100/SI/f0.grd
DSAA
101	101
32.816463539100	34.260883539100
35.556306596100	36.727886596100
8.770182000000e+06	1.592029511680e+11
[rows 38 to 56 of 101, columns 43 to 85 of 101]
3.185522944000e+09 3.159027200000e+09 3.421439744000e+09 1.987468032000e+09 3.403852288000e+09 1.667005312000e+09 1.704292224000e+09 2.304840704000e+09 1.964856576000e+09 1.573355904000e+09 2.316668928000e+09 1.212526592000e+09 1.447120000000e+09 1.138131200000e+09 1.752224768000e+09 1.283385216000e+09 1.371422464000e+09 7.849613440000e+08 1.068141952000e+09 1.616255104000e+09 1.643137280000e+09 1.257441920000e+09 8.670378880000e+08 6.871340800000e+08 5.926081920000e+08 5.354326720000e+08 5.037997440000e+08 5.161610880000e+08 4.594377280000e+08 3.451591680000e+08 3.404401920000e+08 4.031429440000e+08 4.608850560000e+08 4.740340160000e+08 4.807038720000e+08 4.817027840000e+08 4.743824640000e+08 4.383037120000e+08 3.894321920000e+08 3.473292800000e+08 3.135285440000e+08 3.168192320000e+08 2.660640320000e+08
3.202518016000e+09 4.209783552000e+09 2.753107456000e+09 3.834921728000e+09 2.762829056000e+09 3.850887680000e+09 3.296126720000e+09 2.024899200000e+09 2.046101888000e+09 2.067596416000e+09 2.635843072000e+09 1.721922432000e+09 1.098072832000e+09 1.283894016000e+09 2.329708288000e+09 1.379552128000e+09 1.585367936000e+09 2.472468992000e+09 2.212361216000e+09 1.496419200000e+09 1.008605696000e+09 6.846915200000e+08 6.346141440000e+08 5.640416000000e+08 5.683485440000e+08 5.442468480000e+08 4.775792320000e+08 4.169474240000e+08 3.759610240000e+08 3.756972160000e+08 4.122594880000e+08 3.871693760000e+08 3.177379840000e+08 2.720769920000e+08 2.631192960000e+08 2.555976000000e+08 2.613025920000e+08 2.802296320000e+08 3.052474880000e+08 3.359494080000e+08 3.614478080000e+08 4.504800000000e+08 4.658856640000e+08
2.987313408000e+09 2.881945600000e+09 3.704798720000e+09 2.913491712000e+09 3.142886400000e+09 4.071143168000e+09 2.496471552000e+09 2.263608576000e+09 1.610126976000e+09 2.521092096000e+09 2.827462400000e+09 1.549760384000e+09 1.583909120000e+09 1.551318016000e+09 1.887676928000e+09 3.046558720000e+09 2.077149312000e+09 1.073571264000e+09 1.001669248000e+09 6.635667840000e+08 5.065706240000e+08 7.259178880000e+08 9.545696000000e+08 8.574126080000e+08 6.200990080000e+08 5.364578880000e+08 5.251760640000e+08 4.846884480000e+08 4.188547520000e+08 3.894892160000e+08 3.662086080000e+08 3.760871680000e+08 3.599926080000e+08 3.348169920000e+08 3.264102720000e+08 3.431677120000e+08 3.387183360000e+08 3.075720960000e+08 3.972881920000e+08 5.428263040000e+08 4.477624000000e+08 3.291848000000e+08 2.852764160000e+08
3.297010432000e+09 3.045751808000e+09 4.844196352000e+09 4.081963008000e+09 3.862665984000e+09 4.266720256000e+09 4.002832384000e+09 2.204428544000e+09 2.464240128000e+09 2.565327872000e+09 2.758481408000e+09 2.205233152000e+09 2.028958848000e+09 3.461927424000e+09 2.232017152000e+09 1.642708480000e+09 1.406000768000e+09 1.137788416000e+09 8.363570560000e+08 1.322150016000e+09 1.427218048000e+09 7.526125440000e+08 1.195354752000e+09 8.787843200000e+08 7.818442240000e+08 6.817131520000e+08 5.969041920000e+08 5.391166080000e+08 5.021814400000e+08 4.881033920000e+08 9.098119040000e+08 3.859571520000e+08 3.711378880000e+08 3.509606400000e+08 4.600114240000e+08 5.724451200000e+08 5.035964480000e+08 5.776915840000e+08 4.801913280000e+08 5.273508160000e+08 5.328497600000e+08 5.220402880000e+08 4.802830720000e+08
3.150158336000e+09 4.381451264000e+09 3.816028160000e+09 3.763076864000e+09 3.517071360000e+09 4.485731328000e+09 6.952643072000e+09 3.072300032000e+09 3.507471616000e+09 3.548357632000e+09 3.186371840000e+09 3.155241984000e+09 3.701971456000e+09 2.080969856000e+09 2.271318016000e+09 1.948615936000e+09 1.960786816000e+09 2.281923072000e+09 1.798167552000e+09 1.753030912000e+09 1.821584128000e+09 1.220783360000e+09 8.537526400000e+08 7.677038080000e+08 6.648791680000e+08 6.403100800000e+08 7.671154560000e+08 1.323390976000e+09 1.584511360000e+09 1.401803264000e+09 6.903525760000e+08 5.036022720000e+08 4.777128320000e+08 5.418014080000e+08 6.513797120000e+08 6.672731520000e+08 6.079909120000e+08 5.448734080000e+08 3.923611840000e+08 4.888727680000e+08 5.849173120000e+08 5.843191680000e+08 5.627410560000e+08
3.781190144000e+09 5.438820352000e+09 8.994985984000e+09 5.547968000000e+09 8.879398912000e+09 4.650918912000e+09 1.092240998400e+10 3.145463552000e+09 5.968756736000e+09 4.441731584000e+09 3.827788032000e+09 3.804667904000e+09 2.135267840000e+09 2.608565504000e+09 3.243087872000e+09 2.848370944000e+09 1.769914496000e+09 1.220487424000e+09 2.342389248000e+09 2.022135936000e+09 1.080355072000e+09 9.849343360000e+08 9.178104320000e+08 1.668454528000e+09 2.048356864000e+09 1.807218176000e+09 1.202321536000e+09 8.761080960000e+08 9.519603840000e+08 6.062269440000e+08 4.711618240000e+08 7.068455040000e+08 8.796206720000e+08 7.910877440000e+08 7.020033920000e+08 9.440545920000e+08 1.119931264000e+09 1.002085440000e+09 7.191948160000e+08 5.087711040000e+08 6.359552000000e+08 6.988456320000e+08 7.378888320000e+08
4.625165824000e+09 5.862073344000e+09 6.871398400000e+09 9.139296256000e+09 7.661961216000e+09 7.811873792000e+09 1.285640601600e+10 5.125513216000e+09 5.983615488000e+09 4.733844992000e+09 4.710370816000e+09 2.755631360000e+09 2.924991744000e+09 3.657500928000e+09 2.868074496000e+09 2.048991488000e+09 2.990499072000e+09 2.793824512000e+09 2.159056640000e+09 2.732230912000e+09 2.764214784000e+09 2.394307840000e+09 1.710510976000e+09 9.491897600000e+08 1.042127936000e+09 9.394644480000e+08 7.506836480000e+08 7.739299840000e+08 8.184051840000e+08 8.800872960000e+08 8.577216640000e+08 7.331028480000e+08 7.055980800000e+08 5.938359680000e+08 1.078208512000e+09 1.318864640000e+09 1.237565184000e+09 9.128152960000e+08 5.542767360000e+08 3.356303040000e+08 4.727989440000e+08 5.439964800000e+08 5.016495040000e+08
4.405500416000e+09 6.459365376000e+09 7.686737920000e+09 7.342432256000e+09 1.091324416000e+10 8.219374080000e+09 1.315014041600e+10 7.237502976000e+09 6.238791168000e+09 6.911627264000e+09 5.267572224000e+09 3.412192512000e+09 3.450131200000e+09 3.693446144000e+09 2.198144768000e+09 3.124367360000e+09 4.021547008000e+09 2.801342464000e+09 1.643232512000e+09 1.655786240000e+09 1.778311552000e+09 1.126053376000e+09 1.084512512000e+09 1.184634112000e+09 1.185826816000e+09 1.048644928000e+09 9.109998080000e+08 8.840149120000e+08 8.309288960000e+08 8.257109120000e+08 7.775127040000e+08 7.105902080000e+08 4.940572480000e+08 9.009955840000e+08 1.076377728000e+09 1.021258560000e+09 7.146253440000e+08 3.842371840000e+08 5.305256640000e+08 4.994489280000e+08 3.736449280000e+08 3.457349760000e+08 3.736528320000e+08
6.563598336000e+09 9.119836160000e+09 9.322338304000e+09 1.020835532800e+10 1.112229990400e+10 1.402344550400e+10 1.323600281600e+10 2.543468953600e+10 9.431237632000e+09 6.481160192000e+09 5.644346880000e+09 5.019865088000e+09 4.179326208000e+09 6.421775872000e+09 5.574589440000e+09 3.282130432000e+09 3.005281536000e+09 3.114732800000e+09 2.275059200000e+09 2.021417216000e+09 2.001880704000e+09 1.903380608000e+09 2.031316608000e+09 1.512295040000e+09 1.969610112000e+09 1.742487168000e+09 1.084291072000e+09 1.186032768000e+09 1.192594176000e+09 9.402990720000e+08 8.024670080000e+08 7.778534400000e+08 8.023782400000e+08 9.255120000000e+08 8.611177600000e+08 6.618315520000e+08 5.075138560000e+08 4.608599040000e+08 4.491618560000e+08 4.443101440000e+08 4.343516160000e+08 4.184854400000e+08 4.016131840000e+08
4.188057344000e+09 1.199835648000e+10 8.398756864000e+09 1.030929510400e+10 1.645392179200e+10 1.310943846400e+10 1.548253696000e+10 1.874540748800e+10 9.245227008000e+09 8.750839808000e+09 1.117010124800e+10 7.057381376000e+09 8.746850304000e+09 6.771530240000e+09 5.651497472000e+09 4.917616128000e+09 4.173545472000e+09 3.607352064000e+09 3.182075136000e+09 4.499518976000e+09 5.252730880000e+09 2.180935936000e+09 1.387263744000e+09 1.418210688000e+09 1.998501504000e+09 1.274504448000e+09 1.102651008000e+09 1.434102272000e+09 9.680969600000e+08 9.208348160000e+08 8.840379520000e+08 9.139406720000e+08 9.679167360000e+08 8.283015040000e+08 6.346851840000e+08 5.982807680000e+08 5.665381120000e+08 4.622522880000e+08 4.571148160000e+08 4.445224960000e+08 4.102892160000e+08 4.204073600000e+08 4.413928000000e+08
1.105859891200e+10 1.314503577600e+10 1.491271065600e+10 1.575382425600e+10 1.845056102400e+10 2.535511040000e+10 3.377766604800e+10 1.913681100800e+10 1.244174233600e+10 8.853921792000e+09 1.254952140800e+10 1.248709017600e+10 4.659190784000e+09 7.480696832000e+09 8.213973504000e+09 4.078887424000e+09 3.752443648000e+09 3.963527680000e+09 4.355835392000e+09 5.105577472000e+09 3.918123520000e+09 1.723422976000e+09 1.892541824000e+09 1.564690304000e+09 1.441316736000e+09 1.247282432000e+09 1.212387200000e+09 1.203500928000e+09 1.000806464000e+09 6.953331200000e+08 6.312134400000e+08 6.907977600000e+08 7.331018880000e+08 7.530613760000e+08 7.382677760000e+08 7.066955520000e+08 6.299182720000e+08 6.455263360000e+08 7.194667520000e+08 7.365102720000e+08 6.592234240000e+08 5.720085760000e+08 4.992298880000e+08
7.377512960000e+09 1.318180352000e+10 1.363725516800e+10 1.732468531200e+10 1.743895552000e+10 1.729123942400e+10 1.684448563200e+10 3.210634854400e+10 2.269841203200e+10 3.514301644800e+10 1.047651123200e+10 1.099862732800e+10 1.340893081600e+10 5.676996608000e+09 5.030773248000e+09 3.124052480000e+09 2.841005824000e+09 1.996867456000e+09 1.842897024000e+09 1.565248000000e+09 1.352508416000e+09 1.530703360000e+09 1.884859904000e+09 2.166778112000e+09 2.215505920000e+09 1.939651584000e+09 1.527984256000e+09 1.055278272000e+09 7.886298880000e+08 8.578231040000e+08 9.140003200000e+08 9.574794240000e+08 1.020143808000e+09 1.050765888000e+09 1.010780736000e+09 8.713907200000e+08 6.690504320000e+08 5.989124480000e+08 7.074594560000e+08 7.494502400000e+08 8.500647040000e+08 1.067299136000e+09 1.211799168000e+09
1.717023846400e+10 3.993812224000e+09 6.316966400000e+09 3.000798412800e+10 1.634865356800e+10 1.556932608000e+10 5.148552396800e+10 8.810312499200e+10 8.122616217600e+10 1.592029511680e+11 1.235828428800e+10 1.758229708800e+10 2.532812185600e+10 1.848279449600e+10 1.197837414400e+10 5.493749248000e+09 2.572062208000e+09 1.107841126400e+10 1.530035916800e+10 2.262771712000e+09 2.949561088000e+09 2.729963264000e+09 2.012056832000e+09 1.291078656000e+09 1.430420224000e+09 1.349163392000e+09 1.911356928000e+09 2.837038080000e+09 1.311353856000e+09 7.035445120000e+08 6.550279680000e+08 1.081513984000e+09 8.008397440000e+08 9.576492800000e+08 1.102456320000e+09 1.206511744000e+09 1.174251008000e+09 1.041726976000e+09 8.350668800000e+08 6.149706240000e+08 6.024739200000e+08 5.520449920000e+08 4.795196160000e+08
5.347689984000e+09 1.218017894400e+10 3.050368512000e+09 4.162643200000e+09 3.920635494400e+10 3.715672473600e+10 3.228148940800e+10 4.488296857600e+10 4.270802124800e+10 6.950171443200e+10 9.391339110400e+10 1.643846348800e+10 2.249755238400e+10 1.270922444800e+10 9.108052992000e+09 5.140292608000e+09 2.340803328000e+09 1.236158464000e+10 2.125209088000e+09 2.866044416000e+09 9.100042240000e+09 3.782198016000e+09 3.235926528000e+09 2.489917696000e+09 2.532858880000e+09 2.171206912000e+09 2.323253504000e+09 1.623749632000e+09 8.247921920000e+08 1.094210048000e+09 9.217146240000e+08 9.146670720000e+08 5.841488640000e+08 5.477255680000e+08 6.312560640000e+08 7.131920000000e+08 7.523043840000e+08 7.644162560000e+08 8.046620800000e+08 7.904823680000e+08 7.382553600000e+08 7.369363840000e+08 6.908112000000e+08
3.501075968000e+09 6.619274240000e+09 1.380185804800e+10 1.113235046400e+10 1.015679488000e+10 8.368590848000e+09 1.264397926400e+10 2.089364889600e+10 1.530838425600e+10 2.324185292800e+10 5.284078796800e+10 1.253005312000e+11 2.584830976000e+10 1.141549977600e+10 5.308001792000e+09 1.551014912000e+09 3.219412736000e+09 5.947473920000e+09 7.550192000000e+08 1.943939072000e+09 4.453441536000e+09 7.743323136000e+09 3.871212032000e+09 2.943625728000e+09 2.321662208000e+09 1.741573504000e+09 1.851234432000e+09 1.713074688000e+09 1.501202048000e+09 1.365869696000e+09 1.661332224000e+09 7.190814720000e+08 6.616918400000e+08 5.340243200000e+08 5.476932480000e+08 6.403507200000e+08 7.768042880000e+08 7.662539520000e+08 7.068348160000e+08 6.313418880000e+08 7.536691200000e+08 8.209506560000e+08 8.451630080000e+08
2.382056448000e+09 9.942832128000e+09 2.295782195200e+10 1.639806771200e+10 4.331624448000e+09 5.076691968000e+09 4.850640896000e+09 8.780410880000e+09 1.320719360000e+09 1.578562560000e+10 3.072853401600e+10 7.779480371200e+10 1.870047641600e+10 1.297261670400e+10 1.749078425600e+10 4.240398592000e+09 4.066401024000e+09 1.520082048000e+09 5.199763200000e+08 1.783822848000e+09 5.105151488000e+09 8.197999616000e+09 6.238964224000e+09 4.245354240000e+09 2.953192192000e+09 1.862474496000e+09 2.110431360000e+09 1.557097088000e+09 1.520265984000e+09 1.512167424000e+09 1.245868928000e+09 9.928851200000e+08 6.991117440000e+08 7.548408960000e+08 8.763745920000e+08 6.501135360000e+08 6.037212160000e+08 6.802183680000e+08 6.183100160000e+08 5.147677760000e+08 5.323392960000e+08 5.852414720000e+08 6.589390720000e+08
2.118067328000e+09 5.148050944000e+09 3.398971801600e+10 4.190720409600e+10 2.234906624000e+10 3.415048960000e+09 2.625906432000e+09 4.868380160000e+09 4.854853632000e+09 4.011074304000e+09 3.413325568000e+09 1.337067929600e+10 6.156619776000e+10 5.039084339200e+10 5.430759424000e+10 6.963794944000e+09 1.391875379200e+10 5.087157760000e+09 4.605229568000e+09 1.480717004800e+10 4.356388352000e+09 2.609415782400e+10 8.233182208000e+09 3.530046720000e+09 3.563625984000e+09 1.886877312000e+09 2.014879360000e+09 1.642092672000e+09 2.424718592000e+09 1.859299712000e+09 1.066384448000e+09 1.070159680000e+09 1.392214400000e+09 1.668414976000e+09 1.128431872000e+09 7.360111360000e+08 7.415336960000e+08 8.198549760000e+08 5.297427520000e+08 4.800732160000e+08 4.465878400000e+08 4.319838720000e+08 4.511884800000e+08
2.132568448000e+09 2.604976384000e+09 2.895319552000e+09 1.650817024000e+10 1.031352627200e+10 2.423998720000e+09 2.065127936000e+09 2.405484800000e+09 2.250844672000e+09 2.173415168000e+09 1.575487232000e+09 1.759503104000e+09 5.252157440000e+09 3.174864076800e+10 9.319007027200e+10 2.282469171200e+10 1.903698739200e+10 8.789071872000e+09 5.367350784000e+09 1.043173478400e+10 4.811816960000e+09 1.718562688000e+09 1.582111616000e+09 1.200759680000e+09 1.747066752000e+09 2.907967232000e+09 2.467239168000e+09 2.456605952000e+09 1.640263168000e+09 2.121481600000e+09 2.213116160000e+09 1.928386944000e+09 3.104164608000e+09 2.034329856000e+09 9.290373760000e+08 8.108313600000e+08 6.929250560000e+08 7.163590400000e+08 6.967568000000e+08 4.616327360000e+08 5.038752640000e+08 4.413061760000e+08 4.689728960000e+08
1.490370560000e+09 2.319207424000e+09 1.529186048000e+09 1.756506240000e+09 1.793778176000e+09 2.097142912000e+09 1.903490432000e+09 1.775160704000e+09 1.647515776000e+09 1.274053632000e+09 1.013463232000e+09 7.406910720000e+08 1.233153536000e+09 3.349526323200e+10 5.332316979200e+10 5.213870899200e+10 1.557939404800e+10 1.637760204800e+10 1.415511859200e+10 5.913318400000e+09 2.509575680000e+09 1.228457216000e+09 3.346460672000e+09 3.332032768000e+09 4.345361408000e+09 4.370019840000e+09 4.090525440000e+09 3.859720448000e+09 3.651501056000e+09 3.475947776000e+09 3.694035712000e+09 4.522790400000e+09 3.865343488000e+09 1.624132992000e+09 6.414778240000e+08 7.471898240000e+08 8.192667520000e+08 5.662227200000e+08 5.703946880000e+08 4.030100800000e+08 5.016588480000e+08 5.002205120000e+08 3.939604480000e+08
