100/SI/f0.grd
DSAA
101	101
32.816463539100	34.260883539100
35.556306596100	36.727886596100
8.770182000000e+06	1.592029511680e+11
[rows 19 to 37 of 101, columns 0 to 42 of 101]
6.719637600000e+07 1.359898560000e+08 1.728242720000e+08 1.752009600000e+08 1.818637280000e+08 1.955998080000e+08 2.036532480000e+08 1.911757120000e+08 1.433720480000e+08 1.256434400000e+08 1.679150880000e+08 2.001302240000e+08 1.943113600000e+08 2.372610080000e+08 3.297972480000e+08 3.715051840000e+08 2.942991360000e+08 1.900598400000e+08 2.196081920000e+08 1.964215840000e+08 1.994800960000e+08 2.147094720000e+08 2.343378400000e+08 2.226114720000e+08 1.984310400000e+08 1.678333760000e+08 1.736399360000e+08 2.790228480000e+08 3.312326720000e+08 2.523199680000e+08 2.322019200000e+08 2.161005440000e+08 2.861357120000e+08 2.644834080000e+08 3.243946240000e+08 3.105825600000e+08 1.732595040000e+08 1.513852000000e+08 1.619079360000e+08 1.576738560000e+08 2.272487680000e+08 5.514666880000e+08 2.554997120000e+08
5.301092000000e+07 1.103665120000e+08 1.476590400000e+08 1.604634880000e+08 1.795018080000e+08 2.043327040000e+08 2.188470880000e+08 2.259298080000e+08 2.026940320000e+08 1.469582080000e+08 1.464177600000e+08 1.832135840000e+08 1.620164800000e+08 1.899240960000e+08 2.871930560000e+08 3.757851200000e+08 3.679791360000e+08 2.266323680000e+08 2.534943040000e+08 2.035896640000e+08 2.354818880000e+08 2.861046080000e+08 3.085007040000e+08 2.995276480000e+08 2.787741120000e+08 2.156417440000e+08 2.300281760000e+08 2.262051360000e+08 3.484439680000e+08 2.560913920000e+08 2.190563520000e+08 2.058271680000e+08 2.532716640000e+08 3.003073280000e+08 2.846467520000e+08 3.713484800000e+08 2.197656640000e+08 1.732865760000e+08 1.771188160000e+08 1.837425920000e+08 2.813855040000e+08 4.670277440000e+08 3.816513280000e+08
4.251438000000e+07 8.123016000000e+07 1.125243360000e+08 1.283039280000e+08 1.659892160000e+08 2.034629760000e+08 2.307984000000e+08 2.409294560000e+08 2.390175840000e+08 2.085828960000e+08 1.955501920000e+08 2.573251520000e+08 3.081642880000e+08 2.820062080000e+08 2.355255040000e+08 3.463268160000e+08 4.067643520000e+08 3.185249920000e+08 3.694135680000e+08 2.889354560000e+08 2.190827040000e+08 3.480495680000e+08 3.691508480000e+08 4.030524480000e+08 3.289488000000e+08 2.912673600000e+08 2.874409280000e+08 1.856587200000e+08 3.282172800000e+08 2.361391840000e+08 1.815445760000e+08 1.883452320000e+08 2.222894400000e+08 2.954794240000e+08 2.883363840000e+08 3.847715200000e+08 3.307632960000e+08 1.839798080000e+08 1.913556800000e+08 2.080150400000e+08 3.280037440000e+08 3.346203840000e+08 5.070873280000e+08
5.243646400000e+07 9.412104800000e+07 9.049421600000e+07 9.588974400000e+07 1.444559040000e+08 1.930501920000e+08 2.349028160000e+08 2.554274880000e+08 2.595215520000e+08 3.001129920000e+08 3.814651840000e+08 4.778023360000e+08 5.365117440000e+08 4.665365440000e+08 2.946740480000e+08 2.969877760000e+08 4.044813760000e+08 3.936750400000e+08 4.359181760000e+08 3.560530560000e+08 2.828767040000e+08 3.780628800000e+08 4.026133760000e+08 4.528440960000e+08 3.272019840000e+08 3.316853440000e+08 3.414537600000e+08 2.139282400000e+08 2.682926400000e+08 1.957719040000e+08 1.766974880000e+08 1.748314720000e+08 2.305424160000e+08 2.560440480000e+08 3.324888320000e+08 3.439259520000e+08 4.301208000000e+08 2.039792480000e+08 2.057474080000e+08 2.282083360000e+08 3.654586880000e+08 3.164592640000e+08 5.891721600000e+08
5.099671600000e+07 1.051653360000e+08 1.205857920000e+08 1.092057520000e+08 1.397783520000e+08 1.900884480000e+08 2.288495520000e+08 2.662585280000e+08 2.797263360000e+08 2.822378240000e+08 3.403302080000e+08 3.878326720000e+08 3.972291200000e+08 3.405825920000e+08 2.507229440000e+08 2.450028640000e+08 3.642693760000e+08 4.258280640000e+08 4.404257920000e+08 2.756762880000e+08 2.667633600000e+08 3.814626880000e+08 4.023557120000e+08 4.345308800000e+08 3.464449920000e+08 3.306215360000e+08 3.849701120000e+08 3.289165760000e+08 3.320927680000e+08 2.832838720000e+08 2.451139520000e+08 3.570720000000e+08 3.336722880000e+08 2.503607200000e+08 3.319392640000e+08 3.079008640000e+08 4.714985280000e+08 3.258507200000e+08 2.248722880000e+08 2.407204640000e+08 3.863638400000e+08 3.207893760000e+08 6.020081280000e+08
9.988251200000e+07 1.719360000000e+08 1.308923600000e+08 1.404841280000e+08 1.270859600000e+08 1.656150080000e+08 2.020360160000e+08 2.597604480000e+08 2.906374720000e+08 3.046282560000e+08 3.078658880000e+08 2.968689280000e+08 2.557642880000e+08 2.258049280000e+08 2.287112480000e+08 2.050500000000e+08 3.077570880000e+08 4.056097600000e+08 4.339348160000e+08 2.517514560000e+08 2.332693760000e+08 3.534848320000e+08 3.820118720000e+08 3.705828800000e+08 3.323130240000e+08 3.025488640000e+08 4.145142720000e+08 3.631957440000e+08 3.028279680000e+08 2.930116800000e+08 2.882683840000e+08 4.623319680000e+08 6.876525440000e+08 6.539807360000e+08 5.911949440000e+08 5.636962560000e+08 5.852044160000e+08 4.620105600000e+08 3.044727680000e+08 2.526691680000e+08 3.950645120000e+08 3.098087680000e+08 5.330376000000e+08
1.853524800000e+08 3.923373120000e+08 4.029286720000e+08 3.517217920000e+08 2.189625760000e+08 1.282423920000e+08 1.540277920000e+08 2.290756480000e+08 2.846676480000e+08 3.227118400000e+08 3.357527040000e+08 3.364744640000e+08 3.238146880000e+08 2.666091840000e+08 2.213270240000e+08 2.303929280000e+08 2.530880800000e+08 3.698394240000e+08 3.688939840000e+08 3.304532160000e+08 2.326324960000e+08 2.888902720000e+08 3.306632320000e+08 3.071340480000e+08 3.441102080000e+08 3.318283200000e+08 4.301339840000e+08 4.572361920000e+08 4.861837760000e+08 4.353036800000e+08 3.284796480000e+08 2.763936960000e+08 5.591198080000e+08 6.107854720000e+08 6.724799360000e+08 8.119489280000e+08 1.012881536000e+09 6.173635200000e+08 4.494098560000e+08 3.817239680000e+08 3.877640960000e+08 2.889352640000e+08 3.991776640000e+08
1.971305280000e+08 4.252671680000e+08 4.910029440000e+08 5.786822400000e+08 6.312144000000e+08 5.456063360000e+08 3.051199360000e+08 1.774499520000e+08 2.515549440000e+08 3.146446720000e+08 3.547316480000e+08 3.719247040000e+08 3.711088320000e+08 3.466107520000e+08 3.663035200000e+08 3.625872640000e+08 3.562159040000e+08 3.459302080000e+08 3.421048640000e+08 3.729572800000e+08 3.222872000000e+08 3.220428160000e+08 3.121512960000e+08 3.964502080000e+08 4.772037760000e+08 4.127209600000e+08 4.708016000000e+08 6.044341120000e+08 6.113914240000e+08 5.431684480000e+08 4.055992000000e+08 3.004635200000e+08 3.451708160000e+08 6.150152320000e+08 8.936083200000e+08 7.242908160000e+08 6.888657280000e+08 5.219280320000e+08 5.485226880000e+08 5.583264000000e+08 4.539345280000e+08 2.888590080000e+08 3.552924800000e+08
1.262113600000e+08 2.788036160000e+08 3.246778560000e+08 3.989964160000e+08 5.186093760000e+08 6.794140160000e+08 7.644980480000e+08 5.929432320000e+08 3.087272000000e+08 2.965384640000e+08 3.500997120000e+08 3.949270400000e+08 4.008407040000e+08 4.130828160000e+08 3.912314240000e+08 3.901283520000e+08 3.854740480000e+08 3.737534080000e+08 3.914027840000e+08 3.947030720000e+08 4.053701760000e+08 4.400226880000e+08 4.160296000000e+08 3.831711040000e+08 3.772943360000e+08 4.864502400000e+08 4.659562240000e+08 5.802983680000e+08 6.384327680000e+08 5.730445440000e+08 4.281994560000e+08 4.634244480000e+08 6.235901440000e+08 9.541900160000e+08 1.117529728000e+09 7.455887360000e+08 4.851549440000e+08 4.117582400000e+08 5.984436480000e+08 6.314331520000e+08 6.884124160000e+08 4.671355200000e+08 7.478664960000e+08
1.574044160000e+08 2.759759360000e+08 2.582355680000e+08 2.022439680000e+08 2.266108480000e+08 3.387327040000e+08 5.273200960000e+08 7.113765760000e+08 7.071924480000e+08 4.850541440000e+08 3.775202240000e+08 3.971870400000e+08 4.237714560000e+08 4.361016960000e+08 4.285642560000e+08 3.911725440000e+08 3.485798080000e+08 3.736463360000e+08 3.830595200000e+08 3.969824640000e+08 4.204834880000e+08 4.056584640000e+08 3.900988160000e+08 3.855811200000e+08 3.818202240000e+08 3.739628800000e+08 4.009682240000e+08 4.487693760000e+08 5.413708160000e+08 5.630398720000e+08 4.411982720000e+08 5.388188160000e+08 6.778186240000e+08 8.854798720000e+08 8.477178240000e+08 4.878611200000e+08 4.696437440000e+08 5.451663360000e+08 5.880860160000e+08 5.273055680000e+08 7.723953920000e+08 7.837785600000e+08 1.072860032000e+09
1.846584000000e+08 3.321865280000e+08 3.345402560000e+08 2.984168000000e+08 2.471567200000e+08 1.846047520000e+08 2.038127680000e+08 3.725698560000e+08 5.938222720000e+08 6.873514880000e+08 5.582208640000e+08 3.776750080000e+08 4.270992640000e+08 4.704606400000e+08 4.772514880000e+08 4.657568960000e+08 4.191492480000e+08 3.658714560000e+08 3.441044160000e+08 3.432793920000e+08 3.181155200000e+08 3.612354560000e+08 4.306848000000e+08 2.980403520000e+08 4.510336960000e+08 3.884791040000e+08 4.551012800000e+08 5.017776960000e+08 4.094481920000e+08 4.528813440000e+08 5.073494080000e+08 5.453581440000e+08 4.899264960000e+08 5.866116480000e+08 5.232901760000e+08 3.658448640000e+08 4.744557760000e+08 6.594615040000e+08 7.891450880000e+08 7.474801920000e+08 6.270942080000e+08 9.707426560000e+08 1.203146880000e+09
1.968475680000e+08 3.656934400000e+08 3.864545920000e+08 3.668281280000e+08 3.344232000000e+08 2.894464000000e+08 2.822688000000e+08 3.419838400000e+08 3.766123200000e+08 5.202510080000e+08 6.667184000000e+08 6.027633920000e+08 3.950697280000e+08 4.820097920000e+08 5.214573120000e+08 5.202538240000e+08 4.964436480000e+08 3.649756800000e+08 3.353180480000e+08 3.252416640000e+08 2.834613440000e+08 3.256381120000e+08 4.858425920000e+08 4.100668480000e+08 6.110344960000e+08 8.218940160000e+08 9.874668800000e+08 8.047249280000e+08 5.461257600000e+08 4.916721600000e+08 6.250642560000e+08 4.267810560000e+08 3.309602240000e+08 7.129238400000e+08 3.633016000000e+08 4.181243840000e+08 3.933219200000e+08 5.555130880000e+08 8.071407360000e+08 8.681601920000e+08 7.470874880000e+08 8.757046400000e+08 1.152641152000e+09
1.798586560000e+08 3.528588800000e+08 4.060432000000e+08 4.135139520000e+08 4.023010240000e+08 3.739799360000e+08 3.457754560000e+08 3.621228480000e+08 3.586068480000e+08 3.377738880000e+08 4.665008640000e+08 6.612885120000e+08 6.435449600000e+08 4.455469440000e+08 5.393144960000e+08 5.758098560000e+08 5.650988800000e+08 4.314502080000e+08 3.392142080000e+08 3.528443200000e+08 3.615376960000e+08 3.020407680000e+08 5.347842880000e+08 5.069293760000e+08 8.593720320000e+08 1.265356160000e+09 1.485552768000e+09 1.421534336000e+09 9.273357440000e+08 7.043678080000e+08 6.732067200000e+08 5.481296000000e+08 5.181148480000e+08 8.708773760000e+08 4.478742080000e+08 8.623584640000e+08 6.232708480000e+08 5.282573120000e+08 1.060644160000e+09 9.491776000000e+08 9.091356800000e+08 7.675543040000e+08 1.191663104000e+09
1.459667200000e+08 2.972671360000e+08 3.635090560000e+08 4.129362240000e+08 4.349022080000e+08 4.322903040000e+08 4.116261760000e+08 4.142544320000e+08 5.522928000000e+08 5.705199360000e+08 4.414220800000e+08 4.020104000000e+08 6.420197120000e+08 6.746742400000e+08 5.095284160000e+08 6.098551040000e+08 6.394941440000e+08 4.916012160000e+08 3.017060480000e+08 4.834136640000e+08 4.368612800000e+08 4.399101440000e+08 7.327043200000e+08 5.051130880000e+08 8.775741440000e+08 1.251636480000e+09 1.703658496000e+09 1.996372992000e+09 1.667399808000e+09 8.464599680000e+08 8.382912000000e+08 7.834497920000e+08 7.506615040000e+08 1.030224640000e+09 5.716508800000e+08 1.155629824000e+09 9.564083840000e+08 6.307813760000e+08 9.925223040000e+08 1.648141824000e+09 1.797507584000e+09 9.121212160000e+08 9.788435200000e+08
1.986073760000e+08 3.734901760000e+08 3.462359680000e+08 3.568385920000e+08 3.981400000000e+08 4.406129920000e+08 4.548447360000e+08 4.465707840000e+08 6.374001280000e+08 8.321737600000e+08 9.084204160000e+08 7.653922560000e+08 4.759696960000e+08 5.936278400000e+08 6.868823680000e+08 5.804646400000e+08 6.816129920000e+08 5.590017920000e+08 2.985116800000e+08 4.626733440000e+08 4.901260160000e+08 4.553163840000e+08 8.560122240000e+08 6.946857600000e+08 7.267388160000e+08 1.080448000000e+09 1.672798848000e+09 2.335927808000e+09 2.207618304000e+09 1.346598144000e+09 1.019803840000e+09 1.289990400000e+09 1.391693824000e+09 1.292035584000e+09 1.076846976000e+09 1.246993024000e+09 1.186617856000e+09 9.147144960000e+08 1.077951744000e+09 1.868266496000e+09 2.573514752000e+09 2.101209856000e+09 1.068826432000e+09
2.041271040000e+08 4.241048640000e+08 4.231492800000e+08 4.099898240000e+08 4.002021120000e+08 4.313567040000e+08 4.368052800000e+08 4.683175360000e+08 5.832821760000e+08 8.219704320000e+08 1.057714368000e+09 1.189446912000e+09 1.112728064000e+09 9.082961280000e+08 9.270842240000e+08 6.800693120000e+08 6.490496640000e+08 6.171962880000e+08 5.741131520000e+08 5.255115200000e+08 4.733791680000e+08 4.197237120000e+08 9.339646720000e+08 7.973456000000e+08 7.644063360000e+08 8.173449600000e+08 1.204248704000e+09 1.905118976000e+09 2.418925824000e+09 1.676489984000e+09 8.639299200000e+08 1.075877248000e+09 1.178459648000e+09 1.571007616000e+09 1.753866112000e+09 1.637298176000e+09 1.190198528000e+09 9.924554880000e+08 7.470874880000e+08 1.327930112000e+09 2.692814080000e+09 3.225594624000e+09 1.233459456000e+09
2.152191200000e+08 3.792590720000e+08 3.700645760000e+08 3.979781440000e+08 4.177120960000e+08 4.033812480000e+08 4.393480000000e+08 5.078531520000e+08 5.441458560000e+08 6.918608640000e+08 9.095249280000e+08 1.126854528000e+09 1.322409344000e+09 1.403340800000e+09 1.232372864000e+09 8.143902720000e+08 6.625959680000e+08 6.385137920000e+08 5.282048320000e+08 5.848888320000e+08 6.187409280000e+08 6.382408960000e+08 9.786576000000e+08 7.825642240000e+08 6.788692480000e+08 6.444744320000e+08 8.113646080000e+08 1.442122752000e+09 2.035709440000e+09 1.494605824000e+09 7.486609920000e+08 9.312849920000e+08 1.097254144000e+09 8.929366400000e+08 9.195267840000e+08 1.501483008000e+09 1.915447552000e+09 1.781256448000e+09 1.116296576000e+09 1.265055104000e+09 2.313376512000e+09 3.835144704000e+09 1.386705408000e+09
2.443779840000e+08 4.545781760000e+08 4.893383680000e+08 4.771861440000e+08 4.429192000000e+08 3.960013440000e+08 3.552553920000e+08 3.553793920000e+08 4.453091840000e+08 5.530353280000e+08 7.077086080000e+08 8.842204160000e+08 1.094010752000e+09 1.334712960000e+09 1.556121216000e+09 1.604575872000e+09 1.323916672000e+09 6.855544320000e+08 6.614214400000e+08 8.705789440000e+08 6.821719680000e+08 5.697701120000e+08 9.810565760000e+08 1.441905280000e+09 5.488243200000e+08 5.937550720000e+08 7.887746560000e+08 9.215068160000e+08 1.299812224000e+09 1.059878208000e+09 5.351035840000e+08 6.370842240000e+08 9.313663360000e+08 1.042427008000e+09 8.233354240000e+08 8.695947520000e+08 8.783259520000e+08 1.482128896000e+09 2.102874240000e+09 1.711353600000e+09 1.551248768000e+09 3.608960768000e+09 2.799151360000e+09
2.241669120000e+08 4.590633280000e+08 5.241945600000e+08 5.345228480000e+08 5.271566080000e+08 5.190437120000e+08 5.038360960000e+08 4.722240320000e+08 4.281289600000e+08 4.161564160000e+08 5.276311040000e+08 6.587532160000e+08 8.124912000000e+08 9.982204160000e+08 1.250406784000e+09 1.564453376000e+09 1.854062720000e+09 1.650659584000e+09 1.014559296000e+09 1.228299136000e+09 1.187243776000e+09 9.764082560000e+08 8.664662400000e+08 1.641710720000e+09 1.434786304000e+09 8.535034880000e+08 8.316604160000e+08 7.733439360000e+08 8.048904320000e+08 1.045974976000e+09 9.797129600000e+08 7.069134080000e+08 6.873934080000e+08 8.608513280000e+08 9.481565440000e+08 7.742355200000e+08 7.828767360000e+08 1.008958400000e+09 1.496380160000e+09 1.731135744000e+09 2.072949376000e+09 2.784544512000e+09 3.939430656000e+09
