100/SI/f0.grd
DSAA
101	101
32.816463539100	34.260883539100
35.556306596100	36.727886596100
8.770182000000e+06	1.592029511680e+11
[rows 38 to 56 of 101, columns 0 to 42 of 101]
2.119702880000e+08 3.888943680000e+08 4.821705280000e+08 5.866498560000e+08 6.539330560000e+08 6.824992000000e+08 6.813445120000e+08 6.547675520000e+08 6.227502720000e+08 5.952423040000e+08 5.558677760000e+08 4.899820160000e+08 5.685130240000e+08 6.929936640000e+08 8.634784000000e+08 1.107972864000e+09 1.469655424000e+09 1.731540864000e+09 1.298982016000e+09 1.154222080000e+09 1.408598784000e+09 1.453738112000e+09 1.122035584000e+09 9.037131520000e+08 1.075866880000e+09 1.400573440000e+09 1.352644480000e+09 9.698953600000e+08 7.097793920000e+08 7.870802560000e+08 8.241612800000e+08 1.004542784000e+09 1.372878592000e+09 1.363050624000e+09 1.279719424000e+09 8.776581760000e+08 1.058610688000e+09 1.189336704000e+09 1.174826368000e+09 1.793035904000e+09 1.939268480000e+09 2.872689408000e+09 2.933822208000e+09
2.338165120000e+08 4.300770880000e+08 4.620581440000e+08 4.601842240000e+08 4.537000320000e+08 5.164396800000e+08 6.019470080000e+08 6.337373440000e+08 6.257228160000e+08 5.983730560000e+08 5.800821120000e+08 5.614550400000e+08 5.325687360000e+08 4.717318720000e+08 4.924255680000e+08 6.073210880000e+08 7.933219840000e+08 1.019830656000e+09 1.039952320000e+09 1.180966400000e+09 1.354564608000e+09 1.211549952000e+09 1.444635520000e+09 1.681092224000e+09 1.714105088000e+09 1.058316736000e+09 8.658441600000e+08 1.633816704000e+09 2.191613696000e+09 2.224299264000e+09 1.745611264000e+09 8.593619200000e+08 9.915937920000e+08 1.189198464000e+09 1.650417664000e+09 1.475704448000e+09 9.748313600000e+08 1.179976960000e+09 1.448001280000e+09 1.645193344000e+09 2.199327232000e+09 2.614774528000e+09 3.078852864000e+09
2.427962240000e+08 4.495994240000e+08 4.909517440000e+08 4.897646720000e+08 4.892636160000e+08 4.864694720000e+08 4.801565120000e+08 5.800167680000e+08 6.280763520000e+08 6.251199360000e+08 4.822896320000e+08 4.645338880000e+08 4.972044160000e+08 5.002078080000e+08 4.696180480000e+08 4.044264320000e+08 4.837408000000e+08 7.954777600000e+08 8.292373760000e+08 1.521424512000e+09 1.809730432000e+09 1.579022720000e+09 1.427516032000e+09 1.634488832000e+09 1.719804160000e+09 1.152156544000e+09 6.438423040000e+08 5.591082240000e+08 7.413924480000e+08 1.202175872000e+09 1.466344320000e+09 2.320277248000e+09 2.750818304000e+09 2.298202368000e+09 1.194493440000e+09 1.594341632000e+09 2.027908992000e+09 1.683524992000e+09 1.774122880000e+09 1.768155520000e+09 1.602600320000e+09 2.204053760000e+09 3.285920768000e+09
2.298285760000e+08 4.281492800000e+08 4.745112320000e+08 4.810502080000e+08 4.829477120000e+08 4.823801920000e+08 4.869809280000e+08 4.912353920000e+08 4.877576000000e+08 4.948008960000e+08 5.323152320000e+08 4.601044480000e+08 3.924719680000e+08 4.001831360000e+08 4.557911680000e+08 4.903653120000e+08 5.073019200000e+08 7.303061760000e+08 1.022689984000e+09 1.647705984000e+09 2.626515456000e+09 3.551278080000e+09 3.231393536000e+09 2.508222720000e+09 1.700726912000e+09 1.184671488000e+09 1.320265600000e+09 1.280480256000e+09 1.330632064000e+09 1.451972608000e+09 1.605115648000e+09 1.663072256000e+09 2.394415360000e+09 2.704823552000e+09 1.931769984000e+09 2.439841024000e+09 2.709075200000e+09 2.302089984000e+09 2.592269824000e+09 2.128264704000e+09 1.485978624000e+09 2.591746560000e+09 2.121021696000e+09
2.023430400000e+08 3.673967040000e+08 4.198417920000e+08 4.374872000000e+08 4.493431360000e+08 5.068690240000e+08 5.028783040000e+08 4.636101760000e+08 5.095910720000e+08 4.714079680000e+08 4.728504640000e+08 5.632584960000e+08 5.831410560000e+08 4.438868480000e+08 4.161523200000e+08 3.832637760000e+08 4.017813120000e+08 6.047360000000e+08 7.868013440000e+08 1.037821888000e+09 1.745076352000e+09 2.928354048000e+09 3.721641216000e+09 3.842004480000e+09 3.170867456000e+09 1.913947008000e+09 1.022803264000e+09 1.544040960000e+09 2.075027584000e+09 1.899343616000e+09 1.795272832000e+09 1.335172480000e+09 1.505552384000e+09 2.508480768000e+09 2.390421504000e+09 3.011295744000e+09 1.989965568000e+09 2.816819200000e+09 2.472925696000e+09 3.561303040000e+09 3.682779392000e+09 2.921276160000e+09 3.277357568000e+09
3.958160000000e+08 7.675312640000e+08 5.733857920000e+08 4.767366080000e+08 4.663499200000e+08 4.193958720000e+08 4.343847040000e+08 5.280421440000e+08 5.216566400000e+08 4.410354240000e+08 5.148010880000e+08 4.503827200000e+08 4.540558720000e+08 6.311176960000e+08 5.462593920000e+08 4.768979520000e+08 5.865429120000e+08 1.237672960000e+09 1.466886016000e+09 9.093373440000e+08 8.911040640000e+08 8.283134720000e+08 1.213324800000e+09 1.547692416000e+09 1.560297728000e+09 1.322550016000e+09 9.633666560000e+08 6.034629120000e+08 7.704561920000e+08 8.763067520000e+08 9.361614080000e+08 1.046827520000e+09 1.426231040000e+09 2.255625472000e+09 2.497988608000e+09 2.057396352000e+09 2.035582336000e+09 2.372084736000e+09 1.767694080000e+09 3.286866176000e+09 3.355103488000e+09 3.666785280000e+09 4.487947264000e+09
6.127850240000e+08 3.090841600000e+09 1.242503552000e+09 2.474201344000e+09 6.562882560000e+08 5.279431680000e+08 7.273079680000e+08 6.377297280000e+08 6.606320640000e+08 5.159858240000e+08 4.213819520000e+08 4.858736960000e+08 4.474218560000e+08 4.574615360000e+08 5.350871680000e+08 6.439438720000e+08 7.742860800000e+08 7.366180480000e+08 1.772846976000e+09 1.140747648000e+09 8.119665280000e+08 9.623117440000e+08 9.591965440000e+08 8.482112000000e+08 1.166155520000e+09 7.181006720000e+08 6.804602880000e+08 8.812040320000e+08 1.347328000000e+09 1.493106176000e+09 1.407257728000e+09 1.217198208000e+09 1.444358656000e+09 1.695840512000e+09 2.157840640000e+09 2.889842176000e+09 3.220690688000e+09 2.383697408000e+09 2.447241728000e+09 2.728914432000e+09 2.589033472000e+09 3.758066688000e+09 3.812715776000e+09
7.973615360000e+08 5.294598720000e+08 6.139737600000e+08 7.206874240000e+08 7.317445760000e+08 8.102243840000e+08 8.535701120000e+08 7.338928640000e+08 6.557425280000e+08 6.244526720000e+08 6.020785280000e+08 5.563465600000e+08 5.057544640000e+08 4.828085120000e+08 5.220878720000e+08 4.723743680000e+08 5.688972800000e+08 8.552362240000e+08 6.795841536000e+09 8.511495680000e+09 1.198216704000e+09 1.260217216000e+09 1.193818368000e+09 9.590714880000e+08 1.139341312000e+09 1.288172288000e+09 1.381434240000e+09 1.440248832000e+09 1.500899328000e+09 1.611254784000e+09 1.632002432000e+09 1.699948160000e+09 1.808163072000e+09 1.505484928000e+09 1.357025920000e+09 1.842731008000e+09 2.332204800000e+09 3.410245888000e+09 4.090576384000e+09 3.780364800000e+09 3.621498624000e+09 3.759575808000e+09 3.130528512000e+09
3.348740864000e+09 7.298963968000e+09 5.602732800000e+08 6.180754560000e+08 7.023911680000e+08 7.166503040000e+08 6.579139840000e+08 5.329869120000e+08 5.093944640000e+08 6.175902720000e+08 7.252480640000e+08 6.876353920000e+08 5.182204800000e+08 3.459254080000e+08 3.773892160000e+08 1.045698752000e+09 1.116151936000e+09 1.240313984000e+09 3.002278144000e+09 3.590110976000e+09 1.850756864000e+09 2.032430976000e+09 1.772938112000e+09 1.212806912000e+09 1.137234176000e+09 1.404547840000e+09 1.452548992000e+09 1.377158016000e+09 1.285909632000e+09 1.509355648000e+09 1.587216128000e+09 2.022754176000e+09 2.589072384000e+09 2.824962560000e+09 2.416483072000e+09 2.042017920000e+09 2.265137920000e+09 2.198188032000e+09 2.566214912000e+09 3.418559232000e+09 4.076454656000e+09 4.075072256000e+09 4.041774592000e+09
1.280260096000e+09 2.014664576000e+09 3.867016960000e+08 3.280145920000e+08 2.588594400000e+08 1.124358016000e+09 2.568136192000e+09 2.094842112000e+09 1.136932224000e+09 3.559790400000e+08 3.710453120000e+08 4.710104960000e+08 4.691883520000e+08 4.040692480000e+08 2.075583104000e+09 3.147117568000e+09 9.796031360000e+08 1.098149888000e+09 1.111896576000e+09 1.659526656000e+09 5.136339456000e+09 1.941947648000e+09 2.318689536000e+09 2.183838976000e+09 1.963454848000e+09 1.844927360000e+09 1.778849280000e+09 1.730373888000e+09 1.792540288000e+09 2.074583424000e+09 2.376135424000e+09 2.691878656000e+09 4.566363136000e+09 2.586644480000e+09 5.802202112000e+09 3.937246208000e+09 3.130167296000e+09 3.391049216000e+09 4.200292096000e+09 4.880367104000e+09 5.167786496000e+09 4.902386176000e+09 4.908089856000e+09
1.174739328000e+09 1.961147008000e+09 3.028606080000e+08 2.668648960000e+08 7.811310080000e+08 3.011070208000e+09 5.857271808000e+09 4.626738176000e+09 1.708003840000e+09 1.528421760000e+08 1.924170080000e+08 2.384789280000e+08 2.278667360000e+08 2.165003520000e+08 2.077794688000e+09 1.859120128000e+09 1.156831104000e+09 1.043819584000e+09 9.425895680000e+08 4.330096960000e+08 1.728083328000e+09 1.437416857600e+10 9.478144000000e+08 1.979132544000e+09 4.806447104000e+09 2.440475392000e+09 1.524702208000e+09 1.378625280000e+09 1.443598720000e+09 1.574989440000e+09 2.733786880000e+09 3.837025280000e+09 2.016206976000e+09 3.048502784000e+09 5.580589568000e+09 9.858078720000e+09 4.028247296000e+09 3.312206080000e+09 2.904836864000e+09 3.198507776000e+09 2.742286848000e+09 5.044690432000e+09 5.988964864000e+09
4.542790400000e+08 7.293040640000e+08 2.333241280000e+08 2.099086400000e+08 1.732727680000e+08 1.759135872000e+09 3.621809664000e+09 2.226179328000e+09 1.305834240000e+09 2.194376320000e+08 1.281256480000e+08 5.225842880000e+08 6.316156800000e+08 5.547541760000e+08 7.616510720000e+08 7.532552320000e+08 9.415964800000e+08 7.901581440000e+08 9.345470080000e+08 8.286412160000e+08 1.015230592000e+09 2.932787456000e+09 7.960259200000e+08 1.062642752000e+09 3.891753216000e+09 3.870811136000e+09 8.265491968000e+09 5.853508608000e+09 1.510814976000e+09 4.797726208000e+09 1.659281510400e+10 1.808694272000e+10 1.901142425600e+10 3.697085952000e+09 5.488493568000e+09 6.554553344000e+09 3.624812800000e+09 2.180912384000e+09 1.545063424000e+09 1.552621312000e+09 3.072493568000e+09 5.442755584000e+09 4.737223680000e+09
1.616195360000e+08 5.270410880000e+08 3.279114880000e+08 1.874275520000e+08 1.506624320000e+08 1.053106320000e+08 5.498350720000e+08 6.341630720000e+08 6.141185280000e+08 5.091962560000e+08 2.694982400000e+08 5.145378880000e+08 6.149896320000e+08 7.661677440000e+08 7.691388800000e+08 6.799538560000e+08 6.687352320000e+08 6.825057280000e+08 7.779315200000e+08 5.539994240000e+08 6.348738560000e+08 1.169779968000e+09 2.026970496000e+09 4.414368256000e+09 1.027587481600e+10 6.164184064000e+09 6.416308224000e+09 6.568499712000e+09 6.291779072000e+09 1.637293056000e+09 9.097530240000e+08 9.924512640000e+08 1.556753920000e+09 3.298329344000e+09 7.707241984000e+09 6.731669504000e+10 2.452955750400e+10 1.361418137600e+10 9.645159424000e+09 7.443356160000e+09 8.226103808000e+09 6.880793088000e+09 1.036403916800e+10
2.125378880000e+08 3.938808960000e+08 4.375593280000e+08 2.187984960000e+08 1.361929760000e+08 7.920615200000e+07 3.677844160000e+08 4.545643200000e+08 5.054209600000e+08 4.953743680000e+08 4.167471040000e+08 3.872412480000e+08 4.245706880000e+08 8.100252160000e+08 7.092358400000e+08 8.421413760000e+08 9.895112320000e+08 8.052638080000e+08 6.308552960000e+08 1.293551104000e+09 1.064227328000e+09 8.606808960000e+08 1.560984448000e+09 2.028813312000e+09 3.760379136000e+09 3.672629248000e+10 8.027264000000e+09 1.416967680000e+10 6.120593920000e+09 7.692903040000e+08 5.401234560000e+08 5.658832000000e+08 6.648918400000e+08 8.210748800000e+08 1.088680064000e+09 5.740224000000e+09 3.891900416000e+10 1.249438105600e+10 3.283346176000e+09 1.513816883200e+10 4.266401536000e+09 2.791015424000e+09 2.910964224000e+09
1.350566880000e+08 2.423241280000e+08 3.271792000000e+08 3.773402240000e+08 3.926937920000e+08 3.621192000000e+08 3.216904000000e+08 2.924138880000e+08 3.610987840000e+08 4.144694720000e+08 4.137803200000e+08 3.585764160000e+08 3.137395520000e+08 3.948809920000e+08 8.068385920000e+08 7.197552000000e+08 8.254198400000e+08 8.870437760000e+08 6.117818240000e+08 5.721602560000e+08 8.993835520000e+08 8.085200000000e+08 8.987045760000e+08 9.738479360000e+08 2.226308608000e+09 7.199259136000e+09 7.871576064000e+09 2.733044224000e+09 9.486906880000e+08 5.957046400000e+08 4.466737600000e+08 3.815476480000e+08 3.763988480000e+08 4.751801600000e+08 6.189656320000e+08 2.060513920000e+09 7.313290752000e+09 3.827589888000e+09 4.587377152000e+09 6.994992000000e+08 2.583226880000e+09 1.939179776000e+09 1.842395648000e+09
2.161615360000e+08 3.637103360000e+08 4.638063680000e+08 5.206372800000e+08 5.343379520000e+08 5.103664640000e+08 4.787601920000e+08 4.305994240000e+08 3.717189760000e+08 3.038153920000e+08 3.311074560000e+08 3.485081280000e+08 3.340240320000e+08 4.017486400000e+08 9.017298560000e+08 8.502592000000e+08 7.053758720000e+08 5.907492480000e+08 5.953888000000e+08 8.834410240000e+08 1.004504576000e+09 7.278930560000e+08 4.951456640000e+08 5.091698560000e+08 9.580441600000e+08 6.394462208000e+09 9.519774720000e+09 2.149926144000e+09 1.207145728000e+09 6.215793280000e+08 3.847068800000e+08 2.706013440000e+08 2.405488640000e+08 2.511011040000e+08 3.863332800000e+08 5.749056640000e+08 5.311435840000e+08 1.353274496000e+09 1.227297894400e+10 1.390155980800e+10 8.030758912000e+09 1.596439296000e+09 1.385868928000e+09
1.126769440000e+08 2.295681600000e+08 2.855600320000e+08 3.126555840000e+08 3.028580160000e+08 2.956715200000e+08 3.296853760000e+08 3.676402240000e+08 4.033812800000e+08 4.034820800000e+08 3.471505280000e+08 2.673952480000e+08 3.153534400000e+08 3.455947520000e+08 6.162266880000e+08 7.050142720000e+08 6.567783040000e+08 6.174689280000e+08 9.994583680000e+08 9.967368960000e+08 1.198995456000e+09 1.643141632000e+09 4.369392960000e+08 3.591453440000e+08 9.629893120000e+08 2.369233408000e+09 2.121008384000e+09 1.430609024000e+09 1.129032576000e+09 6.346657920000e+08 3.528072960000e+08 2.953102720000e+08 2.604471680000e+08 2.544527360000e+08 3.220115520000e+08 5.481484800000e+08 3.999152960000e+08 1.515154432000e+09 6.790768128000e+09 4.139005696000e+09 2.527882496000e+09 1.250232448000e+09 1.125283840000e+09
1.170395920000e+08 1.773508320000e+08 2.616820800000e+08 3.321410240000e+08 3.947115520000e+08 4.651044800000e+08 5.421808000000e+08 6.256258560000e+08 7.029216000000e+08 7.249700480000e+08 6.481660800000e+08 4.817393280000e+08 3.104428800000e+08 3.151644160000e+08 7.040582400000e+08 8.727145600000e+08 5.397100800000e+08 6.285656960000e+08 7.028732160000e+08 1.266309248000e+09 1.018942208000e+09 1.219020928000e+09 5.693687040000e+08 5.012669440000e+08 1.185339904000e+09 8.128926720000e+08 6.056826880000e+09 9.816808320000e+08 1.051719808000e+09 5.604070400000e+08 3.281960960000e+08 2.658372640000e+08 2.535154240000e+08 2.675511360000e+08 3.324386240000e+08 4.572671040000e+08 7.813900160000e+08 9.616240000000e+08 2.006826496000e+09 2.634727936000e+09 1.642487808000e+09 9.959344640000e+08 1.307627648000e+09
9.657074400000e+07 1.719468160000e+08 2.407885280000e+08 2.962285120000e+08 5.543619840000e+08 4.208961280000e+08 4.932356800000e+08 5.661267200000e+08 6.344592640000e+08 6.717422080000e+08 6.372579840000e+08 6.640033920000e+08 6.930171520000e+08 5.999545600000e+08 1.034216640000e+09 1.116250112000e+09 7.365955200000e+08 5.138378560000e+08 7.104089600000e+08 2.261497856000e+09 9.669696640000e+08 8.649892480000e+08 6.126496640000e+08 5.139298240000e+08 7.056769920000e+08 1.384748032000e+09 2.522684160000e+09 7.790648320000e+08 1.133681664000e+09 4.376208320000e+08 3.099941440000e+08 2.399728800000e+08 2.426871520000e+08 2.755053760000e+08 3.393798720000e+08 4.135545920000e+08 4.756732480000e+08 7.730784000000e+08 1.685259136000e+09 1.960395392000e+09 1.241978112000e+09 1.047705984000e+09 1.189937664000e+09
