100/SI/f0.grd
DSAA
101	101
32.816463539100	34.260883539100
35.556306596100	36.727886596100
8.770182000000e+06	1.592029511680e+11
[rows 57 to 75 of 101, columns 0 to 42 of 101]
1.121016880000e+08 1.839203840000e+08 2.008404000000e+08 2.010201760000e+08 1.753837760000e+08 2.534966400000e+08 2.865023040000e+08 3.176892480000e+08 3.504471360000e+08 3.772131200000e+08 3.850729600000e+08 4.812060800000e+08 8.220432000000e+08 4.546425600000e+08 5.981281920000e+08 9.576998400000e+08 5.654752640000e+08 4.882570560000e+08 5.904665600000e+08 6.359694720000e+08 7.740864000000e+08 9.012161920000e+08 6.638554880000e+08 5.435970560000e+08 4.921006720000e+08 4.390924800000e+08 6.992312960000e+08 1.357415168000e+09 1.465504768000e+09 7.879031040000e+08 6.171957120000e+08 3.223692800000e+08 2.574669440000e+08 3.085411200000e+08 3.627460160000e+08 4.663977920000e+08 5.382674560000e+08 5.787915520000e+08 9.491341440000e+08 1.262520064000e+09 1.350594944000e+09 1.619766400000e+09 1.778972544000e+09
1.983372320000e+08 4.201574720000e+08 4.794813120000e+08 2.699108800000e+08 2.471035840000e+08 2.309789120000e+08 2.366772960000e+08 2.701168640000e+08 2.816704960000e+08 4.637336640000e+08 1.498056064000e+09 1.731828864000e+09 6.470830720000e+08 3.244377280000e+08 3.753344960000e+08 6.151472640000e+08 3.871259200000e+08 3.338208320000e+08 3.839339840000e+08 4.875757760000e+08 5.936373760000e+08 7.469616000000e+08 5.322681920000e+08 3.149010880000e+08 3.218747520000e+08 4.903230400000e+08 7.382946560000e+08 1.578037120000e+09 1.600151936000e+09 1.020119872000e+09 6.129288960000e+08 4.971845760000e+08 2.692594880000e+08 3.210364800000e+08 3.787893760000e+08 3.913435520000e+08 4.009895360000e+08 4.176133440000e+08 5.781143680000e+08 1.344251776000e+09 1.818347520000e+09 2.081963136000e+09 2.279261952000e+09
2.305219360000e+08 6.265539200000e+08 7.240476800000e+08 5.214846080000e+08 6.326120960000e+08 8.081419520000e+08 1.071445504000e+09 1.580659584000e+09 2.931304192000e+09 4.155356928000e+09 1.150836224000e+09 7.041409920000e+08 4.771159040000e+08 4.176771520000e+08 3.040968320000e+08 2.876742720000e+08 3.339086080000e+08 3.273751040000e+08 3.837665280000e+08 3.389170240000e+08 5.737963520000e+08 6.514567680000e+08 4.620194560000e+08 2.651305440000e+08 6.534494000000e+07 2.796345920000e+08 4.538382720000e+08 9.284212480000e+08 9.726730240000e+08 7.126151680000e+08 5.020618560000e+08 2.918891200000e+08 2.767303360000e+08 3.107618880000e+08 3.747097600000e+08 3.873590080000e+08 3.676087360000e+08 3.358876800000e+08 5.938765440000e+08 1.480809472000e+09 1.911735936000e+09 1.940642688000e+09 2.116444800000e+09
3.172226560000e+08 4.330998400000e+08 1.081319936000e+09 8.865128960000e+08 1.008557376000e+09 1.345015040000e+09 1.975907712000e+09 2.982351872000e+09 3.017135872000e+09 1.400887680000e+09 3.412023360000e+08 3.974830400000e+08 4.316830400000e+08 3.834104960000e+08 3.410089920000e+08 2.970052480000e+08 3.573291200000e+08 3.417038080000e+08 5.424772480000e+08 4.269659520000e+08 4.127775360000e+08 4.614258560000e+08 3.424631040000e+08 9.562556000000e+07 5.033144000000e+07 1.764977920000e+08 2.361668480000e+08 4.037860160000e+08 4.727619840000e+08 3.014932160000e+08 2.757007040000e+08 2.551965440000e+08 2.724272960000e+08 3.017456320000e+08 3.616858240000e+08 3.697415040000e+08 3.331693760000e+08 2.841692480000e+08 5.784115200000e+08 1.455112320000e+09 1.755810432000e+09 1.544568320000e+09 1.670150144000e+09
1.134067840000e+08 1.974976800000e+08 4.661259840000e+08 5.030880000000e+08 5.074314240000e+08 2.572366240000e+08 2.507066880000e+08 2.452686720000e+08 2.405624960000e+08 2.352993600000e+08 2.206831360000e+08 2.297677440000e+08 2.503372640000e+08 3.201279040000e+08 3.593954560000e+08 3.745609920000e+08 3.597684160000e+08 3.184292480000e+08 4.690731840000e+08 3.823268800000e+08 4.208390400000e+08 5.374914800000e+07 3.625633200000e+07 1.397854400000e+08 1.228497520000e+08 1.362680800000e+08 1.747097440000e+08 2.099849920000e+08 2.507214560000e+08 2.698394880000e+08 2.552370080000e+08 2.278360960000e+08 2.616009920000e+08 3.165086720000e+08 3.772455040000e+08 3.640446720000e+08 3.010612480000e+08 2.567998240000e+08 5.516589440000e+08 1.279261056000e+09 1.463203328000e+09 1.169138560000e+09 1.301513216000e+09
5.397732000000e+07 1.004661920000e+08 1.301430960000e+08 1.690153440000e+08 2.331476000000e+08 2.810330560000e+08 1.571008160000e+08 1.599864800000e+08 1.645840000000e+08 1.691696000000e+08 1.137736000000e+08 1.553684000000e+08 1.551446880000e+08 2.056381920000e+08 2.413968960000e+08 2.536490400000e+08 2.304041600000e+08 2.046449600000e+08 2.713635200000e+08 2.352246720000e+08 1.218541440000e+08 1.141185920000e+08 7.574090400000e+07 1.067317280000e+08 1.259317120000e+08 1.322728560000e+08 1.449523040000e+08 1.745830560000e+08 2.121194560000e+08 2.319634720000e+08 2.283564480000e+08 2.153669440000e+08 2.608791840000e+08 3.499084800000e+08 4.061682560000e+08 3.659193920000e+08 2.733787520000e+08 2.469587200000e+08 4.709932800000e+08 9.529547520000e+08 1.080168704000e+09 9.086873600000e+08 1.110387072000e+09
3.720014400000e+07 6.269033200000e+07 7.800713600000e+07 8.986138400000e+07 9.653626400000e+07 1.164589760000e+08 1.077910240000e+08 1.122554960000e+08 1.175672080000e+08 5.461563600000e+07 6.251656800000e+07 7.005262400000e+07 7.031582400000e+07 1.097157040000e+08 1.107464880000e+08 1.257006160000e+08 1.325961200000e+08 1.307863360000e+08 1.199753440000e+08 1.133329200000e+08 9.782911200000e+07 9.183845600000e+07 4.387475600000e+07 3.929367200000e+07 2.357849760000e+08 1.466401920000e+08 1.454788480000e+08 1.435927360000e+08 1.750487520000e+08 1.945832800000e+08 1.990872320000e+08 1.976601760000e+08 2.644374560000e+08 3.694975680000e+08 4.074714560000e+08 3.397818560000e+08 2.395638400000e+08 2.355407680000e+08 3.900047360000e+08 6.397302400000e+08 7.356281600000e+08 7.069968000000e+08 9.679945600000e+08
3.006615000000e+07 5.125886000000e+07 6.471126800000e+07 7.125104800000e+07 5.997443200000e+07 4.003218400000e+07 8.042518400000e+07 8.278887200000e+07 7.992412800000e+07 5.938650400000e+07 6.877980800000e+07 7.403611200000e+07 7.580364800000e+07 8.193496800000e+07 9.495368800000e+07 1.118576160000e+08 1.244504080000e+08 1.253685440000e+08 1.059860560000e+08 8.260265600000e+07 9.503909600000e+07 9.233815200000e+07 4.383278400000e+07 3.111348400000e+07 2.026728320000e+08 1.210462480000e+08 1.557458720000e+08 1.504285120000e+08 1.539493280000e+08 1.686330720000e+08 1.168715760000e+08 1.843313280000e+08 2.625813440000e+08 3.608740480000e+08 3.715887040000e+08 2.923900800000e+08 2.216440480000e+08 2.683354240000e+08 4.095424960000e+08 4.499210240000e+08 4.766989760000e+08 5.069617920000e+08 8.153566720000e+08
2.862735000000e+07 4.584937200000e+07 5.809884400000e+07 6.366095200000e+07 3.619022800000e+07 3.632484800000e+07 3.521069600000e+07 6.834159200000e+07 7.631992000000e+07 5.463527200000e+07 1.313501440000e+08 1.451153760000e+08 8.360481600000e+07 8.819888000000e+07 9.705220000000e+07 1.129838720000e+08 1.268338880000e+08 1.273606160000e+08 1.068016640000e+08 7.874374400000e+07 8.726558400000e+07 9.127906400000e+07 5.252504000000e+07 3.695785600000e+07 8.154425600000e+07 5.578488800000e+07 1.504568960000e+08 1.465378880000e+08 1.546494880000e+08 1.590692800000e+08 1.619018400000e+08 1.722195360000e+08 2.458592800000e+08 3.235879360000e+08 3.146405760000e+08 2.515940000000e+08 2.209467680000e+08 2.659071200000e+08 3.489669120000e+08 3.521937600000e+08 3.398286400000e+08 2.585896160000e+08 5.487281280000e+08
2.678667200000e+07 4.251755200000e+07 5.329425200000e+07 5.800016800000e+07 5.997193600000e+07 6.144172800000e+07 6.155760000000e+07 6.199484000000e+07 8.421517600000e+07 1.303337760000e+08 1.350263200000e+08 1.419178880000e+08 1.517622080000e+08 9.391961600000e+07 1.001268560000e+08 1.139017360000e+08 1.288383760000e+08 1.315656160000e+08 1.139507680000e+08 8.157552800000e+07 8.169736000000e+07 8.802728800000e+07 8.317806400000e+07 6.467088800000e+07 1.072036720000e+08 1.114964000000e+08 1.512863840000e+08 1.652608960000e+08 1.659562080000e+08 1.605526080000e+08 1.568496960000e+08 1.610609760000e+08 1.786839040000e+08 2.706813440000e+08 2.586085120000e+08 2.247703680000e+08 2.382174400000e+08 2.701345920000e+08 3.195947840000e+08 3.178421120000e+08 1.941292960000e+08 1.440195200000e+08 2.990550080000e+08
2.468297400000e+07 3.911470800000e+07 4.895106400000e+07 5.344706000000e+07 5.531258800000e+07 5.610104800000e+07 5.563212000000e+07 9.760120000000e+07 1.138297440000e+08 1.181482000000e+08 6.852928000000e+07 7.759928000000e+07 1.143034240000e+08 9.664595200000e+07 1.023098880000e+08 1.126665920000e+08 1.286166000000e+08 1.358842240000e+08 1.254246400000e+08 9.122185600000e+07 7.643545600000e+07 8.069814400000e+07 8.232700000000e+07 8.315681600000e+07 1.017237360000e+08 1.149971600000e+08 1.379115360000e+08 1.603356480000e+08 1.656849280000e+08 1.602489760000e+08 1.536645120000e+08 1.518214720000e+08 2.015142080000e+08 2.984888960000e+08 2.188981280000e+08 1.906211840000e+08 2.057041600000e+08 2.285371200000e+08 2.362474240000e+08 2.113769120000e+08 1.249374720000e+08 2.054544160000e+08 3.001118400000e+08
2.291116000000e+07 3.636775600000e+07 4.570074000000e+07 5.018132400000e+07 5.178086800000e+07 5.183132400000e+07 8.988826400000e+07 1.000656080000e+08 1.034036160000e+08 6.263472000000e+07 6.892522400000e+07 7.951344000000e+07 9.071452800000e+07 1.025313200000e+08 1.096178320000e+08 1.139084880000e+08 1.291932160000e+08 1.453697760000e+08 1.421079840000e+08 1.094232640000e+08 8.893912000000e+07 7.909503200000e+07 8.128885600000e+07 8.217837600000e+07 9.049450400000e+07 1.011815120000e+08 1.042805440000e+08 1.247291440000e+08 1.411848000000e+08 1.462034080000e+08 1.444067360000e+08 1.453839360000e+08 2.169958720000e+08 3.144537920000e+08 2.013787840000e+08 1.474994240000e+08 1.573693440000e+08 1.833745280000e+08 1.959672960000e+08 1.615553280000e+08 1.336010480000e+08 1.770520160000e+08 2.633178080000e+08
2.162473000000e+07 3.443087200000e+07 4.344081200000e+07 4.768432400000e+07 3.602114400000e+07 4.830497600000e+07 4.741169200000e+07 9.150788000000e+07 5.876140000000e+07 5.370832800000e+07 6.775212800000e+07 7.950951200000e+07 9.250344000000e+07 1.055804800000e+08 1.169171360000e+08 1.211141840000e+08 1.342191680000e+08 1.510145600000e+08 1.592185600000e+08 1.354782880000e+08 1.058743360000e+08 9.957280800000e+07 5.521193600000e+07 8.494025600000e+07 8.189859200000e+07 9.058083200000e+07 9.241825600000e+07 8.852812000000e+07 1.067769520000e+08 1.225739600000e+08 1.329519520000e+08 1.405354880000e+08 2.189770880000e+08 3.134670720000e+08 1.855495520000e+08 8.516056800000e+07 1.371379040000e+08 1.734992000000e+08 2.021558880000e+08 1.822898720000e+08 1.344716160000e+08 1.064703680000e+08 1.180827120000e+08
2.115505600000e+07 3.363121200000e+07 4.227091600000e+07 4.600172800000e+07 3.859913600000e+07 4.579804000000e+07 4.642233200000e+07 7.618748800000e+07 6.563430800000e+07 5.527312800000e+07 6.384556800000e+07 7.612651200000e+07 8.922768800000e+07 9.862619200000e+07 1.133291040000e+08 1.233784000000e+08 1.360321120000e+08 1.544703200000e+08 1.715796800000e+08 1.715174240000e+08 1.235545040000e+08 7.314804000000e+07 6.531819200000e+07 1.060408560000e+08 1.030094480000e+08 1.010679760000e+08 9.735952800000e+07 9.174164800000e+07 1.057159760000e+08 1.186219120000e+08 1.281888800000e+08 1.368588320000e+08 2.062195040000e+08 3.068156800000e+08 1.771011040000e+08 9.672517600000e+07 1.381605760000e+08 1.672349440000e+08 1.943400000000e+08 1.770184800000e+08 1.371101120000e+08 6.561968800000e+07 5.884833600000e+07
1.042541100000e+07 3.298783200000e+07 4.235598800000e+07 4.560246800000e+07 4.571532400000e+07 4.967192400000e+07 5.737366400000e+07 6.733314400000e+07 6.000079600000e+07 7.259680800000e+07 7.564381600000e+07 7.826244800000e+07 8.003952800000e+07 8.914892000000e+07 1.085055840000e+08 1.186765360000e+08 1.277189280000e+08 1.441824480000e+08 1.700016480000e+08 1.933242080000e+08 1.515732160000e+08 1.192719680000e+08 1.226208880000e+08 1.167550720000e+08 1.119149120000e+08 1.071244400000e+08 9.909304000000e+07 9.017818400000e+07 1.035492320000e+08 1.147597360000e+08 1.199939600000e+08 8.031591200000e+07 1.847557760000e+08 2.984949760000e+08 1.768778240000e+08 1.336653120000e+08 1.413726400000e+08 1.618115680000e+08 1.752998400000e+08 1.547484320000e+08 1.275817760000e+08 1.101010160000e+08 1.252852320000e+08
1.237492100000e+07 3.486812000000e+07 4.297099200000e+07 4.593195200000e+07 4.580840800000e+07 4.638726800000e+07 5.877200400000e+07 6.191453200000e+07 6.934726400000e+07 7.259168000000e+07 7.506777600000e+07 7.720684800000e+07 7.326003200000e+07 7.489733600000e+07 9.028841600000e+07 1.028393520000e+08 1.127953920000e+08 1.266419040000e+08 1.563781920000e+08 1.964636480000e+08 1.740813440000e+08 1.166327120000e+08 1.197192560000e+08 1.120664240000e+08 1.048878800000e+08 9.766374400000e+07 8.741979200000e+07 9.007193600000e+07 1.015391680000e+08 1.116030720000e+08 6.788916800000e+07 7.444723200000e+07 1.633863040000e+08 2.947817920000e+08 1.820546400000e+08 1.607596800000e+08 1.520145920000e+08 1.333893760000e+08 1.540049920000e+08 1.326273920000e+08 1.153950800000e+08 1.001465440000e+08 1.136489920000e+08
2.068422800000e+07 3.414059600000e+07 4.194042400000e+07 4.466861600000e+07 4.453168800000e+07 3.809339600000e+07 5.134151600000e+07 5.620506000000e+07 5.976232800000e+07 6.218910400000e+07 6.390875600000e+07 6.532285200000e+07 6.573306400000e+07 7.001306400000e+07 7.996374400000e+07 9.690265600000e+07 9.861877600000e+07 1.093581200000e+08 1.329573920000e+08 1.701279040000e+08 1.683332320000e+08 1.311740480000e+08 1.224172720000e+08 9.313545600000e+07 8.731141600000e+07 8.105742400000e+07 8.117472000000e+07 8.930760800000e+07 9.942296800000e+07 1.084508480000e+08 1.107346400000e+08 1.087957920000e+08 1.451730720000e+08 2.990896320000e+08 1.875134880000e+08 1.440350560000e+08 1.481692800000e+08 1.547845920000e+08 1.557558720000e+08 1.275669680000e+08 1.118030000000e+08 1.028398800000e+08 1.102864720000e+08
1.985810400000e+07 3.103900600000e+07 3.786374000000e+07 4.022768800000e+07 4.344052800000e+07 3.537330800000e+07 4.361584800000e+07 5.427638800000e+07 5.751186400000e+07 5.959622800000e+07 5.574388000000e+07 5.527936400000e+07 4.639687600000e+07 7.398724800000e+07 8.371200000000e+07 9.036465600000e+07 8.593221600000e+07 9.548721600000e+07 1.124865920000e+08 1.409256960000e+08 1.526018080000e+08 1.338720880000e+08 1.230962000000e+08 9.620246400000e+07 9.765659200000e+07 9.373776800000e+07 9.190410400000e+07 9.231253600000e+07 9.662358400000e+07 1.044805040000e+08 1.099393600000e+08 1.100893840000e+08 1.336923280000e+08 3.070027200000e+08 1.894692320000e+08 1.658284800000e+08 1.485199840000e+08 2.090579360000e+08 1.861525600000e+08 1.584166880000e+08 7.294404800000e+07 1.203615120000e+08 4.027053760000e+08
2.085031600000e+07 3.072569000000e+07 3.769200400000e+07 4.360000000000e+07 3.668828000000e+07 4.676543600000e+07 4.839512800000e+07 6.006641200000e+07 6.357792800000e+07 6.570357200000e+07 6.113250000000e+07 5.105876800000e+07 4.352216800000e+07 7.693618400000e+07 8.537532800000e+07 7.965913600000e+07 7.575155200000e+07 8.616392000000e+07 9.653229600000e+07 1.125314800000e+08 1.287909040000e+08 1.256988480000e+08 9.779545600000e+07 1.003296080000e+08 9.758642400000e+07 9.005253600000e+07 8.561070400000e+07 8.517707200000e+07 9.328267200000e+07 9.934443200000e+07 1.014192400000e+08 9.743134400000e+07 1.277496000000e+08 3.156940800000e+08 1.865225760000e+08 1.473912480000e+08 1.913173920000e+08 3.041746240000e+08 2.845165120000e+08 1.874384800000e+08 1.635689120000e+08 3.195191680000e+08 1.153419392000e+09
