100/SI/f1.grd
DSAA
101	101
32.816463539100	34.260883539100
35.556306596100	36.727886596100
1.463947136000e+09	2.308217430344e+14
[rows 19 to 37 of 101, columns 0 to 42 of 101]
3.464775925760e+11 7.060794900480e+11 9.019779317760e+11 9.180092170240e+11 7.567905914880e+11 5.625220956160e+11 4.855201136640e+11 5.469423206400e+11 6.472752824320e+11 7.821133742080e+11 8.950083747840e+11 9.684542423040e+11 9.777529487360e+11 1.064044396544e+12 1.074389319680e+12 1.043083952128e+12 9.928884879360e+11 1.028223008768e+12 1.162121969664e+12 1.259595104256e+12 1.296017784832e+12 1.354149920768e+12 1.209884868608e+12 1.176530321408e+12 1.055545491456e+12 1.075095076864e+12 1.109186314240e+12 1.722538524672e+12 2.048342622208e+12 1.423182921728e+12 1.299406520320e+12 1.246093246464e+12 1.115345780736e+12 9.187093381120e+11 1.199461498880e+12 1.017006915584e+12 8.678277120000e+11 7.941693767680e+11 8.379655127040e+11 7.870415503360e+11 1.321556508672e+12 2.833621712896e+12 1.325668630528e+12
2.700685967360e+11 5.672443576320e+11 7.642118225920e+11 8.350447042560e+11 7.417311395840e+11 6.697892577280e+11 6.144375521280e+11 5.129253355520e+11 6.798148239360e+11 7.887879536640e+11 8.115743621120e+11 8.330716119040e+11 8.542168023040e+11 9.929259745280e+11 1.074587238400e+12 1.065725919232e+12 1.065127968768e+12 1.019156430848e+12 1.331536592896e+12 1.122830254080e+12 1.539907649536e+12 1.591615815680e+12 1.666012938240e+12 1.547190796288e+12 1.481927294976e+12 1.178889355264e+12 1.469157605376e+12 1.391255617536e+12 2.151824228352e+12 1.447556546560e+12 1.228948504576e+12 1.205620703232e+12 1.166934409216e+12 1.109381611520e+12 1.013237219328e+12 1.323110498304e+12 9.863439974400e+11 9.186307604480e+11 9.158787727360e+11 8.571536670720e+11 1.334069297152e+12 2.388929282048e+12 1.964475547648e+12
2.657176780800e+11 5.357140705280e+11 5.754827571200e+11 6.616732794880e+11 6.239759237120e+11 6.286950400000e+11 6.479230402560e+11 7.290520862720e+11 8.226030223360e+11 9.879366533120e+11 1.146318618624e+12 1.519310209024e+12 1.841715347456e+12 1.710987280384e+12 1.181265428480e+12 9.510834012160e+11 1.109399830528e+12 1.222044418048e+12 1.932537364480e+12 1.847139631104e+12 1.368727093248e+12 1.814944153600e+12 1.902357643264e+12 2.070393520128e+12 1.751378558976e+12 1.553728405504e+12 1.834719641600e+12 1.157756878848e+12 2.020025696256e+12 1.337074778112e+12 1.089614708736e+12 1.104355917824e+12 1.294048559104e+12 1.001515778048e+12 1.107757236224e+12 1.393619501056e+12 1.117641113600e+12 1.135779250176e+12 9.882520780800e+11 9.729739980800e+11 1.555889389568e+12 1.720036098048e+12 2.597924634624e+12
2.885059543040e+11 5.772018974720e+11 6.101655224320e+11 6.390760079360e+11 6.656351272960e+11 7.916271042560e+11 9.287012188160e+11 1.120963002368e+12 1.369702531072e+12 1.730582544384e+12 2.214094438400e+12 2.797696712704e+12 3.172584914944e+12 2.789396447232e+12 1.774424031232e+12 1.110479732736e+12 1.534023303168e+12 2.162621808640e+12 2.749035970560e+12 2.222179745792e+12 1.737084895232e+12 1.945286213632e+12 2.072646647808e+12 2.319370420224e+12 1.742631993344e+12 1.768415559680e+12 2.176287637504e+12 1.263654141952e+12 1.645279444992e+12 1.370401538048e+12 1.405906059264e+12 1.398698278912e+12 1.365731180544e+12 1.314370748416e+12 1.319065223168e+12 1.259157454848e+12 1.566054940672e+12 1.258657808384e+12 1.083868905472e+12 1.070897758208e+12 1.736503066624e+12 1.756908617728e+12 3.007520964608e+12
2.975317688320e+11 5.767148339200e+11 6.264114380800e+11 6.002294784000e+11 7.791627468800e+11 1.060321558528e+12 1.168858677248e+12 1.243473248256e+12 1.383083540480e+12 1.608140980224e+12 1.950573002752e+12 2.240682393600e+12 2.307489267712e+12 1.987268050944e+12 1.461285814272e+12 1.347277684736e+12 1.474941157376e+12 1.775971598336e+12 2.292537884672e+12 1.670000017408e+12 1.603999498240e+12 1.955194994688e+12 2.065642422272e+12 2.220948979712e+12 1.769944776704e+12 1.764162273280e+12 2.449610375168e+12 2.010432667648e+12 2.027606900736e+12 1.721602932736e+12 1.482413572096e+12 1.863259783168e+12 1.747050299392e+12 1.632167919616e+12 1.724400271360e+12 1.739386650624e+12 1.728812810240e+12 1.520877830144e+12 1.269276606464e+12 1.133712113664e+12 1.839624749056e+12 1.668060676096e+12 3.063956635648e+12
6.470652395520e+11 1.122860400640e+12 7.771730083840e+11 7.856510074880e+11 7.938629304320e+11 9.171181895680e+11 1.039606611968e+12 1.034664542208e+12 1.035464343552e+12 1.083296841728e+12 1.145011568640e+12 1.214828904448e+12 1.162516496384e+12 1.239456284672e+12 1.254160859136e+12 1.120860635136e+12 1.079915839488e+12 1.962452189184e+12 2.254414544896e+12 1.201225072640e+12 1.443179921408e+12 1.805543276544e+12 1.958252642304e+12 2.077006102528e+12 2.033152032768e+12 1.683486932992e+12 2.633579364352e+12 2.236238790656e+12 1.668868079616e+12 1.642126508032e+12 1.755493433344e+12 2.312639086592e+12 3.437777911808e+12 3.310594031616e+12 3.044937826304e+12 2.946798190592e+12 3.082402922496e+12 2.333709434880e+12 1.973767766016e+12 1.407064997888e+12 1.886080860160e+12 1.484323028992e+12 2.703932260352e+12
1.211247886336e+12 2.557751853056e+12 2.639155691520e+12 2.334891180032e+12 1.472034373632e+12 7.710255349760e+11 7.952604856320e+11 8.163436134400e+11 8.341460746240e+11 1.001180233728e+12 1.202989170688e+12 1.346494398464e+12 1.390905131008e+12 1.402062897152e+12 1.480511848448e+12 1.511622443008e+12 1.579266211840e+12 1.910619242496e+12 1.891230941184e+12 1.432294129664e+12 1.336811978752e+12 1.704106786816e+12 1.689103368192e+12 1.567070224384e+12 1.819323924480e+12 1.760347422720e+12 2.730372628480e+12 2.446957215744e+12 2.611239714816e+12 2.345299607552e+12 1.775347433472e+12 1.411072262144e+12 2.735490465792e+12 2.993988304896e+12 3.339372724224e+12 4.092464201728e+12 5.176108253184e+12 3.165444636672e+12 3.129313591296e+12 2.468176986112e+12 1.856933199872e+12 1.387007574016e+12 2.043635433472e+12
1.330472026112e+12 2.849411694592e+12 3.253045821440e+12 3.822960771072e+12 4.204453167104e+12 3.684290527232e+12 2.083639394304e+12 9.239984209920e+11 1.259859083264e+12 1.471685328896e+12 1.513818292224e+12 1.433482428416e+12 1.620054638592e+12 2.196494745600e+12 2.452615856128e+12 2.464463454208e+12 2.447028781056e+12 2.396629237760e+12 2.370641854464e+12 2.285229047808e+12 2.238587338752e+12 2.243057680384e+12 2.181794103296e+12 1.970033655808e+12 2.137640009728e+12 1.858161606656e+12 2.724731289600e+12 3.200272039936e+12 3.243731058688e+12 2.894559707136e+12 2.174032543744e+12 1.749770305536e+12 1.695506366464e+12 2.421169848320e+12 3.581702307840e+12 3.116338249728e+12 3.412359643136e+12 3.229260709888e+12 3.521233551360e+12 3.635463847936e+12 3.153361633280e+12 2.124789710848e+12 2.137748930560e+12
8.711938375680e+11 1.905719377920e+12 2.192124674048e+12 2.651963785216e+12 3.425258700800e+12 4.515285696512e+12 5.162555408384e+12 4.061498441728e+12 2.150225412096e+12 1.577980788736e+12 1.606109233152e+12 2.232512151552e+12 2.662617579520e+12 2.810583449600e+12 2.709135032320e+12 2.730558488576e+12 2.721789247488e+12 2.641987633152e+12 2.766193033216e+12 2.794507730944e+12 2.875341144064e+12 3.132126396416e+12 2.956363563008e+12 2.716804841472e+12 2.440537047040e+12 2.159834693632e+12 2.614877749248e+12 3.036410019840e+12 3.350170435584e+12 3.022911700992e+12 2.275610198016e+12 2.161530372096e+12 2.800076193792e+12 3.738613055488e+12 4.424778907648e+12 3.163890909184e+12 2.915777380352e+12 2.434138112000e+12 3.125711208448e+12 4.025389940736e+12 4.426980392960e+12 3.359830441984e+12 2.638596538368e+12
5.964166594560e+11 1.174200123392e+12 1.423327100928e+12 1.312206356480e+12 1.474438234112e+12 2.186773528576e+12 3.437192282112e+12 4.739970367488e+12 4.793637535744e+12 3.349613379584e+12 2.537220210688e+12 2.720440778752e+12 2.794359881728e+12 2.705328963584e+12 2.685555965952e+12 2.659278651392e+12 2.522003013632e+12 2.710203006976e+12 2.781791911936e+12 2.886193643520e+12 3.059743981568e+12 2.949120000000e+12 2.814723751936e+12 2.750007476224e+12 2.671061237760e+12 2.609684152320e+12 2.475495784448e+12 2.416550608896e+12 2.814085431296e+12 2.941700276224e+12 2.319521415168e+12 2.497148616704e+12 3.009972273152e+12 3.403894226944e+12 3.268003495936e+12 2.021164318720e+12 2.120226701312e+12 3.265037598720e+12 2.991367127040e+12 3.275703975936e+12 4.903276642304e+12 5.034856677376e+12 3.243810750464e+12
6.789565644800e+11 1.341611835392e+12 1.308703326208e+12 1.609627205632e+12 1.318319816704e+12 1.171787481088e+12 1.265811718144e+12 2.361454493696e+12 3.885492338688e+12 4.595921715200e+12 3.802731905024e+12 2.681043156992e+12 2.590857494528e+12 2.563672375296e+12 2.419459096576e+12 2.352680271872e+12 2.435502047232e+12 2.575860236288e+12 2.584812191744e+12 2.585116803072e+12 2.334863130624e+12 1.945900679168e+12 1.998563442688e+12 2.079799640064e+12 2.240646742016e+12 2.742265053184e+12 3.120605954048e+12 3.034456260608e+12 2.844076802048e+12 2.718301683712e+12 2.501982552064e+12 2.597862244352e+12 2.156676120576e+12 3.364098932736e+12 2.298421968896e+12 2.123444781056e+12 2.130055135232e+12 3.316258963456e+12 3.984400580608e+12 3.790373650432e+12 3.913816997888e+12 6.161516462080e+12 4.698943258624e+12
8.586802626560e+11 1.652669284352e+12 1.545317646336e+12 1.578269409280e+12 1.761998012416e+12 1.371867054080e+12 1.914404601856e+12 2.348827279360e+12 2.640774430720e+12 3.362033762304e+12 4.423500169216e+12 4.066836742144e+12 2.537097789440e+12 2.259238780928e+12 2.226252677120e+12 2.285756743680e+12 2.371322642432e+12 2.350558478336e+12 2.186634723328e+12 2.088017985536e+12 1.824117358592e+12 1.525242527744e+12 1.723511996416e+12 2.293044871168e+12 3.387824275456e+12 4.559902081024e+12 5.449348284416e+12 4.412889628672e+12 3.662806515712e+12 3.403736940544e+12 3.238458556416e+12 2.921818226688e+12 2.064935813120e+12 4.170056728576e+12 1.992879767552e+12 2.774572466176e+12 2.248946221056e+12 2.769901584384e+12 4.045999177728e+12 4.368753229824e+12 3.779197665280e+12 5.120120061952e+12 7.053733527552e+12
7.737708380160e+11 1.690595753984e+12 1.784630870016e+12 1.745457905664e+12 1.848750374912e+12 1.987007348736e+12 2.412458016768e+12 2.577290493952e+12 2.589581901824e+12 2.484349435904e+12 2.979600269312e+12 4.349698768896e+12 4.303735488512e+12 3.022401044480e+12 2.170710261760e+12 2.177038286848e+12 2.112592805888e+12 1.845128593408e+12 2.151270973440e+12 2.243638329344e+12 2.199589486592e+12 1.901114425344e+12 1.699647455232e+12 2.826680401920e+12 4.767093882880e+12 7.042880241664e+12 8.245205270528e+12 7.851415699456e+12 5.076114997248e+12 3.939644211200e+12 4.043831246848e+12 3.762806587392e+12 3.342242676736e+12 5.073592123392e+12 2.882514452480e+12 5.606683967488e+12 4.107323572224e+12 2.584318574592e+12 3.071786876928e+12 4.436899397632e+12 4.734325358592e+12 3.886321762304e+12 7.475088588800e+12
1.038731247616e+12 2.108063612928e+12 2.122980392960e+12 2.055986610176e+12 2.120890843136e+12 2.441461104640e+12 2.499128328192e+12 2.552083775488e+12 2.384201252864e+12 2.225539907584e+12 2.176844693504e+12 2.539990548480e+12 4.188013068288e+12 4.476735848448e+12 3.447450501120e+12 1.848070504448e+12 1.602713681920e+12 1.412936237056e+12 1.902614937600e+12 2.588896657408e+12 2.362155991040e+12 2.361479135232e+12 1.943020371968e+12 2.824541831168e+12 4.891679391744e+12 6.967430479872e+12 9.485849460736e+12 1.111240264909e+13 9.211851309056e+12 4.389024301056e+12 4.478158241792e+12 4.770362294272e+12 4.466444075008e+12 5.973348974592e+12 3.645570809856e+12 7.443781779456e+12 6.199233216512e+12 4.138742841344e+12 3.379682344960e+12 4.644120035328e+12 9.716740653056e+12 4.938462134272e+12 6.002524553216e+12
1.166367653888e+12 2.281392832512e+12 2.416687448064e+12 2.562286944256e+12 2.703219228672e+12 2.840522129408e+12 2.996822605824e+12 3.101177151488e+12 3.156878819328e+12 3.160241864704e+12 3.066070040576e+12 2.940282863616e+12 2.699644895232e+12 3.840767164416e+12 4.528027467776e+12 3.825433313280e+12 1.953086832640e+12 1.398631694336e+12 1.583656599552e+12 2.455723048960e+12 2.601935175680e+12 2.552378687488e+12 2.543482306560e+12 2.358628057088e+12 4.053786951680e+12 6.034224578560e+12 9.332800356352e+12 1.303901005414e+13 1.227644783821e+13 7.376509337600e+12 6.755123724288e+12 8.379785805824e+12 8.799401279488e+12 7.912225767424e+12 6.389633122304e+12 7.987316916224e+12 7.618016837632e+12 5.929688891392e+12 6.069620310016e+12 5.051021000704e+12 1.364548963533e+13 1.125994568090e+13 3.021337526272e+12
1.179424391168e+12 2.451681312768e+12 2.451869007872e+12 2.479881977856e+12 2.427558035456e+12 2.364108177408e+12 2.160711696384e+12 2.370283765760e+12 2.601000370176e+12 2.871391420416e+12 3.174557024256e+12 3.520414089216e+12 3.851852447744e+12 5.549425426432e+12 5.740123652096e+12 4.481101070336e+12 4.456198438912e+12 4.265821601792e+12 3.999230853120e+12 3.692569559040e+12 3.349477064704e+12 2.913657421824e+12 2.641867046912e+12 2.788796399616e+12 2.791920369664e+12 4.583180992512e+12 6.749419995136e+12 1.066019061760e+13 1.353062862029e+13 9.267164741632e+12 4.319690883072e+12 5.480379318272e+12 7.907270197248e+12 1.028643199386e+13 1.117134310605e+13 1.008305438720e+13 7.092150730752e+12 6.330543767552e+12 4.845414645760e+12 6.188193284096e+12 1.397534857626e+13 1.705946225050e+13 5.312763396096e+12
1.230957969408e+12 2.498681372672e+12 2.428124528640e+12 2.343178338304e+12 2.392135565312e+12 2.314722082816e+12 1.968557654016e+12 1.854868291584e+12 1.812882128896e+12 1.832302280704e+12 1.740693045248e+12 1.678272757760e+12 1.803650727936e+12 2.192952524800e+12 3.306120806400e+12 3.611097825280e+12 4.313141477376e+12 4.216843927552e+12 3.642107101184e+12 4.008277704704e+12 4.231994540032e+12 4.370620481536e+12 4.540219260928e+12 4.756221198336e+12 4.602206879744e+12 3.480810684416e+12 4.573495820288e+12 8.111478276096e+12 1.141592765235e+13 8.278200811520e+12 4.062704828416e+12 2.965187854336e+12 3.282977423360e+12 4.447000330240e+12 6.122100490240e+12 9.750915842048e+12 1.212496950067e+13 1.094720579174e+13 6.636947636224e+12 6.541578076160e+12 8.850014994432e+12 1.993251540173e+13 9.259936907264e+12
1.031351500800e+12 2.009194299392e+12 2.015574753280e+12 1.945650593792e+12 1.820248375296e+12 1.821946150912e+12 1.757237739520e+12 1.772821544960e+12 1.748412530688e+12 1.635219144704e+12 1.765418860544e+12 1.903744253952e+12 2.030493368320e+12 2.156164939776e+12 2.283472420864e+12 2.393085837312e+12 2.487433035776e+12 4.022304768000e+12 4.337562550272e+12 5.282254028800e+12 4.156597469184e+12 3.353459556352e+12 3.262001709056e+12 2.917256134656e+12 3.030009249792e+12 3.964888678400e+12 5.352141094912e+12 5.416727085056e+12 7.319187881984e+12 5.876855341056e+12 2.878636032000e+12 3.526346145792e+12 2.821035655168e+12 3.618263531520e+12 3.977983295488e+12 5.851075051520e+12 5.859720560640e+12 9.487278669824e+12 1.317477023744e+13 1.050807998874e+13 9.465792299008e+12 1.609986106982e+13 1.845271461888e+13
6.721585152000e+11 1.353424830464e+12 1.338939015168e+12 1.300075249664e+12 1.362404179968e+12 1.498159906816e+12 1.656588075008e+12 1.756982935552e+12 1.810947899392e+12 1.695120490496e+12 1.429919236096e+12 1.427070910464e+12 1.540842323968e+12 1.535380815872e+12 1.429773221888e+12 1.926994984960e+12 2.143843254272e+12 2.848991477760e+12 5.429927084032e+12 5.738172252160e+12 5.153765720064e+12 4.462706950144e+12 6.131924598784e+12 7.388225077248e+12 5.231333081088e+12 4.771573923840e+12 4.632109645824e+12 4.295258275840e+12 5.077296218112e+12 7.045642190848e+12 6.679175364608e+12 3.830459662336e+12 3.927204691968e+12 4.108679643136e+12 4.458262036480e+12 4.693600239616e+12 5.229349699584e+12 6.685718478848e+12 9.287961149440e+12 1.114036502528e+13 1.290478813184e+13 1.812077740032e+13 1.186000483123e+13
