100/SI/f1.grd
DSAA
101	101
32.816463539100	34.260883539100
35.556306596100	36.727886596100
1.463947136000e+09	2.308217430344e+14
[rows 38 to 56 of 101, columns 43 to 85 of 101]
1.309576003584e+13 2.064163379610e+13 2.077843102106e+13 1.346372318003e+13 2.031523725312e+13 1.114646144614e+13 9.667233185792e+12 1.126943948800e+13 1.091529238118e+13 8.703682019328e+12 1.302298676429e+13 6.801544708096e+12 6.962062295040e+12 6.259883376640e+12 1.047646647091e+13 7.155878461440e+12 6.924720930816e+12 4.726029549568e+12 6.359645945856e+12 9.760965394432e+12 1.006249810330e+13 7.780807737344e+12 5.379684564992e+12 4.224946536448e+12 3.596906397696e+12 3.258879836160e+12 2.488417910784e+12 2.503343079424e+12 2.221554794496e+12 1.841193943040e+12 2.050929852416e+12 2.428761014272e+12 2.778772275200e+12 2.862812758016e+12 2.910164877312e+12 2.922829840384e+12 2.884306468864e+12 2.667297898496e+12 2.373293441024e+12 2.119114686464e+12 1.913052069888e+12 1.901429784576e+12 1.630223073280e+12
1.283990120038e+13 2.704122943898e+13 1.527887639347e+13 2.300186093158e+13 1.631208970650e+13 2.527088502374e+13 1.488341224653e+13 1.073418338304e+13 1.122931992166e+13 1.066751072666e+13 1.461066399744e+13 8.877224493056e+12 7.209463840768e+12 7.086246199296e+12 1.386721207910e+13 6.890196041728e+12 9.378217328640e+12 1.476884692992e+13 1.334634977690e+13 9.120392413184e+12 6.194597986304e+12 4.222218141696e+12 3.749402902528e+12 3.480584192000e+12 3.501177962496e+12 3.330838364160e+12 2.916358815744e+12 2.548242055168e+12 2.315386880000e+12 2.121524445184e+12 2.338398666752e+12 2.205756948480e+12 1.821399973888e+12 1.597590732800e+12 1.543479230464e+12 1.349481267200e+12 1.462063464448e+12 1.603812851712e+12 1.767772913664e+12 1.963359731712e+12 2.130662260736e+12 2.537098051584e+12 2.583030136832e+12
1.933303191962e+13 1.303322086605e+13 2.374205911859e+13 1.920913637376e+13 1.876502039757e+13 2.623478012314e+13 1.382802469683e+13 1.229713204838e+13 9.256664301568e+12 1.019099794637e+13 1.545158210355e+13 9.261716340736e+12 8.686335426560e+12 9.177125617664e+12 1.105092568678e+13 1.790281410150e+13 1.226867579290e+13 5.822632427520e+12 6.837919285248e+12 3.927275208704e+12 2.950165168128e+12 4.055424303104e+12 4.921544933376e+12 4.864529661952e+12 3.450023968768e+12 3.344936206336e+12 3.263233785856e+12 3.007880364032e+12 2.601385197568e+12 2.427330494464e+12 2.297610108928e+12 2.214304153600e+12 2.121678585856e+12 1.976289591296e+12 1.936573857792e+12 2.037293776896e+12 2.011433664512e+12 1.828474978304e+12 2.243585114112e+12 3.022870282240e+12 2.440089567232e+12 1.986907471872e+12 1.696691519488e+12
2.135785524429e+13 1.931971081011e+13 3.061540978688e+13 2.379067949056e+13 2.270758436864e+13 2.470025835315e+13 2.187244181914e+13 1.215391858688e+13 1.546089870131e+13 1.263143066010e+13 1.734365256090e+13 1.124341383168e+13 1.071512446566e+13 2.003860193280e+13 1.294412650906e+13 8.799966461952e+12 7.909082660864e+12 6.498277130240e+12 5.185332051968e+12 6.974612176896e+12 7.496314388480e+12 4.270111064064e+12 6.714614087680e+12 5.247838715904e+12 4.740896260096e+12 4.193917599744e+12 3.711562153984e+12 3.326336303104e+12 3.130877804544e+12 3.013018386432e+12 5.738655121408e+12 2.477641433088e+12 2.386209275904e+12 2.279126597632e+12 2.672132358144e+12 3.374030258176e+12 2.815236243456e+12 3.178951606272e+12 3.123101040640e+12 3.366722732032e+12 3.349960458240e+12 3.227803713536e+12 2.917673992192e+12
2.020947578061e+13 2.708810498048e+13 2.203079357235e+13 2.410755915776e+13 2.066614111437e+13 2.569086907187e+13 4.530628460544e+13 1.557417217229e+13 2.191289378406e+13 1.879286009037e+13 1.987273818112e+13 1.724374423962e+13 2.116470964224e+13 1.115119471821e+13 1.113863382630e+13 6.809950093312e+12 8.795576598528e+12 1.174138467123e+13 9.222848774144e+12 9.971581321216e+12 1.042780835021e+13 6.748600532992e+12 4.747455627264e+12 4.614560153600e+12 4.292478763008e+12 4.005118083072e+12 4.654963359744e+12 8.129212317696e+12 9.875211943936e+12 8.876123488256e+12 4.444121989120e+12 3.309766180864e+12 3.163968765952e+12 3.046183272448e+12 3.686574325760e+12 3.640762302464e+12 3.838598971392e+12 3.439251947520e+12 2.591427919872e+12 3.167817826304e+12 3.726786953216e+12 3.692900909056e+12 3.515275280384e+12
2.277949990502e+13 3.460850044109e+13 5.506460968550e+13 3.441714161254e+13 4.942177343898e+13 2.647612037530e+13 6.943119559885e+13 1.835804288614e+13 3.686415309210e+13 2.323037919642e+13 2.357222126387e+13 2.149214427546e+13 1.230898410291e+13 1.266788440474e+13 1.458903187456e+13 1.418708228506e+13 8.696666521600e+12 5.610790715392e+12 1.200830598349e+13 1.041719151821e+13 6.113955151872e+12 5.634619080704e+12 5.489587912704e+12 1.003737107661e+13 1.242975174656e+13 1.108027532902e+13 7.324397207552e+12 4.664789565440e+12 5.087711199232e+12 3.670210772992e+12 2.847097225216e+12 3.876670668800e+12 4.800392986624e+12 4.266936500224e+12 4.396667895808e+12 5.050838548480e+12 5.951698501632e+12 5.315531112448e+12 3.804000419840e+12 3.294140563456e+12 4.092181872640e+12 4.471838998528e+12 4.680802369536e+12
2.863718937395e+13 3.513449342566e+13 4.327781433344e+13 5.521731590554e+13 4.130404197990e+13 3.932968242381e+13 7.965026077901e+13 2.917392816538e+13 3.017084711731e+13 2.648022659891e+13 2.845719291494e+13 1.356246967910e+13 1.427138255258e+13 1.789069046579e+13 1.385010665882e+13 1.050834737562e+13 1.561493766144e+13 1.441220421222e+13 1.259535440282e+13 1.595982479360e+13 1.621897510912e+13 1.415363166208e+13 1.021645422592e+13 5.462992355328e+12 5.992221769728e+12 5.453699350528e+12 4.092664217600e+12 4.248229380096e+12 4.493067419648e+12 4.680936062976e+12 4.546850455552e+12 3.856777347072e+12 4.386483601408e+12 3.683880796160e+12 5.640427667456e+12 6.874422312960e+12 6.437851889664e+12 4.729572163584e+12 2.848461946880e+12 2.055935754240e+12 2.827674189824e+12 3.234438840320e+12 2.966823895040e+12
2.206024387789e+13 3.675486630707e+13 4.041516410470e+13 4.324056052531e+13 6.406479334605e+13 4.036841439232e+13 7.956962109030e+13 3.612674831155e+13 3.541892595712e+13 3.961244562227e+13 3.101775678669e+13 2.049494849946e+13 1.649027632333e+13 2.105560740659e+13 1.245158939034e+13 1.784441051546e+13 2.307080480358e+13 1.595071686246e+13 1.071595703501e+13 1.036815171584e+13 9.494824222720e+12 7.389681025024e+12 5.300188348416e+12 6.165795700736e+12 6.160773021696e+12 5.425612718080e+12 4.768382582784e+12 4.470164946944e+12 3.875375415296e+12 4.675675357184e+12 4.788619051008e+12 4.371157352448e+12 2.820997906432e+12 4.638680023040e+12 5.506197356544e+12 5.213774151680e+12 3.625749053440e+12 2.298955169792e+12 3.140172120064e+12 2.937153126400e+12 2.185056354304e+12 2.026280058880e+12 2.195579600896e+12
3.535671184589e+13 4.060081658266e+13 4.274591367168e+13 5.961824809779e+13 6.357979758592e+13 7.934426113638e+13 7.827306944922e+13 1.389876918354e+14 5.401341224550e+13 3.480132098458e+13 3.001353135718e+13 2.349907050496e+13 2.554982930842e+13 3.674961923277e+13 3.138648643994e+13 1.806212215603e+13 1.482168782029e+13 1.472372880179e+13 1.402698360422e+13 1.200316796109e+13 1.192315846656e+13 1.137772068864e+13 1.109418783539e+13 8.818743312384e+12 1.114770191155e+13 9.899119476736e+12 6.637253296128e+12 6.047287738368e+12 5.251828023296e+12 4.647227490304e+12 4.500422131712e+12 4.517612486656e+12 4.547798368256e+12 4.687484944384e+12 4.353090125824e+12 3.574717218816e+12 2.958143782912e+12 2.519091118080e+12 2.329743982592e+12 2.309653266432e+12 2.317217955840e+12 2.298962771968e+12 2.254982348800e+12
2.225222765773e+13 7.337731004826e+13 4.894315721523e+13 6.562342187827e+13 1.015855982838e+14 7.608934701466e+13 8.694263709696e+13 9.756644003021e+13 5.521989120819e+13 5.022595153920e+13 6.562929809818e+13 4.050666284646e+13 5.056690231706e+13 3.563087672115e+13 3.011045123686e+13 2.649697655194e+13 2.269017800704e+13 1.976793720422e+13 1.754788895130e+13 2.321838348698e+13 2.748190398874e+13 1.165789809869e+13 7.313500930048e+12 8.398942765056e+12 1.171419509555e+13 6.974701830144e+12 5.642079698944e+12 5.956635197440e+12 4.866375680000e+12 5.117486563328e+12 4.929549238272e+12 4.584818868224e+12 4.848463904768e+12 4.140820070400e+12 3.163190722560e+12 3.055349137408e+12 2.901439676416e+12 2.778284163072e+12 2.754688843776e+12 2.524994076672e+12 2.332589555712e+12 2.393722847232e+12 2.521829998592e+12
6.921405648077e+13 6.826184880947e+13 7.642542820557e+13 8.902680353178e+13 1.023584742932e+14 1.521834923131e+14 1.910303306547e+14 7.638543132262e+13 7.381980912026e+13 4.354038615245e+13 7.033216984678e+13 6.364252759654e+13 2.785544660582e+13 3.842282776166e+13 4.191283262259e+13 2.045551784755e+13 1.803609859686e+13 1.937755445658e+13 2.179904779059e+13 2.642579501875e+13 2.103762223104e+13 9.888440778752e+12 1.149661662413e+13 8.842609950720e+12 7.750392741888e+12 7.254470295552e+12 7.079578304512e+12 7.035061534720e+12 5.846047653888e+12 4.075852922880e+12 2.961962434560e+12 3.246430617600e+12 3.704283725824e+12 3.821809434624e+12 3.304890302464e+12 3.143113113600e+12 2.862031306752e+12 3.443820068864e+12 3.858673958912e+12 3.978075045888e+12 3.587580100608e+12 3.133124902912e+12 2.745391120384e+12
4.405404159181e+13 7.864716781158e+13 6.465384139981e+13 8.095647609651e+13 9.970488914739e+13 8.632806250906e+13 9.849169510400e+13 6.166708171571e+13 5.663922271027e+13 4.899059898778e+13 6.331113144320e+13 7.517297547674e+13 7.722511420621e+13 4.441793101824e+13 2.882344373453e+13 1.795721422438e+13 1.363646034739e+13 1.219335343309e+13 1.012411347763e+13 8.809714024448e+12 7.449429409792e+12 8.479161450496e+12 1.050635717837e+13 1.215781299814e+13 1.252692957594e+13 1.114317416038e+13 8.174337261568e+12 5.743781085184e+12 5.076083539968e+12 4.194496413696e+12 2.722237513728e+12 3.341727301632e+12 4.401282940928e+12 3.783966326784e+12 2.451707789312e+12 2.696472166400e+12 2.277426331648e+12 3.123281133568e+12 3.707824504832e+12 3.941990924288e+12 4.498418827264e+12 5.684342030336e+12 6.479927050240e+12
1.377674303898e+13 2.502823195443e+13 3.696951400858e+13 1.602337877524e+14 1.017452502712e+14 9.612692134298e+13 5.102008008704e+13 5.363643659059e+13 5.227329617920e+13 8.239929150669e+13 7.435217534976e+13 1.010659324068e+14 1.502713091195e+14 1.114242023424e+14 7.461078774579e+13 3.523152026010e+13 1.716766480794e+13 1.262495046042e+13 9.837880541184e+12 1.105239683891e+13 1.429604925440e+13 1.326858528358e+13 9.867214454784e+12 6.399418957824e+12 8.151372398592e+12 7.834157187072e+12 1.016575557632e+13 1.559230729421e+13 7.431736786944e+12 3.933181575168e+12 3.575334567936e+12 6.353570496512e+12 5.407840403456e+12 2.346342154240e+12 2.060273057792e+12 2.120996749312e+12 2.194655412224e+12 2.263950032896e+12 2.310564478976e+12 2.315501961216e+12 2.324464926720e+12 2.447822553088e+12 2.232216453120e+12
3.154189221888e+12 9.409762689024e+12 2.370359315661e+13 2.379112408678e+13 2.281868728730e+13 2.997010563072e+13 2.222398321459e+13 2.671405904691e+13 3.451920370893e+13 4.117375012045e+13 8.694904599347e+13 9.627446856909e+13 1.315316034437e+14 8.333115680358e+13 5.150675776307e+13 3.011867416986e+13 1.406285329203e+13 7.632127000576e+12 7.074442903552e+12 2.058130292736e+13 6.663409814733e+13 2.417979765555e+13 2.068426260480e+13 1.207347812762e+13 1.242330195558e+13 1.077162698342e+13 1.272093920461e+13 9.063856340992e+12 4.563356614656e+12 6.367627182080e+12 5.355313037312e+12 5.529371934720e+12 3.069920149504e+12 2.765878984704e+12 1.928494186496e+12 1.874852446208e+12 1.837948600320e+12 1.787340128256e+12 1.920745734144e+12 1.969399791616e+12 2.569821224960e+12 3.029098561536e+12 2.938321764352e+12
2.310098649088e+12 4.234429595648e+12 1.754784281395e+13 1.088047546368e+13 5.728502808576e+12 4.468712669184e+12 6.633605824512e+12 1.282593521664e+13 1.230217674752e+13 1.289445231821e+13 3.567909443994e+13 2.308217430344e+14 1.493514646979e+14 7.122761180774e+13 3.462309032755e+13 1.425883424358e+13 5.009550344192e+12 2.921371795456e+12 3.651973414912e+12 1.181051623834e+13 2.726231959142e+13 4.794214042829e+13 2.431899192525e+13 1.860636665446e+13 1.473515513446e+13 1.112124424192e+13 9.107002097664e+12 8.564652376064e+12 7.581682630656e+12 8.042434265088e+12 9.940755283968e+12 3.486419517440e+12 3.461755437056e+12 3.014678544384e+12 3.046671908864e+12 2.826907418624e+12 2.470259982336e+12 2.076533981184e+12 2.441090957312e+12 2.822098911232e+12 3.312839294976e+12 3.272014036992e+12 2.799042822144e+12
1.512207679488e+12 5.627898757120e+12 1.347273044787e+13 2.001508866458e+13 2.579668402176e+12 2.793303179264e+12 2.629962825728e+12 6.268300296192e+12 1.227296342016e+13 2.441275768832e+13 3.090222048870e+13 4.580580524032e+13 1.178568050606e+14 7.465911451648e+13 9.812418179891e+13 2.706024012186e+13 3.059709902848e+12 1.602912780288e+12 2.957197443072e+12 8.648828387328e+12 3.781912480973e+13 4.710766267597e+13 3.644579223962e+13 2.491574491546e+13 1.727612216934e+13 1.080342714778e+13 1.239720814182e+13 9.282846195712e+12 9.792475103232e+12 9.772119097344e+12 6.805976514560e+12 5.104156540928e+12 4.193074020352e+12 4.504885919744e+12 4.174272528384e+12 2.936469716992e+12 2.836281163776e+12 2.599704592384e+12 2.392407670784e+12 2.790301368320e+12 3.073955856384e+12 3.000985714688e+12 2.670280572928e+12
1.081405014016e+12 2.742219964416e+12 1.974859097702e+13 2.093767196672e+13 1.020795446886e+13 1.943019454464e+12 1.638345342976e+12 3.229526261760e+12 3.322023247872e+12 2.513876025344e+12 1.994642161664e+12 8.208510353408e+12 4.548540235776e+13 3.260733508813e+13 1.618766798520e+14 1.790889793946e+13 1.329420304384e+13 5.433291440128e+12 3.611759738880e+12 8.177768726528e+12 1.726721975910e+13 1.424162836972e+14 4.144025619661e+13 1.613263431270e+13 1.582266790707e+13 1.068629701427e+13 1.101910559949e+13 1.134232600576e+13 1.466242485453e+13 1.125916029747e+13 6.436763467776e+12 6.921939058688e+12 5.103300902912e+12 4.898278604800e+12 4.822447685632e+12 3.848847228928e+12 4.581109530624e+12 5.077807398912e+12 3.284105691136e+12 2.344202010624e+12 2.273270038528e+12 2.260443594752e+12 2.409125904384e+12
8.621180190720e+11 1.538191785984e+12 1.786218545152e+12 7.915298095104e+12 4.662265118720e+12 1.542580862976e+12 1.357871054848e+12 1.679649406976e+12 1.638738952192e+12 1.517456588800e+12 9.632834519040e+11 9.578104750080e+11 3.604821049344e+12 3.461674644275e+13 8.257013389722e+13 2.464687954330e+13 1.673582451098e+13 7.040320143360e+12 3.877444517888e+12 6.354399395840e+12 7.718347735040e+12 9.724582952960e+12 9.418133471232e+12 7.304321695744e+12 7.914004152320e+12 1.301442828698e+13 1.810846711808e+13 1.822039631462e+13 9.435713896448e+12 1.222045702554e+13 1.278066609357e+13 1.121221450138e+13 6.955519180800e+12 5.826462351360e+12 4.854874374144e+12 4.233312075776e+12 3.625733062656e+12 4.284283092992e+12 4.349013000192e+12 2.873515048960e+12 2.185514450944e+12 2.263120084992e+12 2.221652049920e+12
8.741942722560e+11 1.622419177472e+12 1.183081955328e+12 8.603972403200e+11 8.660084981760e+11 1.205109522432e+12 2.191136915456e+12 1.192193556480e+12 1.280046661632e+12 9.060439818240e+11 5.785853624320e+11 4.486527057920e+11 7.615210455040e+11 3.260827251507e+13 4.077545062400e+13 7.150183540326e+13 1.417018657997e+13 1.768492000870e+13 1.430592788890e+13 4.847017918464e+12 4.154108149760e+12 8.038600146944e+12 2.251180474368e+13 1.708246066790e+13 2.238382604288e+13 2.268892181299e+13 2.142756038246e+13 2.045812880179e+13 1.973959629210e+13 1.910966216294e+13 2.052210032640e+13 2.526673475994e+13 2.164755582157e+13 9.020014329856e+12 3.782825213952e+12 4.577100300288e+12 4.987565899776e+12 3.432730329088e+12 3.405462634496e+12 2.418526388224e+12 2.419822690304e+12 1.734209699840e+12 1.916021374976e+12
