100/SI/f1.grd
DSAA
101	101
32.816463539100	34.260883539100
35.556306596100	36.727886596100
1.463947136000e+09	2.308217430344e+14
[rows 0 to 18 of 101, columns 43 to 85 of 101]
2.765014302720e+11 4.732774318080e+11 5.449426206720e+11 4.311065886720e+11 3.010316206080e+11 3.138849013760e+11 2.691978199040e+11 2.281940418560e+11 1.527781949440e+11 2.259326074880e+11 2.972246999040e+11 3.703612047360e+11 4.558301757440e+11 6.568164065280e+11 2.914699509760e+11 3.568606576640e+11 4.523864227840e+11 4.996794286080e+11 3.385805045760e+11 2.082206515200e+11 2.394430668800e+11 3.249415782400e+11 3.396514283520e+11 3.548101017600e+11 3.647886458880e+11 2.729105326080e+11 1.817257082880e+11 1.848438784000e+11 3.384540200960e+11 5.115835514880e+11 4.174234910720e+11 2.042075873280e+11 2.644374814720e+11 1.649836195840e+11 1.734564577280e+11 1.480445132800e+11 1.280496926720e+11 1.173764341760e+11 8.619986944000e+10 8.471512678400e+10 1.167810232320e+11 1.958364282880e+11 1.943189094400e+11
4.786248089600e+11 8.560964403200e+11 1.069428834304e+12 9.450957045760e+11 7.090390302720e+11 6.561448591360e+11 5.626162053120e+11 4.269720207360e+11 3.728844718080e+11 4.928917995520e+11 5.445326602240e+11 6.434496839680e+11 8.986688880640e+11 1.307659075584e+12 5.533023600640e+11 6.759484620800e+11 8.521515663360e+11 9.322908221440e+11 6.418781306880e+11 3.992981012480e+11 4.922522009600e+11 6.185673687040e+11 6.703923200000e+11 6.169117327360e+11 6.650022461440e+11 5.644257853440e+11 3.381889269760e+11 3.818234183680e+11 7.612066037760e+11 1.217214283776e+12 7.401698099200e+11 3.358772428800e+11 5.166790410240e+11 3.025331486720e+11 3.351582801920e+11 2.758063882240e+11 2.294873456640e+11 2.054992691200e+11 1.614170685440e+11 1.641916334080e+11 2.582371205120e+11 3.962533642240e+11 3.685623726080e+11
5.642385489920e+11 8.717563330560e+11 1.192241135616e+12 1.171409600512e+12 9.522471895040e+11 9.509495111680e+11 6.668179210240e+11 4.919553556480e+11 6.669624934400e+11 6.697203138560e+11 5.369075138560e+11 7.357695262720e+11 9.553974394880e+11 1.364873707520e+12 6.520017387520e+11 7.704059576320e+11 9.511653212160e+11 1.063466958848e+12 7.368764293120e+11 5.887014993920e+11 5.698445639680e+11 6.202290995200e+11 7.521258700800e+11 7.716270243840e+11 9.716310343680e+11 7.519438766080e+11 4.371495321600e+11 4.624385966080e+11 9.961740042240e+11 1.564984868864e+12 7.556698603520e+11 3.880225013760e+11 5.941257830400e+11 3.322914406400e+11 3.734232432640e+11 3.310409154560e+11 2.935977738240e+11 2.326996254720e+11 1.907485900800e+11 2.324850769920e+11 3.270662881280e+11 4.378991984640e+11 3.762975211520e+11
6.478840463360e+11 7.359536168960e+11 1.062146867200e+12 1.153135542272e+12 1.028801429504e+12 1.270440919040e+12 6.991835299840e+11 6.727548272640e+11 9.524856750080e+11 9.830099189760e+11 6.583255695360e+11 7.758147092480e+11 9.775788851200e+11 1.375833161728e+12 6.836319682560e+11 8.641739489280e+11 9.743109980160e+11 1.106360532992e+12 8.112993075200e+11 7.698610257920e+11 6.115048816640e+11 7.448685445120e+11 9.004903301120e+11 8.872523857920e+11 1.285205917696e+12 9.252835164160e+11 4.917041889280e+11 5.494887219200e+11 1.160920301568e+12 1.695521701888e+12 7.015953858560e+11 4.411791769600e+11 6.298673479680e+11 3.474712494080e+11 3.829962506240e+11 4.185436323840e+11 3.527789772800e+11 2.650938408960e+11 2.277744148480e+11 2.869042872320e+11 3.903722946560e+11 4.554799841280e+11 3.598114816000e+11
6.357065400320e+11 8.791202856960e+11 8.345243484160e+11 9.708879216640e+11 9.453448724480e+11 1.612542640128e+12 7.210279239680e+11 8.300912312320e+11 1.215016337408e+12 1.306359889920e+12 9.255462502400e+11 8.127544688640e+11 1.003957256192e+12 1.381155340288e+12 6.828572672000e+11 9.452622315520e+11 9.852013117440e+11 1.142212132864e+12 8.978913689600e+11 9.449895362560e+11 6.946849423360e+11 9.362927124480e+11 1.137659871232e+12 1.107547258880e+12 1.594180894720e+12 1.067819663360e+12 5.776675962880e+11 5.877990686720e+11 1.228510199808e+12 1.638535397376e+12 7.578390364160e+11 5.257416867840e+11 6.516173701120e+11 4.112466903040e+11 4.715109744640e+11 4.886945136640e+11 3.898646528000e+11 2.750684200960e+11 2.884201676800e+11 3.126637363200e+11 4.552548679680e+11 4.611723100160e+11 3.436753059840e+11
5.510307512320e+11 9.305026723840e+11 6.939082752000e+11 7.674022461440e+11 8.197308416000e+11 1.953991491584e+12 8.219705344000e+11 9.435511521280e+11 1.446691340288e+12 1.626007928832e+12 1.204202373120e+12 8.558983249920e+11 1.040126705664e+12 1.385084616704e+12 7.495689175040e+11 1.012134772736e+12 9.816603361280e+11 1.173835087872e+12 9.183828377600e+11 1.094150782976e+12 8.367262924800e+11 1.128998895616e+12 1.350531940352e+12 1.294854127616e+12 1.868066979840e+12 1.146945273856e+12 6.342977781760e+11 6.778933739520e+11 1.174826516480e+12 1.329020534784e+12 7.534522531840e+11 6.078642913280e+11 6.578406686720e+11 4.592614440960e+11 5.497209487360e+11 5.410302853120e+11 4.072391639040e+11 2.892666306560e+11 3.245645168640e+11 3.566253178880e+11 5.196247859200e+11 4.684774768640e+11 3.291754987520e+11
4.652601180160e+11 8.895405752320e+11 6.945237237760e+11 5.977439600640e+11 7.622390579200e+11 2.267929378816e+12 8.870435880960e+11 9.961886842880e+11 1.605114527744e+12 1.867837472768e+12 1.454450016256e+12 8.896454328320e+11 1.071733080064e+12 1.383431143424e+12 7.566205255680e+11 1.076958199808e+12 9.641005547520e+11 1.195717165056e+12 8.644846551040e+11 1.154308505600e+12 9.745616732160e+11 1.265776721920e+12 1.494946152448e+12 1.397794275328e+12 2.066721144832e+12 1.149863067648e+12 6.112564346880e+11 7.585719910400e+11 1.005761658880e+12 9.242700677120e+11 7.064519311360e+11 6.891289968640e+11 6.533536153600e+11 4.869857935360e+11 6.113523793920e+11 5.711183216640e+11 4.042623549440e+11 3.393796833280e+11 3.200101253120e+11 4.847933194240e+11 5.931947786240e+11 4.798553456640e+11 3.072555745280e+11
5.385407365120e+11 8.482207825920e+11 6.695104675840e+11 6.352913694720e+11 8.593105223680e+11 2.566720847872e+12 9.382741934080e+11 9.622762946560e+11 1.618575622144e+12 1.967247065088e+12 1.648545890304e+12 1.005612433408e+12 1.112563646464e+12 1.389409992704e+12 7.952101539840e+11 1.137500618752e+12 9.351405240320e+11 1.209961283584e+12 8.900026695680e+11 1.090116780032e+12 1.044340277248e+12 1.328319954944e+12 1.527777460224e+12 1.395877085184e+12 2.179692625920e+12 1.104849141760e+12 6.972767600640e+11 9.101779271680e+11 7.630391869440e+11 6.814660034560e+11 7.306828185600e+11 7.707236761600e+11 6.354654986240e+11 5.999116943360e+11 6.497668300800e+11 5.738016931840e+11 3.813410078720e+11 3.484692316160e+11 4.052818001920e+11 6.526180392960e+11 6.490535362560e+11 4.564890419200e+11 2.551494737920e+11
6.072719769600e+11 8.500939325440e+11 6.639373516800e+11 6.703368110080e+11 9.529751633920e+11 2.845199040512e+12 1.033393274880e+12 8.434895421440e+11 1.473303019520e+12 1.909996650496e+12 1.762048868352e+12 1.219988160512e+12 1.156020043776e+12 1.608705769472e+12 8.929626685440e+11 1.197399736320e+12 9.199897804800e+11 1.219643572224e+12 9.073274388480e+11 9.590317383680e+11 1.063746207744e+12 1.298337759232e+12 1.447831666688e+12 1.464471388160e+12 2.162293473280e+12 9.758241587200e+11 8.299707105280e+11 1.064934113280e+12 6.904100290560e+11 8.379159019520e+11 9.195224432640e+11 8.494162247680e+11 6.885486755840e+11 7.462305136640e+11 7.615088558080e+11 5.461735833600e+11 3.766905733120e+11 3.389468508160e+11 6.458720256000e+11 7.896130519040e+11 6.270217093120e+11 3.621943705600e+11 3.023665561600e+11
6.530439577600e+11 8.653568081920e+11 6.568176517120e+11 6.829967933440e+11 1.043057475584e+12 3.070117543936e+12 1.136590192640e+12 7.272340520960e+11 1.248708919296e+12 1.735831977984e+12 1.769966534656e+12 1.388955828224e+12 1.195677319168e+12 1.733991464960e+12 1.118842388480e+12 1.263762014208e+12 1.239779508224e+12 1.237246410752e+12 9.157354455040e+11 1.175185129472e+12 1.057663614976e+12 1.200815079424e+12 1.275966652416e+12 1.631883362304e+12 2.004806402048e+12 7.808984678400e+11 9.654001336320e+11 1.219085336576e+12 7.929865830400e+11 9.710225326080e+11 1.081960431616e+12 9.205265858560e+11 7.662537277440e+11 7.904017121280e+11 8.250794311680e+11 4.922334248960e+11 3.510216949760e+11 6.117193154560e+11 8.685419888640e+11 7.967750225920e+11 4.839451852800e+11 3.128114872320e+11 2.961212702720e+11
6.631749713920e+11 8.944078028800e+11 6.508725534720e+11 7.521208238080e+11 1.124589895680e+12 3.251360497664e+12 1.231142387712e+12 7.620024074240e+11 9.932034539520e+11 1.457072766976e+12 1.635135389696e+12 1.474545844224e+12 1.224271200256e+12 1.724899000320e+12 1.412498849792e+12 1.328329523200e+12 1.737301688320e+12 1.303840817152e+12 9.148600811520e+11 1.551864037376e+12 1.282910846976e+12 1.121288060928e+12 1.692892004352e+12 1.735079624704e+12 1.741592330240e+12 7.967061442560e+11 1.079750819840e+12 1.326209433600e+12 8.276295024640e+11 1.048699797504e+12 1.224975581184e+12 1.037681426432e+12 7.077374197760e+11 6.847835668480e+11 7.780291051520e+11 4.218041139200e+11 5.548365578240e+11 9.069137756160e+11 9.313439580160e+11 6.177296220160e+11 3.066580172800e+11 2.790711296000e+11 2.979551641600e+11
6.576601169920e+11 9.264501882880e+11 8.913885593600e+11 8.458030940160e+11 1.198412922880e+12 3.367408238592e+12 1.290694426624e+12 7.896690851840e+11 1.020443164672e+12 1.271175446528e+12 1.391219441664e+12 1.446058393600e+12 1.324729499648e+12 1.821149364224e+12 1.711901769728e+12 1.386615930880e+12 2.312552316928e+12 1.709105217536e+12 9.215684771840e+11 1.881989447680e+12 1.428724908032e+12 1.484740231168e+12 2.227692371968e+12 1.755516764160e+12 1.408350683136e+12 8.259260252160e+11 1.128160296960e+12 1.355070177280e+12 8.257288929280e+11 1.041545494528e+12 1.299063504896e+12 1.152928448512e+12 6.801788764160e+11 5.676390154240e+11 7.180151029760e+11 4.688272097280e+11 8.940997181440e+11 1.046626893824e+12 7.447712235520e+11 3.779490938880e+11 2.925129564160e+11 3.849907404800e+11 4.044489687040e+11
6.856316026880e+11 9.581567672320e+11 1.120735330304e+12 7.727811788800e+11 1.268435648512e+12 3.461250809856e+12 1.317677432832e+12 8.135585300480e+11 1.021860904960e+12 1.313050329088e+12 1.065851092992e+12 1.282337275904e+12 1.562296844288e+12 2.026922049536e+12 1.843352043520e+12 1.497454870528e+12 2.875999387648e+12 2.081526120448e+12 9.944252416000e+11 2.138451476480e+12 1.498037616640e+12 1.795525967872e+12 2.617912590336e+12 1.635486924800e+12 1.038052622336e+12 9.672627978240e+11 1.084342075392e+12 1.281402208256e+12 7.872405831680e+11 9.532806266880e+11 1.257091235840e+12 1.182080040960e+12 7.198685921280e+11 4.900408524800e+11 6.840536924160e+11 8.227701391360e+11 1.130591551488e+12 8.975588392960e+11 4.585686958080e+11 3.168313671680e+11 3.258167132160e+11 4.944143319040e+11 4.798812651520e+11
7.578187202560e+11 9.904985866240e+11 1.211083259904e+12 9.915276328960e+11 1.340717268992e+12 3.569490853888e+12 1.335281057792e+12 8.372251525120e+11 9.331197870080e+11 1.264438214656e+12 1.036852133888e+12 1.126791774208e+12 1.741442514944e+12 2.171516747776e+12 1.710575714304e+12 1.846605119488e+12 3.321896894464e+12 2.379704434688e+12 1.160292728832e+12 2.313449111552e+12 1.499834744832e+12 1.946303725568e+12 2.732568870912e+12 1.360107536384e+12 9.161450455040e+11 1.224342372352e+12 1.267972440064e+12 1.140240678912e+12 7.982985379840e+11 8.000104693760e+11 1.112428904448e+12 1.118007590912e+12 7.181508935680e+11 4.333136773120e+11 7.024913940480e+11 1.154093154304e+12 1.074887524352e+12 5.792729661440e+11 4.002218639360e+11 3.036172779520e+11 3.930765066240e+11 5.564663070720e+11 5.088168837120e+11
1.148117975040e+12 1.028462673920e+12 1.208706662400e+12 1.623076241408e+12 1.415913668608e+12 3.635967426560e+12 1.329575100416e+12 8.914650398720e+11 7.641839697920e+11 1.170840879104e+12 9.676078448640e+11 1.167218049024e+12 1.832679374848e+12 2.314934157312e+12 1.456003874816e+12 2.189168607232e+12 3.684967907328e+12 2.549939699712e+12 1.196742410240e+12 2.460161671168e+12 1.457619468288e+12 1.895064928256e+12 2.626095415296e+12 1.169360158720e+12 9.807739617280e+11 1.461190918144e+12 1.604567957504e+12 1.015949164544e+12 8.120441241600e+11 7.484173844480e+11 9.647818014720e+11 1.010452922368e+12 6.795445534720e+11 5.599706480640e+11 1.095688192000e+12 1.240775917568e+12 7.491029565440e+11 3.577590251520e+11 4.115198443520e+11 3.205856624640e+11 4.475749990400e+11 5.880623923200e+11 5.995001282560e+11
1.510981500928e+12 1.160427995136e+12 1.187336552448e+12 1.992016134144e+12 1.473382449152e+12 3.656749416448e+12 1.290503585792e+12 1.020376055808e+12 7.581863116800e+11 1.197600276480e+12 1.023133417472e+12 1.250235777024e+12 1.919003394048e+12 2.452947468288e+12 1.404830220288e+12 2.468928552960e+12 3.746675818496e+12 2.411824676864e+12 1.358085226496e+12 2.581523333120e+12 1.391257583616e+12 1.728809271296e+12 2.266801897472e+12 1.109569437696e+12 1.051245150208e+12 1.676864389120e+12 1.723551055872e+12 9.140508426240e+11 8.888113561600e+11 8.054396682240e+11 1.084058107904e+12 9.400782028800e+11 6.044426567680e+11 9.825836072960e+11 1.330454331392e+12 9.591476060160e+11 4.903451361280e+11 3.452825108480e+11 4.145806376960e+11 3.648561152000e+11 5.414926417920e+11 7.060138885120e+11 7.027317800960e+11
1.698511716352e+12 1.517186318336e+12 1.437092806656e+12 1.834132570112e+12 1.713402150912e+12 3.628248072192e+12 1.443942760448e+12 1.120522731520e+12 8.322656501760e+11 1.213208330240e+12 1.127737589760e+12 1.488693100544e+12 2.023460831232e+12 2.587892121600e+12 1.419250237440e+12 2.644884062208e+12 3.527141490688e+12 2.139578171392e+12 1.490439110656e+12 2.671299002368e+12 1.291755847680e+12 1.377196048384e+12 1.758670356480e+12 1.027407478784e+12 1.230629634048e+12 1.674688069632e+12 1.585967661056e+12 9.759937003520e+11 1.022596087808e+12 8.659729121280e+11 1.177693192192e+12 8.330983505920e+11 8.381467852800e+11 1.328400564224e+12 1.173919760384e+12 7.517840998400e+11 4.179566592000e+11 3.760723394560e+11 4.676341923840e+11 5.178154352640e+11 7.561304473600e+11 7.758215905280e+11 6.453626142720e+11
2.133332721664e+12 1.812254425088e+12 1.954403319808e+12 1.457390878720e+12 2.030735851520e+12 3.516193832960e+12 1.636781522944e+12 1.481189359616e+12 1.159024345088e+12 1.213196009472e+12 1.337631965184e+12 2.018720088064e+12 2.108829728768e+12 2.737513693184e+12 1.678223081472e+12 2.655535235072e+12 3.260806856704e+12 2.156652920832e+12 1.529258835968e+12 2.736782049280e+12 1.265600561152e+12 1.132078039040e+12 1.320944795648e+12 1.057890566144e+12 1.336092786688e+12 1.494936846336e+12 1.170397855744e+12 1.079666868224e+12 1.188854628352e+12 9.842777128960e+11 1.219060695040e+12 7.217007820800e+11 1.252562567168e+12 1.321854435328e+12 1.077954805760e+12 6.785529937920e+11 5.125689507840e+11 4.625267752960e+11 5.585059184640e+11 7.517536911360e+11 8.409186304000e+11 6.769399562240e+11 5.019002470400e+11
2.350845526016e+12 1.998814445568e+12 2.360663343104e+12 2.014048550912e+12 1.709244153856e+12 3.320017059840e+12 1.511456112640e+12 1.702520684544e+12 1.592122146816e+12 1.322215145472e+12 1.447524696064e+12 2.422552920064e+12 2.537170665472e+12 2.902580527104e+12 1.871382577152e+12 2.500368269312e+12 3.317821341696e+12 2.630576242688e+12 1.477304516608e+12 2.742369124352e+12 1.273293307904e+12 1.220492656640e+12 1.334078865408e+12 1.174805282816e+12 1.249967341568e+12 1.106911690752e+12 1.117295738880e+12 1.253442584576e+12 1.298445762560e+12 1.018152026112e+12 1.211118518272e+12 1.173873098752e+12 1.397974630400e+12 1.157282267136e+12 1.147974582272e+12 8.765811589120e+11 6.226212945920e+11 5.951772426240e+11 7.118790328320e+11 8.427057971200e+11 6.962229411840e+11 5.968582410240e+11 5.199660646400e+11
