100/SI/f1.grd
DSAA
101	101
32.816463539100	34.260883539100
35.556306596100	36.727886596100
1.463947136000e+09	2.308217430344e+14
[rows 0 to 18 of 101, columns 0 to 42 of 101]
1.912485314560e+11 3.431505264640e+11 3.062515630080e+11 1.857298432000e+11 1.511693189120e+11 1.636302028800e+11 3.237681233920e+11 4.546064875520e+11 4.089202606080e+11 2.458993131520e+11 1.780857569280e+11 2.044304097280e+11 2.168524636160e+11 2.092929843200e+11 1.794724167680e+11 2.976785694720e+11 4.487716208640e+11 5.179591229440e+11 3.663604285440e+11 2.098609029120e+11 2.431075942400e+11 2.441174548480e+11 1.899720212480e+11 1.707429232640e+11 1.775178711040e+11 2.408690483200e+11 3.202491023360e+11 3.658906992640e+11 5.473913405440e+11 4.349293690880e+11 3.179070423040e+11 2.983163658240e+11 2.584046305280e+11 2.047061360640e+11 2.050287861760e+11 1.972524154880e+11 1.800192000000e+11 2.069013790720e+11 2.906799472640e+11 3.607147970560e+11 2.798547107840e+11 2.225760010240e+11 2.127107194880e+11
3.532533923840e+11 6.682184253440e+11 6.590275256320e+11 4.645331927040e+11 3.135109201920e+11 3.117549486080e+11 6.226034688000e+11 8.671864422400e+11 7.719698432000e+11 4.531432652800e+11 3.052314951680e+11 3.486674452480e+11 3.680223887360e+11 3.502931968000e+11 3.301356666880e+11 4.403985448960e+11 7.044034723840e+11 9.226958929920e+11 8.296880537600e+11 4.922731069440e+11 4.430642544640e+11 5.647309864960e+11 3.545001820160e+11 3.386810695680e+11 3.645029416960e+11 4.690742149120e+11 5.362760089600e+11 6.119569489920e+11 1.040940793856e+12 8.081213358080e+11 5.156057907200e+11 4.667614167040e+11 4.402366382080e+11 4.292575232000e+11 4.627216138240e+11 4.845693501440e+11 4.864122552320e+11 4.634119700480e+11 5.791492341760e+11 7.367844167680e+11 5.418755031040e+11 4.009280798720e+11 4.394617733120e+11
3.437300613120e+11 7.070883512320e+11 7.949307084800e+11 6.851980820480e+11 4.444574187520e+11 3.593125232640e+11 7.190433628160e+11 9.839710044160e+11 8.484767006720e+11 4.685704069120e+11 3.842665021440e+11 4.327606845440e+11 4.470016245760e+11 4.135733493760e+11 3.405380321280e+11 3.554062499840e+11 4.578329886720e+11 6.870857809920e+11 7.875881861120e+11 6.387460997120e+11 5.797830328320e+11 8.723755827200e+11 4.537509806080e+11 4.192563691520e+11 4.819309035520e+11 5.802659676160e+11 6.008129454080e+11 5.951203573760e+11 1.211469922304e+12 9.051333591040e+11 4.974247280640e+11 4.261281792000e+11 6.028349931520e+11 3.737314918400e+11 4.336926392320e+11 4.976684892160e+11 5.484739952640e+11 6.666452336640e+11 6.978025553920e+11 6.867042304000e+11 7.669640724480e+11 3.712407633920e+11 4.914264473600e+11
2.960071720960e+11 6.542274068480e+11 7.993655951360e+11 8.206482800640e+11 6.634462904320e+11 3.787891671040e+11 7.499941806080e+11 1.004500877312e+12 8.180212695040e+11 4.014108180480e+11 4.535580753920e+11 4.674120253440e+11 4.653319454720e+11 4.139610603520e+11 3.568936222720e+11 3.605848064000e+11 3.466559488000e+11 3.948778291200e+11 5.166966374400e+11 5.119068405760e+11 9.724028518400e+11 1.109838004224e+12 5.155746611200e+11 4.593638768640e+11 5.287524761600e+11 6.035908853760e+11 5.758141726720e+11 5.804107366400e+11 1.211382759424e+12 8.783113748480e+11 4.364093030400e+11 3.502485667840e+11 6.953349283840e+11 3.687496744960e+11 4.065410744320e+11 5.758053908480e+11 7.134895800320e+11 7.442197381120e+11 6.300589096960e+11 8.663499407360e+11 9.182176870400e+11 4.024330485760e+11 4.496969891840e+11
2.896730193920e+11 6.255011430400e+11 7.423538626560e+11 8.379716730880e+11 8.054051307520e+11 5.720605982720e+11 7.631939174400e+11 1.000444133376e+12 7.643570503680e+11 3.872267304960e+11 4.530623283200e+11 4.845450362880e+11 4.576050544640e+11 4.145860116480e+11 4.121329991680e+11 3.339814830080e+11 3.806757519360e+11 3.326782996480e+11 3.963919073280e+11 8.009093611520e+11 1.352295251968e+12 1.218561048576e+12 5.516328960000e+11 5.979038023680e+11 5.269605908480e+11 5.877968404480e+11 5.256882749440e+11 5.767027752960e+11 1.144713117696e+12 8.260721704960e+11 5.159367147520e+11 3.990030254080e+11 7.416585912320e+11 4.529442979840e+11 6.371591454720e+11 7.641866567680e+11 7.735354327040e+11 6.532032757760e+11 4.616498053120e+11 8.814824652800e+11 1.038376566784e+12 5.930977198080e+11 4.015527034880e+11
2.874851983360e+11 5.445787975680e+11 6.585091358720e+11 7.330363473920e+11 8.168650178560e+11 6.832940646400e+11 7.601909268480e+11 9.647394652160e+11 6.862009794560e+11 4.286675353600e+11 4.798218567680e+11 4.831351603200e+11 5.126510673920e+11 4.858670940160e+11 4.358772162560e+11 4.430048788480e+11 3.471923937280e+11 3.980424642560e+11 6.269787176960e+11 1.144040587264e+12 1.573591711744e+12 1.202574721024e+12 6.020948951040e+11 9.072189767680e+11 5.580933693440e+11 5.499703787520e+11 4.699656028160e+11 5.566943723520e+11 1.021837312000e+12 7.612805283840e+11 5.220675747840e+11 4.390164234240e+11 8.599565762560e+11 6.771380060160e+11 8.054681763840e+11 7.972828610560e+11 6.622512414720e+11 4.577681080320e+11 4.741764874240e+11 7.347900252160e+11 1.263622160384e+12 8.319476695040e+11 3.646184488960e+11
3.582705008640e+11 6.392098979840e+11 5.573916753920e+11 5.509340856320e+11 7.003905064960e+11 6.818273034240e+11 7.457676984320e+11 9.186929541120e+11 6.132603289600e+11 4.713142026240e+11 4.985301565440e+11 5.415132528640e+11 5.475990568960e+11 5.349827543040e+11 4.306023546880e+11 5.115108392960e+11 4.688992993280e+11 4.324018749440e+11 8.487263928320e+11 1.368264015872e+12 1.628426993664e+12 1.096665661440e+12 7.846399836160e+11 1.146783924224e+12 8.056974868480e+11 5.034074112000e+11 4.670128455680e+11 1.019280228352e+12 1.407973457920e+12 9.656502845440e+11 5.788806676480e+11 4.860776284160e+11 9.448531558400e+11 7.925084979200e+11 7.936948305920e+11 6.593244037120e+11 4.596151746560e+11 4.744982691840e+11 6.789755043840e+11 8.512522158080e+11 1.286388711424e+12 1.033960620032e+12 3.745084538880e+11
3.599299706880e+11 7.232405504000e+11 7.518648401920e+11 5.483965644800e+11 4.947754352640e+11 5.670065930240e+11 7.328936099840e+11 8.947571097600e+11 5.687048273920e+11 5.078887956480e+11 5.380901437440e+11 5.735417118720e+11 5.532100198400e+11 4.863157862400e+11 5.568833781760e+11 6.234583203840e+11 6.946150809600e+11 5.732159324160e+11 1.044233650176e+12 1.486126448640e+12 1.597231464448e+12 9.841489346560e+11 8.463154544640e+11 1.258138501120e+12 9.770321838080e+11 6.216599470080e+11 4.466954731520e+11 1.537352007680e+12 1.962370662400e+12 1.127947829248e+12 6.458595737600e+11 5.854975098880e+11 9.352467578880e+11 7.258809958400e+11 6.239167447040e+11 4.820646625280e+11 4.535074488320e+11 6.667394744320e+11 8.745360424960e+11 9.624782110720e+11 1.121107050496e+12 1.193090351104e+12 3.873442365440e+11
3.087640166400e+11 6.777780305920e+11 8.477917184000e+11 7.770859765760e+11 5.203739934720e+11 4.725574205440e+11 7.226559692800e+11 8.838002769920e+11 5.452737413120e+11 5.317589729280e+11 5.706404986880e+11 5.748701921280e+11 5.245742940160e+11 4.291927080960e+11 5.375670353920e+11 6.609247272960e+11 8.969937879040e+11 7.288246763520e+11 1.156945412096e+12 1.464676646912e+12 1.447799029760e+12 8.521402286080e+11 8.562503188480e+11 1.200657268736e+12 1.052270395392e+12 7.154428149760e+11 5.613713489920e+11 1.976734842880e+12 2.287693201408e+12 1.238933307392e+12 7.194247168000e+11 5.443551559680e+11 9.489880842240e+11 6.986536058880e+11 7.936538050560e+11 8.485503631360e+11 7.510919741440e+11 8.870180945920e+11 1.016821252096e+12 9.590809559040e+11 8.676216012800e+11 1.473033797632e+12 6.074560675840e+11
2.622334238720e+11 5.586894848000e+11 7.928532828160e+11 9.038217871360e+11 7.761247600640e+11 4.837760040960e+11 7.225575342080e+11 8.798255841280e+11 5.449560555520e+11 5.438040965120e+11 5.721937674240e+11 5.459283804160e+11 5.614218772480e+11 6.101944238080e+11 6.372636098560e+11 6.454657024000e+11 9.713298964480e+11 9.293070336000e+11 1.195122753536e+12 1.359130918912e+12 1.253781405696e+12 7.245093928960e+11 7.656222228480e+11 1.047550099456e+12 1.015521673216e+12 7.338794680320e+11 6.046045306880e+11 2.237097050112e+12 2.424695422976e+12 1.280075759616e+12 6.319192145920e+11 5.065651650560e+11 1.027423535104e+12 5.512180531200e+11 6.699905187840e+11 7.242077962240e+11 9.644703744000e+11 1.051806334976e+12 1.026949971968e+12 8.210613534720e+11 7.301547950080e+11 1.590630285312e+12 8.837165219840e+11
2.616460083200e+11 5.251948544000e+11 6.487599349760e+11 8.575965593600e+11 9.442258452480e+11 7.648591872000e+11 7.146483220480e+11 8.635870085120e+11 5.667067002880e+11 5.492402421760e+11 5.632625868800e+11 6.587603353600e+11 7.291849932800e+11 7.674873118720e+11 7.845435146240e+11 7.901207592960e+11 9.721871073280e+11 1.173974286336e+12 1.641805774848e+12 1.740238356480e+12 1.463208640512e+12 1.083246641152e+12 7.633865932800e+11 8.923131412480e+11 9.153493729280e+11 6.528997785600e+11 6.497727283200e+11 2.355355713536e+12 2.478034911232e+12 1.250287157248e+12 5.851824783360e+11 5.822779228160e+11 1.007857106944e+12 6.845303357440e+11 8.101669109760e+11 9.774086881280e+11 1.086706745344e+12 1.063843856384e+12 8.811015700480e+11 8.041548349440e+11 8.227647651840e+11 1.517792919552e+12 1.145997623296e+12
2.463535431680e+11 4.818190336000e+11 5.574863093760e+11 7.073833287680e+11 9.247570657280e+11 9.807660318720e+11 7.364071260160e+11 8.304242196480e+11 5.685819473920e+11 6.050953297920e+11 7.038818058240e+11 7.835428454400e+11 8.371663011840e+11 8.669581803520e+11 8.758423060480e+11 8.720564879360e+11 8.609358151680e+11 1.549196591104e+12 2.120140455936e+12 2.210236465152e+12 1.908002258944e+12 1.497175949312e+12 1.097704210432e+12 7.883174707200e+11 1.140393771008e+12 1.089957658624e+12 9.227520573440e+11 2.256352575488e+12 2.187711479808e+12 1.134501953536e+12 7.509140439040e+11 8.906551459840e+11 9.624101191680e+11 1.023896977408e+12 1.093672173568e+12 1.139746406400e+12 1.129056174080e+12 1.077549334528e+12 9.914693713920e+11 1.096170602496e+12 9.272144691200e+11 1.288378777600e+12 1.316503420928e+12
2.663513292800e+11 5.139106365440e+11 5.029012111360e+11 5.470992465920e+11 7.753197813760e+11 9.886720327680e+11 9.985669201920e+11 7.841381744640e+11 6.178817966080e+11 7.191091609600e+11 7.905401241600e+11 8.348906291200e+11 8.605475799040e+11 8.737588510720e+11 8.725955870720e+11 8.653582499840e+11 8.624815472640e+11 1.692024569856e+12 2.291250757632e+12 2.348675760128e+12 2.037297971200e+12 1.662603362304e+12 1.301352284160e+12 9.640143093760e+11 1.511039959040e+12 1.461807480832e+12 1.233751769088e+12 1.958323552256e+12 1.708535185408e+12 9.620323696640e+11 1.300191248384e+12 1.472287866880e+12 1.471011618816e+12 1.427079823360e+12 1.383877050368e+12 1.354386112512e+12 1.317820825600e+12 1.253875646464e+12 1.149835280384e+12 1.488762830848e+12 9.940353679360e+11 9.709297336320e+11 1.621820833792e+12
3.218502123520e+11 6.207307120640e+11 5.824926187520e+11 5.256265400320e+11 6.016147128320e+11 8.411934883840e+11 1.054440095744e+12 1.010055380992e+12 6.851536486400e+11 7.618025881600e+11 7.990390292480e+11 8.098476195840e+11 8.022598615040e+11 8.034872197120e+11 7.929779322880e+11 7.515458109440e+11 8.223743016960e+11 1.544085438464e+12 2.051226206208e+12 2.126272790528e+12 1.915071102976e+12 1.627194523648e+12 1.344952598528e+12 1.062635241472e+12 1.478191349760e+12 1.528192827392e+12 1.353392848896e+12 1.942203400192e+12 1.238985474048e+12 1.123356114944e+12 1.518952120320e+12 1.722395262976e+12 1.647433875456e+12 1.461221720064e+12 1.342628560896e+12 1.265279827968e+12 1.198714126336e+12 1.119925305344e+12 1.026081816576e+12 1.575262093312e+12 1.444552507392e+12 9.119800360960e+11 1.834257612800e+12
4.148546437120e+11 8.313188515840e+11 8.367537520640e+11 8.217453527040e+11 7.976771911680e+11 7.635902791680e+11 9.174114631680e+11 1.122923446272e+12 9.958684098560e+11 7.414751559680e+11 7.496491991040e+11 7.315829555200e+11 6.967279616000e+11 6.506262036480e+11 8.373781135360e+11 8.645227970560e+11 6.811230535680e+11 1.212163424256e+12 1.567642353664e+12 1.658197901312e+12 1.555250151424e+12 1.398211346432e+12 1.233914560512e+12 1.058019409920e+12 1.145462063104e+12 1.252778180608e+12 1.226896441344e+12 2.117395283968e+12 1.045671706624e+12 1.028458283008e+12 1.331310493696e+12 1.532067446784e+12 1.468437233664e+12 1.178376732672e+12 9.681248583680e+11 8.778357800960e+11 8.319266324480e+11 8.490011852800e+11 8.275153387520e+11 1.291055923200e+12 1.922307325952e+12 9.215482265600e+11 1.833945137152e+12
4.228852285440e+11 8.604279111680e+11 8.923677327360e+11 9.341989683200e+11 9.678222786560e+11 9.777695293440e+11 9.729475215360e+11 1.001331818496e+12 1.169155948544e+12 9.410763816960e+11 8.062926848000e+11 7.278591344640e+11 6.323773767680e+11 6.619034419200e+11 7.128127242240e+11 8.731299020800e+11 9.388975063040e+11 1.028502192128e+12 1.089731035136e+12 1.172794900480e+12 1.150760517632e+12 1.204196474880e+12 1.114310180864e+12 9.440874332160e+11 9.052636446720e+11 9.033543188480e+11 9.445157109760e+11 2.231559520256e+12 1.047366991872e+12 1.105972690944e+12 1.371011678208e+12 1.393299292160e+12 1.297395220480e+12 1.046485073920e+12 7.055434055680e+11 9.628415426560e+11 1.057255522304e+12 9.809332142080e+11 8.428442746880e+11 1.035679170560e+12 2.174204116992e+12 1.187808935936e+12 1.612469501952e+12
3.579438366720e+11 6.971643002880e+11 7.678990745600e+11 8.237674659840e+11 8.952331632640e+11 9.802199203840e+11 1.038164623360e+12 1.070639611904e+12 1.097439772672e+12 1.134535376896e+12 1.146238926848e+12 1.112134909952e+12 1.082037960704e+12 1.015940907008e+12 9.164588318720e+11 8.328816230400e+11 9.150700584960e+11 1.056175489024e+12 1.066799923200e+12 8.401787944960e+11 7.795121848320e+11 1.051061583872e+12 1.325580550144e+12 1.381735989248e+12 1.251360899072e+12 9.299289047040e+11 9.623595909120e+11 2.260307542016e+12 1.267149832192e+12 1.017892962304e+12 1.166441840640e+12 1.149614030848e+12 1.199940042752e+12 1.105051254784e+12 8.273407508480e+11 1.145675710464e+12 1.170837209088e+12 9.694134927360e+11 7.309576765440e+11 1.042005819392e+12 2.077259988992e+12 1.813223571456e+12 1.227699388416e+12
4.061032284160e+11 7.479441489920e+11 8.048903454720e+11 6.941906698240e+11 7.401011281920e+11 8.004981227520e+11 8.167787724800e+11 8.972400721920e+11 9.731042836480e+11 1.038170980352e+12 1.099710201856e+12 1.188846895104e+12 1.238984425472e+12 1.236137148416e+12 1.261465239552e+12 1.223784923136e+12 1.153251409920e+12 1.055021137920e+12 1.108148617216e+12 9.311405342720e+11 8.551080263680e+11 8.140653199360e+11 9.095220428800e+11 1.019075952640e+12 1.048805113856e+12 1.046653894656e+12 9.621587886080e+11 2.159520120832e+12 1.537529610240e+12 1.163310530560e+12 1.146751811584e+12 1.181829693440e+12 1.283671457792e+12 1.145486573568e+12 9.493660958720e+11 1.203098222592e+12 1.117054566400e+12 8.674248622080e+11 7.294751866880e+11 9.471503892480e+11 1.661778001920e+12 2.446035517440e+12 1.211300839424e+12
3.963152957440e+11 7.767773020160e+11 9.225180282880e+11 8.685319618560e+11 6.576790568960e+11 5.872563650560e+11 7.166633574400e+11 8.148721991680e+11 8.766716641280e+11 8.857150423040e+11 8.764892774400e+11 9.516842352640e+11 1.007326461952e+12 1.154383478784e+12 1.230745632768e+12 1.215543771136e+12 1.194623762432e+12 1.187798450176e+12 1.163743985664e+12 1.216210927616e+12 1.003476877312e+12 1.015415177216e+12 9.360931553280e+11 8.923151073280e+11 7.756786565120e+11 9.000283668480e+11 7.905134510080e+11 1.990211534848e+12 1.812054933504e+12 1.319540490240e+12 1.266964365312e+12 1.231087992832e+12 1.194953670656e+12 1.071321645056e+12 1.165985316864e+12 1.164357140480e+12 9.694189322240e+11 7.750288670720e+11 7.735349739520e+11 8.207521546240e+11 1.349262901248e+12 2.851413950464e+12 1.287753433088e+12
