100/SI/f10.grd
DSAA
101	101
32.816463539100	34.260883539100
35.556306596100	36.727886596100
2.885071808123e-05	4.711372852325e+00
[rows 57 to 75 of 101, columns 43 to 85 of 101]
1.990109682083e-02 2.376135997474e-02 1.200418546796e-02 1.325780432671e-02 1.308729127049e-02 2.122038416564e-02 2.404525876045e-02 3.257576376200e-02 2.860671095550e-02 1.549742929637e-02 1.061834115535e-02 8.930951356888e-03 6.622144021094e-03 1.187863480300e-02 4.891948401928e-02 1.641102284193e-01 3.691316545010e-01 3.558775186539e-01 5.476695895195e-01 1.731602549553e-01 4.922273755074e-02 3.812792524695e-02 6.891224533319e-02 1.222037300467e-01 2.092630267143e-01 1.897758096457e-01 2.064111977816e-01 1.679150313139e-01 2.196438461542e-01 2.017623186111e-01 2.132085412741e-01 1.589214354753e-01 1.652015447617e-01 2.319521456957e-01 1.439900100231e-01 8.834180235863e-02 1.032204627991e-01 1.492839902639e-01 1.870023906231e-01 1.351616978645e-01 5.630021914840e-02 4.914715886116e-02 4.752464964986e-02
1.590803638101e-02 3.016391396523e-02 9.704510681331e-03 1.028001680970e-02 1.015429664403e-02 1.539220567793e-02 3.028757497668e-02 9.765421599150e-02 7.782309502363e-02 1.679002307355e-02 9.802663698792e-03 6.741750054061e-03 5.157395265996e-03 5.108270794153e-03 1.020194869488e-02 9.789031744003e-02 1.146195828915e-01 1.205061227083e-01 9.957912564278e-02 1.003572568297e-01 7.180619239807e-02 5.469126999378e-02 4.228410869837e-02 2.525311149657e-02 6.534485518932e-02 1.307137012482e-01 2.275248169899e-01 2.319975048304e-01 2.529744505882e-01 1.392636299133e-01 1.835780590773e-01 1.676345467567e-01 1.437036246061e-01 1.262234300375e-01 1.283435076475e-01 9.679780900478e-02 9.321966767311e-02 1.118759438396e-01 1.090142205358e-01 9.810314327478e-02 9.995258599520e-02 1.037459596992e-01 9.623564779758e-02
1.320901792496e-02 1.273259986192e-02 8.839377202094e-03 9.359412826598e-03 9.493352845311e-03 1.401792932302e-02 4.294377192855e-02 1.325677037239e-01 1.130537018180e-01 2.459979243577e-02 1.015737932175e-02 5.758999846876e-03 4.093032330275e-03 3.718657651916e-03 3.794325515628e-03 4.770852159709e-03 6.634340155870e-03 9.042583405972e-03 1.172917708755e-02 1.457354053855e-02 1.737086474895e-02 1.990974694490e-02 1.340859290212e-02 1.349356304854e-02 3.199330344796e-02 1.490724831820e-01 2.569684088230e-01 2.913998365402e-01 2.798588871956e-01 2.825298607349e-01 1.864660084248e-01 1.616871058941e-01 1.373751759529e-01 1.248264983296e-01 1.753471046686e-01 1.510996967554e-01 1.253001242876e-01 7.843258976936e-02 8.320711553097e-02 6.880622357130e-02 6.258736550808e-02 5.525638163090e-02 5.009765177965e-02
1.218007784337e-02 1.096240431070e-02 8.558684960008e-03 9.495868347585e-03 1.084820553660e-02 1.424273010343e-02 1.459414809942e-01 1.152069419622e-01 1.371760964394e-01 1.898939535022e-02 8.911016397178e-03 5.552489776164e-03 3.707292489707e-03 2.994676586241e-03 2.864553127438e-03 3.023477038369e-03 3.711091354489e-03 4.890353418887e-03 7.121566217393e-03 8.208324201405e-03 9.453718550503e-03 1.892390847206e-02 9.735555388033e-03 8.964627049863e-03 2.729755453765e-02 6.179556995630e-02 2.199944555759e-01 2.417360991240e-01 2.576811015606e-01 2.751516401768e-01 2.285387516022e-01 1.772302538157e-01 1.231136023998e-01 1.581094115973e-01 1.100643500686e-01 9.687384963036e-02 8.034624159336e-02 6.645100563765e-02 6.250552088022e-02 6.078388169408e-02 6.536617130041e-02 9.242676943541e-02 1.288464218378e-01
1.031925342977e-02 8.037867024541e-03 8.412289433181e-03 1.008354313672e-02 1.659537851810e-02 2.696149796247e-02 8.115739375353e-02 1.795142591000e-01 6.731576472521e-02 1.055281888694e-02 6.426437292248e-03 4.731922876090e-03 3.384308191016e-03 2.541726920754e-03 2.315398305655e-03 2.321484265849e-03 2.529470017180e-03 3.379779169336e-03 4.659399855882e-03 5.331372376531e-03 5.555317737162e-03 1.156438980252e-02 6.906837690622e-03 7.511650677770e-03 1.685125380754e-02 5.752657726407e-02 1.559027135372e-01 2.122083455324e-01 2.179709076881e-01 1.662323772907e-01 1.287008821964e-01 1.834559738636e-01 1.255451738834e-01 8.864796906710e-02 9.842184185982e-02 1.241654679179e-01 1.124106496572e-01 7.972577959299e-02 7.450380176306e-02 7.266195863485e-02 7.045365124941e-02 7.776471972466e-02 9.685035794973e-02
7.489938288927e-03 6.181394215673e-03 7.730789482594e-03 1.848507672548e-02 4.550673440099e-02 1.031066253781e-01 1.449025869370e-01 9.012125432491e-02 9.352217428386e-03 6.385370157659e-03 4.552430473268e-03 3.670908743516e-03 2.933760173619e-03 2.422111108899e-03 2.122466452420e-03 2.214358188212e-03 2.318716840819e-03 2.795007079840e-03 4.040256608278e-03 4.974386189133e-03 5.285535007715e-03 5.615331232548e-03 5.642485804856e-03 8.414468728006e-03 2.046988345683e-02 5.361286550760e-02 6.587999314070e-02 6.652363389730e-02 1.262388527393e-01 1.472786068916e-01 1.716209352016e-01 1.098346561193e-01 1.421999335289e-01 1.041712909937e-01 1.162213459611e-01 1.375235021114e-01 2.748548090458e-01 1.733818203211e-01 1.020262315869e-01 8.391542732716e-02 8.637265115976e-02 8.492583036423e-02 8.206410706043e-02
4.836933221668e-03 5.066195968539e-03 6.403324194252e-03 8.091107010841e-03 1.903599314392e-02 1.155233681202e-01 7.356353849173e-02 9.102056734264e-03 5.546667613089e-03 4.869494587183e-03 4.105621017516e-03 3.475924022496e-03 2.724149962887e-03 2.330651041120e-03 2.067858120427e-03 2.283946145326e-03 2.368863206357e-03 2.303302055225e-03 3.322396893054e-03 4.244705662131e-03 4.798998590559e-03 4.773981403559e-03 5.999766755849e-03 9.748190641403e-03 3.041243925691e-02 6.031785905361e-02 3.574791178107e-02 4.658616706729e-02 4.338242858648e-02 2.261806875467e-01 3.289380073547e-01 1.768721938133e-01 9.734035283327e-02 1.331922113895e-01 5.250667035580e-02 5.531663075089e-02 2.057370245457e-01 9.904832392931e-02 8.054983615875e-02 6.191886961460e-02 6.366990506649e-02 7.103021442890e-02 7.658305019140e-02
4.076909273863e-03 4.429730586708e-03 5.188361275941e-03 6.562076043338e-03 7.445606868714e-03 1.034723501652e-02 1.144118420780e-02 7.797297555953e-03 4.003067035228e-03 4.130651243031e-03 3.630904015154e-03 3.342277137563e-03 2.737215487286e-03 2.175525529310e-03 2.269404008985e-03 2.314522163942e-03 2.475965302438e-03 2.442513825372e-03 2.796959597617e-03 3.597659524530e-03 4.291285760701e-03 4.557811655104e-03 4.824972245842e-03 8.014070801437e-03 2.250652387738e-02 1.387924514711e-02 1.341728866100e-02 2.211405709386e-02 4.954865574837e-02 9.809717535973e-02 1.024962216616e-01 1.300579607487e-01 2.119016051292e-01 1.113449633121e-01 1.060518547893e-01 8.227375149727e-02 8.459391444921e-02 7.169774174690e-02 3.816182911396e-02 4.758662357926e-02 4.647721350193e-02 5.043618753552e-02 6.336352974176e-02
3.197533311322e-03 3.612373489887e-03 4.300534725189e-03 5.272387992591e-03 5.668938625604e-03 6.315180100501e-03 6.684497464448e-03 4.175696056336e-03 3.464477602392e-03 3.651667386293e-03 3.398708999157e-03 2.938476158306e-03 2.423478290439e-03 2.200008369982e-03 2.216281834990e-03 2.539860550314e-03 2.504504751414e-03 2.153478795663e-03 2.470195759088e-03 3.142170142382e-03 3.723982023075e-03 4.365163855255e-03 6.208223756403e-03 6.489586550742e-03 6.587496958673e-03 9.183929301798e-03 8.998417295516e-03 2.203638851643e-02 3.067252971232e-02 4.143008962274e-02 8.535887300968e-02 1.512731164694e-01 1.108400970697e-01 2.082457393408e-01 1.301204115152e-01 7.304809242487e-02 6.059354543686e-02 5.513979494572e-02 6.642903387547e-02 6.260266155005e-02 7.797197997570e-02 7.702074199915e-02 8.943144232035e-02
2.952680923045e-03 2.898752223700e-03 3.253600792959e-03 3.736389568076e-03 4.027425777167e-03 3.872286761180e-03 3.798651741818e-03 3.573972964659e-03 3.910045139492e-03 3.886590711772e-03 3.628583624959e-03 3.163458546624e-03 2.588735660538e-03 2.264915034175e-03 2.043136395514e-03 2.038271632046e-03 2.300529740751e-03 2.333376556635e-03 2.338565187529e-03 2.828608499840e-03 3.280871780589e-03 3.904276527464e-03 5.969801452011e-03 6.708701141179e-03 7.239276077598e-03 1.497887168080e-02 2.061668410897e-02 2.653499133885e-02 3.726584091783e-02 4.044857248664e-02 8.809016644955e-02 1.674875319004e-01 7.906129956245e-02 8.407364785671e-02 1.523291915655e-01 1.294872015715e-01 8.715903013945e-02 7.394735515118e-02 9.287298470736e-02 4.766297712922e-02 6.333915144205e-02 7.788328826427e-02 9.290381520987e-02
2.424978883937e-03 2.727434970438e-03 2.851332770661e-03 2.810596488416e-03 3.157515078783e-03 3.492193296552e-03 3.765591187403e-03 3.347604302689e-03 3.226842731237e-03 3.336074529216e-03 3.588753752410e-03 3.573762718588e-03 3.076228778809e-03 2.593048615381e-03 2.456207294017e-03 2.229110803455e-03 1.920509152114e-03 2.120693679899e-03 2.406246028841e-03 2.664888044819e-03 2.930786227807e-03 3.371055237949e-03 5.081530194730e-03 4.959583748132e-03 5.470146890730e-03 1.357145328075e-02 2.904287166893e-02 3.921706229448e-02 5.519732832909e-02 2.901383489370e-02 8.537995815277e-02 4.268686473370e-02 4.585570096970e-02 5.277975276113e-02 8.410346508026e-02 9.222235530615e-02 1.230107471347e-01 1.124798730016e-01 8.096496760845e-02 6.925489753485e-02 5.303616821766e-02 5.715471878648e-02 4.651087149978e-02
2.365163061768e-03 2.606244292110e-03 2.577958395705e-03 2.537520369515e-03 2.719205105677e-03 3.153950674459e-03 3.415867453441e-03 3.052693326026e-03 2.394025912508e-03 2.554671838880e-03 2.773317974061e-03 3.262824844569e-03 3.389599965885e-03 2.816701773554e-03 2.644957741722e-03 3.209270304069e-03 2.845511538908e-03 2.301403321326e-03 2.510223304853e-03 2.617264166474e-03 3.209429560229e-03 3.562709316611e-03 3.987444564700e-03 4.888073541224e-03 5.672798492014e-03 9.885256178677e-03 2.091394364834e-02 2.490402944386e-02 3.422231599689e-02 1.938471198082e-02 4.109935089946e-02 3.127937018871e-02 5.196488276124e-02 3.188874199986e-02 6.289801001549e-02 4.691084846854e-02 7.468718290329e-02 9.155642241240e-02 8.402954787016e-02 1.137289404869e-01 1.037512421608e-01 8.312409371138e-02 7.038708776236e-02
2.279346808791e-03 2.455555601045e-03 2.345660701394e-03 2.302167704329e-03 2.315638586879e-03 2.365547465160e-03 2.622124738991e-03 2.479475457221e-03 2.958278171718e-03 3.201516112313e-03 2.906877547503e-03 2.929786453024e-03 3.237095195800e-03 3.371871076524e-03 3.081724047661e-03 3.979686647654e-03 3.543099621311e-03 2.710506552830e-03 2.727492479607e-03 2.714328467846e-03 3.120360197499e-03 3.384497482330e-03 3.791286610067e-03 5.042108241469e-03 5.926242563874e-03 8.867795579135e-03 1.332697086036e-02 1.537686865777e-02 1.651804335415e-02 2.086597308517e-02 3.470054641366e-02 5.315458029509e-02 3.593156486750e-02 8.515631407499e-02 2.976418845356e-02 3.908351436257e-02 7.994930446148e-02 1.119147986174e-01 5.489056184888e-02 6.207787990570e-02 3.939883783460e-02 7.447331398726e-02 6.556639820337e-02
2.033993834630e-03 2.190624130890e-03 2.092735841870e-03 1.984602771699e-03 1.839808188379e-03 1.898555550724e-03 2.015915699303e-03 2.720583230257e-03 3.380106994882e-03 3.472352400422e-03 3.037330461666e-03 3.349557751790e-03 3.729212330654e-03 3.636331297457e-03 3.610875457525e-03 3.737128572538e-03 4.013773985207e-03 4.699821118265e-03 4.218900110573e-03 3.788080764934e-03 3.892719978467e-03 4.198238253593e-03 5.018556024879e-03 5.123956128955e-03 6.223223172128e-03 7.653050590307e-03 1.255560014397e-02 1.252874918282e-02 2.242810465395e-02 4.529492557049e-02 5.621562525630e-02 2.880209498107e-02 2.889403887093e-02 8.952244371176e-02 4.613973200321e-02 5.675112083554e-02 5.030095204711e-02 6.536959856749e-02 4.775981232524e-02 1.818699389696e-02 1.729778945446e-02 2.339661307633e-02 4.658699408174e-02
1.884504919872e-03 1.886207028292e-03 1.847182284109e-03 1.809822046198e-03 1.850720145740e-03 1.981771551073e-03 2.092095091939e-03 2.536307321861e-03 2.844141796231e-03 2.692049369216e-03 3.189753973857e-03 3.432022407651e-03 3.331213491037e-03 3.507840214297e-03 4.798531532288e-03 6.681369151920e-03 7.560151629150e-03 9.589063934982e-03 9.570389054716e-03 1.031011808664e-02 7.356600835919e-03 7.039044518024e-03 8.166082203388e-03 6.838770117611e-03 7.797158323228e-03 1.078483089805e-02 3.289995342493e-02 3.069335408509e-02 2.905670180917e-02 3.912558406591e-02 2.200441062450e-02 2.335061691701e-02 3.178083151579e-02 1.782488264143e-02 9.783562272787e-02 1.353028863668e-01 1.208701580763e-01 2.787392400205e-02 1.308936346322e-02 1.083375886083e-02 1.059602107853e-02 1.254190597683e-02 1.328262779862e-02
1.751660252921e-03 1.816832111217e-03 1.730612944812e-03 1.857447437942e-03 2.012527780607e-03 2.302556531504e-03 2.303162356839e-03 2.613370772451e-03 2.883640117943e-03 3.357652807608e-03 3.513572970405e-03 4.170781467110e-03 4.370321985334e-03 4.040607251227e-03 9.772993624210e-03 3.507051616907e-02 2.771695330739e-02 1.654325798154e-02 1.860680244863e-02 2.316787466407e-02 1.712304726243e-02 9.035916067660e-03 1.051925867796e-02 1.317136082798e-02 1.279870420694e-02 2.384841628373e-02 3.355640918016e-02 3.013367764652e-02 2.424550801516e-02 2.201716601849e-02 2.493395842612e-02 2.359878271818e-02 1.749609224498e-02 1.456471905112e-02 2.479765005410e-02 1.140858530998e-01 1.189588159323e-01 2.453721500933e-02 8.633375167847e-03 8.793760091066e-03 7.963337935507e-03 7.652867585421e-03 1.247450895607e-02
1.756160054356e-03 1.891917665489e-03 2.375498414040e-03 2.658729674295e-03 2.462444826961e-03 4.086492583156e-03 4.808251745999e-03 4.871782381088e-03 4.066012334079e-03 3.973957151175e-03 4.402819555253e-03 5.532801616937e-03 5.513994488865e-03 2.023373171687e-02 1.430454254150e-01 1.802272051573e-01 8.415807783604e-02 4.835653677583e-02 3.861476480961e-02 3.074751421809e-02 1.477845199406e-02 1.433481834829e-02 3.131773322821e-02 6.683666259050e-02 5.479798465967e-02 2.922489866614e-02 3.412587940693e-02 2.779816091061e-02 2.941777557135e-02 1.880541257560e-02 2.021786943078e-02 1.632578112185e-02 1.547055039555e-02 1.093208510429e-02 7.215397432446e-03 2.348137088120e-02 2.593575604260e-02 6.347553804517e-03 4.248042125255e-03 4.999384284019e-03 6.182335317135e-03 6.912059150636e-03 6.463610101491e-03
2.141737844795e-03 3.378757741302e-03 4.613125696778e-03 5.014439579099e-03 6.489257328212e-03 8.636726066470e-03 8.493253029883e-03 7.491925265640e-03 6.436339579523e-03 4.959137644619e-03 5.944984965026e-03 6.572286132723e-03 3.635091707110e-02 2.004608064890e-01 2.742292881012e-01 9.569726884365e-02 3.052305802703e-02 1.866069249809e-02 1.892417296767e-02 1.654590852559e-02 1.586816459894e-02 3.621058166027e-02 7.137935608625e-02 9.489776939154e-02 7.635940611362e-02 3.932736441493e-02 2.706575021148e-02 1.998238451779e-02 1.800440996885e-02 1.608665473759e-02 1.793105527759e-02 9.953424334526e-03 1.124169211835e-02 9.112021885812e-03 5.722752306610e-03 3.392152488232e-03 2.782818162814e-03 2.720477292314e-03 2.857462735847e-03 3.558618482202e-03 4.778420086950e-03 6.043449509889e-03 6.182906683534e-03
3.561940975487e-03 5.334788467735e-03 7.094014436007e-03 9.480743668973e-03 1.834247633815e-02 1.825553365052e-02 2.554420940578e-02 1.835050992668e-02 2.086146175861e-02 1.239321101457e-02 6.941016763449e-03 4.743722081184e-02 1.910218894482e-01 1.901329457760e-01 4.975760355592e-02 1.514445617795e-02 2.834391593933e-02 3.748582303524e-02 2.661691978574e-02 3.084358572960e-02 3.708901256323e-02 3.713638335466e-02 5.397637188435e-02 4.408606886864e-02 2.986867539585e-02 2.325140684843e-02 1.449227798730e-02 5.648056045175e-03 5.767313763499e-03 5.724110174924e-03 7.328009232879e-03 5.356897134334e-03 4.720193799585e-03 3.039220115170e-03 3.135987324640e-03 3.213908290491e-03 3.333258675411e-03 3.512171795592e-03 3.746964270249e-03 4.044634290040e-03 4.083574749529e-03 5.073141772300e-03 6.432810798287e-03
