100/SI/f10.grd
DSAA
101	101
32.816463539100	34.260883539100
35.556306596100	36.727886596100
2.885071808123e-05	4.711372852325e+00
[rows 76 to 94 of 101, columns 43 to 85 of 101]
7.270835805684e-03 6.185739301145e-03 1.131036877632e-02 2.859748341143e-02 3.049346245825e-02 6.082619354129e-02 9.712009131908e-02 1.092017665505e-01 6.759704649448e-02 1.888825371861e-02 6.802023947239e-02 1.523688733578e-01 1.138248369098e-01 1.921309903264e-02 1.350865326822e-02 1.938023790717e-02 2.088050916791e-02 1.092755235732e-02 1.013801991940e-02 1.257966458797e-02 4.588437080383e-02 1.041176542640e-01 2.401660569012e-02 1.556197367609e-02 1.158157829195e-02 7.722682785243e-03 3.989109303802e-03 3.429783042520e-03 3.341743256897e-03 3.152083605528e-03 2.708072541282e-03 2.810897305608e-03 3.018468152732e-03 3.258064854890e-03 3.324303776026e-03 3.101086476818e-03 2.841457491741e-03 2.650464419276e-03 2.514037536457e-03 2.429126296192e-03 2.882999833673e-03 4.422239493579e-03 6.030492018908e-03
1.179160084575e-02 1.596423238516e-02 2.046358585358e-02 2.131224982440e-02 2.906883321702e-02 4.026091471314e-02 5.203329771757e-02 4.892864823341e-02 7.838658988476e-02 1.143246591091e-01 1.132141202688e-01 5.427382886410e-02 2.210446633399e-02 3.468532115221e-02 2.238285541534e-02 2.495846524835e-02 7.017896510661e-03 3.986090421677e-03 3.109024139121e-03 2.630526432768e-03 2.865056041628e-03 3.629657207057e-03 6.398299243301e-03 7.941872812808e-03 7.229634094983e-03 4.432553891093e-03 2.177295042202e-03 1.954664010555e-03 2.068358939141e-03 2.256713574752e-03 2.452038461342e-03 2.548770513386e-03 2.577949315310e-03 2.498414600268e-03 2.180763985962e-03 1.737588550895e-03 1.511084381491e-03 1.448862254620e-03 1.497873337939e-03 1.855719368905e-03 2.333750016987e-03 3.981010522693e-03 5.324756726623e-03
2.523369342089e-02 3.805431351066e-02 2.510668709874e-02 1.173404883593e-02 1.248916145414e-02 4.986065626144e-02 1.398131996393e-01 1.860956698656e-01 1.393496841192e-01 6.884463876486e-02 3.663808852434e-02 2.044470421970e-02 1.732275262475e-02 2.802028506994e-02 2.475385554135e-02 5.631128791720e-03 2.594906836748e-03 2.625601133332e-03 2.708970801905e-03 2.593907294795e-03 2.154172398150e-03 2.135368064046e-03 2.343307016417e-03 3.146846545860e-03 2.851528348401e-03 2.695478266105e-03 2.199817448854e-03 2.288714982569e-03 1.925992197357e-03 1.848092186265e-03 1.965244999155e-03 1.837413292378e-03 2.042495645583e-03 1.974588260055e-03 1.387036172673e-03 1.335860928521e-03 1.421336317435e-03 1.417787862010e-03 1.389402081259e-03 1.478649093769e-03 1.807879190892e-03 3.457202343270e-03 5.068919621408e-03
3.618412837386e-02 4.200382158160e-02 1.414479315281e-02 1.439201086760e-02 5.130353942513e-02 9.174612909555e-02 9.460785984993e-02 8.116739988327e-02 6.779035925865e-02 3.192183002830e-02 2.611053735018e-02 2.988431043923e-02 2.231490053236e-02 1.456693373621e-02 5.931326188147e-03 2.121165394783e-03 1.993584679440e-03 1.925691263750e-03 1.852009445429e-03 1.798204728402e-03 2.064405474812e-03 2.065417589620e-03 1.919852686115e-03 1.806830870919e-03 1.837639836594e-03 1.877063536085e-03 1.813918235712e-03 1.844102982432e-03 1.984176924452e-03 1.900586765260e-03 1.925733522512e-03 1.587038277648e-03 1.742800464854e-03 1.830534194596e-03 1.454896293581e-03 1.107544987462e-03 1.328871236183e-03 1.416029524989e-03 1.423057401553e-03 1.398354419507e-03 1.443576766178e-03 1.858224160969e-03 3.125083865598e-03
1.581709459424e-02 2.613167278469e-02 3.762628883123e-02 4.818652942777e-02 5.299815535545e-02 4.349728673697e-02 4.961851611733e-02 6.004780903459e-02 8.571995794773e-02 3.216206654906e-02 3.617133200169e-02 1.740440540016e-02 6.058404687792e-03 3.478570608422e-03 2.494875574484e-03 1.736100646667e-03 1.639263005927e-03 1.515725860372e-03 1.385617768392e-03 1.278358278796e-03 1.151314121671e-03 1.086209085770e-03 1.161990338005e-03 1.166859758087e-03 1.131315948442e-03 1.203921856359e-03 1.234054914676e-03 1.148382201791e-03 8.963717264123e-04 1.157227437943e-03 1.264698919840e-03 1.228203182109e-03 1.378315966576e-03 1.522766659036e-03 1.400316366926e-03 1.095140352845e-03 1.234704162925e-03 1.388865406625e-03 1.427410170436e-03 1.454280922189e-03 1.686603995040e-03 2.024360466748e-03 2.541513415053e-03
1.717055775225e-02 5.220950394869e-02 9.674357622862e-02 4.673860222101e-02 3.702343255281e-02 6.295838207006e-02 8.391837775707e-02 1.129828840494e-01 5.580140277743e-02 2.872635051608e-02 1.075114402920e-02 5.309099797159e-03 3.310814499855e-03 1.926445635036e-03 1.482709776610e-03 1.158392406069e-03 1.014464884065e-03 9.988127276301e-04 1.049158629030e-03 1.055568223819e-03 1.051530940458e-03 9.880989091471e-04 9.645945392549e-04 1.035830937326e-03 1.249578199349e-03 1.470946241170e-03 1.628808211535e-03 1.604489283636e-03 1.279713003896e-03 1.009714556858e-03 1.057046581991e-03 9.743186528794e-04 9.700391092338e-04 1.217847689986e-03 1.262767822482e-03 1.177171245217e-03 1.121826935560e-03 1.317578251474e-03 1.392720849253e-03 1.407251576893e-03 1.617916161194e-03 2.240973059088e-03 3.032199572772e-03
3.227826952934e-02 1.012957543135e-01 7.567873597145e-02 6.245872005820e-02 6.842831522226e-02 6.550003588200e-02 4.717868566513e-02 2.592282183468e-02 3.521287068725e-02 1.555210817605e-02 4.958854988217e-03 3.316633170471e-03 2.204338554293e-03 1.381217502058e-03 1.130725024268e-03 9.283035178669e-04 9.281343081966e-04 9.910898515955e-04 9.680064395070e-04 8.661343599670e-04 9.187703835778e-04 8.933975477703e-04 8.596011903137e-04 9.017683332786e-04 1.149505143985e-03 1.423095120117e-03 1.629914273508e-03 1.643552561291e-03 1.348851015791e-03 9.849654743448e-04 1.027685939334e-03 1.062339753844e-03 8.675525896251e-04 8.904072456062e-04 1.066281809472e-03 1.193856587633e-03 1.207400346175e-03 1.204437576234e-03 1.319506205618e-03 1.378644839860e-03 1.367713091895e-03 1.553637906909e-03 1.968402182683e-03
4.362075403333e-02 7.404179871082e-02 4.350498691201e-02 2.687296271324e-02 1.788531057537e-02 2.240231074393e-02 1.442102808505e-02 1.909665949643e-02 1.967866718769e-02 6.544088013470e-03 3.402113215998e-03 2.678068121895e-03 2.329839859158e-03 1.729438314214e-03 1.077906927094e-03 8.728901157156e-04 9.545088978484e-04 9.625856182538e-04 8.763091755100e-04 7.642588461749e-04 8.869356825016e-04 9.158310713246e-04 9.202071232721e-04 9.072761749849e-04 8.905765716918e-04 1.070701517165e-03 1.200417173095e-03 1.200755708851e-03 1.006121747196e-03 8.863636758178e-04 9.135860018432e-04 1.001074793749e-03 9.545689681545e-04 8.103597210720e-04 8.297010208480e-04 9.711791644804e-04 1.082286820747e-03 1.065181335434e-03 1.216773525812e-03 1.323865260929e-03 1.348958583549e-03 1.420550164767e-03 1.595721812919e-03
6.178499385715e-02 5.123990401626e-02 1.630158908665e-02 1.257501076907e-02 1.333123072982e-02 7.424300536513e-03 1.102218776941e-02 1.864084042609e-02 1.245002448559e-02 5.910022184253e-03 3.328153397888e-03 2.496867673472e-03 2.435844857246e-03 2.309459494427e-03 1.444002962671e-03 1.134678721428e-03 9.635750320740e-04 9.262434323318e-04 7.985701668076e-04 7.558653596789e-04 9.129015961662e-04 1.050640596077e-03 1.128639327362e-03 1.069838646799e-03 9.235491743311e-04 8.531326311640e-04 9.441655129194e-04 1.013726345263e-03 1.013041823171e-03 1.076986081898e-03 9.626086684875e-04 8.645628695376e-04 9.180358028971e-04 8.322675130330e-04 7.784214103594e-04 9.671106236055e-04 1.057131565176e-03 1.029459992424e-03 1.092717167921e-03 1.233452348970e-03 1.294850138947e-03 1.450277864933e-03 1.837794552557e-03
9.856668114662e-02 4.297401010990e-02 8.194318041205e-03 6.046356633306e-03 4.632042720914e-03 5.536100361496e-03 6.137583404779e-03 1.363230589777e-02 1.365540735424e-02 8.351401425898e-03 4.219346679747e-03 2.419689903036e-03 2.096795011312e-03 2.190995961428e-03 1.796965720132e-03 1.104594208300e-03 9.621749049984e-04 8.913508499973e-04 7.407023804262e-04 7.573034381494e-04 9.595173760317e-04 1.245736493729e-03 1.347794313915e-03 1.193196978420e-03 9.916411945596e-04 8.619916625321e-04 9.773540077731e-04 1.094855018891e-03 1.144096138887e-03 1.122742425650e-03 1.028838800266e-03 8.167321793735e-04 8.444997365586e-04 8.355166646652e-04 7.447208045051e-04 8.513454231434e-04 1.069999532774e-03 1.177946105599e-03 1.254900475033e-03 1.426261733286e-03 1.637713983655e-03 1.700093504041e-03 1.652571605518e-03
8.451378345490e-02 2.596035599709e-02 6.282667629421e-03 3.624421078712e-03 3.303496632725e-03 3.709567477927e-03 7.117352914065e-03 9.055303409696e-03 1.107397675514e-02 7.719845045358e-03 4.844077397138e-03 2.809175057337e-03 1.733922399580e-03 1.583636621945e-03 1.515927142464e-03 1.280189375393e-03 1.105144503526e-03 1.214925432578e-03 1.004326855764e-03 8.443163242191e-04 1.069066580385e-03 1.436739927158e-03 1.493914518505e-03 1.248190063052e-03 1.050104037859e-03 9.458838612773e-04 1.022615702823e-03 1.154426019639e-03 1.248770509847e-03 1.163936336525e-03 1.015790738165e-03 8.414672338404e-04 8.119139238261e-04 7.947192643769e-04 7.688832120039e-04 6.991509580985e-04 8.032857440412e-04 1.058543450199e-03 1.348883262835e-03 1.736985286698e-03 2.120686229318e-03 2.272038720548e-03 2.297950442880e-03
4.460830986500e-02 7.916073314846e-03 3.761630272493e-03 3.336779307574e-03 2.790200989693e-03 2.840981353074e-03 4.585499875247e-03 2.492448315024e-03 6.716355681419e-03 1.017361134291e-02 6.102939136326e-03 4.449706058949e-03 2.326675923541e-03 1.460451167077e-03 1.296459347941e-03 1.396640902385e-03 1.496741664596e-03 1.344188116491e-03 1.194701879285e-03 1.038287067786e-03 1.286388724111e-03 1.588630024344e-03 1.529374509118e-03 1.284380676225e-03 1.142963883467e-03 1.071240636520e-03 1.082793110982e-03 1.213376526721e-03 1.321477233432e-03 1.266348059289e-03 1.056472538039e-03 8.330926648341e-04 7.476637256332e-04 7.657496607862e-04 7.635782822035e-04 7.586097344756e-04 7.306264596991e-04 7.635665242560e-04 9.745805291459e-04 1.490833354183e-03 2.036588964984e-03 2.375241369009e-03 2.569609321654e-03
1.211162190884e-02 4.583048168570e-03 3.011591965333e-03 2.879470121115e-03 2.241096692160e-03 2.028240356594e-03 2.045208355412e-03 1.570413005538e-03 2.419078955427e-03 8.384454064071e-03 9.291870519519e-03 8.538420312107e-03 5.740587133914e-03 2.408725442365e-03 1.621203147806e-03 1.415631850250e-03 1.722528133541e-03 2.041280502453e-03 1.899637631141e-03 1.513128285296e-03 1.468739472330e-03 1.652107806876e-03 1.484201871790e-03 1.279174932279e-03 1.203548396006e-03 1.191364135593e-03 1.212277798913e-03 1.241893158294e-03 1.354168984108e-03 1.362257287838e-03 1.174235367216e-03 9.036009432748e-04 7.964312098920e-04 8.221780299209e-04 8.460315293632e-04 8.657846483402e-04 8.557431283407e-04 8.386764675379e-04 8.256216533482e-04 8.597583509982e-04 1.158742699772e-03 1.544319209643e-03 1.821246929467e-03
4.205497447401e-03 2.436294220388e-03 2.698682947084e-03 2.352620940655e-03 1.912251114845e-03 1.727865892462e-03 1.400641631335e-03 1.425108755939e-03 1.515068928711e-03 3.448345232755e-03 9.072727523744e-03 1.741928979754e-02 1.332748308778e-02 4.943033214658e-03 2.249862300232e-03 1.734826015308e-03 1.794184790924e-03 2.155388938263e-03 2.086482010782e-03 2.204895485193e-03 2.122669713572e-03 1.749426242895e-03 1.545024337247e-03 1.385197741911e-03 1.343290554360e-03 1.353826140985e-03 1.350824022666e-03 1.314469496720e-03 1.359599642456e-03 1.437456579879e-03 1.300422358327e-03 9.489196236245e-04 7.482281653211e-04 8.429156732745e-04 9.132041595876e-04 9.788442403078e-04 1.022435608320e-03 1.035082736053e-03 1.025614677928e-03 9.866545442492e-04 1.003251527436e-03 1.055052969605e-03 1.084624440409e-03
3.921118564904e-03 2.209173282608e-03 2.402331680059e-03 1.837367541157e-03 1.495816977695e-03 1.368467696011e-03 1.240405719727e-03 1.273172791116e-03 1.275226706639e-03 1.887716702186e-03 6.145024206489e-03 1.517564151436e-02 2.562516182661e-02 1.649373769760e-02 3.171067917719e-03 2.193386433646e-03 1.669070450589e-03 2.392466180027e-03 2.843573922291e-03 2.667674329132e-03 2.180912066251e-03 1.683768816292e-03 1.668475335464e-03 1.569562940858e-03 1.516838674434e-03 1.481907209381e-03 1.418377971277e-03 1.293185283430e-03 1.373524894007e-03 1.454490236938e-03 1.282799174078e-03 9.650968713686e-04 9.601321653463e-04 8.531980565749e-04 8.358631166629e-04 9.131080587395e-04 9.734147461131e-04 1.010870910250e-03 1.000572694466e-03 9.331533801742e-04 1.052068080753e-03 1.241983496584e-03 1.376038533635e-03
4.834516905248e-03 2.297641476616e-03 2.101768506691e-03 1.502253464423e-03 1.097326166928e-03 1.118923537433e-03 1.193532021716e-03 1.167095149867e-03 1.163748558611e-03 1.272641005926e-03 3.026467980817e-03 1.453541219234e-02 5.289332941175e-02 4.080437496305e-02 6.811657454818e-03 2.563568763435e-03 2.809119643643e-03 3.000021446496e-03 2.667033113539e-03 2.120707649738e-03 1.721294480376e-03 1.735347439535e-03 1.842559082434e-03 1.785539672710e-03 1.663023955189e-03 1.507276669145e-03 1.302427612245e-03 1.210878835991e-03 1.422488247044e-03 1.465720008127e-03 1.308312756009e-03 1.445574103855e-03 1.427267910913e-03 1.312904758379e-03 1.130543649197e-03 8.821326773614e-04 7.809380185790e-04 8.185433689505e-04 8.404440595768e-04 9.029061184265e-04 1.060959417373e-03 1.322211697698e-03 1.636320143007e-03
5.119377281517e-03 2.682412741706e-03 2.017238410190e-03 1.349158585072e-03 1.068079960532e-03 1.119715045206e-03 1.105450792238e-03 1.128852250986e-03 1.014102483168e-03 1.016106572933e-03 2.049272414297e-03 7.370261941105e-03 2.565424703062e-02 2.259382233024e-02 7.507900707424e-03 4.252817947417e-03 3.491140902042e-03 2.707999665290e-03 2.084806561470e-03 1.662030234002e-03 1.635768450797e-03 1.749928458594e-03 1.864527817816e-03 1.774271600880e-03 1.530125155114e-03 1.237367745489e-03 1.043343800120e-03 1.138862571679e-03 1.432956312783e-03 1.509430818260e-03 1.552941044793e-03 1.701096654870e-03 1.675916137174e-03 1.546362531371e-03 1.289608306251e-03 9.315224015154e-04 9.713399922475e-04 1.028451486491e-03 1.106582581997e-03 1.170364441350e-03 1.191171933897e-03 1.361803500913e-03 1.754315453582e-03
4.785102326423e-03 2.431517932564e-03 1.725108013488e-03 1.101837609895e-03 1.025558914989e-03 1.105797360651e-03 1.067942241207e-03 9.237501653843e-04 7.340819574893e-04 9.517762227915e-04 1.811371417716e-03 3.246337641031e-03 9.011122398078e-03 1.069073937833e-02 7.722857408226e-03 4.715106915683e-03 2.973540220410e-03 2.110900823027e-03 1.908441074193e-03 1.865950995125e-03 1.681569148786e-03 1.591432606801e-03 1.541704870760e-03 1.354571199045e-03 1.064868411049e-03 9.711256134324e-04 9.604187216610e-04 1.028328784741e-03 1.338709145784e-03 1.500167767517e-03 1.110631390475e-03 1.192717580125e-03 1.188485766761e-03 1.108257914893e-03 1.019601826556e-03 1.122813089751e-03 1.229036366567e-03 1.370208221488e-03 1.521457801573e-03 1.608483958989e-03 1.584635348991e-03 1.479285769165e-03 1.722450018860e-03
4.274060949683e-03 1.854925882071e-03 1.244675717317e-03 7.886156672612e-04 9.602399077266e-04 1.065091462806e-03 1.020146650262e-03 8.418277138844e-04 6.218010676093e-04 8.803226519376e-04 1.651124563068e-03 2.543397946283e-03 6.262244191021e-03 8.022347465158e-03 6.219668313861e-03 3.670125966892e-03 2.266915980726e-03 2.029709285125e-03 2.020367886871e-03 1.697806874290e-03 1.346708973870e-03 1.122764544562e-03 9.825420565903e-04 8.224168559536e-04 7.923949742690e-04 7.823361083865e-04 7.873681606725e-04 8.752373978496e-04 1.167846494354e-03 1.368767116219e-03 1.061979215592e-03 8.328084950335e-04 7.468442199752e-04 9.550225804560e-04 1.131101045758e-03 1.290604122914e-03 1.482916180976e-03 1.725531648844e-03 1.953885424882e-03 2.050173934549e-03 1.953537808731e-03 1.723206951283e-03 1.700378255919e-03
