100/SI/f10.grd
DSAA
101	101
32.816463539100	34.260883539100
35.556306596100	36.727886596100
2.885071808123e-05	4.711372852325e+00
[rows 19 to 37 of 101, columns 0 to 42 of 101]
9.050385095179e-03 1.844994910061e-02 2.359123714268e-02 2.403349056840e-02 1.982052810490e-02 1.571827940643e-02 1.073752995580e-02 1.219346653670e-02 1.476404815912e-02 1.774267107248e-02 2.327857539058e-02 2.780743502080e-02 2.711502462626e-02 2.940292470157e-02 2.962567470968e-02 2.873025089502e-02 2.732423320413e-02 2.614245004952e-02 3.028831630945e-02 2.726745605469e-02 2.823743410408e-02 3.047385253012e-02 2.741982601583e-02 3.109587356448e-02 2.774004079401e-02 2.343913167715e-02 2.425359375775e-02 3.877726569772e-02 4.620859399438e-02 3.424309939146e-02 3.127712756395e-02 2.941464632750e-02 3.114672750235e-02 3.113708831370e-02 3.117510862648e-02 3.010961599648e-02 2.406596392393e-02 2.102630585432e-02 2.253131195903e-02 2.162717282772e-02 3.130077943206e-02 7.750530540943e-02 3.607078269124e-02
7.077640853822e-03 1.487099472433e-02 2.005110494792e-02 2.193172089756e-02 1.949816755950e-02 1.876440644264e-02 1.719446107745e-02 1.227571722120e-02 1.636868715286e-02 1.911471597850e-02 2.028882130980e-02 2.544641308486e-02 2.258689887822e-02 2.633908577263e-02 2.846991457045e-02 2.937617897987e-02 2.931592240930e-02 2.798381820321e-02 3.508614748716e-02 2.825191430748e-02 3.319353237748e-02 3.641122207046e-02 3.771503269672e-02 4.151190817356e-02 3.901185467839e-02 3.017957322299e-02 3.213286399841e-02 3.138748556376e-02 4.855263233185e-02 3.475117683411e-02 2.949402108788e-02 2.848958596587e-02 2.773793600500e-02 2.704040706158e-02 2.647307887673e-02 3.429342433810e-02 2.287250012159e-02 2.407555282116e-02 2.464901842177e-02 2.523720078170e-02 3.879713639617e-02 6.560027599335e-02 5.371547490358e-02
5.481007508934e-03 1.104542706162e-02 1.515428256243e-02 1.744026131928e-02 1.645779609680e-02 1.433958020061e-02 1.770876720548e-02 1.756029389799e-02 2.008131891489e-02 2.395929023623e-02 2.763918600976e-02 3.643009066582e-02 4.371869936585e-02 4.003719612956e-02 2.725875750184e-02 2.628869749606e-02 2.777416072786e-02 2.897739782929e-02 5.116949230433e-02 4.149660468102e-02 3.119283728302e-02 4.023700207472e-02 3.993737325072e-02 5.584108829498e-02 4.606884717941e-02 4.079783335328e-02 4.015186429024e-02 2.486180514097e-02 4.568425193429e-02 3.191672265530e-02 2.427465282381e-02 2.606285177171e-02 3.076907992363e-02 2.472141198814e-02 2.698381803930e-02 3.628141060472e-02 2.889714017510e-02 2.554386854172e-02 2.662278153002e-02 2.860803343356e-02 4.525789618492e-02 4.698019102216e-02 7.127243280411e-02
7.353580556810e-03 1.320981699973e-02 1.282735448331e-02 1.343465410173e-02 1.564481854439e-02 1.980084367096e-02 2.312513440847e-02 2.768596820533e-02 3.363492339849e-02 4.228307679296e-02 5.384706705809e-02 6.756260246038e-02 7.595669478178e-02 6.604225188494e-02 4.151829332113e-02 2.545909211040e-02 3.513989970088e-02 4.937350377440e-02 6.247370317578e-02 5.078282207251e-02 4.004209861159e-02 4.240313544869e-02 4.131789132953e-02 6.271521747112e-02 4.582277685404e-02 4.646234214306e-02 4.768479615450e-02 2.997232787311e-02 3.731298819184e-02 2.625132538378e-02 2.587506175041e-02 2.563363686204e-02 3.190935030580e-02 3.251154720783e-02 3.235062211752e-02 3.078457713127e-02 4.064409434795e-02 2.835634537041e-02 2.861838042736e-02 3.142464905977e-02 5.045896396041e-02 4.371380805969e-02 8.274564892054e-02
7.139962632209e-03 1.472306717187e-02 1.597941666842e-02 1.530981902033e-02 1.961186341941e-02 2.664059586823e-02 2.920492365956e-02 3.088897839189e-02 3.423159942031e-02 3.962845355272e-02 4.785935953259e-02 5.460959300399e-02 5.595041811466e-02 4.788994044065e-02 3.509576246142e-02 3.131036460400e-02 3.417167440057e-02 4.565242305398e-02 6.091812625527e-02 3.894494473934e-02 3.749887645245e-02 4.163355380297e-02 4.377106577158e-02 6.014202535152e-02 4.796101897955e-02 4.631529748440e-02 5.374774336815e-02 4.581549018621e-02 4.625541716814e-02 3.941975533962e-02 3.407538682222e-02 4.997034370899e-02 4.666171222925e-02 3.508810326457e-02 3.418364748359e-02 3.356947377324e-02 4.505648836493e-02 3.306342288852e-02 3.127354010940e-02 3.318528458476e-02 5.337548255920e-02 4.432144388556e-02 8.450751751661e-02
1.423523947597e-02 2.458641119301e-02 1.601237431169e-02 1.607908681035e-02 1.810167729855e-02 2.318643406034e-02 2.625088021159e-02 2.598346583545e-02 2.583972923458e-02 2.689777314663e-02 2.843938209116e-02 3.012934885919e-02 2.871671877801e-02 3.166653588414e-02 3.205698728561e-02 2.870981208980e-02 2.858481928706e-02 5.239589139819e-02 5.997759848833e-02 3.197352588177e-02 3.222269192338e-02 3.897732496262e-02 4.026933014393e-02 5.125020444393e-02 4.679489508271e-02 4.237983375788e-02 5.785820633173e-02 5.066138133407e-02 4.238639026880e-02 4.103159904480e-02 4.013098031282e-02 6.444582343102e-02 9.608165919781e-02 9.149568527937e-02 8.283015340567e-02 7.905697822571e-02 8.217498660088e-02 5.081449449062e-02 4.308767616749e-02 3.554332256317e-02 5.461655184627e-02 4.280919209123e-02 7.479813694954e-02
2.641385607421e-02 5.595669150352e-02 5.763790383935e-02 5.057043209672e-02 3.160988539457e-02 1.821459643543e-02 1.756624132395e-02 1.841686479747e-02 2.002568170428e-02 2.589202113450e-02 3.105053864419e-02 3.471446037292e-02 3.584362193942e-02 3.436617553234e-02 3.144983574748e-02 3.247492387891e-02 3.416561707854e-02 5.107240378857e-02 5.033482983708e-02 2.977636642754e-02 3.216136246920e-02 3.790811076760e-02 4.407009109855e-02 4.268035292625e-02 4.814054071903e-02 4.643537104130e-02 6.003142520785e-02 6.391914188862e-02 6.799224764109e-02 6.088258326054e-02 4.592999815941e-02 3.819803148508e-02 7.774201780558e-02 8.494906127453e-02 9.372369945049e-02 1.135021969676e-01 1.420304030180e-01 8.647360652685e-02 6.360273808241e-02 5.400715768337e-02 5.364681407809e-02 3.993678465486e-02 5.599116906524e-02
2.826322801411e-02 6.091313064098e-02 7.026322931051e-02 8.291963487864e-02 9.081231802702e-02 7.884280383587e-02 4.422398284078e-02 2.408038266003e-02 3.285158425570e-02 3.837149590254e-02 3.942387178540e-02 3.729729726911e-02 3.489607945085e-02 4.701592028141e-02 5.183468386531e-02 5.149078369141e-02 5.071336403489e-02 4.934967309237e-02 4.874889180064e-02 4.708088934422e-02 4.602044820786e-02 4.601919278502e-02 4.464373737574e-02 5.581505224109e-02 6.721249222755e-02 5.814601853490e-02 6.573599576950e-02 8.442352712154e-02 8.537732809782e-02 7.586362957954e-02 5.666278302670e-02 4.144950956106e-02 4.554901272058e-02 7.215749472380e-02 1.075853183866e-01 9.468272328377e-02 9.589982777834e-02 7.252621650696e-02 7.750887423754e-02 7.894958555698e-02 6.423775106668e-02 4.154497757554e-02 4.976944997907e-02
1.816724427044e-02 4.007254168391e-02 4.658057913184e-02 5.714070051908e-02 7.432430237532e-02 9.774581342936e-02 1.105370745063e-01 8.603820204735e-02 4.497366771102e-02 4.147531464696e-02 3.692977130413e-02 4.766299948096e-02 5.623616650701e-02 5.860664322972e-02 5.573228374124e-02 5.571832880378e-02 5.516995862126e-02 5.351638793945e-02 5.605538189411e-02 5.656361952424e-02 5.813026800752e-02 6.316361576319e-02 5.970896035433e-02 5.497239157557e-02 5.297630280256e-02 6.837947666645e-02 6.554225087166e-02 8.096650987864e-02 8.906156569719e-02 7.996097952127e-02 5.977645888925e-02 6.463973969221e-02 8.358170092106e-02 1.120662763715e-01 1.337547600269e-01 9.682313352823e-02 6.718529015779e-02 5.610080808401e-02 6.950195878744e-02 8.911509066820e-02 9.734240174294e-02 6.614352017641e-02 5.001864582300e-02
1.245941780508e-02 2.446470968425e-02 3.058918192983e-02 2.817354351282e-02 3.232826292515e-02 4.836948961020e-02 7.565651088953e-02 1.027186065912e-01 1.025338172913e-01 7.061406970024e-02 5.333593115211e-02 5.634282529354e-02 5.714412406087e-02 5.461581796408e-02 5.371008813381e-02 5.283323302865e-02 5.008858069777e-02 5.373614281416e-02 5.512515082955e-02 5.716361105442e-02 6.057885289192e-02 5.844961479306e-02 5.613768473268e-02 5.537775158882e-02 5.442404001951e-02 5.350951477885e-02 5.625784024596e-02 6.209009885788e-02 7.551871240139e-02 7.856130599976e-02 6.157469749451e-02 7.404767721891e-02 8.977096527815e-02 1.025361567736e-01 9.961910545826e-02 6.244699656963e-02 6.571646779776e-02 7.555752992630e-02 8.157532662153e-02 7.339116930962e-02 1.089396253228e-01 1.108332052827e-01 6.238842383027e-02
1.444752793759e-02 2.844179235399e-02 2.829434722662e-02 3.476059436798e-02 2.853180840611e-02 2.462265267968e-02 2.891941368580e-02 5.323152989149e-02 8.555261790752e-02 9.951382875443e-02 8.114285767078e-02 5.397063493729e-02 5.132696777582e-02 5.021942779422e-02 4.699844121933e-02 4.565045982599e-02 4.711278900504e-02 5.094042047858e-02 4.982140287757e-02 4.973559081554e-02 4.488725587726e-02 3.698628768325e-02 4.632461071014e-02 4.116070270538e-02 6.230537593365e-02 5.572727322578e-02 6.379196047783e-02 6.937724351883e-02 5.863989517093e-02 6.321598589420e-02 7.007503509521e-02 7.541020959616e-02 6.276328116655e-02 8.053500950336e-02 5.939359590411e-02 5.117243155837e-02 6.630963832140e-02 9.134264290333e-02 1.094288527966e-01 1.036421656609e-01 8.813166618347e-02 1.369494646788e-01 1.031578630209e-01
1.864826306701e-02 3.585005551577e-02 3.334490582347e-02 3.433841094375e-02 3.829622268677e-02 2.865240909159e-02 3.984012454748e-02 4.843147471547e-02 5.359241738915e-02 7.480467110872e-02 9.643854200840e-02 8.749727904797e-02 5.360573530197e-02 4.317523539066e-02 4.248059168458e-02 4.347805678844e-02 4.501012712717e-02 4.447237402201e-02 4.665787890553e-02 4.596089944243e-02 4.008289426565e-02 3.327053785324e-02 3.549728170037e-02 5.680160596967e-02 8.474213629961e-02 1.141302511096e-01 1.371231526136e-01 1.116144880652e-01 7.541015744209e-02 7.046656310558e-02 8.639748394489e-02 6.100074574351e-02 4.546358436346e-02 1.002664640546e-01 4.173399507999e-02 5.935211479664e-02 5.489754676819e-02 7.681260257959e-02 1.117803156376e-01 1.202804371715e-01 1.035494133830e-01 1.152988597751e-01 1.564418375492e-01
1.694011874497e-02 3.702597692609e-02 3.913895413280e-02 3.824368491769e-02 4.047492519021e-02 4.094314202666e-02 4.912588372827e-02 5.168657749891e-02 5.136586725712e-02 4.858091846108e-02 6.692389398813e-02 9.550048410892e-02 9.326784312725e-02 6.439736485481e-02 4.080640897155e-02 4.073400795460e-02 3.928951174021e-02 3.572225943208e-02 4.782387986779e-02 4.978640004992e-02 5.027849599719e-02 4.199467971921e-02 3.847461193800e-02 7.033734023571e-02 1.193975284696e-01 1.760517060757e-01 2.066203504801e-01 1.975140720606e-01 1.286185085773e-01 8.132242411375e-02 9.310428053141e-02 7.851257920265e-02 7.284515351057e-02 1.224348545074e-01 6.327209621668e-02 1.220802813768e-01 8.839410543442e-02 6.351119279861e-02 8.541926741600e-02 1.228403672576e-01 1.259746253490e-01 1.064762026072e-01 1.677584946156e-01
2.086826041341e-02 4.247561097145e-02 4.295050725341e-02 4.169718176126e-02 4.327668249607e-02 4.909593984485e-02 4.950437322259e-02 5.008317530155e-02 4.608023166656e-02 4.250631108880e-02 4.111409559846e-02 5.755273997784e-02 9.257727861404e-02 9.764163196087e-02 7.404123246670e-02 3.496166318655e-02 3.256256878376e-02 3.648006543517e-02 4.247784242034e-02 6.763802468777e-02 6.113471463323e-02 5.606903135777e-02 5.145509541035e-02 7.019826769829e-02 1.220880672336e-01 1.741941869259e-01 2.371545433998e-01 2.778859734535e-01 2.317371517420e-01 1.119152754545e-01 1.012575849891e-01 1.098306551576e-01 1.047226935625e-01 1.447526663542e-01 8.061904460192e-02 1.633197665215e-01 1.353108733892e-01 8.908087760210e-02 8.150245249271e-02 1.182824447751e-01 2.533714473248e-01 1.286386251450e-01 1.367508471012e-01
2.733255364001e-02 5.143620446324e-02 4.794332757592e-02 5.115305632353e-02 5.426327511668e-02 5.730588361621e-02 6.081546843052e-02 6.322413682938e-02 6.458722800016e-02 6.479598581791e-02 6.285483390093e-02 6.056986749172e-02 5.800622329116e-02 8.548881113529e-02 9.930349141359e-02 8.277312666178e-02 4.148124903440e-02 3.726779669523e-02 4.106798395514e-02 6.462509930134e-02 6.847438216209e-02 6.169565394521e-02 5.692312121391e-02 6.023887172341e-02 1.010989248753e-01 1.504341065884e-01 2.329276055098e-01 3.253534734249e-01 3.072763383389e-01 1.869351416826e-01 1.455989331007e-01 1.834481954575e-01 1.967991292477e-01 1.814848482609e-01 1.502478271723e-01 1.760496646166e-01 1.676094383001e-01 1.294128447771e-01 1.468459963799e-01 1.318466216326e-01 3.616649508476e-01 2.959336638451e-01 7.992096245289e-02
2.799719385803e-02 5.817822366953e-02 5.807825550437e-02 5.631473287940e-02 4.964501410723e-02 4.511905461550e-02 4.269234836102e-02 4.717612266541e-02 5.221481621265e-02 5.815504491329e-02 6.477528065443e-02 7.250058650970e-02 7.983317971230e-02 1.263087093830e-01 1.293660551310e-01 9.823792427778e-02 9.255406260490e-02 8.813084661961e-02 8.214424550533e-02 7.535604387522e-02 6.800745427608e-02 5.893370136619e-02 6.406732648611e-02 6.266981363297e-02 6.915681064129e-02 1.139122843742e-01 1.678493767977e-01 2.654528319836e-01 3.371412754059e-01 2.332550585270e-01 1.103513240814e-01 1.150233969092e-01 1.688575893641e-01 2.239931821823e-01 2.485996186733e-01 2.303823530674e-01 1.661670207977e-01 1.400295197964e-01 1.056892722845e-01 1.510865390301e-01 3.769973516464e-01 4.533321559429e-01 1.215879768133e-01
2.391350269318e-02 4.824030026793e-02 4.999080672860e-02 5.448523536325e-02 5.720333382487e-02 5.528148263693e-02 4.641266167164e-02 4.041669517756e-02 4.063409566879e-02 4.061159864068e-02 4.037163034081e-02 3.948936611414e-02 3.823014348745e-02 4.858920350671e-02 7.291337102652e-02 7.985939830542e-02 9.562186896801e-02 9.242224693298e-02 7.541836053133e-02 8.340411633253e-02 8.819711208344e-02 9.102016687393e-02 9.440465271473e-02 9.859465062618e-02 9.482789784670e-02 7.578162848949e-02 1.132791936398e-01 2.012584358454e-01 2.840756475925e-01 2.082952260971e-01 1.041516214609e-01 7.329553365707e-02 6.547392159700e-02 1.087693199515e-01 1.315635442734e-01 2.137497812510e-01 2.712459862232e-01 2.506581246853e-01 1.559825241566e-01 1.707235574722e-01 2.419735044241e-01 5.372853875160e-01 1.952258199453e-01
1.939260400832e-02 3.751682490110e-02 3.739650920033e-02 3.584018349648e-02 3.623558953404e-02 4.054428264499e-02 4.235482215881e-02 4.168882593513e-02 3.545162826777e-02 3.841625526547e-02 4.173313826323e-02 4.509186744690e-02 4.818541929126e-02 5.127676203847e-02 5.442541837692e-02 5.714874714613e-02 5.951607227325e-02 8.969502151012e-02 9.563650935888e-02 1.242122575641e-01 9.734653681517e-02 7.987847924232e-02 7.634540647268e-02 7.406555116177e-02 7.442061603069e-02 8.437117934227e-02 1.125110834837e-01 1.290557980537e-01 1.817896068096e-01 1.480630487204e-01 7.487846165895e-02 8.837420493364e-02 6.593536585569e-02 8.725113421679e-02 1.019110456109e-01 1.241426318884e-01 1.252683997154e-01 2.104391306639e-01 2.972799837589e-01 2.409074902534e-01 2.155956327915e-01 4.396563768387e-01 3.962347805500e-01
1.225789915770e-02 2.470738627017e-02 2.433514408767e-02 2.360398136079e-02 2.654162980616e-02 3.138873353601e-02 3.440869227052e-02 3.611055761576e-02 3.671789541841e-02 3.386853262782e-02 3.127300366759e-02 3.294393420219e-02 3.483528271317e-02 3.509217873216e-02 3.554532676935e-02 4.741135612130e-02 5.279728770256e-02 7.069946825504e-02 1.337756067514e-01 1.401621550322e-01 1.242457181215e-01 1.061157882214e-01 1.247174814343e-01 1.493376642466e-01 1.051779761910e-01 1.195865869522e-01 1.164607256651e-01 1.082472354174e-01 1.130973622203e-01 1.489860564470e-01 1.399271786213e-01 8.735893666744e-02 9.098574519157e-02 9.566888958216e-02 1.035492867231e-01 1.078641042113e-01 1.115757748485e-01 1.436196863651e-01 2.103867828846e-01 2.451578229666e-01 2.927906215191e-01 3.949897587299e-01 3.250243067741e-01
