100/SI/f10.grd
DSAA
101	101
32.816463539100	34.260883539100
35.556306596100	36.727886596100
2.885071808123e-05	4.711372852325e+00
[rows 38 to 56 of 101, columns 0 to 42 of 101]
1.129468157887e-02 2.383291348815e-02 2.577701583505e-02 2.685328200459e-02 3.175099939108e-02 3.891871869564e-02 4.494348168373e-02 5.124614387751e-02 5.631795898080e-02 5.143190547824e-02 4.220507293940e-02 3.443940356374e-02 3.402646258473e-02 3.352167084813e-02 3.566475212574e-02 4.040353372693e-02 4.572416841984e-02 8.401634544134e-02 1.361870914698e-01 1.462026387453e-01 1.178788021207e-01 9.996606409550e-02 6.637825071812e-02 7.773873955011e-02 1.554002463818e-01 2.017160952091e-01 1.940783709288e-01 1.387210041285e-01 9.924828261137e-02 1.099969074130e-01 1.163644492626e-01 1.425426900387e-01 1.953296512365e-01 1.922618299723e-01 1.803162246943e-01 1.077622398734e-01 1.474513560534e-01 1.658013314009e-01 1.640361845493e-01 2.516889870167e-01 2.759461402893e-01 4.093499481678e-01 3.304471671581e-01
1.658029481769e-02 2.952008880675e-02 2.475860714912e-02 2.441425621510e-02 3.455184772611e-02 4.202298820019e-02 5.522882938385e-02 6.948892027140e-02 7.750172168016e-02 7.257606834173e-02 5.273251608014e-02 4.144067689776e-02 3.571696951985e-02 3.634349629283e-02 3.899087384343e-02 4.213411733508e-02 4.489245638251e-02 4.730470851064e-02 7.410324364901e-02 1.037475317717e-01 1.059961169958e-01 1.041152849793e-01 1.076514869928e-01 8.910385519266e-02 8.251833170652e-02 9.168095141649e-02 1.241994798183e-01 2.336433678865e-01 3.128882348537e-01 3.173243105412e-01 2.488315850496e-01 1.226666048169e-01 1.380345374346e-01 1.174272224307e-01 2.341242730618e-01 2.097884118557e-01 1.367383748293e-01 1.650690883398e-01 2.026502639055e-01 2.304949760437e-01 3.081822693348e-01 3.712674379349e-01 4.379974305630e-01
1.929276995361e-02 3.843872621655e-02 3.644211590290e-02 3.143337741494e-02 4.151148349047e-02 5.107804387808e-02 6.199236214161e-02 8.157727122307e-02 8.842653781176e-02 8.815309405327e-02 6.030249223113e-02 4.057047888637e-02 4.088678956032e-02 3.540650010109e-02 2.952676452696e-02 3.319260478020e-02 3.849719092250e-02 4.191780835390e-02 4.462217167020e-02 5.867270007730e-02 8.654376864433e-02 1.214521825314e-01 1.460110247135e-01 1.471204906702e-01 1.437333971262e-01 9.560544043779e-02 7.584715634584e-02 8.014848828316e-02 7.769890874624e-02 9.836788475513e-02 2.073585242033e-01 3.300784230232e-01 3.910219371319e-01 3.263663649559e-01 1.651132255793e-01 1.640777587891e-01 2.870680987835e-01 2.386606633663e-01 2.478689849377e-01 2.471735030413e-01 2.300860434771e-01 3.080721795559e-01 4.660175740719e-01
2.343586459756e-02 4.659943655133e-02 5.416300892830e-02 5.564713105559e-02 5.014572665095e-02 6.013420596719e-02 6.004427745938e-02 5.748686194420e-02 5.746185779572e-02 7.052346318960e-02 7.615312933922e-02 6.611348688602e-02 4.909764602780e-02 4.358391091228e-02 4.397067800164e-02 5.441030114889e-02 6.320998817682e-02 7.082907855511e-02 6.930433958769e-02 5.041016265750e-02 5.623688921332e-02 7.415413856506e-02 8.435866236687e-02 1.131622716784e-01 1.404993534088e-01 1.668953001499e-01 1.861467510462e-01 1.805958896875e-01 1.854478567839e-01 2.023065239191e-01 2.236648052931e-01 2.193316370249e-01 3.389613926411e-01 3.827251791954e-01 2.732219696045e-01 3.455720245838e-01 3.832573592663e-01 3.254336714745e-01 3.666889369488e-01 2.970741987228e-01 2.083826512098e-01 3.641552031040e-01 3.046314716339e-01
2.642180025578e-02 4.895009472966e-02 5.489617213607e-02 5.099325999618e-02 5.535275489092e-02 6.981433928013e-02 6.935255229473e-02 6.015586480498e-02 7.260423153639e-02 6.049102172256e-02 5.731029435992e-02 7.999417930841e-02 8.306640386581e-02 6.266891211271e-02 5.796223133802e-02 5.342206731439e-02 5.424529686570e-02 7.286527007818e-02 9.840103983879e-02 1.000752151012e-01 6.438217312098e-02 7.315081357956e-02 9.308358281851e-02 7.759843021631e-02 8.963397145271e-02 1.081509888172e-01 1.428338736296e-01 2.157008647919e-01 2.904001772404e-01 2.658652961254e-01 2.513575255871e-01 1.870158016682e-01 1.860063821077e-01 3.492487967014e-01 3.360065221786e-01 4.235923290253e-01 2.800520956516e-01 3.965816795826e-01 3.476920425892e-01 5.020714402199e-01 5.187173485756e-01 4.076508879662e-01 4.593550264835e-01
5.351222306490e-02 1.034319698811e-01 7.719636708498e-02 6.627094000578e-02 6.484345346689e-02 5.835117772222e-02 5.971307680011e-02 7.265443354845e-02 7.195027917624e-02 5.828909575939e-02 7.317560166121e-02 4.996164143085e-02 6.379371136427e-02 8.941857516766e-02 7.768122851849e-02 6.723824888468e-02 8.420765399933e-02 1.852072626352e-01 2.176319509745e-01 1.170859560370e-01 1.254360377789e-01 7.393394410610e-02 8.707375079393e-02 1.233785822988e-01 8.230344951153e-02 7.531236857176e-02 7.883657515049e-02 8.632253855467e-02 1.102252826095e-01 1.253148764372e-01 1.338767409325e-01 1.462282985449e-01 1.990068107843e-01 3.132422268391e-01 2.148239016533e-01 1.989126205444e-01 2.923432290554e-01 3.327658474445e-01 2.214808762074e-01 4.588397741318e-01 4.711714982986e-01 5.131839513779e-01 6.302192211151e-01
8.729852735996e-02 1.600798517466e-01 1.297653317451e-01 1.008719801903e-01 9.300504624844e-02 7.069991528988e-02 6.260601431131e-02 8.284172415733e-02 9.164049476385e-02 7.172405719757e-02 5.607050657272e-02 6.905636936426e-02 6.198426336050e-02 4.028310626745e-02 7.568815350533e-02 8.875914663076e-02 6.469059735537e-02 5.614352971315e-02 1.023872718215e-01 6.693486124277e-02 1.165286377072e-01 1.387799084187e-01 1.377558261156e-01 1.204464659095e-01 1.653380841017e-01 1.015305742621e-01 9.430781751871e-02 1.221208274364e-01 1.430876106024e-01 1.092763543129e-01 1.391348540783e-01 1.714019179344e-01 2.031391710043e-01 2.385653704405e-01 3.027631044388e-01 2.299889624119e-01 2.559424638748e-01 2.860706448555e-01 2.710307240486e-01 3.893838524818e-01 3.624281883240e-01 5.237231850624e-01 5.329974889755e-01
3.443571925163e-02 7.173832505941e-02 8.575474470854e-02 1.011078134179e-01 1.035248786211e-01 1.151090711355e-01 1.217262670398e-01 1.050332114100e-01 9.423963725567e-02 9.039661288261e-02 8.370517194271e-02 7.746894657612e-02 7.413529604673e-02 6.914483010769e-02 7.481279224157e-02 6.382051110268e-02 4.536672309041e-02 5.356986075640e-02 5.638958886266e-02 7.751654088497e-02 7.226628065109e-02 1.189310923219e-01 1.289033740759e-01 1.386283487082e-01 1.613918691874e-01 1.821125596762e-01 1.987166702747e-01 2.068275362253e-01 2.112569212914e-01 2.275094687939e-01 2.310078591108e-01 2.429114878178e-01 2.579419016838e-01 2.141748964787e-01 1.840009242296e-01 2.590082883835e-01 3.104351460934e-01 4.782975912094e-01 5.723626613617e-01 5.288209915161e-01 5.031686425209e-01 5.221309065819e-01 4.347294867039e-01
3.329277038574e-02 6.991954147816e-02 7.963246852160e-02 8.846105635166e-02 1.004740223289e-01 1.028407290578e-01 9.460524469614e-02 7.662010192871e-02 7.208139449358e-02 8.582314848900e-02 1.007228568196e-01 9.556938707829e-02 7.233224064112e-02 4.720497876406e-02 5.076129361987e-02 2.937464788556e-02 1.706834882498e-02 1.881664246321e-02 2.507106587291e-02 3.022477775812e-02 9.025122970343e-02 1.583414375782e-01 1.349196285009e-01 1.706771552563e-01 1.643249541521e-01 2.022819668055e-01 2.085792571306e-01 1.973095685244e-01 1.838732808828e-01 2.095980048180e-01 2.231581062078e-01 2.881912589073e-01 3.683577477932e-01 4.012128710747e-01 3.427051305771e-01 2.906498014927e-01 3.219519257545e-01 2.301917672157e-01 3.505727052689e-01 3.568951785564e-01 5.581994056702e-01 5.260279178619e-01 5.661224126816e-01
8.988976478577e-03 1.806430146098e-02 1.906712912023e-02 2.058896608651e-02 2.861662022769e-02 4.001510515809e-02 5.264471843839e-02 5.660176277161e-02 5.473706871271e-02 5.046623945236e-02 5.153213813901e-02 6.548187136650e-02 6.539595872164e-02 5.323720723391e-02 3.446245566010e-02 2.683826722205e-02 1.370717771351e-02 1.167815644294e-02 1.324206963181e-02 2.814603596926e-02 6.225940212607e-02 1.321425735950e-01 3.295798301697e-01 3.098320662975e-01 2.782154083252e-01 2.611716389656e-01 2.516259849072e-01 2.445822507143e-01 2.624725997448e-01 3.027799427509e-01 3.348905444145e-01 3.790476024151e-01 6.568231582642e-01 3.638589680195e-01 8.220379948616e-01 5.607340931892e-01 4.475663900375e-01 4.796025156975e-01 5.938712954521e-01 6.899614930153e-01 7.299154400826e-01 6.858122348785e-01 6.905333995819e-01
8.137668482959e-03 1.571997813880e-02 1.711795292795e-02 1.714874431491e-02 2.885090932250e-02 4.286383464932e-02 4.486249014735e-02 3.675217553973e-02 2.710442990065e-02 2.203833870590e-02 2.792852930725e-02 3.467530012131e-02 3.321481496096e-02 2.671344764531e-02 1.973260007799e-02 1.412359997630e-02 1.038500200957e-02 7.301889359951e-03 7.212647702545e-03 2.529041655362e-02 8.083979040384e-02 1.375735849142e-01 1.352950334549e-01 2.868358790874e-01 6.895025372505e-01 3.484255373478e-01 2.168693244457e-01 1.984884440899e-01 2.043188661337e-01 2.227793186903e-01 3.829469978809e-01 5.539360642433e-01 2.942952215672e-01 4.356019794941e-01 7.869982719421e-01 1.450923442841e+00 5.931675434113e-01 4.643639326096e-01 4.119807779789e-01 4.530961811543e-01 3.877856433392e-01 7.246945500374e-01 8.442442417145e-01
4.224824253470e-03 8.775573223829e-03 1.051921583712e-02 1.167551521212e-02 1.535637676716e-02 2.479627169669e-02 2.856959588826e-02 2.488059923053e-02 1.921514421701e-02 1.434673182666e-02 1.174976583570e-02 1.118642371148e-02 8.903659880161e-03 7.852183654904e-03 9.374979883432e-03 7.146080955863e-03 6.573951803148e-03 5.528445355594e-03 6.488855462521e-03 9.814447723329e-03 1.714303717017e-02 4.579658433795e-02 4.792359471321e-02 6.512384861708e-02 2.517969012260e-01 2.657428979874e-01 9.899368882179e-02 5.407343059778e-02 5.692319571972e-02 1.838062256575e-01 2.422024458647e-01 2.620548605919e-01 2.724719643593e-01 2.238215506077e-01 3.291045427322e-01 9.529504776001e-01 5.075721144676e-01 3.084279000759e-01 2.157380729914e-01 1.947428733110e-01 1.833178102970e-01 4.794281423092e-01 6.656243801117e-01
1.876499736682e-03 3.745968453586e-03 3.896119073033e-03 4.311307799071e-03 5.431919824332e-03 6.875509396195e-03 8.179184980690e-03 8.899585343897e-03 8.609756827354e-03 7.295020855963e-03 6.116264499724e-03 6.859699729830e-03 6.997325457633e-03 6.330563686788e-03 6.954513490200e-03 7.948847487569e-03 6.036108825356e-03 4.776372574270e-03 5.410799756646e-03 8.137918077409e-03 9.282018058002e-03 1.687143743038e-02 2.935897558928e-02 6.401418149471e-02 1.559494286776e-01 9.650264680386e-02 5.979648977518e-02 4.777770116925e-02 4.594736546278e-02 1.445191632956e-02 1.271338015795e-02 1.394308544695e-02 2.177282050252e-02 4.750163480639e-02 1.100448966026e-01 1.883992671967e+00 3.591640949249e+00 4.749785661697e-01 3.234854936600e-01 1.665779799223e-01 1.173140183091e-01 1.275900900364e-01 2.466569542885e-01
1.512383460067e-03 2.749588806182e-03 3.057129681110e-03 3.058203030378e-03 3.073116065934e-03 3.965961281210e-03 5.203587003052e-03 6.401456892490e-03 7.113885600120e-03 6.965667009354e-03 5.850561428815e-03 5.184732377529e-03 5.589535459876e-03 5.325039848685e-03 4.624304827303e-03 6.192645058036e-03 7.181358989328e-03 5.705719348043e-03 4.394192248583e-03 1.419301796705e-02 1.748983934522e-02 1.243116334081e-02 1.649465784431e-02 2.863399684429e-02 5.527855455875e-02 5.547516942024e-01 1.227592080832e-01 1.058825924993e-01 4.449484124780e-02 8.700139820576e-03 7.611360866576e-03 7.972564548254e-03 9.287029504776e-03 1.144061330706e-02 1.533553097397e-02 8.225693553686e-02 5.742494463921e-01 1.483153939247e+00 3.774551451206e-01 2.119234651327e-01 6.122249364853e-02 3.915484622121e-02 4.389119520783e-02
1.412203884684e-03 3.362282877788e-03 4.546408541501e-03 5.246949847788e-03 5.464131478220e-03 5.041836760938e-03 4.482326097786e-03 4.080401267856e-03 5.107541102916e-03 5.854142829776e-03 5.833824165165e-03 5.045878700912e-03 4.313398152590e-03 5.437680985779e-03 5.679417867213e-03 5.077378824353e-03 5.933586042374e-03 7.642157375813e-03 6.022819783539e-03 1.271569076926e-02 1.404285058379e-02 1.120567601174e-02 1.250173896551e-02 1.373406592757e-02 3.163262084126e-02 1.180504336953e-01 1.148508712649e-01 2.938418649137e-02 1.362319011241e-02 8.425040170550e-03 6.312650628388e-03 5.390367936343e-03 5.319541785866e-03 6.677243392915e-03 8.668549358845e-03 2.939506061375e-02 1.513946056366e-01 5.316544771194e-01 6.434853076935e-01 9.927520900965e-02 4.273906350136e-02 2.753131464124e-02 2.609170414507e-02
2.137149218470e-03 5.031602922827e-03 6.431373767555e-03 7.232089526951e-03 7.430032826960e-03 7.099532987922e-03 6.663787644356e-03 5.992939230055e-03 5.169583950192e-03 4.224958363920e-03 4.690562374890e-03 4.923216067255e-03 4.713740665466e-03 5.515815690160e-03 6.328234914690e-03 5.980650894344e-03 5.058398470283e-03 8.026845753193e-03 8.551866747439e-03 2.250966057181e-02 1.444352976978e-02 1.037946436554e-02 7.011578418314e-03 7.245315238833e-03 1.363464724272e-02 1.075465455651e-01 1.409441530704e-01 2.664781361818e-02 1.742214150727e-02 8.821183815598e-03 5.402893759310e-03 3.705423790962e-03 3.172740573063e-03 3.461813088506e-03 5.438298918307e-03 9.001118130982e-03 6.081361323595e-02 1.886881589890e-01 4.994271695614e-01 2.425621300936e-01 1.156872510910e-01 2.303199097514e-02 1.945980452001e-02
1.466437242925e-03 3.188218921423e-03 3.976972773671e-03 4.364556167275e-03 4.232777282596e-03 4.267739132047e-03 4.779416136444e-03 5.347466096282e-03 5.881041754037e-03 5.891546141356e-03 5.075414199382e-03 3.799201920629e-03 4.472188651562e-03 4.899428226054e-03 4.907944239676e-03 4.930261988193e-03 5.170257762074e-03 8.462467230856e-03 1.164006907493e-02 1.939297467470e-02 1.494685839862e-02 1.173900812864e-02 5.761277861893e-03 5.762978922576e-03 1.159529294819e-02 4.120339453220e-02 3.116477839649e-02 2.061240747571e-02 1.631710305810e-02 9.030269458890e-03 4.955734126270e-03 3.798702964559e-03 3.304869867861e-03 3.188721369952e-03 4.542340990156e-03 7.685605902225e-03 1.611446961761e-02 8.099824935198e-02 9.538844227791e-02 5.799292773008e-02 3.498278185725e-02 1.761880330741e-02 1.589846611023e-02
1.378049375489e-03 2.496053930372e-03 3.708188654855e-03 4.739562980831e-03 5.658546928316e-03 6.691017188132e-03 7.826005108654e-03 9.052288718522e-03 1.018489990383e-02 1.050867512822e-02 9.394796565175e-03 6.978984456509e-03 4.491713363677e-03 4.670879337937e-03 5.718803033233e-03 6.209503859282e-03 7.775885984302e-03 8.987992070615e-03 1.064383983612e-02 1.855445839465e-02 1.304112374783e-02 8.712224662304e-03 4.604634828866e-03 4.482652992010e-03 8.394710719585e-03 9.742620401084e-03 1.509162783623e-01 1.411081198603e-02 1.337078679353e-02 7.981716655195e-03 4.648556932807e-03 3.414228325710e-03 3.249617293477e-03 3.435282036662e-03 4.814124666154e-03 6.542803253978e-03 1.089123915881e-02 1.342218369246e-02 2.818642929196e-02 3.745346888900e-02 2.339497767389e-02 1.405241806060e-02 1.804567687213e-02
1.367058488540e-03 2.413217443973e-03 3.398376051337e-03 4.202803596854e-03 5.014253314584e-03 6.005100440234e-03 7.052429486066e-03 8.109021000564e-03 9.096401743591e-03 9.628790430725e-03 9.123153984547e-03 1.020081900060e-02 1.061630342156e-02 1.041223295033e-02 9.946077130735e-03 9.034723043442e-03 1.071037352085e-02 7.821323350072e-03 1.060793828219e-02 3.376951441169e-02 1.231785584241e-02 6.119494326413e-03 4.318598657846e-03 3.616329748183e-03 4.997372161597e-03 1.615806110203e-02 5.357025563717e-02 1.092652045190e-02 1.421164348722e-02 5.952998530120e-03 4.393871873617e-03 3.058568807319e-03 3.109242999926e-03 3.799018450081e-03 5.103305447847e-03 6.062914617360e-03 6.744149606675e-03 1.086443476379e-02 2.378891035914e-02 2.781780995429e-02 1.709903404117e-02 1.262855436653e-02 1.680601760745e-02
