100/SI/f101_max.grd
DSAA
101	101
32.816463539100	34.260883539100
35.556306596100	36.727886596100
4.319353593019e-06	7.252053618431e-01
[rows 76 to 94 of 101, columns 0 to 42 of 101]
4.593291669153e-05 6.645340909017e-05 8.752583380556e-05 1.036561079673e-04 1.114073093049e-04 1.121367968153e-04 1.083502793335e-04 1.023169097607e-04 9.545272769174e-05 1.023244840326e-04 1.157340593636e-04 1.388063974446e-04 1.644107105676e-04 1.808324450394e-04 1.841311895987e-04 1.787368964870e-04 1.627611927688e-04 1.731358206598e-04 1.782819454093e-04 1.904768869281e-04 2.627334324643e-04 2.568794589024e-04 1.691087963991e-04 1.836386363721e-04 1.702229783405e-04 1.561302051414e-04 1.600500399945e-04 1.779920421541e-04 2.002337569138e-04 2.116772957379e-04 2.038433594862e-04 1.919794594869e-04 1.866247912403e-04 1.845476654125e-04 2.030126488535e-04 2.435563801555e-04 4.700810241047e-04 5.610559019260e-04 5.281616467983e-04 3.728874435183e-04 3.699603839777e-04 6.127548404038e-04 1.068797311746e-03
4.624608482118e-05 7.478910993086e-05 9.928743384080e-05 1.145416608779e-04 1.206357264891e-04 1.200461265398e-04 1.153079283540e-04 1.082940652850e-04 1.116672501666e-04 1.240142155439e-04 1.427601528121e-04 1.688311167527e-04 1.929527643370e-04 2.047105372185e-04 2.015531645156e-04 1.869494590210e-04 1.592475309735e-04 1.635382213863e-04 1.642503630137e-04 1.462551736040e-04 1.498948840890e-04 1.570319873281e-04 1.378664310323e-04 1.657589455135e-04 1.756129640853e-04 1.611201878404e-04 1.737915736157e-04 2.093342045555e-04 2.323742664885e-04 2.350724971620e-04 2.193006948801e-04 2.012481854763e-04 1.997952640522e-04 1.941310765687e-04 2.361737278989e-04 2.551353827585e-04 4.212648491375e-04 4.709550994448e-04 5.198388826102e-04 5.884270067327e-04 1.219151774421e-03 1.593078137375e-03 1.510531408712e-03
4.925516259391e-05 7.858356548240e-05 1.023749427986e-04 1.158642553492e-04 1.201815102831e-04 1.181956467917e-04 1.121988243540e-04 1.215005031554e-04 1.369602978230e-04 1.532843743917e-04 1.743832253851e-04 1.966370327864e-04 2.110303321388e-04 2.106449246639e-04 1.955767947948e-04 1.698312407825e-04 1.349213271169e-04 1.414825819666e-04 1.370403479086e-04 1.201949853566e-04 1.099948131014e-04 1.234150986420e-04 1.490382273914e-04 1.986702991417e-04 2.092068607453e-04 1.894094457384e-04 2.324361848878e-04 2.521640562918e-04 2.579184656497e-04 2.522422873881e-04 2.358463534620e-04 2.186078927480e-04 2.081729035126e-04 2.375785843469e-04 3.062763134949e-04 3.974956925958e-04 5.234005511738e-04 6.503055919893e-04 5.487218149938e-04 1.432222197764e-03 1.654312363826e-03 1.595389447175e-03 1.576348440722e-03
4.449623884284e-05 7.034036389086e-05 9.069790394278e-05 1.016263195197e-04 1.044049713528e-04 1.015313901007e-04 1.154757046606e-04 1.314581022598e-04 1.442670763936e-04 1.569973974256e-04 1.703676098259e-04 1.802950428100e-04 1.814173156163e-04 1.707925839582e-04 1.508497662144e-04 1.261624274775e-04 1.175280340249e-04 1.133606856456e-04 1.059399291989e-04 9.830162161961e-05 1.017879767460e-04 1.133218174800e-04 1.788412628230e-04 2.433018089505e-04 2.631247625686e-04 2.766909019556e-04 2.853917831089e-04 2.875976497307e-04 2.709279069677e-04 2.547631156631e-04 2.410662709735e-04 2.288428659085e-04 2.544752787799e-04 2.999355492648e-04 3.826908941846e-04 4.411587724462e-04 4.302806337364e-04 7.037456380203e-04 8.242155890912e-04 1.222344115376e-03 1.418985542841e-03 1.417338964529e-03 1.447178074159e-03
3.670311343740e-05 5.876949944650e-05 7.164939597715e-05 7.855240983190e-05 8.064595022006e-05 9.297588985646e-05 1.068152123480e-04 1.153434204753e-04 1.192961281049e-04 1.228206383530e-04 1.269140921067e-04 1.293453242397e-04 1.268350169994e-04 1.173833588837e-04 1.203870124300e-04 1.231961650774e-04 1.218475663336e-04 1.155580757768e-04 1.057005720213e-04 9.665349352872e-05 9.577259334037e-05 1.178205639008e-04 2.013198536588e-04 2.767272817437e-04 3.137026797049e-04 3.330575418659e-04 3.357426030561e-04 3.451521042734e-04 3.362644347362e-04 2.895388461184e-04 2.491517225280e-04 2.383198298048e-04 2.798280038405e-04 3.044275217690e-04 3.219804493710e-04 3.479548031464e-04 4.625754081644e-04 6.790045881644e-04 8.971575880423e-04 9.138744790107e-04 1.429167808965e-03 1.724403002299e-03 1.353935105726e-03
5.016166687710e-05 7.559515506728e-05 9.146455704467e-05 9.889509965433e-05 1.030081548379e-04 1.048786216415e-04 1.055110769812e-04 1.048445847118e-04 1.028669648804e-04 1.001280252240e-04 1.037990150508e-04 1.127967479988e-04 1.206141241710e-04 1.273696252611e-04 1.321217860095e-04 1.332981919404e-04 1.295248803217e-04 1.203942592838e-04 1.087615964934e-04 1.062011215254e-04 1.011084532365e-04 1.269736239919e-04 2.073649229715e-04 2.854737977032e-04 7.104021497071e-04 2.099107950926e-03 2.233303152025e-03 1.006376813166e-03 5.854826304130e-04 4.618611419573e-04 3.281649260316e-04 2.527625183575e-04 2.959617413580e-04 3.885143087246e-04 3.132960118819e-04 3.773274656851e-04 4.182080156170e-04 7.008505635895e-04 1.224334700964e-03 1.201586448587e-03 1.331688370556e-03 1.766563742422e-03 2.433314220980e-03
7.096517947502e-05 1.043659431161e-04 1.250513014384e-04 1.357891887892e-04 1.387932425132e-04 1.380257890560e-04 1.352638500975e-04 1.310443913098e-04 1.256802643184e-04 1.203097417601e-04 1.414408034179e-04 1.624927535886e-04 1.807612861739e-04 1.932674495038e-04 1.974595361389e-04 1.921380608110e-04 1.773888070602e-04 1.542932295706e-04 1.438040635549e-04 1.366660435451e-04 1.278841664316e-04 1.489962596679e-04 2.072979841614e-04 4.659343103413e-04 1.965791452676e-03 5.651632323861e-03 6.177434697747e-03 3.108291886747e-03 1.348381512798e-03 6.619966588914e-04 4.278201668058e-04 3.240885271225e-04 2.899843384512e-04 4.139846132603e-04 4.470192361623e-04 4.637371166609e-04 4.151434986852e-04 6.314655183814e-04 1.443088985980e-03 2.169021870941e-03 1.432585180737e-03 1.391996280290e-03 3.090255428106e-03
8.909650205169e-05 1.272033696296e-04 1.521824160591e-04 1.618499372853e-04 1.614288776182e-04 1.561287790537e-04 1.485278335167e-04 1.445321977371e-04 1.687904587016e-04 2.059105027001e-04 2.442228433210e-04 2.804061514325e-04 3.111915139016e-04 3.354566870257e-04 3.521738108248e-04 3.581936471164e-04 3.489112132229e-04 3.189519629814e-04 2.631831157487e-04 1.969830336748e-04 1.819835742936e-04 1.857410679804e-04 4.092789022252e-04 7.414664723910e-04 2.143821213394e-03 1.757071912289e-02 3.297311440110e-02 7.183847017586e-03 3.153192577884e-03 1.127909636125e-03 5.230660317466e-04 4.008718242403e-04 3.848664928228e-04 5.349949351512e-04 6.430599023588e-04 6.272178143263e-04 5.181355518289e-04 7.672569481656e-04 1.215089694597e-03 2.661365317181e-03 2.676195465028e-03 1.333667547442e-03 3.211081027985e-03
9.474875696469e-05 1.325232151430e-04 1.548677100800e-04 1.602128322702e-04 1.547843567096e-04 1.611578918528e-04 1.780913880793e-04 1.893057196867e-04 2.256133302581e-04 2.777500485536e-04 3.321258118376e-04 3.837448894046e-04 4.290322831366e-04 4.694229864981e-04 5.081800045446e-04 5.449001910165e-04 5.694499704987e-04 5.595898837782e-04 4.851715930272e-04 3.486048371997e-04 2.686355146579e-04 3.839126729872e-04 6.763010169379e-04 9.594396688044e-04 4.206520039588e-03 1.008921023458e-02 1.292112190276e-02 3.918885719031e-03 1.493927091360e-03 8.923642453738e-04 7.666841847822e-04 9.372218046337e-04 1.209593727253e-03 1.121446723118e-03 8.060062536970e-04 8.018669323064e-04 6.699665682390e-04 7.825158536434e-04 8.597230771556e-04 1.748175593093e-03 2.324696164578e-03 1.507606008090e-03 5.603032652289e-03
1.291976077482e-04 2.045719884336e-04 2.578705025371e-04 2.881457912736e-04 3.049935621675e-04 3.114813589491e-04 3.083841584157e-04 2.970225177705e-04 2.795934560709e-04 2.876250073314e-04 3.471688833088e-04 4.071790317539e-04 4.641572595574e-04 5.188552313484e-04 5.772445001639e-04 6.460520671681e-04 7.129259174690e-04 7.376096909866e-04 6.649041897617e-04 6.316947401501e-04 6.051933742128e-04 6.530119571835e-04 8.407099521719e-04 1.143718487583e-03 2.170823281631e-03 7.969630532898e-04 6.285897688940e-04 6.283266120590e-04 6.956139695831e-04 7.406544173136e-04 8.195232367143e-04 5.826098378748e-03 3.855006070808e-03 3.011968219653e-03 1.815215218812e-03 2.672412898391e-03 2.458706963807e-03 1.155502512120e-03 9.026546031237e-04 1.078435336240e-03 1.607172074728e-03 4.263702780008e-03 6.477812770754e-03
2.369534195168e-04 3.682661044877e-04 4.510629805736e-04 4.845973453484e-04 4.899462219328e-04 4.776451096404e-04 4.530762962531e-04 4.208991595078e-04 3.925136697944e-04 4.075396864209e-04 4.183379060123e-04 4.221591516398e-04 4.449510306586e-04 5.053027998656e-04 5.623823963106e-04 6.265614065342e-04 6.901234737597e-04 1.028136117384e-03 1.328012207523e-03 1.337159541436e-03 1.365209696814e-03 1.350771402940e-03 9.878571145236e-04 1.187210902572e-03 5.875256028958e-04 4.442774516065e-04 4.091029113624e-04 3.545572981238e-04 4.007893730886e-04 5.601432640105e-04 1.279025338590e-03 6.918607745320e-03 4.955640994012e-03 3.333345986903e-03 2.916932106018e-03 6.194853689522e-03 5.910479463637e-03 2.671647118405e-03 2.004078589380e-03 1.850893720984e-03 2.376884687692e-03 4.020868800581e-03 7.219132501632e-03
3.406339965295e-04 5.183143075556e-04 6.099570891820e-04 6.270634476095e-04 7.682964205742e-04 8.265236392617e-04 8.128363406286e-04 7.580206729472e-04 6.839669076726e-04 6.174031877890e-04 6.244381656870e-04 6.114763091318e-04 6.438344134949e-04 7.425516378134e-04 8.135306416079e-04 8.779730997048e-04 1.027355669066e-03 1.120218425058e-03 1.011273940094e-03 1.156079582870e-03 1.212354749441e-03 9.892857633531e-04 8.093729265966e-04 4.627602756955e-04 4.067632253282e-04 3.167722315993e-04 2.626659697853e-04 2.108391054207e-04 1.929675345309e-04 3.435419639573e-04 5.479262908921e-04 2.941039390862e-03 3.840295365080e-03 5.780318751931e-03 6.137819960713e-03 8.002662099898e-03 5.647866521031e-03 2.647384535521e-03 4.160960670561e-03 4.200796596706e-03 2.959029749036e-03 3.885341808200e-03 1.244394946843e-02
3.991347621195e-04 6.013709935360e-04 6.955162971281e-04 7.767289062031e-04 9.422297007404e-04 1.006282516755e-03 9.837922407314e-04 9.117122390307e-04 8.148990455084e-04 7.109886500984e-04 6.300723180175e-04 6.932714022696e-04 8.020065142773e-04 9.208886185661e-04 1.001297961920e-03 1.028066035360e-03 9.641894139349e-04 7.929442799650e-04 6.268993020058e-04 5.424007540569e-04 4.619432438631e-04 3.241092490498e-04 2.892362826969e-04 2.766661928035e-04 2.464377321303e-04 2.010705939028e-04 1.550493761897e-04 1.469803100917e-04 1.873880974017e-04 2.824906550813e-04 4.067457630299e-04 1.627279561944e-03 1.758183701895e-03 3.384232521057e-03 3.926370758563e-03 9.066868573427e-03 7.966412231326e-03 4.176826681942e-03 3.814373398200e-03 1.659060828388e-02 3.901954367757e-02 1.012143585831e-02 6.218373775482e-03
2.976479881909e-04 4.441627825145e-04 5.074283108115e-04 5.141639267094e-04 6.139959441498e-04 6.490805535577e-04 6.309004384093e-04 5.825377884321e-04 5.189202493057e-04 4.515968321357e-04 4.191358748358e-04 4.509822756518e-04 4.683868028224e-04 4.714928509202e-04 4.635088844225e-04 4.705819883384e-04 4.221664275974e-04 3.378635738045e-04 3.934438282158e-04 3.708564327098e-04 2.954065857921e-04 2.157652779715e-04 2.019719977397e-04 1.800901227398e-04 1.506202825112e-04 1.184357024613e-04 1.349380472675e-04 1.876562600955e-04 2.351621806156e-04 4.811117833015e-04 6.086879293434e-04 9.114003041759e-04 1.587396953255e-03 1.181650906801e-03 1.020823605359e-03 1.241257879883e-03 7.748601492494e-03 4.485755693167e-03 3.457933897153e-03 2.216017805040e-02 4.891472309828e-02 5.376323591918e-03 1.939346198924e-03
1.408023235854e-04 2.079348341795e-04 2.447859151289e-04 2.782255178317e-04 2.912520139944e-04 3.034234396182e-04 3.063636540901e-04 2.903467102442e-04 2.761340874713e-04 2.722634817474e-04 2.672889968380e-04 2.456619695295e-04 2.512146893423e-04 2.582843299024e-04 2.562844601925e-04 2.424922713544e-04 3.258664801251e-04 4.161954857409e-04 3.922271425836e-04 2.935041557066e-04 1.872121065389e-04 1.361801841995e-04 1.234670926351e-04 1.069674253813e-04 8.918059029384e-05 1.374017301714e-04 2.116598479915e-04 2.826125710271e-04 3.889792715199e-04 6.310144672170e-04 8.689885144122e-04 1.172365387902e-03 1.355109736323e-03 1.177391503006e-03 6.988691748120e-04 8.142382721417e-04 1.576601061970e-03 3.973867744207e-03 6.534631829709e-03 6.841465365142e-03 3.621531417593e-03 1.385369687341e-03 1.292992033996e-03
9.325294377049e-05 1.358387962682e-04 1.722252200125e-04 1.945758995134e-04 2.033430355368e-04 2.024191053351e-04 1.974945334950e-04 1.880947966129e-04 1.769795635482e-04 1.652348291827e-04 1.532031310489e-04 1.412022102159e-04 1.296978443861e-04 1.274560199818e-04 1.258503325516e-04 1.775880664354e-04 3.026183403563e-04 3.580281336326e-04 3.064127231482e-04 2.111694484483e-04 1.285287871724e-04 8.211819658754e-05 8.242957846960e-05 9.021545702126e-05 1.226748572662e-04 2.086577296723e-04 3.146747185383e-04 4.418936150614e-04 6.285934941843e-04 8.590834331699e-04 1.286113751121e-03 1.327304518782e-03 1.211218303069e-03 6.533886189573e-04 4.962943494320e-04 6.759223178960e-04 8.155977702700e-04 3.088775556535e-03 7.674232125282e-03 4.416261799634e-03 2.638430567458e-03 1.182322623208e-03 1.122191548347e-03
6.505485362140e-05 9.419372509001e-05 1.178013553726e-04 1.324427721556e-04 1.390241377521e-04 1.398517342750e-04 1.368288067169e-04 1.311838277616e-04 1.237671094714e-04 1.149991148850e-04 1.053751329891e-04 9.514780686004e-05 1.013675282593e-04 1.019516057568e-04 9.411361679668e-05 1.052365114447e-04 1.884733646875e-04 2.345519023947e-04 2.191592357121e-04 1.714520185487e-04 1.211004055222e-04 8.139527926687e-05 8.821004303172e-05 1.013584624161e-04 1.733135286486e-04 3.837526019197e-04 8.190857479349e-04 7.571871974505e-04 6.251328741200e-04 1.158914295956e-03 1.578093739226e-03 1.353132422082e-03 9.781601838768e-04 4.552749742288e-04 4.881583736278e-04 6.716749630868e-04 9.322714176960e-04 3.341403091326e-03 5.634280387312e-03 2.647415269166e-03 1.534963841550e-03 9.437034605071e-04 8.472975459881e-04
4.363871994428e-05 6.260358350119e-05 7.764341717120e-05 8.681465988047e-05 9.085117198993e-05 9.127073280979e-05 8.913825149648e-05 8.513855573256e-05 7.967678538989e-05 7.309512875509e-05 7.252274372149e-05 8.151212387020e-05 8.505195000907e-05 8.133821393130e-05 7.754155376460e-05 8.871101454133e-05 9.853447409114e-05 1.198077734443e-04 1.370018726448e-04 1.322144526057e-04 1.125229246099e-04 8.888782758731e-05 9.417640103493e-05 1.293798995903e-04 2.255605650134e-04 6.678506033495e-04 9.544657659717e-04 5.690694088116e-04 6.363315042108e-04 1.225460087880e-03 1.659008557908e-03 1.313625369221e-03 9.137482848018e-04 6.270827143453e-04 6.939659942873e-04 6.712307804264e-04 1.447861432098e-03 5.802134983242e-03 4.213538952172e-03 1.104025868699e-03 2.210979349911e-03 9.611356072128e-04 6.550725083798e-04
2.575564940344e-05 3.661919254228e-05 4.508335769060e-05 5.008179505239e-05 5.209102891968e-05 5.199818406254e-05 5.039784082328e-05 4.766934216605e-05 4.567667929223e-05 5.574209717452e-05 6.522345938720e-05 7.143328548409e-05 7.195410580607e-05 7.918348273961e-05 9.158143075183e-05 1.041327777784e-04 1.150939569925e-04 1.222291757585e-04 1.233577640960e-04 1.176515579573e-04 1.072473532986e-04 9.984698408516e-05 1.109981822083e-04 1.612227060832e-04 2.720346965361e-04 7.483885856345e-04 7.883682264946e-04 6.268633878790e-04 5.704307113774e-04 1.096078311093e-03 1.535898773000e-03 1.196496305056e-03 1.167534850538e-03 7.879715994932e-04 8.359363419004e-04 6.007756455801e-04 1.382760936394e-03 3.706765128300e-03 1.826429273933e-03 1.295653055422e-03 2.930507762358e-03 9.463463793509e-04 5.011351313442e-04
