100/SI/f101_max.grd
DSAA
101	101
32.816463539100	34.260883539100
35.556306596100	36.727886596100
4.319353593019e-06	7.252053618431e-01
[rows 57 to 75 of 101, columns 0 to 42 of 101]
2.399379009148e-04 3.941252653021e-04 4.284053866286e-04 4.289369389880e-04 4.515199980233e-04 5.522854044102e-04 6.184168742038e-04 6.781127885915e-04 7.339584990405e-04 7.502358057536e-04 7.255951059051e-04 1.016614725813e-03 1.741715008393e-03 9.522739565000e-04 6.909078801982e-04 1.041613752022e-03 9.332783520222e-04 1.051244442351e-03 1.271313172765e-03 1.319453236647e-03 1.361154485494e-03 1.019336283207e-03 7.093863096088e-04 6.242925301194e-04 6.773659260944e-04 9.380253613926e-04 1.497542718425e-03 1.856199698523e-03 1.444775029086e-03 8.461115066893e-04 6.632203003392e-04 5.228883819655e-04 5.479119135998e-04 6.597709143534e-04 7.801635656506e-04 1.002524979413e-03 1.156246755272e-03 1.243881997652e-03 2.051260555163e-03 2.695705508813e-03 2.316440455616e-03 2.057384932414e-03 2.305244095623e-03
3.035649133381e-04 4.968966240995e-04 5.675747524947e-04 5.761284264736e-04 5.700146430172e-04 5.546172615141e-04 5.533903022297e-04 5.798105266877e-04 6.042284076102e-04 9.817486861721e-04 3.185187466443e-03 3.688818542287e-03 1.378432614729e-03 7.143662660383e-04 7.176024955697e-04 6.674615433440e-04 7.224506116472e-04 7.193609490059e-04 8.251024410129e-04 1.046161982231e-03 1.266000792384e-03 1.353481435217e-03 9.470983641222e-04 5.964135634713e-04 6.870189681649e-04 1.047641620971e-03 1.580931013450e-03 1.692976569757e-03 1.718708663248e-03 1.093967352062e-03 6.582101341337e-04 5.983767332509e-04 5.726109957322e-04 6.866235635243e-04 8.110279450193e-04 8.398957434110e-04 8.631141972728e-04 8.988397312351e-04 9.073246037588e-04 9.792911587283e-04 1.183704240248e-03 1.621421426535e-03 1.868834835477e-03
4.058904596604e-04 6.673044990748e-04 7.720093126409e-04 1.099735964090e-03 1.410154975019e-03 1.788302557543e-03 2.352468902245e-03 3.432497149333e-03 6.304877810180e-03 8.909869007766e-03 5.928176455200e-03 1.509006135166e-03 1.023519318551e-03 8.958994294517e-04 6.519463495351e-04 6.816745735705e-04 7.201830158010e-04 7.081919466145e-04 6.791292689741e-04 7.245996384881e-04 1.222035032697e-03 1.385767827742e-03 9.834701195359e-04 5.660600727424e-04 4.443630168680e-04 6.849025376141e-04 9.706573910080e-04 1.003300421871e-03 1.047096331604e-03 8.527702302672e-04 5.952525534667e-04 6.249975413084e-04 5.922094569542e-04 6.649106508121e-04 8.025107090361e-04 8.318688487634e-04 7.925382233225e-04 7.262533763424e-04 6.704353727400e-04 7.505994872190e-04 9.586069500074e-04 1.227309461683e-03 1.626058947295e-03
3.966819786001e-04 7.193245110102e-04 1.250221044756e-03 1.781297381967e-03 2.251199213788e-03 2.978748641908e-03 4.333079326898e-03 6.473716814071e-03 6.510410457850e-03 3.013119334355e-03 7.313989335671e-04 8.527903701179e-04 9.272790048271e-04 8.238813607022e-04 7.355817942880e-04 7.719896384515e-04 7.731284713373e-04 7.413982530124e-04 5.802815430798e-04 5.667631048709e-04 8.802985539660e-04 9.826986351982e-04 7.298032869585e-04 4.570336895995e-04 3.514696145430e-04 3.798525431193e-04 5.093964864500e-04 6.301493267529e-04 7.371917599812e-04 6.397611577995e-04 5.854674964212e-04 5.462777917273e-04 5.833350587636e-04 6.462400197051e-04 7.753841928206e-04 7.948119309731e-04 7.192378398031e-04 6.153683643788e-04 5.669109523296e-04 6.300476379693e-04 9.264342952520e-04 1.162047381513e-03 1.488177222200e-03
2.405001141597e-04 4.192488559056e-04 5.124934250489e-04 5.394461913966e-04 5.404564435594e-04 5.381443188526e-04 5.334838642739e-04 5.221090395935e-04 5.122363218106e-04 5.011031171307e-04 4.702781152446e-04 4.964151303284e-04 5.401157541201e-04 6.910584052093e-04 7.770309457555e-04 8.113257354125e-04 7.804682827555e-04 6.921763415448e-04 5.112131475471e-04 4.093849274796e-04 4.926762194373e-04 5.115821841173e-04 4.038781044073e-04 2.996415714733e-04 2.640441525728e-04 2.877392398659e-04 3.695944033097e-04 4.445420054253e-04 5.315966554917e-04 5.725791561417e-04 5.421280511655e-04 4.846134979744e-04 5.605205660686e-04 6.785827572457e-04 8.097254903987e-04 7.834809366614e-04 6.506706704386e-04 5.165233160369e-04 5.744023947045e-04 6.430291105062e-04 9.519364102744e-04 1.182188512757e-03 1.401907880791e-03
1.130964592448e-04 2.108135231538e-04 2.733886940405e-04 3.019443538506e-04 3.130678669550e-04 3.222193918191e-04 3.309590101708e-04 3.374143852852e-04 3.475547127891e-04 3.577265015338e-04 3.505980712362e-04 3.296154609416e-04 3.343858115841e-04 4.438597534318e-04 5.220447783358e-04 5.493937060237e-04 4.996625357307e-04 4.444491059985e-04 3.753566124942e-04 3.199874772690e-04 2.624798507895e-04 2.451493055560e-04 2.024710120168e-04 2.242439222755e-04 2.645081840456e-04 2.782042720355e-04 3.063235490117e-04 3.691762685776e-04 4.499111964833e-04 4.924418753944e-04 4.854025028180e-04 4.585318965837e-04 5.594748654403e-04 7.511804578826e-04 8.727406384423e-04 7.878681644797e-04 5.907696322538e-04 5.094556254335e-04 5.885525024496e-04 6.871630321257e-04 9.229411371052e-04 1.046732533723e-03 1.207553083077e-03
7.765121699777e-05 1.308019418502e-04 1.624423603062e-04 1.854248839663e-04 1.995090860873e-04 2.118261909345e-04 2.236335276393e-04 2.335208555451e-04 2.453923225403e-04 2.575466933195e-04 2.591814554762e-04 2.508635516278e-04 2.413400798105e-04 2.328038244741e-04 2.342726656934e-04 2.657166041899e-04 2.802332164720e-04 2.764618839137e-04 2.537789987400e-04 2.425534330541e-04 2.096801908920e-04 1.967564458027e-04 1.725784386508e-04 2.283032954438e-04 2.814254548866e-04 3.083205374423e-04 3.066697681788e-04 3.046675701626e-04 3.716091450769e-04 4.134846676607e-04 4.236555250827e-04 4.212547792122e-04 5.677319131792e-04 7.942733354867e-04 8.763296063989e-04 7.314862450585e-04 5.168425850570e-04 5.119602428749e-04 6.150914123282e-04 6.904858746566e-04 7.999234367162e-04 9.207585244440e-04 9.454915998504e-04
6.280694651650e-05 1.069937643479e-04 1.348822697764e-04 1.483554806327e-04 1.579766540090e-04 1.661342976149e-04 1.721299195196e-04 1.732780510793e-04 1.797131990315e-04 1.866974635050e-04 1.881937059807e-04 1.850623957580e-04 1.819456228986e-04 1.778085861588e-04 1.841844787123e-04 2.116366958944e-04 2.249618119095e-04 2.219928574050e-04 2.053211210296e-04 1.911880681291e-04 2.036163932644e-04 1.977351348614e-04 1.714382087812e-04 2.278648025822e-04 2.874811762013e-04 3.239747311454e-04 3.283688565716e-04 3.181517240591e-04 3.271927416790e-04 3.587236278690e-04 3.737027291209e-04 3.922754258383e-04 5.644115735777e-04 7.765801856294e-04 7.995951455086e-04 6.288971053436e-04 4.808161465917e-04 5.283299251460e-04 6.437658448704e-04 6.797000532970e-04 7.087797275744e-04 7.665947196074e-04 7.038330077194e-04
6.052722892491e-05 9.697097993921e-05 1.230123452842e-04 1.350039383397e-04 1.401490007993e-04 1.445915695513e-04 1.461794745410e-04 1.435829326510e-04 1.442702487111e-04 1.461289357394e-04 1.468083792133e-04 1.524110120954e-04 1.568416482769e-04 1.604414283065e-04 1.647249737289e-04 1.718176208669e-04 1.837171585066e-04 1.856402959675e-04 1.874445151770e-04 1.809135428630e-04 1.869670086307e-04 1.954520266736e-04 1.735204132274e-04 2.158324350603e-04 2.726883394644e-04 3.105589130428e-04 3.172535798512e-04 3.117522574030e-04 3.290292806923e-04 3.386580501683e-04 3.450922085904e-04 3.666481643450e-04 5.291465786286e-04 6.968007655814e-04 6.768393795937e-04 5.399734363891e-04 4.700974095613e-04 5.661348695867e-04 6.513980915770e-04 6.353777716868e-04 6.164110964164e-04 6.214432069100e-04 5.722973146476e-04
5.668184530805e-05 8.998978591990e-05 1.129140437115e-04 1.230612688232e-04 1.273910893360e-04 1.306026970269e-04 1.309599028900e-04 1.281059376197e-04 1.275621034438e-04 1.371810067212e-04 1.454725424992e-04 1.529528526589e-04 1.595721842023e-04 1.651372876950e-04 1.701905130176e-04 1.750893425196e-04 1.787123474060e-04 1.792920957087e-04 1.757487625582e-04 1.719598076306e-04 1.723272143863e-04 1.885372039396e-04 1.782321050996e-04 1.957868953468e-04 2.439469535602e-04 2.774316526484e-04 3.222579252906e-04 3.519257879816e-04 3.533634007908e-04 3.419849672355e-04 3.344029246364e-04 3.404880117159e-04 4.648691392504e-04 5.802791565657e-04 5.556716932915e-04 4.812186525669e-04 5.075102089904e-04 5.758595070802e-04 6.158131291158e-04 5.583138554357e-04 5.162848392501e-04 4.905732930638e-04 4.895736929029e-04
5.226458961261e-05 8.283625356853e-05 1.037686743075e-04 1.134505000664e-04 1.175333745778e-04 1.192987765535e-04 1.184206266771e-04 1.173144919449e-04 1.195781223942e-04 1.298330171267e-04 1.390779361827e-04 1.477484911447e-04 1.557159412187e-04 1.623951829970e-04 1.675789389992e-04 1.709548087092e-04 1.713991659926e-04 1.863015932031e-04 1.901943614939e-04 1.764574699337e-04 1.611541374587e-04 1.729281502776e-04 1.764828193700e-04 1.759553997545e-04 2.146222832380e-04 2.423678815830e-04 2.939464757219e-04 3.416519029997e-04 3.529776586220e-04 3.414376405999e-04 3.276103234384e-04 3.230126749258e-04 3.709631855600e-04 4.500718787313e-04 4.416995216161e-04 4.081253136974e-04 4.388576780912e-04 4.879330808762e-04 5.046717124060e-04 4.389854148030e-04 4.045455425512e-04 3.750975592993e-04 3.693968465086e-04
4.854089638684e-05 7.705992175033e-05 9.692375897430e-05 1.065620890586e-04 1.100849040085e-04 1.103026588680e-04 1.085394469555e-04 1.085414696718e-04 1.128034637077e-04 1.171293333755e-04 1.264416350750e-04 1.354325067950e-04 1.437592873117e-04 1.507760171080e-04 1.558595540700e-04 1.629176986171e-04 1.791433460312e-04 2.016310463659e-04 2.115543320542e-04 2.057855163002e-04 1.883129152702e-04 1.674650266068e-04 1.719243737170e-04 1.741236919770e-04 1.911771250889e-04 2.134370879503e-04 2.199460286647e-04 2.658763260115e-04 3.008904750459e-04 3.115754225291e-04 3.078564477619e-04 3.115578729194e-04 3.212574229110e-04 3.328401944600e-04 3.277200739831e-04 3.168968542013e-04 3.377281536814e-04 3.904028562829e-04 4.159365489613e-04 3.422553127166e-04 3.063025360461e-04 2.735445741564e-04 3.007230116054e-04
4.584162525134e-05 7.298920536414e-05 9.216306352755e-05 1.012961583911e-04 1.037203110172e-04 1.028821352520e-04 1.011023632600e-04 1.007285682135e-04 1.037683759932e-04 1.081624359358e-04 1.099018481909e-04 1.186269437312e-04 1.266523322556e-04 1.335353881586e-04 1.399488974130e-04 1.557737705298e-04 1.821062178351e-04 2.077725221170e-04 2.251594269183e-04 2.303726651007e-04 2.240226167487e-04 2.106176834786e-04 1.944711693795e-04 1.796108845156e-04 1.731042575557e-04 1.914706081152e-04 1.949247525772e-04 1.867209211923e-04 2.284723741468e-04 2.622562751640e-04 2.845941635314e-04 3.011155640706e-04 3.112327831332e-04 3.020174335688e-04 2.706879167818e-04 2.645174972713e-04 2.973654773086e-04 3.702045651153e-04 4.295244289096e-04 3.862138255499e-04 2.844755945262e-04 2.544910239521e-04 2.893218770623e-04
4.485435056267e-05 7.130379526643e-05 8.969707414508e-05 9.775271610124e-05 9.900901932269e-05 9.759970271261e-05 9.698043868411e-05 9.827869507717e-05 9.771221812116e-05 9.871698421193e-05 1.006102029351e-04 1.111967940233e-04 1.223164872499e-04 1.338504662272e-04 1.440510823159e-04 1.591596228536e-04 1.850640837802e-04 2.112951769959e-04 2.348855778109e-04 2.494819345884e-04 2.519506670069e-04 2.456642978359e-04 2.349895366933e-04 2.241048641736e-04 2.177164569730e-04 2.136200928362e-04 2.057991659967e-04 1.940789225046e-04 2.261858317070e-04 2.537906402722e-04 2.744262455963e-04 2.932673378382e-04 3.032732638530e-04 2.833242469933e-04 2.699970500544e-04 2.750503481366e-04 2.995119139086e-04 3.575470182113e-04 4.134711052757e-04 3.753779456019e-04 2.901494444814e-04 2.533475053497e-04 2.882494591177e-04
4.559477383737e-05 7.210248440970e-05 8.988638001028e-05 9.692955063656e-05 9.732524631545e-05 9.534812124912e-05 9.546352521284e-05 9.536981087876e-05 9.746266005095e-05 9.798703104025e-05 1.041725554387e-04 1.146504073404e-04 1.248962653335e-04 1.346502831439e-04 1.425325172022e-04 1.637343812035e-04 1.930497819558e-04 2.207661018474e-04 2.475480432622e-04 2.669650421012e-04 2.732815337367e-04 2.691849949770e-04 2.591654774733e-04 2.467134909239e-04 2.364733518334e-04 2.263501810376e-04 2.094284427585e-04 1.930074795382e-04 2.215613931185e-04 2.455973881297e-04 2.662383776624e-04 2.861491811927e-04 2.927900932264e-04 2.690989931580e-04 2.736953319982e-04 2.826294512488e-04 3.061909810640e-04 3.464519104455e-04 3.733927442227e-04 3.285743005108e-04 2.709116670303e-04 2.351685252506e-04 2.674191782717e-04
4.675937816501e-05 7.371554966085e-05 9.121454058914e-05 9.765905269887e-05 9.755049541127e-05 9.654356108513e-05 1.006301754387e-04 1.034824672388e-04 1.051061553881e-04 1.053623345797e-04 1.044428790919e-04 1.101826419472e-04 1.222687715199e-04 1.368062949041e-04 1.415017613908e-04 1.603351847734e-04 1.974133483600e-04 2.293886936968e-04 2.547383774072e-04 2.707106468733e-04 2.742614597082e-04 2.668758097570e-04 2.530484925956e-04 2.368289424339e-04 2.216149150627e-04 2.063151769107e-04 1.847313542385e-04 1.927918201545e-04 2.173205284635e-04 2.389725850662e-04 2.586860791780e-04 2.751414431259e-04 2.752648433670e-04 2.540826972108e-04 2.772221050691e-04 3.453510289546e-04 3.264418628532e-04 3.454478573985e-04 3.325145225972e-04 2.820947556756e-04 2.450319589116e-04 2.138842100976e-04 2.426100982120e-04
4.609388633980e-05 7.243013533298e-05 8.909651660360e-05 9.504378976999e-05 9.489584772382e-05 9.691519517219e-05 9.955171844922e-05 1.008393082884e-04 1.011756248772e-04 1.005774975056e-04 1.011670028674e-04 1.135801139753e-04 1.322007447015e-04 1.480712817283e-04 1.528116554255e-04 1.494788011769e-04 1.886604441097e-04 2.213277912233e-04 2.397477946943e-04 2.462590928189e-04 2.428462757962e-04 2.296813763678e-04 2.121300058207e-04 1.968925498659e-04 1.845340593718e-04 1.712629746180e-04 1.728093047859e-04 1.912052684929e-04 2.128853811882e-04 2.323469379917e-04 2.493213396519e-04 2.587391354609e-04 2.515318919905e-04 2.436096401652e-04 2.892508055083e-04 3.089049423579e-04 3.170272393618e-04 3.469819785096e-04 3.362082643434e-04 2.754925808404e-04 2.373614406679e-04 2.181639574701e-04 2.355143660679e-04
4.220467963023e-05 6.589491385967e-05 8.057573722908e-05 8.574173989473e-05 9.143094939645e-05 9.539166785544e-05 9.367532766191e-05 8.881429675967e-05 8.777772018220e-05 9.430915815756e-05 1.030234925565e-04 1.191445771838e-04 1.408700627508e-04 1.573111658217e-04 1.619029499125e-04 1.591840555193e-04 1.726718473947e-04 2.004454872804e-04 2.108274202328e-04 2.085388114210e-04 1.981949899346e-04 1.798495941330e-04 1.731508091325e-04 2.051110786851e-04 2.081081329379e-04 1.996059290832e-04 1.956296182470e-04 1.964322436834e-04 2.069745096378e-04 2.239085297333e-04 2.357314224355e-04 2.361074875807e-04 2.217094879597e-04 2.249398385175e-04 2.637156867422e-04 3.748268354684e-04 3.219486388844e-04 4.513289604802e-04 4.005322989542e-04 3.369759069756e-04 2.856662904378e-04 2.351954753976e-04 2.652085677255e-04
4.388370871311e-05 6.468548235716e-05 7.937913323985e-05 9.175497689284e-05 1.010777996271e-04 1.032759028021e-04 1.002815188258e-04 9.464695904171e-05 8.808312122710e-05 9.516734280623e-05 1.055193133652e-04 1.250523782801e-04 1.490782015026e-04 1.658158871578e-04 1.703349407762e-04 1.676541578490e-04 1.584994170116e-04 1.825329527492e-04 1.895417808555e-04 1.998902589548e-04 2.712865534704e-04 2.485891454853e-04 1.879854826257e-04 2.139146527043e-04 2.077674580505e-04 1.914950698847e-04 1.819406024879e-04 1.824960199883e-04 1.998808438657e-04 2.129405911546e-04 2.174785768148e-04 2.089533809340e-04 1.899345661514e-04 2.020259853452e-04 2.240039466415e-04 3.330579493195e-04 4.173562629148e-04 6.551241385750e-04 6.059925653972e-04 3.990323457401e-04 3.038865688723e-04 2.798851055559e-04 3.438269195613e-04
