100/SI/f101_max.grd
DSAA
101	101
32.816463539100	34.260883539100
35.556306596100	36.727886596100
4.319353593019e-06	7.252053618431e-01
[rows 38 to 56 of 101, columns 0 to 42 of 101]
1.696510240436e-03 3.579774405807e-03 3.871774300933e-03 4.033430013806e-03 4.816888365895e-03 5.905484315008e-03 6.820664741099e-03 7.745143957436e-03 8.510988205671e-03 7.775754202157e-03 6.384869571775e-03 5.214271601290e-03 5.181272048503e-03 5.106881260872e-03 5.414317362010e-03 6.113541778177e-03 6.917559076101e-03 1.271705329418e-02 2.060015313327e-02 2.209464274347e-02 1.778306625783e-02 1.491225138307e-02 1.004324015230e-02 1.176682114601e-02 2.326161228120e-02 3.026256151497e-02 2.918136492372e-02 2.089479751885e-02 1.511792000383e-02 1.668489351869e-02 1.755652204156e-02 2.164514921606e-02 2.964432723820e-02 2.907457388937e-02 2.730727382004e-02 1.641245186329e-02 2.245188318193e-02 2.524352818727e-02 2.485628798604e-02 3.822014108300e-02 4.198457300663e-02 6.162738054991e-02 4.990083724260e-02
2.522570779547e-03 4.491351544857e-03 3.767467802390e-03 3.659120295197e-03 5.215492565185e-03 6.342099048197e-03 8.332121185958e-03 1.048334781080e-02 1.169043313712e-02 1.094796694815e-02 7.961584255099e-03 6.198907736689e-03 5.347978789359e-03 5.463344044983e-03 5.863081198186e-03 6.337490398437e-03 6.753483787179e-03 7.117977831513e-03 1.120530813932e-02 1.568831317127e-02 1.602433621883e-02 1.552903093398e-02 1.603470370173e-02 1.343477610499e-02 1.247356552631e-02 1.386033929884e-02 1.868071593344e-02 3.518335893750e-02 4.716186225414e-02 4.785552620888e-02 3.753880783916e-02 1.850848458707e-02 2.098720706999e-02 1.785811968148e-02 3.559758886695e-02 3.189331293106e-02 2.079575322568e-02 2.510922588408e-02 3.077469393611e-02 3.491541370749e-02 4.689459502697e-02 5.656429007649e-02 6.600315868855e-02
2.882962115109e-03 5.742269568145e-03 5.440146662295e-03 4.728009458631e-03 6.245213560760e-03 7.684552576393e-03 9.325184859335e-03 1.226950529963e-02 1.329903304577e-02 1.325326506048e-02 9.065108373761e-03 6.086831446737e-03 6.124772131443e-03 5.297031719238e-03 4.411406349391e-03 4.955529235303e-03 5.838573444635e-03 6.320610642433e-03 6.649414543062e-03 8.829629980028e-03 1.302272267640e-02 1.837506145239e-02 2.197289653122e-02 2.214924246073e-02 2.185802720487e-02 1.456951443106e-02 1.143487449735e-02 1.207302417606e-02 1.183239649981e-02 1.485549006611e-02 3.133765608072e-02 4.988583177328e-02 5.911879613996e-02 4.938039928675e-02 2.507704310119e-02 2.492071129382e-02 4.372010752559e-02 3.635281696916e-02 3.773648291826e-02 3.755182027817e-02 3.476440533996e-02 4.696515202522e-02 7.108452171087e-02
4.122932907194e-03 7.004245184362e-03 8.138207718730e-03 8.360339328647e-03 7.533967960626e-03 9.015074931085e-03 8.998280391097e-03 8.622978813946e-03 8.621416054666e-03 1.060612872243e-02 1.144008804113e-02 9.917731396854e-03 7.346123456955e-03 6.544589996338e-03 6.739215459675e-03 8.337276987731e-03 9.671920910478e-03 1.081596501172e-02 1.056743320078e-02 7.683323230594e-03 8.526287041605e-03 1.124919485301e-02 1.274295616895e-02 1.709610037506e-02 2.123515121639e-02 2.523761428893e-02 2.816528081894e-02 2.734469808638e-02 2.821156010032e-02 3.078646399081e-02 3.405014425516e-02 3.301918506622e-02 5.110636353493e-02 5.777565762401e-02 4.127806425095e-02 5.240150168538e-02 5.816279724240e-02 4.942157119513e-02 5.592743679881e-02 4.526523873210e-02 3.165113180876e-02 5.532838776708e-02 4.609529301524e-02
4.229233600199e-03 7.462339475751e-03 8.370058611035e-03 7.628115359694e-03 8.404655382037e-03 1.060148980469e-02 1.053173281252e-02 9.050176478922e-03 1.090694591403e-02 9.080753661692e-03 8.642490953207e-03 1.205354742706e-02 1.250570360571e-02 9.413961321115e-03 8.721879683435e-03 8.036964572966e-03 8.313258178532e-03 1.113166380674e-02 1.500218827277e-02 1.524799410254e-02 9.654607623816e-03 1.097181532532e-02 1.403727568686e-02 1.167610939592e-02 1.350736524910e-02 1.632401905954e-02 2.159009501338e-02 3.263510391116e-02 4.393527656794e-02 4.022708907723e-02 3.823545202613e-02 2.831024304032e-02 2.825132384896e-02 5.321575701237e-02 5.099523812532e-02 6.431011110544e-02 4.251611977816e-02 6.031579151750e-02 5.294423550367e-02 7.640874385834e-02 7.900439202785e-02 6.227979063988e-02 6.997645646334e-02
8.222202770412e-03 1.594474725425e-02 1.191523857415e-02 1.001918595284e-02 9.804174304008e-03 8.822183124721e-03 9.082579985261e-03 1.105473842472e-02 1.094373594970e-02 8.872615173459e-03 1.100757438689e-02 7.504052948207e-03 9.629690088332e-03 1.349237281829e-02 1.170853525400e-02 1.010462921113e-02 1.265632268041e-02 2.741499617696e-02 3.229375183582e-02 1.781994663179e-02 1.908525079489e-02 1.114689465612e-02 1.305839605629e-02 1.854606904089e-02 1.237705908716e-02 1.133454218507e-02 1.205162703991e-02 1.311847101897e-02 1.674597710371e-02 1.903710514307e-02 2.033492177725e-02 2.231356129050e-02 3.037676028907e-02 4.781464859843e-02 3.270318359137e-02 3.030594252050e-02 4.435127228498e-02 5.069178342819e-02 3.376926481724e-02 6.998357921839e-02 7.171572744846e-02 7.846130430698e-02 9.620192646980e-02
1.305458880961e-02 2.394686266780e-02 1.941821910441e-02 1.514700613916e-02 1.396741624922e-02 1.129421871156e-02 1.556454133242e-02 1.365732215345e-02 1.387871708721e-02 1.085688825697e-02 8.467767387629e-03 1.039293222129e-02 9.331648238003e-03 6.132127717137e-03 1.143037155271e-02 1.340225618333e-02 9.748393669724e-03 8.332729339600e-03 1.522919815034e-02 1.017891149968e-02 1.770423911512e-02 2.085322514176e-02 2.073959633708e-02 1.809304021299e-02 2.492016553879e-02 1.534593570977e-02 1.439225953072e-02 1.864103786647e-02 2.185300178826e-02 1.673131994903e-02 2.116927132010e-02 2.608764916658e-02 3.092624805868e-02 3.631733730435e-02 4.621223732829e-02 3.505630046129e-02 3.905475884676e-02 4.367908090353e-02 4.141214489937e-02 5.930047854781e-02 5.545851215720e-02 8.022644370794e-02 8.143550902605e-02
5.182523280382e-03 1.079968735576e-02 1.293456926942e-02 1.523363683373e-02 1.556356903166e-02 1.728778146207e-02 1.826190948486e-02 1.574475318193e-02 1.410695165396e-02 1.349694840610e-02 1.264114398509e-02 1.169096119702e-02 1.102312002331e-02 1.036720536649e-02 1.122293993831e-02 9.585461579263e-03 6.837141234428e-03 8.068215101957e-03 8.498765528202e-03 1.158094592392e-02 1.087178569287e-02 1.809552870691e-02 1.933589018881e-02 2.081340551376e-02 2.431496791542e-02 2.751634269953e-02 2.995269745588e-02 3.120614588261e-02 3.191954642534e-02 3.440231084824e-02 3.495853021741e-02 3.677104040980e-02 3.908603265882e-02 3.250507265329e-02 2.806019783020e-02 3.932157158852e-02 4.751076921821e-02 7.274080067873e-02 8.729228377342e-02 8.084231615067e-02 7.708838582039e-02 8.005136251450e-02 6.676551699638e-02
5.046832375228e-03 1.060025393963e-02 1.206670515239e-02 1.339146960527e-02 1.505094114691e-02 1.538388896734e-02 1.414073072374e-02 1.145412959158e-02 1.082813274115e-02 1.301331911236e-02 1.527730282396e-02 1.449240464717e-02 1.095385756344e-02 7.143266499043e-03 7.645627018064e-03 4.420921206474e-03 2.565657952800e-03 2.837151521817e-03 3.775852732360e-03 4.555833060294e-03 1.353902369738e-02 2.387771010399e-02 2.050334028900e-02 2.565184421837e-02 2.469389513135e-02 3.046487830579e-02 3.147187456489e-02 2.981614321470e-02 2.782282046974e-02 3.203265741467e-02 3.383618965745e-02 4.372648522258e-02 5.592893064022e-02 6.096717715263e-02 5.212089791894e-02 4.413640871644e-02 4.896204173565e-02 3.514273837209e-02 5.353732779622e-02 5.475813150406e-02 8.557382971048e-02 8.024827390909e-02 8.650568872690e-02
1.353515079245e-03 2.721498021856e-03 2.874504774809e-03 3.091554623097e-03 4.301548004150e-03 6.006580311805e-03 7.895459420979e-03 8.500767871737e-03 8.243501186371e-03 7.613661233336e-03 7.782979868352e-03 9.889909066260e-03 9.867326356471e-03 8.017777465284e-03 5.170841701329e-03 4.039907362312e-03 2.071616239846e-03 1.759722130373e-03 1.963080605492e-03 4.193304572254e-03 9.414597414434e-03 1.990318857133e-02 4.978957399726e-02 4.686523973942e-02 4.211855679750e-02 3.956330567598e-02 3.813797608018e-02 3.708932548761e-02 3.902042657137e-02 4.510324448347e-02 5.088941752911e-02 5.763966962695e-02 9.882081300020e-02 5.538856238127e-02 1.243649274111e-01 8.464971184731e-02 6.746464222670e-02 7.313291728497e-02 9.061737358570e-02 1.053484678268e-01 1.115433573723e-01 1.049103736877e-01 1.050400137901e-01
1.231751404703e-03 2.379967365414e-03 2.592758974060e-03 2.598198130727e-03 4.330812953413e-03 6.410281639546e-03 6.675575394183e-03 5.447607487440e-03 4.021449014544e-03 3.288423409685e-03 4.170260857791e-03 5.175734870136e-03 4.952650982887e-03 3.976652398705e-03 2.925257897004e-03 2.074963646010e-03 1.508272252977e-03 1.111307879910e-03 1.140074571595e-03 3.724434645846e-03 1.192439626902e-02 2.066654711962e-02 2.038865908980e-02 4.273934289813e-02 1.034528538585e-01 5.250794067979e-02 3.276867046952e-02 2.968313544989e-02 3.094429150224e-02 3.376843407750e-02 5.802956968546e-02 8.324591815472e-02 4.404191672802e-02 6.575451791286e-02 1.193953976035e-01 2.163680195808e-01 8.856863528490e-02 7.089354842901e-02 6.275010108948e-02 6.907418370247e-02 5.917604267597e-02 1.103162840009e-01 1.292648613453e-01
6.392462528311e-04 1.328111626208e-03 1.592808053829e-03 1.768483663909e-03 2.302280627191e-03 3.699194174260e-03 4.237261600792e-03 3.674674546346e-03 2.842823974788e-03 2.133780159056e-03 1.762855332345e-03 1.683368696831e-03 1.341580995359e-03 1.188984490000e-03 1.419765292667e-03 1.083307084627e-03 9.971817489713e-04 8.384420652874e-04 9.908422362059e-04 1.498727826402e-03 2.545481082052e-03 6.905249785632e-03 7.252295967191e-03 9.849424473941e-03 3.771733865142e-02 3.995922207832e-02 1.489906478673e-02 8.226746693254e-03 8.581477217376e-03 2.749015390873e-02 3.643333911896e-02 3.958157449961e-02 4.135492071509e-02 3.401708975434e-02 5.000558868051e-02 1.433885246515e-01 7.730058580637e-02 4.697907343507e-02 3.299779817462e-02 2.975409477949e-02 2.806326560676e-02 7.328704744577e-02 1.019014492631e-01
2.836777130142e-04 5.664489581250e-04 5.895500071347e-04 6.526409415528e-04 8.238386362791e-04 1.042819581926e-03 1.240547397174e-03 1.350093167275e-03 1.306945108809e-03 1.108612981625e-03 9.390271152370e-04 1.079566078261e-03 1.114018959925e-03 1.029310515150e-03 1.048372243531e-03 1.199798658490e-03 9.129286045209e-04 7.250506896526e-04 8.253703708760e-04 1.212115515955e-03 1.385462237522e-03 2.540032612160e-03 4.416245035827e-03 9.621161036193e-03 2.332814037800e-02 1.456280332059e-02 9.032923728228e-03 7.187789306045e-03 6.868207361549e-03 2.224373398349e-03 1.949868164957e-03 2.126172883436e-03 3.323165001348e-03 7.181682158262e-03 1.670113950968e-02 2.817925214767e-01 5.367233157158e-01 7.224699854851e-02 4.935923591256e-02 2.544829063118e-02 1.792783290148e-02 1.932399719954e-02 3.751363977790e-02
2.292164717801e-04 4.167261358816e-04 4.633163043763e-04 4.635326622520e-04 4.655006923713e-04 6.000135908835e-04 7.877394091338e-04 9.693047031760e-04 1.077461754903e-03 1.055703847669e-03 8.877522195689e-04 8.115850505419e-04 8.812742889859e-04 8.518514223397e-04 7.570759626105e-04 9.286402491853e-04 1.080601243302e-03 8.617558632977e-04 6.695112097077e-04 1.994243590161e-03 2.494237618521e-03 1.870868378319e-03 2.483994001523e-03 4.368677735329e-03 8.272919803858e-03 8.222085237503e-02 1.786339282990e-02 1.574806310236e-02 6.665036547929e-03 1.318052294664e-03 1.153674325906e-03 1.208883011714e-03 1.412585028447e-03 1.742766122334e-03 2.344368724152e-03 1.254196558148e-02 8.726121485233e-02 2.229759842157e-01 5.738526210189e-02 3.244267776608e-02 9.229638613760e-03 5.994652863592e-03 6.538461428136e-03
2.125334285665e-04 5.057289381512e-04 6.835684762336e-04 7.888160762377e-04 8.214186527766e-04 7.579018711112e-04 6.737632211298e-04 6.170934648253e-04 7.717545959167e-04 8.851677994244e-04 8.830301812850e-04 7.647245656699e-04 6.577206659131e-04 8.202154422179e-04 8.563560550101e-04 7.650719489902e-04 8.903412381187e-04 1.152264070697e-03 9.117295267060e-04 1.916836365126e-03 2.040297724307e-03 1.746828434989e-03 1.943217124790e-03 2.104759681970e-03 4.805178847164e-03 1.687083207071e-02 1.723206602037e-02 4.414532799274e-03 2.056260360405e-03 1.274850917980e-03 9.558078018017e-04 8.164595346898e-04 8.057556115091e-04 1.013455330394e-03 1.317449496128e-03 4.459813237190e-03 2.273714914918e-02 8.131752163172e-02 9.811162948608e-02 1.513305306435e-02 6.554519757628e-03 4.200699739158e-03 3.970087971538e-03
3.220174694434e-04 7.576346397400e-04 9.677551570348e-04 1.087755081244e-03 1.117317704484e-03 1.067657140084e-03 1.002114615403e-03 9.014678071253e-04 7.779994048178e-04 6.359880790114e-04 7.084271055646e-04 7.447000825778e-04 7.135646301322e-04 8.326126262546e-04 9.548887028359e-04 9.018278797157e-04 7.595207425766e-04 1.209184643812e-03 1.290805055760e-03 3.396932967007e-03 2.176503883675e-03 1.568298088387e-03 1.062944415025e-03 1.099020475522e-03 2.066517248750e-03 1.523313485086e-02 2.101263403893e-02 3.996685147285e-03 2.622276777402e-03 1.332950429060e-03 8.267564116977e-04 5.751223652624e-04 5.113639635965e-04 5.350374267437e-04 8.243030169979e-04 1.376169500872e-03 9.244073182344e-03 2.873464301229e-02 7.626771926880e-02 3.721258789301e-02 1.776437647641e-02 3.498339327052e-03 2.978782169521e-03
2.204054471804e-04 4.794354899786e-04 5.975990789011e-04 6.554970168509e-04 6.355897057801e-04 6.380196427926e-04 7.132505998015e-04 7.968891295604e-04 8.754786686040e-04 8.765266393311e-04 7.549557485618e-04 5.733679863624e-04 6.755799986422e-04 7.402924820781e-04 7.419665926136e-04 7.452691206709e-04 7.762138848193e-04 1.274113194086e-03 1.758638769388e-03 2.929606242105e-03 2.253127750009e-03 1.769860857166e-03 8.725181105547e-04 8.740827324800e-04 1.756467740051e-03 5.702562164515e-03 4.658340476453e-03 3.102260176092e-03 2.454284811392e-03 1.362976618111e-03 7.586352876388e-04 6.276947678998e-04 5.536740063690e-04 5.412839818746e-04 6.897408165969e-04 1.170161413029e-03 2.471515676007e-03 1.237611379474e-02 1.458848919719e-02 8.878796361387e-03 5.371228791773e-03 2.666798653081e-03 2.427155151963e-03
2.070443297271e-04 3.769111353904e-04 5.582944140770e-04 7.116676424630e-04 8.482627454214e-04 1.001799828373e-03 1.170294941403e-03 1.352416467853e-03 1.520820194855e-03 1.569182146341e-03 1.403484493494e-03 1.043691881932e-03 6.729433662258e-04 6.988807581365e-04 8.624717011116e-04 9.371648775414e-04 1.164022600278e-03 1.350019825622e-03 1.582050812431e-03 2.769708866253e-03 1.993951620534e-03 1.312570529990e-03 6.976369768381e-04 6.797523819841e-04 1.271722256206e-03 1.476108329371e-03 2.070876583457e-02 2.125215483829e-03 2.003487665206e-03 1.204224186949e-03 7.043794612400e-04 5.649319500662e-04 5.391357117333e-04 5.696779116988e-04 7.317459094338e-04 9.961550822482e-04 1.668554381467e-03 2.056236611679e-03 4.310376942158e-03 5.701777059585e-03 3.562539350241e-03 2.144035417587e-03 2.765496028587e-03
2.054039068753e-04 3.714737249538e-04 5.130285862833e-04 6.332399207167e-04 7.546444539912e-04 9.031001245603e-04 1.059874310158e-03 1.217947341502e-03 1.365953474306e-03 1.446466543712e-03 1.371951657347e-03 1.486870809458e-03 1.549795502797e-03 1.552047324367e-03 1.480998471379e-03 1.343223266304e-03 1.597351743840e-03 1.162424683571e-03 1.570637687109e-03 5.001102574170e-03 1.838485244662e-03 9.249213035218e-04 6.544126081280e-04 5.486159934662e-04 7.569284643978e-04 2.060141414404e-03 7.118456531316e-03 1.664503128268e-03 2.125158440322e-03 8.986463653855e-04 6.657529738732e-04 5.097644752823e-04 5.163219757378e-04 5.872157635167e-04 7.741157314740e-04 9.210412972607e-04 1.025761011988e-03 1.657236251049e-03 3.628601320088e-03 4.241244401783e-03 2.646210836247e-03 1.967264804989e-03 2.550185192376e-03
