100/SI/f101_max.grd
DSAA
101	101
32.816463539100	34.260883539100
35.556306596100	36.727886596100
4.319353593019e-06	7.252053618431e-01
[rows 57 to 75 of 101, columns 43 to 85 of 101]
3.019447904080e-03 3.586464095861e-03 1.838617608882e-03 2.037723548710e-03 2.015785546973e-03 3.230661386624e-03 3.622779622674e-03 4.873322322965e-03 4.257366526872e-03 2.322203712538e-03 1.624253345653e-03 1.362773822621e-03 9.982163319364e-04 1.772939693183e-03 7.497361395508e-03 2.514696493745e-02 5.503743141890e-02 5.225388333201e-02 7.685989886522e-02 2.543414197862e-02 7.341479416937e-03 5.625301972032e-03 1.013226527721e-02 1.869882643223e-02 3.198774904013e-02 2.901329845190e-02 3.157623112202e-02 2.552648633718e-02 3.308974206448e-02 3.068181313574e-02 3.238299116492e-02 2.413712255657e-02 2.495906502008e-02 3.508481010795e-02 2.179565653205e-02 1.370345894247e-02 1.598099619150e-02 2.235453575850e-02 2.802685275674e-02 2.028102241457e-02 8.458031341434e-03 7.475323509425e-03 7.224181666970e-03
2.409212989733e-03 4.176925402135e-03 1.485186861828e-03 1.577949617058e-03 1.562698045745e-03 2.346994122490e-03 4.534438718110e-03 1.455801632255e-02 1.157213747501e-02 2.502559917048e-03 1.497502787970e-03 1.030861283652e-03 7.939693750814e-04 7.850038236938e-04 1.562227029353e-03 1.501151826233e-02 1.755289547145e-02 1.810387708247e-02 1.473307982087e-02 1.489677466452e-02 1.086579542607e-02 8.251912891865e-03 6.366593763232e-03 3.868953324854e-03 9.995033964515e-03 1.983671821654e-02 3.468753397465e-02 3.537429496646e-02 3.862119466066e-02 2.113594114780e-02 2.790414355695e-02 2.543239854276e-02 2.180260233581e-02 1.918919011950e-02 1.950230076909e-02 1.460026483983e-02 1.435767766088e-02 1.726933941245e-02 1.695365644991e-02 1.551385782659e-02 1.608843170106e-02 1.686042733490e-02 1.577297225595e-02
2.017088001594e-03 1.944789895788e-03 1.350405276753e-03 1.434498000890e-03 1.458045211621e-03 2.134518232197e-03 6.445256061852e-03 1.812085136771e-02 1.692776381969e-02 3.771722782403e-03 1.557056675665e-03 8.825421682559e-04 6.251965533011e-04 5.684273201041e-04 5.833422765136e-04 7.282425649464e-04 9.958358714357e-04 1.356082386337e-03 1.752351061441e-03 2.177224028856e-03 2.563101472333e-03 3.004981204867e-03 2.025596797466e-03 2.036218065768e-03 4.887715913355e-03 2.271875180304e-02 3.912045806646e-02 4.450431093574e-02 4.277772456408e-02 4.312644153833e-02 2.830760739744e-02 2.454642020166e-02 2.080667577684e-02 1.898852549493e-02 2.664768323302e-02 2.298003621399e-02 1.907316595316e-02 1.194629166275e-02 1.279319450259e-02 1.073790155351e-02 9.480693377554e-03 8.909526281059e-03 7.778247352690e-03
1.859822776169e-03 1.673530088738e-03 1.305900979787e-03 1.453090109862e-03 1.649157959037e-03 2.165613463148e-03 1.775700598955e-02 1.704054698348e-02 2.063233405352e-02 2.896251389757e-03 1.365047646686e-03 8.502561831847e-04 5.665694479831e-04 4.601449763868e-04 4.392353002913e-04 4.627730231732e-04 5.654720589519e-04 7.450107368641e-04 1.062586205080e-03 1.249157241546e-03 1.426678500138e-03 2.859556581825e-03 1.471769879572e-03 1.356341410428e-03 4.156828392297e-03 9.228314273059e-03 3.301628679037e-02 3.689289093018e-02 3.904000297189e-02 4.172808304429e-02 3.487696126103e-02 2.691163867712e-02 1.873612776399e-02 2.397967129946e-02 1.666435971856e-02 1.466145645827e-02 1.215443201363e-02 1.004437915981e-02 9.439067915082e-03 9.307761676610e-03 9.823226369917e-03 1.398507319391e-02 1.943033933640e-02
1.574828871526e-03 1.226081047207e-03 1.282162498683e-03 1.540650962852e-03 2.398813376203e-03 3.911871928722e-03 1.183707825840e-02 2.649978362024e-02 1.015428919345e-02 1.610722974874e-03 9.923307225108e-04 7.241005077958e-04 5.168109200895e-04 3.877170966007e-04 3.549655957613e-04 3.551829722710e-04 3.863777674269e-04 5.177945131436e-04 7.131812162697e-04 8.157236734405e-04 8.444528793916e-04 1.749738119543e-03 1.047387020662e-03 1.146016642451e-03 2.547329524532e-03 8.676064200699e-03 2.347579225898e-02 3.180747851729e-02 3.317432105541e-02 2.534447796643e-02 1.943402551115e-02 2.784579992294e-02 1.904582232237e-02 1.340008154511e-02 1.489286683500e-02 1.892027445138e-02 1.712133735418e-02 1.204737275839e-02 1.124112494290e-02 1.094862259924e-02 1.060928124934e-02 1.185382902622e-02 1.462613791227e-02
1.141790649854e-03 9.414539090358e-04 1.177212921903e-03 2.740175463259e-03 6.433270871639e-03 1.476799882948e-02 2.134571038187e-02 1.341051794589e-02 1.429279916920e-03 9.757902007550e-04 7.026271778159e-04 5.796131445095e-04 4.523770767264e-04 3.692646569107e-04 3.251426387578e-04 3.384821175132e-04 3.538560995366e-04 4.279579152353e-04 6.178028415889e-04 7.601811084896e-04 8.075075456873e-04 8.524794830009e-04 8.564089657739e-04 1.276189112104e-03 3.094427753240e-03 8.088855072856e-03 9.922475554049e-03 9.914573282003e-03 1.922651566565e-02 2.224945649505e-02 2.612791955471e-02 1.662262156606e-02 2.147790975869e-02 1.580164581537e-02 1.776617579162e-02 2.090278826654e-02 4.175718128681e-02 2.634430117905e-02 1.550288312137e-02 1.264068949968e-02 1.299852505326e-02 1.276816334575e-02 1.232853811234e-02
7.364110788330e-04 7.703540613875e-04 9.741892572492e-04 1.230756286532e-03 2.736011520028e-03 1.681239344180e-02 1.086414512247e-02 1.453908509575e-03 8.490564068779e-04 7.500002975576e-04 6.292343605310e-04 5.314386216924e-04 4.168372543063e-04 3.551625704858e-04 3.164291265421e-04 3.487089998089e-04 3.604884841479e-04 3.514002601150e-04 5.077669047751e-04 6.480528390966e-04 7.322889869101e-04 7.282941951416e-04 9.096600697376e-04 1.474468270317e-03 4.592999815941e-03 9.111247956753e-03 5.403906572610e-03 7.108233403414e-03 6.630656775087e-03 3.408320248127e-02 4.953951016068e-02 2.689356729388e-02 1.473696343601e-02 2.017321437597e-02 7.990701124072e-03 8.406365290284e-03 3.108077682555e-02 1.494950708002e-02 1.216665375978e-02 9.315419942141e-03 9.569029323757e-03 1.066725514829e-02 1.149169448763e-02
6.173919537105e-04 6.721277022734e-04 7.883259095252e-04 9.971548570320e-04 1.123615307733e-03 1.566517632455e-03 1.731823431328e-03 1.181289553642e-03 6.165187805891e-04 6.361702107824e-04 5.573201924562e-04 5.104162846692e-04 4.175436915830e-04 3.380519046914e-04 3.454439283814e-04 3.520004684106e-04 3.760383697227e-04 3.722026885953e-04 4.274434468243e-04 5.489214090630e-04 6.524376804009e-04 6.931771058589e-04 7.280168938451e-04 1.210586167872e-03 3.394997213036e-03 2.098644850776e-03 2.035193610936e-03 3.317740745842e-03 7.543837185949e-03 1.492059137672e-02 1.564257778227e-02 1.974671892822e-02 3.136814758182e-02 1.687367260456e-02 1.608233898878e-02 1.250379625708e-02 1.276806835085e-02 1.081777084619e-02 5.763939581811e-03 7.195433601737e-03 7.026179693639e-03 7.558662910014e-03 9.512539021671e-03
4.858903703280e-04 5.471339682117e-04 6.523494375870e-04 8.001162786968e-04 8.598781423643e-04 9.558735764585e-04 1.010815496556e-03 6.334154750220e-04 5.396196502261e-04 5.623113829643e-04 5.239828024060e-04 4.541102971416e-04 3.796603705268e-04 3.407832700759e-04 3.371114435140e-04 3.860257565975e-04 3.780185070354e-04 3.248974680901e-04 3.775938821491e-04 4.792879917659e-04 5.672947154380e-04 6.633127923124e-04 9.362702257931e-04 9.819683618844e-04 9.975142311305e-04 1.391686964780e-03 1.351964077912e-03 3.316904651001e-03 4.651266150177e-03 6.246449425817e-03 1.298121549189e-02 2.264228835702e-02 1.688703522086e-02 3.073336742818e-02 1.969904452562e-02 1.107526756823e-02 9.218919090927e-03 8.366877213120e-03 1.003818400204e-02 9.452161379158e-03 1.178213860840e-02 1.156731974334e-02 1.346418261528e-02
4.483553057071e-04 4.432733403519e-04 4.988703294657e-04 5.660913302563e-04 6.100629689172e-04 5.999198765494e-04 5.732169374824e-04 5.538683035411e-04 5.990689969622e-04 5.918405950069e-04 5.510368500836e-04 4.799858434126e-04 3.926274366677e-04 3.491679672152e-04 3.154094738420e-04 3.081844479311e-04 3.473478136584e-04 3.520650207065e-04 3.575184673537e-04 4.314557882026e-04 4.996185307391e-04 5.874949856661e-04 8.989441557787e-04 1.013097469695e-03 1.091822166927e-03 2.265736227855e-03 3.113480983302e-03 3.998533822596e-03 5.606389138848e-03 6.071229465306e-03 1.323967240751e-02 2.509032189846e-02 1.188464649022e-02 1.268794853240e-02 2.241823263466e-02 1.899000070989e-02 1.320690754801e-02 1.123694237322e-02 1.399157382548e-02 7.211045362055e-03 9.576573036611e-03 1.155154500157e-02 1.378832757473e-02
3.684518742375e-04 4.169954627287e-04 4.378635203466e-04 4.417537711561e-04 4.947397392243e-04 5.350782885216e-04 5.763352382928e-04 5.114970263094e-04 4.916936159134e-04 5.070262122899e-04 5.442791152745e-04 5.414801416919e-04 4.660793056246e-04 3.968180390075e-04 3.760612453334e-04 3.409362398088e-04 2.936720557045e-04 3.247847489547e-04 3.677761706058e-04 4.065273096785e-04 4.463131190278e-04 5.140622961335e-04 7.648164173588e-04 7.465134840459e-04 8.337193867192e-04 2.047521527857e-03 4.374105483294e-03 5.902876611799e-03 8.297810330987e-03 4.359305370599e-03 1.286195870489e-02 6.437111645937e-03 6.901158485562e-03 8.003910072148e-03 1.281242724508e-02 1.402017660439e-02 1.806842535734e-02 1.647659763694e-02 1.224765460938e-02 1.046020910144e-02 8.035667240620e-03 8.644497953355e-03 6.924298126251e-03
3.600766067393e-04 3.981347836088e-04 3.961431502830e-04 4.024717200082e-04 4.300925938878e-04 4.806017677765e-04 5.201458116062e-04 4.646363377105e-04 3.652637533378e-04 3.900319570675e-04 4.233866930008e-04 4.943301901221e-04 5.132076330483e-04 4.266331961844e-04 4.037946346216e-04 4.903629887849e-04 4.347631474957e-04 3.522390325088e-04 3.835237585008e-04 3.992869460490e-04 4.871854325756e-04 5.406570271589e-04 6.000119610690e-04 7.434926810674e-04 8.631769451313e-04 1.494676922448e-03 3.143510082737e-03 3.750812727958e-03 5.147953983396e-03 2.916619880125e-03 6.208728533238e-03 4.791932646185e-03 7.943564094603e-03 4.844299983233e-03 9.578669443727e-03 7.125691510737e-03 1.127890590578e-02 1.385833974928e-02 1.233567111194e-02 1.665394566953e-02 1.516106165946e-02 1.213141530752e-02 1.069063972682e-02
3.465930931270e-04 3.746754373424e-04 3.602961660363e-04 3.662210365292e-04 3.678404609673e-04 3.600321360864e-04 3.987926465925e-04 3.770558978431e-04 4.512121377047e-04 4.885374801233e-04 4.434830916580e-04 4.458850016817e-04 4.901868524030e-04 5.103499861434e-04 4.705034953076e-04 6.075374549255e-04 5.409331060946e-04 4.125696432311e-04 4.145300772507e-04 4.119563091081e-04 4.732584930025e-04 5.131787620485e-04 5.765645182692e-04 7.667378522456e-04 9.015201358125e-04 1.338138827123e-03 2.010289113969e-03 2.324581146240e-03 2.492397325113e-03 3.151182783768e-03 5.324813071638e-03 8.141261525452e-03 5.462066270411e-03 1.293538045138e-02 4.557390231639e-03 5.949689541012e-03 1.206839550287e-02 1.691097952425e-02 8.284832350910e-03 9.362357668579e-03 6.004787050188e-03 1.125081628561e-02 9.935318492353e-03
3.090334066655e-04 3.339006507304e-04 3.210278227925e-04 3.150773118250e-04 2.924868313130e-04 2.961972495541e-04 3.125199000351e-04 4.147037689108e-04 5.153619567864e-04 5.296490853652e-04 4.631000629161e-04 5.087095778435e-04 5.658229929395e-04 5.501076811925e-04 5.461467080750e-04 5.676392465830e-04 6.111637922004e-04 7.143240072764e-04 6.398794939741e-04 5.747266695835e-04 5.891516921110e-04 6.351852207445e-04 7.586535648443e-04 7.792998803779e-04 9.390262421221e-04 1.154319033958e-03 1.888168859296e-03 1.893673208542e-03 3.450356423855e-03 6.960676051676e-03 8.626513183117e-03 4.362912848592e-03 4.380764439702e-03 1.313570793718e-02 6.980072241277e-03 8.596321567893e-03 7.632985711098e-03 9.873167611659e-03 7.208420895040e-03 2.768993610516e-03 2.637125551701e-03 3.559470875189e-03 7.027187850326e-03
2.847015275620e-04 2.850409364328e-04 2.826578565873e-04 2.787428384181e-04 2.863047702704e-04 3.029981453437e-04 3.218733472750e-04 3.866687184200e-04 4.336491401773e-04 4.114531911910e-04 4.860693588853e-04 5.229741800576e-04 5.075626540929e-04 5.333843873814e-04 7.279050769284e-04 1.013087574393e-03 1.149111310951e-03 1.455411780626e-03 1.451643416658e-03 1.564802369103e-03 1.115736667998e-03 1.063301111571e-03 1.232529291883e-03 1.032218686305e-03 1.177326659672e-03 1.627114252187e-03 4.869409836829e-03 4.544294439256e-03 4.469802137464e-03 6.014388520271e-03 3.332051681355e-03 3.510851413012e-03 4.694270901382e-03 2.710359636694e-03 1.458865124732e-02 2.027531340718e-02 1.809345185757e-02 4.207909107208e-03 1.993784913793e-03 1.650622580200e-03 1.613059430383e-03 1.906103570946e-03 2.008797833696e-03
2.645415370353e-04 2.744338707998e-04 2.637037832756e-04 2.838510845322e-04 3.051737730857e-04 3.492032701615e-04 3.493251570035e-04 4.040222556796e-04 4.427200183272e-04 5.150037468411e-04 5.351311410777e-04 6.351779447868e-04 6.654136232100e-04 6.149623077363e-04 1.504990621470e-03 5.401172675192e-03 4.269105382264e-03 2.506193704903e-03 2.815702930093e-03 3.509446978569e-03 2.594677964225e-03 1.364211319014e-03 1.586947939359e-03 1.987492199987e-03 1.929945428856e-03 3.603587625548e-03 5.065938923508e-03 4.475567024201e-03 3.659440670162e-03 3.297738730907e-03 3.743865061551e-03 3.486428642645e-03 2.644867170602e-03 2.210932550952e-03 3.742565633729e-03 1.715671271086e-02 1.786509156227e-02 3.685713745654e-03 1.317002112046e-03 1.341853174381e-03 1.211763359606e-03 1.164418063127e-03 1.910096849315e-03
2.652006223798e-04 2.857247600332e-04 3.607846447267e-04 4.032043216284e-04 3.698964719661e-04 6.129907560535e-04 7.205960573629e-04 7.337767747231e-04 6.225546821952e-04 6.092683761381e-04 6.702077225782e-04 8.421011152677e-04 8.389714639634e-04 3.105084644631e-03 2.198089100420e-02 2.771650440991e-02 1.294894702733e-02 7.281045429409e-03 5.826140288264e-03 4.554694518447e-03 2.180398907512e-03 2.166240708902e-03 4.719145596027e-03 1.006539911032e-02 8.255477994680e-03 4.401800688356e-03 5.146193318069e-03 4.184638150036e-03 4.436047282070e-03 3.058961126953e-03 7.579036056995e-03 3.034822642803e-03 2.337354235351e-03 1.653615501709e-03 1.104120980017e-03 3.538749180734e-03 3.903564764187e-03 9.559537284076e-04 6.460551521741e-04 7.603440899402e-04 9.401518036611e-04 1.051153871231e-03 9.830638300627e-04
3.242584934924e-04 5.098922993056e-04 6.948874215595e-04 7.550004520454e-04 9.740618406795e-04 1.294838730246e-03 1.272091758437e-03 1.122038462199e-03 9.645987302065e-04 7.438653847203e-04 9.044438484125e-04 9.996973676607e-04 5.563950166106e-03 3.072318807244e-02 4.207960516214e-02 1.469459477812e-02 4.577424377203e-03 2.801985247061e-03 2.865426009521e-03 2.505905460566e-03 2.399903722107e-03 5.457795690745e-03 1.075753383338e-02 1.428376324475e-02 1.148971635848e-02 5.906478036195e-03 4.082332365215e-03 2.989390399307e-03 2.715965034440e-03 2.413501963019e-03 3.256276948377e-03 1.497892662883e-03 1.695370418020e-03 1.374938641675e-03 8.643792825751e-04 5.129224737175e-04 4.245282325428e-04 4.136628995184e-04 4.341383755673e-04 5.408168653958e-04 7.262667058967e-04 9.186807437800e-04 9.400337585248e-04
5.367861595005e-04 8.022562251426e-04 1.065374701284e-03 1.443775836378e-03 2.794152824208e-03 2.752112923190e-03 3.846090752631e-03 2.824808238074e-03 3.212375799194e-03 1.908628270030e-03 1.061446149834e-03 7.245915941894e-03 2.921897172928e-02 2.911275066435e-02 7.625043392181e-03 2.270579803735e-03 4.214641638100e-03 5.567614454776e-03 3.939758520573e-03 4.578178282827e-03 5.535491742194e-03 5.573387257755e-03 8.132205344737e-03 6.647318135947e-03 4.491109400988e-03 3.504638560116e-03 2.185017568991e-03 8.461636025459e-04 8.748914115131e-04 8.602102170698e-04 1.102234935388e-03 8.067365852185e-04 7.115869666450e-04 4.922397201881e-04 5.034945206717e-04 5.130526842549e-04 5.297831958160e-04 5.563386948779e-04 5.919251125306e-04 6.377653335221e-04 6.451758090407e-04 7.708903867751e-04 9.786821901798e-04
