100/SI/f103.grd
DSAA
101	101
32.816463539100	34.260883539100
35.556306596100	36.727886596100
8.949461625889e-04	3.158219337463e+01
[rows 19 to 37 of 101, columns 0 to 42 of 101]
1.107276231050e-02 2.255467325449e-02 2.891221642494e-02 2.957551740110e-02 2.985548228025e-02 2.593258395791e-02 1.775324717164e-02 1.920143514872e-02 2.108221128583e-02 2.557382732630e-02 3.664228692651e-02 4.377772659063e-02 4.207884892821e-02 4.540236666799e-02 4.566391557455e-02 4.434097558260e-02 4.228701069951e-02 3.918999060988e-02 3.948605805635e-02 3.529704734683e-02 3.173120692372e-02 3.981863707304e-02 4.590861499310e-02 4.788713529706e-02 4.231548681855e-02 2.948084659874e-02 2.676537819207e-02 2.401848509908e-02 2.840274386108e-02 3.143571689725e-02 3.331922367215e-02 3.734407201409e-02 4.902717098594e-02 4.924322664738e-02 4.530437663198e-02 4.988622292876e-02 3.928739577532e-02 3.444800153375e-02 3.277364000678e-02 3.483182191849e-02 5.031632259488e-02 1.252616047859e-01 6.099135428667e-02
8.731840178370e-03 1.830765977502e-02 2.471262589097e-02 2.709378488362e-02 2.596471272409e-02 3.074795380235e-02 2.841382473707e-02 1.947665773332e-02 1.959194242954e-02 2.262857556343e-02 3.171227872372e-02 3.972624242306e-02 3.512469306588e-02 4.069792106748e-02 4.378879815340e-02 4.512118175626e-02 4.509925469756e-02 4.325385764241e-02 5.112882331014e-02 3.504532948136e-02 3.157344833016e-02 5.564438551664e-02 5.990597233176e-02 6.277271360159e-02 6.010704115033e-02 4.617967456579e-02 2.983898296952e-02 2.327662333846e-02 2.245896868408e-02 2.723319269717e-02 3.150486573577e-02 3.481718152761e-02 3.539775311947e-02 4.150722920895e-02 3.914986923337e-02 5.003071948886e-02 3.622739762068e-02 3.548236563802e-02 3.597817569971e-02 4.063896089792e-02 6.228967010975e-02 1.063852608204e-01 8.895470947027e-02
8.185064420104e-03 1.571740210056e-02 1.881346665323e-02 2.164346911013e-02 2.047315426171e-02 2.362851612270e-02 2.913655340672e-02 2.895403280854e-02 2.225174754858e-02 2.434586733580e-02 2.787653170526e-02 3.592407330871e-02 4.158166423440e-02 3.787206858397e-02 3.717453777790e-02 4.042444378138e-02 4.262597858906e-02 4.340671747923e-02 7.423226535320e-02 3.999546542764e-02 4.005897045135e-02 6.746286898851e-02 7.116266340017e-02 8.340788632631e-02 7.123424857855e-02 6.278211623430e-02 4.637533426285e-02 3.078890405595e-02 2.979074977338e-02 2.359853684902e-02 2.680400572717e-02 3.253728896379e-02 3.735204786062e-02 3.846899420023e-02 4.149740189314e-02 5.310998857021e-02 4.228297621012e-02 3.642511740327e-02 3.895442932844e-02 4.610539600253e-02 7.259070128202e-02 7.671529799700e-02 1.169738620520e-01
8.434292860329e-03 1.524850167334e-02 1.628807932138e-02 1.735601574183e-02 1.792956702411e-02 1.893567666411e-02 2.211117558181e-02 2.676539123058e-02 3.210954740644e-02 4.036717489362e-02 5.137737840414e-02 6.447186321020e-02 7.226381450891e-02 6.238381937146e-02 3.938140720129e-02 3.228976204991e-02 3.586152195930e-02 4.757202044129e-02 8.095051348209e-02 4.643756151199e-02 4.511698707938e-02 7.310076802969e-02 7.714451849461e-02 9.359050542116e-02 7.087065279484e-02 7.164311408997e-02 6.150975450873e-02 4.573859646916e-02 3.869075700641e-02 3.553742915392e-02 3.133303299546e-02 3.046837262809e-02 3.544733673334e-02 4.030556604266e-02 4.750262200832e-02 4.522767290473e-02 5.969535186887e-02 3.558391705155e-02 4.174023866653e-02 5.077908933163e-02 8.087641000748e-02 7.017852365971e-02 1.353373974562e-01
8.228575810790e-03 1.684677414596e-02 1.827531866729e-02 1.761529408395e-02 1.878186129034e-02 2.543799765408e-02 2.781102433801e-02 2.943485043943e-02 3.267844021320e-02 3.791170194745e-02 4.569574072957e-02 5.204926803708e-02 5.321801826358e-02 4.540533199906e-02 3.625478968024e-02 3.684942051768e-02 3.825442865491e-02 6.662240624428e-02 8.805167675018e-02 5.030526965857e-02 4.937943071127e-02 7.359652221203e-02 7.671707123518e-02 8.960016071796e-02 7.201843708754e-02 7.141098380089e-02 6.975280493498e-02 5.871571227908e-02 5.153726786375e-02 4.771002382040e-02 4.377832263708e-02 7.910165935755e-02 7.342106848955e-02 4.957663267851e-02 4.191844537854e-02 5.125911161304e-02 6.638420373201e-02 4.347899556160e-02 4.447741433978e-02 5.380903556943e-02 8.556893467903e-02 7.111246138811e-02 1.381455063820e-01
1.458419859409e-02 2.061955817044e-02 1.925355754793e-02 2.082472853363e-02 2.517404966056e-02 2.921360358596e-02 2.491214126348e-02 2.462034486234e-02 2.553122676909e-02 2.671694010496e-02 2.870099619031e-02 3.546879068017e-02 4.229250550270e-02 4.674155265093e-02 4.718423262239e-02 4.215944558382e-02 4.217800870538e-02 7.626468688250e-02 8.659426122904e-02 4.625323042274e-02 3.935148194432e-02 6.800247728825e-02 7.255848497152e-02 7.615453004837e-02 6.683506071568e-02 6.529550999403e-02 6.936344504356e-02 6.605982780457e-02 6.244596838951e-02 5.993037298322e-02 5.266131460667e-02 1.024901866913e-01 1.518139541149e-01 1.430848538876e-01 1.280146986246e-01 1.204834654927e-01 1.232783645391e-01 6.857583671808e-02 5.076320841908e-02 6.073507666588e-02 8.771677315235e-02 6.868296861649e-02 1.225404068828e-01
1.838814280927e-02 3.434243053198e-02 3.543312847614e-02 3.105045855045e-02 3.181108832359e-02 2.548917010427e-02 2.018914930522e-02 2.125674299896e-02 2.994731999934e-02 3.883697092533e-02 4.652009159327e-02 5.184683576226e-02 5.332479625940e-02 5.091833323240e-02 4.553448036313e-02 4.433910921216e-02 4.853818193078e-02 7.418987154961e-02 7.257359474897e-02 3.470929712057e-02 2.746696025133e-02 5.541410669684e-02 6.641437858343e-02 6.418997049332e-02 7.175549864769e-02 6.903271377087e-02 7.402469962835e-02 9.597167372704e-02 1.010203734040e-01 8.966241031885e-02 6.706429272890e-02 6.120480597019e-02 1.237069666386e-01 1.338013410568e-01 1.456327736378e-01 1.739711463451e-01 2.142480313778e-01 1.293757259846e-01 5.153198540211e-02 8.410098403692e-02 8.640218526125e-02 6.420323997736e-02 9.223790466785e-02
1.707925461233e-02 3.699693456292e-02 4.296621307731e-02 5.091690272093e-02 5.578847229481e-02 4.834510758519e-02 2.706176787615e-02 3.651836887002e-02 4.994096979499e-02 5.821922421455e-02 5.955901369452e-02 5.606184527278e-02 4.938506707549e-02 5.325654521585e-02 6.327124685049e-02 6.598147749901e-02 6.032235547900e-02 5.674583464861e-02 4.949992895126e-02 2.900124341249e-02 3.449245914817e-02 4.279072582722e-02 5.015941336751e-02 8.856280893087e-02 1.065113618970e-01 9.186626970768e-02 1.009181737900e-01 1.282527744770e-01 1.284215450287e-01 1.129658222198e-01 8.349438756704e-02 6.998881697655e-02 7.257764786482e-02 1.250630617142e-01 1.824936419725e-01 1.487413197756e-01 1.454164236784e-01 1.089548543096e-01 8.146775513887e-02 8.406992256641e-02 8.948566764593e-02 5.988038703799e-02 7.701727002859e-02
1.536440942436e-02 2.768995426595e-02 2.824414707720e-02 3.494901955128e-02 4.573188722134e-02 6.022072210908e-02 6.796331703663e-02 5.478158965707e-02 6.410539150238e-02 6.333599239588e-02 5.616716668010e-02 4.749179258943e-02 3.925599902868e-02 5.393204838037e-02 6.943576782942e-02 7.936476171017e-02 7.847652584314e-02 6.781452149153e-02 5.299731716514e-02 4.049734771252e-02 3.851092606783e-02 5.097683519125e-02 5.793042480946e-02 5.111998692155e-02 8.417785167694e-02 1.085013151169e-01 1.036201715469e-01 1.248859018087e-01 1.360601484776e-01 1.208683103323e-01 8.924504369497e-02 9.636586159468e-02 1.280044466257e-01 1.941166222095e-01 2.280687242746e-01 1.529472470284e-01 8.944758772850e-02 8.549830317497e-02 9.776994585991e-02 6.740503013134e-02 1.231526061893e-01 1.013142094016e-01 1.650336235762e-01
1.082515716553e-02 1.697218231857e-02 1.891650073230e-02 1.856574229896e-02 2.153150178492e-02 3.008125908673e-02 4.707546532154e-02 6.366711109877e-02 6.326165795326e-02 5.203149467707e-02 4.485590383410e-02 4.550692439079e-02 4.254416748881e-02 3.980197012424e-02 5.179265886545e-02 6.230670586228e-02 6.605887413025e-02 6.211015582085e-02 5.272029340267e-02 5.073021352291e-02 4.165883734822e-02 5.890867486596e-02 7.324556261301e-02 5.854203179479e-02 8.173225820065e-02 6.101920455694e-02 8.954656124115e-02 1.050870642066e-01 1.176135838032e-01 1.213279440999e-01 9.401588141918e-02 1.200138702989e-01 1.384053975344e-01 1.796456724405e-01 1.725506335497e-01 9.980477392673e-02 1.099636778235e-01 1.214306354523e-01 1.300756335258e-01 1.155942156911e-01 1.296201944351e-01 1.660260260105e-01 2.364175170660e-01
7.193495985121e-03 1.417144667357e-02 1.788578741252e-02 2.191779203713e-02 2.173882350326e-02 2.868139185011e-02 3.992965444922e-02 4.421496763825e-02 5.369754508138e-02 6.203648820519e-02 5.026595294476e-02 5.269172042608e-02 5.460390076041e-02 4.881014302373e-02 4.261887446046e-02 4.153316840529e-02 4.111979156733e-02 3.948378935456e-02 3.955358266830e-02 4.808465391397e-02 5.502964183688e-02 6.110560521483e-02 8.587503433228e-02 6.523484736681e-02 9.745842963457e-02 5.529977753758e-02 6.848799437284e-02 1.167426109314e-01 9.041915833950e-02 1.001849547029e-01 1.171458214521e-01 1.268824189901e-01 9.914305806160e-02 1.184464022517e-01 1.060724928975e-01 8.120859414339e-02 1.109509691596e-01 1.474314332008e-01 1.755639910698e-01 1.650226563215e-01 1.342919915915e-01 1.983629167080e-01 2.647756338120e-01
8.028921671212e-03 1.620431244373e-02 1.719449087977e-02 2.389983087778e-02 3.032156452537e-02 3.459624201059e-02 3.508888185024e-02 3.338061273098e-02 2.987994067371e-02 4.750218987465e-02 6.075631082058e-02 5.473469197750e-02 5.776297673583e-02 5.608589202166e-02 4.819352924824e-02 4.661798104644e-02 4.442609846592e-02 4.247980564833e-02 4.120031371713e-02 3.814485669136e-02 3.779336065054e-02 5.833920836449e-02 9.688109904528e-02 5.792673304677e-02 8.343853056431e-02 1.124390363693e-01 1.349788755178e-01 1.293517798185e-01 7.981641590595e-02 1.028143092990e-01 1.442330479622e-01 9.855668991804e-02 6.729590147734e-02 1.009598001838e-01 7.330802828074e-02 7.996965199709e-02 9.211651980877e-02 1.261267066002e-01 1.803478300571e-01 1.929659992456e-01 1.646934300661e-01 1.977192312479e-01 2.536898851395e-01
8.702358230948e-03 2.087128534913e-02 2.722297236323e-02 3.179483115673e-02 3.341130912304e-02 3.282473981380e-02 3.036912903190e-02 3.223303705454e-02 3.068766929209e-02 3.245830535889e-02 4.294750094414e-02 6.078574433923e-02 5.895027145743e-02 5.790185555816e-02 5.322128534317e-02 5.184218659997e-02 5.079644918442e-02 4.183026775718e-02 5.661562457681e-02 6.620938330889e-02 6.263910979033e-02 6.083747744560e-02 1.074863821268e-01 6.940854340792e-02 1.177963390946e-01 1.736272424459e-01 2.037591487169e-01 1.948201209307e-01 1.278446316719e-01 1.032836884260e-01 1.552368402481e-01 7.944463938475e-02 8.791510760784e-02 1.243163049221e-01 5.990407615900e-02 7.637957483530e-02 9.239087253809e-02 1.183753758669e-01 1.418693661690e-01 1.985376775265e-01 2.022173851728e-01 1.804061681032e-01 2.207560092211e-01
1.348559465259e-02 2.871646545827e-02 3.174598515034e-02 3.181565925479e-02 3.010387904942e-02 3.069405630231e-02 2.860439382493e-02 4.018739610910e-02 5.372491851449e-02 5.568426847458e-02 4.326424002647e-02 3.733546659350e-02 5.952642112970e-02 6.234357878566e-02 5.742138251662e-02 5.515436828136e-02 5.775980278850e-02 5.797392129898e-02 4.609684646130e-02 9.856031090021e-02 8.942084759474e-02 8.848606795073e-02 1.475280672312e-01 9.442216902971e-02 1.204610317945e-01 1.719178110361e-01 2.334857136011e-01 2.733595967293e-01 2.292252629995e-01 1.239361539483e-01 1.440982073545e-01 1.177647411823e-01 9.073093533516e-02 1.481983959675e-01 7.178250700235e-02 8.296984434128e-02 8.078398555517e-02 9.944331645966e-02 1.287076473236e-01 1.851020902395e-01 3.985935151577e-01 2.019634246826e-01 2.221664935350e-01
1.549763977528e-02 3.017762303352e-02 2.983141876757e-02 2.720273658633e-02 2.368669956923e-02 3.295972943306e-02 4.116068035364e-02 4.547358676791e-02 6.201177090406e-02 8.099281787872e-02 8.858221024275e-02 7.487414777279e-02 4.679101333022e-02 5.934531241655e-02 6.403163820505e-02 5.779864266515e-02 6.185330450535e-02 5.691079422832e-02 6.535961478949e-02 9.438544511795e-02 1.004476621747e-01 9.159805625677e-02 1.725155860186e-01 1.387805193663e-01 9.938640147448e-02 1.474418640137e-01 2.283304184675e-01 3.191127479076e-01 3.028619885445e-01 1.879868209362e-01 1.469831168652e-01 1.339263319969e-01 1.036468222737e-01 1.589539796114e-01 1.014929562807e-01 8.017236739397e-02 8.545404672623e-02 8.493689447641e-02 1.067942604423e-01 2.112903445959e-01 5.778661966324e-01 4.680611193180e-01 2.493680268526e-01
1.434259768575e-02 2.620129100978e-02 2.396607212722e-02 2.455089986324e-02 2.782438136637e-02 2.913558483124e-02 3.948721289635e-02 5.345176532865e-02 6.371019035578e-02 8.044885098934e-02 1.033140718937e-01 1.161813065410e-01 1.088588610291e-01 7.997845858335e-02 6.116811558604e-02 6.397629529238e-02 5.902449041605e-02 8.015950769186e-02 8.497129380703e-02 6.921172142029e-02 6.794003397226e-02 8.286898583174e-02 1.883699446917e-01 1.591451317072e-01 1.126495823264e-01 1.111193373799e-01 1.637484431267e-01 2.590533792973e-01 3.310077786446e-01 2.338507324457e-01 1.269321292639e-01 1.587535291910e-01 1.407317966223e-01 1.462320536375e-01 1.341367363930e-01 1.256957054138e-01 9.202662855387e-02 9.540188312531e-02 1.131681278348e-01 2.146045416594e-01 6.145269870758e-01 7.255696058273e-01 2.896232604980e-01
1.997184008360e-02 3.480504825711e-02 3.397119045258e-02 3.063579834998e-02 2.802891470492e-02 2.856115624309e-02 2.969507314265e-02 4.127574712038e-02 5.479876324534e-02 6.917452812195e-02 8.993694186211e-02 1.109196916223e-01 1.298391520977e-01 1.376770734787e-01 1.210796386003e-01 8.035463094711e-02 6.285952031612e-02 9.792269766331e-02 1.162068247795e-01 1.215217560530e-01 1.203213930130e-01 1.129175573587e-01 1.974380314350e-01 1.581640243530e-01 1.027615070343e-01 7.319757342339e-02 1.096519529819e-01 1.955548524857e-01 2.791008353233e-01 2.101117670536e-01 1.099449247122e-01 1.374398171902e-01 1.626199930906e-01 1.610694378614e-01 1.054379343987e-01 1.169591397047e-01 1.495083272457e-01 1.396882534027e-01 1.376086175442e-01 2.752079665661e-01 3.998972177505e-01 8.738779425621e-01 3.184739053249e-01
2.510148286819e-02 4.820411652327e-02 5.589744076133e-02 5.842311680317e-02 5.965800955892e-02 5.936872214079e-02 5.680447444320e-02 5.229862779379e-02 4.588414356112e-02 5.646860599518e-02 7.152417302132e-02 8.866922557354e-02 1.090181916952e-01 1.323392838240e-01 1.537805646658e-01 1.583911329508e-01 1.309166699648e-01 7.721039652824e-02 8.310285955667e-02 1.536344289780e-01 1.206278875470e-01 1.026795431972e-01 1.978233158588e-01 2.917133271694e-01 1.170413345098e-01 1.020283326507e-01 8.324436843395e-02 1.262352168560e-01 1.788648515940e-01 1.506990790367e-01 8.325929939747e-02 9.157191962004e-02 1.380624473095e-01 1.552065163851e-01 1.718510389328e-01 8.951150625944e-02 1.215291768312e-01 1.579843610525e-01 1.850133240223e-01 2.909046709538e-01 3.372155129910e-01 7.249190211296e-01 4.267988801003e-01
2.361131645739e-02 4.291271418333e-02 5.102625489235e-02 5.486746877432e-02 6.015624478459e-02 6.726335734129e-02 7.335668057203e-02 7.852293550968e-02 8.144940435886e-02 8.145452290773e-02 7.795917987823e-02 7.070966064930e-02 8.239064365625e-02 1.006964072585e-01 1.254495531321e-01 1.562063246965e-01 1.844711303711e-01 1.644779443741e-01 1.503936350346e-01 1.807664036751e-01 1.741452962160e-01 1.434226334095e-01 1.618059575558e-01 3.322167992592e-01 2.918709516525e-01 1.378971785307e-01 1.350958794355e-01 1.262502819300e-01 1.166464313865e-01 1.284168213606e-01 1.189437657595e-01 1.238003298640e-01 9.108296781778e-02 1.281956136227e-01 1.418071538210e-01 1.730857044458e-01 1.349459439516e-01 1.405508518219e-01 2.189298868179e-01 2.911461293697e-01 3.578720390797e-01 3.615019619465e-01 5.416155457497e-01
