100/SI/f103.grd
DSAA
101	101
32.816463539100	34.260883539100
35.556306596100	36.727886596100
8.949461625889e-04	3.158219337463e+01
[rows 76 to 94 of 101, columns 43 to 85 of 101]
6.534963846207e-02 8.997526019812e-02 1.430668383837e-01 3.993856608868e-01 2.547778487206e-01 4.833693802357e-01 4.727612137794e-01 1.239088773727e-01 1.060451641679e-01 2.247973978519e-01 5.591671466827e-01 1.203684449196e+00 8.528506755829e-01 3.435395359993e-01 1.775758713484e-01 2.969361543655e-01 3.048886656761e-01 1.525181233883e-01 1.404547989368e-01 6.491605937481e-02 6.540173888206e-01 1.503474473953e+00 3.600588738918e-01 2.439170181751e-01 1.928186565638e-01 1.294359415770e-01 6.912488490343e-02 6.721206754446e-02 7.958067208529e-02 5.388838797808e-02 4.629952087998e-02 4.842984303832e-02 4.896603897214e-02 5.920096859336e-02 7.532449066639e-02 6.731673330069e-02 8.337383717299e-02 1.164822429419e-01 1.007306203246e-01 4.425049200654e-02 4.728359729052e-02 6.701240688562e-02 8.153380453587e-02
1.557135134935e-01 1.747909188271e-01 2.216481268406e-01 2.955264449120e-01 4.305140972137e-01 4.515630304813e-01 1.726547032595e-01 1.316952109337e-01 1.178248599172e-01 8.085618019104e-01 8.320736885071e-01 5.484813451767e-01 4.424374997616e-01 2.417762279510e-01 2.602798342705e-01 3.496593534946e-01 9.634017944336e-02 5.158090591431e-02 5.757189542055e-02 4.306515678763e-02 6.170894205570e-02 7.288733869791e-02 1.124627515674e-01 1.230188980699e-01 1.117861121893e-01 6.873516738415e-02 3.804463148117e-02 3.800167143345e-02 8.340088278055e-02 5.658588558435e-02 4.878423735499e-02 6.793009489775e-02 7.789251953363e-02 6.920584291220e-02 5.318723618984e-02 5.258632078767e-02 5.631384998560e-02 7.305588573217e-02 9.972173720598e-02 1.028933301568e-01 6.668982654810e-02 5.122274160385e-02 6.515645235777e-02
1.220920085907e-01 3.355469405651e-01 3.162256777287e-01 1.950036436319e-01 2.073858231306e-01 4.606820344925e-01 2.249225527048e-01 2.138131260872e-01 1.730382740498e-01 1.187034547329e-01 2.127296179533e-01 3.363871574402e-01 2.228850573301e-01 3.507059812546e-01 3.389126360416e-01 1.142025664449e-01 4.304186254740e-02 4.291338846087e-02 4.319906607270e-02 5.340280756354e-02 4.092657566071e-02 3.766349703074e-02 4.272128269076e-02 5.276034399867e-02 4.784058034420e-02 4.190121963620e-02 3.477684035897e-02 3.613484278321e-02 6.597400456667e-02 8.205976337194e-02 6.507262587547e-02 8.375665545464e-02 9.052239358425e-02 7.963791489601e-02 6.016096472740e-02 4.066969081759e-02 3.643984347582e-02 4.807814955711e-02 6.272073835135e-02 7.965068519115e-02 9.549207985401e-02 8.506712317467e-02 5.397055670619e-02
1.961001455784e-01 2.483910173178e-01 1.586842834949e-01 2.181311249733e-01 4.494491815567e-01 3.524202704430e-01 1.248612850904e-01 8.259549736977e-02 7.293400168419e-02 3.084066808224e-01 3.771535754204e-01 3.536033034325e-01 3.212107717991e-01 1.942254751921e-01 6.235993281007e-02 4.437267407775e-02 2.970043942332e-02 1.945939101279e-02 1.994306780398e-02 2.428564615548e-02 3.320121765137e-02 3.303018584847e-02 2.302245050669e-02 3.028000518680e-02 2.922353334725e-02 2.982431836426e-02 2.883607894182e-02 2.928090468049e-02 4.485167562962e-02 9.367519617081e-02 5.871110036969e-02 8.129953593016e-02 9.769697487354e-02 8.988006412983e-02 7.165436446667e-02 5.153290182352e-02 3.832171112299e-02 2.937416546047e-02 4.000363498926e-02 4.850151017308e-02 6.609170138836e-02 7.527129352093e-02 8.366841822863e-02
9.232176095247e-02 1.998267620802e-01 3.267070949078e-01 4.506776928902e-01 4.267875850201e-01 3.153590261936e-01 5.284449458122e-01 5.391448736191e-01 5.376791357994e-01 4.421263933182e-01 4.818496406078e-01 5.167463049293e-02 1.148005127907e-01 5.513166263700e-02 3.162398189306e-02 1.011216919869e-02 2.238734997809e-02 8.417434059083e-03 1.206861902028e-02 1.644733548164e-02 1.875087805092e-02 1.346185989678e-02 4.925139248371e-03 1.731032878160e-02 2.013519965112e-02 2.189380116761e-02 1.973140798509e-02 1.806552708149e-02 3.082836046815e-02 8.576600253582e-02 6.910879909992e-02 6.756359338760e-02 9.268772602081e-02 9.471732378006e-02 8.393592387438e-02 6.861802935600e-02 5.790111050010e-02 4.663659259677e-02 3.689174726605e-02 3.071779012680e-02 3.555378317833e-02 4.660087078810e-02 5.336061492562e-02
1.598202735186e-01 3.884697258472e-01 8.910091519356e-01 8.265781998634e-01 5.329481959343e-01 4.669975340366e-01 6.841852664948e-01 7.427689433098e-01 7.231587767601e-01 4.088945686817e-01 1.303566694260e-01 2.979598194361e-02 4.958899691701e-02 3.209272399545e-02 5.554320756346e-03 4.732178524137e-03 1.327424123883e-02 1.577934063971e-02 1.604482717812e-02 1.044943928719e-02 1.836800575256e-02 1.077027525753e-02 5.403757560998e-03 1.681755483150e-02 2.005704864860e-02 2.333356812596e-02 2.549972757697e-02 2.478463761508e-02 2.274248935282e-02 6.648454070091e-02 8.991914242506e-02 4.815290495753e-02 7.453090697527e-02 8.707518130541e-02 9.146885573864e-02 9.024324268103e-02 8.395674079657e-02 6.841826438904e-02 4.837063327432e-02 3.151497989893e-02 2.084411680698e-02 2.435312792659e-02 3.398756682873e-02
3.420907855034e-01 9.185836315155e-01 1.165757894516e+00 8.849961161613e-01 4.319840371609e-01 3.455303907394e-01 4.274574518204e-01 5.651428699493e-01 4.388512969017e-01 2.106709927320e-01 8.286619931459e-02 4.991048574448e-02 3.196658194065e-02 2.129454351962e-02 1.518845185637e-02 8.502986282110e-03 1.076606847346e-02 1.124978903681e-02 1.188510656357e-02 1.349819358438e-02 1.467485819012e-02 1.339214108884e-02 1.456278469414e-02 1.463017147034e-02 1.832985691726e-02 2.244471944869e-02 2.544629201293e-02 2.538011595607e-02 2.065274491906e-02 4.804211482406e-02 9.635357558727e-02 5.239634215832e-02 4.718742519617e-02 6.812024861574e-02 8.999431133270e-02 1.070973649621e-01 1.000658199191e-01 7.963683456182e-02 5.460473150015e-02 3.433825820684e-02 2.224054187536e-02 2.532210387290e-02 2.848144434392e-02
5.830917954445e-01 8.810064792633e-01 5.886813402176e-01 3.190836906433e-01 2.777382135391e-01 2.472729980946e-01 2.522355318069e-01 3.001838624477e-01 2.371803820133e-01 1.007360219955e-01 5.820650979877e-02 4.212382808328e-02 3.664935752749e-02 2.748059108853e-02 1.754431985319e-02 1.464882772416e-02 1.396949402988e-02 1.202452648431e-02 1.006666105241e-02 1.211584173143e-02 1.401261333376e-02 1.525085978210e-02 1.595592685044e-02 1.553461048752e-02 1.435705367476e-02 1.709997095168e-02 1.903751306236e-02 1.885118149221e-02 1.615494117141e-02 3.380563110113e-02 8.432129025459e-02 7.633665204048e-02 2.686929330230e-02 4.911299422383e-02 7.720752805471e-02 9.759595245123e-02 8.910234272480e-02 6.883101910353e-02 4.729175195098e-02 2.981398813426e-02 2.112701721489e-02 2.320102415979e-02 2.618058398366e-02
9.084517359734e-01 6.287585496902e-01 2.449559569359e-01 1.479555368423e-01 1.411354392767e-01 1.196087449789e-01 1.850411593914e-01 1.633739024401e-01 1.555782109499e-01 9.204702079296e-02 5.711624771357e-02 3.921419009566e-02 3.806937485933e-02 3.608636558056e-02 2.291228063405e-02 1.852386444807e-02 1.568530313671e-02 1.196437515318e-02 9.950193576515e-03 1.173166092485e-02 1.416022796184e-02 1.695577427745e-02 1.868524961174e-02 1.756963878870e-02 1.505790278316e-02 1.569328829646e-02 1.740372925997e-02 1.877381838858e-02 1.876363903284e-02 2.279036678374e-02 6.324539333582e-02 9.014283120632e-02 4.040225967765e-02 3.943407535553e-02 5.678224936128e-02 5.962880328298e-02 5.253040790558e-02 4.131633043289e-02 2.983725816011e-02 1.985060423613e-02 2.029449865222e-02 1.137111242861e-02 1.820683106780e-02
1.431316375732e+00 6.247807741165e-01 1.348332315683e-01 9.048081934452e-02 7.803829759359e-02 9.159343689680e-02 1.042214483023e-01 2.060651034117e-01 2.097994834185e-01 1.295406669378e-01 6.555953621864e-02 3.791272640228e-02 3.282463550568e-02 3.420722112060e-02 2.819830551744e-02 1.759016700089e-02 1.252393145114e-02 1.140764541924e-02 1.066100876778e-02 1.163374073803e-02 1.462003868073e-02 1.922330819070e-02 2.105439640582e-02 1.871114224195e-02 1.567703671753e-02 1.623540371656e-02 1.839708536863e-02 2.050783485174e-02 2.123978175223e-02 1.921344920993e-02 4.277005046606e-02 8.444137871265e-02 5.869963392615e-02 2.346487902105e-02 3.003739193082e-02 2.749135717750e-02 2.367610856891e-02 1.947652362287e-02 1.911286264658e-02 1.738928072155e-02 1.110785733908e-02 9.809889830649e-03 1.483289711177e-02
9.791836738586e-01 3.797776699066e-01 1.013987809420e-01 6.041257828474e-02 5.341468378901e-02 6.038069352508e-02 1.056457310915e-01 1.349865943193e-01 1.525784432888e-01 1.076596379280e-01 9.613954275846e-02 4.362479969859e-02 2.718601003289e-02 2.486750110984e-02 2.383244037628e-02 2.021423541009e-02 1.720929145813e-02 1.890829950571e-02 1.576449535787e-02 1.286274846643e-02 1.619293726981e-02 2.185325324535e-02 8.282642811537e-03 1.882595755160e-02 1.712351851165e-02 1.755501702428e-02 1.954204216599e-02 2.181747741997e-02 2.304759062827e-02 2.116538025439e-02 2.616529911757e-02 6.692780554295e-02 7.147975265980e-02 3.088769875467e-02 1.182440109551e-02 1.026472356170e-02 9.059822186828e-03 1.293102744967e-02 1.466311700642e-02 1.743300259113e-02 8.157768286765e-03 7.975851185620e-03 2.573242038488e-02
3.835615515709e-01 1.240019202232e-01 5.948060378432e-02 4.349282756448e-02 4.305323213339e-02 4.298867657781e-02 6.792502850294e-02 3.928219899535e-02 9.241905063391e-02 1.400901377201e-01 1.014553606510e-01 7.710690051317e-02 3.856026008725e-02 2.409919910133e-02 2.068933099508e-02 2.207474969327e-02 2.347503788769e-02 2.112121321261e-02 2.076896652579e-02 1.833644695580e-02 1.946831680834e-02 2.417615614831e-02 7.897895760834e-03 1.976743154228e-02 1.940603367984e-02 1.898811385036e-02 2.081543579698e-02 2.296599559486e-02 2.419678680599e-02 2.258132584393e-02 1.857012882829e-02 4.700410366058e-02 7.175560295582e-02 4.188209399581e-02 1.644201762974e-02 1.072700507939e-02 1.036017760634e-02 1.085784286261e-02 1.143286656588e-02 1.249684020877e-02 6.386819761246e-03 2.623651549220e-02 2.845338173211e-02
1.035739630461e-01 7.241066545248e-02 3.955959156156e-02 3.232241794467e-02 3.181796148419e-02 3.199962154031e-02 3.115816600621e-02 3.108630329370e-02 3.369345515966e-02 1.150088906288e-01 1.288971751928e-01 1.838858723640e-01 1.182603463531e-01 4.349906742573e-02 2.744320221245e-02 2.301573939621e-02 2.923331037164e-02 3.419584408402e-02 3.228651732206e-02 2.665508352220e-02 2.269500680268e-02 2.518649213016e-02 2.236515283585e-02 2.193453907967e-02 2.124389261007e-02 2.035082876682e-02 2.145686000586e-02 2.343869581819e-02 2.456944808364e-02 2.377211675048e-02 2.002212591469e-02 3.089557215571e-02 6.325249373913e-02 5.203971266747e-02 2.265740185976e-02 8.866313844919e-03 1.330455392599e-02 1.312040351331e-02 1.301714684814e-02 1.272519025952e-02 5.292307119817e-03 1.694031432271e-02 2.000913769007e-02
6.691704690456e-02 3.971527144313e-02 3.058580495417e-02 2.660490199924e-02 2.492416463792e-02 2.571956254542e-02 2.375571429729e-02 2.405787631869e-02 2.604039013386e-02 3.751389682293e-02 1.865700334311e-01 4.547177255154e-01 3.139697015285e-01 1.016756594181e-01 3.811670094728e-02 2.857191115618e-02 3.118562884629e-02 4.151534661651e-02 3.644640371203e-02 3.349237516522e-02 3.233929723501e-02 2.672700025141e-02 2.361500263214e-02 2.192082814872e-02 2.179750427604e-02 2.128906920552e-02 2.183159068227e-02 2.337483689189e-02 2.430011332035e-02 2.451276965439e-02 2.153591439128e-02 1.980545930564e-02 5.144089832902e-02 5.750485509634e-02 2.988938987255e-02 1.509807538241e-02 1.582958921790e-02 1.610048115253e-02 1.112508121878e-02 1.347895618528e-02 1.473500765860e-02 1.478158310056e-02 1.515228021890e-02
4.334987327456e-02 2.939934842288e-02 2.411154843867e-02 2.083202637732e-02 2.177556790411e-02 1.670767180622e-02 2.014131285250e-02 2.150592207909e-02 2.189864963293e-02 1.476818602532e-02 1.414428502321e-01 3.790300786495e-01 3.622106313705e-01 2.349144965410e-01 4.336080327630e-02 8.770350366831e-03 1.291518937796e-02 3.264777734876e-02 4.298631101847e-02 4.044318944216e-02 3.315949440002e-02 2.563895843923e-02 2.545837871730e-02 2.398199401796e-02 2.319812029600e-02 2.266694046557e-02 2.170806564391e-02 2.255780063570e-02 2.391035854816e-02 2.424169145525e-02 2.089234627783e-02 1.524361129850e-02 3.931327909231e-02 5.579040944576e-02 3.758371621370e-02 1.400929503143e-02 1.050054468215e-02 1.390384882689e-02 1.166145596653e-02 9.573609568179e-03 1.472337450832e-02 1.736036315560e-02 1.914902217686e-02
4.204300418496e-02 2.247282676399e-02 2.076105773449e-02 2.027077600360e-02 2.131786756217e-02 1.619410887361e-02 1.948449574411e-02 1.927190460265e-02 1.828248985112e-02 2.096291258931e-02 5.462469533086e-02 2.052319943905e-01 7.489004135132e-01 5.801476836205e-01 9.881416708231e-02 3.967588301748e-03 1.932164467871e-02 4.523435607553e-02 4.029007256031e-02 3.210379555821e-02 2.608614601195e-02 2.640411816537e-02 2.808348834515e-02 2.723750472069e-02 2.538662962615e-02 2.301659062505e-02 2.009519189596e-02 2.139713801444e-02 2.388542331755e-02 2.377709932625e-02 1.964414864779e-02 2.180234342813e-02 2.854664251208e-02 4.871066287160e-02 4.414656385779e-02 1.453800871968e-02 9.201648645103e-03 5.003329832107e-03 5.854113958776e-03 9.125187993050e-03 1.477527525276e-02 1.840064115822e-02 2.272630110383e-02
4.372017085552e-02 1.242187060416e-02 2.050689794123e-02 2.139823697507e-02 2.396226674318e-02 2.220116183162e-02 1.926485635340e-02 1.735649071634e-02 1.517443824559e-02 1.609310880303e-02 3.141471743584e-02 1.050834953785e-01 3.662164509296e-01 3.251077532768e-01 1.107693687081e-01 7.484186906368e-03 5.249181762338e-02 4.075183719397e-02 3.138161078095e-02 2.503159455955e-02 2.482125721872e-02 2.664116211236e-02 2.842923812568e-02 2.707134932280e-02 2.337021939456e-02 1.919222250581e-02 1.857897639275e-02 1.961399242282e-02 2.331483922899e-02 2.379511669278e-02 2.320978604257e-02 2.554449066520e-02 2.542322874069e-02 4.057186096907e-02 4.695907607675e-02 1.953236386180e-02 1.532961055636e-02 1.541013270617e-02 8.963469415903e-03 1.422069128603e-02 1.771426200867e-02 1.885811612010e-02 2.428166009486e-02
9.482854045928e-03 6.548677105457e-03 1.109678763896e-02 1.929346285760e-02 2.318209409714e-02 2.212714031339e-02 1.868003793061e-02 1.574280112982e-02 1.271322462708e-02 1.457701064646e-02 2.689931169152e-02 4.662600904703e-02 1.301736533642e-01 1.565457880497e-01 1.145401969552e-01 7.044649124146e-02 4.456026852131e-02 3.163360059261e-02 2.891854569316e-02 2.824449352920e-02 9.935956448317e-03 1.171221304685e-02 2.358284406364e-02 2.073604054749e-02 1.724437810481e-02 1.728327944875e-02 1.678759045899e-02 1.735884137452e-02 2.132898196578e-02 2.315805107355e-02 1.724595576525e-02 1.795214042068e-02 1.801091991365e-02 3.465113043785e-02 4.850751161575e-02 2.676498331130e-02 1.879888772964e-02 2.102345600724e-02 8.099354803562e-03 8.321953006089e-03 2.354730106890e-02 2.156841382384e-02 2.378243580461e-02
1.735897175968e-02 8.280679583549e-03 7.566919550300e-03 1.705515757203e-02 2.172331511974e-02 2.143176645041e-02 1.788736321032e-02 1.434252038598e-02 1.079256087542e-02 1.315911114216e-02 2.424981072545e-02 3.771321848035e-02 9.048309177160e-02 1.173030510545e-01 9.196404367685e-02 5.462006106973e-02 3.381872922182e-02 3.098734840751e-02 3.064308874309e-02 2.581520378590e-02 2.062232792377e-02 1.727514341474e-02 1.513467449695e-02 1.490709744394e-02 1.471176557243e-02 1.417583134025e-02 1.381237991154e-02 1.463582087308e-02 1.838996820152e-02 2.091368846595e-02 1.634466461837e-02 1.299351360649e-02 1.149485167116e-02 2.894479222596e-02 4.761106520891e-02 3.402898833156e-02 2.225513383746e-02 2.596122585237e-02 1.582062058151e-02 1.476984005421e-02 1.375234220177e-02 2.532911300659e-02 2.340439148247e-02
