100/SI/f103.grd
DSAA
101	101
32.816463539100	34.260883539100
35.556306596100	36.727886596100
8.949461625889e-04	3.158219337463e+01
[rows 57 to 75 of 101, columns 0 to 42 of 101]
1.485642977059e-02 2.613766305149e-02 3.466796129942e-02 3.840385377407e-02 3.241207078099e-02 4.364940896630e-02 4.930979385972e-02 5.464446917176e-02 6.019943580031e-02 6.465562433004e-02 6.580880284309e-02 6.446380913258e-02 6.585109978914e-02 6.602355837822e-02 7.873298972845e-02 1.164771169424e-01 6.894846260548e-02 5.715999752283e-02 6.070090457797e-02 1.007335931063e-01 1.266787946224e-01 2.149432897568e-01 1.577248871326e-01 1.028650775552e-01 8.764901757240e-02 8.141455799341e-02 1.260227560997e-01 2.408206462860e-01 2.497056275606e-01 1.455541700125e-01 1.170377880335e-01 7.294312864542e-02 5.871224775910e-02 6.814850121737e-02 8.088926970959e-02 1.043308153749e-01 1.208251267672e-01 1.281685084105e-01 1.555720567703e-01 2.327419817448e-01 3.132612109184e-01 3.772796690464e-01 4.164146482944e-01
1.896391063929e-02 4.219365864992e-02 5.533651262522e-02 3.395250067115e-02 3.115651942790e-02 2.786923944950e-02 2.943455986679e-02 3.465762734413e-02 3.861867263913e-02 4.064837098122e-02 1.016991883516e-01 1.207231134176e-01 4.574386030436e-02 2.719596214592e-02 3.853086382151e-02 7.572340220213e-02 4.823764786124e-02 4.141069576144e-02 4.853032529354e-02 9.067642688751e-02 1.397888213396e-01 1.747737675905e-01 1.258394122124e-01 7.318357378244e-02 5.498928204179e-02 7.373760640621e-02 1.186217740178e-01 3.055267333984e-01 2.569951415062e-01 1.598133742809e-01 1.178109794855e-01 1.016516387463e-01 6.085949018598e-02 6.790673732758e-02 7.371824979782e-02 8.176167309284e-02 8.926267921925e-02 9.499367326498e-02 1.336314231157e-01 3.115776181221e-01 4.228111505508e-01 4.856393039227e-01 5.333191752434e-01
1.380500197411e-02 3.873364999890e-02 5.114149674773e-02 3.319352120161e-02 4.082375392318e-02 5.273550003767e-02 7.031372189522e-02 1.040109246969e-01 1.945403069258e-01 2.814728915691e-01 7.940162718296e-02 5.026606842875e-02 2.695628441870e-02 2.718996815383e-02 3.438999876380e-02 3.618291765451e-02 4.155651479959e-02 4.027346149087e-02 5.251596122980e-02 8.124908804893e-02 1.338937431574e-01 1.510692387819e-01 1.083133816719e-01 6.415361166000e-02 9.237849153578e-03 5.162392184138e-02 9.114933758974e-02 2.397209405899e-01 2.131929695606e-01 1.318987160921e-01 1.018474772573e-01 5.533580109477e-02 5.781704559922e-02 6.112265586853e-02 7.201959937811e-02 7.591819018126e-02 7.644641399384e-02 7.663995772600e-02 1.377602070570e-01 3.442347645760e-01 4.455494582653e-01 4.534636437893e-01 4.956763684750e-01
1.521965395659e-02 2.686366811395e-02 6.776300072670e-02 5.621460452676e-02 6.482864171267e-02 8.719546347857e-02 1.288833171129e-01 1.962959170341e-01 2.020578533411e-01 9.548822790384e-02 2.970856055617e-02 2.331833355129e-02 2.916310913861e-02 3.755221515894e-02 4.280805960298e-02 3.706151992083e-02 4.412658512592e-02 4.182853922248e-02 7.797420024872e-02 1.037961244583e-01 9.689283370972e-02 1.074228584766e-01 8.061508089304e-02 2.319322712719e-02 7.333748508245e-03 4.517840966582e-02 6.076259538531e-02 1.050090938807e-01 9.900464862585e-02 5.726868659258e-02 5.311255902052e-02 5.114642158151e-02 5.677121505141e-02 5.743381008506e-02 6.908736377954e-02 7.210203260183e-02 6.786012649536e-02 6.652650237083e-02 1.346867233515e-01 3.391171097755e-01 4.099410474300e-01 3.614702224731e-01 3.914494514465e-01
7.132151164114e-03 1.213307026774e-02 3.241103142500e-02 4.002368450165e-02 4.348521307111e-02 2.225755341351e-02 2.151792496443e-02 2.110664732754e-02 2.066090516746e-02 2.003613300622e-02 1.913375593722e-02 2.375416643918e-02 3.140860423446e-02 4.018975794315e-02 4.494118317962e-02 4.655184224248e-02 4.436647519469e-02 3.910095617175e-02 6.348892301321e-02 8.797594159842e-02 1.011253818870e-01 1.236277632415e-02 5.132415331900e-03 3.436652943492e-02 3.092358633876e-02 3.339947015047e-02 3.927171975374e-02 4.563305154443e-02 5.021540075541e-02 5.074385181069e-02 4.915030300617e-02 4.736955836415e-02 4.939968511462e-02 5.990542843938e-02 7.175243645906e-02 7.083716243505e-02 6.193804740906e-02 6.047414615750e-02 1.288171410561e-01 2.986334264278e-01 3.420253992081e-01 2.739257514477e-01 3.051310181618e-01
6.425617728382e-03 1.087683066726e-02 1.492463238537e-02 2.112377062440e-02 3.079302422702e-02 3.723669797182e-02 2.028651349247e-02 2.012406289577e-02 1.976868696511e-02 1.921216398478e-02 1.258852705359e-02 1.758091151714e-02 1.967363059521e-02 2.602954022586e-02 3.041688725352e-02 3.177468106151e-02 2.867825143039e-02 2.540184557438e-02 3.753569349647e-02 4.555846378207e-02 3.049181029201e-02 2.799100056291e-02 1.873735524714e-02 2.330287545919e-02 2.738863043487e-02 2.894939295948e-02 3.101093135774e-02 3.756678849459e-02 4.244255647063e-02 4.456266760826e-02 4.475998878479e-02 4.460159689188e-02 4.907377064228e-02 6.589814275503e-02 7.697826623917e-02 7.086238265038e-02 6.001745164394e-02 6.231107562780e-02 1.101252734661e-01 2.226278483868e-01 2.526527643204e-01 2.130146324635e-01 2.602451443672e-01
6.501693278551e-03 1.084853149951e-02 1.451933197677e-02 1.690334826708e-02 1.821421645582e-02 2.166657336056e-02 1.934048719704e-02 1.923435740173e-02 1.878631301224e-02 4.551986232400e-03 4.851037636399e-03 9.599617682397e-03 6.486252881587e-03 1.566443592310e-02 1.544333063066e-02 1.530399918556e-02 1.622659340501e-02 1.837293058634e-02 2.010984160006e-02 2.349413558841e-02 2.470711432397e-02 2.306143566966e-02 1.084085088223e-02 5.922638345510e-03 5.087844654918e-02 3.177329897881e-02 3.192321583629e-02 3.134720772505e-02 3.404723852873e-02 3.749338164926e-02 3.978625312448e-02 4.158270359039e-02 4.966667294502e-02 6.941550970078e-02 7.709263265133e-02 6.559634953737e-02 6.047808378935e-02 6.227239221334e-02 9.113484621048e-02 1.494680196047e-01 1.721393316984e-01 1.657943278551e-01 2.268078029156e-01
6.721557583660e-03 1.097634155303e-02 1.427605748177e-02 1.608100906014e-02 1.334245316684e-02 3.634087741375e-03 1.760745607316e-02 1.788721233606e-02 1.606756262481e-02 4.621022846550e-03 7.452499121428e-03 8.331619203091e-03 6.991120986640e-03 7.554192095995e-03 1.417830772698e-02 1.467720232904e-02 1.597764343023e-02 1.751749776304e-02 1.862645708025e-02 1.943063177168e-02 2.379551157355e-02 2.293784171343e-02 8.861744776368e-03 6.259902380407e-03 4.363873228431e-02 2.611853927374e-02 3.398033231497e-02 3.332763910294e-02 3.318808600307e-02 3.427886590362e-02 2.467853017151e-02 4.187493026257e-02 4.927707463503e-02 6.772334873676e-02 7.027652859688e-02 5.618725717068e-02 5.821270868182e-02 6.245620548725e-02 9.541514515877e-02 1.050863862038e-01 1.116331443191e-01 1.189709156752e-01 1.910004466772e-01
6.612822413445e-03 1.059422548860e-02 1.347207836807e-02 1.484568882734e-02 6.737930700183e-03 2.221523085609e-03 6.257070228457e-03 1.607336662710e-02 1.744899712503e-02 4.856241401285e-03 2.713915519416e-02 2.784618176520e-02 1.339474599808e-02 9.735415689647e-03 1.468318514526e-02 1.537935808301e-02 1.621912792325e-02 1.697194576263e-02 1.758049614727e-02 1.611296087503e-02 2.177783288062e-02 2.252959273756e-02 1.054753456265e-02 7.389720994979e-03 1.757024228573e-02 4.978357814252e-03 3.268925100565e-02 3.185833990574e-02 3.109638020396e-02 3.144586086273e-02 3.376884385943e-02 3.880441188812e-02 4.613660275936e-02 6.065223738551e-02 5.928750336170e-02 4.797999933362e-02 5.326199904084e-02 6.234042719007e-02 8.511233329773e-02 9.091493487358e-02 9.152027964592e-02 6.052303314209e-02 1.285791546106e-01
6.173706613481e-03 9.798239916563e-03 1.232003979385e-02 1.347017940134e-02 1.398421451449e-02 1.438760664314e-02 1.451670378447e-02 1.477254740894e-02 1.951984129846e-02 2.749415673316e-02 2.616924606264e-02 2.612797543406e-02 2.810377627611e-02 1.463006623089e-02 1.518292818218e-02 1.573812961578e-02 1.617964543402e-02 1.633554138243e-02 1.661223918200e-02 1.764941774309e-02 1.906165853143e-02 2.165970578790e-02 2.046199329197e-02 1.426704507321e-02 2.320016175508e-02 2.400406263769e-02 2.920315414667e-02 2.822407707572e-02 2.678317390382e-02 2.661824785173e-02 3.072266466916e-02 3.463718667626e-02 1.087393425405e-02 3.613014146686e-02 4.824616760015e-02 4.419277608395e-02 5.434006452560e-02 6.173795461655e-02 7.708349823952e-02 7.975874841213e-02 4.102897644043e-02 2.751228027046e-02 7.011105120182e-02
5.670565646142e-03 8.980641141534e-03 1.126997731626e-02 1.235608477145e-02 1.283941697329e-02 1.309376396239e-02 1.309654861689e-02 2.323300391436e-02 2.573931589723e-02 2.452146261930e-02 1.275293156505e-02 1.295044086874e-02 2.118816971779e-02 1.439037639648e-02 1.494668144733e-02 1.245153602213e-02 1.549110189080e-02 1.589948311448e-02 1.619970984757e-02 1.624490320683e-02 1.649879105389e-02 1.986451819539e-02 2.021986246109e-02 1.851328834891e-02 2.216027490795e-02 2.479747496545e-02 2.552679739892e-02 2.452128380537e-02 2.265245094895e-02 2.657151967287e-02 3.048625588417e-02 3.280650079250e-02 1.271988078952e-02 3.295325487852e-02 3.812054917216e-02 3.993167355657e-02 4.699581861496e-02 5.233768373728e-02 5.498993769288e-02 5.673576518893e-02 2.195641957223e-02 4.478196054697e-02 5.393957346678e-02
5.245487671345e-03 8.317738771439e-03 1.047716662288e-02 1.155323721468e-02 1.198556646705e-02 1.208588015288e-02 2.116700448096e-02 2.383336797357e-02 2.396660298109e-02 1.366536412388e-02 1.225692965090e-02 1.227880362421e-02 1.266775839031e-02 1.336046122015e-02 1.437898259610e-02 1.045263372362e-02 1.186493504792e-02 1.645351760089e-02 1.787204667926e-02 1.733795367181e-02 1.588844135404e-02 1.709371246397e-02 1.836000569165e-02 1.749122887850e-02 1.978617347777e-02 2.183877304196e-02 2.240878902376e-02 2.144538983703e-02 2.261107973754e-02 2.684188634157e-02 2.965599484742e-02 3.144760802388e-02 2.846784703434e-02 3.142094612122e-02 3.023154288530e-02 3.445171937346e-02 3.740951046348e-02 3.776384517550e-02 3.687259554863e-02 3.677079081535e-02 3.312676027417e-02 3.795186057687e-02 4.679904505610e-02
4.936033859849e-03 7.845518179238e-03 9.916875511408e-03 1.093622669578e-02 6.567103788257e-03 1.125660724938e-02 1.116062980145e-02 2.122315578163e-02 1.410754770041e-02 1.161926425993e-02 1.174947712570e-02 1.169823016971e-02 1.144308876246e-02 9.668673388660e-03 1.327498350292e-02 1.109362486750e-02 1.230292301625e-02 1.385558955371e-02 1.886524073780e-02 1.923751458526e-02 1.860997080803e-02 1.737970113754e-02 1.040681172162e-02 1.716366596520e-02 1.786673069000e-02 1.939338073134e-02 1.976743526757e-02 1.887216605246e-02 2.286108024418e-02 2.619210258126e-02 2.844168618321e-02 3.013091161847e-02 2.394048497081e-02 2.429106831551e-02 1.801858842373e-02 1.087384577841e-02 3.572382777929e-02 3.667600452900e-02 3.547316044569e-02 3.209896385670e-02 2.732252329588e-02 2.358686737716e-02 2.083800733089e-02
4.806210286915e-03 7.623133715242e-03 9.598554112017e-03 1.050171628594e-02 8.885012008250e-03 1.064532902092e-02 1.057248190045e-02 1.729391701519e-02 1.570324599743e-02 1.115801464766e-02 1.140758022666e-02 1.184919755906e-02 1.219206396490e-02 9.007503278553e-03 1.035289280117e-02 1.127777807415e-02 1.244410034269e-02 1.755752041936e-02 1.947310753167e-02 2.060492895544e-02 2.069325931370e-02 9.270613081753e-03 1.117778010666e-02 1.800893619657e-02 1.741932146251e-02 1.721778884530e-02 1.738024689257e-02 1.914007775486e-02 2.251469157636e-02 2.522339671850e-02 2.730805613101e-02 2.919854782522e-02 1.272712275386e-02 2.310659363866e-02 1.745590381324e-02 2.440633624792e-02 3.590898215771e-02 3.759735077620e-02 3.604007884860e-02 3.158982843161e-02 2.942195348442e-02 1.338790357113e-02 7.984866388142e-03
1.396840903908e-03 7.232526317239e-03 9.556944482028e-03 1.035179197788e-02 1.047099847347e-02 1.035119220614e-02 1.127318758518e-02 1.324180513620e-02 1.172065641731e-02 1.424190402031e-02 1.483589038253e-02 1.534464582801e-02 1.467140205204e-02 1.210734248161e-02 1.458112429827e-02 1.500218268484e-02 1.583944633603e-02 1.808132976294e-02 2.023432590067e-02 2.176031097770e-02 2.218042127788e-02 2.036652527750e-02 2.081329561770e-02 1.969782821834e-02 1.880509778857e-02 1.797398924828e-02 1.667359657586e-02 1.918441988528e-02 2.196416817605e-02 2.434040978551e-02 2.552110888064e-02 6.592430174351e-03 1.149046141654e-02 2.172300033271e-02 2.878972142935e-02 3.226643800735e-02 3.647515922785e-02 3.904904425144e-02 3.729123994708e-02 3.232828527689e-02 2.995281480253e-02 2.559282258153e-02 2.780894562602e-02
2.780247246847e-03 2.737121889368e-03 9.651744738221e-03 1.038099545985e-02 1.044780202210e-02 9.077348746359e-03 1.153343450278e-02 1.212664972991e-02 1.359858177602e-02 1.423244271427e-02 1.471547968686e-02 1.513100694865e-02 1.431699655950e-02 1.153659913689e-02 1.275465171784e-02 1.354780420661e-02 1.597364433110e-02 1.850222423673e-02 2.051520533860e-02 2.179309353232e-02 2.204414643347e-02 1.571435853839e-02 2.021344192326e-02 1.883882656693e-02 1.755476742983e-02 1.630549691617e-02 1.656012237072e-02 1.908874697983e-02 2.148288488388e-02 2.364681102335e-02 1.441621407866e-02 6.147635634989e-03 2.608488500118e-02 2.522758208215e-02 1.673793606460e-02 3.171362355351e-02 3.658350557089e-02 3.331844881177e-02 3.803149238229e-02 3.144211322069e-02 2.699092961848e-02 2.335368096828e-02 2.510601840913e-02
4.657037556171e-03 7.077580317855e-03 9.439961053431e-03 1.011422276497e-02 1.017099712044e-02 6.639602594078e-03 1.009009126574e-02 1.104367990047e-02 1.174156926572e-02 1.221801247448e-02 1.255495473742e-02 1.283030305058e-02 1.290166378021e-02 1.257492974401e-02 1.259243395180e-02 8.411535061896e-03 1.509715057909e-02 1.765116304159e-02 1.910203695297e-02 1.965945772827e-02 2.239289134741e-02 2.535481564701e-02 2.367443963885e-02 1.748705096543e-02 1.459276862442e-02 1.443534437567e-02 1.668942719698e-02 1.888155750930e-02 2.099904976785e-02 2.294444665313e-02 2.347740344703e-02 2.307333797216e-02 2.472971379757e-02 2.411149628460e-02 2.450766414404e-02 3.039888851345e-02 3.579661622643e-02 3.835419565439e-02 3.833755105734e-02 3.139360621572e-02 2.505299635231e-02 2.298153378069e-02 2.615825273097e-02
4.528348334134e-03 7.047177292407e-03 8.629985153675e-03 9.222161024809e-03 9.651226922870e-03 6.482228171080e-03 8.546512573957e-03 1.068280916661e-02 1.132079306990e-02 1.173216104507e-02 1.093868445605e-02 1.083641871810e-02 7.740210276097e-03 1.212962716818e-02 1.072040759027e-02 7.394673302770e-03 1.372685562819e-02 1.591425947845e-02 1.673989929259e-02 1.897414214909e-02 2.292845398188e-02 2.532450482249e-02 2.382758259773e-02 1.826504617929e-02 1.363945752382e-02 1.462558098137e-02 1.651732623577e-02 1.847018674016e-02 2.036075852811e-02 2.203107252717e-02 2.321266382933e-02 2.327155694366e-02 2.186706475914e-02 2.311564050615e-02 2.513235248625e-02 2.775909565389e-02 3.372178599238e-02 3.878526762128e-02 3.856971859932e-02 3.553854674101e-02 1.808429695666e-02 2.989524230361e-02 3.398596867919e-02
3.981187473983e-03 6.162279751152e-03 7.966942153871e-03 9.691647253931e-03 7.185690104961e-03 9.398022666574e-03 9.476063773036e-03 1.181361824274e-02 1.250564586371e-02 1.292347535491e-02 1.198650244623e-02 9.938934817910e-03 8.408938534558e-03 1.283088233322e-02 8.185548707843e-03 1.070712227374e-02 1.257886644453e-02 1.451888494194e-02 1.510728243738e-02 1.379014458507e-02 1.443934347481e-02 1.514382008463e-02 1.613953523338e-02 1.411983184516e-02 1.438706927001e-02 1.511512231082e-02 1.614152640104e-02 1.794087328017e-02 1.960380747914e-02 2.087481319904e-02 2.134636603296e-02 2.056223899126e-02 1.950312219560e-02 2.183384820819e-02 2.286294847727e-02 2.452325820923e-02 3.084580786526e-02 3.744081407785e-02 4.500354081392e-02 4.199027270079e-02 3.836166486144e-02 3.847491368651e-02 6.042958423495e-02
