100/SI/f103.grd
DSAA
101	101
32.816463539100	34.260883539100
35.556306596100	36.727886596100
8.949461625889e-04	3.158219337463e+01
[rows 76 to 94 of 101, columns 0 to 42 of 101]
4.137471783906e-03 6.800382398069e-03 9.248911403120e-03 1.095088757575e-02 1.177149266005e-02 1.185639295727e-02 1.146968081594e-02 1.208958774805e-02 1.281180419028e-02 1.323195453733e-02 1.338504906744e-02 1.335564162582e-02 1.319092605263e-02 8.603206835687e-03 1.214275043458e-02 1.178679708391e-02 1.201159972697e-02 1.383216213435e-02 1.430607959628e-02 8.478094823658e-03 1.025425270200e-02 1.069562230259e-02 1.309422496706e-02 1.502285990864e-02 1.593787409365e-02 1.579691655934e-02 1.577965915203e-02 1.745157316327e-02 2.075454592705e-02 2.197380550206e-02 2.117304690182e-02 1.991656981409e-02 1.931608468294e-02 2.104069851339e-02 2.156108990312e-02 2.238257229328e-02 8.543926291168e-03 9.154706262052e-03 4.400273412466e-02 5.218971148133e-02 6.404036283493e-02 6.266825646162e-02 6.889874488115e-02
4.888600669801e-03 7.904142141342e-03 1.049075182527e-02 1.210155989975e-02 1.274868380278e-02 1.269503682852e-02 1.220699027181e-02 1.147907320410e-02 1.196781359613e-02 1.236234419048e-02 1.247404050082e-02 1.238199323416e-02 1.251423452049e-02 1.333343144506e-02 1.316916290671e-02 1.224160287529e-02 1.163917593658e-02 1.310929004103e-02 9.032955393195e-03 7.531337440014e-03 1.128756627440e-02 1.325245015323e-02 1.463868282735e-02 1.607454009354e-02 1.720296964049e-02 1.702298037708e-02 1.800962910056e-02 2.171042375267e-02 2.411517687142e-02 2.441164664924e-02 2.277468889952e-02 2.087689377367e-02 2.003942430019e-02 2.157842740417e-02 2.183087170124e-02 2.231404185295e-02 2.933919243515e-02 3.026523627341e-02 4.252811148763e-02 6.266948580742e-02 7.861141115427e-02 8.883585780859e-02 9.964225441217e-02
5.204123444855e-03 8.301691152155e-03 1.081311795861e-02 1.223709154874e-02 1.269555278122e-02 1.249230839312e-02 1.186782959849e-02 1.098990533501e-02 9.992284700274e-03 9.998049587011e-03 1.111991051584e-02 1.260173134506e-02 1.359258405864e-02 1.362722739577e-02 1.269385032356e-02 1.104871835560e-02 1.083321869373e-02 1.134916767478e-02 1.052131690085e-02 6.790147628635e-03 1.306813117117e-02 1.582255959511e-02 1.778204552829e-02 1.709545403719e-02 1.743480749428e-02 1.970062404871e-02 2.421221695840e-02 2.626326121390e-02 2.684896625578e-02 2.624385058880e-02 2.451905235648e-02 2.270285598934e-02 2.242812514305e-02 2.363291569054e-02 2.827803418040e-02 2.513141930103e-02 2.904611639678e-02 4.067292809486e-02 4.356554895639e-02 7.821454107761e-02 9.120921790600e-02 8.090945333242e-02 8.338283002377e-02
4.698023665696e-03 7.425772491843e-03 9.572848677635e-03 1.072447281331e-02 1.101783476770e-02 1.071722060442e-02 1.002334617078e-02 9.090817533433e-03 4.073895048350e-03 3.414499573410e-03 1.023304369301e-02 1.148679759353e-02 1.161684375256e-02 1.098683569580e-02 1.064731832594e-02 1.072190795094e-02 5.655519664288e-03 1.034109015018e-02 1.109326258302e-02 1.432952191681e-02 1.994761638343e-02 2.628076262772e-02 3.205908462405e-02 2.733826637268e-02 1.983488164842e-02 2.503236755729e-02 2.984948083758e-02 3.006404824555e-02 2.827710285783e-02 2.653791569173e-02 2.506574802101e-02 2.375948987901e-02 2.529694139957e-02 2.590242214501e-02 3.045582398772e-02 2.834419533610e-02 3.211034461856e-02 4.424089193344e-02 4.619257152081e-02 6.909823417664e-02 8.918522298336e-02 1.007213965058e-01 6.394501775503e-02
3.887149505317e-03 5.738715175539e-03 7.387919351459e-03 8.280607871711e-03 8.499712683260e-03 8.443880826235e-03 8.683227002621e-03 8.823495358229e-03 6.025027483702e-03 2.027900191024e-03 7.562790531665e-03 9.458400309086e-03 9.995867498219e-03 1.050226017833e-02 1.099676266313e-02 1.124896202236e-02 1.111785881221e-02 1.176507212222e-02 1.453418191522e-02 1.884197816253e-02 2.798290550709e-02 3.908023983240e-02 4.922935739160e-02 3.926749527454e-02 2.395169995725e-02 2.797288075089e-02 3.305087238550e-02 3.739661723375e-02 3.622569143772e-02 3.142688423395e-02 2.747863903642e-02 2.626157738268e-02 2.634907513857e-02 2.612539567053e-02 2.729577384889e-02 2.996937371790e-02 3.452484682202e-02 4.286139830947e-02 5.638631805778e-02 5.912863090634e-02 8.203944563866e-02 1.099295020103e-01 8.414814621210e-02
5.282310303301e-03 7.705939467996e-03 9.466549381614e-03 1.042070332915e-02 6.745140533894e-03 9.686564095318e-03 1.097640581429e-02 1.106343511492e-02 1.037738658488e-02 3.748860210180e-03 4.385313019156e-03 1.042671967298e-02 1.104122959077e-02 1.190436258912e-02 1.338016521186e-02 1.447525527328e-02 1.498697791249e-02 1.581626757979e-02 1.880268752575e-02 2.202814072371e-02 3.345090523362e-02 4.756535962224e-02 5.990375578403e-02 4.269560053945e-02 1.661188900471e-02 1.377121955156e-01 1.464243233204e-01 6.695315241814e-02 6.101911142468e-02 4.847190156579e-02 3.509599715471e-02 2.769751846790e-02 2.498207241297e-02 2.571456506848e-02 2.854338474572e-02 3.083926998079e-02 3.379429131746e-02 4.438167810440e-02 7.704862207174e-02 6.554090231657e-02 5.828560143709e-02 1.075223088264e-01 1.483159065247e-01
7.333282846957e-03 1.062845252454e-02 1.294519379735e-02 1.407092995942e-02 4.863396286964e-03 3.663801588118e-03 1.342831458896e-02 1.365662552416e-02 6.545758806169e-03 1.249031443149e-02 1.229172665626e-02 1.448471564800e-02 1.677815057337e-02 1.895063742995e-02 2.071942761540e-02 2.180937491357e-02 2.203782834113e-02 2.158215455711e-02 2.241344004869e-02 2.654930949211e-02 3.957611322403e-02 5.276850983500e-02 5.783022940159e-02 3.997016698122e-02 8.077349513769e-02 3.664903342724e-01 3.994520604610e-01 2.020901441574e-01 8.892375975847e-02 6.804023683071e-02 4.454637691379e-02 2.987335808575e-02 2.672214806080e-02 3.342321515083e-02 4.028813913465e-02 4.231411591172e-02 3.896810486913e-02 4.491419717669e-02 9.100772440434e-02 1.356585770845e-01 8.915667235851e-02 8.648823201656e-02 1.866368055344e-01
9.082802571356e-03 1.298615150154e-02 1.556032337248e-02 1.657908782363e-02 4.942636936903e-03 1.545051950961e-02 1.531672198325e-02 1.495750434697e-02 8.364259265363e-03 1.037217862904e-02 1.992830261588e-02 2.281530573964e-02 2.524783648551e-02 2.711993642151e-02 2.836233004928e-02 2.873680554330e-02 2.824450097978e-02 2.649277262390e-02 2.591024525464e-02 3.262040391564e-02 4.687638953328e-02 5.614202469587e-02 4.920364171267e-02 4.888485744596e-02 9.859552234411e-02 5.744083523750e-01 1.032723665237e+00 2.407911270857e-01 1.088225096464e-01 7.947635650635e-02 5.344872176647e-02 3.514592722058e-02 3.489170223475e-02 4.779774323106e-02 5.760844796896e-02 5.736581981182e-02 4.929624870420e-02 5.417583882809e-02 7.675716280937e-02 1.664577126503e-01 1.659239828587e-01 9.831120818853e-02 2.709387242794e-01
5.352907814085e-03 4.323639441282e-03 1.087035052478e-02 5.479039158672e-03 1.572514325380e-02 1.633266173303e-02 1.808944158256e-02 1.926418207586e-02 1.221494562924e-02 1.175946742296e-02 2.659752592444e-02 3.059780970216e-02 3.406239300966e-02 3.710171580315e-02 3.999465331435e-02 4.272071644664e-02 4.452188313007e-02 4.364647343755e-02 4.687418043613e-02 4.101369529963e-02 5.584440752864e-02 5.870672315359e-02 3.905054926872e-02 5.442317575216e-02 1.415036320686e-01 3.289302587509e-01 3.956272900105e-01 1.250088065863e-01 8.306016027927e-02 7.628004997969e-02 5.872084572911e-02 6.473776698112e-02 8.338551223278e-02 4.641325026751e-02 7.310131937265e-02 6.960915029049e-02 6.464261561632e-02 6.628402322531e-02 6.543340533972e-02 1.092615723610e-01 1.438710093498e-01 1.091941371560e-01 3.069275021553e-01
9.224615059793e-03 1.257197000086e-02 1.503991615027e-02 1.649223640561e-02 2.107244729996e-02 2.220512554049e-02 2.288131043315e-02 2.296408265829e-02 2.217953652143e-02 2.234241366386e-02 2.678161859512e-02 3.120146878064e-02 3.534338623285e-02 3.932566940784e-02 4.367160424590e-02 4.890580475330e-02 8.619913458824e-02 5.600703880191e-02 8.478482812643e-02 4.370383545756e-02 5.480390042067e-02 5.347095057368e-02 6.550408899784e-02 4.924938455224e-02 7.113545387983e-02 5.040380358696e-02 5.463188514113e-02 5.165932327509e-02 5.755662918091e-02 6.167481839657e-02 5.760968476534e-02 3.273651301861e-01 2.127242833376e-01 2.031453102827e-01 1.209272518754e-01 1.618092507124e-01 1.456202864647e-01 8.020968735218e-02 7.925011962652e-02 9.512189030647e-02 9.919278323650e-02 1.109013631940e-01 5.486072897911e-01
1.785508729517e-02 2.759865485132e-02 3.360556811094e-02 3.533285483718e-02 3.448161110282e-02 3.240815550089e-02 2.992823719978e-02 2.735335752368e-02 2.452394180000e-02 2.555719390512e-02 2.589798346162e-02 2.746074832976e-02 3.190539032221e-02 3.610498830676e-02 4.029269516468e-02 4.525307938457e-02 5.032961443067e-02 6.595632433891e-02 8.533243834972e-02 8.561511337757e-02 8.559808880091e-02 8.188163489103e-02 5.746037885547e-02 5.737445130944e-02 5.606964230537e-02 4.308451339602e-02 4.077843204141e-02 3.561681881547e-02 3.420327976346e-02 4.316696152091e-02 5.346095189452e-02 4.266552627087e-01 2.848925590515e-01 9.630366414785e-02 1.753360033035e-01 3.111136555672e-01 3.368562459946e-01 1.491404920816e-01 1.700574010611e-01 1.207821741700e-01 9.246028214693e-02 1.026155352592e-01 4.602792263031e-01
3.076229989529e-02 4.690719395876e-02 5.543246865273e-02 5.543176829815e-02 5.051072314382e-02 4.369930177927e-02 3.885927796364e-02 3.596556559205e-02 3.549551963806e-02 3.797126561403e-02 3.923306614161e-02 3.920946270227e-02 3.905872628093e-02 4.496754705906e-02 4.917662590742e-02 5.300481989980e-02 5.623124167323e-02 5.771777406335e-02 6.126008927822e-02 6.992094963789e-02 7.238216698170e-02 5.568108707666e-02 4.096281155944e-02 4.481583088636e-02 3.965895250440e-02 3.105439804494e-02 2.586948685348e-02 2.094377018511e-02 1.912638545036e-02 2.723143249750e-02 3.536139428616e-02 1.025045216084e-01 2.131745815277e-01 2.666386663914e-01 2.823954224586e-01 5.012265592813e-02 2.918967306614e-01 2.378328740597e-01 4.046392142773e-01 3.452783823013e-01 7.976410537958e-02 2.256654202938e-01 7.177043557167e-01
3.565557301044e-02 5.383237823844e-02 6.249075010419e-02 6.077601388097e-02 5.334655195475e-02 4.771110042930e-02 4.629668593407e-02 4.269582405686e-02 3.804228827357e-02 3.891811147332e-02 4.123995080590e-02 4.224526509643e-02 4.690688848495e-02 5.368293821812e-02 5.811760202050e-02 5.927633121610e-02 5.516371130943e-02 4.501274973154e-02 3.532661125064e-02 3.038077801466e-02 2.833434380591e-02 2.805328555405e-02 2.806640975177e-02 2.696277201176e-02 2.405571192503e-02 1.965387165546e-02 1.523334439844e-02 1.287278532982e-02 1.637670584023e-02 2.127966657281e-02 4.028027504683e-02 9.513223171234e-02 1.221419274807e-01 1.712324321270e-01 1.534536033869e-01 5.568391084671e-01 4.903845191002e-01 2.523452639580e-01 4.485234320164e-01 8.202555775642e-01 2.148527801037e-01 5.748454332352e-01 3.545293509960e-01
2.634204737842e-02 3.939601778984e-02 4.517032206059e-02 4.319249093533e-02 3.710064291954e-02 3.623192384839e-02 3.692930564284e-02 3.550473600626e-02 3.431315720081e-02 3.476077318192e-02 3.354652971029e-02 3.125347569585e-02 3.187550604343e-02 3.135628625751e-02 2.786703221500e-02 2.829301171005e-02 2.462500706315e-02 3.239952772856e-02 3.760507330298e-02 3.538053482771e-02 2.813069149852e-02 2.081948146224e-02 1.959035359323e-02 1.754242368042e-02 1.604829542339e-02 1.160703692585e-02 1.152409985662e-02 1.386759802699e-02 1.892739906907e-02 3.040705807507e-02 3.879264742136e-02 7.935298234224e-02 8.346836268902e-02 7.377444952726e-02 6.733575463295e-02 7.355805486441e-02 4.746093153954e-01 2.735981345177e-01 3.066009283066e-01 8.042237162590e-01 2.596333503723e+00 3.003605306149e-01 1.102098822594e-01
1.292596757412e-02 8.400297723711e-03 2.423711121082e-02 2.740504965186e-02 2.855336666107e-02 8.079908788204e-03 2.480546571314e-02 2.534084394574e-02 2.361012063920e-02 2.307632006705e-02 2.282994054258e-02 2.121215499938e-02 1.812582835555e-02 1.681118085980e-02 6.903873290867e-03 1.791397295892e-02 3.106884472072e-02 3.972150757909e-02 3.753766044974e-02 2.817659452558e-02 1.801458001137e-02 1.806105114520e-02 3.660698980093e-02 3.889220580459e-02 2.703119814396e-02 1.363074313849e-02 1.369498763233e-02 1.830771751702e-02 2.592057548463e-02 3.984643146396e-02 5.338920652866e-02 7.123018056154e-02 6.989422440529e-02 5.675604194403e-02 5.186314135790e-02 5.994146689773e-02 9.709557145834e-02 2.427462637424e-01 2.901308238506e-01 2.657831013203e-01 5.557768046856e-02 7.831170409918e-02 7.373565435410e-02
1.058789063245e-02 8.003320544958e-03 1.945617608726e-02 2.200474031270e-02 1.571361534297e-02 8.861771784723e-03 2.089596539736e-02 2.202138863504e-02 2.106518670917e-02 1.999702490866e-02 1.883787289262e-02 1.764453388751e-02 1.746004074812e-02 1.759030483663e-02 1.737583987415e-02 1.690348424017e-02 2.880103699863e-02 3.421529009938e-02 2.945785224438e-02 2.044625766575e-02 2.650114148855e-02 4.930345341563e-02 7.363377511501e-02 6.190179288387e-02 3.208237886429e-02 1.503286696970e-02 1.916171610355e-02 3.014537505805e-02 4.114868119359e-02 5.123285949230e-02 7.550835609436e-02 7.807760685682e-02 5.925371497869e-02 4.041643813252e-02 4.046085849404e-02 4.155986756086e-02 5.144000798464e-02 1.847350895405e-01 3.566588461399e-01 2.385336756706e-01 2.813363261521e-02 6.690992414951e-02 5.092261359096e-02
1.018679328263e-02 1.466412097216e-02 1.836150512099e-02 1.682571507990e-02 1.825056038797e-02 1.974577084184e-02 2.346070110798e-02 2.535531483591e-02 2.719318680465e-02 2.775999531150e-02 3.080303221941e-02 3.253191336989e-02 3.407013416290e-02 3.517885506153e-02 3.564553707838e-02 3.539970517159e-02 3.450514748693e-02 3.435916081071e-02 3.652735054493e-02 3.956301882863e-02 6.950220465660e-02 9.799155592918e-02 1.016505062580e-01 6.686238199472e-02 2.703074738383e-02 2.646546624601e-02 5.468905344605e-02 5.027646198869e-02 3.709281235933e-02 6.742172688246e-02 9.071344137192e-02 7.832293212414e-02 5.524143204093e-02 4.067785665393e-02 3.414273634553e-02 4.237167164683e-02 5.547460168600e-02 1.857906877995e-01 2.944837510586e-01 1.163703650236e-01 7.594696432352e-02 5.357261002064e-02 4.896768927574e-02
7.221382111311e-03 1.037243939936e-02 1.298944838345e-02 1.473696157336e-02 1.570740342140e-02 1.684937626123e-02 1.848716475070e-02 2.025635540485e-02 2.155710756779e-02 2.260302007198e-02 2.623342536390e-02 2.833069115877e-02 3.033329732716e-02 3.198673948646e-02 3.299986198545e-02 3.318104147911e-02 3.252638131380e-02 3.239121660590e-02 3.434231877327e-02 5.488317832351e-02 9.164578467607e-02 1.220436915755e-01 1.184731274843e-01 7.224408537149e-02 2.739628590643e-02 4.492968320847e-02 6.324751675129e-02 3.235823661089e-02 3.754464909434e-02 7.083564251661e-02 9.471507370472e-02 8.002653717995e-02 8.113954216242e-02 5.582965910435e-02 3.681985661387e-02 4.285681620240e-02 8.663447201252e-02 3.292806446552e-01 2.159584909678e-01 7.033111155033e-02 1.181390434504e-01 5.401933565736e-02 2.835066802800e-02
4.809479694813e-03 6.903531961143e-03 8.674381300807e-03 1.007472351193e-02 1.173676736653e-02 1.328122708946e-02 1.487715076655e-02 1.666513830423e-02 1.837511919439e-02 2.080966904759e-02 2.306508459151e-02 2.539659850299e-02 2.766380459070e-02 2.959457226098e-02 3.084772452712e-02 3.117254748940e-02 3.055827505887e-02 3.032661974430e-02 3.467508777976e-02 6.628430634737e-02 1.050547733903e-01 1.331605017185e-01 1.232957616448e-01 7.104506343603e-02 2.609702199697e-02 5.001504346728e-02 5.233002826571e-02 3.392612934113e-02 3.173757717013e-02 6.348110735416e-02 8.797103166580e-02 9.951547533274e-02 1.033426001668e-01 6.987396627665e-02 4.546116665006e-02 4.394262284040e-02 6.476892530918e-02 2.219244688749e-01 6.152995675802e-02 6.882523745298e-02 1.072586774826e-01 4.395656660199e-02 2.502274326980e-02
