100/SI/f105_max.grd
DSAA
101	101
32.816463539100	34.260883539100
35.556306596100	36.727886596100
2.547965152189e-03	4.729801330566e+02
[rows 19 to 37 of 101, columns 43 to 85 of 101]
4.277568340302e+00 5.427993297577e+00 7.056507587433e+00 7.199444770813e+00 4.671238422394e+00 7.386912345886e+00 3.465205669403e+00 3.888749599457e+00 3.918601036072e+00 3.973840475082e+00 3.626410007477e+00 5.581851959229e+00 6.752283096313e+00 6.911873340607e+00 4.595804691315e+00 5.621750354767e+00 7.315435409546e+00 6.894953250885e+00 3.833771228790e+00 6.168034553528e+00 2.808204174042e+00 3.916460990906e+00 5.238252639771e+00 2.610063314438e+00 2.631778001785e+00 2.877235412598e+00 2.483195781708e+00 3.222330331802e+00 2.985385656357e+00 2.354483842850e+00 2.528011322021e+00 3.205261707306e+00 3.610601663589e+00 2.793703317642e+00 2.724661827087e+00 2.066838979721e+00 1.422778725624e+00 1.689661502838e+00 1.870100259781e+00 1.555187821388e+00 1.301933169365e+00 1.243004679680e+00 1.351295113564e+00
3.794287919998e+00 5.318426609039e+00 7.536045551300e+00 8.695171356201e+00 6.314556598663e+00 6.532218456268e+00 3.569968700409e+00 4.125699043274e+00 3.414995908737e+00 4.272301673889e+00 4.467672348022e+00 5.239634990692e+00 7.253954410553e+00 7.367352962494e+00 5.645053386688e+00 6.087939262390e+00 7.158217906952e+00 7.800992488861e+00 4.529845714569e+00 5.973701477051e+00 3.194963216782e+00 5.945598602295e+00 7.370617389679e+00 3.279784917831e+00 3.071680545807e+00 2.948477029800e+00 3.157384872437e+00 3.333354949951e+00 2.595944643021e+00 2.504668951035e+00 3.245408535004e+00 4.220624446869e+00 3.762281417847e+00 3.278705596924e+00 2.512629508972e+00 2.072005748749e+00 1.614929795265e+00 1.974045872688e+00 1.532771706581e+00 1.173644542694e+00 1.252087354660e+00 1.188809037209e+00 1.237219452858e+00
4.065826416016e+00 5.893714427948e+00 6.962137222290e+00 9.100646018982e+00 7.772277355194e+00 5.588793277740e+00 3.754474401474e+00 4.377853870392e+00 3.261974334717e+00 4.017591953278e+00 4.233562946320e+00 4.963668823242e+00 6.926883220673e+00 7.915961742401e+00 6.817038059235e+00 6.502684116364e+00 6.871734142303e+00 8.541122436523e+00 5.171308994293e+00 5.544824600220e+00 3.598800897598e+00 7.383335113525e+00 8.087937355042e+00 3.689994335175e+00 3.003856897354e+00 3.525529623032e+00 3.562041044235e+00 2.886838197708e+00 2.308882474899e+00 3.236519575119e+00 4.513149261475e+00 4.363205432892e+00 2.944352626801e+00 3.742604255676e+00 2.491988182068e+00 1.909959793091e+00 1.916296362877e+00 2.029423236847e+00 1.551706314087e+00 1.190645813942e+00 1.199477314949e+00 9.379226565361e-01 9.246000647545e-01
3.869735002518e+00 5.573608398438e+00 5.912526607513e+00 8.693477630615e+00 8.602028846741e+00 5.727911472321e+00 4.743828773499e+00 4.644444465637e+00 3.217250585556e+00 3.533798217773e+00 4.431971073151e+00 5.037907600403e+00 5.785625934601e+00 8.484513282776e+00 7.614277362823e+00 6.328787326813e+00 6.369272708893e+00 9.179138183594e+00 5.703883171082e+00 4.977703571320e+00 4.002708435059e+00 7.351661205292e+00 7.066946506500e+00 3.445887088776e+00 3.192570924759e+00 3.892414093018e+00 3.235075473785e+00 2.475898981094e+00 3.410629987717e+00 4.782131195068e+00 4.687525749207e+00 3.253449916840e+00 2.556158781052e+00 3.892292022705e+00 1.851457357407e+00 1.909842491150e+00 2.363173961639e+00 1.781636476517e+00 1.779560208321e+00 1.159908771515e+00 1.279842734337e+00 1.076961040497e+00 9.709419012070e-01
3.146028995514e+00 3.878000497818e+00 5.947257518768e+00 7.711662292480e+00 8.680191993713e+00 5.780934810638e+00 5.920572757721e+00 4.968231201172e+00 3.485372543335e+00 3.238123655319e+00 4.623241424561e+00 4.925693511963e+00 6.053908348083e+00 9.130751609802e+00 7.742059707642e+00 6.014108657837e+00 5.744592189789e+00 9.579807281494e+00 6.093270778656e+00 5.724578380585e+00 4.725157737732e+00 6.065026760101e+00 5.290853500366e+00 3.127734661102e+00 4.063761711121e+00 3.765311717987e+00 2.601071357727e+00 3.640779018402e+00 5.189864158630e+00 5.030591964722e+00 3.412088632584e+00 2.085641622543e+00 2.930920124054e+00 3.655944585800e+00 1.983501315117e+00 2.049620389938e+00 2.489119052887e+00 1.731036782265e+00 1.953069806099e+00 1.195314645767e+00 1.217817544937e+00 1.055779814720e+00 1.079680204391e+00
4.292600154877e+00 4.073031425476e+00 6.734227180481e+00 6.539259433746e+00 8.274192810059e+00 6.468183040619e+00 5.697607517242e+00 6.311158180237e+00 5.486695766449e+00 4.193816184998e+00 4.670261859894e+00 4.660222530365e+00 6.614559173584e+00 9.786840438843e+00 6.993550300598e+00 5.782363414764e+00 4.907540798187e+00 9.818809509277e+00 7.340144634247e+00 6.348431110382e+00 5.594643115997e+00 5.937340736389e+00 3.591157674789e+00 3.931362390518e+00 4.170165061951e+00 2.804508924484e+00 3.960359096527e+00 5.605896949768e+00 5.322988510132e+00 3.564354658127e+00 1.907047271729e+00 1.673446655273e+00 3.920103311539e+00 3.061321258545e+00 1.872568726540e+00 2.654212951660e+00 2.248086929321e+00 1.745977520943e+00 2.076083421707e+00 1.481333136559e+00 1.144282698631e+00 1.089397668839e+00 9.550779461861e-01
6.718639373779e+00 4.183735847473e+00 4.085865020752e+00 6.972556591034e+00 7.649694919586e+00 6.852253913879e+00 5.320054054260e+00 5.798985958099e+00 6.593075275421e+00 6.480136871338e+00 5.526782512665e+00 6.627485275269e+00 7.206029891968e+00 1.019405841827e+01 6.087971687317e+00 5.255120277405e+00 6.682653427124e+00 9.913994789124e+00 8.319527626038e+00 6.108521938324e+00 6.039059162140e+00 6.405995368958e+00 4.028847694397e+00 4.280586719513e+00 3.339551925659e+00 4.155208587646e+00 6.117044925690e+00 5.715203762054e+00 3.714019536972e+00 2.567425012589e+00 3.616969823837e+00 2.325633287430e+00 4.574690818787e+00 2.676904439926e+00 2.213785648346e+00 2.836756229401e+00 2.699245691299e+00 1.873844623566e+00 2.144727468491e+00 1.638047933578e+00 1.035689711571e+00 9.925568103790e-01 1.150568842888e+00
8.971213340759e+00 4.309493541718e+00 4.129562377930e+00 6.452733039856e+00 6.918564796448e+00 7.042486667633e+00 5.754617214203e+00 5.965555191040e+00 5.508571624756e+00 7.136253833771e+00 7.788921833038e+00 6.771523952484e+00 7.800947666168e+00 1.035074138641e+01 5.311673641205e+00 7.874138355255e+00 9.373649597168e+00 9.955658912659e+00 8.101250648499e+00 4.857242584229e+00 5.745766162872e+00 5.871481895447e+00 4.119810581207e+00 3.537442445755e+00 4.201551437378e+00 6.521201133728e+00 6.272604465485e+00 3.923165559769e+00 3.538842201233e+00 5.027328968048e+00 4.568316936493e+00 4.139381885529e+00 4.458797454834e+00 2.989775419235e+00 2.845446348190e+00 2.350924730301e+00 2.937570333481e+00 1.987621784210e+00 2.153727531433e+00 1.631769418716e+00 1.035358309746e+00 1.261507153511e+00 1.623103618622e+00
9.793972015381e+00 4.434051513672e+00 5.006616115570e+00 4.317629337311e+00 7.308856487274e+00 7.152732372284e+00 6.132763385773e+00 6.350045681000e+00 5.569252490997e+00 7.448433876038e+00 7.546463966370e+00 6.572647571564e+00 8.340349197388e+00 9.996200561523e+00 8.627919197083e+00 1.042459011078e+01 1.001053619385e+01 9.707081794739e+00 5.531371116638e+00 4.999057769775e+00 5.886317729950e+00 5.925465583801e+00 3.802527904510e+00 4.033983707428e+00 6.816228866577e+00 6.939953804016e+00 4.343887329102e+00 3.733998537064e+00 5.467708110809e+00 4.532566547394e+00 3.631239652634e+00 4.207916259766e+00 3.459811210632e+00 3.133978366852e+00 2.816981554031e+00 1.851683616638e+00 2.872163534164e+00 2.151595115662e+00 2.113224029541e+00 1.481414914131e+00 1.377849459648e+00 1.803879857063e+00 2.038138389587e+00
8.611001014709e+00 6.452856540680e+00 5.813405513763e+00 4.222692966461e+00 5.565477848053e+00 7.190053939819e+00 7.311420917511e+00 6.765931606293e+00 7.733409881592e+00 1.144416999817e+01 6.697625160217e+00 5.970085144043e+00 8.706507682800e+00 9.223273277283e+00 1.118378353119e+01 1.075580692291e+01 9.332572937012e+00 9.420934677124e+00 6.036437988281e+00 6.731750011444e+00 6.128053188324e+00 5.913320541382e+00 3.696530580521e+00 6.933898925781e+00 7.665277481079e+00 4.948564052582e+00 4.274794578552e+00 5.805767536163e+00 5.105074882507e+00 3.313295364380e+00 4.823683261871e+00 4.412525653839e+00 2.434658527374e+00 3.003089189529e+00 2.359786748886e+00 2.536434888840e+00 2.609532594681e+00 2.318574905396e+00 2.070004224777e+00 1.905567049980e+00 2.240304946899e+00 2.512623071671e+00 2.118329763412e+00
5.834098339081e+00 9.680976867676e+00 6.384657382965e+00 5.196170330048e+00 6.196900844574e+00 7.149993419647e+00 6.838123798370e+00 7.259690284729e+00 1.014642143250e+01 1.422261047363e+01 9.613284111023e+00 6.517417907715e+00 8.795554161072e+00 1.071048164368e+01 1.139780998230e+01 1.471392631531e+01 7.878604888916e+00 8.774723052979e+00 6.558067798615e+00 6.827040672302e+00 6.144245147705e+00 5.596034526825e+00 6.884616374969e+00 8.154862403870e+00 5.591930389404e+00 4.813624382019e+00 5.728902816772e+00 5.670327186584e+00 4.766942977905e+00 4.846442699432e+00 5.138387203217e+00 3.025553703308e+00 2.864213228226e+00 2.568147182465e+00 2.058049201965e+00 1.920135140419e+00 3.448273181915e+00 2.718042612076e+00 2.474621057510e+00 2.987541675568e+00 2.974775314331e+00 2.182932853699e+00 1.359300732613e+00
6.338776111603e+00 1.071093654633e+01 6.619801998138e+00 5.754894256592e+00 7.324039936066e+00 6.883944034576e+00 7.139255046844e+00 8.855670928955e+00 1.172409057617e+01 1.435174751282e+01 1.153145408630e+01 1.120081710815e+01 9.885652542114e+00 1.175116062164e+01 1.299162483215e+01 1.878617858887e+01 8.253744125366e+00 8.880217552185e+00 8.821064949036e+00 7.234973430634e+00 5.748133659363e+00 6.886991024017e+00 8.599750518799e+00 6.171821594238e+00 5.391644477844e+00 5.644340991974e+00 5.435750007629e+00 5.887351989746e+00 5.745900630951e+00 5.847536087036e+00 4.413340091705e+00 2.519886016846e+00 3.417001485825e+00 1.949010729790e+00 2.091830253601e+00 2.072468280792e+00 4.756908416748e+00 3.285222053528e+00 3.440505504608e+00 2.769958972931e+00 1.683852314949e+00 9.035629630089e-01 8.778194785118e-01
1.261445999146e+01 8.485947608948e+00 9.319158554077e+00 6.124452114105e+00 8.817106246948e+00 6.834994792938e+00 7.733863830566e+00 1.026844310760e+01 1.238442325592e+01 1.222289752960e+01 1.115050315857e+01 1.097125530243e+01 1.117456817627e+01 9.023354530334e+00 9.024055480957e+00 1.212121772766e+01 7.230052947998e+00 8.799590110779e+00 9.618287086487e+00 8.041240692139e+00 7.182361125946e+00 9.024873733521e+00 6.743778228760e+00 5.920562267303e+00 5.507828235626e+00 5.076634883881e+00 5.317411899567e+00 6.314477443695e+00 6.353896617889e+00 5.775181770325e+00 3.568692684174e+00 2.376240730286e+00 3.633866548538e+00 2.860722303391e+00 3.440819978714e+00 3.652215242386e+00 5.371033668518e+00 3.108798027039e+00 2.470218896866e+00 1.658858418465e+00 1.489801406860e+00 1.206971645355e+00 1.217951536179e+00
2.062264251709e+01 8.980128288269e+00 1.041623020172e+01 7.651177883148e+00 9.822630882263e+00 8.383571624756e+00 8.471868515015e+00 1.182810306549e+01 1.277970981598e+01 1.021076583862e+01 1.323200416565e+01 1.618797874451e+01 9.679483413696e+00 1.131304740906e+01 6.844679355621e+00 8.161682128906e+00 7.498560428619e+00 8.605521202087e+00 8.304261207581e+00 7.566816329956e+00 9.609188079834e+00 7.302526950836e+00 6.292698383331e+00 5.558125019073e+00 5.946188449860e+00 5.859933853149e+00 5.650419235229e+00 7.045922756195e+00 7.087588310242e+00 6.318201065063e+00 4.355382442474e+00 3.981727361679e+00 3.944995403290e+00 3.426394701004e+00 3.317206621170e+00 5.158974647522e+00 4.427855968475e+00 2.053333759308e+00 2.221132040024e+00 2.272856950760e+00 2.109421730042e+00 1.633252263069e+00 1.317505121231e+00
2.283456611633e+01 2.366423988342e+01 1.038162231445e+01 1.000454902649e+01 1.087166309357e+01 1.018531322479e+01 1.427213859558e+01 1.329883193970e+01 1.265854644775e+01 9.547588348389e+00 1.461741638184e+01 1.816854667664e+01 1.089338970184e+01 1.103389358521e+01 8.284758567810e+00 8.411707878113e+00 9.021326065063e+00 8.514740943909e+00 8.272382736206e+00 1.032120609283e+01 8.022224426270e+00 7.230511188507e+00 6.181527614594e+00 4.830611705780e+00 6.162833690643e+00 6.456174850464e+00 6.135192871094e+00 7.613716602325e+00 7.931997776031e+00 6.940659523010e+00 5.173967838287e+00 3.794658184052e+00 3.376138687134e+00 2.869231224060e+00 4.689687728882e+00 5.355487823486e+00 2.386656999588e+00 2.337520837784e+00 2.440318584442e+00 2.476984500885e+00 2.343295574188e+00 1.961201667786e+00 1.364127516747e+00
1.108168315887e+01 3.224332046509e+01 2.341456794739e+01 1.007073020935e+01 1.151469135284e+01 1.273524951935e+01 1.380680751801e+01 1.401690387726e+01 1.128443622589e+01 1.002823066711e+01 1.670064544678e+01 1.790575790405e+01 1.413286113739e+01 9.573426246643e+00 8.651762008667e+00 9.801187515259e+00 1.596602725983e+01 9.975123405457e+00 1.148743152618e+01 8.835285186768e+00 6.704432964325e+00 6.526781558990e+00 5.373425960541e+00 6.845073223114e+00 6.792525291443e+00 7.485583305359e+00 8.155285835266e+00 6.550092220306e+00 7.603440284729e+00 7.598744392395e+00 5.911014556885e+00 3.287546873093e+00 3.213143825531e+00 4.972276210785e+00 5.378842830658e+00 3.141986131668e+00 2.074079513550e+00 2.098053455353e+00 2.092358112335e+00 2.126255512238e+00 2.120196819305e+00 1.965341925621e+00 1.679099082947e+00
2.039359474182e+01 1.560822486877e+01 3.771715927124e+01 1.747224235535e+01 1.170903778076e+01 1.572493839264e+01 1.171967601776e+01 1.314761352539e+01 1.742535591125e+01 1.313866519928e+01 1.814685249329e+01 1.435341835022e+01 1.514268684387e+01 1.273547077179e+01 1.037289714813e+01 9.689962387085e+00 2.317745590210e+01 1.389508533478e+01 1.074020099640e+01 1.355158805847e+01 8.095483779907e+00 6.686825275421e+00 7.132383823395e+00 7.501207351685e+00 7.228971481323e+00 7.313682079315e+00 1.029828071594e+01 6.424310207367e+00 7.938049793243e+00 8.290943145752e+00 6.725957393646e+00 4.337102890015e+00 5.491564273834e+00 5.071948528290e+00 2.898796319962e+00 2.518423318863e+00 2.377737522125e+00 2.225604057312e+00 2.067970514297e+00 1.924417495728e+00 1.830140471458e+00 1.892161846161e+00 1.721364736557e+00
2.773283576965e+01 3.616020202637e+01 2.187387084961e+01 3.717384338379e+01 1.421518898010e+01 1.912559890747e+01 1.624728775024e+01 1.733263015747e+01 2.438672637939e+01 1.960608100891e+01 2.229225921631e+01 1.372345542908e+01 1.383227348328e+01 1.446003341675e+01 1.300727748871e+01 1.021784400940e+01 2.712071990967e+01 1.525514984131e+01 1.597555541992e+01 1.111335659027e+01 6.167050838470e+00 6.659324169159e+00 8.413859367371e+00 7.598547458649e+00 6.945574760437e+00 6.405545234680e+00 1.006487655640e+01 7.082301139832e+00 8.948916435242e+00 8.830846786499e+00 7.004664897919e+00 5.557713985443e+00 4.162126541138e+00 2.299013853073e+00 2.111133337021e+00 2.125436544418e+00 2.155202865601e+00 2.301610469818e+00 2.257785797119e+00 2.139691352844e+00 2.321945190430e+00 2.694313526154e+00 2.809149742126e+00
5.361785888672e+01 3.656296539307e+01 3.870435714722e+01 3.178027534485e+01 2.872297286987e+01 2.160343742371e+01 2.353050231934e+01 2.102177047729e+01 2.089436340332e+01 2.314087104797e+01 2.640113639832e+01 1.594945812225e+01 1.373267078400e+01 1.478871631622e+01 1.624468231201e+01 1.535963439941e+01 2.084122085571e+01 1.525455570221e+01 1.519717788696e+01 1.212335205078e+01 9.967576026917e+00 1.175479698181e+01 1.178519248962e+01 9.749418258667e+00 7.123486042023e+00 6.220611095428e+00 7.918003559113e+00 8.754447937012e+00 9.299803733826e+00 7.773922920227e+00 5.458584785461e+00 3.317405462265e+00 2.901245117188e+00 3.199643373489e+00 3.775549411774e+00 4.131834506989e+00 4.313326835632e+00 4.285361289978e+00 4.061203002930e+00 3.711094379425e+00 3.371175765991e+00 3.278737306595e+00 2.901198387146e+00
