100/SI/f105_max.grd
DSAA
101	101
32.816463539100	34.260883539100
35.556306596100	36.727886596100
2.547965152189e-03	4.729801330566e+02
[rows 76 to 94 of 101, columns 0 to 42 of 101]
2.864251472056e-02 4.141569137573e-02 5.482491850853e-02 6.480810046196e-02 6.954051554203e-02 6.991437822580e-02 6.752058118582e-02 6.376981735229e-02 5.951590836048e-02 6.119185686111e-02 6.933249533176e-02 8.322191983461e-02 9.859791398048e-02 1.084286719561e-01 1.103351116180e-01 1.069860160351e-01 9.730845689774e-02 1.030872762203e-01 1.062382906675e-01 1.124573945999e-01 1.543469130993e-01 1.504551172256e-01 1.018814444542e-01 1.108368858695e-01 1.029984354973e-01 9.391617774963e-02 9.927517175674e-02 1.102779731154e-01 1.220078170300e-01 1.291587650776e-01 1.245382204652e-01 1.174061596394e-01 1.142250001431e-01 1.149996295571e-01 1.268905699253e-01 1.496225446463e-01 2.769377231598e-01 3.395079970360e-01 3.199958205223e-01 2.368439435959e-01 2.377655655146e-01 3.853379487991e-01 6.781821250916e-01
2.895864844322e-02 4.676442220807e-02 6.198944896460e-02 7.141066342592e-02 7.512030005455e-02 7.469727098942e-02 7.173506915569e-02 6.738613545895e-02 6.637316942215e-02 7.384542375803e-02 8.512324839830e-02 1.007542014122e-01 1.152087152004e-01 1.222364306450e-01 1.203093528748e-01 1.115438938141e-01 9.499352425337e-02 9.727683663368e-02 9.782902896404e-02 8.725477755070e-02 8.806427568197e-02 9.183558076620e-02 8.434657007456e-02 9.940048307180e-02 1.053602248430e-01 9.681314229965e-02 1.056294590235e-01 1.273725479841e-01 1.415490210056e-01 1.433615833521e-01 1.338890492916e-01 1.229868084192e-01 1.227088123560e-01 1.177471727133e-01 1.384202986956e-01 1.523346751928e-01 2.480654120445e-01 2.781550586224e-01 3.176279962063e-01 3.629883825779e-01 7.519169449806e-01 9.958118200302e-01 9.549219012260e-01
3.074651956558e-02 4.899403825402e-02 6.374955177307e-02 7.206811010838e-02 7.468690723181e-02 7.341690361500e-02 6.968715041876e-02 7.185961306095e-02 8.111695200205e-02 9.090538322926e-02 1.035311669111e-01 1.168547645211e-01 1.255125254393e-01 1.253449022770e-01 1.164041459560e-01 1.011220812798e-01 8.040059357882e-02 8.402574062347e-02 8.151531219482e-02 7.161673158407e-02 6.726001203060e-02 7.536650449038e-02 8.927274495363e-02 1.190341413021e-01 1.254540234804e-01 1.150215417147e-01 1.413761079311e-01 1.535475403070e-01 1.571975797415e-01 1.538582146168e-01 1.439586281776e-01 1.335354000330e-01 1.272523105145e-01 1.389348953962e-01 1.793898791075e-01 2.361862361431e-01 3.107335269451e-01 3.825077712536e-01 3.461301624775e-01 8.702673316002e-01 1.019200682640e+00 9.640960097313e-01 9.555960297585e-01
2.772059850395e-02 4.377604648471e-02 5.638969689608e-02 6.312741339207e-02 6.480904668570e-02 6.300292909145e-02 6.807079911232e-02 7.756226509809e-02 8.521934598684e-02 9.285468608141e-02 1.008862257004e-01 1.068957075477e-01 1.076902151108e-01 1.014842018485e-01 8.970814943314e-02 7.511076331139e-02 6.901953369379e-02 6.649199873209e-02 6.207542121410e-02 6.109965965152e-02 6.202695891261e-02 6.888299435377e-02 1.070621907711e-01 1.457828134298e-01 1.578720510006e-01 1.651176959276e-01 1.737037599087e-01 1.752219200134e-01 1.651769876480e-01 1.553797721863e-01 1.470643728971e-01 1.396507769823e-01 1.650962680578e-01 1.775176227093e-01 2.265667319298e-01 2.611554861069e-01 2.546062469482e-01 4.123978018761e-01 5.101838111877e-01 8.063524961472e-01 8.998580574989e-01 8.700202107430e-01 8.881067633629e-01
2.254128456116e-02 3.602705150843e-02 4.383185878396e-02 4.877889528871e-02 5.005290359259e-02 5.469894036651e-02 6.286145001650e-02 6.794209778309e-02 7.036840915680e-02 7.256977260113e-02 7.511465996504e-02 7.667107880116e-02 7.529211789370e-02 6.977252662182e-02 7.081244140863e-02 7.239129394293e-02 7.151788473129e-02 6.774955242872e-02 6.191074848175e-02 5.996155738831e-02 5.798239260912e-02 7.034582644701e-02 1.204444840550e-01 1.658126711845e-01 1.883183270693e-01 1.985359787941e-01 2.005123943090e-01 2.092161774635e-01 2.038298249245e-01 1.762021332979e-01 1.525050103664e-01 1.474998593330e-01 1.797846108675e-01 1.872867643833e-01 1.900899261236e-01 2.193076014519e-01 2.911300361156e-01 3.965112268925e-01 5.256215333939e-01 5.598465204239e-01 8.748129010201e-01 1.094994425774e+00 8.654549717903e-01
3.075587190688e-02 4.481741413474e-02 5.500451847911e-02 6.048814207315e-02 6.295748800039e-02 6.407734006643e-02 6.446032971144e-02 6.405791640282e-02 6.284984201193e-02 6.116421520710e-02 6.113643199205e-02 6.640949845314e-02 7.098053395748e-02 7.491522282362e-02 7.765506953001e-02 7.827652990818e-02 7.598266750574e-02 7.055298238993e-02 6.737362593412e-02 6.565333157778e-02 6.379766762257e-02 7.831261307001e-02 1.239369362593e-01 1.709486544132e-01 4.261985421181e-01 1.247337341309e+00 1.324991106987e+00 5.997467637062e-01 3.509628474712e-01 2.777863740921e-01 1.987232714891e-01 1.553442329168e-01 1.812503337860e-01 2.383613288403e-01 1.875118315220e-01 2.372267246246e-01 2.634194493294e-01 4.083100259304e-01 7.134329080582e-01 7.334225773811e-01 8.127497434616e-01 1.103569269180e+00 1.538693189621e+00
4.330793768167e-02 6.268478184938e-02 7.623693346977e-02 8.272467553616e-02 8.450590074062e-02 8.401245623827e-02 8.232658356428e-02 7.976237684488e-02 7.649403810501e-02 7.279405742884e-02 8.347880840302e-02 9.587713330984e-02 1.066243797541e-01 1.139729097486e-01 1.164463609457e-01 1.133445203304e-01 1.046977192163e-01 9.115534275770e-02 8.863145858049e-02 8.404427021742e-02 7.832139730453e-02 9.332647919655e-02 1.237332373857e-01 2.814230024815e-01 1.173106074333e+00 3.347548484802e+00 3.652548789978e+00 1.930852532387e+00 8.036650419235e-01 3.954358696938e-01 2.569001019001e-01 2.034251540899e-01 1.746387928724e-01 2.531799972057e-01 2.639183104038e-01 2.744100987911e-01 2.469175755978e-01 3.870400190353e-01 8.372634053230e-01 1.260380268097e+00 8.391250967979e-01 8.570051193237e-01 1.929008841515e+00
5.418124794960e-02 7.733379304409e-02 9.247372299433e-02 9.828790277243e-02 9.797843545675e-02 9.473096579313e-02 9.011331945658e-02 8.761037141085e-02 9.947342425585e-02 1.213453784585e-01 1.439014822245e-01 1.651879996061e-01 1.832956969738e-01 1.975702494383e-01 2.074239999056e-01 2.110149711370e-01 2.056682109833e-01 1.883260458708e-01 1.559280157089e-01 1.204792410135e-01 1.107840240002e-01 1.156810894608e-01 2.484591454268e-01 4.473280310631e-01 1.382126092911e+00 1.096569919586e+01 2.143483734131e+01 4.748820304871e+00 2.136651039124e+00 7.395850419998e-01 3.124987185001e-01 2.507386207581e-01 2.272828221321e-01 3.153451383114e-01 3.792739808559e-01 3.712349832058e-01 3.087753653526e-01 4.738465845585e-01 7.036514878273e-01 1.536577701569e+00 1.551214337349e+00 8.349818587303e-01 1.976100564003e+00
5.742086097598e-02 8.029380440712e-02 9.378545731306e-02 9.695992618799e-02 9.361937642097e-02 9.691990166903e-02 1.072221621871e-01 1.140326932073e-01 1.329812854528e-01 1.637327969074e-01 1.958056688309e-01 2.262512594461e-01 2.529778182507e-01 2.768210172653e-01 2.996823489666e-01 3.213640749454e-01 3.361217081547e-01 3.312501907349e-01 2.888302803040e-01 2.091995477676e-01 1.610336154699e-01 2.313394993544e-01 4.079366028309e-01 5.791395306587e-01 2.594283103943e+00 6.165107727051e+00 8.582309722900e+00 2.608478784561e+00 1.130372166634e+00 6.162976622581e-01 4.880650937557e-01 5.760331153870e-01 7.398717999458e-01 6.837953925133e-01 4.762611985207e-01 4.826292395592e-01 4.132113754749e-01 4.832658171654e-01 5.222842097282e-01 1.004806995392e+00 1.337021350861e+00 9.386156797409e-01 3.306130886078e+00
7.745663076639e-02 1.227580681443e-01 1.549616307020e-01 1.734604835510e-01 1.839651465416e-01 1.882869005203e-01 1.868502944708e-01 1.804074943066e-01 1.702602356672e-01 1.699554026127e-01 2.052754014730e-01 2.409145832062e-01 2.748149037361e-01 3.073491752148e-01 3.419351875782e-01 3.826311230659e-01 4.226731061935e-01 4.391581118107e-01 3.991297185421e-01 4.888430833817e-01 3.583096563816e-01 3.890953958035e-01 5.119495987892e-01 7.111616134644e-01 1.315771698952e+00 4.651839137077e-01 3.769103884697e-01 3.764001727104e-01 5.311501026154e-01 4.434434473515e-01 5.247259736061e-01 3.927941560745e+00 2.678656816483e+00 1.803862571716e+00 1.079749226570e+00 1.587300062180e+00 1.456898093224e+00 6.852906346321e-01 5.593112111092e-01 6.178804039955e-01 9.204825758934e-01 2.516243457794e+00 3.815765142441e+00
1.419904083014e-01 2.208394408226e-01 2.708188891411e-01 2.914242446423e-01 2.952147424221e-01 2.884477972984e-01 2.743001282215e-01 2.555290460587e-01 2.386976480484e-01 2.494253069162e-01 2.578172385693e-01 2.620332241058e-01 2.655464112759e-01 3.018977344036e-01 3.360827565193e-01 3.743630051613e-01 4.128393828869e-01 6.112407445908e-01 7.901907563210e-01 7.971797585487e-01 8.164891600609e-01 8.143991827965e-01 6.054024100304e-01 7.170068025589e-01 3.482087850571e-01 2.645119428635e-01 2.464577406645e-01 2.141415476799e-01 2.398122847080e-01 3.350777029991e-01 8.410344123840e-01 4.677772521973e+00 3.441344738007e+00 1.958405852318e+00 1.743227481842e+00 3.679758310318e+00 3.509247064590e+00 1.594469785690e+00 1.209821343422e+00 1.087761521339e+00 1.405217528343e+00 2.374687671661e+00 4.316488742828e+00
1.986381709576e-01 3.021708726883e-01 3.555839061737e-01 3.702343404293e-01 4.556699991226e-01 4.929365217686e-01 4.880426526070e-01 4.579219818115e-01 4.152929186821e-01 3.765309453011e-01 3.831278979778e-01 3.774557709694e-01 3.803418576717e-01 4.393298625946e-01 6.462317705154e-01 7.667288184166e-01 8.564926981926e-01 8.302478194237e-01 6.196056604385e-01 6.929264664650e-01 7.296057939529e-01 6.109449267387e-01 4.872573614120e-01 2.748523056507e-01 2.415470480919e-01 1.902145296335e-01 1.579995155334e-01 1.272243112326e-01 1.179516538978e-01 2.059382349253e-01 3.281820416451e-01 1.879419684410e+00 2.282359361649e+00 3.416001319885e+00 3.645386695862e+00 5.015573024750e+00 3.379837512970e+00 1.558757543564e+00 3.384467601776e+00 2.791633129120e+00 1.897228002548e+00 2.313060760498e+00 7.382155895233e+00
2.322240173817e-01 3.498069345951e-01 4.045361280441e-01 4.588174819946e-01 5.593910217285e-01 6.009170413017e-01 5.914036035538e-01 5.511598587036e-01 4.948090612888e-01 4.334167242050e-01 3.731913566589e-01 4.087096452713e-01 4.736063778400e-01 5.448383092880e-01 5.932680964470e-01 6.107212901115e-01 5.756937265396e-01 4.764288961887e-01 3.793644011021e-01 3.307611048222e-01 2.848676145077e-01 2.024074345827e-01 1.733037978411e-01 1.659616082907e-01 1.478982269764e-01 1.207577809691e-01 9.331662207842e-02 8.983867615461e-02 1.145385652781e-01 1.714107543230e-01 2.442038655281e-01 1.016612529755e+00 1.050907492638e+00 2.015305280685e+00 2.352607011795e+00 5.628654956818e+00 4.860410690308e+00 2.691233873367e+00 2.466861486435e+00 9.855523109436e+00 2.322857475281e+01 5.985322475433e+00 3.669284105301e+00
1.729074567556e-01 2.579820156097e-01 2.947225570679e-01 3.037914931774e-01 3.646512329578e-01 3.877329826355e-01 3.792312443256e-01 3.519638776779e-01 3.147493600845e-01 2.748262882233e-01 2.484864145517e-01 2.694289088249e-01 2.816373705864e-01 2.848949134350e-01 2.795228064060e-01 2.784935235977e-01 2.509369254112e-01 1.983245462179e-01 2.309044450521e-01 2.176402956247e-01 1.733942776918e-01 1.290934234858e-01 1.210765987635e-01 1.080960333347e-01 9.047939628363e-02 7.124169915915e-02 8.350045233965e-02 1.158100366592e-01 1.448720991611e-01 2.883789241314e-01 3.664437830448e-01 5.561411380768e-01 9.678016901016e-01 7.202503681183e-01 6.229854226112e-01 7.470128536224e-01 4.649283409119e+00 2.829478740692e+00 2.058262825012e+00 1.322226047516e+01 2.915502929688e+01 3.174170017242e+00 1.142617821693e+00
8.169639110565e-02 1.206438615918e-01 1.459493637085e-01 1.656468808651e-01 1.731806397438e-01 1.765232086182e-01 1.784746795893e-01 1.694767773151e-01 1.615309119225e-01 1.595561653376e-01 1.569242626429e-01 1.446863859892e-01 1.517055779696e-01 1.566563397646e-01 1.559079885483e-01 1.478648483753e-01 1.909745931625e-01 2.441627532244e-01 2.303741872311e-01 1.725842654705e-01 1.102035194635e-01 8.157175779343e-02 7.409967482090e-02 6.429231911898e-02 5.452015995979e-02 8.495844155550e-02 1.304763406515e-01 1.738809794188e-01 2.331520467997e-01 3.769254982471e-01 5.280408859253e-01 7.113194465637e-01 8.163019418716e-01 9.556636214256e-01 4.686071872711e-01 4.976198971272e-01 9.485810995102e-01 2.352106332779e+00 3.904665470123e+00 4.198727130890e+00 2.168480634689e+00 8.171959519386e-01 7.624949812889e-01
5.582106485963e-02 8.143836259842e-02 1.028648540378e-01 1.161232516170e-01 1.214887872338e-01 1.212009340525e-01 1.178053170443e-01 1.121949180961e-01 1.056423187256e-01 9.871982783079e-02 9.160728752613e-02 8.447386324406e-02 7.758760452271e-02 7.877814024687e-02 7.767998427153e-02 1.039450168610e-01 1.773567199707e-01 2.102394253016e-01 1.803474277258e-01 1.245992332697e-01 7.601913064718e-02 4.927176237106e-02 5.068817734718e-02 5.559624731541e-02 7.592850178480e-02 1.287107616663e-01 1.936221420765e-01 2.667534947395e-01 3.756146728992e-01 5.201004147530e-01 7.770069837570e-01 8.013867735863e-01 7.229267358780e-01 3.960556089878e-01 3.028920292854e-01 4.127519726753e-01 5.010596513748e-01 1.754371047020e+00 4.625885963440e+00 2.712290048599e+00 1.598086595535e+00 6.970804333687e-01 6.620424985886e-01
4.009191691875e-02 5.790116265416e-02 7.228983938694e-02 8.118626475334e-02 8.511928468943e-02 8.555116504431e-02 8.365446329117e-02 8.020345121622e-02 7.569248229265e-02 7.038339227438e-02 6.451445072889e-02 5.829598009586e-02 6.253407150507e-02 6.279885768890e-02 5.794235318899e-02 6.159883365035e-02 1.105021685362e-01 1.378564089537e-01 1.291927248240e-01 1.013846695423e-01 7.180857658386e-02 4.837497323751e-02 5.429924279451e-02 6.250925362110e-02 1.071333289146e-01 2.339593172073e-01 4.933869540691e-01 4.541659653187e-01 3.776031136513e-01 6.993567347527e-01 9.504504799843e-01 8.147710561752e-01 5.797715187073e-01 2.689566612244e-01 2.975513637066e-01 4.080467224121e-01 5.284175276756e-01 2.154505729675e+00 3.716939687729e+00 1.595431685448e+00 9.202859401703e-01 5.563199520111e-01 5.002959966660e-01
2.740653604269e-02 3.919332101941e-02 4.852917045355e-02 5.420234426856e-02 5.666412785649e-02 5.687005445361e-02 5.550216883421e-02 5.299394950271e-02 4.960540682077e-02 4.553689435124e-02 4.483565315604e-02 5.023438110948e-02 5.231579765677e-02 4.998957365751e-02 4.627301543951e-02 5.294074490666e-02 5.881312489510e-02 7.043462246656e-02 8.080188930035e-02 7.823792099953e-02 6.678504496813e-02 5.289157480001e-02 5.800001695752e-02 8.017867058516e-02 1.393775343895e-01 4.040081799030e-01 5.737231969833e-01 3.489251136780e-01 3.839524686337e-01 7.384071946144e-01 9.980034232140e-01 7.907838225365e-01 5.385152101517e-01 3.702068626881e-01 4.208007454872e-01 4.077520072460e-01 9.125284552574e-01 3.742751836777e+00 2.861974000931e+00 6.559151411057e-01 1.317752361298e+00 5.685814619064e-01 3.871600031853e-01
1.675650663674e-02 2.371946163476e-02 2.914628200233e-02 3.234575316310e-02 3.360839560628e-02 3.350573405623e-02 3.243685141206e-02 3.065774962306e-02 2.838960848749e-02 3.447834402323e-02 4.019415006042e-02 4.391214996576e-02 4.417264461517e-02 4.715193435550e-02 5.455572158098e-02 6.205947324634e-02 6.862580776215e-02 7.292684167624e-02 7.367053627968e-02 7.036826759577e-02 6.428849697113e-02 5.973834544420e-02 6.647561490536e-02 9.990032017231e-02 1.681112498045e-01 4.513867199421e-01 4.737340509892e-01 3.839422762394e-01 3.488105237484e-01 6.600158214569e-01 9.239376783371e-01 7.210965156555e-01 6.879110932350e-01 4.648882150650e-01 5.066013336182e-01 3.777448534966e-01 8.974273204803e-01 2.185222387314e+00 1.219736695290e+00 7.738880515099e-01 1.749550223351e+00 5.606603026390e-01 2.963227927685e-01
