100/SI/f105_max.grd
DSAA
101	101
32.816463539100	34.260883539100
35.556306596100	36.727886596100
2.547965152189e-03	4.729801330566e+02
[rows 38 to 56 of 101, columns 43 to 85 of 101]
2.744635963440e+01 4.217325973511e+01 4.642041778564e+01 2.586894416809e+01 4.560811233521e+01 2.256167411804e+01 2.239385795593e+01 3.143100547791e+01 2.613145065308e+01 2.111015892029e+01 3.058877944946e+01 1.603966331482e+01 1.799978637695e+01 1.541400241852e+01 2.342471122742e+01 1.732725715637e+01 1.807098197937e+01 1.080265140533e+01 1.432038497925e+01 2.153888702393e+01 2.178714752197e+01 1.661197853088e+01 1.143327617645e+01 9.062082290649e+00 7.830269336700e+00 6.883468151093e+00 6.735050201416e+00 6.899238586426e+00 6.146042823792e+00 4.619742870331e+00 4.540672302246e+00 5.368071556091e+00 6.128391265869e+00 6.297138690948e+00 6.378023147583e+00 6.383739471436e+00 6.278154373169e+00 5.793074607849e+00 5.137031078339e+00 4.569956302643e+00 4.109946250916e+00 3.979741573334e+00 3.476330518723e+00
2.709297180176e+01 5.636547470093e+01 3.753160476685e+01 5.232880020142e+01 3.728265762329e+01 5.086375427246e+01 4.476550674438e+01 2.754962730408e+01 2.740472793579e+01 2.105617523193e+01 3.500776290894e+01 2.331862640381e+01 1.420144462585e+01 1.728236007690e+01 3.129520034790e+01 1.826721382141e+01 2.133565902710e+01 3.313829421997e+01 2.952652359009e+01 1.987583351135e+01 1.332569503784e+01 9.158413887024e+00 8.558047294617e+00 7.568293094635e+00 7.465610027313e+00 7.159595012665e+00 6.283984184265e+00 5.485654354095e+00 4.935865402222e+00 4.867346763611e+00 5.334697723389e+00 5.004844665527e+00 4.102646827698e+00 3.621076107025e+00 3.502494096756e+00 3.037429094315e+00 3.087507724762e+00 3.396107912064e+00 3.734280824661e+00 4.127279758453e+00 4.466090202332e+00 5.757055282593e+00 5.961126327515e+00
3.907391738892e+01 2.818155479431e+01 4.969861984253e+01 3.822236251831e+01 4.196463012695e+01 5.416153717041e+01 3.354236984253e+01 3.055005264282e+01 2.210535430908e+01 2.276080131531e+01 3.779225158691e+01 2.118412590027e+01 2.142482948303e+01 2.093410873413e+01 2.555290794373e+01 4.115377807617e+01 2.798287010193e+01 1.426910018921e+01 1.326642990112e+01 8.850612640381e+00 6.843813896179e+00 9.543204307556e+00 1.252225780487e+01 1.122331428528e+01 8.157762527466e+00 7.013941287994e+00 6.870043277740e+00 6.339314460754e+00 5.474186420441e+00 5.082866191864e+00 4.776295185089e+00 4.976387500763e+00 4.760824203491e+00 4.423916339874e+00 4.362503528595e+00 4.580560207367e+00 4.517525196075e+00 4.100265026093e+00 5.087187767029e+00 6.957750320435e+00 5.753176212311e+00 4.174983501434e+00 3.613860130310e+00
4.445384597778e+01 4.010483551025e+01 6.527682495117e+01 5.516007232666e+01 5.348092269897e+01 5.813910675049e+01 5.358857345581e+01 2.924013137817e+01 3.274739837646e+01 3.197142219543e+01 3.613623046875e+01 3.027439308167e+01 2.764870452881e+01 4.714331817627e+01 3.035247421265e+01 2.186028480530e+01 1.897033309937e+01 1.528573131561e+01 1.120640945435e+01 1.707568550110e+01 1.842845535278e+01 1.006620883942e+01 1.569418239594e+01 1.223804664612e+01 1.099034023285e+01 9.670445442200e+00 8.524411201477e+00 7.608179569244e+00 6.840014457703e+00 6.374706268311e+00 1.179796600342e+01 4.993433475494e+00 4.788190841675e+00 4.516099929810e+00 6.015165328979e+00 7.426302909851e+00 6.466378211975e+00 7.428045749664e+00 6.189689159393e+00 6.774056911469e+00 6.823912143707e+00 6.664747714996e+00 6.114206790924e+00
4.287363815308e+01 5.794021987915e+01 5.124086380005e+01 5.118511199951e+01 4.705960083008e+01 6.273841094971e+01 9.216201782227e+01 4.221630096436e+01 4.676456451416e+01 4.817739868164e+01 4.192597198486e+01 4.084689331055e+01 5.074771118164e+01 2.838556289673e+01 3.036466026306e+01 1.716778755188e+01 2.224789237976e+01 2.973550605774e+01 2.347489738464e+01 2.343316841125e+01 2.420947837830e+01 1.611734771729e+01 9.823798179626e+00 9.523860931396e+00 8.863437652588e+00 8.762848854065e+00 1.005627059937e+01 1.727629852295e+01 2.061120033264e+01 1.816852188110e+01 8.924434661865e+00 6.464365959167e+00 6.117568492889e+00 7.179553508759e+00 8.603308677673e+00 8.605599403381e+00 7.858023166656e+00 7.041049957275e+00 5.087565422058e+00 6.312528133392e+00 7.525775432587e+00 7.505788803101e+00 7.214621067047e+00
5.052449417114e+01 7.378118133545e+01 1.190756225586e+02 7.544602203369e+01 1.166911392212e+02 6.454250335693e+01 1.463853149414e+02 4.168988037109e+01 7.642374420166e+01 6.073724746704e+01 5.064419555664e+01 5.250457382202e+01 2.835277175903e+01 3.505750656128e+01 3.819136428833e+01 3.743450927734e+01 2.340518188477e+01 1.404527664185e+01 3.023194313049e+01 2.612770843506e+01 1.441499710083e+01 1.310766887665e+01 1.212504100800e+01 2.194135665894e+01 2.685196495056e+01 2.362654113770e+01 1.574905204773e+01 1.168608188629e+01 1.265838623047e+01 8.084641456604e+00 6.100699424744e+00 9.141736030579e+00 1.137477874756e+01 1.024363708496e+01 9.104279518127e+00 1.204871368408e+01 1.429292201996e+01 1.278700733185e+01 9.177373886108e+00 6.585499763489e+00 8.216053962708e+00 9.017968177795e+00 9.504690170288e+00
6.298329544067e+01 7.887121582031e+01 9.355342102051e+01 1.219591903687e+02 1.020909652710e+02 1.062004470825e+02 1.746297454834e+02 6.957653808594e+01 8.223206329346e+01 6.526942443848e+01 6.280214691162e+01 3.769654846191e+01 3.876074981689e+01 4.829309082031e+01 3.802846527100e+01 2.778757667542e+01 3.968127059937e+01 3.698609161377e+01 2.869622612000e+01 3.627981185913e+01 3.663916397095e+01 3.166162872314e+01 2.256155395508e+01 1.261018276215e+01 1.378692436218e+01 1.239320945740e+01 1.004805660248e+01 1.031346225739e+01 1.074280929565e+01 1.146806716919e+01 1.117449951172e+01 9.561658859253e+00 9.188478469849e+00 7.738168239594e+00 1.386917209625e+01 1.695795822144e+01 1.590780162811e+01 1.172925472260e+01 7.123344421387e+00 4.594269275665e+00 6.274795055389e+00 7.209247112274e+00 6.652320861816e+00
5.860302352905e+01 8.520891571045e+01 1.027930526733e+02 9.973764801025e+01 1.474806213379e+02 1.133385696411e+02 1.807007293701e+02 9.773731994629e+01 8.463334655762e+01 9.314672851562e+01 7.245285034180e+01 4.579970932007e+01 4.677626800537e+01 4.917930221558e+01 2.937513542175e+01 4.191356277466e+01 5.377461624146e+01 3.747923660278e+01 2.155576133728e+01 2.121347045898e+01 1.866929435730e+01 1.501976490021e+01 1.442992305756e+01 1.558939743042e+01 1.559858989716e+01 1.379695224762e+01 1.212508487701e+01 1.185966873169e+01 9.815116882324e+00 1.103914356232e+01 1.021217346191e+01 9.332673072815e+00 6.519748687744e+00 1.167093181610e+01 1.394637775421e+01 1.323358726501e+01 9.263003349304e+00 5.126729488373e+00 7.062536716461e+00 6.671077251434e+00 5.022691726685e+00 4.427432060242e+00 4.785947322845e+00
8.845407104492e+01 1.209970321655e+02 1.245616531372e+02 1.397619628906e+02 1.535938415527e+02 1.930706329346e+02 1.835482482910e+02 3.391430969238e+02 1.267087631226e+02 8.081290435791e+01 7.316273498535e+01 6.785026550293e+01 5.690782165527e+01 8.615169525146e+01 7.518412780762e+01 4.406266021729e+01 3.961802291870e+01 4.083222198486e+01 2.974440383911e+01 2.724324989319e+01 2.693296051025e+01 2.556455612183e+01 2.650103569031e+01 1.967779159546e+01 2.603911972046e+01 2.305584716797e+01 1.447613334656e+01 1.317371082306e+01 1.328273391724e+01 1.234296417236e+01 1.055278301239e+01 1.016991806030e+01 1.045474529266e+01 1.205937194824e+01 1.121879577637e+01 8.627742767334e+00 6.774404525757e+00 6.085600852966e+00 5.925887584686e+00 5.855590343475e+00 5.717090129852e+00 5.500397205353e+00 5.270577907562e+00
5.847703552246e+01 1.592038879395e+02 1.139247512817e+02 1.407656097412e+02 2.246892700195e+02 1.917271575928e+02 2.253488159180e+02 2.554626007080e+02 1.269394683838e+02 1.197978210449e+02 1.545921173096e+02 9.681596374512e+01 1.195941696167e+02 9.359562683105e+01 7.772432708740e+01 6.729386901855e+01 5.686657714844e+01 4.895806121826e+01 4.300577163696e+01 6.034363937378e+01 6.993190002441e+01 2.900583267212e+01 1.861434936523e+01 1.834171867371e+01 2.569738197327e+01 1.670007324219e+01 1.454227924347e+01 1.419558620453e+01 1.277011585236e+01 1.212602043152e+01 1.162361812592e+01 1.199178791046e+01 1.268572330475e+01 1.084977436066e+01 8.311902046204e+00 7.978247642517e+00 7.534451484680e+00 5.959432601929e+00 5.883178710938e+00 5.698373794556e+00 5.262027263641e+00 5.391310214996e+00 5.656521797180e+00
1.476110839844e+02 1.776884765625e+02 2.003647613525e+02 2.137246551514e+02 2.564222717285e+02 3.554632873535e+02 4.729801330566e+02 2.046454315186e+02 1.670530242920e+02 1.228381805420e+02 1.745565795898e+02 1.750029754639e+02 6.417308044434e+01 1.009875335693e+02 1.112362136841e+02 5.602080154419e+01 5.023551177979e+01 5.260639190674e+01 5.727325439453e+01 6.643409729004e+01 5.056287002563e+01 2.343391418457e+01 2.416518211365e+01 2.082652473450e+01 1.896265220642e+01 1.626075553894e+01 1.577721500397e+01 1.564474678040e+01 1.300745582581e+01 9.035816192627e+00 8.347199440002e+00 9.101706504822e+00 9.837394714355e+00 1.008950328827e+01 9.652294158936e+00 9.215492248535e+00 8.194888114929e+00 8.465138435364e+00 9.401492118835e+00 9.593166351318e+00 8.560044288635e+00 7.406914710999e+00 6.449766635895e+00
1.018129348755e+02 1.812357482910e+02 1.907912597656e+02 2.446536102295e+02 2.458239135742e+02 2.417958221436e+02 2.399165039062e+02 1.866257629395e+02 1.331313476562e+02 1.504374084473e+02 1.435005950928e+02 1.479781341553e+02 1.804759979248e+02 7.654347229004e+01 6.825849914551e+01 4.238606643677e+01 3.791691589355e+01 2.646522712708e+01 2.487289047241e+01 2.095222282410e+01 1.818991279602e+01 2.053172111511e+01 2.521226501465e+01 2.889044570923e+01 2.941620635986e+01 2.558403587341e+01 1.980183219910e+01 1.368783473969e+01 9.493987083435e+00 7.825056076050e+00 6.940892696381e+00 7.578009128571e+00 9.756059646606e+00 6.435770511627e+00 7.379730701447e+00 8.031235694885e+00 6.398581504822e+00 7.911622047424e+00 9.321760177612e+00 9.851268768311e+00 1.113706302643e+01 1.393506336212e+01 1.577733898163e+01
3.952728271484e+01 5.527570343018e+01 8.732644653320e+01 4.091226501465e+02 2.198558807373e+02 2.109822998047e+02 1.202492370605e+02 1.223151321411e+02 1.132459030151e+02 1.771613769531e+02 1.696294860840e+02 2.437176666260e+02 3.451282043457e+02 2.485246734619e+02 1.591658020020e+02 7.253234863281e+01 3.385851669312e+01 2.388136100769e+01 2.283451843262e+01 3.016181755066e+01 3.933485412598e+01 3.631321334839e+01 2.669068336487e+01 1.708454322815e+01 1.893753433228e+01 1.774104118347e+01 2.465848731995e+01 3.638705444336e+01 1.681955146790e+01 9.336226463318e+00 8.747640609741e+00 1.431413364410e+01 9.156767845154e+00 5.640402793884e+00 5.201214790344e+00 5.331023216248e+00 5.420327663422e+00 5.566366672516e+00 5.653527259827e+00 5.637172698975e+00 5.634616851807e+00 6.212989330292e+00 5.429590702057e+00
7.276587963104e+00 1.739708518982e+01 4.264682769775e+01 5.567343902588e+01 5.797206115723e+01 5.667184066772e+01 4.372069549561e+01 6.245679473877e+01 5.974145889282e+01 9.865255737305e+01 2.002312927246e+02 2.263878021240e+02 3.103950500488e+02 1.675413208008e+02 1.206920089722e+02 6.740165710449e+01 3.059467315674e+01 1.599890899658e+01 1.821188545227e+01 3.745288467407e+01 1.186801452637e+02 4.987804412842e+01 4.255154037476e+01 3.300576400757e+01 3.347802734375e+01 2.863262939453e+01 2.973460388184e+01 2.074996757507e+01 1.091018867493e+01 1.446929836273e+01 1.223297786713e+01 1.182181930542e+01 7.449229240417e+00 6.786320209503e+00 4.750990867615e+00 4.173745632172e+00 4.375688552856e+00 4.243734359741e+00 4.578505516052e+00 4.385262012482e+00 5.697169780731e+00 6.678302288055e+00 6.451490879059e+00
4.662998676300e+00 8.872025489807e+00 2.759775543213e+01 1.655822372437e+01 1.362312602997e+01 1.137078380585e+01 1.763590812683e+01 2.840184020996e+01 2.964041328430e+01 3.153901672363e+01 9.054345703125e+01 4.200716247559e+02 3.509625854492e+02 1.575897064209e+02 7.422613525391e+01 2.211601257324e+01 1.239570999146e+01 8.117225646973e+00 1.002907276154e+01 2.614164924622e+01 5.972558593750e+01 1.032325592041e+02 5.128371810913e+01 3.887872314453e+01 3.060436439514e+01 2.289662170410e+01 2.407931327820e+01 2.249578475952e+01 1.968247985840e+01 1.786681938171e+01 2.159798622131e+01 9.493727684021e+00 8.628905296326e+00 7.019256591797e+00 7.217146873474e+00 6.746079921722e+00 5.683628559113e+00 4.675775051117e+00 5.478014469147e+00 6.315220355988e+00 7.386897563934e+00 7.262537956238e+00 6.188411235809e+00
3.181329727173e+00 1.330189132690e+01 3.054091835022e+01 3.111348724365e+01 5.802659511566e+00 6.877511978149e+00 6.669228553772e+00 1.321107959747e+01 2.362342643738e+01 4.569968032837e+01 6.144369888306e+01 1.203379364014e+02 2.485689239502e+02 1.730992431641e+02 2.315840148926e+02 5.589587402344e+01 7.085785865784e+00 4.418662071228e+00 6.925619602203e+00 2.502640533447e+01 6.723573303223e+01 1.084482269287e+02 8.196758270264e+01 5.550873947144e+01 3.852714920044e+01 2.429458808899e+01 2.773294067383e+01 2.035735893250e+01 1.991671371460e+01 1.978234863281e+01 1.627402305603e+01 1.296549510956e+01 9.174769401550e+00 9.851701736450e+00 9.062056541443e+00 6.892989635468e+00 6.466750144958e+00 5.905152320862e+00 5.474566459656e+00 6.380267620087e+00 6.982267856598e+00 6.777249336243e+00 5.995201110840e+00
2.850783109665e+00 6.852193355560e+00 4.517125320435e+01 5.667645263672e+01 3.119819259644e+01 4.560293674469e+00 3.563547372818e+00 6.486283302307e+00 6.444008827209e+00 5.583316326141e+00 4.610229969025e+00 1.926761627197e+01 8.321436309814e+01 5.292620468140e+01 2.757750244141e+02 3.596804046631e+01 2.018897247314e+01 7.977675437927e+00 6.194846630096e+00 2.000228691101e+01 3.823682403564e+01 3.463590087891e+02 1.120049743652e+02 4.702960968018e+01 4.703204727173e+01 2.507808876038e+01 2.680329322815e+01 2.282606506348e+01 3.159090995789e+01 2.419137191772e+01 1.384248161316e+01 1.398631572723e+01 1.286741447449e+01 1.223008155823e+01 1.199104881287e+01 9.556927680969e+00 9.811512947083e+00 1.081180286407e+01 6.976899147034e+00 5.379566192627e+00 5.335480213165e+00 5.252189636230e+00 5.715623855591e+00
1.835717439651e+00 3.074490785599e+00 3.879698753357e+00 2.258641242981e+01 1.439018249512e+01 3.221364259720e+00 2.734265089035e+00 3.185171127319e+00 3.052193403244e+00 2.856301546097e+00 2.068078517914e+00 2.305213928223e+00 6.933960914612e+00 4.952192306519e+01 1.343841552734e+02 3.528696441650e+01 2.677423095703e+01 1.200267696381e+01 7.144743919373e+00 1.404435920715e+01 1.746332740784e+01 2.293399238586e+01 2.182223892212e+01 1.660334587097e+01 2.288389587402e+01 3.823394393921e+01 3.291995239258e+01 3.276825714111e+01 2.161620140076e+01 2.720306968689e+01 2.831986618042e+01 2.459562301636e+01 1.824893379211e+01 1.273709392548e+01 1.205768013000e+01 1.051994037628e+01 8.988509178162e+00 9.451121330261e+00 9.179420471191e+00 6.086297035217e+00 5.036373138428e+00 5.165931224823e+00 5.271346092224e+00
1.991385817528e+00 3.085245609283e+00 2.037207126617e+00 2.394701957703e+00 2.454825878143e+00 2.813790321350e+00 2.504034757614e+00 2.338630676270e+00 2.246899843216e+00 1.727978229523e+00 1.218562245369e+00 9.817798137665e-01 1.637508749962e+00 4.858015823364e+01 7.224460601807e+01 9.217218780518e+01 2.235297012329e+01 2.699556350708e+01 2.476597213745e+01 8.007090568542e+00 8.861122131348e+00 1.666025543213e+01 4.559367370605e+01 4.515332412720e+01 5.858535385132e+01 5.858508300781e+01 5.457886505127e+01 5.118299865723e+01 4.798047637939e+01 4.532477188110e+01 4.790003967285e+01 5.843237686157e+01 4.989701080322e+01 2.025582885742e+01 8.139367103577e+00 9.785693168640e+00 1.070463275909e+01 7.408388614655e+00 7.526815891266e+00 5.310611248016e+00 5.414141654968e+00 3.863568067551e+00 4.378397464752e+00
