100/SI/f105_max.grd
DSAA
101	101
32.816463539100	34.260883539100
35.556306596100	36.727886596100
2.547965152189e-03	4.729801330566e+02
[rows 0 to 18 of 101, columns 0 to 42 of 101]
3.956013023853e-01 7.063401341438e-01 6.253766417503e-01 3.744443058968e-01 3.275918364525e-01 4.294523000717e-01 8.511312603951e-01 1.180803656578e+00 1.051245808601e+00 6.242578625679e-01 3.862330317497e-01 4.437286853790e-01 4.709634184837e-01 4.546214640141e-01 3.898152709007e-01 5.899392962456e-01 8.857306241989e-01 1.027305364609e+00 7.361581921577e-01 4.717460274696e-01 5.479943752289e-01 5.940795540810e-01 4.226241111755e-01 3.785878717899e-01 4.103292226791e-01 5.604690313339e-01 8.396561145782e-01 9.599303603172e-01 1.277971386909e+00 1.021084427834e+00 7.442041635513e-01 6.996679306030e-01 6.076838374138e-01 4.825675487518e-01 3.902579247952e-01 3.789207339287e-01 3.494375348091e-01 4.725998640060e-01 6.607992649078e-01 7.559117674828e-01 6.324545145035e-01 5.495757460594e-01 5.235421657562e-01
7.327896952629e-01 1.381901621819e+00 1.354395866394e+00 9.456318616867e-01 6.823398470879e-01 8.304402232170e-01 1.638612985611e+00 2.255065917969e+00 1.985435128212e+00 1.150407075882e+00 6.639836430550e-01 7.590082287788e-01 8.013716340065e-01 7.627896666527e-01 6.549614071846e-01 8.803963661194e-01 1.398164510727e+00 1.830347537994e+00 1.657506942749e+00 9.932430386543e-01 1.000147819519e+00 1.550023078918e+00 8.195073008537e-01 7.451023459435e-01 8.468218445778e-01 1.095973491669e+00 1.408467769623e+00 1.610362291336e+00 2.430332422256e+00 1.896893501282e+00 1.211126208305e+00 1.097964644432e+00 1.112954497337e+00 8.230262398720e-01 8.862382173538e-01 9.277682900429e-01 9.346624016762e-01 1.049317359924e+00 1.316051244736e+00 1.322105407715e+00 9.776758551598e-01 9.921984672546e-01 1.083531379700e+00
7.190173268318e-01 1.473980903625e+00 1.651292800903e+00 1.413114666939e+00 9.085353016853e-01 9.598866105080e-01 1.898525238037e+00 2.566545486450e+00 2.187783241272e+00 1.192294001579e+00 8.401490449905e-01 9.467772245407e-01 9.779137372971e-01 9.047048091888e-01 7.450339794159e-01 7.050182819366e-01 9.245094060898e-01 1.377120971680e+00 1.573355078697e+00 1.281831741333e+00 1.602870464325e+00 2.397103071213e+00 1.055960536003e+00 9.250132441521e-01 1.128508210182e+00 1.365322113037e+00 1.416989803314e+00 1.465932488441e+00 2.835907697678e+00 2.129612445831e+00 1.176880002022e+00 1.009525895119e+00 1.520510554314e+00 8.125820755959e-01 8.329528570175e-01 9.571760296822e-01 1.206768870354e+00 1.525158762932e+00 1.592080712318e+00 1.317985296249e+00 1.333956480026e+00 9.222869277000e-01 1.216325163841e+00
6.469978690147e-01 1.418723225594e+00 1.675845742226e+00 1.710980653763e+00 1.374455451965e+00 9.843867421150e-01 1.987237930298e+00 2.629870653152e+00 2.117822170258e+00 1.026256203651e+00 9.319596290588e-01 1.028251528740e+00 1.023572444916e+00 9.107232093811e-01 7.251306176186e-01 7.212885618210e-01 6.871207356453e-01 8.052342534065e-01 1.044770002365e+00 1.219389557838e+00 2.688596248627e+00 3.051820993423e+00 1.194059848785e+00 1.018367528915e+00 1.248024940491e+00 1.430222868919e+00 1.368341326714e+00 1.368608474731e+00 2.845147132874e+00 2.073911428452e+00 1.059840798378e+00 8.727584481239e-01 1.751543402672e+00 9.351450800896e-01 9.430458545685e-01 1.330259919167e+00 1.642350077629e+00 1.709056258202e+00 1.445678830147e+00 1.676348567009e+00 1.612399697304e+00 1.003377795219e+00 1.117262363434e+00
6.337854862213e-01 1.359750390053e+00 1.605280280113e+00 1.763693809509e+00 1.685798168182e+00 1.191197752953e+00 2.031628370285e+00 2.632661104202e+00 1.990266442299e+00 8.675576448441e-01 1.001824498177e+00 1.065793037415e+00 1.056266427040e+00 1.052470326424e+00 9.678991436958e-01 8.194906711578e-01 7.603294849396e-01 7.524324059486e-01 1.110310435295e+00 2.235739707947e+00 3.736698389053e+00 3.355068683624e+00 1.284665822983e+00 1.422941684723e+00 1.251931309700e+00 1.400690317154e+00 1.256824374199e+00 1.364413142204e+00 2.697337388992e+00 1.956493139267e+00 1.252533793449e+00 9.913003444672e-01 1.866441965103e+00 1.058440327644e+00 1.481164574623e+00 1.769443154335e+00 1.786702871323e+00 1.507573723793e+00 1.038326382637e+00 1.724200129509e+00 1.993845582008e+00 1.342343211174e+00 8.878654241562e-01
5.847122669220e-01 1.190628767014e+00 1.435903191566e+00 1.559098958969e+00 1.726298570633e+00 1.435725331306e+00 2.034747362137e+00 2.554793119431e+00 1.799411296844e+00 9.524070620537e-01 1.066155672073e+00 1.193496584892e+00 1.272647500038e+00 1.233644127846e+00 1.112488389015e+00 9.088653922081e-01 7.367099523544e-01 7.941120862961e-01 1.763003826141e+00 3.183181524277e+00 4.348385334015e+00 3.317387342453e+00 1.424014925957e+00 2.168108940125e+00 1.335195183754e+00 1.316457152367e+00 1.128163576126e+00 1.473216414452e+00 2.417068243027e+00 1.943694114685e+00 1.264140129089e+00 1.031107783318e+00 2.161427736282e+00 1.583664536476e+00 1.875705122948e+00 1.852182865143e+00 1.536811232567e+00 1.063514471054e+00 1.172166109085e+00 1.626611471176e+00 2.445349693298e+00 1.562082409859e+00 8.479364514351e-01
7.385149002075e-01 1.310359239578e+00 1.225877881050e+00 1.213196396828e+00 1.495372772217e+00 1.446018934250e+00 2.007982492447e+00 2.448798179626e+00 1.620151758194e+00 1.052375197411e+00 1.199562072754e+00 1.364862561226e+00 1.385002017021e+00 1.291140675545e+00 1.103102087975e+00 1.018621802330e+00 9.832538962364e-01 1.225716471672e+00 2.374674081802e+00 3.801185607910e+00 4.506445884705e+00 3.034411668777e+00 1.803000450134e+00 2.750665903091e+00 1.936497807503e+00 1.227692842484e+00 1.062858343124e+00 2.720746278763e+00 3.827346801758e+00 2.481828927994e+00 1.400348305702e+00 1.203522562981e+00 2.371516942978e+00 1.857117414474e+00 1.854462862015e+00 1.539202213287e+00 1.073430180550e+00 1.177085876465e+00 1.705100417137e+00 2.151524782181e+00 2.518190622330e+00 1.819920420647e+00 9.088449478149e-01
7.520872354507e-01 1.502010226250e+00 1.550214409828e+00 1.121734261513e+00 1.088927507401e+00 1.214691758156e+00 1.985249757767e+00 2.400967597961e+00 1.513744473457e+00 1.143229603767e+00 1.352391600609e+00 1.444791078568e+00 1.400243282318e+00 1.240017294884e+00 1.127666234970e+00 1.310782790184e+00 1.462103366852e+00 1.613102674484e+00 2.903315782547e+00 4.121758937836e+00 4.426960468292e+00 2.731706142426e+00 1.963183641434e+00 3.027436494827e+00 2.358069419861e+00 1.505553722382e+00 1.082479596138e+00 4.127134323120e+00 5.358766078949e+00 2.917658329010e+00 1.532249689102e+00 1.363727569580e+00 2.337543725967e+00 1.707155466080e+00 1.672008991241e+00 1.189615964890e+00 1.129708766937e+00 1.681928634644e+00 2.220871686935e+00 2.452442407608e+00 2.222361803055e+00 2.309243440628e+00 1.026731610298e+00
6.533322930336e-01 1.425499677658e+00 1.769160509109e+00 1.608198881149e+00 1.089183211327e+00 1.061798453331e+00 1.968437433243e+00 2.386144876480e+00 1.461141109467e+00 1.286854386330e+00 1.432802438736e+00 1.449537277222e+00 1.331372499466e+00 1.134335279465e+00 1.198291659355e+00 1.396317481995e+00 1.891068577766e+00 1.926973938942e+00 3.195472955704e+00 4.058271408081e+00 4.022778034210e+00 2.377151012421e+00 2.011692047119e+00 2.898087024689e+00 2.546035051346e+00 1.741286158562e+00 1.368561267853e+00 5.317905426025e+00 6.248663425446e+00 3.222342491150e+00 1.705476284027e+00 1.302221417427e+00 2.369311094284e+00 1.556190848351e+00 1.834669828415e+00 1.744734287262e+00 1.689902901649e+00 2.265390634537e+00 2.605478048325e+00 2.463785409927e+00 1.811766505241e+00 2.870372533798e+00 1.201042175293e+00
6.735051870346e-01 1.189112663269e+00 1.674230694771e+00 1.892135739326e+00 1.612744450569e+00 1.114243865013e+00 1.977003335953e+00 2.387091875076e+00 1.431225538254e+00 1.360196113586e+00 1.436459898949e+00 1.379566311836e+00 1.489864230156e+00 1.624301075935e+00 1.700895786285e+00 1.727037429810e+00 2.055446863174e+00 2.219293355942e+00 3.282184123993e+00 3.765270709991e+00 3.490499496460e+00 2.033395528793e+00 1.824976444244e+00 2.535982847214e+00 2.460767984390e+00 1.791586995125e+00 1.482911109924e+00 6.031528472900e+00 6.638403415680e+00 3.346842765808e+00 1.495034456253e+00 1.158278226852e+00 2.568143129349e+00 1.544095754623e+00 1.877830028534e+00 1.821451425552e+00 2.353401660919e+00 2.710043430328e+00 2.652711629868e+00 2.126451015472e+00 1.572098374367e+00 3.124790906906e+00 1.558705449104e+00
6.803783178329e-01 1.360779404640e+00 1.404349088669e+00 1.817031621933e+00 1.984647870064e+00 1.595520377159e+00 1.962621331215e+00 2.353360414505e+00 1.387722849846e+00 1.373837947845e+00 1.496617078781e+00 1.751924395561e+00 1.944149374962e+00 2.052823781967e+00 2.105233907700e+00 2.127099037170e+00 2.108158588409e+00 2.709434986115e+00 3.793410539627e+00 4.014889717102e+00 3.372120618820e+00 2.490103960037e+00 1.744849801064e+00 2.164978981018e+00 2.220673084259e+00 1.597617864609e+00 1.726526856422e+00 6.362386703491e+00 6.791705131531e+00 3.286044120789e+00 1.407417416573e+00 1.212944984436e+00 2.513501167297e+00 1.568160414696e+00 2.081778049469e+00 2.524851799011e+00 2.816789150238e+00 2.764493465424e+00 2.295079469681e+00 1.760321736336e+00 1.783414244652e+00 3.010261058807e+00 2.028502225876e+00
5.786483287811e-01 1.217030882835e+00 1.454885005951e+00 1.524167776108e+00 1.966745853424e+00 2.069977521896e+00 1.906034827232e+00 2.271655797958e+00 1.334833025932e+00 1.614083528519e+00 1.877709746361e+00 2.093821287155e+00 2.243423700333e+00 2.330888271332e+00 2.363284587860e+00 2.363031387329e+00 2.342711925507e+00 3.613076448441e+00 4.929038047791e+00 5.110370159149e+00 4.396842956543e+00 3.441671133041e+00 2.515572309494e+00 1.837768077850e+00 2.446404933929e+00 2.344580173492e+00 2.106874942780e+00 6.108636379242e+00 6.018674373627e+00 2.997570991516e+00 1.732315778732e+00 2.045443773270e+00 2.320777416229e+00 2.506920814514e+00 2.843421936035e+00 2.971718788147e+00 2.851278305054e+00 2.395665407181e+00 2.355578422546e+00 2.741225242615e+00 2.044559001923e+00 2.582147836685e+00 2.468534231186e+00
4.660749733448e-01 9.186052680016e-01 1.216082334518e+00 1.436643123627e+00 1.670356631279e+00 2.111468315125e+00 2.119732379913e+00 2.152362108231e+00 1.657116174698e+00 1.925045490265e+00 2.118207216263e+00 2.242756366730e+00 2.318675279617e+00 2.362413406372e+00 2.369249343872e+00 2.361742496490e+00 2.366820335388e+00 3.987213611603e+00 5.375023841858e+00 5.474466323853e+00 4.723280906677e+00 3.840375661850e+00 2.999346256256e+00 2.194437026978e+00 3.300102949142e+00 3.189560174942e+00 2.687928915024e+00 5.329840183258e+00 4.741197586060e+00 2.556126832962e+00 3.028942823410e+00 3.411269426346e+00 3.392055511475e+00 3.272845983505e+00 3.242898941040e+00 3.073789119720e+00 2.974064826965e+00 2.816318273544e+00 2.571686267853e+00 3.696242570877e+00 2.318238258362e+00 1.973175048828e+00 3.183396816254e+00
5.911633372307e-01 1.157827615738e+00 1.140046000481e+00 1.110450029373e+00 1.358019948006e+00 1.819606184959e+00 2.264093160629e+00 2.158637046814e+00 1.845551371574e+00 2.050290346146e+00 2.154198884964e+00 2.189068555832e+00 2.175484657288e+00 2.129269838333e+00 2.077960968018e+00 2.072004795074e+00 2.129051923752e+00 3.670008897781e+00 4.848095417023e+00 5.001008033752e+00 4.481022834778e+00 3.794165849686e+00 3.130244731903e+00 2.474822759628e+00 3.271826982498e+00 3.378339290619e+00 2.981596469879e+00 4.375268936157e+00 3.477204084396e+00 2.645106077194e+00 3.561582326889e+00 4.023135185242e+00 3.835282325745e+00 3.513177394867e+00 3.101617574692e+00 2.910584211349e+00 2.742663621902e+00 2.549989461899e+00 2.326352357864e+00 3.902836561203e+00 3.594491243362e+00 2.040583848953e+00 3.620490550995e+00
7.609055042267e-01 1.520857691765e+00 1.527814865112e+00 1.498827934265e+00 1.447143077850e+00 1.420145630836e+00 1.993424892426e+00 2.424792766571e+00 2.143405914307e+00 2.009788990021e+00 2.037548065186e+00 1.995626568794e+00 1.909397482872e+00 1.794247627258e+00 1.694668531418e+00 1.674236893654e+00 1.742473840714e+00 2.907720565796e+00 3.736359357834e+00 3.932766437531e+00 3.674379110336e+00 3.297992467880e+00 2.911832809448e+00 2.497364044189e+00 2.576175451279e+00 2.806053876877e+00 2.739100933075e+00 4.394725799561e+00 2.561644792557e+00 2.727813482285e+00 3.531636238098e+00 3.922533512115e+00 3.753890991211e+00 3.104428529739e+00 2.256279468536e+00 2.499902725220e+00 2.048438310623e+00 2.166171550751e+00 2.107964992523e+00 3.227243423462e+00 4.785155296326e+00 2.073085069656e+00 3.647797584534e+00
7.705695629120e-01 1.564666390419e+00 1.619808554649e+00 1.698646068573e+00 1.756675958633e+00 1.770371794701e+00 1.791409611702e+00 2.187750101089e+00 2.540273904800e+00 2.037979841232e+00 1.835816979408e+00 1.744216203690e+00 1.625507235527e+00 1.546421408653e+00 1.663215517998e+00 1.701847195625e+00 1.803718566895e+00 2.505382537842e+00 2.626740455627e+00 2.810395956039e+00 2.749514102936e+00 2.552040338516e+00 2.385605096817e+00 2.262653112411e+00 2.164615392685e+00 2.120647668839e+00 2.844008684158e+00 4.664830684662e+00 3.147607088089e+00 3.080073595047e+00 3.669375658035e+00 3.724452257156e+00 3.104055643082e+00 3.066302299500e+00 1.668072104454e+00 2.960396051407e+00 2.723909378052e+00 2.522887706757e+00 2.163736343384e+00 2.270698070526e+00 5.430667877197e+00 2.989128828049e+00 3.243599414825e+00
8.640639185905e-01 1.492619991302e+00 1.475010037422e+00 1.544320464134e+00 1.619434714317e+00 1.784856796265e+00 1.891064524651e+00 1.988347887993e+00 2.346559047699e+00 2.479727983475e+00 2.056255340576e+00 2.032306909561e+00 2.049530982971e+00 1.857537627220e+00 1.721328973770e+00 1.881740689278e+00 2.047891378403e+00 2.583430528641e+00 2.604904651642e+00 2.155243158340e+00 1.886540055275e+00 2.223506689072e+00 2.768691301346e+00 2.872997283936e+00 2.592960834503e+00 2.124538660049e+00 3.151743412018e+00 4.763134956360e+00 3.169247865677e+00 3.330486536026e+00 3.502173900604e+00 3.587014198303e+00 3.830430269241e+00 3.421711921692e+00 2.150249004364e+00 3.326196432114e+00 3.037364244461e+00 2.514540910721e+00 1.894317269325e+00 2.208709478378e+00 5.218114852905e+00 4.570895195007e+00 2.505481243134e+00
9.891015291214e-01 1.823162913322e+00 1.966849565506e+00 1.699735045433e+00 1.553412079811e+00 1.678270459175e+00 1.712257504463e+00 1.648244380951e+00 1.803383111954e+00 2.290873289108e+00 2.518963098526e+00 2.588186264038e+00 2.535438537598e+00 2.333304643631e+00 2.214612722397e+00 2.133596420288e+00 2.081584215164e+00 2.592956781387e+00 2.718490600586e+00 2.389123439789e+00 1.938216686249e+00 1.778887748718e+00 1.960169076920e+00 2.180278539658e+00 2.232307910919e+00 2.254748344421e+00 2.762734413147e+00 4.590962886810e+00 3.275663375854e+00 2.831630945206e+00 3.241309404373e+00 3.722171783447e+00 4.136622905731e+00 3.512108325958e+00 2.478598833084e+00 3.667409658432e+00 2.920106172562e+00 2.269957780838e+00 1.723697304726e+00 2.019361019135e+00 4.209236145020e+00 6.177255153656e+00 2.753386020660e+00
9.733672142029e-01 1.910090565681e+00 2.274040222168e+00 2.145176649094e+00 1.626791954041e+00 1.255969762802e+00 1.520036697388e+00 1.719591379166e+00 1.842085599899e+00 1.858489155769e+00 2.489271640778e+00 2.756345987320e+00 2.588488101959e+00 2.593697547913e+00 2.623075246811e+00 2.586404561996e+00 2.293591022491e+00 2.575524568558e+00 2.813661336899e+00 2.553757905960e+00 1.899370789528e+00 2.310451745987e+00 2.166497468948e+00 2.243696928024e+00 1.996022105217e+00 1.973961114883e+00 2.076408147812e+00 4.266066551208e+00 3.881728887558e+00 3.054332971573e+00 2.975609540939e+00 3.158454179764e+00 3.895805597305e+00 3.471848964691e+00 2.798309564590e+00 3.537836790085e+00 2.555672168732e+00 2.045544624329e+00 1.939217329025e+00 1.796325206757e+00 2.884042263031e+00 7.226024627686e+00 2.879663705826e+00
