100/SI/f106_max.grd
DSAA
101	101
32.816463539100	34.260883539100
35.556306596100	36.727886596100
2.177591202781e-03	4.061186218262e+02
[rows 0 to 18 of 101, columns 0 to 42 of 101]
3.383733630180e-01 6.041360497475e-01 5.348662137985e-01 3.202522695065e-01 2.804921865463e-01 3.679480552673e-01 7.291010618210e-01 1.011340379715e+00 9.002381563187e-01 5.344890952110e-01 3.304257094860e-01 3.796025216579e-01 4.028929471970e-01 3.889063596725e-01 3.334634900093e-01 5.045147538185e-01 7.574477195740e-01 8.785836696625e-01 6.297183632851e-01 4.034280478954e-01 4.688869118690e-01 5.085330605507e-01 3.613900244236e-01 3.240134119987e-01 3.510593175888e-01 4.794956743717e-01 7.189375162125e-01 8.219501376152e-01 1.095163226128e+00 8.751103878021e-01 6.366847157478e-01 5.986001491547e-01 5.199255943298e-01 4.128955304623e-01 3.337964415550e-01 3.241339027882e-01 2.989471256733e-01 4.042928218842e-01 5.652042031288e-01 6.464884877205e-01 5.408814549446e-01 4.703760743141e-01 4.480900764465e-01
6.268013715744e-01 1.181996226311e+00 1.158430218697e+00 8.087927699089e-01 5.840684175491e-01 7.115079164505e-01 1.403689742088e+00 1.931442499161e+00 1.700228095055e+00 9.849723577499e-01 5.680649876595e-01 6.493437290192e-01 6.855701804161e-01 6.525520086288e-01 5.599414706230e-01 7.529944777489e-01 1.195736289024e+00 1.565353989601e+00 1.417690277100e+00 8.496910333633e-01 8.557826876640e-01 1.326795816422e+00 7.015742063522e-01 6.382308006287e-01 7.245132327080e-01 9.376552104950e-01 1.205989956856e+00 1.378935694695e+00 2.082686424255e+00 1.625709295273e+00 1.036190271378e+00 9.393969178200e-01 9.549680948257e-01 7.038885951042e-01 7.579833269119e-01 7.935442924500e-01 7.995023131371e-01 8.975858688354e-01 1.125619292259e+00 1.130720257759e+00 8.361360430717e-01 8.492407202721e-01 9.273898601532e-01
6.150897145271e-01 1.260869979858e+00 1.412509918213e+00 1.208723306656e+00 7.771236300468e-01 8.224496245384e-01 1.626406192780e+00 2.198299407959e+00 1.873555541039e+00 1.020865440369e+00 7.188276648521e-01 8.100374937057e-01 8.366570472717e-01 7.740098237991e-01 6.373990774155e-01 6.027423143387e-01 7.908362150192e-01 1.177893877029e+00 1.345698356628e+00 1.096441268921e+00 1.372201919556e+00 2.051937341690e+00 9.040546417236e-01 7.924072742462e-01 9.655821919441e-01 1.168183445930e+00 1.212391138077e+00 1.255386471748e+00 2.430356025696e+00 1.825234055519e+00 1.006993651390e+00 8.638214468956e-01 1.304590225220e+00 6.973128914833e-01 7.123678326607e-01 8.186289072037e-01 1.032338976860e+00 1.304580450058e+00 1.361734986305e+00 1.127265572548e+00 1.140498042107e+00 7.894626259804e-01 1.041107296944e+00
5.537714362144e-01 1.214158654213e+00 1.433654665947e+00 1.463637471199e+00 1.175720691681e+00 8.434844017029e-01 1.702480792999e+00 2.252643585205e+00 1.813740491867e+00 8.787665963173e-01 7.974406480789e-01 8.798118233681e-01 8.757907152176e-01 7.792254686356e-01 6.208292841911e-01 6.166975498199e-01 5.874451398849e-01 6.888993978500e-01 8.937386870384e-01 1.044141650200e+00 2.301705360413e+00 2.612433910370e+00 1.022704958916e+00 8.724625110626e-01 1.067940831184e+00 1.223820328712e+00 1.170882940292e+00 1.173039197922e+00 2.438412666321e+00 1.777604341507e+00 9.086846113205e-01 7.486411929131e-01 1.502783536911e+00 8.024727702141e-01 8.068556785583e-01 1.138032913208e+00 1.404909133911e+00 1.461896181107e+00 1.236584663391e+00 1.433948755264e+00 1.378615736961e+00 8.583140373230e-01 9.563870429993e-01
5.424941182137e-01 1.163769006729e+00 1.373780727386e+00 1.508880376816e+00 1.442162752151e+00 1.019020438194e+00 1.740616798401e+00 2.255183935165e+00 1.704641222954e+00 7.429463267326e-01 8.572840094566e-01 9.120007157326e-01 9.042729139328e-01 9.010584950447e-01 8.286915421486e-01 7.016714215279e-01 6.500737071037e-01 6.435576081276e-01 9.508877992630e-01 1.914321899414e+00 3.198978424072e+00 2.872103691101e+00 1.100416660309e+00 1.218200802803e+00 1.071384191513e+00 1.198648691177e+00 1.075553655624e+00 1.169511675835e+00 2.311865329742e+00 1.677053570747e+00 1.073898434639e+00 8.502944707870e-01 1.601334571838e+00 9.056307077408e-01 1.267187714577e+00 1.513707041740e+00 1.528411746025e+00 1.289623379707e+00 8.882368206978e-01 1.474990129471e+00 1.705424427986e+00 1.148316383362e+00 7.601505517960e-01
5.002583861351e-01 1.019159674644e+00 1.229020714760e+00 1.334019899368e+00 1.476960301399e+00 1.228294134140e+00 1.743427157402e+00 2.188679218292e+00 1.541341543198e+00 8.150773644447e-01 9.123967289925e-01 1.021718502045e+00 1.089516878128e+00 1.056179165840e+00 9.525054693222e-01 7.782259583473e-01 6.308651566505e-01 6.789544820786e-01 1.509734630585e+00 2.725444316864e+00 3.722680330276e+00 2.839961290359e+00 1.219173192978e+00 1.856183767319e+00 1.143167614937e+00 1.126658201218e+00 9.655182361603e-01 1.262128353119e+00 2.071784257889e+00 1.665722727776e+00 1.083795785904e+00 8.844051957130e-01 1.854325056076e+00 1.354957103729e+00 1.604699492455e+00 1.584514856339e+00 1.314713478088e+00 9.098513722420e-01 1.002819299698e+00 1.391578078270e+00 2.091709852219e+00 1.336370110512e+00 7.254514098167e-01
6.319119930267e-01 1.121167540550e+00 1.049450874329e+00 1.038568019867e+00 1.279551506042e+00 1.237226486206e+00 1.720648884773e+00 2.098080635071e+00 1.387949824333e+00 9.006915688515e-01 1.026874899864e+00 1.168408989906e+00 1.185710191727e+00 1.105427145958e+00 9.445106983185e-01 8.717669844627e-01 8.419543504715e-01 1.049774527550e+00 2.033411979675e+00 3.254538059235e+00 3.858113527298e+00 2.597860813141e+00 1.541333079338e+00 2.355004072189e+00 1.658045291901e+00 1.052743911743e+00 9.085716605186e-01 2.330830812454e+00 3.279362678528e+00 2.127088308334e+00 1.200515389442e+00 1.032220363617e+00 2.034500360489e+00 1.588919043541e+00 1.586573481560e+00 1.316841959953e+00 9.183824658394e-01 1.007101416588e+00 1.458824276924e+00 1.840724349022e+00 2.154223442078e+00 1.556125283241e+00 7.796548008919e-01
6.436116695404e-01 1.285299181938e+00 1.326483726501e+00 9.598196744919e-01 9.323353171349e-01 1.039435744286e+00 1.701323747635e+00 2.057303428650e+00 1.296937704086e+00 9.786123037338e-01 1.157683730125e+00 1.236832261086e+00 1.198772788048e+00 1.061691403389e+00 9.646286368370e-01 1.122383236885e+00 1.251991510391e+00 1.381425857544e+00 2.485879421234e+00 3.528952836990e+00 3.790184736252e+00 2.338849782944e+00 1.678461194038e+00 2.592056512833e+00 2.019081830978e+00 1.289224743843e+00 9.269746541977e-01 3.535568237305e+00 4.591472148895e+00 2.500879049301e+00 1.314546823502e+00 1.167059898376e+00 2.005217075348e+00 1.460678815842e+00 1.433472156525e+00 1.019999980927e+00 9.666583538055e-01 1.439116954803e+00 1.900202870369e+00 2.098307371140e+00 1.901397585869e+00 1.975392103195e+00 8.797703385353e-01
5.591883659363e-01 1.220000982285e+00 1.514007091522e+00 1.376183152199e+00 9.318225979805e-01 9.090304374695e-01 1.687059640884e+00 2.044785976410e+00 1.251994132996e+00 1.101524233818e+00 1.226506233215e+00 1.240905523300e+00 1.139840126038e+00 9.708682894707e-01 1.025644302368e+00 1.195702195168e+00 1.619325995445e+00 1.649982213974e+00 2.735806226730e+00 3.474591016769e+00 3.444317579269e+00 2.035487890244e+00 1.720198512077e+00 2.481424093246e+00 2.180093050003e+00 1.491165757179e+00 1.172029495239e+00 4.555494785309e+00 5.353772640228e+00 2.762307405472e+00 1.463158965111e+00 1.114489078522e+00 2.032404422760e+00 1.334125041962e+00 1.572897434235e+00 1.492858290672e+00 1.446057319641e+00 1.938455700874e+00 2.229436874390e+00 2.108213186264e+00 1.550349831581e+00 2.455508470535e+00 1.029017686844e+00
5.767658948898e-01 1.017854571342e+00 1.432972311974e+00 1.619332671165e+00 1.380176544189e+00 9.533406496048e-01 1.694516062737e+00 2.045743465424e+00 1.226469755173e+00 1.164289712906e+00 1.229638576508e+00 1.181030154228e+00 1.275150895119e+00 1.390267252922e+00 1.455880999565e+00 1.478310227394e+00 1.760178446770e+00 1.899968743324e+00 2.809861183167e+00 3.223788261414e+00 2.988752126694e+00 1.741373419762e+00 1.560779333115e+00 2.171489238739e+00 2.107136964798e+00 1.534309864044e+00 1.270053863525e+00 5.166731357574e+00 5.687716007233e+00 2.869323492050e+00 1.282613992691e+00 9.932883381844e-01 2.202972173691e+00 1.323738455772e+00 1.609880447388e+00 1.558733224869e+00 2.013923883438e+00 2.319104909897e+00 2.270075321198e+00 1.819776415825e+00 1.347016811371e+00 2.673342466354e+00 1.332753777504e+00
5.827785134315e-01 1.165504693985e+00 1.202739119530e+00 1.555284380913e+00 1.698626399040e+00 1.365554094315e+00 1.682284474373e+00 2.016966581345e+00 1.189298987389e+00 1.175970911980e+00 1.280886411667e+00 1.499436259270e+00 1.664027571678e+00 1.757131218910e+00 1.802081584930e+00 1.820887088776e+00 1.804755568504e+00 2.318048238754e+00 3.245239019394e+00 3.434540748596e+00 2.884618997574e+00 2.130051374435e+00 1.492462396622e+00 1.853885650635e+00 1.901590824127e+00 1.368260025978e+00 1.478703379631e+00 5.450175285339e+00 5.819070816040e+00 2.817486524582e+00 1.206401705742e+00 1.036436438560e+00 2.156022548676e+00 1.342116117477e+00 1.781645059586e+00 2.160810232162e+00 2.410664081573e+00 2.365949869156e+00 1.964269042015e+00 1.506098747253e+00 1.528195858002e+00 2.575599670410e+00 1.734487175941e+00
4.957284927368e-01 1.042581200600e+00 1.246270179749e+00 1.305516839027e+00 1.683540582657e+00 1.771788477898e+00 1.633864760399e+00 1.947056770325e+00 1.142412304878e+00 1.381423711777e+00 1.607092857361e+00 1.792131304741e+00 1.920274138451e+00 1.995249152184e+00 2.023095369339e+00 2.023001909256e+00 2.005725860596e+00 3.091440916061e+00 4.217051029205e+00 4.371797084808e+00 3.761210918427e+00 2.944050073624e+00 2.151803493500e+00 1.573716640472e+00 2.090852737427e+00 2.003839015961e+00 1.804344296455e+00 5.232955932617e+00 5.157066822052e+00 2.570410490036e+00 1.482324481010e+00 1.750102400780e+00 1.990526080132e+00 2.145662069321e+00 2.433664798737e+00 2.543488025665e+00 2.440439939499e+00 2.048575162888e+00 2.015839815140e+00 2.346165418625e+00 1.749500870705e+00 2.209572315216e+00 2.111910581589e+00
3.983397483826e-01 7.870755195618e-01 1.041894316673e+00 1.230785846710e+00 1.430077314377e+00 1.807544827461e+00 1.814531564713e+00 1.844916701317e+00 1.418269038200e+00 1.647604346275e+00 1.812992811203e+00 1.919689536095e+00 1.984779834747e+00 2.022335767746e+00 2.028318881989e+00 2.022044181824e+00 2.026545524597e+00 3.411967039108e+00 4.599129199982e+00 4.683780193329e+00 4.040822505951e+00 3.285352706909e+00 2.565834283829e+00 1.877320051193e+00 2.820784091949e+00 2.726269006729e+00 2.297485351562e+00 4.566189765930e+00 4.063067436218e+00 2.192111492157e+00 2.591696739197e+00 2.918601036072e+00 2.901985168457e+00 2.799771547318e+00 2.775852441788e+00 2.629057407379e+00 2.543578863144e+00 2.408513545990e+00 2.199179410934e+00 3.163140058517e+00 1.984189987183e+00 1.688766956329e+00 2.723560810089e+00
5.057094693184e-01 9.905658960342e-01 9.753799438477e-01 9.515089988708e-01 1.163558483124e+00 1.557958364487e+00 1.938354253769e+00 1.847999095917e+00 1.579601168633e+00 1.754867434502e+00 1.843875527382e+00 1.873810291290e+00 1.862288236618e+00 1.822855710983e+00 1.779082775116e+00 1.774155855179e+00 1.823165297508e+00 3.140910148621e+00 4.148720741272e+00 4.279255390167e+00 3.834059476852e+00 3.246254682541e+00 2.678188562393e+00 2.117487907410e+00 2.796993732452e+00 2.887989521027e+00 2.548774719238e+00 3.748887300491e+00 2.980455875397e+00 2.263636589050e+00 3.047612667084e+00 3.442351102829e+00 3.281531572342e+00 3.007499456406e+00 2.653518199921e+00 2.489907741547e+00 2.346094369888e+00 2.181133508682e+00 1.989716529846e+00 3.339817047119e+00 3.076359033585e+00 1.746489763260e+00 3.097660779953e+00
6.508536934853e-01 1.300857901573e+00 1.306807637215e+00 1.282004237175e+00 1.237735033035e+00 1.216142773628e+00 1.706903696060e+00 2.076107740402e+00 1.835141897202e+00 1.720307588577e+00 1.744138240814e+00 1.708335280418e+00 1.634623765945e+00 1.536177635193e+00 1.451068401337e+00 1.433724522591e+00 1.492297887802e+00 2.488854408264e+00 3.197773694992e+00 3.365627527237e+00 3.144342422485e+00 2.822214603424e+00 2.491815805435e+00 2.137183904648e+00 2.202744245529e+00 2.399166822433e+00 2.341837882996e+00 3.763924598694e+00 2.196115016937e+00 2.335677623749e+00 3.023817062378e+00 3.358432769775e+00 3.213960409164e+00 2.657889127731e+00 1.930703520775e+00 2.144624471664e+00 1.754451990128e+00 1.855240345001e+00 1.805326700211e+00 2.761976718903e+00 4.095295429230e+00 1.774435997009e+00 3.121263265610e+00
6.590690612793e-01 1.338224768639e+00 1.385362386703e+00 1.452827095985e+00 1.502429962158e+00 1.514081001282e+00 1.532884836197e+00 1.873456120491e+00 2.175182104111e+00 1.745042562485e+00 1.571595549583e+00 1.493273258209e+00 1.391753077507e+00 1.324939608574e+00 1.424961566925e+00 1.455871701241e+00 1.542727828026e+00 2.147988080978e+00 2.248492717743e+00 2.405498266220e+00 2.353302478790e+00 2.184328079224e+00 2.041958570480e+00 1.936755776405e+00 1.852806091309e+00 1.815077662468e+00 2.435197591782e+00 3.995708942413e+00 2.695019006729e+00 2.637181758881e+00 3.142151594162e+00 3.189221858978e+00 2.657967567444e+00 2.623695135117e+00 1.427820205688e+00 2.539465904236e+00 2.333208084106e+00 2.160983324051e+00 1.853295564651e+00 1.943613290787e+00 4.647891998291e+00 2.558885335922e+00 2.775753498077e+00
7.399928569794e-01 1.278327584267e+00 1.262266635895e+00 1.321635365486e+00 1.384954094887e+00 1.526547312737e+00 1.617365956306e+00 1.701702594757e+00 2.009615659714e+00 2.123545169830e+00 1.759686112404e+00 1.739583611488e+00 1.754218578339e+00 1.589851140976e+00 1.474947929382e+00 1.612335443497e+00 1.751673340797e+00 2.215110778809e+00 2.233440399170e+00 1.847291350365e+00 1.615001320839e+00 1.903219580650e+00 2.369526147842e+00 2.458669185638e+00 2.218929767609e+00 1.819359302521e+00 2.698853731155e+00 4.080399036407e+00 2.713795423508e+00 2.851824760437e+00 2.998724460602e+00 3.071007728577e+00 3.278625011444e+00 2.928162097931e+00 1.841992497444e+00 2.853077888489e+00 2.601967334747e+00 2.154114484787e+00 1.622783541679e+00 1.890588402748e+00 4.466296195984e+00 3.912899255753e+00 2.143555164337e+00
8.471747040749e-01 1.561594724655e+00 1.684779882431e+00 1.456072926521e+00 1.329483270645e+00 1.436333894730e+00 1.465434432030e+00 1.410718321800e+00 1.544695258141e+00 1.962084889412e+00 2.158099412918e+00 2.217077255249e+00 2.169956207275e+00 1.997038364410e+00 1.893270134926e+00 1.823848843575e+00 1.783743739128e+00 2.223509550095e+00 2.331071615219e+00 2.047731876373e+00 1.660262823105e+00 1.523648858070e+00 1.678288817406e+00 1.866608262062e+00 1.911041498184e+00 1.930944800377e+00 2.365904092789e+00 3.933428287506e+00 2.806105136871e+00 2.424896955490e+00 2.775613784790e+00 3.187035322189e+00 3.541218519211e+00 3.006041526794e+00 2.123434782028e+00 3.145536184311e+00 2.501821994781e+00 1.944880604744e+00 1.477251410484e+00 1.728655576706e+00 3.603176832199e+00 5.287988662720e+00 2.353664875031e+00
8.337937593460e-01 1.636241793633e+00 1.948122739792e+00 1.837831377983e+00 1.393804192543e+00 1.075144410133e+00 1.301088929176e+00 1.471832394600e+00 1.576650142670e+00 1.590717792511e+00 2.132589578629e+00 2.361016511917e+00 2.215600252151e+00 2.219948053360e+00 2.245244026184e+00 2.213735580444e+00 1.963130235672e+00 2.208804607391e+00 2.412937641144e+00 2.188801288605e+00 1.625369548798e+00 1.979257583618e+00 1.853731274605e+00 1.920212626457e+00 1.708655953407e+00 1.690484523773e+00 1.778258085251e+00 3.655609846115e+00 3.325609207153e+00 2.616454839706e+00 2.549655914307e+00 2.704729318619e+00 3.335681438446e+00 2.972431182861e+00 2.395403385162e+00 3.034265279770e+00 2.189881801605e+00 1.752857685089e+00 1.662037253380e+00 1.536494016647e+00 2.469144582748e+00 6.185973644257e+00 2.461306333542e+00
