100/SI/f106_max.grd
DSAA
101	101
32.816463539100	34.260883539100
35.556306596100	36.727886596100
2.177591202781e-03	4.061186218262e+02
[rows 38 to 56 of 101, columns 43 to 85 of 101]
2.352050399780e+01 3.612863922119e+01 3.981032180786e+01 2.213479614258e+01 3.909857177734e+01 1.935322952271e+01 1.917575645447e+01 2.695789527893e+01 2.238377380371e+01 1.808531951904e+01 2.620020866394e+01 1.374252986908e+01 1.543522548676e+01 1.322313690186e+01 2.008000946045e+01 1.486040115356e+01 1.547691440582e+01 9.266208648682e+00 1.227719974518e+01 1.845917510986e+01 1.866637229919e+01 1.422944164276e+01 9.792455673218e+00 7.761610984802e+00 6.707408905029e+00 5.889232635498e+00 5.774277210236e+00 5.915098190308e+00 5.269665241241e+00 3.961174964905e+00 3.891848087311e+00 4.600718021393e+00 5.252067089081e+00 5.396451950073e+00 5.465418338776e+00 5.469988822937e+00 5.379157066345e+00 4.963272094727e+00 4.400908470154e+00 3.914800882339e+00 3.520483493805e+00 3.404734134674e+00 2.977345705032e+00
2.320917701721e+01 4.830472564697e+01 3.220174407959e+01 4.489310073853e+01 3.197413253784e+01 4.356599426270e+01 3.840573120117e+01 2.362924575806e+01 2.348150062561e+01 1.801269721985e+01 2.999540328979e+01 2.000193595886e+01 1.215029525757e+01 1.482045555115e+01 2.683377456665e+01 1.564933013916e+01 1.829519081116e+01 2.840895843506e+01 2.530633735657e+01 1.703022575378e+01 1.141428184509e+01 7.854463577271e+00 7.339425086975e+00 6.490428447723e+00 6.392629146576e+00 6.131314754486e+00 5.381669998169e+00 4.698075771332e+00 4.226760387421e+00 4.165577888489e+00 4.565234661102e+00 4.282745838165e+00 3.510550260544e+00 3.103609085083e+00 3.002040863037e+00 2.607108354568e+00 2.641815900803e+00 2.905931949615e+00 3.195180416107e+00 3.531225681305e+00 3.820971727371e+00 4.921586036682e+00 5.096798896790e+00
3.344712066650e+01 2.415097808838e+01 4.259520721436e+01 3.272175979614e+01 3.596799850464e+01 4.641018676758e+01 2.878038024902e+01 2.618602371216e+01 1.895975303650e+01 1.951853561401e+01 3.239302825928e+01 1.818035316467e+01 1.837741470337e+01 1.795428466797e+01 2.191839790344e+01 3.529576873779e+01 2.399613952637e+01 1.222456073761e+01 1.136361980438e+01 7.584453105927e+00 5.867300033569e+00 8.183496475220e+00 1.072320175171e+01 9.608860015869e+00 6.986601352692e+00 6.004219532013e+00 5.881389141083e+00 5.427132129669e+00 4.686394691467e+00 4.351135730743e+00 4.092541217804e+00 4.264039516449e+00 4.079289436340e+00 3.790499925613e+00 3.739610671997e+00 3.926365613937e+00 3.872270822525e+00 3.514554977417e+00 4.349101066589e+00 5.948995590210e+00 4.920253276825e+00 3.566410541534e+00 3.087119579315e+00
3.808261489868e+01 3.434236526489e+01 5.596490097046e+01 4.730882644653e+01 4.590537261963e+01 4.988649368286e+01 4.593894577026e+01 2.505389595032e+01 2.804877090454e+01 2.742107200623e+01 3.093728637695e+01 2.598908233643e+01 2.371275520325e+01 4.045057678223e+01 2.604171943665e+01 1.873259353638e+01 1.626737213135e+01 1.310511970520e+01 9.605472564697e+00 1.460199069977e+01 1.576033115387e+01 8.629385948181e+00 1.343914604187e+01 1.048960876465e+01 9.419276237488e+00 8.287267684937e+00 7.304547309875e+00 6.518895149231e+00 5.860240459442e+00 5.455308437347e+00 1.009204578400e+01 4.270601749420e+00 4.096275329590e+00 3.862931728363e+00 5.154861450195e+00 6.361668109894e+00 5.529005527496e+00 6.352248191833e+00 5.289118766785e+00 5.787949085236e+00 5.830132007599e+00 5.693789958954e+00 5.223239898682e+00
3.674140167236e+01 4.962861633301e+01 4.393275070190e+01 4.391517257690e+01 4.034047317505e+01 5.385502243042e+01 7.894316101074e+01 3.624236297607e+01 4.005615615845e+01 4.133084106445e+01 3.590227890015e+01 3.493609237671e+01 4.355883407593e+01 2.432851219177e+01 2.602670097351e+01 1.471396636963e+01 1.903333663940e+01 2.543997383118e+01 2.008592796326e+01 2.008627510071e+01 2.074675941467e+01 1.380625629425e+01 8.410943031311e+00 8.153706550598e+00 7.601838588715e+00 7.515670776367e+00 8.607936859131e+00 1.478455448151e+01 1.763416099548e+01 1.554029560089e+01 7.631823539734e+00 5.528020381927e+00 5.230795860291e+00 6.156831264496e+00 7.376846313477e+00 7.360423564911e+00 6.723189830780e+00 6.024428367615e+00 4.347972869873e+00 5.394221782684e+00 6.430360317230e+00 6.413032054901e+00 6.164057254791e+00
4.330686569214e+01 6.324159622192e+01 1.019981307983e+02 6.471594238281e+01 9.992005920410e+01 5.542533874512e+01 1.254543533325e+02 3.571536254883e+01 6.532569122314e+01 5.212567138672e+01 4.338161468506e+01 4.508274841309e+01 2.429124641418e+01 3.005781555176e+01 3.269061279297e+01 3.204693603516e+01 2.004358482361e+01 1.203593730927e+01 2.590886306763e+01 2.239082908630e+01 1.235571861267e+01 1.123328113556e+01 1.038299465179e+01 1.878496170044e+01 2.298477935791e+01 2.022016906738e+01 1.348342418671e+01 1.001652431488e+01 1.084835052490e+01 6.930963993073e+00 5.218592643738e+00 7.819471836090e+00 9.729748725891e+00 8.763386726379e+00 7.790803432465e+00 1.030176925659e+01 1.222126483917e+01 1.093382740021e+01 7.847613811493e+00 5.627793312073e+00 7.020738601685e+00 7.705765724182e+00 8.121392250061e+00
5.399954223633e+01 6.761519622803e+01 8.021189117432e+01 1.045156631470e+02 8.748632812500e+01 9.108750152588e+01 1.497566833496e+02 5.968820190430e+01 7.058308410645e+01 5.603991699219e+01 5.392498779297e+01 3.235203552246e+01 3.319679641724e+01 4.135884094238e+01 3.257910919189e+01 2.382322120667e+01 3.401297760010e+01 3.170639228821e+01 2.458345794678e+01 3.107888984680e+01 3.138338661194e+01 2.711572837830e+01 1.931865119934e+01 1.080499362946e+01 1.181176376343e+01 1.061614418030e+01 8.614292144775e+00 8.839813232422e+00 9.205156326294e+00 9.814178466797e+00 9.563109397888e+00 8.183685302734e+00 7.864095687866e+00 6.623591899872e+00 1.186281108856e+01 1.450508213043e+01 1.360707664490e+01 1.003320789337e+01 6.093851089478e+00 3.934689521790e+00 5.373435974121e+00 6.174258232117e+00 5.697933673859e+00
5.021855545044e+01 7.297945404053e+01 8.810121154785e+01 8.554684448242e+01 1.264776382446e+02 9.728183746338e+01 1.550621643066e+02 8.380586242676e+01 7.260593414307e+01 7.988195800781e+01 6.219700622559e+01 3.930381011963e+01 4.012450790405e+01 4.214089584351e+01 2.522037506104e+01 3.594288635254e+01 4.608520126343e+01 3.212942886353e+01 1.845526504517e+01 1.815611457825e+01 1.597798061371e+01 1.287255859375e+01 1.236541557312e+01 1.334837341309e+01 1.335618495941e+01 1.181401920319e+01 1.038438034058e+01 1.015552425385e+01 8.403462409973e+00 9.463450431824e+00 8.742461204529e+00 7.990035057068e+00 5.582067012787e+00 9.986003875732e+00 1.193367099762e+01 1.132405662537e+01 7.926970481873e+00 4.390848159790e+00 6.049474716187e+00 5.714787483215e+00 4.303259372711e+00 3.782999277115e+00 4.089335918427e+00
7.585361480713e+01 1.036648483276e+02 1.067503280640e+02 1.199048614502e+02 1.318357086182e+02 1.657397460938e+02 1.576039123535e+02 2.906367492676e+02 1.086386566162e+02 6.941868591309e+01 6.268822479248e+01 5.822217178345e+01 4.879470443726e+01 7.385840606689e+01 6.446532440186e+01 3.777999496460e+01 3.392845153809e+01 3.495834350586e+01 2.546148109436e+01 2.335125923157e+01 2.308289337158e+01 2.190783882141e+01 2.268070793152e+01 1.683777236938e+01 2.230728530884e+01 1.975211524963e+01 1.239955806732e+01 1.128345203400e+01 1.137505531311e+01 1.056877899170e+01 9.038434028625e+00 8.708168029785e+00 8.947554588318e+00 1.032172775269e+01 9.602443695068e+00 7.385218143463e+00 5.804422378540e+00 5.212629795074e+00 5.075551986694e+00 5.015085220337e+00 4.896173000336e+00 4.710336685181e+00 4.513288497925e+00
5.021839141846e+01 1.363875885010e+02 9.772618103027e+01 1.206505279541e+02 1.927168426514e+02 1.647098236084e+02 1.934827880859e+02 2.191959838867e+02 1.089555892944e+02 1.028135528564e+02 1.327528533936e+02 8.309127807617e+01 1.026222686768e+02 8.031574249268e+01 6.667276763916e+01 5.770719146729e+01 4.875333023071e+01 4.196457290649e+01 3.685658264160e+01 5.171805572510e+01 5.991312789917e+01 2.484074783325e+01 1.592489910126e+01 1.567971897125e+01 2.196737480164e+01 1.429701137543e+01 1.245636367798e+01 1.216690063477e+01 1.093668556213e+01 1.038409137726e+01 9.952978134155e+00 1.026697731018e+01 1.086076736450e+01 9.289013862610e+00 7.116443634033e+00 6.837847232819e+00 6.456622600555e+00 5.099688529968e+00 5.033999919891e+00 4.869688034058e+00 4.496911048889e+00 4.607381343842e+00 4.833810329437e+00
1.264451980591e+02 1.524012756348e+02 1.717451782227e+02 1.834120788574e+02 2.202253417969e+02 3.052212829590e+02 4.061186218262e+02 1.753101806641e+02 1.431907501221e+02 1.055016403198e+02 1.499178619385e+02 1.503139648438e+02 5.504110717773e+01 8.657595825195e+01 9.537810516357e+01 4.806011962891e+01 4.305887985229e+01 4.506786727905e+01 4.903844070435e+01 5.684488677979e+01 4.324034881592e+01 2.010721206665e+01 2.065752029419e+01 1.783729553223e+01 1.622053527832e+01 1.391558647156e+01 1.350044918060e+01 1.338646984100e+01 1.113000106812e+01 7.731767177582e+00 7.151168346405e+00 7.796010971069e+00 8.434132575989e+00 8.649155616760e+00 8.264472007751e+00 7.889461040497e+00 7.014945507050e+00 7.248673915863e+00 8.049140930176e+00 8.211974143982e+00 7.326540470123e+00 6.338789939880e+00 5.519158363342e+00
8.728746032715e+01 1.553980255127e+02 1.636955261230e+02 2.099906311035e+02 2.112235565186e+02 2.077188568115e+02 2.061270141602e+02 1.600151672363e+02 1.142436599731e+02 1.289339599609e+02 1.230172348022e+02 1.268181304932e+02 1.547031097412e+02 6.552671813965e+01 5.855332946777e+01 3.635949325562e+01 3.249760818481e+01 2.267174720764e+01 2.132255363464e+01 1.795191764832e+01 1.559562778473e+01 1.760065650940e+01 2.160946655273e+01 2.475760269165e+01 2.520241165161e+01 2.191076087952e+01 1.693319892883e+01 1.170321083069e+01 8.118252754211e+00 6.691040039062e+00 5.954943180084e+00 6.493909358978e+00 8.356996536255e+00 5.508906841278e+00 6.320810317993e+00 6.877749443054e+00 5.478928089142e+00 6.777686595917e+00 7.984660625458e+00 8.437251091003e+00 9.536937713623e+00 1.193093109131e+01 1.350663185120e+01
3.388999557495e+01 4.745569229126e+01 7.493476867676e+01 3.510429992676e+02 1.884320526123e+02 1.810225372314e+02 1.031497192383e+02 1.049189910889e+02 9.715631866455e+01 1.518823699951e+02 1.455716552734e+02 2.092747497559e+02 2.960942687988e+02 2.130468597412e+02 1.363468780518e+02 6.210530853271e+01 2.898064041138e+01 2.047081756592e+01 1.955949020386e+01 2.584088897705e+01 3.370163726807e+01 3.110907936096e+01 2.286166000366e+01 1.463114166260e+01 1.622173500061e+01 1.519056987762e+01 2.108646774292e+01 3.110417938232e+01 1.437496566772e+01 7.996315002441e+00 7.495653629303e+00 1.226472568512e+01 7.837630271912e+00 4.825057506561e+00 4.457404613495e+00 4.566957473755e+00 4.645686626434e+00 4.770387649536e+00 4.844594955444e+00 4.830077648163e+00 4.827440738678e+00 5.322410583496e+00 4.651451587677e+00
6.242937088013e+00 1.490024185181e+01 3.654927825928e+01 4.768408203125e+01 4.969362258911e+01 4.858461380005e+01 3.746346664429e+01 5.360321807861e+01 5.118114471436e+01 8.465573120117e+01 1.717776794434e+02 1.942434082031e+02 2.662457580566e+02 1.433527832031e+02 1.033026657104e+02 5.766270065308e+01 2.616709899902e+01 1.368190956116e+01 1.561686706543e+01 3.203306198120e+01 1.014830551147e+02 4.266227340698e+01 3.639118957520e+01 2.827159500122e+01 2.867045021057e+01 2.451673507690e+01 2.541781234741e+01 1.773434448242e+01 9.347724914551e+00 1.239839553833e+01 1.048360061646e+01 1.011412620544e+01 6.381483078003e+00 5.814541816711e+00 4.071092128754e+00 3.570570230484e+00 3.749725103378e+00 3.628550529480e+00 3.914620876312e+00 3.753772020340e+00 4.876433372498e+00 5.715791702271e+00 5.521353721619e+00
3.987678289413e+00 7.592237472534e+00 2.368097114563e+01 1.421889400482e+01 1.167197895050e+01 9.750721931458e+00 1.512608051300e+01 2.434935569763e+01 2.540502548218e+01 2.703840065002e+01 7.766103363037e+01 3.595127258301e+02 3.009776306152e+02 1.352079467773e+02 6.369259643555e+01 1.904810523987e+01 1.062171649933e+01 6.954481124878e+00 8.589705467224e+00 2.241279411316e+01 5.119869613647e+01 8.846463012695e+01 4.393183135986e+01 3.329944610596e+01 2.620957946777e+01 1.960579681396e+01 2.060943031311e+01 1.925749969482e+01 1.684698295593e+01 1.529585170746e+01 1.848373413086e+01 8.133176803589e+00 7.386064529419e+00 6.009689331055e+00 6.180523395538e+00 5.777724266052e+00 4.869490623474e+00 4.003643989563e+00 4.690236568451e+00 5.406721591949e+00 6.323819160461e+00 6.216967582703e+00 5.297242164612e+00
2.721996784210e+00 1.138864421844e+01 2.612355041504e+01 2.688573074341e+01 4.971278667450e+00 5.892936706543e+00 5.716387271881e+00 1.131817722321e+01 2.062272262573e+01 3.982828903198e+01 5.313748168945e+01 1.031831893921e+02 2.127913513184e+02 1.482940063477e+02 1.982917022705e+02 4.786063385010e+01 6.075021266937e+00 3.786116600037e+00 5.933727264404e+00 2.150766372681e+01 5.750756072998e+01 9.287185668945e+01 7.016617584229e+01 4.750506591797e+01 3.296914672852e+01 2.079044151306e+01 2.373964500427e+01 1.741896629333e+01 1.705075263977e+01 1.693429756165e+01 1.392632865906e+01 1.109456920624e+01 7.863611698151e+00 8.433097839355e+00 7.765161991119e+00 5.895815372467e+00 5.544255733490e+00 5.062340259552e+00 4.689790248871e+00 5.464356422424e+00 5.979326248169e+00 5.803277969360e+00 5.133253574371e+00
2.443111419678e+00 5.867856502533e+00 3.864177322388e+01 4.856154632568e+01 2.678206253052e+01 3.905397891998e+00 3.055836439133e+00 5.553525447845e+00 5.516512870789e+00 4.790118694305e+00 3.953366041183e+00 1.651442718506e+01 7.122803497314e+01 4.544489669800e+01 2.359198303223e+02 3.085986900330e+01 1.731619262695e+01 6.852796554565e+00 5.309082508087e+00 1.714088439941e+01 3.273481750488e+01 2.967512207031e+02 9.610884094238e+01 4.030508041382e+01 4.028597259521e+01 2.148897552490e+01 2.296455192566e+01 1.953145027161e+01 2.702900886536e+01 2.069456291199e+01 1.183992958069e+01 1.197216415405e+01 1.100891399384e+01 1.046267414093e+01 1.025740909576e+01 8.175020217896e+00 8.405643463135e+00 9.260901451111e+00 5.975689888000e+00 4.608685493469e+00 4.571270942688e+00 4.499320983887e+00 4.884873867035e+00
1.574386000633e+00 2.631590843201e+00 3.323876857758e+00 1.936996078491e+01 1.235569286346e+01 2.757679700851e+00 2.340533494949e+00 2.725626230240e+00 2.618733882904e+00 2.443966388702e+00 1.769768238068e+00 1.972419381142e+00 5.927850246429e+00 4.255163574219e+01 1.152723388672e+02 3.048718261719e+01 2.294610595703e+01 1.026780128479e+01 6.117180824280e+00 1.202417087555e+01 1.498418807983e+01 1.964835357666e+01 1.872673988342e+01 1.425223541260e+01 1.959477233887e+01 3.274354171753e+01 2.816261482239e+01 2.802642822266e+01 1.851439476013e+01 2.326120567322e+01 2.421522712708e+01 2.102839279175e+01 1.584710121155e+01 1.089837169647e+01 1.031415843964e+01 8.998490333557e+00 7.688424587250e+00 8.094577789307e+00 7.862604618073e+00 5.213463306427e+00 4.315002441406e+00 4.425173759460e+00 4.505286216736e+00
1.709239482880e+00 2.639945983887e+00 1.743457794189e+00 2.052768468857e+00 2.105237483978e+00 2.410928964615e+00 2.142580747604e+00 2.000618219376e+00 1.927462935448e+00 1.482106685638e+00 1.044885993004e+00 8.400166630745e-01 1.401008486748e+00 4.165706634521e+01 6.185558700562e+01 7.946442413330e+01 1.916975212097e+01 2.324538993835e+01 2.135424613953e+01 6.848867893219e+00 7.584475040436e+00 1.426038646698e+01 3.902804565430e+01 3.872226715088e+01 5.023316955566e+01 5.022104644775e+01 4.677439498901e+01 4.385093688965e+01 4.108900070190e+01 3.879783248901e+01 4.098923110962e+01 4.999409866333e+01 4.268973159790e+01 1.732427406311e+01 6.957350730896e+00 8.371239662170e+00 9.157189369202e+00 6.337715625763e+00 6.446382522583e+00 4.547871112823e+00 4.641748905182e+00 3.310440540314e+00 3.750797271729e+00
