100/SI/f106_max.grd
DSAA
101	101
32.816463539100	34.260883539100
35.556306596100	36.727886596100
2.177591202781e-03	4.061186218262e+02
[rows 0 to 18 of 101, columns 43 to 85 of 101]
5.451813340187e-01 9.282158613205e-01 1.070718646049e+00 8.510525226593e-01 5.943031907082e-01 6.175839304924e-01 5.346379280090e-01 4.812277853489e-01 3.194461464882e-01 4.469426572323e-01 5.932680368423e-01 7.010495066643e-01 8.964319825172e-01 1.270586848259e+00 5.790725350380e-01 7.243598103523e-01 9.191438555717e-01 9.794293045998e-01 6.631532311440e-01 4.743813574314e-01 5.361882448196e-01 6.484088301659e-01 6.748430728912e-01 7.157294750214e-01 7.180965542793e-01 5.162554979324e-01 3.478015065193e-01 3.551214933395e-01 6.737766265869e-01 1.002141833305e+00 7.968198060989e-01 3.910923302174e-01 4.876006543636e-01 3.436577916145e-01 3.381314575672e-01 2.999594211578e-01 2.421560138464e-01 2.180018275976e-01 1.662196367979e-01 1.722387075424e-01 2.128532528877e-01 3.547757863998e-01 3.530134856701e-01
9.459192156792e-01 1.682480096817e+00 2.102269887924e+00 1.864712476730e+00 1.400595903397e+00 1.380039215088e+00 1.115725994110e+00 9.330864548683e-01 8.690528869629e-01 9.842576384544e-01 1.097461938858e+00 1.327141284943e+00 1.778765082359e+00 2.545145273209e+00 1.106767535210e+00 1.379704236984e+00 1.740778923035e+00 1.838936090469e+00 1.265693545341e+00 9.176939725876e-01 1.007599592209e+00 1.238895893097e+00 1.338250875473e+00 1.256806850433e+00 1.286712288857e+00 1.081049442291e+00 6.370329856873e-01 7.182682156563e-01 1.528697371483e+00 2.412951469421e+00 1.422189950943e+00 6.507810950279e-01 9.550387859344e-01 6.346817612648e-01 6.338744163513e-01 5.284905433655e-01 4.336981177330e-01 3.853522539139e-01 3.186554312706e-01 3.199639618397e-01 4.709867835045e-01 7.194921374321e-01 6.714558005333e-01
1.186504721642e+00 1.721430420876e+00 2.351374387741e+00 2.315753936768e+00 1.885520815849e+00 2.003262281418e+00 1.321431994438e+00 1.146207809448e+00 1.540001511574e+00 1.542066097260e+00 1.095952987671e+00 1.472898364067e+00 1.900259375572e+00 2.667829275131e+00 1.267638802528e+00 1.573860168457e+00 1.952025055885e+00 2.111446619034e+00 1.462923765182e+00 1.105305314064e+00 1.146988034248e+00 1.245685696602e+00 1.508211851120e+00 1.578358292580e+00 1.906740665436e+00 1.461801528931e+00 8.302466869354e-01 9.030497074127e-01 2.011221885681e+00 3.125133752823e+00 1.462874770164e+00 7.651112079620e-01 1.101383566856e+00 7.034844756126e-01 7.083265781403e-01 6.192927956581e-01 5.496327280998e-01 4.362261295319e-01 3.656829595566e-01 4.545423090458e-01 5.972582697868e-01 7.977575063705e-01 6.886771321297e-01
1.368684053421e+00 1.555287480354e+00 2.108457088470e+00 2.292874813080e+00 2.046884536743e+00 2.676674127579e+00 1.383342385292e+00 1.562033891678e+00 2.195891857147e+00 2.264318704605e+00 1.505156397820e+00 1.542531132698e+00 1.949178338051e+00 2.695824861526e+00 1.332319259644e+00 1.689252138138e+00 2.004522085190e+00 2.203623056412e+00 1.535991907120e+00 1.454731106758e+00 1.232365012169e+00 1.512717604637e+00 1.827905535698e+00 1.798025727272e+00 2.536794662476e+00 1.807250261307e+00 9.363242983818e-01 1.077408909798e+00 2.347793102264e+00 3.392317533493e+00 1.390773653984e+00 8.305547833443e-01 1.168435215950e+00 6.600611805916e-01 7.253929376602e-01 7.927840948105e-01 6.686187386513e-01 5.029819607735e-01 4.450119733810e-01 5.611484646797e-01 7.134008407593e-01 8.321000933647e-01 6.610799431801e-01
1.348646163940e+00 1.866807222366e+00 1.668277263641e+00 1.943657159805e+00 1.891918301582e+00 3.394348144531e+00 1.329543471336e+00 1.925913333893e+00 2.802467584610e+00 3.012017250061e+00 2.120357990265e+00 1.603003501892e+00 2.006267547607e+00 2.712810039520e+00 1.384045958519e+00 1.852237462997e+00 2.029735088348e+00 2.279477596283e+00 1.684718608856e+00 1.790365576744e+00 1.419383883476e+00 1.917238116264e+00 2.324944734573e+00 2.256184101105e+00 3.157793045044e+00 2.091762542725e+00 1.138275384903e+00 1.156209588051e+00 2.487723350525e+00 3.277422904968e+00 1.498866200447e+00 9.889583587646e-01 1.209090590477e+00 7.819821238518e-01 9.003979563713e-01 9.334390163422e-01 7.453252673149e-01 5.265710353851e-01 5.644019842148e-01 6.111473441124e-01 8.332416415215e-01 8.453619480133e-01 6.336700916290e-01
1.172355294228e+00 1.985302567482e+00 1.493380427361e+00 1.544278264046e+00 1.648716330528e+00 4.108985424042e+00 1.482076168060e+00 2.190707445145e+00 3.340206146240e+00 3.753894329071e+00 2.766448497772e+00 1.691281795502e+00 2.082793712616e+00 2.727617979050e+00 1.454057931900e+00 1.988502264023e+00 2.026161670685e+00 2.346817255020e+00 1.726589202881e+00 2.079681158066e+00 1.725284576416e+00 2.325306653976e+00 2.770765304565e+00 2.644567251205e+00 3.714951992035e+00 2.257369756699e+00 1.253358721733e+00 1.384082198143e+00 2.382426738739e+00 2.658260107040e+00 1.510832071304e+00 1.142937898636e+00 1.221126317978e+00 8.741722702980e-01 1.055230140686e+00 1.038773417473e+00 7.826758623123e-01 5.654634833336e-01 6.351584792137e-01 6.573498845100e-01 9.533449411392e-01 8.614999055862e-01 6.088597178459e-01
1.091412901878e+00 1.903799772263e+00 1.501290321350e+00 1.219473958015e+00 1.602456808090e+00 4.766949653625e+00 1.714506268501e+00 2.318316221237e+00 3.713280916214e+00 4.323935031891e+00 3.357810735703e+00 1.774476647377e+00 2.151228427887e+00 2.731236219406e+00 1.533295154572e+00 2.121507167816e+00 1.993053436279e+00 2.394280433655e+00 1.735525727272e+00 2.202454805374e+00 1.978810787201e+00 2.616699218750e+00 3.074214220047e+00 2.861428260803e+00 4.126934528351e+00 2.276319026947e+00 1.211275577545e+00 1.550047993660e+00 2.042792558670e+00 1.938640236855e+00 2.019481420517e+00 1.550908446312e+00 1.212938666344e+00 9.393043518066e-01 1.178158402443e+00 1.100610852242e+00 7.797763943672e-01 6.641883850098e-01 6.257902383804e-01 8.935229182243e-01 1.090385556221e+00 8.845379352570e-01 5.694244503975e-01
1.254130721092e+00 1.820125222206e+00 1.452820777893e+00 1.376778483391e+00 1.801847457886e+00 5.392840385437e+00 1.958102107048e+00 2.245995044708e+00 3.757900238037e+00 4.572453022003e+00 3.826097965240e+00 2.326366901398e+00 2.238861322403e+00 2.749926090240e+00 1.624238967896e+00 2.246831417084e+00 1.935135722160e+00 2.426615476608e+00 1.790754318237e+00 2.089009523392e+00 2.132042884827e+00 2.755941629410e+00 3.150374174118e+00 2.862621545792e+00 4.367169380188e+00 2.194761276245e+00 1.473078131676e+00 1.847498893738e+00 2.115058660507e+00 2.517195463181e+00 2.684484243393e+00 2.088592767715e+00 1.179774284363e+00 1.110790848732e+00 1.256584286690e+00 1.109169483185e+00 7.377696037292e-01 6.819087862968e-01 7.530362010002e-01 1.202125191689e+00 1.194528341293e+00 8.430631756783e-01 4.843848049641e-01
1.405381917953e+00 1.827040553093e+00 1.442741870880e+00 1.487949609756e+00 1.993027210236e+00 5.975008964539e+00 2.213304996490e+00 1.979530811310e+00 3.442214965820e+00 4.464218139648e+00 4.107933998108e+00 2.842722415924e+00 2.331146240234e+00 3.001441955566e+00 1.715218186378e+00 2.371900796890e+00 1.873572111130e+00 2.450012683868e+00 1.829403996468e+00 1.851441621780e+00 2.230561256409e+00 2.704964160919e+00 2.993008136749e+00 2.969749689102e+00 4.345320701599e+00 1.943143367767e+00 1.859109520912e+00 2.185915470123e+00 2.555543899536e+00 3.082674741745e+00 3.369224548340e+00 2.698923826218e+00 1.514956355095e+00 1.379840731621e+00 1.411043286324e+00 1.058669209480e+00 7.375748753548e-01 6.350030303001e-01 1.195172309875e+00 1.453494906425e+00 1.155437588692e+00 6.702447533607e-01 5.749170780182e-01
1.505246758461e+00 1.862530946732e+00 1.430107116699e+00 1.456787943840e+00 2.175206422806e+00 6.443011760712e+00 2.436673402786e+00 1.632163047791e+00 2.942760705948e+00 4.087164878845e+00 4.146247863770e+00 3.253722667694e+00 2.415478944778e+00 3.240687370300e+00 2.115604162216e+00 2.510549545288e+00 2.431955575943e+00 2.489105224609e+00 1.850589036942e+00 2.208500862122e+00 2.187095165253e+00 2.507703065872e+00 2.641855955124e+00 3.317890167236e+00 4.041688442230e+00 1.801328301430e+00 2.178956508636e+00 2.506706237793e+00 2.905100107193e+00 3.541046142578e+00 3.943202733994e+00 3.258201360703e+00 1.889602661133e+00 1.463800430298e+00 1.530698060989e+00 9.569405913353e-01 8.150269985199e-01 1.138052821159e+00 1.602707028389e+00 1.467170953751e+00 8.944670557976e-01 6.542876362801e-01 6.012142896652e-01
1.523593783379e+00 1.929005146027e+00 1.420442819595e+00 1.560520887375e+00 2.338860750198e+00 6.817705631256e+00 2.640985488892e+00 1.599266886711e+00 2.366784334183e+00 3.465095520020e+00 3.853891849518e+00 3.471050262451e+00 2.797694921494e+00 3.228120088577e+00 2.680332183838e+00 2.646824359894e+00 3.435318708420e+00 2.563372850418e+00 1.847563743591e+00 2.928914785385e+00 2.391397953033e+00 2.226475715637e+00 3.122101783752e+00 3.537475109100e+00 3.523062705994e+00 2.062865257263e+00 2.410587549210e+00 2.703137874603e+00 3.001453876495e+00 3.789180040359e+00 4.431132793427e+00 3.772288560867e+00 2.217091798782e+00 1.274922847748e+00 1.450280427933e+00 1.002210021019e+00 1.038839578629e+00 1.679509878159e+00 1.716610789299e+00 1.140753626823e+00 7.952551245689e-01 7.574279308319e-01 7.097383737564e-01
1.478357911110e+00 2.003606796265e+00 1.862081885338e+00 1.768632888794e+00 2.485992908478e+00 7.056636810303e+00 2.770366668701e+00 1.662378668785e+00 1.957891821861e+00 2.703433036804e+00 3.301426649094e+00 3.418928146362e+00 3.122660398483e+00 3.430501699448e+00 3.247616052628e+00 2.771044492722e+00 4.598726749420e+00 3.381555318832e+00 1.840812087059e+00 3.563979625702e+00 2.670953750610e+00 2.783486366272e+00 4.114194869995e+00 3.590151309967e+00 2.857468128204e+00 2.261185646057e+00 2.468871831894e+00 2.764079809189e+00 2.857131004333e+00 3.738674640656e+00 4.664281845093e+00 4.158724784851e+00 2.468237876892e+00 1.112977027893e+00 1.348536491394e+00 1.193043708801e+00 1.663107991219e+00 1.933960914612e+00 1.376073598862e+00 9.173892736435e-01 8.836367726326e-01 8.402653336525e-01 7.937434911728e-01
1.486190795898e+00 2.078098773956e+00 2.356187820435e+00 1.628800630569e+00 2.624768733978e+00 7.250735282898e+00 2.829308271408e+00 1.718084454536e+00 1.962674856186e+00 2.522938489914e+00 2.547076463699e+00 3.040840625763e+00 3.220721483231e+00 3.827131509781e+00 3.493586540222e+00 3.010168790817e+00 5.739799976349e+00 4.129397869110e+00 1.822866320610e+00 4.063544750214e+00 2.807712316513e+00 3.382730722427e+00 4.860153675079e+00 3.352557659149e+00 2.122267723083e+00 2.320117473602e+00 2.367470741272e+00 2.616638898849e+00 2.569362878799e+00 3.398817777634e+00 4.481058120728e+00 4.234684944153e+00 2.593958854675e+00 1.143671274185e+00 1.294519543648e+00 1.538414716721e+00 2.096764326096e+00 1.661028027534e+00 9.873574376106e-01 9.547002911568e-01 9.332468509674e-01 9.021566510201e-01 8.612794280052e-01
1.331513524055e+00 2.154184818268e+00 2.559719324112e+00 1.700934767723e+00 2.766270875931e+00 7.469841480255e+00 2.867598533630e+00 1.835161685944e+00 1.794604659081e+00 2.435014009476e+00 2.001233577728e+00 2.460099935532e+00 3.604848623276e+00 4.110295772552e+00 3.254471778870e+00 3.726824998856e+00 6.648082256317e+00 4.731817245483e+00 2.077337026596e+00 4.410750389099e+00 2.928013801575e+00 3.686368227005e+00 5.101263999939e+00 2.793326616287e+00 2.226590156555e+00 2.420908927917e+00 2.497649669647e+00 2.329735040665e+00 2.056021451950e+00 2.821206092834e+00 3.930569410324e+00 3.976234436035e+00 2.570032119751e+00 1.132569670677e+00 1.321199774742e+00 2.149453639984e+00 1.993205785751e+00 1.138412117958e+00 9.663397669792e-01 9.230786561966e-01 9.089860320091e-01 9.070707559586e-01 8.857511878014e-01
1.736421108246e+00 2.243173360825e+00 2.567996501923e+00 2.769776344299e+00 2.911856651306e+00 7.598910808563e+00 2.856711387634e+00 2.191585063934e+00 1.519218802452e+00 2.308098793030e+00 1.873477935791e+00 2.719381332397e+00 3.800160169601e+00 4.394688606262e+00 3.521713972092e+00 4.430112361908e+00 7.396594524384e+00 5.086722850800e+00 2.577423334122e+00 4.706670284271e+00 3.218955278397e+00 3.601843357086e+00 4.908413887024e+00 2.221153497696e+00 2.075608015060e+00 2.908856868744e+00 3.178398132324e+00 1.991750955582e+00 1.583321213722e+00 2.167402029037e+00 3.230982780457e+00 3.536233425140e+00 2.416359186172e+00 1.070910334587e+00 2.051129579544e+00 2.307326316833e+00 1.392788052559e+00 1.031979441643e+00 8.831450939178e-01 8.606269359589e-01 8.542674779892e-01 1.001195430756e+00 1.180972695351e+00
2.294812202454e+00 2.348840475082e+00 2.533525228500e+00 3.402256965637e+00 3.020597219467e+00 7.635787010193e+00 2.774610042572e+00 2.512500524521e+00 1.609260201454e+00 2.367823600769e+00 2.008360385895e+00 2.915313005447e+00 3.980880260468e+00 4.672771930695e+00 3.404611349106e+00 5.010620594025e+00 7.543083190918e+00 4.823815345764e+00 3.056587219238e+00 4.956883907318e+00 3.230366706848e+00 3.301105499268e+00 4.255992412567e+00 2.190566301346e+00 2.112994909286e+00 3.353456974030e+00 3.429431915283e+00 1.795078039169e+00 1.715026378632e+00 1.553027391434e+00 2.500027656555e+00 2.959337711334e+00 2.140276908875e+00 1.849652290344e+00 2.484001636505e+00 1.785749912262e+00 1.015259861946e+00 8.526371717453e-01 7.948686480522e-01 7.497943639755e-01 1.069747447968e+00 1.389212489128e+00 1.381613373756e+00
2.747472524643e+00 3.045922994614e+00 2.885387420654e+00 3.150476932526e+00 3.078593254089e+00 7.570013999939e+00 2.705891370773e+00 2.763694763184e+00 1.691545367241e+00 2.406017303467e+00 2.223195791245e+00 3.018609046936e+00 4.193595409393e+00 4.948221206665e+00 3.133951187134e+00 5.381910324097e+00 7.111592292786e+00 4.280237197876e+00 3.368928432465e+00 5.146874904633e+00 2.895613193512e+00 2.644805908203e+00 3.315636396408e+00 2.028516530991e+00 2.489422082901e+00 3.363764762878e+00 3.170396566391e+00 1.890359044075e+00 1.983195066452e+00 1.677669644356e+00 2.248680114746e+00 2.323275089264e+00 1.760211467743e+00 2.493117570877e+00 2.191156864166e+00 1.556593418121e+00 8.713451027870e-01 7.215972542763e-01 9.082728028297e-01 1.025862336159e+00 1.488949775696e+00 1.524926662445e+00 1.269399285316e+00
3.602455139160e+00 3.659405231476e+00 3.964419603348e+00 3.107167720795e+00 3.501263380051e+00 7.327436923981e+00 3.089946031570e+00 2.949886560440e+00 2.176902770996e+00 2.413091182709e+00 2.459386110306e+00 3.723421812057e+00 4.371259212494e+00 5.255173206329e+00 3.451659440994e+00 5.410552501678e+00 6.325413227081e+00 4.147646903992e+00 3.485196113586e+00 5.290767192841e+00 2.644618749619e+00 2.323780536652e+00 2.547195434570e+00 2.157371044159e+00 2.708899736404e+00 3.015215396881e+00 2.349907875061e+00 2.096948146820e+00 2.314347743988e+00 1.913975000381e+00 2.324578523636e+00 1.646414279938e+00 2.363028049469e+00 2.477905988693e+00 2.235296010971e+00 1.412094712257e+00 9.387822151184e-01 8.995474576950e-01 1.086504936218e+00 1.483350753784e+00 1.653550267220e+00 1.330551147461e+00 9.873363971710e-01
4.005167484283e+00 4.073922157288e+00 4.956957817078e+00 4.622508049011e+00 3.059695482254e+00 6.911105155945e+00 2.885973930359e+00 3.233154773712e+00 3.016726016998e+00 2.502842187881e+00 2.696950197220e+00 4.497937202454e+00 4.755567550659e+00 5.595314979553e+00 3.853908777237e+00 5.092759609222e+00 6.263745784760e+00 5.061480045319e+00 3.409450769424e+00 5.319118499756e+00 2.658174276352e+00 2.464541196823e+00 2.558677673340e+00 2.398723602295e+00 2.542157649994e+00 2.206349372864e+00 2.179392576218e+00 2.446084976196e+00 2.536660432816e+00 1.986687064171e+00 2.305094242096e+00 2.224918365479e+00 2.632205963135e+00 2.281382560730e+00 2.384620904922e+00 1.616614222527e+00 1.155862808228e+00 1.160270094872e+00 1.410715699196e+00 1.660022258759e+00 1.369656562805e+00 1.007298946381e+00 9.881385564804e-01
