100/SI/f106_max.grd
DSAA
101	101
32.816463539100	34.260883539100
35.556306596100	36.727886596100
2.177591202781e-03	4.061186218262e+02
[rows 57 to 75 of 101, columns 0 to 42 of 101]
1.232815757394e-01 2.023499011993e-01 2.224490791559e-01 2.229356169701e-01 2.265757769346e-01 2.742661535740e-01 3.080341815948e-01 3.385697305202e-01 3.671963810921e-01 3.763476014137e-01 3.796545863152e-01 5.315397977829e-01 9.082935452461e-01 4.966846406460e-01 3.526929318905e-01 5.282374620438e-01 4.738927781582e-01 5.573549866676e-01 6.755430698395e-01 6.780244708061e-01 6.934513449669e-01 5.450247526169e-01 3.757477104664e-01 3.299430012703e-01 3.590137362480e-01 4.965132176876e-01 7.869732975960e-01 9.702125787735e-01 7.306410670280e-01 4.392290115356e-01 3.514788448811e-01 2.775485515594e-01 2.903695404530e-01 3.600096702576e-01 4.226360619068e-01 5.319206118584e-01 6.164726614952e-01 6.567080616951e-01 1.072307944298e+00 1.447367548943e+00 1.262269377708e+00 1.135021448135e+00 1.279998779297e+00
1.572798937559e-01 2.572547495365e-01 2.934031188488e-01 2.979812324047e-01 2.953919768333e-01 2.880630195141e-01 2.843706607819e-01 2.986328601837e-01 3.118656277657e-01 5.080962181091e-01 1.642179727554e+00 1.900462508202e+00 7.104482054710e-01 3.681316673756e-01 3.697642982006e-01 3.360754549503e-01 3.689887225628e-01 3.664990961552e-01 4.372927546501e-01 5.529966354370e-01 6.724953055382e-01 7.206320762634e-01 5.067979693413e-01 3.152986168861e-01 3.640811145306e-01 5.530759692192e-01 8.294270634651e-01 8.851606249809e-01 9.023773074150e-01 5.779651403427e-01 3.488869667053e-01 3.198911845684e-01 3.055162727833e-01 3.722154200077e-01 4.399681985378e-01 4.561894834042e-01 4.680703282356e-01 4.797565639019e-01 4.775755107403e-01 5.155549645424e-01 6.426068544388e-01 8.897176384926e-01 1.031843423843e+00
2.092308849096e-01 3.436059057713e-01 4.102050364017e-01 5.811982750893e-01 7.278345227242e-01 9.086157083511e-01 1.184324026108e+00 1.725015282631e+00 3.187260389328e+00 4.527182579041e+00 3.019310951233e+00 7.686115503311e-01 5.306742787361e-01 4.655228257179e-01 3.399723470211e-01 3.465282917023e-01 3.652653098106e-01 3.580580651760e-01 3.550755977631e-01 3.852697312832e-01 6.488151550293e-01 7.365871667862e-01 5.253195762634e-01 3.054888844490e-01 2.362840324640e-01 3.625422716141e-01 5.113882422447e-01 5.451790690422e-01 5.483109354973e-01 4.508636295795e-01 3.208661675453e-01 3.334070146084e-01 3.181719481945e-01 3.581463992596e-01 4.319222569466e-01 4.480390250683e-01 4.269327521324e-01 3.915220201015e-01 3.504693210125e-01 3.927913308144e-01 5.100233554840e-01 6.447771787643e-01 8.753353357315e-01
2.044854164124e-01 4.194851219654e-01 6.923593878746e-01 9.456031918526e-01 1.164120793343e+00 1.515534281731e+00 2.181433439255e+00 3.251258611679e+00 3.277743339539e+00 1.522187948227e+00 3.812860250473e-01 4.437541961670e-01 4.812049567699e-01 4.271653890610e-01 3.722701072693e-01 3.902448713779e-01 3.898453116417e-01 3.731476962566e-01 3.025105595589e-01 3.016319274902e-01 4.671825766563e-01 5.218459367752e-01 3.895246982574e-01 2.463003247976e-01 1.911438703537e-01 2.070718407631e-01 2.769869565964e-01 3.424624800682e-01 3.834431767464e-01 3.436070084572e-01 3.148404359818e-01 2.913696169853e-01 3.119530677795e-01 3.460331857204e-01 4.145450294018e-01 4.252475500107e-01 3.853860199451e-01 3.301084637642e-01 3.045267760754e-01 3.372084796429e-01 4.882117509842e-01 5.987572669983e-01 8.019679188728e-01
1.247575432062e-01 2.172517627478e-01 2.650402188301e-01 2.787052690983e-01 2.794216871262e-01 2.787458896637e-01 2.769356667995e-01 2.716675996780e-01 2.673589885235e-01 2.624835371971e-01 2.470896989107e-01 2.601436972618e-01 2.742244303226e-01 3.490031063557e-01 3.918300271034e-01 4.086283743382e-01 3.923630416393e-01 3.477549254894e-01 2.574430704117e-01 2.126592546701e-01 2.615553140640e-01 2.715677917004e-01 2.154718041420e-01 1.611267626286e-01 1.428577750921e-01 1.527023017406e-01 1.924891471863e-01 2.317875027657e-01 2.845683693886e-01 3.069297671318e-01 2.910510897636e-01 2.605249583721e-01 2.984373867512e-01 3.610623478889e-01 4.302036762238e-01 4.168730676174e-01 3.471498787403e-01 2.782174050808e-01 3.077154159546e-01 3.431206047535e-01 4.861232638359e-01 6.039348840714e-01 7.522516846657e-01
5.932380259037e-02 1.104099303484e-01 1.427944600582e-01 1.574339419603e-01 1.632672995329e-01 1.682997792959e-01 1.731307357550e-01 1.768096089363e-01 1.825826615095e-01 1.883986443281e-01 1.849318295717e-01 1.740272939205e-01 1.693746596575e-01 2.243541330099e-01 2.632983624935e-01 2.766914963722e-01 2.512199878693e-01 2.233554571867e-01 1.889214217663e-01 1.660525649786e-01 1.397882550955e-01 1.304347813129e-01 1.082501187921e-01 1.196509301662e-01 1.409758031368e-01 1.482089459896e-01 1.591195017099e-01 1.937400251627e-01 2.404203414917e-01 2.635954618454e-01 2.603214085102e-01 2.462495565414e-01 2.962562739849e-01 3.969551622868e-01 4.610223472118e-01 4.173119068146e-01 3.141587674618e-01 2.762691378593e-01 3.144027292728e-01 3.560317754745e-01 4.690666794777e-01 5.610219240189e-01 6.444191336632e-01
3.998807072639e-02 6.735148280859e-02 8.440674096346e-02 9.715638309717e-02 1.045139804482e-01 1.110895648599e-01 1.173830702901e-01 1.227006241679e-01 1.291825771332e-01 1.357927769423e-01 1.367260515690e-01 1.323503702879e-01 1.273402124643e-01 1.227820515633e-01 1.223552301526e-01 1.386897861958e-01 1.462283134460e-01 1.442666202784e-01 1.324411481619e-01 1.258462071419e-01 1.140561997890e-01 1.069090738893e-01 9.346666187048e-02 1.213265508413e-01 1.493684351444e-01 1.635195314884e-01 1.625970304012e-01 1.621900647879e-01 1.982671171427e-01 2.210444211960e-01 2.269300371408e-01 2.259149700403e-01 2.991537153721e-01 4.173156321049e-01 4.608848690987e-01 3.865673840046e-01 2.746035754681e-01 2.765595018864e-01 3.274218142033e-01 3.661077022552e-01 4.279564321041e-01 4.914449453354e-01 5.023779273033e-01
3.290743008256e-02 5.504518374801e-02 6.964839994907e-02 7.794323563576e-02 8.174255490303e-02 8.544281870127e-02 8.857966959476e-02 8.992341905832e-02 9.439822286367e-02 9.820176661015e-02 9.903153777122e-02 9.739607572556e-02 9.576929360628e-02 9.354839473963e-02 9.596318751574e-02 1.101985573769e-01 1.171362623572e-01 1.156495064497e-01 1.070300266147e-01 9.976445138454e-02 1.103052571416e-01 1.069220229983e-01 9.202784299850e-02 1.207452565432e-01 1.520964801311e-01 1.712431460619e-01 1.734774708748e-01 1.680584698915e-01 1.742710620165e-01 1.914500445127e-01 1.997873634100e-01 2.070966362953e-01 2.960638403893e-01 4.062515497208e-01 4.193572402000e-01 3.320054411888e-01 2.600169479847e-01 2.808854579926e-01 3.413333296776e-01 3.590624332428e-01 3.779295682907e-01 4.075802564621e-01 3.731743097305e-01
3.240916505456e-02 5.188938230276e-02 6.572028249502e-02 7.197812944651e-02 7.461100071669e-02 7.698833942413e-02 7.792940735817e-02 7.644003629684e-02 7.417302578688e-02 7.521237432957e-02 7.500574737787e-02 7.760999351740e-02 7.995006442070e-02 8.187417685986e-02 8.417194336653e-02 8.917912095785e-02 9.538640826941e-02 9.517450630665e-02 9.614817798138e-02 9.531772136688e-02 1.010132804513e-01 1.052815690637e-01 9.338194131851e-02 1.141453310847e-01 1.439288556576e-01 1.637333482504e-01 1.671421080828e-01 1.651615053415e-01 1.748217046261e-01 1.802968829870e-01 1.840216368437e-01 1.923779547215e-01 2.764894068241e-01 3.634456396103e-01 3.542941808701e-01 2.844273447990e-01 2.491245865822e-01 2.997767925262e-01 3.441016376019e-01 3.344966769218e-01 3.276889622211e-01 3.291068375111e-01 3.001810610294e-01
3.023848682642e-02 4.798029735684e-02 6.010979041457e-02 6.537928432226e-02 6.760210543871e-02 6.935370713472e-02 6.965363770723e-02 6.826035678387e-02 6.645784527063e-02 6.968596577644e-02 7.394894957542e-02 7.783064246178e-02 8.128506690264e-02 8.420816063881e-02 8.688841760159e-02 8.950182795525e-02 9.144110977650e-02 9.178782999516e-02 9.000916779041e-02 9.052201360464e-02 9.054690599442e-02 1.012305691838e-01 9.560517966747e-02 1.034165546298e-01 1.285355240107e-01 1.459590047598e-01 1.698367893696e-01 1.859600245953e-01 1.871789693832e-01 1.815083771944e-01 1.778157204390e-01 1.797957867384e-01 2.422328144312e-01 3.021044731140e-01 2.902831733227e-01 2.524622082710e-01 2.677555382252e-01 3.036415576935e-01 3.241847157478e-01 2.931309640408e-01 2.736126482487e-01 2.591675221920e-01 2.563205361366e-01
2.778450399637e-02 4.400867968798e-02 5.504093319178e-02 6.006184592843e-02 6.217487901449e-02 6.317459791899e-02 6.282395869493e-02 6.165698170662e-02 6.073570251465e-02 6.588575989008e-02 7.062777876854e-02 7.510905712843e-02 7.924472540617e-02 8.272951841354e-02 8.546523004770e-02 8.728472143412e-02 8.877474814653e-02 9.768649935722e-02 9.954325109720e-02 9.217249602079e-02 8.464216440916e-02 9.263861179352e-02 9.438727796078e-02 9.284644573927e-02 1.129170805216e-01 1.272632181644e-01 1.546632796526e-01 1.801018863916e-01 1.864208132029e-01 1.806578636169e-01 1.737190634012e-01 1.747128367424e-01 1.930235624313e-01 2.340106964111e-01 2.302757948637e-01 2.134018987417e-01 2.307486683130e-01 2.564305961132e-01 2.649419009686e-01 2.300506234169e-01 2.141338735819e-01 1.986896842718e-01 1.938387900591e-01
2.571420744061e-02 4.079114645720e-02 5.122602730989e-02 5.622924119234e-02 5.806256830692e-02 5.824426189065e-02 5.741804838181e-02 5.658825114369e-02 5.734949558973e-02 5.927798524499e-02 6.414717435837e-02 6.878114491701e-02 7.308884710073e-02 7.673479616642e-02 7.957083731890e-02 8.548528701067e-02 9.369928389788e-02 1.053657308221e-01 1.104085966945e-01 1.072502583265e-01 9.800636768341e-02 8.699753135443e-02 8.840767294168e-02 8.950234949589e-02 1.004043146968e-01 1.118439435959e-01 1.150660440326e-01 1.398700326681e-01 1.585143953562e-01 1.644238680601e-01 1.628347188234e-01 1.680069565773e-01 1.728862524033e-01 1.766711920500e-01 1.708561480045e-01 1.655801683664e-01 1.802372485399e-01 2.043373733759e-01 2.190785706043e-01 1.819778829813e-01 1.603458821774e-01 1.431153416634e-01 1.607041507959e-01
2.419759705663e-02 3.850005567074e-02 4.854676499963e-02 5.328512936831e-02 5.454525724053e-02 5.416385456920e-02 5.332221463323e-02 5.304301530123e-02 5.360880121589e-02 5.500463768840e-02 5.571459606290e-02 6.020158901811e-02 6.434135884047e-02 6.790323555470e-02 7.320155203342e-02 8.108455687761e-02 9.483426809311e-02 1.081499829888e-01 1.170943081379e-01 1.196824610233e-01 1.162346675992e-01 1.090891584754e-01 1.004807278514e-01 9.254310280085e-02 9.070242941380e-02 1.001390963793e-01 1.017329916358e-01 1.002234965563e-01 1.228740513325e-01 1.410887390375e-01 1.531222015619e-01 1.618910282850e-01 1.669643968344e-01 1.601392328739e-01 1.461393982172e-01 1.434675455093e-01 1.598750650883e-01 1.932637542486e-01 2.256633788347e-01 2.048359662294e-01 1.519873440266e-01 1.352327913046e-01 1.535312682390e-01
2.360060252249e-02 3.748772293329e-02 4.708993807435e-02 5.124868080020e-02 5.189569294453e-02 5.121594294906e-02 5.107827484608e-02 5.169586464763e-02 5.170764401555e-02 5.245291441679e-02 5.204929783940e-02 5.635718628764e-02 6.198023632169e-02 6.779892742634e-02 7.291911542416e-02 8.241052925587e-02 9.590152651072e-02 1.094791218638e-01 1.216188669205e-01 1.290688365698e-01 1.302017122507e-01 1.267628669739e-01 1.210089772940e-01 1.151365861297e-01 1.116664484143e-01 1.095174252987e-01 1.055808216333e-01 1.027746349573e-01 1.213691011071e-01 1.362138092518e-01 1.472829282284e-01 1.572239845991e-01 1.622477620840e-01 1.513050049543e-01 1.454646736383e-01 1.424374878407e-01 1.608711779118e-01 1.863211989403e-01 2.167334556580e-01 1.985174864531e-01 1.543574780226e-01 1.342793852091e-01 1.524867713451e-01
2.392135001719e-02 3.778636083007e-02 4.702372848988e-02 5.063194409013e-02 5.083338916302e-02 4.987220466137e-02 5.023988708854e-02 4.985950887203e-02 5.026454105973e-02 5.042099580169e-02 5.277467519045e-02 5.806535482407e-02 6.323667615652e-02 6.814099103212e-02 7.207179814577e-02 8.431855589151e-02 9.949109703302e-02 1.137564256787e-01 1.274896562099e-01 1.374252885580e-01 1.405906975269e-01 1.383610963821e-01 1.330402642488e-01 1.264436990023e-01 1.210367232561e-01 1.158059313893e-01 1.072167009115e-01 1.033148467541e-01 1.186403706670e-01 1.315360814333e-01 1.425607204437e-01 1.530431061983e-01 1.563332378864e-01 1.435475051403e-01 1.471777856350e-01 1.533626765013e-01 1.641853153706e-01 1.802802234888e-01 1.954240947962e-01 1.732137054205e-01 1.467172354460e-01 1.248387843370e-01 1.410567462444e-01
2.446697466075e-02 3.852112963796e-02 4.757400229573e-02 5.085669457912e-02 5.080331861973e-02 4.956849291921e-02 5.063503235579e-02 5.204739794135e-02 5.285301432014e-02 5.298480391502e-02 5.254283547401e-02 5.577454715967e-02 6.329458951950e-02 7.076520472765e-02 7.310178875923e-02 8.218692243099e-02 1.012213453650e-01 1.175539717078e-01 1.304982155561e-01 1.387086212635e-01 1.405555754900e-01 1.367534697056e-01 1.295966953039e-01 1.211685091257e-01 1.132654845715e-01 1.054008677602e-01 9.443381428719e-02 1.030008792877e-01 1.161358579993e-01 1.277171671391e-01 1.382128894329e-01 1.468769013882e-01 1.467999815941e-01 1.372504681349e-01 1.477074325085e-01 1.770680397749e-01 1.665990352631e-01 1.835298091173e-01 1.758290529251e-01 1.502876728773e-01 1.323092728853e-01 1.140167191625e-01 1.275925785303e-01
2.408559806645e-02 3.779698163271e-02 4.640576243401e-02 4.943032935262e-02 4.936109110713e-02 4.914987459779e-02 5.000798031688e-02 5.063283443451e-02 5.079295858741e-02 5.049655213952e-02 5.221455916762e-02 5.868420377374e-02 6.831772625446e-02 7.648713141680e-02 7.886012643576e-02 7.702587544918e-02 9.638208895922e-02 1.129884049296e-01 1.223679110408e-01 1.257951557636e-01 1.241764277220e-01 1.174934282899e-01 1.084833592176e-01 1.006120070815e-01 9.421248733997e-02 8.910087496042e-02 9.028272330761e-02 1.019691675901e-01 1.135325580835e-01 1.238954588771e-01 1.328986287117e-01 1.378622502089e-01 1.340050846338e-01 1.314280331135e-01 1.499069780111e-01 1.648687869310e-01 1.657269299030e-01 1.840479820967e-01 1.776143908501e-01 1.453286111355e-01 1.247928142548e-01 1.147892326117e-01 1.234409064054e-01
2.207802049816e-02 3.442054614425e-02 4.200799763203e-02 4.470020160079e-02 4.907525330782e-02 5.108428746462e-02 5.009602010250e-02 4.736435040832e-02 4.404428973794e-02 4.850141704082e-02 5.308008566499e-02 6.144095584750e-02 7.265653461218e-02 8.112373203039e-02 8.343170583248e-02 8.191074430943e-02 8.804095536470e-02 1.021488383412e-01 1.074351295829e-01 1.063936278224e-01 1.012706905603e-01 9.195450693369e-02 8.935592323542e-02 1.060909256339e-01 1.079497635365e-01 1.038727387786e-01 1.020980402827e-01 1.027481108904e-01 1.101421341300e-01 1.191078498960e-01 1.253568232059e-01 1.255804151297e-01 1.180278062820e-01 1.212016344070e-01 1.368458122015e-01 1.900844722986e-01 1.680694967508e-01 2.349811494350e-01 2.089743763208e-01 1.762430220842e-01 1.495850533247e-01 1.233818605542e-01 1.383954435587e-01
2.350365184247e-02 3.462196141481e-02 4.244911670685e-02 4.928549006581e-02 5.417060852051e-02 5.525230616331e-02 5.360027775168e-02 5.058593302965e-02 4.710243642330e-02 4.882950708270e-02 5.424557998776e-02 6.434001028538e-02 7.671371102333e-02 8.531551063061e-02 8.758075535297e-02 8.608023077250e-02 8.073505759239e-02 9.296805411577e-02 9.656526148319e-02 1.010432392359e-01 1.364582926035e-01 1.247479543090e-01 9.695614874363e-02 1.105585172772e-01 1.076753214002e-01 9.956029802561e-02 9.487471729517e-02 9.697676450014e-02 1.061447337270e-01 1.130251586437e-01 1.154305785894e-01 1.110069081187e-01 1.010923907161e-01 1.087220013142e-01 1.199542507529e-01 1.681765913963e-01 2.158183157444e-01 3.394083380699e-01 3.144291639328e-01 2.080219238997e-01 1.645117700100e-01 1.475227177143e-01 1.761482208967e-01
