100/SI/f109.grd
DSAA
101	101
32.816463539100	34.260883539100
35.556306596100	36.727886596100
9.870550129563e-04	1.843053283691e+02
[rows 19 to 37 of 101, columns 0 to 42 of 101]
3.327224850655e-01 6.787918210030e-01 8.693373799324e-01 8.871437907219e-01 7.327383756638e-01 5.774403810501e-01 3.980650901794e-01 4.601320922375e-01 5.412178039551e-01 6.464000344276e-01 8.553233146667e-01 1.016592383385e+00 9.769437313080e-01 1.056688785553e+00 1.063202500343e+00 1.030424594879e+00 9.798101782799e-01 9.940803647041e-01 1.125519394875e+00 1.001636266708e+00 1.020257353783e+00 1.096213102341e+00 1.143573164940e+00 1.118369460106e+00 9.924988746643e-01 8.479455113411e-01 8.769716620445e-01 1.444430708885e+00 1.711437582970e+00 1.279046535492e+00 1.183741927147e+00 1.096983671188e+00 1.152565479279e+00 1.134974122047e+00 1.121952772141e+00 1.140547513962e+00 8.951722383499e-01 7.832443714142e-01 8.424347639084e-01 8.215865492821e-01 1.175159573555e+00 2.802272796631e+00 1.318127512932e+00
2.608883380890e-01 5.485787987709e-01 7.407413125038e-01 8.115237355232e-01 7.226624488831e-01 6.895636916161e-01 6.324805617332e-01 4.332403242588e-01 5.651274323463e-01 6.619235277176e-01 7.440113425255e-01 9.277503490448e-01 8.161446452141e-01 9.486957192421e-01 1.022987961769e+00 1.053850412369e+00 1.050832152367e+00 1.004830360413e+00 1.288872599602e+00 1.027595281601e+00 1.184775352478e+00 1.390647053719e+00 1.501038908958e+00 1.539629101753e+00 1.398541331291e+00 1.078660368919e+00 1.162692904472e+00 1.174336791039e+00 1.802031517029e+00 1.298941612244e+00 1.117024898529e+00 1.064999580383e+00 1.038300275803e+00 1.001430988312e+00 9.576660394669e-01 1.231814742088e+00 8.615517020226e-01 9.069527983665e-01 9.230775833130e-01 9.565273523331e-01 1.453826785088e+00 2.378566026688e+00 1.956850290298e+00
1.939110904932e-01 3.998929262161e-01 5.615427494049e-01 6.471987366676e-01 6.116127967834e-01 5.300936102867e-01 6.527451276779e-01 6.448515057564e-01 7.252769470215e-01 8.616915345192e-01 9.893499016762e-01 1.298833012581e+00 1.548688769341e+00 1.410525321960e+00 9.583174586296e-01 9.450966715813e-01 9.967147707939e-01 1.073247671127e+00 1.876687765121e+00 1.424392819405e+00 1.080255150795e+00 1.690492868423e+00 1.792490720749e+00 2.073008060455e+00 1.651698589325e+00 1.459441900253e+00 1.454544186592e+00 9.352304339409e-01 1.702494978905e+00 1.196670174599e+00 9.271231889725e-01 9.765208363533e-01 1.153866410255e+00 8.906889557838e-01 9.715327620506e-01 1.306561470032e+00 1.039766550064e+00 9.644096493721e-01 9.987165331841e-01 1.082102417946e+00 1.693299770355e+00 1.710900068283e+00 2.593564510345e+00
2.737051248550e-01 4.918213784695e-01 4.573348462582e-01 4.789869785309e-01 5.757936835289e-01 7.276853322983e-01 8.473273515701e-01 1.008709788322e+00 1.220811605453e+00 1.529283404350e+00 1.936986446381e+00 2.417285919189e+00 2.703275680542e+00 2.339441061020e+00 1.472419977188e+00 8.782629966736e-01 1.211890935898e+00 1.701441884041e+00 2.152515411377e+00 1.761430621147e+00 1.399310231209e+00 1.836017847061e+00 1.952271342278e+00 2.329793930054e+00 1.643660902977e+00 1.663459897041e+00 1.730580210686e+00 1.090681910515e+00 1.398390173912e+00 9.899743199348e-01 8.692331314087e-01 8.606923222542e-01 1.199064493179e+00 1.189828753471e+00 1.179630041122e+00 1.119513750076e+00 1.461707353592e+00 1.058125257492e+00 1.079285860062e+00 1.187100172043e+00 1.884874463081e+00 1.629800438881e+00 3.011634826660e+00
2.672187685966e-01 5.497761964798e-01 5.960292816162e-01 5.709056854248e-01 7.234641313553e-01 9.824855923653e-01 1.074284553528e+00 1.131779074669e+00 1.251385807991e+00 1.444816946983e+00 1.735936284065e+00 1.970262527466e+00 2.010257959366e+00 1.715899348259e+00 1.259383440018e+00 1.090092539787e+00 1.190215587616e+00 1.686463832855e+00 2.238390207291e+00 1.370022177696e+00 1.324636578560e+00 1.853099822998e+00 1.950139522552e+00 2.236175298691e+00 1.788179755211e+00 1.658647179604e+00 1.954276084900e+00 1.697670817375e+00 1.715738058090e+00 1.467574357986e+00 1.273403525352e+00 1.806095719337e+00 1.682407259941e+00 1.290377736092e+00 1.253437519073e+00 1.192483186722e+00 1.624409794807e+00 1.170042634010e+00 1.181692004204e+00 1.252630472183e+00 1.991674065590e+00 1.651429891586e+00 3.078520536423e+00
4.975463449955e-01 8.557988405228e-01 5.537226200104e-01 5.683432817459e-01 6.328421235085e-01 8.596291542053e-01 9.726558327675e-01 9.598203897476e-01 9.507462978363e-01 9.862384796143e-01 1.042627096176e+00 1.102596044540e+00 1.047184109688e+00 1.115795135498e+00 1.129596829414e+00 1.012879610062e+00 1.037434339523e+00 1.936003565788e+00 2.206446170807e+00 1.169190645218e+00 1.217098116875e+00 1.717954516411e+00 1.850962281227e+00 1.907252550125e+00 1.717325329781e+00 1.518054962158e+00 2.107698678970e+00 1.868830204010e+00 1.503384351730e+00 1.449660658836e+00 1.492781639099e+00 2.349534749985e+00 3.479372024536e+00 3.292125940323e+00 2.962089776993e+00 2.810323953629e+00 2.899705886841e+00 1.798888325691e+00 1.528340578079e+00 1.314836382866e+00 2.036782026291e+00 1.594709396362e+00 2.730101346970e+00
9.227498769760e-01 1.955084562302e+00 2.007188320160e+00 1.749915480614e+00 1.088313221931e+00 6.306413412094e-01 6.583244800568e-01 6.896632909775e-01 7.100768685341e-01 9.184008836746e-01 1.100779652596e+00 1.229833841324e+00 1.269251227379e+00 1.216860771179e+00 1.093025803566e+00 1.156695961952e+00 1.239247202873e+00 1.887018084526e+00 1.853385329247e+00 1.042997241020e+00 1.219377517700e+00 1.406456112862e+00 1.603081226349e+00 1.579795241356e+00 1.752754449844e+00 1.688180208206e+00 2.190708875656e+00 2.288749933243e+00 2.423260450363e+00 2.162428379059e+00 1.627143144608e+00 1.414744019508e+00 2.847751140594e+00 3.093211412430e+00 3.382421731949e+00 4.057973384857e+00 5.026298999786e+00 3.048211574554e+00 2.257061719894e+00 1.917900323868e+00 2.000412940979e+00 1.488265156746e+00 2.051386117935e+00
9.784018397331e-01 2.114438772202e+00 2.447941541672e+00 2.886693954468e+00 3.146162033081e+00 2.716841936111e+00 1.518047928810e+00 8.583922982216e-01 1.171757221222e+00 1.368764400482e+00 1.405575156212e+00 1.329077124596e+00 1.247026920319e+00 1.672381639481e+00 1.831299781799e+00 1.807938337326e+00 1.773769021034e+00 1.721570611000e+00 1.700397729874e+00 1.645039677620e+00 1.607205152512e+00 1.605400681496e+00 1.556122422218e+00 1.991150259972e+00 2.395104646683e+00 2.068812370300e+00 2.380928754807e+00 3.042690277100e+00 3.066368341446e+00 2.713240623474e+00 2.017651557922e+00 1.599092960358e+00 1.675079584122e+00 2.469671249390e+00 3.691753387451e+00 3.264527082443e+00 3.434848070145e+00 2.578761577606e+00 2.760720252991e+00 2.809002876282e+00 2.281273365021e+00 1.406560182571e+00 1.811831593513e+00
6.244391798973e-01 1.383079171181e+00 1.616757392883e+00 1.994479775429e+00 2.594537734985e+00 3.396729230881e+00 3.815593957901e+00 2.955524444580e+00 1.536534309387e+00 1.487782597542e+00 1.325027585030e+00 1.695725679398e+00 1.987631201744e+00 2.057665109634e+00 1.944176316261e+00 1.937319159508e+00 1.913771986961e+00 1.857231497765e+00 1.946849465370e+00 1.964318752289e+00 2.017924308777e+00 2.190817356110e+00 2.073604106903e+00 1.912105798721e+00 1.900908350945e+00 2.447376966476e+00 2.339740037918e+00 2.943093299866e+00 3.225558757782e+00 2.882105350494e+00 2.142292976379e+00 2.238589048386e+00 2.877565145493e+00 3.852018594742e+00 4.608547210693e+00 3.352936744690e+00 2.523608922958e+00 2.109556674957e+00 2.491474390030e+00 3.185648918152e+00 3.465732812881e+00 2.346779584885e+00 1.770766735077e+00
4.335514903069e-01 8.500954508781e-01 1.038211941719e+00 9.553549289703e-01 1.141317486763e+00 1.706676602364e+00 2.650433778763e+00 3.563373804092e+00 3.535133123398e+00 2.419601202011e+00 1.882830500603e+00 1.973328113556e+00 1.988911032677e+00 1.891143083572e+00 1.853047370911e+00 1.819471597672e+00 1.726826429367e+00 1.852037549019e+00 1.900458216667e+00 1.971362471581e+00 2.090101957321e+00 2.019391298294e+00 1.945778727531e+00 1.926293015480e+00 1.990882396698e+00 1.873197913170e+00 2.023578643799e+00 2.326860666275e+00 2.757790327072e+00 2.856969118118e+00 2.227783203125e+00 2.732943534851e+00 3.125532865524e+00 3.556549787521e+00 3.458345174789e+00 2.200645446777e+00 2.441030740738e+00 2.827754259109e+00 3.031970024109e+00 2.697209835052e+00 3.903345108032e+00 3.946962833405e+00 2.120868921280e+00
5.064628124237e-01 9.962660074234e-01 9.674946665764e-01 1.182495594025e+00 9.708472490311e-01 8.608403801918e-01 1.040904760361e+00 1.888990759850e+00 2.990313529968e+00 3.448632478714e+00 2.793104887009e+00 1.864060878754e+00 1.762532830238e+00 1.718185901642e+00 1.604626536369e+00 1.559588909149e+00 1.609146118164e+00 1.882366299629e+00 1.702489018440e+00 1.701428055763e+00 1.538743734360e+00 1.261045217514e+00 1.770945191383e+00 1.575813651085e+00 2.367075681686e+00 1.951096296310e+00 2.309867382050e+00 2.600716114044e+00 2.064711570740e+00 2.323106050491e+00 2.678047657013e+00 2.883750438690e+00 2.261506795883e+00 2.870632410049e+00 2.087898731232e+00 1.849311947823e+00 2.466669797897e+00 3.434577703476e+00 4.090514183044e+00 3.849483251572e+00 3.187119960785e+00 4.907502174377e+00 3.666309595108e+00
6.605153083801e-01 1.269492268562e+00 1.178227424622e+00 1.173202872276e+00 1.306661605835e+00 1.013952016830e+00 1.402879714966e+00 1.694704413414e+00 1.858960628510e+00 2.631217479706e+00 3.354426383972e+00 3.023278713226e+00 1.837536692619e+00 1.466187715530e+00 1.442986845970e+00 1.476370811462e+00 1.528318285942e+00 1.510849475861e+00 1.733780741692e+00 1.610548615456e+00 1.402883172035e+00 1.242645144463e+00 1.363766551018e+00 2.116436481476e+00 3.145694255829e+00 4.224693298340e+00 5.074782371521e+00 4.145439624786e+00 2.660120725632e+00 2.491280078888e+00 3.292695522308e+00 2.239298582077e+00 1.667425036430e+00 3.584864377975e+00 1.598163366318e+00 2.088248014450e+00 2.049652576447e+00 2.907021522522e+00 4.207277297974e+00 4.502601146698e+00 3.850575685501e+00 4.169184207916e+00 5.596939563751e+00
6.024539470673e-01 1.317431211472e+00 1.394569516182e+00 1.363414764404e+00 1.387048244476e+00 1.431116223335e+00 1.705447196960e+00 1.780570507050e+00 1.760922431946e+00 1.657530426979e+00 2.368123292923e+00 3.334568738937e+00 3.234074831009e+00 2.215506792068e+00 1.384957671165e+00 1.377104997635e+00 1.327235579491e+00 1.260936856270e+00 1.687469482422e+00 1.754587888718e+00 1.844383835793e+00 1.475351929665e+00 1.365342736244e+00 2.609316825867e+00 4.414896011353e+00 6.487360000610e+00 7.619626522064e+00 7.302243709564e+00 4.787629604340e+00 2.876472234726e+00 3.540500879288e+00 2.790774106979e+00 2.675588607788e+00 4.389533042908e+00 2.375365972519e+00 4.320096015930e+00 3.113689661026e+00 2.422223567963e+00 3.239313840866e+00 4.632010936737e+00 4.719500541687e+00 3.957967519760e+00 6.051842689514e+00
7.362180352211e-01 1.476434469223e+00 1.495994091034e+00 1.454221010208e+00 1.502664566040e+00 1.692266941071e+00 1.695730447769e+00 1.710037112236e+00 1.566058278084e+00 1.441491484642e+00 1.389979839325e+00 2.049346923828e+00 3.245359420776e+00 3.397412538528e+00 2.556499958038e+00 1.316254973412e+00 1.218399047852e+00 1.288659572601e+00 1.505897641182e+00 2.453674077988e+00 2.220251083374e+00 2.061842441559e+00 1.884147167206e+00 2.593719959259e+00 4.499715328217e+00 6.415499687195e+00 8.724633216858e+00 1.022254371643e+01 8.568927764893e+00 4.194793701172e+00 3.641771793365e+00 3.993766546249e+00 3.855684518814e+00 5.206206798553e+00 2.890151977539e+00 5.805725097656e+00 4.795419216156e+00 3.137776374817e+00 3.033545732498e+00 4.195180892944e+00 8.992327690125e+00 4.556777954102e+00 4.988384246826e+00
1.027519583702e+00 1.930730223656e+00 1.743185043335e+00 1.770019769669e+00 1.882569074631e+00 1.993158936501e+00 2.121585369110e+00 2.210868358612e+00 2.262975454330e+00 2.272854804993e+00 2.205395221710e+00 2.234818935394e+00 2.127168416977e+00 3.009484291077e+00 3.466037750244e+00 2.868107318878e+00 1.425882697105e+00 1.418226480484e+00 1.528304100037e+00 2.355489969254e+00 2.499022960663e+00 2.280670166016e+00 2.019903421402e+00 2.203114986420e+00 3.723039388657e+00 5.524648189545e+00 8.553216934204e+00 1.194061756134e+01 1.131114673615e+01 6.965190887451e+00 5.107352256775e+00 6.487209320068e+00 7.043765544891e+00 6.597513675690e+00 5.555148601532e+00 6.282434463501e+00 5.968717098236e+00 4.587947845459e+00 5.480832099915e+00 4.756729125977e+00 1.299247741699e+01 1.054458141327e+01 2.988669872284e+00
1.063130736351e+00 2.209936141968e+00 2.204737186432e+00 2.135266065598e+00 1.878547310829e+00 1.524203181267e+00 1.469534277916e+00 1.629216909409e+00 1.810493826866e+00 2.025470018387e+00 2.265154838562e+00 2.550283908844e+00 2.910066127777e+00 4.594522476196e+00 4.667474746704e+00 3.439042091370e+00 3.268448114395e+00 3.104409456253e+00 2.885925292969e+00 2.639420986176e+00 2.376518964767e+00 2.168813228607e+00 2.375349283218e+00 2.234137058258e+00 2.533868074417e+00 4.169645309448e+00 6.142402648926e+00 9.722288131714e+00 1.235970401764e+01 8.636651992798e+00 4.153926849365e+00 3.992721080780e+00 5.904132366180e+00 7.907212257385e+00 8.885163307190e+00 8.373001098633e+00 6.157742500305e+00 5.006980419159e+00 3.751099824905e+00 5.683791160583e+00 1.376850032806e+01 1.630051231384e+01 4.573747634888e+00
8.133647441864e-01 1.705685019493e+00 1.913307785988e+00 2.086214542389e+00 2.190625429153e+00 2.114656209946e+00 1.770992875099e+00 1.451362371445e+00 1.461438894272e+00 1.463186264038e+00 1.457679033279e+00 1.428968191147e+00 1.386069297791e+00 1.741757750511e+00 2.608899354935e+00 2.860456943512e+00 3.358448505402e+00 3.224178314209e+00 2.672118663788e+00 2.960069894791e+00 3.128807544708e+00 3.224874496460e+00 3.338547945023e+00 3.476423501968e+00 3.333936929703e+00 2.756458044052e+00 4.121946811676e+00 7.336597919464e+00 1.038742637634e+01 7.695651531219e+00 3.916412830353e+00 2.736053228378e+00 2.274565458298e+00 3.957221746445e+00 4.626599788666e+00 7.586023330688e+00 9.736636161804e+00 9.133729934692e+00 5.790248870850e+00 6.018530368805e+00 8.973757743835e+00 1.958143806458e+01 7.085019111633e+00
6.537889838219e-01 1.263425350189e+00 1.256821155548e+00 1.203727126122e+00 1.396234989166e+00 1.563734889030e+00 1.633364677429e+00 1.604319930077e+00 1.361308932304e+00 1.390040516853e+00 1.511862754822e+00 1.635465741158e+00 1.749938607216e+00 1.864703893661e+00 1.981646180153e+00 2.083343029022e+00 2.172841548920e+00 3.161533832550e+00 3.348053932190e+00 4.265205383301e+00 3.343503713608e+00 2.835312366486e+00 2.685705423355e+00 2.678113460541e+00 2.678611278534e+00 3.029353618622e+00 4.005852699280e+00 4.677246570587e+00 6.619383335114e+00 5.455798149109e+00 2.819983482361e+00 3.313718795776e+00 2.467746973038e+00 3.222492456436e+00 3.738533735275e+00 4.458758354187e+00 4.514420032501e+00 7.529488086700e+00 1.073749446869e+01 8.793229103088e+00 7.600165843964e+00 1.625083732605e+01 1.442492198944e+01
4.110791981220e-01 8.290447592735e-01 8.170928955078e-01 8.256970643997e-01 9.754512906075e-01 1.113922834396e+00 1.205671191216e+00 1.233369112015e+00 1.248952507973e+00 1.146959066391e+00 1.177243709564e+00 1.173952937126e+00 1.221090316772e+00 1.277663350105e+00 1.295626163483e+00 1.661842226982e+00 1.856729745865e+00 2.571989059448e+00 4.841562747955e+00 5.045289039612e+00 4.436177253723e+00 3.755874156952e+00 4.293965816498e+00 5.123323440552e+00 3.603203535080e+00 4.335121154785e+00 4.234774589539e+00 3.946679830551e+00 4.098647117615e+00 5.324927806854e+00 4.974215984344e+00 3.291249752045e+00 3.367865800858e+00 3.589754343033e+00 3.827382564545e+00 4.126114368439e+00 4.029921054840e+00 5.187930107117e+00 7.595789432526e+00 8.840419769287e+00 1.061905574799e+01 1.409614753723e+01 1.209239864349e+01
