100/SI/f109.grd
DSAA
101	101
32.816463539100	34.260883539100
35.556306596100	36.727886596100
9.870550129563e-04	1.843053283691e+02
[rows 0 to 18 of 101, columns 43 to 85 of 101]
2.472089231014e-01 4.208863377571e-01 4.855081737041e-01 3.859130442142e-01 2.694949805737e-01 2.801240980625e-01 2.425143569708e-01 2.182375490665e-01 1.449709236622e-01 2.026660740376e-01 2.690171599388e-01 3.178809583187e-01 4.067350625992e-01 5.764588713646e-01 2.627644240856e-01 3.287058174610e-01 4.170891344547e-01 4.443767666817e-01 3.008842170238e-01 2.152565419674e-01 2.432907074690e-01 2.942105829716e-01 3.062452375889e-01 3.246104717255e-01 3.256770670414e-01 2.341898828745e-01 1.577987819910e-01 1.611226946115e-01 3.057172298431e-01 4.546718895435e-01 3.614659011364e-01 1.774140000343e-01 2.211720943451e-01 1.559674292803e-01 1.534563452005e-01 1.361310333014e-01 1.098526641726e-01 9.888419508934e-02 7.561977207661e-02 7.835748791695e-02 9.653858095407e-02 1.609034836292e-01 1.601060926914e-01
4.289242923260e-01 7.629014849663e-01 9.532567262650e-01 8.455573320389e-01 6.351163387299e-01 6.261252164841e-01 5.060941576958e-01 4.231567382812e-01 3.941020965576e-01 4.463205337524e-01 4.976568222046e-01 6.020981669426e-01 8.070953488350e-01 1.154750466347e+00 5.022307038307e-01 6.261040568352e-01 7.899437546730e-01 8.343657255173e-01 5.742837190628e-01 4.164195358753e-01 4.571961760521e-01 5.621482133865e-01 6.073098778725e-01 5.700280070305e-01 5.837433338165e-01 4.904198348522e-01 2.889589369297e-01 3.257994055748e-01 6.936459541321e-01 1.094794631004e+00 6.451717615128e-01 2.952836155891e-01 4.332025945187e-01 2.880537211895e-01 2.875322699547e-01 2.397498041391e-01 1.967486888170e-01 1.747995913029e-01 1.445856839418e-01 1.451736688614e-01 2.136145532131e-01 3.263184130192e-01 3.045362532139e-01
5.380029678345e-01 7.805756330490e-01 1.066221594810e+00 1.050087094307e+00 8.550125956535e-01 9.088680148125e-01 5.993984937668e-01 5.197879076004e-01 6.983551979065e-01 6.992834806442e-01 4.969910383224e-01 6.682390570641e-01 8.622440099716e-01 1.210441589355e+00 5.752497911453e-01 7.142255306244e-01 8.858209848404e-01 9.580367803574e-01 6.637939810753e-01 5.013550519943e-01 5.204662680626e-01 5.652367472649e-01 6.844469904900e-01 7.158954143524e-01 8.650681972504e-01 6.631784439087e-01 3.766079843044e-01 4.096629321575e-01 9.126051068306e-01 1.417950749397e+00 6.636471748352e-01 3.471608757973e-01 4.995898604393e-01 3.192901015282e-01 3.213082253933e-01 2.809131443501e-01 2.493112087250e-01 1.978667527437e-01 1.659263372421e-01 2.062366902828e-01 2.708864212036e-01 3.618200719357e-01 3.123530149460e-01
6.206160783768e-01 7.052320241928e-01 9.560921192169e-01 1.039730787277e+00 9.281966686249e-01 1.214374184608e+00 6.274756789207e-01 7.083548307419e-01 9.957837462425e-01 1.026810169220e+00 6.825491786003e-01 6.998404264450e-01 8.844554424286e-01 1.223164319992e+00 6.046146750450e-01 7.663570046425e-01 9.096550941467e-01 9.998785257339e-01 6.969633102417e-01 6.598665118217e-01 5.592099428177e-01 6.861952543259e-01 8.291621208191e-01 8.155939579010e-01 1.150936484337e+00 8.199157714844e-01 4.247279167175e-01 4.887654483318e-01 1.065331220627e+00 1.539183020592e+00 6.310039758682e-01 3.767560720444e-01 5.300068855286e-01 2.994155585766e-01 3.290558159351e-01 3.596206009388e-01 3.032926023006e-01 2.281540483236e-01 2.019140124321e-01 2.546068429947e-01 3.235645592213e-01 3.774009346962e-01 2.998415827751e-01
6.115407943726e-01 8.464977741241e-01 7.565087676048e-01 8.813951611519e-01 8.579428792000e-01 1.539958357811e+00 6.030672788620e-01 8.733675479889e-01 1.270854115486e+00 1.365877270699e+00 9.615321159363e-01 7.272861599922e-01 9.103745222092e-01 1.230891942978e+00 6.280995011330e-01 8.403098583221e-01 9.211052656174e-01 1.034312248230e+00 7.641477584839e-01 8.121157288551e-01 6.438761353493e-01 8.697131872177e-01 1.054638385773e+00 1.023422837257e+00 1.432697296143e+00 9.490048289299e-01 5.163893699646e-01 5.245174169540e-01 1.128831982613e+00 1.487047076225e+00 6.800346374512e-01 4.486101567745e-01 5.484505295753e-01 3.547226786613e-01 4.084498584270e-01 4.234322309494e-01 3.380946815014e-01 2.388599216938e-01 2.560854852200e-01 2.772923409939e-01 3.779217004776e-01 3.834218978882e-01 2.874144315720e-01
5.316129326820e-01 9.002439975739e-01 6.771848201752e-01 7.003024816513e-01 7.476720213890e-01 1.864163398743e+00 6.724407076836e-01 9.934490919113e-01 1.514711260796e+00 1.702309012413e+00 1.254529118538e+00 7.673457860947e-01 9.451140761375e-01 1.237630486488e+00 6.593974232674e-01 9.021432399750e-01 9.194918870926e-01 1.064882278442e+00 7.831450104713e-01 9.433587789536e-01 7.826666831970e-01 1.054841279984e+00 1.256879925728e+00 1.199600338936e+00 1.685504674911e+00 1.024151325226e+00 5.686025619507e-01 6.280835270882e-01 1.081060886383e+00 1.206117630005e+00 6.875811219215e-01 5.184585452080e-01 5.539131164551e-01 3.965438306332e-01 4.786914587021e-01 4.712193608284e-01 3.550418615341e-01 2.565686702728e-01 2.881896495819e-01 2.981534004211e-01 4.324003756046e-01 3.907474875450e-01 2.761657536030e-01
4.949668645859e-01 8.632986545563e-01 6.807829141617e-01 5.530420541763e-01 7.269805669785e-01 2.162661075592e+00 7.779021263123e-01 1.051323533058e+00 1.683901786804e+00 1.960827827454e+00 1.522725820541e+00 8.047242164612e-01 9.761849641800e-01 1.239293813705e+00 6.961605548859e-01 9.624999761581e-01 9.044752717018e-01 1.086433291435e+00 7.875451445580e-01 9.990634918213e-01 8.977007865906e-01 1.187041282654e+00 1.394539594650e+00 1.297977805138e+00 1.872456431389e+00 1.032764554024e+00 5.495141744614e-01 7.033983469009e-01 9.269565343857e-01 8.822832703590e-01 9.190589785576e-01 7.058187723160e-01 5.502021908760e-01 4.261153042316e-01 5.344600081444e-01 4.992741346359e-01 3.537295162678e-01 3.013637363911e-01 2.839383184910e-01 4.052752554417e-01 4.945618808270e-01 4.012020230293e-01 2.582830190659e-01
5.687481760979e-01 8.253662586212e-01 6.588132977486e-01 6.243985891342e-01 8.174278736115e-01 2.446609258652e+00 8.884326219559e-01 1.018534183502e+00 1.704151630402e+00 2.073551893234e+00 1.735120654106e+00 1.055033802986e+00 1.015967607498e+00 1.247795343399e+00 7.374613881111e-01 1.019374847412e+00 8.781991600990e-01 1.101120114326e+00 8.126198053360e-01 9.476202130318e-01 9.672353267670e-01 1.250223994255e+00 1.429100990295e+00 1.298526048660e+00 1.981488704681e+00 9.957755804062e-01 6.704706549644e-01 8.383389115334e-01 9.625927209854e-01 1.145574927330e+00 1.221679925919e+00 9.504977464676e-01 5.351622104645e-01 5.035377144814e-01 5.700408220291e-01 5.031599402428e-01 3.346766531467e-01 3.094034790993e-01 3.415661752224e-01 5.452487468719e-01 5.418021678925e-01 3.823956549168e-01 2.197428047657e-01
6.373274326324e-01 8.285093903542e-01 6.542474627495e-01 6.748089194298e-01 9.041472673416e-01 2.710720062256e+00 1.004230618477e+00 8.977069258690e-01 1.561017394066e+00 2.024501323700e+00 1.862964868546e+00 1.289235711098e+00 1.057861208916e+00 1.361227035522e+00 7.787792682648e-01 1.076137423515e+00 8.500603437424e-01 1.111752033234e+00 8.301707506180e-01 8.398799896240e-01 1.011949777603e+00 1.227119445801e+00 1.357729315758e+00 1.347556233406e+00 1.971611738205e+00 8.816279172897e-01 8.461484909058e-01 9.948502182961e-01 1.163038015366e+00 1.402889609337e+00 1.533264636993e+00 1.228228807449e+00 6.894336342812e-01 6.254947781563e-01 6.396431326866e-01 4.802548885345e-01 3.346642851830e-01 2.880383729935e-01 5.421062707901e-01 6.592635512352e-01 5.240776538849e-01 3.040157854557e-01 2.608109712601e-01
6.826049089432e-01 8.446098566055e-01 6.485233902931e-01 6.606740951538e-01 9.867804050446e-01 2.923032760620e+00 1.105585217476e+00 7.401915192604e-01 1.334546208382e+00 1.853546977043e+00 1.880376577377e+00 1.475662708282e+00 1.096145987511e+00 1.469736695290e+00 9.595431089401e-01 1.139063835144e+00 1.103159070015e+00 1.129505395889e+00 8.397975564003e-01 1.001832962036e+00 9.922447800636e-01 1.137643337250e+00 1.198443651199e+00 1.505556702614e+00 1.833880424500e+00 8.198685050011e-01 9.916921257973e-01 1.140806317329e+00 1.322063207626e+00 1.611423611641e+00 1.794418454170e+00 1.482715129852e+00 8.599148988724e-01 6.635528802872e-01 6.938851475716e-01 4.341107904911e-01 3.706577420235e-01 5.162106752396e-01 7.269511222839e-01 6.654711961746e-01 4.057176411152e-01 2.974224388599e-01 2.733170390129e-01
6.909164190292e-01 8.747620582581e-01 6.441469192505e-01 7.077279686928e-01 1.061006784439e+00 3.093009471893e+00 1.198290586472e+00 7.252655625343e-01 1.073365092278e+00 1.571474909782e+00 1.747828841209e+00 1.574257612228e+00 1.268915772438e+00 1.464043498039e+00 1.215685725212e+00 1.200916767120e+00 1.558288812637e+00 1.162729978561e+00 8.384389281273e-01 1.328636527061e+00 1.084795475006e+00 1.010179877281e+00 1.415878295898e+00 1.605226874352e+00 1.598589897156e+00 9.388830065727e-01 1.097084283829e+00 1.226619005203e+00 1.365852594376e+00 1.724270582199e+00 2.016387224197e+00 1.716611385345e+00 1.008926153183e+00 5.779402852058e-01 6.574387550354e-01 4.557333290577e-01 4.724425673485e-01 7.618008255959e-01 7.786161899567e-01 5.174276232719e-01 3.614967465401e-01 3.443276584148e-01 3.226734101772e-01
6.703956127167e-01 9.086021184921e-01 8.445026874542e-01 8.021290898323e-01 1.127736687660e+00 3.201396703720e+00 1.256999015808e+00 7.538970708847e-01 8.879573345184e-01 1.226082921028e+00 1.497306942940e+00 1.550644636154e+00 1.416329145432e+00 1.556111812592e+00 1.472976326942e+00 1.257302284241e+00 2.086019992828e+00 1.533852100372e+00 8.353872299194e-01 1.616733312607e+00 1.211622238159e+00 1.262398958206e+00 1.865805625916e+00 1.629157423973e+00 1.296601414680e+00 1.029114365578e+00 1.123577356339e+00 1.254278898239e+00 1.300146222115e+00 1.701236367226e+00 2.122407197952e+00 1.892392158508e+00 1.123178720474e+00 5.049212574959e-01 6.113256216049e-01 5.425071120262e-01 7.543775439262e-01 8.772134780884e-01 6.241679191589e-01 4.170313179493e-01 4.016927778721e-01 3.820071816444e-01 3.608860671520e-01
6.739220023155e-01 9.423939585686e-01 1.068613052368e+00 7.387343645096e-01 1.190674901009e+00 3.289448976517e+00 1.283745288849e+00 7.791709303856e-01 8.901301026344e-01 1.144230604172e+00 1.155207276344e+00 1.379182577133e+00 1.461414217949e+00 1.736060976982e+00 1.584531903267e+00 1.365527510643e+00 2.603622674942e+00 1.873062372208e+00 8.272521495819e-01 1.843376994133e+00 1.273679375648e+00 1.534199237823e+00 2.204128742218e+00 1.521363019943e+00 9.659191370010e-01 1.055896520615e+00 1.077400803566e+00 1.187380194664e+00 1.169161558151e+00 1.546542048454e+00 2.038964986801e+00 1.926893591881e+00 1.180348753929e+00 5.204105973244e-01 5.868439674377e-01 6.978355050087e-01 9.510763287544e-01 7.534266114235e-01 4.488512277603e-01 4.339962303638e-01 4.242636859417e-01 4.101693928242e-01 3.916161358356e-01
6.037963032722e-01 9.769102334976e-01 1.160944104195e+00 7.710331678391e-01 1.254846334457e+00 3.388837337494e+00 1.301119923592e+00 8.323779702187e-01 8.139105439186e-01 1.104364037514e+00 9.076405763626e-01 1.116156697273e+00 1.635748267174e+00 1.864549756050e+00 1.476248741150e+00 1.690643668175e+00 3.015635967255e+00 2.146308898926e+00 9.415816664696e-01 2.000915527344e+00 1.328238844872e+00 1.671941280365e+00 2.313511371613e+00 1.267605543137e+00 1.013365507126e+00 1.098285913467e+00 1.133086562157e+00 1.057193040848e+00 9.355225563049e-01 1.283653378487e+00 1.788409709930e+00 1.809227347374e+00 1.169419884682e+00 5.153446197510e-01 5.993233919144e-01 9.749975800514e-01 9.041097164154e-01 5.177537798882e-01 4.393011331558e-01 4.196311831474e-01 4.132488965988e-01 4.115988314152e-01 4.027647972107e-01
7.871723771095e-01 1.017278194427e+00 1.164722561836e+00 1.255522608757e+00 1.320868492126e+00 3.447374105453e+00 1.296185612679e+00 9.940519332886e-01 6.889882087708e-01 1.047168016434e+00 8.497092723846e-01 1.233802914619e+00 1.724392890930e+00 1.993600964546e+00 1.597496628761e+00 2.009699106216e+00 3.355187177658e+00 2.307300329208e+00 1.169293761253e+00 2.135197401047e+00 1.460231065750e+00 1.633633613586e+00 2.226069688797e+00 1.010923266411e+00 9.446179866791e-01 1.319695234299e+00 1.441947698593e+00 9.036439657211e-01 7.183204293251e-01 9.861322045326e-01 1.470036029816e+00 1.608959436417e+00 1.099459648132e+00 4.872776567936e-01 9.304221868515e-01 1.046610116959e+00 6.317788362503e-01 4.693528711796e-01 4.014837741852e-01 3.912577629089e-01 3.883929848671e-01 4.542470872402e-01 5.358005166054e-01
1.040318608284e+00 1.065208911896e+00 1.149109363556e+00 1.542223572731e+00 1.370176792145e+00 3.464096069336e+00 1.258940100670e+00 1.139625906944e+00 7.298332452774e-01 1.074279427528e+00 9.111968278885e-01 1.322711110115e+00 1.806409478188e+00 2.119795799255e+00 1.544396519661e+00 2.273064851761e+00 3.421665668488e+00 2.188060998917e+00 1.386667609215e+00 2.248752593994e+00 1.465413808823e+00 1.497263431549e+00 1.930219292641e+00 9.940353035927e-01 9.586865901947e-01 1.521439552307e+00 1.555862307549e+00 8.144198060036e-01 7.780095338821e-01 7.065922021866e-01 1.137440443039e+00 1.346443295479e+00 9.738192558289e-01 8.390541672707e-01 1.126774907112e+00 8.100355267525e-01 4.605704545975e-01 3.877865672112e-01 3.605840206146e-01 3.408799767494e-01 4.853535294533e-01 6.302807927132e-01 6.268208026886e-01
1.245688557625e+00 1.381261825562e+00 1.308504462242e+00 1.428111791611e+00 1.396462082863e+00 3.434251546860e+00 1.226636290550e+00 1.253580093384e+00 7.671622633934e-01 1.091623425484e+00 1.008682608604e+00 1.369592547417e+00 1.902930021286e+00 2.244802713394e+00 1.421642899513e+00 2.441525697708e+00 3.225950479507e+00 1.941494464874e+00 1.528357863426e+00 2.334992170334e+00 1.313555479050e+00 1.199622988701e+00 1.503777027130e+00 9.205048084259e-01 1.129509329796e+00 1.526149749756e+00 1.438367724419e+00 8.575689196587e-01 8.997219204903e-01 7.611141204834e-01 1.020140528679e+00 1.057029485703e+00 8.008749485016e-01 1.130939602852e+00 9.939448237419e-01 7.061485648155e-01 3.952933549881e-01 3.273433744907e-01 4.120839238167e-01 4.654476046562e-01 6.755377054214e-01 6.918469071388e-01 5.759062767029e-01
1.633344173431e+00 1.659472465515e+00 1.797861456871e+00 1.409177780151e+00 1.587124586105e+00 3.324192762375e+00 1.400762557983e+00 1.338055133820e+00 9.868569374084e-01 1.094848752022e+00 1.115285038948e+00 1.688522577286e+00 1.983558177948e+00 2.384108781815e+00 1.566002726555e+00 2.454534053802e+00 2.869333505630e+00 1.881564497948e+00 1.581098198891e+00 2.400321722031e+00 1.200346946716e+00 1.057675719261e+00 1.155922412872e+00 9.789000153542e-01 1.229105472565e+00 1.368036389351e+00 1.066141247749e+00 9.513435363770e-01 1.049973130226e+00 8.683279752731e-01 1.054578423500e+00 7.490695118904e-01 1.071957349777e+00 1.124042510986e+00 1.014053463936e+00 6.406093835831e-01 4.256202876568e-01 4.081321656704e-01 4.929473996162e-01 6.730045676231e-01 7.502090334892e-01 6.036549210548e-01 4.479335248470e-01
1.815959215164e+00 1.847636342049e+00 2.248107194901e+00 2.096410036087e+00 1.387836098671e+00 3.135309934616e+00 1.308336257935e+00 1.465712904930e+00 1.367595553398e+00 1.134637355804e+00 1.223666667938e+00 2.039798259735e+00 2.156700134277e+00 2.538479566574e+00 1.748511433601e+00 2.310365438461e+00 2.841463804245e+00 2.296135663986e+00 1.546727895737e+00 2.413235664368e+00 1.206496357918e+00 1.118462681770e+00 1.160607814789e+00 1.088417053223e+00 1.153463840485e+00 1.001062870026e+00 9.887270331383e-01 1.109762310982e+00 1.150845527649e+00 9.013250470161e-01 1.045745372772e+00 1.009332418442e+00 1.194064736366e+00 1.034170746803e+00 1.081810355186e+00 7.329391837120e-01 5.240552425385e-01 5.264254212379e-01 6.400569677353e-01 7.531535029411e-01 6.214039921761e-01 4.565943777561e-01 4.482021927834e-01
