100/SI/f109.grd
DSAA
101	101
32.816463539100	34.260883539100
35.556306596100	36.727886596100
9.870550129563e-04	1.843053283691e+02
[rows 76 to 94 of 101, columns 43 to 85 of 101]
2.757187783718e-01 2.343470454216e-01 4.212955832481e-01 1.091569423676e+00 1.182349562645e+00 2.402280807495e+00 3.883943080902e+00 4.390344142914e+00 2.714565038681e+00 7.490915656090e-01 2.379582881927e+00 5.378264427185e+00 4.055719375610e+00 1.084915161133e+00 4.783853590488e-01 6.712195277214e-01 7.714214324951e-01 4.381905794144e-01 3.957645893097e-01 4.861434698105e-01 1.671176433563e+00 3.671162128448e+00 8.444525003433e-01 5.737078189850e-01 4.203410148621e-01 2.826831042767e-01 1.459838449955e-01 1.255557686090e-01 1.221431121230e-01 1.151675879955e-01 1.063124015927e-01 1.111367121339e-01 1.173009648919e-01 1.247112154961e-01 1.262000054121e-01 1.177161484957e-01 1.081875339150e-01 1.013327613473e-01 9.668315201998e-02 9.408499300480e-02 1.060841158032e-01 1.699455082417e-01 2.296435832977e-01
4.285701811314e-01 5.843344330788e-01 7.358941435814e-01 8.003374934196e-01 1.058229327202e+00 1.537067174911e+00 2.028092622757e+00 1.777758359909e+00 2.700799942017e+00 3.951060295105e+00 3.939364433289e+00 1.907348155975e+00 1.378206849098e+00 1.084783911705e+00 7.041313052177e-01 9.774974584579e-01 2.938112914562e-01 1.408639699221e-01 1.699069291353e-01 1.893757581711e-01 1.444599032402e-01 1.731287688017e-01 2.732756733894e-01 2.886552512646e-01 2.631357312202e-01 1.618112027645e-01 7.986378669739e-02 7.158115506172e-02 8.038244396448e-02 9.280487895012e-02 9.925368428230e-02 1.017375215888e-01 1.013842225075e-01 9.709850698709e-02 8.463271707296e-02 6.810553371906e-02 5.492768436670e-02 5.320883542299e-02 5.557848140597e-02 6.769940257072e-02 9.096234291792e-02 1.544834822416e-01 2.047550976276e-01
9.345836043358e-01 1.416446566582e+00 8.996512293816e-01 4.008189439774e-01 5.169843435287e-01 1.687568306923e+00 4.741002082825e+00 6.340323448181e+00 4.811362743378e+00 2.403809785843e+00 1.317452788353e+00 8.962132930756e-01 5.797557830811e-01 9.000058174133e-01 1.017492294312e+00 3.060707449913e-01 1.021460965276e-01 9.408146888018e-02 9.701099991798e-02 1.267214566469e-01 9.514173865318e-02 8.712476491928e-02 1.005995646119e-01 1.165901795030e-01 1.058005094528e-01 9.903997182846e-02 7.912988960743e-02 8.256902545691e-02 6.929983943701e-02 7.735402137041e-02 8.111687004566e-02 7.577828317881e-02 7.465150207281e-02 7.235120981932e-02 5.121827498078e-02 4.866316914558e-02 5.165257677436e-02 5.142599716783e-02 5.033760890365e-02 5.454374849796e-02 6.665956228971e-02 1.360755562782e-01 1.977616399527e-01
1.285790801048e+00 1.510274052620e+00 5.195153951645e-01 5.513256192207e-01 1.722536087036e+00 3.092531681061e+00 3.201218605042e+00 2.794432878494e+00 2.592880487442e+00 1.138352036476e+00 1.093659758568e+00 1.282382369041e+00 8.557890057564e-01 6.466391086578e-01 1.848646849394e-01 1.132921203971e-01 7.314514368773e-02 7.054767757654e-02 6.783975660801e-02 7.987744361162e-02 7.416399568319e-02 7.415711879730e-02 6.901730597019e-02 6.723514199257e-02 6.614665687084e-02 6.760502606630e-02 6.553645431995e-02 6.677511334419e-02 7.163567095995e-02 6.879334151745e-02 6.976217776537e-02 5.746145173907e-02 6.372311711311e-02 6.691303849220e-02 5.344110354781e-02 4.045421630144e-02 4.831703752279e-02 5.135469883680e-02 5.154040455818e-02 5.065288022161e-02 5.329234153032e-02 7.342100888491e-02 1.225235164165e-01
5.575098991394e-01 1.140141725540e+00 1.613408803940e+00 1.820484519005e+00 1.775085091591e+00 1.468920230865e+00 1.833359003067e+00 2.278910398483e+00 3.285633325577e+00 1.302683353424e+00 1.322092056274e+00 7.998847365379e-01 3.419461250305e-01 1.274765431881e-01 8.787748962641e-02 7.159510254860e-02 6.443678587675e-02 5.818828940392e-02 5.329420045018e-02 4.982593655586e-02 5.442928150296e-02 4.340298101306e-02 4.402705281973e-02 4.390123486519e-02 4.593981802464e-02 4.835935309529e-02 4.894656315446e-02 4.497567191720e-02 3.771162778139e-02 4.533609002829e-02 4.580083116889e-02 4.460966959596e-02 5.021023377776e-02 5.582974478602e-02 5.134072527289e-02 4.035720601678e-02 4.492697864771e-02 5.037828162313e-02 5.170440673828e-02 5.348255112767e-02 6.201567873359e-02 7.451759278774e-02 9.152851253748e-02
7.305847406387e-01 1.920482397079e+00 3.567358493805e+00 2.165493965149e+00 1.480023264885e+00 2.281847476959e+00 3.125606536865e+00 4.261587619781e+00 1.977125763893e+00 1.148272752762e+00 5.277239084244e-01 3.272743523121e-01 1.380644589663e-01 7.490855455399e-02 5.419122055173e-02 4.464450106025e-02 4.113323986530e-02 3.824818879366e-02 3.921581804752e-02 4.175543785095e-02 4.189556837082e-02 3.926085680723e-02 3.897083550692e-02 4.137319326401e-02 4.946612194180e-02 5.773038789630e-02 6.331641227007e-02 6.173237413168e-02 4.892146214843e-02 3.680989146233e-02 3.669766709208e-02 3.395429998636e-02 3.626585751772e-02 4.511879011989e-02 4.655333235860e-02 4.332166910172e-02 4.088508337736e-02 4.782763123512e-02 5.046607181430e-02 5.098205059767e-02 5.946792662144e-02 8.225135505199e-02 1.110638007522e-01
1.183602333069e+00 3.654066801071e+00 2.774012804031e+00 2.193771362305e+00 2.453741788864e+00 2.397063493729e+00 1.636525869370e+00 1.588636755943e+00 1.237558126450e+00 6.356372833252e-01 2.832883894444e-01 1.938356012106e-01 7.840004563332e-02 5.141429230571e-02 4.215569421649e-02 3.433793038130e-02 3.392792865634e-02 3.631798923016e-02 3.559302538633e-02 3.314118459821e-02 3.603798151016e-02 3.627116978168e-02 3.611452504992e-02 3.627641499043e-02 4.511906951666e-02 5.547921359539e-02 6.315945833921e-02 6.320026516914e-02 5.150733515620e-02 3.390174731612e-02 3.552448004484e-02 3.688855841756e-02 3.027984872460e-02 3.349052369595e-02 3.977908939123e-02 4.424933344126e-02 4.455414041877e-02 4.378899559379e-02 4.783954471350e-02 4.994786158204e-02 4.945754632354e-02 5.596179515123e-02 7.215129584074e-02
1.512620329857e+00 2.550648450851e+00 1.509245753288e+00 9.064707756042e-01 6.189574003220e-01 9.243626594543e-01 7.747706174850e-01 9.244074225426e-01 6.675934791565e-01 2.720815837383e-01 2.224003970623e-01 1.402055919170e-01 8.430574089289e-02 6.300946325064e-02 3.962001949549e-02 3.272776678205e-02 3.489768505096e-02 3.529049828649e-02 3.225200623274e-02 2.972982637584e-02 3.448141366243e-02 3.780752792954e-02 3.965890035033e-02 3.844210878015e-02 3.526215627789e-02 4.220284521580e-02 4.720826074481e-02 4.693371430039e-02 3.895092755556e-02 3.071505948901e-02 3.149028494954e-02 3.464340418577e-02 3.320256993175e-02 2.935644611716e-02 2.974416129291e-02 3.647808730602e-02 4.040165618062e-02 3.882549703121e-02 4.415769502521e-02 4.796929657459e-02 4.891512915492e-02 5.289011821151e-02 5.791908502579e-02
2.162539482117e+00 1.797036767006e+00 5.747573375702e-01 4.511990547180e-01 4.812932908535e-01 2.798787653446e-01 4.768289029598e-01 6.342975497246e-01 4.245793223381e-01 2.135487198830e-01 1.964522898197e-01 1.001415327191e-01 8.871277421713e-02 8.468748629093e-02 5.340133234859e-02 4.189472645521e-02 3.567298501730e-02 3.398281335831e-02 2.942037954926e-02 2.870079688728e-02 3.472015261650e-02 4.166324064136e-02 4.591847583652e-02 4.307075962424e-02 3.694285824895e-02 3.179788589478e-02 3.469148650765e-02 3.725599497557e-02 3.720107302070e-02 3.832711279392e-02 3.454471379519e-02 3.180886432528e-02 3.177119046450e-02 2.895180508494e-02 2.814948000014e-02 3.345681354403e-02 3.668529912829e-02 3.583884984255e-02 3.974511846900e-02 4.473036900163e-02 4.695612192154e-02 5.263632908463e-02 6.587415933609e-02
3.379055976868e+00 1.489851355553e+00 3.200939893723e-01 2.167649269104e-01 1.647033989429e-01 1.992312073708e-01 2.128768712282e-01 4.800870120525e-01 4.914401173592e-01 3.031410872936e-01 1.527016758919e-01 8.821108192205e-02 7.694429159164e-02 8.106562495232e-02 6.698828190565e-02 4.139481857419e-02 3.521566092968e-02 3.273483738303e-02 2.732038125396e-02 2.840644679964e-02 3.561360761523e-02 4.657028988004e-02 5.092560127378e-02 4.536279663444e-02 3.821097686887e-02 3.374582901597e-02 3.607664257288e-02 4.026973992586e-02 4.206721484661e-02 3.996156528592e-02 3.711218014359e-02 3.095358423889e-02 3.535569459200e-02 2.890668995678e-02 2.669992111623e-02 2.937472052872e-02 3.700720518827e-02 4.084265604615e-02 4.361302033067e-02 4.969987273216e-02 5.721155181527e-02 5.944034457207e-02 5.774212628603e-02
2.931159973145e+00 8.936051130295e-01 2.391543239355e-01 1.345264464617e-01 1.217800900340e-01 1.363942325115e-01 2.445359826088e-01 3.143834173679e-01 3.723725080490e-01 2.601561844349e-01 1.749801486731e-01 1.024384200573e-01 6.440687179565e-02 5.884705111384e-02 5.676465108991e-02 4.815996438265e-02 3.913484886289e-02 4.317451640964e-02 3.614667803049e-02 3.135639801621e-02 3.918210417032e-02 5.247110500932e-02 5.476072058082e-02 4.611183330417e-02 3.926211595535e-02 3.587674722075e-02 3.790273144841e-02 4.255517572165e-02 4.576692730188e-02 4.263341426849e-02 3.649498894811e-02 3.032216988504e-02 3.617485612631e-02 2.791927941144e-02 2.660768292844e-02 2.517557889223e-02 2.776358462870e-02 3.664757311344e-02 4.678223282099e-02 6.036414206028e-02 7.380196452141e-02 7.904299348593e-02 7.985746115446e-02
1.530323743820e+00 2.963536977768e-01 1.400608867407e-01 1.234500333667e-01 1.025532409549e-01 9.783470630646e-02 1.572100520134e-01 8.777213096619e-02 2.256895899773e-01 3.410286605358e-01 2.494658827782e-01 1.910468935966e-01 9.397911280394e-02 5.869016796350e-02 5.035671591759e-02 5.080125108361e-02 5.401289090514e-02 4.870613664389e-02 4.322351142764e-02 3.813426569104e-02 4.676087200642e-02 5.765795335174e-02 5.571296438575e-02 4.704602807760e-02 4.210088029504e-02 3.972817957401e-02 4.015782848001e-02 4.472571983933e-02 4.828713834286e-02 4.603710770607e-02 3.847417235374e-02 3.045596182346e-02 3.425637632608e-02 3.088135458529e-02 2.627050504088e-02 2.624546550214e-02 2.540570870042e-02 2.663609199226e-02 3.380079194903e-02 5.173666030169e-02 7.064900547266e-02 8.224004507065e-02 8.885149657726e-02
4.127437770367e-01 1.694388985634e-01 1.119033396244e-01 1.061889231205e-01 7.884646952152e-02 7.311683148146e-02 7.092560082674e-02 7.053492963314e-02 8.202391862869e-02 2.806237637997e-01 3.116204142570e-01 4.569782018661e-01 2.934106886387e-01 1.068671420217e-01 6.702969968319e-02 5.611797794700e-02 6.167181581259e-02 7.276014983654e-02 6.797803193331e-02 5.477305874228e-02 5.315062776208e-02 5.979509651661e-02 5.400356277823e-02 4.678407683969e-02 4.414739832282e-02 4.383792728186e-02 4.478692263365e-02 4.570370540023e-02 4.932545498013e-02 4.916350170970e-02 4.225782305002e-02 3.262890130281e-02 3.228938207030e-02 3.212930634618e-02 3.018053248525e-02 3.097522631288e-02 3.072495572269e-02 3.028069250286e-02 3.000384569168e-02 2.998359501362e-02 4.011759907007e-02 5.328129231930e-02 6.274288147688e-02
1.573247611523e-01 9.356501698494e-02 9.992506355047e-02 8.646967262030e-02 6.719421595335e-02 6.101012602448e-02 5.373204872012e-02 5.439982935786e-02 6.265853345394e-02 1.162057071924e-01 4.659267067909e-01 1.142010569572e+00 7.844927906990e-01 2.513892650604e-01 1.115092709661e-01 6.999623030424e-02 6.461164355278e-02 7.730774581432e-02 7.509384304285e-02 7.850379496813e-02 7.573679834604e-02 6.257296353579e-02 5.613890290260e-02 5.055509507656e-02 4.913872107863e-02 4.964381828904e-02 4.969012364745e-02 4.855640977621e-02 4.928357899189e-02 5.150809884071e-02 4.632698372006e-02 3.394511714578e-02 3.166384994984e-02 3.111218474805e-02 3.246629610658e-02 3.492743521929e-02 3.661227598786e-02 3.720578551292e-02 3.704287484288e-02 3.585973009467e-02 3.487784415483e-02 3.671967983246e-02 3.791447728872e-02
1.340677887201e-01 8.213893324137e-02 8.862265944481e-02 6.730365753174e-02 5.254209041595e-02 4.966960102320e-02 4.385318979621e-02 4.653080552816e-02 4.657943546772e-02 8.197055011988e-02 3.531262576580e-01 9.508059620857e-01 8.590879440308e-01 5.542783141136e-01 1.355052739382e-01 7.789622992277e-02 5.949436500669e-02 8.468397706747e-02 1.008742526174e-01 9.492210298777e-02 7.783064991236e-02 6.099112704396e-02 6.067330762744e-02 5.727256461978e-02 5.552002415061e-02 5.440707504749e-02 5.224097147584e-02 4.781771078706e-02 4.942777752876e-02 5.180054903030e-02 4.550351947546e-02 3.590334951878e-02 3.713731095195e-02 3.595601767302e-02 3.414107114077e-02 3.254483267665e-02 3.482476994395e-02 3.622907400131e-02 3.595599532127e-02 3.378915041685e-02 3.642813116312e-02 4.303581640124e-02 4.774359241128e-02
1.648654639721e-01 8.644936233759e-02 7.725752145052e-02 5.652904137969e-02 4.312562569976e-02 4.089508950710e-02 4.181119799614e-02 4.142693430185e-02 3.976579010487e-02 5.149944126606e-02 1.347071379423e-01 4.875768423080e-01 1.773102402687e+00 1.370023488998e+00 2.316752523184e-01 9.078332036734e-02 9.912148863077e-02 1.060510352254e-01 9.462458640337e-02 7.555942237377e-02 6.156847625971e-02 6.298727542162e-02 6.708095222712e-02 6.523364782333e-02 6.103701889515e-02 5.557912588120e-02 4.823891818523e-02 4.381510987878e-02 5.075098201632e-02 5.186410620809e-02 4.757228121161e-02 5.295989289880e-02 5.320320650935e-02 5.043536052108e-02 4.540308564901e-02 3.541157767177e-02 2.875332906842e-02 2.871049195528e-02 2.888565696776e-02 3.114694356918e-02 3.660451248288e-02 4.561428725719e-02 5.653426051140e-02
1.743583083153e-01 9.791475534439e-02 7.364509254694e-02 4.935198277235e-02 3.897916153073e-02 4.081052914262e-02 4.027137532830e-02 3.841595351696e-02 3.470492362976e-02 3.941038250923e-02 7.644338905811e-02 2.487439513206e-01 8.646998405457e-01 7.651215195656e-01 2.590222656727e-01 1.492220163345e-01 1.231337711215e-01 9.587084501982e-02 7.410499453545e-02 5.934882164001e-02 5.947445705533e-02 6.377589702606e-02 6.810864806175e-02 6.507112085819e-02 5.645989626646e-02 4.596993699670e-02 3.772630915046e-02 4.089710116386e-02 5.071968585253e-02 5.300285667181e-02 5.634417384863e-02 6.205413863063e-02 6.178926676512e-02 5.773471295834e-02 4.917257279158e-02 3.570320084691e-02 3.671418875456e-02 3.819078579545e-02 4.041711241007e-02 4.228406026959e-02 4.267542064190e-02 4.680391028523e-02 6.037623807788e-02
1.629104614258e-01 8.755590766668e-02 6.199835613370e-02 3.882033005357e-02 3.734624758363e-02 4.020212218165e-02 3.881630301476e-02 3.360309824347e-02 2.675025351346e-02 3.539108112454e-02 6.499549746513e-02 1.104274988174e-01 3.071170449257e-01 3.676517307758e-01 2.684216499329e-01 1.654100567102e-01 1.050787270069e-01 7.492469251156e-02 6.962948292494e-02 6.795062869787e-02 6.153783574700e-02 5.844796076417e-02 5.675496906042e-02 5.008358880877e-02 3.968391567469e-02 3.508278355002e-02 3.450673446059e-02 3.663387894630e-02 4.700559377670e-02 5.227291211486e-02 3.985160961747e-02 4.357225075364e-02 4.370981082320e-02 4.099385067821e-02 3.839299082756e-02 4.216444864869e-02 4.575961455703e-02 5.041281133890e-02 5.531103909016e-02 5.798414722085e-02 5.690074339509e-02 5.282215029001e-02 5.912952125072e-02
1.454514861107e-01 6.801914423704e-02 4.467312991619e-02 2.904851175845e-02 3.490728512406e-02 3.864619135857e-02 3.700416535139e-02 3.056938573718e-02 2.263516560197e-02 3.174271807075e-02 5.835400521755e-02 9.058862179518e-02 2.139615565538e-01 2.765480279922e-01 2.165576219559e-01 1.289939731359e-01 8.020771294832e-02 7.484395056963e-02 7.391433417797e-02 6.227399408817e-02 4.978519678116e-02 4.176406934857e-02 3.668702766299e-02 3.086621500552e-02 2.907422743738e-02 2.843779698014e-02 2.832598239183e-02 3.107819519937e-02 4.078989103436e-02 4.749839007854e-02 3.716097027063e-02 2.947492524981e-02 2.744381874800e-02 3.521084785461e-02 4.185885936022e-02 4.779412597418e-02 5.466310679913e-02 6.312365084887e-02 7.096536457539e-02 7.409524917603e-02 7.034845650196e-02 6.184635683894e-02 5.816300585866e-02
