100/SI/f109.grd
DSAA
101	101
32.816463539100	34.260883539100
35.556306596100	36.727886596100
9.870550129563e-04	1.843053283691e+02
[rows 76 to 94 of 101, columns 0 to 42 of 101]
1.112844143063e-02 1.609079726040e-02 2.130614221096e-02 2.518351562321e-02 2.702039666474e-02 2.716434746981e-02 2.623400092125e-02 2.477732300758e-02 2.312541753054e-02 2.372063696384e-02 2.687852457166e-02 3.226431086659e-02 3.822597488761e-02 4.203715920448e-02 4.277507215738e-02 4.147455468774e-02 3.772064298391e-02 3.995298594236e-02 4.117546603084e-02 4.356418177485e-02 5.977601930499e-02 5.825966596603e-02 3.951378166676e-02 4.299147054553e-02 3.995664790273e-02 3.642022609711e-02 3.852928429842e-02 4.280076175928e-02 4.734954982996e-02 5.012858286500e-02 4.833877831697e-02 4.557280614972e-02 4.433954507113e-02 4.464868456125e-02 4.926409944892e-02 5.808029696345e-02 1.073024049401e-01 1.316830664873e-01 1.241225898266e-01 9.207011014223e-02 9.243742376566e-02 1.498189568520e-01 2.638019025326e-01
1.125379186124e-02 1.817207969725e-02 2.408652566373e-02 2.774528972805e-02 2.918502688408e-02 2.901986427605e-02 2.786913514137e-02 2.618024498224e-02 2.572098188102e-02 2.861920371652e-02 3.299209848046e-02 3.905191645026e-02 4.465565085411e-02 4.737997427583e-02 4.663244262338e-02 4.323416948318e-02 3.681888058782e-02 3.769879043102e-02 3.791487216949e-02 3.381916880608e-02 3.410591557622e-02 3.555811196566e-02 3.273332491517e-02 3.854140639305e-02 4.085276648402e-02 3.754134476185e-02 4.098801314831e-02 4.942756518722e-02 5.493187531829e-02 5.563887953758e-02 5.196574330330e-02 4.773679375648e-02 4.763644933701e-02 4.569821432233e-02 5.360866710544e-02 5.905988812447e-02 9.611427783966e-02 1.078257113695e-01 1.232694387436e-01 1.411182582378e-01 2.920374870300e-01 3.870427906513e-01 3.713707923889e-01
1.194669771940e-02 1.903568208218e-02 2.476715482771e-02 2.799745276570e-02 2.901366539299e-02 2.851982787251e-02 2.707113325596e-02 2.783977240324e-02 3.142851218581e-02 3.522334992886e-02 4.011762887239e-02 4.528255760670e-02 4.863963648677e-02 4.857603460550e-02 4.511181637645e-02 3.919027000666e-02 3.116083517671e-02 3.256053477526e-02 3.158986195922e-02 2.775594778359e-02 2.610126137733e-02 2.924512140453e-02 3.461254388094e-02 4.615155979991e-02 4.864224418998e-02 4.463082924485e-02 5.486123636365e-02 5.958756059408e-02 6.100684031844e-02 5.971325188875e-02 5.587325245142e-02 5.182991921902e-02 4.939315840602e-02 5.380262807012e-02 6.947362422943e-02 9.154301881790e-02 1.204331517220e-01 1.481941193342e-01 1.345270723104e-01 3.377239406109e-01 3.958167135715e-01 3.741340935230e-01 3.709175586700e-01
1.076984684914e-02 1.700673624873e-02 2.190597727895e-02 2.452233061194e-02 2.517478168011e-02 2.447289228439e-02 2.636725269258e-02 3.004517778754e-02 3.301330655813e-02 3.597347810864e-02 3.908744454384e-02 4.141829907894e-02 4.172867164016e-02 3.932591900229e-02 3.476408123970e-02 2.910887263715e-02 2.673402987421e-02 2.575334347785e-02 2.404133789241e-02 2.373679354787e-02 2.406569756567e-02 2.672213688493e-02 4.150804877281e-02 5.652178451419e-02 6.121236458421e-02 6.400723755360e-02 6.740896403790e-02 6.800145655870e-02 6.410512328148e-02 6.030363962054e-02 5.707690864801e-02 5.420053005219e-02 6.425330042839e-02 6.878533959389e-02 8.779404312372e-02 1.011981144547e-01 9.865951538086e-02 1.597448289394e-01 1.981913298368e-01 3.141871988773e-01 3.499166965485e-01 3.376982808113e-01 3.447932600975e-01
8.749005384743e-03 1.398202031851e-02 1.700906455517e-02 1.894805207849e-02 1.944243721664e-02 2.118543162942e-02 2.434721775353e-02 2.631629817188e-02 2.725811488926e-02 2.811331674457e-02 2.910167910159e-02 2.970692329109e-02 2.917465753853e-02 2.703756093979e-02 2.743093483150e-02 2.804102189839e-02 2.770106121898e-02 2.623988687992e-02 2.397718653083e-02 2.329223230481e-02 2.248842455447e-02 2.726978436112e-02 4.669425264001e-02 6.428655982018e-02 7.301808148623e-02 7.695648074150e-02 7.773155719042e-02 8.112034946680e-02 7.903617620468e-02 6.833538413048e-02 5.915801599622e-02 5.736383423209e-02 6.993658095598e-02 7.270905375481e-02 7.364672422409e-02 8.520336449146e-02 1.131125092506e-01 1.535653173923e-01 2.035954296589e-01 2.173206806183e-01 3.395824134350e-01 4.258666634560e-01 3.367055356503e-01
1.193322334439e-02 1.738868094981e-02 2.134046517313e-02 2.346721664071e-02 2.442473173141e-02 2.485916577280e-02 2.500821277499e-02 2.485281229019e-02 2.438479103148e-02 2.373121306300e-02 2.368439175189e-02 2.572658844292e-02 2.749668061733e-02 2.902001701295e-02 3.008019365370e-02 3.031950816512e-02 2.942946925759e-02 2.732498385012e-02 2.616880089045e-02 2.549845911562e-02 2.477769553661e-02 3.041460923851e-02 4.804501682520e-02 6.627464294434e-02 1.652507185936e-01 4.833852648735e-01 5.134301185608e-01 2.324469834566e-01 1.360407620668e-01 1.076911240816e-01 7.705925405025e-02 6.038193777204e-02 7.034744322300e-02 9.252306073904e-02 7.278571277857e-02 9.215784072876e-02 1.023350805044e-01 1.581189781427e-01 2.762660682201e-01 2.846481800079e-01 3.154313266277e-01 4.288582205772e-01 5.983423590660e-01
1.680203154683e-02 2.431922219694e-02 2.957619726658e-02 3.209227696061e-02 3.278265893459e-02 3.259107843041e-02 3.193741291761e-02 3.094325773418e-02 2.967583388090e-02 2.824059687555e-02 3.233881294727e-02 3.714148700237e-02 4.130437225103e-02 4.415067285299e-02 4.510894417763e-02 4.390805587173e-02 4.055941849947e-02 3.531488776207e-02 3.441644459963e-02 3.263198956847e-02 3.040413744748e-02 3.624222055078e-02 4.796206578612e-02 1.091567501426e-01 4.547289311886e-01 1.297069311142e+00 1.415103912354e+00 7.540016770363e-01 3.114856481552e-01 1.532619893551e-01 9.958788752556e-02 7.905888557434e-02 6.787272542715e-02 9.825829416513e-02 1.022350788116e-01 1.063013449311e-01 9.565571695566e-02 1.502035856247e-01 3.241495788097e-01 4.879733026028e-01 3.250067234039e-01 3.327823281288e-01 7.496253252029e-01
2.101860567927e-02 2.999984659255e-02 3.587223589420e-02 3.812665119767e-02 3.800577670336e-02 3.674576058984e-02 3.495481982827e-02 3.398072719574e-02 3.853192180395e-02 4.700468108058e-02 5.574222654104e-02 6.398770958185e-02 7.100184261799e-02 7.653138041496e-02 8.034891635180e-02 8.174108713865e-02 7.967244833708e-02 7.296092063189e-02 6.042044982314e-02 4.676472768188e-02 4.299191758037e-02 4.491674527526e-02 9.635183215141e-02 1.734972596169e-01 5.377382636070e-01 4.259887218475e+00 8.343294143677e+00 1.849884152412e+00 8.332388997078e-01 2.879698574543e-01 1.211149692535e-01 9.742922335863e-02 8.804259449244e-02 1.221532821655e-01 1.469170451164e-01 1.438066661358e-01 1.196177005768e-01 1.838782727718e-01 2.723993062973e-01 5.947062969208e-01 6.004683971405e-01 3.244432508945e-01 7.673527002335e-01
2.227267064154e-02 3.114434331656e-02 3.637658059597e-02 3.760668635368e-02 3.631004691124e-02 3.757798671722e-02 4.157560691237e-02 4.421843960881e-02 5.151387304068e-02 6.342776864767e-02 7.585380971432e-02 8.764953166246e-02 9.800481051207e-02 1.072431132197e-01 1.161004006863e-01 1.245007514954e-01 1.302233040333e-01 1.283549666405e-01 1.119516864419e-01 8.112069219351e-02 6.248789653182e-02 8.965364098549e-02 1.581481397152e-01 2.245635092258e-01 1.007197618484e+00 2.392452001572e+00 3.343893289566e+00 1.016405940056e+00 4.428736567497e-01 2.405234426260e-01 1.897594183683e-01 2.236828505993e-01 2.872338593006e-01 2.654190063477e-01 1.844857484102e-01 1.871594488621e-01 1.603178083897e-01 1.875219792128e-01 2.026189714670e-01 3.888022005558e-01 5.173348188400e-01 3.646508455276e-01 1.281014084816e+00
3.002220764756e-02 4.758242517710e-02 6.006686389446e-02 6.723970919847e-02 7.131458073854e-02 7.299380004406e-02 7.244122773409e-02 6.994756311178e-02 6.601717323065e-02 6.585243344307e-02 7.954211533070e-02 9.335669875145e-02 1.064986363053e-01 1.191103234887e-01 1.325131952763e-01 1.482811868191e-01 1.638045459986e-01 1.702286899090e-01 1.547790020704e-01 1.918574720621e-01 1.387538909912e-01 1.507217139006e-01 1.986537426710e-01 2.761930823326e-01 5.103746056557e-01 1.801257133484e-01 1.461292505264e-01 1.459238678217e-01 2.081672251225e-01 1.719238013029e-01 2.046777456999e-01 1.532232880592e+00 1.046546101570e+00 6.994764208794e-01 4.185245037079e-01 6.151188611984e-01 5.645290017128e-01 2.655654549599e-01 2.171393632889e-01 2.390413731337e-01 3.560791611671e-01 9.749082326889e-01 1.478240728378e+00
5.503013357520e-02 8.559044450521e-02 1.049631983042e-01 1.129523292184e-01 1.144256964326e-01 1.118083298206e-01 1.063301712275e-01 9.905905276537e-02 9.252709895372e-02 9.671873599291e-02 1.000097244978e-01 1.016844138503e-01 1.029641926289e-01 1.170662343502e-01 1.303216218948e-01 1.451592743397e-01 1.600826084614e-01 2.368805259466e-01 3.062471151352e-01 3.089887201786e-01 3.165243566036e-01 3.158464729786e-01 2.349922508001e-01 2.780688405037e-01 1.349210888147e-01 1.025165617466e-01 9.557448327541e-02 8.305092900991e-02 9.297317266464e-02 1.299078613520e-01 3.279200792313e-01 1.824139833450e+00 1.344128251076e+00 7.585121989250e-01 6.757738590240e-01 1.426019191742e+00 1.359936356544e+00 6.181043386459e-01 4.692799448967e-01 4.214524924755e-01 5.444732904434e-01 9.200515747070e-01 1.673541545868e+00
7.691989839077e-02 1.170086115599e-01 1.376888602972e-01 1.434773504734e-01 1.766309887171e-01 1.911342442036e-01 1.893042176962e-01 1.776776462793e-01 1.611793488264e-01 1.460051685572e-01 1.486126333475e-01 1.464609056711e-01 1.473434865475e-01 1.702094972134e-01 2.556241154671e-01 3.026220500469e-01 3.367924988270e-01 3.249988257885e-01 2.417703121901e-01 2.686527371407e-01 2.829335331917e-01 2.371781021357e-01 1.889121383429e-01 1.065075993538e-01 9.359966218472e-02 7.375886291265e-02 6.127177178860e-02 4.934495687485e-02 4.577147215605e-02 7.985159754753e-02 1.272449046373e-01 7.317501306534e-01 8.844630122185e-01 1.323510646820e+00 1.412779450417e+00 1.949209928513e+00 1.310337543488e+00 6.039994359016e-01 1.354860782623e+00 1.087839603424e+00 7.404406070709e-01 8.965612053871e-01 2.860867023468e+00
8.991792052984e-02 1.354432851076e-01 1.566308289766e-01 1.778175979853e-01 2.168554514647e-01 2.330260127783e-01 2.294163554907e-01 2.138668298721e-01 1.920442134142e-01 1.682507246733e-01 1.448887139559e-01 1.583163440228e-01 1.834703534842e-01 2.110859751701e-01 2.298674881458e-01 2.366639524698e-01 2.231511324644e-01 1.847359687090e-01 1.471552252769e-01 1.283542513847e-01 1.106097102165e-01 7.864241302013e-02 6.719315797091e-02 6.435067206621e-02 5.734859034419e-02 4.682675749063e-02 3.618989884853e-02 3.486267849803e-02 4.444800689816e-02 6.645710021257e-02 9.469525516033e-02 3.953585922718e-01 4.085414111614e-01 7.811368107796e-01 9.121738672256e-01 2.186462879181e+00 1.886281013489e+00 1.047112703323e+00 9.601807594299e-01 3.819130182266e+00 9.002337455750e+00 2.319065809250e+00 1.421507835388e+00
6.694716215134e-02 9.988481551409e-02 1.141078993678e-01 1.177425682545e-01 1.413701325655e-01 1.503646820784e-01 1.471149325371e-01 1.365725696087e-01 1.221560612321e-01 1.066796928644e-01 9.635112434626e-02 1.045187190175e-01 1.092961728573e-01 1.105926483870e-01 1.085308268666e-01 1.078952103853e-01 9.724144637585e-02 7.680039852858e-02 8.942007273436e-02 8.428560942411e-02 6.715222448111e-02 5.004818364978e-02 4.694500565529e-02 4.191501438618e-02 3.508570790291e-02 2.762784063816e-02 3.242068737745e-02 4.496234655380e-02 5.624037981033e-02 1.117655262351e-01 1.420546621084e-01 2.157069295645e-01 3.758957087994e-01 2.793558239937e-01 2.416193932295e-01 2.896453738213e-01 1.802772045135e+00 1.099776625633e+00 7.976933717728e-01 5.124974727631e+00 1.129988193512e+01 1.229694366455e+00 4.425820410252e-01
3.163076937199e-02 4.670956358314e-02 5.654557421803e-02 6.417434662580e-02 6.709039956331e-02 6.837297230959e-02 6.913208961487e-02 6.565114855766e-02 6.257764250040e-02 6.181645393372e-02 6.080088391900e-02 5.606636404991e-02 5.889053642750e-02 6.082801148295e-02 6.054836511612e-02 5.743286013603e-02 7.395132631063e-02 9.455462545156e-02 8.922119438648e-02 6.684425473213e-02 4.268611595035e-02 3.162669390440e-02 2.873244322836e-02 2.493150904775e-02 2.115840837359e-02 3.298738971353e-02 5.065635964274e-02 6.750220060349e-02 9.035955369473e-02 1.460641920567e-01 2.047775089741e-01 2.758587598801e-01 3.168466687202e-01 3.753656446934e-01 1.844072639942e-01 1.930911689997e-01 3.678954541683e-01 9.113076329231e-01 1.513646245003e+00 1.629754185677e+00 8.406583070755e-01 3.165445923805e-01 2.953401207924e-01
2.163022942841e-02 3.156083449721e-02 3.985690698028e-02 4.499371349812e-02 4.707745835185e-02 4.697316884995e-02 4.564716294408e-02 4.347323253751e-02 4.093607142568e-02 3.825585171580e-02 3.550183400512e-02 3.273911401629e-02 3.007124923170e-02 3.057899326086e-02 3.015264496207e-02 4.024799540639e-02 6.868030130863e-02 8.142249286175e-02 6.985399127007e-02 4.826711863279e-02 2.945187315345e-02 1.910515688360e-02 1.967549882829e-02 2.158353291452e-02 2.948313951492e-02 4.997299984097e-02 7.516677677631e-02 1.034329608083e-01 1.455671042204e-01 2.016728967428e-01 3.012934923172e-01 3.107322156429e-01 2.804602682590e-01 1.535323858261e-01 1.175251454115e-01 1.601651310921e-01 1.944523304701e-01 6.782752871513e-01 1.794018030167e+00 1.052768230438e+00 6.200039386749e-01 2.699995934963e-01 2.564258277416e-01
1.555980276316e-02 2.246910147369e-02 2.805080823600e-02 3.150183707476e-02 3.302655369043e-02 3.319311887026e-02 3.245650976896e-02 3.111775405705e-02 2.936819009483e-02 2.730959840119e-02 2.503299526870e-02 2.262126468122e-02 2.427258528769e-02 2.437513507903e-02 2.249033190310e-02 2.385192178190e-02 4.279238358140e-02 5.339207872748e-02 5.004394054413e-02 3.927826508880e-02 2.782383374870e-02 1.874623261392e-02 2.107919938862e-02 2.426913008094e-02 4.159955307841e-02 9.077132493258e-02 1.913183480501e-01 1.760614514351e-01 1.463879793882e-01 2.711700201035e-01 3.685104846954e-01 3.158756196499e-01 2.248344719410e-01 1.041960343719e-01 1.154505908489e-01 1.583360582590e-01 2.042707055807e-01 8.383107185364e-01 1.447804689407e+00 6.187599897385e-01 3.568324446678e-01 2.154657095671e-01 1.937723457813e-01
1.064582914114e-02 1.522219739854e-02 1.884681358933e-02 2.104914560914e-02 2.200428396463e-02 2.208338305354e-02 2.155158296227e-02 2.057733573020e-02 1.926180347800e-02 1.768251508474e-02 1.740332320333e-02 1.949799247086e-02 2.030539140105e-02 1.940249465406e-02 1.792491972446e-02 2.050880901515e-02 2.278469316661e-02 2.727972157300e-02 3.129995241761e-02 3.031173162162e-02 2.587844803929e-02 2.049761638045e-02 2.251710928977e-02 3.113641962409e-02 5.411928147078e-02 1.566952466965e-01 2.224479168653e-01 1.354292482138e-01 1.488482058048e-01 2.862975597382e-01 3.869250714779e-01 3.065576553345e-01 2.085971683264e-01 1.434159278870e-01 1.632661968470e-01 1.582193076611e-01 3.546719253063e-01 1.456335067749e+00 1.116301298141e+00 2.541604638100e-01 5.107042789459e-01 2.202510833740e-01 1.499502509832e-01
6.519076414406e-03 9.226272813976e-03 1.133624836802e-02 1.258011255413e-02 1.307055167854e-02 1.302981190383e-02 1.261337008327e-02 1.192099228501e-02 1.102261152118e-02 1.338345091790e-02 1.560114137828e-02 1.704349927604e-02 1.714427582920e-02 1.826501078904e-02 2.113400772214e-02 2.404191531241e-02 2.658678404987e-02 2.825408428907e-02 2.854314073920e-02 2.726448699832e-02 2.490941993892e-02 2.315769903362e-02 2.577082812786e-02 3.879519924521e-02 6.527645885944e-02 1.750452816486e-01 1.836722195148e-01 1.490129381418e-01 1.353653967381e-01 2.558914721012e-01 3.582026958466e-01 2.795427441597e-01 2.664630413055e-01 1.800885498524e-01 1.965475380421e-01 1.467982679605e-01 3.492763340473e-01 8.463573455811e-01 4.753896892071e-01 2.999539673328e-01 6.781087517738e-01 2.171962559223e-01 1.147629693151e-01
