100/SI/f11.grd
DSAA
101	101
32.816463539100	34.260883539100
35.556306596100	36.727886596100
3.708105650730e-04	8.999682426453e+00
[rows 0 to 18 of 101, columns 0 to 42 of 101]
9.421306895092e-04 1.666441443376e-03 1.686355215497e-03 1.508632209152e-03 1.404165755957e-03 1.248091924936e-03 1.211408758536e-03 1.846691709943e-03 1.899874769151e-03 1.357192639261e-03 1.138996332884e-03 1.081105321646e-03 1.059949281625e-03 1.097351079807e-03 1.172417658381e-03 1.407815958373e-03 2.149077365175e-03 2.397826872766e-03 2.151917899027e-03 3.065991448238e-03 4.713477101177e-03 6.489812396467e-03 6.643513217568e-03 4.545276984572e-03 2.226696349680e-03 1.586104277521e-03 1.896972302347e-03 1.593374530785e-03 2.758461283520e-03 2.254375023767e-03 1.450272859074e-03 1.449530129321e-03 1.635653781705e-03 1.931654755026e-03 2.111546229571e-03 2.015802310780e-03 1.822259742767e-03 2.057956065983e-03 2.374740783125e-03 2.436606911942e-03 2.159088617191e-03 1.525583793409e-03 1.630098093301e-03
1.990110613406e-03 3.396730404347e-03 3.310053143650e-03 2.974812174216e-03 2.652500290424e-03 2.312130993232e-03 2.212914172560e-03 3.383004106581e-03 3.412463236600e-03 2.463562181219e-03 1.976484665647e-03 1.927238656208e-03 1.954389503226e-03 2.071086317301e-03 1.976260915399e-03 2.386458450928e-03 3.353800624609e-03 4.404602572322e-03 3.881496377289e-03 5.025438964367e-03 7.816412486136e-03 1.145627629012e-02 1.299226563424e-02 9.900522418320e-03 5.339407827705e-03 2.863224828616e-03 3.268548985943e-03 2.883979585022e-03 5.297749303281e-03 4.207408055663e-03 2.629761118442e-03 2.645224798471e-03 3.079593647271e-03 3.460303880274e-03 3.921493422240e-03 3.904762212187e-03 3.602289129049e-03 4.147833678871e-03 4.639763385057e-03 4.546544048935e-03 3.816886572167e-03 2.757108304650e-03 3.039897186682e-03
2.534166444093e-03 4.520136397332e-03 4.376133903861e-03 3.679730230942e-03 3.093316685408e-03 2.550633158535e-03 2.682258374989e-03 3.656147979200e-03 3.614318091422e-03 2.602515975013e-03 2.234514337033e-03 2.244540024549e-03 2.203168114647e-03 2.170791616663e-03 2.206807024777e-03 2.328074770048e-03 2.681967336684e-03 3.419822314754e-03 4.200724884868e-03 5.443864502013e-03 7.719836197793e-03 1.188901346177e-02 1.530648488551e-02 1.379937119782e-02 8.776950649917e-03 4.758531227708e-03 3.348256461322e-03 3.266494255513e-03 6.256407592446e-03 4.739530384541e-03 3.146373899654e-03 3.191633848473e-03 4.189457744360e-03 3.622086718678e-03 4.254799801856e-03 4.540985915810e-03 4.929259885103e-03 5.548126529902e-03 5.818150471896e-03 5.274530500174e-03 4.121955484152e-03 3.178203711286e-03 3.602530108765e-03
2.790238475427e-03 5.237176548690e-03 5.318001378328e-03 4.525006748736e-03 3.511087037623e-03 2.657932229340e-03 2.972200512886e-03 3.814131952822e-03 3.610989777371e-03 2.593299373984e-03 2.400906989351e-03 2.244972391054e-03 2.267668023705e-03 2.286669565365e-03 2.275873208418e-03 2.298880368471e-03 2.468978986144e-03 2.971963956952e-03 3.984613809735e-03 5.455392878503e-03 7.207422517240e-03 1.063017919660e-02 1.537084672600e-02 1.654822379351e-02 1.281570736319e-02 7.976057007909e-03 4.653978627175e-03 3.671401180327e-03 6.403448525816e-03 4.684809129685e-03 3.254647599533e-03 3.338090376928e-03 4.830910824239e-03 3.810479305685e-03 4.348916932940e-03 5.122632719576e-03 5.967088975012e-03 6.345608271658e-03 6.175249814987e-03 5.374799016863e-03 5.893105175346e-03 3.428226802498e-03 3.850767156109e-03
3.010466927662e-03 5.776178557426e-03 6.215397268534e-03 5.392550490797e-03 4.321109969169e-03 3.045588964596e-03 3.226093947887e-03 4.094013478607e-03 3.523840103298e-03 2.891394775361e-03 2.648111199960e-03 2.602695720270e-03 2.816272201017e-03 2.836422761902e-03 2.698499010876e-03 2.408173633739e-03 2.422894584015e-03 2.726526698098e-03 3.571443259716e-03 5.104755982757e-03 7.245058193803e-03 9.262437932193e-03 1.430380623788e-02 1.794001460075e-02 1.665580458939e-02 1.233193278313e-02 8.030561730266e-03 5.773890763521e-03 6.204352714121e-03 5.436738952994e-03 3.145806025714e-03 3.376022912562e-03 5.164717789739e-03 4.406400490552e-03 5.184921901673e-03 6.041657179594e-03 6.739608477801e-03 6.679705809802e-03 5.984472576529e-03 5.786317400634e-03 7.344157900661e-03 3.614642657340e-03 4.097005818039e-03
3.166621085256e-03 6.276108324528e-03 7.018967997283e-03 6.390705239028e-03 5.183196160942e-03 3.828272921965e-03 3.444791538641e-03 4.288979340345e-03 3.676236839965e-03 2.957759192213e-03 3.026374382898e-03 3.096557687968e-03 3.273430047557e-03 3.256561234593e-03 3.087154589593e-03 2.725940663368e-03 2.550726290792e-03 2.643801970407e-03 3.260495373979e-03 5.034315399826e-03 6.886052433401e-03 9.575105272233e-03 1.251911930740e-02 1.784524135292e-02 1.932610571384e-02 1.656372472644e-02 1.234241575003e-02 8.146638050675e-03 7.275935728103e-03 6.195005960763e-03 3.326283534989e-03 3.626194549724e-03 5.985989701003e-03 5.288671702147e-03 6.181798409671e-03 6.832070183009e-03 7.042294833809e-03 6.410990376025e-03 5.415930412710e-03 6.105507258326e-03 8.129399269819e-03 4.905940499157e-03 4.292716737837e-03
3.176308237016e-03 6.507204845548e-03 7.723664864898e-03 7.460978813469e-03 6.368400994688e-03 4.723396152258e-03 3.628888633102e-03 4.436699673533e-03 4.761482588947e-03 4.177364055067e-03 3.108267439529e-03 3.376584965736e-03 3.494820324704e-03 3.411456942558e-03 3.156644757837e-03 2.919587772340e-03 2.717633033171e-03 2.737290691584e-03 3.956373780966e-03 5.680250469595e-03 6.354952231050e-03 9.375030174851e-03 1.182186696678e-02 1.610356196761e-02 1.989071257412e-02 1.950888149440e-02 1.623460091650e-02 1.202212367207e-02 1.080980896950e-02 6.643494125456e-03 3.834295785055e-03 4.294183105230e-03 6.577744148672e-03 6.460162345320e-03 7.091605570167e-03 7.179454900324e-03 6.664335262030e-03 5.816115066409e-03 4.788675811142e-03 6.409530993551e-03 8.358410559595e-03 6.917295046151e-03 4.521073307842e-03
2.987161278725e-03 6.340781692415e-03 8.013294078410e-03 8.461252786219e-03 7.734096143395e-03 6.122710183263e-03 4.386939108372e-03 4.657555371523e-03 5.425871815532e-03 5.450013093650e-03 3.799994941801e-03 3.449330804870e-03 3.494560252875e-03 3.353473264724e-03 3.156574442983e-03 3.224020125344e-03 3.645359072834e-03 3.029004903510e-03 4.388786852360e-03 5.925580393523e-03 6.278762128204e-03 8.641668595374e-03 1.191405858845e-02 1.363293547183e-02 1.840706169605e-02 2.052349410951e-02 1.903701014817e-02 1.541099045426e-02 1.439644489437e-02 7.762135006487e-03 4.889429546893e-03 5.451387725770e-03 6.707790307701e-03 7.392878644168e-03 7.301536388695e-03 6.692183669657e-03 5.839532706887e-03 6.339835003018e-03 5.203482694924e-03 6.582919973880e-03 8.010460995138e-03 8.874573744833e-03 4.869684111327e-03
2.560253255069e-03 5.620289593935e-03 7.733182515949e-03 8.993504568934e-03 9.110148064792e-03 7.963087409735e-03 5.807768553495e-03 4.887652117759e-03 5.592929199338e-03 6.387417204678e-03 5.237479228526e-03 3.562379162759e-03 3.490227274597e-03 3.265556180850e-03 3.342140233144e-03 3.412504447624e-03 4.569100681692e-03 4.096230957657e-03 4.336909390986e-03 5.648437421769e-03 5.733208265156e-03 7.619641721249e-03 1.142942719162e-02 1.418834179640e-02 1.544174551964e-02 1.913681253791e-02 1.952305622399e-02 1.748140342534e-02 1.639626547694e-02 1.000375766307e-02 6.058603990823e-03 6.817511748523e-03 7.502792403102e-03 7.366265170276e-03 6.727064028382e-03 5.845055915415e-03 5.344295874238e-03 6.604590453207e-03 6.102359388024e-03 6.590509787202e-03 7.214678917080e-03 1.031233649701e-02 5.172266159207e-03
2.101332880557e-03 4.649529233575e-03 6.842769216746e-03 8.718026801944e-03 9.948467835784e-03 9.961626492441e-03 8.145861327648e-03 5.595076829195e-03 5.345867015421e-03 6.803512107581e-03 6.511548999697e-03 4.515396431088e-03 3.625505371019e-03 3.646642901003e-03 3.525081323460e-03 3.652650164440e-03 4.882209002972e-03 4.999201279134e-03 4.371033981442e-03 5.067154765129e-03 5.011198110878e-03 6.575450301170e-03 1.039746124297e-02 1.418633852154e-02 1.591525413096e-02 1.574964821339e-02 1.753379218280e-02 1.716013811529e-02 1.720111258328e-02 1.267188601196e-02 8.783400058746e-03 7.520087994635e-03 7.470136974007e-03 6.818774156272e-03 6.011224817485e-03 5.166078452021e-03 4.844795446843e-03 6.630601361394e-03 6.902817636728e-03 6.921367719769e-03 6.932195741683e-03 1.095207594335e-02 5.374748259783e-03
2.082518767565e-03 3.728358540684e-03 5.577183794230e-03 7.795091252774e-03 9.866627864540e-03 1.099525485188e-02 1.038664486259e-02 8.014272898436e-03 5.842773243785e-03 6.687562912703e-03 7.393561303616e-03 6.056565791368e-03 4.000296816230e-03 3.842434613034e-03 4.135835450143e-03 4.395124502480e-03 4.842570517212e-03 5.408964119852e-03 6.294893566519e-03 6.499607115984e-03 5.318359006196e-03 5.656592547894e-03 8.943271823227e-03 1.325341034681e-02 1.614997535944e-02 1.635344140232e-02 1.525603793561e-02 1.499417982996e-02 1.731115207076e-02 1.401423010975e-02 1.136597618461e-02 7.838040590286e-03 7.750490214676e-03 7.191826589406e-03 6.442541722208e-03 5.548298358917e-03 5.605227779597e-03 6.319678854197e-03 7.415208965540e-03 7.076551672071e-03 7.634840440005e-03 1.089313998818e-02 7.501189596951e-03
2.116719959304e-03 3.850365523249e-03 4.503042437136e-03 6.329700816423e-03 8.776378817856e-03 1.075781602412e-02 1.158891245723e-02 1.016436517239e-02 8.043387904763e-03 6.298534106463e-03 7.677388843149e-03 7.463075220585e-03 5.232725758106e-03 4.347081296146e-03 4.628111142665e-03 4.898890852928e-03 5.144588649273e-03 5.861834622920e-03 7.903936319053e-03 7.985645905137e-03 6.683369632810e-03 5.213813390583e-03 7.451276294887e-03 1.147514581680e-02 1.537269353867e-02 1.676294021308e-02 1.603586599231e-02 1.423630584031e-02 1.513442769647e-02 1.334724761546e-02 1.298612449318e-02 1.022539660335e-02 8.537217043340e-03 7.699308451265e-03 6.685766391456e-03 6.227690260857e-03 5.820363759995e-03 5.790974479169e-03 7.536164484918e-03 7.989108562469e-03 8.551181294024e-03 1.013073790818e-02 9.899350814521e-03
2.068254398182e-03 3.806168679148e-03 4.517768509686e-03 4.866710398346e-03 6.926507223397e-03 9.409614838660e-03 1.141237188131e-02 1.128763239831e-02 9.900130331516e-03 7.924638688564e-03 7.352410815656e-03 8.348161354661e-03 7.009205874056e-03 4.537976346910e-03 4.787767305970e-03 5.059367511421e-03 5.377494264394e-03 6.267367862165e-03 8.378800004721e-03 8.354307152331e-03 7.064773701131e-03 6.206921301782e-03 6.439568009228e-03 9.435369633138e-03 1.339111104608e-02 1.610937155783e-02 1.631750352681e-02 1.486042514443e-02 1.306486129761e-02 1.141257211566e-02 1.271698623896e-02 1.229206379503e-02 8.877175860107e-03 8.129529654980e-03 7.231627125293e-03 6.469951476902e-03 5.655812099576e-03 5.107968114316e-03 7.273512892425e-03 1.023831684142e-02 9.347306564450e-03 9.148815646768e-03 1.182820741087e-02
2.187320264056e-03 4.415492527187e-03 4.173988010734e-03 4.692282993346e-03 5.123124923557e-03 7.315725088120e-03 9.820993058383e-03 1.121423114091e-02 1.085239183158e-02 9.153701364994e-03 7.100068498403e-03 8.492127060890e-03 8.542072959244e-03 6.135492119938e-03 5.237457808107e-03 5.257539916784e-03 5.136406514794e-03 5.640303716063e-03 7.305958308280e-03 7.431418634951e-03 6.823379080743e-03 6.867442280054e-03 6.642078049481e-03 7.456026971340e-03 1.094234362245e-02 1.398781966418e-02 1.516109611839e-02 1.466264761984e-02 1.351775322109e-02 1.201018411666e-02 1.111424528062e-02 1.274727657437e-02 1.153596397489e-02 8.978881873190e-03 7.903923280537e-03 6.737721152604e-03 5.767990835011e-03 4.829674959183e-03 6.729491520673e-03 1.065393444151e-02 1.099300663918e-02 1.040851231664e-02 1.301194820553e-02
2.392728812993e-03 4.566659685224e-03 4.623554181308e-03 4.670132882893e-03 4.725670907646e-03 5.332625005394e-03 7.689216174185e-03 9.923823177814e-03 1.099341455847e-02 1.014144346118e-02 8.279381319880e-03 7.956094108522e-03 9.396745823324e-03 8.141364902258e-03 5.161671899259e-03 5.938392598182e-03 5.974642466754e-03 5.728193558753e-03 5.688965320587e-03 6.303916685283e-03 6.794185843319e-03 7.001139223576e-03 6.826436147094e-03 6.723061669618e-03 8.552195504308e-03 1.141534373164e-02 1.300560403615e-02 1.332762092352e-02 1.300993841141e-02 1.224558614194e-02 1.120944228023e-02 1.173777505755e-02 1.304006017745e-02 1.145068742335e-02 7.950195111334e-03 7.840150035918e-03 5.867060273886e-03 5.790399387479e-03 6.329758092761e-03 8.983984589577e-03 1.387581881136e-02 1.103708148003e-02 1.320435479283e-02
2.517317887396e-03 4.945838823915e-03 5.473664496094e-03 5.236022640020e-03 4.901151638478e-03 4.712152760476e-03 5.782764870673e-03 8.033284917474e-03 1.010192651302e-02 1.080208085477e-02 9.601038880646e-03 7.975730113685e-03 9.324721060693e-03 9.738065302372e-03 7.160229142755e-03 5.648094695061e-03 6.618490442634e-03 6.737681571394e-03 6.462637335062e-03 6.238217931241e-03 6.535286549479e-03 7.499070372432e-03 7.038826122880e-03 6.849653087556e-03 6.557348649949e-03 8.839772082865e-03 1.053181197494e-02 1.130971498787e-02 1.165771018714e-02 1.180643774569e-02 1.161591242999e-02 1.178535167128e-02 1.293573435396e-02 1.554115675390e-02 1.093305926770e-02 9.323799982667e-03 7.375670131296e-03 6.714285816997e-03 7.101654540747e-03 7.682400755584e-03 1.545450463891e-02 1.128473505378e-02 1.244539394975e-02
2.776793669909e-03 5.268699955195e-03 6.085115950555e-03 6.133911199868e-03 5.794250406325e-03 5.633658263832e-03 5.182742606848e-03 6.402296014130e-03 8.871446363628e-03 1.089104823768e-02 1.097626052797e-02 9.557597339153e-03 8.547571487725e-03 1.043041888624e-02 9.434042498469e-03 5.792113486677e-03 6.111455615610e-03 7.041120901704e-03 7.270648144186e-03 7.777772378176e-03 7.759322877973e-03 7.271822076291e-03 8.369185961783e-03 8.589538745582e-03 7.797263097018e-03 6.572499871254e-03 8.071668446064e-03 1.054760534316e-02 9.605524130166e-03 1.068872027099e-02 1.163965556771e-02 1.248420681804e-02 1.235810108483e-02 1.753042638302e-02 1.305854041129e-02 1.051281578839e-02 8.260828442872e-03 6.775331683457e-03 7.714684121311e-03 6.977871526033e-03 1.489014271647e-02 1.486591901630e-02 1.191274169832e-02
2.753142733127e-03 5.540667567402e-03 6.348796654493e-03 6.579231470823e-03 6.656007841229e-03 6.487178150564e-03 6.245273631066e-03 5.923299118876e-03 7.300562690943e-03 9.802727960050e-03 1.162451785058e-02 1.142530608922e-02 9.728616103530e-03 1.017836853862e-02 1.102029532194e-02 8.420979604125e-03 6.853915750980e-03 6.989697925746e-03 7.659056689590e-03 8.197728544474e-03 9.159048087895e-03 8.999582380056e-03 8.157489821315e-03 7.226616144180e-03 7.008817512542e-03 6.891320925206e-03 6.964908912778e-03 1.039541792125e-02 9.959314949811e-03 8.947161957622e-03 1.122387964278e-02 1.266468036920e-02 1.298206206411e-02 1.739487051964e-02 1.507468800992e-02 1.164801605046e-02 8.125079795718e-03 6.340288557112e-03 8.423607796431e-03 6.074745673686e-03 1.223948225379e-02 1.897058635950e-02 1.306435558945e-02
2.423257566988e-03 4.995706025511e-03 6.189932115376e-03 6.834889762104e-03 7.225748151541e-03 7.516514975578e-03 7.077713962644e-03 6.651573348790e-03 6.455647759140e-03 8.136276155710e-03 1.077135279775e-02 1.248086150736e-02 1.179259736091e-02 1.005021482706e-02 1.154379546642e-02 1.088218949735e-02 8.631778880954e-03 8.540678769350e-03 8.001376874745e-03 8.496562018991e-03 9.381706826389e-03 1.056328695267e-02 9.557434357703e-03 8.258869871497e-03 6.641210988164e-03 7.115049753338e-03 7.610619999468e-03 9.924083948135e-03 1.064671855420e-02 8.736002258956e-03 1.155070122331e-02 1.405080221593e-02 1.400679256767e-02 1.605513133109e-02 1.698356121778e-02 1.127510331571e-02 7.404563482851e-03 6.013015750796e-03 9.221312589943e-03 6.006261799484e-03 8.760772645473e-03 2.171812020242e-02 1.345468778163e-02
