100/SI/f11.grd
DSAA
101	101
32.816463539100	34.260883539100
35.556306596100	36.727886596100
3.708105650730e-04	8.999682426453e+00
[rows 76 to 94 of 101, columns 43 to 85 of 101]
3.670671582222e-02 1.741699874401e-02 3.428936749697e-02 7.450397312641e-02 8.479002863169e-02 1.810679733753e-01 1.784558445215e-01 5.089305713773e-02 4.361082613468e-02 1.962553709745e-01 3.790288269520e-01 5.608500242233e-01 4.039471745491e-01 1.414966732264e-01 5.517904832959e-02 4.836464300752e-02 4.323214665055e-02 2.891639247537e-02 2.995958551764e-02 2.846663072705e-02 7.739140838385e-02 1.823521852493e-01 4.702017456293e-02 3.555931150913e-02 3.736675903201e-02 2.528243511915e-02 2.089604549110e-02 4.421666264534e-02 5.230886489153e-02 1.806344464421e-02 1.040115114301e-02 1.420600619167e-02 2.188761904836e-02 2.358645573258e-02 3.371664509177e-02 3.628676012158e-02 3.972989320755e-02 4.467057064176e-02 3.369517996907e-02 1.421660371125e-02 1.293113734573e-02 1.431238744408e-02 1.889622583985e-02
3.821357339621e-02 6.507278233767e-02 6.237300485373e-02 8.529022336006e-02 1.723368465900e-01 1.828042417765e-01 7.061732560396e-02 5.400162562728e-02 5.951521173120e-02 3.691566288471e-01 3.857463896275e-01 2.386336624622e-01 1.594652384520e-01 9.153275191784e-02 6.427011638880e-02 4.455454275012e-02 1.920312643051e-02 2.171427011490e-02 1.998953893781e-02 1.816732063890e-02 1.361459400505e-02 1.272160280496e-02 1.591962762177e-02 2.226260676980e-02 2.622833289206e-02 1.629197224975e-02 1.213394291699e-02 2.672360837460e-02 5.475799366832e-02 3.713850304484e-02 1.213113870472e-02 1.751742325723e-02 2.040939964354e-02 1.911838725209e-02 1.652690581977e-02 2.622679248452e-02 3.101941570640e-02 3.470497578382e-02 4.014906659722e-02 3.580600395799e-02 2.137678302824e-02 1.267013140023e-02 1.659195683897e-02
9.763690829277e-02 1.826874762774e-01 8.708479255438e-02 7.672215253115e-02 7.179799675941e-02 1.974673122168e-01 9.297680109739e-02 9.659211337566e-02 8.857037872076e-02 6.134701520205e-02 7.114791125059e-02 1.156864464283e-01 1.057860702276e-01 5.318436399102e-02 4.019258543849e-02 1.615428924561e-02 1.318709924817e-02 1.413238700479e-02 1.445159129798e-02 1.281339954585e-02 8.489190600812e-03 8.837948553264e-03 9.870935231447e-03 1.772726699710e-02 2.443695440888e-02 1.876025833189e-02 9.793859906495e-03 1.797612942755e-02 4.328346252441e-02 5.378945171833e-02 1.525176130235e-02 1.981356367469e-02 2.137400396168e-02 2.043145149946e-02 1.638960279524e-02 1.197900995612e-02 2.002024278045e-02 2.645447850227e-02 2.994045428932e-02 3.456822037697e-02 3.545006737113e-02 2.816059626639e-02 1.695256680250e-02
1.990150511265e-01 2.519910037518e-01 8.144270628691e-02 6.167329102755e-02 1.923198401928e-01 1.506201177835e-01 5.269008874893e-02 4.511971399188e-02 5.346855521202e-02 1.100998669863e-01 2.007142007351e-01 1.393712162971e-01 6.967072188854e-02 2.122772857547e-02 1.566630043089e-02 1.334650721401e-02 1.172458659858e-02 7.897679693997e-03 8.629646152258e-03 8.200619369745e-03 7.719851098955e-03 7.441205438226e-03 5.628390237689e-03 1.323910336941e-02 2.208991721272e-02 2.055746689439e-02 1.197845861316e-02 1.445178594440e-02 2.941155433655e-02 6.134570389986e-02 2.955871634185e-02 1.831623911858e-02 2.234915643930e-02 2.109910920262e-02 1.733691804111e-02 1.311934459955e-02 1.052739750594e-02 1.463894546032e-02 2.199747227132e-02 2.502040937543e-02 2.805081941187e-02 3.043998964131e-02 2.945231646299e-02
7.884486019611e-02 9.330090880394e-02 1.510880291462e-01 1.589544564486e-01 1.862596720457e-01 1.481265425682e-01 1.382686793804e-01 2.312789708376e-01 3.045804500580e-01 1.284573823214e-01 1.249842122197e-01 1.529643125832e-02 2.378369681537e-02 1.310245506465e-02 8.731636218727e-03 3.147621406242e-03 6.978782825172e-03 3.632040461525e-03 5.227835383266e-03 5.926796700805e-03 5.647541023791e-03 5.028698593378e-03 3.562305122614e-03 9.293077513576e-03 1.930345036089e-02 2.098967693746e-02 1.514530368149e-02 1.288986857980e-02 2.020648494363e-02 5.612920969725e-02 4.518809542060e-02 1.506554614753e-02 2.058735117316e-02 2.090973965824e-02 1.865316368639e-02 1.564035937190e-02 1.386276725680e-02 1.165575627238e-02 1.098252926022e-02 1.687575131655e-02 1.955841109157e-02 2.042793110013e-02 2.296732179821e-02
7.551565021276e-02 1.263295859098e-01 2.903150916100e-01 1.051260530949e-01 1.532876193523e-01 2.507294118404e-01 3.670002818108e-01 4.469451904297e-01 2.277502864599e-01 1.114362925291e-01 2.224911004305e-02 5.965630989522e-03 1.125861331820e-02 8.972877636552e-03 2.125021303073e-03 1.909766928293e-03 4.678802564740e-03 5.610836204141e-03 5.776835139841e-03 4.529789090157e-03 5.770608782768e-03 3.824730170891e-03 2.960850484669e-03 6.537565030158e-03 1.564942859113e-02 1.985518448055e-02 1.649631187320e-02 1.194804161787e-02 1.489830389619e-02 4.348841682076e-02 5.874757468700e-02 2.162150107324e-02 1.638606190681e-02 1.903956755996e-02 1.986612193286e-02 1.947133243084e-02 1.852117478848e-02 1.594946160913e-02 1.241433341056e-02 9.092376567423e-03 1.144027896225e-02 1.338106766343e-02 1.401755400002e-02
9.480062127113e-02 2.917528450489e-01 1.389438956976e-01 2.461894899607e-01 3.027000725269e-01 2.679838836193e-01 1.751696169376e-01 9.943130612373e-02 1.461514979601e-01 6.558245420456e-02 1.451627165079e-02 1.015015970916e-02 8.588687516749e-03 6.189862266183e-03 4.879378713667e-03 2.931504510343e-03 4.282188601792e-03 4.728660918772e-03 4.612396936864e-03 4.690250847489e-03 4.888542462140e-03 4.253506194800e-03 5.445149727166e-03 5.838027689606e-03 1.154566463083e-02 1.727773062885e-02 1.585594564676e-02 1.137385889888e-02 1.170942932367e-02 3.141193464398e-02 6.291355192661e-02 3.418286144733e-02 1.073125749826e-02 1.476514991373e-02 1.951606385410e-02 2.331867814064e-02 2.238819934428e-02 1.888933032751e-02 1.418576389551e-02 1.005040947348e-02 7.233286742121e-03 6.763442419469e-03 8.922141976655e-03
1.126693487167e-01 1.968126296997e-01 1.363235563040e-01 7.887982577085e-02 5.547831207514e-02 6.578299403191e-02 5.648446083069e-02 6.601885706186e-02 7.919065654278e-02 2.092648111284e-02 1.105841342360e-02 8.960349485278e-03 7.542904466391e-03 6.032815203071e-03 4.665739834309e-03 4.531331826001e-03 4.685837309808e-03 4.558251705021e-03 4.266635980457e-03 4.013902042061e-03 4.326911643147e-03 4.700535442680e-03 4.994918126613e-03 5.211958196014e-03 8.043892681599e-03 1.394147519022e-02 1.431005541235e-02 1.108950376511e-02 9.609942324460e-03 2.209640294313e-02 5.502917617559e-02 4.976518824697e-02 1.726227812469e-02 1.092440262437e-02 1.742437668145e-02 2.224327623844e-02 2.094289287925e-02 1.712844148278e-02 1.279471162707e-02 9.004259482026e-03 6.480322685093e-03 6.057493388653e-03 5.788798443973e-03
1.190750971437e-01 1.398497819901e-01 4.600051417947e-02 3.719661012292e-02 3.633601590991e-02 2.845086716115e-02 4.227109998465e-02 6.960150599480e-02 4.346596449614e-02 1.645474880934e-02 1.051394827664e-02 8.245272561908e-03 6.801791489124e-03 5.726656410843e-03 4.365833010525e-03 4.617275670171e-03 4.676134325564e-03 4.447059705853e-03 3.958044108003e-03 3.666432574391e-03 3.978544846177e-03 4.438654519618e-03 4.745842888951e-03 4.735407419503e-03 5.419669207186e-03 1.029243040830e-02 1.247147005051e-02 1.056551467627e-02 8.380820043385e-03 1.488941255957e-02 4.126026108861e-02 5.873588100076e-02 2.630646526814e-02 9.506066329777e-03 1.361795514822e-02 1.454581972212e-02 1.344542764127e-02 1.136444415897e-02 8.962253108621e-03 6.664084270597e-03 5.094054620713e-03 4.337420221418e-03 4.559678025544e-03
1.877242028713e-01 8.053188025951e-02 2.947483025491e-02 2.106926776469e-02 1.907935924828e-02 2.012844942510e-02 2.492810785770e-02 3.142740577459e-02 3.113088943064e-02 1.770569942892e-02 1.195007469505e-02 8.736357092857e-03 6.402301602066e-03 4.909540992230e-03 4.465900827199e-03 4.703423473984e-03 4.687207285315e-03 4.277615342289e-03 3.675522981212e-03 3.533504437655e-03 3.918324597180e-03 4.514864645898e-03 4.725180100650e-03 4.483233671635e-03 4.124216735363e-03 7.321885321289e-03 1.055436767638e-02 9.654670022428e-03 7.910208776593e-03 9.183346293867e-03 2.789657190442e-02 5.499656125903e-02 3.819385915995e-02 1.419970300049e-02 7.964999414980e-03 7.410477846861e-03 6.786160636693e-03 6.325709633529e-03 5.255011841655e-03 4.038860555738e-03 2.813311759382e-03 2.612358890474e-03 3.293714486063e-03
2.201320827007e-01 3.617734089494e-02 1.780895516276e-02 1.512564904988e-02 1.503802184016e-02 1.407474931329e-02 1.638253219426e-02 1.847090013325e-02 2.877867966890e-02 2.273399010301e-02 1.594348624349e-02 8.427029475570e-03 7.277945522219e-03 5.574868060648e-03 4.626300651580e-03 4.855055361986e-03 4.641415551305e-03 4.090656060725e-03 3.935306333005e-03 3.554934868589e-03 4.072669893503e-03 4.568193107843e-03 3.540975274518e-03 4.153651650995e-03 4.614244215190e-03 5.288076121360e-03 8.510835468769e-03 9.037911891937e-03 7.135286927223e-03 6.285801995546e-03 1.706193946302e-02 4.357567429543e-02 4.648894816637e-02 2.007894776762e-02 6.779403425753e-03 3.457066370174e-03 3.076700959355e-03 2.888483228162e-03 2.815235173330e-03 3.194401040673e-03 2.062142128125e-03 2.101634861901e-03 6.241062656045e-03
1.115895435214e-01 2.091329358518e-02 1.345500349998e-02 1.255230791867e-02 1.314876042306e-02 1.163069065660e-02 9.863909333944e-03 1.066364254802e-02 2.042842470109e-02 2.668915130198e-02 1.698517426848e-02 1.351181697100e-02 1.002898532897e-02 6.830558180809e-03 5.390811245888e-03 4.981049802154e-03 5.146342329681e-03 5.067730788141e-03 4.868978168815e-03 4.673039540648e-03 4.542625974864e-03 4.558560904115e-03 3.364857286215e-03 4.628225695342e-03 5.174293182790e-03 5.830802954733e-03 6.732233334333e-03 8.391186594963e-03 6.885063368827e-03 5.912941414863e-03 9.496673010290e-03 3.059715405107e-02 4.664910212159e-02 2.720571123064e-02 1.068862341344e-02 3.635745728388e-03 3.436291590333e-03 2.939151134342e-03 3.279055934399e-03 3.044536104426e-03 2.121258992702e-03 5.019131116569e-03 5.867386236787e-03
3.014660999179e-02 1.294196676463e-02 1.088947057724e-02 1.097793877125e-02 1.088182255626e-02 9.255699813366e-03 7.890029810369e-03 7.797741796821e-03 1.278186030686e-02 2.321305684745e-02 2.456377819180e-02 3.097454272211e-02 2.183289080858e-02 1.011394523084e-02 6.508944556117e-03 6.592105142772e-03 6.518149282783e-03 7.118447218090e-03 7.121885195374e-03 6.621761713177e-03 6.183103192598e-03 5.813222378492e-03 5.431336816400e-03 5.425631068647e-03 5.695100873709e-03 6.287730298936e-03 6.950994487852e-03 8.116812445223e-03 6.822115741670e-03 5.819346755743e-03 6.017212290317e-03 2.010735496879e-02 4.110470786691e-02 3.378675132990e-02 1.471350621432e-02 3.505331929773e-03 3.550729248673e-03 3.066733246669e-03 3.597454866394e-03 4.288791213185e-03 1.925337477587e-03 4.488605074584e-03 4.327998962253e-03
1.243931613863e-02 1.050258614123e-02 8.913844823837e-03 8.703562431037e-03 8.435233496130e-03 7.080676499754e-03 6.896422710270e-03 7.698484230787e-03 8.721482008696e-03 1.160257123411e-02 3.052698820829e-02 7.042630016804e-02 4.962009191513e-02 1.808097213507e-02 7.670229300857e-03 8.293368853629e-03 7.839147001505e-03 9.622757323086e-03 8.956598117948e-03 8.516222238541e-03 7.590321823955e-03 6.721654906869e-03 6.117173936218e-03 5.847233813256e-03 6.025178357959e-03 6.481300108135e-03 6.902139168233e-03 7.976173423231e-03 6.459986791015e-03 5.675747524947e-03 4.742274992168e-03 1.288598962128e-02 3.341769799590e-02 3.731725737453e-02 1.939258165658e-02 3.999194130301e-03 3.221171675250e-03 3.120127599686e-03 2.394033363089e-03 3.534727497026e-03 4.371996037662e-03 4.415311384946e-03 4.381135571748e-03
1.093442551792e-02 8.612100034952e-03 6.934096105397e-03 6.287930998951e-03 6.124773062766e-03 4.666377790272e-03 6.200188305229e-03 6.753345951438e-03 7.387480698526e-03 4.242756869644e-03 2.401563897729e-02 5.957227572799e-02 5.359167605639e-02 3.624793887138e-02 1.168985851109e-02 3.881305456161e-03 4.218161106110e-03 8.590350858867e-03 9.890811517835e-03 9.181236848235e-03 7.993240840733e-03 7.159973494709e-03 6.467063911259e-03 6.050894502550e-03 6.026942748576e-03 6.244719959795e-03 6.420822348446e-03 7.586684077978e-03 5.967808421701e-03 5.434955004603e-03 5.268310662359e-03 8.530120365322e-03 2.553228288889e-02 3.618864342570e-02 2.436651848257e-02 5.627037025988e-03 2.775124739856e-03 2.609145594761e-03 2.259165281430e-03 2.293821657076e-03 3.787450958043e-03 3.958687186241e-03 4.018677864224e-03
1.286093983799e-02 6.591052748263e-03 5.982123315334e-03 5.692766979337e-03 5.763463675976e-03 4.218248184770e-03 5.163264926523e-03 5.324178840965e-03 5.485717207193e-03 6.605918519199e-03 1.212715636939e-02 3.352185711265e-02 1.107013896108e-01 8.645710349083e-02 2.050399594009e-02 2.366058295593e-03 4.842674359679e-03 1.033772248775e-02 9.476811625063e-03 8.318673819304e-03 7.370697800070e-03 6.751604843885e-03 6.199569441378e-03 5.806714762002e-03 5.719887092710e-03 5.725649651140e-03 5.660652182996e-03 7.071205880493e-03 6.045549176633e-03 5.082561168820e-03 5.536492913961e-03 5.806773900986e-03 1.853600889444e-02 3.158489614725e-02 2.860349975526e-02 8.793700486422e-03 2.433558460325e-03 2.035792451352e-03 2.142880111933e-03 2.162452321500e-03 3.219881793484e-03 3.601876785979e-03 3.903143107891e-03
1.313832029700e-02 3.238084260374e-03 5.495438352227e-03 5.299517884851e-03 5.553138442338e-03 4.777383059263e-03 4.032408818603e-03 3.856607945636e-03 3.784151747823e-03 4.670811351389e-03 8.994930423796e-03 2.162076346576e-02 5.414524301887e-02 5.007275938988e-02 2.316730096936e-02 1.786094624549e-03 1.224787253886e-02 1.001498941332e-02 8.362585678697e-03 7.187717128545e-03 6.390319671482e-03 5.929214414209e-03 5.610036663711e-03 5.409879144281e-03 5.321478471160e-03 5.152628291398e-03 4.885396454483e-03 6.598409265280e-03 6.076070945710e-03 4.613994155079e-03 5.602011922747e-03 5.542260129005e-03 1.309629343450e-02 2.629909105599e-02 3.041123040020e-02 1.265172939748e-02 2.687434200197e-03 2.511310856789e-03 3.137525403872e-03 2.963344566524e-03 3.190302290022e-03 3.571608336642e-03 4.071924835443e-03
4.562685731798e-03 3.169861854985e-03 2.558304695413e-03 4.249402321875e-03 4.677026532590e-03 4.208327736706e-03 3.686972195283e-03 3.282152116299e-03 3.262511221692e-03 4.276222549379e-03 6.390998139977e-03 1.364324986935e-02 2.555177360773e-02 2.999377250671e-02 2.354373596609e-02 1.601967960596e-02 1.125896256417e-02 8.539121598005e-03 7.021975703537e-03 6.060253828764e-03 2.406042767689e-03 2.896081656218e-03 5.167534109205e-03 5.128159653395e-03 4.960059653968e-03 4.582381807268e-03 4.168218001723e-03 6.354840938002e-03 6.374762859195e-03 4.138685762882e-03 5.371531937271e-03 5.954845342785e-03 9.624238125980e-03 2.245492674410e-02 3.140036389232e-02 1.732173189521e-02 3.063174895942e-03 3.192210104316e-03 2.815532498062e-03 2.630301984027e-03 3.185916924849e-03 3.461033338681e-03 4.003709182143e-03
5.128144752234e-03 3.293454181403e-03 2.261719200760e-03 3.616457106546e-03 4.091576207429e-03 4.055494442582e-03 3.500458318740e-03 2.962331986055e-03 2.752874512225e-03 3.768352791667e-03 5.398652050644e-03 9.765666909516e-03 1.873208023608e-02 2.341744117439e-02 1.975112780929e-02 1.339948177338e-02 9.382796473801e-03 7.505265530199e-03 6.042927969247e-03 5.161021370441e-03 4.822913091630e-03 4.772231914103e-03 4.869389813393e-03 4.821795504540e-03 4.481735173613e-03 3.928453661501e-03 3.471129806712e-03 6.132857408375e-03 6.689161527902e-03 3.532476257533e-03 5.027821287513e-03 6.022345274687e-03 6.986699067056e-03 1.875289157033e-02 3.080731071532e-02 2.200768887997e-02 3.869122127071e-03 3.656778484583e-03 2.485002856702e-03 2.404341474175e-03 2.040321938694e-03 3.457003738731e-03 3.723818110302e-03
