100/SI/f11.grd
DSAA
101	101
32.816463539100	34.260883539100
35.556306596100	36.727886596100
3.708105650730e-04	8.999682426453e+00
[rows 57 to 75 of 101, columns 43 to 85 of 101]
9.985522180796e-02 1.148537099361e-01 7.890841364861e-02 6.360787153244e-02 6.295023858547e-02 9.568037092686e-02 9.900400042534e-02 1.263671666384e-01 9.369854629040e-02 7.545605301857e-02 6.260947883129e-02 4.993951693177e-02 4.050675779581e-02 4.924348369241e-02 1.114277392626e-01 3.839097321033e-01 1.069594860077e+00 1.132663369179e+00 1.480584383011e+00 4.892494082451e-01 1.653124690056e-01 1.440972834826e-01 2.932027876377e-01 4.430526793003e-01 1.755635291338e-01 6.699233502150e-02 7.579090446234e-02 5.525228008628e-02 5.636332929134e-02 6.313400715590e-02 6.782613694668e-02 8.574631810188e-02 7.409334927797e-02 6.027106568217e-02 3.740173205733e-02 2.569274604321e-02 2.988015860319e-02 4.053460061550e-02 4.940725862980e-02 3.685335814953e-02 2.029819972813e-02 2.200354449451e-02 2.366595901549e-02
1.241928637028e-01 1.207168921828e-01 7.066150754690e-02 4.149020835757e-02 4.280356690288e-02 7.388922572136e-02 1.069307103753e-01 1.848322451115e-01 1.481237262487e-01 8.694685995579e-02 5.770578980446e-02 4.214125499129e-02 2.766759321094e-02 3.366128355265e-02 2.960152924061e-02 2.800001800060e-01 4.031095504761e-01 4.366931319237e-01 3.156630098820e-01 3.416745364666e-01 2.482473552227e-01 1.864860057831e-01 1.429545879364e-01 1.323903352022e-01 2.603807747364e-01 2.904911339283e-01 7.808299362659e-02 7.800728827715e-02 8.768996596336e-02 4.863089323044e-02 5.654876679182e-02 5.227593705058e-02 4.468722641468e-02 3.446375951171e-02 3.434597328305e-02 2.649401687086e-02 2.692417986691e-02 3.026558086276e-02 2.731863595545e-02 2.491135708988e-02 2.515925839543e-02 2.790241874754e-02 2.737309224904e-02
1.168905720115e-01 1.206661239266e-01 7.082629948854e-02 4.162492975593e-02 5.559899285436e-02 8.909025043249e-02 1.402292400599e-01 2.189480215311e-01 3.408802449703e-01 1.054007560015e-01 5.498134717345e-02 3.374731913209e-02 2.320962771773e-02 3.262607380748e-02 4.202437773347e-02 2.412188239396e-02 4.362212121487e-02 5.924162268639e-02 4.651350155473e-02 5.888892710209e-02 6.169557198882e-02 6.374139338732e-02 4.896195977926e-02 6.251020729542e-02 1.100637242198e-01 4.937323033810e-01 2.294051349163e-01 9.914164990187e-02 1.007106527686e-01 9.747691452503e-02 6.174920871854e-02 5.296885222197e-02 4.295740649104e-02 3.642974421382e-02 4.724706336856e-02 4.185593128204e-02 3.593698143959e-02 2.307262085378e-02 2.374145574868e-02 1.879940927029e-02 1.962335780263e-02 1.740795187652e-02 1.543338317424e-02
9.202628582716e-02 9.568496048450e-02 5.645030736923e-02 5.225450173020e-02 1.052240952849e-01 1.263416409492e-01 2.497256547213e-01 3.340695798397e-01 4.516355395317e-01 8.071936666965e-02 4.688654094934e-02 3.193838149309e-02 1.891449838877e-02 1.937314309180e-02 4.305030405521e-02 5.238514393568e-02 1.944352872670e-02 4.043114557862e-02 5.376122146845e-02 4.298300668597e-02 3.906237706542e-02 5.930132791400e-02 4.120234027505e-02 5.102223157883e-02 9.303229302168e-02 1.918312907219e-01 1.020368099213e+00 8.299161493778e-02 9.217387437820e-02 1.004750579596e-01 7.869373261929e-02 5.305532366037e-02 4.198907315731e-02 5.000207945704e-02 3.286526352167e-02 2.859501726925e-02 2.343591861427e-02 1.912908256054e-02 1.795122399926e-02 1.810006611049e-02 1.606787741184e-02 2.251769416034e-02 3.177044913173e-02
6.812026351690e-02 6.268653273582e-02 4.770128056407e-02 4.818786308169e-02 6.286875903606e-02 9.105834364891e-02 1.643547117710e-01 5.081861615181e-01 2.110215425491e-01 4.879273474216e-02 3.399243578315e-02 2.678311802447e-02 1.673606783152e-02 1.792897842824e-02 2.158834598958e-02 5.269764363766e-02 5.531095713377e-02 2.203067578375e-02 3.898919001222e-02 5.112977698445e-02 4.109564423561e-02 4.009531065822e-02 2.966872602701e-02 4.092535004020e-02 7.695076614618e-02 1.817119568586e-01 4.493382275105e-01 7.220456749201e-02 7.986435294151e-02 5.969377234578e-02 5.210390314460e-02 5.923612788320e-02 4.194061830640e-02 6.347174197435e-02 3.197139501572e-02 4.242770373821e-02 3.652828931808e-02 5.691109225154e-02 4.217916354537e-02 2.468228898942e-02 2.125393226743e-02 2.434364333749e-02 2.278800494969e-02
5.211433395743e-02 3.721020743251e-02 4.292755201459e-02 5.193352326751e-02 1.229767352343e-01 2.769288420677e-01 4.154810309410e-01 2.458565533161e-01 2.643445134163e-02 3.156724944711e-02 2.497681789100e-02 2.154616080225e-02 1.617830805480e-02 2.465416491032e-02 2.498011477292e-02 2.170727774501e-02 5.728346854448e-02 4.825944080949e-02 3.185288608074e-02 4.920650273561e-02 4.487965628505e-02 3.464902937412e-02 3.005935437977e-02 4.105344042182e-02 8.010477572680e-02 1.749403029680e-01 2.196107804775e-01 2.491468638182e-01 1.339537203312e-01 5.607866495848e-02 5.897538736463e-02 3.351359814405e-02 4.897516220808e-02 3.981531783938e-02 4.084179922938e-02 4.611818864942e-02 8.399303257465e-02 2.886085212231e-01 3.107458166778e-02 2.305737510324e-02 2.323997020721e-02 2.233623899519e-02 2.141777053475e-02
3.973703831434e-02 2.649943530560e-02 3.454481810331e-02 4.681114107370e-02 6.574165076017e-02 3.206812143326e-01 2.217340618372e-01 4.654970020056e-02 3.021220862865e-02 2.468691207469e-02 1.923401653767e-02 1.772764697671e-02 2.149253897369e-02 2.886713482440e-02 2.358624152839e-02 1.813106238842e-02 2.823907136917e-02 6.252700090408e-02 3.593967482448e-02 4.765990749002e-02 3.559887036681e-02 3.780750557780e-02 3.394911810756e-02 3.874575719237e-02 9.950256347656e-02 1.842235177755e-01 1.335118710995e-01 1.656046956778e-01 1.742163449526e-01 7.281486690044e-02 9.569002687931e-02 5.888888984919e-02 2.999757416546e-02 4.371816292405e-02 3.174216300249e-02 2.932010591030e-02 5.597903579473e-02 2.836111746728e-02 2.456597425044e-02 1.700660772622e-02 1.708397828043e-02 1.861372962594e-02 2.051102183759e-02
3.224697709084e-02 2.206308394670e-02 2.731439098716e-02 3.625154495239e-02 4.408681765199e-02 5.407412350178e-02 4.517944902182e-02 2.845229394734e-02 3.190189227462e-02 2.693249471486e-02 2.717994712293e-02 2.626306191087e-02 2.517823129892e-02 2.624496258795e-02 1.937844604254e-02 2.315756678581e-02 3.286408260465e-02 3.705555573106e-02 6.228892877698e-02 3.558723628521e-02 4.928563907743e-02 3.459826111794e-02 3.488438948989e-02 3.305247053504e-02 7.159958779812e-02 5.449178814888e-02 4.795306175947e-02 7.315228134394e-02 1.719052344561e-01 2.912195622921e-01 5.816502869129e-02 4.671210050583e-02 5.259449779987e-02 1.306425184011e-01 3.133467584848e-02 2.613460458815e-02 7.434815913439e-02 9.952992200851e-02 1.540392637253e-01 7.880125939846e-02 2.324157394469e-02 1.218634024262e-01 1.685782372952e-01
2.059673331678e-02 1.749600656331e-02 2.211441472173e-02 2.735881879926e-02 3.107764944434e-02 2.918312698603e-02 2.564920857549e-02 3.191758319736e-02 3.719002380967e-02 3.698983415961e-02 3.522850200534e-02 3.044263646007e-02 2.633168548346e-02 2.024142816663e-02 2.051628939807e-02 2.398193627596e-02 3.248218819499e-02 3.247860819101e-02 5.052867531776e-02 4.676603525877e-02 5.434256047010e-02 2.692073769867e-02 3.215792775154e-02 3.282577171922e-02 3.011205419898e-02 3.228700906038e-02 4.162095859647e-02 6.426814943552e-02 1.041071787477e-01 1.760524660349e-01 2.262026518583e-01 5.232676118612e-02 4.789573699236e-02 1.732089817524e-01 4.694562405348e-02 2.183086052537e-02 8.655267953873e-02 1.693589985371e-01 1.834018230438e-01 1.721617430449e-01 1.705182492733e-01 1.887648999691e-01 2.245782613754e-01
1.495742145926e-02 1.097293850034e-02 1.499801687896e-02 1.814023405313e-02 1.991126500070e-02 2.159314788878e-02 3.358130529523e-02 4.656406119466e-02 5.175335705280e-02 4.782834276557e-02 3.922056406736e-02 2.965173125267e-02 2.357122488320e-02 1.642781868577e-02 2.256657741964e-02 2.143919840455e-02 2.712528407574e-02 2.412337623537e-02 3.456570208073e-02 5.348686873913e-02 4.902092367411e-02 3.791412711143e-02 2.744971774518e-02 3.026644885540e-02 3.025261126459e-02 4.750140011311e-02 6.391352415085e-02 7.742857187986e-02 1.045694500208e-01 1.249720975757e-01 1.992113590240e-01 3.743086755276e-02 3.256324678659e-02 2.394483089447e-01 3.790327906609e-02 2.928974665701e-02 2.674371935427e-02 2.230442315340e-02 2.502841874957e-02 1.317790336907e-02 7.362536340952e-02 1.769494451582e-02 1.739437133074e-02
1.296998281032e-02 9.747978299856e-03 1.081840414554e-02 1.320520322770e-02 1.598998904228e-02 2.314943447709e-02 4.942046850920e-02 4.925363510847e-02 5.031444132328e-02 4.204343631864e-02 2.992519177496e-02 2.640581130981e-02 1.704690046608e-02 1.202306710184e-02 2.324373461306e-02 1.974575407803e-02 2.324991486967e-02 2.407234162092e-02 2.806991338730e-02 3.186471760273e-02 4.828994348645e-02 4.307885468006e-02 2.571554295719e-02 2.803643420339e-02 3.041103295982e-02 4.416372999549e-02 8.521074056625e-02 1.087652295828e-01 1.498530805111e-01 1.030136495829e-01 2.076089829206e-01 8.695650100708e-02 1.209805235267e-01 2.006995081902e-01 4.077943786979e-02 2.985358424485e-02 2.712265774608e-02 2.809700742364e-02 2.252873219550e-02 1.865476928651e-02 4.448926448822e-02 2.341658435762e-02 2.429333887994e-02
9.497268125415e-03 9.079535491765e-03 9.107262827456e-03 1.072537153959e-02 1.374730374664e-02 5.197891592979e-02 5.952749028802e-02 3.466231748462e-02 3.499365970492e-02 2.819933556020e-02 2.770374156535e-02 2.005102671683e-02 1.286265626550e-02 1.280548516661e-02 1.994142681360e-02 2.089929208159e-02 2.013276517391e-02 2.144324779510e-02 2.239409647882e-02 3.258032724261e-02 2.725955843925e-02 4.253792762756e-02 3.242609649897e-02 2.754456736147e-02 3.131685033441e-02 3.334683552384e-02 6.064175069332e-02 7.015999406576e-02 9.601482748985e-02 7.653295248747e-02 1.109059005976e-01 1.081864461303e-01 1.251328140497e-01 1.402759104967e-01 2.373318821192e-01 1.980692707002e-02 2.189751155674e-02 2.733792178333e-02 2.306262589991e-02 2.228911779821e-02 1.962793059647e-02 2.112267911434e-02 3.029357828200e-02
7.979070767760e-03 8.406994864345e-03 7.996500469744e-03 1.026283577085e-02 4.916438832879e-02 6.920570880175e-02 2.772494778037e-02 1.686606556177e-02 2.400645613670e-02 2.739817276597e-02 2.190332859755e-02 1.258173771203e-02 1.213100273162e-02 1.492940913886e-02 1.681391149759e-02 2.073806710541e-02 1.381288096309e-02 1.058382075280e-02 1.156661007553e-02 2.921089716256e-02 2.599119208753e-02 3.692530095577e-02 3.760251030326e-02 2.783858217299e-02 3.221896290779e-02 3.483216464520e-02 5.043757706881e-02 5.013462156057e-02 6.472267955542e-02 8.073218166828e-02 1.016313731670e-01 1.292965114117e-01 1.207691729069e-01 8.027344942093e-02 1.287794709206e-01 5.826126039028e-02 2.344596572220e-02 3.106783516705e-02 1.348447334021e-02 1.491100247949e-02 1.294465176761e-02 2.131190150976e-02 1.974514126778e-02
7.212223019451e-03 7.513054180890e-03 8.117091841996e-03 3.990143910050e-02 7.189381122589e-02 3.627395257354e-02 2.161810360849e-02 2.022952027619e-02 2.410126291215e-02 2.062945999205e-02 1.688340492547e-02 1.602981798351e-02 1.399926375598e-02 1.780832186341e-02 3.123039752245e-02 3.332781046629e-02 2.436402253807e-02 2.293431572616e-02 2.167384140193e-02 2.160310745239e-02 2.600100822747e-02 2.469184249640e-02 3.902055323124e-02 3.269087895751e-02 3.447287529707e-02 4.001173749566e-02 7.667873054743e-02 7.879149168730e-02 6.090698018670e-02 1.227781921625e-01 1.439410001040e-01 9.968625754118e-02 9.408704191446e-02 9.029196202755e-02 5.392081290483e-02 3.060816414654e-02 4.199675843120e-02 1.650128886104e-02 1.720551215112e-02 8.760943077505e-03 6.821699440479e-03 8.741657249629e-03 1.592721417546e-02
6.436474155635e-03 7.258184254169e-03 3.369130939245e-02 6.671746075153e-02 4.711044579744e-02 2.495457231998e-02 2.827009558678e-02 2.169567160308e-02 2.171910367906e-02 1.719602756202e-02 2.095180563629e-02 1.976968161762e-02 2.040945738554e-02 2.427070960402e-02 2.459466457367e-02 6.083213537931e-02 6.255292892456e-02 7.138662040234e-02 6.768949329853e-02 7.185684889555e-02 2.988546900451e-02 2.644348703325e-02 3.678636252880e-02 4.007579386234e-02 4.000191763043e-02 6.955850124359e-02 1.442633271217e-01 1.488822400570e-01 8.405017107725e-02 1.088668927550e-01 6.188638135791e-02 6.446686387062e-02 6.233483180404e-02 8.165535330772e-02 4.295729473233e-02 2.757822349668e-02 2.415386587381e-02 1.224636286497e-02 3.682246804237e-02 1.554391812533e-02 8.378127589822e-03 7.219818420708e-03 6.076403427869e-03
6.707428488880e-03 2.877355925739e-02 6.393233686686e-02 5.452449247241e-02 1.628239825368e-02 2.111206948757e-02 2.624635957181e-02 1.930377632380e-02 2.307225205004e-02 1.926483772695e-02 1.848184131086e-02 1.858247444034e-02 2.949415333569e-02 3.218154236674e-02 4.695464670658e-02 2.255201935768e-01 1.411798894405e-01 8.710855990648e-02 1.404366791248e-01 1.636726856232e-01 1.227254122496e-01 4.352387413383e-02 4.334826767445e-02 6.718701124191e-02 4.726282879710e-02 1.032083109021e-01 1.212714388967e-01 1.282913684845e-01 7.797131687403e-02 7.444393634796e-02 6.859285384417e-02 5.662003159523e-02 5.536628887057e-02 5.644659325480e-02 8.796591311693e-02 1.446260958910e-01 1.460539698601e-01 5.703314766288e-02 2.614958398044e-02 1.095066871494e-02 7.317701354623e-03 8.397816680372e-03 1.581587642431e-02
2.682499587536e-02 6.417313218117e-02 5.875118449330e-02 1.856017298996e-02 1.479150820524e-02 2.148699574172e-02 2.234730497003e-02 1.645818352699e-02 2.181428857148e-02 1.592187955976e-02 1.612872816622e-02 2.060060203075e-02 2.858131192625e-02 8.166574686766e-02 5.801033377647e-01 7.468017339706e-01 3.564398288727e-01 1.629642993212e-01 2.645988762379e-01 1.814889162779e-01 1.075485050678e-01 5.389939248562e-02 1.036360934377e-01 6.733696907759e-02 1.388546377420e-01 8.246015012264e-02 1.041667535901e-01 9.794036298990e-02 8.885248005390e-02 7.420223951340e-02 5.124484002590e-02 6.156439334154e-02 4.556174203753e-02 5.056436732411e-02 5.694690346718e-02 5.969087779522e-02 6.382070481777e-02 1.790559478104e-02 1.454009208828e-02 1.451688911766e-02 6.057493854314e-03 5.806980654597e-03 6.008591502905e-03
6.406418234110e-02 7.218027114868e-02 2.679513581097e-02 1.174604054540e-02 1.726341061294e-02 2.183685824275e-02 2.069333009422e-02 1.648520678282e-02 2.458227053285e-02 1.999441348016e-02 1.141834165901e-02 1.464451570064e-02 2.250923961401e-02 1.231720671058e-01 6.455230712891e-01 4.096858203411e-01 9.959679841995e-02 6.709384173155e-02 2.800984680653e-02 2.783502824605e-02 1.253757178783e-01 3.233060613275e-02 2.515809424222e-02 3.316209837794e-02 1.875321418047e-01 1.072845011950e-01 4.844063147902e-02 5.677032843232e-02 5.419754981995e-02 4.281324148178e-02 4.555866122246e-02 4.215765371919e-02 4.686433449388e-02 4.419588670135e-02 4.865442961454e-02 5.457814782858e-02 3.149737045169e-02 1.089123357087e-02 9.231022559106e-03 1.089768577367e-02 1.449160464108e-02 6.680746097118e-03 1.645301654935e-02
7.792064547539e-02 3.833238035440e-02 1.468905247748e-02 1.670455746353e-02 1.646001636982e-02 1.746577396989e-02 5.846123769879e-02 2.073689177632e-02 6.759605556726e-02 4.761791601777e-02 3.090349212289e-02 7.473312318325e-02 1.146259084344e-01 3.730731606483e-01 2.153836339712e-01 5.288285017014e-02 7.331753522158e-02 9.240080416203e-02 2.633829042315e-02 7.009769976139e-02 6.505549699068e-02 4.242916032672e-02 2.607159316540e-02 9.316070377827e-02 7.204818725586e-02 6.741201132536e-02 4.325892031193e-02 5.131392180920e-02 3.794198110700e-02 2.238859049976e-02 2.358161658049e-02 2.852210216224e-02 3.412228822708e-02 4.232824221253e-02 4.200167953968e-02 4.537218809128e-02 5.019814893603e-02 3.235951438546e-02 1.133836433291e-02 1.254812814295e-02 1.351959630847e-02 1.531727146357e-02 2.033400908113e-02
