100/SI/f11.grd
DSAA
101	101
32.816463539100	34.260883539100
35.556306596100	36.727886596100
3.708105650730e-04	8.999682426453e+00
[rows 0 to 18 of 101, columns 43 to 85 of 101]
1.763912150636e-03 2.107040258124e-03 3.154093632475e-03 4.007292911410e-03 4.331753589213e-03 4.272041376680e-03 4.871782381088e-03 2.431288128719e-03 3.921667113900e-03 6.828411947936e-03 1.036026608199e-02 1.225054729730e-02 1.222434546798e-02 1.013754215091e-02 7.628800347447e-03 4.950848408043e-03 4.204273689538e-03 3.938979469240e-03 3.698275890201e-03 2.645085798576e-03 3.332564840093e-03 4.106967244297e-03 5.361363757402e-03 6.676529068500e-03 6.381244398654e-03 4.578006919473e-03 3.861756063998e-03 3.609956474975e-03 3.433578647673e-03 2.968570217490e-03 2.799152629450e-03 2.343314466998e-03 2.161043928936e-03 2.044160384685e-03 2.004180336371e-03 1.898606191389e-03 1.723742345348e-03 1.486258930527e-03 1.289489329793e-03 1.145822228864e-03 1.029490726069e-03 9.130814578384e-04 8.487781742588e-04
3.268176922575e-03 4.079214297235e-03 5.914592649788e-03 7.647039368749e-03 8.478887379169e-03 8.358784019947e-03 9.324328973889e-03 4.030350130051e-03 6.041934713721e-03 1.110659260303e-02 1.842574588954e-02 2.274544537067e-02 2.270941622555e-02 1.845072396100e-02 1.322994660586e-02 8.528361096978e-03 8.262950927019e-03 7.595969829708e-03 6.970346905291e-03 5.230889655650e-03 6.466155871749e-03 7.654068060219e-03 1.009119581431e-02 1.261656358838e-02 1.148758083582e-02 8.123571984470e-03 7.160639390349e-03 6.808590143919e-03 6.521661300212e-03 5.942283198237e-03 5.291344597936e-03 4.621123895049e-03 3.965680953115e-03 3.762845881283e-03 3.501844592392e-03 3.219826379791e-03 2.920396393165e-03 2.566114533693e-03 2.257394837216e-03 2.003990579396e-03 1.754313358106e-03 1.518259639852e-03 1.689648022875e-03
3.962917253375e-03 4.620824009180e-03 6.620030384511e-03 9.282440878451e-03 1.031020842493e-02 9.987076744437e-03 1.059189904481e-02 5.043493583798e-03 6.602817680687e-03 9.832527488470e-03 1.925308629870e-02 2.581010013819e-02 2.549754641950e-02 1.956498809159e-02 1.306670531631e-02 8.517384529114e-03 1.027890481055e-02 9.274950250983e-03 7.494350895286e-03 6.059873383492e-03 7.211041171104e-03 8.534338325262e-03 1.139743346721e-02 1.382743194699e-02 1.180718746036e-02 8.816151879728e-03 8.094635792077e-03 7.565928623080e-03 7.212818600237e-03 7.119961548597e-03 6.786309648305e-03 5.635865032673e-03 4.604273475707e-03 4.087181761861e-03 3.711211727932e-03 3.434687154368e-03 3.160511609167e-03 2.833246486261e-03 2.495728665963e-03 2.161233220249e-03 1.850527827628e-03 1.729980926029e-03 1.877207541838e-03
4.423116333783e-03 5.069048609585e-03 7.196094375104e-03 1.044838037342e-02 1.150323357433e-02 1.086923666298e-02 1.106597855687e-02 5.766292102635e-03 7.375029847026e-03 7.142172195017e-03 1.745581440628e-02 2.638414129615e-02 2.555705979466e-02 1.797671988606e-02 1.125125400722e-02 8.294560946524e-03 1.132390834391e-02 9.998842142522e-03 7.478945422918e-03 6.482702679932e-03 7.368209306151e-03 8.944904431701e-03 1.200352516025e-02 1.388284005225e-02 1.107098534703e-02 8.932109922171e-03 8.093316107988e-03 7.463690359145e-03 7.348798215389e-03 7.494687568396e-03 7.439939305186e-03 6.310704164207e-03 4.673772491515e-03 3.930817358196e-03 3.563564037904e-03 3.312621032819e-03 3.038227558136e-03 2.703284844756e-03 2.347764326259e-03 2.082476858050e-03 1.702005043626e-03 1.972642028704e-03 1.842992380261e-03
4.769384860992e-03 5.662275478244e-03 8.037962950766e-03 1.161497458816e-02 1.257843244821e-02 1.138882711530e-02 1.147217024118e-02 6.294616032392e-03 7.938873022795e-03 7.924740202725e-03 1.412852015346e-02 2.598735503852e-02 2.437047101557e-02 1.573396660388e-02 1.083888206631e-02 8.209460414946e-03 1.229199580848e-02 1.076357439160e-02 7.506098598242e-03 6.887675262988e-03 7.266362197697e-03 9.404628537595e-03 1.266471762210e-02 1.369500905275e-02 1.030955929309e-02 9.421548806131e-03 7.651800755411e-03 7.471001707017e-03 7.254788652062e-03 7.469520438462e-03 7.752272766083e-03 6.868263706565e-03 5.189590156078e-03 4.039445891976e-03 3.603028366342e-03 3.316245274618e-03 2.819996327162e-03 2.591558266431e-03 2.401025965810e-03 2.024151850492e-03 1.896053436212e-03 2.077640965581e-03 1.706685405225e-03
4.973717033863e-03 6.080936640501e-03 8.690705522895e-03 1.248972769827e-02 1.348593458533e-02 1.354681327939e-02 1.201782841235e-02 6.794158369303e-03 8.417027071118e-03 9.491970762610e-03 1.048853900284e-02 2.386603318155e-02 2.191416732967e-02 1.354010403156e-02 1.070267986506e-02 8.454498834908e-03 1.341894920915e-02 1.128052547574e-02 7.475161459297e-03 7.340753450990e-03 7.319186348468e-03 1.010345108807e-02 1.356594264507e-02 1.326286606491e-02 1.160823833197e-02 9.757585823536e-03 7.620240096003e-03 7.097119465470e-03 6.829996127635e-03 7.105705328286e-03 7.692891638726e-03 7.305276114494e-03 5.567346233875e-03 4.123742692173e-03 3.793968120590e-03 3.384940326214e-03 2.932708477601e-03 2.659791382030e-03 2.358593279496e-03 1.898186281323e-03 2.179686212912e-03 2.040416235104e-03 1.517151482403e-03
5.295118317008e-03 6.556693930179e-03 9.523404762149e-03 1.313418895006e-02 1.420173700899e-02 1.578588597476e-02 1.272179652005e-02 7.643485907465e-03 9.312317706645e-03 1.081964652985e-02 9.898192249238e-03 1.957810111344e-02 1.861050911248e-02 1.320415269583e-02 1.050181500614e-02 8.727805688977e-03 1.437659189105e-02 1.140624191612e-02 7.539396174252e-03 7.620040792972e-03 7.795870304108e-03 1.087856665254e-02 1.420208998024e-02 1.224606018513e-02 1.301693916321e-02 1.000765152276e-02 7.227749563754e-03 6.651820614934e-03 6.492053624243e-03 6.909370888025e-03 7.730762939900e-03 7.696535903960e-03 6.029286421835e-03 4.131083376706e-03 3.925404977053e-03 3.409449243918e-03 2.970657544211e-03 2.629348542541e-03 2.239763271064e-03 2.060447819531e-03 2.293806755915e-03 1.887724618427e-03 1.307584927417e-03
5.774410441518e-03 7.124139461666e-03 1.024818047881e-02 1.360490825027e-02 1.483081653714e-02 1.792260259390e-02 1.350144110620e-02 8.407258428633e-03 1.001396495849e-02 1.156770531088e-02 9.401407092810e-03 1.488054636866e-02 1.622232981026e-02 1.290084514767e-02 1.019856519997e-02 9.039036929607e-03 1.529420539737e-02 1.169005315751e-02 7.680935319513e-03 7.781751453876e-03 8.423984982073e-03 1.171334646642e-02 1.438816078007e-02 1.086534839123e-02 1.401309203357e-02 9.916162118316e-03 6.688571069390e-03 6.182499229908e-03 6.218983791769e-03 6.913966033608e-03 7.972091436386e-03 8.093837648630e-03 6.432661786675e-03 4.319975152612e-03 4.001121036708e-03 3.386099589989e-03 2.924004103988e-03 2.563625341281e-03 2.112142276019e-03 2.385824685916e-03 2.244372619316e-03 1.680278219283e-03 1.439227256924e-03
6.145856808871e-03 7.516943383962e-03 1.062798406929e-02 1.426513958722e-02 1.581560447812e-02 1.990523934364e-02 1.427806261927e-02 9.119493886828e-03 1.030203048140e-02 1.168465055525e-02 1.028739567846e-02 1.403057388961e-02 1.601236499846e-02 1.267324201763e-02 9.985975921154e-03 9.382518939674e-03 1.646267808974e-02 1.228906493634e-02 7.926975376904e-03 7.685011252761e-03 9.540788829327e-03 1.276364549994e-02 1.423459593207e-02 1.101624406874e-02 1.460962276906e-02 9.537771344185e-03 6.307989824563e-03 6.932920776308e-03 6.503279786557e-03 7.301623467356e-03 8.386007510126e-03 8.449177257717e-03 6.774387788028e-03 4.548819735646e-03 4.017544444650e-03 3.301929216832e-03 2.874550642446e-03 2.485957695171e-03 2.346035558730e-03 2.510799327865e-03 2.074057003483e-03 1.491631264798e-03 1.490326831117e-03
6.366716232151e-03 7.789504714310e-03 1.072986889631e-02 1.516865193844e-02 1.702108047903e-02 2.146112918854e-02 1.518703997135e-02 1.005346700549e-02 1.080331020057e-02 1.127754338086e-02 1.066595967859e-02 1.338187791407e-02 1.556166354567e-02 1.216460019350e-02 9.828156791627e-03 1.009714137763e-02 1.730978302658e-02 1.291007827967e-02 8.124473504722e-03 8.644737303257e-03 1.100745983422e-02 1.460296008736e-02 1.346436142921e-02 1.272370480001e-02 1.487038657069e-02 9.061384014785e-03 6.905555725098e-03 7.760223932564e-03 6.517350673676e-03 7.415703497827e-03 8.568563498557e-03 8.482102304697e-03 6.671877577901e-03 4.311764612794e-03 3.946695942432e-03 3.216550918296e-03 2.873739227653e-03 2.346224151552e-03 2.675114432350e-03 2.473685657606e-03 2.043914748356e-03 1.486366032623e-03 1.467288006097e-03
6.533165927976e-03 8.016903884709e-03 1.106841489673e-02 1.591429114342e-02 1.811489835382e-02 2.270992286503e-02 1.628025248647e-02 1.093499734998e-02 1.145611610264e-02 1.028302405030e-02 1.022849790752e-02 1.305377762765e-02 1.481862366199e-02 1.183754112571e-02 9.738788008690e-03 1.130316033959e-02 1.770497113466e-02 1.337314117700e-02 8.221634663641e-03 1.079154107720e-02 1.287453249097e-02 1.619173400104e-02 1.269428245723e-02 1.425976958126e-02 1.455054804683e-02 8.227013982832e-03 7.646160665900e-03 8.406631648540e-03 6.355403456837e-03 7.014655973762e-03 8.051034994423e-03 7.934106513858e-03 6.070130970329e-03 4.105373751372e-03 4.019012209028e-03 3.241465659812e-03 2.793306484818e-03 2.824776107445e-03 2.780032344162e-03 2.296233549714e-03 2.076669828966e-03 1.506433123723e-03 1.464069704525e-03
6.770797539502e-03 8.157136850059e-03 1.130339410156e-02 1.649830117822e-02 1.903367228806e-02 2.349748462439e-02 1.738285087049e-02 1.180411502719e-02 1.178489252925e-02 9.354869835079e-03 1.013786718249e-02 1.252838131040e-02 1.418223790824e-02 1.313100755215e-02 1.082838978618e-02 1.250964030623e-02 1.843048259616e-02 1.370250619948e-02 8.289848454297e-03 1.344287768006e-02 1.501621119678e-02 1.724310778081e-02 1.399282552302e-02 1.506557874382e-02 1.371770631522e-02 7.222745101899e-03 8.388148620725e-03 9.091380983591e-03 6.819984875619e-03 6.305049173534e-03 7.224687840790e-03 7.140371482819e-03 5.351578816772e-03 3.987290430814e-03 4.375507123768e-03 3.263381076977e-03 3.038643393666e-03 3.139781532809e-03 2.692874055356e-03 2.421757671982e-03 2.096705371514e-03 1.507224165834e-03 1.467810128815e-03
6.981626152992e-03 8.335597813129e-03 1.153906807303e-02 1.704270020127e-02 2.006869390607e-02 2.418367564678e-02 1.845560036600e-02 1.270771771669e-02 1.220418512821e-02 9.514340199530e-03 1.075290888548e-02 1.188190188259e-02 1.401034090668e-02 1.448245160282e-02 1.184385269880e-02 1.400221046060e-02 1.922843791544e-02 1.387855689973e-02 8.583921007812e-03 1.648562774062e-02 1.725558377802e-02 1.810690201819e-02 1.657621376216e-02 1.521402597427e-02 1.232441794127e-02 7.238407619298e-03 8.900366723537e-03 9.451149031520e-03 7.079487200826e-03 5.709986202419e-03 6.494502071291e-03 6.376317702234e-03 4.592471756041e-03 3.995953127742e-03 4.458253271878e-03 3.174291457981e-03 3.654377302155e-03 3.206220921129e-03 2.441323129460e-03 2.526375465095e-03 2.129367785528e-03 1.703753718175e-03 1.614998560399e-03
7.223037537187e-03 8.518279530108e-03 1.172547694296e-02 1.748755201697e-02 2.114920318127e-02 2.492559514940e-02 1.957211829722e-02 1.407595630735e-02 1.272211968899e-02 9.401078335941e-03 1.117421500385e-02 1.255637872964e-02 1.398308202624e-02 1.547658443451e-02 1.273638755083e-02 1.581802591681e-02 2.024127356708e-02 1.403467357159e-02 1.024787500501e-02 1.962672360241e-02 1.962459273636e-02 1.760335825384e-02 1.919201388955e-02 1.477037928998e-02 1.064423657954e-02 8.045436814427e-03 9.272611699998e-03 9.745229966938e-03 7.062475197017e-03 6.068510003388e-03 5.585766863078e-03 5.651483777910e-03 4.382411018014e-03 4.139839671552e-03 4.578196909279e-03 4.170591942966e-03 3.977896645665e-03 3.022929886356e-03 2.478383947164e-03 2.626308239996e-03 2.155565423891e-03 1.879657036625e-03 1.847408479080e-03
7.425011601299e-03 8.655676618218e-03 1.181330438703e-02 1.794487610459e-02 2.226667478681e-02 2.532519027591e-02 2.074125595391e-02 1.534455083311e-02 1.290556695312e-02 9.061803109944e-03 1.150822732598e-02 1.324344146997e-02 1.443549059331e-02 1.622700504959e-02 1.347265671939e-02 1.758394576609e-02 2.245080098510e-02 1.480038650334e-02 1.284632924944e-02 2.256877534091e-02 2.149437740445e-02 1.624605990946e-02 2.121596783400e-02 1.370297651738e-02 8.787692524493e-03 1.005192007869e-02 1.087249815464e-02 9.549899026752e-03 6.743677891791e-03 6.093574687839e-03 5.402985028923e-03 4.942096304148e-03 4.551505669951e-03 4.122868180275e-03 4.802819807082e-03 5.090765189379e-03 4.006550181657e-03 2.682851161808e-03 2.475698245689e-03 2.706117462367e-03 2.159973373637e-03 2.046053996310e-03 1.976558240131e-03
9.695724584162e-03 8.784232661128e-03 1.195681653917e-02 1.836858503520e-02 2.339297346771e-02 2.546842955053e-02 2.175757847726e-02 1.624771021307e-02 1.300765573978e-02 9.671492502093e-03 1.244033873081e-02 1.391006913036e-02 1.518480479717e-02 1.652932912111e-02 1.423938851804e-02 1.968936435878e-02 2.307486906648e-02 1.408720016479e-02 1.532677002251e-02 2.468012087047e-02 2.223974466324e-02 1.603536121547e-02 2.141300216317e-02 1.198277994990e-02 7.627301849425e-03 1.195009425282e-02 1.199694443494e-02 8.824970573187e-03 6.614905782044e-03 5.896206479520e-03 5.531603936106e-03 5.073211621493e-03 4.494297783822e-03 3.854972543195e-03 5.441019777209e-03 5.646611098200e-03 3.710530698299e-03 2.535519190133e-03 2.472522901371e-03 2.760458039120e-03 2.210707403719e-03 2.308857161552e-03 2.112770220265e-03
1.279011182487e-02 8.864838629961e-03 1.210168749094e-02 1.880754530430e-02 2.454297058284e-02 2.533891797066e-02 2.305094152689e-02 1.731546781957e-02 1.318263635039e-02 1.038095075637e-02 1.339317299426e-02 1.462607830763e-02 1.599595509470e-02 1.694655604661e-02 1.489845383912e-02 2.168285846710e-02 2.284155599773e-02 1.400362048298e-02 1.752876117826e-02 2.549783326685e-02 2.149216458201e-02 1.594320125878e-02 2.064253576100e-02 9.780545718968e-03 9.233510121703e-03 1.224212441593e-02 1.126881223172e-02 7.743262685835e-03 6.411085836589e-03 6.087316665798e-03 5.617727991194e-03 4.936865065247e-03 4.132753238082e-03 4.257884342223e-03 6.991235539317e-03 5.696233827621e-03 3.280155826360e-03 3.028356702998e-03 2.466238569468e-03 2.827826188877e-03 2.647714689374e-03 2.449694788083e-03 2.091169124469e-03
1.487788278610e-02 9.547889232635e-03 1.205974444747e-02 1.911150477827e-02 2.557742781937e-02 2.585535310209e-02 2.462478354573e-02 1.833492144942e-02 1.342794205993e-02 1.027536857873e-02 1.373082771897e-02 1.503905467689e-02 1.673829928041e-02 1.763715781271e-02 1.632125303149e-02 2.355745621026e-02 2.523076348007e-02 1.401353068650e-02 1.920632831752e-02 2.499923855066e-02 1.974351704121e-02 1.507622096688e-02 1.917948387563e-02 8.474083617330e-03 1.019707880914e-02 1.112210750580e-02 8.445019833744e-03 6.877647247165e-03 6.547910626978e-03 5.989946424961e-03 5.216273013502e-03 4.289385396987e-03 3.639114554971e-03 4.581328015774e-03 8.222504518926e-03 5.284629296511e-03 3.122563939542e-03 3.610962536186e-03 2.616479760036e-03 2.899602055550e-03 2.847145311534e-03 2.424559323117e-03 2.054872922599e-03
1.543408073485e-02 1.159832160920e-02 1.433817762882e-02 1.940708979964e-02 2.681517414749e-02 2.723081223667e-02 2.638268843293e-02 1.907233521342e-02 1.335570868105e-02 9.965679608285e-03 1.391793508083e-02 1.542568299919e-02 1.741672307253e-02 1.824439689517e-02 1.889648661017e-02 2.519199438393e-02 2.911898680031e-02 1.400608755648e-02 2.040388993919e-02 2.328893169761e-02 1.682525314391e-02 1.423395611346e-02 1.790376193821e-02 9.243337437510e-03 9.647488594055e-03 8.205180056393e-03 7.311063818634e-03 6.938817445189e-03 6.437798961997e-03 5.398168228567e-03 4.352118354291e-03 4.308097530156e-03 5.416719242930e-03 6.416629534215e-03 8.848949335515e-03 4.673104733229e-03 3.016582457349e-03 4.248124081641e-03 3.150271018967e-03 3.169036470354e-03 2.774578286335e-03 2.432692097500e-03 2.132439753041e-03
