100/SI/f110.grd
DSAA
101	101
32.816463539100	34.260883539100
35.556306596100	36.727886596100
2.407518331893e-05	3.921256542206e+00
[rows 57 to 75 of 101, columns 0 to 42 of 101]
1.334503060207e-03 2.192481886595e-03 2.373252296820e-03 2.375427167863e-03 2.534875413403e-03 3.101843176410e-03 3.475402481854e-03 3.811910049990e-03 4.125810693949e-03 4.216171335429e-03 4.057453013957e-03 5.615572910756e-03 9.617011062801e-03 5.255558993667e-03 3.879454918206e-03 5.811483599246e-03 5.189475603402e-03 5.776265636086e-03 6.978707388043e-03 7.297179661691e-03 7.438299711794e-03 5.603593774140e-03 3.895435249433e-03 3.424008144066e-03 3.713334444910e-03 5.145115777850e-03 8.229645900428e-03 1.021569967270e-02 8.044146001339e-03 4.653743933886e-03 3.644043346867e-03 2.867208793759e-03 3.003216581419e-03 3.605197882280e-03 4.256309010088e-03 5.463708657771e-03 6.294974125922e-03 6.796991918236e-03 1.123528648168e-02 1.473278738558e-02 1.263276953250e-02 1.120662037283e-02 1.262697577477e-02
1.681508379988e-03 2.752874512225e-03 3.145102411509e-03 3.191766329110e-03 3.156172810122e-03 3.069044323638e-03 3.068332793191e-03 3.210152266547e-03 3.340987721458e-03 5.436691921204e-03 1.763626560569e-02 2.041480690241e-02 7.625406142324e-03 3.970676101744e-03 3.979156725109e-03 3.716324921697e-03 4.015378188342e-03 4.000801127404e-03 4.526451695710e-03 5.733358208090e-03 6.967350374907e-03 7.441233377904e-03 5.200740415603e-03 3.269349224865e-03 3.763886168599e-03 5.744749680161e-03 8.682393468916e-03 9.307870641351e-03 9.413867257535e-03 5.984113551676e-03 3.615226363763e-03 3.280917881057e-03 3.142521483824e-03 3.754730569199e-03 4.432605113834e-03 4.587940406054e-03 4.716444760561e-03 4.918473307043e-03 4.961560480297e-03 5.354245658964e-03 6.461685989052e-03 8.838197216392e-03 1.017902884632e-02
2.248455304652e-03 3.697250969708e-03 4.278529901057e-03 6.252516526729e-03 7.987325079739e-03 1.009236555547e-02 1.322645321488e-02 1.920263096690e-02 3.510675951838e-02 4.949146509171e-02 3.289353474975e-02 8.372603915632e-03 5.637283902615e-03 4.929986316711e-03 3.583153709769e-03 3.785791574046e-03 4.006137140095e-03 3.948850557208e-03 3.731741802767e-03 3.988298587501e-03 6.719996687025e-03 7.615462876856e-03 5.399196874350e-03 3.102220362052e-03 2.431622706354e-03 3.751315642148e-03 5.321566946805e-03 5.483955144882e-03 5.739517509937e-03 4.663685336709e-03 3.255528630689e-03 3.426922485232e-03 3.243138082325e-03 3.639114322141e-03 4.391532391310e-03 4.550939425826e-03 4.336875863373e-03 3.978577442467e-03 3.673416329548e-03 4.110810812563e-03 5.240349099040e-03 6.725449115038e-03 8.867762982845e-03
2.196609275416e-03 4.134048707783e-03 7.149244192988e-03 1.013449672610e-02 1.275578048080e-02 1.681382209063e-02 2.434631437063e-02 3.619990870357e-02 3.628870099783e-02 1.676314137876e-02 4.023578949273e-03 4.692188464105e-03 5.104332230985e-03 4.536068998277e-03 4.090245347470e-03 4.296622239053e-03 4.310268443078e-03 4.141950979829e-03 3.191276686266e-03 3.118255175650e-03 4.838487599045e-03 5.398261360824e-03 4.005005583167e-03 2.504060044885e-03 1.922849449329e-03 2.076765988022e-03 2.784452168271e-03 3.443433670327e-03 4.062275402248e-03 3.500607097521e-03 3.201987128705e-03 2.995108254254e-03 3.196079982445e-03 3.539588535205e-03 4.247844684869e-03 4.354169592261e-03 3.941031172872e-03 3.375670174137e-03 3.098146757111e-03 3.442687680945e-03 5.075526423752e-03 6.397481542081e-03 8.112785406411e-03
1.329842489213e-03 2.318351063877e-03 2.834633225575e-03 2.983861835673e-03 2.988889813423e-03 2.975087380037e-03 2.948258537799e-03 2.884208457544e-03 2.827814547345e-03 2.764080185443e-03 2.592373406515e-03 2.725523198023e-03 3.005144884810e-03 3.844834398478e-03 4.326767288148e-03 4.523520823568e-03 4.357418045402e-03 3.869831096381e-03 2.861193381250e-03 2.252995735034e-03 2.708144718781e-03 2.810047473758e-03 2.216134453192e-03 1.641936483793e-03 1.445266301744e-03 1.589247491211e-03 2.039652317762e-03 2.452238230035e-03 2.911244751886e-03 3.133828984573e-03 2.965546678752e-03 2.649440662935e-03 3.073251107708e-03 3.720138454810e-03 4.440702497959e-03 4.297247622162e-03 3.569619031623e-03 2.831404097378e-03 3.139838110656e-03 3.515070537105e-03 5.254983436316e-03 6.523254793137e-03 7.644766476005e-03
6.238120840862e-04 1.162835280411e-03 1.508374698460e-03 1.666145748459e-03 1.727399532683e-03 1.777491299435e-03 1.825333340093e-03 1.860375516117e-03 1.915213186294e-03 1.970044570044e-03 1.929981168360e-03 1.813931507058e-03 1.858097850345e-03 2.467825310305e-03 2.905572066084e-03 3.061308059841e-03 2.787450561300e-03 2.482142532244e-03 2.098632743582e-03 1.761798048392e-03 1.443539164029e-03 1.346832723357e-03 1.111022662371e-03 1.236820360646e-03 1.458785845898e-03 1.534131937660e-03 1.692240126431e-03 2.038822043687e-03 2.464328194037e-03 2.695703878999e-03 2.655560150743e-03 2.507062396035e-03 3.070727456361e-03 4.123498219997e-03 4.792102612555e-03 4.326043650508e-03 3.244692459702e-03 2.784677082673e-03 3.218311583623e-03 3.803574480116e-03 5.106992088258e-03 5.714958533645e-03 6.590540055186e-03
4.301324661355e-04 7.244879379869e-04 8.998253033496e-04 1.021788106300e-03 1.099417335354e-03 1.167131355032e-03 1.232070382684e-03 1.286272890866e-03 1.351044280455e-03 1.417319872417e-03 1.425962778740e-03 1.379980007187e-03 1.327292178757e-03 1.280060387217e-03 1.293868059292e-03 1.467408379540e-03 1.547484309413e-03 1.526468666270e-03 1.400563633069e-03 1.335858600214e-03 1.149013871327e-03 1.077777706087e-03 9.523820481263e-04 1.259756274521e-03 1.552737550810e-03 1.700763241388e-03 1.690851524472e-03 1.669897465035e-03 2.035364042968e-03 2.263371367007e-03 2.317676553503e-03 2.303357003257e-03 3.119862638414e-03 4.366033710539e-03 4.817576613277e-03 4.020631778985e-03 2.841971814632e-03 2.800525398925e-03 3.365680342540e-03 3.779614577070e-03 4.373299889266e-03 5.031262058765e-03 5.165929440409e-03
3.478929284029e-04 5.926230223849e-04 7.471637800336e-04 8.217592840083e-04 8.748722611926e-04 9.198702173308e-04 9.528949740343e-04 9.590571280569e-04 9.895754046738e-04 1.027576392516e-03 1.035606139340e-03 1.018270850182e-03 1.000911463052e-03 9.779453976080e-04 1.017622882500e-03 1.169211929664e-03 1.242726808414e-03 1.226095831953e-03 1.133707119152e-03 1.059438218363e-03 1.116324798204e-03 1.083577983081e-03 9.463309543207e-04 1.257719472051e-03 1.586673664860e-03 1.787696033716e-03 1.811067108065e-03 1.753483898938e-03 1.791823306121e-03 1.963414251804e-03 2.044453984126e-03 2.155714668334e-03 3.105713054538e-03 4.274382255971e-03 4.400979727507e-03 3.461101790890e-03 2.630796516314e-03 2.893613418564e-03 3.525782143697e-03 3.724634647369e-03 3.877680515870e-03 4.192610736936e-03 3.849651664495e-03
3.343249554746e-04 5.355961038731e-04 6.795576773584e-04 7.460499182343e-04 7.746384362690e-04 7.990907179192e-04 8.076504454948e-04 7.949674618430e-04 7.984986878000e-04 8.084847941063e-04 8.163411403075e-04 8.472756016999e-04 8.716596057639e-04 8.913814672269e-04 9.148093522526e-04 9.497615392320e-04 1.015407033265e-03 1.029693521559e-03 1.039398135617e-03 9.962246986106e-04 1.025577774271e-03 1.071585342288e-03 9.511648677289e-04 1.191713963635e-03 1.505637192167e-03 1.714498270303e-03 1.750803319737e-03 1.708661206067e-03 1.802001148462e-03 1.853880821727e-03 1.888489816338e-03 2.017003018409e-03 2.915746299550e-03 3.840394085273e-03 3.730508033186e-03 2.976630115882e-03 2.577363513410e-03 3.103090915829e-03 3.570658154786e-03 3.485099645332e-03 3.374634543434e-03 3.401608439162e-03 3.136351471767e-03
3.132424899377e-04 4.972830647603e-04 6.240732618608e-04 6.803412688896e-04 7.043220102787e-04 7.218868704513e-04 7.236147648655e-04 7.076208712533e-04 7.096054032445e-04 7.630524924025e-04 8.090167539194e-04 8.503912831657e-04 8.869374287315e-04 9.175844024867e-04 9.453176753595e-04 9.721426758915e-04 9.919145377353e-04 9.948657825589e-04 9.749601013027e-04 9.473808459006e-04 9.495316771790e-04 1.034278888255e-03 9.775123326108e-04 1.081505790353e-03 1.347575336695e-03 1.532466383651e-03 1.767923939042e-03 1.929308637045e-03 1.936037326232e-03 1.872994122095e-03 1.830968772992e-03 1.881880569272e-03 2.565351082012e-03 3.202743828297e-03 3.067343030125e-03 2.657193224877e-03 2.784237265587e-03 3.158409846947e-03 3.377630608156e-03 3.063941374421e-03 2.828372642398e-03 2.687277738005e-03 2.683710539714e-03
2.889644238167e-04 4.579678934533e-04 5.737957544625e-04 6.274657207541e-04 6.500222370960e-04 6.595699233003e-04 6.544747739099e-04 6.615467136726e-04 6.653207237832e-04 7.223146385513e-04 7.735913386568e-04 8.215944981202e-04 8.656435529701e-04 9.024951723404e-04 9.309852612205e-04 9.494068217464e-04 9.515919955447e-04 1.027730060741e-03 1.049508107826e-03 9.741562535055e-04 8.882785914466e-04 9.493079851381e-04 9.686073753983e-04 9.723749244586e-04 1.186118926853e-03 1.339483307675e-03 1.612903084606e-03 1.873695990071e-03 1.934980391525e-03 1.871140208095e-03 1.794844865799e-03 1.776298508048e-03 2.049627015367e-03 2.487283665687e-03 2.441418357193e-03 2.256141975522e-03 2.408321248367e-03 2.676783595234e-03 2.768523525447e-03 2.409175271168e-03 2.217788482085e-03 2.056109486148e-03 2.022833796218e-03
2.685105719138e-04 4.262524307705e-04 5.362094962038e-04 5.896192160435e-04 6.090644164942e-04 6.100832251832e-04 6.001250585541e-04 6.133148563094e-04 6.359563558362e-04 6.586681120098e-04 7.034258451313e-04 7.532312301919e-04 7.993013714440e-04 8.380547515117e-04 8.660271414556e-04 9.019543649629e-04 9.889956563711e-04 1.113185193390e-03 1.168204820715e-03 1.136736129411e-03 1.040667761117e-03 9.259453509003e-04 9.523733751848e-04 9.642659570090e-04 1.056961249560e-03 1.180165330879e-03 1.216239412315e-03 1.458758022636e-03 1.650332473218e-03 1.708438270725e-03 1.687503885478e-03 1.713338075206e-03 1.765759196132e-03 1.824836013839e-03 1.812605652958e-03 1.752690528519e-03 1.849042135291e-03 2.156791277230e-03 2.294313628227e-03 1.884746481664e-03 1.681114081293e-03 1.501029939391e-03 1.655145082623e-03
2.537170657888e-04 4.039489431307e-04 5.101190763526e-04 5.607343628071e-04 5.741225904785e-04 5.693428101949e-04 5.593107780442e-04 5.570283392444e-04 5.860278615728e-04 6.092823459767e-04 6.146645755507e-04 6.598386680707e-04 7.042673532851e-04 7.423181086779e-04 7.753323297948e-04 8.609837968834e-04 1.006345148198e-03 1.148128183559e-03 1.244359533302e-03 1.273507485166e-03 1.238909317181e-03 1.165384775959e-03 1.076714252122e-03 9.951140964404e-04 9.573485003784e-04 1.055599888787e-03 1.078458270058e-03 1.033234992065e-03 1.258656498976e-03 1.443888526410e-03 1.566176186316e-03 1.656376407482e-03 1.711229677312e-03 1.656695269048e-03 1.485155662522e-03 1.450387295336e-03 1.630882383324e-03 2.046160632744e-03 2.370391041040e-03 2.127897925675e-03 1.565912738442e-03 1.401318237185e-03 1.592038082890e-03
2.483663556632e-04 3.948060912080e-04 4.967131535523e-04 5.414058105089e-04 5.483606364578e-04 5.404375260696e-04 5.363457021303e-04 5.436250357889e-04 5.401822854765e-04 5.486592417583e-04 5.643826443702e-04 6.201926153153e-04 6.821018178016e-04 7.463374058716e-04 8.032264886424e-04 8.807749836706e-04 1.023872056976e-03 1.168876769952e-03 1.299468800426e-03 1.380518311635e-03 1.394689083099e-03 1.360528171062e-03 1.302106189542e-03 1.242495258339e-03 1.207610010169e-03 1.185159431770e-03 1.141875516623e-03 1.076972694136e-03 1.246146392077e-03 1.397549873218e-03 1.510608475655e-03 1.613651635125e-03 1.668078242801e-03 1.558236544952e-03 1.482028863393e-03 1.524167368189e-03 1.643287367187e-03 1.977069536224e-03 2.282988978550e-03 2.069520996884e-03 1.598492846824e-03 1.395752886310e-03 1.587481005117e-03
2.525643794797e-04 3.994056314696e-04 4.980211379007e-04 5.371640436351e-04 5.393674946390e-04 5.282852798700e-04 5.280743353069e-04 5.324049852788e-04 5.441707326099e-04 5.471651675180e-04 5.810875445604e-04 6.394773372449e-04 6.965603679419e-04 7.509418064728e-04 7.949889986776e-04 9.072321117856e-04 1.069419318810e-03 1.222891034558e-03 1.371307065710e-03 1.479040132836e-03 1.514377887361e-03 1.492132432759e-03 1.437115250155e-03 1.368640805595e-03 1.312303473242e-03 1.256372896023e-03 1.162524451502e-03 1.064097741619e-03 1.220885198563e-03 1.352769439109e-03 1.465955050662e-03 1.574982539751e-03 1.611108775251e-03 1.480861916207e-03 1.502977334894e-03 1.549114589579e-03 1.680558663793e-03 1.916495617479e-03 2.062616636977e-03 1.812903443351e-03 1.483971835114e-03 1.295925467275e-03 1.473514828831e-03
2.591236843728e-04 4.085231048521e-04 5.056286463514e-04 5.414902116172e-04 5.408964934759e-04 5.389656289481e-04 5.618990981020e-04 5.779238999821e-04 5.870734457858e-04 5.885578575544e-04 5.834359326400e-04 6.146450177766e-04 6.754346541129e-04 7.557141361758e-04 7.817093282938e-04 8.893411140889e-04 1.094882958569e-03 1.272337860428e-03 1.412989688106e-03 1.501468825154e-03 1.521140104160e-03 1.480316976085e-03 1.403878908604e-03 1.314280321822e-03 1.230255234987e-03 1.145564834587e-03 1.025784411468e-03 1.063071540557e-03 1.197787700221e-03 1.316636567935e-03 1.424783724360e-03 1.514930161647e-03 1.515426207334e-03 1.396321342327e-03 1.533363363706e-03 1.921538147144e-03 1.819201046601e-03 1.897820853628e-03 1.827979111113e-03 1.546687330119e-03 1.343083218671e-03 1.178720733151e-03 1.337084802799e-03
2.555272367317e-04 4.015430167783e-04 4.940695944242e-04 5.271802074276e-04 5.263605853543e-04 5.411920719780e-04 5.560361896642e-04 5.633255350403e-04 5.652746185660e-04 5.619740695693e-04 5.594881949946e-04 6.279394146986e-04 7.307355408557e-04 8.183736936189e-04 8.446035208181e-04 8.263520430773e-04 1.047214725986e-03 1.228769309819e-03 1.331070205197e-03 1.366865006275e-03 1.347562763840e-03 1.274426816963e-03 1.177182886750e-03 1.092908787541e-03 1.024649944156e-03 9.511731914245e-04 9.509879746474e-04 1.054511638358e-03 1.173602184281e-03 1.280430820771e-03 1.373547245748e-03 1.425139140338e-03 1.385512296110e-03 1.339278882369e-03 1.597069087438e-03 1.713041099720e-03 1.738741993904e-03 1.906770165078e-03 1.848771004006e-03 1.516058808193e-03 1.305747893639e-03 1.200276776217e-03 1.297994400375e-03
2.340147912037e-04 3.653935273178e-04 4.469263367355e-04 4.756951529998e-04 5.018785595894e-04 5.237204604782e-04 5.143062444404e-04 4.962100647390e-04 4.904783563688e-04 5.221026949584e-04 5.701108602807e-04 6.591397686861e-04 7.791678071953e-04 8.699695463292e-04 8.953594951890e-04 8.805053075776e-04 9.588531102054e-04 1.113241887651e-03 1.170934177935e-03 1.157830818556e-03 1.099929329939e-03 9.979731403291e-04 9.562154882587e-04 1.131956465542e-03 1.147581264377e-03 1.099728979170e-03 1.076984335668e-03 1.080809044652e-03 1.141204149462e-03 1.234127208591e-03 1.298968680203e-03 1.300994306803e-03 1.221941085532e-03 1.237172516994e-03 1.453460427001e-03 2.056467579678e-03 1.774947973900e-03 2.488128840923e-03 2.207993064076e-03 1.855381531641e-03 1.572833280079e-03 1.294938614592e-03 1.461580744945e-03
2.409875742160e-04 3.552261041477e-04 4.359237791505e-04 5.036012735218e-04 5.548869958147e-04 5.670092068613e-04 5.505339358933e-04 5.194763652980e-04 4.832772538066e-04 5.272295675240e-04 5.843305261806e-04 6.923141772859e-04 8.251535473391e-04 9.176564053632e-04 9.426611359231e-04 9.280095109716e-04 8.802932570688e-04 1.013758475892e-03 1.052641426213e-03 1.111378544010e-03 1.510856905952e-03 1.385941635817e-03 1.038312562741e-03 1.180849154480e-03 1.146101276390e-03 1.055472530425e-03 1.002051983960e-03 1.006737933494e-03 1.102195587009e-03 1.173837226816e-03 1.198708312586e-03 1.151881064288e-03 1.047434750944e-03 1.111676567234e-03 1.232329756021e-03 1.828091801144e-03 2.293985802680e-03 3.614703891799e-03 3.343154676259e-03 2.198733622208e-03 1.674416125752e-03 1.542649930343e-03 1.904726261273e-03
