100/SI/f110.grd
DSAA
101	101
32.816463539100	34.260883539100
35.556306596100	36.727886596100
2.407518331893e-05	3.921256542206e+00
[rows 38 to 56 of 101, columns 0 to 42 of 101]
9.398797526956e-03 1.983195357025e-02 2.144941687584e-02 2.234462648630e-02 2.643146552145e-02 3.239842131734e-02 3.741390630603e-02 4.265003651381e-02 4.687066748738e-02 4.280450567603e-02 3.512564301491e-02 2.866298519075e-02 2.832430042326e-02 2.790407091379e-02 2.968505211174e-02 3.361874073744e-02 3.804428502917e-02 6.993406265974e-02 1.133553907275e-01 1.216891929507e-01 9.811233729124e-02 8.316290378571e-02 5.524046719074e-02 6.471017003059e-02 1.292464286089e-01 1.677870750427e-01 1.614503413439e-01 1.154084429145e-01 8.259776979685e-02 9.155109524727e-02 9.682852774858e-02 1.185973212123e-01 1.625127196312e-01 1.599846035242e-01 1.500446945429e-01 8.968185633421e-02 1.227268874645e-01 1.379980295897e-01 1.365259289742e-01 2.094650268555e-01 2.295867353678e-01 3.405461609364e-01 2.749287486076e-01
1.380113884807e-02 2.457188069820e-02 2.060846611857e-02 2.030299976468e-02 2.875479124486e-02 3.497287258506e-02 4.596331715584e-02 5.783167108893e-02 6.449913233519e-02 6.039870157838e-02 4.388448968530e-02 3.446615114808e-02 2.970255725086e-02 3.024124912918e-02 3.244322538376e-02 3.505709767342e-02 3.735091909766e-02 3.935749456286e-02 6.168216094375e-02 8.635494112968e-02 8.822463452816e-02 8.662090450525e-02 8.955261856318e-02 7.413100451231e-02 6.871806830168e-02 7.634457945824e-02 1.033179536462e-01 1.943769454956e-01 2.603150606155e-01 2.640103697777e-01 2.070281952620e-01 1.020556688309e-01 1.148887723684e-01 9.770149737597e-02 1.948015242815e-01 1.745462268591e-01 1.137999892235e-01 1.373791098595e-01 1.686666756868e-01 1.918424814939e-01 2.564788758755e-01 3.089098632336e-01 3.643795549870e-01
1.604381576180e-02 3.196445107460e-02 3.030182607472e-02 2.615970000625e-02 3.454747796059e-02 4.250902310014e-02 5.159259587526e-02 6.789264082909e-02 7.359275966883e-02 7.336301356554e-02 5.018402263522e-02 3.374861553311e-02 3.400754928589e-02 2.944725193083e-02 2.455626428127e-02 2.761344425380e-02 3.204333782196e-02 3.488082438707e-02 3.708796948195e-02 4.882048070431e-02 7.201248407364e-02 1.010843887925e-01 1.214953660965e-01 1.224178299308e-01 1.196352988482e-01 7.957789301872e-02 6.310074776411e-02 6.667037308216e-02 6.462227553129e-02 8.183582872152e-02 1.725279837847e-01 2.746378183365e-01 3.253488838673e-01 2.715569138527e-01 1.374123543501e-01 1.365440785885e-01 2.388655245304e-01 1.985803097486e-01 2.062972486019e-01 2.057283967733e-01 1.913868784904e-01 2.563890814781e-01 3.877544403076e-01
2.291139774024e-02 3.877927735448e-02 4.507210478187e-02 4.630637541413e-02 4.172792658210e-02 5.001813918352e-02 4.994086548686e-02 4.784260690212e-02 4.782237485051e-02 5.866814777255e-02 6.334768980742e-02 5.499074608088e-02 4.082870855927e-02 3.625864535570e-02 3.678552806377e-02 4.551871493459e-02 5.281579121947e-02 5.908118560910e-02 5.775392800570e-02 4.200018197298e-02 4.680451378226e-02 6.171867251396e-02 7.020442932844e-02 9.417354315519e-02 1.169221103191e-01 1.388874351978e-01 1.549068838358e-01 1.502875238657e-01 1.543614566326e-01 1.683947294950e-01 1.861720085144e-01 1.824908405542e-01 2.820482552052e-01 3.184783458710e-01 2.273625880480e-01 2.875538468361e-01 3.189197778702e-01 2.708064317703e-01 3.051211833954e-01 2.472536712885e-01 1.734291613102e-01 3.030597269535e-01 2.533880174160e-01
2.352886833251e-02 4.135636240244e-02 4.570643231273e-02 4.240438342094e-02 4.607899859548e-02 5.811708047986e-02 5.773056298494e-02 5.005947127938e-02 6.039810180664e-02 5.031643062830e-02 4.768133535981e-02 6.655224412680e-02 6.910496205091e-02 5.212630331516e-02 4.822746291757e-02 4.444898664951e-02 4.540103673935e-02 6.081092730165e-02 8.199850469828e-02 8.335679024458e-02 5.359781906009e-02 6.085286661983e-02 7.750120759010e-02 6.458962708712e-02 7.460639625788e-02 9.001957625151e-02 1.188914924860e-01 1.795445382595e-01 2.417144775391e-01 2.212908118963e-01 2.091926187277e-01 1.556597799063e-01 1.547914445400e-01 2.908710837364e-01 2.796238064766e-01 3.525150716305e-01 2.330618500710e-01 3.300359845161e-01 2.893574535847e-01 4.178144633770e-01 4.316731691360e-01 3.392739295959e-01 3.822999894619e-01
4.548094794154e-02 8.818772435188e-02 6.590574234724e-02 5.515857040882e-02 5.397021770477e-02 4.856590926647e-02 4.970873147249e-02 6.047983095050e-02 5.989105626941e-02 4.851949587464e-02 6.087717786431e-02 4.155726358294e-02 5.307719856501e-02 7.439795136452e-02 6.462751328945e-02 5.593715608120e-02 7.005083560944e-02 1.538514345884e-01 1.808418631554e-01 9.752465039492e-02 1.044574156404e-01 6.157706305385e-02 7.244902849197e-02 1.026573106647e-01 6.847134977579e-02 6.265632808208e-02 6.562869250774e-02 7.183428853750e-02 9.172261506319e-02 1.042782664299e-01 1.114018559456e-01 1.216906383634e-01 1.656211316586e-01 2.608950734138e-01 1.787765920162e-01 1.655401885509e-01 2.432157844305e-01 2.769300937653e-01 1.842940598726e-01 3.818579316139e-01 3.920997381210e-01 4.271127283573e-01 5.244902372360e-01
7.263044267893e-02 1.331852227449e-01 1.079656109214e-01 8.392575383186e-02 7.737892866135e-02 6.343601644039e-02 8.747355639935e-02 7.677761465311e-02 7.627630233765e-02 5.969647318125e-02 4.667512699962e-02 5.745084211230e-02 5.156571790576e-02 3.353190049529e-02 6.297449022532e-02 7.385069876909e-02 5.381659790874e-02 4.664591327310e-02 8.508244901896e-02 5.577908083797e-02 9.704830497503e-02 1.154331713915e-01 1.145918369293e-01 1.002176925540e-01 1.375765055418e-01 8.448673784733e-02 7.851064950228e-02 1.016602888703e-01 1.191095784307e-01 9.095901995897e-02 1.157680004835e-01 1.426194459200e-01 1.690280139446e-01 1.984960734844e-01 2.519886791706e-01 1.913530230522e-01 2.129644304514e-01 2.380375117064e-01 2.255250811577e-01 3.239816427231e-01 3.015910983086e-01 4.358719289303e-01 4.435766041279e-01
2.864722348750e-02 5.967975035310e-02 7.137130945921e-02 8.414389193058e-02 8.613815903664e-02 9.576655179262e-02 1.012621298432e-01 8.737066388130e-02 7.838425040245e-02 7.517179846764e-02 6.967879086733e-02 6.448635458946e-02 6.162554770708e-02 5.751719698310e-02 6.223125383258e-02 5.308876186609e-02 3.772117197514e-02 4.457219690084e-02 4.691987857223e-02 6.443688273430e-02 6.011063605547e-02 9.899667650461e-02 1.072497665882e-01 1.152908802032e-01 1.342938244343e-01 1.515425294638e-01 1.652973890305e-01 1.720508337021e-01 1.757405400276e-01 1.892644315958e-01 1.921788454056e-01 2.020862102509e-01 2.145958095789e-01 1.781901419163e-01 1.531257033348e-01 2.155316621065e-01 2.583903074265e-01 3.980520665646e-01 4.763520956039e-01 4.401102066040e-01 4.188190698624e-01 4.345128238201e-01 3.618144989014e-01
2.770308405161e-02 5.817916244268e-02 6.625557690859e-02 7.359399646521e-02 8.358068764210e-02 8.554333448410e-02 7.868912070990e-02 6.373015046120e-02 5.998287722468e-02 7.143279910088e-02 8.383204787970e-02 7.954245805740e-02 6.019907444715e-02 3.928349912167e-02 4.223097115755e-02 2.443461306393e-02 1.420254167169e-02 1.566050387919e-02 2.085983194411e-02 2.514875121415e-02 7.504774630070e-02 1.317255198956e-01 1.122941523790e-01 1.420137584209e-01 1.366498619318e-01 1.682338267565e-01 1.734830588102e-01 1.641156077385e-01 1.529430598021e-01 1.744586080313e-01 1.856313049793e-01 2.397407293320e-01 3.064489662647e-01 3.338014781475e-01 2.851296067238e-01 2.418245822191e-01 2.678747475147e-01 1.915796846151e-01 2.917639911175e-01 2.970704138279e-01 4.645956158638e-01 4.377373754978e-01 4.711162149906e-01
7.479365915060e-03 1.503092795610e-02 1.586572825909e-02 1.712808385491e-02 2.380766905844e-02 3.328654542565e-02 4.378852248192e-02 4.708136990666e-02 4.553738236427e-02 4.199032112956e-02 4.289642348886e-02 5.450751632452e-02 5.443327501416e-02 4.430878534913e-02 2.867511101067e-02 2.232841588557e-02 1.146072056144e-02 9.750314988196e-03 1.099786907434e-02 2.339281886816e-02 5.180671066046e-02 1.099348589778e-01 2.741943001747e-01 2.577771246433e-01 2.314795106649e-01 2.173031270504e-01 2.093632221222e-01 2.035033553839e-01 2.182160168886e-01 2.517502605915e-01 2.786640226841e-01 3.154160678387e-01 5.462788343430e-01 3.027841746807e-01 6.839774847031e-01 4.665120840073e-01 3.723265230656e-01 3.990404307842e-01 4.941073060036e-01 5.740437507629e-01 6.072875857353e-01 5.707324147224e-01 5.746923089027e-01
6.773923989385e-03 1.308557856828e-02 1.424939651042e-02 1.427502557635e-02 2.406619116664e-02 3.571633622050e-02 3.735743835568e-02 3.059288300574e-02 2.257295697927e-02 1.833372935653e-02 2.322083525360e-02 2.882888168097e-02 2.761207520962e-02 2.220455929637e-02 1.639561168849e-02 1.172279473394e-02 8.605905808508e-03 6.077629514039e-03 6.329157855362e-03 2.100361883640e-02 6.713620573282e-02 1.144082695246e-01 1.125340759754e-01 2.386421114206e-01 5.737465023994e-01 2.901051938534e-01 1.806582510471e-01 1.649772077799e-01 1.701012998819e-01 1.854535490274e-01 3.187263906002e-01 4.607121646404e-01 2.446806132793e-01 3.624068200588e-01 6.549005508423e-01 1.205997824669e+00 4.929931163788e-01 3.864349722862e-01 3.427636623383e-01 3.769804835320e-01 3.226517140865e-01 6.030806303024e-01 7.024250626564e-01
3.516663098708e-03 7.304601371288e-03 8.756166324019e-03 9.718720801175e-03 1.282810047269e-02 2.067389339209e-02 2.379752136767e-02 2.071797102690e-02 1.601382531226e-02 1.194740273058e-02 9.803113527596e-03 9.343362413347e-03 7.452337536961e-03 6.562392693013e-03 7.821676321328e-03 5.958454217762e-03 5.524916574359e-03 4.648017231375e-03 5.400804802775e-03 8.235202170908e-03 1.423935964704e-02 3.809739276767e-02 3.987475112081e-02 5.417149886489e-02 2.093906402588e-01 2.209922969341e-01 8.232141286135e-02 4.499536752701e-02 4.733157902956e-02 1.527567356825e-01 2.013750970364e-01 2.178872972727e-01 2.266668975353e-01 1.862172037363e-01 2.738543152809e-01 7.923288345337e-01 4.224644303322e-01 2.566994428635e-01 1.795504987240e-01 1.620623767376e-01 1.525583714247e-01 3.989308774471e-01 5.538959503174e-01
1.561455195770e-03 3.117082873359e-03 3.242106642574e-03 3.588174469769e-03 4.519996233284e-03 5.721495486796e-03 6.806540768594e-03 7.406215649098e-03 7.165226154029e-03 6.071273703128e-03 5.180318839848e-03 5.956138484180e-03 6.148836575449e-03 5.685304291546e-03 5.807810463011e-03 6.629917304963e-03 5.031940992922e-03 4.020424094051e-03 4.503414034843e-03 6.763753481209e-03 7.715757470578e-03 1.402997318655e-02 2.441211231053e-02 5.336025729775e-02 1.298643499613e-01 8.039069920778e-02 4.973516985774e-02 3.972950577736e-02 3.820883482695e-02 1.223159860820e-02 1.071429625154e-02 1.160263177007e-02 1.811887510121e-02 3.951033577323e-02 9.155434370041e-02 1.566235065460e+00 2.985785007477e+00 3.950844705105e-01 2.691203951836e-01 1.385915726423e-01 9.760709851980e-02 1.061002910137e-01 2.051714360714e-01
1.258786185645e-03 2.288512419909e-03 2.544448943809e-03 2.545322058722e-03 2.559453714639e-03 3.299662377685e-03 4.329770337790e-03 5.326762329787e-03 5.919796880335e-03 5.796668585390e-03 4.868897609413e-03 4.479927476496e-03 4.866243340075e-03 4.706836771220e-03 4.187001381069e-03 5.160259548575e-03 5.982312839478e-03 4.751890432090e-03 3.657218301669e-03 1.170098874718e-02 1.445420738310e-02 1.033881399781e-02 1.371906325221e-02 2.397000417113e-02 4.593429714441e-02 4.605373144150e-01 1.017421707511e-01 8.800325542688e-02 3.700761497021e-02 7.247814908624e-03 6.340291816741e-03 6.639312952757e-03 7.729243487120e-03 9.521930478513e-03 1.276084873825e-02 6.843987107277e-02 4.778307974339e-01 1.233426570892e+00 3.140774667263e-01 1.763987988234e-01 5.092208459973e-02 3.258283436298e-02 3.650885820389e-02
1.175555284135e-03 2.798847854137e-03 3.784561995417e-03 4.367787390947e-03 4.548642318696e-03 4.197094123811e-03 3.731357632205e-03 3.399800742045e-03 4.249590914696e-03 4.871083423495e-03 4.854493308812e-03 4.199067130685e-03 3.633394837379e-03 4.525233991444e-03 4.726269282401e-03 4.225061740726e-03 4.939000587910e-03 6.362601649016e-03 5.017964169383e-03 1.057788170874e-02 1.163970492780e-02 9.635304100811e-03 1.071855984628e-02 1.159567758441e-02 2.636097557843e-02 9.754583239555e-02 9.551057964563e-02 2.445113100111e-02 1.133202668279e-02 7.021278142929e-03 5.261691752821e-03 4.492341540754e-03 4.431360866874e-03 5.556715652347e-03 7.214060984552e-03 2.447271905839e-02 1.258953064680e-01 4.425002634525e-01 5.354496836662e-01 8.259176462889e-02 3.557769581676e-02 2.294040098786e-02 2.170957438648e-02
1.779244281352e-03 4.188910126686e-03 5.354278720915e-03 6.021011155099e-03 6.185855716467e-03 5.910724401474e-03 5.548204295337e-03 4.990366287529e-03 4.305238369852e-03 3.518495243043e-03 3.902599913999e-03 4.096603021026e-03 3.922478761524e-03 4.590508528054e-03 5.266529973596e-03 4.977029748261e-03 4.211243707687e-03 6.681591272354e-03 7.114169653505e-03 1.872237026691e-02 1.201705913991e-02 8.634956553578e-03 5.833948031068e-03 6.029076408595e-03 1.134471595287e-02 8.871041238308e-02 1.171152591705e-01 2.215529419482e-02 1.449002511799e-02 7.353526540101e-03 4.551693797112e-03 3.142069792375e-03 2.794539555907e-03 2.949323505163e-03 4.525371361524e-03 7.490897551179e-03 5.064272880554e-02 1.569805443287e-01 4.155772924423e-01 2.019035071135e-01 9.629735350609e-02 1.918653398752e-02 1.619230397046e-02
1.220132806338e-03 2.654406940565e-03 3.311473410577e-03 3.634659806266e-03 3.525103908032e-03 3.549303393811e-03 3.974301740527e-03 4.446218255907e-03 4.889543633908e-03 4.898041021079e-03 4.219309892505e-03 3.160813590512e-03 3.721023909748e-03 4.076624289155e-03 4.084816202521e-03 4.103300627321e-03 4.304374568164e-03 7.044549565762e-03 9.682404808700e-03 1.613060012460e-02 1.244938839227e-02 9.765597060323e-03 4.794507753104e-03 4.795839544386e-03 9.648530744016e-03 3.384564071894e-02 2.589929476380e-02 1.714271493256e-02 1.357012800872e-02 7.530470844358e-03 4.181188065559e-03 3.429680597037e-03 3.025586949661e-03 2.957201795653e-03 3.779740771279e-03 6.395334377885e-03 1.342414040118e-02 6.744667142630e-02 7.942464947701e-02 4.835040122271e-02 2.911967970431e-02 1.465628761798e-02 1.322749722749e-02
1.146578346379e-03 2.077211160213e-03 3.085501724854e-03 3.943040035665e-03 4.707025829703e-03 5.565328989178e-03 6.508718244731e-03 7.528088986874e-03 8.469677530229e-03 8.738795295358e-03 7.812417577952e-03 5.803414154798e-03 3.735104808584e-03 3.884271718562e-03 4.757910966873e-03 5.166371352971e-03 6.467976607382e-03 7.478643674403e-03 8.856680244207e-03 1.542329881340e-02 1.134489756078e-02 7.247482426465e-03 3.831858746707e-03 3.730464261025e-03 6.985786836594e-03 8.107500150800e-03 1.349265873432e-01 1.173570565879e-02 1.111660990864e-02 6.661185063422e-03 3.869682550430e-03 3.089721780270e-03 2.948156557977e-03 3.113476093858e-03 4.014362581074e-03 5.458401516080e-03 9.074797853827e-03 1.118077151477e-02 2.348474413157e-02 3.119477443397e-02 1.949031278491e-02 1.169223152101e-02 1.510574016720e-02
1.161322230473e-03 2.103116828948e-03 2.827952615917e-03 3.496974008158e-03 4.171843174845e-03 4.995937924832e-03 5.866942461580e-03 6.745652761310e-03 7.566869258881e-03 8.009773679078e-03 7.589329034090e-03 8.459525182843e-03 8.805867284536e-03 8.656419813633e-03 8.267945609987e-03 7.509260438383e-03 8.904771879315e-03 6.507915444672e-03 8.813158608973e-03 2.805416285992e-02 1.023865584284e-02 5.092139821500e-03 3.593735862523e-03 3.009421983734e-03 4.158704541624e-03 1.304929330945e-02 4.432097449899e-02 9.092799387872e-03 1.181295793504e-02 4.975965246558e-03 3.657078836113e-03 2.791783772409e-03 2.826802665368e-03 3.212728537619e-03 4.251033999026e-03 5.053217057139e-03 5.624518264085e-03 9.040835313499e-03 1.981533691287e-02 2.316688001156e-02 1.442655362189e-02 1.071378402412e-02 1.399257965386e-02
