100/SI/f110.grd
DSAA
101	101
32.816463539100	34.260883539100
35.556306596100	36.727886596100
2.407518331893e-05	3.921256542206e+00
[rows 76 to 94 of 101, columns 43 to 85 of 101]
6.052142940462e-03 5.165528040379e-03 9.411566890776e-03 2.380568161607e-02 2.538165077567e-02 5.063200369477e-02 8.084631711245e-02 9.090521931648e-02 5.627162009478e-02 1.572289317846e-02 5.659143999219e-02 1.267768442631e-01 9.471419453621e-02 2.551971375942e-02 1.125607918948e-02 1.613231003284e-02 1.733817905188e-02 9.059251286089e-03 8.410334587097e-03 1.043982710689e-02 3.808964788914e-02 8.651230484247e-02 2.017808333039e-02 1.346880476922e-02 9.757143445313e-03 6.538705900311e-03 3.318993607536e-03 2.853727201000e-03 2.780624432489e-03 2.622954780236e-03 2.494065789506e-03 2.598740393296e-03 2.735165413469e-03 2.900286344811e-03 2.928175032139e-03 2.724397694692e-03 2.498497255147e-03 2.335414756089e-03 2.221560804173e-03 2.154175657779e-03 2.399463439360e-03 3.681765403599e-03 5.020610056818e-03
9.952035732567e-03 1.332729123533e-02 1.705465465784e-02 1.778617873788e-02 2.419104985893e-02 3.351280465722e-02 4.331394657493e-02 4.071372374892e-02 6.523840129375e-02 9.513011574745e-02 9.419775754213e-02 4.516328126192e-02 3.299624100327e-02 2.884434536099e-02 1.861331239343e-02 2.067198045552e-02 5.818731617182e-03 3.318123985082e-03 4.166152328253e-03 4.663424100727e-03 3.536874428391e-03 4.242353606969e-03 6.730430759490e-03 6.680572871119e-03 6.059962790459e-03 3.716437844560e-03 1.811522874050e-03 1.626365236007e-03 1.904931734316e-03 2.194036962464e-03 2.339720958844e-03 2.390325069427e-03 2.376735210419e-03 2.272021258250e-03 1.975675579160e-03 1.585488789715e-03 1.270097214729e-03 1.260910765268e-03 1.336170709692e-03 1.544305356219e-03 1.943030511029e-03 3.314465982839e-03 4.433126188815e-03
2.099275030196e-02 3.166305273771e-02 2.102617546916e-02 9.759260341525e-03 1.159454602748e-02 4.146845266223e-02 1.163014322519e-01 1.548541784286e-01 1.160103678703e-01 5.732621252537e-02 3.126693889499e-02 2.041487954557e-02 1.440887246281e-02 2.330202423036e-02 2.049559727311e-02 7.362345233560e-03 2.433746587485e-03 2.186251571402e-03 2.292389515787e-03 3.107633907348e-03 2.319118473679e-03 2.115841954947e-03 2.452000044286e-03 2.733738161623e-03 2.476509427652e-03 2.261495450512e-03 1.831354806200e-03 1.905426150188e-03 1.603505341336e-03 1.837637857534e-03 1.923258882016e-03 1.792245078832e-03 1.712514203973e-03 1.654686173424e-03 1.164712361060e-03 1.123994123191e-03 1.193795935251e-03 1.189381233416e-03 1.164723886177e-03 1.230557798408e-03 1.504592830315e-03 2.878453116864e-03 4.220290109515e-03
3.007783740759e-02 3.492876887321e-02 1.176587864757e-02 1.231321319938e-02 4.265913739800e-02 7.630586624146e-02 7.874249666929e-02 6.766171753407e-02 5.643229931593e-02 2.707127109170e-02 2.448639646173e-02 2.942623198032e-02 1.850045658648e-02 1.205927692354e-02 4.933001473546e-03 2.707674168050e-03 1.689109951258e-03 1.607807353139e-03 1.544270548038e-03 1.946308068000e-03 1.719148480333e-03 1.720124157146e-03 1.600262359716e-03 1.580150332302e-03 1.531076384708e-03 1.562658231705e-03 1.510005677119e-03 1.535282470286e-03 1.651922822930e-03 1.582417404279e-03 1.603303360753e-03 1.321243820712e-03 1.464051776566e-03 1.536057214253e-03 1.222557621077e-03 9.321408579126e-04 1.115511404350e-03 1.187085756101e-03 1.192193478346e-03 1.171433017589e-03 1.201357692480e-03 1.547154504806e-03 2.601894782856e-03
1.314711570740e-02 2.174664288759e-02 3.131334111094e-02 4.010752215981e-02 4.405954852700e-02 3.618665412068e-02 4.208645969629e-02 4.998633638024e-02 7.136273384094e-02 2.897978201509e-02 3.003552183509e-02 1.809605211020e-02 7.343137636781e-03 3.016842296347e-03 2.087035682052e-03 1.698453677818e-03 1.521720667370e-03 1.371550257318e-03 1.256740652025e-03 1.189973321743e-03 1.322563621216e-03 1.019046525471e-03 1.032641390339e-03 1.028862665407e-03 1.084501855075e-03 1.138713792898e-03 1.148798968643e-03 1.052103587426e-03 9.055255213752e-04 1.086276955903e-03 1.054696505889e-03 1.022570068017e-03 1.147409901023e-03 1.281114527956e-03 1.178433070891e-03 9.237420745194e-04 1.036186004058e-03 1.163636799902e-03 1.195013755932e-03 1.211035181768e-03 1.404238282703e-03 1.685314695351e-03 2.123074838892e-03
1.429157238454e-02 4.345179721713e-02 8.051747083664e-02 4.827511683106e-02 3.135713562369e-02 5.240102484822e-02 6.985682994127e-02 9.405554085970e-02 4.669434949756e-02 2.423900552094e-02 1.166339404881e-02 6.802209187299e-03 2.754808170721e-03 1.777609926648e-03 1.247193547897e-03 1.056424691342e-03 9.693980682641e-04 9.008094784804e-04 9.243869571947e-04 9.842744329944e-04 1.016125199385e-03 9.419002453797e-04 9.113198611885e-04 9.781839326024e-04 1.168258255348e-03 1.360310241580e-03 1.487298752181e-03 1.445241039619e-03 1.141623477452e-03 8.845410193317e-04 8.794601890258e-04 8.112599607557e-04 8.226715726778e-04 1.028480706736e-03 1.065226737410e-03 9.932786924765e-04 9.421574650332e-04 1.103825634345e-03 1.165394438431e-03 1.177131431177e-03 1.346910488792e-03 1.865494647063e-03 2.524027833715e-03
2.686351165175e-02 8.429502695799e-02 6.527236104012e-02 5.197220668197e-02 5.694655701518e-02 5.452064424753e-02 3.917351737618e-02 3.835780173540e-02 2.950954437256e-02 1.527040358633e-02 5.724113434553e-03 3.598486306146e-03 1.834108610637e-03 1.188218244351e-03 9.407227043994e-04 7.724706665613e-04 7.724486640655e-04 8.248857338913e-04 8.058339008130e-04 7.811379036866e-04 8.482318371534e-04 8.747292449698e-04 8.441846002825e-04 8.461920660920e-04 1.064790179953e-03 1.306687598117e-03 1.483405241743e-03 1.479514176026e-03 1.201508799568e-03 8.191929082386e-04 8.551718201488e-04 8.847451535985e-04 7.232878706418e-04 7.568219443783e-04 9.028206113726e-04 1.008430845104e-03 1.019028248265e-03 1.010111533105e-03 1.104243448935e-03 1.152686425485e-03 1.141703687608e-03 1.294827787206e-03 1.638370333239e-03
3.627847135067e-02 6.157556176186e-02 3.619667515159e-02 2.242699265480e-02 1.506433635950e-02 1.856185123324e-02 1.665455289185e-02 1.990743167698e-02 1.637836731970e-02 5.673818290234e-03 4.183393437415e-03 2.511692699045e-03 1.944229356013e-03 1.442255917937e-03 8.992754737847e-04 7.311791996472e-04 7.943320088089e-04 8.011462632567e-04 7.295474060811e-04 6.999770412222e-04 8.115654927678e-04 8.882709080353e-04 9.291807073168e-04 8.965610177256e-04 8.307766402140e-04 9.925087215379e-04 1.107511110604e-03 1.097593805753e-03 9.073525434360e-04 7.372651016340e-04 7.604774436913e-04 8.338038460352e-04 7.952468004078e-04 6.744023994543e-04 6.911086966284e-04 8.241771720350e-04 9.162075584754e-04 8.959406986833e-04 1.019414165057e-03 1.107057905756e-03 1.127635827288e-03 1.186008215882e-03 1.330617931671e-03
5.231492966413e-02 4.262939840555e-02 1.385806780308e-02 1.046609506011e-02 1.109399180859e-02 6.761355791241e-03 9.874911047518e-03 1.558965165168e-02 1.037773210555e-02 4.974072799087e-03 3.905029268935e-03 2.085015876219e-03 2.030459698290e-03 1.923962729052e-03 1.203382853419e-03 9.507390786894e-04 8.067304152064e-04 7.708696648479e-04 6.648317212239e-04 6.745852879249e-04 8.156384574249e-04 9.775377111509e-04 1.074291649275e-03 1.003394834697e-03 8.570379577577e-04 7.352390093729e-04 8.026228751987e-04 8.570835343562e-04 8.520184783265e-04 9.066896163858e-04 8.146197651513e-04 7.526718545705e-04 7.642681594007e-04 6.928943330422e-04 6.701390375383e-04 8.054673671722e-04 8.804129902273e-04 8.573363302276e-04 9.180085035041e-04 1.032700878568e-03 1.082791481167e-03 1.210421207361e-03 1.531837158836e-03
8.276852220297e-02 3.639366477728e-02 7.077299524099e-03 5.032346583903e-03 3.872748930007e-03 4.749972838908e-03 5.125950090587e-03 1.153177674860e-02 1.166918873787e-02 7.105128839612e-03 3.538664430380e-03 2.020375104621e-03 1.747280824929e-03 1.824943698011e-03 1.496854005381e-03 9.204440866597e-04 8.006102871150e-04 7.417768356390e-04 6.166069651954e-04 6.667785928585e-04 8.345178794116e-04 1.088764984161e-03 1.186981680803e-03 1.054077874869e-03 8.852834580466e-04 7.796823629178e-04 8.296538144350e-04 9.239113423973e-04 9.649965795688e-04 9.491490782239e-04 8.790474967100e-04 7.288038614206e-04 8.365829708055e-04 6.952048861422e-04 6.525916396640e-04 7.091612205841e-04 8.912169723772e-04 9.810022311285e-04 1.044871518388e-03 1.187303219922e-03 1.363182906061e-03 1.415043137968e-03 1.375437481329e-03
7.030031085014e-02 2.192817255855e-02 5.379554815590e-03 3.017818555236e-03 2.768949372694e-03 3.211832605302e-03 5.971722304821e-03 7.632702123374e-03 9.256368502975e-03 6.453897804022e-03 4.240430891514e-03 2.346177585423e-03 1.550367218442e-03 1.319362083450e-03 1.262766774744e-03 1.066375407390e-03 9.283740073442e-04 1.019628020003e-03 8.506725425832e-04 7.358372095041e-04 9.165917872451e-04 1.223025727086e-03 1.272794674151e-03 1.069112448022e-03 9.077708818950e-04 8.271089754999e-04 8.670194074512e-04 9.735029307194e-04 1.051714294590e-03 9.818742983043e-04 8.678083540872e-04 7.176028448157e-04 8.532010251656e-04 6.610986893065e-04 6.397687247954e-04 6.157341995277e-04 6.696232012473e-04 8.819851791486e-04 1.123339403421e-03 1.446020789444e-03 1.765144872479e-03 1.890976680443e-03 1.912446576171e-03
3.709604218602e-02 6.924262735993e-03 3.206777386367e-03 2.777280518785e-03 2.322294516489e-03 2.389964414760e-03 3.854361828417e-03 2.135819522664e-03 5.621162708849e-03 8.488940075040e-03 6.051180884242e-03 4.606877919286e-03 2.289168536663e-03 1.404509996064e-03 1.198393059894e-03 1.205340726301e-03 1.277309725992e-03 1.148041919805e-03 1.013109809719e-03 8.974477532320e-04 1.095953048207e-03 1.345155178569e-03 1.294872257859e-03 1.090363250114e-03 9.731074678712e-04 9.155310690403e-04 9.158990578726e-04 1.022176584229e-03 1.111679244787e-03 1.065992051736e-03 8.915257058106e-04 7.056439062580e-04 8.050199248828e-04 7.296298281290e-04 6.352572236210e-04 6.311982288025e-04 6.079683662392e-04 6.354730576277e-04 8.123358711600e-04 1.241575693712e-03 1.695365644991e-03 1.976880943403e-03 2.138460287824e-03
1.006903592497e-02 3.888118313625e-03 2.506629563868e-03 2.396594267339e-03 1.871761167422e-03 1.706655719317e-03 1.734147081152e-03 1.635069493204e-03 2.045039320365e-03 7.002776954323e-03 7.753636222333e-03 1.137272175401e-02 7.272187154740e-03 2.605664310977e-03 1.613510889001e-03 1.343811163679e-03 1.447746064514e-03 1.713580684736e-03 1.596117857844e-03 1.277311705053e-03 1.248901593499e-03 1.398209715262e-03 1.256727147847e-03 1.084576360881e-03 1.020605675876e-03 1.010476727970e-03 1.029666746035e-03 1.044732984155e-03 1.137703424320e-03 1.144123147242e-03 9.873480303213e-04 7.615591166541e-04 7.547792629339e-04 7.554732728750e-04 7.065584068187e-04 7.236883393489e-04 7.165066199377e-04 7.038439507596e-04 6.944597698748e-04 7.157809450291e-04 9.651330183260e-04 1.285538310185e-03 1.515706186183e-03
3.586627310142e-03 2.251293975860e-03 2.246120711789e-03 1.958058448508e-03 1.596852904186e-03 1.449030125514e-03 1.265057944693e-03 1.270574284717e-03 1.500591868535e-03 2.901732223108e-03 1.159831508994e-02 2.848274633288e-02 1.952454820275e-02 6.209425628185e-03 2.724497811869e-03 1.689355005510e-03 1.505568856373e-03 1.806934480555e-03 1.749913673848e-03 1.843290054239e-03 1.773597672582e-03 1.461892970838e-03 1.307411934249e-03 1.172685646452e-03 1.136580482125e-03 1.144720939919e-03 1.142464694567e-03 1.112726866268e-03 1.140649430454e-03 1.204754458740e-03 1.089968718588e-03 7.964720716700e-04 7.351236999966e-04 7.249186746776e-04 7.626625010744e-04 8.185808546841e-04 8.566530304961e-04 8.684007334523e-04 8.608211646788e-04 8.292980492115e-04 8.353459998034e-04 8.793281158432e-04 9.083740878850e-04
3.259406425059e-03 1.838690019213e-03 1.999431988224e-03 1.529210945591e-03 1.248813816346e-03 1.185196568258e-03 1.035641878843e-03 1.059973612428e-03 1.082622096874e-03 2.008872572333e-03 8.779704570770e-03 2.368177287281e-02 2.133360318840e-02 1.373999658972e-02 3.329443512484e-03 1.825177576393e-03 1.388887758367e-03 2.004231093451e-03 2.377904253080e-03 2.229577396065e-03 1.823012251407e-03 1.426156377420e-03 1.411220408045e-03 1.326916273683e-03 1.282059005462e-03 1.252169022337e-03 1.198438229039e-03 1.093177124858e-03 1.150627620518e-03 1.217104610987e-03 1.073214458302e-03 8.276124135591e-04 8.569257915951e-04 8.292801212519e-04 7.862351485528e-04 7.652063504793e-04 8.174086106010e-04 8.487895247526e-04 8.397710043937e-04 7.855230360292e-04 8.757820469327e-04 1.033881562762e-03 1.147014671005e-03
4.018674604595e-03 2.102994825691e-03 1.769007882103e-03 1.366840209812e-03 1.026689074934e-03 9.690531296656e-04 9.942962788045e-04 9.713461040519e-04 9.749656310305e-04 1.255493145436e-03 3.327064448968e-03 1.211406197399e-02 4.401200264692e-02 3.395807370543e-02 5.687222350389e-03 2.133177826181e-03 2.354026306421e-03 2.510080114007e-03 2.230955054983e-03 1.774905133061e-03 1.441442640498e-03 1.470931572840e-03 1.558194169775e-03 1.508358400315e-03 1.405371353030e-03 1.274891430512e-03 1.102945301682e-03 1.014629378915e-03 1.189799048007e-03 1.224864157848e-03 1.098209293559e-03 1.219824422151e-03 1.222660997882e-03 1.156157581136e-03 1.039800117724e-03 8.083489374258e-04 6.818076362833e-04 6.808807956986e-04 6.992766284384e-04 7.514323806390e-04 8.830177248456e-04 1.100383815356e-03 1.363534363918e-03
4.255481995642e-03 2.386916661635e-03 1.789307571016e-03 1.192441675812e-03 8.890132885426e-04 9.320328244939e-04 9.201944922097e-04 9.445736068301e-04 8.492480847053e-04 9.601338533685e-04 1.877049100585e-03 6.155454553664e-03 2.136179804802e-02 1.881642639637e-02 6.268364842981e-03 3.559945849702e-03 2.924207132310e-03 2.267893636599e-03 1.746491994709e-03 1.399517059326e-03 1.393077080138e-03 1.485159387812e-03 1.578075811267e-03 1.500162412412e-03 1.295549795032e-03 1.051072962582e-03 8.747411193326e-04 9.531141258776e-04 1.197034027427e-03 1.259896904230e-03 1.302118529566e-03 1.430535456166e-03 1.420049928129e-03 1.322457916103e-03 1.124018919654e-03 8.481422555633e-04 8.686129003763e-04 9.015615796670e-04 9.548911475576e-04 1.000415766612e-03 1.013078726828e-03 1.133201178163e-03 1.462228829041e-03
3.977695479989e-03 2.134122420102e-03 1.504916348495e-03 9.362756973132e-04 8.535980014130e-04 9.204018861055e-04 8.889132877812e-04 7.689129561186e-04 6.110465037636e-04 8.654109551571e-04 1.595557318069e-03 2.721539000049e-03 7.519726641476e-03 8.918481878936e-03 6.449451670051e-03 3.946109674871e-03 2.494085114449e-03 1.771653536707e-03 1.643076073378e-03 1.594241126440e-03 1.434533856809e-03 1.355706714094e-03 1.310696359724e-03 1.151236472651e-03 9.081813041121e-04 8.153380476870e-04 8.044221322052e-04 8.597627165727e-04 1.117307692766e-03 1.251025707461e-03 9.262199746445e-04 1.005452941172e-03 1.005415688269e-03 9.399806149304e-04 9.169636759907e-04 1.001771888696e-03 1.082263654098e-03 1.188978552818e-03 1.305301790126e-03 1.370932906866e-03 1.346340752207e-03 1.254779519513e-03 1.435593469068e-03
3.552981186658e-03 1.577939605340e-03 1.081326627173e-03 6.708630244248e-04 7.992166210897e-04 8.864901028574e-04 8.490929612890e-04 7.006936357357e-04 5.175755941309e-04 7.784931804053e-04 1.433087280020e-03 2.214954001829e-03 5.230197682977e-03 6.697584409267e-03 5.200295709074e-03 3.076753113419e-03 1.903805765323e-03 1.768071553670e-03 1.738262479194e-03 1.456390949897e-03 1.157328486443e-03 9.663572418503e-04 8.453098125756e-04 7.082771044225e-04 6.680104415864e-04 6.571558187716e-04 6.594135193154e-04 7.313734968193e-04 9.741499088705e-04 1.140792039223e-03 8.850350277498e-04 6.939467275515e-04 6.624188972637e-04 8.461254183203e-04 1.000502146780e-03 1.135818194598e-03 1.292599947192e-03 1.487773843110e-03 1.670865109190e-03 1.745359390043e-03 1.660262350924e-03 1.464151078835e-03 1.415521837771e-03
