100/SI/f110.grd
DSAA
101	101
32.816463539100	34.260883539100
35.556306596100	36.727886596100
2.407518331893e-05	3.921256542206e+00
[rows 38 to 56 of 101, columns 43 to 85 of 101]
2.395690530539e-01 3.718518018723e-01 3.979091942310e-01 2.357737123966e-01 3.954981863499e-01 1.941476613283e-01 1.997514218092e-01 2.681014537811e-01 2.300001382828e-01 1.844904571772e-01 2.712587714195e-01 1.410522162914e-01 1.548899859190e-01 1.311283260584e-01 2.035334557295e-01 1.483191400766e-01 1.605543494225e-01 9.121259301901e-02 1.242293119431e-01 1.885436326265e-01 1.921747773886e-01 1.473279446363e-01 1.016441658139e-01 8.048862963915e-02 6.945785880089e-02 6.282126903534e-02 5.814981460571e-02 5.952651053667e-02 5.292967706919e-02 3.973808884621e-02 3.945369645953e-02 4.671564698219e-02 5.340166762471e-02 5.492576956749e-02 5.571234598756e-02 5.583970248699e-02 5.500267818570e-02 5.081541836262e-02 4.514201730490e-02 4.025053605437e-02 3.628468140960e-02 3.647136688232e-02 3.081570938230e-02
2.395966947079e-01 4.931947588921e-01 3.187348842621e-01 4.448877871037e-01 3.201216161251e-01 4.519710838795e-01 3.806048631668e-01 2.353593111038e-01 2.391629070044e-01 1.921887993813e-01 3.078135251999e-01 1.992812752724e-01 1.296018064022e-01 1.485750228167e-01 2.702666223049e-01 1.611683070660e-01 1.842415183783e-01 2.879016101360e-01 2.581185996532e-01 1.749593615532e-01 1.181801110506e-01 8.034909516573e-02 7.337787747383e-02 6.623082607985e-02 6.669431179762e-02 6.375285983086e-02 5.589280277491e-02 4.876595735550e-02 4.400952905416e-02 4.403474554420e-02 4.835559427738e-02 4.543292894959e-02 3.730070590973e-02 3.150444850326e-02 3.045170381665e-02 2.627408877015e-02 2.819966524839e-02 3.098435513675e-02 3.409977629781e-02 3.775560483336e-02 4.089418053627e-02 5.376874655485e-02 5.543049424887e-02
3.525800704956e-01 2.467122972012e-01 4.339606761932e-01 3.438322246075e-01 3.658546507359e-01 4.762494266033e-01 2.906970083714e-01 2.641977369785e-01 1.888800412416e-01 1.958550959826e-01 3.293022215366e-01 1.786477118731e-01 1.831310540438e-01 1.797289699316e-01 2.190102785826e-01 3.537802100182e-01 2.414055019617e-01 1.253729760647e-01 1.172709390521e-01 7.774617522955e-02 5.897674709558e-02 8.507606387138e-02 1.117023155093e-01 1.005903854966e-01 7.244760543108e-02 6.310143321753e-02 6.170244514942e-02 5.690441653132e-02 4.916117340326e-02 4.571715369821e-02 4.301945492625e-02 4.359580576420e-02 4.171790555120e-02 3.879483416677e-02 3.779933229089e-02 3.973375260830e-02 3.920631855726e-02 3.559858724475e-02 4.746596142650e-02 6.468030065298e-02 5.311046168208e-02 4.010930657387e-02 3.467111289501e-02
3.890530467033e-01 3.583115935326e-01 5.657824873924e-01 4.732248187065e-01 4.476709365845e-01 4.932668507099e-01 4.648689925671e-01 2.564973533154e-01 2.891545295715e-01 2.742374837399e-01 3.243486583233e-01 2.538276910782e-01 2.357941418886e-01 4.009728431702e-01 2.585399150848e-01 1.915828734636e-01 1.628944873810e-01 1.319266855717e-01 9.716832637787e-02 1.577210128307e-01 1.698867827654e-01 8.922854810953e-02 1.399777382612e-01 1.064555570483e-01 9.583096206188e-02 8.452416956425e-02 7.465742528439e-02 6.676778197289e-02 6.014684587717e-02 5.786030739546e-02 1.083439067006e-01 4.607386887074e-02 4.379742592573e-02 4.147970676422e-02 5.250677093863e-02 6.555749475956e-02 6.008035317063e-02 6.870217621326e-02 5.928470939398e-02 6.492938101292e-02 6.544775515795e-02 6.394539028406e-02 5.865276232362e-02
3.712645471096e-01 5.143344402313e-01 4.437642097473e-01 4.404522478580e-01 4.093565344810e-01 5.177025794983e-01 8.171625137329e-01 3.534601628780e-01 4.120494425297e-01 4.108408391476e-01 3.742016851902e-01 3.765713870525e-01 4.278805851936e-01 2.442142963409e-01 2.645156383514e-01 1.494617015123e-01 2.025486379862e-01 2.708564698696e-01 2.131289243698e-01 2.032768428326e-01 2.114011943340e-01 1.424854546785e-01 8.814869821072e-02 8.556409925222e-02 7.935894280672e-02 7.446926087141e-02 9.069970250130e-02 1.568694114685e-01 1.883758902550e-01 1.671792715788e-01 8.257102221251e-02 5.976459383965e-02 5.675718188286e-02 6.146397441626e-02 7.732526212931e-02 7.925086468458e-02 7.169748097658e-02 6.418475508690e-02 4.858933761716e-02 6.037686392665e-02 7.205769419670e-02 7.189189642668e-02 6.910017132759e-02
4.399962723255e-01 6.385844349861e-01 1.055769681931e+00 6.460290551186e-01 1.042577981949e+00 5.363717675209e-01 1.279502511024e+00 3.676983416080e-01 7.158667445183e-01 5.132355690002e-01 4.484954774380e-01 4.389128684998e-01 2.489096224308e-01 3.032679557800e-01 3.435983061790e-01 3.357721567154e-01 2.078666538000e-01 1.231707632542e-01 2.645452320576e-01 2.288150191307e-01 1.254395842552e-01 1.145686060190e-01 1.081952899694e-01 1.969947814941e-01 2.422958612442e-01 2.141927480698e-01 1.410942822695e-01 1.015855446458e-01 1.104295477271e-01 6.988630443811e-02 5.604627355933e-02 8.409001678228e-02 1.045420020819e-01 9.378023445606e-02 8.268836140633e-02 1.120132729411e-01 1.326654255390e-01 1.186305508018e-01 8.506131917238e-02 6.287219375372e-02 7.853314280510e-02 8.622549474239e-02 9.090146422386e-02
5.420023798943e-01 6.836292147636e-01 8.050326108932e-01 1.069856643677e+00 8.943340778351e-01 9.077588319778e-01 1.500565528870e+00 5.965633392334e-01 6.927824616432e-01 5.457309484482e-01 5.499196052551e-01 3.182781040668e-01 3.439645469189e-01 4.296596944332e-01 3.354590833187e-01 2.395578473806e-01 3.457707166672e-01 3.211752176285e-01 2.536480426788e-01 3.210190236568e-01 3.250385522842e-01 2.819178402424e-01 2.017702609301e-01 1.105200871825e-01 1.213694438338e-01 1.095317974687e-01 8.693078905344e-02 8.972712606192e-02 9.684993326664e-02 1.040954515338e-01 1.013662591577e-01 8.648454397917e-02 8.308036625385e-02 6.976526230574e-02 1.275285929441e-01 1.558289825916e-01 1.461087763309e-01 1.076291948557e-01 6.520411372185e-02 3.985544294119e-02 5.551463738084e-02 6.370743364096e-02 5.863678455353e-02
5.143849849701e-01 7.561187744141e-01 8.961994647980e-01 8.540278673172e-01 1.271113276482e+00 9.514897465706e-01 1.528758764267e+00 8.424872159958e-01 7.213995456696e-01 8.002871274948e-01 6.119940876961e-01 4.031949639320e-01 4.000332653522e-01 4.275731742382e-01 2.469029575586e-01 3.650159239769e-01 4.710284471512e-01 3.253948092461e-01 1.932959854603e-01 1.917984336615e-01 1.690006554127e-01 1.309844106436e-01 1.262475401163e-01 1.396205127239e-01 1.396870166063e-01 1.233952194452e-01 1.068713515997e-01 1.042193695903e-01 8.689218014479e-02 9.564837068319e-02 9.156017750502e-02 8.354858309031e-02 5.799660831690e-02 1.063216999173e-01 1.268209069967e-01 1.202473863959e-01 8.399689197540e-02 4.517671838403e-02 6.215321645141e-02 5.847983062267e-02 4.377671331167e-02 4.210023954511e-02 4.551677778363e-02
7.621735334396e-01 1.065973401070e+00 1.088755846024e+00 1.186604857445e+00 1.289837956429e+00 1.623812317848e+00 1.531860709190e+00 2.976247787476e+00 1.096904873848e+00 6.943538188934e-01 6.449320912361e-01 5.754402279854e-01 4.884382784367e-01 7.457428574562e-01 6.506675481796e-01 3.806903064251e-01 3.521857559681e-01 3.657765388489e-01 2.679412364960e-01 2.366396039724e-01 2.344860136509e-01 2.230849415064e-01 2.394765764475e-01 1.786580830812e-01 2.297024130821e-01 2.032878696918e-01 1.276056468487e-01 1.162089034915e-01 1.177607774734e-01 1.099654436111e-01 9.391999244690e-02 9.072756767273e-02 9.462916851044e-02 1.089046597481e-01 1.012624651194e-01 7.771758735180e-02 5.924541503191e-02 5.369561538100e-02 5.234792456031e-02 5.179037153721e-02 5.064150318503e-02 4.879503324628e-02 4.733958095312e-02
4.840812087059e-01 1.409167766571e+00 9.740473031998e-01 1.216354966164e+00 1.922011852264e+00 1.538545727730e+00 1.825562477112e+00 2.174641370773e+00 1.070944309235e+00 1.012817859650e+00 1.288573980331e+00 8.192108869553e-01 1.016304016113e+00 7.896674275398e-01 6.609007716179e-01 5.764485001564e-01 4.900355041027e-01 4.240759015083e-01 3.742761611938e-01 5.258077383041e-01 6.151512861252e-01 2.568593621254e-01 1.674378812313e-01 1.702684760094e-01 2.390827089548e-01 1.499527543783e-01 1.296511888504e-01 1.230356693268e-01 1.135862544179e-01 1.081028729677e-01 1.038397550583e-01 1.074455007911e-01 1.137282103300e-01 9.724709391594e-02 7.444116473198e-02 6.944606453180e-02 6.578881293535e-02 5.410890653729e-02 5.353982746601e-02 5.386704206467e-02 4.971641674638e-02 5.094797536731e-02 5.352437868714e-02
1.301715731621e+00 1.524489641190e+00 1.741607785225e+00 1.836975455284e+00 2.132683515549e+00 2.952438354492e+00 3.921256542206e+00 1.809221148491e+00 1.459636688232e+00 1.020875692368e+00 1.451711773872e+00 1.446323275566e+00 5.467318296432e-01 8.726393580437e-01 9.570782780647e-01 4.746537804604e-01 4.384934008121e-01 4.649045169353e-01 5.132541060448e-01 6.055310368538e-01 4.678953289986e-01 1.985447108746e-01 2.260875552893e-01 1.845045387745e-01 1.726661473513e-01 1.476341187954e-01 1.435966193676e-01 1.425450295210e-01 1.184729114175e-01 8.227843791246e-02 7.359201461077e-02 8.065370470285e-02 8.562852442265e-02 8.798782527447e-02 8.631637692451e-02 8.267129212618e-02 7.371605187654e-02 7.553365081549e-02 8.423917740583e-02 8.630760759115e-02 7.731517404318e-02 6.712890416384e-02 5.860287323594e-02
8.687571287155e-01 1.548019409180e+00 1.597752571106e+00 2.026712894440e+00 2.016330957413e+00 1.993540406227e+00 1.957074284554e+00 1.613954782486e+00 1.130887985229e+00 1.285358190536e+00 1.235081076622e+00 1.302767515182e+00 1.576447129250e+00 6.995677947998e-01 5.843253731728e-01 3.629611134529e-01 3.309376835823e-01 2.338368594646e-01 2.154791355133e-01 1.837795525789e-01 1.576036959887e-01 1.785581856966e-01 2.201236337423e-01 2.533370852470e-01 2.593710124493e-01 2.277552634478e-01 1.827844828367e-01 1.267233341932e-01 8.876781910658e-02 7.320545613766e-02 5.888093635440e-02 6.628946214914e-02 8.622854202986e-02 5.884776264429e-02 6.539180874825e-02 7.146605849266e-02 5.713294073939e-02 6.976690888405e-02 8.247820287943e-02 8.741325139999e-02 9.923709183931e-02 1.247131004930e-01 1.416437327862e-01
3.424827754498e-01 4.676523208618e-01 7.360569834709e-01 3.482304096222e+00 1.922737240791e+00 1.831877350807e+00 1.020590543747e+00 1.050744533539e+00 9.698162674904e-01 1.545385718346e+00 1.439656496048e+00 2.038079500198e+00 2.950090646744e+00 2.165721416473e+00 1.411813378334e+00 6.509510278702e-01 3.069760799408e-01 2.191264480352e-01 1.989563852549e-01 2.666548192501e-01 3.470975160599e-01 3.214225172997e-01 2.372903972864e-01 1.525617092848e-01 1.677272468805e-01 1.587810963392e-01 2.279001027346e-01 3.402079343796e-01 1.580457538366e-01 8.264485746622e-02 7.651061564684e-02 1.256314963102e-01 8.386421948671e-02 5.163720995188e-02 4.521987959743e-02 4.698225110769e-02 4.715990647674e-02 4.854856431484e-02 4.943183436990e-02 4.941154271364e-02 4.950199648738e-02 5.478374660015e-02 4.782579839230e-02
6.202958896756e-02 1.569636315107e-01 3.801588118076e-01 4.976336061954e-01 5.063828825951e-01 4.974187612534e-01 3.860186636448e-01 5.265406370163e-01 5.343627333641e-01 8.395872712135e-01 1.698491930962e+00 1.918821811676e+00 2.636694908142e+00 1.538883447647e+00 1.093891859055e+00 6.203835010529e-01 2.837691307068e-01 1.491633355618e-01 1.568101346493e-01 3.469918668270e-01 1.106384515762e+00 4.635452628136e-01 3.964848816395e-01 2.929744720459e-01 2.987079918385e-01 2.566270232201e-01 2.780292034149e-01 1.950094103813e-01 9.603216499090e-02 1.267041265965e-01 1.067754849792e-01 1.079883053899e-01 6.555018573999e-02 5.946024879813e-02 4.149004817009e-02 3.801571205258e-02 3.952223807573e-02 3.947264701128e-02 4.264407977462e-02 3.934082388878e-02 5.121251940727e-02 6.016627326608e-02 5.820040404797e-02
4.354686290026e-02 8.125112205744e-02 2.416390180588e-01 1.427550762892e-01 1.204628869891e-01 9.826529771090e-02 1.491625458002e-01 2.462588101625e-01 2.571189403534e-01 2.738156616688e-01 7.756878733635e-01 3.853922367096e+00 3.031683206558e+00 1.367492914200e+00 6.328283548355e-01 1.808740794659e-01 1.084448769689e-01 7.139141112566e-02 8.871346712112e-02 2.266747653484e-01 5.198488831520e-01 9.059052467346e-01 4.539483189583e-01 3.455830514431e-01 2.727739810944e-01 2.048250883818e-01 2.174467593431e-01 2.027809917927e-01 1.780522912741e-01 1.605278402567e-01 1.957977414131e-01 8.379700034857e-02 7.774677127600e-02 6.275967508554e-02 6.414503604174e-02 5.979528650641e-02 5.003731325269e-02 4.290653020144e-02 4.894940182567e-02 5.651293694973e-02 6.621534377337e-02 6.520425528288e-02 5.561622977257e-02
2.927582152188e-02 1.198020353913e-01 2.825765907764e-01 2.283287644386e-01 5.124569311738e-02 6.001992523670e-02 5.741753056645e-02 1.164796948433e-01 1.270876824856e-01 2.637658417225e-01 4.511295557022e-01 1.062674760818e+00 2.251561880112e+00 1.534778594971e+00 2.072135925293e+00 5.009661316872e-01 6.149469688535e-02 3.876804932952e-02 6.111026927829e-02 2.033272832632e-01 6.243961453438e-01 9.692655801773e-01 7.399597764015e-01 5.039792656898e-01 3.503553867340e-01 2.205771654844e-01 2.502680420876e-01 1.855272650719e-01 1.790627241135e-01 1.782271116972e-01 1.480856984854e-01 1.181505769491e-01 8.324175328016e-02 8.868757635355e-02 7.949711382389e-02 6.351679563522e-02 5.644749850035e-02 5.237181857228e-02 4.844952747226e-02 5.658433958888e-02 6.209192052484e-02 6.039899215102e-02 5.352600291371e-02
2.488848008215e-02 6.116638705134e-02 4.168027043343e-01 4.992344677448e-01 2.612710297108e-01 4.050135239959e-02 3.083739615977e-02 5.811772868037e-02 5.806295573711e-02 4.710659757257e-02 3.982459753752e-02 1.726384907961e-01 7.611788511276e-01 4.584509134293e-01 2.558040142059e+00 3.113421797752e-01 1.777102798223e-01 6.868277490139e-02 5.418053269386e-02 1.753746420145e-01 3.448099493980e-01 3.050650119781e+00 9.460931420326e-01 4.116198420525e-01 4.171476066113e-01 2.200266718864e-01 2.359825521708e-01 2.024503648281e-01 2.888425886631e-01 2.219761013985e-01 1.273487359285e-01 1.261338591576e-01 1.177093833685e-01 1.121715754271e-01 1.101848855615e-01 8.786677569151e-02 8.651186525822e-02 9.574411809444e-02 6.187305599451e-02 4.742788523436e-02 4.682628437877e-02 4.626963287592e-02 5.384090542793e-02
1.589899510145e-02 2.744688093662e-02 3.434945642948e-02 1.942675560713e-01 1.198174804449e-01 2.889004722238e-02 2.463618293405e-02 2.899278886616e-02 2.720233239233e-02 2.607402764261e-02 1.884131692350e-02 2.108399569988e-02 6.491684168577e-02 4.244996309280e-01 1.176380276680e+00 2.833064198494e-01 2.391906529665e-01 1.119192540646e-01 6.419589370489e-02 1.261213719845e-01 1.467986851931e-01 2.011320292950e-01 1.833915561438e-01 1.389288753271e-01 2.048508226871e-01 3.407075703144e-01 3.004251718521e-01 3.002276420593e-01 1.916961967945e-01 2.516230344772e-01 2.624984085560e-01 2.288625836372e-01 1.399556696415e-01 1.158912107348e-01 1.108324974775e-01 9.678503870964e-02 8.273439854383e-02 8.385747671127e-02 8.133873343468e-02 5.384808033705e-02 4.431248456240e-02 4.566686227918e-02 4.964360594749e-02
1.750163361430e-02 2.796500362456e-02 1.838931441307e-02 2.065030112863e-02 2.098635211587e-02 2.469958737493e-02 2.284158580005e-02 2.158554270864e-02 1.996556483209e-02 1.507514156401e-02 1.051687914878e-02 8.938665501773e-03 1.493218820542e-02 4.319794476032e-01 6.563798785210e-01 7.288072705269e-01 1.952019929886e-01 2.148669511080e-01 1.924002468586e-01 7.503559440374e-02 8.118450641632e-02 1.528754532337e-01 4.185037016869e-01 3.874680399895e-01 5.052519440651e-01 5.085497498512e-01 4.768269360065e-01 4.507002234459e-01 4.275841414928e-01 4.083137512207e-01 4.349069595337e-01 5.329226851463e-01 4.556134641171e-01 1.867092102766e-01 7.623977959156e-02 8.957678824663e-02 9.805961698294e-02 6.774122267962e-02 6.674882769585e-02 4.720719903708e-02 4.652096331120e-02 3.459684550762e-02 3.891827166080e-02
