100/SI/f111.grd
DSAA
101	101
32.816463539100	34.260883539100
35.556306596100	36.727886596100
8.337657782249e-04	2.942976951599e+01
[rows 57 to 75 of 101, columns 43 to 85 of 101]
4.331197738647e-01 4.065168797970e-01 2.625796198845e-01 2.163743674755e-01 2.117951065302e-01 3.026787042618e-01 3.145095407963e-01 4.101619422436e-01 3.185519576073e-01 2.214924991131e-01 1.707102805376e-01 1.388607472181e-01 1.095876917243e-01 1.786272078753e-01 4.327982962132e-01 1.283732652664e+00 3.831176042557e+00 3.649551391602e+00 3.037125110626e+00 1.881484150887e+00 7.375026941299e-01 5.590625405312e-01 9.718303680420e-01 1.922201037407e+00 7.771493196487e-01 2.986741364002e-01 3.275256752968e-01 2.606180906296e-01 3.102422058582e-01 3.099994659424e-01 2.768891453743e-01 2.063407897949e-01 2.308944612741e-01 3.277320563793e-01 2.036046236753e-01 1.060027033091e-01 1.241386458278e-01 1.916177719831e-01 2.392353415489e-01 1.741739064455e-01 7.402461767197e-02 5.115512758493e-02 4.770781099796e-02
5.532746315002e-01 5.408056378365e-01 3.002173602581e-01 1.664540618658e-01 1.638268977404e-01 2.459296733141e-01 3.209655880928e-01 1.050577878952e+00 7.950127124786e-01 2.768915295601e-01 1.721689105034e-01 1.037779152393e-01 8.718588948250e-02 8.767033368349e-02 1.006401181221e-01 9.639012217522e-01 1.367467045784e+00 1.669224143028e+00 1.448099374771e+00 1.127754330635e+00 6.797219514847e-01 5.138376355171e-01 3.955044150352e-01 3.630530834198e-01 5.056594610214e-01 1.144292712212e+00 3.552219867706e-01 3.618128299713e-01 3.968220949173e-01 2.122952789068e-01 2.812497019768e-01 2.166075557470e-01 1.856509596109e-01 1.529141664505e-01 1.344202160835e-01 1.195610985160e-01 9.587644785643e-02 9.506576508284e-02 1.046834811568e-01 1.147631034255e-01 8.283616602421e-02 5.387413501740e-02 5.134505033493e-02
5.288216471672e-01 5.512469410896e-01 3.283588290215e-01 1.577886193991e-01 1.843730807304e-01 2.698644101620e-01 4.331986010075e-01 1.320449352264e+00 1.114605545998e+00 3.304831087589e-01 1.760161370039e-01 1.019355282187e-01 6.538268178701e-02 6.047996133566e-02 7.334630936384e-02 7.257119566202e-02 1.024641916156e-01 1.394747048616e-01 1.701397448778e-01 2.287082672119e-01 2.606996595860e-01 2.370326817036e-01 2.080882191658e-01 2.096603959799e-01 4.995924830437e-01 2.301522016525e+00 1.079395651817e+00 4.558520913124e-01 4.421810209751e-01 4.427125155926e-01 2.841845154762e-01 1.914016753435e-01 1.699033975601e-01 1.534466445446e-01 1.885824650526e-01 9.051999449730e-02 9.023234248161e-02 8.108011633158e-02 1.017701998353e-01 8.546456694603e-02 9.339557588100e-02 8.052160590887e-02 5.677874013782e-02
4.219491183758e-01 4.445326030254e-01 2.672059834003e-01 1.860462129116e-01 3.474747240543e-01 3.568391799927e-01 9.846369028091e-01 5.565093159676e-01 1.559207558632e+00 2.565550506115e-01 1.532474160194e-01 9.611557424068e-02 5.622133985162e-02 4.601944610476e-02 7.524961978197e-02 9.168266505003e-02 5.210593342781e-02 7.756253331900e-02 1.057818457484e-01 1.103335246444e-01 1.473172605038e-01 2.245292067528e-01 1.555316895247e-01 1.459639370441e-01 4.226692914963e-01 8.175353407860e-01 3.512893676758e+00 3.650686144829e-01 3.937789797783e-01 4.210203289986e-01 3.579490184784e-01 2.701217532158e-01 1.410583257675e-01 1.375429183245e-01 1.407806873322e-01 1.428058594465e-01 1.022864431143e-01 8.433098345995e-02 7.899893075228e-02 7.814322412014e-02 9.568469226360e-02 1.367296427488e-01 1.185631677508e-01
3.152623772621e-01 2.947823107243e-01 1.531476080418e-01 1.616674959660e-01 1.992387920618e-01 2.319239974022e-01 4.215091466904e-01 7.911962866783e-01 6.092548966408e-01 1.660743504763e-01 1.112269908190e-01 8.128216117620e-02 5.113723501563e-02 3.837377950549e-02 3.452539816499e-02 9.236154705286e-02 9.706985205412e-02 7.487188279629e-02 9.218960255384e-02 1.017649695277e-01 8.415873348713e-02 1.407721638680e-01 1.011760085821e-01 1.138372644782e-01 1.869663745165e-01 8.707591295242e-01 2.171514511108e+00 2.720642387867e-01 3.436445891857e-01 2.010802775621e-01 1.704679578543e-01 2.791127860546e-01 1.266877949238e-01 1.328745484352e-01 1.255746483803e-01 1.302482038736e-01 1.391040086746e-01 2.772522568703e-01 1.889016926289e-01 9.111858904362e-02 8.798979222775e-02 1.030180826783e-01 1.412975490093e-01
2.430448681116e-01 1.766394674778e-01 1.088616847992e-01 1.961777955294e-01 3.717412948608e-01 2.532994449139e-01 3.802534043789e-01 2.250962853432e-01 7.219081372023e-02 1.006933823228e-01 7.917065173388e-02 6.215360760689e-02 4.717822000384e-02 3.644898533821e-02 4.036797955632e-02 5.011443048716e-02 1.006712168455e-01 9.975918382406e-02 1.207179129124e-01 1.005087867379e-01 9.014524519444e-02 7.783809304237e-02 7.696032524109e-02 1.135129183531e-01 1.748527735472e-01 4.266467690468e-01 6.754807233810e-01 8.986063003540e-01 5.309860110283e-01 2.325159907341e-01 2.112573236227e-01 1.255588382483e-01 1.923481225967e-01 1.058081910014e-01 1.135063916445e-01 1.254126578569e-01 1.967123746872e-01 7.193099856377e-01 1.000421643257e-01 1.051034107804e-01 1.076718121767e-01 1.106323972344e-01 1.160501912236e-01
1.869346946478e-01 1.016492992640e-01 9.340470284224e-02 1.261162608862e-01 1.641540080309e-01 2.933657467365e-01 2.029359340668e-01 1.262197047472e-01 8.804637938738e-02 7.733043283224e-02 6.573815643787e-02 5.575430020690e-02 4.511563107371e-02 4.446934536099e-02 4.958488419652e-02 6.102257221937e-02 8.967808634043e-02 1.137270480394e-01 1.303071081638e-01 1.073888689280e-01 8.676496148109e-02 7.726333290339e-02 8.196467161179e-02 9.137266874313e-02 2.426053881645e-01 4.697760045528e-01 3.000380694866e-01 6.973697543144e-01 6.246095895767e-01 3.451550304890e-01 4.941712021828e-01 1.733346283436e-01 1.390327960253e-01 2.019555270672e-01 8.091333508492e-02 7.439727336168e-02 1.370556503534e-01 1.489770263433e-01 1.224391460419e-01 7.739110291004e-02 7.916507869959e-02 9.040254354477e-02 1.121225282550e-01
1.535262018442e-01 7.504545897245e-02 7.666513323784e-02 9.264275431633e-02 1.140758544207e-01 1.234891116619e-01 9.582477807999e-02 7.853638380766e-02 6.382890790701e-02 6.543926894665e-02 5.791916325688e-02 5.750197544694e-02 5.723350867629e-02 5.181851238012e-02 5.692904070020e-02 7.100522518158e-02 1.032195314765e-01 1.185239180923e-01 1.198926419020e-01 9.588517248631e-02 7.560370117426e-02 7.504408061504e-02 8.041372150183e-02 8.484881371260e-02 1.777129024267e-01 1.236875504255e-01 2.062103897333e-01 2.598559856415e-01 7.365899682045e-01 1.216562867165e+00 1.589809656143e-01 1.994893848896e-01 2.191217392683e-01 4.537169635296e-01 1.612618565559e-01 1.010437831283e-01 2.483983337879e-01 4.139866530895e-01 4.708392918110e-01 3.261848092079e-01 9.359578788280e-02 7.331292033195e-01 9.257116317749e-01
9.935497492552e-02 5.112580955029e-02 6.206987425685e-02 7.199068367481e-02 7.702507823706e-02 7.526887208223e-02 6.602947413921e-02 5.695162340999e-02 5.919673666358e-02 6.485550850630e-02 6.852995604277e-02 6.555374711752e-02 5.854751169682e-02 5.064940452576e-02 5.549567192793e-02 6.909895688295e-02 9.502817690372e-02 9.803641587496e-02 8.934954553843e-02 8.276952803135e-02 7.574415951967e-02 7.172002643347e-02 8.602957427502e-02 9.181272983551e-02 8.029307425022e-02 1.028848588467e-01 1.312819719315e-01 2.028581500053e-01 4.522117972374e-01 6.244401335716e-01 8.745580911636e-01 2.130744457245e-01 1.704244166613e-01 7.435192465782e-01 1.966515332460e-01 1.107077971101e-01 3.903858065605e-01 8.416883349419e-01 9.909144043922e-01 6.112279295921e-01 6.329886317253e-01 1.124698281288e+00 1.315585970879e+00
5.227188393474e-02 4.619028046727e-02 5.180854350328e-02 5.157262086868e-02 5.792442336679e-02 6.045861169696e-02 5.628798902035e-02 6.115369498730e-02 7.517441362143e-02 8.018353581429e-02 7.505707442760e-02 6.339427828789e-02 5.041730403900e-02 4.243838414550e-02 4.720735922456e-02 5.907554179430e-02 7.599710673094e-02 6.973449140787e-02 7.074339687824e-02 9.479831159115e-02 6.838272511959e-02 6.440992653370e-02 7.975336164236e-02 1.004564613104e-01 1.076237484813e-01 1.615528911352e-01 2.017322182655e-01 2.018249779940e-01 3.188000917435e-01 3.830652832985e-01 1.259604930878e+00 2.651570737362e-01 1.710550189018e-01 1.011839985847e+00 1.741596460342e-01 1.485058963299e-01 8.795098215342e-02 9.155263751745e-02 1.378733813763e-01 7.138250023127e-02 2.591745555401e-01 6.205036863685e-02 7.415571063757e-02
3.766398876905e-02 4.316452518106e-02 4.523788392544e-02 4.405939206481e-02 4.933436959982e-02 5.083404108882e-02 5.253544449806e-02 5.943324044347e-02 6.892940402031e-02 6.756966561079e-02 5.546112731099e-02 4.578790068626e-02 3.910552710295e-02 3.973188251257e-02 4.070478305221e-02 3.503165394068e-02 3.939680755138e-02 4.284400492907e-02 5.757870152593e-02 6.536731868982e-02 8.578442037106e-02 6.015980243683e-02 6.126796454191e-02 6.388252973557e-02 7.488333433867e-02 1.884618401527e-01 3.125340044498e-01 2.233739495277e-01 2.624272704124e-01 2.640540897846e-01 1.253383278847e+00 3.784174025059e-01 6.370291113853e-01 5.651913881302e-01 1.036178171635e-01 1.423250138760e-01 1.319954991341e-01 1.191926002502e-01 1.215412914753e-01 1.032084077597e-01 1.891127824783e-01 5.633939057589e-02 5.098303407431e-02
3.724118322134e-02 4.102290794253e-02 4.073820263147e-02 3.973866626620e-02 4.246345907450e-02 4.954671114683e-02 5.674036592245e-02 4.252409189939e-02 4.621922224760e-02 4.303079470992e-02 4.634707048535e-02 4.482724890113e-02 4.327910393476e-02 4.220928996801e-02 4.077435657382e-02 5.025323480368e-02 4.564664512873e-02 4.253355041146e-02 4.640109091997e-02 6.700144708157e-02 4.846582934260e-02 6.886970996857e-02 5.254866182804e-02 6.686210632324e-02 7.706943154335e-02 9.444760531187e-02 2.001526355743e-01 2.711169421673e-01 2.293753027916e-01 2.812642157078e-01 6.145560145378e-01 3.502498865128e-01 4.024474322796e-01 3.752267360687e-01 4.139030277729e-01 7.210440933704e-02 1.125740632415e-01 1.389476954937e-01 8.273965120316e-02 1.108152866364e-01 1.001225560904e-01 7.959949970245e-02 5.819644406438e-02
3.579920902848e-02 3.849169611931e-02 3.690550848842e-02 3.592991828918e-02 4.686840996146e-02 6.597132980824e-02 3.668261691928e-02 3.825406730175e-02 4.871440678835e-02 5.233945325017e-02 4.779560491443e-02 4.744423925877e-02 4.740005731583e-02 4.362053796649e-02 4.800950735807e-02 6.202061474323e-02 5.615011602640e-02 2.653029002249e-02 2.903910167515e-02 6.021766737103e-02 5.355387181044e-02 5.173440650105e-02 5.571442097425e-02 6.847775727510e-02 8.008542656898e-02 1.064863726497e-01 1.536365747452e-01 2.328312993050e-01 2.008204907179e-01 2.090945988894e-01 2.524411082268e-01 3.575341105461e-01 4.213640391827e-01 1.087184667587e+00 4.637808203697e-01 2.360688447952e-01 1.190467700362e-01 1.677057743073e-01 6.698060780764e-02 4.170778393745e-02 4.003474116325e-02 6.707878410816e-02 3.551881387830e-02
3.199698403478e-02 3.431788831949e-02 3.283905982971e-02 3.804155439138e-02 6.853921711445e-02 3.458086773753e-02 3.207825124264e-02 4.461205378175e-02 5.493183434010e-02 5.626754835248e-02 7.353685051203e-02 6.922934204340e-02 5.845113471150e-02 6.306700408459e-02 9.279238432646e-02 1.074260994792e-01 6.989791244268e-02 7.206530123949e-02 6.473511457443e-02 6.185757368803e-02 6.184120848775e-02 6.410703063011e-02 5.465992540121e-02 6.627121567726e-02 8.296049386263e-02 1.092309877276e-01 1.423571705818e-01 1.892744451761e-01 2.071852833033e-01 2.655150592327e-01 2.912054359913e-01 3.390894234180e-01 3.355486690998e-01 1.127408385277e+00 2.930465042591e-01 1.646143794060e-01 7.631909102201e-02 6.146688014269e-02 4.017585515976e-02 2.771029062569e-02 2.638014033437e-02 3.571283444762e-02 4.161769896746e-02
2.746392972767e-02 2.908615581691e-02 3.212383016944e-02 6.360924988985e-02 4.491474479437e-02 3.705607727170e-02 4.197361320257e-02 4.130021482706e-02 4.812084510922e-02 7.576062530279e-02 9.245001524687e-02 8.657564222813e-02 7.761403173208e-02 8.666440099478e-02 9.310572594404e-02 2.205957025290e-01 2.375481426716e-01 2.987934947014e-01 3.000675439835e-01 3.213798999786e-01 1.258984059095e-01 6.747493147850e-02 9.341359883547e-02 1.063550487161e-01 1.193330138922e-01 1.732722967863e-01 4.595548808575e-01 4.294499456882e-01 3.819120824337e-01 2.857877016068e-01 2.547399103642e-01 2.334413975477e-01 4.138837158680e-01 1.886082291603e-01 1.175421178341e-01 8.461599051952e-02 4.272950068116e-02 5.282335355878e-02 1.621823161840e-01 7.404739409685e-02 1.631993986666e-02 1.913220994174e-02 1.986497081816e-02
2.542690373957e-02 2.743747085333e-02 6.095867604017e-02 5.198673531413e-02 3.063352964818e-02 3.136805444956e-02 3.899175301194e-02 4.020499065518e-02 6.522693485022e-02 8.567427843809e-02 8.143205195665e-02 8.145822584629e-02 1.013287976384e-01 1.167551055551e-01 1.089341565967e-01 4.464603960514e-01 2.780528962612e-01 3.878972828388e-01 5.865651965141e-01 7.226856946945e-01 5.364301800728e-01 1.430378705263e-01 1.633652150631e-01 2.771095633507e-01 1.944215297699e-01 3.688137233257e-01 4.202348589897e-01 4.265401959419e-01 3.494474589825e-01 3.243119716644e-01 3.288876414299e-01 3.114347457886e-01 1.880069524050e-01 1.461887806654e-01 1.582776457071e-01 2.371867597103e-01 2.428255230188e-01 1.050682514906e-01 1.119777038693e-01 5.070069432259e-02 2.058852463961e-02 1.968709006906e-02 8.664890378714e-02
2.833181247115e-02 6.119356304407e-02 5.602066591382e-02 3.975301608443e-02 3.566578403115e-02 3.221966698766e-02 4.453485831618e-02 5.967714264989e-02 6.212027370930e-02 6.079493090510e-02 6.987431645393e-02 8.802670240402e-02 1.138778552413e-01 1.634527146816e-01 1.160541057587e+00 1.485161900520e+00 8.779842257500e-01 7.768959403038e-01 1.191084742546e+00 7.570956349373e-01 3.013278245926e-01 1.801057308912e-01 4.492376744747e-01 3.749648630619e-01 7.712044119835e-01 4.099287986755e-01 3.329631090164e-01 3.297047019005e-01 3.070621192455e-01 2.626326978207e-01 6.267254352570e-01 2.613907754421e-01 1.496686339378e-01 1.330289095640e-01 1.462612301111e-01 9.492962807417e-02 1.028698086739e-01 6.051582470536e-02 6.546007096767e-02 7.217628508806e-02 2.215899899602e-02 2.182833477855e-02 2.103147841990e-02
6.109605357051e-02 6.883084774017e-02 5.706139653921e-02 4.222879558802e-02 2.582368254662e-02 6.656203418970e-02 6.544339656830e-02 6.970435380936e-02 1.109941750765e-01 6.672007590532e-02 3.740269318223e-02 5.636401474476e-02 7.029929012060e-02 2.469305247068e-01 1.284558296204e+00 8.536334633827e-01 4.606449007988e-01 2.897159457207e-01 9.132841229439e-02 8.869626373053e-02 1.559876948595e-01 6.777980923653e-02 9.285081923008e-02 1.331358850002e-01 1.068361639977e+00 5.440500378609e-01 1.553550660610e-01 2.703951597214e-01 1.704467386007e-01 1.873811483383e-01 2.740462422371e-01 1.399300396442e-01 9.840577840805e-02 8.058553189039e-02 1.040752083063e-01 1.381914466619e-01 8.742596209049e-02 3.742964565754e-02 4.392693564296e-02 5.458050593734e-02 7.317862659693e-02 3.395769745111e-02 8.374111354351e-02
7.431160658598e-02 7.523826509714e-02 8.633389323950e-02 6.899398565292e-02 2.468111179769e-02 8.003015816212e-02 3.018181324005e-01 5.071856081486e-02 1.643688529730e-01 1.074152067304e-01 7.532058656216e-02 1.477772742510e-01 2.315791398287e-01 7.396017313004e-01 4.169082343578e-01 1.689659208059e-01 4.099226295948e-01 5.375074744225e-01 1.412123590708e-01 4.262311458588e-01 4.307413399220e-01 8.948367089033e-02 6.713593751192e-02 3.344421386719e-01 4.159202575684e-01 2.310919463634e-01 1.384489238262e-01 8.544774353504e-02 7.150653749704e-02 6.293140351772e-02 5.674402043223e-02 6.132736057043e-02 8.063235133886e-02 9.142551571131e-02 7.903675734997e-02 9.191841632128e-02 1.251030117273e-01 9.100160002708e-02 5.837555974722e-02 6.310061365366e-02 6.406909972429e-02 7.762356102467e-02 8.787813037634e-02
