100/SI/f111.grd
DSAA
101	101
32.816463539100	34.260883539100
35.556306596100	36.727886596100
8.337657782249e-04	2.942976951599e+01
[rows 57 to 75 of 101, columns 0 to 42 of 101]
1.384819857776e-02 2.436396852136e-02 3.231521323323e-02 3.579698875546e-02 3.021129779518e-02 4.066576063633e-02 4.593922197819e-02 5.090932548046e-02 5.608490109444e-02 6.023781374097e-02 6.131387129426e-02 6.006284430623e-02 6.135788559914e-02 6.152039766312e-02 7.335952669382e-02 1.084714978933e-01 6.421209126711e-02 5.327773839235e-02 5.657886713743e-02 9.387601912022e-02 1.180592849851e-01 2.003223448992e-01 1.469952464104e-01 9.586451202631e-02 8.168327808380e-02 7.586986571550e-02 1.174364835024e-01 2.243995964527e-01 2.326722592115e-01 1.356280297041e-01 1.090853810310e-01 6.798640638590e-02 5.472157523036e-02 6.351526081562e-02 7.537806779146e-02 9.722287207842e-02 1.125939711928e-01 1.194371357560e-01 1.449083536863e-01 2.169465422630e-01 2.920056879520e-01 3.516789972782e-01 3.881489932537e-01
1.767656579614e-02 3.932951390743e-02 5.157975852489e-02 3.164697065949e-02 2.904030680656e-02 2.597574330866e-02 2.742245234549e-02 3.228865936399e-02 3.597937151790e-02 3.787108138204e-02 9.469766169786e-02 1.124101504683e-01 4.259367659688e-02 2.534078434110e-02 3.588166460395e-02 7.051908969879e-02 4.492773115635e-02 3.856902569532e-02 4.522453621030e-02 8.450559526682e-02 1.302814036608e-01 1.628899127245e-01 1.172819361091e-01 6.820438057184e-02 5.124532058835e-02 6.871471554041e-02 1.105394139886e-01 2.847028672695e-01 2.394743859768e-01 1.489145755768e-01 1.098067611456e-01 9.474465996027e-02 5.672323331237e-02 6.329037994146e-02 6.867830455303e-02 7.617467641830e-02 8.319131284952e-02 8.853194862604e-02 1.245533898473e-01 2.904179394245e-01 3.941024541855e-01 4.526658952236e-01 4.971048831940e-01
1.286740042269e-02 3.610309958458e-02 4.766795411706e-02 3.089859150350e-02 3.800244256854e-02 4.909269511700e-02 6.545950472355e-02 9.683690965176e-02 1.811336278915e-01 2.620810270309e-01 7.393154501915e-02 4.675991088152e-02 2.507588639855e-02 2.532407268882e-02 3.203009068966e-02 3.370000049472e-02 3.870449587703e-02 3.750881925225e-02 4.893780499697e-02 7.572068274021e-02 1.247894540429e-01 1.407992243767e-01 1.009490191936e-01 5.978948995471e-02 8.607017807662e-03 4.810765758157e-02 8.493994921446e-02 2.233884781599e-01 1.986615359783e-01 1.229012459517e-01 9.492884576321e-02 5.157649889588e-02 5.388833209872e-02 5.696838721633e-02 6.709593534470e-02 7.072550058365e-02 7.124575972557e-02 7.142211496830e-02 1.283958256245e-01 3.208426535130e-01 4.152768254280e-01 4.226551353931e-01 4.619993567467e-01
1.418530568480e-02 2.500463277102e-02 6.307533383369e-02 5.232777446508e-02 6.034824624658e-02 8.117239922285e-02 1.199871897697e-01 1.827576458454e-01 1.881286799908e-01 8.890701085329e-02 2.763497456908e-02 2.171796187758e-02 2.716153115034e-02 3.497488051653e-02 3.986994549632e-02 3.451761603355e-02 4.109731316566e-02 3.895634412766e-02 7.265829294920e-02 9.673118591309e-02 9.030331671238e-02 1.001190096140e-01 7.513322681189e-02 2.161531336606e-02 6.834493950009e-03 4.210151731968e-02 5.662338063121e-02 9.785354882479e-02 9.225369244814e-02 5.336015298963e-02 4.950529709458e-02 4.767260327935e-02 5.292677506804e-02 5.350765213370e-02 6.436377018690e-02 6.716977804899e-02 6.324114650488e-02 6.199717149138e-02 1.255247741938e-01 3.160597383976e-01 3.820732831955e-01 3.368988633156e-01 3.648409545422e-01
6.647213362157e-03 1.130825933069e-02 3.020793199539e-02 3.730304911733e-02 4.052871838212e-02 2.074389159679e-02 2.005423419178e-02 1.967062614858e-02 1.925484463573e-02 1.867216266692e-02 1.783065870404e-02 2.212375588715e-02 2.925278432667e-02 3.743111714721e-02 4.185605794191e-02 4.335571080446e-02 4.131999984384e-02 3.641555085778e-02 5.915692076087e-02 8.198289573193e-02 9.424374252558e-02 1.152178924531e-02 4.781652241945e-03 3.202745318413e-02 2.881794981658e-02 3.112452663481e-02 3.659584000707e-02 4.253332689404e-02 4.680455103517e-02 4.729762300849e-02 4.581278935075e-02 4.415303096175e-02 4.602271318436e-02 5.580996721983e-02 6.684602797031e-02 6.599070131779e-02 5.772222951055e-02 5.635029822588e-02 1.200489327312e-01 2.783191502094e-01 3.187656700611e-01 2.552978992462e-01 2.843832969666e-01
5.988736171275e-03 1.013742759824e-02 1.391011755913e-02 1.968774572015e-02 2.869922854006e-02 3.470417484641e-02 1.890654675663e-02 1.875487528741e-02 1.842332258821e-02 1.790427230299e-02 1.173120830208e-02 1.638305000961e-02 1.832335442305e-02 2.424283511937e-02 2.832873724401e-02 2.959306165576e-02 2.670900896192e-02 2.365732751787e-02 3.497259691358e-02 4.245187342167e-02 2.841484174132e-02 2.608530782163e-02 1.746159791946e-02 2.172089554369e-02 2.552941627800e-02 2.698387764394e-02 2.890493720770e-02 3.501536324620e-02 3.956007957458e-02 4.153660684824e-02 4.172097146511e-02 4.157341644168e-02 4.571872204542e-02 6.139235571027e-02 7.171380519867e-02 6.601389497519e-02 5.592646449804e-02 5.806197971106e-02 1.026262864470e-01 2.074788659811e-01 2.354660779238e-01 1.985249966383e-01 2.425462007523e-01
6.059767212719e-03 1.011119410396e-02 1.353245414793e-02 1.575423218310e-02 1.697569712996e-02 2.019302546978e-02 1.802495121956e-02 1.792579703033e-02 1.750788651407e-02 4.242119379342e-03 4.520972259343e-03 8.945609442890e-03 6.044707261026e-03 1.459639519453e-02 1.439011748880e-02 1.426023431122e-02 1.512480713427e-02 1.712390407920e-02 1.874428801239e-02 2.189438790083e-02 2.302540838718e-02 2.149191498756e-02 1.010294631124e-02 5.520560313016e-03 4.742482677102e-02 2.961625531316e-02 2.975526452065e-02 2.921748161316e-02 3.173522651196e-02 3.494762256742e-02 3.708509355783e-02 3.875960409641e-02 4.627056419849e-02 6.466838717461e-02 7.181958109140e-02 6.110799312592e-02 5.635537952185e-02 5.802601575851e-02 8.492837846279e-02 1.392951905727e-01 1.604267805815e-01 1.545139700174e-01 2.113797366619e-01
6.264760624617e-03 1.023038104177e-02 1.330572459847e-02 1.498775836080e-02 1.243518386036e-02 3.386941738427e-03 1.640987768769e-02 1.667038165033e-02 1.497421320528e-02 4.306705668569e-03 6.945021916181e-03 7.764056324959e-03 6.515346467495e-03 7.039960008115e-03 1.321160607040e-02 1.367982849479e-02 1.489168591797e-02 1.632664538920e-02 1.736170984805e-02 1.810760423541e-02 2.217593789101e-02 2.137685194612e-02 8.264160715044e-03 5.837969947606e-03 4.067632183433e-02 2.434534393251e-02 3.167270869017e-02 3.106344677508e-02 3.093263320625e-02 3.194890171289e-02 2.300097234547e-02 3.902814164758e-02 4.590700939298e-02 6.309115141630e-02 6.546905636787e-02 5.234274268150e-02 5.424398183823e-02 5.820223316550e-02 8.891887962818e-02 9.793296456337e-02 1.040348634124e-01 1.108731701970e-01 1.780040562153e-01
6.163408514112e-03 9.874205105007e-03 1.255633682013e-02 1.383636333048e-02 6.279754452407e-03 2.070487011224e-03 5.831510294229e-03 1.497996412218e-02 1.626169122756e-02 4.525920376182e-03 2.529131434858e-02 2.594957686961e-02 1.248480007052e-02 9.073993191123e-03 1.368549186736e-02 1.433421578258e-02 1.511674467474e-02 1.581821031868e-02 1.638687215745e-02 1.501890551299e-02 2.029554732144e-02 2.099639549851e-02 9.836089797318e-03 6.891603115946e-03 1.637734659016e-02 4.633377306163e-03 3.046929277480e-02 2.969405800104e-02 2.898324839771e-02 2.930864505470e-02 3.147345781326e-02 3.616630658507e-02 4.298068955541e-02 5.650310590863e-02 5.523152276874e-02 4.470859467983e-02 4.963051155210e-02 5.809085816145e-02 7.930943369865e-02 8.471783250570e-02 8.528354018927e-02 5.640440434217e-02 1.198260560632e-01
5.754102487117e-03 9.132272563875e-03 1.148255355656e-02 1.255433540791e-02 1.303329225630e-02 1.340918242931e-02 1.352938264608e-02 1.376762520522e-02 1.819164305925e-02 2.562285214663e-02 2.438764274120e-02 2.435300312936e-02 2.619444392622e-02 1.363602839410e-02 1.415121555328e-02 1.466856151819e-02 1.507993135601e-02 1.522508542985e-02 1.548442896456e-02 1.645111851394e-02 1.776413433254e-02 2.018563635647e-02 1.906940899789e-02 1.329782325774e-02 2.162474021316e-02 2.237419597805e-02 2.721994183958e-02 2.630683407187e-02 2.496340684593e-02 2.481034770608e-02 2.863609232008e-02 3.228477388620e-02 1.012589223683e-02 3.365832194686e-02 4.494567587972e-02 4.118863865733e-02 5.064609274268e-02 5.754081532359e-02 7.182793319225e-02 7.432185858488e-02 3.823701664805e-02 2.564075589180e-02 6.533579528332e-02
5.285133607686e-03 8.370212279260e-03 1.050383690745e-02 1.151596289128e-02 1.196632348001e-02 1.220329292119e-02 1.220575440675e-02 2.165241539478e-02 2.398782037199e-02 2.285245805979e-02 1.188472565264e-02 1.207060646266e-02 1.974858157337e-02 1.341256871819e-02 1.393097173423e-02 1.160771213472e-02 1.444120239466e-02 1.481545250863e-02 1.509516406804e-02 1.514200959355e-02 1.537859812379e-02 1.851249672472e-02 1.884366385639e-02 1.725525408983e-02 2.065511420369e-02 2.311352640390e-02 2.379322610795e-02 2.285572327673e-02 2.111360803246e-02 2.475763857365e-02 2.840517833829e-02 3.057807497680e-02 1.184505224228e-02 3.069855459034e-02 3.551262617111e-02 3.721678629518e-02 4.380057007074e-02 4.877898097038e-02 5.124099552631e-02 5.286828428507e-02 2.046263776720e-02 4.172925278544e-02 5.026210099459e-02
4.888925235718e-03 7.752337027341e-03 9.764892049134e-03 1.076767779887e-02 1.117049157619e-02 1.126387063414e-02 1.972708664834e-02 2.221171930432e-02 2.233556099236e-02 1.273519266397e-02 1.142245531082e-02 1.144265476614e-02 1.180701982230e-02 1.245258376002e-02 1.340450067073e-02 9.741024114192e-03 1.105724275112e-02 1.533177308738e-02 1.665358245373e-02 1.615589484572e-02 1.480856444687e-02 1.593012362719e-02 1.711021922529e-02 1.630298793316e-02 1.844203844666e-02 2.035557106137e-02 2.088694833219e-02 1.998888701200e-02 2.106759510934e-02 2.500970289111e-02 2.763174287975e-02 2.931117080152e-02 2.652445808053e-02 2.927602082491e-02 2.816842496395e-02 3.210158646107e-02 3.485882654786e-02 3.518995270133e-02 3.435762226582e-02 3.426278755069e-02 3.086726181209e-02 3.536354750395e-02 4.361474514008e-02
4.600481130183e-03 7.312186993659e-03 9.242669679224e-03 1.019259635359e-02 6.120479200035e-03 1.049091387540e-02 1.040131971240e-02 1.977897621691e-02 1.314741838723e-02 1.082837022841e-02 1.094959117472e-02 1.090169232339e-02 1.066382601857e-02 9.010475128889e-03 1.237514521927e-02 1.033836416900e-02 1.146547030658e-02 1.291252579540e-02 1.757910475135e-02 1.792604476213e-02 1.734134741127e-02 1.619500480592e-02 9.699865244329e-03 1.599755324423e-02 1.665294170380e-02 1.807620003819e-02 1.842498779297e-02 1.759053580463e-02 2.130063809454e-02 2.440441958606e-02 2.650043554604e-02 2.807421796024e-02 2.230628952384e-02 2.262254431844e-02 1.678300835192e-02 1.012976933271e-02 3.328816592693e-02 3.417650982738e-02 3.305064141750e-02 2.990755811334e-02 2.546580135822e-02 2.197938598692e-02 1.942121051252e-02
4.479479510337e-03 7.104919757694e-03 8.945986628532e-03 9.787614457309e-03 8.280714973807e-03 9.921161457896e-03 9.853142313659e-03 1.611709967256e-02 1.463457383215e-02 1.039860118181e-02 1.063740812242e-02 1.104916911572e-02 1.136885117739e-02 8.394421078265e-03 9.648063220084e-03 1.050987560302e-02 1.159688923508e-02 1.636051014066e-02 1.814555563033e-02 1.920029707253e-02 1.928270608187e-02 8.638722822070e-03 1.041594520211e-02 1.678157225251e-02 1.623214222491e-02 1.604837924242e-02 1.619994640350e-02 1.783353649080e-02 2.097797952592e-02 2.350190281868e-02 2.544421330094e-02 2.720553986728e-02 1.185153890401e-02 2.151923999190e-02 1.625908724964e-02 2.274139784276e-02 3.346075490117e-02 3.503517061472e-02 3.358452767134e-02 2.943730168045e-02 2.742253802717e-02 1.247660350055e-02 7.438121829182e-03
1.302718534134e-03 6.740885786712e-03 8.907217532396e-03 9.647877886891e-03 9.758814238012e-03 9.647013619542e-03 1.051229611039e-02 1.234776247293e-02 1.093001849949e-02 1.328046154231e-02 1.383430231363e-02 1.430867426097e-02 1.368120405823e-02 1.129112672061e-02 1.359709445387e-02 1.398945972323e-02 1.475955452770e-02 1.684864796698e-02 1.885491423309e-02 2.027695253491e-02 2.066853456199e-02 1.897836662829e-02 1.939476653934e-02 1.835538633168e-02 1.752351410687e-02 1.674904115498e-02 1.553720515221e-02 1.787491329014e-02 2.046506665647e-02 2.267915755510e-02 2.377915941179e-02 6.137919612229e-03 1.069996505976e-02 2.023035287857e-02 2.683401294053e-02 3.006598539650e-02 3.398872539401e-02 3.638812899590e-02 3.475053608418e-02 3.013139404356e-02 2.791735157371e-02 2.385348267853e-02 2.591623738408e-02
2.591254888102e-03 2.552609890699e-03 8.995567448437e-03 9.675081819296e-03 9.737183339894e-03 8.464878425002e-03 1.075477153063e-02 1.130802650005e-02 1.268030237406e-02 1.327128149569e-02 1.372163742781e-02 1.410906109959e-02 1.335036475211e-02 1.075865048915e-02 1.189403515309e-02 1.263322774321e-02 1.488462835550e-02 1.724088191986e-02 1.911667175591e-02 2.030750364065e-02 2.054154127836e-02 1.465389598161e-02 1.883576810360e-02 1.755488477647e-02 1.635837182403e-02 1.519425399601e-02 1.542962715030e-02 1.778578944504e-02 2.001661062241e-02 2.203281410038e-02 1.343217957765e-02 5.723723676056e-03 2.430438809097e-02 2.350233681500e-02 1.559011265635e-02 2.955180034041e-02 3.409040719271e-02 3.104836679995e-02 3.544045984745e-02 2.929982170463e-02 2.515675872564e-02 2.176653966308e-02 2.339726500213e-02
4.340432584286e-03 6.596424151212e-03 8.798108436167e-03 9.426375851035e-03 9.479139000177e-03 6.191903259605e-03 9.408583864570e-03 1.029764581472e-02 1.094827614725e-02 1.139243226498e-02 1.170652918518e-02 1.196321472526e-02 1.202976703644e-02 1.172522641718e-02 1.174146030098e-02 7.844232954085e-03 1.406789571047e-02 1.644783653319e-02 1.779982820153e-02 1.831928454340e-02 2.088063955307e-02 2.364248968661e-02 2.207530848682e-02 1.630566082895e-02 1.359816081822e-02 1.344972569495e-02 1.555010303855e-02 1.759272627532e-02 1.956574991345e-02 2.137832902372e-02 2.187484316528e-02 2.149836532772e-02 2.304175496101e-02 2.246268652380e-02 2.283801138401e-02 2.832733094692e-02 3.335781767964e-02 3.574150055647e-02 3.572588413954e-02 2.925463207066e-02 2.335058525205e-02 2.142002619803e-02 2.438254468143e-02
4.220405127853e-03 6.567952223122e-03 8.043034002185e-03 8.594799786806e-03 8.996084332466e-03 6.045120302588e-03 7.969545200467e-03 9.960937313735e-03 1.055566780269e-02 1.093910913914e-02 1.019955519587e-02 1.010423526168e-02 7.218266371638e-03 1.130949333310e-02 9.995944797993e-03 6.895913742483e-03 1.279101893306e-02 1.482930965722e-02 1.559866685420e-02 1.769226230681e-02 2.137928642333e-02 2.361327968538e-02 2.221726253629e-02 1.703039184213e-02 1.270897407085e-02 1.362693682313e-02 1.538973394781e-02 1.720941439271e-02 1.897100172937e-02 2.052730694413e-02 2.162822708488e-02 2.168311178684e-02 2.037455141544e-02 2.154219150543e-02 2.342012710869e-02 2.586771547794e-02 3.142478689551e-02 3.614370152354e-02 3.594265133142e-02 3.312307968736e-02 1.685785874724e-02 2.786575816572e-02 3.167971596122e-02
3.710326272994e-03 5.743034649640e-03 7.426185533404e-03 9.033770300448e-03 6.701020058244e-03 8.759959600866e-03 8.836542256176e-03 1.101551856846e-02 1.166062057018e-02 1.205007638782e-02 1.117673702538e-02 9.268213063478e-03 7.842105813324e-03 1.196358073503e-02 7.633679546416e-03 9.983670897782e-03 1.172127109021e-02 1.352900173515e-02 1.407725922763e-02 1.285844389349e-02 1.346346456558e-02 1.412015594542e-02 1.504823379219e-02 1.316514704376e-02 1.340838056058e-02 1.409381441772e-02 1.503957528621e-02 1.671621948481e-02 1.826572231948e-02 1.945000328124e-02 1.988936215639e-02 1.915875449777e-02 1.817840710282e-02 2.034755796194e-02 2.130633406341e-02 2.285251207650e-02 2.874498814344e-02 3.489589318633e-02 4.194437339902e-02 3.913603350520e-02 3.576165065169e-02 3.586580976844e-02 5.624033883214e-02
