100/SI/f111.grd
DSAA
101	101
32.816463539100	34.260883539100
35.556306596100	36.727886596100
8.337657782249e-04	2.942976951599e+01
[rows 38 to 56 of 101, columns 0 to 42 of 101]
2.228738181293e-02 3.971251472831e-02 4.081834480166e-02 4.220791906118e-02 4.720235988498e-02 5.131718888879e-02 6.642412394285e-02 7.586006820202e-02 8.343965560198e-02 7.639343291521e-02 7.755411416292e-02 8.503435552120e-02 8.652552217245e-02 8.138103038073e-02 8.165442943573e-02 1.042466908693e-01 1.375679224730e-01 1.618013530970e-01 1.266481876373e-01 1.621184647083e-01 1.962221860886e-01 2.015244215727e-01 1.549250036478e-01 1.144353970885e-01 1.724699139595e-01 1.530378907919e-01 1.272781640291e-01 1.271506696939e-01 1.193009912968e-01 1.473532617092e-01 1.718980073929e-01 2.015343159437e-01 2.404827475548e-01 2.880153357983e-01 2.722460925579e-01 1.573359370232e-01 1.813397705555e-01 1.966734081507e-01 2.460809201002e-01 3.064479529858e-01 3.653947412968e-01 3.540347218513e-01 2.903949022293e-01
2.533427067101e-02 4.512424394488e-02 4.283779859543e-02 4.281280562282e-02 5.043698847294e-02 6.135409697890e-02 8.061969280243e-02 1.015335395932e-01 1.133696883917e-01 1.063428148627e-01 7.769919186831e-02 5.650434270501e-02 6.709852814674e-02 7.700620591640e-02 8.315409719944e-02 8.400717377663e-02 7.779131829739e-02 9.644965827465e-02 1.035649031401e-01 1.553880423307e-01 1.700100898743e-01 1.543109118938e-01 1.531624048948e-01 1.340859979391e-01 1.219810098410e-01 1.344300806522e-01 1.139118373394e-01 9.762061387300e-02 1.317325383425e-01 1.345476359129e-01 1.107077151537e-01 1.166444346309e-01 1.553467214108e-01 1.840064078569e-01 2.670645415783e-01 2.418692857027e-01 1.471579372883e-01 2.521077394485e-01 3.064827919006e-01 3.434655070305e-01 3.314343094826e-01 4.232503771782e-01 3.647855222225e-01
2.239096723497e-02 4.149139299989e-02 4.535880684853e-02 4.532264918089e-02 5.882847309113e-02 7.255510240793e-02 8.817562460899e-02 1.161441430449e-01 1.260764151812e-01 1.257288306952e-01 8.607336878777e-02 5.277457833290e-02 5.520049110055e-02 5.523188039660e-02 5.497912317514e-02 6.521871685982e-02 7.363426685333e-02 7.051901519299e-02 1.090281605721e-01 1.999227404594e-01 2.378834336996e-01 2.078524231911e-01 2.127159237862e-01 2.152408510447e-01 1.779727637768e-01 1.241078972816e-01 9.196866303682e-02 8.425334841013e-02 1.022705212235e-01 1.053978055716e-01 1.285735070705e-01 1.412619650364e-01 1.652887463570e-01 1.904178410769e-01 1.642593592405e-01 1.993203014135e-01 2.010578662157e-01 1.918846666813e-01 3.800262212753e-01 3.742972314358e-01 2.784043848515e-01 4.191010594368e-01 5.664310455322e-01
3.068366646767e-02 6.625571846962e-02 7.703403383493e-02 7.923203706741e-02 7.152032852173e-02 6.806657463312e-02 7.168931514025e-02 7.979796081781e-02 8.002342283726e-02 7.580056786537e-02 5.166165530682e-02 4.020884633064e-02 4.205621033907e-02 4.895630106330e-02 5.579010397196e-02 6.091900542378e-02 6.317933648825e-02 7.201179862022e-02 8.098427951336e-02 9.401474893093e-02 1.425527334213e-01 1.935690194368e-01 1.772020459175e-01 1.675841957331e-01 2.089847624302e-01 2.493385970592e-01 2.793201506138e-01 2.721753120422e-01 2.838214039803e-01 3.099976181984e-01 3.433693647385e-01 3.145475685596e-01 3.718769252300e-01 4.236273467541e-01 3.274913430214e-01 2.025749981403e-01 3.676101863384e-01 2.668616175652e-01 2.211568951607e-01 4.569069743156e-01 2.798197269440e-01 4.506095349789e-01 5.135461688042e-01
3.652426227927e-02 7.411845028400e-02 8.322118967772e-02 5.970991775393e-02 6.341797858477e-02 8.022680133581e-02 8.369756489992e-02 8.654601871967e-02 6.829185783863e-02 4.429047182202e-02 4.448802769184e-02 4.402485117316e-02 4.336725920439e-02 4.716020077467e-02 5.329569429159e-02 5.848540738225e-02 6.170296669006e-02 7.070369273424e-02 1.003477498889e-01 1.104104965925e-01 9.481868892908e-02 1.595883518457e-01 2.038531750441e-01 2.117178887129e-01 1.757970303297e-01 1.574582308531e-01 2.098270058632e-01 3.191444277763e-01 4.306901693344e-01 3.948522508144e-01 3.515576422215e-01 2.790765762329e-01 2.844773232937e-01 5.376302003860e-01 3.852062821388e-01 4.861394464970e-01 3.299111425877e-01 5.011606216431e-01 4.418321549892e-01 3.771573901176e-01 6.102331280708e-01 6.128553152084e-01 4.132793247700e-01
7.305038720369e-02 1.418737024069e-01 1.061977669597e-01 8.362561464310e-02 7.187779992819e-02 5.107009410858e-02 6.950297206640e-02 8.507395535707e-02 8.439551293850e-02 7.665687799454e-02 6.493450701237e-02 4.696093872190e-02 5.121466517448e-02 6.532965600491e-02 7.288044691086e-02 6.746993213892e-02 6.023821234703e-02 8.082135766745e-02 9.451312571764e-02 1.164708286524e-01 1.144884601235e-01 1.053752005100e-01 1.185738220811e-01 8.546389639378e-02 8.658158034086e-02 7.378008216619e-02 7.883322238922e-02 1.104065254331e-01 1.296591013670e-01 1.322737187147e-01 1.158830076456e-01 1.968923062086e-01 2.841502428055e-01 4.856822490692e-01 3.316556215286e-01 3.081038296223e-01 2.671110630035e-01 3.916740119457e-01 3.234107196331e-01 5.253376364708e-01 5.836691856384e-01 6.636092066765e-01 6.844046711922e-01
1.205201223493e-01 6.085631847382e-01 2.449113130569e-01 4.998102784157e-01 1.331767290831e-01 1.016134545207e-01 1.295878589153e-01 1.134783476591e-01 8.125738799572e-02 6.379338353872e-02 6.750632077456e-02 6.700989603996e-02 5.200282484293e-02 5.016494169831e-02 5.880912393332e-02 6.790111958981e-02 7.529954612255e-02 7.421050965786e-02 1.545045971870e-01 1.481420248747e-01 1.034698113799e-01 1.121875941753e-01 1.015972271562e-01 7.736771553755e-02 1.117971688509e-01 7.088815420866e-02 8.684864640236e-02 1.123661398888e-01 1.322905421257e-01 1.020984128118e-01 1.404562443495e-01 1.261954456568e-01 1.757661998272e-01 3.334436118603e-01 4.458103477955e-01 2.940112054348e-01 3.008455932140e-01 4.083895981312e-01 4.054558575153e-01 4.383855760098e-01 5.021132230759e-01 6.204954981804e-01 6.843589544296e-01
1.336242854595e-01 8.601839095354e-02 1.240531802177e-01 1.463967859745e-01 1.504576057196e-01 1.684800386429e-01 1.789769679308e-01 1.553630083799e-01 1.390827149153e-01 1.322494149208e-01 1.185211092234e-01 1.037959456444e-01 1.075161918998e-01 9.142787754536e-02 7.862940430641e-02 7.465567439795e-02 5.997715890408e-02 6.415732949972e-02 1.156375169754e+00 1.088652610779e+00 8.692591637373e-02 1.394362002611e-01 8.677675575018e-02 8.227759599686e-02 1.080706343055e-01 1.264992058277e-01 1.197123005986e-01 1.253039389849e-01 1.279904842377e-01 1.319884359837e-01 2.023126631975e-01 1.619141697884e-01 1.629313826561e-01 2.036474943161e-01 2.690902948380e-01 3.015438616276e-01 4.615221917629e-01 4.002229273319e-01 4.431322813034e-01 4.280800521374e-01 5.136935114861e-01 5.576394200325e-01 5.157438516617e-01
7.490119934082e-01 1.664343237877e+00 1.338121443987e-01 1.542523056269e-01 1.635551601648e-01 1.603065878153e-01 1.460554748774e-01 1.294096857309e-01 1.142175421119e-01 1.006414741278e-01 1.142174303532e-01 1.081474870443e-01 8.187623322010e-02 5.410107970238e-02 5.807182937860e-02 1.367773115635e-01 2.238593697548e-01 2.508589923382e-01 5.560164451599e-01 6.987049579620e-01 1.356677114964e-01 1.488616019487e-01 1.299500167370e-01 1.131812706590e-01 1.024752184749e-01 1.021290868521e-01 2.030362933874e-01 1.938952207565e-01 1.478485763073e-01 1.847317069769e-01 1.265722066164e-01 1.905335187912e-01 2.643296420574e-01 3.975897133350e-01 3.428745567799e-01 1.992093771696e-01 3.691685199738e-01 3.723370730877e-01 5.617162585258e-01 5.362160801888e-01 4.930200278759e-01 4.658212065697e-01 5.006321072578e-01
2.135945558548e-01 3.595680892467e-01 2.820172347128e-02 3.449949622154e-02 4.544749855995e-02 2.550916671753e-01 5.813984870911e-01 4.780732691288e-01 2.617766857147e-01 8.192396163940e-02 7.407511770725e-02 9.430086612701e-02 9.385708719492e-02 8.059639483690e-02 4.147022962570e-01 4.704610109329e-01 1.983737200499e-01 2.200774848461e-01 2.371580302715e-01 3.727754652500e-01 9.304890632629e-01 1.572609841824e-01 2.029838114977e-01 3.963272869587e-01 2.750110328197e-01 2.769120633602e-01 2.016309499741e-01 1.884146034718e-01 3.268701136112e-01 3.819285929203e-01 4.039685130119e-01 2.826240956783e-01 6.830222010612e-01 4.122924506664e-01 6.428725123405e-01 4.899909198284e-01 3.603326678276e-01 4.010291397572e-01 4.915659129620e-01 6.373553872108e-01 7.820451259613e-01 1.000204443932e+00 1.058901548386e+00
1.599537283182e-01 2.676729559898e-01 2.214075811207e-02 1.902893371880e-02 1.509634107351e-01 5.812456011772e-01 1.132009744644e+00 8.943780064583e-01 3.291811347008e-01 3.102317079902e-02 2.951977960765e-02 2.763742581010e-02 2.968006022274e-02 3.343635797501e-02 2.682572901249e-01 1.985662281513e-01 1.715278178453e-01 1.651689559221e-01 1.801119744778e-01 8.169571310282e-02 3.746898770332e-01 3.129926919937e+00 2.085890918970e-01 3.993791639805e-01 1.003787040710e+00 5.223900079727e-01 3.286111056805e-01 2.969147562981e-01 3.116005361080e-01 3.407405614853e-01 5.488882660866e-01 8.190787434578e-01 4.305355548859e-01 5.860810279846e-01 9.252595901489e-01 1.622000098228e+00 8.016272783279e-01 4.485545158386e-01 3.845292031765e-01 4.286000728607e-01 5.889034271240e-01 6.527468562126e-01 6.903783679008e-01
9.015553444624e-02 1.295747756958e-01 1.703581772745e-02 1.319467276335e-02 2.075363323092e-02 3.370841741562e-01 6.962983012199e-01 4.282641708851e-01 2.504448294640e-01 4.425955191255e-02 1.652818173170e-02 1.037884578109e-01 1.264866292477e-01 1.097860559821e-01 1.025547310710e-01 1.401463747025e-01 1.865039616823e-01 1.568951755762e-01 1.755321174860e-01 1.591614186764e-01 1.980388015509e-01 3.564025759697e-01 1.419314593077e-01 2.159992456436e-01 8.217040896416e-01 4.726063013077e-01 1.322840690613e+00 1.011559486389e+00 3.207170367241e-01 7.538995146751e-01 2.623369455338e+00 3.623864173889e+00 3.804579019547e+00 7.410350441933e-01 1.014797210693e+00 1.116155982018e+00 8.360685706139e-01 4.124709367752e-01 3.312717378139e-01 3.408469855785e-01 6.676298975945e-01 4.841584563255e-01 6.184560656548e-01
3.356426581740e-02 1.052154898643e-01 6.644289195538e-02 3.493717685342e-02 2.387410216033e-02 1.047392375767e-02 6.627682596445e-02 7.653582096100e-02 7.782880216837e-02 7.056232541800e-02 5.376748740673e-02 1.028392314911e-01 1.226889863610e-01 1.520166248083e-01 1.309244036674e-01 9.518843889236e-02 1.233462765813e-01 1.359602063894e-01 1.418645530939e-01 9.171740710735e-02 1.105442047119e-01 1.784586310387e-01 2.578678429127e-01 5.236305594444e-01 1.202439069748e+00 8.263119459152e-01 8.963518142700e-01 6.676196455956e-01 1.146084189415e+00 2.994683086872e-01 1.538591682911e-01 1.393311768770e-01 2.422623038292e-01 4.102753698826e-01 1.264359712601e+00 1.440558052063e+01 5.241319656372e+00 2.369887351990e+00 1.683444499969e+00 1.317030072212e+00 1.441905975342e+00 1.538148641586e+00 2.306230068207e+00
3.250098600984e-02 6.491766870022e-02 8.138646185398e-02 4.446464031935e-02 2.904380112886e-02 1.241314876825e-02 5.839049443603e-02 5.979853123426e-02 5.832440406084e-02 5.415333434939e-02 6.428030878305e-02 7.712101191282e-02 8.456441015005e-02 1.607697606087e-01 1.399236917496e-01 1.145002916455e-01 1.142882853746e-01 1.101663559675e-01 1.047608926892e-01 1.160613745451e-01 1.046701222658e-01 1.073581501842e-01 1.823689490557e-01 2.149533480406e-01 5.363355875015e-01 5.194216251373e+00 1.455487251282e+00 2.601082801819e+00 1.121893405914e+00 1.231228932738e-01 7.364999502897e-02 7.284499704838e-02 8.401375263929e-02 1.135686933994e-01 1.826792061329e-01 1.100483059883e+00 8.522424697876e+00 1.895657896996e+00 5.549231767654e-01 1.719658255577e+00 9.184077382088e-01 4.069786667824e-01 6.455753445625e-01
2.564570680261e-02 4.596751928329e-02 6.207502260804e-02 7.167375087738e-02 7.474943250418e-02 6.915408372879e-02 6.167567148805e-02 5.973350256681e-02 5.793642625213e-02 5.096790567040e-02 4.531387239695e-02 5.567883700132e-02 6.242430955172e-02 6.354161351919e-02 1.123812794685e-01 9.545174986124e-02 9.360691905022e-02 1.022218763828e-01 8.184128254652e-02 9.267917275429e-02 1.122956424952e-01 9.936541318893e-02 1.072201430798e-01 1.171015426517e-01 2.183348834515e-01 1.300608277321e+00 1.337080240250e+00 3.776454329491e-01 1.476160883904e-01 8.749352395535e-02 6.617245823145e-02 5.565177276731e-02 6.639259308577e-02 9.207877516747e-02 1.145774796605e-01 4.447326958179e-01 1.586980700493e+00 8.393825888634e-01 5.364195704460e-01 1.250158697367e-01 5.243453383446e-01 4.425419270992e-01 3.969081342220e-01
4.085512459278e-02 6.874801218510e-02 8.775036782026e-02 9.865766018629e-02 1.014943942428e-01 9.721850603819e-02 9.144943952560e-02 8.247367292643e-02 7.142758369446e-02 5.862842872739e-02 4.356751218438e-02 4.092428833246e-02 4.640988633037e-02 4.873524978757e-02 1.093692705035e-01 1.037613600492e-01 1.076914370060e-01 6.777132302523e-02 8.346361666918e-02 1.278660148382e-01 1.167222261429e-01 8.169529587030e-02 6.398089975119e-02 6.524534523487e-02 1.150051951408e-01 1.155862927437e+00 8.722798228264e-01 2.948489189148e-01 1.834430843592e-01 1.188448965549e-01 8.372303843498e-02 5.833786353469e-02 5.191271379590e-02 5.209356173873e-02 7.687212526798e-02 1.281286478043e-01 1.149254888296e-01 2.962475121021e-01 2.080371856689e+00 3.048819780350e+00 1.765046954155e+00 3.762374520302e-01 3.053431212902e-01
2.043070271611e-02 4.334798827767e-02 5.398259311914e-02 5.923836678267e-02 5.755913630128e-02 5.481980741024e-02 5.294038355350e-02 4.832322150469e-02 4.579980298877e-02 4.030495136976e-02 3.609072417021e-02 3.279544785619e-02 3.719691932201e-02 3.815240040421e-02 8.471392840147e-02 1.142332404852e-01 1.101867482066e-01 7.092675566673e-02 1.400998830795e-01 1.505633890629e-01 1.306888759136e-01 1.732639521360e-01 5.150806531310e-02 5.001679435372e-02 1.099715009332e-01 4.245094358921e-01 2.232802659273e-01 2.347957640886e-01 1.734262555838e-01 1.169061437249e-01 7.649024575949e-02 6.352706998587e-02 5.608009174466e-02 5.501601845026e-02 6.390771269798e-02 1.239143833518e-01 8.986137807369e-02 3.297700285912e-01 1.476576447487e+00 8.982284665108e-01 5.546962618828e-01 2.280369251966e-01 1.829441785812e-01
1.759787276387e-02 2.571744471788e-02 3.375370055437e-02 3.692729398608e-02 3.687314316630e-02 3.516856953502e-02 3.241053223610e-02 3.527066856623e-02 3.580178692937e-02 3.602518513799e-02 4.002787172794e-02 4.298815876245e-02 4.383026063442e-02 4.697423800826e-02 8.603441715240e-02 9.955154359341e-02 6.096155941486e-02 7.222387939692e-02 1.126244217157e-01 2.684690654278e-01 1.492110639811e-01 1.372928321362e-01 7.550477981567e-02 6.662359088659e-02 1.305334866047e-01 1.147065386176e-01 1.025330185890e+00 1.613170504570e-01 1.490435153246e-01 9.178033471107e-02 6.178851798177e-02 5.686843767762e-02 5.440595373511e-02 5.785143747926e-02 7.159238308668e-02 9.883252531290e-02 1.761345118284e-01 2.177355140448e-01 3.928461372852e-01 5.915901064873e-01 3.715929687023e-01 2.082324177027e-01 2.731268107891e-01
1.419823523611e-02 2.533713728189e-02 3.390523791313e-02 3.774467855692e-02 5.954207479954e-02 3.847521543503e-02 4.578289389610e-02 5.175502225757e-02 5.718557909131e-02 6.212572008371e-02 6.653454154730e-02 6.896940618753e-02 7.561615854502e-02 8.035223931074e-02 1.585051864386e-01 1.646232604980e-01 8.226216584444e-02 6.619969755411e-02 9.614071995020e-02 3.029677867889e-01 1.345067471266e-01 1.608651578426e-01 1.051194518805e-01 7.965710014105e-02 1.141559258103e-01 2.453204691410e-01 4.449709355831e-01 1.243711486459e-01 1.600981205702e-01 7.109649479389e-02 5.464940518141e-02 5.096157640219e-02 5.185220763087e-02 5.945138633251e-02 7.319232821465e-02 8.947492390871e-02 9.943746775389e-02 1.377111822367e-01 2.571077644825e-01 3.040527999401e-01 1.959771364927e-01 2.270837873220e-01 2.596271634102e-01
