100/SI/f111.grd
DSAA
101	101
32.816463539100	34.260883539100
35.556306596100	36.727886596100
8.337657782249e-04	2.942976951599e+01
[rows 19 to 37 of 101, columns 43 to 85 of 101]
5.918866023421e-02 8.414994180202e-02 1.095938980579e-01 1.122655719519e-01 7.228887826204e-02 4.607111960649e-02 4.341763257980e-02 6.293786317110e-02 5.146818980575e-02 5.250605940819e-02 4.811528325081e-02 6.640399992466e-02 4.788618907332e-02 4.359527304769e-02 5.713624134660e-02 5.351904034615e-02 4.667002707720e-02 3.698190301657e-02 4.283782839775e-02 3.768256679177e-02 2.380960807204e-02 2.471364289522e-02 2.924942225218e-02 2.916847914457e-02 2.779660187662e-02 4.130611941218e-02 3.412725403905e-02 2.040630206466e-02 1.446162909269e-02 2.220463380218e-02 3.332133963704e-02 5.071349069476e-02 5.720941349864e-02 4.427364096045e-02 2.369382791221e-02 1.669324003160e-02 1.140138041228e-02 1.697140745819e-02 1.536804810166e-02 7.733840029687e-03 9.402772411704e-03 7.753388024867e-03 5.860429257154e-03
6.241676583886e-02 8.228915929794e-02 1.168277040124e-01 1.352977603674e-01 9.903006255627e-02 4.757755622268e-02 4.609169065952e-02 6.682690978050e-02 4.492022469640e-02 5.669889971614e-02 5.961691960692e-02 7.527779042721e-02 5.891814082861e-02 4.622831940651e-02 6.462652981281e-02 6.618560105562e-02 4.532051831484e-02 3.635920584202e-02 3.832512348890e-02 3.255108371377e-02 2.741586789489e-02 3.389010205865e-02 4.117797687650e-02 3.913423418999e-02 3.364777565002e-02 4.239223152399e-02 3.371782973409e-02 2.000334113836e-02 1.666657812893e-02 3.079748339951e-02 5.142104625702e-02 6.700026988983e-02 5.974396690726e-02 3.654936328530e-02 2.043135277927e-02 1.707559078932e-02 1.826076023281e-02 2.028701081872e-02 1.963950879872e-02 1.328922249377e-02 1.107393205166e-02 9.423574432731e-03 7.770311087370e-03
6.609043478966e-02 7.122199237347e-02 1.078090593219e-01 1.414148509502e-01 1.215926483274e-01 5.871855840087e-02 4.861517250538e-02 7.097944617271e-02 3.706917166710e-02 5.357943847775e-02 5.661692097783e-02 8.027980476618e-02 7.014048099518e-02 4.997605830431e-02 7.043043524027e-02 7.027174532413e-02 4.756487160921e-02 3.401890024543e-02 3.716729953885e-02 3.113773465157e-02 3.176192939281e-02 4.219860583544e-02 4.518187046051e-02 4.412593692541e-02 4.099875316024e-02 4.152880981565e-02 2.941786870360e-02 1.909390091896e-02 2.963703125715e-02 5.139211565256e-02 7.180074602365e-02 6.943881511688e-02 4.682039469481e-02 2.416168712080e-02 2.022500149906e-02 1.844414696097e-02 2.055613324046e-02 2.331625670195e-02 2.389897219837e-02 1.765539869666e-02 1.554381847382e-02 1.373298931867e-02 1.163917500526e-02
6.271024048328e-02 5.976640433073e-02 9.150407463312e-02 1.349909156561e-01 1.343746185303e-01 7.536817342043e-02 5.567077174783e-02 7.536969333887e-02 3.942035511136e-02 4.735206812620e-02 4.905681312084e-02 8.140962570906e-02 8.042553067207e-02 5.541545152664e-02 7.466018944979e-02 6.729466468096e-02 4.819770157337e-02 3.410807624459e-02 3.332064673305e-02 3.687851503491e-02 3.938776254654e-02 4.210922867060e-02 4.125645756721e-02 3.671024367213e-02 4.617670550942e-02 4.158772528172e-02 2.255358919501e-02 3.162345290184e-02 5.430579930544e-02 7.628703117371e-02 7.478997856379e-02 5.183801427484e-02 2.649862319231e-02 2.521243318915e-02 1.535624917597e-02 1.625553704798e-02 1.753234863281e-02 2.549140341580e-02 2.745947986841e-02 1.785902492702e-02 1.760004088283e-02 1.656962744892e-02 1.495143957436e-02
5.119775608182e-02 6.283361464739e-02 7.475262880325e-02 1.197636872530e-01 1.355459392071e-01 9.069263190031e-02 6.977171450853e-02 7.953708618879e-02 4.184179753065e-02 4.094184562564e-02 5.780237913132e-02 7.958687096834e-02 8.861355483532e-02 6.350093334913e-02 7.170933485031e-02 5.856161192060e-02 4.713909327984e-02 3.705677390099e-02 4.082570225000e-02 5.170702561736e-02 4.418461397290e-02 3.937144577503e-02 3.637620434165e-02 4.068959504366e-02 4.159682989120e-02 3.185138851404e-02 3.336830809712e-02 5.814916640520e-02 8.300884068012e-02 8.046072721481e-02 5.449669808149e-02 2.884210273623e-02 1.921690814197e-02 2.380760759115e-02 1.570896990597e-02 1.639876328409e-02 1.445538550615e-02 2.673007361591e-02 3.018776327372e-02 1.456930488348e-02 1.502411719412e-02 1.563663035631e-02 1.586988195777e-02
7.121367752552e-02 6.634937971830e-02 5.957175418735e-02 1.016660034657e-01 1.293268054724e-01 1.014543548226e-01 6.721157580614e-02 8.455321937799e-02 6.545644998550e-02 5.453306436539e-02 7.318414002657e-02 7.531947642565e-02 9.400261938572e-02 7.677755504847e-02 6.456818431616e-02 4.532046988606e-02 4.968016222119e-02 5.177536979318e-02 6.683722138405e-02 5.712821707129e-02 4.336996376514e-02 4.293417558074e-02 3.701362013817e-02 3.590914607048e-02 3.345834091306e-02 3.379864990711e-02 6.340584903955e-02 8.989532291889e-02 8.534434437752e-02 5.706315487623e-02 3.048780560493e-02 1.591990515590e-02 2.566834911704e-02 2.007891982794e-02 1.536265294999e-02 1.561668887734e-02 1.683109439909e-02 2.699191123247e-02 3.214077651501e-02 1.657127402723e-02 1.089747715741e-02 1.172889955342e-02 1.318481005728e-02
1.099800392985e-01 6.718119233847e-02 6.144416332245e-02 8.525853604078e-02 1.198285892606e-01 1.077216714621e-01 6.177209690213e-02 9.050945192575e-02 7.896750420332e-02 7.812884449959e-02 8.658809959888e-02 8.567045629025e-02 9.626123309135e-02 8.857277035713e-02 5.347083881497e-02 6.285862624645e-02 7.504776865244e-02 7.704479247332e-02 7.543345540762e-02 5.471502989531e-02 4.779864102602e-02 4.638192057610e-02 4.244689643383e-02 3.897835314274e-02 3.464353084564e-02 6.666427850723e-02 9.833652526140e-02 9.186863154173e-02 5.961317196488e-02 3.117455542088e-02 2.383533678949e-02 2.080713398755e-02 3.001424297690e-02 2.111572586000e-02 1.735971122980e-02 1.311258226633e-02 1.864247024059e-02 2.611650340259e-02 3.325924277306e-02 1.861693523824e-02 1.123878546059e-02 8.162480778992e-03 9.521240368485e-03
1.460836231709e-01 6.930362433195e-02 6.628906726837e-02 7.298287004232e-02 1.087391749024e-01 1.111577674747e-01 7.231217622757e-02 9.728577733040e-02 6.596345454454e-02 8.635301887989e-02 9.493304789066e-02 9.186640381813e-02 9.584597498178e-02 9.860266000032e-02 6.626997143030e-02 7.400114089251e-02 8.720219880342e-02 8.497676998377e-02 7.312882691622e-02 6.422370672226e-02 5.047812685370e-02 4.997163638473e-02 5.314677581191e-02 3.900097683072e-02 6.751815974712e-02 1.050743237138e-01 1.010664850473e-01 6.312292814255e-02 3.198340535164e-02 3.340854495764e-02 3.659830987453e-02 2.711964398623e-02 2.938249520957e-02 2.140194363892e-02 1.764249242842e-02 1.301757339388e-02 1.863055489957e-02 2.487260475755e-02 3.345922753215e-02 2.043321914971e-02 1.168144587427e-02 7.630530744791e-03 8.067825809121e-03
1.721448153257e-01 7.691673189402e-02 7.055819034576e-02 6.457066535950e-02 9.797447919846e-02 1.133992224932e-01 8.219008892775e-02 1.036995276809e-01 5.914757028222e-02 7.499865442514e-02 1.038420200348e-01 8.736025542021e-02 9.262045472860e-02 1.066659316421e-01 8.195204287767e-02 9.771697223186e-02 9.243977814913e-02 9.269624203444e-02 7.506319135427e-02 7.639487087727e-02 5.266629531980e-02 5.302251130342e-02 5.743802338839e-02 6.493323296309e-02 1.100524887443e-01 1.120493039489e-01 7.003974914551e-02 5.187413468957e-02 4.424115642905e-02 3.219154104590e-02 5.741932988167e-02 3.905263543129e-02 2.300066500902e-02 2.031635306776e-02 1.698733493686e-02 1.323014125228e-02 2.335138246417e-02 2.473030239344e-02 3.288661316037e-02 2.192032337189e-02 1.297359913588e-02 9.302338585258e-03 9.078105911613e-03
2.351309508085e-01 1.079210788012e-01 7.934623211622e-02 6.298980861902e-02 8.805648237467e-02 1.145408451557e-01 9.230399876833e-02 1.106817573309e-01 6.917796283960e-02 8.011346310377e-02 1.155076324940e-01 7.500955462456e-02 8.548321574926e-02 1.077490448952e-01 1.059481874108e-01 1.003737226129e-01 9.560079127550e-02 8.599022030830e-02 9.218418598175e-02 8.404811471701e-02 6.435406953096e-02 5.317350104451e-02 5.958790704608e-02 1.121866330504e-01 1.240446940064e-01 7.997495681047e-02 5.975532531738e-02 7.045511156321e-02 5.901811271906e-02 5.252275615931e-02 7.618961483240e-02 4.399837180972e-02 1.996042020619e-02 1.740990020335e-02 1.526047755033e-02 1.624094694853e-02 3.526673838496e-02 3.572800755501e-02 3.199285641313e-02 2.335035800934e-02 1.489590853453e-02 1.069714687765e-02 9.832970798016e-03
2.681295573711e-01 1.579493731260e-01 8.720979839563e-02 7.704940438271e-02 9.935694932938e-02 1.144451424479e-01 1.035819798708e-01 1.189476177096e-01 9.002025425434e-02 1.031953841448e-01 1.199214607477e-01 9.397324919701e-02 7.796490192413e-02 1.043657213449e-01 1.181965768337e-01 2.079344242811e-01 1.117052510381e-01 1.045843586326e-01 1.058669835329e-01 8.355026692152e-02 7.940439879894e-02 7.302768528461e-02 1.115912199020e-01 1.322616487741e-01 9.057862311602e-02 6.326772272587e-02 7.397712022066e-02 8.355174213648e-02 7.368604093790e-02 7.677376270294e-02 8.118775486946e-02 3.814783319831e-02 1.804236136377e-02 1.586434245110e-02 1.521132886410e-02 1.355025265366e-02 5.408880859613e-02 4.268350824714e-02 3.467304259539e-02 2.434098348022e-02 1.676462404430e-02 1.164228841662e-02 9.957023896277e-03
2.767373025417e-01 1.746071726084e-01 9.532630443573e-02 8.533098548651e-02 1.174184307456e-01 1.107186973095e-01 1.144507676363e-01 1.279496699572e-01 1.018299087882e-01 1.308117955923e-01 1.343604624271e-01 1.789823174477e-01 1.578678786755e-01 1.119416952133e-01 1.851891577244e-01 2.665766179562e-01 1.177982836962e-01 1.441418081522e-01 1.431261301041e-01 1.172346249223e-01 9.302360564470e-02 1.118371114135e-01 1.397325694561e-01 1.001804247499e-01 7.283255457878e-02 7.416491210461e-02 8.083303272724e-02 9.071470052004e-02 8.898371458054e-02 9.260028600693e-02 6.977161020041e-02 2.687920443714e-02 2.005635388196e-02 1.628366857767e-02 1.557897683233e-02 2.579341828823e-02 7.472383230925e-02 4.160627722740e-02 4.105087742209e-02 2.503285929561e-02 1.838462240994e-02 1.357204746455e-02 1.006258279085e-02
2.739231288433e-01 1.517491191626e-01 1.523554474115e-01 9.320344775915e-02 1.344706416130e-01 1.053964272141e-01 1.246633604169e-01 1.377957910299e-01 1.066702902317e-01 1.499200314283e-01 1.460901945829e-01 1.301954686642e-01 1.175446659327e-01 9.086506813765e-02 1.284102350473e-01 1.720536649227e-01 1.002106964588e-01 1.431455463171e-01 1.564917117357e-01 1.307489424944e-01 1.168442219496e-01 1.469172835350e-01 1.096747070551e-01 8.108181506395e-02 7.908260077238e-02 7.543720304966e-02 8.141361176968e-02 9.747458994389e-02 9.861134737730e-02 9.152256697416e-02 5.571484938264e-02 2.670113742352e-02 2.571081183851e-02 3.123837709427e-02 3.575745224953e-02 5.207693576813e-02 8.447626978159e-02 4.370131716132e-02 3.454541042447e-02 2.481095306575e-02 2.230947092175e-02 1.692652516067e-02 1.198758091778e-02
2.851622104645e-01 1.541157960892e-01 1.701410561800e-01 1.254228651524e-01 1.497999876738e-01 1.281861960888e-01 1.330689191818e-01 1.469900310040e-01 1.528912633657e-01 1.497703045607e-01 1.071942299604e-01 9.599330276251e-02 1.288174539804e-01 1.232789978385e-01 8.941073715687e-02 8.362608402967e-02 1.177147328854e-01 1.401395052671e-01 1.353220343590e-01 1.232898756862e-01 1.567136794329e-01 1.189717501402e-01 9.443745762110e-02 8.303334563971e-02 7.662411034107e-02 6.523042172194e-02 7.969546318054e-02 9.952916204929e-02 1.053125932813e-01 9.874726831913e-02 6.822942197323e-02 4.703050479293e-02 4.900295287371e-02 4.877242818475e-02 4.699930921197e-02 8.119574189186e-02 6.969404220581e-02 3.051144629717e-02 3.310502320528e-02 3.397829830647e-02 3.161337226629e-02 2.451038360596e-02 1.567971520126e-02
2.779809832573e-01 1.503058969975e-01 1.324000805616e-01 1.640579998493e-01 1.657927781343e-01 1.558500379324e-01 1.474112719297e-01 1.564298868179e-01 1.620976775885e-01 1.316324025393e-01 1.361670792103e-01 1.607166379690e-01 1.336751878262e-01 1.150146722794e-01 1.326883435249e-01 1.346181482077e-01 1.470772624016e-01 1.389379203320e-01 1.350230425596e-01 1.685957610607e-01 1.309318095446e-01 1.088308393955e-01 9.284222871065e-02 7.229889184237e-02 7.339517772198e-02 8.243778347969e-02 8.709244430065e-02 1.080600619316e-01 1.126372218132e-01 1.088687404990e-01 8.133280277252e-02 5.415612459183e-02 4.800346866250e-02 4.072434082627e-02 7.391245663166e-02 8.440896868706e-02 3.755885362625e-02 3.465473651886e-02 3.631898388267e-02 3.702331334352e-02 3.515685722232e-02 2.950125001371e-02 2.054176852107e-02
2.597310245037e-01 1.450894773006e-01 1.448193192482e-01 1.645340621471e-01 1.755930781364e-01 1.949891895056e-01 1.427426338196e-01 1.622973978519e-01 1.736887395382e-01 1.405267715454e-01 1.482626348734e-01 1.819178909063e-01 1.671577692032e-01 1.371161490679e-01 1.364227086306e-01 1.600171327591e-01 1.997705698013e-01 1.445785015821e-01 1.879311054945e-01 1.443975418806e-01 1.010062322021e-01 9.824304282665e-02 7.881265878677e-02 8.005355298519e-02 7.812992483377e-02 9.486341476440e-02 1.022908017039e-01 9.919308871031e-02 1.191838309169e-01 1.196092963219e-01 9.323852509260e-02 4.109928011894e-02 5.075741559267e-02 7.854702323675e-02 8.494282513857e-02 4.954599216580e-02 3.051380626857e-02 3.100548684597e-02 3.109134174883e-02 3.180120885372e-02 3.188133239746e-02 2.965459786355e-02 2.379065193236e-02
2.393599748611e-01 1.521974503994e-01 1.664524823427e-01 2.082693725824e-01 1.784865856171e-01 2.408282011747e-01 1.743485331535e-01 1.889442354441e-01 2.913877069950e-01 2.123667895794e-01 2.201768159866e-01 1.468977183104e-01 1.358203291893e-01 1.418848633766e-01 1.695633232594e-01 1.584958434105e-01 2.887378931046e-01 2.163765579462e-01 1.758101880550e-01 1.336633265018e-01 9.988857805729e-02 9.095852822065e-02 7.688009738922e-02 6.288598477840e-02 7.341025769711e-02 1.030980497599e-01 1.294971555471e-01 1.006339192390e-01 1.248373538256e-01 1.309037655592e-01 1.064405962825e-01 6.868695467710e-02 8.694893866777e-02 8.025369048119e-02 4.578986018896e-02 3.092459775507e-02 2.916282974184e-02 2.726458385587e-02 2.530260384083e-02 2.416755445302e-02 2.761377207935e-02 2.865277417004e-02 2.610550820827e-02
2.608582377434e-01 1.942505091429e-01 1.829438209534e-01 2.630275487900e-01 2.052382975817e-01 2.929419875145e-01 2.220656275749e-01 2.803203165531e-01 4.059630930424e-01 2.485635578632e-01 2.652163207531e-01 1.998704075813e-01 1.887731254101e-01 1.833838671446e-01 1.700611710548e-01 1.468132585287e-01 3.363649845123e-01 2.395045310259e-01 1.582156419754e-01 1.093276366591e-01 7.514943182468e-02 4.744612425566e-02 6.543087959290e-02 9.153988957405e-02 1.031263396144e-01 9.732049703598e-02 1.268313676119e-01 1.117821782827e-01 1.414878964424e-01 1.398509293795e-01 1.110508367419e-01 8.819868415594e-02 6.597176939249e-02 3.232851251960e-02 2.042571082711e-02 1.937739923596e-02 1.654833927751e-02 1.456797868013e-02 1.514037325978e-02 2.209374494851e-02 2.876364998519e-02 3.333640098572e-02 3.470928594470e-02
2.174896448851e-01 3.054570555687e-01 2.117224484682e-01 3.111519217491e-01 2.804889082909e-01 3.308015465736e-01 3.803768754005e-01 3.514086902142e-01 3.336808681488e-01 2.947753667831e-01 3.144151270390e-01 2.581152915955e-01 1.987205892801e-01 1.871347874403e-01 1.969541162252e-01 1.456477642059e-01 2.604101300240e-01 2.173248231411e-01 1.379564404488e-01 1.098078116775e-01 7.246690988541e-02 9.829072654247e-02 1.074878498912e-01 1.041659787297e-01 9.459771960974e-02 7.470135390759e-02 9.989032894373e-02 1.390286237001e-01 1.474386453629e-01 1.231271699071e-01 8.637255430222e-02 4.408847168088e-02 3.687045723200e-02 3.170167654753e-02 2.623437345028e-02 2.602404542267e-02 3.394633904099e-02 3.940489143133e-02 4.127523303032e-02 3.966204077005e-02 3.475204110146e-02 2.792247571051e-02 2.956967428327e-02
