100/SI/f112_max.grd
DSAA
101	101
32.816463539100	34.260883539100
35.556306596100	36.727886596100
2.127531661245e-05	3.516046285629e+00
[rows 19 to 37 of 101, columns 0 to 42 of 101]
6.705385632813e-03 1.367171015590e-02 1.748569682240e-02 1.781826838851e-02 1.469814125448e-02 1.166050136089e-02 7.965564727783e-03 9.049182757735e-03 1.094395201653e-02 1.314848195761e-02 1.724637858570e-02 2.059877663851e-02 2.006516791880e-02 2.175311744213e-02 2.191460691392e-02 2.125101350248e-02 2.021068148315e-02 1.941260695457e-02 2.245863340795e-02 2.020411565900e-02 2.092113718390e-02 2.256955020130e-02 2.396287210286e-02 2.301498688757e-02 2.052170597017e-02 1.737046055496e-02 1.797747425735e-02 2.877941168845e-02 3.432863578200e-02 2.579863928258e-02 2.374166809022e-02 2.182794176042e-02 2.308572456241e-02 2.308336272836e-02 2.308597043157e-02 2.239067479968e-02 1.786605641246e-02 1.561166718602e-02 1.675372384489e-02 1.607379876077e-02 2.326296456158e-02 5.747192353010e-02 2.673149853945e-02
5.244285799563e-03 1.102080196142e-02 1.486332714558e-02 1.626157574356e-02 1.446052454412e-02 1.392125990242e-02 1.275807060301e-02 9.041824378073e-03 1.206144597381e-02 1.409069169313e-02 1.502621453255e-02 1.884274370968e-02 1.671758852899e-02 1.949028298259e-02 2.106292173266e-02 2.173120714724e-02 2.168630994856e-02 2.070259861648e-02 2.613386511803e-02 2.093317173421e-02 2.460038475692e-02 2.928594499826e-02 3.154989704490e-02 3.080349415541e-02 2.887073531747e-02 2.232716046274e-02 2.382041700184e-02 2.329260483384e-02 3.607023879886e-02 2.620794437826e-02 2.241661772132e-02 2.114420197904e-02 2.059570327401e-02 2.067727781832e-02 1.961225830019e-02 2.538851834834e-02 1.700261794031e-02 1.788368262351e-02 1.832981780171e-02 1.874662563205e-02 2.881831862032e-02 4.865531995893e-02 3.982931748033e-02
4.049077164382e-03 8.159967139363e-03 1.123421546072e-02 1.293206028640e-02 1.220607105643e-02 1.064164470881e-02 1.314147282392e-02 1.298393122852e-02 1.486939750612e-02 1.773750595748e-02 2.045897021890e-02 2.696359157562e-02 3.234345838428e-02 2.959386259317e-02 2.012899890542e-02 1.945237629116e-02 2.055101282895e-02 2.147200703621e-02 3.807583078742e-02 3.052910417318e-02 2.296417951584e-02 3.562202677131e-02 3.774506226182e-02 4.144354164600e-02 3.409492969513e-02 3.018653579056e-02 2.976894192398e-02 1.844824478030e-02 3.393917530775e-02 2.417167648673e-02 1.858298666775e-02 1.934560947120e-02 2.285039052367e-02 1.880207471550e-02 2.058749273419e-02 2.686717920005e-02 2.139145880938e-02 1.897495985031e-02 1.980132982135e-02 2.124326117337e-02 3.360561653972e-02 3.485273197293e-02 5.286704003811e-02
5.460846237838e-03 9.810980409384e-03 9.486349299550e-03 9.935953654349e-03 1.159160956740e-02 1.466819271445e-02 1.712894439697e-02 2.050328068435e-02 2.490493841469e-02 3.130583092570e-02 3.986826166511e-02 5.001620575786e-02 5.620834231377e-02 4.883455112576e-02 3.067548014224e-02 1.876277290285e-02 2.589641697705e-02 3.637489676476e-02 4.600561410189e-02 3.740182891488e-02 2.950130961835e-02 3.868008032441e-02 4.115097597241e-02 4.654573649168e-02 3.390993550420e-02 3.437878936529e-02 3.535954654217e-02 2.216261252761e-02 2.771751023829e-02 2.002366445959e-02 1.897069253027e-02 1.878878287971e-02 2.370036579669e-02 2.413016743958e-02 2.399584650993e-02 2.280610427260e-02 3.009551949799e-02 2.106458693743e-02 2.126660197973e-02 2.333169803023e-02 3.746142983437e-02 3.247837722301e-02 6.139488145709e-02
5.301604047418e-03 1.093256194144e-02 1.186689082533e-02 1.137169357389e-02 1.453160680830e-02 1.973581500351e-02 2.162968553603e-02 2.287431620061e-02 2.534828148782e-02 2.934338897467e-02 3.543682768941e-02 4.042702913284e-02 4.141140729189e-02 3.543027490377e-02 2.596093900502e-02 2.308637462556e-02 2.519116736948e-02 3.402865678072e-02 4.532893002033e-02 2.871272526681e-02 2.764766663313e-02 3.900564461946e-02 4.109436646104e-02 4.463237151504e-02 3.560843318701e-02 3.426666557789e-02 3.986215963960e-02 3.403630480170e-02 3.437085449696e-02 2.929345890880e-02 2.532239817083e-02 3.724544867873e-02 3.479742258787e-02 2.604969032109e-02 2.536543086171e-02 2.525793574750e-02 3.337338939309e-02 2.447691373527e-02 2.324458584189e-02 2.463853172958e-02 3.962377086282e-02 3.292778879404e-02 6.271634995937e-02
1.051506306976e-02 1.815954409540e-02 1.182433404028e-02 1.181543059647e-02 1.333789527416e-02 1.717707701027e-02 1.944409869611e-02 1.924237422645e-02 1.913372427225e-02 1.991526782513e-02 2.105820737779e-02 2.230891399086e-02 2.126049064100e-02 2.339161559939e-02 2.367721125484e-02 2.120438031852e-02 2.117339707911e-02 3.902175650001e-02 4.462959989905e-02 2.369426190853e-02 2.398092485964e-02 3.611436858773e-02 3.899439051747e-02 3.802845999599e-02 3.477055206895e-02 3.135070204735e-02 4.291752725840e-02 3.763753548265e-02 3.132887929678e-02 3.031677380204e-02 2.982709370553e-02 4.796569794416e-02 7.140056788921e-02 6.795180588961e-02 6.147761642933e-02 5.863733962178e-02 6.090182065964e-02 3.762959688902e-02 3.191145136952e-02 2.640676498413e-02 4.054329171777e-02 3.180403634906e-02 5.552150309086e-02
1.949499547482e-02 4.131219908595e-02 4.256002977490e-02 3.733360394835e-02 2.332810685039e-02 1.343218609691e-02 1.304903905839e-02 1.368461921811e-02 1.481540035456e-02 1.915362104774e-02 2.296317368746e-02 2.566578984261e-02 2.649444714189e-02 2.539758570492e-02 2.317925542593e-02 2.406448125839e-02 2.530615963042e-02 3.801731392741e-02 3.746421635151e-02 2.204734273255e-02 2.393010631204e-02 2.946206182241e-02 3.371424973011e-02 3.149342164397e-02 3.571257740259e-02 3.443794324994e-02 4.453534260392e-02 4.730323329568e-02 5.029558762908e-02 4.501819610596e-02 3.394692018628e-02 2.852237038314e-02 5.783515051007e-02 6.315327435732e-02 6.958714127541e-02 8.414084464312e-02 1.051284596324e-01 6.409975886345e-02 4.711851850152e-02 4.001174867153e-02 3.982201218605e-02 2.967133931816e-02 4.156867414713e-02
2.082500420511e-02 4.490131512284e-02 5.183073505759e-02 6.119684875011e-02 6.702460348606e-02 5.816926807165e-02 3.261484950781e-02 1.783231273293e-02 2.432449534535e-02 2.840451337397e-02 2.917341329157e-02 2.759079262614e-02 2.585128135979e-02 3.482515364885e-02 3.837873414159e-02 3.811330348253e-02 3.752943500876e-02 3.651516512036e-02 3.607289865613e-02 3.484547138214e-02 3.406116366386e-02 3.406069055200e-02 3.304199501872e-02 4.135255515575e-02 4.979643970728e-02 4.307232052088e-02 4.870204627514e-02 6.252881139517e-02 6.320945918560e-02 5.613743886352e-02 4.190444573760e-02 3.082621283829e-02 3.375459834933e-02 5.316352844238e-02 7.926011085510e-02 6.979617476463e-02 7.111056894064e-02 5.380966886878e-02 5.744972452521e-02 5.851219594479e-02 4.760413989425e-02 3.056093119085e-02 3.695690631866e-02
1.337011717260e-02 2.950625680387e-02 3.432061150670e-02 4.213940352201e-02 5.484963208437e-02 7.214758545160e-02 8.155560493469e-02 6.344524025917e-02 3.314130008221e-02 3.071783110499e-02 2.734452858567e-02 3.528530895710e-02 4.161769151688e-02 4.335301369429e-02 4.120743274689e-02 4.118718206882e-02 4.077421501279e-02 3.955730423331e-02 4.144159331918e-02 4.182357341051e-02 4.298811778426e-02 4.671126976609e-02 4.416747763753e-02 4.067252203822e-02 3.926482796669e-02 5.067334324121e-02 4.855675250292e-02 6.001335382462e-02 6.599269807339e-02 5.921951681376e-02 4.423962906003e-02 4.788132011890e-02 6.176407262683e-02 8.266078680754e-02 9.860879927874e-02 7.141093164682e-02 4.995157197118e-02 4.170894622803e-02 5.154455453157e-02 6.608239561319e-02 7.216642051935e-02 4.902672395110e-02 3.682770580053e-02
9.188404306769e-03 1.804026775062e-02 2.249565534294e-02 2.071960084140e-02 2.386186271906e-02 3.573250025511e-02 5.589925497770e-02 7.585020363331e-02 7.566224038601e-02 5.206600204110e-02 3.944642469287e-02 4.164539650083e-02 4.221761226654e-02 4.032739251852e-02 3.964539989829e-02 3.898917138577e-02 3.696710243821e-02 3.966277465224e-02 4.069584608078e-02 4.220862314105e-02 4.473784565926e-02 4.317776858807e-02 4.149682819843e-02 4.097027704120e-02 4.030235111713e-02 3.964355960488e-02 4.170684516430e-02 4.658406600356e-02 5.599869787693e-02 5.823901668191e-02 4.562112689018e-02 5.550726875663e-02 6.687240302563e-02 7.597170025110e-02 7.358890771866e-02 4.610077664256e-02 4.881867393851e-02 5.614789575338e-02 6.060495972633e-02 5.445436760783e-02 8.081308752298e-02 8.219371736050e-02 4.598881676793e-02
1.066583301872e-02 2.099294401705e-02 2.081821672618e-02 2.557474002242e-02 2.099636197090e-02 1.816843450069e-02 2.139902301133e-02 3.938454389572e-02 6.324230879545e-02 7.350052148104e-02 5.988289043307e-02 3.982884064317e-02 3.784864395857e-02 3.701300919056e-02 3.462589904666e-02 3.363486006856e-02 3.471079468727e-02 3.781969100237e-02 3.671221062541e-02 3.665071725845e-02 3.308119252324e-02 2.718840166926e-02 3.447880968451e-02 3.059274144471e-02 4.629285633564e-02 4.127359390259e-02 4.727085679770e-02 5.200558528304e-02 4.347445070744e-02 4.690463095903e-02 5.210447311401e-02 5.609966069460e-02 4.823938384652e-02 5.962673202157e-02 4.410474374890e-02 3.786450624466e-02 4.927387461066e-02 6.790604442358e-02 8.133825659752e-02 7.700185477734e-02 6.541597843170e-02 1.016201376915e-01 7.651554793119e-02
1.378116477281e-02 2.649277262390e-02 2.463610842824e-02 2.527691796422e-02 2.819134853780e-02 2.116433903575e-02 2.942850813270e-02 3.576336055994e-02 3.954635933042e-02 5.533618107438e-02 7.127203047276e-02 6.461612880230e-02 3.954857215285e-02 3.176622465253e-02 3.125653415918e-02 3.198848664761e-02 3.311725333333e-02 3.271907567978e-02 3.465629741549e-02 3.398140892386e-02 2.963422611356e-02 2.476087585092e-02 2.642476186156e-02 4.209155589342e-02 6.285081803799e-02 8.467359095812e-02 1.017649695277e-01 8.284528553486e-02 5.591584742069e-02 5.226537212729e-02 6.424164026976e-02 4.526252672076e-02 3.382080420852e-02 7.427229732275e-02 3.111077658832e-02 4.394022002816e-02 4.080723598599e-02 5.710483342409e-02 8.310409635305e-02 8.940196037292e-02 7.692819833755e-02 8.560486882925e-02 1.161098256707e-01
1.252416614443e-02 2.737516351044e-02 2.893991023302e-02 2.827720716596e-02 2.981087937951e-02 3.022363781929e-02 3.624597191811e-02 3.810698539019e-02 3.785006701946e-02 3.577127307653e-02 4.953610897064e-02 7.061979919672e-02 6.892057508230e-02 4.754314571619e-02 2.998955361545e-02 2.993168123066e-02 2.886111475527e-02 2.642262913287e-02 3.538606688380e-02 3.683678433299e-02 3.729239106178e-02 3.106757998466e-02 2.849881164730e-02 5.215910449624e-02 8.860134333372e-02 1.306635141373e-01 1.533652395010e-01 1.466108262539e-01 9.549043327570e-02 6.032387539744e-02 6.922297924757e-02 5.826659500599e-02 5.419921129942e-02 9.073730558157e-02 4.698125272989e-02 9.046491235495e-02 6.545918434858e-02 4.736351966858e-02 6.350938230753e-02 9.133703261614e-02 9.364277124405e-02 7.910265773535e-02 1.245818212628e-01
1.539890468121e-02 3.135186433792e-02 3.171427920461e-02 3.079806827009e-02 3.192503377795e-02 3.619230911136e-02 3.646424040198e-02 3.687279298902e-02 3.389709070325e-02 3.124756366014e-02 3.020481020212e-02 4.262258484960e-02 6.849607080221e-02 7.219366729259e-02 5.469943583012e-02 2.596077881753e-02 2.412056736648e-02 2.702986635268e-02 3.144322335720e-02 5.018487572670e-02 4.536677896976e-02 4.160107299685e-02 3.814890608191e-02 5.206925794482e-02 9.060507267714e-02 1.292990446091e-01 1.760254502296e-01 2.062512487173e-01 1.720331311226e-01 8.314327150583e-02 7.506398111582e-02 8.146830648184e-02 7.771489024162e-02 1.073313355446e-01 5.976048111916e-02 1.210677474737e-01 1.002885624766e-01 6.595851480961e-02 6.058318540454e-02 8.751244097948e-02 1.877307146788e-01 9.531797468662e-02 1.016109958291e-01
2.025891095400e-02 3.812256827950e-02 3.535501658916e-02 3.774159401655e-02 4.005503654480e-02 4.231955111027e-02 4.493340104818e-02 4.673271998763e-02 4.775738716125e-02 4.792582988739e-02 4.649755358696e-02 4.483547434211e-02 4.293074831367e-02 6.328643113375e-02 7.346117496490e-02 6.118931621313e-02 3.063498437405e-02 2.768966555595e-02 3.043352626264e-02 4.796122759581e-02 5.083214864135e-02 4.579744488001e-02 4.217076301575e-02 4.465683549643e-02 7.501724362373e-02 1.116317063570e-01 1.728608608246e-01 2.414658665657e-01 2.280881553888e-01 1.388602852821e-01 1.077676787972e-01 1.358897536993e-01 1.459129601717e-01 1.346695721149e-01 1.115497648716e-01 1.305283755064e-01 1.242872998118e-01 9.592747688293e-02 1.091915592551e-01 9.774649143219e-02 2.683326900005e-01 2.193723618984e-01 5.940261483192e-02
2.075611054897e-02 4.313199967146e-02 4.305731877685e-02 4.175035655499e-02 3.680274263024e-02 3.314640000463e-02 3.148784115911e-02 3.481533750892e-02 3.855900093913e-02 4.297373071313e-02 4.789178445935e-02 5.363358557224e-02 5.908607318997e-02 9.343768656254e-02 9.568038582802e-02 7.271230220795e-02 6.858124583960e-02 6.530477106571e-02 6.086533144116e-02 5.582969263196e-02 5.038087069988e-02 4.365602135658e-02 4.757648706436e-02 4.645597189665e-02 5.128103867173e-02 8.450572937727e-02 1.245295330882e-01 1.969537883997e-01 2.502090930939e-01 1.732564866543e-01 8.204981684685e-02 8.507049828768e-02 1.250215768814e-01 1.660169363022e-01 1.844185441732e-01 1.710304617882e-01 1.234165504575e-01 1.039025560021e-01 7.836230844259e-02 1.123969331384e-01 2.801744341850e-01 3.363929688931e-01 9.049527347088e-02
1.757911778986e-02 3.545036539435e-02 3.706634789705e-02 4.039900004864e-02 4.241600260139e-02 4.099279642105e-02 3.441510349512e-02 2.992672845721e-02 3.009462356567e-02 3.008575551212e-02 2.991683222353e-02 2.927169203758e-02 2.834608592093e-02 3.589940816164e-02 5.386823043227e-02 5.901363492012e-02 7.081529498100e-02 6.840521097183e-02 5.585889145732e-02 6.180593371391e-02 6.538455188274e-02 6.749825924635e-02 7.002655416727e-02 7.314972579479e-02 7.035266608000e-02 5.617668479681e-02 8.399339765310e-02 1.492707729340e-01 2.107921838760e-01 1.547122001648e-01 7.747610658407e-02 5.449227988720e-02 4.841036349535e-02 8.074106276035e-02 9.751708060503e-02 1.585870981216e-01 2.013939917088e-01 1.862062662840e-01 1.159111261368e-01 1.262997090816e-01 1.799676865339e-01 3.992277681828e-01 1.452859044075e-01
1.422515325248e-02 2.750784158707e-02 2.740947157145e-02 2.625662274659e-02 2.687001414597e-02 3.006600961089e-02 3.140957653522e-02 3.091716021299e-02 2.629137784243e-02 2.846165746450e-02 3.092699684203e-02 3.342514112592e-02 3.572865575552e-02 3.803138434887e-02 4.037721082568e-02 4.240840673447e-02 4.417673870921e-02 6.646234542131e-02 7.082486152649e-02 9.153389185667e-02 7.172182202339e-02 5.904605239630e-02 5.635778978467e-02 5.492817983031e-02 5.515341088176e-02 6.268703937531e-02 8.358410000801e-02 9.568667411804e-02 1.348426192999e-01 1.099537760019e-01 5.574139580131e-02 6.572739779949e-02 4.899862781167e-02 6.486678868532e-02 7.615358382463e-02 9.239190071821e-02 9.325534850359e-02 1.563152819872e-01 2.209431678057e-01 1.791092902422e-01 1.594883650541e-01 3.269816935062e-01 2.951018810272e-01
8.972300216556e-03 1.808647811413e-02 1.780864596367e-02 1.742013730109e-02 1.968903280795e-02 2.313821949065e-02 2.535113878548e-02 2.658730372787e-02 2.701098099351e-02 2.489138953388e-02 2.321289107203e-02 2.432028390467e-02 2.571971528232e-02 2.599322609603e-02 2.635386399925e-02 3.512080013752e-02 3.909696638584e-02 5.244498699903e-02 9.920010715723e-02 1.038577035069e-01 9.194689989090e-02 7.842834293842e-02 9.185986220837e-02 1.099675893784e-01 7.743807882071e-02 8.876597136259e-02 8.647718280554e-02 8.040259778500e-02 8.387343585491e-02 1.107776984572e-01 1.040424779058e-01 6.498121470213e-02 6.758859753609e-02 7.112795859575e-02 7.701158523560e-02 8.028246462345e-02 8.308226615191e-02 1.069988980889e-01 1.562563031912e-01 1.823345422745e-01 2.178439795971e-01 2.920543849468e-01 2.419172376394e-01
