100/SI/f112_max.grd
DSAA
101	101
32.816463539100	34.260883539100
35.556306596100	36.727886596100
2.127531661245e-05	3.516046285629e+00
[rows 57 to 75 of 101, columns 43 to 85 of 101]
1.477864012122e-02 1.762116514146e-02 8.953200653195e-03 9.923802688718e-03 9.816880337894e-03 1.579946093261e-02 1.779965311289e-02 2.396176941693e-02 2.092375233769e-02 1.141315978020e-02 7.925375364721e-03 6.659151986241e-03 4.908502567559e-03 8.719854988158e-03 3.630885109305e-02 1.219683513045e-01 2.701520919800e-01 2.547534108162e-01 3.659609258175e-01 1.242573484778e-01 3.591430559754e-02 2.743529714644e-02 4.965282231569e-02 9.113004803658e-02 1.559329032898e-01 1.413499414921e-01 1.538044959307e-01 1.248569637537e-01 1.624876111746e-01 1.501034200191e-01 1.585991084576e-01 1.181989535689e-01 1.225797906518e-01 1.721528470516e-01 1.069015711546e-01 6.717275083065e-02 7.840957492590e-02 1.100096702576e-01 1.379112303257e-01 9.977229684591e-02 4.159777238965e-02 3.650580346584e-02 3.529755771160e-02
1.180007681251e-02 1.968971826136e-02 7.235280238092e-03 7.693972904235e-03 7.620992604643e-03 1.146268192679e-02 2.231956832111e-02 7.174313068390e-02 5.705447122455e-02 1.230515353382e-02 7.319761440158e-03 5.043119657785e-03 3.864751197398e-03 3.823498496786e-03 7.558789104223e-03 7.265621423721e-02 8.516751974821e-02 8.885743469000e-02 7.205446809530e-02 7.293349504471e-02 5.331559106708e-02 4.050708189607e-02 3.125304728746e-02 1.890582963824e-02 4.882872477174e-02 9.709897637367e-02 1.693912893534e-01 1.726296991110e-01 1.883768290281e-01 1.035020723939e-01 1.365640461445e-01 1.246353462338e-01 1.068329438567e-01 9.370994567871e-02 9.527434408665e-02 7.167793065310e-02 7.038773596287e-02 8.474145829678e-02 8.329082280397e-02 7.630190998316e-02 7.918073982000e-02 8.300576359034e-02 7.767289131880e-02
9.855655021966e-03 9.500775486231e-03 6.585517432541e-03 7.002135273069e-03 7.118835579604e-03 1.043388713151e-02 3.169340267777e-02 8.194094896317e-02 8.152679353952e-02 1.829705573618e-02 7.597212679684e-03 4.309940151870e-03 3.055611858144e-03 2.771213417873e-03 2.843196270987e-03 3.557726508006e-03 4.899948835373e-03 6.674265023321e-03 8.632868528366e-03 1.071161497384e-02 1.258323155344e-02 1.476694736630e-02 9.945604950190e-03 9.994828142226e-03 2.385612390935e-02 1.109718307853e-01 1.911692619324e-01 2.169569730759e-01 2.084734141827e-01 2.103896141052e-01 1.386175453663e-01 1.202429458499e-01 1.020516157150e-01 9.269346296787e-02 1.301798075438e-01 1.122113615274e-01 9.308717399836e-02 5.828269198537e-02 6.272607296705e-02 5.270102247596e-02 4.642170667648e-02 4.384932294488e-02 3.830532357097e-02
9.089279919863e-03 8.180649951100e-03 6.373684853315e-03 7.099654525518e-03 8.069641888142e-03 1.059548184276e-02 7.314944267273e-02 8.235134184361e-02 1.011794209480e-01 1.412429194897e-02 6.662279367447e-03 4.152013920248e-03 2.762432908639e-03 2.241183072329e-03 2.141290577129e-03 2.258546650410e-03 2.766697900370e-03 3.644500626251e-03 5.235646851361e-03 6.104521453381e-03 7.011003792286e-03 1.404356583953e-02 7.229393813759e-03 6.661255378276e-03 2.034808322787e-02 4.541566595435e-02 1.621100306511e-01 1.799235045910e-01 1.912333518267e-01 2.042366713285e-01 1.701476275921e-01 1.317800283432e-01 9.158782660961e-02 1.174748241901e-01 8.174506574869e-02 7.192605733871e-02 5.963440239429e-02 4.929769411683e-02 4.634470492601e-02 4.560490697622e-02 4.831489920616e-02 6.851058453321e-02 9.544397890568e-02
7.700499147177e-03 5.997118540108e-03 6.262269336730e-03 7.534000556916e-03 1.168197114021e-02 1.910464465618e-02 5.796964839101e-02 1.288712471724e-01 4.977726191282e-02 7.883765734732e-03 4.849730525166e-03 3.536874894053e-03 2.521232934669e-03 1.892367843539e-03 1.731431344524e-03 1.734247547574e-03 1.888768631034e-03 2.527006668970e-03 3.479304956272e-03 3.978757653385e-03 4.133279900998e-03 8.590923622251e-03 5.135871935636e-03 5.570062436163e-03 1.251326687634e-02 4.255400225520e-02 1.151554733515e-01 1.563420742750e-01 1.623626053333e-01 1.237248107791e-01 9.541275352240e-02 1.363528668880e-01 9.323406219482e-02 6.578994542360e-02 7.308089733124e-02 9.228952974081e-02 8.356064558029e-02 5.914269760251e-02 5.522153526545e-02 5.381291732192e-02 5.215722694993e-02 5.783876031637e-02 7.172366976738e-02
5.588244646788e-03 4.599245730788e-03 5.752646364272e-03 1.350515894592e-02 3.085618652403e-02 7.140695303679e-02 1.044872254133e-01 6.580071896315e-02 6.993641145527e-03 4.780068993568e-03 3.430885961279e-03 2.825640607625e-03 2.205264288932e-03 1.803194056265e-03 1.586974365637e-03 1.653717365116e-03 1.730557763949e-03 2.090292517096e-03 3.016711445525e-03 3.711033845320e-03 3.941670060158e-03 4.176086280495e-03 4.195047542453e-03 6.266055162996e-03 1.519912108779e-02 3.974015265703e-02 4.878648743033e-02 4.874493181705e-02 9.398915618658e-02 1.090235114098e-01 1.276498585939e-01 8.141872286797e-02 1.053104996681e-01 7.734993100166e-02 8.651333302259e-02 1.021377891302e-01 2.041308879852e-01 1.288207024336e-01 7.581601291895e-02 6.214404851198e-02 6.392249464989e-02 6.280820816755e-02 6.065837293863e-02
3.607328981161e-03 3.766847541556e-03 4.762731492519e-03 6.017858162522e-03 1.326196920127e-02 8.210350573063e-02 5.337208881974e-02 7.109295111150e-03 4.157361574471e-03 3.662576666102e-03 3.072289051488e-03 2.596555976197e-03 2.033791970462e-03 1.735006575473e-03 1.545466599055e-03 1.704853377305e-03 1.767054782249e-03 1.723001594655e-03 2.481224248186e-03 3.166115144268e-03 3.577340394258e-03 3.558037104085e-03 4.459537565708e-03 7.244626060128e-03 2.256081625819e-02 4.473422840238e-02 2.653765119612e-02 3.474272787571e-02 3.232574835420e-02 1.671897470951e-01 2.431373447180e-01 1.314801424742e-01 7.218880206347e-02 9.883221983910e-02 3.904251381755e-02 4.111514613032e-02 1.524224281311e-01 7.338106632233e-02 5.979660525918e-02 4.581198841333e-02 4.707210883498e-02 5.248625949025e-02 5.655596777797e-02
3.025928046554e-03 3.290784312412e-03 3.856823081151e-03 4.878283943981e-03 5.523115862161e-03 7.677714806050e-03 8.488689549267e-03 5.787322763354e-03 3.011559834704e-03 3.108503995463e-03 2.724390244111e-03 2.494871849194e-03 2.042368985713e-03 1.650185091421e-03 1.688786898740e-03 1.721744891256e-03 1.840420765802e-03 1.826328341849e-03 2.089745365083e-03 2.683431841433e-03 3.192503238097e-03 3.391735488549e-03 3.580062650144e-03 5.949787329882e-03 1.668596826494e-02 1.031034346670e-02 9.932136163116e-03 1.630245521665e-02 3.691975027323e-02 7.313705235720e-02 7.659735530615e-02 9.669250994921e-02 1.541200727224e-01 8.270107209682e-02 7.879189401865e-02 6.127713620663e-02 6.266238540411e-02 5.309171229601e-02 2.826062589884e-02 3.526368737221e-02 3.444496914744e-02 3.716053813696e-02 4.673591256142e-02
2.377830445766e-03 2.681563142687e-03 3.194532822818e-03 3.917147405446e-03 4.210555460304e-03 4.684582818300e-03 4.956625867635e-03 3.101043170318e-03 2.639898564667e-03 2.748989732936e-03 2.562544308603e-03 2.221764996648e-03 1.855438691564e-03 1.663992181420e-03 1.648840494454e-03 1.889082253911e-03 1.851504552178e-03 1.591843087226e-03 1.846672152169e-03 2.344143576920e-03 2.774794586003e-03 3.247434273362e-03 4.600822459906e-03 4.816178232431e-03 4.892723169178e-03 6.827773991972e-03 6.646031979471e-03 1.630978845060e-02 2.281199023128e-02 3.068564273417e-02 6.370828300714e-02 1.114879697561e-01 8.278003334999e-02 1.509628295898e-01 9.654036164284e-02 5.426293238997e-02 4.509399458766e-02 4.100432619452e-02 4.929485544562e-02 4.638519138098e-02 5.780525133014e-02 5.684966593981e-02 6.611972302198e-02
2.195210196078e-03 2.172685461119e-03 2.445640275255e-03 2.773863496259e-03 2.989556640387e-03 2.945187967271e-03 2.815505722538e-03 2.711398527026e-03 2.933395793661e-03 2.899110782892e-03 2.699973294511e-03 2.351688453928e-03 1.923103933223e-03 1.705506932922e-03 1.541725709103e-03 1.508557121269e-03 1.701174885966e-03 1.724949222989e-03 1.749083283357e-03 2.111101755872e-03 2.445078920573e-03 2.885179594159e-03 4.424239043146e-03 4.974170587957e-03 5.363299045712e-03 1.112256105989e-02 1.529444102198e-02 1.965099759400e-02 2.757153473794e-02 2.979794703424e-02 6.510072201490e-02 1.235264837742e-01 5.842787027359e-02 6.225784868002e-02 1.100956574082e-01 9.305884689093e-02 6.466776877642e-02 5.494277179241e-02 6.878391653299e-02 3.540694713593e-02 4.696794226766e-02 5.695104598999e-02 6.800425797701e-02
1.803638879210e-03 2.044783206657e-03 2.147499704733e-03 2.169601386413e-03 2.429844113067e-03 2.615984994918e-03 2.817859640345e-03 2.501025330275e-03 2.408532425761e-03 2.484648954123e-03 2.668553730473e-03 2.655102172866e-03 2.284511690959e-03 1.937740715221e-03 1.836734008975e-03 1.660101115704e-03 1.429991796613e-03 1.589677529410e-03 1.799933612347e-03 1.989969750866e-03 2.185272518545e-03 2.512748120353e-03 3.765063360333e-03 3.675549989566e-03 4.072800278664e-03 1.006263401359e-02 2.150929905474e-02 2.902301773429e-02 4.082028195262e-02 2.144860662520e-02 6.317143142223e-02 3.160458430648e-02 3.391798213124e-02 3.922747820616e-02 6.259672343731e-02 6.855494529009e-02 8.869212865829e-02 8.075787872076e-02 6.010544672608e-02 5.137763544917e-02 3.937193378806e-02 4.238599538803e-02 3.413072973490e-02
1.766446977854e-03 1.953298691660e-03 1.943787210621e-03 1.977183390409e-03 2.112890360877e-03 2.350855153054e-03 2.544198883697e-03 2.272514626384e-03 1.785523025319e-03 1.907270401716e-03 2.070209942758e-03 2.425202401355e-03 2.517401240766e-03 2.091480651870e-03 1.973061123863e-03 2.389979781583e-03 2.118799369782e-03 1.724784378894e-03 1.877912087366e-03 1.955445157364e-03 2.383575541899e-03 2.646167529747e-03 2.953915158287e-03 3.646833822131e-03 4.231517668813e-03 7.341785356402e-03 1.547129079700e-02 1.843666471541e-02 2.531846985221e-02 1.434344798326e-02 3.045367822051e-02 2.333748526871e-02 3.878509625793e-02 2.371816895902e-02 4.681757092476e-02 3.495383635163e-02 5.544786155224e-02 6.800557672977e-02 6.056453660131e-02 8.167250454426e-02 7.425937056541e-02 5.938422679901e-02 5.230418965220e-02
1.701114117168e-03 1.839103293605e-03 1.768699963577e-03 1.799475052394e-03 1.807466149330e-03 1.762004569173e-03 1.951538142748e-03 1.844868762419e-03 2.205853117630e-03 2.387882210314e-03 2.167653292418e-03 2.187869278714e-03 2.406161045656e-03 2.504433738068e-03 2.294745529070e-03 2.963337348774e-03 2.637974917889e-03 2.017182530835e-03 2.027066191658e-03 2.014971338212e-03 2.315658377483e-03 2.512281760573e-03 2.830858808011e-03 3.761258907616e-03 4.420062527061e-03 6.582292262465e-03 9.891083464026e-03 1.141251903027e-02 1.225640717894e-02 1.548837125301e-02 2.587557211518e-02 3.966998681426e-02 2.674834616482e-02 6.330097466707e-02 2.228496037424e-02 2.907796949148e-02 5.930867418647e-02 8.301807940006e-02 4.063979908824e-02 4.594574123621e-02 2.929365448654e-02 5.516054853797e-02 4.868687316775e-02
1.517427386716e-03 1.639668364078e-03 1.576577662490e-03 1.548494794406e-03 1.437559141777e-03 1.455130055547e-03 1.535695279017e-03 2.028466435149e-03 2.520225709304e-03 2.589887240902e-03 2.263148315251e-03 2.497235778719e-03 2.778496127576e-03 2.702291589230e-03 2.681710757315e-03 2.785296877846e-03 2.987997140735e-03 3.495245240629e-03 3.132918849587e-03 2.813603729010e-03 2.895184094086e-03 3.114754334092e-03 3.721677465364e-03 3.824357176200e-03 4.610798787326e-03 5.668693687767e-03 9.328518994153e-03 9.297758340836e-03 1.667881011963e-02 3.373421356082e-02 4.192195832729e-02 2.141990698874e-02 2.148970775306e-02 6.444898247719e-02 3.421950712800e-02 4.211995750666e-02 3.736174851656e-02 4.841896146536e-02 3.536222875118e-02 1.355329994112e-02 1.290227659047e-02 1.742022857070e-02 3.445661440492e-02
1.396633102559e-03 1.398358377628e-03 1.388653181493e-03 1.369508099742e-03 1.406783820130e-03 1.488986890763e-03 1.582055236213e-03 1.891975756735e-03 2.121860627085e-03 2.013308694586e-03 2.375213429332e-03 2.556396648288e-03 2.482631476596e-03 2.610369585454e-03 3.571643494070e-03 4.970359150320e-03 5.634047556669e-03 7.138392422348e-03 7.120039779693e-03 7.667406462133e-03 5.472243763506e-03 5.218046251684e-03 6.050949916244e-03 5.067013669759e-03 5.784401670098e-03 7.995470426977e-03 2.396230772138e-02 2.236097864807e-02 2.161106094718e-02 2.912970632315e-02 1.637079939246e-02 1.725980639458e-02 2.307858876884e-02 1.326734758914e-02 7.173978537321e-02 9.978768229485e-02 8.909877389669e-02 2.064106613398e-02 9.775830432773e-03 8.081985637546e-03 7.900422438979e-03 9.340142831206e-03 9.855147451162e-03
1.298028975725e-03 1.346710021608e-03 1.295972848311e-03 1.395044964738e-03 1.493711373769e-03 1.709052477963e-03 1.709522213787e-03 1.979445572942e-03 2.168004168198e-03 2.519939094782e-03 2.614908851683e-03 3.104876261204e-03 3.254774957895e-03 3.011214314029e-03 7.290326990187e-03 2.616312727332e-02 2.067716605961e-02 1.229767687619e-02 1.383198425174e-02 1.722021028399e-02 1.272831857204e-02 6.695550866425e-03 7.792111486197e-03 9.760795161128e-03 9.485014714301e-03 1.769015938044e-02 2.487429603934e-02 2.202495560050e-02 1.797390915453e-02 1.622893661261e-02 1.841581054032e-02 1.714289933443e-02 1.298108138144e-02 1.083510741591e-02 1.836232095957e-02 8.435430377722e-02 8.789353817701e-02 1.812829822302e-02 6.453884299845e-03 6.574542727321e-03 5.918279755861e-03 5.686881486326e-03 9.347902610898e-03
1.301452866755e-03 1.402385300025e-03 1.774525619112e-03 1.983343623579e-03 1.819769851863e-03 3.016387810931e-03 3.546437481418e-03 3.606474725530e-03 3.049755468965e-03 2.981572644785e-03 3.275340190157e-03 4.117216449231e-03 4.105104133487e-03 1.514276117086e-02 1.069901883602e-01 1.347183436155e-01 6.285060197115e-02 3.583445772529e-02 2.865353040397e-02 2.237483114004e-02 1.069026160985e-02 1.063797436655e-02 2.319178171456e-02 4.947778210044e-02 4.057257622480e-02 2.163159288466e-02 2.527656033635e-02 2.058195136487e-02 2.179762348533e-02 1.502821315080e-02 3.716743364930e-02 1.488691568375e-02 1.147290877998e-02 8.110826835036e-03 5.386520642787e-03 1.738321594894e-02 1.918740943074e-02 4.695921204984e-03 3.157708561048e-03 3.715926082805e-03 4.594388883561e-03 5.136071704328e-03 4.802718292922e-03
1.595424837433e-03 2.509181154892e-03 3.420334542170e-03 3.716738428921e-03 4.793124739081e-03 6.372374016792e-03 6.260816473514e-03 5.522607360035e-03 4.748115316033e-03 3.661545226350e-03 4.421650432050e-03 4.890049342066e-03 2.721638418734e-02 1.500846594572e-01 2.052716761827e-01 7.158589363098e-02 2.255649119616e-02 1.380562689155e-02 1.406449079514e-02 1.230368204415e-02 1.178339961916e-02 2.682922966778e-02 5.288960412145e-02 7.023122906685e-02 5.649698898196e-02 2.905982732773e-02 2.005356736481e-02 1.472543179989e-02 1.334342360497e-02 1.187950652093e-02 1.598563790321e-02 7.364994380623e-03 8.326928131282e-03 6.750856991857e-03 4.241567570716e-03 2.515422180295e-03 2.075369004160e-03 2.021687338129e-03 2.123309299350e-03 2.644505351782e-03 3.550905501470e-03 4.490650258958e-03 4.594114609063e-03
2.642034087330e-03 3.950112033635e-03 5.247123539448e-03 7.041362114251e-03 1.362811587751e-02 1.347498036921e-02 1.884897612035e-02 1.363116595894e-02 1.549686398357e-02 9.205480106175e-03 5.162156186998e-03 3.549847751856e-02 1.430123150349e-01 1.423753499985e-01 3.725881502032e-02 1.119434554130e-02 2.078428864479e-02 2.745310962200e-02 1.940050721169e-02 2.255551330745e-02 2.726282179356e-02 2.741378918290e-02 3.998317569494e-02 3.267659246922e-02 2.208990976214e-02 1.722297817469e-02 1.073732320219e-02 4.167064093053e-03 4.290231503546e-03 4.231918603182e-03 5.420876666903e-03 3.965788055211e-03 3.493724390864e-03 2.415093360469e-03 2.469296799973e-03 2.515016589314e-03 2.596122678369e-03 2.725195139647e-03 2.898479346186e-03 3.121917368844e-03 3.156821010634e-03 3.769637783989e-03 4.776766989380e-03
