100/SI/f112_max.grd
DSAA
101	101
32.816463539100	34.260883539100
35.556306596100	36.727886596100
2.127531661245e-05	3.516046285629e+00
[rows 0 to 18 of 101, columns 0 to 42 of 101]
3.228754037991e-03 5.771087948233e-03 5.114014260471e-03 3.060571616516e-03 2.575109247118e-03 3.352778963745e-03 6.678983103484e-03 9.308728389442e-03 8.323336020112e-03 4.968348890543e-03 3.140630200505e-03 3.609963227063e-03 3.832557937130e-03 3.700403030962e-03 3.173112403601e-03 4.835138097405e-03 7.267191540450e-03 8.411815389991e-03 5.993410013616e-03 3.887566505000e-03 4.433788824826e-03 4.747092258185e-03 3.493765136227e-03 3.132815472782e-03 3.332448424771e-03 4.555772058666e-03 6.667949259281e-03 7.615588605404e-03 9.925954043865e-03 7.910559885204e-03 6.054326891899e-03 5.688941106200e-03 4.936666227877e-03 3.916874993593e-03 3.187987720594e-03 3.087108023465e-03 2.838649088517e-03 3.846855135635e-03 5.399845074862e-03 6.194079294801e-03 5.187903530896e-03 4.408134613186e-03 4.199833609164e-03
5.976346321404e-03 1.127848681062e-02 1.106252148747e-02 7.726383395493e-03 5.461754743010e-03 6.483221426606e-03 1.285504363477e-02 1.777339726686e-02 1.572075113654e-02 9.156850166619e-03 5.393256898969e-03 6.168300751597e-03 6.514736916870e-03 6.202395539731e-03 5.410812329501e-03 7.192025892437e-03 1.145041454583e-02 1.498918980360e-02 1.353418454528e-02 8.068243041635e-03 8.087771013379e-03 1.239693537354e-02 6.521211471409e-03 5.859975703061e-03 6.873817183077e-03 8.902239613235e-03 1.117900665849e-02 1.276246365160e-02 1.887654699385e-02 1.469733379781e-02 9.841526858509e-03 8.918208070099e-03 8.362236432731e-03 6.738861557096e-03 7.248355541378e-03 7.578239310533e-03 7.619639858603e-03 8.556948043406e-03 1.076432224363e-02 1.083329413086e-02 8.014901541173e-03 7.951100356877e-03 8.688606321812e-03
5.845701787621e-03 1.199973002076e-02 1.345138251781e-02 1.152232754976e-02 7.406598422676e-03 7.484913337976e-03 1.487635914236e-02 2.020745724440e-02 1.730999723077e-02 9.482133202255e-03 6.811924278736e-03 7.680358365178e-03 7.935910485685e-03 7.343199104071e-03 6.047006696463e-03 5.821377038956e-03 7.520873099566e-03 1.123560871929e-02 1.284816861153e-02 1.044509746134e-02 1.278190966696e-02 1.916448958218e-02 8.392453193665e-03 7.258017081767e-03 9.142351336777e-03 1.106680370867e-02 1.148689724505e-02 1.158269308507e-02 2.200089022517e-02 1.648257113993e-02 9.536610916257e-03 8.176452480257e-03 1.144314557314e-02 6.090761628002e-03 6.822022143751e-03 7.834297604859e-03 9.822469204664e-03 1.244551222771e-02 1.301403064281e-02 1.078182365745e-02 1.101739238948e-02 7.375544402748e-03 9.739262983203e-03
5.187612492591e-03 1.141699030995e-02 1.361456420273e-02 1.391820516437e-02 1.118956040591e-02 7.664794102311e-03 1.555102039129e-02 2.067784033716e-02 1.673004403710e-02 8.144123479724e-03 7.539822719991e-03 8.323682472110e-03 8.288458921015e-03 7.374739274383e-03 5.864684004337e-03 5.943707656115e-03 5.671476945281e-03 6.524963770062e-03 8.492256514728e-03 9.666549041867e-03 2.144012786448e-02 2.439012750983e-02 9.410699829459e-03 7.970334030688e-03 1.008516922593e-02 1.156470831484e-02 1.106222625822e-02 1.058222446591e-02 2.204030193388e-02 1.602562889457e-02 8.119381964207e-03 6.605704780668e-03 1.318996585906e-02 7.014141883701e-03 7.644763682038e-03 1.081257872283e-02 1.337832398713e-02 1.394100021571e-02 1.179920043796e-02 1.366054173559e-02 1.330348104239e-02 8.170735090971e-03 8.928284980357e-03
5.073969252408e-03 1.092236209661e-02 1.292979903519e-02 1.430887356400e-02 1.369564142078e-02 9.681433439255e-03 1.587079279125e-02 2.066042274237e-02 1.568512246013e-02 6.903139874339e-03 8.087540045381e-03 8.609577082098e-03 8.346459828317e-03 8.309101685882e-03 7.629341445863e-03 6.443390157074e-03 6.266504060477e-03 6.175676360726e-03 8.764940313995e-03 1.775448024273e-02 2.980404719710e-02 2.679584547877e-02 1.009928993881e-02 1.134149450809e-02 1.009064912796e-02 1.129983272403e-02 1.013551838696e-02 1.053422782570e-02 2.086492627859e-02 1.509775035083e-02 9.595103561878e-03 7.510070689023e-03 1.406329125166e-02 8.567306213081e-03 1.202299259603e-02 1.439154613763e-02 1.454791612923e-02 1.227898616344e-02 8.452628739178e-03 1.402230374515e-02 1.627502404153e-02 1.091919373721e-02 7.065743207932e-03
4.736132454127e-03 9.527462534606e-03 1.151473354548e-02 1.260405965149e-02 1.398687716573e-02 1.164716109633e-02 1.585997268558e-02 1.999842002988e-02 1.413818076253e-02 7.666981313378e-03 8.589383214712e-03 9.438837878406e-03 1.006144192070e-02 9.738408960402e-03 8.762413635850e-03 7.133265957236e-03 5.763335153461e-03 6.546093616635e-03 1.395483221859e-02 2.531118132174e-02 3.467686101794e-02 2.646807022393e-02 1.133622229099e-02 1.727131195366e-02 1.062087621540e-02 1.059601176530e-02 9.079326875508e-03 1.145890913904e-02 1.866577565670e-02 1.509384065866e-02 9.697143919766e-03 8.131071925163e-03 1.630939729512e-02 1.283403299749e-02 1.523168105632e-02 1.505671907216e-02 1.249562762678e-02 8.639901876450e-03 9.517389349639e-03 1.321226079017e-02 1.993597671390e-02 1.268674526364e-02 6.877299398184e-03
5.966736935079e-03 1.059857383370e-02 9.778608568013e-03 9.681700728834e-03 1.207418553531e-02 1.169924531132e-02 1.561255659908e-02 1.911657117307e-02 1.268941629678e-02 8.455337025225e-03 9.492669254541e-03 1.080378144979e-02 1.094874273986e-02 1.018301676959e-02 8.668707683682e-03 8.184448815882e-03 7.763332221657e-03 9.666292928159e-03 1.883284002542e-02 3.024098277092e-02 3.591052442789e-02 2.417407184839e-02 1.499094348401e-02 2.189272269607e-02 1.538992300630e-02 9.647144936025e-03 8.864033035934e-03 2.124647237360e-02 2.980156615376e-02 1.923088543117e-02 1.075603812933e-02 9.144715964794e-03 1.791078038514e-02 1.504894066602e-02 1.504661608487e-02 1.249271444976e-02 8.707209490240e-03 9.539107792079e-03 1.382515393198e-02 1.745385304093e-02 2.047714032233e-02 1.499005593359e-02 6.889419164509e-03
6.054614670575e-03 1.211161073297e-02 1.251559611410e-02 9.059506468475e-03 8.649282157421e-03 9.793132543564e-03 1.539766974747e-02 1.869323290884e-02 1.182014774531e-02 9.140217676759e-03 1.071681734174e-02 1.144027709961e-02 1.106390077621e-02 9.762474335730e-03 9.144457988441e-03 1.036502234638e-02 1.155503373593e-02 1.275844126940e-02 2.308352105319e-02 3.281001746655e-02 3.524841740727e-02 2.172767929733e-02 1.626938208938e-02 2.407214045525e-02 1.871918328106e-02 1.192772109061e-02 8.569050580263e-03 3.228756412864e-02 4.176335781813e-02 2.255276776850e-02 1.175522990525e-02 1.098094414920e-02 1.768890395761e-02 1.381719391793e-02 1.285137608647e-02 9.120285511017e-03 9.132287465036e-03 1.360782887787e-02 1.797896809876e-02 1.985975541174e-02 1.800892315805e-02 1.879939809442e-02 7.929240353405e-03
5.236957687885e-03 1.145063061267e-02 1.424023509026e-02 1.296317949891e-02 8.612707257271e-03 8.463447913527e-03 1.523263286799e-02 1.853368058801e-02 1.137905847281e-02 1.020910590887e-02 1.136126741767e-02 1.147305965424e-02 1.050405297428e-02 9.036519564688e-03 9.534845128655e-03 1.102093420923e-02 1.494903769344e-02 1.530709117651e-02 2.547062933445e-02 3.231025487185e-02 3.198765963316e-02 1.885787770152e-02 1.659996435046e-02 2.301510237157e-02 2.019459381700e-02 1.377512887120e-02 1.081600040197e-02 4.165266081691e-02 4.874760657549e-02 2.485179714859e-02 1.291954051703e-02 1.046917960048e-02 1.794590055943e-02 1.197180524468e-02 1.410931441933e-02 1.411039195955e-02 1.364321261644e-02 1.829896867275e-02 2.105088345706e-02 1.990040764213e-02 1.461908966303e-02 2.333878166974e-02 9.309786371887e-03
5.313127301633e-03 9.510068222880e-03 1.342492457479e-02 1.520940568298e-02 1.297464314848e-02 8.567450568080e-03 1.527188904583e-02 1.850675605237e-02 1.112029142678e-02 1.080085150898e-02 1.139110233635e-02 1.090732868761e-02 1.189893297851e-02 1.295849308372e-02 1.355299167335e-02 1.374307274818e-02 1.622753776610e-02 1.771804317832e-02 2.621681615710e-02 2.996841073036e-02 2.771419845521e-02 1.607407443225e-02 1.499609742314e-02 2.011246047914e-02 1.950456015766e-02 1.415603607893e-02 1.169590000063e-02 4.726613685489e-02 5.177707970142e-02 2.575054764748e-02 1.132862735540e-02 9.051023051143e-03 1.944988220930e-02 1.188313961029e-02 1.444623339921e-02 1.467846427113e-02 1.897075958550e-02 2.184755355120e-02 2.137607708573e-02 1.712128892541e-02 1.227671466768e-02 2.535938657820e-02 1.283635850996e-02
5.335870664567e-03 1.069156825542e-02 1.106869988143e-02 1.454925909638e-02 1.592488400638e-02 1.280817389488e-02 1.513878442347e-02 1.821494102478e-02 1.075697969645e-02 1.090951543301e-02 1.196665130556e-02 1.400724891573e-02 1.553033385426e-02 1.637454330921e-02 1.676538772881e-02 1.691214926541e-02 1.673495955765e-02 2.197046950459e-02 3.081393614411e-02 3.265837952495e-02 2.744708023965e-02 2.028401382267e-02 1.423692703247e-02 1.715127192438e-02 1.759021356702e-02 1.260740403086e-02 1.355951838195e-02 4.986440762877e-02 5.297478288412e-02 2.522157318890e-02 1.085331384093e-02 1.020282227546e-02 1.905539259315e-02 1.260647829622e-02 1.674430817366e-02 2.031225338578e-02 2.265629731119e-02 2.222351543605e-02 1.843327656388e-02 1.422651670873e-02 1.390048116446e-02 2.436858229339e-02 1.669904403389e-02
4.515887703747e-03 9.512875229120e-03 1.139185857028e-02 1.209870167077e-02 1.572312600911e-02 1.657978631556e-02 1.468318141997e-02 1.755599677563e-02 1.065471861511e-02 1.289958413690e-02 1.500961184502e-02 1.672722399235e-02 1.790219172835e-02 1.857248134911e-02 1.879793591797e-02 1.875932142138e-02 1.856184564531e-02 2.923143655062e-02 3.997195139527e-02 4.154440760612e-02 3.579197824001e-02 2.803701162338e-02 2.050639316440e-02 1.455333735794e-02 2.041054330766e-02 1.956111378968e-02 1.659698784351e-02 4.784374311566e-02 4.686465486884e-02 2.294968999922e-02 1.399757061154e-02 1.656848378479e-02 1.787906512618e-02 2.012503705919e-02 2.282395958900e-02 2.384684979916e-02 2.286862768233e-02 1.971485465765e-02 1.891799084842e-02 2.192341163754e-02 1.649022288620e-02 2.083385363221e-02 2.002979628742e-02
3.883587894961e-03 7.387464400381e-03 9.475685656071e-03 1.121725142002e-02 1.329108234495e-02 1.685263775289e-02 1.694270968437e-02 1.660953834653e-02 1.322594098747e-02 1.537688821554e-02 1.691451482475e-02 1.789124310017e-02 1.847292296588e-02 1.879251375794e-02 1.881152391434e-02 1.870956271887e-02 1.870599947870e-02 3.216044232249e-02 4.346439242363e-02 4.438166320324e-02 3.836214169860e-02 3.122750110924e-02 2.439994923770e-02 1.783805899322e-02 2.745022624731e-02 2.654134482145e-02 2.237668819726e-02 4.165167734027e-02 3.676675632596e-02 1.951558887959e-02 2.450029179454e-02 2.765143848956e-02 2.754247933626e-02 2.663499303162e-02 2.596171572804e-02 2.513155154884e-02 2.436618506908e-02 2.311487868428e-02 2.114066854119e-02 2.969865873456e-02 1.847329363227e-02 1.584334485233e-02 2.581339515746e-02
4.815055523068e-03 9.351382963359e-03 9.197640232742e-03 8.621701970696e-03 1.057172566652e-02 1.445601973683e-02 1.803636923432e-02 1.721660606563e-02 1.471464615315e-02 1.635257340968e-02 1.716973818839e-02 1.742844097316e-02 1.729536615312e-02 1.689493283629e-02 1.644715107977e-02 1.635506935418e-02 1.676370762289e-02 2.950795739889e-02 3.909239917994e-02 4.040901362896e-02 3.627451509237e-02 3.074542433023e-02 2.537213824689e-02 2.004292234778e-02 2.711804024875e-02 2.801737375557e-02 2.474561333656e-02 3.407279774547e-02 2.681709267199e-02 2.130274847150e-02 2.876490727067e-02 3.254549950361e-02 3.105010092258e-02 2.805916406214e-02 2.518779784441e-02 2.368486300111e-02 2.236315608025e-02 2.083156816661e-02 1.903885044158e-02 3.140420466661e-02 2.877205982804e-02 1.636699400842e-02 2.932102419436e-02
6.210375577211e-03 1.242233905941e-02 1.248149573803e-02 1.224919036031e-02 1.184389647096e-02 1.125148031861e-02 1.581102237105e-02 1.927863061428e-02 1.705457083881e-02 1.599009707570e-02 1.619363576174e-02 1.583702675998e-02 1.512306649238e-02 1.417375449091e-02 1.334720663726e-02 1.349450740963e-02 1.365526113659e-02 2.329529449344e-02 3.002597577870e-02 3.166798129678e-02 2.963000535965e-02 2.660560235381e-02 2.347809635103e-02 2.012352645397e-02 2.124145254493e-02 2.317094057798e-02 2.264082618058e-02 3.465113788843e-02 1.965226605535e-02 2.168667316437e-02 2.810339815915e-02 3.122425265610e-02 2.989417500794e-02 2.472082711756e-02 1.822538673878e-02 1.894516311586e-02 1.611957512796e-02 1.705736294389e-02 1.661012694240e-02 2.589013241231e-02 3.838159143925e-02 1.659576594830e-02 2.948171645403e-02
6.299896631390e-03 1.280233636498e-02 1.326179038733e-02 1.390008255839e-02 1.438395399600e-02 1.451343297958e-02 1.443395111710e-02 1.731933094561e-02 2.015458047390e-02 1.618023961782e-02 1.453627366573e-02 1.377747301012e-02 1.280199643224e-02 1.206609420478e-02 1.299080625176e-02 1.379942614585e-02 1.470101997256e-02 1.922444626689e-02 2.101068012416e-02 2.253329008818e-02 2.206876315176e-02 2.047433145344e-02 1.911833696067e-02 1.812399551272e-02 1.734858378768e-02 1.702277921140e-02 2.258327789605e-02 3.667594492435e-02 2.502398937941e-02 2.448654361069e-02 2.910416759551e-02 2.955780923367e-02 2.474895305932e-02 2.475263178349e-02 1.336339395493e-02 2.248860523105e-02 2.139449119568e-02 1.981752179563e-02 1.700127124786e-02 1.813420094550e-02 4.355333372951e-02 2.369487844408e-02 2.612707763910e-02
6.823911797255e-03 1.178085803986e-02 1.174710504711e-02 1.227071043104e-02 1.327932532877e-02 1.460912730545e-02 1.548491977155e-02 1.595379784703e-02 1.854266785085e-02 1.962979882956e-02 1.680505461991e-02 1.619758270681e-02 1.635203696787e-02 1.482439972460e-02 1.339743472636e-02 1.512412540615e-02 1.670863851905e-02 1.977902464569e-02 1.996282674372e-02 1.666444912553e-02 1.506064273417e-02 1.773205399513e-02 2.220320515335e-02 2.308628521860e-02 2.086614817381e-02 1.681520044804e-02 2.499478496611e-02 3.732316568494e-02 2.513740584254e-02 2.642206288874e-02 2.780788950622e-02 2.856024168432e-02 3.067562542856e-02 2.753908187151e-02 1.684848777950e-02 2.531349472702e-02 2.379906550050e-02 1.968712545931e-02 1.482097618282e-02 1.769763603806e-02 4.177850484848e-02 3.637936338782e-02 2.039925754070e-02
7.787102833390e-03 1.434543542564e-02 1.545115374029e-02 1.333193946630e-02 1.232863496989e-02 1.332408562303e-02 1.359773240983e-02 1.341846026480e-02 1.451135333627e-02 1.806918904185e-02 1.968742161989e-02 2.029647119343e-02 2.035252377391e-02 1.871726848185e-02 1.835042797029e-02 1.772029884160e-02 1.665261760354e-02 1.980363763869e-02 2.078226953745e-02 1.847658678889e-02 1.524900645018e-02 1.402984000742e-02 1.550582237542e-02 1.731077022851e-02 1.776758953929e-02 1.782871782780e-02 2.186763659120e-02 3.583735227585e-02 2.563802339137e-02 2.240456454456e-02 2.567543461919e-02 2.956691384315e-02 3.301578760147e-02 2.815240249038e-02 1.938566938043e-02 2.796883881092e-02 2.280666306615e-02 1.770149357617e-02 1.335855480283e-02 1.614649035037e-02 3.359632939100e-02 4.925383254886e-02 2.257933467627e-02
7.639812305570e-03 1.498275715858e-02 1.781378500164e-02 1.678361184895e-02 1.271035335958e-02 9.884925559163e-03 1.200935337692e-02 1.362326927483e-02 1.462640240788e-02 1.476589497179e-02 1.947401277721e-02 2.164695970714e-02 2.064538747072e-02 2.071415260434e-02 2.099143899977e-02 2.072171121836e-02 1.835113950074e-02 1.962048374116e-02 2.145691774786e-02 1.975772716105e-02 1.514209620655e-02 1.814796030521e-02 1.756024174392e-02 1.806536503136e-02 1.595779322088e-02 1.560650952160e-02 1.640586927533e-02 3.316707909107e-02 3.032018803060e-02 2.393079176545e-02 2.317242324352e-02 2.500045672059e-02 3.095293603837e-02 2.763509191573e-02 2.237522974610e-02 2.701732330024e-02 1.988554745913e-02 1.588910073042e-02 1.501064561307e-02 1.465512439609e-02 2.299873903394e-02 5.761518701911e-02 2.373837493360e-02
