100/SI/f112_max.grd
DSAA
101	101
32.816463539100	34.260883539100
35.556306596100	36.727886596100
2.127531661245e-05	3.516046285629e+00
[rows 38 to 56 of 101, columns 0 to 42 of 101]
8.341938257217e-03 1.760260388255e-02 1.903870701790e-02 1.983387582004e-02 2.356082946062e-02 2.888533473015e-02 3.336215764284e-02 3.798249736428e-02 4.174799099565e-02 3.813522681594e-02 3.130348771811e-02 2.555304951966e-02 2.527011744678e-02 2.489928156137e-02 2.649833820760e-02 3.005187958479e-02 3.400845825672e-02 6.231656298041e-02 1.009837612510e-01 1.083516776562e-01 8.726732432842e-02 7.349415868521e-02 4.921631887555e-02 5.767480656505e-02 1.145633161068e-01 1.489870101213e-01 1.435666680336e-01 1.027323678136e-01 7.384365797043e-02 8.167311549187e-02 8.617079257965e-02 1.060741469264e-01 1.453728973866e-01 1.425731778145e-01 1.338106393814e-01 8.017029613256e-02 1.096074804664e-01 1.232602670789e-01 1.217671334743e-01 1.871021687984e-01 2.056980431080e-01 3.026954829693e-01 2.444442063570e-01
1.232425216585e-02 2.194381318986e-02 1.840548031032e-02 1.795952022076e-02 2.555680088699e-02 3.109285421669e-02 4.087517037988e-02 5.144489929080e-02 5.738253518939e-02 5.373654514551e-02 3.905290365219e-02 3.053312376142e-02 2.629489265382e-02 2.687379345298e-02 2.883618138731e-02 3.116570785642e-02 3.320975601673e-02 3.499986976385e-02 5.492451414466e-02 7.690414041281e-02 7.856194674969e-02 7.654168456793e-02 7.904616743326e-02 6.605186313391e-02 6.118068844080e-02 6.797469407320e-02 9.188598394394e-02 1.729668974876e-01 2.317780107260e-01 2.351538091898e-01 1.844291388988e-01 9.094753116369e-02 1.026129052043e-01 8.742637187243e-02 1.743830442429e-01 1.563109308481e-01 1.017250493169e-01 1.226922348142e-01 1.505744457245e-01 1.710604429245e-01 2.292604148388e-01 2.769157886505e-01 3.239597082138e-01
1.417870260775e-02 2.824169769883e-02 2.675730176270e-02 2.320318855345e-02 3.065705113113e-02 3.773201629519e-02 4.580803588033e-02 6.029842421412e-02 6.537123024464e-02 6.516120582819e-02 4.456658288836e-02 2.994159795344e-02 3.014704771340e-02 2.608428522944e-02 2.173099294305e-02 2.442245930433e-02 2.857894822955e-02 3.103535436094e-02 3.261156752706e-02 4.334920644760e-02 6.397521495819e-02 9.004218876362e-02 1.080266907811e-01 1.088927239180e-01 1.068284958601e-01 7.111138105392e-02 5.619815364480e-02 5.934414267540e-02 5.775900930166e-02 7.304187864065e-02 1.538773030043e-01 2.448938041925e-01 2.901621460915e-01 2.422885447741e-01 1.227048337460e-01 1.219288930297e-01 2.139744311571e-01 1.779779493809e-01 1.843182742596e-01 1.836765855551e-01 1.708255559206e-01 2.292678356171e-01 3.477766215801e-01
2.026169560850e-02 3.442265093327e-02 4.000384360552e-02 4.109933227301e-02 3.703713417053e-02 4.430596530437e-02 4.422193765640e-02 4.242244735360e-02 4.241666570306e-02 5.212884396315e-02 5.626821890473e-02 4.881389439106e-02 3.618530184031e-02 3.218226507306e-02 3.284577280283e-02 4.064655303955e-02 4.716249555349e-02 5.275182053447e-02 5.155631154776e-02 3.748956322670e-02 4.178508743644e-02 5.510615929961e-02 6.247634440660e-02 8.384225517511e-02 1.041481569409e-01 1.237788870931e-01 1.381275653839e-01 1.340802311897e-01 1.378255337477e-01 1.503820568323e-01 1.662955582142e-01 1.622101068497e-01 2.510143220425e-01 2.837095260620e-01 2.026610970497e-01 2.568556368351e-01 2.849802076817e-01 2.420794069767e-01 2.735110521317e-01 2.209684103727e-01 1.549199372530e-01 2.708319425583e-01 2.263855487108e-01
2.078927494586e-02 3.654490783811e-02 4.070993512869e-02 3.762756288052e-02 4.102529212832e-02 5.175032094121e-02 5.140770971775e-02 4.446065053344e-02 5.357593670487e-02 4.459870606661e-02 4.240528494120e-02 5.918533727527e-02 6.144532933831e-02 4.630036279559e-02 4.286534711719e-02 3.950037807226e-02 4.053038731217e-02 5.428835749626e-02 7.319477945566e-02 7.440349459648e-02 4.750009253621e-02 5.403115600348e-02 6.891190260649e-02 5.732868984342e-02 6.626059114933e-02 8.000928908587e-02 1.057792007923e-01 1.598950922489e-01 2.153373509645e-01 1.971510350704e-01 1.869397163391e-01 1.387194842100e-01 1.382897347212e-01 2.598963975906e-01 2.496850490570e-01 3.149091601372e-01 2.082285881042e-01 2.951617538929e-01 2.589260339737e-01 3.738093376160e-01 3.863403499126e-01 3.036176860332e-01 3.420170545578e-01
4.034451022744e-02 7.822953909636e-02 5.844928324223e-02 4.906376451254e-02 4.801005497575e-02 4.320411384106e-02 4.427031055093e-02 5.386974290013e-02 5.334748700261e-02 4.330568388104e-02 5.404368788004e-02 3.683874756098e-02 4.722627252340e-02 6.620844453573e-02 5.749604105949e-02 4.971280321479e-02 6.226363405585e-02 1.350800991058e-01 1.591564863920e-01 8.701621741056e-02 9.320210665464e-02 5.473116785288e-02 6.425637006760e-02 9.120753407478e-02 6.089636310935e-02 5.575568974018e-02 5.865217745304e-02 6.423632055521e-02 8.202110975981e-02 9.325282275677e-02 9.962771832943e-02 1.087846457958e-01 1.480918079615e-01 2.331718802452e-01 1.598229855299e-01 1.480835974216e-01 2.173392921686e-01 2.477121949196e-01 1.652856171131e-01 3.414046466351e-01 3.505953550339e-01 3.827207982540e-01 4.697523415089e-01
6.427488476038e-02 1.178873777390e-01 9.558055549860e-02 7.440792024136e-02 6.861235946417e-02 5.571278557181e-02 7.676269114017e-02 6.736186891794e-02 6.789536029100e-02 5.313448607922e-02 4.152014479041e-02 5.102277919650e-02 4.578804224730e-02 2.992480807006e-02 5.605588480830e-02 6.574888527393e-02 4.787437990308e-02 4.105013236403e-02 7.502457499504e-02 4.973855987191e-02 8.654250949621e-02 1.026362702250e-01 1.020029038191e-01 8.898475021124e-02 1.224384233356e-01 7.530784606934e-02 7.015554606915e-02 9.084638953209e-02 1.064497902989e-01 8.137249946594e-02 1.035227179527e-01 1.275658458471e-01 1.512161642313e-01 1.776019632816e-01 2.257457971573e-01 1.712853163481e-01 1.907237619162e-01 2.132684141397e-01 2.021272182465e-01 2.899887263775e-01 2.701068818569e-01 3.903596103191e-01 3.970859050751e-01
2.548878453672e-02 5.311206355691e-02 6.340102106333e-02 7.473251968622e-02 7.642248272896e-02 8.492676913738e-02 8.975946903229e-02 7.744062691927e-02 6.942912936211e-02 6.647352129221e-02 6.198487803340e-02 5.735297128558e-02 5.434402450919e-02 5.097571760416e-02 5.518430471420e-02 4.711185768247e-02 3.353393077850e-02 3.967869654298e-02 4.177661240101e-02 5.703449249268e-02 5.344036594033e-02 8.835762739182e-02 9.515007585287e-02 1.024543493986e-01 1.194604784250e-01 1.350457817316e-01 1.473193913698e-01 1.534248739481e-01 1.568038165569e-01 1.689546555281e-01 1.716332733631e-01 1.805280297995e-01 1.917915344238e-01 1.593556106091e-01 1.369355171919e-01 1.924115121365e-01 2.316163331270e-01 3.557187616825e-01 4.261874556541e-01 3.942176997662e-01 3.750660717487e-01 3.896746933460e-01 3.239842653275e-01
2.472507394850e-02 5.193915963173e-02 5.918290838599e-02 6.577214598656e-02 7.408241927624e-02 7.576189935207e-02 6.965891271830e-02 5.642319098115e-02 5.323276296258e-02 6.363588571548e-02 7.466895878315e-02 7.084859162569e-02 5.361600220203e-02 3.498831391335e-02 3.752982988954e-02 2.169064804912e-02 1.260713487864e-02 1.392482407391e-02 1.856684125960e-02 2.238390222192e-02 6.664063036442e-02 1.172495484352e-01 1.002692207694e-01 1.261444985867e-01 1.214534565806e-01 1.497486233711e-01 1.545869857073e-01 1.463572680950e-01 1.364832967520e-01 1.560171544552e-01 1.658470481634e-01 2.142923623323e-01 2.740352451801e-01 2.986080050468e-01 2.551481127739e-01 2.163885086775e-01 2.398764342070e-01 1.714255958796e-01 2.611453831196e-01 2.663756906986e-01 4.162113368511e-01 3.917628526688e-01 4.218571782112e-01
6.647225935012e-03 1.336133852601e-02 1.410701870918e-02 1.520155277103e-02 2.114304341376e-02 2.954394184053e-02 3.883795440197e-02 4.175969213247e-02 4.042956978083e-02 3.730987384915e-02 3.814101591706e-02 4.847250133753e-02 4.838991537690e-02 3.935770690441e-02 2.542022243142e-02 1.983759179711e-02 1.018020976335e-02 8.654092438519e-03 9.647762402892e-03 2.065760269761e-02 4.611511528492e-02 9.781582653522e-02 2.442926019430e-01 2.298201620579e-01 2.064587622881e-01 1.938698440790e-01 1.868299245834e-01 1.816347837448e-01 1.925192922354e-01 2.224416732788e-01 2.489432692528e-01 2.818627953529e-01 4.854563772678e-01 2.707134783268e-01 6.098425984383e-01 4.156018197536e-01 3.314855396748e-01 3.574522137642e-01 4.427282512188e-01 5.144797563553e-01 5.444076061249e-01 5.111863613129e-01 5.136814713478e-01
6.027768366039e-03 1.164551079273e-02 1.268360950053e-02 1.270845904946e-02 2.130814827979e-02 3.156579658389e-02 3.289265558124e-02 2.683119848371e-02 1.980145834386e-02 1.616046205163e-02 2.052394673228e-02 2.547440864146e-02 2.437884919345e-02 1.957757957280e-02 1.440161187202e-02 1.019783318043e-02 7.376792374998e-03 5.425029434264e-03 5.607381463051e-03 1.832382939756e-02 5.866822972894e-02 1.014937907457e-01 9.998386353254e-02 2.107365876436e-01 5.092847347260e-01 2.581602334976e-01 1.609518378973e-01 1.457696557045e-01 1.517425626516e-01 1.655372083187e-01 2.842050194740e-01 4.095106720924e-01 2.167416512966e-01 3.231204748154e-01 5.846644043922e-01 1.065672993660e+00 4.359768629074e-01 3.458243608475e-01 3.069998919964e-01 3.377737104893e-01 2.892082333565e-01 5.403572320938e-01 6.299079060555e-01
3.126975847408e-03 6.496093235910e-03 7.789316587150e-03 8.647439070046e-03 1.133677177131e-02 1.822607219219e-02 2.088266797364e-02 1.809787005186e-02 1.400188729167e-02 1.049767062068e-02 8.664168417454e-03 8.271746337414e-03 6.595765706152e-03 5.835150368512e-03 6.961900275201e-03 5.305230151862e-03 4.900939296931e-03 4.121862817556e-03 4.825855605304e-03 7.302090991288e-03 1.253815088421e-02 3.387812152505e-02 3.551147505641e-02 4.838843271136e-02 1.853867024183e-01 1.963042020798e-01 7.319641113281e-02 4.025374725461e-02 4.212651774287e-02 1.351028233767e-01 1.789823770523e-01 1.940008848906e-01 2.024787813425e-01 1.663272529840e-01 2.444068789482e-01 7.044457197189e-01 3.779979050159e-01 2.298510819674e-01 1.606929451227e-01 1.451123803854e-01 1.366060376167e-01 3.576940298080e-01 4.967410266399e-01
1.393847982399e-03 2.782279392704e-03 2.894447417930e-03 3.187635447830e-03 4.028476309031e-03 5.100796464831e-03 6.069096270949e-03 6.604857277125e-03 6.391962990165e-03 5.418809596449e-03 4.605570808053e-03 5.295251496136e-03 5.465223453939e-03 5.050688050687e-03 5.151777993888e-03 5.890236236155e-03 4.474914632738e-03 3.565082559362e-03 4.023512359709e-03 5.965833552182e-03 6.816838402301e-03 1.247624773532e-02 2.170017734170e-02 4.731202870607e-02 1.148252934217e-01 7.167154550552e-02 4.439797997475e-02 3.524216637015e-02 3.371596336365e-02 1.089990139008e-02 9.550904855132e-03 1.038701646030e-02 1.622501760721e-02 3.524241968989e-02 8.180807530880e-02 1.386958360672e+00 2.642723083496e+00 3.533100187778e-01 2.409148365259e-01 1.241260543466e-01 8.747868239880e-02 9.454321116209e-02 1.832168698311e-01
1.122140791267e-03 2.040121005848e-03 2.268518786877e-03 2.269543241709e-03 2.279571956024e-03 2.937136683613e-03 3.856507595628e-03 4.746149759740e-03 5.276049952954e-03 5.168530158699e-03 4.344040062279e-03 3.981937654316e-03 4.324625246227e-03 4.181256517768e-03 3.717106999829e-03 4.568882286549e-03 5.309321451932e-03 4.225861281157e-03 3.266637446359e-03 9.528586640954e-03 1.206624228507e-02 9.198899380863e-03 1.221288274974e-02 2.140496112406e-02 4.057251289487e-02 4.028292298317e-01 8.721771836281e-02 7.745372503996e-02 3.274500742555e-02 6.462575402111e-03 5.655389744788e-03 5.924260243773e-03 6.899011321366e-03 8.501397445798e-03 1.147219538689e-02 6.131631508470e-02 4.271360933781e-01 1.095590591431e+00 2.805404961109e-01 1.574433296919e-01 4.521133750677e-02 2.918632328510e-02 3.208582848310e-02
1.042678719386e-03 2.482367679477e-03 3.356389002874e-03 3.873595735058e-03 4.034012090415e-03 3.722152207047e-03 3.308920888230e-03 3.025258658454e-03 3.782293992117e-03 4.337917082012e-03 4.326376598328e-03 3.745161928236e-03 3.228516085073e-03 4.023822024465e-03 4.202045965940e-03 3.755004145205e-03 4.379291087389e-03 5.657143890858e-03 4.468484316021e-03 9.447114542127e-03 9.983230382204e-03 8.546634577215e-03 9.518961422145e-03 1.031907089055e-02 2.355434373021e-02 8.135376125574e-02 8.469811081886e-02 2.170751988888e-02 1.010564807802e-02 6.257191766053e-03 4.690228495747e-03 4.005365539342e-03 3.951983992010e-03 4.959432408214e-03 6.439083255827e-03 2.185194008052e-02 1.117550805211e-01 3.957079946995e-01 4.785499572754e-01 7.398720085621e-02 3.172339871526e-02 2.053712680936e-02 1.941643096507e-02
1.579221105203e-03 3.717419225723e-03 4.750624299049e-03 5.341354291886e-03 5.487178917974e-03 5.243205931038e-03 4.921403247863e-03 4.426637198776e-03 3.819225123152e-03 3.121284767985e-03 3.473618300632e-03 3.650438971817e-03 3.497412893921e-03 4.082765430212e-03 4.683613311499e-03 4.424665588886e-03 3.736428217962e-03 5.939523223788e-03 6.360554136336e-03 1.667799986899e-02 1.068646740168e-02 7.697164081037e-03 5.207900423557e-03 5.391693208367e-03 1.014003064483e-02 7.277617603540e-02 1.033457592130e-01 1.965740695596e-02 1.289994735271e-02 6.548289675266e-03 4.058847203851e-03 2.805993659422e-03 2.495106309652e-03 2.625356428325e-03 4.036279395223e-03 6.708499975502e-03 4.527298361063e-02 1.399109810591e-01 3.718833327293e-01 1.803023964167e-01 8.591732382774e-02 1.715605892241e-02 1.450778078288e-02
1.082583097741e-03 2.354419790208e-03 2.936265198514e-03 3.221970982850e-03 3.124496201053e-03 3.140204818919e-03 3.511732211336e-03 3.924895543605e-03 4.313232842833e-03 4.318873398006e-03 3.719342872500e-03 2.813159720972e-03 3.314424538985e-03 3.632304724306e-03 3.635194618255e-03 3.651608945802e-03 3.819004399702e-03 6.260705180466e-03 8.649948053062e-03 1.441814657301e-02 1.106739416718e-02 8.693002164364e-03 4.276214167476e-03 4.287156742066e-03 8.618122898042e-03 2.657203562558e-02 2.290266752243e-02 1.524404343218e-02 1.207640487701e-02 6.700027268380e-03 3.726770635694e-03 3.063761629164e-03 2.702492522076e-03 2.641487866640e-03 3.376917215064e-03 5.715571809560e-03 1.201712526381e-02 6.029457971454e-02 7.096305489540e-02 4.319204390049e-02 2.596111781895e-02 1.307392586023e-02 1.185079757124e-02
1.017223112285e-03 1.848796731792e-03 2.742264186963e-03 3.499414538965e-03 4.173502791673e-03 4.930629394948e-03 5.761660635471e-03 6.660200189799e-03 7.490862160921e-03 7.728793658316e-03 6.910751573741e-03 5.136047489941e-03 3.308635903522e-03 3.436777275056e-03 4.235852975398e-03 4.602027125657e-03 5.727643612772e-03 6.637841928750e-03 7.790361996740e-03 1.362927909940e-02 9.701959788799e-03 6.447806023061e-03 3.418325679377e-03 3.333317581564e-03 6.237688940018e-03 7.237501442432e-03 7.707534730434e-02 1.043962966651e-02 9.865689091384e-03 5.922003183514e-03 3.451623255387e-03 2.759603084996e-03 2.633637282997e-03 2.782129915431e-03 3.580436343327e-03 4.871518351138e-03 8.123811334372e-03 1.001143362373e-02 2.103149704635e-02 2.791313268244e-02 1.744726486504e-02 1.047195307910e-02 1.345962285995e-02
1.009382423945e-03 1.826228573918e-03 2.517122076824e-03 3.109993180260e-03 3.708265256137e-03 4.439150448889e-03 5.211243405938e-03 5.990238860250e-03 6.719160825014e-03 7.114308420569e-03 6.744870450348e-03 7.298294454813e-03 7.611399982125e-03 7.635083515197e-03 7.283605635166e-03 6.605216301978e-03 7.861679419875e-03 5.719081498682e-03 7.740354165435e-03 2.463975362480e-02 9.051187895238e-03 4.537375178188e-03 3.206119406968e-03 2.685997169465e-03 3.712648060173e-03 8.492146618664e-03 3.039436973631e-02 8.129151538014e-03 1.046489272267e-02 4.420550074428e-03 3.262570127845e-03 2.492322353646e-03 2.524514682591e-03 2.870511729270e-03 3.790169488639e-03 4.507351201028e-03 5.018596537411e-03 8.091554977000e-03 1.773663237691e-02 2.074912376702e-02 1.289235893637e-02 9.572360664606e-03 1.249051839113e-02
