100/SI/f115.grd
DSAA
101	101
32.816463539100	34.260883539100
35.556306596100	36.727886596100
2.895650868595e-05	4.792672157288e+00
[rows 0 to 18 of 101, columns 0 to 42 of 101]
4.395131953061e-03 7.855942472816e-03 6.961623672396e-03 4.166376776993e-03 3.506415989250e-03 4.563631024212e-03 9.091062471271e-03 1.267034094781e-02 1.132882572711e-02 6.762088276446e-03 4.274257458746e-03 4.913078155369e-03 5.216092336923e-03 5.036277230829e-03 4.318661056459e-03 6.581844296306e-03 9.892708621919e-03 1.145119685680e-02 8.159183897078e-03 5.289730150253e-03 6.035123486072e-03 6.462129298598e-03 4.753581248224e-03 4.262364469469e-03 4.535454791039e-03 6.200435105711e-03 9.077305905521e-03 1.036729570478e-02 1.351481862366e-02 1.077093090862e-02 8.239368908107e-03 7.741960696876e-03 6.718056276441e-03 5.330152343959e-03 4.339450970292e-03 4.202124662697e-03 3.863936755806e-03 5.235944408923e-03 7.349834311754e-03 8.430927060544e-03 7.061360403895e-03 6.001876667142e-03 5.718463100493e-03
8.135348558426e-03 1.535305101424e-02 1.505933888257e-02 1.051806937903e-02 7.436421234161e-03 8.824726566672e-03 1.749779842794e-02 2.419213950634e-02 2.139765210450e-02 1.246288791299e-02 7.340100593865e-03 8.395029231906e-03 8.866621181369e-03 8.441578596830e-03 7.365562021732e-03 9.790367446840e-03 1.558746863157e-02 2.040535025299e-02 1.842507906258e-02 1.098420657218e-02 1.100895646960e-02 1.687543652952e-02 8.877693675458e-03 7.979343645275e-03 9.355392307043e-03 1.211613882333e-02 1.521855033934e-02 1.737410388887e-02 2.570183388889e-02 2.001181244850e-02 1.339347381145e-02 1.213667076081e-02 1.138825900853e-02 9.172902442515e-03 9.866489097476e-03 1.031556352973e-02 1.037195883691e-02 1.164715457708e-02 1.465178187937e-02 1.474563311785e-02 1.090930588543e-02 1.082578487694e-02 1.183033548295e-02
7.957646623254e-03 1.633513160050e-02 1.831158064306e-02 1.568586006761e-02 1.008313614875e-02 1.018839236349e-02 2.024955861270e-02 2.750581875443e-02 2.356125041842e-02 1.290581561625e-02 9.271062910557e-03 1.045310683548e-02 1.080098841339e-02 9.994321502745e-03 8.230185136199e-03 7.924605160952e-03 1.023851241916e-02 1.529575604945e-02 1.749142631888e-02 1.422021910548e-02 1.739970035851e-02 2.608741074800e-02 1.142485439777e-02 9.883008897305e-03 1.244306098670e-02 1.506230887026e-02 1.563387736678e-02 1.576838456094e-02 2.995614521205e-02 2.244264073670e-02 1.297858450562e-02 1.112727727741e-02 1.558400876820e-02 8.295199833810e-03 9.286294691265e-03 1.066431775689e-02 1.336999423802e-02 1.694042049348e-02 1.771419867873e-02 1.467565912753e-02 1.499538496137e-02 1.004205644131e-02 1.326080691069e-02
7.061007432640e-03 1.553947571665e-02 1.853403821588e-02 1.894778385758e-02 1.523342169821e-02 1.043353974819e-02 2.116849087179e-02 2.814692631364e-02 2.277256175876e-02 1.108500454575e-02 1.026201527566e-02 1.132893282920e-02 1.128100417554e-02 1.003738120198e-02 7.982131093740e-03 8.091213181615e-03 7.720691617578e-03 8.883159607649e-03 1.156155858189e-02 1.315975096077e-02 2.918570116162e-02 3.320042416453e-02 1.281439978629e-02 1.085298322141e-02 1.372641883790e-02 1.574015617371e-02 1.505605503917e-02 1.440844777972e-02 3.001029789448e-02 2.182073704898e-02 1.105519197881e-02 8.995339274406e-03 1.796297356486e-02 9.552851319313e-03 1.040611136705e-02 1.471819449216e-02 1.821062527597e-02 1.897637359798e-02 1.606075465679e-02 1.859588362277e-02 1.810702122748e-02 1.112280972302e-02 1.215648744255e-02
6.906340364367e-03 1.486631389707e-02 1.759837567806e-02 1.947992481291e-02 1.864545419812e-02 1.318073924631e-02 2.160445414484e-02 2.812420763075e-02 2.135105244815e-02 9.395707398653e-03 1.100781653076e-02 1.171833556145e-02 1.136586349458e-02 1.131511852145e-02 1.038977131248e-02 8.775172755122e-03 8.530749008060e-03 8.403215557337e-03 1.193328108639e-02 2.417005784810e-02 4.057098925114e-02 3.647491335869e-02 1.375222112983e-02 1.544076949358e-02 1.373399328440e-02 1.537983212620e-02 1.379497069865e-02 1.434351131320e-02 2.841042727232e-02 2.055772021413e-02 1.306457258761e-02 1.022679731250e-02 1.915242150426e-02 1.166229974478e-02 1.636640168726e-02 1.959047093987e-02 1.980304531753e-02 1.671419106424e-02 1.150548364967e-02 1.908855326474e-02 2.215534821153e-02 1.486455742270e-02 9.618800133467e-03
6.447311956435e-03 1.296795532107e-02 1.567274704576e-02 1.715927571058e-02 1.904219575226e-02 1.585714705288e-02 2.159048989415e-02 2.722417563200e-02 1.924617774785e-02 1.043570227921e-02 1.169119682163e-02 1.285312604159e-02 1.370087731630e-02 1.326129678637e-02 1.193276327103e-02 9.714882820845e-03 7.847008295357e-03 8.911479264498e-03 1.899847015738e-02 3.445649147034e-02 4.720361903310e-02 3.602855280042e-02 1.543347258121e-02 2.351398579776e-02 1.446003653109e-02 1.442205719650e-02 1.235766615719e-02 1.560709811747e-02 2.541641332209e-02 2.055369503796e-02 1.320351287723e-02 1.106153335422e-02 2.221143804491e-02 1.747093722224e-02 2.073474228382e-02 2.049629203975e-02 1.700958423316e-02 1.176066137850e-02 1.295567583293e-02 1.798600330949e-02 2.713938243687e-02 1.727098599076e-02 9.362334385514e-03
8.122608065605e-03 1.442807633430e-02 1.331002917141e-02 1.317857485265e-02 1.643840782344e-02 1.592822559178e-02 2.125450409949e-02 2.602487057447e-02 1.727484166622e-02 1.150907762349e-02 1.292614918202e-02 1.471126452088e-02 1.490890141577e-02 1.386674772948e-02 1.180547103286e-02 1.114518381655e-02 1.057166699320e-02 1.316047366709e-02 2.563821338117e-02 4.116636142135e-02 4.888261482120e-02 3.290593251586e-02 2.039864659309e-02 2.980577945709e-02 2.095307409763e-02 1.313072629273e-02 1.205992605537e-02 2.893359586596e-02 4.058565944433e-02 2.618792653084e-02 1.464541815221e-02 1.245288178325e-02 2.439240552485e-02 2.048645354807e-02 2.048311568797e-02 1.700617372990e-02 1.185270305723e-02 1.298542413861e-02 1.882060244679e-02 2.376082539558e-02 2.787639945745e-02 2.040339447558e-02 9.384014643729e-03
8.242363110185e-03 1.648803800344e-02 1.703825965524e-02 1.233351975679e-02 1.177393924445e-02 1.333326473832e-02 2.096281386912e-02 2.544969506562e-02 1.609222404659e-02 1.244162209332e-02 1.459237653762e-02 1.557753793895e-02 1.506555918604e-02 1.329430565238e-02 1.245318539441e-02 1.411357522011e-02 1.573445461690e-02 1.736946403980e-02 3.142341598868e-02 4.466275125742e-02 4.798146337271e-02 2.957604825497e-02 2.213867194951e-02 3.277279809117e-02 2.548574097455e-02 1.624005846679e-02 1.166748441756e-02 4.396690055728e-02 5.687385424972e-02 3.071250952780e-02 1.600603945553e-02 1.494881976396e-02 2.409033291042e-02 1.880986616015e-02 1.750184781849e-02 1.242055185139e-02 1.243194937706e-02 1.852519810200e-02 2.447620220482e-02 2.703671343625e-02 2.451658435166e-02 2.559275925159e-02 1.079870760441e-02
7.129380945116e-03 1.558848563582e-02 1.938642002642e-02 1.764816977084e-02 1.172564458102e-02 1.152060274035e-02 2.073890902102e-02 2.523348294199e-02 1.549236010760e-02 1.390073541552e-02 1.546943094581e-02 1.562204957008e-02 1.430342346430e-02 1.230388041586e-02 1.298260968179e-02 1.500667911023e-02 2.035561762750e-02 2.083775773644e-02 3.467132523656e-02 4.398180916905e-02 4.354287311435e-02 2.567003294826e-02 2.258890867233e-02 3.133340552449e-02 2.749425917864e-02 1.875533722341e-02 1.472697686404e-02 5.671830847859e-02 6.638386100531e-02 3.384438902140e-02 1.759897358716e-02 1.425224915147e-02 2.444048970938e-02 1.630387268960e-02 1.921509951353e-02 1.921354606748e-02 1.857398822904e-02 2.491255477071e-02 2.865897305310e-02 2.709251642227e-02 1.990235410631e-02 3.177292272449e-02 1.267830096185e-02
7.234834600240e-03 1.294688694179e-02 1.827678456903e-02 2.070655673742e-02 1.766440086067e-02 1.168727409095e-02 2.079301513731e-02 2.519765868783e-02 1.514063961804e-02 1.470596063882e-02 1.550978235900e-02 1.485182531178e-02 1.619994640350e-02 1.764282025397e-02 1.845268718898e-02 1.871202141047e-02 2.209620177746e-02 2.411775663495e-02 3.568530082703e-02 4.079334810376e-02 3.772570937872e-02 2.188112773001e-02 2.040654607117e-02 2.738123200834e-02 2.655436657369e-02 1.927377842367e-02 1.592504419386e-02 6.436092406511e-02 7.050865143538e-02 3.506929799914e-02 1.543195173144e-02 1.231588609517e-02 2.648882195354e-02 1.618315093219e-02 1.967400126159e-02 1.998421549797e-02 2.582801878452e-02 2.974442765117e-02 2.910220809281e-02 2.330934256315e-02 1.672164723277e-02 3.452415391803e-02 1.747268065810e-02
7.265961728990e-03 1.455893181264e-02 1.506927143782e-02 1.980816014111e-02 2.168142236769e-02 1.743838004768e-02 2.061237581074e-02 2.480109594762e-02 1.464652176946e-02 1.485373824835e-02 1.629180088639e-02 1.906960085034e-02 2.114324271679e-02 2.229304984212e-02 2.282588370144e-02 2.302650362253e-02 2.278610877693e-02 2.990934625268e-02 4.194850474596e-02 4.445912316442e-02 3.736438602209e-02 2.761275507510e-02 1.938042975962e-02 2.334941178560e-02 2.394746989012e-02 1.716489717364e-02 1.846315152943e-02 6.789747625589e-02 7.213866710663e-02 3.434972092509e-02 1.477813534439e-02 1.388359721750e-02 2.595158293843e-02 1.716407947242e-02 2.279786020517e-02 2.765550091863e-02 3.084654733539e-02 3.025683946908e-02 2.509613707662e-02 1.937028951943e-02 1.893347315490e-02 3.317565470934e-02 2.273051813245e-02
6.149555556476e-03 1.295422203839e-02 1.551296189427e-02 1.647214591503e-02 2.140712924302e-02 2.257392369211e-02 1.999254710972e-02 2.390450239182e-02 1.450650487095e-02 1.756196282804e-02 2.043413184583e-02 2.277239412069e-02 2.437222935259e-02 2.528531849384e-02 2.559308335185e-02 2.554153464735e-02 2.527376636863e-02 3.979341685772e-02 5.441487580538e-02 5.655506998301e-02 4.872367158532e-02 3.816648945212e-02 2.791498042643e-02 1.981227286160e-02 2.778031118214e-02 2.662375569344e-02 2.259750850499e-02 6.514485180378e-02 6.381728500128e-02 3.125616163015e-02 1.905468665063e-02 2.255406975746e-02 2.433740906417e-02 2.740220911801e-02 3.107656538486e-02 3.246869891882e-02 3.113622032106e-02 2.683290652931e-02 2.576302178204e-02 2.985740639269e-02 2.245160751045e-02 2.836376801133e-02 2.726907469332e-02
5.288368556648e-03 1.005970500410e-02 1.290396600962e-02 1.527559477836e-02 1.809625327587e-02 2.294589579105e-02 2.306902594864e-02 2.261629886925e-02 1.800676994026e-02 2.093440108001e-02 2.302747778594e-02 2.435732819140e-02 2.514960244298e-02 2.558531798422e-02 2.561206556857e-02 2.547432668507e-02 2.547067031264e-02 4.378005489707e-02 5.916834250093e-02 6.041667610407e-02 5.222195759416e-02 4.250953719020e-02 3.321541845798e-02 2.428306080401e-02 3.736263513565e-02 3.612508624792e-02 3.045584633946e-02 5.671290308237e-02 5.006635934114e-02 2.657938189805e-02 3.335377573967e-02 3.764292970300e-02 3.749326616526e-02 3.625642880797e-02 3.534956648946e-02 3.420748561621e-02 3.316481038928e-02 3.146104142070e-02 2.877358533442e-02 4.044532775879e-02 2.516218274832e-02 2.156982384622e-02 3.514349460602e-02
6.556964013726e-03 1.273460034281e-02 1.252560596913e-02 1.174153294414e-02 1.439703069627e-02 1.968317478895e-02 2.455867640674e-02 2.344302646816e-02 2.003353461623e-02 2.226303890347e-02 2.337557263672e-02 2.372807078063e-02 2.354733645916e-02 2.300280891359e-02 2.239402011037e-02 2.226959913969e-02 2.282699197531e-02 4.016845673323e-02 5.321567133069e-02 5.500783026218e-02 4.937974736094e-02 4.185348004103e-02 3.453939780593e-02 2.728537470102e-02 3.691070899367e-02 3.813463822007e-02 3.368090838194e-02 4.639297723770e-02 3.651751577854e-02 2.900113724172e-02 3.916010633111e-02 4.430631548166e-02 4.226902127266e-02 3.820702806115e-02 3.428538516164e-02 3.223852068186e-02 3.043862432241e-02 2.835336700082e-02 2.591295354068e-02 4.276785999537e-02 3.918655216694e-02 2.228436805308e-02 3.991941735148e-02
8.457109332085e-03 1.691645570099e-02 1.699710637331e-02 1.668086647987e-02 1.612902805209e-02 1.532228663564e-02 2.152904868126e-02 2.625132538378e-02 2.322345599532e-02 2.177018858492e-02 2.204766497016e-02 2.156272158027e-02 2.059132978320e-02 1.929955556989e-02 1.817492581904e-02 1.837684400380e-02 1.859570108354e-02 3.171074390411e-02 4.087293893099e-02 4.310816898942e-02 4.033426195383e-02 3.621805086732e-02 3.196167573333e-02 2.739600278437e-02 2.891184389591e-02 3.153813257813e-02 3.081647865474e-02 4.718981683254e-02 2.676093392074e-02 2.953260764480e-02 3.827049583197e-02 4.251960664988e-02 4.070745781064e-02 3.366193175316e-02 2.480799332261e-02 2.580576390028e-02 2.195234224200e-02 2.322869747877e-02 2.261904813349e-02 3.525917604566e-02 5.227268114686e-02 2.259645238519e-02 4.013863205910e-02
8.579018525779e-03 1.743390783668e-02 1.805965788662e-02 1.892904005945e-02 1.958814077079e-02 1.976461708546e-02 1.965582929552e-02 2.358384057879e-02 2.744530513883e-02 2.203382365406e-02 1.979217305779e-02 1.875998266041e-02 1.743278838694e-02 1.642982661724e-02 1.768925413489e-02 1.879200898111e-02 2.002002485096e-02 2.617896534503e-02 2.860049717128e-02 3.067325055599e-02 3.004127927125e-02 2.787166833878e-02 2.602699398994e-02 2.467455156147e-02 2.361956983805e-02 2.317604050040e-02 3.075427934527e-02 4.994872957468e-02 3.407733514905e-02 3.334566578269e-02 3.963397070765e-02 4.025116935372e-02 3.369303792715e-02 3.370011970401e-02 1.819013059139e-02 3.063265606761e-02 2.913577854633e-02 2.698754146695e-02 2.315181493759e-02 2.469738386571e-02 5.931573361158e-02 3.227714076638e-02 3.557172417641e-02
9.290470741689e-03 1.603952981532e-02 1.600150018930e-02 1.671568118036e-02 1.808385550976e-02 1.989496685565e-02 2.108783833683e-02 2.172591164708e-02 2.525076083839e-02 2.673177048564e-02 2.288617007434e-02 2.205903083086e-02 2.226559631526e-02 2.018559351563e-02 1.824335940182e-02 2.058924548328e-02 2.274678647518e-02 2.693500183523e-02 2.718519978225e-02 2.269248664379e-02 2.050145342946e-02 2.415202371776e-02 3.024052269757e-02 3.144317865372e-02 2.841974236071e-02 2.289889752865e-02 3.403740748763e-02 5.083212256432e-02 3.423140570521e-02 3.598134964705e-02 3.786871582270e-02 3.889182955027e-02 4.176861792803e-02 3.749483451247e-02 2.294617705047e-02 3.448075801134e-02 3.241071105003e-02 2.681037969887e-02 2.018316648901e-02 2.410174906254e-02 5.689898505807e-02 4.955092445016e-02 2.778530307114e-02
1.060195546597e-02 1.953146420419e-02 2.103772759438e-02 1.815311610699e-02 1.679465174675e-02 1.815074495971e-02 1.852334290743e-02 1.827390864491e-02 1.976234838367e-02 2.460697107017e-02 2.680987119675e-02 2.764003723860e-02 2.771773189306e-02 2.549130842090e-02 2.499151229858e-02 2.413354441524e-02 2.267970889807e-02 2.696943469346e-02 2.830206230283e-02 2.515989355743e-02 2.076705917716e-02 1.910698786378e-02 2.112092077732e-02 2.357842586935e-02 2.420030906796e-02 2.427816018462e-02 2.977788448334e-02 4.881052300334e-02 3.492236509919e-02 3.050977177918e-02 3.496431559324e-02 4.026305675507e-02 4.495656862855e-02 3.833173215389e-02 2.640172652900e-02 3.809805586934e-02 3.105997852981e-02 2.410721592605e-02 1.819700933993e-02 2.198963426054e-02 4.575637727976e-02 6.708415597677e-02 3.075097128749e-02
1.040156278759e-02 2.039946988225e-02 2.425492927432e-02 2.285328507423e-02 1.730761304498e-02 1.346734352410e-02 1.636068150401e-02 1.855846308172e-02 1.992383599281e-02 2.011334151030e-02 2.651806361973e-02 2.947761304677e-02 2.811081707478e-02 2.820408344269e-02 2.858906239271e-02 2.822239510715e-02 2.499504946172e-02 2.672097831964e-02 2.922187000513e-02 2.690414525568e-02 2.062952890992e-02 2.471558563411e-02 2.389807626605e-02 2.458748221397e-02 2.172069437802e-02 2.125094644725e-02 2.233945764601e-02 4.517496749759e-02 4.130120947957e-02 3.257971629500e-02 3.154977038503e-02 3.404410928488e-02 4.214832931757e-02 3.762984648347e-02 3.046373277903e-02 3.680213913321e-02 2.708294242620e-02 2.164020389318e-02 2.044791355729e-02 1.995252445340e-02 3.132215514779e-02 7.847163081169e-02 3.232726082206e-02
