100/SI/f115.grd
DSAA
101	101
32.816463539100	34.260883539100
35.556306596100	36.727886596100
2.895650868595e-05	4.792672157288e+00
[rows 57 to 75 of 101, columns 43 to 85 of 101]
2.013524994254e-02 2.401578798890e-02 1.220113411546e-02 1.352395582944e-02 1.337753795087e-02 2.153092622757e-02 2.425123192370e-02 3.264055401087e-02 2.850260026753e-02 1.554876379669e-02 1.079821866006e-02 9.072530083358e-03 6.686405744404e-03 1.188096869737e-02 4.946827515960e-02 1.661791503429e-01 3.680251240730e-01 3.471017777920e-01 4.983842670918e-01 1.692654937506e-01 4.893391579390e-02 3.737749904394e-02 6.762654334307e-02 1.241779848933e-01 2.124738395214e-01 1.925964355469e-01 2.095756083727e-01 1.700918972492e-01 2.212994992733e-01 2.044857144356e-01 2.160710394382e-01 1.610288321972e-01 1.669382601976e-01 2.344675213099e-01 1.455963253975e-01 9.149429202080e-02 1.067967340350e-01 1.498402953148e-01 1.878390908241e-01 1.358959674835e-01 5.666338279843e-02 4.972387850285e-02 4.807741194963e-02
1.607627607882e-02 2.680315077305e-02 9.860359132290e-03 1.048435457051e-02 1.038469932973e-02 1.562044117600e-02 3.039421886206e-02 9.767948836088e-02 7.767517119646e-02 1.676215603948e-02 9.972982108593e-03 6.877870764583e-03 5.268216133118e-03 5.212428513914e-03 1.029796805233e-02 9.898343682289e-02 1.160335540771e-01 1.210983693600e-01 9.816602617502e-02 9.936464577913e-02 7.265595346689e-02 5.520035326481e-02 4.258899018168e-02 2.577663958073e-02 6.655698269606e-02 1.323000788689e-01 2.307974100113e-01 2.351826280355e-01 2.566598355770e-01 1.409910023212e-01 1.860370486975e-01 1.697953343391e-01 1.455406993628e-01 1.276277899742e-01 1.297559589148e-01 9.761418402195e-02 9.587252140045e-02 1.154182776809e-01 1.134325787425e-01 1.039027571678e-01 1.078107804060e-01 1.130080819130e-01 1.057395711541e-01
1.343368552625e-02 1.294904109091e-02 8.974072523415e-03 9.541269391775e-03 9.700171649456e-03 1.421816274524e-02 4.315700009465e-02 1.113769933581e-01 1.110488399863e-01 2.493066340685e-02 1.035835966468e-02 5.877144169062e-03 4.165429621935e-03 3.776176599786e-03 3.875675611198e-03 4.848993383348e-03 6.676595192403e-03 9.094133973122e-03 1.175721269101e-02 1.459855400026e-02 1.714545860887e-02 2.011700160801e-02 1.355373021215e-02 1.362089626491e-02 3.250313177705e-02 1.511903405190e-01 2.604485452175e-01 2.955849468708e-01 2.840605080128e-01 2.866503000259e-01 1.888260245323e-01 1.638178229332e-01 1.390253454447e-01 1.262462735176e-01 1.772960573435e-01 1.528291702271e-01 1.267878115177e-01 7.938521355391e-02 8.543875813484e-02 7.177907228470e-02 6.322151422501e-02 5.970488861203e-02 5.215059965849e-02
1.238850969821e-02 1.114941295236e-02 8.685225620866e-03 9.674001485109e-03 1.099674310535e-02 1.443813554943e-02 9.936343878508e-02 1.121728867292e-01 1.378717273474e-01 1.924412511289e-02 9.083116427064e-03 5.660876166075e-03 3.764167428017e-03 3.053848864511e-03 2.917993813753e-03 3.078370587900e-03 3.770900890231e-03 4.967028740793e-03 7.130000274628e-03 8.316408842802e-03 9.553229436278e-03 1.913098432124e-02 9.851986542344e-03 9.078712202609e-03 2.772433497012e-02 6.186931952834e-02 2.208404839039e-01 2.451333403587e-01 2.605224549770e-01 2.782304286957e-01 2.318189889193e-01 1.795117110014e-01 1.247806102037e-01 1.600354611874e-01 1.113575547934e-01 9.797944873571e-02 8.123364299536e-02 6.715172529221e-02 6.312789767981e-02 6.212126463652e-02 6.580107659101e-02 9.329819679260e-02 1.299861371517e-01
1.049534603953e-02 8.173401467502e-03 8.533209562302e-03 1.026580948383e-02 1.590576209128e-02 2.601187489927e-02 7.893331348896e-02 1.755505055189e-01 6.782114505768e-02 1.074179168791e-02 6.611795630306e-03 4.821911454201e-03 3.435401013121e-03 2.578443847597e-03 2.359212376177e-03 2.363270614296e-03 2.574444981292e-03 3.443647874519e-03 4.741298966110e-03 5.421872250736e-03 5.631852895021e-03 1.170440763235e-02 6.997777614743e-03 7.587133906782e-03 1.705563254654e-02 5.797806009650e-02 1.568921059370e-01 2.129795849323e-01 2.212407588959e-01 1.685832291842e-01 1.299778223038e-01 1.857362389565e-01 1.270002871752e-01 8.961535245180e-02 9.955391287804e-02 1.257290840149e-01 1.138315200806e-01 8.056278526783e-02 7.522023469210e-02 7.329984754324e-02 7.104267179966e-02 7.878634333611e-02 9.766549617052e-02
7.616362534463e-03 6.266796961427e-03 7.838468998671e-03 1.838169433177e-02 4.202463477850e-02 9.726110100746e-02 1.423482149839e-01 8.964807540178e-02 9.529519826174e-03 6.512762513012e-03 4.674535710365e-03 3.849742468446e-03 3.004763275385e-03 2.456899965182e-03 2.162248129025e-03 2.253236249089e-03 2.358286408707e-03 2.848401200026e-03 4.110775887966e-03 5.056895315647e-03 5.371214356273e-03 5.690133199096e-03 5.715853534639e-03 8.541704155505e-03 2.071162126958e-02 5.413970351219e-02 6.646535545588e-02 6.640320271254e-02 1.280476301908e-01 1.485568135977e-01 1.739217638969e-01 1.109014004469e-01 1.434214264154e-01 1.053633913398e-01 1.178675591946e-01 1.391398459673e-01 2.780582010746e-01 1.754791140556e-01 1.032741665840e-01 8.464816212654e-02 8.706843852997e-02 8.554840087891e-02 8.261794596910e-02
4.916469566524e-03 5.132344085723e-03 6.489263847470e-03 8.199159055948e-03 1.806734874845e-02 1.118481531739e-01 7.271791994572e-02 9.684439748526e-03 5.664383061230e-03 4.990323912352e-03 4.186329897493e-03 3.538122400641e-03 2.771327970549e-03 2.363973762840e-03 2.105636522174e-03 2.322778105736e-03 2.407462801784e-03 2.347367815673e-03 3.380973357707e-03 4.314227495342e-03 4.874652717263e-03 4.848450887948e-03 6.076245568693e-03 9.872479364276e-03 3.073601424694e-02 6.093810126185e-02 3.615871444345e-02 4.734140634537e-02 4.404433816671e-02 2.277701646090e-01 3.311900198460e-01 1.791328936815e-01 9.832942485809e-02 1.346286833286e-01 5.318584665656e-02 5.601372569799e-02 2.075997143984e-01 9.995018690825e-02 8.145354688168e-02 6.240217387676e-02 6.411677598953e-02 7.148931175470e-02 7.703025639057e-02
4.122505430132e-03 4.483443219215e-03 5.254638381302e-03 6.646138615906e-03 7.524424698204e-03 1.045865379274e-02 1.156327407807e-02 7.883584126830e-03 4.103292711079e-03 4.235224798322e-03 3.711676457897e-03 3.399468492717e-03 2.782942261547e-03 2.248119097203e-03 2.300888765603e-03 2.345708897337e-03 2.507267054170e-03 2.488292753696e-03 2.847435185686e-03 3.656380344182e-03 4.350442439318e-03 4.622474778444e-03 4.879533313215e-03 8.106640540063e-03 2.273170091212e-02 1.404956355691e-02 1.352823339403e-02 2.221080847085e-02 5.030632391572e-02 9.964711964130e-02 1.043590158224e-01 1.317192167044e-01 2.099096626043e-01 1.126516759396e-01 1.073241680861e-01 8.349227905273e-02 8.534844219685e-02 7.231441885233e-02 3.849462792277e-02 4.803393408656e-02 4.691809043288e-02 5.060872808099e-02 6.365063041449e-02
3.239441663027e-03 3.653280436993e-03 4.352091345936e-03 5.336432252079e-03 5.735951475799e-03 6.381198298186e-03 6.751601584256e-03 4.224392585456e-03 3.595735179260e-03 3.745264606550e-03 3.491082694381e-03 3.026637248695e-03 2.527430187911e-03 2.266799565405e-03 2.246433170512e-03 2.573661739007e-03 2.520282287151e-03 2.166791120544e-03 2.516143023968e-03 3.193965414539e-03 3.780805040151e-03 4.425575025380e-03 6.267024669796e-03 6.560585461557e-03 6.665879860520e-03 9.302113205194e-03 9.053925983608e-03 2.221651375294e-02 3.108225762844e-02 4.180336371064e-02 8.679585903883e-02 1.517979353666e-01 1.127736940980e-01 2.055988311768e-01 1.315030008554e-01 7.390891760588e-02 6.142453849316e-02 5.585837736726e-02 6.714394688606e-02 6.318008899689e-02 7.873517274857e-02 7.742360979319e-02 9.005074948072e-02
2.990638837218e-03 2.960055368021e-03 3.331908723339e-03 3.778751939535e-03 4.072469193488e-03 4.011888988316e-03 3.835773328319e-03 3.693199483678e-03 3.995452541858e-03 3.948549740016e-03 3.677074098960e-03 3.202486550435e-03 2.618654165417e-03 2.323239110410e-03 2.100105164573e-03 2.053680829704e-03 2.315694699064e-03 2.347948029637e-03 2.383095445111e-03 2.876358339563e-03 3.331443527713e-03 3.929773345590e-03 6.027105264366e-03 6.775212939829e-03 7.304885424674e-03 1.515229139477e-02 2.083501778543e-02 2.676850743592e-02 3.755632042885e-02 4.059638828039e-02 8.865350484848e-02 1.682019233704e-01 7.958504557610e-02 8.480115234852e-02 1.499335020781e-01 1.267226487398e-01 8.809418231249e-02 7.484220713377e-02 9.368754178286e-02 4.822653904557e-02 6.397420912981e-02 7.754635810852e-02 9.259746968746e-02
2.457223134115e-03 2.785679418594e-03 2.925612963736e-03 2.955209929496e-03 3.309677122161e-03 3.563054138795e-03 3.837916068733e-03 3.406301606447e-03 3.280691336840e-03 3.384182462469e-03 3.634399734437e-03 3.615805879235e-03 3.110903082415e-03 2.639426849782e-03 2.501752227545e-03 2.261767862365e-03 1.948221586645e-03 2.165812300518e-03 2.452292013913e-03 2.711234847084e-03 2.977366792038e-03 3.424762981012e-03 5.129054654390e-03 5.007486324757e-03 5.550006870180e-03 1.370772812515e-02 2.929954417050e-02 3.953303024173e-02 5.560111254454e-02 2.921574749053e-02 8.602921664715e-02 4.303700476885e-02 4.618563875556e-02 5.345930531621e-02 8.530122786760e-02 9.339191019535e-02 1.207760795951e-01 1.099656745791e-01 8.186970651150e-02 6.997752189636e-02 5.363297834992e-02 5.773382261395e-02 4.647831991315e-02
2.406436717138e-03 2.660962752998e-03 2.647998044267e-03 2.692937152460e-03 2.877763472497e-03 3.201993647963e-03 3.465290879831e-03 3.095211926848e-03 2.433533780277e-03 2.599454950541e-03 2.821441041306e-03 3.302859142423e-03 3.428208641708e-03 2.848075004295e-03 2.687441417947e-03 3.256125142798e-03 2.886628266424e-03 2.349833492190e-03 2.558466512710e-03 2.664124127477e-03 3.246909473091e-03 3.604622092098e-03 4.023909568787e-03 4.972180817276e-03 5.769113544375e-03 1.000229828060e-02 2.107422426343e-02 2.511339634657e-02 3.448707237840e-02 1.953895203769e-02 4.147601500154e-02 3.180067986250e-02 5.285012349486e-02 3.232499212027e-02 6.380440294743e-02 4.761527106166e-02 7.552960515022e-02 9.263595938683e-02 8.246929943562e-02 1.112062335014e-01 1.011073961854e-01 8.085111528635e-02 7.125441730022e-02
2.317413454875e-03 2.505341544747e-03 2.409408101812e-03 2.450796775520e-03 2.461672527716e-03 2.400010824203e-03 2.658135490492e-03 2.512829611078e-03 3.006120678037e-03 3.254050388932e-03 2.953905146569e-03 2.980724209920e-03 3.277012379840e-03 3.410784294829e-03 3.126326948404e-03 4.037189297378e-03 3.593886038288e-03 2.748821396381e-03 2.761590527371e-03 2.744739642367e-03 3.154251258820e-03 3.422103123739e-03 3.860192140564e-03 5.127969197929e-03 6.025972776115e-03 8.968225680292e-03 1.347698830068e-02 1.554738264531e-02 1.670091040432e-02 2.110462263227e-02 3.525917604566e-02 5.405605211854e-02 3.644294291735e-02 8.613853156567e-02 3.036077879369e-02 3.961558640003e-02 8.078066259623e-02 1.130776777864e-01 5.534510314465e-02 6.256981939077e-02 3.990615904331e-02 7.513490319252e-02 6.631960719824e-02
2.067212946713e-03 2.233664738014e-03 2.147669671103e-03 2.108920598403e-03 1.957826782018e-03 1.982029061764e-03 2.091752830893e-03 2.764310222119e-03 3.434288548306e-03 3.529146546498e-03 3.083795541897e-03 3.402201458812e-03 3.785076085478e-03 3.680853638798e-03 3.652797546238e-03 3.797128098086e-03 4.071165341884e-03 4.761273507029e-03 4.267983138561e-03 3.833087394014e-03 3.944428637624e-03 4.243005532771e-03 5.069614853710e-03 5.214610137045e-03 6.280115339905e-03 7.720903027803e-03 1.271977648139e-02 1.266610249877e-02 2.272697165608e-02 4.596735537052e-02 5.712451413274e-02 2.918422967196e-02 2.927709370852e-02 8.771125227213e-02 4.660698398948e-02 5.736892297864e-02 5.089019238949e-02 6.594107300043e-02 4.815853014588e-02 1.846074126661e-02 1.757362298667e-02 2.372732013464e-02 4.693046584725e-02
1.902383402921e-03 1.904744654894e-03 1.891713822260e-03 1.865559723228e-03 1.916257780977e-03 2.028179820627e-03 2.154949354008e-03 2.578182844445e-03 2.891420386732e-03 2.741659991443e-03 3.236300311983e-03 3.483290085569e-03 3.382982220501e-03 3.557301592082e-03 4.868242889643e-03 6.774192210287e-03 7.677464280277e-03 9.726411662996e-03 9.700562804937e-03 1.044612750411e-02 7.456164807081e-03 7.107812445611e-03 8.242131210864e-03 6.901880726218e-03 7.879641838372e-03 1.089158188552e-02 3.262920677662e-02 3.044879809022e-02 2.944775670767e-02 3.969296813011e-02 2.229944989085e-02 2.351001463830e-02 3.141300007701e-02 1.807864569128e-02 9.770847856998e-02 1.358836144209e-01 1.213257908821e-01 2.811140194535e-02 1.331524737179e-02 1.100928615779e-02 1.076183654368e-02 1.272237207741e-02 1.342264935374e-02
1.768046873622e-03 1.834377646446e-03 1.765532884747e-03 1.900413306430e-03 2.034771721810e-03 2.328085247427e-03 2.328692469746e-03 2.696232870221e-03 2.953152637929e-03 3.431409131736e-03 3.562698839232e-03 4.230395425111e-03 4.434881731868e-03 4.103441257030e-03 9.934618137777e-03 3.565271943808e-02 2.817689813673e-02 1.675468869507e-02 1.884705200791e-02 2.346138097346e-02 1.734154857695e-02 9.120188653469e-03 1.061359234154e-02 1.329424325377e-02 1.292020361871e-02 2.409984916449e-02 3.388395905495e-02 2.999299392104e-02 2.448551356792e-02 2.210561931133e-02 2.508464828134e-02 2.333523705602e-02 1.768231950700e-02 1.476392429322e-02 2.500931546092e-02 1.148810163140e-01 1.196974217892e-01 2.468792535365e-02 8.790428750217e-03 8.954631164670e-03 8.061794564128e-03 7.746522780508e-03 1.273153908551e-02
1.772692776285e-03 1.910199294798e-03 2.417016075924e-03 2.701387275010e-03 2.478012582287e-03 4.107485990971e-03 4.829283338040e-03 4.911685828120e-03 4.154194612056e-03 4.059938248247e-03 4.462316166610e-03 5.609521642327e-03 5.593470763415e-03 2.063563093543e-02 1.457995921373e-01 1.835859417915e-01 8.564844727516e-02 4.881858825684e-02 3.903821110725e-02 3.046637773514e-02 1.455527823418e-02 1.449369452894e-02 3.158690407872e-02 6.738698482513e-02 5.525863915682e-02 2.946110256016e-02 3.443101420999e-02 2.804090082645e-02 2.969258651137e-02 2.045297250152e-02 5.057390034199e-02 2.026080712676e-02 1.562674529850e-02 1.104756351560e-02 7.338621187955e-03 2.367527969182e-02 2.613169327378e-02 6.395604461432e-03 4.301537293941e-03 5.061859730631e-03 6.258366163820e-03 6.996138021350e-03 6.542049814016e-03
2.173020271584e-03 3.417328465730e-03 4.658041056246e-03 5.061638075858e-03 6.526736076921e-03 8.677243255079e-03 8.525373414159e-03 7.520150393248e-03 6.465485785156e-03 4.985854029655e-03 6.023992318660e-03 6.662579253316e-03 3.708854317665e-02 2.045266479254e-01 2.797373831272e-01 9.755838662386e-02 3.072847798467e-02 1.880988664925e-02 1.916536316276e-02 1.676894165576e-02 1.605295203626e-02 3.654632717371e-02 7.204766571522e-02 9.565134346485e-02 7.694496959448e-02 3.957519307733e-02 2.731771767139e-02 2.005177550018e-02 1.817628555000e-02 1.617953740060e-02 2.175371721387e-02 1.003143377602e-02 1.134074293077e-02 9.194109588861e-03 5.776753183454e-03 3.425977425650e-03 2.826950512826e-03 2.754047280177e-03 2.892387099564e-03 3.602312179282e-03 4.836949519813e-03 6.116969510913e-03 6.257868371904e-03
3.598214592785e-03 5.379319190979e-03 7.145317737013e-03 9.590948000550e-03 1.856331154704e-02 1.834427006543e-02 2.565968222916e-02 1.857440546155e-02 2.111689746380e-02 1.254391204566e-02 7.033099420369e-03 4.837430268526e-02 1.948871761560e-01 1.940262615681e-01 5.077838897705e-02 1.524462737143e-02 2.830896899104e-02 3.739050403237e-02 2.642277628183e-02 3.071722947061e-02 3.712497279048e-02 3.732876479626e-02 5.446247756481e-02 4.451467841864e-02 3.008398786187e-02 2.346022054553e-02 1.462617516518e-02 5.674381274730e-03 5.846747197211e-03 5.763807334006e-03 7.383346557617e-03 5.401589442044e-03 4.758166614920e-03 3.289284883067e-03 3.363076131791e-03 3.425320377573e-03 3.535768017173e-03 3.711532102898e-03 3.947522491217e-03 4.251885693520e-03 4.299496766180e-03 5.134866107255e-03 6.505350116640e-03
