100/SI/f115.grd
DSAA
101	101
32.816463539100	34.260883539100
35.556306596100	36.727886596100
2.895650868595e-05	4.792672157288e+00
[rows 19 to 37 of 101, columns 0 to 42 of 101]
9.129416197538e-03 1.861462555826e-02 2.380845695734e-02 2.426229976118e-02 2.001451887190e-02 1.588260382414e-02 1.084821112454e-02 1.232494413853e-02 1.491042599082e-02 1.791165769100e-02 2.348359860480e-02 2.804875746369e-02 2.732037566602e-02 2.961793169379e-02 2.983758971095e-02 2.893438003957e-02 2.751843445003e-02 2.643887139857e-02 3.058034926653e-02 2.750821597874e-02 2.849965728819e-02 3.074569813907e-02 3.261044993997e-02 3.133673593402e-02 2.794052101672e-02 2.365429699421e-02 2.448098920286e-02 3.919892385602e-02 4.676144570112e-02 3.512353822589e-02 3.232517838478e-02 2.972744219005e-02 3.143580630422e-02 3.143374249339e-02 3.143231198192e-02 3.049990721047e-02 2.433361299336e-02 2.126352116466e-02 2.282269485295e-02 2.188867889345e-02 3.167920559645e-02 7.827696949244e-02 3.641665354371e-02
7.140129338950e-03 1.500534918159e-02 2.023793943226e-02 2.214269712567e-02 1.969099044800e-02 1.896124891937e-02 1.737783662975e-02 1.230646949261e-02 1.641671918333e-02 1.917910389602e-02 2.045955136418e-02 2.565626613796e-02 2.276255004108e-02 2.653698995709e-02 2.867758646607e-02 2.958737127483e-02 2.952663972974e-02 2.818814292550e-02 3.558711335063e-02 2.850141376257e-02 3.350390121341e-02 3.985359892249e-02 4.293421655893e-02 4.194983839989e-02 3.931028395891e-02 3.039931692183e-02 3.243813291192e-02 3.172541037202e-02 4.913314804435e-02 3.568170219660e-02 3.052167408168e-02 2.879691869020e-02 2.805068716407e-02 2.814810909331e-02 2.670307271183e-02 3.456835821271e-02 2.316172979772e-02 2.436191216111e-02 2.497028000653e-02 2.552863582969e-02 3.924449160695e-02 6.626997888088e-02 5.425442010164e-02
5.514894612134e-03 1.111395936459e-02 1.529650203884e-02 1.760899089277e-02 1.662101224065e-02 1.449473574758e-02 1.789966039360e-02 1.768573187292e-02 2.024701051414e-02 2.415242977440e-02 2.785829640925e-02 3.671590611339e-02 4.404120147228e-02 4.029608517885e-02 2.740747481585e-02 2.648479677737e-02 2.798044867814e-02 2.923473902047e-02 5.184837058187e-02 4.155602678657e-02 3.125809133053e-02 4.847560077906e-02 5.136356502771e-02 5.644029378891e-02 4.642465710640e-02 4.110170155764e-02 4.053936898708e-02 2.512757107615e-02 4.623070359230e-02 3.290922194719e-02 2.530243247747e-02 2.634792402387e-02 3.112244606018e-02 2.559566497803e-02 2.802657149732e-02 3.658233210444e-02 2.912625670433e-02 2.584862150252e-02 2.697531506419e-02 2.892882935703e-02 4.576376453042e-02 4.747213795781e-02 7.201118767262e-02
7.439829874784e-03 1.336681377143e-02 1.292049139738e-02 1.353268884122e-02 1.578347384930e-02 1.997234858572e-02 2.332296594977e-02 2.791763842106e-02 3.391121700406e-02 4.262714833021e-02 5.428681150079e-02 6.810563802719e-02 7.653688639402e-02 6.649412959814e-02 4.176740720868e-02 2.554233931005e-02 3.525383397937e-02 4.951775074005e-02 6.262618303299e-02 5.091292783618e-02 4.015756398439e-02 5.263674259186e-02 5.599714070559e-02 6.338840723038e-02 4.617274925113e-02 4.681039601564e-02 4.815351217985e-02 3.017481043935e-02 3.775686770678e-02 2.726072631776e-02 2.583139203489e-02 2.558388933539e-02 3.228094801307e-02 3.287082910538e-02 3.268457576632e-02 3.105304017663e-02 4.097902774811e-02 2.869295328856e-02 2.897200733423e-02 3.177349269390e-02 5.101455748081e-02 4.422936961055e-02 8.362612128258e-02
7.222944404930e-03 1.489424053580e-02 1.616720296443e-02 1.549302786589e-02 1.978655904531e-02 2.687224745750e-02 2.945054695010e-02 3.114539571106e-02 3.451426327229e-02 3.995452076197e-02 4.825174808502e-02 5.504669994116e-02 5.638695508242e-02 4.824201762676e-02 3.534895926714e-02 3.142719715834e-02 3.429258614779e-02 4.633823037148e-02 6.172366440296e-02 3.908504918218e-02 3.763482719660e-02 5.307943746448e-02 5.591909959912e-02 6.078179553151e-02 4.849533736706e-02 4.665770009160e-02 5.428627878428e-02 4.636074602604e-02 4.681735113263e-02 3.990174084902e-02 3.449289128184e-02 5.071956291795e-02 4.738384485245e-02 3.548594191670e-02 3.455094248056e-02 3.438605368137e-02 4.544311761856e-02 3.333445265889e-02 3.166734799743e-02 3.355392441154e-02 5.395935103297e-02 4.484126716852e-02 8.542624115944e-02
1.431812718511e-02 2.472779713571e-02 1.610152050853e-02 1.608206890523e-02 1.815928146243e-02 2.338797971606e-02 2.647408656776e-02 2.619926258922e-02 2.605162002146e-02 2.711604349315e-02 2.867253869772e-02 3.037549369037e-02 2.894798852503e-02 3.184520080686e-02 3.223338350654e-02 2.886639535427e-02 2.882861346006e-02 5.313692241907e-02 6.077082082629e-02 3.226348757744e-02 3.266399726272e-02 4.914440587163e-02 5.306077748537e-02 5.178717151284e-02 4.737202823162e-02 4.268708825111e-02 5.844831466675e-02 5.126605927944e-02 4.265255481005e-02 4.127294942737e-02 4.062921553850e-02 6.531931459904e-02 9.723074734211e-02 9.252851456404e-02 8.370672166348e-02 7.983293384314e-02 8.290965110064e-02 5.124774575233e-02 4.346035420895e-02 3.597863391042e-02 5.521215125918e-02 4.331086203456e-02 7.562719285488e-02
2.654547430575e-02 5.625372752547e-02 5.795396119356e-02 5.083822831511e-02 3.176696226001e-02 1.828804425895e-02 1.777819357812e-02 1.864461787045e-02 2.017146348953e-02 2.607838250697e-02 3.126483038068e-02 3.494367748499e-02 3.607089072466e-02 3.457658365369e-02 3.155525028706e-02 3.277260065079e-02 3.445497527719e-02 5.176862329245e-02 5.101331695914e-02 3.002739325166e-02 3.259668871760e-02 4.009143263102e-02 4.587525129318e-02 4.288659617305e-02 4.863918200135e-02 4.690238460898e-02 6.065277010202e-02 6.440754979849e-02 6.847821921110e-02 6.129007041454e-02 4.621479287744e-02 3.884099051356e-02 7.875919342041e-02 8.599579334259e-02 9.474958479404e-02 1.145584359765e-01 1.431233286858e-01 8.726234734058e-02 6.417220830917e-02 5.449327081442e-02 5.423073470592e-02 4.040690138936e-02 5.662336573005e-02
2.835627272725e-02 6.114017963409e-02 7.057671248913e-02 8.333186805248e-02 9.126949310303e-02 7.921200245619e-02 4.441352188587e-02 2.428109012544e-02 3.312141448259e-02 3.867623955011e-02 3.972186893225e-02 3.756561502814e-02 3.520474955440e-02 4.742595553398e-02 5.226603895426e-02 5.190568044782e-02 5.111136287451e-02 4.973097518086e-02 4.912934452295e-02 4.745827242732e-02 4.639067500830e-02 4.639042913914e-02 4.500345513225e-02 5.631661415100e-02 6.781598180532e-02 5.865765362978e-02 6.632014364004e-02 8.514434844255e-02 8.606629818678e-02 7.643269002438e-02 5.705070495605e-02 4.199595749378e-02 4.596741497517e-02 7.236579805613e-02 1.078893616796e-01 9.500841051340e-02 9.681010991335e-02 7.325363904238e-02 7.824403792620e-02 7.969126850367e-02 6.483483314514e-02 4.160756990314e-02 5.033757165074e-02
1.820506900549e-02 4.017679393291e-02 4.673274978995e-02 5.738014355302e-02 7.468896359205e-02 9.824599325657e-02 1.110591068864e-01 8.639763295650e-02 4.513095319271e-02 4.182738065720e-02 3.723288327456e-02 4.805057123303e-02 5.667436867952e-02 5.903844907880e-02 5.611771345139e-02 5.609122291207e-02 5.552987009287e-02 5.387360230088e-02 5.644081905484e-02 5.696219950914e-02 5.854936316609e-02 6.362118571997e-02 6.015755981207e-02 5.539805069566e-02 5.347322300076e-02 6.901004910469e-02 6.612623482943e-02 8.172570168972e-02 8.986357599497e-02 8.063564449549e-02 6.023421138525e-02 6.518091261387e-02 8.407477289438e-02 1.125174164772e-01 1.342265009880e-01 9.720596671104e-02 6.804561614990e-02 5.681775510311e-02 7.020280510187e-02 9.000335633755e-02 9.828978776932e-02 6.677350401878e-02 5.015791207552e-02
1.250958908349e-02 2.456108666956e-02 3.061987273395e-02 2.820299938321e-02 3.249202296138e-02 4.865734651685e-02 7.612089812756e-02 1.032912731171e-01 1.030356884003e-01 7.090284675360e-02 5.371515080333e-02 5.670994520187e-02 5.749012157321e-02 5.491704866290e-02 5.398944392800e-02 5.309676378965e-02 5.034378916025e-02 5.401594564319e-02 5.542418733239e-02 5.748579651117e-02 6.093173474073e-02 5.880843847990e-02 5.652061849833e-02 5.580494552851e-02 5.489653348923e-02 5.399987846613e-02 5.679953843355e-02 6.345680356026e-02 7.626267522573e-02 7.931029051542e-02 6.212314218283e-02 7.555823773146e-02 9.102582186460e-02 1.034107208252e-01 1.001681312919e-01 6.275239586830e-02 6.650631874800e-02 7.648022472858e-02 8.254725486040e-02 7.416751980782e-02 1.100686937571e-01 1.119490340352e-01 6.263571977615e-02
1.452129147947e-02 2.858139760792e-02 2.833699807525e-02 3.481239825487e-02 2.858080156147e-02 2.473655901849e-02 2.913967892528e-02 5.363298952579e-02 8.612403273582e-02 1.000940501690e-01 8.154918998480e-02 5.423538759351e-02 5.153970792890e-02 5.040261521935e-02 4.715259745717e-02 4.580374807119e-02 4.726977273822e-02 5.151095986366e-02 4.999776929617e-02 4.991525411606e-02 4.505492746830e-02 3.703200444579e-02 4.697105661035e-02 4.167487472296e-02 6.305669993162e-02 5.622301995754e-02 6.439411640167e-02 7.084003090858e-02 5.922501534224e-02 6.388435512781e-02 7.097925990820e-02 7.642710953951e-02 6.565967947245e-02 8.119919896126e-02 6.003353744745e-02 5.155529454350e-02 6.712578982115e-02 9.249955415726e-02 1.107925996184e-01 1.048797965050e-01 8.909922093153e-02 1.384111493826e-01 1.042173579335e-01
1.876291818917e-02 3.606981784105e-02 3.354221954942e-02 3.440747037530e-02 3.837564960122e-02 2.881688997149e-02 4.006981104612e-02 4.869594424963e-02 5.384739860892e-02 7.535898685455e-02 9.706163406372e-02 8.799683302641e-02 5.385890975595e-02 4.325666278601e-02 4.256331175566e-02 4.356084018946e-02 4.509897157550e-02 4.455780982971e-02 4.720508307219e-02 4.627020657063e-02 4.035113379359e-02 3.374860435724e-02 3.600108623505e-02 5.732196569443e-02 8.559495210648e-02 1.153170540929e-01 1.385947316885e-01 1.128284782171e-01 7.617884874344e-02 7.120614498854e-02 8.751271665096e-02 6.166541203856e-02 4.607970267534e-02 1.011469289660e-01 4.240454360843e-02 5.984355136752e-02 5.559203028679e-02 7.778740674257e-02 1.132018417120e-01 1.217757835984e-01 1.047784313560e-01 1.165999174118e-01 1.581501513720e-01
1.705169677734e-02 3.727151080966e-02 3.940226137638e-02 3.850022330880e-02 4.058087244630e-02 4.115131124854e-02 4.935162886977e-02 5.188600346446e-02 5.153683200479e-02 4.870704561472e-02 6.746139377356e-02 9.617553651333e-02 9.386093914509e-02 6.474757939577e-02 4.083732888103e-02 4.075928404927e-02 3.930219262838e-02 3.597840666771e-02 4.818473011255e-02 5.016048252583e-02 5.078536644578e-02 4.230492562056e-02 3.881194069982e-02 7.103461027145e-02 1.206680312753e-01 1.779554188251e-01 2.088738232851e-01 1.996738612652e-01 1.300544291735e-01 8.218785375357e-02 9.429775923491e-02 7.938703894615e-02 7.384246587753e-02 1.235741004348e-01 6.403706222773e-02 1.232091039419e-01 8.915059268475e-02 6.460119038820e-02 8.651251345873e-02 1.244180127978e-01 1.275531649590e-01 1.077398285270e-01 1.696934401989e-01
2.096966654062e-02 4.269436001778e-02 4.318865761161e-02 4.194170236588e-02 4.346686974168e-02 4.927713051438e-02 4.964770749211e-02 5.020551383495e-02 4.615439474583e-02 4.254841804504e-02 4.112835228443e-02 5.804711952806e-02 9.328534454107e-02 9.832075238228e-02 7.449511438608e-02 3.535624593496e-02 3.285075351596e-02 3.681370988488e-02 4.281700402498e-02 6.834859400988e-02 6.178817152977e-02 5.665526539087e-02 5.195251479745e-02 7.091342657804e-02 1.233983039856e-01 1.760985851288e-01 2.397355586290e-01 2.809000611305e-01 2.343007028103e-01 1.132470145822e-01 1.022339835763e-01 1.109567880630e-01 1.058450490236e-01 1.461785733700e-01 8.139509707689e-02 1.648910939693e-01 1.365891695023e-01 8.982928097248e-02 8.252508938313e-02 1.191661655903e-01 2.556560039520e-01 1.298050880432e-01 1.384078115225e-01
2.758508548141e-02 5.190903693438e-02 4.814545437694e-02 5.139633640647e-02 5.454772710800e-02 5.763262137771e-02 6.119346246123e-02 6.364521384239e-02 6.504215300083e-02 6.527327001095e-02 6.332982331514e-02 6.104099750519e-02 5.844819545746e-02 8.619216084480e-02 1.000493913889e-01 8.333551883698e-02 4.172294214368e-02 3.771591186523e-02 4.144925624132e-02 6.532052904367e-02 6.923276931047e-02 6.237347424030e-02 5.742971971631e-02 6.081311404705e-02 1.021671146154e-01 1.520325094461e-01 2.354217320681e-01 3.288573622704e-01 3.106433451176e-01 1.891340762377e-01 1.467813402414e-01 1.850858181715e-01 1.987393647432e-01 1.834264397621e-01 1.519362479448e-01 1.777795404196e-01 1.692784577608e-01 1.306506097317e-01 1.487429887056e-01 1.331226378679e-01 3.654569685459e-01 2.987577021122e-01 8.091307431459e-02
2.826205827296e-02 5.873019620776e-02 5.862915143371e-02 5.685020238161e-02 5.011369287968e-02 4.512839391828e-02 4.288136586547e-02 4.741401597857e-02 5.251370370388e-02 5.852783098817e-02 6.522773206234e-02 7.305230945349e-02 8.048173785210e-02 1.272132843733e-01 1.302686631680e-01 9.903202950954e-02 9.341798722744e-02 8.895656466484e-02 8.291159570217e-02 7.605373114347e-02 6.863255798817e-02 5.947301536798e-02 6.479920446873e-02 6.326854974031e-02 6.983751058578e-02 1.150874495506e-01 1.695958375931e-01 2.682299315929e-01 3.407674729824e-01 2.359833717346e-01 1.117696762085e-01 1.158744469285e-01 1.702940911055e-01 2.261369973421e-01 2.512033581734e-01 2.329662293196e-01 1.681091636419e-01 1.415198594332e-01 1.067295968533e-01 1.531173288822e-01 3.816342055798e-01 4.581596255302e-01 1.232905685902e-01
2.393199875951e-02 4.826211929321e-02 5.047143250704e-02 5.500992015004e-02 5.775712430477e-02 5.581990256906e-02 4.686360061169e-02 4.075525328517e-02 4.098495468497e-02 4.097402095795e-02 4.074522852898e-02 3.986781835556e-02 3.860796615481e-02 4.887562245131e-02 7.334120571613e-02 8.034817129374e-02 9.645072370768e-02 9.316747635603e-02 7.609160989523e-02 8.419353514910e-02 8.906903117895e-02 9.195002168417e-02 9.539649635553e-02 9.965299814939e-02 9.584538638592e-02 7.650318741798e-02 1.143861934543e-01 2.032873779535e-01 2.870848774910e-01 2.107301503420e-01 1.055487617850e-01 7.422822713852e-02 6.595159322023e-02 1.099748387933e-01 1.328393071890e-01 2.160293161869e-01 2.743419110775e-01 2.536527812481e-01 1.578966081142e-01 1.719803810120e-01 2.451585233212e-01 5.437952280045e-01 1.979938596487e-01
1.936573535204e-02 3.744892030954e-02 3.731549158692e-02 3.574690222740e-02 3.658834472299e-02 4.094073548913e-02 4.277069866657e-02 4.210063815117e-02 3.580202534795e-02 3.876262158155e-02 4.212097451091e-02 4.552420973778e-02 4.866258427501e-02 5.179969221354e-02 5.499526858330e-02 5.776253715158e-02 6.017214432359e-02 9.052411466837e-02 9.646536409855e-02 1.246223896742e-01 9.764871001244e-02 8.039205521345e-02 7.672549784184e-02 7.480768114328e-02 7.510821521282e-02 8.540778607130e-02 1.138794049621e-01 1.303167045116e-01 1.836478859186e-01 1.497705131769e-01 7.595440000296e-02 8.953668177128e-02 6.674637645483e-02 8.836473524570e-02 1.037286221981e-01 1.259008944035e-01 1.270792186260e-01 2.129483968019e-01 3.009907603264e-01 2.440022528172e-01 2.171697169542e-01 4.454249143600e-01 4.021043777466e-01
1.221461500973e-02 2.462286502123e-02 2.424525842071e-02 2.372255176306e-02 2.681141905487e-02 3.150813281536e-02 3.452170640230e-02 3.620514273643e-02 3.678214922547e-02 3.389591723680e-02 3.161470219493e-02 3.311349079013e-02 3.501949086785e-02 3.539715707302e-02 3.588905557990e-02 4.782095178962e-02 5.323400348425e-02 7.142265141010e-02 1.350943595171e-01 1.414294838905e-01 1.251975893974e-01 1.067795529962e-01 1.250882744789e-01 1.497471481562e-01 1.054551452398e-01 1.208982840180e-01 1.177845075727e-01 1.095137819648e-01 1.142398491502e-01 1.509341895580e-01 1.417597234249e-01 8.852361887693e-02 9.206373244524e-02 9.689593315125e-02 1.049131527543e-01 1.093997880816e-01 1.132196262479e-01 1.458093822002e-01 2.128366678953e-01 2.484118044376e-01 2.967908978462e-01 3.977564573288e-01 3.295759260654e-01
