100/SI/f115.grd
DSAA
101	101
32.816463539100	34.260883539100
35.556306596100	36.727886596100
2.895650868595e-05	4.792672157288e+00
[rows 76 to 94 of 101, columns 0 to 42 of 101]
3.061093157157e-04 4.428889660630e-04 5.830256850459e-04 6.906270864420e-04 7.424014620483e-04 7.473364821635e-04 7.221022970043e-04 6.818347028457e-04 6.360134575516e-04 6.853689556010e-04 7.751057273708e-04 9.296183707193e-04 1.101114437915e-03 1.211133087054e-03 1.233304152265e-03 1.197294448502e-03 1.090414938517e-03 1.159848179668e-03 1.194271259010e-03 1.277672592551e-03 1.763195847161e-03 1.724405097775e-03 1.131482538767e-03 1.228433800861e-03 1.138352672569e-03 1.044685603119e-03 1.071725040674e-03 1.191563904285e-03 1.337595516816e-03 1.413848251104e-03 1.361319795251e-03 1.281946431845e-03 1.246089697815e-03 1.235486939549e-03 1.358633860946e-03 1.628217054531e-03 3.151789540425e-03 3.756270976737e-03 3.535628784448e-03 2.492067404091e-03 2.468642545864e-03 4.076179582626e-03 7.101077120751e-03
3.080551687162e-04 4.982813843526e-04 6.616264581680e-04 7.634041248821e-04 8.041172404774e-04 8.002292015590e-04 7.686254684813e-04 7.218134705909e-04 7.483981316909e-04 8.310393895954e-04 9.565933723934e-04 1.131260418333e-03 1.292868400924e-03 1.371653634124e-03 1.350527862087e-03 1.252705231309e-03 1.067099627107e-03 1.095752813853e-03 1.100428286009e-03 9.797178208828e-04 1.005900674500e-03 1.054239692166e-03 9.215965401381e-04 1.109410193749e-03 1.175354467705e-03 1.078203087673e-03 1.161193707958e-03 1.398650929332e-03 1.552489236929e-03 1.570330699906e-03 1.464781933464e-03 1.344039803371e-03 1.334122382104e-03 1.302001997828e-03 1.583845703863e-03 1.708601368591e-03 2.824458060786e-03 3.157033585012e-03 3.475761506706e-03 3.930810838938e-03 8.131750859320e-03 1.060674153268e-02 1.004177238792e-02
3.282238321844e-04 5.237447912805e-04 6.824130541645e-04 7.724305614829e-04 8.012839825824e-04 7.880681077950e-04 7.480640197173e-04 8.147193584591e-04 9.182893554680e-04 1.027645193972e-03 1.169026829302e-03 1.318144844845e-03 1.414546859451e-03 1.411895500496e-03 1.310848863795e-03 1.138224848546e-03 9.041785378940e-04 9.481632150710e-04 9.182833600789e-04 8.052646880969e-04 7.353064138442e-04 8.251903345808e-04 9.975692955777e-04 1.329873804934e-03 1.400345005095e-03 1.265715691261e-03 1.553073292598e-03 1.684775226749e-03 1.723106834106e-03 1.685065682977e-03 1.575411879458e-03 1.460117520764e-03 1.390281016938e-03 1.593436812982e-03 2.054036129266e-03 2.663572086021e-03 3.507073502988e-03 4.360704682767e-03 3.657610388473e-03 9.571973234415e-03 1.103669684380e-02 1.066486164927e-02 1.052996795624e-02
2.965844469145e-04 4.689093620982e-04 6.046950584278e-04 6.776302470826e-04 6.962104234844e-04 6.770669715479e-04 7.745863986202e-04 8.817450143397e-04 9.675663313828e-04 1.052838400938e-03 1.142394496128e-03 1.208849018440e-03 1.216248259880e-03 1.144905807450e-03 1.011128188111e-03 8.455547504127e-04 7.880792836659e-04 7.602329133078e-04 7.105560507625e-04 6.552081904374e-04 6.807866739109e-04 7.581912796013e-04 1.197209698148e-03 1.628754660487e-03 1.761325635016e-03 1.853374647908e-03 1.906892750412e-03 1.921467483044e-03 1.809997134842e-03 1.701969187707e-03 1.610438572243e-03 1.528711291030e-03 1.690819859505e-03 2.011281438172e-03 2.565817208961e-03 2.957423217595e-03 2.884116955101e-03 4.720625467598e-03 5.502055864781e-03 8.109075948596e-03 9.442808106542e-03 9.470656514168e-03 9.663914330304e-03
2.452725602780e-04 3.928024671040e-04 4.790241364390e-04 5.238136509433e-04 5.378121859394e-04 6.237840279937e-04 7.166384602897e-04 7.737911073491e-04 8.001874084584e-04 8.236865396611e-04 8.510061306879e-04 8.671960094944e-04 8.502667187713e-04 7.868187385611e-04 8.070876938291e-04 8.260138565674e-04 8.170679211617e-04 7.749865180813e-04 7.089622085914e-04 6.443696911447e-04 6.410583737306e-04 7.887904648669e-04 1.347845536657e-03 1.852644956671e-03 2.099964069203e-03 2.231294754893e-03 2.248728414997e-03 2.314152428880e-03 2.253945684060e-03 1.940168906003e-03 1.669152756222e-03 1.599194016308e-03 1.861360855401e-03 2.040715888143e-03 2.159314230084e-03 2.323371591046e-03 3.087514312938e-03 4.555838182569e-03 6.018730346113e-03 6.104834843427e-03 9.546706452966e-03 1.146725751460e-02 8.995794691145e-03
3.356948436704e-04 5.079169059172e-04 6.145634106360e-04 6.618933985010e-04 6.894165999256e-04 7.019015611149e-04 7.060702773742e-04 7.015260052867e-04 6.882070447318e-04 6.698144134134e-04 6.957752630115e-04 7.561231032014e-04 8.085686131380e-04 8.539143600501e-04 8.858481887728e-04 8.938191458583e-04 8.686054497957e-04 8.074616198428e-04 7.252692012116e-04 7.083029486239e-04 6.764636491425e-04 8.502198033966e-04 1.388513832353e-03 1.911411993206e-03 4.758396651596e-03 1.407511159778e-02 1.497877668589e-02 6.748140789568e-03 3.924837335944e-03 3.095476422459e-03 2.198932925239e-03 1.693690544926e-03 1.977631123737e-03 2.595405559987e-03 2.101982943714e-03 2.519686939195e-03 2.793133025989e-03 4.702667240053e-03 8.217799477279e-03 8.029846474528e-03 8.899726904929e-03 1.177009567618e-02 1.618428155780e-02
4.747639468405e-04 7.011200650595e-04 8.366577676497e-04 9.085318306461e-04 9.286489803344e-04 9.235061588697e-04 9.049883810803e-04 8.766995160840e-04 8.407544810325e-04 8.070022449829e-04 9.487219504081e-04 1.089933328331e-03 1.212489209138e-03 1.296395319514e-03 1.324517070316e-03 1.288796309382e-03 1.189819886349e-03 1.034823013470e-03 9.594928123988e-04 9.120248141699e-04 8.537128451280e-04 9.963529882953e-04 1.388309057802e-03 3.118379274383e-03 1.317383442074e-02 3.790855780244e-02 4.144607856870e-02 2.085075341165e-02 9.040904231369e-03 4.437925294042e-03 2.867505187169e-03 2.159317256883e-03 1.946054049768e-03 2.766636433080e-03 2.999054966494e-03 3.112217411399e-03 2.788010984659e-03 4.235324449837e-03 9.688742458820e-03 1.456508412957e-02 9.613144211471e-03 9.292505681515e-03 2.058725059032e-02
5.960151320323e-04 8.509552571923e-04 1.018106006086e-03 1.082839444280e-03 1.080066664144e-03 1.044619828463e-03 9.937452850863e-04 9.672738960944e-04 1.132369157858e-03 1.381338573992e-03 1.638307934627e-03 1.881012343802e-03 2.087513217703e-03 2.250267192721e-03 2.362375380471e-03 2.402704441920e-03 2.340319100767e-03 2.139036776498e-03 1.764438464306e-03 1.315362169407e-03 1.215666183271e-03 1.241507707164e-03 2.741683740169e-03 4.963174462318e-03 1.424829382449e-02 1.172363609076e-01 2.192637175322e-01 4.767111688852e-02 2.087629400194e-02 7.489126641303e-03 3.506832290441e-03 2.672187983990e-03 2.582259709015e-03 3.588792867959e-03 4.314277321100e-03 4.210139624774e-03 3.481282386929e-03 5.139418877661e-03 8.157533593476e-03 1.788176037371e-02 1.797892898321e-02 8.892149664462e-03 2.142938598990e-02
6.338850944303e-04 8.866329444572e-04 1.036188565195e-03 1.072028535418e-03 1.035767490976e-03 1.079032314010e-03 1.192241092212e-03 1.267202547751e-03 1.513365306892e-03 1.862947014160e-03 2.227519406006e-03 2.573600271717e-03 2.877211198211e-03 3.147992072627e-03 3.407878335565e-03 3.654137020931e-03 3.818566910923e-03 3.751532407477e-03 3.250889945775e-03 2.334076678380e-03 1.805566367693e-03 2.576984465122e-03 4.533066414297e-03 6.426248699427e-03 2.808629535139e-02 6.746099889278e-02 8.577059209347e-02 2.601116709411e-02 9.783253073692e-03 5.956760607660e-03 5.104771349579e-03 6.251246668398e-03 8.072847500443e-03 7.487347349524e-03 5.409431178123e-03 5.366799887270e-03 4.490848165005e-03 5.243037361652e-03 5.752315279096e-03 1.174991857260e-02 1.563025824726e-02 1.005315314978e-02 3.758773952723e-02
8.665276109241e-04 1.372083323076e-03 1.729686977342e-03 1.932999119163e-03 2.046264009550e-03 2.089963061735e-03 2.069323090836e-03 1.993244281039e-03 1.876455498859e-03 1.928118872456e-03 2.326975576580e-03 2.728886669502e-03 3.110428806394e-03 3.476782003418e-03 3.868163796142e-03 4.329600837082e-03 4.777704831213e-03 4.941504448652e-03 4.451081156731e-03 4.079880192876e-03 4.066972527653e-03 4.386078100652e-03 5.623559933156e-03 7.631361950189e-03 1.452530827373e-02 5.347134079784e-03 4.207565914840e-03 4.206537269056e-03 4.578537773341e-03 4.957856610417e-03 5.488952156156e-03 3.843329846859e-02 2.529447339475e-02 2.015893161297e-02 1.215965393931e-02 1.791227795184e-02 1.648246869445e-02 7.744295988232e-03 6.038672756404e-03 7.250329945236e-03 1.081074029207e-02 2.861102670431e-02 4.348051175475e-02
1.589915133081e-03 2.471111714840e-03 3.026974154636e-03 3.252452239394e-03 3.288779407740e-03 3.206553170457e-03 3.041979391128e-03 2.826380310580e-03 2.636240096763e-03 2.735136542469e-03 2.805291209370e-03 2.828378230333e-03 2.978001488373e-03 3.381594084203e-03 3.763784654438e-03 4.193961620331e-03 4.619617480785e-03 6.891947239637e-03 8.901252411306e-03 8.961050771177e-03 9.147458709776e-03 9.045022539794e-03 6.604738999158e-03 7.946478202939e-03 3.939615562558e-03 2.977577503771e-03 2.738176845014e-03 2.372798742726e-03 2.682579448447e-03 3.749305848032e-03 8.433068171144e-03 4.573826864362e-02 3.257275745273e-02 2.236713841558e-02 1.953948475420e-02 4.152499884367e-02 3.961879387498e-02 1.789693348110e-02 1.341329235584e-02 1.239801105112e-02 1.594994775951e-02 2.698757685721e-02 4.835171625018e-02
2.283842302859e-03 3.475515637547e-03 4.090538248420e-03 4.199226386845e-03 5.142901558429e-03 5.529949907213e-03 5.435107741505e-03 5.065785255283e-03 4.568783566356e-03 4.141642712057e-03 4.185684490949e-03 4.095710348338e-03 4.319358151406e-03 4.981112200767e-03 5.456116050482e-03 5.886484403163e-03 6.656306795776e-03 7.358168251812e-03 6.774157285690e-03 7.745353970677e-03 8.119748905301e-03 6.618018727750e-03 5.426820833236e-03 3.102646209300e-03 2.727307844907e-03 2.119826618582e-03 1.757473102771e-03 1.410283264704e-03 1.289851963520e-03 2.298795152456e-03 3.667247248814e-03 1.947250030935e-02 2.575784176588e-02 3.876640647650e-02 4.114463925362e-02 5.328553915024e-02 3.783040866256e-02 1.773019321263e-02 2.786430157721e-02 2.788227237761e-02 1.985805854201e-02 2.603844366968e-02 8.342912048101e-02
2.676351927221e-03 4.032842814922e-03 4.664765205234e-03 5.200468469411e-03 6.305768154562e-03 6.731103640050e-03 6.576933432370e-03 6.092114374042e-03 5.443080794066e-03 4.747273866087e-03 4.228550940752e-03 4.652294330299e-03 5.381529219449e-03 6.178518291563e-03 6.717221345752e-03 6.895147264004e-03 6.463720928878e-03 5.312477238476e-03 4.196957219392e-03 3.628393402323e-03 3.086651675403e-03 2.162926364690e-03 1.936147222295e-03 1.851695240475e-03 1.649174257182e-03 1.345372758806e-03 1.037167734466e-03 9.823702275753e-04 1.252410816960e-03 1.895326888189e-03 2.722006756812e-03 1.080901175737e-02 1.178960595280e-02 2.268088236451e-02 2.629966102540e-02 6.042401120067e-02 5.321346595883e-02 2.780975028872e-02 2.536121010780e-02 1.113033518195e-01 2.617331743240e-01 6.789182126522e-02 4.172511398792e-02
1.995854778215e-03 2.978589851409e-03 3.403250826523e-03 3.441787092015e-03 4.108207765967e-03 4.340862855315e-03 4.217124544084e-03 3.892232198268e-03 3.466042457148e-03 3.015458118170e-03 2.802012953907e-03 3.012191504240e-03 3.125986782834e-03 3.144730348140e-03 3.110738471150e-03 3.157922998071e-03 2.832009457052e-03 2.267908072099e-03 2.640295773745e-03 2.488249447197e-03 1.981690526009e-03 1.444460358471e-03 1.351822982542e-03 1.205152948387e-03 1.007793238387e-03 7.922939839773e-04 9.014656534418e-04 1.253556576557e-03 1.571178785525e-03 3.230348695070e-03 4.085313994437e-03 6.107103079557e-03 1.058007031679e-02 7.917338050902e-03 6.842526141554e-03 8.320949971676e-03 5.185382440686e-02 2.992815151811e-02 2.320257946849e-02 1.486052125692e-01 3.280720710754e-01 3.607580438256e-02 1.302058063447e-02
9.440802969038e-04 1.394332735799e-03 1.643064548261e-03 1.867491751909e-03 1.954926643521e-03 2.031883690506e-03 2.051606308669e-03 1.944304909557e-03 1.849055872299e-03 1.823052996770e-03 1.789625384845e-03 1.644591568038e-03 1.675354549661e-03 1.721547101624e-03 1.707521034405e-03 1.615111017600e-03 2.187193138525e-03 2.792762825266e-03 2.631393028423e-03 1.968665281311e-03 1.255406299606e-03 9.114452986978e-04 8.262022165582e-04 7.156715728343e-04 5.965669988655e-04 9.177001775242e-04 1.413624966517e-03 1.887724385597e-03 2.611494157463e-03 4.236893728375e-03 5.823196377605e-03 7.854163646698e-03 9.047086350620e-03 7.658347953111e-03 4.689546301961e-03 5.447067786008e-03 1.056441478431e-02 2.664430812001e-02 4.382565617561e-02 4.576065391302e-02 2.427318505943e-02 9.300370700657e-03 8.682717569172e-03
6.258757202886e-04 9.113550186157e-04 1.155862235464e-03 1.305774436332e-03 1.364194904454e-03 1.357469824143e-03 1.325064222328e-03 1.262007281184e-03 1.187323825434e-03 1.108388532884e-03 1.027514692396e-03 9.468602947891e-04 8.695777505636e-04 8.524209843017e-04 8.415489573963e-04 1.192148774862e-03 2.030792413279e-03 2.402057172731e-03 2.055252436548e-03 1.416013110429e-03 8.615843253210e-04 5.494749639183e-04 5.507863825187e-04 6.026026676409e-04 8.191862725653e-04 1.393397804350e-03 2.101753139868e-03 2.962183672935e-03 4.218544811010e-03 5.757016129792e-03 8.615989238024e-03 8.893239311874e-03 8.097015321255e-03 4.385196603835e-03 3.319738665596e-03 4.520258866251e-03 5.461806431413e-03 2.080257609487e-02 5.142909288406e-02 2.953944168985e-02 1.764615438879e-02 7.939458824694e-03 7.536899298429e-03
4.352520627435e-04 6.303147529252e-04 7.883617072366e-04 8.863558177836e-04 9.304302511737e-04 9.359921095893e-04 9.157870663330e-04 8.779889321886e-04 8.283093338832e-04 7.695441599935e-04 7.050986750983e-04 6.365788867697e-04 6.778846145608e-04 6.816908135079e-04 6.292174803093e-04 7.063617813401e-04 1.264713588171e-03 1.573529909365e-03 1.469863462262e-03 1.149561372586e-03 8.117239340208e-04 5.454256315716e-04 5.892213084735e-04 6.768502644263e-04 1.157140010037e-03 2.568265656009e-03 5.486994981766e-03 5.076330620795e-03 4.191844724119e-03 7.764169946313e-03 1.057210657746e-02 9.068604558706e-03 6.545690353960e-03 3.052832558751e-03 3.265072591603e-03 4.489993210882e-03 6.280016154051e-03 2.224675379694e-02 3.743084520102e-02 1.772614009678e-02 1.027977187186e-02 6.338626611978e-03 5.691816564649e-03
2.915506775025e-04 4.183487326372e-04 5.189078510739e-04 5.802355008200e-04 6.072461837903e-04 6.100850296207e-04 5.958588444628e-04 5.691380938515e-04 5.326166865416e-04 4.885980742984e-04 4.850493569393e-04 5.450717872009e-04 5.686724907719e-04 5.437909858301e-04 5.210525705479e-04 5.959573900327e-04 6.618180777878e-04 8.037632796913e-04 9.188555413857e-04 8.864788687788e-04 7.542270468548e-04 5.956373643130e-04 6.289400625974e-04 8.636650163680e-04 1.505936263129e-03 4.471554420888e-03 6.394940894097e-03 3.802659222856e-03 4.266322124749e-03 8.209766820073e-03 1.111479103565e-02 8.805532939732e-03 6.128840148449e-03 4.205258563161e-03 4.640253260732e-03 4.487220663577e-03 9.660885669291e-03 3.863185271621e-02 2.791054360569e-02 7.406426128000e-03 1.483056414872e-02 6.454044487327e-03 4.401307553053e-03
1.716249098536e-04 2.440925309202e-04 3.005549660884e-04 3.339062968735e-04 3.473381220829e-04 3.467665810604e-04 3.361428680364e-04 3.179853083566e-04 3.055476699956e-04 3.727691073436e-04 4.361032915767e-04 4.775795387104e-04 4.810284590349e-04 5.319396150298e-04 6.151060224511e-04 6.992910639383e-04 7.727986085229e-04 8.206389029510e-04 8.282051421702e-04 7.899719057605e-04 7.202994311228e-04 6.687699351460e-04 7.433829596266e-04 1.076171756722e-03 1.816194620915e-03 5.012086126953e-03 5.282768048346e-03 4.189145285636e-03 3.812796203420e-03 7.343404460698e-03 1.029031630605e-02 8.021272718906e-03 7.831397466362e-03 5.284633953124e-03 5.590219050646e-03 4.011415410787e-03 9.203391149640e-03 2.488626912236e-02 1.211848575622e-02 8.689023554325e-03 1.965463906527e-02 6.353994365782e-03 3.367826808244e-03
