100/SI/f117_max.grd
DSAA
101	101
32.816463539100	34.260883539100
35.556306596100	36.727886596100
2.056439188891e-05	3.407190084457e+00
[rows 76 to 94 of 101, columns 0 to 42 of 101]
2.174678520532e-04 3.146392409690e-04 4.142075486016e-04 4.906479152851e-04 5.274272407405e-04 5.309327389114e-04 5.130078643560e-04 4.844049690291e-04 4.518568166532e-04 4.867705283687e-04 5.505075096153e-04 6.602496141568e-04 7.820547325537e-04 8.601963636465e-04 8.759437478147e-04 8.503667195328e-04 7.744532194920e-04 8.237492875196e-04 8.481988334097e-04 9.073916589841e-04 1.252174144611e-03 1.224606065080e-03 8.036912186071e-04 8.725661900826e-04 8.085935842246e-04 7.420059409924e-04 7.611740729772e-04 8.463070262223e-04 9.501619497314e-04 1.004337100312e-03 9.670315193944e-04 9.106509969570e-04 8.851794409566e-04 8.775066817179e-04 9.650006541051e-04 1.156595302746e-03 2.238660585135e-03 2.668043365702e-03 2.511335769668e-03 1.770228613168e-03 1.753750955686e-03 2.896328689530e-03 5.045994184911e-03
2.188562066294e-04 3.539985336829e-04 4.700414719991e-04 5.423442344181e-04 5.712661077268e-04 5.685044452548e-04 5.460551474243e-04 5.128027987666e-04 5.315199960023e-04 5.902168340981e-04 6.793901557103e-04 8.034445927478e-04 9.182253852487e-04 9.741836111061e-04 9.591815760359e-04 8.897064835764e-04 7.578842341900e-04 7.782210595906e-04 7.815450662747e-04 6.958193844184e-04 7.143627153710e-04 7.486738031730e-04 6.546079530381e-04 7.879727636464e-04 8.348061819561e-04 7.658054237254e-04 8.248467929661e-04 9.935233974829e-04 1.102805254050e-03 1.115486491472e-03 1.040517003275e-03 9.547517402098e-04 9.476934210397e-04 9.246508707292e-04 1.124811824411e-03 1.213621348143e-03 2.006168710068e-03 2.242392627522e-03 2.469035796821e-03 2.792427316308e-03 5.777209531516e-03 7.536262273788e-03 7.135394494981e-03
2.331809810130e-04 3.720829845406e-04 4.848023236264e-04 5.487502203323e-04 5.692470003851e-04 5.598588613793e-04 5.314415902831e-04 5.786071415059e-04 6.521659088321e-04 7.298340206034e-04 8.302468922921e-04 9.361549746245e-04 1.004625461064e-03 1.002747216262e-03 9.309862507507e-04 8.083891589195e-04 6.421673460864e-04 6.733941263519e-04 6.521769682877e-04 5.719145410694e-04 5.222815671004e-04 5.861208774149e-04 7.085329852998e-04 9.445495088585e-04 9.945996571332e-04 8.990932838060e-04 1.103221322410e-03 1.196778030135e-03 1.224009552971e-03 1.196990255266e-03 1.119100954384e-03 1.037205453031e-03 9.876003023237e-04 1.131619908847e-03 1.458729268052e-03 1.891872729175e-03 2.491005696356e-03 3.097305307165e-03 2.598582068458e-03 6.799690425396e-03 7.840896956623e-03 7.576781325042e-03 7.481256499887e-03
2.107008040184e-04 3.331227053422e-04 4.295853141230e-04 4.813975829165e-04 4.945960827172e-04 4.809965612367e-04 5.500951665454e-04 6.261995295063e-04 6.871523801237e-04 7.477159379050e-04 8.113222429529e-04 8.585228351876e-04 8.637831779197e-04 8.131205104291e-04 7.181144319475e-04 6.005255854689e-04 5.596808041446e-04 5.399019573815e-04 5.046197911724e-04 4.654847434722e-04 4.835430299863e-04 5.385128897615e-04 8.503207936883e-04 1.156823127531e-03 1.250981935300e-03 1.316375797614e-03 1.354565029033e-03 1.364922034554e-03 1.285738893785e-03 1.208998379298e-03 1.143977395259e-03 1.085923286155e-03 1.201253733598e-03 1.428498653695e-03 1.822372782044e-03 2.100529614836e-03 2.048479858786e-03 3.352908417583e-03 3.909057471901e-03 5.762850400060e-03 6.709279958159e-03 6.726873107255e-03 6.865240167826e-03
1.742086315062e-04 2.789921709336e-04 3.402277361602e-04 3.721218963619e-04 3.820655110758e-04 4.429936234374e-04 5.089365877211e-04 5.495275254361e-04 5.682780756615e-04 5.849717417732e-04 6.043784669600e-04 6.158804171719e-04 6.038608844392e-04 5.588030908257e-04 5.731851560995e-04 5.866236169823e-04 5.802675732411e-04 5.503794527613e-04 5.034878267907e-04 4.577778454404e-04 4.553062026389e-04 5.602355231531e-04 9.573003626429e-04 1.315830741078e-03 1.491492148489e-03 1.584779238328e-03 1.597189926542e-03 1.643495867029e-03 1.600763411261e-03 1.377939479426e-03 1.185474917293e-03 1.135763246566e-03 1.322350464761e-03 1.449375064112e-03 1.533623086289e-03 1.650455989875e-03 2.193348016590e-03 3.235839772969e-03 4.274860955775e-03 4.336751066148e-03 6.781813222915e-03 8.147988468409e-03 6.392173003405e-03
2.384200633969e-04 3.606744576246e-04 4.364045453258e-04 4.700974386651e-04 4.896473838016e-04 4.985178820789e-04 5.014831549488e-04 4.982609534636e-04 4.888065159321e-04 4.757476563100e-04 4.941356601194e-04 5.369931459427e-04 5.742381326854e-04 6.064404151402e-04 6.291171885096e-04 6.347756716423e-04 6.168669206090e-04 5.734413280152e-04 5.152393132448e-04 5.031853215769e-04 4.804708005395e-04 6.038575666025e-04 9.861723519862e-04 1.357554458082e-03 3.379731904715e-03 9.996536187828e-03 1.063821278512e-02 4.792716819793e-03 2.787453820929e-03 2.198456320912e-03 1.561732497066e-03 1.202895422466e-03 1.404732116498e-03 1.843571546488e-03 1.492731971666e-03 1.789911068045e-03 1.984129659832e-03 3.340133232996e-03 5.836656317115e-03 5.704117007554e-03 6.322029978037e-03 8.362421765924e-03 1.149956882000e-02
3.371996863279e-04 4.978768993169e-04 5.942346761003e-04 6.452841334976e-04 6.595741724595e-04 6.559243774973e-04 6.427760818042e-04 6.226883851923e-04 5.971626378596e-04 5.731148994528e-04 6.737621151842e-04 7.740476285107e-04 8.610838558525e-04 9.206716786139e-04 9.406430181116e-04 9.152751299553e-04 8.449847227894e-04 7.349114166573e-04 6.816107779741e-04 6.478865980171e-04 6.064526387490e-04 7.077082991600e-04 9.860133286566e-04 2.214974490926e-03 9.356684051454e-03 2.692321129143e-02 2.943524532020e-02 1.480846945196e-02 6.421109661460e-03 3.151847282425e-03 2.036537043750e-03 1.534102251753e-03 1.381974783726e-03 1.965160248801e-03 2.129807835445e-03 2.210122067481e-03 1.979792956263e-03 3.008264582604e-03 6.881332490593e-03 1.034450344741e-02 6.827655714005e-03 6.601511500776e-03 1.462687831372e-02
4.233216750436e-04 6.043941248208e-04 7.231138297357e-04 7.690914790146e-04 7.671234779991e-04 7.419495959766e-04 7.058190531097e-04 6.870059878565e-04 8.041780674830e-04 9.809923358262e-04 1.163488021120e-03 1.335852430202e-03 1.482505467720e-03 1.598090631887e-03 1.677708467469e-03 1.706350129098e-03 1.662047929130e-03 1.519111217931e-03 1.253096736036e-03 9.343702113256e-04 8.635328849778e-04 8.818616042845e-04 1.947252778336e-03 3.525281790644e-03 1.012254040688e-02 8.327735960484e-02 1.557768583298e-01 3.387137129903e-02 1.483449060470e-02 5.320969503373e-03 2.490549581125e-03 1.898429123685e-03 1.833805581555e-03 2.548645017669e-03 3.063836367801e-03 2.989774802700e-03 2.472017658874e-03 3.650303930044e-03 5.793835502118e-03 1.269978284836e-02 1.276872958988e-02 6.317373365164e-03 1.522390451282e-02
4.502176016103e-04 6.297321524471e-04 7.359539740719e-04 7.614090573043e-04 7.356551941484e-04 7.663615397178e-04 8.467750158161e-04 9.000232093967e-04 1.074761734344e-03 1.323034055531e-03 1.581953722052e-03 1.827740808949e-03 2.043366432190e-03 2.235675463453e-03 2.420244738460e-03 2.595133148134e-03 2.711913082749e-03 2.664334140718e-03 2.308836439624e-03 1.657758606598e-03 1.282121986151e-03 1.830047694966e-03 3.219458973035e-03 4.564245697111e-03 1.994981989264e-02 4.791570082307e-02 6.094121932983e-02 1.848148927093e-02 6.955272518098e-03 4.230694379658e-03 3.626435762271e-03 4.441137425601e-03 5.735132843256e-03 5.319085437804e-03 3.841481870040e-03 3.811822272837e-03 3.189503680915e-03 3.723800880834e-03 4.085905384272e-03 8.344779722393e-03 1.110028661788e-02 7.142186630517e-03 2.669731155038e-02
6.153943249956e-04 9.744329727255e-04 1.228394801728e-03 1.372776459903e-03 1.453207223676e-03 1.484235282987e-03 1.469571143389e-03 1.415533712134e-03 1.332584186457e-03 1.369362813421e-03 1.652645878494e-03 1.938101020642e-03 2.209091093391e-03 2.469289116561e-03 2.747250720859e-03 3.074955660850e-03 3.393201390281e-03 3.509583184496e-03 3.161383559927e-03 2.903064712882e-03 2.887990325689e-03 3.114679595456e-03 3.994386643171e-03 5.420691799372e-03 1.031649764627e-02 3.797371871769e-03 2.988402964547e-03 2.987656742334e-03 3.251892980188e-03 3.521357197315e-03 3.898449009284e-03 2.732098847628e-02 1.798596791923e-02 1.431928761303e-02 8.636821992695e-03 1.272141467780e-02 1.170588191599e-02 5.500098224729e-03 4.289215896279e-03 5.149106495082e-03 7.677400484681e-03 2.032097242773e-02 3.088154457510e-02
1.129103940912e-03 1.754898228683e-03 2.149644074962e-03 2.309755655006e-03 2.335538389161e-03 2.277130959556e-03 2.160241594538e-03 2.007112372667e-03 1.872029155493e-03 1.942333299667e-03 1.992239151150e-03 2.008730778471e-03 2.115187468007e-03 2.401858568192e-03 2.673307200894e-03 2.978817559779e-03 3.281126497313e-03 4.894842859358e-03 6.321948487312e-03 6.364476401359e-03 6.496898364276e-03 6.424289662391e-03 4.691362380981e-03 5.643887910992e-03 2.797895809636e-03 2.114714588970e-03 1.944807241671e-03 1.685306313448e-03 1.905321143568e-03 2.662986284122e-03 5.995682906359e-03 3.250993788242e-02 2.315905317664e-02 1.588442362845e-02 1.387748867273e-02 2.949117124081e-02 2.813738398254e-02 1.271087024361e-02 9.526832960546e-03 8.805632591248e-03 1.132834237069e-02 1.916753873229e-02 3.434384986758e-02
1.621971488930e-03 2.468278398737e-03 2.905044704676e-03 2.982498845086e-03 3.652823390439e-03 3.927827347070e-03 3.860574448481e-03 3.598337061703e-03 3.245374886319e-03 2.941245678812e-03 2.972642425448e-03 2.908861264586e-03 3.067549318075e-03 3.537537297234e-03 3.874921705574e-03 4.180634859949e-03 4.734393209219e-03 5.230433773249e-03 4.811295773834e-03 5.501043517143e-03 5.767029244453e-03 4.700496792793e-03 3.854035167024e-03 2.203495474532e-03 1.936928252690e-03 1.505633117631e-03 1.248276326805e-03 1.001696335152e-03 9.161305497400e-04 1.632776577026e-03 2.604738110676e-03 1.384160295129e-02 1.829363405704e-02 2.753142639995e-02 2.922109514475e-02 3.785692155361e-02 2.686818130314e-02 1.259291637689e-02 1.979021355510e-02 1.981081813574e-02 1.410387828946e-02 1.849430240691e-02 5.925603210926e-02
1.900727045722e-03 2.864083740860e-03 3.312849439681e-03 3.693677950650e-03 4.478828515857e-03 4.781049676239e-03 4.671669565141e-03 4.327394068241e-03 3.866436891258e-03 3.372234525159e-03 3.002987708896e-03 3.303932957351e-03 3.821832826361e-03 4.387858789414e-03 4.770460538566e-03 4.896875470877e-03 4.590578842908e-03 3.773064119741e-03 2.980893477798e-03 2.577166771516e-03 2.192493993789e-03 1.536445342936e-03 1.375149004161e-03 1.315178233199e-03 1.171342795715e-03 9.555708384141e-04 7.366738282144e-04 6.977419252507e-04 8.895429200493e-04 1.345988712274e-03 1.933382940479e-03 7.682139985263e-03 8.373253047466e-03 1.610824652016e-02 1.867887377739e-02 4.292694106698e-02 3.780006617308e-02 1.975747197866e-02 1.801835931838e-02 7.904841005802e-02 1.858859509230e-01 4.821904003620e-02 2.963409759104e-02
1.417447463609e-03 2.115371404216e-03 2.416949020699e-03 2.444592537358e-03 2.917996840551e-03 3.083320334554e-03 2.995500573888e-03 2.764775883406e-03 2.462075790390e-03 2.142036100850e-03 1.990360673517e-03 2.139760414138e-03 2.220690250397e-03 2.234082203358e-03 2.209144411609e-03 2.242662943900e-03 2.011241624132e-03 1.610532286577e-03 1.875009504147e-03 1.767053618096e-03 1.407329109497e-03 1.025920384564e-03 9.601359488443e-04 8.559706038795e-04 7.157988147810e-04 5.627425853163e-04 6.403378210962e-04 8.904429269023e-04 1.116049825214e-03 2.294013276696e-03 2.901205327362e-03 4.337351769209e-03 7.518203929067e-03 5.622983444482e-03 4.859472159296e-03 5.909576546401e-03 3.683121129870e-02 2.126059494913e-02 1.647918298841e-02 1.055423542857e-01 2.330016493797e-01 2.562151849270e-02 9.247136302292e-03
6.704861880280e-04 9.902510792017e-04 1.166779198684e-03 1.326155965216e-03 1.388250850141e-03 1.443171640858e-03 1.457176054828e-03 1.380959642120e-03 1.313303364441e-03 1.294831396081e-03 1.271088374779e-03 1.168079092167e-03 1.190218259580e-03 1.223071594723e-03 1.213134266436e-03 1.147500588559e-03 1.553223468363e-03 1.983291935176e-03 1.868714345619e-03 1.398085965775e-03 8.915626676753e-04 6.473554531112e-04 5.868168664165e-04 5.083156283945e-04 4.237231623847e-04 6.518777809106e-04 1.004151999950e-03 1.340912422165e-03 1.854559755884e-03 3.008820116520e-03 4.135677590966e-03 5.578192416579e-03 6.428343709558e-03 5.446264985949e-03 3.330196486786e-03 3.869042731822e-03 7.503278553486e-03 1.892341487110e-02 3.112713992596e-02 3.250345215201e-02 1.723967306316e-02 6.605046335608e-03 6.166310980916e-03
4.444510850590e-04 6.471902597696e-04 8.208138751797e-04 9.272771421820e-04 9.687808342278e-04 9.640254429542e-04 9.409934864379e-04 8.962151478045e-04 8.431840105914e-04 7.871344569139e-04 7.297087577172e-04 6.724388804287e-04 6.175623275340e-04 6.054593250155e-04 5.977461696602e-04 8.465920691378e-04 1.442171283998e-03 1.705844770186e-03 1.459575025365e-03 1.005621626973e-03 6.118886522017e-04 3.902689495590e-04 3.912259999197e-04 4.280395223759e-04 5.819070502184e-04 9.897908894345e-04 1.492944662459e-03 2.103789476678e-03 2.995897782966e-03 4.088655579835e-03 6.119253113866e-03 6.316105369478e-03 5.752915982157e-03 3.114044433460e-03 2.358013996854e-03 3.210787894204e-03 3.879111493006e-03 1.477205101401e-02 3.652862086892e-02 2.098116464913e-02 1.253458857536e-02 5.638442467898e-03 5.352508742362e-03
3.091281105299e-04 4.476645262912e-04 5.599120631814e-04 6.295110797510e-04 6.608148105443e-04 6.647660629824e-04 6.504165357910e-04 6.235731998459e-04 5.882919067517e-04 5.465590511449e-04 5.007901927456e-04 4.521288210526e-04 4.814925196115e-04 4.842030175496e-04 4.469355917536e-04 5.016193608753e-04 8.981422870420e-04 1.117461826652e-03 1.043854630552e-03 8.163969614543e-04 5.764801171608e-04 3.873637178913e-04 4.185371799394e-04 4.807896912098e-04 8.219794253819e-04 1.824176637456e-03 3.897117683664e-03 3.605292411521e-03 2.976941643283e-03 5.514245945960e-03 7.508506998420e-03 6.440513767302e-03 4.650475922972e-03 2.168106148019e-03 2.319190418348e-03 3.189461771399e-03 4.459421150386e-03 1.580455526710e-02 2.659418247640e-02 1.259055268019e-02 7.301496807486e-03 4.501486197114e-03 4.042114596814e-03
2.070790942525e-04 2.971374487970e-04 3.685597330332e-04 4.121180681977e-04 4.313026729506e-04 4.333189572208e-04 4.232147184666e-04 4.042363725603e-04 3.782976709772e-04 3.470341907814e-04 3.445178444963e-04 3.871581575368e-04 4.039270861540e-04 3.862574521918e-04 3.699871595018e-04 4.231819184497e-04 4.699546261691e-04 5.708023090847e-04 6.525445496663e-04 6.295605562627e-04 5.356459878385e-04 4.230238264427e-04 4.467585240491e-04 6.135177100077e-04 1.069747726433e-03 3.175980178639e-03 4.541944246739e-03 2.701051067561e-03 3.029860556126e-03 5.830721464008e-03 7.893873378634e-03 6.253557745367e-03 4.352592863142e-03 2.986533567309e-03 3.296139417216e-03 3.187473164871e-03 6.862641312182e-03 2.744485996664e-02 1.983269862831e-02 5.260060075670e-03 1.053277589381e-02 4.583485424519e-03 3.125597489998e-03
1.219116384163e-04 1.733862882247e-04 2.134923270205e-04 2.371821319684e-04 2.467223966960e-04 2.463153505232e-04 2.387680142419e-04 2.258694585180e-04 2.170162479160e-04 2.647688088473e-04 3.097599255852e-04 3.392246144358e-04 3.416774561629e-04 3.777251986321e-04 4.367859219201e-04 4.965704283677e-04 5.487726302817e-04 5.827471613884e-04 5.881199031137e-04 5.609653308056e-04 5.114804371260e-04 4.749782674480e-04 5.279741599225e-04 7.644769502804e-04 1.290138112381e-03 3.559852018952e-03 3.751999000087e-03 2.975548850372e-03 2.708191983402e-03 5.215385928750e-03 7.308283820748e-03 5.696517881006e-03 5.561697762460e-03 3.753072349355e-03 3.970895893872e-03 2.849603770301e-03 6.538396235555e-03 1.767358370125e-02 8.610543794930e-03 6.171028129756e-03 1.395888160914e-02 4.512431565672e-03 2.391626127064e-03
