100/SI/f117_max.grd
DSAA
101	101
32.816463539100	34.260883539100
35.556306596100	36.727886596100
2.056439188891e-05	3.407190084457e+00
[rows 57 to 75 of 101, columns 43 to 85 of 101]
1.430684048682e-02 1.706063002348e-02 8.671952411532e-03 9.611457586288e-03 9.507566690445e-03 1.529881358147e-02 1.722742244601e-02 2.318557724357e-02 2.024673856795e-02 1.104516722262e-02 7.673606742173e-03 6.446745246649e-03 4.749387037009e-03 8.439403958619e-03 3.516608104110e-02 1.181254088879e-01 2.614516019821e-01 2.466888725758e-01 3.546214997768e-01 1.202791705728e-01 3.477001935244e-02 2.656200714409e-02 4.804442822933e-02 8.825598657131e-02 1.510058343410e-01 1.368808299303e-01 1.489487886429e-01 1.208466142416e-01 1.571952998638e-01 1.452885270119e-01 1.535143256187e-01 1.144078075886e-01 1.185785606503e-01 1.665558815002e-01 1.034277155995e-01 6.499771028757e-02 7.586437463760e-02 1.064246371388e-01 1.334140151739e-01 9.652177244425e-02 4.024580493569e-02 3.533052653074e-02 3.415958210826e-02
1.142221502960e-02 1.907941512764e-02 7.007924374193e-03 7.450522854924e-03 7.379749324173e-03 1.109999883920e-02 2.158606052399e-02 6.936889141798e-02 5.516148731112e-02 1.190668810159e-02 7.086495403200e-03 4.886663053185e-03 3.744234563783e-03 3.704340895638e-03 7.320771459490e-03 7.036750018597e-02 8.247803896666e-02 8.603990077972e-02 6.975379586220e-02 7.060171663761e-02 5.162299051881e-02 3.921969980001e-02 3.025928139687e-02 1.831647381186e-02 4.729607701302e-02 9.400507807732e-02 1.640096306801e-01 1.671188324690e-01 1.823941171169e-01 1.001681387424e-01 1.321773678064e-01 1.206317096949e-01 1.033999472857e-01 9.068154543638e-02 9.219147264957e-02 6.933659315109e-02 6.810753792524e-02 8.198823779821e-02 8.057150244713e-02 7.379686832428e-02 7.656899094582e-02 8.025862276554e-02 7.509536296129e-02
9.545609354973e-03 9.201502427459e-03 6.377583835274e-03 6.779833231121e-03 6.892759818584e-03 1.010295003653e-02 3.065172769129e-02 7.941853255033e-02 7.896299660206e-02 1.772240735590e-02 7.360854651779e-03 4.176098853350e-03 2.959720091894e-03 2.683573402464e-03 2.754213521257e-03 3.445479786023e-03 4.742451943457e-03 6.459483411163e-03 8.349808864295e-03 1.036954578012e-02 1.217971462756e-02 1.428910158575e-02 9.629245847464e-03 9.677046909928e-03 2.309734001756e-02 1.074346229434e-01 1.850679367781e-01 2.100594192743e-01 2.018796205521e-01 2.037048637867e-01 1.341532766819e-01 1.163859888911e-01 9.876374155283e-02 8.970224112272e-02 1.259689331055e-01 1.085886433721e-01 9.008903056383e-02 5.640882253647e-02 6.069536134601e-02 5.098837986588e-02 4.491349309683e-02 4.240335524082e-02 3.703676164150e-02
8.802899159491e-03 7.922471500933e-03 6.171958521008e-03 6.873756181449e-03 7.813339121640e-03 1.025870628655e-02 7.124281674623e-02 7.974983751774e-02 9.796052426100e-02 1.367511786520e-02 6.454514339566e-03 4.022479988635e-03 2.675029216334e-03 2.170372055843e-03 2.073653507978e-03 2.187415491790e-03 2.679199911654e-03 3.529064357281e-03 5.063591524959e-03 5.909133236855e-03 6.786111276597e-03 1.358917541802e-02 6.998287979513e-03 6.448934786022e-03 1.969867199659e-02 4.394300282001e-02 1.568834632635e-01 1.741991341114e-01 1.850963085890e-01 1.976833939552e-01 1.647388935089e-01 1.275356858969e-01 8.866135030985e-02 1.136960759759e-01 7.910916954279e-02 6.960441172123e-02 5.770739167929e-02 4.770267754793e-02 4.484314844012e-02 4.413259774446e-02 4.673647508025e-02 6.627783179283e-02 9.233056008816e-02
7.457479834557e-03 5.807597190142e-03 6.063639651984e-03 7.293893024325e-03 1.130207348615e-02 1.848129183054e-02 5.607601627707e-02 1.247717142105e-01 4.818393290043e-02 7.632068824023e-03 4.697982221842e-03 3.426268463954e-03 2.441296586767e-03 1.832229783759e-03 1.676519867033e-03 1.679268316366e-03 1.829139073379e-03 2.447025151923e-03 3.369208658114e-03 3.852867288515e-03 4.001305904239e-03 8.313973434269e-03 4.970890469849e-03 5.392329301685e-03 1.211485173553e-02 4.119132459164e-02 1.114652231336e-01 1.512905955315e-01 1.571976244450e-01 1.197982132435e-01 9.232260286808e-02 1.319569796324e-01 9.022939950228e-02 6.365965306759e-02 7.072248309851e-02 8.934173732996e-02 8.088497072458e-02 5.722921341658e-02 5.343208089471e-02 5.206632986665e-02 5.046205222607e-02 5.598298087716e-02 6.937576830387e-02
5.411507096142e-03 4.453007131815e-03 5.569763481617e-03 1.305413153023e-02 2.988995425403e-02 6.914892047644e-02 1.011422351003e-01 6.368938088417e-02 6.770693697035e-03 4.626993089914e-03 3.321707947180e-03 2.735831541941e-03 2.135333605111e-03 1.745815388858e-03 1.536505063996e-03 1.601051422767e-03 1.675558974966e-03 2.023927168921e-03 2.920968690887e-03 3.593292087317e-03 3.816649550572e-03 4.042521119118e-03 4.060762468725e-03 6.067406386137e-03 1.471193321049e-02 3.845602273941e-02 4.720874875784e-02 4.716947674751e-02 9.098319709301e-02 1.055391058326e-01 1.235860511661e-01 7.878352701664e-02 1.018797084689e-01 7.485739141703e-02 8.376859128475e-02 9.885937720537e-02 1.975590288639e-01 1.246764287353e-01 7.337450981140e-02 6.012679263949e-02 6.184464693069e-02 6.076370552182e-02 5.868126824498e-02
3.493001451716e-03 3.646674565971e-03 4.610910546035e-03 5.825869273394e-03 1.284337509423e-02 7.948117703199e-02 5.165867507458e-02 6.881162524223e-03 4.024295601994e-03 3.546063322574e-03 2.974751638249e-03 2.514007734135e-03 1.969028962776e-03 1.679751323536e-03 1.496224547736e-03 1.650414196774e-03 1.710081822239e-03 1.667363336310e-03 2.402273705229e-03 3.065400989726e-03 3.463604953140e-03 3.444963134825e-03 4.316648934036e-03 7.012509275228e-03 2.183252945542e-02 4.328629747033e-02 2.568385191262e-02 3.364083543420e-02 3.130125626922e-02 1.618070751429e-01 2.352641373873e-01 1.272835135460e-01 6.985192745924e-02 9.564664214849e-02 3.779038414359e-02 3.979850932956e-02 1.474738121033e-01 7.099875062704e-02 5.785588547587e-02 4.432466998696e-02 4.554162919521e-02 5.077734589577e-02 5.471195653081e-02
2.928748494014e-03 3.185372566804e-03 3.733480349183e-03 4.722199402750e-03 5.344689823687e-03 7.430251222104e-03 8.214944042265e-03 5.600915290415e-03 2.915646415204e-03 3.009353764355e-03 2.637266647071e-03 2.415432827547e-03 1.977263716981e-03 1.597446505912e-03 1.634851330891e-03 1.666637719609e-03 1.781366416253e-03 1.767398091033e-03 2.023115986958e-03 2.597866812721e-03 3.090873826295e-03 3.284069709480e-03 3.465754911304e-03 5.758123472333e-03 1.614640653133e-02 9.979344904423e-03 9.612691588700e-03 1.577719673514e-02 3.574499115348e-02 7.079663872719e-02 7.414688915014e-02 9.358147531748e-02 1.491066068411e-01 8.002801984549e-02 7.624482363462e-02 5.932131037116e-02 6.062665581703e-02 5.136818438768e-02 2.734650485218e-02 3.412410989404e-02 3.333064913750e-02 3.594659268856e-02 4.521169513464e-02
2.301680622622e-03 2.595405327156e-03 3.092034487054e-03 3.791448194534e-03 4.075236152858e-03 4.533435683697e-03 4.796409979463e-03 3.001355100423e-03 2.554713748395e-03 2.661104546860e-03 2.480448223650e-03 2.150392159820e-03 1.795812742785e-03 1.610677107237e-03 1.596115063876e-03 1.828556996770e-03 1.790281501599e-03 1.539146527648e-03 1.787694869563e-03 2.269246615469e-03 2.686142455786e-03 3.144093090668e-03 4.451408050954e-03 4.660487174988e-03 4.735413938761e-03 6.608020514250e-03 6.431324407458e-03 1.578019745648e-02 2.208262868226e-02 2.969600632787e-02 6.166126951575e-02 1.078071817756e-01 8.011890202761e-02 1.460451632738e-01 9.342343360186e-02 5.250514671206e-02 4.364044591784e-02 3.968342021108e-02 4.769529774785e-02 4.488072171807e-02 5.593110248446e-02 5.499354749918e-02 6.396528333426e-02
2.124846214429e-03 2.102716593072e-03 2.366869244725e-03 2.684585982934e-03 2.893233904615e-03 2.849781885743e-03 2.724558115005e-03 2.623879816383e-03 2.838542684913e-03 2.805120078847e-03 2.612173790112e-03 2.274989383295e-03 1.860238960944e-03 1.650730380788e-03 1.492107636295e-03 1.458882703446e-03 1.644958276302e-03 1.667828415520e-03 1.693134428933e-03 2.043535467237e-03 2.366794506088e-03 2.791028702632e-03 4.280607216060e-03 4.812758415937e-03 5.188830196857e-03 1.076362840831e-02 1.479977928102e-02 1.901418343186e-02 2.667591534555e-02 2.884083613753e-02 6.296674162149e-02 1.194591075182e-01 5.652905628085e-02 6.024122238159e-02 1.065041422844e-01 9.002491086721e-02 6.258854269981e-02 5.317598953843e-02 6.654644757509e-02 3.425727784634e-02 4.544607177377e-02 5.507145076990e-02 6.575931608677e-02
1.745880581439e-03 1.978799700737e-03 2.078195335343e-03 2.099146367982e-03 2.350925933570e-03 2.531530801207e-03 2.726791659370e-03 2.420109463856e-03 2.330717863515e-03 2.404154511169e-03 2.581796143204e-03 2.568524796516e-03 2.209862228483e-03 1.875462359749e-03 1.777599682100e-03 1.607439247891e-03 1.384588540532e-03 1.538744661957e-03 1.742263790220e-03 1.926171360537e-03 2.115170937032e-03 2.433288376778e-03 3.642686177045e-03 3.556176321581e-03 3.943620249629e-03 9.736796841025e-03 2.081117406487e-02 2.808038517833e-02 3.949226438999e-02 2.075099386275e-02 6.110626086593e-02 3.056896664202e-02 3.280382975936e-02 3.797762840986e-02 6.060982868075e-02 6.635609269142e-02 8.579307049513e-02 7.811897993088e-02 5.815755203366e-02 4.970674216747e-02 3.810290247202e-02 4.101358354092e-02 3.300829976797e-02
1.709345146082e-03 1.890151994303e-03 1.880939351395e-03 1.912817591801e-03 2.044095424935e-03 2.274926984683e-03 2.461988013238e-03 2.199058886617e-03 1.728977891617e-03 1.846773084253e-03 2.004525857046e-03 2.346177585423e-03 2.435195259750e-03 2.023126697168e-03 1.909495447762e-03 2.314004348591e-03 2.051414456218e-03 1.669440767728e-03 1.817642711103e-03 1.892646891065e-03 2.306852489710e-03 2.560927765444e-03 2.857743762434e-03 3.531955182552e-03 4.098187200725e-03 7.104890886694e-03 1.496795471758e-02 1.783834211528e-02 2.449565194547e-02 1.387814339250e-02 2.946205995977e-02 2.260221913457e-02 3.755814954638e-02 2.296511270106e-02 4.533419758081e-02 3.382464870811e-02 5.364865064621e-02 6.580524146557e-02 5.858071520925e-02 7.899747043848e-02 7.182738929987e-02 5.743855983019e-02 5.062355101109e-02
1.646065153182e-03 1.779558835551e-03 1.711415126920e-03 1.740802661516e-03 1.748520066030e-03 1.705088536255e-03 1.888477709144e-03 1.785258064047e-03 2.135818358511e-03 2.312012715265e-03 2.098686993122e-03 2.117415424436e-03 2.327726455405e-03 2.422736492008e-03 2.221672562882e-03 2.868943614885e-03 2.553932601586e-03 1.953057362698e-03 1.962026581168e-03 1.950101112016e-03 2.240987028927e-03 2.431200817227e-03 2.741870004684e-03 3.642588388175e-03 4.280608147383e-03 6.369700655341e-03 9.571857750416e-03 1.104480121285e-02 1.186195760965e-02 1.499024406075e-02 2.506316639483e-02 3.841912001371e-02 2.589190751314e-02 6.119366362691e-02 2.157222107053e-02 2.814689651132e-02 5.737905949354e-02 8.032475411892e-02 3.931410983205e-02 4.444510862231e-02 2.835673466325e-02 5.337616801262e-02 4.711386561394e-02
1.468310016207e-03 1.586544909514e-03 1.525464816950e-03 1.497948891483e-03 1.390616758727e-03 1.407796866260e-03 1.485704095103e-03 1.963956281543e-03 2.440014621243e-03 2.507426077500e-03 2.190992236137e-03 2.416752977297e-03 2.688706852496e-03 2.614435041323e-03 2.594516612589e-03 2.697206102312e-03 2.892691176385e-03 3.382678842172e-03 3.032079664990e-03 2.723130164668e-03 2.801691647619e-03 3.014291636646e-03 3.601428586990e-03 3.703998634592e-03 4.461039789021e-03 5.484435241669e-03 9.031057357788e-03 8.997838944197e-03 1.615928485990e-02 3.267928585410e-02 4.060549288988e-02 2.073165960610e-02 2.079857885838e-02 6.230317801237e-02 3.310884907842e-02 4.075537994504e-02 3.615498915315e-02 4.684178531170e-02 3.420912474394e-02 1.311523560435e-02 1.248515397310e-02 1.685662195086e-02 3.333905711770e-02
1.351354178041e-03 1.353039406240e-03 1.343639218248e-03 1.325068180449e-03 1.361081376672e-03 1.440569874831e-03 1.530586625449e-03 1.831686124206e-03 2.054227981716e-03 1.947609474882e-03 2.299351152033e-03 2.474813023582e-03 2.403467195109e-03 2.527279779315e-03 3.458094550297e-03 4.812035709620e-03 5.453873891383e-03 6.909314077348e-03 6.890995427966e-03 7.420926820487e-03 5.296577699482e-03 5.049237050116e-03 5.854875314981e-03 4.902832210064e-03 5.596884060651e-03 7.736191153526e-03 2.317500673234e-02 2.162646129727e-02 2.093765325844e-02 2.821956016123e-02 1.584024913609e-02 1.669937744737e-02 2.231098338962e-02 1.284474320710e-02 6.940212100744e-02 9.651060402393e-02 8.616790175438e-02 1.996893063188e-02 9.458846412599e-03 7.821353152394e-03 7.645366713405e-03 9.037927724421e-03 9.534531272948e-03
1.255919458345e-03 1.303039956838e-03 1.254003611393e-03 1.349816098809e-03 1.445636269636e-03 1.654030987993e-03 1.654459862038e-03 1.915496075526e-03 2.098086057231e-03 2.437600400299e-03 2.531255362555e-03 3.005625447258e-03 3.150810021907e-03 2.915139310062e-03 7.063094526529e-03 2.534760534763e-02 2.003268525004e-02 1.190179213881e-02 1.338714268059e-02 1.666567847133e-02 1.231853850186e-02 6.478695664555e-03 7.539358921349e-03 9.443365037441e-03 9.177027270198e-03 1.711937598884e-02 2.406938187778e-02 2.130272425711e-02 1.739245653152e-02 1.570097543299e-02 1.781728304923e-02 1.657354459167e-02 1.256093662232e-02 1.048911828548e-02 1.776597090065e-02 8.159849047661e-02 8.501613885164e-02 1.753495261073e-02 6.244712043554e-03 6.361384410411e-03 5.728211253881e-03 5.504184868187e-03 9.044911712408e-03
1.259222044609e-03 1.356898457743e-03 1.716697006486e-03 1.918667461723e-03 1.760000013746e-03 2.917298814282e-03 3.429923905060e-03 3.488725284114e-03 2.951303729787e-03 2.884075511247e-03 3.170422045514e-03 3.985446412116e-03 3.973859362304e-03 1.466607209295e-02 1.036322861910e-01 1.304993331432e-01 6.088609993458e-02 3.467378392816e-02 2.772772312164e-02 2.164029888809e-02 1.033955067396e-02 1.029533240944e-02 2.243643999100e-02 4.786479100585e-02 3.925053402781e-02 2.092649042606e-02 2.445747703314e-02 1.991592720151e-02 2.109071053565e-02 1.452749222517e-02 3.592531010509e-02 1.439196709543e-02 1.110040210187e-02 7.847874425352e-03 5.214984994382e-03 1.681705564260e-02 1.856117881835e-02 4.542873706669e-03 3.056299872696e-03 3.596535883844e-03 4.446669016033e-03 4.970887210220e-03 4.648270085454e-03
1.543365535326e-03 2.427113940939e-03 3.308273619041e-03 3.594886278734e-03 4.635528195649e-03 6.162868347019e-03 6.054989062250e-03 5.341029725969e-03 4.591947887093e-03 3.541070269421e-03 4.279917571694e-03 4.733472131193e-03 2.635522373021e-02 1.453475803137e-01 1.988105624914e-01 6.933937966824e-02 2.182354405522e-02 1.335858553648e-02 1.361380796880e-02 1.191108766943e-02 1.140345726162e-02 2.595851011574e-02 5.117416009307e-02 6.793987005949e-02 5.465273931623e-02 2.810862846673e-02 1.940429210663e-02 1.424095127732e-02 1.291078235954e-02 1.149161625654e-02 1.545197889209e-02 7.125329691917e-03 8.055428974330e-03 6.530750077218e-03 4.103448241949e-03 2.433673245832e-03 2.008599229157e-03 1.956748310477e-03 2.054989105090e-03 2.559415530413e-03 3.436640137807e-03 4.346131812781e-03 4.446274135262e-03
2.555560320616e-03 3.820474026725e-03 5.074622109532e-03 6.815151777118e-03 1.319087948650e-02 1.303118560463e-02 1.822705380619e-02 1.320787146688e-02 1.501608360559e-02 8.919994346797e-03 4.996657371521e-03 3.437202423811e-02 1.384826749563e-01 1.378765255213e-01 3.608481585979e-02 1.082549337298e-02 2.010449394584e-02 2.655421569943e-02 1.876520365477e-02 2.181484550238e-02 2.636585757136e-02 2.651190385222e-02 3.868374601007e-02 3.161815926433e-02 2.136773243546e-02 1.666391454637e-02 1.038902532309e-02 4.030041862279e-03 4.153350833803e-03 4.093883093446e-03 5.244309082627e-03 3.836788469926e-03 3.379860427231e-03 2.336463890970e-03 2.388960914686e-03 2.433249959722e-03 2.511766506359e-03 2.636687131599e-03 2.804390853271e-03 3.020669100806e-03 3.054555971175e-03 3.648275043815e-03 4.622066859156e-03
