100/SI/f117_max.grd
DSAA
101	101
32.816463539100	34.260883539100
35.556306596100	36.727886596100
2.056439188891e-05	3.407190084457e+00
[rows 76 to 94 of 101, columns 43 to 85 of 101]
5.230889189988e-03 4.437614697963e-03 8.146789856255e-03 2.048607729375e-02 2.198151871562e-02 4.380213096738e-02 6.988884508610e-02 7.856999337673e-02 4.865394532681e-02 1.360851246864e-02 4.924879223108e-02 1.104178354144e-01 8.254436403513e-02 2.139104157686e-02 9.640818461776e-03 1.367589738220e-02 1.444869209081e-02 7.403632160276e-03 6.924986839294e-03 8.622383698821e-03 3.172686323524e-02 7.256995141506e-02 1.708609610796e-02 1.153483334929e-02 8.422601968050e-03 5.646593403071e-03 2.873500110582e-03 2.470414387062e-03 2.406257204711e-03 2.269043587148e-03 2.142817014828e-03 2.233915263787e-03 2.352474257350e-03 2.495826687664e-03 2.520802896470e-03 2.345714485273e-03 2.151193330064e-03 2.010588999838e-03 1.912387087941e-03 1.854298287071e-03 2.072976902127e-03 3.177134320140e-03 4.333150107414e-03
8.484968915582e-03 1.143486518413e-02 1.462233904749e-02 1.528981700540e-02 2.104930765927e-02 2.909947931767e-02 3.754675388336e-02 3.533151373267e-02 5.668296292424e-02 8.271012455225e-02 8.199870586395e-02 3.935885429382e-02 2.777633070946e-02 2.471395768225e-02 1.593340560794e-02 1.695189252496e-02 4.700385499746e-03 2.901331521571e-03 3.545716404915e-03 3.968341741711e-03 3.009271575138e-03 3.602108219638e-03 5.702558904886e-03 5.739791784436e-03 5.208396818489e-03 3.194651100785e-03 1.568480045535e-03 1.407688250765e-03 1.634551794268e-03 1.883414457552e-03 2.009227871895e-03 2.053469885141e-03 2.042559441179e-03 1.953050610609e-03 1.698484411463e-03 1.363006536849e-03 1.091554178856e-03 1.078509725630e-03 1.143214176409e-03 1.333922846243e-03 1.676065381616e-03 2.859426429495e-03 3.825541120023e-03
1.797392033041e-02 2.714547701180e-02 1.796912401915e-02 8.476975373924e-03 9.837141260505e-03 3.598795086145e-02 1.009377539158e-01 1.343899071217e-01 1.007056087255e-01 4.970404505730e-02 2.668263576925e-02 1.717562973499e-02 1.239154022187e-02 1.996308378875e-02 1.663600839674e-02 6.173513829708e-03 2.059595892206e-03 1.882036798634e-03 1.956150634214e-03 2.648380817845e-03 1.977400621399e-03 1.802522805519e-03 2.084781881422e-03 2.355965785682e-03 2.134855370969e-03 1.944339368492e-03 1.576317357831e-03 1.640105969273e-03 1.379856490530e-03 1.576525508426e-03 1.650201156735e-03 1.537764212117e-03 1.473568612710e-03 1.424228888936e-03 1.003209617920e-03 9.661910007708e-04 1.026107347570e-03 1.022206619382e-03 1.000950927846e-03 1.062350464053e-03 1.299276947975e-03 2.482392825186e-03 3.640690585598e-03
2.556283958256e-02 2.978874556720e-02 1.006096135825e-02 1.043097767979e-02 3.696290403605e-02 6.617365777493e-02 6.827362626791e-02 5.864601954818e-02 4.912894964218e-02 2.311698347330e-02 2.043236047029e-02 2.474118024111e-02 1.528104115278e-02 9.650452062488e-03 4.227221943438e-03 2.279679290950e-03 1.444919384085e-03 1.388362725265e-03 1.333476044238e-03 1.661565504037e-03 1.479929196648e-03 1.480536302552e-03 1.377295353450e-03 1.361122005619e-03 1.317698974162e-03 1.345095806755e-03 1.300081959926e-03 1.321983058006e-03 1.422096276656e-03 1.362245762721e-03 1.380153116770e-03 1.137198996730e-03 1.259426353499e-03 1.321465708315e-03 1.052088569850e-03 8.015033090487e-04 9.589902474545e-04 1.020367140882e-03 1.024651224725e-03 1.006804988720e-03 1.037175999954e-03 1.334170461632e-03 2.244263887405e-03
1.116643566638e-02 1.853799633682e-02 2.675204165280e-02 3.465288504958e-02 3.807298094034e-02 3.127573430538e-02 3.504354134202e-02 4.355210065842e-02 6.217080727220e-02 2.399343252182e-02 2.499218843877e-02 1.515173353255e-02 6.105103064328e-03 2.580387284979e-03 1.786035136320e-03 1.451548188925e-03 1.301751588471e-03 1.173525000922e-03 1.075088744983e-03 1.017183414660e-03 1.129733398557e-03 8.721387712285e-04 8.838136564009e-04 8.805493707769e-04 9.285199339502e-04 9.751185425557e-04 9.839116828516e-04 9.011518559419e-04 7.752850069664e-04 9.304488776252e-04 9.064592304640e-04 8.801979129203e-04 9.877327829599e-04 1.101964036934e-03 1.013679313473e-03 7.948579732329e-04 8.909761672840e-04 1.000372460112e-03 1.027216669172e-03 1.043164636940e-03 1.209568232298e-03 1.451970776543e-03 1.827877364121e-03
1.234564837068e-02 3.753659874201e-02 6.957066059113e-02 4.065240174532e-02 2.623756043613e-02 4.577210918069e-02 6.099107861519e-02 8.204893022776e-02 3.991864621639e-02 2.050611749291e-02 9.676271118224e-03 5.607636179775e-03 2.369320252910e-03 1.517566968687e-03 1.071402686648e-03 9.020431316458e-04 8.284775540233e-04 7.698698318563e-04 7.901852950454e-04 8.418496581726e-04 8.681371109560e-04 8.051820332184e-04 7.801330066286e-04 8.374218596146e-04 1.000341377221e-03 1.165036810562e-03 1.274038455449e-03 1.238170079887e-03 9.780392283574e-04 7.572557660751e-04 7.555165793747e-04 6.973023992032e-04 7.081119692884e-04 8.848623838276e-04 9.162132628262e-04 8.543147123419e-04 8.102879510261e-04 9.491209057160e-04 1.001914730296e-03 1.011946937069e-03 1.160107320175e-03 1.606794074178e-03 2.174098277465e-03
2.319557592273e-02 7.277508825064e-02 5.561886355281e-02 4.540682956576e-02 4.975797608495e-02 4.764525592327e-02 3.328253701329e-02 3.208534047008e-02 2.519982308149e-02 1.288202032447e-02 4.681335762143e-03 2.905858680606e-03 1.576459268108e-03 1.012526219711e-03 8.138950215653e-04 6.679781945422e-04 6.672997260466e-04 7.127668941393e-04 6.964122294448e-04 6.678924546577e-04 7.257335237227e-04 7.479178602807e-04 7.226919406094e-04 7.244961452670e-04 9.118455927819e-04 1.119220862165e-03 1.270798733458e-03 1.267619663849e-03 1.029446139000e-03 7.022000500001e-04 7.339785806835e-04 7.600713288411e-04 6.214473978616e-04 6.514750421047e-04 7.767690694891e-04 8.673412376083e-04 8.763961959630e-04 8.686623768881e-04 9.494686382823e-04 9.910551598296e-04 9.839989943430e-04 1.116502797231e-03 1.411357312463e-03
3.123561106622e-02 5.297778174281e-02 3.161130845547e-02 1.921360753477e-02 1.282181125134e-02 1.576325297356e-02 1.372133940458e-02 1.638727448881e-02 1.389402337372e-02 4.840044770390e-03 3.383387811482e-03 2.017123857513e-03 1.672415994108e-03 1.241339021362e-03 7.747827330604e-04 6.305819260888e-04 6.860996945761e-04 6.920989835635e-04 6.302729016170e-04 5.985450115986e-04 6.944238557480e-04 7.603005506098e-04 7.955839973874e-04 7.679475238547e-04 7.114786421880e-04 8.501358097419e-04 9.487553033978e-04 9.403357398696e-04 7.773473043926e-04 6.310745957308e-04 6.520605529658e-04 7.157784420997e-04 6.830094498582e-04 5.813913303427e-04 5.916050286032e-04 7.090722210705e-04 7.881237543188e-04 7.705293828622e-04 8.765960228629e-04 9.519044542685e-04 9.696087799966e-04 1.022681593895e-03 1.147881383076e-03
4.435695335269e-02 3.672831878066e-02 1.186199299991e-02 9.007330983877e-03 9.552369825542e-03 5.731042008847e-03 8.070919662714e-03 1.314951386303e-02 8.762858808041e-03 4.271103534847e-03 3.197576850653e-03 1.793181407265e-03 1.746468944475e-03 1.655121683143e-03 1.035820227116e-03 8.193122339435e-04 6.952043040656e-04 6.657590274699e-04 5.741451168433e-04 5.769712734036e-04 6.981214974076e-04 8.371369331144e-04 9.204154484905e-04 8.599536377005e-04 7.345770136453e-04 6.300861714408e-04 6.906816852279e-04 7.381081813946e-04 7.340224110521e-04 7.793215918355e-04 7.004544604570e-04 6.448091589846e-04 6.558555178344e-04 5.948981852271e-04 5.711533594877e-04 6.894089165144e-04 7.538174395449e-04 7.343348697759e-04 7.894156733528e-04 8.880035602488e-04 9.310957975686e-04 1.043581636623e-03 1.316317589954e-03
7.015452533960e-02 3.080147877336e-02 6.067508365959e-03 4.331429023296e-03 3.327521495521e-03 4.070977680385e-03 4.383718129247e-03 9.868098422885e-03 9.995411150157e-03 6.095026619732e-03 3.040097886696e-03 1.737377257086e-03 1.503049628809e-03 1.570038264617e-03 1.288083847612e-03 7.924484089017e-04 6.911999662407e-04 6.404246669263e-04 5.322833312675e-04 5.703511415049e-04 7.145637646317e-04 9.331339970231e-04 1.017805305310e-03 9.039169526659e-04 7.590847671963e-04 6.684510735795e-04 7.146081770770e-04 7.960050133988e-04 8.313019061461e-04 8.151842048392e-04 7.551948656328e-04 6.247754790820e-04 7.167852600105e-04 5.963417934254e-04 5.560872959904e-04 6.067474605516e-04 7.627532468177e-04 8.398666977882e-04 8.948486065492e-04 1.017229282297e-03 1.168353832327e-03 1.213110052049e-03 1.179327024147e-03
6.045974045992e-02 1.859636791050e-02 4.615796729922e-03 2.605049405247e-03 2.379255602136e-03 2.761020325124e-03 5.099399015307e-03 6.523835472763e-03 7.831810042262e-03 5.467914044857e-03 3.597411559895e-03 2.016603946686e-03 1.317972433753e-03 1.135250669904e-03 1.086741336621e-03 9.179014014080e-04 7.975635235198e-04 8.762629004195e-04 7.311785593629e-04 6.295336643234e-04 7.852082489990e-04 1.048947568052e-03 1.092105638236e-03 9.172715945169e-04 7.787492359057e-04 7.094997563399e-04 7.473569712602e-04 8.390432922170e-04 9.058404830284e-04 8.453539339826e-04 7.449843687937e-04 6.163722719066e-04 7.312439265661e-04 5.664369091392e-04 5.486672162078e-04 5.246920045465e-04 5.729488912039e-04 7.548768189736e-04 9.617331088521e-04 1.238409196958e-03 1.512154005468e-03 1.620163558982e-03 1.638640416786e-03
3.181649371982e-02 5.833918228745e-03 2.750337822363e-03 2.397738862783e-03 2.004515146837e-03 2.039072802290e-03 3.289009211585e-03 1.822680002078e-03 4.755607806146e-03 7.187995593995e-03 5.111714359373e-03 3.888828447089e-03 1.944368705153e-03 1.196123892441e-03 1.022111508064e-03 1.034332555719e-03 1.096872496419e-03 9.861532598734e-04 8.703860221431e-04 7.681042188779e-04 9.392518550158e-04 1.154078403488e-03 1.111366786063e-03 9.358060196973e-04 8.351369760931e-04 7.857223972678e-04 7.898215553723e-04 8.810586296022e-04 9.572243434377e-04 9.172183927149e-04 7.669447804801e-04 6.069195223972e-04 6.900510634296e-04 6.249976577237e-04 5.442055989988e-04 5.410719895735e-04 5.213808617555e-04 5.452335462905e-04 6.952968542464e-04 1.063017174602e-03 1.451819785871e-03 1.692870398983e-03 1.831217552535e-03
8.611708879471e-03 3.334879176691e-03 2.163898665458e-03 2.068633446470e-03 1.610338222235e-03 1.462810672820e-03 1.479090424255e-03 1.390692195855e-03 1.729894429445e-03 5.928313825279e-03 6.573528517038e-03 9.624707512558e-03 6.159628275782e-03 2.214607782662e-03 1.374934916385e-03 1.146349706687e-03 1.244748127647e-03 1.472532632761e-03 1.371649908833e-03 1.098265638575e-03 1.070554601029e-03 1.199612044729e-03 1.078619738109e-03 9.309373563156e-04 8.760511409491e-04 8.674180717207e-04 8.839244255796e-04 9.004677413031e-04 9.793029166758e-04 9.837952675298e-04 8.486318984069e-04 6.545676151291e-04 6.472459645011e-04 6.473244866356e-04 6.072495016269e-04 6.220802315511e-04 6.160137709230e-04 6.053108372726e-04 5.974604282528e-04 6.139745819382e-04 8.261881303042e-04 1.100344001316e-03 1.297320472077e-03
3.073128638789e-03 1.915298402309e-03 1.938524772413e-03 1.689629047178e-03 1.373501261696e-03 1.246299128979e-03 1.080768182874e-03 1.078540808521e-03 1.272815978155e-03 2.456691348925e-03 9.811977855861e-03 2.408598549664e-02 1.652914471924e-02 5.271739326417e-03 2.318051643670e-03 1.439777668566e-03 1.295681111515e-03 1.554094487801e-03 1.505091669969e-03 1.581988995895e-03 1.522598206066e-03 1.255212933756e-03 1.122007030062e-03 1.006518607028e-03 9.755992214195e-04 9.826885070652e-04 9.807940805331e-04 9.552644332871e-04 9.813512442634e-04 1.035145134665e-03 9.360529365949e-04 6.842527654953e-04 6.307580042630e-04 6.216145120561e-04 6.551636615768e-04 7.033774745651e-04 7.362356991507e-04 7.465340895578e-04 7.403276977129e-04 7.135015330277e-04 7.158787921071e-04 7.530635921285e-04 7.769637159072e-04
2.785471035168e-03 1.586460275576e-03 1.725221751258e-03 1.319238450378e-03 1.074047060683e-03 1.011874875985e-03 8.864768897183e-04 9.168343967758e-04 9.185219532810e-04 1.703880378045e-03 7.432421669364e-03 2.004470117390e-02 1.815282180905e-02 1.169811375439e-02 2.828750992194e-03 1.569776679389e-03 1.194888143800e-03 1.718896673992e-03 2.040155231953e-03 1.913514686748e-03 1.564916921780e-03 1.223462051712e-03 1.211121445522e-03 1.138929976150e-03 1.100510242395e-03 1.074919709936e-03 1.028821570799e-03 9.384677978233e-04 9.891985682771e-04 1.045068027452e-03 9.212756995112e-04 7.107016863301e-04 7.356395362876e-04 7.117222994566e-04 6.747043225914e-04 6.571325357072e-04 7.021607016213e-04 7.293135859072e-04 7.218028767966e-04 6.754407659173e-04 7.499819621444e-04 8.853272302076e-04 9.812675416470e-04
3.432992147282e-03 1.796957221813e-03 1.512391958386e-03 1.169608207420e-03 8.771187276579e-04 8.273998391815e-04 8.505749283358e-04 8.304138318636e-04 8.332021534443e-04 1.065694727004e-03 2.823701594025e-03 1.030986104161e-02 3.747335448861e-02 2.891774848104e-02 4.849895834923e-03 1.834183582105e-03 2.018392551690e-03 2.152889501303e-03 1.913953223266e-03 1.522980281152e-03 1.237003831193e-03 1.261861412786e-03 1.337322522886e-03 1.294788904488e-03 1.206441083923e-03 1.094420789741e-03 9.467695490457e-04 8.729583350942e-04 1.021976582706e-03 1.051071099937e-03 9.430412901565e-04 1.047456520610e-03 1.049870043062e-03 9.927527280524e-04 8.927559829317e-04 6.940275779925e-04 5.841528181918e-04 5.824379622936e-04 5.985200987197e-04 6.432196823880e-04 7.557078497484e-04 9.417643304914e-04 1.166409463622e-03
3.634515451267e-03 2.039596904069e-03 1.529954024591e-03 1.020573428832e-03 7.679204572923e-04 8.054280187935e-04 7.954911561683e-04 8.066581212915e-04 7.260561105795e-04 8.154966635630e-04 1.596749061719e-03 5.245736334473e-03 1.820989884436e-02 1.605022884905e-02 5.360928829759e-03 3.051055595279e-03 2.507307799533e-03 1.944995136000e-03 1.497990684584e-03 1.198817626573e-03 1.194272888824e-03 1.274090376683e-03 1.354431617074e-03 1.287810970098e-03 1.112124300562e-03 9.021157748066e-04 7.524912944064e-04 8.193636895157e-04 1.027343911119e-03 1.080299960449e-03 1.117875101045e-03 1.228252309375e-03 1.219338388182e-03 1.135600265115e-03 9.651180007495e-04 7.263851002790e-04 7.443046197295e-04 7.728800992481e-04 8.188064675778e-04 8.577858097851e-04 8.684071362950e-04 9.692449821159e-04 1.250348053873e-03
3.397268941626e-03 1.823769649491e-03 1.287070452236e-03 8.015715284273e-04 7.373324478976e-04 7.953060558066e-04 7.683310541324e-04 6.648113485426e-04 5.285083898343e-04 7.356886635534e-04 1.358549576253e-03 2.321540843695e-03 6.423656363040e-03 7.629102095962e-03 5.523659288883e-03 3.381856717169e-03 2.138117793947e-03 1.519020530395e-03 1.406984403729e-03 1.366164535284e-03 1.230056630448e-03 1.163026317954e-03 1.124806469306e-03 9.880583966151e-04 7.792958058417e-04 7.009361870587e-04 6.914398982190e-04 7.384510827251e-04 9.580854093656e-04 1.071827486157e-03 7.941423100419e-04 8.630382944830e-04 8.630682132207e-04 8.069131290540e-04 7.849665707909e-04 8.580691064708e-04 9.275692282245e-04 1.019532326609e-03 1.119630178437e-03 1.175968092866e-03 1.154561992735e-03 1.075684675016e-03 1.227165106684e-03
3.034792141989e-03 1.348842517473e-03 9.251618175767e-04 5.746142705902e-04 6.903205066919e-04 7.659064140171e-04 7.337756105699e-04 6.056973361410e-04 4.475892637856e-04 6.622336804867e-04 1.220864825882e-03 1.889465376735e-03 4.469184670597e-03 5.730366799980e-03 4.453314002603e-03 2.636124147102e-03 1.631584484130e-03 1.513311755843e-03 1.488879206590e-03 1.248071319424e-03 9.921869495884e-04 8.286652737297e-04 7.249790942296e-04 6.074229604565e-04 5.748354014941e-04 5.652342224494e-04 5.667811492458e-04 6.278521032073e-04 8.347805123776e-04 9.768984746188e-04 7.585890707560e-04 5.955619271845e-04 5.665159551427e-04 7.239541155286e-04 8.565316675231e-04 9.730317979120e-04 1.108087366447e-03 1.276071881875e-03 1.433553872630e-03 1.497562974691e-03 1.424328424037e-03 1.255687326193e-03 1.209713169374e-03
