100/SI/f117_max.grd
DSAA
101	101
32.816463539100	34.260883539100
35.556306596100	36.727886596100
2.056439188891e-05	3.407190084457e+00
[rows 38 to 56 of 101, columns 43 to 85 of 101]
2.078571468592e-01 3.227036595345e-01 3.451872467995e-01 2.040841579437e-01 3.428649306297e-01 1.681190729141e-01 1.725017726421e-01 2.324803918600e-01 1.988759189844e-01 1.595766693354e-01 2.350867986679e-01 1.218839958310e-01 1.341495215893e-01 1.135322153568e-01 1.762893944979e-01 1.283129304647e-01 1.389487832785e-01 7.910247147083e-02 1.076991334558e-01 1.634469926357e-01 1.665425002575e-01 1.276261210442e-01 8.801472187042e-02 6.968457996845e-02 5.996660888195e-02 5.399364605546e-02 5.026456341147e-02 5.143539980054e-02 4.572228342295e-02 3.431899845600e-02 3.409986570477e-02 4.036493971944e-02 4.612854495645e-02 4.743198305368e-02 4.809852316976e-02 4.819539189339e-02 4.745961353183e-02 4.383196681738e-02 3.892320767045e-02 3.469252586365e-02 3.126327320933e-02 3.127080574632e-02 2.653429098427e-02
2.062887400389e-01 4.281431138515e-01 2.765710055828e-01 3.860323727131e-01 2.776135206223e-01 3.918965160847e-01 3.299676477909e-01 2.041373699903e-01 2.069734781981e-01 1.659316867590e-01 2.669435143471e-01 1.726731806993e-01 1.117238104343e-01 1.287225335836e-01 2.341750115156e-01 1.395729333162e-01 1.598466038704e-01 2.497593313456e-01 2.238730639219e-01 1.516932100058e-01 1.024220287800e-01 6.960859894753e-02 6.353480368853e-02 5.734733119607e-02 5.772830545902e-02 5.515970662236e-02 4.833834990859e-02 4.215124621987e-02 3.802084922791e-02 3.794724866748e-02 4.166263341904e-02 3.913389518857e-02 3.211579099298e-02 2.723884768784e-02 2.632312849164e-02 2.270864695311e-02 2.418630942702e-02 2.657978236675e-02 2.925004996359e-02 3.237934410572e-02 3.506726026535e-02 4.613180458546e-02 4.758446291089e-02
3.035423159599e-01 2.125944942236e-01 3.769793510437e-01 2.981331050396e-01 3.172587752342e-01 4.132988154888e-01 2.514635622501e-01 2.288018614054e-01 1.635915040970e-01 1.698592901230e-01 2.857307493687e-01 1.547002494335e-01 1.587477624416e-01 1.557855755091e-01 1.901000887156e-01 3.070550262928e-01 2.094825953245e-01 1.084170341492e-01 1.012178957462e-01 6.713263690472e-02 5.107275024056e-02 7.349568605423e-02 9.650545567274e-02 8.693237602711e-02 6.261479109526e-02 5.458135530353e-02 5.334799736738e-02 4.917411506176e-02 4.246599227190e-02 3.947224095464e-02 3.712194785476e-02 3.763817623258e-02 3.600605949759e-02 3.347361087799e-02 3.269018977880e-02 3.435605019331e-02 3.389341756701e-02 3.076913394034e-02 4.074672982097e-02 5.555113404989e-02 4.565252736211e-02 3.407246619463e-02 2.948089316487e-02
3.381435275078e-01 3.089043498039e-01 4.915822446346e-01 4.106906056404e-01 3.887299001217e-01 4.281382560730e-01 4.024962484837e-01 2.217675894499e-01 2.502681016922e-01 2.379817068577e-01 2.807361185551e-01 2.199010998011e-01 2.044772207737e-01 3.480828404427e-01 2.243826091290e-01 1.660368144512e-01 1.411126852036e-01 1.142345145345e-01 8.406198769808e-02 1.355868726969e-01 1.460124701262e-01 7.670681178570e-02 1.210356280208e-01 9.199475497007e-02 8.276980370283e-02 7.297085225582e-02 6.442925333977e-02 5.760161951184e-02 5.187420174479e-02 4.999742284417e-02 9.352294355631e-02 3.972903639078e-02 3.772556781769e-02 3.570366650820e-02 4.511686041951e-02 5.630649626255e-02 5.163045600057e-02 5.907136201859e-02 5.012132227421e-02 5.496893450618e-02 5.546815320849e-02 5.425573885441e-02 4.982180893421e-02
3.225659430027e-01 4.452691078186e-01 3.848837018013e-01 3.824379742146e-01 3.548882901669e-01 4.493855237961e-01 7.084729075432e-01 3.063056468964e-01 3.569334149361e-01 3.566904366016e-01 3.242249488831e-01 3.246193528175e-01 3.713862895966e-01 2.120049297810e-01 2.293779551983e-01 1.291909068823e-01 1.745603084564e-01 2.333234101534e-01 1.835432201624e-01 1.758522242308e-01 1.828051060438e-01 1.232656463981e-01 7.636310905218e-02 7.409748435020e-02 6.869824975729e-02 6.449294090271e-02 7.852236181498e-02 1.357158571482e-01 1.628373414278e-01 1.443775892258e-01 7.123374938965e-02 5.144590884447e-02 4.882088676095e-02 5.285863205791e-02 6.651938706636e-02 6.820734590292e-02 6.175463646650e-02 5.525866150856e-02 4.104441776872e-02 5.107418075204e-02 6.103175133467e-02 6.092587485909e-02 5.860604718328e-02
3.814972341061e-01 5.550850629807e-01 9.149363040924e-01 5.615637302399e-01 9.023907780647e-01 4.655297398567e-01 1.110536217690e+00 3.184137940407e-01 6.150062084198e-01 4.456594288349e-01 3.889404833317e-01 3.808748722076e-01 2.152172327042e-01 2.631167173386e-01 2.966641485691e-01 2.898124158382e-01 1.794291585684e-01 1.067604050040e-01 2.292473465204e-01 1.982239782810e-01 1.085974872112e-01 9.913977980614e-02 9.383624792099e-02 1.707785874605e-01 2.099289745092e-01 1.854550838470e-01 1.219217479229e-01 8.787445724010e-02 9.548150002956e-02 6.033052504063e-02 4.830372333527e-02 7.245023548603e-02 9.006030112505e-02 8.080843091011e-02 7.128157466650e-02 9.610237181187e-02 1.138269901276e-01 1.017769724131e-01 7.297171652317e-02 5.320519581437e-02 6.649079918861e-02 7.303050905466e-02 7.703433185816e-02
4.715963900089e-01 5.934639573097e-01 7.000999450684e-01 9.283970594406e-01 7.754681706429e-01 7.870905995369e-01 1.303373336792e+00 5.152679085732e-01 6.017560362816e-01 4.738107025623e-01 4.772430956364e-01 2.762357592583e-01 2.977623045444e-01 3.716914951801e-01 2.900939881802e-01 2.078320533037e-01 2.996611893177e-01 2.782163321972e-01 2.203592807055e-01 2.787877023220e-01 2.821774482727e-01 2.446409910917e-01 1.749991178513e-01 9.557454288006e-02 1.049291417003e-01 9.464214742184e-02 7.524483650923e-02 7.762823998928e-02 8.363633602858e-02 8.986642956734e-02 8.749202638865e-02 7.464694231749e-02 7.169545441866e-02 6.016406789422e-02 1.096631288528e-01 1.339777112007e-01 1.255945116282e-01 9.249886870384e-02 5.603175982833e-02 3.447517007589e-02 4.792457818985e-02 5.499367043376e-02 5.060798302293e-02
4.456543326378e-01 6.536349058151e-01 7.768350839615e-01 7.422789931297e-01 1.103940248489e+00 8.254751563072e-01 1.327944040298e+00 7.311769723892e-01 6.257424354553e-01 6.936358213425e-01 5.312894582748e-01 3.486414253712e-01 3.472873270512e-01 3.705419898033e-01 2.139849513769e-01 3.174497187138e-01 4.094890654087e-01 2.819015979767e-01 1.674145758152e-01 1.655927151442e-01 1.461476236582e-01 1.133379042149e-01 1.092058345675e-01 1.208603084087e-01 1.208813861012e-01 1.067562252283e-01 9.237101674080e-02 9.015297144651e-02 7.508424669504e-02 8.273246139288e-02 7.910653203726e-02 7.214140892029e-02 5.005781352520e-02 9.159756451845e-02 1.092568412423e-01 1.035760268569e-01 7.233756035566e-02 3.903552889824e-02 5.370313674212e-02 5.052325874567e-02 3.781293332577e-02 3.591119498014e-02 3.881663084030e-02
6.610313653946e-01 9.241868853569e-01 9.434421658516e-01 1.030511736870e+00 1.121475100517e+00 1.409815073013e+00 1.329822301865e+00 2.582668304443e+00 9.512594342232e-01 6.023899912834e-01 5.599561929703e-01 4.997034966946e-01 4.247000813484e-01 6.462037563324e-01 5.659454464912e-01 3.297255933285e-01 3.047977983952e-01 3.163022994995e-01 2.315436601639e-01 2.052819281816e-01 2.033416926861e-01 1.933819651604e-01 2.065582126379e-01 1.539487689734e-01 1.982821375132e-01 1.754294782877e-01 1.103920191526e-01 1.004997417331e-01 1.016592085361e-01 9.486236423254e-02 8.097375929356e-02 7.824577391148e-02 8.164807409048e-02 9.395492821932e-02 8.734703063965e-02 6.702811270952e-02 5.123499408364e-02 4.635745659471e-02 4.518030211329e-02 4.468506202102e-02 4.368028044701e-02 4.207397252321e-02 4.042255133390e-02
4.198213815689e-01 1.223465919495e+00 8.460100889206e-01 1.056017160416e+00 1.670948505402e+00 1.342247843742e+00 1.592067837715e+00 1.889097690582e+00 9.291458129883e-01 8.799317479134e-01 1.117655754089e+00 7.120357155800e-01 8.833181858063e-01 6.861718893051e-01 5.743160247803e-01 5.008460283279e-01 4.256688356400e-01 3.682682216167e-01 3.249149024487e-01 4.559428393841e-01 5.326917171478e-01 2.221317589283e-01 1.448142826557e-01 1.461101621389e-01 2.051773816347e-01 1.294245421886e-01 1.118560805917e-01 1.065592616796e-01 9.827540814877e-02 9.349465370178e-02 8.977279812098e-02 9.284204989672e-02 9.823220223188e-02 8.397562801838e-02 6.426908075809e-02 6.004843488336e-02 5.686028301716e-02 4.653437435627e-02 4.603368043900e-02 4.608633741736e-02 4.252599924803e-02 4.357074201107e-02 4.576219990849e-02
1.129224419594e+00 1.322442293167e+00 1.511279940605e+00 1.594449639320e+00 1.851055860519e+00 2.563832044601e+00 3.407190084457e+00 1.572993993759e+00 1.268060326576e+00 8.857322931290e-01 1.260433197021e+00 1.255045771599e+00 4.727076590061e-01 7.560198903084e-01 8.295948505402e-01 4.119204878807e-01 3.803350925446e-01 4.028138220310e-01 4.439744949341e-01 5.225322246552e-01 4.026543796062e-01 1.719560921192e-01 1.937479972839e-01 1.598787456751e-01 1.490667164326e-01 1.276367753744e-01 1.240754052997e-01 1.231087967753e-01 1.022882759571e-01 7.100516557693e-02 6.359099596739e-02 6.966587901115e-02 7.393547892570e-02 7.594485580921e-02 7.447294145823e-02 7.129978388548e-02 6.354781240225e-02 6.522830575705e-02 7.269058376551e-02 7.441817969084e-02 6.661337614059e-02 5.779588967562e-02 5.042489245534e-02
7.556109428406e-01 1.346375107765e+00 1.391217589378e+00 1.764570713043e+00 1.748379230499e+00 1.729609370232e+00 1.697494745255e+00 1.404619574547e+00 9.833951592445e-01 1.121951341629e+00 1.075620532036e+00 1.127772688866e+00 1.364728093147e+00 5.982117652893e-01 5.073967576027e-01 3.152283132076e-01 2.866247594357e-01 2.026818990707e-01 1.868519335985e-01 1.592154651880e-01 1.368762403727e-01 1.550250351429e-01 1.910412013531e-01 2.197695821524e-01 2.248568981886e-01 1.972410231829e-01 1.574106514454e-01 1.090156957507e-01 7.561102509499e-02 6.233508139849e-02 5.085845291615e-02 5.733475834131e-02 7.452876865864e-02 4.976979643106e-02 5.641417577863e-02 6.162379682064e-02 4.922720789909e-02 6.029005721211e-02 7.124485820532e-02 7.547494769096e-02 8.563415706158e-02 1.075475737453e-01 1.220682635903e-01
2.965748608112e-01 4.040335118771e-01 6.393928527832e-01 3.022491931915e+00 1.661060094833e+00 1.586186885834e+00 8.877603411674e-01 9.110659956932e-01 8.424791693687e-01 1.340796828270e+00 1.248321533203e+00 1.769597530365e+00 2.563787698746e+00 1.882225871086e+00 1.225665926933e+00 5.641183853149e-01 2.652884721756e-01 1.890200674534e-01 1.726681739092e-01 2.313203960657e-01 3.010373413563e-01 2.787095308304e-01 2.056710720062e-01 1.321602165699e-01 1.453488767147e-01 1.374395489693e-01 1.960734128952e-01 2.920602262020e-01 1.353962421417e-01 7.149124890566e-02 6.617460399866e-02 1.086052730680e-01 7.093086093664e-02 4.443811997771e-02 3.914947807789e-02 4.051577299833e-02 4.077774286270e-02 4.196397215128e-02 4.271228238940e-02 4.267921298742e-02 4.274178668857e-02 4.729173332453e-02 4.126296937466e-02
5.381400138140e-02 1.337909102440e-01 3.223828971386e-01 4.302086830139e-01 4.390797317028e-01 4.295743703842e-01 3.347229063511e-01 4.575038254261e-01 4.558586180210e-01 7.274799942970e-01 1.477610945702e+00 1.667660474777e+00 2.294416666031e+00 1.327017307281e+00 9.487489461899e-01 5.362929701805e-01 2.446756064892e-01 1.282490789890e-01 1.359449625015e-01 2.987302541733e-01 9.510554671288e-01 3.971540033817e-01 3.395266234875e-01 2.539357244968e-01 2.587845623493e-01 2.222010493279e-01 2.384505122900e-01 1.670512408018e-01 8.296656608582e-02 1.093772426248e-01 9.225971251726e-02 9.305463731289e-02 5.667703598738e-02 5.140396952629e-02 3.585670888424e-02 3.274353966117e-02 3.396566212177e-02 3.392967209220e-02 3.664359450340e-02 3.390130028129e-02 4.412407428026e-02 5.182369425893e-02 5.012311041355e-02
3.744781389832e-02 6.971564888954e-02 2.025970071554e-01 1.180682927370e-01 1.045819520950e-01 8.536664396524e-02 1.300610154867e-01 2.139305472374e-01 2.238471806049e-01 2.371244728565e-01 6.719793677330e-01 3.301255941391e+00 2.626506567001e+00 1.183763623238e+00 5.446994304657e-01 1.567704230547e-01 9.405573457479e-02 6.178107857704e-02 7.676460593939e-02 1.967170685530e-01 4.509626626968e-01 7.854190468788e-01 3.932073712349e-01 2.991514801979e-01 2.360147833824e-01 1.771263182163e-01 1.874313354492e-01 1.754597425461e-01 1.539718657732e-01 1.387262493372e-01 1.689818948507e-01 7.237526029348e-02 6.707654893398e-02 5.421686545014e-02 5.541153252125e-02 5.164368823171e-02 4.328136146069e-02 3.690754622221e-02 4.223114997149e-02 4.874424636364e-02 5.709514766932e-02 5.620529502630e-02 4.793562740088e-02
2.517887204885e-02 1.036462932825e-01 2.432643175125e-01 1.809246987104e-01 4.446142911911e-02 5.220235139132e-02 4.998476058245e-02 1.009736955166e-01 1.102478057146e-01 1.845094412565e-01 3.493672013283e-01 9.056921601295e-01 1.933455467224e+00 1.326279759407e+00 1.795200824738e+00 4.325599670410e-01 5.328980088234e-02 3.353916108608e-02 5.290053784847e-02 1.755335628986e-01 5.353389978409e-01 8.389502763748e-01 6.396830677986e-01 4.353366196156e-01 3.025135993958e-01 1.904329359531e-01 2.161834388971e-01 1.600872129202e-01 1.547075659037e-01 1.539485007524e-01 1.279518306255e-01 1.020252481103e-01 7.184226810932e-02 7.653416693211e-02 6.881997734308e-02 5.470828339458e-02 4.860725626349e-02 4.508348926902e-02 4.183766618371e-02 4.885016009212e-02 5.359064042568e-02 5.211500450969e-02 4.617643728852e-02
2.146664820611e-02 5.286752060056e-02 3.594512641430e-01 4.324247539043e-01 2.260572612286e-01 3.515355288982e-02 2.675038762391e-02 5.026561021805e-02 5.024631693959e-02 4.094319418073e-02 3.459535539150e-02 1.456565111876e-01 6.556048393250e-01 3.795032203197e-01 2.184646844864e+00 2.646284103394e-01 1.491168737411e-01 5.641042068601e-02 4.699951782823e-02 1.522475183010e-01 2.984162867069e-01 2.641434192657e+00 8.177396059036e-01 3.562269806862e-01 3.605510592461e-01 1.904664188623e-01 2.044759690762e-01 1.745592206717e-01 2.489513605833e-01 1.912044286728e-01 1.096597760916e-01 1.089195907116e-01 1.016132980585e-01 9.675887227058e-02 9.499496221542e-02 7.573080062866e-02 7.481642067432e-02 8.277102559805e-02 5.347240343690e-02 4.100140556693e-02 4.044551774859e-02 3.995471447706e-02 4.607921838760e-02
1.379814278334e-02 2.381042577326e-02 2.966495789587e-02 1.681045442820e-01 1.035783812404e-01 2.503712661564e-02 2.131037972867e-02 2.500178478658e-02 2.343901805580e-02 2.251629345119e-02 1.631675474346e-02 1.823605410755e-02 5.584350600839e-02 3.488903343678e-01 9.917639493942e-01 2.426649779081e-01 2.024845331907e-01 9.521877765656e-02 5.558158829808e-02 1.091502681375e-01 1.274823546410e-01 1.739670634270e-01 1.592094749212e-01 1.204619631171e-01 1.766986548901e-01 2.942267656326e-01 2.581516504288e-01 2.575691938400e-01 1.656601130962e-01 2.162349224091e-01 2.255835384130e-01 1.965671628714e-01 1.200397089124e-01 9.978733211756e-02 9.559460729361e-02 8.344934880733e-02 7.131171971560e-02 7.251068204641e-02 7.026166468859e-02 4.650584235787e-02 3.830554336309e-02 3.946669399738e-02 4.246305301785e-02
1.512763556093e-02 2.419620379806e-02 1.591479219496e-02 1.793972216547e-02 1.822846196592e-02 2.141345851123e-02 1.971314288676e-02 1.848433353007e-02 1.709680631757e-02 1.298248581588e-02 9.107788093388e-03 7.722212467343e-03 1.287484448403e-02 3.608493506908e-01 5.606478452682e-01 5.829344987869e-01 1.655215471983e-01 1.772781461477e-01 1.554426997900e-01 6.385397911072e-02 6.919076293707e-02 1.299025118351e-01 3.546347618103e-01 3.361279964447e-01 4.380671381950e-01 4.406910538673e-01 4.129901528358e-01 3.900397121906e-01 3.694288730621e-01 3.522562980652e-01 3.748618364334e-01 4.591448307037e-01 3.924585282803e-01 1.605435460806e-01 6.536654382944e-02 7.703902572393e-02 8.432609587908e-02 5.825091153383e-02 5.769567564130e-02 4.079125821590e-02 4.022978618741e-02 2.956207096577e-02 3.339153528214e-02
