100/SI/f119_max.grd
DSAA
101	101
32.816463539100	34.260883539100
35.556306596100	36.727886596100
9.706855053082e-04	3.429008483887e+01
[rows 19 to 37 of 101, columns 43 to 85 of 101]
6.895158439875e-02 9.803099930286e-02 1.276726126671e-01 1.307855099440e-01 8.421426266432e-02 5.366849526763e-02 5.056178197265e-02 7.331423461437e-02 5.997696891427e-02 6.118687987328e-02 5.607046931982e-02 7.736831903458e-02 5.579484999180e-02 5.077825114131e-02 6.654993444681e-02 6.233841925859e-02 5.436285585165e-02 4.307762905955e-02 4.990010708570e-02 4.389609768987e-02 2.773670852184e-02 2.878983132541e-02 3.407702594995e-02 3.400123491883e-02 3.240236639977e-02 4.813483729959e-02 3.976603969932e-02 2.377506159246e-02 1.685776188970e-02 2.588247507811e-02 3.883468359709e-02 5.910841003060e-02 6.668124347925e-02 5.160406231880e-02 2.761660888791e-02 1.945330016315e-02 1.328618265688e-02 1.977846771479e-02 1.790942251682e-02 9.011550806463e-03 1.096010114998e-02 9.037222713232e-03 6.829612888396e-03
7.274994254112e-02 9.586304426193e-02 1.361000835896e-01 1.576180011034e-01 1.153674051166e-01 5.542914569378e-02 5.367418006063e-02 7.784391939640e-02 5.234413966537e-02 6.607066094875e-02 6.947178393602e-02 8.770689368248e-02 6.864859163761e-02 5.384371802211e-02 7.527439296246e-02 7.709281146526e-02 5.280595272779e-02 4.235226660967e-02 4.464360699058e-02 3.787528350949e-02 3.193745762110e-02 3.948239609599e-02 4.797406122088e-02 4.560346156359e-02 3.922308236361e-02 4.940013587475e-02 3.928857296705e-02 2.330527640879e-02 1.942121423781e-02 3.589119389653e-02 5.993158370256e-02 7.809309661388e-02 6.963668018579e-02 4.260146245360e-02 2.380941063166e-02 1.989603787661e-02 2.127703651786e-02 2.364256605506e-02 2.288743853569e-02 1.548456214368e-02 1.290337555110e-02 1.098043005913e-02 9.054051712155e-03
7.703455537558e-02 8.296966552734e-02 1.255931407213e-01 1.647440046072e-01 1.416524648666e-01 6.840743124485e-02 5.661105737090e-02 8.268044143915e-02 4.317121952772e-02 6.243335083127e-02 6.597345322371e-02 9.353381395340e-02 8.172360807657e-02 5.820826068521e-02 8.203458040953e-02 8.185217529535e-02 5.542093887925e-02 3.962624073029e-02 4.323961585760e-02 3.626731038094e-02 3.699482977390e-02 4.916122183204e-02 5.263799056411e-02 5.142021924257e-02 4.779224470258e-02 4.840953648090e-02 3.427733853459e-02 2.224913798273e-02 3.453772887588e-02 5.989648401737e-02 8.368710428476e-02 8.093661069870e-02 5.457339435816e-02 2.814636006951e-02 2.356878295541e-02 2.148999087512e-02 2.395083755255e-02 2.717299014330e-02 2.785155177116e-02 2.057171985507e-02 1.811152137816e-02 1.600166223943e-02 1.356204692274e-02
7.309722900391e-02 6.962941586971e-02 1.065973937511e-01 1.572594195604e-01 1.565425693989e-01 8.780217170715e-02 6.487761437893e-02 8.779376745224e-02 4.590924084187e-02 5.517534539104e-02 5.715218558908e-02 9.484903514385e-02 9.370606392622e-02 6.454351544380e-02 8.696093410254e-02 7.838409394026e-02 5.615830421448e-02 3.966988250613e-02 3.875936567783e-02 4.295382276177e-02 4.587715864182e-02 4.905624687672e-02 4.807613790035e-02 4.279262199998e-02 5.382700264454e-02 4.847646877170e-02 2.628797478974e-02 3.685226291418e-02 6.329187005758e-02 8.891508728266e-02 8.717277646065e-02 6.042109429836e-02 3.088622540236e-02 2.937022782862e-02 1.789173297584e-02 1.893942430615e-02 2.042715251446e-02 2.970801666379e-02 3.200110420585e-02 2.080844156444e-02 2.050700597465e-02 1.930662617087e-02 1.742136664689e-02
5.967936292291e-02 7.323448359966e-02 8.708173036575e-02 1.395188719034e-01 1.579056531191e-01 1.056542024016e-01 8.130869269371e-02 9.264738112688e-02 4.872907325625e-02 4.769183322787e-02 6.733078509569e-02 9.272415190935e-02 1.032446175814e-01 7.398518919945e-02 8.352348208427e-02 6.821166723967e-02 5.492374300957e-02 4.309771209955e-02 4.756793007255e-02 6.024773418903e-02 5.146434530616e-02 4.586324468255e-02 4.240304604173e-02 4.742987453938e-02 4.848613962531e-02 3.712534159422e-02 3.888515383005e-02 6.777115166187e-02 9.674893319607e-02 9.378121048212e-02 6.351913511753e-02 3.361747786403e-02 2.238556183875e-02 2.773355506361e-02 1.829759590328e-02 1.910938695073e-02 1.684186048806e-02 3.115154244006e-02 3.518067672849e-02 1.697820425034e-02 1.750509440899e-02 1.821902394295e-02 1.849115826190e-02
8.297161757946e-02 7.733566313982e-02 6.939591467381e-02 1.184339448810e-01 1.506580710411e-01 1.181897297502e-01 7.832269370556e-02 9.848956018686e-02 7.627791911364e-02 6.352384388447e-02 8.524829149246e-02 8.775114268064e-02 1.095215231180e-01 8.945251256227e-02 7.520544528961e-02 5.281755700707e-02 5.789703875780e-02 6.032371148467e-02 7.787486165762e-02 6.656231731176e-02 5.051530897617e-02 5.001286789775e-02 4.314408451319e-02 4.182703047991e-02 3.897228837013e-02 3.938588127494e-02 7.389677315950e-02 1.047742441297e-01 9.947221726179e-02 6.650961190462e-02 3.553508594632e-02 1.855289377272e-02 2.990072034299e-02 2.338978648186e-02 1.790466345847e-02 1.819804124534e-02 1.961278542876e-02 3.145658224821e-02 3.745667263865e-02 1.931122317910e-02 1.269658375531e-02 1.366549544036e-02 1.536212768406e-02
1.281386613846e-01 7.826659828424e-02 7.157380133867e-02 9.931860119104e-02 1.395907402039e-01 1.254889219999e-01 7.196254283190e-02 1.054267659783e-01 9.202034026384e-02 9.104320406914e-02 1.008609309793e-01 9.979463368654e-02 1.121508628130e-01 1.031934022903e-01 6.229617446661e-02 7.325752824545e-02 8.746139705181e-02 8.976513892412e-02 8.788955956697e-02 6.374873965979e-02 5.566411837935e-02 5.402841046453e-02 4.946919158101e-02 4.540170729160e-02 4.035244137049e-02 7.769285887480e-02 1.146110296249e-01 1.070751994848e-01 6.948105245829e-02 3.633504360914e-02 2.777140587568e-02 2.425004169345e-02 3.496317565441e-02 2.460950799286e-02 2.023195847869e-02 1.527997292578e-02 2.172373235226e-02 3.043620474637e-02 3.876005113125e-02 2.169519290328e-02 1.309809926897e-02 9.509918279946e-03 1.109319087118e-02
1.702034622431e-01 8.073863387108e-02 7.721713930368e-02 8.505676686764e-02 1.266700774431e-01 1.294894963503e-01 8.424025028944e-02 1.133190542459e-01 7.686396688223e-02 1.006237640977e-01 1.106223165989e-01 1.070110425353e-01 1.116650775075e-01 1.148770824075e-01 7.720697671175e-02 8.621262013912e-02 1.016263589263e-01 9.900600463152e-02 8.520284295082e-02 7.478410750628e-02 5.878253281116e-02 5.820921808481e-02 6.194400414824e-02 4.545537009835e-02 7.868599891663e-02 1.224618628621e-01 1.177936121821e-01 7.357068359852e-02 3.727725520730e-02 3.892673924565e-02 4.264131933451e-02 3.159878402948e-02 3.422721102834e-02 2.494256943464e-02 2.056112140417e-02 1.516661327332e-02 2.170990221202e-02 2.898646146059e-02 3.899306431413e-02 2.381192520261e-02 1.361385267228e-02 8.889940567315e-03 9.399374946952e-03
2.003784775734e-01 8.953759819269e-02 8.219000697136e-02 7.520834356546e-02 1.141279190779e-01 1.320976912975e-01 9.574554115534e-02 1.207888051867e-01 6.889742612839e-02 8.738965541124e-02 1.209567710757e-01 1.017610654235e-01 1.079049333930e-01 1.242691203952e-01 9.547237306833e-02 1.138424277306e-01 1.076975986362e-01 1.080261468887e-01 8.747454732656e-02 8.895261585712e-02 6.134722009301e-02 6.176222860813e-02 6.694954633713e-02 7.567171752453e-02 1.282612830400e-01 1.305913627148e-01 8.163078129292e-02 6.043665856123e-02 5.154431983829e-02 3.750640526414e-02 6.689976155758e-02 4.550022259355e-02 2.679305151105e-02 2.367362566292e-02 1.979486085474e-02 1.541427616030e-02 2.720654755831e-02 2.881338074803e-02 3.832564502954e-02 2.554506808519e-02 1.511828880757e-02 1.083756797016e-02 1.057628914714e-02
2.737051248550e-01 1.256330460310e-01 9.245137125254e-02 7.338313758373e-02 1.025725007057e-01 1.334245204926e-01 1.075246557593e-01 1.289204210043e-01 8.058623969555e-02 9.331486374140e-02 1.345449984074e-01 8.737690746784e-02 9.958807379007e-02 1.255283355713e-01 1.234278976917e-01 1.169375032187e-01 1.113754063845e-01 1.001771539450e-01 1.074269041419e-01 9.786041080952e-02 7.497665286064e-02 6.193720921874e-02 6.944060325623e-02 1.307459771633e-01 1.445692479610e-01 9.320868551731e-02 6.961702555418e-02 8.208372443914e-02 6.875987350941e-02 6.119414791465e-02 8.876790106297e-02 5.126141384244e-02 2.325993031263e-02 2.028101123869e-02 1.778427325189e-02 1.892660558224e-02 4.108893126249e-02 4.162682220340e-02 3.728395700455e-02 2.721167728305e-02 1.735857687891e-02 1.246243063360e-02 1.146161928773e-02
3.121356368065e-01 1.840250492096e-01 1.016116961837e-01 8.976119756699e-02 1.157450675964e-01 1.333101838827e-01 1.206586956978e-01 1.385470926762e-01 1.048651412129e-01 1.202003061771e-01 1.396856009960e-01 1.094655618072e-01 9.081314504147e-02 1.215841099620e-01 1.377553343773e-01 2.423461526632e-01 1.301809996367e-01 1.218803152442e-01 1.233726963401e-01 9.736346453428e-02 9.250922501087e-02 8.508276939392e-02 1.300492137671e-01 1.541431248188e-01 1.055651679635e-01 7.370727509260e-02 8.618458360434e-02 9.734058380127e-02 8.585592359304e-02 8.944773674011e-02 9.458916634321e-02 4.444374516606e-02 2.102443017066e-02 1.848313957453e-02 1.772236078978e-02 1.578715816140e-02 6.301811337471e-02 4.973038658500e-02 4.040269926190e-02 2.836611866951e-02 1.953640766442e-02 1.356660760939e-02 1.159996539354e-02
3.221898376942e-01 2.034347653389e-01 1.110584065318e-01 9.945740550756e-02 1.367837041616e-01 1.289670020342e-01 1.333155930042e-01 1.490310728550e-01 1.186214312911e-01 1.523676365614e-01 1.565113663673e-01 2.084966599941e-01 1.839031875134e-01 1.304054260254e-01 2.158221006393e-01 3.106715977192e-01 1.372746229172e-01 1.679868251085e-01 1.668008267879e-01 1.366229206324e-01 1.084047853947e-01 1.303330808878e-01 1.628465801477e-01 1.167534962296e-01 8.484841883183e-02 8.640114963055e-02 9.418430924416e-02 1.056959331036e-01 1.036776006222e-01 1.078849658370e-01 8.128640800714e-02 3.131414204836e-02 2.336323261261e-02 1.897158659995e-02 1.815064623952e-02 3.005014918745e-02 8.705933392048e-02 4.848209023476e-02 4.783353582025e-02 2.916726842523e-02 2.142433635890e-02 1.581550203264e-02 1.172686647624e-02
3.189589381218e-01 1.766663342714e-01 1.775057464838e-01 1.086284816265e-01 1.566618382931e-01 1.227654218674e-01 1.452082395554e-01 1.604977846146e-01 1.242623105645e-01 1.746238619089e-01 1.701763123274e-01 1.516639292240e-01 1.369297653437e-01 1.058516874909e-01 1.496346592903e-01 2.004932314157e-01 1.167833209038e-01 1.668238937855e-01 1.823785156012e-01 1.523746401072e-01 1.361654251814e-01 1.712162941694e-01 1.278158128262e-01 9.445616602898e-02 9.212753176689e-02 8.788123726845e-02 9.485805779696e-02 1.135687604547e-01 1.148916482925e-01 1.066269055009e-01 6.491161882877e-02 3.110517561436e-02 2.995937876403e-02 3.640030324459e-02 4.166611284018e-02 6.067185848951e-02 9.842095524073e-02 5.092155933380e-02 4.025132581592e-02 2.891352958977e-02 2.599793300033e-02 1.972458139062e-02 1.397031079978e-02
3.320763707161e-01 1.794301867485e-01 1.982290744781e-01 1.461226344109e-01 1.745152324438e-01 1.493379324675e-01 1.550110280514e-01 1.712049841881e-01 1.781074702740e-01 1.744473725557e-01 1.248599067330e-01 1.118057891726e-01 1.500377207994e-01 1.436066925526e-01 1.041557937860e-01 9.741660952568e-02 1.371763348579e-01 1.633132100105e-01 1.577015817165e-01 1.436734646559e-01 1.826292574406e-01 1.386476159096e-01 1.100110635161e-01 9.672707319260e-02 8.927600085735e-02 7.598886638880e-02 9.283962100744e-02 1.159454062581e-01 1.226959675550e-01 1.150465011597e-01 7.949047535658e-02 5.480068549514e-02 5.709902942181e-02 5.683028325438e-02 5.476365238428e-02 9.459658712149e-02 8.119746297598e-02 3.555670753121e-02 3.857885301113e-02 3.959619998932e-02 3.683988377452e-02 2.856206148863e-02 1.827118732035e-02
3.237341642380e-01 1.750066429377e-01 1.542342454195e-01 1.911398470402e-01 1.931405216455e-01 1.815624237061e-01 1.717211157084e-01 1.821979582310e-01 1.888052523136e-01 1.533185094595e-01 1.586040258408e-01 1.871898174286e-01 1.556928902864e-01 1.339742988348e-01 1.546247005463e-01 1.568775326014e-01 1.713932156563e-01 1.619109213352e-01 1.573429852724e-01 1.964715421200e-01 1.525823473930e-01 1.267733871937e-01 1.081497818232e-01 8.422002941370e-02 8.551218360662e-02 9.605264663696e-02 1.014533489943e-01 1.258798390627e-01 1.312128752470e-01 1.268361359835e-01 9.475477039814e-02 6.310065835714e-02 5.593131855130e-02 4.744962230325e-02 8.610938489437e-02 9.833948314190e-02 4.375710710883e-02 4.038449376822e-02 4.232354089618e-02 4.314415529370e-02 4.096890240908e-02 3.437792882323e-02 2.393690869212e-02
3.024953305721e-01 1.689444482327e-01 1.686956137419e-01 1.916705071926e-01 2.045509964228e-01 2.271536737680e-01 1.662845760584e-01 1.890299767256e-01 2.023036330938e-01 1.637188494205e-01 1.726892590523e-01 2.118814885616e-01 1.947849839926e-01 1.597788333893e-01 1.589692234993e-01 1.864682435989e-01 2.327169477940e-01 1.684726923704e-01 2.189981639385e-01 1.682702600956e-01 1.176550537348e-01 1.144368574023e-01 9.182851016521e-02 9.327283501625e-02 9.103076159954e-02 1.105310469866e-01 1.191932708025e-01 1.155614703894e-01 1.388502120972e-01 1.393461525440e-01 1.086231097579e-01 4.787976294756e-02 5.913177132607e-02 9.150765836239e-02 9.895999729633e-02 5.772190913558e-02 3.555865958333e-02 3.613115847111e-02 3.623089939356e-02 3.705812618136e-02 3.715153038502e-02 3.455650806427e-02 2.772280015051e-02
2.787835896015e-01 1.772879958153e-01 1.939653903246e-01 2.426093816757e-01 2.079145163298e-01 2.805467545986e-01 2.031291425228e-01 2.201215326786e-01 3.394575119019e-01 2.474087476730e-01 2.565111219883e-01 1.711921244860e-01 1.582843363285e-01 1.653296053410e-01 1.975880116224e-01 1.846932023764e-01 3.363589346409e-01 2.521380484104e-01 2.048705220222e-01 1.557253152132e-01 1.163785904646e-01 1.059744060040e-01 8.956998586655e-02 7.326491922140e-02 8.552108705044e-02 1.201075986028e-01 1.508937180042e-01 1.172375455499e-01 1.454321146011e-01 1.525002419949e-01 1.240010634065e-01 8.001881837845e-02 1.012948006392e-01 9.349566698074e-02 5.334510654211e-02 3.602209687233e-02 3.396996483207e-02 3.175883740187e-02 2.947347238660e-02 2.816200256348e-02 3.217818215489e-02 3.338897228241e-02 3.042033687234e-02
3.038981258869e-01 2.262971550226e-01 2.130843847990e-01 3.064257204533e-01 2.390852272511e-01 3.412460982800e-01 2.587062716484e-01 3.265581130981e-01 4.729372262955e-01 2.896433174610e-01 3.090852200985e-01 2.328397482634e-01 2.199145406485e-01 2.136600911617e-01 1.981660425663e-01 1.710204184055e-01 3.918476104736e-01 2.790851593018e-01 1.843238025904e-01 1.273642927408e-01 8.756640553474e-02 5.526437982917e-02 7.622303813696e-02 1.066401600838e-01 1.201363280416e-01 1.133731752634e-01 1.477851569653e-01 1.302223950624e-01 1.648260205984e-01 1.629190742970e-01 1.293684542179e-01 1.027496233582e-01 7.685599476099e-02 3.766195103526e-02 2.380259521306e-02 2.257352881134e-02 1.927789300680e-02 1.697688549757e-02 1.764431968331e-02 2.574810758233e-02 3.352167829871e-02 3.885130211711e-02 4.045175015926e-02
2.533591687679e-01 3.558300435543e-01 2.466908991337e-01 3.624830842018e-01 3.267309963703e-01 3.853371739388e-01 4.431007504463e-01 4.093560278416e-01 3.887366056442e-01 3.434786200523e-01 3.664015829563e-01 3.007175922394e-01 2.315527498722e-01 2.180562317371e-01 2.294219732285e-01 1.696608364582e-01 3.034317493439e-01 2.532343864441e-01 1.607396751642e-01 1.279428452253e-01 8.443521708250e-02 1.145017668605e-01 1.252137869596e-01 1.213439851999e-01 1.101980134845e-01 8.702035993338e-02 1.163910850883e-01 1.619592607021e-01 1.717533916235e-01 1.434313654900e-01 1.006149128079e-01 5.137950554490e-02 4.296690225601e-02 3.694370761514e-02 3.057229146361e-02 3.032776527107e-02 3.956088423729e-02 4.592287540436e-02 4.810293391347e-02 4.622315615416e-02 4.050107672811e-02 3.254174441099e-02 3.445705398917e-02
