100/SI/f119_max.grd
DSAA
101	101
32.816463539100	34.260883539100
35.556306596100	36.727886596100
9.706855053082e-04	3.429008483887e+01
[rows 57 to 75 of 101, columns 43 to 85 of 101]
5.043923854828e-01 4.734424352646e-01 3.057977557182e-01 2.520578503609e-01 2.467277795076e-01 3.526567220688e-01 3.666452467442e-01 4.782331585884e-01 3.710975944996e-01 2.580351531506e-01 1.988832801580e-01 1.617976278067e-01 1.276559084654e-01 2.082530409098e-01 5.047179460526e-01 1.495197415352e+00 4.469827651978e+00 4.257000923157e+00 3.544902801514e+00 2.194810390472e+00 8.599949479103e-01 6.520298719406e-01 1.133504986763e+00 2.239541769028e+00 9.054458141327e-01 3.479586839676e-01 3.815605342388e-01 3.036362528801e-01 3.615636825562e-01 3.612001538277e-01 3.226704895496e-01 2.404526323080e-01 2.690736055374e-01 3.819076716900e-01 2.372547537088e-01 1.234866604209e-01 1.447214037180e-01 2.233823686838e-01 2.788845896721e-01 2.030309289694e-01 8.628419786692e-02 5.955480039120e-02 5.561814457178e-02
6.443631649017e-01 6.298736333847e-01 3.497028648853e-01 1.939091384411e-01 1.908540278673e-01 2.865452766418e-01 3.740523457527e-01 1.224756240845e+00 9.269092679024e-01 3.225835561752e-01 2.005819082260e-01 1.209097802639e-01 1.015632599592e-01 1.021273434162e-01 1.172010377049e-01 1.122526288033e+00 1.592763781548e+00 1.946531176567e+00 1.688981294632e+00 1.315286397934e+00 7.925661802292e-01 5.991961956024e-01 4.612277746201e-01 4.230149388313e-01 5.891299247742e-01 1.333620548248e+00 4.138958752155e-01 4.215024113655e-01 4.623048901558e-01 2.473693341017e-01 3.277064859867e-01 2.524308562279e-01 2.163501679897e-01 1.781440526247e-01 1.566450744867e-01 1.393266767263e-01 1.117470711470e-01 1.108006015420e-01 1.219688579440e-01 1.337145864964e-01 9.651523828506e-02 6.276904046535e-02 5.986580997705e-02
6.159756779671e-01 6.421403884888e-01 3.825589120388e-01 1.838212013245e-01 2.147988229990e-01 3.144446313381e-01 5.048903226852e-01 1.541171312332e+00 1.300781607628e+00 3.849678635597e-01 2.050646990538e-01 1.187607273459e-01 7.616670429707e-02 7.045492529869e-02 8.528815209866e-02 8.454029262066e-02 1.194590181112e-01 1.626094877720e-01 1.983358561993e-01 2.666787207127e-01 3.040570318699e-01 2.762603461742e-01 2.425927966833e-01 2.444265037775e-01 5.820679068565e-01 2.681637525558e+00 1.257689356804e+00 5.310543775558e-01 5.151423215866e-01 5.157740116119e-01 3.311336636543e-01 2.230399698019e-01 1.980081796646e-01 1.788260936737e-01 2.197715342045e-01 1.055443212390e-01 1.051158234477e-01 9.447021782398e-02 1.186177283525e-01 9.961037337780e-02 1.088122203946e-01 9.381846338511e-02 6.615640968084e-02
4.915550947189e-01 5.179087519646e-01 3.113687038422e-01 2.167508304119e-01 4.048920869827e-01 4.158101081848e-01 1.149419665337e+00 6.485311388969e-01 1.818167328835e+00 2.989091873169e-01 1.785402148962e-01 1.119804382324e-01 6.549721956253e-02 5.361345782876e-02 8.750388771296e-02 1.066149771214e-01 6.070125102997e-02 9.022069722414e-02 1.230455189943e-01 1.286131888628e-01 1.717165708542e-01 2.616741955280e-01 1.812724769115e-01 1.701130867004e-01 4.925580322742e-01 9.527850747108e-01 4.095750808716e+00 4.254200458527e-01 4.589103460312e-01 4.906178414822e-01 4.170214831829e-01 3.147451281548e-01 1.643876135349e-01 1.602989733219e-01 1.640710979700e-01 1.663949191570e-01 1.192073598504e-01 9.828329086304e-02 9.207139164209e-02 9.108164161444e-02 1.115248873830e-01 1.593005657196e-01 1.381426006556e-01
3.673025071621e-01 3.434807360172e-01 1.784882992506e-01 1.883575320244e-01 2.321767657995e-01 2.702421247959e-01 4.911203682423e-01 9.225541353226e-01 7.105190753937e-01 1.935198605061e-01 1.295917183161e-01 9.469935297966e-02 5.957549810410e-02 4.470580443740e-02 4.022413119674e-02 1.074081510305e-01 1.128857359290e-01 8.717482537031e-02 1.073476597667e-01 1.183807104826e-01 9.803875535727e-02 1.640544235706e-01 1.179290339351e-01 1.326897144318e-01 2.177862077951e-01 1.015085816383e+00 2.531516075134e+00 3.172166645527e-01 4.004630148411e-01 2.342959791422e-01 1.985847502947e-01 3.252182900906e-01 1.476181596518e-01 1.548656523228e-01 1.463532447815e-01 1.517979204655e-01 1.620859354734e-01 3.230953812599e-01 2.201748788357e-01 1.062078699470e-01 1.025615781546e-01 1.200188174844e-01 1.646296828985e-01
2.831818759441e-01 2.058409601450e-01 1.268333047628e-01 2.287470996380e-01 4.333842992783e-01 2.956566512585e-01 4.436686933041e-01 2.625720202923e-01 8.411626517773e-02 1.173350289464e-01 9.224369376898e-02 7.241338491440e-02 5.496710538864e-02 4.246461018920e-02 4.699388518929e-02 5.834229663014e-02 1.170782893896e-01 1.161549687386e-01 1.405705064535e-01 1.170492097735e-01 1.048698127270e-01 9.067773073912e-02 8.971571922302e-02 1.323138624430e-01 2.038030326366e-01 4.972963333130e-01 7.872272729874e-01 1.047116279602e+00 6.186722517014e-01 2.709729671478e-01 2.461350411177e-01 1.462863236666e-01 2.241499871016e-01 1.232895404100e-01 1.322348713875e-01 1.461615860462e-01 2.292009890079e-01 8.380300998688e-01 1.166102886200e-01 1.225116327405e-01 1.255080848932e-01 1.289074122906e-01 1.352190673351e-01
2.178189754486e-01 1.184628158808e-01 1.088269874454e-01 1.469444930553e-01 1.913332492113e-01 3.423864245415e-01 2.367836534977e-01 1.470813155174e-01 1.025920510292e-01 9.009457379580e-02 7.658678293228e-02 6.495632231236e-02 5.252644419670e-02 5.177349597216e-02 5.772957950830e-02 7.104817032814e-02 1.044171527028e-01 1.324289143085e-01 1.517488956451e-01 1.250726431608e-01 1.010626927018e-01 9.001053869724e-02 9.554565697908e-02 1.064852774143e-01 2.827768325806e-01 5.475320816040e-01 3.496913611889e-01 8.126180171967e-01 7.276827096939e-01 4.022830426693e-01 5.759430527687e-01 2.021473050117e-01 1.619844585657e-01 2.353424429893e-01 9.426577389240e-02 8.668826520443e-02 1.597302258015e-01 1.735897958279e-01 1.426995396614e-01 9.021491557360e-02 9.228471666574e-02 1.053370684385e-01 1.306419372559e-01
1.789043247700e-01 8.746121078730e-02 8.932493627071e-02 1.079437360168e-01 1.329635977745e-01 1.439464390278e-01 1.116677969694e-01 9.151574969292e-02 7.436397671700e-02 7.624150067568e-02 6.747928261757e-02 6.695995479822e-02 6.664444506168e-02 6.033790111542e-02 6.628811359406e-02 8.267997205257e-02 1.201965883374e-01 1.380290836096e-01 1.396363377571e-01 1.116876751184e-01 8.807355165482e-02 8.742412924767e-02 9.368274360895e-02 9.888553619385e-02 2.071499526501e-01 1.441011279821e-01 2.402446419001e-01 3.027673959732e-01 8.583903908730e-01 1.417835235596e+00 1.852620244026e-01 2.324496209621e-01 2.555571496487e-01 5.286850333214e-01 1.879006624222e-01 1.177200749516e-01 2.894468009472e-01 4.824816584587e-01 5.485331416130e-01 3.800158500671e-01 1.090942695737e-01 8.545490503311e-01 1.078960776329e+00
1.157923713326e-01 5.956742540002e-02 7.232034206390e-02 8.389003574848e-02 8.975698798895e-02 8.771325647831e-02 7.694449275732e-02 6.634803861380e-02 6.895244121552e-02 7.554323971272e-02 7.981962710619e-02 7.634834945202e-02 6.818476319313e-02 5.898442491889e-02 6.462645530701e-02 8.046817779541e-02 1.106681749225e-01 1.141807958484e-01 1.039262786508e-01 9.627442806959e-02 8.815398812294e-02 8.355303108692e-02 1.002599075437e-01 1.069942861795e-01 9.357170015574e-02 1.198904663324e-01 1.529522240162e-01 2.363700121641e-01 5.270659327507e-01 7.277709841728e-01 1.019330263138e+00 2.483536005020e-01 1.986077874899e-01 8.672175407410e-01 2.291608750820e-01 1.289927065372e-01 4.548172652721e-01 9.808053374290e-01 1.154883503914e+00 7.123654484749e-01 7.377715706825e-01 1.310869693756e+00 1.533220529556e+00
6.092811748385e-02 5.381775647402e-02 6.036530062556e-02 6.009162217379e-02 6.750323623419e-02 7.045548409224e-02 6.559388339520e-02 7.123742252588e-02 8.757536858320e-02 9.341156482697e-02 8.743483573198e-02 7.384270429611e-02 5.872270464897e-02 4.942685738206e-02 5.497881397605e-02 6.880016624928e-02 8.851029723883e-02 8.122311532497e-02 8.230884373188e-02 1.102697551250e-01 7.959050685167e-02 7.503800094128e-02 9.294746816158e-02 1.170717775822e-01 1.254275292158e-01 1.881952881813e-01 2.351353019476e-01 2.352645099163e-01 3.716076910496e-01 4.464655816555e-01 1.467997550964e+00 3.090606927872e-01 1.993781924248e-01 1.179326415062e+00 2.029815614223e-01 1.730266511440e-01 1.024542003870e-01 1.066712588072e-01 1.607015877962e-01 8.319040387869e-02 3.020398020744e-01 7.236170023680e-02 8.647789061069e-02
4.388370364904e-02 5.029358714819e-02 5.271046981215e-02 5.134655162692e-02 5.749367922544e-02 5.924041941762e-02 6.120587885380e-02 6.924074143171e-02 8.031043410301e-02 7.872632145882e-02 6.461405754089e-02 5.335355177522e-02 4.556412249804e-02 4.628698527813e-02 4.734553024173e-02 4.080674797297e-02 4.584414511919e-02 4.985978081822e-02 6.699649989605e-02 7.605368643999e-02 9.978976100683e-02 7.002148032188e-02 7.141414284706e-02 7.443937659264e-02 8.727224171162e-02 2.195647209883e-01 3.640739917755e-01 2.603836953640e-01 3.058707118034e-01 3.076683282852e-01 1.460608243942e+00 4.409448206425e-01 7.423532605171e-01 6.588194370270e-01 1.207566782832e-01 1.658242046833e-01 1.538279950619e-01 1.388822197914e-01 1.416388452053e-01 1.202826872468e-01 2.203757464886e-01 6.565637141466e-02 5.940156057477e-02
4.339239373803e-02 4.779965057969e-02 4.746863991022e-02 4.631188511848e-02 4.948709905148e-02 5.765431001782e-02 6.602362543344e-02 4.954295977950e-02 5.385522916913e-02 5.012968927622e-02 5.399371683598e-02 5.222430080175e-02 5.043073743582e-02 4.917386546731e-02 4.749849066138e-02 5.854061618447e-02 5.317171290517e-02 4.950156435370e-02 5.400745198131e-02 7.796031981707e-02 5.637925863266e-02 8.011702448130e-02 6.122012808919e-02 7.791332900524e-02 8.980515599251e-02 1.100559979677e-01 2.333261668682e-01 3.158448338509e-01 2.672535479069e-01 3.276946246624e-01 7.160822749138e-01 4.081518054008e-01 4.689272642136e-01 4.371310472488e-01 4.822991490364e-01 8.402471244335e-02 1.312128603458e-01 1.619262844324e-01 9.651369601488e-02 1.292687356472e-01 1.167983785272e-01 9.285879880190e-02 6.789116561413e-02
4.171344265342e-02 4.485154151917e-02 4.300380870700e-02 4.187378659844e-02 5.454001575708e-02 7.677098363638e-02 4.273893311620e-02 4.456657543778e-02 5.675277858973e-02 6.097581610084e-02 5.567999184132e-02 5.527212843299e-02 5.523899197578e-02 5.082918331027e-02 5.592893809080e-02 7.225126773119e-02 6.540956348181e-02 3.090838156641e-02 3.380020335317e-02 7.007171213627e-02 6.231220811605e-02 6.028520688415e-02 6.481570750475e-02 7.979631423950e-02 9.331989288330e-02 1.240857690573e-01 1.790812462568e-01 2.713759541512e-01 2.340452820063e-01 2.437136620283e-01 2.941656708717e-01 4.166999757290e-01 4.910423755646e-01 1.268248915672e+00 5.403750538826e-01 2.750166058540e-01 1.387478858232e-01 1.954441070557e-01 7.803884148598e-02 4.859078675508e-02 4.664141684771e-02 7.817871123552e-02 4.139714315534e-02
3.728403896093e-02 3.998914733529e-02 3.826638683677e-02 4.427003860474e-02 7.976469397545e-02 4.024514555931e-02 3.734333068132e-02 5.197521671653e-02 6.399822980165e-02 6.555408984423e-02 8.556485176086e-02 8.056650310755e-02 6.804141402245e-02 7.342358678579e-02 1.080551445484e-01 1.251786947250e-01 8.144661039114e-02 8.396162837744e-02 7.542422413826e-02 7.208707928658e-02 7.206561416388e-02 7.470878958702e-02 6.362988799810e-02 7.722550630569e-02 9.667037427425e-02 1.272905915976e-01 1.659618616104e-01 2.206062823534e-01 2.415387332439e-01 3.095665574074e-01 3.394390642643e-01 3.952253758907e-01 3.910747766495e-01 1.314992427826e+00 3.414686620235e-01 1.918078064919e-01 8.892079442739e-02 7.162581384182e-02 4.684457182884e-02 3.228468820453e-02 3.073354251683e-02 4.160596802831e-02 4.850494489074e-02
3.200256451964e-02 3.389377519488e-02 3.738523647189e-02 7.403152436018e-02 5.227657407522e-02 4.313674569130e-02 4.886264353991e-02 4.811770841479e-02 5.598551407456e-02 8.814510703087e-02 1.075704023242e-01 1.007513180375e-01 9.034336358309e-02 1.008942127228e-01 1.084115505219e-01 2.570550739765e-01 2.767964005470e-01 3.481718897820e-01 3.496598601341e-01 3.744661509991e-01 1.467011123896e-01 7.862836122513e-02 1.088512167335e-01 1.239275559783e-01 1.390698552132e-01 2.019323855639e-01 5.358899235725e-01 5.007799267769e-01 4.452764391899e-01 3.331523537636e-01 2.969493865967e-01 2.720987200737e-01 4.826413989067e-01 2.198361307383e-01 1.370596885681e-01 9.866322577000e-02 4.981673881412e-02 6.154593452811e-02 1.889791190624e-01 8.627396076918e-02 1.901485957205e-02 2.229226753116e-02 2.314624562860e-02
2.962959185243e-02 3.193305432796e-02 7.095052301884e-02 6.051249802113e-02 3.570014238358e-02 3.651539981365e-02 4.539456218481e-02 4.684760048985e-02 7.588746398687e-02 9.968347102404e-02 9.476285427809e-02 9.480996429920e-02 1.179397255182e-01 1.358949244022e-01 1.269388496876e-01 5.199651718140e-01 3.238079845905e-01 4.520218074322e-01 6.835703849792e-01 8.421303629875e-01 6.250676512718e-01 1.666852533817e-01 1.903689950705e-01 3.229517638683e-01 2.265819460154e-01 4.298261404037e-01 4.900096952915e-01 4.973525404930e-01 4.074080586433e-01 3.780880272388e-01 3.834516704082e-01 3.631504476070e-01 2.191190868616e-01 1.702660918236e-01 1.844546794891e-01 2.764922380447e-01 2.830794751644e-01 1.224013566971e-01 1.304504275322e-01 5.906421318650e-02 2.395694330335e-02 2.290824241936e-02 1.009477823973e-01
3.298441693187e-02 7.122740894556e-02 6.521199643612e-02 4.627786949277e-02 4.155559465289e-02 3.754189610481e-02 5.189381539822e-02 6.953781098127e-02 7.238328456879e-02 7.075018435717e-02 8.140025287867e-02 1.025508940220e-01 1.325632184744e-01 1.904451847076e-01 1.352041482925e+00 1.730073809624e+00 1.023459553719e+00 9.055643081665e-01 1.388218641281e+00 8.823090195656e-01 3.511403799057e-01 2.098658680916e-01 5.235791802406e-01 4.370210170746e-01 8.988261818886e-01 4.777672886848e-01 3.880960941315e-01 3.843289613724e-01 3.579552173615e-01 3.063139617443e-01 7.310788631439e-01 3.048627972603e-01 1.744069606066e-01 1.549891829491e-01 1.703480333090e-01 1.106531247497e-01 1.199136972427e-01 7.049975544214e-02 7.626193016768e-02 8.408568799496e-02 2.578597329557e-02 2.540149725974e-02 2.447452582419e-02
7.111780345440e-02 8.012735098600e-02 6.650916486979e-02 4.922095313668e-02 3.008715249598e-02 7.759871333838e-02 7.629491388798e-02 8.122148364782e-02 1.293317228556e-01 7.772213220596e-02 4.353583604097e-02 6.560710072517e-02 8.180779218674e-02 2.876304090023e-01 1.496659755707e+00 9.952124953270e-01 5.370094776154e-01 3.377192914486e-01 1.064711138606e-01 1.033932268620e-01 1.818161457777e-01 7.888031005859e-02 1.082192733884e-01 1.551721394062e-01 1.245201706886e+00 6.341354250908e-01 1.810937970877e-01 3.152047097683e-01 1.986928433180e-01 2.185463458300e-01 3.196515142918e-01 1.630600839853e-01 1.145399510860e-01 9.380020201206e-02 1.212002709508e-01 1.609475165606e-01 1.018120571971e-01 4.361019283533e-02 5.117689818144e-02 6.358816474676e-02 8.525506407022e-02 3.956089541316e-02 9.755720943213e-02
8.651158213615e-02 8.769796043634e-02 1.006326898932e-01 8.034867793322e-02 2.875772491097e-02 9.323935955763e-02 3.516618609428e-01 5.908148363233e-02 1.914298087358e-01 1.250545829535e-01 8.775003254414e-02 1.722130179405e-01 2.697892189026e-01 8.618528842926e-01 4.858267605305e-01 1.969399005175e-01 4.780135750771e-01 6.267981529236e-01 1.646634787321e-01 4.969813525677e-01 5.021427869797e-01 1.041420623660e-01 7.824819535017e-02 3.897973001003e-01 4.847730994225e-01 2.693658769131e-01 1.613879948854e-01 9.956091642380e-02 8.331919461489e-02 7.332668453455e-02 6.614916771650e-02 7.147956639528e-02 9.385756403208e-02 1.064244732261e-01 9.200527518988e-02 1.070456430316e-01 1.457064896822e-01 1.059783324599e-01 6.801351904869e-02 7.351721078157e-02 7.464330643415e-02 9.043415635824e-02 1.023793146014e-01
