100/SI/f119_max.grd
DSAA
101	101
32.816463539100	34.260883539100
35.556306596100	36.727886596100
9.706855053082e-04	3.429008483887e+01
[rows 0 to 18 of 101, columns 43 to 85 of 101]
7.363126147538e-03 1.266966480762e-02 1.479428261518e-02 1.191261596978e-02 8.422893472016e-03 7.660921197385e-03 9.234417229891e-03 1.030036248267e-02 6.960141006857e-03 8.867343887687e-03 1.113405078650e-02 1.316308602691e-02 1.313439570367e-02 1.089122518897e-02 8.194274269044e-03 6.566990632564e-03 9.214782156050e-03 1.054404769093e-02 5.867642350495e-03 6.823842879385e-03 8.180182427168e-03 8.141598664224e-03 1.068742107600e-02 1.338969450444e-02 1.286258641630e-02 9.277228266001e-03 7.874405942857e-03 7.261117454618e-03 6.908143870533e-03 5.839037708938e-03 5.039535928518e-03 4.689834080637e-03 4.310645628721e-03 4.160436335951e-03 4.083274397999e-03 3.874666756019e-03 3.526135580614e-03 3.052268410102e-03 2.656371099874e-03 2.361677121371e-03 2.118593547493e-03 1.873932546005e-03 2.258226508275e-03
1.790063269436e-02 2.293287590146e-02 2.901506051421e-02 2.607518807054e-02 1.981607452035e-02 1.395121030509e-02 1.761259511113e-02 1.996215619147e-02 1.882278732955e-02 1.886082254350e-02 1.980768516660e-02 2.444125898182e-02 2.440007030964e-02 1.982229948044e-02 1.475433260202e-02 1.264016050845e-02 1.719480566680e-02 1.951844617724e-02 1.105657871813e-02 1.342095620930e-02 1.609263010323e-02 1.518532168120e-02 2.014042809606e-02 2.533126436174e-02 2.317547611892e-02 1.648179069161e-02 1.441735681146e-02 1.370622590184e-02 1.311128959060e-02 1.188851986080e-02 1.067291665822e-02 9.276809170842e-03 8.054080419242e-03 7.666206918657e-03 7.141711656004e-03 6.575874984264e-03 5.976616404951e-03 5.268116947263e-03 5.033012945205e-03 4.578666761518e-03 3.754343604669e-03 3.578122239560e-03 4.475810565054e-03
2.533692307770e-02 2.399139292538e-02 3.235433623195e-02 3.228636458516e-02 2.659333869815e-02 1.872259750962e-02 1.991711743176e-02 2.417236566544e-02 3.263676166534e-02 3.320011124015e-02 2.123158797622e-02 2.773809619248e-02 2.739633433521e-02 2.101929299533e-02 1.743694394827e-02 1.618948951364e-02 2.017604559660e-02 2.264986932278e-02 1.305829733610e-02 1.624290831387e-02 1.935322210193e-02 1.872960664332e-02 2.277212589979e-02 2.778227068484e-02 2.383368648589e-02 1.762695610523e-02 1.634158194065e-02 1.536980550736e-02 1.463302876800e-02 1.422991324216e-02 1.352641079575e-02 1.120651420206e-02 9.430176578462e-03 8.353439159691e-03 7.586091291159e-03 7.027252577245e-03 6.478272844106e-03 5.821082275361e-03 5.915566347539e-03 5.571352783591e-03 4.604796413332e-03 4.560127388686e-03 4.934261087328e-03
2.917718887329e-02 3.337410837412e-02 2.891806140542e-02 3.186279535294e-02 2.878014557064e-02 2.227788232267e-02 2.071147598326e-02 3.265868127346e-02 4.606724902987e-02 4.797360301018e-02 3.198909386992e-02 2.836091630161e-02 2.746121212840e-02 1.931273378432e-02 1.792879402637e-02 1.832300983369e-02 2.117336355150e-02 2.347081340849e-02 1.389598753303e-02 1.728899031878e-02 2.080765366554e-02 2.134408056736e-02 2.401557937264e-02 2.791479602456e-02 2.235664427280e-02 1.794530823827e-02 1.640289463103e-02 1.508392952383e-02 1.472824998200e-02 1.498492620885e-02 1.488062832505e-02 1.261544693261e-02 9.584169834852e-03 8.073015138507e-03 7.303227670491e-03 6.790238898247e-03 6.237310357392e-03 6.221596617252e-03 6.387850269675e-03 6.168347317725e-03 5.139712709934e-03 5.162807647139e-03 4.803117364645e-03
2.870459109545e-02 3.999475389719e-02 2.774084173143e-02 2.694598026574e-02 2.655514515936e-02 2.829813398421e-02 2.342091128230e-02 4.008493199944e-02 5.847862362862e-02 6.330347806215e-02 4.453910142183e-02 2.794228307903e-02 2.618732862175e-02 1.784478873014e-02 1.644478738308e-02 1.868667453527e-02 2.197027020156e-02 2.380144037306e-02 1.508698612452e-02 1.795374043286e-02 2.188947238028e-02 2.310942113400e-02 2.537068910897e-02 2.754942327738e-02 2.075663581491e-02 1.703672856092e-02 1.542110927403e-02 1.503505837172e-02 1.454251166433e-02 1.496092509478e-02 1.555867400020e-02 1.379680912942e-02 1.057387702167e-02 8.191548287868e-03 7.118835113943e-03 6.360147148371e-03 6.173158530146e-03 6.553804501891e-03 6.847346201539e-03 6.673150230199e-03 5.692210514098e-03 5.395720712841e-03 4.408102948219e-03
2.492804266512e-02 4.249373078346e-02 3.210023418069e-02 2.148609794676e-02 2.315582893789e-02 3.432492539287e-02 2.539393305779e-02 4.551007598639e-02 6.950017809868e-02 7.857135683298e-02 5.778512731194e-02 2.740130014718e-02 2.361804619431e-02 1.997250877321e-02 1.628657057881e-02 1.705905795097e-02 2.281579002738e-02 2.372179739177e-02 1.746795140207e-02 1.888629421592e-02 2.271644957364e-02 2.418397739530e-02 2.720433287323e-02 2.669429033995e-02 1.937033608556e-02 1.587116904557e-02 1.538181956857e-02 1.429179869592e-02 1.370538771152e-02 1.426462363452e-02 1.549485791475e-02 1.473792176694e-02 1.138334162533e-02 9.152139537036e-03 8.822168223560e-03 6.398438476026e-03 6.618420593441e-03 6.917551159859e-03 7.307967636734e-03 7.072468288243e-03 6.252159830183e-03 5.254560150206e-03 3.882208373398e-03
2.296241559088e-02 4.076718539000e-02 3.225489333272e-02 2.522588893771e-02 2.235719189048e-02 3.990651667118e-02 2.504413202405e-02 4.814867302775e-02 7.718990743160e-02 9.036192297935e-02 6.999037414789e-02 3.673922270536e-02 2.472391910851e-02 2.212358452380e-02 1.689382456243e-02 1.559755671769e-02 2.365376427770e-02 2.343876101077e-02 1.998052559793e-02 1.972452178597e-02 2.306123450398e-02 2.475318871439e-02 2.850482240319e-02 2.467375248671e-02 2.054202742875e-02 1.561935339123e-02 1.460593100637e-02 1.339981146157e-02 1.304392609745e-02 1.390758343041e-02 1.562217902392e-02 1.557954400778e-02 1.255067624152e-02 1.357498485595e-02 1.354875322431e-02 6.749913562089e-03 7.013706490397e-03 7.266942411661e-03 7.614789064974e-03 7.357930298895e-03 6.623166147619e-03 5.292153917253e-03 3.973570652306e-03
2.631794475019e-02 3.902036324143e-02 3.122086822987e-02 2.883419208229e-02 2.675993368030e-02 4.522317275405e-02 2.486801147461e-02 4.665605723858e-02 7.816923409700e-02 9.556893259287e-02 7.972273975611e-02 4.819819703698e-02 2.550827153027e-02 2.432312443852e-02 1.937513239682e-02 1.822698488832e-02 2.434347383678e-02 2.288606762886e-02 2.117672935128e-02 2.032137848437e-02 2.312445640564e-02 2.468980103731e-02 2.890243008733e-02 2.284922264516e-02 2.144704200327e-02 1.502849441022e-02 1.352861803025e-02 1.246880367398e-02 1.259408704937e-02 1.395282428712e-02 1.614498533309e-02 1.641833968461e-02 1.679617352784e-02 1.856139302254e-02 1.933545991778e-02 8.216494694352e-03 7.304448634386e-03 7.554501760751e-03 7.826472632587e-03 7.695674896240e-03 6.970050279051e-03 5.627262406051e-03 4.197825212032e-03
2.945105172694e-02 3.921544179320e-02 3.102637454867e-02 3.117065317929e-02 3.101217932999e-02 5.016531795263e-02 2.620502561331e-02 4.117901995778e-02 7.176671922207e-02 9.349764138460e-02 8.566637337208e-02 5.896613001823e-02 3.641312196851e-02 2.657945640385e-02 2.310228161514e-02 2.089371904731e-02 2.480880543590e-02 2.200747095048e-02 2.066050469875e-02 2.216898091137e-02 2.263354510069e-02 2.555451355875e-02 2.863005921245e-02 2.103379555047e-02 2.205209061503e-02 1.513980142772e-02 1.397227682173e-02 1.258032023907e-02 1.473740395159e-02 1.637319847941e-02 1.781268045306e-02 1.939028501511e-02 2.108445391059e-02 2.302156761289e-02 2.372270263731e-02 9.928256273270e-03 7.625316735357e-03 8.029221557081e-03 8.232207968831e-03 8.176491595805e-03 7.217732723802e-03 5.813682917506e-03 4.374080803245e-03
3.153139352798e-02 4.002695903182e-02 3.078224882483e-02 3.052401915193e-02 3.459616750479e-02 5.410344153643e-02 2.778615616262e-02 3.410120680928e-02 6.160694360733e-02 8.591671288013e-02 8.658749610186e-02 6.759180128574e-02 4.738043248653e-02 3.517618775368e-02 2.687236852944e-02 2.312412299216e-02 2.498144097626e-02 2.088809199631e-02 1.812124438584e-02 2.203336916864e-02 2.301250398159e-02 2.932959794998e-02 2.712297439575e-02 1.915662363172e-02 2.246299758554e-02 1.582569256425e-02 1.547516137362e-02 1.606412045658e-02 1.808209531009e-02 1.974666863680e-02 2.143855951726e-02 2.261744625866e-02 2.340033650398e-02 2.445338852704e-02 2.575700357556e-02 1.095883361995e-02 8.414657786489e-03 9.084809571505e-03 9.058769792318e-03 8.374046534300e-03 7.001780904830e-03 5.670586600900e-03 4.408313892782e-03
3.191704675555e-02 4.149836301804e-02 3.059970214963e-02 2.764416113496e-02 3.669488802552e-02 5.726412311196e-02 2.970843389630e-02 3.040384501219e-02 4.990568384528e-02 7.324561476707e-02 8.059875667095e-02 7.218211144209e-02 5.825343728065e-02 4.628123715520e-02 3.734935820103e-02 2.703739702702e-02 2.521928772330e-02 2.220525592566e-02 1.840571872890e-02 2.343579009175e-02 2.647201716900e-02 3.260002657771e-02 2.518818713725e-02 2.148079685867e-02 2.200331352651e-02 1.677942648530e-02 1.816304400563e-02 1.983472332358e-02 2.132170833647e-02 2.259873785079e-02 2.322331257164e-02 2.269770950079e-02 2.175551280379e-02 2.139053680003e-02 2.450215443969e-02 1.101368013769e-02 1.026732940227e-02 1.069644652307e-02 9.546879678965e-03 7.857121527195e-03 6.474542897195e-03 5.426413379610e-03 4.301662091166e-03
3.100527450442e-02 4.313306510448e-02 3.103311173618e-02 2.932306937873e-02 3.952548280358e-02 5.927223339677e-02 3.164192661643e-02 3.164209052920e-02 3.778007626534e-02 5.768397822976e-02 6.915249675512e-02 7.108392566442e-02 6.504933536053e-02 5.736077949405e-02 5.066284164786e-02 3.988050296903e-02 3.393337130547e-02 3.261657431722e-02 2.605461515486e-02 3.089728206396e-02 3.311499208212e-02 3.475520759821e-02 2.438437752426e-02 2.270664274693e-02 2.076237648726e-02 1.947276480496e-02 2.272890135646e-02 2.361883409321e-02 2.364994026721e-02 2.236627414823e-02 2.106970176101e-02 1.955901086330e-02 1.728629507124e-02 1.728918217123e-02 2.294219844043e-02 1.106894202530e-02 1.262283697724e-02 1.158887706697e-02 9.091992862523e-03 7.201868575066e-03 6.148866843432e-03 5.523632746190e-03 5.875064991415e-03
3.164224699140e-02 4.477939009666e-02 3.925080969930e-02 2.697213366628e-02 4.378581419587e-02 6.094940006733e-02 3.351522609591e-02 3.392229229212e-02 3.059400245547e-02 4.246957972646e-02 5.349339917302e-02 6.315667182207e-02 6.667620688677e-02 6.484258919954e-02 6.072172150016e-02 5.008044466376e-02 4.259524121881e-02 3.999288007617e-02 3.547109663486e-02 3.990749642253e-02 4.063107445836e-02 3.592353314161e-02 2.743505500257e-02 2.294529415667e-02 1.888926140964e-02 2.455997839570e-02 2.660643495619e-02 2.502999641001e-02 2.256941981614e-02 1.972300186753e-02 1.722439564764e-02 1.469465624541e-02 1.304298639297e-02 1.454609632492e-02 2.224114909768e-02 1.415655389428e-02 1.382466498762e-02 1.104886829853e-02 8.547680452466e-03 7.020776160061e-03 5.777463782579e-03 7.171851117164e-03 7.045175880194e-03
2.833432704210e-02 4.647170752287e-02 4.265548288822e-02 2.601405233145e-02 4.728653654456e-02 6.281843036413e-02 3.734775632620e-02 4.058498516679e-02 2.761225029826e-02 3.112448565662e-02 3.804650902748e-02 4.974579066038e-02 6.292656064034e-02 6.833358854055e-02 6.825296580791e-02 5.763359367847e-02 4.954098165035e-02 4.287498444319e-02 4.181767255068e-02 4.943158477545e-02 4.716197028756e-02 3.503846749663e-02 2.973116561770e-02 2.694748900831e-02 2.305976673961e-02 2.854918874800e-02 2.779506891966e-02 2.313539013267e-02 1.910560391843e-02 1.742902025580e-02 1.606317423284e-02 1.536370255053e-02 1.399818528444e-02 1.421477459371e-02 2.269613742828e-02 1.581514440477e-02 1.313750911504e-02 1.043859403580e-02 8.475513197482e-03 6.853624712676e-03 5.732335150242e-03 8.219267241657e-03 7.581501733512e-03
2.838196977973e-02 4.843291640282e-02 4.283382743597e-02 3.135524317622e-02 5.024681240320e-02 6.389202922583e-02 4.164738953114e-02 4.826317727566e-02 2.905503846705e-02 2.579561993480e-02 2.821816504002e-02 5.307392776012e-02 5.560611188412e-02 6.651650369167e-02 7.385079562664e-02 6.350511312485e-02 5.535079538822e-02 3.803429380059e-02 4.373095184565e-02 5.769884586334e-02 5.122502520680e-02 3.246358409524e-02 3.124721720815e-02 2.920380234718e-02 2.620444446802e-02 2.910256199539e-02 2.537773177028e-02 1.946929655969e-02 1.859339885414e-02 1.886603049934e-02 1.856102421880e-02 1.721731200814e-02 1.610853895545e-02 1.540762558579e-02 2.334503456950e-02 1.525910478085e-02 1.225584466010e-02 1.013635098934e-02 8.157714270055e-03 6.529518403113e-03 6.667284294963e-03 8.869231678545e-03 7.644826080650e-03
2.944013662636e-02 5.075899511576e-02 4.231574013829e-02 3.865283727646e-02 5.228345841169e-02 6.423541903496e-02 4.420870169997e-02 5.519957095385e-02 3.081516362727e-02 2.575642056763e-02 3.021946921945e-02 5.696338415146e-02 5.750166252255e-02 5.890550091863e-02 7.131451368332e-02 6.415838748217e-02 5.661082640290e-02 3.555301576853e-02 4.464980214834e-02 6.295004487038e-02 5.148226395249e-02 2.950839325786e-02 3.114321082830e-02 2.787130326033e-02 2.976622059941e-02 2.599691227078e-02 2.023042738438e-02 1.729589700699e-02 1.892184093595e-02 1.954392716289e-02 1.980109140277e-02 2.070311456919e-02 1.988191157579e-02 1.851740851998e-02 2.364665642381e-02 1.388300396502e-02 1.119293738157e-02 8.976629003882e-03 7.299685385078e-03 6.121375598013e-03 7.490333169699e-03 9.409678168595e-03 7.556670811027e-03
3.621439263225e-02 5.323713645339e-02 4.970940202475e-02 4.087865352631e-02 5.351006239653e-02 6.378628313541e-02 4.740905389190e-02 6.067676097155e-02 3.243038803339e-02 2.588790655136e-02 3.354024142027e-02 5.905369669199e-02 5.328261852264e-02 5.248656868935e-02 6.557351350784e-02 5.872768163681e-02 5.338470265269e-02 3.388116508722e-02 4.980744421482e-02 6.365410238504e-02 4.697576910257e-02 3.360838070512e-02 2.896191179752e-02 2.409835346043e-02 3.136308118701e-02 2.899720892310e-02 2.053312771022e-02 1.455665007234e-02 1.831160485744e-02 2.115686051548e-02 2.197242341936e-02 2.396085485816e-02 2.561319805682e-02 2.664665877819e-02 2.562903426588e-02 1.734416000545e-02 9.558305144310e-03 1.075803209096e-02 7.217704784125e-03 6.121955346316e-03 8.300987072289e-03 9.798413142562e-03 7.332922425121e-03
4.787202551961e-02 6.565522402525e-02 7.653522491455e-02 6.655465811491e-02 5.392590910196e-02 6.182655319571e-02 5.443480983377e-02 6.477665156126e-02 3.836629167199e-02 2.883537113667e-02 4.238918423653e-02 5.974415317178e-02 4.480415955186e-02 4.930760338902e-02 5.929609388113e-02 5.172514542937e-02 4.907126352191e-02 3.842700272799e-02 5.251277983189e-02 5.991893261671e-02 3.933385387063e-02 3.658985346556e-02 3.256329894066e-02 2.577770501375e-02 2.924687229097e-02 3.502774611115e-02 2.720451541245e-02 1.689900644124e-02 1.607586443424e-02 2.072997391224e-02 2.584909275174e-02 2.905101701617e-02 3.411856666207e-02 3.820854052901e-02 3.210004046559e-02 1.726116053760e-02 1.029613614082e-02 1.319920551032e-02 9.911349974573e-03 6.537969689816e-03 9.235571138561e-03 9.942718781531e-03 6.846391130239e-03
6.090986356139e-02 8.604472130537e-02 1.049216017127e-01 9.838614612818e-02 5.691454932094e-02 5.842209607363e-02 5.095498263836e-02 6.895114481449e-02 5.375533178449e-02 4.465922340751e-02 5.033467337489e-02 6.543236970901e-02 4.473431408405e-02 4.968154057860e-02 5.365766212344e-02 5.722686275840e-02 5.375897884369e-02 4.162016138434e-02 5.287082120776e-02 5.257497727871e-02 3.326218575239e-02 3.398258239031e-02 3.481744974852e-02 3.182564675808e-02 2.698427438736e-02 4.285116866231e-02 3.463251888752e-02 2.131670527160e-02 1.441260147840e-02 2.132835611701e-02 2.870459482074e-02 3.999864682555e-02 4.980647936463e-02 4.919088631868e-02 3.356496244669e-02 1.781797781587e-02 1.263462007046e-02 1.620825752616e-02 1.351294852793e-02 6.993469782174e-03 1.030173897743e-02 9.775094687939e-03 6.088499445468e-03
