100/SI/f119_max.grd
DSAA
101	101
32.816463539100	34.260883539100
35.556306596100	36.727886596100
9.706855053082e-04	3.429008483887e+01
[rows 57 to 75 of 101, columns 0 to 42 of 101]
1.613142155111e-02 2.838090434670e-02 3.764395415783e-02 4.170173406601e-02 3.519636392593e-02 4.741652309895e-02 5.356538668275e-02 5.936030671000e-02 6.539417803288e-02 7.023227214813e-02 7.148140668869e-02 7.001592218876e-02 7.151709496975e-02 7.169977575541e-02 8.550894260406e-02 1.264788508415e-01 7.486204057932e-02 6.209553033113e-02 6.594122946262e-02 1.093931272626e-01 1.375649124384e-01 2.334050834179e-01 1.712645292282e-01 1.116906777024e-01 9.519892185926e-02 8.839628845453e-02 1.368304342031e-01 2.614651322365e-01 2.710933089256e-01 1.580072045326e-01 1.270945370197e-01 7.921119779348e-02 6.375773996115e-02 7.400440424681e-02 8.783286064863e-02 1.132828295231e-01 1.311877369881e-01 1.391563862562e-01 1.688868552446e-01 2.526396512985e-01 3.400157094002e-01 4.094921648502e-01 4.519838094711e-01
2.059136517346e-02 4.581482708454e-02 6.008671224117e-02 3.686802834272e-02 3.383267670870e-02 3.026334382594e-02 3.197453916073e-02 3.764781355858e-02 4.194974154234e-02 4.415293410420e-02 1.103778183460e-01 1.310246437788e-01 4.964688047767e-02 2.953381836414e-02 4.183939099312e-02 8.222227543592e-02 5.237606167793e-02 4.496442526579e-02 5.269997939467e-02 9.846965223551e-02 1.518020927906e-01 1.897902339697e-01 1.366463452578e-01 7.946333289146e-02 5.970383808017e-02 8.005888760090e-02 1.287937015295e-01 3.317221999168e-01 2.790145277977e-01 1.734925061464e-01 1.279387027025e-01 1.103905811906e-01 6.609173119068e-02 7.374458760023e-02 8.001738786697e-02 8.874695003033e-02 9.692482650280e-02 1.031483784318e-01 1.450858414173e-01 3.382540643215e-01 4.589810669422e-01 5.271661877632e-01 5.789223909378e-01
1.498975325376e-02 4.205792024732e-02 5.553156137466e-02 3.605400025845e-02 4.433848336339e-02 5.727099254727e-02 7.635349035263e-02 1.129280626774e-01 2.111861258745e-01 3.055329322815e-01 8.618590980768e-02 5.452520027757e-02 2.924210950732e-02 2.952199615538e-02 3.733958676457e-02 3.928691893816e-02 4.512353986502e-02 4.373322054744e-02 5.702656880021e-02 8.823072165251e-02 1.454001963139e-01 1.640502661467e-01 1.176163330674e-01 6.965871900320e-02 1.001461129636e-02 5.604877322912e-02 9.896484017372e-02 2.602764964104e-01 2.314639538527e-01 1.431913226843e-01 1.106073483825e-01 6.009526550770e-02 6.278988718987e-02 6.637962162495e-02 7.817795872688e-02 8.240929991007e-02 8.301241695881e-02 8.321201056242e-02 1.495838761330e-01 3.737474679947e-01 4.837232828140e-01 4.922994077206e-01 5.381210446358e-01
1.652595400810e-02 2.918327786028e-02 7.360975444317e-02 6.105982512236e-02 7.041066139936e-02 9.469500184059e-02 1.399510353804e-01 2.131222039461e-01 2.193564325571e-01 1.036569848657e-01 3.222983330488e-02 2.531944960356e-02 3.166586533189e-02 4.077476635575e-02 4.648223519325e-02 4.024367034435e-02 4.791762679815e-02 4.542472213507e-02 8.467033505440e-02 1.127141490579e-01 1.052192971110e-01 1.166536286473e-01 8.753912150860e-02 2.518361620605e-02 7.962621748447e-03 4.905152693391e-02 6.597243994474e-02 1.140126213431e-01 1.074886173010e-01 6.217136234045e-02 5.768302455544e-02 5.554761737585e-02 6.161190569401e-02 6.234717741609e-02 7.499852776527e-02 7.827056944370e-02 7.368112355471e-02 7.223310321569e-02 1.462635993958e-01 3.682264685631e-01 4.451052844524e-01 3.924650251865e-01 4.250086545944e-01
7.744433823973e-03 1.317463908345e-02 3.519363701344e-02 4.346052557230e-02 4.722001031041e-02 2.416939847171e-02 2.336627431214e-02 2.291949838400e-02 2.243512310088e-02 2.175625599921e-02 2.077596448362e-02 2.579319663346e-02 3.410469368100e-02 4.363997280598e-02 4.880084842443e-02 5.055177956820e-02 4.818043112755e-02 4.246375337243e-02 6.893988698721e-02 9.553343057632e-02 1.098149195313e-01 1.342506706715e-02 5.565230268985e-03 3.731616958976e-02 3.357628732920e-02 3.626372665167e-02 4.263895750046e-02 4.956168681383e-02 5.453838407993e-02 5.511226505041e-02 5.338142812252e-02 5.144722014666e-02 5.362781509757e-02 6.503310054541e-02 7.789507508278e-02 7.690059393644e-02 6.725242733955e-02 6.565798074007e-02 1.399041712284e-01 3.242934644222e-01 3.713882565498e-01 2.974344789982e-01 3.313097655773e-01
6.977389100939e-03 1.181079074740e-02 1.620624959469e-02 2.293801866472e-02 3.343820944428e-02 4.043576121330e-02 2.202936075628e-02 2.185276709497e-02 2.146651595831e-02 2.086176164448e-02 1.366911269724e-02 1.908965781331e-02 2.136169001460e-02 2.826374582946e-02 3.302897140384e-02 3.450453281403e-02 3.114300034940e-02 2.758564986289e-02 4.075705632567e-02 4.947066679597e-02 3.311119601130e-02 3.039560280740e-02 2.034630812705e-02 2.530556544662e-02 2.974269539118e-02 3.143760561943e-02 3.368188068271e-02 4.080205038190e-02 4.609752446413e-02 4.840005561709e-02 4.861418157816e-02 4.844189807773e-02 5.327601730824e-02 7.154227793217e-02 8.357176184654e-02 7.693064212799e-02 6.516367197037e-02 6.765493750572e-02 1.196113675833e-01 2.417701482773e-01 2.743557691574e-01 2.313068211079e-01 2.825831472874e-01
7.060143630952e-03 1.178033091128e-02 1.576651819050e-02 1.835553534329e-02 1.977927051485e-02 2.352842502296e-02 2.100240252912e-02 2.088693901896e-02 2.040005289018e-02 4.942892119288e-03 5.253106355667e-03 1.042355597019e-02 7.024551741779e-03 1.700828969479e-02 1.676791720092e-02 1.661639846861e-02 1.762087456882e-02 1.995557919145e-02 2.183855511248e-02 2.550931274891e-02 2.682640589774e-02 2.503972314298e-02 1.177092269063e-02 6.431811954826e-03 5.525305122137e-02 3.450528159738e-02 3.466789796948e-02 3.404197096825e-02 3.697997704148e-02 4.072266444564e-02 4.321275651455e-02 4.516365751624e-02 5.392166227102e-02 7.536415010691e-02 8.369871973991e-02 7.121508568525e-02 6.566531211138e-02 6.761476397514e-02 9.898611903191e-02 1.623246669769e-01 1.869336068630e-01 1.800395697355e-01 2.462858557701e-01
7.299046032131e-03 1.191939413548e-02 1.550272013992e-02 1.746296137571e-02 1.448921021074e-02 3.946440760046e-03 1.912072859704e-02 1.942430809140e-02 1.744798198342e-02 5.003718193620e-03 8.092398755252e-03 9.046819992363e-03 7.570918183774e-03 8.181152865291e-03 1.539457123727e-02 1.594213396311e-02 1.735436543822e-02 1.902665756643e-02 2.022789604962e-02 2.109749615192e-02 2.583717741072e-02 2.490616030991e-02 9.617189876735e-03 6.793295033276e-03 4.739183187485e-02 2.836494334042e-02 3.690277785063e-02 3.619363531470e-02 3.604177013040e-02 3.722618147731e-02 2.680034004152e-02 4.547511413693e-02 5.350057408214e-02 7.352950423956e-02 7.630032300949e-02 6.100086867809e-02 6.320660561323e-02 6.783983111382e-02 1.036302000284e-01 1.141281798482e-01 1.212344765663e-01 1.292024403811e-01 2.074159830809e-01
7.181122899055e-03 1.150469854474e-02 1.462997589260e-02 1.612181589007e-02 7.317176554352e-03 2.405326114967e-03 6.794912740588e-03 1.745478250086e-02 1.894830726087e-02 5.258491262794e-03 2.946972474456e-02 3.023683093488e-02 1.454979740083e-02 1.057479996234e-02 1.594895124435e-02 1.670488901436e-02 1.761681586504e-02 1.843433268368e-02 1.909222640097e-02 1.749869436026e-02 2.364674396813e-02 2.446338906884e-02 1.144747529179e-02 8.019709959626e-03 1.908165216446e-02 5.390912294388e-03 3.550140932202e-02 3.459884971380e-02 3.377122059464e-02 3.415077179670e-02 3.667363151908e-02 4.214243963361e-02 5.009254440665e-02 6.585382670164e-02 6.437052786350e-02 5.209510400891e-02 5.783193185925e-02 6.767749041319e-02 9.239446371794e-02 9.869692474604e-02 9.935863316059e-02 6.572623550892e-02 1.396421939135e-01
6.704413332045e-03 1.064052805305e-02 1.337919570506e-02 1.462835539132e-02 1.518666651100e-02 1.562466658652e-02 1.576469466090e-02 1.604232750833e-02 2.119730412960e-02 2.985623478889e-02 2.841682173312e-02 2.838141284883e-02 3.052731230855e-02 1.589152589440e-02 1.649186015129e-02 1.709471084177e-02 1.757410354912e-02 1.774330623448e-02 1.804089173675e-02 1.916745677590e-02 2.069770544767e-02 2.351927012205e-02 2.221887186170e-02 1.549415849149e-02 2.519615553319e-02 2.606949582696e-02 3.171604499221e-02 3.065271861851e-02 2.908787503839e-02 2.891156636178e-02 3.336923941970e-02 3.762067481875e-02 1.177367288619e-02 3.922941908240e-02 5.238357931376e-02 4.799188673496e-02 5.901099741459e-02 6.704495102167e-02 8.367963880301e-02 8.658654242754e-02 4.455697536469e-02 2.987580373883e-02 7.615051418543e-02
6.158147938550e-03 9.752852842212e-03 1.223911903799e-02 1.341873779893e-02 1.394367124885e-02 1.421978324652e-02 1.422263216227e-02 2.523030713201e-02 2.795158885419e-02 2.662846818566e-02 1.384839136153e-02 1.406744308770e-02 2.301546372473e-02 1.563126035035e-02 1.623535528779e-02 1.352353207767e-02 1.682603731751e-02 1.726373843849e-02 1.758997328579e-02 1.764225959778e-02 1.791814714670e-02 2.157028019428e-02 2.195636555552e-02 2.010573074222e-02 2.406701073050e-02 2.693153917789e-02 2.772383764386e-02 2.663191035390e-02 2.460237964988e-02 2.884759195149e-02 3.309744223952e-02 3.563250601292e-02 1.377178449184e-02 3.578045219183e-02 4.139041900635e-02 4.336526989937e-02 5.103651806712e-02 5.683780461550e-02 5.970333516598e-02 6.159926205873e-02 2.382100000978e-02 4.861653223634e-02 5.855015665293e-02
5.696635693312e-03 9.033143520355e-03 1.137837301940e-02 1.254708506167e-02 1.301660295576e-02 1.312542799860e-02 2.298735827208e-02 2.588265575469e-02 2.602686546743e-02 1.483975071460e-02 1.330994348973e-02 1.333337649703e-02 1.376031618565e-02 1.451261900365e-02 1.561731286347e-02 1.132099609822e-02 1.285031531006e-02 1.786576025188e-02 1.940625719726e-02 1.882654428482e-02 1.726212538779e-02 1.856167055666e-02 1.993702538311e-02 1.899908855557e-02 2.148885093629e-02 2.371851727366e-02 2.433786913753e-02 2.329173125327e-02 2.454849518836e-02 2.914157323539e-02 3.219665214419e-02 3.415680304170e-02 3.090695478022e-02 3.411361947656e-02 3.282355144620e-02 3.740713000298e-02 4.062050580978e-02 4.100688919425e-02 4.003724455833e-02 3.992611169815e-02 3.596775233746e-02 4.120424017310e-02 5.076942592859e-02
5.360675044358e-03 8.520481176674e-03 1.077009923756e-02 1.187721081078e-02 7.132145110518e-03 1.222502719611e-02 1.212063897401e-02 2.304835245013e-02 1.532048638910e-02 1.261796243489e-02 1.275904197246e-02 1.270307600498e-02 1.242574304342e-02 1.047189254314e-02 1.441837009043e-02 1.201547868550e-02 1.332470867783e-02 1.500589028001e-02 2.048523910344e-02 2.088969759643e-02 2.020852081478e-02 1.887289620936e-02 1.130407955498e-02 1.864358596504e-02 1.940451003611e-02 2.106295898557e-02 2.146949246526e-02 2.049735374749e-02 2.482023462653e-02 2.843657322228e-02 3.087884373963e-02 3.271287679672e-02 2.599222958088e-02 2.629439719021e-02 1.949953474104e-02 1.176401879638e-02 3.879050910473e-02 3.982612118125e-02 3.851455077529e-02 3.484897688031e-02 2.966572158039e-02 2.560634538531e-02 2.260343544185e-02
5.219781305641e-03 8.279125206172e-03 1.042459812015e-02 1.140554156154e-02 9.649675339460e-03 1.156137324870e-02 1.148209813982e-02 1.878147386014e-02 1.705358363688e-02 1.211719866842e-02 1.238382980227e-02 1.286335196346e-02 1.323566678911e-02 9.755680337548e-03 1.121343206614e-02 1.221552398056e-02 1.347835920751e-02 1.906568929553e-02 2.114597894251e-02 2.237524278462e-02 2.247143536806e-02 1.006739120930e-02 1.213870570064e-02 1.955752819777e-02 1.891750283539e-02 1.870036311448e-02 1.887706108391e-02 2.078071050346e-02 2.444446645677e-02 2.738524787128e-02 2.964854612947e-02 3.170119598508e-02 1.378024090081e-02 2.501267381012e-02 1.889013126493e-02 2.650035545230e-02 3.899192810059e-02 4.082712903619e-02 3.913746774197e-02 3.430544212461e-02 3.194589540362e-02 1.453797891736e-02 8.640468120575e-03
1.516023417935e-03 7.855063304305e-03 1.037963666022e-02 1.124297175556e-02 1.137240417302e-02 1.124215032905e-02 1.223760098219e-02 1.437518838793e-02 1.272261794657e-02 1.546074729413e-02 1.610568910837e-02 1.665809564292e-02 1.592668704689e-02 1.314162183553e-02 1.582863740623e-02 1.628627069294e-02 1.720072142780e-02 1.963531970978e-02 2.197347581387e-02 2.363076806068e-02 2.408718690276e-02 2.211758494377e-02 2.260306477547e-02 2.139200083911e-02 2.042273804545e-02 1.952024549246e-02 1.810793392360e-02 2.082909457386e-02 2.384705282748e-02 2.642693929374e-02 2.770885825157e-02 7.156349252909e-03 1.244120020419e-02 2.351585403085e-02 3.125976771116e-02 3.503530472517e-02 3.960723802447e-02 4.240413010120e-02 4.049672931433e-02 3.510189056396e-02 3.252296522260e-02 2.778937667608e-02 3.019879013300e-02
3.019595518708e-03 2.970834728330e-03 1.048280950636e-02 1.127491984516e-02 1.134743262082e-02 9.853621944785e-03 1.252065133303e-02 1.316453330219e-02 1.476300880313e-02 1.545131858438e-02 1.597586274147e-02 1.642709039152e-02 1.554278936237e-02 1.252265553921e-02 1.384578831494e-02 1.470762677491e-02 1.734714396298e-02 2.009325288236e-02 2.227940969169e-02 2.366718277335e-02 2.393984794617e-02 1.705943420529e-02 2.195196785033e-02 2.045933902264e-02 1.906502619386e-02 1.770837791264e-02 1.798008941114e-02 2.072546072304e-02 2.332481183112e-02 2.567423321307e-02 1.565223932266e-02 6.673619616777e-03 2.832159213722e-02 2.738649770617e-02 1.811361312866e-02 3.443557396531e-02 3.972550854087e-02 3.618170320988e-02 4.130105674267e-02 3.414572775364e-02 2.930754050612e-02 2.535851299763e-02 2.726408839226e-02
5.058006849140e-03 7.687006611377e-03 1.025289390236e-02 1.098528318107e-02 1.104689948261e-02 7.206925190985e-03 1.095436140895e-02 1.198989246041e-02 1.274781767279e-02 1.326529961079e-02 1.363129448146e-02 1.393038593233e-02 1.400787942111e-02 1.365296728909e-02 1.367217674851e-02 9.130706079304e-03 1.639575883746e-02 1.916958950460e-02 2.074530348182e-02 2.135053835809e-02 2.431182749569e-02 2.752770483494e-02 2.570390887558e-02 1.898648217320e-02 1.584831625223e-02 1.567330956459e-02 1.812066137791e-02 2.050074562430e-02 2.279979176819e-02 2.491199970245e-02 2.549068443477e-02 2.505200356245e-02 2.685045450926e-02 2.617513388395e-02 2.661625854671e-02 3.300833702087e-02 3.887150436640e-02 4.165072366595e-02 4.163379222155e-02 3.409320861101e-02 2.720786444843e-02 2.495818771422e-02 2.838981524110e-02
4.918209742755e-03 7.653949782252e-03 9.373124688864e-03 1.001634728163e-02 1.048004534096e-02 7.036122493446e-03 9.278060868382e-03 1.159851904958e-02 1.229148637503e-02 1.273838430643e-02 1.187636330724e-02 1.176530402154e-02 8.401826024055e-03 1.317050959915e-02 1.163968537003e-02 8.026990108192e-03 1.490783505142e-02 1.728349924088e-02 1.818016171455e-02 2.060117945075e-02 2.489486522973e-02 2.749675884843e-02 2.587192133069e-02 1.983264088631e-02 1.481360476464e-02 1.587997376919e-02 1.793396659195e-02 2.005433849990e-02 2.210706658661e-02 2.392064966261e-02 2.520360052586e-02 2.526751533151e-02 2.374248951674e-02 2.510185912251e-02 2.729363925755e-02 3.014207631350e-02 3.661866113544e-02 4.211916401982e-02 4.188624396920e-02 3.859660029411e-02 1.962460577488e-02 3.244699910283e-02 3.688582032919e-02
4.323861561716e-03 6.692746188492e-03 8.650958538055e-03 1.052388921380e-02 7.799833081663e-03 1.020526699722e-02 1.028678100556e-02 1.282590255141e-02 1.357759255916e-02 1.403153594583e-02 1.301369443536e-02 1.078937575221e-02 9.127315133810e-03 1.393152121454e-02 8.885052055120e-03 1.162512414157e-02 1.366118807346e-02 1.576811447740e-02 1.640707068145e-02 1.497278641909e-02 1.567833498120e-02 1.644359529018e-02 1.752541214228e-02 1.533214282244e-02 1.562431640923e-02 1.640498638153e-02 1.752610132098e-02 1.947985589504e-02 2.128546684980e-02 2.266551740468e-02 2.317750453949e-02 2.232601866126e-02 2.118086814880e-02 2.371022850275e-02 2.482816204429e-02 2.662844024599e-02 3.349560871720e-02 4.066310077906e-02 4.887716099620e-02 4.560455307364e-02 4.163454100490e-02 4.176041111350e-02 6.547009944916e-02
