100/SI/f123_max.grd
DSAA
101	101
32.816463539100	34.260883539100
35.556306596100	36.727886596100
5.775904355687e-06	9.780728220940e-01
[rows 19 to 37 of 101, columns 0 to 42 of 101]
1.834152266383e-03 3.740675514564e-03 4.786331206560e-03 4.879775457084e-03 4.027216229588e-03 3.192384494469e-03 2.186489524320e-03 2.486037090421e-03 2.987939631566e-03 3.589828265831e-03 4.720986820757e-03 5.635704379529e-03 5.471141543239e-03 5.930057261139e-03 5.973029416054e-03 5.791421048343e-03 5.507542286068e-03 5.342788528651e-03 6.153867579997e-03 5.518953781575e-03 5.713265389204e-03 6.162353325635e-03 6.522849667817e-03 6.286435760558e-03 5.600590724498e-03 4.749969113618e-03 4.914853256196e-03 7.904813624918e-03 9.422501549125e-03 7.051299791783e-03 6.497167516500e-03 5.996742751449e-03 6.315048784018e-03 6.316197570413e-03 6.303324364126e-03 6.173840258271e-03 4.900614731014e-03 4.283274989575e-03 4.603641107678e-03 4.418337717652e-03 6.388665176928e-03 1.571794226766e-02 7.316161412746e-03
1.434864127077e-03 3.016211790964e-03 4.069632384926e-03 4.454575944692e-03 3.963069058955e-03 3.811532864347e-03 3.493851050735e-03 2.456682734191e-03 3.277495969087e-03 3.829774912447e-03 4.111287184060e-03 5.152510944754e-03 4.559047054499e-03 5.313841626048e-03 5.741377826780e-03 5.922494921833e-03 5.909601226449e-03 5.641442723572e-03 7.145338226110e-03 5.720386281610e-03 6.716216914356e-03 7.966289296746e-03 8.583941496909e-03 8.453860878944e-03 7.882938720286e-03 6.092607509345e-03 6.513549480587e-03 6.402485072613e-03 9.906440973282e-03 7.162468042225e-03 6.133473943919e-03 5.812165327370e-03 5.662224255502e-03 5.625821650028e-03 5.357734858990e-03 6.932470947504e-03 4.682679660618e-03 4.923950880766e-03 5.038317292929e-03 5.151514429599e-03 7.912354543805e-03 1.331130135804e-02 1.090207509696e-02
1.104119583033e-03 2.225215081125e-03 3.076886059716e-03 3.543494036421e-03 3.346014069393e-03 2.914878539741e-03 3.599645802751e-03 3.557125106454e-03 4.064735025167e-03 4.847113974392e-03 5.588168278337e-03 7.362276781350e-03 8.825506083667e-03 8.072289638221e-03 5.491541698575e-03 5.301851313561e-03 5.600361153483e-03 5.878933705389e-03 1.041143666953e-02 8.293996565044e-03 6.243549752980e-03 9.688078425825e-03 1.026624068618e-02 1.137304771692e-02 9.310567751527e-03 8.239550516009e-03 8.142392151058e-03 5.074921529740e-03 9.327945299447e-03 6.604880094528e-03 5.084083415568e-03 5.320605356246e-03 6.285745184869e-03 5.117092281580e-03 5.601897835732e-03 7.338174618781e-03 5.843664519489e-03 5.227118264884e-03 5.444762296975e-03 5.835809279233e-03 9.224691428244e-03 9.539312683046e-03 1.447239983827e-02
1.496446202509e-03 2.688494278118e-03 2.588742878288e-03 2.711749169976e-03 3.173901000991e-03 4.015599377453e-03 4.688052460551e-03 5.608845967799e-03 6.810865364969e-03 8.558939211071e-03 1.089338120073e-02 1.365936174989e-02 1.534263323992e-02 1.332436315715e-02 8.375293575227e-03 5.100084003061e-03 7.038722280413e-03 9.885672479868e-03 1.250299997628e-02 1.017204858363e-02 8.029644377530e-03 1.051906123757e-02 1.119040790945e-02 1.277239434421e-02 9.260629303753e-03 9.385351091623e-03 9.675127454102e-03 6.044639740139e-03 7.624332793057e-03 5.470610223711e-03 5.152067169547e-03 5.102769937366e-03 6.523375865072e-03 6.597836967558e-03 6.560761015862e-03 6.232479121536e-03 8.220940828323e-03 5.797041580081e-03 5.854314193130e-03 6.407755427063e-03 1.028058957309e-02 8.913564495742e-03 1.680977456272e-02
1.453776611015e-03 2.997642848641e-03 3.253764938563e-03 3.117895917967e-03 3.979598637670e-03 5.404447671026e-03 5.921760573983e-03 6.260660011321e-03 6.936892401427e-03 8.028999902308e-03 9.690506383777e-03 1.104930415750e-02 1.131317950785e-02 9.676666930318e-03 7.093822117895e-03 6.279990542680e-03 6.853140424937e-03 9.312576614320e-03 1.239797752351e-02 7.819900289178e-03 7.533508818597e-03 1.060756668448e-02 1.117434259504e-02 1.224675867707e-02 9.779306128621e-03 9.355304762721e-03 1.091126631945e-02 9.352659806609e-03 9.447727352381e-03 8.056654594839e-03 6.968260277063e-03 1.018526777625e-02 9.509448893368e-03 7.126609794796e-03 6.939169019461e-03 6.874139420688e-03 9.118505753577e-03 6.681699305773e-03 6.400146521628e-03 6.764910649508e-03 1.087162457407e-02 9.035835973918e-03 1.717516593635e-02
2.865623682737e-03 4.946899134666e-03 3.218847559765e-03 3.206329187378e-03 3.626356832683e-03 4.705824889243e-03 5.326015874743e-03 5.269499029964e-03 5.238573998213e-03 5.451141390949e-03 5.764051340520e-03 6.105142179877e-03 5.816161166877e-03 6.372732575983e-03 6.449917331338e-03 5.776421632618e-03 5.783762317151e-03 1.068081893027e-02 1.220808457583e-02 6.480959709734e-03 6.596791557968e-03 9.821885265410e-03 1.060299295932e-02 1.043383870274e-02 9.523574262857e-03 8.559653535485e-03 1.175209879875e-02 1.033766660839e-02 8.540208451450e-03 8.259106427431e-03 8.204184472561e-03 1.312891952693e-02 1.952593587339e-02 1.856333948672e-02 1.677852869034e-02 1.598794944584e-02 1.658557914197e-02 1.027385704219e-02 8.714632131159e-03 7.251755334437e-03 1.112158969045e-02 8.726567029953e-03 1.520894654095e-02
5.312352441251e-03 1.125757303089e-02 1.159396674484e-02 1.016381662339e-02 6.347833666950e-03 3.653355175629e-03 3.582008415833e-03 3.756166435778e-03 4.039973020554e-03 5.223431158811e-03 6.261770147830e-03 6.997489370406e-03 7.222097832710e-03 6.922101601958e-03 6.296240724623e-03 6.572422571480e-03 6.911908276379e-03 1.040587760508e-02 1.024776045233e-02 6.014504469931e-03 6.587502080947e-03 8.014878258109e-03 9.168433025479e-03 8.639060892165e-03 9.771399199963e-03 9.420022368431e-03 1.219973340631e-02 1.291261240840e-02 1.371791120619e-02 1.227104756981e-02 9.248981252313e-03 7.817913778126e-03 1.583569496870e-02 1.727247051895e-02 1.900664530694e-02 2.295353449881e-02 2.864013426006e-02 1.744781807065e-02 1.286989822984e-02 1.092949882150e-02 1.092163193971e-02 8.140659891069e-03 1.139141619205e-02
5.669747944921e-03 1.222831103951e-02 1.412036921829e-02 1.667085848749e-02 1.824951916933e-02 1.583055034280e-02 8.873109705746e-03 4.866947885603e-03 6.639458704740e-03 7.752365898341e-03 7.960597984493e-03 7.527102250606e-03 7.062026765198e-03 9.509249590337e-03 1.047360245138e-02 1.039645355195e-02 1.023445650935e-02 9.956644847989e-03 9.836938232183e-03 9.504730813205e-03 9.291321970522e-03 9.290753863752e-03 9.012927301228e-03 1.130495592952e-02 1.360969338566e-02 1.176778227091e-02 1.331651676446e-02 1.708362996578e-02 1.725774630904e-02 1.531569100916e-02 1.142444089055e-02 8.525595068932e-03 9.252266958356e-03 1.444174442440e-02 2.153341658413e-02 1.896721683443e-02 1.938986778259e-02 1.465690787882e-02 1.569965668023e-02 1.598858460784e-02 1.300515700132e-02 8.295843377709e-03 1.012822054327e-02
3.637774381787e-03 8.031487464905e-03 9.347509592772e-03 1.148319337517e-02 1.494690775871e-02 1.965144090354e-02 2.220003865659e-02 1.726301945746e-02 9.013516828418e-03 8.389351889491e-03 7.467112038285e-03 9.633928537369e-03 1.135607250035e-02 1.182321365923e-02 1.123273652047e-02 1.122518908232e-02 1.111158728600e-02 1.078177429736e-02 1.129739917815e-02 1.140294596553e-02 1.172126457095e-02 1.273645367473e-02 1.204570755363e-02 1.109530590475e-02 1.073909271508e-02 1.385510899127e-02 1.327067706734e-02 1.641292311251e-02 1.803877204657e-02 1.617510616779e-02 1.207237876952e-02 1.302078738809e-02 1.678586751223e-02 2.246144972742e-02 2.679860778153e-02 1.941267773509e-02 1.376623287797e-02 1.149750594050e-02 1.409765053540e-02 1.806866936386e-02 1.972394622862e-02 1.339417230338e-02 1.001905091107e-02
2.500758506358e-03 4.909563809633e-03 6.104228086770e-03 5.621636286378e-03 6.511184852570e-03 9.748968295753e-03 1.523914840072e-02 2.065805718303e-02 2.059517987072e-02 1.416476257145e-02 1.076097507030e-02 1.135336887091e-02 1.150379143655e-02 1.098480075598e-02 1.079678349197e-02 1.061767153442e-02 1.006941776723e-02 1.080461591482e-02 1.108774170280e-02 1.150162145495e-02 1.219262648374e-02 1.177076622844e-02 1.131786126643e-02 1.117930747569e-02 1.100198738277e-02 1.082476880401e-02 1.141064241529e-02 1.275752577931e-02 1.532154623419e-02 1.592807658017e-02 1.246756222099e-02 1.509444229305e-02 1.817842759192e-02 2.065222337842e-02 2.000911161304e-02 1.253947801888e-02 1.339178252965e-02 1.545519661158e-02 1.665632613003e-02 1.490434445441e-02 2.210547961295e-02 2.246824093163e-02 1.251615304500e-02
2.904474269599e-03 5.716799758375e-03 5.651780404150e-03 6.941437721252e-03 5.698692053556e-03 4.948217421770e-03 5.851745139807e-03 1.075261738151e-02 1.723884604871e-02 2.001830004156e-02 1.629921235144e-02 1.084357965738e-02 1.030073128641e-02 1.007155422121e-02 9.421753697097e-03 9.153856895864e-03 9.447590447962e-03 1.037195324898e-02 9.995207190514e-03 9.981112554669e-03 9.012633934617e-03 7.388561032712e-03 9.513391181827e-03 8.443836122751e-03 1.275485847145e-02 1.127164904028e-02 1.290991809219e-02 1.425136625767e-02 1.187531463802e-02 1.284211128950e-02 1.438535563648e-02 1.550623588264e-02 1.311525050551e-02 1.628407835960e-02 1.199977844954e-02 1.033007726073e-02 1.352132577449e-02 1.870743371546e-02 2.237947098911e-02 2.115550078452e-02 1.791471429169e-02 2.780196629465e-02 2.091488428414e-02
3.756196238101e-03 7.221065927297e-03 6.714102812111e-03 6.864027120173e-03 7.654040586203e-03 5.774487741292e-03 8.024711161852e-03 9.746200405061e-03 1.076864823699e-02 1.509551890194e-02 1.942101307213e-02 1.759564131498e-02 1.076177600771e-02 8.638957515359e-03 8.501577191055e-03 8.701237849891e-03 9.009287692606e-03 8.902416564524e-03 9.513384662569e-03 9.256128221750e-03 8.071273565292e-03 6.784842815250e-03 7.296911440790e-03 1.156973186880e-02 1.725853234529e-02 2.324172109365e-02 2.792513743043e-02 2.274247445166e-02 1.527777127922e-02 1.428229082376e-02 1.773129589856e-02 1.237258687615e-02 9.271784685552e-03 2.029488794506e-02 8.577826432884e-03 1.199544407427e-02 1.120336353779e-02 1.574702933431e-02 2.289516106248e-02 2.460080944002e-02 2.113591320813e-02 2.344769984484e-02 3.176607936621e-02
3.414876293391e-03 7.464796304703e-03 7.892807945609e-03 7.713069673628e-03 8.097805082798e-03 8.233842439950e-03 9.868376888335e-03 1.036793645471e-02 1.029373705387e-02 9.725380688906e-03 1.352347899228e-02 1.925306767225e-02 1.877641305327e-02 1.294286269695e-02 8.153388276696e-03 8.138467557728e-03 7.847446948290e-03 7.204414345324e-03 9.647650644183e-03 1.004199497402e-02 1.020947843790e-02 8.467038162053e-03 7.780384272337e-03 1.432593539357e-02 2.431758865714e-02 3.584708273411e-02 4.207561537623e-02 4.023092240095e-02 2.622888423502e-02 1.648985780776e-02 1.910125836730e-02 1.593122631311e-02 1.487521268427e-02 2.480786480010e-02 1.291348692030e-02 2.470264583826e-02 1.786898449063e-02 1.294739544392e-02 1.751941256225e-02 2.517247945070e-02 2.577196434140e-02 2.173152752221e-02 3.412185236812e-02
4.196153488010e-03 8.544947952032e-03 8.646218106151e-03 8.398347534239e-03 8.689804002643e-03 9.845436550677e-03 9.914580732584e-03 1.002222299576e-02 9.210903197527e-03 8.489866741002e-03 8.206122554839e-03 1.164574455470e-02 1.868413388729e-02 1.967735029757e-02 1.489779911935e-02 7.135779131204e-03 6.587341427803e-03 7.380438037217e-03 8.579134941101e-03 1.374200452119e-02 1.242843829095e-02 1.139422878623e-02 1.044163014740e-02 1.429350115359e-02 2.486000955105e-02 3.547205775976e-02 4.827819392085e-02 5.656527355313e-02 4.721425473690e-02 2.287366427481e-02 2.053129486740e-02 2.230774797499e-02 2.130745165050e-02 2.936306595802e-02 1.633185334504e-02 3.307283297181e-02 2.739176526666e-02 1.800360158086e-02 1.666443049908e-02 2.390072122216e-02 5.124679580331e-02 2.600834704936e-02 2.787152677774e-02
5.558134056628e-03 1.045849546790e-02 9.628023952246e-03 1.028188597411e-02 1.091600675136e-02 1.153724920005e-02 1.225487701595e-02 1.274993643165e-02 1.303325500339e-02 1.308137923479e-02 1.269236300141e-02 1.226403657347e-02 1.173650752753e-02 1.727307587862e-02 2.003201656044e-02 1.667310670018e-02 8.341247215867e-03 7.635350339115e-03 8.313536643982e-03 1.313965488225e-02 1.393290795386e-02 1.255590468645e-02 1.151164621115e-02 1.221917197108e-02 2.057841978967e-02 3.060816787183e-02 4.739351943135e-02 6.620012223721e-02 6.256354600191e-02 3.816976770759e-02 2.941372431815e-02 3.712058439851e-02 3.990880772471e-02 3.689318150282e-02 3.061381354928e-02 3.566990420222e-02 3.396528586745e-02 2.620484679937e-02 3.005524165928e-02 2.677253633738e-02 7.339840382338e-02 5.991959199309e-02 1.634569093585e-02
5.700157955289e-03 1.184700243175e-02 1.182737108320e-02 1.146821677685e-02 1.010844297707e-02 8.999427780509e-03 8.573518134654e-03 9.483129717410e-03 1.050770375878e-02 1.171657443047e-02 1.306367572397e-02 1.463647000492e-02 1.613113842905e-02 2.552937902510e-02 2.612307667732e-02 1.983691565692e-02 1.874008774757e-02 1.784229092300e-02 1.662511378527e-02 1.524526812136e-02 1.375438179821e-02 1.191663462669e-02 1.305252220482e-02 1.269302610308e-02 1.405269745737e-02 2.315539307892e-02 3.412207961082e-02 5.397277697921e-02 6.859016418457e-02 4.758602753282e-02 2.260952815413e-02 2.320406213403e-02 3.412737324834e-02 4.536477476358e-02 5.046090483665e-02 4.688118025661e-02 3.389748185873e-02 2.841795980930e-02 2.141626738012e-02 3.098488599062e-02 7.687387615442e-02 9.203161299229e-02 2.499195188284e-02
4.774505272508e-03 9.626507759094e-03 1.018966175616e-02 1.110807713121e-02 1.166453678161e-02 1.127286069095e-02 9.462581947446e-03 8.174000307918e-03 8.222277276218e-03 8.222423493862e-03 8.179103024304e-03 8.005678653717e-03 7.755535654724e-03 9.795730933547e-03 1.469969376922e-02 1.610512845218e-02 1.932931505144e-02 1.865756325424e-02 1.526632439345e-02 1.689809560776e-02 1.787930168211e-02 1.845741458237e-02 1.914656907320e-02 1.999619603157e-02 1.922632008791e-02 1.536901015788e-02 2.298267558217e-02 4.086364805698e-02 5.774853378534e-02 4.246737062931e-02 2.133948355913e-02 1.498724799603e-02 1.319478359073e-02 2.214007265866e-02 2.665087021887e-02 4.338423907757e-02 5.516171082854e-02 5.108205229044e-02 3.185760229826e-02 3.444245085120e-02 4.951578378677e-02 1.094982996583e-01 3.992600366473e-02
3.861223580316e-03 7.466139271855e-03 7.438054308295e-03 7.124645169824e-03 7.393308915198e-03 8.274806663394e-03 8.645449765027e-03 8.508617058396e-03 7.234526798129e-03 7.779212668538e-03 8.455308154225e-03 9.140826761723e-03 9.773684665561e-03 1.040706969798e-02 1.105299964547e-02 1.161327213049e-02 1.210216991603e-02 1.815144717693e-02 1.932808756828e-02 2.488086931407e-02 1.950006373227e-02 1.610550843179e-02 1.535705383867e-02 1.503801904619e-02 1.507830899209e-02 1.717173121870e-02 2.287573553622e-02 2.615315839648e-02 3.689654543996e-02 3.014781326056e-02 1.533583551645e-02 1.809659413993e-02 1.348949596286e-02 1.782900840044e-02 2.090418152511e-02 2.533267624676e-02 2.557578869164e-02 4.282176494598e-02 6.058816239238e-02 4.917064681649e-02 4.348171129823e-02 8.992163836956e-02 8.115437626839e-02
2.434762660414e-03 4.907680675387e-03 4.832495003939e-03 4.747357219458e-03 5.392063409090e-03 6.297222338617e-03 6.896732840687e-03 7.230458315462e-03 7.343221921474e-03 6.764564663172e-03 6.383216008544e-03 6.626398768276e-03 7.008359301835e-03 7.115057669580e-03 7.215699646622e-03 9.562365710735e-03 1.065018214285e-02 1.435489580035e-02 2.713612094522e-02 2.838705480099e-02 2.510008029640e-02 2.138272672892e-02 2.499359287322e-02 2.991153486073e-02 2.106168121099e-02 2.430778928101e-02 2.369572035968e-02 2.204412966967e-02 2.290863171220e-02 3.034459240735e-02 2.848609536886e-02 1.791482605040e-02 1.856403611600e-02 1.960219070315e-02 2.117880620062e-02 2.219215035439e-02 2.280243858695e-02 2.936755493283e-02 4.280504211783e-02 5.002098903060e-02 5.979925766587e-02 7.988143712282e-02 6.665081530809e-02
