100/SI/f123_max.grd
DSAA
101	101
32.816463539100	34.260883539100
35.556306596100	36.727886596100
5.775904355687e-06	9.780728220940e-01
[rows 76 to 94 of 101, columns 0 to 42 of 101]
6.160936027300e-05 8.913524652598e-05 1.174139615614e-04 1.390521647409e-04 1.494531461503e-04 1.504388201283e-04 1.453697477700e-04 1.372879196424e-04 1.280905707972e-04 1.370644022245e-04 1.550379820401e-04 1.859625044744e-04 2.202882751590e-04 2.423148253001e-04 2.467551676091e-04 2.395407063887e-04 2.181349700550e-04 2.317809266970e-04 2.386869309703e-04 2.551617508288e-04 3.518740704749e-04 3.439647553023e-04 2.267708478030e-04 2.462684642524e-04 2.282895584358e-04 2.090730122291e-04 2.148756757379e-04 2.389685978414e-04 2.684746286832e-04 2.838351647370e-04 2.733400033321e-04 2.574214304332e-04 2.502191928215e-04 2.478492388036e-04 2.728110412136e-04 3.267831634730e-04 6.310602184385e-04 7.530833827332e-04 7.089306018315e-04 5.001815734431e-04 4.980611265637e-04 8.232003892772e-04 1.436117221601e-03
6.203882367117e-05 1.003285797196e-04 1.331921521341e-04 1.536562631372e-04 1.618353271624e-04 1.610518665984e-04 1.547054416733e-04 1.453064614907e-04 1.495538890595e-04 1.661023416091e-04 1.912245061249e-04 2.261661575176e-04 2.585050242487e-04 2.742822689470e-04 2.700723125599e-04 2.505181764718e-04 2.134013921022e-04 2.189438091591e-04 2.199206501245e-04 1.958475477295e-04 2.007310395129e-04 2.102221042151e-04 1.847890089266e-04 2.219866728410e-04 2.351517468924e-04 2.157309936592e-04 2.330192655791e-04 2.806769625749e-04 3.115740255453e-04 3.152009740006e-04 2.940568083432e-04 2.698427997530e-04 2.678665623534e-04 2.595125115477e-04 3.157300525345e-04 3.423889866099e-04 5.655449349433e-04 6.321756518446e-04 6.983932107687e-04 7.900338387117e-04 1.637217821553e-03 2.139879157767e-03 2.029378199950e-03
6.607431714656e-05 1.054173189914e-04 1.373324339511e-04 1.554287737235e-04 1.612235209905e-04 1.585653662914e-04 1.505280088168e-04 1.626986195333e-04 1.834143768065e-04 2.052900090348e-04 2.335643075639e-04 2.633923431858e-04 2.826974377967e-04 2.822050591931e-04 2.620359300636e-04 2.275523584103e-04 1.807802327676e-04 1.894170563901e-04 1.834908180172e-04 1.609525206732e-04 1.474097371101e-04 1.653963699937e-04 1.995788625209e-04 2.660294994712e-04 2.801166847348e-04 2.539956476539e-04 3.117033629678e-04 3.381532733329e-04 3.458625287749e-04 3.382447757758e-04 3.162519424222e-04 2.931292692665e-04 2.791273000184e-04 3.175885940436e-04 4.094433388673e-04 5.333614535630e-04 7.023445796221e-04 8.729278342798e-04 7.377117290162e-04 1.922677503899e-03 2.221334958449e-03 2.145588863641e-03 2.120135584846e-03
5.968853292870e-05 9.435646643396e-05 1.216640957864e-04 1.363236224279e-04 1.400522887707e-04 1.362005423289e-04 1.546104904264e-04 1.760209270287e-04 1.931856677402e-04 2.102471044054e-04 2.281679044245e-04 2.414814953227e-04 2.430040331092e-04 2.287896932103e-04 2.020861720666e-04 1.690188364591e-04 1.570712047396e-04 1.515025796834e-04 1.415861042915e-04 1.319012953900e-04 1.363916089758e-04 1.518415374449e-04 2.394612820353e-04 3.257771895733e-04 3.523151099216e-04 3.708914155141e-04 3.827760519926e-04 3.857247938868e-04 3.633459564298e-04 3.416414547246e-04 3.232523158658e-04 3.068484074902e-04 3.407832118683e-04 4.023397923447e-04 5.133843515068e-04 5.918499082327e-04 5.772782023996e-04 9.446709300391e-04 1.108627184294e-03 1.645131269470e-03 1.906805089675e-03 1.897208625451e-03 1.943283714354e-03
4.910038478556e-05 7.862009078963e-05 9.585227235220e-05 1.053656669683e-04 1.081735099433e-04 1.244708837476e-04 1.430052216165e-04 1.544320111861e-04 1.597345108166e-04 1.644637522986e-04 1.699553104118e-04 1.732223026920e-04 1.698720152490e-04 1.572233450133e-04 1.608946913620e-04 1.646489254199e-04 1.628459431231e-04 1.544398401165e-04 1.412654673913e-04 1.296729897149e-04 1.283039309783e-04 1.577135990374e-04 2.695258008316e-04 3.705032577273e-04 4.200286348350e-04 4.464022640605e-04 4.500762734096e-04 4.629534087144e-04 4.509959253483e-04 3.884010366164e-04 3.343501593918e-04 3.195821191184e-04 3.747088776436e-04 4.080523503944e-04 4.318652499933e-04 4.677569377236e-04 6.218025228009e-04 9.114816202782e-04 1.204182859510e-03 1.227033557370e-03 1.918726833537e-03 2.316750120372e-03 1.819198485464e-03
6.721079989802e-05 1.012036809698e-04 1.224519073730e-04 1.325219054706e-04 1.380407629767e-04 1.405560178682e-04 1.414125872543e-04 1.405281363986e-04 1.378860324621e-04 1.342231989838e-04 1.387284719385e-04 1.507555280114e-04 1.612048945390e-04 1.702348963590e-04 1.765864290064e-04 1.781573082553e-04 1.731118682073e-04 1.609063619981e-04 1.458775514038e-04 1.424492220394e-04 1.359129964840e-04 1.699408458080e-04 2.775732136797e-04 3.821571881417e-04 9.528364171274e-04 2.814619103447e-03 2.994538750499e-03 1.349683967419e-03 7.847831584513e-04 6.191735155880e-04 4.401140613481e-04 3.391591890249e-04 3.965790965594e-04 5.206466885284e-04 4.186654405203e-04 5.071855266578e-04 5.621603340842e-04 9.408552432433e-04 1.643343362957e-03 1.613048603758e-03 1.787694985978e-03 2.372762653977e-03 3.268474014476e-03
9.505950583844e-05 1.396990701323e-04 1.675238308962e-04 1.819191093091e-04 1.859567273641e-04 1.849430263974e-04 1.812569535105e-04 1.756167184794e-04 1.684409216978e-04 1.610043109395e-04 1.892778091133e-04 2.174447872676e-04 2.418852964183e-04 2.586122718640e-04 2.642144099809e-04 2.570868527982e-04 2.373450988671e-04 2.064409054583e-04 1.928177953232e-04 1.832397247199e-04 1.714296959108e-04 2.002085675485e-04 2.774396270979e-04 6.250478327274e-04 2.635996090248e-03 7.576894015074e-03 8.281620219350e-03 4.167463164777e-03 1.808203523979e-03 8.870856836438e-04 5.734279984608e-04 4.351842217147e-04 3.875697148032e-04 5.547251785174e-04 5.972879589535e-04 6.197026232257e-04 5.549327470362e-04 8.477722876705e-04 1.937040477060e-03 2.910967916250e-03 1.922414870933e-03 1.869295490906e-03 4.150011576712e-03
1.193196658278e-04 1.703617599560e-04 2.038278762484e-04 2.167918719351e-04 2.162462769775e-04 2.091658097925e-04 1.990019663936e-04 1.936513290275e-04 2.258716995129e-04 2.755324530881e-04 3.267848223913e-04 3.751876356546e-04 4.163648991380e-04 4.488121194299e-04 4.711567889899e-04 4.791867395397e-04 4.667473549489e-04 4.266593896318e-04 3.520551254041e-04 2.639825688675e-04 2.438041265123e-04 2.487238089088e-04 5.492697819136e-04 9.944207267836e-04 2.870073309168e-03 2.352753840387e-02 4.418548569083e-02 9.630835615098e-03 4.228272009641e-03 1.512027112767e-03 7.007738458924e-04 5.382418166846e-04 5.142851732671e-04 7.147713913582e-04 8.591660298407e-04 8.381772786379e-04 6.926973583177e-04 1.031133695506e-03 1.631055376492e-03 3.571694716811e-03 3.591066692024e-03 1.791620510630e-03 4.311479628086e-03
1.268579071620e-04 1.774436968844e-04 2.073760842904e-04 2.145512116840e-04 2.073017531075e-04 2.158176794183e-04 2.385176194366e-04 2.535599342082e-04 3.018639108632e-04 3.715990169439e-04 4.443241632544e-04 5.133582162671e-04 5.739161861129e-04 6.279156077653e-04 6.797235691920e-04 7.288018823601e-04 7.616108050570e-04 7.484204834327e-04 6.488964427263e-04 4.662534629460e-04 3.603073710110e-04 5.150622455403e-04 9.073212859221e-04 1.287164865062e-03 5.630182567984e-03 1.350797526538e-02 1.732139661908e-02 5.255540367216e-03 2.005752176046e-03 1.196910394356e-03 1.027542864904e-03 1.258257660083e-03 1.623953692615e-03 1.505570951849e-03 1.077001681551e-03 1.074068364687e-03 9.003350278363e-04 1.051441649906e-03 1.153908786364e-03 2.346128690988e-03 3.119278931990e-03 2.024717163295e-03 7.523464970291e-03
1.731624506647e-04 2.742197539192e-04 3.457239654381e-04 3.863946476486e-04 4.090729926247e-04 4.178549861535e-04 4.137735231780e-04 3.985970397480e-04 3.752707561944e-04 3.846800536849e-04 4.642886342481e-04 5.445131682791e-04 6.206755060703e-04 6.937875878066e-04 7.718418492004e-04 8.638368453830e-04 9.532717522234e-04 9.863226441666e-04 8.891420438886e-04 8.509075269103e-04 8.110975613818e-04 8.755359449424e-04 1.126690185629e-03 1.530868466944e-03 2.905654022470e-03 1.065522083081e-03 8.416255004704e-04 8.412966853939e-04 9.341447730549e-04 9.918438736349e-04 1.098022330552e-03 7.844117470086e-03 5.191658157855e-03 4.042151849717e-03 2.435581060126e-03 3.577267285436e-03 3.290566615760e-03 1.546222716570e-03 1.211782102473e-03 1.447246060707e-03 2.156397327781e-03 5.724482238293e-03 8.696485310793e-03
3.175940073561e-04 4.936503828503e-04 6.047324277461e-04 6.498170550913e-04 6.571211270057e-04 6.407443434000e-04 6.078984588385e-04 5.648327642120e-04 5.266974330880e-04 5.469801835716e-04 5.616003181785e-04 5.668569938280e-04 5.947149475105e-04 6.753652123734e-04 7.516687619500e-04 8.374966564588e-04 9.225389221683e-04 1.378056593239e-03 1.780090038665e-03 1.792370690964e-03 1.829692861065e-03 1.809930312447e-03 1.323366304860e-03 1.589368446730e-03 7.862522616051e-04 5.945482407697e-04 5.478249513544e-04 4.748640058096e-04 5.366091500036e-04 7.500543724746e-04 1.723166555166e-03 9.322919882834e-03 6.676084361970e-03 4.459680989385e-03 3.904781537130e-03 8.290714584291e-03 7.908844389021e-03 3.574194153771e-03 2.680306090042e-03 2.473643282428e-03 3.190950956196e-03 5.397837143391e-03 9.687891229987e-03
4.551981692202e-04 6.926681962796e-04 8.152109803632e-04 8.380914805457e-04 1.026857993565e-03 1.104701659642e-03 1.086437609047e-03 1.013197354041e-03 9.142365888692e-04 8.284011855721e-04 8.380045183003e-04 8.207703358494e-04 8.623610483482e-04 9.945927886292e-04 1.089685130864e-03 1.176045392640e-03 1.380421337672e-03 1.503200503066e-03 1.354858395644e-03 1.548869069666e-03 1.624156488106e-03 1.325058052316e-03 1.083809067495e-03 6.192967994139e-04 5.444225389510e-04 4.240466805641e-04 3.516482829582e-04 2.823265385814e-04 2.580270520411e-04 4.600622050930e-04 7.338769501075e-04 3.961062058806e-03 5.149348173290e-03 7.732820231467e-03 8.210831321776e-03 1.073460560292e-02 7.557585369796e-03 3.538475604728e-03 5.565042607486e-03 5.624372977763e-03 3.972277510911e-03 5.213589873165e-03 1.669669710100e-02
5.332918372005e-04 8.035388891585e-04 9.294094052166e-04 1.038003363647e-03 1.259195967577e-03 1.344841672108e-03 1.314842607826e-03 1.218554563820e-03 1.089187804610e-03 9.503187029622e-04 8.435989730060e-04 9.282484534197e-04 1.073870575055e-03 1.233043498360e-03 1.340682036243e-03 1.376497792080e-03 1.290980144404e-03 1.061709597707e-03 8.394061587751e-04 7.262948201969e-04 6.185550009832e-04 4.339792940300e-04 3.871122607961e-04 3.703146940097e-04 3.298567899037e-04 2.691344125196e-04 2.075586526189e-04 1.965175470104e-04 2.505302545615e-04 3.789191541728e-04 5.449358141050e-04 2.191127045080e-03 2.357552060857e-03 4.527935292572e-03 5.253860261291e-03 1.216235477477e-02 1.068291720003e-02 5.605315789580e-03 5.104746669531e-03 2.224304713309e-02 5.231311917305e-02 1.357791293412e-02 8.342068642378e-03
3.976447042078e-04 5.934094078839e-04 6.779874092899e-04 6.870404467918e-04 8.204546174966e-04 8.673708653077e-04 8.431206224486e-04 7.785275229253e-04 6.935299606994e-04 6.035646074452e-04 5.595798138529e-04 6.020618020557e-04 6.252570892684e-04 6.293624173850e-04 6.205741083249e-04 6.300302920863e-04 5.652217078023e-04 4.519000358414e-04 5.262307240628e-04 4.960235091858e-04 3.951090911869e-04 2.887340669986e-04 2.703024365474e-04 2.410345186945e-04 2.015978679992e-04 1.585295976838e-04 1.809600944398e-04 2.515817759559e-04 3.152099088766e-04 6.447532796301e-04 8.155922405422e-04 1.222616177984e-03 2.137002069503e-03 1.584590063430e-03 1.368835219182e-03 1.662521040998e-03 1.038986351341e-02 6.019018124789e-03 4.641782492399e-03 2.970983088017e-02 6.557934731245e-02 7.210806477815e-03 2.601404907182e-03
1.880857307697e-04 2.777761255857e-04 3.275550843682e-04 3.722780384123e-04 3.896909474861e-04 4.050506977364e-04 4.090152215213e-04 3.876745759044e-04 3.687367716338e-04 3.635967732407e-04 3.569794353098e-04 3.281348617747e-04 3.353006904945e-04 3.447190392762e-04 3.420335124247e-04 3.236140473746e-04 4.358167061582e-04 5.566405015998e-04 5.246194195934e-04 3.926068020519e-04 2.504444855731e-04 1.822367048590e-04 1.652396749705e-04 1.431682758266e-04 1.193696662085e-04 1.842472265707e-04 2.837222418748e-04 3.787480236497e-04 5.215291748755e-04 8.456147625111e-04 1.165071153082e-03 1.571752713062e-03 1.824120874517e-03 1.583936158568e-03 9.368467144668e-04 1.092614722438e-03 2.114020986483e-03 5.328165832907e-03 8.771440014243e-03 9.171227924526e-03 4.855609033257e-03 1.858135568909e-03 1.734390156344e-03
1.248360058526e-04 1.818323653424e-04 2.305288071511e-04 2.604325127322e-04 2.721550117712e-04 2.709131513257e-04 2.643317275215e-04 2.517609391361e-04 2.368930872763e-04 2.211790706497e-04 2.050756738754e-04 1.890079583973e-04 1.735999248922e-04 1.710211654427e-04 1.688629708951e-04 2.375033946009e-04 4.047199327033e-04 4.788607766386e-04 4.098734061699e-04 2.825150440913e-04 1.719836145639e-04 1.098949214793e-04 1.104578477680e-04 1.208976682392e-04 1.645235315664e-04 2.797198540065e-04 4.217146488372e-04 5.926709854975e-04 8.426696294919e-04 1.151338103227e-03 1.723525812849e-03 1.778732519597e-03 1.630337443203e-03 8.756921160966e-04 6.659028003924e-04 9.068338549696e-04 1.092391437851e-03 4.142368678004e-03 1.030132733285e-02 5.917539820075e-03 3.539941972122e-03 1.585762482136e-03 1.505276770331e-03
8.711433474673e-05 1.261285215151e-04 1.577345683472e-04 1.773340336513e-04 1.861427736003e-04 1.872507127700e-04 1.832065609051e-04 1.756532583386e-04 1.657274115132e-04 1.539904769743e-04 1.411054690834e-04 1.274100213777e-04 1.359974558000e-04 1.367771328660e-04 1.262627920369e-04 1.407413801644e-04 2.520708367229e-04 3.137274470646e-04 2.931787457783e-04 2.293985162396e-04 1.620607217774e-04 1.089488869184e-04 1.182296473416e-04 1.358578592772e-04 2.324020024389e-04 5.147923948243e-04 1.098360167816e-03 1.015255809762e-03 8.376143523492e-04 1.552842208184e-03 2.114254282787e-03 1.812816946767e-03 1.316603505984e-03 6.095622084104e-04 6.548567907885e-04 9.012707741931e-04 1.250138157047e-03 4.476766102016e-03 7.550280075520e-03 3.551088273525e-03 2.058867830783e-03 1.265700790100e-03 1.136587234214e-03
5.845844862051e-05 8.386050467379e-05 1.040050847223e-04 1.162890694104e-04 1.216956516146e-04 1.222583086928e-04 1.194037104142e-04 1.140487802331e-04 1.067355042323e-04 9.792190394364e-05 9.729572775541e-05 1.093469181797e-04 1.140909298556e-04 1.091086014640e-04 1.038198388414e-04 1.187730085803e-04 1.319257862633e-04 1.602575503057e-04 1.832809211919e-04 1.769043738022e-04 1.505840045866e-04 1.189787290059e-04 1.262486330234e-04 1.735537516652e-04 3.024386533070e-04 8.956295205280e-04 1.279768650420e-03 7.622935227118e-04 8.525889716111e-04 1.641883747652e-03 2.222375245765e-03 1.759639708325e-03 1.223190221936e-03 8.395122131333e-04 9.310725145042e-04 9.006105246954e-04 1.939524780028e-03 7.773369550705e-03 5.646677687764e-03 1.480268430896e-03 2.964408835396e-03 1.289022853598e-03 8.787582046352e-04
3.452117016423e-05 4.907944821753e-05 6.042291715858e-05 6.712247704854e-05 6.981631304370e-05 6.969321111683e-05 6.755015056115e-05 6.389548070729e-05 6.128154200269e-05 7.477608596673e-05 8.748743130127e-05 9.581218182575e-05 9.650887659518e-05 1.060021022568e-04 1.225990563398e-04 1.394028367940e-04 1.540799421491e-04 1.636378292460e-04 1.651575876167e-04 1.575304340804e-04 1.436162128812e-04 1.337103894912e-04 1.486557302997e-04 2.162615564885e-04 3.647289704531e-04 1.003522891551e-03 1.057034474798e-03 8.395558106713e-04 7.638646056876e-04 1.468516769819e-03 2.057446399704e-03 1.602785661817e-03 1.562795834616e-03 1.054797670804e-03 1.121459412389e-03 8.064497960731e-04 1.853465335444e-03 4.969960544258e-03 2.447323873639e-03 1.737016253173e-03 3.928584977984e-03 1.269054715522e-03 6.722706602886e-04
