100/SI/f123_max.grd
DSAA
101	101
32.816463539100	34.260883539100
35.556306596100	36.727886596100
5.775904355687e-06	9.780728220940e-01
[rows 38 to 56 of 101, columns 43 to 85 of 101]
5.917346850038e-02 9.178921580315e-02 9.852977842093e-02 5.776092037559e-02 9.765634685755e-02 4.773741215467e-02 4.888819158077e-02 6.634871661663e-02 5.642063915730e-02 4.527295753360e-02 6.675141304731e-02 3.461126983166e-02 3.826077654958e-02 3.239338845015e-02 5.020011216402e-02 3.656629100442e-02 3.941609710455e-02 2.256195247173e-02 3.071339242160e-02 4.654632136226e-02 4.737399518490e-02 3.627326712012e-02 2.499980665743e-02 1.978411339223e-02 1.702485606074e-02 1.523182913661e-02 1.429526507854e-02 1.462446525693e-02 1.300053484738e-02 9.758929722011e-03 9.690443985164e-03 1.146558113396e-02 1.309783756733e-02 1.346419192851e-02 1.364856213331e-02 1.367138698697e-02 1.345748547465e-02 1.242393907160e-02 1.102799922228e-02 9.825222194195e-03 8.850730955601e-03 8.804718032479e-03 7.506796158850e-03
5.850585922599e-02 1.219682767987e-01 7.911837846041e-02 1.103762835264e-01 7.921048253775e-02 1.113968640566e-01 9.427180141211e-02 5.828963965178e-02 5.878997221589e-02 4.689690843225e-02 7.590600848198e-02 4.931465163827e-02 3.155369311571e-02 3.669780865312e-02 6.677912920713e-02 3.964124619961e-02 4.563724994659e-02 7.123628258705e-02 6.378567963839e-02 4.316704347730e-02 2.910196036100e-02 1.975496485829e-02 1.811333186924e-02 1.626123487949e-02 1.636763848364e-02 1.564208045602e-02 1.370699144900e-02 1.195179950446e-02 1.077632606030e-02 1.071899291128e-02 1.176624093205e-02 1.105065736920e-02 9.068047627807e-03 7.740044035017e-03 7.479650434107e-03 6.452394183725e-03 6.812978070229e-03 7.487930357456e-03 8.239411748946e-03 9.119310416281e-03 9.875525720417e-03 1.298859808594e-02 1.340178772807e-02
8.587915450335e-02 6.038734689355e-02 1.074566021562e-01 8.455539494753e-02 9.031502157450e-02 1.176918670535e-01 7.145524024963e-02 6.510616093874e-02 4.668304696679e-02 4.845815896988e-02 8.137606084347e-02 4.426755383611e-02 4.532152414322e-02 4.448463395238e-02 5.436153337359e-02 8.775059133768e-02 5.982368439436e-02 3.078089840710e-02 2.871947735548e-02 1.904222741723e-02 1.453776750714e-02 2.083336561918e-02 2.735963836312e-02 2.461961843073e-02 1.774792373180e-02 1.545815914869e-02 1.510884333402e-02 1.392463967204e-02 1.202264707536e-02 1.117184106261e-02 1.050204597414e-02 1.067633181810e-02 1.021189335734e-02 9.491689503193e-03 9.295663796365e-03 9.766560047865e-03 9.633589535952e-03 8.744535967708e-03 1.147741172463e-02 1.565080322325e-02 1.287003885955e-02 9.561390616000e-03 8.273694664240e-03
9.617459028959e-02 8.753119409084e-02 1.403216868639e-01 1.172602400184e-01 1.114158555865e-01 1.224949210882e-01 1.146237254143e-01 6.297498941422e-02 7.103940099478e-02 6.795457005501e-02 7.955835759640e-02 6.303208321333e-02 5.832764506340e-02 9.968255460262e-02 6.423057615757e-02 4.721883311868e-02 4.021687433124e-02 3.252399340272e-02 2.390068955719e-02 3.821163251996e-02 4.116178303957e-02 2.164330892265e-02 3.430338203907e-02 2.614951878786e-02 2.351414225996e-02 2.071867696941e-02 1.828424632549e-02 1.633905619383e-02 1.470799278468e-02 1.415192708373e-02 2.643228136003e-02 1.122139208019e-02 1.065002195537e-02 1.007382571697e-02 1.276289671659e-02 1.590884104371e-02 1.455243490636e-02 1.665512844920e-02 1.407338120043e-02 1.543277408928e-02 1.557127572596e-02 1.522932387888e-02 1.398404780775e-02
9.185732156038e-02 1.265294849873e-01 1.097938045859e-01 1.087145358324e-01 1.011488586664e-01 1.287887841463e-01 2.014366537333e-01 8.780103921890e-02 1.013481169939e-01 1.019862592220e-01 9.199053049088e-02 9.166368097067e-02 1.065299510956e-01 6.031740456820e-02 6.531200557947e-02 3.671606630087e-02 4.927952960134e-02 6.587521731853e-02 5.183488503098e-02 4.999691992998e-02 5.192178115249e-02 3.497954085469e-02 2.166405506432e-02 2.101431787014e-02 1.947491802275e-02 1.838760823011e-02 2.225301042199e-02 3.842711076140e-02 4.606387764215e-02 4.080254212022e-02 2.011571824551e-02 1.450501196086e-02 1.375774573535e-02 1.498154178262e-02 1.876188069582e-02 1.924495771527e-02 1.744269207120e-02 1.560823619366e-02 1.152967009693e-02 1.434402633458e-02 1.713829673827e-02 1.710774563253e-02 1.645579375327e-02
1.086292192340e-01 1.582323163748e-01 2.600432336330e-01 1.606740951538e-01 2.558870613575e-01 1.336196064949e-01 3.164515495300e-01 9.044943004847e-02 1.732214242220e-01 1.276611983776e-01 1.105091497302e-01 1.094337329268e-01 6.108196452260e-02 7.502272725105e-02 8.394423872232e-02 8.203101158142e-02 5.084219202399e-02 3.038328140974e-02 6.525094807148e-02 5.641343072057e-02 3.090679645538e-02 2.819767408073e-02 2.664192020893e-02 4.844953492284e-02 5.951084196568e-02 5.253333598375e-02 3.452563658357e-02 2.498278208077e-02 2.712439000607e-02 1.714866980910e-02 1.364555303007e-02 2.045843750238e-02 2.542819082737e-02 2.282267063856e-02 2.014915272593e-02 2.705393731594e-02 3.204426169395e-02 2.865153178573e-02 2.054304443300e-02 1.494661998004e-02 1.867640949786e-02 2.051212079823e-02 2.163549140096e-02
1.345664262772e-01 1.691666245461e-01 1.998193860054e-01 2.645090222359e-01 2.206283509731e-01 2.247938066721e-01 3.724556267262e-01 1.473495364189e-01 1.726424843073e-01 1.360142529011e-01 1.358549296856e-01 7.912307232618e-02 8.449328690767e-02 1.054515242577e-01 8.239403367043e-02 5.925001204014e-02 8.535713702440e-02 7.925467193127e-02 6.269192695618e-02 7.929291576147e-02 8.021637797356e-02 6.949912756681e-02 4.967532679439e-02 2.714498899877e-02 2.979108877480e-02 2.685557864606e-02 2.141564711928e-02 2.206931822002e-02 2.366739138961e-02 2.542393654585e-02 2.474960125983e-02 2.112036012113e-02 2.028176933527e-02 1.702454499900e-02 3.092178329825e-02 3.777449205518e-02 3.540841117501e-02 2.607631497085e-02 1.579684205353e-02 9.752959944308e-03 1.356621459126e-02 1.557289063931e-02 1.433539111167e-02
1.268758475780e-01 1.854697763920e-01 2.211300432682e-01 2.121474146843e-01 3.155272901058e-01 2.366054505110e-01 3.805712461472e-01 2.085901349783e-01 1.788373738527e-01 1.978572905064e-01 1.516167670488e-01 9.879507869482e-02 9.925393015146e-02 1.052385196090e-01 6.094504520297e-02 9.050647169352e-02 1.166969761252e-01 8.029750734568e-02 4.746657237411e-02 4.684544727206e-02 4.136491939425e-02 3.223355486989e-02 3.103903308511e-02 3.428490087390e-02 3.428456932306e-02 3.027747571468e-02 2.617350965738e-02 2.551632001996e-02 2.123996615410e-02 2.353825978935e-02 2.240208163857e-02 2.043163590133e-02 1.416097767651e-02 2.586865611374e-02 3.085748292506e-02 2.925219945610e-02 2.043033950031e-02 1.106024067849e-02 1.522076036781e-02 1.432030275464e-02 1.071730442345e-02 1.009375695139e-02 1.091018039733e-02
1.887306869030e-01 2.627076804638e-01 2.685565650463e-01 2.948434352875e-01 3.215650320053e-01 4.047246873379e-01 3.821795582771e-01 7.358935475349e-01 2.713578045368e-01 1.715135127306e-01 1.594973057508e-01 1.430656909943e-01 1.211734414101e-01 1.840735524893e-01 1.616396456957e-01 9.398733824492e-02 8.643400669098e-02 8.959250152111e-02 6.555563956499e-02 5.849226564169e-02 5.790546163917e-02 5.503803864121e-02 5.839565396309e-02 4.348637908697e-02 5.624101683497e-02 4.976382479072e-02 3.134081140161e-02 2.852208912373e-02 2.879548072815e-02 2.685547806323e-02 2.290873974562e-02 2.214514464140e-02 2.308884635568e-02 2.657105587423e-02 2.470104955137e-02 1.895629987121e-02 1.454229000956e-02 1.313287485391e-02 1.279531605542e-02 1.265138946474e-02 1.236308831722e-02 1.190502941608e-02 1.141806878150e-02
1.205974221230e-01 3.482427000999e-01 2.418762743473e-01 3.008157014847e-01 4.776413440704e-01 3.861325979233e-01 4.566791355610e-01 5.412499308586e-01 2.664232552052e-01 2.521750926971e-01 3.212306201458e-01 2.042894512415e-01 2.532211840153e-01 1.965980082750e-01 1.642778962851e-01 1.430548429489e-01 1.214416697621e-01 1.049671694636e-01 9.254291653633e-02 1.297674477100e-01 1.513250321150e-01 6.298021972179e-02 4.090014472604e-02 4.111225157976e-02 5.772803723812e-02 3.664342314005e-02 3.168996796012e-02 3.029123134911e-02 2.788118459284e-02 2.651210315526e-02 2.544465661049e-02 2.629834040999e-02 2.781555429101e-02 2.377584576607e-02 1.819572784007e-02 1.706321164966e-02 1.614474691451e-02 1.313875708729e-02 1.299257110804e-02 1.296592131257e-02 1.196435745806e-02 1.225771848112e-02 1.287221442908e-02
3.210428953171e-01 3.777186572552e-01 4.305130243301e-01 4.549468159676e-01 5.325809121132e-01 7.366072535515e-01 9.780728220940e-01 4.480227828026e-01 3.617207705975e-01 2.548470199108e-01 3.627735674381e-01 3.611360192299e-01 1.341883540154e-01 2.153435796499e-01 2.364950478077e-01 1.177298501134e-01 1.083931028843e-01 1.145121827722e-01 1.258909851313e-01 1.477596163750e-01 1.136094853282e-01 4.913040250540e-02 5.452022701502e-02 4.540117457509e-02 4.208327084780e-02 3.612674027681e-02 3.510075062513e-02 3.481561690569e-02 2.892579510808e-02 2.008139714599e-02 1.805637963116e-02 1.976412348449e-02 2.096121013165e-02 2.151582390070e-02 2.108385227621e-02 2.017175592482e-02 1.796793192625e-02 1.847856864333e-02 2.057489193976e-02 2.104859985411e-02 1.882905885577e-02 1.632751524448e-02 1.423840969801e-02
2.154032737017e-01 3.841944336891e-01 3.979821205139e-01 5.056339502335e-01 5.040323138237e-01 4.979122579098e-01 4.888667464256e-01 4.015370607376e-01 2.815137505531e-01 3.196776807308e-01 3.069204092026e-01 3.215788304806e-01 3.891974389553e-01 1.698427945375e-01 1.451361030340e-01 9.018593281507e-02 8.156428486109e-02 5.759440362453e-02 5.325086042285e-02 4.527545720339e-02 3.905655443668e-02 4.419999569654e-02 5.442455410957e-02 6.255439668894e-02 6.393019109964e-02 5.598175153136e-02 4.439445212483e-02 3.072869218886e-02 2.131029218435e-02 1.756575331092e-02 1.450439449400e-02 1.628767140210e-02 2.113720029593e-02 1.403601095080e-02 1.598561741412e-02 1.745115034282e-02 1.393408980221e-02 1.710510998964e-02 2.020033821464e-02 2.138725109398e-02 2.424767427146e-02 3.042873367667e-02 3.451503813267e-02
8.463350683451e-02 1.146734058857e-01 1.831137239933e-01 8.658550977707e-01 4.726592600346e-01 4.523819983006e-01 2.538924813271e-01 2.609405517578e-01 2.414809614420e-01 3.832358717918e-01 3.578650653362e-01 5.088639855385e-01 7.344240546227e-01 5.372065305710e-01 3.487438559532e-01 1.601809412241e-01 7.520171999931e-02 5.349746346474e-02 4.902201145887e-02 6.583067774773e-02 8.566909283400e-02 7.927497476339e-02 5.845866352320e-02 3.753848001361e-02 4.129025340080e-02 3.897427394986e-02 5.528172850609e-02 8.223910629749e-02 3.810563310981e-02 2.028470113873e-02 1.880158856511e-02 3.083162382245e-02 2.000686153769e-02 1.253413222730e-02 1.112962048501e-02 1.148389559239e-02 1.158930920064e-02 1.191990915686e-02 1.212574448436e-02 1.210946403444e-02 1.212098821998e-02 1.340775284916e-02 1.169603411108e-02
1.539991796017e-02 3.797058761120e-02 9.166420996189e-02 1.223540157080e-01 1.252747923136e-01 1.227268502116e-01 9.546668827534e-02 1.312479078770e-01 1.296310722828e-01 2.084916383028e-01 4.232443571091e-01 4.777553379536e-01 6.562935113907e-01 3.759745657444e-01 2.693908810616e-01 1.519681662321e-01 6.924525648355e-02 3.627788275480e-02 3.877735882998e-02 8.446989953518e-02 2.686721086502e-01 1.123354211450e-01 9.597276151180e-02 7.216534763575e-02 7.348658144474e-02 6.305587291718e-02 6.711609661579e-02 4.699271172285e-02 2.356255054474e-02 3.102837689221e-02 2.619941160083e-02 2.627913653851e-02 1.608293689787e-02 1.459269598126e-02 1.018227543682e-02 9.235062636435e-03 9.577265009284e-03 9.568048641086e-03 1.033186726272e-02 9.577720426023e-03 1.246286369860e-02 1.463357452303e-02 1.415067724884e-02
1.059779897332e-02 1.975000463426e-02 5.730956047773e-02 3.377369418740e-02 2.980539575219e-02 2.440868131816e-02 3.717658296227e-02 6.105822324753e-02 6.385777145624e-02 6.763551384211e-02 1.920099407434e-01 9.356322884560e-01 7.503109574318e-01 3.363313972950e-01 1.559083610773e-01 4.480112716556e-02 2.675692737103e-02 1.755064353347e-02 2.177557535470e-02 5.612976476550e-02 1.285786628723e-01 2.235950231552e-01 1.117550656199e-01 8.494944870472e-02 6.698289513588e-02 5.023597180843e-02 5.298956856132e-02 4.973882436752e-02 4.362497106194e-02 3.929647430778e-02 4.779640585184e-02 2.054353430867e-02 1.897146739066e-02 1.535604894161e-02 1.570292003453e-02 1.463811751455e-02 1.229340396821e-02 1.041370350868e-02 1.194816362113e-02 1.378649193794e-02 1.614322885871e-02 1.588726602495e-02 1.354808825999e-02
7.131594233215e-03 2.942283451557e-02 6.881568580866e-02 5.291448906064e-02 1.265912503004e-02 1.485941559076e-02 1.424455642700e-02 2.872339449823e-02 3.135523572564e-02 5.760764703155e-02 1.033234670758e-01 2.588071823120e-01 5.477194190025e-01 3.771334290504e-01 5.095188617706e-01 1.226306259632e-01 1.520266290754e-02 9.527747519314e-03 1.504800934345e-02 5.046151950955e-02 1.513279974461e-01 2.382391244173e-01 1.813265234232e-01 1.232528239489e-01 8.559598773718e-02 5.387366935611e-02 6.126962229609e-02 4.528007283807e-02 4.383393004537e-02 4.360288381577e-02 3.621719777584e-02 2.887154556811e-02 2.032757177949e-02 2.165292575955e-02 1.956434175372e-02 1.545055117458e-02 1.372518856078e-02 1.272842567414e-02 1.186225004494e-02 1.383646298200e-02 1.517309248447e-02 1.475047133863e-02 1.306680124253e-02
6.091527640820e-03 1.499362383038e-02 1.018076837063e-01 1.230208128691e-01 6.473428755999e-02 9.985822252929e-03 7.605951745063e-03 1.426086015999e-02 1.425669528544e-02 1.171866338700e-02 9.886049665511e-03 4.152574390173e-02 1.862303018570e-01 1.086417585611e-01 6.178947687149e-01 7.564575970173e-02 4.249240458012e-02 1.616024412215e-02 1.338370237499e-02 4.335726425052e-02 8.469908684492e-02 7.507547736168e-01 2.333853244781e-01 1.013528555632e-01 1.023389548063e-01 5.413870513439e-02 5.812953040004e-02 4.922199994326e-02 7.042125612497e-02 5.402261018753e-02 3.095626085997e-02 3.084013424814e-02 2.873758040369e-02 2.735288068652e-02 2.684291452169e-02 2.139544673264e-02 2.124749310315e-02 2.348314970732e-02 1.516348868608e-02 1.163998525590e-02 1.147002074867e-02 1.132600475103e-02 1.295560970902e-02
3.924980759621e-03 6.748551968485e-03 8.443440310657e-03 4.796821251512e-02 2.967379242182e-02 7.099884562194e-03 6.041015032679e-03 7.077841088176e-03 6.636967416853e-03 6.374384742230e-03 4.625583998859e-03 5.165817681700e-03 1.576714776456e-02 1.002558022738e-01 2.827918529510e-01 6.896904855967e-02 5.759721994400e-02 2.694056183100e-02 1.577597856522e-02 3.098457492888e-02 3.645648807287e-02 4.940175265074e-02 4.555305838585e-02 3.452606871724e-02 5.007658898830e-02 8.343249559402e-02 7.295867055655e-02 7.268511503935e-02 4.698106274009e-02 6.090294569731e-02 6.353845447302e-02 5.534522235394e-02 3.376632183790e-02 2.820008993149e-02 2.701189741492e-02 2.357590198517e-02 2.014438807964e-02 2.056574635208e-02 1.993532292545e-02 1.319524832070e-02 1.087726652622e-02 1.119807641953e-02 1.193787343800e-02
4.297015257180e-03 6.852020975202e-03 4.509331192821e-03 5.113688297570e-03 5.206479225308e-03 6.093899253756e-03 5.579201504588e-03 5.222808569670e-03 4.834585823119e-03 3.671311074868e-03 2.598287537694e-03 2.186480676755e-03 3.643403062597e-03 1.027250587940e-01 1.590204685926e-01 1.693978458643e-01 4.715152457356e-02 5.125184357166e-02 4.506244137883e-02 1.809034869075e-02 1.959399506450e-02 3.678013384342e-02 1.003843024373e-01 9.592054784298e-02 1.249055117369e-01 1.255110204220e-01 1.174745187163e-01 1.107942685485e-01 1.047297120094e-01 9.966276586056e-02 1.059112399817e-01 1.296447217464e-01 1.107983216643e-01 4.526223242283e-02 1.838493719697e-02 2.175408974290e-02 2.380714751780e-02 1.644440181553e-02 1.635907962918e-02 1.156116835773e-02 1.143822446465e-02 8.327201008797e-03 9.476452134550e-03
