100/SI/f123_max.grd
DSAA
101	101
32.816463539100	34.260883539100
35.556306596100	36.727886596100
5.775904355687e-06	9.780728220940e-01
[rows 19 to 37 of 101, columns 43 to 85 of 101]
9.399130940437e-03 1.162977609783e-02 1.512272842228e-02 1.541682798415e-02 1.001823972911e-02 1.546691637486e-02 7.744693662971e-03 8.189867250621e-03 8.726327680051e-03 8.852142840624e-03 8.079964667559e-03 1.199602428824e-02 1.446473598480e-02 1.445515081286e-02 9.595448151231e-03 1.171480957419e-02 1.542711909860e-02 1.445148698986e-02 7.982316426933e-03 1.287094037980e-02 5.893124267459e-03 8.298028260469e-03 1.112787146121e-02 5.493036936969e-03 5.476248916239e-03 6.358797661960e-03 5.252345930785e-03 6.713177077472e-03 6.226713769138e-03 4.932795651257e-03 5.316443275660e-03 7.212867494673e-03 8.142851293087e-03 6.306059192866e-03 5.704624578357e-03 4.561263602227e-03 3.133315593004e-03 3.511000890285e-03 3.882885212079e-03 3.232357557863e-03 2.951305825263e-03 2.628159709275e-03 2.857106737792e-03
8.452785201371e-03 1.139385811985e-02 1.616075448692e-02 1.864255219698e-02 1.350353285670e-02 1.367760449648e-02 7.970255799592e-03 8.680731058121e-03 7.566738873720e-03 9.477306157351e-03 9.917923249304e-03 1.122518349439e-02 1.549188513309e-02 1.538675278425e-02 1.182469353080e-02 1.272933743894e-02 1.507314108312e-02 1.633854210377e-02 9.425175376236e-03 1.245213486254e-02 6.739047355950e-03 1.257614884526e-02 1.563794910908e-02 7.215671706945e-03 6.390474736691e-03 6.511098705232e-03 6.561168935150e-03 6.945122499019e-03 5.410072393715e-03 5.250385031104e-03 7.286770269275e-03 9.515106678009e-03 8.497066795826e-03 6.860041990876e-03 5.541553720832e-03 4.567384719849e-03 3.342311829329e-03 4.105312284082e-03 3.180050291121e-03 2.656460972503e-03 2.832511207089e-03 2.507053082809e-03 2.611108822748e-03
9.112763218582e-03 1.299435365945e-02 1.492321211845e-02 1.951406337321e-02 1.663726940751e-02 1.170571334660e-02 8.011718280613e-03 9.201756678522e-03 7.253217976540e-03 8.871845901012e-03 9.357417933643e-03 1.071120053530e-02 1.472885441035e-02 1.671693660319e-02 1.426491606981e-02 1.360385492444e-02 1.444729976356e-02 1.786782406271e-02 1.075184438378e-02 1.154406089336e-02 7.579142693430e-03 1.558765303344e-02 1.712793856859e-02 8.115990087390e-03 6.243808194995e-03 7.649484556168e-03 7.407536730170e-03 6.008910946548e-03 5.040370859206e-03 7.251427043229e-03 1.016153302044e-02 9.850067086518e-03 6.652628071606e-03 7.828153669834e-03 5.492443684489e-03 4.205130506307e-03 3.977231215686e-03 4.221941810101e-03 3.458842867985e-03 2.690148074180e-03 2.651640446857e-03 1.969859702513e-03 1.945182797499e-03
8.702838793397e-03 1.224925182760e-02 1.265600696206e-02 1.862947829068e-02 1.841291971505e-02 1.220888178796e-02 1.057618111372e-02 9.752045385540e-03 7.145953830332e-03 7.773526478559e-03 9.173423051834e-03 1.086016092449e-02 1.223008986562e-02 1.766779832542e-02 1.589785888791e-02 1.324872858822e-02 1.336728688329e-02 1.917673461139e-02 1.184898149222e-02 1.034970954061e-02 8.416705764830e-03 1.548787392676e-02 1.493311952800e-02 7.153663784266e-03 6.693008355796e-03 8.079072460532e-03 6.723925005645e-03 5.398464389145e-03 7.634822744876e-03 1.075533684343e-02 1.057117339224e-02 7.342066615820e-03 5.608230363578e-03 8.136569522321e-03 3.950173966587e-03 3.958562854677e-03 4.910275805742e-03 3.705458249897e-03 3.967629279941e-03 2.533955499530e-03 2.827512100339e-03 2.360020298511e-03 2.129634842277e-03
7.078525144607e-03 8.486664853990e-03 1.310711074620e-02 1.650264114141e-02 1.855897530913e-02 1.234670262784e-02 1.315877679735e-02 1.104334834963e-02 7.751169614494e-03 6.635735277086e-03 9.562573395669e-03 1.060429122299e-02 1.264507509768e-02 1.898682489991e-02 1.611129939556e-02 1.248500216752e-02 1.203833241016e-02 1.998512633145e-02 1.264711376280e-02 1.237706281245e-02 9.835288859904e-03 1.273982785642e-02 1.114317122847e-02 6.615648977458e-03 8.416784927249e-03 7.815574295819e-03 5.658737383783e-03 8.147035725415e-03 1.166284084320e-02 1.133087277412e-02 7.690033409745e-03 4.557058680803e-03 6.107217166573e-03 7.635856512934e-03 4.110951442271e-03 4.246134310961e-03 5.175234284252e-03 3.862693207338e-03 4.353652242571e-03 2.644417574629e-03 2.686894964427e-03 2.222752897069e-03 2.259860746562e-03
9.226422756910e-03 9.124908596277e-03 1.480353996158e-02 1.395990885794e-02 1.764937303960e-02 1.379077043384e-02 1.261532772332e-02 1.398005243391e-02 1.215410325676e-02 9.290276095271e-03 1.012639515102e-02 1.001827418804e-02 1.379746943712e-02 2.032245509326e-02 1.448284275830e-02 1.197962742299e-02 1.026644185185e-02 2.045371010900e-02 1.581320725381e-02 1.367730274796e-02 1.164126023650e-02 1.236886996776e-02 7.482545450330e-03 8.125263266265e-03 8.641568012536e-03 5.815897136927e-03 8.850194513798e-03 1.258442271501e-02 1.197573263198e-02 8.022835478187e-03 4.295838065445e-03 3.449516370893e-03 8.172212168574e-03 6.385748274624e-03 3.909204155207e-03 5.508070345968e-03 4.743949975818e-03 3.893253393471e-03 4.625706933439e-03 3.274378832430e-03 2.356277313083e-03 2.244180999696e-03 1.966987038031e-03
1.449294481426e-02 8.979706093669e-03 8.913814090192e-03 1.533559244126e-02 1.627423241735e-02 1.457434892654e-02 1.126487273723e-02 1.279772259295e-02 1.455637253821e-02 1.430297363549e-02 1.219320949167e-02 1.504922099411e-02 1.500897388905e-02 2.113880403340e-02 1.254660822451e-02 1.091290637851e-02 1.427297201008e-02 2.061855234206e-02 1.789757795632e-02 1.311805564910e-02 1.255766116083e-02 1.334602944553e-02 8.401760831475e-03 8.854486979544e-03 7.181258872151e-03 9.267762303352e-03 1.371236331761e-02 1.284275576472e-02 8.351510390639e-03 5.501498002559e-03 7.734842598438e-03 4.806816112250e-03 9.539600461721e-03 5.580683704466e-03 4.581302870065e-03 5.892653949559e-03 5.704531446099e-03 4.006238654256e-03 4.775947425514e-03 3.615576075390e-03 2.164006698877e-03 2.100709360093e-03 2.433984773234e-03
1.938294805586e-02 9.238762781024e-03 9.008335880935e-03 1.413524802774e-02 1.467481534928e-02 1.493549160659e-02 1.216107048094e-02 1.246622111648e-02 1.211098488420e-02 1.568932086229e-02 1.712123677135e-02 1.525431219488e-02 1.622411608696e-02 2.143624797463e-02 1.090256590396e-02 1.674008555710e-02 2.002134732902e-02 2.066656202078e-02 1.739473268390e-02 1.039803586900e-02 1.193839218467e-02 1.223331969231e-02 8.505740202963e-03 7.315805647522e-03 9.347636252642e-03 1.459343731403e-02 1.407237164676e-02 8.809182792902e-03 7.772136945277e-03 1.077465061098e-02 9.778926149011e-03 8.874509483576e-03 9.298261255026e-03 6.242524832487e-03 5.900317803025e-03 4.884598311037e-03 6.218469236046e-03 4.240944050252e-03 4.793827887625e-03 3.595073008910e-03 2.308364026248e-03 2.666768850759e-03 3.441609442234e-03
2.116698212922e-02 9.494782425463e-03 1.090230047703e-02 9.391965344548e-03 1.600915938616e-02 1.511308830231e-02 1.293774601072e-02 1.325175818056e-02 1.237382367253e-02 1.574597321451e-02 1.651838421822e-02 1.439392007887e-02 1.731917448342e-02 2.067410014570e-02 1.826780475676e-02 2.216870523989e-02 2.137036249042e-02 2.010465599597e-02 1.182889007032e-02 1.062831096351e-02 1.227330509573e-02 1.236217282712e-02 8.658391423523e-03 8.953345939517e-03 1.522354315966e-02 1.553789805621e-02 9.735561907291e-03 7.983496412635e-03 1.172571070492e-02 9.726503863931e-03 7.880894467235e-03 8.750841021538e-03 7.212649565190e-03 6.778979673982e-03 5.847079679370e-03 4.022529348731e-03 6.088953465223e-03 4.574403166771e-03 4.701030906290e-03 3.256687661633e-03 2.856352599338e-03 3.820519428700e-03 4.317410290241e-03
1.858839578927e-02 1.385451667011e-02 1.263233274221e-02 8.952106349170e-03 1.172897592187e-02 1.519197411835e-02 1.601671427488e-02 1.409669313580e-02 1.639731787145e-02 2.409573644400e-02 1.380486879498e-02 1.275681331754e-02 1.805171184242e-02 1.904636807740e-02 2.368631213903e-02 2.287080138922e-02 1.983323507011e-02 1.946614123881e-02 1.294548716396e-02 1.428490038961e-02 1.275737024844e-02 1.231589354575e-02 8.183192461729e-03 1.545622479171e-02 1.713224872947e-02 1.107168011367e-02 9.124246425927e-03 1.243750471622e-02 1.099511515349e-02 7.179673295468e-03 1.045675203204e-02 9.189012460411e-03 5.397087894380e-03 6.277740467340e-03 5.160876084119e-03 5.542078986764e-03 5.540890153497e-03 4.996681585908e-03 4.562876187265e-03 4.206041805446e-03 4.740932956338e-03 5.320398602635e-03 4.486201796681e-03
1.255224086344e-02 2.086740173399e-02 1.384129002690e-02 1.101104542613e-02 1.321811787784e-02 1.499447505921e-02 1.437875162810e-02 1.510250940919e-02 2.150893770158e-02 2.984862774611e-02 2.007330767810e-02 1.390742789954e-02 1.820690184832e-02 2.260226570070e-02 2.413574047387e-02 3.300471976399e-02 1.752989180386e-02 1.807185821235e-02 1.453619170934e-02 1.445486675948e-02 1.304977573454e-02 1.205783989280e-02 1.531225163490e-02 1.819493435323e-02 1.248973049223e-02 1.027375552803e-02 1.227993145585e-02 1.224809512496e-02 1.044626627117e-02 1.049109548330e-02 1.111079286784e-02 6.301001645625e-03 5.954698659480e-03 5.365947261453e-03 4.580023698509e-03 4.282568115741e-03 7.490640040487e-03 5.913800559938e-03 5.435567349195e-03 6.324589252472e-03 6.300516892225e-03 4.623232875019e-03 3.060384886339e-03
1.403071172535e-02 2.312469482422e-02 1.432267576456e-02 1.217854488641e-02 1.559625566006e-02 1.438593771309e-02 1.495500933379e-02 1.885670609772e-02 2.481606416404e-02 3.000976704061e-02 2.399464324117e-02 2.381067536771e-02 2.105383574963e-02 2.478261105716e-02 2.893367968500e-02 4.185365885496e-02 1.825534366071e-02 1.978776790202e-02 1.962755993009e-02 1.605437509716e-02 1.271955389529e-02 1.528518553823e-02 1.914589293301e-02 1.375909242779e-02 1.150799822062e-02 1.212567836046e-02 1.169126760215e-02 1.288830116391e-02 1.255045458674e-02 1.263434719294e-02 9.511579759419e-03 5.215915851295e-03 7.118753157556e-03 4.338847007602e-03 4.525045398623e-03 4.624063149095e-03 1.032633893192e-02 6.946744397283e-03 7.286798674613e-03 5.867091938853e-03 3.564265556633e-03 2.043257234618e-03 2.027889247984e-03
2.781093120575e-02 1.829189620912e-02 2.005895227194e-02 1.294218562543e-02 1.895013637841e-02 1.469514146447e-02 1.613380201161e-02 2.181151323020e-02 2.614733763039e-02 2.544393017888e-02 2.433764375746e-02 2.457666210830e-02 2.349321544170e-02 1.900963857770e-02 1.987758837640e-02 2.672783285379e-02 1.516871992499e-02 1.957245729864e-02 2.139682695270e-02 1.785890571773e-02 1.590660773218e-02 2.005024068058e-02 1.500285789371e-02 1.279591675848e-02 1.188312564045e-02 1.086986064911e-02 1.163493469357e-02 1.376864500344e-02 1.382421609014e-02 1.244293712080e-02 7.744203321636e-03 4.966130014509e-03 7.580823265016e-03 6.023357156664e-03 7.260248530656e-03 7.718604989350e-03 1.164800859988e-02 6.803778931499e-03 5.383227951825e-03 3.711570287123e-03 3.326959209517e-03 2.517550485209e-03 2.481378382072e-03
4.519693925977e-02 1.974716223776e-02 2.245696820319e-02 1.639485545456e-02 2.103127725422e-02 1.798276230693e-02 1.778552122414e-02 2.506800927222e-02 2.690112963319e-02 2.118064090610e-02 2.933442220092e-02 3.604313731194e-02 2.031540311873e-02 2.384136058390e-02 1.451593916863e-02 1.694438606501e-02 1.598310098052e-02 1.905669085681e-02 1.841254532337e-02 1.671708561480e-02 2.130306325853e-02 1.620915718377e-02 1.339387614280e-02 1.198016665876e-02 1.287473924458e-02 1.215914916247e-02 1.204268634319e-02 1.503041572869e-02 1.512761414051e-02 1.368550490588e-02 9.423463605344e-03 8.389294147491e-03 8.322403766215e-03 7.484737783670e-03 7.242407649755e-03 1.114987023175e-02 9.588493034244e-03 4.598699044436e-03 4.968985915184e-03 5.079439841211e-03 4.708809312433e-03 3.639105008915e-03 2.680496778339e-03
4.956906661391e-02 5.173503234982e-02 2.158345468342e-02 2.152791246772e-02 2.319162525237e-02 2.178977243602e-02 3.001371584833e-02 2.811769209802e-02 2.656906843185e-02 1.977897994220e-02 3.039479814470e-02 4.021956771612e-02 2.408179640770e-02 2.302133850753e-02 1.834040693939e-02 1.867050491273e-02 1.991836354136e-02 1.882678456604e-02 1.823372952640e-02 2.282519824803e-02 1.776719279587e-02 1.531723700464e-02 1.311003323644e-02 1.025717519224e-02 1.275487802923e-02 1.404296886176e-02 1.301642041653e-02 1.617668010294e-02 1.686931774020e-02 1.499091368169e-02 1.116272434592e-02 8.241484872997e-03 7.327746134251e-03 6.219487171620e-03 1.010596752167e-02 1.156693696976e-02 5.156937520951e-03 5.228663794696e-03 5.451871082187e-03 5.529080517590e-03 5.226290784776e-03 4.368813242763e-03 3.032833337784e-03
2.394407242537e-02 6.983581930399e-02 5.099782720208e-02 2.134424261749e-02 2.447330579162e-02 2.717189304531e-02 2.905138954520e-02 2.955610677600e-02 2.362406253815e-02 2.076012082398e-02 3.467845916748e-02 3.942818939686e-02 3.101573325694e-02 2.100579813123e-02 1.919999532402e-02 2.158949524164e-02 3.366750478745e-02 2.110136859119e-02 2.533578127623e-02 1.951398700476e-02 1.414827629924e-02 1.377758756280e-02 1.160410325974e-02 1.425233110785e-02 1.437149569392e-02 1.630268990993e-02 1.791959069669e-02 1.386699173599e-02 1.637340523303e-02 1.636086963117e-02 1.271644793451e-02 6.844769231975e-03 6.899002008140e-03 1.069699972868e-02 1.159301307052e-02 6.777212955058e-03 4.640161059797e-03 4.685754887760e-03 4.666384775192e-03 4.738593939692e-03 4.722984507680e-03 4.374779760838e-03 3.536131465808e-03
4.402095451951e-02 3.316394239664e-02 8.152203261852e-02 3.794246912003e-02 2.478593587875e-02 3.344867378473e-02 2.508839592338e-02 2.800407260656e-02 3.695168346167e-02 2.844636142254e-02 3.949335590005e-02 3.137922286987e-02 3.308150172234e-02 2.774505317211e-02 2.279585599899e-02 2.131252363324e-02 4.896576702595e-02 2.952079288661e-02 2.365098893642e-02 2.892981469631e-02 1.721387542784e-02 1.408908981830e-02 1.503713987768e-02 1.582187414169e-02 1.523666735739e-02 1.597318798304e-02 2.259485051036e-02 1.380807999521e-02 1.702399179339e-02 1.778754591942e-02 1.442839670926e-02 9.301521815360e-03 1.179640274495e-02 1.091077364981e-02 6.239897571504e-03 5.281637888402e-03 4.987345542759e-03 4.668753128499e-03 4.338647238910e-03 4.038065206259e-03 4.070806317031e-03 4.207915160805e-03 3.823576960713e-03
5.956449732184e-02 7.772994786501e-02 4.686685279012e-02 8.025247603655e-02 2.998165786266e-02 4.055242240429e-02 3.469978645444e-02 3.700402379036e-02 5.187835171819e-02 4.262199997902e-02 4.921522364020e-02 2.863506413996e-02 3.005526959896e-02 3.135630115867e-02 2.812910825014e-02 2.218307368457e-02 5.746879056096e-02 3.252312168479e-02 3.396652266383e-02 2.354067750275e-02 1.286144647747e-02 1.417951937765e-02 1.800188422203e-02 1.631858013570e-02 1.480357162654e-02 1.399400178343e-02 2.203628234565e-02 1.517209224403e-02 1.913277804852e-02 1.887821406126e-02 1.497437432408e-02 1.192252151668e-02 8.937535807490e-03 4.742548335344e-03 4.603249952197e-03 4.787326790392e-03 4.747538827360e-03 5.074555985630e-03 4.982447251678e-03 4.727138206363e-03 5.161141511053e-03 5.997020285577e-03 6.260893773288e-03
1.171215176582e-01 7.795013487339e-02 8.235576003790e-02 6.812116503716e-02 6.192371621728e-02 4.565027728677e-02 5.000154301524e-02 4.422392323613e-02 4.528033360839e-02 5.006152018905e-02 5.796311423182e-02 3.378346189857e-02 2.967300079763e-02 3.188942000270e-02 3.496329486370e-02 3.312173113227e-02 4.430619627237e-02 3.278693184257e-02 3.267913684249e-02 2.608254738152e-02 2.138337865472e-02 2.536582946777e-02 2.551604062319e-02 2.110274322331e-02 1.540183089674e-02 1.315375417471e-02 1.729644648731e-02 1.868443191051e-02 1.980879157782e-02 1.654321514070e-02 1.160624902695e-02 7.321333512664e-03 6.405332125723e-03 6.858891807497e-03 8.105327375233e-03 8.881325833499e-03 9.283937513828e-03 9.236401878297e-03 8.762614801526e-03 8.013687096536e-03 7.286104373634e-03 7.255229167640e-03 6.422383710742e-03
