100/SI/f128.grd
DSAA
101	101
32.816463539100	34.260883539100
35.556306596100	36.727886596100
6.310761818895e-05	1.034823703766e+01
[rows 0 to 18 of 101, columns 0 to 42 of 101]
9.568195790052e-03 1.710170879960e-02 1.515296939760e-02 9.066435508430e-03 7.613752502948e-03 9.927451610565e-03 1.977843232453e-02 2.756961993873e-02 2.465573512018e-02 1.472158450633e-02 9.312333539128e-03 1.070372387767e-02 1.136338431388e-02 1.097130123526e-02 9.407682344317e-03 1.433001272380e-02 2.153620496392e-02 2.492434903979e-02 1.775401644409e-02 1.153961941600e-02 1.313919667155e-02 1.406120043248e-02 1.037351414561e-02 9.302733466029e-03 9.878285229206e-03 1.350614242256e-02 1.974372379482e-02 2.254922688007e-02 2.935769036412e-02 2.339369431138e-02 1.795568689704e-02 1.687308214605e-02 1.464277133346e-02 1.161865796894e-02 9.447842836380e-03 9.147691540420e-03 8.410299196839e-03 1.140104513615e-02 1.600573211908e-02 1.836171001196e-02 1.537993829697e-02 1.304904650897e-02 1.243057381362e-02
1.770986430347e-02 3.342088684440e-02 3.277797624469e-02 2.288948744535e-02 1.616627164185e-02 1.919595524669e-02 3.806594014168e-02 5.263716354966e-02 4.656720906496e-02 2.713178284466e-02 1.599057763815e-02 1.828828081489e-02 1.931492984295e-02 1.838849857450e-02 1.603708416224e-02 2.131281420588e-02 3.393103182316e-02 4.441260173917e-02 4.009455069900e-02 2.389607951045e-02 2.396612428129e-02 3.672281652689e-02 1.931176334620e-02 1.732955314219e-02 2.037560008466e-02 2.639120072126e-02 3.309942036867e-02 3.778653964400e-02 5.582894757390e-02 4.346348345280e-02 2.918643131852e-02 2.644988894463e-02 2.468910999596e-02 1.997382752597e-02 2.148240990937e-02 2.245812863111e-02 2.257834002376e-02 2.536093071103e-02 3.190651163459e-02 3.211363404989e-02 2.376024611294e-02 2.353649772704e-02 2.571625076234e-02
1.732059195638e-02 3.555468097329e-02 3.985310345888e-02 3.413434699178e-02 2.193768322468e-02 2.215977571905e-02 4.404734820127e-02 5.984073877335e-02 5.127117782831e-02 2.809374034405e-02 2.019496262074e-02 2.276956476271e-02 2.352684177458e-02 2.176933735609e-02 1.792628876865e-02 1.725254580379e-02 2.228176034987e-02 3.328677266836e-02 3.806139528751e-02 3.093845397234e-02 3.785800933838e-02 5.677177011967e-02 2.485420182347e-02 2.146192267537e-02 2.709878981113e-02 3.280626237392e-02 3.405429422855e-02 3.428933769464e-02 6.506529450417e-02 4.874099791050e-02 2.827991172671e-02 2.424800954759e-02 3.378779813647e-02 1.797817833722e-02 2.021988481283e-02 2.321884408593e-02 2.910859324038e-02 3.688561916351e-02 3.857383131981e-02 3.195977583528e-02 3.267196565866e-02 2.183217555285e-02 2.882562763989e-02
1.537316758186e-02 3.383998572826e-02 4.033279418945e-02 4.122973233461e-02 3.314332291484e-02 2.268942259252e-02 4.603947699070e-02 6.122604385018e-02 4.954664409161e-02 2.412595972419e-02 2.235011383891e-02 2.467417530715e-02 2.456975169480e-02 2.186082862318e-02 1.738396659493e-02 1.761428080499e-02 1.680690981448e-02 1.932664588094e-02 2.515381388366e-02 2.861926145852e-02 6.350318342447e-02 7.225304841995e-02 2.783536724746e-02 2.356609515846e-02 2.989121153951e-02 3.427942842245e-02 3.279239684343e-02 3.129443153739e-02 6.517567485571e-02 4.738574102521e-02 2.400317974389e-02 1.951333694160e-02 3.894599154592e-02 2.070377767086e-02 2.265006303787e-02 3.203903511167e-02 3.964572027326e-02 4.131669923663e-02 3.497154638171e-02 4.047157615423e-02 3.944991901517e-02 2.420706301928e-02 2.642461657524e-02
1.503521762788e-02 3.237118199468e-02 3.832577541471e-02 4.238339513540e-02 4.056463018060e-02 2.867207676172e-02 4.697965458035e-02 6.116501241922e-02 4.644356667995e-02 2.045915834606e-02 2.397036366165e-02 2.551861107349e-02 2.469547837973e-02 2.458296343684e-02 2.256852760911e-02 1.905606687069e-02 1.856985688210e-02 1.832767389715e-02 2.593983151019e-02 5.256955325603e-02 8.827782422304e-02 7.937982678413e-02 2.986868843436e-02 3.357295691967e-02 2.990481443703e-02 3.349114581943e-02 3.004222549498e-02 3.114819899201e-02 6.169367581606e-02 4.463756829500e-02 2.836510539055e-02 2.218559756875e-02 4.152462631464e-02 2.538078278303e-02 3.562165796757e-02 4.264316335320e-02 4.311012476683e-02 3.638928756118e-02 2.505126222968e-02 4.154183343053e-02 4.821483790874e-02 3.234935551882e-02 2.093337103724e-02
1.402860321105e-02 2.823189832270e-02 3.412415459752e-02 3.732938319445e-02 4.142402485013e-02 3.449253365397e-02 4.693972319365e-02 5.919362977147e-02 4.185370728374e-02 2.271984331310e-02 2.545437216759e-02 2.793196961284e-02 2.977337129414e-02 2.881401032209e-02 2.592150308192e-02 2.109604142606e-02 1.707788929343e-02 1.939737237990e-02 4.130779951811e-02 7.495307177305e-02 1.027138605714e-01 7.840783894062e-02 3.360990807414e-02 5.112684890628e-02 3.143584355712e-02 3.140175715089e-02 2.690843120217e-02 3.382849693298e-02 5.518563836813e-02 4.461391642690e-02 2.866784296930e-02 2.415954880416e-02 4.815889894962e-02 3.802058100700e-02 4.512717947364e-02 4.461229965091e-02 3.702662885189e-02 2.560312487185e-02 2.819052152336e-02 3.913782536983e-02 5.905865505338e-02 3.758431971073e-02 2.037384733558e-02
1.767334342003e-02 3.139170259237e-02 2.897172234952e-02 2.868272364140e-02 3.575563803315e-02 3.464427590370e-02 4.619870707393e-02 5.657124891877e-02 3.755582869053e-02 2.505289763212e-02 2.809513360262e-02 3.197564929724e-02 3.240147978067e-02 3.013034909964e-02 2.564287744462e-02 2.421757020056e-02 2.296117134392e-02 2.860707789660e-02 5.575954541564e-02 8.956090360880e-02 1.063679531217e-01 7.160922139883e-02 4.449599236250e-02 6.480742990971e-02 4.555120319128e-02 2.858638577163e-02 2.632359601557e-02 6.278233975172e-02 8.805917948484e-02 5.683478713036e-02 3.179913759232e-02 2.701671235263e-02 5.288849398494e-02 4.458062350750e-02 4.457664117217e-02 3.701296821237e-02 2.579903416336e-02 2.825156226754e-02 4.094902426004e-02 5.170085281134e-02 6.065781041980e-02 4.444306343794e-02 2.033407054842e-02
1.793216913939e-02 3.587088361382e-02 3.706472739577e-02 2.682615816593e-02 2.561585791409e-02 2.899676375091e-02 4.555400833488e-02 5.530676245689e-02 3.497514501214e-02 2.707888372242e-02 3.172348439693e-02 3.386293351650e-02 3.274397552013e-02 2.888527885079e-02 2.706431783736e-02 3.066459111869e-02 3.418107703328e-02 3.776744380593e-02 6.835995614529e-02 9.717614203691e-02 1.044032126665e-01 6.435819715261e-02 4.828345030546e-02 7.125936448574e-02 5.540529266000e-02 3.529592975974e-02 2.535323053598e-02 9.544901549816e-02 1.234378963709e-01 6.664147973061e-02 3.475284948945e-02 3.252318501472e-02 5.223524570465e-02 4.092942178249e-02 3.796878457069e-02 2.694249339402e-02 2.704187296331e-02 4.029942303896e-02 5.324940755963e-02 5.882373079658e-02 5.334129184484e-02 5.568265169859e-02 2.344021946192e-02
1.550840772688e-02 3.390955179930e-02 4.216898977757e-02 3.838417306542e-02 2.549840509892e-02 2.506706677377e-02 4.505764320493e-02 5.482453852892e-02 3.366330265999e-02 3.022489883006e-02 3.363472223282e-02 3.396140038967e-02 3.108645603061e-02 2.672925032675e-02 2.819960191846e-02 3.260384127498e-02 4.422453418374e-02 4.532717540860e-02 7.544559240341e-02 9.570056945086e-02 9.474064409733e-02 5.585042387247e-02 4.925645887852e-02 6.813073903322e-02 5.977326259017e-02 4.076243564487e-02 3.200043737888e-02 1.231596767902e-01 1.441021859646e-01 7.342296838760e-02 3.812116384506e-02 3.100577555597e-02 5.299497395754e-02 3.537273406982e-02 4.168578237295e-02 4.176374897361e-02 4.039778932929e-02 5.418930575252e-02 6.234323978424e-02 5.893873423338e-02 4.329793900251e-02 6.912536919117e-02 2.752688154578e-02
1.571806520224e-02 2.815882489085e-02 3.974991291761e-02 4.503181204200e-02 3.841118142009e-02 2.525683306158e-02 4.516716673970e-02 5.473668873310e-02 3.289188444614e-02 3.198026493192e-02 3.372509777546e-02 3.228647261858e-02 3.521664813161e-02 3.834822401404e-02 4.010151326656e-02 4.065671190619e-02 4.800733178854e-02 5.248777195811e-02 7.767239212990e-02 8.876785635948e-02 8.207883685827e-02 4.759654030204e-02 4.449120536447e-02 5.953945592046e-02 5.773318931460e-02 4.188996553421e-02 3.460267186165e-02 1.397769600153e-01 1.530688107014e-01 7.606612145901e-02 3.342553973198e-02 2.686664275825e-02 5.743636190891e-02 3.511106967926e-02 4.268147051334e-02 4.345613718033e-02 5.617001280189e-02 6.469313055277e-02 6.330035626888e-02 5.070236697793e-02 3.626579046249e-02 7.510582357645e-02 3.805126622319e-02
1.578196510673e-02 3.162369504571e-02 3.276860341430e-02 4.307194426656e-02 4.714187607169e-02 3.791085630655e-02 4.476777091622e-02 5.386621877551e-02 3.181166946888e-02 3.230322897434e-02 3.542818501592e-02 4.147091135383e-02 4.597714170814e-02 4.846904054284e-02 4.961639642715e-02 5.004071816802e-02 4.950588941574e-02 6.507553160191e-02 9.127912670374e-02 9.675136208534e-02 8.131799846888e-02 6.010002270341e-02 4.218754172325e-02 5.077519267797e-02 5.207056179643e-02 3.730881214142e-02 4.010177776217e-02 1.474758386612e-01 1.566202938557e-01 7.449226826429e-02 3.208928927779e-02 3.028698824346e-02 5.627269297838e-02 3.730940073729e-02 4.956359416246e-02 6.013187393546e-02 6.707680970430e-02 6.579968333244e-02 5.457983911037e-02 4.211966693401e-02 4.105966910720e-02 7.216598838568e-02 4.950224235654e-02
1.335382461548e-02 2.813136577606e-02 3.368898108602e-02 3.581175208092e-02 4.653910920024e-02 4.907166957855e-02 4.341537132859e-02 5.191132798791e-02 3.154205158353e-02 3.819440305233e-02 4.444459080696e-02 4.952929541469e-02 5.300366133451e-02 5.498015135527e-02 5.563650280237e-02 5.550936609507e-02 5.491185188293e-02 8.658700436354e-02 1.184121593833e-01 1.230826899409e-01 1.060478538275e-01 8.307439088821e-02 6.076277792454e-02 4.308624938130e-02 6.053084135056e-02 5.801698938012e-02 4.910170659423e-02 1.415076553822e-01 1.385566741228e-01 6.777317821980e-02 4.145753756166e-02 4.907838627696e-02 5.297014489770e-02 5.955986306071e-02 6.755496561527e-02 7.058901339769e-02 6.769830733538e-02 5.845841392875e-02 5.597110465169e-02 6.484787166119e-02 4.882365465164e-02 6.169191747904e-02 5.931322649121e-02
1.150117535144e-02 2.187962085009e-02 2.801640518010e-02 3.316711261868e-02 3.933442384005e-02 4.987351968884e-02 5.013642087579e-02 4.910720139742e-02 3.916045650840e-02 4.553405568004e-02 5.008734017611e-02 5.297612026334e-02 5.469265952706e-02 5.563072860241e-02 5.567596107721e-02 5.536042898893e-02 5.533514171839e-02 9.526403993368e-02 1.287581324577e-01 1.314869374037e-01 1.136604696512e-01 9.252443909645e-02 7.229432463646e-02 5.284852162004e-02 8.140396326780e-02 7.871353626251e-02 6.636878848076e-02 1.231925487518e-01 1.086916550994e-01 5.762514844537e-02 7.256318628788e-02 8.190523087978e-02 8.159487694502e-02 7.892186939716e-02 7.683492451906e-02 7.449503988028e-02 7.223655283451e-02 6.853440403938e-02 6.268653273582e-02 8.786314725876e-02 5.461624637246e-02 4.690767452121e-02 7.643755525351e-02
1.424670033157e-02 2.767841331661e-02 2.722143381834e-02 2.548616565764e-02 3.125273808837e-02 4.277436062694e-02 5.336680263281e-02 5.093745514750e-02 4.357021674514e-02 4.842236638069e-02 5.083986744285e-02 5.160119011998e-02 5.120082199574e-02 5.000687390566e-02 4.867066070437e-02 4.838587716222e-02 4.958205670118e-02 8.740659803152e-02 1.158066615462e-01 1.197146624327e-01 1.074697747827e-01 9.108756482601e-02 7.516420632601e-02 5.936937034130e-02 8.041281998158e-02 8.308310806751e-02 7.338529825211e-02 1.007708311081e-01 7.926619797945e-02 6.308400630951e-02 8.518877625465e-02 9.639347344637e-02 9.197529405355e-02 8.302567899227e-02 7.463929057121e-02 7.019827514887e-02 6.629046052694e-02 6.175774708390e-02 5.644862726331e-02 9.291317313910e-02 8.509275317192e-02 4.844813793898e-02 8.682031929493e-02
1.837862096727e-02 3.676133602858e-02 3.693436086178e-02 3.624553605914e-02 3.504564240575e-02 3.329214453697e-02 4.677528887987e-02 5.703173205256e-02 5.044817179441e-02 4.734450206161e-02 4.794265329838e-02 4.688037559390e-02 4.475897923112e-02 4.193989560008e-02 3.948400169611e-02 3.994592279196e-02 4.037731885910e-02 6.900277733803e-02 8.894708752632e-02 9.381569921970e-02 8.777891844511e-02 7.881358265877e-02 6.953959167004e-02 5.959422141314e-02 6.298049539328e-02 6.870406866074e-02 6.713483482599e-02 1.024339944124e-01 5.808002874255e-02 6.413713842630e-02 8.312109857798e-02 9.236013144255e-02 8.843507617712e-02 7.313831895590e-02 5.399920046329e-02 5.590763688087e-02 4.766037315130e-02 5.043806880713e-02 4.912052303553e-02 7.659067958593e-02 1.135280430317e-01 4.911905899644e-02 8.729064464569e-02
1.864588260651e-02 3.789097070694e-02 3.924947232008e-02 4.113591462374e-02 4.256659746170e-02 4.294934868813e-02 4.271441325545e-02 5.122790485620e-02 5.961168184876e-02 4.785276576877e-02 4.302779212594e-02 4.077258333564e-02 3.787560015917e-02 3.568517789245e-02 3.841903433204e-02 4.084154590964e-02 4.351366311312e-02 5.681416392326e-02 6.223661452532e-02 6.674946844578e-02 6.537210196257e-02 6.064178422093e-02 5.661440640688e-02 5.365990847349e-02 5.135921016335e-02 5.039576068521e-02 6.678551435471e-02 1.083999201655e-01 7.400970906019e-02 7.241820544004e-02 8.607056736946e-02 8.741828054190e-02 7.328363507986e-02 7.328866422176e-02 3.958135470748e-02 6.636715680361e-02 6.325548142195e-02 5.859692022204e-02 5.027373880148e-02 5.363665521145e-02 1.288272887468e-01 7.002557814121e-02 7.735065370798e-02
2.019503526390e-02 3.486090525985e-02 3.473664447665e-02 3.627882897854e-02 3.930189460516e-02 4.323356971145e-02 4.582439363003e-02 4.720225557685e-02 5.483629554510e-02 5.804850161076e-02 4.973176866770e-02 4.793583974242e-02 4.839688539505e-02 4.387519136071e-02 3.961475938559e-02 4.480864107609e-02 4.949739575386e-02 5.844326317310e-02 5.898868665099e-02 4.930821806192e-02 4.460666328669e-02 5.243170633912e-02 6.566680967808e-02 6.828107684851e-02 6.171392649412e-02 4.972710087895e-02 7.392052561045e-02 1.102850139141e-01 7.434409111738e-02 7.814008742571e-02 8.223859220743e-02 8.447929471731e-02 9.077663719654e-02 8.152572810650e-02 4.980570077896e-02 7.470560073853e-02 7.035920768976e-02 5.820435658097e-02 4.381927102804e-02 5.234726145864e-02 1.235699355602e-01 1.075500324368e-01 6.038358062506e-02
2.304334007204e-02 4.244593158364e-02 4.570876806974e-02 3.943086043000e-02 3.644832223654e-02 3.939177468419e-02 4.020180925727e-02 3.970617055893e-02 4.294046387076e-02 5.342639237642e-02 5.820394679904e-02 6.000550836325e-02 6.020457670093e-02 5.536510050297e-02 5.430539324880e-02 5.244243890047e-02 4.928524047136e-02 5.850503593683e-02 6.139866635203e-02 5.461920797825e-02 4.507921263576e-02 4.147671535611e-02 4.583265259862e-02 5.117612704635e-02 5.253054201603e-02 5.272924154997e-02 6.467666476965e-02 1.058656051755e-01 7.572735846043e-02 6.625974178314e-02 7.593180984259e-02 8.745039254427e-02 9.768351912498e-02 8.331982046366e-02 5.730202421546e-02 8.254394680262e-02 6.741535663605e-02 5.232292786241e-02 3.945124521852e-02 4.775475338101e-02 9.935703873634e-02 1.456322520971e-01 6.686121225357e-02
2.260518632829e-02 4.432719573379e-02 5.269369110465e-02 4.963653534651e-02 3.758299723268e-02 2.921025082469e-02 3.549636527896e-02 4.027329012752e-02 4.324596375227e-02 4.366025328636e-02 5.758242309093e-02 6.401076167822e-02 6.111057847738e-02 6.131878495216e-02 6.208115443587e-02 6.128228828311e-02 5.426524579525e-02 5.795229971409e-02 6.337939202785e-02 5.840962752700e-02 4.474840313196e-02 5.364272743464e-02 5.205817893147e-02 5.354083329439e-02 4.727849736810e-02 4.616541042924e-02 4.852860420942e-02 9.795416891575e-02 8.954326063395e-02 7.082548737526e-02 6.854977458715e-02 7.394175231457e-02 9.156542271376e-02 8.175844699144e-02 6.623097509146e-02 7.973661273718e-02 5.876847356558e-02 4.695359617472e-02 4.432635754347e-02 4.340816661716e-02 6.801367551088e-02 1.703586578369e-01 7.030934840441e-02
