100/SI/f128.grd
DSAA
101	101
32.816463539100	34.260883539100
35.556306596100	36.727886596100
6.310761818895e-05	1.034823703766e+01
[rows 19 to 37 of 101, columns 0 to 42 of 101]
1.983891613781e-02 4.044522345066e-02 5.171921476722e-02 5.269297957420e-02 4.345836862922e-02 3.445928916335e-02 2.353673614562e-02 2.672742679715e-02 3.233735263348e-02 3.886662051082e-02 5.100471153855e-02 6.092467159033e-02 5.939501151443e-02 6.439924240112e-02 6.488112360239e-02 6.291640549898e-02 5.983424186707e-02 5.732638016343e-02 6.641022861004e-02 5.979205667973e-02 6.184022128582e-02 6.671354174614e-02 7.105458527803e-02 6.811391562223e-02 6.075320765376e-02 5.137941241264e-02 5.317801982164e-02 8.498784154654e-02 1.013768315315e-01 7.635016739368e-02 7.023409008980e-02 6.448566913605e-02 6.828325986862e-02 6.826722621918e-02 6.832787394524e-02 6.608084589243e-02 5.278966575861e-02 4.612404853106e-02 4.946996271610e-02 4.748671129346e-02 6.873766332865e-02 1.699261963367e-01 7.896734029055e-02
1.551512163132e-02 3.260083869100e-02 4.395985603333e-02 4.808669909835e-02 4.275361821055e-02 4.114411771297e-02 3.769974410534e-02 2.681344561279e-02 3.576544672251e-02 4.177841916680e-02 4.444738849998e-02 5.574325844646e-02 4.948267713189e-02 5.769803375006e-02 6.236044317484e-02 6.434233486652e-02 6.420888751745e-02 6.129180639982e-02 7.729925960302e-02 6.194201111794e-02 7.277106493711e-02 8.686151355505e-02 9.357412904501e-02 9.102537482977e-02 8.544871956110e-02 6.609592586756e-02 7.045686244965e-02 6.877958774567e-02 1.065227836370e-01 7.755893468857e-02 6.631392240524e-02 6.245577335358e-02 6.083310022950e-02 6.127066165209e-02 5.803803354502e-02 7.513653486967e-02 5.018468946218e-02 5.278418585658e-02 5.411828681827e-02 5.538588017225e-02 8.515785634518e-02 1.438427120447e-01 1.176989004016e-01
1.197786722332e-02 2.413859404624e-02 3.322435542941e-02 3.823899477720e-02 3.608663007617e-02 3.144528716803e-02 3.883306309581e-02 3.837109729648e-02 4.398956149817e-02 5.247831717134e-02 6.053645536304e-02 7.978782057762e-02 9.572289884090e-02 8.759445697069e-02 5.957800149918e-02 5.759324505925e-02 6.084965169430e-02 6.351234018803e-02 1.126257106662e-01 9.051661938429e-02 6.807716190815e-02 1.056640148163e-01 1.119683533907e-01 1.224709600210e-01 1.009021922946e-01 8.934945613146e-02 8.804375678301e-02 5.446311458945e-02 1.002152413130e-01 7.153631746769e-02 5.497179180384e-02 5.713464319706e-02 6.748108565807e-02 5.570897832513e-02 6.099917739630e-02 7.950557023287e-02 6.329848617315e-02 5.599900707603e-02 5.845742672682e-02 6.276455521584e-02 9.930961579084e-02 1.030192226171e-01 1.562467366457e-01
1.612555049360e-02 2.896946296096e-02 2.805885672569e-02 2.938928827643e-02 3.428092598915e-02 4.338268563151e-02 5.066351220012e-02 6.065019592643e-02 7.367497682571e-02 9.261494874954e-02 1.179607883096e-01 1.480003893375e-01 1.663437634706e-01 1.445420831442e-01 9.077988564968e-02 5.561014264822e-02 7.675367593765e-02 1.078182011843e-01 1.363740116358e-01 1.108541414142e-01 8.742390573025e-02 1.147409677505e-01 1.220877617598e-01 1.375528872013e-01 1.003528907895e-01 1.017518639565e-01 1.045665591955e-01 6.561685353518e-02 8.182073384523e-02 5.926746875048e-02 5.620818585157e-02 5.566807463765e-02 6.997965276241e-02 7.131024450064e-02 7.093050330877e-02 6.747838109732e-02 8.905147016048e-02 6.219032034278e-02 6.276208162308e-02 6.893575191498e-02 1.107101887465e-01 9.598056226969e-02 1.814557015896e-01
1.565227657557e-02 3.228030726314e-02 3.504003956914e-02 3.357629105449e-02 4.297500476241e-02 5.836835876107e-02 6.397365033627e-02 6.765854358673e-02 7.497697323561e-02 8.679468184710e-02 1.048329025507e-01 1.196098402143e-01 1.225365996361e-01 1.048487573862e-01 7.681604474783e-02 6.841737031937e-02 7.465259730816e-02 1.006331369281e-01 1.340805888176e-01 8.506996929646e-02 8.190553635359e-02 1.157105341554e-01 1.219298243523e-01 1.319031119347e-01 1.052056476474e-01 1.014187932014e-01 1.178683191538e-01 1.005320325494e-01 1.015104800463e-01 8.650331199169e-02 7.476755976677e-02 1.101584732533e-01 1.029415950179e-01 7.697451114655e-02 7.496753334999e-02 7.482612133026e-02 9.874299913645e-02 7.241853326559e-02 6.859491765499e-02 7.279669493437e-02 1.171049699187e-01 9.731172770262e-02 1.853566765785e-01
3.112789802253e-02 5.376224964857e-02 3.501158580184e-02 3.504566103220e-02 3.951665014029e-02 5.079698190093e-02 5.750579014421e-02 5.691267922521e-02 5.659282580018e-02 5.890695005655e-02 6.228689849377e-02 6.598992645741e-02 6.289457529783e-02 6.928131729364e-02 7.013146579266e-02 6.280914694071e-02 6.266018003225e-02 1.153983399272e-01 1.320114135742e-01 7.008810341358e-02 7.081215083599e-02 1.071363314986e-01 1.157059744000e-01 1.123923137784e-01 1.027042046189e-01 9.278839826584e-02 1.268870979548e-01 1.111784055829e-01 9.276752173901e-02 8.979263901711e-02 8.807560056448e-02 1.418345272541e-01 2.111841589212e-01 2.010512650013e-01 1.819573044777e-01 1.736163794994e-01 1.804044395685e-01 1.113250926137e-01 9.440297633410e-02 7.794499397278e-02 1.198240593076e-01 9.399268776178e-02 1.640797704458e-01
5.771461874247e-02 1.223018243909e-01 1.260018795729e-01 1.105421707034e-01 6.907968223095e-02 3.979114070535e-02 3.852161392570e-02 4.039679840207e-02 4.386630654335e-02 5.670703575015e-02 6.798735260963e-02 7.599463313818e-02 7.845527678728e-02 7.521387189627e-02 6.870806962252e-02 7.119085639715e-02 7.489489018917e-02 1.124304682016e-01 1.108200401068e-01 6.523430347443e-02 7.064304500818e-02 8.739950507879e-02 1.000401303172e-01 9.323397278786e-02 1.055839955807e-01 1.018236652017e-01 1.316516250372e-01 1.399973630905e-01 1.489005237818e-01 1.333090215921e-01 1.005450189114e-01 8.431454747915e-02 1.710097193718e-01 1.868018805981e-01 2.059216052294e-01 2.490905672312e-01 3.113702833652e-01 1.899112612009e-01 1.393799036741e-01 1.183557957411e-01 1.176917180419e-01 8.768881112337e-02 1.228273883462e-01
6.166631355882e-02 1.329489797354e-01 1.534506678581e-01 1.811779588461e-01 1.984487324953e-01 1.722462326288e-01 9.658294171095e-02 5.277987197042e-02 7.199091464281e-02 8.406963199377e-02 8.635367453098e-02 8.167828619480e-02 7.647611200809e-02 1.030330657959e-01 1.135588586330e-01 1.127812638879e-01 1.110576167703e-01 1.080561503768e-01 1.067430749536e-01 1.031030416489e-01 1.007792428136e-01 1.007776558399e-01 9.776192903519e-02 1.223000884056e-01 1.472840756178e-01 1.274104863405e-01 1.440458148718e-01 1.849998533726e-01 1.870658695698e-01 1.661834269762e-01 1.240839287639e-01 9.089902788401e-02 1.001426503062e-01 1.576285809278e-01 2.349897325039e-01 2.069120705128e-01 2.105766236782e-01 1.594000905752e-01 1.699168980122e-01 1.730621606112e-01 1.408062130213e-01 9.058604389429e-02 1.092246323824e-01
3.959805145860e-02 8.737829327583e-02 1.016188561916e-01 1.247508004308e-01 1.623729914427e-01 2.135977596045e-01 2.414807081223e-01 1.878736168146e-01 9.814686328173e-02 9.089747816324e-02 8.092221617699e-02 1.044022738934e-01 1.231536269188e-01 1.283012777567e-01 1.219608038664e-01 1.219023093581e-01 1.206792667508e-01 1.170699670911e-01 1.226386502385e-01 1.237620487809e-01 1.272029131651e-01 1.382171660662e-01 1.306802481413e-01 1.203307658434e-01 1.161160469055e-01 1.498652249575e-01 1.436244398355e-01 1.774848997593e-01 1.952165961266e-01 1.752325296402e-01 1.309517025948e-01 1.419064849615e-01 1.831005364656e-01 2.450676560402e-01 2.923335731030e-01 2.116840630770e-01 1.474300622940e-01 1.230949237943e-01 1.524190455675e-01 1.954196840525e-01 2.134309113026e-01 1.450094729662e-01 1.090309470892e-01
2.721689268947e-02 5.343727022409e-02 6.672345846891e-02 6.145470216870e-02 7.061824947596e-02 1.057487353683e-01 1.654559671879e-01 2.245539724827e-01 2.240255773067e-01 1.541783958673e-01 1.167417541146e-01 1.232661753893e-01 1.249702870846e-01 1.193814203143e-01 1.173643395305e-01 1.154193282127e-01 1.094246655703e-01 1.173983737826e-01 1.204478889704e-01 1.249170824885e-01 1.323941349983e-01 1.277648359537e-01 1.227732300758e-01 1.211993172765e-01 1.192082092166e-01 1.172511130571e-01 1.233283653855e-01 1.376118957996e-01 1.655753254890e-01 1.722342222929e-01 1.349601000547e-01 1.645295172930e-01 1.982469558716e-01 2.252222746611e-01 2.181398272514e-01 1.366423070431e-01 1.440783292055e-01 1.657766848803e-01 1.790098845959e-01 1.609930098057e-01 2.389530688524e-01 2.430711090565e-01 1.361389905214e-01
3.158858418465e-02 6.217338517308e-02 6.173736229539e-02 7.584363967180e-02 6.226419657469e-02 5.380222573876e-02 6.329311430454e-02 1.165302172303e-01 1.871847212315e-01 2.175885140896e-01 1.773012727499e-01 1.179285049438e-01 1.120712310076e-01 1.095977649093e-01 1.025269627571e-01 9.958519041538e-02 1.027655452490e-01 1.117554455996e-01 1.086755394936e-01 1.084821522236e-01 9.790328145027e-02 8.046253025532e-02 1.017194911838e-01 9.025775641203e-02 1.366482526064e-01 1.220531910658e-01 1.397826224566e-01 1.536245197058e-01 1.285385191441e-01 1.386322677135e-01 1.537177562714e-01 1.654522269964e-01 1.430214196444e-01 1.764058768749e-01 1.307265311480e-01 1.120804399252e-01 1.454415619373e-01 2.004508227110e-01 2.401797920465e-01 2.274644374847e-01 1.933714598417e-01 3.004564642906e-01 2.262757867575e-01
4.080648347735e-02 7.844451814890e-02 7.294762134552e-02 7.494734227657e-02 8.358877152205e-02 6.264213472605e-02 8.711306750774e-02 1.058787927032e-01 1.170985400677e-01 1.637489944696e-01 2.109589874744e-01 1.912886649370e-01 1.170975714922e-01 9.407629072666e-02 9.256082773209e-02 9.472411870956e-02 9.806029498577e-02 9.687324613333e-02 1.023774966598e-01 1.006189435720e-01 8.774794638157e-02 7.302371412516e-02 7.793531566858e-02 1.243363171816e-01 1.857047677040e-01 2.502050399780e-01 3.007326424122e-01 2.447998225689e-01 1.652911752462e-01 1.544922590256e-01 1.895377933979e-01 1.337835937738e-01 9.986235946417e-02 2.196962386370e-01 9.164733439684e-02 1.299851685762e-01 1.204530820251e-01 1.685298532248e-01 2.453147172928e-01 2.639877498150e-01 2.272492498159e-01 2.530336976051e-01 3.432883024216e-01
3.708061203361e-02 8.104839175940e-02 8.567620068789e-02 8.371010422707e-02 8.837540447712e-02 8.949188888073e-02 1.073378622532e-01 1.128656864166e-01 1.121133416891e-01 1.059607863426e-01 1.465559601784e-01 2.089969813824e-01 2.040027976036e-01 1.407497227192e-01 8.882077038288e-02 8.864387869835e-02 8.547011017799e-02 7.821568101645e-02 1.047479286790e-01 1.090443581343e-01 1.102683469653e-01 9.197044372559e-02 8.431465178728e-02 1.541018784046e-01 2.618141770363e-01 3.861403763294e-01 4.532311856747e-01 4.332539737225e-01 2.821163833141e-01 1.782885193825e-01 2.042468786240e-01 1.721883714199e-01 1.600454747677e-01 2.683515250683e-01 1.386824697256e-01 2.676053345203e-01 1.936513185501e-01 1.395592838526e-01 1.874158829451e-01 2.695939242840e-01 2.764990329742e-01 2.336779534817e-01 3.682366013527e-01
4.558185860515e-02 9.279777109623e-02 9.386171400547e-02 9.114272147417e-02 9.455460309982e-02 1.072073206306e-01 1.080235466361e-01 1.092345938087e-01 1.004230380058e-01 9.256573766470e-02 8.947952091694e-02 1.260738819838e-01 2.026801407337e-01 2.136606127024e-01 1.619135886431e-01 7.668929547071e-02 7.134930044413e-02 7.995770871639e-02 9.305503219366e-02 1.483635604382e-01 1.341006010771e-01 1.229873523116e-01 1.127913594246e-01 1.538532525301e-01 2.677495479584e-01 3.821081221104e-01 5.202341079712e-01 6.095756292343e-01 5.083525180817e-01 2.455259710550e-01 2.219645380974e-01 2.408428192139e-01 2.296805381775e-01 3.173675239086e-01 1.767241358757e-01 3.580925464630e-01 2.966488003731e-01 1.951378434896e-01 1.788926273584e-01 2.589084804058e-01 5.554555058479e-01 2.820594608784e-01 3.002353906631e-01
5.988664180040e-02 1.126926094294e-01 1.046684831381e-01 1.117208078504e-01 1.185559555888e-01 1.252447813749e-01 1.329638957977e-01 1.382729411125e-01 1.412899196148e-01 1.417759209871e-01 1.375404000282e-01 1.326635628939e-01 1.270420700312e-01 1.872339695692e-01 2.173814177513e-01 1.810988634825e-01 9.068287163973e-02 8.172463625669e-02 9.001718461514e-02 1.417738795280e-01 1.502380073071e-01 1.353524327278e-01 1.247738078237e-01 1.320556402206e-01 2.217007577419e-01 3.299499154091e-01 5.109329819679e-01 7.137162685394e-01 6.740843057632e-01 4.101488292217e-01 3.188000321388e-01 4.019134938717e-01 4.314352571964e-01 3.980458378792e-01 3.295798003674e-01 3.860307037830e-01 3.675803542137e-01 2.837370932102e-01 3.223687112331e-01 2.889423668385e-01 7.934781908989e-01 6.489627361298e-01 1.754081100225e-01
6.134372949600e-02 1.274677813053e-01 1.272418648005e-01 1.233772486448e-01 1.087555810809e-01 9.823878854513e-02 9.321687370539e-02 1.030543372035e-01 1.141187250614e-01 1.271635144949e-01 1.416938304901e-01 1.586440801620e-01 1.747434288263e-01 2.765296399593e-01 2.832074165344e-01 2.151350677013e-01 2.027864903212e-01 1.930984556675e-01 1.799704432487e-01 1.650825440884e-01 1.489688903093e-01 1.290764808655e-01 1.405795216560e-01 1.374133527279e-01 1.515882909298e-01 2.498083561659e-01 3.681277334690e-01 5.822165012360e-01 7.395601868629e-01 5.118297934532e-01 2.421742081642e-01 2.516635954380e-01 3.697876930237e-01 4.909310936928e-01 5.451884865761e-01 5.054169297218e-01 3.645514249802e-01 3.072234690189e-01 2.317533642054e-01 3.317084014416e-01 8.277974128723e-01 9.946836829185e-01 2.669367790222e-01
5.210477486253e-02 1.050779074430e-01 1.095200628042e-01 1.193589344621e-01 1.253108382225e-01 1.211046129465e-01 1.016733348370e-01 8.852248638868e-02 8.900895714760e-02 8.897177129984e-02 8.845996856689e-02 8.653987199068e-02 8.379320800304e-02 1.062768697739e-01 1.594619601965e-01 1.746861189604e-01 2.094909548759e-01 2.023970782757e-01 1.651393473148e-01 1.827038377523e-01 1.932727247477e-01 1.995094120502e-01 2.069711834192e-01 2.161974608898e-01 2.079219222069e-01 1.661142557859e-01 2.483625411987e-01 4.413420259953e-01 6.230957508087e-01 4.570423364639e-01 2.286198437214e-01 1.608971506357e-01 1.431382596493e-01 2.385860383511e-01 2.883279621601e-01 4.688081145287e-01 5.952013731003e-01 5.501286387444e-01 3.423007428646e-01 3.738594055176e-01 5.313537716866e-01 1.179670333862e+00 4.286840558052e-01
4.217020422220e-02 8.154533803463e-02 8.125580847263e-02 7.783545553684e-02 7.937420159578e-02 8.880832046270e-02 9.277339279652e-02 9.132064878941e-02 7.765839248896e-02 8.416260033846e-02 9.144518524408e-02 9.882254153490e-02 1.056224778295e-01 1.124201267958e-01 1.193454265594e-01 1.253390461206e-01 1.305524557829e-01 1.965826600790e-01 2.095241248608e-01 2.712164819241e-01 2.124959081411e-01 1.747996509075e-01 1.669033020735e-01 1.623950004578e-01 1.631336063147e-01 1.851422190666e-01 2.469280511141e-01 2.829340398312e-01 3.986285924911e-01 3.248126208782e-01 1.643772870302e-01 1.940142214298e-01 1.446407437325e-01 1.915555745363e-01 2.249937802553e-01 2.728276848793e-01 2.753558456898e-01 4.619185626507e-01 6.527635455132e-01 5.290334820747e-01 4.721415042877e-01 9.655327796936e-01 8.709734678268e-01
2.659970894456e-02 5.361935868859e-02 5.279188975692e-02 5.156255885959e-02 5.821879208088e-02 6.851371377707e-02 7.507309317589e-02 7.874029129744e-02 8.000095933676e-02 7.372863590717e-02 6.856247037649e-02 7.200939208269e-02 7.614877074957e-02 7.686316967010e-02 7.792188972235e-02 1.039899587631e-01 1.157616674900e-01 1.550752371550e-01 2.933720052242e-01 3.072275817394e-01 2.721130847931e-01 2.322143465281e-01 2.720141708851e-01 3.256508708000e-01 2.292827963829e-01 2.624125480652e-01 2.556020021439e-01 2.376085221767e-01 2.479411065578e-01 3.272361755371e-01 3.073681890965e-01 1.917440295219e-01 1.996469050646e-01 2.099091857672e-01 2.273836880922e-01 2.366300821304e-01 2.452693730593e-01 3.158979713917e-01 4.618394970894e-01 5.386000871658e-01 6.434097290039e-01 8.636105060577e-01 7.139948606491e-01
