100/SI/f128.grd
DSAA
101	101
32.816463539100	34.260883539100
35.556306596100	36.727886596100
6.310761818895e-05	1.034823703766e+01
[rows 57 to 75 of 101, columns 43 to 85 of 101]
4.363865405321e-02 5.202795192599e-02 2.639096230268e-02 2.924986183643e-02 2.894058264792e-02 4.661214351654e-02 5.260304361582e-02 7.085855305195e-02 6.185994669795e-02 3.373600542545e-02 2.338406443596e-02 1.965673826635e-02 1.451601181179e-02 2.576675638556e-02 1.069347709417e-01 3.593095541000e-01 7.983444333076e-01 7.509775161743e-01 1.072957038879e+00 3.667440712452e-01 1.059845015407e-01 8.090362697840e-02 1.467270255089e-01 2.687469422817e-01 4.599113762379e-01 4.168733954430e-01 4.535228312016e-01 3.687042295933e-01 4.805876314640e-01 4.433229565620e-01 4.684761762619e-01 3.491398394108e-01 3.626447021961e-01 5.090966820717e-01 3.161065876484e-01 1.985630244017e-01 2.318475246429e-01 3.254384696484e-01 4.080121815205e-01 2.951371371746e-01 1.230036169291e-01 1.078076660633e-01 1.042572781444e-01
3.485184162855e-02 5.762899294496e-02 2.132598496974e-02 2.268834225833e-02 2.247649990022e-02 3.381248190999e-02 6.607861071825e-02 2.125901430845e-01 1.691179424524e-01 3.638496249914e-02 2.160621434450e-02 1.484379824251e-02 1.138081587851e-02 1.125765219331e-02 2.225629426539e-02 2.140042185783e-01 2.509458959103e-01 2.623168826103e-01 2.126677185297e-01 2.153349965811e-01 1.574353724718e-01 1.196249946952e-01 9.229695796967e-02 5.568854138255e-02 1.439362764359e-01 2.866825163364e-01 4.998666048050e-01 5.094727873802e-01 5.557721853256e-01 3.057928979397e-01 4.033893644810e-01 3.682266473770e-01 3.156291544437e-01 2.768172919750e-01 2.814804017544e-01 2.120416611433e-01 2.080743163824e-01 2.505941689014e-01 2.464347630739e-01 2.258906811476e-01 2.345334291458e-01 2.459556311369e-01 2.302264869213e-01
2.905519120395e-02 2.801490388811e-02 1.941946707666e-02 2.065510675311e-02 2.100225351751e-02 3.078493289649e-02 9.382142871618e-02 2.378218621016e-01 2.398684024811e-01 5.390841513872e-02 2.236777171493e-02 1.268606726080e-02 9.004242718220e-03 8.172756060958e-03 8.374394848943e-03 1.048916950822e-02 1.447987277061e-02 1.972510479391e-02 2.554580755532e-02 3.163035586476e-02 3.715517744422e-02 4.365330561996e-02 2.937008999288e-02 2.951196022332e-02 7.039393484592e-02 3.275410532951e-01 5.643223524094e-01 6.400707364082e-01 6.148304343224e-01 6.207463741302e-01 4.095431864262e-01 3.551648855209e-01 3.015658259392e-01 2.737741172314e-01 3.845964968204e-01 3.314479589462e-01 2.748951613903e-01 1.720825880766e-01 1.854223608971e-01 1.558548361063e-01 1.372266709805e-01 1.298829913139e-01 1.135176196694e-01
2.680090628564e-02 2.412779815495e-02 1.879887282848e-02 2.094812132418e-02 2.381164394319e-02 3.126892447472e-02 2.065204977989e-01 2.424508333206e-01 2.987615466118e-01 4.166737943888e-02 1.961909234524e-02 1.222725678235e-02 8.147407323122e-03 6.608938798308e-03 6.313707213849e-03 6.657052319497e-03 8.159235119820e-03 1.074929349124e-02 1.549896877259e-02 1.802303269506e-02 2.071212045848e-02 4.151285812259e-02 2.134681493044e-02 1.966125331819e-02 6.007790565491e-02 1.342771202326e-01 4.791480600834e-01 5.308717489243e-01 5.648577213287e-01 6.031889319420e-01 5.020167231560e-01 3.893468677998e-01 2.703656554222e-01 3.470450639725e-01 2.415977567434e-01 2.125921100378e-01 1.762751787901e-01 1.457376331091e-01 1.370265781879e-01 1.347686946392e-01 1.429689526558e-01 2.025817036629e-01 2.823617756367e-01
2.271019108593e-02 1.769014261663e-02 1.847404986620e-02 2.223412506282e-02 3.448325023055e-02 5.644480511546e-02 1.713838875294e-01 3.799410760403e-01 1.470138579607e-01 2.327525801957e-02 1.428681891412e-02 1.041779108346e-02 7.437472231686e-03 5.583204329014e-03 5.107491742820e-03 5.115391686559e-03 5.568509921432e-03 7.452249992639e-03 1.026037987322e-02 1.173289585859e-02 1.220093946904e-02 2.538441494107e-02 1.516657881439e-02 1.642857305706e-02 3.692104667425e-02 1.257143914700e-01 3.402134776115e-01 4.622344374657e-01 4.792055189610e-01 3.650371432304e-01 2.819947302341e-01 4.028722643852e-01 2.754557430744e-01 1.945123523474e-01 2.160121947527e-01 2.723320722580e-01 2.466515302658e-01 1.748501062393e-01 1.632887721062e-01 1.591507941484e-01 1.542728543282e-01 1.707425862551e-01 2.121854424477e-01
1.648471318185e-02 1.357029192150e-02 1.697427593172e-02 4.005905240774e-02 9.063458442688e-02 2.101798057556e-01 3.084686696529e-01 1.943761855364e-01 2.064202725887e-02 1.411555986851e-02 1.012566965073e-02 8.337319828570e-03 6.504502147436e-03 5.320950411260e-03 4.682841245085e-03 4.880445543677e-03 5.105937831104e-03 6.166124250740e-03 8.898711763322e-03 1.094622816890e-02 1.162594463676e-02 1.232987269759e-02 1.238620094955e-02 1.847768202424e-02 4.488034918904e-02 1.174499690533e-01 1.441981345415e-01 1.441164612770e-01 2.775061726570e-01 3.218620717525e-01 3.767437636852e-01 2.405933737755e-01 3.114214241505e-01 2.285197973251e-01 2.551735639572e-01 3.015373647213e-01 6.028917431831e-01 3.804674148560e-01 2.239419221878e-01 1.837990134954e-01 1.890837699175e-01 1.858125030994e-01 1.794733703136e-01
1.064352691174e-02 1.111788582057e-02 1.405686978251e-02 1.776342093945e-02 3.903734311461e-02 2.422355413437e-01 1.576724648476e-01 2.099857479334e-02 1.227486971766e-02 1.080870814621e-02 9.064190089703e-03 7.661408279091e-03 6.001665722579e-03 5.120310932398e-03 4.561338573694e-03 5.032951477915e-03 5.218665581197e-03 5.089393351227e-03 7.320921402425e-03 9.341160766780e-03 1.055361889303e-02 1.049607526511e-02 1.316953822970e-02 2.138974145055e-02 6.667121499777e-02 1.322270780802e-01 7.838173210621e-02 1.025284603238e-01 9.535518288612e-02 4.939744770527e-01 7.187446355820e-01 3.881503641605e-01 2.133162915707e-01 2.920204102993e-01 1.152855902910e-01 1.214056313038e-01 4.506268203259e-01 2.169656157494e-01 1.768005788326e-01 1.355004012585e-01 1.392460465431e-01 1.552816331387e-01 1.673436760902e-01
8.937604725361e-03 9.717168286443e-03 1.138682570308e-02 1.440362818539e-02 1.632561907172e-02 2.268921770155e-02 2.508683502674e-02 1.710082776845e-02 8.887615986168e-03 9.175498038530e-03 8.043770678341e-03 7.362598553300e-03 6.027766037732e-03 4.870485980064e-03 4.985369276255e-03 5.083723925054e-03 5.435234867036e-03 5.394547712058e-03 6.167125422508e-03 7.918883115053e-03 9.419498033822e-03 1.000327430665e-02 1.056779641658e-02 1.757693663239e-02 4.932012408972e-02 3.044428117573e-02 2.932527475059e-02 4.817043617368e-02 1.089926064014e-01 2.160336524248e-01 2.262207269669e-01 2.856346070766e-01 4.557877182961e-01 2.443876713514e-01 2.328375279903e-01 1.809711307287e-01 1.852767318487e-01 1.569643318653e-01 8.353209495544e-02 1.042210832238e-01 1.018124595284e-01 1.099523305893e-01 1.382583975792e-01
7.022462785244e-03 7.920854724944e-03 9.434739127755e-03 1.156910788268e-02 1.243736129254e-02 1.384451147169e-02 1.465128175914e-02 9.161117486656e-03 7.799719925970e-03 8.115849457681e-03 7.567122112960e-03 6.562603637576e-03 5.480408668518e-03 4.912248346955e-03 4.868086427450e-03 5.578564479947e-03 5.481827538460e-03 4.713691771030e-03 5.450736265630e-03 6.919016595930e-03 8.189701475203e-03 9.580490179360e-03 1.360441744328e-02 1.423261780292e-02 1.445420086384e-02 2.017252333462e-02 1.964709535241e-02 4.823412746191e-02 6.737936288118e-02 9.070942550898e-02 1.882563233376e-01 3.302424550056e-01 2.445791214705e-01 4.464676380157e-01 2.852952182293e-01 1.603679955006e-01 1.332046985626e-01 1.211602091789e-01 1.457651108503e-01 1.371489018202e-01 1.709057241678e-01 1.681986153126e-01 1.955797821283e-01
6.483858916909e-03 6.417217664421e-03 7.224041968584e-03 8.194896392524e-03 8.832983672619e-03 8.706524036825e-03 8.320241235197e-03 8.011492900550e-03 8.668597787619e-03 8.569175377488e-03 7.982529699802e-03 6.954276934266e-03 5.687725730240e-03 5.035825539380e-03 4.553161095828e-03 4.464252851903e-03 5.036376416683e-03 5.108004435897e-03 5.163560155779e-03 6.232223007828e-03 7.218009326607e-03 8.536545559764e-03 1.308024395257e-02 1.470824703574e-02 1.586265489459e-02 3.287250176072e-02 4.521288722754e-02 5.810790136456e-02 8.155062049627e-02 8.804302662611e-02 1.926723271608e-01 3.658027946949e-01 1.727916449308e-01 1.840439438820e-01 3.256215155125e-01 2.751211524010e-01 1.910312175751e-01 1.622779965401e-01 2.034541070461e-01 1.046993285418e-01 1.388510167599e-01 1.687078177929e-01 2.014667987823e-01
5.326816812158e-03 6.040851119906e-03 6.344720255584e-03 6.415587384254e-03 7.185203488916e-03 7.728483993560e-03 8.325529284775e-03 7.389985956252e-03 7.117231376469e-03 7.343996781856e-03 7.890108041465e-03 7.852165028453e-03 6.756928749382e-03 5.722300615162e-03 5.424774251878e-03 4.896715283394e-03 4.218181129545e-03 4.694090224802e-03 5.314638838172e-03 5.875661503524e-03 6.452235858887e-03 7.407602854073e-03 1.113166194409e-02 1.086399890482e-02 1.201436575502e-02 2.975063771009e-02 6.361013650894e-02 8.584178239107e-02 1.207568794489e-01 6.344787776470e-02 1.868899166584e-01 9.350764751434e-02 1.003900915384e-01 1.157507672906e-01 1.846323013306e-01 2.024377286434e-01 2.623353898525e-01 2.388019561768e-01 1.777093559504e-01 1.519473642111e-01 1.163376271725e-01 1.252946108580e-01 1.010721698403e-01
5.219294689596e-03 5.771774798632e-03 5.744020454586e-03 5.848128348589e-03 6.249577738345e-03 6.945515982807e-03 7.516945712268e-03 6.714286748320e-03 5.264575593174e-03 5.623178556561e-03 6.104395724833e-03 7.172306068242e-03 7.445964496583e-03 6.185919977725e-03 5.827949382365e-03 7.051383610815e-03 6.251352373511e-03 5.093792453408e-03 5.545843392611e-03 5.774737335742e-03 7.040361873806e-03 7.816608063877e-03 8.733831346035e-03 1.074837055057e-02 1.247166935354e-02 2.169757708907e-02 4.576457291842e-02 5.452424287796e-02 7.488756626844e-02 4.241607710719e-02 9.004467725754e-02 6.881386041641e-02 1.144301667809e-01 6.995753943920e-02 1.380671411753e-01 1.032972112298e-01 1.639630794525e-01 2.010190635920e-01 1.791741549969e-01 2.415727972984e-01 2.195999920368e-01 1.756002306938e-01 1.544581800699e-01
5.026918835938e-03 5.435261875391e-03 5.227588582784e-03 5.323396530002e-03 5.347112659365e-03 5.205926485360e-03 5.766024813056e-03 5.450725089759e-03 6.506058387458e-03 7.043714635074e-03 6.393411662430e-03 6.464304402471e-03 7.116101216525e-03 7.406505756080e-03 6.771700456738e-03 8.744947612286e-03 7.784632034600e-03 5.950712133199e-03 5.984334275126e-03 5.951313301921e-03 6.840479560196e-03 7.422151509672e-03 8.341532200575e-03 1.108721550554e-02 1.302887406200e-02 1.945401169360e-02 2.923069894314e-02 3.373209387064e-02 3.620465099812e-02 4.575099423528e-02 7.625896483660e-02 1.169863939285e-01 7.899323105812e-02 1.875065416098e-01 6.578944623470e-02 8.583445101976e-02 1.754162758589e-01 2.454673200846e-01 1.201843097806e-01 1.358985900879e-01 8.645566552877e-02 1.630321145058e-01 1.438778340816e-01
4.484325181693e-03 4.846280440688e-03 4.660295322537e-03 4.581455141306e-03 4.253369290382e-03 4.303135443479e-03 4.541682079434e-03 5.983950570226e-03 7.435530889779e-03 7.641460280865e-03 6.676343269646e-03 7.378971669823e-03 8.212825283408e-03 7.989197038114e-03 7.927573285997e-03 8.211821317673e-03 8.819527924061e-03 1.032358873636e-02 9.252825751901e-03 8.308882825077e-03 8.555856533349e-03 9.205256588757e-03 1.100093498826e-02 1.126982364804e-02 1.363524142653e-02 1.676476933062e-02 2.752911299467e-02 2.748380973935e-02 4.909555986524e-02 9.935857355595e-02 1.235516741872e-01 6.328371912241e-02 6.349410861731e-02 1.909738332033e-01 1.011563614011e-01 1.244921088219e-01 1.103938296437e-01 1.431718468666e-01 1.045736148953e-01 4.004591703415e-02 3.812059015036e-02 5.147270113230e-02 1.018472984433e-01
4.128360189497e-03 4.133511800319e-03 4.104888066649e-03 4.048923961818e-03 4.159812349826e-03 4.403367638588e-03 4.678776953369e-03 5.582514684647e-03 6.261033471674e-03 5.951427854598e-03 7.008022163063e-03 7.542700506747e-03 7.325003854930e-03 7.701730821282e-03 1.053607929498e-02 1.466605346650e-02 1.663015782833e-02 2.107975631952e-02 2.103177271783e-02 2.264374680817e-02 1.615920849144e-02 1.542580965906e-02 1.789119839668e-02 1.498168427497e-02 1.710103638470e-02 2.363866753876e-02 7.093217968941e-02 6.618924438953e-02 6.361720710993e-02 8.578467369080e-02 4.840923100710e-02 5.104475095868e-02 6.839554756880e-02 3.916068002582e-02 2.122307866812e-01 2.954681217670e-01 2.638618350029e-01 6.102764606476e-02 2.889744751155e-02 2.387635223567e-02 2.334221266210e-02 2.760306186974e-02 2.913717553020e-02
3.837276948616e-03 3.981222864240e-03 3.830781672150e-03 4.124322440475e-03 4.412527196109e-03 5.048738792539e-03 5.050291772932e-03 5.850212648511e-03 6.406340748072e-03 7.450185250491e-03 7.716443389654e-03 9.162592701614e-03 9.605018422008e-03 8.885722607374e-03 2.146800234914e-02 7.704298943281e-02 6.088724732399e-02 3.632911294699e-02 4.085866361856e-02 5.086982250214e-02 3.759678080678e-02 1.979517005384e-02 2.304122038186e-02 2.886850759387e-02 2.804646454751e-02 5.228079482913e-02 7.353620231152e-02 6.518866121769e-02 5.312928557396e-02 4.800605401397e-02 5.446979776025e-02 5.079580098391e-02 3.837461024523e-02 3.199259936810e-02 5.430001765490e-02 2.496219128370e-01 2.601529061794e-01 5.365248024464e-02 1.907614804804e-02 1.943245157599e-02 1.747538335621e-02 1.679230853915e-02 2.762634120882e-02
3.847688902169e-03 4.146136343479e-03 5.248793400824e-03 5.867077969015e-03 5.387379322201e-03 8.930332027376e-03 1.049991697073e-02 1.067064981908e-02 9.012711234391e-03 8.815872482955e-03 9.666996076703e-03 1.215200498700e-02 1.211563684046e-02 4.465879127383e-02 3.153948187828e-01 3.970002532005e-01 1.851540058851e-01 1.059587597847e-01 8.469340205193e-02 6.621719896793e-02 3.162529319525e-02 3.143131360412e-02 6.860481947660e-02 1.463794410229e-01 1.200273633003e-01 6.399641931057e-02 7.473637908697e-02 6.083978340030e-02 6.445086747408e-02 4.455254971981e-02 1.101988554001e-01 4.411412402987e-02 3.392378240824e-02 2.397739700973e-02 1.589561253786e-02 5.142004042864e-02 5.676990002394e-02 1.389042567462e-02 9.324586018920e-03 1.097343862057e-02 1.356826908886e-02 1.516799349338e-02 1.418307702988e-02
4.719504155219e-03 7.424957584590e-03 1.012344285846e-02 1.100165769458e-02 1.419152040035e-02 1.886761561036e-02 1.853740774095e-02 1.635198295116e-02 1.405940577388e-02 1.084240060300e-02 1.305198390037e-02 1.443386450410e-02 8.032269775867e-02 4.427949786186e-01 6.053814888000e-01 2.110224366188e-01 6.671947240829e-02 4.081444814801e-02 4.152440652251e-02 3.630842268467e-02 3.482345864177e-02 7.933634519577e-02 1.563915759325e-01 2.077970504761e-01 1.671705991030e-01 8.601196110249e-02 5.928491801023e-02 4.361011087894e-02 3.945251181722e-02 3.515554219484e-02 4.739654809237e-02 2.178725041449e-02 2.463071793318e-02 1.996799744666e-02 1.254322007298e-02 7.436505518854e-03 6.130181252956e-03 5.969627760351e-03 6.271115969867e-03 7.810586132109e-03 1.048780605197e-02 1.326320320368e-02 1.356835477054e-02
7.818692363799e-03 1.169369276613e-02 1.553648058325e-02 2.078787796199e-02 4.023018106818e-02 3.987726196647e-02 5.579788610339e-02 4.011033475399e-02 4.559629410505e-02 2.708380483091e-02 1.523833721876e-02 1.048029363155e-01 4.221185743809e-01 4.201092123985e-01 1.098973229527e-01 3.313939273357e-02 6.151739880443e-02 8.126442879438e-02 5.740343034267e-02 6.677000969648e-02 8.072439581156e-02 8.115942776203e-02 1.182524263859e-01 9.660837054253e-02 6.537207216024e-02 5.093107745051e-02 3.174914419651e-02 1.233987417072e-02 1.266252528876e-02 1.252184063196e-02 1.603760384023e-02 1.173088978976e-02 1.033313851804e-02 7.138157729059e-03 7.298995275050e-03 7.434229832143e-03 7.673916406929e-03 8.055117912591e-03 8.566771633923e-03 9.226207621396e-03 9.327821433544e-03 1.113441400230e-02 1.411018148065e-02
