100/SI/f128.grd
DSAA
101	101
32.816463539100	34.260883539100
35.556306596100	36.727886596100
6.310761818895e-05	1.034823703766e+01
[rows 57 to 75 of 101, columns 0 to 42 of 101]
3.495184704661e-03 5.741395521909e-03 6.231063045561e-03 6.237133406103e-03 6.608614698052e-03 8.080564439297e-03 9.045201353729e-03 9.916094131768e-03 1.073114946485e-02 1.096671447158e-02 1.054972410202e-02 1.477279141545e-02 2.530962042511e-02 1.383527554572e-02 1.007211208344e-02 1.518394798040e-02 1.359435636550e-02 1.523115858436e-02 1.840944774449e-02 1.919315382838e-02 1.975516602397e-02 1.476343255490e-02 1.026906631887e-02 9.029118344188e-03 9.792046621442e-03 1.356212329119e-02 2.167590521276e-02 2.689075283706e-02 2.103431895375e-02 1.226749084890e-02 9.601191617548e-03 7.560461759567e-03 7.921810261905e-03 9.505820460618e-03 1.124866772443e-02 1.444056630135e-02 1.663833484054e-02 1.794969476759e-02 2.966266497970e-02 3.886179625988e-02 3.331044688821e-02 2.952713891864e-02 3.327159956098e-02
4.416560754180e-03 7.229912094772e-03 8.259247988462e-03 8.382236585021e-03 8.290500380099e-03 8.063646964729e-03 8.051211945713e-03 8.430499583483e-03 8.780607022345e-03 1.428878679872e-02 4.636690020561e-02 5.369216948748e-02 2.006076835096e-02 1.040487363935e-02 1.044564973563e-02 9.730013087392e-03 1.052133180201e-02 1.047943625599e-02 1.194325275719e-02 1.513450592756e-02 1.835487969220e-02 1.960777305067e-02 1.370762567967e-02 8.623561821878e-03 9.929184801877e-03 1.515018008649e-02 2.288444340229e-02 2.451902441680e-02 2.482296712697e-02 1.578438654542e-02 9.527259506285e-03 8.648038841784e-03 8.287633769214e-03 9.901372715831e-03 1.169215328991e-02 1.210704725236e-02 1.245164871216e-02 1.298456732184e-02 1.309703569859e-02 1.413568574935e-02 1.703909598291e-02 2.329337783158e-02 2.681425213814e-02
5.907573737204e-03 9.713376872241e-03 1.123924832791e-02 1.599913649261e-02 2.056314423680e-02 2.611494995654e-02 3.437875583768e-02 5.015391856432e-02 9.203136712313e-02 1.299485713243e-01 8.642328530550e-02 2.199783176184e-02 1.484830956906e-02 1.298934500664e-02 9.444115683436e-03 9.931245818734e-03 1.049736421555e-02 1.032946258783e-02 9.838734753430e-03 1.050816662610e-02 1.770913600922e-02 2.007174305618e-02 1.423326786608e-02 8.180799894035e-03 6.416760850698e-03 9.897491894662e-03 1.403690222651e-02 1.447320170701e-02 1.513209939003e-02 1.230380218476e-02 8.582156151533e-03 9.034277871251e-03 8.551683276892e-03 9.597792290151e-03 1.158568076789e-02 1.201089471579e-02 1.145054120570e-02 1.050728559494e-02 9.691395796835e-03 1.084909588099e-02 1.383393350989e-02 1.773610524833e-02 2.343849651515e-02
5.772669333965e-03 1.035146787763e-02 1.809827983379e-02 2.590300701559e-02 3.282174840569e-02 4.349482804537e-02 6.332242488861e-02 9.459555894136e-02 9.507919102907e-02 4.397851228714e-02 1.060219947249e-02 1.236433256418e-02 1.344934199005e-02 1.195097714663e-02 1.072445698082e-02 1.125813275576e-02 1.128080021590e-02 1.082281582057e-02 8.411569520831e-03 8.218024857342e-03 1.275443937629e-02 1.423167902976e-02 1.056077238172e-02 6.605411879718e-03 5.074382759631e-03 5.481991451234e-03 7.351055741310e-03 9.092845022678e-03 1.068522967398e-02 9.229182265699e-03 8.442579768598e-03 7.896220311522e-03 8.428703993559e-03 9.336763992906e-03 1.120717264712e-02 1.149099320173e-02 1.040471158922e-02 8.913573808968e-03 8.164487779140e-03 9.076775051653e-03 1.338603999466e-02 1.686039753258e-02 2.144737727940e-02
3.496229881421e-03 6.095239892602e-03 7.452401332557e-03 7.844974286854e-03 7.858816534281e-03 7.823335006833e-03 7.753455080092e-03 7.585886400193e-03 7.439217064530e-03 7.273719646037e-03 6.823658011854e-03 7.187279872596e-03 7.877536118031e-03 1.007906068116e-02 1.133623812348e-02 1.184038165957e-02 1.139417756349e-02 1.010681968182e-02 7.462265901268e-03 5.937608424574e-03 7.140314206481e-03 7.410108111799e-03 5.845413077623e-03 4.332531243563e-03 3.814975731075e-03 4.182392731309e-03 5.369734484702e-03 6.457100622356e-03 7.674966007471e-03 8.262768387794e-03 7.819904014468e-03 6.987385451794e-03 8.104971610010e-03 9.813773445785e-03 1.171615254134e-02 1.134010497481e-02 9.423046372831e-03 7.474025711417e-03 8.276478387415e-03 9.269243106246e-03 1.382909156382e-02 1.717347651720e-02 2.021518163383e-02
1.641124952585e-03 3.059510607272e-03 3.968920558691e-03 4.384311847389e-03 4.545622039586e-03 4.677672870457e-03 4.803693387657e-03 4.896250553429e-03 5.041599739343e-03 5.187320057303e-03 5.082934629172e-03 4.777950700372e-03 4.874616861343e-03 6.472086533904e-03 7.615379989147e-03 8.016858249903e-03 7.293027359992e-03 6.487351842225e-03 5.477691069245e-03 4.642207175493e-03 3.806430846453e-03 3.552311332896e-03 2.931267488748e-03 3.251573070884e-03 3.835556562990e-03 4.034137353301e-03 4.453828558326e-03 5.366797558963e-03 6.497151684016e-03 7.108108606189e-03 7.003255654126e-03 6.612847559154e-03 8.097865618765e-03 1.087671332061e-02 1.264188252389e-02 1.141475047916e-02 8.563201874495e-03 7.357940543443e-03 8.484995923936e-03 9.994108229876e-03 1.342330686748e-02 1.511163171381e-02 1.743083074689e-02
1.130553893745e-03 1.904196338728e-03 2.364923944697e-03 2.690024441108e-03 2.894390840083e-03 3.072716761380e-03 3.243655199185e-03 3.386520780623e-03 3.557676449418e-03 3.733012126759e-03 3.756342921406e-03 3.635444678366e-03 3.496831981465e-03 3.372770501301e-03 3.403299720958e-03 3.859746037051e-03 4.070268943906e-03 4.015067592263e-03 3.684234805405e-03 3.519246121868e-03 3.031112719327e-03 2.843937836587e-03 2.503365045413e-03 3.311924636364e-03 4.082760307938e-03 4.472731612623e-03 4.447810817510e-03 4.402319435030e-03 5.366750527173e-03 5.968919023871e-03 6.113253999501e-03 6.076641380787e-03 8.225977420807e-03 1.151397638023e-02 1.270635891706e-02 1.060610637069e-02 7.496909238398e-03 7.399350870401e-03 8.874586783350e-03 9.968489408493e-03 1.156131550670e-02 1.330360118300e-02 1.366172730923e-02
9.144484647550e-04 1.557659823447e-03 1.963737886399e-03 2.159883733839e-03 2.299773506820e-03 2.418346470222e-03 2.505360636860e-03 2.521849237382e-03 2.605907386169e-03 2.706500701606e-03 2.727900398895e-03 2.682251390070e-03 2.636655000970e-03 2.576492493972e-03 2.676262520254e-03 3.074956825003e-03 3.268259810284e-03 3.224663203582e-03 2.982032950968e-03 2.783978125080e-03 2.944560954347e-03 2.859052736312e-03 2.487561432645e-03 3.306716913357e-03 4.172177985311e-03 4.701596219093e-03 4.764364100993e-03 4.614493809640e-03 4.725285340101e-03 5.178716499358e-03 5.393539089710e-03 5.680661648512e-03 8.186300285161e-03 1.126883551478e-02 1.160379685462e-02 9.126010350883e-03 6.949475966394e-03 7.627485319972e-03 9.296938776970e-03 9.822393767536e-03 1.025042962283e-02 1.108511444181e-02 1.017697248608e-02
8.792319567874e-04 1.408568117768e-03 1.787213375792e-03 1.962175592780e-03 2.037528902292e-03 2.102070953697e-03 2.124828752130e-03 2.090180292726e-03 2.099802950397e-03 2.126239705831e-03 2.142615150660e-03 2.224029274657e-03 2.288274001330e-03 2.340323058888e-03 2.402184996754e-03 2.497519366443e-03 2.670190297067e-03 2.705094404519e-03 2.730817999691e-03 2.622308442369e-03 2.704932587221e-03 2.827141433954e-03 2.510120626539e-03 3.133274381980e-03 3.959137015045e-03 4.509011749178e-03 4.605591297150e-03 4.505984485149e-03 4.752898123115e-03 4.890479613096e-03 4.982599522918e-03 5.314602516592e-03 7.682054769248e-03 1.011990010738e-02 9.830917231739e-03 7.843492552638e-03 6.792498752475e-03 8.180206641555e-03 9.415211156011e-03 9.189764969051e-03 8.919942192733e-03 8.993783965707e-03 8.272483944893e-03
8.237758884206e-04 1.307771075517e-03 1.641198410653e-03 1.789218513295e-03 1.852460089140e-03 1.898926333524e-03 1.903745811433e-03 1.861969358288e-03 1.862019998953e-03 2.002409426495e-03 2.123244572431e-03 2.232086146250e-03 2.328280592337e-03 2.409020904452e-03 2.482168842107e-03 2.552977995947e-03 2.605252666399e-03 2.613267861307e-03 2.561174798757e-03 2.493313513696e-03 2.499178750440e-03 2.728408901021e-03 2.579371677712e-03 2.843429101631e-03 3.543422324583e-03 4.030096810311e-03 4.661980085075e-03 5.088548641652e-03 5.107035860419e-03 4.941282793880e-03 4.830962978303e-03 4.953134339303e-03 6.754596251994e-03 8.434015326202e-03 8.077849633992e-03 6.996856071055e-03 7.338916417211e-03 8.327012881637e-03 8.906690403819e-03 8.079399354756e-03 7.476299069822e-03 7.104861550033e-03 7.078616879880e-03
7.598995580338e-04 1.204331056215e-03 1.508898683824e-03 1.650057034567e-03 1.709541887976e-03 1.734921708703e-03 1.721804379486e-03 1.713954959996e-03 1.745627028868e-03 1.895322115161e-03 2.030105097219e-03 2.156353089958e-03 2.272248966619e-03 2.369277179241e-03 2.444393234327e-03 2.493092324585e-03 2.499121008441e-03 2.703895792365e-03 2.761110430583e-03 2.562619047239e-03 2.337618730962e-03 2.503929426894e-03 2.555543556809e-03 2.556348918006e-03 3.118719672784e-03 3.522351616994e-03 4.253113642335e-03 4.941961728036e-03 5.104373674840e-03 4.936435725540e-03 4.735559690744e-03 4.676033742726e-03 5.393892992288e-03 6.545753683895e-03 6.425340194255e-03 5.937725305557e-03 6.348631344736e-03 7.058102171868e-03 7.301329169422e-03 6.353416014463e-03 5.862434860319e-03 5.433575250208e-03 5.337574053556e-03
7.060511270538e-04 1.120838802308e-03 1.409948687069e-03 1.550406683236e-03 1.601677271537e-03 1.604589866474e-03 1.578674302436e-03 1.584616256878e-03 1.648255391046e-03 1.712187076919e-03 1.845806604251e-03 1.976768951863e-03 2.097954973578e-03 2.199963200837e-03 2.273701364174e-03 2.370506757870e-03 2.601212821901e-03 2.928089117631e-03 3.072869963944e-03 2.989961300045e-03 2.737094881013e-03 2.435196656734e-03 2.502692630515e-03 2.534888917580e-03 2.778905443847e-03 3.103058319539e-03 3.198087215424e-03 3.847124055028e-03 4.353206139058e-03 4.507010802627e-03 4.452163819224e-03 4.511846695095e-03 4.651274066418e-03 4.810531158000e-03 4.769078921527e-03 4.611590877175e-03 4.876079503447e-03 5.675023421645e-03 6.039055995643e-03 4.963017534465e-03 4.431703593582e-03 3.957130946219e-03 4.358757287264e-03
6.670785369352e-04 1.062072697096e-03 1.341189490631e-03 1.474269432947e-03 1.509565627202e-03 1.497186603956e-03 1.471074181609e-03 1.464431174099e-03 1.515342621133e-03 1.580437296070e-03 1.604410354048e-03 1.731529366225e-03 1.848372863606e-03 1.948508783244e-03 2.037284662947e-03 2.263552974910e-03 2.646002685651e-03 3.019155701622e-03 3.272429807112e-03 3.349107922986e-03 3.257930977270e-03 3.064284101129e-03 2.830770099536e-03 2.615766832605e-03 2.516807289794e-03 2.778406022117e-03 2.835319610313e-03 2.716424642131e-03 3.312797751278e-03 3.801054321229e-03 4.123664461076e-03 4.362072329968e-03 4.507740959525e-03 4.366873763502e-03 3.915126435459e-03 3.829415189102e-03 4.305554088205e-03 5.383222829551e-03 6.238491740078e-03 5.602227523923e-03 4.123308230191e-03 3.686841111630e-03 4.190446343273e-03
6.529393722303e-04 1.037903595716e-03 1.305750221945e-03 1.423202105798e-03 1.441535423510e-03 1.420868444256e-03 1.409906661138e-03 1.429066644050e-03 1.421321532689e-03 1.435280893929e-03 1.469882670790e-03 1.624519238248e-03 1.786922570318e-03 1.955412793905e-03 2.104515675455e-03 2.314677461982e-03 2.691094530746e-03 3.072598017752e-03 3.416155930609e-03 3.629328450188e-03 3.666405333206e-03 3.576245624572e-03 3.422271925956e-03 3.265109844506e-03 3.172978060320e-03 3.113685641438e-03 2.999784192070e-03 2.829018980265e-03 3.280042205006e-03 3.679212415591e-03 3.977509215474e-03 4.249714780599e-03 4.394008312374e-03 4.105005878955e-03 3.906389698386e-03 4.004461225122e-03 4.337843507528e-03 5.201217252761e-03 6.008206866682e-03 5.448049865663e-03 4.208402242512e-03 3.671938553452e-03 4.177588038146e-03
6.638992344961e-04 1.049859798513e-03 1.308988779783e-03 1.411793404259e-03 1.417603809386e-03 1.388631993905e-03 1.388048171066e-03 1.394387916662e-03 1.425119698979e-03 1.432895543985e-03 1.522050821222e-03 1.675122999586e-03 1.824803417549e-03 1.967361429706e-03 2.082684542984e-03 2.383287064731e-03 2.809744095430e-03 3.213202115148e-03 3.603346180171e-03 3.886574413627e-03 3.979400731623e-03 3.920781426132e-03 3.775964491069e-03 3.595646703616e-03 3.447242546827e-03 3.300060518086e-03 3.053369233385e-03 2.800355898216e-03 3.213576273993e-03 3.561351448298e-03 3.859981428832e-03 4.147872328758e-03 4.243627656251e-03 3.900503739715e-03 3.961182665080e-03 4.079949576408e-03 4.435349721462e-03 5.042008589953e-03 5.428481381387e-03 4.772179760039e-03 3.908240702003e-03 3.409410594031e-03 3.877336159348e-03
6.810712511651e-04 1.073714578524e-03 1.328830607235e-03 1.422972185537e-03 1.421413151547e-03 1.411333912984e-03 1.471293158829e-03 1.513169030659e-03 1.537050120533e-03 1.540906843729e-03 1.527511747554e-03 1.610012724996e-03 1.777413766831e-03 1.988769974560e-03 2.057150937617e-03 2.335437107831e-03 2.875510137528e-03 3.341564442962e-03 3.711043624207e-03 3.943759948015e-03 3.995736129582e-03 3.888664767146e-03 3.687893738970e-03 3.452307544649e-03 3.231251379475e-03 3.008568426594e-03 2.693815622479e-03 2.797649009153e-03 3.152764402330e-03 3.466216148809e-03 3.751553595066e-03 3.989525139332e-03 3.991054836661e-03 3.679445246235e-03 4.026539623737e-03 5.028590094298e-03 4.758058115840e-03 5.006882362068e-03 4.821976646781e-03 4.076802637428e-03 3.537210868672e-03 3.101363545284e-03 3.518521785736e-03
6.715916097164e-04 1.055322354659e-03 1.298378221691e-03 1.385269802995e-03 1.383102848195e-03 1.416926621459e-03 1.455673598684e-03 1.474674558267e-03 1.479731174186e-03 1.471090596169e-03 1.471584197134e-03 1.651857630350e-03 1.922501949593e-03 2.153231063858e-03 2.222250681370e-03 2.174097346142e-03 2.749435603619e-03 3.225945169106e-03 3.494535107166e-03 3.589055500925e-03 3.539019497111e-03 3.347295569256e-03 3.092007245868e-03 2.870575059205e-03 2.691038884223e-03 2.497864887118e-03 2.505198586732e-03 2.775107044727e-03 3.089106874540e-03 3.370934864506e-03 3.616651985794e-03 3.752807620913e-03 3.648317418993e-03 3.528748638928e-03 4.199706949294e-03 4.492135252804e-03 4.587744828314e-03 5.029492080212e-03 4.876078106463e-03 3.997686319053e-03 3.439351217821e-03 3.161246888340e-03 3.416256979108e-03
6.150775006972e-04 9.603339713067e-04 1.174481352791e-03 1.249951310456e-03 1.321808784269e-03 1.379437046126e-03 1.354734878987e-03 1.298942603171e-03 1.283918740228e-03 1.372636645101e-03 1.499123056419e-03 1.733474549837e-03 2.049405826256e-03 2.288458170369e-03 2.355300122872e-03 2.316083526239e-03 2.517104847357e-03 2.922240411863e-03 3.073606872931e-03 3.039745613933e-03 2.888482762501e-03 2.621091203764e-03 2.515939762816e-03 2.979084150866e-03 3.021144308150e-03 2.896188991144e-03 2.837136387825e-03 2.847719006240e-03 3.003889927641e-03 3.249139757827e-03 3.420287510380e-03 3.425600472838e-03 3.217011922970e-03 3.259378485382e-03 3.827183507383e-03 5.450781900436e-03 4.673858173192e-03 6.552635692060e-03 5.814724136144e-03 4.886324983090e-03 4.142019432038e-03 3.409859957173e-03 3.847802290693e-03
6.344774155878e-04 9.352941997349e-04 1.147852395661e-03 1.326345256530e-03 1.461534062400e-03 1.493572141044e-03 1.450283452868e-03 1.368593424559e-03 1.273365691304e-03 1.385678886436e-03 1.536063035019e-03 1.820219913498e-03 2.169782295823e-03 2.413253532723e-03 2.479058224708e-03 2.440348500386e-03 2.310804789886e-03 2.661232370883e-03 2.763276221231e-03 2.916282974184e-03 3.960860427469e-03 3.630943829194e-03 2.732047578320e-03 3.107792465016e-03 3.017175011337e-03 2.779441652820e-03 2.639447804540e-03 2.649463946000e-03 2.901330823079e-03 3.090481972322e-03 3.156164661050e-03 3.032598877326e-03 2.757041482255e-03 2.928457222879e-03 3.246537642553e-03 4.846226423979e-03 6.074137985706e-03 9.517347440124e-03 8.802755735815e-03 5.789379589260e-03 4.408480133861e-03 4.061233717948e-03 5.005233455449e-03
