100/SI/f13.grd
DSAA
101	101
32.816463539100	34.260883539100
35.556306596100	36.727886596100
3.635839384515e-04	8.825280189514e+00
[rows 38 to 56 of 101, columns 0 to 42 of 101]
1.001653354615e-02 1.902626827359e-02 2.299901843071e-02 2.571041509509e-02 2.838199585676e-02 3.062152117491e-02 3.208222985268e-02 3.240729123354e-02 3.138185292482e-02 2.873253449798e-02 2.761729061604e-02 2.940492145717e-02 3.016998618841e-02 3.636747226119e-02 4.494833573699e-02 5.728204175830e-02 7.544622570276e-02 8.881547302008e-02 6.809036433697e-02 6.343314051628e-02 7.590288668871e-02 7.751379907131e-02 5.931269377470e-02 3.957717865705e-02 5.818051099777e-02 5.294835194945e-02 5.443562939763e-02 4.129110649228e-02 3.859897330403e-02 3.842829912901e-02 4.039369150996e-02 4.635306075215e-02 5.030136927962e-02 5.412153154612e-02 5.049226060510e-02 4.238401725888e-02 5.791151151061e-02 5.526644363999e-02 5.725359171629e-02 7.363574951887e-02 7.832636684179e-02 1.190292835236e-01 1.671725213528e-01
1.080399286002e-02 1.993868686259e-02 2.157731167972e-02 2.167426608503e-02 2.267455309629e-02 2.527059800923e-02 2.835606411099e-02 3.127394616604e-02 3.360759094357e-02 3.494495898485e-02 3.503558039665e-02 3.345623612404e-02 3.016193211079e-02 2.827173098922e-02 3.059642575681e-02 3.263493999839e-02 4.200914502144e-02 5.350416898727e-02 5.507182329893e-02 6.226737424731e-02 6.490039080381e-02 6.397552043200e-02 6.252618134022e-02 5.973904207349e-02 6.141664832830e-02 3.821809962392e-02 4.523769021034e-02 6.534321606159e-02 8.971891552210e-02 9.198094904423e-02 7.007037848234e-02 4.045565426350e-02 4.256327450275e-02 5.224571749568e-02 7.556761056185e-02 6.436617672443e-02 4.853471368551e-02 6.373129785061e-02 5.616461858153e-02 6.371199339628e-02 9.484800696373e-02 1.110106930137e-01 1.327353566885e-01
1.121270377189e-02 2.080469205976e-02 2.280071191490e-02 2.285356633365e-02 2.294516563416e-02 2.294413000345e-02 2.280253916979e-02 2.210865169764e-02 2.480488643050e-02 2.845280803740e-02 3.216993063688e-02 3.506284207106e-02 3.683428838849e-02 3.712853044271e-02 3.526304289699e-02 3.233193606138e-02 3.474172949791e-02 3.719492256641e-02 4.081349074841e-02 7.270739227533e-02 8.688207715750e-02 7.854875177145e-02 5.839354917407e-02 5.806828662753e-02 6.161104515195e-02 4.159883037210e-02 3.314616531134e-02 2.875802107155e-02 3.709940239787e-02 5.997019261122e-02 7.307688146830e-02 9.697182476521e-02 1.126347854733e-01 9.566491842270e-02 5.857587978244e-02 9.984435141087e-02 1.183334887028e-01 6.668860465288e-02 7.456540316343e-02 6.884132325649e-02 7.067192345858e-02 1.177748665214e-01 1.428753435612e-01
1.070893555880e-02 1.998841390014e-02 2.221148088574e-02 2.260075137019e-02 2.278637699783e-02 2.285727113485e-02 2.315375953913e-02 2.344739995897e-02 2.339976094663e-02 2.281652018428e-02 2.191860601306e-02 2.258424088359e-02 2.641230821609e-02 3.046045824885e-02 3.421455249190e-02 3.688711300492e-02 3.765371441841e-02 4.004945605993e-02 4.854661598802e-02 7.732967287302e-02 1.236115172505e-01 1.680839359760e-01 1.541802436113e-01 1.206912323833e-01 8.248400688171e-02 6.344676762819e-02 6.811103224754e-02 6.624340265989e-02 5.824517086148e-02 6.000962480903e-02 6.706885993481e-02 8.348611742258e-02 8.257158845663e-02 9.712892025709e-02 7.197181880474e-02 1.069402992725e-01 1.193217486143e-01 1.323335021734e-01 1.047467961907e-01 9.107813239098e-02 7.150949537754e-02 1.091146767139e-01 1.827499121428e-01
9.865227155387e-03 1.746833324432e-02 1.987005211413e-02 2.077094838023e-02 2.311851643026e-02 2.703317627311e-02 2.772217988968e-02 2.467610687017e-02 2.262566983700e-02 2.293358556926e-02 2.310124598444e-02 2.294532582164e-02 2.269915118814e-02 2.333045564592e-02 2.479812689126e-02 2.654532715678e-02 3.140982612967e-02 3.629556670785e-02 3.934881463647e-02 4.884508252144e-02 8.227112144232e-02 1.385977417231e-01 1.773415207863e-01 1.845470368862e-01 1.535229235888e-01 9.333638101816e-02 4.905320703983e-02 5.725073069334e-02 7.114715874195e-02 7.950273901224e-02 8.479867875576e-02 7.918956875801e-02 7.396227121353e-02 1.060182452202e-01 9.796322137117e-02 1.250957250595e-01 9.468449652195e-02 1.232533305883e-01 1.194510757923e-01 1.649420112371e-01 1.713663488626e-01 1.366542130709e-01 1.454225480556e-01
1.179232355207e-02 2.443480119109e-02 2.629849314690e-02 2.745353430510e-02 2.719556912780e-02 2.535667084157e-02 2.358876913786e-02 2.844299562275e-02 2.997113950551e-02 2.600439824164e-02 2.223997004330e-02 2.237128280103e-02 2.267365716398e-02 2.350868284702e-02 2.419486269355e-02 2.284678258002e-02 2.266804315150e-02 4.216470941901e-02 4.873172193766e-02 3.496026247740e-02 3.913611173630e-02 4.024508222938e-02 5.816112458706e-02 7.456128299236e-02 7.564181089401e-02 6.454073637724e-02 4.731959477067e-02 3.433722630143e-02 3.848360478878e-02 4.054497554898e-02 4.159572720528e-02 5.585753172636e-02 7.260522246361e-02 9.848841279745e-02 1.268272995949e-01 9.830744564533e-02 9.809037297964e-02 1.086099743843e-01 1.265736520290e-01 1.628455519676e-01 1.720272600651e-01 1.744144409895e-01 2.159246504307e-01
2.134194038808e-02 1.233965307474e-01 6.565954536200e-02 1.678184866905e-01 4.317294433713e-02 3.166389465332e-02 2.452411316335e-02 3.207876160741e-02 3.592101112008e-02 2.978339232504e-02 2.066409029067e-02 2.146404609084e-02 2.223252505064e-02 2.288958616555e-02 2.336477860808e-02 2.388624846935e-02 2.855759672821e-02 2.694140188396e-02 6.522335857153e-02 4.849512502551e-02 2.930830791593e-02 3.698050975800e-02 3.794739395380e-02 3.679801523685e-02 4.013311862946e-02 3.539137542248e-02 3.852963075042e-02 4.345197230577e-02 5.306120216846e-02 5.958895012736e-02 5.726196244359e-02 5.797652900219e-02 7.000097632408e-02 8.657966554165e-02 1.003376990557e-01 1.547453254461e-01 1.688885390759e-01 1.216101348400e-01 1.559678167105e-01 1.807361692190e-01 1.900415569544e-01 2.084025591612e-01 1.938538849354e-01
5.355782806873e-02 3.157197311521e-02 3.430851548910e-02 3.634886071086e-02 3.793767094612e-02 3.915652260184e-02 4.056939110160e-02 4.075051099062e-02 3.812312707305e-02 3.347492963076e-02 3.308960050344e-02 2.805216237903e-02 2.665705792606e-02 2.377037145197e-02 2.252146415412e-02 2.351965382695e-02 2.425785362720e-02 3.230754658580e-02 2.614835202694e-01 3.273122012615e-01 4.432139918208e-02 4.661637544632e-02 4.430824145675e-02 4.501488059759e-02 4.658640176058e-02 5.162939056754e-02 6.013041362166e-02 6.326743960381e-02 6.558772921562e-02 7.181166112423e-02 7.394609600306e-02 7.893761247396e-02 8.572681248188e-02 7.404119521379e-02 7.506539672613e-02 1.294671595097e-01 1.235125139356e-01 1.798117905855e-01 1.986457258463e-01 1.951208710670e-01 1.934740394354e-01 3.174234926701e-01 2.500548958778e-01
1.728113591671e-01 4.115639626980e-01 3.813922405243e-02 4.914178699255e-02 5.463105440140e-02 5.407054722309e-02 4.845230653882e-02 4.246533289552e-02 3.823801502585e-02 3.547816351056e-02 4.032250866294e-02 3.844932466745e-02 2.908390387893e-02 1.937461644411e-02 1.915446482599e-02 5.918265506625e-02 9.970784187317e-02 1.037293672562e-01 2.202611416578e-01 2.715203762054e-01 7.045616209507e-02 7.723772525787e-02 6.747718155384e-02 4.616013914347e-02 5.310036242008e-02 7.115506380796e-02 6.475413590670e-02 6.689266115427e-02 7.260213792324e-02 7.432360947132e-02 1.261913776398e-01 1.514623314142e-01 1.291029751301e-01 1.337314695120e-01 1.158663332462e-01 1.007144898176e-01 1.182627975941e-01 1.084454655647e-01 1.330773383379e-01 1.792942881584e-01 2.215315103531e-01 1.963742673397e-01 1.982968002558e-01
6.601271033287e-02 1.143356785178e-01 1.605906151235e-02 1.442086789757e-02 1.383836101741e-02 6.068721041083e-02 1.503177434206e-01 1.471459120512e-01 7.552073150873e-02 2.101635187864e-02 1.745545677841e-02 1.965156383812e-02 1.953438296914e-02 1.736190542579e-02 9.046261757612e-02 1.107434332371e-01 5.260179936886e-02 6.313566863537e-02 7.427618652582e-02 9.677221626043e-02 1.947550177574e-01 7.495617866516e-02 9.343884140253e-02 8.993964642286e-02 8.173665404320e-02 7.722678780556e-02 7.746851444244e-02 1.130578145385e-01 1.232010275126e-01 2.288361042738e-01 4.322406053543e-01 2.774945795536e-01 2.100830823183e-01 1.512580960989e-01 2.425281554461e-01 1.714102625847e-01 1.446591466665e-01 1.701351106167e-01 2.199206799269e-01 2.670005857944e-01 2.888254225254e-01 2.801744937897e-01 2.990084588528e-01
4.234290122986e-02 7.148462533951e-02 1.347228791565e-02 1.275071594864e-02 2.567717619240e-02 1.122091040015e-01 2.604683637619e-01 2.558342516422e-01 1.139704436064e-01 1.118702255189e-02 1.038068719208e-02 1.336419582367e-02 1.312804035842e-02 1.308625191450e-02 1.293193697929e-01 1.183802336454e-01 7.285259664059e-02 5.135533958673e-02 4.907668754458e-02 2.143425121903e-02 8.855257183313e-02 6.822736859322e-01 7.084544748068e-02 6.833761930466e-02 1.613172143698e-01 9.686913341284e-02 6.344336271286e-02 6.477349996567e-02 6.129227578640e-02 1.016751527786e-01 1.023153662682e-01 1.461951732635e-01 8.417043834925e-02 1.207960471511e-01 2.409976273775e-01 3.586687743664e-01 1.779806315899e-01 1.640405058861e-01 1.505421847105e-01 1.559941470623e-01 1.540018320084e-01 3.129787743092e-01 4.390096664429e-01
2.573331817985e-02 3.921356797218e-02 1.074100844562e-02 1.077021379024e-02 9.837417863309e-03 6.278052926064e-02 1.507115066051e-01 1.166118755937e-01 8.200506120920e-02 1.624685339630e-02 6.233544088900e-03 3.467805683613e-02 4.735447093844e-02 4.049781337380e-02 3.362298011780e-02 3.329939022660e-02 4.097878932953e-02 3.744961693883e-02 4.184564575553e-02 3.943170979619e-02 8.226384967566e-02 1.113385260105e-01 6.988863646984e-02 7.336957007647e-02 1.655806601048e-01 1.569680273533e-01 3.754091560841e-01 4.063920974731e-01 1.147108227015e-01 3.534302711487e-01 1.020867705345e+00 1.489641427994e+00 8.825961947441e-01 1.746920794249e-01 2.428130507469e-01 3.100784122944e-01 2.179575115442e-01 1.042319610715e-01 1.143659725785e-01 9.981948882341e-02 1.937881559134e-01 2.681720852852e-01 2.363688498735e-01
1.680354215205e-02 5.390862002969e-02 3.669622540474e-02 1.940538361669e-02 1.284025423229e-02 6.676619872451e-03 3.135576099157e-02 3.224589303136e-02 2.801034599543e-02 2.297224663198e-02 1.113642752171e-02 1.776920258999e-02 1.959565840662e-02 2.448739297688e-02 2.911365963519e-02 2.524622343481e-02 2.645160071552e-02 3.146524727345e-02 3.427221253514e-02 2.205074578524e-02 4.339515790343e-02 9.159769117832e-02 1.420334875584e-01 1.713513880968e-01 3.777889013290e-01 4.386788904667e-01 3.951879441738e-01 3.331300020218e-01 2.000208348036e-01 1.133235469460e-01 6.485740840435e-02 6.423100084066e-02 8.278055489063e-02 1.454941034317e-01 4.151501357555e-01 2.545527935028e+00 9.163838624954e-01 1.238670825958e+00 6.139403581619e-01 4.203348457813e-01 5.137939453125e-01 4.396273791790e-01 5.612285733223e-01
1.738868653774e-02 3.448191657662e-02 3.737552091479e-02 1.820468343794e-02 1.063228398561e-02 4.940066020936e-03 1.642306521535e-02 1.961427554488e-02 2.142218686640e-02 2.113904617727e-02 1.842462085187e-02 1.411165948957e-02 1.233230903745e-02 2.389000914991e-02 2.363998629153e-02 3.028022125363e-02 3.443086147308e-02 3.006610833108e-02 2.716767042875e-02 5.803184956312e-02 4.831109941006e-02 4.856945946813e-02 8.562010526657e-02 9.617269784212e-02 1.990214884281e-01 1.480802059174e+00 2.629860639572e-01 4.549256861210e-01 2.025185525417e-01 4.937623441219e-02 3.259688988328e-02 2.859377861023e-02 3.255428373814e-02 5.021836981177e-02 7.993736118078e-02 2.816919982433e-01 1.789298295975e+00 4.947731792927e-01 2.644687891006e-01 6.938484907150e-01 2.045773714781e-01 1.592191159725e-01 2.059947848320e-01
7.206437643617e-03 9.511757642031e-03 1.103812549263e-02 1.142257265747e-02 1.146817859262e-02 1.145391631871e-02 1.193721033633e-02 1.243529561907e-02 1.518476195633e-02 1.718566566706e-02 1.737183704972e-02 1.550550665706e-02 1.225158944726e-02 1.194917317480e-02 2.438211254776e-02 2.151318453252e-02 2.997068502009e-02 3.183254972100e-02 2.386616170406e-02 3.165852651000e-02 4.628175124526e-02 4.340362548828e-02 4.449179768562e-02 5.058002844453e-02 1.050574183464e-01 2.725710272789e-01 3.264813721180e-01 1.454255580902e-01 4.740823060274e-02 3.071961551905e-02 2.561878226697e-02 2.280808053911e-02 2.584267780185e-02 3.363102674484e-02 4.788749665022e-02 8.735744655132e-02 3.238351643085e-01 1.846619993448e-01 2.132860571146e-01 4.658843949437e-02 1.585891842842e-01 1.194019392133e-01 1.027828007936e-01
6.935062818229e-03 8.865777403116e-03 1.045575179160e-02 1.092041470110e-02 1.103057619184e-02 1.070830319077e-02 1.030080392957e-02 1.005676202476e-02 9.966869838536e-03 1.181129179895e-02 1.383661385626e-02 1.480181328952e-02 1.444026827812e-02 1.264549419284e-02 2.710678614676e-02 2.529134973884e-02 2.682704292238e-02 2.084612287581e-02 3.287555649877e-02 5.124228447676e-02 4.762146994472e-02 3.652848675847e-02 2.637290768325e-02 3.351425379515e-02 5.883979052305e-02 1.843332350254e-01 3.755906820297e-01 1.115061342716e-01 6.286786496639e-02 2.877860143781e-02 2.381371706724e-02 2.050231397152e-02 2.018532529473e-02 2.307021617889e-02 3.092038817704e-02 4.410950839520e-02 2.297828532755e-02 6.487951427698e-02 5.882126092911e-01 6.841131448746e-01 4.024303555489e-01 1.174483969808e-01 8.326381444931e-02
5.054107401520e-03 8.220420219004e-03 9.718094021082e-03 1.028299238533e-02 1.052012294531e-02 1.018140185624e-02 1.022535376251e-02 1.093895733356e-02 1.156120467931e-02 1.140524074435e-02 1.002915762365e-02 1.158122345805e-02 1.358850300312e-02 1.481402572244e-02 2.514947392046e-02 2.403785102069e-02 2.622007578611e-02 2.388403564692e-02 5.468198657036e-02 5.798361822963e-02 5.499557778239e-02 7.024406641722e-02 2.065637148917e-02 2.050862275064e-02 5.309676378965e-02 5.748821049929e-02 8.679821342230e-02 6.915248185396e-02 5.833414942026e-02 2.940951287746e-02 2.332504838705e-02 1.893142238259e-02 1.768510043621e-02 2.018828131258e-02 2.708984166384e-02 4.017482325435e-02 2.165419235826e-02 6.981331110001e-02 3.135368227959e-01 2.597933113575e-01 1.504929810762e-01 9.181700646877e-02 6.764496862888e-02
5.490934476256e-03 7.828545756638e-03 9.298057295382e-03 1.117989234626e-02 1.290419325233e-02 1.486994232982e-02 1.695242710412e-02 1.916041038930e-02 2.123527787626e-02 2.202763035893e-02 2.030676603317e-02 1.620690897107e-02 1.629689149559e-02 1.819526590407e-02 3.229714557528e-02 3.833283856511e-02 2.135706134140e-02 2.645620144904e-02 4.050535336137e-02 5.660028383136e-02 5.633554235101e-02 4.857168346643e-02 2.372859418392e-02 2.830287441611e-02 6.018737331033e-02 4.007308185101e-02 8.664803206921e-02 4.464847221971e-02 5.878515541553e-02 2.892930805683e-02 1.846167631447e-02 1.406403351575e-02 1.349358353764e-02 1.579704321921e-02 2.119937725365e-02 2.716781198978e-02 4.271360114217e-02 7.048207521439e-02 1.423647999763e-01 1.645227074623e-01 9.713388234377e-02 6.829521059990e-02 7.014615833759e-02
4.885225091130e-03 9.223594330251e-03 1.099199894816e-02 1.213614549488e-02 2.100960351527e-02 1.504645682871e-02 1.743013225496e-02 1.980182342231e-02 2.284196391702e-02 2.619996294379e-02 2.656357735395e-02 2.581707574427e-02 2.843026816845e-02 3.220227360725e-02 5.275865644217e-02 5.374803766608e-02 3.090231493115e-02 2.883197553456e-02 3.162132948637e-02 7.578925788403e-02 4.993108287454e-02 4.198703169823e-02 2.661458589137e-02 2.294075675309e-02 3.468000888824e-02 4.149216413498e-02 4.822731763124e-02 4.007780924439e-02 6.049099564552e-02 2.200882136822e-02 1.598666049540e-02 1.133784651756e-02 1.210357341915e-02 1.606958173215e-02 2.035687305033e-02 2.613274939358e-02 3.744526207447e-02 5.529683083296e-02 1.084253340960e-01 1.288825720549e-01 7.810367643833e-02 5.476900190115e-02 7.110160589218e-02
