100/SI/f13.grd
DSAA
101	101
32.816463539100	34.260883539100
35.556306596100	36.727886596100
3.635839384515e-04	8.825280189514e+00
[rows 0 to 18 of 101, columns 43 to 85 of 101]
1.730957534164e-03 2.066499087960e-03 3.093105973676e-03 3.929750528187e-03 4.250070545822e-03 4.191387444735e-03 4.777815192938e-03 2.392315305769e-03 3.858182812110e-03 6.715642288327e-03 1.018655858934e-02 1.204416621476e-02 1.201822701842e-02 9.966220706701e-03 7.499162107706e-03 4.864654969424e-03 4.123957362026e-03 3.863679710776e-03 3.627798287198e-03 2.594849094748e-03 3.269158536568e-03 4.029889591038e-03 5.261267535388e-03 6.552416831255e-03 6.262774113566e-03 4.493511747569e-03 3.791234223172e-03 3.545177401975e-03 3.371894592419e-03 2.911923918873e-03 2.745735226199e-03 2.299703890458e-03 2.120490418747e-03 2.005550544709e-03 1.966344658285e-03 1.862819888629e-03 1.691330224276e-03 1.458407146856e-03 1.265381113626e-03 1.124387723394e-03 1.010183943436e-03 8.959122933447e-04 8.324176305905e-04
3.206937341020e-03 4.000733606517e-03 5.800245795399e-03 7.502568420023e-03 8.319266140461e-03 8.201143704355e-03 9.144497103989e-03 3.953143954277e-03 5.948042031378e-03 1.092733163387e-02 1.811917126179e-02 2.236284129322e-02 2.232647873461e-02 1.813881471753e-02 1.300493814051e-02 8.379202336073e-03 8.105176500976e-03 7.450851146132e-03 6.837551482022e-03 5.131563637406e-03 6.343147717416e-03 7.510537747294e-03 9.903023950756e-03 1.238208450377e-02 1.127448957413e-02 7.973912172019e-03 7.029981818050e-03 6.686261389405e-03 6.404538173229e-03 5.835716612637e-03 5.196018144488e-03 4.535984247923e-03 3.891633125022e-03 3.691849531606e-03 3.435752587393e-03 3.159131621942e-03 2.865454647690e-03 2.517956541851e-03 2.215087180957e-03 1.966402167454e-03 1.721343956888e-03 1.489660819061e-03 1.657083281316e-03
3.888638922945e-03 4.532113671303e-03 6.492094136775e-03 9.107664227486e-03 1.011677086353e-02 9.799255989492e-03 1.038768235594e-02 4.946870729327e-03 6.476301699877e-03 9.682462550700e-03 1.893820986152e-02 2.537742257118e-02 2.506777085364e-02 1.923414878547e-02 1.284403912723e-02 8.367003872991e-03 1.008273381740e-02 9.097870439291e-03 7.351614534855e-03 5.944829434156e-03 7.073867134750e-03 8.374606259167e-03 1.118534523994e-02 1.357075385749e-02 1.158877275884e-02 8.654843084514e-03 7.946916855872e-03 7.428574841470e-03 7.083160802722e-03 6.992945913225e-03 6.665551103652e-03 5.534480325878e-03 4.518417175859e-03 4.010382108390e-03 3.641318297014e-03 3.370028687641e-03 3.101097652689e-03 2.780061447993e-03 2.448898041621e-03 2.120645018294e-03 1.815719180740e-03 1.696642488241e-03 1.841035438702e-03
4.340143408626e-03 4.974124487489e-03 7.061210926622e-03 1.025215256959e-02 1.128765847534e-02 1.066506747156e-02 1.085268892348e-02 5.655815359205e-03 7.233704440296e-03 7.030606735498e-03 1.717909239233e-02 2.594423666596e-02 2.512660250068e-02 1.767258346081e-02 1.105883531272e-02 8.150464855134e-03 1.110781170428e-02 9.807958267629e-03 7.336524780840e-03 6.359650287777e-03 7.228032685816e-03 8.777931332588e-03 1.178073603660e-02 1.362575870007e-02 1.086685620248e-02 8.768771775067e-03 7.945625111461e-03 7.328629493713e-03 7.216943427920e-03 7.361981552094e-03 7.309245411307e-03 6.199255120009e-03 4.588932730258e-03 3.857542062178e-03 3.496726276353e-03 3.250391688198e-03 2.981168450788e-03 2.652529394254e-03 2.302936278284e-03 2.042650477961e-03 1.669473480433e-03 1.934629981406e-03 1.807484892197e-03
4.679879173636e-03 5.556300748140e-03 7.887536659837e-03 1.139703206718e-02 1.234258338809e-02 1.117479521781e-02 1.125112082809e-02 6.174031645060e-03 7.786744739860e-03 7.772492244840e-03 1.391843054444e-02 2.555729262531e-02 2.396040037274e-02 1.546755898744e-02 1.065311580896e-02 8.066011592746e-03 1.205740496516e-02 1.055806130171e-02 7.363186683506e-03 6.756638642401e-03 7.128096185625e-03 9.229621849954e-03 1.243035960943e-02 1.344214845449e-02 1.011312473565e-02 9.241956286132e-03 7.512768730521e-03 7.335798814893e-03 7.124681491405e-03 7.337528746575e-03 7.616963703185e-03 6.748469080776e-03 5.096691660583e-03 3.965469542891e-03 3.534297458827e-03 3.252977970988e-03 2.766225254163e-03 2.542107831687e-03 2.355170436203e-03 1.985434209928e-03 1.859518699348e-03 2.037609927356e-03 1.673809485510e-03
4.880437627435e-03 5.967265460640e-03 8.528175763786e-03 1.225528866053e-02 1.323286909610e-02 1.328622270375e-02 1.178633887321e-02 6.664026994258e-03 8.255745284259e-03 9.309511631727e-03 1.034911349416e-02 2.347628958523e-02 2.154592052102e-02 1.330956816673e-02 1.051809266210e-02 8.293535560369e-03 1.316283456981e-02 1.106513757259e-02 7.332860492170e-03 7.201082073152e-03 7.182000204921e-03 9.916031733155e-03 1.331550627947e-02 1.301871240139e-02 1.138726621866e-02 9.571622125804e-03 7.481639739126e-03 6.968553178012e-03 6.707307416946e-03 6.979864090681e-03 7.558743935078e-03 7.178629748523e-03 5.469960626215e-03 4.049067851156e-03 3.721609013155e-03 3.320375690237e-03 2.876776969060e-03 2.609031507745e-03 2.313541015610e-03 1.861991011538e-03 2.137688919902e-03 2.001108368859e-03 1.487933332101e-03
5.195864010602e-03 6.434155628085e-03 9.346123784781e-03 1.288738660514e-02 1.393489167094e-02 1.548219192773e-02 1.247682888061e-02 7.497140672058e-03 9.134034626186e-03 1.061160955578e-02 9.766059927642e-03 1.926719397306e-02 1.829836890101e-02 1.297789532691e-02 1.031952630728e-02 8.561648428440e-03 1.410219166428e-02 1.118845865130e-02 7.395395077765e-03 7.474547252059e-03 7.650049403310e-03 1.067745778710e-02 1.394058763981e-02 1.202138792723e-02 1.276915054768e-02 9.817083366215e-03 7.096013985574e-03 6.531096529216e-03 6.375208962709e-03 6.786688696593e-03 7.595674134791e-03 7.563299965113e-03 5.924419965595e-03 4.056830890477e-03 3.850544337183e-03 3.344422206283e-03 2.913996344432e-03 2.579163759947e-03 2.196978079155e-03 2.020750427619e-03 2.249614568427e-03 1.851365552284e-03 1.282410463318e-03
5.666187033057e-03 6.990852765739e-03 1.005722209811e-02 1.334898639470e-02 1.455175504088e-02 1.757777668536e-02 1.324154529721e-02 8.246276527643e-03 9.822230786085e-03 1.134530082345e-02 9.220491163433e-03 1.463816314936e-02 1.594705879688e-02 1.267846208066e-02 1.002046559006e-02 8.867026306689e-03 1.500227581710e-02 1.146684400737e-02 7.534257601947e-03 7.633155677468e-03 8.263163268566e-03 1.149768847972e-02 1.412394735962e-02 1.066629774868e-02 1.374633051455e-02 9.727313183248e-03 6.566267460585e-03 6.069975439459e-03 6.106662563980e-03 6.790558807552e-03 7.832061499357e-03 7.953333668411e-03 6.320829968899e-03 4.243321716785e-03 3.924819640815e-03 3.321520285681e-03 2.868229057640e-03 2.514691092074e-03 2.071797149256e-03 2.339860657230e-03 2.201138995588e-03 1.647923025303e-03 1.411535427906e-03
6.030650343746e-03 7.376112043858e-03 1.042973995209e-02 1.399648189545e-02 1.551736984402e-02 1.952224411070e-02 1.400330197066e-02 8.944818750024e-03 1.010478660464e-02 1.146008633077e-02 1.008941046894e-02 1.380256470293e-02 1.573900878429e-02 1.245348714292e-02 9.810537099838e-03 9.203969500959e-03 1.614842563868e-02 1.205480564386e-02 7.775631267577e-03 7.538347970694e-03 9.358669631183e-03 1.252940483391e-02 1.397345773876e-02 1.080659963191e-02 1.433149352670e-02 9.356101974845e-03 6.192640867084e-03 6.800932809711e-03 6.385469343513e-03 7.170483935624e-03 8.237523958087e-03 8.301353082061e-03 6.655914708972e-03 4.467858932912e-03 3.940933384001e-03 3.238957142457e-03 2.819716464728e-03 2.438505645841e-03 2.300845459104e-03 2.462434349582e-03 2.034113043919e-03 1.462934305891e-03 1.461654668674e-03
6.247316021472e-03 7.643368095160e-03 1.052957680076e-02 1.488238666207e-02 1.669932901859e-02 2.104817703366e-02 1.489487662911e-02 9.860915131867e-03 1.059647090733e-02 1.106093823910e-02 1.046070549637e-02 1.316446159035e-02 1.529495045543e-02 1.195248868316e-02 9.654533118010e-03 9.904661215842e-03 1.697935163975e-02 1.266399677843e-02 7.969401776791e-03 8.479576557875e-03 1.079736556858e-02 1.433421391994e-02 1.321754697710e-02 1.248157024384e-02 1.458727102727e-02 8.888762444258e-03 6.774154957384e-03 7.612492889166e-03 6.398453842849e-03 7.281503640115e-03 8.415579795837e-03 8.332527242601e-03 6.554532330483e-03 4.234917927533e-03 3.871437627822e-03 3.155230777338e-03 2.818920416757e-03 2.301443135366e-03 2.623589010909e-03 2.426044316962e-03 2.004876034334e-03 1.457773381844e-03 1.439061714336e-03
6.410548463464e-03 7.866298779845e-03 1.085997465998e-02 1.561332773417e-02 1.777179539204e-02 2.227291837335e-02 1.596715301275e-02 1.072558108717e-02 1.123677287251e-02 1.008571311831e-02 1.003172714263e-02 1.284140534699e-02 1.456362567842e-02 1.163010951132e-02 9.565839543939e-03 1.108767837286e-02 1.736701466143e-02 1.311824284494e-02 8.064756169915e-03 1.058532018214e-02 1.262874342501e-02 1.589293964207e-02 1.246375869960e-02 1.398838404566e-02 1.427348516881e-02 8.070271462202e-03 7.500655949116e-03 8.246600627899e-03 6.234332919121e-03 6.886903196573e-03 7.906498387456e-03 7.793587166816e-03 5.963135045022e-03 4.027132410556e-03 3.941458649933e-03 3.179674036801e-03 2.740024821833e-03 2.770378021523e-03 2.726493170485e-03 2.252019941807e-03 2.037010388449e-03 1.477450481616e-03 1.435903017409e-03
6.643533706665e-03 8.003708906472e-03 1.109021250159e-02 1.618596725166e-02 1.867280714214e-02 2.304531075060e-02 1.704864390194e-02 1.157807465643e-02 1.155927404761e-02 9.175918996334e-03 9.976146742702e-03 1.232417114079e-02 1.393682695925e-02 1.287993136793e-02 1.062049064785e-02 1.227115467191e-02 1.807877607644e-02 1.344135496765e-02 8.131722919643e-03 1.318591926247e-02 1.472940668464e-02 1.692630350590e-02 1.372427772731e-02 1.477883011103e-02 1.345646381378e-02 7.085123565048e-03 8.228524588048e-03 8.918315172195e-03 6.690049078315e-03 6.189712788910e-03 7.094371132553e-03 7.013349793851e-03 5.257000215352e-03 3.911311738193e-03 4.291083663702e-03 3.201177576557e-03 2.980137243867e-03 3.079320769757e-03 2.641022671014e-03 2.375500043854e-03 2.056669211015e-03 1.478221965954e-03 1.439566141926e-03
6.850284524262e-03 8.178703486919e-03 1.132132951170e-02 1.671996340156e-02 1.968804560602e-02 2.371828630567e-02 1.810087636113e-02 1.246446929872e-02 1.197056472301e-02 9.332164190710e-03 1.057760231197e-02 1.168730296195e-02 1.376612856984e-02 1.420555263758e-02 1.161646191031e-02 1.373524032533e-02 1.886140368879e-02 1.361409388483e-02 8.420182392001e-03 1.617039367557e-02 1.692584156990e-02 1.777298189700e-02 1.625859178603e-02 1.492441631854e-02 1.208966970444e-02 7.100699469447e-03 8.730987086892e-03 9.271233342588e-03 6.944592110813e-03 5.601373501122e-03 6.377346348017e-03 6.262914277613e-03 4.510983824730e-03 3.919823095202e-03 4.372244700789e-03 3.113793442026e-03 3.584014251828e-03 3.144487272948e-03 2.394327893853e-03 2.478125272319e-03 2.088710898533e-03 1.670715166256e-03 1.584152923897e-03
7.087082602084e-03 8.357900194824e-03 1.150418352336e-02 1.715623214841e-02 2.074783854187e-02 2.444590628147e-02 1.919606141746e-02 1.380653679371e-02 1.247861236334e-02 9.221106767654e-03 1.098744384944e-02 1.234584860504e-02 1.373748574406e-02 1.518070604652e-02 1.249187346548e-02 1.551639754325e-02 1.985488645732e-02 1.376726664603e-02 1.005165278912e-02 1.925129443407e-02 1.926011592150e-02 1.727786101401e-02 1.882436126471e-02 1.448917388916e-02 1.044146716595e-02 7.890577428043e-03 9.096048772335e-03 9.559610858560e-03 6.927888374776e-03 5.953110754490e-03 5.484485533088e-03 5.550408270210e-03 4.298924468458e-03 4.060979001224e-03 4.489880520850e-03 4.090303089470e-03 3.901308635250e-03 2.964737126604e-03 2.431095344946e-03 2.576156752184e-03 2.114411443472e-03 1.843251986429e-03 1.812136499211e-03
7.285198662430e-03 8.492603898048e-03 1.159026660025e-02 1.760474592447e-02 2.184397727251e-02 2.483778446913e-02 2.034286595881e-02 1.505087502301e-02 1.265858113766e-02 8.888505399227e-03 1.131184399128e-02 1.301747467369e-02 1.415793225169e-02 1.591681316495e-02 1.321402937174e-02 1.724856719375e-02 2.201832644641e-02 1.451519969851e-02 1.260032039136e-02 2.213704399765e-02 2.109447494149e-02 1.594510115683e-02 2.080956846476e-02 1.344205159694e-02 8.620278909802e-03 9.858450852334e-03 1.066319737583e-02 9.367977268994e-03 6.615145597607e-03 5.977735854685e-03 5.300142336637e-03 4.847981967032e-03 4.464810714126e-03 4.044341854751e-03 4.710182081908e-03 4.992761183530e-03 3.929422236979e-03 2.631223294884e-03 2.428465988487e-03 2.654446987435e-03 2.118778182194e-03 2.006989438087e-03 1.938832225278e-03
9.508133865893e-03 8.618623949587e-03 1.173097454011e-02 1.802041567862e-02 2.294880524278e-02 2.497825212777e-02 2.133979834616e-02 1.593681611121e-02 1.275876350701e-02 9.502061642706e-03 1.222486421466e-02 1.366919931024e-02 1.489283889532e-02 1.621340028942e-02 1.396606396884e-02 1.931381598115e-02 2.263038605452e-02 1.381881255656e-02 1.503327861428e-02 2.420806884766e-02 2.182516641915e-02 1.572851464152e-02 2.100288309157e-02 1.175478100777e-02 7.482241839170e-03 1.172009110451e-02 1.176600251347e-02 8.656827732921e-03 6.489173043519e-03 5.783915054053e-03 5.426271818578e-03 4.976619966328e-03 4.408707842231e-03 3.780606901273e-03 5.336305592209e-03 5.537912715226e-03 3.639124101028e-03 2.486760262400e-03 2.425352809951e-03 2.707755658776e-03 2.168503357098e-03 2.264791633934e-03 2.072163624689e-03
1.254279259592e-02 8.697750978172e-03 1.187301147729e-02 1.845097728074e-02 2.407689392567e-02 2.485121041536e-02 2.260847203434e-02 1.698420755565e-02 1.293045096099e-02 1.019737124443e-02 1.315793208778e-02 1.436884328723e-02 1.568838208914e-02 1.662305556238e-02 1.461250521243e-02 2.126926369965e-02 2.240561693907e-02 1.373681426048e-02 1.719323731959e-02 2.501031942666e-02 2.109119668603e-02 1.563816703856e-02 2.024727128446e-02 9.594451636076e-03 9.055850096047e-03 1.200651004910e-02 1.105189789087e-02 7.595699746162e-03 6.289002019912e-03 5.971411243081e-03 5.510777700692e-03 4.842886701226e-03 4.054067190737e-03 4.175736568868e-03 6.856671068817e-03 5.586597137153e-03 3.217060817406e-03 2.970118774101e-03 2.419182565063e-03 2.773873740807e-03 2.597184618935e-03 2.402954967692e-03 2.051267540082e-03
1.459072344005e-02 9.363347664475e-03 1.183191966265e-02 1.874917745590e-02 2.509171701968e-02 2.536511607468e-02 2.415225654840e-02 1.798418536782e-02 1.317108236253e-02 1.009277999401e-02 1.348668523133e-02 1.477124728262e-02 1.641645096242e-02 1.730053499341e-02 1.601008698344e-02 2.310808561742e-02 2.474862709641e-02 1.374649908394e-02 1.883893646300e-02 2.452151849866e-02 1.937464810908e-02 1.478783693165e-02 1.881233043969e-02 8.311811834574e-03 1.000087149441e-02 1.090806070715e-02 8.282476104796e-03 6.746734492481e-03 6.423247978091e-03 5.875921808183e-03 5.116987507790e-03 4.207752645016e-03 3.568329149857e-03 4.492945037782e-03 8.064235560596e-03 5.182943772525e-03 3.062938805670e-03 3.541518701240e-03 2.566172741354e-03 2.844290109351e-03 2.792825689539e-03 2.378301927820e-03 2.015637466684e-03
1.513649988919e-02 1.137471850961e-02 1.406182534993e-02 1.903931982815e-02 2.630607970059e-02 2.671465836465e-02 2.587660029531e-02 1.870752871037e-02 1.310025714338e-02 9.788295254111e-03 1.366939023137e-02 1.514940988272e-02 1.708182133734e-02 1.789624616504e-02 1.853621564806e-02 2.471142634749e-02 2.856254763901e-02 1.373915560544e-02 2.001388184726e-02 2.284421399236e-02 1.651093736291e-02 1.396177243441e-02 1.756128109992e-02 9.065509773791e-03 9.461862035096e-03 8.047286421061e-03 7.171909790486e-03 6.806727033108e-03 6.315262056887e-03 5.295434966683e-03 4.269302822649e-03 4.224294796586e-03 5.311299581081e-03 6.293181795627e-03 8.678628131747e-03 4.583219531924e-03 2.958987141028e-03 4.166425671428e-03 3.089696168900e-03 3.108579665422e-03 2.721647499129e-03 2.386246575043e-03 2.091370057315e-03
