100/SI/f13.grd
DSAA
101	101
32.816463539100	34.260883539100
35.556306596100	36.727886596100
3.635839384515e-04	8.825280189514e+00
[rows 57 to 75 of 101, columns 43 to 85 of 101]
9.794022887945e-02 1.126519516110e-01 7.739774137735e-02 6.238943710923e-02 6.174059957266e-02 9.384550154209e-02 9.710827469826e-02 1.239512115717e-01 9.190320968628e-02 7.400833815336e-02 6.140670925379e-02 4.897880554199e-02 3.972703218460e-02 4.828755557537e-02 1.092874258757e-01 3.765245676041e-01 1.048671603203e+00 1.110439538956e+00 1.451345324516e+00 4.796349406242e-01 1.620824187994e-01 1.413256227970e-01 2.875554263592e-01 4.345139861107e-01 1.721687465906e-01 6.569807976484e-02 7.432775199413e-02 5.418674647808e-02 5.526904761791e-02 6.191219016910e-02 6.651144474745e-02 8.409132808447e-02 7.266237586737e-02 5.910272151232e-02 3.667702898383e-02 2.519682049751e-02 2.930272743106e-02 3.974560648203e-02 4.844552278519e-02 3.613666445017e-02 1.990528218448e-02 2.157739549875e-02 2.320745959878e-02
1.218037456274e-01 1.183931156993e-01 6.931064277887e-02 4.069534689188e-02 4.198514670134e-02 7.247225195169e-02 1.048719510436e-01 1.812470853329e-01 1.452555507421e-01 8.527719229460e-02 5.659629404545e-02 4.132962971926e-02 2.713442593813e-02 3.302593156695e-02 2.903359942138e-02 2.746235132217e-01 3.953521847725e-01 4.281640052795e-01 3.094840347767e-01 3.350202739239e-01 2.434042096138e-01 1.828434318304e-01 1.401604712009e-01 1.298384815454e-01 2.553530037403e-01 2.848790585995e-01 7.657164335251e-02 7.649992406368e-02 8.599612861872e-02 4.769596457481e-02 5.545414611697e-02 5.126213282347e-02 4.382084682584e-02 3.379923477769e-02 3.368360549212e-02 2.598332799971e-02 2.640524879098e-02 2.967904321849e-02 2.678881585598e-02 2.443023398519e-02 2.467496879399e-02 2.736521512270e-02 2.684587053955e-02
1.146377101541e-01 1.183384358883e-01 6.945726275444e-02 4.082723706961e-02 5.453404784203e-02 8.738062530756e-02 1.375078558922e-01 2.147068679333e-01 3.342909216881e-01 1.033803522587e-01 5.392359942198e-02 3.309820964932e-02 2.276274189353e-02 3.201015666127e-02 4.123095795512e-02 2.365922182798e-02 4.280910640955e-02 5.813760682940e-02 4.564349353313e-02 5.774448066950e-02 6.049217283726e-02 6.250710785389e-02 4.800863564014e-02 6.131267547607e-02 1.079360768199e-01 4.841779172421e-01 2.249646484852e-01 9.722777456045e-02 9.876624494791e-02 9.559373557568e-02 6.055429205298e-02 5.194313079119e-02 4.212487861514e-02 3.572312742472e-02 4.633587971330e-02 4.104885458946e-02 3.524410352111e-02 2.262775599957e-02 2.328159473836e-02 1.843513548374e-02 1.924438960850e-02 1.707180775702e-02 1.513654552400e-02
9.024959057570e-02 9.383548796177e-02 5.535645410419e-02 5.125246569514e-02 1.032103598118e-01 1.239156946540e-01 2.447651177645e-01 3.275652527809e-01 4.428107738495e-01 7.915982604027e-02 4.598436132073e-02 3.132757171988e-02 1.855036802590e-02 1.900008507073e-02 4.223731532693e-02 5.139570683241e-02 1.907490380108e-02 3.967664390802e-02 5.275818333030e-02 4.218029975891e-02 3.830364719033e-02 5.815337225795e-02 4.040966182947e-02 5.004055052996e-02 9.122853726149e-02 1.881034970284e-01 1.000627279282e+00 8.139015734196e-02 9.040637314320e-02 9.854245185852e-02 7.717354595661e-02 5.202809348702e-02 4.117750748992e-02 4.903416708112e-02 3.222743794322e-02 2.804011292756e-02 2.298115193844e-02 1.875779405236e-02 1.760387234390e-02 1.774965040386e-02 1.575829088688e-02 2.208234556019e-02 3.115405701101e-02
6.680354475975e-02 6.147295981646e-02 4.678607359529e-02 4.726311191916e-02 6.166352331638e-02 8.930614590645e-02 1.611146479845e-01 4.982471466064e-01 2.069150209427e-01 4.785374179482e-02 3.333774209023e-02 2.627081051469e-02 1.641586609185e-02 1.758610270917e-02 2.117492817342e-02 5.170197412372e-02 5.426571890712e-02 2.161306329072e-02 3.826072812080e-02 5.017483606935e-02 4.032741859555e-02 3.932044655085e-02 2.909676358104e-02 4.013822227716e-02 7.546617090702e-02 1.781716197729e-01 4.405791163445e-01 7.079489529133e-02 7.831634581089e-02 5.853990837932e-02 5.110188573599e-02 5.809712409973e-02 4.113132134080e-02 6.224636361003e-02 3.135326132178e-02 4.161026701331e-02 3.582402318716e-02 5.580586940050e-02 4.135935381055e-02 2.421089075506e-02 2.084438130260e-02 2.387443371117e-02 2.234649658203e-02
5.110617354512e-02 3.648887202144e-02 4.210366308689e-02 5.093632638454e-02 1.205502375960e-01 2.714641690254e-01 4.073214530945e-01 2.410430759192e-01 2.593089453876e-02 3.095967695117e-02 2.449587360024e-02 2.113397046924e-02 1.586870849133e-02 2.418189868331e-02 2.450128085911e-02 2.130449749529e-02 5.620054528117e-02 4.734699428082e-02 3.124431334436e-02 4.826925322413e-02 4.404068365693e-02 3.400071337819e-02 2.948192134500e-02 4.026225581765e-02 7.855702191591e-02 1.715536117554e-01 2.153587937355e-01 2.443641424179e-01 1.313783973455e-01 5.499336868525e-02 5.783434957266e-02 3.286932781339e-02 4.803326353431e-02 3.904637321830e-02 4.006112739444e-02 4.522949457169e-02 8.237195760012e-02 2.830350995064e-01 3.047451004386e-02 2.260876074433e-02 2.278764545918e-02 2.190134301782e-02 2.100318670273e-02
3.896769136190e-02 2.599063888192e-02 3.388159722090e-02 4.591198638082e-02 6.447548419237e-02 3.143619894981e-01 2.173806279898e-01 4.565249383450e-02 2.963094227016e-02 2.421841211617e-02 1.886382512748e-02 1.738846115768e-02 2.108083479106e-02 2.831350453198e-02 2.313385531306e-02 1.778545416892e-02 2.770509384573e-02 6.134429201484e-02 3.525212779641e-02 4.675162956119e-02 3.493208810687e-02 3.710020333529e-02 3.329683467746e-02 3.799708560109e-02 9.757576137781e-02 1.806566417217e-01 1.309339553118e-01 1.623977571726e-01 1.708695441484e-01 7.140174508095e-02 9.383252263069e-02 5.774882435799e-02 2.941861376166e-02 4.287758469582e-02 3.114091604948e-02 2.877417020500e-02 5.489468201995e-02 2.781199105084e-02 2.408929355443e-02 1.667542010546e-02 1.675116643310e-02 1.825104653835e-02 2.011401578784e-02
3.162202611566e-02 2.163894101977e-02 2.678966522217e-02 3.555499389768e-02 4.323804005980e-02 5.303008854389e-02 4.430843144655e-02 2.790583483875e-02 3.129608184099e-02 2.641897462308e-02 2.666139230132e-02 2.576172351837e-02 2.469519712031e-02 2.574130147696e-02 1.900861412287e-02 2.271543256938e-02 3.223604336381e-02 3.635445982218e-02 6.111010909081e-02 3.490868583322e-02 4.834633693099e-02 3.394982591271e-02 3.421399369836e-02 3.241737186909e-02 7.021172344685e-02 5.343961343169e-02 4.702302813530e-02 7.173063606024e-02 1.685725301504e-01 2.856240868568e-01 5.704560130835e-02 4.581350833178e-02 5.156302079558e-02 1.281297355890e-01 3.072861209512e-02 2.563333325088e-02 7.290785014629e-02 9.761440008879e-02 1.510834991932e-01 7.727485150099e-02 2.279138937593e-02 1.194923371077e-01 1.653194725513e-01
2.019690722227e-02 1.715922355652e-02 2.168916352093e-02 2.683280035853e-02 3.047997318208e-02 2.862167172134e-02 2.515667118132e-02 3.130871802568e-02 3.648386523128e-02 3.628246858716e-02 3.455455601215e-02 2.986023016274e-02 2.582612819970e-02 1.985283195972e-02 2.012898027897e-02 2.352352067828e-02 3.186073526740e-02 3.185636550188e-02 4.957212507725e-02 4.588060081005e-02 5.330630019307e-02 2.640760689974e-02 3.153981640935e-02 3.219493106008e-02 2.953339554369e-02 3.166733309627e-02 4.082204028964e-02 6.302656978369e-02 1.021000668406e-01 1.726657450199e-01 2.218528836966e-01 5.131721869111e-02 4.697263985872e-02 1.698075085878e-01 4.604288935661e-02 2.140874415636e-02 8.489660918713e-02 1.660767942667e-01 1.798388212919e-01 1.688231229782e-01 1.672126799822e-01 1.851045340300e-01 2.202185690403e-01
1.467356737703e-02 1.076155714691e-02 1.470936741680e-02 1.779118366539e-02 1.952811144292e-02 2.117908373475e-02 3.294101357460e-02 4.567452147603e-02 5.076282098889e-02 4.691182076931e-02 3.846882283688e-02 2.908358909190e-02 2.311847917736e-02 1.611351780593e-02 2.214036136866e-02 2.102913707495e-02 2.660597488284e-02 2.366084232926e-02 3.390903770924e-02 5.247379466891e-02 4.808561876416e-02 3.719098865986e-02 2.692194841802e-02 2.968456223607e-02 2.967103011906e-02 4.657988250256e-02 6.267303973436e-02 7.592481374741e-02 1.025367081165e-01 1.225339397788e-01 1.953438669443e-01 3.670245781541e-02 3.192998096347e-02 2.348310798407e-01 3.717453032732e-02 2.872503362596e-02 2.622541040182e-02 2.187325432897e-02 2.454151771963e-02 1.292206905782e-02 7.219889760017e-02 1.735220663249e-02 1.705372519791e-02
1.272463053465e-02 9.559695608914e-03 1.061128545552e-02 1.295224111527e-02 1.568352617323e-02 2.270795404911e-02 4.848062247038e-02 4.831134527922e-02 4.935000836849e-02 4.123656079173e-02 2.935087308288e-02 2.589832991362e-02 1.671932637691e-02 1.179593428969e-02 2.280444465578e-02 1.937666907907e-02 2.281466312706e-02 2.362094260752e-02 2.753624878824e-02 3.125942870975e-02 4.737485200167e-02 4.225674644113e-02 2.522484213114e-02 2.749699167907e-02 2.982597798109e-02 4.331263527274e-02 8.355467766523e-02 1.066508665681e-01 1.469381898642e-01 1.010245457292e-01 2.035843282938e-01 8.527687937021e-02 1.186465844512e-01 1.968255490065e-01 3.999349474907e-02 2.927613072097e-02 2.659662067890e-02 2.755347825587e-02 2.209165692329e-02 1.829248666763e-02 4.363013803959e-02 2.296489477158e-02 2.382528968155e-02
9.316181764007e-03 8.904079906642e-03 8.932839147747e-03 1.051984447986e-02 1.348410919309e-02 5.098991096020e-02 5.839512869716e-02 3.399800136685e-02 3.432193771005e-02 2.765763364732e-02 2.717095613480e-02 1.966546848416e-02 1.261506509036e-02 1.255896687508e-02 1.956447400153e-02 2.050406113267e-02 1.975570991635e-02 2.104078978300e-02 2.197305671871e-02 3.196097537875e-02 2.674293331802e-02 4.172565042973e-02 3.180699050426e-02 2.701414935291e-02 3.071394190192e-02 3.270060196519e-02 5.946248769760e-02 6.879682093859e-02 9.414861351252e-02 7.505439221859e-02 1.087607145309e-01 1.060941293836e-01 1.227357089520e-01 1.375688314438e-01 2.327555567026e-01 1.942599192262e-02 2.147185243666e-02 2.680771797895e-02 2.261788770556e-02 2.185019850731e-02 1.924122311175e-02 2.071540057659e-02 2.971209399402e-02
7.824873551726e-03 8.244466036558e-03 7.841870188713e-03 1.006755977869e-02 4.822854325175e-02 6.788812577724e-02 2.719722501934e-02 1.655247062445e-02 2.354494296014e-02 2.687090076506e-02 2.148179709911e-02 1.233926694840e-02 1.189746242017e-02 1.464186888188e-02 1.648989692330e-02 2.034576423466e-02 1.354801282287e-02 1.038087997586e-02 1.135013531893e-02 2.865518257022e-02 2.549723163247e-02 3.621969744563e-02 3.688416257501e-02 2.730236947536e-02 3.159857168794e-02 3.416162356734e-02 4.945974797010e-02 4.916934669018e-02 6.346849352121e-02 7.916807383299e-02 9.969250857830e-02 1.268243789673e-01 1.184305623174e-01 7.871905714273e-02 1.262986212969e-01 5.713966116309e-02 2.299307286739e-02 3.046488016844e-02 1.322332769632e-02 1.462208013982e-02 1.269506849349e-02 2.089853771031e-02 1.936323568225e-02
7.072800770402e-03 7.367756683379e-03 7.962588220835e-03 3.914162516594e-02 7.052404433489e-02 3.558272868395e-02 2.121146768332e-02 1.984051987529e-02 2.363716438413e-02 2.023207582533e-02 1.656256243587e-02 1.572451181710e-02 1.373260840774e-02 1.747013628483e-02 3.062812983990e-02 3.268473222852e-02 2.389634959400e-02 2.249420247972e-02 2.126422710717e-02 2.119184471667e-02 2.550651133060e-02 2.421965263784e-02 3.827461972833e-02 3.206600248814e-02 3.380917757750e-02 3.923637419939e-02 7.519222050905e-02 7.726495712996e-02 5.975148826838e-02 1.204430162907e-01 1.411961615086e-01 9.775306284428e-02 9.226292371750e-02 8.855351060629e-02 5.287645384669e-02 3.001563251019e-02 4.118479415774e-02 1.618175953627e-02 1.687203906476e-02 8.591484278440e-03 6.689892150462e-03 8.572826161981e-03 1.562005747110e-02
6.312767509371e-03 7.119948044419e-03 3.304942697287e-02 6.544554233551e-02 4.621180519462e-02 2.448559924960e-02 2.773841284215e-02 2.127772383392e-02 2.131511084735e-02 1.686963438988e-02 2.055374905467e-02 1.939328014851e-02 2.002240344882e-02 2.381084114313e-02 2.412839606404e-02 5.965687707067e-02 6.135112047195e-02 7.000669091940e-02 6.638024002314e-02 7.046826928854e-02 2.930803783238e-02 2.593421004713e-02 3.607798367739e-02 3.930418938398e-02 3.923185914755e-02 6.820931285620e-02 1.414640247822e-01 1.459954231977e-01 8.245552331209e-02 1.067973524332e-01 6.068257987499e-02 6.321406364441e-02 6.113681942225e-02 8.008539676666e-02 4.213185608387e-02 2.704166620970e-02 2.368353866041e-02 1.200918946415e-02 3.611968457699e-02 1.524742133915e-02 8.219531737268e-03 7.083064410836e-03 5.961264017969e-03
6.578840781003e-03 2.822505310178e-02 6.271281093359e-02 5.348351970315e-02 1.597533002496e-02 2.071533538401e-02 2.575213648379e-02 1.893134415150e-02 2.264296077192e-02 1.889901049435e-02 1.813011057675e-02 1.822800748050e-02 2.893639914691e-02 3.157258778811e-02 4.605408757925e-02 2.211863100529e-01 1.384694129229e-01 8.542269468307e-02 1.377197504044e-01 1.605076789856e-01 1.203539669514e-01 4.268536344171e-02 4.251342266798e-02 6.588930636644e-02 4.635289311409e-02 1.012095585465e-01 1.189194768667e-01 1.258050352335e-01 7.646101713181e-02 7.299419492483e-02 6.725746393204e-02 5.552016943693e-02 5.429358035326e-02 5.537430569530e-02 8.627468347549e-02 1.418153792620e-01 1.432132273912e-01 5.592453107238e-02 2.564985491335e-02 1.073890086263e-02 7.179226260632e-03 8.238920010626e-03 1.551041938365e-02
2.631332911551e-02 6.294836848974e-02 5.762876570225e-02 1.820532605052e-02 1.450638566166e-02 2.107202261686e-02 2.191518433392e-02 1.613975875080e-02 2.140828408301e-02 1.561806444079e-02 1.581777073443e-02 2.020322903991e-02 2.803997136652e-02 8.008865267038e-02 5.689129233360e-01 7.324104905128e-01 3.495785892010e-01 1.597987860441e-01 2.594697177410e-01 1.779789775610e-01 1.054737195373e-01 5.285542085767e-02 1.016269475222e-01 6.602833420038e-02 1.361567974091e-01 8.086240291595e-02 1.021553203464e-01 9.604244679213e-02 8.712998777628e-02 7.277254015207e-02 5.024690553546e-02 6.037320569158e-02 4.468287900090e-02 4.960616305470e-02 5.586511641741e-02 5.853196978569e-02 6.258080899715e-02 1.756242290139e-02 1.426150742918e-02 1.423660013825e-02 5.944049451500e-03 5.698148161173e-03 5.894752219319e-03
6.284078955650e-02 7.080066204071e-02 2.628241851926e-02 1.151972357184e-02 1.693034358323e-02 2.141440287232e-02 2.029201760888e-02 1.617310754955e-02 2.411275729537e-02 1.961598917842e-02 1.120314840227e-02 1.436851080507e-02 2.207587659359e-02 1.208015084267e-01 6.330583095551e-01 4.017758667469e-01 9.767776727676e-02 6.579229235649e-02 2.746827714145e-02 2.729725278914e-02 1.229046732187e-01 3.171496093273e-02 2.468534372747e-02 3.253881633282e-02 1.838864088058e-01 1.052031144500e-01 4.752020910382e-02 5.567035824060e-02 5.314713716507e-02 4.198911041021e-02 4.467142373323e-02 4.136280715466e-02 4.598034545779e-02 4.336107149720e-02 4.773222655058e-02 5.354132503271e-02 3.089923225343e-02 1.068258378655e-02 9.054224938154e-03 1.068721804768e-02 1.421171426773e-02 6.551739759743e-03 1.613538525999e-02
7.643058896065e-02 3.759858384728e-02 1.440474577248e-02 1.638256944716e-02 1.614218205214e-02 1.713185198605e-02 5.734080821276e-02 2.033723890781e-02 6.629671901464e-02 4.670668393373e-02 3.030766732991e-02 7.329662144184e-02 1.124162152410e-01 3.658578693867e-01 2.112171053886e-01 5.185949802399e-02 7.188440114260e-02 9.059310704470e-02 2.583385258913e-02 6.873167306185e-02 6.378915160894e-02 4.162101075053e-02 2.557541802526e-02 9.135296940804e-02 7.065133005381e-02 6.610378623009e-02 4.241973906755e-02 5.032950267196e-02 3.721449524164e-02 2.195643633604e-02 2.313120290637e-02 2.797692641616e-02 3.347823396325e-02 4.152872040868e-02 4.120730236173e-02 4.451162368059e-02 4.924413561821e-02 3.174478933215e-02 1.112013217062e-02 1.230664923787e-02 1.325946394354e-02 1.502139959484e-02 1.994344033301e-02
