100/SI/f13.grd
DSAA
101	101
32.816463539100	34.260883539100
35.556306596100	36.727886596100
3.635839384515e-04	8.825280189514e+00
[rows 19 to 37 of 101, columns 43 to 85 of 101]
1.385731343180e-02 1.266675908118e-02 1.669803075492e-02 1.950247585773e-02 2.752511017025e-02 2.828025072813e-02 2.771058864892e-02 1.941510289907e-02 1.306476909667e-02 1.016833074391e-02 1.388134434819e-02 1.545588113368e-02 1.777864247561e-02 1.896165125072e-02 2.210524491966e-02 2.650298923254e-02 3.248393163085e-02 1.467088982463e-02 2.030250430107e-02 2.172086015344e-02 1.353141199797e-02 1.279122848064e-02 1.556100416929e-02 8.709115907550e-03 7.845088839531e-03 7.536326535046e-03 7.137848995626e-03 6.770252250135e-03 5.601299926639e-03 4.260508809239e-03 4.284947179258e-03 6.411158479750e-03 7.207175251096e-03 8.385788649321e-03 8.609652519226e-03 4.417896270752e-03 2.919041784480e-03 4.780683666468e-03 3.648861311376e-03 3.028678940609e-03 2.777812303975e-03 2.344334963709e-03 2.427257830277e-03
1.261472236365e-02 1.610202528536e-02 1.748713105917e-02 2.085032500327e-02 2.902337722480e-02 3.020521998405e-02 2.948365174234e-02 2.010727487504e-02 1.317928452045e-02 1.078720390797e-02 1.419979892671e-02 1.621964573860e-02 1.969395577908e-02 2.374503202736e-02 2.588539011776e-02 2.869851142168e-02 3.547429293394e-02 1.575823314488e-02 2.159117534757e-02 1.886272989213e-02 1.263607945293e-02 1.752528361976e-02 2.071363478899e-02 8.652710355818e-03 7.835377939045e-03 7.687297184020e-03 7.158314809203e-03 6.135530769825e-03 4.622410051525e-03 4.046055022627e-03 6.690940819681e-03 8.615062572062e-03 7.599870208651e-03 1.040959265083e-02 7.885167375207e-03 4.378332756460e-03 3.533239243552e-03 5.369678139687e-03 4.139328375459e-03 3.081959439442e-03 2.473062137142e-03 2.324043540284e-03 2.281580120325e-03
1.415787730366e-02 1.644939370453e-02 1.605545170605e-02 2.157172746956e-02 3.033077716827e-02 3.193703293800e-02 3.117416426539e-02 2.060780487955e-02 1.317315921187e-02 1.191800553352e-02 1.387033611536e-02 1.700914278626e-02 1.977385394275e-02 2.717089280486e-02 2.974083647132e-02 3.007037565112e-02 3.724537789822e-02 1.827307976782e-02 2.163344807923e-02 1.660289987922e-02 1.492540538311e-02 2.193426154554e-02 2.277152985334e-02 8.659156039357e-03 7.782052271068e-03 9.599168784916e-03 6.925130262971e-03 5.372914019972e-03 4.314161371440e-03 6.916149053723e-03 9.495412930846e-03 9.038003161550e-03 6.010646466166e-03 1.192498393357e-02 7.458810694516e-03 4.421438090503e-03 3.905444871634e-03 5.944017786533e-03 4.613975062966e-03 2.876083366573e-03 2.378868870437e-03 2.290128031746e-03 2.150629647076e-03
1.569027453661e-02 1.488654129207e-02 1.555127743632e-02 2.205725200474e-02 3.240143507719e-02 3.405948355794e-02 3.312449529767e-02 2.098662406206e-02 1.335567608476e-02 1.314482372254e-02 1.708930172026e-02 1.784786581993e-02 1.896193437278e-02 2.886325865984e-02 3.307837992907e-02 3.029116429389e-02 3.776367008686e-02 2.040931954980e-02 1.959633454680e-02 1.531400345266e-02 2.071009203792e-02 2.199246548116e-02 1.994099654257e-02 8.986959233880e-03 8.752903901041e-03 1.000385824591e-02 6.288385484368e-03 4.512013867497e-03 7.526296656579e-03 1.040404569358e-02 1.002231240273e-02 6.830976344645e-03 6.652897689492e-03 1.250809244812e-02 7.373516913503e-03 4.661228507757e-03 4.141442477703e-03 6.518599111587e-03 5.100665614009e-03 2.856003353372e-03 2.566823270172e-03 2.235807478428e-03 2.098002703860e-03
1.669052615762e-02 1.687185280025e-02 1.649495959282e-02 2.265438064933e-02 3.470920026302e-02 3.637666255236e-02 3.525273129344e-02 2.108513563871e-02 1.520746666938e-02 1.420178078115e-02 2.057975530624e-02 1.865990459919e-02 2.348811924458e-02 3.172207623720e-02 3.564436361194e-02 2.897155657411e-02 3.659972548485e-02 2.185743488371e-02 1.893821731210e-02 2.121832221746e-02 2.626178041101e-02 1.824411563575e-02 1.495879422873e-02 9.569287300110e-03 9.625430218875e-03 9.114217944443e-03 5.761430133134e-03 8.288511075079e-03 1.163794379681e-02 1.110084820539e-02 7.885955274105e-03 5.017509683967e-03 9.712672792375e-03 1.190422009677e-02 7.459543179721e-03 5.145050585270e-03 4.589459858835e-03 7.068916223943e-03 5.491865333170e-03 2.831539371982e-03 2.493975916877e-03 2.086955588311e-03 2.397794974968e-03
1.651737838984e-02 1.926009170711e-02 1.801381073892e-02 2.316190302372e-02 3.705554455519e-02 3.932304307818e-02 3.732447698712e-02 2.126019448042e-02 1.740991137922e-02 1.637625135481e-02 2.432324551046e-02 1.941693760455e-02 2.857255935669e-02 3.633061051369e-02 3.664355352521e-02 2.637882344425e-02 3.397961705923e-02 2.249000594020e-02 1.859363913536e-02 2.857098542154e-02 3.124696016312e-02 1.799277216196e-02 1.127141155303e-02 1.077992748469e-02 9.235019795597e-03 7.905956357718e-03 9.298634715378e-03 1.296242140234e-02 1.210582628846e-02 9.894115850329e-03 7.129049859941e-03 4.946927540004e-03 1.295194029808e-02 1.179763674736e-02 7.955880835652e-03 5.467708222568e-03 6.039953324944e-03 7.636890280992e-03 5.784319713712e-03 3.035056171939e-03 2.196624176577e-03 2.531957579777e-03 3.057266352698e-03
2.249689772725e-02 2.114832960069e-02 1.972250826657e-02 2.332209423184e-02 3.933634236455e-02 4.310527443886e-02 3.985023871064e-02 2.196839638054e-02 1.727617345750e-02 1.933356001973e-02 2.768006920815e-02 2.420912124217e-02 3.499454259872e-02 4.062139987946e-02 3.593138977885e-02 2.732011862099e-02 3.014934249222e-02 2.232998237014e-02 2.078112587333e-02 3.754374757409e-02 3.524084016681e-02 1.960462331772e-02 1.218432281166e-02 1.064338255674e-02 9.875922463834e-03 1.006152294576e-02 1.459730230272e-02 1.340593583882e-02 1.172440964729e-02 9.265082888305e-03 9.416506625712e-03 5.939693655819e-03 1.518249977380e-02 1.241585519165e-02 8.155639283359e-03 5.028383340687e-03 7.248684298247e-03 8.271955884993e-03 6.017749197781e-03 3.439180552959e-03 2.655155025423e-03 3.348905360326e-03 3.730394179001e-03
2.892134152353e-02 2.203926444054e-02 2.209522016346e-02 2.366486378014e-02 4.135391116142e-02 4.765065014362e-02 4.318245127797e-02 2.352579124272e-02 1.875343173742e-02 2.124428562820e-02 2.998053655028e-02 3.145043179393e-02 4.246000573039e-02 4.239657521248e-02 3.275815397501e-02 2.727113291621e-02 2.629883959889e-02 2.431791834533e-02 1.996291801333e-02 4.740985110402e-02 3.725985810161e-02 1.814184337854e-02 1.181211043149e-02 1.160585321486e-02 1.097364630550e-02 1.604848355055e-02 1.518046855927e-02 1.397517323494e-02 1.193694118410e-02 1.336833368987e-02 1.190965902060e-02 1.055048685521e-02 1.496427506208e-02 1.272056344897e-02 7.181586697698e-03 3.917162306607e-03 7.862044498324e-03 9.032069705427e-03 6.180633790791e-03 3.515739692375e-03 3.669771598652e-03 4.225573502481e-03 4.412395413965e-03
3.315085545182e-02 2.149113453925e-02 2.514541335404e-02 2.500331401825e-02 4.443054273725e-02 5.207841843367e-02 4.670817404985e-02 2.539216727018e-02 1.983089931309e-02 2.310272306204e-02 3.219490498304e-02 3.991963714361e-02 4.773238301277e-02 4.095475375652e-02 2.845438942313e-02 3.078004531562e-02 2.757908217609e-02 2.270565554500e-02 1.683389209211e-02 5.647297576070e-02 3.666784614325e-02 1.818189956248e-02 1.048227585852e-02 1.052726432681e-02 1.728000491858e-02 1.731344312429e-02 1.675322651863e-02 1.394595950842e-02 1.485961303115e-02 1.211019139737e-02 1.090810727328e-02 1.436578202993e-02 1.606349088252e-02 1.173912454396e-02 6.244941614568e-03 4.244938492775e-03 7.654879242182e-03 9.878153912723e-03 6.107755005360e-03 4.131152294576e-03 4.774114117026e-03 5.103222094476e-03 4.983464255929e-03
4.498849064112e-02 2.239444851875e-02 2.756373025477e-02 2.571028657258e-02 4.737725853920e-02 5.577540025115e-02 5.091452971101e-02 2.738767117262e-02 2.257184125483e-02 2.983830124140e-02 3.457018733025e-02 4.884140938520e-02 5.002001300454e-02 3.768255561590e-02 3.472776710987e-02 3.121794387698e-02 2.918150462210e-02 2.113282307982e-02 2.465114183724e-02 6.219911575317e-02 3.356401622295e-02 1.853567361832e-02 1.216306071728e-02 1.809932477772e-02 1.970401592553e-02 1.984172128141e-02 1.650280691683e-02 1.605824939907e-02 1.390366535634e-02 9.458363056183e-03 1.215797383338e-02 1.623489521444e-02 1.470791269094e-02 9.749953635037e-03 8.088005706668e-03 7.361479569227e-03 6.942068692297e-03 1.055598910898e-02 5.727788899094e-03 5.267254076898e-03 5.857733543962e-03 5.885963793844e-03 5.366115365177e-03
5.107848346233e-02 3.203969448805e-02 2.945451997221e-02 2.771958708763e-02 4.908277094364e-02 5.916715413332e-02 5.503136664629e-02 2.956161648035e-02 2.788012102246e-02 3.680054843426e-02 4.493851214647e-02 5.721735209227e-02 4.949271306396e-02 3.468272462487e-02 3.486240655184e-02 2.880805172026e-02 4.136262089014e-02 2.134373597801e-02 3.600551187992e-02 6.175847724080e-02 2.954858914018e-02 1.751995272934e-02 1.848326995969e-02 2.157483808696e-02 2.271968312562e-02 1.935403421521e-02 1.608637347817e-02 1.474593486637e-02 1.247929595411e-02 1.262194477022e-02 1.540820207447e-02 1.470318716019e-02 1.249012630433e-02 8.454356342554e-03 6.957552395761e-03 6.942925043404e-03 9.361355565488e-03 1.085665635765e-02 6.603828165680e-03 6.374774966389e-03 6.651235278696e-03 6.279527209699e-03 5.499764345586e-03
5.259662866592e-02 3.505067899823e-02 2.913076058030e-02 3.105325624347e-02 5.037507042289e-02 6.515274941921e-02 5.913811177015e-02 3.185702115297e-02 3.302807733417e-02 4.151694104075e-02 5.671257898211e-02 6.221435219049e-02 4.615167900920e-02 3.763856738806e-02 3.137948736548e-02 3.981455788016e-02 5.125036835670e-02 2.730846405029e-02 4.645694419742e-02 5.386799573898e-02 2.522308751941e-02 1.900219917297e-02 2.339353412390e-02 2.381340600550e-02 2.208003588021e-02 1.607337966561e-02 1.416900195181e-02 1.420854125172e-02 1.347912568599e-02 1.538394950330e-02 1.390360575169e-02 1.100195571780e-02 1.140783913434e-02 6.842159666121e-03 6.858007982373e-03 7.222294341773e-03 1.144928950816e-02 1.015645358711e-02 6.943754851818e-03 7.013276685029e-03 6.846343167126e-03 6.108379457146e-03 5.210269708186e-03
5.207521095872e-02 3.042193315923e-02 3.233842179179e-02 3.575028106570e-02 5.052326619625e-02 7.139652222395e-02 6.545233726501e-02 3.472736477852e-02 3.604225441813e-02 4.771577566862e-02 6.606517732143e-02 6.299491971731e-02 4.049348086119e-02 3.304380550981e-02 2.802868187428e-02 2.837517298758e-02 3.748519346118e-02 2.934921532869e-02 4.800286889076e-02 4.057693481445e-02 2.117296494544e-02 2.522975020111e-02 2.456452138722e-02 2.423826418817e-02 1.595452986658e-02 1.395943667740e-02 1.445477176458e-02 1.456587016582e-02 1.507877465338e-02 1.555294543505e-02 1.169954054058e-02 9.010793641210e-03 1.217905618250e-02 8.782455697656e-03 8.322544395924e-03 8.169323205948e-03 1.311290729791e-02 8.446032181382e-03 6.984375882894e-03 6.921935360879e-03 6.469477433711e-03 5.587590858340e-03 4.682069178671e-03
6.264929473400e-02 3.727518022060e-02 3.856875747442e-02 3.874602541327e-02 4.856235906482e-02 7.580833137035e-02 7.559264451265e-02 3.992404788733e-02 4.081521183252e-02 5.340626835823e-02 7.218850404024e-02 6.017040833831e-02 4.132905602455e-02 3.851132467389e-02 2.873268164694e-02 2.897222898901e-02 2.402873523533e-02 3.560657799244e-02 3.722732514143e-02 2.886843308806e-02 2.758643776178e-02 2.509966678917e-02 2.609053626657e-02 1.763632707298e-02 1.496823411435e-02 1.874956116080e-02 1.491974480450e-02 1.802657544613e-02 1.824084483087e-02 1.536631863564e-02 1.111012138426e-02 1.043477747589e-02 1.100941095501e-02 9.252482093871e-03 8.772418834269e-03 1.295150537044e-02 1.240916736424e-02 7.003812585026e-03 6.629830691963e-03 6.340341176838e-03 5.808351095766e-03 5.399699788541e-03 5.408506374806e-03
7.057037949562e-02 7.341362535954e-02 4.096036031842e-02 3.915904462337e-02 4.567512124777e-02 7.864936441183e-02 8.616618812084e-02 4.666811972857e-02 4.989617317915e-02 5.980636551976e-02 7.517178356647e-02 5.197517946362e-02 3.952715173364e-02 3.938749060035e-02 3.741511330009e-02 2.373554557562e-02 2.962431311607e-02 3.274216130376e-02 3.102218732238e-02 3.042316809297e-02 2.639492414892e-02 2.769981138408e-02 1.769856363535e-02 1.528052520007e-02 2.247376367450e-02 1.801804825664e-02 1.675468124449e-02 2.059441432357e-02 2.141538448632e-02 1.767406985164e-02 1.303957309574e-02 1.139432378113e-02 9.337293915451e-03 8.087098598480e-03 1.213755644858e-02 1.367351599038e-02 9.736518375576e-03 7.094231899828e-03 7.116111461073e-03 7.048966363072e-03 6.973215844482e-03 6.961185019463e-03 6.915648467839e-03
5.619540810585e-02 1.017151772976e-01 7.420949637890e-02 3.830937668681e-02 4.229064658284e-02 8.098847419024e-02 9.407791495323e-02 5.261585116386e-02 5.555107817054e-02 6.557355821133e-02 7.314071804285e-02 4.955635964870e-02 4.778562486172e-02 3.489047288895e-02 4.200569912791e-02 3.576711192727e-02 5.418817326427e-02 3.375413641334e-02 3.478062525392e-02 2.958033420146e-02 2.954574115574e-02 1.915010809898e-02 1.831400021911e-02 2.499549090862e-02 2.202919870615e-02 1.821790263057e-02 1.796712912619e-02 1.846366561949e-02 1.912640593946e-02 1.962747052312e-02 1.560324151069e-02 1.160884555429e-02 8.957671001554e-03 1.325468067080e-02 1.414367929101e-02 1.036471500993e-02 8.767393417656e-03 8.729192428291e-03 8.614049293101e-03 8.358764462173e-03 8.157582953572e-03 7.950406521559e-03 7.709932047874e-03
8.875884860754e-02 5.862383171916e-02 1.218682080507e-01 5.664290860295e-02 4.784612357616e-02 8.415135741234e-02 9.892429411411e-02 5.806158110499e-02 7.176499068737e-02 6.894500553608e-02 6.083646044135e-02 5.232749506831e-02 4.752807691693e-02 5.039518326521e-02 3.398815914989e-02 2.980515733361e-02 7.678381353617e-02 4.378537088633e-02 3.295075520873e-02 4.176591336727e-02 2.474836632609e-02 2.143952250481e-02 2.719063870609e-02 2.496735937893e-02 2.141631953418e-02 2.051447704434e-02 2.069565095007e-02 1.730575971305e-02 2.098468504846e-02 2.244468778372e-02 1.854522712529e-02 1.202709507197e-02 1.505225431174e-02 1.371578592807e-02 1.078628934920e-02 1.040047314018e-02 1.014035101980e-02 9.719639085233e-03 9.280921891332e-03 8.774158544838e-03 8.301094174385e-03 7.890159264207e-03 7.460661232471e-03
1.177414581180e-01 1.425163000822e-01 7.717207074165e-02 1.231164187193e-01 5.392145738006e-02 9.113163501024e-02 1.005146503448e-01 7.722132652998e-02 9.729307889938e-02 6.898949295282e-02 7.293359935284e-02 6.137843802571e-02 4.883116111159e-02 5.566905811429e-02 4.273503646255e-02 3.788543865085e-02 8.721940964460e-02 4.619552195072e-02 5.057120695710e-02 3.460644185543e-02 2.955748513341e-02 3.183418139815e-02 2.867745235562e-02 2.571703679860e-02 2.236019633710e-02 2.101754955947e-02 2.468807250261e-02 1.956630684435e-02 2.507860958576e-02 2.501351200044e-02 2.000260725617e-02 1.564406603575e-02 1.291892956942e-02 1.217221841216e-02 1.148895360529e-02 1.086650788784e-02 1.017051003873e-02 9.418068453670e-03 8.720330893993e-03 7.963138632476e-03 7.346176542342e-03 6.889236159623e-03 6.622591055930e-03
1.378076523542e-01 1.499156653881e-01 1.536784321070e-01 1.072114855051e-01 9.739337116480e-02 9.427496790886e-02 1.013840883970e-01 8.920861035585e-02 8.030202239752e-02 8.440445363522e-02 8.831392228603e-02 6.234825029969e-02 6.971006840467e-02 4.765332490206e-02 5.418126285076e-02 5.264820531011e-02 6.582114100456e-02 4.909284040332e-02 4.690281301737e-02 3.707819432020e-02 3.867842257023e-02 4.065121337771e-02 4.032214358449e-02 3.287832066417e-02 2.525639347732e-02 2.319491468370e-02 2.178848534822e-02 2.570586279035e-02 2.717503905296e-02 2.265466563404e-02 1.587986573577e-02 1.384064462036e-02 1.266226544976e-02 1.156681403518e-02 1.127766724676e-02 1.198319345713e-02 1.214021816850e-02 1.169874146581e-02 1.074669416994e-02 9.530918672681e-03 9.815336205065e-03 9.821573272347e-03 9.428442455828e-03
