100/SI/f134_max.grd
DSAA
101	101
32.816463539100	34.260883539100
35.556306596100	36.727886596100
2.864770613087e-05	4.657257556915e+00
[rows 38 to 56 of 101, columns 43 to 85 of 101]
2.848570942879e-01 4.422445595264e-01 4.728724062443e-01 2.805148661137e-01 4.698901772499e-01 2.309942543507e-01 2.375556230545e-01 3.185859322548e-01 2.734178900719e-01 2.193301022053e-01 3.224394023418e-01 1.676532179117e-01 1.840516775846e-01 1.557210981846e-01 2.418618947268e-01 1.761967241764e-01 1.908519715071e-01 1.083476617932e-01 1.476500481367e-01 2.241283655167e-01 2.284872531891e-01 1.751912385225e-01 1.208699941635e-01 9.569522738457e-02 8.259645104408e-02 7.470992207527e-02 6.906910240650e-02 7.070121169090e-02 6.286341696978e-02 4.719595238566e-02 4.687899723649e-02 5.550615489483e-02 6.344981491566e-02 6.526188552380e-02 6.619841605425e-02 6.635144352913e-02 6.535799801350e-02 6.038213148713e-02 5.364034324884e-02 4.782688990235e-02 4.311339557171e-02 4.334249347448e-02 3.661456331611e-02
2.849738895893e-01 5.863935947418e-01 3.786413669586e-01 5.286208987236e-01 3.802727460861e-01 5.374801754951e-01 4.520283937454e-01 2.796798944473e-01 2.842763662338e-01 2.286893278360e-01 3.658275008202e-01 2.367704212666e-01 1.541527509689e-01 1.764929145575e-01 3.211591541767e-01 1.915565878153e-01 2.189609855413e-01 3.421956300735e-01 3.068325817585e-01 2.080035954714e-01 1.405084878206e-01 9.553052484989e-02 8.716921508312e-02 7.874228805304e-02 7.929102331400e-02 7.578671723604e-02 6.644066423178e-02 5.796987563372e-02 5.232173204422e-02 5.235097184777e-02 5.749166756868e-02 5.402063950896e-02 4.435602203012e-02 3.742617741227e-02 3.617505729198e-02 3.121241182089e-02 3.350745886564e-02 3.681665286422e-02 4.051989316940e-02 4.486620798707e-02 4.859768226743e-02 6.401627510786e-02 6.597659736872e-02
4.195219576359e-01 2.933739423752e-01 5.159581303596e-01 4.089251458645e-01 4.347342252731e-01 5.662180781364e-01 3.455059230328e-01 3.140121102333e-01 2.244376391172e-01 2.326747030020e-01 3.912992477417e-01 2.122292667627e-01 2.175309062004e-01 2.135630995035e-01 2.602514028549e-01 4.204144179821e-01 2.868910431862e-01 1.490352302790e-01 1.396244019270e-01 9.246454387903e-02 7.008327543736e-02 1.011728122830e-01 1.328139454126e-01 1.195929273963e-01 8.610933274031e-02 7.503091543913e-02 7.336342334747e-02 6.765685975552e-02 5.845092236996e-02 5.435874313116e-02 5.115596950054e-02 5.179458484054e-02 4.956411197782e-02 4.609201475978e-02 4.490522667766e-02 4.720297455788e-02 4.657611995935e-02 4.229089245200e-02 5.651741847396e-02 7.699500024319e-02 6.319968402386e-02 4.785653203726e-02 4.135635867715e-02
4.626248180866e-01 4.262265563011e-01 6.725519895554e-01 5.621623992920e-01 5.318443179131e-01 5.858593583107e-01 5.524446368217e-01 3.048250675201e-01 3.437807559967e-01 3.257800042629e-01 3.856599926949e-01 3.015016317368e-01 2.801634371281e-01 4.764141738415e-01 3.071895837784e-01 2.276791185141e-01 1.935107707977e-01 1.567342877388e-01 1.154659390450e-01 1.877448856831e-01 2.022104263306e-01 1.061900854111e-01 1.663978099823e-01 1.264787912369e-01 1.138592883945e-01 1.004275754094e-01 8.870512992144e-02 7.933215796947e-02 7.146625220776e-02 6.885236501694e-02 1.289623677731e-01 5.486032739282e-02 5.209659412503e-02 4.934675619006e-02 6.234544143081e-02 7.785202562809e-02 7.152696698904e-02 8.176902681589e-02 7.084839046001e-02 7.756400853395e-02 7.815804332495e-02 7.633734494448e-02 6.999389082193e-02
4.414615333080e-01 6.117460727692e-01 5.273933410645e-01 5.236613154411e-01 4.865433573723e-01 6.148140430450e-01 9.718960523605e-01 4.197709560394e-01 4.898718595505e-01 4.880149662495e-01 4.449000358582e-01 4.482739269733e-01 5.083130598068e-01 2.903204560280e-01 3.143246471882e-01 1.776224374771e-01 2.410608977079e-01 3.223174214363e-01 2.536187767982e-01 2.415013611317e-01 2.511595487595e-01 1.693426370621e-01 1.048402637243e-01 1.017677634954e-01 9.439164400101e-02 8.848344534636e-02 1.079031303525e-01 1.866503655910e-01 2.241840809584e-01 1.990054845810e-01 9.831792861223e-02 7.111089676619e-02 6.753947585821e-02 7.295281440020e-02 9.204643964767e-02 9.431384503841e-02 8.529157191515e-02 7.635474950075e-02 5.808905139565e-02 7.215116173029e-02 8.607931435108e-02 8.586684614420e-02 8.251264691353e-02
5.228472948074e-01 7.591704726219e-01 1.255481243134e+00 7.677662968636e-01 1.239602684975e+00 6.369827985764e-01 1.521298527718e+00 4.370964169502e-01 8.525326848030e-01 6.095596551895e-01 5.331487059593e-01 5.213491916656e-01 2.958129942417e-01 3.603340983391e-01 4.087363481522e-01 3.993736207485e-01 2.472083866596e-01 1.464092731476e-01 3.144354522228e-01 2.719812393188e-01 1.490654051304e-01 1.361674368382e-01 1.287008970976e-01 2.343319803476e-01 2.882483005524e-01 2.548536658287e-01 1.677569299936e-01 1.206885129213e-01 1.311986446381e-01 8.301770687103e-02 6.671138107777e-02 1.000873968005e-01 1.244176998734e-01 1.115880012512e-01 9.835722297430e-02 1.332972794771e-01 1.578534543514e-01 1.411485522985e-01 1.012019142509e-01 7.513491809368e-02 9.383760392666e-02 1.030165702105e-01 1.085830852389e-01
6.441825628281e-01 8.123502731323e-01 9.569184780121e-01 1.272075533867e+00 1.062929630280e+00 1.078768849373e+00 1.783614754677e+00 7.097938060760e-01 8.230630755424e-01 6.480530500412e-01 6.535598635674e-01 3.780435323715e-01 4.090124368668e-01 5.109046697617e-01 3.988259136677e-01 2.847596108913e-01 4.109463691711e-01 3.816671073437e-01 3.015933632851e-01 3.817011117935e-01 3.865022659302e-01 3.352639377117e-01 2.399899959564e-01 1.313505321741e-01 1.442503333092e-01 1.301999390125e-01 1.032682210207e-01 1.065965369344e-01 1.152279600501e-01 1.238420531154e-01 1.205873787403e-01 1.028711423278e-01 9.881581366062e-02 8.297841995955e-02 1.517181843519e-01 1.853726357222e-01 1.738020777702e-01 1.280188560486e-01 7.754507660866e-02 4.739771783352e-02 6.600456684828e-02 7.573505491018e-02 6.970055401325e-02
6.115924715996e-01 8.990738987923e-01 1.065135598183e+00 1.014641404152e+00 1.510818958282e+00 1.130429387093e+00 1.816610336304e+00 1.001089692116e+00 8.568764328957e-01 9.506579637527e-01 7.271024584770e-01 4.797391593456e-01 4.752220809460e-01 5.081061124802e-01 2.934501171112e-01 4.338998198509e-01 5.599291324615e-01 3.867256343365e-01 2.298462241888e-01 2.281207591295e-01 2.009960412979e-01 1.556786894798e-01 1.500559151173e-01 1.660626381636e-01 1.661354303360e-01 1.467486023903e-01 1.270658522844e-01 1.239227801561e-01 1.033190488815e-01 1.136341020465e-01 1.088977307081e-01 9.936834126711e-02 6.895115226507e-02 1.264658272266e-01 1.508319079876e-01 1.430084556341e-01 9.988529980183e-02 5.371845886111e-02 7.388663291931e-02 6.951501220465e-02 5.203714594245e-02 5.021467059851e-02 5.429234728217e-02
9.057500958443e-01 1.266996383667e+00 1.294246435165e+00 1.410017132759e+00 1.531910896301e+00 1.929159760475e+00 1.819709300995e+00 3.538763523102e+00 1.303599596024e+00 8.257191181183e-01 7.669513821602e-01 6.835126876831e-01 5.804374217987e-01 8.860596418381e-01 7.732918262482e-01 4.523466229439e-01 4.186615049839e-01 4.348826408386e-01 3.186449706554e-01 2.813713550568e-01 2.788196504116e-01 2.652751207352e-01 2.848137617111e-01 2.125231921673e-01 2.730180621147e-01 2.416401356459e-01 1.517966240644e-01 1.382401585579e-01 1.399942487478e-01 1.307347565889e-01 1.116660609841e-01 1.078378036618e-01 1.125520914793e-01 1.295111328363e-01 1.204183921218e-01 9.241099655628e-02 7.041180133820e-02 6.381165981293e-02 6.221210956573e-02 6.155129149556e-02 6.018778309226e-02 5.799459666014e-02 5.645195767283e-02
5.751093626022e-01 1.675819396973e+00 1.157156586647e+00 1.446767091751e+00 2.284457206726e+00 1.827504754066e+00 2.169550180435e+00 2.584059238434e+00 1.273830056190e+00 1.202988624573e+00 1.530732512474e+00 9.733892083168e-01 1.207689762115e+00 9.384678006172e-01 7.855756878853e-01 6.852920055389e-01 5.826276540756e-01 5.042523145676e-01 4.450621306896e-01 6.249614953995e-01 7.312582731247e-01 3.054692745209e-01 1.994021832943e-01 2.027782201767e-01 2.846496403217e-01 1.783394515514e-01 1.541950553656e-01 1.461871415377e-01 1.350521594286e-01 1.285372376442e-01 1.234721839428e-01 1.277666836977e-01 1.352317482233e-01 1.156292110682e-01 8.850698918104e-02 8.251135051250e-02 7.816682755947e-02 6.434128433466e-02 6.366565823555e-02 6.421501189470e-02 5.926807224751e-02 6.073785945773e-02 6.381286680698e-02
1.548097968102e+00 1.811185598373e+00 2.069826126099e+00 2.182921648026e+00 2.533125400543e+00 3.508559703827e+00 4.657257556915e+00 2.153053283691e+00 1.735635042191e+00 1.212578892708e+00 1.724429249763e+00 1.718063235283e+00 6.500909328461e-01 1.037032723427e+00 1.137297868729e+00 5.639781355858e-01 5.212696790695e-01 5.527698993683e-01 6.104397177696e-01 7.205270528793e-01 5.570628046989e-01 2.357846051455e-01 2.691975831985e-01 2.194541394711e-01 2.055457234383e-01 1.756407171488e-01 1.708450764418e-01 1.695944666862e-01 1.409527659416e-01 9.789825230837e-02 8.748536556959e-02 9.588740766048e-02 1.018015816808e-01 1.046034693718e-01 1.026161536574e-01 9.828200936317e-02 8.763564378023e-02 8.979514241219e-02 1.001488417387e-01 1.026164293289e-01 9.193354099989e-02 7.982762902975e-02 6.969138234854e-02
1.032813191414e+00 1.840186715126e+00 1.898585915565e+00 2.407930135727e+00 2.395060062408e+00 2.367437839508e+00 2.325371742249e+00 1.919455528259e+00 1.344123244286e+00 1.528665781021e+00 1.468484997749e+00 1.550729274750e+00 1.875343084335e+00 8.359029889107e-01 6.943392753601e-01 4.313259422779e-01 3.932918310165e-01 2.779669761658e-01 2.561366260052e-01 2.185367196798e-01 1.873000115156e-01 2.122169435024e-01 2.616371512413e-01 3.011374175549e-01 3.083353638649e-01 2.708038687706e-01 2.176089584827e-01 1.509187072515e-01 1.059613898396e-01 8.738719671965e-02 6.993866711855e-02 7.876285165548e-02 1.024718210101e-01 7.031939178705e-02 7.772115617990e-02 8.494884520769e-02 6.792065501213e-02 8.291380852461e-02 9.802559018135e-02 1.038941517472e-01 1.179546192288e-01 1.482453644276e-01 1.683757007122e-01
4.073256850243e-01 5.560458898544e-01 8.747370243073e-01 4.138002395630e+00 2.286993980408e+00 2.178829193115e+00 1.213273525238e+00 1.250524163246e+00 1.153174161911e+00 1.839481472969e+00 1.711306333542e+00 2.421323299408e+00 3.506151437759e+00 2.574720859528e+00 1.679184079170e+00 7.745630741119e-01 3.655063807964e-01 2.610658109188e-01 2.368143051863e-01 3.171791732311e-01 4.128043353558e-01 3.822725117207e-01 2.822490930557e-01 1.814967393875e-01 1.994117647409e-01 1.888207048178e-01 2.712698578835e-01 4.051576852798e-01 1.883319914341e-01 9.827528148890e-02 9.094919264317e-02 1.492757797241e-01 1.002261936665e-01 6.141934543848e-02 5.375141650438e-02 5.583061650395e-02 5.603450164199e-02 5.768495425582e-02 5.873535200953e-02 5.871260538697e-02 5.882068350911e-02 6.510095298290e-02 5.682879313827e-02
7.370295375586e-02 1.876367330551e-01 4.550134837627e-01 5.927305221558e-01 6.024236083031e-01 5.926992893219e-01 4.596698880196e-01 6.258226633072e-01 6.388123631477e-01 9.984590411186e-01 2.019705533981e+00 2.280519962311e+00 3.133734703064e+00 1.834696173668e+00 1.303107857704e+00 7.394310235977e-01 3.383672237396e-01 1.780012845993e-01 1.863230764866e-01 4.136673808098e-01 1.319405674934e+00 5.534267425537e-01 4.733479917049e-01 3.484108150005e-01 3.552897572517e-01 3.052917122841e-01 3.310694396496e-01 2.322910130024e-01 1.141467690468e-01 1.505216211081e-01 1.268504112959e-01 1.284576505423e-01 7.791741937399e-02 7.066905498505e-02 4.931226000190e-02 4.521084576845e-02 4.707887023687e-02 4.701385274529e-02 5.079606175423e-02 4.676507040858e-02 6.087868288159e-02 7.152539491653e-02 6.919243186712e-02
5.199205502868e-02 9.696921706200e-02 2.905642092228e-01 1.719496101141e-01 1.433921307325e-01 1.168702021241e-01 1.773097068071e-01 2.928314507008e-01 3.059039711952e-01 3.256093561649e-01 9.220653176308e-01 4.602217674255e+00 3.605134010315e+00 1.629040956497e+00 7.541567683220e-01 2.150650918484e-01 1.289217919111e-01 8.487197756767e-02 1.054818779230e-01 2.694313228130e-01 6.179676055908e-01 1.077021956444e+00 5.397946834564e-01 4.109635651112e-01 3.243938386440e-01 2.436044067144e-01 2.585877180099e-01 2.412571310997e-01 2.118704617023e-01 1.909001171589e-01 2.328901141882e-01 9.961170703173e-02 9.245048463345e-02 7.463109493256e-02 7.626059651375e-02 7.108186930418e-02 5.947287008166e-02 5.109659209847e-02 5.818376690149e-02 6.717489659786e-02 7.870902121067e-02 7.751081883907e-02 6.611761450768e-02
3.493029251695e-02 1.426291912794e-01 3.369451165199e-01 2.774704992771e-01 6.099551543593e-02 7.138075679541e-02 6.828164309263e-02 1.385918110609e-01 1.555957496166e-01 3.266404271126e-01 5.491939783096e-01 1.270720005035e+00 2.683636665344e+00 1.826509475708e+00 2.465283632278e+00 5.960304141045e-01 7.312136888504e-02 4.607807099819e-02 7.268954068422e-02 2.413805872202e-01 7.451181411743e-01 1.153223395348e+00 8.805868625641e-01 5.997757315636e-01 4.169156253338e-01 2.624433934689e-01 2.978633046150e-01 2.208452224731e-01 2.129867076874e-01 2.120009213686e-01 1.762391179800e-01 1.406294256449e-01 9.908666461706e-02 1.054600328207e-01 9.448935836554e-02 7.562697678804e-02 6.721029430628e-02 6.235954165459e-02 5.757779255509e-02 6.724678725004e-02 7.379645109177e-02 7.178851962090e-02 6.362459063530e-02
2.957855351269e-02 7.274098694324e-02 4.969305098057e-01 5.936478376389e-01 3.103065192699e-01 4.818712174892e-02 3.669168427587e-02 6.919054687023e-02 6.914093345404e-02 5.602336674929e-02 4.734149947762e-02 2.070426642895e-01 9.085616469383e-01 5.516364574432e-01 3.056256771088e+00 3.722076416016e-01 2.132382094860e-01 8.280623704195e-02 6.441302597523e-02 2.085103541613e-01 4.105295240879e-01 3.626258611679e+00 1.123438358307e+00 4.892322123051e-01 4.959180057049e-01 2.615070939064e-01 2.805324792862e-01 2.411778122187e-01 3.439201712608e-01 2.642903625965e-01 1.516089886427e-01 1.500367224216e-01 1.401116102934e-01 1.335390061140e-01 1.311775594950e-01 1.046081855893e-01 1.028388068080e-01 1.138120368123e-01 7.354912906885e-02 5.637114122510e-02 5.563676357269e-02 5.498054251075e-02 6.410850584507e-02
1.891448721290e-02 3.268603980541e-02 4.089006036520e-02 2.308906912804e-01 1.422954797745e-01 3.438531979918e-02 2.933039702475e-02 3.454530984163e-02 3.242621570826e-02 3.105664066970e-02 2.243632636964e-02 2.511117607355e-02 7.743941992521e-02 5.115695595741e-01 1.410480856895e+00 3.383392989635e-01 2.864423096180e-01 1.339165270329e-01 7.641009241343e-02 1.502043306828e-01 1.744189858437e-01 2.391238808632e-01 2.178342640400e-01 1.650538891554e-01 2.436051070690e-01 4.050855934620e-01 3.581694364548e-01 3.579891026020e-01 2.278732210398e-01 2.993799448013e-01 3.123248517513e-01 2.723245620728e-01 1.665732264519e-01 1.379942744970e-01 1.319386810064e-01 1.152221038938e-01 9.849846363068e-02 9.969002753496e-02 9.670287370682e-02 6.401710957289e-02 5.266644060612e-02 5.427954345942e-02 5.910789221525e-02
2.083491161466e-02 3.331907466054e-02 2.190413512290e-02 2.455243468285e-02 2.494619227946e-02 2.938519231975e-02 2.720815315843e-02 2.575196698308e-02 2.383317239583e-02 1.796798594296e-02 1.250123232603e-02 1.065319404006e-02 1.780260354280e-02 5.190112590790e-01 7.841741442680e-01 8.834386467934e-01 2.336160242558e-01 2.588407397270e-01 2.328947484493e-01 8.984814584255e-02 9.701266884804e-02 1.828106343746e-01 5.007475614548e-01 4.604108333588e-01 6.003753542900e-01 6.043326854706e-01 5.666903257370e-01 5.357078313828e-01 5.083415508270e-01 4.855258166790e-01 5.172068476677e-01 6.338014006615e-01 5.418738722801e-01 2.221131920815e-01 9.073294699192e-02 1.066963151097e-01 1.167819201946e-01 8.066979795694e-02 7.934939116240e-02 5.612277239561e-02 5.526409298182e-02 4.119440540671e-02 4.633387178183e-02
