100/SI/f134_max.grd
DSAA
101	101
32.816463539100	34.260883539100
35.556306596100	36.727886596100
2.864770613087e-05	4.657257556915e+00
[rows 57 to 75 of 101, columns 0 to 42 of 101]
1.589055638760e-03 2.610970521346e-03 2.824008231983e-03 2.826628042385e-03 3.025531535968e-03 3.703040070832e-03 4.150201566517e-03 4.552697297186e-03 4.927705973387e-03 5.035440437496e-03 4.846308380365e-03 6.674916017801e-03 1.143208704889e-02 6.247463636100e-03 4.637182224542e-03 6.932691205293e-03 6.185042671859e-03 6.869655102491e-03 8.299085311592e-03 8.683174848557e-03 8.846866898239e-03 6.661063991487e-03 4.631822928786e-03 4.070694558322e-03 4.414343740791e-03 6.117130164057e-03 9.787900373340e-03 1.215351745486e-02 9.605709463358e-03 5.536387674510e-03 4.334193654358e-03 3.407753771171e-03 3.569710301235e-03 4.284556023777e-03 5.061889067292e-03 6.497120484710e-03 7.484659552574e-03 8.083451539278e-03 1.337041798979e-02 1.751266978681e-02 1.501298695803e-02 1.331857498735e-02 1.502477284521e-02
2.000524662435e-03 3.275430528447e-03 3.742451546714e-03 3.798038698733e-03 3.755453275517e-03 3.651484614238e-03 3.653084393591e-03 3.821096848696e-03 3.976095933467e-03 6.464618723840e-03 2.097408659756e-02 2.427886053920e-02 9.068486280739e-03 4.735783673823e-03 4.743769764900e-03 4.431163892150e-03 4.783770535141e-03 4.767054691911e-03 5.382496397942e-03 6.816982291639e-03 8.282558992505e-03 8.844637311995e-03 6.181196309626e-03 3.886728547513e-03 4.474239423871e-03 6.829914171249e-03 1.032546907663e-02 1.107207313180e-02 1.120000146329e-02 7.117463741452e-03 4.299741704017e-03 3.900919109583e-03 3.735402366146e-03 4.462718963623e-03 5.268544424325e-03 5.453548859805e-03 5.607084371150e-03 5.850692745298e-03 5.901576951146e-03 6.368381436914e-03 7.680682465434e-03 1.050474774092e-02 1.209877803922e-02
2.674771239981e-03 4.398624878377e-03 5.135043989867e-03 7.503450382501e-03 9.568830020726e-03 1.207262557000e-02 1.579941622913e-02 2.289951965213e-02 4.180698096752e-02 5.890292301774e-02 3.914159163833e-02 9.963585063815e-03 6.706361658871e-03 5.864536389709e-03 4.261933267117e-03 4.509080201387e-03 4.773190710694e-03 4.707551095635e-03 4.437538795173e-03 4.741646349430e-03 7.987637072802e-03 9.051124565303e-03 6.416727788746e-03 3.686818294227e-03 2.890296047553e-03 4.459493793547e-03 6.327313371003e-03 6.520974449813e-03 6.829088088125e-03 5.546531174332e-03 3.868500236422e-03 4.074538592249e-03 3.855355782434e-03 4.325732123107e-03 5.220185033977e-03 5.410218145698e-03 5.156673025340e-03 4.731164313853e-03 4.370660521090e-03 4.890440497547e-03 6.231919862330e-03 8.000991307199e-03 1.054464001209e-02
2.612879034132e-03 4.990340210497e-03 8.605042472482e-03 1.216601952910e-02 1.528378389776e-02 2.011423744261e-02 2.907525002956e-02 4.316206648946e-02 4.322833195329e-02 1.995986327529e-02 4.785156343132e-03 5.580806173384e-03 6.071775685996e-03 5.396113730967e-03 4.872767720371e-03 5.119688343257e-03 5.137747153640e-03 4.939689300954e-03 3.795246127993e-03 3.707536030561e-03 5.751437041909e-03 6.416204385459e-03 4.759966861457e-03 2.976024989039e-03 2.285360125825e-03 2.468592952937e-03 3.310353262350e-03 4.094331525266e-03 4.834587220103e-03 4.159690812230e-03 3.804882057011e-03 3.561145858839e-03 3.799760481343e-03 4.207907710224e-03 5.050074774772e-03 5.177090410143e-03 4.686711821705e-03 4.014876205474e-03 3.682206384838e-03 4.091979470104e-03 6.036602891982e-03 7.616833783686e-03 9.645575657487e-03
1.581604941748e-03 2.757420763373e-03 3.371833357960e-03 3.549576271325e-03 3.555563744158e-03 3.539014607668e-03 3.507012501359e-03 3.430773736909e-03 3.363522002473e-03 3.287467407063e-03 3.083159914240e-03 3.240753896534e-03 3.580250544474e-03 4.580797161907e-03 5.156000144780e-03 5.392087623477e-03 5.195700563490e-03 4.616182763129e-03 3.414666512981e-03 2.679737284780e-03 3.219707170501e-03 3.340462688357e-03 2.634303178638e-03 1.951734069735e-03 1.717993873172e-03 1.889238948934e-03 2.424685982987e-03 2.915140241385e-03 3.459363710135e-03 3.723894013092e-03 3.524002386257e-03 3.148506628349e-03 3.654095111415e-03 4.423137288541e-03 5.280136130750e-03 5.110131576657e-03 4.245564807206e-03 3.368048230186e-03 3.731908742338e-03 4.178252071142e-03 6.259382702410e-03 7.769108749926e-03 9.089296683669e-03
7.417338201776e-04 1.382704125717e-03 1.793734263629e-03 1.981499139220e-03 2.054401207715e-03 2.113939495757e-03 2.170830965042e-03 2.212486928329e-03 2.277567749843e-03 2.342609921470e-03 2.294912468642e-03 2.156942384318e-03 2.213226864114e-03 2.939973026514e-03 3.462258959189e-03 3.648791695014e-03 3.323337063193e-03 2.960392506793e-03 2.504147822037e-03 2.095560543239e-03 1.716664759442e-03 1.601424068213e-03 1.320955692790e-03 1.470163813792e-03 1.733921468258e-03 1.823576050811e-03 2.011684235185e-03 2.423675963655e-03 2.928396919742e-03 3.203381784260e-03 3.155775601044e-03 2.979464828968e-03 3.651587059721e-03 4.903604276478e-03 5.698809400201e-03 5.144839640707e-03 3.859324380755e-03 3.312202403322e-03 3.825369291008e-03 4.532326478511e-03 6.085192319006e-03 6.794704124331e-03 7.836346514523e-03
5.116237443872e-04 8.617958519608e-04 1.070441212505e-03 1.215018914081e-03 1.307376776822e-03 1.387892407365e-03 1.465120236389e-03 1.529547385871e-03 1.606455654837e-03 1.685154042207e-03 1.695405691862e-03 1.640754751861e-03 1.578125287779e-03 1.521974219941e-03 1.538246520795e-03 1.744494424202e-03 1.839675940573e-03 1.814699382521e-03 1.665020128712e-03 1.588943297975e-03 1.365512958728e-03 1.280775642954e-03 1.132335746661e-03 1.497502671555e-03 1.845640479587e-03 2.021642401814e-03 2.010049065575e-03 1.984537579119e-03 2.418807242066e-03 2.689790446311e-03 2.754410961643e-03 2.737521426752e-03 3.710582852364e-03 5.192944779992e-03 5.729891359806e-03 4.781869705766e-03 3.380201291293e-03 3.331238869578e-03 4.000751301646e-03 4.493128508329e-03 5.199943669140e-03 5.982287693769e-03 6.143100094050e-03
4.138001531828e-04 7.049359264784e-04 8.888278971426e-04 9.776010410860e-04 1.040784991346e-03 1.094315666705e-03 1.133603160270e-03 1.140918117017e-03 1.176638528705e-03 1.221744692884e-03 1.231291913427e-03 1.210717484355e-03 1.190089504234e-03 1.162781147286e-03 1.209880108945e-03 1.390081131831e-03 1.477478188463e-03 1.457698061131e-03 1.347842277028e-03 1.259966054931e-03 1.326764002442e-03 1.287770573981e-03 1.125300652348e-03 1.495219999924e-03 1.886086422019e-03 2.125059021637e-03 2.153003355488e-03 2.084756968543e-03 2.129560103640e-03 2.333489712328e-03 2.429861575365e-03 2.563246991485e-03 3.694364568219e-03 5.084743257612e-03 5.234984215349e-03 4.116472788155e-03 3.129004500806e-03 3.439651336521e-03 4.191319923848e-03 4.428007174283e-03 4.610809031874e-03 4.985454492271e-03 4.578366409987e-03
3.973427810706e-04 6.365634035319e-04 8.077091770247e-04 8.868083241396e-04 9.208436240442e-04 9.499227744527e-04 9.600978810340e-04 9.457250707783e-04 9.498968720436e-04 9.617737960070e-04 9.707421995699e-04 1.007516402751e-03 1.036507310346e-03 1.059959759004e-03 1.087820273824e-03 1.129261450842e-03 1.207303605042e-03 1.224499428645e-03 1.236094278283e-03 1.184028340504e-03 1.218985882588e-03 1.273625530303e-03 1.130485092290e-03 1.416881685145e-03 1.789858564734e-03 2.038122853264e-03 2.081413287669e-03 2.030988922343e-03 2.141817705706e-03 2.203452866524e-03 2.244622679427e-03 2.398593584076e-03 3.469074377790e-03 4.569154698402e-03 4.437808878720e-03 3.540228586644e-03 3.063932294026e-03 3.688925877213e-03 4.244928713888e-03 4.143471829593e-03 4.012798424810e-03 4.045093897730e-03 3.730670316145e-03
3.723091504071e-04 5.910639301874e-04 7.418112363666e-04 8.087574387901e-04 8.373000309803e-04 8.581780712120e-04 8.602283778600e-04 8.412243332714e-04 8.438807562925e-04 9.074360132217e-04 9.620821219869e-04 1.011267770082e-03 1.054717227817e-03 1.091158832423e-03 1.124139409512e-03 1.156043843366e-03 1.179572194815e-03 1.183115062304e-03 1.159490668215e-03 1.125982962549e-03 1.128580071963e-03 1.229390851222e-03 1.161880791187e-03 1.286005601287e-03 1.602086005732e-03 1.821805024520e-03 2.101746387780e-03 2.293412573636e-03 2.301268512383e-03 2.226279117167e-03 2.176338573918e-03 2.237057313323e-03 3.052775049582e-03 3.811032976955e-03 3.649164456874e-03 3.160359105095e-03 3.310173284262e-03 3.755059326068e-03 4.015775863081e-03 3.642984433100e-03 3.363485215232e-03 3.195867175236e-03 3.192523727193e-03
3.434732789174e-04 5.443657282740e-04 6.820900598541e-04 7.459471235052e-04 7.727917982265e-04 7.841401966289e-04 7.780825835653e-04 7.906784885563e-04 7.942537195049e-04 8.590397774242e-04 9.200026397593e-04 9.770692558959e-04 1.029438572004e-03 1.073257066309e-03 1.107137766667e-03 1.129050040618e-03 1.131663681008e-03 1.221844926476e-03 1.247800770216e-03 1.158277620561e-03 1.055776956491e-03 1.128470292315e-03 1.151384902187e-03 1.156390877441e-03 1.410292577930e-03 1.592498272657e-03 1.917596673593e-03 2.227447926998e-03 2.300143009052e-03 2.224169438705e-03 2.133453730494e-03 2.112002577633e-03 2.439369913191e-03 2.960069337860e-03 2.904904074967e-03 2.683742903173e-03 2.863607136533e-03 3.182852873579e-03 3.291958244517e-03 2.864745678380e-03 2.637669909745e-03 2.445584861562e-03 2.406148705631e-03
3.191844152752e-04 5.067029269412e-04 6.374532822520e-04 7.010003319010e-04 7.241512648761e-04 7.253711810336e-04 7.135362247936e-04 7.336832932197e-04 7.599816890433e-04 7.862991187721e-04 8.366032270715e-04 8.958147373050e-04 9.505886700936e-04 9.966683574021e-04 1.029932755046e-03 1.071630162187e-03 1.175865996629e-03 1.323507400230e-03 1.388943754137e-03 1.351554994471e-03 1.237340853550e-03 1.100949943066e-03 1.132710720412e-03 1.146855764091e-03 1.256857533008e-03 1.403217203915e-03 1.446091802791e-03 1.734302495606e-03 1.961897127330e-03 2.030858071521e-03 2.005911665037e-03 2.037808066234e-03 2.100313547999e-03 2.169058192521e-03 2.157134003937e-03 2.085439860821e-03 2.199164358899e-03 2.564779948443e-03 2.727518789470e-03 2.240040572360e-03 1.999962376431e-03 1.785840257071e-03 1.967757008970e-03
3.016240661964e-04 4.802276380360e-04 6.064818007872e-04 6.667103734799e-04 6.826701574028e-04 6.770060863346e-04 6.650805589743e-04 6.618365296163e-04 7.008441607468e-04 7.278610137291e-04 7.339720032178e-04 7.847869419493e-04 8.376130717807e-04 8.828591671772e-04 9.213237790391e-04 1.023840275593e-03 1.196631463245e-03 1.365176867694e-03 1.479575294070e-03 1.514211297035e-03 1.473058131523e-03 1.385642332025e-03 1.280241529457e-03 1.183274202049e-03 1.138477353379e-03 1.254815026186e-03 1.282348297536e-03 1.228592591360e-03 1.496938988566e-03 1.717192935757e-03 1.862663892098e-03 1.970071578398e-03 2.035466488451e-03 1.969179138541e-03 1.766428118572e-03 1.725406735204e-03 1.940049114637e-03 2.433654852211e-03 2.818269655108e-03 2.529207849875e-03 1.860908349045e-03 1.666887546889e-03 1.893560402095e-03
2.952814393211e-04 4.693891096395e-04 5.905873840675e-04 6.437856936827e-04 6.521049072035e-04 6.427054177038e-04 6.372753996402e-04 6.459488067776e-04 6.423181039281e-04 6.560074398294e-04 6.742491386831e-04 7.384546333924e-04 8.121702121571e-04 8.886720170267e-04 9.564599604346e-04 1.047505880706e-03 1.217612531036e-03 1.390000223182e-03 1.545254723169e-03 1.641585608013e-03 1.658403314650e-03 1.617780304514e-03 1.548329601064e-03 1.477493438870e-03 1.436076941900e-03 1.409425633028e-03 1.357982517220e-03 1.280881464481e-03 1.482065417804e-03 1.662088441662e-03 1.796605763957e-03 1.919299247675e-03 1.984187634662e-03 1.853651483543e-03 1.762732048519e-03 1.814421731979e-03 1.954812556505e-03 2.351772272959e-03 2.714595524594e-03 2.460018265992e-03 1.899776980281e-03 1.660372945480e-03 1.888270373456e-03
3.002858429682e-04 4.748830106109e-04 5.921832052991e-04 6.387949688360e-04 6.414683884941e-04 6.283093825914e-04 6.274791667238e-04 6.338284001686e-04 6.478686118498e-04 6.514660199173e-04 6.918457802385e-04 7.613659254275e-04 8.293376886286e-04 8.941145497374e-04 9.466240881011e-04 1.079088775441e-03 1.271912013181e-03 1.454403274693e-03 1.630889018998e-03 1.758962171152e-03 1.800932921469e-03 1.774446573108e-03 1.709013362415e-03 1.627610647120e-03 1.560660195537e-03 1.494186581112e-03 1.382623566315e-03 1.265633269213e-03 1.452042604797e-03 1.608877209947e-03 1.743575441651e-03 1.873390516266e-03 1.916494453326e-03 1.761652529240e-03 1.787698012777e-03 1.841093413532e-03 1.999145373702e-03 2.279849955812e-03 2.452664310113e-03 2.155168913305e-03 1.764013548382e-03 1.541640725918e-03 1.752770156600e-03
3.080999013036e-04 4.857488675043e-04 6.012645899318e-04 6.439808639698e-04 6.433280650526e-04 6.416233954951e-04 6.689669680782e-04 6.880810251459e-04 6.990073015913e-04 7.008005632088e-04 6.947173969820e-04 7.317756535485e-04 8.031768957153e-04 8.986913599074e-04 9.296892676502e-04 1.057922258042e-03 1.302350428887e-03 1.513411640190e-03 1.680695102550e-03 1.785869011655e-03 1.809175941162e-03 1.760552520864e-03 1.669608172961e-03 1.563056604937e-03 1.463155029342e-03 1.362461480312e-03 1.220059581101e-03 1.264438382350e-03 1.424617599696e-03 1.565984566696e-03 1.694707199931e-03 1.802049810067e-03 1.802742015570e-03 1.660943729803e-03 1.825453829952e-03 2.289647003636e-03 2.167849102989e-03 2.257690299302e-03 2.174769993871e-03 1.839230186306e-03 1.596614834853e-03 1.402198919095e-03 1.590501633473e-03
3.038400318474e-04 4.774749104399e-04 5.875529022887e-04 6.269984296523e-04 6.260742084123e-04 6.443024612963e-04 6.620173226111e-04 6.707305437885e-04 6.730783497915e-04 6.691671442240e-04 6.653486052528e-04 7.467302493751e-04 8.689835085534e-04 9.732453036122e-04 1.004516379908e-03 9.829101618379e-04 1.245779450983e-03 1.461756532080e-03 1.583440811373e-03 1.625936594792e-03 1.602860633284e-03 1.515789423138e-03 1.400092383847e-03 1.299858326092e-03 1.218687510118e-03 1.131313387305e-03 1.130848773755e-03 1.254297560081e-03 1.395916449837e-03 1.523005776107e-03 1.633844338357e-03 1.695308252238e-03 1.648247824050e-03 1.593101420440e-03 1.900579547510e-03 2.040015533566e-03 2.067764056846e-03 2.268324373290e-03 2.199524780735e-03 1.803908147849e-03 1.552416244522e-03 1.426978735253e-03 1.544005470350e-03
2.782763622236e-04 4.345180059317e-04 5.315301241353e-04 5.658103618771e-04 5.963647854514e-04 6.223286618479e-04 6.111489492469e-04 5.908043240197e-04 5.840004887432e-04 6.209691637196e-04 6.780231487937e-04 7.838867022656e-04 9.266432025470e-04 1.034665503539e-03 1.064929761924e-03 1.047365483828e-03 1.140723354183e-03 1.324404263869e-03 1.393040991388e-03 1.377374748699e-03 1.308384700678e-03 1.187047222629e-03 1.137528801337e-03 1.346485689282e-03 1.364918542095e-03 1.307832542807e-03 1.280640251935e-03 1.285088481382e-03 1.357441302389e-03 1.467989291996e-03 1.545184175484e-03 1.547675696202e-03 1.453687320463e-03 1.471646595746e-03 1.729073817842e-03 2.444247482345e-03 2.112031914294e-03 2.960510086268e-03 2.627065638080e-03 2.206272212788e-03 1.870186999440e-03 1.539647695608e-03 1.738600898534e-03
2.863429253921e-04 4.220874398015e-04 5.179821164347e-04 5.983987939544e-04 6.593417492695e-04 6.737535004504e-04 6.541798356920e-04 6.172686698847e-04 5.742419161834e-04 6.271253223531e-04 6.949962116778e-04 8.234131964855e-04 9.814194636419e-04 1.091475016437e-03 1.121284440160e-03 1.103963237256e-03 1.047292957082e-03 1.206074259244e-03 1.252339687198e-03 1.323196687736e-03 1.799365272745e-03 1.650946564041e-03 1.235170173459e-03 1.404617330991e-03 1.363130402751e-03 1.255180919543e-03 1.191526534967e-03 1.197561505251e-03 1.311087282375e-03 1.396320993081e-03 1.425965805538e-03 1.370326615870e-03 1.246099360287e-03 1.322373747826e-03 1.465882989578e-03 2.173002343625e-03 2.727408893406e-03 4.301360342652e-03 3.978017717600e-03 2.614838071167e-03 1.991147641093e-03 1.835104543716e-03 2.267464296892e-03
