100/SI/f134_max.grd
DSAA
101	101
32.816463539100	34.260883539100
35.556306596100	36.727886596100
2.864770613087e-05	4.657257556915e+00
[rows 19 to 37 of 101, columns 43 to 85 of 101]
4.618583619595e-02 5.667366459966e-02 7.368838787079e-02 7.511048763990e-02 4.867568239570e-02 7.475393265486e-02 3.826143592596e-02 3.964049741626e-02 4.304339364171e-02 4.366007074714e-02 3.984770178795e-02 5.849903449416e-02 7.043915987015e-02 6.974497437477e-02 4.630282893777e-02 5.656132102013e-02 7.457147538662e-02 6.988453119993e-02 3.845619410276e-02 6.204866990447e-02 2.862940542400e-02 4.018007963896e-02 5.396295711398e-02 2.662405371666e-02 2.641973271966e-02 3.117074258626e-02 2.571146003902e-02 3.238222002983e-02 3.004288114607e-02 2.377989888191e-02 2.565665915608e-02 3.558342903852e-02 4.019311070442e-02 3.113123588264e-02 2.753063291311e-02 2.244661375880e-02 1.541582681239e-02 1.692953892052e-02 1.871172897518e-02 1.558243948966e-02 1.462342217565e-02 1.274669263512e-02 1.386046130210e-02
4.180540144444e-02 5.553378537297e-02 7.876417785883e-02 9.084439277649e-02 6.578253209591e-02 6.609883904457e-02 3.936250507832e-02 4.199231788516e-02 3.727675601840e-02 4.668765142560e-02 4.885838180780e-02 5.470049753785e-02 7.537835836411e-02 7.418357580900e-02 5.721736699343e-02 6.151615455747e-02 7.281396538019e-02 7.896811515093e-02 4.537753760815e-02 5.999116599560e-02 3.271416202188e-02 6.084029376507e-02 7.578925788403e-02 3.533133119345e-02 3.081810101867e-02 3.190254420042e-02 3.161806985736e-02 3.348388895392e-02 2.609280496836e-02 2.530431374907e-02 3.591405600309e-02 4.695387184620e-02 4.195130988955e-02 3.309111297131e-02 2.726289257407e-02 2.247185260057e-02 1.609404943883e-02 1.979119144380e-02 1.532181259245e-02 1.315572578460e-02 1.402675081044e-02 1.215380616486e-02 1.266439352185e-02
4.510501027107e-02 6.388704478741e-02 7.272969931364e-02 9.509033709764e-02 8.105160295963e-02 5.657139420509e-02 3.886211290956e-02 4.448603466153e-02 3.578804805875e-02 4.364706575871e-02 4.604365676641e-02 5.228968709707e-02 7.158922404051e-02 8.105427771807e-02 6.897657364607e-02 6.574537605047e-02 6.974665820599e-02 8.630047738552e-02 5.173101276159e-02 5.558033287525e-02 3.676146268845e-02 7.535535842180e-02 8.297295123339e-02 3.973456472158e-02 3.009942732751e-02 3.726352006197e-02 3.567960858345e-02 2.895800396800e-02 2.471316233277e-02 3.570420667529e-02 5.010648816824e-02 4.861247912049e-02 3.284333273768e-02 3.774734586477e-02 2.701876871288e-02 2.068558149040e-02 1.916022412479e-02 2.034951001406e-02 1.705459505320e-02 1.331593282521e-02 1.301903836429e-02 9.580646641552e-03 9.431104175746e-03
4.310820251703e-02 6.015566363931e-02 6.166401505470e-02 9.076357632875e-02 8.968954533339e-02 5.917598679662e-02 5.214934423566e-02 4.711758345366e-02 3.524349257350e-02 3.819984942675e-02 4.409464448690e-02 5.297990515828e-02 5.936730280519e-02 8.503824472427e-02 7.681009918451e-02 6.404406577349e-02 6.449330598116e-02 9.255123883486e-02 5.697260051966e-02 4.979811981320e-02 4.078650474548e-02 7.482878863811e-02 7.231168448925e-02 3.444799780846e-02 3.321496024728e-02 3.887774795294e-02 3.237356245518e-02 2.645836956799e-02 3.756849467754e-02 5.299611762166e-02 5.213429033756e-02 3.622318059206e-02 2.755312249064e-02 3.921886533499e-02 1.941935345531e-02 1.905182003975e-02 2.365113422275e-02 1.820261031389e-02 1.956243254244e-02 1.243204344064e-02 1.387846190482e-02 1.158894412220e-02 1.046209875494e-02
3.508122265339e-02 4.193842411041e-02 6.442376226187e-02 8.036889135838e-02 9.036156535149e-02 6.014100089669e-02 6.481374055147e-02 5.439694598317e-02 3.819384798408e-02 3.270855918527e-02 4.594025388360e-02 5.168947950006e-02 6.105855479836e-02 9.130679816008e-02 7.776220887899e-02 6.018951535225e-02 5.804853141308e-02 9.637374430895e-02 6.077125295997e-02 6.036208942533e-02 4.742722585797e-02 6.151523813605e-02 5.393160507083e-02 3.207147121429e-02 4.046421125531e-02 3.759296238422e-02 2.771482802927e-02 4.006880149245e-02 5.743274092674e-02 5.583892017603e-02 3.791137039661e-02 2.236847020686e-02 2.941341698170e-02 3.678957000375e-02 1.977558247745e-02 2.043419517577e-02 2.492256648839e-02 1.905073784292e-02 2.146252430975e-02 1.298362389207e-02 1.318242680281e-02 1.091000624001e-02 1.109862234443e-02
4.489224031568e-02 4.513198137283e-02 7.267282903194e-02 6.793436408043e-02 8.586198836565e-02 6.712584942579e-02 6.207482144237e-02 6.878301501274e-02 5.979374796152e-02 4.570153728127e-02 5.015480145812e-02 4.878811538219e-02 6.656385213137e-02 9.764271974564e-02 6.980264186859e-02 5.771106481552e-02 4.947871714830e-02 9.854748845100e-02 7.700024545193e-02 6.666748225689e-02 5.609459057450e-02 5.963402613997e-02 3.608960285783e-02 3.902504220605e-02 4.152518138289e-02 2.852951921523e-02 4.349299520254e-02 6.192601099610e-02 5.897413566709e-02 3.952202200890e-02 2.117071114480e-02 1.657412014902e-02 3.934663161635e-02 3.075315244496e-02 1.886591501534e-02 2.650408260524e-02 2.300054021180e-02 1.919717527926e-02 2.279887907207e-02 1.607043482363e-02 1.132117398083e-02 1.078538130969e-02 9.540337137878e-03
7.046913355589e-02 4.352612793446e-02 4.367502406240e-02 7.529561966658e-02 7.909110188484e-02 7.086250185966e-02 5.443940311670e-02 6.290794909000e-02 7.153362035751e-02 7.025203108788e-02 5.985336750746e-02 7.448848336935e-02 7.233776152134e-02 1.014747992158e-01 6.037429347634e-02 5.235318467021e-02 6.922212243080e-02 9.925176203251e-02 8.715137839317e-02 6.391943246126e-02 6.046493351460e-02 6.432045996189e-02 4.052061215043e-02 4.250641539693e-02 3.487869724631e-02 4.550044238567e-02 6.741866469383e-02 6.319262087345e-02 4.111135378480e-02 2.678378298879e-02 3.763084113598e-02 2.309137210250e-02 4.591364786029e-02 2.691020257771e-02 2.202398516238e-02 2.834924869239e-02 2.766233868897e-02 1.945783384144e-02 2.353351935744e-02 1.773555763066e-02 1.070923730731e-02 1.018743496388e-02 1.180580258369e-02
9.420309960842e-02 4.475946351886e-02 4.391036927700e-02 6.929597258568e-02 7.122997194529e-02 7.251860946417e-02 5.965904518962e-02 6.006662920117e-02 5.945667251945e-02 7.696264237165e-02 8.392775803804e-02 7.527338713408e-02 7.811535149813e-02 1.028145775199e-01 5.238438397646e-02 8.099832385778e-02 9.712187945843e-02 9.938695281744e-02 8.469805866480e-02 5.064967274666e-02 5.743842571974e-02 5.893648043275e-02 4.079464450479e-02 3.510696068406e-02 4.583988338709e-02 7.168139517307e-02 6.917800009251e-02 4.332603886724e-02 3.824758157134e-02 5.243951454759e-02 4.759760573506e-02 4.321629181504e-02 4.473663493991e-02 3.009691834450e-02 2.836220152676e-02 2.349480614066e-02 3.016304224730e-02 2.058743312955e-02 2.361593954265e-02 1.762384176254e-02 1.138486340642e-02 1.292715221643e-02 1.666033267975e-02
1.028347462416e-01 4.597695916891e-02 5.310184136033e-02 4.577664285898e-02 7.844849675894e-02 7.326241582632e-02 6.241027638316e-02 6.380474567413e-02 6.133276224136e-02 7.660588622093e-02 8.087626844645e-02 7.047322392464e-02 8.330075442791e-02 9.907499700785e-02 8.819712698460e-02 1.073073521256e-01 1.037137433887e-01 9.658388048410e-02 5.756817013025e-02 5.104311183095e-02 5.916744843125e-02 5.960379168391e-02 4.297747835517e-02 4.385659098625e-02 7.469785213470e-02 7.629945129156e-02 4.783440381289e-02 3.881271928549e-02 5.704918131232e-02 4.734639450908e-02 3.849323838949e-02 4.206738620996e-02 3.469460085034e-02 3.308765217662e-02 2.810212038457e-02 1.966881006956e-02 2.954581752419e-02 2.224607020617e-02 2.315240725875e-02 1.595432311296e-02 1.375021692365e-02 1.848467439413e-02 2.088988758624e-02
9.026707708836e-02 6.724274903536e-02 6.147668883204e-02 4.329314827919e-02 5.678142234683e-02 7.437571883202e-02 7.843482494354e-02 6.782021373510e-02 7.953888177872e-02 1.170736774802e-01 6.630725413561e-02 6.186509504914e-02 8.673449605703e-02 9.119576215744e-02 1.144042834640e-01 1.107824891806e-01 9.578637033701e-02 9.340842068195e-02 6.371720880270e-02 6.856519728899e-02 6.143301725388e-02 5.931841954589e-02 4.003590345383e-02 7.575622946024e-02 8.404118567705e-02 5.434558168054e-02 4.432525113225e-02 6.047992035747e-02 5.354417487979e-02 3.504207730293e-02 5.104634910822e-02 4.417048022151e-02 2.662757039070e-02 3.025210835040e-02 2.526373229921e-02 2.713042497635e-02 2.689937315881e-02 2.449641004205e-02 2.246532216668e-02 2.066667005420e-02 2.292352728546e-02 2.572960406542e-02 2.169939316809e-02
6.092079356313e-02 1.012625172734e-01 6.730145215988e-02 5.321481451392e-02 6.394742429256e-02 7.244972884655e-02 6.923814117908e-02 7.260241359472e-02 1.042714193463e-01 1.448698788881e-01 9.728668630123e-02 6.740022450686e-02 8.738931268454e-02 1.089357361197e-01 1.166609078646e-01 1.625723242760e-01 8.611290156841e-02 8.660873025656e-02 7.112374901772e-02 6.934221833944e-02 6.335962563753e-02 5.861559882760e-02 7.496292144060e-02 8.915939182043e-02 6.124222651124e-02 4.988779500127e-02 5.969862639904e-02 5.980388820171e-02 5.120877921581e-02 5.116937682033e-02 5.420264601707e-02 3.028422594070e-02 2.865491062403e-02 2.584963105619e-02 2.262294478714e-02 2.117308601737e-02 3.658556938171e-02 2.890402823687e-02 2.662592940032e-02 3.056521341205e-02 3.045606240630e-02 2.235284075141e-02 1.512834895402e-02
6.844963878393e-02 1.121975928545e-01 6.958602368832e-02 5.881160497665e-02 7.539206743240e-02 6.940654665232e-02 7.221043854952e-02 9.108807891607e-02 1.201863363385e-01 1.454972326756e-01 1.161814779043e-01 1.150024607778e-01 1.017814353108e-01 1.194734498858e-01 1.420860439539e-01 2.056417912245e-01 8.946692943573e-02 9.690807759762e-02 9.608350694180e-02 7.853851467371e-02 6.218244880438e-02 7.474224269390e-02 9.370924532413e-02 6.739279627800e-02 5.586139112711e-02 5.895706266165e-02 5.699361860752e-02 6.316351890564e-02 6.145190075040e-02 6.157711893320e-02 4.636848717928e-02 2.501504868269e-02 3.425246104598e-02 2.143858373165e-02 2.235974930227e-02 2.285852283239e-02 5.041507631540e-02 3.354042395949e-02 3.519999608397e-02 2.834969758987e-02 1.722577959299e-02 1.023068744689e-02 1.015343237668e-02
1.354642808437e-01 8.871103078127e-02 9.722295403481e-02 6.244834885001e-02 9.172906726599e-02 7.111997902393e-02 7.775086909533e-02 1.052525788546e-01 1.264578104019e-01 1.231897100806e-01 1.193515136838e-01 1.207012683153e-01 1.130065992475e-01 9.165107458830e-02 9.731677174568e-02 1.309310048819e-01 7.300762087107e-02 9.575966745615e-02 1.046961173415e-01 8.734388649464e-02 7.768505066633e-02 9.801808744669e-02 7.339788973331e-02 6.233042478561e-02 5.780946835876e-02 5.289200320840e-02 5.702638626099e-02 6.738844513893e-02 6.759513914585e-02 6.059766188264e-02 3.783366829157e-02 2.394558116794e-02 3.647093474865e-02 2.902567572892e-02 3.500587865710e-02 3.723521530628e-02 5.684430897236e-02 3.327830508351e-02 2.631634101272e-02 1.832258887589e-02 1.641625724733e-02 1.241673063487e-02 1.192235760391e-02
2.197168767452e-01 9.607526659966e-02 1.088281720877e-01 7.936121523380e-02 1.016603484750e-01 8.692527562380e-02 8.551499247551e-02 1.208402141929e-01 1.298952549696e-01 1.023615226150e-01 1.435884684324e-01 1.765319108963e-01 9.768451750278e-02 1.145917028189e-01 7.021506875753e-02 8.153074234724e-02 7.797943055630e-02 9.305345267057e-02 8.994770795107e-02 8.153420686722e-02 1.040139049292e-01 7.919986546040e-02 6.493317335844e-02 5.834320932627e-02 6.277924776077e-02 5.837771669030e-02 5.852364748716e-02 7.304599881172e-02 7.351703196764e-02 6.678334623575e-02 4.596896097064e-02 4.039610922337e-02 4.009415954351e-02 3.654774278402e-02 3.537013754249e-02 5.434158816934e-02 4.677596688271e-02 2.271101251245e-02 2.453214116395e-02 2.506963536143e-02 2.323302067816e-02 1.794845797122e-02 1.287664193660e-02
2.403938770294e-01 2.511787116528e-01 1.036745086312e-01 1.042253226042e-01 1.119446307421e-01 1.051914840937e-01 1.442828178406e-01 1.353943943977e-01 1.281008869410e-01 9.540599584579e-02 1.460284739733e-01 1.965773105621e-01 1.174906343222e-01 1.104661449790e-01 8.985088765621e-02 9.155277162790e-02 9.712007641792e-02 9.183889627457e-02 8.880824595690e-02 1.112918630242e-01 8.669939637184e-02 7.409486174583e-02 6.348599493504e-02 4.973172023892e-02 6.115751713514e-02 6.861025094986e-02 6.310383975506e-02 7.846322655678e-02 8.184123784304e-02 7.305249571800e-02 5.437194183469e-02 4.016573727131e-02 3.572015091777e-02 3.032290004194e-02 4.919506981969e-02 5.635952204466e-02 2.515155076981e-02 2.581764385104e-02 2.691006660461e-02 2.728410623968e-02 2.578300796449e-02 2.154663205147e-02 1.495374087244e-02
1.153984293342e-01 3.382586240768e-01 2.472083866596e-01 1.032301709056e-01 1.179612874985e-01 1.309994310141e-01 1.396901458502e-01 1.421614587307e-01 1.137532144785e-01 9.953806549311e-02 1.664995998144e-01 1.923613250256e-01 1.509422510862e-01 1.020562201738e-01 9.404288977385e-02 1.051298081875e-01 1.625955998898e-01 1.021492555737e-01 1.233473122120e-01 9.508474171162e-02 6.831745058298e-02 6.657703220844e-02 5.632929131389e-02 6.839898973703e-02 6.944518536329e-02 7.971581071615e-02 8.788673579693e-02 6.714873015881e-02 7.971277087927e-02 7.960697263479e-02 6.184559687972e-02 3.287973254919e-02 3.352918475866e-02 5.202352255583e-02 5.642779171467e-02 3.301979228854e-02 2.291868440807e-02 2.313266135752e-02 2.302699349821e-02 2.337623015046e-02 2.329349704087e-02 2.157009206712e-02 1.724439486861e-02
2.126402258873e-01 1.599339097738e-01 3.942938745022e-01 1.836356222630e-01 1.192892044783e-01 1.610376238823e-01 1.211028471589e-01 1.352142244577e-01 1.779450625181e-01 1.386076658964e-01 1.920171231031e-01 1.527505218983e-01 1.607607603073e-01 1.345392763615e-01 1.108579263091e-01 1.036696583033e-01 2.364536225796e-01 1.429661661386e-01 1.150518953800e-01 1.398940980434e-01 8.321497589350e-02 6.788498163223e-02 7.249958813190e-02 7.633534073830e-02 7.354669272900e-02 7.822201400995e-02 1.107646748424e-01 6.716512888670e-02 8.273389190435e-02 8.640526980162e-02 7.006176561117e-02 4.516657441854e-02 5.731925368309e-02 5.305824801326e-02 3.037434630096e-02 2.541967108846e-02 2.401053532958e-02 2.248322591186e-02 2.089966647327e-02 1.945752277970e-02 2.006719820201e-02 2.073809318244e-02 1.883732900023e-02
2.873900234699e-01 3.745312392712e-01 2.261626571417e-01 3.875995278358e-01 1.439382135868e-01 1.949601471424e-01 1.672585457563e-01 1.785675436258e-01 2.497033476830e-01 2.075262665749e-01 2.388134449720e-01 1.370540112257e-01 1.458257138729e-01 1.518434286118e-01 1.359483599663e-01 1.074981838465e-01 2.776559591293e-01 1.576229631901e-01 1.639684140682e-01 1.136515140533e-01 6.172786653042e-02 6.824311614037e-02 8.673830330372e-02 7.873453199863e-02 7.153755426407e-02 6.863932311535e-02 1.079707741737e-01 7.363556325436e-02 9.280005097389e-02 9.154241532087e-02 7.260262966156e-02 5.788533762097e-02 4.342979565263e-02 2.277252450585e-02 2.250037901103e-02 2.370440214872e-02 2.334749698639e-02 2.496057190001e-02 2.451376616955e-02 2.326545305550e-02 2.536149509251e-02 2.948505058885e-02 3.079969994724e-02
5.651556849480e-01 3.750426173210e-01 3.958258926868e-01 3.282990157604e-01 2.986237406731e-01 2.191567569971e-01 2.407767623663e-01 2.125343829393e-01 2.199117243290e-01 2.432091683149e-01 2.806305885315e-01 1.633698493242e-01 1.437015086412e-01 1.541844606400e-01 1.687334775925e-01 1.597774177790e-01 2.142539471388e-01 1.586299687624e-01 1.582178771496e-01 1.263431310654e-01 1.029513776302e-01 1.222876906395e-01 1.231706291437e-01 1.019602045417e-01 7.446435093880e-02 6.359902024269e-02 8.470460772514e-02 9.047327190638e-02 9.591104090214e-02 8.010056614876e-02 5.619885399938e-02 3.595019131899e-02 3.146277368069e-02 3.332405164838e-02 3.939774259925e-02 4.318743199110e-02 4.516517743468e-02 4.495490342379e-02 4.266892746091e-02 3.904093056917e-02 3.551523387432e-02 3.572012111545e-02 3.162575513124e-02
