100/SI/f134_max.grd
DSAA
101	101
32.816463539100	34.260883539100
35.556306596100	36.727886596100
2.864770613087e-05	4.657257556915e+00
[rows 0 to 18 of 101, columns 0 to 42 of 101]
4.327835515141e-03 7.737092208117e-03 6.859002634883e-03 4.108616616577e-03 3.439435502514e-03 4.478828981519e-03 8.925284259021e-03 1.244431361556e-02 1.113070733845e-02 6.647163070738e-03 4.206025507301e-03 4.834022838622e-03 5.131737329066e-03 4.954617936164e-03 4.248651675880e-03 6.486371625215e-03 9.749483317137e-03 1.128180418164e-02 8.034407161176e-03 5.223603453487e-03 5.938620772213e-03 6.347934715450e-03 4.696708638221e-03 4.212114494294e-03 4.469861276448e-03 6.107423920184e-03 8.910816162825e-03 1.017793547362e-02 1.323984004557e-02 1.054954994470e-02 8.113532327116e-03 7.623449899256e-03 6.614862941206e-03 5.248075351119e-03 4.290073178709e-03 4.152451641858e-03 3.816280514002e-03 5.161062348634e-03 7.244237232953e-03 8.310086093843e-03 6.960488855839e-03 5.892998073250e-03 5.614833440632e-03
8.009407669306e-03 1.511674001813e-02 1.483159326017e-02 1.036468893290e-02 7.297890726477e-03 8.660126477480e-03 1.717703975737e-02 2.375806309283e-02 2.102176845074e-02 1.225053053349e-02 7.221775129437e-03 8.258733898401e-03 8.722151629627e-03 8.303866721690e-03 7.269804831594e-03 9.645129553974e-03 1.535794232041e-02 2.010232396424e-02 1.814479008317e-02 1.081364601851e-02 1.083177980036e-02 1.657820306718e-02 8.717756718397e-03 7.822083309293e-03 9.216926991940e-03 1.193143334240e-02 1.493774540722e-02 1.705416478217e-02 2.517756074667e-02 1.959994994104e-02 1.318697258830e-02 1.194939576089e-02 1.113722845912e-02 9.061749093235e-03 9.748361073434e-03 1.019322220236e-02 1.024776697159e-02 1.147814374417e-02 1.443948503584e-02 1.453258283436e-02 1.075210794806e-02 1.062882971019e-02 1.161501742899e-02
7.831754162908e-03 1.607754826546e-02 1.802446506917e-02 1.544453110546e-02 9.933447465301e-03 9.996873326600e-03 1.987483911216e-02 2.700734511018e-02 2.314331568778e-02 1.268421206623e-02 9.119311347604e-03 1.028094626963e-02 1.062278542668e-02 9.829478338361e-03 8.094567805529e-03 7.821419276297e-03 1.008149888366e-02 1.506245043129e-02 1.722442358732e-02 1.399989612401e-02 1.708736829460e-02 2.562752738595e-02 1.121854875237e-02 9.688692167401e-03 1.225399784744e-02 1.482792664319e-02 1.538859400898e-02 1.547331642359e-02 2.934199012816e-02 2.197950333357e-02 1.277512125671e-02 1.095287501812e-02 1.523982919753e-02 8.110671304166e-03 9.171698242426e-03 1.053179800510e-02 1.317120343447e-02 1.668924279511e-02 1.745262183249e-02 1.445966027677e-02 1.492548733950e-02 9.859282523394e-03 1.301826909184e-02
6.941852625459e-03 1.528135780245e-02 1.823510602117e-02 1.864477433264e-02 1.499354280531e-02 1.023538783193e-02 2.077235653996e-02 2.763042226434e-02 2.236321754754e-02 1.089221052825e-02 1.009110547602e-02 1.113940682262e-02 1.109226141125e-02 9.869663976133e-03 7.848958484828e-03 7.982346229255e-03 7.620215415955e-03 8.742390200496e-03 1.138005312532e-02 1.291382033378e-02 2.866123989224e-02 3.261515870690e-02 1.255333796144e-02 1.063884049654e-02 1.351314969361e-02 1.549061667174e-02 1.481532212347e-02 1.411181967705e-02 2.939041331410e-02 2.136759459972e-02 1.082730107009e-02 8.801428601146e-03 1.756611093879e-02 9.339543059468e-03 1.024641748518e-02 1.449299696833e-02 1.793361268938e-02 1.868933998048e-02 1.581897586584e-02 1.835992373526e-02 1.801030896604e-02 1.094938255847e-02 1.193398516625e-02
6.790190935135e-03 1.461909711361e-02 1.730803772807e-02 1.915928162634e-02 1.834090985358e-02 1.296817976981e-02 2.119461819530e-02 2.759992145002e-02 2.096073329449e-02 9.237737394869e-03 1.082151196897e-02 1.151956338435e-02 1.115611474961e-02 1.110414788127e-02 1.019358728081e-02 8.606664836407e-03 8.416008204222e-03 8.297409862280e-03 1.170237921178e-02 2.372154965997e-02 3.984290733933e-02 3.583160787821e-02 1.346943620592e-02 1.515971589833e-02 1.351739373058e-02 1.513271871954e-02 1.357117202133e-02 1.404517237097e-02 2.781897597015e-02 2.012742310762e-02 1.279523409903e-02 1.000739075243e-02 1.872852072120e-02 1.147738471627e-02 1.610852405429e-02 1.928436197340e-02 1.949637196958e-02 1.645728200674e-02 1.132938545197e-02 1.883473247290e-02 2.188038080931e-02 1.462498586625e-02 9.461343288422e-03
6.348416674882e-03 1.275121793151e-02 1.541055180132e-02 1.686929352582e-02 1.872234046459e-02 1.559333875775e-02 2.117480151355e-02 2.670742943883e-02 1.888731308281e-02 1.025726366788e-02 1.149055548012e-02 1.261858921498e-02 1.344868261367e-02 1.301440317184e-02 1.170758251101e-02 9.528163820505e-03 7.735955528915e-03 8.791370317340e-03 1.863689906895e-02 3.382370248437e-02 4.635900259018e-02 3.539249673486e-02 1.527211908251e-02 2.308051474392e-02 1.419255323708e-02 1.418834086508e-02 1.215528231114e-02 1.531734224409e-02 2.488306723535e-02 2.013550698757e-02 1.293152663857e-02 1.097872387618e-02 2.171720191836e-02 1.718888059258e-02 2.040273696184e-02 2.017078362405e-02 1.674207299948e-02 1.157720759511e-02 1.276565995067e-02 1.770406030118e-02 2.678941562772e-02 1.698650047183e-02 9.206433780491e-03
7.992152124643e-03 1.419955212623e-02 1.308524142951e-02 1.295241247863e-02 1.615542545915e-02 1.565637998283e-02 2.083882503211e-02 2.552161365747e-02 1.694585569203e-02 1.130929775536e-02 1.269300747663e-02 1.444420590997e-02 1.463531702757e-02 1.360881049186e-02 1.158206444234e-02 1.093199662864e-02 1.037098187953e-02 1.290502585471e-02 2.515951730311e-02 4.041729867458e-02 4.800778999925e-02 3.232275694609e-02 2.019807882607e-02 2.925208210945e-02 2.056070230901e-02 1.291697379202e-02 1.194840203971e-02 2.838023379445e-02 3.975715115666e-02 2.564548701048e-02 1.434191316366e-02 1.218358892947e-02 2.384856343269e-02 2.015147358179e-02 2.015061862767e-02 1.673186942935e-02 1.166315004230e-02 1.279292907566e-02 1.852245070040e-02 2.337180823088e-02 2.749988064170e-02 2.029225043952e-02 9.165804833174e-03
8.104711771011e-03 1.621607132256e-02 1.676201261580e-02 1.213856320828e-02 1.156662870198e-02 1.310048438609e-02 2.054602280259e-02 2.494794316590e-02 1.577913574874e-02 1.222249306738e-02 1.433097478002e-02 1.529620774090e-02 1.479003019631e-02 1.304698642343e-02 1.223248429596e-02 1.384513825178e-02 1.543143391609e-02 1.703939214349e-02 3.084828145802e-02 4.385554045439e-02 4.712054878473e-02 2.904897741973e-02 2.191161736846e-02 3.216116875410e-02 2.500490844250e-02 1.592848822474e-02 1.144149061292e-02 4.310986027122e-02 5.569880455732e-02 3.006531111896e-02 1.567316427827e-02 1.469568256289e-02 2.355297654867e-02 1.849864050746e-02 1.711542718112e-02 1.214876864105e-02 1.224491465837e-02 1.822699606419e-02 2.406919747591e-02 2.658066898584e-02 2.417096123099e-02 2.526213787496e-02 1.057845354080e-02
7.006749045104e-03 1.532266102731e-02 1.906038634479e-02 1.735684275627e-02 1.153711974621e-02 1.132065150887e-02 2.032020315528e-02 2.472710050642e-02 1.518518198282e-02 1.365496125072e-02 1.519385818392e-02 1.534062437713e-02 1.404188945889e-02 1.209375262260e-02 1.275860611349e-02 1.471959054470e-02 1.996212452650e-02 2.045417577028e-02 3.405000269413e-02 4.319116100669e-02 4.275895282626e-02 2.520802244544e-02 2.234448306262e-02 3.074776753783e-02 2.697462774813e-02 1.839256100357e-02 1.443808805197e-02 5.560407787561e-02 6.501061469316e-02 3.312041237950e-02 1.717567816377e-02 1.400834135711e-02 2.389330603182e-02 1.594348251820e-02 1.878900825977e-02 1.887442730367e-02 1.826774142683e-02 2.448953129351e-02 2.816667221487e-02 2.662469260395e-02 1.955759525299e-02 3.134931251407e-02 1.242390647531e-02
7.093537598848e-03 1.272031944245e-02 1.796004734933e-02 2.035224810243e-02 1.736740581691e-02 1.138570345938e-02 2.036777511239e-02 2.468455582857e-02 1.483513601124e-02 1.444789487869e-02 1.523489318788e-02 1.458447892219e-02 1.592050492764e-02 1.733502373099e-02 1.812758855522e-02 1.837951876223e-02 2.166776917875e-02 2.369052730501e-02 3.505866602063e-02 4.006351530552e-02 3.704582527280e-02 2.148258686066e-02 2.017176337540e-02 2.687018737197e-02 2.605427429080e-02 1.890057325363e-02 1.560976821929e-02 6.309088319540e-02 6.904666125774e-02 3.431000187993e-02 1.506090909243e-02 1.217057462782e-02 2.589392475784e-02 1.582498475909e-02 1.923669874668e-02 1.964515261352e-02 2.537901327014e-02 2.922328561544e-02 2.859099023044e-02 2.289931476116e-02 1.635959744453e-02 3.404869139194e-02 1.737310364842e-02
7.121557835490e-03 1.426984928548e-02 1.480130106211e-02 1.945891417563e-02 2.130331844091e-02 1.714019104838e-02 2.018609084189e-02 2.428936772048e-02 1.434598118067e-02 1.459395699203e-02 1.600891724229e-02 1.873735338449e-02 2.077188342810e-02 2.189763635397e-02 2.241667360067e-02 2.260887064040e-02 2.236809581518e-02 2.943047136068e-02 4.126607254148e-02 4.373612254858e-02 3.675928711891e-02 2.717011980712e-02 1.907619461417e-02 2.291512303054e-02 2.349969558418e-02 1.683429069817e-02 1.812148094177e-02 6.655558198690e-02 7.064320892096e-02 3.359818831086e-02 1.446958910674e-02 1.376010198146e-02 2.536902762949e-02 1.687325350940e-02 2.239785157144e-02 2.716257236898e-02 3.029367700219e-02 2.971447817981e-02 2.464710362256e-02 1.904095895588e-02 1.855374500155e-02 3.270308300853e-02 2.259504608810e-02
6.026011891663e-03 1.269349362701e-02 1.520016510040e-02 1.617386937141e-02 2.102253399789e-02 2.217225544155e-02 1.957521773875e-02 2.340592630208e-02 1.425051316619e-02 1.725361309946e-02 2.007507160306e-02 2.237007580698e-02 2.393791452050e-02 2.483013086021e-02 2.512693032622e-02 2.506959065795e-02 2.479973062873e-02 3.913943469524e-02 5.351935327053e-02 5.563427507877e-02 4.793753102422e-02 3.755554929376e-02 2.747251465917e-02 1.944589242339e-02 2.747634984553e-02 2.632866613567e-02 2.227155677974e-02 6.385920941830e-02 6.249703466892e-02 3.056697919965e-02 1.876317337155e-02 2.221313677728e-02 2.397432178259e-02 2.690409868956e-02 3.050716780126e-02 3.187330812216e-02 3.056604042649e-02 2.646983228624e-02 2.529100514948e-02 2.930151484907e-02 2.206386998296e-02 2.794694341719e-02 2.689966745675e-02
5.214003380388e-03 9.927759878337e-03 1.264061033726e-02 1.496286503971e-02 1.776236109436e-02 2.252491191030e-02 2.264793775976e-02 2.214042097330e-02 1.768580265343e-02 2.056331560016e-02 2.261826582253e-02 2.392124384642e-02 2.469523809850e-02 2.511801011860e-02 2.513784356415e-02 2.499473839998e-02 2.498240210116e-02 4.304585978389e-02 5.817859247327e-02 5.941891670227e-02 5.137053132057e-02 4.182207584381e-02 3.268019109964e-02 2.389094419777e-02 3.691370785236e-02 3.569374233484e-02 3.009674884379e-02 5.559140071273e-02 4.902726039290e-02 2.599083259702e-02 3.281142190099e-02 3.704132512212e-02 3.690735995770e-02 3.570327907801e-02 3.468605875969e-02 3.370695188642e-02 3.269020095468e-02 3.101883456111e-02 2.837531641126e-02 3.969034180045e-02 2.470368146896e-02 2.124148793519e-02 3.465709835291e-02
6.454261485487e-03 1.252229418606e-02 1.231343578547e-02 1.149822305888e-02 1.409792061895e-02 1.931256987154e-02 2.409690804780e-02 2.300236746669e-02 1.967268809676e-02 2.186292409897e-02 2.295341528952e-02 2.329626306891e-02 2.311490103602e-02 2.257510460913e-02 2.197069674730e-02 2.184058725834e-02 2.237888239324e-02 3.948726877570e-02 5.231782048941e-02 5.408692359924e-02 4.856017231941e-02 4.116168245673e-02 3.396813571453e-02 2.683030813932e-02 3.644331172109e-02 3.765351697803e-02 3.326340764761e-02 4.547266289592e-02 3.575567901134e-02 2.851856872439e-02 3.850906342268e-02 4.357796534896e-02 4.158838465810e-02 3.747389838099e-02 3.375731036067e-02 3.175016492605e-02 2.998691610992e-02 2.793978527188e-02 2.554008737206e-02 4.196611791849e-02 3.845470771194e-02 2.188470773399e-02 3.935404121876e-02
8.325167931616e-03 1.665301434696e-02 1.673253811896e-02 1.641982421279e-02 1.587851904333e-02 1.509033050388e-02 2.111466228962e-02 2.574496716261e-02 2.277409099042e-02 2.137240394950e-02 2.164145000279e-02 2.116121724248e-02 2.020289562643e-02 1.892940141261e-02 1.781977340579e-02 1.805167645216e-02 1.821968704462e-02 3.116687573493e-02 4.017704725266e-02 4.237949103117e-02 3.965508937836e-02 3.560560569167e-02 3.141503036022e-02 2.692205645144e-02 2.852710522711e-02 3.112297505140e-02 3.041519224644e-02 4.623069614172e-02 2.620060928166e-02 2.894385531545e-02 3.750747814775e-02 4.167623072863e-02 3.990680724382e-02 3.300702199340e-02 2.442370541394e-02 2.520201168954e-02 2.150315046310e-02 2.276012301445e-02 2.216810919344e-02 3.458466753364e-02 5.127942934632e-02 2.218358032405e-02 3.955473750830e-02
8.449031040072e-03 1.716972887516e-02 1.778523251414e-02 1.863783784211e-02 1.928577199578e-02 1.945822313428e-02 1.930747926235e-02 2.311868965626e-02 2.690161392093e-02 2.159638144076e-02 1.942002214491e-02 1.840073056519e-02 1.709176972508e-02 1.609325967729e-02 1.732444949448e-02 1.844681054354e-02 1.965927146375e-02 2.561151236296e-02 2.810626849532e-02 3.014729730785e-02 2.952648140490e-02 2.738943882287e-02 2.556855417788e-02 2.423277124763e-02 2.319419756532e-02 2.276084572077e-02 3.014174662530e-02 4.891537129879e-02 3.340966999531e-02 3.269290924072e-02 3.882910311222e-02 3.943983465433e-02 3.311920911074e-02 3.314479067922e-02 1.790267974138e-02 2.991261519492e-02 2.852988988161e-02 2.643446810544e-02 2.268435619771e-02 2.421570755541e-02 5.817003920674e-02 3.166855126619e-02 3.503683954477e-02
9.113262407482e-03 1.573192887008e-02 1.570129580796e-02 1.639721915126e-02 1.780898310244e-02 1.958432234824e-02 2.075466513634e-02 2.133062109351e-02 2.474051155150e-02 2.618995122612e-02 2.253749407828e-02 2.172911912203e-02 2.186067402363e-02 1.982132159173e-02 1.786276139319e-02 2.027009241283e-02 2.238456159830e-02 2.634565345943e-02 2.659105882049e-02 2.229671180248e-02 2.014311961830e-02 2.366888895631e-02 2.964234910905e-02 3.081954643130e-02 2.785315550864e-02 2.244222909212e-02 3.336255624890e-02 4.976130649447e-02 3.355708345771e-02 3.527029231191e-02 3.712297976017e-02 3.814564645290e-02 4.101276397705e-02 3.685842081904e-02 2.245452255011e-02 3.366880491376e-02 3.172763437033e-02 2.625237964094e-02 1.977009139955e-02 2.362171187997e-02 5.578241124749e-02 4.858643561602e-02 2.740336023271e-02
1.039616297930e-02 1.914944872260e-02 2.062107436359e-02 1.778859458864e-02 1.647130772471e-02 1.780058443546e-02 1.816449686885e-02 1.798314787447e-02 1.944846101105e-02 2.410008572042e-02 2.626152895391e-02 2.707985974848e-02 2.718747220933e-02 2.499873936176e-02 2.461286075413e-02 2.377205342054e-02 2.234108373523e-02 2.637291513383e-02 2.767699584365e-02 2.462632767856e-02 2.032543160021e-02 1.869859732687e-02 2.068557776511e-02 2.309347130358e-02 2.370180189610e-02 2.380071580410e-02 2.919465489686e-02 4.776429012418e-02 3.414443507791e-02 2.990618534386e-02 3.427217155695e-02 3.947778418660e-02 4.411680996418e-02 3.765214234591e-02 2.583226189017e-02 3.719813749194e-02 3.039627149701e-02 2.359645999968e-02 1.777155697346e-02 2.154536917806e-02 4.484329745173e-02 6.575071811676e-02 3.035034611821e-02
1.019648183137e-02 1.999383419752e-02 2.376628108323e-02 2.238618955016e-02 1.695016212761e-02 1.319861132652e-02 1.603772118688e-02 1.819350942969e-02 1.953424140811e-02 1.972076855600e-02 2.598319761455e-02 2.888838946819e-02 2.759657241404e-02 2.769380621612e-02 2.802590094507e-02 2.766244299710e-02 2.449247241020e-02 2.612262964249e-02 2.856860309839e-02 2.633528038859e-02 2.024457417428e-02 2.418372966349e-02 2.356037124991e-02 2.420274913311e-02 2.135610207915e-02 2.084249071777e-02 2.190850488842e-02 4.419509693980e-02 4.036547616124e-02 3.195055946708e-02 3.091581538320e-02 3.337637707591e-02 4.133969917893e-02 3.692219033837e-02 2.992250397801e-02 3.593171015382e-02 2.649459801614e-02 2.117201127112e-02 1.996699348092e-02 1.963200420141e-02 3.068320825696e-02 7.688505202532e-02 3.192755952477e-02
