100/SI/f135_max.grd
DSAA
101	101
32.816463539100	34.260883539100
35.556306596100	36.727886596100
1.412168843672e-03	4.072359466553e+01
[rows 57 to 75 of 101, columns 0 to 42 of 101]
2.101841382682e-02 3.701426088810e-02 4.911794140935e-02 5.441238731146e-02 4.589127749205e-02 5.014404281974e-02 5.131199210882e-02 5.686293169856e-02 6.264229863882e-02 6.727336347103e-02 6.846530735493e-02 6.705573946238e-02 6.848625838757e-02 6.865539401770e-02 1.008897200227e-01 1.211227253079e-01 7.168327271938e-02 7.472008466721e-02 9.443467110395e-02 1.268907487392e-01 1.599283963442e-01 2.714416682720e-01 1.987575292587e-01 1.291031241417e-01 1.115074530244e-01 1.103652939200e-01 1.569050401449e-01 2.978015244007e-01 3.083806931973e-01 1.921012401581e-01 1.525256484747e-01 9.501865506172e-02 7.637146860361e-02 9.829510748386e-02 1.444234848022e-01 1.716883629560e-01 1.650325804949e-01 1.607448011637e-01 2.147526890039e-01 2.742621898651e-01 3.688071966171e-01 4.439066052437e-01 4.897989928722e-01
2.674879692495e-02 5.956238880754e-02 7.813178002834e-02 4.793232306838e-02 4.394686222076e-02 3.922708332539e-02 3.673979267478e-02 3.606301173568e-02 4.018271714449e-02 4.509519040585e-02 1.056521311402e-01 1.254153251648e-01 5.543942749500e-02 5.267367139459e-02 5.668750032783e-02 8.929461985826e-02 5.672898516059e-02 6.237279251218e-02 8.085100352764e-02 1.143886595964e-01 1.769823282957e-01 2.214833050966e-01 1.591379940510e-01 9.203773736954e-02 6.867738813162e-02 9.179598093033e-02 1.475997120142e-01 3.792828321457e-01 3.179263770580e-01 1.968045234680e-01 1.538634002209e-01 1.326975822449e-01 7.932445406914e-02 9.618884325027e-02 1.307981163263e-01 1.398980468512e-01 1.249749958515e-01 1.406005918980e-01 1.702674925327e-01 3.673259615898e-01 4.980760514736e-01 5.717650055885e-01 6.276813745499e-01
1.937893591821e-02 5.442863330245e-02 7.189807295799e-02 4.311149567366e-02 4.247642681003e-02 5.486012250185e-02 7.313036918640e-02 1.081406697631e-01 2.021951228380e-01 2.924983799458e-01 8.250609040260e-02 5.218946188688e-02 4.994608461857e-02 4.857333749533e-02 4.655151814222e-02 3.818853572011e-02 4.320929944515e-02 4.835056886077e-02 6.559981405735e-02 1.025464385748e-01 1.697814166546e-01 1.917527168989e-01 1.371834278107e-01 8.077052235603e-02 9.572344832122e-03 6.426891684532e-02 1.135385707021e-01 2.985286116600e-01 2.643916308880e-01 1.622823029757e-01 1.333938688040e-01 7.244749367237e-02 7.557900995016e-02 7.976030558348e-02 7.483124732971e-02 9.238313138485e-02 1.088076084852e-01 1.292699277401e-01 1.626056283712e-01 4.059924781322e-01 5.251594185829e-01 5.342199802399e-01 5.837569832802e-01
2.124327607453e-02 2.940143831074e-02 7.053363323212e-02 5.850198492408e-02 6.745433062315e-02 9.070905297995e-02 1.340395808220e-01 2.040841728449e-01 2.100292146206e-01 9.924252331257e-02 3.997846692801e-02 4.224605113268e-02 4.345085471869e-02 4.345940798521e-02 4.451015591621e-02 3.853759914637e-02 4.588878527284e-02 4.350443184376e-02 9.695841372013e-02 1.306871473789e-01 1.227382048965e-01 1.362647563219e-01 1.020335182548e-01 2.919098362327e-02 9.172741323709e-03 5.632758513093e-02 7.570564001799e-02 1.306150257587e-01 1.224333047867e-01 7.239035516977e-02 6.978899240494e-02 6.719581037760e-02 8.002407848835e-02 7.149164378643e-02 7.179158926010e-02 8.316120505333e-02 1.063643768430e-01 1.218885481358e-01 1.590371876955e-01 4.001079499722e-01 4.833981990814e-01 4.260480999947e-01 4.612609744072e-01
9.923142381012e-03 1.691830903292e-02 4.527460411191e-02 5.595685914159e-02 6.073899567127e-02 3.102122806013e-02 2.992309629917e-02 2.927487343550e-02 2.855415642262e-02 2.789680100977e-02 3.213717415929e-02 3.427351638675e-02 3.601783514023e-02 4.178937897086e-02 4.673315212131e-02 4.841212183237e-02 4.614318534732e-02 4.067000374198e-02 7.844615727663e-02 1.101267933846e-01 1.275881975889e-01 1.563387922943e-02 6.357033271343e-03 4.316172376275e-02 3.867465257645e-02 4.165931418538e-02 4.968448728323e-02 5.999949947000e-02 6.602957099676e-02 6.679130345583e-02 6.475714594126e-02 6.241717934608e-02 6.360658258200e-02 6.584614515305e-02 7.456798106432e-02 7.929196208715e-02 1.027259454131e-01 1.150429546833e-01 1.521691381931e-01 3.524699807167e-01 4.034416675568e-01 3.229750394821e-01 3.596845567226e-01
8.960057049990e-03 1.519370172173e-02 2.087121270597e-02 2.954190038145e-02 4.301110282540e-02 5.191576480865e-02 2.822979353368e-02 2.793185412884e-02 2.733820863068e-02 2.645004540682e-02 1.728525385261e-02 2.733932994306e-02 2.880480140448e-02 2.900721691549e-02 3.162934631109e-02 3.304370492697e-02 2.982554212213e-02 3.042884729803e-02 4.752184078097e-02 5.659503489733e-02 3.820709884167e-02 3.519027680159e-02 2.351652830839e-02 2.675358206034e-02 3.145663812757e-02 3.323078528047e-02 4.091595113277e-02 4.950348287821e-02 5.592466890812e-02 5.876380577683e-02 5.907418578863e-02 5.886652320623e-02 6.074944511056e-02 6.848895549774e-02 8.000601828098e-02 7.582613080740e-02 8.260674029589e-02 9.232527762651e-02 1.301293671131e-01 2.628379762173e-01 2.980949282646e-01 2.512235939503e-01 3.068604469299e-01
9.107662364841e-03 1.520930510014e-02 2.035636641085e-02 2.367690205574e-02 2.547418139875e-02 3.025635331869e-02 2.696404047310e-02 2.674851566553e-02 2.602768130600e-02 6.277617067099e-03 5.014762748033e-03 1.309635397047e-02 6.706626620144e-03 2.400461211801e-02 2.389244176447e-02 2.322307229042e-02 2.232537604868e-02 2.347813919187e-02 2.707799337804e-02 2.973872423172e-02 3.137197345495e-02 2.931382134557e-02 1.377228368074e-02 6.804355885834e-03 5.848657339811e-02 3.651160374284e-02 3.664178028703e-02 3.892537578940e-02 4.494309797883e-02 4.950759932399e-02 5.255760997534e-02 5.492258071899e-02 5.844992771745e-02 7.215140759945e-02 8.013077825308e-02 7.340840250254e-02 7.644943892956e-02 7.076502591372e-02 1.077046245337e-01 1.764989048243e-01 2.031445950270e-01 1.955833882093e-01 2.675162255764e-01
9.445121511817e-03 1.542634144425e-02 2.005137875676e-02 2.255620434880e-02 1.868761144578e-02 5.083827301860e-03 2.459485642612e-02 2.492257580161e-02 2.230243943632e-02 4.776337649673e-03 1.024310663342e-02 1.139277778566e-02 7.227798923850e-03 7.810899987817e-03 2.181675285101e-02 2.185838483274e-02 2.222316898406e-02 2.335629239678e-02 2.611191757023e-02 2.461482584476e-02 3.026693314314e-02 2.921983413398e-02 1.290069613606e-02 9.118579328060e-03 5.018048733473e-02 3.002893365920e-02 3.902860730886e-02 3.822567313910e-02 3.802146390080e-02 4.207386448979e-02 3.131171315908e-02 5.146594345570e-02 5.604786798358e-02 7.039797306061e-02 7.304995507002e-02 7.132159918547e-02 7.192724943161e-02 7.386585325003e-02 1.127630621195e-01 1.241150945425e-01 1.317812651396e-01 1.404039561749e-01 2.253801077604e-01
9.305376559496e-03 1.490736007690e-02 1.894227787852e-02 2.084751054645e-02 9.451005607843e-03 2.881044754758e-03 8.753808215261e-03 2.242897264659e-02 2.425836026669e-02 5.019602365792e-03 3.738541528583e-02 3.818475455046e-02 1.883382536471e-02 1.376271154732e-02 2.107955142856e-02 2.212504297495e-02 2.200032025576e-02 2.348678931594e-02 2.559331245720e-02 2.249264158309e-02 2.772058732808e-02 2.873851358891e-02 1.539924181998e-02 1.078960206360e-02 2.020488679409e-02 5.149875767529e-03 3.756460547447e-02 3.656698018312e-02 3.565981239080e-02 3.739266097546e-02 4.300211369991e-02 4.841870069504e-02 5.301585793495e-02 6.305124610662e-02 6.162976473570e-02 6.505499780178e-02 6.060992553830e-02 7.031972706318e-02 9.497719258070e-02 9.564141184092e-02 9.631753712893e-02 7.143243402243e-02 1.518079191446e-01
8.695088326931e-03 1.380073465407e-02 1.734099164605e-02 1.894080452621e-02 1.964578218758e-02 2.019033953547e-02 2.033342234790e-02 2.063574269414e-02 2.717249654233e-02 3.811798244715e-02 3.612991794944e-02 3.518654033542e-02 3.769027814269e-02 1.971956714988e-02 2.082255668938e-02 2.294191159308e-02 2.375274524093e-02 2.357893623412e-02 2.507330663502e-02 2.524043805897e-02 2.426200173795e-02 2.764918655157e-02 2.612316235900e-02 1.637108623981e-02 2.667053416371e-02 2.760942094028e-02 3.357483446598e-02 3.242314606905e-02 3.075090795755e-02 3.510491549969e-02 4.050548747182e-02 4.565231502056e-02 1.124383229762e-02 3.756080940366e-02 5.268324166536e-02 5.456195026636e-02 6.291421502829e-02 7.146751880646e-02 8.106804639101e-02 8.390660583973e-02 4.844969511032e-02 3.246543183923e-02 8.469463884830e-02
7.995363324881e-03 1.266490481794e-02 1.588418334723e-02 1.739931479096e-02 1.806261390448e-02 1.839382015169e-02 1.835573092103e-02 3.246837109327e-02 3.585319966078e-02 3.403126820922e-02 1.762957870960e-02 1.743952743709e-02 2.803250215948e-02 1.984598860145e-02 2.102601900697e-02 1.903009228408e-02 2.588814310730e-02 2.540502883494e-02 2.516042068601e-02 2.569689229131e-02 2.490396611392e-02 2.535926923156e-02 2.582622505724e-02 2.415360137820e-02 2.546153590083e-02 2.852042019367e-02 2.936067059636e-02 2.819460444152e-02 2.941067330539e-02 3.424135595560e-02 3.902982175350e-02 4.320092126727e-02 1.315137837082e-02 3.646771982312e-02 4.430508613586e-02 4.624192789197e-02 5.441027134657e-02 6.058191135526e-02 6.267698854208e-02 5.972303077579e-02 2.282000705600e-02 4.711960628629e-02 6.402703374624e-02
7.404616102576e-03 1.174511294812e-02 1.478704810143e-02 1.629021018744e-02 1.687748357654e-02 1.698576100171e-02 2.967148832977e-02 3.330964967608e-02 3.339053317904e-02 1.897373795509e-02 1.695469021797e-02 1.692135073245e-02 1.697485148907e-02 2.009647712111e-02 2.175045199692e-02 1.080945692956e-02 1.226934790611e-02 2.709699980915e-02 2.665355429053e-02 2.663009054959e-02 2.805375494063e-02 2.921511791646e-02 2.970634028316e-02 2.856410481036e-02 2.447709254920e-02 2.511762455106e-02 2.578538097441e-02 2.544259093702e-02 2.926246821880e-02 3.377059102058e-02 3.814169019461e-02 4.138001054525e-02 3.726404160261e-02 3.927255421877e-02 3.884389251471e-02 3.981601074338e-02 4.135315492749e-02 4.180649295449e-02 4.234167188406e-02 4.093352332711e-02 4.024494811893e-02 5.027794092894e-02 5.550567805767e-02
6.975105963647e-03 1.109192054719e-02 1.401516981423e-02 1.543911918998e-02 9.254713542759e-03 1.582645624876e-02 1.564979366958e-02 2.967487834394e-02 1.966810598969e-02 1.614948548377e-02 1.627549901605e-02 1.614955998957e-02 1.737366244197e-02 1.502117514610e-02 2.240784466267e-02 1.147278770804e-02 1.272228267044e-02 1.432700362056e-02 3.006364405155e-02 2.969225123525e-02 3.146743029356e-02 3.319203853607e-02 2.001259662211e-02 3.153698891401e-02 2.704343758523e-02 2.231209166348e-02 2.451724372804e-02 2.651894837618e-02 2.817242592573e-02 3.241663053632e-02 3.654132410884e-02 3.929740563035e-02 3.049866110086e-02 2.772812359035e-02 2.387984842062e-02 1.786977238953e-02 3.949940577149e-02 4.062020778656e-02 3.871913254261e-02 4.284026473761e-02 4.650209844112e-02 4.341793432832e-02 2.161486260593e-02
6.801493931562e-03 1.079478953034e-02 1.358739845455e-02 1.484718639404e-02 1.253527775407e-02 1.498046424240e-02 1.483845897019e-02 2.473643235862e-02 2.251262962818e-02 1.603265665472e-02 1.680597662926e-02 1.746051758528e-02 1.859884522855e-02 1.297016628087e-02 1.452045049518e-02 1.694089360535e-02 2.160138078034e-02 3.176945075393e-02 3.294846788049e-02 3.255375474691e-02 3.400102257729e-02 1.670514978468e-02 2.093381807208e-02 3.247473761439e-02 2.740802243352e-02 2.047603949904e-02 2.171433717012e-02 2.372219599783e-02 2.551227249205e-02 2.898614294827e-02 3.268571197987e-02 3.519989550114e-02 1.316016167402e-02 2.388046123087e-02 1.960523240268e-02 2.954207547009e-02 3.971069678664e-02 4.165279492736e-02 3.997113928199e-02 3.935882821679e-02 4.593213275075e-02 2.414980530739e-02 8.245450444520e-03
2.055282238871e-03 1.026204228401e-02 1.355453114957e-02 1.466091815382e-02 1.479586027563e-02 1.581311225891e-02 1.671114377677e-02 2.141584828496e-02 1.728249341249e-02 2.100269123912e-02 2.188251726329e-02 2.263692393899e-02 2.164871804416e-02 1.787155680358e-02 2.152390219271e-02 2.215128764510e-02 2.578146755695e-02 2.995109744370e-02 3.322740271688e-02 3.394144773483e-02 3.443046286702e-02 3.342764824629e-02 3.478677943349e-02 3.072463721037e-02 2.515583112836e-02 2.013321220875e-02 2.211617678404e-02 2.374556474388e-02 2.511727623641e-02 2.617510594428e-02 2.652720361948e-02 6.851558107883e-03 1.188131142408e-02 2.245243079960e-02 4.025396704674e-02 4.319734871387e-02 4.316639527678e-02 4.327599331737e-02 4.137245938182e-02 3.720702603459e-02 4.296974465251e-02 4.363213479519e-02 4.086346924305e-02
3.947578370571e-03 4.030103329569e-03 1.370864734054e-02 1.489542331547e-02 1.642759516835e-02 1.338376477361e-02 1.827441528440e-02 1.789254695177e-02 2.006930485368e-02 2.100923284888e-02 2.172604948282e-02 2.234323509037e-02 2.114601060748e-02 1.704582385719e-02 1.884567178786e-02 2.002168074250e-02 2.229720354080e-02 2.562054246664e-02 2.989172749221e-02 3.238847106695e-02 3.255182132125e-02 2.328342571855e-02 3.098138980567e-02 2.728860639036e-02 2.191070467234e-02 2.025600336492e-02 2.185203880072e-02 2.519103512168e-02 2.473919652402e-02 2.473395504057e-02 1.556517649442e-02 8.293051272631e-03 2.819160558283e-02 3.538530692458e-02 2.228484302759e-02 4.418701678514e-02 4.633928462863e-02 3.732086345553e-02 4.220397397876e-02 3.676253557205e-02 4.012603312731e-02 4.007316380739e-02 3.671376407146e-02
6.609570235014e-03 1.005335617810e-02 1.340241078287e-02 1.514273788780e-02 1.663568615913e-02 9.793143719435e-03 1.805073395371e-02 1.833212375641e-02 1.845239847898e-02 1.840966939926e-02 1.854549162090e-02 1.895600929856e-02 1.906540989876e-02 1.858676038682e-02 1.861804164946e-02 1.243410538882e-02 1.866542175412e-02 2.063471078873e-02 2.411011978984e-02 2.768725343049e-02 3.417253494263e-02 3.818965330720e-02 3.518351167440e-02 2.594524249434e-02 1.968014612794e-02 2.135744132102e-02 2.435705438256e-02 2.625966444612e-02 2.599335089326e-02 2.473002858460e-02 2.440441027284e-02 2.398444525898e-02 2.931375429034e-02 3.516856208444e-02 3.449969738722e-02 3.858534246683e-02 4.262891411781e-02 4.254898428917e-02 4.255345463753e-02 3.622079268098e-02 3.902293741703e-02 3.852318227291e-02 3.535786643624e-02
6.405539344996e-03 9.977835230529e-03 1.221245434135e-02 1.393839530647e-02 1.520697958767e-02 9.557189419866e-03 1.260899286717e-02 1.608229614794e-02 1.671617478132e-02 1.732851378620e-02 1.616031676531e-02 1.601311936975e-02 1.144061144441e-02 1.793533377349e-02 1.585548743606e-02 1.093190629035e-02 1.779880374670e-02 1.773505285382e-02 2.208503521979e-02 2.927646785975e-02 3.548692911863e-02 3.855804353952e-02 3.571080043912e-02 2.712394483387e-02 2.048545144498e-02 2.463769167662e-02 2.745485678315e-02 2.775401994586e-02 2.656911127269e-02 2.479648403823e-02 2.412987686694e-02 2.419104054570e-02 2.896655909717e-02 3.382399678230e-02 3.621811047196e-02 3.491088002920e-02 3.826602548361e-02 4.304687678814e-02 4.282541573048e-02 3.922026604414e-02 1.981377415359e-02 3.937347605824e-02 3.608747944236e-02
5.597182083875e-03 8.673286996782e-03 1.175825856626e-02 1.430533919483e-02 1.058272831142e-02 1.386884879321e-02 1.397409662604e-02 1.743318513036e-02 1.846138760448e-02 1.908453181386e-02 1.770485006273e-02 1.468277629465e-02 1.242404524237e-02 1.897341758013e-02 1.209746487439e-02 1.584353111684e-02 1.756567135453e-02 1.747306995094e-02 1.870399527252e-02 2.058301679790e-02 2.230443432927e-02 2.324474602938e-02 2.429193444550e-02 2.097840234637e-02 2.357264049351e-02 2.815793454647e-02 2.834028750658e-02 2.548225596547e-02 2.357003837824e-02 2.192290686071e-02 2.219033986330e-02 2.410103566945e-02 2.821546420455e-02 3.195191174746e-02 3.343883529305e-02 3.219772875309e-02 3.738620132208e-02 4.307682812214e-02 4.967145994306e-02 4.634885117412e-02 4.241582378745e-02 4.124548658729e-02 6.257759034634e-02
