100/SI/f135_max.grd
DSAA
101	101
32.816463539100	34.260883539100
35.556306596100	36.727886596100
1.412168843672e-03	4.072359466553e+01
[rows 76 to 94 of 101, columns 0 to 42 of 101]
6.105250678957e-03 1.003514602780e-02 1.364960055798e-02 1.616200618446e-02 1.737142913043e-02 1.749182865024e-02 1.691345311701e-02 1.783190295100e-02 1.890517398715e-02 1.953285373747e-02 1.976637914777e-02 1.973082125187e-02 1.949602365494e-02 1.270335447043e-02 1.796316914260e-02 1.741086691618e-02 1.754269190133e-02 1.737178862095e-02 1.702376082540e-02 9.192563593388e-03 1.060524396598e-02 1.106023322791e-02 2.027195133269e-02 2.202548086643e-02 2.333931624889e-02 2.308457531035e-02 2.234458364546e-02 2.062022127211e-02 2.292009070516e-02 2.426378056407e-02 2.337835356593e-02 2.452639304101e-02 2.799608744681e-02 3.081905841827e-02 3.154804557562e-02 3.034212626517e-02 1.053689885885e-02 9.448018856347e-03 4.857683926821e-02 5.507680773735e-02 6.758884340525e-02 6.614886969328e-02 1.055215597153e-01
7.213905453682e-03 1.166409719735e-02 1.548185851425e-02 1.785888522863e-02 1.881146617234e-02 1.872708834708e-02 1.799973845482e-02 1.691826432943e-02 1.765841431916e-02 1.824926957488e-02 1.842310652137e-02 1.829635538161e-02 1.795640215278e-02 1.734379865229e-02 1.680332608521e-02 1.739664189517e-02 1.751520112157e-02 1.723056472838e-02 1.135743316263e-02 7.791288197041e-03 1.456547714770e-02 1.662515848875e-02 2.036123350263e-02 2.360410802066e-02 2.520174905658e-02 2.486677095294e-02 2.317556925118e-02 2.397509850562e-02 2.662944234908e-02 2.695533633232e-02 2.514750137925e-02 2.609308995306e-02 2.938459813595e-02 3.164777904749e-02 3.180054575205e-02 3.060937859118e-02 3.616774827242e-02 3.745777904987e-02 4.722310230136e-02 6.615170091391e-02 8.298368006945e-02 9.225964546204e-02 3.012869954109e-01
7.680380251259e-03 1.225191727281e-02 1.595886424184e-02 1.806036382914e-02 1.873513311148e-02 1.843126490712e-02 1.750458031893e-02 1.620417647064e-02 1.472841110080e-02 1.478123757988e-02 1.490741036832e-02 1.477305218577e-02 1.491609215736e-02 1.587537862360e-02 1.677963323891e-02 1.736782863736e-02 1.745720021427e-02 1.703001745045e-02 1.540751941502e-02 7.241860032082e-03 1.392554957420e-02 1.644410938025e-02 1.942859403789e-02 2.304515801370e-02 2.557525038719e-02 2.612817846239e-02 2.672974392772e-02 2.899428084493e-02 2.964183315635e-02 2.897473983467e-02 2.707177028060e-02 2.963699586689e-02 3.293003514409e-02 3.469114750624e-02 3.432046622038e-02 3.319294378161e-02 3.565264493227e-02 4.435712471604e-02 4.836475849152e-02 8.126697689295e-02 9.474670141935e-02 8.782113343477e-02 1.647959202528e-01
6.934971082956e-03 1.096159778535e-02 1.413171831518e-02 1.583237387240e-02 1.626503467560e-02 1.581955887377e-02 1.479293033481e-02 1.341434381902e-02 6.007110700011e-03 5.027854815125e-03 1.237084530294e-02 1.422782521695e-02 1.521199848503e-02 1.616276428103e-02 1.702820509672e-02 1.757065206766e-02 9.268510155380e-03 1.694756187499e-02 1.583649031818e-02 1.488909963518e-02 2.072309143841e-02 2.730007842183e-02 3.330119699240e-02 2.840262092650e-02 2.419262379408e-02 2.763039618731e-02 3.294382989407e-02 3.318173065782e-02 3.206413239241e-02 3.135742619634e-02 3.218089416623e-02 3.465622290969e-02 3.717617318034e-02 3.805148229003e-02 3.716153278947e-02 3.612715005875e-02 3.628604859114e-02 4.598454385996e-02 6.139846146107e-02 8.364952355623e-02 9.373050928116e-02 1.047114133835e-01 1.890127360821e-01
5.388269666582e-03 8.473803289235e-03 1.090995222330e-02 1.222935598344e-02 1.255360431969e-02 1.214277558029e-02 1.192347612232e-02 1.212080940604e-02 8.279429748654e-03 2.989032305777e-03 1.171277370304e-02 1.519288774580e-02 1.623959839344e-02 1.720823161304e-02 1.801612600684e-02 1.843082718551e-02 1.821974292397e-02 1.727086305618e-02 1.579209789634e-02 1.957402378321e-02 2.906574122608e-02 4.058985784650e-02 5.112969130278e-02 4.078865051270e-02 4.269989579916e-02 5.204427614808e-02 4.891976341605e-02 5.572384223342e-02 5.408630147576e-02 4.680214449763e-02 4.070007801056e-02 3.873002901673e-02 3.877805918455e-02 3.841591253877e-02 3.718771785498e-02 3.596555441618e-02 3.604230284691e-02 5.408580973744e-02 7.633128017187e-02 8.944781869650e-02 8.521860092878e-02 1.143068447709e-01 9.596656262875e-02
7.299027405679e-03 1.064603962004e-02 1.307770051062e-02 1.439502276480e-02 9.316244162619e-03 1.337622478604e-02 1.515507232398e-02 1.527393050492e-02 1.432603038847e-02 3.891193773597e-03 4.552115220577e-03 1.689979061484e-02 1.807387545705e-02 1.908751390874e-02 1.979628391564e-02 1.996190845966e-02 1.938150823116e-02 1.800002157688e-02 1.953469775617e-02 2.288409508765e-02 3.474578633904e-02 4.940372705460e-02 6.221745163202e-02 4.434403032064e-02 2.217110991478e-02 1.599231660366e-01 1.522617489100e-01 9.332723915577e-02 9.214714169502e-02 7.302338629961e-02 5.252910032868e-02 4.111172258854e-02 3.685330227017e-02 3.518384695053e-02 3.366335853934e-02 3.481604158878e-02 4.633382707834e-02 6.579890847206e-02 8.009103685617e-02 7.652696222067e-02 8.236887305975e-02 1.116835027933e-01 1.540221273899e-01
1.018682774156e-02 1.475983764976e-02 1.797219738364e-02 1.952858269215e-02 6.746800150722e-03 3.798057092354e-03 1.861057989299e-02 1.891932636499e-02 6.795607507229e-03 1.729288697243e-02 1.690431125462e-02 1.838139072061e-02 1.966405101120e-02 2.066935226321e-02 2.152608148754e-02 2.265927940607e-02 2.289733849466e-02 2.242440544069e-02 2.328738942742e-02 2.758231200278e-02 4.110981523991e-02 5.481088533998e-02 6.006832420826e-02 8.580905199051e-02 1.567772030830e-01 3.811215758324e-01 4.154261946678e-01 2.101654261351e-01 1.323439925909e-01 1.032550930977e-01 6.729669868946e-02 4.473733529449e-02 3.548138961196e-02 3.777345269918e-02 4.554797708988e-02 4.778655990958e-02 5.478653311729e-02 6.506557017565e-02 9.460318833590e-02 1.410276293755e-01 9.322873502970e-02 1.011263504624e-01 1.938573718071e-01
1.266612485051e-02 1.810136809945e-02 2.167898416519e-02 2.308506332338e-02 5.123216193169e-03 2.148403786123e-02 2.128292061388e-02 2.138120494783e-02 8.682324551046e-03 1.076850853860e-02 2.146664261818e-02 2.373955957592e-02 2.627115696669e-02 2.821981720626e-02 2.951334975660e-02 2.990369126201e-02 2.934645861387e-02 2.752788737416e-02 2.692311257124e-02 3.389118984342e-02 4.869433864951e-02 5.831736326218e-02 5.111202225089e-02 1.475795656443e-01 3.531790375710e-01 5.970218181610e-01 1.074199557304e+00 2.503384351730e-01 1.474319100380e-01 1.211594939232e-01 8.128329366446e-02 5.309689044952e-02 4.050246253610e-02 5.408006161451e-02 6.516472250223e-02 6.477200984955e-02 5.547272041440e-02 5.695906654000e-02 7.979068905115e-02 1.730575561523e-01 1.725096851587e-01 1.538292616606e-01 2.818166017532e-01
7.491650059819e-03 5.588350817561e-03 1.519557181746e-02 6.374763790518e-03 2.194663509727e-02 2.349879965186e-02 2.600768953562e-02 2.767973393202e-02 1.754320226610e-02 1.277002133429e-02 2.767747081816e-02 3.184102848172e-02 3.544739633799e-02 3.861148655415e-02 4.162341356277e-02 4.446174576879e-02 4.633708298206e-02 4.542597755790e-02 4.878483712673e-02 4.261013865471e-02 5.800947174430e-02 6.098202615976e-02 4.923568665981e-02 1.738299131393e-01 3.708266019821e-01 4.647330045700e-01 4.116879999638e-01 1.516216695309e-01 1.270271986723e-01 1.166611686349e-01 8.966086059809e-02 6.726276129484e-02 8.664593100548e-02 4.823257401586e-02 8.260006457567e-02 7.846453040838e-02 7.433345913887e-02 7.313761860132e-02 8.195659518242e-02 1.135993152857e-01 1.495968997478e-01 1.948182135820e-01 3.965294957161e-01
1.111364178360e-02 1.630317978561e-02 1.985202543437e-02 2.229227311909e-02 3.068214841187e-02 3.223661333323e-02 3.313411027193e-02 3.319259732962e-02 3.201901167631e-02 2.973920851946e-02 2.787419967353e-02 3.247571736574e-02 3.678831830621e-02 4.093479365110e-02 4.545953124762e-02 5.090853944421e-02 8.972840011120e-02 5.829885601997e-02 8.825263381004e-02 4.540437832475e-02 5.692906677723e-02 5.671336874366e-02 6.817655265331e-02 1.326266676188e-01 2.515859305859e-01 2.763407826424e-01 1.854276508093e-01 8.590597659349e-02 8.820147067308e-02 9.447719156742e-02 8.802971988916e-02 3.397027254105e-01 2.206405252218e-01 2.111833840609e-01 1.257372200489e-01 1.682824492455e-01 1.514677852392e-01 9.529341012239e-02 1.118421778083e-01 1.387520432472e-01 1.674373149872e-01 1.974318027496e-01 9.066826105118e-01
2.651258930564e-02 4.094480723143e-02 4.976603388786e-02 5.217606574297e-02 5.074052885175e-02 4.750771448016e-02 4.371338337660e-02 3.983959928155e-02 3.564872965217e-02 3.109744563699e-02 2.696879394352e-02 2.859079465270e-02 3.322005644441e-02 3.759368881583e-02 4.195382818580e-02 4.711719602346e-02 5.240016803145e-02 6.858608126640e-02 8.873406052589e-02 8.903064578772e-02 8.902838826180e-02 8.518357574940e-02 7.919992506504e-02 9.475087374449e-02 9.284133464098e-02 9.093422442675e-02 5.900306627154e-02 4.243166744709e-02 5.241708084941e-02 6.602321565151e-02 7.422617077827e-02 4.426883459091e-01 2.955124080181e-01 1.176097616553e-01 1.967669427395e-01 3.236137032509e-01 3.504325449467e-01 1.787428110838e-01 2.169992476702e-01 1.949895322323e-01 1.914128214121e-01 1.809635162354e-01 7.573661804199e-01
4.593131691217e-02 6.998264789581e-02 8.257637917995e-02 8.238127082586e-02 7.484300434589e-02 6.452845782042e-02 5.425067245960e-02 4.538388177752e-02 3.974162414670e-02 4.078109934926e-02 4.086020961404e-02 4.083825647831e-02 4.063434898853e-02 4.678202420473e-02 5.116109177470e-02 5.514330044389e-02 5.849838629365e-02 6.004274636507e-02 6.372814625502e-02 7.274182140827e-02 7.530939579010e-02 5.794184654951e-02 6.749751418829e-02 7.401913404465e-02 6.531831622124e-02 4.355411976576e-02 3.091002441943e-02 2.499252930284e-02 2.921517938375e-02 4.142279177904e-02 5.289914458990e-02 1.062706112862e-01 2.216414660215e-01 2.771816551685e-01 2.932690978050e-01 5.206258967519e-02 3.036606907845e-01 3.002777099609e-01 5.107210874557e-01 4.306869804859e-01 1.200965568423e-01 2.345988750458e-01 7.461774945259e-01
5.342872813344e-02 8.060348778963e-02 9.343890845776e-02 9.068804234266e-02 7.939620316029e-02 6.536336988211e-02 5.355640500784e-02 5.689252167940e-02 6.002718582749e-02 6.146682426333e-02 5.871439725161e-02 5.141787603498e-02 4.881448298693e-02 5.586736276746e-02 6.048388779163e-02 6.169233843684e-02 5.741487815976e-02 4.685122519732e-02 4.865581542253e-02 4.709059372544e-02 3.770655393600e-02 3.746923804283e-02 4.153550416231e-02 4.154316708446e-02 3.437003865838e-02 2.351043373346e-02 1.820889487863e-02 1.573625765741e-02 1.877235621214e-02 2.534611150622e-02 4.244281351566e-02 1.002382412553e-01 1.286972016096e-01 1.779787391424e-01 1.594526320696e-01 5.784634947777e-01 5.095791220665e-01 2.627206742764e-01 5.558519363403e-01 8.533980250359e-01 2.235445529222e-01 5.977604985237e-01 3.686660826206e-01
3.959544003010e-02 5.916750431061e-02 6.774729490280e-02 6.465519219637e-02 5.540464818478e-02 4.918586090207e-02 5.360173434019e-02 5.684720724821e-02 5.977392196655e-02 6.094257533550e-02 5.793023109436e-02 5.032406002283e-02 4.072754830122e-02 3.267076238990e-02 2.903639338911e-02 2.948115020990e-02 2.828943729401e-02 3.997946158051e-02 4.642978310585e-02 4.369606077671e-02 3.475164249539e-02 2.494948357344e-02 2.393753826618e-02 2.464142069221e-02 2.146228402853e-02 1.681976765394e-02 1.697948202491e-02 1.776097714901e-02 2.386794053018e-02 3.548953682184e-02 4.665735363960e-02 8.361011743546e-02 8.794496208429e-02 7.666222751141e-02 7.006776332855e-02 8.145469427109e-02 4.933211505413e-01 2.848325967789e-01 4.047231078148e-01 8.367587327957e-01 2.701434850693e+00 3.123890161514e-01 1.298686116934e-01
1.862228848040e-02 1.226629782468e-02 3.123547881842e-02 3.051989153028e-02 3.180979564786e-02 9.589122608304e-03 3.284171223640e-02 3.714600577950e-02 3.826655447483e-02 3.843202069402e-02 3.636083379388e-02 3.178584948182e-02 2.613111585379e-02 2.093880064785e-02 7.231684401631e-03 2.210326120257e-02 3.837791830301e-02 4.905882477760e-02 4.633915424347e-02 3.476334735751e-02 2.221545949578e-02 2.307785861194e-02 3.866859897971e-02 4.107319936156e-02 2.853920683265e-02 1.898870058358e-02 2.039514109492e-02 2.257470600307e-02 2.912595495582e-02 4.145782440901e-02 5.548168718815e-02 7.402326166630e-02 7.263509929180e-02 6.714235246181e-02 6.108868494630e-02 6.692820787430e-02 1.118133366108e-01 2.523955106735e-01 3.020339310169e-01 2.766127586365e-01 6.430625170469e-02 9.946440905333e-02 1.073172464967e-01
1.172940619290e-02 8.831894956529e-03 2.156495489180e-02 2.439421415329e-02 1.738207973540e-02 9.195678867400e-03 2.314904890954e-02 2.439863607287e-02 2.332913316786e-02 2.213733270764e-02 2.084752544761e-02 1.952205784619e-02 1.825774461031e-02 1.827025599778e-02 1.804800331593e-02 2.088561281562e-02 3.558848425746e-02 4.224924370646e-02 3.633707761765e-02 2.518936246634e-02 2.800492011011e-02 5.210082605481e-02 7.780293375254e-02 6.538464128971e-02 3.387470170856e-02 2.294781804085e-02 2.560592442751e-02 3.133935481310e-02 4.279588535428e-02 5.324411392212e-02 7.847470790148e-02 8.114583045244e-02 6.197460368276e-02 5.946177989244e-02 5.195027962327e-02 4.789639264345e-02 8.481609821320e-02 1.921807825565e-01 3.710788488388e-01 6.395270824432e-01 1.318066418171e-01 1.044201105833e-01 8.419471234083e-02
1.121076196432e-02 1.614119298756e-02 2.021216414869e-02 1.747839711607e-02 1.895767264068e-02 2.051087468863e-02 2.437338232994e-02 2.634219452739e-02 2.825173921883e-02 2.883906103671e-02 3.200231865048e-02 3.379891812801e-02 3.539769351482e-02 3.655060380697e-02 3.703682497144e-02 3.678285330534e-02 3.585455939174e-02 3.570359572768e-02 3.795650601387e-02 4.182390123606e-02 7.346665114164e-02 1.035703495145e-01 1.074218377471e-01 7.063132524490e-02 2.854475192726e-02 2.750610001385e-02 5.685391277075e-02 5.227451026440e-02 3.861662000418e-02 7.007207721472e-02 9.428221732378e-02 8.140511810780e-02 5.747639015317e-02 5.045656114817e-02 4.361703246832e-02 4.405729845166e-02 5.771300941706e-02 1.934323012829e-01 3.065586984158e-01 4.825869500637e-01 2.846816480160e-01 8.586505800486e-02 7.544985413551e-02
7.936059497297e-03 1.139960251749e-02 1.427421066910e-02 1.619146578014e-02 1.725344732404e-02 1.775572262704e-02 1.920840330422e-02 2.104732953012e-02 2.239858917892e-02 2.348447963595e-02 2.725915051997e-02 2.943900972605e-02 3.152076154947e-02 3.323991224170e-02 3.429393470287e-02 3.448338061571e-02 3.380385413766e-02 3.366363793612e-02 3.569077700377e-02 5.802731215954e-02 9.688529372215e-02 1.290076673031e-01 1.252165436745e-01 7.632611691952e-02 2.893877029419e-02 4.670310020447e-02 6.575488299131e-02 3.650802001357e-02 3.902127221227e-02 7.362205535173e-02 9.844342619181e-02 8.326369524002e-02 8.442240953445e-02 5.808692425489e-02 4.152201116085e-02 4.456893354654e-02 9.020171314478e-02 3.428827524185e-01 2.248947173357e-01 1.850189417601e-01 1.229227632284e-01 7.856012880802e-02 3.312684595585e-02
5.272148642689e-03 7.567338179797e-03 9.506178088486e-03 1.084862649441e-02 1.219452917576e-02 1.380013581365e-02 1.545944251120e-02 1.731833629310e-02 1.909570768476e-02 2.162662707269e-02 2.397110313177e-02 2.639481611550e-02 2.875179238617e-02 3.075929358602e-02 3.206268697977e-02 3.240112215281e-02 3.176312521100e-02 3.152224421501e-02 3.667047247291e-02 7.008879631758e-02 1.110719740391e-01 1.407729685307e-01 1.303277313709e-01 7.506465911865e-02 2.784030884504e-02 5.199182033539e-02 5.440470203757e-02 3.525145724416e-02 3.298605233431e-02 6.597886234522e-02 9.143383800983e-02 1.035410240293e-01 1.075244322419e-01 7.270009815693e-02 5.411991104484e-02 4.569651558995e-02 6.743834167719e-02 2.308791130781e-01 6.605101376772e-02 9.778752923012e-02 1.116100177169e-01 5.986324325204e-02 3.904153406620e-02
