100/SI/f135_max.grd
DSAA
101	101
32.816463539100	34.260883539100
35.556306596100	36.727886596100
1.412168843672e-03	4.072359466553e+01
[rows 0 to 18 of 101, columns 0 to 42 of 101]
2.900461666286e-03 5.203512497246e-03 4.661344457418e-03 3.862181445584e-03 3.715243656188e-03 7.863355800509e-03 1.563267968595e-02 2.171223610640e-02 1.931187324226e-02 1.142670866102e-02 4.758929833770e-03 4.916319157928e-03 5.061651580036e-03 4.926304798573e-03 4.240250214934e-03 3.555278992280e-03 4.586858209223e-03 5.415078718215e-03 6.716663017869e-03 7.655290886760e-03 7.864278741181e-03 1.503758318722e-02 9.501189924777e-03 9.208432398736e-03 9.626781567931e-03 1.004363037646e-02 1.725919172168e-02 1.970922574401e-02 1.184119377285e-02 1.188207883388e-02 1.171304285526e-02 1.163966581225e-02 1.175894867629e-02 1.104717794806e-02 9.501614607871e-03 1.036648172885e-02 1.252355240285e-02 1.409044116735e-02 1.513083279133e-02 1.548498496413e-02 1.576825045049e-02 1.604153029621e-02 1.514002960175e-02
5.386510398239e-03 1.019789651036e-02 1.009793020785e-02 8.208898827434e-03 8.488561026752e-03 1.522689405829e-02 3.014094568789e-02 4.153126105666e-02 3.653170168400e-02 2.108432166278e-02 8.636595681310e-03 8.592528291047e-03 8.766539394855e-03 8.384429849684e-03 7.452560588717e-03 6.518869195133e-03 7.296573836356e-03 9.701464325190e-03 1.196308713406e-02 1.350775733590e-02 1.863602921367e-02 3.919434547424e-02 2.078872732818e-02 1.588147692382e-02 1.501122396439e-02 1.755610294640e-02 2.898189611733e-02 3.309306874871e-02 2.042946591973e-02 2.003756165504e-02 1.932341977954e-02 2.023970521986e-02 2.074733003974e-02 2.017767168581e-02 1.801706478000e-02 1.620199717581e-02 1.981962099671e-02 2.262207679451e-02 2.480223588645e-02 2.627338282764e-02 2.740539424121e-02 2.831188030541e-02 2.771282754838e-02
5.642777308822e-03 1.094043906778e-02 1.236010435969e-02 1.157177612185e-02 1.213254034519e-02 1.763364300132e-02 3.499151393771e-02 4.736552387476e-02 4.033751413226e-02 2.188725583255e-02 1.022509392351e-02 1.054925285280e-02 1.093961112201e-02 1.034835912287e-02 9.697655215859e-03 8.747447282076e-03 8.957781828940e-03 1.202941779047e-02 1.483456045389e-02 1.646588928998e-02 4.048969969153e-02 6.050087139010e-02 2.670566178858e-02 1.746365614235e-02 1.811160892248e-02 2.187485434115e-02 2.589675784111e-02 3.014409169555e-02 2.157887443900e-02 2.099782414734e-02 2.223707735538e-02 2.356146834791e-02 2.459236979485e-02 2.484506741166e-02 2.343322522938e-02 2.017362043262e-02 2.059466764331e-02 2.385829016566e-02 2.649013884366e-02 2.885867096484e-02 3.122720122337e-02 3.333961218596e-02 3.411970660090e-02
6.723355967551e-03 1.227256376296e-02 1.269102189690e-02 1.299002859741e-02 1.389863062650e-02 1.813567057252e-02 3.673103451729e-02 4.868542402983e-02 3.917547687888e-02 1.889041997492e-02 1.066275592893e-02 1.268185116351e-02 1.466034818441e-02 1.472272444516e-02 1.339418906718e-02 1.156507804990e-02 9.818457998335e-03 1.268829777837e-02 1.539218053222e-02 3.086223453283e-02 6.785934418440e-02 7.693079859018e-02 2.938852831721e-02 1.849814131856e-02 2.003255859017e-02 2.292665652931e-02 2.186153456569e-02 2.349147014320e-02 2.060241997242e-02 1.989863440394e-02 2.161192707717e-02 2.341074496508e-02 2.520520985126e-02 2.657606452703e-02 2.654530666769e-02 2.433492057025e-02 2.658146433532e-02 2.679121494293e-02 2.377103082836e-02 2.621806040406e-02 2.938696742058e-02 3.310380131006e-02 3.598900884390e-02
7.798166479915e-03 1.465044450015e-02 1.523828040808e-02 1.384471915662e-02 1.456496771425e-02 1.842876709998e-02 3.766249120235e-02 4.890300333500e-02 3.695408999920e-02 1.601949334145e-02 1.384653523564e-02 1.734260283411e-02 1.930858939886e-02 1.925330422819e-02 1.776478067040e-02 1.512206718326e-02 1.250758953393e-02 1.223999075592e-02 2.821391634643e-02 5.656694993377e-02 9.426613152027e-02 8.448097854853e-02 2.835771255195e-02 2.008799463511e-02 2.009837888181e-02 2.247443795204e-02 2.010342851281e-02 1.772934012115e-02 2.339842543006e-02 2.213712595403e-02 1.938414387405e-02 2.187144197524e-02 2.439699880779e-02 2.678446844220e-02 2.816490642726e-02 2.876006253064e-02 2.898035943508e-02 2.363716438413e-02 2.023629471660e-02 2.363194338977e-02 3.042467124760e-02 3.003386780620e-02 3.481151163578e-02
8.792245760560e-03 1.691499166191e-02 1.836892962456e-02 1.670520566404e-02 1.484321802855e-02 1.872958429158e-02 3.783993050456e-02 4.763594642282e-02 3.355025872588e-02 1.412425935268e-02 1.815600320697e-02 2.175578661263e-02 2.316782064736e-02 2.250630035996e-02 2.039490826428e-02 1.679826900363e-02 1.373849902302e-02 1.982289925218e-02 4.471759870648e-02 8.040566742420e-02 1.095588356256e-01 8.343066275120e-02 3.021098300815e-02 3.060010448098e-02 2.342150732875e-02 2.149356901646e-02 1.987083815038e-02 3.236202150583e-02 4.866337403655e-02 3.075101599097e-02 1.992404274642e-02 2.093675918877e-02 2.269257605076e-02 2.584166638553e-02 3.060492686927e-02 3.016472980380e-02 2.758251875639e-02 2.325234562159e-02 2.616978622973e-02 3.572456911206e-02 4.102762416005e-02 3.467382863164e-02 3.121900931001e-02
9.213949553668e-03 1.816057786345e-02 2.134064584970e-02 2.064706757665e-02 1.817352510989e-02 1.874188333750e-02 3.746861591935e-02 4.584464430809e-02 3.034236282110e-02 1.737359538674e-02 2.180709131062e-02 2.475113794208e-02 2.515242248774e-02 2.354285307229e-02 2.027401886880e-02 1.617300882936e-02 1.335984189063e-02 3.112420625985e-02 6.001787632704e-02 9.578640013933e-02 1.134047210217e-01 7.623019814491e-02 4.018018767238e-02 3.877994045615e-02 2.751092240214e-02 2.526419609785e-02 2.327792719007e-02 5.875790119171e-02 8.256544172764e-02 3.932777047157e-02 2.131628058851e-02 2.196157537401e-02 2.557302452624e-02 3.037569671869e-02 3.030551224947e-02 3.025042451918e-02 2.993513643742e-02 2.738227881491e-02 3.800139203668e-02 4.711522534490e-02 4.739462956786e-02 3.488594666123e-02 2.724491804838e-02
9.319844655693e-03 1.848415285349e-02 2.320215106010e-02 2.432092651725e-02 2.273998782039e-02 1.932404562831e-02 3.717174753547e-02 4.512204229832e-02 2.846258506179e-02 2.074292674661e-02 2.442502230406e-02 2.609712630510e-02 2.538639120758e-02 2.264970168471e-02 1.826250180602e-02 1.732552796602e-02 1.742972992361e-02 4.083355888724e-02 7.316016405821e-02 1.037203818560e-01 1.113591492176e-01 6.857892870903e-02 4.379218816757e-02 4.261131584644e-02 3.332428634167e-02 2.298871986568e-02 2.117426134646e-02 8.849982172251e-02 1.150438040495e-01 4.633040726185e-02 1.821922510862e-02 2.228249795735e-02 2.735132537782e-02 2.887105941772e-02 3.408724814653e-02 3.004476986825e-02 3.120714984834e-02 3.747863322496e-02 4.943974316120e-02 5.355861783028e-02 4.669060185552e-02 2.944494597614e-02 2.870160154998e-02
8.964624255896e-03 1.781895384192e-02 2.314448170364e-02 2.585822157562e-02 2.630077302456e-02 2.358342148364e-02 3.696919232607e-02 4.498466849327e-02 2.756150998175e-02 2.318022027612e-02 2.577611990273e-02 2.615005522966e-02 2.417523413897e-02 2.677915059030e-02 2.829917334020e-02 2.817752398551e-02 2.684270776808e-02 4.858368635178e-02 8.027824759483e-02 1.019828915596e-01 1.011041253805e-01 5.964983627200e-02 4.487833008170e-02 4.068674147129e-02 3.590252250433e-02 2.473989874125e-02 2.170251868665e-02 1.137327328324e-01 1.339134722948e-01 5.127950757742e-02 2.386479452252e-02 2.128098905087e-02 2.294133603573e-02 3.171824291348e-02 3.742869198322e-02 2.861802093685e-02 3.857311233878e-02 5.045662820339e-02 5.795510113239e-02 5.369380116463e-02 3.942358121276e-02 2.609664946795e-02 2.927224710584e-02
1.243520248681e-02 2.190448157489e-02 2.124229073524e-02 2.485486119986e-02 2.744966372848e-02 2.703377604485e-02 3.722238913178e-02 4.511735960841e-02 2.707612141967e-02 2.439239807427e-02 2.578349597752e-02 3.028210066259e-02 3.494706377387e-02 3.813487663865e-02 3.999508172274e-02 4.067886993289e-02 3.966867178679e-02 5.565867200494e-02 8.215985447168e-02 9.443815797567e-02 8.763866126537e-02 5.100568383932e-02 4.067670553923e-02 4.095243662596e-02 3.458027169108e-02 2.566187269986e-02 2.835703827441e-02 1.286838054657e-01 1.420568078756e-01 5.334727838635e-02 2.696707472205e-02 1.897356659174e-02 2.230013348162e-02 3.148266300559e-02 3.832503035665e-02 4.168828204274e-02 5.380047857761e-02 6.034222617745e-02 5.894975364208e-02 4.625799879432e-02 2.834393642843e-02 2.404185198247e-02 2.986172027886e-02
1.255016028881e-02 2.512569725513e-02 2.597753517330e-02 2.184387855232e-02 2.569187991321e-02 2.811408601701e-02 3.703498467803e-02 4.458145797253e-02 2.632155455649e-02 2.888461016119e-02 3.507206961513e-02 4.096588492393e-02 4.544433951378e-02 4.803669452667e-02 4.936134070158e-02 4.998859390616e-02 4.966332390904e-02 6.254599243402e-02 8.226665854454e-02 8.446216583252e-02 7.261044532061e-02 4.302202910185e-02 3.247571736574e-02 3.849014267325e-02 3.578101471066e-02 2.901576459408e-02 3.689486160874e-02 1.353690773249e-01 1.450952887535e-01 5.243968218565e-02 2.748779207468e-02 2.155933715403e-02 2.443334460258e-02 3.604888543487e-02 4.778778925538e-02 5.786086246371e-02 6.442259997129e-02 6.150289624929e-02 5.093045532703e-02 3.378235921264e-02 2.969000674784e-02 2.471147291362e-02 3.262680396438e-02
1.068302523345e-02 2.247409150004e-02 2.689019590616e-02 2.822356112301e-02 2.516125142574e-02 2.598064579070e-02 3.603900596499e-02 4.311177879572e-02 3.143299371004e-02 3.781293705106e-02 4.387651011348e-02 4.888144508004e-02 5.238376185298e-02 5.448706075549e-02 5.535037815571e-02 5.548280850053e-02 5.515777692199e-02 6.748499721289e-02 8.210987597704e-02 7.995516061783e-02 6.869039684534e-02 5.369624495506e-02 3.931866586208e-02 3.149626031518e-02 4.261389002204e-02 4.069311916828e-02 4.471285268664e-02 1.296168118715e-01 1.282393783331e-01 4.785291850567e-02 2.772061340511e-02 3.267574310303e-02 4.582295566797e-02 5.772438272834e-02 6.532349437475e-02 6.810716539621e-02 6.519097089767e-02 5.242093279958e-02 4.792326316237e-02 5.603855103254e-02 3.306476026773e-02 2.910952456295e-02 3.496586903930e-02
7.680652197450e-03 1.700706034899e-02 2.248790673912e-02 2.657935395837e-02 2.920453622937e-02 2.830416522920e-02 3.427343070507e-02 4.090877994895e-02 3.888976946473e-02 4.500873386860e-02 4.945075884461e-02 5.235389992595e-02 5.416291207075e-02 5.526192113757e-02 5.553483963013e-02 5.549655109644e-02 5.576647445560e-02 6.932155042887e-02 8.375316113234e-02 8.529917150736e-02 7.356386631727e-02 5.981242284179e-02 5.180093646049e-02 4.456903785467e-02 5.750269442797e-02 5.544847995043e-02 4.940874129534e-02 1.127423271537e-01 1.006889715791e-01 4.077709093690e-02 4.881612583995e-02 5.767738819122e-02 6.939338892698e-02 7.518209517002e-02 7.447772473097e-02 6.774248182774e-02 5.416437983513e-02 4.404196515679e-02 4.742234200239e-02 7.533793896437e-02 4.829896241426e-02 3.273106366396e-02 3.691577911377e-02
9.789847768843e-03 1.944984868169e-02 2.162096835673e-02 2.059695869684e-02 2.517725899816e-02 2.875911816955e-02 3.160780295730e-02 3.791591525078e-02 4.325331747532e-02 4.794903844595e-02 5.035942420363e-02 5.120384693146e-02 5.093794316053e-02 4.993651434779e-02 4.884216561913e-02 4.881207644939e-02 5.026444792747e-02 6.709028780460e-02 7.875781506300e-02 7.755376398563e-02 6.956221163273e-02 5.933175235987e-02 5.819590762258e-02 5.417397245765e-02 5.693165212870e-02 5.873536691070e-02 5.172561109066e-02 9.221351146698e-02 7.355517894030e-02 4.869128018618e-02 6.588710099459e-02 7.941020280123e-02 8.479756861925e-02 8.086475729942e-02 6.938296556473e-02 5.330866202712e-02 4.293229058385e-02 3.979647532105e-02 3.623269870877e-02 7.948794960976e-02 7.396365702152e-02 3.602023050189e-02 3.848858550191e-02
1.163164433092e-02 2.338885143399e-02 2.783055603504e-02 2.938202768564e-02 2.735982835293e-02 2.631442807615e-02 3.261948376894e-02 3.883473202586e-02 4.402379691601e-02 4.706333205104e-02 4.775958135724e-02 4.686200618744e-02 4.493449628353e-02 4.232674837112e-02 4.007731750607e-02 3.966378793120e-02 4.132792353630e-02 6.151426956058e-02 7.079781591892e-02 6.323913484812e-02 5.681306496263e-02 5.672970414162e-02 5.662392824888e-02 5.558091402054e-02 5.155639722943e-02 4.868628457189e-02 7.257198542356e-02 8.947628736496e-02 9.065416455269e-02 8.522181212902e-02 8.170935511589e-02 9.062094986439e-02 8.657291531563e-02 8.799079060555e-02 5.165595561266e-02 6.458234786987e-02 4.719263315201e-02 3.908678144217e-02 3.794752433896e-02 6.573573499918e-02 9.793958067894e-02 3.964893892407e-02 4.058849066496e-02
9.156747721136e-03 1.854996010661e-02 2.376461960375e-02 2.842484228313e-02 3.112242743373e-02 2.898714132607e-02 3.309203684330e-02 3.819966316223e-02 4.195564240217e-02 4.368689283729e-02 4.315305128694e-02 4.114969447255e-02 3.850777074695e-02 3.554722294211e-02 3.316797688603e-02 3.240678831935e-02 3.312873095274e-02 5.383699014783e-02 6.171399727464e-02 5.740934237838e-02 4.765773192048e-02 4.788849130273e-02 4.993728920817e-02 5.096806213260e-02 4.947323724627e-02 5.619926005602e-02 1.089263558388e-01 1.196899414062e-01 1.205656751990e-01 1.180387511849e-01 1.118377223611e-01 1.067125499249e-01 1.181600019336e-01 1.176967546344e-01 4.375796765089e-02 7.664926350117e-02 5.356716364622e-02 4.541087150574e-02 3.888155892491e-02 4.632309824228e-02 1.108797714114e-01 6.268086284399e-02 4.680027067661e-02
1.147945318371e-02 1.985187828541e-02 1.961955986917e-02 2.309076301754e-02 2.955197170377e-02 3.237649798393e-02 3.158811107278e-02 3.550634160638e-02 3.786528855562e-02 3.843199461699e-02 5.325687676668e-02 5.051428824663e-02 4.210256412625e-02 3.819723799825e-02 3.301087766886e-02 2.774749696255e-02 2.916398085654e-02 4.555175453424e-02 5.187187343836e-02 4.951733723283e-02 4.240560904145e-02 3.656774386764e-02 3.888765349984e-02 4.106852412224e-02 4.257719591260e-02 8.110970258713e-02 1.204176172614e-01 1.197721585631e-01 1.211007311940e-01 1.273927092552e-01 1.341006308794e-01 1.374382823706e-01 1.468158364296e-01 1.311963051558e-01 4.606004804373e-02 8.626949042082e-02 5.597559735179e-02 4.522341862321e-02 3.403535112739e-02 2.862286195159e-02 1.064426898956e-01 9.443274885416e-02 5.295232683420e-02
1.316457241774e-02 2.567103132606e-02 2.627219818532e-02 2.282084152102e-02 2.580265887082e-02 3.252389281988e-02 3.348369151354e-02 3.142853826284e-02 3.258178755641e-02 4.715367406607e-02 6.886372715235e-02 7.112243026495e-02 4.879261553288e-02 4.783231392503e-02 4.447771236300e-02 3.963674604893e-02 3.367351368070e-02 3.761417046189e-02 4.291851446033e-02 4.060559347272e-02 3.537658974528e-02 3.046410344541e-02 3.582615777850e-02 4.040050506592e-02 4.276372119784e-02 8.584819734097e-02 1.052281558514e-01 1.003686562181e-01 1.007970795035e-01 1.079933270812e-01 1.237969696522e-01 1.423815935850e-01 1.583396047354e-01 1.345123648643e-01 5.192823335528e-02 9.531552344561e-02 5.621190369129e-02 4.090186208487e-02 3.214869648218e-02 3.054630011320e-02 8.586663007736e-02 1.267988532782e-01 5.742030218244e-02
1.301494427025e-02 2.551645413041e-02 3.043730743229e-02 3.115026466548e-02 2.541735395789e-02 2.961822599173e-02 3.537430614233e-02 3.455313295126e-02 2.905363775790e-02 4.696865007281e-02 6.786610931158e-02 7.550738751888e-02 5.382123216987e-02 5.299936234951e-02 5.139935016632e-02 4.879415407777e-02 4.510947689414e-02 3.929282352328e-02 3.827869519591e-02 3.642033040524e-02 3.186988458037e-02 3.242552280426e-02 4.433334246278e-02 4.611798375845e-02 4.120948165655e-02 7.494408637285e-02 7.881503552198e-02 7.279261946678e-02 7.283645123243e-02 7.960647344589e-02 9.530296921730e-02 1.203970834613e-01 1.486767828465e-01 1.326156407595e-01 5.839447677135e-02 9.207307547331e-02 4.876722395420e-02 3.701447695494e-02 3.559341281652e-02 3.738058730960e-02 5.895650386810e-02 1.479032337666e-01 5.961792916059e-02
