100/SI/f136.grd
DSAA
101	101
32.816463539100	34.260883539100
35.556306596100	36.727886596100
5.743125220761e-04	1.006336212158e+02
[rows 19 to 37 of 101, columns 0 to 42 of 101]
1.880796998739e-01 3.834969103336e-01 4.906788170338e-01 5.002164840698e-01 4.127708077431e-01 3.250207901001e-01 2.236501574516e-01 2.566553652287e-01 3.041067123413e-01 3.645192980766e-01 4.829366505146e-01 5.749876499176e-01 5.558672547340e-01 6.019130945206e-01 6.059338450432e-01 5.872803926468e-01 5.583206415176e-01 5.532100200653e-01 6.331642270088e-01 5.627624988556e-01 5.769451260567e-01 6.206993460655e-01 6.590498685837e-01 6.367244720459e-01 5.664111375809e-01 4.813162684441e-01 4.979434907436e-01 8.090302348137e-01 9.602308273315e-01 7.235705852509e-01 6.677126288414e-01 6.149271130562e-01 6.427303552628e-01 6.423642039299e-01 6.390327215195e-01 6.346120834351e-01 5.021261572838e-01 4.390210807323e-01 4.710166156292e-01 4.581383466721e-01 6.580638289452e-01 1.588146209717e+00 7.418139576912e-01
1.473291963339e-01 3.096185922623e-01 4.176938235760e-01 4.571601152420e-01 4.067127406597e-01 3.882960677147e-01 3.558034300804e-01 2.453085780144e-01 3.275247812271e-01 3.831743896008e-01 4.205611944199e-01 5.255122780800e-01 4.638786315918e-01 5.399968028069e-01 5.828910470009e-01 6.008155345917e-01 5.991572141647e-01 5.718433260918e-01 7.289442420006e-01 5.830516219139e-01 6.750742793083e-01 8.032396435738e-01 8.663911819458e-01 8.652085661888e-01 7.971126437187e-01 6.157192587852e-01 6.599133014679e-01 6.566545367241e-01 1.010400891304e+00 7.347354888916e-01 6.301022171974e-01 5.963114500046e-01 5.810380578041e-01 5.631840229034e-01 5.443989038467e-01 7.018033266068e-01 4.800705313683e-01 5.052681565285e-01 5.156850814819e-01 5.337104797363e-01 8.145549297333e-01 1.346380829811e+00 1.104153871536e+00
1.106128245592e-01 2.254630625248e-01 3.162956535816e-01 3.642081320286e-01 3.438860177994e-01 2.977864444256e-01 3.670714497566e-01 3.624660968781e-01 4.120826125145e-01 4.903285205364e-01 5.639365911484e-01 7.413543462753e-01 8.860737681389e-01 8.085746169090e-01 5.496532320976e-01 5.384388566017e-01 5.682380199432e-01 6.048510670662e-01 1.061776041985e+00 8.259879946709e-01 6.245856285095e-01 9.767981171608e-01 1.035653352737e+00 1.164651632309e+00 9.411352276802e-01 8.325026035309e-01 8.250699639320e-01 5.217477679253e-01 9.529698491096e-01 6.772160530090e-01 5.226482748985e-01 5.461691617966e-01 6.450542211533e-01 5.131126046181e-01 5.603998303413e-01 7.436136007309e-01 5.918713808060e-01 5.367724895477e-01 5.575107932091e-01 6.040974259377e-01 9.491938948631e-01 9.665111303329e-01 1.464960694313e+00
1.529979705811e-01 2.748148143291e-01 2.602575421333e-01 2.726275622845e-01 3.249687552452e-01 4.109500944614e-01 4.790268242359e-01 5.714142918587e-01 6.924718618393e-01 8.685182332993e-01 1.102259159088e+00 1.378187656403e+00 1.544199466705e+00 1.338714122772e+00 8.419064879417e-01 5.082372426987e-01 7.013210654259e-01 9.849529266357e-01 1.246260285378e+00 1.017422318459e+00 8.061766624451e-01 1.060908436775e+00 1.128685235977e+00 1.308713197708e+00 9.363452196121e-01 9.484602808952e-01 9.808069467545e-01 6.104099750519e-01 7.807076573372e-01 5.607568621635e-01 5.055090785027e-01 5.005224943161e-01 6.696103215218e-01 6.702881455421e-01 6.659948229790e-01 6.331574320793e-01 8.320622444153e-01 5.919845700264e-01 6.006853580475e-01 6.628674268723e-01 1.057182431221e+00 9.148341417313e-01 1.701434254646e+00
1.490415781736e-01 3.069811463356e-01 3.329446911812e-01 3.188549876213e-01 4.079899191856e-01 5.541692376137e-01 6.065377593040e-01 6.398722529411e-01 7.080094814301e-01 8.181432485580e-01 9.849024415016e-01 1.120013237000e+00 1.144521117210e+00 9.779407382011e-01 7.171292901039e-01 6.289097070694e-01 6.864429116249e-01 9.519463181496e-01 1.265817999840e+00 7.873465418816e-01 7.601036429405e-01 1.070522069931e+00 1.127560496330e+00 1.255882620811e+00 1.002730131149e+00 9.455710649490e-01 1.106615543365e+00 9.529089331627e-01 9.625318050385e-01 8.220584392548e-01 7.121942043304e-01 1.027007222176e+00 9.582425355911e-01 7.256295681000e-01 7.061137557030e-01 6.874330639839e-01 9.237757325172e-01 6.688210368156e-01 6.571129560471e-01 6.994903087616e-01 1.117483139038e+00 9.272011518478e-01 1.738748550415e+00
2.859324216843e-01 4.925236999989e-01 3.193954527378e-01 3.173587024212e-01 3.602593541145e-01 4.839654564857e-01 5.478228926659e-01 5.411971211433e-01 5.367794036865e-01 5.574623942375e-01 5.893237590790e-01 6.236456632614e-01 5.930752158165e-01 6.407438516617e-01 6.487659215927e-01 5.815739631653e-01 5.890958309174e-01 1.092489480972e+00 1.247317910194e+00 6.615158319473e-01 6.788434386253e-01 9.920808076859e-01 1.070278525352e+00 1.071008920670e+00 9.652790427208e-01 8.653275370598e-01 1.192429065704e+00 1.050767779350e+00 8.610047698021e-01 8.317545056343e-01 8.363565802574e-01 1.330974340439e+00 1.975614547729e+00 1.874693036079e+00 1.691480040550e+00 1.609362721443e+00 1.666182398796e+00 1.028049826622e+00 8.727778196335e-01 7.360469102859e-01 1.142887353897e+00 8.954417109489e-01 1.540675997734e+00
5.302562713623e-01 1.123460412025e+00 1.154774427414e+00 1.008961558342e+00 6.285518407822e-01 3.640042543411e-01 3.669936656952e-01 3.845104575157e-01 4.066458642483e-01 5.257822871208e-01 6.303306221962e-01 7.045122981071e-01 7.273685336113e-01 6.975215077400e-01 6.264957189560e-01 6.599164009094e-01 7.039582729340e-01 1.064790844917e+00 1.047616243362e+00 5.982499718666e-01 6.786159276962e-01 8.112121224403e-01 9.264711737633e-01 8.873265385628e-01 9.913231730461e-01 9.554061889648e-01 1.238305687904e+00 1.305227041245e+00 1.385058283806e+00 1.238062858582e+00 9.328309297562e-01 7.976962327957e-01 1.610323548317e+00 1.754031062126e+00 1.925221800804e+00 2.318242311478e+00 2.883220672607e+00 1.753130316734e+00 1.288564562798e+00 1.094661116600e+00 1.122306823730e+00 8.354666233063e-01 1.155659437180e+00
5.638015866280e-01 1.217283844948e+00 1.407569646835e+00 1.660468339920e+00 1.812838912010e+00 1.568261265755e+00 8.773673772812e-01 4.903337657452e-01 6.690748929977e-01 7.816169261932e-01 8.029651641846e-01 7.596105933189e-01 7.107110619545e-01 9.546968340874e-01 1.047803997993e+00 1.036524653435e+00 1.018157839775e+00 9.889082908630e-01 9.766513109207e-01 9.441578388214e-01 9.224737286568e-01 9.217450022697e-01 8.936125040054e-01 1.134880661964e+00 1.365792989731e+00 1.180614352226e+00 1.350578188896e+00 1.730170369148e+00 1.746839165688e+00 1.548836350441e+00 1.154160499573e+00 8.823486566544e-01 9.441262483597e-01 1.434744000435e+00 2.142437934875e+00 1.891349196434e+00 1.963033318520e+00 1.478949069977e+00 1.573889017105e+00 1.601966023445e+00 1.301923990250e+00 8.183711171150e-01 1.024179816246e+00
3.606756329536e-01 7.976866364479e-01 9.305830597878e-01 1.145810604095e+00 1.490694165230e+00 1.954816341400e+00 2.200828075409e+00 1.707416296005e+00 8.891934156418e-01 8.476603031158e-01 7.550449371338e-01 9.681342244148e-01 1.137383103371e+00 1.180042982101e+00 1.117237091064e+00 1.114329814911e+00 1.101435422897e+00 1.068530321121e+00 1.119616508484e+00 1.129509449005e+00 1.160340070724e+00 1.259962320328e+00 1.191858053207e+00 1.098292231560e+00 1.081284403801e+00 1.393432855606e+00 1.333639979362e+00 1.667037367821e+00 1.830494165421e+00 1.639371275902e+00 1.221833586693e+00 1.296129226685e+00 1.669366836548e+00 2.235093355179e+00 2.671108722687e+00 1.939823746681e+00 1.407808303833e+00 1.176180839539e+00 1.416904926300e+00 1.813491463661e+00 1.975800275803e+00 1.339650273323e+00 9.998674988747e-01
2.498622834682e-01 4.901479780674e-01 6.048865914345e-01 5.567055344582e-01 6.530235409737e-01 9.768909215927e-01 1.521062254906e+00 2.051862001419e+00 2.039740562439e+00 1.398870229721e+00 1.078117132187e+00 1.132982611656e+00 1.144226431847e+00 1.089643001556e+00 1.068764686584e+00 1.049786210060e+00 9.957570433617e-01 1.067881822586e+00 1.095471024513e+00 1.135993719101e+00 1.204002380371e+00 1.162454605103e+00 1.118641495705e+00 1.106032133102e+00 1.110638380051e+00 1.073192000389e+00 1.149960398674e+00 1.304410576820e+00 1.558609724045e+00 1.617856979370e+00 1.264676809311e+00 1.511876106262e+00 1.811527490616e+00 2.060361146927e+00 2.000456571579e+00 1.257373452187e+00 1.365933537483e+00 1.580441117287e+00 1.700502038002e+00 1.517582535744e+00 2.219883441925e+00 2.249764204025e+00 1.227678418159e+00
2.911525070667e-01 5.728367567062e-01 5.609568357468e-01 6.881913542747e-01 5.649269223213e-01 4.950855970383e-01 5.915694832802e-01 1.079119682312e+00 1.717281699181e+00 1.986259698868e+00 1.612338423729e+00 1.075455069542e+00 1.018584489822e+00 9.939148426056e-01 9.286321997643e-01 9.021883606911e-01 9.307223558426e-01 1.058362483978e+00 9.840277433395e-01 9.827062487602e-01 8.877797126770e-01 7.276055216789e-01 9.812673926353e-01 8.726036548615e-01 1.315857887268e+00 1.116932272911e+00 1.304729342461e+00 1.457693576813e+00 1.179226875305e+00 1.308541655540e+00 1.484107136726e+00 1.596553564072e+00 1.309872627258e+00 1.637541055679e+00 1.204621553421e+00 1.046127080917e+00 1.379915475845e+00 1.916252017021e+00 2.288335561752e+00 2.159980773926e+00 1.806150317192e+00 2.790505647659e+00 2.091099977493e+00
3.783495426178e-01 7.271932959557e-01 6.753475666046e-01 6.816797852516e-01 7.594595551491e-01 5.803250670433e-01 8.043789267540e-01 9.738267660141e-01 1.071404099464e+00 1.507459878922e+00 1.929222345352e+00 1.742773294449e+00 1.062018632889e+00 8.500865101814e-01 8.363933563232e-01 8.556408286095e-01 8.855491280556e-01 8.749548196793e-01 9.723047614098e-01 9.255731105804e-01 8.065493106842e-01 6.906654238701e-01 7.537903785706e-01 1.186275959015e+00 1.766330838203e+00 2.374743223190e+00 2.853301525116e+00 2.327635765076e+00 1.517054319382e+00 1.419638395309e+00 1.826716303825e+00 1.249902844429e+00 9.372962713242e-01 2.042189836502e+00 8.799618482590e-01 1.195695161819e+00 1.145137906075e+00 1.617651343346e+00 2.346596240997e+00 2.517618417740e+00 2.159828424454e+00 2.362449645996e+00 3.184052705765e+00
3.445853888988e-01 7.533688545227e-01 7.970021963120e-01 7.789543271065e-01 8.048589825630e-01 8.229657411575e-01 9.829879999161e-01 1.028915286064e+00 1.019089818001e+00 9.605122804642e-01 1.353667497635e+00 1.914965510368e+00 1.861786723137e+00 1.278782963753e+00 8.010646104813e-01 7.991112470627e-01 7.701052427292e-01 7.225762009621e-01 9.670714139938e-01 1.005927205086e+00 1.041295409203e+00 8.467441201210e-01 7.798840999603e-01 1.465177178383e+00 2.482583045959e+00 3.652718782425e+00 4.289246082306e+00 4.106928825378e+00 2.685124874115e+00 1.638094425201e+00 1.965902566910e+00 1.586234927177e+00 1.503721475601e+00 2.497389078140e+00 1.316331863403e+00 2.469027042389e+00 1.782438039780e+00 1.327536106110e+00 1.801016688347e+00 2.581424713135e+00 2.637977600098e+00 2.220460176468e+00 3.431730270386e+00
4.168680012226e-01 8.491760492325e-01 8.597211837769e-01 8.352413773537e-01 8.663411736488e-01 9.780550003052e-01 9.819765686989e-01 9.909086227417e-01 9.085962772369e-01 8.363278508186e-01 8.071902990341e-01 1.168623685837e+00 1.860851407051e+00 1.953190922737e+00 1.473637700081e+00 7.354727387428e-01 6.789352893829e-01 7.368704676628e-01 8.612877726555e-01 1.389797449112e+00 1.256698131561e+00 1.162612557411e+00 1.063845634460e+00 1.458644151688e+00 2.533216953278e+00 3.612837076187e+00 4.915819168091e+00 5.760146617889e+00 4.818408966064e+00 2.344798803329e+00 2.068490028381e+00 2.259391546249e+00 2.171293735504e+00 2.957785129547e+00 1.643235206604e+00 3.312417030334e+00 2.739120721817e+00 1.796433925629e+00 1.699065804482e+00 2.397714376450e+00 5.138726711273e+00 2.606367826462e+00 2.816470384598e+00
5.753819346428e-01 1.081654429436e+00 9.769896268845e-01 1.019523978233e+00 1.083266139030e+00 1.145773410797e+00 1.218181014061e+00 1.268211841583e+00 1.296985745430e+00 1.301863431931e+00 1.262743592262e+00 1.261632204056e+00 1.203495740891e+00 1.722780466080e+00 1.990149617195e+00 1.651059627533e+00 8.229485154152e-01 7.879923582077e-01 8.491244912148e-01 1.331828951836e+00 1.411884307861e+00 1.282879471779e+00 1.154228568077e+00 1.244970321655e+00 2.096867084503e+00 3.115186691284e+00 4.823287487030e+00 6.734790325165e+00 6.371510028839e+00 3.902896642685e+00 2.925431966782e+00 3.705150365829e+00 4.005613327026e+00 3.730594635010e+00 3.121616601944e+00 3.578751087189e+00 3.402884483337e+00 2.620087385178e+00 3.065766572952e+00 2.698399543762e+00 7.385858535767e+00 6.015438556671e+00 1.671730399132e+00
5.931467413902e-01 1.232678055763e+00 1.229882717133e+00 1.191491127014e+00 1.048860549927e+00 8.867136240005e-01 8.477631807327e-01 9.386863708496e-01 1.041524887085e+00 1.163152456284e+00 1.298668861389e+00 1.458187818527e+00 1.646100163460e+00 2.606331825256e+00 2.655385017395e+00 1.972269535065e+00 1.865976452827e+00 1.773767828941e+00 1.650111913681e+00 1.510499954224e+00 1.360905766487e+00 1.216294646263e+00 1.334170460701e+00 1.273932695389e+00 1.430138111115e+00 2.354271173477e+00 3.468540906906e+00 5.488499641418e+00 6.973364353180e+00 4.851013183594e+00 2.315864324570e+00 2.293733119965e+00 3.383538007736e+00 4.516350746155e+00 5.052469253540e+00 4.732325077057e+00 3.455390453339e+00 2.849524974823e+00 2.140836715698e+00 3.168323755264e+00 7.770547389984e+00 9.262122154236e+00 2.546913862228e+00
4.724447131157e-01 9.513328671455e-01 1.064147591591e+00 1.159962534904e+00 1.217772364616e+00 1.175882577896e+00 9.855457544327e-01 8.253501653671e-01 8.304224014282e-01 8.306941390038e-01 8.267186284065e-01 8.095849752426e-01 7.845916748047e-01 9.931108951569e-01 1.488119721413e+00 1.630833387375e+00 1.923524737358e+00 1.851169466972e+00 1.522604823112e+00 1.685787439346e+00 1.782345890999e+00 1.837854862213e+00 1.903712511063e+00 1.984357476234e+00 1.904516816139e+00 1.560413479805e+00 2.333019018173e+00 4.149382591248e+00 5.865823268890e+00 4.324733734131e+00 2.182396650314e+00 1.531010508537e+00 1.303791761398e+00 2.236575365067e+00 2.644484758377e+00 4.322788238525e+00 5.525714874268e+00 5.154952049255e+00 3.245204687119e+00 3.449726104736e+00 5.031235218048e+00 1.106087684631e+01 3.986325025558e+00
3.806814253330e-01 7.356815934181e-01 7.321817874908e-01 7.010518908501e-01 7.744428515434e-01 8.669242262840e-01 9.054659008980e-01 8.899694085121e-01 7.556750774384e-01 7.877875566483e-01 8.563650846481e-01 9.258696436882e-01 9.900857210159e-01 1.054423570633e+00 1.120000600815e+00 1.176862120628e+00 1.226591229439e+00 1.808172225952e+00 1.919612646103e+00 2.469425916672e+00 1.935241341591e+00 1.622409224510e+00 1.542508840561e+00 1.518538951874e+00 1.522764921188e+00 1.716369986534e+00 2.276928186417e+00 2.649978876114e+00 3.743137598038e+00 3.067683696747e+00 1.567116618156e+00 1.850295543671e+00 1.378578543663e+00 1.809477925301e+00 2.110816240311e+00 2.522487401962e+00 2.550488233566e+00 4.276076316833e+00 6.077413082123e+00 4.957362651825e+00 4.357228279114e+00 9.123404502869e+00 8.123060226440e+00
2.395753860474e-01 4.829867184162e-01 4.756668806076e-01 4.731926918030e-01 5.506623387337e-01 6.290130019188e-01 6.818361282349e-01 7.136765718460e-01 7.235144972801e-01 6.652287840843e-01 6.574827432632e-01 6.623436212540e-01 7.003070712090e-01 7.231097817421e-01 7.330245375633e-01 9.561898708344e-01 1.066891074181e+00 1.456185817719e+00 2.746659755707e+00 2.868972778320e+00 2.531769275665e+00 2.151871681213e+00 2.477615118027e+00 2.959696292877e+00 2.081407785416e+00 2.455627202988e+00 2.395449161530e+00 2.229698419571e+00 2.319677114487e+00 3.022209644318e+00 2.828642368317e+00 1.833438396454e+00 1.890709757805e+00 2.002512216568e+00 2.147740840912e+00 2.277796030045e+00 2.274311065674e+00 2.929025888443e+00 4.306149005890e+00 5.004240036011e+00 5.998641014099e+00 8.020422935486e+00 6.766546249390e+00
