100/SI/f136.grd
DSAA
101	101
32.816463539100	34.260883539100
35.556306596100	36.727886596100
5.743125220761e-04	1.006336212158e+02
[rows 76 to 94 of 101, columns 43 to 85 of 101]
1.532692909241e-01 1.311359703541e-01 2.351725548506e-01 6.063128709793e-01 6.498793363571e-01 1.310497164726e+00 2.107942342758e+00 2.377354145050e+00 1.470479965210e+00 4.078157842159e-01 1.362080574036e+00 3.068674325943e+00 2.304627180099e+00 6.170790195465e-01 2.690432667732e-01 3.833479583263e-01 4.265690743923e-01 2.333482205868e-01 2.135010957718e-01 2.636695504189e-01 9.302448034286e-01 2.076217651367e+00 4.822649955750e-01 3.280373811722e-01 2.385270744562e-01 1.601976305246e-01 8.192833513021e-02 7.046591490507e-02 6.862574070692e-02 6.473445892334e-02 6.075369939208e-02 6.340496987104e-02 6.682771444321e-02 7.096858322620e-02 7.175283879042e-02 6.686650216579e-02 6.140390411019e-02 5.746608227491e-02 5.475664883852e-02 5.319929122925e-02 5.966876819730e-02 9.424839168787e-02 1.277925670147e-01
2.431409209967e-01 3.311141431332e-01 4.194583892822e-01 4.476208984852e-01 5.966125726700e-01 8.503273725510e-01 1.112493395805e+00 9.720402956009e-01 1.553420543671e+00 2.271501302719e+00 2.258864164352e+00 1.088659882545e+00 7.907910943031e-01 6.508270502090e-01 4.213976264000e-01 5.252965092659e-01 1.534052044153e-01 8.059110492468e-02 9.860561043024e-02 1.101600080729e-01 8.372280001640e-02 1.003289148211e-01 1.587334126234e-01 1.643617600203e-01 1.495800018311e-01 9.188245981932e-02 4.476154595613e-02 4.016725346446e-02 4.615205526352e-02 5.322503298521e-02 5.684658139944e-02 5.817458033562e-02 5.790800973773e-02 5.541110411286e-02 4.825013503432e-02 3.878534212708e-02 3.122957050800e-02 3.027199208736e-02 3.211852535605e-02 3.818264231086e-02 5.017635971308e-02 8.535410463810e-02 1.135103330016e-01
5.245863795280e-01 7.939576506615e-01 5.134794712067e-01 2.314910888672e-01 2.889817655087e-01 9.782500863075e-01 2.746732234955e+00 3.665336608887e+00 2.762325048447e+00 1.371576309204e+00 7.565913796425e-01 5.034092664719e-01 3.265156447887e-01 5.255838036537e-01 5.356210470200e-01 1.755935251713e-01 5.836833640933e-02 5.343853309751e-02 5.514929816127e-02 7.362570613623e-02 5.509030446410e-02 5.032034218311e-02 5.819272249937e-02 6.647890806198e-02 6.029039248824e-02 5.612019449472e-02 4.498782381415e-02 4.690112546086e-02 3.939727693796e-02 4.445531964302e-02 4.657560586929e-02 4.346043989062e-02 4.225202277303e-02 4.087714478374e-02 2.883399277925e-02 2.765211649239e-02 2.936497889459e-02 2.924751117826e-02 2.863605506718e-02 3.062768280506e-02 3.744639456272e-02 7.478338479996e-02 1.090413853526e-01
7.312650680542e-01 8.562553524971e-01 2.924116849899e-01 3.076384365559e-01 1.000980973244e+00 1.795273780823e+00 1.855012893677e+00 1.603932619095e+00 1.433224201202e+00 6.542098522186e-01 6.084730625153e-01 7.220782637596e-01 4.646334946156e-01 3.302578628063e-01 1.111237406731e-01 6.480037420988e-02 4.097319766879e-02 3.952582553029e-02 3.801861032844e-02 4.627756401896e-02 4.213779047132e-02 4.215950891376e-02 3.923740983009e-02 3.838123753667e-02 3.758895397186e-02 3.840109705925e-02 3.718593716621e-02 3.786655515432e-02 4.066906869411e-02 3.902237862349e-02 3.956410661340e-02 3.258888423443e-02 3.609007969499e-02 3.787624835968e-02 3.018676862121e-02 2.296437323093e-02 2.745794877410e-02 2.920297719538e-02 2.931935898960e-02 2.881368622184e-02 2.991097606719e-02 4.029102623463e-02 6.742918491364e-02
3.180619180202e-01 5.977313518524e-01 8.518674373627e-01 1.013445496559e+00 1.030980944633e+00 8.488838672638e-01 1.026084065437e+00 1.263823747635e+00 1.814867258072e+00 7.210041284561e-01 7.332503795624e-01 4.474184811115e-01 1.872803717852e-01 7.294915616512e-02 5.044227093458e-02 4.112951457500e-02 3.695932030678e-02 3.336023911834e-02 3.058065287769e-02 2.860783599317e-02 3.149684146047e-02 2.488763816655e-02 2.524060569704e-02 2.516423165798e-02 2.641879767179e-02 2.779033593833e-02 2.810006029904e-02 2.579228021204e-02 2.176805026829e-02 2.614423632622e-02 2.596153318882e-02 2.525897696614e-02 2.840902470052e-02 3.159430250525e-02 2.904818393290e-02 2.278913185000e-02 2.552065625787e-02 2.863974496722e-02 2.940384671092e-02 3.012255392969e-02 3.493252769113e-02 4.195465147495e-02 5.211725085974e-02
3.808801770210e-01 1.080364704132e+00 2.005073070526e+00 1.205642819405e+00 8.044981956482e-01 1.289753794670e+00 1.747155666351e+00 2.369772672653e+00 1.131188511848e+00 6.142619848251e-01 2.917250096798e-01 1.766828000546e-01 7.285877317190e-02 4.290001094341e-02 3.077515959740e-02 2.559204399586e-02 2.354884520173e-02 2.190646715462e-02 2.249195612967e-02 2.396716549993e-02 2.421669103205e-02 2.250491641462e-02 2.231685817242e-02 2.380247414112e-02 2.845776267350e-02 3.319445252419e-02 3.637323901057e-02 3.542374819517e-02 2.803676016629e-02 2.124995924532e-02 2.108556032181e-02 1.949046924710e-02 2.041462808847e-02 2.545957081020e-02 2.630814164877e-02 2.449164167047e-02 2.321530319750e-02 2.717996016145e-02 2.868886478245e-02 2.898184955120e-02 3.350201994181e-02 4.637625440955e-02 6.268322467804e-02
6.667259335518e-01 2.071193218231e+00 1.583231210709e+00 1.255244135857e+00 1.392429828644e+00 1.349598169327e+00 9.302522540092e-01 9.111381173134e-01 7.104646563530e-01 3.649474084377e-01 1.510712355375e-01 1.001267880201e-01 4.471255838871e-02 2.861860394478e-02 2.345784939826e-02 1.923584192991e-02 1.907540485263e-02 2.039938047528e-02 1.996392011642e-02 1.901799999177e-02 2.067892439663e-02 2.090728096664e-02 2.068152837455e-02 2.075916342437e-02 2.594862878323e-02 3.189576789737e-02 3.628318011761e-02 3.626706823707e-02 2.951570414007e-02 1.953152753413e-02 2.044307440519e-02 2.120564691722e-02 1.738064549863e-02 1.882068999112e-02 2.240497246385e-02 2.496707439423e-02 2.517033368349e-02 2.487746253610e-02 2.718929946423e-02 2.838733606040e-02 2.809896692634e-02 3.175393119454e-02 4.068405181170e-02
8.683293461800e-01 1.467903614044e+00 8.676413893700e-01 5.275149941444e-01 3.566400110722e-01 4.537261128426e-01 4.226144850254e-01 5.043661594391e-01 3.860736787319e-01 1.468523144722e-01 1.154242604971e-01 7.150208204985e-02 4.789750277996e-02 3.568311780691e-02 2.233865857124e-02 1.824958808720e-02 1.962141133845e-02 1.982071809471e-02 1.808597147465e-02 1.705316267908e-02 1.978961192071e-02 2.169509977102e-02 2.273805625737e-02 2.199875563383e-02 2.026291750371e-02 2.424533292651e-02 2.710430510342e-02 2.691855281591e-02 2.230530977249e-02 1.758338697255e-02 1.814053393900e-02 1.993966847658e-02 1.907849870622e-02 1.654685288668e-02 1.668246649206e-02 2.050690539181e-02 2.274993062019e-02 2.205842733383e-02 2.509678341448e-02 2.726222760975e-02 2.778766676784e-02 2.975619956851e-02 3.277118876576e-02
1.245321989059e+00 1.029189348221e+00 3.316120505333e-01 2.562758922577e-01 2.728115022182e-01 1.607867479324e-01 2.561574280262e-01 3.662652671337e-01 2.447284758091e-01 1.212400570512e-01 1.042590141296e-01 5.210958421230e-02 5.028983578086e-02 4.788418486714e-02 3.008113056421e-02 2.362792193890e-02 2.009598910809e-02 1.908038370311e-02 1.649098098278e-02 1.645134948194e-02 1.991141960025e-02 2.389007434249e-02 2.630450017750e-02 2.463126927614e-02 2.109313942492e-02 1.813480071723e-02 1.956742443144e-02 2.096538618207e-02 2.089749090374e-02 2.197435311973e-02 1.978169754148e-02 1.834736578166e-02 1.828475669026e-02 1.663244701922e-02 1.601149514318e-02 1.935702562332e-02 2.119746431708e-02 2.068077772856e-02 2.259204536676e-02 2.542440965772e-02 2.667722851038e-02 2.981451340020e-02 3.749070689082e-02
1.955197930336e+00 8.607962727547e-01 1.784276217222e-01 1.231438443065e-01 9.373781830072e-02 1.144034340978e-01 1.218607127666e-01 2.770808041096e-01 2.824677526951e-01 1.733980774879e-01 8.696704357862e-02 5.000886321068e-02 4.349521175027e-02 4.569512233138e-02 3.765081986785e-02 2.320563979447e-02 1.978844963014e-02 1.836745254695e-02 1.530096773058e-02 1.627369783819e-02 2.039994858205e-02 2.665467001498e-02 2.911421656609e-02 2.590598352253e-02 2.180113084614e-02 1.923726312816e-02 2.028631791472e-02 2.262627705932e-02 2.364625409245e-02 2.295127883554e-02 2.129203639925e-02 1.781244203448e-02 2.038648538291e-02 1.663632504642e-02 1.558367256075e-02 1.701877824962e-02 2.141888253391e-02 2.361304871738e-02 2.518771775067e-02 2.866873331368e-02 3.296579793096e-02 3.423472493887e-02 3.325881808996e-02
1.685232400894e+00 5.176367759705e-01 1.343392133713e-01 7.541527599096e-02 6.848167628050e-02 7.798841595650e-02 1.419172435999e-01 1.821711957455e-01 2.171007990837e-01 1.515940427780e-01 1.004072800279e-01 5.810456722975e-02 3.710282221437e-02 3.311365097761e-02 3.185303881764e-02 2.697333320975e-02 2.245566621423e-02 2.473970316350e-02 2.068996988237e-02 1.796443015337e-02 2.242604270577e-02 2.998997084796e-02 3.126495331526e-02 2.630476839840e-02 2.237634919584e-02 2.042806707323e-02 2.126087620854e-02 2.387802861631e-02 2.575021050870e-02 2.402619645000e-02 2.097320370376e-02 1.739475689828e-02 2.082973718643e-02 1.608386822045e-02 1.531364023685e-02 1.469226647168e-02 1.608221977949e-02 2.120919153094e-02 2.704895287752e-02 3.486790508032e-02 4.260143637657e-02 4.562526941299e-02 4.610548913479e-02
8.826404213905e-01 1.678143590689e-01 7.927839457989e-02 6.932061910629e-02 5.774979665875e-02 5.668821930885e-02 9.135379642248e-02 5.082956701517e-02 1.317052394152e-01 1.990279257298e-01 1.437438726425e-01 1.097954660654e-01 5.442641675472e-02 3.378593921661e-02 2.895099297166e-02 2.915857918561e-02 3.097314015031e-02 2.790103666484e-02 2.456533350050e-02 2.187403477728e-02 2.678031660616e-02 3.295952081680e-02 3.180292621255e-02 2.683007344604e-02 2.398738078773e-02 2.261299453676e-02 2.254321426153e-02 2.508817426860e-02 2.719865739346e-02 2.601930499077e-02 2.176964655519e-02 1.724439486861e-02 1.969770714641e-02 1.780023612082e-02 1.515030488372e-02 1.510775834322e-02 1.459790673107e-02 1.528826635331e-02 1.955251395702e-02 2.991078235209e-02 4.084179922938e-02 4.756600037217e-02 5.140560492873e-02
2.383104711771e-01 9.596288949251e-02 6.271788477898e-02 5.971414968371e-02 4.529895633459e-02 4.131284728646e-02 4.112450405955e-02 3.972797840834e-02 4.788675904274e-02 1.639677137136e-01 1.819164901972e-01 2.668603062630e-01 1.711228936911e-01 6.198779493570e-02 3.871712833643e-02 3.236302360892e-02 3.511911258101e-02 4.150319471955e-02 3.870271146297e-02 3.105556033552e-02 3.046342357993e-02 3.420476987958e-02 3.083482570946e-02 2.667610161006e-02 2.514964528382e-02 2.495006471872e-02 2.547107636929e-02 2.564474195242e-02 2.781600318849e-02 2.786580100656e-02 2.401553094387e-02 1.854741387069e-02 1.852831244469e-02 1.848640479147e-02 1.725292205811e-02 1.769299991429e-02 1.753550581634e-02 1.725877821445e-02 1.707260683179e-02 1.721634902060e-02 2.321558073163e-02 3.086212649941e-02 3.635492920876e-02
8.881724625826e-02 5.398174747825e-02 5.609359219670e-02 4.869405180216e-02 3.862320631742e-02 3.505992889404e-02 3.041213750839e-02 3.076424449682e-02 3.591878339648e-02 6.792361289263e-02 2.721263170242e-01 6.676005721092e-01 4.584205150604e-01 1.466141045094e-01 6.479858607054e-02 4.049067199230e-02 3.666012361646e-02 4.392757266760e-02 4.258238524199e-02 4.496369883418e-02 4.333170130849e-02 3.576545417309e-02 3.206392750144e-02 2.883184142411e-02 2.799677103758e-02 2.825643308461e-02 2.825834788382e-02 2.758569270372e-02 2.784871682525e-02 2.927999012172e-02 2.642975002527e-02 1.935266144574e-02 1.812475360930e-02 1.784171350300e-02 1.858482509851e-02 1.997502334416e-02 2.092292718589e-02 2.123931795359e-02 2.111005410552e-02 2.039773389697e-02 2.005059644580e-02 2.110643871129e-02 2.179086953402e-02
7.716995477676e-02 4.601965844631e-02 4.982927069068e-02 3.795424103737e-02 3.020224533975e-02 2.842250652611e-02 2.481060847640e-02 2.621462568641e-02 2.622684650123e-02 4.757553339005e-02 2.062369436026e-01 5.558383464813e-01 5.018164515495e-01 3.235395252705e-01 7.890627533197e-02 4.446893930435e-02 3.391146659851e-02 4.865149408579e-02 5.787187069654e-02 5.438158661127e-02 4.453961551189e-02 3.489229083061e-02 3.464227914810e-02 3.265319764614e-02 3.161736205220e-02 3.094976767898e-02 2.968788519502e-02 2.714478969574e-02 2.802659198642e-02 2.952845022082e-02 2.600491419435e-02 2.048863284290e-02 2.120793424547e-02 2.053607068956e-02 1.949476450682e-02 1.863761804998e-02 1.992820575833e-02 2.071434073150e-02 2.053211256862e-02 1.926073804498e-02 2.097032032907e-02 2.476798743010e-02 2.747154980898e-02
9.503031522036e-02 5.002824589610e-02 4.350283741951e-02 3.262577578425e-02 2.464771270752e-02 2.325279451907e-02 2.375396527350e-02 2.335132285953e-02 2.310587465763e-02 2.983608841896e-02 7.852832227945e-02 2.849746346474e-01 1.035866379738e+00 7.998157143593e-01 1.347443610430e-01 5.188672989607e-02 5.701895058155e-02 6.093417480588e-02 5.429155379534e-02 4.329396039248e-02 3.523554652929e-02 3.602163866162e-02 3.828751295805e-02 3.717143461108e-02 3.472976386547e-02 3.158541396260e-02 2.738622203469e-02 2.478782832623e-02 2.890355139971e-02 2.966081164777e-02 2.715558931231e-02 3.020919300616e-02 3.032743372023e-02 2.872552163899e-02 2.585370838642e-02 2.014277689159e-02 1.656353846192e-02 1.644709147513e-02 1.667188107967e-02 1.795461028814e-02 2.109890989959e-02 2.629275619984e-02 3.258079290390e-02
1.005734279752e-01 5.673027783632e-02 4.260284453630e-02 2.847373485565e-02 2.197892591357e-02 2.303008735180e-02 2.272752672434e-02 2.234843745828e-02 2.015769854188e-02 2.283195592463e-02 4.448488727212e-02 1.452435106039e-01 5.044717788696e-01 4.455650150776e-01 1.499779820442e-01 8.598416298628e-02 7.084442675114e-02 5.508388206363e-02 4.252346977592e-02 3.406607359648e-02 3.405443951488e-02 3.643804416060e-02 3.884164616466e-02 3.704331070185e-02 3.208942711353e-02 2.609620057046e-02 2.134282514453e-02 2.321784384549e-02 2.899889461696e-02 3.042374178767e-02 3.217256069183e-02 3.540224581957e-02 3.521407023072e-02 3.286380320787e-02 2.797137200832e-02 2.058270573616e-02 2.112867310643e-02 2.195440605283e-02 2.323562093079e-02 2.431671135128e-02 2.457005344331e-02 2.701532468200e-02 3.485080599785e-02
9.400318562984e-02 5.072075128555e-02 3.584552556276e-02 2.237508632243e-02 2.107929810882e-02 2.271218784153e-02 2.192804776132e-02 1.896659657359e-02 1.507349498570e-02 2.054058201611e-02 3.782871738076e-02 6.441585719585e-02 1.787397265434e-01 2.132177799940e-01 1.551143825054e-01 9.534025192261e-02 6.046155840158e-02 4.305756464601e-02 3.997985646129e-02 3.893642872572e-02 3.517670184374e-02 3.334635123610e-02 3.232839331031e-02 2.848072350025e-02 2.253168448806e-02 1.986124552786e-02 1.957407407463e-02 2.086537517607e-02 2.696492150426e-02 3.010193817317e-02 2.276318520308e-02 2.486754395068e-02 2.491855993867e-02 2.334368228912e-02 2.217999100685e-02 2.430688217282e-02 2.632753737271e-02 2.896502427757e-02 3.177884966135e-02 3.333273530006e-02 3.271567076445e-02 3.041617944837e-02 3.416357189417e-02
8.396182209253e-02 3.833800554276e-02 2.578818425536e-02 1.631414145231e-02 1.971663720906e-02 2.185108512640e-02 2.092280611396e-02 1.726833172143e-02 1.276057772338e-02 1.844999939203e-02 3.397521004081e-02 5.268653109670e-02 1.244828253984e-01 1.603389084339e-01 1.251525431871e-01 7.436747848988e-02 4.616431519389e-02 4.298708587885e-02 4.239001870155e-02 3.563990443945e-02 2.842565439641e-02 2.380299195647e-02 2.087775059044e-02 1.753916963935e-02 1.636169292033e-02 1.605403982103e-02 1.605661027133e-02 1.772362552583e-02 2.344664745033e-02 2.739601582289e-02 2.136860601604e-02 1.687439531088e-02 1.591825112700e-02 2.038883976638e-02 2.418748661876e-02 2.755228616297e-02 3.144386410713e-02 3.625403344631e-02 4.073183611035e-02 4.252981767058e-02 4.040679708123e-02 3.556616604328e-02 3.363743424416e-02
