100/SI/f136.grd
DSAA
101	101
32.816463539100	34.260883539100
35.556306596100	36.727886596100
5.743125220761e-04	1.006336212158e+02
[rows 57 to 75 of 101, columns 0 to 42 of 101]
3.212538361549e-02 5.273519456387e-02 5.760282278061e-02 5.769136175513e-02 5.911977216601e-02 7.246679812670e-02 8.127754926682e-02 8.924320340157e-02 9.671005606651e-02 9.897871315479e-02 9.765827655792e-02 1.375462263823e-01 2.351113706827e-01 1.285030841827e-01 9.187722951174e-02 1.380205601454e-01 1.237640082836e-01 1.421858519316e-01 1.721116453409e-01 1.761612147093e-01 1.796299666166e-01 1.388656198978e-01 9.577772766352e-02 8.447558432817e-02 9.179089963436e-02 1.270151436329e-01 2.019884884357e-01 2.496367543936e-01 1.902528852224e-01 1.133518517017e-01 8.972866088152e-02 7.101881504059e-02 7.430200278759e-02 9.060905873775e-02 1.061424836516e-01 1.354006081820e-01 1.565369367599e-01 1.677593737841e-01 2.749069631100e-01 3.675091862679e-01 3.182382881641e-01 2.843964695930e-01 3.196341991425e-01
4.079055041075e-02 6.672694534063e-02 7.614109665155e-02 7.729532569647e-02 7.654409855604e-02 7.455662637949e-02 7.393456250429e-02 7.753375172615e-02 8.086507767439e-02 1.321407407522e-01 4.273740053177e-01 4.944658279419e-01 1.847615540028e-01 9.500722587109e-02 9.540698677301e-02 8.804526925087e-02 9.621647000313e-02 9.567707031965e-02 1.115979999304e-01 1.413389742374e-01 1.719756126404e-01 1.841228157282e-01 1.291058957577e-01 8.070204406977e-02 9.307902306318e-02 1.416471600533e-01 2.130230963230e-01 2.276729941368e-01 2.312229871750e-01 1.476736962795e-01 8.906405419111e-02 8.134876936674e-02 7.753148674965e-02 9.398981928825e-02 1.110039055347e-01 1.149281710386e-01 1.179217323661e-01 1.208893880248e-01 1.222039535642e-01 1.319108605385e-01 1.622802913189e-01 2.235118001699e-01 2.583831846714e-01
5.441138520837e-02 8.938317745924e-02 1.037344187498e-01 1.493347585201e-01 1.889403611422e-01 2.375316470861e-01 3.109657168388e-01 4.535723328590e-01 8.363142609596e-01 1.185149073601e+00 7.893824577332e-01 2.008964419365e-01 1.371200531721e-01 1.201292127371e-01 8.755791187286e-02 9.051923453808e-02 9.553335607052e-02 9.379941225052e-02 9.138813614845e-02 9.840333461761e-02 1.659981608391e-01 1.883921623230e-01 1.339739114046e-01 7.741481810808e-02 6.029551476240e-02 9.271147847176e-02 1.310506463051e-01 1.370719075203e-01 1.406821757555e-01 1.151640936732e-01 8.143743127584e-02 8.488178253174e-02 8.070982247591e-02 9.072801470757e-02 1.094256862998e-01 1.133676171303e-01 1.078992113471e-01 9.887041151524e-02 8.998934179544e-02 1.008099690080e-01 1.297913044691e-01 1.651916354895e-01 2.210726737976e-01
5.318116396666e-02 1.034523546696e-01 1.744042485952e-01 2.425061762333e-01 3.019610345364e-01 3.959988951683e-01 5.728957653046e-01 8.551689386368e-01 8.612873554230e-01 3.993417024612e-01 9.830652177334e-02 1.144844070077e-01 1.242784708738e-01 1.103588715196e-01 9.743783622980e-02 1.022063642740e-01 1.022403463721e-01 9.795597940683e-02 7.797823846340e-02 7.694515585899e-02 1.194875612855e-01 1.334680467844e-01 9.933436661959e-02 6.243819370866e-02 4.816579073668e-02 5.205723643303e-02 6.966195255518e-02 8.607340604067e-02 9.889752417803e-02 8.739957958460e-02 8.000336587429e-02 7.418520748615e-02 7.930628210306e-02 8.790539950132e-02 1.053677424788e-01 1.079590097070e-01 9.765147417784e-02 8.355573564768e-02 7.737165689468e-02 8.577831089497e-02 1.249880269170e-01 1.545238196850e-01 2.023558318615e-01
3.234428539872e-02 5.633850768209e-02 6.877432018518e-02 7.233344018459e-02 7.248512655497e-02 7.224054634571e-02 7.168705761433e-02 7.022894918919e-02 6.899712979794e-02 6.760829687119e-02 6.352830678225e-02 6.688188016415e-02 7.150288671255e-02 9.143549203873e-02 1.027276366949e-01 1.072006151080e-01 1.030342131853e-01 9.134718775749e-02 6.753731518984e-02 5.490605533123e-02 6.680199503899e-02 6.939280778170e-02 5.489930137992e-02 4.085108265281e-02 3.607153892517e-02 3.879190608859e-02 4.984526708722e-02 5.997189879417e-02 7.253462076187e-02 7.814954221249e-02 7.401596754789e-02 6.616760045290e-02 7.602986693382e-02 9.200021624565e-02 1.096748933196e-01 1.061180382967e-01 8.814910799265e-02 7.031323015690e-02 7.827385514975e-02 8.740260452032e-02 1.262238174677e-01 1.567915230989e-01 1.902347207069e-01
1.529345568269e-02 2.847809717059e-02 3.686721622944e-02 4.066855832934e-02 4.216454550624e-02 4.342886433005e-02 4.463768005371e-02 4.554208368063e-02 4.696645960212e-02 4.839732497931e-02 4.746013879776e-02 4.462784528732e-02 4.430771619081e-02 5.874115601182e-02 6.900779157877e-02 7.257240265608e-02 6.594821810722e-02 5.864403396845e-02 4.956052452326e-02 4.290112107992e-02 3.558586537838e-02 3.323936089873e-02 2.750939317048e-02 3.067862242460e-02 3.616928309202e-02 3.801624849439e-02 4.128090292215e-02 4.976730793715e-02 6.132892891765e-02 6.715488433838e-02 6.622031331062e-02 6.255457550287e-02 7.567424327135e-02 1.014801412821e-01 1.178627088666e-01 1.064844578505e-01 7.992984354496e-02 6.940044462681e-02 8.007781207561e-02 9.095010906458e-02 1.221038028598e-01 1.420082598925e-01 1.634259223938e-01
1.040728110820e-02 1.752609759569e-02 2.175025641918e-02 2.503447607160e-02 2.692884951830e-02 2.860586717725e-02 3.021198697388e-02 3.156327828765e-02 3.320003673434e-02 3.487015143037e-02 3.509512171149e-02 3.396393358707e-02 3.267053142190e-02 3.150217235088e-02 3.164603188634e-02 3.588956966996e-02 3.784718737006e-02 3.733578324318e-02 3.426432237029e-02 3.252234682441e-02 2.877379953861e-02 2.698622457683e-02 2.360174059868e-02 3.116834908724e-02 3.840317577124e-02 4.204110801220e-02 4.177163913846e-02 4.145066812634e-02 5.059847980738e-02 5.633045360446e-02 5.773847550154e-02 5.740986764431e-02 7.659613341093e-02 1.069824770093e-01 1.180861443281e-01 9.878067672253e-02 6.995314359665e-02 6.962228566408e-02 8.353968709707e-02 9.356339275837e-02 1.084483936429e-01 1.246656626463e-01 1.276959627867e-01
8.414735086262e-03 1.433027815074e-02 1.805376634002e-02 1.992109976709e-02 2.113908343017e-02 2.223177254200e-02 2.303838543594e-02 2.319567650557e-02 2.428988553584e-02 2.525066770613e-02 2.545456774533e-02 2.502807416022e-02 2.460461296141e-02 2.403572015464e-02 2.485206350684e-02 2.854993380606e-02 3.034755960107e-02 2.995252422988e-02 2.770763263106e-02 2.567893080413e-02 2.788684889674e-02 2.705629542470e-02 2.336832322180e-02 3.105115145445e-02 3.915879875422e-02 4.409600794315e-02 4.464492574334e-02 4.320395737886e-02 4.449223726988e-02 4.880924150348e-02 5.086359009147e-02 5.311404913664e-02 7.597172260284e-02 1.043693423271e-01 1.076073199511e-01 8.493113517761e-02 6.547052413225e-02 7.174452394247e-02 8.726729452610e-02 9.195343405008e-02 9.594643861055e-02 1.036054790020e-01 9.497418254614e-02
8.287309668958e-03 1.327084004879e-02 1.681564375758e-02 1.842749863863e-02 1.910821348429e-02 1.971071586013e-02 1.993441581726e-02 1.952888071537e-02 1.929794810712e-02 1.955481432378e-02 1.963668130338e-02 2.039352618158e-02 2.099365741014e-02 2.148236148059e-02 2.206442691386e-02 2.313893102109e-02 2.474506199360e-02 2.488008141518e-02 2.511884272099e-02 2.455120161176e-02 2.557272650301e-02 2.669239044189e-02 2.368033118546e-02 2.936951629817e-02 3.709135577083e-02 4.221276193857e-02 4.307647421956e-02 4.227156192064e-02 4.467152059078e-02 4.601071029902e-02 4.690234363079e-02 4.949433356524e-02 7.108283787966e-02 9.351944923401e-02 9.103533625603e-02 7.291413098574e-02 6.374852359295e-02 7.671998441219e-02 8.814298361540e-02 8.582331985235e-02 8.333028107882e-02 8.382843434811e-02 7.699512690306e-02
7.744802162051e-03 1.229081675410e-02 1.540474593639e-02 1.676495186985e-02 1.733896508813e-02 1.777826622128e-02 1.783619076014e-02 1.745650731027e-02 1.704953610897e-02 1.833459921181e-02 1.944744959474e-02 2.045523747802e-02 2.134830504656e-02 2.209984883666e-02 2.278399653733e-02 2.344795316458e-02 2.393735758960e-02 2.401394769549e-02 2.353592589498e-02 2.333262935281e-02 2.335615642369e-02 2.570558525622e-02 2.428441308439e-02 2.661186456680e-02 3.314258903265e-02 3.766662254930e-02 4.357268288732e-02 4.764451831579e-02 4.789445176721e-02 4.638908803463e-02 4.538716003299e-02 4.589764028788e-02 6.236682087183e-02 7.783289253712e-02 7.471126317978e-02 6.491740047932e-02 6.865081191063e-02 7.785455882549e-02 8.317243307829e-02 7.530507445335e-02 6.967853754759e-02 6.608539074659e-02 6.579364091158e-02
7.127510383725e-03 1.129185874015e-02 1.412927079946e-02 1.542644202709e-02 1.597009599209e-02 1.621437259018e-02 1.610458083451e-02 1.578341051936e-02 1.597142592072e-02 1.734087988734e-02 1.858050934970e-02 1.974684931338e-02 2.081980369985e-02 2.171988785267e-02 2.242043614388e-02 2.287907712162e-02 2.294205501676e-02 2.520500123501e-02 2.570511586964e-02 2.382425591350e-02 2.184244059026e-02 2.354964800179e-02 2.401001937687e-02 2.389206737280e-02 2.912479080260e-02 3.286786377430e-02 3.970476984978e-02 4.619286954403e-02 4.776908829808e-02 4.624579846859e-02 4.440989345312e-02 4.421589896083e-02 4.973487555981e-02 6.034458801150e-02 5.934682115912e-02 5.497574806213e-02 5.923866480589e-02 6.582814455032e-02 6.803889572620e-02 5.913244560361e-02 5.453655496240e-02 5.058466643095e-02 4.969026893377e-02
6.607002113014e-03 1.048388611525e-02 1.317198108882e-02 1.446427311748e-02 1.493365503848e-02 1.496692746878e-02 1.473576389253e-02 1.453906856477e-02 1.503509469330e-02 1.560751441866e-02 1.688160002232e-02 1.808957383037e-02 1.920938678086e-02 2.015354111791e-02 2.083928883076e-02 2.218822762370e-02 2.421074174345e-02 2.723751775920e-02 2.855879627168e-02 2.776209078729e-02 2.539051696658e-02 2.256245352328e-02 2.305434085429e-02 2.333244308829e-02 2.591169811785e-02 2.890955843031e-02 2.976784855127e-02 3.590878844261e-02 4.066880419850e-02 4.214809089899e-02 4.168563708663e-02 4.258776083589e-02 4.384786635637e-02 4.521372541785e-02 4.400904104114e-02 4.263405129313e-02 4.583228006959e-02 5.270338058472e-02 5.636982992291e-02 4.662215709686e-02 4.120474308729e-02 3.677618503571e-02 4.097652807832e-02
6.227415520698e-03 9.911263361573e-03 1.250282116234e-02 1.372688449919e-02 1.404743455350e-02 1.393609400839e-02 1.370216812938e-02 1.372525840998e-02 1.388353295624e-02 1.442364323884e-02 1.466564089060e-02 1.583658531308e-02 1.691433787346e-02 1.783884502947e-02 1.902291923761e-02 2.099990844727e-02 2.455818094313e-02 2.801413275301e-02 3.034614212811e-02 3.103652037680e-02 3.016784973443e-02 2.834426984191e-02 2.614469081163e-02 2.411681786180e-02 2.343230694532e-02 2.587646245956e-02 2.635209448636e-02 2.546803280711e-02 3.121553175151e-02 3.583258390427e-02 3.887722268701e-02 4.110181331635e-02 4.241812974215e-02 4.101568832994e-02 3.695202991366e-02 3.606383129954e-02 4.040260985494e-02 4.988354071975e-02 5.812248960137e-02 5.254523083568e-02 3.886203095317e-02 3.457023948431e-02 3.927266225219e-02
6.083170417696e-03 9.666117839515e-03 1.214740797877e-02 1.322351023555e-02 1.338565163314e-02 1.319722551852e-02 1.321703754365e-02 1.338266767561e-02 1.325740199536e-02 1.341884210706e-02 1.342930458486e-02 1.483800169080e-02 1.631755568087e-02 1.784962229431e-02 1.920051313937e-02 2.140184119344e-02 2.489833533764e-02 2.842686511576e-02 3.159205242991e-02 3.354654088616e-02 3.386743739247e-02 3.300537914038e-02 3.154592216015e-02 3.005452267826e-02 2.917504496872e-02 2.862117812037e-02 2.758336253464e-02 2.614325657487e-02 3.086777031422e-02 3.463582322001e-02 3.744119778275e-02 3.997336700559e-02 4.127909988165e-02 3.852599859238e-02 3.682897612453e-02 3.684714064002e-02 4.068252071738e-02 4.811312258244e-02 5.586875602603e-02 5.098718404770e-02 3.955104202032e-02 3.436889126897e-02 3.907025605440e-02
6.175037473440e-03 9.759092703462e-03 1.215166039765e-02 1.308779884130e-02 1.313419919461e-02 1.287129614502e-02 1.300427690148e-02 1.291260588914e-02 1.295170839876e-02 1.301893685013e-02 1.389961224049e-02 1.529309339821e-02 1.665500551462e-02 1.794829219580e-02 1.898846775293e-02 2.196082472801e-02 2.590615861118e-02 2.962490543723e-02 3.321190923452e-02 3.581336140633e-02 3.665705397725e-02 3.609917312860e-02 3.473971039057e-02 3.304876387119e-02 3.165888041258e-02 3.029854036868e-02 2.804150246084e-02 2.630812488496e-02 3.020476549864e-02 3.348000347614e-02 3.627830371261e-02 3.895339369774e-02 3.981476649642e-02 3.657831251621e-02 3.730328753591e-02 3.888145461679e-02 4.157153889537e-02 4.657192900777e-02 5.040052905679e-02 4.454542323947e-02 3.718311339617e-02 3.185764700174e-02 3.619654849172e-02
6.324360147119e-03 9.963119402528e-03 1.231226976961e-02 1.316573563963e-02 1.314528752118e-02 1.282827649266e-02 1.336400862783e-02 1.373693160713e-02 1.394813507795e-02 1.397962961346e-02 1.385776139796e-02 1.469652913511e-02 1.642403379083e-02 1.836429722607e-02 1.897612027824e-02 2.145835012197e-02 2.642813511193e-02 3.070351853967e-02 3.409211337566e-02 3.623616322875e-02 3.672065213323e-02 3.573580831289e-02 3.388002142310e-02 3.169647604227e-02 2.964819222689e-02 2.759790420532e-02 2.471699938178e-02 2.625277824700e-02 2.959493547678e-02 3.253796696663e-02 3.520514443517e-02 3.741738572717e-02 3.741281479597e-02 3.469420224428e-02 3.746856749058e-02 4.616091400385e-02 4.355053976178e-02 4.672896116972e-02 4.488129913807e-02 3.834564611316e-02 3.358562290668e-02 2.896438725293e-02 3.278873488307e-02
6.229108199477e-03 9.781165048480e-03 1.201630290598e-02 1.280299760401e-02 1.277829613537e-02 1.286702323705e-02 1.321050524712e-02 1.337595097721e-02 1.341694593430e-02 1.333572715521e-02 1.357428915799e-02 1.524692866951e-02 1.774460263550e-02 1.986519247293e-02 2.048494480550e-02 2.001676522195e-02 2.521291561425e-02 2.957094460726e-02 3.203042969108e-02 3.291483968496e-02 3.247766941786e-02 3.072739392519e-02 2.837854996324e-02 2.633242122829e-02 2.467215433717e-02 2.300934866071e-02 2.328234910965e-02 2.601149864495e-02 2.895785868168e-02 3.159542009234e-02 3.388786315918e-02 3.515495732427e-02 3.417523577809e-02 3.324936330318e-02 3.880481421947e-02 4.185850545764e-02 4.261580482125e-02 4.691509902477e-02 4.536651074886e-02 3.714414313436e-02 3.211283683777e-02 2.953565120697e-02 3.177058696747e-02
5.704562179744e-03 8.899633772671e-03 1.086798962206e-02 1.155138015747e-02 1.253326144069e-02 1.305709313601e-02 1.280933618546e-02 1.210940722376e-02 1.164028514177e-02 1.263255532831e-02 1.381289213896e-02 1.597989536822e-02 1.889115199447e-02 2.108884975314e-02 2.169046550989e-02 2.130402252078e-02 2.305466122925e-02 2.675725147128e-02 2.814326435328e-02 2.785399369895e-02 2.649290859699e-02 2.404973097146e-02 2.318806201220e-02 2.749857492745e-02 2.794076129794e-02 2.684325911105e-02 2.634737081826e-02 2.648664824665e-02 2.812020666897e-02 3.040843829513e-02 3.200229257345e-02 3.205457702279e-02 3.011896088719e-02 3.068770095706e-02 3.538477048278e-02 4.956447333097e-02 4.325990751386e-02 6.057867407799e-02 5.382631346583e-02 4.545039683580e-02 3.856424987316e-02 3.179406747222e-02 3.568965569139e-02
6.006416864693e-03 8.849648758769e-03 1.085344515741e-02 1.258266065270e-02 1.384151633829e-02 1.412604469806e-02 1.370612718165e-02 1.293223258108e-02 1.203561015427e-02 1.273321360350e-02 1.413227710873e-02 1.675325445831e-02 1.996905915439e-02 2.220403403044e-02 2.279524318874e-02 2.241410873830e-02 2.115043625236e-02 2.435591071844e-02 2.529387921095e-02 2.650122158229e-02 3.587694838643e-02 3.283764794469e-02 2.516900934279e-02 2.867070958018e-02 2.788678556681e-02 2.574580349028e-02 2.449897490442e-02 2.477737516165e-02 2.712533250451e-02 2.888575196266e-02 2.949698269367e-02 2.835487015545e-02 2.580637298524e-02 2.754877507687e-02 3.047995828092e-02 4.393178969622e-02 5.569029971957e-02 8.772653341293e-02 8.121940493584e-02 5.372758582234e-02 4.125140607357e-02 3.761566430330e-02 4.579763486981e-02
