100/SI/f136.grd
DSAA
101	101
32.816463539100	34.260883539100
35.556306596100	36.727886596100
5.743125220761e-04	1.006336212158e+02
[rows 76 to 94 of 101, columns 0 to 42 of 101]
6.278473883867e-03 9.079808369279e-03 1.199641358107e-02 1.419020351022e-02 1.523458212614e-02 1.532115507871e-02 1.479648519307e-02 1.397060044110e-02 1.303355488926e-02 1.366643793881e-02 1.547155994922e-02 1.856140047312e-02 2.198345214128e-02 2.417142130435e-02 2.459785342216e-02 2.385772392154e-02 2.170815691352e-02 2.309099026024e-02 2.378508262336e-02 2.523300237954e-02 3.471578285098e-02 3.389380872250e-02 2.263556979597e-02 2.460541389883e-02 2.284101210535e-02 2.094502374530e-02 2.171992883086e-02 2.414012514055e-02 2.699879370630e-02 2.856282889843e-02 2.752587012947e-02 2.594218589365e-02 2.523656748235e-02 2.505175396800e-02 2.761598303914e-02 3.271131590009e-02 6.192551925778e-02 7.510589063168e-02 7.075720280409e-02 5.081241950393e-02 5.096205323935e-02 8.390347659588e-02 1.471184939146e-01
6.337698083371e-03 1.023924257606e-02 1.357995718718e-02 1.565160043538e-02 1.647074706852e-02 1.638054102659e-02 1.572948880494e-02 1.477192714810e-02 1.486362703145e-02 1.652276515961e-02 1.903302408755e-02 2.251609787345e-02 2.573546953499e-02 2.729898132384e-02 2.686742693186e-02 2.491074800491e-02 2.121529541910e-02 2.179520018399e-02 2.190202474594e-02 1.951676420867e-02 1.981116086245e-02 2.070991322398e-02 1.864643953741e-02 2.218976058066e-02 2.352311462164e-02 2.160559780896e-02 2.339664474130e-02 2.820088155568e-02 3.132577985525e-02 3.171106800437e-02 2.960297092795e-02 2.718438953161e-02 2.707788161933e-02 2.575955539942e-02 3.129409998655e-02 3.390524536371e-02 5.547613650560e-02 6.212824210525e-02 6.985447555780e-02 7.913544774055e-02 1.650652885437e-01 2.173925489187e-01 2.075037956238e-01
6.736714858562e-03 1.073900982738e-02 1.397917605937e-02 1.580940186977e-02 1.638831384480e-02 1.611100323498e-02 1.529098581523e-02 1.612823642790e-02 1.819312758744e-02 2.037487737834e-02 2.319112792611e-02 2.616106905043e-02 2.808456681669e-02 2.803624607623e-02 2.603004686534e-02 2.260671183467e-02 1.796802319586e-02 1.883702911437e-02 1.825795322657e-02 1.602587848902e-02 1.487635914236e-02 1.667767018080e-02 1.994099281728e-02 2.658901363611e-02 2.801892906427e-02 2.547761611640e-02 3.129453957081e-02 3.397599607706e-02 3.477345407009e-02 3.402635455132e-02 3.183026239276e-02 2.951911650598e-02 2.812489867210e-02 3.144136443734e-02 4.056694358587e-02 5.267890915275e-02 6.931706517935e-02 8.560205250978e-02 7.508017122746e-02 1.922716051340e-01 2.238906025887e-01 2.126130461693e-01 2.104687392712e-01
6.078476086259e-03 9.602170437574e-03 1.237325090915e-02 1.385608967394e-02 1.422833930701e-02 1.383281406015e-02 1.530164573342e-02 1.742665469646e-02 1.913541927934e-02 2.083668857813e-02 2.262474410236e-02 2.395702525973e-02 2.411949634552e-02 2.271681278944e-02 2.007172629237e-02 1.679726503789e-02 1.560938730836e-02 1.504434179515e-02 1.405014004558e-02 1.339820493013e-02 1.374111045152e-02 1.527560688555e-02 2.392633631825e-02 3.256711736321e-02 3.525079041719e-02 3.684864193201e-02 3.842846304178e-02 3.875209763646e-02 3.652628511190e-02 3.436084836721e-02 3.252369910479e-02 3.088363260031e-02 3.579451143742e-02 3.967674076557e-02 5.062563717365e-02 5.834877490997e-02 5.688833072782e-02 9.242599457502e-02 1.113961488008e-01 1.717092692852e-01 1.950810700655e-01 1.927071064711e-01 1.953176707029e-01
4.999381024390e-03 7.995887659490e-03 9.735036641359e-03 1.070928107947e-02 1.099106390029e-02 1.230830699205e-02 1.414168812335e-02 1.527727767825e-02 1.581207476556e-02 1.629392616451e-02 1.685212738812e-02 1.718858629465e-02 1.686734147370e-02 1.562053523958e-02 1.600502803922e-02 1.636792160571e-02 1.617738045752e-02 1.533157750964e-02 1.401533745229e-02 1.316177472472e-02 1.288278587162e-02 1.574666239321e-02 2.693097852170e-02 3.704833239317e-02 4.204238951206e-02 4.433546215296e-02 4.472874477506e-02 4.629614204168e-02 4.511987790465e-02 3.892917931080e-02 3.358749672771e-02 3.216919302940e-02 3.912300616503e-02 4.133327305317e-02 4.253350943327e-02 4.757115989923e-02 6.320681422949e-02 8.898419141769e-02 1.178335845470e-01 1.232227161527e-01 1.926668733358e-01 2.374525666237e-01 1.871722787619e-01
6.795549299568e-03 1.001538336277e-02 1.215853728354e-02 1.337457820773e-02 1.392305921763e-02 1.417107414454e-02 1.425456907600e-02 1.416382659227e-02 1.389534585178e-02 1.352228596807e-02 1.381248794496e-02 1.500488352031e-02 1.603933796287e-02 1.693108677864e-02 1.755456253886e-02 1.770110987127e-02 1.718951761723e-02 1.596802100539e-02 1.480601262301e-02 1.443767081946e-02 1.382353901863e-02 1.702017150819e-02 2.773271128535e-02 3.821748867631e-02 9.476964920759e-02 2.785791456699e-01 2.960956096649e-01 1.337135434151e-01 7.816037535667e-02 6.176173314452e-02 4.402264952660e-02 3.401550278068e-02 4.009046778083e-02 5.267522856593e-02 4.176334664226e-02 5.152497813106e-02 5.716240406036e-02 9.170560538769e-02 1.602741628885e-01 1.617237925529e-01 1.792227327824e-01 2.409487068653e-01 3.344280421734e-01
9.594684466720e-03 1.388834137470e-02 1.689336262643e-02 1.833369024098e-02 1.872972771525e-02 1.861945167184e-02 1.824321225286e-02 1.767192780972e-02 1.694561913610e-02 1.612540334463e-02 1.877878978848e-02 2.157123014331e-02 2.399317920208e-02 2.565074339509e-02 2.620845474303e-02 2.550819888711e-02 2.355864457786e-02 2.050399594009e-02 1.952858641744e-02 1.853502914310e-02 1.730768382549e-02 2.030697278678e-02 2.771087177098e-02 6.239263340831e-02 2.615542709827e-01 7.488474845886e-01 8.176461458206e-01 4.118961095810e-01 1.792086809874e-01 8.825605362654e-02 5.718352273107e-02 4.435542225838e-02 3.865814581513e-02 5.602943152189e-02 5.953895673156e-02 6.182701140642e-02 5.547146871686e-02 8.443819731474e-02 1.883964836597e-01 2.835253179073e-01 1.882135570049e-01 1.882186233997e-01 4.215024411678e-01
1.202810369432e-02 1.716766506433e-02 2.052977494895e-02 2.182203903794e-02 2.175364084542e-02 2.103081345558e-02 2.000193856657e-02 1.944912783802e-02 2.239023149014e-02 2.731663547456e-02 3.239947184920e-02 3.719773516059e-02 4.128043726087e-02 4.450032860041e-02 4.672284796834e-02 4.753187298775e-02 4.632074385881e-02 4.238927364349e-02 3.505145385861e-02 2.665448747575e-02 2.457054890692e-02 2.519298531115e-02 5.487557873130e-02 9.927374124527e-02 3.005441725254e-01 2.410846471786e+00 4.631249904633e+00 1.019132733345e+00 4.543652236462e-01 1.592627465725e-01 6.977268308401e-02 5.475570634007e-02 5.125825107098e-02 7.120457291603e-02 8.561203628778e-02 8.362867683172e-02 6.928664445877e-02 1.035825088620e-01 1.584308594465e-01 3.465342223644e-01 3.493922948837e-01 1.819990426302e-01 4.342734217644e-01
1.277260109782e-02 1.785965263844e-02 2.086116373539e-02 2.156828902662e-02 2.082507498562e-02 2.160692028701e-02 2.388970740139e-02 2.539807744324e-02 2.994029968977e-02 3.686714172363e-02 4.409246519208e-02 5.095183849335e-02 5.697323381901e-02 6.234633550048e-02 6.750069558620e-02 7.238808274269e-02 7.569213211536e-02 7.451266050339e-02 6.482754647732e-02 4.680761694908e-02 3.575328364968e-02 5.124869197607e-02 9.039511531591e-02 1.283419728279e-01 5.737378001213e-01 1.366560697556e+00 1.837823152542e+00 5.576684474945e-01 2.307049483061e-01 1.300762146711e-01 1.062950715423e-01 1.266862004995e-01 1.630095839500e-01 1.508352160454e-01 1.073879823089e-01 1.075326874852e-01 9.036408364773e-02 1.056806147099e-01 1.153835877776e-01 2.270069569349e-01 3.020937144756e-01 2.052126377821e-01 7.381864190102e-01
1.725069992244e-02 2.732133120298e-02 3.445306792855e-02 3.851691260934e-02 4.079421609640e-02 4.169512167573e-02 4.131872951984e-02 3.983608633280e-02 3.753857314587e-02 3.825989738107e-02 4.620496183634e-02 5.421920120716e-02 6.183839216828e-02 6.915149092674e-02 7.693603634834e-02 8.609794825315e-02 9.506490081549e-02 9.860196709633e-02 8.932426571846e-02 9.838557243347e-02 8.012586086988e-02 8.671808242798e-02 1.133591607213e-01 1.567460745573e-01 2.927887439728e-01 1.052979826927e-01 8.416382223368e-02 8.407068252563e-02 1.080090776086e-01 9.904254227877e-02 1.113058924675e-01 8.287183046341e-01 5.590375661850e-01 4.009544849396e-01 2.407127320766e-01 3.559307157993e-01 3.271004557610e-01 1.538406908512e-01 1.225369870663e-01 1.397757828236e-01 2.083404362202e-01 5.618218779564e-01 8.527615070343e-01
3.162315860391e-02 4.915503412485e-02 6.022465974092e-02 6.473060697317e-02 6.548573821783e-02 6.389427930117e-02 6.066780537367e-02 5.642212182283e-02 5.263683199883e-02 5.484424158931e-02 5.651343613863e-02 5.725624412298e-02 5.962382629514e-02 6.775932013988e-02 7.542097568512e-02 8.400677144527e-02 9.258008748293e-02 1.365958452225e-01 1.765118092299e-01 1.779293119907e-01 1.820518970490e-01 1.810827404261e-01 1.338176131248e-01 1.596252024174e-01 7.815369963646e-02 5.926137045026e-02 5.492289736867e-02 4.765483736992e-02 5.359686166048e-02 7.487864047289e-02 1.790134012699e-01 9.826316833496e-01 7.173963785172e-01 4.413535594940e-01 3.899233043194e-01 8.254292011261e-01 7.875458598137e-01 3.572440147400e-01 2.699435055256e-01 2.457425743341e-01 3.135558366776e-01 5.301350951195e-01 9.601565003395e-01
4.504358395934e-02 6.851963698864e-02 8.061350136995e-02 8.348078280687e-02 1.025637686253e-01 1.107074990869e-01 1.093178167939e-01 1.023257225752e-01 9.261671453714e-02 8.299358934164e-02 8.422183245420e-02 8.275119215250e-02 8.530543744564e-02 9.847654402256e-02 1.206875443459e-01 1.462890058756e-01 1.691816896200e-01 1.707312911749e-01 1.351848840714e-01 1.544657051563e-01 1.624019742012e-01 1.346197277308e-01 1.084866598248e-01 6.163122877479e-02 5.415460839868e-02 4.247930645943e-02 3.525432199240e-02 2.833884023130e-02 2.623524516821e-02 4.597286880016e-02 7.326354086399e-02 4.045901894569e-01 5.097455382347e-01 7.680792808533e-01 8.180549144745e-01 1.097005844116e+00 7.561849951744e-01 3.518196940422e-01 5.588541030884e-01 5.992667675018e-01 4.018784761429e-01 5.154329538345e-01 1.647598028183e+00
5.272553116083e-02 7.941989600658e-02 9.182810783386e-02 1.034574583173e-01 1.258843094110e-01 1.349129527807e-01 1.324243843555e-01 1.231382116675e-01 1.103579476476e-01 9.651892632246e-02 8.336406201124e-02 9.179734438658e-02 1.062970384955e-01 1.221969947219e-01 1.329901218414e-01 1.367664337158e-01 1.286625266075e-01 1.062134727836e-01 8.433559536934e-02 7.330760359764e-02 6.286680698395e-02 4.445605352521e-02 3.874784708023e-02 3.708615526557e-02 3.304477408528e-02 2.697399072349e-02 2.082232944667e-02 1.998667232692e-02 2.548513002694e-02 3.790059685707e-02 5.443272367120e-02 2.208477556705e-01 2.337760627270e-01 4.516328275204e-01 5.258010625839e-01 1.235414862633e+00 1.074502110481e+00 5.813047885895e-01 5.357515215874e-01 2.201004028320e+00 5.183230876923e+00 1.337860465050e+00 8.208224177361e-01
3.929301723838e-02 5.862197652459e-02 6.695635616779e-02 6.850989162922e-02 8.206691592932e-02 8.705759048462e-02 8.493436872959e-02 7.866453379393e-02 7.023834437132e-02 6.125010177493e-02 5.608747154474e-02 6.064180284739e-02 6.324174255133e-02 6.386330723763e-02 6.258289515972e-02 6.245966628194e-02 5.617868900299e-02 4.474865645170e-02 5.211162567139e-02 4.911984130740e-02 3.913002833724e-02 2.888962067664e-02 2.707043103874e-02 2.415379323065e-02 2.021072059870e-02 1.590370573103e-02 1.835300959647e-02 2.550021931529e-02 3.193342313170e-02 6.417226046324e-02 8.143229782581e-02 1.227072626352e-01 2.123114615679e-01 1.591390818357e-01 1.375748664141e-01 1.663123667240e-01 1.034544348717e+00 6.162322759628e-01 4.580333232880e-01 2.947777986526e+00 6.502482891083e+00 7.101460695267e-01 2.557494938374e-01
1.857862994075e-02 2.743229828775e-02 3.268189728260e-02 3.711970523000e-02 3.883115947247e-02 4.016091674566e-02 4.057246446609e-02 3.848717734218e-02 3.664358705282e-02 3.616457432508e-02 3.553786501288e-02 3.271745145321e-02 3.402081131935e-02 3.507670387626e-02 3.487341105938e-02 3.304791077971e-02 4.313042014837e-02 5.512208864093e-02 5.197918787599e-02 3.891538828611e-02 2.483337000012e-02 1.824771985412e-02 1.656074263155e-02 1.435875240713e-02 1.202790811658e-02 1.868547126651e-02 2.875583991408e-02 3.836918622255e-02 5.183641612530e-02 8.401315659285e-02 1.168607771397e-01 1.575618088245e-01 1.799468398094e-01 1.896923631430e-01 9.406594932079e-02 1.097331047058e-01 2.108593881130e-01 5.260512828827e-01 8.676915764809e-01 9.259279966354e-01 4.826776087284e-01 1.828477978706e-01 1.705782711506e-01
1.246773265302e-02 1.818139851093e-02 2.300255559385e-02 2.597884461284e-02 2.716973796487e-02 2.708221040666e-02 2.636133693159e-02 2.510373666883e-02 2.362843975425e-02 2.207078412175e-02 2.047350071371e-02 1.887628249824e-02 1.733983121812e-02 1.729515939951e-02 1.706562191248e-02 2.348695136607e-02 4.005973413587e-02 4.744562879205e-02 4.065332561731e-02 2.804973721504e-02 1.709029078484e-02 1.101498119533e-02 1.119131781161e-02 1.226401887834e-02 1.668815314770e-02 2.835601568222e-02 4.272799566388e-02 5.913304537535e-02 8.367424458265e-02 1.153874546289e-01 1.725941598415e-01 1.780479252338e-01 1.599526554346e-01 8.776856213808e-02 6.684375554323e-02 9.110268205404e-02 1.106046959758e-01 3.986773490906e-01 1.024327278137e+00 5.988637208939e-01 3.539453744888e-01 1.559971272945e-01 1.480673253536e-01
8.843005634844e-03 1.278587710112e-02 1.597561873496e-02 1.795094087720e-02 1.883050426841e-02 1.893283054233e-02 1.851661875844e-02 1.775172352791e-02 1.675025001168e-02 1.556999143213e-02 1.426937803626e-02 1.289012562484e-02 1.374427881092e-02 1.381294988096e-02 1.274761278182e-02 1.391961239278e-02 2.495465241373e-02 3.109697252512e-02 2.910077199340e-02 2.280072122812e-02 1.612480729818e-02 1.084777526557e-02 1.197829004377e-02 1.377905439585e-02 2.356887422502e-02 5.166200175881e-02 1.095678508282e-01 1.010251864791e-01 8.387202024460e-02 1.554703414440e-01 2.115325331688e-01 1.813350915909e-01 1.286313086748e-01 6.040835380554e-02 6.573469936848e-02 9.024877846241e-02 1.202036514878e-01 4.669732451439e-01 7.987918257713e-01 3.541421592236e-01 2.047345191240e-01 1.244886964560e-01 1.118263751268e-01
5.993176717311e-03 8.582486771047e-03 1.063447259367e-02 1.188324950635e-02 1.242833491415e-02 1.247841399163e-02 1.218143571168e-02 1.163200568408e-02 1.088664587587e-02 9.990476071835e-03 9.845549240708e-03 1.104851346463e-02 1.151718199253e-02 1.100949198008e-02 1.034429389983e-02 1.183592621237e-02 1.314858347178e-02 1.588500849903e-02 1.819548383355e-02 1.758944801986e-02 1.499123405665e-02 1.185534894466e-02 1.278736721724e-02 1.760670356452e-02 3.067338280380e-02 8.956035226583e-02 1.275467276573e-01 7.718390226364e-02 8.533504605293e-02 1.642865240574e-01 2.222883701324e-01 1.760600805283e-01 1.211126819253e-01 8.318976312876e-02 9.315912425518e-02 9.019965678453e-02 1.995020061731e-01 8.110268712044e-01 6.084166765213e-01 1.464179307222e-01 2.938018143177e-01 1.270540058613e-01 8.648608624935e-02
3.607985563576e-03 5.116826388985e-03 6.292505655438e-03 6.985927000642e-03 7.261433172971e-03 7.242628838867e-03 7.014384027570e-03 6.631060037762e-03 6.219407543540e-03 7.571524009109e-03 8.842693641782e-03 9.672200307250e-03 9.735837578773e-03 1.055456977338e-02 1.221069321036e-02 1.388811692595e-02 1.535428501666e-02 1.631133630872e-02 1.646914705634e-02 1.571773923934e-02 1.434157136828e-02 1.334823016077e-02 1.484530512244e-02 2.194079756737e-02 3.700158372521e-02 1.002072468400e-01 1.053325012326e-01 8.500292152166e-02 7.729502022266e-02 1.468833535910e-01 2.057882100344e-01 1.604485064745e-01 1.547567993402e-01 1.045164018869e-01 1.121980622411e-01 8.228439837694e-02 1.937832385302e-01 4.891960024834e-01 2.609188854694e-01 1.724190413952e-01 3.899278640747e-01 1.252322047949e-01 6.616756320000e-02
