100/SI/f137.grd
DSAA
101	101
32.816463539100	34.260883539100
35.556306596100	36.727886596100
9.649519342929e-04	1.692950744629e+02
[rows 0 to 18 of 101, columns 0 to 42 of 101]
1.483766138554e-01 2.649941444397e-01 2.346246391535e-01 1.403972357512e-01 1.208579391241e-01 1.587718129158e-01 3.152065277100e-01 4.380209445953e-01 3.906228840351e-01 2.324728816748e-01 1.449580192566e-01 1.665463894606e-01 1.767666488886e-01 1.706323772669e-01 1.463010907173e-01 2.215912789106e-01 3.327489197254e-01 3.855471611023e-01 2.756335437298e-01 1.783022284508e-01 2.050486803055e-01 2.211319357157e-01 1.600068509579e-01 1.434166878462e-01 1.538821160793e-01 2.102687060833e-01 3.118048608303e-01 3.563659489155e-01 4.701992571354e-01 3.752860724926e-01 2.795235514641e-01 2.627997696400e-01 2.282316833735e-01 1.812283545732e-01 1.465291678905e-01 1.421195566654e-01 1.309069097042e-01 1.772566437721e-01 2.481716126204e-01 2.841689884663e-01 2.378632724285e-01 2.044332027435e-01 1.946706175804e-01
2.747554779053e-01 5.182197093964e-01 5.079161524773e-01 3.545443415642e-01 2.536474168301e-01 3.069851398468e-01 6.067119836807e-01 8.363476991653e-01 7.376788258553e-01 4.283883571625e-01 2.490729838610e-01 2.847432196140e-01 3.006449937820e-01 2.861738204956e-01 2.466540187597e-01 3.302406668663e-01 5.248486995697e-01 6.868928670883e-01 6.212106943130e-01 3.714427947998e-01 3.741137087345e-01 5.772588253021e-01 3.043917417526e-01 2.749998271465e-01 3.174915909767e-01 4.110420346260e-01 5.228744745255e-01 5.975453853607e-01 8.941053152084e-01 6.971701383591e-01 4.546955525875e-01 4.122351706028e-01 4.039601385593e-01 3.092782497406e-01 3.328776061535e-01 3.482939898968e-01 3.506033718586e-01 3.937440812588e-01 4.943557381630e-01 4.969750046730e-01 3.676069080830e-01 3.689664304256e-01 4.028493165970e-01
2.692500948906e-01 5.521801710129e-01 6.186056733131e-01 5.294060707092e-01 3.402178287506e-01 3.546257019043e-01 7.025230526924e-01 9.513469934464e-01 8.125058412552e-01 4.437901973724e-01 3.149071335793e-01 3.549143075943e-01 3.666149377823e-01 3.391815423965e-01 2.793067693710e-01 2.654003202915e-01 3.461132049561e-01 5.160265564919e-01 5.896098613739e-01 4.798812866211e-01 5.962940454483e-01 8.927893638611e-01 3.921642303467e-01 3.411169648170e-01 4.227859079838e-01 5.116556286812e-01 5.311265587807e-01 5.432837009430e-01 1.042797446251e+00 7.823947668076e-01 4.413932561874e-01 3.786423802376e-01 5.522137284279e-01 2.945415973663e-01 3.129900097847e-01 3.595519661903e-01 4.524362683296e-01 5.723358988762e-01 5.978572964668e-01 4.951246678829e-01 5.038381814957e-01 3.427465260029e-01 4.520322680473e-01
2.413993477821e-01 5.301823019981e-01 6.271243095398e-01 6.404140591621e-01 5.144465565681e-01 3.633961081505e-01 7.348219752312e-01 9.740867018700e-01 7.858626842499e-01 3.816019594669e-01 3.489741683006e-01 3.851018846035e-01 3.833903670311e-01 3.411225676537e-01 2.713089287281e-01 2.713148891926e-01 2.585747539997e-01 3.009030520916e-01 3.908045291901e-01 4.524000883102e-01 1.000304818153e+00 1.136631965637e+00 4.410689175129e-01 3.752019107342e-01 4.671207368374e-01 5.354775786400e-01 5.123631954193e-01 5.027554035187e-01 1.045499801636e+00 7.614199519157e-01 3.880704641342e-01 3.178522288799e-01 6.362345218658e-01 3.390185236931e-01 3.529406189919e-01 4.983424842358e-01 6.157826185226e-01 6.411803364754e-01 5.425584316254e-01 6.283861398697e-01 6.086995601654e-01 3.758755326271e-01 4.149647355080e-01
2.363312244415e-01 5.077837705612e-01 6.001259088516e-01 6.594539880753e-01 6.304821372032e-01 4.454348087311e-01 7.505654096603e-01 9.741576313972e-01 7.376543879509e-01 3.221865296364e-01 3.747548460960e-01 3.987880349159e-01 3.902886211872e-01 3.887146115303e-01 3.571569323540e-01 3.019616603851e-01 2.859772741795e-01 2.839291393757e-01 4.110047817230e-01 8.300983905792e-01 1.390441060066e+00 1.249386906624e+00 4.740618169308e-01 5.285605192184e-01 4.681290686131e-01 5.239442586899e-01 4.701441526413e-01 5.008136034012e-01 9.905058741570e-01 7.178362607956e-01 4.585902392864e-01 3.611556887627e-01 6.780614256859e-01 3.958055377007e-01 5.544444322586e-01 6.628823280334e-01 6.697118878365e-01 5.652590990067e-01 3.893333673477e-01 6.458280682564e-01 7.476709485054e-01 5.026203393936e-01 3.294482827187e-01
2.185811102390e-01 4.439474940300e-01 5.358482599258e-01 5.821564793587e-01 6.449621319771e-01 5.365045070648e-01 7.508916258812e-01 9.441449642181e-01 6.659324765205e-01 3.558199703693e-01 3.984387516975e-01 4.412675797939e-01 4.704966545105e-01 4.557254612446e-01 4.104563593864e-01 3.346572220325e-01 2.706888616085e-01 2.986624538898e-01 6.534708738327e-01 1.182703137398e+00 1.618146538734e+00 1.235000848770e+00 5.288063287735e-01 8.052077889442e-01 4.955067336559e-01 4.919840991497e-01 4.216393232346e-01 5.394836068153e-01 8.869322538376e-01 7.139424085617e-01 4.630479514599e-01 3.757757842541e-01 7.855816483498e-01 5.923284888268e-01 7.021048665047e-01 6.936597228050e-01 5.757161974907e-01 3.984036445618e-01 4.386372864246e-01 6.087071299553e-01 9.165103435516e-01 5.845324397087e-01 3.171620666981e-01
2.758412659168e-01 4.895650744438e-01 4.565049111843e-01 4.517154395580e-01 5.579577684402e-01 5.398082137108e-01 7.401058077812e-01 9.037321209908e-01 5.986509323120e-01 3.928083181381e-01 4.437148869038e-01 5.049878954887e-01 5.121190547943e-01 4.768411517143e-01 4.065942466259e-01 3.785614967346e-01 3.631201386452e-01 4.535653591156e-01 8.812215328217e-01 1.412968635559e+00 1.676648378372e+00 1.129084110260e+00 6.833716630936e-01 1.021292448044e+00 7.184315919876e-01 4.485207498074e-01 4.037755131721e-01 9.999838471413e-01 1.405168175697e+00 9.107010364532e-01 5.131303071976e-01 4.388737976551e-01 8.621696829796e-01 6.944854855537e-01 6.938660144806e-01 5.760735273361e-01 4.017703831196e-01 4.401081800461e-01 6.375784873962e-01 8.046485185623e-01 9.428754448891e-01 6.863626837730e-01 3.302347362041e-01
2.805406749249e-01 5.605430603027e-01 5.786464214325e-01 4.186258614063e-01 4.045610725880e-01 4.528506398201e-01 7.308195829391e-01 8.848817944527e-01 5.584942102432e-01 4.251312315464e-01 5.007300972939e-01 5.347763299942e-01 5.177301764488e-01 4.576151371002e-01 4.201103150845e-01 4.847203791142e-01 5.404055118561e-01 5.978170037270e-01 1.078833222389e+00 1.532693862915e+00 1.646567225456e+00 1.015836000443e+00 7.430723905563e-01 1.123754501343e+00 8.745433688164e-01 5.577067732811e-01 4.007242918015e-01 1.519293069839e+00 1.969255685806e+00 1.069400429726e+00 5.606090426445e-01 5.087809562683e-01 8.503268361092e-01 6.380754113197e-01 6.115084290504e-01 4.346968233585e-01 4.218974709511e-01 6.282756328583e-01 8.297941088676e-01 9.164782762527e-01 8.310149312019e-01 8.647901415825e-01 3.758580982685e-01
2.433067113161e-01 5.312220454216e-01 6.596275568008e-01 5.997532606125e-01 3.983853459358e-01 3.950815200806e-01 7.238008379936e-01 8.783627152443e-01 5.383773446083e-01 4.767463505268e-01 5.307602286339e-01 5.364852547646e-01 4.919351935387e-01 4.205424189568e-01 4.440081715584e-01 5.160349607468e-01 6.992131471634e-01 7.156863808632e-01 1.188975572586e+00 1.509385704994e+00 1.495517015457e+00 8.830433487892e-01 7.601405978203e-01 1.075401782990e+00 9.440810084343e-01 6.447427868843e-01 5.063415765762e-01 1.959214210510e+00 2.297729730606e+00 1.179791212082e+00 6.190252304077e-01 4.855383038521e-01 8.620995879173e-01 5.693839192390e-01 6.710943579674e-01 6.503119468689e-01 6.305742859840e-01 8.455377817154e-01 9.726561307907e-01 9.197692871094e-01 6.761905550957e-01 1.074363112450e+00 4.404244422913e-01
2.488287240267e-01 4.423983693123e-01 6.233316063881e-01 7.048908472061e-01 6.008160710335e-01 4.002800285816e-01 7.262857556343e-01 8.778724670410e-01 5.267385840416e-01 5.042220354080e-01 5.321921706200e-01 5.103354454041e-01 5.534257292747e-01 6.030419468880e-01 6.310530304909e-01 6.402656435966e-01 7.597807049751e-01 8.263664245605e-01 1.222707986832e+00 1.400477647781e+00 1.296936869621e+00 7.542341947556e-01 6.884754300117e-01 9.407638907433e-01 9.124054312706e-01 6.631684303284e-01 5.482849478722e-01 2.223177909851e+00 2.441264867783e+00 1.224030971527e+00 5.426308512688e-01 4.228464663029e-01 9.344054460526e-01 5.650210380554e-01 6.869442462921e-01 6.789607405663e-01 8.774635791779e-01 1.010626196861e+00 9.892457723618e-01 7.928682565689e-01 5.770111083984e-01 1.168706774712e+00 5.875359773636e-01
2.508157193661e-01 5.019474625587e-01 5.183219313622e-01 6.759154200554e-01 7.386187314987e-01 5.937156081200e-01 7.204422950745e-01 8.647186756134e-01 5.101335644722e-01 5.093073248863e-01 5.562778115273e-01 6.513467431068e-01 7.225971221924e-01 7.624433636665e-01 7.812100052834e-01 7.885888814926e-01 7.808247804642e-01 1.013042807579e+00 1.419299721718e+00 1.503058552742e+00 1.262844324112e+00 9.329060316086e-01 6.541952490807e-01 8.029922842979e-01 8.234279751778e-01 5.912496447563e-01 6.367797255516e-01 2.345911979675e+00 2.498146057129e+00 1.200500488281e+00 5.163263082504e-01 4.614227116108e-01 9.148207306862e-01 5.836746096611e-01 7.751412987709e-01 9.403716921806e-01 1.049238443375e+00 1.029767274857e+00 8.547948598862e-01 6.563484072685e-01 6.541180014610e-01 1.124769568443e+00 7.645184397697e-01
2.128975838423e-01 4.480238556862e-01 5.358901023865e-01 5.637274384499e-01 7.309221029282e-01 7.695870399475e-01 6.991814374924e-01 8.340558409691e-01 4.954794049263e-01 5.998163819313e-01 6.980855464935e-01 7.783633470535e-01 8.336067795753e-01 8.654857873917e-01 8.766962289810e-01 8.756385445595e-01 8.671217560768e-01 1.350172042847e+00 1.843498229980e+00 1.913137793541e+00 1.646966099739e+00 1.289597749710e+00 9.428355097771e-01 6.816645264626e-01 9.258313775063e-01 8.874752521515e-01 7.785916924477e-01 2.252368927002e+00 2.212878942490e+00 1.093973398209e+00 6.471421122551e-01 7.649171352386e-01 8.453527688980e-01 9.323723912239e-01 1.057750344276e+00 1.105637073517e+00 1.060877561569e+00 9.024219512939e-01 8.746864795685e-01 1.015824794769e+00 7.621514201164e-01 9.635885953903e-01 9.229100942612e-01
1.755317598581e-01 3.373871743679e-01 4.470672309399e-01 5.285257697105e-01 6.196605563164e-01 7.839368581772e-01 7.871770262718e-01 7.896804809570e-01 6.153235435486e-01 7.153810858727e-01 7.872329354286e-01 8.332303762436e-01 8.609504699707e-01 8.765293955803e-01 8.781945705414e-01 8.743398785591e-01 8.750795125961e-01 1.488716125488e+00 2.008665323257e+00 2.047774076462e+00 1.768014788628e+00 1.438110709190e+00 1.123273491859e+00 8.214771151543e-01 1.247421860695e+00 1.205980896950e+00 1.016721606255e+00 1.964055657387e+00 1.740871787071e+00 9.318920373917e-01 1.131511211395e+00 1.275522947311e+00 1.269534945488e+00 1.226400494576e+00 1.205065846443e+00 1.154538989067e+00 1.118192434311e+00 1.059754014015e+00 9.683873057365e-01 1.372485756874e+00 8.565443158150e-01 7.350049614906e-01 1.189786195755e+00
2.206758707762e-01 4.309256076813e-01 4.240260720253e-01 4.075604677200e-01 4.989209771156e-01 6.743714213371e-01 8.396813273430e-01 8.006701469421e-01 6.850958466530e-01 7.614168524742e-01 7.998518943787e-01 8.124102354050e-01 8.068264126778e-01 7.889305949211e-01 7.689564228058e-01 7.656921744347e-01 7.857585549355e-01 1.369055390358e+00 1.810337066650e+00 1.868823766708e+00 1.675531268120e+00 1.419039964676e+00 1.170618295670e+00 9.249634742737e-01 1.235123991966e+00 1.275683283806e+00 1.126329064369e+00 1.610602617264e+00 1.274424791336e+00 9.865161180496e-01 1.329620718956e+00 1.502994894981e+00 1.433690190315e+00 1.303869009018e+00 1.161775112152e+00 1.091393470764e+00 1.029439330101e+00 9.579588174820e-01 8.746314048767e-01 1.450061440468e+00 1.331647872925e+00 7.590441703796e-01 1.352431178093e+00
2.843053638935e-01 5.683605670929e-01 5.709286928177e-01 5.601052045822e-01 5.410093069077e-01 5.253257155418e-01 7.380518317223e-01 8.982669115067e-01 7.940042018890e-01 7.454963922501e-01 7.554045915604e-01 7.392807602882e-01 7.066067457199e-01 6.630986928940e-01 6.253502964973e-01 6.174697279930e-01 6.414527893066e-01 1.083559155464e+00 1.393837451935e+00 1.468107700348e+00 1.372211694717e+00 1.231521248817e+00 1.086727619171e+00 9.314452409744e-01 9.707613587379e-01 1.057938575745e+00 1.033108711243e+00 1.620936632156e+00 9.372304677963e-01 1.009671330452e+00 1.307795286179e+00 1.453046202660e+00 1.391143679619e+00 1.150784969330e+00 8.435976505280e-01 9.079240560532e-01 7.552232146263e-01 7.990731000900e-01 7.779951095581e-01 1.197565197945e+00 1.774827122688e+00 7.704169154167e-01 1.361535549164e+00
2.881353795528e-01 5.852005481720e-01 6.058975458145e-01 6.351872086525e-01 6.569550037384e-01 6.622850894928e-01 6.662488579750e-01 8.091159462929e-01 9.399475455284e-01 7.540445327759e-01 6.793473958969e-01 6.445508003235e-01 5.996775031090e-01 5.694280266762e-01 6.125450134277e-01 6.341820955276e-01 6.733021140099e-01 9.166698455811e-01 9.784447550774e-01 1.047660470009e+00 1.025199770927e+00 9.511101245880e-01 8.882981538773e-01 8.419318199158e-01 8.053482174873e-01 7.893757224083e-01 1.051866531372e+00 1.718354225159e+00 1.164873361588e+00 1.139773488045e+00 1.357067108154e+00 1.377934098244e+00 1.148639678955e+00 1.143447041512e+00 6.217731833458e-01 1.075924038887e+00 1.003737449646e+00 9.299075603485e-01 7.977859377861e-01 8.409663438797e-01 2.014422178268e+00 1.101356506348e+00 1.209148883820e+00
3.199189603329e-01 5.523768663406e-01 5.446500182152e-01 5.694637298584e-01 6.060041785240e-01 6.673870682716e-01 7.071298956871e-01 7.382572889328e-01 8.669209480286e-01 9.164419770241e-01 7.638449072838e-01 7.532594203949e-01 7.602131366730e-01 6.889804005623e-01 6.330428719521e-01 6.934359073639e-01 7.672803997993e-01 9.442017078400e-01 9.523963928223e-01 7.906855344772e-01 7.021031379700e-01 8.220095634460e-01 1.026152014732e+00 1.065639615059e+00 9.621493220329e-01 7.850064039230e-01 1.165521383286e+00 1.751780271530e+00 1.172116279602e+00 1.231639981270e+00 1.295433640480e+00 1.328568339348e+00 1.422916173935e+00 1.274275422096e+00 7.912722229958e-01 1.209512591362e+00 1.118249773979e+00 9.256674647331e-01 6.972864866257e-01 8.193894028664e-01 1.934334516525e+00 1.688691496849e+00 9.333129525185e-01
3.657904863358e-01 6.739265918732e-01 7.263258695602e-01 6.270270347595e-01 5.725548267365e-01 6.186645030975e-01 6.313347220421e-01 6.136656999588e-01 6.649997830391e-01 8.454499840736e-01 9.270089268684e-01 9.532428383827e-01 9.409498572350e-01 8.659339547157e-01 8.310653567314e-01 8.012828826904e-01 7.648461461067e-01 9.465590119362e-01 9.927452802658e-01 8.766469955444e-01 7.144547700882e-01 6.561940312386e-01 7.221696972847e-01 8.047314286232e-01 8.248029351234e-01 8.331846594810e-01 1.021354198456e+00 1.685454607010e+00 1.202507972717e+00 1.046445369720e+00 1.198164701462e+00 1.377424955368e+00 1.534343481064e+00 1.305437803268e+00 9.114930033684e-01 1.334383249283e+00 1.073634147644e+00 8.341677188873e-01 6.305813193321e-01 7.484884262085e-01 1.558344841003e+00 2.284795522690e+00 1.029691219330e+00
3.595589995384e-01 7.052375078201e-01 8.388817310333e-01 7.906222939491e-01 5.990272760391e-01 4.609828293324e-01 5.590488910675e-01 6.333959698677e-01 6.794611215591e-01 6.858224868774e-01 9.168323874474e-01 1.016276001930e+00 9.604109525681e-01 9.628678560257e-01 9.719949364662e-01 9.585486054420e-01 8.491666316986e-01 9.390174746513e-01 1.026247501373e+00 9.373029470444e-01 6.998558044434e-01 8.509875535965e-01 8.122856616974e-01 8.388034701347e-01 7.439167499542e-01 7.298005819321e-01 7.675005793571e-01 1.563456416130e+00 1.423590421677e+00 1.128295063972e+00 1.096035122871e+00 1.167616486549e+00 1.442558169365e+00 1.286502480507e+00 1.040220260620e+00 1.287728905678e+00 9.380233287811e-01 7.502515912056e-01 7.089843153954e-01 6.727043390274e-01 1.066245675087e+00 2.673121929169e+00 1.079799413681e+00
