100/SI/f137.grd
DSAA
101	101
32.816463539100	34.260883539100
35.556306596100	36.727886596100
9.649519342929e-04	1.692950744629e+02
[rows 76 to 94 of 101, columns 43 to 85 of 101]
2.577502131462e-01 2.206400483847e-01 3.955686390400e-01 1.020280957222e+00 1.093387007713e+00 2.205765008926e+00 3.548933982849e+00 4.002878665924e+00 2.475728511810e+00 6.863081455231e-01 2.286938190460e+00 5.151491165161e+00 3.868942737579e+00 1.046841859818e+00 4.552937746048e-01 6.480630040169e-01 7.271488904953e-01 4.013982117176e-01 3.660588860512e-01 4.514086544514e-01 1.584735274315e+00 3.524054050446e+00 8.152902126312e-01 5.517916679382e-01 4.008770585060e-01 2.692348659039e-01 1.377146989107e-01 1.184467896819e-01 1.153525188565e-01 1.088140606880e-01 1.020953804255e-01 1.065559610724e-01 1.123091951013e-01 1.192644312978e-01 1.205784454942e-01 1.123663708568e-01 1.031854748726e-01 9.656667709351e-02 9.201542288065e-02 8.940262347460e-02 1.002858206630e-01 1.585176587105e-01 2.148888707161e-01
4.099811017513e-01 5.568480491638e-01 7.052544355392e-01 7.530466318130e-01 1.002053976059e+00 1.429452061653e+00 1.871158361435e+00 1.635300159454e+00 2.609043121338e+00 3.814355611801e+00 3.792287111282e+00 1.827631711960e+00 1.338246822357e+00 1.091553330421e+00 7.069544196129e-01 9.019000530243e-01 2.651265561581e-01 1.350847482681e-01 1.660185903311e-01 1.854268014431e-01 1.409971863031e-01 1.690983027220e-01 2.676773667336e-01 2.762498259544e-01 2.514058649540e-01 1.544362306595e-01 7.524274289608e-02 6.751816719770e-02 7.754965126514e-02 8.943405002356e-02 9.552101045847e-02 9.775673598051e-02 9.730880707502e-02 9.311173111200e-02 8.107794076204e-02 6.517405807972e-02 5.248330533504e-02 5.087850615382e-02 5.398198217154e-02 6.416659057140e-02 8.442351222038e-02 1.435950100422e-01 1.909199059010e-01
8.837869167328e-01 1.337142229080e+00 8.643184900284e-01 3.887501955032e-01 4.887948632240e-01 1.642596840858e+00 4.612174034119e+00 6.155527591705e+00 4.641119003296e+00 2.306476354599e+00 1.273714542389e+00 8.542355895042e-01 5.531708002090e-01 8.814440369606e-01 9.239776134491e-01 2.976181805134e-01 9.865487366915e-02 8.981007337570e-02 9.267935156822e-02 1.238823831081e-01 9.271641820669e-02 8.474502712488e-02 9.805246442556e-02 1.117205992341e-01 1.013192310929e-01 9.433282166719e-02 7.559581845999e-02 7.881167531013e-02 6.620227545500e-02 7.469414174557e-02 7.825690507889e-02 7.302638888359e-02 7.103064656258e-02 6.872440874577e-02 4.848331212997e-02 4.647146537900e-02 4.934884235263e-02 4.915076494217e-02 4.812286049128e-02 5.148092284799e-02 6.294034421444e-02 1.258583068848e-01 1.834699213505e-01
1.234179377556e+00 1.443626642227e+00 4.927817583084e-01 5.207567811012e-01 1.681266069412e+00 3.014849901199e+00 3.115778684616e+00 2.696077346802e+00 2.408226728439e+00 1.101080060005e+00 1.036448240280e+00 1.225291728973e+00 7.954259514809e-01 5.734418630600e-01 1.862822026014e-01 1.097056940198e-01 6.890001147985e-02 6.647668033838e-02 6.393998116255e-02 7.784602791071e-02 7.081057876348e-02 7.084513455629e-02 6.593502312899e-02 6.450038403273e-02 6.316503137350e-02 6.452863663435e-02 6.248774379492e-02 6.363200396299e-02 6.833998113871e-02 6.557518243790e-02 6.648632138968e-02 5.476609617472e-02 6.067237257957e-02 6.367597728968e-02 5.075356364250e-02 3.859375789762e-02 4.614343121648e-02 4.907505214214e-02 4.927036911249e-02 4.842079803348e-02 5.027645826340e-02 6.781541556120e-02 1.134691387415e-01
5.368057489395e-01 1.010375976562e+00 1.439043164253e+00 1.704107522964e+00 1.733191609383e+00 1.427662611008e+00 1.747132062912e+00 2.123097181320e+00 3.049684047699e+00 1.231951594353e+00 1.249970197678e+00 7.608554363251e-01 3.199218213558e-01 1.227243021131e-01 8.485176414251e-02 6.917373090982e-02 6.215251237154e-02 5.609702691436e-02 5.141625180840e-02 4.809136316180e-02 5.297566205263e-02 4.183178395033e-02 4.242317378521e-02 4.229335114360e-02 4.438951611519e-02 4.669295251369e-02 4.721339046955e-02 4.333721473813e-02 3.657826781273e-02 4.392928257585e-02 4.362872242928e-02 4.244973137975e-02 4.774395376444e-02 5.311784520745e-02 4.883793741465e-02 3.831848502159e-02 4.288742318749e-02 4.812806844711e-02 4.941204190254e-02 5.064092949033e-02 5.872677266598e-02 7.053247839212e-02 8.756764233112e-02
6.441259384155e-01 1.815822124481e+00 3.369976758957e+00 2.046189069748e+00 1.375756621361e+00 2.164533376694e+00 2.933819055557e+00 3.980491161346e+00 1.903719067574e+00 1.055508852005e+00 4.982095956802e-01 3.030872344971e-01 1.256375461817e-01 7.221276313066e-02 5.172172561288e-02 4.306718707085e-02 3.962189331651e-02 3.685206547379e-02 3.782422840595e-02 4.029216989875e-02 4.073195904493e-02 3.785292059183e-02 3.750891238451e-02 3.999434411526e-02 4.781277477741e-02 5.576872453094e-02 6.110880151391e-02 5.951503291726e-02 4.710734635592e-02 3.570707887411e-02 3.545570373535e-02 3.277015313506e-02 3.432920202613e-02 4.280881956220e-02 4.423433542252e-02 4.118066281080e-02 3.901324421167e-02 4.567483440042e-02 4.821044579148e-02 4.870314523578e-02 5.632258206606e-02 7.796039432287e-02 1.053642034531e-01
1.120618700981e+00 3.480404615402e+00 2.669242858887e+00 2.106065750122e+00 2.336636543274e+00 2.265484094620e+00 1.572792887688e+00 1.545642018318e+00 1.195713877678e+00 6.171807646751e-01 2.601099312305e-01 1.735734939575e-01 7.516285777092e-02 4.820162057877e-02 3.944256529212e-02 3.233385831118e-02 3.206361830235e-02 3.428995236754e-02 3.355939686298e-02 3.197579085827e-02 3.475965559483e-02 3.516371175647e-02 3.475928306580e-02 3.488874807954e-02 4.359722882509e-02 5.358628183603e-02 6.095650419593e-02 6.093085184693e-02 4.959150031209e-02 3.285639360547e-02 3.438020497561e-02 3.565482050180e-02 2.922436967492e-02 3.165048360825e-02 3.767545893788e-02 4.198224842548e-02 4.232288897038e-02 4.180564731359e-02 4.569031298161e-02 4.770382121205e-02 4.722002148628e-02 5.335899442434e-02 6.839303672314e-02
1.460273981094e+00 2.468758583069e+00 1.455847501755e+00 8.870684504509e-01 6.011075973511e-01 7.681590318680e-01 7.242868542671e-01 8.645800352097e-01 6.509739756584e-01 2.522450387478e-01 1.999137997627e-01 1.242920681834e-01 8.049274981022e-02 5.997192859650e-02 3.755055740476e-02 3.068368323147e-02 3.298155590892e-02 3.331759944558e-02 3.040309436619e-02 2.867296710610e-02 3.326342627406e-02 3.646058216691e-02 3.821075707674e-02 3.696895018220e-02 3.404614701867e-02 4.073501378298e-02 4.553762823343e-02 4.522668570280e-02 3.747875615954e-02 2.954833023250e-02 3.051310777664e-02 3.352922946215e-02 3.207883238792e-02 2.782115712762e-02 2.805713564157e-02 3.448621183634e-02 3.825604915619e-02 3.706818073988e-02 4.217358678579e-02 4.581264033914e-02 4.669650271535e-02 5.002939328551e-02 5.507183447480e-02
2.101676940918e+00 1.729500651360e+00 5.577861070633e-01 4.307798445225e-01 4.585560560226e-01 2.715213596821e-01 4.407457709312e-01 6.187337040901e-01 4.133825600147e-01 2.037558853626e-01 1.795292347670e-01 9.011893719435e-02 8.451660722494e-02 8.048152923584e-02 5.056769773364e-02 3.971455246210e-02 3.377935290337e-02 3.207381069660e-02 2.772268652916e-02 2.766071073711e-02 3.346722573042e-02 4.014759138227e-02 4.420194774866e-02 4.139102250338e-02 3.544750437140e-02 3.047816827893e-02 3.292107582092e-02 3.527273610234e-02 3.516006842256e-02 3.692683205009e-02 3.324202448130e-02 3.081815876067e-02 3.074667043984e-02 2.796593122184e-02 2.691694162786e-02 3.252492845058e-02 3.561745956540e-02 3.474953025579e-02 3.796411678195e-02 4.272382706404e-02 4.482997208834e-02 5.010081455112e-02 6.301766633987e-02
3.298842668533e+00 1.453249692917e+00 3.007765710354e-01 2.069880217314e-01 1.576923727989e-01 1.923844814301e-01 2.052401900291e-01 4.657851755619e-01 4.748395383358e-01 2.914547622204e-01 1.461567431688e-01 8.404903858900e-02 7.310571521521e-02 7.681232690811e-02 6.329927593470e-02 3.901829943061e-02 3.326375782490e-02 3.087662160397e-02 2.572347968817e-02 2.736293338239e-02 3.428919613361e-02 4.479421302676e-02 4.892488569021e-02 4.353423044086e-02 3.663761913776e-02 3.233030438423e-02 3.413143381476e-02 3.806852176785e-02 3.978382423520e-02 3.856828808784e-02 3.578056022525e-02 2.992125414312e-02 3.424223884940e-02 2.797546237707e-02 2.619762346148e-02 2.859497815371e-02 3.598760068417e-02 3.967410326004e-02 4.231953993440e-02 4.816750437021e-02 5.538658797741e-02 5.751831829548e-02 5.587900802493e-02
2.832830667496e+00 8.730838298798e-01 2.262367904186e-01 1.268070936203e-01 1.151207461953e-01 1.310847848654e-01 2.386444061995e-01 3.062615394592e-01 3.661783635616e-01 2.555748820305e-01 1.693489104509e-01 9.765415638685e-02 6.251525878906e-02 5.566786974669e-02 5.355588346720e-02 4.535556584597e-02 3.774105012417e-02 4.157534614205e-02 3.476802259684e-02 3.020424954593e-02 3.769470006227e-02 5.039968341589e-02 5.254008993506e-02 4.420573636889e-02 3.760538622737e-02 3.433217853308e-02 3.577104210854e-02 4.017484933138e-02 4.332212731242e-02 4.041954874992e-02 3.524433076382e-02 2.923026680946e-02 3.498752787709e-02 2.701584808528e-02 2.575090713799e-02 2.469974383712e-02 2.702082693577e-02 3.563442081213e-02 4.544528201222e-02 5.858046561480e-02 7.157188653946e-02 7.665205001831e-02 7.746016234159e-02
1.484601259232e+00 2.843711674213e-01 1.334385275841e-01 1.165330708027e-01 9.707026183605e-02 9.537490457296e-02 1.536416858435e-01 8.550781011581e-02 2.221142202616e-01 3.355613052845e-01 2.428611069918e-01 1.855909228325e-01 9.169343858957e-02 5.688899755478e-02 4.872411489487e-02 4.902077466249e-02 5.205768719316e-02 4.688954353333e-02 4.130559414625e-02 3.677234798670e-02 4.501007497311e-02 5.538908764720e-02 5.344470590353e-02 4.508895799518e-02 4.031241685152e-02 3.800340741873e-02 3.788692876697e-02 4.220973327756e-02 4.575598984957e-02 4.376770183444e-02 3.661686927080e-02 2.900466881692e-02 3.308746218681e-02 2.989858947694e-02 2.547952905297e-02 2.540589869022e-02 2.454851195216e-02 2.570902742445e-02 3.285085409880e-02 5.025153607130e-02 6.861402839422e-02 7.991123199463e-02 8.636380732059e-02
4.011527597904e-01 1.615225076675e-01 1.054419428110e-01 1.003770753741e-01 7.606977224350e-02 6.979338079691e-02 6.919099390507e-02 6.712219864130e-02 8.074310421944e-02 2.764245569706e-01 3.065584897995e-01 4.499412775040e-01 2.884424328804e-01 1.043885946274e-01 6.515896320343e-02 5.444991588593e-02 5.903738364577e-02 6.976579874754e-02 6.506368517876e-02 5.221732333302e-02 5.119854211807e-02 5.748217180371e-02 5.181989073753e-02 4.483203962445e-02 4.226654395461e-02 4.193109646440e-02 4.280683025718e-02 4.314318671823e-02 4.679026454687e-02 4.686651378870e-02 4.038631170988e-02 3.118902072310e-02 3.112541884184e-02 3.105291537941e-02 2.898980490863e-02 2.972997352481e-02 2.946629934013e-02 2.900228090584e-02 2.869041264057e-02 2.895257063210e-02 3.900296613574e-02 5.184981226921e-02 6.107915192842e-02
1.495965421200e-01 9.096978604794e-02 9.429968893528e-02 8.184976130724e-02 6.486023217440e-02 5.887798964977e-02 5.121713131666e-02 5.198466032743e-02 6.062162667513e-02 1.144816130400e-01 4.588716328144e-01 1.125834107399e+00 7.727409601212e-01 2.468954771757e-01 1.090616583824e-01 6.813163310289e-02 6.163217499852e-02 7.384578138590e-02 7.159125804901e-02 7.554827630520e-02 7.280742377043e-02 6.009607389569e-02 5.388611182570e-02 4.845536500216e-02 4.705163091421e-02 4.748775810003e-02 4.749139398336e-02 4.636266827583e-02 4.683893173933e-02 4.923663660884e-02 4.443676397204e-02 3.253621608019e-02 3.045001253486e-02 2.997299842536e-02 3.122740611434e-02 3.356408700347e-02 3.515795990825e-02 3.569085523486e-02 3.547465056181e-02 3.427882865071e-02 3.372444957495e-02 3.550776094198e-02 3.667382150888e-02
1.299649477005e-01 7.737489044666e-02 8.376444131136e-02 6.379463523626e-02 5.071990191936e-02 4.786520078778e-02 4.178489372134e-02 4.404958337545e-02 4.407114535570e-02 8.018606901169e-02 3.476612567902e-01 9.369882941246e-01 8.444712162018e-01 5.443865656853e-01 1.328545361757e-01 7.472125440836e-02 5.698180198669e-02 8.174250274897e-02 9.723270684481e-02 9.137029200792e-02 7.483647763729e-02 5.863952636719e-02 5.821957811713e-02 5.487779900432e-02 5.313735455275e-02 5.201568827033e-02 4.989565536380e-02 4.562330991030e-02 4.712964966893e-02 4.964597895741e-02 4.371547698975e-02 3.442550078034e-02 3.563295677304e-02 3.450428694487e-02 3.275496885180e-02 3.131678327918e-02 3.348595276475e-02 3.480789810419e-02 3.450271487236e-02 3.236718103290e-02 3.527447953820e-02 4.166503250599e-02 4.622788354754e-02
1.600513160229e-01 8.413706719875e-02 7.312666624784e-02 5.486157163978e-02 4.150441288948e-02 3.916207328439e-02 3.999519348145e-02 3.923726081848e-02 3.884856030345e-02 5.027941986918e-02 1.322640329599e-01 4.794487655163e-01 1.742783904076e+00 1.345676779747e+00 2.266426235437e-01 8.718516677618e-02 9.580114483833e-02 1.023770049214e-01 9.121770411730e-02 7.274235785007e-02 5.920474231243e-02 6.053862720728e-02 6.434597820044e-02 6.247182562947e-02 5.837016180158e-02 5.308715254068e-02 4.603073745966e-02 4.168255254626e-02 4.859324917197e-02 4.985853657126e-02 4.562715813518e-02 5.075831338763e-02 5.095802992582e-02 4.826804250479e-02 4.344299435616e-02 3.384866565466e-02 2.782461419702e-02 2.763626538217e-02 2.804094739258e-02 3.019990026951e-02 3.549282625318e-02 4.423174262047e-02 5.482096970081e-02
1.693894118071e-01 9.539712220430e-02 7.163587957621e-02 4.787591099739e-02 3.694098070264e-02 3.869966417551e-02 3.818781301379e-02 3.757955878973e-02 3.388642892241e-02 3.846765682101e-02 7.487313449383e-02 2.442346364260e-01 8.484115004539e-01 7.493077516556e-01 2.520858645439e-01 1.444689929485e-01 1.190265119076e-01 9.254726022482e-02 7.144572585821e-02 5.726143717766e-02 5.723777413368e-02 6.124145165086e-02 6.528019905090e-02 6.225980445743e-02 5.393737554550e-02 4.386707022786e-02 3.589304909110e-02 3.903798758984e-02 4.874518141150e-02 5.113257095218e-02 5.405591428280e-02 5.948343127966e-02 5.916901305318e-02 5.522221699357e-02 4.700258374214e-02 3.457737714052e-02 3.549501672387e-02 3.688192740083e-02 3.903257846832e-02 4.084965959191e-02 4.127570986748e-02 4.545032233000e-02 5.864002555609e-02
1.583147794008e-01 8.529013395309e-02 6.027133390307e-02 3.761979565024e-02 3.542556241155e-02 3.816242516041e-02 3.684248775244e-02 3.186745941639e-02 2.532823011279e-02 3.459185734391e-02 6.364899128675e-02 1.082739979029e-01 3.003855347633e-01 3.582791984081e-01 2.606173455715e-01 1.601814776659e-01 1.015805080533e-01 7.234045863152e-02 6.720639020205e-02 6.544683873653e-02 5.912732705474e-02 5.605118721724e-02 5.434032157063e-02 4.787539690733e-02 3.787969797850e-02 3.340469300747e-02 3.291687369347e-02 3.508082777262e-02 4.532391205430e-02 5.058912187815e-02 3.824709728360e-02 4.178351163864e-02 4.187023267150e-02 3.922525048256e-02 3.725909069180e-02 4.083270579576e-02 4.422781616449e-02 4.865875095129e-02 5.338276550174e-02 5.599140003324e-02 5.495929718018e-02 5.109576880932e-02 5.748349800706e-02
1.413892507553e-01 6.444429606199e-02 4.336118698120e-02 2.742272801697e-02 3.313347697258e-02 3.671365231276e-02 3.515199944377e-02 2.901309356093e-02 2.144144847989e-02 3.105987235904e-02 5.715239420533e-02 8.859147876501e-02 2.091753184795e-01 2.693952620029e-01 2.102687954903e-01 1.249430626631e-01 7.755946367979e-02 7.227148860693e-02 7.125785946846e-02 5.991151556373e-02 4.778774082661e-02 4.001906514168e-02 3.510221093893e-02 2.949129976332e-02 2.752449177206e-02 2.700232528150e-02 2.700118720531e-02 2.979697659612e-02 3.940891847014e-02 4.604020714760e-02 3.590719774365e-02 2.835335209966e-02 2.673927135766e-02 3.424898535013e-02 4.063033312559e-02 4.628334194422e-02 5.282148346305e-02 6.090267375112e-02 6.842426210642e-02 7.144435495138e-02 6.787779927254e-02 5.974615365267e-02 5.659585446119e-02
