100/SI/f137.grd
DSAA
101	101
32.816463539100	34.260883539100
35.556306596100	36.727886596100
9.649519342929e-04	1.692950744629e+02
[rows 76 to 94 of 101, columns 0 to 42 of 101]
1.055118441582e-02 1.525877974927e-02 2.016283385456e-02 2.384920790792e-02 2.560372278094e-02 2.574870362878e-02 2.486675418913e-02 2.347885258496e-02 2.190420404077e-02 2.295950800180e-02 2.599219605327e-02 3.118361160159e-02 3.693341463804e-02 4.061011224985e-02 4.132745042443e-02 4.008491709828e-02 3.647420927882e-02 3.879108279943e-02 3.995685651898e-02 4.240991920233e-02 5.836138501763e-02 5.699364840984e-02 3.803190588951e-02 4.134149476886e-02 3.837691619992e-02 3.518828749657e-02 3.651157766581e-02 4.057883471251e-02 4.536255449057e-02 4.799078404903e-02 4.624903202057e-02 4.358869045973e-02 4.240365698934e-02 4.212146624923e-02 4.642763361335e-02 5.497054010630e-02 1.038797572255e-01 1.262290328741e-01 1.189206019044e-01 8.546280860901e-02 8.572012931108e-02 1.410582512617e-01 2.473735511303e-01
1.065191626549e-02 1.720889098942e-02 2.282294631004e-02 2.630394324660e-02 2.768001332879e-02 2.752806618810e-02 2.643387205899e-02 2.482476457953e-02 2.497228793800e-02 2.775959670544e-02 3.197718411684e-02 3.782959282398e-02 4.323923587799e-02 4.586711898446e-02 4.514311254025e-02 4.185630008578e-02 3.564751148224e-02 3.661422431469e-02 3.679365292192e-02 3.278684988618e-02 3.330621868372e-02 3.482938185334e-02 3.132984414697e-02 3.727850690484e-02 3.951867669821e-02 3.629724681377e-02 3.930958732963e-02 4.738138616085e-02 5.263178050518e-02 5.327939242125e-02 4.973792284727e-02 4.567493125796e-02 4.550145193934e-02 4.331167042255e-02 5.263140797615e-02 5.698786675930e-02 9.304393827915e-02 1.042274832726e-01 1.175299286842e-01 1.329947859049e-01 2.774336040020e-01 3.654405772686e-01 3.488779067993e-01
1.132187526673e-02 1.804784126580e-02 2.349272184074e-02 2.656799182296e-02 2.754044719040e-02 2.707420289516e-02 2.569616027176e-02 2.709908410907e-02 3.056843578815e-02 3.423419967294e-02 3.896635025740e-02 4.395697638392e-02 4.718941822648e-02 4.710889980197e-02 4.373865202069e-02 3.798662126064e-02 3.019199520350e-02 3.164548799396e-02 3.067251667380e-02 2.692290395498e-02 2.499479800463e-02 2.802061475813e-02 3.349959105253e-02 4.466860368848e-02 4.707084596157e-02 4.280569031835e-02 5.257887765765e-02 5.708416178823e-02 5.842408537865e-02 5.716899782419e-02 5.347960069776e-02 4.959715157747e-02 4.725539684296e-02 5.288196355104e-02 6.823009997606e-02 8.856148272753e-02 1.165410205722e-01 1.435765773058e-01 1.262358576059e-01 3.231347203255e-01 3.763005435467e-01 3.582459986210e-01 3.543226122856e-01
1.021523214877e-02 1.613672450185e-02 2.079325541854e-02 2.328481152654e-02 2.391009032726e-02 2.324528433383e-02 2.571219764650e-02 2.928301878273e-02 3.215431794524e-02 3.501294925809e-02 3.801744058728e-02 4.025606811047e-02 4.052893072367e-02 3.817196935415e-02 3.372748941183e-02 2.822500281036e-02 2.624407596886e-02 2.529554627836e-02 2.362545020878e-02 2.251828275621e-02 2.308543026447e-02 2.566125430167e-02 4.019462317228e-02 5.471128970385e-02 5.921979621053e-02 6.193586066365e-02 6.456476449966e-02 6.510862708092e-02 6.136902794242e-02 5.773082002997e-02 5.464434251189e-02 5.188923701644e-02 6.029239669442e-02 6.671664118767e-02 8.512739837170e-02 9.811715781689e-02 9.566435962915e-02 1.549844443798e-01 1.887535452843e-01 2.928350567818e-01 3.281245529652e-01 3.241734504700e-01 3.283108174801e-01
8.400587365031e-03 1.343525294214e-02 1.635695807636e-02 1.799653097987e-02 1.846989057958e-02 2.068388648331e-02 2.376498468220e-02 2.567328326404e-02 2.657160349190e-02 2.738067135215e-02 2.831801958382e-02 2.888281270862e-02 2.834246307611e-02 2.624725177884e-02 2.690760418773e-02 2.751879207790e-02 2.719978243113e-02 2.577921003103e-02 2.356761321425e-02 2.212062478065e-02 2.163890562952e-02 2.645266428590e-02 4.524201154709e-02 6.223893165588e-02 7.062891125679e-02 7.451995462179e-02 7.517762482166e-02 7.783038169146e-02 7.585272192955e-02 6.544620543718e-02 5.646789073944e-02 5.417182296515e-02 6.588272005320e-02 6.945548206568e-02 7.153863459826e-02 7.998890429735e-02 1.062738746405e-01 1.491724252701e-01 1.976215839386e-01 2.071262449026e-01 3.238449692726e-01 3.993167281151e-01 3.147828578949e-01
1.141821779311e-02 1.683994382620e-02 2.042918466032e-02 2.247226424515e-02 2.339378930628e-02 2.381055615842e-02 2.395091950893e-02 2.379853650928e-02 2.334752120078e-02 2.272078022361e-02 2.322006411850e-02 2.522487193346e-02 2.696449682117e-02 2.846446260810e-02 2.951362356544e-02 2.976117655635e-02 2.890242263675e-02 2.685018256307e-02 2.488350495696e-02 2.426433749497e-02 2.324536815286e-02 2.861701510847e-02 4.658843204379e-02 6.420221924782e-02 1.593256741762e-01 4.684391617775e-01 4.979517161846e-01 2.248844951391e-01 1.313949227333e-01 1.038278341293e-01 7.400882989168e-02 5.718907713890e-02 6.736259162426e-02 8.851032704115e-02 7.033648341894e-02 8.663284778595e-02 9.611649066210e-02 1.537076234818e-01 2.687319219112e-01 2.718359827995e-01 3.012476563454e-01 4.051474034786e-01 5.622937679291e-01
1.611977443099e-02 2.333347685635e-02 2.838215231895e-02 3.080208040774e-02 3.146764636040e-02 3.128263354301e-02 3.065077215433e-02 2.969119697809e-02 2.847114391625e-02 2.709328755736e-02 3.157215937972e-02 3.626847639680e-02 4.034300521016e-02 4.313388466835e-02 4.407616332173e-02 4.290194436908e-02 3.962504491210e-02 3.448867425323e-02 3.281867504120e-02 3.114900551736e-02 2.908664755523e-02 3.414304554462e-02 4.655172675848e-02 1.048982366920e-01 4.398042857647e-01 1.259508967400e+00 1.375493049622e+00 6.929763555527e-01 3.014822900295e-01 1.483716964722e-01 9.613674134016e-02 7.456305623055e-02 6.510674208403e-02 9.414430707693e-02 1.002898514271e-01 1.041568070650e-01 9.347023069859e-02 1.419657915831e-01 3.158077597618e-01 4.754826128483e-01 3.157667517662e-01 3.165300488472e-01 7.085826396942e-01
2.020670101047e-02 2.884110994637e-02 3.448955714703e-02 3.666085004807e-02 3.654636442661e-02 3.533245250583e-02 3.360432758927e-02 3.267563134432e-02 3.765022009611e-02 4.593927785754e-02 5.449222028255e-02 6.256755441427e-02 6.944163143635e-02 7.486778497696e-02 7.861874997616e-02 7.999195158482e-02 7.796496897936e-02 7.136128097773e-02 5.902488902211e-02 4.479172825813e-02 4.129067063332e-02 4.235909134150e-02 9.222301095724e-02 1.670369356871e-01 5.057270526886e-01 4.072558403015e+00 7.883492946625e+00 1.733727335930e+00 7.732191681862e-01 2.693179547787e-01 1.173132508993e-01 9.204275906086e-02 8.633773028851e-02 1.199407801032e-01 1.442226022482e-01 1.409025490284e-01 1.167677417397e-01 1.741412132978e-01 2.655734419823e-01 5.810484886169e-01 5.861508846283e-01 3.059647083282e-01 7.300026416779e-01
2.145631052554e-02 3.000216186047e-02 3.504472598433e-02 3.623312711716e-02 3.498515114188e-02 3.630026057363e-02 4.013518244028e-02 4.266916215420e-02 5.037372931838e-02 6.203958392143e-02 7.421063631773e-02 8.576897531748e-02 9.592127799988e-02 1.049862131476e-01 1.136847734451e-01 1.219352856278e-01 1.275222599506e-01 1.255711168051e-01 1.093068420887e-01 7.897717505693e-02 6.013511866331e-02 8.615863323212e-02 1.519209295511e-01 2.156707197428e-01 9.647656083107e-01 2.306145668030e+00 3.140490055084e+00 9.532003402710e-01 3.986072540283e-01 2.217934131622e-01 1.789828389883e-01 2.128451764584e-01 2.738822400570e-01 2.534975707531e-01 1.809247434139e-01 1.807761490345e-01 1.519263833761e-01 1.776709407568e-01 1.939613670111e-01 3.805973529816e-01 5.067329406738e-01 3.449573516846e-01 1.242711186409e+00
2.899320051074e-02 4.591992124915e-02 5.790844932199e-02 6.474149227142e-02 6.857149302959e-02 7.008735090494e-02 6.945604830980e-02 6.696541607380e-02 6.310508400202e-02 6.446290016174e-02 7.787120342255e-02 9.140428900719e-02 1.042788028717e-01 1.166365370154e-01 1.297799944878e-01 1.452387124300e-01 1.603739559650e-01 1.663917601109e-01 1.508455872536e-01 1.669573336840e-01 1.347737759352e-01 1.458084434271e-01 1.914848536253e-01 2.638430297375e-01 4.930020272732e-01 1.772579699755e-01 1.414615958929e-01 1.413273364305e-01 1.868556886911e-01 1.665197312832e-01 1.873477101326e-01 1.401403546333e+00 9.461952447891e-01 6.739490628242e-01 4.048049151897e-01 5.989511609077e-01 5.507732033730e-01 2.592940032482e-01 2.061551213264e-01 2.343573868275e-01 3.494744598866e-01 9.467044472694e-01 1.436901688576e+00
5.315253511071e-02 8.262263238430e-02 1.012330204248e-01 1.088117808104e-01 1.100847274065e-01 1.074119359255e-01 1.019905805588e-01 9.485606104136e-02 8.857123553753e-02 9.226819127798e-02 9.506813436747e-02 9.631691128016e-02 1.007791236043e-01 1.145563200116e-01 1.275084912777e-01 1.419987082481e-01 1.564697325230e-01 2.297860085964e-01 2.969418168068e-01 2.994392812252e-01 3.067816793919e-01 3.057969510555e-01 2.265909761190e-01 2.694714069366e-01 1.318145245314e-01 9.998834133148e-02 9.233422577381e-02 8.011740446091e-02 9.012361615896e-02 1.259064972401e-01 3.012396097183e-01 1.661142349243e+00 1.214576601982e+00 7.442476749420e-01 6.567190885544e-01 1.390299677849e+00 1.327312350273e+00 6.030537486076e-01 4.572994410992e-01 4.147450625896e-01 5.287666320801e-01 8.940281271935e-01 1.614141702652e+00
7.570184767246e-02 1.151647642255e-01 1.355073750019e-01 1.409754753113e-01 1.733228564262e-01 1.872385442257e-01 1.850487440825e-01 1.733321696520e-01 1.569610089064e-01 1.396375447512e-01 1.416857391596e-01 1.392034441233e-01 1.437866389751e-01 1.660190671682e-01 2.131707221270e-01 2.571717202663e-01 2.950744926929e-01 2.948909699917e-01 2.281379252672e-01 2.607257664204e-01 2.743631005287e-01 2.284245342016e-01 1.834810525179e-01 1.039928868413e-01 9.133686870337e-02 7.140439003706e-02 5.925436317921e-02 4.763061180711e-02 4.408509656787e-02 7.731962949038e-02 1.232000887394e-01 6.803432703018e-01 8.574508428574e-01 1.297831416130e+00 1.383737921715e+00 1.844087600708e+00 1.275451421738e+00 5.937430262566e-01 1.008775353432e+00 1.026244878769e+00 6.903286576271e-01 8.666674494743e-01 2.770518779755e+00
8.862208575010e-02 1.335014700890e-01 1.543803066015e-01 1.748028844595e-01 2.128429263830e-01 2.282899022102e-01 2.242631316185e-01 2.086658328772e-01 1.870866566896e-01 1.636815220118e-01 1.408298313618e-01 1.549361795187e-01 1.794520169497e-01 2.063512057066e-01 2.246330827475e-01 2.311169356108e-01 2.175799161196e-01 1.797541975975e-01 1.428365409374e-01 1.242485195398e-01 1.066804379225e-01 7.554606348276e-02 6.516827642918e-02 6.235639378428e-02 5.554748326540e-02 4.533364623785e-02 3.499059751630e-02 3.358623757958e-02 4.282426461577e-02 6.372347474098e-02 9.153512120247e-02 3.712030649185e-01 3.932031393051e-01 7.639370560646e-01 8.902043104172e-01 2.076360225677e+00 1.805769681931e+00 9.910455346107e-01 9.138915538788e-01 3.715812444687e+00 8.754419326782e+00 2.251348733902e+00 1.381075024605e+00
6.605087220669e-02 9.855147451162e-02 1.125797778368e-01 1.157980486751e-01 1.388061940670e-01 1.473586708307e-01 1.438721567392e-01 1.333237141371e-01 1.190840676427e-01 1.038737967610e-01 9.488143771887e-02 1.026964336634e-01 1.071932315826e-01 1.083177775145e-01 1.061971411109e-01 1.055403128266e-01 9.498746693134e-02 7.522945106030e-02 8.760222792625e-02 8.257675915956e-02 6.579179316759e-02 4.858743771911e-02 4.551865905523e-02 4.060433059931e-02 3.396771475673e-02 2.672407217324e-02 3.085882030427e-02 4.287810623646e-02 5.370342358947e-02 1.084337159991e-01 1.377759724855e-01 2.062402367592e-01 3.567636609077e-01 2.674532234669e-01 2.312221229076e-01 2.812150716782e-01 1.738566756248e+00 1.048402786255e+00 7.735671401024e-01 4.979956150055e+00 1.098516941071e+01 1.196082353592e+00 4.305479228497e-01
3.123294934630e-02 4.612160846591e-02 5.491977930069e-02 6.238018348813e-02 6.526072323322e-02 6.763117015362e-02 6.834125518799e-02 6.482774019241e-02 6.170798465610e-02 6.088486313820e-02 5.981761217117e-02 5.506101250648e-02 5.770910158753e-02 5.953497812152e-02 5.921389907598e-02 5.613157525659e-02 7.249670475721e-02 9.264096617699e-02 8.735405653715e-02 6.540053337812e-02 4.173851758242e-02 3.067583031952e-02 2.783663757145e-02 2.413143590093e-02 2.021648734808e-02 3.141281008720e-02 4.834121838212e-02 6.450595706701e-02 8.736900985241e-02 1.418590545654e-01 1.964064389467e-01 2.647935748100e-01 3.023951947689e-01 3.300669491291e-01 1.592915505171e-01 1.844565868378e-01 3.571256995201e-01 8.844965696335e-01 1.467302560806e+00 1.570626139641e+00 8.156048655510e-01 3.079039156437e-01 2.872296273708e-01
2.096004970372e-02 3.057078458369e-02 3.866995498538e-02 4.367540776730e-02 4.568633064628e-02 4.555109888315e-02 4.433037713170e-02 4.221766814590e-02 3.974016755819e-02 3.712423518300e-02 3.444178029895e-02 3.175931796432e-02 2.917871437967e-02 2.906975895166e-02 2.868291549385e-02 3.948173671961e-02 6.732895970345e-02 7.973290979862e-02 6.831242889166e-02 4.713179171085e-02 2.871719747782e-02 1.850916631520e-02 1.880408637226e-02 2.060691453516e-02 2.805333584547e-02 4.766468703747e-02 7.182230055332e-02 9.949024766684e-02 1.409731060266e-01 1.939194202423e-01 2.900385856628e-01 2.992038130760e-01 2.688516378403e-01 1.475252360106e-01 1.123554855585e-01 1.531231850386e-01 1.876541227102e-01 6.697984337807e-01 1.734787225723e+00 1.013100028038e+00 5.946331620216e-01 2.627056539059e-01 2.493437230587e-01
1.489687431604e-02 2.153605781496e-02 2.690681256354e-02 3.023323789239e-02 3.171414881945e-02 3.188658878207e-02 3.118592314422e-02 2.989869378507e-02 2.821328304708e-02 2.622752636671e-02 2.403844520450e-02 2.171790599823e-02 2.310032583773e-02 2.321485057473e-02 2.142406813800e-02 2.339812368155e-02 4.194134473801e-02 5.225862935185e-02 4.889898747206e-02 3.830995783210e-02 2.709222957492e-02 1.822615787387e-02 2.012644521892e-02 2.315264567733e-02 3.961704298854e-02 8.685605227947e-02 1.842585206032e-01 1.699769645929e-01 1.409630626440e-01 2.612580060959e-01 3.554485440254e-01 3.047181069851e-01 2.162829935551e-01 1.015484333038e-01 1.104867607355e-01 1.516506820917e-01 2.019625604153e-01 7.967197299004e-01 1.364544034004e+00 5.957565307617e-01 3.439979255199e-01 2.096655815840e-01 1.882998496294e-01
1.010979153216e-02 1.447502616793e-02 1.793437451124e-02 2.003954350948e-02 2.095810510218e-02 2.104196883738e-02 2.054087258875e-02 1.961446180940e-02 1.835831627250e-02 1.684832386672e-02 1.654841005802e-02 1.856898702681e-02 1.935579814017e-02 1.850217953324e-02 1.738548092544e-02 1.989178918302e-02 2.209734544158e-02 2.669596485794e-02 3.057537227869e-02 2.955417893827e-02 2.518712542951e-02 1.991806551814e-02 2.148595824838e-02 2.959553524852e-02 5.155720561743e-02 1.505772620440e-01 2.145141661167e-01 1.297282427549e-01 1.434170007706e-01 2.760626077652e-01 3.735083341599e-01 2.958477139473e-01 2.035797685385e-01 1.398387700319e-01 1.565397232771e-01 1.515664458275e-01 3.397822380066e-01 1.384848952293e+00 1.043636679649e+00 2.471784800291e-01 4.964621663094e-01 2.141885012388e-01 1.456272006035e-01
6.101318635046e-03 8.650721050799e-03 1.063741277903e-02 1.180926803499e-02 1.227458100766e-02 1.224219333380e-02 1.185587886721e-02 1.120777335018e-02 1.045472268015e-02 1.272618956864e-02 1.486155204475e-02 1.625479385257e-02 1.636124774814e-02 1.773851178586e-02 2.052129060030e-02 2.333982847631e-02 2.580338157713e-02 2.741147205234e-02 2.767665870488e-02 2.641424350441e-02 2.410232834518e-02 2.242599055171e-02 2.494135312736e-02 3.688001260161e-02 6.219279766083e-02 1.684739738703e-01 1.771481931210e-01 1.428634822369e-01 1.299120783806e-01 2.468135505915e-01 3.457767367363e-01 2.696122527122e-01 2.601286768913e-01 1.756865531206e-01 1.885300576687e-01 1.400963813066e-01 3.310055136681e-01 8.249468207359e-01 4.470029175282e-01 2.914307713509e-01 6.592156291008e-01 2.111988067627e-01 1.114086210728e-01
