100/SI/f137.grd
DSAA
101	101
32.816463539100	34.260883539100
35.556306596100	36.727886596100
9.649519342929e-04	1.692950744629e+02
[rows 19 to 37 of 101, columns 43 to 85 of 101]
1.593804478645e+00 2.000247478485e+00 2.599972724915e+00 2.650225400925e+00 1.717954397202e+00 2.689113378525e+00 1.301839590073e+00 1.415280342102e+00 1.473603963852e+00 1.494055032730e+00 1.363193035126e+00 2.059273481369e+00 2.484646797180e+00 2.510850191116e+00 1.669158935547e+00 2.041811466217e+00 2.667390108109e+00 2.510136365891e+00 1.389840245247e+00 2.238351345062e+00 1.021680116653e+00 1.431225061417e+00 1.917999029160e+00 9.535758495331e-01 9.543302059174e-01 1.073101639748e+00 8.987300395966e-01 1.168665289879e+00 1.083638191223e+00 8.555145263672e-01 9.199992418289e-01 1.205455541611e+00 1.359078049660e+00 1.051987648010e+00 9.901487827301e-01 7.741066217422e-01 5.325833559036e-01 6.123424768448e-01 6.770657896996e-01 5.634409189224e-01 4.936048686504e-01 4.544005692005e-01 4.941848814487e-01
1.418695807457e+00 1.960137844086e+00 2.777907371521e+00 3.203274726868e+00 2.321134090424e+00 2.377714395523e+00 1.340286850929e+00 1.500539898872e+00 1.281473875046e+00 1.603142976761e+00 1.676409482956e+00 1.930116772652e+00 2.665099859238e+00 2.673871278763e+00 2.043853282928e+00 2.213723421097e+00 2.607586383820e+00 2.838096141815e+00 1.641091227531e+00 2.166086196899e+00 1.168959856033e+00 2.171179056168e+00 2.697561502457e+00 1.220774531364e+00 1.113593101501e+00 1.099125504494e+00 1.143019556999e+00 1.208746552467e+00 9.418331980705e-01 9.100105166435e-01 1.219133138657e+00 1.588155627251e+00 1.416811943054e+00 1.190955877304e+00 9.406252503395e-01 7.757388353348e-01 5.835794210434e-01 7.155387997627e-01 5.546239018440e-01 4.445352554321e-01 4.742246866226e-01 4.340471327305e-01 4.520769119263e-01
1.525200366974e+00 2.197869300842e+00 2.566019535065e+00 3.353169679642e+00 2.858966588974e+00 2.034435272217e+00 1.375749349594e+00 1.591122150421e+00 1.221167922020e+00 1.504316806793e+00 1.585519909859e+00 1.828572869301e+00 2.539067983627e+00 2.886018514633e+00 2.467583894730e+00 2.365070581436e+00 2.500804901123e+00 3.104587554932e+00 1.872198104858e+00 2.008819103241e+00 1.315345287323e+00 2.693870306015e+00 2.958000183105e+00 1.373005032539e+00 1.088418364525e+00 1.302365422249e+00 1.289796710014e+00 1.046253204346e+00 8.593119978905e-01 1.214356303215e+00 1.696866154671e+00 1.642446875572e+00 1.108863830566e+00 1.359032154083e+00 9.327199459076e-01 7.147763967514e-01 6.938730478287e-01 7.355897426605e-01 5.824253559113e-01 4.505712389946e-01 4.480723142624e-01 3.417154848576e-01 3.372718095779e-01
1.454061269760e+00 2.075814723969e+00 2.177836179733e+00 3.202302932739e+00 3.164466619492e+00 2.099302530289e+00 1.782106876373e+00 1.686811804771e+00 1.203641891479e+00 1.320680499077e+00 1.601580977440e+00 1.855001091957e+00 2.113700151443e+00 3.073343038559e+00 2.753243923187e+00 2.302652120590e+00 2.315512895584e+00 3.333176851273e+00 2.063500881195e+00 1.801670789719e+00 1.461367130280e+00 2.679751634598e+00 2.582392692566e+00 1.247187495232e+00 1.151933670044e+00 1.407395839691e+00 1.171043038368e+00 9.208280444145e-01 1.278812527657e+00 1.796606302261e+00 1.763241887093e+00 1.224352717400e+00 9.545181989670e-01 1.412701606750e+00 6.725219488144e-01 6.903629899025e-01 8.559300303459e-01 6.455855965614e-01 6.679213643074e-01 4.317173361778e-01 4.778923392296e-01 4.014067351818e-01 3.620294034481e-01
1.182134747505e+00 1.425081968307e+00 2.216291666031e+00 2.838590383530e+00 3.191407203674e+00 2.122999906540e+00 2.220991373062e+00 1.863340377808e+00 1.307415843010e+00 1.161068201065e+00 1.669710040092e+00 1.812376618385e+00 2.200040340424e+00 3.304234504700e+00 2.794188499451e+00 2.166342973709e+00 2.086427688599e+00 3.474964380264e+00 2.202731370926e+00 2.115634441376e+00 1.714197278023e+00 2.208039283752e+00 1.930929780006e+00 1.144981741905e+00 1.467132687569e+00 1.361420750618e+00 9.663518667221e-01 1.364436745644e+00 1.948528528214e+00 1.890742301941e+00 1.282974600792e+00 7.773606181145e-01 1.061874270439e+00 1.326025485992e+00 7.168093919754e-01 7.411938905716e-01 9.016112685204e-01 6.499303579330e-01 7.328889369965e-01 4.465810358524e-01 4.544102549553e-01 3.801458775997e-01 3.889763355255e-01
1.574658393860e+00 1.527130365372e+00 2.507134437561e+00 2.403888225555e+00 3.038240194321e+00 2.373308897018e+00 2.133980512619e+00 2.363191843033e+00 2.053727149963e+00 1.569532871246e+00 1.685689449310e+00 1.713240623474e+00 2.401422739029e+00 3.538170576096e+00 2.516117572784e+00 2.081138372421e+00 1.780530929565e+00 3.557710886002e+00 2.707176446915e+00 2.343328475952e+00 2.028408527374e+00 2.154304981232e+00 1.303414702415e+00 1.417147636414e+00 1.505850553513e+00 1.013536334038e+00 1.482877612114e+00 2.103106498718e+00 1.999068260193e+00 1.339102387428e+00 7.168250679970e-01 6.028665304184e-01 1.420303344727e+00 1.109340548515e+00 6.792339682579e-01 9.603244066238e-01 8.218429088593e-01 6.552778482437e-01 7.787928581238e-01 5.531358718872e-01 4.119816124439e-01 3.923458456993e-01 3.439525663853e-01
2.470082521439e+00 1.535554528236e+00 1.516505956650e+00 2.594965219498e+00 2.804530143738e+00 2.510505676270e+00 1.940472602844e+00 2.167963981628e+00 2.464026212692e+00 2.420429944992e+00 2.063338279724e+00 2.503663063049e+00 2.613332033157e+00 3.681760072708e+00 2.182967901230e+00 1.896825551987e+00 2.451612710953e+00 3.587792158127e+00 3.067444801331e+00 2.252434015274e+00 2.187964439392e+00 2.323801755905e+00 1.462513804436e+00 1.543607473373e+00 1.227986216545e+00 1.554056167603e+00 2.292702436447e+00 2.144565105438e+00 1.394309759140e+00 9.443205595016e-01 1.329775691032e+00 8.387521505356e-01 1.657217144966e+00 9.703212976456e-01 7.997199892998e-01 1.026591658592e+00 9.873871803284e-01 6.884715557098e-01 8.042351007462e-01 6.111715435982e-01 3.726795315742e-01 3.632786571980e-01 4.211044013500e-01
3.301130771637e+00 1.580512404442e+00 1.528863549232e+00 2.397733926773e+00 2.531729698181e+00 2.575268983841e+00 2.096467018127e+00 2.159448146820e+00 2.055163621902e+00 2.660629749298e+00 2.902386665344e+00 2.548302173615e+00 2.825919389725e+00 3.734820365906e+00 1.899188637733e+00 2.880213022232e+00 3.439653158188e+00 3.597853422165e+00 2.985474348068e+00 1.789142489433e+00 2.080062150955e+00 2.129391193390e+00 1.483544707298e+00 1.275480270386e+00 1.569212555885e+00 2.441564321518e+00 2.351292371750e+00 1.471443653107e+00 1.321633577347e+00 1.849125504494e+00 1.680099248886e+00 1.523819684982e+00 1.614661335945e+00 1.084301948547e+00 1.028578162193e+00 8.506855964661e-01 1.075342297554e+00 7.295858860016e-01 8.073288798332e-01 6.082407236099e-01 3.892723321915e-01 4.614005684853e-01 5.934588313103e-01
3.604222536087e+00 1.624904751778e+00 1.851827621460e+00 1.597062110901e+00 2.714772462845e+00 2.609369993210e+00 2.231747150421e+00 2.296473741531e+00 2.084040403366e+00 2.728801250458e+00 2.806740999222e+00 2.444785833359e+00 3.017790555954e+00 3.603334426880e+00 3.146928548813e+00 3.814679861069e+00 3.674030303955e+00 3.502195358276e+00 2.035439729691e+00 1.819633483887e+00 2.135858297348e+00 2.150331974030e+00 1.442238688469e+00 1.504588842392e+00 2.548989295959e+00 2.598302125931e+00 1.627399921417e+00 1.371198892593e+00 2.010838031769e+00 1.667840600014e+00 1.343946576118e+00 1.521446347237e+00 1.252073764801e+00 1.158365845680e+00 1.018501758575e+00 6.860799193382e-01 1.052117943764e+00 7.900464534760e-01 7.918331027031e-01 5.515799522400e-01 4.984554946423e-01 6.590325832367e-01 7.446483969688e-01
3.166864156723e+00 2.366268396378e+00 2.147864103317e+00 1.537380933762e+00 2.028528690338e+00 2.616413593292e+00 2.714566707611e+00 2.444201469421e+00 2.831829547882e+00 4.184496879578e+00 2.396450281143e+00 2.190432071686e+00 3.146582841873e+00 3.321112394333e+00 4.081018924713e+00 3.937469482422e+00 3.409216165543e+00 3.392763853073e+00 2.214014768600e+00 2.448347568512e+00 2.220793962479e+00 2.143168687820e+00 1.376745700836e+00 2.589878082275e+00 2.866676807404e+00 1.851899981499e+00 1.568304419518e+00 2.133648633957e+00 1.880550026894e+00 1.225086450577e+00 1.784260749817e+00 1.595750451088e+00 9.133506417274e-01 1.089291930199e+00 8.761455416679e-01 9.417815804482e-01 9.566162228584e-01 8.517875671387e-01 7.713161706924e-01 7.113065123558e-01 8.178790211678e-01 9.175402522087e-01 7.736093997955e-01
2.141958951950e+00 3.556691646576e+00 2.356080055237e+00 1.891754031181e+00 2.266932249069e+00 2.595634460449e+00 2.483075380325e+00 2.619814157486e+00 3.713945627213e+00 5.191851139069e+00 3.499737501144e+00 2.389299631119e+00 3.174901008606e+00 3.897961139679e+00 4.160841941833e+00 5.526963233948e+00 2.948061466217e+00 3.152235031128e+00 2.443446159363e+00 2.480554580688e+00 2.235508680344e+00 2.061554193497e+00 2.568071842194e+00 3.046342611313e+00 2.090346574783e+00 1.765397071838e+00 2.105222225189e+00 2.098017454147e+00 1.774904847145e+00 1.790904760361e+00 1.898324251175e+00 1.093607068062e+00 1.035865068436e+00 9.310907125473e-01 7.737047672272e-01 7.226394414902e-01 1.276916027069e+00 1.006985068321e+00 9.204669594765e-01 1.090402722359e+00 1.086055994034e+00 7.970065474510e-01 5.116844177246e-01
2.356418371201e+00 3.937472105026e+00 2.440212249756e+00 2.093572854996e+00 2.676718235016e+00 2.493213415146e+00 2.589233160019e+00 3.237022638321e+00 4.286781787872e+00 5.229600429535e+00 4.191215515137e+00 4.092083454132e+00 3.615739107132e+00 4.277213573456e+00 4.860688209534e+00 7.032699584961e+00 3.078420162201e+00 3.314759254456e+00 3.290553569794e+00 2.695756196976e+00 2.139167547226e+00 2.565622329712e+00 3.208326339722e+00 2.304383993149e+00 1.976836085320e+00 2.075302839279e+00 2.006465911865e+00 2.191552877426e+00 2.135962963104e+00 2.158742189407e+00 1.627860069275e+00 9.088861346245e-01 1.236751914024e+00 7.329261302948e-01 7.643200159073e-01 7.801603078842e-01 1.760647058487e+00 1.197871088982e+00 1.255527734756e+00 1.011030793190e+00 6.145200133324e-01 3.403294086456e-01 3.359389901161e-01
4.680042743683e+00 3.116869688034e+00 3.419859886169e+00 2.225980043411e+00 3.235120534897e+00 2.507613182068e+00 2.797004699707e+00 3.748240470886e+00 4.520587921143e+00 4.443531990051e+00 4.082710742950e+00 4.109025955200e+00 4.056892871857e+00 3.283528566360e+00 3.360151290894e+00 4.516674518585e+00 2.621160984039e+00 3.280722856522e+00 3.586163520813e+00 2.995964288712e+00 2.672096252441e+00 3.362533569336e+00 2.514690876007e+00 2.186180353165e+00 2.027885198593e+00 1.869001865387e+00 1.979617953300e+00 2.345961332321e+00 2.357343196869e+00 2.128979444504e+00 1.321454405785e+00 8.629931807518e-01 1.315777540207e+00 1.040374398232e+00 1.252640604973e+00 1.330707192421e+00 1.986682295799e+00 1.154211401939e+00 9.158785939217e-01 6.248486042023e-01 5.606634616852e-01 4.337623417377e-01 4.376963973045e-01
7.629561424255e+00 3.326928853989e+00 3.824815273285e+00 2.801018476486e+00 3.596815347672e+00 3.071287631989e+00 3.069846391678e+00 4.311729907990e+00 4.655693054199e+00 3.702691555023e+00 4.932994842529e+00 6.043496608734e+00 3.511280059814e+00 4.108802318573e+00 2.476570844650e+00 2.954137086868e+00 2.718384265900e+00 3.200846910477e+00 3.090399980545e+00 2.810974597931e+00 3.575453281403e+00 2.719279050827e+00 2.306446075439e+00 2.050709486008e+00 2.198401927948e+00 2.115069150925e+00 2.075002908707e+00 2.588148832321e+00 2.603760957718e+00 2.337645530701e+00 1.610012531281e+00 1.447634816170e+00 1.435308456421e+00 1.269430994987e+00 1.229272961617e+00 1.905138850212e+00 1.636423349380e+00 7.740594148636e-01 8.367661833763e-01 8.557087779045e-01 7.936546206474e-01 6.139359474182e-01 4.732029438019e-01
8.412987709045e+00 8.741914749146e+00 3.730390787125e+00 3.668646812439e+00 3.972969770432e+00 3.725391387939e+00 5.176277637482e+00 4.840963840485e+00 4.602905273438e+00 3.455094814301e+00 5.284642696381e+00 6.763550758362e+00 4.048879146576e+00 3.986882925034e+00 3.088152885437e+00 3.139730691910e+00 3.349867820740e+00 3.163598299026e+00 3.068564176559e+00 3.834598779678e+00 2.983114719391e+00 2.642489433289e+00 2.261630773544e+00 1.769585609436e+00 2.220432043076e+00 2.393401861191e+00 2.246327400208e+00 2.789804935455e+00 2.907665729523e+00 2.563416957855e+00 1.909298062325e+00 1.401996493340e+00 1.247482657433e+00 1.059916615486e+00 1.729142904282e+00 1.976583957672e+00 8.810213804245e-01 8.808235526085e-01 9.188586473465e-01 9.320729374886e-01 8.812296986580e-01 7.370052933693e-01 5.121243596077e-01
4.061259269714e+00 1.186265277863e+01 8.632220268250e+00 3.669233322144e+00 4.199418067932e+00 4.650462150574e+00 5.009758472443e+00 5.094489097595e+00 4.096408367157e+00 3.615699291229e+00 6.032353401184e+00 6.648547649384e+00 5.234506130219e+00 3.541608810425e+00 3.225674152374e+00 3.634200096130e+00 5.810470104218e+00 3.636907815933e+00 4.260840892792e+00 3.280088424683e+00 2.444468736649e+00 2.381180524826e+00 1.974395513535e+00 2.470419168472e+00 2.478802680969e+00 2.778084278107e+00 3.040158748627e+00 2.394921779633e+00 2.804223060608e+00 2.801007509232e+00 2.177324295044e+00 1.188017129898e+00 1.182283282280e+00 1.831253051758e+00 1.982709646225e+00 1.158641457558e+00 7.819279432297e-01 7.901812791824e-01 7.872963547707e-01 7.994853258133e-01 7.967787981033e-01 7.381702661514e-01 6.113550662994e-01
7.448988437653e+00 5.691568374634e+00 1.385594749451e+01 6.429925918579e+00 4.260911464691e+00 5.731894969940e+00 4.287376403809e+00 4.782883167267e+00 6.327963829041e+00 4.816977977753e+00 6.611367702484e+00 5.311683177948e+00 5.596278667450e+00 4.696649074554e+00 3.840677499771e+00 3.588939189911e+00 8.442413330078e+00 5.078891277313e+00 3.980023145676e+00 4.960918426514e+00 2.959764242172e+00 2.432505846024e+00 2.596252441406e+00 2.732233762741e+00 2.633451461792e+00 2.719834327698e+00 3.836419343948e+00 2.366716384888e+00 2.920587539673e+00 3.049531698227e+00 2.472897529602e+00 1.594299674034e+00 2.020291090012e+00 1.867281913757e+00 1.067633390427e+00 9.142146706581e-01 8.633726239204e-01 8.083284497261e-01 7.512659430504e-01 6.992967724800e-01 6.871776580811e-01 7.102409005165e-01 6.457332372665e-01
1.011564540863e+01 1.320134925842e+01 8.004045486450e+00 1.363979911804e+01 5.155816078186e+00 6.958355426788e+00 5.934384346008e+00 6.331637859344e+00 8.867578506470e+00 7.218947410583e+00 8.254996299744e+00 4.954314708710e+00 5.099235534668e+00 5.321130275726e+00 4.776782512665e+00 3.759843349457e+00 9.893909454346e+00 5.586331844330e+00 5.834838867188e+00 4.055137157440e+00 2.228046655655e+00 2.426854372025e+00 3.072543621063e+00 2.779375076294e+00 2.540107727051e+00 2.379205226898e+00 3.745932340622e+00 2.602423429489e+00 3.284973144531e+00 3.240821599960e+00 2.570190429688e+00 2.042442560196e+00 1.530463933945e+00 8.272613883018e-01 7.816096544266e-01 8.029003143311e-01 8.065630197525e-01 8.616198897362e-01 8.455330133438e-01 8.017215728760e-01 8.686642050743e-01 1.008638620377e+00 1.052309155464e+00
1.969845771790e+01 1.329641056061e+01 1.406787490845e+01 1.162108993530e+01 1.052525711060e+01 7.844484806061e+00 8.572483062744e+00 7.604167461395e+00 7.680536270142e+00 8.497104644775e+00 9.748591423035e+00 5.760202884674e+00 5.047645568848e+00 5.428118228912e+00 5.951642990112e+00 5.625382423401e+00 7.614923954010e+00 5.596249580383e+00 5.578560352325e+00 4.452101230621e+00 3.641372442245e+00 4.304979324341e+00 4.323389053345e+00 3.577826499939e+00 2.614378929138e+00 2.264063119888e+00 2.944042921066e+00 3.208094358444e+00 3.405854940414e+00 2.846235990524e+00 1.997947812080e+00 1.236935853958e+00 1.082023501396e+00 1.174923419952e+00 1.387721300125e+00 1.519941091537e+00 1.588077306747e+00 1.579183340073e+00 1.497762203217e+00 1.369597673416e+00 1.245014786720e+00 1.229223012924e+00 1.087860465050e+00
