100/SI/f138_max.grd
DSAA
101	101
32.816463539100	34.260883539100
35.556306596100	36.727886596100
8.950427290983e-04	1.578701324463e+02
[rows 38 to 56 of 101, columns 43 to 85 of 101]
9.318759918213e+00 1.436514282227e+01 1.569204902649e+01 8.921178817749e+00 1.550476741791e+01 7.632817268372e+00 7.681624889374e+00 1.060165882111e+01 8.913588523865e+00 7.173429489136e+00 1.046843814850e+01 5.482601642609e+00 6.102270126343e+00 5.214882373810e+00 7.969233989716e+00 5.869936943054e+00 6.191580295563e+00 3.630919456482e+00 4.864931106567e+00 7.337603569031e+00 7.439638614655e+00 5.682258129120e+00 3.914493322372e+00 3.103012084961e+00 2.679199218750e+00 2.384462833405e+00 2.291695833206e+00 2.347856044769e+00 2.090866804123e+00 1.571265339851e+00 1.546712994576e+00 1.829955220222e+00 2.090471029282e+00 2.148981094360e+00 2.177794694901e+00 2.180935382843e+00 2.146216630936e+00 1.981601953506e+00 1.758702158928e+00 1.566257357597e+00 1.410167574883e+00 1.386325836182e+00 1.194949269295e+00
9.279191017151e+00 1.916955375671e+01 1.265834999084e+01 1.764345741272e+01 1.263352680206e+01 1.740179252625e+01 1.512460041046e+01 9.300457954407e+00 9.318365097046e+00 7.259450435638e+00 1.194763660431e+01 7.886910915375e+00 4.910184860229e+00 5.861940860748e+00 1.062305641174e+01 6.244305610657e+00 7.235379695892e+00 1.125953292847e+01 1.005231857300e+01 6.782016754150e+00 4.558612823486e+00 3.103343963623e+00 2.900566816330e+00 2.565783023834e+00 2.561657428741e+00 2.454943895340e+00 2.154465675354e+00 1.880828142166e+00 1.693958401680e+00 1.680502891541e+00 1.842877984047e+00 1.729708909988e+00 1.418573737144e+00 1.234515905380e+00 1.194007515907e+00 1.030365586281e+00 1.074767947197e+00 1.181506037712e+00 1.299425244331e+00 1.436982631683e+00 1.555346965790e+00 2.005170345306e+00 2.074130535126e+00
1.345749282837e+01 9.620441436768e+00 1.688634681702e+01 1.312690925598e+01 1.428619194031e+01 1.846722602844e+01 1.131231784821e+01 1.035207271576e+01 7.474206924438e+00 7.716743469238e+00 1.285988426208e+01 7.135392189026e+00 7.250972270966e+00 7.090849876404e+00 8.642816543579e+00 1.393400859833e+01 9.486015319824e+00 4.869236469269e+00 4.534069538116e+00 3.022035837173e+00 2.319372892380e+00 3.264856576920e+00 4.297371387482e+00 3.857295274734e+00 2.796946287155e+00 2.412117719650e+00 2.362025022507e+00 2.179750919342e+00 1.882868289948e+00 1.749362349510e+00 1.643093585968e+00 1.701501607895e+00 1.628197908401e+00 1.513569593430e+00 1.484609484673e+00 1.559700250626e+00 1.538768768311e+00 1.396914720535e+00 1.770442366600e+00 2.419447183609e+00 1.997030973434e+00 1.468213200569e+00 1.270415663719e+00
1.508120727539e+01 1.376730728149e+01 2.213280105591e+01 1.867794418335e+01 1.791933631897e+01 1.961480140686e+01 1.821948432922e+01 9.984738349915e+00 1.117693805695e+01 1.082507514954e+01 1.241529369354e+01 1.017715263367e+01 9.330908775330e+00 1.590495586395e+01 1.024627780914e+01 7.455111026764e+00 6.428791522980e+00 5.189905166626e+00 3.810009002686e+00 5.918436050415e+00 6.386330604553e+00 3.426088571548e+00 5.385740280151e+00 4.172196865082e+00 3.750746011734e+00 3.303670167923e+00 2.914682626724e+00 2.603557825089e+00 2.342578649521e+00 2.195225000381e+00 4.078069210052e+00 1.728017807007e+00 1.657212495804e+00 1.565120339394e+00 2.066786766052e+00 2.560177564621e+00 2.247019529343e+00 2.578426599503e+00 2.172976493835e+00 2.378604888916e+00 2.396687030792e+00 2.341314077377e+00 2.148084402084e+00
1.448758220673e+01 1.982023429871e+01 1.739731979370e+01 1.728167343140e+01 1.600226020813e+01 2.072083473206e+01 3.148943138123e+01 1.418777084351e+01 1.593564891815e+01 1.627763175964e+01 1.437427902222e+01 1.414300918579e+01 1.707195472717e+01 9.578524589539e+00 1.033349037170e+01 5.849338054657e+00 7.668461799622e+00 1.025896167755e+01 8.090684890747e+00 7.975411891937e+00 8.260158538818e+00 5.516273498535e+00 3.371793746948e+00 3.270472526550e+00 3.029116153717e+00 2.952524662018e+00 3.455392122269e+00 5.949694633484e+00 7.112693309784e+00 6.282682418823e+00 3.090740919113e+00 2.243972778320e+00 2.126188993454e+00 2.453499317169e+00 2.943806886673e+00 2.982477903366e+00 2.716954946518e+00 2.434348583221e+00 1.783682823181e+00 2.214182138443e+00 2.640577077866e+00 2.633874654770e+00 2.531827926636e+00
1.719388198853e+01 2.496231269836e+01 4.071662521362e+01 2.547738838196e+01 4.003376770020e+01 2.154724693298e+01 4.976589202881e+01 1.424408721924e+01 2.660947608948e+01 2.045715522766e+01 1.731755638123e+01 1.761262893677e+01 9.678891181946e+00 1.190180206299e+01 1.312080669403e+01 1.285562705994e+01 8.012496948242e+00 4.788558483124e+00 1.030211257935e+01 8.906284332275e+00 4.907082557678e+00 4.468297958374e+00 4.150340557098e+00 7.527356624603e+00 9.227473258972e+00 8.130928039551e+00 5.410772323608e+00 3.980674028397e+00 4.317964076996e+00 2.753553390503e+00 2.110612154007e+00 3.164628505707e+00 3.937599658966e+00 3.542776346207e+00 3.142557382584e+00 4.195612430573e+00 4.976146697998e+00 4.451866626740e+00 3.194812536240e+00 2.307757139206e+00 2.880115509033e+00 3.161633968353e+00 3.332786083221e+00
2.126770210266e+01 2.677030944824e+01 3.159971427917e+01 4.154062271118e+01 3.479712295532e+01 3.586349868774e+01 5.901350021362e+01 2.350622558594e+01 2.763530158997e+01 2.190501785278e+01 2.139722251892e+01 1.269126129150e+01 1.325425338745e+01 1.654014015198e+01 1.299628067017e+01 9.397708892822e+00 1.350344181061e+01 1.257739257812e+01 9.793328285217e+00 1.238784027100e+01 1.252174472809e+01 1.083319282532e+01 7.729496002197e+00 4.303451538086e+00 4.713101387024e+00 4.241904735565e+00 3.417021274567e+00 3.514282464981e+00 3.678300380707e+00 3.953545570374e+00 3.852398395538e+00 3.294174194336e+00 3.165660381317e+00 2.664486646652e+00 4.810144901276e+00 5.881843090057e+00 5.518033504486e+00 4.068710327148e+00 2.470215559006e+00 1.550947308540e+00 2.144522905350e+00 2.464972734451e+00 2.273814201355e+00
1.997925949097e+01 2.917003250122e+01 3.497517013550e+01 3.370209503174e+01 4.994525527954e+01 3.803623962402e+01 6.075843811035e+01 3.311173248291e+01 2.860285758972e+01 3.157513809204e+01 2.422309875488e+01 1.535690212250e+01 1.581742382050e+01 1.669292068481e+01 9.849751472473e+00 1.421063232422e+01 1.830041122437e+01 1.274551963806e+01 7.400624275208e+00 7.307248115540e+00 6.430678367615e+00 5.115874767303e+00 4.920509815216e+00 5.348145008087e+00 5.352129936218e+00 4.733116149902e+00 4.136961936951e+00 4.034159660339e+00 3.350416183472e+00 3.756531715393e+00 3.504868984222e+00 3.202577352524e+00 2.233319759369e+00 4.033761978149e+00 4.818797111511e+00 4.572215080261e+00 3.199479341507e+00 1.748031377792e+00 2.409874439240e+00 2.273414850235e+00 1.707712292671e+00 1.548776507378e+00 1.674291729927e+00
2.998177719116e+01 4.131725692749e+01 4.239599990845e+01 4.704757308960e+01 5.152895736694e+01 6.486887359619e+01 6.148600006104e+01 1.155335998535e+02 4.301448822021e+01 2.699772644043e+01 2.494923400879e+01 2.287707710266e+01 1.921426200867e+01 2.925943374634e+01 2.548672485352e+01 1.496255588531e+01 1.357091712952e+01 1.402394294739e+01 1.023315334320e+01 9.238251686096e+00 9.140678405762e+00 8.683287620544e+00 9.127223014832e+00 6.786204338074e+00 8.912916183472e+00 7.890193939209e+00 4.931667804718e+00 4.489282131195e+00 4.548257350922e+00 4.235373497009e+00 3.610834836960e+00 3.495883226395e+00 3.603463649750e+00 4.155554771423e+00 3.866002798080e+00 2.972040176392e+00 2.308228015900e+00 2.082542419434e+00 2.028709173203e+00 2.005583524704e+00 1.959240436554e+00 1.886156558990e+00 1.808549284935e+00
1.952806282043e+01 5.436555099487e+01 3.850838851929e+01 4.749610519409e+01 7.579856109619e+01 6.281872940063e+01 7.400060272217e+01 8.616559600830e+01 4.270735168457e+01 4.033877182007e+01 5.179933929443e+01 3.257138061523e+01 4.029280090332e+01 3.139740943909e+01 2.612997245789e+01 2.267377662659e+01 1.919733810425e+01 1.655710983276e+01 1.457142543793e+01 2.050871086121e+01 2.385009956360e+01 9.899292945862e+00 6.346107006073e+00 6.353164196014e+00 8.921540260315e+00 5.741013526917e+00 4.975013256073e+00 4.818641662598e+00 4.374618053436e+00 4.157433986664e+00 3.988223552704e+00 4.118854999542e+00 4.359324932098e+00 3.729167222977e+00 2.856986284256e+00 2.718286275864e+00 2.570331096649e+00 2.061248064041e+00 2.036541700363e+00 1.989011168480e+00 1.836532115936e+00 1.881854176521e+00 1.975255846977e+00
5.027775955200e+01 6.015630340576e+01 6.803682708740e+01 7.211831665039e+01 8.584021759033e+01 1.186194458008e+02 1.578701324463e+02 6.962461090088e+01 5.677984237671e+01 4.111682510376e+01 5.840584945679e+01 5.838588714600e+01 2.144723320007e+01 3.421947860718e+01 3.763954544067e+01 1.883661079407e+01 1.708911323547e+01 1.797182846069e+01 1.965816116333e+01 2.292845344543e+01 1.753469085693e+01 7.913412094116e+00 8.425416946411e+00 7.105983257294e+00 6.517165184021e+00 5.603233337402e+00 5.441635608673e+00 5.398784637451e+00 4.488845348358e+00 3.118148565292e+00 2.854265689850e+00 3.117615222931e+00 3.339945077896e+00 3.429900884628e+00 3.318261384964e+00 3.172017574310e+00 2.823838233948e+00 2.906623840332e+00 3.233442783356e+00 3.304371356964e+00 2.952734708786e+00 2.558246850967e+00 2.229991436005e+00
3.417585754395e+01 6.092523956299e+01 6.368162918091e+01 8.134533691406e+01 8.184796142578e+01 8.069604492188e+01 7.952249908447e+01 6.307259368896e+01 4.455699157715e+01 5.028181838989e+01 4.832865905762e+01 5.037092208862e+01 6.135380172729e+01 2.627746009827e+01 2.307186508179e+01 1.432554626465e+01 1.291382884979e+01 9.042817115784e+00 8.433744430542e+00 7.130013942719e+00 6.172805309296e+00 6.976584434509e+00 8.578618049622e+00 9.845082283020e+00 1.004403972626e+01 8.763734817505e+00 6.853240966797e+00 4.738147735596e+00 3.299488782883e+00 2.720371723175e+00 2.347953796387e+00 2.586820602417e+00 3.341311454773e+00 2.227098464966e+00 2.531087398529e+00 2.758491277695e+00 2.200388431549e+00 2.707184553146e+00 3.193563938141e+00 3.378672361374e+00 3.825472116470e+00 4.794237613678e+00 5.435043811798e+00
1.339502811432e+01 1.848739051819e+01 2.928350639343e+01 1.379955139160e+02 7.484345245361e+01 7.155309295654e+01 4.030930709839e+01 4.120545959473e+01 3.820568847656e+01 6.003042984009e+01 5.713247299194e+01 8.168901062012e+01 1.165052795410e+02 8.442071533203e+01 5.437290573120e+01 2.486876869202e+01 1.164332675934e+01 8.239854812622e+00 7.702898025513e+00 1.029247283936e+01 1.341873836517e+01 1.240177631378e+01 9.127952575684e+00 5.850579738617e+00 6.475360870361e+00 6.087066173553e+00 8.548697471619e+00 1.266135692596e+01 5.857476234436e+00 3.189790248871e+00 2.979695081711e+00 4.892088413239e+00 3.168207406998e+00 1.953549146652e+00 1.766427397728e+00 1.826390147209e+00 1.846776962280e+00 1.898429036140e+00 1.930085062981e+00 1.926364779472e+00 1.927278399467e+00 2.127740859985e+00 1.859739065170e+00
2.457167625427e+00 5.955729961395e+00 1.453332996368e+01 1.902720069885e+01 1.968672561646e+01 1.923224258423e+01 1.486692333221e+01 2.094595527649e+01 2.032143592834e+01 3.325256729126e+01 6.710056304932e+01 7.605451965332e+01 1.041965637207e+02 5.774751281738e+01 4.137282180786e+01 2.324300765991e+01 1.057756900787e+01 5.536573886871e+00 6.172480106354e+00 1.295478248596e+01 4.112769317627e+01 1.724470329285e+01 1.472794342041e+01 1.128695297241e+01 1.146623039246e+01 9.819766998291e+00 1.035484027863e+01 7.235420227051e+00 3.730067729950e+00 4.947514533997e+00 4.175867557526e+00 4.088541984558e+00 2.543592453003e+00 2.314945459366e+00 1.618871450424e+00 1.441681146622e+00 1.487519741058e+00 1.473489165306e+00 1.590300679207e+00 1.509084105492e+00 1.962013840675e+00 2.301768302917e+00 2.224177837372e+00
1.613325595856e+00 3.050716638565e+00 9.324483871460e+00 5.561817646027e+00 4.639887809753e+00 3.846715450287e+00 5.896046161652e+00 9.615904808044e+00 9.998394966125e+00 1.070439910889e+01 3.059923744202e+01 1.445664062500e+02 1.188881835938e+02 5.291112518311e+01 2.497217941284e+01 7.238248348236e+00 4.213997364044e+00 2.769750118256e+00 3.425323486328e+00 8.872686386108e+00 2.029871368408e+01 3.518331146240e+01 1.752966117859e+01 1.330945110321e+01 1.048722648621e+01 7.855942726135e+00 8.301110267639e+00 7.730338096619e+00 6.770606517792e+00 6.142495155334e+00 7.447845458984e+00 3.248754501343e+00 2.971620798111e+00 2.408535480499e+00 2.473201036453e+00 2.310638189316e+00 1.942415356636e+00 1.605999231339e+00 1.882976055145e+00 2.171963930130e+00 2.542240858078e+00 2.500728607178e+00 2.131120204926e+00
1.097074389458e+00 4.565189361572e+00 1.055455589294e+01 9.982066154480e+00 1.975667476654e+00 2.328766822815e+00 2.243708372116e+00 4.495452880859e+00 6.868379116058e+00 1.355433368683e+01 1.944365310669e+01 4.076504898071e+01 8.545539855957e+01 5.913547897339e+01 7.927444458008e+01 1.918504714966e+01 2.405272960663e+00 1.507914185524e+00 2.363239765167e+00 8.347782135010e+00 2.325596237183e+01 3.714909362793e+01 2.817250633240e+01 1.911919593811e+01 1.328136920929e+01 8.373254776001e+00 9.529415130615e+00 7.017195224762e+00 6.845658779144e+00 6.804263591766e+00 5.608887672424e+00 4.470522880554e+00 3.148821115494e+00 3.391399860382e+00 3.091950178146e+00 2.385838747025e+00 2.199358701706e+00 2.009821414948e+00 1.875678896904e+00 2.188225030899e+00 2.396816730499e+00 2.328028202057e+00 2.060245513916e+00
9.736802577972e-01 2.350660562515e+00 1.559666824341e+01 1.934203910828e+01 1.049555110931e+01 1.554767012596e+00 1.204051017761e+00 2.218437910080e+00 2.208056688309e+00 1.867730021477e+00 1.561507582664e+00 6.532191753387e+00 2.857399177551e+01 1.777362823486e+01 9.526604461670e+01 1.214180564880e+01 6.841668605804e+00 2.671177864075e+00 2.107652664185e+00 6.807930946350e+00 1.311709880829e+01 1.182934951782e+02 3.784176635742e+01 1.603211784363e+01 1.610502052307e+01 8.557749748230e+00 9.147692680359e+00 7.686514377594e+00 1.090283012390e+01 8.360031127930e+00 4.788618087769e+00 4.812814235687e+00 4.442372322083e+00 4.225762367249e+00 4.146241188049e+00 3.305470466614e+00 3.354167461395e+00 3.702092647552e+00 2.390473842621e+00 1.839878082275e+00 1.823916316032e+00 1.797656893730e+00 1.998604655266e+00
6.234932541847e-01 1.045372128487e+00 1.325131416321e+00 7.657420635223e+00 4.834883689880e+00 1.101407408714e+00 9.371120929718e-01 1.094429850578e+00 1.024447083473e+00 9.833065271378e-01 7.115297913551e-01 7.942131161690e-01 2.402646064758e+00 1.652475166321e+01 4.552146530151e+01 1.128795242310e+01 9.122789382935e+00 4.142691135406e+00 2.448609590530e+00 4.802880287170e+00 5.852074146271e+00 7.812193870544e+00 7.323706626892e+00 5.565327644348e+00 7.862473011017e+00 1.311535739899e+01 1.129747104645e+01 1.125415420532e+01 7.405913829803e+00 9.447894096375e+00 9.844840049744e+00 8.563496589661e+00 5.639323711395e+00 4.384638309479e+00 4.169784069061e+00 3.639113426208e+00 3.109949111938e+00 3.236353874207e+00 3.144038915634e+00 2.083950281143e+00 1.721548080444e+00 1.768564224243e+00 1.844024181366e+00
6.695411205292e-01 1.056010246277e+00 6.968117952347e-01 8.084388971329e-01 8.270947933197e-01 9.567804932594e-01 8.617805242538e-01 8.083562850952e-01 7.579417228699e-01 5.842199921608e-01 4.131974577904e-01 3.369173705578e-01 5.622431635857e-01 1.649955749512e+01 2.479871559143e+01 3.001463317871e+01 7.562362670898e+00 8.847584724426e+00 8.072606086731e+00 2.765971183777e+00 3.048124790192e+00 5.732039928436e+00 1.568837070465e+01 1.527262687683e+01 1.986170005798e+01 1.991287612915e+01 1.859200477600e+01 1.748468780518e+01 1.646108818054e+01 1.560707283020e+01 1.653799057007e+01 2.020855331421e+01 1.726420974731e+01 7.031599521637e+00 2.841577768326e+00 3.374309301376e+00 3.694337606430e+00 2.555103778839e+00 2.577097654343e+00 1.819614291191e+00 1.835788488388e+00 1.319944143295e+00 1.498295903206e+00
