100/SI/f138_max.grd
DSAA
101	101
32.816463539100	34.260883539100
35.556306596100	36.727886596100
8.950427290983e-04	1.578701324463e+02
[rows 76 to 94 of 101, columns 43 to 85 of 101]
2.401968836784e-01 2.057049870491e-01 3.680661916733e-01 9.513757824898e-01 1.019736766815e+00 2.059209108353e+00 3.315355539322e+00 3.740458726883e+00 2.313277006149e+00 6.408860087395e-01 2.120388031006e+00 4.779219627380e+00 3.591034173965e+00 9.696697592735e-01 4.218451082706e-01 5.995290279388e-01 6.735007762909e-01 3.724215030670e-01 3.394861817360e-01 4.186273217201e-01 1.467285990715e+00 3.260702610016e+00 7.547875642776e-01 5.124926567078e-01 3.723522722721e-01 2.501257359982e-01 1.279860734940e-01 1.100842356682e-01 1.072088479996e-01 1.011345610023e-01 9.484302252531e-02 9.899581223726e-02 1.043506041169e-01 1.108273863792e-01 1.120635122061e-01 1.044480502605e-01 9.592849016190e-02 8.978865295649e-02 8.557184785604e-02 8.315657824278e-02 9.330825507641e-02 1.478778570890e-01 2.003702819347e-01
3.806499838829e-01 5.182139277458e-01 6.557720899582e-01 7.015193700790e-01 9.313486218452e-01 1.332180142403e+00 1.745808362961e+00 1.526349782944e+00 2.416094064713e+00 3.533608436584e+00 3.514719009399e+00 1.694581866264e+00 1.239409089088e+00 1.006929874420e+00 6.523717641830e-01 8.362950682640e-01 2.461856752634e-01 1.254094094038e-01 1.537483036518e-01 1.717120260000e-01 1.305624544621e-01 1.565430462360e-01 2.477321922779e-01 2.568657994270e-01 2.338354885578e-01 1.436614990234e-01 6.993030011654e-02 6.275220960379e-02 7.201347500086e-02 8.305770158768e-02 8.872090280056e-02 9.080800414085e-02 9.039945900440e-02 8.650836348534e-02 7.533854246140e-02 6.057078018785e-02 4.879829660058e-02 4.720875993371e-02 5.009325966239e-02 5.967568978667e-02 7.881431281567e-02 1.340233236551e-01 1.781076341867e-01
8.224296569824e-01 1.244794130325e+00 8.029080033302e-01 3.599089682102e-01 4.542526602745e-01 1.520029902458e+00 4.268478870392e+00 5.697689056396e+00 4.297335147858e+00 2.136037588120e+00 1.182184219360e+00 7.924255728722e-01 5.132977962494e-01 8.131106495857e-01 8.577637672424e-01 2.753902077675e-01 9.136909991503e-02 8.342793583870e-02 8.610206842422e-02 1.147600337863e-01 8.589645475149e-02 7.850115746260e-02 9.080535918474e-02 1.037346944213e-01 9.408620744944e-02 8.778028190136e-02 7.027649134398e-02 7.328113168478e-02 6.154691427946e-02 6.935523450375e-02 7.267028093338e-02 6.782058626413e-02 6.604021042585e-02 6.389913707972e-02 4.508016258478e-02 4.320995882154e-02 4.588590189815e-02 4.570114240050e-02 4.474508389831e-02 4.790163412690e-02 5.856430530548e-02 1.175534948707e-01 1.712857484818e-01
1.145122408867e+00 1.340812087059e+00 4.583009481430e-01 4.839660823345e-01 1.554944157600e+00 2.789106130600e+00 2.882575035095e+00 2.494751214981e+00 2.244613885880e+00 1.021873593330e+00 9.611661434174e-01 1.136149764061e+00 7.372962832451e-01 5.334267020226e-01 1.718483120203e-01 1.015568003058e-01 6.398187577724e-02 6.172948330641e-02 5.938593298197e-02 7.213535904884e-02 6.580676138401e-02 6.584148108959e-02 6.128160655499e-02 5.988571420312e-02 5.871680378914e-02 5.999048054218e-02 5.810410901904e-02 5.917662382126e-02 6.354545056820e-02 6.098387390375e-02 6.183490529656e-02 5.093153938651e-02 5.640527978539e-02 5.919855833054e-02 4.718628525734e-02 3.588918223977e-02 4.290812835097e-02 4.563276469707e-02 4.581357538700e-02 4.502442106605e-02 4.678172245622e-02 6.335239112377e-02 1.059594526887e-01
4.978450238705e-01 9.478405714035e-01 1.348862171173e+00 1.587822198868e+00 1.602220892906e+00 1.319737076759e+00 1.617822766304e+00 1.978015661240e+00 2.842576503754e+00 1.141719222069e+00 1.157022595406e+00 7.055783867836e-01 2.971141338348e-01 1.138815879822e-01 7.875788211823e-02 6.422516703606e-02 5.772364512086e-02 5.210818350315e-02 4.776617512107e-02 4.468283429742e-02 4.909589886665e-02 3.888072073460e-02 3.943448513746e-02 3.931722044945e-02 4.125239700079e-02 4.340097308159e-02 4.389424249530e-02 4.029889404774e-02 3.394619375467e-02 4.077303037047e-02 4.057275131345e-02 3.948304429650e-02 4.441704601049e-02 4.938218370080e-02 4.540024697781e-02 3.561994805932e-02 3.988236561418e-02 4.475412145257e-02 4.594749212265e-02 4.712297767401e-02 5.464820191264e-02 6.563758850098e-02 8.140243589878e-02
6.046388745308e-01 1.689520597458e+00 3.136043071747e+00 1.900223493576e+00 1.278033375740e+00 2.011425495148e+00 2.730252742767e+00 3.706897974014e+00 1.767149925232e+00 9.789793491364e-01 4.619800150394e-01 2.815984487534e-01 1.169049069285e-01 6.699237972498e-02 4.809851944447e-02 3.998033329844e-02 3.679305687547e-02 3.422784805298e-02 3.513785451651e-02 3.743723407388e-02 3.774863108993e-02 3.514857217669e-02 3.487251326442e-02 3.716356679797e-02 4.443442448974e-02 5.183773115277e-02 5.681347846985e-02 5.534306913614e-02 4.381248727441e-02 3.313590213656e-02 3.287493065000e-02 3.039130009711e-02 3.192742913961e-02 3.980908542871e-02 4.112722352147e-02 3.828104957938e-02 3.628069534898e-02 4.247429221869e-02 4.483187571168e-02 4.529088735580e-02 5.241015553474e-02 7.254410535097e-02 9.803808480501e-02
1.042507767677e+00 3.234879255295e+00 2.476704120636e+00 1.953368306160e+00 2.169901371002e+00 2.106166124344e+00 1.454742550850e+00 1.429335594177e+00 1.109326004982e+00 5.714955925941e-01 2.417516112328e-01 1.616907268763e-01 6.981850415468e-02 4.470536112785e-02 3.668263182044e-02 3.008222579956e-02 2.980628423393e-02 3.187940642238e-02 3.120444156229e-02 2.970882132649e-02 3.230169415474e-02 3.259407728910e-02 3.231806308031e-02 3.244316205382e-02 4.051811620593e-02 4.981058090925e-02 5.667285993695e-02 5.666036903858e-02 4.612419009209e-02 3.044732660055e-02 3.186854347587e-02 3.305958583951e-02 2.710383012891e-02 2.944111451507e-02 3.504246100783e-02 3.904163837433e-02 3.934995830059e-02 3.887651115656e-02 4.248892143369e-02 4.436247795820e-02 4.391460865736e-02 4.958480596542e-02 6.363254040480e-02
1.353398084641e+00 2.287163257599e+00 1.349188804626e+00 8.210092186928e-01 5.564217567444e-01 7.107393145561e-01 6.718190908432e-01 8.018093705177e-01 6.024746298790e-01 2.342234700918e-01 1.861548274755e-01 1.158939376473e-01 7.484734058380e-02 5.578378960490e-02 3.493503108621e-02 2.856761775911e-02 3.066080622375e-02 3.097705915570e-02 2.827185764909e-02 2.664132416248e-02 3.091237694025e-02 3.389096260071e-02 3.552504628897e-02 3.437848016620e-02 3.164345398545e-02 3.786689043045e-02 4.233922436833e-02 4.205837100744e-02 3.486018255353e-02 2.743805758655e-02 2.827800065279e-02 3.108224458992e-02 2.974732406437e-02 2.584185823798e-02 2.610355988145e-02 3.208290785551e-02 3.558498620987e-02 3.446965664625e-02 3.921790048480e-02 4.260347411036e-02 4.342801496387e-02 4.661160707474e-02 5.119507387280e-02
1.946281671524e+00 1.604815244675e+00 5.171695947647e-01 4.002765417099e-01 4.262656271458e-01 2.513314187527e-01 4.091561436653e-01 5.722537636757e-01 3.824525773525e-01 1.892915070057e-01 1.670030653477e-01 8.394687622786e-02 7.863172143698e-02 7.490994781256e-02 4.708014428616e-02 3.695127367973e-02 3.143633157015e-02 2.982197329402e-02 2.578071691096e-02 2.570304088295e-02 3.110495395958e-02 3.731961920857e-02 4.109622538090e-02 3.849131986499e-02 3.297168388963e-02 2.835502102971e-02 3.054118901491e-02 3.273117169738e-02 3.263335675001e-02 3.428499028087e-02 3.086905553937e-02 2.864370495081e-02 2.850492857397e-02 2.593581750989e-02 2.496738918126e-02 3.018487058580e-02 3.306015953422e-02 3.225958347321e-02 3.530212864280e-02 3.972996398807e-02 4.169125482440e-02 4.657797142863e-02 5.855508148670e-02
3.052944183350e+00 1.344898819923e+00 2.800022959709e-01 1.923136562109e-01 1.462802290916e-01 1.784642636776e-01 1.899852752686e-01 4.321692585945e-01 4.408734440804e-01 2.708104550838e-01 1.358900368214e-01 7.819151878357e-02 6.804571300745e-02 7.153347134590e-02 5.897011980414e-02 3.635355085135e-02 3.092462010682e-02 2.870929613709e-02 2.392176724970e-02 2.542768232524e-02 3.187173232436e-02 4.164280742407e-02 4.549101740122e-02 4.048642888665e-02 3.407929092646e-02 3.007833659649e-02 3.166790306568e-02 3.532577678561e-02 3.692206367850e-02 3.580323979259e-02 3.322010114789e-02 2.781478501856e-02 3.182614222169e-02 2.593712136149e-02 2.429953217506e-02 2.653523907065e-02 3.339960798621e-02 3.682580962777e-02 3.928624093533e-02 4.472141712904e-02 5.143056809902e-02 5.341117456555e-02 5.188513174653e-02
2.626698255539e+00 8.080235719681e-01 2.105002254248e-01 1.180244088173e-01 1.071233674884e-01 1.217176988721e-01 2.211724519730e-01 2.839803099632e-01 3.387335240841e-01 2.364751547575e-01 1.567754149437e-01 9.085880219936e-02 5.795089155436e-02 5.185079574585e-02 4.990481957793e-02 4.227242618799e-02 3.503288701177e-02 3.860528022051e-02 3.229264169931e-02 2.806916646659e-02 3.503879532218e-02 4.685826599598e-02 4.885616898537e-02 4.111290723085e-02 3.498073667288e-02 3.194213286042e-02 3.319457545877e-02 3.728341683745e-02 4.020436480641e-02 3.751369938254e-02 3.271717950702e-02 2.714166231453e-02 3.252348676324e-02 2.511121518910e-02 2.387593500316e-02 2.290794998407e-02 2.507657743990e-02 3.307406976819e-02 4.218501597643e-02 5.438480153680e-02 6.645075231791e-02 7.116433233023e-02 7.190746068954e-02
1.375445723534e+00 2.634841501713e-01 1.240715980530e-01 1.084611639380e-01 9.031943231821e-02 8.835308253765e-02 1.423513442278e-01 7.924637198448e-02 2.054597139359e-01 3.104366958141e-01 2.248164713383e-01 1.718339920044e-01 8.495480567217e-02 5.277150496840e-02 4.522138461471e-02 4.550222307444e-02 4.833600297570e-02 4.354846477509e-02 3.832708671689e-02 3.416833654046e-02 4.183318465948e-02 5.149184912443e-02 4.969498142600e-02 4.193318635225e-02 3.749763593078e-02 3.535669296980e-02 3.525396808982e-02 3.917417302728e-02 4.246319085360e-02 4.061751067638e-02 3.398747369647e-02 2.692712843418e-02 3.076275810599e-02 2.779242955148e-02 2.361631952226e-02 2.355640940368e-02 2.276803366840e-02 2.384827658534e-02 3.049340285361e-02 4.664951935410e-02 6.369534134865e-02 7.417314499617e-02 8.015368133783e-02
3.714051544666e-01 1.501568108797e-01 9.815910458565e-02 9.341293573380e-02 7.063492387533e-02 6.467080116272e-02 6.409788876772e-02 6.221019104123e-02 7.469088584185e-02 2.557089328766e-01 2.836594879627e-01 4.163077473640e-01 2.669727802277e-01 9.673763811588e-02 6.043939292431e-02 5.052662640810e-02 5.478778108954e-02 6.474124640226e-02 6.037919968367e-02 4.845844954252e-02 4.757601395249e-02 5.342860519886e-02 4.817826300859e-02 4.169118776917e-02 3.931292146444e-02 3.900861367583e-02 3.983053192496e-02 4.004250466824e-02 4.342434182763e-02 4.349226504564e-02 3.748100250959e-02 2.895200811327e-02 2.894514985383e-02 2.887184731662e-02 2.693803049624e-02 2.762858383358e-02 2.738565206528e-02 2.695858851075e-02 2.667441405356e-02 2.685644291341e-02 3.620220720768e-02 4.811701551080e-02 5.667613446712e-02
1.390835046768e-01 8.433733880520e-02 8.777449280024e-02 7.615941017866e-02 6.022340431809e-02 5.467044189572e-02 4.747377336025e-02 4.817218706012e-02 5.615723133087e-02 1.059093475342e-01 4.245606064796e-01 1.041545867920e+00 7.150850296021e-01 2.286520004272e-01 1.010828986764e-01 6.319492310286e-02 5.720521882176e-02 6.853836774826e-02 6.644488126040e-02 7.020448148251e-02 6.766616553068e-02 5.585868656635e-02 5.009718239307e-02 4.505890980363e-02 4.376183822751e-02 4.417654126883e-02 4.418861865997e-02 4.314750432968e-02 4.347002878785e-02 4.569182917476e-02 4.123768210411e-02 3.020135685802e-02 2.832550369203e-02 2.787913568318e-02 2.901259250939e-02 3.118694201112e-02 3.266995027661e-02 3.316855430603e-02 3.297491371632e-02 3.187136352062e-02 3.127631545067e-02 3.292903676629e-02 3.400597721338e-02
1.203048527241e-01 7.203310728073e-02 7.795539498329e-02 5.934984609485e-02 4.709342122078e-02 4.435993731022e-02 3.870233893394e-02 4.095774143934e-02 4.096959531307e-02 7.425823807716e-02 3.217312693596e-01 8.670495748520e-01 7.818357348442e-01 5.040692687035e-01 1.230864450336e-01 6.941142678261e-02 5.294259637594e-02 7.592810690403e-02 9.033816307783e-02 8.490736037493e-02 6.955257058144e-02 5.450463667512e-02 5.413088947535e-02 5.103561654687e-02 4.942736029625e-02 4.839460551739e-02 4.643214866519e-02 4.246565699577e-02 4.373963549733e-02 4.607302322984e-02 4.057190939784e-02 3.203149884939e-02 3.315543755889e-02 3.210755810142e-02 3.048349358141e-02 2.909482643008e-02 3.111213818192e-02 3.234255686402e-02 3.206362947822e-02 3.008636087179e-02 3.270649164915e-02 3.863281011581e-02 4.285984858871e-02
1.481398046017e-01 7.797325402498e-02 6.804314255714e-02 5.085784941912e-02 3.846773132682e-02 3.629460930824e-02 3.704322874546e-02 3.648038581014e-02 3.599220514297e-02 4.657898470759e-02 1.224794685841e-01 4.439336955547e-01 1.613693118095e+00 1.246060967445e+00 2.099947035313e-01 8.097813278437e-02 8.896870166063e-02 9.509579837322e-02 8.474932610989e-02 6.759816408157e-02 5.502840504050e-02 5.627477169037e-02 5.983255058527e-02 5.810558795929e-02 5.430483818054e-02 4.940173774958e-02 4.284434765577e-02 3.869128599763e-02 4.509929567575e-02 4.627195745707e-02 4.245061054826e-02 4.723189771175e-02 4.742442071438e-02 4.492713510990e-02 4.043858125806e-02 3.151269257069e-02 2.585247904062e-02 2.567490749061e-02 2.599048614502e-02 2.799708954990e-02 3.290268033743e-02 4.100286215544e-02 5.081660300493e-02
1.567762345076e-01 8.840743452311e-02 6.639748811722e-02 4.438447207212e-02 3.434793278575e-02 3.598352521658e-02 3.550593554974e-02 3.481125086546e-02 3.140132874250e-02 3.564049676061e-02 6.937042623758e-02 2.262414395809e-01 7.859032154083e-01 6.942718029022e-01 2.338229119778e-01 1.341308355331e-01 1.105414777994e-01 8.597065508366e-02 6.638411432505e-02 5.319838598371e-02 5.319758877158e-02 5.693749710917e-02 6.071008369327e-02 5.791827663779e-02 5.019037425518e-02 4.082858189940e-02 3.331032395363e-02 3.623352199793e-02 4.523908719420e-02 4.745165258646e-02 5.029147863388e-02 5.534879863262e-02 5.506563559175e-02 5.140152573586e-02 4.375567287207e-02 3.212386369705e-02 3.298242017627e-02 3.427369147539e-02 3.626929968596e-02 3.795323893428e-02 3.834108635783e-02 4.212355241179e-02 5.434441566467e-02
1.465292870998e-01 7.904118299484e-02 5.586592480540e-02 3.487848863006e-02 3.293648362160e-02 3.548074141145e-02 3.425211086869e-02 2.962451986969e-02 2.354243956506e-02 3.204728290439e-02 5.897746607661e-02 1.003399267793e-01 2.784821987152e-01 3.323323130608e-01 2.418779879808e-01 1.487272828817e-01 9.434735774994e-02 6.720607727766e-02 6.243522837758e-02 6.082224100828e-02 5.496871098876e-02 5.212280526757e-02 5.054434761405e-02 4.454311355948e-02 3.525198996067e-02 3.099624812603e-02 3.054477088153e-02 3.255376964808e-02 4.205465316772e-02 4.693754017353e-02 3.558216989040e-02 3.887705132365e-02 3.896468877792e-02 3.650946542621e-02 3.460581973195e-02 3.793462738395e-02 4.109697416425e-02 4.521867632866e-02 4.960531741381e-02 5.202281102538e-02 5.106012150645e-02 4.746042191982e-02 5.326579511166e-02
1.308681964874e-01 5.995647236705e-02 4.019458591938e-02 2.551443316042e-02 3.080318868160e-02 3.413103148341e-02 3.267798572779e-02 2.696948871017e-02 1.992886886001e-02 2.877383306623e-02 5.296036228538e-02 8.212804794312e-02 1.939557045698e-01 2.499284744263e-01 1.951678693295e-01 1.160171851516e-01 7.204084098339e-02 6.713375449181e-02 6.621263921261e-02 5.568663775921e-02 4.443125799298e-02 3.721703961492e-02 3.265240043402e-02 2.743949182332e-02 2.554655447602e-02 2.506026066840e-02 2.505769766867e-02 2.764977887273e-02 3.656057268381e-02 4.271239787340e-02 3.332912176847e-02 2.633436769247e-02 2.482108958066e-02 3.179970011115e-02 3.773510456085e-02 4.299719259143e-02 4.908173903823e-02 5.659760162234e-02 6.358849257231e-02 6.639196723700e-02 6.307066977024e-02 5.550568923354e-02 5.243759974837e-02
