100/SI/f138_max.grd
DSAA
101	101
32.816463539100	34.260883539100
35.556306596100	36.727886596100
8.950427290983e-04	1.578701324463e+02
[rows 0 to 18 of 101, columns 0 to 42 of 101]
1.378362774849e-01 2.461489439011e-01 2.179193198681e-01 1.303994655609e-01 1.124574318528e-01 1.479035466909e-01 2.935474812984e-01 4.078249037266e-01 3.636161088943e-01 2.163471281528e-01 1.347523182631e-01 1.548117846251e-01 1.643051356077e-01 1.585981547832e-01 1.359797716141e-01 2.057773321867e-01 3.089723289013e-01 3.580333590508e-01 2.560513019562e-01 1.656006872654e-01 1.906034648418e-01 2.056868225336e-01 1.485914736986e-01 1.331817507744e-01 1.430335342884e-01 1.954345703125e-01 2.901264727116e-01 3.316093087196e-01 4.379709661007e-01 3.496062755585e-01 2.598175406456e-01 2.442874759436e-01 2.121724635363e-01 1.684906333685e-01 1.360543817282e-01 1.319942772388e-01 1.216117069125e-01 1.647123247385e-01 2.305456250906e-01 2.639375329018e-01 2.209143489599e-01 1.900649666786e-01 1.809777766466e-01
2.552474737167e-01 4.813973009586e-01 4.717866480350e-01 3.293055891991e-01 2.358593642712e-01 2.859679460526e-01 5.650224089622e-01 7.786893248558e-01 6.866644620895e-01 3.986662030220e-01 2.315471768379e-01 2.646931409836e-01 2.794632613659e-01 2.660036683083e-01 2.289186865091e-01 3.067255914211e-01 4.873940050602e-01 6.378561854362e-01 5.769568681717e-01 3.450815379620e-01 3.477634489536e-01 5.369282364845e-01 2.831687331200e-01 2.559535205364e-01 2.951132357121e-01 3.820554912090e-01 4.865286052227e-01 5.560574531555e-01 8.328142762184e-01 6.494582891464e-01 4.226666986942e-01 3.832178115845e-01 3.768678605556e-01 2.871414124966e-01 3.090645968914e-01 3.234004974365e-01 3.255902230740e-01 3.658225834370e-01 4.592068493366e-01 4.615871608257e-01 3.414238393307e-01 3.430531919003e-01 3.745239078999e-01
2.501765787601e-01 5.130167007446e-01 5.746929645538e-01 4.917764067650e-01 3.160275816917e-01 3.303607702255e-01 6.542769074440e-01 8.857893347740e-01 7.563306093216e-01 4.130119681358e-01 2.927726209164e-01 3.299525976181e-01 3.408169448376e-01 3.153063058853e-01 2.596429586411e-01 2.463171631098e-01 3.215319812298e-01 4.792881309986e-01 5.475862026215e-01 4.457261264324e-01 5.547289848328e-01 8.304565548897e-01 3.648620843887e-01 3.175334930420e-01 3.930277526379e-01 4.756290912628e-01 4.937357008457e-01 5.056346058846e-01 9.713676571846e-01 7.288925647736e-01 4.103681147099e-01 3.520484268665e-01 5.151358246803e-01 2.748099863529e-01 2.905738353729e-01 3.338119685650e-01 4.203922450542e-01 5.317116379738e-01 5.553627014160e-01 4.599143564701e-01 4.670432209969e-01 3.187164962292e-01 4.202908277512e-01
2.245286405087e-01 4.930464327335e-01 5.826957225800e-01 5.949755907059e-01 4.779049158096e-01 3.385467827320e-01 6.843848824501e-01 9.069985747337e-01 7.315672039986e-01 3.551681935787e-01 3.244745433331e-01 3.580515682697e-01 3.564506173134e-01 3.171493709087e-01 2.522413134575e-01 2.518382668495e-01 2.399807274342e-01 2.795831859112e-01 3.630442023277e-01 4.209768176079e-01 9.305927157402e-01 1.057312726974e+00 4.104649126530e-01 3.493109643459e-01 4.343032240868e-01 4.978402554989e-01 4.763658344746e-01 4.684118032455e-01 9.739473462105e-01 7.094061970711e-01 3.617471158504e-01 2.964449226856e-01 5.934950113297e-01 3.162941634655e-01 3.280159235001e-01 4.630692005157e-01 5.721201896667e-01 5.956707000732e-01 5.040391683578e-01 5.835621953011e-01 5.643332004547e-01 3.492088615894e-01 3.858759403229e-01
2.198329418898e-01 4.722644388676e-01 5.580651164055e-01 6.127588748932e-01 5.857696533203e-01 4.138196706772e-01 6.990889906883e-01 9.071233272552e-01 6.867504119873e-01 2.999026775360e-01 3.484738767147e-01 3.708089888096e-01 3.630307018757e-01 3.615826070309e-01 3.322423994541e-01 2.809149324894e-01 2.654408216476e-01 2.637693881989e-01 3.825131356716e-01 7.723795175552e-01 1.293536186218e+00 1.162253975868e+00 4.412265717983e-01 4.916616678238e-01 4.353043437004e-01 4.871777892113e-01 4.371693730354e-01 4.666256010532e-01 9.227721095085e-01 6.688356995583e-01 4.274823665619e-01 3.368169963360e-01 6.324900388718e-01 3.678717315197e-01 5.152211785316e-01 6.159152984619e-01 6.222277879715e-01 5.251829028130e-01 3.617526590824e-01 5.998399853706e-01 6.942437291145e-01 4.669842720032e-01 3.064790666103e-01
2.031382173300e-01 4.129744470119e-01 4.984058439732e-01 5.410446524620e-01 5.993175506592e-01 4.984800815582e-01 6.994494199753e-01 8.792582750320e-01 6.200504302979e-01 3.309062719345e-01 3.705250918865e-01 4.104386568069e-01 4.376456737518e-01 4.239298999310e-01 3.818405270576e-01 3.113501667976e-01 2.518543303013e-01 2.772073745728e-01 6.081067323685e-01 1.100417613983e+00 1.505406260490e+00 1.148946046829e+00 4.919306039810e-01 7.490174770355e-01 4.609572291374e-01 4.575154483318e-01 3.921044468880e-01 5.021858215332e-01 8.263429999352e-01 6.649398207664e-01 4.316060245037e-01 3.504289388657e-01 7.327255010605e-01 5.504611730576e-01 6.523990631104e-01 6.445189118385e-01 5.349372029305e-01 3.702174723148e-01 4.076049029827e-01 5.656083226204e-01 8.510805368423e-01 5.431346297264e-01 2.947257757187e-01
2.563941776752e-01 4.550155699253e-01 4.247238039970e-01 4.202387630939e-01 5.185739994049e-01 5.016302466393e-01 6.894660592079e-01 8.417063355446e-01 5.574712157249e-01 3.653310239315e-01 4.127051532269e-01 4.697111248970e-01 4.763735532761e-01 4.435912370682e-01 3.782741725445e-01 3.518522679806e-01 3.378296494484e-01 4.221481680870e-01 8.200045228004e-01 1.314665675163e+00 1.559910416603e+00 1.050500869751e+00 6.341652870178e-01 9.500737190247e-01 6.683709621429e-01 4.178972542286e-01 3.747023940086e-01 9.308875799179e-01 1.308280467987e+00 8.482733964920e-01 4.782501161098e-01 4.092302918434e-01 8.041201829910e-01 6.453860402107e-01 6.447651982307e-01 5.353087782860e-01 3.733652532101e-01 4.090140461922e-01 5.924925804138e-01 7.477111816406e-01 8.757153153419e-01 6.363516449928e-01 3.078958392143e-01
2.608160078526e-01 5.210779309273e-01 5.378524661064e-01 3.890883922577e-01 3.764464855194e-01 4.209084808826e-01 6.808764934540e-01 8.242294192314e-01 5.201361775398e-01 3.954283893108e-01 4.657355546951e-01 4.974285960197e-01 4.816092252731e-01 4.257296919823e-01 3.901613652706e-01 4.509677290916e-01 5.027758479118e-01 5.563489198685e-01 1.003798127174e+00 1.426041960716e+00 1.531987428665e+00 9.452142119408e-01 6.897105574608e-01 1.045455455780e+00 8.136608600616e-01 5.189141035080e-01 3.728536963463e-01 1.414317011833e+00 1.833501935005e+00 9.961980581284e-01 5.224863886833e-01 4.729917645454e-01 7.929893732071e-01 5.929995179176e-01 5.698045492172e-01 4.051089882851e-01 3.921382427216e-01 5.839086174965e-01 7.711586356163e-01 8.516994714737e-01 7.719993591309e-01 8.031044006348e-01 3.500188887119e-01
2.262540608644e-01 4.939272403717e-01 6.132307052612e-01 5.575028061867e-01 3.703092634678e-01 3.675741255283e-01 6.743930578232e-01 8.182284235954e-01 5.014514923096e-01 4.434035122395e-01 4.936687946320e-01 4.990301430225e-01 4.576336443424e-01 3.910612463951e-01 4.128981828690e-01 4.801534414291e-01 6.505421400070e-01 6.659289598465e-01 1.106178402901e+00 1.404364109039e+00 1.391549229622e+00 8.217603564262e-01 7.057483792305e-01 1.000554084778e+00 8.784072399139e-01 5.999487042427e-01 4.711673855782e-01 1.823783040047e+00 2.139263629913e+00 1.099135756493e+00 5.771324634552e-01 4.514221251011e-01 8.039239048958e-01 5.305316448212e-01 6.253051161766e-01 6.042087674141e-01 5.860987305641e-01 7.858698368073e-01 9.040092229843e-01 8.548778295517e-01 6.285291314125e-01 9.977965950966e-01 4.100891649723e-01
2.315203100443e-01 4.114392101765e-01 5.796105861664e-01 6.553367972374e-01 5.585327744484e-01 3.717164695263e-01 6.767502427101e-01 8.178253173828e-01 4.906527996063e-01 4.689570665359e-01 4.950079619884e-01 4.747231900692e-01 5.146399736404e-01 5.608030557632e-01 5.868731141090e-01 5.954586863518e-01 7.069618701935e-01 7.687669992447e-01 1.137489676476e+00 1.303080558777e+00 1.206871747971e+00 7.020123004913e-01 6.394163370132e-01 8.753697276115e-01 8.489840030670e-01 6.171424984932e-01 5.102569460869e-01 2.069497108459e+00 2.272947072983e+00 1.140470385551e+00 5.058967471123e-01 3.942069113255e-01 8.713539242744e-01 5.264551043510e-01 6.400599479675e-01 6.311116218567e-01 8.156130909920e-01 9.393934607506e-01 9.195572137833e-01 7.370604276657e-01 5.370571017265e-01 1.085541248322e+00 5.447045564651e-01
2.334422618151e-01 4.671308994293e-01 4.823118448257e-01 6.285339593887e-01 6.867374181747e-01 5.519814491272e-01 6.713377833366e-01 8.056181669235e-01 4.752276837826e-01 4.736918509007e-01 5.172726511955e-01 6.057049632072e-01 6.720002889633e-01 7.090972065926e-01 7.265871763229e-01 7.334824800491e-01 7.262865304947e-01 9.413918256760e-01 1.318770408630e+00 1.396488785744e+00 1.173274517059e+00 8.667058348656e-01 6.077198386192e-01 7.472373843193e-01 7.662408351898e-01 5.502678751945e-01 5.926461219788e-01 2.183804273605e+00 2.325943231583e+00 1.118668913841e+00 4.811163544655e-01 4.279051125050e-01 8.530439734459e-01 5.425893664360e-01 7.205585837364e-01 8.741529583931e-01 9.753817319870e-01 9.573307633400e-01 7.947236299515e-01 6.098808646202e-01 6.088882088661e-01 1.044898509979e+00 7.088311910629e-01
1.981977373362e-01 4.170564711094e-01 4.988014101982e-01 5.243462324142e-01 6.797191500664e-01 7.155754566193e-01 6.515545248985e-01 7.770939469337e-01 4.607208073139e-01 5.577615499496e-01 6.491723656654e-01 7.238681912422e-01 7.752939462662e-01 8.049935102463e-01 8.154678940773e-01 8.145313858986e-01 8.066506385803e-01 1.254884958267e+00 1.713140487671e+00 1.777595996857e+00 1.530171394348e+00 1.198102116585e+00 8.759070038795e-01 6.343607902527e-01 8.588346838951e-01 8.232725858688e-01 7.245968580246e-01 2.096853256226e+00 2.060566663742e+00 1.019525408745e+00 6.015183329582e-01 7.108928561211e-01 7.881543040276e-01 8.667683601379e-01 9.833508729935e-01 1.027910828590e+00 9.863510727882e-01 8.379995822906e-01 8.128328323364e-01 9.441608190536e-01 7.083456516266e-01 8.953459262848e-01 8.572228550911e-01
1.627201288939e-01 3.141436278820e-01 4.162255823612e-01 4.920132756233e-01 5.763980746269e-01 7.290566563606e-01 7.319876551628e-01 7.357909083366e-01 5.721852183342e-01 6.652534008026e-01 7.321121692657e-01 7.749403715134e-01 8.007749915123e-01 8.153173327446e-01 8.169211149216e-01 8.133975863457e-01 8.141461014748e-01 1.383945465088e+00 1.867003679276e+00 1.903060793877e+00 1.642890810966e+00 1.336239337921e+00 1.043665885925e+00 7.632805705070e-01 1.157395243645e+00 1.118928313255e+00 9.433346390724e-01 1.828705191612e+00 1.621423959732e+00 8.685968518257e-01 1.051601052284e+00 1.185305714607e+00 1.179666876793e+00 1.139483451843e+00 1.120459556580e+00 1.072492599487e+00 1.038625836372e+00 9.842548966408e-01 8.993177413940e-01 1.275367498398e+00 7.960769534111e-01 6.831550598145e-01 1.105129480362e+00
2.048905193806e-01 4.003247022629e-01 3.939240574837e-01 3.794970512390e-01 4.645116925240e-01 6.273167133331e-01 7.809486389160e-01 7.445915937424e-01 6.371031999588e-01 7.081010937691e-01 7.438850402832e-01 7.556090354919e-01 7.504662871361e-01 7.338804602623e-01 7.153687477112e-01 7.124094367027e-01 7.311486005783e-01 1.272986888885e+00 1.683000922203e+00 1.737157583237e+00 1.557295322418e+00 1.318801522255e+00 1.087885141373e+00 8.596059679985e-01 1.146268248558e+00 1.183862328529e+00 1.045220375061e+00 1.499928355217e+00 1.187346935272e+00 9.170791506767e-01 1.235814452171e+00 1.396837472916e+00 1.332419633865e+00 1.212440729141e+00 1.079629182816e+00 1.014135479927e+00 9.564777612686e-01 8.899793028831e-01 8.124864697456e-01 1.347343683243e+00 1.237532973289e+00 7.056840658188e-01 1.256286025047e+00
2.639087736607e-01 5.275617837906e-01 5.299442410469e-01 5.198919773102e-01 5.021216869354e-01 4.887879490852e-01 6.865870952606e-01 8.354923725128e-01 7.384589314461e-01 6.933513879776e-01 7.025994658470e-01 6.876381635666e-01 6.572925448418e-01 6.168820261955e-01 5.818322896957e-01 5.741154551506e-01 5.969489216805e-01 1.007765889168e+00 1.296096920967e+00 1.364989519119e+00 1.275704383850e+00 1.144846677780e+00 1.010231494904e+00 8.658707141876e-01 9.012615680695e-01 9.820906519890e-01 9.589740633965e-01 1.508142828941e+00 8.734470605850e-01 9.390338659286e-01 1.216245055199e+00 1.351330161095e+00 1.293761610985e+00 1.070262193680e+00 7.842081785202e-01 8.464990258217e-01 7.027356028557e-01 7.435398697853e-01 7.239193320274e-01 1.112909078598e+00 1.649311065674e+00 7.163183689117e-01 1.264898419380e+00
2.674135565758e-01 5.430899262428e-01 5.622826218605e-01 5.894873142242e-01 6.096632480621e-01 6.145663857460e-01 6.190701723099e-01 7.527459859848e-01 8.743261694908e-01 7.013520002365e-01 6.319283246994e-01 5.995981693268e-01 5.578989386559e-01 5.302265286446e-01 5.703331232071e-01 5.890164375305e-01 6.251301765442e-01 8.543033599854e-01 9.101014137268e-01 9.743371605873e-01 9.533731341362e-01 8.844669461250e-01 8.260617852211e-01 7.829196453094e-01 7.488476037979e-01 7.339254021645e-01 9.782876968384e-01 1.598994493484e+00 1.083337068558e+00 1.059985995293e+00 1.262293219566e+00 1.281679391861e+00 1.068437099457e+00 1.062678337097e+00 5.782831311226e-01 1.002996802330e+00 9.341069459915e-01 8.654118776321e-01 7.424532175064e-01 7.816823720932e-01 1.872030854225e+00 1.023811101913e+00 1.123563051224e+00
2.977490425110e-01 5.141009092331e-01 5.061085820198e-01 5.291843414307e-01 5.623044371605e-01 6.193450093269e-01 6.562100052834e-01 6.861509084702e-01 8.065728545189e-01 8.525382280350e-01 7.098128795624e-01 7.004569768906e-01 7.068619728088e-01 6.406053304672e-01 5.895199179649e-01 6.445859670639e-01 7.127047777176e-01 8.800408244133e-01 8.876355886459e-01 7.365954518318e-01 6.531213521957e-01 7.640517354012e-01 9.535722136497e-01 9.901595711708e-01 8.939104676247e-01 7.302411198616e-01 1.084112048149e+00 1.630326271057e+00 1.090242385864e+00 1.145572304726e+00 1.204840064049e+00 1.235502481461e+00 1.322915554047e+00 1.184455513954e+00 7.364304065704e-01 1.127414107323e+00 1.040817022324e+00 8.616165518761e-01 6.490634679794e-01 7.616141438484e-01 1.797783732414e+00 1.569761633873e+00 8.662858605385e-01
3.404972851276e-01 6.273286938667e-01 6.761367917061e-01 5.837206840515e-01 5.320972204208e-01 5.749352574348e-01 5.867135524750e-01 5.695436000824e-01 6.188568472862e-01 7.866472005844e-01 8.630017042160e-01 8.872043490410e-01 8.744676709175e-01 8.051301240921e-01 7.705747485161e-01 7.428233623505e-01 7.122649550438e-01 8.823241591454e-01 9.253324270248e-01 8.166753649712e-01 6.648531556129e-01 6.105413436890e-01 6.715232729912e-01 7.482053637505e-01 7.667822241783e-01 7.751353383064e-01 9.501539468765e-01 1.568850398064e+00 1.118977546692e+00 9.734932780266e-01 1.114548325539e+00 1.281106233597e+00 1.426755547523e+00 1.213666796684e+00 8.484091162682e-01 1.243659615517e+00 9.994446039200e-01 7.765867114067e-01 5.871064066887e-01 6.957920789719e-01 1.448568820953e+00 2.123847246170e+00 9.549793004990e-01
3.347499072552e-01 6.565805673599e-01 7.810293436050e-01 7.361125946045e-01 5.577470064163e-01 4.285305142403e-01 5.196342468262e-01 5.887008905411e-01 6.315025687218e-01 6.374288201332e-01 8.535314202309e-01 9.458611607552e-01 8.930678963661e-01 8.952919840813e-01 9.034440517426e-01 8.908457756042e-01 7.891716361046e-01 8.753833174706e-01 9.566531777382e-01 8.731727004051e-01 6.501643061638e-01 7.919635176659e-01 7.551753520966e-01 7.800678610802e-01 6.920458078384e-01 6.789917349815e-01 7.140966057777e-01 1.455569148064e+00 1.324830174446e+00 1.050572872162e+00 1.020805597305e+00 1.086219549179e+00 1.341755986214e+00 1.196483731270e+00 9.673106670380e-01 1.200083255768e+00 8.733384013176e-01 6.985659599304e-01 6.601318717003e-01 6.247305274010e-01 9.911953210831e-01 2.484905958176e+00 1.001218557358e+00
