100/SI/f138_max.grd
DSAA
101	101
32.816463539100	34.260883539100
35.556306596100	36.727886596100
8.950427290983e-04	1.578701324463e+02
[rows 57 to 75 of 101, columns 0 to 42 of 101]
5.014600232244e-02 8.231393247843e-02 8.990418165922e-02 9.004806727171e-02 9.206688404083e-02 1.129043698311e-01 1.266834735870e-01 1.391389220953e-01 1.508125364780e-01 1.543776988983e-01 1.524753868580e-01 2.148291915655e-01 3.671120107174e-01 2.006429433823e-01 1.435149759054e-01 2.152523249388e-01 1.929473578930e-01 2.220786660910e-01 2.688551545143e-01 2.747422754765e-01 2.795689404011e-01 2.170670181513e-01 1.496101766825e-01 1.319968253374e-01 1.434555798769e-01 1.984962821007e-01 3.155336678028e-01 3.898492455482e-01 2.966913580894e-01 1.769028753042e-01 1.401806175709e-01 1.110168620944e-01 1.161286458373e-01 1.418282091618e-01 1.661610603333e-01 2.116086483002e-01 2.447262406349e-01 2.621237635612e-01 4.291314184666e-01 5.749002099037e-01 4.983533322811e-01 4.457465112209e-01 5.012219548225e-01
6.365583091974e-02 1.041243970394e-01 1.188023090363e-01 1.206073239446e-01 1.194495335221e-01 1.163633316755e-01 1.153699904680e-01 1.209914982319e-01 1.261961013079e-01 2.062540799379e-01 6.668309569359e-01 7.714195251465e-01 2.882442474365e-01 1.482048630714e-01 1.487933099270e-01 1.371694803238e-01 1.500965356827e-01 1.492352485657e-01 1.743245273829e-01 2.207765579224e-01 2.687155008316e-01 2.877689898014e-01 2.018415480852e-01 1.261019855738e-01 1.454659402370e-01 2.213156223297e-01 3.327104151249e-01 3.555300235748e-01 3.611461520195e-01 2.307560592890e-01 1.391417235136e-01 1.271699219942e-01 1.211437731981e-01 1.470586508512e-01 1.736779659986e-01 1.798081994057e-01 1.844374835491e-01 1.890188753605e-01 1.908993721008e-01 2.060655504465e-01 2.540405988693e-01 3.501780629158e-01 4.049974083900e-01
8.488675206900e-02 1.394346654415e-01 1.637055128813e-01 2.346270531416e-01 2.959621846676e-01 3.712589740753e-01 4.852757453918e-01 7.070893049240e-01 1.303508043289e+00 1.847449660301e+00 1.230614423752e+00 3.131925165653e-01 2.139957547188e-01 1.875036209822e-01 1.366960406303e-01 1.411239057779e-01 1.489457786083e-01 1.462501138449e-01 1.426900625229e-01 1.537393927574e-01 2.593925595284e-01 2.944329380989e-01 2.094423770905e-01 1.210822910070e-01 9.425240010023e-02 1.448797285557e-01 2.047283947468e-01 2.143831551075e-01 2.196909785271e-01 1.799640804529e-01 1.274344474077e-01 1.326750814915e-01 1.262083351612e-01 1.418944895267e-01 1.711190193892e-01 1.772630661726e-01 1.686713248491e-01 1.545237600803e-01 1.405098885298e-01 1.574151366949e-01 2.028416097164e-01 2.580502629280e-01 3.456635475159e-01
8.296847343445e-02 1.644038558006e-01 2.755497395992e-01 3.812277317047e-01 4.731216132641e-01 6.190497875214e-01 8.939294815063e-01 1.332966208458e+00 1.342126607895e+00 6.223124861717e-01 1.534747332335e-01 1.787072718143e-01 1.939586997032e-01 1.722251176834e-01 1.518664807081e-01 1.593069881201e-01 1.593616008759e-01 1.527042090893e-01 1.217284575105e-01 1.202084347606e-01 1.867010742426e-01 2.085745036602e-01 1.552774161100e-01 9.764575213194e-02 7.535129040480e-02 8.143866807222e-02 1.089556366205e-01 1.346048712730e-01 1.544120907784e-01 1.367361098528e-01 1.251728087664e-01 1.159525290132e-01 1.239740028977e-01 1.374229043722e-01 1.646964251995e-01 1.687254905701e-01 1.525868326426e-01 1.305366456509e-01 1.210652738810e-01 1.341777890921e-01 1.952839940786e-01 2.409771829844e-01 3.163540959358e-01
5.048087239265e-02 8.792204409838e-02 1.073126867414e-01 1.128560230136e-01 1.130955815315e-01 1.127259209752e-01 1.118754446507e-01 1.096126362681e-01 1.077083498240e-01 1.055619493127e-01 9.920576959848e-02 1.044474393129e-01 1.114319786429e-01 1.424891054630e-01 1.600883603096e-01 1.670745909214e-01 1.605855077505e-01 1.423920542002e-01 1.053213551641e-01 8.568992465734e-02 1.043579280376e-01 1.084211319685e-01 8.580017089844e-02 6.386680155993e-02 5.640716105700e-02 6.056148186326e-02 7.782325148582e-02 9.363896399736e-02 1.134562641382e-01 1.222482323647e-01 1.157899349928e-01 1.035153344274e-01 1.188138127327e-01 1.437611430883e-01 1.713522076607e-01 1.657797098160e-01 1.376915872097e-01 1.099547371268e-01 1.224489435554e-01 1.366850733757e-01 1.967885494232e-01 2.444439232349e-01 2.973248958588e-01
2.388569898903e-02 4.447246342897e-02 5.756092071533e-02 6.348652392626e-02 6.582142412663e-02 6.780096143484e-02 6.969377398491e-02 7.111224532127e-02 7.334722578526e-02 7.559272646904e-02 7.413363456726e-02 6.971096247435e-02 6.905224919319e-02 9.153920412064e-02 1.075355485082e-01 1.130952686071e-01 1.027732640505e-01 9.140086919069e-02 7.726909965277e-02 6.694994121790e-02 5.558113008738e-02 5.192454159260e-02 4.298603907228e-02 4.797797277570e-02 5.656213685870e-02 5.944565683603e-02 6.444209814072e-02 7.769343256950e-02 9.591621905565e-02 1.050364598632e-01 1.035819873214e-01 9.785005450249e-02 1.182104349136e-01 1.584971994162e-01 1.840671002865e-01 1.662986427546e-01 1.248257160187e-01 1.084851101041e-01 1.252412199974e-01 1.420055329800e-01 1.903233975172e-01 2.219113558531e-01 2.553249299526e-01
1.623452268541e-02 2.733876556158e-02 3.394091129303e-02 3.909203410149e-02 4.204883798957e-02 4.467021673918e-02 4.718055576086e-02 4.929402098060e-02 5.185678973794e-02 5.447061732411e-02 5.482271313667e-02 5.305501446128e-02 5.103484541178e-02 4.920835047960e-02 4.941510036588e-02 5.604230612516e-02 5.909989401698e-02 5.830216407776e-02 5.350695922971e-02 5.075278505683e-02 4.501365497708e-02 4.221627861261e-02 3.691580891609e-02 4.873114079237e-02 6.004018336535e-02 6.572257727385e-02 6.529452651739e-02 6.481015682220e-02 7.912374287844e-02 8.809481561184e-02 9.030214697123e-02 8.978907018900e-02 1.196054220200e-01 1.670198738575e-01 1.843544542789e-01 1.542406976223e-01 1.092422604561e-01 1.088060438633e-01 1.306184381247e-01 1.462451815605e-01 1.694331765175e-01 1.947531551123e-01 1.994423270226e-01
1.313656475395e-02 2.235223911703e-02 2.815813012421e-02 3.114141710103e-02 3.296937420964e-02 3.467369452119e-02 3.593279421329e-02 3.617899119854e-02 3.793529048562e-02 3.943939879537e-02 3.975821286440e-02 3.909165784717e-02 3.843056783080e-02 3.754090145230e-02 3.880151733756e-02 4.457467421889e-02 4.738200455904e-02 4.676707834005e-02 4.326356202364e-02 4.012969881296e-02 4.361614584923e-02 4.231490567327e-02 3.652739897370e-02 4.853646084666e-02 6.120756268501e-02 6.891952455044e-02 6.977014243603e-02 6.751114130020e-02 6.956495344639e-02 7.632122933865e-02 7.953628897667e-02 8.298447728157e-02 1.185896545649e-01 1.628867685795e-01 1.679566800594e-01 1.326040178537e-01 1.023325026035e-01 1.121674552560e-01 1.364050060511e-01 1.436889320612e-01 1.498664319515e-01 1.618080288172e-01 1.483172923326e-01
1.295709330589e-02 2.074781432748e-02 2.628576755524e-02 2.879921533167e-02 2.985827252269e-02 3.079922497272e-02 3.115028701723e-02 3.051796555519e-02 3.009718284011e-02 3.049990162253e-02 3.062269277871e-02 3.180453553796e-02 3.274207189679e-02 3.350584581494e-02 3.441567718983e-02 3.611869737506e-02 3.862678632140e-02 3.881184756756e-02 3.918456286192e-02 3.836563602090e-02 3.998938947916e-02 4.173600673676e-02 3.702313080430e-02 4.589864239097e-02 5.796460434794e-02 6.596343219280e-02 6.730593740940e-02 6.606730818748e-02 6.983162462711e-02 7.193148136139e-02 7.332757115364e-02 7.729820162058e-02 1.109266728163e-01 1.459213495255e-01 1.420689523220e-01 1.138290911913e-01 9.964334964752e-02 1.199088618159e-01 1.377349346876e-01 1.340755820274e-01 1.301328837872e-01 1.308800429106e-01 1.202518194914e-01
1.210567634553e-02 1.921072974801e-02 2.407435141504e-02 2.619491331279e-02 2.708855457604e-02 2.777555212379e-02 2.786789834499e-02 2.727595902979e-02 2.658575400710e-02 2.858945354819e-02 3.032565675676e-02 3.189875930548e-02 3.329310938716e-02 3.446673229337e-02 3.553555160761e-02 3.657305613160e-02 3.733763098717e-02 3.745740652084e-02 3.671183064580e-02 3.645966574550e-02 3.649117797613e-02 4.018406197429e-02 3.795975446701e-02 4.158148169518e-02 5.178416520357e-02 5.884891375899e-02 6.807427853346e-02 7.444941997528e-02 7.485222071409e-02 7.250664383173e-02 7.094436883926e-02 7.164601981640e-02 9.730612486601e-02 1.214302852750e-01 1.165803298354e-01 1.013269647956e-01 1.072681993246e-01 1.216421499848e-01 1.299334466457e-01 1.176193356514e-01 1.087839007378e-01 1.031526923180e-01 1.027431339025e-01
1.113815885037e-02 1.764511317015e-02 2.207574807107e-02 2.409813366830e-02 2.494518458843e-02 2.532779239118e-02 2.515803091228e-02 2.465754933655e-02 2.490265108645e-02 2.703781239688e-02 2.897155657411e-02 3.079175949097e-02 3.246652334929e-02 3.387166559696e-02 3.496582433581e-02 3.568278625607e-02 3.578205034137e-02 3.936782479286e-02 4.014397412539e-02 3.720175847411e-02 3.412561863661e-02 3.680672869086e-02 3.752255812287e-02 3.732567280531e-02 4.549841955304e-02 5.134251341224e-02 6.202371045947e-02 7.216802239418e-02 7.463979721069e-02 7.226680219173e-02 6.940387934446e-02 6.914883852005e-02 7.758542150259e-02 9.413692355156e-02 9.259495139122e-02 8.579315990210e-02 9.253707528114e-02 1.028253063560e-01 1.062688082457e-01 9.234602004290e-02 8.512230217457e-02 7.896770536900e-02 7.760611176491e-02
1.032229140401e-02 1.637851819396e-02 2.057518623769e-02 2.259029448032e-02 2.332169562578e-02 2.337440289557e-02 2.301469072700e-02 2.275472134352e-02 2.349898591638e-02 2.433332428336e-02 2.632062323391e-02 2.820550277829e-02 2.995309047401e-02 3.142672777176e-02 3.249750286341e-02 3.467402979732e-02 3.780883923173e-02 4.253327101469e-02 4.459264874458e-02 4.334471747279e-02 3.963851183653e-02 3.521946817636e-02 3.596811741590e-02 3.639873489738e-02 4.047232121229e-02 4.515173658729e-02 4.648827388883e-02 5.609273910522e-02 6.353401392698e-02 6.585140526295e-02 6.513595581055e-02 6.659117341042e-02 6.855300813913e-02 7.068146020174e-02 6.865777820349e-02 6.652407348156e-02 7.164397835732e-02 8.228059113026e-02 8.805292099714e-02 7.287358492613e-02 6.434951722622e-02 5.742990598083e-02 6.404769420624e-02
9.726792573929e-03 1.548018679023e-02 1.952563598752e-02 2.143434807658e-02 2.193327993155e-02 2.175972424448e-02 2.139553613961e-02 2.145227976143e-02 2.172127179801e-02 2.254105173051e-02 2.286436967552e-02 2.469122223556e-02 2.637288160622e-02 2.781552635133e-02 2.971981093287e-02 3.278389945626e-02 3.834052011371e-02 4.373479261994e-02 4.737263917923e-02 4.844726622105e-02 4.708780348301e-02 4.423701390624e-02 4.079837352037e-02 3.762780874968e-02 3.659429028630e-02 4.041426628828e-02 4.114782437682e-02 3.981140628457e-02 4.879963770509e-02 5.602102726698e-02 6.078208610415e-02 6.425669044256e-02 6.630624085665e-02 6.411422044039e-02 5.777441337705e-02 5.636180192232e-02 6.312653422356e-02 7.786127924919e-02 9.077277034521e-02 8.211879432201e-02 6.076430901885e-02 5.402772873640e-02 6.137428805232e-02
9.499507024884e-03 1.509416848421e-02 1.896664686501e-02 2.064395509660e-02 2.089542523026e-02 2.060147561133e-02 2.065850049257e-02 2.091489546001e-02 2.070318907499e-02 2.095992490649e-02 2.094677649438e-02 2.314245887101e-02 2.544841729105e-02 2.783569507301e-02 2.994001097977e-02 3.340019658208e-02 3.885938227177e-02 4.436616227031e-02 4.930402338505e-02 5.235178396106e-02 5.284944921732e-02 5.149999633431e-02 4.921708628535e-02 4.688395559788e-02 4.550738632679e-02 4.464232549071e-02 4.302506148815e-02 4.086207225919e-02 4.825011640787e-02 5.414264649153e-02 5.852794647217e-02 6.248184293509e-02 6.451530754566e-02 6.020706519485e-02 5.757609382272e-02 5.749376118183e-02 6.356073915958e-02 7.508505135775e-02 8.723429590464e-02 7.966411113739e-02 6.182252988219e-02 5.370323732495e-02 6.104509532452e-02
9.641408920288e-03 1.523654069752e-02 1.896930113435e-02 2.042748965323e-02 2.049836330116e-02 2.008856087923e-02 2.032461389899e-02 2.017849124968e-02 2.018423937261e-02 2.028844878078e-02 2.167856134474e-02 2.385046519339e-02 2.597291022539e-02 2.798776887357e-02 2.960748597980e-02 3.426101431251e-02 4.041852056980e-02 4.622026160359e-02 5.181507021189e-02 5.587232857943e-02 5.718689411879e-02 5.631393939257e-02 5.418935790658e-02 5.154698342085e-02 4.937528073788e-02 4.725250229239e-02 4.373390227556e-02 4.111517220736e-02 4.720807448030e-02 5.232864990830e-02 5.670118704438e-02 6.087778136134e-02 6.221859902143e-02 5.715875700116e-02 5.831120908260e-02 6.086859107018e-02 6.494741141796e-02 7.266820967197e-02 7.868117839098e-02 6.957821547985e-02 5.820091068745e-02 4.977094382048e-02 5.654492601752e-02
9.872951544821e-03 1.555234007537e-02 1.921635493636e-02 2.054515667260e-02 2.051196433604e-02 1.999294385314e-02 2.082654647529e-02 2.140662260354e-02 2.173491753638e-02 2.178339101374e-02 2.159330621362e-02 2.291971817613e-02 2.562928944826e-02 2.865500375628e-02 2.960651740432e-02 3.346784040332e-02 4.122026264668e-02 4.788748919964e-02 5.317146703601e-02 5.651602894068e-02 5.727249011397e-02 5.573624745011e-02 5.284029245377e-02 4.943203553557e-02 4.623487219214e-02 4.303648322821e-02 3.854503855109e-02 4.102419316769e-02 4.624905809760e-02 5.084870755672e-02 5.501526221633e-02 5.846941098571e-02 5.845979228616e-02 5.423553660512e-02 5.856386572123e-02 7.207152992487e-02 6.797555834055e-02 7.298105955124e-02 7.007780671120e-02 5.994505435228e-02 5.255888402462e-02 4.531865194440e-02 5.121239274740e-02
9.723004885018e-03 1.526638679206e-02 1.875209622085e-02 1.997680217028e-02 1.993727684021e-02 2.005206048489e-02 2.058620750904e-02 2.084297873080e-02 2.090607210994e-02 2.077897451818e-02 2.117865160108e-02 2.378984913230e-02 2.768689952791e-02 3.099417686462e-02 3.195837512612e-02 3.122417069972e-02 3.931669890881e-02 4.611076787114e-02 4.994511976838e-02 5.132629722357e-02 5.064748227596e-02 4.791933298111e-02 4.425564780831e-02 4.106289148331e-02 3.847195953131e-02 3.591981902719e-02 3.635304793715e-02 4.064264893532e-02 4.524733126163e-02 4.936815053225e-02 5.294866859913e-02 5.492741987109e-02 5.339683592319e-02 5.197308212519e-02 6.058000773191e-02 6.538701802492e-02 6.653185933828e-02 7.327014952898e-02 7.083393633366e-02 5.798724293709e-02 5.016800761223e-02 4.614533111453e-02 4.961203783751e-02
8.903915062547e-03 1.388994418085e-02 1.695940829813e-02 1.802333258092e-02 1.961111277342e-02 2.042695879936e-02 2.003701590002e-02 1.894140802324e-02 1.813767664135e-02 1.970488950610e-02 2.154857292771e-02 2.493037842214e-02 2.947203814983e-02 3.289964422584e-02 3.383586183190e-02 3.322914615273e-02 3.594715520740e-02 4.171879962087e-02 4.387932270765e-02 4.343083500862e-02 4.131200164557e-02 3.750359639525e-02 3.617554157972e-02 4.290685802698e-02 4.360526800156e-02 4.190167412162e-02 4.113585129380e-02 4.136003181338e-02 4.393255338073e-02 4.750650748610e-02 4.999551922083e-02 5.007775872946e-02 4.705641046166e-02 4.796504974365e-02 5.523105338216e-02 7.714907824993e-02 6.751380860806e-02 9.453491866589e-02 8.400848507881e-02 7.097680866718e-02 6.022930517793e-02 4.966368153691e-02 5.571744218469e-02
9.396778419614e-03 1.384410168976e-02 1.697747968137e-02 1.968950219452e-02 2.165539935231e-02 2.209736220539e-02 2.143871597946e-02 2.022789977491e-02 1.882597804070e-02 1.985900104046e-02 2.204361930490e-02 2.613285742700e-02 3.114881739020e-02 3.463409841061e-02 3.555404767394e-02 3.495582565665e-02 3.297567740083e-02 3.797261044383e-02 3.943509608507e-02 4.129311069846e-02 5.588986352086e-02 5.115200206637e-02 3.926455602050e-02 4.473352432251e-02 4.351851716638e-02 4.018632695079e-02 3.824817016721e-02 3.870593756437e-02 4.237298667431e-02 4.512188211083e-02 4.607633501291e-02 4.429419338703e-02 4.031730815768e-02 4.305500537157e-02 4.762945696712e-02 6.835661828518e-02 8.689231425524e-02 1.368641257286e-01 1.267245262861e-01 8.388351649046e-02 6.456207484007e-02 5.871579423547e-02 7.140131294727e-02
