100/SI/f139.grd
DSAA
101	101
32.816463539100	34.260883539100
35.556306596100	36.727886596100
8.208672516048e-04	1.438312377930e+02
[rows 76 to 94 of 101, columns 43 to 85 of 101]
2.191310822964e-01 1.875944882631e-01 3.361196815968e-01 8.672264218330e-01 9.291859865189e-01 1.874145746231e+00 3.015016555786e+00 3.400527238846e+00 2.103278398514e+00 5.832226276398e-01 1.944921016693e+00 4.382005214691e+00 3.291013479233e+00 8.836689591408e-01 3.843511343002e-01 5.480803847313e-01 6.111200451851e-01 3.350573182106e-01 3.063245117664e-01 3.781920969486e-01 1.332598686218e+00 2.971612930298e+00 6.897110342979e-01 4.689393937588e-01 3.407838046551e-01 2.288800030947e-01 1.170301884413e-01 1.006582230330e-01 9.803398698568e-02 9.247813373804e-02 8.682694286108e-02 9.061423689127e-02 9.550426900387e-02 1.014220491052e-01 1.025441884995e-01 9.556393325329e-02 8.775997161865e-02 8.213488012552e-02 7.826497405767e-02 7.604101300240e-02 8.527894318104e-02 1.347911208868e-01 1.827425360680e-01
3.477261364460e-01 4.734999537468e-01 5.997363924980e-01 6.401524543762e-01 8.522849678993e-01 1.215439915657e+00 1.590628385544e+00 1.389953494072e+00 2.217702388763e+00 3.243114709854e+00 3.225028276443e+00 1.554221987724e+00 1.131789445877e+00 9.287925362587e-01 6.014574766159e-01 7.538836002350e-01 2.205165028572e-01 1.150647252798e-01 1.409308910370e-01 1.574434787035e-01 1.196562275290e-01 1.434142738581e-01 2.269426882267e-01 2.349593341351e-01 2.138389647007e-01 1.313569545746e-01 6.393676251173e-02 5.737738311291e-02 6.596048921347e-02 7.606868445873e-02 8.124414831400e-02 8.314136415720e-02 8.275968581438e-02 7.919145375490e-02 6.895859539509e-02 5.543330684304e-02 4.463854804635e-02 4.326670244336e-02 4.590537399054e-02 5.456863343716e-02 7.177481055260e-02 1.220870763063e-01 1.623391062021e-01
7.503268122673e-01 1.135585308075e+00 7.342222332954e-01 3.304943144321e-01 4.136249721050e-01 1.396516442299e+00 3.921207427979e+00 5.232654571533e+00 3.943467378616e+00 1.958268284798e+00 1.081802725792e+00 7.209725975990e-01 4.674711227417e-01 7.500544190407e-01 7.696487307549e-01 2.513617575169e-01 8.348411321640e-02 7.635156065226e-02 7.880078256130e-02 1.052226647735e-01 7.872888445854e-02 7.191609591246e-02 8.317919075489e-02 9.498297423124e-02 8.614192157984e-02 8.023587614298e-02 6.429807096720e-02 6.703605502844e-02 5.630971491337e-02 6.353536248207e-02 6.656602025032e-02 6.211454421282e-02 6.038575991988e-02 5.841901153326e-02 4.120338335633e-02 3.952475264668e-02 4.197380691767e-02 4.180617257953e-02 4.093239828944e-02 4.377231001854e-02 5.351778119802e-02 1.069875434041e-01 1.559784710407e-01
1.045943498611e+00 1.224605441093e+00 4.182326793671e-01 4.404227733612e-01 1.428951144218e+00 2.562831163406e+00 2.648056268692e+00 2.289369821548e+00 2.048391580582e+00 9.353260397911e-01 8.721573352814e-01 1.034075856209e+00 6.663343906403e-01 4.754028022289e-01 1.585753262043e-01 9.272592514753e-02 5.857229605317e-02 5.643764510751e-02 5.428990721703e-02 6.613069027662e-02 6.021616235375e-02 6.024932861328e-02 5.607495456934e-02 5.483879894018e-02 5.372257158160e-02 5.488437041640e-02 5.314931645989e-02 5.412378534675e-02 5.812869966030e-02 5.577707290649e-02 5.655211210251e-02 4.658104851842e-02 5.157894268632e-02 5.413104966283e-02 4.313962906599e-02 3.282456472516e-02 3.924819454551e-02 4.174288362265e-02 4.190952330828e-02 4.118703678250e-02 4.274748265743e-02 5.764435604215e-02 9.646037220955e-02
4.549076259136e-01 8.562622070312e-01 1.220018982887e+00 1.448903799057e+00 1.471896767616e+00 1.211761832237e+00 1.470067620277e+00 1.806080102921e+00 2.593769073486e+00 1.034096002579e+00 1.050373673439e+00 6.410738825798e-01 2.686841785908e-01 1.042524948716e-01 7.210320234299e-02 5.879762396216e-02 5.283690989017e-02 4.769296199083e-02 4.372075572610e-02 4.090078920126e-02 4.500595852733e-02 3.558326512575e-02 3.608858957887e-02 3.598006069660e-02 3.776964545250e-02 3.973196819425e-02 4.017667472363e-02 3.687885031104e-02 3.111095912755e-02 3.736523911357e-02 3.710811585188e-02 3.610498458147e-02 4.060946777463e-02 4.515302553773e-02 4.151305183768e-02 3.256591781974e-02 3.647904098034e-02 4.093795642257e-02 4.203058034182e-02 4.305739700794e-02 4.993332549930e-02 5.997121706605e-02 7.448741793633e-02
5.457116365433e-01 1.544136404991e+00 2.865855932236e+00 1.726930618286e+00 1.154380917549e+00 1.842052936554e+00 2.496054887772e+00 3.386098861694e+00 1.617124319077e+00 8.817304372787e-01 4.184009730816e-01 2.537421584129e-01 1.047880351543e-01 6.131722033024e-02 4.398749023676e-02 3.658781200647e-02 3.366699069738e-02 3.132013604045e-02 3.215785697103e-02 3.426662087440e-02 3.460099175572e-02 3.216525539756e-02 3.190897777677e-02 3.402850404382e-02 4.068498313427e-02 4.745874181390e-02 5.200589448214e-02 5.065053328872e-02 4.008968174458e-02 3.036979399621e-02 3.012599982321e-02 2.784718014300e-02 2.917533181608e-02 3.638641536236e-02 3.759859874845e-02 3.500067815185e-02 3.318360820413e-02 3.885126858950e-02 4.100859910250e-02 4.142782837152e-02 4.788852110505e-02 6.629198789597e-02 8.960126340389e-02
9.529242515564e-01 2.959744691849e+00 2.264104127884e+00 1.792158603668e+00 1.988469958305e+00 1.927663326263e+00 1.329801440239e+00 1.304322242737e+00 1.015615224838e+00 5.221614241600e-01 2.171588838100e-01 1.442046165466e-01 6.390326470137e-02 4.091072455049e-02 3.350654244423e-02 2.748772315681e-02 2.725277468562e-02 2.914458699524e-02 2.852254733443e-02 2.719099633396e-02 2.956533245742e-02 2.986932359636e-02 2.957144565880e-02 2.968307025731e-02 3.709786757827e-02 4.560216516256e-02 5.187727138400e-02 5.185645073652e-02 4.220454022288e-02 2.790661156178e-02 2.920808829367e-02 3.029735758901e-02 2.483354695141e-02 2.689773216844e-02 3.202172368765e-02 3.568344563246e-02 3.597246855497e-02 3.555976599455e-02 3.886490687728e-02 4.057794436812e-02 4.016617685556e-02 4.537193104625e-02 5.815239995718e-02
1.240417480469e+00 2.096837759018e+00 1.238615155220e+00 7.535293102264e-01 5.096638202667e-01 6.485537886620e-01 6.066076159477e-01 7.239652872086e-01 5.519077181816e-01 2.109492868185e-01 1.661926209927e-01 1.030591577291e-01 6.846161931753e-02 5.100442841649e-02 3.192841261625e-02 2.608192525804e-02 2.803326956928e-02 2.831831388175e-02 2.584005706012e-02 2.438184618950e-02 2.829410135746e-02 3.101964667439e-02 3.251184150577e-02 3.145533055067e-02 2.896940149367e-02 3.466438502073e-02 3.875364363194e-02 3.848971799016e-02 3.189470618963e-02 2.512704767287e-02 2.591890655458e-02 2.848868630826e-02 2.725922130048e-02 2.363494411111e-02 2.384243719280e-02 2.930963225663e-02 3.251540660858e-02 3.152977675200e-02 3.587350621819e-02 3.896943479776e-02 3.972104191780e-02 4.255456104875e-02 4.682755470276e-02
1.780797123909e+00 1.470374464989e+00 4.739060699940e-01 3.662415742874e-01 3.898990154266e-01 2.298991531134e-01 3.680752515793e-01 5.237738490105e-01 3.499748110771e-01 1.732815951109e-01 1.498929113150e-01 7.500872761011e-02 7.189133018255e-02 6.845907121897e-02 4.300671815872e-02 3.377138450742e-02 2.872508019209e-02 2.726063877344e-02 2.356122806668e-02 2.352139167488e-02 2.846831828356e-02 3.415708988905e-02 3.760981187224e-02 3.521825000644e-02 3.016060963273e-02 2.593194134533e-02 2.793611958623e-02 2.993170544505e-02 2.983532473445e-02 3.140198439360e-02 2.826905436814e-02 2.623259276152e-02 2.612507715821e-02 2.376511320472e-02 2.289335057139e-02 2.766638621688e-02 3.029720485210e-02 2.955897897482e-02 3.229278326035e-02 3.634204342961e-02 3.813340887427e-02 4.260517284274e-02 5.357844382524e-02
2.795461654663e+00 1.230913162231e+00 2.552074491978e-01 1.759738922119e-01 1.338956356049e-01 1.634713411331e-01 1.740224808455e-01 3.960057497025e-01 4.037472903728e-01 2.478616684675e-01 1.243155896664e-01 7.148940861225e-02 6.218412518501e-02 6.533799320459e-02 5.383944138885e-02 3.318220004439e-02 2.827156335115e-02 2.624138630927e-02 2.186019346118e-02 2.326757274568e-02 2.916659787297e-02 3.810821473598e-02 4.162501543760e-02 3.703955188394e-02 3.117223456502e-02 2.750780619681e-02 2.895926311612e-02 3.230056539178e-02 3.375937789679e-02 3.279826417565e-02 3.042770735919e-02 2.546736970544e-02 2.914769016206e-02 2.377058751881e-02 2.228205651045e-02 2.432459965348e-02 3.061371110380e-02 3.375000134110e-02 3.600078448653e-02 4.097627848387e-02 4.711809381843e-02 4.893107339740e-02 4.753492772579e-02
2.407582283020e+00 7.400519847870e-01 1.921087056398e-01 1.077960804105e-01 9.788232296705e-02 1.114512905478e-01 2.028051316738e-01 2.603449225426e-01 3.104106783867e-01 2.167298644781e-01 1.435575038195e-01 8.306805789471e-02 5.304790288210e-02 4.734897613525e-02 4.555102810264e-02 3.857425600290e-02 3.208937495947e-02 3.535483777523e-02 2.956877276301e-02 2.568499557674e-02 3.206283226609e-02 4.287556931376e-02 4.469865933061e-02 3.760878369212e-02 3.199381381273e-02 2.920966595411e-02 3.034840151668e-02 3.408614918590e-02 3.676381334662e-02 3.430640697479e-02 2.997226826847e-02 2.485903538764e-02 2.978159300983e-02 2.299593202770e-02 2.188111096621e-02 2.100664563477e-02 2.298640273511e-02 3.031445294619e-02 3.866138309240e-02 4.983716830611e-02 6.089042127132e-02 6.521103531122e-02 6.589563190937e-02
1.260992288589e+00 2.402022629976e-01 1.133566126227e-01 9.908509999514e-02 8.254271000624e-02 8.100251108408e-02 1.305464357138e-01 7.264014333487e-02 1.883086562157e-01 2.845523655415e-01 2.056080698967e-01 1.570703387260e-01 7.781481742859e-02 4.830554127693e-02 4.139158874750e-02 4.167212918401e-02 4.426517710090e-02 3.987577930093e-02 3.508408740163e-02 3.127307444811e-02 3.828596323729e-02 4.711884632707e-02 4.546646401286e-02 3.835883364081e-02 3.429606929421e-02 3.233247250319e-02 3.223403915763e-02 3.581348061562e-02 3.883313387632e-02 3.715498372912e-02 3.109065815806e-02 2.463104762137e-02 2.816371992230e-02 2.545111440122e-02 2.164772525430e-02 2.158761024475e-02 2.085983939469e-02 2.184649556875e-02 2.794708497822e-02 4.275221750140e-02 5.837507918477e-02 6.798389554024e-02 7.346984744072e-02
3.404762148857e-01 1.372069865465e-01 8.964983373880e-02 8.535315096378e-02 6.472727656364e-02 5.906147137284e-02 5.876606702805e-02 5.679462850094e-02 6.846464425325e-02 2.344240397215e-01 2.600650489330e-01 3.815726637840e-01 2.446782141924e-01 8.862564712763e-02 5.535222589970e-02 4.626758396626e-02 5.016010999680e-02 5.928199365735e-02 5.527855083346e-02 4.434889927506e-02 4.354895278811e-02 4.889712110162e-02 4.408126324415e-02 3.813781216741e-02 3.595690429211e-02 3.567297011614e-02 3.641936555505e-02 3.660836070776e-02 3.971629589796e-02 3.979527950287e-02 3.430146351457e-02 2.649421244860e-02 2.649217098951e-02 2.643282711506e-02 2.465907111764e-02 2.528843283653e-02 2.506356872618e-02 2.466851659119e-02 2.440308220685e-02 2.460208907723e-02 3.318193182349e-02 4.410934820771e-02 5.195870995522e-02
1.270077079535e-01 7.719305157661e-02 8.018083870411e-02 6.960038840771e-02 5.518858879805e-02 5.009770393372e-02 4.345393925905e-02 4.398724436760e-02 5.135993659496e-02 9.710647910833e-02 3.891178965569e-01 9.546387791634e-01 6.554819941521e-01 2.096127569675e-01 9.263859689236e-02 5.788750573993e-02 5.235482379794e-02 6.273641437292e-02 6.081004813313e-02 6.427091360092e-02 6.193887814879e-02 5.112431198359e-02 4.583842679858e-02 4.121963679790e-02 4.002715647221e-02 4.039993509650e-02 4.040442407131e-02 3.944473713636e-02 3.976557776332e-02 4.181907698512e-02 3.775365650654e-02 2.764612436295e-02 2.591574005783e-02 2.551183104515e-02 2.656245790422e-02 2.854976803064e-02 2.990475296974e-02 3.035724908113e-02 3.017324768007e-02 2.915606833994e-02 2.865290269256e-02 3.016331233084e-02 3.114400990307e-02
1.102460250258e-01 6.578283011913e-02 7.122559100389e-02 5.424827709794e-02 4.315609112382e-02 4.061297699809e-02 3.542849048972e-02 3.745481744409e-02 3.746800869703e-02 6.802402436733e-02 2.948943376541e-01 7.947916388512e-01 7.172133922577e-01 4.623996317387e-01 1.128148585558e-01 6.354853510857e-02 4.846212640405e-02 6.953849643469e-02 8.272000402212e-02 7.773292064667e-02 6.366600096226e-02 4.988084360957e-02 4.952566698194e-02 4.668397456408e-02 4.520482942462e-02 4.425229504704e-02 4.245010018349e-02 3.881584480405e-02 4.002420231700e-02 4.217814654112e-02 3.714960813522e-02 2.929545007646e-02 3.032479807734e-02 2.936526760459e-02 2.787748910487e-02 2.663838677108e-02 2.848303690553e-02 2.960667945445e-02 2.934661135077e-02 2.753028832376e-02 2.996723540127e-02 3.539480641484e-02 3.926099836826e-02
1.357664763927e-01 7.148557901382e-02 6.218099966645e-02 4.661798477173e-02 3.521705791354e-02 3.322586417198e-02 3.392338380218e-02 3.336307033896e-02 3.301371634007e-02 4.266018420458e-02 1.122721955180e-01 4.072900712490e-01 1.480442166328e+00 1.143081188202e+00 1.925742626190e-01 7.414831966162e-02 8.149576187134e-02 8.709429204464e-02 7.760274410248e-02 6.188542768359e-02 5.036846175790e-02 5.149668082595e-02 5.473821982741e-02 5.314525216818e-02 4.965713247657e-02 4.516385868192e-02 3.916153311729e-02 3.539671376348e-02 4.128344357014e-02 4.237204417586e-02 3.882736712694e-02 4.319507628679e-02 4.336564615369e-02 4.107638075948e-02 3.697063028812e-02 2.880505658686e-02 2.367872558534e-02 2.350775897503e-02 2.382318489254e-02 2.565722353756e-02 3.015094250441e-02 3.757307678461e-02 4.656067490578e-02
1.436882466078e-01 8.106359839439e-02 6.087537109852e-02 4.068448394537e-02 3.140677511692e-02 3.290779143572e-02 3.247381746769e-02 3.193268179893e-02 2.880173176527e-02 3.264417126775e-02 6.359240412712e-02 2.075746357441e-01 7.209661006927e-01 6.367827653885e-01 2.143444120884e-01 1.228913739324e-01 1.012570932508e-01 7.873407751322e-02 6.078381091356e-02 4.870015010238e-02 4.868513345718e-02 5.209419503808e-02 5.553244426847e-02 5.296434089541e-02 4.588456451893e-02 3.731729835272e-02 3.047510981560e-02 3.315841779113e-02 4.142532125115e-02 4.346673935652e-02 4.600112885237e-02 5.062026530504e-02 5.035288631916e-02 4.699387401342e-02 3.999917581677e-02 2.942470647395e-02 3.020526468754e-02 3.138506412506e-02 3.321509063244e-02 3.475960344076e-02 3.512064367533e-02 3.860543295741e-02 4.980328306556e-02
1.343019157648e-01 7.247606664896e-02 5.121881887317e-02 3.196929767728e-02 3.012062422931e-02 3.245295584202e-02 3.133106604218e-02 2.709773369133e-02 2.153306826949e-02 2.936471439898e-02 5.407327786088e-02 9.205859899521e-02 2.554402053356e-01 3.047176897526e-01 2.216871827841e-01 1.362656205893e-01 8.641973882914e-02 6.154668703675e-02 5.715556070209e-02 5.566545203328e-02 5.029240623116e-02 4.767687991261e-02 4.622295871377e-02 4.072398319840e-02 3.222013264894e-02 2.835978940129e-02 2.795179933310e-02 2.980070747435e-02 3.852221369743e-02 4.300957545638e-02 3.254778310657e-02 3.555731475353e-02 3.563144430518e-02 3.338064625859e-02 3.170707821846e-02 3.474809974432e-02 3.763673081994e-02 4.140640795231e-02 4.542667046189e-02 4.764607548714e-02 4.676432162523e-02 4.347615689039e-02 4.882062971592e-02
1.199552193284e-01 5.479729920626e-02 3.684677928686e-02 2.331573888659e-02 2.817285992205e-02 3.122201189399e-02 2.989448048174e-02 2.467137575150e-02 1.822886802256e-02 2.637374959886e-02 4.856276512146e-02 7.530641555786e-02 1.779020428658e-01 2.291506826878e-01 1.788708865643e-01 1.062937006354e-01 6.598637998104e-02 6.145586818457e-02 6.060313433409e-02 5.095475912094e-02 4.064242914319e-02 3.403448686004e-02 2.985325828195e-02 2.508093602955e-02 2.335985749960e-02 2.292246185243e-02 2.292904071510e-02 2.531480044127e-02 3.349714726210e-02 3.914462029934e-02 3.053370118141e-02 2.411284670234e-02 2.275422029197e-02 2.914533205330e-02 3.457618132234e-02 3.938675671816e-02 4.494980350137e-02 5.182528868318e-02 5.822489783168e-02 6.079388409853e-02 5.775820463896e-02 5.083809047937e-02 4.806799814105e-02
