100/SI/f139.grd
DSAA
101	101
32.816463539100	34.260883539100
35.556306596100	36.727886596100
8.208672516048e-04	1.438312377930e+02
[rows 76 to 94 of 101, columns 0 to 42 of 101]
8.975327946246e-03 1.297979243100e-02 1.714996993542e-02 2.028560452163e-02 2.177800238132e-02 2.190125547349e-02 2.115090936422e-02 1.997015625238e-02 1.863059401512e-02 1.952973753214e-02 2.210927568376e-02 2.652439102530e-02 3.141396120191e-02 3.453991562128e-02 3.514863550663e-02 3.409042581916e-02 3.101846762002e-02 3.299976140261e-02 3.399148210883e-02 3.605443239212e-02 4.960483685136e-02 4.843202605844e-02 3.234500810504e-02 3.516026213765e-02 3.263970091939e-02 2.993577159941e-02 3.102774173021e-02 3.448577597737e-02 3.858692944050e-02 4.082240909338e-02 3.934078291059e-02 3.707808256149e-02 3.607052937150e-02 3.578643873334e-02 3.944608196616e-02 4.674354940653e-02 8.842772990465e-02 1.072981581092e-01 1.010867804289e-01 7.257701456547e-02 7.279297709465e-02 1.199338957667e-01 2.103186249733e-01
9.060298092663e-03 1.463755313307e-02 1.941282674670e-02 2.237376756966e-02 2.354423142970e-02 2.341488935053e-02 2.248400077224e-02 2.111511304975e-02 2.123989351094e-02 2.361078932881e-02 2.719777449965e-02 3.217464685440e-02 3.677451610565e-02 3.900817781687e-02 3.839106485248e-02 3.559482470155e-02 3.031430765986e-02 3.114704228938e-02 3.129950165749e-02 2.789083682001e-02 2.830861322582e-02 2.959440648556e-02 2.664983272552e-02 3.171325102448e-02 3.361967951059e-02 3.088000603020e-02 3.343806043267e-02 4.030411690474e-02 4.477029293776e-02 4.532125964761e-02 4.230888187885e-02 3.885296732187e-02 3.870365023613e-02 3.679737076163e-02 4.473498836160e-02 4.844004288316e-02 7.921551913023e-02 8.872156590223e-02 9.980935603380e-02 1.130773648620e-01 2.358938902617e-01 3.107242584229e-01 2.966321408749e-01
9.630291722715e-03 1.535135321319e-02 1.998276636004e-02 2.259860187769e-02 2.342574857175e-02 2.302907593548e-02 2.185677550733e-02 2.304648235440e-02 2.599707059562e-02 2.911461517215e-02 3.313871100545e-02 3.738230094314e-02 4.013054445386e-02 4.006122425199e-02 3.719437494874e-02 3.230276331306e-02 2.567471005023e-02 2.691906504333e-02 2.609142102301e-02 2.290179580450e-02 2.126203663647e-02 2.383583225310e-02 2.849939279258e-02 3.800072893500e-02 4.004510864615e-02 3.641068190336e-02 4.472401365638e-02 4.855659976602e-02 4.969675466418e-02 4.862952232361e-02 4.549147561193e-02 4.218908026814e-02 4.019718989730e-02 4.494564607739e-02 5.799080803990e-02 7.526127994061e-02 9.903268516064e-02 1.222345456481e-01 1.072818934917e-01 2.747325897217e-01 3.199604749680e-01 3.038180470467e-01 3.007294833660e-01
8.689102716744e-03 1.372594013810e-02 1.768682152033e-02 1.980616897345e-02 2.033802680671e-02 1.977249421179e-02 2.186516858637e-02 2.490156888962e-02 2.734326384962e-02 2.977425977588e-02 3.232923150063e-02 3.423289209604e-02 3.446497023106e-02 3.246060013771e-02 2.868102304637e-02 2.400222793221e-02 2.231372147799e-02 2.150580659509e-02 2.008445374668e-02 1.915186084807e-02 1.963858492672e-02 2.183058112860e-02 3.419535234571e-02 4.654460772872e-02 5.038070678711e-02 5.265420675278e-02 5.491781234741e-02 5.538101866841e-02 5.220087617636e-02 4.910690337420e-02 4.648196324706e-02 4.413859546185e-02 5.121977627277e-02 5.668535456061e-02 7.232835888863e-02 8.336348831654e-02 8.127824962139e-02 1.319687217474e-01 1.593439429998e-01 2.460067868233e-01 2.788476645947e-01 2.755473852158e-01 2.791027128696e-01
7.147953379899e-03 1.143197342753e-02 1.391791459173e-02 1.530810166150e-02 1.571075059474e-02 1.758799143136e-02 2.020763605833e-02 2.183032408357e-02 2.259463444352e-02 2.328333072364e-02 2.408108673990e-02 2.456190250814e-02 2.410283125937e-02 2.232120931149e-02 2.287962846458e-02 2.339820191264e-02 2.312565781176e-02 2.191643789411e-02 2.003477141261e-02 1.881385967135e-02 1.841027475893e-02 2.250572666526e-02 3.848987072706e-02 5.294945463538e-02 6.008735299110e-02 6.335238367319e-02 6.391382217407e-02 6.613840907812e-02 6.446107476950e-02 5.561650544405e-02 4.798287898302e-02 4.602401331067e-02 5.597455054522e-02 5.908263102174e-02 6.076992675662e-02 6.796332448721e-02 9.030598402023e-02 1.270450055599e-01 1.682514250278e-01 1.760777235031e-01 2.753144800663e-01 3.394420444965e-01 2.675862610340e-01
9.711626917124e-03 1.430975925177e-02 1.737559959292e-02 1.911322399974e-02 1.989685557783e-02 2.025116048753e-02 2.037045173347e-02 2.024082653224e-02 1.985722221434e-02 1.932410895824e-02 1.974546909332e-02 2.144992910326e-02 2.292861603200e-02 2.420326694846e-02 2.509439177811e-02 2.530375868082e-02 2.457233890891e-02 2.282614074647e-02 2.116463705897e-02 2.063756249845e-02 1.974505931139e-02 2.431372553110e-02 3.963615745306e-02 5.462106317282e-02 1.354095190763e-01 3.980286419392e-01 4.230515658855e-01 1.910453885794e-01 1.116773709655e-01 8.824604749680e-02 6.289692223072e-02 4.859478026628e-02 5.730378627777e-02 7.529306411743e-02 5.971093475819e-02 7.361280173063e-02 8.166489750147e-02 1.309253126383e-01 2.288292348385e-01 2.310914695263e-01 2.560947537422e-01 3.443864583969e-01 4.780710637569e-01
1.371290907264e-02 1.984929665923e-02 2.414380200207e-02 2.620194479823e-02 2.676757611334e-02 2.660964801908e-02 2.607171982527e-02 2.525514550507e-02 2.421705797315e-02 2.304472960532e-02 2.683793567121e-02 3.082907013595e-02 3.429083898664e-02 3.666039183736e-02 3.745817020535e-02 3.645798936486e-02 3.367210179567e-02 2.930665574968e-02 2.791501209140e-02 2.649440243840e-02 2.473990991712e-02 2.900928445160e-02 3.960523754358e-02 8.915425091982e-02 3.737231791019e-01 1.069968461990e+00 1.168274998665e+00 5.885370969772e-01 2.560639083385e-01 1.261098533869e-01 8.170785009861e-02 6.339744478464e-02 5.526862666011e-02 8.008518069983e-02 8.512922376394e-02 8.839701861143e-02 7.930235564709e-02 1.205916553736e-01 2.689610123634e-01 4.048010110855e-01 2.687628269196e-01 2.689824700356e-01 6.024577617645e-01
1.719150319695e-02 2.453709580004e-02 2.934200689197e-02 3.118842281401e-02 3.109010681510e-02 3.005655854940e-02 2.858574129641e-02 2.779483236372e-02 3.199956566095e-02 3.904137015343e-02 4.630693793297e-02 5.316587537527e-02 5.900239571929e-02 6.360628455877e-02 6.678505986929e-02 6.794363260269e-02 6.621471792459e-02 6.059788540006e-02 5.011228844523e-02 3.810092434287e-02 3.512246906757e-02 3.598806634545e-02 7.839403301477e-02 1.418762952089e-01 4.300049841404e-01 3.449831724167e+00 6.636663436890e+00 1.460547566414e+00 6.513251066208e-01 2.280109673738e-01 9.970304369926e-02 7.825962454081e-02 7.328764349222e-02 1.018120422959e-01 1.224116310477e-01 1.195669472218e-01 9.904725849628e-02 1.479400843382e-01 2.261819541454e-01 4.947169423103e-01 4.988578557968e-01 2.600879967213e-01 6.206182837486e-01
1.825604587793e-02 2.552671730518e-02 2.981625869870e-02 3.082629851997e-02 2.976342476904e-02 3.087959066033e-02 3.414201736450e-02 3.629749640822e-02 4.279514402151e-02 5.269846320152e-02 6.302902102470e-02 7.283694297075e-02 8.144765347242e-02 8.913223445415e-02 9.650425612926e-02 1.034948006272e-01 1.082227155566e-01 1.065443158150e-01 9.270906448364e-02 6.695169955492e-02 5.106726288795e-02 7.320318371058e-02 1.291365027428e-01 1.833594590425e-01 8.204126954079e-01 1.954756021500e+00 2.635544300079e+00 7.997250556946e-01 3.317874372005e-01 1.865428090096e-01 1.520351171494e-01 1.810466796160e-01 2.329421043396e-01 2.155468165874e-01 1.535402983427e-01 1.536962240934e-01 1.290532648563e-01 1.509378701448e-01 1.648597121239e-01 3.240628838539e-01 4.312797486782e-01 2.932741641998e-01 1.054587721825e+00
2.464662678540e-02 3.903405740857e-02 4.922146722674e-02 5.502471700311e-02 5.827526748180e-02 5.955973640084e-02 5.901981145144e-02 5.689983814955e-02 5.361610651016e-02 5.470557138324e-02 6.607016175985e-02 7.753508538008e-02 8.843633532524e-02 9.889949113131e-02 1.100345700979e-01 1.231375634670e-01 1.359633207321e-01 1.410335451365e-01 1.277883350849e-01 1.411315500736e-01 1.144653111696e-01 1.238749921322e-01 1.621377915144e-01 2.241864949465e-01 4.186497330666e-01 1.505331695080e-01 1.202984228730e-01 1.201645359397e-01 1.553691327572e-01 1.415652185678e-01 1.591883599758e-01 1.186063885689e+00 8.005496263504e-01 5.728740096092e-01 3.439315557480e-01 5.087744593620e-01 4.676108062267e-01 2.199680656195e-01 1.750941425562e-01 1.995337903500e-01 2.974221408367e-01 8.027383685112e-01 1.218409538269e+00
4.517905786633e-02 7.022483646870e-02 8.603642135859e-02 9.246943891048e-02 9.354374557734e-02 9.126637130976e-02 8.665379881859e-02 8.058557659388e-02 7.518723607063e-02 7.834158837795e-02 8.072898536921e-02 8.179471641779e-02 8.531694114208e-02 9.696300327778e-02 1.079258099198e-01 1.202057227492e-01 1.324687451124e-01 1.951988637447e-01 2.522409260273e-01 2.542849779129e-01 2.602402865887e-01 2.589680552483e-01 1.914942413568e-01 2.283161282539e-01 1.117511615157e-01 8.474678546190e-02 7.850296050310e-02 6.811361014843e-02 7.661323249340e-02 1.070308834314e-01 2.559895515442e-01 1.405690670013e+00 1.027130126953e+00 6.310474276543e-01 5.574747323990e-01 1.180082321167e+00 1.126053452492e+00 5.109748244286e-01 3.863699436188e-01 3.515286147594e-01 4.480728805065e-01 7.575551867485e-01 1.371786117554e+00
6.438769400120e-02 9.794468432665e-02 1.152308583260e-01 1.194320023060e-01 1.467557996511e-01 1.584371477365e-01 1.564797461033e-01 1.464956998825e-01 1.326123178005e-01 1.185667514801e-01 1.203249618411e-01 1.182284206152e-01 1.219430118799e-01 1.407765150070e-01 1.745674014091e-01 2.113199084997e-01 2.438605427742e-01 2.454684823751e-01 1.933064460754e-01 2.208787947893e-01 2.322696745396e-01 1.926967054605e-01 1.551748663187e-01 8.813261240721e-02 7.743409276009e-02 6.072068586946e-02 5.039258673787e-02 4.050734266639e-02 3.751201182604e-02 6.571666896343e-02 1.047198623419e-01 5.783229470253e-01 7.283315658569e-01 1.098617315292e+00 1.170356988907e+00 1.568401455879e+00 1.081437587738e+00 5.032667517662e-01 8.075250983238e-01 8.598307371140e-01 5.770562291145e-01 7.363887429237e-01 2.353846549988e+00
7.537041604519e-02 1.135288849473e-01 1.312653124332e-01 1.480289548635e-01 1.801457256079e-01 1.931000351906e-01 1.895737349987e-01 1.763060092926e-01 1.580244749784e-01 1.382209509611e-01 1.191905736923e-01 1.312529593706e-01 1.519910991192e-01 1.747358143330e-01 1.901798099279e-01 1.955996304750e-01 1.840399205685e-01 1.519570797682e-01 1.206807792187e-01 1.049206480384e-01 9.000571817160e-02 6.367041915655e-02 5.539114773273e-02 5.301403999329e-02 4.723591729999e-02 3.855754807591e-02 2.976393699646e-02 2.857838571072e-02 3.644063696265e-02 5.414278805256e-02 7.780155539513e-02 3.155811429024e-01 3.340260684490e-01 6.461341381073e-01 7.523832321167e-01 1.766084313393e+00 1.535733222961e+00 8.328973650932e-01 7.681702375412e-01 3.146588325500e+00 7.410686969757e+00 1.911515474319e+00 1.172703862190e+00
5.617043003440e-02 8.380130678415e-02 9.571518748999e-02 9.803450107574e-02 1.174519509077e-01 1.246153265238e-01 1.215965971351e-01 1.126346290112e-01 1.005785912275e-01 8.771441876888e-02 8.028911054134e-02 8.683256804943e-02 9.057634323835e-02 9.148299694061e-02 8.966100215912e-02 8.932180702686e-02 8.035048097372e-02 6.395212560892e-02 7.447694987059e-02 7.020329684019e-02 5.592794343829e-02 4.129913821816e-02 3.869774192572e-02 3.452743589878e-02 2.889027632773e-02 2.273329906166e-02 2.623135223985e-02 3.644900396466e-02 4.564561322331e-02 9.174954891205e-02 1.164587959647e-01 1.753031164408e-01 3.032862842083e-01 2.273652106524e-01 1.965494602919e-01 2.378783077002e-01 1.478351831436e+00 8.824745416641e-01 6.547011137009e-01 4.214858531952e+00 9.297338485718e+00 1.014780282974e+00 3.653987944126e-01
2.655951678753e-02 3.921635448933e-02 4.670001193881e-02 5.304221063852e-02 5.548860132694e-02 5.744057893753e-02 5.803051963449e-02 5.504724383354e-02 5.240820720792e-02 5.172085016966e-02 5.082296580076e-02 4.678838700056e-02 4.873603582382e-02 5.025656893849e-02 4.997095465660e-02 4.735929518938e-02 6.163941696286e-02 7.877795398235e-02 7.428686320782e-02 5.561741441488e-02 3.549274802208e-02 2.608509175479e-02 2.367329970002e-02 2.052526921034e-02 1.718951389194e-02 2.670728787780e-02 4.110349714756e-02 5.484645441175e-02 7.407844811678e-02 1.201043501496e-01 1.669651865959e-01 2.251242697239e-01 2.570190429688e-01 2.731730043888e-01 1.343805193901e-01 1.567924618721e-01 3.016958236694e-01 7.516247034073e-01 1.240584015846e+00 1.325184583664e+00 6.902126669884e-01 2.612593472004e-01 2.437135279179e-01
1.781578548253e-02 2.598229609430e-02 3.287012502551e-02 3.712396323681e-02 3.882833942771e-02 3.870639950037e-02 3.767294064164e-02 3.587568923831e-02 3.376789391041e-02 3.154256939888e-02 2.926077693701e-02 2.697912976146e-02 2.478425763547e-02 2.471267059445e-02 2.438517101109e-02 3.356593474746e-02 5.725166574121e-02 6.780739873648e-02 5.810014903545e-02 4.008778929710e-02 2.442526817322e-02 1.574534550309e-02 1.599620096385e-02 1.753002218902e-02 2.385226078331e-02 4.053166136146e-02 6.107667088509e-02 8.449316024780e-02 1.195787340403e-01 1.648699045181e-01 2.466203272343e-01 2.544090747833e-01 2.284423708916e-01 1.253863871098e-01 9.551187604666e-02 1.301802843809e-01 1.582982391119e-01 5.692425966263e-01 1.465002298355e+00 8.568192720413e-01 5.057291984558e-01 2.228892445564e-01 2.115492820740e-01
1.264357939363e-02 1.828046143055e-02 2.284061908722e-02 2.566479705274e-02 2.692224830389e-02 2.706847712398e-02 2.647328376770e-02 2.537976391613e-02 2.394811809063e-02 2.226111851633e-02 2.040185965598e-02 1.843045093119e-02 1.963954232633e-02 1.973805017769e-02 1.821590773761e-02 1.989321224391e-02 3.566425293684e-02 4.444260522723e-02 4.158963263035e-02 3.258580714464e-02 2.304489165545e-02 1.550322864205e-02 1.712100394070e-02 1.969547383487e-02 3.368809074163e-02 7.382098585367e-02 1.565644741058e-01 1.443578600883e-01 1.198356002569e-01 2.221563011408e-01 3.022723793983e-01 2.591116130352e-01 1.837025731802e-01 8.632820844650e-02 9.393119812012e-02 1.289597451687e-01 1.716307997704e-01 6.693512201309e-01 1.145451903343e+00 5.060786604881e-01 2.925091981888e-01 1.778673976660e-01 1.597627401352e-01
8.571327663958e-03 1.227398775518e-02 1.520827040076e-02 1.699395477772e-02 1.777329854667e-02 1.784472353756e-02 1.741986162961e-02 1.663404889405e-02 1.556820329279e-02 1.428678352386e-02 1.406849455088e-02 1.578791253269e-02 1.645791903138e-02 1.573259755969e-02 1.477846316993e-02 1.690998300910e-02 1.878577284515e-02 2.270219102502e-02 2.600416354835e-02 2.513799816370e-02 2.142472006381e-02 1.694302819669e-02 1.827731169760e-02 2.516499720514e-02 4.384345188737e-02 1.279766112566e-01 1.822579205036e-01 1.103309541941e-01 1.219290569425e-01 2.347580939531e-01 3.176471590996e-01 2.515748143196e-01 1.730769723654e-01 1.188844293356e-01 1.331173330545e-01 1.288904398680e-01 2.858175039291e-01 1.162645459175e+00 8.732706904411e-01 2.093187123537e-01 4.200878739357e-01 1.815661489964e-01 1.235555708408e-01
5.162759684026e-03 7.321373093873e-03 9.003357030451e-03 9.995363652706e-03 1.038936711848e-02 1.036220975220e-02 1.003539562225e-02 9.486764669418e-03 8.886891417205e-03 1.081944908947e-02 1.263626292348e-02 1.382184773684e-02 1.391291525215e-02 1.507970876992e-02 1.744622737169e-02 1.984318532050e-02 2.193825691938e-02 2.330577373505e-02 2.353107929230e-02 2.245692722499e-02 2.048973739147e-02 1.907602883875e-02 2.121548168361e-02 3.135995566845e-02 5.288936942816e-02 1.431889683008e-01 1.505128741264e-01 1.215103194118e-01 1.104921996593e-01 2.098893076181e-01 2.940682768822e-01 2.292635440826e-01 2.211575359106e-01 1.493625044823e-01 1.603225469589e-01 1.178290769458e-01 2.777981758118e-01 6.991735696793e-01 3.743667304516e-01 2.465505301952e-01 5.575944185257e-01 1.789789646864e-01 9.452389180660e-02
