100/SI/f139.grd
DSAA
101	101
32.816463539100	34.260883539100
35.556306596100	36.727886596100
8.208672516048e-04	1.438312377930e+02
[rows 38 to 56 of 101, columns 43 to 85 of 101]
8.516298294067e+00 1.313640785217e+01 1.432464694977e+01 8.171922683716e+00 1.416196060181e+01 6.965099334717e+00 7.026897907257e+00 9.674951553345e+00 8.148053169250e+00 6.554995059967e+00 9.574821472168e+00 5.011207103729e+00 5.571104526520e+00 4.757127761841e+00 7.279700756073e+00 5.356663227081e+00 5.662978172302e+00 3.311232805252e+00 4.443912506104e+00 6.706324100494e+00 6.802636623383e+00 5.197329044342e+00 3.580818414688e+00 2.838239908218e+00 2.449928283691e+00 2.183526754379e+00 2.092240810394e+00 2.143366336823e+00 1.908502697945e+00 1.434095859528e+00 1.412683963776e+00 1.671502470970e+00 1.909572839737e+00 1.963104605675e+00 1.989573001862e+00 1.992578029633e+00 1.961009979248e+00 1.810691714287e+00 1.607150197029e+00 1.431448936462e+00 1.288946390152e+00 1.269578814507e+00 1.092450976372e+00
8.480449676514e+00 1.752178382874e+01 1.154833316803e+01 1.609799575806e+01 1.153260612488e+01 1.591953372955e+01 1.379789257050e+01 8.488310813904e+00 8.514184951782e+00 6.648577213287e+00 1.092257499695e+01 7.197489261627e+00 4.496959209442e+00 5.351213932037e+00 9.700599670410e+00 5.709050655365e+00 6.607718467712e+00 1.028661346436e+01 9.187077522278e+00 6.200711250305e+00 4.169602870941e+00 2.832424879074e+00 2.647336483002e+00 2.341797113419e+00 2.343792200089e+00 2.245651483536e+00 1.970597863197e+00 1.720195055008e+00 1.549522638321e+00 1.538275480270e+00 1.687084436417e+00 1.583603024483e+00 1.298846125603e+00 1.127633690834e+00 1.090570449829e+00 9.410898685455e-01 9.840658307076e-01 1.081739544868e+00 1.189762115479e+00 1.315839290619e+00 1.424303293228e+00 1.838016033173e+00 1.900876998901e+00
1.231371116638e+01 8.787365913391e+00 1.543371963501e+01 1.201678562164e+01 1.305353260040e+01 1.688443183899e+01 1.033836650848e+01 9.454078674316e+00 6.820629596710e+00 7.045286655426e+00 1.175044536591e+01 6.505988121033e+00 6.617112636566e+00 6.472944259644e+00 7.889660835266e+00 1.272206687927e+01 8.662728309631e+00 4.450641632080e+00 4.145366668701e+00 2.761205911636e+00 2.117542505264e+00 2.987254381180e+00 3.931195974350e+00 3.529504060745e+00 2.557866096497e+00 2.207797288895e+00 2.161663770676e+00 1.994710206985e+00 1.723035931587e+00 1.600977420807e+00 1.503918051720e+00 1.554642438889e+00 1.487660288811e+00 1.382966041565e+00 1.355767011642e+00 1.424421668053e+00 1.405330181122e+00 1.275795936584e+00 1.622818589211e+00 2.217357635498e+00 1.829666495323e+00 1.346166253090e+00 1.164920806885e+00
1.378479099274e+01 1.259106063843e+01 2.021986198425e+01 1.705028343201e+01 1.633520126343e+01 1.789328575134e+01 1.664085388184e+01 9.124787330627e+00 1.021879959106e+01 9.881612777710e+00 1.136252880096e+01 9.276243209839e+00 8.514650344849e+00 1.451216697693e+01 9.349698066711e+00 6.813639640808e+00 5.868181705475e+00 4.738687515259e+00 3.479580163956e+00 5.422609329224e+00 5.850626468658e+00 3.128795862198e+00 4.926823616028e+00 3.810842752457e+00 3.426278352737e+00 3.018224954605e+00 2.663102626801e+00 2.379071235657e+00 2.140811920166e+00 2.010085821152e+00 3.736353635788e+00 1.583575367928e+00 1.517907023430e+00 1.433828830719e+00 1.887343764305e+00 2.339475154877e+00 2.059337854385e+00 2.362590551376e+00 1.989972591400e+00 2.178964614868e+00 2.196087121964e+00 2.145875930786e+00 1.969199299812e+00
1.323338603973e+01 1.812854385376e+01 1.589053153992e+01 1.576756191254e+01 1.461991500854e+01 1.887171554565e+01 2.880297470093e+01 1.293061542511e+01 1.456862354279e+01 1.485404300690e+01 1.315190505981e+01 1.295832252502e+01 1.556829261780e+01 8.747340202332e+00 9.441237449646e+00 5.343180656433e+00 7.021536350250e+00 9.393526077271e+00 7.406746864319e+00 7.283821582794e+00 7.546730518341e+00 5.043704032898e+00 3.086028337479e+00 2.993427038193e+00 2.772780895233e+00 2.693491935730e+00 3.163305044174e+00 5.448560237885e+00 6.515609264374e+00 5.757088184357e+00 2.832839488983e+00 2.056457757950e+00 1.948804378510e+00 2.237869739532e+00 2.685704946518e+00 2.732343673706e+00 2.488213777542e+00 2.229240894318e+00 1.632840394974e+00 2.027672290802e+00 2.418912410736e+00 2.413108587265e+00 2.319970130920e+00
1.570919132233e+01 2.280199813843e+01 3.724074554443e+01 2.325873565674e+01 3.662915420532e+01 1.963645362854e+01 4.548385238647e+01 1.302328205109e+01 2.439741516113e+01 1.865758705139e+01 1.583839035034e+01 1.605243301392e+01 8.846024513245e+00 1.086983680725e+01 1.200718688965e+01 1.176224327087e+01 7.327003955841e+00 4.376946926117e+00 9.415208816528e+00 8.139883995056e+00 4.482812404633e+00 4.082996368408e+00 3.797629356384e+00 6.889880657196e+00 8.448136329651e+00 7.445875644684e+00 4.950892448425e+00 3.635944128036e+00 3.944763183594e+00 2.513934135437e+00 1.933498859406e+00 2.899201154709e+00 3.607143402100e+00 3.244822025299e+00 2.877378463745e+00 3.845015048981e+00 4.559969902039e+00 4.079410076141e+00 2.927359819412e+00 2.113178730011e+00 2.637738704681e+00 2.895836830139e+00 3.053009748459e+00
1.942328834534e+01 2.445350837708e+01 2.885615921021e+01 3.797415161133e+01 3.180378723145e+01 3.273146820068e+01 5.388252258301e+01 2.145115280151e+01 2.520150184631e+01 1.996461677551e+01 1.955716323853e+01 1.157405090332e+01 1.212202167511e+01 1.512857532501e+01 1.188095283508e+01 8.582176208496e+00 1.233767890930e+01 1.148871898651e+01 8.956959724426e+00 1.133029842377e+01 1.145425510406e+01 9.911561965942e+00 7.073520660400e+00 3.932792425156e+00 4.308259487152e+00 3.878377437592e+00 3.120340824127e+00 3.210162162781e+00 3.367718696594e+00 3.619740486145e+00 3.526966810226e+00 3.015403270721e+00 2.897960424423e+00 2.438707113266e+00 4.406193733215e+00 5.387656688690e+00 5.054205417633e+00 3.726478099823e+00 2.262124061584e+00 1.416693568230e+00 1.960721254349e+00 2.253503561020e+00 2.078367471695e+00
1.826313209534e+01 2.667752647400e+01 3.195720291138e+01 3.076524543762e+01 4.561051177979e+01 3.467685699463e+01 5.542267990112e+01 3.023555755615e+01 2.609877586365e+01 2.882342910767e+01 2.207737350464e+01 1.405862045288e+01 1.443632698059e+01 1.525086307526e+01 8.973582267761e+00 1.297597408295e+01 1.672911643982e+01 1.164203166962e+01 6.773089885712e+00 6.688970565796e+00 5.888031959534e+00 4.673986911774e+00 4.496301651001e+00 4.893616199493e+00 4.897150516510e+00 4.330382347107e+00 3.782015323639e+00 3.687765121460e+00 3.063824176788e+00 3.430478572845e+00 3.207184553146e+00 2.930238485336e+00 2.042541503906e+00 3.693503856659e+00 4.411897182465e+00 4.185887813568e+00 2.928772211075e+00 1.597946524620e+00 2.202742576599e+00 2.077479600906e+00 1.559934973717e+00 1.419811725616e+00 1.534837245941e+00
2.737654876709e+01 3.777584457397e+01 3.874299621582e+01 4.292641067505e+01 4.698398590088e+01 5.914723968506e+01 5.603542327881e+01 1.056155548096e+02 3.928726577759e+01 2.461043548584e+01 2.281447601318e+01 2.086915016174e+01 1.754410934448e+01 2.672195434570e+01 2.328207206726e+01 1.366305828094e+01 1.241302394867e+01 1.283254528046e+01 9.365918159485e+00 8.440037727356e+00 8.351880073547e+00 7.934887409210e+00 8.354557991028e+00 6.213143825531e+00 8.146378517151e+00 7.211081027985e+00 4.508894920349e+00 4.104522705078e+00 4.159080982208e+00 3.873898029327e+00 3.301307678223e+00 3.197604894638e+00 3.298588037491e+00 3.803474187851e+00 3.538307189941e+00 2.719776630402e+00 2.109101295471e+00 1.903748035431e+00 1.854646086693e+00 1.833617210388e+00 1.791385293007e+00 1.724687695503e+00 1.653842926025e+00
1.778692245483e+01 4.972690582275e+01 3.514715576172e+01 4.338479232788e+01 6.919126129150e+01 5.714677047729e+01 6.736487579346e+01 7.862698364258e+01 3.894498443604e+01 3.679243850708e+01 4.720066452026e+01 2.971206665039e+01 3.676546859741e+01 2.863766860962e+01 2.384516525269e+01 2.070049667358e+01 1.753277587891e+01 1.512593841553e+01 1.331529521942e+01 1.873873710632e+01 2.180220603943e+01 9.052741050720e+00 5.808604717255e+00 5.822486877441e+00 8.177319526672e+00 5.252924442291e+00 4.549551486969e+00 4.401096820831e+00 4.001153469086e+00 3.802924633026e+00 3.648498058319e+00 3.768527030945e+00 3.988588094711e+00 3.411923170090e+00 2.613777875900e+00 2.483000278473e+00 2.348227024078e+00 1.887081503868e+00 1.864683270454e+00 1.823502302170e+00 1.683601856232e+00 1.725131154060e+00 1.810847759247e+00
4.597766876221e+01 5.491305541992e+01 6.215917587280e+01 6.585751342773e+01 7.821220397949e+01 1.080811309814e+02 1.438312377930e+02 6.368266296387e+01 5.188750457764e+01 3.745983886719e+01 5.321683883667e+01 5.317755889893e+01 1.956312179565e+01 3.124908256531e+01 3.436410903931e+01 1.718321609497e+01 1.561508464813e+01 1.643250465393e+01 1.798714637756e+01 2.099636840820e+01 1.606734657288e+01 7.217083454132e+00 7.722501754761e+00 6.499366283417e+00 5.968343734741e+00 5.130856037140e+00 4.983394145966e+00 4.944308280945e+00 4.110816478729e+00 2.855463743210e+00 2.609189510345e+00 2.850730180740e+00 3.049317359924e+00 3.131963729858e+00 3.035604476929e+00 2.902275323868e+00 2.584043025970e+00 2.658776521683e+00 2.958322286606e+00 3.023802518845e+00 2.702524185181e+00 2.341832876205e+00 2.041570186615e+00
3.119953727722e+01 5.562095260620e+01 5.807197570801e+01 7.413018798828e+01 7.450554656982e+01 7.348028564453e+01 7.237248992920e+01 5.761825180054e+01 4.067429733276e+01 4.591632080078e+01 4.413965606689e+01 4.603213500977e+01 5.604895401001e+01 2.402241897583e+01 2.105891036987e+01 1.307616329193e+01 1.179892253876e+01 8.268898010254e+00 7.702693939209e+00 6.516849517822e+00 5.638381481171e+00 6.373878002167e+00 7.839169979095e+00 8.998572349548e+00 9.183090209961e+00 8.016564369202e+00 6.279507637024e+00 4.341814517975e+00 3.020546913147e+00 2.490397453308e+00 2.140906095505e+00 2.363708972931e+00 3.054910421371e+00 2.033282518387e+00 2.314194679260e+00 2.522701740265e+00 2.012645006180e+00 2.474688529968e+00 2.919798851013e+00 3.089490890503e+00 3.498800039291e+00 4.385801792145e+00 4.972738265991e+00
1.223185634613e+01 1.684681701660e+01 2.670741844177e+01 1.259140930176e+02 6.835915374756e+01 6.533749389648e+01 3.677687835693e+01 3.760529327393e+01 3.487110519409e+01 5.483806610107e+01 5.211082458496e+01 7.445477294922e+01 1.063389663696e+02 7.714086151123e+01 4.973275756836e+01 2.275801467896e+01 1.065777397156e+01 7.545928001404e+00 7.039000034332e+00 9.411084175110e+00 1.226829147339e+01 1.134052085876e+01 8.348718643188e+00 5.352233409882e+00 5.921753406525e+00 5.569661617279e+00 7.833096981049e+00 1.160657024384e+01 5.370057582855e+00 2.916890859604e+00 2.722755908966e+00 4.470906734467e+00 2.892686367035e+00 1.789210915565e+00 1.613656878471e+00 1.669279932976e+00 1.686885356903e+00 1.734282374382e+00 1.763427734375e+00 1.760254979134e+00 1.761294007301e+00 1.944860100746e+00 1.699726581573e+00
2.242162942886e+00 5.436234951019e+00 1.324422550201e+01 1.739919853210e+01 1.798527336121e+01 1.756021308899e+01 1.359025096893e+01 1.910200309753e+01 1.854199218750e+01 3.032880401611e+01 6.122259521484e+01 6.938305664062e+01 9.507981872559e+01 5.287705612183e+01 3.788208770752e+01 2.129361724854e+01 9.692119598389e+00 5.072515487671e+00 5.635541439056e+00 1.186783599854e+01 3.768422698975e+01 1.578869628906e+01 1.348648643494e+01 1.032295227051e+01 1.048964977264e+01 8.985248565674e+00 9.491648674011e+00 6.633378505707e+00 3.409335613251e+00 4.520451068878e+00 3.814903736115e+00 3.744503021240e+00 2.325039863586e+00 2.115467071533e+00 1.479073882103e+00 1.320185065269e+00 1.358965516090e+00 1.350338459015e+00 1.457440853119e+00 1.380724668503e+00 1.795310378075e+00 2.106430053711e+00 2.035570383072e+00
1.478103876114e+00 2.790937900543e+00 8.461150169373e+00 5.038673400879e+00 4.242917060852e+00 3.513144969940e+00 5.380248069763e+00 8.783367156982e+00 9.135991096497e+00 9.776788711548e+00 2.792636680603e+01 1.322158203125e+02 1.085323638916e+02 4.824162673950e+01 2.275295066833e+01 6.505077362061e+00 3.851191282272e+00 2.531677246094e+00 3.132032632828e+00 8.104548454285e+00 1.854517364502e+01 3.215878677368e+01 1.603007507324e+01 1.217339992523e+01 9.593318939209e+00 7.187627315521e+00 7.597751617432e+00 7.075557231903e+00 6.197989940643e+00 5.621237277985e+00 6.818831443787e+00 2.969858407974e+00 2.719574451447e+00 2.203563928604e+00 2.261913776398e+00 2.112873077393e+00 1.775610208511e+00 1.471528649330e+00 1.722501635551e+00 1.986995339394e+00 2.325924158096e+00 2.288114786148e+00 1.950042486191e+00
1.004246115685e+00 4.177799701691e+00 9.667344093323e+00 8.896357536316e+00 1.806542515755e+00 2.128465175629e+00 2.049313545227e+00 4.109532833099e+00 5.935069084167e+00 1.178009986877e+01 1.729475784302e+01 3.715497207642e+01 7.814500427246e+01 5.405580139160e+01 7.253592681885e+01 1.754964065552e+01 2.196731805801e+00 1.378036856651e+00 2.160373449326e+00 7.591645240784e+00 2.129279899597e+01 3.398424911499e+01 2.578561973572e+01 1.750477218628e+01 1.216105461121e+01 7.666419982910e+00 8.721894264221e+00 6.425319671631e+00 6.264706611633e+00 6.227495670319e+00 5.135982990265e+00 4.093647956848e+00 2.883256196976e+00 3.103633403778e+00 2.825895547867e+00 2.185637235641e+00 2.007771253586e+00 1.834945678711e+00 1.714948534966e+00 2.000891208649e+00 2.191942930222e+00 2.129275321960e+00 1.884545803070e+00
8.892498612404e-01 2.150255680084e+00 1.428885173798e+01 1.768221092224e+01 9.564559936523e+00 1.422219038010e+00 1.099403262138e+00 2.029452562332e+00 2.020647764206e+00 1.703641533852e+00 1.426116585732e+00 5.949415683746e+00 2.614368247986e+01 1.610626983643e+01 8.716143035889e+01 1.105103683472e+01 6.219001293182e+00 2.416520595551e+00 1.926107287407e+00 6.222882270813e+00 1.200486373901e+01 1.081424179077e+02 3.450068283081e+01 1.464961242676e+01 1.472664546967e+01 7.821189403534e+00 8.362492561340e+00 7.023639678955e+00 9.984995841980e+00 7.656889438629e+00 4.386512279510e+00 4.405027866364e+00 4.068784236908e+00 3.870637178421e+00 3.798063516617e+00 3.027909517288e+00 3.066337823868e+00 3.385171175003e+00 2.185968637466e+00 1.681960225105e+00 1.666764974594e+00 1.643113970757e+00 1.832568168640e+00
5.687169432640e-01 9.564769268036e-01 1.211649298668e+00 6.989926338196e+00 4.404192924500e+00 1.007946968079e+00 8.576197028160e-01 1.001756310463e+00 9.377200603485e-01 9.003987312317e-01 6.516534686089e-01 7.274475693703e-01 2.202097177505e+00 1.494898891449e+01 4.139544296265e+01 1.007854843140e+01 8.312582969666e+00 3.788189411163e+00 2.240669488907e+00 4.394360065460e+00 5.335966110229e+00 7.139944553375e+00 6.677659988403e+00 5.072548866272e+00 7.192740440369e+00 1.199563312531e+01 1.033612442017e+01 1.029728317261e+01 6.772148132324e+00 8.657584190369e+00 9.022336006165e+00 7.849428176880e+00 5.005455970764e+00 4.013813018799e+00 3.819960355759e+00 3.333852767944e+00 2.849059343338e+00 2.959646940231e+00 2.874935626984e+00 1.905372142792e+00 1.573587179184e+00 1.616998672485e+00 1.690769314766e+00
6.124819517136e-01 9.667414426804e-01 6.378149390221e-01 7.383283972740e-01 7.549468278885e-01 8.745666146278e-01 7.890321016312e-01 7.398025989532e-01 6.915791034698e-01 5.332065224648e-01 3.772786259651e-01 3.084769546986e-01 5.146833062172e-01 1.499864292145e+01 2.265870666504e+01 2.691410636902e+01 6.882163047791e+00 7.970632076263e+00 7.237130641937e+00 2.531215667725e+00 2.785461664200e+00 5.236042976379e+00 1.432494926453e+01 1.394200515747e+01 1.813583755493e+01 1.818898010254e+01 1.698858642578e+01 1.598347091675e+01 1.505672359467e+01 1.428339958191e+01 1.514157199860e+01 1.850657463074e+01 1.581097316742e+01 6.442297458649e+00 2.605230331421e+00 3.089627027512e+00 3.382811546326e+00 2.339402914047e+00 2.356669187546e+00 1.664166688919e+00 1.675670385361e+00 1.206332325935e+00 1.369754195213e+00
