100/SI/f139.grd
DSAA
101	101
32.816463539100	34.260883539100
35.556306596100	36.727886596100
8.208672516048e-04	1.438312377930e+02
[rows 57 to 75 of 101, columns 0 to 42 of 101]
4.591825604439e-02 7.537586987019e-02 8.231167495251e-02 8.243819326162e-02 8.447801321745e-02 1.035596206784e-01 1.161612793803e-01 1.275534033775e-01 1.382312029600e-01 1.414784342051e-01 1.395333558321e-01 1.966013163328e-01 3.360241651535e-01 1.836518794298e-01 1.313457787037e-01 1.972356438637e-01 1.768450886011e-01 2.031023800373e-01 2.458485811949e-01 2.516965568066e-01 2.564471960068e-01 1.984125077724e-01 1.368621438742e-01 1.207150444388e-01 1.311710029840e-01 1.815075874329e-01 2.886381447315e-01 3.567188382149e-01 2.718151211739e-01 1.619569212198e-01 1.281919330359e-01 1.015006229281e-01 1.061860397458e-01 1.294697821140e-01 1.516586989164e-01 1.934685111046e-01 2.236769050360e-01 2.397114187479e-01 3.927244842052e-01 5.252178907394e-01 4.548498392105e-01 4.065028429031e-01 4.568888247013e-01
5.828911066055e-02 9.534967690706e-02 1.088000610471e-01 1.104488521814e-01 1.093757003546e-01 1.065359041095e-01 1.056572571397e-01 1.107973977923e-01 1.155551001430e-01 1.888673901558e-01 6.107691526413e-01 7.066097855568e-01 2.640244364738e-01 1.356969326735e-01 1.362589001656e-01 1.257922947407e-01 1.375019699335e-01 1.367308497429e-01 1.594243049622e-01 2.019280344248e-01 2.457222491503e-01 2.630975246429e-01 1.844803988934e-01 1.153224930167e-01 1.330113112926e-01 2.024114131927e-01 3.043957054615e-01 3.253254592419e-01 3.303997218609e-01 2.110242247581e-01 1.272429972887e-01 1.162314563990e-01 1.108009144664e-01 1.342986822128e-01 1.586037427187e-01 1.641959100962e-01 1.684505194426e-01 1.727317869663e-01 1.746195852757e-01 1.884895563126e-01 2.319248467684e-01 3.194625973701e-01 3.693179786205e-01
7.775484770536e-02 1.277274638414e-01 1.486346423626e-01 2.137792706490e-01 2.703063488007e-01 3.396630585194e-01 4.445175230503e-01 6.482034325600e-01 1.195061922073e+00 1.693486809731e+00 1.127946138382e+00 2.870569527149e-01 1.959239244461e-01 1.716471165419e-01 1.251095086336e-01 1.293421089649e-01 1.365134119987e-01 1.340443491936e-01 1.305830478668e-01 1.405859887600e-01 2.371964454651e-01 2.692103683949e-01 1.914441287518e-01 1.106123402715e-01 8.616480976343e-02 1.324843764305e-01 1.872643381357e-01 1.957794576883e-01 2.010190784931e-01 1.645680069923e-01 1.163974404335e-01 1.212801933289e-01 1.153205409646e-01 1.296345740557e-01 1.563437581062e-01 1.619583964348e-01 1.541202962399e-01 1.412008106709e-01 1.285819560289e-01 1.440427601337e-01 1.854420602322e-01 2.360447496176e-01 3.158021867275e-01
7.599817961454e-02 1.484417319298e-01 2.499540299177e-01 3.471998870373e-01 4.320234358311e-01 5.662902593613e-01 8.189209699631e-01 1.222087860107e+00 1.230695843697e+00 5.706008076668e-01 1.404727101326e-01 1.635851562023e-01 1.775739789009e-01 1.576837003231e-01 1.392228901386e-01 1.460412591696e-01 1.460962593555e-01 1.399839371443e-01 1.114204227924e-01 1.099210307002e-01 1.707305461168e-01 1.907183974981e-01 1.419410258532e-01 8.921089023352e-02 6.880876421928e-02 7.435977458954e-02 9.950056672096e-02 1.229313686490e-01 1.413240581751e-01 1.249215230346e-01 1.143482774496e-01 1.059969291091e-01 1.133122220635e-01 1.255962103605e-01 1.505390256643e-01 1.542238146067e-01 1.394733488560e-01 1.193210706115e-01 1.105943545699e-01 1.226023659110e-01 1.786054372787e-01 2.207512557507e-01 2.890396118164e-01
4.622281342745e-02 8.051067590714e-02 9.827849268913e-02 1.033614128828e-01 1.035770326853e-01 1.032275184989e-01 1.024360507727e-01 1.003509983420e-01 9.858981519938e-02 9.660477936268e-02 9.077254682779e-02 9.557058662176e-02 1.021642610431e-01 1.306433975697e-01 1.467805504799e-01 1.531785577536e-01 1.472311168909e-01 1.305385679007e-01 9.652230143547e-02 7.845102250576e-02 9.543582051992e-02 9.914620965719e-02 7.843703031540e-02 5.836061760783e-02 5.152739956975e-02 5.544490367174e-02 7.123985886574e-02 8.571159094572e-02 1.036753952503e-01 1.116994470358e-01 1.057888120413e-01 9.456752240658e-02 1.086271181703e-01 1.314408928156e-01 1.566846817732e-01 1.515855938196e-01 1.258942186832e-01 1.004512682557e-01 1.118793189526e-01 1.249189972878e-01 1.803216934204e-01 2.239880710840e-01 2.717251479626e-01
2.185660600662e-02 4.069833084941e-02 5.268497392535e-02 5.811508744955e-02 6.025198474526e-02 6.205848604441e-02 6.378547102213e-02 6.507731974125e-02 6.711246818304e-02 6.915669143200e-02 6.781613826752e-02 6.376751512289e-02 6.330559402704e-02 8.392762392759e-02 9.859773516655e-02 1.036944165826e-01 9.423282742500e-02 8.380006998777e-02 7.082580775023e-02 6.129827722907e-02 5.082665756345e-02 4.748132452369e-02 3.929607942700e-02 4.385585710406e-02 5.170552060008e-02 5.434332787991e-02 5.900035053492e-02 7.112823426723e-02 8.765739202499e-02 9.598246216774e-02 9.464333206415e-02 8.939981460571e-02 1.081140637398e-01 1.449770629406e-01 1.683736294508e-01 1.521043032408e-01 1.141543090343e-01 9.909931570292e-02 1.144532337785e-01 1.299317777157e-01 1.744356155396e-01 2.028288394213e-01 2.334237396717e-01
1.487205177546e-02 2.504460886121e-02 3.108037076890e-02 3.577466309071e-02 3.848116844893e-02 4.087747633457e-02 4.317251220345e-02 4.510354995728e-02 4.744278267026e-02 4.982930049300e-02 5.015008524060e-02 4.853310436010e-02 4.668474569917e-02 4.501496627927e-02 4.522915184498e-02 5.129586532712e-02 5.409471690655e-02 5.336392298341e-02 4.897357523441e-02 4.646924510598e-02 4.110629484057e-02 3.855331242085e-02 3.371645510197e-02 4.455535113811e-02 5.489881709218e-02 6.009741500020e-02 5.970755591989e-02 5.924420058727e-02 7.231833040714e-02 8.050863444805e-02 8.251726627350e-02 8.204366266727e-02 1.094254404306e-01 1.528295129538e-01 1.686854511499e-01 1.410979777575e-01 9.990913420916e-02 9.941575676203e-02 1.193962097168e-01 1.337146610022e-01 1.548877358437e-01 1.780542731285e-01 1.823847144842e-01
1.202469505370e-02 2.047784440219e-02 2.579829283059e-02 2.846679091454e-02 3.020615689456e-02 3.176707029343e-02 3.291939944029e-02 3.314389288425e-02 3.471071645617e-02 3.608386591077e-02 3.637484833598e-02 3.576503321528e-02 3.515984863043e-02 3.434669226408e-02 3.551949560642e-02 4.080541431904e-02 4.337511211634e-02 4.281057789922e-02 3.960173949599e-02 3.670596331358e-02 3.983981162310e-02 3.865424171090e-02 3.339982777834e-02 4.438561946154e-02 5.597740784287e-02 6.303379684687e-02 6.381406635046e-02 6.174883246422e-02 6.358879804611e-02 6.975673139095e-02 7.268915325403e-02 7.590204477310e-02 1.085281819105e-01 1.490897983313e-01 1.537112295628e-01 1.213156580925e-01 9.349339455366e-02 1.025393828750e-01 1.247187107801e-01 1.314099878073e-01 1.370307505131e-01 1.479716151953e-01 1.356486678123e-01
1.184346899390e-02 1.896533183753e-02 2.403017319739e-02 2.633183635771e-02 2.730298414826e-02 2.816310152411e-02 2.848204039037e-02 2.790139801800e-02 2.757459133863e-02 2.794168703258e-02 2.807066217065e-02 2.915229275823e-02 3.000979870558e-02 3.070789761841e-02 3.153933957219e-02 3.307094797492e-02 3.536666184664e-02 3.556136414409e-02 3.590176627040e-02 3.509431332350e-02 3.653347492218e-02 3.813441097736e-02 3.383021056652e-02 4.197911918163e-02 5.301981046796e-02 6.034007668495e-02 6.157108023763e-02 6.041234359145e-02 6.384266912937e-02 6.575506180525e-02 6.702615320683e-02 7.072787731886e-02 1.015403047204e-01 1.335872709751e-01 1.300376504660e-01 1.041548177600e-01 9.110958874226e-02 1.096455231309e-01 1.259655505419e-01 1.226460635662e-01 1.190109476447e-01 1.197210326791e-01 1.100184768438e-01
1.106777042150e-02 1.756423339248e-02 2.201337367296e-02 2.395576611161e-02 2.477491088212e-02 2.540208399296e-02 2.548418752849e-02 2.494057267904e-02 2.437245659530e-02 2.620913460851e-02 2.779966220260e-02 2.923998609185e-02 3.051622956991e-02 3.159005567431e-02 3.256743401289e-02 3.351585566998e-02 3.421464934945e-02 3.432333096862e-02 3.363933041692e-02 3.335279598832e-02 3.338557109237e-02 3.672403469682e-02 3.469308838248e-02 3.803443536162e-02 4.737250134349e-02 5.383971333504e-02 6.226859986782e-02 6.808850914240e-02 6.844625622034e-02 6.629396229982e-02 6.485959142447e-02 6.559652090073e-02 8.908768743277e-02 1.111798286438e-01 1.067221015692e-01 9.273765236139e-02 9.811007976532e-02 1.112609580159e-01 1.188571825624e-01 1.076115518808e-01 9.950869530439e-02 9.437544643879e-02 9.401056170464e-02
1.018536370248e-02 1.613629050553e-02 2.019030414522e-02 2.204284630716e-02 2.281884290278e-02 2.316735312343e-02 2.300972491503e-02 2.254975400865e-02 2.283095009625e-02 2.478825114667e-02 2.655999176204e-02 2.822695486248e-02 2.976034954190e-02 3.104652091861e-02 3.204736486077e-02 3.270236030221e-02 3.279174491763e-02 3.602388873696e-02 3.673809766769e-02 3.404943645000e-02 3.122218511999e-02 3.364292159677e-02 3.430022299290e-02 3.414458781481e-02 4.162684455514e-02 4.697844758630e-02 5.674003809690e-02 6.601222604513e-02 6.826511025429e-02 6.608773022890e-02 6.346233934164e-02 6.316597014666e-02 7.104118168354e-02 8.619855344296e-02 8.477545529604e-02 7.853604853153e-02 8.465512841940e-02 9.406965970993e-02 9.722658991814e-02 8.449809253216e-02 7.787548750639e-02 7.223640382290e-02 7.100134342909e-02
9.441330097616e-03 1.498134713620e-02 1.882201433182e-02 2.066771313548e-02 2.133759669960e-02 2.138445898890e-02 2.105331607163e-02 2.079935185611e-02 2.150293812156e-02 2.231017872691e-02 2.413117885590e-02 2.585766278207e-02 2.745805494487e-02 2.880723960698e-02 2.978694997728e-02 3.172645717859e-02 3.460287675261e-02 3.892869502306e-02 4.081666842103e-02 3.967766463757e-02 3.628803044558e-02 3.224594146013e-02 3.295070677996e-02 3.334612399340e-02 3.703275322914e-02 4.131930693984e-02 4.254628717899e-02 5.131495743990e-02 5.811722204089e-02 6.023093685508e-02 5.956899374723e-02 6.084046512842e-02 6.263969093561e-02 6.462316215038e-02 6.286127865314e-02 6.090001389384e-02 6.548485159874e-02 7.530740648508e-02 8.055591583252e-02 6.663022935390e-02 5.888032168150e-02 5.255123972893e-02 5.854736268520e-02
8.898674510419e-03 1.416278164834e-02 1.786556467414e-02 1.961383223534e-02 2.007096260786e-02 1.991106569767e-02 1.957599446177e-02 1.962336525321e-02 1.986038684845e-02 2.062807790935e-02 2.096338011324e-02 2.263694256544e-02 2.417722158134e-02 2.549833804369e-02 2.719902992249e-02 3.001302480698e-02 3.509890288115e-02 4.003815725446e-02 4.337085038424e-02 4.435740038753e-02 4.311597347260e-02 4.050979018211e-02 3.736615926027e-02 3.446789085865e-02 3.348881006241e-02 3.698549419641e-02 3.766411542892e-02 3.638268634677e-02 4.459467157722e-02 5.119153857231e-02 5.554096028209e-02 5.871796235442e-02 6.059791520238e-02 5.862301960588e-02 5.278377979994e-02 5.149130523205e-02 5.769518762827e-02 7.127401977777e-02 8.305781334639e-02 7.509506493807e-02 5.554232001305e-02 4.939809814095e-02 5.611880868673e-02
8.692466653883e-03 1.381237991154e-02 1.735759153962e-02 1.889439113438e-02 1.912510767579e-02 1.885504461825e-02 1.889701187611e-02 1.913320645690e-02 1.893924921751e-02 1.916958019137e-02 1.919811964035e-02 2.121138945222e-02 2.332580834627e-02 2.551512792706e-02 2.744544111192e-02 3.058703243732e-02 3.558458760381e-02 4.062760248780e-02 4.515118896961e-02 4.794457554817e-02 4.840346425772e-02 4.717167466879e-02 4.508597776294e-02 4.295447841287e-02 4.169736802578e-02 4.090572521091e-02 3.942226618528e-02 3.734756261110e-02 4.409814253449e-02 4.948187246919e-02 5.348918214440e-02 5.710575357080e-02 5.897081270814e-02 5.503804981709e-02 5.260893702507e-02 5.265615507960e-02 5.809522792697e-02 6.874040514231e-02 7.983283698559e-02 7.286500185728e-02 5.652547255158e-02 4.910928755999e-02 5.582869425416e-02
8.823792450130e-03 1.394528057426e-02 1.736362092197e-02 1.870032958686e-02 1.876564696431e-02 1.838920079172e-02 1.859256438911e-02 1.846080832183e-02 1.851001009345e-02 1.860549673438e-02 1.987017877400e-02 2.186173573136e-02 2.380805835128e-02 2.565615251660e-02 2.714243344963e-02 3.138562664390e-02 3.702459111810e-02 4.233952611685e-02 4.746604710817e-02 5.118416622281e-02 5.239031091332e-02 5.159328505397e-02 4.965053871274e-02 4.723394662142e-02 4.524746164680e-02 4.330320656300e-02 4.007715359330e-02 3.758338466287e-02 4.315098002553e-02 4.783016443253e-02 5.182699859142e-02 5.564783886075e-02 5.687840282917e-02 5.225533992052e-02 5.328667908907e-02 5.557658150792e-02 5.936711281538e-02 6.653462350368e-02 7.201459258795e-02 6.365472823381e-02 5.314556136727e-02 4.552106186748e-02 5.172222480178e-02
9.037129580975e-03 1.423673890531e-02 1.759294420481e-02 1.881148479879e-02 1.878131926060e-02 1.833569072187e-02 1.910085417330e-02 1.963333413005e-02 1.993465982378e-02 1.997909322381e-02 1.980437710881e-02 2.100926823914e-02 2.347088605165e-02 2.624301239848e-02 2.711656317115e-02 3.066745027900e-02 3.777042776346e-02 4.388094693422e-02 4.872395470738e-02 5.178832262754e-02 5.248104408383e-02 5.107377469540e-02 4.842160642147e-02 4.530096054077e-02 4.237363487482e-02 3.944340720773e-02 3.532566130161e-02 3.750436753035e-02 4.227942973375e-02 4.648350179195e-02 5.029286071658e-02 5.345274507999e-02 5.344647541642e-02 4.955308884382e-02 5.352251604199e-02 6.598742306232e-02 6.225539743900e-02 6.674099713564e-02 6.410311907530e-02 5.479834601283e-02 4.800291731954e-02 4.139564558864e-02 4.685276001692e-02
8.900730870664e-03 1.397630106658e-02 1.716950535774e-02 1.829267852008e-02 1.825654134154e-02 1.839139498770e-02 1.888186670840e-02 1.911784708500e-02 1.917593367398e-02 1.905932836235e-02 1.939869299531e-02 2.178897149861e-02 2.535793930292e-02 2.838774770498e-02 2.927262522280e-02 2.860271558166e-02 3.603376075625e-02 4.226235300303e-02 4.577748477459e-02 4.704148322344e-02 4.641679674387e-02 4.391549527645e-02 4.055854678154e-02 3.763414174318e-02 3.526140376925e-02 3.288125246763e-02 3.327182680368e-02 3.715946897864e-02 4.136876389384e-02 4.513625055552e-02 4.841049388051e-02 5.022043734789e-02 4.882108047605e-02 4.748968407512e-02 5.545678362250e-02 5.978090688586e-02 6.089168787003e-02 6.700984388590e-02 6.479731202126e-02 5.305136367679e-02 4.589600861073e-02 4.221368581057e-02 4.539773240685e-02
8.150643669069e-03 1.271582674235e-02 1.552769355476e-02 1.650333218277e-02 1.791753061116e-02 1.866573281586e-02 1.831106282771e-02 1.731020957232e-02 1.663703657687e-02 1.805275306106e-02 1.973964273930e-02 2.283628471196e-02 2.699616551399e-02 3.013614006341e-02 3.099511191249e-02 3.044200688601e-02 3.294929116964e-02 3.824094310403e-02 4.022181406617e-02 3.980832919478e-02 3.786299377680e-02 3.437126800418e-02 3.313477337360e-02 3.929474577308e-02 3.992723301053e-02 3.835957869887e-02 3.765156865120e-02 3.785124793649e-02 4.017174988985e-02 4.344031959772e-02 4.571681469679e-02 4.579132050276e-02 4.302631691098e-02 4.383099079132e-02 5.056419223547e-02 7.078022509813e-02 6.179983168840e-02 8.654464036226e-02 7.689823210239e-02 6.495412439108e-02 5.511448159814e-02 4.544074088335e-02 5.099756270647e-02
8.586681447923e-03 1.265115570277e-02 1.551543548703e-02 1.798829622567e-02 1.978728920221e-02 2.019344456494e-02 1.959273777902e-02 1.848622411489e-02 1.720440387726e-02 1.819647662342e-02 2.019587159157e-02 2.394112572074e-02 2.853609435260e-02 3.172928094864e-02 3.257340565324e-02 3.202798590064e-02 3.022760897875e-02 3.480843454599e-02 3.614880144596e-02 3.786582872272e-02 5.126262083650e-02 4.692078381777e-02 3.596521541476e-02 4.096942394972e-02 3.984991833568e-02 3.679125756025e-02 3.501024469733e-02 3.539595380425e-02 3.875034302473e-02 4.126503691077e-02 4.213780164719e-02 4.050589352846e-02 3.686529025435e-02 3.934742882848e-02 4.353797435760e-02 6.273245811462e-02 7.955849170685e-02 1.253301352262e-01 1.160344630480e-01 7.678113877773e-02 5.892755836248e-02 5.374945700169e-02 6.542799621820e-02
