100/SI/f140.grd
DSAA
101	101
32.816463539100	34.260883539100
35.556306596100	36.727886596100
7.954580360092e-04	1.386583251953e+02
[rows 38 to 56 of 101, columns 0 to 42 of 101]
3.143551051617e-01 6.631044149399e-01 7.168911099434e-01 7.464893460274e-01 9.131160378456e-01 1.119219660759e+00 1.292328000069e+00 1.448549151421e+00 1.589716196060e+00 1.452886462212e+00 1.193970799446e+00 9.763110280037e-01 9.891111254692e-01 9.753557443619e-01 1.023159742355e+00 1.143051266670e+00 1.292789578438e+00 2.390188694000e+00 3.864777088165e+00 4.139662742615e+00 3.325614452362e+00 2.738025188446e+00 1.878372073174e+00 2.205744028091e+00 4.277961730957e+00 5.573410987854e+00 5.388392925262e+00 3.870326995850e+00 2.853041410446e+00 3.134773492813e+00 3.262028455734e+00 4.025830745697e+00 5.486589431763e+00 5.406869888306e+00 5.083941459656e+00 3.086934804916e+00 4.255836486816e+00 4.782818317413e+00 4.649132728577e+00 7.146264553070e+00 7.791765689850e+00 1.141536521912e+01 9.341999053955e+00
4.770957827568e-01 8.491157889366e-01 7.123109698296e-01 6.879692673683e-01 9.792655110359e-01 1.188481569290e+00 1.557581067085e+00 1.957465529442e+00 2.179946184158e+00 2.040781974792e+00 1.486979007721e+00 1.135830879211e+00 9.910123944283e-01 1.007777810097e+00 1.081842541695e+00 1.169566154480e+00 1.246102213860e+00 1.313216686249e+00 2.104699611664e+00 2.943417549133e+00 3.003123283386e+00 2.852080821991e+00 2.944432497025e+00 2.470173597336e+00 2.339358568192e+00 2.613165140152e+00 3.450520038605e+00 6.503371238708e+00 8.727700233459e+00 8.857459068298e+00 6.943920612335e+00 3.422619819641e+00 3.949630737305e+00 3.336196899414e+00 6.605596065521e+00 5.902850627899e+00 3.892052888870e+00 4.712066650391e+00 5.770469665527e+00 6.536410331726e+00 8.786761283875e+00 1.051188087463e+01 1.225459003448e+01
5.342802405357e-01 1.064109444618e+00 1.008023500443e+00 8.839870691299e-01 1.166627287865e+00 1.433714628220e+00 1.737119317055e+00 2.282260656357e+00 2.471826791763e+00 2.460144042969e+00 1.682656288147e+00 1.121577739716e+00 1.124947071075e+00 9.704236984253e-01 8.064289689064e-01 9.107553958893e-01 1.100912928581e+00 1.173874258995e+00 1.259094595909e+00 1.642141819000e+00 2.428922414780e+00 3.449301004410e+00 4.063533306122e+00 4.109037876129e+00 4.124540805817e+00 2.757596731186e+00 2.105507373810e+00 2.217052221298e+00 2.246523857117e+00 2.762412309647e+00 5.815200805664e+00 9.244875907898e+00 1.095286846161e+01 9.155225753784e+00 4.696371555328e+00 4.661586284637e+00 8.125736236572e+00 6.743420600891e+00 7.094280719757e+00 7.051913738251e+00 6.393216609955e+00 8.828687667847e+00 1.322828483582e+01
7.702977061272e-01 1.303032517433e+00 1.512009382248e+00 1.552258968353e+00 1.398450613022e+00 1.673406600952e+00 1.670708537102e+00 1.598294019699e+00 1.598080277443e+00 1.960930347443e+00 2.108714580536e+00 1.822786331177e+00 1.345313429832e+00 1.207223415375e+00 1.285011649132e+00 1.588559985161e+00 1.842092394829e+00 2.059327840805e+00 2.010286808014e+00 1.460238456726e+00 1.608712673187e+00 2.120446205139e+00 2.382804632187e+00 3.190799951553e+00 3.958637475967e+00 4.700284004211e+00 5.241540431976e+00 5.087050914764e+00 5.324287891388e+00 5.811469078064e+00 6.426842689514e+00 6.113564014435e+00 9.470661163330e+00 1.071114253998e+01 7.655375480652e+00 9.740175247192e+00 1.081932258606e+01 9.197264671326e+00 1.041364955902e+01 8.520686149597e+00 5.925788879395e+00 1.033439064026e+01 8.481824874878e+00
7.875953316689e-01 1.452456831932e+00 1.629634022713e+00 1.411746501923e+00 1.609313130379e+00 2.028877735138e+00 2.013402700424e+00 1.684279918671e+00 2.027591943741e+00 1.689563870430e+00 1.607660770416e+00 2.235551357269e+00 2.313602924347e+00 1.734471082687e+00 1.612353205681e+00 1.485069751740e+00 1.584721684456e+00 2.120392799377e+00 2.855183124542e+00 2.900079488754e+00 1.824166178703e+00 2.020057201385e+00 2.627488374710e+00 2.178460597992e+00 2.527746200562e+00 3.063867330551e+00 4.058997631073e+00 6.132871627808e+00 8.239607810974e+00 7.544371604919e+00 7.169944286346e+00 5.307261943817e+00 5.271885395050e+00 1.004506587982e+01 9.521842002869e+00 1.199715518951e+01 7.927485466003e+00 1.124988365173e+01 9.887206077576e+00 1.426461410522e+01 1.475762939453e+01 1.173923683167e+01 1.310845375061e+01
1.549588561058e+00 3.006702661514e+00 2.247610330582e+00 1.896974563599e+00 1.855984687805e+00 1.669375896454e+00 1.745433568954e+00 2.123382806778e+00 2.096140146255e+00 1.685479760170e+00 2.049623727798e+00 1.398352026939e+00 1.793688058853e+00 2.507709264755e+00 2.169802665710e+00 1.857080698013e+00 2.325890302658e+00 5.020019531250e+00 5.904973506927e+00 3.387659072876e+00 3.626658201218e+00 2.086316347122e+00 2.413231611252e+00 3.428476333618e+00 2.282882452011e+00 2.112486600876e+00 2.295869588852e+00 2.439677715302e+00 3.110583782196e+00 3.534582138062e+00 3.772653818130e+00 4.232199192047e+00 5.755721569061e+00 9.059368133545e+00 6.125811576843e+00 5.676503181458e+00 8.201158523560e+00 9.496413230896e+00 6.376681804657e+00 1.323565769196e+01 1.349580764771e+01 1.473202514648e+01 1.803412246704e+01
2.411422967911e+00 4.426294326782e+00 3.591522693634e+00 2.818428516388e+00 2.597884654999e+00 2.071190595627e+00 2.851559638977e+00 2.500593185425e+00 2.637118816376e+00 2.058457612991e+00 1.596344351768e+00 1.935313224792e+00 1.742139816284e+00 1.165271878242e+00 2.128118515015e+00 2.492538452148e+00 1.804638266563e+00 1.524161338806e+00 2.781654596329e+00 1.933317780495e+00 3.358814477921e+00 3.819920301437e+00 3.808688163757e+00 3.346392154694e+00 4.616079807281e+00 2.850722789764e+00 2.738163471222e+00 3.545746803284e+00 4.157634735107e+00 3.185163974762e+00 3.946287870407e+00 4.864682197571e+00 5.769678115845e+00 6.777959346771e+00 8.641587257385e+00 6.551183223724e+00 7.286505222321e+00 8.143706321716e+00 7.723179340363e+00 1.101725578308e+01 1.056146812439e+01 1.524538421631e+01 1.530914306641e+01
9.757838249207e-01 2.035274744034e+00 2.435689687729e+00 2.858217239380e+00 2.908092975616e+00 3.227075815201e+00 3.403982162476e+00 2.928691387177e+00 2.616665840149e+00 2.493563890457e+00 2.405925273895e+00 2.197890758514e+00 2.025632619858e+00 1.916454792023e+00 2.071850061417e+00 1.770509839058e+00 1.271892905235e+00 1.491577148438e+00 1.573530077934e+00 2.114178419113e+00 2.006154775620e+00 3.427421092987e+00 3.570286035538e+00 3.813246488571e+00 4.508207798004e+00 5.112107276917e+00 5.497053146362e+00 5.732250213623e+00 5.875513553619e+00 6.335687637329e+00 6.442848682404e+00 6.780442237854e+00 7.219138622284e+00 6.021590709686e+00 5.274807453156e+00 7.345281600952e+00 8.930358886719e+00 1.362471771240e+01 1.640850448608e+01 1.524072265625e+01 1.461685848236e+01 1.503039360046e+01 1.273884582520e+01
9.481312632561e-01 1.995870828629e+00 2.278396606445e+00 2.530886650085e+00 2.774080276489e+00 2.830633163452e+00 2.600568532944e+00 2.109453916550e+00 2.014538526535e+00 2.480195283890e+00 2.913798809052e+00 2.760630846024e+00 2.076617479324e+00 1.348425984383e+00 1.424356698990e+00 8.259292244911e-01 4.792497754097e-01 5.275179743767e-01 6.986947059631e-01 8.457017540932e-01 2.474888324738e+00 4.415953159332e+00 3.879762411118e+00 4.746183395386e+00 4.515463352203e+00 5.579590797424e+00 5.774201869965e+00 5.478080272675e+00 5.119274616241e+00 6.092406749725e+00 6.422434329987e+00 8.077578544617e+00 1.034242343903e+01 1.128446674347e+01 9.660871505737e+00 8.167256355286e+00 9.083126068115e+00 6.636151313782e+00 1.009223747253e+01 1.034443569183e+01 1.621991348267e+01 1.504105377197e+01 1.624246406555e+01
2.548146247864e-01 5.071845650673e-01 5.366207957268e-01 5.735089182854e-01 8.150305151939e-01 1.131919980049e+00 1.484693884850e+00 1.609983086586e+00 1.575603246689e+00 1.463225960732e+00 1.468797445297e+00 1.864182233810e+00 1.854208827019e+00 1.499287724495e+00 9.588643908501e-01 7.515155076981e-01 3.869568109512e-01 3.271369040012e-01 3.654261529446e-01 7.737605571747e-01 1.765329957008e+00 3.671370029449e+00 9.220638275146e+00 8.696071624756e+00 7.823050498962e+00 7.352779388428e+00 7.091922760010e+00 6.901995182037e+00 7.107882976532e+00 8.218002319336e+00 9.498994827271e+00 1.077074337006e+01 1.823794937134e+01 1.037341880798e+01 2.313880920410e+01 1.570952796936e+01 1.250998783112e+01 1.359693717957e+01 1.688091087341e+01 1.966242790222e+01 2.085418319702e+01 1.971547126770e+01 1.978825759888e+01
2.336585521698e-01 4.516077041626e-01 4.924305677414e-01 4.935983419418e-01 8.030757308006e-01 1.183361887932e+00 1.228937029839e+00 1.006253600121e+00 7.438282966614e-01 6.089395284653e-01 7.668504118919e-01 9.511623382568e-01 9.097167849541e-01 7.303722500801e-01 5.381989479065e-01 3.868138194084e-01 2.902619540691e-01 2.103146910667e-01 2.117059826851e-01 6.937167048454e-01 2.220031261444e+00 3.842610597610e+00 3.821302652359e+00 7.813173770905e+00 1.898675918579e+01 9.680921554565e+00 6.059246063232e+00 5.495148181915e+00 5.749187946320e+00 6.281504631042e+00 1.088543319702e+01 1.525048065186e+01 8.062213897705e+00 1.209427165985e+01 2.232177734375e+01 3.955899047852e+01 1.621169090271e+01 1.335102844238e+01 1.160599040985e+01 1.279004669189e+01 1.097304344177e+01 2.058673858643e+01 2.427173614502e+01
1.213739067316e-01 2.522544562817e-01 3.028438687325e-01 3.363502919674e-01 4.250896275043e-01 6.809625625610e-01 7.798098325729e-01 6.798387765884e-01 5.255087018013e-01 3.937352895737e-01 3.262833356857e-01 3.122374713421e-01 2.491839230061e-01 2.216332256794e-01 2.652469575405e-01 2.034741938114e-01 1.853028684855e-01 1.555286496878e-01 1.881113648415e-01 2.849326133728e-01 4.737644195557e-01 1.282226085663e+00 1.356526970863e+00 1.838887691498e+00 7.006312847137e+00 7.364447593689e+00 2.740722894669e+00 1.544075608253e+00 1.615277051926e+00 5.045212745667e+00 6.676917076111e+00 7.263153553009e+00 7.646094322205e+00 6.328682899475e+00 9.396876335144e+00 2.626668167114e+01 1.474082279205e+01 8.721439361572e+00 6.236048698425e+00 5.579590320587e+00 5.291162967682e+00 1.364726352692e+01 1.904652214050e+01
5.340053513646e-02 1.060479208827e-01 1.105345189571e-01 1.243253052235e-01 1.556888073683e-01 1.966828554869e-01 2.336408346891e-01 2.541732788086e-01 2.462517768145e-01 2.119461745024e-01 1.795970350504e-01 2.027359753847e-01 2.090200632811e-01 1.929223239422e-01 1.940227895975e-01 2.227253168821e-01 1.704554557800e-01 1.343754827976e-01 1.562824249268e-01 2.228544950485e-01 2.547442018986e-01 4.680041968822e-01 8.121485710144e-01 1.767172694206e+00 4.274218082428e+00 2.696659564972e+00 1.672511935234e+00 1.337629675865e+00 1.282866239548e+00 4.141367375851e-01 3.634584844112e-01 3.966547846794e-01 6.211909055710e-01 1.321350216866e+00 3.094130516052e+00 5.156517791748e+01 9.812346649170e+01 1.335900115967e+01 9.182060241699e+00 4.741802692413e+00 3.333826780319e+00 3.582926988602e+00 6.989501476288e+00
4.340884461999e-02 7.888023555279e-02 8.770507574081e-02 8.779068291187e-02 8.808074146509e-02 1.129429042339e-01 1.480905562639e-01 1.819892525673e-01 2.021421790123e-01 1.981347054243e-01 1.669190526009e-01 1.522512584925e-01 1.651729345322e-01 1.594659686089e-01 1.415052562952e-01 1.709453314543e-01 1.998752355576e-01 1.605299413204e-01 1.264781951904e-01 4.359518587589e-01 5.101428627968e-01 3.472723960876e-01 4.604218900204e-01 8.122073411942e-01 1.534677028656e+00 1.541337203979e+01 3.475018024445e+00 2.912291526794e+00 1.237813949585e+00 2.452721744776e-01 2.147957980633e-01 2.252191156149e-01 2.672684788704e-01 3.308890461922e-01 4.390684366226e-01 2.319020509720e+00 1.624876403809e+01 4.095896530151e+01 1.082323265076e+01 6.244653224945e+00 1.732113003731e+00 1.126851916313e+00 1.199385046959e+00
4.014749452472e-02 9.522371739149e-02 1.284477859735e-01 1.480972915888e-01 1.541297286749e-01 1.421631872654e-01 1.263456195593e-01 1.158261597157e-01 1.444001495838e-01 1.655574589968e-01 1.652642041445e-01 1.433320045471e-01 1.231228932738e-01 1.531197875738e-01 1.596156209707e-01 1.423564702272e-01 1.640193015337e-01 2.137045860291e-01 1.699736267328e-01 3.485996127129e-01 3.932262659073e-01 3.284359276295e-01 3.627344071865e-01 3.903046846390e-01 8.891962170601e-01 3.530573606491e+00 3.164388418198e+00 8.105501532555e-01 3.797973096371e-01 2.363690435886e-01 1.773409247398e-01 1.515832841396e-01 1.496310979128e-01 1.904356181622e-01 2.483239471912e-01 8.296751976013e-01 4.179597377777e+00 1.545807838440e+01 1.842224884033e+01 2.829962730408e+00 1.275013566017e+00 7.818081378937e-01 7.385663986206e-01
6.094389036298e-02 1.429577320814e-01 1.820931732655e-01 2.042580395937e-01 2.096195667982e-01 2.002815455198e-01 1.879185438156e-01 1.690943539143e-01 1.461179852486e-01 1.195698156953e-01 1.322306394577e-01 1.391329020262e-01 1.333666741848e-01 1.558298915625e-01 1.784313917160e-01 1.681851148605e-01 1.397671401501e-01 2.237895131111e-01 2.346776425838e-01 6.287457346916e-01 4.032198488712e-01 2.919977009296e-01 1.989086717367e-01 2.062254846096e-01 3.867089450359e-01 3.351248979568e+00 3.856005668640e+00 7.318915128708e-01 4.821367859840e-01 2.463227808475e-01 1.533623337746e-01 1.086331307888e-01 9.659566730261e-02 9.931721538305e-02 1.544652432203e-01 2.597840428352e-01 1.720123887062e+00 5.467614173889e+00 1.429350185394e+01 7.176583290100e+00 3.447616815567e+00 6.455891132355e-01 5.624477863312e-01
4.106810316443e-02 9.002965688705e-02 1.118559688330e-01 1.223960295320e-01 1.185763850808e-01 1.177455037832e-01 1.314242929220e-01 1.466135978699e-01 1.608636826277e-01 1.609755605459e-01 1.387423574924e-01 1.067954674363e-01 1.258381903172e-01 1.378225684166e-01 1.393121480942e-01 1.397836953402e-01 1.427226662636e-01 2.354576289654e-01 3.225749135017e-01 5.361427664757e-01 4.162453114986e-01 3.276313543320e-01 1.629848629236e-01 1.639641076326e-01 3.283489346504e-01 1.419874668121e+00 9.993064999580e-01 5.697248578072e-01 4.514435231686e-01 2.529439926147e-01 1.404352039099e-01 1.183889806271e-01 1.044358089566e-01 1.021285727620e-01 1.283720582724e-01 2.221201211214e-01 4.699198901653e-01 2.340156078339e+00 2.777105093002e+00 1.692541837692e+00 1.046854734421e+00 4.931574165821e-01 4.547389745712e-01
3.854425251484e-02 7.065405696630e-02 1.039500162005e-01 1.317849904299e-01 1.566033661366e-01 1.846149861813e-01 2.153570204973e-01 2.485360205173e-01 2.792354524136e-01 2.880983650684e-01 2.579152882099e-01 1.922310739756e-01 1.243740096688e-01 1.297588348389e-01 1.600062847137e-01 1.740630269051e-01 2.141656875610e-01 2.490554451942e-01 2.945995926857e-01 5.084170103073e-01 3.946769535542e-01 2.424703836441e-01 1.302789598703e-01 1.273248642683e-01 2.376274466515e-01 4.021300971508e-01 1.006175708771e+01 3.902674019337e-01 3.644613623619e-01 2.217337340117e-01 1.319105327129e-01 1.063698977232e-01 1.014731153846e-01 1.072290316224e-01 1.368546336889e-01 1.864297837019e-01 3.163304328918e-01 3.894111514091e-01 8.074043989182e-01 1.055174112320e+00 6.582914590836e-01 3.990491032600e-01 5.352368354797e-01
3.834631294012e-02 6.950911879539e-02 9.586466103792e-02 1.177366897464e-01 1.398943066597e-01 1.671050190926e-01 1.957949995995e-01 2.246407270432e-01 2.517120838165e-01 2.665898203850e-01 2.531811296940e-01 2.807462811470e-01 2.916798889637e-01 2.874265313148e-01 2.749380469322e-01 2.499072551727e-01 2.940286993980e-01 2.169632166624e-01 2.883248627186e-01 9.178204536438e-01 3.374146521091e-01 1.720195710659e-01 1.221646964550e-01 1.026425436139e-01 1.412547677755e-01 7.843837738037e-01 2.452904701233e+00 3.118804991245e-01 3.867073953152e-01 1.653548628092e-01 1.245692223310e-01 9.581203758717e-02 9.693733602762e-02 1.101960912347e-01 1.443959027529e-01 1.718916147947e-01 1.938797831535e-01 3.100876808167e-01 6.756555438042e-01 7.862625122070e-01 5.032926797867e-01 3.761975169182e-01 4.736562073231e-01
