100/SI/f140.grd
DSAA
101	101
32.816463539100	34.260883539100
35.556306596100	36.727886596100
7.954580360092e-04	1.386583251953e+02
[rows 57 to 75 of 101, columns 0 to 42 of 101]
4.445740580559e-02 7.298110425472e-02 7.964321970940e-02 7.976227253675e-02 8.195634931326e-02 1.004528105259e-01 1.126642972231e-01 1.237018331885e-01 1.340449154377e-01 1.371799260378e-01 1.349569261074e-01 1.901563555002e-01 3.250466287136e-01 1.776496320963e-01 1.272556781769e-01 1.911112964153e-01 1.713284999132e-01 1.963238567114e-01 2.376144081354e-01 2.436650693417e-01 2.483526319265e-01 1.917099207640e-01 1.323374062777e-01 1.166976168752e-01 1.267881542444e-01 1.754559278488e-01 2.791179418564e-01 3.450490534306e-01 2.634244859219e-01 1.567068696022e-01 1.239192634821e-01 9.810315072536e-02 1.026395857334e-01 1.249781921506e-01 1.463798731565e-01 1.870003491640e-01 2.161471843719e-01 2.317498326302e-01 3.798820674419e-01 5.073451995850e-01 4.390536248684e-01 3.921520113945e-01 4.406211376190e-01
5.640488862991e-02 9.227105230093e-02 1.052957251668e-01 1.068887934089e-01 1.058396846056e-01 1.030798852444e-01 1.022913008928e-01 1.072532609105e-01 1.118452101946e-01 1.827711910009e-01 5.911611318588e-01 6.839430332184e-01 2.555482387543e-01 1.313849985600e-01 1.319229900837e-01 1.219217628241e-01 1.331703662872e-01 1.324414163828e-01 1.541021317244e-01 1.952076554298e-01 2.374951690435e-01 2.542560696602e-01 1.782381534576e-01 1.114824935794e-01 1.285666376352e-01 1.956852227449e-01 2.943741977215e-01 3.146730959415e-01 3.195278346539e-01 2.040138542652e-01 1.229998692870e-01 1.123084202409e-01 1.071214228868e-01 1.296799182892e-01 1.531452387571e-01 1.585387140512e-01 1.626632958651e-01 1.670401245356e-01 1.688495427370e-01 1.822585016489e-01 2.239108681679e-01 3.082644045353e-01 3.562668263912e-01
7.526105642319e-02 1.236380264163e-01 1.436225771904e-01 2.068804949522e-01 2.618225812912e-01 3.291896283627e-01 4.309291839600e-01 6.283252835274e-01 1.157920479774e+00 1.640355348587e+00 1.092410564423e+00 2.780132293701e-01 1.895842254162e-01 1.660746932030e-01 1.210263520479e-01 1.252914667130e-01 1.322577446699e-01 1.298929005861e-01 1.263013184071e-01 1.358775198460e-01 2.292570173740e-01 2.601809799671e-01 1.849803328514e-01 1.068275123835e-01 8.327168226242e-02 1.280644983053e-01 1.810596287251e-01 1.890260726213e-01 1.944295763969e-01 1.590936928988e-01 1.124158725142e-01 1.171988621354e-01 1.114021465182e-01 1.252143383026e-01 1.510186195374e-01 1.564403772354e-01 1.488740444183e-01 1.363944858313e-01 1.243770197034e-01 1.393229812384e-01 1.792227923870e-01 2.282654792070e-01 3.050409853458e-01
7.356092333794e-02 1.430854052305e-01 2.414390295744e-01 3.359378576279e-01 4.184346795082e-01 5.487986803055e-01 7.938672900200e-01 1.184625506401e+00 1.192709684372e+00 5.528714656830e-01 1.358888596296e-01 1.582617759705e-01 1.718190759420e-01 1.525805741549e-01 1.348939388990e-01 1.415111720562e-01 1.415867209435e-01 1.356828212738e-01 1.077830791473e-01 1.062364354730e-01 1.650198549032e-01 1.843304932117e-01 1.371542513371e-01 8.616475760937e-02 6.643231958151e-02 7.178448140621e-02 9.606646001339e-02 1.186933368444e-01 1.367378830910e-01 1.206689476967e-01 1.104492992163e-01 1.024315953255e-01 1.094865649939e-01 1.213480234146e-01 1.454582512379e-01 1.490174233913e-01 1.347611397505e-01 1.152877435088e-01 1.068320348859e-01 1.184518933296e-01 1.726904958487e-01 2.137193977833e-01 2.791697680950e-01
4.472661390901e-02 7.790864259005e-02 9.511177241802e-02 1.000358760357e-01 1.002411767840e-01 9.989369660616e-02 9.911717474461e-02 9.708831459284e-02 9.536934643984e-02 9.343243390322e-02 8.777877688408e-02 9.242729097605e-02 9.899417310953e-02 1.265945434570e-01 1.422444432974e-01 1.484580934048e-01 1.427113860846e-01 1.265408396721e-01 9.356081485748e-02 7.590374350548e-02 9.224504977465e-02 9.582936018705e-02 7.579525560141e-02 5.637504905462e-02 4.976081475616e-02 5.364508554339e-02 6.892002373934e-02 8.291549235582e-02 1.001616716385e-01 1.079068779945e-01 1.021900102496e-01 9.134531766176e-02 1.049823015928e-01 1.270334720612e-01 1.514423638582e-01 1.465078145266e-01 1.216664984822e-01 9.702421724796e-02 1.080870926380e-01 1.207074895501e-01 1.746337562799e-01 2.169153988361e-01 2.624979615211e-01
2.113757655025e-02 3.936228901148e-02 5.096215009689e-02 5.621954053640e-02 5.828627198935e-02 6.002935394645e-02 6.169538199902e-02 6.293960660696e-02 6.489942967892e-02 6.686758249998e-02 6.556642055511e-02 6.164960190654e-02 6.133348122239e-02 8.132230490446e-02 9.554891288280e-02 1.004977449775e-01 9.133820980787e-02 8.123104274273e-02 6.865300238132e-02 5.931098386645e-02 4.912291839719e-02 4.589011147618e-02 3.797042742372e-02 4.237963259220e-02 4.996745660901e-02 5.251756310463e-02 5.708630755544e-02 6.881692260504e-02 8.469362556934e-02 9.273006021976e-02 9.142877906561e-02 8.635854721069e-02 1.045145988464e-01 1.401627808809e-01 1.627861112356e-01 1.470411866903e-01 1.103380694985e-01 9.570091962814e-02 1.105886697769e-01 1.258636564016e-01 1.689773201942e-01 1.959521174431e-01 2.255547046661e-01
1.439560856670e-02 2.424252964556e-02 3.008655644953e-02 3.459934145212e-02 3.721741214395e-02 3.953295573592e-02 4.175086319447e-02 4.361602291465e-02 4.587350040674e-02 4.817706346512e-02 4.848598688841e-02 4.692273586988e-02 4.513563960791e-02 4.352223500609e-02 4.375001043081e-02 4.961953684688e-02 5.232757329941e-02 5.162056535482e-02 4.737282544374e-02 4.496315121651e-02 3.968610242009e-02 3.722270950675e-02 3.255642578006e-02 4.306404665112e-02 5.306411162019e-02 5.809083580971e-02 5.771464481950e-02 5.725172162056e-02 6.987868994474e-02 7.778576016426e-02 7.971966266632e-02 7.925824820995e-02 1.058085113764e-01 1.477971673012e-01 1.631238013506e-01 1.364168673754e-01 9.657314419746e-02 9.602358192205e-02 1.153840273619e-01 1.292455047369e-01 1.496518254280e-01 1.720522493124e-01 1.762738227844e-01
1.163987070322e-02 1.982284337282e-02 2.497433871031e-02 2.750531025231e-02 2.924118004739e-02 3.075159713626e-02 3.186615183949e-02 3.208257630467e-02 3.356610238552e-02 3.489146381617e-02 3.517221286893e-02 3.458262607455e-02 3.399733081460e-02 3.321175649762e-02 3.436198085546e-02 3.947670385242e-02 4.196275770664e-02 4.141555726528e-02 3.831002861261e-02 3.548943623900e-02 3.847094625235e-02 3.732870519161e-02 3.228303417563e-02 4.290601611137e-02 5.411503463984e-02 6.093913316727e-02 6.169480830431e-02 5.969845503569e-02 6.144897639751e-02 6.740317493677e-02 7.023146003485e-02 7.338377088308e-02 1.049654260278e-01 1.442129462957e-01 1.486653089523e-01 1.172979027033e-01 9.029815346003e-02 9.909974038601e-02 1.205503046513e-01 1.270401924849e-01 1.324194520712e-01 1.430103033781e-01 1.311191171408e-01
1.144316419959e-02 1.832487061620e-02 2.322044596076e-02 2.544705383480e-02 2.638728916645e-02 2.721811085939e-02 2.752462401986e-02 2.696132846177e-02 2.669346518815e-02 2.704741433263e-02 2.718894369900e-02 2.823510393500e-02 2.906402572989e-02 2.973842062056e-02 3.054149448872e-02 3.199912607670e-02 3.421989083290e-02 3.443027287722e-02 3.475897759199e-02 3.393246978521e-02 3.528290614486e-02 3.683357313275e-02 3.267748281360e-02 4.058358818293e-02 5.126171931624e-02 5.834217369556e-02 5.953438207507e-02 5.839456245303e-02 6.170163303614e-02 6.354406476021e-02 6.476786732674e-02 6.840185821056e-02 9.822756052017e-02 1.292383223772e-01 1.257826536894e-01 1.007170230150e-01 8.806719630957e-02 1.059878394008e-01 1.217769756913e-01 1.185872182250e-01 1.150224208832e-01 1.157286763191e-01 1.064000502229e-01
1.069554965943e-02 1.697400584817e-02 2.127528563142e-02 2.315481565893e-02 2.394773066044e-02 2.455293387175e-02 2.463034912944e-02 2.410291880369e-02 2.360893040895e-02 2.538778074086e-02 2.692743018270e-02 2.832102403045e-02 2.955549955368e-02 3.059382550418e-02 3.153841570020e-02 3.245474025607e-02 3.312974050641e-02 3.323401138186e-02 3.257108107209e-02 3.224999085069e-02 3.228451311588e-02 3.547694906592e-02 3.351624310017e-02 3.677225485444e-02 4.580555483699e-02 5.206241831183e-02 6.020432710648e-02 6.582258641720e-02 6.616042554379e-02 6.407415121794e-02 6.268268078566e-02 6.346732378006e-02 8.619511872530e-02 1.075727641582e-01 1.032420620322e-01 8.969455957413e-02 9.485411643982e-02 1.075712367892e-01 1.149240732193e-01 1.040638834238e-01 9.618826210499e-02 9.123940765858e-02 9.092713892460e-02
9.844456799328e-03 1.559670735151e-02 1.951676048338e-02 2.130949683487e-02 2.206038683653e-02 2.239603176713e-02 2.224166877568e-02 2.179505862296e-02 2.211691811681e-02 2.401269599795e-02 2.572796307504e-02 2.734117582440e-02 2.882480248809e-02 3.006889298558e-02 3.103640861809e-02 3.166887909174e-02 3.175403177738e-02 3.483960404992e-02 3.553355857730e-02 3.293625637889e-02 3.019307926297e-02 3.250421583652e-02 3.314154967666e-02 3.301317617297e-02 4.025289043784e-02 4.543197527528e-02 5.486368760467e-02 6.382283568382e-02 6.599470227957e-02 6.388411670923e-02 6.134026125073e-02 6.099883839488e-02 6.874122470617e-02 8.340962976217e-02 8.202114701271e-02 7.597236335278e-02 8.185968548059e-02 9.096511453390e-02 9.402231127024e-02 8.172019571066e-02 7.528207451105e-02 6.982922554016e-02 6.866483390331e-02
9.126883931458e-03 1.448293495923e-02 1.819727756083e-02 1.998332142830e-02 2.063141204417e-02 2.067551575601e-02 2.035355381668e-02 2.014960534871e-02 2.083808183670e-02 2.161332592368e-02 2.337644435465e-02 2.504749782383e-02 2.659621648490e-02 2.790153212845e-02 2.884883433580e-02 3.068377822638e-02 3.346955403686e-02 3.765515983105e-02 3.948376700282e-02 3.838450461626e-02 3.510769084096e-02 3.119979240000e-02 3.189871460199e-02 3.228171542287e-02 3.581351786852e-02 3.996308147907e-02 4.115296527743e-02 4.961824044585e-02 5.619120970368e-02 5.822991207242e-02 5.758382380009e-02 5.876151472330e-02 6.050502508879e-02 6.246011704206e-02 6.082091107965e-02 5.891592055559e-02 6.327760219574e-02 7.284110039473e-02 7.789157330990e-02 6.439650058746e-02 5.695023387671e-02 5.083036050200e-02 5.657132342458e-02
8.603823371232e-03 1.369397807866e-02 1.727539859712e-02 1.896720938385e-02 1.940955035388e-02 1.925391331315e-02 1.892826147377e-02 1.897352747619e-02 1.924172788858e-02 1.998937688768e-02 2.030854299664e-02 2.192856930196e-02 2.341933920979e-02 2.469776570797e-02 2.630943804979e-02 2.903721109033e-02 3.395674750209e-02 3.873588889837e-02 4.196182638407e-02 4.291833564639e-02 4.171971231699e-02 3.920124843717e-02 3.616348281503e-02 3.336314111948e-02 3.238986432552e-02 3.577335923910e-02 3.643492981791e-02 3.514552488923e-02 4.307719320059e-02 4.944830015302e-02 5.364894866943e-02 5.671957507730e-02 5.854165554047e-02 5.666357278824e-02 5.097962170839e-02 4.972771182656e-02 5.573918297887e-02 6.894928961992e-02 8.032114803791e-02 7.258666306734e-02 5.366807803512e-02 4.774327576160e-02 5.424204468727e-02
8.405776694417e-03 1.335732080042e-02 1.678693667054e-02 1.827448606491e-02 1.849789917469e-02 1.823572441936e-02 1.827117055655e-02 1.850060001016e-02 1.830955594778e-02 1.852854900062e-02 1.859966665506e-02 2.055031806231e-02 2.259889245033e-02 2.472027204931e-02 2.659117430449e-02 2.960037067533e-02 3.443510457873e-02 3.931524604559e-02 4.369394108653e-02 4.639886319637e-02 4.684540256858e-02 4.565662145615e-02 4.364224150777e-02 4.158374294639e-02 4.037014022470e-02 3.960461542010e-02 3.816715627909e-02 3.608140349388e-02 4.260200262070e-02 4.780205711722e-02 5.167316645384e-02 5.516977235675e-02 5.697730928659e-02 5.318186059594e-02 5.081561207771e-02 5.097153410316e-02 5.612796917558e-02 6.650467216969e-02 7.721147686243e-02 7.044128328562e-02 5.462948605418e-02 4.746988788247e-02 5.396972969174e-02
8.533961139619e-03 1.348792761564e-02 1.679561659694e-02 1.808999478817e-02 1.815336011350e-02 1.778802089393e-02 1.797749474645e-02 1.785132661462e-02 1.793721877038e-02 1.802960410714e-02 1.925131119788e-02 2.118104696274e-02 2.306696586311e-02 2.485804073513e-02 2.629908174276e-02 3.038147464395e-02 3.583842143416e-02 4.098326340318e-02 4.594660922885e-02 4.954665154219e-02 5.071559175849e-02 4.994614422321e-02 4.806840047240e-02 4.573244974017e-02 4.381199181080e-02 4.193036630750e-02 3.880551457405e-02 3.631287068129e-02 4.169106483459e-02 4.621110856533e-02 5.007299780846e-02 5.376752465963e-02 5.496083199978e-02 5.049565061927e-02 5.147479847074e-02 5.365820601583e-02 5.736044794321e-02 6.437539309263e-02 6.965547800064e-02 6.154736131430e-02 5.131549388170e-02 4.400756582618e-02 5.000716447830e-02
8.741425350308e-03 1.377173326910e-02 1.701993308961e-02 1.820022799075e-02 1.817107945681e-02 1.776995696127e-02 1.851204968989e-02 1.902847923338e-02 1.932066865265e-02 1.936359703541e-02 1.919377967715e-02 2.035565488040e-02 2.271276153624e-02 2.539635263383e-02 2.624346688390e-02 2.969329990447e-02 3.656988218427e-02 4.248719662428e-02 4.717713594437e-02 5.014352127910e-02 5.081351101398e-02 4.945109412074e-02 4.688434675336e-02 4.386493563652e-02 4.103261232376e-02 3.819601237774e-02 3.420758619905e-02 3.623984009027e-02 4.085293412209e-02 4.491467028856e-02 4.859601706266e-02 5.165136978030e-02 5.164754763246e-02 4.785898700356e-02 5.170616507530e-02 6.390115618706e-02 6.030089035630e-02 6.451109051704e-02 6.197545304894e-02 5.295717343688e-02 4.635647311807e-02 3.997892886400e-02 4.530583322048e-02
8.610097691417e-03 1.352075766772e-02 1.661145314574e-02 1.769947074354e-02 1.766445115209e-02 1.782558113337e-02 1.830147765577e-02 1.853055693209e-02 1.858695410192e-02 1.847376488149e-02 1.877501606941e-02 2.108727023005e-02 2.454103529453e-02 2.747382596135e-02 2.833164855838e-02 2.768541872501e-02 3.489506989717e-02 4.092825576663e-02 4.433282837272e-02 4.555484652519e-02 4.494735598564e-02 4.252417013049e-02 3.927404060960e-02 3.644363954663e-02 3.414752706885e-02 3.181009739637e-02 3.218317404389e-02 3.590966761112e-02 3.997693210840e-02 4.361765459180e-02 4.678241163492e-02 4.853232204914e-02 4.718007519841e-02 4.586873576045e-02 5.366690829396e-02 5.776740610600e-02 5.889725312591e-02 6.477509438992e-02 6.264887005091e-02 5.129702761769e-02 4.438052698970e-02 4.081828519702e-02 4.390610009432e-02
7.884160615504e-03 1.230091881007e-02 1.502249855548e-02 1.596756279469e-02 1.730796135962e-02 1.803267560899e-02 1.769120804965e-02 1.672452315688e-02 1.612647250295e-02 1.747559569776e-02 1.910674199462e-02 2.210304886103e-02 2.612909302115e-02 2.916843816638e-02 3.000095672905e-02 2.946783229709e-02 3.191138058901e-02 3.703724965453e-02 3.895588591695e-02 3.855298832059e-02 3.666590899229e-02 3.328339383006e-02 3.207047656178e-02 3.802818804979e-02 3.863461688161e-02 3.711155802011e-02 3.642117604613e-02 3.661015629768e-02 3.882416710258e-02 4.198357835412e-02 4.418425261974e-02 4.425574839115e-02 4.158149659634e-02 4.233743622899e-02 4.892688244581e-02 6.855306774378e-02 5.978150665760e-02 8.372796326876e-02 7.438737154007e-02 6.282558292150e-02 5.330529063940e-02 4.394523799419e-02 4.933234676719e-02
8.295575156808e-03 1.222263090312e-02 1.499050203711e-02 1.737570762634e-02 1.911548525095e-02 1.950947381556e-02 1.892996393144e-02 1.786092109978e-02 1.662202924490e-02 1.761685684323e-02 1.955059729517e-02 2.317514456809e-02 2.762280963361e-02 3.071398660541e-02 3.153223171830e-02 3.100655041635e-02 2.927699871361e-02 3.371366858482e-02 3.501142933965e-02 3.668839484453e-02 4.968195781112e-02 4.548022150993e-02 3.481080010533e-02 3.965016826987e-02 3.856129199266e-02 3.559570759535e-02 3.386746346951e-02 3.421120345592e-02 3.745412826538e-02 3.988536074758e-02 4.072884097695e-02 3.914967551827e-02 3.562758490443e-02 3.800891339779e-02 4.206599295139e-02 6.077126041055e-02 7.697744667530e-02 1.212804764509e-01 1.122762262821e-01 7.427709549665e-02 5.687242001295e-02 5.200043320656e-02 6.335296481848e-02
