100/SI/f140.grd
DSAA
101	101
32.816463539100	34.260883539100
35.556306596100	36.727886596100
7.954580360092e-04	1.386583251953e+02
[rows 57 to 75 of 101, columns 43 to 85 of 101]
5.592972040176e-01 6.580834984779e-01 3.456498980522e-01 3.861025869846e-01 3.811272382736e-01 6.021929979324e-01 6.653288602829e-01 8.952880501747e-01 7.857013344765e-01 4.268140196800e-01 3.048139512539e-01 2.544263899326e-01 1.857389211655e-01 3.266512751579e-01 1.454135298729e+00 4.845983982086e+00 1.016435527802e+01 9.950530052185e+00 1.645913696289e+01 4.830427646637e+00 1.378948450089e+00 1.078479647636e+00 1.908725619316e+00 3.500845432281e+00 5.992452144623e+00 5.456806182861e+00 5.949117660522e+00 4.806781768799e+00 6.134647846222e+00 5.736960887909e+00 6.017949581146e+00 4.491562366486e+00 4.633119583130e+00 6.524591445923e+00 4.059757709503e+00 2.556375980377e+00 2.973986864090e+00 4.112075805664e+00 5.156687736511e+00 3.736480236053e+00 1.562189936638e+00 1.415268540382e+00 1.366079568863e+00
4.454727172852e-01 9.501839280128e-01 2.795495390892e-01 2.988130748272e-01 2.952098250389e-01 4.390635788441e-01 8.401878476143e-01 2.679579973221e+00 2.124854326248e+00 4.603137075901e-01 2.812434434891e-01 1.945168375969e-01 1.506944894791e-01 1.493449956179e-01 3.052666187286e-01 2.918976783752e+00 3.379667520523e+00 3.303274631500e+00 2.775682687759e+00 2.784977674484e+00 1.976036190987e+00 1.499536991119e+00 1.157755374908e+00 7.253379821777e-01 1.866886138916e+00 3.667110443115e+00 6.471374034882e+00 6.681804656982e+00 7.264981746674e+00 3.943480730057e+00 5.213770389557e+00 4.717850685120e+00 4.049500465393e+00 3.645883083344e+00 3.702841997147e+00 2.748319387436e+00 2.702515125275e+00 3.211791276932e+00 3.144549131393e+00 2.871390819550e+00 2.974340677261e+00 3.114243268967e+00 2.910560607910e+00
3.782055079937e-01 3.638246357441e-01 2.536427378654e-01 2.711873352528e-01 2.749203145504e-01 3.986674845219e-01 1.198550105095e+00 5.148671150208e+00 4.219289302826e+00 7.211558222771e-01 2.943039536476e-01 1.670125126839e-01 1.176586449146e-01 1.073711141944e-01 1.108521819115e-01 1.372752934694e-01 1.820882707834e-01 2.488128542900e-01 4.091736972332e-01 4.007872641087e-01 4.794152379036e-01 5.567319393158e-01 3.704205453396e-01 3.731848597527e-01 9.171290993690e-01 4.249042034149e+00 7.306923866272e+00 8.394913673401e+00 8.050253868103e+00 8.105496406555e+00 5.283096790314e+00 4.568622112274e+00 3.862023115158e+00 3.611250877380e+00 5.059446811676e+00 4.366160869598e+00 3.625262260437e+00 2.269493579865e+00 2.383160591125e+00 1.995713353157e+00 1.784132719040e+00 1.648127198219e+00 1.436407804489e+00
3.480069637299e-01 3.121418654919e-01 2.449672222137e-01 2.740145921707e-01 3.076041638851e-01 4.034040868282e-01 6.261159896851e+00 3.405021667480e+00 3.846601009369e+00 5.498454570770e-01 2.577733993530e-01 1.606015563011e-01 1.069557666779e-01 8.710812777281e-02 8.324831724167e-02 8.785374462605e-02 1.061272621155e-01 1.399145871401e-01 1.951598078012e-01 2.349163889885e-01 2.625783979893e-01 5.310895442963e-01 2.725015878677e-01 2.520028352737e-01 7.708576917648e-01 1.701648235321e+00 6.091351509094e+00 6.973462581635e+00 7.228263854980e+00 7.758612155914e+00 6.554618835449e+00 5.025347709656e+00 3.511067628860e+00 4.470110416412e+00 3.085033655167e+00 2.715736865997e+00 2.252233028412e+00 1.860049605370e+00 1.746174931526e+00 1.737090826035e+00 1.811174869537e+00 2.631166458130e+00 3.604020118713e+00
2.939960360527e-01 2.281347662210e-01 2.401975691319e-01 2.897804975510e-01 4.779003262520e-01 7.621570825577e-01 2.257630586624e+00 5.143351078033e+00 1.884865283966e+00 3.000244498253e-01 1.869737058878e-01 1.366837173700e-01 9.745920449495e-02 7.318881899118e-02 6.706614792347e-02 6.713081896305e-02 7.317215204239e-02 9.799609333277e-02 1.350224763155e-01 1.545601636171e-01 1.580527275801e-01 3.257696628571e-01 1.969438791275e-01 2.208531498909e-01 4.737353324890e-01 1.598029851913e+00 4.325783252716e+00 5.841940879822e+00 6.152786254883e+00 4.753691196442e+00 3.639205694199e+00 5.203377246857e+00 3.561313152313e+00 2.475773811340e+00 2.769584655762e+00 3.591050148010e+00 3.245227813721e+00 2.226979255676e+00 2.073178768158e+00 2.015928745270e+00 1.953048348427e+00 2.251728296280e+00 2.745329141617e+00
2.126728296280e-01 1.765979230404e-01 2.203317582607e-01 5.045887231827e-01 1.343472599983e+00 2.964734554291e+00 4.013648033142e+00 2.486028432846e+00 2.673876881599e-01 1.818974763155e-01 1.321058720350e-01 1.096464395523e-01 8.561277389526e-02 6.958235800266e-02 6.124489381909e-02 6.367886811495e-02 6.663744896650e-02 8.091452717781e-02 1.168124675751e-01 1.438505649567e-01 1.529182344675e-01 1.591432392597e-01 1.601518392563e-01 2.379212677479e-01 5.746505260468e-01 1.500019192696e+00 1.836996912956e+00 1.820965766907e+00 3.602709770203e+00 4.159277915955e+00 4.890370368958e+00 3.131931781769e+00 4.029936313629e+00 2.953417778015e+00 3.363960981369e+00 3.956330299377e+00 7.878880977631e+00 4.960671424866e+00 2.921435594559e+00 2.324107885361e+00 2.388592720032e+00 2.345023870468e+00 2.263811111450e+00
1.383984982967e-01 1.442157030106e-01 1.821809858084e-01 2.298035323620e-01 5.443333983421e-01 3.204982995987e+00 2.006526947021e+00 2.720923423767e-01 1.588567346334e-01 1.410613059998e-01 1.185429245234e-01 1.001171916723e-01 7.888866961002e-02 6.681992113590e-02 5.944076180458e-02 6.536458432674e-02 6.836494058371e-02 6.660947203636e-02 9.590583294630e-02 1.225131601095e-01 1.385584920645e-01 1.378645151854e-01 1.694226413965e-01 2.734476327896e-01 8.513684272766e-01 1.693798780441e+00 1.007781386375e+00 1.320597529411e+00 1.246271610260e+00 6.334430694580e+00 9.203849792480e+00 5.025147914886e+00 2.777713298798e+00 3.752192258835e+00 1.507133603096e+00 1.574663996696e+00 5.788738250732e+00 2.787096500397e+00 2.249835729599e+00 1.708991765976e+00 1.754935622215e+00 1.956152677536e+00 2.112879753113e+00
1.148178949952e-01 1.253304332495e-01 1.471603214741e-01 1.859846115112e-01 2.070871144533e-01 2.906965613365e-01 3.214370608330e-01 2.196583002806e-01 1.161181628704e-01 1.196438297629e-01 1.047432422638e-01 9.600716084242e-02 7.852029055357e-02 6.396670639515e-02 6.485075503588e-02 6.601388007402e-02 7.028629630804e-02 7.036820799112e-02 8.064410090446e-02 1.036842688918e-01 1.225481405854e-01 1.307149231434e-01 1.377648413181e-01 2.241043597460e-01 6.276775598526e-01 3.906394541264e-01 3.865913748741e-01 6.122665405273e-01 1.396249532700e+00 2.751902580261e+00 2.903765916824e+00 3.682450294495e+00 5.824615955353e+00 3.148469686508e+00 3.006490230560e+00 2.299221038818e+00 2.374418020248e+00 2.009720802307e+00 1.087311387062e+00 1.342618227005e+00 1.310415983200e+00 1.397248387337e+00 1.762537598610e+00
9.032496809959e-02 1.017067283392e-01 1.214561909437e-01 1.489890664816e-01 1.600642204285e-01 1.775607913733e-01 1.875307857990e-01 1.180163398385e-01 1.012912988663e-01 1.057189851999e-01 9.841223806143e-02 8.523339033127e-02 7.155870646238e-02 6.450191140175e-02 6.317988038063e-02 7.223439216614e-02 7.183881103992e-02 6.172054633498e-02 7.115766406059e-02 9.044937044382e-02 1.071908921003e-01 1.247704848647e-01 1.736466735601e-01 1.830707788467e-01 1.852907091379e-01 2.585743963718e-01 2.482164949179e-01 6.107500791550e-01 8.555071353912e-01 1.147068381310e+00 2.387553691864e+00 4.172808170319e+00 3.130973100662e+00 5.725232124329e+00 3.665301084518e+00 2.072839498520e+00 1.735756874084e+00 1.557927250862e+00 1.857172012329e+00 1.755863070488e+00 2.190933227539e+00 2.141253948212e+00 2.499045372009e+00
8.320374041796e-02 8.340170979500e-02 9.368082880974e-02 1.052093431354e-01 1.133671700954e-01 1.115638017654e-01 1.067159324884e-01 1.036081388593e-01 1.121183484793e-01 1.108067482710e-01 1.032946035266e-01 9.025211632252e-02 7.412011921406e-02 6.611349433661e-02 5.969847366214e-02 5.867569148540e-02 6.603094190359e-02 6.688024848700e-02 6.728478521109e-02 8.134787529707e-02 9.433420747519e-02 1.111826077104e-01 1.660924106836e-01 1.874272376299e-01 2.018258124590e-01 4.193357527256e-01 5.753536224365e-01 7.372674345970e-01 1.031742453575e+00 1.116867542267e+00 2.451697349548e+00 4.620718002319e+00 2.188599586487e+00 2.346892595291e+00 4.188411712646e+00 3.597153663635e+00 2.460960626602e+00 2.111728429794e+00 2.577903270721e+00 1.336495399475e+00 1.783822298050e+00 2.116566181183e+00 2.519193887711e+00
6.838514655828e-02 7.832290232182e-02 8.212357759476e-02 8.197078108788e-02 9.183583408594e-02 1.008533835411e-01 1.086919978261e-01 9.650777280331e-02 9.177589416504e-02 9.466931968927e-02 1.016605272889e-01 1.013485863805e-01 8.760923892260e-02 7.488622516394e-02 7.102128863335e-02 6.469864398241e-02 5.578537657857e-02 6.088704988360e-02 6.910534948111e-02 7.655811309814e-02 8.420862257481e-02 9.722153842449e-02 1.414679139853e-01 1.388467550278e-01 1.568906605244e-01 3.777233660221e-01 8.054203987122e-01 1.086470484734e+00 1.525156140327e+00 8.017880916595e-01 2.393074274063e+00 1.202398538589e+00 1.282710909843e+00 1.498725056648e+00 2.418230533600e+00 2.632185935974e+00 3.392142772675e+00 3.123557806015e+00 2.272092819214e+00 1.936918854713e+00 1.496824860573e+00 1.611774325371e+00 1.267422080040e+00
6.762064248323e-02 7.464993745089e-02 7.419758290052e-02 7.461985945702e-02 7.977048307657e-02 9.046401083469e-02 9.796036779881e-02 8.756081014872e-02 6.940083205700e-02 7.427029311657e-02 8.046188205481e-02 9.222048521042e-02 9.604309499264e-02 8.026383817196e-02 7.612197101116e-02 9.276593476534e-02 8.233987540007e-02 6.596753746271e-02 7.196968048811e-02 7.510297000408e-02 9.150121361017e-02 1.015385016799e-01 1.112450808287e-01 1.399375349283e-01 1.626750081778e-01 2.770849764347e-01 5.778016448021e-01 6.911228895187e-01 9.475189447403e-01 5.378787517548e-01 1.162540197372e+00 8.994827866554e-01 1.476693511009e+00 9.102124571800e-01 1.808607101440e+00 1.326050877571e+00 2.078806161880e+00 2.573632478714e+00 2.316513776779e+00 3.151584148407e+00 2.892569780350e+00 2.324544191360e+00 2.013457059860e+00
6.498285382986e-02 7.014189660549e-02 6.739126145840e-02 6.783951073885e-02 6.817018985748e-02 6.767575442791e-02 7.499921321869e-02 7.095956802368e-02 8.543968200684e-02 9.246090799570e-02 8.432274311781e-02 8.341941237450e-02 9.142838418484e-02 9.556350857019e-02 8.882912248373e-02 1.146949976683e-01 1.022556126118e-01 7.768985629082e-02 7.838820666075e-02 7.739827036858e-02 8.893697708845e-02 9.639199078083e-02 1.084834933281e-01 1.442746669054e-01 1.698627024889e-01 2.478621900082e-01 3.725651204586e-01 4.273660480976e-01 4.619889557362e-01 5.847021937370e-01 1.007665276527e+00 1.525011539459e+00 1.016187667847e+00 2.503218173981e+00 8.523476719856e-01 1.125259995461e+00 2.227940082550e+00 3.134460926056e+00 1.547052860260e+00 1.745297074318e+00 1.139630436897e+00 2.092374563217e+00 1.858753919601e+00
5.786500871181e-02 6.242590770125e-02 5.996460467577e-02 5.832313746214e-02 5.417136102915e-02 5.520932748914e-02 5.824077501893e-02 7.835521548986e-02 9.728955477476e-02 9.999289363623e-02 8.807316422462e-02 9.453225880861e-02 1.048675999045e-01 1.026604622602e-01 1.023770943284e-01 1.066764146090e-01 1.146475374699e-01 1.345962733030e-01 1.203961148858e-01 1.082301363349e-01 1.092614009976e-01 1.177754029632e-01 1.405868530273e-01 1.468144208193e-01 1.738676577806e-01 2.137085944414e-01 3.521159589291e-01 3.483421206474e-01 6.656556129456e-01 1.330426812172e+00 1.632239580154e+00 8.056539297104e-01 8.111370205879e-01 2.498951196671e+00 1.302443742752e+00 1.607392311096e+00 1.432564258575e+00 1.844541788101e+00 1.345131754875e+00 5.210095047951e-01 4.976019561291e-01 6.717373132706e-01 1.304424643517e+00
5.318658798933e-02 5.319407582283e-02 5.271131917834e-02 5.191616341472e-02 5.325909703970e-02 5.650326237082e-02 5.984551832080e-02 7.294873893261e-02 8.181363344193e-02 7.868984341621e-02 9.245264530182e-02 9.926334768534e-02 9.614717960358e-02 1.006269678473e-01 1.363795250654e-01 1.896041780710e-01 2.152930945158e-01 2.720028162003e-01 2.709800899029e-01 2.938465774059e-01 2.088868618011e-01 1.968139111996e-01 2.279872596264e-01 1.910814940929e-01 2.185449451208e-01 3.018722236156e-01 8.976935148239e-01 8.373975157738e-01 8.617858290672e-01 1.152357935905e+00 6.136074662209e-01 6.463648676872e-01 8.811193108559e-01 5.053650736809e-01 2.692710399628e+00 3.727006673813e+00 3.321170806885e+00 7.846281528473e-01 3.725228309631e-01 3.099984526634e-01 3.029815554619e-01 3.573707938194e-01 3.758093416691e-01
4.934594035149e-02 5.112905427814e-02 4.906956478953e-02 5.273468792439e-02 5.717308446765e-02 6.546459347010e-02 6.556776911020e-02 7.533681392670e-02 8.349096029997e-02 9.846068918705e-02 1.017539873719e-01 1.204666867852e-01 1.259064972401e-01 1.161492466927e-01 2.872376441956e-01 1.030883431435e+00 8.153257966042e-01 4.668696820736e-01 5.240846872330e-01 6.558474898338e-01 4.858531355858e-01 2.525700330734e-01 2.935640513897e-01 3.675558269024e-01 3.577959537506e-01 6.685122251511e-01 9.380353689194e-01 8.235257267952e-01 6.791256070137e-01 6.050754785538e-01 6.881514191628e-01 6.540749073029e-01 4.899392724037e-01 4.100408852100e-01 6.944406032562e-01 3.163245439529e+00 3.287931442261e+00 6.792892813683e-01 2.465198636055e-01 2.514804005623e-01 2.292480319738e-01 2.204343825579e-01 3.603478074074e-01
4.937653988600e-02 5.312791839242e-02 6.664204597473e-02 7.444877922535e-02 6.833035498857e-02 1.131266653538e-01 1.328922808170e-01 1.358327418566e-01 1.161240488291e-01 1.164185926318e-01 1.272409409285e-01 1.594489216805e-01 1.585954725742e-01 5.777308940887e-01 4.119091510773e+00 5.222836017609e+00 2.454195261002e+00 1.338647723198e+00 1.076905846596e+00 8.517475128174e-01 4.131816625595e-01 4.016812443733e-01 8.708235621452e-01 1.856388807297e+00 1.523617982864e+00 8.126185536385e-01 9.520512223244e-01 7.755323648453e-01 8.215969204903e-01 5.766555070877e-01 1.445619702339e+00 5.780729651451e-01 4.340960383415e-01 3.081281781197e-01 2.082469016314e-01 6.544526815414e-01 7.206403613091e-01 1.770024001598e-01 1.218056604266e-01 1.434276849031e-01 1.774849295616e-01 1.986508518457e-01 1.859473884106e-01
5.980665609241e-02 9.393309801817e-02 1.279122978449e-01 1.389599293470e-01 1.798447519541e-01 2.389298528433e-01 2.346669882536e-01 2.069230824709e-01 1.777834147215e-01 1.371088176966e-01 1.713329106569e-01 1.891444921494e-01 1.023962020874e+00 5.680432319641e+00 7.822661399841e+00 2.749037742615e+00 8.386709094048e-01 5.161992311478e-01 5.344837903976e-01 4.686404168606e-01 4.431078135967e-01 1.008392572403e+00 1.987956166267e+00 2.632553339005e+00 2.117346525192e+00 1.086666822433e+00 7.563350200653e-01 5.479682087898e-01 5.033097863197e-01 4.426713585854e-01 6.170441508293e-01 2.755802273750e-01 3.148268759251e-01 2.557389140129e-01 1.611868292093e-01 9.590405970812e-02 7.975240051746e-02 7.832450419664e-02 8.173742890358e-02 1.018643006682e-01 1.368499845266e-01 1.733125299215e-01 1.775473207235e-01
9.879926592112e-02 1.474984288216e-01 1.957527250051e-01 2.748859524727e-01 5.306982398033e-01 5.235732793808e-01 7.283772230148e-01 5.496886968613e-01 6.253342628479e-01 3.717720508575e-01 2.037736624479e-01 1.326700448990e+00 5.366776943207e+00 5.365255355835e+00 1.411184906960e+00 4.195871949196e-01 7.709094882011e-01 1.018707275391e+00 7.336740493774e-01 8.467184305191e-01 1.022897601128e+00 1.037186622620e+00 1.501928925514e+00 1.229741692543e+00 8.270855545998e-01 6.478274464607e-01 4.042897224426e-01 1.576437950134e-01 1.639091968536e-01 1.580430418253e-01 2.026664614677e-01 1.485423445702e-01 1.321345716715e-01 9.195547550917e-02 9.412339329720e-02 9.603244066238e-02 9.924979507923e-02 1.043350920081e-01 1.111171543598e-01 1.198680102825e-01 1.215053647757e-01 1.452063620090e-01 1.877533048391e-01
