100/SI/f140.grd
DSAA
101	101
32.816463539100	34.260883539100
35.556306596100	36.727886596100
7.954580360092e-04	1.386583251953e+02
[rows 19 to 37 of 101, columns 43 to 85 of 101]
1.311074852943e+00 1.643734335899e+00 2.136551141739e+00 2.177551031113e+00 1.411664128304e+00 2.206242322922e+00 1.071765661240e+00 1.161349296570e+00 1.214160323143e+00 1.230982542038e+00 1.123144984245e+00 1.692575812340e+00 2.041565656662e+00 2.059848308563e+00 1.369192719460e+00 1.674799799919e+00 2.189345359802e+00 2.059427261353e+00 1.139737963676e+00 1.835916519165e+00 8.389168381691e-01 1.175194501877e+00 1.575210094452e+00 7.827095389366e-01 7.825267314911e-01 8.832108974457e-01 7.368139028549e-01 9.583880305290e-01 8.887539505959e-01 7.018170356750e-01 7.549432516098e-01 9.927333593369e-01 1.119335889816e+00 8.664695024490e-01 8.122270107269e-01 6.374336481094e-01 4.385204613209e-01 5.021034479141e-01 5.550895333290e-01 4.619725346565e-01 4.070539772511e-01 3.730161190033e-01 4.056910872459e-01
1.167052268982e+00 1.610788345337e+00 2.282895803452e+00 2.632238864899e+00 1.906698822975e+00 1.950744509697e+00 1.103336930275e+00 1.231210947037e+00 1.055574655533e+00 1.320527315140e+00 1.380874872208e+00 1.586088061333e+00 2.189367771149e+00 2.193321228027e+00 1.675916790962e+00 1.816197872162e+00 2.140039205551e+00 2.328315973282e+00 1.345677495003e+00 1.776476025581e+00 9.597210884094e-01 1.782438635826e+00 2.215131759644e+00 1.004588365555e+00 9.130823612213e-01 9.045837521553e-01 9.371396303177e-01 9.912467002869e-01 7.724008560181e-01 7.465396523476e-01 1.003911256790e+00 1.307943344116e+00 1.166921019554e+00 9.768985509872e-01 7.745032906532e-01 6.387467980385e-01 4.783188700676e-01 5.867398381233e-01 4.546645581722e-01 3.665489852428e-01 3.910352289677e-01 3.562465310097e-01 3.710783421993e-01
1.255134940147e+00 1.808161258698e+00 2.108715534210e+00 2.755466461182e+00 2.348736047745e+00 1.669130682945e+00 1.130014300346e+00 1.305415630341e+00 1.004748702049e+00 1.238769173622e+00 1.305679678917e+00 1.502691388130e+00 2.085173845291e+00 2.368497610092e+00 2.023282289505e+00 1.940425872803e+00 2.052185535431e+00 2.546661615372e+00 1.535065412521e+00 1.647326827049e+00 1.079751968384e+00 2.211187124252e+00 2.428658723831e+00 1.129849672318e+00 8.923622369766e-01 1.070825576782e+00 1.057523250580e+00 8.579239845276e-01 7.070322036743e-01 9.998902082443e-01 1.397405147552e+00 1.352713465691e+00 9.133006334305e-01 1.114734411240e+00 7.679731249809e-01 5.885149836540e-01 5.689039826393e-01 6.031814217567e-01 4.795976281166e-01 3.714970052242e-01 3.688460290432e-01 2.803820371628e-01 2.767781615257e-01
1.196722269058e+00 1.707473635674e+00 1.789554834366e+00 2.631395339966e+00 2.599757671356e+00 1.724257469177e+00 1.468303084373e+00 1.383798241615e+00 9.903064966202e-01 1.087270021439e+00 1.312790513039e+00 1.524335265160e+00 1.735063910484e+00 2.520314216614e+00 2.257175922394e+00 1.889314413071e+00 1.899921894073e+00 2.733834743500e+00 1.691780328751e+00 1.477294564247e+00 1.199443936348e+00 2.199259281158e+00 2.119968175888e+00 1.022428274155e+00 9.440544843674e-01 1.153739809990e+00 9.601135849953e-01 7.575718164444e-01 1.052900552750e+00 1.479460597038e+00 1.452136635780e+00 1.008366465569e+00 7.856842875481e-01 1.158698081970e+00 5.536140203476e-01 5.658789277077e-01 7.018069028854e-01 5.293554663658e-01 5.499873757362e-01 3.552081584930e-01 3.933755159378e-01 3.303294777870e-01 2.979373633862e-01
9.727874994278e-01 1.172101259232e+00 1.823143601418e+00 2.332293748856e+00 2.621681451797e+00 1.743671894073e+00 1.829502820969e+00 1.534937739372e+00 1.077080011368e+00 9.508453011513e-01 1.368534922600e+00 1.489197611809e+00 1.804734587669e+00 2.709288120270e+00 2.290172338486e+00 1.775160908699e+00 1.711791157722e+00 2.849753618240e+00 1.805781483650e+00 1.739350795746e+00 1.405805230141e+00 1.811774969101e+00 1.584834456444e+00 9.401572346687e-01 1.202485680580e+00 1.116056442261e+00 7.949163913727e-01 1.123344182968e+00 1.604474544525e+00 1.557049155235e+00 1.056581258774e+00 6.396888494492e-01 8.707327842712e-01 1.087527871132e+00 5.875478982925e-01 6.076112389565e-01 7.392766475677e-01 5.351625680923e-01 6.034610867500e-01 3.676173985004e-01 3.740167319775e-01 3.117108941078e-01 3.186837434769e-01
1.293554306030e+00 1.256704449654e+00 2.062140703201e+00 1.974774599075e+00 2.495418071747e+00 1.948992133141e+00 1.757442951202e+00 1.946226477623e+00 1.691382050514e+00 1.292629957199e+00 1.388666510582e+00 1.407613039017e+00 1.969670772552e+00 2.900705099106e+00 2.061418771744e+00 1.705142021179e+00 1.460679173470e+00 2.917217254639e+00 2.225097179413e+00 1.926149725914e+00 1.663377642632e+00 1.766785144806e+00 1.068995356560e+00 1.161297082901e+00 1.234268188477e+00 8.308129906654e-01 1.220757246017e+00 1.731653451920e+00 1.646154642105e+00 1.102734327316e+00 5.903281569481e-01 4.939213991165e-01 1.164677500725e+00 9.097321629524e-01 5.570552349091e-01 7.873131632805e-01 6.747163534164e-01 5.395323634148e-01 6.412248015404e-01 4.553029537201e-01 3.375142812729e-01 3.214367330074e-01 2.817806303501e-01
2.029599189758e+00 1.261504650116e+00 1.246924877167e+00 2.134290933609e+00 2.302988529205e+00 2.061237812042e+00 1.592856049538e+00 1.785068511963e+00 2.028822422028e+00 1.992802500725e+00 1.698652744293e+00 2.062827587128e+00 2.143173217773e+00 3.018019199371e+00 1.787710428238e+00 1.555050134659e+00 2.013789176941e+00 2.941433906555e+00 2.521019220352e+00 1.851123452187e+00 1.794072270393e+00 1.905746698380e+00 1.199516415596e+00 1.265008330345e+00 1.009020566940e+00 1.279226541519e+00 1.887614011765e+00 1.765858769417e+00 1.148139238358e+00 7.758549451828e-01 1.092370748520e+00 6.873168945312e-01 1.358972430229e+00 7.957371473312e-01 6.555125117302e-01 8.416765332222e-01 8.106783628464e-01 5.655999779701e-01 6.621347665787e-01 5.030295848846e-01 3.052899241447e-01 2.982795238495e-01 3.457574248314e-01
2.712682485580e+00 1.298315286636e+00 1.257331609726e+00 1.971760988235e+00 2.078466415405e+00 2.113883733749e+00 1.720631361008e+00 1.770776271820e+00 1.691778779030e+00 2.189973831177e+00 2.388744592667e+00 2.099245071411e+00 2.317183971405e+00 3.061131715775e+00 1.554757714272e+00 2.365002870560e+00 2.825343132019e+00 2.949161052704e+00 2.453427076340e+00 1.470118284225e+00 1.705444931984e+00 1.746278405190e+00 1.215575337410e+00 1.045263767242e+00 1.291545391083e+00 2.009993314743e+00 1.935918688774e+00 1.211571216583e+00 1.087399721146e+00 1.519046425819e+00 1.380182862282e+00 1.251976132393e+00 1.324086904526e+00 8.892906308174e-01 8.431892991066e-01 6.974500417709e-01 8.829689025879e-01 5.993044972420e-01 6.646490693092e-01 5.005633831024e-01 3.207235038280e-01 3.788147270679e-01 4.872530698776e-01
2.961735010147e+00 1.334649682045e+00 1.522760748863e+00 1.313220262527e+00 2.232383012772e+00 2.141186237335e+00 1.831395030022e+00 1.882912874222e+00 1.712066650391e+00 2.239658355713e+00 2.309426546097e+00 2.011613130569e+00 2.474150896072e+00 2.952995300293e+00 2.583185911179e+00 3.132343530655e+00 3.017830371857e+00 2.870119094849e+00 1.672305703163e+00 1.494435667992e+00 1.751702070236e+00 1.763718008995e+00 1.189106583595e+00 1.238205075264e+00 2.098216056824e+00 2.139089107513e+00 1.339858770370e+00 1.126297473907e+00 1.651799917221e+00 1.370135307312e+00 1.105058193207e+00 1.247402787209e+00 1.026751518250e+00 9.522483944893e-01 8.349633216858e-01 5.641378164291e-01 8.639719486237e-01 6.489660143852e-01 6.518581509590e-01 4.538753926754e-01 4.086122512817e-01 5.410492420197e-01 6.113520264626e-01
2.602077960968e+00 1.943696260452e+00 1.765953898430e+00 1.261770486832e+00 1.664510369301e+00 2.146249771118e+00 2.232074499130e+00 2.003752470016e+00 2.325450181961e+00 3.433495283127e+00 1.962267160416e+00 1.799321889877e+00 2.579372167587e+00 2.721349954605e+00 3.349969625473e+00 3.233223676682e+00 2.799022674561e+00 2.779755115509e+00 1.818637371063e+00 2.010401964188e+00 1.821119189262e+00 1.757597446442e+00 1.132847785950e+00 2.131660223007e+00 2.359820127487e+00 1.524543523788e+00 1.287969589233e+00 1.752459764481e+00 1.544964909554e+00 1.007191300392e+00 1.467040777206e+00 1.308462381363e+00 7.519010901451e-01 8.934147357941e-01 7.206313014030e-01 7.746191024780e-01 7.856222391129e-01 6.997224688530e-01 6.346438527107e-01 5.853781700134e-01 6.714128851891e-01 7.532622814178e-01 6.351199746132e-01
1.759496450424e+00 2.922175168991e+00 1.936859607697e+00 1.552607893944e+00 1.861629605293e+00 2.128550529480e+00 2.037079811096e+00 2.147432327271e+00 3.049620628357e+00 4.259106159210e+00 2.869839191437e+00 1.962469816208e+00 2.602206230164e+00 3.198870658875e+00 3.415526151657e+00 4.552082061768e+00 2.427188873291e+00 2.581763267517e+00 2.010752439499e+00 2.036443471909e+00 1.836825609207e+00 1.694318890572e+00 2.113463163376e+00 2.507485151291e+00 1.720683813095e+00 1.449718594551e+00 1.729091286659e+00 1.725080728531e+00 1.460693240166e+00 1.472307920456e+00 1.560601830482e+00 8.967228531837e-01 8.492680191994e-01 7.636053562164e-01 6.371216773987e-01 5.950978994370e-01 1.050204277039e+00 8.283364176750e-01 7.574656605721e-01 8.951283097267e-01 8.915974497795e-01 6.543133258820e-01 4.214659333229e-01
1.938753247261e+00 3.235257387161e+00 2.005755186081e+00 1.718093514442e+00 2.197890758514e+00 2.043940544128e+00 2.123079538345e+00 2.658020734787e+00 3.519483327866e+00 4.289022445679e+00 3.436082124710e+00 3.359776020050e+00 2.969088077545e+00 3.509974002838e+00 4.001792430878e+00 5.790436744690e+00 2.533640623093e+00 2.728198289871e+00 2.708084106445e+00 2.218289852142e+00 1.760073184967e+00 2.111203432083e+00 2.640507459641e+00 1.896674275398e+00 1.623257637024e+00 1.704623579979e+00 1.649291396141e+00 1.803468346596e+00 1.757430672646e+00 1.774527192116e+00 1.338009476662e+00 7.448996305466e-01 1.014094591141e+00 6.035394668579e-01 6.294171810150e-01 6.425246596336e-01 1.447963833809e+00 9.832450151443e-01 1.030681729317e+00 8.299888372421e-01 5.044714808464e-01 2.803284823895e-01 2.769153118134e-01
3.849807977676e+00 2.560654163361e+00 2.809425592422e+00 1.826564192772e+00 2.657956123352e+00 2.060258865356e+00 2.292575597763e+00 3.077257394791e+00 3.710638284683e+00 3.643219232559e+00 3.361119747162e+00 3.383533239365e+00 3.328406572342e+00 2.694334745407e+00 2.765020370483e+00 3.717021465302e+00 2.150246858597e+00 2.699774503708e+00 2.951089859009e+00 2.465253829956e+00 2.198557853699e+00 2.767097473145e+00 2.069538354874e+00 1.797202587128e+00 1.665940761566e+00 1.535782814026e+00 1.629038691521e+00 1.930012226105e+00 1.939051866531e+00 1.749763607979e+00 1.086845993996e+00 7.078851461411e-01 1.078969359398e+00 8.536961078644e-01 1.028015851974e+00 1.092201232910e+00 1.633753299713e+00 9.495596885681e-01 7.533332109451e-01 5.148872733116e-01 4.619595110416e-01 3.551265001297e-01 3.583354055882e-01
6.274178981781e+00 2.736319065094e+00 3.142356157303e+00 2.300389766693e+00 2.954400539398e+00 2.522954225540e+00 2.518456935883e+00 3.539285659790e+00 3.820579051971e+00 3.034968376160e+00 4.059972286224e+00 4.974727630615e+00 2.880379438400e+00 3.371144056320e+00 2.033350229263e+00 2.422033548355e+00 2.229191303253e+00 2.633488416672e+00 2.542709350586e+00 2.312512636185e+00 2.941952466965e+00 2.237629413605e+00 1.894260764122e+00 1.685609698296e+00 1.807515025139e+00 1.733561038971e+00 1.704567909241e+00 2.126205205917e+00 2.139084815979e+00 1.922195315361e+00 1.323830723763e+00 1.187872409821e+00 1.177864551544e+00 1.044145464897e+00 1.011110544205e+00 1.566278934479e+00 1.345632195473e+00 6.379044055939e-01 6.895315647125e-01 7.050991654396e-01 6.539305448532e-01 5.058159828186e-01 3.873718976974e-01
6.914955615997e+00 7.187821865082e+00 3.056357860565e+00 3.013609886169e+00 3.262577772141e+00 3.059705734253e+00 4.246780395508e+00 3.973006963730e+00 3.776364564896e+00 2.831569671631e+00 4.332675933838e+00 5.565745353699e+00 3.331436872482e+00 3.269197702408e+00 2.541615724564e+00 2.584392309189e+00 2.755657672882e+00 2.602560758591e+00 2.524084568024e+00 3.154746055603e+00 2.454428911209e+00 2.169464349747e+00 1.856994509697e+00 1.453169465065e+00 1.819519042969e+00 1.968513011932e+00 1.844606280327e+00 2.291118621826e+00 2.388057708740e+00 2.107361555099e+00 1.569532036781e+00 1.152729153633e+00 1.025678038597e+00 8.714048266411e-01 1.421275496483e+00 1.624981760979e+00 7.244297266006e-01 7.258734703064e-01 7.571567296982e-01 7.679919600487e-01 7.260592579842e-01 6.072003245354e-01 4.219048321247e-01
3.336666345596e+00 9.748884201050e+00 7.096044063568e+00 3.011223554611e+00 3.447680234909e+00 3.818738222122e+00 4.110143661499e+00 4.180256366730e+00 3.360116004944e+00 2.963388681412e+00 4.945117950439e+00 5.469546794891e+00 4.305269718170e+00 2.912702798843e+00 2.655051946640e+00 2.989145040512e+00 4.767984390259e+00 2.985098600388e+00 3.504868745804e+00 2.698353528976e+00 2.006302118301e+00 1.954455375671e+00 1.622410774231e+00 2.025329828262e+00 2.034802675247e+00 2.285172939301e+00 2.502240896225e+00 1.966260552406e+00 2.304866790771e+00 2.302120923996e+00 1.789435148239e+00 9.739776849747e-01 9.715085029602e-01 1.505001425743e+00 1.629741311073e+00 9.525394439697e-01 6.444308757782e-01 6.511644721031e-01 6.487197875977e-01 6.587042808533e-01 6.564342379570e-01 6.081214547157e-01 5.016940832138e-01
6.118306636810e+00 4.672536373138e+00 1.138530921936e+01 5.284672737122e+00 3.497208833694e+00 4.705753803253e+00 3.521327972412e+00 3.928524732590e+00 5.192894935608e+00 3.957391977310e+00 5.439559936523e+00 4.368100166321e+00 4.601615905762e+00 3.861114501953e+00 3.158546686172e+00 2.951595544815e+00 6.928629398346e+00 4.170042991638e+00 3.273574590683e+00 4.074218273163e+00 2.430210828781e+00 1.996050596237e+00 2.130545377731e+00 2.242254972458e+00 2.161151409149e+00 2.237792968750e+00 3.157280683517e+00 1.944987535477e+00 2.399793386459e+00 2.505709648132e+00 2.031873226166e+00 1.309939861298e+00 1.660166144371e+00 1.534655809402e+00 8.775938153267e-01 7.499526143074e-01 7.082618474960e-01 6.631199121475e-01 6.163218021393e-01 5.737007856369e-01 5.660809278488e-01 5.850552916527e-01 5.318834781647e-01
8.305797576904e+00 1.084206962585e+01 6.573582172394e+00 1.120655250549e+01 4.230110168457e+00 5.711356163025e+00 4.873153209686e+00 5.199604511261e+00 7.278728008270e+00 5.932825565338e+00 6.790372371674e+00 4.061812877655e+00 4.191658973694e+00 4.373334884644e+00 3.925230741501e+00 3.089350938797e+00 8.121634483337e+00 4.587897300720e+00 4.790557384491e+00 3.328737258911e+00 1.826868653297e+00 1.992443203926e+00 2.523338317871e+00 2.283215284348e+00 2.085933923721e+00 1.958076477051e+00 3.082405090332e+00 2.138073921204e+00 2.698493003845e+00 2.662167072296e+00 2.111276149750e+00 1.678212404251e+00 1.257708430290e+00 6.776880025864e-01 6.426545381546e-01 6.617814302444e-01 6.641077399254e-01 7.094672322273e-01 6.962537765503e-01 6.602249145508e-01 7.151899933815e-01 8.305045962334e-01 8.665385246277e-01
1.619106674194e+01 1.091392230988e+01 1.154672527313e+01 9.543985366821e+00 8.646656990051e+00 6.437138557434e+00 7.037540912628e+00 6.236821174622e+00 6.310787677765e+00 6.981109142303e+00 8.016555786133e+00 4.731260299683e+00 4.147876739502e+00 4.459837436676e+00 4.889313697815e+00 4.622197151184e+00 6.252309799194e+00 4.597646713257e+00 4.583352565765e+00 3.658037900925e+00 2.990763902664e+00 3.537101507187e+00 3.552994251251e+00 2.940362930298e+00 2.148473739624e+00 1.857466697693e+00 2.422230243683e+00 2.634870529175e+00 2.797019243240e+00 2.337343454361e+00 1.640675067902e+00 1.018059611320e+00 8.905877470970e-01 9.651651382446e-01 1.140139818192e+00 1.248925566673e+00 1.305078864098e+00 1.297929883003e+00 1.231142163277e+00 1.125892996788e+00 1.023564219475e+00 1.012373924255e+00 8.959913849831e-01
