100/SI/f141_max.grd
DSAA
101	101
32.816463539100	34.260883539100
35.556306596100	36.727886596100
6.422572187148e-04	1.112443008423e+02
[rows 38 to 56 of 101, columns 43 to 85 of 101]
6.621446132660e+00 1.022497558594e+01 1.111631679535e+01 6.379440307617e+00 1.100058937073e+01 5.401913166046e+00 5.472415924072e+00 7.503849029541e+00 6.337426662445e+00 5.094956398010e+00 7.454710960388e+00 3.897222042084e+00 4.324244022369e+00 3.687042713165e+00 5.655763626099e+00 4.154306888580e+00 4.408958435059e+00 2.564846515656e+00 3.452702999115e+00 5.215376377106e+00 5.294350147247e+00 4.047119617462e+00 2.788847684860e+00 2.210044622421e+00 1.906725525856e+00 1.703574538231e+00 1.623823642731e+00 1.663290381432e+00 1.480689406395e+00 1.112468242645e+00 1.097182869911e+00 1.298344612122e+00 1.483407855034e+00 1.525104045868e+00 1.545856237411e+00 1.548365712166e+00 1.524028539658e+00 1.407316088676e+00 1.249294161797e+00 1.112932324409e+00 1.002348542213e+00 9.905955791473e-01 8.498465418816e-01
6.595191955566e+00 1.362807750702e+01 8.952996253967e+00 1.248229885101e+01 8.949364662170e+00 1.240019035339e+01 1.069573783875e+01 6.584860801697e+00 6.616958618164e+00 5.188674926758e+00 8.497192382812e+00 5.582839488983e+00 3.509266376495e+00 4.152646541595e+00 7.532532691956e+00 4.441985130310e+00 5.131955146790e+00 7.994222640991e+00 7.144129753113e+00 4.825038433075e+00 3.246726512909e+00 2.201460123062e+00 2.053696632385e+00 1.816674828529e+00 1.825899124146e+00 1.748764157295e+00 1.534313678741e+00 1.339206457138e+00 1.206670403481e+00 1.199256420135e+00 1.315517306328e+00 1.235004901886e+00 1.013085126877e+00 8.759120106697e-01 8.470406532288e-01 7.309218645096e-01 7.675690650940e-01 8.436696529388e-01 9.280004501343e-01 1.026518702507e+00 1.111243605614e+00 1.436767220497e+00 1.485350847244e+00
9.595744132996e+00 6.827256679535e+00 1.200257587433e+01 9.370448112488e+00 1.014577579498e+01 1.313880729675e+01 8.038240432739e+00 7.341419219971e+00 5.289986133575e+00 5.468562602997e+00 9.133217811584e+00 5.039044857025e+00 5.132345199585e+00 5.023525238037e+00 6.123221874237e+00 9.876611709595e+00 6.727498531342e+00 3.461199998856e+00 3.225288152695e+00 2.146038293839e+00 1.643528699875e+00 2.327436208725e+00 3.061760425568e+00 2.749961853027e+00 1.991010785103e+00 1.721060633659e+00 1.684715032578e+00 1.554410457611e+00 1.342712759972e+00 1.247755527496e+00 1.172387123108e+00 1.208195686340e+00 1.156138777733e+00 1.074832081795e+00 1.052711606026e+00 1.106125712395e+00 1.091335654259e+00 9.907705783844e-01 1.268518447876e+00 1.732693910599e+00 1.428894996643e+00 1.053535938263e+00 9.117432236671e-01
1.071983528137e+01 9.803437232971e+00 1.571311855316e+01 1.323131275177e+01 1.264698696136e+01 1.386968326569e+01 1.292567253113e+01 7.094002246857e+00 7.950721263885e+00 7.668181419373e+00 8.856114387512e+00 7.180761814117e+00 6.602654457092e+00 1.125419330597e+01 7.251556873322e+00 5.298238277435e+00 4.553001403809e+00 3.678419589996e+00 2.702010869980e+00 4.235005378723e+00 4.568429946899e+00 2.429577350616e+00 3.836972236633e+00 2.960126638412e+00 2.661924839020e+00 2.345357418060e+00 2.069731473923e+00 1.849294066429e+00 1.664371967316e+00 1.568192958832e+00 2.918064355850e+00 1.237273812294e+00 1.184740424156e+00 1.119508385658e+00 1.465368270874e+00 1.818501114845e+00 1.609251260757e+00 1.845488786697e+00 1.555141568184e+00 1.703480482101e+00 1.717396259308e+00 1.678613185883e+00 1.540769577026e+00
1.027896118164e+01 1.411658954620e+01 1.234447288513e+01 1.222543621063e+01 1.136213684082e+01 1.461436176300e+01 2.243002319336e+01 1.000765323639e+01 1.133373165131e+01 1.152052211761e+01 1.024617290497e+01 1.012142276764e+01 1.206203269958e+01 6.791753292084e+00 7.337407112122e+00 4.150860786438e+00 5.477136135101e+00 7.327657222748e+00 5.775905609131e+00 5.656303405762e+00 5.864305019379e+00 3.924610137939e+00 2.405670166016e+00 2.333655118942e+00 2.161995887756e+00 2.087640523911e+00 2.466898202896e+00 4.251579284668e+00 5.087041854858e+00 4.497394084930e+00 2.213965415955e+00 1.606630563736e+00 1.522940039635e+00 1.734014749527e+00 2.081869602203e+00 2.133633852005e+00 1.941659092903e+00 1.739372014999e+00 1.275377869606e+00 1.584499835968e+00 1.890974521637e+00 1.886759757996e+00 1.814247131348e+00
1.220851802826e+01 1.771320533752e+01 2.899729728699e+01 1.805309867859e+01 2.853620147705e+01 1.519545364380e+01 3.537118530273e+01 1.013316535950e+01 1.907999992371e+01 1.445704650879e+01 1.233052349091e+01 1.242567729950e+01 6.878040790558e+00 8.442099571228e+00 9.357141494751e+00 9.163289070129e+00 5.702541351318e+00 3.404245376587e+00 7.320991516113e+00 6.329842567444e+00 3.483157873154e+00 3.173918247223e+00 2.958983659744e+00 5.371459007263e+00 6.589213848114e+00 5.809788703918e+00 3.857281208038e+00 2.824212551117e+00 3.065039396286e+00 1.951203346252e+00 1.509766340256e+00 2.263979673386e+00 2.816488265991e+00 2.532652378082e+00 2.244504213333e+00 3.004223108292e+00 3.562279701233e+00 3.186678886414e+00 2.286507368088e+00 1.651058077812e+00 2.061395883560e+00 2.263359785080e+00 2.386586904526e+00
1.508360385895e+01 1.899750518799e+01 2.240487670898e+01 2.954243278503e+01 2.473169517517e+01 2.539195442200e+01 4.183218002319e+01 1.663941764832e+01 1.952563095093e+01 1.545254325867e+01 1.520921516418e+01 8.967320442200e+00 9.436953544617e+00 1.177984523773e+01 9.242973327637e+00 6.664177894592e+00 9.589197158813e+00 8.925429344177e+00 6.973583221436e+00 8.821928024292e+00 8.920423507690e+00 7.721541881561e+00 5.512728214264e+00 3.057510137558e+00 3.350971698761e+00 3.017775774002e+00 2.422727346420e+00 2.493762493134e+00 2.626935482025e+00 2.823504924774e+00 2.750881671906e+00 2.351182460785e+00 2.259757280350e+00 1.901058793068e+00 3.439783811569e+00 4.205617427826e+00 3.945031881332e+00 2.908344745636e+00 1.765028595924e+00 1.100091814995e+00 1.525425195694e+00 1.752977252007e+00 1.616259455681e+00
1.420701503754e+01 2.076833724976e+01 2.483865547180e+01 2.387478828430e+01 3.542206954956e+01 2.685260009766e+01 4.295917129517e+01 2.347523880005e+01 2.023816108704e+01 2.236691284180e+01 1.708692741394e+01 1.096394824982e+01 1.119961547852e+01 1.184983730316e+01 6.940191745758e+00 1.009281921387e+01 1.301366806030e+01 9.044465065002e+00 5.279095172882e+00 5.215468883514e+00 4.592810630798e+00 3.632233619690e+00 3.495200157166e+00 3.813176393509e+00 3.815744161606e+00 3.373589754105e+00 2.941845655441e+00 2.867868900299e+00 2.384225368500e+00 2.663737058640e+00 2.499051809311e+00 2.282843112946e+00 1.589971184731e+00 2.881313562393e+00 3.441101551056e+00 3.264482259750e+00 2.283559799194e+00 1.242861986160e+00 1.712965130806e+00 1.614809393883e+00 1.211696028709e+00 1.110640883446e+00 1.200590848923e+00
2.125632858276e+01 2.939245605469e+01 3.012143135071e+01 3.328580856323e+01 3.638958740234e+01 4.581604003906e+01 4.336943817139e+01 8.216820526123e+01 3.051768112183e+01 1.914822578430e+01 1.775900077820e+01 1.617679214478e+01 1.361910533905e+01 2.075249290466e+01 1.808983612061e+01 1.060888004303e+01 9.665039062500e+00 9.998621940613e+00 7.300829887390e+00 6.558754920959e+00 6.491497516632e+00 6.168574810028e+00 6.513418674469e+00 4.845911979675e+00 6.335233211517e+00 5.607316493988e+00 3.508139133453e+00 3.193593740463e+00 3.236787319183e+00 3.016147613525e+00 2.571181774139e+00 2.489677429199e+00 2.572000741959e+00 2.964955806732e+00 2.758041143417e+00 2.119529485703e+00 1.639211058617e+00 1.480705261230e+00 1.442658066750e+00 1.426452517509e+00 1.393784642220e+00 1.342062115669e+00 1.287100553513e+00
1.375164318085e+01 3.872464752197e+01 2.726851081848e+01 3.370078277588e+01 5.368960952759e+01 4.407885742188e+01 5.201783752441e+01 6.098606109619e+01 3.017141532898e+01 2.851261901855e+01 3.652281951904e+01 2.303310966492e+01 2.851375389099e+01 2.219302177429e+01 1.849417686462e+01 1.606718635559e+01 1.361648368835e+01 1.175313568115e+01 1.035083389282e+01 1.456405448914e+01 1.695878410339e+01 7.046095848083e+00 4.527606010437e+00 4.549567222595e+00 6.390754222870e+00 4.092774868011e+00 3.541354179382e+00 3.418110609055e+00 3.115316867828e+00 2.961519241333e+00 2.841719865799e+00 2.935900211334e+00 3.107362270355e+00 2.657962560654e+00 2.035967350006e+00 1.928795814514e+00 1.824576377869e+00 1.471662998199e+00 1.454486727715e+00 1.426304221153e+00 1.316748380661e+00 1.349216699600e+00 1.416398286819e+00
3.578903198242e+01 4.261385345459e+01 4.830387496948e+01 5.113879013062e+01 6.051158523560e+01 8.361225128174e+01 1.112443008423e+02 4.959395217896e+01 4.034581375122e+01 2.897812080383e+01 4.117483901978e+01 4.111397171021e+01 1.515764141083e+01 2.426403045654e+01 2.667193984985e+01 1.331806087494e+01 1.213894367218e+01 1.278845405579e+01 1.401534080505e+01 1.638342285156e+01 1.255220031738e+01 5.591622352600e+00 6.036199092865e+00 5.060416221619e+00 4.656920433044e+00 4.003114223480e+00 3.888755559921e+00 3.858454942703e+00 3.207808732986e+00 2.228147029877e+00 2.029669523239e+00 2.218614339828e+00 2.366662740707e+00 2.431470632553e+00 2.364260673523e+00 2.260997056961e+00 2.013514041901e+00 2.070437192917e+00 2.304482221603e+00 2.356290817261e+00 2.106631278992e+00 1.825984597206e+00 1.592172384262e+00
2.421120643616e+01 4.316733932495e+01 4.498113632202e+01 5.735443496704e+01 5.755138778687e+01 5.678646469116e+01 5.587559127808e+01 4.477537536621e+01 3.156917381287e+01 3.564846420288e+01 3.428387832642e+01 3.580495452881e+01 4.356371307373e+01 1.871460342407e+01 1.634078216553e+01 1.014733028412e+01 9.170081138611e+00 6.435504913330e+00 5.982951641083e+00 5.068336486816e+00 4.380368709564e+00 4.953454017639e+00 6.094363689423e+00 6.998463153839e+00 7.145444393158e+00 6.243117809296e+00 4.904942512512e+00 3.392026662827e+00 2.357869625092e+00 1.944055795670e+00 1.658208847046e+00 1.837227940559e+00 2.376822948456e+00 1.580803990364e+00 1.800658822060e+00 1.963695526123e+00 1.567151665688e+00 1.924843668938e+00 2.271720647812e+00 2.404337882996e+00 2.723871707916e+00 3.415702342987e+00 3.873776197433e+00
9.499925613403e+00 1.303600692749e+01 2.069408607483e+01 9.765307617188e+01 5.311110305786e+01 5.074263763428e+01 2.851595687866e+01 2.918301200867e+01 2.706249809265e+01 4.262693786621e+01 4.039331817627e+01 5.763907623291e+01 8.251837158203e+01 5.997315597534e+01 3.872954177856e+01 1.773918914795e+01 8.312187194824e+00 5.890625476837e+00 5.471281051636e+00 7.325071334839e+00 9.546895980835e+00 8.827567100525e+00 6.501282691956e+00 4.169431209564e+00 4.609657764435e+00 4.339621067047e+00 6.118547439575e+00 9.074011802673e+00 4.199629306793e+00 2.270260334015e+00 2.116456508636e+00 3.476056575775e+00 2.249292373657e+00 1.396299839020e+00 1.253630995750e+00 1.298036217690e+00 1.310341477394e+00 1.347438454628e+00 1.370375156403e+00 1.368198990822e+00 1.369269728661e+00 1.512514948845e+00 1.321644902229e+00
1.739009380341e+00 4.224962234497e+00 1.026941585541e+01 1.354927539825e+01 1.397992897034e+01 1.364366054535e+01 1.057625770569e+01 1.480172538757e+01 1.440103816986e+01 2.351082992554e+01 4.747706985474e+01 5.379232406616e+01 7.373968505859e+01 4.127620697021e+01 2.956226348877e+01 1.663469505310e+01 7.574552059174e+00 3.964349269867e+00 4.374596595764e+00 9.271217346191e+00 2.945088577271e+01 1.232765579224e+01 1.053257942200e+01 8.037598609924e+00 8.171175956726e+00 7.001904487610e+00 7.419750690460e+00 5.187302589417e+00 2.651505708694e+00 3.513002872467e+00 2.964070320129e+00 2.922216176987e+00 1.808279395103e+00 1.644516468048e+00 1.149411916733e+00 1.029907226562e+00 1.055893659592e+00 1.055229187012e+00 1.139023065567e+00 1.075533032417e+00 1.398726105690e+00 1.641441106796e+00 1.586425185204e+00
1.155332565308e+00 2.176054954529e+00 6.522904872894e+00 3.875083208084e+00 3.303336858749e+00 2.729014873505e+00 4.172289848328e+00 6.824260234833e+00 7.101851463318e+00 7.595139980316e+00 2.166645431519e+01 1.030575103760e+02 8.425294494629e+01 3.737237167358e+01 1.761618423462e+01 5.032217025757e+00 2.994496583939e+00 1.969016194344e+00 2.437371492386e+00 6.296564102173e+00 1.441302680969e+01 2.501278686523e+01 1.247770690918e+01 9.478996276855e+00 7.471625328064e+00 5.599735260010e+00 5.922581195831e+00 5.516587734222e+00 4.833679676056e+00 4.380925178528e+00 5.318372249603e+00 2.310298919678e+00 2.119562149048e+00 1.716503143311e+00 1.760837793350e+00 1.644315958023e+00 1.381156325340e+00 1.149578928947e+00 1.341383814812e+00 1.547530174255e+00 1.811744809151e+00 1.782531738281e+00 1.519319772720e+00
7.837111353874e-01 3.257043361664e+00 7.550399303436e+00 6.669497966766e+00 1.406203866005e+00 1.655252218246e+00 1.591750621796e+00 3.197414159775e+00 4.225372791290e+00 8.474979400635e+00 1.292963409424e+01 2.881179809570e+01 6.086689758301e+01 4.206093597412e+01 5.652239608765e+01 1.366989326477e+01 1.706453919411e+00 1.071388483047e+00 1.680868625641e+00 5.854176521301e+00 1.662367820740e+01 2.647399139404e+01 2.010482978821e+01 1.365518856049e+01 9.487835884094e+00 5.980231285095e+00 6.800240993500e+00 5.013288974762e+00 4.882608413696e+00 4.854501247406e+00 4.007438182831e+00 3.194302082062e+00 2.249730825424e+00 2.418760776520e+00 2.197419643402e+00 1.706804871559e+00 1.557982206345e+00 1.424128413200e+00 1.334324598312e+00 1.557042717934e+00 1.706142783165e+00 1.657693743706e+00 1.467434048653e+00
6.906481385231e-01 1.674674749374e+00 1.116339206696e+01 1.375739574432e+01 7.401298522949e+00 1.107673883438e+00 8.535991311073e-01 1.581079959869e+00 1.575205206871e+00 1.320218086243e+00 1.107746720314e+00 4.611402988434e+00 2.038972473145e+01 1.239252090454e+01 6.798913574219e+01 8.548626899719e+00 4.805539608002e+00 1.855101585388e+00 1.497603297234e+00 4.840331077576e+00 9.360080718994e+00 8.413017272949e+01 2.671488761902e+01 1.138824939728e+01 1.146191024780e+01 6.081544876099e+00 6.505449295044e+00 5.460915565491e+00 7.793653011322e+00 5.977163314819e+00 3.424915075302e+00 3.434053421021e+00 3.176095008850e+00 3.021852493286e+00 2.965551376343e+00 2.364234924316e+00 2.385459661484e+00 2.634438514709e+00 1.701330780983e+00 1.308411955833e+00 1.295676589012e+00 1.277764797211e+00 1.433360099792e+00
4.407463669777e-01 7.452770471573e-01 9.432164430618e-01 5.424697399139e+00 3.405708312988e+00 7.856357097626e-01 6.685801744461e-01 7.813161015511e-01 7.315091490746e-01 7.026632428169e-01 5.086836814880e-01 5.679630637169e-01 1.721810102463e+00 1.147449588776e+01 3.199946784973e+01 7.631457805634e+00 6.445316314697e+00 2.953668117523e+00 1.746472477913e+00 3.424688339233e+00 4.132431507111e+00 5.551999092102e+00 5.171504020691e+00 3.926278829575e+00 5.602668762207e+00 9.340057373047e+00 8.056794166565e+00 8.027696609497e+00 5.270631313324e+00 6.762691020966e+00 7.049082279205e+00 6.134702682495e+00 3.737146139145e+00 3.130481958389e+00 2.983001232147e+00 2.603492975235e+00 2.224906444550e+00 2.303756952286e+00 2.237524032593e+00 1.482632637024e+00 1.223845601082e+00 1.258175611496e+00 1.322377562523e+00
4.771616458893e-01 7.541254758835e-01 4.973939657211e-01 5.733850002289e-01 5.857623219490e-01 6.802778840065e-01 6.156574487686e-01 5.771277546883e-01 5.362959504128e-01 4.136762619019e-01 2.929201126099e-01 2.406909018755e-01 4.014944434166e-01 1.159399032593e+01 1.763572883606e+01 2.038005638123e+01 5.324053287506e+00 6.072808742523e+00 5.476150989532e+00 1.976199984550e+00 2.168722867966e+00 4.074956893921e+00 1.114283943176e+01 1.081971740723e+01 1.408036136627e+01 1.413002109528e+01 1.320545768738e+01 1.243304824829e+01 1.172427845001e+01 1.113251495361e+01 1.180953311920e+01 1.443990707397e+01 1.233775901794e+01 5.030837059021e+00 2.037018060684e+00 2.410763025284e+00 2.639680862427e+00 1.825126290321e+00 1.834264874458e+00 1.295529246330e+00 1.299977183342e+00 9.379936456680e-01 1.065624952316e+00
