100/SI/f141_max.grd
DSAA
101	101
32.816463539100	34.260883539100
35.556306596100	36.727886596100
6.422572187148e-04	1.112443008423e+02
[rows 0 to 18 of 101, columns 0 to 42 of 101]
9.856355935335e-02 1.760495901108e-01 1.558915674686e-01 9.329285472631e-02 7.989363372326e-02 1.049798429012e-01 2.085420936346e-01 2.899602055550e-01 2.587177157402e-01 1.540665924549e-01 9.631355106831e-02 1.106557995081e-01 1.174430996180e-01 1.133658513427e-01 9.719768166542e-02 1.472358405590e-01 2.211113274097e-01 2.561418414116e-01 1.830225437880e-01 1.185726150870e-01 1.360955834389e-01 1.465619802475e-01 1.064518988132e-01 9.542973339558e-02 1.022132411599e-01 1.396653056145e-01 2.065142691135e-01 2.360054254532e-01 3.106013536453e-01 2.478316575289e-01 1.856818050146e-01 1.745661646128e-01 1.515940129757e-01 1.203664168715e-01 9.725673496723e-02 9.432867169380e-02 8.687981963158e-02 1.177413165569e-01 1.648919433355e-01 1.888500601053e-01 1.580899655819e-01 1.355256736279e-01 1.290551424026e-01
1.824982613325e-01 3.442369401455e-01 3.374218344688e-01 2.355581074953e-01 1.681258678436e-01 2.029750198126e-01 4.013838171959e-01 5.536169409752e-01 4.885729849339e-01 2.839060127735e-01 1.654655635357e-01 1.891613900661e-01 1.997219771147e-01 1.901058405638e-01 1.640125811100e-01 2.193474024534e-01 3.486907780170e-01 4.563344717026e-01 4.125825762749e-01 2.465731799603e-01 2.482897937298e-01 3.826425671577e-01 2.016386836767e-01 1.819451898336e-01 2.108636051416e-01 2.729916274548e-01 3.462830483913e-01 3.956744670868e-01 5.906221866608e-01 4.604042172432e-01 3.020040988922e-01 2.737964987755e-01 2.658316195011e-01 2.053311616182e-01 2.209682464600e-01 2.311752736568e-01 2.326812148094e-01 2.615638971329e-01 3.284759819508e-01 3.302638828754e-01 2.443027347326e-01 2.445762157440e-01 2.670530676842e-01
1.787820607424e-01 3.666937649250e-01 4.108278453350e-01 3.516272306442e-01 2.259856164455e-01 2.344375401735e-01 4.646941721439e-01 6.296472549438e-01 5.380689501762e-01 2.940790355206e-01 2.091522961855e-01 2.357258945704e-01 2.434967756271e-01 2.252736389637e-01 1.855003833771e-01 1.764658987522e-01 2.297809422016e-01 3.426847457886e-01 3.915774822235e-01 3.186315596104e-01 3.951320946217e-01 5.917828083038e-01 2.597534656525e-01 2.256385833025e-01 2.807235717773e-01 3.397267162800e-01 3.526556491852e-01 3.596103489399e-01 6.887507438660e-01 5.166221857071e-01 2.930790483952e-01 2.514064908028e-01 3.634568750858e-01 1.937730163336e-01 2.077880799770e-01 2.386844456196e-01 3.004874885082e-01 3.801954984665e-01 3.972065746784e-01 3.289740085602e-01 3.339725434780e-01 2.271488755941e-01 2.996136844158e-01
1.600827723742e-01 3.517377674580e-01 4.163579940796e-01 4.252320230007e-01 3.416234254837e-01 2.401882261038e-01 4.859694838524e-01 6.445736289024e-01 5.203133225441e-01 2.528020739555e-01 2.317107766867e-01 2.557074725628e-01 2.545728683472e-01 2.265005260706e-01 1.801337599754e-01 1.803588271141e-01 1.719190031290e-01 1.996756941080e-01 2.594163417816e-01 2.995692491531e-01 6.628582477570e-01 7.533902525902e-01 2.918345332146e-01 2.481178343296e-01 3.100690245628e-01 3.554433286190e-01 3.400904536247e-01 3.319407403469e-01 6.904155015945e-01 5.026774406433e-01 2.559723854065e-01 2.093481570482e-01 4.187880158424e-01 2.230489552021e-01 2.343093901873e-01 3.309103846550e-01 4.089684486389e-01 4.258888959885e-01 3.604023456573e-01 4.170343577862e-01 4.035204052925e-01 2.496291846037e-01 2.749914228916e-01
1.566991508007e-01 3.368160128593e-01 3.981824517250e-01 4.377425312996e-01 4.185643792152e-01 2.957327067852e-01 4.962636828423e-01 6.444539427757e-01 4.882453680038e-01 2.133719325066e-01 2.487542629242e-01 2.647228837013e-01 2.582041919231e-01 2.571367919445e-01 2.362106740475e-01 1.996376514435e-01 1.901085972786e-01 1.887532919645e-01 2.720125615597e-01 5.497891306877e-01 9.214099645615e-01 8.280704021454e-01 3.135767281055e-01 3.502280414104e-01 3.106501400471e-01 3.476970195770e-01 3.119764029980e-01 3.305964767933e-01 6.539826393127e-01 4.738246500492e-01 3.024867475033e-01 2.378996014595e-01 4.463490247726e-01 2.627030611038e-01 3.680866956711e-01 4.401573836803e-01 4.447419643402e-01 3.753942847252e-01 2.585537135601e-01 4.285173714161e-01 4.962813258171e-01 3.337395489216e-01 2.181982994080e-01
1.451095342636e-01 2.943535149097e-01 3.553632795811e-01 3.862815201283e-01 4.280464053154e-01 3.561091721058e-01 4.963345825672e-01 6.243914961815e-01 4.406037628651e-01 2.361039966345e-01 2.644009590149e-01 2.919636368752e-01 3.112987875938e-01 3.014669418335e-01 2.714354097843e-01 2.211974263191e-01 1.788239479065e-01 1.985430270433e-01 4.326294064522e-01 7.834562063217e-01 1.072292804718e+00 8.184480667114e-01 3.503358960152e-01 5.334831476212e-01 3.282485902309e-01 3.264061510563e-01 2.797230780125e-01 3.565544784069e-01 5.854816436768e-01 4.716887176037e-01 3.054742217064e-01 2.475616037846e-01 5.172031521797e-01 3.931487202644e-01 4.661029279232e-01 4.605482220650e-01 3.822571039200e-01 2.645153403282e-01 2.912980020046e-01 4.041742682457e-01 6.082586050034e-01 3.880503475666e-01 2.105199247599e-01
1.830606907606e-01 3.249433040619e-01 3.025743961334e-01 2.993933260441e-01 3.701636791229e-01 3.581955432892e-01 4.890482127666e-01 5.974543094635e-01 3.959268927574e-01 2.605770230293e-01 2.936075627804e-01 3.341758847237e-01 3.388414084911e-01 3.154008388519e-01 2.687975168228e-01 2.509656548500e-01 2.403099834919e-01 3.001507818699e-01 5.835648179054e-01 9.360677599907e-01 1.110973954201e+00 7.481319904327e-01 4.546783864498e-01 6.765697598457e-01 4.758597910404e-01 2.975007295609e-01 2.688007652760e-01 6.611340641975e-01 9.285782575607e-01 6.015161871910e-01 3.385572433472e-01 2.891842126846e-01 5.676840543747e-01 4.609300196171e-01 4.605790078640e-01 3.824086189270e-01 2.666957676411e-01 2.922219932079e-01 4.232714176178e-01 5.341471433640e-01 6.256015300751e-01 4.548745453358e-01 2.175330519676e-01
1.860976815224e-01 3.719114363194e-01 3.839817047119e-01 2.778168916702e-01 2.679883241653e-01 3.003792166710e-01 4.827567934990e-01 5.847888588905e-01 3.692240417004e-01 2.819389998913e-01 3.314089477062e-01 3.539140224457e-01 3.425372838974e-01 3.026115298271e-01 2.787168622017e-01 3.208355903625e-01 3.576651513577e-01 3.957583606243e-01 7.146596312523e-01 1.015462875366e+00 1.090937614441e+00 6.729695796967e-01 4.942530989647e-01 7.443603277206e-01 5.791792273521e-01 3.692632019520e-01 2.652988731861e-01 1.004600167274e+00 1.301401734352e+00 7.061241865158e-01 3.698964715004e-01 3.374586701393e-01 5.600166320801e-01 4.234291911125e-01 4.034593403339e-01 2.867337465286e-01 2.800606787205e-01 4.169996380806e-01 5.507188439369e-01 6.082299351692e-01 5.512009263039e-01 5.738694071770e-01 2.480889707804e-01
1.613188087940e-01 3.522973656654e-01 4.375564157963e-01 3.979113698006e-01 2.643235623837e-01 2.618272006512e-01 4.779796302319e-01 5.803004503250e-01 3.558022379875e-01 3.155816793442e-01 3.513221144676e-01 3.550280034542e-01 3.254031538963e-01 2.785489857197e-01 2.940355539322e-01 3.414919376373e-01 4.627861380577e-01 4.740470647812e-01 7.878776192665e-01 1.000055551529e+00 9.907122850418e-01 5.848205685616e-01 5.054059028625e-01 7.122353315353e-01 6.251710653305e-01 4.268131852150e-01 3.351506292820e-01 1.295597672462e+00 1.518607258797e+00 7.788028120995e-01 4.077208638191e-01 3.219823241234e-01 5.678238272667e-01 3.756982684135e-01 4.427934587002e-01 4.314234852791e-01 4.184199571609e-01 5.610247850418e-01 6.453512310982e-01 6.102308630943e-01 4.485759139061e-01 7.128298282623e-01 2.908411622047e-01
1.646236777306e-01 2.932461202145e-01 4.132965207100e-01 4.675011336803e-01 3.985278904438e-01 2.634176015854e-01 4.795093834400e-01 5.798349976540e-01 3.480051159859e-01 3.338185250759e-01 3.522787988186e-01 3.376728892326e-01 3.667182326317e-01 3.995325863361e-01 4.180164039135e-01 4.240331649780e-01 5.028077363968e-01 5.477085709572e-01 8.104614019394e-01 9.278868436813e-01 8.590289354324e-01 4.993186593056e-01 4.576278924942e-01 6.229779124260e-01 6.041522622108e-01 4.389508366585e-01 3.628242611885e-01 1.470184803009e+00 1.613393306732e+00 8.077800869942e-01 3.574225008488e-01 2.787357270718e-01 6.154338717461e-01 3.728335797787e-01 4.532661736012e-01 4.504171311855e-01 5.820627808571e-01 6.703723073006e-01 6.561517119408e-01 5.258512496948e-01 3.813550770283e-01 7.752654552460e-01 3.893585801125e-01
1.658306270838e-01 3.319367170334e-01 3.428337872028e-01 4.480820596218e-01 4.897668361664e-01 3.937250673771e-01 4.755601584911e-01 5.710219144821e-01 3.369323611259e-01 3.371906876564e-01 3.686809539795e-01 4.316868185997e-01 4.788502752781e-01 5.051546096802e-01 5.174731016159e-01 5.222433805466e-01 5.169810652733e-01 6.725381612778e-01 9.423341751099e-01 9.980642795563e-01 8.386108279228e-01 6.195678710938e-01 4.345514476299e-01 5.316870212555e-01 5.452041029930e-01 3.912985324860e-01 4.212294816971e-01 1.551338672638e+00 1.650969028473e+00 7.920272946358e-01 3.408078551292e-01 3.074463605881e-01 6.026074886322e-01 3.871346116066e-01 5.140857100487e-01 6.236366629601e-01 6.957985758781e-01 6.828411221504e-01 5.667634010315e-01 4.354712665081e-01 4.322117865086e-01 7.459344863892e-01 5.066699385643e-01
1.406839936972e-01 2.961071133614e-01 3.542436659336e-01 3.735073208809e-01 4.844512641430e-01 5.101905465126e-01 4.614485502243e-01 5.506658554077e-01 3.283056914806e-01 3.975114524364e-01 4.626560211182e-01 5.158258676529e-01 5.523573756218e-01 5.733677148819e-01 5.806565284729e-01 5.798001289368e-01 5.740041136742e-01 8.961047530174e-01 1.223758816719e+00 1.270290136337e+00 1.093714475632e+00 8.564711809158e-01 6.262237429619e-01 4.513390362263e-01 6.162850260735e-01 5.907452106476e-01 5.152195096016e-01 1.489353060722e+00 1.462153673172e+00 7.215356230736e-01 4.294958412647e-01 5.077835321426e-01 5.570150613785e-01 6.181933283806e-01 7.012833356857e-01 7.329964637756e-01 7.032821774483e-01 6.000261306763e-01 5.797492861748e-01 6.730192899704e-01 5.055797696114e-01 6.388279795647e-01 6.122324466705e-01
1.167136579752e-01 2.228473424911e-01 2.953672707081e-01 3.492623567581e-01 4.104848206043e-01 5.194815993309e-01 5.217151641846e-01 5.212716460228e-01 4.077095389366e-01 4.740682840347e-01 5.216709971428e-01 5.520873665810e-01 5.703628659248e-01 5.805677771568e-01 5.815246105194e-01 5.787963867188e-01 5.791021585464e-01 9.877376556396e-01 1.333015561104e+00 1.359317660332e+00 1.173840284348e+00 9.549324512482e-01 7.459146380424e-01 5.454654097557e-01 8.300862312317e-01 8.025366067886e-01 6.766392588615e-01 1.298380255699e+00 1.149744868279e+00 6.144376993179e-01 7.508942484856e-01 8.466511368752e-01 8.428561687469e-01 8.144396543503e-01 7.986920475960e-01 7.671080827713e-01 7.431274652481e-01 7.044242620468e-01 6.437952518463e-01 9.097067117691e-01 5.672587156296e-01 4.870489537716e-01 7.891830205917e-01
1.464806795120e-01 2.857899069786e-01 2.811735570431e-01 2.691469192505e-01 3.295800685883e-01 4.466363787651e-01 5.562850236893e-01 5.305086374283e-01 4.538809359074e-01 5.044733881950e-01 5.298979282379e-01 5.381453633308e-01 5.343514084816e-01 5.223705172539e-01 5.089844465256e-01 5.066470503807e-01 5.197567939758e-01 9.080595970154e-01 1.201071858406e+00 1.240137100220e+00 1.112077236176e+00 9.419369697571e-01 7.770574688911e-01 6.139358282089e-01 8.216264247894e-01 8.486362099648e-01 7.493444681168e-01 1.064314246178e+00 8.411663174629e-01 6.543694138527e-01 8.821886777878e-01 9.973963499069e-01 9.515288472176e-01 8.639400601387e-01 7.713709473610e-01 7.248011827469e-01 6.838116049767e-01 6.364634037018e-01 5.812107324600e-01 9.612272381783e-01 8.823040723801e-01 5.032150745392e-01 8.969279527664e-01
1.886910945177e-01 3.772577345371e-01 3.789953589439e-01 3.718463182449e-01 3.592366874218e-01 3.477263450623e-01 4.887076020241e-01 5.949482321739e-01 5.259343981743e-01 4.937668442726e-01 5.002597570419e-01 4.894864261150e-01 4.677349030972e-01 4.387895762920e-01 4.136549830437e-01 4.099389910698e-01 4.240446984768e-01 7.184376120567e-01 9.244397282600e-01 9.738992452621e-01 9.104190468788e-01 8.170971274376e-01 7.209732532501e-01 6.179029345512e-01 6.454845070839e-01 7.035274505615e-01 6.870713233948e-01 1.072585701942e+00 6.182355284691e-01 6.686950325966e-01 8.662022948265e-01 9.624328017235e-01 9.214699864388e-01 7.622598409653e-01 5.598292946815e-01 5.980730652809e-01 4.995835125446e-01 5.286509990692e-01 5.147557258606e-01 7.935754060745e-01 1.176158666611e+00 5.106391310692e-01 9.027673006058e-01
1.912185549736e-01 3.884054720402e-01 4.021934866905e-01 4.216347634792e-01 4.361225962639e-01 4.397299885750e-01 4.417857229710e-01 5.356337428093e-01 6.223887801170e-01 4.993297159672e-01 4.496733546257e-01 4.264996945858e-01 3.966503739357e-01 3.763467967510e-01 4.048844873905e-01 4.207851588726e-01 4.469472169876e-01 6.046728491783e-01 6.486279368401e-01 6.946842670441e-01 6.798651218414e-01 6.306921839714e-01 5.889546275139e-01 5.581640601158e-01 5.339368581772e-01 5.234425067902e-01 6.965311169624e-01 1.136664867401e+00 7.714809179306e-01 7.548583745956e-01 8.985055685043e-01 9.123783707619e-01 7.612703442574e-01 7.586542963982e-01 4.122956991196e-01 7.089316844940e-01 6.638242602348e-01 6.150243878365e-01 5.276734828949e-01 5.569746494293e-01 1.334888815880e+00 7.289686799049e-01 8.014528155327e-01
2.117729187012e-01 3.656250238419e-01 3.604674339294e-01 3.767667114735e-01 4.022977650166e-01 4.429964423180e-01 4.694036245346e-01 4.893364906311e-01 5.737655162811e-01 6.066598892212e-01 5.071866512299e-01 4.989044666290e-01 5.036228895187e-01 4.564521610737e-01 4.182634651661e-01 4.607026875019e-01 5.096098184586e-01 6.226658225060e-01 6.281414628029e-01 5.220455527306e-01 4.653387665749e-01 5.443741083145e-01 6.800127625465e-01 7.063338160515e-01 6.378282904625e-01 5.196393132210e-01 7.717018127441e-01 1.158294916153e+00 7.760865688324e-01 8.155089020729e-01 8.578299283981e-01 8.800565600395e-01 9.431974291801e-01 8.451756238937e-01 5.231228470802e-01 7.971263527870e-01 7.393451929092e-01 6.119822263718e-01 4.609747231007e-01 5.429880023003e-01 1.281565308571e+00 1.118198752403e+00 6.186320185661e-01
2.420454025269e-01 4.459076225758e-01 4.804877638817e-01 4.147224128246e-01 3.787701725960e-01 4.092899858952e-01 4.177027940750e-01 4.072342216969e-01 4.399284124374e-01 5.594297051430e-01 6.127983331680e-01 6.303538084030e-01 6.236835122108e-01 5.737184286118e-01 5.523295402527e-01 5.326239466667e-01 5.052764415741e-01 6.240381598473e-01 6.545609235764e-01 5.788125991821e-01 4.726232588291e-01 4.341870844364e-01 4.778305292130e-01 5.327093601227e-01 5.461553931236e-01 5.514928102493e-01 6.761252880096e-01 1.113929033279e+00 7.948234677315e-01 6.926918625832e-01 7.932152152061e-01 9.121740460396e-01 1.016665577888e+00 8.654503226280e-01 6.024774312973e-01 8.796416521072e-01 7.095727324486e-01 5.512248873711e-01 4.163281023502e-01 4.958922266960e-01 1.032090902328e+00 1.513179540634e+00 6.831223368645e-01
2.378337234259e-01 4.664470553398e-01 5.547481179237e-01 5.227543711662e-01 3.960119783878e-01 3.046388626099e-01 3.696335554123e-01 4.189545214176e-01 4.495836198330e-01 4.538535773754e-01 6.061568856239e-01 6.721728444099e-01 6.362192630768e-01 6.379491090775e-01 6.440351009369e-01 6.351671218872e-01 5.625432133675e-01 6.188785433769e-01 6.764517426491e-01 6.188891530037e-01 4.633632898331e-01 5.628361701965e-01 5.395270586014e-01 5.566219091415e-01 4.931909441948e-01 4.830624163151e-01 5.079833865166e-01 1.032829642296e+00 9.407415986061e-01 7.461428046227e-01 7.242791652679e-01 7.729527354240e-01 9.553826451302e-01 8.522191047668e-01 6.893864274025e-01 8.490254878998e-01 6.196556687355e-01 4.955272674561e-01 4.680228829384e-01 4.466052949429e-01 7.063916325569e-01 1.770320057869e+00 7.167651057243e-01
