100/SI/f141_max.grd
DSAA
101	101
32.816463539100	34.260883539100
35.556306596100	36.727886596100
6.422572187148e-04	1.112443008423e+02
[rows 57 to 75 of 101, columns 43 to 85 of 101]
4.505811929703e-01 5.304950475693e-01 2.779568731785e-01 3.102419376373e-01 3.063248395920e-01 4.848155081272e-01 5.364291071892e-01 7.215490937233e-01 6.324073672295e-01 3.439446091652e-01 2.452547401190e-01 2.048522382975e-01 1.490978151560e-01 2.628785073757e-01 1.165172934532e+00 3.886217117310e+00 8.179504394531e+00 7.953380584717e+00 1.289874744415e+01 3.864300012589e+00 1.106098890305e+00 8.616823554039e-01 1.529959201813e+00 2.816932916641e+00 4.821569442749e+00 4.388782501221e+00 4.783780097961e+00 3.867354869843e+00 4.945456027985e+00 4.619112014771e+00 4.848344326019e+00 3.618143081665e+00 3.735319614410e+00 5.258671283722e+00 3.271458148956e+00 2.059377908707e+00 2.396588563919e+00 3.316096067429e+00 4.158906936646e+00 3.013261556625e+00 1.259470820427e+00 1.138137817383e+00 1.098771572113e+00
3.589877784252e-01 7.382064461708e-01 2.247722744942e-01 2.401565611362e-01 2.373257875443e-01 3.533425331116e-01 6.773957014084e-01 2.161908388138e+00 1.714556574821e+00 3.707628548145e-01 2.258988320827e-01 1.563227176666e-01 1.210300996900e-01 1.199119910598e-01 2.443637102842e-01 2.338471174240e+00 2.710834026337e+00 2.662023067474e+00 2.223830223083e+00 2.235094308853e+00 1.594422459602e+00 1.209768295288e+00 9.337732791901e-01 5.833963751793e-01 1.502414345741e+00 2.954772233963e+00 5.210215568542e+00 5.373117923737e+00 5.844000339508e+00 3.176298379898e+00 4.198384284973e+00 3.801851034164e+00 3.262881278992e+00 2.931168317795e+00 2.977304697037e+00 2.209047079086e+00 2.171919822693e+00 2.588431358337e+00 2.535316944122e+00 2.315958738327e+00 2.399580001831e+00 2.512922763824e+00 2.348973274231e+00
3.042666614056e-01 2.927815616131e-01 2.040192037821e-01 2.180168330669e-01 2.210819721222e-01 3.209114074707e-01 9.660910964012e-01 3.895954132080e+00 3.193649768829e+00 5.787805318832e-01 2.364840358496e-01 1.341783553362e-01 9.461080282927e-02 8.631727099419e-02 8.902972191572e-02 1.103767156601e-01 1.468731909990e-01 2.001592218876e-01 3.104869723320e-01 3.226809501648e-01 3.846652507782e-01 4.487863183022e-01 2.986780107021e-01 3.007867038250e-01 7.379789948463e-01 3.420417547226e+00 5.882881641388e+00 6.751043796539e+00 6.474414825439e+00 6.520870208740e+00 4.255120754242e+00 3.680101871490e+00 3.112173318863e+00 2.902862548828e+00 4.068051338196e+00 3.510124206543e+00 2.914150714874e+00 1.824341177940e+00 1.920112848282e+00 1.608498930931e+00 1.436102628708e+00 1.329546809196e+00 1.159092783928e+00
2.800547480583e-01 2.512941360474e-01 1.970827281475e-01 2.203657329082e-01 2.476512044668e-01 3.248324394226e-01 4.620430946350e+00 2.706970930099e+00 3.079940557480e+00 4.418017566204e-01 2.071642726660e-01 1.290707439184e-01 8.598711341619e-02 7.000783830881e-02 6.689634919167e-02 7.057828456163e-02 8.537840843201e-02 1.125567927957e-01 1.574611961842e-01 1.890188008547e-01 2.116977870464e-01 4.280208051205e-01 2.195570021868e-01 2.029532492161e-01 6.210934519768e-01 1.370946645737e+00 4.906873226166e+00 5.606603622437e+00 5.825297355652e+00 6.250071048737e+00 5.273376464844e+00 4.047274112701e+00 2.826004505157e+00 3.600508928299e+00 2.486848115921e+00 2.189089775085e+00 1.815453767776e+00 1.499467611313e+00 1.407854437828e+00 1.399192214012e+00 1.460956096649e+00 2.118181943893e+00 2.905662775040e+00
2.366658449173e-01 1.837229281664e-01 1.932860314846e-01 2.331220805645e-01 3.794918954372e-01 6.073880791664e-01 1.805635333061e+00 4.104271888733e+00 1.517323493958e+00 2.416279166937e-01 1.503145545721e-01 1.098632365465e-01 7.836697995663e-02 5.884844437242e-02 5.391871184111e-02 5.396794155240e-02 5.880449339747e-02 7.876423746347e-02 1.085187941790e-01 1.242095753551e-01 1.272233426571e-01 2.624575495720e-01 1.584890931845e-01 1.771084666252e-01 3.814533054829e-01 1.287420988083e+00 3.484470129013e+00 4.708784103394e+00 4.956712722778e+00 3.824531078339e+00 2.930674791336e+00 4.190499782562e+00 2.867794513702e+00 1.995939612389e+00 2.229918003082e+00 2.886319160461e+00 2.608934164047e+00 1.795584440231e+00 1.671973824501e+00 1.626094937325e+00 1.575473070145e+00 1.809910655022e+00 2.210957050323e+00
1.712545752525e-01 1.420977115631e-01 1.773306876421e-01 4.068839550018e-01 1.056904196739e+00 2.347529172897e+00 3.216369867325e+00 1.998537182808e+00 2.152327597141e-01 1.464921981096e-01 1.062813103199e-01 8.814644813538e-02 6.882020831108e-02 5.596221238375e-02 4.925991222262e-02 5.122664198279e-02 5.359721928835e-02 6.504860520363e-02 9.390605986118e-02 1.156300306320e-01 1.229070872068e-01 1.281417906284e-01 1.289327889681e-01 1.915349364281e-01 4.629234373569e-01 1.208854794502e+00 1.480616927147e+00 1.466775894165e+00 2.899617433548e+00 3.346480369568e+00 3.935606479645e+00 2.520311832428e+00 3.245143651962e+00 2.378402948380e+00 2.703952074051e+00 3.181363821030e+00 6.338323593140e+00 3.991514682770e+00 2.350562095642e+00 1.874971747398e+00 1.927121162415e+00 1.892084240913e+00 1.826629161835e+00
1.113066896796e-01 1.160775795579e-01 1.466518938541e-01 1.850257366896e-01 4.316690266132e-01 2.560019493103e+00 1.612579226494e+00 2.189787626266e-01 1.278848350048e-01 1.134806722403e-01 9.534061700106e-02 8.052469044924e-02 6.342034041882e-02 5.375147610903e-02 4.782644659281e-02 5.260842293501e-02 5.496983602643e-02 5.356365814805e-02 7.711456716061e-02 9.849753975868e-02 1.113844290376e-01 1.108189225197e-01 1.364577561617e-01 2.203241288662e-01 6.861507296562e-01 1.364845514297e+00 8.116329312325e-01 1.063706755638e+00 1.002555251122e+00 5.100695610046e+00 7.414119720459e+00 4.045047760010e+00 2.235271453857e+00 3.022846460342e+00 1.212229490280e+00 1.267452001572e+00 4.664400577545e+00 2.244739770889e+00 1.814067482948e+00 1.378934264183e+00 1.416055202484e+00 1.578467369080e+00 1.701684713364e+00
9.249299019575e-02 1.009304821491e-01 1.184956431389e-01 1.497762054205e-01 1.669888049364e-01 2.342542707920e-01 2.590242028236e-01 1.769692450762e-01 9.340406954288e-02 9.626014530659e-02 8.428530395031e-02 7.723672688007e-02 6.317237764597e-02 5.143395066261e-02 5.218460038304e-02 5.312981083989e-02 5.659695342183e-02 5.660086497664e-02 6.485558301210e-02 8.337390422821e-02 9.859555214643e-02 1.051115021110e-01 1.106072217226e-01 1.806333363056e-01 5.060189366341e-01 3.146442770958e-01 3.105817139149e-01 4.932692050934e-01 1.125159978867e+00 2.218690633774e+00 2.339498996735e+00 2.966138601303e+00 4.683041095734e+00 2.536214828491e+00 2.421351909637e+00 1.854372024536e+00 1.913523197174e+00 1.619711160660e+00 8.736540079117e-01 1.081258535385e+00 1.055456280708e+00 1.126298904419e+00 1.420424461365e+00
7.276462763548e-02 8.193957060575e-02 9.783475100994e-02 1.200143694878e-01 1.289473325014e-01 1.430760473013e-01 1.511374115944e-01 9.505742043257e-02 8.152197301388e-02 8.506625890732e-02 7.920114696026e-02 6.860589236021e-02 5.757135525346e-02 5.186679959297e-02 5.085146799684e-02 5.815234035254e-02 5.779568850994e-02 4.965983703732e-02 5.723696574569e-02 7.274365425110e-02 8.619532734156e-02 1.003656610847e-01 1.399820148945e-01 1.474677026272e-01 1.492936909199e-01 2.083387076855e-01 2.001599669456e-01 4.926014840603e-01 6.898956298828e-01 9.251483082771e-01 1.925572514534e+00 3.367094516754e+00 2.523065805435e+00 4.599763393402e+00 2.952888250351e+00 1.669390797615e+00 1.396775484085e+00 1.255024790764e+00 1.497202754021e+00 1.415009140968e+00 1.765494942665e+00 1.726071476936e+00 2.014085292816e+00
6.704110652208e-02 6.711558252573e-02 7.540331035852e-02 8.477238565683e-02 9.135115146637e-02 8.989897370338e-02 8.597066253424e-02 8.342157304287e-02 9.028063714504e-02 8.923108130693e-02 8.317931741476e-02 7.265935838223e-02 5.965031683445e-02 5.316433310509e-02 4.801108688116e-02 4.718890786171e-02 5.312023684382e-02 5.381248518825e-02 5.413262546062e-02 6.543407589197e-02 7.586817443371e-02 8.935920894146e-02 1.339257508516e-01 1.511319726706e-01 1.627646535635e-01 3.380389511585e-01 4.638999402523e-01 5.945581793785e-01 8.322261571884e-01 8.998561501503e-01 1.977117538452e+00 3.728600978851e+00 1.765339016914e+00 1.891984105110e+00 3.362810373306e+00 2.881351947784e+00 1.981983184814e+00 1.699437737465e+00 2.079198360443e+00 1.077337622643e+00 1.437170147896e+00 1.707074046135e+00 2.032869100571e+00
5.509991571307e-02 6.304421275854e-02 6.611374020576e-02 6.607244163752e-02 7.402168214321e-02 8.115030825138e-02 8.745507895947e-02 7.765070348978e-02 7.392201572657e-02 7.625690847635e-02 8.189436793327e-02 8.163253217936e-02 7.053814828396e-02 6.024048104882e-02 5.712958797812e-02 5.199005827308e-02 4.482378810644e-02 4.900959134102e-02 5.561020597816e-02 6.159275025129e-02 6.773424148560e-02 7.814799994230e-02 1.140567064285e-01 1.118762120605e-01 1.261923611164e-01 3.046153783798e-01 6.496786475182e-01 8.763719797134e-01 1.230427384377e+00 6.467772126198e-01 1.928832411766e+00 9.688825607300e-01 1.034202098846e+00 1.206272840500e+00 1.944453239441e+00 2.118286848068e+00 2.721366643906e+00 2.501667737961e+00 1.831393361092e+00 1.561584115028e+00 1.205757617950e+00 1.298382759094e+00 1.022641181946e+00
5.443374812603e-02 6.010233610868e-02 5.974500626326e-02 6.015678867698e-02 6.430709362030e-02 7.280406355858e-02 7.883355021477e-02 7.046055048704e-02 5.575694143772e-02 5.966112017632e-02 6.464914977551e-02 7.430385053158e-02 7.736344635487e-02 6.461840122938e-02 6.124646216631e-02 7.457552105188e-02 6.618644297123e-02 5.310749635100e-02 5.792680755258e-02 6.043361499906e-02 7.363899797201e-02 8.171912282705e-02 8.966934680939e-02 1.125374063849e-01 1.308043301105e-01 2.233245223761e-01 4.661687612534e-01 5.574112534523e-01 7.642987966537e-01 4.337556362152e-01 9.363162517548e-01 7.235747575760e-01 1.189358711243e+00 7.322416305542e-01 1.454118490219e+00 1.068356633186e+00 1.676448941231e+00 2.073883771896e+00 1.858465313911e+00 2.524925708771e+00 2.314202308655e+00 1.858401417732e+00 1.620007991791e+00
5.232115089893e-02 5.648474767804e-02 5.427508056164e-02 5.469795316458e-02 5.496257916093e-02 5.447323620319e-02 6.036537140608e-02 5.710964277387e-02 6.867443770170e-02 7.432386279106e-02 6.775313615799e-02 6.704094260931e-02 7.366795092821e-02 7.697026431561e-02 7.143087685108e-02 9.223210066557e-02 8.221714943647e-02 6.248915567994e-02 6.304007768631e-02 6.228679046035e-02 7.157281041145e-02 7.757868617773e-02 8.724159002304e-02 1.160341277719e-01 1.365924924612e-01 1.997893452644e-01 3.002780973911e-01 3.447105288506e-01 3.722881972790e-01 4.711292386055e-01 8.097658753395e-01 1.227118372917e+00 8.185341954231e-01 1.998730540276e+00 6.861972808838e-01 9.048154950142e-01 1.796808362007e+00 2.526648759842e+00 1.246417403221e+00 1.406449198723e+00 9.160286188126e-01 1.685786008835e+00 1.496847629547e+00
4.659698158503e-02 5.027912557125e-02 4.830215126276e-02 4.702973365784e-02 4.368006065488e-02 4.448577389121e-02 4.693016037345e-02 6.299863010645e-02 7.823162525892e-02 8.040590584278e-02 7.076925784349e-02 7.618264853954e-02 8.454056829214e-02 8.270765095949e-02 8.244184404612e-02 8.581147342920e-02 9.225803613663e-02 1.082911193371e-01 9.688506275415e-02 8.708439767361e-02 8.806651830673e-02 9.492255002260e-02 1.133183240891e-01 1.180531010032e-01 1.401767283678e-01 1.723017394543e-01 2.834725677967e-01 2.809645533562e-01 5.335872769356e-01 1.067770123482e+00 1.311723470688e+00 6.495131850243e-01 6.537699699402e-01 2.001632690430e+00 1.049299716949e+00 1.294580936432e+00 1.153194308281e+00 1.485955238342e+00 1.083800792694e+00 4.192974865437e-01 4.003440439701e-01 5.404853224754e-01 1.051368355751e+00
4.283977672458e-02 4.285033419728e-02 4.246636107564e-02 4.183239862323e-02 4.292135685682e-02 4.547425732017e-02 4.823356866837e-02 5.866488814354e-02 6.579414755106e-02 6.323485821486e-02 7.429137825966e-02 7.978068292141e-02 7.729090750217e-02 8.092270046473e-02 1.097552776337e-01 1.526126265526e-01 1.732871979475e-01 2.190090566874e-01 2.182269692421e-01 2.364965230227e-01 1.681711375713e-01 1.586659550667e-01 1.838148236275e-01 1.540458500385e-01 1.761462241411e-01 2.433213144541e-01 7.230044007301e-01 6.745067834854e-01 6.908662915230e-01 9.245697259903e-01 4.948813319206e-01 5.212735533714e-01 7.078112959862e-01 4.069551527500e-01 2.168998003006e+00 3.007554531097e+00 2.680603504181e+00 6.322116851807e-01 3.000637590885e-01 2.495107948780e-01 2.438575774431e-01 2.877033948898e-01 3.027147352695e-01
3.975362330675e-02 4.119500517845e-02 3.953965008259e-02 4.250124841928e-02 4.602862149477e-02 5.270038917661e-02 5.277676507831e-02 6.069019064307e-02 6.709505617619e-02 7.912896573544e-02 8.177260309458e-02 9.683571755886e-02 1.012318953872e-01 9.340101480484e-02 2.305703014135e-01 8.275145292282e-01 6.544356346130e-01 3.760701715946e-01 4.222057461739e-01 5.281580090523e-01 3.911839425564e-01 2.036174386740e-01 2.366917580366e-01 2.963987290859e-01 2.884325981140e-01 5.387477278709e-01 7.561568021774e-01 6.636158227921e-01 5.473316311836e-01 4.880324304104e-01 5.550490617752e-01 5.255603194237e-01 3.949720859528e-01 3.304037451744e-01 5.597441196442e-01 2.551774501801e+00 2.652979850769e+00 5.480362772942e-01 1.985296010971e-01 2.024997323751e-01 1.843520402908e-01 1.772526502609e-01 2.899594902992e-01
3.978672251105e-02 4.281499609351e-02 5.374807864428e-02 6.004752591252e-02 5.509572103620e-02 9.122382104397e-02 1.071705445647e-01 1.095207259059e-01 9.354261308908e-02 9.356871992350e-02 1.022766605020e-01 1.281992048025e-01 1.275310814381e-01 4.652936160564e-01 3.314372539520e+00 4.199450492859e+00 1.971804141998e+00 1.079895615578e+00 8.682733774185e-01 6.845441460609e-01 3.312342762947e-01 3.237403631210e-01 7.024207115173e-01 1.497500181198e+00 1.228950858116e+00 6.554130315781e-01 7.675200700760e-01 6.250757575035e-01 6.623482108116e-01 4.626124799252e-01 1.157068848610e+00 4.629532396793e-01 3.498998582363e-01 2.482678592205e-01 1.674735099077e-01 5.277664661407e-01 5.812784433365e-01 1.427228897810e-01 9.799022227526e-02 1.153790131211e-01 1.427658349276e-01 1.597732603550e-01 1.495404988527e-01
4.824437573552e-02 7.578676193953e-02 1.032137274742e-01 1.121308952570e-01 1.450175195932e-01 1.926708370447e-01 1.892392188311e-01 1.668818295002e-01 1.434091776609e-01 1.106080636382e-01 1.377542763948e-01 1.520893126726e-01 8.258436918259e-01 4.578613758087e+00 6.300776958466e+00 2.212258815765e+00 6.766855716705e-01 4.162283539772e-01 4.304318726063e-01 3.772501349449e-01 3.572458922863e-01 8.131948113441e-01 1.603046536446e+00 2.123800516129e+00 1.708177566528e+00 8.768261075020e-01 6.096848249435e-01 4.423115253448e-01 4.057334661484e-01 3.572163283825e-01 4.945042729378e-01 2.223161906004e-01 2.537967860699e-01 2.061303555965e-01 1.298803687096e-01 7.725038379431e-02 6.418860703707e-02 6.297952681780e-02 6.577061116695e-02 8.196171373129e-02 1.101063936949e-01 1.394245326519e-01 1.428123116493e-01
7.972178608179e-02 1.190373227000e-01 1.579956114292e-01 2.209002822638e-01 4.265839755535e-01 4.209679365158e-01 5.859421491623e-01 4.401059746742e-01 5.006400346756e-01 2.976157367229e-01 1.635369211435e-01 1.070661664009e+00 4.329479217529e+00 4.326276302338e+00 1.137211799622e+00 3.385085165501e-01 6.216418743134e-01 8.214063048363e-01 5.899900794029e-01 6.818769574165e-01 8.244939446449e-01 8.355953097343e-01 1.211280584335e+00 9.914813041687e-01 6.673247814178e-01 5.223769545555e-01 3.259628117085e-01 1.269305050373e-01 1.319234967232e-01 1.275193989277e-01 1.635095775127e-01 1.198255494237e-01 1.064980328083e-01 7.406973838806e-02 7.581319659948e-02 7.734155654907e-02 7.992639392614e-02 8.401329815388e-02 8.946532756090e-02 9.649641811848e-02 9.779006242752e-02 1.168362945318e-01 1.507997363806e-01
