100/SI/f141_max.grd
DSAA
101	101
32.816463539100	34.260883539100
35.556306596100	36.727886596100
6.422572187148e-04	1.112443008423e+02
[rows 19 to 37 of 101, columns 0 to 42 of 101]
2.090047299862e-01 4.261360466480e-01 5.451614856720e-01 5.556802749634e-01 4.584844112396e-01 3.611709773540e-01 2.483789026737e-01 2.845029234886e-01 3.377456068993e-01 4.051367342472e-01 5.366913676262e-01 6.392624974251e-01 6.186664700508e-01 6.700723767281e-01 6.746288537979e-01 6.538853645325e-01 6.216397285461e-01 6.129207015038e-01 7.029412388802e-01 6.252198219299e-01 6.418449282646e-01 6.907910704613e-01 7.353930473328e-01 7.088698744774e-01 6.308628916740e-01 5.356207489967e-01 5.541305541992e-01 8.980680704117e-01 1.066367387772e+00 8.041047453880e-01 7.416372895241e-01 6.825786828995e-01 7.148285508156e-01 7.144198417664e-01 7.114859223366e-01 7.035242915154e-01 5.573588013649e-01 4.872574508190e-01 5.226258039474e-01 5.077395439148e-01 7.301172018051e-01 1.767169356346e+00 8.246121406555e-01
1.636814922094e-01 3.439611494541e-01 4.639673233032e-01 5.077373981476e-01 4.516485929489e-01 4.314719140530e-01 3.953354954720e-01 2.741472423077e-01 3.659535944462e-01 4.280173480511e-01 4.674525260925e-01 5.843999385834e-01 5.161482095718e-01 6.010270714760e-01 6.489147543907e-01 6.689630150795e-01 6.671549677849e-01 6.367077827454e-01 8.103687167168e-01 6.485632061958e-01 7.520394325256e-01 8.966470360756e-01 9.669857025146e-01 9.608688950539e-01 8.876496553421e-01 6.858252882957e-01 7.343370914459e-01 7.286652326584e-01 1.121951818466e+00 8.165077567101e-01 6.998776197433e-01 6.617901921272e-01 6.447398066521e-01 6.287459135056e-01 6.058577299118e-01 7.814890146255e-01 5.324009060860e-01 5.602965950966e-01 5.721044540405e-01 5.915701985359e-01 9.038263559341e-01 1.497755885124e+00 1.227817535400e+00
1.232803314924e-01 2.504072785378e-01 3.512402176857e-01 4.043960273266e-01 3.817868828773e-01 3.307111263275e-01 4.077783823013e-01 4.026716947556e-01 4.586550593376e-01 5.459520220757e-01 6.281581521034e-01 8.260534405708e-01 9.878433346748e-01 9.018931388855e-01 6.132475137711e-01 5.994014739990e-01 6.326804161072e-01 6.716990470886e-01 1.180439949036e+00 9.230480194092e-01 6.975108385086e-01 1.090411543846e+00 1.156068205833e+00 1.293252587318e+00 1.048007607460e+00 9.272062182426e-01 9.180364608765e-01 5.786842703819e-01 1.057830691338e+00 7.526639699936e-01 5.804379582405e-01 6.060298085213e-01 7.156771421432e-01 5.726635456085e-01 6.256651878357e-01 8.278474807739e-01 6.590088605881e-01 5.951300859451e-01 6.184189915657e-01 6.696684360504e-01 1.053316116333e+00 1.074718713760e+00 1.629235148430e+00
1.697695553303e-01 3.049243092537e-01 2.898806333542e-01 3.036614358425e-01 3.610931336880e-01 4.566928446293e-01 5.324890017509e-01 6.355085968971e-01 7.704005241394e-01 9.665665626526e-01 1.227242588997e+00 1.535153150558e+00 1.720841526985e+00 1.492467522621e+00 9.386029243469e-01 5.677586793900e-01 7.834447622299e-01 1.100335478783e+00 1.392274498940e+00 1.136059761047e+00 8.996914029121e-01 1.184256434441e+00 1.260021328926e+00 1.453097939491e+00 1.042622566223e+00 1.056272864342e+00 1.091163873672e+00 6.800469756126e-01 8.661822676659e-01 6.233314871788e-01 5.655304789543e-01 5.599511265755e-01 7.428069710732e-01 7.449293732643e-01 7.404574751854e-01 7.045485377312e-01 9.264346957207e-01 6.571490764618e-01 6.660752296448e-01 7.348637580872e-01 1.173287272453e+00 1.015586853027e+00 1.892209410667e+00
1.653018593788e-01 3.405519127846e-01 3.693918287754e-01 3.537598848343e-01 4.532433450222e-01 6.156546473503e-01 6.739994287491e-01 7.112970352173e-01 7.872018218040e-01 9.098749756813e-01 1.095801353455e+00 1.246688604355e+00 1.274402737617e+00 1.089167475700e+00 7.986038923264e-01 7.020506858826e-01 7.662194371223e-01 1.057808995247e+00 1.407080769539e+00 8.781945109367e-01 8.475413322449e-01 1.194869279861e+00 1.258727669716e+00 1.394312024117e+00 1.113035440445e+00 1.053022384644e+00 1.230943202972e+00 1.058306813240e+00 1.068923592567e+00 9.126268625259e-01 7.903858423233e-01 1.143610835075e+00 1.067332506180e+00 8.060944080353e-01 7.846710681915e-01 7.674377560616e-01 1.028309702873e+00 7.455655336380e-01 7.285052537918e-01 7.754822373390e-01 1.240303039551e+00 1.029361724854e+00 1.933552145958e+00
3.190970718861e-01 5.498250722885e-01 3.567217290401e-01 3.551220595837e-01 4.025421142578e-01 5.374023914337e-01 6.083478927612e-01 6.011644005775e-01 5.964781045914e-01 6.196483969688e-01 6.550620198250e-01 6.933155059814e-01 6.595261693001e-01 7.146738767624e-01 7.236195206642e-01 6.486122012138e-01 6.553446650505e-01 1.213884353638e+00 1.386382937431e+00 7.354234457016e-01 7.526741623878e-01 1.107183694839e+00 1.194755911827e+00 1.188960552216e+00 1.072663545609e+00 9.636380672455e-01 1.326194405556e+00 1.167496204376e+00 9.597982764244e-01 9.274870753288e-01 9.286020398140e-01 1.480706334114e+00 2.198825359344e+00 2.087647914886e+00 1.884628415108e+00 1.794054985046e+00 1.858469724655e+00 1.146009564400e+00 9.727611541748e-01 8.174461126328e-01 1.268525242805e+00 9.941179156303e-01 1.712970256805e+00
5.917125940323e-01 1.253668546677e+00 1.288970470428e+00 1.126749992371e+00 7.021844387054e-01 4.065011739731e-01 4.070231914520e-01 4.264757931232e-01 4.533171653748e-01 5.861046314240e-01 7.026802897453e-01 7.854225635529e-01 8.109368681908e-01 7.776668667793e-01 6.990256309509e-01 7.353092432022e-01 7.831786274910e-01 1.183064818382e+00 1.164352059364e+00 6.675080657005e-01 7.521101832390e-01 9.050483703613e-01 1.034076452255e+00 9.850426912308e-01 1.102442860603e+00 1.062620282173e+00 1.377011775970e+00 1.453791260719e+00 1.543288350105e+00 1.379896998405e+00 1.039937734604e+00 8.865005970001e-01 1.790598630905e+00 1.951374053955e+00 2.143364667892e+00 2.582759857178e+00 3.214678287506e+00 1.955618858337e+00 1.436154842377e+00 1.219970583916e+00 1.245644927025e+00 9.274858832359e-01 1.284419655800e+00
6.294925808907e-01 1.358856797218e+00 1.570868611336e+00 1.853303551674e+00 2.024144887924e+00 1.751752972603e+00 9.802991747856e-01 5.463626384735e-01 7.454763054848e-01 8.708572983742e-01 8.946849703789e-01 8.464201092720e-01 7.916944026947e-01 1.063886165619e+00 1.168282866478e+00 1.156289935112e+00 1.136141777039e+00 1.103719234467e+00 1.090044260025e+00 1.053628206253e+00 1.029465317726e+00 1.028749465942e+00 9.974141716957e-01 1.264629125595e+00 1.522024035454e+00 1.315803289413e+00 1.502812147141e+00 1.925980567932e+00 1.945098042488e+00 1.725236296654e+00 1.286101698875e+00 9.764586091042e-01 1.049094557762e+00 1.604251742363e+00 2.394892454147e+00 2.113318443298e+00 2.186753034592e+00 1.648670434952e+00 1.753673315048e+00 1.785104632378e+00 1.450989484787e+00 9.154322743416e-01 1.139158964157e+00
4.029040038586e-01 8.907997608185e-01 1.038771390915e+00 1.278494834900e+00 1.663398146629e+00 2.182094335556e+00 2.457937955856e+00 1.907554030418e+00 9.938112497330e-01 9.439840912819e-01 8.408317565918e-01 1.078853726387e+00 1.268137812614e+00 1.316396713257e+00 1.246956706047e+00 1.244012117386e+00 1.229816675186e+00 1.193023324013e+00 1.249975919724e+00 1.261028885841e+00 1.295491576195e+00 1.406795978546e+00 1.330622553825e+00 1.226008534431e+00 1.204288005829e+00 1.552247762680e+00 1.485941410065e+00 1.854282498360e+00 2.036765575409e+00 1.824861407280e+00 1.360750913620e+00 1.448387861252e+00 1.866117119789e+00 2.498483657837e+00 2.985007286072e+00 2.166764974594e+00 1.561805009842e+00 1.304699420929e+00 1.577951073647e+00 2.020077943802e+00 2.201606512070e+00 1.493185520172e+00 1.111861705780e+00
2.789489328861e-01 5.472748279572e-01 6.766479611397e-01 6.227661967278e-01 7.280501723289e-01 1.089222908020e+00 1.696937322617e+00 2.290790081024e+00 2.278275728226e+00 1.563154459000e+00 1.202198028564e+00 1.264194488525e+00 1.277358412743e+00 1.216873764992e+00 1.193861126900e+00 1.172791361809e+00 1.112329363823e+00 1.192914724350e+00 1.223692655563e+00 1.268910646439e+00 1.344808816910e+00 1.298251509666e+00 1.249024868011e+00 1.234644889832e+00 1.231386184692e+00 1.197453498840e+00 1.280505657196e+00 1.448115229607e+00 1.732921957970e+00 1.799496412277e+00 1.407300114632e+00 1.681290388107e+00 2.024538993835e+00 2.302299499512e+00 2.234506130219e+00 1.403722763062e+00 1.516136527061e+00 1.753968596458e+00 1.888154864311e+00 1.685948491096e+00 2.472336769104e+00 2.506902933121e+00 1.372679233551e+00
3.248458802700e-01 6.391726732254e-01 6.273363828659e-01 7.696771621704e-01 6.317907571793e-01 5.525174736977e-01 6.586120724678e-01 1.202757120132e+00 1.916211485863e+00 2.217755317688e+00 1.801147580147e+00 1.201295256615e+00 1.138243079185e+00 1.110958576202e+00 1.038135528564e+00 1.008519172668e+00 1.040412783623e+00 1.175544977188e+00 1.099900603294e+00 1.098300457001e+00 9.920330643654e-01 8.127550482750e-01 1.086812138557e+00 9.662553668022e-01 1.458056092262e+00 1.246163249016e+00 1.450431823730e+00 1.618228435516e+00 1.314979314804e+00 1.454015135765e+00 1.643823504448e+00 1.768429636955e+00 1.463573217392e+00 1.824557781219e+00 1.344724774361e+00 1.164835333824e+00 1.531567096710e+00 2.125663042068e+00 2.539607524872e+00 2.398387670517e+00 2.010019540787e+00 3.107897043228e+00 2.330552816391e+00
4.217706620693e-01 8.106678724289e-01 7.530050873756e-01 7.621715664864e-01 8.491715192795e-01 6.470389962196e-01 8.971893191338e-01 1.086718201637e+00 1.196419358253e+00 1.681276679039e+00 2.153487205505e+00 1.946334958076e+00 1.186756014824e+00 9.506899118423e-01 9.353495240211e-01 9.568678140640e-01 9.902995824814e-01 9.783678650856e-01 1.079426407814e+00 1.032676935196e+00 8.999699950218e-01 7.660027742386e-01 8.344976902008e-01 1.317012429237e+00 1.961416721344e+00 2.637589693069e+00 3.169015407562e+00 2.584351062775e+00 1.691298007965e+00 1.582404732704e+00 2.023850202560e+00 1.387537717819e+00 1.041731595993e+00 2.274873495102e+00 9.742045402527e-01 1.333786964417e+00 1.270621061325e+00 1.793386578560e+00 2.602745294571e+00 2.793673992157e+00 2.397937059402e+00 2.629194259644e+00 3.546782970428e+00
3.840016722679e-01 8.395083546638e-01 8.880188465118e-01 8.678737282753e-01 8.996607065201e-01 9.184509515762e-01 1.097613573074e+00 1.149556159973e+00 1.138959884644e+00 1.073823332787e+00 1.509066104889e+00 2.136966228485e+00 2.078722715378e+00 1.428620934486e+00 8.960309028625e-01 8.938662409782e-01 8.614158034325e-01 8.057522177696e-01 1.078390598297e+00 1.121814250946e+00 1.157311558723e+00 9.445386528969e-01 8.692271709442e-01 1.627169847488e+00 2.757615089417e+00 4.058557510376e+00 4.765422344208e+00 4.561808586121e+00 2.980731010437e+00 1.825825810432e+00 2.178525686264e+00 1.767228841782e+00 1.671227455139e+00 2.781351089478e+00 1.459290027618e+00 2.752672910690e+00 1.988052487373e+00 1.468724012375e+00 1.996308684349e+00 2.862758874893e+00 2.927034854889e+00 2.465327978134e+00 3.820072650909e+00
4.654177129269e-01 9.479857087135e-01 9.596118330956e-01 9.322042465210e-01 9.673361182213e-01 1.092690706253e+00 1.097568273544e+00 1.107721805573e+00 1.016005516052e+00 9.352623820305e-01 9.028816819191e-01 1.302156805992e+00 2.075962066650e+00 2.180226564407e+00 1.645892381668e+00 8.156033158302e-01 7.526578307152e-01 8.216497302055e-01 9.600868821144e-01 1.546347141266e+00 1.398169159889e+00 1.291866183281e+00 1.182641386986e+00 1.620439648628e+00 2.814677000046e+00 4.014426708221e+00 5.462682247162e+00 6.400936126709e+00 5.352060317993e+00 2.601465940475e+00 2.302809476852e+00 2.512998819351e+00 2.412416458130e+00 3.293289899826e+00 1.829722523689e+00 3.691473960876e+00 3.053457736969e+00 2.003653049469e+00 1.886263728142e+00 2.673361063004e+00 5.727866172791e+00 2.905570268631e+00 3.132263898849e+00
6.381044387817e-01 1.199739098549e+00 1.083824872971e+00 1.138507008553e+00 1.209463238716e+00 1.279021859169e+00 1.359555363655e+00 1.415144562721e+00 1.447036862373e+00 1.452347755432e+00 1.408644676208e+00 1.401336312294e+00 1.337490558624e+00 1.921328425407e+00 2.220972061157e+00 1.843593239784e+00 9.194439053535e-01 8.731289505959e-01 9.408198595047e-01 1.481225609779e+00 1.570127844810e+00 1.424870371819e+00 1.286517024040e+00 1.384125709534e+00 2.329995393753e+00 3.462268829346e+00 5.360682010651e+00 7.485525131226e+00 7.079932689667e+00 4.332414150238e+00 3.263455152512e+00 4.130610942841e+00 4.461199760437e+00 4.149473667145e+00 3.467039108276e+00 3.986860513687e+00 3.791827440262e+00 2.920728683472e+00 3.402800083160e+00 3.004344701767e+00 8.224514007568e+00 6.702721118927e+00 1.855237007141e+00
6.571967601776e-01 1.365757346153e+00 1.362752914429e+00 1.320358753204e+00 1.162526130676e+00 9.919548630714e-01 9.469949603081e-01 1.048306345940e+00 1.162806272507e+00 1.298154592514e+00 1.448931336403e+00 1.626019001007e+00 1.829340338707e+00 2.898512363434e+00 2.955148696899e+00 2.200545787811e+00 2.080464124680e+00 1.978088974953e+00 1.840540051460e+00 1.685184001923e+00 1.518522620201e+00 1.350176453590e+00 1.481474280357e+00 1.419448256493e+00 1.589781761169e+00 2.617240428925e+00 3.856068134308e+00 6.101267337799e+00 7.751377582550e+00 5.387792110443e+00 2.568586826324e+00 2.560905218124e+00 3.775575637817e+00 5.035873889923e+00 5.627978801727e+00 5.263919353485e+00 3.837023258209e+00 3.174276113510e+00 2.386375665665e+00 3.514248847961e+00 8.641508102417e+00 1.031284809113e+01 2.825781345367e+00
5.282859802246e-01 1.063969016075e+00 1.178209781647e+00 1.284263134003e+00 1.348261356354e+00 1.302011013031e+00 1.091506719589e+00 9.189248085022e-01 9.244530200958e-01 9.246197938919e-01 9.200252890587e-01 9.007902145386e-01 8.728511333466e-01 1.105815172195e+00 1.657272696495e+00 1.815983057022e+00 2.145654201508e+00 2.066042423248e+00 1.696874141693e+00 1.878590226173e+00 1.986391782761e+00 2.048541545868e+00 2.122294902802e+00 2.212769269943e+00 2.124171733856e+00 1.735515475273e+00 2.594754934311e+00 4.614287376404e+00 6.521462917328e+00 4.803932666779e+00 2.420578241348e+00 1.699165821075e+00 1.454918265343e+00 2.488094329834e+00 2.949774265289e+00 4.818288326263e+00 6.153265476227e+00 5.732964515686e+00 3.603143453598e+00 3.847234010696e+00 5.588136196136e+00 1.230250167847e+01 4.435991764069e+00
4.259091615677e-01 8.231007456779e-01 8.192496299744e-01 7.843756675720e-01 8.569230437279e-01 9.591811895370e-01 1.001840114594e+00 9.848798513412e-01 8.364269733429e-01 8.764716386795e-01 9.526839852333e-01 1.029917716980e+00 1.101245284081e+00 1.172700405121e+00 1.245542764664e+00 1.308678150177e+00 1.363834500313e+00 2.016461372375e+00 2.141882896423e+00 2.759432792664e+00 2.162545442581e+00 1.808468222618e+00 1.720783472061e+00 1.690105438232e+00 1.695331215858e+00 1.911069154739e+00 2.537029743195e+00 2.947997570038e+00 4.162612438202e+00 3.407972335815e+00 1.737459778786e+00 2.052767753601e+00 1.529794692993e+00 2.010257244110e+00 2.348004341125e+00 2.808876752853e+00 2.839041948318e+00 4.763281822205e+00 6.764446258545e+00 5.512744426727e+00 4.859143257141e+00 1.013597869873e+01 9.037705421448e+00
2.680895030499e-01 5.404137969017e-01 5.321564674377e-01 5.273168683052e-01 6.119890809059e-01 6.991086006165e-01 7.618691921234e-01 7.976157665253e-01 8.088032007217e-01 7.438364624977e-01 7.291215658188e-01 7.391965389252e-01 7.815611362457e-01 8.042129278183e-01 8.152346611023e-01 1.067239642143e+00 1.190406918526e+00 1.619691252708e+00 3.056438922882e+00 3.194042682648e+00 2.820607423782e+00 2.399179935455e+00 2.767102479935e+00 3.306357145309e+00 2.325292110443e+00 2.732308149338e+00 2.664700031281e+00 2.479798316956e+00 2.580251693726e+00 3.366708993912e+00 3.152542352676e+00 2.033351182938e+00 2.099936008453e+00 2.221814155579e+00 2.385980129242e+00 2.522717714310e+00 2.531494379044e+00 3.260237455368e+00 4.793376445770e+00 5.571180820465e+00 6.674968719482e+00 8.933751106262e+00 7.513915061951e+00
