100/SI/f144_max.grd
DSAA
101	101
32.816463539100	34.260883539100
35.556306596100	36.727886596100
1.101496090996e-04	1.786259269714e+01
[rows 19 to 37 of 101, columns 43 to 85 of 101]
1.773546934128e-01 2.182930111885e-01 2.837446033955e-01 2.889232933521e-01 1.873241811991e-01 2.875645458698e-01 1.467098295689e-01 1.522505879402e-01 1.659978628159e-01 1.683174669743e-01 1.535830497742e-01 2.252866774797e-01 2.711052894592e-01 2.679336965084e-01 1.779294013977e-01 2.173795253038e-01 2.866539061069e-01 2.686975300312e-01 1.477821767330e-01 2.384381741285e-01 1.101587414742e-01 1.544198542833e-01 2.074760794640e-01 1.024596169591e-01 1.014211475849e-01 1.199122294784e-01 9.895788133144e-02 1.244018748403e-01 1.154562011361e-01 9.141211211681e-02 9.860388189554e-02 1.366095095873e-01 1.542731523514e-01 1.194977536798e-01 1.057825163007e-01 8.658704906702e-02 5.948207527399e-02 6.503105908632e-02 7.188040018082e-02 5.987042933702e-02 5.638277158141e-02 4.900873452425e-02 5.330334976315e-02
1.601310521364e-01 2.139226049185e-01 3.033389151096e-01 3.495936393738e-01 2.526210248470e-01 2.542656064034e-01 1.508908271790e-01 1.612797379494e-01 1.437934190035e-01 1.800116598606e-01 1.883174479008e-01 2.106308639050e-01 2.900797128677e-01 2.849582433701e-01 2.192875742912e-01 2.363374084234e-01 2.798330187798e-01 3.035779297352e-01 1.743622869253e-01 2.304936200380e-01 1.258653402328e-01 2.339471578598e-01 2.915304303169e-01 1.359242647886e-01 1.183216273785e-01 1.227378621697e-01 1.214001327753e-01 1.286481618881e-01 1.002714335918e-01 9.726329892874e-02 1.379124820232e-01 1.802102327347e-01 1.609912961721e-01 1.271550357342e-01 1.051514595747e-01 8.669545501471e-02 6.178830564022e-02 7.603607326746e-02 5.885023251176e-02 5.071238428354e-02 5.408162996173e-02 4.671893268824e-02 4.869163781404e-02
1.727951020002e-01 2.451578080654e-01 2.801176011562e-01 3.660084009171e-01 3.114445507526e-01 2.176197469234e-01 1.493654400110e-01 1.708528846502e-01 1.368985474110e-01 1.683028936386e-01 1.775012612343e-01 2.010556012392e-01 2.754191756248e-01 3.114174604416e-01 2.644307315350e-01 2.526079416275e-01 2.679803967476e-01 3.317034840584e-01 1.987529098988e-01 2.135034501553e-01 1.414223462343e-01 2.898129224777e-01 3.192082941532e-01 1.528226882219e-01 1.155497729778e-01 1.433490961790e-01 1.370335072279e-01 1.112531051040e-01 9.523469954729e-02 1.371356397867e-01 1.923411041498e-01 1.865533292294e-01 1.260354965925e-01 1.450483649969e-01 1.042180359364e-01 7.981036603451e-02 7.359192520380e-02 7.818549126387e-02 6.558109819889e-02 5.132837593555e-02 5.011346191168e-02 3.691007941961e-02 3.623564168811e-02
1.651000231504e-01 2.309805452824e-01 2.374968379736e-01 3.493785262108e-01 3.447323143482e-01 2.276670783758e-01 2.007933109999e-01 1.809538900852e-01 1.348140239716e-01 1.472982466221e-01 1.693710088730e-01 2.037267982960e-01 2.282644361258e-01 3.266135156155e-01 2.944640219212e-01 2.460836768150e-01 2.477166205645e-01 3.556564748287e-01 2.188616842031e-01 1.912424862385e-01 1.568895131350e-01 2.877840399742e-01 2.781881690025e-01 1.322302669287e-01 1.272005140781e-01 1.492645293474e-01 1.243417859077e-01 1.019475907087e-01 1.442993432283e-01 2.034526914358e-01 2.000945210457e-01 1.390214860439e-01 1.062552705407e-01 1.506863087416e-01 7.491417229176e-02 7.315307855606e-02 9.085708856583e-02 6.998047977686e-02 7.521611452103e-02 4.790588468313e-02 5.341853573918e-02 4.465527832508e-02 4.031172767282e-02
1.342800557613e-01 1.606531441212e-01 2.470841854811e-01 3.093523383141e-01 3.473356664181e-01 2.307810187340e-01 2.496398687363e-01 2.094264775515e-01 1.469924002886e-01 1.250693798065e-01 1.764441877604e-01 1.987718790770e-01 2.346598654985e-01 3.506744801998e-01 2.980355024338e-01 2.306352704763e-01 2.228897362947e-01 3.702630698681e-01 2.334163486958e-01 2.323660403490e-01 1.822780221701e-01 2.365533113480e-01 2.074585855007e-01 1.235152557492e-01 1.552967727184e-01 1.443573087454e-01 1.067904829979e-01 1.538957804441e-01 2.204925119877e-01 2.143385410309e-01 1.455177068710e-01 8.624470233917e-02 1.129475086927e-01 1.413179039955e-01 7.592918723822e-02 7.846484333277e-02 9.574868530035e-02 7.323516905308e-02 8.251509070396e-02 4.997226595879e-02 5.073731765151e-02 4.204401373863e-02 4.277019202709e-02
1.723480820656e-01 1.729133874178e-01 2.789778113365e-01 2.614582479000e-01 3.300054967403e-01 2.576053738594e-01 2.391676902771e-01 2.648875415325e-01 2.301581054926e-01 1.758804023266e-01 1.924406737089e-01 1.876166015863e-01 2.557987570763e-01 3.749852776527e-01 2.673638164997e-01 2.211617529392e-01 1.898975521326e-01 3.785282075405e-01 2.964098751545e-01 2.566775083542e-01 2.155807763338e-01 2.292196005583e-01 1.387200802565e-01 1.497117280960e-01 1.594123095274e-01 1.095308661461e-01 1.670585423708e-01 2.377611994743e-01 2.263938933611e-01 1.517173945904e-01 8.126953989267e-02 6.356744468212e-02 1.511121988297e-01 1.180798634887e-01 7.237125188112e-02 1.017978414893e-01 8.847077935934e-02 7.379312813282e-02 8.764612674713e-02 6.184964999557e-02 4.342916607857e-02 4.137827083468e-02 3.671623766422e-02
2.708216905594e-01 1.674379557371e-01 1.677803695202e-01 2.888213694096e-01 3.039216697216e-01 2.718987166882e-01 2.092368304729e-01 2.423069179058e-01 2.754138112068e-01 2.704281806946e-01 2.304288595915e-01 2.857492566109e-01 2.779623866081e-01 3.896708190441e-01 2.311037331820e-01 2.008477449417e-01 2.663404047489e-01 3.811278939247e-01 3.355159461498e-01 2.461193948984e-01 2.323579192162e-01 2.472358644009e-01 1.558870673180e-01 1.631262749434e-01 1.341900676489e-01 1.747943460941e-01 2.588771581650e-01 2.426185011864e-01 1.578352153301e-01 1.028897315264e-01 1.446982026100e-01 8.861085027456e-02 1.763295382261e-01 1.032405272126e-01 8.455609530210e-02 1.089002490044e-01 1.064253672957e-01 7.489864528179e-02 9.046357125044e-02 6.825710088015e-02 4.127648472786e-02 3.920247033238e-02 4.542842507362e-02
3.622004687786e-01 1.721691787243e-01 1.689750403166e-01 2.660875022411e-01 2.736309170723e-01 2.781668603420e-01 2.274980396032e-01 2.306528538465e-01 2.289643585682e-01 2.963372468948e-01 3.231655359268e-01 2.890661358833e-01 3.001251518726e-01 3.947780430317e-01 2.004356831312e-01 3.115728497505e-01 3.737444579601e-01 3.815209865570e-01 3.260935246944e-01 1.950223743916e-01 2.207010686398e-01 2.265343368053e-01 1.564996838570e-01 1.347374469042e-01 1.761339455843e-01 2.752857208252e-01 2.656380832195e-01 1.663632839918e-01 1.471542567015e-01 2.015054225922e-01 1.829451173544e-01 1.661687493324e-01 1.717666834593e-01 1.155070662498e-01 1.089248657227e-01 9.025322645903e-02 1.160672158003e-01 7.923715561628e-02 9.077332168818e-02 6.782662868500e-02 4.388144984841e-02 4.973775148392e-02 6.408321857452e-02
3.954522311687e-01 1.768327802420e-01 2.043596357107e-01 1.761651486158e-01 3.012021481991e-01 2.808855175972e-01 2.398433834314e-01 2.449917197227e-01 2.334651499987e-01 2.944230735302e-01 3.114681839943e-01 2.713993191719e-01 3.200010657310e-01 3.803612291813e-01 3.390991687775e-01 4.128304719925e-01 3.991209864616e-01 3.705838918686e-01 2.216191440821e-01 1.963848173618e-01 2.274003177881e-01 2.290180772543e-01 1.652224361897e-01 1.685426831245e-01 2.869189381599e-01 2.930459678173e-01 1.837061494589e-01 1.490881592035e-01 2.191939651966e-01 1.819234341383e-01 1.481527537107e-01 1.614566892385e-01 1.331239789724e-01 1.272423267365e-01 1.079385951161e-01 7.564183324575e-02 1.137053444982e-01 8.562709391117e-02 8.898592740297e-02 6.139935553074e-02 5.278751999140e-02 7.108459621668e-02 8.032845705748e-02
3.471139669418e-01 2.584326267242e-01 2.366009354591e-01 1.662685722113e-01 2.180051505566e-01 2.856451869011e-01 3.010036647320e-01 2.603845894337e-01 3.059884607792e-01 4.498861134052e-01 2.536217272282e-01 2.380431294441e-01 3.331334292889e-01 3.500316739082e-01 4.399495422840e-01 4.261893332005e-01 3.684833049774e-01 3.581335842609e-01 2.450364530087e-01 2.638272941113e-01 2.360512912273e-01 2.278572618961e-01 1.538897752762e-01 2.910385727882e-01 3.228355348110e-01 2.087392061949e-01 1.702664345503e-01 2.323511391878e-01 2.056775242090e-01 1.348713785410e-01 1.964717954397e-01 1.694978475571e-01 1.024623885751e-01 1.161415204406e-01 9.707266092300e-02 1.042944416404e-01 1.035277098417e-01 9.418702125549e-02 8.634124696255e-02 7.943468540907e-02 8.814018219709e-02 9.892933815718e-02 8.342031389475e-02
2.342010438442e-01 3.893972635269e-01 2.590234875679e-01 2.044204622507e-01 2.457590997219e-01 2.774621248245e-01 2.660454213619e-01 2.787182033062e-01 4.011837840080e-01 5.566086173058e-01 3.735675215721e-01 2.593389153481e-01 3.355765640736e-01 4.187057316303e-01 4.486217796803e-01 6.249622702599e-01 3.312363624573e-01 3.315962255001e-01 2.733829617500e-01 2.667981386185e-01 2.438815087080e-01 2.256243824959e-01 2.880443930626e-01 3.425548970699e-01 2.352685630322e-01 1.916251629591e-01 2.293251156807e-01 2.304267585278e-01 1.971854567528e-01 1.969524621964e-01 2.085950523615e-01 1.161488816142e-01 1.098963096738e-01 9.922567009926e-02 8.707734942436e-02 8.146836608648e-02 1.407616436481e-01 1.111274957657e-01 1.023798435926e-01 1.175206601620e-01 1.171025633812e-01 8.593557029963e-02 5.801581591368e-02
2.631683945656e-01 4.315078556538e-01 2.678147852421e-01 2.259185910225e-01 2.897423207760e-01 2.656429708004e-01 2.765716612339e-01 3.503901958466e-01 4.623968005180e-01 5.589215159416e-01 4.460440874100e-01 4.423878490925e-01 3.915546834469e-01 4.592927396297e-01 5.463953018188e-01 7.909302711487e-01 3.441933393478e-01 3.723264634609e-01 3.691851496696e-01 3.018043339252e-01 2.389641255140e-01 2.872475683689e-01 3.601028621197e-01 2.589398324490e-01 2.145518064499e-01 2.264267504215e-01 2.195605933666e-01 2.433052957058e-01 2.366669625044e-01 2.370020151138e-01 1.783939599991e-01 9.603625535965e-02 1.314342767000e-01 8.251222223043e-02 8.606839925051e-02 8.798754960299e-02 1.939625293016e-01 1.289480030537e-01 1.353444755077e-01 1.090042442083e-01 6.622279435396e-02 3.919512778521e-02 3.890796005726e-02
5.209802389145e-01 3.411379158497e-01 3.738938868046e-01 2.398732304573e-01 3.528184294701e-01 2.735166847706e-01 2.975583672523e-01 4.048407971859e-01 4.864553511143e-01 4.731220304966e-01 4.588440358639e-01 4.636659026146e-01 4.341910779476e-01 3.523012101650e-01 3.744984567165e-01 5.038825869560e-01 2.802344262600e-01 3.679012656212e-01 4.021946489811e-01 3.355651795864e-01 2.986145317554e-01 3.767283558846e-01 2.820665240288e-01 2.399657517672e-01 2.219651639462e-01 2.037091553211e-01 2.197253257036e-01 2.596037983894e-01 2.603551447392e-01 2.331876307726e-01 1.455751210451e-01 9.204816073179e-02 1.399851441383e-01 1.115523204207e-01 1.345601826906e-01 1.431471109390e-01 2.186660021544e-01 1.280024796724e-01 1.012528687716e-01 7.063575834036e-02 6.328388303518e-02 4.786215350032e-02 4.568793252110e-02
8.452202081680e-01 3.695384860039e-01 4.185844957829e-01 3.051550984383e-01 3.909732699394e-01 3.342898190022e-01 3.280465900898e-01 4.647461473942e-01 4.995820522308e-01 3.930191993713e-01 5.521609187126e-01 6.786079406738e-01 3.752332925797e-01 4.405674636364e-01 2.701666653156e-01 3.132503330708e-01 2.998010516167e-01 3.576433062553e-01 3.456301391125e-01 3.134733140469e-01 3.998429775238e-01 3.044218420982e-01 2.499470710754e-01 2.246436923742e-01 2.417131215334e-01 2.240930944681e-01 2.252327203751e-01 2.811239957809e-01 2.829314470291e-01 2.571632862091e-01 1.769159585238e-01 1.552614122629e-01 1.541156917810e-01 1.405178308487e-01 1.360202282667e-01 2.091089338064e-01 1.798767447472e-01 8.758445084095e-02 9.459049254656e-02 9.664604812860e-02 8.955127745867e-02 6.916809082031e-02 4.933591559529e-02
9.248844981194e-01 9.663557410240e-01 3.966938257217e-01 4.008724391460e-01 4.304592013359e-01 4.045111238956e-01 5.539409518242e-01 5.206497907639e-01 4.925711452961e-01 3.662149608135e-01 5.606193542480e-01 7.559140324593e-01 4.518280923367e-01 4.238400161266e-01 3.453607261181e-01 3.518921136856e-01 3.733561933041e-01 3.529807627201e-01 3.415045142174e-01 4.279095232487e-01 3.333147466183e-01 2.851230204105e-01 2.443361133337e-01 1.914372295141e-01 2.346819192171e-01 2.642025947571e-01 2.428034394979e-01 3.019302487373e-01 3.149393498898e-01 2.812868654728e-01 2.092792391777e-01 1.544625908136e-01 1.373857557774e-01 1.166380271316e-01 1.893206983805e-01 2.167973220348e-01 9.665219485760e-02 9.957278519869e-02 1.037621647120e-01 1.051713377237e-01 9.935834258795e-02 8.301047980785e-02 5.758783966303e-02
4.441626667976e-01 1.301475882530e+00 9.511831998825e-01 3.963974118233e-01 4.535090625286e-01 5.037193298340e-01 5.365026593208e-01 5.465788841248e-01 4.373003542423e-01 3.819337487221e-01 6.390936970711e-01 7.398620843887e-01 5.806785821915e-01 3.926204741001e-01 3.612384200096e-01 4.042175412178e-01 6.249136328697e-01 3.925063312054e-01 4.743587672710e-01 3.656288981438e-01 2.628243863583e-01 2.561504542828e-01 2.163880765438e-01 2.622822225094e-01 2.670471668243e-01 3.070551753044e-01 3.384802043438e-01 2.583552002907e-01 3.069532811642e-01 3.064971268177e-01 2.380451709032e-01 1.261561959982e-01 1.290378123522e-01 2.001897990704e-01 2.170678377151e-01 1.269178241491e-01 8.841864019632e-02 8.922315388918e-02 8.878596872091e-02 9.009378403425e-02 8.974363654852e-02 8.308562636375e-02 6.640974432230e-02
8.160358667374e-01 6.147736907005e-01 1.517180442810e+00 7.066475749016e-01 4.584972262383e-01 6.191396117210e-01 4.657664597034e-01 5.201367139816e-01 6.831911206245e-01 5.329954028130e-01 7.386140823364e-01 5.876576900482e-01 6.185005903244e-01 5.176916718483e-01 4.263150095940e-01 3.986178636551e-01 9.089516401291e-01 5.496227145195e-01 4.425005018711e-01 5.382338762283e-01 3.201421797276e-01 2.609747350216e-01 2.787401080132e-01 2.935166358948e-01 2.828004062176e-01 3.014002442360e-01 4.266330599785e-01 2.586305439472e-01 3.185327649117e-01 3.326262235641e-01 2.696558535099e-01 1.738028675318e-01 2.205371260643e-01 2.040737569332e-01 1.167346388102e-01 9.770444035530e-02 9.229199588299e-02 8.642455935478e-02 8.034018427134e-02 7.479915022850e-02 7.730185240507e-02 7.987676560879e-02 7.255198061466e-02
1.103981375694e+00 1.439207792282e+00 8.701101541519e-01 1.491572141647e+00 5.526694655418e-01 7.494273185730e-01 6.432768702507e-01 6.863085031509e-01 9.591768980026e-01 7.961747050285e-01 9.189330935478e-01 5.263839364052e-01 5.610767602921e-01 5.842880010605e-01 5.231283307076e-01 4.130099415779e-01 1.067513942719e+00 6.060457825661e-01 6.307653188705e-01 4.371690452099e-01 2.368927747011e-01 2.622518241405e-01 3.333377242088e-01 3.024476468563e-01 2.751832008362e-01 2.645216882229e-01 4.158716201782e-01 2.834690809250e-01 3.572095334530e-01 3.523415923119e-01 2.794059216976e-01 2.226541489363e-01 1.669778674841e-01 8.735264092684e-02 8.647441864014e-02 9.122168272734e-02 9.008743613958e-02 9.630069136620e-02 9.456873685122e-02 8.974810689688e-02 9.752573817968e-02 1.133634671569e-01 1.183956116438e-01
2.172823667526e+00 1.440767288208e+00 1.520777225494e+00 1.263222455978e+00 1.149304151535e+00 8.422487378120e-01 9.252337217331e-01 8.157359361649e-01 8.441406488419e-01 9.332522153854e-01 1.080169916153e+00 6.283850669861e-01 5.527696013451e-01 5.932800769806e-01 6.491558551788e-01 6.140770912170e-01 8.237321376801e-01 6.102953553200e-01 6.087234020233e-01 4.860505163670e-01 3.957781195641e-01 4.701453745365e-01 4.734877049923e-01 3.918295502663e-01 2.861369848251e-01 2.437665909529e-01 3.262576758862e-01 3.481869399548e-01 3.690911829472e-01 3.082268834114e-01 2.162170559168e-01 1.381653696299e-01 1.209108009934e-01 1.281388103962e-01 1.515078544617e-01 1.660984307528e-01 1.737209707499e-01 1.729329228401e-01 1.641592234373e-01 1.502195894718e-01 1.366655826569e-01 1.377697736025e-01 1.219618245959e-01
