100/SI/f144_max.grd
DSAA
101	101
32.816463539100	34.260883539100
35.556306596100	36.727886596100
1.101496090996e-04	1.786259269714e+01
[rows 38 to 56 of 101, columns 43 to 85 of 101]
1.094299077988e+00 1.700009346008e+00 1.816843390465e+00 1.078885316849e+00 1.808181047440e+00 8.878443837166e-01 9.126926064491e-01 1.223298192024e+00 1.049883723259e+00 8.412307500839e-01 1.241338849068e+00 6.445143222809e-01 7.072223424911e-01 5.986983776093e-01 9.301695823669e-01 6.769848465919e-01 7.343628406525e-01 4.152920544147e-01 5.676848292351e-01 8.620181083679e-01 8.788169026375e-01 6.737678647041e-01 4.648277163506e-01 3.681206405163e-01 3.174917995930e-01 2.870786190033e-01 2.657136023045e-01 2.719867229462e-01 2.418142557144e-01 1.815244257450e-01 1.802431941032e-01 2.134412527084e-01 2.440027743578e-01 2.509661018848e-01 2.545658051968e-01 2.551524639130e-01 2.513386011124e-01 2.322164624929e-01 2.063074558973e-01 1.839803308249e-01 1.658794432878e-01 1.671673059464e-01 1.409121751785e-01
1.092441916466e+00 2.254991531372e+00 1.454933047295e+00 2.030382156372e+00 1.462804079056e+00 2.067990064621e+00 1.737724542618e+00 1.074307918549e+00 1.091473102570e+00 8.762752413750e-01 1.408458948135e+00 9.096266031265e-01 5.923992395401e-01 6.788074374199e-01 1.234688401222e+00 7.371366620064e-01 8.419268131256e-01 1.316086649895e+00 1.180261731148e+00 8.002000451088e-01 5.406733155251e-01 3.676672875881e-01 3.350951671600e-01 3.030588626862e-01 3.051351606846e-01 2.916083335876e-01 2.556093037128e-01 2.229589968920e-01 2.011836916208e-01 2.013546079397e-01 2.210989296436e-01 2.077140212059e-01 1.705016940832e-01 1.439936757088e-01 1.391716599464e-01 1.200728118420e-01 1.293258070946e-01 1.420598924160e-01 1.563289016485e-01 1.730843186378e-01 1.874602884054e-01 2.452731728554e-01 2.529775798321e-01
1.608522057533e+00 1.124701976776e+00 1.984532117844e+00 1.574183702469e+00 1.673276543617e+00 2.178881645203e+00 1.328069806099e+00 1.205585122108e+00 8.619607090950e-01 8.950438499451e-01 1.506371140480e+00 8.144106864929e-01 8.364288806915e-01 8.207950592041e-01 1.000447869301e+00 1.616429209709e+00 1.103179574013e+00 5.727635622025e-01 5.350174903870e-01 3.549104034901e-01 2.692511379719e-01 3.888670504093e-01 5.106015205383e-01 4.600202739239e-01 3.312762081623e-01 2.886857688427e-01 2.822307646275e-01 2.602348923683e-01 2.247971147299e-01 2.090231776237e-01 1.966565251350e-01 1.992598026991e-01 1.906669735909e-01 1.773049235344e-01 1.726992875338e-01 1.815530359745e-01 1.791478991508e-01 1.626582741737e-01 2.164960652590e-01 2.951427996159e-01 2.424907535315e-01 1.821383535862e-01 1.575445085764e-01
1.772854208946e+00 1.635054111481e+00 2.586684226990e+00 2.162748098373e+00 2.040519475937e+00 2.252490043640e+00 2.123306274414e+00 1.171922683716e+00 1.318528652191e+00 1.253221035004e+00 1.484114885330e+00 1.156712532043e+00 1.076385617256e+00 1.830643296242e+00 1.180391430855e+00 8.761976361275e-01 7.436732649803e-01 6.024303436279e-01 4.436022639275e-01 7.195036411285e-01 7.750399708748e-01 4.069808721542e-01 6.402146816254e-01 4.864604175091e-01 4.379359185696e-01 3.862953186035e-01 3.412268757820e-01 3.051851391792e-01 2.749418914318e-01 2.643981575966e-01 4.950046241283e-01 2.103707641363e-01 2.001624256372e-01 1.895254403353e-01 2.405318617821e-01 3.004293441772e-01 2.741266191006e-01 3.136056065559e-01 2.680417895317e-01 2.938458025455e-01 2.964415550232e-01 2.899020314217e-01 2.661541998386e-01
1.690495252609e+00 2.350917100906e+00 2.028160095215e+00 2.016862392426e+00 1.871065616608e+00 2.362377882004e+00 3.736566066742e+00 1.610986113548e+00 1.877520203590e+00 1.876954913139e+00 1.712497234344e+00 1.719524264336e+00 1.951846003532e+00 1.115086913109e+00 1.209593176842e+00 6.827974915504e-01 9.244622588158e-01 1.236370444298e+00 9.726068377495e-01 9.287416338921e-01 9.662351012230e-01 6.516368985176e-01 4.033114910126e-01 3.914404809475e-01 3.630163967609e-01 3.392327725887e-01 4.148173630238e-01 7.173733115196e-01 8.612065911293e-01 7.640113830566e-01 3.771293759346e-01 2.730718255043e-01 2.592739760876e-01 2.814833521843e-01 3.529211580753e-01 3.618485033512e-01 3.275617063046e-01 2.931955754757e-01 2.194108515978e-01 2.729345262051e-01 3.260382413864e-01 3.254255652428e-01 3.129797875881e-01
2.011981248856e+00 2.914308786392e+00 4.828665733337e+00 2.951664686203e+00 4.769188880920e+00 2.445139408112e+00 5.847491264343e+00 1.681470870972e+00 3.265436887741e+00 2.343038797379e+00 2.052569866180e+00 2.000292062759e+00 1.137482762337e+00 1.386460542679e+00 1.569177389145e+00 1.533378005028e+00 9.488807320595e-01 5.632243752480e-01 1.209486603737e+00 1.046009302139e+00 5.732183456421e-01 5.235287547112e-01 4.950916767120e-01 9.015200734138e-01 1.108704090118e+00 9.798749089241e-01 6.451106071472e-01 4.642500579357e-01 5.047343969345e-01 3.192228376865e-01 2.559047639370e-01 3.839549720287e-01 4.773752689362e-01 4.283242225647e-01 3.778217434883e-01 5.114237070084e-01 6.058633923531e-01 5.418039560318e-01 3.885209560394e-01 2.841429710388e-01 3.550519943237e-01 3.899495005608e-01 4.112985730171e-01
2.477848052979e+00 3.124632120132e+00 3.675830125809e+00 4.892962932587e+00 4.090489864349e+00 4.142389297485e+00 6.851172924042e+00 2.727490663528e+00 3.160459280014e+00 2.488669633865e+00 2.516168355942e+00 1.452348828316e+00 1.571953177452e+00 1.963797450066e+00 1.532628417015e+00 1.093886017799e+00 1.580455422401e+00 1.467600822449e+00 1.161206603050e+00 1.469506144524e+00 1.487834572792e+00 1.290373206139e+00 9.234052300453e-01 5.050383806229e-01 5.547417402267e-01 5.005779266357e-01 3.972579240799e-01 4.101285636425e-01 4.425497651100e-01 4.756509959698e-01 4.631752371788e-01 3.951883912086e-01 3.796721994877e-01 3.187133371830e-01 5.824994444847e-01 7.118415236473e-01 6.674656867981e-01 4.917333126068e-01 2.979676425457e-01 1.813973635435e-01 2.533966898918e-01 2.908868193626e-01 2.677335441113e-01
2.351020097733e+00 3.454969644547e+00 4.096789360046e+00 3.901650190353e+00 5.809339046478e+00 4.336603164673e+00 6.972163677216e+00 3.849921226501e+00 3.294465541840e+00 3.656130552292e+00 2.798054218292e+00 1.842922210693e+00 1.827759981155e+00 1.953626871109e+00 1.128672361374e+00 1.671014428139e+00 2.156178712845e+00 1.486431717873e+00 8.845539689064e-01 8.766345381737e-01 7.731103897095e-01 5.984390974045e-01 5.768457055092e-01 6.383942365646e-01 6.386476159096e-01 5.641155838966e-01 4.880555272102e-01 4.756719768047e-01 3.966948688030e-01 4.369868636131e-01 4.183350205421e-01 3.816346824169e-01 2.648158371449e-01 4.857760071754e-01 5.795112848282e-01 5.494657158852e-01 3.838464617729e-01 2.061095088720e-01 2.837378084660e-01 2.669117748737e-01 1.996819227934e-01 1.911896765232e-01 2.066755592823e-01
3.481934547424e+00 4.877061367035e+00 4.975099563599e+00 5.415157318115e+00 5.880506992340e+00 7.405338287354e+00 6.978018283844e+00 1.361146450043e+01 5.012448787689e+00 3.175096750259e+00 2.950753927231e+00 2.627628326416e+00 2.232611417770e+00 3.407692670822e+00 2.977091073990e+00 1.739018678665e+00 1.610661387444e+00 1.672833085060e+00 1.225058317184e+00 1.080978274345e+00 1.071129083633e+00 1.019005417824e+00 1.094232559204e+00 8.160275220871e-01 1.049300789833e+00 9.283621311188e-01 5.824522376060e-01 5.303738713264e-01 5.379728078842e-01 5.024197101593e-01 4.291059076786e-01 4.147639572620e-01 4.324165880680e-01 4.977220296860e-01 4.627921283245e-01 3.551899790764e-01 2.705263197422e-01 2.453806549311e-01 2.392100989819e-01 2.366561591625e-01 2.314040213823e-01 2.229689508677e-01 2.150894701481e-01
2.202603578568e+00 6.449132442474e+00 4.451055526733e+00 5.551529407501e+00 8.779581069946e+00 6.967822074890e+00 8.298241615295e+00 9.930394172668e+00 4.895668029785e+00 4.624296188354e+00 5.868810653687e+00 3.739348649979e+00 4.640645027161e+00 3.601401805878e+00 3.015752077103e+00 2.631363868713e+00 2.237535238266e+00 1.936779618263e+00 1.709734797478e+00 2.402978897095e+00 2.811195850372e+00 1.172660231590e+00 7.628630399704e-01 7.757249474525e-01 1.090172410011e+00 6.850266456604e-01 5.921673178673e-01 5.612966418266e-01 5.192672014236e-01 4.941737651825e-01 4.746572673321e-01 4.910975396633e-01 5.198103785515e-01 4.444821476936e-01 3.402478396893e-01 3.172847926617e-01 3.006104826927e-01 2.472951114178e-01 2.447083294392e-01 2.449957430363e-01 2.260899692774e-01 2.316697835922e-01 2.433598488569e-01
5.950196266174e+00 6.964057922363e+00 7.961440086365e+00 8.392827033997e+00 9.713690757751e+00 1.343749523163e+01 1.786259269714e+01 8.275241851807e+00 6.674396514893e+00 4.648638248444e+00 6.612079620361e+00 6.580668926239e+00 2.497684001923e+00 3.983513116837e+00 4.368765354156e+00 2.164518356323e+00 2.004245519638e+00 2.125486850739e+00 2.346213102341e+00 2.766248703003e+00 2.135079145432e+00 9.060468077660e-01 1.031086325645e+00 8.431124687195e-01 7.876754999161e-01 6.750282645226e-01 6.564620137215e-01 6.515676975250e-01 5.414726138115e-01 3.759377896786e-01 3.361993432045e-01 3.685119450092e-01 3.912915885448e-01 4.021342098713e-01 3.945391774178e-01 3.779205679893e-01 3.370040953159e-01 3.452706634998e-01 3.850592076778e-01 3.944773674011e-01 3.533328771591e-01 3.067497611046e-01 2.677786946297e-01
3.963861942291e+00 7.066355228424e+00 7.287510395050e+00 9.234759330750e+00 9.163251876831e+00 9.070633888245e+00 8.886906623840e+00 7.378389358521e+00 5.167425632477e+00 5.856657028198e+00 5.635745525360e+00 5.939445972443e+00 7.190392971039e+00 3.157764196396e+00 2.669073581696e+00 1.657961249352e+00 1.512406945229e+00 1.069637179375e+00 9.839358925819e-01 8.391923904419e-01 7.206602096558e-01 8.165606856346e-01 1.006712675095e+00 1.158678054810e+00 1.186320424080e+00 1.041682839394e+00 8.340355157852e-01 5.776726007462e-01 4.018296003342e-01 3.313625752926e-01 2.684599459171e-01 3.030800223351e-01 3.943208456039e-01 2.653857171535e-01 2.988496422768e-01 3.266157507896e-01 2.610629498959e-01 3.188928067684e-01 3.770079016685e-01 3.995807766914e-01 4.536407887936e-01 5.701038241386e-01 6.475017070770e-01
1.561447978020e+00 2.137158155441e+00 3.355880975723e+00 1.589223194122e+01 8.763284683228e+00 8.350288391113e+00 4.644892215729e+00 4.782148838043e+00 4.425056457520e+00 7.045177936554e+00 6.560666561127e+00 9.286379814148e+00 1.347460365295e+01 9.906111717224e+00 6.459876537323e+00 2.976459026337e+00 1.401232957840e+00 9.991630315781e-01 9.069379568100e-01 1.219099760056e+00 1.586768746376e+00 1.469538927078e+00 1.084818005562e+00 6.973308920860e-01 7.671724557877e-01 7.261717915535e-01 1.040131807327e+00 1.551164507866e+00 7.194830775261e-01 3.774712979794e-01 3.493361473083e-01 5.743740200996e-01 3.779346048832e-01 2.359593957663e-01 2.064884155989e-01 2.146908789873e-01 2.154802531004e-01 2.218445390463e-01 2.258989214897e-01 2.258218377829e-01 2.262499034405e-01 2.503946423531e-01 2.185855805874e-01
2.831459641457e-01 7.067821025848e-01 1.702527046204e+00 2.267051935196e+00 2.310515165329e+00 2.258997678757e+00 1.760733246803e+00 2.400166749954e+00 2.401739358902e+00 3.824178695679e+00 7.736919879913e+00 8.738846778870e+00 1.200262546539e+01 7.007464408875e+00 4.997878074646e+00 2.830694198608e+00 1.292824864388e+00 6.779053211212e-01 7.162975072861e-01 1.579968094826e+00 5.033149242401e+00 2.100798606873e+00 1.796930909157e+00 1.339732050896e+00 1.365813016891e+00 1.173130273819e+00 1.267728924751e+00 8.885284066200e-01 4.387850165367e-01 5.791903138161e-01 4.880381822586e-01 4.934850633144e-01 2.994715273380e-01 2.716165184975e-01 1.894512176514e-01 1.737056374550e-01 1.801355481148e-01 1.799509525299e-01 1.943651288748e-01 1.797984987497e-01 2.340672016144e-01 2.749921381474e-01 2.659774422646e-01
1.978359818459e-01 3.680819869041e-01 1.071487545967e+00 6.234039664268e-01 5.504848361015e-01 4.487666487694e-01 6.809757947922e-01 1.124801874161e+00 1.174251794815e+00 1.248833417892e+00 3.536901950836e+00 1.743997383118e+01 1.382390213013e+01 6.241107940674e+00 2.863314151764e+00 8.253617882729e-01 4.953565895557e-01 3.261864781380e-01 4.053327441216e-01 1.035812377930e+00 2.375803232193e+00 4.141347885132e+00 2.075250625610e+00 1.579759597778e+00 1.246839523315e+00 9.361637234688e-01 9.936270713806e-01 9.269594550133e-01 8.136683702469e-01 7.339330315590e-01 8.949769139290e-01 3.828779459000e-01 3.553597033024e-01 2.867777347565e-01 2.931117415428e-01 2.732231020927e-01 2.287285476923e-01 1.956610083580e-01 2.237886935472e-01 2.583639323711e-01 3.027187585831e-01 2.980681955814e-01 2.542041242123e-01
1.330438256264e-01 5.471584796906e-01 1.285957574844e+00 9.513958096504e-01 2.341144382954e-01 2.743637263775e-01 2.622184157372e-01 5.317110419273e-01 5.804980397224e-01 9.473448991776e-01 1.821459054947e+00 4.763358116150e+00 1.022620010376e+01 6.998379707336e+00 9.470238685608e+00 2.286953926086e+00 2.807219624519e-01 1.771493405104e-01 2.790509164333e-01 9.233196377754e-01 2.832438945770e+00 4.428005695343e+00 3.379886627197e+00 2.302054643631e+00 1.600489139557e+00 1.007747054100e+00 1.142529010773e+00 8.467912673950e-01 8.182394504547e-01 8.144049644470e-01 6.765770912170e-01 5.395961999893e-01 3.800301551819e-01 4.053623974323e-01 3.633731603622e-01 2.897965013981e-01 2.575261294842e-01 2.388959676027e-01 2.214759737253e-01 2.586844265461e-01 2.838692665100e-01 2.761210799217e-01 2.446721196175e-01
1.136456206441e-01 2.795598506927e-01 1.899274468422e+00 2.281533479691e+00 1.190299034119e+00 1.851420551538e-01 1.408456414938e-01 2.650897800922e-01 2.649967074394e-01 2.146369963884e-01 1.819405704737e-01 7.659925818443e-01 3.455179691315e+00 2.000823020935e+00 1.155994033813e+01 1.393907666206e+00 7.875761985779e-01 2.974868714809e-01 2.476453036070e-01 8.020210266113e-01 1.574479222298e+00 1.394641876221e+01 4.315131187439e+00 1.880670785904e+00 1.906306266785e+00 1.005722403526e+00 1.078904509544e+00 9.021701216698e-01 1.317682743073e+00 1.012511253357e+00 5.809724926949e-01 5.763267278671e-01 5.376114845276e-01 5.120947360992e-01 5.029453039169e-01 4.010273218155e-01 3.953827917576e-01 4.376640319824e-01 2.828360497952e-01 2.167836725712e-01 2.139716595411e-01 2.114613801241e-01 2.456271052361e-01
7.261662930250e-02 1.252145022154e-01 1.566239893436e-01 8.864185810089e-01 5.455086827278e-01 1.319754570723e-01 1.124540194869e-01 1.320229321718e-01 1.238126009703e-01 1.189365014434e-01 8.610967546701e-02 9.629393368959e-02 2.952978014946e-01 1.835912942886e+00 5.236007690430e+00 1.280016183853e+00 1.069263458252e+00 5.033257603645e-01 2.932046651840e-01 5.752568840981e-01 6.690337061882e-01 9.184105396271e-01 8.364229202271e-01 6.327767968178e-01 9.357264041901e-01 1.556851148605e+00 1.357050776482e+00 1.353525519371e+00 8.761867284775e-01 1.149335622787e+00 1.199160575867e+00 1.045489072800e+00 6.390907168388e-01 5.280033946037e-01 5.060869455338e-01 4.418570399284e-01 3.776443898678e-01 3.833118677139e-01 3.716567456722e-01 2.460220158100e-01 2.025208622217e-01 2.087457776070e-01 2.265033721924e-01
7.986875623465e-02 1.275001168251e-01 8.387888222933e-02 9.423801302910e-02 9.573572129011e-02 1.127955093980e-01 1.041566804051e-01 9.792350232601e-02 9.044937789440e-02 6.863617151976e-02 4.800962284207e-02 4.074585437775e-02 6.796981394291e-02 1.907467603683e+00 2.963179111481e+00 3.062423706055e+00 8.725080490112e-01 9.293197393417e-01 8.181546330452e-01 3.375024497509e-01 3.658851683140e-01 6.872963309288e-01 1.877589941025e+00 1.769549727440e+00 2.308128356934e+00 2.323924303055e+00 2.179398059845e+00 2.060292482376e+00 1.954666852951e+00 1.866383194923e+00 1.987874746323e+00 2.436079740524e+00 2.082614421844e+00 8.531398773193e-01 3.481759727001e-01 4.078126549721e-01 4.466076791286e-01 3.084960579872e-01 3.050662279129e-01 2.157362401485e-01 2.124021798372e-01 1.578662097454e-01 1.776095479727e-01
