100/SI/f144_max.grd
DSAA
101	101
32.816463539100	34.260883539100
35.556306596100	36.727886596100
1.101496090996e-04	1.786259269714e+01
[rows 38 to 56 of 101, columns 0 to 42 of 101]
4.294987767935e-02 9.062352031469e-02 9.800606220961e-02 1.020872667432e-01 1.208824664354e-01 1.481751203537e-01 1.711179763079e-01 1.949855089188e-01 2.142955809832e-01 1.957076042891e-01 1.605936735868e-01 1.310428977013e-01 1.293417811394e-01 1.274058073759e-01 1.356655210257e-01 1.527857780457e-01 1.730773746967e-01 3.198568522930e-01 5.184621214867e-01 5.566025376320e-01 4.488107562065e-01 3.797309994698e-01 2.524579465389e-01 2.959220111370e-01 5.872901678085e-01 7.627646923065e-01 7.341632246971e-01 5.246407985687e-01 3.772155344486e-01 4.185537993908e-01 4.424285888672e-01 5.417617559433e-01 7.429999709129e-01 7.311447262764e-01 6.857430338860e-01 4.098287820816e-01 5.602957606316e-01 6.299700737000e-01 6.244391202927e-01 9.579002261162e-01 1.047043800354e+00 1.553709268570e+00 1.253637790680e+00
6.307857483625e-02 1.123098358512e-01 9.419157356024e-02 9.244798123837e-02 1.313706785440e-01 1.598202586174e-01 2.100933045149e-01 2.643892765045e-01 2.948689758778e-01 2.760924696922e-01 2.005590945482e-01 1.570263952017e-01 1.352502405643e-01 1.380572915077e-01 1.481169015169e-01 1.600589156151e-01 1.705349683762e-01 1.797036081553e-01 2.821545004845e-01 3.950155675411e-01 4.035695791245e-01 3.958129584789e-01 4.089530706406e-01 3.387328982353e-01 3.143597841263e-01 3.492231369019e-01 4.702951908112e-01 8.863114118576e-01 1.187562108040e+00 1.204756617546e+00 9.448911547661e-01 4.651928246021e-01 5.252255797386e-01 4.458895325661e-01 8.908307552338e-01 7.984848618507e-01 5.204166769981e-01 6.279332637787e-01 7.713281512260e-01 8.774483203888e-01 1.172668099403e+00 1.409615039825e+00 1.662165045738e+00
7.296987622976e-02 1.453416049480e-01 1.377047449350e-01 1.195841953158e-01 1.579519659281e-01 1.943660527468e-01 2.359305471182e-01 3.105212450027e-01 3.365976214409e-01 3.354995250702e-01 2.294481694698e-01 1.538822948933e-01 1.549711227417e-01 1.341129392385e-01 1.117519214749e-01 1.260641813278e-01 1.464036405087e-01 1.593857705593e-01 1.679913848639e-01 2.229655236006e-01 3.289825916290e-01 4.621036052704e-01 5.552304983139e-01 5.594751238823e-01 5.467776060104e-01 3.635883033276e-01 2.882309556007e-01 3.043705821037e-01 2.947924137115e-01 3.720120787621e-01 7.865968346596e-01 1.253853440285e+00 1.486111521721e+00 1.240420222282e+00 6.281915903091e-01 6.241508126259e-01 1.092567682266e+00 9.086570739746e-01 9.429720044136e-01 9.407751560211e-01 8.737477660179e-01 1.171797156334e+00 1.769359827042e+00
1.051075085998e-01 1.772700846195e-01 2.060018926859e-01 2.116225510836e-01 1.906798779964e-01 2.277996242046e-01 2.273537665606e-01 2.188789695501e-01 2.187917679548e-01 2.677077054977e-01 2.890125513077e-01 2.507674694061e-01 1.859371513128e-01 1.653205752373e-01 1.677063256502e-01 2.076377570629e-01 2.410027086735e-01 2.696601748466e-01 2.636444866657e-01 1.916709691286e-01 2.133922874928e-01 2.816008925438e-01 3.208062946796e-01 4.303834438324e-01 5.344021916389e-01 6.348729729652e-01 7.081822156906e-01 6.871567368507e-01 7.053183913231e-01 7.694731354713e-01 8.507272601128e-01 8.335313200951e-01 1.288939952850e+00 1.455947995186e+00 1.039612770081e+00 1.313837170601e+00 1.457524776459e+00 1.237802743912e+00 1.395534396172e+00 1.130087137222e+00 7.930858135223e-01 1.386056900024e+00 1.156667709351e+00
1.079108119011e-01 1.896526366472e-01 2.084801495075e-01 1.927375048399e-01 2.104841619730e-01 2.654539942741e-01 2.636221051216e-01 2.287185490131e-01 2.752900719643e-01 2.291382849216e-01 2.176139354706e-01 3.037669658661e-01 3.153975903988e-01 2.377005666494e-01 2.200680971146e-01 2.027909159660e-01 2.070829868317e-01 2.775316536427e-01 3.744134008884e-01 3.806520998478e-01 2.451354861259e-01 2.776251733303e-01 3.546442091465e-01 2.951883971691e-01 3.408927023411e-01 4.112822711468e-01 5.433327555656e-01 8.207841515541e-01 1.105160117149e+00 1.011705517769e+00 9.564179778099e-01 7.115648388863e-01 7.077935934067e-01 1.329348921776e+00 1.278469681740e+00 1.612101793289e+00 1.065945863724e+00 1.509611129761e+00 1.323681712151e+00 1.909850239754e+00 1.973661065102e+00 1.550274729729e+00 1.748449087143e+00
2.087149024010e-01 4.046553373337e-01 3.023058772087e-01 2.520553767681e-01 2.466139346361e-01 2.219015955925e-01 2.268588989973e-01 2.759343385696e-01 2.732337117195e-01 2.216238528490e-01 2.775342762470e-01 1.891482621431e-01 2.422531843185e-01 3.396571874619e-01 2.949897944927e-01 2.552243471146e-01 3.196314275265e-01 6.940189599991e-01 8.180058002472e-01 4.454904496670e-01 4.771644473076e-01 2.818228006363e-01 3.309314846992e-01 4.689714610577e-01 3.125805258751e-01 2.860958874226e-01 2.994601130486e-01 3.285576999187e-01 4.195386171341e-01 4.769927561283e-01 5.096216797829e-01 5.550179481506e-01 7.557876110077e-01 1.191726565361e+00 8.172498345375e-01 7.569550871849e-01 1.111927390099e+00 1.266057610512e+00 8.407669663429e-01 1.743477463722e+00 1.792738318443e+00 1.953494787216e+00 2.397671699524e+00
3.316190242767e-01 6.081515550613e-01 4.930160343647e-01 3.829435706139e-01 3.530179262161e-01 2.894820272923e-01 3.990720808506e-01 3.502238094807e-01 3.484703302383e-01 2.727042436600e-01 2.136261165142e-01 2.617810070515e-01 2.347494810820e-01 1.531745493412e-01 2.874209880829e-01 3.371140062809e-01 2.454704195261e-01 2.106615900993e-01 3.850779235363e-01 2.547820806503e-01 4.434705674648e-01 5.266139507294e-01 5.230997204781e-01 4.577848613262e-01 6.286994218826e-01 3.861930966377e-01 3.585228919983e-01 4.642297625542e-01 5.437991619110e-01 4.151603579521e-01 5.290403366089e-01 6.518302559853e-01 7.724862694740e-01 9.067997932434e-01 1.153054356575e+00 8.739783763885e-01 9.737774133682e-01 1.088809967041e+00 1.031677126884e+00 1.481768965721e+00 1.374417543411e+00 1.988442659378e+00 2.027377843857e+00
1.303319185972e-01 2.714960575104e-01 3.260883390903e-01 3.843531012535e-01 3.929548859596e-01 4.365426003933e-01 4.613294601440e-01 3.979429304600e-01 3.568432331085e-01 3.417935371399e-01 3.189077079296e-01 2.951729297638e-01 2.795276641846e-01 2.619664967060e-01 2.835038006306e-01 2.418925315142e-01 1.717697829008e-01 2.036223560572e-01 2.143770307302e-01 2.925238609314e-01 2.739935517311e-01 4.523153305054e-01 4.897949993610e-01 5.255383253098e-01 6.136271953583e-01 6.926760077477e-01 7.548059225082e-01 7.859069705009e-01 8.028854131699e-01 8.648613691330e-01 8.783578872681e-01 9.238438010216e-01 9.810863733292e-01 8.146343231201e-01 6.996096372604e-01 9.849754571915e-01 1.181810617447e+00 1.819722652435e+00 2.177323341370e+00 2.010806798935e+00 1.912949323654e+00 1.986542463303e+00 1.648686528206e+00
1.263908743858e-01 2.652814388275e-01 3.016982376575e-01 3.347372114658e-01 3.812332749367e-01 3.900141716003e-01 3.586298525333e-01 2.904198467731e-01 2.739708423615e-01 3.259404003620e-01 3.824103474617e-01 3.628947138786e-01 2.746987938881e-01 1.792365014553e-01 1.922927200794e-01 1.109607741237e-01 6.467301398516e-02 7.140834629536e-02 9.526935219765e-02 1.148497611284e-01 3.416982293129e-01 6.010425090790e-01 5.127427577972e-01 6.487191319466e-01 6.228934526443e-01 7.675658464432e-01 7.919510602951e-01 7.494456768036e-01 6.985749602318e-01 7.954023480415e-01 8.482135534286e-01 1.095671415329e+00 1.400932073593e+00 1.526429891586e+00 1.303947567940e+00 1.106019496918e+00 1.224992990494e+00 8.742078542709e-01 1.332185387611e+00 1.357624530792e+00 2.121218919754e+00 2.000737428665e+00 2.153192520142e+00
3.414536267519e-02 6.862245500088e-02 7.243361324072e-02 7.810037583113e-02 1.080719754100e-01 1.511226743460e-01 1.987508982420e-01 2.135395705700e-01 2.065190374851e-01 1.905313730240e-01 1.962523162365e-01 2.493756562471e-01 2.490216940641e-01 2.026581615210e-01 1.309660524130e-01 1.017646417022e-01 5.239811539650e-02 4.457835853100e-02 4.958450421691e-02 1.059098243713e-01 2.364108115435e-01 5.019870996475e-01 1.251611351967e+00 1.176981210709e+00 1.057148098946e+00 9.925949573517e-01 9.564210772514e-01 9.296718239784e-01 9.917805194855e-01 1.145105600357e+00 1.273303151131e+00 1.441313505173e+00 2.488499403000e+00 1.383404135704e+00 3.124006271362e+00 2.129417419434e+00 1.698290944099e+00 1.825017094612e+00 2.259203195572e+00 2.623769521713e+00 2.775254487991e+00 2.608348369598e+00 2.628397464752e+00
3.097507730126e-02 5.983437970281e-02 6.515186280012e-02 6.526472419500e-02 1.100325360894e-01 1.630783677101e-01 1.699997782707e-01 1.386917829514e-01 1.023643761873e-01 8.322159945965e-02 1.055251881480e-01 1.309632956982e-01 1.253475695848e-01 1.006975993514e-01 7.411237061024e-02 5.249207839370e-02 3.795541077852e-02 2.776391245425e-02 2.897158451378e-02 9.431786090136e-02 3.018248975277e-01 5.202680230141e-01 5.119642615318e-01 1.086336016655e+00 2.617662191391e+00 1.324298739433e+00 8.249573111534e-01 7.472124099731e-01 7.771236896515e-01 8.474436998367e-01 1.456924915314e+00 2.100855588913e+00 1.112275958061e+00 1.656396865845e+00 2.992286920547e+00 5.471430778503e+00 2.235127210617e+00 1.764933943748e+00 1.568325400352e+00 1.725070476532e+00 1.476536631584e+00 2.754518747330e+00 3.207317829132e+00
1.607469096780e-02 3.338902071118e-02 4.002550989389e-02 4.442417994142e-02 5.859904363751e-02 9.423843771219e-02 1.079961583018e-01 9.360054880381e-02 7.242735475302e-02 5.410887673497e-02 4.465754702687e-02 4.264095798135e-02 3.400989994407e-02 2.989911660552e-02 3.566631674767e-02 2.716014161706e-02 2.525894902647e-02 2.124281600118e-02 2.465040981770e-02 3.769951686263e-02 6.419242173433e-02 1.737141609192e-01 1.819244176149e-01 2.467083036900e-01 9.520266056061e-01 1.005960941315e+00 3.749210536480e-01 2.054706215858e-01 2.145921289921e-01 6.922464370728e-01 9.165158867836e-01 9.924452900887e-01 1.035073757172e+00 8.498637676239e-01 1.250111579895e+00 3.606949329376e+00 1.925053000450e+00 1.174354314804e+00 8.196505904198e-01 7.408455610275e-01 6.966149210930e-01 1.825267195702e+00 2.533517837524e+00
7.127370685339e-03 1.422784663737e-02 1.479733269662e-02 1.638352684677e-02 2.060535736382e-02 2.609883621335e-02 3.106020949781e-02 3.380358219147e-02 3.270666301250e-02 2.771225012839e-02 2.370928600430e-02 2.725731767714e-02 2.813811972737e-02 2.601690962911e-02 2.645048126578e-02 3.022566623986e-02 2.294455841184e-02 1.837063021958e-02 2.056114934385e-02 3.064543753862e-02 3.500389680266e-02 6.390311568975e-02 1.111484095454e-01 2.426727563143e-01 5.894310474396e-01 3.657238185406e-01 2.267479598522e-01 1.801697760820e-01 1.732747107744e-01 5.585664510727e-02 4.893947392702e-02 5.306787788868e-02 8.286941051483e-02 1.803476363420e-01 4.183409512043e-01 7.117456436157e+00 1.356492233276e+01 1.804297566414e+00 1.229346632957e+00 6.331759691238e-01 4.462382495403e-01 4.828578233719e-01 9.352616667747e-01
5.746880546212e-03 1.044865511358e-02 1.161519996822e-02 1.161677483469e-02 1.166953984648e-02 1.503312774003e-02 1.974401250482e-02 2.430406585336e-02 2.701963111758e-02 2.646365948021e-02 2.222998999059e-02 2.050392143428e-02 2.227005735040e-02 2.153989858925e-02 1.916012540460e-02 2.348449081182e-02 2.726523950696e-02 2.167464047670e-02 1.670233346522e-02 4.868713393807e-02 6.180043518543e-02 4.704607650638e-02 6.246834993362e-02 1.094550192356e-01 2.077511698008e-01 2.063336133957e+00 4.482651054859e-01 3.981608152390e-01 1.682356297970e-01 3.312630206347e-02 2.898106351495e-02 3.034955263138e-02 3.528166189790e-02 4.345074668527e-02 5.820528045297e-02 3.130408525467e-01 2.183930635452e+00 5.617637157440e+00 1.434245944023e+00 8.033438324928e-01 2.314177304506e-01 1.488234698772e-01 1.640459597111e-01
5.385738331825e-03 1.282408088446e-02 1.734058000147e-02 2.001188695431e-02 2.083844318986e-02 1.922407001257e-02 1.708564348519e-02 1.554654818028e-02 1.937993057072e-02 2.222649380565e-02 2.216087467968e-02 1.917446590960e-02 1.662870682776e-02 2.068323083222e-02 2.160040289164e-02 1.930529251695e-02 2.250281535089e-02 2.903432957828e-02 2.290381863713e-02 4.837912321091e-02 5.134902521968e-02 4.377907142043e-02 4.876720532775e-02 5.285664275289e-02 1.204330921173e-01 4.172347486019e-01 4.340369403362e-01 1.112207919359e-01 5.170894786716e-02 3.208948671818e-02 2.404912374914e-02 2.053273282945e-02 2.025357633829e-02 2.537099272013e-02 3.293756768107e-02 1.118531823158e-01 5.726475715637e-01 2.019122123718e+00 2.444197654724e+00 3.768720328808e-01 1.617252379656e-01 1.047413200140e-01 9.920249134302e-02
8.157091215253e-03 1.920367218554e-02 2.454345487058e-02 2.759582363069e-02 2.834664285183e-02 2.708174288273e-02 2.541586197913e-02 2.285591885448e-02 1.971227675676e-02 1.610109955072e-02 1.780077256262e-02 1.869975402951e-02 1.791095361114e-02 2.098519727588e-02 2.407507784665e-02 2.274748496711e-02 1.920066401362e-02 3.049466572702e-02 3.255825117230e-02 8.533105254173e-02 5.471162870526e-02 3.938104584813e-02 2.662201598287e-02 2.749312110245e-02 5.175124853849e-02 3.725254237652e-01 5.300124287605e-01 1.007459312677e-01 6.607386469841e-02 3.359947726130e-02 2.078967541456e-02 1.435316912830e-02 1.276452094316e-02 1.349042728543e-02 2.066312730312e-02 3.421107679605e-02 2.316464185715e-01 7.158970832825e-01 1.898339509964e+00 9.187083244324e-01 4.374732077122e-01 8.747559785843e-02 7.388423383236e-02
5.567590706050e-03 1.216741371900e-02 1.517618261278e-02 1.665304042399e-02 1.614722795784e-02 1.615089736879e-02 1.807008869946e-02 2.020424231887e-02 2.221097424626e-02 2.224254235625e-02 1.915113627911e-02 1.441479381174e-02 1.698123663664e-02 1.860993541777e-02 1.867456920445e-02 1.875771582127e-02 1.962634548545e-02 3.215031698346e-02 4.424133151770e-02 7.372641563416e-02 5.668732896447e-02 4.454947635531e-02 2.190870977938e-02 2.187604270875e-02 4.403335973620e-02 1.353628635406e-01 1.174239069223e-01 7.814876735210e-02 6.184955686331e-02 3.439402952790e-02 1.909840665758e-02 1.567277498543e-02 1.382527500391e-02 1.351040787995e-02 1.727909781039e-02 2.923840470612e-02 6.122195348144e-02 3.079315721989e-01 3.622607290745e-01 2.205023020506e-01 1.321544051170e-01 6.689188629389e-02 6.040500476956e-02
5.232213530689e-03 9.485641494393e-03 1.408446300775e-02 1.798579469323e-02 2.145723439753e-02 2.535602264106e-02 2.963714301586e-02 3.426694124937e-02 3.854627907276e-02 3.976771235466e-02 3.554670512676e-02 2.639832347631e-02 1.698553562164e-02 1.766396313906e-02 2.171125262976e-02 2.358001656830e-02 2.944680489600e-02 3.409994766116e-02 4.004950448871e-02 6.998577713966e-02 4.991309344769e-02 3.306365758181e-02 1.750719919801e-02 1.702326908708e-02 3.189427778125e-02 3.701571375132e-02 3.713912665844e-01 5.351559445262e-02 5.055772140622e-02 3.041318431497e-02 1.765254326165e-02 1.412466634065e-02 1.347758714110e-02 1.423069275916e-02 1.832252368331e-02 2.491800300777e-02 4.140296578407e-02 5.101220309734e-02 1.072997972369e-01 1.425217688084e-01 8.906546235085e-02 5.346673727036e-02 6.889051944017e-02
5.229728296399e-03 9.460383094847e-03 1.291244104505e-02 1.596236974001e-02 1.903884857893e-02 2.279505506158e-02 2.676363848150e-02 3.076868318021e-02 3.451338037848e-02 3.653581067920e-02 3.462196514010e-02 3.765472024679e-02 3.925547748804e-02 3.929331526160e-02 3.748824074864e-02 3.399812057614e-02 4.044178128242e-02 2.940939739347e-02 3.974752873182e-02 1.266103684902e-01 4.639052599669e-02 2.325918897986e-02 1.641792804003e-02 1.374790351838e-02 1.898990944028e-02 4.200617969036e-02 1.517513841391e-01 4.154668748379e-02 5.363697931170e-02 2.271359227598e-02 1.668401435018e-02 1.276650559157e-02 1.292674709111e-02 1.468890253454e-02 1.939946785569e-02 2.306093275547e-02 2.566742897034e-02 4.132390767336e-02 9.056556224823e-02 1.059097051620e-01 6.577435135841e-02 4.878472536802e-02 6.392133980989e-02
