100/SI/f144_max.grd
DSAA
101	101
32.816463539100	34.260883539100
35.556306596100	36.727886596100
1.101496090996e-04	1.786259269714e+01
[rows 57 to 75 of 101, columns 43 to 85 of 101]
7.556959986687e-02 8.996891230345e-02 4.561724513769e-02 5.056674405932e-02 5.004719644785e-02 8.062472939491e-02 9.110140800476e-02 1.228589564562e-01 1.072496622801e-01 5.845123529434e-02 4.048258811235e-02 3.404345363379e-02 2.516801655293e-02 4.462392628193e-02 1.849460303783e-01 6.211764812469e-01 1.383446335793e+00 1.299098849297e+00 1.858081817627e+00 6.355015635490e-01 1.834309548140e-01 1.400782465935e-01 2.545245289803e-01 4.648379087448e-01 7.956278324127e-01 7.212553620338e-01 7.844763398170e-01 6.387706398964e-01 8.340296149254e-01 7.678703665733e-01 8.112531900406e-01 6.046364903450e-01 6.295774579048e-01 8.833181262016e-01 5.484789609909e-01 3.443873524666e-01 4.022255241871e-01 5.645963549614e-01 7.079316377640e-01 5.119860768318e-01 2.132637500763e-01 1.868777871132e-01 1.807442605495e-01
6.037705391645e-02 9.995993971825e-02 3.686194494367e-02 3.924065083265e-02 3.888022154570e-02 5.848988145590e-02 1.148804128170e-01 3.701043128967e-01 2.945862412453e-01 6.308127939701e-02 3.741277009249e-02 2.555585280061e-02 1.964981108904e-02 1.943204924464e-02 3.849580138922e-02 3.702926933765e-01 4.340299367905e-01 4.536332488060e-01 3.682534694672e-01 3.729276359081e-01 2.723575830460e-01 2.069691866636e-01 1.597003042698e-01 9.605925530195e-02 2.486154139042e-01 4.962320625782e-01 8.651379346848e-01 8.822252750397e-01 9.618394374847e-01 5.299322605133e-01 6.987903714180e-01 6.377762556076e-01 5.467051863670e-01 4.801469445229e-01 4.883051514626e-01 3.681550323963e-01 3.608790934086e-01 4.347929954529e-01 4.279110729694e-01 3.926333487034e-01 4.080291688442e-01 4.282047450542e-01 4.010701477528e-01
5.019405484200e-02 4.841260239482e-02 3.357936814427e-02 3.573231026530e-02 3.633689135313e-02 5.326322466135e-02 1.630991399288e-01 4.144417941570e-01 4.152629077435e-01 9.324541687965e-02 3.857369348407e-02 2.186009660363e-02 1.554131321609e-02 1.413637492806e-02 1.446073036641e-02 1.812051050365e-02 2.507469430566e-02 3.416013345122e-02 4.431859403849e-02 5.469757318497e-02 6.432836502790e-02 7.564964890480e-02 5.079522356391e-02 5.103921145201e-02 1.218481138349e-01 5.670639872551e-01 9.771223068237e-01 1.108032822609e+00 1.063606739044e+00 1.074323534966e+00 7.096800804138e-01 6.150391101837e-01 5.224500894547e-01 4.747812151909e-01 6.671357154846e-01 5.748093724251e-01 4.765964746475e-01 2.983018159866e-01 3.215578794479e-01 2.704633772373e-01 2.381217777729e-01 2.260132730007e-01 1.977146118879e-01
4.630905762315e-02 4.170212149620e-02 3.251177445054e-02 3.624456748366e-02 4.119718819857e-02 5.410994216800e-02 3.582284152508e-01 4.198577702045e-01 5.170423388481e-01 7.209744304419e-02 3.384438902140e-02 2.108987793326e-02 1.409114059061e-02 1.143229659647e-02 1.091775950044e-02 1.150223985314e-02 1.409580372274e-02 1.857545040548e-02 2.691931836307e-02 3.121333569288e-02 3.583730384707e-02 7.194307446480e-02 3.691026568413e-02 3.397360816598e-02 1.040010228753e-01 2.326787710190e-01 8.302410840988e-01 9.188166856766e-01 9.785698652267e-01 1.045040130615e+00 8.689140081406e-01 6.746678948402e-01 4.681265056133e-01 6.012361049652e-01 4.186271131039e-01 3.684165477753e-01 3.055241703987e-01 2.526336014271e-01 2.375736236572e-01 2.336216717958e-01 2.481716573238e-01 3.516965210438e-01 4.901331961155e-01
3.924622386694e-02 3.057799674571e-02 3.195551782846e-02 3.847285360098e-02 5.992995202541e-02 9.811402857304e-02 2.978206872940e-01 6.580614447594e-01 2.544948756695e-01 4.030355438590e-02 2.465050294995e-02 1.797455362976e-02 1.286569796503e-02 9.659934788942e-03 8.836973458529e-03 8.847724646330e-03 9.621799923480e-03 1.288634445518e-02 1.774217933416e-02 2.028786204755e-02 2.111083269119e-02 4.396257176995e-02 2.625457756221e-02 2.846350707114e-02 6.373138725758e-02 2.176882028580e-01 5.891523957253e-01 8.010804057121e-01 8.289927840233e-01 6.316005587578e-01 4.889738559723e-01 6.982154250145e-01 4.774122238159e-01 3.372582197189e-01 3.743247687817e-01 4.715973138809e-01 4.272261559963e-01 3.030934631824e-01 2.830980122089e-01 2.759759426117e-01 2.675673961639e-01 2.958456873894e-01 3.686240017414e-01
2.849042415619e-02 2.347866259515e-02 2.936849184334e-02 6.990902870893e-02 1.570112556219e-01 3.641415834427e-01 5.342739820480e-01 3.366187810898e-01 3.573411330581e-02 2.445011958480e-02 1.753881759942e-02 1.443559397012e-02 1.125683076680e-02 9.207515046000e-03 8.105058223009e-03 8.446875959635e-03 8.831743150949e-03 1.066618412733e-02 1.539249159396e-02 1.893307268620e-02 2.010675519705e-02 2.133708447218e-02 2.143695391715e-02 3.185040503740e-02 7.758217304945e-02 2.034105658531e-01 2.497368156910e-01 2.497853934765e-01 4.805060029030e-01 5.569592714310e-01 6.520467400551e-01 4.173266589642e-01 5.407646298409e-01 3.960767686367e-01 4.416728317738e-01 5.223882794380e-01 1.044900774956e+00 6.592841148376e-01 3.880798220634e-01 3.187164962292e-01 3.279406130314e-01 3.223301768303e-01 3.113946318626e-01
1.839665137231e-02 1.924195885658e-02 2.432896755636e-02 3.075065836310e-02 6.757359951735e-02 4.196219146252e-01 2.730325758457e-01 3.639993071556e-02 2.126049809158e-02 1.872057840228e-02 1.568293571472e-02 1.325639430434e-02 1.038517337292e-02 8.861161768436e-03 7.896205410361e-03 8.713501505554e-03 9.039791300893e-03 8.914774283767e-03 1.266696024686e-02 1.616143994033e-02 1.825672388077e-02 1.815436407924e-02 2.279445156455e-02 3.695374727249e-02 1.154354885221e-01 2.291068583727e-01 1.356016844511e-01 1.773725897074e-01 1.650114506483e-01 8.557120561600e-01 1.246157765388e+00 6.719545125961e-01 3.699834942818e-01 5.061315298080e-01 1.997376978397e-01 2.102456390858e-01 7.818015813828e-01 3.763214051723e-01 3.066134452820e-01 2.349697500467e-01 2.415141016245e-01 2.693802416325e-01 2.903645634651e-01
1.547771506011e-02 1.682483032346e-02 1.971527747810e-02 2.494294941425e-02 2.828613482416e-02 3.932532295585e-02 4.348243400455e-02 2.963644452393e-02 1.539658941329e-02 1.589728705585e-02 1.394157856703e-02 1.274151820689e-02 1.043194532394e-02 8.437330834568e-03 8.630258962512e-03 8.802292868495e-03 9.416239336133e-03 9.343873709440e-03 1.067343447357e-02 1.370469573885e-02 1.629098504782e-02 1.728950627148e-02 1.826499961317e-02 3.040024079382e-02 8.540870994329e-02 5.261318385601e-02 5.083664506674e-02 8.340012282133e-02 1.885988265276e-01 3.740446269512e-01 3.916844129562e-01 4.949877560139e-01 7.908683419228e-01 4.237321317196e-01 4.037210643291e-01 3.132559061050e-01 3.214336633682e-01 2.722864151001e-01 1.448257863522e-01 1.806788742542e-01 1.765232533216e-01 1.909056603909e-01 2.399987280369e-01
1.216316595674e-02 1.371865533292e-02 1.634107343853e-02 2.004052139819e-02 2.154951356351e-02 2.399965934455e-02 2.540257759392e-02 1.587350666523e-02 1.352638751268e-02 1.406510081142e-02 1.311786472797e-02 1.138112694025e-02 9.501879103482e-03 8.512408472598e-03 8.428241126239e-03 9.660091251135e-03 9.550566785038e-03 8.214152418077e-03 9.435720741749e-03 1.197742298245e-02 1.417578570545e-02 1.656443253160e-02 2.359151467681e-02 2.464635670185e-02 2.503090910614e-02 3.493625670671e-02 3.404572978616e-02 8.364672213793e-02 1.166316121817e-01 1.571671366692e-01 3.260843753815e-01 5.744372010231e-01 4.236919581890e-01 7.749390006065e-01 4.945518970490e-01 2.781702280045e-01 2.309077829123e-01 2.099382132292e-01 2.527958750725e-01 2.378516048193e-01 2.963803708553e-01 2.919977307320e-01 3.394435048103e-01
1.123078912497e-02 1.111751887947e-02 1.251584477723e-02 1.419941522181e-02 1.530791167170e-02 1.510316319764e-02 1.442037150264e-02 1.389183383435e-02 1.503333542496e-02 1.486557815224e-02 1.385404728353e-02 1.207577623427e-02 9.881137870252e-03 8.728959597647e-03 7.894308306277e-03 7.769901771098e-03 8.772957138717e-03 8.901778608561e-03 8.940279483795e-03 1.079077646136e-02 1.249725464731e-02 1.481538452208e-02 2.265398018062e-02 2.550979144871e-02 2.752151899040e-02 5.695561692119e-02 7.835737615824e-02 1.007382050157e-01 1.414272636175e-01 1.525053679943e-01 3.346827328205e-01 6.359020471573e-01 2.997294366360e-01 3.191885650158e-01 5.653669834137e-01 4.778193235397e-01 3.309817612171e-01 2.812097668648e-01 3.529503047466e-01 1.815971136093e-01 2.407817542553e-01 2.933903038502e-01 3.503557741642e-01
9.225696325302e-03 1.046841312200e-02 1.099537685513e-02 1.113384682685e-02 1.246957760304e-02 1.340486574918e-02 1.444253791124e-02 1.282188110054e-02 1.233947090805e-02 1.273714937270e-02 1.369109191000e-02 1.363203395158e-02 1.173568982631e-02 9.920416399837e-03 9.406788274646e-03 8.474106900394e-03 7.300540339202e-03 8.128845132887e-03 9.203491732478e-03 1.017544046044e-02 1.117413491011e-02 1.279409322888e-02 1.927733048797e-02 1.880445890129e-02 2.078052423894e-02 5.156782642007e-02 1.102922037244e-01 1.488657742739e-01 2.094589322805e-01 1.100525259972e-01 3.245194554329e-01 1.623629778624e-01 1.744026392698e-01 2.001078873873e-01 3.191862702370e-01 3.506238460541e-01 4.556953012943e-01 4.149098694324e-01 3.081405460835e-01 2.636089920998e-01 2.016078680754e-01 2.172572910786e-01 1.756327897310e-01
9.046516381204e-03 1.000440865755e-02 9.956825524569e-03 1.015328429639e-02 1.085052452981e-02 1.204514969140e-02 1.303697470576e-02 1.164573524147e-02 9.095246903598e-03 9.712832979858e-03 1.054621767253e-02 1.244857627898e-02 1.292864233255e-02 1.074276398867e-02 1.010597310960e-02 1.220474019647e-02 1.082060113549e-02 8.821966126561e-03 9.605338796973e-03 1.000253204256e-02 1.220229826868e-02 1.354741211981e-02 1.512584742159e-02 1.853993721306e-02 2.151581645012e-02 3.758720308542e-02 7.937081158161e-02 9.454431384802e-02 1.298723220825e-01 7.353917509317e-02 1.562640815973e-01 1.190156191587e-01 1.979515701532e-01 1.208620071411e-01 2.385997474194e-01 1.790614724159e-01 2.842922210693e-01 3.484606742859e-01 3.113570511341e-01 4.198788702488e-01 3.817730545998e-01 3.053461909294e-01 2.675643861294e-01
8.713970892131e-03 9.422760456800e-03 9.063586592674e-03 9.244553744793e-03 9.286219254136e-03 9.027027525008e-03 9.998796507716e-03 9.452255442739e-03 1.124621275812e-02 1.217795908451e-02 1.105222385377e-02 1.121898926795e-02 1.234849076718e-02 1.285340078175e-02 1.172227133065e-02 1.513841841370e-02 1.347644627094e-02 1.028939522803e-02 1.036697067320e-02 1.031680777669e-02 1.185955014080e-02 1.286747027189e-02 1.437804196030e-02 1.912828348577e-02 2.248033881187e-02 3.369269520044e-02 5.061358213425e-02 5.844705179334e-02 6.262435019016e-02 7.915120571852e-02 1.318719685078e-01 2.023404836655e-01 1.367703378201e-01 3.275426030159e-01 1.138698235154e-01 1.486019194126e-01 3.043191730976e-01 4.256980419159e-01 2.086055725813e-01 2.359301447868e-01 1.497325152159e-01 2.826806306839e-01 2.493907660246e-01
7.773070130497e-03 8.401957340539e-03 8.080725558102e-03 7.957428693771e-03 7.388338912278e-03 7.466641254723e-03 7.881156168878e-03 1.034559123218e-02 1.285831164569e-02 1.321551669389e-02 1.154621783644e-02 1.280365139246e-02 1.425459142774e-02 1.384846307337e-02 1.374179497361e-02 1.416893769056e-02 1.526060327888e-02 1.788052357733e-02 1.603439077735e-02 1.439587026834e-02 1.482259482145e-02 1.595517247915e-02 1.907129026949e-02 1.943079568446e-02 2.365113049746e-02 2.908203378320e-02 4.750365391374e-02 4.762784391642e-02 8.487407863140e-02 1.717920452356e-01 2.136583328247e-01 1.095773652196e-01 1.099776700139e-01 3.333496451378e-01 1.754868924618e-01 2.159106880426e-01 1.913857161999e-01 2.484517544508e-01 1.814895421267e-01 6.943312287331e-02 6.610052287579e-02 8.926437050104e-02 1.767041534185e-01
7.161078974605e-03 7.169334217906e-03 7.116834633052e-03 7.021445780993e-03 7.215481717139e-03 7.639165502042e-03 8.117328397930e-03 9.654132649302e-03 1.082790829241e-02 1.033695880324e-02 1.212410815060e-02 1.304737105966e-02 1.266760751605e-02 1.331729069352e-02 1.819807477295e-02 2.534549310803e-02 2.875959314406e-02 3.647948428988e-02 3.641475737095e-02 3.919259458780e-02 2.795637212694e-02 2.674638479948e-02 3.102646395564e-02 2.598156966269e-02 2.965146116912e-02 4.098653420806e-02 1.233102679253e-01 1.150654554367e-01 1.099802479148e-01 1.483181715012e-01 8.394055068493e-02 8.852451294661e-02 1.192834824324e-01 6.776537001133e-02 3.682792484760e-01 5.135481953621e-01 4.586773812771e-01 1.058705076575e-01 5.010448768735e-02 4.137653112411e-02 4.045580327511e-02 4.785566776991e-02 5.056064948440e-02
6.656676996499e-03 6.905588321388e-03 6.639804225415e-03 7.150226272643e-03 7.650101091713e-03 8.753178641200e-03 8.756347000599e-03 1.014322973788e-02 1.110516116023e-02 1.294378284365e-02 1.335445884615e-02 1.585507020354e-02 1.661666110158e-02 1.536496914923e-02 3.710811957717e-02 1.331732124090e-01 1.052464917302e-01 6.290059536695e-02 7.069346308708e-02 8.806317299604e-02 6.508375704288e-02 3.432844951749e-02 3.996325284243e-02 5.008869618177e-02 4.863781854510e-02 9.058545529842e-02 1.274747997522e-01 1.132756248116e-01 9.207458049059e-02 8.326978236437e-02 9.447124600410e-02 8.854787796736e-02 6.652811169624e-02 5.537666380405e-02 9.422358125448e-02 4.334156215191e-01 4.518078565598e-01 9.317978471518e-02 3.307569026947e-02 3.369425609708e-02 3.027783706784e-02 2.909545414150e-02 4.792585596442e-02
6.674727890640e-03 7.191650103778e-03 9.104416705668e-03 1.017839647830e-02 9.361800737679e-03 1.551820896566e-02 1.824538037181e-02 1.852136291564e-02 1.562385074794e-02 1.531869731843e-02 1.673560775816e-02 2.103356644511e-02 2.096270024776e-02 7.722324877977e-02 5.453035235405e-01 6.863159537315e-01 3.200595676899e-01 1.835823357105e-01 1.466714441776e-01 1.150992736220e-01 5.498639866710e-02 5.443878099322e-02 1.190489083529e-01 2.540327906609e-01 2.082929015160e-01 1.110752895474e-01 1.295813769102e-01 1.054164394736e-01 1.117442324758e-01 7.782449573278e-02 1.927287131548e-01 7.704851031303e-02 5.884052067995e-02 4.158293455839e-02 2.751806005836e-02 8.923549950123e-02 9.854500740767e-02 2.410869672894e-02 1.615410298109e-02 1.901229657233e-02 2.351057529449e-02 2.628397010267e-02 2.457704953849e-02
8.187374100089e-03 1.288879290223e-02 1.757961139083e-02 1.910684257746e-02 2.466556429863e-02 3.279123082757e-02 3.221628814936e-02 2.841829881072e-02 2.443529106677e-02 1.884573698044e-02 2.259896136820e-02 2.498336136341e-02 1.389263719320e-01 7.657518386841e-01 1.046698808670e+00 3.647268116474e-01 1.156474053860e-01 7.068759202957e-02 7.181080430746e-02 6.273326277733e-02 6.031523644924e-02 1.375658959150e-01 2.711257934570e-01 3.606521487236e-01 2.901732027531e-01 1.493718028069e-01 1.027648597956e-01 7.580324262381e-02 6.840322166681e-02 6.101498752832e-02 8.284780383110e-02 3.779714554548e-02 4.274903982878e-02 3.465808555484e-02 2.176734060049e-02 1.290105748922e-02 1.062633749098e-02 1.034322101623e-02 1.086594909430e-02 1.353414170444e-02 1.817400380969e-02 2.298437803984e-02 2.351340837777e-02
1.357382256538e-02 2.031285688281e-02 2.699697017670e-02 3.602950274944e-02 6.971611082554e-02 6.939579546452e-02 9.712930768728e-02 6.931630522013e-02 7.879213988781e-02 4.680123180151e-02 2.638125047088e-02 1.812950521708e-01 7.301126718521e-01 7.264274954796e-01 1.899466514587e-01 5.750394612551e-02 1.067596897483e-01 1.410652697086e-01 9.967856854200e-02 1.160008907318e-01 1.403020918369e-01 1.410833150148e-01 2.050790190697e-01 1.674402803183e-01 1.135005727410e-01 8.832049369812e-02 5.504857748747e-02 2.144750021398e-02 2.189841680229e-02 2.173030003905e-02 2.782575041056e-02 2.035018801689e-02 1.793267391622e-02 1.237129885703e-02 1.265442371368e-02 1.289259176701e-02 1.331112254411e-02 1.397449895740e-02 1.486375648528e-02 1.600754819810e-02 1.618198677897e-02 1.929566636682e-02 2.447865530849e-02
