100/SI/f145.grd
DSAA
101	101
32.816463539100	34.260883539100
35.556306596100	36.727886596100
7.950866711326e-05	1.288216304779e+01
[rows 19 to 37 of 101, columns 43 to 85 of 101]
1.279860585928e-01 1.575181931257e-01 2.047405987978e-01 2.084532231092e-01 1.351791769266e-01 2.075211703777e-01 1.058337464929e-01 1.098342761397e-01 1.198334619403e-01 1.215042248368e-01 1.108657270670e-01 1.625630110502e-01 1.955918371677e-01 1.933988779783e-01 1.284314692020e-01 1.569148302078e-01 2.068804651499e-01 1.939024925232e-01 1.066509932280e-01 1.720869243145e-01 7.951531559229e-02 1.114599034190e-01 1.497504413128e-01 7.394687086344e-02 7.319352775812e-02 8.651063591242e-02 7.139986753464e-02 8.978001028299e-02 8.332283794880e-02 6.596623361111e-02 7.116265594959e-02 9.854689240456e-02 1.112867668271e-01 8.620049059391e-02 7.631334662437e-02 6.249826774001e-02 4.293620586395e-02 4.693653807044e-02 5.186770483851e-02 4.320138320327e-02 4.070231691003e-02 3.535297513008e-02 3.845514729619e-02
1.154696345329e-01 1.543669104576e-01 2.188836932182e-01 2.522359490395e-01 1.822288185358e-01 1.834889650345e-01 1.088431403041e-01 1.163474172354e-01 1.038033068180e-01 1.299398541451e-01 1.359309554100e-01 1.519853323698e-01 2.092747539282e-01 2.056841105223e-01 1.579839438200e-01 1.706010997295e-01 2.019640654325e-01 2.190706878901e-01 1.258321702480e-01 1.663534194231e-01 9.084991365671e-02 1.688355505466e-01 2.103914469481e-01 9.807152301073e-02 8.538537472486e-02 8.854724466801e-02 8.761391043663e-02 9.284222126007e-02 7.236368954182e-02 7.018904387951e-02 9.948634356260e-02 1.299945265055e-01 1.161295622587e-01 9.173404425383e-02 7.589571923018e-02 6.257724016905e-02 4.458540678024e-02 5.487675592303e-02 4.246270284057e-02 3.660733625293e-02 3.904089704156e-02 3.370049595833e-02 3.512726351619e-02
1.246090382338e-01 1.769092530012e-01 2.021289616823e-01 2.640841007233e-01 2.246705442667e-01 1.570412963629e-01 1.077908277512e-01 1.232519745827e-01 9.872422367334e-02 1.214820444584e-01 1.281202882528e-01 1.450115442276e-01 1.986851394176e-01 2.245527803898e-01 1.905259490013e-01 1.823432743549e-01 1.934162378311e-01 2.393647432327e-01 1.434333622456e-01 1.540924459696e-01 1.020759567618e-01 2.091396898031e-01 2.303574830294e-01 1.102684810758e-01 8.338205516338e-02 1.034285277128e-01 9.889314323664e-02 8.028803020716e-02 6.872938573360e-02 9.892483055592e-02 1.387430280447e-01 1.345659941435e-01 9.091317653656e-02 1.046475395560e-01 7.522270828485e-02 5.760828405619e-02 5.311590805650e-02 5.642603710294e-02 4.732412099838e-02 3.705196082592e-02 3.615846112370e-02 2.663373015821e-02 2.613903023303e-02
1.190556958318e-01 1.666716039181e-01 1.713741719723e-01 2.520859837532e-01 2.486883103848e-01 1.642920821905e-01 1.449451744556e-01 1.305373162031e-01 9.720975160599e-02 1.063159033656e-01 1.222358345985e-01 1.469416767359e-01 1.646437942982e-01 2.357375621796e-01 2.121703177691e-01 1.776347607374e-01 1.788004487753e-01 2.566475272179e-01 1.579449325800e-01 1.380281299353e-01 1.132361963391e-01 2.076728790998e-01 2.007562667131e-01 9.541851282120e-02 9.177053719759e-02 1.077191308141e-01 8.973307907581e-02 7.357260584831e-02 1.040902659297e-01 1.467552483082e-01 1.443308889866e-01 1.002790182829e-01 7.669043540955e-02 1.087166294456e-01 5.407378450036e-02 5.278519168496e-02 6.557379662991e-02 5.049668624997e-02 5.427554249763e-02 3.456928208470e-02 3.854297101498e-02 3.222367540002e-02 2.908869460225e-02
9.682109206915e-02 1.158502623439e-01 1.782987266779e-01 2.232033461332e-01 2.505630254745e-01 1.664652228355e-01 1.801887601614e-01 1.511728465557e-01 1.061170473695e-01 9.016983211040e-02 1.273389309645e-01 1.433707326651e-01 1.693699061871e-01 2.530947625637e-01 2.147302329540e-01 1.661366671324e-01 1.608892232180e-01 2.671853303909e-01 1.684487760067e-01 1.676706969738e-01 1.315571218729e-01 1.707059442997e-01 1.497177034616e-01 8.915137499571e-02 1.120725497603e-01 1.041767224669e-01 7.706697285175e-02 1.110096648335e-01 1.590430140495e-01 1.546025723219e-01 1.049631088972e-01 6.224718689919e-02 8.147867769003e-02 1.019570156932e-01 5.478925257921e-02 5.663363263011e-02 6.910184770823e-02 5.284452438354e-02 5.954123288393e-02 3.605517745018e-02 3.660853952169e-02 3.033992648125e-02 3.086331486702e-02
1.243123263121e-01 1.246933266521e-01 2.012952715158e-01 1.886433213949e-01 2.380535900593e-01 1.858077496290e-01 1.726237833500e-01 1.911904215813e-01 1.661326140165e-01 1.269590258598e-01 1.388468295336e-01 1.353269368410e-01 1.846209764481e-01 2.706317901611e-01 1.925932317972e-01 1.593245714903e-01 1.370861828327e-01 2.731465101242e-01 2.138765752316e-01 1.852149665356e-01 1.555870175362e-01 1.654291152954e-01 1.001177877188e-01 1.080423966050e-01 1.150409653783e-01 7.903558015823e-02 1.205023527145e-01 1.714958399534e-01 1.632952094078e-01 1.094331890345e-01 5.862002447248e-02 4.586259648204e-02 1.090196594596e-01 8.519132435322e-02 5.223464220762e-02 7.346995919943e-02 6.385646015406e-02 5.324653536081e-02 6.324253976345e-02 4.462419822812e-02 3.133434429765e-02 2.985410951078e-02 2.649787440896e-02
1.953455060720e-01 1.207903102040e-01 1.210655793548e-01 2.084020376205e-01 2.192267030478e-01 1.961025446653e-01 1.509802192450e-01 1.748902499676e-01 1.987842023373e-01 1.951777487993e-01 1.662951260805e-01 2.061538994312e-01 2.006108909845e-01 2.812223434448e-01 1.664358824492e-01 1.449775695801e-01 1.921819150448e-01 2.750174701214e-01 2.420957088470e-01 1.776019632816e-01 1.676909923553e-01 1.784263104200e-01 1.125019490719e-01 1.177211180329e-01 9.681040048599e-02 1.260809302330e-01 1.867235898972e-01 1.749945878983e-01 1.138437539339e-01 7.426332682371e-02 1.044215932488e-01 6.393266469240e-02 1.272186636925e-01 7.451762259007e-02 6.102886423469e-02 7.859268039465e-02 7.680976390839e-02 5.404419451952e-02 6.527435779572e-02 4.924686253071e-02 2.979882806540e-02 2.829163894057e-02 3.278595209122e-02
2.612573206425e-01 1.242023780942e-01 1.219015046954e-01 1.919839680195e-01 1.973633766174e-01 2.006016075611e-01 1.641223132610e-01 1.663711667061e-01 1.652587950230e-01 2.138616293669e-01 2.331979721785e-01 2.085590213537e-01 2.166008353233e-01 2.849014103413e-01 1.443268358707e-01 2.248179912567e-01 2.696692943573e-01 2.752942144871e-01 2.353025674820e-01 1.407345384359e-01 1.592756956816e-01 1.634834706783e-01 1.129390075803e-01 9.723477810621e-02 1.270466148853e-01 1.985559314489e-01 1.915950775146e-01 1.199929416180e-01 1.062074080110e-01 1.454173922539e-01 1.320271044970e-01 1.199170276523e-01 1.239325851202e-01 8.336724340916e-02 7.861159741879e-02 6.513351202011e-02 8.376342803240e-02 5.717642977834e-02 6.549669057131e-02 4.893626645207e-02 3.167377784848e-02 3.589540719986e-02 4.624257981777e-02
2.852395772934e-01 1.275645792484e-01 1.474272906780e-01 1.270903199911e-01 2.173123210669e-01 2.025405466557e-01 1.730590760708e-01 1.767083257437e-01 1.684065610170e-01 2.124778777361e-01 2.247519940138e-01 1.958320289850e-01 2.309406846762e-01 2.744942903519e-01 2.446876466274e-01 2.978697419167e-01 2.879832684994e-01 2.673908472061e-01 1.599215716124e-01 1.417334973812e-01 1.641135215759e-01 1.652964502573e-01 1.192456185818e-01 1.215704828501e-01 2.069444507360e-01 2.113611549139e-01 1.325002163649e-01 1.075975373387e-01 1.581712067127e-01 1.312789469957e-01 1.068821176887e-01 1.164947375655e-01 9.605641663074e-02 9.182146191597e-02 7.789669930935e-02 5.458448454738e-02 8.205504715443e-02 6.179930269718e-02 6.420601159334e-02 4.429922625422e-02 3.810025006533e-02 5.129636824131e-02 5.796825140715e-02
2.503725588322e-01 1.864046603441e-01 1.706863790751e-01 1.199172958732e-01 1.572268605232e-01 2.060887813568e-01 2.171780318022e-01 1.878039240837e-01 2.208390384912e-01 3.246774971485e-01 1.826456934214e-01 1.717640459538e-01 2.404152303934e-01 2.526076734066e-01 3.174421489239e-01 3.075116574764e-01 2.658562362194e-01 2.583813667297e-01 1.767710298300e-01 1.903934031725e-01 1.703590154648e-01 1.644618064165e-01 1.110010668635e-01 2.099134176970e-01 2.328437715769e-01 1.505533903837e-01 1.228741779923e-01 1.676586568356e-01 1.484030038118e-01 9.729602187872e-02 1.417481303215e-01 1.223067790270e-01 7.395390421152e-02 8.381580561399e-02 7.004813849926e-02 7.525885105133e-02 7.470702379942e-02 6.796474754810e-02 6.229681521654e-02 5.731969699264e-02 6.360501796007e-02 7.139136642218e-02 6.020178273320e-02
1.689269542694e-01 2.808644771576e-01 1.868628710508e-01 1.474418342113e-01 1.773415654898e-01 2.000273615122e-01 1.919600814581e-01 2.010204792023e-01 2.895221412182e-01 4.017011225224e-01 2.695987522602e-01 1.871275156736e-01 2.421775609255e-01 3.021353483200e-01 3.236982226372e-01 4.508553743362e-01 2.389604151249e-01 2.391813248396e-01 1.971902847290e-01 1.925305426121e-01 1.759619265795e-01 1.627890616655e-01 2.077523767948e-01 2.470630556345e-01 1.696853488684e-01 1.382802128792e-01 1.654701381922e-01 1.662888526917e-01 1.423095464706e-01 1.420873105526e-01 1.504997909069e-01 8.380895107985e-02 7.931350916624e-02 7.160416990519e-02 6.285339593887e-02 5.880533531308e-02 1.015863046050e-01 8.021250367165e-02 7.387817651033e-02 8.480526506901e-02 8.450414985418e-02 6.201531365514e-02 4.186559468508e-02
1.898018866777e-01 3.112362623215e-01 1.932049542665e-01 1.629515141249e-01 2.090798467398e-01 1.914814263582e-01 1.994120180607e-01 2.528098821640e-01 3.336842060089e-01 4.033747613430e-01 3.219104409218e-01 3.191841840744e-01 2.825079858303e-01 3.314082622528e-01 3.941621184349e-01 5.705858469009e-01 2.483020871878e-01 2.685351371765e-01 2.662720084190e-01 2.176798731089e-01 1.723631173372e-01 2.071760892868e-01 2.597172260284e-01 1.867558956146e-01 1.548183262348e-01 1.633719503880e-01 1.584438085556e-01 1.755916178226e-01 1.707946062088e-01 1.709872484207e-01 1.287177056074e-01 6.930635869503e-02 9.485193341970e-02 5.955888703465e-02 6.212654337287e-02 6.351086497307e-02 1.399790793657e-01 9.305057674646e-02 9.766466170549e-02 7.865861058235e-02 4.778911918402e-02 2.829585596919e-02 2.808922342956e-02
3.757477402687e-01 2.460550367832e-01 2.696748673916e-01 1.730187982321e-01 2.545555531979e-01 1.973422765732e-01 2.145143598318e-01 2.920982241631e-01 3.510362803936e-01 3.414535522461e-01 3.309823274612e-01 3.344647884369e-01 3.133214712143e-01 2.541944682598e-01 2.701753079891e-01 3.635228276253e-01 2.022382020950e-01 2.653395533562e-01 2.900721430779e-01 2.420228123665e-01 2.153727859259e-01 2.717057764530e-01 2.034337818623e-01 1.731419414282e-01 1.601420789957e-01 1.470018178225e-01 1.585819572210e-01 1.873474270105e-01 1.878810375929e-01 1.682421267033e-01 1.050685271621e-01 6.642937660217e-02 1.010182574391e-01 8.049971610308e-02 9.710004925728e-02 1.032947450876e-01 1.578103005886e-01 9.235853701830e-02 7.306030392647e-02 5.098332837224e-02 4.567783698440e-02 3.454813733697e-02 3.297912701964e-02
6.096248626709e-01 2.665247619152e-01 3.019085824490e-01 2.200940102339e-01 2.820925116539e-01 2.411910146475e-01 2.367461621761e-01 3.353227078915e-01 3.605007827282e-01 2.836287021637e-01 3.982898592949e-01 4.894745051861e-01 2.707585394382e-01 3.178686201572e-01 1.948841661215e-01 2.260766476393e-01 2.162291705608e-01 2.579431533813e-01 2.492782622576e-01 2.260888069868e-01 2.883745431900e-01 2.195555567741e-01 1.803609579802e-01 1.620911806822e-01 1.744066476822e-01 1.616804003716e-01 1.625514924526e-01 2.028849869967e-01 2.041872292757e-01 1.855683773756e-01 1.276751458645e-01 1.120367273688e-01 1.112088710070e-01 1.013831272721e-01 9.814017266035e-02 1.508990079165e-01 1.298264563084e-01 6.321935355663e-02 6.827591359615e-02 6.975950300694e-02 6.463909149170e-02 4.992878437042e-02 3.561345860362e-02
6.671420931816e-01 6.969971060753e-01 2.857917249203e-01 2.891192138195e-01 3.105923533440e-01 2.918590903282e-01 3.997295796871e-01 3.756617903709e-01 3.554381132126e-01 2.642585337162e-01 4.046054184437e-01 5.452366471291e-01 3.258938193321e-01 3.058906793594e-01 2.491509318352e-01 2.538554370403e-01 2.692763209343e-01 2.545801699162e-01 2.463046461344e-01 3.086154460907e-01 2.403921335936e-01 2.057442069054e-01 1.763128489256e-01 1.381428986788e-01 1.693230718374e-01 1.906452924013e-01 1.752235144377e-01 2.178905308247e-01 2.272764742374e-01 2.029672414064e-01 1.510183811188e-01 1.114369854331e-01 9.911888837814e-02 8.414930850267e-02 1.366135478020e-01 1.564584076405e-01 6.977268308401e-02 7.187653332949e-02 7.489997148514e-02 7.591645419598e-02 7.172039151192e-02 5.992187559605e-02 4.157454147935e-02
3.203570246696e-01 9.387871623039e-01 6.860648393631e-01 2.858887016773e-01 3.272343277931e-01 3.634423613548e-01 3.870899379253e-01 3.943757414818e-01 3.155543506145e-01 2.756597101688e-01 4.612410664558e-01 5.336679220200e-01 4.188359975815e-01 2.831856906414e-01 2.606181502342e-01 2.915337681770e-01 4.508374929428e-01 2.831651270390e-01 3.421148955822e-01 2.636975347996e-01 1.896562576294e-01 1.848391592503e-01 1.560962796211e-01 1.892479658127e-01 1.927035003901e-01 2.215733528137e-01 2.442745268345e-01 1.864390373230e-01 2.214868813753e-01 2.211508601904e-01 1.717667728662e-01 9.102669358253e-02 9.310880303383e-02 1.444544643164e-01 1.566475927830e-01 9.161249548197e-02 6.383089721203e-02 6.441096961498e-02 6.409417092800e-02 6.503594666719e-02 6.478142738342e-02 5.997522920370e-02 4.793988540769e-02
5.884981155396e-01 4.435413777828e-01 1.094376206398e+00 5.096914172173e-01 3.308467864990e-01 4.467295408249e-01 3.360412120819e-01 3.752529621124e-01 4.927504658699e-01 3.844833970070e-01 5.326502323151e-01 4.238989949226e-01 4.461251795292e-01 3.734070360661e-01 3.074709773064e-01 2.874948680401e-01 6.557807922363e-01 3.965546786785e-01 3.191383481026e-01 3.883248269558e-01 2.309852391481e-01 1.883143931627e-01 2.011333853006e-01 2.117960304022e-01 2.040674239397e-01 2.175071984529e-01 3.078781366348e-01 1.866224259138e-01 2.298390269279e-01 2.400001287460e-01 1.945681422949e-01 1.254089474678e-01 1.591373085976e-01 1.472722887993e-01 8.426269888878e-02 7.050326466560e-02 6.659786403179e-02 6.236415356398e-02 5.797395482659e-02 5.397579818964e-02 5.579939484596e-02 5.765573307872e-02 5.236864462495e-02
7.960634827614e-01 1.038061857224e+00 6.276853084564e-01 1.075890421867e+00 3.988157510757e-01 5.407499074936e-01 4.641073942184e-01 4.952161312103e-01 6.918650865555e-01 5.740401148796e-01 6.626991033554e-01 3.798152804375e-01 4.047214686871e-01 4.214566051960e-01 3.773527145386e-01 2.979104518890e-01 7.702148556709e-01 4.372967481613e-01 4.550899863243e-01 3.154270052910e-01 1.709495484829e-01 1.892355382442e-01 2.405289560556e-01 2.182597517967e-01 1.985550075769e-01 1.909019649029e-01 3.001065552235e-01 2.045343518257e-01 2.577379941940e-01 2.542229294777e-01 2.016011923552e-01 1.606709659100e-01 1.205103471875e-01 6.300536543131e-02 6.238030642271e-02 6.585301458836e-02 6.502591818571e-02 6.950994580984e-02 6.825998425484e-02 6.478148698807e-02 7.036466151476e-02 8.179368078709e-02 8.542730659246e-02
1.567107319832e+00 1.039142727852e+00 1.096959471703e+00 9.112395048141e-01 8.290003538132e-01 6.077435612679e-01 6.676424145699e-01 5.883401036263e-01 6.087531447411e-01 6.728586554527e-01 7.789996266365e-01 4.532015919685e-01 3.987628519535e-01 4.279643595219e-01 4.682957231998e-01 4.431072175503e-01 5.943474173546e-01 4.402934610844e-01 4.391611814499e-01 3.506667017937e-01 2.855588793755e-01 3.392091691494e-01 3.416221737862e-01 2.827223241329e-01 2.064632028341e-01 1.757599860430e-01 2.354372143745e-01 2.512232065201e-01 2.663123607635e-01 2.224018275738e-01 1.560191363096e-01 9.969501197338e-02 8.724578469992e-02 9.243830293417e-02 1.093045175076e-01 1.198375299573e-01 1.253437101841e-01 1.247800812125e-01 1.184538602829e-01 1.083988547325e-01 9.862058609724e-02 9.944613277912e-02 8.803904801607e-02
