100/SI/f145.grd
DSAA
101	101
32.816463539100	34.260883539100
35.556306596100	36.727886596100
7.950866711326e-05	1.288216304779e+01
[rows 76 to 94 of 101, columns 0 to 42 of 101]
8.324027294293e-04 1.204284722917e-03 1.585043268278e-03 1.877497066744e-03 2.018114784732e-03 2.031297190115e-03 1.962373731658e-03 1.852547982708e-03 1.727666473016e-03 1.870888867415e-03 2.115283161402e-03 2.536192536354e-03 3.003122750670e-03 3.302305471152e-03 3.362109186128e-03 3.263555932790e-03 2.972176764160e-03 3.173161996529e-03 3.266517538577e-03 3.488427959383e-03 4.818102344871e-03 4.715699236840e-03 3.079808782786e-03 3.343165386468e-03 3.097508335486e-03 2.855441533029e-03 2.904100110754e-03 3.229193389416e-03 3.642920171842e-03 3.849814645946e-03 3.706429619342e-03 3.490700619295e-03 3.393880790100e-03 3.346458543092e-03 3.681683912873e-03 4.425484687090e-03 8.552875369787e-03 1.019634399563e-02 9.597105905414e-03 6.778422277421e-03 6.634576246142e-03 1.104441098869e-02 1.923264749348e-02
8.375878678635e-04 1.354652573355e-03 1.798639423214e-03 2.075234195217e-03 2.185758203268e-03 2.174946013838e-03 2.088730456308e-03 1.961178379133e-03 2.044156892225e-03 2.269271295518e-03 2.611421281472e-03 3.087343648076e-03 3.527339082211e-03 3.741375869140e-03 3.683114657179e-03 3.415943356231e-03 2.909735310823e-03 2.997036557645e-03 3.008737461641e-03 2.677841344848e-03 2.749764826149e-03 2.885327208787e-03 2.510332968086e-03 3.031943924725e-03 3.213211195543e-03 2.948028733954e-03 3.162915585563e-03 3.809105604887e-03 4.227554425597e-03 4.275678191334e-03 3.988162148744e-03 3.659765236080e-03 3.632262349129e-03 3.582600736991e-03 4.356821067631e-03 4.643687512726e-03 7.663737051189e-03 8.568862453103e-03 9.390505030751e-03 1.066611614078e-02 2.205300144851e-02 2.874831855297e-02 2.720496058464e-02
8.924062130973e-04 1.423870446160e-03 1.855152077042e-03 2.099792938679e-03 2.178105991334e-03 2.141988603398e-03 2.033019205555e-03 2.226485870779e-03 2.508851001039e-03 2.806919626892e-03 3.192295553163e-03 3.598537994549e-03 3.860684577376e-03 3.852588590235e-03 3.576304530725e-03 3.105021780357e-03 2.466473029926e-03 2.593251178041e-03 2.510593505576e-03 2.201006747782e-03 2.003806177527e-03 2.248564502224e-03 2.727086888626e-03 3.635574365035e-03 3.828797722235e-03 3.446169663221e-03 4.227735102177e-03 4.586098250002e-03 4.690478555858e-03 4.587043542415e-03 4.288791678846e-03 3.975277766585e-03 3.785622073337e-03 4.384855274111e-03 5.650805775076e-03 7.242498453707e-03 9.536330588162e-03 1.183581445366e-02 9.877403266728e-03 2.598178572953e-02 2.993841469288e-02 2.887798659503e-02 2.850023098290e-02
8.064208668657e-04 1.274867448956e-03 1.643987721764e-03 1.842241152190e-03 1.892691478133e-03 1.840546261519e-03 2.117791445926e-03 2.410200890154e-03 2.644167747349e-03 2.876548795030e-03 3.120530629531e-03 3.301282878965e-03 3.320710035041e-03 3.125297371298e-03 2.759743249044e-03 2.307645045221e-03 2.171023050323e-03 2.094387076795e-03 1.957598142326e-03 1.800069236197e-03 1.855846610852e-03 2.066891640425e-03 3.273723414168e-03 4.452867899090e-03 4.814960528165e-03 5.051692016423e-03 5.188278853893e-03 5.228076130152e-03 4.925443325192e-03 4.632329102606e-03 4.383970517665e-03 4.162068478763e-03 4.616907797754e-03 5.472362972796e-03 6.980651989579e-03 8.046290837228e-03 7.847675122321e-03 1.281249057502e-02 1.491568423808e-02 2.198422700167e-02 2.548775076866e-02 2.590211853385e-02 2.620172128081e-02
6.719311932102e-04 1.076102256775e-03 1.312251086347e-03 1.424258342013e-03 1.462305663154e-03 1.706209150143e-03 1.959823537618e-03 2.115715993568e-03 2.187462290749e-03 2.251263475046e-03 2.325478475541e-03 2.369233639911e-03 2.322493819520e-03 2.148797269911e-03 2.223120303825e-03 2.275303006172e-03 2.250802703202e-03 2.135051181540e-03 1.953325234354e-03 1.761944266036e-03 1.748495269567e-03 2.159241354093e-03 3.686781972647e-03 5.065718200058e-03 5.740338470787e-03 6.083384156227e-03 6.128074135631e-03 6.292364560068e-03 6.130765657872e-03 5.274850409478e-03 4.533317405730e-03 4.354827105999e-03 5.084070377052e-03 5.555789917707e-03 5.878798663616e-03 6.266689859331e-03 8.332869969308e-03 1.236495375633e-02 1.633973978460e-02 1.654686406255e-02 2.589189261198e-02 3.101093694568e-02 2.432003803551e-02
9.148632525466e-04 1.388617791235e-03 1.680088113062e-03 1.803493709303e-03 1.878304407001e-03 1.912077888846e-03 1.923173200339e-03 1.910549006425e-03 1.874048844911e-03 1.823736820370e-03 1.916524837725e-03 2.082547638565e-03 2.226840937510e-03 2.351611619815e-03 2.439543604851e-03 2.461640629917e-03 2.392468973994e-03 2.224374329671e-03 1.990947872400e-03 1.926966826431e-03 1.826305524446e-03 2.328364644200e-03 3.799734404311e-03 5.228388123214e-03 1.293499208987e-02 3.830964863300e-02 4.076860472560e-02 1.834606751800e-02 1.069573406130e-02 8.432462811470e-03 5.983679089695e-03 4.602144937962e-03 5.390672013164e-03 7.072961889207e-03 5.800473503768e-03 6.799852941185e-03 7.534738630056e-03 1.276364549994e-02 2.230982854962e-02 2.177818492055e-02 2.413966692984e-02 3.187544271350e-02 4.383452609181e-02
1.295249210671e-03 1.918107154779e-03 2.282083034515e-03 2.477802801877e-03 2.532246289775e-03 2.517729997635e-03 2.466734731570e-03 2.389150438830e-03 2.290775300935e-03 2.210149541497e-03 2.598626306280e-03 2.985773142427e-03 3.321941941977e-03 3.552419831976e-03 3.630058607087e-03 3.532652277499e-03 3.261741017923e-03 2.836995059624e-03 2.612868323922e-03 2.484222874045e-03 2.327313646674e-03 2.694412600249e-03 3.800856880844e-03 8.472535759211e-03 3.585466369987e-02 1.032563969493e-01 1.129051446915e-01 5.677663162351e-02 2.459376491606e-02 1.210553571582e-02 7.816866040230e-03 5.853971932083e-03 5.365755874664e-03 7.541711442173e-03 8.282336406410e-03 8.590770885348e-03 7.686115801334e-03 1.149689685553e-02 2.630397491157e-02 3.955468535423e-02 2.611173503101e-02 2.518407255411e-02 5.580256879330e-02
1.627391786315e-03 2.323173219338e-03 2.779076108709e-03 2.955226227641e-03 2.947012661025e-03 2.849594922736e-03 2.710107481107e-03 2.637953963131e-03 3.102221759036e-03 3.785225562751e-03 4.490419756621e-03 5.156601779163e-03 5.723766516894e-03 6.171440705657e-03 6.480523850769e-03 6.592842284590e-03 6.423149723560e-03 5.871772766113e-03 4.844342824072e-03 3.588098566979e-03 3.320094663650e-03 3.396619809791e-03 7.437997963279e-03 1.350262388587e-02 3.891458734870e-02 3.208706080914e-01 6.003677248955e-01 1.303044706583e-01 5.696942657232e-02 2.039300277829e-02 9.572924114764e-03 7.245680317283e-03 7.127766031772e-03 9.915611706674e-03 1.192016899586e-02 1.162207312882e-02 9.592568501830e-03 1.385242678225e-02 2.215136215091e-02 4.856847971678e-02 4.884780943394e-02 2.407903783023e-02 5.812352895737e-02
1.732259639539e-03 2.422566991299e-03 2.830673707649e-03 2.927927067503e-03 2.828150056303e-03 2.948031760752e-03 3.256152383983e-03 3.459817497060e-03 4.149999935180e-03 5.110444501042e-03 6.112459581345e-03 7.064033299685e-03 7.899500429630e-03 8.645390160382e-03 9.361682459712e-03 1.004073303193e-02 1.049451995641e-02 1.031173020601e-02 8.937747217715e-03 6.419067271054e-03 4.902734421194e-03 6.993669085205e-03 1.231098920107e-02 1.745859906077e-02 7.682528346777e-02 1.846757978201e-01 2.348836511374e-01 7.113804668188e-02 2.673544920981e-02 1.626216433942e-02 1.388023234904e-02 1.696947403252e-02 2.191459760070e-02 2.033059485257e-02 1.493980176747e-02 1.465681381524e-02 1.210025418550e-02 1.413359679282e-02 1.559405960143e-02 3.192006796598e-02 4.247388243675e-02 2.724655717611e-02 1.020743921399e-01
2.359247533605e-03 3.733974881470e-03 4.703909624368e-03 5.252347327769e-03 5.555433686823e-03 5.669889505953e-03 5.610138643533e-03 5.400334484875e-03 5.080615170300e-03 5.300641991198e-03 6.399734411389e-03 7.507997099310e-03 8.560883812606e-03 9.571853093803e-03 1.065071672201e-02 1.192123349756e-02 1.315367966890e-02 1.360387820750e-02 1.225637551397e-02 1.100852992386e-02 1.107848249376e-02 1.193004846573e-02 1.535993535072e-02 2.086818218231e-02 3.975074738264e-02 1.471183169633e-02 1.151086296886e-02 1.150855142623e-02 1.252553611994e-02 1.356079243124e-02 1.499203499407e-02 1.037130132318e-01 6.829410046339e-02 5.478951707482e-02 3.307501226664e-02 4.904234781861e-02 4.517427831888e-02 2.124967239797e-02 1.638446748257e-02 1.970169506967e-02 2.938306145370e-02 7.773806154728e-02 1.181492358446e-01
4.327832721174e-03 6.723617203534e-03 8.230865933001e-03 8.837075904012e-03 8.928612805903e-03 8.698839694262e-03 8.246319368482e-03 7.655987050384e-03 7.119150366634e-03 7.380935363472e-03 7.565037813038e-03 7.622506935149e-03 8.223910816014e-03 9.340253658593e-03 1.039459463209e-02 1.157794706523e-02 1.274650543928e-02 1.878809556365e-02 2.426359429955e-02 2.442973293364e-02 2.496131323278e-02 2.471825852990e-02 1.808013580739e-02 2.176403626800e-02 1.081145089120e-02 8.174340240657e-03 7.488341536373e-03 6.485497578979e-03 7.343503646553e-03 1.025944668800e-02 2.273446880281e-02 1.228314712644e-01 8.779292553663e-02 6.140724942088e-02 5.351080000401e-02 1.138083711267e-01 1.086794137955e-01 4.917228966951e-02 3.694710880518e-02 3.424741327763e-02 4.335587844253e-02 7.335618883371e-02 1.313691586256e-01
6.294182501733e-03 9.576510637999e-03 1.126714795828e-02 1.159661170095e-02 1.420723367482e-02 1.528094056994e-02 1.502291858196e-02 1.400479115546e-02 1.263213064522e-02 1.120144501328e-02 1.131389942020e-02 1.106408424675e-02 1.180752087384e-02 1.361710391939e-02 1.491647213697e-02 1.609373837709e-02 1.818626560271e-02 2.012542448938e-02 1.851670816541e-02 2.117226831615e-02 2.220736071467e-02 1.809715665877e-02 1.483232341707e-02 8.515827357769e-03 7.481056265533e-03 5.803688429296e-03 4.810015670955e-03 3.857033327222e-03 3.542990190908e-03 6.289849989116e-03 1.002743933350e-02 5.253114178777e-02 7.014209032059e-02 1.065589636564e-01 1.131614446640e-01 1.449094861746e-01 1.037979573011e-01 4.895891994238e-02 7.673653215170e-02 7.677812129259e-02 5.398648232222e-02 7.076241075993e-02 2.268088608980e-01
7.381279021502e-03 1.112035010010e-02 1.285878475755e-02 1.437344495207e-02 1.743260398507e-02 1.861212030053e-02 1.818863861263e-02 1.684936322272e-02 1.505514979362e-02 1.313162967563e-02 1.157986931503e-02 1.273954287171e-02 1.473578251898e-02 1.691970974207e-02 1.839808002114e-02 1.889035478234e-02 1.771324500442e-02 1.456245221198e-02 1.150765921921e-02 9.950703009963e-03 8.469495922327e-03 5.938524845988e-03 5.306070670485e-03 5.072584375739e-03 4.517010878772e-03 3.684434806928e-03 2.839120337740e-03 2.699463861063e-03 3.442131914198e-03 5.127703770995e-03 7.435594219714e-03 2.917638979852e-02 3.210140019655e-02 6.234769150615e-02 7.229853421450e-02 1.643613427877e-01 1.448554843664e-01 7.589232921600e-02 6.988611817360e-02 3.036062121391e-01 7.140643000603e-01 1.847149580717e-01 1.134957969189e-01
5.508068483323e-03 8.218563161790e-03 9.387412108481e-03 9.520188905299e-03 1.136603392661e-02 1.201144978404e-02 1.166989747435e-02 1.077078841627e-02 9.591265581548e-03 8.344717323780e-03 7.787298411131e-03 8.379221893847e-03 8.703197352588e-03 8.761985227466e-03 8.567461743951e-03 8.650206029415e-03 7.758552208543e-03 6.224139593542e-03 7.246837485582e-03 6.830355618149e-03 5.441256798804e-03 3.960774745792e-03 3.705096431077e-03 3.301815828308e-03 2.760397968814e-03 2.169440966100e-03 2.453523222357e-03 3.415738465264e-03 4.284818191081e-03 8.794859051704e-03 1.113624963909e-02 1.656997390091e-02 2.857491187751e-02 2.150022052228e-02 1.857232488692e-02 2.276120334864e-02 1.412236690521e-01 8.165884763002e-02 6.310359388590e-02 4.054825007915e-01 8.951379060745e-01 9.823283553123e-02 3.541397675872e-02
2.607061527669e-03 3.849606262520e-03 4.496955778450e-03 5.113376770169e-03 5.354748107493e-03 5.636312533170e-03 5.688767414540e-03 5.387900397182e-03 5.120233632624e-03 5.045182537287e-03 4.950097296387e-03 4.545514937490e-03 4.670751281083e-03 4.802584182471e-03 4.765967838466e-03 4.509939812124e-03 6.003476213664e-03 7.664414588362e-03 7.220011204481e-03 5.400773137808e-03 3.444162895903e-03 2.498528221622e-03 2.263927599415e-03 1.960323425010e-03 1.633494161069e-03 2.497949870303e-03 3.852322697639e-03 5.148445256054e-03 7.089594379067e-03 1.154006458819e-02 1.583149097860e-02 2.135905995965e-02 2.444292046130e-02 2.079222351313e-02 1.272857747972e-02 1.479528844357e-02 2.879013121128e-02 7.257102429867e-02 1.192579865456e-01 1.250718981028e-01 6.623170524836e-02 2.530286647379e-02 2.360662445426e-02
1.710500800982e-03 2.491762163118e-03 3.160823136568e-03 3.571995534003e-03 3.733264282346e-03 3.716028295457e-03 3.626844612882e-03 3.454061923549e-03 3.249518340454e-03 3.033547662199e-03 2.812607912347e-03 2.592604141682e-03 2.382105682045e-03 2.313858130947e-03 2.284739166498e-03 3.272489644587e-03 5.573896225542e-03 6.590664386749e-03 5.636664573103e-03 3.881647484377e-03 2.360861515626e-03 1.505644177087e-03 1.500758458860e-03 1.641789567657e-03 2.228661207482e-03 3.795756027102e-03 5.730621051043e-03 8.035056293011e-03 1.147154252976e-02 1.567436568439e-02 2.346877194941e-02 2.421937882900e-02 2.188240550458e-02 1.191285625100e-02 9.020080789924e-03 1.228422764689e-02 1.495164539665e-02 5.663900449872e-02 1.400046348572e-01 8.073626458645e-02 4.794507846236e-02 2.159471623600e-02 2.048640698195e-02
1.189335249364e-03 1.722610672005e-03 2.154879271984e-03 2.423165831715e-03 2.544019138440e-03 2.559430664405e-03 2.504174597561e-03 2.400729106739e-03 2.264809794724e-03 2.104179468006e-03 1.928099663928e-03 1.741073559970e-03 1.840884448029e-03 1.851566485129e-03 1.709109754302e-03 1.938939443789e-03 3.470734925941e-03 4.316377453506e-03 4.029805772007e-03 3.149699419737e-03 2.222715411335e-03 1.492684707046e-03 1.604765071534e-03 1.843310776167e-03 3.149540163577e-03 6.964358035475e-03 1.491379737854e-02 1.379945222288e-02 1.141890138388e-02 2.115949988365e-02 2.882312610745e-02 2.471516653895e-02 1.769439689815e-02 8.351965807378e-03 8.876095525920e-03 1.219945773482e-02 1.710441708565e-02 6.102560460567e-02 1.026278883219e-01 4.821223020554e-02 2.795141376555e-02 1.723545603454e-02 1.546167489141e-02
7.958353380673e-04 1.142090535723e-03 1.416727784090e-03 1.584262703545e-03 1.658090623096e-03 1.665875082836e-03 1.627001562156e-03 1.553970389068e-03 1.454186160117e-03 1.333951367997e-03 1.317160204053e-03 1.480737933889e-03 1.545188832097e-03 1.477698562667e-03 1.423550653271e-03 1.628298545256e-03 1.808259403333e-03 2.204421907663e-03 2.518668072298e-03 2.428434789181e-03 2.064867410809e-03 1.629666425288e-03 1.712346565910e-03 2.348234644160e-03 4.099729470909e-03 1.214947737753e-02 1.739185303450e-02 1.038038264960e-02 1.162428688258e-02 2.238055504858e-02 3.031322732568e-02 2.400156855583e-02 1.677328534424e-02 1.150673348457e-02 1.261128578335e-02 1.219369750470e-02 2.649961411953e-02 1.060097962618e-01 7.663810253143e-02 2.019216679037e-02 4.044979065657e-02 1.755756326020e-02 1.194985490292e-02
4.677750112023e-04 6.653974414803e-04 8.193546673283e-04 9.102683980018e-04 9.468536009081e-04 9.452443919145e-04 9.162093629129e-04 8.666199864820e-04 8.294321014546e-04 1.012549852021e-03 1.185085740872e-03 1.298121991567e-03 1.307655125856e-03 1.454211072996e-03 1.681569847278e-03 1.911648432724e-03 2.112441696227e-03 2.242936985567e-03 2.263166708872e-03 2.158013405278e-03 1.966767013073e-03 1.827062922530e-03 2.030401024967e-03 2.926330082119e-03 4.945126827806e-03 1.362581923604e-02 1.436646189541e-02 1.144122891128e-02 1.041853614151e-02 2.001878619194e-02 2.806294523180e-02 2.185601927340e-02 2.143674343824e-02 1.446367055178e-02 1.519544236362e-02 1.093387138098e-02 2.520846575499e-02 6.783215701580e-02 3.327804803848e-02 2.370454557240e-02 5.363920703530e-02 1.729296334088e-02 9.139286354184e-03
