100/SI/f145.grd
DSAA
101	101
32.816463539100	34.260883539100
35.556306596100	36.727886596100
7.950866711326e-05	1.288216304779e+01
[rows 76 to 94 of 101, columns 43 to 85 of 101]
1.993044652045e-02 1.704521849751e-02 3.097622282803e-02 7.832854241133e-02 8.343332260847e-02 1.661296337843e-01 2.649186253548e-01 2.977104187012e-01 1.843318641186e-01 5.158648267388e-02 1.873882114887e-01 4.199609458447e-01 3.136605620384e-01 8.293793350458e-02 3.693626448512e-02 5.236290022731e-02 5.537616834044e-02 2.838832326233e-02 2.655846811831e-02 3.307943418622e-02 1.218565478921e-01 2.787588238716e-01 6.560139358044e-02 4.436248913407e-02 3.211614862084e-02 2.152435481548e-02 1.092232298106e-02 9.390898980200e-03 9.151081554592e-03 8.630607277155e-03 8.223127573729e-03 8.564332500100e-03 9.011222980917e-03 9.554725140333e-03 9.648062288761e-03 8.978089317679e-03 8.234629407525e-03 7.697617635131e-03 7.321546785533e-03 7.097953464836e-03 7.909670472145e-03 1.213623397052e-02 1.655529811978e-02
3.258332982659e-02 4.397678002715e-02 5.626914277673e-02 5.852576345205e-02 8.001027256250e-02 1.104651018977e-01 1.424521654844e-01 1.345267593861e-01 2.156713008881e-01 3.147824406624e-01 3.118696808815e-01 1.494819223881e-01 1.076417714357e-01 9.506034851074e-02 6.130931153893e-02 6.499224156141e-02 1.801060512662e-02 1.104162447155e-02 1.368275843561e-02 1.532850600779e-02 1.160397939384e-02 1.390236616135e-02 2.204863727093e-02 2.204911969602e-02 2.000449411571e-02 1.226809807122e-02 5.959040950984e-03 5.351006519049e-03 6.286554504186e-03 7.239195518196e-03 7.717859931290e-03 7.881413213909e-03 7.835023105145e-03 7.488996256143e-03 6.511909421533e-03 5.225725937635e-03 4.187577404082e-03 4.161319695413e-03 4.409069661051e-03 5.090222693980e-03 6.400306709111e-03 1.091983355582e-02 1.461083628237e-02
6.891573220491e-02 1.040322780609e-01 6.915818154812e-02 3.228360041976e-02 3.780651092529e-02 1.371441483498e-01 3.846411406994e-01 5.119044780731e-01 3.829267323017e-01 1.887563914061e-01 1.028745099902e-01 6.628376245499e-02 4.767201095819e-02 7.679436355829e-02 6.379047781229e-02 2.395114861429e-02 7.932328619063e-03 7.197554223239e-03 7.526705507189e-03 1.022175326943e-02 7.617298047990e-03 6.936460267752e-03 8.034605532885e-03 9.000614285469e-03 8.155474439263e-03 7.466134615242e-03 6.039469037205e-03 6.284540984780e-03 5.287768319249e-03 6.064218003303e-03 6.345828063786e-03 5.911693442613e-03 5.643445067108e-03 5.450416821986e-03 3.833418246359e-03 3.705696435645e-03 3.936483524740e-03 3.922190982848e-03 3.841027617455e-03 4.052951466292e-03 4.957039374858e-03 9.476685896516e-03 1.390055287629e-02
9.829953312874e-02 1.144239455462e-01 3.858178481460e-02 4.010936617851e-02 1.409095078707e-01 2.522245049477e-01 2.600842416286e-01 2.227747887373e-01 1.863164603710e-01 8.907450735569e-02 7.896936684847e-02 9.549896419048e-02 5.854413658381e-02 3.700340539217e-02 1.626737974584e-02 8.810882456601e-03 5.568699911237e-03 5.261061713099e-03 5.053771194071e-03 6.401611026376e-03 5.664621945471e-03 5.669128149748e-03 5.274603143334e-03 5.202983506024e-03 5.047206766903e-03 5.151756573468e-03 4.978705197573e-03 5.062966607511e-03 5.447607953101e-03 5.218666978180e-03 5.287921056151e-03 4.356923513114e-03 4.824781790376e-03 5.061096977443e-03 4.026161506772e-03 3.073116298765e-03 3.678578417748e-03 3.915032837540e-03 3.932054620236e-03 3.863630583510e-03 3.956377506256e-03 5.092632025480e-03 8.567630313337e-03
4.296427592635e-02 7.021746784449e-02 1.014034450054e-01 1.320751011372e-01 1.451443284750e-01 1.189801767468e-01 1.351141184568e-01 1.652022004128e-01 2.356576770544e-01 9.290892630816e-02 9.579163044691e-02 5.853829532862e-02 2.360991947353e-02 9.926668368280e-03 6.870916578919e-03 5.598164629191e-03 5.016954615712e-03 4.523132462054e-03 4.147277213633e-03 3.910182975233e-03 4.349351394922e-03 3.366465680301e-03 3.412267426029e-03 3.400491317734e-03 3.584855934605e-03 3.765945089981e-03 3.801002632827e-03 3.482095664367e-03 2.987194806337e-03 3.583275713027e-03 3.478610422462e-03 3.370754886419e-03 3.783481894061e-03 4.220752976835e-03 3.881635610014e-03 3.041148884222e-03 3.417025785893e-03 3.837856696919e-03 3.941532224417e-03 3.981934394687e-03 4.618111532182e-03 5.543153733015e-03 7.006139960140e-03
4.706801846623e-02 1.432207673788e-01 2.654345035553e-01 1.565847843885e-01 1.005840525031e-01 1.738691627979e-01 2.313943058252e-01 3.111618459225e-01 1.533822119236e-01 7.918108254671e-02 3.745792806149e-02 2.171675302088e-02 9.073277004063e-03 5.842805374414e-03 4.117075819522e-03 3.476372687146e-03 3.191305557266e-03 2.967446809635e-03 3.048696788028e-03 3.249243367463e-03 3.339938120916e-03 3.094171406701e-03 3.011567750946e-03 3.232751274481e-03 3.863618010655e-03 4.501399118453e-03 4.923768807203e-03 4.785662051290e-03 3.779929596931e-03 2.917111152783e-03 2.891863230616e-03 2.668655011803e-03 2.709252992645e-03 3.387795062736e-03 3.508651396260e-03 3.270903835073e-03 3.106814576313e-03 3.640511771664e-03 3.843775717542e-03 3.882582997903e-03 4.429253749549e-03 6.138809956610e-03 8.310223929584e-03
8.853181451559e-02 2.779260873795e-01 2.139191776514e-01 1.726278513670e-01 1.890474706888e-01 1.808537542820e-01 1.269505321980e-01 1.244369521737e-01 9.688175469637e-02 4.978564754128e-02 1.815711520612e-02 1.127851475030e-02 6.040449719876e-03 3.900700481609e-03 3.089789766818e-03 2.543897368014e-03 2.541793044657e-03 2.714346861467e-03 2.651290269569e-03 2.577612176538e-03 2.801008522511e-03 2.872793935239e-03 2.790887374431e-03 2.797944471240e-03 3.521641250700e-03 4.324476234615e-03 4.911432042718e-03 4.899514839053e-03 3.978393971920e-03 2.690054941922e-03 2.810520585626e-03 2.909791655838e-03 2.379001583904e-03 2.491962863132e-03 2.973461057991e-03 3.321446711197e-03 3.356039756909e-03 3.331164829433e-03 3.641934134066e-03 3.801907645538e-03 3.761303843930e-03 4.263020120561e-03 5.388134624809e-03
1.193039119244e-01 2.024268060923e-01 1.202143430710e-01 7.369897514582e-02 4.921045899391e-02 6.027593091130e-02 5.311423540115e-02 6.344702094793e-02 5.345366895199e-02 1.864111423492e-02 1.313319150358e-02 7.829772308469e-03 6.413815543056e-03 4.756566137075e-03 2.962927799672e-03 2.405371982604e-03 2.613792894408e-03 2.636095276102e-03 2.400060417131e-03 2.309508854523e-03 2.680716104805e-03 2.937054494396e-03 3.073971252888e-03 2.965660067275e-03 2.747140591964e-03 3.284100675955e-03 3.666179487482e-03 3.633979940787e-03 3.003636607900e-03 2.418931573629e-03 2.497889799997e-03 2.741194097325e-03 2.615357516333e-03 2.213725121692e-03 2.281066263095e-03 2.714096568525e-03 3.017503768206e-03 2.954411553219e-03 3.362035844475e-03 3.651400562376e-03 3.719308879226e-03 3.906256519258e-03 4.380591679364e-03
1.708928048611e-01 1.404199749231e-01 4.558591172099e-02 3.445589542389e-02 3.653952479362e-02 2.204570919275e-02 3.130308911204e-02 5.065305158496e-02 3.374166786671e-02 1.640116982162e-02 1.239441055804e-02 6.878148764372e-03 6.701385602355e-03 6.350917741656e-03 3.969805315137e-03 3.132693469524e-03 2.658410463482e-03 2.536063548177e-03 2.186648314819e-03 2.225528471172e-03 2.694149734452e-03 3.231675596908e-03 3.553042886779e-03 3.318391507491e-03 2.834263024852e-03 2.431708388031e-03 2.617134479806e-03 2.794402884319e-03 2.794934203848e-03 2.989392960444e-03 2.686223480850e-03 2.498075831681e-03 2.512451028451e-03 2.278590342030e-03 2.226522658020e-03 2.659108256921e-03 2.906487556174e-03 2.830269979313e-03 3.027509897947e-03 3.406143980101e-03 3.571439301595e-03 3.985737916082e-03 5.042350385338e-03
2.703482210636e-01 1.187551468611e-01 2.320299670100e-02 1.656699366868e-02 1.269112341106e-02 1.562151033431e-02 1.669680327177e-02 3.799631446600e-02 3.846823424101e-02 2.343375235796e-02 1.167496386915e-02 6.665877997875e-03 5.766754504293e-03 6.025076843798e-03 4.941104911268e-03 3.036294365302e-03 2.633511787280e-03 2.439466537908e-03 2.027065260336e-03 2.199523383752e-03 2.755841473117e-03 3.597301896662e-03 3.922780044377e-03 3.484113840386e-03 2.926805522293e-03 2.578325569630e-03 2.703320933506e-03 3.011135850102e-03 3.146567847580e-03 3.129198215902e-03 2.898422302678e-03 2.417840529233e-03 2.775513799861e-03 2.285213442519e-03 2.168549690396e-03 2.341891406104e-03 2.943024737760e-03 3.239447483793e-03 3.450253279880e-03 3.920417279005e-03 4.501000512391e-03 4.671898670495e-03 4.540498834103e-03
2.313286066055e-01 7.166850566864e-02 1.767541840672e-02 9.930268861353e-03 9.122144430876e-03 1.058459468186e-02 1.964852772653e-02 2.513824589550e-02 3.030772320926e-02 2.114524133503e-02 1.387033332139e-02 7.743461988866e-03 5.086279474199e-03 4.354717675596e-03 4.168188665062e-03 3.519308520481e-03 3.059422597289e-03 3.361493116245e-03 2.805297728628e-03 2.427770057693e-03 3.026470309123e-03 4.039860330522e-03 4.205037839711e-03 3.532637842000e-03 2.999938558787e-03 2.733918605372e-03 2.824235241860e-03 3.172442549840e-03 3.430898534134e-03 3.204792505130e-03 2.861216897145e-03 2.366494387388e-03 2.830070443451e-03 2.187305828556e-03 2.103020437062e-03 2.044711727649e-03 2.211808227003e-03 2.913134871051e-03 3.710173070431e-03 4.775853361934e-03 5.829681176692e-03 6.244502030313e-03 6.314200814813e-03
1.218138486147e-01 2.246088348329e-02 1.055089663714e-02 9.148354642093e-03 7.654692977667e-03 7.846867665648e-03 1.267569698393e-02 7.019933778793e-03 1.840925402939e-02 2.781512588263e-02 1.973750814795e-02 1.501679979265e-02 7.514321245253e-03 4.616640973836e-03 3.943659830838e-03 3.971586003900e-03 4.210957791656e-03 3.785914974287e-03 3.316065995023e-03 2.961866324767e-03 3.618675516918e-03 4.442480858415e-03 4.277226515114e-03 3.602287033573e-03 3.215206088498e-03 3.025357611477e-03 3.011473920196e-03 3.332004416734e-03 3.628761041909e-03 3.483123611659e-03 2.914530225098e-03 2.323442604393e-03 2.669916255400e-03 2.420917619020e-03 2.087065484375e-03 2.074643503875e-03 1.998717430979e-03 2.089614281431e-03 2.683284925297e-03 4.101254045963e-03 5.600029136986e-03 6.528663914651e-03 7.060834206641e-03
3.296732902527e-02 1.279155258089e-02 8.248209021986e-03 7.896814495325e-03 6.179228425026e-03 5.613474640995e-03 5.694835912436e-03 5.329906474799e-03 6.698624230921e-03 2.295010350645e-02 2.542698197067e-02 3.729695826769e-02 2.386231347919e-02 8.564990945160e-03 5.310417152941e-03 4.425227176398e-03 4.747467581183e-03 5.622363183647e-03 5.232900381088e-03 4.180748481303e-03 4.123067483306e-03 4.616741556674e-03 4.150013905019e-03 3.581958590075e-03 3.371159546077e-03 3.338281763718e-03 3.402414498851e-03 3.407176118344e-03 3.716126782820e-03 3.743012202904e-03 3.232968738303e-03 2.494311193004e-03 2.502842573449e-03 2.506524324417e-03 2.331583295017e-03 2.388180466369e-03 2.364359563217e-03 2.322565997019e-03 2.291668672115e-03 2.353776013479e-03 3.187993075699e-03 4.245319869369e-03 5.004527978599e-03
1.178594306111e-02 7.397416979074e-03 7.394880987704e-03 6.452783942223e-03 5.271547473967e-03 4.783579614013e-03 4.152947105467e-03 4.142452497035e-03 4.907535389066e-03 9.512565098703e-03 3.803549706936e-02 9.341677278280e-02 6.408499926329e-02 2.041803859174e-02 8.968139067292e-03 5.562440957874e-03 4.932852927595e-03 5.924081895500e-03 5.732859019190e-03 6.085333414376e-03 5.855142604560e-03 4.825954791158e-03 4.317240789533e-03 3.872523782775e-03 3.753660945222e-03 3.781192936003e-03 3.774561453611e-03 3.677022643387e-03 3.729012329131e-03 3.946114331484e-03 3.574504982680e-03 2.612071577460e-03 2.437766175717e-03 2.405327046290e-03 2.516521839425e-03 2.701132791117e-03 2.826665062457e-03 2.865293063223e-03 2.840375294909e-03 2.736454829574e-03 2.745867474005e-03 2.889449708164e-03 2.982567762956e-03
1.063797902316e-02 6.046674679965e-03 6.585298106074e-03 5.040004849434e-03 4.122388549149e-03 3.892492270097e-03 3.377992426977e-03 3.492551157251e-03 3.540738020092e-03 6.589516066015e-03 2.881119213998e-02 7.774051278830e-02 7.012811303139e-02 4.517124965787e-02 1.095532905310e-02 6.015796214342e-03 4.577644169331e-03 6.616057828069e-03 7.850908674300e-03 7.361502852291e-03 6.019106600434e-03 4.709252156317e-03 4.660600330681e-03 4.382331389934e-03 4.234495572746e-03 4.136422649026e-03 3.959741443396e-03 3.612635424361e-03 3.766782814637e-03 3.991215955466e-03 3.522788872942e-03 2.742981305346e-03 2.841126639396e-03 2.750503132120e-03 2.608934650198e-03 2.524921437725e-03 2.697224495932e-03 2.800647169352e-03 2.770828781649e-03 2.591972704977e-03 2.877776511014e-03 3.397277556360e-03 3.766717622057e-03
1.312381494790e-02 6.912392098457e-03 5.816125776619e-03 4.494013264775e-03 3.371023107320e-03 3.181310370564e-03 3.247540444136e-03 3.188932780176e-03 3.208578331396e-03 4.119206685573e-03 1.093275472522e-02 3.984342887998e-02 1.447463482618e-01 1.116642951965e-01 1.870950683951e-02 7.030978333205e-03 7.770125288516e-03 8.286703377962e-03 7.365995086730e-03 5.860815290362e-03 4.760284908116e-03 4.857604857534e-03 5.146596115083e-03 4.982416983694e-03 4.642792046070e-03 4.212429746985e-03 3.644941141829e-03 3.321153810248e-03 3.902142867446e-03 4.022256471217e-03 3.638286143541e-03 4.041585605592e-03 4.051689524204e-03 3.831795416772e-03 3.446924500167e-03 2.680183388293e-03 2.255456522107e-03 2.236047061160e-03 2.297321101651e-03 2.468871884048e-03 2.900813473389e-03 3.614928573370e-03 4.477941896766e-03
1.390161924064e-02 7.848487235606e-03 5.883623845875e-03 3.920404240489e-03 2.926990389824e-03 3.071203362197e-03 3.032806795090e-03 3.108120290563e-03 2.796230604872e-03 3.151013748720e-03 6.173928733915e-03 2.026733383536e-02 7.031548768282e-02 6.194097176194e-02 2.066081203520e-02 1.174868736416e-02 9.653924964368e-03 7.488624658436e-03 5.767987109721e-03 4.619668237865e-03 4.599888809025e-03 4.904856905341e-03 5.212517455220e-03 4.955812357366e-03 4.280369263142e-03 3.472948214039e-03 2.861838554963e-03 3.122881753370e-03 3.931301180273e-03 4.142550285906e-03 4.312865436077e-03 4.738434217870e-03 4.704195074737e-03 4.381152801216e-03 3.724294481799e-03 2.805669093505e-03 2.872950863093e-03 2.981238765642e-03 3.156836610287e-03 3.306386526674e-03 3.347499994561e-03 3.721723798662e-03 4.801474511623e-03
1.299796160311e-02 7.016804534942e-03 4.947856534272e-03 3.077509813011e-03 2.811374375597e-03 3.033594693989e-03 2.930037444457e-03 2.533642575145e-03 2.012218115851e-03 2.841811627150e-03 5.250419490039e-03 8.970342576504e-03 2.479732409120e-02 2.942072600126e-02 2.128415554762e-02 1.302716042846e-02 8.236373774707e-03 5.852198228240e-03 5.423237103969e-03 5.264023318887e-03 4.737352021039e-03 4.477210808545e-03 4.328965675086e-03 3.802654100582e-03 2.999881515279e-03 2.667352557182e-03 2.633089199662e-03 2.818077569827e-03 3.671110607684e-03 4.115783609450e-03 3.053105203435e-03 3.330423031002e-03 3.330592997372e-03 3.113953629509e-03 3.033290384337e-03 3.313600551337e-03 3.579175565392e-03 3.931017592549e-03 4.314685240388e-03 4.530810285360e-03 4.448528867215e-03 4.145666491240e-03 4.713398404419e-03
1.161404047161e-02 5.186699796468e-03 3.554000053555e-03 2.204147633165e-03 2.632532967255e-03 2.921958686784e-03 2.798982663080e-03 2.309145871550e-03 1.704487949610e-03 2.557664876804e-03 4.717415664345e-03 7.299403194338e-03 1.725547201931e-02 2.210541255772e-02 1.716768182814e-02 1.016043592244e-02 6.288880947977e-03 5.833941977471e-03 5.738394800574e-03 4.808532074094e-03 3.820961574093e-03 3.190259914845e-03 2.790851751342e-03 2.338511403650e-03 2.181982388720e-03 2.147857565433e-03 2.157353330404e-03 2.397150499746e-03 3.200814127922e-03 3.753814613447e-03 2.913169562817e-03 2.284799236804e-03 2.190923085436e-03 2.798704663292e-03 3.309400286525e-03 3.756697289646e-03 4.274358041584e-03 4.918383900076e-03 5.522403866053e-03 5.767736118287e-03 5.486066453159e-03 4.837832879275e-03 4.647244233638e-03
