100/SI/f145.grd
DSAA
101	101
32.816463539100	34.260883539100
35.556306596100	36.727886596100
7.950866711326e-05	1.288216304779e+01
[rows 38 to 56 of 101, columns 0 to 42 of 101]
3.098998218775e-02 6.538764387369e-02 7.071382552385e-02 7.365789264441e-02 8.723319321871e-02 1.069240272045e-01 1.234753876925e-01 1.406744271517e-01 1.545961648226e-01 1.411843150854e-01 1.158524006605e-01 9.453471750021e-02 9.334093332291e-02 9.194349497557e-02 9.785623103380e-02 1.099226921797e-01 1.245505809784e-01 2.307712882757e-01 3.740584850311e-01 4.015902280807e-01 3.238450586796e-01 2.740127146244e-01 1.821520626545e-01 2.134844958782e-01 4.234521985054e-01 5.498631000519e-01 5.291812419891e-01 3.781048357487e-01 2.720863521099e-01 3.019680380821e-01 3.191966414452e-01 3.905251026154e-01 5.356100201607e-01 5.274778604507e-01 4.947314262390e-01 2.956471145153e-01 4.042240083218e-01 4.544721245766e-01 4.504707455635e-01 6.909679770470e-01 7.543838024139e-01 1.120732903481e+00 9.045698046684e-01
4.550890997052e-02 8.102653920650e-02 6.795479357243e-02 6.668100506067e-02 9.482676535845e-02 1.153475269675e-01 1.516067087650e-01 1.907666474581e-01 2.127439379692e-01 1.991943120956e-01 1.447056829929e-01 1.132581159472e-01 9.754945337772e-02 9.956922382116e-02 1.068242862821e-01 1.154368147254e-01 1.229913160205e-01 1.296029239893e-01 2.035861611366e-01 2.850105464458e-01 2.911815643311e-01 2.856287658215e-01 2.951363921165e-01 2.442550212145e-01 2.268074899912e-01 2.519617974758e-01 3.389815092087e-01 6.389703154564e-01 8.561616539955e-01 8.685732483864e-01 6.812729239464e-01 3.353270590305e-01 3.789088726044e-01 3.214034140110e-01 6.422345638275e-01 5.755937695503e-01 3.753888905048e-01 4.530596733093e-01 5.564428567886e-01 6.330028772354e-01 8.459571599960e-01 1.015731811523e+00 1.199027538300e+00
5.264410749078e-02 1.048560366035e-01 9.934622794390e-02 8.633007854223e-02 1.140141934156e-01 1.402876824141e-01 1.702632308006e-01 2.240602523088e-01 2.428575009108e-01 2.420549988747e-01 1.655435264111e-01 1.110013872385e-01 1.117820516229e-01 9.673684835434e-02 8.060895651579e-02 9.095299988985e-02 1.056122705340e-01 1.149853989482e-01 1.212116777897e-01 1.609162092209e-01 2.373807579279e-01 3.334126174450e-01 4.005145728588e-01 4.035490751266e-01 3.944710791111e-01 2.623123228550e-01 2.078657895327e-01 2.195211052895e-01 2.126458287239e-01 2.677818238735e-01 5.668623447418e-01 9.040080308914e-01 1.071609973907e+00 8.944364190102e-01 4.531855881214e-01 4.502925574780e-01 7.877478003502e-01 6.550561189651e-01 6.803385019302e-01 6.786950230598e-01 6.298862099648e-01 8.454266190529e-01 1.275011539459e+00
7.590068131685e-02 1.279159039259e-01 1.486442536116e-01 1.526964753866e-01 1.375832855701e-01 1.643392741680e-01 1.640162020922e-01 1.579481512308e-01 1.578747630119e-01 1.931116431952e-01 2.084584087133e-01 1.808586567640e-01 1.340937018394e-01 1.192467287183e-01 1.210250705481e-01 1.498347371817e-01 1.739075034857e-01 1.945841759443e-01 1.902405619621e-01 1.383005529642e-01 1.537930816412e-01 2.029927074909e-01 2.314916849136e-01 3.105255365372e-01 3.855394423008e-01 4.579847455025e-01 5.108352303505e-01 4.956449568272e-01 5.088654756546e-01 5.551520586014e-01 6.137705445290e-01 6.013935208321e-01 9.298089146614e-01 1.050156950951e+00 7.498133778572e-01 9.473261237144e-01 1.050981879234e+00 8.925524353981e-01 1.006198883057e+00 8.153523206711e-01 5.720696449280e-01 9.997516870499e-01 8.338186740875e-01
7.793363183737e-02 1.369715929031e-01 1.505222022533e-01 1.388593912125e-01 1.519489139318e-01 1.916214674711e-01 1.902948468924e-01 1.650335192680e-01 1.985940784216e-01 1.653011143208e-01 1.570034474134e-01 2.191336750984e-01 2.275007963181e-01 1.714392155409e-01 1.587281078100e-01 1.462669521570e-01 1.494486033916e-01 2.002806961536e-01 2.701861560345e-01 2.746839225292e-01 1.769054681063e-01 2.002073973417e-01 2.558938562870e-01 2.130324095488e-01 2.460221946239e-01 2.968230545521e-01 3.920790851116e-01 5.922057032585e-01 7.973105907440e-01 7.298805713654e-01 6.899762153625e-01 5.133335590363e-01 5.105655193329e-01 9.590637087822e-01 9.222317934036e-01 1.162809491158e+00 7.688274979591e-01 1.088789463043e+00 9.546937942505e-01 1.377181172371e+00 1.423288106918e+00 1.118480801582e+00 1.261175036430e+00
1.507097035646e-01 2.921948134899e-01 2.183003574610e-01 1.819137632847e-01 1.779838949442e-01 1.601446419954e-01 1.637701541185e-01 1.991944313049e-01 1.972346007824e-01 1.599189490080e-01 2.002101689577e-01 1.364495605230e-01 1.747796386480e-01 2.450249046087e-01 2.127817571163e-01 1.840603798628e-01 2.305064797401e-01 5.004909038544e-01 5.899147987366e-01 3.214743137360e-01 3.443242907524e-01 2.033588886261e-01 2.387511730194e-01 3.382871747017e-01 2.254088670015e-01 2.063001245260e-01 2.161019295454e-01 2.369536012411e-01 3.025566339493e-01 3.439849615097e-01 3.675088882446e-01 4.004061520100e-01 5.452570319176e-01 8.598595261574e-01 5.895813703537e-01 5.460395216942e-01 8.019793033600e-01 9.132608771324e-01 6.055748462677e-01 1.257739901543e+00 1.293263077736e+00 1.409068703651e+00 1.729130506516e+00
2.392705678940e-01 4.387966394424e-01 3.557247519493e-01 2.763360440731e-01 2.547333836555e-01 2.089698314667e-01 2.881121635437e-01 2.528460025787e-01 2.514955401421e-01 1.968041360378e-01 1.541608422995e-01 1.888286024332e-01 1.693241149187e-01 1.105311885476e-01 2.073627859354e-01 2.431907206774e-01 1.770634949207e-01 1.519141793251e-01 2.776781916618e-01 1.838594377041e-01 3.200080692768e-01 3.797200620174e-01 3.771977126598e-01 3.302448987961e-01 4.534734785557e-01 2.785473167896e-01 2.586803436279e-01 3.349590301514e-01 3.923852443695e-01 2.995648682117e-01 3.816123902798e-01 4.701707363129e-01 5.571928024292e-01 6.540523767471e-01 8.316365480423e-01 6.304289102554e-01 7.024417519569e-01 7.854105234146e-01 7.442044615746e-01 1.068809509277e+00 9.910140037537e-01 1.434261441231e+00 1.462675452232e+00
9.390704333782e-02 1.956090480089e-01 2.353445738554e-01 2.773519754410e-01 2.835118174553e-01 3.149209618568e-01 3.327673077583e-01 2.869960367680e-01 2.573339641094e-01 2.464758604765e-01 2.301345169544e-01 2.130021750927e-01 2.015616595745e-01 1.889771074057e-01 2.045064717531e-01 1.744898855686e-01 1.239337325096e-01 1.468317806721e-01 1.545983701944e-01 2.109284549952e-01 1.976367831230e-01 3.263674378395e-01 3.533360362053e-01 3.789530992508e-01 4.426328837872e-01 4.996099174023e-01 5.441786050797e-01 5.666067600250e-01 5.789024829865e-01 6.235851049423e-01 6.333180665970e-01 6.660580039024e-01 7.073482275009e-01 5.873662233353e-01 5.047711730003e-01 7.106258273125e-01 8.524573445320e-01 1.312698602676e+00 1.570637106895e+00 1.450328826904e+00 1.380111455917e+00 1.433210492134e+00 1.189522266388e+00
9.112920612097e-02 1.912322938442e-01 2.173717021942e-01 2.410515844822e-01 2.750124335289e-01 2.813364267349e-01 2.586891353130e-01 2.094818353653e-01 1.976521313190e-01 2.351696342230e-01 2.759404778481e-01 2.618512511253e-01 1.981804966927e-01 1.292866319418e-01 1.386749744415e-01 8.000686764717e-02 4.664362221956e-02 5.150967463851e-02 6.869877874851e-02 8.282805234194e-02 2.463808357716e-01 4.335508048534e-01 3.697835803032e-01 4.679642021656e-01 4.492602646351e-01 5.535730719566e-01 5.711680054665e-01 5.405309200287e-01 5.038619041443e-01 5.736932754517e-01 6.117677688599e-01 7.901962995529e-01 1.010321617126e+00 1.100844144821e+00 9.404129981995e-01 7.974253892899e-01 8.831707239151e-01 6.305475234985e-01 9.609084129333e-01 9.793683886528e-01 1.530303835869e+00 1.443276762962e+00 1.553336858749e+00
2.463075891137e-02 4.950156807899e-02 5.225144699216e-02 5.633567646146e-02 7.785505056381e-02 1.088757738471e-01 1.432012021542e-01 1.538603156805e-01 1.488037109375e-01 1.372918486595e-01 1.416424661875e-01 1.799764335155e-01 1.797168105841e-01 1.462528556585e-01 9.450773894787e-02 7.339800149202e-02 3.780709952116e-02 3.216458484530e-02 3.576720505953e-02 7.633551210165e-02 1.705549061298e-01 3.620501160622e-01 9.028640985489e-01 8.490030169487e-01 7.625620961189e-01 7.160025238991e-01 6.899163126945e-01 6.706311702728e-01 7.153081297874e-01 8.258797526360e-01 9.185156226158e-01 1.039704561234e+00 1.794587135315e+00 9.978694319725e-01 2.253236532211e+00 1.535639524460e+00 1.224577665329e+00 1.316312551498e+00 1.629434108734e+00 1.892366528511e+00 2.001667499542e+00 1.881864547729e+00 1.895684123039e+00
2.235809899867e-02 4.318859428167e-02 4.702633991838e-02 4.710692912340e-02 7.940861582756e-02 1.176852211356e-01 1.226772964001e-01 1.000932976604e-01 7.388011366129e-02 6.006919220090e-02 7.611858099699e-02 9.446597099304e-02 9.041761606932e-02 7.263984531164e-02 5.346629023552e-02 3.787990659475e-02 2.740712650120e-02 2.003425732255e-02 2.091004513204e-02 6.804160773754e-02 2.177169322968e-01 3.752012252808e-01 3.692164719105e-01 7.836605310440e-01 1.888049006462e+00 9.550746679306e-01 5.949621796608e-01 5.389125347137e-01 5.605128407478e-01 6.111772060394e-01 1.051040291786e+00 1.514898657799e+00 8.020489811897e-01 1.194412350655e+00 2.158211231232e+00 3.945201158524e+00 1.611551046371e+00 1.273074150085e+00 1.131145119667e+00 1.244223833084e+00 1.064985871315e+00 1.985133290291e+00 2.313588619232e+00
1.160554029047e-02 2.410560660064e-02 2.889567427337e-02 3.207012265921e-02 4.229056090117e-02 6.800951063633e-02 7.793813943863e-02 6.755683571100e-02 5.227557197213e-02 3.905327618122e-02 3.223736211658e-02 3.078147768974e-02 2.454871870577e-02 2.156206220388e-02 2.572361938655e-02 1.958991587162e-02 1.822756603360e-02 1.532886270434e-02 1.778799109161e-02 2.720947749913e-02 4.627075046301e-02 1.253017485142e-01 1.312385052443e-01 1.777454912663e-01 6.866557598114e-01 7.254104018211e-01 2.703436613083e-01 1.481353938580e-01 1.545605510473e-01 4.992070794106e-01 6.609002351761e-01 7.159602046013e-01 7.465307712555e-01 6.129976511002e-01 9.019299745560e-01 2.600763082504e+00 1.386831641197e+00 8.469194173813e-01 5.912703871727e-01 5.344905853271e-01 5.026018023491e-01 1.316632151604e+00 1.827651023865e+00
5.135239567608e-03 1.025206223130e-02 1.066274661571e-02 1.183380000293e-02 1.486359443516e-02 1.882599666715e-02 2.240461669862e-02 2.438339963555e-02 2.359197102487e-02 1.998909935355e-02 1.711058430374e-02 1.967080123723e-02 2.030668966472e-02 1.877694018185e-02 1.907819509506e-02 2.180235274136e-02 1.655204407871e-02 1.325572840869e-02 1.483642403036e-02 2.210187725723e-02 2.524555847049e-02 4.609094187617e-02 8.016277104616e-02 1.749912500381e-01 4.250363111496e-01 2.634145617485e-01 1.633871495724e-01 1.298960447311e-01 1.250235885382e-01 4.029034450650e-02 3.530208393931e-02 3.828206658363e-02 5.978073179722e-02 1.300429701805e-01 3.016830980778e-01 5.132344245911e+00 9.781419754028e+00 1.301341533661e+00 8.867644071579e-01 4.567404985428e-01 3.218748271465e-01 3.482270240784e-01 6.745920181274e-01
4.145403392613e-03 7.537082303315e-03 8.377964608371e-03 8.378678932786e-03 8.417626842856e-03 1.084439270198e-02 1.424238458276e-02 1.753146015108e-02 1.948993653059e-02 1.908850111067e-02 1.603428646922e-02 1.479714084417e-02 1.607161015272e-02 1.554518193007e-02 1.382865011692e-02 1.693932153285e-02 1.966738142073e-02 1.563598588109e-02 1.205166615546e-02 3.523996844888e-02 4.466603696346e-02 3.390366956592e-02 4.501956328750e-02 7.892799377441e-02 1.498410552740e-01 1.488432765007e+00 3.236828744411e-01 2.872251868248e-01 1.213664785028e-01 2.389474213123e-02 2.090407162905e-02 2.189089357853e-02 2.545524016023e-02 3.135124221444e-02 4.198715835810e-02 2.257739901543e-01 1.575095653534e+00 4.051789760590e+00 1.034594297409e+00 5.799149870872e-01 1.668965220451e-01 1.073718145490e-01 1.182974651456e-01
3.888474777341e-03 9.258299134672e-03 1.251849252731e-02 1.444672420621e-02 1.504310872406e-02 1.387759670615e-02 1.233389973640e-02 1.121875923127e-02 1.397964823991e-02 1.603261008859e-02 1.598475500941e-02 1.383017562330e-02 1.200024038553e-02 1.492393016815e-02 1.558521296829e-02 1.392895448953e-02 1.623100228608e-02 2.094355598092e-02 1.652216166258e-02 3.486709296703e-02 3.706966713071e-02 3.158663958311e-02 3.518097475171e-02 3.812554851174e-02 8.684547990561e-02 3.017234504223e-01 3.129773437977e-01 8.018984645605e-02 3.727288171649e-02 2.314483374357e-02 1.734545640647e-02 1.480925362557e-02 1.460784487426e-02 1.829977519810e-02 2.376282401383e-02 8.067034929991e-02 4.129067957401e-01 1.456988215446e+00 1.763548374176e+00 2.716135084629e-01 1.167678311467e-01 7.552971690893e-02 7.154271006584e-02
5.889347288758e-03 1.386405900121e-02 1.771827042103e-02 1.992123946548e-02 2.046291716397e-02 1.954966410995e-02 1.834704726934e-02 1.649932563305e-02 1.423056144267e-02 1.162423752248e-02 1.284003816545e-02 1.348775532097e-02 1.291817519814e-02 1.514289155602e-02 1.737174391747e-02 1.641328260303e-02 1.384934317321e-02 2.199720963836e-02 2.346361242235e-02 6.152166053653e-02 3.944929316640e-02 2.839037217200e-02 1.919405348599e-02 1.980888657272e-02 3.729308024049e-02 2.696896195412e-01 3.822138309479e-01 7.264302670956e-02 4.763143137097e-02 2.423269487917e-02 1.499051693827e-02 1.035646069795e-02 9.210213087499e-03 9.732908569276e-03 1.490575633943e-02 2.467688731849e-02 1.670674681664e-01 5.163044929504e-01 1.369626402855e+00 6.631720662117e-01 3.158332705498e-01 6.305201351643e-02 5.328967794776e-02
4.017412196845e-03 8.783632889390e-03 1.095512323081e-02 1.202075928450e-02 1.165541168302e-02 1.164920348674e-02 1.303353812546e-02 1.457292400301e-02 1.602045446634e-02 1.604331284761e-02 1.381349470466e-02 1.039670407772e-02 1.224712654948e-02 1.342123374343e-02 1.347624231130e-02 1.353579387069e-02 1.415696460754e-02 2.319215983152e-02 3.188713639975e-02 5.313316360116e-02 4.087652638555e-02 3.212424367666e-02 1.580167002976e-02 1.576483994722e-02 3.173875808716e-02 9.828849136829e-02 8.469278365374e-02 5.635844916105e-02 4.458490386605e-02 2.480565011501e-02 1.377093978226e-02 1.130804419518e-02 9.975092485547e-03 9.747889824212e-03 1.246341317892e-02 2.108923159540e-02 4.416869953275e-02 2.222140878439e-01 2.614499330521e-01 1.591286808252e-01 9.541790187359e-02 4.823691025376e-02 4.356008395553e-02
3.775419201702e-03 6.842519156635e-03 1.015946734697e-02 1.297294348478e-02 1.547640468925e-02 1.828817650676e-02 2.137573435903e-02 2.471477352083e-02 2.780112437904e-02 2.868194691837e-02 2.563738450408e-02 1.903886534274e-02 1.224962435663e-02 1.274076290429e-02 1.565652340651e-02 1.700330339372e-02 2.124188840389e-02 2.459878660738e-02 2.888017147779e-02 5.047214031219e-02 3.606966510415e-02 2.384498715401e-02 1.262694317847e-02 1.227040868253e-02 2.299351617694e-02 2.668851800263e-02 2.783782482147e-01 3.859845921397e-02 3.644858673215e-02 2.193512953818e-02 1.272867433727e-02 1.019061077386e-02 9.723428636789e-03 1.026649121195e-02 1.321661844850e-02 1.797413453460e-02 2.986691519618e-02 3.679809719324e-02 7.739846408367e-02 1.027764901519e-01 6.422038376331e-02 3.856682777405e-02 4.972688853741e-02
3.776182187721e-03 6.831080652773e-03 9.313951246440e-03 1.151323225349e-02 1.373170781881e-02 1.644045487046e-02 1.930231973529e-02 2.219041995704e-02 2.489075995982e-02 2.634903229773e-02 2.496849559247e-02 2.718715555966e-02 2.833817899227e-02 2.834749035537e-02 2.704636752605e-02 2.452858723700e-02 2.917487919331e-02 2.121141552925e-02 2.865409106016e-02 9.129485487938e-02 3.343751281500e-02 1.677545160055e-02 1.184142567217e-02 9.915707632899e-03 1.369153615087e-02 3.098928555846e-02 1.114203259349e-01 2.997203543782e-02 3.866928443313e-02 1.638264209032e-02 1.203013025224e-02 9.210588410497e-03 9.325664490461e-03 1.059645973146e-02 1.399287581444e-02 1.663400232792e-02 1.851389370859e-02 2.980771847069e-02 6.532152742147e-02 7.637566328049e-02 4.745157435536e-02 3.519368916750e-02 4.610317200422e-02
