100/SI/f147.grd
DSAA
101	101
32.816463539100	34.260883539100
35.556306596100	36.727886596100
8.932267519413e-05	1.445751190186e+01
[rows 19 to 37 of 101, columns 43 to 85 of 101]
1.437614858150e-01 1.768730729818e-01 2.299109846354e-01 2.341084033251e-01 1.518360823393e-01 2.330213189125e-01 1.188642084599e-01 1.233356893063e-01 1.346076577902e-01 1.364878714085e-01 1.245404481888e-01 1.825458407402e-01 2.196200191975e-01 2.172905653715e-01 1.442607641220e-01 1.762757301331e-01 2.324010878801e-01 2.177095115185e-01 1.197659447789e-01 1.932855248451e-01 8.931844681501e-02 1.252474039793e-01 1.682578325272e-01 8.304388076067e-02 8.220794051886e-02 9.715567529202e-02 8.018546551466e-02 1.008107960224e-01 9.356272965670e-02 7.408362627029e-02 7.994075864553e-02 1.106668636203e-01 1.249736472964e-01 9.680131077766e-02 8.569982647896e-02 7.018536329269e-02 4.821749404073e-02 5.271277576685e-02 5.823896080256e-02 4.850757122040e-02 4.571697488427e-02 3.969461843371e-02 4.317894205451e-02
1.295117884874e-01 1.733324974775e-01 2.457886636257e-01 2.832659482956e-01 2.046909928322e-01 2.060338556767e-01 1.222477108240e-01 1.306467056274e-01 1.165961921215e-01 1.459532678127e-01 1.526860147715e-01 1.706634163857e-01 2.349740266800e-01 2.310848683119e-01 1.772658228874e-01 1.916659176350e-01 2.268916070461e-01 2.459622919559e-01 1.413053274155e-01 1.868465393782e-01 1.020456478000e-01 1.896549165249e-01 2.363261729479e-01 1.101534217596e-01 9.589236974716e-02 9.943986684084e-02 9.837336093187e-02 1.042485907674e-01 8.125551044941e-02 7.882953435183e-02 1.117214784026e-01 1.459817737341e-01 1.304108202457e-01 1.030149385333e-01 8.522973954678e-02 7.027337700129e-02 5.006093904376e-02 6.162708252668e-02 4.767480492592e-02 4.111746698618e-02 4.385157302022e-02 3.783853352070e-02 3.944243863225e-02
1.398103833199e-01 1.987297236919e-01 2.269703596830e-01 2.965624034405e-01 2.523435652256e-01 1.763335764408e-01 1.210832446814e-01 1.383950412273e-01 1.108860224485e-01 1.364434808493e-01 1.439037472010e-01 1.627333611250e-01 2.230688482523e-01 2.520467042923e-01 2.137855291367e-01 2.048535495996e-01 2.173019498587e-01 2.687430381775e-01 1.610706448555e-01 1.730771958828e-01 1.146502718329e-01 2.348927855492e-01 2.587240338326e-01 1.238665431738e-01 9.363842755556e-02 1.161667704582e-01 1.110383793712e-01 9.014977514744e-02 7.718009501696e-02 1.110906973481e-01 1.558057516813e-01 1.511142998934e-01 1.020931079984e-01 1.175162121654e-01 8.447353541851e-02 6.469291448593e-02 5.965530872345e-02 6.336420774460e-02 5.315023660660e-02 4.161791130900e-02 4.060633108020e-02 2.990121394396e-02 2.935047261417e-02
1.335942000151e-01 1.872022747993e-01 1.924323141575e-01 2.830831408501e-01 2.793087363243e-01 1.845344156027e-01 1.628599911928e-01 1.465710848570e-01 1.091888025403e-01 1.194026395679e-01 1.372710168362e-01 1.649095565081e-01 1.848268061876e-01 2.648146748543e-01 2.380698621273e-01 1.995660364628e-01 2.009003609419e-01 2.881425321102e-01 1.773668527603e-01 1.550368368626e-01 1.271793991327e-01 2.332310378551e-01 2.254695743322e-01 1.071559861302e-01 1.030552238226e-01 1.209432929754e-01 1.007523983717e-01 8.261720836163e-02 1.168913245201e-01 1.648029685020e-01 1.620795875788e-01 1.126105040312e-01 8.612071722746e-02 1.220867112279e-01 6.072337552905e-02 5.926692113280e-02 7.364252209663e-02 5.671073123813e-02 6.095658987761e-02 3.881052136421e-02 4.328458383679e-02 3.617737442255e-02 3.265629708767e-02
1.086366996169e-01 1.299432665110e-01 2.003008574247e-01 2.506441771984e-01 2.814049124718e-01 1.869975775480e-01 2.024240940809e-01 1.698572337627e-01 1.192575246096e-01 1.012836247683e-01 1.429979950190e-01 1.609110087156e-01 1.902446597815e-01 2.842896878719e-01 2.409308105707e-01 1.863943189383e-01 1.807932108641e-01 2.999691665173e-01 1.891632527113e-01 1.883029490709e-01 1.477549076080e-01 1.917090713978e-01 1.681445091963e-01 1.001238897443e-01 1.258271187544e-01 1.169686689973e-01 8.654092252254e-02 1.246614530683e-01 1.786012202501e-01 1.736140400171e-01 1.178703904152e-01 6.990102678537e-02 9.149740636349e-02 1.144988611341e-01 6.151850521564e-02 6.360790133476e-02 7.760187238455e-02 5.934710055590e-02 6.686965376139e-02 4.048888757825e-02 4.111288115382e-02 3.406102210283e-02 3.464774787426e-02
1.395633518696e-01 1.399088799953e-01 2.260853350163e-01 2.118296176195e-01 2.673470079899e-01 2.087097167969e-01 1.939049959183e-01 2.147868573666e-01 1.866692304611e-01 1.426668167114e-01 1.559543013573e-01 1.518917083740e-01 2.073624432087e-01 3.039646744728e-01 2.160654366016e-01 1.787558346987e-01 1.540696322918e-01 3.066579401493e-01 2.401846945286e-01 2.079911082983e-01 1.747344732285e-01 1.857874393463e-01 1.124436557293e-01 1.212981343269e-01 1.291648000479e-01 8.876077830791e-02 1.353214532137e-01 1.925854384899e-01 1.833753138781e-01 1.228899583220e-01 6.582845747471e-02 5.149300396442e-02 1.224261298776e-01 9.567852318287e-02 5.867935344577e-02 8.251183480024e-02 7.173431664705e-02 5.979820713401e-02 7.102576643229e-02 5.011159181595e-02 3.517467901111e-02 3.351187333465e-02 2.976034954190e-02
2.193167805672e-01 1.356412470341e-01 1.359589099884e-01 2.340900599957e-01 2.461964786053e-01 2.202616184950e-01 1.695514172316e-01 1.964649111032e-01 2.233262360096e-01 2.192741334438e-01 1.868021041155e-01 2.315472960472e-01 2.253082096577e-01 3.158374130726e-01 1.866920143366e-01 1.628976166248e-01 2.158376425505e-01 3.087515234947e-01 2.718633115292e-01 1.994359195232e-01 1.883214861155e-01 2.003762125969e-01 1.263424605131e-01 1.321708261967e-01 1.087050735950e-01 1.415860354900e-01 2.096859067678e-01 1.965131014585e-01 1.278427094221e-01 8.344916254282e-02 1.172882467508e-01 7.178273797035e-02 1.428709626198e-01 8.371794223785e-02 6.854284554720e-02 8.826145529747e-02 8.627609908581e-02 6.069080159068e-02 7.330692559481e-02 5.530282109976e-02 3.347587212920e-02 3.177463263273e-02 3.682388737798e-02
2.933140695095e-01 1.394675225019e-01 1.368944942951e-01 2.155967801809e-01 2.216378301382e-01 2.253056764603e-01 1.843192428350e-01 1.867713928223e-01 1.856529414654e-01 2.402293384075e-01 2.619149684906e-01 2.342672944069e-01 2.432556599379e-01 3.199505209923e-01 1.618710309267e-01 2.524864077568e-01 3.028280735016e-01 3.090514838696e-01 2.642302215099e-01 1.580332815647e-01 1.788673698902e-01 1.835923045874e-01 1.267967224121e-01 1.091733500361e-01 1.426704525948e-01 2.229729890823e-01 2.151545435190e-01 1.347478181124e-01 1.192800253630e-01 1.633527725935e-01 1.483095586300e-01 1.346973329782e-01 1.391998082399e-01 9.365651011467e-02 8.828420937061e-02 7.314373552799e-02 9.407950937748e-02 6.421063095331e-02 7.355614751577e-02 5.495435371995e-02 3.557653725147e-02 4.031598567963e-02 5.193477869034e-02
3.202306926250e-01 1.432370096445e-01 1.655573248863e-01 1.427093744278e-01 2.440393567085e-01 2.274757176638e-01 1.943255215883e-01 1.983653157949e-01 1.891285777092e-01 2.385797947645e-01 2.524103224277e-01 2.199206501245e-01 2.593498826027e-01 3.082523941994e-01 2.748133540154e-01 3.344934284687e-01 3.233846426010e-01 3.001651465893e-01 1.795801520348e-01 1.592969149351e-01 1.843028515577e-01 1.856738179922e-01 1.339368820190e-01 1.365211904049e-01 2.323929518461e-01 2.373508363962e-01 1.487928330898e-01 1.208874508739e-01 1.776645928621e-01 1.474599689245e-01 1.200079619884e-01 1.308491677046e-01 1.079173013568e-01 1.031394526362e-01 8.747779577971e-02 6.130957975984e-02 9.215615689754e-02 6.941597908735e-02 7.210631668568e-02 4.974716156721e-02 4.279484227300e-02 5.761450156569e-02 6.511155515909e-02
2.810748219490e-01 2.092664390802e-01 1.916755735874e-01 1.345891803503e-01 1.765553802252e-01 2.314515411854e-01 2.439419776201e-01 2.108071744442e-01 2.480708807707e-01 3.645714819431e-01 2.048883438110e-01 1.929132193327e-01 2.699825763702e-01 2.836712896824e-01 3.564786016941e-01 3.453079760075e-01 2.985471785069e-01 2.900521457195e-01 1.984820365906e-01 2.139457464218e-01 1.913264840841e-01 1.847457289696e-01 1.246519982815e-01 2.357266843319e-01 2.614747285843e-01 1.690656542778e-01 1.380330026150e-01 1.883082985878e-01 1.666754484177e-01 1.092370375991e-01 1.591672748327e-01 1.374018192291e-01 8.305756747723e-02 9.414869546890e-02 7.869211584330e-02 8.453771471977e-02 8.390066027641e-02 7.633946835995e-02 6.996180862188e-02 6.438381969929e-02 7.144253700972e-02 8.019044250250e-02 6.762709468603e-02
1.896198242903e-01 3.153142631054e-01 2.098402529955e-01 1.654962897301e-01 1.992143541574e-01 2.246451973915e-01 2.155318409204e-01 2.256291508675e-01 3.251830041409e-01 4.510612189770e-01 3.027138710022e-01 2.101617157459e-01 2.719577550888e-01 3.393443226814e-01 3.634818494320e-01 5.062946677208e-01 2.683396637440e-01 2.685106098652e-01 2.214440405369e-01 2.163215577602e-01 1.975991874933e-01 1.828122437000e-01 2.332999259233e-01 2.774422466755e-01 1.905499100685e-01 1.553273350000e-01 1.858469843864e-01 1.867440938950e-01 1.598587036133e-01 1.595362722874e-01 1.690032780170e-01 9.416792541742e-02 8.910398930311e-02 8.042767643929e-02 7.059265673161e-02 6.604696810246e-02 1.141309887171e-01 9.015050530434e-02 8.299987018108e-02 9.525530785322e-02 9.491863101721e-02 6.966225057840e-02 4.703988879919e-02
2.131393253803e-01 3.494125008583e-01 2.169605940580e-01 1.829118877649e-01 2.348663061857e-01 2.150458246469e-01 2.239430546761e-01 2.839301228523e-01 3.747594654560e-01 4.529357552528e-01 3.614529073238e-01 3.584522008896e-01 3.172675371170e-01 3.721868991852e-01 4.426257014275e-01 6.407403349876e-01 2.788225710392e-01 3.015550971031e-01 2.990143895149e-01 2.444493174553e-01 1.935680806637e-01 2.326528728008e-01 2.916522324085e-01 2.097192406654e-01 1.738954931498e-01 1.834893524647e-01 1.779308170080e-01 1.972262114286e-01 1.918373852968e-01 1.919970214367e-01 1.445574462414e-01 7.782957702875e-02 1.065503954887e-01 6.689208745956e-02 6.977614015341e-02 7.132961601019e-02 1.572640538216e-01 1.045162379742e-01 1.096974015236e-01 8.835108578205e-02 5.368098616600e-02 3.178117051721e-02 3.155002370477e-02
4.219480156898e-01 2.762230932713e-01 3.027465939522e-01 1.942163556814e-01 2.859330773354e-01 2.216784060001e-01 2.409013062716e-01 3.280507028103e-01 3.942289948463e-01 3.833934664726e-01 3.717041909695e-01 3.756689131260e-01 3.519476652145e-01 2.854613363743e-01 3.033862113953e-01 4.082063734531e-01 2.272066175938e-01 2.979661822319e-01 3.257406651974e-01 2.717882692814e-01 2.418570369482e-01 3.051148056984e-01 2.284476459026e-01 1.944366395473e-01 1.798590868711e-01 1.650802642107e-01 1.781196743250e-01 2.104156762362e-01 2.110110223293e-01 1.889237761497e-01 1.180523037910e-01 7.460662722588e-02 1.134705767035e-01 9.042058140039e-02 1.090642660856e-01 1.160209402442e-01 1.773072034121e-01 1.037429049611e-01 8.206169307232e-02 5.725833028555e-02 5.130231007934e-02 3.880558162928e-02 3.703461214900e-02
6.845834851265e-01 2.992953062057e-01 3.389395773411e-01 2.470750212669e-01 3.168700337410e-01 2.709339559078e-01 2.660835385323e-01 3.765924572945e-01 4.048403799534e-01 3.184470534325e-01 4.472739696503e-01 5.496871471405e-01 3.041263818741e-01 3.569500148296e-01 2.188430875540e-01 2.538956105709e-01 2.428156584501e-01 2.896593809128e-01 2.799343168736e-01 2.538908123970e-01 3.238332867622e-01 2.465515434742e-01 2.025424540043e-01 1.820216178894e-01 1.958585232496e-01 1.815234571695e-01 1.825823783875e-01 2.278855741024e-01 2.293491065502e-01 2.084107100964e-01 1.434262543917e-01 1.258395314217e-01 1.249091774225e-01 1.138861626387e-01 1.102397665381e-01 1.695068925619e-01 1.458900421858e-01 7.099955528975e-02 7.668063789606e-02 7.834998518229e-02 7.260291278362e-02 5.608662590384e-02 3.999409824610e-02
7.491776347160e-01 7.826978564262e-01 3.207558095455e-01 3.245659768581e-01 3.488913178444e-01 3.278506100178e-01 4.491322338581e-01 4.218939840794e-01 3.991439938545e-01 2.966780066490e-01 4.543972313404e-01 6.122894287109e-01 3.659898042679e-01 3.436306416988e-01 2.798387408257e-01 2.851071357727e-01 3.023858070374e-01 2.858890593052e-01 2.765924930573e-01 3.465628027916e-01 2.699500322342e-01 2.310470640659e-01 1.979945451021e-01 1.551291048527e-01 1.900992393494e-01 2.141041904688e-01 1.968043446541e-01 2.447231858969e-01 2.552650570869e-01 2.279404997826e-01 1.696266382933e-01 1.251608580351e-01 1.113233044744e-01 9.450443834066e-02 1.534466296434e-01 1.757815629244e-01 7.843591272831e-02 8.072728663683e-02 8.412624895573e-02 8.527204394341e-02 8.056350052357e-02 6.731722503901e-02 4.671565070748e-02
3.597430288792e-01 1.054221272469e+00 7.704200744629e-01 3.208497464657e-01 3.675926625729e-01 4.082591235638e-01 4.348363578320e-01 4.429078102112e-01 3.543503880501e-01 3.096030354500e-01 5.179921388626e-01 5.992920994759e-01 4.703442454338e-01 3.180302083492e-01 2.928002774715e-01 3.273797333241e-01 5.061035156250e-01 3.178480267525e-01 3.841813206673e-01 2.961208522320e-01 2.129784524441e-01 2.075674682856e-01 1.753119826317e-01 2.125780135393e-01 2.164389044046e-01 2.488292902708e-01 2.743667066097e-01 2.093880623579e-01 2.487289309502e-01 2.483532875776e-01 1.929164230824e-01 1.022367700934e-01 1.045713201165e-01 1.622527986765e-01 1.759829819202e-01 1.029693782330e-01 7.169572263956e-02 7.235008478165e-02 7.199740409851e-02 7.305771112442e-02 7.277420163155e-02 6.737834960222e-02 5.386305972934e-02
6.607546806335e-01 4.981965422630e-01 1.228939652443e+00 5.723605751991e-01 3.716589212418e-01 5.018198490143e-01 3.774513602257e-01 4.214714467525e-01 5.531752705574e-01 4.317976236343e-01 5.981756448746e-01 4.760226011276e-01 5.009826421738e-01 4.193274080753e-01 3.452764749527e-01 3.228498995304e-01 7.362496256828e-01 4.452400803566e-01 3.583786487579e-01 4.360982477665e-01 2.593951821327e-01 2.114958763123e-01 2.258897870779e-01 2.378603368998e-01 2.291791141033e-01 2.442624568939e-01 3.457794487476e-01 2.095787078142e-01 2.581063807011e-01 2.695176005363e-01 2.185135334730e-01 1.408512294292e-01 1.787505447865e-01 1.654578298330e-01 9.471122175455e-02 7.917852699757e-02 7.479240745306e-02 7.003759592772e-02 6.510729342699e-02 6.061724573374e-02 6.268484145403e-02 6.476875394583e-02 5.883040279150e-02
8.933938145638e-01 1.165773034096e+00 7.048763036728e-01 1.208180665970e+00 4.480406343937e-01 6.074395775795e-01 5.212850570679e-01 5.563376545906e-01 7.768694758415e-01 6.445142626762e-01 7.442196011543e-01 4.265106320381e-01 4.544874727726e-01 4.732841551304e-01 4.237897396088e-01 3.345752060413e-01 8.648402690887e-01 4.910795390606e-01 5.110709071159e-01 3.542185723782e-01 1.920166462660e-01 2.126071900129e-01 2.702642083168e-01 2.453074157238e-01 2.230010181665e-01 2.143868952990e-01 3.370412588120e-01 2.296910285950e-01 2.894350290298e-01 2.854892909527e-01 2.264070063829e-01 1.804921776056e-01 1.354134529829e-01 7.071111351252e-02 7.000979036093e-02 7.398241758347e-02 7.302412390709e-02 7.806014269590e-02 7.665766775608e-02 7.275349646807e-02 7.903014868498e-02 9.187152981758e-02 9.595905244350e-02
1.760153174400e+00 1.166603446007e+00 1.231898069382e+00 1.023293614388e+00 9.309325218201e-01 6.827006340027e-01 7.500768899918e-01 6.603720188141e-01 6.835647225380e-01 7.554385066032e-01 8.748144507408e-01 5.088449716568e-01 4.478428065777e-01 4.805960953236e-01 5.259639620781e-01 4.979954957962e-01 6.674337983131e-01 4.945023655891e-01 4.932235479355e-01 3.938484191895e-01 3.208335936069e-01 3.811475932598e-01 3.838846087456e-01 3.177249431610e-01 2.320156693459e-01 1.973368376493e-01 2.644087672234e-01 2.821240425110e-01 2.990702688694e-01 2.497643083334e-01 1.752268224955e-01 1.119913682342e-01 9.800817072392e-02 1.037862151861e-01 1.227374151349e-01 1.345761567354e-01 1.407707333565e-01 1.401455253363e-01 1.330474913120e-01 1.217582374811e-01 1.107770577073e-01 1.116911321878e-01 9.888754040003e-02
