100/SI/f147.grd
DSAA
101	101
32.816463539100	34.260883539100
35.556306596100	36.727886596100
8.932267519413e-05	1.445751190186e+01
[rows 38 to 56 of 101, columns 43 to 85 of 101]
8.862237334251e-01 1.376863837242e+00 1.471961498260e+00 8.735899329185e-01 1.464717149734e+00 7.199079990387e-01 7.395482659340e-01 9.906917214394e-01 8.501811623573e-01 6.807172894478e-01 1.005368709564e+00 5.224778652191e-01 5.733203887939e-01 4.850904047489e-01 7.538509964943e-01 5.485149025917e-01 5.947799086571e-01 3.359559178352e-01 4.601882696152e-01 6.987188458443e-01 7.123311758041e-01 5.461383461952e-01 3.767507374287e-01 2.982735335827e-01 2.572878599167e-01 2.327102124691e-01 2.153263092041e-01 2.204181998968e-01 1.959802508354e-01 1.471323221922e-01 1.460500657558e-01 1.729470640421e-01 1.977138221264e-01 2.033633887768e-01 2.062811702490e-01 2.067572772503e-01 2.036640942097e-01 1.881659328938e-01 1.671795845032e-01 1.490998119116e-01 1.344451755285e-01 1.355320513248e-01 1.142251491547e-01
8.857428431511e-01 1.826997637749e+00 1.178954362869e+00 1.645242452621e+00 1.185052037239e+00 1.675965785980e+00 1.407866716385e+00 8.702825903893e-01 8.837112784386e-01 7.094755768776e-01 1.140765905380e+00 7.373856902122e-01 4.798504114151e-01 5.499993562698e-01 1.000877857208e+00 5.970513224602e-01 6.824992895126e-01 1.066831588745e+00 9.566738605499e-01 6.485393643379e-01 4.380810558796e-01 2.978210151196e-01 2.715304791927e-01 2.454364448786e-01 2.471289634705e-01 2.361963838339e-01 2.070545405149e-01 1.806330084801e-01 1.630126982927e-01 1.631106287241e-01 1.791117638350e-01 1.682848185301e-01 1.381616592407e-01 1.166727468371e-01 1.127713993192e-01 9.730008989573e-02 1.048466339707e-01 1.151656061411e-01 1.267350316048e-01 1.403250098228e-01 1.519856601954e-01 1.986915022135e-01 2.049282193184e-01
1.303445935249e+00 9.118928909302e-01 1.607788562775e+00 1.274715185165e+00 1.355375885963e+00 1.765920519829e+00 1.076131463051e+00 9.760972857475e-01 6.984896063805e-01 7.251228690147e-01 1.220138430595e+00 6.602732539177e-01 6.777406334877e-01 6.654427051544e-01 8.110563158989e-01 1.310370206833e+00 8.942804336548e-01 4.640315175056e-01 4.335194528103e-01 2.876870036125e-01 2.179975509644e-01 3.152034282684e-01 4.138340651989e-01 3.725925683975e-01 2.683306634426e-01 2.337965518236e-01 2.285884469748e-01 2.107887715101e-01 1.820965409279e-01 1.693394333124e-01 1.593334972858e-01 1.614483296871e-01 1.544988006353e-01 1.436814069748e-01 1.399238854647e-01 1.471024304628e-01 1.451625823975e-01 1.318073719740e-01 1.753807663918e-01 2.390761822462e-01 1.964305937290e-01 1.475873589516e-01 1.276559680700e-01
1.434195041656e+00 1.324903368950e+00 2.096055746078e+00 1.752012014389e+00 1.652819275856e+00 1.824900984764e+00 1.720751166344e+00 9.494233131409e-01 1.067867040634e+00 1.015269994736e+00 1.201910734177e+00 9.379324316978e-01 8.712755441666e-01 1.484194993973e+00 9.570068120956e-01 7.096943259239e-01 6.024010181427e-01 4.880049526691e-01 3.592795431614e-01 5.825315713882e-01 6.276723742485e-01 3.296718895435e-01 5.185454487801e-01 3.943044245243e-01 3.549985587597e-01 3.131479024887e-01 2.766128182411e-01 2.473967522383e-01 2.228799462318e-01 2.141198962927e-01 4.008772671223e-01 1.703933328390e-01 1.621647477150e-01 1.535567939281e-01 1.951051205397e-01 2.436626106501e-01 2.220502793789e-01 2.540208399296e-01 2.172288596630e-01 2.381197065115e-01 2.402092218399e-01 2.348957359791e-01 2.156445235014e-01
1.367448806763e+00 1.905550718307e+00 1.643972396851e+00 1.633316397667e+00 1.516688346863e+00 1.914058804512e+00 3.027982950211e+00 1.305808305740e+00 1.520150423050e+00 1.520596861839e+00 1.386864185333e+00 1.392358899117e+00 1.582609415054e+00 9.020255208015e-01 9.797697067261e-01 5.532715320587e-01 7.480974197388e-01 1.000892758369e+00 7.874873876572e-01 7.522995471954e-01 7.827670574188e-01 5.278285741806e-01 3.267068266869e-01 3.170837461948e-01 2.940529286861e-01 2.746083438396e-01 3.359075486660e-01 5.809231400490e-01 6.973899602890e-01 6.186725497246e-01 3.053967952728e-01 2.211689651012e-01 2.100025415421e-01 2.283142358065e-01 2.858583331108e-01 2.930887639523e-01 2.654436826706e-01 2.376400232315e-01 1.778255999088e-01 2.211755365133e-01 2.641892433167e-01 2.636884450912e-01 2.535964846611e-01
1.629919648170e+00 2.358261585236e+00 3.912587642670e+00 2.392099857330e+00 3.862892150879e+00 1.980999350548e+00 4.738150119781e+00 1.362075448036e+00 2.644631385803e+00 1.898326754570e+00 1.662330508232e+00 1.622030973434e+00 9.213001132011e-01 1.123085975647e+00 1.270330429077e+00 1.241670489311e+00 7.685099840164e-01 4.564206600189e-01 9.801918268204e-01 8.478358387947e-01 4.645639061928e-01 4.243630468845e-01 4.008486270905e-01 7.299938201904e-01 8.977786302567e-01 7.934486269951e-01 5.225053429604e-01 3.761215209961e-01 4.089271128178e-01 2.588220238686e-01 2.072901725769e-01 3.109866082668e-01 3.866394460201e-01 3.469178378582e-01 3.061626553535e-01 4.142993986607e-01 4.908054172993e-01 4.389215707779e-01 3.147579133511e-01 2.302461266518e-01 2.876911461353e-01 3.159587383270e-01 3.332532346249e-01
2.004748344421e+00 2.530406951904e+00 2.974595069885e+00 3.965543270111e+00 3.313332796097e+00 3.356458902359e+00 5.551337242126e+00 2.208697795868e+00 2.561765432358e+00 2.016506195068e+00 2.037943840027e+00 1.176822781563e+00 1.272839426994e+00 1.590621590614e+00 1.241900205612e+00 8.857211470604e-01 1.280831933022e+00 1.189388275146e+00 9.402876496315e-01 1.189976453781e+00 1.204819321632e+00 1.044893622398e+00 7.476969361305e-01 4.091958999634e-01 4.495711028576e-01 4.057385325432e-01 3.218659460545e-01 3.322809040546e-01 3.584337234497e-01 3.852454423904e-01 3.751457929611e-01 3.200929462910e-01 3.076056838036e-01 2.583215236664e-01 4.718295335770e-01 5.766090750694e-01 5.406841635704e-01 3.983522951603e-01 2.414013594389e-01 1.464198678732e-01 2.050946801901e-01 2.355035990477e-01 2.167914658785e-01
1.906286716461e+00 2.799964904785e+00 3.318716287613e+00 3.159718036652e+00 4.708904266357e+00 3.513959169388e+00 5.650337696075e+00 3.117815732956e+00 2.669119119644e+00 2.961971044540e+00 2.266549587250e+00 1.493146300316e+00 1.480666756630e+00 1.580540299416e+00 9.146386981010e-01 1.353257536888e+00 1.746200323105e+00 1.205113410950e+00 7.163664102554e-01 7.099232673645e-01 6.260990500450e-01 4.849321544170e-01 4.674317538738e-01 5.170289278030e-01 5.172460079193e-01 4.569010436535e-01 3.950431644917e-01 3.845776915550e-01 3.209032714367e-01 3.541106283665e-01 3.388044834137e-01 3.091728985310e-01 2.143755555153e-01 3.934608995914e-01 4.693962633610e-01 4.450696408749e-01 3.109374046326e-01 1.668055653572e-01 2.296840250492e-01 2.160187214613e-01 1.615381091833e-01 1.548577845097e-01 1.674042195082e-01
2.822640657425e+00 3.950085878372e+00 4.030684471130e+00 4.386866092682e+00 4.761667251587e+00 6.003954887390e+00 5.657154083252e+00 1.103247642517e+01 4.062632560730e+00 2.572615146637e+00 2.391407489777e+00 2.128787517548e+00 1.806637048721e+00 2.760263204575e+00 2.411259174347e+00 1.409494519234e+00 1.304280042648e+00 1.354687452316e+00 9.921091198921e-01 8.754717111588e-01 8.674704432487e-01 8.252453207970e-01 8.861097097397e-01 6.608677506447e-01 8.500859141350e-01 7.521411776543e-01 4.716781377792e-01 4.294802546501e-01 4.358012676239e-01 4.070927798748e-01 3.476982116699e-01 3.361065089703e-01 3.502026796341e-01 4.031279683113e-01 3.748484551907e-01 2.877062261105e-01 2.190295606852e-01 1.987408250570e-01 1.937466114759e-01 1.916874200106e-01 1.874413341284e-01 1.806194931269e-01 1.742129176855e-01
1.784293293953e+00 5.226449489594e+00 3.605782032013e+00 4.490360736847e+00 7.106809139252e+00 5.624266147614e+00 6.694740295410e+00 8.050598144531e+00 3.964579343796e+00 3.746463537216e+00 4.758459568024e+00 3.031138181686e+00 3.761719942093e+00 2.916495561600e+00 2.441676616669e+00 2.130216360092e+00 1.811264634132e+00 1.567789912224e+00 1.384125351906e+00 1.945710062981e+00 2.276335477829e+00 9.493119716644e-01 6.159730553627e-01 6.278493404388e-01 8.825658559799e-01 5.549023747444e-01 4.797381162643e-01 4.543824195862e-01 4.205579161644e-01 4.002323448658e-01 3.844180703163e-01 3.977234363556e-01 4.209851324558e-01 3.599985539913e-01 2.755911350250e-01 2.570269703865e-01 2.435112297535e-01 2.005034238100e-01 1.983964294195e-01 1.984203159809e-01 1.831107437611e-01 1.876339167356e-01 1.971041560173e-01
4.818893432617e+00 5.642940521240e+00 6.446737766266e+00 6.796375274658e+00 7.876913070679e+00 1.088297843933e+01 1.445751190186e+01 6.700310707092e+00 5.405282497406e+00 3.769766807556e+00 5.361325263977e+00 5.332982540131e+00 2.022994995117e+00 3.225276947021e+00 3.537203311920e+00 1.752134203911e+00 1.623798847198e+00 1.721625924110e+00 1.900221943855e+00 2.240300178528e+00 1.729210138321e+00 7.341564297676e-01 8.351468443871e-01 6.827160120010e-01 6.369523406029e-01 5.466554760933e-01 5.316232442856e-01 5.276726484299e-01 4.385458827019e-01 3.045555055141e-01 2.725164294243e-01 2.986896932125e-01 3.171376883984e-01 3.258966803551e-01 3.197082877159e-01 3.062123954296e-01 2.730480134487e-01 2.797233462334e-01 3.119671940804e-01 3.196208178997e-01 2.863120138645e-01 2.485865503550e-01 2.170164585114e-01
3.204627513885e+00 5.716466903687e+00 5.891963005066e+00 7.465739727020e+00 7.428061008453e+00 7.349256992340e+00 7.194667816162e+00 5.975554466248e+00 4.185397148132e+00 4.726200580597e+00 4.558004856110e+00 4.813634872437e+00 5.828135967255e+00 2.559029102325e+00 2.162847518921e+00 1.343610644341e+00 1.225147008896e+00 8.662477731705e-01 7.966954112053e-01 6.795928478241e-01 5.837103724480e-01 6.613673567772e-01 8.153569698334e-01 9.384245276451e-01 9.608034491539e-01 8.436309099197e-01 6.750718951225e-01 4.675498604774e-01 3.256276845932e-01 2.685299813747e-01 2.175792455673e-01 2.455700635910e-01 3.194658756256e-01 2.150908857584e-01 2.422069311142e-01 2.647358477116e-01 2.116499245167e-01 2.583594024181e-01 3.054402172565e-01 3.237314224243e-01 3.675341606140e-01 4.618985950947e-01 5.246266126633e-01
1.265222907066e+00 1.732433557510e+00 2.717274188995e+00 1.288460540771e+01 7.098178863525e+00 6.762367248535e+00 3.756046056747e+00 3.873623609543e+00 3.586816549301e+00 5.708423614502e+00 5.318987846375e+00 7.529429912567e+00 1.092235374451e+01 8.024531364441e+00 5.232056617737e+00 2.410433053970e+00 1.134702205658e+00 8.090419769287e-01 7.324160933495e-01 9.872536659241e-01 1.285033106804e+00 1.190141081810e+00 8.785453438759e-01 5.647256374359e-01 6.212925314903e-01 5.880635976791e-01 8.421598672867e-01 1.256101727486e+00 5.828055143356e-01 3.057425916195e-01 2.830159962177e-01 4.653773605824e-01 3.062921464443e-01 1.910961866379e-01 1.671707332134e-01 1.740138679743e-01 1.745759844780e-01 1.797347366810e-01 1.830211132765e-01 1.829569488764e-01 1.833062767982e-01 2.028906792402e-01 1.771343201399e-01
2.295439988375e-01 5.724073052406e-01 1.379205822945e+00 1.835923790932e+00 1.871390461922e+00 1.829602241516e+00 1.426170349121e+00 1.944324612617e+00 1.943711519241e+00 3.100475788116e+00 6.261927127838e+00 7.078160285950e+00 9.712931632996e+00 5.674132347107e+00 4.046102523804e+00 2.292594909668e+00 1.047205567360e+00 5.491474270821e-01 5.803205370903e-01 1.279575228691e+00 4.076232910156e+00 1.702112555504e+00 1.455960273743e+00 1.085032105446e+00 1.106107354164e+00 9.500327706337e-01 1.026682615280e+00 7.196205258369e-01 3.556537032127e-01 4.693229198456e-01 3.954475820065e-01 3.997573256493e-01 2.425628453493e-01 2.200237810612e-01 1.534933000803e-01 1.406172662973e-01 1.458745151758e-01 1.457299441099e-01 1.574041992426e-01 1.456088274717e-01 1.895591765642e-01 2.227095812559e-01 2.154031097889e-01
1.602561026812e-01 2.980723381042e-01 8.675400018692e-01 5.058170557022e-01 4.459229707718e-01 3.635912835598e-01 5.502029657364e-01 9.105488657951e-01 9.498148560524e-01 1.012312769890e+00 2.866833686829e+00 1.412438201904e+01 1.119886970520e+01 5.054995536804e+00 2.320009231567e+00 6.691824197769e-01 4.009599387646e-01 2.641813158989e-01 3.281238973141e-01 8.392288088799e-01 1.924891352654e+00 3.355257272720e+00 1.681257843971e+00 1.279822707176e+00 1.010110735893e+00 7.584248185158e-01 8.050332665443e-01 7.506680488586e-01 6.589063405991e-01 5.945339798927e-01 7.250111699104e-01 3.103312551975e-01 2.878104150295e-01 2.322919517756e-01 2.374471127987e-01 2.213597446680e-01 1.853565424681e-01 1.584523320198e-01 1.812753975391e-01 2.092775702477e-01 2.452085614204e-01 2.414471060038e-01 2.059145718813e-01
1.077724322677e-01 4.433270394802e-01 1.041295766830e+00 7.733477950096e-01 1.895969212055e-01 2.218685895205e-01 2.118997871876e-01 4.303433001041e-01 4.697880148888e-01 7.736583352089e-01 1.479921936989e+00 3.858331680298e+00 8.281894683838e+00 5.669071197510e+00 7.666384696960e+00 1.852228760719e+00 2.274780422449e-01 1.434765011072e-01 2.260862290859e-01 7.489939928055e-01 2.293680906296e+00 3.586447715759e+00 2.737426280975e+00 1.864412188530e+00 1.296196818352e+00 8.161423802376e-01 9.256708025932e-01 6.856527328491e-01 6.628686189651e-01 6.597537398338e-01 5.478813052177e-01 4.369631111622e-01 3.077567815781e-01 3.283223211765e-01 2.943961322308e-01 2.346750944853e-01 2.085482627153e-01 1.934656202793e-01 1.794063746929e-01 2.095505297184e-01 2.299519926310e-01 2.236796617508e-01 1.982073485851e-01
9.207741171122e-02 2.264927923679e-01 1.539267182350e+00 1.848980784416e+00 9.651998281479e-01 1.497976481915e-01 1.139465719461e-01 2.145407497883e-01 2.144930809736e-01 1.736014634371e-01 1.474220007658e-01 6.201868653297e-01 2.797541856766e+00 1.621988415718e+00 9.363089561462e+00 1.129921793938e+00 6.383142471313e-01 2.411793619394e-01 2.005506604910e-01 6.494759917259e-01 1.275034785271e+00 1.129903221130e+01 3.497631549835e+00 1.523739933968e+00 1.544315695763e+00 8.147322535515e-01 8.737974762917e-01 7.264058589935e-01 1.067836165428e+00 8.200177550316e-01 4.704022109509e-01 4.668858945370e-01 4.353533685207e-01 4.146849811077e-01 4.072768986225e-01 3.247445225716e-01 3.204031288624e-01 3.545925021172e-01 2.291284203529e-01 1.756838858128e-01 1.733267903328e-01 1.713021248579e-01 1.990205049515e-01
5.875989422202e-02 1.011586412787e-01 1.271415799856e-01 7.188606858253e-01 4.424664080143e-01 1.067695096135e-01 9.101739525795e-02 1.068443283439e-01 1.002297922969e-01 9.627927839756e-02 6.972090154886e-02 7.796815037727e-02 2.390098273754e-01 1.488447427750e+00 4.245362758636e+00 1.037071824074e+00 8.664571642876e-01 4.075136482716e-01 2.373978793621e-01 4.656013548374e-01 5.411884188652e-01 7.438610196114e-01 6.770771741867e-01 5.126698017120e-01 7.583699822426e-01 1.261345624924e+00 1.097720861435e+00 1.094512224197e+00 7.098397612572e-01 9.306749701500e-01 9.711612462997e-01 8.468161225319e-01 5.176684260368e-01 4.274964332581e-01 4.098181724548e-01 3.578056991100e-01 3.058141171932e-01 3.104779124260e-01 3.012685477734e-01 1.994234025478e-01 1.641352921724e-01 1.691667884588e-01 1.835630238056e-01
6.471106410027e-02 1.030973717570e-01 6.784721463919e-02 7.624810189009e-02 7.750006765127e-02 9.134361892939e-02 8.431074768305e-02 7.930780202150e-02 7.323037087917e-02 5.556491762400e-02 3.891376033425e-02 3.296815603971e-02 5.499344319105e-02 1.546491622925e+00 2.400947093964e+00 2.486876726151e+00 7.064917683601e-01 7.537078857422e-01 6.641831398010e-01 2.738240659237e-01 2.962918877602e-01 5.566223859787e-01 1.520813345909e+00 1.433160424232e+00 1.869648456573e+00 1.882600069046e+00 1.765446186066e+00 1.669000625610e+00 1.583496451378e+00 1.511831521988e+00 1.610114097595e+00 1.973238110542e+00 1.686948180199e+00 6.910806894302e-01 2.820423841476e-01 3.301924169064e-01 3.616252243519e-01 2.497709840536e-01 2.470992952585e-01 1.747380048037e-01 1.719967275858e-01 1.279676854610e-01 1.439711302519e-01
