100/SI/f147.grd
DSAA
101	101
32.816463539100	34.260883539100
35.556306596100	36.727886596100
8.932267519413e-05	1.445751190186e+01
[rows 0 to 18 of 101, columns 0 to 42 of 101]
1.351598277688e-02 2.415774203837e-02 2.140621654689e-02 1.281399745494e-02 1.068168412894e-02 1.402838528156e-02 2.795277722180e-02 3.897475823760e-02 3.486582264304e-02 2.082774974406e-02 1.318326033652e-02 1.514851395041e-02 1.607845909894e-02 1.552122738212e-02 1.330761052668e-02 2.024211175740e-02 3.041486069560e-02 3.519022092223e-02 2.506267279387e-02 1.637432910502e-02 1.856914535165e-02 1.984587125480e-02 1.473258994520e-02 1.321663055569e-02 1.398877054453e-02 1.911739818752e-02 2.785894088447e-02 3.182139247656e-02 4.135449975729e-02 3.294830769300e-02 2.542692236602e-02 2.389844693244e-02 2.074419148266e-02 1.646398566663e-02 1.335713919252e-02 1.293567568064e-02 1.189446076751e-02 1.613221876323e-02 2.263749390841e-02 2.596421539783e-02 2.174759469926e-02 1.838721334934e-02 1.751133799553e-02
2.501385100186e-02 4.720287024975e-02 4.629433900118e-02 3.233492746949e-02 2.278121933341e-02 2.712203003466e-02 5.378997698426e-02 7.439960539341e-02 6.584080308676e-02 3.838150203228e-02 2.263280935585e-02 2.587821707129e-02 2.732563950121e-02 2.601172402501e-02 2.265917696059e-02 3.009870089591e-02 4.791157692671e-02 6.269611418247e-02 5.658790096641e-02 3.372108191252e-02 3.386521339417e-02 5.184116214514e-02 2.723581530154e-02 2.441082336009e-02 2.884433977306e-02 3.734691813588e-02 4.669749364257e-02 5.331552773714e-02 7.863737642765e-02 6.121305376291e-02 4.132646322250e-02 3.745947033167e-02 3.471938520670e-02 2.822771295905e-02 3.036016039550e-02 3.174174576998e-02 3.191444650292e-02 3.586750850081e-02 4.511369392276e-02 4.540270194411e-02 3.359439596534e-02 3.316440805793e-02 3.622654452920e-02
2.445944212377e-02 5.020504817367e-02 5.626873672009e-02 4.819361492991e-02 3.098069317639e-02 3.130283579230e-02 6.222686171532e-02 8.455980569124e-02 7.247341424227e-02 3.973481059074e-02 2.857589535415e-02 3.221229836345e-02 3.327903896570e-02 3.079066053033e-02 2.535334229469e-02 2.437280677259e-02 3.145136311650e-02 4.697943106294e-02 5.370769649744e-02 4.364813119173e-02 5.343795567751e-02 8.015880733728e-02 3.506270796061e-02 3.023547865450e-02 3.835099935532e-02 4.641535133123e-02 4.818213358521e-02 4.836760461330e-02 9.163945168257e-02 6.864443421364e-02 4.003900289536e-02 3.433846682310e-02 4.751280322671e-02 2.527428977191e-02 2.856604196131e-02 3.280067071319e-02 4.115617647767e-02 5.214308947325e-02 5.452686548233e-02 4.517940804362e-02 4.620359465480e-02 3.076585941017e-02 4.060938954353e-02
2.172848209739e-02 4.784618318081e-02 5.693075805902e-02 5.818966403604e-02 4.677579179406e-02 3.204114362597e-02 6.502051651478e-02 8.648763597012e-02 7.001119852066e-02 3.411271795630e-02 3.161418437958e-02 3.489692881703e-02 3.474704176188e-02 3.091491013765e-02 2.458245120943e-02 2.487854473293e-02 2.374020777643e-02 2.726622298360e-02 3.548541665077e-02 4.036811366677e-02 8.964607864618e-02 1.020288988948e-01 3.918138146400e-02 3.320043161511e-02 4.229398816824e-02 4.849047213793e-02 4.638856276870e-02 4.408156499267e-02 9.178119897842e-02 6.672841310501e-02 3.381321579218e-02 2.745765075088e-02 5.476562678814e-02 2.910341508687e-02 3.201528266072e-02 4.527875408530e-02 5.602551996708e-02 5.838821828365e-02 4.942641034722e-02 5.717228353024e-02 5.578462779522e-02 3.418600931764e-02 3.723092749715e-02
2.125236764550e-02 4.577050358057e-02 5.419588834047e-02 5.980210006237e-02 5.722893401980e-02 4.044951871037e-02 6.632421910763e-02 8.636647462845e-02 6.559919565916e-02 2.893308363855e-02 3.389307484031e-02 3.608050569892e-02 3.472728282213e-02 3.456289321184e-02 3.171725198627e-02 2.676268666983e-02 2.622593939304e-02 2.600811980665e-02 3.655909374356e-02 7.416528463364e-02 1.246288493276e-01 1.121010035276e-01 4.203926771879e-02 4.735299199820e-02 4.230837523937e-02 4.736842215061e-02 4.249041900039e-02 4.386374354362e-02 8.686269819736e-02 6.284737586975e-02 3.995696082711e-02 3.122114017606e-02 5.838926136494e-02 3.585525229573e-02 5.031661316752e-02 6.023550778627e-02 6.090237572789e-02 5.141731724143e-02 3.540528938174e-02 5.866756662726e-02 6.810623407364e-02 4.566466435790e-02 2.954441681504e-02
1.982032321393e-02 3.991502895951e-02 4.824510961771e-02 5.265926942229e-02 5.842697247863e-02 4.864598438144e-02 6.624192744493e-02 8.354493230581e-02 5.908783152699e-02 3.211640939116e-02 3.597896173596e-02 3.929371386766e-02 4.188381135464e-02 4.052173718810e-02 3.643381223083e-02 2.962475828826e-02 2.411366254091e-02 2.739171311259e-02 5.824537575245e-02 1.057740822434e-01 1.450270861387e-01 1.107351779938e-01 4.770619422197e-02 7.209762185812e-02 4.432770982385e-02 4.440881684422e-02 3.805121779442e-02 4.750002175570e-02 7.768747955561e-02 6.282666325569e-02 4.038301110268e-02 3.438841924071e-02 6.771019846201e-02 5.368378013372e-02 6.371901929379e-02 6.299945712090e-02 5.229964479804e-02 3.617643937469e-02 3.985366225243e-02 5.527516826987e-02 8.340049535036e-02 5.304087325931e-02 2.875114418566e-02
2.495952323079e-02 4.433707892895e-02 4.095545783639e-02 4.052729532123e-02 5.042193457484e-02 4.884999617934e-02 6.516931951046e-02 7.980573177338e-02 5.299246683717e-02 3.540176898241e-02 3.953642770648e-02 4.500236734748e-02 4.559161514044e-02 4.237586632371e-02 3.603423014283e-02 3.406989201903e-02 3.230981528759e-02 4.032157361507e-02 7.866686582565e-02 1.264264285564e-01 1.501967608929e-01 1.011340245605e-01 6.313917040825e-02 9.138230234385e-02 6.422003358603e-02 4.042490571737e-02 3.741686418653e-02 8.831839263439e-02 1.238007470965e-01 8.001171797514e-02 4.478706046939e-02 3.801268339157e-02 7.435689121485e-02 6.292916834354e-02 6.292812526226e-02 5.225968360901e-02 3.643765300512e-02 3.993756696582e-02 5.782848224044e-02 7.297252118587e-02 8.563836663961e-02 6.281305849552e-02 2.855972200632e-02
2.531547844410e-02 5.064374953508e-02 5.233126133680e-02 3.787958994508e-02 3.617237880826e-02 4.087959602475e-02 6.423231959343e-02 7.798432558775e-02 4.932579025626e-02 3.825294598937e-02 4.466570541263e-02 4.767365381122e-02 4.608022421598e-02 4.061948880553e-02 3.806600347161e-02 4.316589236259e-02 4.810525104403e-02 5.326418578625e-02 9.649445861578e-02 1.372030079365e-01 1.474188566208e-01 9.088874608278e-02 6.849903613329e-02 1.004785895348e-01 7.810766994953e-02 4.974078759551e-02 3.572073206306e-02 1.343465000391e-01 1.735970973969e-01 9.378881752491e-02 4.894258454442e-02 4.590079933405e-02 7.343737781048e-02 5.776618421078e-02 5.338772013783e-02 3.789243847132e-02 3.822193667293e-02 5.690030753613e-02 7.514504343271e-02 8.299199491739e-02 7.529427111149e-02 7.862611114979e-02 3.296529501677e-02
2.188767679036e-02 4.785894602537e-02 5.951628461480e-02 5.417691171169e-02 3.599531203508e-02 3.541399911046e-02 6.350746005774e-02 7.727137953043e-02 4.745464771986e-02 4.256866499782e-02 4.737074300647e-02 4.781585559249e-02 4.374117031693e-02 3.760135546327e-02 3.965987637639e-02 4.589506238699e-02 6.224991753697e-02 6.397612392902e-02 1.065529137850e-01 1.351433694363e-01 1.337744444609e-01 7.886339724064e-02 6.986425071955e-02 9.607354551554e-02 8.426845818758e-02 5.744047090411e-02 4.507822543383e-02 1.733795255423e-01 2.026950269938e-01 1.033046469092e-01 5.350559204817e-02 4.375383630395e-02 7.449849694967e-02 4.973600804806e-02 5.860816314816e-02 5.881921947002e-02 5.701987445354e-02 7.644943892956e-02 8.793789148331e-02 8.313281834126e-02 6.107340753078e-02 9.758268296719e-02 3.873009979725e-02
2.212157100439e-02 3.973308205605e-02 5.608548596501e-02 6.353556364775e-02 5.419849604368e-02 3.488849475980e-02 6.364082545042e-02 7.712029665709e-02 4.634802788496e-02 4.505574330688e-02 4.750526696444e-02 4.545254632831e-02 4.959492385387e-02 5.399187654257e-02 5.644306913018e-02 5.720544233918e-02 6.758341193199e-02 7.415375113487e-02 1.097593456507e-01 1.253793537617e-01 1.159005761147e-01 6.719830632210e-02 6.310138851404e-02 8.397077023983e-02 8.140437304974e-02 5.903275683522e-02 4.873988404870e-02 1.967898160219e-01 2.153176814318e-01 1.070005074143e-01 4.691627621651e-02 3.812896460295e-02 8.073680102825e-02 4.936654120684e-02 6.000487133861e-02 6.130808964372e-02 7.921556383371e-02 9.122639149427e-02 8.926441520452e-02 7.150311022997e-02 5.095808953047e-02 1.060015410185e-01 5.374873057008e-02
2.220843173563e-02 4.449950531125e-02 4.622328281403e-02 6.075231730938e-02 6.649051606655e-02 5.347848311067e-02 6.305968761444e-02 7.586958259344e-02 4.480843245983e-02 4.551431164145e-02 4.990791156888e-02 5.843396484852e-02 6.477852165699e-02 6.826935708523e-02 6.985697895288e-02 7.042439281940e-02 6.964178383350e-02 9.188205003738e-02 1.288402229548e-01 1.365603357553e-01 1.147851943970e-01 8.484695106745e-02 5.957300961018e-02 7.162306457758e-02 7.343778014183e-02 5.258836224675e-02 5.647008866072e-02 2.076543867588e-01 2.203319668770e-01 1.047671660781e-01 4.518318548799e-02 4.298302903771e-02 7.910168915987e-02 5.263576656580e-02 6.988570839167e-02 8.476800471544e-02 9.455532580614e-02 9.276200830936e-02 7.695335894823e-02 5.937002226710e-02 5.787551775575e-02 1.018330901861e-01 6.992875784636e-02
1.878898404539e-02 3.957959264517e-02 4.739506542683e-02 5.049834400415e-02 6.561952829361e-02 6.918828189373e-02 6.113975867629e-02 7.309696823359e-02 4.440578818321e-02 5.380615964532e-02 6.263022869825e-02 6.979959458113e-02 7.468650490046e-02 7.744968682528e-02 7.834017276764e-02 7.811859250069e-02 7.723443955183e-02 1.222459226847e-01 1.671499013901e-01 1.737499237061e-01 1.497187912464e-01 1.172986179590e-01 8.580469340086e-02 6.078848615289e-02 8.567140251398e-02 8.211711049080e-02 6.948490440845e-02 1.992765665054e-01 1.949388831854e-01 9.530466049910e-02 5.858470499516e-02 6.936110556126e-02 7.487663626671e-02 8.393043279648e-02 9.518951922655e-02 9.947003424168e-02 9.540669620037e-02 8.272133022547e-02 7.873830199242e-02 9.120527654886e-02 6.883535534143e-02 8.703860640526e-02 8.371400833130e-02
1.619172841311e-02 3.080265223980e-02 3.940874338150e-02 4.665071889758e-02 5.544476211071e-02 7.029384374619e-02 7.065986096859e-02 6.913360208273e-02 5.515117570758e-02 6.415816396475e-02 7.058329880238e-02 7.464840263128e-02 7.705351710320e-02 7.835216075182e-02 7.838038355112e-02 7.788997888565e-02 7.780340313911e-02 1.345004290342e-01 1.817671209574e-01 1.856300830841e-01 1.604799032211e-01 1.306474208832e-01 1.020835861564e-01 7.462188601494e-02 1.151510179043e-01 1.113581061363e-01 9.392057359219e-02 1.734997630119e-01 1.529213041067e-01 8.102906495333e-02 1.024270281196e-01 1.156361177564e-01 1.152427345514e-01 1.115132197738e-01 1.082315593958e-01 1.053272187710e-01 1.021641045809e-01 9.694844484329e-02 8.868914097548e-02 1.235714778304e-01 7.677312940359e-02 6.617016345263e-02 1.078572794795e-01
2.006955631077e-02 3.894997760653e-02 3.829706460238e-02 3.583621233702e-02 4.394519329071e-02 6.026952713728e-02 7.518498599529e-02 7.175371795893e-02 6.136495992541e-02 6.821639090776e-02 7.161993533373e-02 7.267980277538e-02 7.209827750921e-02 7.039130479097e-02 6.847514957190e-02 6.803549826145e-02 6.967575103045e-02 1.234258934855e-01 1.635131090879e-01 1.690341383219e-01 1.517458111048e-01 1.286100447178e-01 1.061181724072e-01 8.380381762981e-02 1.137287542224e-01 1.175064221025e-01 1.038125380874e-01 1.419362276793e-01 1.115206927061e-01 8.903150260448e-02 1.202140823007e-01 1.360457241535e-01 1.298655420542e-01 1.169107183814e-01 1.054870411754e-01 9.924014657736e-02 9.374401718378e-02 8.735404163599e-02 7.985638827085e-02 1.306610554457e-01 1.196407973766e-01 6.828614324331e-02 1.224832460284e-01
2.587525360286e-02 5.175804346800e-02 5.200659111142e-02 5.103792250156e-02 4.935194551945e-02 4.689329862595e-02 6.587973237038e-02 8.031301200390e-02 7.103110849857e-02 6.667457520962e-02 6.750169396400e-02 6.598200649023e-02 6.296743452549e-02 5.896778777242e-02 5.547959357500e-02 5.619278177619e-02 5.668156594038e-02 9.745214879513e-02 1.256128102541e-01 1.324883997440e-01 1.239577159286e-01 1.112772226334e-01 9.815523773432e-02 8.409233391285e-02 8.907762914896e-02 9.716913849115e-02 9.495358914137e-02 1.440829932690e-01 8.171272277832e-02 9.026665985584e-02 1.169785112143e-01 1.299913376570e-01 1.244846284389e-01 1.029735282063e-01 7.633702456951e-02 7.851868867874e-02 6.703716516495e-02 7.096867263317e-02 6.913178414106e-02 1.076784282923e-01 1.596184372902e-01 6.921261548996e-02 1.231244653463e-01
2.624502964318e-02 5.333475768566e-02 5.525084212422e-02 5.790567398071e-02 5.991841852665e-02 6.045573949814e-02 6.011381000280e-02 7.212045788765e-02 8.390875160694e-02 6.734820455313e-02 6.054639443755e-02 5.733333900571e-02 5.321632325649e-02 5.023729428649e-02 5.407680571079e-02 5.745522305369e-02 6.120691820979e-02 7.991995662451e-02 8.790126442909e-02 9.427374601364e-02 9.232050925493e-02 8.561930060387e-02 7.989899069071e-02 7.569601386786e-02 7.243459671736e-02 7.107982039452e-02 9.397415071726e-02 1.524223685265e-01 1.041648238897e-01 1.019202619791e-01 1.211054921150e-01 1.230146214366e-01 1.034099385142e-01 1.033893972635e-01 5.596437677741e-02 9.320120513439e-02 8.896396309137e-02 8.243637531996e-02 7.074621319771e-02 7.537894695997e-02 1.811099648476e-01 9.837450832129e-02 1.090850532055e-01
2.847707271576e-02 4.914948716760e-02 4.869683459401e-02 5.083363503218e-02 5.531169101596e-02 6.084230542183e-02 6.448224931955e-02 6.642355024815e-02 7.716734707355e-02 8.167768269777e-02 6.998907029629e-02 6.746058166027e-02 6.813590228558e-02 6.177035346627e-02 5.574931949377e-02 6.324789673090e-02 6.984733045101e-02 8.219154179096e-02 8.296085894108e-02 7.007712870836e-02 6.299363076687e-02 7.362495362759e-02 9.225798398256e-02 9.593687206507e-02 8.670319616795e-02 6.998100876808e-02 1.040421575308e-01 1.549893170595e-01 1.046428754926e-01 1.099694222212e-01 1.157341450453e-01 1.189292594790e-01 1.279060840607e-01 1.149717643857e-01 6.999833136797e-02 1.049093008041e-01 9.893926978111e-02 8.186760544777e-02 6.165197864175e-02 7.360732555389e-02 1.736906170845e-01 1.511391550303e-01 8.479034155607e-02
3.248594328761e-02 5.982697382569e-02 6.440724432468e-02 5.554281920195e-02 5.106693878770e-02 5.520027875900e-02 5.635167658329e-02 5.586333572865e-02 6.041613593698e-02 7.515702396631e-02 8.190967142582e-02 8.442950248718e-02 8.466271311045e-02 7.783506065607e-02 7.640755921602e-02 7.377976924181e-02 6.932311505079e-02 8.225669711828e-02 8.632797747850e-02 7.686471939087e-02 6.339709460735e-02 5.831993371248e-02 6.432877480984e-02 7.186254113913e-02 7.377839088440e-02 7.423714548349e-02 9.106498211622e-02 1.486921757460e-01 1.062114611268e-01 9.326469898224e-02 1.068670749664e-01 1.230959072709e-01 1.375902146101e-01 1.174428835511e-01 8.052813261747e-02 1.159131079912e-01 9.477521479130e-02 7.356908917427e-02 5.534683912992e-02 6.714001297951e-02 1.396244019270e-01 2.046586424112e-01 9.400397539139e-02
3.186157718301e-02 6.246431916952e-02 7.423071563244e-02 6.989955902100e-02 5.291250348091e-02 4.086943343282e-02 4.970987513661e-02 5.644022673368e-02 6.065579876304e-02 6.125957891345e-02 8.106657117605e-02 9.010337293148e-02 8.605274558067e-02 8.636060357094e-02 8.726792782545e-02 8.612023293972e-02 7.621596008539e-02 8.145658671856e-02 8.908834308386e-02 8.220506459475e-02 6.275182217360e-02 7.542671263218e-02 7.378690689802e-02 7.578040659428e-02 6.683815270662e-02 6.502830237150e-02 6.835462152958e-02 1.375347524881e-01 1.255524456501e-01 9.987641125917e-02 9.659119695425e-02 1.040977090597e-01 1.289540678263e-01 1.151675954461e-01 9.339222311974e-02 1.119701191783e-01 8.258354663849e-02 6.598427891731e-02 6.217752397060e-02 6.119497492909e-02 9.561666846275e-02 2.393830716610e-01 9.892217069864e-02
