100/SI/f147.grd
DSAA
101	101
32.816463539100	34.260883539100
35.556306596100	36.727886596100
8.932267519413e-05	1.445751190186e+01
[rows 57 to 75 of 101, columns 43 to 85 of 101]
6.123752519488e-02 7.276343554258e-02 3.695916011930e-02 4.094645008445e-02 4.053604602814e-02 6.528045982122e-02 7.374550402164e-02 9.949509799480e-02 8.685046434402e-02 4.732460156083e-02 3.281044587493e-02 2.759527228773e-02 2.037586085498e-02 3.610723838210e-02 1.499657332897e-01 5.035689473152e-01 1.120646238327e+00 1.052770972252e+00 1.510332465172e+00 5.149702429771e-01 1.485404074192e-01 1.134857535362e-01 2.062170505524e-01 3.767656683922e-01 6.448966264725e-01 5.846549272537e-01 6.357778906822e-01 5.173047780991e-01 6.758397817612e-01 6.220090389252e-01 6.570140719414e-01 4.896839559078e-01 5.100526213646e-01 7.156285643578e-01 4.443943202496e-01 2.789777517319e-01 3.257851898670e-01 4.572200179100e-01 5.733202695847e-01 4.146127402782e-01 1.726723760366e-01 1.514800339937e-01 1.464919745922e-01
4.893745481968e-02 8.133742213249e-02 2.985766902566e-02 3.177038207650e-02 3.148112818599e-02 4.736752435565e-02 9.300689399242e-02 2.997610569000e-01 2.386386692524e-01 5.108411237597e-02 3.031807579100e-02 2.061513252556e-02 1.589760743082e-02 1.571126282215e-02 3.121692873538e-02 3.003366887569e-01 3.519586026669e-01 3.673193454742e-01 2.982735037804e-01 3.020712733269e-01 2.206322699785e-01 1.676580160856e-01 1.293703168631e-01 7.763422280550e-02 2.011732459068e-01 4.020782113075e-01 7.012419104576e-01 7.148339152336e-01 7.794606089592e-01 4.293659627438e-01 5.660480856895e-01 5.165212750435e-01 4.427690804005e-01 3.892042934895e-01 3.957853615284e-01 2.982446551323e-01 2.923481762409e-01 3.521840274334e-01 3.465957641602e-01 3.180232942104e-01 3.305136859417e-01 3.469111323357e-01 3.249677419662e-01
4.059705138206e-02 3.917243331671e-02 2.720200270414e-02 2.892496436834e-02 2.941585890949e-02 4.313110560179e-02 1.320964843035e-01 3.393321335316e-01 3.368648290634e-01 7.561157643795e-02 3.117411397398e-02 1.765191555023e-02 1.256269682199e-02 1.144661940634e-02 1.169417984784e-02 1.465495955199e-02 2.029515802860e-02 2.764277532697e-02 3.589091822505e-02 4.420761018991e-02 5.202952399850e-02 6.121604889631e-02 4.110509157181e-02 4.130142927170e-02 9.875410050154e-02 4.596147537231e-01 7.920013070107e-01 8.982360363007e-01 8.619695901871e-01 8.706578016281e-01 5.749424695969e-01 4.980179071426e-01 4.230065941811e-01 3.848483860493e-01 5.407068133354e-01 4.658889472485e-01 3.863086998463e-01 2.418399751186e-01 2.604713141918e-01 2.190658748150e-01 1.929756700993e-01 1.830503791571e-01 1.601474136114e-01
3.746442496777e-02 3.374791145325e-02 2.633470669389e-02 2.933612652123e-02 3.335034474730e-02 4.381492361426e-02 2.964859604836e-01 3.405024111271e-01 4.189220666885e-01 5.837702378631e-02 2.735789865255e-02 1.704231277108e-02 1.140968501568e-02 9.259056299925e-03 8.836469613016e-03 9.299192577600e-03 1.139788515866e-02 1.502322312444e-02 2.180392481387e-02 2.528215944767e-02 2.899354882538e-02 5.822587385774e-02 2.984230034053e-02 2.745437063277e-02 8.426085859537e-02 1.882793754339e-01 6.723352074623e-01 7.443302869797e-01 7.932805418968e-01 8.472503423691e-01 7.042945027351e-01 5.465264916420e-01 3.792661428452e-01 4.869413375854e-01 3.390409350395e-01 2.983795404434e-01 2.474476695061e-01 2.046115994453e-01 1.924170851707e-01 1.892460882664e-01 2.010127305984e-01 2.850307226181e-01 3.970102965832e-01
3.175393119454e-02 2.474786154926e-02 2.588255703449e-02 3.113601543009e-02 4.857563227415e-02 7.953952997923e-02 2.414130121469e-01 5.333661437035e-01 2.060191482306e-01 3.264310956001e-02 1.992000825703e-02 1.452770736068e-02 1.041743997484e-02 7.820791564882e-03 7.155277766287e-03 7.159106899053e-03 7.775185164064e-03 1.042611990124e-02 1.435722410679e-02 1.641787216067e-02 1.708764955401e-02 3.556471318007e-02 2.123067341745e-02 2.308361418545e-02 5.148952454329e-02 1.762806326151e-01 4.770833253860e-01 6.486819386482e-01 6.714993715286e-01 5.116397738457e-01 3.957859873772e-01 5.656744837761e-01 3.868375122547e-01 2.731977999210e-01 3.031651675701e-01 3.821248114109e-01 3.461436927319e-01 2.454815357924e-01 2.292767018080e-01 2.235082983971e-01 2.167016714811e-01 2.397565245628e-01 2.987486422062e-01
2.304793149233e-02 1.901655457914e-02 2.378787659109e-02 5.666801705956e-02 1.274375766516e-01 2.953301072121e-01 4.327108561993e-01 2.725433707237e-01 2.893039956689e-02 1.979709230363e-02 1.420358847827e-02 1.169236376882e-02 9.119296446443e-03 7.454656064510e-03 6.564120296389e-03 6.838599219918e-03 7.143520284444e-03 8.629444986582e-03 1.245483942330e-02 1.532037928700e-02 1.626927033067e-02 1.726929657161e-02 1.734945364296e-02 2.572107501328e-02 6.272745132446e-02 1.645943224430e-01 2.020379006863e-01 2.022735923529e-01 3.892162144184e-01 4.505857825279e-01 5.282083153725e-01 3.379115760326e-01 4.380330443382e-01 3.209836483002e-01 3.580358922482e-01 4.231490492821e-01 8.465967774391e-01 5.341055989265e-01 3.143613040447e-01 2.581219375134e-01 2.655935287476e-01 2.610527873039e-01 2.522027790546e-01
1.487874146551e-02 1.558486837894e-02 1.970797963440e-02 2.491477504373e-02 5.474710464478e-02 3.399489820004e-01 2.210005968809e-01 2.949777990580e-02 1.721248030663e-02 1.515962556005e-02 1.269610878080e-02 1.072891242802e-02 8.411349728703e-03 7.174350786954e-03 6.395628675818e-03 7.056109607220e-03 7.309348788112e-03 7.235345896333e-03 1.024891715497e-02 1.307651400566e-02 1.477046497166e-02 1.468559075147e-02 1.844803057611e-02 2.987433969975e-02 9.341063350439e-02 1.854483336210e-01 1.096539050341e-01 1.436879932880e-01 1.337521672249e-01 6.927896142006e-01 1.009208440781e+00 5.443453788757e-01 2.995858192444e-01 4.101843535900e-01 1.617753803730e-01 1.702832430601e-01 6.335929036140e-01 3.048340380192e-01 2.483151257038e-01 1.903123855591e-01 1.956157535315e-01 2.181866466999e-01 2.351840585470e-01
1.253415737301e-02 1.362717431039e-02 1.597200334072e-02 2.021113224328e-02 2.289656363428e-02 3.185752034187e-02 3.522419184446e-02 2.400835044682e-02 1.246702484787e-02 1.287312991917e-02 1.129009295255e-02 1.031320821494e-02 8.441375568509e-03 6.836067885160e-03 6.987919099629e-03 7.127229589969e-03 7.628596387804e-03 7.552741561085e-03 8.636302314699e-03 1.108848489821e-02 1.318285427988e-02 1.398192998022e-02 1.475270371884e-02 2.458990737796e-02 6.911687552929e-02 4.253085702658e-02 4.121537879109e-02 6.751202046871e-02 1.527671962976e-01 3.029671907425e-01 3.172123730183e-01 4.011112749577e-01 6.406122446060e-01 3.433248698711e-01 3.271043598652e-01 2.537957727909e-01 2.604246437550e-01 2.206270992756e-01 1.172882169485e-01 1.463320255280e-01 1.429595351219e-01 1.546483486891e-01 1.944160312414e-01
9.856251999736e-03 1.111118309200e-02 1.323888264596e-02 1.623917371035e-02 1.746360026300e-02 1.944432035089e-02 2.057984471321e-02 1.286007650197e-02 1.096342876554e-02 1.138955540955e-02 1.062322966754e-02 9.217428974807e-03 7.696713320911e-03 6.897572893649e-03 6.824639160186e-03 7.822197861969e-03 7.745493669063e-03 6.661057472229e-03 7.635538466275e-03 9.691157378256e-03 1.146789547056e-02 1.339764334261e-02 1.909787021577e-02 1.995507813990e-02 2.026414684951e-02 2.827857248485e-02 2.757038734853e-02 6.773565709591e-02 9.445884078741e-02 1.272815912962e-01 2.641130983829e-01 4.654348492622e-01 3.431476354599e-01 6.277801990509e-01 4.007423818111e-01 2.254377454519e-01 1.870793402195e-01 1.700165420771e-01 2.047678381205e-01 1.926311403513e-01 2.400363087654e-01 2.365307062864e-01 2.749682366848e-01
9.100432507694e-03 8.995830081403e-03 1.012758165598e-02 1.150531414896e-02 1.240469329059e-02 1.222930103540e-02 1.166836824268e-02 1.125973463058e-02 1.218443829566e-02 1.204824075103e-02 1.122860703617e-02 9.787757880986e-03 8.009072393179e-03 7.073104847223e-03 6.395561620593e-03 6.300096865743e-03 7.114398758858e-03 7.218918763101e-03 7.235378958285e-03 8.731198497117e-03 1.010983623564e-02 1.199339702725e-02 1.832765527070e-02 2.066741511226e-02 2.229764498770e-02 4.611589014530e-02 6.344053894281e-02 8.155978471041e-02 1.145013943315e-01 1.235505715013e-01 2.711404263973e-01 5.152042508125e-01 2.428377121687e-01 2.587459385395e-01 4.580526351929e-01 3.872492313385e-01 2.681850790977e-01 2.278508543968e-01 2.858993411064e-01 1.470967084169e-01 1.950099468231e-01 2.376829236746e-01 2.838387787342e-01
7.475996389985e-03 8.471233770251e-03 8.897522464395e-03 9.017003700137e-03 1.009841728956e-02 1.086551416665e-02 1.170693803579e-02 1.039381325245e-02 1.000069640577e-02 1.032244786620e-02 1.109525654465e-02 1.104774978012e-02 9.511330164969e-03 8.042785339057e-03 7.626357488334e-03 6.866218522191e-03 5.918622482568e-03 6.580597721040e-03 7.449224125594e-03 8.233681321144e-03 9.039368480444e-03 1.034510694444e-02 1.559391152114e-02 1.520128548145e-02 1.681940816343e-02 4.175254330039e-02 8.930082619190e-02 1.205392479897e-01 1.695954799652e-01 8.909063786268e-02 2.629343271255e-01 1.315444707870e-01 1.413010060787e-01 1.618184000254e-01 2.582716643810e-01 2.840331494808e-01 3.692529499531e-01 3.362819254398e-01 2.495728880167e-01 2.135469168425e-01 1.633110940456e-01 1.759565472603e-01 1.422641873360e-01
7.320313714445e-03 8.095909841359e-03 8.057271130383e-03 8.224082179368e-03 8.788566105068e-03 9.762166999280e-03 1.056623645127e-02 9.439077228308e-03 7.349612656981e-03 7.849063724279e-03 8.523969911039e-03 1.008735410869e-02 1.047664601356e-02 8.705090731382e-03 8.192977868021e-03 9.888516739011e-03 8.767042309046e-03 7.141634821892e-03 7.774585392326e-03 8.093923330307e-03 9.886832907796e-03 1.097434945405e-02 1.223499793559e-02 1.495868433267e-02 1.736390776932e-02 3.041656874120e-02 6.425603479147e-02 7.655540108681e-02 1.051491647959e-01 5.952062457800e-02 1.266059875488e-01 9.646695852280e-02 1.604228913784e-01 9.773141145706e-02 1.929715126753e-01 1.450160592794e-01 2.302154451609e-01 2.821918427944e-01 2.523090541363e-01 3.403113484383e-01 3.094873726368e-01 2.475618124008e-01 2.166523486376e-01
7.050910498947e-03 7.625130005181e-03 7.334540132433e-03 7.488803006709e-03 7.522247266024e-03 7.314801216125e-03 8.102579973638e-03 7.660044357181e-03 9.093247354031e-03 9.848626330495e-03 8.937378413975e-03 9.082482196391e-03 1.000324077904e-02 1.041105203331e-02 9.497354738414e-03 1.226490270346e-02 1.091847848147e-02 8.326463401318e-03 8.395068347454e-03 8.362199179828e-03 9.611065499485e-03 1.042474433780e-02 1.159171480685e-02 1.543535944074e-02 1.814381591976e-02 2.724588103592e-02 4.091735556722e-02 4.734348505735e-02 5.062579736114e-02 6.399342417717e-02 1.069074720144e-01 1.640033274889e-01 1.107586398721e-01 2.657371759415e-01 9.225076436996e-02 1.203053891659e-01 2.465243637562e-01 3.448227345943e-01 1.690794676542e-01 1.912249922752e-01 1.213199272752e-01 2.290800660849e-01 2.019625604153e-01
6.288735195994e-03 6.798475980759e-03 6.538944784552e-03 6.446511019021e-03 5.985050462186e-03 6.043287459761e-03 6.378404330462e-03 8.365928195417e-03 1.040088012815e-02 1.069036871195e-02 9.340021759272e-03 1.036483328789e-02 1.154199149460e-02 1.120922248811e-02 1.112126838416e-02 1.143761537969e-02 1.235530897975e-02 1.447886601090e-02 1.298441272229e-02 1.165592484176e-02 1.199392788112e-02 1.292404066771e-02 1.544729620218e-02 1.567018590868e-02 1.915912330151e-02 2.355871163309e-02 3.824077546597e-02 3.857971727848e-02 6.883957237005e-02 1.393054723740e-01 1.732156425714e-01 8.869864046574e-02 8.904875814915e-02 2.703284025192e-01 1.422378420830e-01 1.749662905931e-01 1.550696045160e-01 2.013625353575e-01 1.470986604691e-01 5.624546110630e-02 5.354790017009e-02 7.230882346630e-02 1.433337777853e-01
5.799200385809e-03 5.805849097669e-03 5.758340936154e-03 5.681941751391e-03 5.839732941240e-03 6.182908080518e-03 6.569374818355e-03 7.807974703610e-03 8.757269941270e-03 8.373652584851e-03 9.810116142035e-03 1.055527478456e-02 1.024414319545e-02 1.076787244529e-02 1.470274943858e-02 2.048322930932e-02 2.325806580484e-02 2.950957790017e-02 2.946596220136e-02 3.171328455210e-02 2.261160127819e-02 2.166560851038e-02 2.513083070517e-02 2.104397863150e-02 2.400085702538e-02 3.317504003644e-02 9.998221695423e-02 9.330974519253e-02 8.920104056597e-02 1.202769055963e-01 6.799387931824e-02 7.169295102358e-02 9.668254852295e-02 5.485780909657e-02 2.982740104198e-01 4.160524606705e-01 3.715908825397e-01 8.581341803074e-02 4.058286547661e-02 3.350697085261e-02 3.275765851140e-02 3.875256702304e-02 4.096170142293e-02
5.391088780016e-03 5.592449568212e-03 5.371673498303e-03 5.785754881799e-03 6.197786889970e-03 7.091498468071e-03 7.093545515090e-03 8.217674680054e-03 8.997091092169e-03 1.048707310110e-02 1.080844365060e-02 1.283034775406e-02 1.344205532223e-02 1.242057513446e-02 3.008993528783e-02 1.079906746745e-01 8.534367382526e-02 5.089927837253e-02 5.715966597199e-02 7.123988866806e-02 5.264991149306e-02 2.780937962234e-02 3.237038105726e-02 4.058194905519e-02 3.937197476625e-02 7.331839948893e-02 1.032090410590e-01 9.183284640312e-02 7.451790571213e-02 6.743616610765e-02 7.650295644999e-02 7.175579667091e-02 5.388447642326e-02 4.483272507787e-02 7.634372264147e-02 3.511055111885e-01 3.659971058369e-01 7.549010962248e-02 2.679413370788e-02 2.729675173759e-02 2.452988177538e-02 2.357166819274e-02 3.883010894060e-02
5.406253971159e-03 5.824598483741e-03 7.372218649834e-03 8.241682313383e-03 7.584581151605e-03 1.257148571312e-02 1.478016376495e-02 1.500120013952e-02 1.265757717192e-02 1.241156924516e-02 1.354819256812e-02 1.702385768294e-02 1.695759594440e-02 6.258500367403e-02 4.420055449009e-01 5.563566088676e-01 2.594780921936e-01 1.485372036695e-01 1.186399906874e-01 9.326805174351e-02 4.456881806254e-02 4.405546933413e-02 9.644574671984e-02 2.057876735926e-01 1.687342822552e-01 8.998112380505e-02 1.049161031842e-01 8.525552600622e-02 9.045252948999e-02 6.308796256781e-02 1.563337892294e-01 6.246066838503e-02 4.765858128667e-02 3.368112444878e-02 2.229434438050e-02 7.229524850845e-02 7.983531802893e-02 1.953292824328e-02 1.308594923466e-02 1.540200319141e-02 1.904675178230e-02 2.129407972097e-02 1.991098374128e-02
6.630626507103e-03 1.043955050409e-02 1.423926372081e-02 1.547545660287e-02 1.998344808817e-02 2.656514011323e-02 2.609844878316e-02 2.302139624953e-02 1.979514397681e-02 1.526746992022e-02 1.829569227993e-02 2.021712809801e-02 1.125646680593e-01 6.205112338066e-01 8.482087254524e-01 2.955402731895e-01 9.356480091810e-02 5.714919790626e-02 5.807225778699e-02 5.068716034293e-02 4.883556440473e-02 1.113673448563e-01 2.194424718618e-01 2.921506166458e-01 2.350594103336e-01 1.210038736463e-01 8.321087807417e-02 6.140909343958e-02 5.537140369415e-02 4.941709712148e-02 6.718064844608e-02 3.061443939805e-02 3.462686389685e-02 2.807502821088e-02 1.763412728906e-02 1.045114640146e-02 8.611912839115e-03 8.375815115869e-03 8.802014403045e-03 1.096399314702e-02 1.472309790552e-02 1.862064562738e-02 1.904933527112e-02
1.099500712007e-02 1.645435579121e-02 2.186856977642e-02 2.920567989349e-02 5.651957914233e-02 5.626591667533e-02 7.874731719494e-02 5.618944764137e-02 6.387215107679e-02 3.794014081359e-02 2.135082148015e-02 1.468744724989e-01 5.915316343307e-01 5.885101556778e-01 1.538575291634e-01 4.652766138315e-02 8.641295880079e-02 1.141985058784e-01 8.065219223499e-02 9.389492124319e-02 1.136012151837e-01 1.142551526427e-01 1.660241335630e-01 1.355008631945e-01 9.194722771645e-02 7.151050120592e-02 4.456516355276e-02 1.737557724118e-02 1.770098693669e-02 1.760142855346e-02 2.253821305931e-02 1.648382470012e-02 1.452679652721e-02 1.002146396786e-02 1.025175396353e-02 1.044599059969e-02 1.078657712787e-02 1.132617890835e-02 1.204908825457e-02 1.297687552869e-02 1.311832573265e-02 1.563186757267e-02 1.983557827771e-02
