100/SI/f148.grd
DSAA
101	101
32.816463539100	34.260883539100
35.556306596100	36.727886596100
1.164970453829e-04	1.880990409851e+01
[rows 19 to 37 of 101, columns 0 to 42 of 101]
3.643425181508e-02 7.425761222839e-02 9.492252022028e-02 9.667322784662e-02 7.970713078976e-02 6.303469091654e-02 4.314184561372e-02 4.888923093677e-02 5.888469889760e-02 7.091350108385e-02 9.361112117767e-02 1.118080615997e-01 1.089809685946e-01 1.182047054172e-01 1.191027089953e-01 1.154820472002e-01 1.098014712334e-01 1.049184054136e-01 1.218407675624e-01 1.098717972636e-01 1.129765585065e-01 1.219040155411e-01 1.314162164927e-01 1.250694543123e-01 1.116059646010e-01 9.421759098768e-02 9.748604893684e-02 1.555050313473e-01 1.851887106895e-01 1.402637958527e-01 1.289347708225e-01 1.181932911277e-01 1.253034025431e-01 1.252385377884e-01 1.255324929953e-01 1.208771318197e-01 9.657192230225e-02 8.437293022871e-02 9.035062044859e-02 8.707772195339e-02 1.260622888803e-01 3.109758198261e-01 1.443767249584e-01
2.849172987044e-02 5.985010415316e-02 8.067323267460e-02 8.821322023869e-02 7.840559631586e-02 7.527701556683e-02 6.895089149475e-02 4.948729276657e-02 6.597839295864e-02 7.704077661037e-02 8.161602169275e-02 1.023569107056e-01 9.077630937099e-02 1.058927178383e-01 1.144834756851e-01 1.181282997131e-01 1.178642287850e-01 1.124686747789e-01 1.417292952538e-01 1.137844473124e-01 1.332524418831e-01 1.606397926807e-01 1.730700433254e-01 1.668846756220e-01 1.568646728992e-01 1.213830709457e-01 1.291474252939e-01 1.259182840586e-01 1.947406232357e-01 1.424454003572e-01 1.217121183872e-01 1.144604906440e-01 1.114149019122e-01 1.128264218569e-01 1.066085919738e-01 1.380117982626e-01 9.172787517309e-02 9.650270640850e-02 9.882093966007e-02 1.015441864729e-01 1.561479866505e-01 2.631632685661e-01 2.152927219868e-01
2.193935215473e-02 4.421399906278e-02 6.097013875842e-02 7.014588266611e-02 6.617797166109e-02 5.749965459108e-02 7.102525979280e-02 7.080478966236e-02 8.075556159019e-02 9.635150432587e-02 1.111361533403e-01 1.464566588402e-01 1.757371425629e-01 1.609344631433e-01 1.095868945122e-01 1.057214513421e-01 1.117088049650e-01 1.166221797466e-01 2.064862549305e-01 1.668043434620e-01 1.254898011684e-01 1.953881978989e-01 2.071055620909e-01 2.244487702847e-01 1.851871907711e-01 1.640222221613e-01 1.613654047251e-01 9.971226751804e-02 1.832584589720e-01 1.313913911581e-01 1.008738279343e-01 1.046970039606e-01 1.235705539584e-01 1.025603637099e-01 1.123070195317e-01 1.459868699312e-01 1.163022071123e-01 1.023882701993e-01 1.067311540246e-01 1.150498092175e-01 1.820811331272e-01 1.883843094110e-01 2.858212292194e-01
2.939865179360e-02 5.279618501663e-02 5.137476325035e-02 5.381605401635e-02 6.292169541121e-02 7.964634150267e-02 9.301959723234e-02 1.113644987345e-01 1.352825760841e-01 1.700624823570e-01 2.165384292603e-01 2.716431617737e-01 3.053545057774e-01 2.655036747456e-01 1.669450849295e-01 1.023356318474e-01 1.412177234888e-01 1.984106302261e-01 2.510898411274e-01 2.042161077261e-01 1.611385196447e-01 2.121574580669e-01 2.258496731520e-01 2.520640790462e-01 1.841833889484e-01 1.867677122355e-01 1.916259825230e-01 1.205124482512e-01 1.496089696884e-01 1.089026331902e-01 1.032125428319e-01 1.022136509418e-01 1.281325966120e-01 1.301768273115e-01 1.296659260988e-01 1.238843575120e-01 1.635011732578e-01 1.138530373573e-01 1.147006079555e-01 1.263260841370e-01 2.029743194580e-01 1.759830713272e-01 3.319034576416e-01
2.853775583208e-02 5.887321010232e-02 6.390452384949e-02 6.121311709285e-02 7.887593656778e-02 1.071585044265e-01 1.174894049764e-01 1.242653205991e-01 1.377022117376e-01 1.594002544880e-01 1.924917697906e-01 2.196192592382e-01 2.249871045351e-01 1.925651878119e-01 1.410997807980e-01 1.259502023458e-01 1.374226659536e-01 1.844551265240e-01 2.458738535643e-01 1.567407399416e-01 1.509619951248e-01 2.139346748590e-01 2.255800068378e-01 2.417310029268e-01 1.927344352007e-01 1.861622929573e-01 2.159744203091e-01 1.839287728071e-01 1.856950670481e-01 1.582273691893e-01 1.367457211018e-01 2.022329568863e-01 1.890577524900e-01 1.405033618212e-01 1.369986087084e-01 1.376989930868e-01 1.812263578176e-01 1.326706409454e-01 1.253166645765e-01 1.333613246679e-01 2.146857678890e-01 1.784246265888e-01 3.389827311039e-01
5.715255811810e-02 9.868308156729e-02 6.423109769821e-02 6.466817855835e-02 7.267034798861e-02 9.326063841581e-02 1.056097671390e-01 1.045469865203e-01 1.039672046900e-01 1.082103103399e-01 1.143967509270e-01 1.211914941669e-01 1.155032068491e-01 1.274771094322e-01 1.290671974421e-01 1.156149357557e-01 1.150373071432e-01 2.115489095449e-01 2.421058863401e-01 1.285805702209e-01 1.294824331999e-01 1.980924755335e-01 2.140907347202e-01 2.060194462538e-01 1.873546093702e-01 1.703387051821e-01 2.324702888727e-01 2.034361511469e-01 1.705845296383e-01 1.651676446199e-01 1.610995084047e-01 2.601890265942e-01 3.873776197433e-01 3.690558373928e-01 3.343156874180e-01 3.193024098873e-01 3.319792449474e-01 2.039119303226e-01 1.729088574648e-01 1.422782987356e-01 2.196372002363e-01 1.723420619965e-01 2.999923527241e-01
1.059770658612e-01 2.245220243931e-01 2.312436550856e-01 2.027859389782e-01 1.266905665398e-01 7.313620299101e-02 7.025938481092e-02 7.365196943283e-02 8.060053735971e-02 1.041851788759e-01 1.249386891723e-01 1.396950185299e-01 1.442633718252e-01 1.383463144302e-01 1.263876855373e-01 1.304213851690e-01 1.375313848257e-01 2.061274051666e-01 2.032637745142e-01 1.194562613964e-01 1.290911287069e-01 1.616152077913e-01 1.851353794336e-01 1.714006960392e-01 1.932331174612e-01 1.863840222359e-01 2.411671876907e-01 2.571008205414e-01 2.735617458820e-01 2.450266927481e-01 1.849122047424e-01 1.547304838896e-01 3.136058747768e-01 3.427637815475e-01 3.781582117081e-01 4.577419161797e-01 5.725252628326e-01 3.493130207062e-01 2.552428841591e-01 2.167408466339e-01 2.156867086887e-01 1.607673764229e-01 2.244743704796e-01
1.132279708982e-01 2.440942674875e-01 2.816689610481e-01 3.324741125107e-01 3.640213012695e-01 3.158822357655e-01 1.771126836538e-01 9.688147157431e-02 1.321316063404e-01 1.543356180191e-01 1.585952341557e-01 1.500764340162e-01 1.401752233505e-01 1.888274997473e-01 2.080991715193e-01 2.066396772861e-01 2.034494727850e-01 1.979150623083e-01 1.954820603132e-01 1.887905448675e-01 1.845139861107e-01 1.844982057810e-01 1.789614409208e-01 2.243308722973e-01 2.700984477997e-01 2.336647361517e-01 2.641980946064e-01 3.394323289394e-01 3.433932960033e-01 3.052326440811e-01 2.280624210835e-01 1.660003066063e-01 1.852246224880e-01 2.906298637390e-01 4.331216514111e-01 3.811908364296e-01 3.871578276157e-01 2.931695580482e-01 3.111075758934e-01 3.168616294861e-01 2.578094601631e-01 1.665249764919e-01 1.998435258865e-01
7.272751629353e-02 1.604624837637e-01 1.865931749344e-01 2.290087640285e-01 2.979753613472e-01 3.918046355247e-01 4.428206086159e-01 3.444967269897e-01 1.799650788307e-01 1.667992919683e-01 1.485510766506e-01 1.914609521627e-01 2.258292287588e-01 2.352377027273e-01 2.235746830702e-01 2.234256714582e-01 2.211416065693e-01 2.144845426083e-01 2.246425002813e-01 2.266540229321e-01 2.329093813896e-01 2.530339658260e-01 2.391924560070e-01 2.202192097902e-01 2.129486054182e-01 2.748195230961e-01 2.634159028530e-01 3.253258168697e-01 3.580185174942e-01 3.215627074242e-01 2.404901534319e-01 2.614332139492e-01 3.375291824341e-01 4.518346786499e-01 5.388359427452e-01 3.899957835674e-01 2.695890963078e-01 2.250700742006e-01 2.790213823318e-01 3.577276468277e-01 3.907032907009e-01 2.654662728310e-01 1.997113376856e-01
5.006725713611e-02 9.830284863710e-02 1.230035200715e-01 1.132438182831e-01 1.296868920326e-01 1.940908581018e-01 3.034908175468e-01 4.117208719254e-01 4.107278883457e-01 2.826731503010e-01 2.142208218575e-01 2.262039184570e-01 2.292972058058e-01 2.190077453852e-01 2.152607142925e-01 2.116550654173e-01 2.006409764290e-01 2.152165174484e-01 2.207452207804e-01 2.288726568222e-01 2.425116896629e-01 2.339677512646e-01 2.247548848391e-01 2.217962592840e-01 2.180750668049e-01 2.144583612680e-01 2.261358201504e-01 2.513331472874e-01 3.032872080803e-01 3.156466782093e-01 2.475106418133e-01 3.032973408699e-01 3.655726313591e-01 4.153248965740e-01 4.021434783936e-01 2.517887651920e-01 2.624302208424e-01 3.034005463123e-01 3.276327252388e-01 2.946547269821e-01 4.373343586922e-01 4.448874890804e-01 2.493434101343e-01
5.807765200734e-02 1.143246963620e-01 1.138184592128e-01 1.397377699614e-01 1.146791726351e-01 9.893810003996e-02 1.161953061819e-01 2.137407809496e-01 3.431328237057e-01 3.988355398178e-01 3.250051140785e-01 2.164720296860e-01 2.057096809149e-01 2.011520564556e-01 1.881698220968e-01 1.827518194914e-01 1.885560452938e-01 2.044812291861e-01 1.992912888527e-01 1.988970339298e-01 1.794789135456e-01 1.469984799623e-01 1.858007460833e-01 1.649350374937e-01 2.498728334904e-01 2.231808155775e-01 2.554825246334e-01 2.807317972183e-01 2.348004430532e-01 2.536361217499e-01 2.809482812881e-01 3.023077547550e-01 2.638789713383e-01 3.235059380531e-01 2.410442978144e-01 2.057791352272e-01 2.649926543236e-01 3.666635155678e-01 4.393571019173e-01 4.162379503250e-01 3.538475632668e-01 5.498000383377e-01 4.140831232071e-01
7.499710470438e-02 1.441694200039e-01 1.340691745281e-01 1.380898356438e-01 1.539263725281e-01 1.151696667075e-01 1.600935012102e-01 1.945333927870e-01 2.151262313128e-01 3.001226484776e-01 3.865908682346e-01 3.505672216415e-01 2.146067470312e-01 1.727697402239e-01 1.699643731117e-01 1.738993674517e-01 1.799828261137e-01 1.777630150318e-01 1.872132867575e-01 1.846538484097e-01 1.610257029533e-01 1.321979016066e-01 1.423141211271e-01 2.282518148422e-01 3.404614925385e-01 4.584807157516e-01 5.507924556732e-01 4.482792019844e-01 3.017234802246e-01 2.819684445858e-01 3.464711606503e-01 2.441782057285e-01 1.819822043180e-01 4.027518928051e-01 1.669528335333e-01 2.382440418005e-01 2.194895297289e-01 3.082377612591e-01 4.486593604088e-01 4.828951060772e-01 4.158584475517e-01 4.629358053207e-01 6.280709505081e-01
6.813552230597e-02 1.489195674658e-01 1.574063897133e-01 1.537959277630e-01 1.627371758223e-01 1.644931286573e-01 1.972608715296e-01 2.073936760426e-01 2.059718817472e-01 1.946425884962e-01 2.685843110085e-01 3.829130530357e-01 3.737814128399e-01 2.578994631767e-01 1.631179898977e-01 1.627743989229e-01 1.569132059813e-01 1.435676217079e-01 1.921632438898e-01 2.000200450420e-01 2.020323276520e-01 1.686885654926e-01 1.544665694237e-01 2.826041877270e-01 4.796221852303e-01 7.071960568428e-01 8.299665451050e-01 7.933598756790e-01 5.164692401886e-01 3.253239393234e-01 3.734380900860e-01 3.140447139740e-01 2.920252382755e-01 4.917798638344e-01 2.538451850414e-01 4.900597631931e-01 3.548467755318e-01 2.512307167053e-01 3.427330553532e-01 4.930068850517e-01 5.057406425476e-01 4.276248514652e-01 6.735748648643e-01
8.364706486464e-02 1.702705472708e-01 1.721883714199e-01 1.671714633703e-01 1.738114356995e-01 1.970664709806e-01 1.985622644424e-01 2.006879448891e-01 1.844872236252e-01 1.699919998646e-01 1.643651425838e-01 2.310386002064e-01 3.712654709816e-01 3.913866281509e-01 2.966141104698e-01 1.404104679823e-01 1.307117789984e-01 1.464238613844e-01 1.706938147545e-01 2.717593908310e-01 2.456234991550e-01 2.252358049154e-01 2.067864686251e-01 2.820200622082e-01 4.904332160950e-01 6.997104883194e-01 9.526323676109e-01 1.116253614426e+00 9.307667016983e-01 4.491895735264e-01 4.064074456692e-01 4.409056603909e-01 4.204151630402e-01 5.814136266708e-01 3.233800828457e-01 6.555917263031e-01 5.432217717171e-01 3.576208353043e-01 3.270889520645e-01 4.758309423923e-01 1.018121957779e+00 5.169359445572e-01 5.490778088570e-01
1.098787561059e-01 2.067739516497e-01 1.920367181301e-01 2.049415558577e-01 2.174425125122e-01 2.296714484692e-01 2.437825053930e-01 2.534648478031e-01 2.589387893677e-01 2.597595453262e-01 2.519188225269e-01 2.436973899603e-01 2.333780825138e-01 3.429116904736e-01 3.981103003025e-01 3.316867649555e-01 1.660833060741e-01 1.495506912470e-01 1.648663729429e-01 2.596412301064e-01 2.750858068466e-01 2.477551102638e-01 2.286400794983e-01 2.421547621489e-01 4.061345458031e-01 6.043351292610e-01 9.357237815857e-01 1.307025909424e+00 1.234259605408e+00 7.505257725716e-01 5.836252570152e-01 7.356411218643e-01 7.895352840424e-01 7.283074855804e-01 6.029549241066e-01 7.065615057945e-01 6.728764176369e-01 5.195674300194e-01 5.892727971077e-01 5.301261544228e-01 1.453018665314e+00 1.188844799995e+00 3.208985924721e-01
1.125215515494e-01 2.338043004274e-01 2.333878278732e-01 2.262840569019e-01 1.994749307632e-01 1.806288808584e-01 1.708853542805e-01 1.888685375452e-01 2.090897262096e-01 2.329204529524e-01 2.594548165798e-01 2.902824580669e-01 3.196108043194e-01 5.079856514931e-01 5.201917290688e-01 3.939015567303e-01 3.708973824978e-01 3.531299829483e-01 3.290210962296e-01 3.017163872719e-01 2.721881270409e-01 2.357462942600e-01 2.572056949139e-01 2.517186105251e-01 2.777802944183e-01 4.575398564339e-01 6.742178201675e-01 1.066332101822e+00 1.354188203812e+00 9.365099072456e-01 4.426925778389e-01 4.606094360352e-01 6.765937209129e-01 8.980316519737e-01 9.971297383308e-01 9.242990016937e-01 6.666061282158e-01 5.622289776802e-01 4.243746697903e-01 6.060494184494e-01 1.514334082603e+00 1.820958852768e+00 4.880199134350e-01
9.588412195444e-02 1.933558285236e-01 2.008319795132e-01 2.188726961613e-01 2.297719866037e-01 2.220311164856e-01 1.864013969898e-01 1.622015386820e-01 1.630570590496e-01 1.629485636950e-01 1.619628071785e-01 1.583982855082e-01 1.533381938934e-01 1.953350454569e-01 2.930508553982e-01 3.208978474140e-01 3.834852576256e-01 3.705272674561e-01 3.018558323383e-01 3.339476287365e-01 3.532588183880e-01 3.645922243595e-01 3.780874609947e-01 3.947831988335e-01 3.794865906239e-01 3.042429089546e-01 4.547987878323e-01 8.081576824188e-01 1.140487313271e+00 8.355840444565e-01 4.170678555965e-01 2.940863966942e-01 2.611150741577e-01 4.368701279163e-01 5.273275971413e-01 8.572044372559e-01 1.088105559349e+00 1.005566477776e+00 6.255612373352e-01 6.860401630402e-01 9.716732501984e-01 2.157947778702e+00 7.819765806198e-01
7.763110101223e-02 1.500965058804e-01 1.495201438665e-01 1.431818306446e-01 1.455101817846e-01 1.627956628799e-01 1.700527667999e-01 1.673735976219e-01 1.423221975565e-01 1.540454775095e-01 1.673513054848e-01 1.808243244886e-01 1.932328194380e-01 2.056471258402e-01 2.183070629835e-01 2.292539030313e-01 2.387572824955e-01 3.597885966301e-01 3.834909796715e-01 4.984701573849e-01 3.906567692757e-01 3.213546574116e-01 3.072562813759e-01 2.976172566414e-01 2.990706264973e-01 3.376635015011e-01 4.503740668297e-01 5.174798369408e-01 7.291018366814e-01 5.930724143982e-01 2.983630299568e-01 3.544912636280e-01 2.645467817783e-01 3.501528501511e-01 4.120400249958e-01 4.972191452980e-01 5.015724301338e-01 8.441420793533e-01 1.192693591118e+00 9.664750695229e-01 8.663318157196e-01 1.765403032303e+00 1.589757442474e+00
4.897679761052e-02 9.868676960468e-02 9.714263677597e-02 9.457772225142e-02 1.067474111915e-01 1.257162243128e-01 1.377273052931e-01 1.444386839867e-01 1.467476785183e-01 1.352380514145e-01 1.255384087563e-01 1.323795169592e-01 1.399647891521e-01 1.409850269556e-01 1.428626328707e-01 1.909010112286e-01 2.125840038061e-01 2.840914428234e-01 5.375813245773e-01 5.633792877197e-01 4.996194541454e-01 4.269177019596e-01 4.989349246025e-01 5.972004532814e-01 4.202141463757e-01 4.803451597691e-01 4.677609503269e-01 4.347434937954e-01 4.527473151684e-01 5.968890786171e-01 5.605821013451e-01 3.503501415253e-01 3.651586472988e-01 3.838336467743e-01 4.155330359936e-01 4.314909577370e-01 4.469511508942e-01 5.755282640457e-01 8.449919819832e-01 9.836975336075e-01 1.174919843674e+00 1.583001017570e+00 1.304855346680e+00
