100/SI/f148.grd
DSAA
101	101
32.816463539100	34.260883539100
35.556306596100	36.727886596100
1.164970453829e-04	1.880990409851e+01
[rows 38 to 56 of 101, columns 43 to 85 of 101]
1.153883814812e+00 1.792939662933e+00 1.916641473770e+00 1.137837409973e+00 1.907342910767e+00 9.381384849548e-01 9.634742140770e-01 1.289725065231e+00 1.107132196426e+00 8.861490488052e-01 1.309344291687e+00 6.807362437248e-01 7.467836141586e-01 6.316627860069e-01 9.819084405899e-01 7.142915725708e-01 7.746573090553e-01 4.371091127396e-01 5.994355082512e-01 9.101823568344e-01 9.279806613922e-01 7.115205526352e-01 4.908386468887e-01 3.885436058044e-01 3.353175520897e-01 3.033243119717e-01 2.804672420025e-01 2.871073186398e-01 2.552822828293e-01 1.916611790657e-01 1.902357190847e-01 2.252738624811e-01 2.575418651104e-01 2.649103403091e-01 2.687179744244e-01 2.693446576595e-01 2.653200328350e-01 2.451339364052e-01 2.178047150373e-01 1.942637562752e-01 1.751838624477e-01 1.767104268074e-01 1.488542407751e-01
1.154197692871e+00 2.379327058792e+00 1.535079360008e+00 2.142241001129e+00 1.543062448502e+00 2.183300495148e+00 1.833083271980e+00 1.133119583130e+00 1.150607466698e+00 9.239816069603e-01 1.485574722290e+00 9.603977799416e-01 6.251783370972e-01 7.162374854088e-01 1.303704619408e+00 7.775726914406e-01 8.889575004578e-01 1.389615178108e+00 1.246174454689e+00 8.448136448860e-01 5.706375241280e-01 3.879115283489e-01 3.536127209663e-01 3.196633160114e-01 3.218754231930e-01 3.076454102993e-01 2.696985900402e-01 2.353006750345e-01 2.123670130968e-01 2.125132530928e-01 2.333685755730e-01 2.192745953798e-01 1.800421476364e-01 1.519678831100e-01 1.468898653984e-01 1.267408579588e-01 1.366971284151e-01 1.501448154449e-01 1.652300506830e-01 1.829546689987e-01 1.981624364853e-01 2.589305043221e-01 2.670497298241e-01
1.698317885399e+00 1.188145995140e+00 2.093731403351e+00 1.660135746002e+00 1.764994025230e+00 2.300286054611e+00 1.401703119278e+00 1.270769476891e+00 9.096174240112e-01 9.442166090012e-01 1.588826894760e+00 8.598905801773e-01 8.825352787971e-01 8.667625784874e-01 1.056337952614e+00 1.706683039665e+00 1.164786577225e+00 6.044154167175e-01 5.647484064102e-01 3.748389184475e-01 2.838085293770e-01 4.107128977776e-01 5.391930341721e-01 4.853316545486e-01 3.495089709759e-01 3.045255243778e-01 2.977530360222e-01 2.745792269707e-01 2.372143566608e-01 2.206131517887e-01 2.075916826725e-01 2.103076279163e-01 2.012648135424e-01 1.871818900108e-01 1.822379380465e-01 1.915946453810e-01 1.890758723021e-01 1.716859787703e-01 2.285461425781e-01 3.115360140800e-01 2.559575140476e-01 1.924041360617e-01 1.664178073406e-01
1.866236209869e+00 1.726076364517e+00 2.729624509811e+00 2.281180858612e+00 2.151392221451e+00 2.375898599625e+00 2.241217851639e+00 1.236582756042e+00 1.390554904938e+00 1.321944952011e+00 1.565449714661e+00 1.221470117569e+00 1.134005069733e+00 1.932941794395e+00 1.246388912201e+00 9.242072105408e-01 7.843605279922e-01 6.354608535767e-01 4.678274989128e-01 7.588571310043e-01 8.177657723427e-01 4.295307993889e-01 6.754180192947e-01 5.136744976044e-01 4.625029563904e-01 4.079998433590e-01 3.604092299938e-01 3.223523795605e-01 2.904154658318e-01 2.789012193680e-01 5.222163200378e-01 2.219934910536e-01 2.113043367863e-01 2.001016438007e-01 2.543418705463e-01 3.176569342613e-01 2.893403172493e-01 3.309864401817e-01 2.831900417805e-01 3.104149103165e-01 3.131342232227e-01 3.062027990818e-01 2.811045944691e-01
1.779075622559e+00 2.482580423355e+00 2.141291379929e+00 2.126955032349e+00 1.975639462471e+00 2.491803884506e+00 3.944281578064e+00 1.700252175331e+00 1.979175448418e+00 1.979773283005e+00 1.806217670441e+00 1.813768148422e+00 2.060993909836e+00 1.173971652985e+00 1.275844812393e+00 7.206589579582e-01 9.741882085800e-01 1.303638458252e+00 1.025737643242e+00 9.796841740608e-01 1.019500017166e+00 6.874731779099e-01 4.255566895008e-01 4.130249321461e-01 3.830309808254e-01 3.574227988720e-01 4.374877810478e-01 7.566515207291e-01 9.083966612816e-01 8.059035539627e-01 3.978439867496e-01 2.881707549095e-01 2.736368179321e-01 2.975803911686e-01 3.724567294121e-01 3.818677663803e-01 3.459083139896e-01 3.097055256367e-01 2.318161725998e-01 2.883155941963e-01 3.443797230721e-01 3.437264263630e-01 3.305687904358e-01
2.122597932816e+00 3.068894863129e+00 5.096487522125e+00 3.114896774292e+00 5.031416416168e+00 2.578609466553e+00 6.170651435852e+00 1.773989677429e+00 3.445931673050e+00 2.471373319626e+00 2.164828777313e+00 2.112198829651e+00 1.199858784676e+00 1.462381482124e+00 1.654306054115e+00 1.617166161537e+00 1.000917315483e+00 5.945058465004e-01 1.276759147644e+00 1.104448795319e+00 6.051228642464e-01 5.528267025948e-01 5.219796895981e-01 9.506835341454e-01 1.169257164001e+00 1.033416986465e+00 6.806063652039e-01 4.898630678654e-01 5.326185226440e-01 3.372161984444e-01 2.700696289539e-01 4.051630198956e-01 5.037198066711e-01 4.519644081593e-01 3.989420235157e-01 5.399172306061e-01 6.396213173866e-01 5.720136165619e-01 4.102082550526e-01 3.001228570938e-01 3.749974071980e-01 4.118402898312e-01 4.343844056129e-01
2.608802080154e+00 3.294515609741e+00 3.870913743973e+00 5.165303230286e+00 4.314815521240e+00 4.370543003082e+00 7.228261470795e+00 2.877096176147e+00 3.335566997528e+00 2.625001668930e+00 2.653770685196e+00 1.532149910927e+00 1.657484769821e+00 2.071693420410e+00 1.617716789246e+00 1.153061270714e+00 1.668283581734e+00 1.549163579941e+00 1.224342465401e+00 1.549515247345e+00 1.568892240524e+00 1.360680222511e+00 9.736873507500e-01 5.329927206039e-01 5.856686234474e-01 5.286273360252e-01 4.191848039627e-01 4.327706098557e-01 4.669092297554e-01 5.018433928490e-01 4.886921942234e-01 4.169777929783e-01 4.007643461227e-01 3.366141021252e-01 6.147878170013e-01 7.513262629509e-01 7.045326232910e-01 5.190847516060e-01 3.145760893822e-01 1.903857588768e-01 2.670536339283e-01 3.066873848438e-01 2.823348641396e-01
2.483665227890e+00 3.647800445557e+00 4.321841239929e+00 4.113248825073e+00 6.132794857025e+00 4.574732780457e+00 7.356510639191e+00 4.059065341949e+00 3.475260257721e+00 3.856889247894e+00 2.951172590256e+00 1.945223689079e+00 1.927791237831e+00 2.057265996933e+00 1.191295862198e+00 1.761935114861e+00 2.273625612259e+00 1.569934368134e+00 9.330266714096e-01 9.247233271599e-01 8.155345320702e-01 6.316387653351e-01 6.088656783104e-01 6.733877062798e-01 6.736834645271e-01 5.950987339020e-01 5.143877267838e-01 5.005128979683e-01 4.177662134171e-01 4.612238109112e-01 4.412939250469e-01 4.027547836304e-01 2.791838347912e-01 5.126059651375e-01 6.115413904190e-01 5.798546671867e-01 4.051133394241e-01 2.171755433083e-01 2.990705966949e-01 2.812441289425e-01 2.102655023336e-01 2.018098533154e-01 2.181625813246e-01
3.676484823227e+00 5.144105434418e+00 5.249438285828e+00 5.711365222931e+00 6.197016716003e+00 7.818135738373e+00 7.365572452545e+00 1.437088394165e+01 5.291396141052e+00 3.350681066513e+00 3.114965915680e+00 2.771429777145e+00 2.351264476776e+00 3.594315052032e+00 3.139296054840e+00 1.835856318474e+00 1.698621869087e+00 1.764435410500e+00 1.292247653008e+00 1.139899015427e+00 1.129503846169e+00 1.074550747871e+00 1.154254794121e+00 8.609301447868e-01 1.107302784920e+00 9.797346591949e-01 6.142321228981e-01 5.592741370201e-01 5.676945447922e-01 5.303786993027e-01 4.530226588249e-01 4.379254579544e-01 4.561845362186e-01 5.251473784447e-01 4.883168637753e-01 3.748015761375e-01 2.852014303207e-01 2.588547766209e-01 2.523574531078e-01 2.496865093708e-01 2.441662847996e-01 2.352918386459e-01 2.270252704620e-01
2.322194099426e+00 6.807981014252e+00 4.694543838501e+00 5.842947959900e+00 9.249034881592e+00 7.306836128235e+00 8.697400093079e+00 1.048422336578e+01 5.162467479706e+00 4.877238750458e+00 6.195942878723e+00 3.946850776672e+00 4.898387432098e+00 3.795958042145e+00 3.177903652191e+00 2.772594928741e+00 2.357543230057e+00 2.040747165680e+00 1.801847577095e+00 2.533274173737e+00 2.964132785797e+00 1.236117243767e+00 8.012045025826e-01 8.178507685661e-01 1.149805665016e+00 7.228524088860e-01 6.249751448631e-01 5.915667414665e-01 5.477333664894e-01 5.212746858597e-01 5.006862878799e-01 5.180289149284e-01 5.483427047729e-01 4.689227342606e-01 3.589865267277e-01 3.347384929657e-01 3.171458840370e-01 2.613569200039e-01 2.586110532284e-01 2.585540115833e-01 2.386054694653e-01 2.445027828217e-01 2.568475306034e-01
6.275493144989e+00 7.348117351532e+00 8.393428802490e+00 8.847989082336e+00 1.025650978088e+01 1.416227149963e+01 1.880990409851e+01 8.723710060120e+00 7.037559509277e+00 4.908679962158e+00 6.980561256409e+00 6.941741943359e+00 2.634732723236e+00 4.198812007904e+00 4.604629993439e+00 2.280239582062e+00 2.114643096924e+00 2.242116689682e+00 2.474964380264e+00 2.918322324753e+00 2.252907752991e+00 9.559389352798e-01 1.088310480118e+00 8.890410065651e-01 8.291580677032e-01 7.120456695557e-01 6.924878954887e-01 6.873628497124e-01 5.712862610817e-01 3.967872262001e-01 3.550487160683e-01 3.891587257385e-01 4.132017195225e-01 4.246137440205e-01 4.165480136871e-01 3.989626765251e-01 3.557591140270e-01 3.643974661827e-01 4.064295291901e-01 4.164353311062e-01 3.730712831020e-01 3.239406049252e-01 2.828174829483e-01
4.168967247009e+00 7.438584327698e+00 7.663603782654e+00 9.709220886230e+00 9.668835639954e+00 9.564828872681e+00 9.359622955322e+00 7.779249668121e+00 5.448480606079e+00 6.142949104309e+00 5.930365562439e+00 6.269583702087e+00 7.591203689575e+00 3.333554267883e+00 2.816281318665e+00 1.749592542648e+00 1.595483779907e+00 1.128072023392e+00 1.037224173546e+00 8.849519491196e-01 7.600024342537e-01 8.611410856247e-01 1.061681151390e+00 1.221982598305e+00 1.251200318336e+00 1.098708629608e+00 8.792749643326e-01 6.089844107628e-01 4.243655204773e-01 3.499620854855e-01 2.833611369133e-01 3.198658823967e-01 4.161426723003e-01 2.802982330322e-01 3.155760467052e-01 3.449605107307e-01 2.758273482323e-01 3.365357518196e-01 3.978768587112e-01 4.217212796211e-01 4.788091778755e-01 6.017795205116e-01 6.835460066795e-01
1.647644877434e+00 2.257346153259e+00 3.536506414413e+00 1.678003311157e+01 9.243144035339e+00 8.804024696350e+00 4.885849475861e+00 5.042564392090e+00 4.670686721802e+00 7.433144092560e+00 6.926643848419e+00 9.803903579712e+00 1.422341632843e+01 1.044877338409e+01 6.813425064087e+00 3.139154911041e+00 1.477834105492e+00 1.053747296333e+00 9.524778127670e-01 1.285530924797e+00 1.673292160034e+00 1.549804568291e+00 1.144079804420e+00 7.354330420494e-01 8.090898394585e-01 7.658835053444e-01 1.097104549408e+00 1.636606931686e+00 7.594972848892e-01 3.982075154781e-01 3.686115145683e-01 6.061944365501e-01 3.991296291351e-01 2.489688247442e-01 2.176441848278e-01 2.267296165228e-01 2.273737937212e-01 2.341020852327e-01 2.383916378021e-01 2.383154034615e-01 2.387793809175e-01 2.643098235130e-01 2.307703942060e-01
2.989468872547e-01 7.453712224960e-01 1.795874238014e+00 2.390671253204e+00 2.436576366425e+00 2.381898164749e+00 1.857025384903e+00 2.530963897705e+00 2.529899358749e+00 4.037677764893e+00 8.148126602173e+00 9.213453292847e+00 1.263842678070e+01 7.389923572540e+00 5.268678665161e+00 2.986236810684e+00 1.364217042923e+00 7.154166102409e-01 7.556788325310e-01 1.666845440865e+00 5.310198783875e+00 2.217613458633e+00 1.897016882896e+00 1.413012742996e+00 1.440496683121e+00 1.237268924713e+00 1.337795376778e+00 9.377451539040e-01 4.633522927761e-01 6.113814711571e-01 5.151038169861e-01 5.208491086960e-01 3.159181475639e-01 2.865679562092e-01 1.999290436506e-01 1.831651777029e-01 1.900477409363e-01 1.898615509272e-01 2.050736248493e-01 1.896829605103e-01 2.469412237406e-01 2.901369333267e-01 2.806182503700e-01
2.087700515985e-01 3.882029056549e-01 1.129951953888e+00 6.587187647820e-01 5.806953907013e-01 4.734153747559e-01 7.154687643051e-01 1.185227632523e+00 1.235826730728e+00 1.318512439728e+00 3.733564853668e+00 1.839558792114e+01 1.458115673065e+01 6.583524703979e+00 3.020369529724e+00 8.716400861740e-01 5.219854116440e-01 3.440428078175e-01 4.272545278072e-01 1.092849493027e+00 2.506718397141e+00 4.369787216187e+00 2.189785003662e+00 1.667003631592e+00 1.315739154816e+00 9.879433512688e-01 1.048879504204e+00 9.776845574379e-01 8.581873774529e-01 7.744775414467e-01 9.445475935936e-01 4.043131172657e-01 3.749148845673e-01 3.025882840157e-01 3.093059957027e-01 2.883604764938e-01 2.414590865374e-01 2.064292877913e-01 2.361499369144e-01 2.726308405399e-01 3.194474875927e-01 3.145566284657e-01 2.682667374611e-01
1.403883695602e-01 5.775006413460e-01 1.356295347214e+00 1.005765676498e+00 2.468730360270e-01 2.887034416199e-01 2.756193578243e-01 5.602118968964e-01 6.115304827690e-01 1.002324819565e+00 1.922965288162e+00 5.022662162781e+00 1.078660774231e+01 7.383058547974e+00 9.982512474060e+00 2.412457227707e+00 2.962478101254e-01 1.868477463722e-01 2.944635152817e-01 9.753659963608e-01 2.987657070160e+00 4.670922756195e+00 3.565491914749e+00 2.428529977798e+00 1.688432693481e+00 1.063114881516e+00 1.205891966820e+00 8.930519223213e-01 8.635063767433e-01 8.594623804092e-01 7.136201262474e-01 5.691590905190e-01 4.008714258671e-01 4.276892840862e-01 3.834344148636e-01 3.057072162628e-01 2.716784775257e-01 2.520346641541e-01 2.336945533752e-01 2.729678750038e-01 2.995516061783e-01 2.913900315762e-01 2.582134902477e-01
1.199362874031e-01 2.950417697430e-01 2.005681514740e+00 2.408480167389e+00 1.257049322128e+00 1.949939578772e-01 1.483152210712e-01 2.793200016022e-01 2.792729437351e-01 2.258141934872e-01 1.919664740562e-01 8.072153925896e-01 3.642758607864e+00 2.111335515976e+00 1.219644355774e+01 1.471294045448e+00 8.311397433281e-01 3.139079213142e-01 2.611304223537e-01 8.456546068192e-01 1.660521745682e+00 1.471670055389e+01 4.555133819580e+00 1.984556913376e+00 2.011534690857e+00 1.061098814011e+00 1.137883782387e+00 9.435443282127e-01 1.391425251961e+00 1.068246364594e+00 6.127526760101e-01 6.082226037979e-01 5.670830607414e-01 5.401700139046e-01 5.305336713791e-01 4.230275154114e-01 4.173797667027e-01 4.618976116180e-01 2.984589338303e-01 2.288698107004e-01 2.257594615221e-01 2.231345474720e-01 2.594183981419e-01
7.648150622845e-02 1.316033750772e-01 1.657458245754e-01 9.365062117577e-01 5.763080716133e-01 1.389896571636e-01 1.185114979744e-01 1.391197293997e-01 1.305230408907e-01 1.253800839186e-01 9.080005437136e-02 1.015453711152e-01 3.112824559212e-01 1.937052845955e+00 5.528882026672e+00 1.350697517395e+00 1.128355860710e+00 5.306938290596e-01 3.091423809528e-01 6.062054634094e-01 7.040689587593e-01 9.687811732292e-01 8.811542987823e-01 6.673702001572e-01 9.881198406219e-01 1.643132686615e+00 1.428821921349e+00 1.424529314041e+00 9.246416687965e-01 1.212582588196e+00 1.265418529510e+00 1.103495597839e+00 6.746389865875e-01 5.567976832390e-01 5.338450074196e-01 4.660953879356e-01 3.983748853207e-01 4.043921530247e-01 3.925354480743e-01 2.598328292370e-01 2.138278037310e-01 2.203851789236e-01 2.392975538969e-01
8.429134637117e-02 1.341897547245e-01 8.832056820393e-02 9.922958165407e-02 1.008713170886e-01 1.189352646470e-01 1.097945868969e-01 1.033115312457e-01 9.537231177092e-02 7.236625999212e-02 5.068368092179e-02 4.292229935527e-02 7.159715890884e-02 2.014078855515e+00 3.127437829971e+00 3.235290050507e+00 9.195849895477e-01 9.804575443268e-01 8.640137314796e-01 3.569487333298e-01 3.858661949635e-01 7.249223589897e-01 1.980755805969e+00 1.865893602371e+00 2.434471607208e+00 2.451596260071e+00 2.299161911011e+00 2.173772335052e+00 2.062720775604e+00 1.969526529312e+00 2.097660779953e+00 2.570897817612e+00 2.197929859161e+00 9.005147814751e-01 3.675800561905e-01 4.300855994225e-01 4.710506200790e-01 3.253337144852e-01 3.218479752541e-01 2.275993674994e-01 2.239522784948e-01 1.668479591608e-01 1.877071708441e-01
