100/SI/f148.grd
DSAA
101	101
32.816463539100	34.260883539100
35.556306596100	36.727886596100
1.164970453829e-04	1.880990409851e+01
[rows 38 to 56 of 101, columns 0 to 42 of 101]
4.537890851498e-02 9.574826061726e-02 1.035502031446e-01 1.078644767404e-01 1.276454627514e-01 1.564407795668e-01 1.806410402060e-01 2.058665752411e-01 2.262164950371e-01 2.065805047750e-01 1.695082336664e-01 1.383111625910e-01 1.365273147821e-01 1.344787031412e-01 1.430526375771e-01 1.604922711849e-01 1.818083226681e-01 3.376384079456e-01 5.473156571388e-01 5.876744985580e-01 4.740147590637e-01 4.013222455978e-01 2.666693627834e-01 3.123303055763e-01 6.195852160454e-01 8.042900562286e-01 7.739228010178e-01 5.528866052628e-01 3.979043662548e-01 4.418376386166e-01 4.673606753349e-01 5.707828998566e-01 7.830206155777e-01 7.722990512848e-01 7.243834137917e-01 4.323946237564e-01 5.910155177116e-01 6.644309759140e-01 6.590335965157e-01 1.010886192322e+00 1.102478146553e+00 1.640332818031e+00 1.324456810951e+00
6.656174361706e-02 1.185092926025e-01 9.938935935497e-02 9.758556634188e-02 1.389492452145e-01 1.689685881138e-01 2.220011651516e-01 2.792663276196e-01 3.113992512226e-01 2.915649712086e-01 2.118229866028e-01 1.658104658127e-01 1.428189128637e-01 1.456820219755e-01 1.562967598438e-01 1.688988059759e-01 1.799528449774e-01 1.896267235279e-01 2.979120314121e-01 4.170495569706e-01 4.260961711407e-01 4.182909429073e-01 4.323508441448e-01 3.573202192783e-01 3.318554461002e-01 3.686667680740e-01 4.957430958748e-01 9.345312714577e-01 1.252063751221e+00 1.270171642303e+00 9.964419603348e-01 4.903916120529e-01 5.542976260185e-01 4.695707261562e-01 9.388719201088e-01 8.414007425308e-01 5.491404533386e-01 6.630803942680e-01 8.140212297440e-01 9.260543584824e-01 1.237832188606e+00 1.484492182732e+00 1.754905223846e+00
7.705223560333e-02 1.534688472748e-01 1.454010754824e-01 1.265325844288e-01 1.670590490103e-01 2.055281847715e-01 2.493555098772e-01 3.280199766159e-01 3.554735779762e-01 3.542840182781e-01 2.423079907894e-01 1.625131517649e-01 1.636656373739e-01 1.416593343019e-01 1.180644035339e-01 1.331502646208e-01 1.544989347458e-01 1.683254539967e-01 1.774884164333e-01 2.358116358519e-01 3.476890921593e-01 4.879192113876e-01 5.862214565277e-01 5.905823111534e-01 5.770012736320e-01 3.836241662502e-01 3.041883707047e-01 3.213917315006e-01 3.115485310555e-01 3.910320997238e-01 8.288635611534e-01 1.322197794914e+00 1.567424654961e+00 1.308229565620e+00 6.631710529327e-01 6.591166853905e-01 1.151603460312e+00 9.575519561768e-01 9.954986572266e-01 9.928230047226e-01 9.206316471100e-01 1.237252354622e+00 1.863316059113e+00
1.111830100417e-01 1.872885823250e-01 2.176396548748e-01 2.235702723265e-01 2.014404535294e-01 2.405201345682e-01 2.400353550911e-01 2.312688976526e-01 2.311204671860e-01 2.826540768147e-01 3.050714433193e-01 2.646547853947e-01 1.962248384953e-01 1.745538264513e-01 1.770546287298e-01 2.191806584597e-01 2.543812096119e-01 2.846193015575e-01 2.782633900642e-01 2.022798955441e-01 2.246969193220e-01 2.967106699944e-01 3.389866948128e-01 4.546203911304e-01 5.643373131752e-01 6.702651381493e-01 7.475190162659e-01 7.252167463303e-01 7.443580627441e-01 8.120768070221e-01 8.978314399719e-01 8.808402419090e-01 1.361068367958e+00 1.536644339561e+00 1.096949219704e+00 1.385484814644e+00 1.537066221237e+00 1.305313110352e+00 1.470550060272e+00 1.193006515503e+00 8.367869257927e-01 1.462465405464e+00 1.218417525291e+00
1.142169088125e-01 2.007413208485e-01 2.202126532793e-01 2.026153206825e-01 2.224456220865e-01 2.804885208607e-01 2.785558402538e-01 2.416240572929e-01 2.906237542629e-01 2.418885678053e-01 2.298638671637e-01 3.207598328590e-01 3.329411745071e-01 2.508586347103e-01 2.322856187820e-01 2.140565365553e-01 2.186199128628e-01 2.929692566395e-01 3.952203392982e-01 4.017961025238e-01 2.590702772141e-01 2.928930521011e-01 3.744727373123e-01 3.119690418243e-01 3.602788448334e-01 4.346381127834e-01 5.738922953606e-01 8.664938211441e-01 1.166441321373e+00 1.067755579948e+00 1.009633421898e+00 7.509350776672e-01 7.471212744713e-01 1.402927160263e+00 1.349452376366e+00 1.701163887978e+00 1.124623298645e+00 1.592522621155e+00 1.396285653114e+00 2.013904333115e+00 2.081272125244e+00 1.636420130730e+00 1.844693422318e+00
2.207466214895e-01 4.279749393463e-01 3.197962343693e-01 2.662427425385e-01 2.604863345623e-01 2.343682944775e-01 2.397044003010e-01 2.915584445000e-01 2.887010574341e-01 2.339447289705e-01 2.929630577564e-01 1.996516585350e-01 2.558780312538e-01 3.586323559284e-01 3.113887012005e-01 2.693490087986e-01 3.373084664345e-01 7.323537468910e-01 8.633149862289e-01 4.702340662479e-01 5.036537051201e-01 2.976090908051e-01 3.495143055916e-01 4.950917065144e-01 3.297354280949e-01 3.017320930958e-01 3.161672055721e-01 3.465765118599e-01 4.425085186958e-01 5.030865669250e-01 5.374874472618e-01 5.853049159050e-01 7.971823215485e-01 1.257877230644e+00 8.628176450729e-01 7.988834977150e-01 1.173808813095e+00 1.336013555527e+00 8.837100863457e-01 1.839968681335e+00 1.892657756805e+00 2.060577630997e+00 2.528309106827e+00
3.502689301968e-01 6.423510909081e-01 5.207381248474e-01 4.046936333179e-01 3.730510473251e-01 3.059064149857e-01 4.219494760036e-01 3.703040182590e-01 3.680308163166e-01 2.879848182201e-01 2.255793064833e-01 2.763006985188e-01 2.477375566959e-01 1.616993844509e-01 3.035596013069e-01 3.559187054634e-01 2.591123282909e-01 2.222794443369e-01 4.063298702240e-01 2.689147591591e-01 4.680798947811e-01 5.555033683777e-01 5.517866611481e-01 4.833979904652e-01 6.635484099388e-01 4.075155854225e-01 3.782891929150e-01 4.898899495602e-01 5.739365816116e-01 4.381351470947e-01 5.583538413048e-01 6.878170371056e-01 8.149499297142e-01 9.561609625816e-01 1.216215372086e+00 9.216637015343e-01 1.027829051018e+00 1.149343609810e+00 1.089047312737e+00 1.564237356186e+00 1.447792172432e+00 2.096608638763e+00 2.140364646912e+00
1.370288729668e-01 2.853718996048e-01 3.445546627045e-01 4.059442877769e-01 4.148603081703e-01 4.606806337833e-01 4.866885840893e-01 4.196104705334e-01 3.762564659119e-01 3.604835271835e-01 3.367594182491e-01 3.116995394230e-01 2.948850989342e-01 2.766815125942e-01 2.994250953197e-01 2.554855048656e-01 1.814270168543e-01 2.147399932146e-01 2.261284142733e-01 3.086320459843e-01 2.891942262650e-01 4.774383604527e-01 5.172047019005e-01 5.542786717415e-01 6.477629542351e-01 7.309499382973e-01 7.957289218903e-01 8.285271525383e-01 8.464668989182e-01 9.117565751076e-01 9.259392023087e-01 9.737979769707e-01 1.034059286118e+00 8.585158586502e-01 7.387521862984e-01 1.040375351906e+00 1.246532559395e+00 1.920671343803e+00 2.297490835190e+00 2.120501756668e+00 2.018063545227e+00 2.097216844559e+00 1.739258646965e+00
1.331701278687e-01 2.792850732803e-01 3.169801831245e-01 3.509941101074e-01 4.025679230690e-01 4.117885529995e-01 3.785918653011e-01 3.065049946308e-01 2.892241179943e-01 3.439332544804e-01 4.036869406700e-01 3.830895423889e-01 2.899076640606e-01 1.890345811844e-01 2.028898149729e-01 1.170507743955e-01 6.824354827404e-02 7.538545131683e-02 1.004676148295e-01 1.211468949914e-01 3.604881167412e-01 6.345320940018e-01 5.404710173607e-01 6.849124431610e-01 6.579219698906e-01 8.104992508888e-01 8.362351655960e-01 7.914157509804e-01 7.377595305443e-01 8.391297459602e-01 8.954400420189e-01 1.156200647354e+00 1.478007316589e+00 1.610457062721e+00 1.375741243362e+00 1.165552496910e+00 1.290538191795e+00 9.215490221977e-01 1.404763698578e+00 1.431866765022e+00 2.237516164780e+00 2.111762285233e+00 2.272820234299e+00
3.603611141443e-02 7.242131233215e-02 7.644039392471e-02 8.240427821875e-02 1.135615631938e-01 1.588403731585e-01 2.089478671551e-01 2.244336307049e-01 2.169765233994e-01 2.001632302999e-01 2.073334604502e-01 2.634392082691e-01 2.630875408649e-01 2.141391038895e-01 1.384136825800e-01 1.073965057731e-01 5.530473962426e-02 4.706838726997e-02 5.233554914594e-02 1.115767657757e-01 2.495601624250e-01 5.298217535019e-01 1.321613311768e+00 1.242477297783e+00 1.115963697433e+00 1.047872424126e+00 1.009729027748e+00 9.815055727959e-01 1.047141432762e+00 1.209095597267e+00 1.344089031219e+00 1.521282196045e+00 2.625669717789e+00 1.459334254265e+00 3.296337366104e+00 2.245602130890e+00 1.789880037308e+00 1.925817608833e+00 2.383088827133e+00 2.766541481018e+00 2.925884246826e+00 2.753973722458e+00 2.772743940353e+00
3.273512795568e-02 6.323134899139e-02 6.884549558163e-02 6.895966827869e-02 1.162802278996e-01 1.723389029503e-01 1.796554774046e-01 1.465865969658e-01 1.082051992416e-01 8.807374536991e-02 1.114421635866e-01 1.383038163185e-01 1.323910951614e-01 1.063706055284e-01 7.829726487398e-02 5.547047406435e-02 4.012747853994e-02 2.931738831103e-02 3.061955235898e-02 9.955376386642e-02 3.185095489025e-01 5.488321781158e-01 5.398113131523e-01 1.147534012794e+00 2.764015436172e+00 1.397502541542e+00 8.705118894577e-01 7.885667681694e-01 8.201190829277e-01 8.939030766487e-01 1.537601470947e+00 2.216547250748e+00 1.173536419868e+00 1.747336030006e+00 3.156121015549e+00 5.772031784058e+00 2.357349157333e+00 1.860829710960e+00 1.655662775040e+00 1.821133375168e+00 1.558713436127e+00 2.898826122284e+00 3.380572080612e+00
1.700367406011e-02 3.531544655561e-02 4.232493042946e-02 4.696959629655e-02 6.193552911282e-02 9.960746765137e-02 1.141463518143e-01 9.894177317619e-02 7.656619697809e-02 5.725282058120e-02 4.727878049016e-02 4.513423144817e-02 3.598652034998e-02 3.153081610799e-02 3.762032091618e-02 2.864608541131e-02 2.668958529830e-02 2.244546823204e-02 2.602738142014e-02 3.984223678708e-02 6.746553629637e-02 1.833587288857e-01 1.920253485441e-01 2.591469585896e-01 1.004509806633e+00 1.061226367950e+00 3.954499363899e-01 2.163601964712e-01 2.252067327499e-01 7.306052446365e-01 9.672394990921e-01 1.049342274666e+00 1.092608213425e+00 8.969697952271e-01 1.319878220558e+00 3.805282115936e+00 2.024245262146e+00 1.239027142525e+00 8.645727634430e-01 7.822714447975e-01 7.353144884109e-01 1.926939964294e+00 2.674663305283e+00
7.495734374970e-03 1.496704854071e-02 1.556699536741e-02 1.736146397889e-02 2.173301391304e-02 2.752763591707e-02 3.276167437434e-02 3.565540909767e-02 3.449563309550e-02 2.922279946506e-02 2.504362538457e-02 2.879098989069e-02 2.972375229001e-02 2.748925238848e-02 2.791808545589e-02 3.190481662750e-02 2.422187849879e-02 1.940917968750e-02 2.170956134796e-02 3.234621509910e-02 3.695064038038e-02 6.743910908699e-02 1.172848045826e-01 2.560172975063e-01 6.218779087067e-01 3.853435814381e-01 2.385210841894e-01 1.898765414953e-01 1.830275952816e-01 5.894532054663e-02 5.164732411504e-02 5.603017657995e-02 8.748426288366e-02 1.902541369200e-01 4.412891566753e-01 7.510088443756e+00 1.431304740906e+01 1.904656648636e+00 1.297789812088e+00 6.684191226959e-01 4.710389673710e-01 5.095153450966e-01 9.871135354042e-01
6.060813553631e-03 1.101978402585e-02 1.224651094526e-02 1.224530022591e-02 1.230810210109e-02 1.585899852216e-02 2.082845568657e-02 2.563914656639e-02 2.850341610610e-02 2.791424281895e-02 2.344381250441e-02 2.165914513171e-02 2.352549508214e-02 2.275767363608e-02 2.024896442890e-02 2.479533851147e-02 2.878698334098e-02 2.288436703384e-02 1.763615012169e-02 5.151840299368e-02 6.532680988312e-02 4.949582368135e-02 6.573917716742e-02 1.154329776764e-01 2.192480862141e-01 2.177386522293e+00 4.735839366913e-01 4.204611480236e-01 1.776545792818e-01 3.496390953660e-02 3.058413602412e-02 3.202589601278e-02 3.723473846912e-02 4.586187377572e-02 6.144006550312e-02 3.304370939732e-01 2.303836822510e+00 5.932881832123e+00 1.514009237289e+00 8.486907482147e-01 2.440812289715e-01 1.571164429188e-01 1.731134653091e-01
5.692268256098e-03 1.355404034257e-02 1.832762174308e-02 2.115151844919e-02 2.202474884689e-02 2.031875960529e-02 1.805931515992e-02 1.642345823348e-02 2.044725976884e-02 2.344979345798e-02 2.337725274265e-02 2.022269181907e-02 1.756655052304e-02 2.184578403831e-02 2.281324937940e-02 2.038885653019e-02 2.375720813870e-02 3.065159171820e-02 2.417894080281e-02 5.096437036991e-02 5.423371493816e-02 4.622669145465e-02 5.149026960135e-02 5.579909682274e-02 1.270520985126e-01 4.412374198437e-01 4.579342007637e-01 1.173037812114e-01 5.446350947022e-02 3.386389464140e-02 2.537653036416e-02 2.166539430618e-02 2.137070335448e-02 2.676770463586e-02 3.476776555181e-02 1.179948300123e-01 6.039629578590e-01 2.131493806839e+00 2.581671476364e+00 3.969440162182e-01 1.708464622498e-01 1.104350611567e-01 1.046327799559e-01
8.621435612440e-03 2.029646746814e-02 2.593988366425e-02 2.916682884097e-02 2.996099740267e-02 2.862436138093e-02 2.686467394233e-02 2.416050620377e-02 2.083964087069e-02 1.702399738133e-02 1.878036558628e-02 1.972403563559e-02 1.888843439519e-02 2.216799184680e-02 2.542901411653e-02 2.402554638684e-02 2.027353830636e-02 3.219853341579e-02 3.429571539164e-02 8.992480486631e-02 5.769361928105e-02 4.148573055863e-02 2.804983966053e-02 2.889367938042e-02 5.442187562585e-02 3.942895829678e-01 5.593661069870e-01 1.063062399626e-01 6.962948292494e-02 3.545618057251e-02 2.191455848515e-02 1.514764688909e-02 1.346938591450e-02 1.424648892134e-02 2.180841006339e-02 3.605724126101e-02 2.443597763777e-01 7.552276849747e-01 2.004857063293e+00 9.701841473579e-01 4.619872570038e-01 9.210358560085e-02 7.787631452084e-02
5.877737421542e-03 1.285924296826e-02 1.603918895125e-02 1.760036312044e-02 1.706579700112e-02 1.703722402453e-02 1.906404271722e-02 2.131782658398e-02 2.343730442226e-02 2.347149513662e-02 2.020826935768e-02 1.520379539579e-02 1.790791749954e-02 1.962343044579e-02 1.972841843963e-02 1.981443911791e-02 2.072756551206e-02 3.395274281502e-02 4.659802839160e-02 7.762187719345e-02 5.980214849114e-02 4.697982221842e-02 2.311180159450e-02 2.300631441176e-02 4.634535685182e-02 1.435248106718e-01 1.240461915731e-01 8.248601853848e-02 6.516887247562e-02 3.629828616977e-02 2.013347856700e-02 1.654055900872e-02 1.458972413093e-02 1.425560470670e-02 1.823768764734e-02 3.085737489164e-02 6.458047032356e-02 3.252673447132e-01 3.826510906219e-01 2.328173071146e-01 1.395527571440e-01 7.055688649416e-02 6.365987658501e-02
5.523991771042e-03 1.000380143523e-02 1.485697925091e-02 1.897441223264e-02 2.263813279569e-02 2.675299346447e-02 3.127165138721e-02 3.615853562951e-02 4.067544639111e-02 4.196419566870e-02 3.750773146749e-02 2.784969843924e-02 1.791324280202e-02 1.864316686988e-02 2.289115823805e-02 2.485541813076e-02 3.110321611166e-02 3.601340577006e-02 4.221597313881e-02 7.386121898890e-02 5.283981934190e-02 3.488650545478e-02 1.846876740456e-02 1.791843026876e-02 3.359338641167e-02 3.899947181344e-02 4.015315771103e-01 5.651784315705e-02 5.332191661000e-02 3.210186958313e-02 1.859805360436e-02 1.490572467446e-02 1.422084402293e-02 1.501326262951e-02 1.933455839753e-02 2.629330195487e-02 4.366505891085e-02 5.379763618112e-02 1.132136955857e-01 1.503842324018e-01 9.393451362848e-02 5.644322931767e-02 7.272382825613e-02
5.532023496926e-03 1.000694558024e-02 1.361939311028e-02 1.683741435409e-02 2.008365653455e-02 2.404696866870e-02 2.823449671268e-02 3.246059268713e-02 3.641118109226e-02 3.854359313846e-02 3.652162104845e-02 3.982950374484e-02 4.150587692857e-02 4.149811714888e-02 3.959143906832e-02 3.590201959014e-02 4.272206127644e-02 3.102037683129e-02 4.192166402936e-02 1.335791647434e-01 4.891693219543e-02 2.454120665789e-02 1.732085086405e-02 1.450265198946e-02 2.000970393419e-02 4.496639221907e-02 1.620048731565e-01 4.385635629296e-02 5.657417327166e-02 2.397899329662e-02 1.757819950581e-02 1.347279734910e-02 1.363985333592e-02 1.549712009728e-02 2.047147415578e-02 2.433527819812e-02 2.708654105663e-02 4.360404983163e-02 9.556345641613e-02 1.117067933083e-01 6.933533400297e-02 5.138809978962e-02 6.744311004877e-02
