100/SI/f148.grd
DSAA
101	101
32.816463539100	34.260883539100
35.556306596100	36.727886596100
1.164970453829e-04	1.880990409851e+01
[rows 19 to 37 of 101, columns 43 to 85 of 101]
1.873787492514e-01 2.304413765669e-01 2.995427846909e-01 3.049992620945e-01 1.978329718113e-01 3.034923374653e-01 1.549067199230e-01 1.606246978045e-01 1.755340099335e-01 1.779832690954e-01 1.624024361372e-01 2.378427237272e-01 2.861006557941e-01 2.830850183964e-01 1.879195570946e-01 2.296444326639e-01 3.027598559856e-01 2.835337519646e-01 1.559704095125e-01 2.517526149750e-01 1.163850426674e-01 1.632091104984e-01 2.192562073469e-01 1.081810668111e-01 1.070649251342e-01 1.266089528799e-01 1.044928431511e-01 1.312827169895e-01 1.218477189541e-01 9.648495912552e-02 1.041351705790e-01 1.442313939333e-01 1.628784984350e-01 1.261617243290e-01 1.116005033255e-01 9.149838984013e-02 6.286086142063e-02 6.865309923887e-02 7.583536207676e-02 6.316450238228e-02 5.962575972080e-02 5.169538781047e-02 5.623689293861e-02
1.686600446701e-01 2.258306443691e-01 3.202338814735e-01 3.690493106842e-01 2.666538357735e-01 2.683401107788e-01 1.593103408813e-01 1.701403707266e-01 1.520353555679e-01 1.903066486120e-01 1.990828961134e-01 2.223488390446e-01 3.060807883739e-01 3.010393381119e-01 2.306413054466e-01 2.497115433216e-01 2.955856919289e-01 3.203158080578e-01 1.840153932571e-01 2.433597743511e-01 1.329600065947e-01 2.470747381449e-01 3.078928887844e-01 1.435553878546e-01 1.248774677515e-01 1.295806765556e-01 1.280980408192e-01 1.357563138008e-01 1.058171540499e-01 1.026675999165e-01 1.456014066935e-01 1.902544796467e-01 1.699626892805e-01 1.341464221478e-01 1.111074239016e-01 9.161259233952e-02 6.518202275038e-02 8.025983721018e-02 6.207449734211e-02 5.362433567643e-02 5.719172209501e-02 4.927604645491e-02 5.136912316084e-02
1.821171492338e-01 2.590315937996e-01 2.957142889500e-01 3.863726556301e-01 3.287335038185e-01 2.296559810638e-01 1.577559709549e-01 1.802229136229e-01 1.444658637047e-01 1.778873354197e-01 1.876157522202e-01 2.119284272194e-01 2.905407845974e-01 3.281460404396e-01 2.781652212143e-01 2.668901681900e-01 2.830963134766e-01 3.499679863453e-01 2.097488641739e-01 2.254212051630e-01 1.493729501963e-01 3.059699833393e-01 3.370436429977e-01 1.614362001419e-01 1.219352856278e-01 1.513595283031e-01 1.445880979300e-01 1.173923090100e-01 1.005897969007e-01 1.447742730379e-01 2.030520737171e-01 1.969409883022e-01 1.330554187298e-01 1.530306339264e-01 1.101215109229e-01 8.433714509010e-02 7.769460231066e-02 8.251909911633e-02 6.928465515375e-02 5.427644401789e-02 5.292172729969e-02 3.896631672978e-02 3.822297230363e-02
1.740326434374e-01 2.439777106047e-01 2.507106065750e-01 3.688070774078e-01 3.638603091240e-01 2.404108792543e-01 2.123872637749e-01 1.908619850874e-01 1.422505825758e-01 1.556552946568e-01 1.787538081408e-01 2.147656530142e-01 2.406868934631e-01 3.449264764786e-01 3.097535073757e-01 2.600064873695e-01 2.617381215096e-01 3.752133548260e-01 2.309639453888e-01 2.019218802452e-01 1.656843125820e-01 3.037864863873e-01 2.937118709087e-01 1.395333558321e-01 1.343327015638e-01 1.574749797583e-01 1.311913281679e-01 1.076718494296e-01 1.523291468620e-01 2.147708237171e-01 2.112254053354e-01 1.467586606741e-01 1.122592911124e-01 1.589811742306e-01 7.915890216827e-02 7.716694474220e-02 9.590702503920e-02 7.392365485430e-02 7.945894449949e-02 5.057554319501e-02 5.641167238355e-02 4.714607819915e-02 4.255686327815e-02
1.415109336376e-01 1.692209839821e-01 2.610780596733e-01 3.265349864960e-01 3.665781915188e-01 2.435975074768e-01 2.639408111572e-01 2.214996814728e-01 1.555396914482e-01 1.319415122271e-01 1.862039566040e-01 2.095593512058e-01 2.478186041117e-01 3.702602982521e-01 3.134464323521e-01 2.424601465464e-01 2.355514466763e-01 3.905948698521e-01 2.463191598654e-01 2.453565299511e-01 1.924459785223e-01 2.496933490038e-01 2.190296202898e-01 1.304471939802e-01 1.638238281012e-01 1.522997021675e-01 1.127817183733e-01 1.624500304461e-01 2.327455431223e-01 2.262503951788e-01 1.536088734865e-01 9.111136943102e-02 1.191351860762e-01 1.490986943245e-01 8.009859919548e-02 8.284027874470e-02 1.010601669550e-01 7.735876739025e-02 8.716481178999e-02 5.276677757502e-02 5.358087271452e-02 4.438659921288e-02 4.515140503645e-02
1.817668676376e-01 1.822424829006e-01 2.946381866932e-01 2.759532928467e-01 3.482429087162e-01 2.718597650528e-01 2.528072893620e-01 2.800462841988e-01 2.434081733227e-01 1.860416829586e-01 2.033167332411e-01 1.978132128716e-01 2.700952887535e-01 3.958509862423e-01 2.810388803482e-01 2.325274050236e-01 2.007497400045e-01 3.992846012115e-01 3.129286766052e-01 2.709946334362e-01 2.275709509850e-01 2.419713884592e-01 1.464543938637e-01 1.579170823097e-01 1.681710779667e-01 1.157262027264e-01 1.763356328011e-01 2.509616315365e-01 2.389638721943e-01 1.601455062628e-01 8.578678220510e-02 6.703438609838e-02 1.594115793705e-01 1.245926991105e-01 7.643272727728e-02 1.074546724558e-01 9.346642345190e-02 7.794525474310e-02 9.258010983467e-02 6.530601531267e-02 4.578769579530e-02 4.362266883254e-02 3.877220302820e-02
2.856442630291e-01 1.766740828753e-01 1.771643906832e-01 3.050812780857e-01 3.206672072411e-01 2.868767976761e-01 2.208319604397e-01 2.561410069466e-01 2.911669611931e-01 2.858720719814e-01 2.435099631548e-01 3.018440008163e-01 2.934461832047e-01 4.112792909145e-01 2.427761405706e-01 2.121801525354e-01 2.811734080315e-01 4.019860029221e-01 3.541945517063e-01 2.598424553871e-01 2.452528923750e-01 2.609607875347e-01 1.645639389753e-01 1.720751076937e-01 1.415970027447e-01 1.844924539328e-01 2.732365131378e-01 2.560760676861e-01 1.665947735310e-01 1.087602749467e-01 1.528200805187e-01 9.345152229071e-02 1.860394775867e-01 1.090506464243e-01 8.926210552454e-02 1.149385422468e-01 1.124057769775e-01 7.906340807676e-02 9.555117040873e-02 7.206965237856e-02 4.366118460894e-02 4.139491915703e-02 4.797482863069e-02
3.820161223412e-01 1.816498935223e-01 1.783513575792e-01 2.809308171272e-01 2.886520922184e-01 2.934100031853e-01 2.402030229568e-01 2.431527972221e-01 2.420346885920e-01 3.131451010704e-01 3.413672447205e-01 3.053857684135e-01 3.167983889580e-01 4.166051447392e-01 2.104599177837e-01 3.288809657097e-01 3.944706022739e-01 4.023465812206e-01 3.442480564117e-01 2.058958560228e-01 2.329299151897e-01 2.390959411860e-01 1.650677770376e-01 1.421353220940e-01 1.858985722065e-01 2.905401587486e-01 2.803578674793e-01 1.755871772766e-01 1.554847955704e-01 2.128505706787e-01 1.932518631220e-01 1.755129843950e-01 1.812722533941e-01 1.219938322902e-01 1.149654686451e-01 9.524821490049e-02 1.225672215223e-01 8.364921063185e-02 9.587384760380e-02 7.161391526461e-02 4.638829827309e-02 5.252255499363e-02 6.765129417181e-02
4.170609116554e-01 1.865502744913e-01 2.156862318516e-01 1.859185695648e-01 3.179828822613e-01 2.961945235729e-01 2.530639171600e-01 2.582293748856e-01 2.464166879654e-01 3.107899427414e-01 3.289492130280e-01 2.865965366364e-01 3.377349078655e-01 4.013503789902e-01 3.579414486885e-01 4.356775283813e-01 4.212492108345e-01 3.907389938831e-01 2.339571118355e-01 2.075512111187e-01 2.400304675102e-01 2.418530881405e-01 1.746620088816e-01 1.778797209263e-01 3.028036355972e-01 3.092695772648e-01 1.938820332289e-01 1.575266718864e-01 2.314795255661e-01 1.921321600676e-01 1.563497781754e-01 1.703931093216e-01 1.405529528856e-01 1.344045698643e-01 1.139116287231e-01 7.989773154259e-02 1.200586855412e-01 9.045106172562e-02 9.398210048676e-02 6.482647359371e-02 5.573636293411e-02 7.505127787590e-02 8.482031524181e-02
3.660488724709e-01 2.725264430046e-01 2.497042864561e-01 1.752144992352e-01 2.298974692822e-01 3.015843331814e-01 3.178826570511e-01 2.744048833847e-01 3.232173025608e-01 4.748962521553e-01 2.664253413677e-01 2.513147294521e-01 3.515599668026e-01 3.693301379681e-01 4.642770588398e-01 4.497646093369e-01 3.888237774372e-01 3.775313198566e-01 2.586604058743e-01 2.787128686905e-01 2.491743862629e-01 2.406413406134e-01 1.624086499214e-01 3.071358203888e-01 3.406906127930e-01 2.202900350094e-01 1.798470914364e-01 2.453287392855e-01 2.171487063169e-01 1.423054784536e-01 2.073745429516e-01 1.789477318525e-01 1.082825586200e-01 1.226224824786e-01 1.025614216924e-01 1.101759746671e-01 1.093023046851e-01 9.949409961700e-02 9.118498116732e-02 8.391946554184e-02 9.306460618973e-02 1.044625192881e-01 8.810153603554e-02
2.469195723534e-01 4.106360971928e-01 2.733588516712e-01 2.154618054628e-01 2.595219016075e-01 2.924297749996e-01 2.806466221809e-01 2.936770021915e-01 4.236425459385e-01 5.875337719917e-01 3.942613601685e-01 2.737720310688e-01 3.541136085987e-01 4.419702887535e-01 4.733913242817e-01 6.598527431488e-01 3.496947288513e-01 3.494300842285e-01 2.885219156742e-01 2.817791402340e-01 2.574074864388e-01 2.381605803967e-01 3.039622902870e-01 3.614822626114e-01 2.482745200396e-01 2.023645192385e-01 2.421147525311e-01 2.433474957943e-01 2.083786278963e-01 2.078366875648e-01 2.201914489269e-01 1.226486340165e-01 1.160514503717e-01 1.047447621822e-01 9.204132109880e-02 8.611730486155e-02 1.487567126751e-01 1.175306737423e-01 1.081867367029e-01 1.240816712379e-01 1.236456036568e-01 9.074951708317e-02 6.133396178484e-02
2.776610553265e-01 4.550410211086e-01 2.826246619225e-01 2.381353378296e-01 3.059572279453e-01 2.798968255520e-01 2.915196120739e-01 3.698177039623e-01 4.881877601147e-01 5.899456739426e-01 4.707476794720e-01 4.668609201908e-01 4.132377505302e-01 4.847185015678e-01 5.768023729324e-01 8.350036144257e-01 3.633168637753e-01 3.928909599781e-01 3.895770013332e-01 3.184827864170e-01 2.521950006485e-01 3.031076192856e-01 3.799818456173e-01 2.732405960560e-01 2.265430241823e-01 2.390394955873e-01 2.318426668644e-01 2.570742368698e-01 2.500350773335e-01 2.501288354397e-01 1.883478164673e-01 1.013379320502e-01 1.387678831816e-01 8.721723407507e-02 9.097889065742e-02 9.300472587347e-02 2.049708962440e-01 1.361396461725e-01 1.428899765015e-01 1.150871142745e-01 6.992868334055e-02 4.145604744554e-02 4.115593805909e-02
5.496578216553e-01 3.597080707550e-01 3.942472338676e-01 2.528488934040e-01 3.724846243858e-01 2.887865006924e-01 3.135431706905e-01 4.272650182247e-01 5.135039687157e-01 4.993280768394e-01 4.843622446060e-01 4.895834326744e-01 4.583815336227e-01 3.717547357082e-01 3.953186869621e-01 5.319160819054e-01 2.959495186806e-01 3.881981670856e-01 4.243835508823e-01 3.540940582752e-01 3.150861859322e-01 3.975059092045e-01 2.976299226284e-01 2.533259093761e-01 2.343072295189e-01 2.150787562132e-01 2.321771234274e-01 2.742383182049e-01 2.749941349030e-01 2.461253106594e-01 1.538800597191e-01 9.717016667128e-02 1.477753221989e-01 1.177716553211e-01 1.420557349920e-01 1.511186361313e-01 2.310980856419e-01 1.352001279593e-01 1.069413349032e-01 7.465685904026e-02 6.689176708460e-02 5.059964209795e-02 4.822177812457e-02
8.917394280434e-01 3.898680806160e-01 4.413824677467e-01 3.217252492905e-01 4.127711951733e-01 3.529374301434e-01 3.466452658176e-01 4.904660880566e-01 5.272754430771e-01 4.146921336651e-01 5.827834606171e-01 7.162325382233e-01 3.960710167885e-01 4.647985100746e-01 2.850216031075e-01 3.306476175785e-01 3.163235187531e-01 3.773542344570e-01 3.646913766861e-01 3.307496905327e-01 4.218755960464e-01 3.212032020092e-01 2.638441324234e-01 2.371472269297e-01 2.551920711994e-01 2.363118529320e-01 2.379002720118e-01 2.969280779362e-01 2.988344132900e-01 2.715746462345e-01 1.869201064110e-01 1.638954877853e-01 1.626864224672e-01 1.484096944332e-01 1.436580568552e-01 2.208906561136e-01 1.901665776968e-01 9.257740527391e-02 9.998424351215e-02 1.021609082818e-01 9.466838836670e-02 7.313644886017e-02 5.207583308220e-02
9.758224487305e-01 1.019500851631e+00 4.172565937042e-01 4.226338565350e-01 4.544681012630e-01 4.270622432232e-01 5.850172042847e-01 5.494419932365e-01 5.198148488998e-01 3.862900435925e-01 5.917247533798e-01 7.977350950241e-01 4.768192470074e-01 4.475262165070e-01 3.646727204323e-01 3.715364634991e-01 3.939162194729e-01 3.724337816238e-01 3.603078722954e-01 4.514669179916e-01 3.516716957092e-01 3.009483218193e-01 2.579054832458e-01 2.020788341761e-01 2.474596947432e-01 2.790011167526e-01 2.563936114311e-01 3.188249170780e-01 3.325612545013e-01 2.969951033592e-01 2.210318744183e-01 1.630741953850e-01 1.450457423925e-01 1.231282129884e-01 1.999411135912e-01 2.290889173746e-01 1.022650748491e-01 1.052667126060e-01 1.096979901195e-01 1.111918240786e-01 1.050528660417e-01 8.778391033411e-02 6.092636659741e-02
4.684686958790e-01 1.373088598251e+00 1.003458976746e+00 4.176780581474e-01 4.788105189800e-01 5.317770242691e-01 5.663131475449e-01 5.767822861671e-01 4.614495933056e-01 4.031560122967e-01 6.745116710663e-01 7.807534337044e-01 6.127097606659e-01 4.142808020115e-01 3.816176950932e-01 4.264577925205e-01 6.589780449867e-01 4.138664007187e-01 5.004491806030e-01 3.857478499413e-01 2.773929238319e-01 2.703502774239e-01 2.283617854118e-01 2.768076658249e-01 2.819290161133e-01 3.242625594139e-01 3.576278388500e-01 2.727620601654e-01 3.240629434586e-01 3.235628604889e-01 2.513498663902e-01 1.331233978271e-01 1.362388730049e-01 2.114059627056e-01 2.293318659067e-01 1.342307180166e-01 9.349868446589e-02 9.435065090656e-02 9.388919174671e-02 9.526936709881e-02 9.489805996418e-02 8.786229044199e-02 7.024154812098e-02
8.603398799896e-01 6.488790512085e-01 1.600575089455e+00 7.454534769058e-01 4.840883016586e-01 6.536160111427e-01 4.916463494301e-01 5.489693284035e-01 7.201472520828e-01 5.625498294830e-01 7.791867256165e-01 6.201171278954e-01 6.525864005089e-01 5.461847782135e-01 4.497525393963e-01 4.205458760262e-01 9.587173461914e-01 5.798636078835e-01 4.668252468109e-01 5.680136084557e-01 3.378519415855e-01 2.754473984241e-01 2.941985428333e-01 3.097938001156e-01 2.984921038151e-01 3.183413147926e-01 4.506781399250e-01 2.730503380299e-01 3.362528085709e-01 3.511083722115e-01 2.846709489822e-01 1.835011541843e-01 2.328972369432e-01 2.156136482954e-01 1.234628930688e-01 1.031130179763e-01 9.740209579468e-02 9.121084958315e-02 8.479113876820e-02 7.894464582205e-02 8.173938840628e-02 8.445324003696e-02 7.670950144529e-02
1.162902951241e+00 1.518077611923e+00 9.179808497429e-01 1.573463916779e+00 5.835245251656e-01 7.911497950554e-01 6.789500713348e-01 7.247253060341e-01 1.011520862579e+00 8.393275141716e-01 9.693714380264e-01 5.552860498428e-01 5.919938087463e-01 6.164382100105e-01 5.519657731056e-01 4.357805848122e-01 1.126292705536e+00 6.396681070328e-01 6.656177639961e-01 4.613300263882e-01 2.500525116920e-01 2.769439518452e-01 3.520850837231e-01 3.196408450603e-01 2.904703319073e-01 2.794307768345e-01 4.392686486244e-01 2.992187440395e-01 3.770317435265e-01 3.718872964382e-01 2.949317395687e-01 2.351738363504e-01 1.764745712280e-01 9.202549606562e-02 9.118381142616e-02 9.649059921503e-02 9.519852697849e-02 1.017640680075e-01 9.993740171194e-02 9.485090523958e-02 1.030043736100e-01 1.197476014495e-01 1.250830888748e-01
2.292412519455e+00 1.518763303757e+00 1.604040145874e+00 1.332598805428e+00 1.212332963943e+00 8.891327381134e-01 9.770576953888e-01 8.595417737961e-01 8.902102112770e-01 9.836822152138e-01 1.139397501945e+00 6.626171469688e-01 5.833405256271e-01 6.259362697601e-01 6.850451827049e-01 6.488770246506e-01 8.692952394485e-01 6.441237926483e-01 6.424688696861e-01 5.130439996719e-01 4.179297983646e-01 4.965477585793e-01 5.001540780067e-01 4.139904081821e-01 3.023119866848e-01 2.568869292736e-01 3.445946276188e-01 3.674859702587e-01 3.895594775677e-01 3.253403306007e-01 2.282595187426e-01 1.459749191999e-01 1.277515143156e-01 1.351798921824e-01 1.598802059889e-01 1.753155440092e-01 1.833995729685e-01 1.825964748859e-01 1.733592152596e-01 1.586577594280e-01 1.443545669317e-01 1.456224918365e-01 1.289370656013e-01
