100/SI/f14_max.grd
DSAA
101	101
32.816463539100	34.260883539100
35.556306596100	36.727886596100
2.400615994702e-05	3.921256542206e+00
[rows 57 to 75 of 101, columns 43 to 85 of 101]
1.655253581703e-02 1.975546032190e-02 9.988853707910e-03 1.103284582496e-02 1.089092530310e-02 1.765256188810e-02 1.999410241842e-02 2.707610465586e-02 2.376401051879e-02 1.288133300841e-02 8.835507556796e-03 7.430772297084e-03 5.508156493306e-03 9.867192246020e-03 4.071796312928e-02 1.365988254547e-01 3.066411316395e-01 2.950271964073e-01 4.518073797226e-01 1.435972899199e-01 4.086261242628e-02 3.161593899131e-02 5.717796832323e-02 1.016888916492e-01 1.741300523281e-01 1.579243540764e-01 1.717731505632e-01 1.397399604321e-01 1.827364712954e-01 1.679067015648e-01 1.774122118950e-01 1.322423219681e-01 1.374701857567e-01 1.930201947689e-01 1.198242604733e-01 7.351601868868e-02 8.589501678944e-02 1.241336613894e-01 1.555153876543e-01 1.124125868082e-01 4.682533442974e-02 4.090685397387e-02 3.955650329590e-02
1.323025766760e-02 2.483511902392e-02 8.074935525656e-03 8.555050007999e-03 8.450302295387e-03 1.280580461025e-02 2.519467845559e-02 8.121939748526e-02 6.471391022205e-02 1.395065803081e-02 8.155894465744e-03 5.608825944364e-03 4.291225224733e-03 4.249986726791e-03 8.490663021803e-03 8.148476481438e-02 9.540227055550e-02 1.001155376434e-01 8.261646330357e-02 8.330601453781e-02 5.969443544745e-02 4.545641317964e-02 3.513856232166e-02 2.100927941501e-02 5.436580255628e-02 1.087231189013e-01 1.893130391836e-01 1.930774897337e-01 2.105281651020e-01 1.158878579736e-01 1.527733653784e-01 1.394851505756e-01 1.195754483342e-01 1.050691083074e-01 1.068350002170e-01 8.055456727743e-02 7.757472991943e-02 9.309732168913e-02 9.071261435747e-02 8.163104206324e-02 8.317061513662e-02 8.632842451334e-02 8.007910102606e-02
1.099068205804e-02 1.059444434941e-02 7.354904897511e-03 7.788916584104e-03 7.900194264948e-03 1.166194677353e-02 3.572991862893e-02 1.083050966263e-01 9.385834634304e-02 2.047321014106e-02 8.451214060187e-03 4.791398067027e-03 3.405526746064e-03 3.094740910456e-03 3.156991908327e-03 3.970013931394e-03 5.514918360859e-03 7.516671903431e-03 9.753677994013e-03 1.210666261613e-02 1.441424898803e-02 1.656490005553e-02 1.114781480283e-02 1.121739204973e-02 2.662277035415e-02 1.240447312593e-01 2.138163000345e-01 2.425049543381e-01 2.328939139843e-01 2.351218163967e-01 1.551718860865e-01 1.345373243093e-01 1.143029630184e-01 1.039069145918e-01 1.459622681141e-01 1.257775872946e-01 1.042999401689e-01 6.528440862894e-02 6.924146413803e-02 5.725541338325e-02 5.209185555577e-02 4.597842320800e-02 4.168416932225e-02
1.013466715813e-02 9.121382609010e-03 7.121115922928e-03 7.902281358838e-03 9.024002589285e-03 1.184811536223e-02 1.181100532413e-01 9.554360061884e-02 1.139888092875e-01 1.580417342484e-02 7.414189632982e-03 4.619762767106e-03 3.085287287831e-03 2.492389874533e-03 2.383932005614e-03 2.515899250284e-03 3.087866352871e-03 4.069204442203e-03 5.921750329435e-03 6.831089500338e-03 7.862506434321e-03 1.574613526464e-02 8.097825571895e-03 7.456757128239e-03 2.270979620516e-02 5.136440321803e-02 1.828844100237e-01 2.011945098639e-01 2.143453806639e-01 2.289010286331e-01 1.901868283749e-01 1.474899649620e-01 1.024461165071e-01 1.315626353025e-01 9.157869964838e-02 8.060420304537e-02 6.685258448124e-02 5.528969317675e-02 5.200517177582e-02 5.058240145445e-02 5.437864363194e-02 7.692866772413e-02 1.072150468826e-01
8.586199022830e-03 6.687665358186e-03 6.999133620411e-03 8.391023613513e-03 1.373752299696e-02 2.233594469726e-02 6.728945672512e-02 1.488956958055e-01 5.597213283181e-02 8.779150433838e-03 5.346768535674e-03 3.937058150768e-03 2.816490596160e-03 2.115264302120e-03 1.926975673996e-03 1.931893522851e-03 2.104688901454e-03 2.812547609210e-03 3.877500537783e-03 4.436769057065e-03 4.622637294233e-03 9.622564539313e-03 5.747688002884e-03 6.250223144889e-03 1.401575095952e-02 4.782530292869e-02 1.296015232801e-01 1.764076203108e-01 1.813322007656e-01 1.383201777935e-01 1.070863753557e-01 1.526703983545e-01 1.044752746820e-01 7.374151051044e-02 8.188933879137e-02 1.033405810595e-01 9.356162697077e-02 6.633242964745e-02 6.198288872838e-02 6.044690683484e-02 5.860982090235e-02 6.472704559565e-02 8.061014860868e-02
6.231912411749e-03 5.143174901605e-03 6.432098802179e-03 1.536587066948e-02 3.757940605283e-02 8.527548611164e-02 1.202106401324e-01 7.484207302332e-02 7.780374027789e-03 5.311997607350e-03 3.788446076214e-03 3.055382054299e-03 2.441488672048e-03 2.015693113208e-03 1.766397035681e-03 1.842791563831e-03 1.929458696395e-03 2.325888723135e-03 3.362190444022e-03 4.139584489167e-03 4.398542921990e-03 4.672299139202e-03 4.695003852248e-03 6.999953184277e-03 1.702876575291e-02 4.460266232491e-02 5.480208620429e-02 5.527121201158e-02 1.050529405475e-01 1.224892586470e-01 1.428001821041e-01 9.140107780695e-02 1.183407008648e-01 8.668563514948e-02 9.672904014587e-02 1.144545599818e-01 2.287578582764e-01 1.443008333445e-01 8.491741865873e-02 6.980686634779e-02 7.184874266386e-02 7.064277678728e-02 6.826112419367e-02
4.024403635412e-03 4.215164110065e-03 5.327698308975e-03 6.731959059834e-03 1.574979722500e-02 9.572844952345e-02 6.105479225516e-02 7.573383394629e-03 4.614464007318e-03 4.052115138620e-03 3.416787367314e-03 2.892656950280e-03 2.266935305670e-03 1.939543173648e-03 1.720898202620e-03 1.900670700707e-03 1.971436897293e-03 1.916891080327e-03 2.764773555100e-03 3.532293951139e-03 3.993545193225e-03 3.972692415118e-03 4.991888534278e-03 8.109800517559e-03 2.530243247747e-02 5.018822103739e-02 2.974260225892e-02 3.876301273704e-02 3.610165044665e-02 1.881025582552e-01 2.736031413078e-01 1.471656858921e-01 8.100628852844e-02 1.108119264245e-01 4.369803890586e-02 4.603176936507e-02 1.711872518063e-01 8.240959793329e-02 6.700498610735e-02 5.150190740824e-02 5.295650288463e-02 5.907778814435e-02 6.369511038065e-02
3.391617210582e-03 3.685417817906e-03 4.316807258874e-03 5.459837149829e-03 6.192783359438e-03 8.609254844487e-03 9.519531391561e-03 6.487915292382e-03 3.330946899951e-03 3.437241073698e-03 3.021675394848e-03 2.781426999718e-03 2.277811523527e-03 1.810565590858e-03 1.888553262688e-03 1.926095108502e-03 2.060215920210e-03 2.032647142187e-03 2.327522030100e-03 2.993828617036e-03 3.570350352675e-03 3.791997442022e-03 4.012043122202e-03 6.667327601463e-03 1.872384734452e-02 1.154732238501e-02 1.116234064102e-02 1.838398538530e-02 4.122446104884e-02 8.160955458879e-02 8.528263866901e-02 1.082190424204e-01 1.759758293629e-01 9.264811128378e-02 8.825027942657e-02 6.844507157803e-02 7.038357853889e-02 5.964939668775e-02 3.175092488527e-02 3.959470614791e-02 3.867269679904e-02 4.194555431604e-02 5.270197242498e-02
2.660467522219e-03 3.005231264979e-03 3.577999304980e-03 4.386723041534e-03 4.716701339930e-03 5.254528019577e-03 5.561735481024e-03 3.474609460682e-03 2.882774686441e-03 3.038631984964e-03 2.828202443197e-03 2.445280086249e-03 2.017123391852e-03 1.830979366787e-03 1.844286103733e-03 2.113549271598e-03 2.084857784212e-03 1.792637747712e-03 2.055612159893e-03 2.614785218611e-03 3.098893910646e-03 3.631702158600e-03 5.165410693735e-03 5.400225054473e-03 5.480772815645e-03 7.640983909369e-03 7.482104934752e-03 1.832875609398e-02 2.551428042352e-02 3.445727378130e-02 7.100368291140e-02 1.258477717638e-01 9.221679717302e-02 1.728917062283e-01 1.082605347037e-01 6.078706681728e-02 5.043008923531e-02 4.588224366307e-02 5.526319518685e-02 5.208902806044e-02 6.488095968962e-02 6.406705081463e-02 7.440233230591e-02
2.456638030708e-03 2.412148518488e-03 2.707375446334e-03 3.108636243269e-03 3.350838785991e-03 3.221281571314e-03 3.159855259582e-03 2.973908325657e-03 3.253706032410e-03 3.234296804294e-03 3.019719617441e-03 2.632821910083e-03 2.154668560252e-03 1.885049045086e-03 1.700447755866e-03 1.696739462204e-03 1.915077096783e-03 1.942446455359e-03 1.946083502844e-03 2.353844931349e-03 2.730135805905e-03 3.247662913054e-03 4.966159816831e-03 5.581739358604e-03 6.023052148521e-03 1.246196962893e-02 1.715163700283e-02 2.207380160689e-02 3.099862486124e-02 3.361948207021e-02 7.329183816910e-02 1.393343210220e-01 6.575746089220e-02 6.993247568607e-02 1.264355480671e-01 1.074230447412e-01 7.251571863890e-02 6.154168769717e-02 7.725203037262e-02 3.965440765023e-02 5.270650982857e-02 6.473216414452e-02 7.722391188145e-02
2.017602790147e-03 2.269583987072e-03 2.372630406171e-03 2.338043414056e-03 2.626665169373e-03 2.906472189352e-03 3.134064609185e-03 2.786191878840e-03 2.685033949092e-03 2.776034642011e-03 2.986407838762e-03 2.974106231704e-03 2.560272580013e-03 2.158104442060e-03 2.044254681095e-03 1.855421811342e-03 1.598577597179e-03 1.764778746292e-03 2.002416644245e-03 2.217604545876e-03 2.438799478114e-03 2.804925199598e-03 4.227207973599e-03 4.125963896513e-03 4.551692400128e-03 1.128991693258e-02 2.415936812758e-02 3.262284025550e-02 4.591385647655e-02 2.413288876414e-02 7.104377448559e-02 3.552724048495e-02 3.816137090325e-02 4.390691220760e-02 6.998506933451e-02 7.674733549356e-02 1.020826399326e-01 9.330768883228e-02 6.737013161182e-02 5.761754512787e-02 4.413133859634e-02 4.756048694253e-02 3.866750001907e-02
1.968122087419e-03 2.168705919757e-03 2.145129255950e-03 2.110914560035e-03 2.262076828629e-03 2.624922897667e-03 2.842944813892e-03 2.540696179494e-03 1.992021687329e-03 2.125932136551e-03 2.307911403477e-03 2.715177135542e-03 2.820872934535e-03 2.344309818000e-03 2.201305003837e-03 2.671192632988e-03 2.368459710851e-03 1.915162545629e-03 2.088936977088e-03 2.177968155593e-03 2.670629648492e-03 2.964643295854e-03 3.317136550322e-03 4.066672176123e-03 4.719678312540e-03 8.224267512560e-03 1.739582605660e-02 2.071705646813e-02 2.846731618047e-02 1.612441428006e-02 3.420116379857e-02 2.603095956147e-02 4.324041306973e-02 2.652939781547e-02 5.233501270413e-02 3.902895748615e-02 6.212303787470e-02 7.617281377316e-02 6.973333656788e-02 9.434807300568e-02 8.604409545660e-02 6.892551481724e-02 5.857807770371e-02
1.896664500237e-03 2.043276093900e-03 1.951805315912e-03 1.915131695569e-03 1.926353434101e-03 1.968716504052e-03 2.182281576097e-03 2.063575200737e-03 2.461568452418e-03 2.664079191163e-03 2.419173484668e-03 2.437497954816e-03 2.693743910640e-03 2.806100295857e-03 2.564981114119e-03 3.312384011224e-03 2.949052257463e-03 2.255421364680e-03 2.269705757499e-03 2.258504042402e-03 2.596408128738e-03 2.816262189299e-03 3.154041012749e-03 4.194900859147e-03 4.930610302836e-03 7.377158850431e-03 1.108659617603e-02 1.279102545232e-02 1.373972371221e-02 1.735713519156e-02 2.888054586947e-02 4.423518851399e-02 2.989654801786e-02 7.058703154325e-02 2.476777136326e-02 3.252736106515e-02 6.651066988707e-02 9.311275184155e-02 4.567759484053e-02 5.165742337704e-02 3.279295191169e-02 6.195801496506e-02 5.456550046802e-02
1.692453632131e-03 1.822781166993e-03 1.741314656101e-03 1.650935155340e-03 1.530489884317e-03 1.579701434821e-03 1.677320338786e-03 2.263705246150e-03 2.812585560605e-03 2.889422001317e-03 2.527806442231e-03 2.786607947201e-03 3.102510003373e-03 3.025878919289e-03 3.004926489666e-03 3.108999459073e-03 3.340226365253e-03 3.911633975804e-03 3.510614391416e-03 3.152168123052e-03 3.238487988710e-03 3.492904128507e-03 4.175394307822e-03 4.262833390385e-03 5.177826154977e-03 6.367434281856e-03 1.044135726988e-02 1.042208913714e-02 1.866866089404e-02 3.770074620843e-02 4.678726941347e-02 2.395956218243e-02 2.403873950243e-02 7.427918910980e-02 3.839300200343e-02 4.722598940134e-02 4.186173528433e-02 5.439838767052e-02 3.974308073521e-02 1.513603143394e-02 1.439680531621e-02 1.947346329689e-02 3.875321149826e-02
1.567974453792e-03 1.569407992065e-03 1.536943367682e-03 1.505845226347e-03 1.539862947538e-03 1.649077632464e-03 1.740652020089e-03 2.110372064635e-03 2.366539090872e-03 2.239999594167e-03 2.654700772837e-03 2.856281585991e-03 2.772286767140e-03 2.918944694102e-03 3.991983365268e-03 5.558319389820e-03 6.290357559919e-03 7.978565990925e-03 7.963209412992e-03 8.580193854868e-03 6.121738813818e-03 5.856253206730e-03 6.793892942369e-03 5.689627490938e-03 6.486805621535e-03 8.972173556685e-03 2.732875384390e-02 2.549587748945e-02 2.418614737689e-02 3.256631270051e-02 1.830346882343e-02 1.942116208375e-02 2.639562077820e-02 1.483084447682e-02 8.131624013186e-02 1.125522479415e-01 1.005436256528e-01 2.319422364235e-02 1.089304964989e-02 9.016034193337e-03 8.817958645523e-03 1.043713372201e-02 1.105318311602e-02
1.457436941564e-03 1.511664246209e-03 1.439879066311e-03 1.545397564769e-03 1.674567465670e-03 1.915945555083e-03 1.916514593177e-03 2.174819353968e-03 2.399878809229e-03 2.795075066388e-03 2.924224594608e-03 3.471134463325e-03 3.637058427557e-03 3.362421179190e-03 8.135054260492e-03 2.919292263687e-02 2.307206206024e-02 1.376455370337e-02 1.548186037689e-02 1.927901990712e-02 1.424925867468e-02 7.517495192587e-03 8.751595392823e-03 1.095879916102e-02 1.064774673432e-02 1.984161511064e-02 2.791849710047e-02 2.503744140267e-02 2.017194777727e-02 1.830623485148e-02 2.073608897626e-02 1.960251107812e-02 1.455763634294e-02 1.211719028652e-02 2.063261717558e-02 9.491506218910e-02 9.896513074636e-02 2.041333913803e-02 7.185034919530e-03 7.318634074181e-03 6.628224160522e-03 6.369852926582e-03 1.038294378668e-02
1.461184350774e-03 1.574130496010e-03 1.976209226996e-03 2.211868530139e-03 2.048110822216e-03 3.398808650672e-03 3.999066539109e-03 4.053328186274e-03 3.383705625311e-03 3.308131126687e-03 3.664295421913e-03 4.604621324688e-03 4.588733892888e-03 1.683943718672e-02 1.190570592880e-01 1.500095129013e-01 7.004939764738e-02 4.022470861673e-02 3.212533518672e-02 2.554008364677e-02 1.226734649390e-02 1.192582678050e-02 2.605580352247e-02 5.560727044940e-02 4.559181630611e-02 2.431448176503e-02 2.839081361890e-02 2.312361821532e-02 2.447510138154e-02 1.564687304199e-02 1.681676879525e-02 1.358385290951e-02 1.287332642823e-02 9.097239002585e-03 6.005089730024e-03 1.953701488674e-02 2.157836407423e-02 5.281137302518e-03 3.535634372383e-03 4.161045420915e-03 5.145708099008e-03 5.753159057349e-03 5.379950162023e-03
1.781641854905e-03 2.810743870214e-03 3.837629919872e-03 4.171503707767e-03 5.397175438702e-03 7.183149922639e-03 7.063809316605e-03 6.231260951608e-03 5.353745538741e-03 4.125261213630e-03 4.947666078806e-03 5.469556897879e-03 3.024896979332e-02 1.668208241463e-01 2.282213568687e-01 7.964196801186e-02 2.538271620870e-02 1.551868487149e-02 1.574460789561e-02 1.376507151872e-02 1.319991983473e-02 3.012595698237e-02 5.938423797488e-02 7.895278930664e-02 6.352867931128e-02 3.271670266986e-02 2.251359634101e-02 1.662054099143e-02 1.497968845069e-02 1.337997429073e-02 1.491484232247e-02 8.279819041491e-03 9.354448877275e-03 7.582644466311e-03 4.762380383909e-03 2.822958165780e-03 2.316014142707e-03 2.264143433422e-03 2.378202043474e-03 2.961822086945e-03 3.977103624493e-03 5.030084401369e-03 5.146237555891e-03
2.963064238429e-03 4.437862429768e-03 5.901307798922e-03 7.891544140875e-03 1.526729203761e-02 1.519352104515e-02 2.125838398933e-02 1.527594495565e-02 1.736632734537e-02 1.031690090895e-02 5.777689162642e-03 3.946974501014e-02 1.589515060186e-01 1.582168340683e-01 4.140524193645e-02 1.260056253523e-02 2.355422265828e-02 3.115036711097e-02 2.210938185453e-02 2.563140168786e-02 3.084030933678e-02 3.089146129787e-02 4.490711167455e-02 3.667764738202e-02 2.484929561615e-02 1.934424415231e-02 1.205714885145e-02 4.698058124632e-03 4.798632580787e-03 4.761402495205e-03 6.095772609115e-03 4.456326831132e-03 3.927217330784e-03 2.528883749619e-03 2.609558636323e-03 2.674504183233e-03 2.773851854727e-03 2.922774991021e-03 3.118149936199e-03 3.365858690813e-03 3.398278262466e-03 4.222379997373e-03 5.355597473681e-03
