100/SI/f14_max.grd
DSAA
101	101
32.816463539100	34.260883539100
35.556306596100	36.727886596100
2.400615994702e-05	3.921256542206e+00
[rows 0 to 18 of 101, columns 0 to 42 of 101]
3.640825860202e-03 6.508336868137e-03 5.768710747361e-03 3.454417921603e-03 2.895996673033e-03 3.772540949285e-03 7.516910322011e-03 1.047952752560e-02 9.372701868415e-03 5.596937611699e-03 3.391457255930e-03 3.980532754213e-03 4.271526820958e-03 4.146446473897e-03 3.564974991605e-03 5.455374717712e-03 8.199123665690e-03 9.487890638411e-03 6.757408380508e-03 3.151879878715e-03 4.982100799680e-03 5.344074219465e-03 3.414206206799e-03 3.418168518692e-03 3.617023583502e-03 4.985699895769e-03 7.501914631575e-03 8.568906225264e-03 1.114500872791e-02 8.881246671081e-03 6.597442086786e-03 6.121490616351e-03 5.162988789380e-03 3.891003085300e-03 3.605325939134e-03 3.490072907880e-03 3.207941306755e-03 4.340285435319e-03 6.092618219554e-03 6.989073473960e-03 5.853743758053e-03 4.934769123793e-03 4.706482868642e-03
6.738178897649e-03 1.271676272154e-02 1.247519720346e-02 8.716044016182e-03 6.141888909042e-03 7.294446695596e-03 1.446659304202e-02 2.000702917576e-02 1.770148426294e-02 1.031491532922e-02 5.855438299477e-03 6.813907064497e-03 7.262148894370e-03 6.946543697268e-03 6.111279595643e-03 8.112586103380e-03 1.291639730334e-02 1.690576225519e-02 1.526004727930e-02 9.094698354602e-03 9.091861546040e-03 1.395671628416e-02 7.339423056692e-03 6.583783775568e-03 7.537026423961e-03 9.814021177590e-03 1.257611531764e-02 1.435836497694e-02 2.118956483901e-02 1.649707183242e-02 1.077252253890e-02 9.649083018303e-03 9.381665848196e-03 7.617042399943e-03 8.193674497306e-03 8.567162789404e-03 8.613126352429e-03 9.653656743467e-03 1.214461121708e-02 1.222292426974e-02 9.042881429195e-03 8.906817063689e-03 9.744817391038e-03
6.589165888727e-03 1.352608297020e-02 1.516282092780e-02 1.299049239606e-02 8.353200741112e-03 8.420336991549e-03 1.673862710595e-02 2.274312265217e-02 1.948742009699e-02 1.067934185266e-02 7.433830294758e-03 8.498056791723e-03 8.844396099448e-03 8.214950561523e-03 6.779959890991e-03 6.574709899724e-03 8.479929529130e-03 1.266844477504e-02 1.448577176780e-02 1.177404634655e-02 1.438610441983e-02 2.157579734921e-02 9.445363655686e-03 8.154863491654e-03 1.009340304881e-02 1.225977391005e-02 1.272614859045e-02 1.302803959697e-02 2.468471415341e-02 1.849189586937e-02 1.046241540462e-02 8.865750394762e-03 1.283755898476e-02 6.832025013864e-03 7.709617260844e-03 8.852902799845e-03 1.107791066170e-02 1.403735298663e-02 1.467958465219e-02 1.216206420213e-02 1.252279244363e-02 8.247713558376e-03 1.091598998755e-02
5.732275079936e-03 1.235909294337e-02 1.534153986722e-02 1.568455807865e-02 1.261125877500e-02 8.620383217931e-03 1.749234460294e-02 2.326323091984e-02 1.882090792060e-02 9.157917462289e-03 8.382346481085e-03 9.232575073838e-03 9.240168146789e-03 8.241716772318e-03 6.562827154994e-03 6.710736546665e-03 6.405242718756e-03 7.353846449405e-03 9.571605361998e-03 1.087274309248e-02 2.413071133196e-02 2.745915576816e-02 1.056806929410e-02 8.954836055636e-03 1.119671668857e-02 1.286367233843e-02 1.229326985776e-02 1.183473505080e-02 2.471437305212e-02 1.796653680503e-02 9.119676426053e-03 7.413889747113e-03 1.479697972536e-02 7.867142558098e-03 8.617332205176e-03 1.218996569514e-02 1.508444547653e-02 1.572031155229e-02 1.330588292331e-02 1.543239038438e-02 1.511365361512e-02 9.195665828884e-03 9.995123371482e-03
5.565850064158e-03 1.166252233088e-02 1.354367565364e-02 1.611911877990e-02 1.542902179062e-02 1.090791169554e-02 1.783936470747e-02 2.321898564696e-02 1.759916730225e-02 7.653520908207e-03 8.933569304645e-03 9.574363939464e-03 9.388186968863e-03 9.344590827823e-03 8.578198030591e-03 7.242503110319e-03 7.075001485646e-03 6.064581219107e-03 9.852705523372e-03 1.997213624418e-02 3.354495763779e-02 3.016763366759e-02 1.133966445923e-02 1.273618452251e-02 1.124626491219e-02 1.260732207447e-02 1.129085756838e-02 1.177154108882e-02 2.338273823261e-02 1.691320911050e-02 1.077708974481e-02 8.429491892457e-03 1.577601023018e-02 9.653273969889e-03 1.354940608144e-02 1.622113212943e-02 1.639951020479e-02 1.384297199547e-02 9.529237635434e-03 1.583408750594e-02 1.838887669146e-02 1.228775829077e-02 7.944701239467e-03
5.340041127056e-03 1.014790683985e-02 1.176948845387e-02 1.419397722930e-02 1.575167849660e-02 1.311769988388e-02 1.780925877392e-02 2.243675291538e-02 1.579080522060e-02 8.441038429737e-03 9.529648348689e-03 1.061888970435e-02 1.131783518940e-02 1.095242891461e-02 9.852436371148e-03 8.017930202186e-03 6.504305172712e-03 7.390289567411e-03 1.569112762809e-02 2.847763895988e-02 3.903150931001e-02 2.979851327837e-02 1.272887829691e-02 1.940489560366e-02 1.192431990057e-02 1.184973493218e-02 1.013583876193e-02 1.288272719830e-02 2.090317942202e-02 1.695057377219e-02 1.089170109481e-02 8.777418173850e-03 1.829367317259e-02 1.445886958390e-02 1.716252975166e-02 1.696735247970e-02 1.408276241273e-02 9.737635962665e-03 1.071851886809e-02 1.487517822534e-02 2.251726388931e-02 1.427472755313e-02 7.729464210570e-03
6.724069360644e-03 1.194544509053e-02 1.018433272839e-02 1.075320225209e-02 1.359347812831e-02 1.317218318582e-02 1.752102747560e-02 2.141859941185e-02 1.411447953433e-02 9.360086172819e-03 1.068155094981e-02 1.215570513159e-02 1.231670472771e-02 1.145274750888e-02 9.746694937348e-03 9.197837673128e-03 8.727510459721e-03 1.086285244673e-02 2.118080668151e-02 3.402739763260e-02 4.041834175587e-02 2.721391804516e-02 1.538534834981e-02 2.460114657879e-02 1.728592999279e-02 1.081049628556e-02 9.267386049032e-03 2.388041466475e-02 3.346243128181e-02 2.159018069506e-02 1.207968313247e-02 1.026255358011e-02 2.008889801800e-02 1.695176772773e-02 1.695091091096e-02 1.407467015088e-02 9.810129180551e-03 1.073985733092e-02 1.556240394711e-02 1.964460499585e-02 2.311815693974e-02 1.702777668834e-02 7.695919834077e-03
6.819925270975e-03 1.364422962070e-02 1.410164311528e-02 1.021010614932e-02 9.674296714365e-03 1.102293655276e-02 1.727820187807e-02 2.093743532896e-02 1.312289666384e-02 1.018783170730e-02 1.206054538488e-02 1.287310477346e-02 1.244706660509e-02 1.097980048507e-02 1.028740312904e-02 1.165310759097e-02 1.298792567104e-02 1.426985394210e-02 2.591650001705e-02 3.688780963421e-02 3.964268043637e-02 2.444657497108e-02 1.578648202121e-02 2.705023996532e-02 2.102745324373e-02 1.338775269687e-02 9.610948152840e-03 3.628318011761e-02 4.688777402043e-02 2.531207725406e-02 1.320093590766e-02 1.236236561090e-02 1.983918808401e-02 1.556145865470e-02 1.441000495106e-02 1.022678241134e-02 1.027603913099e-02 1.531179528683e-02 2.022978663445e-02 2.234504185617e-02 2.032285369933e-02 2.123207785189e-02 8.859650231898e-03
5.896741524339e-03 1.289431471378e-02 1.603768952191e-02 1.460200548172e-02 9.704073891044e-03 9.446749463677e-03 1.709426380694e-02 2.076592855155e-02 1.264061871916e-02 1.149131730199e-02 1.278692390770e-02 1.291052345186e-02 1.181720569730e-02 1.010878663510e-02 1.065237075090e-02 1.238973904401e-02 1.680229417980e-02 1.651507988572e-02 2.820600941777e-02 3.614364936948e-02 3.584460169077e-02 2.115270309150e-02 1.494220178574e-02 2.585936896503e-02 2.268420718610e-02 1.546109002084e-02 1.213284675032e-02 4.680369421840e-02 5.472943559289e-02 2.788485959172e-02 1.446508709341e-02 1.178407296538e-02 2.012578956783e-02 1.342526264489e-02 1.582089066505e-02 1.587535440922e-02 1.534270495176e-02 2.058069966733e-02 2.367724291980e-02 2.238189615309e-02 1.643681712449e-02 2.635069936514e-02 1.038549654186e-02
5.970920901746e-03 1.070555485785e-02 1.511372067034e-02 1.712450385094e-02 1.461076084524e-02 9.576728567481e-03 1.713975332677e-02 2.074753679335e-02 1.238006446511e-02 1.215781923383e-02 1.282084174454e-02 1.227352675050e-02 1.330535952002e-02 1.446378976107e-02 1.509506255388e-02 1.527131441981e-02 1.823899522424e-02 1.747281476855e-02 2.774898149073e-02 3.291602060199e-02 3.066304512322e-02 1.780582964420e-02 1.418980676681e-02 2.259365655482e-02 2.190702967346e-02 1.588645204902e-02 1.311766635627e-02 5.310990288854e-02 5.813032016158e-02 2.888698130846e-02 1.268358062953e-02 9.911281988025e-03 2.181134931743e-02 1.332598552108e-02 1.619884185493e-02 1.649853028357e-02 2.132531069219e-02 2.456226572394e-02 2.403267659247e-02 1.924555189908e-02 1.376662030816e-02 2.862274833024e-02 1.457806862891e-02
5.994960200042e-03 1.201212592423e-02 1.245692651719e-02 1.637489907444e-02 1.792463660240e-02 1.441933866590e-02 1.699003577232e-02 2.042756974697e-02 1.200216077268e-02 1.227836962789e-02 1.340953353792e-02 1.566844619811e-02 1.733149029315e-02 1.821837015450e-02 1.858629100025e-02 1.867745816708e-02 1.841183938086e-02 2.475856430829e-02 3.471783921123e-02 3.679659962654e-02 3.092705644667e-02 2.285900525749e-02 1.604859344661e-02 1.926376856863e-02 1.975531503558e-02 1.414539758116e-02 1.525120995939e-02 5.603021010756e-02 5.947670340538e-02 2.828828059137e-02 1.218685042113e-02 1.029251702130e-02 2.136879414320e-02 1.416223216802e-02 1.881439052522e-02 2.282481454313e-02 2.545993961394e-02 2.497357130051e-02 2.071127295494e-02 1.601715572178e-02 1.560832839459e-02 2.749487943947e-02 1.896110735834e-02
5.072810221463e-03 1.068559847772e-02 1.279562246054e-02 1.361208502203e-02 1.769059896469e-02 1.865566708148e-02 1.647803746164e-02 1.969144120812e-02 1.196238771081e-02 1.446501724422e-02 1.679933257401e-02 1.867194846272e-02 1.991214603186e-02 2.056567370892e-02 2.070349082351e-02 2.053695358336e-02 2.020467072725e-02 3.293224424124e-02 4.503152146935e-02 4.680931195617e-02 4.033270850778e-02 3.159712627530e-02 2.311296947300e-02 1.634411700070e-02 2.218025363982e-02 2.108402177691e-02 1.867016777396e-02 5.376287177205e-02 5.262063071132e-02 2.573679015040e-02 1.555780973285e-02 1.855778507888e-02 2.009844221175e-02 2.260470017791e-02 2.564042434096e-02 2.679036930203e-02 2.568913251162e-02 2.225949615240e-02 2.127272635698e-02 2.464609779418e-02 1.856294460595e-02 2.349893376231e-02 2.260974049568e-02
4.379726946354e-03 8.336859755218e-03 1.064126472920e-02 1.259620022029e-02 1.494890451431e-02 1.895483396947e-02 1.905625127256e-02 1.863156072795e-02 1.484319753945e-02 1.722446270287e-02 1.889161951840e-02 1.990040205419e-02 2.043440751731e-02 2.064692787826e-02 2.050169371068e-02 2.021431550384e-02 2.005877159536e-02 3.622473776340e-02 4.895821213722e-02 4.999917000532e-02 4.322444647551e-02 3.518870472908e-02 2.749583870173e-02 2.010034024715e-02 3.029123134911e-02 2.913904376328e-02 2.429581061006e-02 4.680515825748e-02 4.128245264292e-02 2.188444137573e-02 2.740535140038e-02 3.104227036238e-02 3.097868710756e-02 2.999359928071e-02 2.915881387889e-02 2.834155410528e-02 2.749144472182e-02 2.608812041581e-02 2.386542595923e-02 3.338501974940e-02 2.077107876539e-02 1.786330156028e-02 2.913172915578e-02
5.423575174063e-03 1.052945293486e-02 1.035398058593e-02 9.679611772299e-03 1.186819188297e-02 1.625351235271e-02 2.027797698975e-02 1.935515180230e-02 1.650510728359e-02 1.828937418759e-02 1.911663264036e-02 1.928120106459e-02 1.896555349231e-02 1.831414923072e-02 1.759132370353e-02 1.727473177016e-02 1.769117638469e-02 3.323391452432e-02 4.403081908822e-02 4.551784321666e-02 4.086434096098e-02 3.463650494814e-02 2.858196012676e-02 2.257510088384e-02 3.004751726985e-02 3.097207471728e-02 2.715370059013e-02 3.828808665276e-02 3.010962530971e-02 2.372460998595e-02 3.221889212728e-02 3.655333817005e-02 3.492335975170e-02 3.150079026818e-02 2.837687730789e-02 2.669827081263e-02 2.521944046021e-02 2.349973097444e-02 2.148268185556e-02 3.529950231314e-02 3.234054148197e-02 1.841469667852e-02 3.308220580220e-02
6.995936855674e-03 1.399354916066e-02 1.405973359942e-02 1.379668153822e-02 1.334073860198e-02 1.267651468515e-02 1.777024380863e-02 2.166525088251e-02 1.916375756264e-02 1.784506998956e-02 1.794999279082e-02 1.738335378468e-02 1.637078076601e-02 1.505688671023e-02 1.481740921736e-02 1.518049370497e-02 1.473398506641e-02 2.623421512544e-02 3.381670638919e-02 3.566879779100e-02 3.337420523167e-02 2.996471524239e-02 2.643693424761e-02 2.265466935933e-02 2.350801043212e-02 2.561576105654e-02 2.493217587471e-02 3.890389576554e-02 2.206353843212e-02 2.427707985044e-02 3.149254247546e-02 3.501415625215e-02 3.353776782751e-02 2.773996628821e-02 2.052628621459e-02 2.121276035905e-02 1.808322407305e-02 1.913457177579e-02 1.862725801766e-02 2.909312397242e-02 4.313123226166e-02 1.866676472127e-02 3.325407579541e-02
7.099410053343e-03 1.442671101540e-02 1.494344603270e-02 1.566000282764e-02 1.620390452445e-02 1.634830795228e-02 1.623815484345e-02 1.945722103119e-02 2.263922616839e-02 1.817320659757e-02 1.602651365101e-02 1.497757807374e-02 1.364492252469e-02 1.349044777453e-02 1.452825963497e-02 1.551619451493e-02 1.653319969773e-02 2.157134935260e-02 2.365972287953e-02 2.537631429732e-02 2.485265024006e-02 2.305307053030e-02 2.151958830655e-02 2.039416693151e-02 1.951872371137e-02 1.915194280446e-02 2.534555643797e-02 4.116490483284e-02 2.809637412429e-02 2.749286219478e-02 3.259857371449e-02 3.312638029456e-02 2.780758962035e-02 2.786787040532e-02 1.503990031779e-02 2.517849765718e-02 2.400377951562e-02 2.223528735340e-02 1.907357573509e-02 2.037203870714e-02 4.893109202385e-02 2.662670239806e-02 2.945982292295e-02
7.672518491745e-03 1.324432343245e-02 1.320468354970e-02 1.378955878317e-02 1.496263407171e-02 1.645557768643e-02 1.743910647929e-02 1.794111728668e-02 2.082260325551e-02 2.204080484807e-02 1.893033087254e-02 1.824886724353e-02 1.839508302510e-02 1.667799614370e-02 1.498703006655e-02 1.704918034375e-02 1.882911659777e-02 2.218955568969e-02 2.239608764648e-02 1.868565380573e-02 1.695660315454e-02 1.991075649858e-02 2.493456006050e-02 2.592401392758e-02 2.342781983316e-02 1.886235363781e-02 2.805456332862e-02 4.187845438719e-02 2.822247333825e-02 2.966365031898e-02 3.122173622251e-02 3.208113834262e-02 3.449171781540e-02 3.099399618804e-02 1.890069805086e-02 2.834025025368e-02 2.670072950423e-02 2.208786644042e-02 1.662793383002e-02 1.987292431295e-02 4.692596942186e-02 4.086319729686e-02 2.301857806742e-02
8.753359317780e-03 1.612304151058e-02 1.736151240766e-02 1.497603952885e-02 1.385250780731e-02 1.497015077621e-02 1.527646835893e-02 1.511076651514e-02 1.634110510349e-02 2.028367295861e-02 2.210622653365e-02 2.279182337224e-02 2.286827005446e-02 2.102710865438e-02 2.066982537508e-02 1.996179856360e-02 1.875910907984e-02 2.221252024174e-02 2.331065572798e-02 2.072266303003e-02 1.710821501911e-02 1.573836617172e-02 1.740289479494e-02 1.942889392376e-02 1.994034834206e-02 2.000336535275e-02 2.454562112689e-02 4.019937664270e-02 2.873695455492e-02 2.515225298703e-02 2.882558666170e-02 3.320467099547e-02 3.710645809770e-02 3.166474774480e-02 2.174565196037e-02 3.131066635251e-02 2.558387629688e-02 1.985590904951e-02 1.495535671711e-02 1.812699250877e-02 3.772627934813e-02 5.530729889870e-02 2.549242973328e-02
8.585883304477e-03 1.683536358178e-02 2.001136541367e-02 1.884859427810e-02 1.427096780390e-02 1.110035553575e-02 1.348814461380e-02 1.530164387077e-02 1.642997004092e-02 1.658718287945e-02 2.187267877162e-02 2.431520819664e-02 2.322419174016e-02 2.330527268350e-02 2.357442863286e-02 2.326797135174e-02 2.060114592314e-02 2.200199477375e-02 2.406184189022e-02 2.216407470405e-02 1.701647415757e-02 2.035611122847e-02 1.874434016645e-02 1.883491873741e-02 1.743672601879e-02 1.751077547669e-02 1.841202378273e-02 3.719666600227e-02 3.397396951914e-02 2.638156525791e-02 2.534658089280e-02 2.807364985347e-02 3.477403521538e-02 3.105542063713e-02 2.515499293804e-02 3.024334646761e-02 2.230189554393e-02 1.781765185297e-02 1.680311374366e-02 1.651178859174e-02 2.581448666751e-02 6.467914581299e-02 2.681405469775e-02
