100/SI/f14_max.grd
DSAA
101	101
32.816463539100	34.260883539100
35.556306596100	36.727886596100
2.400615994702e-05	3.921256542206e+00
[rows 76 to 94 of 101, columns 43 to 85 of 101]
6.052142940462e-03 5.149435251951e-03 9.411566890776e-03 2.380258217454e-02 2.538165077567e-02 5.063200369477e-02 8.084630966187e-02 9.090520441532e-02 5.627161636949e-02 1.572289131582e-02 5.658617243171e-02 1.267723292112e-01 9.470872581005e-02 1.598618365824e-02 1.123775914311e-02 1.609536819160e-02 1.730905845761e-02 9.038935415447e-03 8.392887189984e-03 1.041822414845e-02 3.804165124893e-02 8.639213442802e-02 1.994898915291e-02 1.294893957675e-02 9.636465460062e-03 6.425856146961e-03 3.318981733173e-03 2.853676909581e-03 2.780494512990e-03 2.622734755278e-03 2.253319835290e-03 2.338888123631e-03 2.511609345675e-03 2.711032517254e-03 2.766216406599e-03 2.580502070487e-03 2.364441286772e-03 2.205470111221e-03 2.091887872666e-03 2.021169988438e-03 2.399463439360e-03 3.681765403599e-03 5.020610056818e-03
9.804621338844e-03 1.328749768436e-02 1.703075133264e-02 1.773604378104e-02 2.419104613364e-02 3.351275995374e-02 4.331371188164e-02 4.069163277745e-02 6.519359350204e-02 9.509202837944e-02 9.417854994535e-02 4.515082761645e-02 1.838531345129e-02 2.884425967932e-02 1.861320063472e-02 2.065360173583e-02 5.797893740237e-03 3.318103495985e-03 2.586262533441e-03 2.188283251598e-03 2.382505219430e-03 3.018034854904e-03 5.325022619218e-03 6.610199343413e-03 6.017675623298e-03 3.689534729347e-03 1.811516471207e-03 1.626337878406e-03 1.720995525829e-03 1.877740956843e-03 2.040272112936e-03 2.120745601133e-03 2.145008649677e-03 2.078812569380e-03 1.814499031752e-03 1.445738249458e-03 1.257583498955e-03 1.205704291351e-03 1.246463507414e-03 1.544233062305e-03 1.943030511029e-03 3.314465982839e-03 4.433126188815e-03
2.099275030196e-02 3.166305273771e-02 2.088611945510e-02 9.759241715074e-03 1.039323955774e-02 4.146647825837e-02 1.162799969316e-01 1.547725796700e-01 1.158851236105e-01 5.724086984992e-02 3.047877550125e-02 1.700010336936e-02 1.440864242613e-02 2.330177277327e-02 2.046015299857e-02 4.652643576264e-03 2.159059280530e-03 2.184719778597e-03 2.254185033962e-03 2.158497460186e-03 1.792591065168e-03 1.775887911208e-03 1.948615186848e-03 2.618277212605e-03 2.372617367655e-03 2.243717201054e-03 1.830789493397e-03 1.904829638079e-03 1.602873788215e-03 1.537677133456e-03 1.635135500692e-03 1.528742024675e-03 1.699793152511e-03 1.643222407438e-03 1.154194818810e-03 1.111753867008e-03 1.182908541523e-03 1.179958344437e-03 1.156338956207e-03 1.230557798408e-03 1.504592830315e-03 2.878453116864e-03 4.220290109515e-03
3.007783740759e-02 3.492876142263e-02 1.176582463086e-02 1.197665836662e-02 4.265874624252e-02 7.629594951868e-02 7.867604494095e-02 6.748972088099e-02 5.643229931593e-02 2.655559591949e-02 2.171771414578e-02 2.484367042780e-02 1.847886107862e-02 1.201908662915e-02 4.932805895805e-03 1.764267915860e-03 1.658242894337e-03 1.601758878678e-03 1.540589146316e-03 1.496325829066e-03 1.717910636216e-03 1.718789339066e-03 1.597667927854e-03 1.503614010289e-03 1.529257162474e-03 1.562091987580e-03 1.509602181613e-03 1.534783863463e-03 1.651322469115e-03 1.581785618328e-03 1.602745964192e-03 1.320832176134e-03 1.450369018130e-03 1.523355254903e-03 1.210702001117e-03 9.217511978932e-04 1.105967094190e-03 1.178511418402e-03 1.184363500215e-03 1.163809094578e-03 1.201357692480e-03 1.547154504806e-03 2.601894782856e-03
1.314711477607e-02 2.174664288759e-02 3.131334111094e-02 4.010729864240e-02 4.405754804611e-02 3.615711629391e-02 4.115122184157e-02 4.998633638024e-02 7.136273384094e-02 2.668106369674e-02 2.998147532344e-02 1.446723192930e-02 5.038025788963e-03 2.892599906772e-03 2.074534771964e-03 1.444572233595e-03 1.364064752124e-03 1.261317171156e-03 1.153106335551e-03 1.063884003088e-03 9.581663762219e-04 9.039898868650e-04 9.669239516370e-04 9.709763689898e-04 9.416510001756e-04 1.002114615403e-03 1.027230755426e-03 9.559408645146e-04 7.459714543074e-04 9.630582644604e-04 1.052481820807e-03 1.022135838866e-03 1.147141563706e-03 1.267210929655e-03 1.165283494629e-03 9.112869738601e-04 1.027604565024e-03 1.155915553682e-03 1.187997171655e-03 1.210357178934e-03 1.403725356795e-03 1.684850780293e-03 2.115342998877e-03
1.429127901793e-02 4.345145076513e-02 8.051714301109e-02 3.885794430971e-02 3.074677288532e-02 5.240102484822e-02 6.985682994127e-02 9.405554085970e-02 4.641297459602e-02 2.376927994192e-02 8.879108354449e-03 4.415006376803e-03 2.754736226052e-03 1.601838390343e-03 1.234109862708e-03 9.637303301133e-04 8.440465317108e-04 8.310159319080e-04 8.729023975320e-04 8.784458623268e-04 8.751132991165e-04 8.223331533372e-04 8.027754956856e-04 8.621496381238e-04 1.040097791702e-03 1.224404782988e-03 1.355860033073e-03 1.335654291324e-03 1.065300079063e-03 8.397410274483e-04 8.791873697191e-04 8.104299195111e-04 8.072337950580e-04 1.013461616822e-03 1.050820108503e-03 9.795565856621e-04 9.336649673060e-04 1.096591120586e-03 1.159131061286e-03 1.171225216240e-03 1.346566132270e-03 1.865167287178e-03 2.523737493902e-03
2.686318196356e-02 8.429468423128e-02 6.293237209320e-02 5.197220668197e-02 5.694655701518e-02 5.452064424753e-02 3.917339444160e-02 2.156390435994e-02 2.928475290537e-02 1.292461156845e-02 4.126438405365e-03 2.759480848908e-03 1.834068680182e-03 1.149162417278e-03 9.407227043994e-04 7.724706665613e-04 7.722111768089e-04 8.246002253145e-04 8.053937926888e-04 7.206216687337e-04 7.646151352674e-04 7.435117731802e-04 7.153873448260e-04 7.505510584451e-04 9.567954693921e-04 1.184575259686e-03 1.356785302050e-03 1.368177356198e-03 1.122858724557e-03 8.190771914087e-04 8.546976023354e-04 8.836099877954e-04 7.216164958663e-04 7.409605314024e-04 8.873271872289e-04 9.934777626768e-04 1.004728605039e-03 1.002423581667e-03 1.098196022213e-03 1.147417700849e-03 1.138192950748e-03 1.292944652960e-03 1.638255547732e-03
3.627847135067e-02 6.157556176186e-02 3.619667515159e-02 2.234836854041e-02 1.486432272941e-02 1.856176182628e-02 1.198271755129e-02 1.586715504527e-02 1.635044999421e-02 5.445090588182e-03 2.830480225384e-03 2.229104982689e-03 1.939144567586e-03 1.439446466975e-03 8.971355855465e-04 7.264969171956e-04 7.941588992253e-04 8.008870063350e-04 7.291019428521e-04 6.360011757351e-04 7.381347240880e-04 7.621907861903e-04 7.658348768018e-04 7.550776354037e-04 7.412589620799e-04 8.912291377783e-04 9.992426494136e-04 9.995521977544e-04 8.375344332308e-04 7.369936211035e-04 7.597432704642e-04 8.326018578373e-04 7.939756615087e-04 6.741576944478e-04 6.904101464897e-04 8.081733249128e-04 9.006375330500e-04 8.865168783814e-04 1.012690016069e-03 1.101824338548e-03 1.122709480114e-03 1.182225649245e-03 1.328012673184e-03
5.134729668498e-02 4.262921959162e-02 1.356057543308e-02 1.046294346452e-02 1.109308283776e-02 6.170538719743e-03 9.162769652903e-03 1.547891926020e-02 1.033927034587e-02 4.918409045786e-03 2.769875340164e-03 2.078159479424e-03 2.027525333688e-03 1.922421506606e-03 1.201996579766e-03 9.444193565287e-04 8.016970241442e-04 7.706406759098e-04 6.644103559665e-04 6.290222518146e-04 7.597536896355e-04 8.744013030082e-04 9.393352083862e-04 8.904093992896e-04 7.686556782573e-04 7.097685011104e-04 7.855298463255e-04 8.434453047812e-04 8.429336594418e-04 8.961726562120e-04 8.010239107534e-04 7.189966272563e-04 7.635370711796e-04 6.922468310222e-04 6.475886330009e-04 8.047620649450e-04 8.796839392744e-04 8.566695614718e-04 9.094352717511e-04 1.026571961120e-03 1.077674212866e-03 1.207036897540e-03 1.529329805635e-03
8.191084861755e-02 3.570904210210e-02 6.819138769060e-03 5.030845291913e-03 3.852679161355e-03 4.605149850249e-03 5.102079361677e-03 1.134284026921e-02 1.136369816959e-02 6.950568873435e-03 3.511796472594e-03 2.014029771090e-03 1.745385932736e-03 1.823922852054e-03 1.495943055488e-03 9.195362217724e-04 8.005107520148e-04 7.415821310133e-04 6.162335048430e-04 6.302217952907e-04 7.985591655597e-04 1.036802190356e-03 1.121767796576e-03 9.931089589372e-04 8.253523265012e-04 7.171625620686e-04 8.131489739753e-04 9.109310340136e-04 9.519302984700e-04 9.342306875624e-04 8.561184513383e-04 6.796480156481e-04 7.022984791547e-04 6.948995869607e-04 6.194273591973e-04 7.084371754900e-04 8.904006099328e-04 9.802420390770e-04 1.044293981977e-03 1.186915091239e-03 1.362905604765e-03 1.414824044332e-03 1.375261112116e-03
7.030021399260e-02 2.157641761005e-02 5.228536669165e-03 3.016419475898e-03 2.749413019046e-03 3.086464246735e-03 5.920464172959e-03 7.533642463386e-03 9.202887304127e-03 6.416193675250e-03 4.026738926768e-03 2.338296966627e-03 1.443347660825e-03 1.318329595961e-03 1.262013800442e-03 1.065770746209e-03 9.195688762702e-04 1.010978710838e-03 8.357664919458e-04 7.026477833278e-04 8.897472871467e-04 1.195809454657e-03 1.243423670530e-03 1.038906048052e-03 8.740318007767e-04 7.872901041992e-04 8.508238825016e-04 9.605002123863e-04 1.039016526192e-03 9.684644173831e-04 8.452387992293e-04 7.002142956480e-04 6.751180626452e-04 6.609008996747e-04 6.394827505574e-04 5.815281765535e-04 6.684613763355e-04 8.808888378553e-04 1.122516230680e-03 1.445512403734e-03 1.764849759638e-03 1.890793791972e-03 1.912321429700e-03
3.709599003196e-02 6.577156484127e-03 3.130378900096e-03 2.777172252536e-03 2.322245854884e-03 2.362754428759e-03 3.814109601080e-03 2.073244890198e-03 5.581595469266e-03 8.455489762127e-03 5.072829313576e-03 3.698748769239e-03 1.934965373948e-03 1.214972697198e-03 1.078734174371e-03 1.162151223980e-03 1.245503663085e-03 1.118594780564e-03 9.938414441422e-04 8.640979067422e-04 1.070633414201e-03 1.322235562839e-03 1.272948575206e-03 1.069043879397e-03 9.513421100564e-04 8.916548686102e-04 9.009095956571e-04 1.009552041069e-03 1.099512912333e-03 1.053674961440e-03 8.790965657681e-04 6.932405522093e-04 6.221878575161e-04 6.367379683070e-04 6.350111216307e-04 6.309301825240e-04 6.076880381443e-04 6.351160118356e-04 8.110271301121e-04 1.240669633262e-03 1.694859005511e-03 1.976646715775e-03 2.138351090252e-03
1.006900332868e-02 3.813831834123e-03 2.506528748199e-03 2.396554918960e-03 1.865092781372e-03 1.687937299721e-03 1.701009343378e-03 1.306946505792e-03 2.010324737057e-03 6.968545727432e-03 7.723677437752e-03 7.099193986505e-03 4.773528780788e-03 2.003664616495e-03 1.348867197521e-03 1.177901169285e-03 1.433146069758e-03 1.698316074908e-03 1.580411451869e-03 1.258801552467e-03 1.222389168106e-03 1.375048421323e-03 1.235326402821e-03 1.064693438821e-03 1.001762924716e-03 9.916458511725e-04 1.009082887322e-03 1.033290172927e-03 1.126713934354e-03 1.133478945121e-03 9.770842734724e-04 7.519312785007e-04 6.627680268139e-04 6.842257571407e-04 7.041011122055e-04 7.205516449176e-04 7.121975068003e-04 6.980062462389e-04 6.871619843878e-04 7.151311729103e-04 9.642919758335e-04 1.285127131268e-03 1.515548909083e-03
3.499416168779e-03 2.026797505096e-03 2.246080897748e-03 1.958038425073e-03 1.591412583366e-03 1.437961356714e-03 1.165628666058e-03 1.186031149700e-03 1.260856515728e-03 2.866040216759e-03 7.541460450739e-03 1.448345929384e-02 1.108267717063e-02 4.111505579203e-03 1.871811109595e-03 1.443605520763e-03 1.492837094702e-03 1.793306670152e-03 1.735880272463e-03 1.835015835240e-03 1.766603905708e-03 1.455973833799e-03 1.285949838348e-03 1.152938464656e-03 1.118074869737e-03 1.126873306930e-03 1.124406931922e-03 1.094175735489e-03 1.131243305281e-03 1.196049852297e-03 1.082085189410e-03 7.896490278654e-04 6.228756392375e-04 7.014689617790e-04 7.599872769788e-04 8.146282052621e-04 8.509109029546e-04 8.614443358965e-04 8.535911329091e-04 8.211938547902e-04 8.344345260412e-04 8.774815360084e-04 9.019864373840e-04
3.259385703132e-03 1.838615979068e-03 1.999411964789e-03 1.529184868559e-03 1.244838465936e-03 1.138860941865e-03 1.031143707223e-03 1.059581292793e-03 1.061242423020e-03 1.570010441355e-03 5.110068246722e-03 1.261996384710e-02 2.130902372301e-02 1.371610816568e-02 2.638875041157e-03 1.825148239732e-03 1.388865523040e-03 1.991019118577e-03 2.366540720686e-03 2.220198512077e-03 1.815101946704e-03 1.401415909640e-03 1.388730015606e-03 1.306423102506e-03 1.262559671886e-03 1.233512186445e-03 1.180661376566e-03 1.076479442418e-03 1.142865279689e-03 1.210251008160e-03 1.067442703061e-03 8.034071070142e-04 7.992813480087e-04 7.102609961294e-04 6.956044817343e-04 7.599031669088e-04 8.101001149043e-04 8.412776514888e-04 8.327225223184e-04 7.766409544274e-04 8.749850094318e-04 1.032939529978e-03 1.144344569184e-03
4.018656443805e-03 1.911137020215e-03 1.749228104018e-03 1.249575987458e-03 9.131993865594e-04 9.312150650658e-04 9.922693716362e-04 9.702995303087e-04 9.680268703960e-04 1.058541703969e-03 2.517270855606e-03 1.208781916648e-02 4.398788139224e-02 3.393406420946e-02 5.665229167789e-03 2.133152214810e-03 2.337691839784e-03 2.496667904779e-03 2.219612244517e-03 1.764975022525e-03 1.432590419427e-03 1.444375608116e-03 1.533663948067e-03 1.486241002567e-03 1.384296920151e-03 1.254682196304e-03 1.084183692001e-03 1.007587881759e-03 1.183667918667e-03 1.219651778229e-03 1.089126104489e-03 1.203409745358e-03 1.188175403513e-03 1.092961174436e-03 9.411273058504e-04 7.343054749072e-04 6.499036098830e-04 6.806875462644e-04 6.989431567490e-04 7.509074057452e-04 8.823432726786e-04 1.099620130844e-03 1.360798254609e-03
4.255462437868e-03 2.231172984466e-03 1.677903346717e-03 1.122220768593e-03 8.888829033822e-04 9.318804368377e-04 9.200106724165e-04 9.389652404934e-04 8.436035132036e-04 8.451848989353e-04 1.704675611109e-03 6.130131427199e-03 2.133772335947e-02 1.879289560020e-02 6.246278993785e-03 3.538964549080e-03 2.905323635787e-03 2.253675833344e-03 1.735087134875e-03 1.383264199831e-03 1.361473579891e-03 1.456553116441e-03 1.551994122565e-03 1.476911362261e-03 1.273714122362e-03 1.030029496178e-03 8.681416511536e-04 9.476703125983e-04 1.192411058582e-03 1.256052288227e-03 1.292771892622e-03 1.416120445356e-03 1.395158702508e-03 1.287294318900e-03 1.073525985703e-03 7.753090467304e-04 8.084651199169e-04 8.560046553612e-04 9.210258140229e-04 9.740851819515e-04 9.913685498759e-04 1.132499077357e-03 1.458890503272e-03
3.977672662586e-03 2.022439381108e-03 1.434888923541e-03 9.157366002910e-04 8.534993976355e-04 9.202986839227e-04 8.887935546227e-04 7.687708712183e-04 6.108919042163e-04 7.916685426608e-04 1.506813685410e-03 2.700444776565e-03 7.496834266931e-03 8.895136415958e-03 6.426352076232e-03 3.923794720322e-03 2.474630950019e-03 1.756796613336e-03 1.588349347003e-03 1.553057576530e-03 1.399655360729e-03 1.324669923633e-03 1.283312332816e-03 1.127568073571e-03 8.864249684848e-04 8.079932886176e-04 7.991199381649e-04 8.556604152545e-04 1.113944337703e-03 1.248306944035e-03 9.242384112440e-04 9.928641375154e-04 9.893366368487e-04 9.225356043316e-04 8.485941798426e-04 9.345224825665e-04 1.022951444611e-03 1.140455133282e-03 1.266335486434e-03 1.338746747933e-03 1.318859285675e-03 1.231146161444e-03 1.432359102182e-03
3.552957903594e-03 1.543768914416e-03 1.035259803757e-03 6.562123307958e-04 7.991357706487e-04 8.864178671502e-04 8.490135660395e-04 7.005921215750e-04 5.174526595511e-04 7.322304882109e-04 1.373529783450e-03 2.116063144058e-03 5.210189614445e-03 6.675297860056e-03 5.175667814910e-03 3.054245142266e-03 1.886589103378e-03 1.689277240075e-03 1.681562862359e-03 1.413137302734e-03 1.120942528360e-03 9.345616563223e-04 8.178622811101e-04 6.845825118944e-04 6.592500139959e-04 6.509054219350e-04 6.551169790328e-04 7.282504229806e-04 9.717235807329e-04 1.138930907473e-03 8.837401401252e-04 6.931006209925e-04 6.215355242603e-04 7.948131533340e-04 9.413886000402e-04 1.074174419045e-03 1.234261435457e-03 1.436202670448e-03 1.626261393540e-03 1.706387731247e-03 1.625930541195e-03 1.434194273315e-03 1.413984573446e-03
