100/SI/f14_max.grd
DSAA
101	101
32.816463539100	34.260883539100
35.556306596100	36.727886596100
2.400615994702e-05	3.921256542206e+00
[rows 76 to 94 of 101, columns 0 to 42 of 101]
2.522837603465e-04 3.649828140624e-04 4.804167256225e-04 5.690609104931e-04 6.116885924712e-04 6.157001480460e-04 5.948309553787e-04 5.615609115921e-04 5.237174918875e-04 5.672682891600e-04 6.413065711968e-04 7.689374033362e-04 9.105872595683e-04 1.001415541396e-03 1.019675866701e-03 9.898870484903e-04 9.013505768962e-04 8.937399834394e-04 9.354160865769e-04 1.052862033248e-03 1.457219594158e-03 1.429535332136e-03 9.309113956988e-04 1.010119216517e-03 9.348928579129e-04 8.234906708822e-04 8.688390953466e-04 9.650170104578e-04 1.086993608624e-03 1.149979652837e-03 1.106730545871e-03 1.041003968567e-03 1.010571839288e-03 1.005675760098e-03 1.116296858527e-03 1.341814408079e-03 2.583569148555e-03 3.097538370639e-03 2.915287390351e-03 2.040601801127e-03 2.021421445534e-03 3.351759631187e-03 5.838443525136e-03
2.538472763263e-04 4.105822299607e-04 5.451600882225e-04 6.289980374277e-04 6.625046953559e-04 6.592416320927e-04 6.331266486086e-04 5.944792646915e-04 6.198417977430e-04 6.879239226691e-04 7.915631867945e-04 9.358716197312e-04 1.069361111149e-03 1.134372898377e-03 1.116800354794e-03 1.035772031173e-03 8.819440845400e-04 8.544359588996e-04 8.689694805071e-04 7.748688221909e-04 8.299154578708e-04 8.740157936700e-04 7.610239554197e-04 8.330533746630e-04 8.894792408682e-04 8.306082454510e-04 9.388962644152e-04 1.135464408435e-03 1.263510086574e-03 1.279459916987e-03 1.193399773911e-03 1.094286446460e-03 1.101306290366e-03 1.032535685226e-03 1.135975355282e-03 1.410256954841e-03 2.313329372555e-03 2.588443225250e-03 2.866297261789e-03 3.235897747800e-03 6.689940579236e-03 8.722402155399e-03 8.256658911705e-03
2.704634680413e-04 4.315593396313e-04 5.622834432870e-04 6.364337750711e-04 6.601733039133e-04 6.492335814983e-04 6.162145291455e-04 6.752128829248e-04 7.605617283843e-04 8.507251623087e-04 9.674995671958e-04 1.090714242309e-03 1.170275267214e-03 1.167881186120e-03 1.084100687876e-03 9.410596685484e-04 7.471335120499e-04 7.457930478267e-04 7.275234675035e-04 6.361661362462e-04 6.074768607505e-04 6.816325476393e-04 7.437911699526e-04 9.930091910064e-04 1.059345668182e-03 1.020908006467e-03 1.259164186195e-03 1.369968289509e-03 1.404051552527e-03 1.374970888719e-03 1.286351820454e-03 1.192426658235e-03 1.138487248681e-03 1.132898731157e-03 1.487405737862e-03 2.201522467658e-03 2.899820916355e-03 3.572307759896e-03 3.012949833646e-03 7.883590646088e-03 9.082069620490e-03 8.821287192404e-03 8.682835847139e-03
2.444006095175e-04 3.863905440085e-04 4.982691607438e-04 5.583550082520e-04 5.736432503909e-04 5.578384152614e-04 6.423568120226e-04 7.307576597668e-04 8.014634950086e-04 8.718292228878e-04 9.458365384489e-04 1.000711228698e-03 1.006635720842e-03 9.473678655922e-04 8.364540990442e-04 6.992298876867e-04 5.672232364304e-04 5.861576064490e-04 5.474177887663e-04 5.369465798140e-04 5.625392659567e-04 6.264140247367e-04 8.757627801970e-04 1.227238797583e-03 1.354860956781e-03 1.525766681880e-03 1.548604108393e-03 1.564110512845e-03 1.475932309404e-03 1.390143879689e-03 1.317143323831e-03 1.251368783414e-03 1.401430461556e-03 1.664566341788e-03 2.123509999365e-03 2.448196057230e-03 2.388348337263e-03 3.862453158945e-03 4.626469686627e-03 6.922049447894e-03 7.761143613607e-03 7.804656401277e-03 7.953198626637e-03
2.031633921433e-04 3.253786126152e-04 3.968366654590e-04 4.316558188293e-04 4.431802663021e-04 5.173591780476e-04 5.942051066086e-04 6.413455121219e-04 6.630591233261e-04 6.824663723819e-04 7.050581043586e-04 7.183874840848e-04 7.042240467854e-04 6.515390705317e-04 5.744857480749e-04 5.443977424875e-04 5.024609854445e-04 4.915206227452e-04 5.234894924797e-04 5.246867658570e-04 5.298065370880e-04 6.085101049393e-04 9.908778592944e-04 1.416589482687e-03 1.647531287745e-03 1.835463219322e-03 1.850015949458e-03 1.897885231301e-03 1.846971805207e-03 1.585268764757e-03 1.357994391583e-03 1.325696008280e-03 1.542967627756e-03 1.691424520686e-03 1.790092210285e-03 1.908655744046e-03 2.536495914683e-03 3.723353147507e-03 4.929109476507e-03 5.027400795370e-03 7.862545549870e-03 9.429547935724e-03 7.397199049592e-03
2.774910244625e-04 4.221763520036e-04 5.108588957228e-04 5.470766918734e-04 5.697311717086e-04 5.798671627417e-04 5.830746376887e-04 5.791243747808e-04 5.680509493686e-04 5.529047921300e-04 5.411878810264e-04 5.698609165847e-04 5.870640743524e-04 5.899670650251e-04 5.756361642852e-04 5.551329813898e-04 5.618104478344e-04 5.546545726247e-04 5.878550000489e-04 5.704215145670e-04 5.566842737608e-04 6.867065676488e-04 1.032707979903e-03 1.482221181504e-03 3.922046627849e-03 1.163348183036e-02 1.237995550036e-02 5.558836273849e-03 3.224836429581e-03 2.537130611017e-03 1.792826573364e-03 1.372324186377e-03 1.633528387174e-03 2.143489196897e-03 1.686740200967e-03 2.070255344734e-03 2.294727833942e-03 3.842548700050e-03 6.729803979397e-03 6.615808699280e-03 7.332521490753e-03 9.686668403447e-03 1.331050693989e-02
3.925625933334e-04 5.830625887029e-04 6.936420686543e-04 7.511267322116e-04 7.676076493226e-04 7.630954496562e-04 7.474785088561e-04 7.238669204526e-04 6.941027822904e-04 6.607374525629e-04 6.937545840628e-04 7.930563879199e-04 8.773607551120e-04 9.297676733695e-04 9.397464455105e-04 9.064088226296e-04 8.354505407624e-04 7.489661802538e-04 7.698781555519e-04 7.235983503051e-04 6.754026981071e-04 8.205246995203e-04 1.050590770319e-03 2.554771257564e-03 1.082267332822e-02 3.124387934804e-02 3.416567295790e-02 1.714263670146e-02 7.405142299831e-03 3.642137395218e-03 2.341294661164e-03 1.777402590960e-03 1.524071674794e-03 2.284847665578e-03 2.115164883435e-03 1.754567259923e-03 2.181297400966e-03 3.462502965704e-03 7.932309992611e-03 1.194056775421e-02 7.872860878706e-03 7.658319082111e-03 1.693815365434e-02
4.918028134853e-04 7.023356156424e-04 8.404791587964e-04 8.940874831751e-04 8.918723324314e-04 8.625294431113e-04 8.203624165617e-04 7.974355830811e-04 8.312525460497e-04 1.005462254398e-03 1.182893291116e-03 1.349871046841e-03 1.485786633566e-03 1.578523311764e-03 1.625488977879e-03 1.624761498533e-03 1.580589683726e-03 1.472719013691e-03 1.233649789356e-03 1.028116210364e-03 9.134539868683e-04 1.019913936034e-03 2.262845169753e-03 3.953616134822e-03 1.176046207547e-02 9.820719063282e-02 1.867642849684e-01 4.034683853388e-02 1.751275919378e-02 6.174377631396e-03 2.863593399525e-03 2.199689392000e-03 1.712651923299e-03 2.184582175687e-03 2.555087674409e-03 2.106027211994e-03 2.713614841923e-03 4.210490733385e-03 6.678723264486e-03 1.464576832950e-02 1.472828723490e-02 7.311809808016e-03 1.764724217355e-02
5.195452831686e-04 7.273292285390e-04 8.507781312801e-04 8.810572908260e-04 8.520391420461e-04 8.730112458579e-04 9.725118288770e-04 1.038048649207e-03 1.052877982147e-03 1.260522869416e-03 1.488725538366e-03 1.699814107269e-03 1.869007479399e-03 1.997104147449e-03 2.103247446939e-03 2.208552323282e-03 2.335557248443e-03 2.400397555903e-03 2.152069937438e-03 1.533874776214e-03 1.496261684224e-03 2.131202723831e-03 3.745306748897e-03 5.306937731802e-03 2.327219955623e-02 5.646388605237e-02 7.368783652782e-02 2.222184091806e-02 8.326866663992e-03 4.837357439101e-03 4.103650338948e-03 5.143460817635e-03 6.644648034126e-03 6.170026492327e-03 4.087570123374e-03 4.396304488182e-03 3.677690867335e-03 4.291156772524e-03 4.743717145175e-03 9.626251645386e-03 1.282925438136e-02 8.269567042589e-03 3.113729506731e-02
7.147523574531e-04 1.131740398705e-03 1.426740665920e-03 1.594454399310e-03 1.687633572146e-03 1.723135239445e-03 1.705540576950e-03 1.642422052100e-03 1.545865205117e-03 1.432303688489e-03 1.343769254163e-03 1.510472036898e-03 1.668742275797e-03 1.820515492000e-03 1.969243865460e-03 2.112283837050e-03 2.455759327859e-03 2.795832697302e-03 3.208333160728e-03 3.447885392234e-03 3.378118854016e-03 3.635104047135e-03 4.291974008083e-03 6.325012072921e-03 1.209003478289e-02 3.742462955415e-03 3.395995590836e-03 3.378367284313e-03 3.790362738073e-03 3.902878379449e-03 4.281250759959e-03 3.211114183068e-02 2.121804095805e-02 1.664163917303e-02 1.006240677088e-02 1.412994973361e-02 1.253630965948e-02 5.555343348533e-03 4.975798539817e-03 5.946558900177e-03 8.883246220648e-03 2.377650514245e-02 3.613310679793e-02
1.311085419729e-03 2.037792932242e-03 2.496372908354e-03 2.682513091713e-03 2.712189452723e-03 2.643549349159e-03 2.506964607164e-03 2.328653354198e-03 2.172991400585e-03 2.256918698549e-03 2.314660931006e-03 2.332972595468e-03 2.281405963004e-03 2.387973712757e-03 2.504323842004e-03 2.691263332963e-03 3.445903072134e-03 5.618561524898e-03 7.282070815563e-03 7.344390265644e-03 7.463030051440e-03 7.086174096912e-03 4.564780276269e-03 6.661430932581e-03 2.522815251723e-03 2.091596368700e-03 1.985255395994e-03 1.741251675412e-03 2.100484445691e-03 2.917697187513e-03 6.924226880074e-03 3.805711865425e-02 2.729127928615e-02 1.699231378734e-02 1.460461597890e-02 3.070537000895e-02 2.806918509305e-02 1.159704942256e-02 8.031464181840e-03 6.216697394848e-03 1.328800618649e-02 2.248365990818e-02 3.992743045092e-02
1.490336027928e-03 2.295552752912e-03 2.773669548333e-03 2.922080690041e-03 2.906082896516e-03 3.029435174540e-03 3.126986324787e-03 3.220688784495e-03 3.325555706397e-03 3.416288876906e-03 3.455538535491e-03 3.381312359124e-03 3.555349772796e-03 4.064991604537e-03 4.404060076922e-03 4.697139840573e-03 5.660588853061e-03 6.141939666122e-03 5.204454530030e-03 6.000370252877e-03 6.181177683175e-03 5.552088841796e-03 4.514505155385e-03 2.042866311967e-03 1.769153517671e-03 1.535872928798e-03 1.293178531341e-03 1.054518274032e-03 1.012946362607e-03 1.763659180142e-03 2.817751606926e-03 1.594878546894e-02 2.136593498290e-02 2.755553461611e-02 3.112684376538e-02 4.396479576826e-02 2.493972703815e-02 1.065209321678e-02 1.741203106940e-02 1.363589148968e-02 1.657335273921e-02 2.152529358864e-02 6.899752467871e-02
1.079256180674e-03 1.640523783863e-03 1.974821090698e-03 2.072609262541e-03 2.071111230180e-03 2.349261194468e-03 2.372034359723e-03 2.256286097690e-03 2.711665118113e-03 3.199924249202e-03 3.541728248820e-03 3.882545279339e-03 4.467797465622e-03 5.097305867821e-03 5.497810430825e-03 5.590626504272e-03 5.152574740350e-03 4.087310284376e-03 3.051099367440e-03 2.472415100783e-03 1.899256953038e-03 1.510733505711e-03 1.274746842682e-03 1.283748424612e-03 1.185809378512e-03 9.929108200595e-04 7.823957712390e-04 7.082219817676e-04 9.323389385827e-04 1.532296068035e-03 2.128268359229e-03 8.841465227306e-03 9.776805527508e-03 1.674990355968e-02 1.832131296396e-02 4.987172037363e-02 4.396233707666e-02 2.379017136991e-02 2.099144645035e-02 9.322489798069e-02 2.194422483444e-01 5.630839988589e-02 3.459248691797e-02
7.150128949434e-04 1.079722074792e-03 1.342034898698e-03 1.514845876954e-03 1.557117560878e-03 1.505348365754e-03 1.404362497851e-03 1.288960222155e-03 1.472164993174e-03 1.721410546452e-03 1.832341193222e-03 1.912801759318e-03 2.143273130059e-03 2.411086112261e-03 2.580825705081e-03 2.608431503177e-03 2.318917075172e-03 1.767057809047e-03 2.033437136561e-03 1.883572782390e-03 1.464555738494e-03 1.015425776131e-03 9.143911302090e-04 8.557191467844e-04 7.429450633936e-04 6.015795515850e-04 7.173242047429e-04 9.803506545722e-04 1.249252818525e-03 2.693679882213e-03 3.411307465285e-03 4.897175356746e-03 8.649063296616e-03 6.460519041866e-03 5.609375890344e-03 6.770337466151e-03 4.289276897907e-02 2.548895962536e-02 1.941740326583e-02 1.246647164226e-01 2.752133905888e-01 3.001823090017e-02 1.081541739404e-02
6.106026121415e-04 8.998971316032e-04 1.136762672104e-03 1.272127963603e-03 1.307688769884e-03 1.274498295970e-03 1.207197550684e-03 1.127101946622e-03 1.046449295245e-03 9.672535234131e-04 9.384715231135e-04 9.340519900434e-04 8.952432544902e-04 8.494287612848e-04 8.960036793724e-04 1.014973502606e-03 1.774041913450e-03 2.262458205223e-03 2.122286008671e-03 1.574371010065e-03 9.899793658406e-04 6.229612627067e-04 5.887291044928e-04 5.302845966071e-04 4.704056482296e-04 7.364188204519e-04 1.121353241615e-03 1.476304605603e-03 2.164554549381e-03 3.536076750606e-03 4.565965384245e-03 6.253405008465e-03 7.399125024676e-03 6.767306942493e-03 3.822617232800e-03 4.486910067499e-03 8.762521669269e-03 2.208990789950e-02 3.679504618049e-02 3.875236213207e-02 2.037980034947e-02 7.734426297247e-03 7.216409314424e-03
4.774674016517e-04 6.904420442879e-04 8.664549677633e-04 9.650753345340e-04 9.927597129717e-04 9.747662697919e-04 9.442231385037e-04 8.959498954937e-04 8.409264264628e-04 7.810216629878e-04 7.157571380958e-04 6.463718018495e-04 6.628453847952e-04 7.031040149741e-04 6.940656458028e-04 9.808475151658e-04 1.673969323747e-03 1.980729168281e-03 1.694018952549e-03 1.165882218629e-03 7.081102812663e-04 4.160418175161e-04 4.513484309427e-04 4.946001572534e-04 6.627078400925e-04 1.117009203881e-03 1.671115751378e-03 2.446223981678e-03 3.502734936774e-03 4.506591241807e-03 6.843842566013e-03 7.106543518603e-03 6.628263276070e-03 3.513897303492e-03 2.732846885920e-03 3.720431355760e-03 4.530312959105e-03 1.721317507327e-02 4.334724694490e-02 2.211261354387e-02 1.453080587089e-02 6.602797191590e-03 6.265120115131e-03
3.494500706438e-04 5.036410875618e-04 6.252876482904e-04 6.964087369852e-04 7.238063262776e-04 7.220283732750e-04 7.024155347608e-04 6.710898596793e-04 6.311106844805e-04 5.831882590428e-04 5.291522247717e-04 5.154316895641e-04 5.591980298050e-04 5.622825701721e-04 5.189522053115e-04 5.856064963154e-04 1.049453741871e-03 1.305923331529e-03 1.219696947373e-03 9.535650024191e-04 6.729717133567e-04 4.518624627963e-04 4.850575933233e-04 5.575288087130e-04 9.354950743727e-04 2.117842435837e-03 4.536627791822e-03 4.202904179692e-03 3.231850452721e-03 6.199797149748e-03 8.543618023396e-03 7.329199463129e-03 5.365733057261e-03 2.523452974856e-03 2.687096362934e-03 3.700627246872e-03 5.200311541557e-03 1.621371135116e-02 2.295204810798e-02 1.465952116996e-02 8.476234972477e-03 5.273154471070e-03 4.729685839266e-03
2.395094197709e-04 3.428507188801e-04 4.236552340444e-04 4.713984671980e-04 4.907131078653e-04 4.906099056825e-04 4.772928659804e-04 4.544132098090e-04 4.237631219439e-04 3.867948253173e-04 4.002396017313e-04 4.497245536186e-04 4.691518261097e-04 4.485844401643e-04 4.323990142439e-04 4.945170367137e-04 5.491189658642e-04 6.680139340460e-04 7.631499320269e-04 7.356617716141e-04 6.253655301407e-04 4.933926975355e-04 5.186178022996e-04 7.036829483695e-04 1.216876436956e-03 3.694659564644e-03 5.292393732816e-03 3.027217928320e-03 3.344552125782e-03 6.645006127656e-03 9.080399759114e-03 7.186529226601e-03 5.080468486995e-03 3.479373874143e-03 3.825783496723e-03 3.698774380609e-03 8.172990754247e-03 3.070516325533e-02 1.693929918110e-02 6.208461243659e-03 1.245672255754e-02 5.383635405451e-03 3.656773362309e-03
1.420129265171e-04 2.018563391175e-04 2.482724376023e-04 2.753864973783e-04 2.859186497517e-04 2.848554577213e-04 2.755203749985e-04 2.599905128591e-04 2.521941787563e-04 3.076579887420e-04 3.598973562475e-04 3.940882452298e-04 3.968991804868e-04 4.415618313942e-04 5.105400923640e-04 5.803506355733e-04 6.412843358703e-04 6.808991311118e-04 6.870733923279e-04 6.552233244292e-04 5.972618237138e-04 5.530208582059e-04 6.144935614429e-04 8.753590518609e-04 1.464476110414e-03 4.143810365349e-03 4.372546449304e-03 3.333976725116e-03 3.028028411791e-03 5.982131697237e-03 8.444089442492e-03 6.577066611499e-03 6.487535312772e-03 4.369143396616e-03 4.609548486769e-03 3.423355286941e-03 7.910400629044e-03 2.081555500627e-02 8.413772098720e-03 7.305408362299e-03 1.653134077787e-02 5.307032261044e-03 2.797607332468e-03
