100/SI/f152_max.grd
DSAA
101	101
32.816463539100	34.260883539100
35.556306596100	36.727886596100
9.383194847032e-04	1.537487792969e+02
[rows 38 to 56 of 101, columns 0 to 42 of 101]
3.670462667942e-01 7.744942903519e-01 8.376374840736e-01 8.725733757019e-01 1.034742712975e+00 1.268524765968e+00 1.465081214905e+00 1.668950319290e+00 1.834424972534e+00 1.675512552261e+00 1.375119924545e+00 1.122287154198e+00 1.108362317085e+00 1.091925501823e+00 1.163305401802e+00 1.318401694298e+00 1.492663741112e+00 2.737931728363e+00 4.437411308289e+00 4.762354373932e+00 3.837582588196e+00 3.238886833191e+00 2.161459207535e+00 2.533687591553e+00 5.031573772430e+00 6.540599346161e+00 6.299915790558e+00 4.505656719208e+00 3.237643480301e+00 3.585487365723e+00 3.786437034607e+00 4.653157711029e+00 6.378521442413e+00 6.261099815369e+00 5.874087810516e+00 3.515373706818e+00 4.806154251099e+00 5.404572963715e+00 5.347711563110e+00 8.210714340210e+00 9.010348320007e+00 1.330008506775e+01 1.073250961304e+01
5.406765341759e-01 9.626877903938e-01 8.074202537537e-01 7.903552055359e-01 1.123145699501e+00 1.366587281227e+00 1.796790838242e+00 2.261532068253e+00 2.522564411163e+00 2.362125396729e+00 1.716187834740e+00 1.342976331711e+00 1.156649470329e+00 1.181557297707e+00 1.267743587494e+00 1.370053172112e+00 1.459819197655e+00 1.538409590721e+00 2.413999319077e+00 3.379890441895e+00 3.452903509140e+00 3.374536037445e+00 3.485339403152e+00 2.901924371719e+00 2.689470529556e+00 2.987911701202e+00 4.034547805786e+00 7.598002433777e+00 1.018138885498e+01 1.032921123505e+01 8.099907875061e+00 3.991682767868e+00 4.502048015594e+00 3.832822799683e+00 7.648671627045e+00 6.856644630432e+00 4.462378978729e+00 5.381696701050e+00 6.608970642090e+00 7.513479709625e+00 1.005494880676e+01 1.212855529785e+01 1.423068046570e+01
6.236755251884e-01 1.242242693901e+00 1.176939964294e+00 1.020934820175e+00 1.348870038986e+00 1.660129547119e+00 2.015592575073e+00 2.653398513794e+00 2.876637697220e+00 2.867423295975e+00 1.961059331894e+00 1.316460609436e+00 1.325642347336e+00 1.147078037262e+00 9.556850194931e-01 1.075968742371e+00 1.254538059235e+00 1.363991141319e+00 1.434586644173e+00 1.905889511108e+00 2.813005685806e+00 3.955657720566e+00 4.750120162964e+00 4.787600994110e+00 4.686838150024e+00 3.118094921112e+00 2.468835592270e+00 2.606774806976e+00 2.531196832657e+00 3.205032587051e+00 6.754035949707e+00 1.075218868256e+01 1.273989582062e+01 1.063581943512e+01 5.384085178375e+00 5.349386215210e+00 9.381685256958e+00 7.804101467133e+00 8.083554267883e+00 8.061222076416e+00 7.497591018677e+00 1.004983997345e+01 1.522678947449e+01
8.941200971603e-01 1.514672994614e+00 1.760247230530e+00 1.808394432068e+00 1.629561066628e+00 1.948105454445e+00 1.944332242012e+00 1.868390202522e+00 1.868017673492e+00 2.291262865067e+00 2.473618745804e+00 2.146236896515e+00 1.591184735298e+00 1.414687395096e+00 1.438629746437e+00 1.780890941620e+00 2.066823244095e+00 2.312274456024e+00 2.260376453400e+00 1.643564462662e+00 1.833845973015e+00 2.418491840363e+00 2.744976520538e+00 3.683539390564e+00 4.575118064880e+00 5.436762809753e+00 6.066091537476e+00 5.887381553650e+00 6.045936107635e+00 6.596234321594e+00 7.293465137482e+00 7.130202293396e+00 1.103174018860e+01 1.246635437012e+01 8.903829574585e+00 1.127094554901e+01 1.250363731384e+01 1.061993122101e+01 1.198772907257e+01 9.688933372498e+00 6.798433780670e+00 1.188344955444e+01 9.930907249451e+00
9.175624847412e-01 1.612738728523e+00 1.785233139992e+00 1.655194044113e+00 1.801029443741e+00 2.271737575531e+00 2.256399393082e+00 1.955334186554e+00 2.355089187622e+00 1.960281252861e+00 1.862849593163e+00 2.600459814072e+00 2.700181245804e+00 2.035036087036e+00 1.883877754211e+00 1.735960006714e+00 1.775764346123e+00 2.379428386688e+00 3.209311008453e+00 3.262624025345e+00 2.092148303986e+00 2.376504659653e+00 3.031519412994e+00 2.522089481354e+00 2.913713932037e+00 3.516787767410e+00 4.648255825043e+00 7.025099754333e+00 9.460901260376e+00 8.661458015442e+00 8.199687957764e+00 6.093242168427e+00 6.067543983459e+00 1.139797115326e+01 1.095739841461e+01 1.381931209564e+01 9.138195037842e+00 1.294728183746e+01 1.135502719879e+01 1.639185714722e+01 1.693920516968e+01 1.330215358734e+01 1.499763679504e+01
1.778209328651e+00 3.447794437408e+00 2.575733184814e+00 2.156153678894e+00 2.109755277634e+00 1.898512005806e+00 1.942221522331e+00 2.362868785858e+00 2.339948654175e+00 1.899454474449e+00 2.375017404556e+00 1.618668437004e+00 2.074149608612e+00 2.908303737640e+00 2.525967121124e+00 2.185045242310e+00 2.736570835114e+00 5.935843467712e+00 6.996025085449e+00 3.817126035690e+00 4.088572025299e+00 2.408265113831e+00 2.827918291092e+00 4.011333942413e+00 2.677145957947e+00 2.450920343399e+00 2.569100379944e+00 2.817995309830e+00 3.598387479782e+00 4.091234207153e+00 4.371095180511e+00 4.766003131866e+00 6.488279819489e+00 1.022055244446e+01 7.008121490479e+00 6.492683410645e+00 9.534877777100e+00 1.086092281342e+01 7.248608589172e+00 1.496445178986e+01 1.537373733521e+01 1.676826477051e+01 2.058596611023e+01
2.830859422684e+00 5.191802024841e+00 4.209146976471e+00 3.272661924362e+00 3.017421007156e+00 2.461272478104e+00 3.391310214996e+00 2.976032495499e+00 2.982344150543e+00 2.334086656570e+00 1.826125025749e+00 2.241347789764e+00 2.010614395142e+00 1.312612175941e+00 2.461341381073e+00 2.887184143066e+00 2.102398633957e+00 1.802876114845e+00 3.295827388763e+00 2.182516336441e+00 3.798381328583e+00 4.510354518890e+00 4.481373786926e+00 3.914317369461e+00 5.381534576416e+00 3.307916402817e+00 3.075133800507e+00 3.981717586517e+00 4.664625644684e+00 3.563122510910e+00 4.538685798645e+00 5.592595100403e+00 6.628819465637e+00 7.784171104431e+00 9.895234107971e+00 7.504315853119e+00 8.357209205627e+00 9.344597816467e+00 8.855118751526e+00 1.271262454987e+01 1.182842922211e+01 1.709000396729e+01 1.739622879028e+01
1.120380401611e+00 2.334462404251e+00 2.787546157837e+00 3.286226272583e+00 3.360698699951e+00 3.734713792801e+00 3.947614669800e+00 3.406357526779e+00 3.054514408112e+00 2.924910068512e+00 2.726131677628e+00 2.522887706757e+00 2.391542911530e+00 2.241059780121e+00 2.425723075867e+00 2.070296287537e+00 1.471406102180e+00 1.744239807129e+00 1.836259603500e+00 2.505011081696e+00 2.346879720688e+00 3.876162767410e+00 4.186769962311e+00 4.502062320709e+00 5.251258373260e+00 5.932447433472e+00 6.471082210541e+00 6.738434791565e+00 6.884560108185e+00 7.417080879211e+00 7.533779144287e+00 7.925283432007e+00 8.417831420898e+00 6.991786479950e+00 6.001103878021e+00 8.441442489624e+00 1.014586162567e+01 1.560294437408e+01 1.868156242371e+01 1.727013015747e+01 1.642273521423e+01 1.705729293823e+01 1.417009067535e+01
1.085178971291e+00 2.279512166977e+00 2.597371578217e+00 2.886883497238e+00 3.259329795837e+00 3.333933115005e+00 3.065663337708e+00 2.483123302460e+00 2.342181205750e+00 2.793527364731e+00 3.277265548706e+00 3.109892368317e+00 2.354276418686e+00 1.536428809166e+00 1.647756576538e+00 9.516175985336e-01 5.538739562035e-01 6.116023063660e-01 8.161361813545e-01 9.837561249733e-01 2.927033662796e+00 5.148384094238e+00 4.399888992310e+00 5.548161506653e+00 5.334577083588e+00 6.575855255127e+00 6.786460876465e+00 6.423481941223e+00 5.988584995270e+00 6.832316875458e+00 7.274765491486e+00 9.399231910706e+00 1.201905918121e+01 1.309577560425e+01 1.118829441071e+01 9.493536949158e+00 1.052025222778e+01 7.510401248932e+00 1.144140052795e+01 1.166019248962e+01 1.821898269653e+01 1.716875267029e+01 1.848038864136e+01
2.922022044659e-01 5.872877240181e-01 6.199828982353e-01 6.684302091599e-01 9.289393424988e-01 1.298412203789e+00 1.707044363022e+00 1.834818840027e+00 1.775600314140e+00 1.638383507729e+00 1.677280545235e+00 2.131535291672e+00 2.128246784210e+00 1.731527328491e+00 1.118672013283e+00 8.714454770088e-01 4.479299187660e-01 3.809103965759e-01 4.242325723171e-01 9.081331491470e-01 2.024744510651e+00 4.298192024231e+00 1.072314453125e+01 1.008633518219e+01 9.060251235962e+00 8.507323265076e+00 8.197743415833e+00 7.969030857086e+00 8.474057197571e+00 9.788080215454e+00 1.091816711426e+01 1.236038684845e+01 2.132029342651e+01 1.186870574951e+01 2.677416419983e+01 1.825318908691e+01 1.456200504303e+01 1.566515922546e+01 1.939878082275e+01 2.253723144531e+01 2.384319496155e+01 2.238690948486e+01 2.253860855103e+01
2.648736834526e-01 5.116963386536e-01 5.572433471680e-01 5.582800507545e-01 9.387270808220e-01 1.390918374062e+00 1.449443459511e+00 1.182078957558e+00 8.723784089088e-01 7.106371521950e-01 9.023759365082e-01 1.119967937469e+00 1.071811556816e+00 8.608066439629e-01 6.332355737686e-01 4.481061100960e-01 3.236168026924e-01 2.379372119904e-01 2.470878809690e-01 8.056621551514e-01 2.579415798187e+00 4.458202838898e+00 4.390040874481e+00 9.278142929077e+00 2.239550781250e+01 1.134340095520e+01 7.069080829620e+00 6.399526596069e+00 6.661038398743e+00 7.265724658966e+00 1.247950363159e+01 1.799236488342e+01 9.522860527039e+00 1.419283580780e+01 2.565661048889e+01 4.683132553101e+01 1.914908027649e+01 1.515227699280e+01 1.345683670044e+01 1.480337429047e+01 1.267244815826e+01 2.369577407837e+01 2.756758880615e+01
1.373986154795e-01 2.854201793671e-01 3.422106206417e-01 3.798765838146e-01 4.996465146542e-01 8.033351898193e-01 9.203045964241e-01 7.973214387894e-01 6.169412136078e-01 4.618057608604e-01 3.811928033829e-01 3.639859557152e-01 2.902972996235e-01 2.562897205353e-01 3.057086467743e-01 2.328670024872e-01 2.157179415226e-01 1.814256757498e-01 2.114328444004e-01 3.216492831707e-01 5.508384704590e-01 1.487736582756e+00 1.558632254601e+00 2.123655319214e+00 8.148367881775e+00 8.619231224060e+00 3.213417768478e+00 1.765374302864e+00 1.848280906677e+00 5.929785251617e+00 7.855028629303e+00 8.506343841553e+00 8.878125190735e+00 7.290961742401e+00 1.071824550629e+01 3.091659927368e+01 1.657787895203e+01 1.007781696320e+01 7.037053108215e+00 6.357069015503e+00 5.980238437653e+00 1.566784954071e+01 2.175095748901e+01
6.125496327877e-02 1.222544088960e-01 1.271572709084e-01 1.399820744991e-01 1.767516732216e-01 2.238275259733e-01 2.663374245167e-01 2.898483872414e-01 2.804755270481e-01 2.377182245255e-01 2.026106715202e-01 2.329429984093e-01 2.404415905476e-01 2.222473919392e-01 2.264157980680e-01 2.587897181511e-01 1.965086460114e-01 1.569127887487e-01 1.763309240341e-01 2.621813416481e-01 2.995436489582e-01 5.476688146591e-01 9.526147246361e-01 2.078279972076e+00 5.045431613922e+00 3.147516250610e+00 1.949129581451e+00 1.546195268631e+00 1.481570839882e+00 4.785151779652e-01 4.192665219307e-01 4.552656412125e-01 7.110297679901e-01 1.546438932419e+00 3.588296413422e+00 6.093692779541e+01 1.161256713867e+02 1.548218727112e+01 1.055166721344e+01 5.435407638550e+00 3.830935478210e+00 4.143524646759e+00 8.026818275452e+00
4.926840588450e-02 8.957302570343e-02 9.959860146046e-02 9.963569045067e-02 1.000825986266e-01 1.289052367210e-01 1.692696958780e-01 2.083353847265e-01 2.316026836634e-01 2.268638461828e-01 1.906315982342e-01 1.752003580332e-01 1.902850419283e-01 1.840055584908e-01 1.636172831059e-01 2.008849531412e-01 2.333326786757e-01 1.855939775705e-01 1.432066112757e-01 4.143533706665e-01 5.268866419792e-01 4.041057825089e-01 5.364803671837e-01 9.391461610794e-01 1.779682517052e+00 1.766123580933e+01 3.823938608170e+00 3.404189348221e+00 1.439098715782e+00 2.837786078453e-01 2.483071088791e-01 2.600736916065e-01 3.025500178337e-01 3.726747334003e-01 5.016475319862e-01 2.686699151993e+00 1.873443412781e+01 4.810976791382e+01 1.230106449127e+01 6.891252517700e+00 1.983828425407e+00 1.277701735497e+00 1.405931591988e+00
4.592991992831e-02 1.093609556556e-01 1.478755325079e-01 1.706608384848e-01 1.777222752571e-01 1.639696955681e-01 1.457471996546e-01 1.329713463783e-01 1.660699248314e-01 1.904652714729e-01 1.899383068085e-01 1.643909066916e-01 1.420746296644e-01 1.768921166658e-01 1.847354024649e-01 1.650944054127e-01 1.925259381533e-01 2.485551834106e-01 1.961940675974e-01 4.150932729244e-01 4.380006194115e-01 3.749412596226e-01 4.177049398422e-01 4.528750479221e-01 1.033284783363e+00 3.551986455917e+00 3.718624830246e+00 9.532821774483e-01 4.437774419785e-01 2.748515903950e-01 2.060047090054e-01 1.759026497602e-01 1.735338717699e-01 2.176002413034e-01 2.824259400368e-01 9.589649438858e-01 4.906827449799e+00 1.732853889465e+01 2.096651268005e+01 3.242539167404e+00 1.387595534325e+00 8.998444676399e-01 8.512066602707e-01
6.956326961517e-02 1.637653857470e-01 2.093001306057e-01 2.353333085775e-01 2.417501956224e-01 2.309836298227e-01 2.167910933495e-01 1.949719190598e-01 1.681771576405e-01 1.373933255672e-01 1.525314301252e-01 1.602769643068e-01 1.535477191210e-01 1.794691383839e-01 2.058954089880e-01 1.945292651653e-01 1.642745733261e-01 2.610097825527e-01 2.794308960438e-01 7.320602536201e-01 4.692211747169e-01 3.379993438721e-01 2.285643368959e-01 2.366259545088e-01 4.450698494911e-01 3.167619705200e+00 4.537808895111e+00 8.632306456566e-01 5.666621923447e-01 2.877234816551e-01 1.782587766647e-01 1.230556070805e-01 1.094323396683e-01 1.154007762671e-01 1.771351695061e-01 2.938406765461e-01 1.986430883408e+00 6.137947082520e+00 1.628903961182e+01 7.886380672455e+00 3.756038427353e+00 7.521010637283e-01 6.351799368858e-01
4.760888963938e-02 1.037479266524e-01 1.293998509645e-01 1.419954895973e-01 1.376934200525e-01 1.381352543831e-01 1.545025557280e-01 1.727052181959e-01 1.898175477982e-01 1.900707632303e-01 1.636672914028e-01 1.235418170691e-01 1.455533951521e-01 1.595194339752e-01 1.597436517477e-01 1.604629904032e-01 1.679092049599e-01 2.751540243626e-01 3.798057734966e-01 6.331390738487e-01 4.859982728958e-01 3.818483054638e-01 1.877674013376e-01 1.881444007158e-01 3.783118426800e-01 1.147060513496e+00 1.005452156067e+00 6.694360971451e-01 5.305191874504e-01 2.944565117359e-01 1.637173146009e-01 1.343673020601e-01 1.185276955366e-01 1.158427074552e-01 1.481474041939e-01 2.507173418999e-01 5.259812474251e-01 2.641322612762e+00 3.107570409775e+00 1.891615867615e+00 1.134662389755e+00 5.736008286476e-01 5.191901326180e-01
4.473798722029e-02 8.123952895403e-02 1.205585226417e-01 1.538943052292e-01 1.835616827011e-01 2.168807983398e-01 2.534576356411e-01 2.930110991001e-01 3.295740783215e-01 3.400278985500e-01 3.039884269238e-01 2.258446365595e-01 1.454154700041e-01 1.511265039444e-01 1.860823631287e-01 2.021545916796e-01 2.518462240696e-01 2.917844951153e-01 3.426899909973e-01 5.988972187042e-01 4.251670837402e-01 2.832443118095e-01 1.500705033541e-01 1.462873965502e-01 2.738208174706e-01 3.177031874657e-01 3.045939207077e+00 4.583925306797e-01 4.332656562328e-01 2.603110671043e-01 1.515108048916e-01 1.210681721568e-01 1.155366674066e-01 1.220265626907e-01 1.570688784122e-01 2.136548757553e-01 3.557115495205e-01 4.383269548416e-01 9.212954044342e-01 1.223574519157e+00 7.648461461067e-01 4.588391184807e-01 5.901799201965e-01
4.448153078556e-02 8.046617358923e-02 1.105951368809e-01 1.366818100214e-01 1.629992574453e-01 1.951394081116e-01 2.290936708450e-01 2.633568048477e-01 2.954069674015e-01 3.127512335777e-01 2.964446842670e-01 3.208050727844e-01 3.345916271210e-01 3.358101248741e-01 3.203404247761e-01 2.904964387417e-01 3.457211554050e-01 2.515229582787e-01 3.401890993118e-01 1.083002448082e+00 3.975595235825e-01 1.992869526148e-01 1.407399177551e-01 1.178801059723e-01 1.629805713892e-01 3.503636419773e-01 1.271439790726e+00 3.563545942307e-01 4.595600664616e-01 1.943520009518e-01 1.432068943977e-01 1.093888804317e-01 1.107882186770e-01 1.259375512600e-01 1.662898808718e-01 1.977103352547e-01 2.200915068388e-01 3.545981049538e-01 7.773543596268e-01 9.094047546387e-01 5.647878646851e-01 4.191790223122e-01 5.480245947838e-01
