100/SI/f152_max.grd
DSAA
101	101
32.816463539100	34.260883539100
35.556306596100	36.727886596100
9.383194847032e-04	1.537487792969e+02
[rows 19 to 37 of 101, columns 43 to 85 of 101]
1.515568971634e+00 1.867601990700e+00 2.427969694138e+00 2.473656892776e+00 1.603640437126e+00 2.464010000229e+00 1.253711938858e+00 1.306221365929e+00 1.414582371712e+00 1.434636235237e+00 1.309230923653e+00 1.927387595177e+00 2.321241378784e+00 2.296277046204e+00 1.524581909180e+00 1.862349271774e+00 2.456386566162e+00 2.302768230438e+00 1.267182707787e+00 2.044106483459e+00 9.426248669624e-01 1.322671532631e+00 1.776614308357e+00 8.773070573807e-01 8.697888851166e-01 1.025421619415e+00 8.462077975273e-01 1.066669702530e+00 9.898315668106e-01 7.837896943092e-01 8.452255725861e-01 1.167300224304e+00 1.318198919296e+00 1.021031379700e+00 9.075185656548e-01 7.384478449821e-01 5.072148442268e-01 5.575230717659e-01 6.166120767593e-01 5.135309100151e-01 4.799347221851e-01 4.201717078686e-01 4.568385183811e-01
1.370267152786e+00 1.830026984215e+00 2.595268726349e+00 2.992336750031e+00 2.164736032486e+00 2.178770065308e+00 1.289811611176e+00 1.383834242821e+00 1.225675106049e+00 1.534862279892e+00 1.605961084366e+00 1.802383661270e+00 2.484344720840e+00 2.442585945129e+00 1.887764692307e+00 2.024703502655e+00 2.398164272308e+00 2.602090120316e+00 1.495303630829e+00 1.976255536079e+00 1.077258229256e+00 2.004489183426e+00 2.496928691864e+00 1.162416696548e+00 1.014858126640e+00 1.049713373184e+00 1.041255116463e+00 1.103164672852e+00 8.597127795219e-01 8.340048193932e-01 1.178636908531e+00 1.539995551109e+00 1.375677227974e+00 1.090884089470e+00 8.969298005104e-01 7.393636703491e-01 5.301994681358e-01 6.519227027893e-01 5.049447417259e-01 4.318023324013e-01 4.604305326939e-01 4.006185233593e-01 4.173803925514e-01
1.477755904198e+00 2.095248460770e+00 2.396510362625e+00 3.132507324219e+00 2.668044090271e+00 1.864788651466e+00 1.279541015625e+00 1.466162681580e+00 1.171876192093e+00 1.435598611832e+00 1.514143943787e+00 1.722515583038e+00 2.359797239304e+00 2.673064708710e+00 2.275964975357e+00 2.164089202881e+00 2.296788692474e+00 2.843657016754e+00 1.704698681831e+00 1.830810666084e+00 1.210687518120e+00 2.483617782593e+00 2.734272241592e+00 1.306958198547e+00 9.912400245667e-01 1.227246999741e+00 1.175378441811e+00 9.540817737579e-01 8.134208917618e-01 1.172238945961e+00 1.643938302994e+00 1.594314336777e+00 1.077035307884e+00 1.244345545769e+00 8.889468908310e-01 6.806399822235e-01 6.309866309166e-01 6.704095005989e-01 5.598223805428e-01 4.371154308319e-01 4.282195568085e-01 3.152965605259e-01 3.107503950596e-01
1.411715626717e+00 1.974437475204e+00 2.031960964203e+00 2.990162611008e+00 2.952881574631e+00 1.949964046478e+00 1.712356805801e+00 1.553040504456e+00 1.154377222061e+00 1.256891608238e+00 1.452785730362e+00 1.745483636856e+00 1.957224845886e+00 2.800700902939e+00 2.534681797028e+00 2.108058452606e+00 2.123243570328e+00 3.049567461014e+00 1.877410769463e+00 1.640120863914e+00 1.343433380127e+00 2.466515779495e+00 2.383029460907e+00 1.134523391724e+00 1.085705518723e+00 1.280608415604e+00 1.066570520401e+00 8.708975315094e-01 1.233698129654e+00 1.739237427711e+00 1.710341691971e+00 1.188190698624e+00 9.067307114601e-01 1.292783975601e+00 6.390111446381e-01 6.277437806129e-01 7.790865898132e-01 5.973948836327e-01 6.421276926994e-01 4.092546403408e-01 4.565039575100e-01 3.814148604870e-01 3.443079888821e-01
1.148417592049e+00 1.374906539917e+00 2.112170219421e+00 2.647854566574e+00 2.975391864777e+00 1.978226780891e+00 2.129665851593e+00 1.786585092545e+00 1.253705024719e+00 1.071495294571e+00 1.513637304306e+00 1.703189730644e+00 2.010889768600e+00 3.007627010345e+00 2.566416740417e+00 1.987403869629e+00 1.910551667213e+00 3.175436258316e+00 2.002512216568e+00 1.988086462021e+00 1.562420606613e+00 2.027603387833e+00 1.777226328850e+00 1.056946754456e+00 1.332674860954e+00 1.238514900208e+00 9.124153256416e-01 1.315978646278e+00 1.885234713554e+00 1.832428932190e+00 1.243939161301e+00 7.361765503883e-01 9.694927930832e-01 1.212566614151e+00 6.515818834305e-01 6.728867292404e-01 8.210951685905e-01 6.252321600914e-01 7.045083642006e-01 4.270561039448e-01 4.336351752281e-01 3.591282665730e-01 3.653033673763e-01
1.478231549263e+00 1.479021310806e+00 2.385296583176e+00 2.238361120224e+00 2.827586174011e+00 2.208517789841e+00 2.040766239166e+00 2.260545492172e+00 1.964270710945e+00 1.501012563705e+00 1.642454504967e+00 1.607803583145e+00 2.192510604858e+00 3.216773748398e+00 2.304289817810e+00 1.905628442764e+00 1.627773284912e+00 3.246995449066e+00 2.536944627762e+00 2.196161031723e+00 1.848241329193e+00 1.964982986450e+00 1.189048886299e+00 1.285052895546e+00 1.367971658707e+00 9.338092803955e-01 1.428807139397e+00 2.033257722855e+00 1.935839891434e+00 1.297171235085e+00 6.947721838951e-01 5.459164977074e-01 1.296871542931e+00 1.013345718384e+00 6.206495165825e-01 8.730558753014e-01 7.574771642685e-01 6.300524473190e-01 7.483953237534e-01 5.286271572113e-01 3.729576766491e-01 3.553371131420e-01 3.143485784531e-01
2.321846961975e+00 1.435183644295e+00 1.434842467308e+00 2.469823122025e+00 2.604947090149e+00 2.331944227219e+00 1.793927550316e+00 2.068225860596e+00 2.351294040680e+00 2.309315204620e+00 1.968236207962e+00 2.439739942551e+00 2.383021831512e+00 3.343396425247e+00 1.993695378304e+00 1.723205924034e+00 2.281456470490e+00 3.270092725754e+00 2.871495008469e+00 2.105762004852e+00 1.992436408997e+00 2.119667530060e+00 1.335655093193e+00 1.400148272514e+00 1.149696946144e+00 1.495271801949e+00 2.214273214340e+00 2.074968814850e+00 1.349721431732e+00 8.805168271065e-01 1.238587141037e+00 7.608370780945e-01 1.513241887093e+00 8.853467702866e-01 7.252815365791e-01 9.340376257896e-01 9.112685322762e-01 6.413533687592e-01 7.725398540497e-01 5.834709405899e-01 3.514216542244e-01 3.356904685497e-01 3.889668881893e-01
3.104854822159e+00 1.475934743881e+00 1.446678876877e+00 2.275923728943e+00 2.346339941025e+00 2.386966228485e+00 1.943673253059e+00 1.980936646461e+00 1.955050945282e+00 2.531468629837e+00 2.761645555496e+00 2.468982458115e+00 2.573600053787e+00 3.387824535370e+00 1.730400681496e+00 2.670167446136e+00 3.201476573944e+00 3.274398565292e+00 2.790680170059e+00 1.668564677238e+00 1.892810702324e+00 1.942370414734e+00 1.343567132950e+00 1.156474232674e+00 1.507045269012e+00 2.355103731155e+00 2.272301912308e+00 1.422926545143e+00 1.255924701691e+00 1.724936962128e+00 1.565864443779e+00 1.422104716301e+00 1.474115252495e+00 9.905654788017e-01 9.343751668930e-01 7.741691470146e-01 9.938555955887e-01 6.785426139832e-01 7.752718925476e-01 5.798746347427e-01 3.741347789764e-01 4.259342849255e-01 5.490864515305e-01
3.389923572540e+00 1.516157031059e+00 1.749870657921e+00 1.508216381073e+00 2.576713800430e+00 2.411800384521e+00 2.057138204575e+00 2.104490041733e+00 1.996804237366e+00 2.520067453384e+00 2.662354946136e+00 2.320029258728e+00 2.744642496109e+00 3.264638185501e+00 2.907254457474e+00 3.537837505341e+00 3.418439865112e+00 3.181738615036e+00 1.896670937538e+00 1.684624314308e+00 1.949547052383e+00 1.963149666786e+00 1.407737016678e+00 1.442389965057e+00 2.455134153366e+00 2.507275342941e+00 1.571580648422e+00 1.276444315910e+00 1.876743912697e+00 1.557418227196e+00 1.267855763435e+00 1.385897040367e+00 1.142585635185e+00 1.088562488556e+00 9.259850978851e-01 6.468857526779e-01 9.736362695694e-01 7.327132821083e-01 7.600913643837e-01 5.250048637390e-01 4.526515603065e-01 6.091255545616e-01 6.883147358894e-01
2.975829362869e+00 2.216467380524e+00 2.026235103607e+00 1.427743911743e+00 1.870840191841e+00 2.443818330765e+00 2.575329542160e+00 2.237216949463e+00 2.619946002960e+00 3.851535081863e+00 2.189199447632e+00 2.039080381393e+00 2.857870101929e+00 3.004769325256e+00 3.771840095520e+00 3.651839494705e+00 3.159404993057e+00 3.076617002487e+00 2.094344615936e+00 2.263558387756e+00 2.024102449417e+00 1.953554630280e+00 1.317263960838e+00 2.490911960602e+00 2.762732505798e+00 1.786109805107e+00 1.458102345467e+00 1.989757180214e+00 1.761094450951e+00 1.154477357864e+00 1.681350708008e+00 1.454782843590e+00 8.738623857498e-01 9.962130784988e-01 8.301867842674e-01 8.918553590775e-01 8.864861726761e-01 8.051456809044e-01 7.375844120979e-01 6.787527799606e-01 7.553610205650e-01 8.477935194969e-01 7.148381471634e-01
2.008311033249e+00 3.338995456696e+00 2.218585252762e+00 1.755085468292e+00 2.106461763382e+00 2.385506629944e+00 2.282691955566e+00 2.395249605179e+00 3.435764789581e+00 4.766153335571e+00 3.200073003769e+00 2.221820116043e+00 2.879393100739e+00 3.590850353241e+00 3.845777511597e+00 5.339913845062e+00 2.831505060196e+00 2.851560831070e+00 2.340123176575e+00 2.289361953735e+00 2.088779687881e+00 1.931992530823e+00 2.465808868408e+00 2.932099342346e+00 2.013534545898e+00 1.641302824020e+00 1.964081406593e+00 1.970122814178e+00 1.684587955475e+00 1.685919404030e+00 1.785274624825e+00 9.971112012863e-01 9.429724216461e-01 8.513007760048e-01 7.422764897346e-01 6.943419575691e-01 1.203814983368e+00 9.501377344131e-01 8.754200935364e-01 1.007282614708e+00 1.003647327423e+00 7.364747524261e-01 4.953058958054e-01
2.254343509674e+00 3.699959278107e+00 2.294219017029e+00 1.939759612083e+00 2.483755826950e+00 2.285426855087e+00 2.377466678619e+00 3.004096269608e+00 3.960979938507e+00 4.786920070648e+00 3.821507215500e+00 3.792950391769e+00 3.356577157974e+00 3.938916683197e+00 4.671755313873e+00 6.761060714722e+00 2.943822383881e+00 3.187289953232e+00 3.160551548004e+00 2.583856105804e+00 2.045939445496e+00 2.459511041641e+00 3.082957983017e+00 2.216590881348e+00 1.837938427925e+00 1.939438819885e+00 1.877968311310e+00 2.078521251678e+00 2.022504806519e+00 2.028881072998e+00 1.526954889297e+00 8.242223262787e-01 1.127773880959e+00 7.032927870750e-01 7.335525751114e-01 7.498592138290e-01 1.658989906311e+00 1.105437517166e+00 1.160191535950e+00 9.343356490135e-01 5.675862431526e-01 3.331893384457e-01 3.307051062584e-01
4.463684082031e+00 2.925422668457e+00 3.206820011139e+00 2.059796094894e+00 3.024166345596e+00 2.344517707825e+00 2.559960365295e+00 3.471520423889e+00 4.168366432190e+00 4.053287029266e+00 3.925209522247e+00 3.965906381607e+00 3.724781990051e+00 3.021660566330e+00 3.203168630600e+00 4.309112071991e+00 2.404315948486e+00 3.150106668472e+00 3.443744182587e+00 2.873331785202e+00 2.557394266129e+00 3.225991249084e+00 2.415081262589e+00 2.053793430328e+00 1.901361465454e+00 1.743169665337e+00 1.876604795456e+00 2.218468666077e+00 2.225710868835e+00 1.996479630470e+00 1.244681954384e+00 7.891259789467e-01 1.201196551323e+00 9.566161632538e-01 1.153844714165e+00 1.227388858795e+00 1.870432853699e+00 1.094966888428e+00 8.661074042320e-01 6.020857095718e-01 5.394716262817e-01 4.080271720886e-01 3.918946683407e-01
7.243379592896e+00 3.166702032089e+00 3.589956998825e+00 2.618115901947e+00 3.351863384247e+00 2.866022586823e+00 2.815228700638e+00 3.985900878906e+00 4.282307147980e+00 3.368769645691e+00 4.725128650665e+00 5.807585239410e+00 3.219741582870e+00 3.780678033829e+00 2.316742420197e+00 2.686268568039e+00 2.567942619324e+00 3.063163995743e+00 2.960160493851e+00 2.685242176056e+00 3.424670696259e+00 2.607062339783e+00 2.140642881393e+00 1.922557830811e+00 2.068201303482e+00 1.924255490303e+00 1.927716493607e+00 2.406160354614e+00 2.421715021133e+00 2.199706315994e+00 1.513323307037e+00 1.331694602966e+00 1.321767687798e+00 1.202737212181e+00 1.164067268372e+00 1.789295196533e+00 1.538646101952e+00 7.463185191154e-01 8.061430454254e-01 8.237816095352e-01 7.633987665176e-01 5.896729826927e-01 4.231864809990e-01
7.927844524384e+00 8.283145904541e+00 3.420651912689e+00 3.439100027084e+00 3.691096544266e+00 3.468750476837e+00 4.753843307495e+00 4.466133117676e+00 4.223472118378e+00 3.141014814377e+00 4.809326171875e+00 6.471332073212e+00 3.869565248489e+00 3.637789964676e+00 2.954614162445e+00 3.010090589523e+00 3.198465347290e+00 3.023795366287e+00 2.926037788391e+00 3.665897369385e+00 2.855138063431e+00 2.442944049835e+00 2.093067407608e+00 1.639479994774e+00 2.015655994415e+00 2.259333133698e+00 2.079303741455e+00 2.585459470749e+00 2.696800708771e+00 2.406938791275e+00 1.790904521942e+00 1.322691559792e+00 1.176311254501e+00 9.986428022385e-01 1.620429515839e+00 1.855090856552e+00 8.266258835793e-01 8.483942747116e-01 8.842574954033e-01 8.964366316795e-01 8.470256328583e-01 7.077292799950e-01 4.909743666649e-01
3.811649084091e+00 1.115813541412e+01 8.154893875122e+00 3.402715921402e+00 3.889519691467e+00 4.320354938507e+00 4.605008602142e+00 4.689363002777e+00 3.750497817993e+00 3.277330160141e+00 5.483244419098e+00 6.335600852966e+00 4.974922180176e+00 3.364946603775e+00 3.090759992599e+00 3.463591575623e+00 5.361072063446e+00 3.366570949554e+00 4.064805984497e+00 3.132663249969e+00 2.252542495728e+00 2.195138931274e+00 1.855505228043e+00 2.252687454224e+00 2.288933277130e+00 2.624941110611e+00 2.891215562820e+00 2.213144779205e+00 2.626957893372e+00 2.623644351959e+00 2.037865400314e+00 1.083203673363e+00 1.104880094528e+00 1.713841795921e+00 1.857887506485e+00 1.085821032524e+00 7.530723810196e-01 7.601010203362e-01 7.565761804581e-01 7.679448723793e-01 7.651395201683e-01 7.084816098213e-01 5.663214921951e-01
7.011621952057e+00 5.273819923401e+00 1.301054763794e+01 6.059787750244e+00 3.933089971542e+00 5.311351299286e+00 3.994277715683e+00 4.460504055023e+00 5.870192050934e+00 4.565030574799e+00 6.331730842590e+00 5.033698081970e+00 5.300062656403e+00 4.437903404236e+00 3.653693437576e+00 3.416252613068e+00 7.796385288239e+00 4.711584568024e+00 3.792286396027e+00 4.613952159882e+00 2.744319200516e+00 2.238180160522e+00 2.390256404877e+00 2.516632556915e+00 2.424453496933e+00 2.575129032135e+00 3.644890308380e+00 2.213596343994e+00 2.727142810822e+00 2.848363876343e+00 2.309345245361e+00 1.488471984863e+00 1.888400077820e+00 1.746992230415e+00 9.988853931427e-01 8.380820155144e-01 7.916068434715e-01 7.412360906601e-01 6.890085339546e-01 6.414462924004e-01 6.591979861259e-01 6.812821626663e-01 6.188727617264e-01
9.486556053162e+00 1.235960578918e+01 7.463310718536e+00 1.279406070709e+01 4.743829250336e+00 6.430319786072e+00 5.517887592316e+00 5.885520935059e+00 8.238797187805e+00 6.832395553589e+00 7.879454612732e+00 4.520085811615e+00 4.808882236481e+00 5.009609699249e+00 4.486482620239e+00 3.541433572769e+00 9.153941154480e+00 5.193382263184e+00 5.408681392670e+00 3.748248100281e+00 2.033607959747e+00 2.249753952026e+00 2.859128236771e+00 2.593440055847e+00 2.358867645264e+00 2.258950710297e+00 3.553542852402e+00 2.427641391754e+00 3.059731960297e+00 3.018312931061e+00 2.393585443497e+00 1.906795978546e+00 1.429558992386e+00 7.507578134537e-01 7.404400706291e-01 7.770879864693e-01 7.683188915253e-01 8.213221430779e-01 8.065202236176e-01 7.653349637985e-01 8.335035443306e-01 9.687376022339e-01 1.011597752571e+00
1.865236473083e+01 1.237872886658e+01 1.306372642517e+01 1.083795642853e+01 9.860630989075e+00 7.228144645691e+00 7.936688899994e+00 7.012151241302e+00 7.243533134460e+00 8.012043952942e+00 9.264490127563e+00 5.391699790955e+00 4.738863945007e+00 5.087556838989e+00 5.568084716797e+00 5.266254901886e+00 7.061901569366e+00 5.231872081757e+00 5.217714786530e+00 4.165769100189e+00 3.395451307297e+00 4.032819747925e+00 4.060745716095e+00 3.359761714935e+00 2.453181266785e+00 2.094929695129e+00 2.788162469864e+00 2.983535528183e+00 3.162625074387e+00 2.641022205353e+00 1.852531433105e+00 1.181100010872e+00 1.033531904221e+00 1.098100423813e+00 1.298015952110e+00 1.422696828842e+00 1.487654447556e+00 1.480594635010e+00 1.405182123184e+00 1.285605669022e+00 1.169401764870e+00 1.174761414528e+00 1.039881467819e+00
