100/SI/f152_max.grd
DSAA
101	101
32.816463539100	34.260883539100
35.556306596100	36.727886596100
9.383194847032e-04	1.537487792969e+02
[rows 57 to 75 of 101, columns 0 to 42 of 101]
5.193731933832e-02 8.531308174133e-02 9.259027987719e-02 9.267871826887e-02 9.819021075964e-02 1.200561895967e-01 1.343836188316e-01 1.473209261894e-01 1.594309806824e-01 1.629317700863e-01 1.567343473434e-01 2.195403724909e-01 3.760979175568e-01 2.055828124285e-01 1.496134102345e-01 2.255741208792e-01 2.019648402929e-01 2.264382839203e-01 2.736792266369e-01 2.851836383343e-01 2.935606539249e-01 2.195062637329e-01 1.525541841984e-01 1.341316998005e-01 1.454688012600e-01 2.014742493629e-01 3.219934701920e-01 3.994462490082e-01 3.123194873333e-01 1.822103559971e-01 1.427049338818e-01 1.123372167349e-01 1.177020221949e-01 1.413204520941e-01 1.670530140400e-01 2.144514471292e-01 2.470915019512e-01 2.665507495403e-01 4.405849874020e-01 5.772564411163e-01 4.948380291462e-01 4.387054741383e-01 4.941783845425e-01
6.563000380993e-02 1.074347645044e-01 1.227293536067e-01 1.245537847281e-01 1.231883913279e-01 1.198175102472e-01 1.196148023009e-01 1.252463161945e-01 1.304441839457e-01 2.123615443707e-01 6.890427470207e-01 7.978574037552e-01 2.980939149857e-01 1.546886116266e-01 1.552864462137e-01 1.445477306843e-01 1.563149541616e-01 1.556918472052e-01 1.775116026402e-01 2.248815149069e-01 2.728925049305e-01 2.914743721485e-01 2.037705481052e-01 1.281015276909e-01 1.474969834089e-01 2.250513881445e-01 3.399319648743e-01 3.642041981220e-01 3.686200380325e-01 2.343984097242e-01 1.416023969650e-01 1.285329461098e-01 1.231463402510e-01 1.471880525351e-01 1.738192737103e-01 1.800199449062e-01 1.851987242699e-01 1.928210109472e-01 1.944933831692e-01 2.099195718765e-01 2.531668245792e-01 3.461063206196e-01 3.984296917915e-01
8.779250830412e-02 1.443484425545e-01 1.670209169388e-01 2.375152558088e-01 3.053472936153e-01 3.878663778305e-01 5.106959939003e-01 7.451833486557e-01 1.367571711540e+00 1.931036949158e+00 1.284220814705e+00 3.268731236458e-01 2.205602824688e-01 1.929415464401e-01 1.402768939734e-01 1.475496590137e-01 1.559593230486e-01 1.534624546766e-01 1.461404561996e-01 1.562735289335e-01 2.632462382317e-01 2.983268499374e-01 2.115605473518e-01 1.216282248497e-01 9.531707316637e-02 1.470187008381e-01 2.085018754005e-01 2.152137458324e-01 2.247143536806e-01 1.827135533094e-01 1.274963319302e-01 1.342697143555e-01 1.271112263203e-01 1.426685899496e-01 1.722276806831e-01 1.785869598389e-01 1.703242659569e-01 1.563839167356e-01 1.439222693443e-01 1.611175239086e-01 2.055355906487e-01 2.633868157864e-01 3.483736217022e-01
8.578861504793e-02 1.535210758448e-01 2.685504853725e-01 3.845265507698e-01 4.873711466789e-01 6.459984183311e-01 9.406937956810e-01 1.405523300171e+00 1.412800431252e+00 6.534905433655e-01 1.574906557798e-01 1.836638599634e-01 1.997789889574e-01 1.775212287903e-01 1.593361347914e-01 1.672619432211e-01 1.675980389118e-01 1.607899665833e-01 1.249452531338e-01 1.222279518843e-01 1.895918995142e-01 2.115195840597e-01 1.569720506668e-01 9.820757806301e-02 7.546976953745e-02 8.154067397118e-02 1.093307211995e-01 1.352419257164e-01 1.587094217539e-01 1.371008604765e-01 1.254157572985e-01 1.173597276211e-01 1.252789497375e-01 1.387844234705e-01 1.665984094143e-01 1.708598583937e-01 1.547811925411e-01 1.326752007008e-01 1.212612986565e-01 1.348094493151e-01 1.987973451614e-01 2.504023015499e-01 3.188121914864e-01
5.195694789290e-02 9.057881683111e-02 1.107454225421e-01 1.165788099170e-01 1.167859360576e-01 1.162602826953e-01 1.152222827077e-01 1.127312853932e-01 1.105507388711e-01 1.080935299397e-01 1.014110147953e-01 1.067585796118e-01 1.170440092683e-01 1.497484743595e-01 1.684221178293e-01 1.759086996317e-01 1.692776829004e-01 1.501478999853e-01 1.108524128795e-01 8.819823712111e-02 1.061656996608e-01 1.101509258151e-01 8.689875155687e-02 6.442430615425e-02 5.674125254154e-02 6.217270344496e-02 7.981809228659e-02 9.597733616829e-02 1.140127405524e-01 1.227429136634e-01 1.161658614874e-01 1.038021668792e-01 1.204685792327e-01 1.458704322577e-01 1.741632521152e-01 1.686226725578e-01 1.401885002851e-01 1.112562119961e-01 1.229249835014e-01 1.376689672470e-01 2.053858041763e-01 2.550559937954e-01 3.004662096500e-01
2.438768371940e-02 4.546450823545e-02 5.897799134254e-02 6.515079736710e-02 6.754869222641e-02 6.951234489679e-02 7.138626277447e-02 7.276148349047e-02 7.492043823004e-02 7.708638161421e-02 7.553736865520e-02 7.100556790829e-02 7.242510467768e-02 9.615549445152e-02 1.131385862827e-01 1.191012337804e-01 1.083461046219e-01 9.637431800365e-02 8.137015998363e-02 6.895675510168e-02 5.662787705660e-02 5.282757058740e-02 4.359338805079e-02 4.835071042180e-02 5.703090503812e-02 5.998340994120e-02 6.620848178864e-02 7.977861166000e-02 9.651469439268e-02 1.055912822485e-01 1.040375903249e-01 9.824221581221e-02 1.203657612205e-01 1.616694182158e-01 1.879286766052e-01 1.697373986244e-01 1.274011582136e-01 1.094947308302e-01 1.260224431753e-01 1.484403610229e-01 1.993653774261e-01 2.246531546116e-01 2.590731978416e-01
1.680259220302e-02 2.830008976161e-02 3.514708951116e-02 3.997299820185e-02 4.301015660167e-02 4.566080868244e-02 4.820138588548e-02 5.032382905483e-02 5.286613479257e-02 5.547092482448e-02 5.581774935126e-02 5.402098223567e-02 5.195929855108e-02 5.011409148574e-02 5.057906359434e-02 5.735875293612e-02 6.048525124788e-02 5.966372042894e-02 5.474645644426e-02 5.227612704039e-02 4.509825631976e-02 4.230881854892e-02 3.722899779677e-02 4.924671724439e-02 6.070459634066e-02 6.650082767010e-02 6.612864881754e-02 6.539510190487e-02 7.972111552954e-02 8.866865187883e-02 9.081792831421e-02 9.027808159590e-02 1.222776249051e-01 1.711497306824e-01 1.888989508152e-01 1.577264964581e-01 1.115458682179e-01 1.101056784391e-01 1.318111270666e-01 1.480598300695e-01 1.719081103802e-01 1.977735906839e-01 2.030570954084e-01
1.359049882740e-02 2.314957417548e-02 2.918447367847e-02 3.209956362844e-02 3.417872264981e-02 3.594112023711e-02 3.723425045609e-02 3.747899457812e-02 3.872083872557e-02 4.021485522389e-02 4.053298011422e-02 3.985486924648e-02 3.917636722326e-02 3.828128427267e-02 3.977268561721e-02 4.569579660892e-02 4.856722056866e-02 4.791840538383e-02 4.431203007698e-02 4.137879237533e-02 4.380520805717e-02 4.252632707357e-02 3.699464723468e-02 4.917002096772e-02 6.203451380134e-02 6.990315020084e-02 7.083331793547e-02 6.860189139843e-02 7.019024342299e-02 7.692884653807e-02 8.012577146292e-02 8.443577587605e-02 1.216980144382e-01 1.675194203854e-01 1.725271642208e-01 1.357362419367e-01 1.034140363336e-01 1.132923662663e-01 1.380881369114e-01 1.458952873945e-01 1.524137854576e-01 1.647943854332e-01 1.512677371502e-01
1.308284979314e-02 2.095844410360e-02 2.659246139228e-02 2.919662185013e-02 3.031809814274e-02 3.127756714821e-02 3.161592781544e-02 3.106238879263e-02 3.120468184352e-02 3.159660473466e-02 3.186149150133e-02 3.307109698653e-02 3.402511775494e-02 3.479748964310e-02 3.571533784270e-02 3.711487725377e-02 3.968012332916e-02 4.021143540740e-02 4.059166461229e-02 3.897058218718e-02 4.023943841457e-02 4.204792156816e-02 3.733321279287e-02 4.659337550402e-02 5.886931717396e-02 6.704255193472e-02 6.847589462996e-02 6.693104654551e-02 7.059880346060e-02 7.264598459005e-02 7.402061671019e-02 7.899349182844e-02 1.142125502229e-01 1.504560709000e-01 1.461905390024e-01 1.166765466332e-01 1.008934378624e-01 1.215046346188e-01 1.398486644030e-01 1.365029811859e-01 1.326296180487e-01 1.337084621191e-01 1.228560656309e-01
1.225743442774e-02 1.945829950273e-02 2.441930584610e-02 2.662192098796e-02 2.756239101291e-02 2.825279161334e-02 2.832470647991e-02 2.770491503179e-02 2.768940851092e-02 2.977662906051e-02 3.157278150320e-02 3.319025784731e-02 3.461939096451e-02 3.581843152642e-02 3.690421581268e-02 3.795494139194e-02 3.873006999493e-02 3.884734213352e-02 3.807114437222e-02 3.705422952771e-02 3.714098781347e-02 4.057830199599e-02 3.836097568274e-02 4.228678345680e-02 5.269173160195e-02 5.992569029331e-02 6.924849003553e-02 7.558388262987e-02 7.585891336203e-02 7.340033352375e-02 7.176783680916e-02 7.363805919886e-02 1.004362180829e-01 1.254086941481e-01 1.201395988464e-01 1.040873005986e-01 1.090106964111e-01 1.236862614751e-01 1.322967112064e-01 1.200109049678e-01 1.111703142524e-01 1.056355684996e-01 1.051248461008e-01
1.130663324147e-02 1.791876181960e-02 2.245026081800e-02 2.455043233931e-02 2.543481625617e-02 2.581187151372e-02 2.561743184924e-02 2.546754293144e-02 2.595822885633e-02 2.818385884166e-02 3.018746338785e-02 3.206384927034e-02 3.378601744771e-02 3.522733598948e-02 3.634253144264e-02 3.706476464868e-02 3.715266287327e-02 4.018342122436e-02 4.103372618556e-02 3.808476030827e-02 3.474031761289e-02 3.724109008908e-02 3.800678998232e-02 3.802024573088e-02 4.637963324785e-02 5.237904191017e-02 6.317474693060e-02 7.340675592422e-02 7.581997662783e-02 7.332844287157e-02 7.035010308027e-02 6.955237686634e-02 8.021857589483e-02 9.734742343426e-02 9.557395428419e-02 8.833371847868e-02 9.430006146431e-02 1.048367023468e-01 1.084495186806e-01 9.437141567469e-02 8.718868345022e-02 8.079915493727e-02 7.926651090384e-02
1.050521060824e-02 1.667626388371e-02 2.097764611244e-02 2.306725457311e-02 2.382967993617e-02 2.387304417789e-02 2.348850108683e-02 2.354335598648e-02 2.449272945523e-02 2.544638887048e-02 2.744673937559e-02 2.939332090318e-02 3.119426779449e-02 3.270978108048e-02 3.380468115211e-02 3.526630625129e-02 3.865874186158e-02 4.351596161723e-02 4.566782712936e-02 4.443678259850e-02 4.068038240075e-02 3.619531169534e-02 3.720014169812e-02 3.767778724432e-02 4.132725670934e-02 4.614572972059e-02 4.755792766809e-02 5.714454501867e-02 6.466276198626e-02 6.694959849119e-02 6.613921374083e-02 6.710705161095e-02 6.917537748814e-02 7.145801186562e-02 7.095103710890e-02 6.861164420843e-02 7.244750112295e-02 8.438093215227e-02 8.977792412043e-02 7.378243654966e-02 6.582112610340e-02 5.877123773098e-02 6.481195986271e-02
9.925371967256e-03 1.580182276666e-02 1.995423994958e-02 2.193398028612e-02 2.245911397040e-02 2.227539569139e-02 2.188791707158e-02 2.177199907601e-02 2.251580357552e-02 2.348658069968e-02 2.385693602264e-02 2.574644796550e-02 2.748294733465e-02 2.897079288960e-02 3.031129390001e-02 3.364212438464e-02 3.932533785701e-02 4.487046226859e-02 4.863485321403e-02 4.977589100599e-02 4.842305555940e-02 4.554739221931e-02 4.207860305905e-02 3.888423368335e-02 3.742837905884e-02 4.128678143024e-02 4.216441884637e-02 4.039692506194e-02 4.928296431899e-02 5.653956905007e-02 6.133394688368e-02 6.487671285868e-02 6.703752279282e-02 6.486970931292e-02 5.823747068644e-02 5.702648311853e-02 6.407680362463e-02 8.004279434681e-02 9.274338930845e-02 8.328318595886e-02 6.130189821124e-02 5.480037629604e-02 6.227847933769e-02
9.714895859361e-03 1.544184982777e-02 1.942630298436e-02 2.117352746427e-02 2.144656144083e-02 2.113973163068e-02 2.096177078784e-02 2.124665677547e-02 2.114930003881e-02 2.135828696191e-02 2.186442911625e-02 2.416444197297e-02 2.658011764288e-02 2.908640354872e-02 3.130452334881e-02 3.440330922604e-02 3.999721258879e-02 4.566677287221e-02 5.077307298779e-02 5.394286662340e-02 5.449648201466e-02 5.315927788615e-02 5.087288469076e-02 4.853818193078e-02 4.716974496841e-02 4.628970101476e-02 4.459876194596e-02 4.206336662173e-02 4.879233241081e-02 5.472460389137e-02 5.915845930576e-02 6.320347636938e-02 6.534396111965e-02 6.104256957769e-02 5.810513719916e-02 5.953590944409e-02 6.455668061972e-02 7.734063267708e-02 8.932553231716e-02 8.099568635225e-02 6.256813555956e-02 5.457758158445e-02 6.208743900061e-02
9.877658449113e-03 1.561911404133e-02 1.947370171547e-02 2.100306935608e-02 2.108992822468e-02 2.065964974463e-02 2.063719928265e-02 2.073952928185e-02 2.119638398290e-02 2.131201326847e-02 2.263997122645e-02 2.491656132042e-02 2.714286930859e-02 2.926342748106e-02 3.097921423614e-02 3.542501479387e-02 4.176332801580e-02 4.775990545750e-02 5.355881154537e-02 5.776951462030e-02 5.915135145187e-02 5.828271061182e-02 5.613225325942e-02 5.345327779651e-02 5.124842002988e-02 4.906176403165e-02 4.539617523551e-02 4.165989533067e-02 4.780175536871e-02 5.297065526247e-02 5.741002038121e-02 6.168812140822e-02 6.310746818781e-02 5.800306424499e-02 5.891882255673e-02 6.063857302070e-02 6.599996984005e-02 7.497959583998e-02 8.071528375149e-02 7.095550745726e-02 5.807128176093e-02 5.067403241992e-02 5.762484297156e-02
1.013307180256e-02 1.597381383181e-02 1.976866275072e-02 2.116913162172e-02 2.114630863070e-02 2.098993211985e-02 2.188160456717e-02 2.250422909856e-02 2.285922877491e-02 2.291651070118e-02 2.271715551615e-02 2.394893206656e-02 2.641020901501e-02 2.955018728971e-02 3.056576848030e-02 3.471584990621e-02 4.274369031191e-02 4.967172816396e-02 5.516391247511e-02 5.862313881516e-02 5.939671769738e-02 5.780704692006e-02 5.482446402311e-02 5.132393911481e-02 4.803939163685e-02 4.473056271672e-02 4.005267471075e-02 4.161801561713e-02 4.689619690180e-02 5.155541747808e-02 5.579724535346e-02 5.933332070708e-02 5.935283750296e-02 5.475315079093e-02 5.982318148017e-02 7.472484558821e-02 7.070995122194e-02 7.447046786547e-02 7.171559333801e-02 6.060377135873e-02 5.255870521069e-02 4.609382525086e-02 5.229059234262e-02
9.992687962949e-03 1.570113934577e-02 1.931677944958e-02 2.060932666063e-02 2.057724446058e-02 2.107240259647e-02 2.164861932397e-02 2.193119749427e-02 2.200640924275e-02 2.187790907919e-02 2.186726592481e-02 2.454584836960e-02 2.856706082821e-02 3.199501335621e-02 3.302019089460e-02 3.230460733175e-02 4.087199270725e-02 4.795613139868e-02 5.194908753037e-02 5.335355550051e-02 5.260958150029e-02 4.976056516171e-02 4.596723616123e-02 4.267720133066e-02 4.001005366445e-02 3.713997825980e-02 3.721557557583e-02 4.128142446280e-02 4.594813287258e-02 5.013711377978e-02 5.378945544362e-02 5.581229925156e-02 5.425744876266e-02 5.251089110970e-02 6.239273771644e-02 6.674785166979e-02 6.813952326775e-02 7.479643076658e-02 7.251439988613e-02 5.946096777916e-02 5.109510943294e-02 4.696464911103e-02 5.076642706990e-02
9.153432212770e-03 1.429030578583e-02 1.747640036047e-02 1.859910972416e-02 1.964305900037e-02 2.049864642322e-02 2.013072744012e-02 1.931859180331e-02 1.909534819424e-02 2.039769850671e-02 2.227734960616e-02 2.575973421335e-02 3.045407310128e-02 3.400583192706e-02 3.499869257212e-02 3.441579267383e-02 3.741972893476e-02 4.344267025590e-02 4.569319635630e-02 4.518919065595e-02 4.293987900019e-02 3.896537795663e-02 3.737822920084e-02 4.425821453333e-02 4.488243907690e-02 4.302552342415e-02 4.214774072170e-02 4.230464249849e-02 4.467843472958e-02 4.832311347127e-02 5.086655169725e-02 5.094540119171e-02 4.784528911114e-02 4.850371181965e-02 5.685494467616e-02 8.097904175520e-02 6.945931166410e-02 9.736731648445e-02 8.640624582767e-02 7.259064912796e-02 6.153458356857e-02 5.065893381834e-02 5.717103183270e-02
9.426293894649e-03 1.389542408288e-02 1.705328002572e-02 1.971008442342e-02 2.171816676855e-02 2.219337597489e-02 2.154923789203e-02 2.033452689648e-02 1.891879737377e-02 2.059218846262e-02 2.282717637718e-02 2.704992517829e-02 3.224422782660e-02 3.586173430085e-02 3.683909028769e-02 3.626345098019e-02 3.435305878520e-02 3.956200182438e-02 4.107907041907e-02 4.333746060729e-02 5.886073410511e-02 5.395901203156e-02 4.058939591050e-02 4.617125540972e-02 4.482460394502e-02 4.129229113460e-02 3.921202570200e-02 3.940845653415e-02 4.315052554011e-02 4.596109315753e-02 4.693711549044e-02 4.510145634413e-02 4.100741073489e-02 4.358106106520e-02 4.829641804099e-02 7.199843972921e-02 9.023905545473e-02 1.414118856192e-01 1.307972669601e-01 8.600725233555e-02 6.549434363842e-02 6.033777445555e-02 7.437746971846e-02
