100/SI/f152_max.grd
DSAA
101	101
32.816463539100	34.260883539100
35.556306596100	36.727886596100
9.383194847032e-04	1.537487792969e+02
[rows 0 to 18 of 101, columns 0 to 42 of 101]
1.422510594130e-01 2.542443275452e-01 2.252643853426e-01 1.347754448652e-01 1.130826473236e-01 1.475857496262e-01 2.940364778042e-01 4.098724126816e-01 3.665681481361e-01 2.188898473978e-01 1.384757310152e-01 1.591615974903e-01 1.689655482769e-01 1.631319969893e-01 1.398791521788e-01 2.130439579487e-01 3.201523721218e-01 3.705000877380e-01 2.639031410217e-01 1.716532409191e-01 1.953454017639e-01 2.090582996607e-01 1.543226838112e-01 1.383986473083e-01 1.468748152256e-01 2.008241862059e-01 2.934811413288e-01 3.351839184761e-01 4.362816810608e-01 3.476420044899e-01 2.670280337334e-01 2.509362697601e-01 2.177748829126e-01 1.728048920631e-01 1.404446065426e-01 1.359793543816e-01 1.250148266554e-01 1.694970726967e-01 2.379583716393e-01 2.729892432690e-01 2.286619246006e-01 1.939485520124e-01 1.847447752953e-01
2.632907032967e-01 4.968499839306e-01 4.872728586197e-01 3.402561545372e-01 2.402561008930e-01 2.853718400002e-01 5.658999681473e-01 7.825354933739e-01 6.923274397850e-01 4.034086763859e-01 2.377784401178e-01 2.719390392303e-01 2.871961891651e-01 2.734139859676e-01 2.384099364281e-01 3.168674409389e-01 5.044202804565e-01 6.601960062981e-01 5.959824323654e-01 3.551939725876e-01 3.563075959682e-01 5.459769964218e-01 2.871446609497e-01 2.574954926968e-01 3.029530644417e-01 3.924119174480e-01 4.920062422752e-01 5.616800189018e-01 8.296602368355e-01 6.458861827850e-01 4.340426027775e-01 3.933592736721e-01 3.667701780796e-01 2.969295680523e-01 3.193486332893e-01 3.338404595852e-01 3.356155753136e-01 3.770323395729e-01 4.743516445160e-01 4.774399697781e-01 3.532550036907e-01 3.498246073723e-01 3.821979165077e-01
2.575027048588e-01 5.285685062408e-01 5.924486517906e-01 5.074121952057e-01 3.260935842991e-01 3.294239044189e-01 6.548039913177e-01 8.896058797836e-01 7.622463703156e-01 4.177038371563e-01 3.002911508083e-01 3.385703861713e-01 3.498215675354e-01 3.236808776855e-01 2.665328383446e-01 2.564750611782e-01 3.312577605247e-01 4.948222935200e-01 5.657663345337e-01 4.598736166954e-01 5.628135204315e-01 8.440451622009e-01 3.695520758629e-01 3.188914060593e-01 4.029148817062e-01 4.877942800522e-01 5.063684582710e-01 5.097062587738e-01 9.669060707092e-01 7.243086099625e-01 4.205569624901e-01 3.606093227863e-01 5.019432902336e-01 2.670607268810e-01 3.005868196487e-01 3.451599180698e-01 4.327361881733e-01 5.483620166779e-01 5.734712481499e-01 4.751516878605e-01 4.856180250645e-01 3.244996368885e-01 4.284138381481e-01
2.286144196987e-01 5.032417774200e-01 5.995752811432e-01 6.128820180893e-01 4.926576614380e-01 3.372845947742e-01 6.843942403793e-01 9.101654291153e-01 7.365774512291e-01 3.586956262589e-01 3.323258757591e-01 3.668828308582e-01 3.653236627579e-01 3.250357806683e-01 2.584613859653e-01 2.618556320667e-01 2.498458772898e-01 2.873134016991e-01 3.739141523838e-01 4.254105687141e-01 9.440528750420e-01 1.074205756187e+00 4.136244952679e-01 3.501511514187e-01 4.444293379784e-01 5.096912980080e-01 4.875976145267e-01 4.650577306747e-01 9.685246944427e-01 7.041565775871e-01 3.566825985909e-01 2.899155616760e-01 5.785722732544e-01 3.075484037399e-01 3.367042541504e-01 4.762845337391e-01 5.893769860268e-01 6.142319440842e-01 5.199148058891e-01 6.015491485596e-01 5.863731503487e-01 3.598291575909e-01 3.927349746227e-01
2.235827744007e-01 4.813878238201e-01 5.699597597122e-01 6.300262808800e-01 6.029669046402e-01 4.261813759804e-01 6.983423829079e-01 9.092171788216e-01 6.904093623161e-01 3.041931986809e-01 3.564025163651e-01 3.794269859791e-01 3.672850728035e-01 3.655876815319e-01 3.356151878834e-01 2.833729982376e-01 2.760538160801e-01 2.726116180420e-01 3.855332434177e-01 7.814303636551e-01 1.312357425690e+00 1.180161952972e+00 4.438295960426e-01 4.989791810513e-01 4.446247220039e-01 4.979603290558e-01 4.466944038868e-01 4.628672599792e-01 9.167586565018e-01 6.633018851280e-01 4.214961230755e-01 3.296193182468e-01 6.168783307076e-01 3.772872984409e-01 5.295254588127e-01 6.339148283005e-01 6.408720612526e-01 5.409756898880e-01 3.724320232868e-01 6.174621582031e-01 7.166146039963e-01 4.808647036552e-01 3.111738860607e-01
2.085522711277e-01 4.198184907436e-01 5.074520111084e-01 5.548970699310e-01 6.157381534576e-01 5.126927495003e-01 6.977159976959e-01 8.798642158508e-01 6.221393942833e-01 3.377919197083e-01 3.784520924091e-01 4.155006110668e-01 4.428474903107e-01 4.285527169704e-01 3.855220973492e-01 3.137568235397e-01 2.538785934448e-01 2.883472442627e-01 6.139806509018e-01 1.114192128181e+00 1.526981711388e+00 1.165709376335e+00 4.998827874660e-01 7.598817944527e-01 4.672020375729e-01 4.668821990490e-01 4.000851809978e-01 5.024811625481e-01 8.200319409370e-01 6.628533005714e-01 4.259968101978e-01 3.594598472118e-01 7.154411077499e-01 5.651702880859e-01 6.708185672760e-01 6.631795763969e-01 5.504307746887e-01 3.806241154671e-01 4.190139174461e-01 5.817499756813e-01 8.777860999107e-01 5.586812496185e-01 3.028574585915e-01
2.627302408218e-01 4.666517376900e-01 4.308078289032e-01 4.265009462833e-01 5.314822196960e-01 5.149465203285e-01 6.866654157639e-01 8.408337235451e-01 5.582154989243e-01 3.724663257599e-01 4.179975688457e-01 4.756744503975e-01 4.819819927216e-01 4.481880664825e-01 3.814471364021e-01 3.599031865597e-01 3.413167297840e-01 4.251879155636e-01 8.288465142250e-01 1.331388592720e+00 1.581309199333e+00 1.064622759819e+00 6.617872118950e-01 9.632204174995e-01 6.769906282425e-01 4.250102341175e-01 3.915960788727e-01 9.327799081802e-01 1.308312535286e+00 8.444045186043e-01 4.725283682346e-01 4.014020562172e-01 7.857046127319e-01 6.626757383347e-01 6.626265645027e-01 5.502067804337e-01 3.835207521915e-01 4.199095666409e-01 6.086570024490e-01 7.684917449951e-01 9.015575647354e-01 6.605392098427e-01 3.020387291908e-01
2.665761113167e-01 5.332294702530e-01 5.509589910507e-01 3.987582325935e-01 3.808609247208e-01 4.310052394867e-01 6.770470738411e-01 8.219916224480e-01 5.198250412941e-01 4.025746881962e-01 4.719842076302e-01 5.037713646889e-01 4.871138036251e-01 4.297295510769e-01 4.023181498051e-01 4.558154344559e-01 5.080684423447e-01 5.613772869110e-01 1.016216993332e+00 1.444627881050e+00 1.552085042000e+00 9.568033814430e-01 7.180931568146e-01 1.059124708176e+00 8.234525918961e-01 5.245453119278e-01 3.767648637295e-01 1.418299078941e+00 1.834085702896e+00 9.900712370872e-01 5.164173841476e-01 4.834353923798e-01 7.760003209114e-01 6.083949804306e-01 5.640897154808e-01 4.002667665482e-01 4.019109010696e-01 5.989794731140e-01 7.914853096008e-01 8.743631243706e-01 7.928165793419e-01 8.275696635246e-01 3.487069606781e-01
2.305433899164e-01 5.040690898895e-01 6.268214583397e-01 5.705409049988e-01 3.790010213852e-01 3.726386427879e-01 6.696375608444e-01 8.147846460342e-01 5.003015995026e-01 4.497444331646e-01 5.004208087921e-01 5.052570104599e-01 4.624969661236e-01 3.971257209778e-01 4.189245104790e-01 4.846438467503e-01 6.573372483253e-01 6.738111972809e-01 1.121625304222e+00 1.422717452049e+00 1.408424973488e+00 8.302926421165e-01 7.325413227081e-01 1.012636184692e+00 8.883824348450e-01 6.057910323143e-01 4.755485355854e-01 1.830205321312e+00 2.141247987747e+00 1.090783953667e+00 5.662021040916e-01 4.608767032623e-01 7.872874140739e-01 5.255307555199e-01 6.193132400513e-01 6.206363439560e-01 6.004171967506e-01 8.054276704788e-01 9.266482591629e-01 8.760661482811e-01 6.435974836349e-01 1.027358651161e+00 4.094911813736e-01
2.336101084948e-01 4.185795783997e-01 5.908542275429e-01 6.693369150162e-01 5.709097981453e-01 3.773083984852e-01 6.712394952774e-01 8.134472966194e-01 4.888142049313e-01 4.758436083794e-01 5.017592906952e-01 4.803505837917e-01 5.234002470970e-01 5.698944926262e-01 5.958961844444e-01 6.040815711021e-01 7.135594487190e-01 7.803546190262e-01 1.154813885689e+00 1.319683194160e+00 1.220180869102e+00 7.075551152229e-01 6.616644263268e-01 8.849588036537e-01 8.580791354179e-01 6.225556135178e-01 5.142222046852e-01 2.077232360840e+00 2.274591684341e+00 1.130013942719e+00 4.964524507523e-01 3.996605277061e-01 8.532696962357e-01 5.216438770294e-01 6.341066360474e-01 6.458436250687e-01 8.348347544670e-01 9.615429639816e-01 9.408686757088e-01 7.536396980286e-01 5.387547612190e-01 1.116242408752e+00 5.654926896095e-01
2.345678210258e-01 4.700079262257e-01 4.870758652687e-01 6.401949524879e-01 7.006582617760e-01 5.634393095970e-01 6.652815341949e-01 8.004831075668e-01 4.727402329445e-01 4.806362688541e-01 5.267359018326e-01 6.165229678154e-01 6.834490299225e-01 7.204148769379e-01 7.373904585838e-01 7.436220645905e-01 7.355931401253e-01 9.673211574554e-01 1.356847167015e+00 1.438223242760e+00 1.208838343620e+00 8.934540152550e-01 6.271983981133e-01 7.547081708908e-01 7.739408612251e-01 5.544852018356e-01 5.960745215416e-01 2.191663265228e+00 2.327395677567e+00 1.106600403786e+00 4.768431484699e-01 4.504414796829e-01 8.359833359718e-01 5.544309020042e-01 7.365790009499e-01 8.936791419983e-01 9.969318509102e-01 9.779837727547e-01 8.112515211105e-01 6.261709928513e-01 6.101447939873e-01 1.072552323341e+00 7.356935143471e-01
1.984911412001e-01 4.181236028671e-01 5.006999373436e-01 5.322777032852e-01 6.916874051094e-01 7.292971611023e-01 6.451638936996e-01 7.714093923569e-01 4.691013395786e-01 5.679783225060e-01 6.608647108078e-01 7.364097237587e-01 7.879972457886e-01 8.172993063927e-01 8.269607424736e-01 8.249735236168e-01 8.160005807877e-01 1.287119507790e+00 1.760214090347e+00 1.829675436020e+00 1.576481103897e+00 1.234989285469e+00 9.033228158951e-01 6.404350996017e-01 8.999289274216e-01 8.625898957253e-01 7.298393249512e-01 2.102984189987e+00 2.058982372284e+00 1.006762742996e+00 6.162205934525e-01 7.295168042183e-01 7.874058485031e-01 8.850947022438e-01 1.003953576088e+00 1.049085855484e+00 1.006162762642e+00 8.691939115524e-01 8.319449424744e-01 9.640437364578e-01 7.257541418076e-01 9.168877601624e-01 8.814916610718e-01
1.708913445473e-01 3.250928223133e-01 4.164157509804e-01 4.929347038269e-01 5.846018195152e-01 7.412030696869e-01 7.450808286667e-01 7.297197580338e-01 5.824526548386e-01 6.771820187569e-01 7.448335886002e-01 7.877293825150e-01 8.131864070892e-01 8.270601630211e-01 8.276433348656e-01 8.228468298912e-01 8.223632574081e-01 1.416140675545e+00 1.914050817490e+00 1.954642653465e+00 1.689663648605e+00 1.375470757484e+00 1.074733138084e+00 7.856482863426e-01 1.210268497467e+00 1.170295119286e+00 9.867947101593e-01 1.830803513527e+00 1.615170478821e+00 8.559999465942e-01 1.078556299210e+00 1.217442512512e+00 1.212884187698e+00 1.173221230507e+00 1.141858696938e+00 1.107542872429e+00 1.074010252953e+00 1.018998026848e+00 9.320701956749e-01 1.305984616280e+00 8.122227191925e-01 6.971674561501e-01 1.135983109474e+00
2.116617709398e-01 4.115730226040e-01 4.048076868057e-01 3.788221776485e-01 4.644867181778e-01 6.356917023659e-01 7.930771708488e-01 7.569487690926e-01 6.480845212936e-01 7.201984524727e-01 7.560972571373e-01 7.673622369766e-01 7.613465189934e-01 7.435269951820e-01 7.235856056213e-01 7.192639708519e-01 7.369440793991e-01 1.299372076988e+00 1.721565485001e+00 1.779676914215e+00 1.597648978233e+00 1.354100346565e+00 1.117367744446e+00 8.825421929359e-01 1.195537328720e+00 1.235252499580e+00 1.091088652611e+00 1.497573733330e+00 1.177882075310e+00 9.376450777054e-01 1.266206741333e+00 1.432774782181e+00 1.367157340050e+00 1.233797669411e+00 1.109614014626e+00 1.043651461601e+00 9.855952262878e-01 9.182351231575e-01 8.393204808235e-01 1.380938649178e+00 1.265016317368e+00 7.201269268990e-01 1.290285468102e+00
2.730635106564e-01 5.461806654930e-01 5.487386584282e-01 5.384944677353e-01 5.206558108330e-01 4.945901036263e-01 6.951129436493e-01 8.474970459938e-01 7.496432662010e-01 7.042232155800e-01 7.130820155144e-01 6.972432136536e-01 6.656475663185e-01 6.236701011658e-01 5.870880484581e-01 5.938231945038e-01 6.002175807953e-01 1.025819659233e+00 1.322314977646e+00 1.394694566727e+00 1.304942965508e+00 1.171630859375e+00 1.033720850945e+00 8.858382701874e-01 9.363710880280e-01 1.021468281746e+00 9.981441497803e-01 1.521953940392e+00 8.630398511887e-01 9.529664516449e-01 1.235060930252e+00 1.372383236885e+00 1.314112067223e+00 1.086858987808e+00 8.027576208115e-01 8.303951621056e-01 7.083172202110e-01 7.496077418327e-01 7.300536036491e-01 1.138319969177e+00 1.687439560890e+00 7.300826311111e-01 1.297275900841e+00
2.770448029041e-01 5.629858970642e-01 5.831574201584e-01 6.111720800400e-01 6.324160695076e-01 6.380931735039e-01 6.349750757217e-01 7.612376809120e-01 8.857885599136e-01 7.110435366631e-01 6.400431394577e-01 6.064789891243e-01 5.633655786514e-01 5.303350687027e-01 5.709508061409e-01 6.071216464043e-01 6.468169093132e-01 8.441551327705e-01 9.252547621727e-01 9.923375248909e-01 9.718453884125e-01 9.014864563942e-01 8.415628671646e-01 7.975940108299e-01 7.633687853813e-01 7.490504384041e-01 9.924322366714e-01 1.610513806343e+00 1.099798321724e+00 1.076143026352e+00 1.278872847557e+00 1.298930525780e+00 1.089237332344e+00 1.089436411858e+00 5.883890390396e-01 9.857500195503e-01 9.400260448456e-01 8.708323240280e-01 7.471839189529e-01 7.971696257591e-01 1.914660334587e+00 1.041394352913e+00 1.149547815323e+00
3.001443743706e-01 5.180933475494e-01 5.166417956352e-01 5.396364331245e-01 5.839372873306e-01 6.423383355141e-01 6.808224916458e-01 7.016387581825e-01 8.148145675659e-01 8.625190854073e-01 7.388157844543e-01 7.121824026108e-01 7.195794582367e-01 6.523791551590e-01 5.887053608894e-01 6.660454273224e-01 7.357242703438e-01 8.683303594589e-01 8.764385581017e-01 7.335125207901e-01 6.631475090981e-01 7.793101072311e-01 9.759426712990e-01 1.014754891396e+00 9.171402454376e-01 7.389993667603e-01 1.098478198051e+00 1.638385176659e+00 1.104783058167e+00 1.161174535751e+00 1.222067952156e+00 1.255415797234e+00 1.349141836166e+00 1.211815118790e+00 7.401419281960e-01 1.109596967697e+00 1.045556783676e+00 8.649742007256e-01 6.512543559074e-01 7.778104543686e-01 1.836425304413e+00 1.598836541176e+00 8.985103368759e-01
3.424730598927e-01 6.308147907257e-01 6.792671680450e-01 5.859340429306e-01 5.421401858330e-01 5.859430432320e-01 5.980029702187e-01 5.899271965027e-01 6.379685997963e-01 7.938284873962e-01 8.648721575737e-01 8.916683793068e-01 8.947458863258e-01 8.228189349174e-01 8.067327737808e-01 7.790482640266e-01 7.321449518204e-01 8.692135214806e-01 9.122101664543e-01 8.115770220757e-01 6.697492599487e-01 6.162254810333e-01 6.812330484390e-01 7.605807781219e-01 7.806820869446e-01 7.836478948593e-01 9.611750841141e-01 1.572614192963e+00 1.124972820282e+00 9.846808910370e-01 1.128381013870e+00 1.299566388130e+00 1.451738238335e+00 1.238386869431e+00 8.515174388885e-01 1.226013183594e+00 1.001796483994e+00 7.775548696518e-01 5.862587094307e-01 7.095729112625e-01 1.476551532745e+00 2.164535045624e+00 9.947107434273e-01
3.359567224979e-01 6.587654948235e-01 7.830630540848e-01 7.375877499580e-01 5.584440827370e-01 4.345543086529e-01 5.280385613441e-01 5.990709066391e-01 6.432324647903e-01 6.493316292763e-01 8.556618094444e-01 9.512062072754e-01 9.086133837700e-01 9.117380976677e-01 9.225807785988e-01 9.107050299644e-01 8.064711093903e-01 8.609633445740e-01 9.415972828865e-01 8.679113388062e-01 6.655360460281e-01 7.969583272934e-01 7.741012573242e-01 7.960999011993e-01 7.029304504395e-01 6.861507296562e-01 7.212622761726e-01 1.455023169518e+00 1.330152869225e+00 1.052806138992e+00 1.018795847893e+00 1.098858237267e+00 1.360799193382e+00 1.215111970901e+00 9.843201041222e-01 1.184310674667e+00 8.733041286469e-01 6.977524161339e-01 6.587145924568e-01 6.451642513275e-01 1.010543227196e+00 2.531768321991e+00 1.045901417732e+00
