100/SI/f153_max.grd
DSAA
101	101
32.816463539100	34.260883539100
35.556306596100	36.727886596100
1.392357982695e-03	2.280917358398e+02
[rows 0 to 18 of 101, columns 0 to 42 of 101]
2.110774666071e-01 3.772560954094e-01 3.342521786690e-01 1.999800354242e-01 1.677768826485e-01 2.189935445786e-01 4.363032281399e-01 6.081869602203e-01 5.439335703850e-01 3.248042464256e-01 2.054841369390e-01 2.361794561148e-01 2.507269978523e-01 2.420702576637e-01 2.075652629137e-01 3.161230683327e-01 4.750516116619e-01 5.497549772263e-01 3.915811181068e-01 2.547299861908e-01 2.898636460304e-01 3.102076947689e-01 2.290152162313e-01 2.053851038218e-01 2.179433852434e-01 2.979992330074e-01 4.354703724384e-01 4.973493814468e-01 6.473367810249e-01 5.158149003983e-01 3.962473869324e-01 3.723703324795e-01 3.231630325317e-01 2.564319670200e-01 2.083972096443e-01 2.017704397440e-01 1.854999512434e-01 2.515082657337e-01 3.530957698822e-01 4.050776660442e-01 3.393030464649e-01 2.877757549286e-01 2.741168439388e-01
3.906801044941e-01 7.372416853905e-01 7.230262160301e-01 5.048745870590e-01 3.564841151237e-01 4.234451949596e-01 8.397034406662e-01 1.161158561707e+00 1.027310729027e+00 5.986054539680e-01 3.528383374214e-01 4.035285413265e-01 4.261677861214e-01 4.057160019875e-01 3.537599742413e-01 4.701794385910e-01 7.484729290009e-01 9.796105623245e-01 8.843231797218e-01 5.270352959633e-01 5.287061929703e-01 8.101410269737e-01 4.260707795620e-01 3.820525705814e-01 4.495433270931e-01 5.822923183441e-01 7.300426363945e-01 8.334248065948e-01 1.231013774872e+00 9.583348631859e-01 6.440823078156e-01 5.837144851685e-01 5.441710948944e-01 4.405983686447e-01 4.738632142544e-01 4.953646659851e-01 4.979962408543e-01 5.594589710236e-01 7.038682699203e-01 7.084531188011e-01 5.241817235947e-01 5.190604329109e-01 5.670900344849e-01
3.820902705193e-01 7.843044400215e-01 8.790871500969e-01 7.529029250145e-01 4.838555157185e-01 4.888093471527e-01 9.716187715530e-01 1.320029020309e+00 1.131056427956e+00 6.198157668114e-01 4.455988407135e-01 5.024007558823e-01 5.190957188606e-01 4.803054928780e-01 3.955039680004e-01 3.805639147758e-01 4.915274977684e-01 7.342243790627e-01 8.394874334335e-01 6.823596358299e-01 8.351197838783e-01 1.252428412437e+00 5.483508110046e-01 4.731460213661e-01 5.978733897209e-01 7.238274812698e-01 7.513930201530e-01 7.563032507896e-01 1.434650301933e+00 1.074693679810e+00 6.240696310997e-01 5.351151227951e-01 7.447265982628e-01 3.962306976318e-01 4.460244774818e-01 5.121625065804e-01 6.421122550964e-01 8.136854171753e-01 8.509464263916e-01 7.050572037697e-01 7.205970287323e-01 4.814843237400e-01 6.356641054153e-01
3.392340540886e-01 7.467510104179e-01 8.896596431732e-01 9.093995094299e-01 7.310045361519e-01 5.004704594612e-01 1.015520215034e+00 1.350528359413e+00 1.092960953712e+00 5.322522521019e-01 4.931320250034e-01 5.444107055664e-01 5.420970916748e-01 4.823144376278e-01 3.835255205631e-01 3.885475993156e-01 3.707256913185e-01 4.263179302216e-01 5.548146367073e-01 6.312267780304e-01 1.400815367699e+00 1.593952178955e+00 6.137105822563e-01 5.195257663727e-01 6.594743728638e-01 7.563182115555e-01 7.235374450684e-01 6.900324225426e-01 1.437047243118e+00 1.044790387154e+00 5.292252302170e-01 4.301499724388e-01 8.584199547768e-01 4.563009738922e-01 4.996117055416e-01 7.067273259163e-01 8.745409846306e-01 9.114251136780e-01 7.714759707451e-01 8.925872445107e-01 8.701041936874e-01 5.339205265045e-01 5.827255845070e-01
3.317667543888e-01 7.143202424049e-01 8.457546234131e-01 9.348365664482e-01 8.946812152863e-01 6.323630213737e-01 1.036210775375e+00 1.349112272263e+00 1.024446845055e+00 4.513829946518e-01 5.288555026054e-01 5.630217790604e-01 5.449633002281e-01 5.424424409866e-01 4.979668855667e-01 4.204482138157e-01 4.096136689186e-01 4.045465290546e-01 5.720467567444e-01 1.159495353699e+00 1.947319269180e+00 1.751176118851e+00 6.585249900818e-01 7.403759956360e-01 6.597625613213e-01 7.389084696770e-01 6.628395915031e-01 6.867785453796e-01 1.360234618187e+00 9.841688275337e-01 6.253909468651e-01 4.890589416027e-01 9.152536392212e-01 5.598275661469e-01 7.857239842415e-01 9.406228065491e-01 9.509497880936e-01 8.027232289314e-01 5.526332855225e-01 9.161994457245e-01 1.063317537308e+00 7.135155200958e-01 4.617261290550e-01
3.094513416290e-01 6.229547262192e-01 7.529943585396e-01 8.233573436737e-01 9.136299490929e-01 7.607278823853e-01 1.035274028778e+00 1.305547118187e+00 9.231374263763e-01 5.012358427048e-01 5.615708231926e-01 6.165099740028e-01 6.570848822594e-01 6.358709931374e-01 5.720189809799e-01 4.655312001705e-01 3.767096996307e-01 4.278534352779e-01 9.110211133957e-01 1.653260111809e+00 2.265790462494e+00 1.729731440544e+00 7.418084740639e-01 1.127499938011e+00 6.932225227356e-01 6.927897930145e-01 5.936742424965e-01 7.454568743706e-01 1.216713070869e+00 9.834809303284e-01 6.320691108704e-01 5.334547758102e-01 1.061490774155e+00 8.386109471321e-01 9.953764677048e-01 9.840449690819e-01 8.167484998703e-01 5.647861957550e-01 6.217334270477e-01 8.632054924965e-01 1.302464485168e+00 8.289805650711e-01 4.493856728077e-01
3.898417055607e-01 6.924201250076e-01 6.392579674721e-01 6.328642964363e-01 7.886098027229e-01 7.640711665154e-01 1.018869280815e+00 1.247622251511e+00 8.282780647278e-01 5.526847243309e-01 6.202205419540e-01 7.057999968529e-01 7.151556015015e-01 6.650080084801e-01 5.659735202789e-01 5.340014100075e-01 5.064189434052e-01 6.308866739273e-01 1.229851603508e+00 1.975551962852e+00 2.346405506134e+00 1.579733490944e+00 9.820645451546e-01 1.429212212563e+00 1.004502534866e+00 6.306545138359e-01 5.811307430267e-01 1.383919596672e+00 1.941094398499e+00 1.252845644951e+00 7.011100053787e-01 5.955642461777e-01 1.165739893913e+00 9.832895994186e-01 9.832190275192e-01 8.164111375809e-01 5.690806508064e-01 6.230595707893e-01 9.031265974045e-01 1.140294432640e+00 1.337735772133e+00 9.801471829414e-01 4.481213092804e-01
3.955479860306e-01 7.912083864212e-01 8.175109028816e-01 5.916712284088e-01 5.651330947876e-01 6.395189762115e-01 1.004589796066e+00 1.219654083252e+00 7.713074088097e-01 5.973579883575e-01 7.003312110901e-01 7.474945187569e-01 7.227734923363e-01 6.376213431358e-01 5.969378352165e-01 6.763123273849e-01 7.538385391235e-01 8.329716324806e-01 1.507889866829e+00 2.143587589264e+00 2.303039550781e+00 1.419743776321e+00 1.065613746643e+00 1.571515798569e+00 1.221821069717e+00 7.783011794090e-01 5.590258836746e-01 2.104320764542e+00 2.721214532852e+00 1.468964934349e+00 7.662293910980e-01 7.173264622688e-01 1.151341438293e+00 9.027451276779e-01 8.369377255440e-01 5.938725471497e-01 5.963487625122e-01 8.887618184090e-01 1.174406528473e+00 1.297385454178e+00 1.176383614540e+00 1.227943420410e+00 5.173889994621e-01
3.420813381672e-01 7.479386329651e-01 9.300745725632e-01 8.465601801872e-01 5.623511075974e-01 5.529317259789e-01 9.935886859894e-01 1.208951830864e+00 7.423331737518e-01 6.673372387886e-01 7.425296306610e-01 7.497015595436e-01 6.862486004829e-01 5.892129540443e-01 6.215520501137e-01 7.190861701965e-01 9.753183126450e-01 9.998164176941e-01 1.664314746857e+00 2.111082077026e+00 2.089869499207e+00 1.232016682625e+00 1.087047696114e+00 1.502539396286e+00 1.318165183067e+00 8.988519310951e-01 7.055968642235e-01 2.715498209000e+00 3.176976203918e+00 1.618384003639e+00 8.400405645370e-01 6.838527321815e-01 1.168087840080e+00 7.797299027443e-01 9.188728332520e-01 9.208682179451e-01 8.908892273903e-01 1.195087313652e+00 1.374959230423e+00 1.299909472466e+00 9.549742341042e-01 1.524388194084e+00 6.075806617737e-01
3.466194272041e-01 6.210871934891e-01 8.767043948174e-01 9.931513071060e-01 8.471007347107e-01 5.597457885742e-01 9.959599971771e-01 1.206960558891e+00 7.252835631371e-01 7.060671448708e-01 7.445182204247e-01 7.127461433411e-01 7.765925526619e-01 8.455735445023e-01 8.841464519501e-01 8.962834477425e-01 1.058740019798e+00 1.157930135727e+00 1.713579773903e+00 1.958202242851e+00 1.810543894768e+00 1.049887418747e+00 9.818667173386e-01 1.313096642494e+00 1.273205637932e+00 9.237284064293e-01 7.629796266556e-01 3.082040309906e+00 3.374835729599e+00 1.676581621170e+00 7.365556359291e-01 5.930818915367e-01 1.265985369682e+00 7.739630341530e-01 9.408217668533e-01 9.582855701447e-01 1.238713502884e+00 1.426727652550e+00 1.396056413651e+00 1.118250250816e+00 7.993310689926e-01 1.656271815300e+00 8.391025662422e-01
3.480389118195e-01 6.973718404770e-01 7.227166295052e-01 9.499084949493e-01 1.039617180824e+00 8.360089063644e-01 9.871148467064e-01 1.187718629837e+00 7.014291286469e-01 7.131801843643e-01 7.815559506416e-01 9.147822856903e-01 1.014082789421e+00 1.068923473358e+00 1.094099998474e+00 1.103334546089e+00 1.091410279274e+00 1.435314059258e+00 2.013303279877e+00 2.134057998657e+00 1.793699145317e+00 1.325730085373e+00 9.306578040123e-01 1.119835138321e+00 1.148368000984e+00 8.227306604385e-01 8.844066858292e-01 3.251844644547e+00 3.453195810318e+00 1.641836524010e+00 7.075121402740e-01 6.684318780899e-01 1.240337729454e+00 8.226365447044e-01 1.092908501625e+00 1.326016545296e+00 1.479227662086e+00 1.451119184494e+00 1.203728437424e+00 9.290944337845e-01 9.053202867508e-01 1.591442823410e+00 1.091655373573e+00
2.945088446140e-01 6.203858256340e-01 7.429071068764e-01 7.897805571556e-01 1.026304125786e+00 1.082102060318e+00 9.572609066963e-01 1.144575476646e+00 6.960384845734e-01 8.427577614784e-01 9.805850386620e-01 1.092677354813e+00 1.169217586517e+00 1.212686538696e+00 1.227008938789e+00 1.224045038223e+00 1.210716366768e+00 1.909843802452e+00 2.611834526062e+00 2.714911699295e+00 2.339223623276e+00 1.832512974739e+00 1.340378522873e+00 9.502798914909e-01 1.335376143456e+00 1.279977560043e+00 1.082896351814e+00 3.120281934738e+00 3.054953336716e+00 1.493705034256e+00 9.143508076668e-01 1.082465410233e+00 1.168371200562e+00 1.313260912895e+00 1.489627599716e+00 1.556601762772e+00 1.492920756340e+00 1.289777517319e+00 1.234382510185e+00 1.430372357368e+00 1.076858043671e+00 1.360466957092e+00 1.307940602303e+00
2.535594105721e-01 4.823552966118e-01 6.178485751152e-01 7.313817739487e-01 8.674111366272e-01 1.099765300751e+00 1.105512738228e+00 1.082714200020e+00 8.642368316650e-01 1.004801154137e+00 1.105182886124e+00 1.168828010559e+00 1.206594944000e+00 1.227171659470e+00 1.228024125099e+00 1.220890998840e+00 1.220155954361e+00 2.101295948029e+00 2.840109825134e+00 2.900348186493e+00 2.507170438766e+00 2.040963888168e+00 1.594719648361e+00 1.165764093399e+00 1.795879364014e+00 1.736570477486e+00 1.464287519455e+00 2.716443300247e+00 2.396459102631e+00 1.270019769669e+00 1.600363373756e+00 1.806450128555e+00 1.799699187279e+00 1.740862488747e+00 1.694242835045e+00 1.643436074257e+00 1.593688726425e+00 1.512065052986e+00 1.383080244064e+00 1.937725543976e+00 1.205088734627e+00 1.034446597099e+00 1.685548782349e+00
3.140445351601e-01 6.106773018837e-01 6.006382107735e-01 5.620666146278e-01 6.891689896584e-01 9.432092308998e-01 1.176725029945e+00 1.123113751411e+00 9.616254568100e-01 1.068630576134e+00 1.121894836426e+00 1.138604283333e+00 1.129671096802e+00 1.103221416473e+00 1.073620915413e+00 1.067194938660e+00 1.093412756920e+00 1.928039073944e+00 2.554504632950e+00 2.640736341476e+00 2.370638847351e+00 2.009251117706e+00 1.657975435257e+00 1.309528350830e+00 1.774019241333e+00 1.832955121994e+00 1.619039416313e+00 2.222017765045e+00 1.747642159462e+00 1.391274452209e+00 1.878796100616e+00 2.125956296921e+00 2.028604984283e+00 1.830643773079e+00 1.646491527557e+00 1.548627138138e+00 1.462489843369e+00 1.362543582916e+00 1.245449542999e+00 2.048938035965e+00 1.876916170120e+00 1.068502068520e+00 1.914497613907e+00
4.051504433155e-01 8.103790283203e-01 8.141716122627e-01 7.989701628685e-01 7.725005745888e-01 7.338241338730e-01 1.031367897987e+00 1.257460951805e+00 1.112266182899e+00 1.044924139977e+00 1.058063626289e+00 1.034554600716e+00 9.876643419266e-01 9.253687262535e-01 8.710787296295e-01 8.810819387436e-01 8.905395865440e-01 1.522140741348e+00 1.962092041969e+00 2.069493055344e+00 1.936315059662e+00 1.738495230675e+00 1.533850073814e+00 1.314409017563e+00 1.389450311661e+00 1.515724420547e+00 1.481116533279e+00 2.258107423782e+00 1.280503392220e+00 1.413931846619e+00 1.832485675812e+00 2.036242485046e+00 1.949793338776e+00 1.612618923187e+00 1.191161513329e+00 1.232011914253e+00 1.050937294960e+00 1.112204670906e+00 1.083196043968e+00 1.688953638077e+00 2.503679752350e+00 1.083268761635e+00 1.924867868423e+00
4.110598862171e-01 8.353183269501e-01 8.652449846268e-01 9.068083763123e-01 9.383262991905e-01 9.467476606369e-01 9.421439766884e-01 1.129471659660e+00 1.314265966415e+00 1.054987430573e+00 9.496832489967e-01 8.998708724976e-01 8.358890414238e-01 7.868817448616e-01 8.471433520317e-01 9.008114337921e-01 9.597081542015e-01 1.252486944199e+00 1.372923970222e+00 1.472463488579e+00 1.442053675652e+00 1.337644815445e+00 1.248716592789e+00 1.183463573456e+00 1.132673978806e+00 1.111428737640e+00 1.472488403320e+00 2.389486789703e+00 1.631793618202e+00 1.596692800522e+00 1.897486090660e+00 1.927251458168e+00 1.616204500198e+00 1.616483807564e+00 8.730654716492e-01 1.462502837181e+00 1.394728660583e+00 1.292068481445e+00 1.108612537384e+00 1.182775259018e+00 2.840812683105e+00 1.545086503029e+00 1.705669879913e+00
4.453471601009e-01 7.687305212021e-01 7.665404677391e-01 8.006531596184e-01 8.664016723633e-01 9.530497193336e-01 1.010147809982e+00 1.041048884392e+00 1.208956956863e+00 1.279731750488e+00 1.096184611320e+00 1.056710362434e+00 1.067688703537e+00 9.679784178734e-01 8.734821677208e-01 9.882857203484e-01 1.091671824455e+00 1.288349509239e+00 1.300380706787e+00 1.088518381119e+00 9.839966893196e-01 1.156262397766e+00 1.448013663292e+00 1.505599617958e+00 1.360765457153e+00 1.096470236778e+00 1.629837512970e+00 2.430812358856e+00 1.639193058014e+00 1.722857356071e+00 1.813203573227e+00 1.862693667412e+00 2.001790285110e+00 1.798057913780e+00 1.098151922226e+00 1.646246671677e+00 1.551304459572e+00 1.283373951912e+00 9.662762880325e-01 1.154049515724e+00 2.724730014801e+00 2.372177839279e+00 1.333179593086e+00
5.081526637077e-01 9.359818696976e-01 1.007865428925e+00 8.693736195564e-01 8.043666481972e-01 8.693582415581e-01 8.872534632683e-01 8.752843737602e-01 9.465624094009e-01 1.177811384201e+00 1.283224701881e+00 1.322979688644e+00 1.327553510666e+00 1.220831394196e+00 1.196948647499e+00 1.155872464180e+00 1.086282730103e+00 1.289652466774e+00 1.353447794914e+00 1.204158186913e+00 9.937080144882e-01 9.142945408821e-01 1.010736346245e+00 1.128468155861e+00 1.158294081688e+00 1.162723779678e+00 1.426126718521e+00 2.333201646805e+00 1.669044256210e+00 1.460996031761e+00 1.674203276634e+00 1.928199887276e+00 2.154006481171e+00 1.837468743324e+00 1.263398885727e+00 1.818964838982e+00 1.486371755600e+00 1.153662323952e+00 8.698078393936e-01 1.052802324295e+00 2.190774202347e+00 3.211514949799e+00 1.475932955742e+00
4.984829425812e-01 9.774525165558e-01 1.161871790886e+00 1.094388008118e+00 8.285788893700e-01 6.447324156761e-01 7.834400534630e-01 8.888357281685e-01 9.543652534485e-01 9.634166955948e-01 1.269567966461e+00 1.411328077316e+00 1.348180770874e+00 1.352821588516e+00 1.368842363358e+00 1.351219534874e+00 1.196562767029e+00 1.277403712273e+00 1.397041082382e+00 1.287745833397e+00 9.874343872070e-01 1.182443857193e+00 1.148678183556e+00 1.181309938431e+00 1.043045043945e+00 1.018074870110e+00 1.070170044899e+00 2.158719062805e+00 1.973444223404e+00 1.562150955200e+00 1.511659383774e+00 1.630408406258e+00 2.019071102142e+00 1.802915215492e+00 1.460506796837e+00 1.757091879845e+00 1.295719385147e+00 1.035250902176e+00 9.773055315018e-01 9.572908878326e-01 1.499348521233e+00 3.756381750107e+00 1.551897406578e+00
