100/SI/f153_max.grd
DSAA
101	101
32.816463539100	34.260883539100
35.556306596100	36.727886596100
1.392357982695e-03	2.280917358398e+02
[rows 19 to 37 of 101, columns 0 to 42 of 101]
4.374781548977e-01 8.918414115906e-01 1.140372872353e+00 1.161771178246e+00 9.581114053726e-01 7.600581645966e-01 5.193894505501e-01 5.892188549042e-01 7.138323783875e-01 8.578018546104e-01 1.124600172043e+00 1.343353748322e+00 1.310346841812e+00 1.420761227608e+00 1.431436061859e+00 1.388140678406e+00 1.320191264153e+00 1.263541936874e+00 1.464234828949e+00 1.318628191948e+00 1.364237785339e+00 1.471752643585e+00 1.567951321602e+00 1.501942634583e+00 1.339748024940e+00 1.132721185684e+00 1.172398328781e+00 1.873064756393e+00 2.234293699265e+00 1.684091448784e+00 1.548846483231e+00 1.421337485313e+00 1.505756855011e+00 1.505344986916e+00 1.506707310677e+00 1.456158876419e+00 1.163882255554e+00 1.016937375069e+00 1.090708732605e+00 1.046821713448e+00 1.515222311020e+00 3.746612548828e+00 1.742327213287e+00
3.421306908131e-01 7.188633680344e-01 9.692775607109e-01 1.060207962990e+00 9.425740838051e-01 9.074195623398e-01 8.315027356148e-01 5.915769338608e-01 7.890666127205e-01 9.217044115067e-01 9.800794720650e-01 1.229175567627e+00 1.091729640961e+00 1.272961378098e+00 1.375833153725e+00 1.419587373734e+00 1.416680932045e+00 1.352374076843e+00 1.704637765884e+00 1.365983009338e+00 1.604670763016e+00 1.916910529137e+00 2.065069675446e+00 2.006397724152e+00 1.884158134460e+00 1.457521915436e+00 1.553306102753e+00 1.515939712524e+00 2.347895860672e+00 1.710890769958e+00 1.462520241737e+00 1.376539468765e+00 1.340780496597e+00 1.351421117783e+00 1.279786109924e+00 1.656761884689e+00 1.106128573418e+00 1.163482785225e+00 1.193208575249e+00 1.220992326736e+00 1.877211213112e+00 3.171414613724e+00 2.595945358276e+00
2.642395198345e-01 5.324959754944e-01 7.325680851936e-01 8.430878520012e-01 7.955924272537e-01 6.935661435127e-01 8.564431667328e-01 8.466047048569e-01 9.698605537415e-01 1.157012343407e+00 1.334681153297e+00 1.759109258652e+00 2.110462903976e+00 1.931241035461e+00 1.313505887985e+00 1.270750641823e+00 1.342616677284e+00 1.400480270386e+00 2.483545541763e+00 1.996658086777e+00 1.501708745956e+00 2.331946134567e+00 2.471183776855e+00 2.699589729309e+00 2.224822044373e+00 1.970184564590e+00 1.940980076790e+00 1.200378060341e+00 2.208904981613e+00 1.578084945679e+00 1.212557315826e+00 1.259214639664e+00 1.487231254578e+00 1.228745102882e+00 1.345371365547e+00 1.753076195717e+00 1.395672559738e+00 1.234296083450e+00 1.288861513138e+00 1.383717179298e+00 2.189210414886e+00 2.271342039108e+00 3.445460081100e+00
3.556977510452e-01 6.390222907066e-01 6.189466118813e-01 6.482490301132e-01 7.558149099350e-01 9.565052986145e-01 1.117033720016e+00 1.337217926979e+00 1.624379873276e+00 2.041952133179e+00 2.600796461105e+00 3.263093948364e+00 3.667551279068e+00 3.186930179596e+00 2.001443386078e+00 1.226542830467e+00 1.692879915237e+00 2.378090620041e+00 3.008015155792e+00 2.445115327835e+00 1.928312420845e+00 2.532343387604e+00 2.694676160812e+00 3.032091617584e+00 2.212698698044e+00 2.243618249893e+00 2.305167198181e+00 1.446995496750e+00 1.803440332413e+00 1.307372808456e+00 1.239046812057e+00 1.227112054825e+00 1.542229413986e+00 1.573236942291e+00 1.564529418945e+00 1.487866282463e+00 1.963464498520e+00 1.370565772057e+00 1.383929133415e+00 1.519860029221e+00 2.440584897995e+00 2.115774631500e+00 4.000877380371e+00
3.452857136726e-01 7.120396494865e-01 7.728827595711e-01 7.406112551689e-01 9.475121498108e-01 1.286924600601e+00 1.410519599915e+00 1.491755127907e+00 1.653094172478e+00 1.913618564606e+00 2.311360359192e+00 2.637182950974e+00 2.701756000519e+00 2.311813831329e+00 1.693653702736e+00 1.509078264236e+00 1.646578073502e+00 2.218981504440e+00 2.956580162048e+00 1.876336336136e+00 1.806516051292e+00 2.553806066513e+00 2.691310405731e+00 2.907609939575e+00 2.318921089172e+00 2.236269950867e+00 2.598326206207e+00 2.215587139130e+00 2.237098455429e+00 1.906331062317e+00 1.647678852081e+00 2.428149938583e+00 2.269220829010e+00 1.698273062706e+00 1.653691768646e+00 1.650221109390e+00 2.177132368088e+00 1.596387982368e+00 1.512588024139e+00 1.605090618134e+00 2.581641674042e+00 2.145152807236e+00 4.086567401886e+00
6.862702369690e-01 1.185280203819e+00 7.718877196312e-01 7.731192708015e-01 8.714625835419e-01 1.120000720024e+00 1.267955541611e+00 1.254880070686e+00 1.247805953026e+00 1.298821687698e+00 1.373342037201e+00 1.455003857613e+00 1.386773586273e+00 1.527916908264e+00 1.546708226204e+00 1.385255336761e+00 1.381826281548e+00 2.544502258301e+00 2.910957574844e+00 1.545472979546e+00 1.560799598694e+00 2.364632129669e+00 2.554020881653e+00 2.477585315704e+00 2.265952587128e+00 2.045979261398e+00 2.797029733658e+00 2.450215339661e+00 2.045844793320e+00 1.980387091637e+00 1.940948009491e+00 3.126517772675e+00 4.655493736267e+00 4.432448387146e+00 4.011781215668e+00 3.828252792358e+00 3.978488445282e+00 2.453991413116e+00 2.080955982208e+00 1.718477129936e+00 2.641714572906e+00 2.072040081024e+00 3.617316007614e+00
1.272418498993e+00 2.696349382401e+00 2.777908563614e+00 2.437053680420e+00 1.522940874100e+00 8.775575160980e-01 8.496400713921e-01 8.910114169121e-01 9.673498272896e-01 1.250473141670e+00 1.499222278595e+00 1.675834774971e+00 1.730156064034e+00 1.658736944199e+00 1.515437006950e+00 1.569394826889e+00 1.651656150818e+00 2.479087829590e+00 2.443736314774e+00 1.437953948975e+00 1.557007551193e+00 1.929066896439e+00 2.208285808563e+00 2.055900335312e+00 2.328041553497e+00 2.245155572891e+00 2.901880264282e+00 3.086987972260e+00 3.283605575562e+00 2.940004348755e+00 2.217591285706e+00 1.858598232269e+00 3.769804716110e+00 4.118351936340e+00 4.540332317352e+00 5.492657184601e+00 6.866808891296e+00 4.188634872437e+00 3.072332143784e+00 2.608900070190e+00 2.594866037369e+00 1.933156490326e+00 2.707830429077e+00
1.359515190125e+00 2.931018114090e+00 3.382998704910e+00 3.994273900986e+00 4.375005245209e+00 3.797292232513e+00 2.129213571548e+00 1.163782835007e+00 1.587340354919e+00 1.853694319725e+00 1.904122114182e+00 1.801105856895e+00 1.685944914818e+00 2.271393299103e+00 2.503386020660e+00 2.486171007156e+00 2.448117256165e+00 2.381889104843e+00 2.352897405624e+00 2.272620916367e+00 2.221353292465e+00 2.221296072006e+00 2.154787778854e+00 2.695812702179e+00 3.246600389481e+00 2.808624029160e+00 3.175885677338e+00 4.079047679901e+00 4.124914169312e+00 3.664741039276e+00 2.736583232880e+00 2.003049135208e+00 2.209692001343e+00 3.477172613144e+00 5.183648586273e+00 4.564273357391e+00 4.644130706787e+00 3.515783309937e+00 3.745388269424e+00 3.814698219299e+00 3.103710889816e+00 1.997695326805e+00 2.407474279404e+00
8.729869723320e-01 1.926346302032e+00 2.240267276764e+00 2.750226020813e+00 3.579635381699e+00 4.708910465240e+00 5.323530673981e+00 4.141678810120e+00 2.163607120514e+00 2.004160881042e+00 1.784285426140e+00 2.301647901535e+00 2.715010881424e+00 2.828429937363e+00 2.688561916351e+00 2.687187433243e+00 2.660148382187e+00 2.580522775650e+00 2.703208923340e+00 2.727897167206e+00 2.803685426712e+00 3.046396493912e+00 2.880223035812e+00 2.652075529099e+00 2.559547185898e+00 3.303510904312e+00 3.166047811508e+00 3.913246631622e+00 4.304320335388e+00 3.863940954208e+00 2.887803554535e+00 3.129971027374e+00 4.038923740387e+00 5.405994415283e+00 6.448624610901e+00 4.669579982758e+00 3.248669862747e+00 2.712407827377e+00 3.359608650208e+00 4.307420730591e+00 4.704419136047e+00 3.196305036545e+00 2.402913331985e+00
6.002382636070e-01 1.178482890129e+00 1.471959948540e+00 1.355698585510e+00 1.556799888611e+00 2.331281423569e+00 3.647562980652e+00 4.950347423553e+00 4.938634395599e+00 3.398795366287e+00 2.573755741119e+00 2.717546463013e+00 2.755042314529e+00 2.631741046906e+00 2.587180376053e+00 2.544220209122e+00 2.412015676498e+00 2.587708473206e+00 2.654851198196e+00 2.753291606903e+00 2.918038845062e+00 2.815930843353e+00 2.705857276917e+00 2.671144962311e+00 2.627274036407e+00 2.584167718887e+00 2.718510389328e+00 3.035638570786e+00 3.650802850723e+00 3.797566413879e+00 2.975880861282e+00 3.629267930984e+00 4.373240947723e+00 4.968351840973e+00 4.812071323395e+00 3.014281988144e+00 3.174552679062e+00 3.653274536133e+00 3.945293664932e+00 3.548498392105e+00 5.266852378845e+00 5.357643127441e+00 3.000395774841e+00
6.966465115547e-01 1.371132612228e+00 1.361912012100e+00 1.673054575920e+00 1.373482823372e+00 1.186462998390e+00 1.395269989967e+00 2.568906068802e+00 4.126464366913e+00 4.796671867371e+00 3.908517360687e+00 2.599884986877e+00 2.470640897751e+00 2.416005134583e+00 2.260048389435e+00 2.195141315460e+00 2.265176296234e+00 2.463762044907e+00 2.395323991776e+00 2.391004323959e+00 2.157775402069e+00 1.773337602615e+00 2.242023706436e+00 1.989198923111e+00 3.011809110641e+00 2.690137624741e+00 3.081027507782e+00 3.388418197632e+00 2.833570957184e+00 3.056937932968e+00 3.387429237366e+00 3.645651578903e+00 3.155272722244e+00 3.889057159424e+00 2.883881568909e+00 2.471830129623e+00 3.205036640167e+00 4.417266845703e+00 5.293145179749e+00 5.013376235962e+00 4.262051105499e+00 6.622325420380e+00 4.987349987030e+00
8.999177813530e-01 1.729941010475e+00 1.608706355095e+00 1.653224110603e+00 1.843803763390e+00 1.381143331528e+00 1.920688748360e+00 2.334427118301e+00 2.581772804260e+00 3.609732151031e+00 4.650407314301e+00 4.216791629791e+00 2.581274509430e+00 2.073801994324e+00 2.040339469910e+00 2.087963581085e+00 2.161447763443e+00 2.135246515274e+00 2.257008314133e+00 2.218628644943e+00 1.934815406799e+00 1.610905051231e+00 1.718025922775e+00 2.740388870239e+00 4.093271732330e+00 5.515040874481e+00 6.628988265991e+00 5.396053791046e+00 3.643720626831e+00 3.405810356140e+00 4.176737785339e+00 2.949542522430e+00 2.201465368271e+00 4.843215465546e+00 2.020398616791e+00 2.865234613419e+00 2.654743671417e+00 3.713731050491e+00 5.405979633331e+00 5.817876815796e+00 5.008697986603e+00 5.576925277710e+00 7.566217899323e+00
8.177425861359e-01 1.787343263626e+00 1.889378905296e+00 1.845996141434e+00 1.949317812920e+00 1.973244428635e+00 2.366710901260e+00 2.488567590714e+00 2.471933126450e+00 2.336185693741e+00 3.230648517609e+00 4.607053756714e+00 4.496973514557e+00 3.102617025375e+00 1.957894802094e+00 1.953927159309e+00 1.883928418159e+00 1.724547743797e+00 2.309532165527e+00 2.404252290726e+00 2.431271314621e+00 2.027783632278e+00 1.858803153038e+00 3.396565198898e+00 5.770937442780e+00 8.511407852173e+00 9.990334510803e+00 9.550045967102e+00 6.218351364136e+00 3.930106163025e+00 4.500861644745e+00 3.796017646790e+00 3.528355360031e+00 5.915528774261e+00 3.058121204376e+00 5.899022102356e+00 4.268711090088e+00 3.090040922165e+00 4.129860401154e+00 5.940930843353e+00 6.093566417694e+00 5.150418758392e+00 8.115838050842e+00
1.004811286926e+00 2.045617580414e+00 2.069035053253e+00 2.009062051773e+00 2.085014343262e+00 2.363953351974e+00 2.381895780563e+00 2.408559083939e+00 2.214168071747e+00 2.040863037109e+00 1.972725510597e+00 2.779072999954e+00 4.467708110809e+00 4.709766864777e+00 3.569090127945e+00 1.690402626991e+00 1.572773694992e+00 1.762522101402e+00 2.051605701447e+00 3.270273208618e+00 2.955753326416e+00 2.711655616760e+00 2.487418174744e+00 3.391138315201e+00 5.901772499084e+00 8.422554969788e+00 1.146738433838e+01 1.343678283691e+01 1.120524406433e+01 5.411266326904e+00 4.892877578735e+00 5.309104919434e+00 5.063131332397e+00 6.995699405670e+00 3.896505594254e+00 7.893877983093e+00 6.539111137390e+00 4.301556587219e+00 3.942305564880e+00 5.707561969757e+00 1.224536705017e+01 6.218400478363e+00 6.616868019104e+00
1.320368766785e+00 2.484596252441e+00 2.307304143906e+00 2.462718963623e+00 2.613342761993e+00 2.760735034943e+00 2.930830240250e+00 3.047801017761e+00 3.114255428314e+00 3.124977350235e+00 3.031565189362e+00 2.925575017929e+00 2.801615953445e+00 4.127134323120e+00 4.791671752930e+00 3.991924762726e+00 1.998892426491e+00 1.800985574722e+00 1.984246730804e+00 3.125009775162e+00 3.311433792114e+00 2.984093666077e+00 2.750679731369e+00 2.912375450134e+00 4.886888504028e+00 7.273171424866e+00 1.126264572144e+01 1.573261642456e+01 1.485859966278e+01 9.039747238159e+00 7.027029991150e+00 8.859038352966e+00 9.509837150574e+00 8.774024963379e+00 7.264996528625e+00 8.510032653809e+00 8.102672576904e+00 6.254424571991e+00 7.103854656219e+00 6.368549823761e+00 1.749060058594e+01 1.430629348755e+01 3.865738630295e+00
1.352473616600e+00 2.810287475586e+00 2.805257558823e+00 2.720021247864e+00 2.397635221481e+00 2.166257381439e+00 2.054785251617e+00 2.271623134613e+00 2.515501499176e+00 2.803083419800e+00 3.123303413391e+00 3.497143268585e+00 3.851986169815e+00 6.097990989685e+00 6.245212554932e+00 4.742046356201e+00 4.469317436218e+00 4.255715370178e+00 3.966381549835e+00 3.638170242310e+00 3.282935619354e+00 2.844383001328e+00 3.099121809006e+00 3.029094219208e+00 3.341668605804e+00 5.506836414337e+00 8.115061759949e+00 1.283438682556e+01 1.630220413208e+01 1.128095817566e+01 5.336645603180e+00 5.547141551971e+00 8.150705337524e+00 1.082076168060e+01 1.201648616791e+01 1.113986778259e+01 8.035407066345e+00 6.771816253662e+00 5.108365535736e+00 7.309212684631e+00 1.824391937256e+01 2.192545890808e+01 5.881001472473e+00
1.149084925652e+00 2.317315340042e+00 2.414539098740e+00 2.631389617920e+00 2.762548923492e+00 2.669795513153e+00 2.241411447525e+00 1.951889395714e+00 1.962591528893e+00 1.961764454842e+00 1.950501441956e+00 1.908171176910e+00 1.847536921501e+00 2.343652486801e+00 3.516315698624e+00 3.851977348328e+00 4.617509365082e+00 4.461176395416e+00 3.639725208282e+00 4.026707172394e+00 4.259384632111e+00 4.396611213684e+00 4.560740947723e+00 4.763687610626e+00 4.581215858459e+00 3.662312269211e+00 5.475481033325e+00 9.729508399963e+00 1.373524379730e+01 1.007330608368e+01 5.037480831146e+00 3.545716285706e+00 3.155178308487e+00 5.258337497711e+00 6.354915142059e+00 1.033230400085e+01 1.311788177490e+01 1.212477588654e+01 7.544921875000e+00 8.243019104004e+00 1.170912742615e+01 2.599936294556e+01 9.449460983276e+00
9.299719929695e-01 1.798303127289e+00 1.791879653931e+00 1.716503620148e+00 1.749870777130e+00 1.957805991173e+00 2.045186758041e+00 2.013150691986e+00 1.711962819099e+00 1.855803728104e+00 2.016343116760e+00 2.178973674774e+00 2.328891754150e+00 2.478709459305e+00 2.631251335144e+00 2.763237953186e+00 2.878040552139e+00 4.332860946655e+00 4.618127346039e+00 5.980820178986e+00 4.685763835907e+00 3.854456901550e+00 3.680655479431e+00 3.579613208771e+00 3.596293210983e+00 4.079943656921e+00 5.441921710968e+00 6.237996578217e+00 8.787790298462e+00 7.159139156342e+00 3.621371030807e+00 4.275251388550e+00 3.187470197678e+00 4.221892356873e+00 4.958583831787e+00 6.014136791229e+00 6.069308280945e+00 1.018014144897e+01 1.438598346710e+01 1.165966510773e+01 1.041031742096e+01 2.127716255188e+01 1.919054794312e+01
5.865675806999e-01 1.182439208031e+00 1.164252758026e+00 1.136669874191e+00 1.283518910408e+00 1.510457038879e+00 1.655060410500e+00 1.735885500908e+00 1.763639569283e+00 1.625337004662e+00 1.511236190796e+00 1.587727904320e+00 1.678957223892e+00 1.694450020790e+00 1.717727541924e+00 2.293277740479e+00 2.552843809128e+00 3.418570518494e+00 6.467378139496e+00 6.773240089417e+00 5.999775409698e+00 5.120710372925e+00 5.997021198273e+00 7.179147243500e+00 5.054148674011e+00 5.784104347229e+00 5.633769035339e+00 5.236975193024e+00 5.467486381531e+00 7.212454319000e+00 6.774559974670e+00 4.224780559540e+00 4.400695323944e+00 4.625429630280e+00 5.011284351349e+00 5.216105461121e+00 5.407030582428e+00 6.963262557983e+00 1.017876148224e+01 1.186985206604e+01 1.417982292175e+01 1.903367614746e+01 1.573228454590e+01
