100/SI/f153_max.grd
DSAA
101	101
32.816463539100	34.260883539100
35.556306596100	36.727886596100
1.392357982695e-03	2.280917358398e+02
[rows 76 to 94 of 101, columns 0 to 42 of 101]
1.464688964188e-02 2.119141258299e-02 2.789784781635e-02 3.304659947753e-02 3.552341461182e-02 3.575775772333e-02 3.454731777310e-02 3.261696547270e-02 3.042117692530e-02 3.286967426538e-02 3.717005252838e-02 4.457544535398e-02 5.279287695885e-02 5.806181207299e-02 5.912006646395e-02 5.739105865359e-02 5.226790159941e-02 5.568161606789e-02 5.732765793800e-02 6.129102036357e-02 8.461411297321e-02 8.278010785580e-02 5.418998003006e-02 5.882820859551e-02 5.450923740864e-02 5.012420937419e-02 5.129390209913e-02 5.702455714345e-02 6.406201422215e-02 6.770892441273e-02 6.519042700529e-02 6.139171496034e-02 5.967999622226e-02 5.912078171968e-02 6.497186422348e-02 7.792855799198e-02 1.508529633284e-01 1.797586232424e-01 1.691973209381e-01 1.192965805531e-01 1.178069189191e-01 1.947127431631e-01 3.390882611275e-01
1.474170293659e-02 2.384331636131e-02 3.165915235877e-02 3.652903810143e-02 3.847625479102e-02 3.828820586205e-02 3.677312284708e-02 3.453017771244e-02 3.590324893594e-02 3.986377641559e-02 4.588236287236e-02 5.425474792719e-02 6.199843063951e-02 6.576983630657e-02 6.475161761045e-02 6.005788594484e-02 5.115846544504e-02 5.260061845183e-02 5.281612277031e-02 4.701444879174e-02 4.827905073762e-02 5.062551796436e-02 4.415318369865e-02 5.322739481926e-02 5.640014261007e-02 5.174054205418e-02 5.561431124806e-02 6.698662042618e-02 7.435313612223e-02 7.520473003387e-02 7.014855742455e-02 6.436803936958e-02 6.388478726149e-02 6.265325099230e-02 7.620756328106e-02 8.178599178791e-02 1.351827979088e-01 1.511109769344e-01 1.659671813250e-01 1.879971027374e-01 3.887423872948e-01 5.068060755730e-01 4.796124696732e-01
1.570707373321e-02 2.506239712238e-02 3.265467658639e-02 3.696196526289e-02 3.834188356996e-02 3.770789504051e-02 3.579155355692e-02 3.909579664469e-02 4.406107962132e-02 4.930339381099e-02 5.608141049743e-02 6.322863698006e-02 6.784522533417e-02 6.771097332239e-02 6.285977363586e-02 5.457852408290e-02 4.335465282202e-02 4.551579430699e-02 4.407342895865e-02 3.864284977317e-02 3.523287549615e-02 3.954166173935e-02 4.786697030067e-02 6.381575018167e-02 6.720227003098e-02 6.061213836074e-02 7.436887919903e-02 8.067666739225e-02 8.251425623894e-02 8.069421350956e-02 7.544493675232e-02 6.992560625076e-02 6.658379733562e-02 7.667962461710e-02 9.883370995522e-02 1.275236308575e-01 1.678932309151e-01 2.087358981371e-01 1.746153384447e-01 4.578823447227e-01 5.276877880096e-01 5.094134211540e-01 5.028979182243e-01
1.419350318611e-02 2.243934944272e-02 2.893706411123e-02 3.242732584476e-02 3.331618010998e-02 3.239928930998e-02 3.717868775129e-02 4.231823980808e-02 4.643229395151e-02 5.051938444376e-02 5.481146648526e-02 5.799407884479e-02 5.834269523621e-02 5.491478368640e-02 4.849444702268e-02 4.055143147707e-02 3.795678913593e-02 3.661643341184e-02 3.422455489635e-02 3.147000446916e-02 3.262924775481e-02 3.634355589747e-02 5.745567753911e-02 7.816202193499e-02 8.452171087265e-02 8.883013576269e-02 9.129703044891e-02 9.199687093496e-02 8.666576445103e-02 8.150040358305e-02 7.712347060442e-02 7.321359962225e-02 8.101174235344e-02 9.633364528418e-02 1.228806674480e-01 1.416223496199e-01 1.381008327007e-01 2.259766906500e-01 2.626689672470e-01 3.864399194717e-01 4.505856633186e-01 4.544394016266e-01 4.620421230793e-01
1.178003568202e-02 1.886619813740e-02 2.300818078220e-02 2.506815083325e-02 2.573821879923e-02 2.994641289115e-02 3.440196812153e-02 3.714211657643e-02 3.840490803123e-02 3.952857851982e-02 4.083570092916e-02 4.160863906145e-02 4.079246148467e-02 3.774508461356e-02 3.886897116899e-02 3.978116437793e-02 3.935175016522e-02 3.732667863369e-02 3.414836898446e-02 3.082912601531e-02 3.073755279183e-02 3.787093237042e-02 6.469555199146e-02 8.891395479441e-02 1.007716059685e-01 1.069590672851e-01 1.077705100179e-01 1.108910515904e-01 1.080114915967e-01 9.295904636383e-02 7.994783669710e-02 7.663125544786e-02 8.921046555042e-02 9.776203334332e-02 1.034328788519e-01 1.109349578619e-01 1.474301517010e-01 2.180936485529e-01 2.881463170052e-01 2.918525636196e-01 4.564993381500e-01 5.474516153336e-01 4.293533563614e-01
1.609512418509e-02 2.439440414310e-02 2.951542101800e-02 3.173078224063e-02 3.304773569107e-02 3.364329040051e-02 3.384004905820e-02 3.361909091473e-02 3.297742456198e-02 3.209269791842e-02 3.350992128253e-02 3.641390055418e-02 3.893771395087e-02 4.112017527223e-02 4.265786707401e-02 4.304302856326e-02 4.183121770620e-02 3.888949379325e-02 3.480570763350e-02 3.389995172620e-02 3.232572600245e-02 4.082888737321e-02 6.666216999292e-02 9.175135195255e-02 2.278640866280e-01 6.743895411491e-01 7.177156209946e-01 3.232252001762e-01 1.881747245789e-01 1.483926028013e-01 1.053811386228e-01 8.114039152861e-02 9.476870298386e-02 1.243533492088e-01 1.013297438622e-01 1.203285083175e-01 1.333807408810e-01 2.251110076904e-01 3.934533894062e-01 3.839874863625e-01 4.256105720997e-01 5.623221397400e-01 7.730341553688e-01
2.276689000428e-02 3.367846831679e-02 4.011743515730e-02 4.356098175049e-02 4.452184587717e-02 4.427102208138e-02 4.337884113193e-02 4.201844707131e-02 4.029142856598e-02 3.876930102706e-02 4.557998478413e-02 5.236668139696e-02 5.825786292553e-02 6.229335442185e-02 6.364850699902e-02 6.193527206779e-02 5.718146264553e-02 4.973337054253e-02 4.594391956925e-02 4.367623105645e-02 4.089949280024e-02 4.762186482549e-02 6.666691601276e-02 1.492801308632e-01 6.311289072037e-01 1.816831827164e+00 1.986512422562e+00 9.992210865021e-01 4.331080019474e-01 2.128431349993e-01 1.375044733286e-01 1.032089367509e-01 9.378732740879e-02 1.325816512108e-01 1.446164548397e-01 1.500686854124e-01 1.344120651484e-01 2.027043849230e-01 4.638766944408e-01 6.974755525589e-01 4.603360593319e-01 4.441837370396e-01 9.838485121727e-01
2.858785353601e-02 4.081376269460e-02 4.882772639394e-02 5.192836746573e-02 5.179052054882e-02 5.008532106876e-02 4.764037206769e-02 4.637624323368e-02 5.440716817975e-02 6.637522578239e-02 7.872939109802e-02 9.039838612080e-02 1.003288477659e-01 1.081597954035e-01 1.135585680604e-01 1.155079975724e-01 1.125180572271e-01 1.028452590108e-01 8.483563363552e-02 6.303674727678e-02 5.829075351357e-02 5.957831069827e-02 1.312389820814e-01 2.376866340637e-01 6.827059388161e-01 5.621974468231e+00 1.050023746490e+01 2.280384063721e+00 9.978271126747e-01 3.581112325191e-01 1.682511568069e-01 1.277436912060e-01 1.244931519032e-01 1.730741113424e-01 2.080768793821e-01 2.030298262835e-01 1.678334027529e-01 2.455653995275e-01 3.905378282070e-01 8.563853502274e-01 8.611418008804e-01 4.249407052994e-01 1.024548411369e+00
3.041426092386e-02 4.253852739930e-02 4.971030354500e-02 5.142518132925e-02 4.968034848571e-02 5.177018046379e-02 5.719175934792e-02 6.077874079347e-02 7.273667305708e-02 8.954910188913e-02 1.070844903588e-01 1.237322390079e-01 1.383408606052e-01 1.513749659061e-01 1.638883501291e-01 1.757483333349e-01 1.836682707071e-01 1.804453134537e-01 1.563629359007e-01 1.122639551759e-01 8.655755221844e-02 1.234581917524e-01 2.170858383179e-01 3.076955974102e-01 1.347475051880e+00 3.236684083939e+00 4.104541778564e+00 1.243924736977e+00 4.660330414772e-01 2.856196761131e-01 2.441980540752e-01 2.988971173763e-01 3.860314488411e-01 3.580622673035e-01 2.608933150768e-01 2.573988437653e-01 2.146051228046e-01 2.505573332310e-01 2.751086056232e-01 5.627462863922e-01 7.487724423409e-01 4.805315732956e-01 1.798800110817e+00
4.154546558857e-02 6.577486544847e-02 8.290247619152e-02 9.262797236443e-02 9.803658723831e-02 1.001139506698e-01 9.911118447781e-02 9.545432776213e-02 8.984982967377e-02 9.274601191282e-02 1.119448095560e-01 1.312940716743e-01 1.496669054031e-01 1.673095822334e-01 1.861537992954e-01 2.083641141653e-01 2.299206256866e-01 2.377834469080e-01 2.141700387001e-01 1.933854967356e-01 1.950986981392e-01 2.102859467268e-01 2.695755958557e-01 3.659456968307e-01 6.971008777618e-01 2.572931945324e-01 2.019201219082e-01 2.018842250109e-01 2.197351157665e-01 2.379201650620e-01 2.632187306881e-01 1.829757809639e+00 1.203056097031e+00 9.647819995880e-01 5.821353197098e-01 8.601185679436e-01 7.917562723160e-01 3.721185922623e-01 2.890376150608e-01 3.472677171230e-01 5.179529786110e-01 1.369378685951e+00 2.081291198730e+00
7.623432576656e-02 1.184720620513e-01 1.450983136892e-01 1.558774858713e-01 1.575896888971e-01 1.536251604557e-01 1.457199007273e-01 1.353737115860e-01 1.261353641748e-01 1.308242231607e-01 1.341303884983e-01 1.351839452982e-01 1.434357613325e-01 1.628824174404e-01 1.812854707241e-01 2.019821554422e-01 2.224425226450e-01 3.303421437740e-01 4.266284108162e-01 4.294939041138e-01 4.385302066803e-01 4.337440729141e-01 3.167793154716e-01 3.812732696533e-01 1.893415451050e-01 1.431154906750e-01 1.314293742180e-01 1.138664782047e-01 1.287631690502e-01 1.799447238445e-01 4.014069437981e-01 2.176516771317e+00 1.549502015114e+00 1.075092911720e+00 9.381693601608e-01 1.994672894478e+00 1.903669357300e+00 8.602640628815e-01 6.451106667519e-01 5.972129702568e-01 7.634470462799e-01 1.291839480400e+00 2.314337253571e+00
1.099790781736e-01 1.673544496298e-01 1.969432830811e-01 2.022279351950e-01 2.476806342602e-01 2.663165330887e-01 2.617355585098e-01 2.439360171556e-01 2.199902981520e-01 1.981870830059e-01 2.002302408218e-01 1.958621889353e-01 2.072432190180e-01 2.389948368073e-01 2.617789208889e-01 2.824104130268e-01 3.161588907242e-01 3.509749472141e-01 3.249017000198e-01 3.714945912361e-01 3.894850909710e-01 3.173125386238e-01 2.603387236595e-01 1.491216123104e-01 1.310542672873e-01 1.017803847790e-01 8.437011390924e-02 6.767950952053e-02 6.202427297831e-02 1.103150025010e-01 1.759551763535e-01 9.277595281601e-01 1.234378337860e+00 1.863701105118e+00 1.978134274483e+00 2.548969507217e+00 1.817581653595e+00 8.539273142815e-01 1.340196847916e+00 1.337552189827e+00 9.505580663681e-01 1.246495723724e+00 3.994667291641e+00
1.289238482714e-01 1.942560821772e-01 2.246675789356e-01 2.505070269108e-01 3.037481307983e-01 3.242197632790e-01 3.167656958103e-01 2.933904230595e-01 2.621164321899e-01 2.285981178284e-01 2.030131518841e-01 2.233470827341e-01 2.583477795124e-01 2.966141402721e-01 3.224880099297e-01 3.310384154320e-01 3.103145360947e-01 2.550278604031e-01 2.014579474926e-01 1.741457879543e-01 1.481331735849e-01 1.037951931357e-01 9.299796074629e-02 8.892671763897e-02 7.919476926327e-02 6.460113823414e-02 4.979036375880e-02 4.724564030766e-02 6.023859605193e-02 9.071862697601e-02 1.305494606495e-01 5.153647661209e-01 5.649652481079e-01 1.090148210526e+00 1.263856410980e+00 2.890683412552e+00 2.547624111176e+00 1.329727649689e+00 1.217643737793e+00 5.334497928619e+00 1.254423713684e+01 3.251591682434e+00 1.998391270638e+00
9.616918116808e-02 1.435118764639e-01 1.639525294304e-01 1.658306121826e-01 1.979371011257e-01 2.091329246759e-01 2.031503170729e-01 1.874798983335e-01 1.669381409883e-01 1.452289968729e-01 1.352724730968e-01 1.454414278269e-01 1.509601026773e-01 1.518899202347e-01 1.493575125933e-01 1.516301035881e-01 1.359742730856e-01 1.090628206730e-01 1.269602328539e-01 1.196417585015e-01 9.528440237045e-02 6.939676403999e-02 6.493295729160e-02 5.787804350257e-02 4.839403927326e-02 3.803958743811e-02 4.318556934595e-02 6.007685512304e-02 7.532873004675e-02 1.548600643873e-01 1.958927959204e-01 2.924835085869e-01 5.048099160194e-01 3.792747259140e-01 3.277881741524e-01 3.993053436279e-01 2.483467340469e+00 1.431750416756e+00 1.110635757446e+00 7.122005939484e+00 1.572352886200e+01 1.728230357170e+00 6.236521601677e-01
4.550064355135e-02 6.719565391541e-02 7.898229360580e-02 8.978243917227e-02 9.399736672640e-02 9.808259457350e-02 9.901551902294e-02 9.381243586540e-02 8.919198065996e-02 8.791859447956e-02 8.628986030817e-02 7.927271723747e-02 8.093725144863e-02 8.317969739437e-02 8.251224458218e-02 7.805480808020e-02 1.051833704114e-01 1.342855542898e-01 1.265056729317e-01 9.462899714708e-02 6.033653020859e-02 4.378249123693e-02 3.968026116490e-02 3.436594083905e-02 2.864181809127e-02 4.395918548107e-02 6.774236261845e-02 9.049314260483e-02 1.250975728035e-01 2.031363695860e-01 2.790869176388e-01 3.763895034790e-01 4.318125247955e-01 3.633045554161e-01 2.247355878353e-01 2.607217729092e-01 5.059931874275e-01 1.276500821114e+00 2.097736120224e+00 2.192577362061e+00 1.163046956062e+00 4.454764127731e-01 4.158521294594e-01
3.006424196064e-02 4.377822205424e-02 5.553165078163e-02 6.274010986090e-02 6.555021554232e-02 6.522655487061e-02 6.367462873459e-02 6.064341217279e-02 5.705262720585e-02 5.325865373015e-02 4.937361925840e-02 4.550168290734e-02 4.179431498051e-02 4.079580679536e-02 4.027577117085e-02 5.733470618725e-02 9.765329211950e-02 1.154834106565e-01 9.878604859114e-02 6.804107874632e-02 4.138757660985e-02 2.638951316476e-02 2.639458701015e-02 2.887449786067e-02 3.922951593995e-02 6.675919145346e-02 1.007372513413e-01 1.418166607618e-01 2.021470516920e-01 2.760496437550e-01 4.131029844284e-01 4.263737797737e-01 3.865604102612e-01 2.102144360542e-01 1.588991135359e-01 2.163797020912e-01 2.621317207813e-01 9.973133206367e-01 2.461277246475e+00 1.416126847267e+00 8.446545004845e-01 3.802986443043e-01 3.609692454338e-01
2.088578417897e-02 3.024835325778e-02 3.783565759659e-02 4.254142940044e-02 4.465951025486e-02 4.492799192667e-02 4.395842924714e-02 4.214344173670e-02 3.975813463330e-02 3.693712130189e-02 3.384479880333e-02 3.055775724351e-02 3.244711831212e-02 3.262973949313e-02 3.011759370565e-02 3.396916389465e-02 6.081014499068e-02 7.564210891724e-02 7.063912600279e-02 5.522802844644e-02 3.898425400257e-02 2.618586644530e-02 2.822764217854e-02 3.242289274931e-02 5.541857331991e-02 1.229026243091e-01 2.627881169319e-01 2.431719005108e-01 2.010935544968e-01 3.723306953907e-01 5.070071220398e-01 4.349107146263e-01 3.125508129597e-01 1.465523689985e-01 1.563102900982e-01 2.148774266243e-01 3.011169135571e-01 1.066158890724e+00 1.792711138725e+00 8.488266468048e-01 4.922885298729e-01 3.036135733128e-01 2.725759148598e-01
1.397975068539e-02 2.006119303405e-02 2.488446049392e-02 2.782642841339e-02 2.912271022797e-02 2.925959043205e-02 2.857767045498e-02 2.729621157050e-02 2.554450370371e-02 2.343331463635e-02 2.321797609329e-02 2.609253674746e-02 2.722303383052e-02 2.603187784553e-02 2.502931468189e-02 2.862533554435e-02 3.178642690182e-02 3.863535821438e-02 4.415564239025e-02 4.258680716157e-02 3.622172027826e-02 2.859572693706e-02 3.012333065271e-02 4.134424403310e-02 7.212771475315e-02 2.141129374504e-01 3.063298761845e-01 1.823621243238e-01 2.046525627375e-01 3.937041759491e-01 5.330832004547e-01 4.223428964615e-01 2.942858934402e-01 2.018998265266e-01 2.221027016640e-01 2.147602289915e-01 4.632359147072e-01 1.851544857025e+00 1.336230039597e+00 3.548529148102e-01 7.106320858002e-01 3.091477453709e-01 2.107580304146e-01
8.220591582358e-03 1.169286202639e-02 1.439811289310e-02 1.599598675966e-02 1.663965731859e-02 1.661263033748e-02 1.610405556858e-02 1.523447036743e-02 1.462559215724e-02 1.784455962479e-02 2.087767608464e-02 2.286421321332e-02 2.302966825664e-02 2.555509656668e-02 2.954850345850e-02 3.359020128846e-02 3.711844235659e-02 3.941351920366e-02 3.977438807487e-02 3.793628141284e-02 3.458933904767e-02 3.208576887846e-02 3.566123917699e-02 5.151768773794e-02 8.699224889278e-02 2.400453537703e-01 2.530619800091e-01 2.009368091822e-01 1.829271912575e-01 3.521459698677e-01 4.935204684734e-01 3.846971094608e-01 3.760795891285e-01 2.537581920624e-01 2.675977647305e-01 1.918546557426e-01 4.407012164593e-01 1.192586779594e+00 5.804305076599e-01 4.163540303707e-01 9.419606328011e-01 3.043878674507e-01 1.612600237131e-01
