100/SI/f153_max.grd
DSAA
101	101
32.816463539100	34.260883539100
35.556306596100	36.727886596100
1.392357982695e-03	2.280917358398e+02
[rows 57 to 75 of 101, columns 0 to 42 of 101]
7.706366479397e-02 1.265857070684e-01 1.373792439699e-01 1.375099271536e-01 1.456929296255e-01 1.781372874975e-01 1.993960142136e-01 2.185923159122e-01 2.365614175797e-01 2.417559921741e-01 2.325604110956e-01 3.257457911968e-01 5.580335259438e-01 3.050306737423e-01 2.219853401184e-01 3.346876204014e-01 2.996561825275e-01 3.359485864639e-01 4.060339629650e-01 4.231279790401e-01 4.355212748051e-01 3.256713151932e-01 2.263376563787e-01 1.990041136742e-01 2.158239930868e-01 2.989166080952e-01 4.777275025845e-01 5.926433205605e-01 4.633701741695e-01 2.703373432159e-01 2.117216587067e-01 1.666734516621e-01 1.746318489313e-01 2.096627652645e-01 2.478388547897e-01 3.181574046612e-01 3.665803968906e-01 3.954567611217e-01 6.536515951157e-01 8.564320206642e-01 7.341481447220e-01 6.508646011353e-01 7.331864833832e-01
9.737797826529e-02 1.594050973654e-01 1.820979863405e-01 1.848043799400e-01 1.827779114246e-01 1.777758449316e-01 1.774761825800e-01 1.858304142952e-01 1.935412883759e-01 3.150987625122e-01 1.022377014160e+00 1.183821916580e+00 4.422953128815e-01 2.295009642839e-01 2.303865104914e-01 2.144645750523e-01 2.319302856922e-01 2.310061156750e-01 2.633592486382e-01 3.336390256882e-01 4.048823118210e-01 4.324515163898e-01 3.023251891136e-01 1.900570243597e-01 2.188326567411e-01 3.338967263699e-01 5.043411850929e-01 5.403539538383e-01 5.468878149986e-01 3.477553129196e-01 2.100858241320e-01 1.906947642565e-01 1.827115416527e-01 2.183690071106e-01 2.578779757023e-01 2.670749425888e-01 2.747563719749e-01 2.860716879368e-01 2.885522544384e-01 3.114390671253e-01 3.756040930748e-01 5.134872794151e-01 5.911121964455e-01
1.302621960640e-01 2.141767144203e-01 2.478165477514e-01 3.524220585823e-01 4.530694782734e-01 5.755088925362e-01 7.577607035637e-01 1.105688214302e+00 2.029170513153e+00 2.865208148956e+00 1.905472278595e+00 4.849989712238e-01 3.272395730019e-01 2.862609922886e-01 2.081229686737e-01 2.189235091209e-01 2.314026802778e-01 2.276996225119e-01 2.168221920729e-01 2.318558543921e-01 3.905705809593e-01 4.426192045212e-01 3.138837218285e-01 1.804508268833e-01 1.414155811071e-01 2.181226611137e-01 3.093423247337e-01 3.192807435989e-01 3.333891034126e-01 2.710755169392e-01 1.891588270664e-01 1.992062777281e-01 1.885843873024e-01 2.116650342941e-01 2.555188238621e-01 2.649509906769e-01 2.526895403862e-01 2.320070266724e-01 2.135256379843e-01 2.390372306108e-01 3.049332499504e-01 3.907662332058e-01 5.168322920799e-01
1.272888630629e-01 2.277921140194e-01 3.984717726707e-01 5.705559253693e-01 7.231543064117e-01 9.585223793983e-01 1.395786046982e+00 2.085488080978e+00 2.096274614334e+00 9.696258902550e-01 2.336647212505e-01 2.724968492985e-01 2.964062988758e-01 2.633831202984e-01 2.364119440317e-01 2.481726408005e-01 2.486729770899e-01 2.385728061199e-01 1.853765398264e-01 1.813420206308e-01 2.812898755074e-01 3.138240277767e-01 2.328918129206e-01 1.457028239965e-01 1.119659096003e-01 1.209709793329e-01 1.621983945370e-01 2.006374001503e-01 2.354720383883e-01 2.034095972776e-01 1.860721707344e-01 1.741181164980e-01 1.858664453030e-01 2.059030979872e-01 2.471682578325e-01 2.534881234169e-01 2.296306192875e-01 1.968337595463e-01 1.799077689648e-01 2.000079452991e-01 2.949411869049e-01 3.715050220490e-01 4.729760885239e-01
7.709041982889e-02 1.343947947025e-01 1.643163114786e-01 1.729710400105e-01 1.732779890299e-01 1.724976599216e-01 1.709569692612e-01 1.672602891922e-01 1.640241444111e-01 1.603775322437e-01 1.504618078470e-01 1.583933830261e-01 1.736622303724e-01 2.221865952015e-01 2.498939484358e-01 2.610031664371e-01 2.511655390263e-01 2.227821946144e-01 1.644769757986e-01 1.308567076921e-01 1.575115770102e-01 1.634250730276e-01 1.289259940386e-01 9.558044373989e-02 8.418042957783e-02 9.225151687860e-02 1.184320226312e-01 1.424077898264e-01 1.691561341286e-01 1.821077466011e-01 1.723487079144e-01 1.540043801069e-01 1.787301748991e-01 2.164168059826e-01 2.583923935890e-01 2.501697838306e-01 2.079816460609e-01 1.650574505329e-01 1.823760867119e-01 2.042506039143e-01 3.047190010548e-01 3.784120380878e-01 4.457603394985e-01
3.618426620960e-02 6.745608896017e-02 8.750604838133e-02 9.666449576616e-02 1.002220585942e-01 1.031353250146e-01 1.059153974056e-01 1.079554557800e-01 1.111583113670e-01 1.143715009093e-01 1.120728254318e-01 1.053485795856e-01 1.074588298798e-01 1.426681876183e-01 1.678670048714e-01 1.767146140337e-01 1.607573181391e-01 1.429943442345e-01 1.207318231463e-01 1.023090109229e-01 8.401358127594e-02 7.837600260973e-02 6.467550247908e-02 7.174167782068e-02 8.462120592594e-02 8.900170028210e-02 9.823956340551e-02 1.183741688728e-01 1.431950181723e-01 1.566606760025e-01 1.543544381857e-01 1.457551121712e-01 1.785783469677e-01 2.398575842381e-01 2.788161039352e-01 2.518248260021e-01 1.890117079020e-01 1.624386608601e-01 1.869716346264e-01 2.202340215445e-01 2.957890629768e-01 3.332884013653e-01 3.843532204628e-01
2.493100613356e-02 4.199036955833e-02 5.214951932430e-02 5.930755287409e-02 6.381365656853e-02 6.774628907442e-02 7.151561230421e-02 7.466454058886e-02 7.843638956547e-02 8.230090886354e-02 8.281526714563e-02 8.014920353889e-02 7.709009200335e-02 7.435226440430e-02 7.504646480083e-02 8.510598540306e-02 8.974494040012e-02 8.852588385344e-02 8.122970163822e-02 7.756055891514e-02 6.690684705973e-02 6.276872754097e-02 5.523937568069e-02 7.307144254446e-02 9.007260948420e-02 9.867256879807e-02 9.811932593584e-02 9.702438861132e-02 1.182787567377e-01 1.315530240536e-01 1.347408145666e-01 1.339389979839e-01 1.814155578613e-01 2.539238333702e-01 2.802565693855e-01 2.340064495802e-01 1.654905825853e-01 1.633459925652e-01 1.955603808165e-01 2.196679264307e-01 2.550382614136e-01 2.934119105339e-01 3.012509047985e-01
2.016500569880e-02 3.434824571013e-02 4.330245405436e-02 4.762761294842e-02 5.071244016290e-02 5.332725867629e-02 5.524581298232e-02 5.560884252191e-02 5.744942277670e-02 5.966595932841e-02 6.013779342175e-02 5.913151055574e-02 5.812469124794e-02 5.679659917951e-02 5.901274085045e-02 6.780120730400e-02 7.206164300442e-02 7.109882682562e-02 6.574770063162e-02 6.139793246984e-02 6.498882919550e-02 6.309176981449e-02 5.489143356681e-02 7.295763492584e-02 9.204614162445e-02 1.037212014198e-01 1.051003262401e-01 1.017880216241e-01 1.041378229856e-01 1.141349300742e-01 1.188773065805e-01 1.252777129412e-01 1.805562973022e-01 2.485386580229e-01 2.559678852558e-01 2.013828903437e-01 1.534194350243e-01 1.680860519409e-01 2.048740535975e-01 2.164576798677e-01 2.261179238558e-01 2.444858103991e-01 2.244182229042e-01
1.941148377955e-02 3.109673038125e-02 3.945601731539e-02 4.331978037953e-02 4.498364031315e-02 4.640708118677e-02 4.690887778997e-02 4.608840867877e-02 4.629940912127e-02 4.688072949648e-02 4.727957397699e-02 4.907428473234e-02 5.048966407776e-02 5.163543298841e-02 5.299697443843e-02 5.506941303611e-02 5.887553468347e-02 5.966692790389e-02 6.023065745831e-02 5.782243981957e-02 5.969884619117e-02 6.238223239779e-02 5.538746714592e-02 6.913439184427e-02 8.734984695911e-02 9.947711229324e-02 1.016030609608e-01 9.930253028870e-02 1.047437861562e-01 1.077806279063e-01 1.098195612431e-01 1.172037944198e-01 1.694510728121e-01 2.232237756252e-01 2.168955057859e-01 1.731080263853e-01 1.496911346912e-01 1.802707463503e-01 2.074868977070e-01 2.025237232447e-01 1.967672556639e-01 1.983679533005e-01 1.822724789381e-01
1.818683184683e-02 2.887099049985e-02 3.623173013330e-02 3.949971869588e-02 4.089500755072e-02 4.191920906305e-02 4.202565550804e-02 4.110573977232e-02 4.108870029449e-02 4.418585449457e-02 4.685102030635e-02 4.925097525120e-02 5.137138068676e-02 5.315029248595e-02 5.476105585694e-02 5.631973221898e-02 5.746945738792e-02 5.764306336641e-02 5.649091675878e-02 5.497925356030e-02 5.510799214244e-02 6.020203977823e-02 5.691243708134e-02 6.274423003197e-02 7.818367332220e-02 8.891754597425e-02 1.027410328388e-01 1.121402978897e-01 1.125480681658e-01 1.089000776410e-01 1.064775884151e-01 1.092635691166e-01 1.490125507116e-01 1.860635727644e-01 1.782471239567e-01 1.544328033924e-01 1.617345809937e-01 1.835077852011e-01 1.962827742100e-01 1.780554056168e-01 1.649307012558e-01 1.567194461823e-01 1.559658497572e-01
1.677612960339e-02 2.658679522574e-02 3.331028670073e-02 3.642628341913e-02 3.773833438754e-02 3.829758614302e-02 3.800882399082e-02 3.779023140669e-02 3.851971402764e-02 4.182226210833e-02 4.479528218508e-02 4.757944867015e-02 5.013470724225e-02 5.227315053344e-02 5.392759293318e-02 5.499888211489e-02 5.512893199921e-02 5.962094292045e-02 6.088267639279e-02 5.650740116835e-02 5.154611170292e-02 5.525100976229e-02 5.638710036874e-02 5.641350150108e-02 6.881777197123e-02 7.772006094456e-02 9.372960776091e-02 1.089103147388e-01 1.124905794859e-01 1.087938100100e-01 1.043746173382e-01 1.031903177500e-01 1.190170794725e-01 1.444312185049e-01 1.418010741472e-01 1.310603320599e-01 1.399088501930e-01 1.555412709713e-01 1.609014570713e-01 1.400148123503e-01 1.293513923883e-01 1.198720559478e-01 1.176011934876e-01
1.558705978096e-02 2.474332042038e-02 3.112540952861e-02 3.422573208809e-02 3.535680100322e-02 3.542091324925e-02 3.485008701682e-02 3.493508324027e-02 3.634393587708e-02 3.775916248560e-02 4.072827473283e-02 4.361662641168e-02 4.628881067038e-02 4.853738471866e-02 5.016174912453e-02 5.233262851834e-02 5.735908076167e-02 6.456598639488e-02 6.775891780853e-02 6.593260169029e-02 6.035938858986e-02 5.370503291488e-02 5.519757419825e-02 5.590593814850e-02 6.132106482983e-02 6.847120076418e-02 7.056678831577e-02 8.478288352489e-02 9.593736380339e-02 9.933014959097e-02 9.812752157450e-02 9.956273436546e-02 1.026310920715e-01 1.060198470950e-01 1.052680462599e-01 1.017977222800e-01 1.074834987521e-01 1.251970827579e-01 1.332045495510e-01 1.094709783792e-01 9.765499830246e-02 8.719515055418e-02 9.615932404995e-02
1.472676452249e-02 2.344594337046e-02 2.960703335702e-02 3.254433721304e-02 3.332330286503e-02 3.305046632886e-02 3.247530385852e-02 3.230610862374e-02 3.341050073504e-02 3.485112637281e-02 3.540129959583e-02 3.820498287678e-02 4.078156501055e-02 4.298911988735e-02 4.497994482517e-02 4.991609230638e-02 5.834854394197e-02 6.657616794109e-02 7.216173410416e-02 7.385506480932e-02 7.184824347496e-02 6.758196651936e-02 6.243561953306e-02 5.769635736942e-02 5.553601309657e-02 6.125908344984e-02 6.256417185068e-02 5.994169414043e-02 7.311904430389e-02 8.388518542051e-02 9.099815040827e-02 9.625405073166e-02 9.945970773697e-02 9.624543040991e-02 8.640076220036e-02 8.460112661123e-02 9.506241977215e-02 1.187599599361e-01 1.376042962074e-01 1.235675364733e-01 9.095344692469e-02 8.130587637424e-02 9.240083396435e-02
1.441452745348e-02 2.291192673147e-02 2.882382087409e-02 3.141612932086e-02 3.182103112340e-02 3.136552870274e-02 3.110391274095e-02 3.152661398053e-02 3.137898817658e-02 3.168880939484e-02 3.244546055794e-02 3.585835546255e-02 3.944283723831e-02 4.316173866391e-02 4.645304381847e-02 5.104602873325e-02 5.934602022171e-02 6.775832176208e-02 7.533501833677e-02 8.003860712051e-02 8.086057752371e-02 7.887705415487e-02 7.548513263464e-02 7.202142477036e-02 6.999124586582e-02 6.868557631969e-02 6.617656350136e-02 6.241432949901e-02 7.239124178886e-02 8.119259774685e-02 8.777069300413e-02 9.377180784941e-02 9.694737195969e-02 9.056577831507e-02 8.620482683182e-02 8.833787590265e-02 9.577459841967e-02 1.147504299879e-01 1.325331032276e-01 1.201737225056e-01 9.283263236284e-02 8.097545802593e-02 9.211777895689e-02
1.465610042214e-02 2.317506447434e-02 2.889429219067e-02 3.116335719824e-02 3.129201009870e-02 3.065333701670e-02 3.062232583761e-02 3.077523037791e-02 3.145302459598e-02 3.162446618080e-02 3.359631821513e-02 3.697447106242e-02 4.027798026800e-02 4.342454671860e-02 4.597049951553e-02 5.256265029311e-02 6.196732074022e-02 7.086497545242e-02 7.946940511465e-02 8.571744710207e-02 8.776823431253e-02 8.647985756397e-02 8.328951150179e-02 7.931489497423e-02 7.604359835386e-02 7.279915362597e-02 6.736002862453e-02 6.180927902460e-02 7.092168927193e-02 7.859046012163e-02 8.517671376467e-02 9.152369201183e-02 9.362944960594e-02 8.605655282736e-02 8.741229772568e-02 8.996819704771e-02 9.791631251574e-02 1.112472936511e-01 1.197579652071e-01 1.052772179246e-01 8.615744113922e-02 7.518397271633e-02 8.549696207047e-02
1.503514125943e-02 2.370146103203e-02 2.933207154274e-02 3.140988573432e-02 3.137579560280e-02 3.114708699286e-02 3.247015178204e-02 3.339395672083e-02 3.392061963677e-02 3.400548547506e-02 3.370952233672e-02 3.553878143430e-02 3.918559476733e-02 4.384433850646e-02 4.535103961825e-02 5.151101201773e-02 6.342276185751e-02 7.370273023844e-02 8.185210824013e-02 8.698495477438e-02 8.813299983740e-02 8.577457070351e-02 8.134934306145e-02 7.615556567907e-02 7.128220796585e-02 6.637269258499e-02 5.943143740296e-02 6.174723803997e-02 6.957823783159e-02 7.649078965187e-02 8.278397470713e-02 8.803012222052e-02 8.805914223194e-02 8.123147487640e-02 8.876182138920e-02 1.108766794205e-01 1.049205809832e-01 1.104852035642e-01 1.063990369439e-01 8.991773426533e-02 7.797906547785e-02 6.838848441839e-02 7.758271694183e-02
1.482685841620e-02 2.329689636827e-02 2.866160310805e-02 3.057929128408e-02 3.053147345781e-02 3.126958012581e-02 3.212455660105e-02 3.254378214478e-02 3.265528753400e-02 3.246449306607e-02 3.244540095329e-02 3.641964495182e-02 4.238595068455e-02 4.747196659446e-02 4.899290204048e-02 4.793106019497e-02 6.064614281058e-02 7.115784287453e-02 7.708267867565e-02 7.916651666164e-02 7.806255668402e-02 7.383532077074e-02 6.820698827505e-02 6.332544982433e-02 5.936818942428e-02 5.510969087481e-02 5.521600320935e-02 6.124790385365e-02 6.817167997360e-02 7.438655942678e-02 7.980521023273e-02 8.280634880066e-02 8.049963414669e-02 7.790516316891e-02 9.257303178310e-02 9.903827309608e-02 1.010942235589e-01 1.109693422914e-01 1.075843870640e-01 8.821850270033e-02 7.580930739641e-02 6.968120485544e-02 7.532129436731e-02
1.358153019100e-02 2.120343968272e-02 2.593077346683e-02 2.759646251798e-02 2.914443425834e-02 3.041385672987e-02 2.986793033779e-02 2.866713702679e-02 2.833578363061e-02 3.026511892676e-02 3.305400162935e-02 3.822090476751e-02 4.518596455455e-02 5.045568197966e-02 5.192866921425e-02 5.106369033456e-02 5.552398040891e-02 6.446096301079e-02 6.780030578375e-02 6.705226004124e-02 6.371453404427e-02 5.781717598438e-02 5.545814335346e-02 6.566579639912e-02 6.659176945686e-02 6.383650749922e-02 6.253401935101e-02 6.276672333479e-02 6.628789752722e-02 7.169526070356e-02 7.546875625849e-02 7.558575272560e-02 7.098645716906e-02 7.196037471294e-02 8.435523509979e-02 1.201450154185e-01 1.030537039042e-01 1.444602459669e-01 1.281978189945e-01 1.077020093799e-01 9.129847586155e-02 7.516263425350e-02 8.482361584902e-02
1.398574840277e-02 2.061656676233e-02 2.530184574425e-02 2.924385294318e-02 3.222324326634e-02 3.292828425765e-02 3.197252005339e-02 3.017018176615e-02 2.806959114969e-02 3.055382147431e-02 3.386994451284e-02 4.013537988067e-02 4.784227907658e-02 5.320956557989e-02 5.465954542160e-02 5.380533635616e-02 5.097367241979e-02 5.870265886188e-02 6.095358356833e-02 6.430237740278e-02 8.733589947224e-02 8.006332814693e-02 6.022268906236e-02 6.850437819958e-02 6.650622189045e-02 6.126519665122e-02 5.817858129740e-02 5.846905708313e-02 6.402100622654e-02 6.819088011980e-02 6.963892281055e-02 6.691549718380e-02 6.084156781435e-02 6.465730071068e-02 7.165354490280e-02 1.068209037185e-01 1.338842958212e-01 2.098087072372e-01 1.940602213144e-01 1.276083886623e-01 9.717386960983e-02 8.952197432518e-02 1.103521510959e-01
