100/SI/f154.grd
DSAA
101	101
32.816463539100	34.260883539100
35.556306596100	36.727886596100
1.420531072654e-03	2.328041381836e+02
[rows 76 to 94 of 101, columns 43 to 85 of 101]
3.586128950119e-01 3.053500950336e-01 5.580290555954e-01 1.406169414520e+00 1.503333687782e+00 2.993315696716e+00 4.773299217224e+00 5.364478588104e+00 3.321776151657e+00 9.294255375862e-01 3.377562761307e+00 7.570486068726e+00 5.657252311707e+00 1.476453423500e+00 6.647470593452e-01 9.405462145805e-01 9.916937351227e-01 5.068760514259e-01 4.746620655060e-01 5.912745594978e-01 2.179687500000e+00 4.990866184235e+00 1.176010131836e+00 7.948847413063e-01 5.784727931023e-01 3.877433240414e-01 1.971302926540e-01 1.694867461920e-01 1.651015281677e-01 1.556921154261e-01 1.474769562483e-01 1.536730974913e-01 1.617664694786e-01 1.715826094151e-01 1.732853055000e-01 1.612434834242e-01 1.478670686483e-01 1.381967365742e-01 1.314299404621e-01 1.274176090956e-01 1.423155963421e-01 2.181008607149e-01 2.975385785103e-01
5.838398933411e-01 7.876424193382e-01 1.007619857788e+00 1.050011873245e+00 1.442113757133e+00 1.990706205368e+00 2.566603422165e+00 2.425579547882e+00 3.889661788940e+00 5.674308300018e+00 5.623876571655e+00 2.698219299316e+00 1.918030261993e+00 1.705635905266e+00 1.099643588066e+00 1.160898685455e+00 3.211629092693e-01 1.990348249674e-01 2.449107617140e-01 2.742051780224e-01 2.078391313553e-01 2.488192617893e-01 3.940360546112e-01 3.953256905079e-01 3.586827218533e-01 2.199884355068e-01 1.076042875648e-01 9.658619761467e-02 1.126078963280e-01 1.297166645527e-01 1.383360177279e-01 1.413213312626e-01 1.405334472656e-01 1.343495845795e-01 1.168273389339e-01 9.374871104956e-02 7.514040172100e-02 7.446401566267e-02 7.891363650560e-02 9.153754264116e-02 1.150015071034e-01 1.962220519781e-01 2.625878453255e-01
1.235907077789e+00 1.866185784340e+00 1.238209962845e+00 5.817572474480e-01 6.766571998596e-01 2.470844268799e+00 6.930244922638e+00 9.226374626160e+00 6.910415172577e+00 3.408592462540e+00 1.840254187584e+00 1.183060050011e+00 8.561072349548e-01 1.377799272537e+00 1.137377142906e+00 4.264948368073e-01 1.420505195856e-01 1.295054554939e-01 1.350034177303e-01 1.829541623592e-01 1.365272253752e-01 1.244124248624e-01 1.439533680677e-01 1.619369387627e-01 1.467308700085e-01 1.338745057583e-01 1.084498390555e-01 1.128326207399e-01 9.492795169353e-02 1.086174845695e-01 1.136701330543e-01 1.058964356780e-01 1.014405786991e-01 9.801891446114e-02 6.902205944061e-02 6.650342047215e-02 7.063284516335e-02 7.036902010441e-02 6.890805810690e-02 7.294526696205e-02 8.921077847481e-02 1.702725887299e-01 2.497891783714e-01
1.760290384293e+00 2.050432682037e+00 6.919704675674e-01 7.174317240715e-01 2.538108110428e+00 4.543987751007e+00 4.688119888306e+00 4.025462627411e+00 3.358825206757e+00 1.594103097916e+00 1.406968355179e+00 1.704463124275e+00 1.047246575356e+00 6.580172181129e-01 2.917830348015e-01 1.573631614447e-01 9.963674843311e-02 9.535707533360e-02 9.157124906778e-02 1.147348061204e-01 1.018121019006e-01 1.018607392907e-01 9.475556761026e-02 9.358083456755e-02 9.063791483641e-02 9.251255542040e-02 8.940933644772e-02 9.091696888208e-02 9.780842065811e-02 9.369157254696e-02 9.493309259415e-02 7.822731137276e-02 8.671448379755e-02 9.097474813461e-02 7.241508364677e-02 5.515949428082e-02 6.600756943226e-02 7.023908942938e-02 7.053774595261e-02 6.930850446224e-02 7.121633738279e-02 9.150296449661e-02 1.539550423622e-01
7.692052125931e-01 1.262874603271e+00 1.823934555054e+00 2.376022100449e+00 2.614485025406e+00 2.146970272064e+00 2.411233186722e+00 2.978390455246e+00 4.250530242920e+00 1.652343273163e+00 1.715401411057e+00 1.043651461601e+00 4.200626611710e-01 1.780477762222e-01 1.229980215430e-01 1.001265868545e-01 8.974832296371e-02 8.090466260910e-02 7.414575666189e-02 7.021406292915e-02 7.801656424999e-02 6.016296893358e-02 6.097336113453e-02 6.075265258551e-02 6.409855186939e-02 6.732039898634e-02 6.793106347322e-02 6.221949309111e-02 5.345342308283e-02 6.413654237986e-02 6.232678517699e-02 6.052390858531e-02 6.792817264795e-02 7.587179541588e-02 6.978843361139e-02 5.471602827311e-02 6.131999194622e-02 6.885735690594e-02 7.070936262608e-02 7.162701338530e-02 8.305505663157e-02 9.968919306993e-02 1.257888227701e-01
8.469222784042e-01 2.576177120209e+00 4.774350166321e+00 2.796687126160e+00 1.799049139023e+00 3.135422945023e+00 4.174110412598e+00 5.612866878510e+00 2.748503446579e+00 1.414568066597e+00 6.663143038750e-01 3.855732381344e-01 1.629236936569e-01 1.047061681747e-01 7.391142100096e-02 6.218441575766e-02 5.709327384830e-02 5.306632444263e-02 5.449273809791e-02 5.807071179152e-02 5.996035784483e-02 5.560235679150e-02 5.381523445249e-02 5.780659615993e-02 6.906449049711e-02 8.044289797544e-02 8.797272294760e-02 8.549583703279e-02 6.753063201904e-02 5.220576375723e-02 5.196169763803e-02 4.795510321856e-02 4.874669015408e-02 6.091835349798e-02 6.308025866747e-02 5.881904810667e-02 5.576067790389e-02 6.532309949398e-02 6.896109879017e-02 6.965235620737e-02 7.966040074825e-02 1.103612408042e-01 1.493645906448e-01
1.592338323593e+00 4.998189449310e+00 3.830562829971e+00 3.113040447235e+00 3.408876419067e+00 3.262688159943e+00 2.282941341400e+00 2.216164350510e+00 1.735481381416e+00 8.887786865234e-01 3.217047452927e-01 1.991879492998e-01 1.084340438247e-01 6.984388828278e-02 5.586243048310e-02 4.582968726754e-02 4.580831900239e-02 4.892393201590e-02 4.779647290707e-02 4.606758803129e-02 5.006113648415e-02 5.165390670300e-02 4.985866695642e-02 4.998329654336e-02 6.295151263475e-02 7.727820426226e-02 8.774899691343e-02 8.752878755331e-02 7.107764482498e-02 4.831111431122e-02 5.048890411854e-02 5.227982625365e-02 4.274201765656e-02 4.484361410141e-02 5.347320809960e-02 5.971315130591e-02 6.033764779568e-02 5.977982282639e-02 6.534567475319e-02 6.820917129517e-02 6.766363233328e-02 7.675496488810e-02 9.690823405981e-02
2.146421432495e+00 3.641541242599e+00 2.168073654175e+00 1.323377966881e+00 8.832288384438e-01 1.083203792572e+00 9.438670277596e-01 1.127318978310e+00 9.569430351257e-01 3.337351381779e-01 2.320279479027e-01 1.380999535322e-01 1.151485219598e-01 8.543822169304e-02 5.329250916839e-02 4.336292669177e-02 4.710194468498e-02 4.750946536660e-02 4.326282441616e-02 4.128212481737e-02 4.790681600571e-02 5.246365442872e-02 5.490046739578e-02 5.298103764653e-02 4.911196976900e-02 5.869249999523e-02 6.550661474466e-02 6.492555886507e-02 5.366766080260e-02 4.342719540000e-02 4.486082866788e-02 4.924036562443e-02 4.698151350021e-02 3.996905684471e-02 4.082141444087e-02 4.881263524294e-02 5.425611510873e-02 5.302415788174e-02 6.032762676477e-02 6.551188230515e-02 6.672751158476e-02 7.030589878559e-02 7.888760417700e-02
3.057483434677e+00 2.524825334549e+00 8.173094391823e-01 6.192947030067e-01 6.566707491875e-01 3.949897587299e-01 5.548937320709e-01 9.057287573814e-01 6.035084128380e-01 2.942135632038e-01 2.196326404810e-01 1.234637871385e-01 1.202475056052e-01 1.139449477196e-01 7.128010690212e-02 5.635504052043e-02 4.781309887767e-02 4.570685327053e-02 3.941661491990e-02 3.978901356459e-02 4.815531894565e-02 5.775117501616e-02 6.349371373653e-02 5.931208282709e-02 5.066066607833e-02 4.345701634884e-02 4.760435596108e-02 5.086219310760e-02 5.057325214148e-02 5.365287885070e-02 4.821686819196e-02 4.458244517446e-02 4.512189701200e-02 4.092302918434e-02 3.960127010942e-02 4.757674783468e-02 5.201209709048e-02 5.065828189254e-02 5.432792380452e-02 6.111378967762e-02 6.407660990953e-02 7.175127416849e-02 9.063700586557e-02
4.837345123291e+00 2.123998165131e+00 4.166097044945e-01 2.978604137897e-01 2.290142029524e-01 2.806081175804e-01 3.018772900105e-01 6.805772185326e-01 6.890947222710e-01 4.199848175049e-01 2.093845605850e-01 1.196155771613e-01 1.034728214145e-01 1.080753803253e-01 8.864681422710e-02 5.451809614897e-02 4.746203124523e-02 4.397346079350e-02 3.654883056879e-02 3.932929039001e-02 4.927726462483e-02 6.434139609337e-02 7.017133384943e-02 6.231878697872e-02 5.233778059483e-02 4.609328135848e-02 4.924961179495e-02 5.485275760293e-02 5.727986246347e-02 5.614009127021e-02 5.200306326151e-02 4.317906871438e-02 4.954008385539e-02 4.103161022067e-02 3.856005147099e-02 4.188523441553e-02 5.264585837722e-02 5.795867368579e-02 6.174206733704e-02 7.017147541046e-02 8.058156818151e-02 8.365850150585e-02 8.132202923298e-02
4.158007144928e+00 1.282413840294e+00 3.172428309917e-01 1.787741184235e-01 1.637326627970e-01 1.899844557047e-01 3.519015312195e-01 4.501284360886e-01 5.410823822021e-01 3.776872456074e-01 2.481272965670e-01 1.388723105192e-01 9.092098474503e-02 7.813664525747e-02 7.478375732899e-02 6.315257400274e-02 5.491327121854e-02 6.032922118902e-02 5.033998563886e-02 4.341172426939e-02 5.413847789168e-02 7.230357825756e-02 7.526985555887e-02 6.322219222784e-02 5.367645621300e-02 4.890542104840e-02 5.150600522757e-02 5.782230943441e-02 6.242423504591e-02 5.824757367373e-02 5.131546035409e-02 4.244862869382e-02 5.052847042680e-02 3.904965147376e-02 3.775437921286e-02 3.637412190437e-02 3.955454379320e-02 5.210581421852e-02 6.637322157621e-02 8.545334637165e-02 1.043286100030e-01 1.117715686560e-01 1.130386590958e-01
2.188816308975e+00 4.015329778194e-01 1.892535686493e-01 1.645935922861e-01 1.376589834690e-01 1.407041996717e-01 2.270062267780e-01 1.257731020451e-01 3.286038935184e-01 4.966081976891e-01 3.525972068310e-01 2.682088017464e-01 1.342279762030e-01 8.252042531967e-02 7.050704210997e-02 7.124289125204e-02 7.554189860821e-02 6.791239231825e-02 5.994403734803e-02 5.297297239304e-02 6.475678086281e-02 7.954126596451e-02 7.658854126930e-02 6.449129432440e-02 5.755280703306e-02 5.414706096053e-02 5.443828925490e-02 6.072565168142e-02 6.597665697336e-02 6.321350485086e-02 5.284229293466e-02 4.180308803916e-02 4.767838120461e-02 4.320083558559e-02 3.745577484369e-02 3.723629564047e-02 3.587694093585e-02 3.751509264112e-02 4.799229279160e-02 7.336509972811e-02 1.001914963126e-01 1.168223693967e-01 1.263632625341e-01
5.924976468086e-01 2.294951975346e-01 1.484845280647e-01 1.420336216688e-01 1.108798310161e-01 1.007210984826e-01 1.020748019218e-01 9.586827456951e-02 1.195581853390e-01 4.096537232399e-01 4.541095495224e-01 6.652340292931e-01 4.256735742092e-01 1.529357880354e-01 9.489662200212e-02 7.910051941872e-02 8.574111759663e-02 1.014383062720e-01 9.448564797640e-02 7.565223425627e-02 7.380630820990e-02 8.267829567194e-02 7.432625442743e-02 6.414540857077e-02 6.036281213164e-02 5.976823344827e-02 6.090858578682e-02 6.207216531038e-02 6.750850379467e-02 6.781701743603e-02 5.849014222622e-02 4.509917646646e-02 4.471513628960e-02 4.474259540439e-02 4.181824624538e-02 4.283589869738e-02 4.241253435612e-02 4.166818037629e-02 4.112003743649e-02 4.225164651871e-02 5.702583491802e-02 7.594861835241e-02 8.954171836376e-02
2.114502042532e-01 1.321778893471e-01 1.330593228340e-01 1.160365864635e-01 9.458278119564e-02 8.582253754139e-02 7.459915429354e-02 7.438607513905e-02 8.784176409245e-02 1.697833836079e-01 6.782472133636e-01 1.665290355682e+00 1.142690181732e+00 3.643126785755e-01 1.601130217314e-01 9.937979280949e-02 8.925483375788e-02 1.070625260472e-01 1.036857962608e-01 1.090228259563e-01 1.049136519432e-01 8.648009598255e-02 7.731895148754e-02 6.935192644596e-02 6.721857190132e-02 6.770641356707e-02 6.757882237434e-02 6.582225859165e-02 6.766189634800e-02 7.137210667133e-02 6.453450024128e-02 4.715717583895e-02 4.357630014420e-02 4.296503588557e-02 4.512600600719e-02 4.844118654728e-02 5.069775134325e-02 5.139828100801e-02 5.096063390374e-02 4.910422489047e-02 4.927535727620e-02 5.184039473534e-02 5.349303036928e-02
1.915602982044e-01 1.088545843959e-01 1.184523925185e-01 9.061916172504e-02 7.396247237921e-02 6.986735016108e-02 6.108956038952e-02 6.295410543680e-02 6.332647800446e-02 1.176711469889e-01 5.137642025948e-01 1.385909795761e+00 1.253672719002e+00 8.077533841133e-01 1.954638808966e-01 1.080172583461e-01 8.220597356558e-02 1.185007840395e-01 1.406290531158e-01 1.318791061640e-01 1.078408509493e-01 8.432824909687e-02 8.346184343100e-02 7.847718894482e-02 7.582541555166e-02 7.406143099070e-02 7.088729739189e-02 6.466375291348e-02 6.822028011084e-02 7.207289338112e-02 6.352595239878e-02 4.907911643386e-02 5.081439390779e-02 4.917575418949e-02 4.662970080972e-02 4.526662826538e-02 4.836210981011e-02 5.022485181689e-02 4.969920963049e-02 4.649842157960e-02 5.163108184934e-02 6.095064058900e-02 6.756234169006e-02
2.361662834883e-01 1.239529177547e-01 1.042943745852e-01 8.062313497066e-02 6.054800748825e-02 5.711883679032e-02 5.863857641816e-02 5.726998299360e-02 5.750844627619e-02 7.357776165009e-02 1.951056867838e-01 7.121296525002e-01 2.587985038757e+00 1.996834397316e+00 3.347295224667e-01 1.262270808220e-01 1.391670107841e-01 1.484238207340e-01 1.319355517626e-01 1.049754992127e-01 8.526033908129e-02 8.697786182165e-02 9.216090291739e-02 8.921881020069e-02 8.312757313251e-02 7.540945708752e-02 6.523797661066e-02 6.021172925830e-02 7.050017267466e-02 7.250622659922e-02 6.510528922081e-02 7.231263071299e-02 7.248579710722e-02 6.854739040136e-02 6.165295839310e-02 4.793825373054e-02 4.031877592206e-02 4.010867327452e-02 4.121057316661e-02 4.428656026721e-02 5.203421041369e-02 6.484712660313e-02 8.032028377056e-02
2.500765621662e-01 1.406790763140e-01 1.054931432009e-01 7.034245133400e-02 5.273812636733e-02 5.531843379140e-02 5.463600158691e-02 5.568504333496e-02 5.011314153671e-02 5.629760399461e-02 1.102794855833e-01 3.623054027557e-01 1.257434725761e+00 1.108012914658e+00 3.698454499245e-01 2.104029059410e-01 1.728910207748e-01 1.341070085764e-01 1.032825931907e-01 8.267290890217e-02 8.233865350485e-02 8.781880140305e-02 9.333887696266e-02 8.873820304871e-02 7.663007825613e-02 6.216102838516e-02 5.191415548325e-02 5.652452632785e-02 7.088364660740e-02 7.454016804695e-02 7.716313749552e-02 8.477870374918e-02 8.416546881199e-02 7.838578522205e-02 6.662584841251e-02 5.014327913523e-02 5.136507377028e-02 5.332231521606e-02 5.648121237755e-02 5.916574969888e-02 5.990196019411e-02 6.675133109093e-02 8.611522614956e-02
2.337783575058e-01 1.257745027542e-01 8.873166888952e-02 5.523998662829e-02 5.064479634166e-02 5.463151633739e-02 5.277818441391e-02 4.566585272551e-02 3.630381077528e-02 5.078967660666e-02 9.381842613220e-02 1.603488773108e-01 4.435133039951e-01 5.265020728111e-01 3.810514509678e-01 2.332534641027e-01 1.474622786045e-01 1.047627702355e-01 9.703545272350e-02 9.420499205589e-02 8.479818701744e-02 8.015851676464e-02 7.751218229532e-02 6.808272004128e-02 5.369684845209e-02 4.836517199874e-02 4.770603775978e-02 5.094669386744e-02 6.611109524965e-02 7.396617531776e-02 5.478598177433e-02 5.957831069827e-02 5.958136916161e-02 5.570514127612e-02 5.419968068600e-02 5.922933295369e-02 6.400440633297e-02 7.032717764378e-02 7.721739262342e-02 8.109823614359e-02 7.962325960398e-02 7.419494539499e-02 8.452695608139e-02
2.088573724031e-01 9.300073981285e-02 6.376691907644e-02 3.959151729941e-02 4.742085188627e-02 5.261804163456e-02 5.041132122278e-02 4.161152243614e-02 3.074933029711e-02 4.572058841586e-02 8.430851995945e-02 1.304686516523e-01 3.085927665234e-01 3.955185115337e-01 3.072720468044e-01 1.818618029356e-01 1.125548407435e-01 1.043695360422e-01 1.026766672730e-01 8.605402708054e-02 6.839347630739e-02 5.711059644818e-02 4.995966330171e-02 4.185620695353e-02 3.965050354600e-02 3.899037465453e-02 3.909610584378e-02 4.331041872501e-02 5.760087817907e-02 6.741638481617e-02 5.233515053988e-02 4.106982052326e-02 3.913202509284e-02 4.999782517552e-02 5.913864821196e-02 6.715946644545e-02 7.645162194967e-02 8.801117539406e-02 9.885119646788e-02 1.032569408417e-01 9.821250289679e-02 8.659677952528e-02 8.333259820938e-02
