100/SI/f154.grd
DSAA
101	101
32.816463539100	34.260883539100
35.556306596100	36.727886596100
1.420531072654e-03	2.328041381836e+02
[rows 76 to 94 of 101, columns 0 to 42 of 101]
1.494633685797e-02 2.162465453148e-02 2.846842259169e-02 3.372237831354e-02 3.624978289008e-02 3.648890554905e-02 3.525377064943e-02 3.328404575586e-02 3.104346059263e-02 3.353799507022e-02 3.792599961162e-02 4.548216983676e-02 5.386693775654e-02 5.924321711063e-02 6.032308191061e-02 5.855888500810e-02 5.333138629794e-02 5.681189149618e-02 5.849163234234e-02 6.253535300493e-02 8.633004873991e-02 8.445731550455e-02 5.529434606433e-02 6.002737581730e-02 5.562068521976e-02 5.114293098450e-02 5.234336853027e-02 5.819118022919e-02 6.536843627691e-02 6.908996403217e-02 6.652025878429e-02 6.264404207468e-02 6.089727953076e-02 6.033084541559e-02 6.630384176970e-02 7.951858639717e-02 1.539317816496e-01 1.834275424480e-01 1.726509779692e-01 1.217304095626e-01 1.202334389091e-01 1.987036019564e-01 3.460444808006e-01
1.504321116954e-02 2.433091774583e-02 3.230651468039e-02 3.727590292692e-02 3.926289081573e-02 3.907100856304e-02 3.752500936389e-02 3.523629903793e-02 3.663261234760e-02 4.067381843925e-02 4.681491479278e-02 5.535767599940e-02 6.325901299715e-02 6.710729002953e-02 6.606847792864e-02 6.127934902906e-02 5.219894275069e-02 5.366840213537e-02 5.388865992427e-02 4.796953499317e-02 4.925791174173e-02 5.165052413940e-02 4.505351185799e-02 5.430910736322e-02 5.754607915878e-02 5.279182270169e-02 5.674831941724e-02 6.835258752108e-02 7.586944103241e-02 7.673857361078e-02 7.157938927412e-02 6.568095833063e-02 6.518831849098e-02 6.391769647598e-02 7.774600386620e-02 8.345252275467e-02 1.379424333572e-01 1.541949212551e-01 1.693598031998e-01 1.918377131224e-01 3.966938853264e-01 5.171868205070e-01 4.894471466541e-01
1.602824777365e-02 2.557481825352e-02 3.332226350904e-02 3.771755099297e-02 3.912564739585e-02 3.847871348262e-02 3.652324527502e-02 3.988939523697e-02 4.495568573475e-02 5.030466243625e-02 5.722055956721e-02 6.451322883368e-02 6.922391057014e-02 6.908717006445e-02 6.413754820824e-02 5.568809062243e-02 4.423613846302e-02 4.643965139985e-02 4.496836662292e-02 3.942781314254e-02 3.595117479563e-02 4.034769535065e-02 4.883955046535e-02 6.511225551367e-02 6.856748461723e-02 6.184824183583e-02 7.588578015566e-02 8.232226967812e-02 8.419735729694e-02 8.234019577503e-02 7.698383927345e-02 7.135190069675e-02 6.794188916683e-02 7.822702080011e-02 1.008286774158e-01 1.301200538874e-01 1.713116616011e-01 2.129956930876e-01 1.782006919384e-01 4.672318696976e-01 5.384785532951e-01 5.198006629944e-01 5.131672024727e-01
1.448367722332e-02 2.289806492627e-02 2.952855639160e-02 3.309011459351e-02 3.399710357189e-02 3.306147456169e-02 3.793290629983e-02 4.317687451839e-02 4.737461730838e-02 5.154488235712e-02 5.592433735728e-02 5.917184799910e-02 5.952784046531e-02 5.603055283427e-02 4.947994276881e-02 4.137564450502e-02 3.872255980968e-02 3.735505789518e-02 3.491484001279e-02 3.210464119911e-02 3.329413756728e-02 3.708395361900e-02 5.862275883555e-02 7.974987477064e-02 8.623894304037e-02 9.063670784235e-02 9.315970540047e-02 9.387385100126e-02 8.843384683132e-02 8.316291868687e-02 7.869652658701e-02 7.470680028200e-02 8.266418427229e-02 9.829296916723e-02 1.253803819418e-01 1.445036232471e-01 1.409106999636e-01 2.305882424116e-01 2.680012285709e-01 3.942736685276e-01 4.598310291767e-01 4.636715054512e-01 4.714883863926e-01
1.201936136931e-02 1.924944110215e-02 2.347551472485e-02 2.558046393096e-02 2.626419626176e-02 3.055362217128e-02 3.509959205985e-02 3.789544850588e-02 3.918405994773e-02 4.033075645566e-02 4.166463762522e-02 4.245349392295e-02 4.162096977234e-02 3.851188719273e-02 3.965334966779e-02 4.058384895325e-02 4.014564678073e-02 3.807959333062e-02 3.483706712723e-02 3.145925700665e-02 3.136343136430e-02 3.863963484764e-02 6.600932776928e-02 9.072001278400e-02 1.028190851212e-01 1.091337129474e-01 1.099627166986e-01 1.131516471505e-01 1.102130338550e-01 9.485498815775e-02 8.158019185066e-02 7.818805426359e-02 9.102885425091e-02 9.974911808968e-02 1.055355519056e-01 1.132127642632e-01 1.504564583302e-01 2.225446999073e-01 2.940244972706e-01 2.978186309338e-01 4.658283293247e-01 5.586823821068e-01 4.381677210331e-01
1.642318628728e-02 2.488870918751e-02 3.011348284781e-02 3.237755224109e-02 3.372137621045e-02 3.432912379503e-02 3.452995792031e-02 3.430456295609e-02 3.364988043904e-02 3.274717181921e-02 3.418630734086e-02 3.714890033007e-02 3.972363471985e-02 4.195010662079e-02 4.351875185966e-02 4.391156509519e-02 4.267515614629e-02 3.967392817140e-02 3.550762683153e-02 3.459235653281e-02 3.298940509558e-02 4.165730252862e-02 6.801538169384e-02 9.361449629068e-02 2.325041741133e-01 6.881010532379e-01 7.323039770126e-01 3.297995030880e-01 1.920025944710e-01 1.514128297567e-01 1.075285822153e-01 8.279614895582e-02 9.670004993677e-02 1.268884241581e-01 1.033699661493e-01 1.227981895208e-01 1.361188590527e-01 2.297060191631e-01 4.014787673950e-01 3.918322324753e-01 4.343053698540e-01 5.738365650177e-01 7.888825535774e-01
2.323057502508e-02 3.436043485999e-02 4.093455150723e-02 4.444827511907e-02 4.542877897620e-02 4.517294093966e-02 4.426269233227e-02 4.287469014525e-02 4.111257568002e-02 3.955436497927e-02 4.650285094976e-02 5.342682451010e-02 5.943709239364e-02 6.355402618647e-02 6.493636965752e-02 6.318831443787e-02 5.833823978901e-02 5.073946714401e-02 4.688153415918e-02 4.456729069352e-02 4.173321276903e-02 4.859842732549e-02 6.801968812943e-02 1.523225307465e-01 6.439666748047e-01 1.853741049767e+00 2.026852130890e+00 1.019517421722e+00 4.419132769108e-01 2.171690464020e-01 1.403014957905e-01 1.053232103586e-01 9.567659348249e-02 1.352833062410e-01 1.475261896849e-01 1.530888825655e-01 1.371191740036e-01 2.068431973457e-01 4.733390212059e-01 7.116926908493e-01 4.697196781635e-01 4.532628059387e-01 1.003991961479e+00
2.916969545186e-02 4.164449125528e-02 4.982163384557e-02 5.298546701670e-02 5.284491926432e-02 5.110513791442e-02 4.861055314541e-02 4.732066765428e-02 5.550837516785e-02 6.771833449602e-02 8.032213896513e-02 9.222685545683e-02 1.023577749729e-01 1.103465408087e-01 1.158538386226e-01 1.178420558572e-01 1.147911995649e-01 1.049226820469e-01 8.654911071062e-02 6.432107090950e-02 5.947706475854e-02 6.078879907727e-02 1.339192390442e-01 2.425238490105e-01 6.966382861137e-01 5.735898017883e+00 1.071214962006e+01 2.326557397842e+00 1.018072843552e+00 3.654089570045e-01 1.716689169407e-01 1.303594112396e-01 1.269988566637e-01 1.765552014112e-01 2.122616767883e-01 2.071152329445e-01 1.712142974138e-01 2.505968511105e-01 3.985045850277e-01 8.738363981247e-01 8.786799311638e-01 4.336481392384e-01 1.045495390892e+00
3.103280253708e-02 4.340371489525e-02 5.072143301368e-02 5.247128754854e-02 5.069108307362e-02 5.282279476523e-02 5.835491046309e-02 6.201508641243e-02 7.420738041401e-02 9.135911613703e-02 1.092482581735e-01 1.262316852808e-01 1.411346048117e-01 1.544309854507e-01 1.671960055828e-01 1.792943328619e-01 1.873733252287e-01 1.840849220753e-01 1.595162749290e-01 1.145275533199e-01 8.831980824471e-02 1.259754449129e-01 2.215140461922e-01 3.139728903770e-01 1.374874234200e+00 3.302218198776e+00 4.187195777893e+00 1.268992185593e+00 4.754171073437e-01 2.913968563080e-01 2.491846680641e-01 3.050114512444e-01 3.939243853092e-01 3.653788566589e-01 2.661415636539e-01 2.626300752163e-01 2.190013527870e-01 2.556896507740e-01 2.807258367538e-01 5.742114186287e-01 7.640137672424e-01 4.903695583344e-01 1.835374593735e+00
4.239067807794e-02 6.711336970329e-02 8.459018915892e-02 9.451457113028e-02 1.000343412161e-01 1.021550223231e-01 1.011327579618e-01 9.740223735571e-02 9.168426692486e-02 9.461669623852e-02 1.142017990351e-01 1.339400708675e-01 1.526819467545e-01 1.706789731979e-01 1.899020522833e-01 2.125593721867e-01 2.345502823591e-01 2.425718009472e-01 2.184822410345e-01 1.974000185728e-01 1.990610212088e-01 2.145638614893e-01 2.750348150730e-01 3.733864724636e-01 7.112345099449e-01 2.624810636044e-01 2.060211002827e-01 2.059833407402e-01 2.241961061954e-01 2.427503168583e-01 2.685360312462e-01 1.867350697517e+00 1.227823853493e+00 9.844497442245e-01 5.939860343933e-01 8.775377273560e-01 8.077700734138e-01 3.796345591545e-01 2.949425280094e-01 3.543405532837e-01 5.284914970398e-01 1.397189259529e+00 2.123548269272e+00
7.778512686491e-02 1.208826526999e-01 1.480516791344e-01 1.590516418219e-01 1.608002632856e-01 1.567564904690e-01 1.486915796995e-01 1.381358802319e-01 1.287083327770e-01 1.334957629442e-01 1.368724107742e-01 1.379503011703e-01 1.463156640530e-01 1.661520004272e-01 1.849247813225e-01 2.060384154320e-01 2.269118279219e-01 3.370525836945e-01 4.352957010269e-01 4.382169842720e-01 4.474232494831e-01 4.425209164619e-01 3.231754004955e-01 3.889841437340e-01 1.931630969048e-01 1.460035890341e-01 1.340982019901e-01 1.161798760295e-01 1.313760131598e-01 1.835966259241e-01 4.096921980381e-01 2.221332073212e+00 1.581403851509e+00 1.096775531769e+00 9.571619033813e-01 2.035009860992e+00 1.942123889923e+00 8.776088953018e-01 6.580680608749e-01 6.092105507851e-01 7.789393663406e-01 1.318048238754e+00 2.361491203308e+00
1.121975481510e-01 1.707302927971e-01 2.009163200855e-01 2.062904387712e-01 2.526536881924e-01 2.716610431671e-01 2.669857442379e-01 2.488277554512e-01 2.244012802839e-01 2.022301554680e-01 2.043190002441e-01 1.998654007912e-01 2.114367932081e-01 2.438303381205e-01 2.670750319958e-01 2.881239354610e-01 3.225026428699e-01 3.580245673656e-01 3.314773142338e-01 3.790109157562e-01 3.973589837551e-01 3.237083852291e-01 2.655927240849e-01 1.521304845810e-01 1.337005347013e-01 1.038456931710e-01 8.608287572861e-02 6.905443966389e-02 6.328208744526e-02 1.125539988279e-01 1.795275509357e-01 9.468633532524e-01 1.259463429451e+00 1.901211619377e+00 2.017912387848e+00 2.601103067398e+00 1.854288816452e+00 8.710886836052e-01 1.367115378380e+00 1.364338159561e+00 9.698354005814e-01 1.271875977516e+00 4.075957775116e+00
1.315225362778e-01 1.981716305017e-01 2.291963249445e-01 2.555350363255e-01 3.098421096802e-01 3.307216763496e-01 3.231158554554e-01 2.992707490921e-01 2.673694193363e-01 2.331790775061e-01 2.071118801832e-01 2.278559952974e-01 2.635626792908e-01 3.026001751423e-01 3.289947509766e-01 3.377152681351e-01 3.165707588196e-01 2.601676285267e-01 2.055170536041e-01 1.776540428400e-01 1.511158049107e-01 1.058835461736e-01 9.488277882338e-02 9.073002636433e-02 8.080130815506e-02 6.591205298901e-02 5.080131813884e-02 4.820349067450e-02 6.145973131061e-02 9.256868809462e-02 1.332018971443e-01 5.259556770325e-01 5.764507055283e-01 1.112080693245e+00 1.289273858070e+00 2.949780464172e+00 2.599601030350e+00 1.356557011604e+00 1.242070317268e+00 5.442455768585e+00 1.279801273346e+01 3.317671537399e+00 2.039003133774e+00
9.810651093721e-02 1.464029252529e-01 1.672554761171e-01 1.691567003727e-01 2.019055783749e-01 2.133243232965e-01 2.072206586599e-01 1.912357658148e-01 1.702823638916e-01 1.481382399797e-01 1.379758864641e-01 1.483454257250e-01 1.539719253778e-01 1.549183130264e-01 1.523699164391e-01 1.546873897314e-01 1.387149542570e-01 1.112680658698e-01 1.295275390148e-01 1.220610886812e-01 9.721101820469e-02 7.080269604921e-02 6.624923646450e-02 5.905194953084e-02 4.937600344419e-02 3.881182149053e-02 4.406668618321e-02 6.130146607757e-02 7.686300575733e-02 1.579915285110e-01 1.998483985662e-01 2.984522879124e-01 5.151599049568e-01 3.870098888874e-01 3.344735205173e-01 4.073659479618e-01 2.534060239792e+00 1.460651636124e+00 1.133147120476e+00 7.266080379486e+00 1.604157257080e+01 1.763304114342e+00 6.363160014153e-01
4.641680419445e-02 6.854866445065e-02 8.058319985867e-02 9.160163998604e-02 9.590137749910e-02 1.000499501824e-01 1.010018065572e-01 9.569529443979e-02 9.098345041275e-02 8.968567848206e-02 8.802520483732e-02 8.086818456650e-02 8.255024254322e-02 8.483644574881e-02 8.415497839451e-02 7.960826158524e-02 1.073099747300e-01 1.370014548302e-01 1.290651112795e-01 9.654410928488e-02 6.155790388584e-02 4.467010870576e-02 4.048511385918e-02 3.506333380938e-02 2.922332100570e-02 4.485613107681e-02 6.912329047918e-02 9.233654290438e-02 1.276366114616e-01 2.072457373142e-01 2.847743332386e-01 3.840590715408e-01 4.406540095806e-01 3.706186413765e-01 2.293157577515e-01 2.660448551178e-01 5.162912607193e-01 1.302459597588e+00 2.140199661255e+00 2.236826181412e+00 1.186583161354e+00 4.545200169086e-01 4.242955148220e-01
3.067415766418e-02 4.466615617275e-02 5.665774270892e-02 6.401205062866e-02 6.687878072262e-02 6.654829531908e-02 6.496486067772e-02 6.187221780419e-02 5.820868909359e-02 5.433781072497e-02 5.037394911051e-02 4.642335698009e-02 4.264057055116e-02 4.162969440222e-02 4.109890386462e-02 5.849362164736e-02 9.962787479162e-02 1.178196668625e-01 1.007856726646e-01 6.941924244165e-02 4.222640395164e-02 2.692492678761e-02 2.693273127079e-02 2.946335449815e-02 4.003034904599e-02 6.812060624361e-02 1.027899309993e-01 1.447040140629e-01 2.062492221594e-01 2.816694378853e-01 4.215114712715e-01 4.350523650646e-01 3.944658041000e-01 2.144953310490e-01 1.621428281069e-01 2.207962125540e-01 2.674112915993e-01 1.017542719841e+00 2.511052131653e+00 1.444775700569e+00 8.618890047073e-01 3.880178630352e-01 3.682981133461e-01
2.130981534719e-02 3.086237609386e-02 3.860358521342e-02 4.340472444892e-02 4.556565359235e-02 4.583948105574e-02 4.485020786524e-02 4.299839213490e-02 4.056469351053e-02 3.768642991781e-02 3.453132510185e-02 3.117749840021e-02 3.311011567712e-02 3.329635411501e-02 3.073286078870e-02 3.465583175421e-02 6.203989684582e-02 7.717265933752e-02 7.206942141056e-02 5.634711682796e-02 3.977476060390e-02 2.671720646322e-02 2.880345098674e-02 3.308441117406e-02 5.654957145452e-02 1.254099756479e-01 2.681379616261e-01 2.481170296669e-01 2.051844596863e-01 3.799067139626e-01 5.173206329346e-01 4.437572360039e-01 3.189354836941e-01 1.495240926743e-01 1.594997644424e-01 2.192629277706e-01 3.072224259377e-01 1.087594389915e+00 1.828780651093e+00 8.661066293716e-01 5.023188591003e-01 3.097757399082e-01 2.781117260456e-01
1.426380034536e-02 2.046875469387e-02 2.538996189833e-02 2.839164808393e-02 2.971420995891e-02 2.985382825136e-02 2.915803715587e-02 2.785054594278e-02 2.606326155365e-02 2.390919439495e-02 2.369247190654e-02 2.662556804717e-02 2.777903154492e-02 2.656349912286e-02 2.553734183311e-02 2.920637279749e-02 3.243167325854e-02 3.941716998816e-02 4.504978656769e-02 4.344981908798e-02 3.695627301931e-02 2.917603030801e-02 3.073804080486e-02 4.218879342079e-02 7.359953224659e-02 2.184753268957e-01 3.125631511211e-01 1.860742717981e-01 2.088157087564e-01 4.017139375210e-01 5.439248085022e-01 4.309323132038e-01 3.002505898476e-01 2.059930115938e-01 2.266341894865e-01 2.191428989172e-01 4.725485444069e-01 1.888730168343e+00 1.363042831421e+00 3.620382547379e-01 7.250070571899e-01 3.154172599316e-01 2.150393277407e-01
8.387806825340e-03 1.193066406995e-02 1.469090487808e-02 1.632125675678e-02 1.697800122201e-02 1.695041172206e-02 1.643148623407e-02 1.554421801120e-02 1.492464076728e-02 1.820921152830e-02 2.130411751568e-02 2.333109267056e-02 2.349985577166e-02 2.607355825603e-02 3.014803119004e-02 3.427179902792e-02 3.787172213197e-02 4.021349549294e-02 4.058184102178e-02 3.870662301779e-02 3.529196977615e-02 3.273775056005e-02 3.638604283333e-02 5.257001146674e-02 8.876726031303e-02 2.449340075254e-01 2.582112848759e-01 2.050255537033e-01 1.866477429867e-01 3.593105375767e-01 5.035584568977e-01 3.925228416920e-01 3.837006688118e-01 2.589013874531e-01 2.730565369129e-01 1.957241594791e-01 4.495612978935e-01 1.216751694679e+00 5.920764803886e-01 4.247747063637e-01 9.610019922256e-01 3.105580806732e-01 1.645365059376e-01
