100/SI/f154.grd
DSAA
101	101
32.816463539100	34.260883539100
35.556306596100	36.727886596100
1.420531072654e-03	2.328041381836e+02
[rows 57 to 75 of 101, columns 0 to 42 of 101]
7.862816751003e-02 1.291555613279e-01 1.401787549257e-01 1.403127908707e-01 1.486393809319e-01 1.817395687103e-01 2.034276574850e-01 2.230117917061e-01 2.413439899683e-01 2.466440498829e-01 2.372629344463e-01 3.323800861835e-01 5.694032311440e-01 3.112476766109e-01 2.264840006828e-01 3.414847254753e-01 3.057503104210e-01 3.428314626217e-01 4.143569171429e-01 4.317491054535e-01 4.444455206394e-01 3.323404192924e-01 2.309669703245e-01 2.030770629644e-01 2.202427089214e-01 3.050350844860e-01 4.874956607819e-01 6.047513484955e-01 4.727922677994e-01 2.758599519730e-01 2.160576730967e-01 1.700823605061e-01 1.782045513391e-01 2.139730304480e-01 2.529230415821e-01 3.246884644032e-01 3.741104900837e-01 4.035620987415e-01 6.670419573784e-01 8.740010857582e-01 7.492353320122e-01 6.642599105835e-01 7.481753230095e-01
9.936144202948e-02 1.626520752907e-01 1.858069449663e-01 1.885691285133e-01 1.865025907755e-01 1.813999116421e-01 1.810866445303e-01 1.896136701107e-01 1.974841803312e-01 3.215062320232e-01 1.043174028397e+00 1.207912683487e+00 4.512984156609e-01 2.341802269220e-01 2.350877076387e-01 2.188248336315e-01 2.366438508034e-01 2.356992810965e-01 2.687557339668e-01 3.404740691185e-01 4.131648838520e-01 4.413002431393e-01 3.085169494152e-01 1.939476728439e-01 2.233137786388e-01 3.407305181026e-01 5.146546363831e-01 5.513979196548e-01 5.580905675888e-01 3.548833131790e-01 2.143889218569e-01 1.946043521166e-01 1.864461451769e-01 2.228547036648e-01 2.631771862507e-01 2.725660800934e-01 2.804057002068e-01 2.919306755066e-01 2.944650650024e-01 3.178207576275e-01 3.833187520504e-01 5.240478515625e-01 6.032794713974e-01
1.329135000706e-01 2.185358852148e-01 2.528600096703e-01 3.595233261585e-01 4.622080624104e-01 5.871296525002e-01 7.730795145035e-01 1.128079771996e+00 2.070339202881e+00 2.923404693604e+00 1.944198250771e+00 4.948568046093e-01 3.339195549488e-01 2.921072840691e-01 2.123763114214e-01 2.233742624521e-01 2.361033111811e-01 2.323199957609e-01 2.212544083595e-01 2.366012483835e-01 3.985601365566e-01 4.516741633415e-01 3.203105330467e-01 1.841527074575e-01 1.443132609129e-01 2.225895226002e-01 3.156736493111e-01 3.258524537086e-01 3.402155339718e-01 2.766320109367e-01 1.930381208658e-01 2.032894939184e-01 1.924536377192e-01 2.160094827414e-01 2.607635855675e-01 2.703919708729e-01 2.578808963299e-01 2.367732524872e-01 2.178966403008e-01 2.439307719469e-01 3.111896514893e-01 3.987656235695e-01 5.274594426155e-01
1.298796832561e-01 2.323723435402e-01 4.064905941486e-01 5.820503234863e-01 7.377386689186e-01 9.778747558594e-01 1.424007773399e+00 2.127727270126e+00 2.138788223267e+00 9.893078207970e-01 2.384374141693e-01 2.780621349812e-01 3.024584054947e-01 2.687604427338e-01 2.412155419588e-01 2.532127201557e-01 2.537190318108e-01 2.434095442295e-01 1.891642212868e-01 1.850557625294e-01 2.870457768440e-01 3.202453851700e-01 2.376612126827e-01 1.486920118332e-01 1.142673119903e-01 1.234598085284e-01 1.655360460281e-01 2.047677189112e-01 2.402794063091e-01 2.075785547495e-01 1.898871958256e-01 1.776872128248e-01 1.896780431271e-01 2.101264446974e-01 2.522373199463e-01 2.586891055107e-01 2.343449741602e-01 2.008748948574e-01 1.835971921682e-01 2.041090875864e-01 3.009798526764e-01 3.790915012360e-01 4.827092587948e-01
7.866101711988e-02 1.371329128742e-01 1.676638275385e-01 1.764950156212e-01 1.768088191748e-01 1.760135740042e-01 1.744427531958e-01 1.706721931696e-01 1.673718392849e-01 1.636527031660e-01 1.535362452269e-01 1.616319715977e-01 1.771900802851e-01 2.267001271248e-01 2.549679577351e-01 2.662994563580e-01 2.562590241432e-01 2.272977530956e-01 1.678100377321e-01 1.335293203592e-01 1.607367992401e-01 1.667707562447e-01 1.315676271915e-01 9.754177927971e-02 8.591010421515e-02 9.412856400013e-02 1.208436489105e-01 1.453086882830e-01 1.726206839085e-01 1.858391463757e-01 1.758817881346e-01 1.571630090475e-01 1.823935955763e-01 2.208525240421e-01 2.636877000332e-01 2.552990317345e-01 2.122490108013e-01 1.684443354607e-01 1.861152946949e-01 2.084374874830e-01 3.109345734119e-01 3.861313760281e-01 4.549286663532e-01
3.692277520895e-02 6.883276253939e-02 8.929164707661e-02 9.863690286875e-02 1.022673025727e-01 1.052405089140e-01 1.080778688192e-01 1.101602762938e-01 1.134294420481e-01 1.167092099786e-01 1.143643260002e-01 1.075033098459e-01 1.096433252096e-01 1.455675214529e-01 1.712764352560e-01 1.803017705679e-01 1.640189737082e-01 1.458946615458e-01 1.231800168753e-01 1.043981239200e-01 8.573584258556e-02 7.998216897249e-02 6.600200384855e-02 7.320522516966e-02 8.634722977877e-02 9.081745147705e-02 1.002384796739e-01 1.207835227251e-01 1.461274176836e-01 1.598703414202e-01 1.575186550617e-01 1.487447172403e-01 1.822361946106e-01 2.447696179152e-01 2.845257520676e-01 2.569844722748e-01 1.928872913122e-01 1.657831966877e-01 1.908041238785e-01 2.247215658426e-01 3.018160760403e-01 3.401402235031e-01 3.922526836395e-01
2.543831802905e-02 4.284495487809e-02 5.321088060737e-02 6.051877140999e-02 6.511697918177e-02 6.913016736507e-02 7.297669351101e-02 7.619020342827e-02 8.003952354193e-02 8.398342877626e-02 8.450860530138e-02 8.178829401731e-02 7.866689562798e-02 7.587318122387e-02 7.657596468925e-02 8.684020489454e-02 9.157359600067e-02 9.032978862524e-02 8.288516104221e-02 7.914417982101e-02 6.828112155199e-02 6.405780464411e-02 5.636638030410e-02 7.456137239933e-02 9.190878272057e-02 1.006843596697e-01 1.001209020615e-01 9.901038557291e-02 1.207009702921e-01 1.342484652996e-01 1.375031918287e-01 1.366862803698e-01 1.851290911436e-01 2.591200172901e-01 2.859922349453e-01 2.387986034155e-01 1.688817590475e-01 1.667071729898e-01 1.995672136545e-01 2.241670638323e-01 2.602789402008e-01 2.994404435158e-01 3.074380457401e-01
2.057533711195e-02 3.504727780819e-02 4.418373480439e-02 4.859699308872e-02 5.174476653337e-02 5.441298708320e-02 5.637076497078e-02 5.674133449793e-02 5.862326174974e-02 6.088535115123e-02 6.136704236269e-02 6.034038588405e-02 5.931314826012e-02 5.795795470476e-02 6.021502614021e-02 6.918241083622e-02 7.352966815233e-02 7.254740595818e-02 6.708747893572e-02 6.264539062977e-02 6.632304191589e-02 6.438675522804e-02 5.601141974330e-02 7.444499433041e-02 9.392192214727e-02 1.058350801468e-01 1.072433218360e-01 1.038649082184e-01 1.062706261873e-01 1.164736077189e-01 1.213143840432e-01 1.278378069401e-01 1.842498481274e-01 2.536213994026e-01 2.612037956715e-01 2.055046260357e-01 1.565755456686e-01 1.715284287930e-01 2.090693265200e-01 2.208883017302e-01 2.307621091604e-01 2.495062649250e-01 2.290248721838e-01
1.980792731047e-02 3.173184394836e-02 4.026186838746e-02 4.420454055071e-02 4.590241238475e-02 4.735509678721e-02 4.786745458841e-02 4.702670872211e-02 4.724219068885e-02 4.783561453223e-02 4.823647812009e-02 5.006778612733e-02 5.151214823127e-02 5.268150195479e-02 5.407110974193e-02 5.619081482291e-02 6.007454544306e-02 6.087800115347e-02 6.145362555981e-02 5.900189653039e-02 6.092406436801e-02 6.366211175919e-02 5.652381479740e-02 7.054372131824e-02 8.912947773933e-02 1.015037372708e-01 1.036737263203e-01 1.013351529837e-01 1.068888083100e-01 1.099887490273e-01 1.120704114437e-01 1.195968016982e-01 1.729153543711e-01 2.277862429619e-01 2.213294953108e-01 1.766475737095e-01 1.527550220490e-01 1.839607805014e-01 2.117333859205e-01 2.066667973995e-01 2.008068412542e-01 2.024393975735e-01 1.860036700964e-01
1.855811662972e-02 2.946041151881e-02 3.697143867612e-02 4.030614346266e-02 4.172997549176e-02 4.277529567480e-02 4.288424924016e-02 4.194594174623e-02 4.192010313272e-02 4.508002102375e-02 4.779930412769e-02 5.024810507894e-02 5.241176113486e-02 5.422706902027e-02 5.587091669440e-02 5.746168643236e-02 5.863519757986e-02 5.881272628903e-02 5.763757601380e-02 5.610040575266e-02 5.623162165284e-02 6.143674999475e-02 5.807961523533e-02 6.402336806059e-02 7.977633923292e-02 9.072843939066e-02 1.048428565264e-01 1.144352704287e-01 1.148522049189e-01 1.111302822828e-01 1.086590513587e-01 1.114866286516e-01 1.520571857691e-01 1.898642778397e-01 1.818881928921e-01 1.575866639614e-01 1.650435179472e-01 1.872624605894e-01 2.002983838320e-01 1.816967725754e-01 1.683156937361e-01 1.599353253841e-01 1.591580808163e-01
1.711848005652e-02 2.712935395539e-02 3.399005532265e-02 3.716965392232e-02 3.850857913494e-02 3.907949477434e-02 3.878517821431e-02 3.855220973492e-02 3.929912671447e-02 4.266858100891e-02 4.570193588734e-02 4.854270443320e-02 5.114999786019e-02 5.333210155368e-02 5.502046644688e-02 5.611390992999e-02 5.624699220061e-02 6.083711981773e-02 6.212430074811e-02 5.765943601727e-02 5.259693041444e-02 5.638387054205e-02 5.754307657480e-02 5.756368115544e-02 7.021960616112e-02 7.930251955986e-02 9.564690291882e-02 1.111386269331e-01 1.147926673293e-01 1.110208258033e-01 1.065120175481e-01 1.053076013923e-01 1.214479282498e-01 1.473800390959e-01 1.446958333254e-01 1.337351948023e-01 1.427706778049e-01 1.587231606245e-01 1.641927659512e-01 1.428780853748e-01 1.320064365864e-01 1.223322600126e-01 1.200094670057e-01
1.590501889586e-02 2.524804323912e-02 3.176031634212e-02 3.492392227054e-02 3.607821092010e-02 3.614390268922e-02 3.556175902486e-02 3.563900664449e-02 3.707667440176e-02 3.852096945047e-02 4.155258089304e-02 4.449961706996e-02 4.722617566586e-02 4.952059686184e-02 5.117822811007e-02 5.339417606592e-02 5.852858722210e-02 6.588225811720e-02 6.914000958204e-02 6.727610528469e-02 6.158889085054e-02 5.479848757386e-02 5.631929636002e-02 5.704235658050e-02 6.257008761168e-02 6.986504793167e-02 7.200292497873e-02 8.651714771986e-02 9.790003299713e-02 1.013626530766e-01 1.001361533999e-01 1.016046553850e-01 1.047360375524e-01 1.081892848015e-01 1.074173152447e-01 1.038759872317e-01 1.096887141466e-01 1.277511119843e-01 1.359234452248e-01 1.117078959942e-01 9.965237230062e-02 8.897890150547e-02 9.812806546688e-02
1.502705831081e-02 2.392400987446e-02 3.021072968841e-02 3.320799022913e-02 3.400301560760e-02 3.372489288449e-02 3.313830122352e-02 3.296297416091e-02 3.408370167017e-02 3.555383533239e-02 3.611780330539e-02 3.897843137383e-02 4.160740971565e-02 4.385993257165e-02 4.589204490185e-02 5.093316733837e-02 5.953744426370e-02 6.793258339167e-02 7.363168895245e-02 7.535909861326e-02 7.331083714962e-02 6.895705312490e-02 6.370525807142e-02 5.886892601848e-02 5.666691809893e-02 6.250786781311e-02 6.383693218231e-02 6.116080284119e-02 7.461725175381e-02 8.560427278280e-02 9.286332130432e-02 9.822726249695e-02 1.014986261725e-01 9.821420907974e-02 8.817524462938e-02 8.634180575609e-02 9.701550006866e-02 1.211825832725e-01 1.404125243425e-01 1.260917037725e-01 9.281275421381e-02 8.296927064657e-02 9.429111331701e-02
1.470833830535e-02 2.337891422212e-02 2.941130660474e-02 3.205652162433e-02 3.246986120939e-02 3.200535103679e-02 3.173629567027e-02 3.216756880283e-02 3.202012926340e-02 3.233670070767e-02 3.310101479292e-02 3.658303245902e-02 4.024014621973e-02 4.403441771865e-02 4.739239811897e-02 5.208522081375e-02 6.055425852537e-02 6.913775950670e-02 7.686845958233e-02 8.166734129190e-02 8.250541985035e-02 8.048082143068e-02 7.701916992664e-02 7.348434627056e-02 7.141245901585e-02 7.008009403944e-02 6.752017140388e-02 6.368179619312e-02 7.387414574623e-02 8.285598456860e-02 8.956912904978e-02 9.569342434406e-02 9.893399477005e-02 9.242131561041e-02 8.797457069159e-02 9.013409912586e-02 9.774181991816e-02 1.170910969377e-01 1.352373957634e-01 1.226278766990e-01 9.472931176424e-02 8.263158053160e-02 9.400134533644e-02
1.495471037924e-02 2.364720217884e-02 2.948293648660e-02 3.179829940200e-02 3.192976862192e-02 3.127836808562e-02 3.124487400055e-02 3.139774128795e-02 3.208932653069e-02 3.226434439421e-02 3.427512571216e-02 3.772167116404e-02 4.109209030867e-02 4.430238902569e-02 4.689986631274e-02 5.363167822361e-02 6.322766095400e-02 7.230619341135e-02 8.108541369438e-02 8.746019750834e-02 8.955220133066e-02 8.823706954718e-02 8.498128503561e-02 8.092533051968e-02 7.758718729019e-02 7.427668571472e-02 6.872724741697e-02 6.307496875525e-02 7.237411290407e-02 8.020012825727e-02 8.692156523466e-02 9.339872002602e-02 9.554751962423e-02 8.781918138266e-02 8.920624107122e-02 9.181191027164e-02 9.992676973343e-02 1.135162487626e-01 1.222013384104e-01 1.074264943600e-01 8.792458474636e-02 7.672111690044e-02 8.724442124367e-02
1.534135639668e-02 2.418413013220e-02 2.992938645184e-02 3.204958140850e-02 3.201500326395e-02 3.177678585052e-02 3.312662616372e-02 3.406915813684e-02 3.460654243827e-02 3.469322994351e-02 3.439141437411e-02 3.625677898526e-02 3.998402878642e-02 4.473776742816e-02 4.627521708608e-02 5.255775153637e-02 6.471148133278e-02 7.520009577274e-02 8.351491391659e-02 8.875203132629e-02 8.992325514555e-02 8.751662820578e-02 8.300114423037e-02 7.770147174597e-02 7.272879034281e-02 6.771942228079e-02 6.063741445541e-02 6.301136314869e-02 7.100281119347e-02 7.805711776018e-02 8.447944372892e-02 8.983316272497e-02 8.986265957355e-02 8.289963752031e-02 9.056860208511e-02 1.131255254149e-01 1.070466637611e-01 1.127499490976e-01 1.085782647133e-01 9.175797551870e-02 7.957769930363e-02 6.978625059128e-02 7.916788011789e-02
1.512879040092e-02 2.377125807106e-02 2.924518473446e-02 3.120198845863e-02 3.115339390934e-02 3.190154954791e-02 3.277382254601e-02 3.320156037807e-02 3.331538289785e-02 3.312082216144e-02 3.310604766011e-02 3.716135770082e-02 4.324930906296e-02 4.843903705478e-02 4.999103024602e-02 4.890754446387e-02 6.187757477164e-02 7.260244339705e-02 7.864750921726e-02 8.077389746904e-02 7.964770495892e-02 7.533454895020e-02 6.959167867899e-02 6.461070477962e-02 6.057276949286e-02 5.622766539454e-02 5.634376406670e-02 6.250155717134e-02 6.956716626883e-02 7.590947300196e-02 8.143927156925e-02 8.450194448233e-02 8.214789628983e-02 7.950457185507e-02 9.445945173502e-02 1.010506823659e-01 1.031627580523e-01 1.132432445884e-01 1.097874790430e-01 9.002435207367e-02 7.735776901245e-02 7.110434770584e-02 7.685983181000e-02
1.385818514973e-02 2.163530141115e-02 2.645890787244e-02 2.815858833492e-02 2.974045835435e-02 3.103576228023e-02 3.047866933048e-02 2.924636006355e-02 2.890836447477e-02 3.088101744652e-02 3.372680768371e-02 3.899902105331e-02 4.610602930188e-02 5.148320272565e-02 5.298627912998e-02 5.210366472602e-02 5.665095150471e-02 6.576922535896e-02 6.917636096478e-02 6.841345131397e-02 6.500829011202e-02 5.899120867252e-02 5.658879503608e-02 6.700502336025e-02 6.795041263103e-02 6.513947248459e-02 6.381085515022e-02 6.404864788055e-02 6.764455139637e-02 7.316272705793e-02 7.701358199120e-02 7.713304460049e-02 7.243955135345e-02 7.343729585409e-02 8.607617765665e-02 1.225993484259e-01 1.051601171494e-01 1.474115848541e-01 1.308172792196e-01 1.099009439349e-01 9.316243976355e-02 7.669707387686e-02 8.655568212271e-02
1.427177898586e-02 2.103820070624e-02 2.581928670406e-02 2.984196320176e-02 3.288219496608e-02 3.360160812736e-02 3.262633085251e-02 3.078722581267e-02 2.864379622042e-02 3.117535449564e-02 3.455910831690e-02 4.095217213035e-02 4.881607368588e-02 5.429276823997e-02 5.577235296369e-02 5.490072071552e-02 5.200815200806e-02 5.989409983158e-02 6.219084560871e-02 6.560839712620e-02 8.910804986954e-02 8.168694376945e-02 6.145028024912e-02 6.990118324757e-02 6.786274164915e-02 6.251530349255e-02 5.936614796519e-02 5.966544523835e-02 6.533101946115e-02 6.958629190922e-02 7.106406241655e-02 6.828498095274e-02 6.208672747016e-02 6.598397344351e-02 7.312275469303e-02 1.090024411678e-01 1.366170942783e-01 2.140918523073e-01 1.980222910643e-01 1.302126944065e-01 9.915696829557e-02 9.134969860315e-02 1.126006767154e-01
