100/SI/f154.grd
DSAA
101	101
32.816463539100	34.260883539100
35.556306596100	36.727886596100
1.420531072654e-03	2.328041381836e+02
[rows 19 to 37 of 101, columns 0 to 42 of 101]
4.464029967785e-01 9.100409150124e-01 1.163654446602e+00 1.185501217842e+00 9.776903986931e-01 7.756071090698e-01 5.299962162971e-01 6.012932062149e-01 7.284380197525e-01 8.753352761269e-01 1.147565960884e+00 1.370779156685e+00 1.337036490440e+00 1.449689984322e+00 1.460577130318e+00 1.416400194168e+00 1.347069501877e+00 1.289445996284e+00 1.494150042534e+00 1.345506072044e+00 1.392131447792e+00 1.501840353012e+00 1.599737048149e+00 1.532541871071e+00 1.367019891739e+00 1.155838489532e+00 1.196321606636e+00 1.911450147629e+00 2.280074834824e+00 1.718421936035e+00 1.580454945564e+00 1.450442433357e+00 1.536490678787e+00 1.536080598831e+00 1.537405014038e+00 1.486052989960e+00 1.187706708908e+00 1.037759184837e+00 1.113067626953e+00 1.068260908127e+00 1.546237945557e+00 3.823143959045e+00 1.777999877930e+00
3.491115570068e-01 7.335357666016e-01 9.890698790550e-01 1.081866979599e+00 9.618383646011e-01 9.259786605835e-01 8.485165834427e-01 6.035610437393e-01 8.050553202629e-01 9.403869509697e-01 1.000083804131e+00 1.254255175591e+00 1.113970160484e+00 1.298883318901e+00 1.403841018677e+00 1.448481202126e+00 1.445515513420e+00 1.379904866219e+00 1.739436030388e+00 1.393835783005e+00 1.637404203415e+00 1.955740571022e+00 2.106904268265e+00 2.047455787659e+00 1.922536730766e+00 1.487193226814e+00 1.585007548332e+00 1.547016143799e+00 2.396008253098e+00 1.745769739151e+00 1.492366790771e+00 1.404738545418e+00 1.368249773979e+00 1.378855943680e+00 1.305872082710e+00 1.690523028374e+00 1.128829479218e+00 1.187363624573e+00 1.217674851418e+00 1.245995044708e+00 1.915630340576e+00 3.236217498779e+00 2.649047613144e+00
2.696275413036e-01 5.433539152145e-01 7.475295066833e-01 8.603140711784e-01 8.118547201157e-01 7.077578902245e-01 8.739665746689e-01 8.637533187866e-01 9.896443486214e-01 1.180608272552e+00 1.361891031265e+00 1.794963836670e+00 2.153456211090e+00 1.970568418503e+00 1.340254187584e+00 1.296617031097e+00 1.369940757751e+00 1.429069876671e+00 2.534237861633e+00 2.037101507187e+00 1.532146096230e+00 2.379171133041e+00 2.521220207214e+00 2.754828929901e+00 2.270148754120e+00 2.010306835175e+00 1.980602741241e+00 1.225000023842e+00 2.254188776016e+00 1.610251903534e+00 1.237303614616e+00 1.285019874573e+00 1.517713904381e+00 1.253697514534e+00 1.372689247131e+00 1.788809418678e+00 1.424123883247e+00 1.259637236595e+00 1.315295457840e+00 1.412048935890e+00 2.234008550644e+00 2.317776918411e+00 3.515916109085e+00
3.629902899265e-01 6.521260142326e-01 6.315736174583e-01 6.614732742310e-01 7.712495326996e-01 9.760342240334e-01 1.139835953712e+00 1.364506006241e+00 1.657521247864e+00 2.083606243134e+00 2.653829574585e+00 3.329609394073e+00 3.742280721664e+00 3.251837015152e+00 2.042222738266e+00 1.251418828964e+00 1.727211713791e+00 2.426306486130e+00 3.068988084793e+00 2.494703769684e+00 1.967443943024e+00 2.583619832993e+00 2.749217748642e+00 3.094129800797e+00 2.257780313492e+00 2.289316177368e+00 2.352238655090e+00 1.476442575455e+00 1.840439319611e+00 1.334013342857e+00 1.264145493507e+00 1.251967549324e+00 1.573852300644e+00 1.605417728424e+00 1.596514105797e+00 1.518206954002e+00 2.003493547440e+00 1.398674011230e+00 1.412340283394e+00 1.550978183746e+00 2.490519523621e+00 2.159065961838e+00 4.082685947418e+00
3.523679971695e-01 7.266407012939e-01 7.887308597565e-01 7.557998895645e-01 9.668624401093e-01 1.313203096390e+00 1.439316153526e+00 1.522204756737e+00 1.686834931374e+00 1.952674984932e+00 2.358515024185e+00 2.690963983536e+00 2.756833553314e+00 2.358927011490e+00 1.728180289268e+00 1.539699196815e+00 1.679989814758e+00 2.264300346375e+00 3.016927480698e+00 1.914439082146e+00 1.843213915825e+00 2.605513095856e+00 2.745771884918e+00 2.967096567154e+00 2.366396188736e+00 2.281819105148e+00 2.651399850845e+00 2.260969877243e+00 2.282932996750e+00 1.945402860641e+00 1.681460142136e+00 2.477670669556e+00 2.315472364426e+00 1.733021974564e+00 1.687513470650e+00 1.683742642403e+00 2.221527814865e+00 1.628923416138e+00 1.543645977974e+00 1.637953996658e+00 2.634457111359e+00 2.189041376114e+00 4.170134544373e+00
7.002356648445e-01 1.209392786026e+00 7.875811457634e-01 7.887618541718e-01 8.891538977623e-01 1.142875909805e+00 1.293847203255e+00 1.280499935150e+00 1.273278951645e+00 1.325332164764e+00 1.401374220848e+00 1.484698057175e+00 1.415066838264e+00 1.558982491493e+00 1.578151345253e+00 1.413414478302e+00 1.409994006157e+00 2.596470594406e+00 2.970375061035e+00 1.577014923096e+00 1.592800498009e+00 2.412506341934e+00 2.605695486069e+00 2.528267621994e+00 2.312354564667e+00 2.087652206421e+00 2.854180574417e+00 2.500392675400e+00 2.087471485138e+00 2.020653724670e+00 1.980733394623e+00 3.190346956253e+00 4.750478744507e+00 4.522795200348e+00 4.093467712402e+00 3.906112432480e+00 4.059296131134e+00 2.504015207291e+00 2.123382806778e+00 1.753741145134e+00 2.695756912231e+00 2.114430427551e+00 3.691304206848e+00
1.298302292824e+00 2.751204013824e+00 2.834413290024e+00 2.486599922180e+00 1.553889036179e+00 8.953812718391e-01 8.670725822449e-01 9.092941880226e-01 9.870350360870e-01 1.275925040245e+00 1.529735326767e+00 1.709936022758e+00 1.765354752541e+00 1.692475318909e+00 1.546161890030e+00 1.601399302483e+00 1.685318708420e+00 2.529717206955e+00 2.493613004684e+00 1.467250823975e+00 1.588953733444e+00 1.968127369881e+00 2.252964258194e+00 2.097639799118e+00 2.375611305237e+00 2.291022300720e+00 2.961194753647e+00 3.149889707565e+00 3.350455284119e+00 2.999818801880e+00 2.262682676315e+00 1.896581172943e+00 3.846794128418e+00 4.202384948730e+00 4.632863998413e+00 5.604460239410e+00 7.006384849548e+00 4.273700237274e+00 3.134983778000e+00 2.662104129791e+00 2.647950887680e+00 1.972706794739e+00 2.763240098953e+00
1.387139201164e+00 2.990593671799e+00 3.451791048050e+00 4.075504779816e+00 4.463949680328e+00 3.874457597733e+00 2.172467470169e+00 1.187488794327e+00 1.619679808617e+00 1.891456961632e+00 1.942902922630e+00 1.837778210640e+00 1.720329523087e+00 2.317702770233e+00 2.554401636124e+00 2.536818027496e+00 2.497977256775e+00 2.430394411087e+00 2.400815248489e+00 2.318913698196e+00 2.266602993011e+00 2.266543626785e+00 2.198679924011e+00 2.750830650330e+00 3.312845230103e+00 2.865914106369e+00 3.240713119507e+00 4.162237644196e+00 4.208976268768e+00 3.739367723465e+00 2.792266368866e+00 2.044255971909e+00 2.254299402237e+00 3.547626972198e+00 5.288704872131e+00 4.656810760498e+00 4.738606929779e+00 3.587233543396e+00 3.821799516678e+00 3.892517089844e+00 3.167015552521e+00 2.038173437119e+00 2.456704616547e+00
8.907117247581e-01 1.965474605560e+00 2.285799264908e+00 2.806156396866e+00 3.652448654175e+00 4.804667472839e+00 5.431727409363e+00 4.225819587708e+00 2.207541465759e+00 2.045013904572e+00 1.820649147034e+00 2.348566293716e+00 2.770329475403e+00 2.886033296585e+00 2.743294000626e+00 2.741881370544e+00 2.714285373688e+00 2.633046150208e+00 2.758237600327e+00 2.783433914185e+00 2.860769271851e+00 3.108420610428e+00 2.938875436783e+00 2.706092834473e+00 2.611800909042e+00 3.370936393738e+00 3.230643510818e+00 3.993148088455e+00 4.392147064209e+00 3.942717552185e+00 2.946622610092e+00 3.193468093872e+00 4.120798587799e+00 5.515564441681e+00 6.579356193542e+00 4.764280319214e+00 3.315342187881e+00 2.768081426620e+00 3.428195476532e+00 4.395338535309e+00 4.800408363342e+00 3.261502981186e+00 2.451706886292e+00
6.124343276024e-01 1.202427148819e+00 1.501743793488e+00 1.383129358292e+00 1.588498950005e+00 2.378755569458e+00 3.721803426743e+00 5.051019668579e+00 5.039011955261e+00 3.467836856842e+00 2.626181125641e+00 2.772870540619e+00 2.811105966568e+00 2.685275316238e+00 2.639796495438e+00 2.595957756042e+00 2.461073875427e+00 2.640343904495e+00 2.708859443665e+00 2.809309482574e+00 2.977415561676e+00 2.873243331909e+00 2.760954141617e+00 2.725561141968e+00 2.680823564529e+00 2.636853694916e+00 2.774020910263e+00 3.097799539566e+00 3.725393056870e+00 3.875109910965e+00 3.036594152451e+00 3.702872991562e+00 4.461899757385e+00 5.069082736969e+00 4.909664630890e+00 3.075438976288e+00 3.239667415619e+00 3.728188991547e+00 4.026111125946e+00 3.620982170105e+00 5.374389648438e+00 5.466980457306e+00 3.061357736588e+00
7.108095288277e-01 1.399008035660e+00 1.389486432076e+00 1.706924319267e+00 1.401290416718e+00 1.210589647293e+00 1.423741936684e+00 2.621265172958e+00 4.210455417633e+00 4.894226551056e+00 3.987958908081e+00 2.652745962143e+00 2.520853281021e+00 2.465095996857e+00 2.305966138840e+00 2.239747762680e+00 2.311208248138e+00 2.514178991318e+00 2.444011449814e+00 2.439614295959e+00 2.201658487320e+00 1.809376955032e+00 2.288095235825e+00 2.030072212219e+00 3.073614835739e+00 2.744999647141e+00 3.143871068954e+00 3.457808732986e+00 2.891397237778e+00 3.119461774826e+00 3.457034826279e+00 3.720617055893e+00 3.219230651855e+00 3.968360900879e+00 2.942396163940e+00 2.522174358368e+00 3.270762681961e+00 4.507895946503e+00 5.401653766632e+00 5.116046905518e+00 4.349148750305e+00 6.757561683655e+00 5.089130878448e+00
9.182274937630e-01 1.765139818192e+00 1.641435861588e+00 1.686713576317e+00 1.881150722504e+00 1.409272670746e+00 1.959789872169e+00 2.381927490234e+00 2.634269475937e+00 3.683258056641e+00 4.745034694672e+00 4.302541732788e+00 2.633727550507e+00 2.115906953812e+00 2.081770420074e+00 2.130362272263e+00 2.205343484879e+00 2.178615331650e+00 2.303229331970e+00 2.263758659363e+00 1.974170327187e+00 1.644018054008e+00 1.753355383873e+00 2.796517610550e+00 4.177054405212e+00 5.627896308899e+00 6.764611721039e+00 5.506481170654e+00 3.718116521835e+00 3.475364446640e+00 4.262546539307e+00 3.009796380997e+00 2.246590375900e+00 4.942024230957e+00 2.062043666840e+00 2.923652648926e+00 2.709189653397e+00 3.789969921112e+00 5.516892910004e+00 5.937147140503e+00 5.111271381378e+00 5.690911293030e+00 7.720735549927e+00
8.343862295151e-01 1.823723673820e+00 1.927842259407e+00 1.883581280708e+00 1.988826394081e+00 2.013380050659e+00 2.414823770523e+00 2.539125204086e+00 2.522131681442e+00 2.383609056473e+00 3.296497344971e+00 4.700845718384e+00 4.588464736938e+00 3.165694952011e+00 1.997625589371e+00 1.993579864502e+00 1.922158122063e+00 1.759658098221e+00 2.356552839279e+00 2.453196763992e+00 2.480943202972e+00 2.069057226181e+00 1.896701216698e+00 3.466100215912e+00 5.889024257660e+00 8.685524940491e+00 1.019470596313e+01 9.745434761047e+00 6.345661163330e+00 4.010393142700e+00 4.593315124512e+00 3.873602151871e+00 3.600667476654e+00 6.036272525787e+00 3.121015310287e+00 6.019322395325e+00 4.355737686157e+00 3.153726577759e+00 4.214659214020e+00 6.062846660614e+00 6.218500614166e+00 5.255888462067e+00 8.281716346741e+00
1.025253176689e+00 2.087242364883e+00 2.111148834229e+00 2.049965381622e+00 2.127387762070e+00 2.411967754364e+00 2.430249929428e+00 2.457443475723e+00 2.259089231491e+00 2.082268953323e+00 2.012737751007e+00 2.835758447647e+00 4.558708667755e+00 4.805631160736e+00 3.641686677933e+00 1.725026726723e+00 1.604849934578e+00 1.798463463783e+00 2.093403100967e+00 3.337100028992e+00 3.016174077988e+00 2.767080068588e+00 2.538239717484e+00 3.460539102554e+00 6.022514343262e+00 8.594851493835e+00 1.170192146301e+01 1.371158885956e+01 1.143452739716e+01 5.522180557251e+00 4.992771625519e+00 5.417587757111e+00 5.166683673859e+00 7.138564109802e+00 3.976053237915e+00 8.054921150208e+00 6.672486305237e+00 4.389242172241e+00 4.023110389709e+00 5.823935508728e+00 1.249498271942e+01 6.345116138458e+00 6.752248764038e+00
1.347367167473e+00 2.535399675369e+00 2.354214429855e+00 2.512809276581e+00 2.666516304016e+00 2.816927909851e+00 2.990509986877e+00 3.109884500504e+00 3.177713155746e+00 3.188670158386e+00 3.093367338181e+00 2.985233783722e+00 2.858727455139e+00 4.211242675781e+00 4.889246463776e+00 4.073160648346e+00 2.039540529251e+00 1.837955474854e+00 2.024723052979e+00 3.188889741898e+00 3.379149436951e+00 3.045134305954e+00 2.806750774384e+00 2.971853017807e+00 4.986848831177e+00 7.421891212463e+00 1.149293422699e+01 1.605429649353e+01 1.516251945496e+01 9.224927902222e+00 7.170244216919e+00 9.039717674255e+00 9.703987121582e+00 8.953374862671e+00 7.413690090179e+00 8.683709144592e+00 8.268016815186e+00 6.382006168365e+00 7.249525547028e+00 6.498703479767e+00 1.784771728516e+01 1.459806442261e+01 3.944983005524e+00
1.380144476891e+00 2.867792367935e+00 2.862664937973e+00 2.775686502457e+00 2.446702718735e+00 2.210150003433e+00 2.096556901932e+00 2.317823648453e+00 2.566688537598e+00 2.860154151917e+00 3.186928749084e+00 3.568439722061e+00 3.930559158325e+00 6.222251415253e+00 6.372413635254e+00 4.838652133942e+00 4.560529232025e+00 4.342563629150e+00 4.047321319580e+00 3.712403774261e+00 3.349917173386e+00 2.902420282364e+00 3.162550210953e+00 3.090889215469e+00 3.409975051880e+00 5.619391441345e+00 8.280922889709e+00 1.309672164917e+01 1.663551902771e+01 1.151193523407e+01 5.446163177490e+00 5.660141468048e+00 8.316854476929e+00 1.104152679443e+01 1.226189899445e+01 1.136767101288e+01 8.199962615967e+00 6.910087585449e+00 5.212601184845e+00 7.459237098694e+00 1.861726188660e+01 2.237318611145e+01 6.001862525940e+00
1.172371029854e+00 2.364268064499e+00 2.463972568512e+00 2.685271978378e+00 2.819125413895e+00 2.724473476410e+00 2.287313699722e+00 1.991714477539e+00 2.002646923065e+00 2.001815795898e+00 1.990336537361e+00 1.947155714035e+00 1.885294675827e+00 2.391359090805e+00 3.587900876999e+00 3.930404186249e+00 4.711621761322e+00 4.552045822144e+00 3.714039087296e+00 4.108944892883e+00 4.346384525299e+00 4.486422538757e+00 4.653909683228e+00 4.860991477966e+00 4.674783229828e+00 3.737100601196e+00 5.587304592133e+00 9.928267478943e+00 1.401600265503e+01 1.027953624725e+01 5.140899658203e+00 3.618413448334e+00 3.219514369965e+00 5.365912437439e+00 6.484594821930e+00 1.054329395294e+01 1.338599300385e+01 1.237287139893e+01 7.699520111084e+00 8.410836219788e+00 1.194919586182e+01 2.653126525879e+01 9.643413543701e+00
9.487995505333e-01 1.834706306458e+00 1.828143715858e+00 1.751239657402e+00 1.785718321800e+00 1.997921228409e+00 2.087096452713e+00 2.054401397705e+00 1.747040033340e+00 1.893700361252e+00 2.057527065277e+00 2.223489761353e+00 2.376482009888e+00 2.529372215271e+00 2.685043096542e+00 2.819740533829e+00 2.936906099319e+00 4.421215057373e+00 4.712237834930e+00 6.102181434631e+00 4.780866622925e+00 3.932929039001e+00 3.755506992340e+00 3.652743339539e+00 3.669683456421e+00 4.163449287415e+00 5.553208351135e+00 6.365376472473e+00 8.967348098755e+00 7.305688858032e+00 3.695803165436e+00 4.362968444824e+00 3.252866029739e+00 4.308411598206e+00 5.060059070587e+00 6.137303829193e+00 6.193647861481e+00 1.038825035095e+01 1.468027877808e+01 1.189838790894e+01 1.062221431732e+01 2.171324729919e+01 1.958419227600e+01
5.984337925911e-01 1.206359863281e+00 1.187808036804e+00 1.159795045853e+00 1.309744000435e+00 1.541150927544e+00 1.688677549362e+00 1.771127820015e+00 1.799428105354e+00 1.658302783966e+00 1.542200565338e+00 1.620026230812e+00 1.713115930557e+00 1.729058623314e+00 1.752820253372e+00 2.339958667755e+00 2.604810953140e+00 3.488397836685e+00 6.599419116974e+00 6.911424636841e+00 6.122031688690e+00 5.224915981293e+00 6.118838787079e+00 7.324935436249e+00 5.156810760498e+00 5.902303695679e+00 5.748949050903e+00 5.344088077545e+00 5.579186916351e+00 7.360001564026e+00 6.913094997406e+00 4.311536788940e+00 4.490825653076e+00 4.720387458801e+00 5.114018917084e+00 5.323530197144e+00 5.517850399017e+00 7.105955123901e+00 1.038683795929e+01 1.211277008057e+01 1.447014617920e+01 1.942202568054e+01 1.605512237549e+01
