100/SI/f155.grd
DSAA
101	101
32.816463539100	34.260883539100
35.556306596100	36.727886596100
1.676665386185e-03	2.748381652832e+02
[rows 57 to 75 of 101, columns 43 to 85 of 101]
1.158156871796e+00 1.381731510162e+00 7.004749774933e-01 7.766965627670e-01 7.683563828468e-01 1.237660288811e+00 1.396250247955e+00 1.880307912827e+00 1.641202688217e+00 8.952450752258e-01 6.207677721977e-01 5.217980146408e-01 3.853705823421e-01 6.838728189468e-01 2.838031530380e+00 9.536199569702e+00 2.117605972290e+01 1.989332580566e+01 2.833853912354e+01 9.718835830688e+00 2.810370683670e+00 2.144313812256e+00 3.890078067780e+00 7.132498264313e+00 1.220600032806e+01 1.106418609619e+01 1.203859519958e+01 9.792362213135e+00 1.275884628296e+01 1.176841259003e+01 1.243517303467e+01 9.267731666565e+00 9.629114151001e+00 1.351667118073e+01 8.392751693726e+00 5.272328376770e+00 6.156485080719e+00 8.639182090759e+00 1.083119487762e+01 7.835114002228e+00 3.265789508820e+00 2.862104177475e+00 2.767906665802e+00
9.249752163887e-01 1.520424604416e+00 5.661305785179e-01 6.024873256683e-01 5.968051552773e-01 8.977159261703e-01 1.755987405777e+00 5.647912502289e+00 4.492490768433e+00 9.653699398041e-01 5.735821723938e-01 3.950047194958e-01 3.023257553577e-01 2.991500198841e-01 5.906586647034e-01 5.680154800415e+00 6.660377502441e+00 6.958313941956e+00 5.637138843536e+00 5.709506034851e+00 4.176601409912e+00 3.173212766647e+00 2.448117733002e+00 1.480464339256e+00 3.823657751083e+00 7.607810974121e+00 1.326675510406e+01 1.352682590485e+01 1.475276088715e+01 8.117925643921e+00 1.070830726624e+01 9.774209022522e+00 8.378232955933e+00 7.349788188934e+00 7.473792076111e+00 5.630863666534e+00 5.524593353271e+00 6.653934478760e+00 6.544362545013e+00 5.999839782715e+00 6.230038642883e+00 6.533570766449e+00 6.115957736969e+00
7.718719840050e-01 7.440288662910e-01 5.154845714569e-01 5.485199093819e-01 5.576876997948e-01 8.173706531525e-01 2.492508888245e+00 6.251915454865e+00 6.358736991882e+00 1.430797219276e+00 5.946865677834e-01 3.374335169792e-01 2.393299639225e-01 2.170035541058e-01 2.225294411182e-01 2.786888778210e-01 3.844252526760e-01 5.236971974373e-01 6.781154274940e-01 8.400923609734e-01 9.861170053482e-01 1.159451842308e+00 7.794424891472e-01 7.832104563713e-01 1.868588447571e+00 8.693713188171e+00 1.497818565369e+01 1.699025535583e+01 1.631976890564e+01 1.647706604004e+01 1.087194728851e+01 9.429075241089e+00 8.006306648254e+00 7.268846988678e+00 1.021163845062e+01 8.800196647644e+00 7.298368930817e+00 4.568534374237e+00 4.923175811768e+00 4.138755321503e+00 3.643568277359e+00 3.450836896896e+00 3.016290187836e+00
7.118828296661e-01 6.407257318497e-01 4.990277290344e-01 5.563166737556e-01 6.322920918465e-01 8.302271962166e-01 5.361950874329e+00 6.424296855927e+00 7.924330711365e+00 1.106319189072e+00 5.215414166451e-01 3.251128792763e-01 2.162832319736e-01 1.754681468010e-01 1.676842272282e-01 1.769022792578e-01 2.168002277613e-01 2.855954170227e-01 4.114955067635e-01 4.784866869450e-01 5.499685406685e-01 1.102574825287e+00 5.671110153198e-01 5.225014686584e-01 1.594717383385e+00 3.565269231796e+00 1.271364593506e+01 1.409354305267e+01 1.499139690399e+01 1.600940704346e+01 1.332547283173e+01 1.033589076996e+01 7.178084850311e+00 9.213930130005e+00 6.413150310516e+00 5.643332004547e+00 4.679397583008e+00 3.868802309036e+00 3.637584447861e+00 3.578137874603e+00 3.795665740967e+00 5.379164695740e+00 7.497407913208e+00
6.031800508499e-01 4.697594046593e-01 4.904168248177e-01 5.904834270477e-01 9.140458106995e-01 1.496169209480e+00 4.543415069580e+00 1.006884860992e+01 3.901633739471e+00 6.180143356323e-01 3.798410892487e-01 2.769700586796e-01 1.974412351847e-01 1.482262909412e-01 1.356247812510e-01 1.358803659678e-01 1.480143964291e-01 1.979387402534e-01 2.724967896938e-01 3.115931749344e-01 3.240264654160e-01 6.743987798691e-01 4.031070172787e-01 4.360364377499e-01 9.812411069870e-01 3.335643291473e+00 9.026611328125e+00 1.226507377625e+01 1.271929264069e+01 9.690230369568e+00 7.495362281799e+00 1.069512653351e+01 7.312365531921e+00 5.163228034973e+00 5.733952045441e+00 7.231060504913e+00 6.548736572266e+00 4.641477108002e+00 4.334536552429e+00 4.224685668945e+00 4.095294952393e+00 4.533151149750e+00 5.634638309479e+00
4.378390014172e-01 3.602519929409e-01 4.506091773510e-01 1.063931465149e+00 2.396203994751e+00 5.561544418335e+00 8.176539421082e+00 5.155169010162e+00 5.481950044632e-01 3.748679161072e-01 2.689650654793e-01 2.213795483112e-01 1.727372556925e-01 1.412662267685e-01 1.243360638618e-01 1.296018958092e-01 1.356507092714e-01 1.637897789478e-01 2.363515943289e-01 2.907215952873e-01 3.087728321552e-01 3.274656832218e-01 3.289813697338e-01 4.910941421986e-01 1.192281603813e+00 3.119344234467e+00 3.830247640610e+00 3.823104381561e+00 7.366623878479e+00 8.546286582947e+00 1.000028228760e+01 6.390677452087e+00 8.271884918213e+00 6.066279888153e+00 6.773324966431e+00 8.007906913757e+00 1.600777244568e+01 1.010166168213e+01 5.945835590363e+00 4.878885269165e+00 5.019212722778e+00 4.932420730591e+00 4.764221668243e+00
2.827124297619e-01 2.951538562775e-01 3.731645047665e-01 4.715485274792e-01 1.033675312996e+00 6.417011260986e+00 4.180909156799e+00 5.574163198471e-01 3.260135352612e-01 2.871204912663e-01 2.407200634480e-01 2.034927457571e-01 1.594364345074e-01 1.359409242868e-01 1.211040467024e-01 1.336338669062e-01 1.387235224247e-01 1.352899223566e-01 1.944575756788e-01 2.481122761965e-01 2.803198397160e-01 2.787986099720e-01 3.497734069824e-01 5.681757330894e-01 1.770485043526e+00 3.511369228363e+00 2.082598686218e+00 2.721364736557e+00 2.531008481979e+00 1.311307239532e+01 1.908048439026e+01 1.030273151398e+01 5.666182518005e+00 7.751252651215e+00 3.061094522476e+00 3.223125934601e+00 1.196426582336e+01 5.760737419128e+00 4.695168018341e+00 3.596603870392e+00 3.696057081223e+00 4.121778488159e+00 4.442028999329e+00
2.372728437185e-01 2.579670548439e-01 3.022835850716e-01 3.823567330837e-01 4.334619343281e-01 6.022887825966e-01 6.659392118454e-01 4.539472758770e-01 2.361325770617e-01 2.437624484301e-01 2.137036919594e-01 1.955523788929e-01 1.601247787476e-01 1.293574273586e-01 1.323571056128e-01 1.349671483040e-01 1.443094164133e-01 1.434127539396e-01 1.638140380383e-01 2.103456109762e-01 2.502092719078e-01 2.658016085625e-01 2.809255421162e-01 4.667861759663e-01 1.309610247612e+00 8.088186979294e-01 7.783530354500e-01 1.278654336929e+00 2.892879486084e+00 5.734035491943e+00 6.004922866821e+00 7.583405494690e+00 1.208991909027e+01 6.489440917969e+00 6.182485580444e+00 4.802895545959e+00 4.919806480408e+00 4.167820930481e+00 2.217816829681e+00 2.767007827759e+00 2.703183174133e+00 2.918984174728e+00 3.670425415039e+00
1.863951832056e-01 2.102803438902e-01 2.504610121250e-01 3.071123957634e-01 3.301620781422e-01 3.675121068954e-01 3.889345824718e-01 2.431823015213e-01 2.070703655481e-01 2.156218886375e-01 2.010417878628e-01 1.743594259024e-01 1.455399245024e-01 1.304644495249e-01 1.292427331209e-01 1.481022089720e-01 1.456401050091e-01 1.252470463514e-01 1.447841078043e-01 1.837919354439e-01 2.175575643778e-01 2.545490562916e-01 3.612993955612e-01 3.778342604637e-01 3.838239312172e-01 5.356450080872e-01 5.214453935623e-01 1.280584454536e+00 1.788405060768e+00 2.407378673553e+00 4.996781349182e+00 8.769978523254e+00 6.492425918579e+00 1.184150791168e+01 7.573069095612e+00 4.258511066437e+00 3.537136316299e+00 3.216607809067e+00 3.869609832764e+00 3.641317844391e+00 4.537569999695e+00 4.465470314026e+00 5.192512512207e+00
1.720972210169e-01 1.704929918051e-01 1.919138580561e-01 2.175457775593e-01 2.344847917557e-01 2.312408387661e-01 2.210199236870e-01 2.126862704754e-01 2.301392555237e-01 2.275114804506e-01 2.119508981705e-01 1.846658438444e-01 1.510482430458e-01 1.337472498417e-01 1.209478750825e-01 1.185915544629e-01 1.338044404984e-01 1.357236206532e-01 1.371523588896e-01 1.655523180962e-01 1.917550861835e-01 2.267157882452e-01 3.473711013794e-01 3.904708921909e-01 4.211292266846e-01 8.727639317513e-01 1.200436115265e+00 1.542656421661e+00 2.165080070496e+00 2.335854530334e+00 5.116436004639e+00 9.713506698608e+00 4.587498188019e+00 4.885101318359e+00 8.635619163513e+00 7.294713497162e+00 5.070640087128e+00 4.308066368103e+00 5.401128292084e+00 2.779680967331e+00 3.686626434326e+00 4.478329658508e+00 5.348110675812e+00
1.413849443197e-01 1.604876220226e-01 1.685538589954e-01 1.703885346651e-01 1.908303648233e-01 2.052098065615e-01 2.210651189089e-01 1.962288767099e-01 1.889466196299e-01 1.949767917395e-01 2.094897776842e-01 2.084989696741e-01 1.794337928295e-01 1.519166082144e-01 1.440225392580e-01 1.299796998501e-01 1.119703799486e-01 1.246666088700e-01 1.411596238613e-01 1.560821682215e-01 1.714202910662e-01 1.968061923981e-01 2.956369519234e-01 2.886419892311e-01 3.190605044365e-01 7.899146080017e-01 1.688858270645e+00 2.278856515884e+00 3.205822467804e+00 1.684626102448e+00 4.962878227234e+00 2.482926368713e+00 2.665711402893e+00 3.075754880905e+00 4.904079914093e+00 5.374202728271e+00 6.957085609436e+00 6.331939697266e+00 4.717757701874e+00 4.034119129181e+00 3.088354349136e+00 3.326717138290e+00 2.683093786240e+00
1.386733651161e-01 1.533379405737e-01 1.525961905718e-01 1.553146243095e-01 1.659794747829e-01 1.844248026609e-01 1.995970308781e-01 1.782860755920e-01 1.398966610432e-01 1.494826376438e-01 1.622487306595e-01 1.904414445162e-01 1.977257877588e-01 1.642851978540e-01 1.547252535820e-01 1.871754080057e-01 1.659410148859e-01 1.352824717760e-01 1.473020762205e-01 1.534052640200e-01 1.869380027056e-01 2.075600922108e-01 2.319694161415e-01 2.859634459019e-01 3.317722082138e-01 5.763220191002e-01 1.215150833130e+00 1.447492480278e+00 1.988167405128e+00 1.126294851303e+00 2.391405344009e+00 1.826350212097e+00 3.036981582642e+00 1.858957409859e+00 3.668260335922e+00 2.743090391159e+00 4.352653980255e+00 5.336630344391e+00 4.751947402954e+00 6.405923366547e+00 5.822512149811e+00 4.655633449554e+00 4.101796150208e+00
1.335629522800e-01 1.443985700607e-01 1.388769894838e-01 1.413753330708e-01 1.420100629330e-01 1.382427513599e-01 1.531124114990e-01 1.447388231754e-01 1.728433966637e-01 1.871089935303e-01 1.698984801769e-01 1.719512343407e-01 1.889778524637e-01 1.967197805643e-01 1.797531098127e-01 2.321334183216e-01 2.066440284252e-01 1.580633521080e-01 1.589629501104e-01 1.580185145140e-01 1.816321611404e-01 1.970898061991e-01 2.220186889172e-01 2.949534356594e-01 3.465707600117e-01 5.169494152069e-01 7.768491506577e-01 8.953025937080e-01 9.614907503128e-01 1.215032458305e+00 2.023956298828e+00 3.104881525040e+00 2.097031831741e+00 4.974336624146e+00 1.746184349060e+00 2.279194116592e+00 4.656921863556e+00 6.516563415527e+00 3.190771341324e+00 3.608063936234e+00 2.295363426208e+00 4.327735424042e+00 3.820574760437e+00
1.191505044699e-01 1.287540197372e-01 1.238067820668e-01 1.216699257493e-01 1.129639670253e-01 1.143090352416e-01 1.206491887569e-01 1.589653939009e-01 1.975016444921e-01 2.029656469822e-01 1.773951947689e-01 1.962352693081e-01 2.183574885130e-01 2.122426033020e-01 2.106422781944e-01 2.184084504843e-01 2.341528087854e-01 2.741102576256e-01 2.457737028599e-01 2.207078486681e-01 2.273010462523e-01 2.443742752075e-01 2.920487225056e-01 2.998916804790e-01 3.619801998138e-01 4.450624883175e-01 7.333511710167e-01 7.294837832451e-01 1.302987813950e+00 2.637011289597e+00 3.279142856598e+00 1.680220961571e+00 1.685653805733e+00 5.067816734314e+00 2.685747623444e+00 3.305223464966e+00 2.930876016617e+00 3.801020383835e+00 2.776252746582e+00 1.063285112381e+00 1.012190818787e+00 1.366996884346e+00 2.703566551208e+00
1.096444129944e-01 1.097744926810e-01 1.090510189533e-01 1.075560748577e-01 1.104938387871e-01 1.169605702162e-01 1.242808923125e-01 1.482898294926e-01 1.663111150265e-01 1.581377238035e-01 1.861923187971e-01 2.003982365131e-01 1.946320384741e-01 2.046320587397e-01 2.800895273685e-01 3.897799551487e-01 4.418312609196e-01 5.599523186684e-01 5.585936307907e-01 6.014602184296e-01 4.293182194233e-01 4.095196723938e-01 4.749765992165e-01 3.977460265160e-01 4.541914463043e-01 6.277982592583e-01 1.882218956947e+00 1.756363630295e+00 1.688396334648e+00 2.276752948761e+00 1.284966230392e+00 1.355002522469e+00 1.815734386444e+00 1.039962410927e+00 5.631790161133e+00 7.845349311829e+00 7.006191253662e+00 1.620004057884e+00 7.672523260117e-01 6.340143680573e-01 6.198589205742e-01 7.329717874527e-01 7.738842964172e-01
1.019107922912e-01 1.057285442948e-01 1.017645522952e-01 1.095494180918e-01 1.171710789204e-01 1.340626627207e-01 1.341067999601e-01 1.553129106760e-01 1.700737327337e-01 1.979479044676e-01 2.049979418516e-01 2.434094250202e-01 2.551795244217e-01 2.361209392548e-01 5.697847604752e-01 2.044806480408e+00 1.616025447845e+00 9.648418426514e-01 1.085650920868e+00 1.351426362991e+00 9.988856315613e-01 5.255297422409e-01 6.117130517960e-01 7.664175033569e-01 7.448292970657e-01 1.388373970985e+00 1.952489376068e+00 1.729930758476e+00 1.410890817642e+00 1.274240851402e+00 1.445942163467e+00 1.348621368408e+00 1.018782258034e+00 8.495717048645e-01 1.441641211510e+00 6.627490520477e+00 6.907185554504e+00 1.424552440643e+00 5.064707994461e-01 5.159286856651e-01 4.639629125595e-01 4.458324015141e-01 7.335947751999e-01
1.021792516112e-01 1.101009100676e-01 1.393906027079e-01 1.558072865009e-01 1.430299282074e-01 2.370900511742e-01 2.787598669529e-01 2.832980453968e-01 2.392669469118e-01 2.342302799225e-01 2.567917704582e-01 3.227986395359e-01 3.218805491924e-01 1.185310244560e+00 8.371051788330e+00 1.053701782227e+01 4.914255619049e+00 2.813999414444e+00 2.249851226807e+00 1.757018566132e+00 8.389068245888e-01 8.348234891891e-01 1.821376442909e+00 3.886186838150e+00 3.186572313309e+00 1.699046850204e+00 1.984300374985e+00 1.616094470024e+00 1.711514234543e+00 1.182956218719e+00 2.925000429153e+00 1.171280860901e+00 9.007169008255e-01 6.366482973099e-01 4.219640791416e-01 1.365169405937e+00 1.507234334946e+00 3.688114881516e-01 2.475754916668e-01 2.913451194763e-01 3.602342903614e-01 4.027059972286e-01 3.765603303909e-01
1.253342181444e-01 1.971705555916e-01 2.688259780407e-01 2.921519577503e-01 3.767741322517e-01 5.009174346924e-01 4.921498596668e-01 4.341374337673e-01 3.732867538929e-01 2.878834009171e-01 3.466927707195e-01 3.834402859211e-01 2.131868362427e+00 1.175238418579e+01 1.606785964966e+01 5.601003170013e+00 1.771951556206e+00 1.084533572197e+00 1.103138685226e+00 9.649323225021e-01 9.242822527885e-01 2.106790542603e+00 4.153021335602e+00 5.516780376434e+00 4.438233375549e+00 2.283615589142e+00 1.574307918549e+00 1.157895326614e+00 1.047707319260e+00 9.332303404808e-01 1.258306860924e+00 5.783617496490e-01 6.540309190750e-01 5.302181243896e-01 3.330607414246e-01 1.974609345198e-01 1.627451330423e-01 1.585286259651e-01 1.665098071098e-01 2.073760032654e-01 2.784520387650e-01 3.521359264851e-01 3.602394163609e-01
2.076256126165e-01 3.105266988277e-01 4.125780165195e-01 5.518836975098e-01 1.068003773689e+00 1.059101819992e+00 1.481964111328e+00 1.064538478851e+00 1.210134506226e+00 7.188088893890e-01 4.048134386539e-01 2.781560659409e+00 1.120359039307e+01 1.115052986145e+01 2.916993618011e+00 8.806949257851e-01 1.633026957512e+00 2.157035112381e+00 1.524493336678e+00 1.773047804832e+00 2.143756628036e+00 2.155523061752e+00 3.140025377274e+00 2.565518856049e+00 1.735611796379e+00 1.352394580841e+00 8.430863618851e-01 3.276418447495e-01 3.365177214146e-01 3.324086964130e-01 4.257354438305e-01 3.114092350006e-01 2.743697762489e-01 1.894381493330e-01 1.937359571457e-01 1.973456442356e-01 2.037252783775e-01 2.138549685478e-01 2.274439185858e-01 2.449599206448e-01 2.476682215929e-01 2.956217825413e-01 3.747247755527e-01
