100/SI/f155.grd
DSAA
101	101
32.816463539100	34.260883539100
35.556306596100	36.727886596100
1.676665386185e-03	2.748381652832e+02
[rows 38 to 56 of 101, columns 0 to 42 of 101]
6.559249758720e-01 1.384050130844e+00 1.496891736984e+00 1.559326052666e+00 1.849308848381e+00 2.267129421234e+00 2.618418931961e+00 2.982662677765e+00 3.278379917145e+00 2.994392633438e+00 2.457564353943e+00 2.005729913712e+00 1.980992794037e+00 1.951628446579e+00 2.079108476639e+00 2.356301784515e+00 2.667724132538e+00 4.893130302429e+00 7.930323123932e+00 8.510961532593e+00 6.858138561249e+00 5.787538051605e+00 3.862938404083e+00 4.528115749359e+00 8.991562843323e+00 1.168846416473e+01 1.125862121582e+01 8.052279472351e+00 5.786755561829e+00 6.408061504364e+00 6.766883850098e+00 8.316330909729e+00 1.139979839325e+01 1.118974018097e+01 1.049826812744e+01 6.283088684082e+00 8.590147018433e+00 9.659703254700e+00 9.557353973389e+00 1.467450714111e+01 1.610424613953e+01 2.376848411560e+01 1.918091964722e+01
9.663403034210e-01 1.720592498779e+00 1.443088650703e+00 1.412320017815e+00 2.007250547409e+00 2.442299127579e+00 3.211097955704e+00 4.041625022888e+00 4.508104324341e+00 4.221389770508e+00 3.067069530487e+00 2.399875640869e+00 2.066893339157e+00 2.111490249634e+00 2.265516996384e+00 2.448357582092e+00 2.608779907227e+00 2.749232292175e+00 4.314159393311e+00 6.040346145630e+00 6.170816421509e+00 6.029854297638e+00 6.227805614471e+00 5.185997962952e+00 4.806407451630e+00 5.339775085449e+00 7.210129261017e+00 1.357834053040e+01 1.819522666931e+01 1.845947837830e+01 1.447549819946e+01 7.133707523346e+00 8.046369552612e+00 6.850371837616e+00 1.367010498047e+01 1.225446987152e+01 7.975472450256e+00 9.618679046631e+00 1.181178379059e+01 1.342791843414e+01 1.797113037109e+01 2.167766952515e+01 2.543189430237e+01
1.114488959312e+00 2.219844579697e+00 2.103140830994e+00 1.824495911598e+00 2.410535335541e+00 2.966773509979e+00 3.601980924606e+00 4.741732597351e+00 5.140652179718e+00 5.124167919159e+00 3.504475593567e+00 2.352566957474e+00 2.368942737579e+00 2.049828290939e+00 1.707795023918e+00 1.922650933266e+00 2.242139577866e+00 2.437613487244e+00 2.563441514969e+00 3.406038045883e+00 5.027094364166e+00 7.069440841675e+00 8.488774299622e+00 8.555776596069e+00 8.376671791077e+00 5.573042869568e+00 4.412065982819e+00 4.658586502075e+00 4.524154663086e+00 5.728017330170e+00 1.207059001923e+01 1.921578216553e+01 2.276814079285e+01 1.900800704956e+01 9.622738838196e+00 9.560782432556e+00 1.676773643494e+01 1.394809341431e+01 1.444778728485e+01 1.440736293793e+01 1.339927864075e+01 1.796252822876e+01 2.721560668945e+01
1.597678422928e+00 2.706780195236e+00 3.145623922348e+00 3.231663703918e+00 2.912086248398e+00 3.481306076050e+00 3.474554061890e+00 3.338772296906e+00 3.338106870651e+00 4.094681262970e+00 4.420498847961e+00 3.835390567780e+00 2.843433856964e+00 2.528116941452e+00 2.571386575699e+00 3.183107614517e+00 3.694149971008e+00 4.132831573486e+00 4.040041923523e+00 2.937599182129e+00 3.277543067932e+00 4.322458267212e+00 4.905720233917e+00 6.583065986633e+00 8.176468849182e+00 9.716390609741e+00 1.084114837646e+01 1.052182292938e+01 1.080582904816e+01 1.178941154480e+01 1.303562641144e+01 1.274241352081e+01 1.971494102478e+01 2.227886772156e+01 1.591228485107e+01 2.014355278015e+01 2.234679603577e+01 1.898032569885e+01 2.142582893372e+01 1.731726646423e+01 1.215042972565e+01 2.123864746094e+01 1.774828910828e+01
1.639560341835e+00 2.881762981415e+00 3.190831899643e+00 2.957837343216e+00 3.218911170959e+00 4.060192108154e+00 4.032796859741e+00 3.494317054749e+00 4.208669185638e+00 3.503113269806e+00 3.329186916351e+00 4.647335052490e+00 4.825488567352e+00 3.636735916138e+00 3.366631746292e+00 3.102289199829e+00 3.173936605453e+00 4.252859592438e+00 5.736078262329e+00 5.831346988678e+00 3.738617181778e+00 4.246864318848e+00 5.417535305023e+00 4.507149219513e+00 5.207119941711e+00 6.285001277924e+00 8.307171821594e+00 1.255500698090e+01 1.690812683105e+01 1.547942161560e+01 1.465520191193e+01 1.088968563080e+01 1.084423637390e+01 2.037167167664e+01 1.958345222473e+01 2.469834136963e+01 1.633203125000e+01 2.314016914368e+01 2.029465484619e+01 2.929684638977e+01 3.027533912659e+01 2.377614021301e+01 2.680528640747e+01
3.177633285522e+00 6.161169052124e+00 4.602828502655e+00 3.853409051895e+00 3.770492553711e+00 3.392965793610e+00 3.471353054047e+00 4.223215579987e+00 4.182241916656e+00 3.394907712936e+00 4.244341850281e+00 2.892663955688e+00 3.706846475601e+00 5.197553157806e+00 4.514202594757e+00 3.904781818390e+00 4.890388488770e+00 1.060638237000e+01 1.250097179413e+01 6.822300434113e+00 7.307441711426e+00 4.303700923920e+00 5.053480625153e+00 7.168412685394e+00 4.784236907959e+00 4.379982948303e+00 4.592071056366e+00 5.036446094513e+00 6.431164741516e+00 7.311986446381e+00 7.812144279480e+00 8.518743515015e+00 1.159708976746e+01 1.826776123047e+01 1.252569007874e+01 1.160447406769e+01 1.704110145569e+01 1.941190147400e+01 1.295581531525e+01 2.674715423584e+01 2.747753334045e+01 2.997114753723e+01 3.679420471191e+01
5.058543205261e+00 9.277414321899e+00 7.521499156952e+00 5.848404884338e+00 5.392293453217e+00 4.397548675537e+00 6.059210777283e+00 5.317222118378e+00 5.330064296722e+00 4.171477317810e+00 3.263462781906e+00 4.005509376526e+00 3.593199729919e+00 2.346039772034e+00 4.398839950562e+00 5.159851551056e+00 3.757246017456e+00 3.221530437469e+00 5.889340877533e+00 3.900725841522e+00 6.788639068604e+00 8.060180664062e+00 8.008543968201e+00 6.995003700256e+00 9.617280006409e+00 5.911712646484e+00 5.496366500854e+00 7.116789340973e+00 8.337486267090e+00 6.368885993958e+00 8.112013816833e+00 9.995675086975e+00 1.184775066376e+01 1.391274356842e+01 1.768603706360e+01 1.341284561157e+01 1.493735027313e+01 1.670223426819e+01 1.582747650146e+01 2.272144508362e+01 2.114307975769e+01 3.054789161682e+01 3.109385299683e+01
2.002267360687e+00 4.172004222870e+00 4.981670856476e+00 5.872786998749e+00 6.005770206451e+00 6.674108028412e+00 7.054511547089e+00 6.087211608887e+00 5.458396911621e+00 5.226694583893e+00 4.871864318848e+00 4.508607864380e+00 4.273468494415e+00 4.004869461060e+00 4.334888935089e+00 3.699781656265e+00 2.629679441452e+00 3.117094516754e+00 3.281570196152e+00 4.476378917694e+00 4.194128513336e+00 6.927836894989e+00 7.481769561768e+00 8.045382499695e+00 9.384443283081e+00 1.060208606720e+01 1.156440734863e+01 1.204230022430e+01 1.230363845825e+01 1.325542163849e+01 1.346407985687e+01 1.416379261017e+01 1.504423332214e+01 1.249587249756e+01 1.072615337372e+01 1.508710956573e+01 1.813463973999e+01 2.788686752319e+01 3.339034271240e+01 3.086859512329e+01 2.935466766357e+01 3.048928642273e+01 2.532973098755e+01
1.939478397369e+00 4.074061870575e+00 4.642165184021e+00 5.159568786621e+00 5.824410915375e+00 5.957638740540e+00 5.478208065033e+00 4.437245845795e+00 4.185524463654e+00 4.992728233337e+00 5.857352256775e+00 5.558191299438e+00 4.207634449005e+00 2.745908737183e+00 2.944742441177e+00 1.700675487518e+00 9.898152351379e-01 1.093017339706e+00 1.458502650261e+00 1.758073449135e+00 5.230679988861e+00 9.200882911682e+00 7.863795280457e+00 9.914781570435e+00 9.533376693726e+00 1.175181961060e+01 1.212841033936e+01 1.147990512848e+01 1.070284366608e+01 1.221225452423e+01 1.300175285339e+01 1.679871368408e+01 2.148103332520e+01 2.340553283691e+01 1.999658203125e+01 1.696706962585e+01 1.880239105225e+01 1.342404747009e+01 2.045023536682e+01 2.084212303162e+01 3.256581878662e+01 3.068670082092e+01 3.303172302246e+01
5.221884250641e-01 1.049535751343e+00 1.107973694801e+00 1.194518566132e+00 1.660078644753e+00 2.320319890976e+00 3.050543308258e+00 3.278942346573e+00 3.173210382462e+00 2.928030729294e+00 2.997492313385e+00 3.809299230576e+00 3.803388595581e+00 3.094359874725e+00 1.999089241028e+00 1.557357192039e+00 8.004693388939e-01 6.806913018227e-01 7.581319808960e-01 1.622797250748e+00 3.618578910828e+00 7.681258678436e+00 1.916413497925e+01 1.802622413635e+01 1.619253540039e+01 1.520443058014e+01 1.465123367310e+01 1.424256420135e+01 1.514203262329e+01 1.749039649963e+01 1.951376914978e+01 2.209155273438e+01 3.810128402710e+01 2.121296691895e+01 4.785029602051e+01 3.262105560303e+01 2.602405929565e+01 2.799891281128e+01 3.467248153687e+01 4.028242111206e+01 4.261716842651e+01 4.001484298706e+01 4.028187561035e+01
4.733768105507e-01 9.144954681396e-01 9.959012866020e-01 9.977577328682e-01 1.677452683449e+00 2.485433101654e+00 2.589916467667e+00 2.112122774124e+00 1.558761477470e+00 1.269909620285e+00 1.612515568733e+00 2.001341104507e+00 1.915276288986e+00 1.538202285767e+00 1.131513714790e+00 8.006630539894e-01 5.781900286674e-01 4.252677559853e-01 4.415333569050e-01 1.439533710480e+00 4.608898639679e+00 7.967206478119e+00 7.845660686493e+00 1.657911491394e+01 4.002137374878e+01 2.027176284790e+01 1.263343143463e+01 1.143613815308e+01 1.190457248688e+01 1.298529148102e+01 2.230333709717e+01 3.215315628052e+01 1.701722335815e+01 2.536418342590e+01 4.585407638550e+01 8.368423461914e+01 3.421907806396e+01 2.708265113831e+01 2.405147743225e+01 2.645841598511e+01 2.265002059937e+01 4.235153198242e+01 4.927565765381e+01
2.455583214760e-01 5.101029276848e-01 6.116003394127e-01 6.789190173149e-01 8.928157091141e-01 1.435439705849e+00 1.644380688667e+00 1.424594283104e+00 1.102311968803e+00 8.252106308937e-01 6.812039017677e-01 6.504598259926e-01 5.187669396400e-01 4.580246210098e-01 5.463520288467e-01 4.161809086800e-01 3.854912221432e-01 3.242090344429e-01 3.779146373272e-01 5.747811198235e-01 9.843086004257e-01 2.658773183823e+00 2.785583257675e+00 3.795413017273e+00 1.456125068665e+01 1.540321445465e+01 5.742664337158e+00 3.155229806900e+00 3.303187847137e+00 1.059661293030e+01 1.403764247894e+01 1.520274543762e+01 1.586743068695e+01 1.303104686737e+01 1.915665817261e+01 5.525045394897e+01 2.963019180298e+01 1.801202774048e+01 1.257808208466e+01 1.136258220673e+01 1.068932819366e+01 2.800448226929e+01 3.887815093994e+01
1.094722300768e-01 2.184885591269e-01 2.272526472807e-01 2.501850426197e-01 3.159030377865e-01 4.000372588634e-01 4.760109782219e-01 5.180306434631e-01 5.012818574905e-01 4.248689413071e-01 3.620830178261e-01 4.162895083427e-01 4.296884536743e-01 3.971714377403e-01 4.046185314655e-01 4.624841809273e-01 3.511923849583e-01 2.804037928581e-01 3.151687979698e-01 4.685004055500e-01 5.352756977081e-01 9.787570834160e-01 1.702434182167e+00 3.713933706284e+00 9.015967369080e+00 5.625031471252e+00 3.483401298523e+00 2.763262748718e+00 2.647568941116e+00 8.551871776581e-01 7.493067979813e-01 8.137156367302e-01 1.270865917206e+00 2.763725280762e+00 6.413087368011e+00 1.088932876587e+02 2.075128326416e+02 2.767120552063e+01 1.885963058472e+01 9.715161323547e+00 6.847334861755e+00 7.405480861664e+00 1.434647655487e+01
8.805359899998e-02 1.600868999958e-01 1.780048161745e-01 1.780714839697e-01 1.788709461689e-01 2.303834706545e-01 3.025228381157e-01 3.723403811455e-01 4.139234423637e-01 4.054560363293e-01 3.407051861286e-01 3.130964040756e-01 3.400529921055e-01 3.288291394711e-01 2.923918068409e-01 3.589812815189e-01 4.169809520245e-01 3.316833972931e-01 2.559593617916e-01 7.402068972588e-01 9.413001537323e-01 7.221820950508e-01 9.587524533272e-01 1.678472518921e+00 3.180354595184e+00 3.155896949768e+01 6.832103252411e+00 6.083017349243e+00 2.571699857712e+00 5.071622729301e-01 4.437703192234e-01 4.648024439812e-01 5.407502055168e-01 6.660992503166e-01 8.966746926308e-01 4.801998138428e+00 3.348330688477e+01 8.597673797607e+01 2.198564720154e+01 1.231806278229e+01 3.545384407043e+00 2.283823013306e+00 2.512327432632e+00
8.207724988461e-02 1.954277604818e-01 2.642521560192e-01 3.049691915512e-01 3.175880908966e-01 2.930130660534e-01 2.604505121708e-01 2.376383692026e-01 2.967969775200e-01 3.403964936733e-01 3.394572436810e-01 2.938022315502e-01 2.538963556290e-01 3.161258697510e-01 3.301413059235e-01 2.950389683247e-01 3.440481126308e-01 4.441947340965e-01 3.506336212158e-01 7.418031692505e-01 7.825450897217e-01 6.700755357742e-01 7.464972138405e-01 8.093572854996e-01 1.846718311310e+00 6.345601558685e+00 6.645331859589e+00 1.703570246696e+00 7.930859923363e-01 4.911975562572e-01 3.681600987911e-01 3.143651485443e-01 3.101335763931e-01 3.889081180096e-01 5.047780275345e-01 1.713869094849e+00 8.768713951111e+00 3.097373580933e+01 3.747504043579e+01 5.795567989349e+00 2.480404138565e+00 1.608322143555e+00 1.521338701248e+00
1.243107914925e-01 2.926495969296e-01 3.740182220936e-01 4.205381870270e-01 4.320051968098e-01 4.127665460110e-01 3.874054253101e-01 3.484162092209e-01 3.005364239216e-01 2.455275058746e-01 2.725992500782e-01 2.864444851875e-01 2.744194269180e-01 3.207340538502e-01 3.679591119289e-01 3.476440012455e-01 2.935639619827e-01 4.664494991302e-01 4.993695020676e-01 1.308288693428e+00 8.385617733002e-01 6.040623784065e-01 4.084982573986e-01 4.229095280170e-01 7.954418063164e-01 5.658710956573e+00 8.108874320984e+00 1.542632222176e+00 1.012670159340e+00 5.141913890839e-01 3.185743391514e-01 2.199406921864e-01 1.955908387899e-01 2.062339037657e-01 3.165823519230e-01 5.252097845078e-01 3.550220489502e+00 1.096963500977e+01 2.911498069763e+01 1.409731483459e+01 6.714281082153e+00 1.344187974930e+00 1.135358095169e+00
8.508020639420e-02 1.853954643011e-01 2.312333136797e-01 2.537402808666e-01 2.460527271032e-01 2.468428462744e-01 2.760860323906e-01 3.086087703705e-01 3.391834199429e-01 3.396341800690e-01 2.924543917179e-01 2.207883000374e-01 2.601271569729e-01 2.850862443447e-01 2.854872941971e-01 2.867724597454e-01 3.000601828098e-01 4.917255342007e-01 6.787635684013e-01 1.131500720978e+00 8.685386776924e-01 6.824091076851e-01 3.355761766434e-01 3.362591862679e-01 6.761219501495e-01 2.048875570297e+00 1.796773910522e+00 1.196344256401e+00 9.480784535408e-01 5.262163877487e-01 2.925827801228e-01 2.401570826769e-01 2.118464559317e-01 2.070483714342e-01 2.647761702538e-01 4.480960965157e-01 9.401841163635e-01 4.721124649048e+00 5.554605007172e+00 3.381124734879e+00 2.028331518173e+00 1.025125384331e+00 9.279936552048e-01
7.994943112135e-02 1.451860368252e-01 2.154475748539e-01 2.750139236450e-01 3.280253708363e-01 3.875622451305e-01 4.529191553593e-01 5.235949754715e-01 5.889279246330e-01 6.076084971428e-01 5.432114005089e-01 4.035779833794e-01 2.598591446877e-01 2.700627744198e-01 3.325519561768e-01 3.612772524357e-01 4.500515758991e-01 5.214377641678e-01 6.123450398445e-01 1.070204377174e+00 7.596485018730e-01 5.061883330345e-01 2.682065069675e-01 2.614494860172e-01 4.893734157085e-01 5.678017735481e-01 5.435235977173e+00 8.192030787468e-01 7.742494344711e-01 4.651911556721e-01 2.707828581333e-01 2.163836807013e-01 2.064974904060e-01 2.180985957384e-01 2.807182073593e-01 3.818553090096e-01 6.358168125153e-01 7.834903597832e-01 1.646710038185e+00 2.186887979507e+00 1.366996884346e+00 8.201056122780e-01 1.054847359657e+00
7.947348058224e-02 1.437651664019e-01 1.976481825113e-01 2.442634403706e-01 2.912916541100e-01 3.487257361412e-01 4.094010591507e-01 4.706278741360e-01 5.279013514519e-01 5.588983297348e-01 5.297638773918e-01 5.731701850891e-01 5.978065133095e-01 6.000711917877e-01 5.724234580994e-01 5.190886855125e-01 6.177895665169e-01 4.494415521622e-01 6.078650951385e-01 1.935151934624e+00 7.104258537292e-01 3.561575114727e-01 2.515317797661e-01 2.106793075800e-01 2.912788391113e-01 6.255051493645e-01 2.270230293274e+00 6.369226574898e-01 8.212251663208e-01 3.473154306412e-01 2.559423446655e-01 1.955056041479e-01 1.980071812868e-01 2.250852584839e-01 2.971949279308e-01 3.533535897732e-01 3.933564424515e-01 6.337864398956e-01 1.389387130737e+00 1.625389218330e+00 1.009498834610e+00 7.492539882660e-01 9.794383049011e-01
