100/SI/f155.grd
DSAA
101	101
32.816463539100	34.260883539100
35.556306596100	36.727886596100
1.676665386185e-03	2.748381652832e+02
[rows 57 to 75 of 101, columns 0 to 42 of 101]
9.280959516764e-02 1.524504274130e-01 1.654644608498e-01 1.656233072281e-01 1.754479855299e-01 2.145178467035e-01 2.401175945997e-01 2.632336318493e-01 2.848715186119e-01 2.911272644997e-01 2.800542414188e-01 3.923339545727e-01 6.721169948578e-01 3.673948347569e-01 2.673390507698e-01 4.030908048153e-01 3.609144985676e-01 4.046912193298e-01 4.891249537468e-01 5.096434354782e-01 5.246704220772e-01 3.923016488552e-01 2.726465463638e-01 2.397249191999e-01 2.599887847900e-01 3.600828647614e-01 5.754675269127e-01 7.138794064522e-01 5.581029653549e-01 3.256407678127e-01 2.550443708897e-01 2.007714956999e-01 2.103604525328e-01 2.525883615017e-01 2.985799610615e-01 3.833025693893e-01 4.416484832764e-01 4.764058887959e-01 7.874389290810e-01 1.031738758087e+00 8.844603300095e-01 7.841483950615e-01 8.831951022148e-01
1.172842755914e-01 1.919914484024e-01 2.193234115839e-01 2.225844711065e-01 2.201456725597e-01 2.141230255365e-01 2.137541919947e-01 2.238211482763e-01 2.331131398678e-01 3.794943392277e-01 1.231337189674e+00 1.425800085068e+00 5.327067375183e-01 2.764285802841e-01 2.775026857853e-01 2.583077549934e-01 2.793332338333e-01 2.782182395458e-01 3.172538876534e-01 4.019179046154e-01 4.877057671547e-01 5.209198594093e-01 3.641821146011e-01 2.289488017559e-01 2.636149525642e-01 4.022204875946e-01 6.075289249420e-01 6.509012579918e-01 6.588313579559e-01 4.189430475235e-01 2.530749440193e-01 2.297218292952e-01 2.200867235661e-01 2.630726993084e-01 3.106731474400e-01 3.217572271824e-01 3.310107290745e-01 3.446229398251e-01 3.476183116436e-01 3.751892149448e-01 4.524960815907e-01 6.186267137527e-01 7.121601104736e-01
1.568889319897e-01 2.579564154148e-01 2.984724640846e-01 4.243530929089e-01 5.455591678619e-01 6.930137276649e-01 9.125036597252e-01 1.331536531448e+00 2.443754196167e+00 3.450704336166e+00 2.294888257980e+00 5.841188430786e-01 3.941729664803e-01 3.448178768158e-01 2.507013082504e-01 2.636715471745e-01 2.786953151226e-01 2.742275297642e-01 2.611812949181e-01 2.792882919312e-01 4.704693257809e-01 5.331677198410e-01 3.781046569347e-01 2.173816412687e-01 1.703584939241e-01 2.627608478069e-01 3.726430237293e-01 3.846593499184e-01 4.016259014606e-01 3.265659511089e-01 2.278755307198e-01 2.399746775627e-01 2.271842807531e-01 2.549913823605e-01 3.078218996525e-01 3.191884458065e-01 3.044191896915e-01 2.794986963272e-01 2.572268247604e-01 2.879592776299e-01 3.673562407494e-01 4.707380533218e-01 6.226654052734e-01
1.533083468676e-01 2.742663621902e-01 4.797825813293e-01 6.870051622391e-01 8.707758188248e-01 1.154224276543e+00 1.680824875832e+00 2.511477708817e+00 2.524550199509e+00 1.167750358582e+00 2.814623415470e-01 3.282373249531e-01 3.570356369019e-01 3.172569870949e-01 2.847305536270e-01 2.988908886909e-01 2.994866073132e-01 2.873157858849e-01 2.232993394136e-01 2.184443622828e-01 3.388374149799e-01 3.780279755592e-01 2.805442810059e-01 1.755230873823e-01 1.348875463009e-01 1.457396298647e-01 1.954100728035e-01 2.417230308056e-01 2.836383879185e-01 2.450396567583e-01 2.241564691067e-01 2.097526192665e-01 2.239077091217e-01 2.480461150408e-01 2.977557480335e-01 3.053721785545e-01 2.766344249249e-01 2.371212691069e-01 2.167351245880e-01 2.409495413303e-01 3.553020954132e-01 4.475074112415e-01 5.698358416557e-01
9.285125136375e-02 1.618715226650e-01 1.979103833437e-01 2.083349823952e-01 2.087056338787e-01 2.077671140432e-01 2.059131860733e-01 2.014627307653e-01 1.975673884153e-01 1.931777596474e-01 1.812365502119e-01 1.907996982336e-01 2.091542333364e-01 2.675961554050e-01 3.009624183178e-01 3.143365085125e-01 3.024837672710e-01 2.682979106903e-01 1.980801075697e-01 1.576245725155e-01 1.897390931845e-01 1.968623846769e-01 1.553080230951e-01 1.151432543993e-01 1.014132425189e-01 1.111057773232e-01 1.426406055689e-01 1.715192347765e-01 2.037717998028e-01 2.193767726421e-01 2.076233625412e-01 1.855272352695e-01 2.153082191944e-01 2.607071101665e-01 3.112714290619e-01 3.013688921928e-01 2.505496442318e-01 1.988376975060e-01 2.197074294090e-01 2.460586577654e-01 3.670470416546e-01 4.558135569096e-01 5.370406508446e-01
4.358416423202e-02 8.125123381615e-02 1.054012477398e-01 1.164326220751e-01 1.207181364298e-01 1.242278143764e-01 1.275772005320e-01 1.300354897976e-01 1.338946223259e-01 1.377662718296e-01 1.349985003471e-01 1.268999576569e-01 1.294232904911e-01 1.718282848597e-01 2.021741867065e-01 2.128268331289e-01 1.936064511538e-01 1.722128838301e-01 1.454009860754e-01 1.232364624739e-01 1.012053787708e-01 9.441405534744e-02 7.791172713041e-02 8.640821278095e-02 1.019206196070e-01 1.071972474456e-01 1.183175444603e-01 1.425685584545e-01 1.724975556135e-01 1.887213736773e-01 1.859461665154e-01 1.755896061659e-01 2.151215076447e-01 2.889389097691e-01 3.358682692051e-01 3.033567368984e-01 2.276924103498e-01 1.957026422024e-01 2.252422124147e-01 2.652732133865e-01 3.562794923782e-01 4.015285372734e-01 4.630494713783e-01
3.002679534256e-02 5.057336762547e-02 6.280925124884e-02 7.143796980381e-02 7.686587423086e-02 8.160317689180e-02 8.614377677441e-02 8.993716537952e-02 9.448105096817e-02 9.913662075996e-02 9.975671023130e-02 9.654585272074e-02 9.286159276962e-02 8.956407010555e-02 9.038958698511e-02 1.025055497885e-01 1.080929860473e-01 1.066250056028e-01 9.783760458231e-02 9.342545270920e-02 8.060304075480e-02 7.561752200127e-02 6.653222441673e-02 8.800888061523e-02 1.084851250052e-01 1.188438162208e-01 1.181795001030e-01 1.168776080012e-01 1.424830555916e-01 1.584759801626e-01 1.623186916113e-01 1.613549292088e-01 2.185351550579e-01 3.058771789074e-01 3.375975787640e-01 2.818873822689e-01 1.993531435728e-01 1.967923641205e-01 2.355859726667e-01 2.646249830723e-01 3.072511553764e-01 3.534819483757e-01 3.629245460033e-01
2.428670786321e-02 4.136923700571e-02 5.215388536453e-02 5.736331269145e-02 6.107897683978e-02 6.422859430313e-02 6.653961539268e-02 6.697709858418e-02 6.920076906681e-02 7.187112420797e-02 7.243988662958e-02 7.122820615768e-02 7.001583278179e-02 6.841624528170e-02 7.107727974653e-02 8.166245371103e-02 8.679407089949e-02 8.563478291035e-02 7.919005304575e-02 7.394409924746e-02 7.829158008099e-02 7.600588351488e-02 6.611327826977e-02 8.787143975496e-02 1.108612045646e-01 1.249233856797e-01 1.265865117311e-01 1.225999146700e-01 1.254491060972e-01 1.374937742949e-01 1.432084441185e-01 1.509017348289e-01 2.174959480762e-01 2.993846237659e-01 3.083341419697e-01 2.425833195448e-01 1.848319470882e-01 2.024853825569e-01 2.468015551567e-01 2.607525587082e-01 2.724065780640e-01 2.945345938206e-01 2.703579366207e-01
2.338031306863e-02 3.745480626822e-02 4.752327874303e-02 5.217697471380e-02 5.418099835515e-02 5.589570105076e-02 5.650058016181e-02 5.551005527377e-02 5.576452612877e-02 5.646523833275e-02 5.693323910236e-02 5.909492075443e-02 6.079994514585e-02 6.218044832349e-02 6.382101029158e-02 6.632712483406e-02 7.091157883406e-02 7.185681909323e-02 7.253669947386e-02 6.964604556561e-02 7.191821932793e-02 7.515046745539e-02 6.672399491072e-02 8.326634019613e-02 1.052040457726e-01 1.198102906346e-01 1.223723739386e-01 1.196227520704e-01 1.261790990829e-01 1.298386603594e-01 1.322960555553e-01 1.411732882261e-01 2.041151523590e-01 2.688859701157e-01 2.612625658512e-01 2.085165679455e-01 1.803226917982e-01 2.171604037285e-01 2.499449402094e-01 2.439628988504e-01 2.370446473360e-01 2.389726042747e-01 2.195753157139e-01
2.190505526960e-02 3.477365151048e-02 4.363936558366e-02 4.757551103830e-02 4.925615340471e-02 5.049008503556e-02 5.061882734299e-02 4.951145499945e-02 4.947801306844e-02 5.320769920945e-02 5.641737207770e-02 5.930786952376e-02 6.186186894774e-02 6.400477886200e-02 6.594539433718e-02 6.782342493534e-02 6.920894980431e-02 6.941886991262e-02 6.803216785192e-02 6.622089445591e-02 6.637576222420e-02 7.252344489098e-02 6.856045871973e-02 7.556971907616e-02 9.416360408068e-02 1.070909798145e-01 1.237631216645e-01 1.350869387388e-01 1.355793774128e-01 1.311858445406e-01 1.282686144114e-01 1.315935701132e-01 1.794922649860e-01 2.241198718548e-01 2.147026658058e-01 1.860143095255e-01 1.948282420635e-01 2.210572212934e-01 2.364454865456e-01 2.144860774279e-01 1.986894756556e-01 1.887972503901e-01 1.878844201565e-01
2.020576037467e-02 3.202214837074e-02 4.012025147676e-02 4.387336224318e-02 4.545384645462e-02 4.612784832716e-02 4.578059911728e-02 4.550315812230e-02 4.638457298279e-02 5.036156624556e-02 5.394192039967e-02 5.729503557086e-02 6.037264317274e-02 6.294846534729e-02 6.494159251451e-02 6.623256206512e-02 6.638997793198e-02 7.181289792061e-02 7.333216816187e-02 6.806156039238e-02 6.208523362875e-02 6.655854731798e-02 6.792689859867e-02 6.794481724501e-02 8.288303762674e-02 9.360396116972e-02 1.129077747464e-01 1.311951726675e-01 1.355086565018e-01 1.310561150312e-01 1.257335990667e-01 1.243049055338e-01 1.433592438698e-01 1.739691942930e-01 1.707990616560e-01 1.578594446182e-01 1.685361117125e-01 1.873677819967e-01 1.938242763281e-01 1.686624437571e-01 1.558271646500e-01 1.444076448679e-01 1.416708379984e-01
1.877344213426e-02 2.980151213706e-02 3.748834133148e-02 4.122259840369e-02 4.258518293500e-02 4.266286641359e-02 4.197586327791e-02 4.206448793411e-02 4.376144334674e-02 4.546616971493e-02 4.904449731112e-02 5.252302438021e-02 5.574137344956e-02 5.844973400235e-02 6.040653958917e-02 6.301939487457e-02 6.908757984638e-02 7.776778936386e-02 8.161306381226e-02 7.941260933876e-02 7.269903272390e-02 6.468323618174e-02 6.647728383541e-02 6.733088940382e-02 7.385385036469e-02 8.246424049139e-02 8.498764783144e-02 1.021303385496e-01 1.155672147870e-01 1.196545958519e-01 1.182067319751e-01 1.199338808656e-01 1.236309334636e-01 1.277132332325e-01 1.267952769995e-01 1.226145103574e-01 1.294848173857e-01 1.507965177298e-01 1.604439169168e-01 1.318605691195e-01 1.176373437047e-01 1.050380691886e-01 1.158306598663e-01
1.773712970316e-02 2.823866531253e-02 3.565925732255e-02 3.919717669487e-02 4.013571888208e-02 3.980758041143e-02 3.911530971527e-02 3.890696540475e-02 4.022867605090e-02 4.196388646960e-02 4.262990877032e-02 4.600643366575e-02 4.910958558321e-02 5.176845565438e-02 5.416456982493e-02 6.012159958482e-02 7.027806341648e-02 8.018758893013e-02 8.691455423832e-02 8.895315974951e-02 8.653488010168e-02 8.139514178038e-02 7.519546151161e-02 6.948630511761e-02 6.688611209393e-02 7.378436625004e-02 7.534874975681e-02 7.218996435404e-02 8.807688951492e-02 1.010462716222e-01 1.096151396632e-01 1.159471869469e-01 1.198094338179e-01 1.159374564886e-01 1.040854379535e-01 1.019214466214e-01 1.145210340619e-01 1.430434733629e-01 1.657429635525e-01 1.488392353058e-01 1.095566377044e-01 9.793797880411e-02 1.113031506538e-01
1.736090891063e-02 2.759522944689e-02 3.471561893821e-02 3.783800080419e-02 3.832602128386e-02 3.777787089348e-02 3.745906427503e-02 3.796808049083e-02 3.779565542936e-02 3.816945850849e-02 3.906784579158e-02 4.317771643400e-02 4.749429598451e-02 5.197279527783e-02 5.593632161617e-02 6.148099154234e-02 7.147776335478e-02 8.160959184170e-02 9.073459357023e-02 9.639866650105e-02 9.738729149103e-02 9.499686211348e-02 9.091018885374e-02 8.673730492592e-02 8.429140597582e-02 8.271854370832e-02 7.969679683447e-02 7.516609877348e-02 8.719988912344e-02 9.780224412680e-02 1.057266592979e-01 1.129562631249e-01 1.167820468545e-01 1.090945526958e-01 1.038483306766e-01 1.063904389739e-01 1.153780817986e-01 1.382137835026e-01 1.596339344978e-01 1.447501331568e-01 1.118185296655e-01 9.753916412592e-02 1.109606325626e-01
1.765168458223e-02 2.791185118258e-02 3.480010107160e-02 3.753312677145e-02 3.768844157457e-02 3.691969811916e-02 3.687896952033e-02 3.705834224820e-02 3.787466138601e-02 3.808127343655e-02 4.045361280441e-02 4.452160745859e-02 4.849978163838e-02 5.228897556663e-02 5.535482987761e-02 6.330578774214e-02 7.463264465332e-02 8.534867316484e-02 9.571132808924e-02 1.032356247306e-01 1.057044416666e-01 1.041515171528e-01 1.003079637885e-01 9.552001953125e-02 9.157951921225e-02 8.767178654671e-02 8.112146705389e-02 7.445251941681e-02 8.542931079865e-02 9.466727077961e-02 1.026014611125e-01 1.102475523949e-01 1.127843856812e-01 1.036616489291e-01 1.053020209074e-01 1.083765700459e-01 1.179570555687e-01 1.339935809374e-01 1.442456692457e-01 1.268058270216e-01 1.037900596857e-01 9.056252986193e-02 1.029845699668e-01
1.810801774263e-02 2.854554355145e-02 3.532697632909e-02 3.782963007689e-02 3.778894990683e-02 3.750574588776e-02 3.909896686673e-02 4.021146148443e-02 4.084577038884e-02 4.094812646508e-02 4.059194028378e-02 4.279246926308e-02 4.719736054540e-02 5.280882492661e-02 5.462379381061e-02 6.203762441874e-02 7.638338208199e-02 8.876363188028e-02 9.857808798552e-02 1.047597080469e-01 1.061419099569e-01 1.033008024096e-01 9.797047823668e-02 9.171460568905e-02 8.584477007389e-02 7.993175834417e-02 7.157255709171e-02 7.437750697136e-02 8.381066471338e-02 9.213766455650e-02 9.971877187490e-02 1.060386225581e-01 1.060735583305e-01 9.785649925470e-02 1.069074869156e-01 1.335286200047e-01 1.263520568609e-01 1.330935060978e-01 1.281685382128e-01 1.083128377795e-01 9.393656998873e-02 8.237683027983e-02 9.345113486052e-02
1.785707287490e-02 2.805814519525e-02 3.451930359006e-02 3.682909905910e-02 3.677187114954e-02 3.765297681093e-02 3.868252038956e-02 3.918739780784e-02 3.932176902890e-02 3.909215703607e-02 3.907827660441e-02 4.386521130800e-02 5.105151981115e-02 5.717761814594e-02 5.900973826647e-02 5.773086845875e-02 7.303782552481e-02 8.569685369730e-02 9.283217042685e-02 9.534218162298e-02 9.401284158230e-02 8.892153203487e-02 8.214254677296e-02 7.626289129257e-02 7.149637490511e-02 6.636743247509e-02 6.651078164577e-02 7.377578318119e-02 8.211607486010e-02 8.960264176130e-02 9.613017737865e-02 9.974548965693e-02 9.696660190821e-02 9.384862333536e-02 1.115015819669e-01 1.192782223225e-01 1.217818483710e-01 1.336756795645e-01 1.295958161354e-01 1.062659621239e-01 9.131596237421e-02 8.393394947052e-02 9.072709828615e-02
1.635729335248e-02 2.553694136441e-02 3.123049810529e-02 3.323679789901e-02 3.510644659400e-02 3.663546964526e-02 3.597791492939e-02 3.451894968748e-02 3.412002325058e-02 3.645170480013e-02 3.981086984277e-02 4.603419452906e-02 5.442336946726e-02 6.077071279287e-02 6.254508346319e-02 6.150332093239e-02 6.686825305223e-02 7.763101160526e-02 8.165270090103e-02 8.075236529112e-02 7.673313468695e-02 6.963071972132e-02 6.679908186197e-02 7.909491658211e-02 8.021106570959e-02 7.689307630062e-02 7.532484829426e-02 7.560563087463e-02 7.984674721956e-02 8.636051416397e-02 9.090618044138e-02 9.104710817337e-02 8.550647646189e-02 8.668641746044e-02 1.016071215272e-01 1.447236239910e-01 1.241338178515e-01 1.740088164806e-01 1.544198393822e-01 1.297310739756e-01 1.099720969796e-01 9.053553640842e-02 1.021729484200e-01
1.684691943228e-02 2.483425475657e-02 3.047803230584e-02 3.522630035877e-02 3.881506621838e-02 3.966430947185e-02 3.851313516498e-02 3.634229674935e-02 3.381222113967e-02 3.679900988936e-02 4.079315811396e-02 4.833948612213e-02 5.762205272913e-02 6.408684700727e-02 6.583348661661e-02 6.480471789837e-02 6.138805299997e-02 7.069636881351e-02 7.340748608112e-02 7.744292169809e-02 1.051807999611e-01 9.642063081264e-02 7.253748178482e-02 8.251329511404e-02 8.010718226433e-02 7.379503548145e-02 7.007781416178e-02 7.042825967073e-02 7.711603492498e-02 8.213905990124e-02 8.388339728117e-02 8.060267567635e-02 7.328569144011e-02 7.788813859224e-02 8.631535619497e-02 1.286729425192e-01 1.612701117992e-01 2.527196705341e-01 2.337502390146e-01 1.537074148655e-01 1.170478835702e-01 1.078323647380e-01 1.329175829887e-01
