100/SI/f155.grd
DSAA
101	101
32.816463539100	34.260883539100
35.556306596100	36.727886596100
1.676665386185e-03	2.748381652832e+02
[rows 0 to 18 of 101, columns 43 to 85 of 101]
3.999285995960e-01 6.824626922607e-01 7.861574292183e-01 6.229161024094e-01 4.340171217918e-01 4.373055696487e-01 3.761430084705e-01 3.442231118679e-01 2.264941930771e-01 3.276250660419e-01 4.347644448280e-01 5.152688622475e-01 6.144235730171e-01 8.774156570435e-01 3.939734697342e-01 4.860279262066e-01 6.171081662178e-01 6.730153560638e-01 4.547011554241e-01 3.048662245274e-01 3.441629111767e-01 4.433657228947e-01 4.549797177315e-01 4.982812702656e-01 5.052592754364e-01 3.607753813267e-01 2.419669181108e-01 2.442404180765e-01 4.614199995995e-01 6.922711133957e-01 5.562217831612e-01 2.727424204350e-01 3.444595038891e-01 2.247348427773e-01 2.298464924097e-01 1.974095106125e-01 1.688508242369e-01 1.538052707911e-01 1.130887120962e-01 1.140898317099e-01 1.521725505590e-01 2.543528974056e-01 2.527223527431e-01
6.931981444359e-01 1.236037135124e+00 1.543442726135e+00 1.365602731705e+00 1.023459315300e+00 9.464132785797e-01 7.860198020935e-01 6.676427125931e-01 6.207397580147e-01 7.195938825607e-01 8.014969229698e-01 9.132956266403e-01 1.215094923973e+00 1.752097725868e+00 7.502542138100e-01 9.233009219170e-01 1.165817975998e+00 1.259491324425e+00 8.648222088814e-01 5.877926945686e-01 6.723560094833e-01 8.455567955971e-01 9.004776477814e-01 8.706524372101e-01 8.904784917831e-01 7.512255311012e-01 4.488668441772e-01 5.073921680450e-01 1.042863130569e+00 1.658545494080e+00 9.897244572639e-01 4.499296247959e-01 6.739364266396e-01 4.137306511402e-01 4.447395503521e-01 3.679766654968e-01 3.016630411148e-01 2.705962061882e-01 2.177563309669e-01 2.177028656006e-01 3.366075754166e-01 5.152742266655e-01 4.800355434418e-01
8.724712133408e-01 1.261994242668e+00 1.724102735519e+00 1.695014834404e+00 1.377430081367e+00 1.376722335815e+00 9.319072961807e-01 8.216477632523e-01 1.108180165291e+00 1.108629941940e+00 7.965286374092e-01 1.011374354362e+00 1.294768929482e+00 1.832436561584e+00 8.736490011215e-01 1.050252318382e+00 1.304373145103e+00 1.441308856010e+00 9.962029457092e-01 7.791244387627e-01 7.797500491142e-01 8.489803075790e-01 1.012948632240e+00 1.091374397278e+00 1.312600016594e+00 1.010079979897e+00 5.835901498795e-01 6.275072097778e-01 1.369552016258e+00 2.142213821411e+00 1.014440655708e+00 5.230626463890e-01 7.762135267258e-01 4.565750360489e-01 4.963154494762e-01 4.347455501556e-01 3.864683806896e-01 3.073149919510e-01 2.527515292168e-01 3.098165392876e-01 4.265736937523e-01 5.703895688057e-01 4.912115633488e-01
1.005230665207e+00 1.141666054726e+00 1.541725277901e+00 1.674453139305e+00 1.492895960808e+00 1.843123435974e+00 9.768220186234e-01 1.123183369637e+00 1.584331631660e+00 1.632277488708e+00 1.085003733635e+00 1.057869672775e+00 1.326378226280e+00 1.849090337753e+00 9.174829721451e-01 1.170856595039e+00 1.337755799294e+00 1.501697421074e+00 1.075976729393e+00 1.022610425949e+00 8.376448750496e-01 1.058663964272e+00 1.280389189720e+00 1.261736273766e+00 1.743358969688e+00 1.246088743210e+00 6.578075885773e-01 7.477087974548e-01 1.598417043686e+00 2.324484109879e+00 9.564291238785e-01 5.824642181396e-01 8.232402801514e-01 4.622177481651e-01 5.063382387161e-01 5.542523264885e-01 4.681251347065e-01 3.527588844299e-01 3.026207387447e-01 3.830942213535e-01 5.093113780022e-01 5.940939188004e-01 4.705455899239e-01
9.883633852005e-01 1.368689417839e+00 1.216001749039e+00 1.415144443512e+00 1.376273155212e+00 2.341100692749e+00 9.401671886444e-01 1.386468052864e+00 2.023807287216e+00 2.174236774445e+00 1.531642794609e+00 1.102415919304e+00 1.363573670387e+00 1.858247280121e+00 9.502770900726e-01 1.282192468643e+00 1.353655338287e+00 1.551680326462e+00 1.191412329674e+00 1.257920265198e+00 9.907326102257e-01 1.338744878769e+00 1.626722335815e+00 1.582473516464e+00 2.168478727341e+00 1.440921545029e+00 7.877055406570e-01 8.015573620796e-01 1.693261265755e+00 2.246920585632e+00 1.032610535622e+00 6.939411759377e-01 8.517099022865e-01 5.474241971970e-01 6.270779967308e-01 6.510064005852e-01 5.204011797905e-01 3.681255578995e-01 3.846479952335e-01 4.176158607006e-01 5.944040417671e-01 6.024990081787e-01 4.501551091671e-01
8.569186925888e-01 1.452721476555e+00 1.090346813202e+00 1.121536374092e+00 1.196399688721e+00 2.837522983551e+00 1.061630845070e+00 1.577370285988e+00 2.412701368332e+00 2.711172342300e+00 1.999585986137e+00 1.162186503410e+00 1.413979411125e+00 1.865979313850e+00 1.053723812103e+00 1.374686479568e+00 1.350355863571e+00 1.595808863640e+00 1.220205307007e+00 1.460164189339e+00 1.200893998146e+00 1.621599197388e+00 1.937744379044e+00 1.854596138000e+00 2.548439264297e+00 1.553446173668e+00 8.666450977325e-01 9.368289113045e-01 1.620890378952e+00 1.822779893875e+00 1.026196479797e+00 8.021722435951e-01 8.598441481590e-01 6.117557287216e-01 7.341223359108e-01 7.236377596855e-01 5.456992387772e-01 3.845544457436e-01 4.334000349045e-01 4.673263132572e-01 6.792539358139e-01 6.129547953606e-01 4.317230284214e-01
7.817011475563e-01 1.390749335289e+00 1.093928813934e+00 8.764394521713e-01 1.108284711838e+00 3.294281244278e+00 1.173412084579e+00 1.667868256569e+00 2.680892229080e+00 3.121066808701e+00 2.424252510071e+00 1.280934691429e+00 1.458523631096e+00 1.865900516510e+00 1.066233277321e+00 1.464699506760e+00 1.327408313751e+00 1.626494646072e+00 1.174734592438e+00 1.544544339180e+00 1.374358534813e+00 1.823293328285e+00 2.149049758911e+00 2.005576610565e+00 2.827231645584e+00 1.564400911331e+00 8.366947174072e-01 1.049377560616e+00 1.388850450516e+00 1.267403721809e+00 9.608299732208e-01 9.092397689819e-01 8.537740707397e-01 6.516513824463e-01 8.191043138504e-01 7.661838531494e-01 5.431809425354e-01 4.524876475334e-01 4.271486997604e-01 6.352243423462e-01 7.761058807373e-01 6.284786462784e-01 4.030256867409e-01
9.014427065849e-01 1.327726006508e+00 1.056759476662e+00 9.867647290230e-01 1.248003482819e+00 3.728795289993e+00 1.339840054512e+00 1.613533616066e+00 2.708945989609e+00 3.295458793640e+00 2.757635116577e+00 1.675363779068e+00 1.516010284424e+00 1.876188397408e+00 1.063241600990e+00 1.549076914787e+00 1.288271069527e+00 1.646770119667e+00 1.210593223572e+00 1.462753772736e+00 1.478198885918e+00 1.917982101440e+00 2.200177431107e+00 2.005215883255e+00 2.987907648087e+00 1.506727576256e+00 9.590896368027e-01 1.250443100929e+00 1.054473996162e+00 1.008962392807e+00 1.077101707458e+00 1.016779065132e+00 8.299880623817e-01 8.429211974144e-01 8.731073737144e-01 7.716398239136e-01 5.134825110435e-01 4.648360908031e-01 5.332589745522e-01 8.548007607460e-01 8.495866656303e-01 5.981073975563e-01 3.370200693607e-01
1.013234019279e+00 1.331724047661e+00 1.048750638962e+00 1.068432211876e+00 1.382414102554e+00 4.133278369904e+00 1.514192938805e+00 1.417895197868e+00 2.473741054535e+00 3.209299802780e+00 2.955412387848e+00 2.042782068253e+00 1.576746344566e+00 2.151506900787e+00 1.195915818214e+00 1.632841348648e+00 1.287920832634e+00 1.660791277885e+00 1.235173583031e+00 1.292767882347e+00 1.543516993523e+00 1.878971338272e+00 2.087882280350e+00 2.016982793808e+00 2.968786716461e+00 1.332400441170e+00 1.144075751305e+00 1.465487957001e+00 1.027510404587e+00 1.243184924126e+00 1.358864426613e+00 1.120558977127e+00 9.668481349945e-01 1.049094676971e+00 1.071765780449e+00 7.359457015991e-01 5.020585656166e-01 4.478498995304e-01 8.479807972908e-01 1.033732295036e+00 8.208715915680e-01 4.742585718632e-01 4.004681408405e-01
1.087432384491e+00 1.356778502464e+00 1.038727521896e+00 1.046726703644e+00 1.511050939560e+00 4.459180355072e+00 1.666801929474e+00 1.163275361061e+00 2.105452537537e+00 2.927754640579e+00 2.976149559021e+00 2.333370447159e+00 1.632155537605e+00 2.322042465210e+00 1.503888845444e+00 1.725668549538e+00 1.706903815269e+00 1.685538172722e+00 1.247841596603e+00 1.546710491180e+00 1.511027216911e+00 1.739895820618e+00 1.841450095177e+00 2.250678062439e+00 2.757050514221e+00 1.067601680756e+00 1.332973003387e+00 1.679807186127e+00 1.180791258812e+00 1.441974282265e+00 1.601262331009e+00 1.314520597458e+00 1.075434565544e+00 1.113171100616e+00 1.162495255470e+00 6.645764112473e-01 4.676545858383e-01 8.053393959999e-01 1.138510107994e+00 1.042900443077e+00 6.337143778801e-01 4.144212901592e-01 3.924102485180e-01
1.102331161499e+00 1.404143333435e+00 1.030762791634e+00 1.124798417091e+00 1.627160072327e+00 4.720910072327e+00 1.806613206863e+00 1.159164190292e+00 1.683364272118e+00 2.469773530960e+00 2.757898569107e+00 2.484162092209e+00 1.996845483780e+00 2.312067747116e+00 1.904342055321e+00 1.816388964653e+00 2.412802934647e+00 1.806199550629e+00 1.243863821030e+00 2.050843477249e+00 1.675935149193e+00 1.530593633652e+00 2.255330324173e+00 2.396724462509e+00 2.399487257004e+00 1.070655226707e+00 1.492306470871e+00 1.828876495361e+00 1.232798695564e+00 1.558094978333e+00 1.814447164536e+00 1.532318711281e+00 9.957342147827e-01 9.672818183899e-01 1.099153637886e+00 5.708736181259e-01 7.324927449226e-01 1.190973401070e+00 1.219697594643e+00 8.089535832405e-01 4.063843488693e-01 3.731897771358e-01 3.785219788551e-01
1.070766806602e+00 1.456947684288e+00 1.340896368027e+00 1.271185994148e+00 1.731944918633e+00 4.888109683990e+00 1.894973635674e+00 1.203215718269e+00 1.402254700661e+00 1.913716912270e+00 2.354199647903e+00 2.442027568817e+00 2.224755525589e+00 2.414637088776e+00 2.309060811996e+00 1.898647904396e+00 3.231135368347e+00 2.383374929428e+00 1.253345251083e+00 2.493783712387e+00 1.869921684265e+00 1.996065616608e+00 2.970507144928e+00 2.429727077484e+00 1.943071603775e+00 1.110178709030e+00 1.560252189636e+00 1.869651317596e+00 1.180332660675e+00 1.548259496689e+00 1.925201535225e+00 1.703665733337e+00 1.002271294594e+00 7.722719907761e-01 1.018961787224e+00 6.208222508430e-01 1.176773667336e+00 1.372469186783e+00 9.757270216942e-01 4.945419132710e-01 4.374195933342e-01 4.856791496277e-01 5.145937204361e-01
1.081660151482e+00 1.509418010712e+00 1.692823410034e+00 1.166144728661e+00 1.831077575684e+00 5.023588657379e+00 1.935232758522e+00 1.241765618324e+00 1.405070781708e+00 1.805686831474e+00 1.808992862701e+00 2.168381452560e+00 2.277710676193e+00 2.688491821289e+00 2.485674619675e+00 2.101183652878e+00 4.034226894379e+00 2.912648200989e+00 1.369051456451e+00 2.839844703674e+00 1.962830424309e+00 2.422119617462e+00 3.503732919693e+00 2.266722440720e+00 1.433060050011e+00 1.323008537292e+00 1.500732064247e+00 1.769038438797e+00 1.085761308670e+00 1.417362213135e+00 1.863546133041e+00 1.747713565826e+00 1.061515331268e+00 6.658782362938e-01 9.754175543785e-01 1.085652828217e+00 1.485359072685e+00 1.177022099495e+00 6.007517576218e-01 4.730125963688e-01 4.580062925816e-01 6.250215172768e-01 6.120440363884e-01
9.659382700920e-01 1.562852740288e+00 1.835060834885e+00 1.301767945290e+00 1.932799100876e+00 5.178138256073e+00 1.961420297623e+00 1.291335225105e+00 1.283839106560e+00 1.741001486778e+00 1.429089307785e+00 1.708464741707e+00 2.453991413116e+00 2.881194591522e+00 2.305287361145e+00 2.600674867630e+00 4.672897338867e+00 3.339555978775e+00 1.609346628189e+00 3.077904939651e+00 1.970396280289e+00 2.634043455124e+00 3.670034885406e+00 1.886699438095e+00 1.252371907234e+00 1.682693243027e+00 1.738523125648e+00 1.574584007263e+00 1.075642347336e+00 1.189219355583e+00 1.649306058884e+00 1.654005408287e+00 1.060177206993e+00 6.610819697380e-01 9.855644702911e-01 1.519402623177e+00 1.411247849464e+00 7.596941590309e-01 5.355662703514e-01 4.552250206470e-01 4.960864186287e-01 7.069453001022e-01 6.512619256973e-01
1.315844416618e+00 1.625576376915e+00 1.836863636971e+00 2.123282670975e+00 2.037935018539e+00 5.271131992340e+00 1.953493237495e+00 1.542718768120e+00 1.097756624222e+00 1.592619895935e+00 1.335909485817e+00 1.877239942551e+00 2.584943294525e+00 3.074144124985e+00 2.484590053558e+00 3.090843439102e+00 5.197713851929e+00 3.589069843292e+00 1.754112124443e+00 3.279038906097e+00 2.169411897659e+00 2.568379878998e+00 3.527330636978e+00 1.562878489494e+00 1.330998778343e+00 2.015773296356e+00 2.207992076874e+00 1.374738693237e+00 1.095783233643e+00 1.001746058464e+00 1.368237495422e+00 1.483657836914e+00 1.004127025604e+00 7.430660724640e-01 1.446056127548e+00 1.631492257118e+00 9.833328127861e-01 5.153604149818e-01 5.509554743767e-01 4.256657958031e-01 5.677729249001e-01 7.509279251099e-01 8.126047849655e-01
1.737353086472e+00 1.700654864311e+00 1.808784127235e+00 2.607425212860e+00 2.117398977280e+00 5.298920631409e+00 1.896685361862e+00 1.768028140068e+00 1.161281108856e+00 1.631918787956e+00 1.382790088654e+00 2.011561632156e+00 2.706832170486e+00 3.262008190155e+00 2.399430990219e+00 3.494274616241e+00 5.297233581543e+00 3.401583909988e+00 2.080714702606e+00 3.447208642960e+00 2.176110506058e+00 2.348026514053e+00 3.050913810730e+00 1.485668063164e+00 1.455677986145e+00 2.319173812866e+00 2.378481388092e+00 1.238595128059e+00 1.192167162895e+00 1.047602772713e+00 1.444699525833e+00 1.248154282570e+00 8.936923742294e-01 1.300127148628e+00 1.752948999405e+00 1.260442852974e+00 7.068374156952e-01 4.628828167915e-01 5.553473830223e-01 4.857434332371e-01 7.339016795158e-01 9.563664197922e-01 9.526394009590e-01
2.044592618942e+00 2.216630697250e+00 2.093836784363e+00 2.409748792648e+00 2.256682157516e+00 5.255407333374e+00 2.061742067337e+00 1.943216562271e+00 1.218952894211e+00 1.656208395958e+00 1.528867602348e+00 2.081605911255e+00 2.852483034134e+00 3.447092533112e+00 2.205630064011e+00 3.750796794891e+00 4.992638587952e+00 3.018881320953e+00 2.289079904556e+00 3.572897911072e+00 1.944473743439e+00 1.874452233315e+00 2.368958234787e+00 1.375376462936e+00 1.710794210434e+00 2.321864366531e+00 2.195206165314e+00 1.311478018761e+00 1.372384071350e+00 1.161575436592e+00 1.567330121994e+00 1.091043829918e+00 1.112139463425e+00 1.754995703697e+00 1.545457124710e+00 1.083978056908e+00 6.044326424599e-01 5.045068264008e-01 6.239376664162e-01 7.026634216309e-01 1.024414300919e+00 1.051237702370e+00 8.757011890411e-01
2.678828239441e+00 2.660703659058e+00 2.872198343277e+00 2.214494228363e+00 2.674736261368e+00 5.090002059937e+00 2.347346544266e+00 2.118153810501e+00 1.653364777565e+00 1.659035563469e+00 1.784304022789e+00 2.697607040405e+00 2.972607612610e+00 3.653131723404e+00 2.385225057602e+00 3.769740581512e+00 4.440149307251e+00 2.890034437180e+00 2.359110832214e+00 3.666169404984e+00 1.738032460213e+00 1.538703441620e+00 1.783898711205e+00 1.475941419601e+00 1.860385298729e+00 2.077935218811e+00 1.624222159386e+00 1.448173880577e+00 1.600031852722e+00 1.324646472931e+00 1.620139598846e+00 1.030519604683e+00 1.659097552299e+00 1.744562387466e+00 1.555711269379e+00 9.808303117752e-01 7.023817896843e-01 6.173343062401e-01 7.469633221626e-01 1.019311189651e+00 1.139375805855e+00 9.178386926651e-01 6.813519001007e-01
2.972778320312e+00 2.943780899048e+00 3.552142858505e+00 3.306326627731e+00 2.260268211365e+00 4.803411006927e+00 2.182885169983e+00 2.448300838470e+00 2.284569978714e+00 1.894511580467e+00 1.938280582428e+00 3.250765800476e+00 3.420808076859e+00 3.881410598755e+00 2.662977218628e+00 3.549246072769e+00 4.393241405487e+00 3.525686502457e+00 2.295491218567e+00 3.679063320160e+00 1.749004721642e+00 1.659935355186e+00 1.810369372368e+00 1.641194701195e+00 1.744055509567e+00 1.635019063950e+00 1.507811188698e+00 1.687340378761e+00 1.753007650375e+00 1.374140143394e+00 1.606390714645e+00 1.558335185051e+00 1.849401831627e+00 1.739618539810e+00 1.657822847366e+00 1.207904577255e+00 8.613269925117e-01 7.966948747635e-01 9.673004150391e-01 1.142570734024e+00 9.440387487411e-01 7.757606506348e-01 6.975418925285e-01
