100/SI/f156.grd
DSAA
101	101
32.816463539100	34.260883539100
35.556306596100	36.727886596100
2.104642800987e-03	3.449545593262e+02
[rows 57 to 75 of 101, columns 43 to 85 of 101]
1.453916072845e+00 1.734764575958e+00 8.792701959610e-01 9.749168157578e-01 9.644467234612e-01 1.553677439690e+00 1.752925634384e+00 2.360690116882e+00 2.060555934906e+00 1.123968005180e+00 7.792304754257e-01 6.550182104111e-01 4.837957322598e-01 8.586562871933e-01 3.561981201172e+00 1.196930599213e+01 2.658695793152e+01 2.497867584229e+01 3.558088302612e+01 1.220267772675e+01 3.528477191925e+00 2.692288637161e+00 4.884177684784e+00 8.953213691711e+00 1.532186985016e+01 1.388832759857e+01 1.511136531830e+01 1.229205513000e+01 1.601697158813e+01 1.477277565002e+01 1.561021614075e+01 1.163396930695e+01 1.208765602112e+01 1.696772384644e+01 1.053549575806e+01 6.618356704712e+00 7.728310108185e+00 1.084597873688e+01 1.359778118134e+01 9.836350440979e+00 4.099932193756e+00 3.592605113983e+00 3.474377155304e+00
1.161206722260e+00 1.908816099167e+00 7.106344103813e-01 7.562521696091e-01 7.491213083267e-01 1.126893281937e+00 2.204365491867e+00 7.090087413788e+00 5.639678001404e+00 1.212037444115e+00 7.200249433517e-01 4.958963096142e-01 3.794816136360e-01 3.754945397377e-01 7.413166165352e-01 7.128966808319e+00 8.359807014465e+00 8.736761093140e+00 7.077825546265e+00 7.168518543243e+00 5.243802547455e+00 3.984115600586e+00 3.073759794235e+00 1.858522176743e+00 4.800005912781e+00 9.550746917725e+00 1.665392875671e+01 1.697943687439e+01 1.851849174500e+01 1.019055843353e+01 1.344209384918e+01 1.226996517181e+01 1.051747703552e+01 9.225474357605e+00 9.381125450134e+00 7.068446159363e+00 6.935055255890e+00 8.352777481079e+00 8.215260505676e+00 7.531683921814e+00 7.820567131042e+00 8.201507568359e+00 7.677216529846e+00
9.689200520515e-01 9.339676499367e-01 6.470730900764e-01 6.885190010071e-01 7.000294327736e-01 1.026049494743e+00 3.128885030746e+00 7.845823287964e+00 7.981149673462e+00 1.795858263969e+00 7.465212345123e-01 4.235977828503e-01 3.004409074783e-01 2.723865509033e-01 2.793245613575e-01 3.498360514641e-01 4.826525151730e-01 6.575061678886e-01 8.513575792313e-01 1.054803013802e+00 1.238168716431e+00 1.455541014671e+00 9.785832166672e-01 9.833133220673e-01 2.345603942871e+00 1.091322898865e+01 1.880233192444e+01 2.132699584961e+01 2.048544120789e+01 2.068304824829e+01 1.364765357971e+01 1.183656215668e+01 1.005065917969e+01 9.123834609985e+00 1.281767559052e+01 1.104600620270e+01 9.160915374756e+00 5.734466552734e+00 6.180114269257e+00 5.195433139801e+00 4.573623657227e+00 4.331791400909e+00 3.786273002625e+00
8.936237692833e-01 8.043054342270e-01 6.264220476151e-01 6.983156204224e-01 7.937307357788e-01 1.042207121849e+00 6.726055145264e+00 8.064556121826e+00 9.949289321899e+00 1.388662576675e+00 6.547018289566e-01 4.081254005432e-01 2.714818120003e-01 2.202464640141e-01 2.104778587818e-01 2.220512181520e-01 2.721569538116e-01 3.585154712200e-01 5.166078805923e-01 6.006212234497e-01 6.904653906822e-01 1.384122490883e+00 7.119774222374e-01 6.559731960297e-01 2.001952171326e+00 4.476197242737e+00 1.596141338348e+01 1.769059371948e+01 1.882010459900e+01 2.009765625000e+01 1.672705650330e+01 1.297467136383e+01 9.010622978210e+00 1.156643486023e+01 8.050786972046e+00 7.084375381470e+00 5.874289035797e+00 4.856726646423e+00 4.566493034363e+00 4.491660594940e+00 4.765005588531e+00 6.752232551575e+00 9.411703109741e+00
7.571792006493e-01 5.897014737129e-01 6.156187653542e-01 7.412142157555e-01 1.147568345070e+00 1.878451704979e+00 5.704390048981e+00 1.264096260071e+01 4.898149490356e+00 7.758093476295e-01 4.768303036690e-01 3.476905226707e-01 2.478331178427e-01 1.860571354628e-01 1.702387034893e-01 1.705612540245e-01 1.857948154211e-01 2.484568208456e-01 3.420423269272e-01 3.911153972149e-01 4.067586362362e-01 8.466128110886e-01 5.060272812843e-01 5.473000407219e-01 1.231949925423e+00 4.187702178955e+00 1.133243942261e+01 1.539851379395e+01 1.596743488312e+01 1.216398048401e+01 9.409251213074e+00 1.342563152313e+01 9.179217338562e+00 6.481849670410e+00 7.198208332062e+00 9.076584815979e+00 8.220105171204e+00 5.826762676239e+00 5.441510677338e+00 5.303657531738e+00 5.141219615936e+00 5.690055847168e+00 7.072932720184e+00
5.496319532394e-01 4.522215127945e-01 5.656520724297e-01 1.335576057434e+00 3.008630752563e+00 6.983100414276e+00 1.026634025574e+01 6.472530364990e+00 6.881492733955e-01 4.705799818039e-01 3.376135528088e-01 2.778726518154e-01 2.168249040842e-01 1.773224323988e-01 1.560711413622e-01 1.626829355955e-01 1.702774614096e-01 2.055937647820e-01 2.966748774052e-01 3.649202883244e-01 3.875778317451e-01 4.110825061798e-01 4.129820466042e-01 6.165765523911e-01 1.496849656105e+00 3.916034460068e+00 4.808590412140e+00 4.800021648407e+00 9.247192382812e+00 1.072860622406e+01 1.255332088470e+01 8.021821975708e+00 1.038328552246e+01 7.615056037903e+00 8.501959800720e+00 1.005187225342e+01 2.009372329712e+01 1.268019294739e+01 7.463507652283e+00 6.124979972839e+00 6.301167488098e+00 6.192227840424e+00 5.981072425842e+00
3.549006283283e-01 3.705090582371e-01 4.684380292892e-01 5.919446945190e-01 1.297909498215e+00 8.057472229004e+00 5.249652862549e+00 6.997183561325e-01 4.092446267605e-01 3.604035675526e-01 3.021624386311e-01 2.554343342781e-01 2.001340687275e-01 1.706394106150e-01 1.520165652037e-01 1.677469462156e-01 1.741345673800e-01 1.698244363070e-01 2.440900057554e-01 3.114382028580e-01 3.518652021885e-01 3.499558866024e-01 4.390923082829e-01 7.133300304413e-01 2.222676992416e+00 4.408056735992e+00 2.614510536194e+00 3.416196584702e+00 3.177067756653e+00 1.646201515198e+01 2.395310974121e+01 1.293311691284e+01 7.112455844879e+00 9.730552673340e+00 3.842381238937e+00 4.045947551727e+00 1.501912021637e+01 7.231721401215e+00 5.894291400909e+00 4.515280723572e+00 4.640148639679e+00 5.174610137939e+00 5.576662540436e+00
2.978616356850e-01 3.238350450993e-01 3.794642090797e-01 4.799833595753e-01 5.441748499870e-01 7.560737729073e-01 8.359759449959e-01 5.698504447937e-01 2.964015007019e-01 3.059802353382e-01 2.682498097420e-01 2.454696446657e-01 2.009997665882e-01 1.623742729425e-01 1.661429405212e-01 1.694202721119e-01 1.811525821686e-01 1.800233572721e-01 2.056263536215e-01 2.640335857868e-01 3.140934705734e-01 3.336656987667e-01 3.526949584484e-01 5.860286951065e-01 1.644112229347e+00 1.015433788300e+00 9.770367145538e-01 1.605351328850e+00 3.631592035294e+00 7.198408126831e+00 7.538175582886e+00 9.519672393799e+00 1.517908573151e+01 8.146383285522e+00 7.760930538177e+00 6.029552459717e+00 6.176055431366e+00 5.232110500336e+00 2.784077167511e+00 3.473457336426e+00 3.393338203430e+00 3.664457082748e+00 4.607742309570e+00
2.339879870415e-01 2.639770209789e-01 3.144147098064e-01 3.855306506157e-01 4.144663214684e-01 4.613491892815e-01 4.882445633411e-01 3.052696585655e-01 2.599321603775e-01 2.706582546234e-01 2.523573935032e-01 2.188645452261e-01 1.826832741499e-01 1.637637615204e-01 1.622353941202e-01 1.859106719494e-01 1.827992051840e-01 1.572027802467e-01 1.817402243614e-01 2.307034581900e-01 2.730864584446e-01 3.195431232452e-01 4.535581469536e-01 4.743205010891e-01 4.818412065506e-01 6.724245548248e-01 6.546571850777e-01 1.607657194138e+00 2.245188236237e+00 3.022302150726e+00 6.273008346558e+00 1.100936508179e+01 8.150278091431e+00 1.486730098724e+01 9.506812095642e+00 5.345748424530e+00 4.440028190613e+00 4.037874221802e+00 4.857813358307e+00 4.571067810059e+00 5.696123123169e+00 5.605802536011e+00 6.518385887146e+00
2.160416990519e-01 2.140167057514e-01 2.409067749977e-01 2.730971872807e-01 2.943613529205e-01 2.902829051018e-01 2.774561941624e-01 2.669878304005e-01 2.888951897621e-01 2.855952084064e-01 2.660595476627e-01 2.318044751883e-01 1.896008402109e-01 1.678841561079e-01 1.518183350563e-01 1.488507539034e-01 1.679439693689e-01 1.703522056341e-01 1.721617728472e-01 2.078094035387e-01 2.406992018223e-01 2.846156358719e-01 4.361054003239e-01 4.901833832264e-01 5.286719799042e-01 1.095645189285e+00 1.507006645203e+00 1.936627030373e+00 2.718031644821e+00 2.932653427124e+00 6.422914981842e+00 1.219400024414e+01 5.759271144867e+00 6.132759571075e+00 1.084228801727e+01 9.158636093140e+00 6.365368843079e+00 5.407766342163e+00 6.780609130859e+00 3.489508152008e+00 4.627877712250e+00 5.622330665588e+00 6.714323043823e+00
1.774871647358e-01 2.014580219984e-01 2.115839123726e-01 2.138946950436e-01 2.395554929972e-01 2.575893104076e-01 2.774908542633e-01 2.463148534298e-01 2.371903061867e-01 2.447585314512e-01 2.629750967026e-01 2.617274522781e-01 2.252366393805e-01 1.906919926405e-01 1.807824224234e-01 1.631485968828e-01 1.405430883169e-01 1.564922779799e-01 1.771935075521e-01 1.959233582020e-01 2.151750028133e-01 2.470500618219e-01 3.711587488651e-01 3.623751401901e-01 4.005038440228e-01 9.916565418243e-01 2.120198965073e+00 2.860864162445e+00 4.024599075317e+00 2.114881515503e+00 6.230051994324e+00 3.116832733154e+00 3.346318483353e+00 3.861203193665e+00 6.156004428864e+00 6.746127605438e+00 8.734755516052e+00 7.949822425842e+00 5.922389984131e+00 5.064304351807e+00 3.876882076263e+00 4.176063060760e+00 3.368491172791e+00
1.740755140781e-01 1.924842894077e-01 1.915532201529e-01 1.949717253447e-01 2.083591520786e-01 2.315018326044e-01 2.505462467670e-01 2.237949520350e-01 1.756045073271e-01 1.876441836357e-01 2.036681771278e-01 2.390644848347e-01 2.482041865587e-01 2.062215954065e-01 1.942187547684e-01 2.349438667297e-01 2.082893252373e-01 1.698193997145e-01 1.849055737257e-01 1.925646662712e-01 2.346619516611e-01 2.605485022068e-01 2.912267148495e-01 3.589969873428e-01 4.165001809597e-01 7.235046625137e-01 1.525521397591e+00 1.817168712616e+00 2.495940208435e+00 1.413939237595e+00 3.001958370209e+00 2.292515516281e+00 3.812359094620e+00 2.333677053452e+00 4.604743003845e+00 3.443529605865e+00 5.464344978333e+00 6.699324607849e+00 5.966119289398e+00 8.042675971985e+00 7.310147762299e+00 5.845105171204e+00 5.148823261261e+00
1.676615923643e-01 1.812638789415e-01 1.743324398994e-01 1.774736195803e-01 1.782697737217e-01 1.735332906246e-01 1.921982020140e-01 1.816864758730e-01 2.169625461102e-01 2.348686754704e-01 2.132684141397e-01 2.158585190773e-01 2.372301369905e-01 2.469453662634e-01 2.256299704313e-01 2.913789749146e-01 2.593826055527e-01 1.984177976847e-01 1.995397210121e-01 1.983610093594e-01 2.280024886131e-01 2.474061399698e-01 2.787282764912e-01 3.702825009823e-01 4.350777566433e-01 6.489856243134e-01 9.752712249756e-01 1.123972058296e+00 1.207067608833e+00 1.525342583656e+00 2.540446996689e+00 3.897426843643e+00 2.632468461990e+00 6.244468212128e+00 2.192013025284e+00 2.860927343369e+00 5.846229076385e+00 8.180605888367e+00 4.005445003510e+00 4.529300689697e+00 2.881166458130e+00 5.432853221893e+00 4.795957565308e+00
1.495706737041e-01 1.616262495518e-01 1.554157435894e-01 1.527371704578e-01 1.418074220419e-01 1.434920877218e-01 1.514510065317e-01 1.995445489883e-01 2.479173839092e-01 2.547753155231e-01 2.226775586605e-01 2.463456094265e-01 2.741182744503e-01 2.664441466331e-01 2.644307911396e-01 2.741941213608e-01 2.939287126064e-01 3.440852463245e-01 3.085159361362e-01 2.770501971245e-01 2.853506505489e-01 3.067736327648e-01 3.666218519211e-01 3.764860332012e-01 4.544148445129e-01 5.587134957314e-01 9.207435846329e-01 9.157975912094e-01 1.635331273079e+00 3.309775352478e+00 4.115948200226e+00 2.109339952469e+00 2.116110801697e+00 6.361894607544e+00 3.371501684189e+00 4.149078369141e+00 3.679075002670e+00 4.771492004395e+00 3.485108852386e+00 1.334698677063e+00 1.270543932915e+00 1.715918660164e+00 3.394040107727e+00
1.376371085644e-01 1.378008723259e-01 1.368939876556e-01 1.350172907114e-01 1.387050747871e-01 1.468227654696e-01 1.560120284557e-01 1.861448138952e-01 2.087661474943e-01 1.984920501709e-01 2.337193936110e-01 2.515524029732e-01 2.443161308765e-01 2.568707168102e-01 3.516259789467e-01 4.893221259117e-01 5.546548962593e-01 7.029351592064e-01 7.012256979942e-01 7.550313472748e-01 5.389512777328e-01 5.140927433968e-01 5.962651968002e-01 4.993107616901e-01 5.701680183411e-01 7.881066203117e-01 2.363131046295e+00 2.205127239227e+00 2.119050264359e+00 2.857570409775e+00 1.613152623177e+00 1.701086401939e+00 2.279371976852e+00 1.305490851402e+00 7.070485115051e+00 9.848756790161e+00 8.795389175415e+00 2.033669948578e+00 9.631407260895e-01 7.958651781082e-01 7.780956625938e-01 9.200884699821e-01 9.714697599411e-01
1.279300004244e-01 1.327230632305e-01 1.277488470078e-01 1.375217288733e-01 1.470823436975e-01 1.682854443789e-01 1.683394461870e-01 1.949644684792e-01 2.134927064180e-01 2.484600096941e-01 2.573245465755e-01 3.055422604084e-01 3.203196823597e-01 2.963997721672e-01 7.151422500610e-01 2.566456317902e+00 2.028281450272e+00 1.211221814156e+00 1.362930774689e+00 1.696525692940e+00 1.253952503204e+00 6.597271561623e-01 7.679187059402e-01 9.621295332909e-01 9.350233078003e-01 1.742898821831e+00 2.451067209244e+00 2.171917676926e+00 1.771160006523e+00 1.599757194519e+00 1.815277099609e+00 1.692983269691e+00 1.278932452202e+00 1.066520333290e+00 1.809731721878e+00 8.319896697998e+00 8.671090126038e+00 1.788338661194e+00 6.357735395432e-01 6.476444005966e-01 5.823783278465e-01 5.596188902855e-01 9.208368659019e-01
1.282681524754e-01 1.382131129503e-01 1.749911308289e-01 1.955995708704e-01 1.795559525490e-01 2.976377904415e-01 3.499500751495e-01 3.556389808655e-01 3.003524541855e-01 2.940005362034e-01 3.223389983177e-01 4.051971733570e-01 4.040488600731e-01 1.487893104553e+00 1.050759029388e+01 1.322600460052e+01 6.168175220490e+00 3.532806873322e+00 2.824510335922e+00 2.205820560455e+00 1.053193330765e+00 1.048016667366e+00 2.286506175995e+00 4.878611564636e+00 4.000317096710e+00 2.132916450500e+00 2.491008758545e+00 2.028789520264e+00 2.148558855057e+00 1.484981417656e+00 3.671750068665e+00 1.470314741135e+00 1.130699634552e+00 7.991937994957e-01 5.296611785889e-01 1.713772058487e+00 1.892127871513e+00 4.629893600941e-01 3.107693791389e-01 3.657095134258e-01 4.521802365780e-01 5.054898262024e-01 4.726690649986e-01
1.573471575975e-01 2.475282549858e-01 3.374819457531e-01 3.667638897896e-01 4.729931950569e-01 6.288411617279e-01 6.178351044655e-01 5.450063347816e-01 4.686138331890e-01 3.613989353180e-01 4.351896643639e-01 4.813203513622e-01 2.676248788834e+00 1.475301551819e+01 2.016975975037e+01 7.030688285828e+00 2.224647045135e+00 1.361612439156e+00 1.384870052338e+00 1.211369991302e+00 1.160337567329e+00 2.644811630249e+00 5.213587760925e+00 6.925631046295e+00 5.571641921997e+00 2.866799116135e+00 1.976321816444e+00 1.453610301018e+00 1.315242171288e+00 1.171594858170e+00 1.579561829567e+00 7.260743379593e-01 8.210236430168e-01 6.655918955803e-01 4.180941283703e-01 2.478729784489e-01 2.042870372534e-01 1.989884823561e-01 2.090139389038e-01 2.603101730347e-01 3.495274484158e-01 4.420163929462e-01 4.521857202053e-01
2.606548070908e-01 3.898334801197e-01 5.179453492165e-01 6.927226185799e-01 1.340573191643e+00 1.329364299774e+00 1.860156774521e+00 1.335983753204e+00 1.518697619438e+00 9.020891785622e-01 5.081496238708e-01 3.491958141327e+00 1.406464195251e+01 1.399781036377e+01 3.661790132523e+00 1.105669379234e+00 2.050303220749e+00 2.708194971085e+00 1.913968682289e+00 2.225975513458e+00 2.691254615784e+00 2.705899238586e+00 3.941895723343e+00 3.220669984818e+00 2.178845643997e+00 1.697758316994e+00 1.058382987976e+00 4.113164842129e-01 4.224415421486e-01 4.173081517220e-01 5.344691872597e-01 3.909412026405e-01 3.444276452065e-01 2.378129959106e-01 2.432038038969e-01 2.477308362722e-01 2.557367980480e-01 2.684507369995e-01 2.855075895786e-01 3.074935078621e-01 3.108913302422e-01 3.710805475712e-01 4.703377485275e-01
