100/SI/f156.grd
DSAA
101	101
32.816463539100	34.260883539100
35.556306596100	36.727886596100
2.104642800987e-03	3.449545593262e+02
[rows 19 to 37 of 101, columns 43 to 85 of 101]
3.399816751480e+00 4.189485549927e+00 5.446598529816e+00 5.549302577972e+00 3.597558498383e+00 5.527612686157e+00 2.812455654144e+00 2.930536270142e+00 3.172859191895e+00 3.217881917953e+00 2.936626911163e+00 4.323627948761e+00 5.207283973694e+00 5.151659965515e+00 3.420244932175e+00 4.178015232086e+00 5.510799407959e+00 5.165937423706e+00 2.842816591263e+00 4.585832595825e+00 2.114603996277e+00 2.967404603958e+00 3.985747098923e+00 1.968076348305e+00 1.951363086700e+00 2.300321817398e+00 1.898275613785e+00 2.392982006073e+00 2.220591068268e+00 1.758383274078e+00 1.896245598793e+00 2.618534088135e+00 2.957038879395e+00 2.290417194366e+00 2.035997390747e+00 1.656323790550e+00 1.137663245201e+00 1.250761985779e+00 1.383329987526e+00 1.152067780495e+00 1.076422214508e+00 9.426231384277e-01 1.024870514870e+00
3.073747873306e+00 4.105170249939e+00 5.821849346161e+00 6.712777614594e+00 4.856572628021e+00 4.887724399567e+00 2.893484354019e+00 3.104667425156e+00 2.749158620834e+00 3.442713975906e+00 3.602232217789e+00 4.043230533600e+00 5.573204040527e+00 5.479910373688e+00 4.235499858856e+00 4.542301654816e+00 5.380222797394e+00 5.837447166443e+00 3.354599952698e+00 4.433632373810e+00 2.416637659073e+00 4.496960163116e+00 5.601629257202e+00 2.607671260834e+00 2.276813983917e+00 2.354820013046e+00 2.335984945297e+00 2.474857568741e+00 1.928682684898e+00 1.871050477028e+00 2.643980264664e+00 3.454599618912e+00 3.085986614227e+00 2.447367191315e+00 2.011810302734e+00 1.658373594284e+00 1.189480662346e+00 1.462537765503e+00 1.132814049721e+00 9.684829115868e-01 1.032686829567e+00 8.987618088722e-01 9.363563060760e-01
3.314856767654e+00 4.700269699097e+00 5.375961303711e+00 7.027165412903e+00 5.985608577728e+00 4.183353900909e+00 2.870600700378e+00 3.289376735687e+00 2.629127502441e+00 3.220093488693e+00 3.396296739578e+00 3.864127874374e+00 5.293851852417e+00 5.996922492981e+00 5.106453895569e+00 4.854996204376e+00 5.152828693390e+00 6.379401206970e+00 3.824377298355e+00 4.107353687286e+00 2.715975046158e+00 5.571808815002e+00 6.134036540985e+00 2.931957721710e+00 2.223831892014e+00 2.753205537796e+00 2.636879920959e+00 2.140402317047e+00 1.824603199959e+00 2.629647970200e+00 3.687793970108e+00 3.576464653015e+00 2.416064739227e+00 2.791647672653e+00 1.993900060654e+00 1.526654958725e+00 1.415579199791e+00 1.504010796547e+00 1.255756258965e+00 9.804084897041e-01 9.605841040611e-01 7.072427868843e-01 6.971560120583e-01
3.166716575623e+00 4.429216384888e+00 4.558181285858e+00 6.707820415497e+00 6.624557018280e+00 4.374553203583e+00 3.841013669968e+00 3.484294176102e+00 2.589895725250e+00 2.819274187088e+00 3.259226560593e+00 3.915676116943e+00 4.390815734863e+00 6.283329963684e+00 5.686926364899e+00 4.729288578033e+00 4.763526916504e+00 6.841370105743e+00 4.211861610413e+00 3.679568290710e+00 3.013783216476e+00 5.533423900604e+00 5.346045017242e+00 2.545294284821e+00 2.435382604599e+00 2.872971057892e+00 2.392776012421e+00 1.953541398048e+00 2.767539262772e+00 3.901605606079e+00 3.836772203445e+00 2.665431022644e+00 2.033825159073e+00 2.900324344635e+00 1.433293342590e+00 1.408316254616e+00 1.747829079628e+00 1.340034365654e+00 1.440382838249e+00 9.180001616478e-01 1.024036765099e+00 8.555478453636e-01 7.723106741905e-01
2.576100111008e+00 3.084185838699e+00 4.738309383392e+00 5.939926147461e+00 6.675042629242e+00 4.438236236572e+00 4.777072906494e+00 4.007573604584e+00 2.812275409698e+00 2.403999328613e+00 3.395746707916e+00 3.820826053619e+00 4.511267662048e+00 6.747555255890e+00 5.758183479309e+00 4.459170341492e+00 4.286392211914e+00 7.123781204224e+00 4.492538452148e+00 4.459880828857e+00 3.505147933960e+00 4.548750877380e+00 3.986984729767e+00 2.371002435684e+00 2.989793777466e+00 2.778536319733e+00 2.046682119370e+00 2.952142000198e+00 4.229150295258e+00 4.110678195953e+00 2.790510177612e+00 1.651285052299e+00 2.175060033798e+00 2.720377206802e+00 1.461798429489e+00 1.509589314461e+00 1.842072486877e+00 1.402481675148e+00 1.580317139626e+00 9.579762220383e-01 9.727425575256e-01 8.055539727211e-01 8.194015622139e-01
3.316453218460e+00 3.317730665207e+00 5.350939750671e+00 5.021330356598e+00 6.343481063843e+00 4.954892635345e+00 4.577646255493e+00 5.070734024048e+00 4.406236171722e+00 3.367087841034e+00 3.684311628342e+00 3.606874704361e+00 4.918725490570e+00 7.216761589050e+00 5.170173168182e+00 4.275678634644e+00 3.652017593384e+00 7.284359931946e+00 5.691184043884e+00 4.926610946655e+00 4.146370410919e+00 4.408259868622e+00 2.667523384094e+00 2.882970333099e+00 3.068980455399e+00 2.094557523727e+00 3.205275297165e+00 4.561245918274e+00 4.342690944672e+00 2.909945726395e+00 1.558576345444e+00 1.224771261215e+00 2.909521102905e+00 2.273457050323e+00 1.392459630966e+00 1.958654880524e+00 1.699310064316e+00 1.413298845291e+00 1.678768396378e+00 1.185827970505e+00 8.367220759392e-01 7.971881628036e-01 7.051903605461e-01
5.208999156952e+00 3.219760656357e+00 3.218762636185e+00 5.540666580200e+00 5.844058990479e+00 5.231851100922e+00 4.024611473083e+00 4.639337539673e+00 5.274403095245e+00 5.180298328400e+00 4.415179252625e+00 5.472846031189e+00 5.346130371094e+00 7.500828742981e+00 4.473397254944e+00 3.866133451462e+00 5.118218898773e+00 7.336225986481e+00 6.441636085510e+00 4.723787307739e+00 4.469873428345e+00 4.755284309387e+00 2.996358156204e+00 3.141181707382e+00 2.579234600067e+00 3.354402542114e+00 4.967360973358e+00 4.654836177826e+00 3.027854204178e+00 1.975382089615e+00 2.778596878052e+00 1.706936359406e+00 3.394959449768e+00 1.986318707466e+00 1.627141714096e+00 2.095463037491e+00 2.044310092926e+00 1.438778996468e+00 1.732935547829e+00 1.308862090111e+00 7.882012128830e-01 7.530715465546e-01 8.725891113281e-01
6.965582847595e+00 3.311190843582e+00 3.245446443558e+00 5.105594158173e+00 5.263958930969e+00 5.355379581451e+00 4.360166549683e+00 4.444315433502e+00 4.385550975800e+00 5.678632259369e+00 6.194993972778e+00 5.538541793823e+00 5.773693084717e+00 7.600499153137e+00 3.882693290710e+00 5.990334510803e+00 7.182115077972e+00 7.345940589905e+00 6.260305404663e+00 3.743019104004e+00 4.246387958527e+00 4.357543945312e+00 3.014254808426e+00 2.594509601593e+00 3.380838632584e+00 5.283332347870e+00 5.097558975220e+00 3.192101001740e+00 2.817139387131e+00 3.869714021683e+00 3.512824773788e+00 3.190284490585e+00 3.307222604752e+00 2.222373962402e+00 2.096229314804e+00 1.736807346344e+00 2.229572296143e+00 1.522213578224e+00 1.739072084427e+00 1.300802350044e+00 8.391890525818e-01 9.555253386497e-01 1.231826782227e+00
7.605092525482e+00 3.401437997818e+00 3.925631284714e+00 3.383464336395e+00 5.780400753021e+00 5.411210060120e+00 4.615126609802e+00 4.721518993378e+00 4.479627609253e+00 5.653188705444e+00 5.972269058228e+00 5.204350948334e+00 6.157432556152e+00 7.324140548706e+00 6.522336483002e+00 7.936807632446e+00 7.668783664703e+00 7.138140678406e+00 4.254773616791e+00 3.779729604721e+00 4.373639583588e+00 4.404225826263e+00 3.157526731491e+00 3.235817670822e+00 5.507777690887e+00 5.624728202820e+00 3.525608778000e+00 2.863625526428e+00 4.210283756256e+00 3.493894577026e+00 2.844165563583e+00 3.109322547913e+00 2.563494443893e+00 2.442011594772e+00 2.077406406403e+00 1.451157212257e+00 2.184206247330e+00 1.643707036972e+00 1.705027222633e+00 1.177722811699e+00 1.015502333641e+00 1.366530776024e+00 1.544192075729e+00
6.676092624664e+00 4.972616672516e+00 4.545638561249e+00 3.203200817108e+00 4.197282314301e+00 5.482307434082e+00 5.777441024780e+00 5.019306182861e+00 5.877544879913e+00 8.640085220337e+00 4.912220001221e+00 4.574490070343e+00 6.411473274231e+00 6.741147041321e+00 8.461904525757e+00 8.192494392395e+00 7.087971210480e+00 6.902469635010e+00 4.698058605194e+00 5.078596115112e+00 4.540943145752e+00 4.382742404938e+00 2.955133914948e+00 5.588083744049e+00 6.197860240936e+00 4.006905078888e+00 3.271150827408e+00 4.463819026947e+00 3.950822830200e+00 2.589833974838e+00 3.771774768829e+00 3.263917684555e+00 1.960090160370e+00 2.235035896301e+00 1.862403035164e+00 2.000716209412e+00 1.988694429398e+00 1.806164026260e+00 1.654547333717e+00 1.522611498833e+00 1.694613575935e+00 1.901984333992e+00 1.603713274002e+00
4.505524635315e+00 7.490911006927e+00 4.977172851562e+00 3.937591791153e+00 4.725869655609e+00 5.352461814880e+00 5.121166706085e+00 5.373868942261e+00 7.707715988159e+00 1.069189262390e+01 7.178779602051e+00 4.984458446503e+00 6.459784507751e+00 8.056054115295e+00 8.627701759338e+00 1.197859573364e+01 6.351768016815e+00 6.397858619690e+00 5.249818325043e+00 5.136447906494e+00 4.685906410217e+00 4.334163188934e+00 5.531808376312e+00 6.577865600586e+00 4.517138481140e+00 3.682148218155e+00 4.406236171722e+00 4.419413566589e+00 3.778905868530e+00 3.782038450241e+00 4.004937171936e+00 2.237148761749e+00 2.115640401840e+00 1.909931182861e+00 1.664908051491e+00 1.557383894920e+00 2.700581073761e+00 2.131548404694e+00 1.963880181313e+00 2.259799480438e+00 2.251643896103e+00 1.652257084846e+00 1.111104011536e+00
5.057522296906e+00 8.300705909729e+00 5.146868228912e+00 4.351924896240e+00 5.572344779968e+00 5.128034114838e+00 5.334356784821e+00 6.739616394043e+00 8.885993003845e+00 1.073852252960e+01 8.572880744934e+00 8.509336471558e+00 7.530325412750e+00 8.836851119995e+00 1.048002719879e+01 1.516675281525e+01 6.603841304779e+00 7.150388240814e+00 7.090410709381e+00 5.796651363373e+00 4.589898109436e+00 5.517721652985e+00 6.916353225708e+00 4.972710609436e+00 4.123291969299e+00 4.350977420807e+00 4.212745189667e+00 4.662526607513e+00 4.536937236786e+00 4.551439762115e+00 3.425485372543e+00 1.849125385284e+00 2.530233621597e+00 1.577460527420e+00 1.645327091217e+00 1.681895971298e+00 3.721714735031e+00 2.480020999908e+00 2.602854013443e+00 2.096150875092e+00 1.273363232613e+00 7.472625970840e-01 7.416875958443e-01
1.001412582397e+01 6.563066005707e+00 7.194426059723e+00 4.621249675751e+00 6.784735679626e+00 5.259974002838e+00 5.744001388550e+00 7.788294315338e+00 9.351294517517e+00 9.092811584473e+00 8.805602073669e+00 8.897017478943e+00 8.356668472290e+00 6.779009342194e+00 7.185616016388e+00 9.666492462158e+00 5.394293785095e+00 7.067029953003e+00 7.725788593292e+00 6.446120738983e+00 5.737356662750e+00 7.237290382385e+00 5.418045997620e+00 4.607316493988e+00 4.265580177307e+00 3.910418987274e+00 4.209527969360e+00 4.976479530334e+00 4.992796897888e+00 4.478791713715e+00 2.792246103287e+00 1.770346760750e+00 2.694952487946e+00 2.146165132523e+00 2.588640213013e+00 2.753629922867e+00 4.196092605591e+00 2.456396818161e+00 1.942963361740e+00 1.350455045700e+00 1.210023999214e+00 9.152053594589e-01 8.791748285294e-01
1.625034141541e+01 7.104423522949e+00 8.053978919983e+00 5.873725891113e+00 7.519968509674e+00 6.430015087128e+00 6.316486835480e+00 8.942329406738e+00 9.606972694397e+00 7.557324409485e+00 1.060017108917e+01 1.302864170074e+01 7.223621368408e+00 8.481964111328e+00 5.197589874268e+00 6.026443958282e+00 5.761037349701e+00 6.872036457062e+00 6.640964031219e+00 6.024219036102e+00 7.683072566986e+00 5.848783493042e+00 4.802208900452e+00 4.312880039215e+00 4.639594554901e+00 4.317070007324e+00 4.324518680573e+00 5.397841453552e+00 5.432749748230e+00 4.934571266174e+00 3.394899606705e+00 2.987664699554e+00 2.965388298035e+00 2.698249578476e+00 2.611467361450e+00 4.014038085938e+00 3.451821088791e+00 1.673935770988e+00 1.808135867119e+00 1.847718119621e+00 1.712299227715e+00 1.322650432587e+00 9.493760466576e-01
1.778592491150e+01 1.858313941956e+01 7.675457954407e+00 7.715592384338e+00 8.281093597412e+00 7.782294273376e+00 1.066584396362e+01 1.001976203918e+01 9.475041389465e+00 7.046529769897e+00 1.078954982758e+01 1.451777172089e+01 8.681152343750e+00 8.161697387695e+00 6.628293037415e+00 6.752686500549e+00 7.175625801086e+00 6.783774852753e+00 6.564483165741e+00 8.224312782288e+00 6.405374526978e+00 5.480445861816e+00 4.695507526398e+00 3.677908182144e+00 4.522147178650e+00 5.068265914917e+00 4.664649963379e+00 5.800128936768e+00 6.049909114838e+00 5.399505615234e+00 4.017621994019e+00 2.967359066010e+00 2.638942956924e+00 2.240342855453e+00 3.635216474533e+00 4.161708354950e+00 1.854518055916e+00 1.902884960175e+00 1.983348846436e+00 2.010694265366e+00 1.899891614914e+00 1.587470769882e+00 1.101300835609e+00
8.551676750183e+00 2.503314208984e+01 1.829549980164e+01 7.633884429932e+00 8.726310729980e+00 9.692948341370e+00 1.033179092407e+01 1.052060794830e+01 8.414005279541e+00 7.352633476257e+00 1.230148315430e+01 1.421335411072e+01 1.116100788116e+01 7.549258708954e+00 6.933951854706e+00 7.770478248596e+00 1.202727890015e+01 7.552672386169e+00 9.119318962097e+00 7.028040409088e+00 5.053333282471e+00 4.924541473389e+00 4.162921428680e+00 5.054201602936e+00 5.135110378265e+00 5.888312339783e+00 6.485521316528e+00 4.964929103851e+00 5.893074512482e+00 5.885705947876e+00 4.571673393250e+00 2.430265426636e+00 2.478660345078e+00 3.844804048538e+00 4.167996883392e+00 2.436006069183e+00 1.689063549042e+00 1.704852938652e+00 1.696975708008e+00 1.722506284714e+00 1.716239809990e+00 1.589173078537e+00 1.270314097404e+00
1.573214721680e+01 1.183206558228e+01 2.918921279907e+01 1.359521293640e+01 8.824110031128e+00 1.191635799408e+01 8.961299896240e+00 1.000724983215e+01 1.317057323456e+01 1.024138259888e+01 1.420550060272e+01 1.129271125793e+01 1.189048385620e+01 9.956405639648e+00 8.197018623352e+00 7.664337635040e+00 1.749078178406e+01 1.057008075714e+01 8.507955551147e+00 1.035119533539e+01 6.156712055206e+00 5.021310329437e+00 5.362462520599e+00 5.645946502686e+00 5.439114093781e+00 5.776425838470e+00 8.176157951355e+00 4.965787410736e+00 6.117900371552e+00 6.389900684357e+00 5.180745124817e+00 3.339233398438e+00 4.236447811127e+00 3.919255256653e+00 2.240988969803e+00 1.880216121674e+00 1.775945901871e+00 1.662936687469e+00 1.545762538910e+00 1.439055562019e+00 1.478624224663e+00 1.528171062469e+00 1.388190150261e+00
2.128422355652e+01 2.773084449768e+01 1.674398803711e+01 2.870375823975e+01 1.064340019226e+01 1.442690181732e+01 1.237962436676e+01 1.320456123352e+01 1.848490524292e+01 1.532903194427e+01 1.767797470093e+01 1.014096164703e+01 1.078856563568e+01 1.123904228210e+01 1.006556415558e+01 7.945318698883e+00 2.053640556335e+01 1.165098953247e+01 1.213420391083e+01 8.408989906311e+00 4.562562942505e+00 5.047546386719e+00 6.414798736572e+00 5.818801403046e+00 5.292029857635e+00 5.067091941833e+00 7.971278190613e+00 5.446079254150e+00 6.864128589630e+00 6.771241664886e+00 5.369769573212e+00 4.277781486511e+00 3.207173824310e+00 1.684331536293e+00 1.661031723022e+00 1.742998123169e+00 1.723322153091e+00 1.842211365700e+00 1.809012174606e+00 1.716633200645e+00 1.869768738747e+00 2.173135519028e+00 2.269284486771e+00
4.185006332397e+01 2.777337455750e+01 2.931055068970e+01 2.431525421143e+01 2.212271499634e+01 1.621694374084e+01 1.780665397644e+01 1.573264598846e+01 1.625162887573e+01 1.797584152222e+01 2.078544998169e+01 1.209640598297e+01 1.063165569305e+01 1.141393470764e+01 1.249226379395e+01 1.181574821472e+01 1.584306907654e+01 1.173766231537e+01 1.170582866669e+01 9.345806121826e+00 7.618125438690e+00 9.048227310181e+00 9.110910415649e+00 7.538146495819e+00 5.504038810730e+00 4.700335502625e+00 6.254401683807e+00 6.693291664124e+00 7.095052242279e+00 5.924886703491e+00 4.155995845795e+00 2.649582862854e+00 2.318538427353e+00 2.463475227356e+00 2.911966085434e+00 3.191671133041e+00 3.337392091751e+00 3.321543455124e+00 3.152351617813e+00 2.884081840515e+00 2.623379707336e+00 2.634980678558e+00 2.332456350327e+00
