100/SI/f156.grd
DSAA
101	101
32.816463539100	34.260883539100
35.556306596100	36.727886596100
2.104642800987e-03	3.449545593262e+02
[rows 0 to 18 of 101, columns 43 to 85 of 101]
5.019848346710e-01 8.566281199455e-01 9.867963790894e-01 7.819012999535e-01 5.447974205017e-01 5.489006638527e-01 4.721276462078e-01 4.320765435696e-01 2.843014895916e-01 4.112573564053e-01 5.457381010056e-01 6.467710137367e-01 7.711822986603e-01 1.101292014122e+00 4.944809079170e-01 6.100239157677e-01 7.745504975319e-01 8.447239995003e-01 5.707107782364e-01 3.827526569366e-01 4.321239292622e-01 5.564796924591e-01 5.710476040840e-01 6.255199909210e-01 6.342408061028e-01 4.528441727161e-01 3.037120401859e-01 3.065699934959e-01 5.791458487511e-01 8.689104914665e-01 6.981576085091e-01 3.423384130001e-01 4.323683381081e-01 2.820483744144e-01 2.884992063046e-01 2.477841824293e-01 2.119408249855e-01 1.930536478758e-01 1.419408917427e-01 1.431975364685e-01 1.910076588392e-01 3.192667663097e-01 3.172194361687e-01
8.700910210609e-01 1.551471590996e+00 1.937348961830e+00 1.714139699936e+00 1.284687280655e+00 1.187886595726e+00 9.865988492966e-01 8.380386233330e-01 7.791789174080e-01 9.032758474350e-01 1.006070852280e+00 1.146335840225e+00 1.525093078613e+00 2.199138879776e+00 9.416456222534e-01 1.158850431442e+00 1.463247418404e+00 1.580819010735e+00 1.085459470749e+00 7.379723191261e-01 8.438857197762e-01 1.061275482178e+00 1.130189061165e+00 1.092975258827e+00 1.117704749107e+00 9.429255127907e-01 5.634126663208e-01 6.368719339371e-01 1.308924674988e+00 2.081711769104e+00 1.242273330688e+00 5.647355318069e-01 8.459287881851e-01 5.192391276360e-01 5.582279562950e-01 4.618755578995e-01 3.786472976208e-01 3.396445214748e-01 2.733119130135e-01 2.732432186604e-01 4.225113689899e-01 6.467773914337e-01 6.025439500809e-01
1.095191717148e+00 1.584044218063e+00 2.164105415344e+00 2.127617120743e+00 1.728996276855e+00 1.727980494499e+00 1.169715404510e+00 1.031353950500e+00 1.391003489494e+00 1.391581773758e+00 9.998239874840e-01 1.269435048103e+00 1.625084996223e+00 2.299965143204e+00 1.096591472626e+00 1.318184971809e+00 1.637146234512e+00 1.809009909630e+00 1.250348567963e+00 9.779427051544e-01 9.786745309830e-01 1.065568566322e+00 1.271345138550e+00 1.370020389557e+00 1.647516965866e+00 1.267817020416e+00 7.325100898743e-01 7.876474261284e-01 1.718949675560e+00 2.688762187958e+00 1.273287415504e+00 6.565150618553e-01 9.743055701256e-01 5.730038285255e-01 6.229636073112e-01 5.456917881966e-01 4.850921630859e-01 3.857370615005e-01 3.172480463982e-01 3.888577520847e-01 5.354372859001e-01 7.159574031830e-01 6.165703535080e-01
1.261834502220e+00 1.433114051819e+00 1.935171127319e+00 2.101793766022e+00 1.873921036720e+00 2.313375949860e+00 1.226093888283e+00 1.409832358360e+00 1.988652110100e+00 2.048841953278e+00 1.361912846565e+00 1.327790975571e+00 1.664753675461e+00 2.320862293243e+00 1.151607513428e+00 1.469600796700e+00 1.679043650627e+00 1.884797573090e+00 1.350539088249e+00 1.283557653427e+00 1.051337122917e+00 1.328794836998e+00 1.607099056244e+00 1.583686947823e+00 2.188174009323e+00 1.564041376114e+00 8.256642222404e-01 9.385215640068e-01 2.006197929382e+00 2.917528629303e+00 1.200452566147e+00 7.310993671417e-01 1.033333778381e+00 5.801639556885e-01 6.355492472649e-01 6.956876516342e-01 5.875797867775e-01 4.427723288536e-01 3.798244297504e-01 4.808316528797e-01 6.392902731895e-01 7.457103133202e-01 5.906289815903e-01
1.240657210350e+00 1.718081951141e+00 1.526313424110e+00 1.776295423508e+00 1.727524042130e+00 2.938406229019e+00 1.180088520050e+00 1.740298390388e+00 2.540264606476e+00 2.729086160660e+00 1.922513604164e+00 1.383680939674e+00 1.711433410645e+00 2.332349300385e+00 1.192803859711e+00 1.609341740608e+00 1.698998570442e+00 1.947526454926e+00 1.495432376862e+00 1.578912019730e+00 1.243523001671e+00 1.680333614349e+00 2.041793346405e+00 1.986255526543e+00 2.721752882004e+00 1.808583855629e+00 9.887390732765e-01 1.006113290787e+00 2.125234842300e+00 2.820176362991e+00 1.296073555946e+00 8.710246086121e-01 1.069069623947e+00 6.871129274368e-01 7.870935797691e-01 8.171247243881e-01 6.531898975372e-01 4.620562791824e-01 4.827804267406e-01 5.241619944572e-01 7.460989356041e-01 7.562590837479e-01 5.650337338448e-01
1.075658559799e+00 1.823558688164e+00 1.368681192398e+00 1.407752752304e+00 1.501739501953e+00 3.561487197876e+00 1.332590579987e+00 1.979912042618e+00 3.028388977051e+00 3.403025627136e+00 2.509854316711e+00 1.458698511124e+00 1.774693846703e+00 2.342048883438e+00 1.322649478912e+00 1.725432276726e+00 1.694856047630e+00 2.002907276154e+00 1.531572580338e+00 1.832761645317e+00 1.507302165031e+00 2.035354137421e+00 2.432168960571e+00 2.327808380127e+00 3.198645591736e+00 1.949810504913e+00 1.087822556496e+00 1.175814509392e+00 2.034397363663e+00 2.287823915482e+00 1.288024783134e+00 1.006875753403e+00 1.079280495644e+00 7.678602337837e-01 9.214482903481e-01 9.082848429680e-01 6.849397420883e-01 4.826611578465e-01 5.439720153809e-01 5.865871310234e-01 8.526021242142e-01 7.693819999695e-01 5.418969988823e-01
9.811859726906e-01 1.745765805244e+00 1.373173236847e+00 1.100104093552e+00 1.391049742699e+00 4.134783267975e+00 1.472777724266e+00 2.093502283096e+00 3.365011215210e+00 3.917507171631e+00 3.042875528336e+00 1.607808709145e+00 1.830596089363e+00 2.341943025589e+00 1.338348984718e+00 1.838408231735e+00 1.666053056717e+00 2.041416406631e+00 1.474404573441e+00 1.938669919968e+00 1.725021839142e+00 2.288507938385e+00 2.697387218475e+00 2.517308235168e+00 3.548554182053e+00 1.963547587395e+00 1.050233006477e+00 1.317072629929e+00 1.743157744408e+00 1.590754508972e+00 1.205983519554e+00 1.141266584396e+00 1.071662306786e+00 8.179332613945e-01 1.028111219406e+00 9.616839289665e-01 6.817768812180e-01 5.679277777672e-01 5.361272692680e-01 7.973335981369e-01 9.741707444191e-01 7.888668775558e-01 5.058761835098e-01
1.131485581398e+00 1.666655659676e+00 1.326513171196e+00 1.238581776619e+00 1.566417932510e+00 4.680159568787e+00 1.681662201881e+00 2.025302886963e+00 3.400220632553e+00 4.136392116547e+00 3.461321353912e+00 2.102879285812e+00 1.902742862701e+00 2.354849338531e+00 1.334556102753e+00 1.944310188293e+00 1.616929411888e+00 2.066859245300e+00 1.519405841827e+00 1.836004018784e+00 1.855353236198e+00 2.407352924347e+00 2.761555671692e+00 2.516852140427e+00 3.750210523605e+00 1.891151428223e+00 1.203743696213e+00 1.569428801537e+00 1.323475956917e+00 1.264902949333e+00 1.350357770920e+00 1.276249766350e+00 1.041807293892e+00 1.058061838150e+00 1.095890641212e+00 9.685298204422e-01 6.444994211197e-01 5.834288001060e-01 6.693428158760e-01 1.072948098183e+00 1.066404342651e+00 7.507446408272e-01 4.230165183544e-01
1.271806716919e+00 1.671675205231e+00 1.316459417343e+00 1.341091752052e+00 1.735124111176e+00 5.187843322754e+00 1.900493860245e+00 1.779743671417e+00 3.104996204376e+00 4.028244972229e+00 3.709563493729e+00 2.564047098160e+00 1.978968262672e+00 2.700521945953e+00 1.501082301140e+00 2.049441576004e+00 1.616537332535e+00 2.084452390671e+00 1.550252079964e+00 1.622633695602e+00 1.937332749367e+00 2.358383178711e+00 2.620604753494e+00 2.531538486481e+00 3.726199150085e+00 1.672340989113e+00 1.435913801193e+00 1.839327096939e+00 1.288134694099e+00 1.558556079865e+00 1.703614354134e+00 1.406514406204e+00 1.213605523109e+00 1.316854238510e+00 1.345324873924e+00 9.237265586853e-01 6.301463246346e-01 5.621346831322e-01 1.064384698868e+00 1.297545671463e+00 1.030361175537e+00 5.952897071838e-01 5.026539564133e-01
1.364940285683e+00 1.703126072884e+00 1.303877353668e+00 1.313847184181e+00 1.896583676338e+00 5.596898078918e+00 2.092034578323e+00 1.460156202316e+00 2.642732381821e+00 3.674858093262e+00 3.735592126846e+00 2.928783416748e+00 2.048507928848e+00 2.914575576782e+00 1.887639880180e+00 2.165947198868e+00 2.142518281937e+00 2.115508079529e+00 1.566147685051e+00 1.941423416138e+00 1.896549940109e+00 2.183820724487e+00 2.311294317245e+00 2.824843883514e+00 3.460430383682e+00 1.339977383614e+00 1.672992348671e+00 2.108314514160e+00 1.480332970619e+00 1.807814240456e+00 2.007537126541e+00 1.648042559624e+00 1.349903941154e+00 1.397284269333e+00 1.459213256836e+00 8.341455459595e-01 5.869680643082e-01 1.010857939720e+00 1.429062128067e+00 1.309054970741e+00 7.954399585724e-01 5.201670527458e-01 4.925397038460e-01
1.383641123772e+00 1.762581467628e+00 1.293879389763e+00 1.411898255348e+00 2.042320728302e+00 5.925409793854e+00 2.267514467239e+00 1.455044507980e+00 2.112943887711e+00 3.100013256073e+00 3.461644649506e+00 3.118048906326e+00 2.506378412247e+00 2.902058124542e+00 2.390276670456e+00 2.279807329178e+00 3.028539180756e+00 2.267134904861e+00 1.561151862144e+00 2.574196338654e+00 2.103642702103e+00 1.921118259430e+00 2.830983400345e+00 3.008138179779e+00 3.011632442474e+00 1.343822479248e+00 1.872966527939e+00 2.295407533646e+00 1.545573115349e+00 1.953440904617e+00 2.274854183197e+00 1.921127200127e+00 1.249863505363e+00 1.214161872864e+00 1.379706740379e+00 7.165325284004e-01 9.194178581238e-01 1.494911670685e+00 1.530972361565e+00 1.015402197838e+00 5.100787281990e-01 4.681033194065e-01 4.750911891460e-01
1.344022989273e+00 1.828863263130e+00 1.683146119118e+00 1.595639109612e+00 2.173844575882e+00 6.135271549225e+00 2.378417015076e+00 1.510339140892e+00 1.760069131851e+00 2.402069091797e+00 2.954927206039e+00 3.065155029297e+00 2.792437076569e+00 3.030849456787e+00 2.898275852203e+00 2.383046150208e+00 4.055681228638e+00 2.991582393646e+00 1.573165535927e+00 3.130159616470e+00 2.347129106522e+00 2.505543947220e+00 3.728693723679e+00 3.049548864365e+00 2.438767194748e+00 1.393426537514e+00 1.958242177963e+00 2.346581935883e+00 1.479814052582e+00 1.941141724586e+00 2.413756847382e+00 2.135992765427e+00 1.256598711014e+00 9.693823456764e-01 1.279049873352e+00 7.792463898659e-01 1.477084159851e+00 1.722730755806e+00 1.224737763405e+00 6.207505464554e-01 5.486729145050e-01 6.095907688141e-01 6.458788514137e-01
1.357739806175e+00 1.894726395607e+00 2.124886989594e+00 1.463778734207e+00 2.298274278641e+00 6.305319309235e+00 2.428948402405e+00 1.558727622032e+00 1.763604283333e+00 2.266448974609e+00 2.270595788956e+00 2.721676111221e+00 2.858897447586e+00 3.374590873718e+00 3.119965076447e+00 2.637357234955e+00 5.063692569733e+00 3.655909061432e+00 1.718521595001e+00 3.564519643784e+00 2.463743686676e+00 3.040325880051e+00 4.397994041443e+00 2.844951629639e+00 1.798639297485e+00 1.660580158234e+00 1.883537530899e+00 2.220301389694e+00 1.362809419632e+00 1.777057766914e+00 2.336497783661e+00 2.191256046295e+00 1.330899000168e+00 8.357769250870e-01 1.224397420883e+00 1.362704515457e+00 1.864426851273e+00 1.477403998375e+00 7.540650367737e-01 5.933192968369e-01 5.744850635529e-01 7.844866514206e-01 7.681933641434e-01
1.212478995323e+00 1.961800217628e+00 2.303418874741e+00 1.633999109268e+00 2.425953865051e+00 6.499306678772e+00 2.461818695068e+00 1.620990037918e+00 1.611438751221e+00 2.185257911682e+00 1.793750047684e+00 2.144395589828e+00 3.080022573471e+00 3.616469860077e+00 2.893553733826e+00 3.264295101166e+00 5.865322589874e+00 4.191744327545e+00 2.020153760910e+00 3.863317489624e+00 2.473625659943e+00 3.306323051453e+00 4.606718540192e+00 2.367977857590e+00 1.571916937828e+00 2.112035751343e+00 2.182118177414e+00 1.976243138313e+00 1.350103616714e+00 1.491058349609e+00 2.067931890488e+00 2.073804855347e+00 1.329244136810e+00 8.298792839050e-01 1.237140059471e+00 1.907153129578e+00 1.771403908730e+00 9.535697102547e-01 6.722279191017e-01 5.710019469261e-01 6.226596832275e-01 8.873156309128e-01 8.174199461937e-01
1.651804924011e+00 2.040532588959e+00 2.305674076080e+00 2.665192842484e+00 2.557918310165e+00 6.616033554077e+00 2.451868772507e+00 1.936528325081e+00 1.377961277962e+00 1.998975038528e+00 1.676793932915e+00 2.356238126755e+00 3.244373321533e+00 3.858655214310e+00 3.118543624878e+00 3.879530906677e+00 6.524040222168e+00 4.504913330078e+00 2.201918125153e+00 4.115764617920e+00 2.723453998566e+00 3.223892927170e+00 4.427590370178e+00 1.961765408516e+00 1.670598387718e+00 2.530097723007e+00 2.771373748779e+00 1.725507259369e+00 1.375381588936e+00 1.257379055023e+00 1.715562105179e+00 1.860260486603e+00 1.258989334106e+00 9.326814413071e-01 1.815081357956e+00 2.047852277756e+00 1.234281063080e+00 6.468772292137e-01 6.915437579155e-01 5.342779159546e-01 7.126405239105e-01 9.425252079964e-01 1.019943237305e+00
2.180921316147e+00 2.134774208069e+00 2.270422220230e+00 3.272910594940e+00 2.657660484314e+00 6.650916099548e+00 2.380567073822e+00 2.219336032867e+00 1.457698702812e+00 2.048295259476e+00 1.735619544983e+00 2.524831295013e+00 3.397353410721e+00 4.094453811646e+00 3.011642932892e+00 4.385890007019e+00 6.648930549622e+00 4.269570350647e+00 2.611917257309e+00 4.326833724976e+00 2.731868505478e+00 2.947292804718e+00 3.829569578171e+00 1.864716649055e+00 1.827080130577e+00 2.910908937454e+00 2.985359668732e+00 1.554623365402e+00 1.496388435364e+00 1.314950823784e+00 1.813349127769e+00 1.564998507500e+00 1.120536804199e+00 1.631904482841e+00 2.200298547745e+00 1.582109093666e+00 8.872246146202e-01 5.809966325760e-01 6.970558762550e-01 6.096831560135e-01 9.211564660072e-01 1.200384855270e+00 1.195708513260e+00
2.566588163376e+00 2.782395124435e+00 2.628283262253e+00 3.024785518646e+00 2.832680702209e+00 6.596305370331e+00 2.587831974030e+00 2.439232349396e+00 1.530089020729e+00 2.078775882721e+00 1.918961048126e+00 2.612744808197e+00 3.580162763596e+00 4.326760292053e+00 2.768379688263e+00 4.707849979401e+00 6.266592502594e+00 3.789205789566e+00 2.873521804810e+00 4.484582901001e+00 2.441107988358e+00 2.352847576141e+00 2.973562002182e+00 1.726279258728e+00 2.147281408310e+00 2.914279222488e+00 2.755313158035e+00 1.646141052246e+00 1.722559690475e+00 1.457964539528e+00 1.967277050018e+00 1.369485378265e+00 1.395937681198e+00 2.202859163284e+00 1.939857006073e+00 1.360614776611e+00 7.586919069290e-01 6.332414746284e-01 7.831379771233e-01 8.819473385811e-01 1.285794019699e+00 1.319462776184e+00 1.099139213562e+00
3.362738132477e+00 3.339789152145e+00 3.605283498764e+00 2.779886722565e+00 3.357455492020e+00 6.388703823090e+00 2.946328401566e+00 2.658666372299e+00 2.075273752213e+00 2.082318305969e+00 2.239694356918e+00 3.386107444763e+00 3.730929613113e+00 4.585365295410e+00 2.993807077408e+00 4.731612205505e+00 5.573110580444e+00 3.627463579178e+00 2.961498498917e+00 4.601641654968e+00 2.181310892105e+00 1.931229233742e+00 2.239176511765e+00 1.852494716644e+00 2.335035800934e+00 2.608103275299e+00 2.038635492325e+00 1.817683935165e+00 2.008289813995e+00 1.662640810013e+00 2.033566951752e+00 1.293627381325e+00 2.082479715347e+00 2.189767360687e+00 1.952733039856e+00 1.231148481369e+00 8.816255927086e-01 7.748495340347e-01 9.375520348549e-01 1.279388785362e+00 1.430089116096e+00 1.152027368546e+00 8.552032709122e-01
3.731715917587e+00 3.695098400116e+00 4.458729267120e+00 4.150342464447e+00 2.837212324142e+00 6.028995513916e+00 2.739899396896e+00 3.073074579239e+00 2.867582798004e+00 2.377991199493e+00 2.432958841324e+00 4.080430984497e+00 4.293915748596e+00 4.871881484985e+00 3.342418909073e+00 4.454843997955e+00 5.514390945435e+00 4.425307750702e+00 2.881714820862e+00 4.617812633514e+00 2.195083618164e+00 2.083384037018e+00 2.272474765778e+00 2.059906244278e+00 2.189018964767e+00 2.052423954010e+00 1.892561316490e+00 2.117869615555e+00 2.200294017792e+00 1.724758028984e+00 2.016315698624e+00 1.955996036530e+00 2.321353197098e+00 2.183801889420e+00 2.080898523331e+00 1.516152381897e+00 1.081120014191e+00 9.999716877937e-01 1.214110016823e+00 1.434100389481e+00 1.184912919998e+00 9.737182259560e-01 8.755750060081e-01
