100/SI/f156.grd
DSAA
101	101
32.816463539100	34.260883539100
35.556306596100	36.727886596100
2.104642800987e-03	3.449545593262e+02
[rows 38 to 56 of 101, columns 0 to 42 of 101]
8.233972191811e-01 1.737433314323e+00 1.879093885422e+00 1.957478284836e+00 2.321270465851e+00 2.845721006393e+00 3.286662340164e+00 3.744095802307e+00 4.115323066711e+00 3.758831501007e+00 3.084949016571e+00 2.517755508423e+00 2.486487388611e+00 2.449623346329e+00 2.609796762466e+00 2.958457469940e+00 3.349377632141e+00 6.142116546631e+00 9.954625129700e+00 1.068350124359e+01 8.608776092529e+00 7.265215396881e+00 4.849164962769e+00 5.684007644653e+00 1.128884983063e+01 1.467486572266e+01 1.413521766663e+01 1.010972881317e+01 7.263922691345e+00 8.043832778931e+00 8.494720458984e+00 1.043996906281e+01 1.431097984314e+01 1.404691982269e+01 1.317886352539e+01 7.886861324310e+00 1.078251171112e+01 1.212510204315e+01 1.199704265594e+01 1.842080116272e+01 2.021810722351e+01 2.983819007874e+01 2.407826042175e+01
1.212971925735e+00 2.159729480743e+00 1.811399221420e+00 1.773034334183e+00 2.519674062729e+00 3.065790891647e+00 4.030867099762e+00 5.073421478271e+00 5.659014225006e+00 5.299117565155e+00 3.850083112717e+00 3.012871026993e+00 2.594868183136e+00 2.650703191757e+00 2.844062328339e+00 3.073595762253e+00 3.274991035461e+00 3.451315164566e+00 5.415331363678e+00 7.582147598267e+00 7.745944023132e+00 7.569231987000e+00 7.817791461945e+00 6.510471820831e+00 6.033267974854e+00 6.702785968781e+00 9.052080154419e+00 1.704641342163e+01 2.284222602844e+01 2.317387390137e+01 1.817243194580e+01 8.955965995789e+00 1.010023689270e+01 8.599584579468e+00 1.716073036194e+01 1.538379573822e+01 1.001148223877e+01 1.207396030426e+01 1.482681655884e+01 1.685556602478e+01 2.255885314941e+01 2.721467208862e+01 3.192611312866e+01
1.399089336395e+00 2.786719083786e+00 2.640223979950e+00 2.290242910385e+00 3.025887489319e+00 3.724139213562e+00 4.521509170532e+00 5.952221393585e+00 6.452988624573e+00 6.432336330414e+00 4.399155616760e+00 2.953407764435e+00 2.974019050598e+00 2.573438167572e+00 2.144072055817e+00 2.413553476334e+00 2.814488410950e+00 3.060018301010e+00 3.218183279037e+00 4.275729179382e+00 6.310711860657e+00 8.874049186707e+00 1.065635013580e+01 1.074049472809e+01 1.051471614838e+01 6.995375633240e+00 5.538888454437e+00 5.848513126373e+00 5.679009914398e+00 7.191643238068e+00 1.515370559692e+01 2.412313461304e+01 2.858238410950e+01 2.386201858521e+01 1.207932758331e+01 1.200168704987e+01 2.104902648926e+01 1.750961112976e+01 1.813556480408e+01 1.808481407166e+01 1.682166099548e+01 2.254773521423e+01 3.416686248779e+01
2.005273103714e+00 3.397801637650e+00 3.948707580566e+00 4.056731224060e+00 3.655574560165e+00 4.370266914368e+00 4.361798286438e+00 4.191071510315e+00 4.190237045288e+00 5.140344142914e+00 5.549430370331e+00 4.814961433411e+00 3.569746494293e+00 3.173780679703e+00 3.227675676346e+00 3.995493173599e+00 4.636939525604e+00 5.187557220459e+00 5.071084022522e+00 3.687314987183e+00 4.114441394806e+00 5.426105499268e+00 6.158166885376e+00 8.263793945312e+00 1.026404953003e+01 1.219717216492e+01 1.360913753510e+01 1.320828914642e+01 1.356382369995e+01 1.479843997955e+01 1.636273384094e+01 1.599633789062e+01 2.474907112122e+01 2.796747970581e+01 1.997519874573e+01 2.528726768494e+01 2.805286026001e+01 2.382670211792e+01 2.689608955383e+01 2.173729896545e+01 1.525219726562e+01 2.666077041626e+01 2.228154563904e+01
2.057865619659e+00 3.616984605789e+00 4.004776477814e+00 3.713421821594e+00 4.040292739868e+00 5.096250057220e+00 5.061898708344e+00 4.386449337006e+00 5.283316612244e+00 4.397614479065e+00 4.179280757904e+00 5.834064483643e+00 6.057760715485e+00 4.565541267395e+00 4.226382255554e+00 3.894545555115e+00 3.983964920044e+00 5.338208675385e+00 7.199920177460e+00 7.319498538971e+00 4.693002700806e+00 5.331494808197e+00 6.800344467163e+00 5.657713890076e+00 6.536342620850e+00 7.889324665070e+00 1.042758655548e+01 1.575966739655e+01 2.122410011292e+01 1.943070220947e+01 1.839637184143e+01 1.366942691803e+01 1.361286926270e+01 2.557125663757e+01 2.458318328857e+01 3.100392150879e+01 2.050166320801e+01 2.904784965515e+01 2.547563552856e+01 3.677674102783e+01 3.800467300415e+01 2.984466362000e+01 3.364791870117e+01
3.988328695297e+00 7.733042240143e+00 5.777161121368e+00 4.836902141571e+00 4.732830047607e+00 4.258959770203e+00 4.357084274292e+00 5.300809383392e+00 5.249445915222e+00 4.261305332184e+00 5.328072071075e+00 3.631300210953e+00 4.653350353241e+00 6.524718284607e+00 5.666947364807e+00 4.902097702026e+00 6.139436721802e+00 1.331676864624e+01 1.569519710541e+01 8.563360214233e+00 9.172325134277e+00 5.402172088623e+00 6.343791961670e+00 8.998831748962e+00 6.006079196930e+00 5.498564243317e+00 5.763895034790e+00 6.322349548340e+00 8.073208808899e+00 9.178940773010e+00 9.806833267212e+00 1.069293498993e+01 1.455690479279e+01 2.292994308472e+01 1.572333431244e+01 1.456684303284e+01 2.139299774170e+01 2.436739540100e+01 1.626404380798e+01 3.357445144653e+01 3.449253463745e+01 3.762099075317e+01 4.618680953979e+01
6.350030422211e+00 1.164599323273e+01 9.441769599915e+00 7.341638088226e+00 6.769113063812e+00 5.519809722900e+00 7.605558395386e+00 6.674223423004e+00 6.690377712250e+00 5.236150741577e+00 4.096336364746e+00 5.028352260590e+00 4.510775089264e+00 2.944736957550e+00 5.522067070007e+00 6.477400302887e+00 4.716775417328e+00 4.044803142548e+00 7.394278049469e+00 4.896208763123e+00 8.521158218384e+00 1.011898994446e+01 1.005402755737e+01 8.781105041504e+00 1.207297706604e+01 7.421154022217e+00 6.898967266083e+00 8.932897567749e+00 1.046508789062e+01 7.994009017944e+00 1.018317413330e+01 1.254769992828e+01 1.487257194519e+01 1.746474647522e+01 2.220074844360e+01 1.683712387085e+01 1.875088500977e+01 2.096634674072e+01 1.986818122864e+01 2.852305030823e+01 2.653972434998e+01 3.834387969971e+01 3.903066253662e+01
2.513628959656e+00 5.237486362457e+00 6.253221988678e+00 7.371891975403e+00 7.539035320282e+00 8.378099441528e+00 8.855734825134e+00 7.641545772552e+00 6.852289676666e+00 6.561614036560e+00 6.115235805511e+00 5.659302711487e+00 5.365187168121e+00 5.027688026428e+00 5.442035198212e+00 4.644722938538e+00 3.301238536835e+00 3.913099527359e+00 4.119547843933e+00 5.620160102844e+00 5.265347480774e+00 8.695878982544e+00 9.392187118530e+00 1.010046482086e+01 1.178063488007e+01 1.330910873413e+01 1.451819515228e+01 1.511805915833e+01 1.544589710236e+01 1.664069938660e+01 1.690255165100e+01 1.778098487854e+01 1.888609504700e+01 1.568670845032e+01 1.346420669556e+01 1.893911743164e+01 2.276310157776e+01 3.500599670410e+01 4.191352081299e+01 3.874756622314e+01 3.684526824951e+01 3.827134704590e+01 3.179277420044e+01
2.434665441513e+00 5.114264011383e+00 5.827515602112e+00 6.477178096771e+00 7.311789989471e+00 7.479082584381e+00 6.877233505249e+00 5.570405483246e+00 5.254103660583e+00 6.267040252686e+00 7.352363109589e+00 6.976876735687e+00 5.281717300415e+00 3.446878194809e+00 3.696799993515e+00 2.135088920593e+00 1.242606759071e+00 1.372134804726e+00 1.830955624580e+00 2.206993579865e+00 6.566997051239e+00 1.155067348480e+01 9.871074676514e+00 1.244642353058e+01 1.196890068054e+01 1.475387287140e+01 1.522649765015e+01 1.441223239899e+01 1.343659019470e+01 1.532933902740e+01 1.632237052917e+01 2.108882141113e+01 2.696663665771e+01 2.938233184814e+01 2.510264968872e+01 2.129970550537e+01 2.360345077515e+01 1.685048866272e+01 2.567010498047e+01 2.616066551208e+01 4.087608718872e+01 3.852044296265e+01 4.146348571777e+01
6.555119156837e-01 1.317492485046e+00 1.390840888023e+00 1.499535441399e+00 2.084049224854e+00 2.912938594818e+00 3.829663515091e+00 4.116300582886e+00 3.983438968658e+00 3.675571918488e+00 3.762482166290e+00 4.781495571136e+00 4.774137020111e+00 3.884217977524e+00 2.509480953217e+00 1.955055952072e+00 1.004797816277e+00 8.544593453407e-01 9.516988396645e-01 2.037445783615e+00 4.542389392853e+00 9.642880439758e+00 2.405831146240e+01 2.262947463989e+01 2.032737922668e+01 1.908686065674e+01 1.839233970642e+01 1.787924003601e+01 1.901012611389e+01 2.195844268799e+01 2.449590301514e+01 2.773161315918e+01 4.783284378052e+01 2.662823677063e+01 6.006836700439e+01 4.095113754272e+01 3.266976928711e+01 3.514775848389e+01 4.352474594116e+01 5.056634521484e+01 5.349649810791e+01 5.022868728638e+01 5.056615066528e+01
5.941889882088e-01 1.147886157036e+00 1.250064015388e+00 1.252393484116e+00 2.105648994446e+00 3.119948387146e+00 3.251214265823e+00 2.651470661163e+00 1.956788301468e+00 1.594263553619e+00 2.024410486221e+00 2.512574434280e+00 2.404544591904e+00 1.931156754494e+00 1.420595884323e+00 1.005242705345e+00 7.259277701378e-01 5.338069200516e-01 5.542273521423e-01 1.807309627533e+00 5.786384582520e+00 1.000206565857e+01 9.849110603333e+00 2.081362915039e+01 5.024323272705e+01 2.544909286499e+01 1.585978126526e+01 1.435760116577e+01 1.494440078735e+01 1.630085372925e+01 2.799668502808e+01 4.036609268188e+01 2.136453819275e+01 3.184190368652e+01 5.756062316895e+01 1.050650100708e+02 4.296235275269e+01 3.399497222900e+01 3.019338798523e+01 3.321469116211e+01 2.843352699280e+01 5.316627883911e+01 6.185298538208e+01
3.082307577133e-01 6.402925848961e-01 7.676895856857e-01 8.521876335144e-01 1.120733976364e+00 1.801924943924e+00 2.064283847809e+00 1.788405537605e+00 1.383808493614e+00 1.036003589630e+00 8.551649451256e-01 8.165474534035e-01 6.512284874916e-01 5.749840140343e-01 6.858527660370e-01 5.224338173866e-01 4.838991761208e-01 4.069770872593e-01 4.743588864803e-01 7.214821577072e-01 1.235747575760e+00 3.337708711624e+00 3.496757745743e+00 4.764722824097e+00 1.828001785278e+01 1.933760452271e+01 7.209533691406e+00 3.960746049881e+00 4.146809101105e+00 1.330414104462e+01 1.762391281128e+01 1.908677482605e+01 1.991969108582e+01 1.635838699341e+01 2.404713630676e+01 6.936521148682e+01 3.719567108154e+01 2.261118888855e+01 1.578814315796e+01 1.426310825348e+01 1.341753005981e+01 3.515426635742e+01 4.880290985107e+01
1.374278962612e-01 2.742820084095e-01 2.852824926376e-01 3.140445351601e-01 3.965436816216e-01 5.021543502808e-01 5.975217223167e-01 6.502661705017e-01 6.292384266853e-01 5.333153009415e-01 4.544942378998e-01 5.225374698639e-01 5.393576622009e-01 4.985418021679e-01 5.079506039619e-01 5.805823206902e-01 4.408607184887e-01 3.519914448261e-01 3.956058621407e-01 5.881918072701e-01 6.720222830772e-01 1.228757739067e+00 2.137307405472e+00 4.662635803223e+00 1.131931972504e+01 7.061878681183e+00 4.373147010803e+00 3.469061136246e+00 3.323714017868e+00 1.073532700539e+00 9.406075477600e-01 1.021460890770e+00 1.595300674438e+00 3.469624519348e+00 8.050704002380e+00 1.367129669189e+02 2.605290527344e+02 3.473780059814e+01 2.367497825623e+01 1.219553470612e+01 8.595584869385e+00 9.296870231628e+00 1.800976562500e+01
1.105301380157e-01 2.009505480528e-01 2.234426438808e-01 2.235263884068e-01 2.245358973742e-01 2.892001271248e-01 3.797539770603e-01 4.673941731453e-01 5.195920467377e-01 5.089607238770e-01 4.276766180992e-01 3.930078744888e-01 4.268464744091e-01 4.127590358257e-01 3.670224249363e-01 4.506685733795e-01 5.234676003456e-01 4.163738191128e-01 3.212893605232e-01 9.293072819710e-01 1.181839823723e+00 9.066296815872e-01 1.203622341156e+00 2.107077836990e+00 3.992844104767e+00 3.962270355225e+01 8.577558517456e+00 7.636967658997e+00 3.228483915329e+00 6.366521716118e-01 5.570724606514e-01 5.834724903107e-01 6.787746548653e-01 8.361057043076e-01 1.125856518745e+00 6.028245449066e+00 4.203234863281e+01 1.079394302368e+02 2.759881401062e+01 1.546078872681e+01 4.450724601746e+00 2.866756916046e+00 3.154538393021e+00
1.030187681317e-01 2.452927082777e-01 3.316806554794e-01 3.827893137932e-01 3.986299633980e-01 3.677859306335e-01 3.269162774086e-01 2.982988059521e-01 3.725720942020e-01 4.273013472557e-01 4.261195063591e-01 3.688057065010e-01 3.187013864517e-01 3.968260288239e-01 4.144210815430e-01 3.703592717648e-01 4.319173693657e-01 5.576206445694e-01 4.401594996452e-01 9.313120245934e-01 9.824880957603e-01 8.411774635315e-01 9.371311068535e-01 1.016054034233e+00 2.318343400955e+00 7.966496467590e+00 8.343019485474e+00 2.138773441315e+00 9.956423640251e-01 6.166199445724e-01 4.621638059616e-01 3.946321010590e-01 3.893203437328e-01 4.881973564625e-01 6.336356401443e-01 2.151464700699e+00 1.100869274139e+01 3.887805938721e+01 4.704166793823e+01 7.275636672974e+00 3.113060951233e+00 2.019005775452e+00 1.909768462181e+00
1.560261249542e-01 3.673171699047e-01 4.694515466690e-01 5.278465151787e-01 5.422431826591e-01 5.180974006653e-01 4.862672984600e-01 4.373302757740e-01 3.772331178188e-01 3.081885874271e-01 3.421993553638e-01 3.595759272575e-01 3.444794118404e-01 4.026068150997e-01 4.618883132935e-01 4.363894760609e-01 3.685399591923e-01 5.855631232262e-01 6.269450783730e-01 1.642428874969e+00 1.052739381790e+00 7.583156824112e-01 5.127987265587e-01 5.309004187584e-01 9.985606074333e-01 7.103845119476e+00 1.018084335327e+01 1.936757683754e+00 1.271337985992e+00 6.454946994781e-01 3.999221920967e-01 2.760702371597e-01 2.455049157143e-01 2.588845193386e-01 3.974102437496e-01 6.592490673065e-01 4.456642627716e+00 1.377085971832e+01 3.654743194580e+01 1.769354438782e+01 8.426825523376e+00 1.687537670135e+00 1.425138950348e+00
1.068000197411e-01 2.327011078596e-01 2.902387380600e-01 3.184927999973e-01 3.088456690311e-01 3.098767995834e-01 3.465912342072e-01 3.874228894711e-01 4.258084893227e-01 4.263760745525e-01 3.671475648880e-01 2.771633863449e-01 3.265448212624e-01 3.578763008118e-01 3.583591282368e-01 3.599728643894e-01 3.766976892948e-01 6.172992587090e-01 8.521469235420e-01 1.420544028282e+00 1.090387463570e+00 8.566792011261e-01 4.212495684624e-01 4.221210777760e-01 8.487660884857e-01 2.571755647659e+00 2.255902290344e+00 1.501926779747e+00 1.190253973007e+00 6.605985760689e-01 3.672970533371e-01 3.014490008354e-01 2.659121453762e-01 2.598882615566e-01 3.323805928230e-01 5.625052452087e-01 1.180108547211e+00 5.926115036011e+00 6.972098827362e+00 4.243917942047e+00 2.545640945435e+00 1.286919832230e+00 1.164903640747e+00
1.003599241376e-01 1.822475641966e-01 2.704516351223e-01 3.452337980270e-01 4.117874503136e-01 4.865325987339e-01 5.685849785805e-01 6.573148369789e-01 7.393361926079e-01 7.627889513969e-01 6.819448471069e-01 5.066486001015e-01 3.262232840061e-01 3.390336930752e-01 4.174689054489e-01 4.535270035267e-01 5.650025606155e-01 6.546087265015e-01 7.687541246414e-01 1.343606114388e+00 9.536858201027e-01 6.354593038559e-01 3.366815149784e-01 3.282085359097e-01 6.143280863762e-01 7.127762436867e-01 6.809756278992e+00 1.028458237648e+00 9.720826148987e-01 5.839932560921e-01 3.399171829224e-01 2.716100215912e-01 2.592006623745e-01 2.737626433372e-01 3.523871302605e-01 4.793421030045e-01 7.980881333351e-01 9.834554195404e-01 2.067086458206e+00 2.745401382446e+00 1.716122031212e+00 1.029496312141e+00 1.323950409889e+00
9.976608306170e-02 1.804748624563e-01 2.481062710285e-01 3.066285252571e-01 3.656687736511e-01 4.377718567848e-01 5.139448046684e-01 5.908107757568e-01 6.627129316330e-01 7.016258835793e-01 6.650488972664e-01 7.196116447449e-01 7.505432367325e-01 7.533313035965e-01 7.186207175255e-01 6.516663432121e-01 7.755952477455e-01 5.642389059067e-01 7.632046341896e-01 2.429636955261e+00 8.919575214386e-01 4.470958113670e-01 3.157505095005e-01 2.644652426243e-01 3.656543791294e-01 7.844558358192e-01 2.847898960114e+00 7.995140552521e-01 1.031074047089e+00 4.360149502754e-01 3.212895393372e-01 2.454050183296e-01 2.485465407372e-01 2.825376689434e-01 3.730767965317e-01 4.435728788376e-01 4.937917292118e-01 7.955794334412e-01 1.744135499001e+00 2.040442943573e+00 1.267108798027e+00 9.404225349426e-01 1.229520797729e+00
