100/SI/f157_max.grd
DSAA
101	101
32.816463539100	34.260883539100
35.556306596100	36.727886596100
1.906907767989e-03	3.124819335938e+02
[rows 19 to 37 of 101, columns 0 to 42 of 101]
5.992176532745e-01 1.221571922302e+00 1.562008261681e+00 1.591338634491e+00 1.312392950058e+00 1.041088342667e+00 7.113422155380e-01 8.070989251137e-01 9.775986671448e-01 1.174796223640e+00 1.540432691574e+00 1.840058803558e+00 1.794642925262e+00 1.945860743523e+00 1.960470557213e+00 1.901161074638e+00 1.808089375496e+00 1.730841636658e+00 2.005630254745e+00 1.806134343147e+00 1.868493437767e+00 2.015768766403e+00 2.147526025772e+00 2.057188034058e+00 1.834993362427e+00 1.551541686058e+00 1.605861663818e+00 2.565953493118e+00 3.060684204102e+00 2.306608676910e+00 2.121440410614e+00 1.947055816650e+00 2.062494993210e+00 2.061947107315e+00 2.063751459122e+00 1.994839429855e+00 1.594232201576e+00 1.392963767052e+00 1.494032382965e+00 1.433974266052e+00 2.075626611710e+00 5.131788730621e+00 2.386553525925e+00
4.686196446419e-01 9.846417307854e-01 1.327654123306e+00 1.452221512794e+00 1.291107535362e+00 1.242929935455e+00 1.138954162598e+00 8.102167248726e-01 1.080690503120e+00 1.262348532677e+00 1.342460393906e+00 1.683648467064e+00 1.495219349861e+00 1.743431448936e+00 1.884319186211e+00 1.944235086441e+00 1.940243721008e+00 1.852160334587e+00 2.334824323654e+00 1.871003508568e+00 2.197897195816e+00 2.625381946564e+00 2.828303813934e+00 2.748479843140e+00 2.580683469772e+00 1.996301293373e+00 2.127610921860e+00 2.076729774475e+00 3.216298580170e+00 2.343291997910e+00 2.003177404404e+00 1.885713696480e+00 1.836693763733e+00 1.850954890251e+00 1.752946257591e+00 2.269305467606e+00 1.515266656876e+00 1.593829631805e+00 1.634437680244e+00 1.672541022301e+00 2.571467399597e+00 4.343930721283e+00 3.555791139603e+00
3.619132936001e-01 7.293295264244e-01 1.003425598145e+00 1.154821157455e+00 1.089775919914e+00 9.499999284744e-01 1.173113107681e+00 1.159480094910e+00 1.328476786613e+00 1.584832668304e+00 1.828179240227e+00 2.409525394440e+00 2.890769004822e+00 2.645327806473e+00 1.799258470535e+00 1.740384936333e+00 1.838803887367e+00 1.918276906013e+00 3.401683568954e+00 2.734535217285e+00 2.056711912155e+00 3.193751811981e+00 3.384432315826e+00 3.697982311249e+00 3.047297716141e+00 2.698493480682e+00 2.658638238907e+00 1.644456386566e+00 3.025931835175e+00 2.161387681961e+00 1.660780906677e+00 1.725011348724e+00 2.037342071533e+00 1.682934045792e+00 1.842687368393e+00 2.401223182678e+00 1.911737084389e+00 1.690857887268e+00 1.765468716621e+00 1.895423412323e+00 2.998829364777e+00 3.111077070236e+00 4.719400882721e+00
4.871912300587e-01 8.752485513687e-01 8.477350473404e-01 8.878727555275e-01 1.035291433334e+00 1.310188651085e+00 1.530074596405e+00 1.831674337387e+00 2.225017547607e+00 2.796995401382e+00 3.562420845032e+00 4.469561576843e+00 5.023537635803e+00 4.365245819092e+00 2.741599798203e+00 1.679845094681e+00 2.318512439728e+00 3.256934642792e+00 4.119663715363e+00 3.348828792572e+00 2.641093254089e+00 3.468167781830e+00 3.690456390381e+00 4.153414249420e+00 3.030699014664e+00 3.073017835617e+00 3.157508611679e+00 1.981863379478e+00 2.470549583435e+00 1.790620326996e+00 1.696951746941e+00 1.680604696274e+00 2.112715005875e+00 2.154800415039e+00 2.142920494080e+00 2.037970542908e+00 2.689431667328e+00 1.877591967583e+00 1.895812869072e+00 2.081883907318e+00 3.343143701553e+00 2.898256778717e+00 5.480172157288e+00
4.729388058186e-01 9.752849936485e-01 1.058617353439e+00 1.014406204224e+00 1.297864317894e+00 1.762780666351e+00 1.932088375092e+00 2.043368101120e+00 2.264370918274e+00 2.621240615845e+00 3.166010618210e+00 3.612280368805e+00 3.700689554214e+00 3.166563510895e+00 2.319894075394e+00 2.066822052002e+00 2.255142450333e+00 3.039352655411e+00 4.049613475800e+00 2.569927930832e+00 2.474346399307e+00 3.497526168823e+00 3.685802459717e+00 3.982878446579e+00 3.176552772522e+00 3.062956809998e+00 3.559094429016e+00 3.035025835037e+00 3.064514875412e+00 2.611427545547e+00 2.257116794586e+00 3.326087236404e+00 3.108340978622e+00 2.326056718826e+00 2.265035867691e+00 2.260244607925e+00 2.982084035873e+00 2.186569690704e+00 2.072039604187e+00 2.198599815369e+00 3.536338806152e+00 2.938488006592e+00 5.597541332245e+00
9.399928450584e-01 1.623470544815e+00 1.057218313217e+00 1.058838725090e+00 1.193583965302e+00 1.534134507179e+00 1.736794352531e+00 1.718893170357e+00 1.709215879440e+00 1.779093265533e+00 1.881160736084e+00 1.993005633354e+00 1.899530291557e+00 2.092761039734e+00 2.118491888046e+00 1.897350549698e+00 1.892652869225e+00 3.485237598419e+00 3.987130880356e+00 2.116855859756e+00 2.138017892838e+00 3.238425493240e+00 3.497754573822e+00 3.393815279007e+00 3.103670358658e+00 2.802325725555e+00 3.831308126450e+00 3.356444358826e+00 2.802180290222e+00 2.712466239929e+00 2.658867597580e+00 4.282687187195e+00 6.376909732819e+00 6.071299552917e+00 5.495028972626e+00 5.243549346924e+00 5.449100494385e+00 3.361243963242e+00 2.850304365158e+00 2.354014635086e+00 3.618588924408e+00 2.838324785233e+00 4.954781055450e+00
1.742826223373e+00 3.693166732788e+00 3.804841279984e+00 3.337906360626e+00 2.085857868195e+00 1.201918840408e+00 1.163777709007e+00 1.220436215401e+00 1.324950098991e+00 1.712751388550e+00 2.053469896317e+00 2.295373678207e+00 2.369769573212e+00 2.271938800812e+00 2.075475454330e+00 2.149617671967e+00 2.262232780457e+00 3.395633220673e+00 3.347166538239e+00 1.969557166100e+00 2.132828474045e+00 2.641903400421e+00 3.024260759354e+00 2.815839290619e+00 3.188767671585e+00 3.075226068497e+00 3.974976062775e+00 4.228308677673e+00 4.497498512268e+00 4.026805877686e+00 3.037318944931e+00 2.545973539352e+00 5.163802146912e+00 5.641120433807e+00 6.218996047974e+00 7.523223876953e+00 9.405017852783e+00 5.736740112305e+00 4.208220005035e+00 3.573453187943e+00 3.554373264313e+00 2.648059606552e+00 3.709008932114e+00
1.862062215805e+00 4.014505863190e+00 4.633589744568e+00 5.470824241638e+00 5.992198467255e+00 5.200860023499e+00 2.916198492050e+00 1.594022035599e+00 2.174178123474e+00 2.539005994797e+00 2.608076334000e+00 2.466969728470e+00 2.309283256531e+00 3.111159086227e+00 3.428895473480e+00 3.405297040939e+00 3.353157043457e+00 3.262435436249e+00 3.222728490829e+00 3.112786293030e+00 3.042567968369e+00 3.042489290237e+00 2.951394081116e+00 3.692780733109e+00 4.447187900543e+00 3.847199201584e+00 4.350197792053e+00 5.587175846100e+00 5.649892807007e+00 5.019509315491e+00 3.748185157776e+00 2.744086027145e+00 3.026226758957e+00 4.762334346771e+00 7.099495410919e+00 6.251159667969e+00 6.360813617706e+00 4.815247535706e+00 5.130161285400e+00 5.225089073181e+00 4.251218795776e+00 2.735937833786e+00 3.297724246979e+00
1.195674657822e+00 2.638414382935e+00 3.068416833878e+00 3.766920328140e+00 4.902939796448e+00 6.449571609497e+00 7.291253566742e+00 5.672502040863e+00 2.963280677795e+00 2.745121002197e+00 2.443951845169e+00 3.152626037598e+00 3.718784570694e+00 3.874102592468e+00 3.682496786118e+00 3.680598497391e+00 3.643550634384e+00 3.534494161606e+00 3.702539920807e+00 3.736359596252e+00 3.840164899826e+00 4.172592163086e+00 3.944998502731e+00 3.632520198822e+00 3.506104230881e+00 4.525154113770e+00 4.336812973022e+00 5.360113143921e+00 5.895723819733e+00 5.292450428009e+00 3.955368995667e+00 4.286932945251e+00 5.531777858734e+00 7.404098033905e+00 8.832059860229e+00 6.395420074463e+00 4.450437068939e+00 3.715802669525e+00 4.601813316345e+00 5.900047779083e+00 6.443794250488e+00 4.378057479858e+00 3.291073560715e+00
8.221298456192e-01 1.614139556885e+00 2.015881538391e+00 1.856641292572e+00 2.132410287857e+00 3.193210363388e+00 4.996013641357e+00 6.780220508575e+00 6.764086246490e+00 4.655030727386e+00 3.525329351425e+00 3.722261667252e+00 3.773588657379e+00 3.604674100876e+00 3.543618917465e+00 3.484768152237e+00 3.303709030151e+00 3.544353723526e+00 3.636317491531e+00 3.771146774292e+00 3.996794462204e+00 3.856946706772e+00 3.706202745438e+00 3.658674478531e+00 3.598596572876e+00 3.539560794830e+00 3.723853111267e+00 4.158025264740e+00 5.000608921051e+00 5.201630115509e+00 4.076100349426e+00 4.970762729645e+00 5.989678382874e+00 6.804750919342e+00 6.590692520142e+00 4.128378868103e+00 4.348873138428e+00 5.004665851593e+00 5.404485225677e+00 4.860597133636e+00 7.214271068573e+00 7.338567733765e+00 4.109454631805e+00
9.541724920273e-01 1.878005385399e+00 1.865216493607e+00 2.291301250458e+00 1.881017923355e+00 1.625103950500e+00 1.911254286766e+00 3.518726587296e+00 5.651902675629e+00 6.569735527039e+00 5.353212833405e+00 3.561022281647e+00 3.383985042572e+00 3.309147596359e+00 3.095547199249e+00 3.006662607193e+00 3.102591276169e+00 3.374788284302e+00 3.280847549438e+00 3.274944067001e+00 2.955521583557e+00 2.428704500198e+00 3.071304082870e+00 2.724987030029e+00 4.125746250153e+00 3.684711217880e+00 4.220063209534e+00 4.641324996948e+00 3.881070852280e+00 4.187158584595e+00 4.640544891357e+00 4.994441032410e+00 4.321505069733e+00 5.326991081238e+00 3.949843168259e+00 3.385526418686e+00 4.390555858612e+00 6.051263332367e+00 7.250923156738e+00 6.867476940155e+00 5.838046073914e+00 9.070967674255e+00 6.831372737885e+00
1.232590913773e+00 2.369456529617e+00 2.203409910202e+00 2.264197826385e+00 2.525169134140e+00 1.891858100891e+00 2.630856037140e+00 3.197519540787e+00 3.536258697510e+00 4.944233894348e+00 6.369471073151e+00 5.775489807129e+00 3.535368204117e+00 2.840440511703e+00 2.794619560242e+00 2.859844446182e+00 2.960495948792e+00 2.924607992172e+00 3.091605424881e+00 3.038727283478e+00 2.650002479553e+00 2.206514835358e+00 2.353502750397e+00 3.754235267639e+00 5.607246398926e+00 7.554718971252e+00 9.080405235291e+00 7.391525745392e+00 4.990671634674e+00 4.664803028107e+00 5.721856594086e+00 4.039885044098e+00 3.015540599823e+00 6.634000778198e+00 2.767833709717e+00 3.924696683884e+00 3.636648178101e+00 5.087535858154e+00 7.405650615692e+00 7.969713211060e+00 6.861045837402e+00 7.639155864716e+00 1.036389064789e+01
1.120040893555e+00 2.448081731796e+00 2.587843656540e+00 2.528440237045e+00 2.669734239578e+00 2.702775716782e+00 3.241663217545e+00 3.408513545990e+00 3.385685682297e+00 3.199733018875e+00 4.425081729889e+00 6.310155868530e+00 6.159295082092e+00 4.249449253082e+00 2.681650876999e+00 2.676227569580e+00 2.580339431763e+00 2.362098217010e+00 3.163299798965e+00 3.293018102646e+00 3.330192804337e+00 2.777374267578e+00 2.546000719070e+00 4.652954101562e+00 7.905195236206e+00 1.165901660919e+01 1.368478012085e+01 1.308165836334e+01 8.518000602722e+00 5.382955074310e+00 6.165910243988e+00 5.199232578278e+00 4.833081722260e+00 8.102889060974e+00 4.188694477081e+00 8.080015182495e+00 5.847038745880e+00 4.231154441833e+00 5.657609462738e+00 8.138508796692e+00 8.347378730774e+00 7.055163860321e+00 1.111691856384e+01
1.376298308372e+00 2.801910877228e+00 2.833999633789e+00 2.751866817474e+00 2.855785369873e+00 3.237808942795e+00 3.262354135513e+00 3.298812389374e+00 3.032553434372e+00 2.795181989670e+00 2.701879262924e+00 3.806628942490e+00 6.119363307953e+00 6.450805664062e+00 4.888392448425e+00 2.315537691116e+00 2.154297351837e+00 2.414170265198e+00 2.810089826584e+00 4.479602336884e+00 4.048840522766e+00 3.714263439178e+00 3.407168149948e+00 4.645422935486e+00 8.084382057190e+00 1.153726387024e+01 1.570794963837e+01 1.840558624268e+01 1.534900474548e+01 7.412649631500e+00 6.701977252960e+00 7.272173881531e+00 6.935328960419e+00 9.582577705383e+00 5.336986064911e+00 1.081237697601e+01 8.956797599792e+00 5.892010211945e+00 5.400408267975e+00 7.818477630615e+00 1.677263832092e+01 8.517267227173e+00 9.063844680786e+00
1.808606505394e+00 3.403351545334e+00 3.160265445709e+00 3.373164892197e+00 3.579501152039e+00 3.781414031982e+00 4.014430522919e+00 4.174674510956e+00 4.265719890594e+00 4.280408382416e+00 4.152448177338e+00 4.007097244263e+00 3.837304353714e+00 5.652952671051e+00 6.563045501709e+00 5.467577934265e+00 2.737756013870e+00 2.467208147049e+00 2.717905282974e+00 4.280622005463e+00 4.536036968231e+00 4.087497711182e+00 3.767615079880e+00 3.989193677902e+00 6.694142341614e+00 9.962732315063e+00 1.542740345001e+01 2.155027008057e+01 2.035321617126e+01 1.238301563263e+01 9.624975204468e+00 1.213440895081e+01 1.302602291107e+01 1.201836299896e+01 9.951518058777e+00 1.165629482269e+01 1.109845638275e+01 8.566890716553e+00 9.731383323669e+00 8.724227905273e+00 2.395783805847e+01 1.959552192688e+01 5.295554161072e+00
1.852578043938e+00 3.849471807480e+00 3.842609643936e+00 3.725866556168e+00 3.284287691116e+00 2.966845750809e+00 2.814335346222e+00 3.111345291138e+00 3.445400476456e+00 3.839317798615e+00 4.277942657471e+00 4.789948463440e+00 5.275978088379e+00 8.352284431458e+00 8.553866386414e+00 6.495130062103e+00 6.121769905090e+00 5.829187870026e+00 5.432834625244e+00 4.983235836029e+00 4.496640682220e+00 3.895933866501e+00 4.245108127594e+00 4.149057388306e+00 4.577430248260e+00 7.543140888214e+00 1.111579990387e+01 1.758019828796e+01 2.233047485352e+01 1.545294857025e+01 7.310691833496e+00 7.597949981689e+00 1.116413688660e+01 1.482152843475e+01 1.645961952209e+01 1.525917339325e+01 1.100693321228e+01 9.275695800781e+00 6.997201919556e+00 1.001285457611e+01 2.499102973938e+01 3.003242111206e+01 8.057077407837e+00
1.573766350746e+00 3.173744678497e+00 3.307391166687e+00 3.604460716248e+00 3.784145355225e+00 3.657092809677e+00 3.070301294327e+00 2.673531532288e+00 2.688204288483e+00 2.687083959579e+00 2.671667337418e+00 2.613700389862e+00 2.530669689178e+00 3.210038661957e+00 4.816252231598e+00 5.275957107544e+00 6.324618816376e+00 6.110410213470e+00 4.985376358032e+00 5.515502452850e+00 5.834281444550e+00 6.022294998169e+00 6.247136592865e+00 6.525155067444e+00 6.275196075439e+00 5.016443252563e+00 7.500012397766e+00 1.332702636719e+01 1.881417465210e+01 1.379864692688e+01 6.900922775269e+00 4.857093334198e+00 4.321457862854e+00 7.203166484833e+00 8.704668045044e+00 1.415280056000e+01 1.796857070923e+01 1.660846900940e+01 1.033512687683e+01 1.129031562805e+01 1.604031944275e+01 3.561425781250e+01 1.294482994080e+01
1.273658514023e+00 2.462883472443e+00 2.454052925110e+00 2.350797414780e+00 2.396959781647e+00 2.681807041168e+00 2.801511764526e+00 2.757626533508e+00 2.345058679581e+00 2.541913509369e+00 2.761817693710e+00 2.984591484070e+00 3.189954519272e+00 3.395188331604e+00 3.604165315628e+00 3.784987449646e+00 3.942271232605e+00 5.934805393219e+00 6.325450420380e+00 8.191306114197e+00 6.417735576630e+00 5.279554843903e+00 5.041500091553e+00 4.903385162354e+00 4.926033496857e+00 5.588798522949e+00 7.454245567322e+00 8.544358253479e+00 1.203710556030e+01 9.806672096252e+00 4.961079597473e+00 5.856549263000e+00 4.366552829742e+00 5.783344745636e+00 6.792665958405e+00 8.237875938416e+00 8.313350677490e+00 1.394463634491e+01 1.970588111877e+01 1.597150897980e+01 1.425862121582e+01 2.914714622498e+01 2.628937149048e+01
8.033346533775e-01 1.619387984276e+00 1.594475865364e+00 1.556878089905e+00 1.758122324944e+00 2.068794250488e+00 2.266810894012e+00 2.377475023270e+00 2.415459871292e+00 2.226016283035e+00 2.070145368576e+00 2.174755334854e+00 2.299721717834e+00 2.321021795273e+00 2.352931737900e+00 3.141137599945e+00 3.496642589569e+00 4.682596206665e+00 8.858671188354e+00 9.277569770813e+00 8.218034744263e+00 7.013852119446e+00 8.213554382324e+00 9.832534790039e+00 6.922186851501e+00 7.922904491425e+00 7.717057228088e+00 7.173611164093e+00 7.488878250122e+00 9.879470825195e+00 9.279569625854e+00 5.787636756897e+00 6.028135299683e+00 6.336574077606e+00 6.864765167236e+00 7.145756244659e+00 7.406438350677e+00 9.538038253784e+00 1.394286155701e+01 1.625946617126e+01 1.942372894287e+01 2.607216835022e+01 2.155212020874e+01
