100/SI/f157_max.grd
DSAA
101	101
32.816463539100	34.260883539100
35.556306596100	36.727886596100
1.906907767989e-03	3.124819335938e+02
[rows 38 to 56 of 101, columns 0 to 42 of 101]
7.459488511086e-01 1.574006915092e+00 1.702336549759e+00 1.773341059685e+00 2.102990627289e+00 2.578109502792e+00 2.977570533752e+00 3.391854524612e+00 3.728121519089e+00 3.405162096024e+00 2.794679641724e+00 2.280853033066e+00 2.252655267715e+00 2.219255447388e+00 2.364157438278e+00 2.679053306580e+00 3.033098936081e+00 5.564346790314e+00 9.018215179443e+00 9.678603172302e+00 7.799173355103e+00 6.582085609436e+00 4.392951488495e+00 5.149239540100e+00 1.022510051727e+01 1.329170799255e+01 1.280274105072e+01 9.156525611877e+00 6.580132007599e+00 7.287035465240e+00 7.695436000824e+00 9.456292152405e+00 1.296267509460e+01 1.272507381439e+01 1.193868827820e+01 7.144634246826e+00 9.767848968506e+00 1.098397922516e+01 1.086828994751e+01 1.668716049194e+01 1.831155967712e+01 2.702948570251e+01 2.181272125244e+01
1.098857998848e+00 1.956542491913e+00 1.640981554985e+00 1.606108903885e+00 2.282780408859e+00 2.777509212494e+00 3.651764631271e+00 4.596204757690e+00 5.126659393311e+00 4.800599098206e+00 3.487895011902e+00 2.729207992554e+00 2.350538492203e+00 2.401159048080e+00 2.576313495636e+00 2.784235477448e+00 2.966664075851e+00 3.126381874084e+00 4.906020164490e+00 6.869008541107e+00 7.017396450043e+00 6.857670783997e+00 7.082924842834e+00 5.897345542908e+00 5.465783596039e+00 6.072321414948e+00 8.198952674866e+00 1.544058704376e+01 2.069051170349e+01 2.099095153809e+01 1.646080780029e+01 8.112018585205e+00 9.149889945984e+00 7.789142608643e+00 1.554415321350e+01 1.393440818787e+01 9.069242477417e+00 1.093806266785e+01 1.343180084229e+01 1.526976966858e+01 2.043593215942e+01 2.464890861511e+01 2.892100715637e+01
1.267414927483e+00 2.524440526962e+00 2.391719818115e+00 2.075003385544e+00 2.741464376450e+00 3.374040842056e+00 4.096375942230e+00 5.392468452454e+00 5.846079349518e+00 5.827321529388e+00 3.985375642776e+00 2.675396919250e+00 2.694032669067e+00 2.331147193909e+00 1.942193627357e+00 2.186542749405e+00 2.549660682678e+00 2.772082805634e+00 2.915265560150e+00 3.873617649078e+00 5.717070579529e+00 8.039266586304e+00 9.653530120850e+00 9.729640007019e+00 9.525429725647e+00 6.337212562561e+00 5.017335891724e+00 5.297792434692e+00 5.144317626953e+00 6.512761592865e+00 1.372560882568e+01 2.185105705261e+01 2.589074707031e+01 2.161484336853e+01 1.094264507294e+01 1.087232303619e+01 1.906640625000e+01 1.586014270782e+01 1.642935562134e+01 1.638331794739e+01 1.523633670807e+01 2.042617034912e+01 3.094569778442e+01
1.817070007324e+00 3.078265666962e+00 3.577338457108e+00 3.675182819366e+00 3.311741590500e+00 3.958965063095e+00 3.951274871826e+00 3.797049045563e+00 3.796254158020e+00 4.656483173370e+00 5.026977062225e+00 4.361579895020e+00 3.233540773392e+00 2.875002861023e+00 2.924012184143e+00 3.619610309601e+00 4.200726032257e+00 4.699565887451e+00 4.594058990479e+00 3.340424060822e+00 3.726733922958e+00 4.914988040924e+00 5.578912734985e+00 7.486344337463e+00 9.298275947571e+00 1.104935741425e+01 1.232831287384e+01 1.196509265900e+01 1.228772735596e+01 1.340619277954e+01 1.482329750061e+01 1.449125099182e+01 2.242000198364e+01 2.533515739441e+01 1.809496688843e+01 2.290584373474e+01 2.541118049622e+01 2.158299636841e+01 2.436259460449e+01 1.969230079651e+01 1.381677246094e+01 2.415140533447e+01 2.018124389648e+01
1.864754319191e+00 3.277567863464e+00 3.628433227539e+00 3.363032341003e+00 3.660540580750e+00 4.617209911346e+00 4.586055278778e+00 3.973851919174e+00 4.786085128784e+00 3.983713626862e+00 3.785985708237e+00 5.284955024719e+00 5.487504959106e+00 4.135639667511e+00 3.828507423401e+00 3.527904510498e+00 3.609189748764e+00 4.836071491241e+00 6.522704601288e+00 6.631041049957e+00 4.251817226410e+00 4.829436779022e+00 6.160863876343e+00 5.125753879547e+00 5.921757221222e+00 7.147497653961e+00 9.446944236755e+00 1.427728557587e+01 1.922742462158e+01 1.760269927979e+01 1.666526794434e+01 1.238334178925e+01 1.233166313171e+01 2.316536331177e+01 2.226958274841e+01 2.808576965332e+01 1.857188224792e+01 2.631344795227e+01 2.307755851746e+01 3.331380844116e+01 3.442639923096e+01 2.703657913208e+01 3.048106575012e+01
3.613900423050e+00 7.007042884827e+00 5.234792709351e+00 4.382075786591e+00 4.287776470184e+00 3.858444452286e+00 3.947542905807e+00 4.802533626556e+00 4.755948066711e+00 3.860490322113e+00 4.826616764069e+00 3.289491891861e+00 4.215443611145e+00 5.910624980927e+00 5.133488178253e+00 4.440488338470e+00 5.561303615570e+00 1.206151771545e+01 1.421616363525e+01 7.757926940918e+00 8.309597969055e+00 4.894232749939e+00 5.746999263763e+00 8.151982307434e+00 5.440467834473e+00 4.980710506439e+00 5.221762180328e+00 5.727108478546e+00 7.313076019287e+00 8.314675331116e+00 8.883420944214e+00 9.686380386353e+00 1.318684005737e+01 2.077284622192e+01 1.424369621277e+01 1.319592952728e+01 1.937866592407e+01 2.207392501831e+01 1.472939014435e+01 3.041457557678e+01 3.124636077881e+01 3.408030700684e+01 4.183860778809e+01
5.752817630768e+00 1.055070590973e+01 8.553786277771e+00 6.651094436646e+00 6.132366180420e+00 5.001280784607e+00 6.891256332397e+00 6.047386169434e+00 6.061233520508e+00 4.743703842163e+00 3.711208581924e+00 4.555006504059e+00 4.086102485657e+00 2.667785644531e+00 5.002359390259e+00 5.867713928223e+00 4.272676467896e+00 3.663479089737e+00 6.697303771973e+00 4.435683250427e+00 7.719691753387e+00 9.165819168091e+00 9.107044219971e+00 7.954866886139e+00 1.093665885925e+01 6.722611904144e+00 6.249971389771e+00 8.092609405518e+00 9.480706214905e+00 7.242083549500e+00 9.224509239197e+00 1.136640930176e+01 1.347231769562e+01 1.582006645203e+01 2.011102676392e+01 1.525158596039e+01 1.698582458496e+01 1.899282073975e+01 1.799806785583e+01 2.583784675598e+01 2.403943634033e+01 3.473450088501e+01 3.535807800293e+01
2.276512861252e+00 4.743369102478e+00 5.665275573730e+00 6.678587436676e+00 6.829722881317e+00 7.589611053467e+00 8.022097587585e+00 6.921998500824e+00 6.206968307495e+00 5.943593025208e+00 5.540290355682e+00 5.127215862274e+00 4.859705448151e+00 4.554433345795e+00 4.929738521576e+00 4.207469463348e+00 2.990465164185e+00 3.544609785080e+00 3.731665372849e+00 5.090461730957e+00 4.769474029541e+00 7.877950668335e+00 8.508469581604e+00 9.148878097534e+00 1.067196273804e+01 1.205638694763e+01 1.315027236938e+01 1.369367885590e+01 1.399080562592e+01 1.507303714752e+01 1.531023883820e+01 1.610582923889e+01 1.710686492920e+01 1.420893287659e+01 1.219729232788e+01 1.715690612793e+01 2.062085151672e+01 3.171157646179e+01 3.796895599365e+01 3.510001373291e+01 3.337890243530e+01 3.467017364502e+01 2.880140876770e+01
2.205310583115e+00 4.632283687592e+00 5.277715682983e+00 5.865415573120e+00 6.623662948608e+00 6.775158405304e+00 6.229899406433e+00 5.046027660370e+00 4.759797096252e+00 5.677342891693e+00 6.660620689392e+00 6.320452690125e+00 4.784660339355e+00 3.122412919998e+00 3.348681449890e+00 1.933948516846e+00 1.125590443611e+00 1.242962360382e+00 1.658533811569e+00 1.999201774597e+00 5.948210239410e+00 1.046313858032e+01 8.941774368286e+00 1.127521610260e+01 1.084159469604e+01 1.336426448822e+01 1.379245185852e+01 1.305494880676e+01 1.217125225067e+01 1.388660812378e+01 1.478521156311e+01 1.910264968872e+01 2.442691993713e+01 2.661535072327e+01 2.273881340027e+01 1.929307556152e+01 2.137953948975e+01 1.526382255554e+01 2.325339317322e+01 2.369909477234e+01 3.702984619141e+01 3.489492034912e+01 3.756139755249e+01
5.938228368759e-01 1.193508982658e+00 1.259957075119e+00 1.358365416527e+00 1.887443184853e+00 2.638147115707e+00 3.468424320221e+00 3.728022098541e+00 3.607702970505e+00 3.328917503357e+00 3.408803462982e+00 4.331996440887e+00 4.325308322906e+00 3.519031047821e+00 2.273486614227e+00 1.771000742912e+00 9.102838635445e-01 7.740926146507e-01 8.621430397034e-01 1.845280408859e+00 4.114942073822e+00 8.735046386719e+00 2.179331779480e+01 2.049899291992e+01 1.841372108459e+01 1.729009246826e+01 1.666101264954e+01 1.619626235962e+01 1.722011184692e+01 1.989074134827e+01 2.219024276733e+01 2.512142181396e+01 4.332751083374e+01 2.412162971497e+01 5.441315078735e+01 3.709438323975e+01 2.959194755554e+01 3.183840179443e+01 3.942625427246e+01 4.580426788330e+01 4.845852279663e+01 4.550243377686e+01 4.580599594116e+01
5.383335947990e-01 1.039979696274e+00 1.132550001144e+00 1.134656310081e+00 1.907715082169e+00 2.826623201370e+00 2.945459365845e+00 2.402073860168e+00 1.772754073143e+00 1.444288253784e+00 1.833797931671e+00 2.275979518890e+00 2.178117275238e+00 1.749307394028e+00 1.286809444427e+00 9.105452895164e-01 6.575245261192e-01 4.835973381996e-01 5.021442174911e-01 1.637021303177e+00 5.241127967834e+00 9.059880256653e+00 8.921362876892e+00 1.885473632812e+01 4.551317977905e+01 2.305257797241e+01 1.436630630493e+01 1.300482463837e+01 1.353740787506e+01 1.476604843140e+01 2.536245536804e+01 3.656392669678e+01 1.935168266296e+01 2.884325790405e+01 5.214184188843e+01 9.516417694092e+01 3.891238784790e+01 3.079499053955e+01 2.735047912598e+01 3.008746337891e+01 2.575658607483e+01 4.815338897705e+01 5.602826690674e+01
2.792634963989e-01 5.801166892052e-01 6.955373883247e-01 7.720897197723e-01 1.015384912491e+00 1.632509946823e+00 1.870133161545e+00 1.620167970657e+00 1.253647327423e+00 9.385250806808e-01 7.747589349747e-01 7.397860884666e-01 5.900024771690e-01 5.208311080933e-01 6.212741136551e-01 4.732462465763e-01 4.384002685547e-01 3.687072694302e-01 4.297407567501e-01 6.536783576012e-01 1.119109869003e+00 3.023500680923e+00 3.167665004730e+00 4.315025806427e+00 1.655859565735e+01 1.751595497131e+01 6.530288696289e+00 3.587579727173e+00 3.755264997482e+00 1.205028438568e+01 1.596330356598e+01 1.728927993774e+01 1.804387092590e+01 1.481819152832e+01 2.178411483765e+01 6.282883071899e+01 3.368845748901e+01 2.048212051392e+01 1.430243110657e+01 1.292096042633e+01 1.215503883362e+01 3.184521484375e+01 4.420983505249e+01
1.244700402021e-01 2.484240829945e-01 2.583888173103e-01 2.845427095890e-01 3.592134714127e-01 4.548855423927e-01 5.412787795067e-01 5.890608429909e-01 5.700126886368e-01 4.831167161465e-01 4.117666184902e-01 4.734110832214e-01 4.886508882046e-01 4.516769349575e-01 4.601261913776e-01 5.259288549423e-01 3.993673026562e-01 3.188889324665e-01 3.583922088146e-01 5.327785015106e-01 6.087166070938e-01 1.113008856773e+00 1.935943841934e+00 4.223378181458e+00 1.025278949738e+01 6.395185470581e+00 3.960621356964e+00 3.142062187195e+00 3.010856628418e+00 9.724847674370e-01 8.520811200142e-01 9.253239035606e-01 1.445163369179e+00 3.142781257629e+00 7.292559623718e+00 1.238319091797e+02 2.359811248779e+02 3.146651649475e+01 2.144614410400e+01 1.104749870300e+01 7.786374568939e+00 8.421051979065e+00 1.631391334534e+01
1.001268252730e-01 1.820369511843e-01 2.024089694023e-01 2.024824172258e-01 2.033953219652e-01 2.619726955891e-01 3.440053164959e-01 4.233984053135e-01 4.706845581532e-01 4.610538482666e-01 3.874190449715e-01 3.560602068901e-01 3.867167532444e-01 3.739558160305e-01 3.325225710869e-01 4.082381725311e-01 4.741919636726e-01 3.771860897541e-01 2.910649776459e-01 8.416317701340e-01 1.070346951485e+00 8.211247324944e-01 1.090122818947e+00 1.908626198769e+00 3.616575717926e+00 3.588718795776e+01 7.769216537476e+00 6.917711257935e+00 2.924562215805e+00 5.767312049866e-01 5.046397447586e-01 5.285539627075e-01 6.149028539658e-01 7.574393749237e-01 1.019460678101e+00 5.460610389709e+00 3.807484054565e+01 9.777406311035e+01 2.500107765198e+01 1.400728893280e+01 4.031562328339e+00 2.596997499466e+00 2.856920242310e+00
9.334241598845e-02 2.222515046597e-01 3.005233407021e-01 3.468298614025e-01 3.611806631088e-01 3.332324624062e-01 2.962005138397e-01 2.702460289001e-01 3.374996781349e-01 3.870786726475e-01 3.860079050064e-01 3.340880274773e-01 2.887382209301e-01 3.595027029514e-01 3.754410445690e-01 3.355225920677e-01 3.912546336651e-01 5.051350593567e-01 3.987323045731e-01 8.435091376305e-01 8.898878693581e-01 7.619889378548e-01 8.488991856575e-01 9.203829169273e-01 2.099978685379e+00 7.215489864349e+00 7.556861400604e+00 1.937218308449e+00 9.017976522446e-01 5.585768818855e-01 4.186596870422e-01 3.574846684933e-01 3.526719808578e-01 4.422399401665e-01 5.740061998367e-01 1.948911190033e+00 9.971364021301e+00 3.522074890137e+01 4.261529541016e+01 6.589797496796e+00 2.820495128632e+00 1.828791975975e+00 1.729944944382e+00
1.413725614548e-01 3.328171372414e-01 4.253552854061e-01 4.782621562481e-01 4.913038015366e-01 4.694242775440e-01 4.405825436115e-01 3.962420225143e-01 3.417902290821e-01 2.792305648327e-01 3.099840879440e-01 3.257244229317e-01 3.120476007462e-01 3.647441864014e-01 4.184482097626e-01 3.953457176685e-01 3.338457047939e-01 5.304484367371e-01 5.678341984749e-01 1.487648606300e+00 9.535478353500e-01 6.868599653244e-01 4.644891321659e-01 4.808177351952e-01 9.043905138969e-01 6.434130668640e+00 9.221303939819e+00 1.754247188568e+00 1.151516079903e+00 5.847278237343e-01 3.622550964355e-01 2.500994801521e-01 2.224092334509e-01 2.345311045647e-01 3.600022196770e-01 5.971890687943e-01 4.037086963654e+00 1.247402477264e+01 3.310829544067e+01 1.603007507324e+01 7.634718894958e+00 1.528371453285e+00 1.290939092636e+00
9.675233066082e-02 2.108428478241e-01 2.629734575748e-01 2.885707914829e-01 2.798280417919e-01 2.807016670704e-01 3.139588534832e-01 3.509458303452e-01 3.857175111771e-01 3.862310647964e-01 3.325769603252e-01 2.510649859905e-01 2.957969009876e-01 3.241776525974e-01 3.246597945690e-01 3.261202573776e-01 3.412363231182e-01 5.591971278191e-01 7.718084454536e-01 1.286583662033e+00 9.876568913460e-01 7.759913802147e-01 3.815976381302e-01 3.823155164719e-01 7.687618136406e-01 2.329275131226e+00 2.043341636658e+00 1.360469937325e+00 1.078058719635e+00 5.984074473381e-01 3.327025175095e-01 2.730895280838e-01 2.408957183361e-01 2.354376763105e-01 3.010930120945e-01 5.095543861389e-01 1.069054484367e+00 5.368662357330e+00 6.316391944885e+00 3.844767332077e+00 2.306369781494e+00 1.165711522102e+00 1.055169224739e+00
9.091802686453e-02 1.650948077440e-01 2.449963092804e-01 3.127366304398e-01 3.730224072933e-01 4.407287836075e-01 5.150541067123e-01 5.954285264015e-01 6.697266697884e-01 6.909698843956e-01 6.177344918251e-01 4.589384794235e-01 2.954978644848e-01 3.071116507053e-01 3.781524300575e-01 4.108113348484e-01 5.118133425713e-01 5.929883718491e-01 6.963101029396e-01 1.217029809952e+00 8.638917803764e-01 5.756206512451e-01 3.049882650375e-01 2.972719371319e-01 5.564451813698e-01 6.456303596497e-01 6.168167591095e+00 9.316083788872e-01 8.804478645325e-01 5.290150642395e-01 3.078964948654e-01 2.460570335388e-01 2.348135858774e-01 2.480030357838e-01 3.192173838615e-01 4.342226684093e-01 7.229660153389e-01 8.908783197403e-01 1.872489333153e+00 2.486789941788e+00 1.554431319237e+00 9.325830936432e-01 1.199489593506e+00
9.038537740707e-02 1.635038107634e-01 2.247529178858e-01 2.777639627457e-01 3.312445580959e-01 3.965581655502e-01 4.655579030514e-01 5.351850986481e-01 6.003155708313e-01 6.355630159378e-01 6.024279594421e-01 6.518495678902e-01 6.798592209816e-01 6.824158430099e-01 6.509721279144e-01 5.903146862984e-01 7.025747299194e-01 5.110828280449e-01 6.912508606911e-01 2.200633049011e+00 8.078698515892e-01 4.050073623657e-01 2.860273420811e-01 2.395701706409e-01 3.312070071697e-01 7.104924321175e-01 2.579401016235e+00 7.242745161057e-01 9.338706731796e-01 3.949706554413e-01 2.910223901272e-01 2.223176360130e-01 2.251607179642e-01 2.559497356415e-01 3.379555046558e-01 4.018150866032e-01 4.473039209843e-01 7.206954956055e-01 1.579909563065e+00 1.848245739937e+00 1.147844910622e+00 8.518956303596e-01 1.113764166832e+00
