100/SI/f157_max.grd
DSAA
101	101
32.816463539100	34.260883539100
35.556306596100	36.727886596100
1.906907767989e-03	3.124819335938e+02
[rows 19 to 37 of 101, columns 43 to 85 of 101]
3.080084800720e+00 3.795538187027e+00 4.934405803680e+00 5.027318477631e+00 3.259241819382e+00 5.007845401764e+00 2.547841548920e+00 2.654727697372e+00 2.874841690063e+00 2.915604352951e+00 2.660750389099e+00 3.917044162750e+00 4.717452049255e+00 4.667294502258e+00 3.098711729050e+00 3.785254240036e+00 4.992572784424e+00 4.680095195770e+00 2.575489282608e+00 4.154621124268e+00 1.915821909904e+00 2.688381671906e+00 3.610970497131e+00 1.783036231995e+00 1.767827391624e+00 2.083930492401e+00 1.719736099243e+00 2.167927503586e+00 2.011759042740e+00 1.593015670776e+00 1.717922568321e+00 2.372170448303e+00 2.678815841675e+00 2.074915409088e+00 1.844454050064e+00 1.500710010529e+00 1.030789732933e+00 1.133148550987e+00 1.253212213516e+00 1.043704748154e+00 9.753380417824e-01 8.539275527000e-01 9.284506440163e-01
2.784245252609e+00 3.719167947769e+00 5.274397850037e+00 6.081418991089e+00 4.399558067322e+00 4.428122043610e+00 2.621215581894e+00 2.812467813492e+00 2.490929603577e+00 3.119282722473e+00 3.263781309128e+00 3.662999153137e+00 5.048920154572e+00 4.964673995972e+00 3.836185693741e+00 4.115265369415e+00 4.874287605286e+00 5.288433551788e+00 3.039142847061e+00 4.016731262207e+00 2.189451217651e+00 4.074057579041e+00 5.074857711792e+00 2.362392902374e+00 2.062658786774e+00 2.133294820786e+00 2.116276979446e+00 2.242102861404e+00 1.747302889824e+00 1.695085644722e+00 2.395218133926e+00 3.129546880722e+00 2.795613288879e+00 2.217130422592e+00 1.822783827782e+00 1.502571582794e+00 1.077588915825e+00 1.325004935265e+00 1.026248812675e+00 8.775233030319e-01 9.357051849365e-01 8.141893744469e-01 8.482596874237e-01
3.002738237381e+00 4.258182525635e+00 4.870451450348e+00 6.366272926331e+00 5.422422409058e+00 3.789979696274e+00 2.600597858429e+00 2.979787588120e+00 2.381562709808e+00 2.917541980743e+00 3.077175855637e+00 3.500401735306e+00 4.795785427094e+00 5.432286739349e+00 4.625102996826e+00 4.398557662964e+00 4.668290615082e+00 5.779401302338e+00 3.464740753174e+00 3.721134424210e+00 2.460634708405e+00 5.047800064087e+00 5.557186126709e+00 2.656180858612e+00 2.014650106430e+00 2.494205713272e+00 2.388876199722e+00 1.939102053642e+00 1.653091549873e+00 2.382226228714e+00 3.340786457062e+00 3.239924430847e+00 2.188720226288e+00 2.529035568237e+00 1.806560754776e+00 1.383231043816e+00 1.282472848892e+00 1.362572312355e+00 1.137690901756e+00 8.883252739906e-01 8.702505826950e-01 6.407455801964e-01 6.315528750420e-01
2.868558406830e+00 4.012613773346e+00 4.129571914673e+00 6.076975345612e+00 6.001294612885e+00 3.963154077530e+00 3.480110645294e+00 3.156355142593e+00 2.346004009247e+00 2.554353475571e+00 2.952763557434e+00 3.547111034393e+00 3.977601051331e+00 5.692526817322e+00 5.150874614716e+00 4.284673690796e+00 4.315618991852e+00 6.197906970978e+00 3.815786123276e+00 3.333577871323e+00 2.730428695679e+00 5.013023853302e+00 4.843306541443e+00 2.305881023407e+00 2.206289291382e+00 2.602752208710e+00 2.167733669281e+00 1.769899368286e+00 2.507128715515e+00 3.534460306168e+00 3.475720882416e+00 2.414613008499e+00 1.842708945274e+00 2.627492427826e+00 1.298633337021e+00 1.275840640068e+00 1.583472967148e+00 1.214037060738e+00 1.304951906204e+00 8.316922187805e-01 9.277336597443e-01 7.751130461693e-01 6.996994018555e-01
2.333512306213e+00 2.793696641922e+00 4.292600631714e+00 5.381293773651e+00 6.047032356262e+00 4.020529747009e+00 4.328159809113e+00 3.630982398987e+00 2.548037767410e+00 2.177566051483e+00 3.076443672180e+00 3.461196660995e+00 4.087103843689e+00 6.113084316254e+00 5.215359687805e+00 4.038697242737e+00 3.883368015289e+00 6.453741073608e+00 4.070068359375e+00 4.040449142456e+00 3.175577163696e+00 4.120967864990e+00 3.612067461014e+00 2.148148775101e+00 2.708581447601e+00 2.517209768295e+00 1.854279279709e+00 2.674342393875e+00 3.831160545349e+00 3.723834037781e+00 2.527910470963e+00 1.496105074883e+00 1.970424175262e+00 2.464469194412e+00 1.324297070503e+00 1.367646455765e+00 1.668847799301e+00 1.270607948303e+00 1.431722164154e+00 8.678818941116e-01 8.812618255615e-01 7.298210263252e-01 7.423656582832e-01
3.004174947739e+00 3.005326747894e+00 4.847583293915e+00 4.549073219299e+00 5.746639728546e+00 4.488548278809e+00 4.147455692291e+00 4.594177246094e+00 3.992129564285e+00 3.050651073456e+00 3.337798118591e+00 3.267387866974e+00 4.456233978271e+00 6.538155555725e+00 4.682628154755e+00 3.872553825378e+00 3.308667659760e+00 6.599200248718e+00 5.155920028687e+00 4.463304519653e+00 3.756491184235e+00 3.993749856949e+00 2.416702270508e+00 2.611800432205e+00 2.780333995819e+00 1.897643089294e+00 2.903641462326e+00 4.131982803345e+00 3.933993816376e+00 2.636094808578e+00 1.411905527115e+00 1.109538197517e+00 2.635812044144e+00 2.059587478638e+00 1.261487722397e+00 1.774475812912e+00 1.539543628693e+00 1.280403614044e+00 1.520909190178e+00 1.074300408363e+00 7.579969167709e-01 7.221809625626e-01 6.388823986053e-01
4.718645572662e+00 2.916803598404e+00 2.915995359421e+00 5.019418239594e+00 5.294164657593e+00 4.739388942719e+00 3.646014928818e+00 4.203313827515e+00 4.778650283813e+00 4.693339824677e+00 4.000096797943e+00 4.958028793335e+00 4.843435287476e+00 6.795499324799e+00 4.051408767700e+00 3.502638339996e+00 4.636808872223e+00 6.646161556244e+00 5.835813522339e+00 4.279583930969e+00 4.049562454224e+00 4.308128356934e+00 2.714628696442e+00 2.845741748810e+00 2.336562633514e+00 3.038724422455e+00 4.499856472015e+00 4.216742515564e+00 2.742893457413e+00 1.789630889893e+00 2.517287731171e+00 1.546353816986e+00 3.075598001480e+00 1.799512982368e+00 1.474143624306e+00 1.898411631584e+00 1.852092146873e+00 1.303458452225e+00 1.569975495338e+00 1.185759544373e+00 7.141883969307e-01 6.822586655617e-01 7.905415296555e-01
6.309931755066e+00 2.999621868134e+00 2.940098047256e+00 4.625269889832e+00 4.768594264984e+00 4.851213932037e+00 3.949796676636e+00 4.025968551636e+00 3.973344087601e+00 5.144773483276e+00 5.612493038177e+00 5.017583370209e+00 5.230782032013e+00 6.885788440704e+00 3.516335964203e+00 5.426874637604e+00 6.506559371948e+00 6.654924869537e+00 5.671567916870e+00 3.391062021255e+00 3.847083568573e+00 3.947779417038e+00 2.730748653412e+00 2.350497007370e+00 3.062666416168e+00 4.786070823669e+00 4.617778301239e+00 2.891669988632e+00 2.552356004715e+00 3.505768060684e+00 3.182468175888e+00 2.890263319016e+00 2.996125459671e+00 2.013362646103e+00 1.899110913277e+00 1.573476910591e+00 2.019922256470e+00 1.379050016403e+00 1.575527429581e+00 1.178455114365e+00 7.603436112404e-01 8.656761646271e-01 1.115970849991e+00
6.889256954193e+00 3.081363439560e+00 3.556282758713e+00 3.065140724182e+00 5.236556053162e+00 4.901698112488e+00 4.180961608887e+00 4.277062892914e+00 4.057796001434e+00 5.121575355530e+00 5.410689353943e+00 4.714956760406e+00 5.578428268433e+00 6.635418415070e+00 5.908836841583e+00 7.190239429474e+00 6.947477340698e+00 6.466609001160e+00 3.854662179947e+00 3.424268007278e+00 3.962367534637e+00 3.990112543106e+00 2.860808134079e+00 2.931287288666e+00 4.989375114441e+00 5.095314502716e+00 3.193777561188e+00 2.594312906265e+00 3.814264774323e+00 3.165270566940e+00 2.576610088348e+00 2.816843986511e+00 2.322361469269e+00 2.212352037430e+00 1.882049083710e+00 1.314686894417e+00 1.978811740875e+00 1.489169716835e+00 1.544677495956e+00 1.066949367523e+00 9.200190305710e-01 1.238008141518e+00 1.398962974548e+00
6.047688961029e+00 4.504497051239e+00 4.117954254150e+00 2.901554107666e+00 3.802231073380e+00 4.966524600983e+00 5.233868122101e+00 4.546795368195e+00 5.324887752533e+00 7.827610492706e+00 4.448773860931e+00 4.144220352173e+00 5.808576107025e+00 6.107258796692e+00 7.665933609009e+00 7.421892166138e+00 6.421180725098e+00 6.252995491028e+00 4.256103038788e+00 4.600956916809e+00 4.113943576813e+00 3.970655441284e+00 2.677015304565e+00 5.062106132507e+00 5.614480495453e+00 3.629758596420e+00 2.963489532471e+00 4.043928146362e+00 3.579154253006e+00 2.346184730530e+00 3.416977405548e+00 2.956916093826e+00 1.775892853737e+00 2.024813175201e+00 1.687235236168e+00 1.812549948692e+00 1.801675438881e+00 1.636304736137e+00 1.498938560486e+00 1.379423141479e+00 1.535235047340e+00 1.723103284836e+00 1.452889561653e+00
4.081394195557e+00 6.785785198212e+00 4.508887767792e+00 3.566846132278e+00 4.281310081482e+00 4.848299026489e+00 4.639383316040e+00 4.867959976196e+00 6.982909679413e+00 9.686478614807e+00 6.503680229187e+00 4.515618324280e+00 5.852347373962e+00 7.298302650452e+00 7.816136360168e+00 1.085178661346e+01 5.754257678986e+00 5.795639991760e+00 4.755733013153e+00 4.653358936310e+00 4.245131969452e+00 3.926474571228e+00 5.011116027832e+00 5.958695888519e+00 4.091950893402e+00 3.335804462433e+00 3.991739273071e+00 4.003911972046e+00 3.423655271530e+00 3.426244974136e+00 3.628214597702e+00 2.026709079742e+00 1.916651964188e+00 1.730270624161e+00 1.508478760719e+00 1.411059856415e+00 2.446639537811e+00 1.931139826775e+00 1.779176473618e+00 2.047257661819e+00 2.039870738983e+00 1.496862649918e+00 1.006610870361e+00
4.581427097321e+00 7.519363403320e+00 4.662614345551e+00 3.942189693451e+00 5.048163414001e+00 4.644915580750e+00 4.831958770752e+00 6.105600833893e+00 8.050342559814e+00 9.728728294373e+00 7.766700267792e+00 7.708844184875e+00 6.821928977966e+00 8.005639076233e+00 9.494065284729e+00 1.373999118805e+01 5.982557296753e+00 6.477321147919e+00 6.422997951508e+00 5.251041412354e+00 4.157898902893e+00 4.998342990875e+00 6.265306472778e+00 4.504626750946e+00 3.735431671143e+00 3.941644906998e+00 3.816644430161e+00 4.224221706390e+00 4.110390186310e+00 4.123281002045e+00 3.103279113770e+00 1.675235390663e+00 2.292244195938e+00 1.429251790047e+00 1.490747451782e+00 1.523880004883e+00 3.371742725372e+00 2.246762514114e+00 2.358037233353e+00 1.898996472359e+00 1.153602004051e+00 6.770786643028e-01 6.720325946808e-01
9.071470260620e+00 5.945269107819e+00 6.517186164856e+00 4.186168193817e+00 6.146410465240e+00 4.765100479126e+00 5.202893257141e+00 7.055635452271e+00 8.471851348877e+00 8.237757682800e+00 7.977002620697e+00 8.059767723083e+00 7.570683479309e+00 6.141331195831e+00 6.509656429291e+00 8.757192611694e+00 4.886902809143e+00 6.401776313782e+00 6.998514175415e+00 5.839329242706e+00 5.197291851044e+00 6.556016445160e+00 4.908029079437e+00 4.173975467682e+00 3.864231824875e+00 3.542716026306e+00 3.813860654831e+00 4.508628845215e+00 4.523354053497e+00 4.057472229004e+00 2.529720544815e+00 1.603869080544e+00 2.441460371017e+00 1.944313883781e+00 2.345164060593e+00 2.494629621506e+00 3.801512002945e+00 2.225342750549e+00 1.760220050812e+00 1.223579168320e+00 1.096341252327e+00 8.292236328125e-01 7.965234518051e-01
1.472076606750e+01 6.435670375824e+00 7.295842170715e+00 5.320785045624e+00 6.812499523163e+00 5.825064182281e+00 5.722355365753e+00 8.101119041443e+00 8.703454017639e+00 6.846585750580e+00 9.602675437927e+00 1.180247306824e+01 6.544160366058e+00 7.684045314789e+00 4.708469390869e+00 5.459792137146e+00 5.218750953674e+00 6.225144386292e+00 6.015810966492e+00 5.457145214081e+00 6.959819316864e+00 5.298208713531e+00 4.350593566895e+00 3.907258510590e+00 4.203243255615e+00 3.910916090012e+00 3.917904615402e+00 4.890292644501e+00 4.921906471252e+00 4.470532894135e+00 3.075667142868e+00 2.706653356552e+00 2.686467885971e+00 2.444396972656e+00 2.365797758102e+00 3.636540889740e+00 3.127246141434e+00 1.516690969467e+00 1.638275384903e+00 1.674130678177e+00 1.551429152489e+00 1.198390245438e+00 8.601284027100e-01
1.611206626892e+01 1.683399009705e+01 6.951667785645e+00 6.989247798920e+00 7.502054214478e+00 7.050130367279e+00 9.662552833557e+00 9.077215194702e+00 8.583918571472e+00 6.383709907532e+00 9.775003433228e+00 1.315146446228e+01 7.864074230194e+00 7.394087314606e+00 6.004640579224e+00 6.117319583893e+00 6.500154972076e+00 6.145175933838e+00 5.946543693542e+00 7.450099468231e+00 5.802393913269e+00 4.965039253235e+00 4.253922462463e+00 3.332034111023e+00 4.096705436707e+00 4.591671466827e+00 4.226009845734e+00 5.254706859589e+00 5.480989933014e+00 4.891700267792e+00 3.639787912369e+00 2.688164710999e+00 2.390663623810e+00 2.029565811157e+00 3.293325662613e+00 3.770340919495e+00 1.680167078972e+00 1.724147558212e+00 1.797040581703e+00 1.821802854538e+00 1.721398949623e+00 1.438327789307e+00 9.978406429291e-01
7.746752738953e+00 2.267723846436e+01 1.657347297668e+01 6.915210723877e+00 7.905427932739e+00 8.781047821045e+00 9.359772682190e+00 9.530975341797e+00 7.622672557831e+00 6.661332607269e+00 1.114477252960e+01 1.287572765350e+01 1.011055660248e+01 6.838677883148e+00 6.281512260437e+00 7.039004802704e+00 1.089552402496e+01 6.841895580292e+00 8.260845184326e+00 6.366440296173e+00 4.578107833862e+00 4.461417198181e+00 3.771060466766e+00 4.578674793243e+00 4.652132987976e+00 5.334665298462e+00 5.875847339630e+00 4.498021602631e+00 5.338853359222e+00 5.332133293152e+00 4.141694545746e+00 2.201625823975e+00 2.245526075363e+00 3.483186483383e+00 3.776014566422e+00 2.206961393356e+00 1.530441761017e+00 1.544735550880e+00 1.537581682205e+00 1.560692548752e+00 1.554997444153e+00 1.439860820770e+00 1.150961995125e+00
1.424998092651e+01 1.071884727478e+01 2.644216156006e+01 1.231561088562e+01 7.994077682495e+00 1.079532432556e+01 8.118178367615e+00 9.065678596497e+00 1.193031501770e+01 9.277591705322e+00 1.286796283722e+01 1.023001480103e+01 1.077141094208e+01 9.019323348999e+00 7.425390720367e+00 6.942842960358e+00 1.584509754181e+01 9.575605392456e+00 7.707035064697e+00 9.377387046814e+00 5.577551364899e+00 4.549014568329e+00 4.858080387115e+00 5.114905834198e+00 4.927545070648e+00 5.233405113220e+00 7.407496929169e+00 4.498789310455e+00 5.542502880096e+00 5.788874626160e+00 4.693445205688e+00 3.025146245956e+00 3.837985515594e+00 3.550661325455e+00 2.030277490616e+00 1.703373432159e+00 1.608911275864e+00 1.506532073021e+00 1.400379896164e+00 1.303710103035e+00 1.339696288109e+00 1.384575009346e+00 1.257744312286e+00
1.927909088135e+01 2.511979103088e+01 1.516841888428e+01 2.600234222412e+01 9.642147064209e+00 1.306974983215e+01 1.121488761902e+01 1.196232795715e+01 1.674459266663e+01 1.388514137268e+01 1.601355361938e+01 9.187100410461e+00 9.773266792297e+00 1.018130302429e+01 9.118286132812e+00 7.197461128235e+00 1.860435676575e+01 1.055496788025e+01 1.099268054962e+01 7.617983341217e+00 4.133391857147e+00 4.572720527649e+00 5.811321258545e+00 5.271416664124e+00 4.794231414795e+00 4.590816974640e+00 7.221842765808e+00 4.933842182159e+00 6.218489646912e+00 6.134320735931e+00 4.864675521851e+00 3.875434160233e+00 2.905561923981e+00 1.525792241096e+00 1.504703998566e+00 1.579265594482e+00 1.561420440674e+00 1.669135808945e+00 1.639055609703e+00 1.555359959602e+00 1.693902015686e+00 1.968741416931e+00 2.055855751038e+00
3.790921401978e+01 2.515807914734e+01 2.655123710632e+01 2.202713203430e+01 2.004064750671e+01 1.469148540497e+01 1.613158988953e+01 1.425111389160e+01 1.472111892700e+01 1.628257942200e+01 1.882858657837e+01 1.095770359039e+01 9.631180763245e+00 1.033982849121e+01 1.131672286987e+01 1.070407962799e+01 1.435262489319e+01 1.063328170776e+01 1.060446071625e+01 8.466506958008e+00 6.901364326477e+00 8.196843147278e+00 8.253603935242e+00 6.828876018524e+00 4.986178874969e+00 4.257594585419e+00 5.666368484497e+00 6.063687324524e+00 6.427677154541e+00 5.367595672607e+00 3.765104770660e+00 2.400371789932e+00 2.100467443466e+00 2.231667757034e+00 2.637986898422e+00 2.891402482986e+00 3.023441314697e+00 3.009106874466e+00 2.855853319168e+00 2.612835407257e+00 2.376665353775e+00 2.387434720993e+00 2.113340616226e+00
