100/SI/f157_max.grd
DSAA
101	101
32.816463539100	34.260883539100
35.556306596100	36.727886596100
1.906907767989e-03	3.124819335938e+02
[rows 38 to 56 of 101, columns 43 to 85 of 101]
1.910688781738e+01 2.967476654053e+01 3.171849632263e+01 1.880514144897e+01 3.153819847107e+01 1.547513961792e+01 1.589864444733e+01 2.136510848999e+01 1.831379318237e+01 1.469249725342e+01 2.164399528503e+01 1.122708225250e+01 1.233462429047e+01 1.044060993195e+01 1.621838951111e+01 1.180448532104e+01 1.279913616180e+01 7.266739845276e+00 9.901443481445e+00 1.503299427032e+01 1.532320880890e+01 1.174596214294e+01 8.102385520935e+00 6.416492938995e+00 5.522328376770e+00 4.989083290100e+00 4.629007339478e+00 4.737604618073e+00 4.211615085602e+00 3.161290884018e+00 3.140725374222e+00 3.718583106995e+00 4.250360488892e+00 4.371119499207e+00 4.433316230774e+00 4.443007469177e+00 4.376024723053e+00 4.042420864105e+00 3.590563535690e+00 3.201082229614e+00 2.885311126709e+00 2.896815538406e+00 2.449876070023e+00
1.901436042786e+01 3.935682296753e+01 2.540010833740e+01 3.545274353027e+01 2.552091979980e+01 3.606098556519e+01 3.032239913940e+01 1.875817298889e+01 1.904947471619e+01 1.528325843811e+01 2.456457901001e+01 1.586898136139e+01 1.031055927277e+01 1.183851528168e+01 2.153228759766e+01 1.285081768036e+01 1.468886566162e+01 2.295848846436e+01 2.058605194092e+01 1.395461273193e+01 9.427062034607e+00 6.409669399261e+00 5.843774795532e+00 5.282525539398e+00 5.318141937256e+00 5.081761360168e+00 4.453787803650e+00 3.884163141251e+00 3.504168748856e+00 3.503170013428e+00 3.846428394318e+00 3.613209247589e+00 2.965441942215e+00 2.508810043335e+00 2.424600601196e+00 2.091750144958e+00 2.240679502487e+00 2.461931228638e+00 2.709261178970e+00 2.999366521835e+00 3.248416185379e+00 4.263289451599e+00 4.397393703461e+00
2.799601554871e+01 1.958367538452e+01 3.464426803589e+01 2.745087242126e+01 2.918562889099e+01 3.800693511963e+01 2.314993095398e+01 2.104728889465e+01 1.503977298737e+01 1.561534690857e+01 2.627923774719e+01 1.420957374573e+01 1.459185981750e+01 1.431732940674e+01 1.745914077759e+01 2.820652389526e+01 1.924812316895e+01 9.985245704651e+00 9.324344635010e+00 6.184856891632e+00 4.699121475220e+00 6.772883892059e+00 8.893320083618e+00 8.013570785522e+00 5.771030426025e+00 5.030267715454e+00 4.917083263397e+00 4.533065795898e+00 3.915213584900e+00 3.639808893204e+00 3.423788785934e+00 3.469538927078e+00 3.319458246231e+00 3.086390733719e+00 3.009857416153e+00 3.163758039474e+00 3.121485233307e+00 2.833966016769e+00 3.764296054840e+00 5.131951332092e+00 4.216897487640e+00 3.156207799911e+00 2.730616569519e+00
3.103894996643e+01 2.847195625305e+01 4.515820312500e+01 3.774194717407e+01 3.566808700562e+01 3.931878280640e+01 3.702563095093e+01 2.042386817932e+01 2.301865005493e+01 2.186961555481e+01 2.586546897888e+01 2.018592643738e+01 1.879608535767e+01 3.195338249207e+01 2.060137367249e+01 1.527974605560e+01 1.297560787201e+01 1.050839424133e+01 7.736678600311e+00 1.252081871033e+01 1.348411273956e+01 7.081870555878e+00 1.115429878235e+01 8.473233222961e+00 7.625907421112e+00 6.725055694580e+00 5.939340114594e+00 5.311123371124e+00 4.784045696259e+00 4.607582569122e+00 8.623085975647e+00 3.664006233215e+00 3.482597112656e+00 3.296757936478e+00 4.172190189362e+00 5.209582805634e+00 4.768058776855e+00 5.455016136169e+00 4.642020702362e+00 5.090562820435e+00 5.136641502380e+00 5.024316310883e+00 4.613624095917e+00
2.959666824341e+01 4.098259353638e+01 3.537969589233e+01 3.518555831909e+01 3.263293838501e+01 4.124676513672e+01 6.517497253418e+01 2.811786270142e+01 3.281077957153e+01 3.276258850098e+01 2.985672760010e+01 2.994338798523e+01 3.407502365112e+01 1.950400733948e+01 2.109908103943e+01 1.189813041687e+01 1.610581779480e+01 2.153053092957e+01 1.693644905090e+01 1.618983268738e+01 1.683729553223e+01 1.135531997681e+01 7.031345844269e+00 6.823738098145e+00 6.327576160431e+00 5.927630901337e+00 7.232314109802e+00 1.250409889221e+01 1.500776767731e+01 1.331095886230e+01 6.569222450256e+00 4.750759601593e+00 4.509566783905e+00 4.884708881378e+00 6.140756607056e+00 6.296304702759e+00 5.699540615082e+00 5.100553512573e+00 3.800235271454e+00 4.728729248047e+00 5.650346755981e+00 5.640403270721e+00 5.425490379333e+00
3.509259414673e+01 5.096527862549e+01 8.419868469238e+01 5.154694366455e+01 8.312352752686e+01 4.270524597168e+01 1.020638427734e+02 2.931552886963e+01 5.680084228516e+01 4.090900802612e+01 3.579700851440e+01 3.492716598511e+01 1.982528686523e+01 2.419038581848e+01 2.734498596191e+01 2.671504020691e+01 1.653409767151e+01 9.821741104126e+00 2.109045791626e+01 1.823767852783e+01 9.993188858032e+00 9.125006675720e+00 8.637167930603e+00 1.572306060791e+01 1.933254623413e+01 1.708321380615e+01 1.123899269104e+01 8.091214179993e+00 8.794615745544e+00 5.558135986328e+00 4.455524921417e+00 6.684193134308e+00 8.309853553772e+00 7.456004619598e+00 6.576173305511e+00 8.885468482971e+00 1.052523899078e+01 9.411616325378e+00 6.748332023621e+00 4.924553871155e+00 6.154211044312e+00 6.759539127350e+00 7.130185127258e+00
4.332353210449e+01 5.455207824707e+01 6.427569580078e+01 8.535916137695e+01 7.134515380859e+01 7.231575775146e+01 1.196611480713e+02 4.751182556152e+01 5.519950485229e+01 4.346305084229e+01 4.389614868164e+01 2.535773468018e+01 2.741424751282e+01 3.423135375977e+01 2.671126174927e+01 1.910491180420e+01 2.756192588806e+01 2.559140586853e+01 2.026541900635e+01 2.564260673523e+01 2.595946311951e+01 2.251161956787e+01 1.610779571533e+01 8.802029609680e+00 9.665228843689e+00 8.719721794128e+00 6.925185680389e+00 7.147718429565e+00 7.709446430206e+00 8.285062789917e+00 8.067006111145e+00 6.882648468018e+00 6.611414909363e+00 5.548335552216e+00 1.012967872620e+01 1.237725067139e+01 1.160409736633e+01 8.547489166260e+00 5.178405761719e+00 3.175709724426e+00 4.418461322784e+00 5.070372581482e+00 4.665964603424e+00
4.099273681641e+01 6.020884323120e+01 7.146138000488e+01 6.816114044189e+01 1.013927459717e+02 7.575149536133e+01 1.218119812012e+02 6.720122528076e+01 5.749127197266e+01 6.377683639526e+01 4.882930374146e+01 3.211809158325e+01 3.190263748169e+01 3.411648941040e+01 1.968270111084e+01 2.917215728760e+01 3.763718032837e+01 2.591468811035e+01 1.542014694214e+01 1.526889133453e+01 1.347084903717e+01 1.043264579773e+01 1.005473613739e+01 1.112930393219e+01 1.113260364532e+01 9.832534790039e+00 8.513301849365e+00 8.309768676758e+00 6.923072814941e+00 7.615845203400e+00 7.290419101715e+00 6.649160385132e+00 4.616609096527e+00 8.453863143921e+00 1.008434391022e+01 9.560686111450e+00 6.677926540375e+00 3.596730232239e+00 4.948677062988e+00 4.655807018280e+00 3.484609365463e+00 3.320494413376e+00 3.589241981506e+00
6.074653244019e+01 8.505381011963e+01 8.678887176514e+01 9.461752319336e+01 1.028507385254e+02 1.293103332520e+02 1.219032669067e+02 2.374458923340e+02 8.744200134277e+01 5.539812469482e+01 5.148057556152e+01 4.587621688843e+01 3.902805709839e+01 5.944406127930e+01 5.198164367676e+01 3.032464790344e+01 2.807917404175e+01 2.915184211731e+01 2.134263992310e+01 1.887228202820e+01 1.869826889038e+01 1.778638648987e+01 1.905591583252e+01 1.420773124695e+01 1.827408981323e+01 1.616741561890e+01 1.016230106354e+01 9.253055572510e+00 9.372759819031e+00 8.748970985413e+00 7.470412254333e+00 7.218483924866e+00 7.530158996582e+00 8.666054725647e+00 8.057163238525e+00 6.183258533478e+00 4.718871593475e+00 4.274155616760e+00 4.166300296783e+00 4.121319770813e+00 4.029335975647e+00 3.881832361221e+00 3.736684799194e+00
3.849277877808e+01 1.125068054199e+02 7.770167541504e+01 9.706552124023e+01 1.534125671387e+02 1.227737655640e+02 1.459761047363e+02 1.733679046631e+02 8.541052246094e+01 8.075298309326e+01 1.024853897095e+02 6.530856323242e+01 8.104056549072e+01 6.295758438110e+01 5.271868896484e+01 4.599366378784e+01 3.910457992554e+01 3.384244155884e+01 2.986723518372e+01 4.193828201294e+01 4.903575897217e+01 2.045906257629e+01 1.334179115295e+01 1.350154972076e+01 1.896389007568e+01 1.193150424957e+01 1.031283473969e+01 9.803993225098e+00 9.051161766052e+00 8.612608909607e+00 8.271434783936e+00 8.556502342224e+00 9.055191993713e+00 7.741908073425e+00 5.925652027130e+00 5.529631137848e+00 5.237865447998e+00 4.298319816589e+00 4.252835750580e+00 4.258532047272e+00 3.929672956467e+00 4.026400089264e+00 4.229244709015e+00
1.038887100220e+02 1.215182571411e+02 1.389682006836e+02 1.465340881348e+02 1.696574401855e+02 2.349894714355e+02 3.124819335938e+02 1.445490264893e+02 1.165111541748e+02 8.118468475342e+01 1.155033493042e+02 1.150181121826e+02 4.353260803223e+01 6.952832031250e+01 7.626728820801e+01 3.782668685913e+01 3.496686935425e+01 3.706678009033e+01 4.089337921143e+01 4.818001556396e+01 3.715987777710e+01 1.580477046967e+01 1.791365242004e+01 1.471425437927e+01 1.374449348450e+01 1.176279163361e+01 1.143724346161e+01 1.135022735596e+01 9.431379318237e+00 6.547074794769e+00 5.857117176056e+00 6.418822765350e+00 6.814295768738e+00 7.001763820648e+00 6.868241310120e+00 6.577675342560e+00 5.864280700684e+00 6.013140201569e+00 6.703875541687e+00 6.865680694580e+00 6.147657394409e+00 5.335552692413e+00 4.656416416168e+00
6.942654418945e+01 1.236799850464e+02 1.276932601929e+02 1.618787841797e+02 1.601309051514e+02 1.585000762939e+02 1.555145568848e+02 1.289371032715e+02 9.025305938721e+01 1.029496459961e+02 9.872940826416e+01 1.036220550537e+02 1.254263610840e+02 5.501302337646e+01 4.659179687500e+01 2.894285011292e+01 2.637334823608e+01 1.865477752686e+01 1.717971420288e+01 1.464902973175e+01 1.257830524445e+01 1.425014686584e+01 1.756594848633e+01 2.021390533447e+01 2.069076156616e+01 1.816123962402e+01 1.452727699280e+01 1.006249237061e+01 6.982161045074e+00 5.756960868835e+00 4.678845882416e+00 5.280769348145e+00 6.868460178375e+00 4.600885868073e+00 5.202071666718e+00 5.684018611908e+00 4.541779041290e+00 5.555231094360e+00 6.566401958466e+00 6.958160877228e+00 7.897490501404e+00 9.922122955322e+00 1.126572990417e+01
2.725291442871e+01 3.722595596313e+01 5.867510223389e+01 2.774165954590e+02 1.528090057373e+02 1.457568817139e+02 8.141521453857e+01 8.356607055664e+01 7.728054809570e+01 1.230468368530e+02 1.145339279175e+02 1.622056732178e+02 2.352716522217e+02 1.729205932617e+02 1.127128372192e+02 5.191272735596e+01 2.442732620239e+01 1.741251564026e+01 1.588130950928e+01 2.127170562744e+01 2.768511390686e+01 2.563613319397e+01 1.892223930359e+01 1.216173267365e+01 1.337868404388e+01 1.265877151489e+01 1.810338401794e+01 2.698051452637e+01 1.251107788086e+01 6.583245754242e+00 6.092036724091e+00 1.000588989258e+01 6.554679870605e+00 4.104359149933e+00 3.603065729141e+00 3.736399650574e+00 3.755254268646e+00 3.865445852280e+00 3.935365200043e+00 3.933341979980e+00 3.940057516098e+00 4.359782218933e+00 3.804893493652e+00
4.941456794739e+00 1.230864048004e+01 2.963934707642e+01 3.955331802368e+01 4.033521270752e+01 3.942729568481e+01 3.074293327332e+01 4.196039199829e+01 4.189210128784e+01 6.675003814697e+01 1.354700622559e+02 1.529113464355e+02 2.103566131592e+02 1.221563110352e+02 8.725563812256e+01 4.935999679565e+01 2.253108215332e+01 1.181089687347e+01 1.249816608429e+01 2.752499961853e+01 8.765890502930e+01 3.658300399780e+01 3.128513145447e+01 2.336646842957e+01 2.381831550598e+01 2.045548820496e+01 2.203859519958e+01 1.544319057465e+01 7.642639636993e+00 1.008342647552e+01 8.500503540039e+00 8.588077545166e+00 5.220924854279e+00 4.734920501709e+00 3.302624464035e+00 3.024060964584e+00 3.134885072708e+00 3.131619453430e+00 3.382270574570e+00 3.129755735397e+00 4.073926925659e+00 4.785471916199e+00 4.628670215607e+00
3.447387456894e+00 6.416676044464e+00 1.866478157043e+01 1.083103942871e+01 9.609709739685e+00 7.836823463440e+00 1.193833160400e+01 1.965066528320e+01 2.054829406738e+01 2.178933715820e+01 6.172980499268e+01 3.038287658691e+02 2.412557373047e+02 1.088668899536e+02 4.998355865479e+01 1.440047073364e+01 8.651110649109e+00 5.688029289246e+00 7.070503711700e+00 1.807697105408e+01 4.145372390747e+01 7.223768615723e+01 3.618648910522e+01 2.754032135010e+01 2.173299407959e+01 1.631478118896e+01 1.729348373413e+01 1.615919876099e+01 1.418259620667e+01 1.278558063507e+01 1.558383274078e+01 6.668259143829e+00 6.187278747559e+00 4.997378826141e+00 5.107187271118e+00 4.760012149811e+00 3.985785961151e+00 3.405667781830e+00 3.896084785461e+00 4.497601985931e+00 5.268984794617e+00 5.187542438507e+00 4.424347877502e+00
2.318096876144e+00 9.538978576660e+00 2.240743064880e+01 1.647664642334e+01 4.086962223053e+00 4.798888206482e+00 4.592779159546e+00 9.285002708435e+00 1.013614177704e+01 1.636760711670e+01 3.162488365173e+01 8.307131195068e+01 1.781051483154e+02 1.220204391479e+02 1.652413024902e+02 3.984915161133e+01 4.897847175598e+00 3.088260412216e+00 4.866620540619e+00 1.610668945312e+01 4.932661437988e+01 7.721305847168e+01 5.891306304932e+01 4.011389923096e+01 2.788382148743e+01 1.755582618713e+01 1.991214561462e+01 1.475542831421e+01 1.425574588776e+01 1.418776702881e+01 1.179022312164e+01 9.402127265930e+00 6.621113777161e+00 7.058550834656e+00 6.334802150726e+00 5.046073913574e+00 4.483773708344e+00 4.159053802490e+00 3.857391834259e+00 4.504678726196e+00 4.942626953125e+00 4.807213306427e+00 4.259672164917e+00
1.978617668152e+00 4.870564460754e+00 3.309615707397e+01 3.978322219849e+01 2.076250457764e+01 3.233936309814e+00 2.460751295090e+00 4.626298904419e+00 4.623612403870e+00 3.756428003311e+00 3.176840305328e+00 1.336026000977e+01 6.026239776611e+01 3.478660964966e+01 2.012468109131e+02 2.428738212585e+01 1.369836521149e+01 5.168951988220e+00 4.321888923645e+00 1.399865531921e+01 2.746154212952e+01 2.431398620605e+02 7.521582031250e+01 3.278432464600e+01 3.321324157715e+01 1.753300476074e+01 1.881661605835e+01 1.598876953125e+01 2.294830131531e+01 1.763297080994e+01 1.011675262451e+01 1.003927707672e+01 9.366323471069e+00 8.920406341553e+00 8.759616851807e+00 6.983957767487e+00 6.889945507050e+00 7.625515937805e+00 4.927390098572e+00 3.776828050613e+00 3.727774620056e+00 3.683233499527e+00 4.263682842255e+00
1.268779754639e+00 2.191287994385e+00 2.728914499283e+00 1.545516109467e+01 9.513317108154e+00 2.304561853409e+00 1.962071537971e+00 2.302660703659e+00 2.158438205719e+00 2.073776960373e+00 1.501920223236e+00 1.679092526436e+00 5.146477222443e+00 3.192351150513e+01 9.109785461426e+01 2.230933761597e+01 1.861210632324e+01 8.764733314514e+00 5.115024566650e+00 1.004226875305e+01 1.170528507233e+01 1.602063560486e+01 1.462078380585e+01 1.105429935455e+01 1.628995513916e+01 2.711547470093e+01 2.373444366455e+01 2.368659782410e+01 1.526437854767e+01 1.998563194275e+01 2.084866333008e+01 1.817069053650e+01 1.110196018219e+01 9.200634956360e+00 8.814831733704e+00 7.695527076721e+00 6.576674461365e+00 6.680282115936e+00 6.473457336426e+00 4.284971714020e+00 3.528303861618e+00 3.636285305023e+00 3.930153846741e+00
1.392251610756e+00 2.227629661560e+00 1.465214014053e+00 1.648355603218e+00 1.673959612846e+00 1.968972563744e+00 1.816065430641e+00 1.704373478889e+00 1.575320720673e+00 1.196182608604e+00 8.373553752899e-01 7.110369801521e-01 1.185755848885e+00 3.315702819824e+01 5.159846496582e+01 5.314591598511e+01 1.520593643188e+01 1.618903923035e+01 1.419454383850e+01 5.874924659729e+00 6.370615959167e+00 1.196162223816e+01 3.266176605225e+01 3.089451789856e+01 4.027806091309e+01 4.053678512573e+01 3.800635147095e+01 3.591439437866e+01 3.404776763916e+01 3.249293899536e+01 3.459706878662e+01 4.238645172119e+01 3.623302841187e+01 1.483276844025e+01 6.046750545502e+00 7.104748725891e+00 7.778509616852e+00 5.373406887054e+00 5.316418647766e+00 3.759330272675e+00 3.704615116119e+00 2.737435102463e+00 3.080740690231e+00
