100/SI/f159.grd
DSAA
101	101
32.816463539100	34.260883539100
35.556306596100	36.727886596100
5.795050412416e-03	1.669893646240e+02
[rows 0 to 18 of 101, columns 43 to 85 of 101]
5.136831849813e-02 4.903558641672e-02 5.725478380919e-02 4.609123244882e-02 4.029221087694e-02 2.952183969319e-02 3.575148805976e-02 5.844243615866e-02 3.893091902137e-02 4.505367949605e-02 3.721922263503e-02 4.365294054151e-02 5.623257532716e-02 4.910085350275e-02 2.748413942754e-02 4.894501715899e-02 3.781010583043e-02 5.265650898218e-02 7.557775825262e-02 1.036828979850e-01 1.288633793592e-01 1.422975361347e-01 1.401005238295e-01 2.108481675386e-01 2.114054411650e-01 1.417435705662e-01 8.293602615595e-02 5.628750473261e-02 3.989561647177e-02 4.632839560509e-02 5.511560663581e-02 2.789083868265e-02 2.629051543772e-02 2.637017704546e-02 2.914497256279e-02 2.826776355505e-02 2.334134653211e-02 1.926659792662e-02 1.675746217370e-02 1.491287536919e-02 1.442037336528e-02 1.187159866095e-02 9.951130487025e-03
9.930783510208e-02 8.874945342541e-02 1.122894212604e-01 1.008942276239e-01 7.666253298521e-02 5.375317484140e-02 6.787647306919e-02 1.132942959666e-01 9.048251062632e-02 9.006755053997e-02 6.869253516197e-02 8.090083301067e-02 1.008865535259e-01 8.900947868824e-02 5.722604691982e-02 1.016962379217e-01 7.837858051062e-02 9.911277145147e-02 1.434579342604e-01 1.974066495895e-01 2.392181605101e-01 2.577072381973e-01 2.533101737499e-01 3.690839111805e-01 3.594780564308e-01 2.352467477322e-01 1.505329310894e-01 1.038047373295e-01 7.424673438072e-02 8.962280303240e-02 9.819913655519e-02 5.526361614466e-02 5.086074396968e-02 4.856447502971e-02 5.643086880445e-02 4.743240401149e-02 3.836828470230e-02 3.329316154122e-02 2.934801764786e-02 2.607798948884e-02 2.758283168077e-02 1.973566040397e-02 1.724416017532e-02
1.305806040764e-01 1.088702380657e-01 1.251937896013e-01 1.249193027616e-01 1.028783023357e-01 7.242814451456e-02 7.673589885235e-02 1.362182796001e-01 1.579218953848e-01 1.600949168205e-01 1.021422743797e-01 9.144578874111e-02 1.369486600161e-01 1.221340373158e-01 6.764555722475e-02 1.243136674166e-01 9.765473753214e-02 1.260634958744e-01 1.825548708439e-01 2.462198138237e-01 2.882462441921e-01 3.067885041237e-01 3.246548473835e-01 4.613685905933e-01 4.371778964996e-01 2.780210375786e-01 1.873203516006e-01 1.334629505873e-01 8.531662821770e-02 1.049581468105e-01 1.008457690477e-01 6.811758875847e-02 5.922994762659e-02 5.278291925788e-02 6.303670257330e-02 6.040818989277e-02 4.785292968154e-02 3.680370002985e-02 3.247777745128e-02 2.994623780251e-02 3.154793381691e-02 2.122665755451e-02 1.900676451623e-02
1.478155553341e-01 1.382706016302e-01 1.118631139398e-01 1.232493445277e-01 1.113181784749e-01 8.616475760937e-02 9.500028192997e-02 1.584278047085e-01 2.235536128283e-01 2.322784513235e-01 1.547799855471e-01 1.011699438095e-01 1.634246408939e-01 1.480432450771e-01 7.103198766708e-02 1.398906856775e-01 1.122413724661e-01 1.485464721918e-01 2.117586135864e-01 2.719799876213e-01 3.037370145321e-01 3.186694681644e-01 3.706168830395e-01 5.070018172264e-01 4.603072404861e-01 2.802726030350e-01 2.010169327259e-01 1.508706361055e-01 9.932357072830e-02 1.088720485568e-01 8.925078064203e-02 7.208145409822e-02 5.970280244946e-02 5.869716405869e-02 6.962376087904e-02 6.702793389559e-02 5.181511119008e-02 3.604365512729e-02 3.433098644018e-02 3.312795236707e-02 3.324161097407e-02 2.173093520105e-02 1.849897392094e-02
1.546072363853e-01 1.656868159771e-01 1.291795521975e-01 1.041964665055e-01 1.043820232153e-01 1.087816655636e-01 1.133298128843e-01 1.947090923786e-01 2.841799557209e-01 3.071376085281e-01 2.161575257778e-01 1.097408384085e-01 1.850504875183e-01 1.710753738880e-01 8.198214322329e-02 1.534985154867e-01 1.244571208954e-01 1.767520606518e-01 2.402956634760e-01 2.886452078819e-01 3.078790903091e-01 3.196971714497e-01 4.114057421684e-01 5.354135632515e-01 4.596929550171e-01 2.652681469917e-01 2.053866088390e-01 1.598405241966e-01 1.070452705026e-01 1.075944304466e-01 8.036600798368e-02 7.467220723629e-02 6.168195977807e-02 6.960554420948e-02 7.471191138029e-02 7.022362202406e-02 5.276704207063e-02 3.646615520120e-02 3.677029162645e-02 3.580436855555e-02 3.468945249915e-02 2.411171980202e-02 1.829062215984e-02
1.494802236557e-01 1.759961396456e-01 1.482487767935e-01 1.216529458761e-01 1.085025668144e-01 1.319677233696e-01 1.229482144117e-01 2.211646139622e-01 3.379691839218e-01 3.816018104553e-01 2.808253169060e-01 1.333749741316e-01 2.063668817282e-01 1.951674968004e-01 9.376893937588e-02 1.649272739887e-01 1.509313881397e-01 2.068321555853e-01 2.642344832420e-01 2.961210608482e-01 3.036251068115e-01 3.151910007000e-01 4.517030715942e-01 5.553921461105e-01 4.472383260727e-01 2.444110810757e-01 2.073576748371e-01 1.612975895405e-01 1.089764758945e-01 9.963764250278e-02 8.070242404938e-02 7.678042352200e-02 6.422288715839e-02 7.788179069757e-02 7.819812744856e-02 7.118265330791e-02 5.186319351196e-02 3.715148195624e-02 3.920456767082e-02 3.790674731135e-02 3.564110398293e-02 2.647134847939e-02 1.926636882126e-02
1.350772380829e-01 1.687965840101e-01 1.603039652109e-01 1.445063501596e-01 1.094770729542e-01 1.534408032894e-01 1.212117448449e-01 2.339467406273e-01 3.753874599934e-01 4.389362931252e-01 3.401776850224e-01 1.787959337234e-01 2.291414290667e-01 2.230746597052e-01 1.084656268358e-01 1.761324703693e-01 1.808545291424e-01 2.325322180986e-01 2.784885764122e-01 2.971131503582e-01 2.997592091560e-01 3.103299140930e-01 4.916090369225e-01 5.687566995621e-01 4.273397922516e-01 2.402827292681e-01 2.067048549652e-01 1.604514718056e-01 1.097924038768e-01 8.606450259686e-02 7.931203395128e-02 7.696807384491e-02 6.445661932230e-02 8.088476210833e-02 8.060951530933e-02 7.029502838850e-02 5.114678293467e-02 3.899063915014e-02 4.080489650369e-02 4.202180728316e-02 3.597493842244e-02 2.831732667983e-02 2.126246318221e-02
1.292795389891e-01 1.615161597729e-01 1.626435220242e-01 1.620018929243e-01 1.347120553255e-01 1.738942265511e-01 1.131956353784e-01 2.265926897526e-01 3.799313604832e-01 4.640150964260e-01 3.873154819012e-01 2.343658208847e-01 2.504608929157e-01 2.536955475807e-01 1.269019246101e-01 1.867166757584e-01 2.086403369904e-01 2.526215314865e-01 2.866287529469e-01 2.955995798111e-01 2.947463989258e-01 3.215346932411e-01 5.313296914101e-01 5.775588154793e-01 4.024609923363e-01 2.274708896875e-01 1.975660771132e-01 1.549312919378e-01 1.070249080658e-01 8.246261626482e-02 7.829663157463e-02 7.747159898281e-02 7.657340914011e-02 7.911017537117e-02 8.205114305019e-02 6.975176930428e-02 4.959156736732e-02 4.048394784331e-02 4.188632965088e-02 4.750659689307e-02 3.724480420351e-02 3.007342852652e-02 2.244091592729e-02
1.448440849781e-01 1.622921675444e-01 1.575655192137e-01 1.717522442341e-01 1.567374318838e-01 1.929084062576e-01 1.053469032049e-01 1.997632682323e-01 3.483403325081e-01 4.534359574318e-01 4.158955812454e-01 2.864701151848e-01 2.686800658703e-01 2.855902314186e-01 1.488595455885e-01 1.972931772470e-01 2.330468147993e-01 2.693940103054e-01 2.923506498337e-01 2.904752194881e-01 2.862627506256e-01 3.575340211391e-01 5.685990452766e-01 5.797153711319e-01 3.717186450958e-01 2.096597850323e-01 1.831779628992e-01 1.439130306244e-01 1.135136559606e-01 8.646859228611e-02 7.756801694632e-02 7.633250206709e-02 8.745554834604e-02 8.951600641012e-02 9.223195165396e-02 6.798583269119e-02 4.706918820739e-02 4.296366497874e-02 4.399011284113e-02 5.263497680426e-02 3.852230682969e-02 3.104208409786e-02 2.336871996522e-02
1.551825851202e-01 1.656231284142e-01 1.510424017906e-01 1.764657944441e-01 1.732299923897e-01 2.080621421337e-01 1.179275438190e-01 1.650409549475e-01 2.983952760696e-01 4.159296154976e-01 4.199612140656e-01 3.280742466450e-01 2.847709953785e-01 3.202483355999e-01 1.763182580471e-01 2.160303443670e-01 2.515872716904e-01 2.814944982529e-01 2.929013967514e-01 2.802401483059e-01 2.700568139553e-01 3.909517526627e-01 5.981912612915e-01 5.695763826370e-01 3.341480493546e-01 1.899966895580e-01 1.644523292780e-01 1.543860435486e-01 1.215118467808e-01 9.007076174021e-02 8.339345455170e-02 8.798004686832e-02 9.113380312920e-02 9.509055316448e-02 1.001406237483e-01 6.459905207157e-02 4.503951221704e-02 4.851399734616e-02 4.832065105438e-02 5.641249194741e-02 3.734411671758e-02 3.026782162488e-02 2.354261092842e-02
1.571499556303e-01 1.716808080673e-01 1.452774256468e-01 1.789091378450e-01 1.863282918930e-01 2.202301770449e-01 1.261786222458e-01 1.370692104101e-01 2.409593462944e-01 3.536867499352e-01 3.904569149017e-01 3.500688672066e-01 2.938888072968e-01 3.553093671799e-01 2.122084796429e-01 2.356708943844e-01 2.642181813717e-01 2.869777679443e-01 2.851621210575e-01 2.636485695839e-01 2.491639703512e-01 4.242264330387e-01 6.188502311707e-01 5.478850007057e-01 2.925655841827e-01 1.683043837547e-01 1.570519059896e-01 1.714054942131e-01 1.271504163742e-01 9.322369843721e-02 9.037024527788e-02 9.449737519026e-02 8.461470901966e-02 8.316846191883e-02 9.524922072887e-02 5.956558138132e-02 5.480075627565e-02 5.699850246310e-02 5.479064583778e-02 5.851380899549e-02 3.451304882765e-02 2.893388085067e-02 2.262896858156e-02
1.526714414358e-01 1.784084886312e-01 1.596208661795e-01 1.806189417839e-01 1.995212733746e-01 2.279623448849e-01 1.327753663063e-01 1.439207941294e-01 1.827982217073e-01 2.774839699268e-01 3.345642685890e-01 3.445636034012e-01 3.149358928204e-01 3.835035562515e-01 2.563530206680e-01 2.512227296829e-01 2.743619084358e-01 2.866777181625e-01 2.710833847523e-01 2.456620633602e-01 2.669089436531e-01 4.550151824951e-01 6.316254734993e-01 5.190040469170e-01 2.505069077015e-01 1.456145197153e-01 1.715588569641e-01 1.848272830248e-01 1.361793279648e-01 9.518967568874e-02 9.556289762259e-02 9.968082606792e-02 7.588996738195e-02 7.985936850309e-02 8.917257934809e-02 5.903599411249e-02 6.719215214252e-02 6.164786964655e-02 6.241478398442e-02 5.843793600798e-02 3.269864618778e-02 2.644778043032e-02 2.286716923118e-02
1.439642310143e-01 1.851761341095e-01 1.791653931141e-01 1.831381917000e-01 2.126149535179e-01 2.344204634428e-01 1.584490537643e-01 1.719899177551e-01 1.704418063164e-01 2.030287832022e-01 2.583747506142e-01 3.060635328293e-01 3.226966857910e-01 3.946847021580e-01 2.984385192394e-01 2.667474448681e-01 2.799263000488e-01 2.777078449726e-01 2.527315616608e-01 2.296708822250e-01 2.942979931831e-01 4.829408228397e-01 6.377169489861e-01 4.848101437092e-01 2.120643109083e-01 1.468649357557e-01 1.795492470264e-01 1.907088160515e-01 1.416584402323e-01 1.085098534822e-01 1.080018356442e-01 8.882190287113e-02 7.622555643320e-02 7.589194923639e-02 8.644550293684e-02 7.524481415749e-02 7.340311259031e-02 5.864491686225e-02 6.785295903683e-02 5.642138049006e-02 3.053176403046e-02 2.792447619140e-02 2.741734497249e-02
1.320827156305e-01 1.921273171902e-01 1.954752206802e-01 1.870962381363e-01 2.259646505117e-01 2.416236102581e-01 1.819270104170e-01 2.060672491789e-01 1.530925631523e-01 1.474686861038e-01 1.833208799362e-01 2.410569041967e-01 3.044334948063e-01 3.833486735821e-01 3.291927874088e-01 2.777855992317e-01 2.758274376392e-01 2.629744112492e-01 2.348315268755e-01 2.528262436390e-01 3.239182233810e-01 5.129064917564e-01 6.383039951324e-01 4.472492039204e-01 1.790318191051e-01 1.514865756035e-01 1.852581650019e-01 1.939786672592e-01 1.416747421026e-01 1.214212775230e-01 1.008512303233e-01 7.782988995314e-02 7.402730733156e-02 6.878286600113e-02 8.821990340948e-02 8.374510705471e-02 6.949138641357e-02 5.512992665172e-02 7.140770554543e-02 5.291304737329e-02 2.968480437994e-02 3.199367597699e-02 2.949734777212e-02
1.370160430670e-01 2.001914381981e-01 2.072163075209e-01 1.997455209494e-01 2.396986037493e-01 2.457684576511e-01 2.029831856489e-01 2.453454583883e-01 1.280334889889e-01 1.452773511410e-01 1.287038028240e-01 2.044717222452e-01 2.471148073673e-01 3.565453290939e-01 3.560371994972e-01 3.061186373234e-01 2.661897540092e-01 2.455260008574e-01 2.603431344032e-01 2.709275186062e-01 3.571271002293e-01 5.390822291374e-01 6.253542304039e-01 4.036521315575e-01 1.557349413633e-01 1.941078901291e-01 2.065261751413e-01 1.953771710396e-01 1.422085314989e-01 1.101778894663e-01 8.833225816488e-02 8.187507092953e-02 7.654344290495e-02 7.376498728991e-02 9.075085818768e-02 8.039249479771e-02 6.443747878075e-02 5.477519705892e-02 7.356547564268e-02 4.802012071013e-02 2.925596572459e-02 3.451262414455e-02 2.973428741097e-02
1.526639908552e-01 2.097678631544e-01 2.124165743589e-01 2.265024930239e-01 2.517475485802e-01 2.470981329679e-01 2.155395746231e-01 2.807453572750e-01 1.296497583389e-01 1.492195874453e-01 1.297366917133e-01 2.194503843784e-01 2.382335662842e-01 3.166677951813e-01 3.437909185886e-01 3.093722760677e-01 2.563176155090e-01 2.582551240921e-01 2.855604290962e-01 2.953631281853e-01 3.893012404442e-01 5.519417524338e-01 5.902074575424e-01 3.520589172840e-01 1.892162561417e-01 2.351653575897e-01 2.131947577000e-01 1.819403320551e-01 1.260258108377e-01 9.984610974789e-02 9.421243518591e-02 9.844274073839e-02 9.444929659367e-02 9.048940986395e-02 9.192481637001e-02 7.281408458948e-02 5.860208347440e-02 6.180073693395e-02 7.426095008850e-02 4.222043603659e-02 2.915045619011e-02 3.660579398274e-02 2.938242815435e-02
1.710782796144e-01 2.199624031782e-01 2.303817570210e-01 2.505091726780e-01 2.628889679909e-01 2.679532170296e-01 2.119119912386e-01 3.085732460022e-01 1.438720673323e-01 1.518065929413e-01 1.513454914093e-01 2.274956405163e-01 2.661412060261e-01 2.691302299500e-01 3.160663545132e-01 2.834032177925e-01 2.523938715458e-01 2.935939431190e-01 3.032530546188e-01 3.255323767662e-01 4.182424545288e-01 5.480895638466e-01 5.400794744492e-01 2.997810542583e-01 2.207495868206e-01 2.203908264637e-01 1.713746637106e-01 1.561482846737e-01 1.121345162392e-01 1.006773039699e-01 1.044766455889e-01 1.138631403446e-01 1.216650232673e-01 1.265141516924e-01 1.216633021832e-01 8.233957737684e-02 5.006451904774e-02 6.745302677155e-02 7.274283468723e-02 4.549495875835e-02 3.229517489672e-02 3.810706362128e-02 2.891423553228e-02
2.223711907864e-01 3.050687611103e-01 3.553917407990e-01 3.082672059536e-01 2.740807533264e-01 2.911576926708e-01 2.115155160427e-01 3.292717933655e-01 1.668344289064e-01 1.524325311184e-01 1.867196559906e-01 2.569955587387e-01 2.980329096317e-01 2.610471248627e-01 2.856829762459e-01 2.871745526791e-01 2.808457612991e-01 3.223338425159e-01 3.138289153576e-01 3.618392944336e-01 4.438897967339e-01 5.295495390892e-01 4.824193418026e-01 2.498634606600e-01 2.018555998802e-01 1.613430976868e-01 1.417343616486e-01 1.329151988029e-01 1.054362803698e-01 9.853148460388e-02 1.228379458189e-01 1.379784345627e-01 1.619930267334e-01 1.814127266407e-01 1.523944586515e-01 8.194872736931e-02 4.904507100582e-02 7.118952274323e-02 6.971707940102e-02 4.712580516934e-02 3.592161461711e-02 3.865829855204e-02 3.379741683602e-02
2.831930220127e-01 4.002091884613e-01 4.878053069115e-01 4.566783607006e-01 2.849415540695e-01 3.169597089291e-01 2.197997868061e-01 3.502771556377e-01 2.088075280190e-01 1.734640896320e-01 2.284414023161e-01 2.883652150631e-01 3.837182819843e-01 3.066120147705e-01 2.578648626804e-01 2.920102477074e-01 3.229677975178e-01 3.417651355267e-01 3.537807464600e-01 3.928809463978e-01 4.514024257660e-01 4.912819564342e-01 4.137241244316e-01 1.998183727264e-01 1.499147862196e-01 1.662825345993e-01 1.342514753342e-01 1.143827959895e-01 9.916113317013e-02 1.150213256478e-01 1.362394988537e-01 1.898846179247e-01 2.364854812622e-01 2.335757017136e-01 1.593906879425e-01 7.105225324631e-02 5.378889292479e-02 8.531221002340e-02 7.105529308319e-02 4.426029697061e-02 4.006093367934e-02 3.815862536430e-02 3.850843384862e-02
