100/SI/f159.grd
DSAA
101	101
32.816463539100	34.260883539100
35.556306596100	36.727886596100
5.795050412416e-03	1.669893646240e+02
[rows 57 to 75 of 101, columns 0 to 42 of 101]
8.495001494884e-02 1.495912522078e-01 1.985689997673e-01 2.201067209244e-01 1.857605129480e-01 2.030847668648e-01 2.094535380602e-01 2.321005314589e-01 2.556506693363e-01 2.743421792984e-01 2.789229750633e-01 2.728179693222e-01 2.782038450241e-01 2.785449624062e-01 4.124712646008e-01 4.935815334320e-01 2.915913164616e-01 3.031759560108e-01 3.846558630466e-01 5.151147842407e-01 6.485775709152e-01 1.099828243256e+00 8.049103021622e-01 5.227847099304e-01 4.542824029922e-01 4.492010772228e-01 6.358489394188e-01 1.207488894463e+00 1.259647011757e+00 7.845330238342e-01 6.174619197845e-01 3.847053050995e-01 3.092925846577e-01 3.999170362949e-01 5.873852372169e-01 6.980019211769e-01 6.708911657333e-01 6.533205509186e-01 8.707298040390e-01 1.102203369141e+00 1.480219244957e+00 1.781111836433e+00 1.966735839844e+00
1.081422269344e-01 2.407983690500e-01 3.159836828709e-01 1.939631253481e-01 1.779349595308e-01 1.588989645243e-01 1.488873362541e-01 1.471511870623e-01 1.638935506344e-01 1.846852153540e-01 4.280870556831e-01 5.082234740257e-01 2.268756926060e-01 2.154589146376e-01 2.317136228085e-01 3.647388815880e-01 2.302681654692e-01 2.530426084995e-01 3.293977975845e-01 4.640623033047e-01 7.173966169357e-01 8.972854614258e-01 6.444627642632e-01 3.726205825806e-01 2.780319154263e-01 3.717839717865e-01 5.980922579765e-01 1.537141203880e+00 1.287966251373e+00 7.967994809151e-01 6.231520771980e-01 5.375003814697e-01 3.213861882687e-01 3.916019201279e-01 5.322922468185e-01 5.692165493965e-01 5.085350275040e-01 5.702784657478e-01 6.909208893776e-01 1.479457974434e+00 2.003908872604e+00 2.299195289612e+00 2.524206876755e+00
7.839300483465e-02 2.201663702726e-01 2.909167110920e-01 1.745204329491e-01 1.742728948593e-01 2.247445732355e-01 2.990555465221e-01 4.409996271133e-01 8.222714066505e-01 1.187958478928e+00 3.349290490150e-01 2.133544832468e-01 2.044082134962e-01 1.986761689186e-01 1.902589499950e-01 1.559827029705e-01 1.757963597775e-01 1.961779147387e-01 2.663357257843e-01 4.158292412758e-01 6.879625320435e-01 7.767021059990e-01 5.554909706116e-01 3.269484639168e-01 3.791865333915e-02 2.602244317532e-01 4.599183201790e-01 1.209389805794e+00 1.071061491966e+00 6.574138998985e-01 5.405067801476e-01 2.935773134232e-01 3.063201606274e-01 3.233160376549e-01 3.025966584682e-01 3.735951483250e-01 4.415091276169e-01 5.247501134872e-01 6.572406888008e-01 1.638558983803e+00 2.117705821991e+00 2.153122425079e+00 2.352414846420e+00
8.600811660290e-02 1.190168410540e-01 2.902806103230e-01 2.403996735811e-01 2.767894566059e-01 3.716179132462e-01 5.479016304016e-01 8.320727348328e-01 8.548557162285e-01 4.035403728485e-01 1.637187749147e-01 1.729683429003e-01 1.778421401978e-01 1.777593642473e-01 1.810887455940e-01 1.568616032600e-01 1.869248151779e-01 1.773832440376e-01 3.938514590263e-01 5.300520658493e-01 4.973966181278e-01 5.520141124725e-01 4.132093191147e-01 1.181801781058e-01 3.713339567184e-02 2.280744910240e-01 3.066391050816e-01 5.292091369629e-01 4.961904883385e-01 2.934731841087e-01 2.828986048698e-01 2.723897695541e-01 3.202952146530e-01 2.898827791214e-01 2.905036211014e-01 3.365722000599e-01 4.319104552269e-01 4.951247274876e-01 6.442552208900e-01 1.617771625519e+00 1.952710032463e+00 1.720228195190e+00 1.861983180046e+00
4.020619392395e-02 6.852758675814e-02 1.833757162094e-01 2.266907840967e-01 2.461684197187e-01 1.257807314396e-01 1.213623136282e-01 1.187497451901e-01 1.158363297582e-01 1.142841577530e-01 1.316288262606e-01 1.403522044420e-01 1.474404782057e-01 1.700738966465e-01 1.902918815613e-01 1.972535699606e-01 1.881216317415e-01 1.659101545811e-01 3.189064860344e-01 4.470140337944e-01 5.173705220222e-01 6.336618959904e-02 2.575766295195e-02 1.748464256525e-01 1.566591858864e-01 1.687567681074e-01 2.015466392040e-01 2.433748692274e-01 2.678126692772e-01 2.708636522293e-01 2.625775635242e-01 2.530761957169e-01 2.579204142094e-01 2.670442759991e-01 3.019454777241e-01 3.209651410580e-01 4.174683392048e-01 4.676400721073e-01 6.176629066467e-01 1.427292943001e+00 1.631730556488e+00 1.305747628212e+00 1.453545689583e+00
3.631115332246e-02 6.155625358224e-02 8.455643802881e-02 1.197150200605e-01 1.743735522032e-01 2.105562090874e-01 1.145163774490e-01 1.133198291063e-01 1.109204962850e-01 1.073262318969e-01 7.081497460604e-02 1.119829416275e-01 1.179384142160e-01 1.186876893044e-01 1.287848204374e-01 1.346174776554e-01 1.215642541647e-01 1.231815218925e-01 1.924711465836e-01 2.299183309078e-01 1.550634801388e-01 1.427361369133e-01 9.534917771816e-02 1.082298308611e-01 1.272557079792e-01 1.344569325447e-01 1.660194993019e-01 2.008552849293e-01 2.268873751163e-01 2.383682280779e-01 2.395865619183e-01 2.387222647667e-01 2.463694661856e-01 2.774336040020e-01 3.241863846779e-01 3.070015013218e-01 3.358987867832e-01 3.755028247833e-01 5.288556814194e-01 1.065407037735e+00 1.206701636314e+00 1.016555666924e+00 1.240893721581e+00
3.690641745925e-02 6.162412092090e-02 8.248855918646e-02 9.597773849964e-02 1.033083200455e-01 1.227389276028e-01 1.093966364861e-01 1.085294485092e-01 1.056124716997e-01 2.547471411526e-02 1.949599571526e-02 5.316862091422e-02 2.612162195146e-02 9.825845807791e-02 9.774109721184e-02 9.496322274208e-02 9.060440957546e-02 9.530859440565e-02 1.105082854629e-01 1.204740479589e-01 1.270342767239e-01 1.186950653791e-01 5.578120425344e-02 2.753606811166e-02 2.366779893637e-01 1.477712243795e-01 1.483330726624e-01 1.579755693674e-01 1.823749840260e-01 2.008591592312e-01 2.131956517696e-01 2.227665334940e-01 2.370789498091e-01 2.924909293652e-01 3.248888850212e-01 2.973794639111e-01 3.099055290222e-01 2.871863543987e-01 4.377954602242e-01 7.158259153366e-01 8.229334354401e-01 7.920522093773e-01 1.082590103149e+00
3.827745839953e-02 6.251687556505e-02 8.127810806036e-02 9.146727621555e-02 7.580865919590e-02 2.062687464058e-02 9.979437291622e-02 1.011285260320e-01 9.050281345844e-02 1.854762434959e-02 4.157488793135e-02 4.625057056546e-02 2.812324464321e-02 3.042372874916e-02 8.929038792849e-02 8.941941708326e-02 9.020563960075e-02 9.482672065496e-02 1.065787896514e-01 9.992881119251e-02 1.225822344422e-01 1.183363348246e-01 5.143015831709e-02 3.631639853120e-02 2.031361311674e-01 1.215724125504e-01 1.580414772034e-01 1.548269242048e-01 1.540274322033e-01 1.707312017679e-01 1.270369887352e-01 2.087859660387e-01 2.273746281862e-01 2.855709195137e-01 2.963263988495e-01 2.891874015331e-01 2.918092012405e-01 3.004563748837e-01 4.579176008701e-01 5.035787224770e-01 5.344191193581e-01 5.693469643593e-01 9.130720496178e-01
3.772265464067e-02 6.043395027518e-02 7.680941373110e-02 8.456621319056e-02 3.834839537740e-02 1.145992986858e-02 3.552170842886e-02 9.101697057486e-02 9.844610840082e-02 1.949642412364e-02 1.517349630594e-01 1.549966633320e-01 7.721006870270e-02 5.639210343361e-02 8.631137758493e-02 9.054645895958e-02 8.934836089611e-02 9.586670994759e-02 1.044770106673e-01 9.183597564697e-02 1.122934743762e-01 1.164128705859e-01 6.146965548396e-02 4.300208017230e-02 8.182121813297e-02 2.047270350158e-02 1.521631032228e-01 1.481586992741e-01 1.445122808218e-01 1.517689526081e-01 1.745043992996e-01 1.964624226093e-01 2.151092141867e-01 2.559036016464e-01 2.500958442688e-01 2.638712525368e-01 2.458701729774e-01 2.845680117607e-01 3.857214748859e-01 3.870297670364e-01 3.898053169250e-01 2.894880175591e-01 6.159938573837e-01
3.526177629828e-02 5.596760660410e-02 7.033995538950e-02 7.685402035713e-02 7.973093539476e-02 8.194088190794e-02 8.251938968897e-02 8.374898135662e-02 1.102812364697e-01 1.547039598227e-01 1.466339081526e-01 1.428101658821e-01 1.545763760805e-01 8.083870261908e-02 8.530057221651e-02 9.393185377121e-02 9.721640497446e-02 9.614707529545e-02 1.022566854954e-01 1.029532328248e-01 9.830757230520e-02 1.120306998491e-01 1.058592721820e-01 6.633477658033e-02 1.080474406481e-01 1.118540987372e-01 1.360469907522e-01 1.314122974873e-01 1.246606558561e-01 1.425181627274e-01 1.644107401371e-01 1.852749288082e-01 4.429732635617e-02 1.525070369244e-01 2.135853469372e-01 2.212044298649e-01 2.547153234482e-01 2.893705368042e-01 3.281020820141e-01 3.396011292934e-01 1.963748931885e-01 1.314106732607e-01 3.439116775990e-01
3.243498504162e-02 5.137851461768e-02 6.445187330246e-02 7.061958312988e-02 7.332254946232e-02 7.466534525156e-02 7.450934499502e-02 1.317996680737e-01 1.455396711826e-01 1.381368637085e-01 7.155663520098e-02 7.078430056572e-02 1.150105297565e-01 8.139732480049e-02 8.618401736021e-02 7.795628160238e-02 1.060034260154e-01 1.039825677872e-01 1.026325002313e-01 1.048351451755e-01 1.018113344908e-01 1.030964851379e-01 1.046898365021e-01 9.871529042721e-02 1.031912490726e-01 1.155859455466e-01 1.190076023340e-01 1.143053472042e-01 1.194529458880e-01 1.390435993671e-01 1.584565043449e-01 1.753627210855e-01 5.176498740911e-02 1.480096727610e-01 1.795250922441e-01 1.873071044683e-01 2.203796952963e-01 2.454009354115e-01 2.539282441139e-01 2.419916242361e-01 9.224116057158e-02 1.907425522804e-01 2.598904371262e-01
3.004836291075e-02 4.766323044896e-02 6.001938506961e-02 6.613656133413e-02 6.852974742651e-02 6.896986067295e-02 1.204809769988e-01 1.352570652962e-01 1.355800777674e-01 7.703384757042e-02 6.882975250483e-02 6.869001686573e-02 6.966754794121e-02 8.246390521526e-02 8.920688182116e-02 4.215205460787e-02 4.782531037927e-02 1.109517589211e-01 1.090956479311e-01 1.089601442218e-01 1.147416532040e-01 1.194442138076e-01 1.214256510139e-01 1.167600974441e-01 1.000745445490e-01 1.018275246024e-01 1.045439168811e-01 1.031306535006e-01 1.188743859529e-01 1.371601223946e-01 1.548853814602e-01 1.680074334145e-01 1.512750089169e-01 1.594186127186e-01 1.573769599199e-01 1.613436043262e-01 1.678040474653e-01 1.696486920118e-01 1.715649366379e-01 1.665899753571e-01 1.633101701736e-01 2.039117962122e-01 2.251244485378e-01
2.831505797803e-02 4.502695798874e-02 5.690260976553e-02 6.269755214453e-02 3.758854418993e-02 6.428317725658e-02 6.356680393219e-02 1.205314621329e-01 7.987732440233e-02 6.557620316744e-02 6.607753038406e-02 6.555777788162e-02 7.083190977573e-02 6.166381016374e-02 9.195386618376e-02 4.475230351090e-02 4.958986118436e-02 5.581755936146e-02 1.231136918068e-01 1.215481907129e-01 1.287644505501e-01 1.357681006193e-01 8.183216303587e-02 1.289420127869e-01 1.105843335390e-01 9.047617763281e-02 9.884399920702e-02 1.065725758672e-01 1.144651323557e-01 1.316838562489e-01 1.484133154154e-01 1.595802754164e-01 1.238318681717e-01 1.125747337937e-01 9.457044303417e-02 7.078395783901e-02 1.602969914675e-01 1.648426800966e-01 1.571568548679e-01 1.744341105223e-01 1.887041628361e-01 1.761182546616e-01 8.603830635548e-02
2.761746384203e-02 4.383181035519e-02 5.517998710275e-02 6.031038239598e-02 5.092801153660e-02 6.086580827832e-02 6.028814613819e-02 1.009653881192e-01 9.190075099468e-02 6.462899595499e-02 6.737985461950e-02 7.001574337482e-02 7.582741975784e-02 5.177696421742e-02 5.806756392121e-02 6.951720267534e-02 8.858048915863e-02 1.302100270987e-01 1.349970102310e-01 1.333291828632e-01 1.391984522343e-01 6.836625188589e-02 8.564169704914e-02 1.328218728304e-01 1.120992451906e-01 8.377175033092e-02 8.787894994020e-02 9.621831029654e-02 1.034864112735e-01 1.177609860897e-01 1.327677518129e-01 1.429578512907e-01 5.185462161899e-02 9.360713511705e-02 7.765002548695e-02 1.202057823539e-01 1.611707806587e-01 1.690537184477e-01 1.622608155012e-01 1.597321331501e-01 1.863449066877e-01 9.795910865068e-02 3.200539946556e-02
8.198341354728e-03 4.167776554823e-02 5.506124719977e-02 5.957193300128e-02 6.016638502479e-02 6.453865021467e-02 6.821717321873e-02 8.743577450514e-02 6.915435194969e-02 8.420129865408e-02 8.774138987064e-02 9.077734500170e-02 8.674772083759e-02 7.141371816397e-02 8.623782545328e-02 9.055101126432e-02 1.057952269912e-01 1.228318437934e-01 1.362145245075e-01 1.390927135944e-01 1.410371214151e-01 1.368797868490e-01 1.423994749784e-01 1.257303804159e-01 1.029261946678e-01 8.177563548088e-02 8.971949666739e-02 9.633599966764e-02 1.019131392241e-01 1.062238365412e-01 1.074844896793e-01 2.786510065198e-02 4.680993407965e-02 8.808647096157e-02 1.627372354269e-01 1.746584177017e-01 1.745546162128e-01 1.756588220596e-01 1.679743528366e-01 1.508031636477e-01 1.741646975279e-01 1.769086867571e-01 1.657140105963e-01
1.603591255844e-02 1.609507575631e-02 5.570293962955e-02 6.077323481441e-02 6.704375147820e-02 5.358723551035e-02 7.461463660002e-02 7.173624634743e-02 8.052951842546e-02 8.432012796402e-02 8.721236884594e-02 8.970149606466e-02 8.482479304075e-02 6.817136704922e-02 7.548623532057e-02 8.029609173536e-02 9.156543761492e-02 1.051464453340e-01 1.226157024503e-01 1.328131407499e-01 1.334346383810e-01 9.333095699549e-02 1.269079893827e-01 1.117493733764e-01 8.970342576504e-02 8.219142258167e-02 8.867549896240e-02 1.012672036886e-01 9.946089982986e-02 1.005259752274e-01 6.248325482011e-02 3.295158594847e-02 1.143942326307e-01 1.435995399952e-01 9.012294560671e-02 1.787191927433e-01 1.874450594187e-01 1.509873121977e-01 1.713669449091e-01 1.488455682993e-01 1.624462008476e-01 1.623166054487e-01 1.488085538149e-01
2.685671485960e-02 4.085138440132e-02 5.447332933545e-02 6.179237738252e-02 6.790188699961e-02 3.915011510253e-02 7.370918989182e-02 7.486828416586e-02 7.536683231592e-02 7.519731670618e-02 7.456133514643e-02 7.622686773539e-02 7.666695863008e-02 7.472079247236e-02 7.486972212791e-02 4.974946752191e-02 7.616288214922e-02 8.475436270237e-02 9.897074103355e-02 1.136102974415e-01 1.374509036541e-01 1.536280214787e-01 1.415750682354e-01 1.043073460460e-01 8.063431084156e-02 8.641042560339e-02 9.838453680277e-02 1.060348972678e-01 1.050307154655e-01 1.000372245908e-01 9.892446547747e-02 9.722191840410e-02 1.189697384834e-01 1.427535414696e-01 1.400926709175e-01 1.561188250780e-01 1.724992990494e-01 1.727007627487e-01 1.727886795998e-01 1.464817523956e-01 1.579114347696e-01 1.559717655182e-01 1.432497501373e-01
2.603465132415e-02 4.055561870337e-02 4.965083301067e-02 5.688166990876e-02 6.207265704870e-02 3.820859268308e-02 5.055969208479e-02 6.568189710379e-02 6.722690910101e-02 6.971887499094e-02 6.495736539364e-02 6.436081230640e-02 4.575474932790e-02 7.222235947847e-02 6.376372277737e-02 4.374740272760e-02 7.262711226940e-02 7.239128649235e-02 8.871496468782e-02 1.178551837802e-01 1.429561972618e-01 1.553622335196e-01 1.439307034016e-01 1.092144250870e-01 8.280367404222e-02 9.920321404934e-02 1.105149909854e-01 1.119615584612e-01 1.073799431324e-01 1.003575623035e-01 9.782404452562e-02 9.807108342648e-02 1.175878569484e-01 1.373335570097e-01 1.471117585897e-01 1.418747007847e-01 1.552148312330e-01 1.747004538774e-01 1.738782823086e-01 1.589305847883e-01 8.014989644289e-02 1.594106256962e-01 1.461908519268e-01
2.275628782809e-02 3.526443988085e-02 4.753315821290e-02 5.784589797258e-02 4.232820868492e-02 5.610674992204e-02 5.598567053676e-02 7.003186643124e-02 7.420366257429e-02 7.674217224121e-02 7.112740725279e-02 5.882902443409e-02 4.963827505708e-02 7.634916156530e-02 4.835750162601e-02 6.369531154633e-02 7.167603820562e-02 7.132057845592e-02 7.511083781719e-02 8.278123289347e-02 8.991222083569e-02 9.376447647810e-02 9.803742915392e-02 8.452402800322e-02 9.439690411091e-02 1.127352491021e-01 1.136773005128e-01 1.028250679374e-01 9.541489183903e-02 8.887057006359e-02 8.997089415789e-02 9.786146879196e-02 1.145658493042e-01 1.297667026520e-01 1.358565241098e-01 1.308751404285e-01 1.516553163528e-01 1.747533828020e-01 2.013670504093e-01 1.878941059113e-01 1.717022061348e-01 1.670229583979e-01 2.486866414547e-01
