100/SI/f159.grd
DSAA
101	101
32.816463539100	34.260883539100
35.556306596100	36.727886596100
5.795050412416e-03	1.669893646240e+02
[rows 0 to 18 of 101, columns 0 to 42 of 101]
1.174750179052e-02 2.107783406973e-02 1.888377778232e-02 1.564571447670e-02 1.504721120000e-02 3.174304589629e-02 6.313659250736e-02 8.772658556700e-02 7.805904746056e-02 4.620911553502e-02 1.925229094923e-02 1.990246213973e-02 2.041852287948e-02 1.987187005579e-02 1.710382848978e-02 1.438834052533e-02 1.858730614185e-02 2.193861082196e-02 2.726346999407e-02 3.107868880033e-02 3.193151205778e-02 6.094541028142e-02 3.849921375513e-02 3.733054921031e-02 3.921828418970e-02 4.091687873006e-02 6.983440369368e-02 7.973899692297e-02 4.797902703285e-02 4.814542084932e-02 4.745993390679e-02 4.741867631674e-02 4.790276661515e-02 4.500300809741e-02 3.870536759496e-02 4.222963750362e-02 5.102444440126e-02 5.741544812918e-02 6.166215986013e-02 6.311188638210e-02 6.426993757486e-02 6.538523733616e-02 6.171162426472e-02
2.181488275528e-02 4.130369797349e-02 4.090314731002e-02 3.324970602989e-02 3.437883779407e-02 6.146943196654e-02 1.217314451933e-01 1.678042858839e-01 1.476664394140e-01 8.526603877544e-02 3.494429960847e-02 3.476691618562e-02 3.535550087690e-02 3.381361067295e-02 3.017708659172e-02 2.638535387814e-02 2.956316433847e-02 3.930699080229e-02 4.856119304895e-02 5.483873561025e-02 7.549896836281e-02 1.588550359011e-01 8.423485606909e-02 6.438044458628e-02 6.110275164247e-02 7.112708687782e-02 1.172642260790e-01 1.338778138161e-01 8.277138322592e-02 8.118373900652e-02 7.872647047043e-02 8.245625346899e-02 8.451995998621e-02 8.219792693853e-02 7.339388877153e-02 6.599583476782e-02 8.074387162924e-02 9.217298030853e-02 1.010679528117e-01 1.070742085576e-01 1.116958558559e-01 1.153940632939e-01 1.129542887211e-01
2.299506589770e-02 4.430041089654e-02 5.005326867104e-02 4.686432704329e-02 4.913023114204e-02 7.117899507284e-02 1.413098573685e-01 1.913647502661e-01 1.630441099405e-01 8.850769698620e-02 4.136774316430e-02 4.253021255136e-02 4.410406574607e-02 4.188709706068e-02 3.926185891032e-02 3.541810065508e-02 3.634061291814e-02 4.881781339645e-02 6.021333113313e-02 6.684187054634e-02 1.640470474958e-01 2.451872527599e-01 1.081905961037e-01 7.078468799591e-02 7.335455715656e-02 8.860695362091e-02 1.047638431191e-01 1.219204589725e-01 8.740527927876e-02 8.553945273161e-02 9.059137105942e-02 9.598619490862e-02 1.001814305782e-01 1.012076213956e-01 9.545331448317e-02 8.217031508684e-02 8.388767391443e-02 9.719473868608e-02 1.079291999340e-01 1.175919026136e-01 1.272547692060e-01 1.358717530966e-01 1.390563696623e-01
2.739107608795e-02 5.000297352672e-02 5.170343071222e-02 5.259917676449e-02 5.626964196563e-02 7.319804280996e-02 1.483220607042e-01 1.966802328825e-01 1.583296358585e-01 7.637524604797e-02 4.296739399433e-02 5.134257301688e-02 5.934254825115e-02 5.958767235279e-02 5.420355871320e-02 4.679447039962e-02 3.972007334232e-02 5.148795619607e-02 6.247226893902e-02 1.249696835876e-01 2.749270200729e-01 3.117512762547e-01 1.190433278680e-01 7.412688434124e-02 8.111505210400e-02 9.284552931786e-02 8.853065222502e-02 9.499750286341e-02 8.300035446882e-02 8.104835450649e-02 8.803273737431e-02 9.536436945200e-02 1.026734560728e-01 1.082545891404e-01 1.081262752414e-01 9.911878407001e-02 1.077628508210e-01 1.086823195219e-01 9.683099389076e-02 1.068101152778e-01 1.197323650122e-01 1.348899453878e-01 1.466586589813e-01
3.175672516227e-02 5.967253074050e-02 6.206577643752e-02 5.638555809855e-02 5.895156040788e-02 7.437265664339e-02 1.520651280880e-01 1.975330859423e-01 1.493243724108e-01 6.475246697664e-02 5.606668815017e-02 7.020667195320e-02 7.815441489220e-02 7.792142033577e-02 7.188925147057e-02 6.118613854051e-02 5.059903487563e-02 4.966472461820e-02 1.142066568136e-01 2.290903478861e-01 3.819141983986e-01 3.423190712929e-01 1.148438751698e-01 8.121959865093e-02 8.135982602835e-02 9.099338948727e-02 8.139193803072e-02 7.187430560589e-02 9.447786957026e-02 8.930882066488e-02 7.894244790077e-02 8.908075094223e-02 9.937275201082e-02 1.090975627303e-01 1.147183328867e-01 1.165822148323e-01 1.174891293049e-01 9.587415307760e-02 8.241325616837e-02 9.591252356768e-02 1.235190406442e-01 1.223573833704e-01 1.418380290270e-01
3.578842431307e-02 6.886892765760e-02 7.479454576969e-02 6.801908463240e-02 6.006125733256e-02 7.557701319456e-02 1.527566313744e-01 1.923786699772e-01 1.355379670858e-01 5.737565457821e-02 7.351114600897e-02 8.807263523340e-02 9.377612173557e-02 9.108660370111e-02 8.253245055676e-02 6.796877086163e-02 5.558051168919e-02 8.022958785295e-02 1.810537427664e-01 3.256677389145e-01 4.438569247723e-01 3.380234241486e-01 1.230451539159e-01 1.237198784947e-01 9.539967030287e-02 8.755127340555e-02 8.094038814306e-02 1.306905001402e-01 1.965764611959e-01 1.240536049008e-01 8.118369430304e-02 8.532191067934e-02 9.241684526205e-02 1.050363928080e-01 1.240457519889e-01 1.222752481699e-01 1.123355478048e-01 9.469359368086e-02 1.061736866832e-01 1.450129449368e-01 1.665689051151e-01 1.407466977835e-01 1.271758526564e-01
3.748914226890e-02 7.390689849854e-02 8.685944229364e-02 8.404384553432e-02 7.397195696831e-02 7.561463117599e-02 1.512294858694e-01 1.851069331169e-01 1.225488409400e-01 7.035236805677e-02 8.829079568386e-02 1.001989170909e-01 1.018095612526e-01 9.528114646673e-02 8.204142749310e-02 6.544063985348e-02 5.405434221029e-02 1.259778141975e-01 2.430352568626e-01 3.879715502262e-01 4.593973755836e-01 3.088005185127e-01 1.635405123234e-01 1.567802429199e-01 1.119627431035e-01 1.028317958117e-01 9.475728869438e-02 2.373910844326e-01 3.335413038731e-01 1.586271822453e-01 8.679807186127e-02 8.943845331669e-02 1.036018058658e-01 1.230924129486e-01 1.228253170848e-01 1.231984943151e-01 1.219108998775e-01 1.115100309253e-01 1.541906446218e-01 1.912569552660e-01 1.924029588699e-01 1.415772885084e-01 1.110327392817e-01
3.790383413434e-02 7.519266754389e-02 9.440122544765e-02 9.896718710661e-02 9.254094213247e-02 7.862912118435e-02 1.500040590763e-01 1.821539252996e-01 1.149306371808e-01 8.399437367916e-02 9.888989478350e-02 1.056461706758e-01 1.027552187443e-01 9.166569262743e-02 7.390227913857e-02 7.006625086069e-02 7.053424417973e-02 1.653147935867e-01 2.963129580021e-01 4.201235473156e-01 4.510746598244e-01 2.777609527111e-01 1.781667470932e-01 1.722535341978e-01 1.346916556358e-01 9.349464625120e-02 8.465339243412e-02 3.576403856277e-01 4.648036956787e-01 1.868358552456e-01 7.394033670425e-02 9.023216366768e-02 1.108011230826e-01 1.164786145091e-01 1.375184655190e-01 1.223525777459e-01 1.270842105150e-01 1.520402729511e-01 2.006022930145e-01 2.173984348774e-01 1.895118355751e-01 1.194658949971e-01 1.169588267803e-01
3.644352778792e-02 7.245684415102e-02 9.413677453995e-02 1.051953732967e-01 1.070112660527e-01 9.595803171396e-02 1.491619497538e-01 1.815682202578e-01 1.112701296806e-01 9.386502206326e-02 1.043606102467e-01 1.058596894145e-01 9.785227477551e-02 1.084173396230e-01 1.145528554916e-01 1.140365228057e-01 1.086081787944e-01 1.967609673738e-01 3.252086341381e-01 4.130857586861e-01 4.094789624214e-01 2.415340244770e-01 1.824865043163e-01 1.644515395164e-01 1.451000571251e-01 9.996534138918e-02 8.656656742096e-02 4.596923887730e-01 5.411149263382e-01 2.067567110062e-01 9.632549434900e-02 8.616401255131e-02 9.291897714138e-02 1.279731690884e-01 1.510096788406e-01 1.154379099607e-01 1.563981324434e-01 2.046908885241e-01 2.351281940937e-01 2.179026156664e-01 1.599739938974e-01 1.063200309873e-01 1.192737743258e-01
5.029529705644e-02 8.860627561808e-02 8.636602759361e-02 1.010846868157e-01 1.116625070572e-01 1.099865660071e-01 1.501649022102e-01 1.820803284645e-01 1.092923656106e-01 9.877295792103e-02 1.043892428279e-01 1.226610839367e-01 1.415421366692e-01 1.544325053692e-01 1.619430929422e-01 1.646866500378e-01 1.605646312237e-01 2.255064100027e-01 3.328823447227e-01 3.825051486492e-01 3.548863828182e-01 2.064591646194e-01 1.652930080891e-01 1.664654761553e-01 1.397437751293e-01 1.036909967661e-01 1.146228387952e-01 5.201609134674e-01 5.740286111832e-01 2.150505185127e-01 1.088544875383e-01 7.656958699226e-02 8.966668695211e-02 1.270278990269e-01 1.546325534582e-01 1.690079271793e-01 2.181372791529e-01 2.447673231363e-01 2.391103506088e-01 1.876730322838e-01 1.149761378765e-01 9.793791174889e-02 1.207530498505e-01
5.073253437877e-02 1.015842631459e-01 1.050487309694e-01 8.880548924208e-02 1.044849306345e-01 1.143633872271e-01 1.493941396475e-01 1.798969656229e-01 1.062282696366e-01 1.170426756144e-01 1.421050876379e-01 1.659679263830e-01 1.840836256742e-01 1.945481300354e-01 1.998756080866e-01 2.023807466030e-01 2.010306715965e-01 2.535346150398e-01 3.333991467953e-01 3.421057760715e-01 2.939697504044e-01 1.740665882826e-01 1.318669915199e-01 1.563702523708e-01 1.453845500946e-01 1.178952753544e-01 1.491732150316e-01 5.471809506416e-01 5.863083600998e-01 2.113476246595e-01 1.109624430537e-01 8.701380342245e-02 9.898661822081e-02 1.461023390293e-01 1.937130093575e-01 2.345643043518e-01 2.611644864082e-01 2.494138777256e-01 2.065196931362e-01 1.370094567537e-01 1.208749487996e-01 1.006095483899e-01 1.319597512484e-01
4.316733404994e-02 9.082270413637e-02 1.086852774024e-01 1.140991672873e-01 1.017399504781e-01 1.056591048837e-01 1.453632116318e-01 1.739475876093e-01 1.273888796568e-01 1.532344818115e-01 1.777891218662e-01 1.980425119400e-01 2.121972441673e-01 2.206761837006e-01 2.241266220808e-01 2.246148139238e-01 2.232547253370e-01 2.736790478230e-01 3.328813612461e-01 3.240425884724e-01 2.784276008606e-01 2.176655530930e-01 1.589935868979e-01 1.273812502623e-01 1.732981950045e-01 1.654885560274e-01 1.808138638735e-01 5.238845348358e-01 5.181017518044e-01 1.928183138371e-01 1.122649013996e-01 1.323689669371e-01 1.857044547796e-01 2.339669764042e-01 2.647716999054e-01 2.760469615459e-01 2.642107605934e-01 2.125174403191e-01 1.943085938692e-01 2.271540760994e-01 1.336754262447e-01 1.185089200735e-01 1.414476335049e-01
3.102327883244e-02 6.870205700397e-02 9.085482358932e-02 1.074014157057e-01 1.180345863104e-01 1.144207119942e-01 1.382287591696e-01 1.650403439999e-01 1.576153337955e-01 1.823993325233e-01 2.003750354052e-01 2.121060490608e-01 2.193986773491e-01 2.238112688065e-01 2.248700559139e-01 2.246587574482e-01 2.256945073605e-01 2.811971604824e-01 3.392259776592e-01 3.455866873264e-01 2.981009781361e-01 2.424054443836e-01 2.094492763281e-01 1.802177280188e-01 2.337644696236e-01 2.254256457090e-01 1.998108476400e-01 4.555734694004e-01 4.066244661808e-01 1.642642319202e-01 1.977604329586e-01 2.337125688791e-01 2.812140285969e-01 3.046763539314e-01 3.018073439598e-01 2.744991779327e-01 2.194494903088e-01 1.786711066961e-01 1.924010515213e-01 3.054935634136e-01 1.958260685205e-01 1.332415938377e-01 1.493651419878e-01
3.973504900932e-02 7.894377410412e-02 8.775559067726e-02 8.354880660772e-02 1.017135456204e-01 1.162043288350e-01 1.274669468403e-01 1.529517918825e-01 1.752946823835e-01 1.943096071482e-01 2.040512412786e-01 2.074425667524e-01 2.063301205635e-01 2.022319287062e-01 1.977509260178e-01 1.975717693567e-01 2.033931016922e-01 2.721830010414e-01 3.194365203381e-01 3.140798807144e-01 2.817754447460e-01 2.398645728827e-01 2.352682650089e-01 2.190201431513e-01 2.313407957554e-01 2.386930286884e-01 2.102229446173e-01 3.724796772003e-01 2.968792319298e-01 1.980090737343e-01 2.669136822224e-01 3.217178583145e-01 3.435598909855e-01 3.276242613792e-01 2.810875773430e-01 2.159342616796e-01 1.740432232618e-01 1.613616496325e-01 1.469400376081e-01 3.223629891872e-01 2.998854219913e-01 1.466211378574e-01 1.557572335005e-01
4.720305278897e-02 9.491215646267e-02 1.129323616624e-01 1.192328557372e-01 1.110305115581e-01 1.066344678402e-01 1.321872025728e-01 1.573747843504e-01 1.783989816904e-01 1.907022297382e-01 1.935009956360e-01 1.898390054703e-01 1.819982230663e-01 1.713941395283e-01 1.622388660908e-01 1.605170667171e-01 1.672059446573e-01 2.495974302292e-01 2.871930897236e-01 2.563941478729e-01 2.300280630589e-01 2.292962670326e-01 2.288457453251e-01 2.246434241533e-01 2.084003984928e-01 1.977415829897e-01 2.949591577053e-01 3.636817038059e-01 3.684869110584e-01 3.464285135269e-01 3.309392631054e-01 3.670427501202e-01 3.506573736668e-01 3.581568002701e-01 2.091864794493e-01 2.605139017105e-01 1.903302669525e-01 1.580281406641e-01 1.534267663956e-01 2.665180861950e-01 3.971039354801e-01 1.607848554850e-01 1.652687489986e-01
3.715065866709e-02 7.525406777859e-02 9.640192985535e-02 1.153133586049e-01 1.262734681368e-01 1.176109164953e-01 1.340822130442e-01 1.547782719135e-01 1.699936538935e-01 1.769956946373e-01 1.748107373714e-01 1.666700690985e-01 1.559394150972e-01 1.439145952463e-01 1.342469304800e-01 1.311341375113e-01 1.340252906084e-01 2.184550166130e-01 2.503637671471e-01 2.328231930733e-01 1.931606531143e-01 1.935338377953e-01 2.017864435911e-01 2.059441208839e-01 1.999206244946e-01 2.283399552107e-01 4.426324367523e-01 4.864069819450e-01 4.899723529816e-01 4.797055125237e-01 4.545449912548e-01 4.338637590408e-01 4.806687533855e-01 4.789669513702e-01 1.780678629875e-01 3.092651665211e-01 2.160926908255e-01 1.835484653711e-01 1.571604013443e-01 1.877469867468e-01 4.495282769203e-01 2.540459930897e-01 1.905278414488e-01
4.635286331177e-02 8.016090840101e-02 7.921413332224e-02 9.364276379347e-02 1.198706701398e-01 1.313440203667e-01 1.279679834843e-01 1.438402086496e-01 1.533927172422e-01 1.556771844625e-01 2.155081480742e-01 2.045042961836e-01 1.705691367388e-01 1.547592431307e-01 1.337541937828e-01 1.122649535537e-01 1.182262599468e-01 1.848242878914e-01 2.104306370020e-01 2.008465379477e-01 1.719111204147e-01 1.477550119162e-01 1.571079343557e-01 1.659124046564e-01 1.720163673162e-01 3.294899463654e-01 4.892336130142e-01 4.866135418415e-01 4.920141398907e-01 5.176024436951e-01 5.449078083038e-01 5.586054921150e-01 5.970152616501e-01 5.337433218956e-01 1.873852610588e-01 3.481428623199e-01 2.258405089378e-01 1.827347427607e-01 1.375210583210e-01 1.159690991044e-01 4.314572811127e-01 3.826861679554e-01 2.155768722296e-01
5.314133316278e-02 1.038958802819e-01 1.060484498739e-01 9.211006015539e-02 1.046351268888e-01 1.319198459387e-01 1.358204931021e-01 1.272951513529e-01 1.319593042135e-01 1.907181441784e-01 2.786600887775e-01 2.879315018654e-01 1.976652294397e-01 1.938019543886e-01 1.802287846804e-01 1.606233417988e-01 1.364581137896e-01 1.526059806347e-01 1.741131395102e-01 1.647078543901e-01 1.434225738049e-01 1.233300641179e-01 1.450579017401e-01 1.636391580105e-01 1.731392592192e-01 3.486813902855e-01 4.274208247662e-01 4.076766371727e-01 4.094142317772e-01 4.386512339115e-01 5.029064416885e-01 5.785640478134e-01 6.436709761620e-01 5.470194816589e-01 2.095820307732e-01 3.847274482250e-01 2.268375009298e-01 1.652222573757e-01 1.296476870775e-01 1.230926364660e-01 3.479552567005e-01 5.138260722160e-01 2.338222712278e-01
5.251990258694e-02 1.029731258750e-01 1.228281334043e-01 1.260468661785e-01 1.028513461351e-01 1.201032251120e-01 1.434707492590e-01 1.401459574699e-01 1.178333908319e-01 1.899754405022e-01 2.746236324310e-01 3.056911528111e-01 2.179225236177e-01 2.147208303213e-01 2.082670181990e-01 1.977371275425e-01 1.828214973211e-01 1.592517346144e-01 1.543664038181e-01 1.468553841114e-01 1.290485113859e-01 1.314348131418e-01 1.796610355377e-01 1.868010163307e-01 1.668256223202e-01 3.043789863586e-01 3.200730383396e-01 2.955586612225e-01 2.956947982311e-01 3.231947124004e-01 3.869947791100e-01 4.890325963497e-01 6.041026115417e-01 5.389541387558e-01 2.357300221920e-01 3.716886937618e-01 1.987227201462e-01 1.494845896959e-01 1.435368210077e-01 1.506564766169e-01 2.388314157724e-01 5.992881655693e-01 2.428531199694e-01
