100/SI/f159.grd
DSAA
101	101
32.816463539100	34.260883539100
35.556306596100	36.727886596100
5.795050412416e-03	1.669893646240e+02
[rows 19 to 37 of 101, columns 0 to 42 of 101]
4.641762375832e-02 9.455732256174e-02 1.212077140808e-01 1.283230930567e-01 1.423432230949e-01 1.234815195203e-01 1.350280940533e-01 1.532276272774e-01 1.401265412569e-01 1.689801812172e-01 2.423359602690e-01 2.895561158657e-01 2.275169640779e-01 2.245536595583e-01 2.259374856949e-01 2.193647772074e-01 2.091236412525e-01 1.936216503382e-01 1.700202971697e-01 1.478968709707e-01 1.348666101694e-01 2.114893794060e-01 2.435663342476e-01 2.071833461523e-01 1.832211017609e-01 2.566762566566e-01 2.472644448280e-01 2.189455479383e-01 2.118877470493e-01 2.255874425173e-01 2.669849991798e-01 3.425067663193e-01 4.509990811348e-01 4.516929090023e-01 2.548023462296e-01 3.080814778805e-01 2.490795105696e-01 2.035869508982e-01 1.519908159971e-01 1.810519546270e-01 2.618409395218e-01 5.978668332100e-01 2.893328070641e-01
5.021039396524e-02 7.672590017319e-02 1.035708487034e-01 1.135484129190e-01 1.237088069320e-01 1.465228348970e-01 1.352559626102e-01 1.503934562206e-01 1.579385846853e-01 1.468074470758e-01 2.103404402733e-01 2.636708617210e-01 2.279160320759e-01 2.012385427952e-01 2.167152911425e-01 2.233894318342e-01 2.232481688261e-01 2.139603942633e-01 2.148233503103e-01 1.726873219013e-01 1.552896946669e-01 2.959171831608e-01 3.185814917088e-01 2.715517878532e-01 2.601613402367e-01 2.260821610689e-01 2.004895508289e-01 1.711832433939e-01 1.674071848392e-01 1.753828376532e-01 1.933684498072e-01 2.300111353397e-01 2.921928167343e-01 3.214898705482e-01 2.707513868809e-01 2.568664848804e-01 2.789969146252e-01 2.571892142296e-01 2.084953635931e-01 2.112552672625e-01 3.242385089397e-01 5.074537396431e-01 4.230884015560e-01
7.989890128374e-02 1.285999566317e-01 1.094097495079e-01 9.067431092262e-02 8.576850593090e-02 1.124724373221e-01 1.387408971786e-01 1.377757340670e-01 1.623852103949e-01 1.608803421259e-01 1.854899525642e-01 2.392167896032e-01 2.248668074608e-01 1.619866341352e-01 1.838054358959e-01 2.000822275877e-01 2.110787034035e-01 2.149303555489e-01 3.118897080421e-01 2.017478793859e-01 2.019673436880e-01 3.590720891953e-01 3.791416287422e-01 3.498210906982e-01 3.083068728447e-01 2.718176245689e-01 2.008412778378e-01 1.619206666946e-01 1.647497564554e-01 1.530770361423e-01 1.604135334492e-01 1.832452118397e-01 2.214068472385e-01 2.332899272442e-01 2.291401326656e-01 2.309228032827e-01 2.799321115017e-01 2.910180985928e-01 2.647138237953e-01 2.396526336670e-01 3.779534399509e-01 3.655128479004e-01 5.569875240326e-01
1.014552861452e-01 1.824395060539e-01 1.853691935539e-01 1.291097849607e-01 7.516939938068e-02 7.937975972891e-02 9.911833703518e-02 1.272960007191e-01 1.466763466597e-01 1.711342334747e-01 2.158863395452e-01 2.710830867290e-01 3.040174543858e-01 2.625475227833e-01 1.656539291143e-01 1.595257669687e-01 1.772295683622e-01 2.023820579052e-01 3.400573134422e-01 2.280535846949e-01 2.225486636162e-01 3.892756700516e-01 4.116041362286e-01 3.925082981586e-01 3.067173659801e-01 3.101420700550e-01 2.663639783859e-01 2.449194639921e-01 2.504481971264e-01 2.284996509552e-01 2.003960609436e-01 1.833318769932e-01 2.113648056984e-01 2.074320465326e-01 2.148429006338e-01 2.212992161512e-01 2.537901401520e-01 2.910125851631e-01 2.939210534096e-01 2.769444882870e-01 4.211972355843e-01 3.654606044292e-01 6.446850895882e-01
1.017459481955e-01 2.078956216574e-01 2.552961409092e-01 2.196957468987e-01 1.384296715260e-01 1.066034436226e-01 1.165708228946e-01 1.234236061573e-01 1.370560377836e-01 1.608029305935e-01 1.918219923973e-01 2.186194658279e-01 2.236285209656e-01 1.908358633518e-01 1.529009491205e-01 1.601885557175e-01 1.937199383974e-01 2.797448933125e-01 3.698356747627e-01 2.272043973207e-01 2.100112289190e-01 3.920492827892e-01 4.097280502319e-01 3.757329285145e-01 3.019412755966e-01 3.091308176517e-01 3.020281493664e-01 3.309612274170e-01 3.370344340801e-01 3.096583187580e-01 2.821511030197e-01 4.469512701035e-01 4.157336354256e-01 2.818040847778e-01 2.255639135838e-01 2.425447106361e-01 2.825889587402e-01 2.628009319305e-01 2.891479432583e-01 2.978101968765e-01 4.456575512886e-01 3.703871667385e-01 6.580604314804e-01
7.928188890219e-02 1.857306510210e-01 2.773000895977e-01 2.980674207211e-01 2.345655262470e-01 1.419159621000e-01 1.051227524877e-01 1.031470969319e-01 1.066966876388e-01 1.317252516747e-01 1.770465821028e-01 1.860362887383e-01 1.818362325430e-01 1.970726102591e-01 1.989293098450e-01 2.150584906340e-01 2.140401601791e-01 3.201730847359e-01 3.636566996574e-01 2.071412056684e-01 2.415809035301e-01 4.321295022964e-01 3.878187239170e-01 3.193074464798e-01 3.030426204205e-01 2.952719926834e-01 3.500438630581e-01 3.950939476490e-01 3.981899321079e-01 3.657422959805e-01 3.416809439659e-01 5.775750279427e-01 8.570279479027e-01 8.103879094124e-01 7.277508974075e-01 6.879535317421e-01 7.074347734451e-01 3.188335597515e-01 2.591219246387e-01 2.892223596573e-01 4.567082226276e-01 3.577510118484e-01 5.834925770760e-01
7.629449665546e-02 1.447456330061e-01 2.301796674728e-01 3.097218275070e-01 3.081534802914e-01 2.308379560709e-01 1.403030455112e-01 8.952505141497e-02 1.262187063694e-01 1.636782437563e-01 1.960575282574e-01 2.185069322586e-01 2.247309535742e-01 2.305606454611e-01 2.204214483500e-01 2.249285578728e-01 2.519192993641e-01 3.114395439625e-01 3.047507703304e-01 2.166354358196e-01 1.867844462395e-01 3.882911503315e-01 4.892412126064e-01 4.895105957985e-01 4.034063816071e-01 3.333318829536e-01 3.804859519005e-01 4.153002500534e-01 4.254606068134e-01 3.777402341366e-01 3.545664548874e-01 3.729362487793e-01 6.966413259506e-01 7.558050751686e-01 8.260366320610e-01 9.908882379532e-01 1.226364731789e+00 7.429726123810e-01 2.390494197607e-01 3.619886338711e-01 4.496254920959e-01 3.416161537170e-01 4.387955963612e-01
7.210616022348e-02 1.561313271523e-01 1.812278926373e-01 2.458310872316e-01 3.063600659370e-01 2.878441214561e-01 2.159381210804e-01 1.538556069136e-01 2.103893756866e-01 2.452436238527e-01 2.508754432201e-01 2.361330240965e-01 2.079883813858e-01 2.346079647541e-01 2.651301324368e-01 2.764168083668e-01 2.733570337296e-01 2.472509294748e-01 2.078468799591e-01 2.054033428431e-01 2.291846126318e-01 2.279453724623e-01 3.793041408062e-01 6.935528516769e-01 8.347246050835e-01 7.211015224457e-01 5.090828537941e-01 5.396403074265e-01 5.404964685440e-01 4.756145179272e-01 4.399232268333e-01 3.885054588318e-01 5.716949105263e-01 1.026950240135e+00 1.495009899139e+00 1.216353774071e+00 8.308567404747e-01 6.246997714043e-01 3.427174687386e-01 3.615615367889e-01 4.305078983307e-01 3.155490756035e-01 3.727525770664e-01
6.499988585711e-02 1.171142905951e-01 1.192111968994e-01 1.593504548073e-01 2.485209405422e-01 2.698263823986e-01 2.870931327343e-01 2.307006865740e-01 2.699266076088e-01 2.666515707970e-01 2.364428937435e-01 1.998936533928e-01 1.930244266987e-01 2.259498834610e-01 2.908687889576e-01 3.323949873447e-01 3.285879790783e-01 2.932844758034e-01 2.218039482832e-01 2.068255692720e-01 3.563776016235e-01 3.322055339813e-01 2.403461784124e-01 3.998892605305e-01 6.587908864021e-01 8.497635126114e-01 8.130625486374e-01 6.273866891861e-01 5.722544193268e-01 5.837877392769e-01 6.333726048470e-01 7.850393652916e-01 1.048904776573e+00 1.592216610909e+00 1.866841197014e+00 1.249872803688e+00 5.749484300613e-01 4.144475460052e-01 4.360521733761e-01 3.255281150341e-01 5.298734903336e-01 4.213317930698e-01 6.848396658897e-01
4.754195734859e-02 9.325089305639e-02 9.972480684519e-02 1.111339852214e-01 2.237795591354e-01 3.259842693806e-01 3.398864865303e-01 2.687448859215e-01 2.672884166241e-01 2.189028710127e-01 1.886872053146e-01 1.908228099346e-01 1.783946752548e-01 2.105694562197e-01 2.168865352869e-01 2.608680427074e-01 2.765133678913e-01 2.781136035919e-01 2.944323420525e-01 2.508421242237e-01 3.748071193695e-01 4.173518717289e-01 3.701334893703e-01 4.541947841644e-01 6.243439912796e-01 6.615154743195e-01 7.002040743828e-01 7.445191740990e-01 5.758938789368e-01 6.007359027863e-01 7.092276811600e-01 9.073708653450e-01 1.135681152344e+00 1.472965478897e+00 1.411340475082e+00 8.150013089180e-01 7.067987918854e-01 5.950579643250e-01 5.529052019119e-01 4.852972924709e-01 5.572871565819e-01 6.904297471046e-01 9.808465242386e-01
4.573839157820e-02 7.721885293722e-02 8.205859363079e-02 9.263062477112e-02 1.483619362116e-01 2.835985124111e-01 3.963976204395e-01 3.979827165604e-01 2.762010991573e-01 2.619209289551e-01 2.124364674091e-01 2.208946496248e-01 2.289062291384e-01 2.046272456646e-01 2.255982309580e-01 2.230228483677e-01 1.979401856661e-01 2.157441526651e-01 3.145528435707e-01 2.767947316170e-01 3.036701679230e-01 3.844391703606e-01 4.144658148289e-01 4.486069679260e-01 6.739709973335e-01 8.247657418251e-01 9.088387489319e-01 8.652763962746e-01 7.095568776131e-01 5.645561218262e-01 5.685098171234e-01 7.024556398392e-01 8.161035776138e-01 9.712176322937e-01 8.669133186340e-01 5.227597355843e-01 7.133362293243e-01 7.707881927490e-01 7.362711429596e-01 6.924690604210e-01 5.638750791550e-01 8.249158859253e-01 1.098437666893e+00
5.630604922771e-02 1.059053987265e-01 1.077331900597e-01 1.008315458894e-01 1.278885751963e-01 1.818432509899e-01 3.310239911079e-01 4.406238198280e-01 4.174558520317e-01 2.782529592514e-01 2.564017176628e-01 2.383211106062e-01 2.420521229506e-01 2.350388467312e-01 2.127983719110e-01 2.398418635130e-01 2.291975170374e-01 2.012991756201e-01 2.685462534428e-01 3.395723700523e-01 2.199361473322e-01 2.907236516476e-01 3.994186818600e-01 4.137691259384e-01 5.207214355469e-01 7.461959719658e-01 9.986137151718e-01 1.182394504547e+00 1.165914416313e+00 8.747776150703e-01 6.832112073898e-01 5.210679769516e-01 5.481535196304e-01 6.461986899376e-01 5.990287661552e-01 4.479688405991e-01 5.916715860367e-01 8.087770938873e-01 8.193836808205e-01 8.091243505478e-01 6.909950971603e-01 8.223780393600e-01 1.052825450897e+00
1.036540195346e-01 1.705646365881e-01 1.275392919779e-01 1.341063082218e-01 1.408527046442e-01 1.383021622896e-01 1.939923018217e-01 3.331642746925e-01 4.208099246025e-01 3.971954286098e-01 2.858209908009e-01 2.564032375813e-01 2.488991171122e-01 2.436724603176e-01 2.229513823986e-01 2.412621825933e-01 2.476156800985e-01 2.316015958786e-01 2.717884480953e-01 3.340644836426e-01 3.293035328388e-01 2.536176741123e-01 4.482466280460e-01 3.450812101364e-01 4.935450255871e-01 7.277961373329e-01 8.540545701981e-01 1.167351603508e+00 1.479293942451e+00 1.497627377510e+00 1.059951663017e+00 5.474693775177e-01 4.292978048325e-01 5.227859020233e-01 4.893577992916e-01 4.203511476517e-01 5.884293913841e-01 8.424196839333e-01 8.868023157120e-01 8.319039344788e-01 8.478651642799e-01 7.748870849609e-01 9.177825450897e-01
1.268000304699e-01 2.484707236290e-01 2.440579086542e-01 1.983024179935e-01 1.406874507666e-01 1.357775926590e-01 1.425708681345e-01 1.726778745651e-01 2.837098836899e-01 3.673989474773e-01 3.780188560486e-01 3.086495697498e-01 2.509692907333e-01 2.631160020828e-01 2.665695250034e-01 2.490393966436e-01 2.596251368523e-01 2.564756870270e-01 2.327025532722e-01 4.144391417503e-01 3.818133473396e-01 4.070642292500e-01 6.143046617508e-01 3.870567381382e-01 5.049067735672e-01 7.206948399544e-01 9.789202809334e-01 1.146093010902e+00 1.352153539658e+00 1.795363545418e+00 1.775960206985e+00 1.186995029449e+00 5.569977760315e-01 6.230348944664e-01 4.189316332340e-01 3.489368259907e-01 3.886201679707e-01 1.246374964714e+00 1.215248823166e+00 9.341607689857e-01 1.733671903610e+00 8.787495493889e-01 9.261355996132e-01
1.597610712051e-01 2.445083111525e-01 2.537344396114e-01 2.820715904236e-01 2.739405333996e-01 2.311409115791e-01 1.700796484947e-01 1.880899518728e-01 2.557944357395e-01 3.353047966957e-01 3.673530519009e-01 3.599140346050e-01 4.069149792194e-01 4.193086028099e-01 2.701432704926e-01 2.690624892712e-01 2.808098495007e-01 2.847664356232e-01 2.865658998489e-01 3.966907560825e-01 4.221344292164e-01 3.865789771080e-01 7.170811891556e-01 5.675876736641e-01 4.356108009815e-01 6.182448267937e-01 9.574632048607e-01 1.338241577148e+00 1.269713878632e+00 1.588651061058e+00 2.114675760269e+00 1.916469693184e+00 1.247091889381e+00 6.680231690407e-01 4.263412058353e-01 3.475685119629e-01 3.795030117035e-01 4.522514939308e-01 2.136478185654e+00 9.166068434715e-01 2.509307861328e+00 2.034788370132e+00 1.042000770569e+00
3.675314486027e-01 6.091589331627e-01 5.270193815231e-01 3.962804079056e-01 2.813483178616e-01 3.099249899387e-01 3.164739012718e-01 2.741304636002e-01 2.634364068508e-01 3.335628807545e-01 4.287400841713e-01 4.818871319294e-01 4.857473671436e-01 6.899311542511e-01 5.881320834160e-01 2.926411926746e-01 2.563399970531e-01 4.943227767944e-01 5.238691568375e-01 4.187090694904e-01 2.978319525719e-01 4.152380824089e-01 7.813272476196e-01 6.495679020882e-01 4.597251117229e-01 4.688831269741e-01 6.868852972984e-01 1.086571216583e+00 1.388314485550e+00 1.090384364128e+00 1.822476267815e+00 2.268890380859e+00 1.955706596375e+00 1.189670801163e+00 5.641335248947e-01 5.275183916092e-01 3.853345513344e-01 4.501839578152e-01 1.178435444832e+00 2.181596755981e+00 2.662733316422e+00 3.150362968445e+00 1.211596012115e+00
5.849983096123e-01 1.030459642410e+00 1.005226850510e+00 8.634658455849e-01 7.043170332909e-01 5.477092266083e-01 4.067366719246e-01 3.353742063046e-01 3.569386005402e-01 3.200686573982e-01 3.734295964241e-01 4.601112902164e-01 5.377957224846e-01 7.136389613152e-01 9.240538477898e-01 7.023206353188e-01 3.612778186798e-01 6.035791635513e-01 7.164774537086e-01 7.492445111275e-01 7.414362430573e-01 6.949716210365e-01 8.169576525688e-01 6.545199155807e-01 4.187315106392e-01 3.243108093739e-01 4.602487683296e-01 8.206729292870e-01 1.170989513397e+00 8.807390332222e-01 1.212501645088e+00 1.959739565849e+00 2.309106349945e+00 1.878437638283e+00 1.111586928368e+00 4.923892915249e-01 6.284928917885e-01 5.861399769783e-01 9.789483547211e-01 2.112648248672e+00 2.141453266144e+00 3.787558794022e+00 1.332547664642e+00
6.623066067696e-01 1.231295228004e+00 1.325142860413e+00 1.291680455208e+00 1.198535561562e+00 1.071392416954e+00 9.138063788414e-01 7.365233898163e-01 5.639410018921e-01 4.089778363705e-01 4.048657119274e-01 3.824031054974e-01 4.516437947750e-01 5.473200678825e-01 9.305822253227e-01 1.136271834373e+00 7.685130238533e-01 4.140385985374e-01 3.680446743965e-01 6.498792767525e-01 6.077710390091e-01 6.338215470314e-01 8.164020776749e-01 1.204124093056e+00 6.984753608704e-01 5.354032516479e-01 3.978604376316e-01 5.347233414650e-01 7.508527636528e-01 6.499989032745e-01 9.474158287048e-01 1.302111148834e+00 1.955569267273e+00 2.190740823746e+00 1.730937480927e+00 1.014618277550e+00 5.974126458168e-01 6.629312634468e-01 1.307007431984e+00 2.061724185944e+00 2.722073793411e+00 3.136250495911e+00 1.848085403442e+00
5.646668672562e-01 1.103917360306e+00 1.314536452293e+00 1.402985095978e+00 1.422192573547e+00 1.399824500084e+00 1.358329653740e+00 1.249773979187e+00 1.096329092979e+00 9.195923209190e-01 7.272079586983e-01 5.414327383041e-01 4.579986035824e-01 4.620817899704e-01 5.180544257164e-01 1.038868308067e+00 1.165138721466e+00 6.753166317940e-01 6.186165213585e-01 7.425414919853e-01 7.143642306328e-01 7.762671113014e-01 6.661968231201e-01 1.368177652359e+00 1.203125476837e+00 5.794956088066e-01 6.259837150574e-01 6.501741409302e-01 6.527155041695e-01 8.003766536713e-01 7.427678108215e-01 9.906394481659e-01 1.267272949219e+00 1.805062532425e+00 1.991463661194e+00 1.614605903625e+00 9.932880997658e-01 9.224141836166e-01 1.537456035614e+00 2.056818246841e+00 2.542182683945e+00 2.842163562775e+00 2.341171264648e+00
