100/SI/f16.grd
DSAA
101	101
32.816463539100	34.260883539100
35.556306596100	36.727886596100
2.973835216835e-05	4.842821121216e+00
[rows 38 to 56 of 101, columns 0 to 42 of 101]
1.163619197905e-02 2.455408871174e-02 2.655844204128e-02 2.766886539757e-02 3.264560922980e-02 4.001456499100e-02 4.623068124056e-02 5.274731293321e-02 5.797000229359e-02 5.293856933713e-02 4.343928769231e-02 3.544357419014e-02 3.498153761029e-02 3.446176648140e-02 3.668180480599e-02 4.158454015851e-02 4.706740379333e-02 8.643240481615e-02 1.401214301586e-01 1.504433602095e-01 1.213184222579e-01 1.031033620238e-01 6.833232194185e-02 7.998989522457e-02 1.603321880102e-01 2.080180346966e-01 2.000537961721e-01 1.429380625486e-01 1.021089926362e-01 1.131738275290e-01 1.198504567146e-01 1.468172371387e-01 2.012333869934e-01 1.980023384094e-01 1.856885701418e-01 1.108926832676e-01 1.516466885805e-01 1.705254167318e-01 1.688162386417e-01 2.590348124504e-01 2.842105031013e-01 4.219558835030e-01 3.404539227486e-01
1.705083623528e-02 3.035844676197e-02 2.546181343496e-02 2.520503289998e-02 3.557192161679e-02 4.326251521707e-02 5.685842037201e-02 7.153658568859e-02 7.979065179825e-02 7.472402602434e-02 5.429149791598e-02 4.277011007071e-02 3.687574341893e-02 3.746185451746e-02 4.018926247954e-02 4.342774301767e-02 4.627108946443e-02 4.875718429685e-02 7.623946666718e-02 1.067450791597e-01 1.090677604079e-01 1.073628515005e-01 1.110573187470e-01 9.184214472771e-02 8.490029722452e-02 9.432844817638e-02 1.280315965414e-01 2.407994419336e-01 3.224141895771e-01 3.269630372524e-01 2.563861012459e-01 1.263940036297e-01 1.419997066259e-01 1.209231466055e-01 2.411349266768e-01 2.161079794168e-01 1.407174766064e-01 1.698816716671e-01 2.085240632296e-01 2.371963709593e-01 3.171571195126e-01 3.823142349720e-01 4.514545500278e-01
1.991519518197e-02 3.968330100179e-02 3.763156384230e-02 3.237073868513e-02 4.274543002248e-02 5.259579047561e-02 6.383282691240e-02 8.399566262960e-02 9.104843437672e-02 9.077707678080e-02 6.210322305560e-02 4.184437170625e-02 4.218915849924e-02 3.654921427369e-02 3.049373067915e-02 3.423083946109e-02 3.959847241640e-02 4.317669942975e-02 4.615037515759e-02 6.044704094529e-02 8.915735781193e-02 1.249756366014e-01 1.504189670086e-01 1.515628099442e-01 1.478408426046e-01 9.831977635622e-02 7.818267494440e-02 8.265549689531e-02 8.017455786467e-02 1.013233140111e-01 2.135903239250e-01 3.400278389454e-01 4.028047919273e-01 3.361717462540e-01 1.699316948652e-01 1.688948720694e-01 2.955997288227e-01 2.457852065563e-01 2.550463080406e-01 2.543116807938e-01 2.372553497553e-01 3.170040547848e-01 4.798227846622e-01
2.412609383464e-02 4.799101129174e-02 5.578748136759e-02 5.731973052025e-02 5.165528133512e-02 6.202533096075e-02 6.194224581122e-02 5.920738354325e-02 5.917800217867e-02 7.270492613316e-02 7.852848619223e-02 6.820177286863e-02 5.068815127015e-02 4.494893178344e-02 4.520661011338e-02 5.593756958842e-02 6.498293578625e-02 7.281488925219e-02 7.124917954206e-02 5.182908847928e-02 5.784462019801e-02 7.627241313457e-02 8.684998750687e-02 1.165099069476e-01 1.446586847305e-01 1.718378663063e-01 1.916617900133e-01 1.859436482191e-01 1.907686442137e-01 2.080987393856e-01 2.300623506308e-01 2.260016649961e-01 3.491612970829e-01 3.941667973995e-01 2.813599109650e-01 3.558523952961e-01 3.946205079556e-01 3.350610136986e-01 3.775360882282e-01 3.056498169899e-01 2.144372314215e-01 3.747979104519e-01 3.141241371632e-01
2.718396857381e-02 5.028236657381e-02 5.639054253697e-02 5.261341854930e-02 5.690775439143e-02 7.177688926458e-02 7.131073623896e-02 6.195563077927e-02 7.485145330429e-02 6.238224357367e-02 5.905402079225e-02 8.243989199400e-02 8.562297374010e-02 6.464071571827e-02 5.974981561303e-02 5.507480725646e-02 5.576862767339e-02 7.490854710340e-02 1.011589989066e-01 1.028821095824e-01 6.632227450609e-02 7.542092353106e-02 9.578293561935e-02 7.990976423025e-02 9.228870272636e-02 1.113305166364e-01 1.469922661781e-01 2.219451963902e-01 2.988257408142e-01 2.735874354839e-01 2.586561143398e-01 1.924596577883e-01 1.914798915386e-01 3.592225313187e-01 3.458793759346e-01 4.360292255878e-01 2.882705330849e-01 4.082103371620e-01 3.578404188156e-01 5.167877078056e-01 5.338873863220e-01 4.193743467331e-01 4.726764261723e-01
5.503455176950e-02 1.063714399934e-01 7.939667999744e-02 6.818336248398e-02 6.671544164419e-02 6.003829464316e-02 6.138312071562e-02 7.469218224287e-02 7.398190349340e-02 5.993628874421e-02 7.542068511248e-02 5.152401700616e-02 6.572476029396e-02 9.212699532509e-02 8.005743473768e-02 6.934282183647e-02 8.684247732162e-02 1.918885260820e-01 2.252645343542e-01 1.203730553389e-01 1.289604753256e-01 7.607798278332e-02 8.973232656717e-02 1.271279603243e-01 8.483216911554e-02 7.761887460947e-02 8.106248825788e-02 8.887993544340e-02 1.135014817119e-01 1.290425956249e-01 1.378637850285e-01 1.504357159138e-01 2.047133892775e-01 3.221356868744e-01 2.211047112942e-01 2.047038823366e-01 3.012574613094e-01 3.424700796604e-01 2.278550863266e-01 4.720538556576e-01 4.850019514561e-01 5.279458165169e-01 6.484710574150e-01
8.999966830015e-02 1.650198101997e-01 1.337612867355e-01 1.039578244090e-01 9.585573524237e-02 7.287701219320e-02 6.439267098904e-02 8.520743250847e-02 9.426376968622e-02 7.378987967968e-02 5.767150223255e-02 7.116942852736e-02 6.388232856989e-02 4.141921922565e-02 7.797430455685e-02 9.143836796284e-02 6.668172776699e-02 5.813496932387e-02 1.059548035264e-01 6.882786005735e-02 1.198190376163e-01 1.431655734777e-01 1.420538574457e-01 1.241095215082e-01 1.703163683414e-01 1.045591905713e-01 9.695740789175e-02 1.255539804697e-01 1.471144855022e-01 1.123447120190e-01 1.432944834232e-01 1.765081286430e-01 2.091813236475e-01 2.456862777472e-01 3.115435540676e-01 2.368679791689e-01 2.635490298271e-01 2.945597767830e-01 2.790599763393e-01 4.010665714741e-01 3.728022575378e-01 5.385969877243e-01 5.484324097633e-01
3.546817600727e-02 7.388409972191e-02 8.826714009047e-02 1.040970012546e-01 1.066604629159e-01 1.186336800456e-01 1.254917681217e-01 1.083024591208e-01 9.720993041992e-02 9.331870824099e-02 8.609792590141e-02 7.969262450933e-02 7.663576304913e-02 7.132573425770e-02 7.717536389828e-02 6.583290547132e-02 4.685200005770e-02 5.519123747945e-02 5.808870866895e-02 8.012524992228e-02 7.452663034201e-02 1.223017200828e-01 1.328501850367e-01 1.430617272854e-01 1.662484705448e-01 1.875421851873e-01 2.049149125814e-01 2.132458835840e-01 2.177830189466e-01 2.345169931650e-01 2.381003201008e-01 2.503422796726e-01 2.657980620861e-01 2.206513136625e-01 1.893577128649e-01 2.666730880737e-01 3.193290531635e-01 4.922378361225e-01 5.888884663582e-01 5.440027713776e-01 5.173504948616e-01 5.373006463051e-01 4.469960927963e-01
3.427127376199e-02 7.196871936321e-02 8.196341991425e-02 9.105544537306e-02 1.036134660244e-01 1.060834378004e-01 9.760458767414e-02 7.904325425625e-02 7.425207644701e-02 8.826711773872e-02 1.035985052586e-01 9.830312430859e-02 7.442174851894e-02 4.858134686947e-02 5.230833590031e-02 3.028130717576e-02 1.760520413518e-02 1.939450018108e-02 2.583025582135e-02 3.113506548107e-02 9.318339824677e-02 1.632155179977e-01 1.387690603733e-01 1.758567541838e-01 1.696362793446e-01 2.087294161320e-01 2.151671946049e-01 2.035078555346e-01 1.896268874407e-01 2.155008763075e-01 2.300706356764e-01 2.970552146435e-01 3.796001970768e-01 4.133740067482e-01 3.530553877354e-01 2.994072437286e-01 3.315880596638e-01 2.369006872177e-01 3.607708811760e-01 3.670193552971e-01 5.740141868591e-01 5.414445400238e-01 5.826230645180e-01
9.260277263820e-03 1.860748976469e-02 1.963810808957e-02 2.122495323420e-02 2.948064915836e-02 4.124295338988e-02 5.427879467607e-02 5.834586173296e-02 5.638739839196e-02 5.196189507842e-02 5.300945416093e-02 6.736242026091e-02 6.728947162628e-02 5.480158701539e-02 3.551327437162e-02 2.765753865242e-02 1.411142200232e-02 1.202621683478e-02 1.373740937561e-02 2.910623885691e-02 6.411075592041e-02 1.362073123455e-01 3.396517336369e-01 3.192332386971e-01 2.866207659245e-01 2.690410017967e-01 2.591935992241e-01 2.519293129444e-01 2.712530791759e-01 3.127989470959e-01 3.448367714882e-01 3.902564346790e-01 6.776710152626e-01 3.745580017567e-01 8.467275500298e-01 5.777726173401e-01 4.612840414047e-01 4.939811825752e-01 6.116569638252e-01 7.106149196625e-01 7.517098188400e-01 7.057340741158e-01 7.108557820320e-01
8.369321934879e-03 1.616706885397e-02 1.760373264551e-02 1.763505488634e-02 2.972588874400e-02 4.420097544789e-02 4.633862525225e-02 3.802207484841e-02 2.803680114448e-02 2.277282625437e-02 2.884980104864e-02 3.582522645593e-02 3.432737663388e-02 2.762043103576e-02 2.042889222503e-02 1.467028632760e-02 1.083872374147e-02 7.510444149375e-03 7.427851669490e-03 2.624040283263e-02 8.383145183325e-02 1.419574767351e-01 1.394912153482e-01 2.962055206299e-01 7.111269831657e-01 3.591583371162e-01 2.234821319580e-01 2.051905244589e-01 2.104506194592e-01 2.294230312109e-01 3.940568268299e-01 5.715872049332e-01 3.040535748005e-01 4.489477574825e-01 8.102144598961e-01 1.500246405602e+00 6.134595274925e-01 4.778613150120e-01 4.244544208050e-01 4.667613208294e-01 3.994220197201e-01 7.462818622589e-01 8.692535161972e-01
4.345927387476e-03 9.026757441461e-03 1.081900205463e-02 1.200771238655e-02 1.583376154304e-02 2.559535205364e-02 2.954972349107e-02 2.578126825392e-02 1.990241184831e-02 1.484321802855e-02 1.212411001325e-02 1.153262704611e-02 9.180231951177e-03 8.092885836959e-03 9.657754562795e-03 7.359671872109e-03 6.771523971111e-03 5.695948377252e-03 6.673348136246e-03 1.009253598750e-02 1.775519549847e-02 4.720910638571e-02 4.936071857810e-02 6.710009276867e-02 2.598890364170e-01 2.742680907249e-01 1.021778583527e-01 5.565722659230e-02 5.871292203665e-02 1.901106685400e-01 2.501539885998e-01 2.706795632839e-01 2.809102535248e-01 2.306510806084e-01 3.388154506683e-01 9.841892123222e-01 5.217386484146e-01 3.176354467869e-01 2.219225764275e-01 2.004255652428e-01 1.886194348335e-01 4.936431944370e-01 6.851635575294e-01
1.931506558321e-03 3.855761140585e-03 4.009854048491e-03 4.436309915036e-03 5.591087974608e-03 7.076462265104e-03 8.417953737080e-03 9.158853441477e-03 8.859507739544e-03 7.505248766392e-03 6.284944247454e-03 7.058286573738e-03 7.200343068689e-03 6.514820735902e-03 7.173476275057e-03 8.193956688046e-03 6.219231523573e-03 4.921619314700e-03 5.565476138145e-03 8.415748365223e-03 9.594176895916e-03 1.741331070662e-02 3.031194955111e-02 6.610308587551e-02 1.611995249987e-01 9.950283914804e-02 6.164982914925e-02 4.933191835880e-02 4.745821282268e-02 1.488617714494e-02 1.309352647513e-02 1.435436401516e-02 2.241064049304e-02 4.899122193456e-02 1.133860275149e-01 1.946834206581e+00 3.711870431900e+00 4.897427856922e-01 3.333003520966e-01 1.715946942568e-01 1.208484098315e-01 1.316698789597e-01 2.542673051357e-01
1.555637456477e-03 2.828333294019e-03 3.144715679809e-03 3.145784139633e-03 3.162957262248e-03 4.084577783942e-03 5.357918329537e-03 6.590554025024e-03 7.323382422328e-03 7.169822230935e-03 6.020810920745e-03 5.335178226233e-03 5.752118770033e-03 5.480471067131e-03 4.760018549860e-03 6.392358336598e-03 7.406096439809e-03 5.879546515644e-03 4.520438611507e-03 1.503596734256e-02 1.839711517096e-02 1.281908527017e-02 1.700757630169e-02 2.949460037053e-02 5.719425156713e-02 5.756568312645e-01 1.280722171068e-01 1.095287874341e-01 4.592431336641e-02 8.958802558482e-03 7.837043143809e-03 8.208395913243e-03 9.554198943079e-03 1.176727097481e-02 1.577655971050e-02 8.476565033197e-02 5.913250446320e-01 1.530984520912e+00 3.886607289314e-01 2.178364843130e-01 6.312465667725e-02 4.029740393162e-02 4.555309936404e-02
1.453314675018e-03 3.459734842181e-03 4.678515717387e-03 5.399608053267e-03 5.623327568173e-03 5.189062096179e-03 4.613615106791e-03 4.199258051813e-03 5.260888021439e-03 6.028771866113e-03 6.006398703903e-03 5.193839780986e-03 4.441142547876e-03 5.598708055913e-03 5.848323926330e-03 5.229402799159e-03 6.122011691332e-03 7.876102812588e-03 6.204262841493e-03 1.311333850026e-02 1.464908942580e-02 1.154903881252e-02 1.288965623826e-02 1.416031271219e-02 3.259442374110e-02 1.242265701294e-01 1.186678558588e-01 3.034253790975e-02 1.404486969113e-02 8.677894249558e-03 6.501608993858e-03 5.551475100219e-03 5.478519480675e-03 6.872237194330e-03 8.920504711568e-03 3.027165308595e-02 1.563483029604e-01 5.467381477356e-01 6.624609231949e-01 1.022409647703e-01 4.390833526850e-02 2.836745232344e-02 2.687434665859e-02
2.198044676334e-03 5.175606813282e-03 6.616487167776e-03 7.441209163517e-03 7.645509205759e-03 7.305683102459e-03 6.857741158456e-03 6.167538929731e-03 5.320081952959e-03 4.348063841462e-03 4.831866361201e-03 5.069579463452e-03 4.853012040257e-03 5.677889566869e-03 6.514813750982e-03 6.158167030662e-03 5.217797588557e-03 8.273258805275e-03 8.818202652037e-03 2.321454137564e-02 1.489997096360e-02 1.069403439760e-02 7.219815626740e-03 7.458549924195e-03 1.403806824237e-02 1.137488633394e-01 1.458765864372e-01 2.753049135208e-02 1.797248423100e-02 9.088907390833e-03 5.565920379013e-03 3.817815799266e-03 3.268941305578e-03 3.564598737285e-03 5.598912481219e-03 9.260364808142e-03 6.261006742716e-02 1.945264190435e-01 5.141601562500e-01 2.492863684893e-01 1.188673898578e-01 2.376331016421e-02 2.002683840692e-02
1.510847127065e-03 3.280476201326e-03 4.092955030501e-03 4.492710344493e-03 4.357536789030e-03 4.404192324728e-03 4.934757016599e-03 5.523387342691e-03 6.076121237129e-03 6.088044960052e-03 5.245484877378e-03 3.914346918464e-03 4.606480710208e-03 5.046115256846e-03 5.050897132605e-03 5.074297543615e-03 5.333297885954e-03 8.723210543394e-03 1.200226787478e-02 1.999936997890e-02 1.542240101844e-02 1.209984160960e-02 5.930658895522e-03 5.932264029980e-03 1.193801127374e-02 4.414058476686e-02 3.224030509591e-02 2.126971259713e-02 1.683522388339e-02 9.307262487710e-03 5.106232129037e-03 3.907718230039e-03 3.399713430554e-03 3.280231030658e-03 4.677438177168e-03 7.913879118860e-03 1.657193526626e-02 8.333443850279e-02 9.810460358858e-02 5.963507294655e-02 3.594109788537e-02 1.816343888640e-02 1.637079380453e-02
1.419866690412e-03 2.569304546341e-03 3.819543635473e-03 4.885202739388e-03 5.835132673383e-03 6.902421358973e-03 8.076280355453e-03 9.344203397632e-03 1.051489915699e-02 1.084968168288e-02 9.699722751975e-03 7.205242291093e-03 4.636689089239e-03 4.820972215384e-03 5.892410408705e-03 6.396813783795e-03 8.026355877519e-03 9.269563481212e-03 1.100816391408e-02 1.918125338852e-02 1.362101268023e-02 8.981618098915e-03 4.740378353745e-03 4.614626057446e-03 8.642563596368e-03 1.044106110930e-02 1.737546026707e-01 1.456009037793e-02 1.382004283369e-02 8.228393271565e-03 4.786600358784e-03 3.512358292937e-03 3.343068063259e-03 3.535135649145e-03 4.958011209965e-03 6.737588439137e-03 1.120257750154e-02 1.380741968751e-02 2.901822701097e-02 3.860066086054e-02 2.411400899291e-02 1.447260286659e-02 1.854001358151e-02
1.408522366546e-03 2.483420539647e-03 3.499000566080e-03 4.329327493906e-03 5.166826304048e-03 6.189285777509e-03 7.270338945091e-03 8.361002430320e-03 9.379865601659e-03 9.928561747074e-03 9.406009688973e-03 1.062566321343e-02 1.105125434697e-02 1.075808797032e-02 1.027993019670e-02 9.342534467578e-03 1.106748264283e-02 8.091016672552e-03 1.098766271025e-02 3.497942164540e-02 1.273418497294e-02 6.302461028099e-03 4.446188453585e-03 3.722521243617e-03 5.145486909896e-03 1.815334707499e-02 5.932556837797e-02 1.124653313309e-02 1.469815894961e-02 6.137840915471e-03 4.524633288383e-03 3.146745730191e-03 3.199157305062e-03 3.909856546670e-03 5.257381591946e-03 6.245743017644e-03 6.948358844966e-03 1.118372380733e-02 2.450270205736e-02 2.866401523352e-02 1.759101450443e-02 1.299187727273e-02 1.731552369893e-02
