100/SI/f16.grd
DSAA
101	101
32.816463539100	34.260883539100
35.556306596100	36.727886596100
2.973835216835e-05	4.842821121216e+00
[rows 0 to 18 of 101, columns 43 to 85 of 101]
7.069739513099e-03 1.206576824188e-02 1.389968954027e-02 1.101389806718e-02 7.676128298044e-03 7.720397785306e-03 6.642422638834e-03 6.080159451813e-03 4.002543631941e-03 5.801070947200e-03 7.692378014326e-03 9.110976941884e-03 1.084974408150e-02 1.549380924553e-02 6.958284415305e-03 8.593061938882e-03 1.090765651315e-02 1.188330724835e-02 8.031623438001e-03 5.378290079534e-03 6.070587318391e-03 7.829222828150e-03 8.049236610532e-03 8.810083381832e-03 8.933156728745e-03 6.381470710039e-03 4.276563413441e-03 4.313751589507e-03 8.150245994329e-03 1.222483720630e-02 9.828491136432e-03 4.818907938898e-03 6.087927613407e-03 3.986805677414e-03 4.061499610543e-03 3.490141360089e-03 2.985840896145e-03 2.719074953347e-03 1.996916718781e-03 2.015209058300e-03 2.686645137146e-03 4.490835592151e-03 4.462034441531e-03
1.225333660841e-02 2.185150235891e-02 2.728796005249e-02 2.414454147220e-02 1.809859089553e-02 1.672891713679e-02 1.387890148908e-02 1.179197710007e-02 1.097425818443e-02 1.273595076054e-02 1.417651399970e-02 1.612603664398e-02 2.145898900926e-02 3.094162978232e-02 1.325313653797e-02 1.632449775934e-02 2.060646936297e-02 2.224057540298e-02 1.527715846896e-02 1.037108805031e-02 1.187813654542e-02 1.493218820542e-02 1.593114994466e-02 1.539416611195e-02 1.574721559882e-02 1.328713726252e-02 7.928560487926e-03 8.959840983152e-03 1.842138916254e-02 2.928839065135e-02 1.748818159103e-02 7.949455641210e-03 1.191073190421e-02 7.339554373175e-03 7.858679629862e-03 6.501136813313e-03 5.337106063962e-03 4.783780314028e-03 3.845590166748e-03 3.851457266137e-03 5.942803807557e-03 9.097389876842e-03 8.475233800709e-03
1.540908124298e-02 2.230816334486e-02 3.047921881080e-02 2.996603026986e-02 2.435406483710e-02 2.432298846543e-02 1.645261049271e-02 1.452749595046e-02 1.958738639951e-02 1.959752850235e-02 1.408351119608e-02 1.785782165825e-02 2.286763861775e-02 3.236164152622e-02 1.543486490846e-02 1.856931112707e-02 2.305626310408e-02 2.545304223895e-02 1.759882643819e-02 1.377392467111e-02 1.377448346466e-02 1.499304547906e-02 1.792093180120e-02 1.929280906916e-02 2.320642210543e-02 1.786090247333e-02 1.030535064638e-02 1.108191814274e-02 2.418990619481e-02 3.782681375742e-02 1.792458444834e-02 9.240903891623e-03 1.371772401035e-02 8.100097067654e-03 8.769766427577e-03 7.691956125200e-03 6.835563108325e-03 5.433222744614e-03 4.466552287340e-03 5.477636121213e-03 7.531014271080e-03 1.007015258074e-02 8.672356605530e-03
1.774559728801e-02 2.017353847623e-02 2.725098654628e-02 2.959777414799e-02 2.639099583030e-02 3.255200758576e-02 1.724376901984e-02 1.985427923501e-02 2.799683064222e-02 2.884363941848e-02 1.918441057205e-02 1.867829263210e-02 2.342629618943e-02 3.265643492341e-02 1.620893366635e-02 2.067023515701e-02 2.364628016949e-02 2.651990763843e-02 1.901332288980e-02 1.807655766606e-02 1.479584351182e-02 1.870692707598e-02 2.262236550450e-02 2.228931896389e-02 3.081593662500e-02 2.203352563083e-02 1.161424629390e-02 1.320297829807e-02 2.822876721621e-02 4.104176163673e-02 1.688982918859e-02 1.028875168413e-02 1.454835012555e-02 8.167119696736e-03 8.957625366747e-03 9.802607819438e-03 8.276926353574e-03 6.234792992473e-03 5.352446343750e-03 6.770769134164e-03 8.991545997560e-03 1.048841513693e-02 8.307463489473e-03
1.743703894317e-02 2.417713403702e-02 2.149067260325e-02 2.501071058214e-02 2.432632073760e-02 4.133863747120e-02 1.659560389817e-02 2.450432628393e-02 3.575691953301e-02 3.841099888086e-02 2.706984989345e-02 1.946391910315e-02 2.408372238278e-02 3.281866014004e-02 1.680620200932e-02 2.263568900526e-02 2.392682619393e-02 2.740260399878e-02 2.105266973376e-02 2.223255857825e-02 1.750450208783e-02 2.364736050367e-02 2.872950583696e-02 2.794459275901e-02 3.832330927253e-02 2.547590062022e-02 1.391196344048e-02 1.415300555527e-02 2.990118600428e-02 3.966908156872e-02 1.823288947344e-02 1.225728075951e-02 1.505132112652e-02 9.672234766185e-03 1.108996197581e-02 1.151017192751e-02 9.198565036058e-03 6.504857912660e-03 6.799643393606e-03 7.379836402833e-03 1.049353182316e-02 1.063661836088e-02 7.947518490255e-03
1.510338764638e-02 2.565124630928e-02 1.924613490701e-02 1.981990970671e-02 2.114525437355e-02 5.009704455733e-02 1.877494528890e-02 2.787503227592e-02 4.262289404869e-02 4.788839444518e-02 3.532898426056e-02 2.051859349012e-02 2.497464418411e-02 3.295516222715e-02 1.863209903240e-02 2.426828630269e-02 2.386705949903e-02 2.818210609257e-02 2.155991829932e-02 2.580241113901e-02 2.120991051197e-02 2.863445319235e-02 3.421274200082e-02 3.274301439524e-02 4.503042250872e-02 2.745850570500e-02 1.530461106449e-02 1.654881797731e-02 2.862133458257e-02 3.217953816056e-02 1.811744831502e-02 1.416862569749e-02 1.519522536546e-02 1.080841850489e-02 1.297950651497e-02 1.279104035348e-02 9.643620811403e-03 6.800516042858e-03 7.659725379199e-03 8.249780163169e-03 1.199111994356e-02 1.082108356059e-02 7.622290402651e-03
1.375349052250e-02 2.454320713878e-02 1.929763518274e-02 1.548703201115e-02 1.956202276051e-02 5.815496295691e-02 2.072113752365e-02 2.947150543332e-02 4.735580086708e-02 5.511982738972e-02 4.282035306096e-02 2.263859659433e-02 2.576215565205e-02 3.295439481735e-02 1.885064132512e-02 2.585684880614e-02 2.346058003604e-02 2.872448600829e-02 2.075323648751e-02 2.728937007487e-02 2.426693215966e-02 3.218906745315e-02 3.793787583709e-02 3.540447726846e-02 4.994999617338e-02 2.764421328902e-02 1.477573718876e-02 1.853447780013e-02 2.452339604497e-02 2.237520553172e-02 1.696273498237e-02 1.605949550867e-02 1.508833840489e-02 1.152200251818e-02 1.447862107307e-02 1.354028191417e-02 9.597574360669e-03 7.998702116311e-03 7.549378089607e-03 1.121339667588e-02 1.370056997985e-02 1.109515503049e-02 7.116512861103e-03
1.583581976593e-02 2.341459505260e-02 1.862666383386e-02 1.727773994207e-02 2.202777937055e-02 6.582051515579e-02 2.365690097213e-02 2.850973047316e-02 4.784563928843e-02 5.818967521191e-02 4.869511723518e-02 2.958959341049e-02 2.677794918418e-02 3.313648328185e-02 1.796965487301e-02 2.734611742198e-02 2.276829443872e-02 2.908350341022e-02 2.138723060489e-02 2.584075368941e-02 2.609523385763e-02 3.385636955500e-02 3.883724287152e-02 3.539608791471e-02 5.278449878097e-02 2.662150189281e-02 1.694911904633e-02 2.209168858826e-02 1.861938275397e-02 1.912820525467e-02 2.034977264702e-02 1.795880869031e-02 1.466889493167e-02 1.493356656283e-02 1.543337292969e-02 1.363454759121e-02 9.071777574718e-03 8.216521702707e-03 9.412904269993e-03 1.508910302073e-02 1.499758195132e-02 1.055973023176e-02 5.954000633210e-03
1.776010729373e-02 2.346790581942e-02 1.846892200410e-02 1.866868324578e-02 2.439952455461e-02 7.295636087656e-02 2.673277258873e-02 2.505063079298e-02 4.368283599615e-02 5.665476620197e-02 5.217079818249e-02 3.604941442609e-02 2.785136923194e-02 3.799904137850e-02 2.112991176546e-02 2.882480435073e-02 2.275798097253e-02 2.933259867132e-02 2.182216756046e-02 2.283367328346e-02 2.724578231573e-02 3.316631168127e-02 3.685409575701e-02 3.564151376486e-02 5.244505777955e-02 2.354075387120e-02 2.021417208016e-02 2.588678337634e-02 1.954185962677e-02 2.354526519775e-02 2.564928494394e-02 2.041636593640e-02 1.703596860170e-02 1.854321919382e-02 1.895570196211e-02 1.300240866840e-02 8.875597268343e-03 7.904914207757e-03 1.496788207442e-02 1.824741438031e-02 1.449145190418e-02 8.375369943678e-03 7.072456181049e-03
1.900953799486e-02 2.389022149146e-02 1.827186904848e-02 1.821426115930e-02 2.666934020817e-02 7.870581746101e-02 2.942479960620e-02 2.054750546813e-02 3.716525807977e-02 5.166180804372e-02 5.250981077552e-02 4.113264009356e-02 2.883075736463e-02 4.100742191076e-02 2.656583301723e-02 3.046348318458e-02 3.021864220500e-02 2.977112121880e-02 2.204700000584e-02 2.733804844320e-02 2.667181938887e-02 3.071125224233e-02 3.250401839614e-02 3.977002948523e-02 4.870360717177e-02 1.886247098446e-02 2.354815788567e-02 2.966925129294e-02 2.241846174002e-02 2.726741507649e-02 3.018907271326e-02 2.474024333060e-02 1.887245662510e-02 1.958715356886e-02 2.047604136169e-02 1.174041908234e-02 8.268393576145e-03 1.421443466097e-02 2.009587362409e-02 1.840980164707e-02 1.118966285139e-02 7.318579126149e-03 6.929317954928e-03
1.921005360782e-02 2.470622584224e-02 1.811020262539e-02 1.987775973976e-02 2.871784195304e-02 8.332324028015e-02 3.189017623663e-02 2.044228464365e-02 2.969478629529e-02 4.354498162866e-02 4.861032217741e-02 4.371566697955e-02 3.497158735991e-02 4.082885384560e-02 3.363189473748e-02 3.206525743008e-02 4.267986118793e-02 3.194878622890e-02 2.197801135480e-02 3.623542934656e-02 2.963852137327e-02 2.703648060560e-02 3.988634794950e-02 4.234920069575e-02 4.238589480519e-02 1.893739961088e-02 2.636082470417e-02 3.230038285255e-02 2.336739748716e-02 2.941657602787e-02 3.416147455573e-02 2.880485914648e-02 1.735818572342e-02 1.690715178847e-02 1.925574243069e-02 1.008402835578e-02 1.292810775340e-02 2.102071046829e-02 2.152936905622e-02 1.428204774857e-02 7.176553364843e-03 6.741259247065e-03 6.228378508240e-03
1.860440522432e-02 2.561950497329e-02 2.368370629847e-02 2.245986461639e-02 3.056700527668e-02 8.627330511808e-02 3.344739601016e-02 2.121518738568e-02 2.476217783988e-02 3.368740528822e-02 4.141232743859e-02 4.285323992372e-02 3.877900168300e-02 4.265730828047e-02 4.077494889498e-02 3.351774066687e-02 5.712220817804e-02 4.213206842542e-02 2.213187329471e-02 4.405258968472e-02 3.306549787521e-02 3.528659418225e-02 5.253090709448e-02 4.292913898826e-02 3.432369977236e-02 1.963538117707e-02 2.755967527628e-02 3.301950171590e-02 2.235563285649e-02 2.919716574252e-02 3.619619086385e-02 3.197904676199e-02 1.879600621760e-02 1.359509397298e-02 1.771192252636e-02 1.095695607364e-02 2.076884917915e-02 2.422438003123e-02 1.722498983145e-02 8.735066279769e-03 7.896448485553e-03 7.401945069432e-03 6.891696248204e-03
1.896051876247e-02 2.652740851045e-02 2.989373914897e-02 2.060271240771e-02 3.231716901064e-02 8.866459876299e-02 3.415656834841e-02 2.188567817211e-02 2.481132745743e-02 3.188539296389e-02 3.169491887093e-02 3.787609189749e-02 3.944820910692e-02 4.750061035156e-02 4.389178752899e-02 3.714945912361e-02 7.129124552011e-02 5.146875232458e-02 2.407166734338e-02 5.015973746777e-02 3.470795601606e-02 4.281017929316e-02 6.194723024964e-02 4.004742577672e-02 2.531598135829e-02 2.336586080492e-02 2.650810033083e-02 3.124250099063e-02 2.023000083864e-02 2.669809013605e-02 3.498765826225e-02 3.276176750660e-02 1.988227292895e-02 1.176204346120e-02 1.677630469203e-02 1.915982924402e-02 2.621511369944e-02 2.077663876116e-02 1.060936134309e-02 8.539236150682e-03 8.273317478597e-03 7.859951816499e-03 7.393506821245e-03
1.694534532726e-02 2.745088376105e-02 3.240109980106e-02 2.311300858855e-02 3.411295637488e-02 9.139302372932e-02 3.461873903871e-02 2.280241437256e-02 2.267048135400e-02 3.074200637639e-02 2.523388899863e-02 2.999831549823e-02 4.333557188511e-02 5.091191455722e-02 4.070650786161e-02 4.596535116434e-02 8.255470544100e-02 5.899375304580e-02 2.826053090394e-02 5.436065047979e-02 3.478707745671e-02 4.654981940985e-02 6.487741321325e-02 3.333355858922e-02 2.211574278772e-02 2.971304580569e-02 3.070064261556e-02 2.780828624964e-02 1.900013349950e-02 2.235859818757e-02 3.091391921043e-02 3.095962665975e-02 1.983015611768e-02 1.143164839596e-02 1.674549467862e-02 2.681442722678e-02 2.490860782564e-02 1.341404672712e-02 9.453238919377e-03 8.219722658396e-03 8.005792275071e-03 7.815266959369e-03 1.043162960559e-02
2.356681600213e-02 2.853588759899e-02 3.242883086205e-02 3.770889714360e-02 3.596879169345e-02 9.303447604179e-02 3.447921574116e-02 2.723833546042e-02 1.933028921485e-02 2.812110446393e-02 2.358749695122e-02 3.314932808280e-02 4.564735293388e-02 5.432551726699e-02 4.037642106414e-02 5.461565032601e-02 9.180397540331e-02 6.338541954756e-02 3.098429925740e-02 5.790957435966e-02 3.830655291677e-02 4.539075866342e-02 6.235975399613e-02 2.763982675970e-02 2.350385114551e-02 3.558953106403e-02 3.898232802749e-02 2.427921071649e-02 1.935315690935e-02 1.770075596869e-02 2.560358308256e-02 2.772805653512e-02 1.875815354288e-02 1.311396528035e-02 2.551886998117e-02 2.879335545003e-02 1.735999807715e-02 9.096335619688e-03 9.725104086101e-03 7.602075580508e-03 7.781991735101e-03 1.213602069765e-02 1.434739958495e-02
3.110601194203e-02 2.983845397830e-02 3.192949295044e-02 4.630710929632e-02 3.737082332373e-02 9.352411329746e-02 3.347618132830e-02 3.121669217944e-02 2.045372873545e-02 2.881314419210e-02 2.443486638367e-02 3.552021458745e-02 4.780117049813e-02 5.764679238200e-02 3.828744217753e-02 6.173153594136e-02 9.354529529810e-02 6.006577983499e-02 3.675748407841e-02 6.087661907077e-02 3.842099383473e-02 4.149707406759e-02 5.393848568201e-02 2.630021236837e-02 2.570354565978e-02 4.094109311700e-02 4.198589175940e-02 2.187214419246e-02 2.106385678053e-02 1.816610246897e-02 2.550470456481e-02 2.330347895622e-02 1.668121665716e-02 2.294310927391e-02 3.093454986811e-02 2.224865369499e-02 1.247543934733e-02 8.169207721949e-03 9.802944026887e-03 8.584556169808e-03 1.296143792570e-02 1.688550040126e-02 1.681626960635e-02
3.634265437722e-02 3.918409720063e-02 3.702473267913e-02 4.278843104839e-02 4.007039591670e-02 9.275374561548e-02 3.309767693281e-02 3.431354090571e-02 2.147626504302e-02 2.924019657075e-02 2.701142244041e-02 3.675535321236e-02 5.037433654070e-02 6.091833487153e-02 3.558041900396e-02 6.625370681286e-02 8.815836906433e-02 5.330451205373e-02 4.044109955430e-02 6.309476494789e-02 3.432241827250e-02 3.313178569078e-02 4.189065098763e-02 2.434717305005e-02 3.020359203219e-02 4.098454117775e-02 3.874503448606e-02 2.317076362669e-02 2.424714155495e-02 2.052218094468e-02 2.767044305801e-02 1.928246580064e-02 1.962505653501e-02 3.096830472350e-02 2.727487497032e-02 1.913096569479e-02 1.066932082176e-02 8.903767913580e-03 1.102714613080e-02 1.241001114249e-02 1.808724738657e-02 1.855741813779e-02 1.545618660748e-02
4.759703576565e-02 4.701720550656e-02 5.075563117862e-02 3.916360437870e-02 4.749562591314e-02 8.983171731234e-02 3.971356153488e-02 3.658182919025e-02 2.296292036772e-02 2.928861416876e-02 3.153174743056e-02 4.766670614481e-02 5.249729752541e-02 6.455945968628e-02 4.214959964156e-02 6.658289581537e-02 7.839937508106e-02 5.103166401386e-02 4.168164357543e-02 6.474119424820e-02 3.082540445030e-02 2.722313813865e-02 3.155100345612e-02 2.605916373432e-02 3.284002840519e-02 3.667494282126e-02 2.866490744054e-02 2.559089101851e-02 2.826416306198e-02 2.339697256684e-02 2.860475145280e-02 1.829998940229e-02 2.927445061505e-02 3.078476525843e-02 2.745465189219e-02 1.731113903224e-02 1.243585441262e-02 1.091267261654e-02 1.319696102291e-02 1.799736544490e-02 2.011348307133e-02 1.620052941144e-02 1.202499400824e-02
5.279330164194e-02 5.200916156173e-02 6.273626536131e-02 5.843881145120e-02 4.013155028224e-02 8.476983010769e-02 3.763801231980e-02 4.123064130545e-02 3.678002581000e-02 2.918574586511e-02 3.424708917737e-02 5.742895230651e-02 6.042163074017e-02 6.859210878611e-02 4.705229401588e-02 6.268715113401e-02 7.759422808886e-02 6.225313246250e-02 4.055186733603e-02 6.496899574995e-02 3.101480193436e-02 2.936586737633e-02 3.205158933997e-02 2.897189185023e-02 3.078349307179e-02 2.894273959100e-02 2.663249336183e-02 2.981040626764e-02 3.095861338079e-02 2.426603808999e-02 2.836550027132e-02 2.749537117779e-02 3.263163194060e-02 3.089325875044e-02 2.925652824342e-02 2.137793600559e-02 1.524060871452e-02 1.407816819847e-02 1.707883365452e-02 2.016999013722e-02 1.666336879134e-02 1.186590176076e-02 1.231324207038e-02
