100/SI/f16.grd
DSAA
101	101
32.816463539100	34.260883539100
35.556306596100	36.727886596100
2.973835216835e-05	4.842821121216e+00
[rows 57 to 75 of 101, columns 43 to 85 of 101]
2.052445337176e-02 2.453475818038e-02 1.235569454730e-02 1.363929826766e-02 1.346542220563e-02 2.186676301062e-02 2.482345327735e-02 3.368054330349e-02 2.962758392096e-02 1.602032594383e-02 1.093180757016e-02 9.198680520058e-03 6.830053403974e-03 1.230415794998e-02 5.027639865875e-02 1.686725020409e-01 3.822958469391e-01 3.707610070705e-01 5.784178972244e-01 1.802594661713e-01 5.106533318758e-02 3.968875110149e-02 7.163038849831e-02 1.257965713739e-01 2.154294550419e-01 1.953136920929e-01 2.123947292566e-01 1.727938503027e-01 2.263602912426e-01 2.076704800129e-01 2.195563614368e-01 1.636379957199e-01 1.701422631741e-01 2.388518303633e-01 1.482598781586e-01 9.094790369272e-02 1.062838137150e-01 1.541299670935e-01 1.930032670498e-01 1.394551545382e-01 5.807689949870e-02 5.055120959878e-02 4.888372123241e-02
1.641184650362e-02 3.203059360385e-02 9.989279322326e-03 1.057553756982e-02 1.044756360352e-02 1.585432700813e-02 3.122991323471e-02 1.007805392146e-01 8.037193864584e-02 1.737825199962e-02 1.009712461382e-02 6.937117315829e-03 5.307030864060e-03 5.257267504930e-03 1.048716902733e-02 1.005793511868e-01 1.178229004145e-01 1.247625276446e-01 1.035121083260e-01 1.041587740183e-01 7.419710606337e-02 5.655390769243e-02 4.374689981341e-02 2.599853277206e-02 6.728744506836e-02 1.347940713167e-01 2.343123257160e-01 2.386888414621e-01 2.603122889996e-01 1.433835774660e-01 1.889610141516e-01 1.726536303759e-01 1.479920893908e-01 1.297918707132e-01 1.319712996483e-01 9.966135025024e-02 9.597419202328e-02 1.152017712593e-01 1.122803017497e-01 1.010621562600e-01 1.029745787382e-01 1.068871393800e-01 9.915709495544e-02
1.359645277262e-02 1.310709305108e-02 9.100567549467e-03 9.629080072045e-03 9.768432006240e-03 1.444155722857e-02 4.425005987287e-02 1.438194066286e-01 1.171068623662e-01 2.529907412827e-02 1.045160740614e-02 5.925762932748e-03 4.212548490614e-03 3.825703635812e-03 3.904558951035e-03 4.908762872219e-03 6.855750922114e-03 9.344834834337e-03 1.252564880997e-02 1.508725062013e-02 1.804689317942e-02 2.051169425249e-02 1.384871825576e-02 1.393995434046e-02 3.293319419026e-02 1.534829437733e-01 2.646210789680e-01 2.998477220535e-01 2.879905104637e-01 2.907432913780e-01 1.919627487659e-01 1.665054857731e-01 1.415022015572e-01 1.283480823040e-01 1.802991628647e-01 1.553637832403e-01 1.288380771875e-01 8.065811544657e-02 8.567115664482e-02 7.085797935724e-02 6.439697742462e-02 5.692750588059e-02 5.161350592971e-02
1.253800187260e-02 1.128649525344e-02 8.812913671136e-03 9.770918637514e-03 1.117992587388e-02 1.467761304229e-02 1.619697213173e-01 1.197872310877e-01 1.419308036566e-01 1.953183300793e-02 9.169878438115e-03 5.713711958379e-03 3.814148018137e-03 3.080116817728e-03 2.946587745100e-03 3.110573627055e-03 3.819807898253e-03 5.033313296735e-03 7.353951223195e-03 8.447122760117e-03 9.751579724252e-03 1.948967203498e-02 1.003594137728e-02 9.238789789379e-03 2.812856435776e-02 6.387097388506e-02 2.273003607988e-01 2.486477345228e-01 2.656734883785e-01 2.835689485073e-01 2.351983189583e-01 1.824375391006e-01 1.267400383949e-01 1.628130823374e-01 1.133827641606e-01 9.979200363159e-02 8.276586234570e-02 6.845896691084e-02 6.440339237452e-02 6.257710605860e-02 6.738921254873e-02 9.509882330894e-02 1.327106058598e-01
1.062386296690e-02 8.277313783765e-03 8.663271553814e-03 1.037747878581e-02 1.736810989678e-02 2.815699204803e-02 8.455652743578e-02 1.866724491119e-01 6.948821246624e-02 1.087338663638e-02 6.614242680371e-03 4.869554191828e-03 3.482009749860e-03 2.615139121190e-03 2.381851430982e-03 2.388475462794e-03 2.602939028293e-03 3.477336606011e-03 4.793578758836e-03 5.484594963491e-03 5.718817468733e-03 1.190778426826e-02 7.107335142791e-03 7.731019984931e-03 1.736892946064e-02 5.942393094301e-02 1.610850840807e-01 2.192933708429e-01 2.246114909649e-01 1.711391359568e-01 1.325282156467e-01 1.888482570648e-01 1.292435675859e-01 9.140029549599e-02 1.014019921422e-01 1.277121305466e-01 1.156132146716e-01 8.214743435383e-02 7.679072767496e-02 7.491074502468e-02 7.263553142548e-02 7.997269183397e-02 9.966272860765e-02
7.712038699538e-03 6.365097593516e-03 7.961883209646e-03 1.911622285843e-02 4.792842641473e-02 1.081460416317e-01 1.506686359644e-01 9.341402351856e-02 9.634783491492e-03 6.579885259271e-03 4.685089457780e-03 3.775198012590e-03 3.018720075488e-03 2.492295112461e-03 2.183695789427e-03 2.278573578224e-03 2.386305714026e-03 2.875945530832e-03 4.157091490924e-03 5.118009168655e-03 5.437911953777e-03 5.782063119113e-03 5.809415597469e-03 8.665958419442e-03 2.109079807997e-02 5.524346977472e-02 6.790859252214e-02 6.886512041092e-02 1.299372911453e-01 1.518687158823e-01 1.767181456089e-01 1.130546703935e-01 1.463736146688e-01 1.072526499629e-01 1.195444315672e-01 1.414774656296e-01 2.827658951283e-01 1.783870160580e-01 1.049562245607e-01 8.652197569609e-02 8.906682580709e-02 8.758705109358e-02 8.464229851961e-02
4.980945494026e-03 5.217632278800e-03 6.594834849238e-03 8.333603851497e-03 1.994237117469e-02 1.205336228013e-01 7.640229910612e-02 9.374171495438e-03 5.714362487197e-03 5.012040492147e-03 4.223974887282e-03 3.576417686418e-03 2.803255105391e-03 2.398430602625e-03 2.127901418135e-03 2.350617665797e-03 2.436775946990e-03 2.369344001636e-03 3.418759442866e-03 4.367698915303e-03 4.937944002450e-03 4.912212956697e-03 6.179448682815e-03 1.004243083298e-02 3.133306652308e-02 6.212421506643e-02 3.681492060423e-02 4.797468334436e-02 4.464812576771e-02 2.333319783211e-01 3.392006456852e-01 1.821536719799e-01 1.001829877496e-01 1.372388899326e-01 5.402661114931e-02 5.694284662604e-02 2.119155675173e-01 1.020462363958e-01 8.304478973150e-02 6.387183815241e-02 6.568714231253e-02 7.328421622515e-02 7.901949435472e-02
4.201373085380e-03 4.563505295664e-03 5.344017874449e-03 6.758900824934e-03 7.679552771151e-03 1.065937429667e-02 1.178602408618e-02 8.030923083425e-03 4.120817873627e-03 4.251880105585e-03 3.735916223377e-03 3.439142834395e-03 2.816845430061e-03 2.238126704469e-03 2.335676224902e-03 2.382240258157e-03 2.549590542912e-03 2.512959297746e-03 2.878230297938e-03 3.702130401507e-03 4.418753087521e-03 4.692678805441e-03 4.977706819773e-03 8.256730623543e-03 2.319392003119e-02 1.429424528033e-02 1.382142584771e-02 2.284391596913e-02 5.104509368539e-02 1.011017039418e-01 1.055671423674e-01 1.339365690947e-01 2.196805477142e-01 1.146681234241e-01 1.091890856624e-01 8.480028808117e-02 8.715207129717e-02 7.388363778591e-02 3.931437432766e-02 4.901343584061e-02 4.786717891693e-02 5.204695463181e-02 6.536181271076e-02
3.293624380603e-03 3.722485387698e-03 4.430439788848e-03 5.431109573692e-03 5.839599762112e-03 6.505319848657e-03 6.886374205351e-03 4.300041589886e-03 3.566550556570e-03 3.759076585993e-03 3.498612204567e-03 3.024776233360e-03 2.492885803804e-03 2.263254253194e-03 2.281348453835e-03 2.614591270685e-03 2.576089696959e-03 2.215128159150e-03 2.542051253840e-03 3.233565716073e-03 3.832356305793e-03 4.494832362980e-03 6.395648699254e-03 6.681770086288e-03 6.786151323467e-03 9.460937231779e-03 9.291283786297e-03 2.273017168045e-02 3.162479400635e-02 4.274457320571e-02 8.801538497210e-02 1.559741050005e-01 1.142026633024e-01 2.160821408033e-01 1.340579837561e-01 7.520691305399e-02 6.234519928694e-02 5.678077414632e-02 6.847292929888e-02 6.448706239462e-02 8.030202239752e-02 7.942806184292e-02 9.217186272144e-02
3.041950752959e-03 2.983607351780e-03 3.349237143993e-03 3.849555505440e-03 4.149232991040e-03 3.991303034127e-03 3.915578592569e-03 3.680355381221e-03 4.025866277516e-03 4.001390654594e-03 3.735323669389e-03 3.255765186623e-03 2.663535298780e-03 2.329902257770e-03 2.101860707626e-03 2.096279524267e-03 2.366161206737e-03 2.399966120720e-03 2.406676067039e-03 2.911018906161e-03 3.376577282324e-03 4.026170819998e-03 6.153403315693e-03 6.912420969456e-03 7.459996733814e-03 1.543439365923e-02 2.124802209437e-02 2.735592238605e-02 3.842913731933e-02 4.181651771069e-02 9.077697247267e-02 1.726957410574e-01 8.155935257673e-02 8.669976890087e-02 1.581922173500e-01 1.346626132727e-01 8.979271352291e-02 7.609741389751e-02 9.578154236078e-02 4.911598563194e-02 6.522284448147e-02 8.055921643972e-02 9.606928378344e-02
2.498206682503e-03 2.807502169162e-03 2.935340628028e-03 2.897360129282e-03 3.254857379943e-03 3.593152854592e-03 3.874277928844e-03 3.444202477112e-03 3.323138225824e-03 3.435285994783e-03 3.695178776979e-03 3.679072950035e-03 3.165885340422e-03 2.668000292033e-03 2.527073258534e-03 2.292065182701e-03 1.974635757506e-03 2.182709984481e-03 2.476431895047e-03 2.742644632235e-03 3.016447648406e-03 3.469279035926e-03 5.237741395831e-03 5.110201891512e-03 5.630595609546e-03 1.399000734091e-02 2.994485013187e-02 4.043681919575e-02 5.692556500435e-02 2.992610633373e-02 8.794560283422e-02 4.393604025245e-02 4.721671342850e-02 5.437158048153e-02 8.654866367579e-02 9.491385519505e-02 1.278156936169e-01 1.170039549470e-01 8.339346945286e-02 7.137224823236e-02 5.461736395955e-02 5.885187536478e-02 4.806371405721e-02
2.434652065858e-03 2.683043014258e-03 2.654139650986e-03 2.615869510919e-03 2.803067909554e-03 3.245342057198e-03 3.514693584293e-03 3.140944056213e-03 2.463445300236e-03 2.627453068271e-03 2.852463396266e-03 3.359756665304e-03 3.489414229989e-03 2.898552455008e-03 2.721554599702e-03 3.300475655124e-03 2.926183398813e-03 2.368776360527e-03 2.583583584055e-03 2.693766960874e-03 3.304260084406e-03 3.667779965326e-03 4.109587054700e-03 5.031146574765e-03 5.838314536959e-03 1.018460560590e-02 2.157034911215e-02 2.567548118532e-02 3.528896346688e-02 1.998889632523e-02 4.231464862823e-02 3.218656778336e-02 5.350546166301e-02 3.284012153745e-02 6.473942846060e-02 4.833031073213e-02 7.702825218439e-02 9.433717280626e-02 8.731526136398e-02 1.182942464948e-01 1.080135256052e-01 8.658361434937e-02 7.242639362812e-02
2.346599707380e-03 2.528191544116e-03 2.415207214653e-03 2.373346360400e-03 2.387160900980e-03 2.434284659103e-03 2.698204247281e-03 2.551332348958e-03 3.044378478080e-03 3.294397378340e-03 2.989652799442e-03 3.018441144377e-03 3.333237953484e-03 3.470928641036e-03 3.169687697664e-03 4.093253985047e-03 3.643924603239e-03 2.789751160890e-03 2.806932432577e-03 2.795136300847e-03 3.213044023141e-03 3.484742017463e-03 3.902346361428e-03 5.189602263272e-03 6.099072284997e-03 9.138069115579e-03 1.373307313770e-02 1.585566438735e-02 1.702734641731e-02 2.150613442063e-02 3.568999096751e-02 5.470099672675e-02 3.700792416930e-02 8.882625401020e-02 3.064183890820e-02 4.020590335131e-02 8.241526037455e-02 1.153161749244e-01 5.652060359716e-02 6.392914801836e-02 4.051790758967e-02 7.674492150545e-02 6.748364865780e-02
2.094235736877e-03 2.255655126646e-03 2.154993126169e-03 2.046111971140e-03 1.896794652566e-03 1.955430489033e-03 2.076471224427e-03 2.800273476169e-03 3.478882135823e-03 3.573558758944e-03 3.123757895082e-03 3.451512660831e-03 3.842987585813e-03 3.744063666090e-03 3.716561011970e-03 3.847614862025e-03 4.130647983402e-03 4.834962543100e-03 4.343122709543e-03 3.899265080690e-03 4.011016804725e-03 4.325643181801e-03 5.171056371182e-03 5.273749586195e-03 6.412174552679e-03 7.885627448559e-03 1.294119097292e-02 1.291795074940e-02 2.304764650762e-02 4.656411334872e-02 5.781817436218e-02 2.968842163682e-02 2.977255173028e-02 9.310114383698e-02 4.751695320010e-02 5.842875316739e-02 5.176911503077e-02 6.730655580759e-02 4.918073862791e-02 1.871537044644e-02 1.779616065323e-02 2.406790480018e-02 4.803100228310e-02
1.941113849171e-03 1.942841452546e-03 1.902379910462e-03 1.864060061052e-03 1.906346529722e-03 2.040338702500e-03 2.155248541385e-03 2.610800554976e-03 2.927582710981e-03 2.770894905552e-03 3.280524630100e-03 3.529967973009e-03 3.426653798670e-03 3.609879640862e-03 4.941695369780e-03 6.881650537252e-03 7.783697918057e-03 9.873806498945e-03 9.854880161583e-03 1.060928404331e-02 7.571860216558e-03 7.253875024617e-03 8.415646851063e-03 7.047626189888e-03 8.034796454012e-03 1.113498955965e-02 3.409052640200e-02 3.180395066738e-02 2.985991910100e-02 4.021731019020e-02 2.269254066050e-02 2.408972010016e-02 3.294750675559e-02 1.835655979812e-02 1.011620759964e-01 1.395431607962e-01 1.246738061309e-01 2.870640903711e-02 1.347366720438e-02 1.114928722382e-02 1.090553309768e-02 1.291002333164e-02 1.367537118495e-02
1.804378000088e-03 1.871542190202e-03 1.782661536708e-03 1.913489075378e-03 2.072535222396e-03 2.370982198045e-03 2.371306298301e-03 2.690342022106e-03 2.966213040054e-03 3.451908240095e-03 3.613667795435e-03 4.290010780096e-03 4.495864734054e-03 4.157441202551e-03 1.004432328045e-02 3.604350611567e-02 2.848435752094e-02 1.703804172575e-02 1.915975473821e-02 2.384810522199e-02 1.762320846319e-02 9.312138892710e-03 1.084109023213e-02 1.357176713645e-02 1.318986434489e-02 2.456978522241e-02 3.457576036453e-02 3.119703009725e-02 2.497942745686e-02 2.273965440691e-02 2.573201805353e-02 2.445313706994e-02 1.802366226912e-02 1.500579807907e-02 2.554780431092e-02 1.175943315029e-01 1.226401925087e-01 2.529507689178e-02 8.885479532182e-03 9.049899876118e-03 8.190226741135e-03 7.870649918914e-03 1.283242460340e-02
1.809086068533e-03 1.949012395926e-03 2.448557876050e-03 2.740439958870e-03 2.540531102568e-03 4.216497298330e-03 4.961446393281e-03 5.020374897867e-03 4.185685887933e-03 4.085578955710e-03 4.528666846454e-03 5.691586527973e-03 5.673000589013e-03 2.082106843591e-02 1.471394896507e-01 1.853357106447e-01 8.652490377426e-02 4.985764250159e-02 3.978931158781e-02 3.185603022575e-02 1.534211821854e-02 1.476976182312e-02 3.227592259645e-02 6.888170540333e-02 5.647146701813e-02 3.011995553970e-02 3.516982868314e-02 2.865444682539e-02 3.031156025827e-02 1.937126368284e-02 2.085526846349e-02 1.681870408356e-02 1.593272387981e-02 1.125595439225e-02 7.423140108585e-03 2.419522404671e-02 2.672876976430e-02 6.541003938764e-03 4.370046779513e-03 5.142713896930e-03 6.359261926264e-03 7.109437603503e-03 6.647845264524e-03
2.208103425801e-03 3.483531996608e-03 4.756322130561e-03 5.170064512640e-03 6.695999763906e-03 8.912333287299e-03 8.764358237386e-03 7.730075158179e-03 6.639197934419e-03 5.114436149597e-03 6.115748547018e-03 6.761584896594e-03 3.743181750178e-02 2.063582241535e-01 2.822104096413e-01 9.846450388432e-02 3.150365129113e-02 1.925273798406e-02 1.949007250369e-02 1.704045012593e-02 1.635953597724e-02 3.731540590525e-02 7.355880737305e-02 9.780746698380e-02 7.870411872864e-02 4.054785892367e-02 2.791910432279e-02 2.061746269464e-02 1.854998618364e-02 1.659668609500e-02 1.849561929703e-02 1.026347838342e-02 1.157806161791e-02 9.383078664541e-03 5.892015527934e-03 3.491924609989e-03 2.863606670871e-03 2.798782661557e-03 2.939873840660e-03 3.661020193249e-03 4.915743600577e-03 6.216665729880e-03 6.359659601003e-03
3.672773484141e-03 5.501140840352e-03 7.315571885556e-03 9.748755954206e-03 1.886371895671e-02 1.878796145320e-02 2.629723958671e-02 1.884773001075e-02 2.142577618361e-02 1.272802799940e-02 7.141130976379e-03 4.887219518423e-02 1.967304050922e-01 1.957736313343e-01 5.122620612383e-02 1.560402195901e-02 2.932681888342e-02 3.879074752331e-02 2.757081389427e-02 3.190987929702e-02 3.829725086689e-02 3.829548507929e-02 5.562286451459e-02 4.542925581336e-02 3.078896924853e-02 2.396170422435e-02 1.493374630809e-02 5.826448556036e-03 5.937472451478e-03 5.903679877520e-03 7.556753233075e-03 5.523015279323e-03 4.863683134317e-03 3.129723249003e-03 3.228813642636e-03 3.308611689135e-03 3.431362798437e-03 3.615367459133e-03 3.857079893351e-03 4.163400270045e-03 4.203178454190e-03 5.219090729952e-03 6.609985139221e-03
