100/SI/f16.grd
DSAA
101	101
32.816463539100	34.260883539100
35.556306596100	36.727886596100
2.973835216835e-05	4.842821121216e+00
[rows 38 to 56 of 101, columns 43 to 85 of 101]
2.964045107365e-01 4.602325558662e-01 4.918942749500e-01 2.919992804527e-01 4.887431263924e-01 2.404499948025e-01 2.472211569548e-01 3.313829898834e-01 2.844733595848e-01 2.281998246908e-01 3.354712128639e-01 1.744218021631e-01 1.914302557707e-01 1.619262993336e-01 2.515724301338e-01 1.832091808319e-01 1.985687613487e-01 1.126746088266e-01 1.536031067371e-01 2.331886887550e-01 2.377490699291e-01 1.823074370623e-01 1.257814615965e-01 9.957409650087e-02 8.595772832632e-02 7.775313407183e-02 7.151366770267e-02 7.337721437216e-02 6.529052555561e-02 4.901850223541e-02 4.876241832972e-02 5.773557722569e-02 6.599824130535e-02 6.788387149572e-02 6.885922700167e-02 6.901949644089e-02 6.798691302538e-02 6.281092762947e-02 5.579805746675e-02 4.975045844913e-02 4.484706744552e-02 4.377356171608e-02 3.808696940541e-02
2.965844273567e-01 6.101544499397e-01 3.937943875790e-01 5.498362779617e-01 3.954907059669e-01 5.593293309212e-01 4.700529277325e-01 2.909174561501e-01 2.957477867603e-01 2.380673438311e-01 3.805741071701e-01 2.462528944016e-01 1.604429334402e-01 1.835507601500e-01 3.340604603291e-01 1.992863267660e-01 2.277794033289e-01 3.560018241405e-01 3.192344307899e-01 2.164261639118e-01 1.462037414312e-01 9.940372407436e-02 9.065939486027e-02 8.193383365870e-02 8.250354975462e-02 7.885311543941e-02 6.912761926651e-02 6.031484156847e-02 5.444171279669e-02 5.445471405983e-02 5.980333685875e-02 5.619176477194e-02 4.613735526800e-02 3.892600908875e-02 3.762447461486e-02 3.246307745576e-02 2.878759242594e-02 3.227013722062e-02 3.665979206562e-02 4.136282205582e-02 4.577840119600e-02 6.666371971369e-02 6.869518756866e-02
4.367143511772e-01 3.052880167961e-01 5.368587374687e-01 4.255769252777e-01 4.522138535976e-01 5.891551971436e-01 3.594440221786e-01 3.266669213772e-01 2.334519922733e-01 2.419965118170e-01 4.070314764977e-01 2.206679284573e-01 2.262253165245e-01 2.221353203058e-01 2.707136273384e-01 4.373250603676e-01 2.984414696693e-01 1.547390967607e-01 1.454029530287e-01 9.590107947588e-02 7.290034741163e-02 1.041834354401e-01 1.372475177050e-01 1.237951442599e-01 8.911698311567e-02 7.807772606611e-02 7.634028047323e-02 7.040125131607e-02 6.082222238183e-02 5.656563490629e-02 5.323568731546e-02 5.387281998992e-02 5.155329406261e-02 4.794236645103e-02 4.670484736562e-02 4.909464344382e-02 4.844260960817e-02 4.398605599999e-02 5.885700136423e-02 8.017170429230e-02 6.579454988241e-02 4.986948519945e-02 4.308889061213e-02
4.813870191574e-01 4.436252117157e-01 6.997177004814e-01 5.846677422523e-01 5.531253218651e-01 6.092437505722e-01 5.746833086014e-01 3.171047866344e-01 3.577066361904e-01 3.388234674931e-01 4.013149142265e-01 3.134938180447e-01 2.895888388157e-01 4.955262243748e-01 3.195170462132e-01 2.368497401476e-01 2.012585699558e-01 1.630173623562e-01 1.201091185212e-01 1.952971220016e-01 2.103461623192e-01 1.103557348251e-01 1.719940304756e-01 1.292448937893e-01 1.157826259732e-01 1.017619520426e-01 8.971963822842e-02 8.020102232695e-02 7.223063707352e-02 7.167728245258e-02 1.342749297619e-01 5.713039636612e-02 5.422358587384e-02 5.135998502374e-02 6.483034044504e-02 8.096197247505e-02 7.448180019855e-02 8.513475209475e-02 7.389910519123e-02 8.088269084692e-02 8.148317784071e-02 7.958113402128e-02 7.296153903008e-02
4.593502283096e-01 6.366691589355e-01 5.486377477646e-01 5.448811650276e-01 5.061681866646e-01 6.393101215363e-01 1.011469006538e+00 4.364686310291e-01 5.096998810768e-01 5.075265765190e-01 4.629357755184e-01 4.667481482029e-01 5.286599397659e-01 3.015111088753e-01 3.269669413567e-01 1.844802647829e-01 2.507733702660e-01 3.353413045406e-01 2.638055682182e-01 2.511853575706e-01 2.612374424934e-01 1.743806153536e-01 1.091112196445e-01 1.059145629406e-01 9.824039787054e-02 9.203185886145e-02 1.123145520687e-01 1.942976117134e-01 2.333957701921e-01 2.072096914053e-01 1.023866683245e-01 7.402719557285e-02 7.031344622374e-02 7.584310323000e-02 9.584230929613e-02 9.818946570158e-02 8.877856284380e-02 7.947661727667e-02 6.060268729925e-02 7.526932656765e-02 8.978056907654e-02 8.954986929893e-02 8.604642003775e-02
5.438759922981e-01 7.898595929146e-01 1.306496024132e+00 7.986707091331e-01 1.289884686470e+00 6.623517274857e-01 1.582945346832e+00 4.547110497952e-01 8.879130482674e-01 6.338772773743e-01 5.547119975090e-01 5.421738028526e-01 3.074196577072e-01 3.748016059399e-01 4.251227378845e-01 4.153326749802e-01 2.569186091423e-01 1.523236632347e-01 3.271254599094e-01 2.829660177231e-01 1.550639718771e-01 1.416589915752e-01 1.339514851570e-01 2.438958138227e-01 3.000304996967e-01 2.652930617332e-01 1.745616197586e-01 1.253213584423e-01 1.362609863281e-01 8.634177595377e-02 6.945180892944e-02 1.042039543390e-01 1.295313388109e-01 1.161630898714e-01 1.023726835847e-01 1.387759745121e-01 1.643305569887e-01 1.469374001026e-01 1.053495332599e-01 7.838856428862e-02 9.789718687534e-02 1.074653118849e-01 1.132639721036e-01
6.701256632805e-01 8.450078368187e-01 9.955250620842e-01 1.323660373688e+00 1.105790972710e+00 1.121710181236e+00 1.855560064316e+00 7.388710379601e-01 8.560318350792e-01 6.738421916962e-01 6.798983812332e-01 3.931398391724e-01 4.250763952732e-01 5.311286449432e-01 4.144546985626e-01 2.962486445904e-01 4.275111854076e-01 3.970244824886e-01 3.138261139393e-01 3.971850574017e-01 4.021940529346e-01 3.488965630531e-01 2.497709840536e-01 1.366448849440e-01 1.500695794821e-01 1.354633718729e-01 1.073997169733e-01 1.108661144972e-01 1.199189722538e-01 1.288869976997e-01 1.255010962486e-01 1.070593148470e-01 1.028448790312e-01 8.636145293713e-02 1.579280644655e-01 1.929526776075e-01 1.809051036835e-01 1.332453787327e-01 8.070471137762e-02 4.931975156069e-02 6.867910921574e-02 7.879870384932e-02 7.251656055450e-02
6.363829970360e-01 9.355430006981e-01 1.108070254326e+00 1.055309414864e+00 1.571750640869e+00 1.175281167030e+00 1.889569997787e+00 1.041310310364e+00 8.911179900169e-01 9.887017607689e-01 7.562647461891e-01 4.992298781872e-01 4.942480921745e-01 5.285369157791e-01 3.052833974361e-01 4.514323174953e-01 5.825616121292e-01 4.022202193737e-01 2.391817718744e-01 2.374190390110e-01 2.091837674379e-01 1.619556695223e-01 1.561104357243e-01 1.727760881186e-01 1.728509962559e-01 1.526760905981e-01 1.322111040354e-01 1.289426386356e-01 1.075065881014e-01 1.180566325784e-01 1.133333593607e-01 1.034154742956e-01 7.173527032137e-02 1.316276490688e-01 1.569789648056e-01 1.488337665796e-01 1.039480641484e-01 5.589723587036e-02 7.687426358461e-02 7.232269644737e-02 5.413785576820e-02 5.233998224139e-02 5.659176781774e-02
9.421946406364e-01 1.317866802216e+00 1.346529245377e+00 1.461048364639e+00 1.592987537384e+00 2.006428956985e+00 1.892453908920e+00 3.682250738144e+00 1.356010317802e+00 8.591248989105e-01 7.981119155884e-01 7.108236551285e-01 6.037664413452e-01 9.216290116310e-01 8.044381141663e-01 4.704204499722e-01 4.355937838554e-01 4.525117874146e-01 3.316108584404e-01 2.927744686604e-01 2.901250422001e-01 2.760386765003e-01 2.963935136795e-01 2.211823612452e-01 2.838005423546e-01 2.512748241425e-01 1.579885929823e-01 1.438796669245e-01 1.456578224897e-01 1.360297054052e-01 1.161933839321e-01 1.121933832765e-01 1.171412765980e-01 1.347808837891e-01 1.253157705069e-01 9.616461396217e-02 7.324892282486e-02 6.597135961056e-02 6.441921740770e-02 6.379380822182e-02 6.240694224834e-02 6.015486642718e-02 5.883378908038e-02
5.981179475784e-01 1.743957757950e+00 1.203207731247e+00 1.505607247353e+00 2.376524925232e+00 1.900176525116e+00 2.256419897079e+00 2.687870025635e+00 1.325742959976e+00 1.251027107239e+00 1.591940522194e+00 1.012454867363e+00 1.256226897240e+00 9.762014746666e-01 8.172421455383e-01 7.129757404327e-01 6.062035560608e-01 5.246860980988e-01 4.631149470806e-01 6.501449346542e-01 7.607992887497e-01 3.178662657738e-01 2.076497524977e-01 2.111690491438e-01 2.963968813419e-01 1.856009662151e-01 1.604736596346e-01 1.520545184612e-01 1.405294835567e-01 1.337533444166e-01 1.284852623940e-01 1.329584717751e-01 1.407240182161e-01 1.203227043152e-01 9.209671616554e-02 8.581986278296e-02 8.129893243313e-02 6.695736944675e-02 6.625507026911e-02 6.691141426563e-02 6.175678223372e-02 6.328905373812e-02 6.649545580149e-02
1.611039400101e+00 1.883794903755e+00 2.153191328049e+00 2.270687103271e+00 2.634227514267e+00 3.649434566498e+00 4.842821121216e+00 2.241339683533e+00 1.806056022644e+00 1.260984063148e+00 1.793328166008e+00 1.786683082581e+00 6.764739155769e-01 1.078749418259e+00 1.182996988297e+00 5.865887403488e-01 5.423313975334e-01 5.751762986183e-01 6.352972388268e-01 7.500683069229e-01 5.800789594650e-01 2.451802641153e-01 2.803129553795e-01 2.283924520016e-01 2.140146046877e-01 1.828255057335e-01 1.778388768435e-01 1.765379160643e-01 1.467228084803e-01 1.019100770354e-01 9.102517366409e-02 9.977181255817e-02 1.059259697795e-01 1.088402867317e-01 1.067729145288e-01 1.022633239627e-01 9.118603169918e-02 9.343077242374e-02 1.042069122195e-01 1.067798584700e-01 9.566891938448e-02 8.307504653931e-02 7.252823561430e-02
1.074504852295e+00 1.914413571358e+00 1.974698662758e+00 2.504207611084e+00 2.490654230118e+00 2.461653232574e+00 2.418464183807e+00 1.997456789017e+00 1.398302793503e+00 1.590627908707e+00 1.527896404266e+00 1.614531636238e+00 1.951866984367e+00 8.720212578773e-01 7.222394943237e-01 4.486730098724e-01 4.091312289238e-01 2.892046570778e-01 2.610715329647e-01 2.244103103876e-01 1.948415935040e-01 2.207705080509e-01 2.721945941448e-01 3.133031129837e-01 3.208082020283e-01 2.817906737328e-01 2.265940606594e-01 1.571776419878e-01 1.104896888137e-01 9.112319350243e-02 7.273335009813e-02 8.192574232817e-02 1.065962389112e-01 7.336232811213e-02 8.085830509663e-02 8.838276565075e-02 7.067146897316e-02 8.625556528568e-02 1.019798070192e-01 1.080874130130e-01 1.227202489972e-01 1.542412191629e-01 1.751895695925e-01
4.238860011101e-01 5.786101818085e-01 9.098939895630e-01 4.304286479950e+00 2.380154848099e+00 2.267498493195e+00 1.262236118317e+00 1.301800131798e+00 1.199920415878e+00 1.915086269379e+00 1.780366063118e+00 2.518070697784e+00 3.647097110748e+00 2.678082227707e+00 1.747001767159e+00 8.057534694672e-01 3.800824284554e-01 2.714872062206e-01 2.465312629938e-01 3.300268650055e-01 4.295375347137e-01 3.977889418602e-01 2.937313914299e-01 1.888911724091e-01 2.074907273054e-01 1.964976936579e-01 2.824470996857e-01 4.219701588154e-01 1.962083727121e-01 1.022654920816e-01 9.462372213602e-02 1.552750170231e-01 1.045703887939e-01 6.392614543438e-02 5.592108145356e-02 5.807840451598e-02 5.828527733684e-02 6.000256165862e-02 6.109593808651e-02 6.107326969504e-02 6.118628755212e-02 6.772166490555e-02 5.911444872618e-02
7.666135579348e-02 1.957827508450e-01 4.750624895096e-01 6.173287630081e-01 6.270180940628e-01 6.174008250237e-01 4.786758720875e-01 6.510230898857e-01 6.665472984314e-01 1.038997054100e+00 2.101523876190e+00 2.372309446335e+00 3.259828567505e+00 1.911833167076e+00 1.357294440269e+00 7.704113721848e-01 3.526247143745e-01 1.855759024620e-01 1.937627196312e-01 4.307923018932e-01 1.374882698059e+00 5.771165490150e-01 4.936041235924e-01 3.625570833683e-01 3.697520196438e-01 3.177472352982e-01 3.447886109352e-01 2.419606149197e-01 1.187574788928e-01 1.565550416708e-01 1.319362074137e-01 1.337063759565e-01 8.106470853090e-02 7.351817935705e-02 5.130055546761e-02 4.687349498272e-02 4.903716966510e-02 4.896612837911e-02 5.290796235204e-02 4.865692183375e-02 6.334254890680e-02 7.442206889391e-02 7.199686020613e-02
5.410057678819e-02 1.010973230004e-01 3.040681779385e-01 1.800898611546e-01 1.492716819048e-01 1.216039285064e-01 1.844428628683e-01 3.047097027302e-01 3.183896839619e-01 3.385919332504e-01 9.591194391251e-01 4.798823833466e+00 3.750541925430e+00 1.696799278259e+00 7.855687737465e-01 2.241435050964e-01 1.341034322977e-01 8.830018341541e-02 1.097525283694e-01 2.803049087524e-01 6.429442763329e-01 1.120636343956e+00 5.617144703865e-01 4.276690781116e-01 3.375892639160e-01 2.535246908665e-01 2.691078484058e-01 2.511234283447e-01 2.205565124750e-01 1.986648887396e-01 2.423913478851e-01 1.036400198936e-01 9.620810300112e-02 7.766396552324e-02 7.934966683388e-02 7.395707070827e-02 6.182247400284e-02 5.321473628283e-02 6.053570657969e-02 6.989084184170e-02 8.189221471548e-02 8.064772188663e-02 6.879581511021e-02
3.629792109132e-02 1.483955383301e-01 3.511416912079e-01 2.917562127113e-01 6.350174546242e-02 7.426787912846e-02 7.103960961103e-02 1.442608386278e-01 1.653773337603e-01 3.465236425400e-01 5.780671238899e-01 1.326056957245e+00 2.796034574509e+00 1.901472330093e+00 2.566083908081e+00 6.203814148903e-01 7.607041299343e-02 4.793225228786e-02 7.557801902294e-02 2.509257495403e-01 7.768271565437e-01 1.200399398804e+00 9.167228937149e-01 6.243994832039e-01 4.340130984783e-01 2.731840610504e-01 3.099949955940e-01 2.298581600189e-01 2.216737270355e-01 2.206527590752e-01 1.834809333086e-01 1.464170962572e-01 1.031686812639e-01 1.097455844283e-01 9.830309450626e-02 7.875443249941e-02 6.998997926712e-02 6.493970006704e-02 5.989808961749e-02 6.995780020952e-02 7.677412033081e-02 7.468761503696e-02 6.619685143232e-02
3.064082376659e-02 7.559183239937e-02 5.178337693214e-01 6.177520155907e-01 3.226825296879e-01 5.014359578490e-02 3.818030282855e-02 7.204369455576e-02 7.200130820274e-02 5.827022343874e-02 4.919032752514e-02 2.163787037134e-01 9.473102688789e-01 5.774458050728e-01 3.188226699829e+00 3.883491456509e-01 2.228910028934e-01 8.650711178780e-02 6.699179112911e-02 2.169261425734e-01 4.274481236935e-01 3.772734880447e+00 1.168129205704e+00 5.088635087013e-01 5.158771276474e-01 2.718818783760e-01 2.918797731400e-01 2.511768639088e-01 3.580827713013e-01 2.751716077328e-01 1.578188985586e-01 1.561604291201e-01 1.458830237389e-01 1.390503942966e-01 1.365938931704e-01 1.089279800653e-01 1.069968566298e-01 1.184137836099e-01 7.652310281992e-02 5.858675763011e-02 5.787169188261e-02 5.719224736094e-02 6.676421314478e-02
1.968631334603e-02 3.403749316931e-02 4.257455095649e-02 2.401961684227e-01 1.479644328356e-01 3.578491136432e-02 3.052680008113e-02 3.598588332534e-02 3.378641605377e-02 3.234633430839e-02 2.336505800486e-02 2.615302801132e-02 8.071067929268e-02 5.359039306641e-01 1.473911404610e+00 3.528379797935e-01 2.991241812706e-01 1.396625936031e-01 7.952570915222e-02 1.563877463341e-01 1.807688176632e-01 2.488037645817e-01 2.258747965097e-01 1.716444194317e-01 2.534121870995e-01 4.213991463184e-01 3.732126951218e-01 3.730542063713e-01 2.369580268860e-01 3.111979961395e-01 3.246786296368e-01 2.830425500870e-01 1.730512380600e-01 1.436872780323e-01 1.373813897371e-01 1.199785694480e-01 1.025665327907e-01 1.037247478962e-01 1.006210371852e-01 6.660939753056e-02 5.473784729838e-02 5.642802640796e-02 6.155494228005e-02
2.167789451778e-02 3.470670059323e-02 2.281318046153e-02 2.553688362241e-02 2.594305202365e-02 3.057699277997e-02 2.832658030093e-02 2.683118171990e-02 2.485092170537e-02 1.872076652944e-02 1.297752093524e-02 1.109854970127e-02 1.855032332242e-02 5.429240465164e-01 8.179922699928e-01 9.280638694763e-01 2.434452474117e-01 2.710744738579e-01 2.444721013308e-01 9.325858950615e-02 1.012082844973e-01 1.907863467932e-01 5.227517485619e-01 4.783261120319e-01 6.238635182381e-01 6.280105113983e-01 5.889573693275e-01 5.568063855171e-01 5.284509658813e-01 5.048373937607e-01 5.378535389900e-01 6.591978073120e-01 5.636065602303e-01 2.309303879738e-01 9.425907582045e-02 1.111177429557e-01 1.216124072671e-01 8.399941027164e-02 8.255974948406e-02 5.839573591948e-02 5.747604742646e-02 4.290068894625e-02 4.824977740645e-02
