100/SI/f163_max.grd
DSAA
101	101
32.816463539100	34.260883539100
35.556306596100	36.727886596100
2.290508018632e-05	3.726719141006e+00
[rows 38 to 56 of 101, columns 0 to 42 of 101]
8.943645283580e-03 1.887146942317e-02 2.041105553508e-02 2.126356028020e-02 2.521731331944e-02 3.090184926987e-02 3.567796945572e-02 4.062462598085e-02 4.462934657931e-02 4.075785353780e-02 3.345003724098e-02 2.730040065944e-02 2.700878493488e-02 2.660798281431e-02 2.822918631136e-02 3.168898820877e-02 3.585543856025e-02 6.662610173225e-02 1.079845726490e-01 1.159262657166e-01 9.347047656775e-02 7.891799509525e-02 5.269145965576e-02 6.162885949016e-02 1.222352012992e-01 1.587337106466e-01 1.528499424458e-01 1.092925369740e-01 7.868882268667e-02 8.728779107332e-02 9.227161109447e-02 1.126459017396e-01 1.544959694147e-01 1.525927931070e-01 1.432120800018e-01 8.549518138170e-02 1.168262660503e-01 1.313198953867e-01 1.300686597824e-01 1.997137963772e-01 2.181131690741e-01 3.235989511013e-01 2.618359625340e-01
1.315661612898e-02 2.342411316931e-02 1.964581012726e-02 1.928204484284e-02 2.747632004321e-02 3.338865563273e-02 4.382823780179e-02 5.510179698467e-02 6.142454221845e-02 5.751571804285e-02 4.180900007486e-02 3.266356512904e-02 2.814909443259e-02 2.869406342506e-02 3.078818321228e-02 3.327456861734e-02 3.545517474413e-02 3.736420348287e-02 5.877321213484e-02 8.227280527353e-02 8.405322581530e-02 8.219790458679e-02 8.498433977365e-02 7.041978091002e-02 6.543771177530e-02 7.270588725805e-02 9.781916439533e-02 1.842539012432e-01 2.468204796314e-01 2.503863573074e-01 1.965140402317e-01 9.681419283152e-02 1.095593869686e-01 9.269446134567e-02 1.853319406509e-01 1.660462617874e-01 1.085298135877e-01 1.311803907156e-01 1.607831120491e-01 1.827402412891e-01 2.448201477528e-01 2.937287092209e-01 3.463523089886e-01
1.517729647458e-02 3.022852167487e-02 2.863766439259e-02 2.498728223145e-02 3.297411650419e-02 4.055688530207e-02 4.916886612773e-02 6.462899595499e-02 7.001385837793e-02 6.976938992739e-02 4.772392660379e-02 3.204169496894e-02 3.226154670119e-02 2.792438492179e-02 2.327620238066e-02 2.617524378002e-02 3.052742034197e-02 3.321263939142e-02 3.497387841344e-02 4.658984765410e-02 6.862035393715e-02 9.632272273302e-02 1.155411526561e-01 1.163900643587e-01 1.140454709530e-01 7.586760073900e-02 5.999185517430e-02 6.343191117048e-02 6.156931072474e-02 7.711741328239e-02 1.636021584272e-01 2.608743011951e-01 3.092462718487e-01 2.581834197044e-01 1.311013251543e-01 1.303707510233e-01 2.274341434240e-01 1.890737563372e-01 1.969303935766e-01 1.961211264133e-01 1.814125180244e-01 2.449769675732e-01 3.688120543957e-01
2.184712514281e-02 3.691020235419e-02 4.288966581225e-02 4.405792802572e-02 3.969871252775e-02 4.740330949426e-02 4.730590432882e-02 4.551792144775e-02 4.547934606671e-02 5.573489516973e-02 6.011782214046e-02 5.212626233697e-02 3.863376006484e-02 3.441594168544e-02 3.509863093495e-02 4.342245310545e-02 5.037645995617e-02 5.634621530771e-02 5.506981536746e-02 4.003093019128e-02 4.435146600008e-02 5.859618261456e-02 6.697019934654e-02 8.977974951267e-02 1.114232540131e-01 1.323166489601e-01 1.475599110126e-01 1.431610286236e-01 1.471607089043e-01 1.605703830719e-01 1.775526255369e-01 1.738893091679e-01 2.685105800629e-01 3.030345737934e-01 2.162956148386e-01 2.735725045204e-01 3.035414814949e-01 2.578085362911e-01 2.904212474823e-01 2.360608577728e-01 1.652809232473e-01 2.889105677605e-01 2.401542216539e-01
2.245284244418e-02 3.947267308831e-02 4.362892732024e-02 3.972393274307e-02 4.402184858918e-02 5.549950897694e-02 5.512676760554e-02 4.764698818326e-02 5.729365348816e-02 4.768737405539e-02 4.539178311825e-02 6.329548358917e-02 6.565562635660e-02 4.943200573325e-02 4.579754918814e-02 4.220540449023e-02 4.330753907561e-02 5.800525099039e-02 7.820922136307e-02 7.949800789356e-02 5.099853873253e-02 5.764810740948e-02 7.378327846527e-02 6.152489781380e-02 7.110427320004e-02 8.582870662212e-02 1.133020520210e-01 1.709980070591e-01 2.301220595837e-01 2.106540203094e-01 1.996818333864e-01 1.481728553772e-01 1.476771831512e-01 2.774662673473e-01 2.666454613209e-01 3.360394239426e-01 2.220841944218e-01 3.146297335625e-01 2.759301364422e-01 3.979930579662e-01 4.113464057446e-01 3.241217136383e-01 3.646960556507e-01
4.346047341824e-02 8.426639437675e-02 6.299399584532e-02 5.256448686123e-02 5.142892524600e-02 4.626972600818e-02 4.747004434466e-02 5.775510892272e-02 5.718530341983e-02 4.627868905663e-02 5.777387320995e-02 3.937672078609e-02 5.054329708219e-02 7.079086452723e-02 6.142722815275e-02 5.307938158512e-02 6.647223234177e-02 1.442348659039e-01 1.700073629618e-01 9.298798441887e-02 9.959124028683e-02 5.862484872341e-02 6.882454454899e-02 9.753455221653e-02 6.493902206421e-02 5.941792204976e-02 6.267075240612e-02 6.845056265593e-02 8.737918734550e-02 9.933137148619e-02 1.061130091548e-01 1.157776936889e-01 1.577254980803e-01 2.490131258965e-01 1.707308888435e-01 1.580308377743e-01 2.320230752230e-01 2.642373144627e-01 1.751158237457e-01 3.642134368420e-01 3.744749724865e-01 4.077180325985e-01 5.000609159470e-01
6.889753788710e-02 1.263625919819e-01 1.024490445852e-01 7.982905954123e-02 7.359544932842e-02 5.988479778171e-02 8.265718072653e-02 7.253675907850e-02 7.270187139511e-02 5.687508732080e-02 4.446754604578e-02 5.452583357692e-02 4.891697689891e-02 3.198681399226e-02 5.996928736567e-02 7.027246803045e-02 5.113034695387e-02 4.379964992404e-02 8.005958050489e-02 5.314562842250e-02 9.248661249876e-02 1.094188541174e-01 1.087290272117e-01 9.523431956768e-02 1.308008879423e-01 8.038458973169e-02 7.485741376877e-02 9.696901589632e-02 1.136558800936e-01 8.683591336012e-02 1.104303821921e-01 1.360065937042e-01 1.611067503691e-01 1.888960599899e-01 2.404773533344e-01 1.821908801794e-01 2.034626156092e-01 2.275695949793e-01 2.156767994165e-01 3.095240294933e-01 2.863506376743e-01 4.152579009533e-01 4.240286350250e-01
2.692014351487e-02 5.604895576835e-02 6.800486892462e-02 8.005572855473e-02 8.175680786371e-02 9.073333442211e-02 9.580562263727e-02 8.253708481789e-02 7.399219274521e-02 7.089918106794e-02 6.638789176941e-02 6.142969056964e-02 5.800349265337e-02 5.456838384271e-02 5.906335636973e-02 5.041953176260e-02 3.586327657104e-02 4.228637367487e-02 4.454822093248e-02 6.082338094711e-02 5.704126134515e-02 9.441110491753e-02 1.018483713269e-01 1.091448515654e-01 1.277006417513e-01 1.441745907068e-01 1.567223668098e-01 1.632196009159e-01 1.668232083321e-01 1.797094643116e-01 1.825226247311e-01 1.919447332621e-01 2.038625329733e-01 1.693064272404e-01 1.463265866041e-01 2.058376818895e-01 2.466983348131e-01 3.797760605812e-01 4.545499682426e-01 4.195525646210e-01 3.997604250908e-01 4.158762097359e-01 3.451216220856e-01
2.626665867865e-02 5.504305288196e-02 6.232701614499e-02 6.883747130632e-02 7.927886396646e-02 8.105116337538e-02 7.448788732290e-02 6.028409302235e-02 5.695102363825e-02 6.794149428606e-02 7.980939745903e-02 7.573013007641e-02 5.726237595081e-02 3.729610145092e-02 4.007060825825e-02 2.315055206418e-02 1.345659419894e-02 1.488081272691e-02 1.978504657745e-02 2.387118153274e-02 7.105023413897e-02 1.252553313971e-01 1.067159101367e-01 1.349381208420e-01 1.298902779818e-01 1.600147783756e-01 1.651613563299e-01 1.563845276833e-01 1.458504796028e-01 1.663963794708e-01 1.770071536303e-01 2.284497469664e-01 2.919780313969e-01 3.182004988194e-01 2.718839049339e-01 2.298603802919e-01 2.545323371887e-01 1.822036057711e-01 2.778529524803e-01 2.836140692234e-01 4.433153569698e-01 4.180563092232e-01 4.502078890800e-01
7.102150470018e-03 1.427518669516e-02 1.506993826479e-02 1.622331887484e-02 2.233018167317e-02 3.121920488775e-02 4.106241464615e-02 4.412112757564e-02 4.267663508654e-02 3.937909007072e-02 4.090323299170e-02 5.196943879128e-02 5.189080163836e-02 4.222238808870e-02 2.728190086782e-02 2.119334228337e-02 1.088443305343e-02 9.263490326703e-03 1.031128223985e-02 2.195176668465e-02 4.928740113974e-02 1.044659838080e-01 2.610905170441e-01 2.454382181168e-01 2.204849869013e-01 2.070749253035e-01 1.995774060488e-01 1.940333396196e-01 2.059705406427e-01 2.379643619061e-01 2.658104300499e-01 3.008672297001e-01 5.178657174110e-01 2.884773910046e-01 6.506054997444e-01 4.426199495792e-01 3.523747026920e-01 3.809961676598e-01 4.713297486305e-01 5.469912886620e-01 5.785388946533e-01 5.458917021751e-01 5.475933551788e-01
6.468707229942e-03 1.249549444765e-02 1.360613293946e-02 1.362939644605e-02 2.287987619638e-02 3.389503434300e-02 3.532445803285e-02 2.883126214147e-02 2.128616347909e-02 1.740401051939e-02 2.196579612792e-02 2.726121805608e-02 2.609884738922e-02 2.096903882921e-02 1.543463487178e-02 1.094516739249e-02 7.938262075186e-03 5.801889114082e-03 6.023685447872e-03 1.960287243128e-02 6.270779669285e-02 1.082375869155e-01 1.064776033163e-01 2.258078306913e-01 5.446630120277e-01 2.754942774773e-01 1.717079728842e-01 1.556116938591e-01 1.619266718626e-01 1.764188259840e-01 3.035565018654e-01 4.368146061897e-01 2.312276065350e-01 3.444782197475e-01 6.230620741844e-01 1.136676073074e+00 4.643973410130e-01 3.679141700268e-01 3.276545703411e-01 3.604818284512e-01 3.086163997650e-01 5.714172720909e-01 6.686593890190e-01
3.364220028743e-03 6.987086962909e-03 8.372640237212e-03 9.291015565395e-03 1.217977143824e-02 1.958377286792e-02 2.244052104652e-02 1.945983618498e-02 1.505844853818e-02 1.130226161331e-02 9.341539815068e-03 8.914303034544e-03 7.102124858648e-03 6.216585170478e-03 7.421462330967e-03 5.654232576489e-03 5.257847718894e-03 4.421458579600e-03 5.157658830285e-03 7.842435501516e-03 1.321868598461e-02 3.618956729770e-02 3.793413564563e-02 5.088967829943e-02 1.979151964188e-01 2.093157023191e-01 7.799210399389e-02 4.267306625843e-02 4.422994703054e-02 1.441995650530e-01 1.909429877996e-01 2.079172581434e-01 2.160836458206e-01 1.774433404207e-01 2.611401677132e-01 7.508419156075e-01 3.997145593166e-01 2.449817806482e-01 1.712087839842e-01 1.550107598305e-01 1.457730680704e-01 3.817456364632e-01 5.301514863968e-01
1.474297372624e-03 2.944905310869e-03 3.064027288929e-03 3.445702139288e-03 4.292923491448e-03 5.436447449028e-03 6.469463929534e-03 7.040870841593e-03 6.812291685492e-03 5.771807860583e-03 4.936758428812e-03 5.675593856722e-03 5.859161261469e-03 5.418519489467e-03 5.503777414560e-03 6.293512415141e-03 4.782560747117e-03 3.823156235740e-03 4.300194326788e-03 6.374483462423e-03 7.284780498594e-03 1.330680493265e-02 2.313627861440e-02 5.046054720879e-02 1.225096061826e-01 7.597918808460e-02 4.690853133798e-02 3.746275603771e-02 3.612161427736e-02 1.163581758738e-02 1.019673794508e-02 1.109307631850e-02 1.732203364372e-02 3.755708038807e-02 8.716614544392e-02 1.479929566383e+00 2.819884777069e+00 3.769753873348e-01 2.570837736130e-01 1.324474513531e-01 9.331654757261e-02 1.007902100682e-01 1.954413652420e-01
1.196259749122e-03 2.174949971959e-03 2.416258677840e-03 2.415553666651e-03 2.429758664221e-03 3.131408942863e-03 4.112069960684e-03 5.061268806458e-03 5.626387428492e-03 5.510170478374e-03 4.628183785826e-03 4.269152879715e-03 4.636834375560e-03 4.485185258090e-03 3.990595694631e-03 4.886203911155e-03 5.677345674485e-03 4.518221598119e-03 3.491987474263e-03 1.032436173409e-02 1.300153974444e-02 9.727004915476e-03 1.292453520000e-02 2.279480732977e-02 4.330752417445e-02 4.302249252796e-01 9.369579702616e-02 8.290319144726e-02 3.504334762692e-02 6.902210880071e-03 6.037392653525e-03 6.322743836790e-03 7.364504970610e-03 9.078192524612e-03 1.216662675142e-02 6.540950387716e-02 4.551585912704e-01 1.171606898308e+00 2.995561063290e-01 1.685519218445e-01 4.820643737912e-02 3.115319833159e-02 3.421463072300e-02
1.120622735471e-03 2.667873399332e-03 3.607064951211e-03 4.163031000644e-03 4.335015080869e-03 3.999744076282e-03 3.555728355423e-03 3.241934580728e-03 4.034816753119e-03 4.627336282283e-03 4.613077733666e-03 3.990711644292e-03 3.461993997917e-03 4.309506155550e-03 4.499555565417e-03 4.020604770631e-03 4.682316444814e-03 6.047079339623e-03 4.775084555149e-03 1.002363860607e-02 1.071671210229e-02 9.140659123659e-03 1.017622649670e-02 1.102318335325e-02 2.509965188801e-02 8.789041638374e-02 9.032544493675e-02 2.312631160021e-02 1.072221808136e-02 6.680056918412e-03 5.005824379623e-03 4.274344071746e-03 4.217001143843e-03 5.290045868605e-03 6.877218838781e-03 2.329576760530e-02 1.190660968423e-01 4.225363135338e-01 5.117098093033e-01 7.848755270243e-02 3.396407887340e-02 2.182974107563e-02 2.067980729043e-02
1.697536907159e-03 3.995505627245e-03 5.105525255203e-03 5.740473978221e-03 5.897156428546e-03 5.634794011712e-03 5.289192311466e-03 4.758031107485e-03 4.105894826353e-03 3.355982480571e-03 3.704893169925e-03 3.890749299899e-03 3.725527785718e-03 4.374638665468e-03 5.016709212214e-03 4.738623276353e-03 3.996089566499e-03 6.351759657264e-03 6.746830418706e-03 1.772170327604e-02 1.137730944902e-02 8.171817287803e-03 5.531657487154e-03 5.681784357876e-03 1.070637255907e-02 7.896053791046e-02 1.103342697024e-01 2.096872776747e-02 1.370789576322e-02 6.990470923483e-03 4.318163264543e-03 2.994927810505e-03 2.662084065378e-03 2.809705678374e-03 4.309216514230e-03 7.128364872187e-03 4.825548455119e-02 1.493361890316e-01 3.974195718765e-01 1.927495598793e-01 9.185294806957e-02 1.815392076969e-02 1.540864817798e-02
1.157552585937e-03 2.530094468966e-03 3.155161626637e-03 3.462055465207e-03 3.357090987265e-03 3.350317478180e-03 3.748512594029e-03 4.191236570477e-03 4.607495851815e-03 4.614114295691e-03 3.972871229053e-03 2.997595351189e-03 3.530358429998e-03 3.867921186611e-03 3.895543981344e-03 3.911983221769e-03 4.086527507752e-03 6.697977893054e-03 9.173151105642e-03 1.526803430170e-02 1.179657131433e-02 9.259133599699e-03 4.560613539070e-03 4.527862183750e-03 9.124863892794e-03 2.913429774344e-02 2.450716122985e-02 1.627568155527e-02 1.282629929483e-02 7.154777646065e-03 3.966113552451e-03 3.270385554060e-03 2.884090878069e-03 2.817657077685e-03 3.604776225984e-03 6.099255289882e-03 1.279995404184e-02 6.449492275715e-02 7.591579109430e-02 4.616074636579e-02 2.775285765529e-02 1.392939221114e-02 1.258075330406e-02
1.087838434614e-03 1.970611745492e-03 2.925078151748e-03 3.734160680324e-03 4.454427398741e-03 5.263630300760e-03 6.152119487524e-03 7.112845778465e-03 8.000886999071e-03 8.254786022007e-03 7.379310671240e-03 5.480675026774e-03 3.526274347678e-03 3.672832623124e-03 4.509284161031e-03 4.895399324596e-03 6.132049951702e-03 7.102122530341e-03 8.297498337924e-03 1.455572806299e-02 1.048878207803e-02 6.878989282995e-03 3.645317396149e-03 3.529917681590e-03 6.619657389820e-03 7.687903009355e-03 9.353370964527e-02 1.116220280528e-02 1.050615776330e-02 6.326981354505e-03 3.665449796245e-03 2.945576328784e-03 2.809801371768e-03 2.966453321278e-03 3.820685902610e-03 5.197266116738e-03 8.647542446852e-03 1.065425295383e-02 2.241108007729e-02 2.974327094853e-02 1.856372505426e-02 1.117649301887e-02 1.439714897424e-02
1.088332966901e-03 1.968984492123e-03 2.683673286811e-03 3.316484158859e-03 3.955235704780e-03 4.735458642244e-03 5.559728015214e-03 6.391342263669e-03 7.168883457780e-03 7.589414715767e-03 7.193002384156e-03 7.863231003284e-03 8.189686574042e-03 8.176749572158e-03 7.801191881299e-03 7.073484826833e-03 8.421714417636e-03 6.104044150561e-03 8.257127366960e-03 2.630566060543e-02 9.644415229559e-03 4.841576330364e-03 3.419456770644e-03 2.863867208362e-03 3.944723401219e-03 9.807535447180e-03 3.459006920457e-02 8.679341524839e-03 1.114816218615e-02 4.725634120405e-03 3.464773762971e-03 2.660913858563e-03 2.693747403100e-03 3.061022376642e-03 4.044579342008e-03 4.809408914298e-03 5.354537162930e-03 8.628057315946e-03 1.890412904322e-02 2.208183892071e-02 1.370855327696e-02 1.015557534993e-02 1.331975776702e-02
