100/SI/f163_max.grd
DSAA
101	101
32.816463539100	34.260883539100
35.556306596100	36.727886596100
2.290508018632e-05	3.726719141006e+00
[rows 57 to 75 of 101, columns 43 to 85 of 101]
1.577650010586e-02 1.866345666349e-02 9.536331519485e-03 1.054439134896e-02 1.044378336519e-02 1.679217256606e-02 1.893369108438e-02 2.555212378502e-02 2.230476588011e-02 1.215288322419e-02 8.462122641504e-03 7.116508204490e-03 5.227727349848e-03 9.263152256608e-03 3.879859298468e-02 1.302624046803e-01 2.882020473480e-01 2.717888057232e-01 3.943245112896e-01 1.326757073402e-01 3.821314126253e-02 2.923892810941e-02 5.304666981101e-02 9.726642817259e-02 1.664753407240e-01 1.509562432766e-01 1.641025543213e-01 1.330515444279e-01 1.737933605909e-01 1.600895226002e-01 1.689922511578e-01 1.259516924620e-01 1.310404688120e-01 1.839590668678e-01 1.142682507634e-01 7.171831279993e-02 8.369105309248e-02 1.173445433378e-01 1.471528112888e-01 1.064202859998e-01 4.431438818574e-02 3.904975950718e-02 3.774636983871e-02
1.261119730771e-02 2.130646258593e-02 7.696073967963e-03 8.173972368240e-03 8.100301027298e-03 1.219157874584e-02 2.382719144225e-02 7.677267491817e-02 6.111536547542e-02 1.312027312815e-02 7.813232950866e-03 5.278574302793e-03 4.087363835424e-03 4.031634423882e-03 8.077899925411e-03 7.774229347706e-02 9.107855707407e-02 9.450473636389e-02 7.678000628948e-02 7.773607969284e-02 5.681269243360e-02 4.316348209977e-02 3.330687806010e-02 1.993426866829e-02 5.175708606839e-02 1.035935282707e-01 1.809298396111e-01 1.842242777348e-01 2.010388076305e-01 1.105283722281e-01 1.456646770239e-01 1.328295171261e-01 1.138635650277e-01 1.002915650606e-01 1.019484251738e-01 7.661309838295e-02 7.516389340162e-02 9.047971665859e-02 8.896706998348e-02 8.155865222216e-02 8.470877259970e-02 8.889852464199e-02 8.326028287411e-02
1.042010542005e-02 1.006377581507e-02 7.012260146439e-03 7.435906678438e-03 7.562244310975e-03 1.109574921429e-02 3.387981653214e-02 9.085024148226e-02 8.728620409966e-02 1.955604553223e-02 8.006380870938e-03 4.527143202722e-03 3.225597087294e-03 2.946560969576e-03 3.002494573593e-03 3.763976972550e-03 5.207413807511e-03 7.087335456163e-03 9.218347258866e-03 1.132195815444e-02 1.334240660071e-02 1.569548621774e-02 1.055462099612e-02 1.060433033854e-02 2.547411061823e-02 1.185465455055e-01 2.042680978775e-01 2.318738102913e-01 2.224419414997e-01 2.245807349682e-01 1.479643732309e-01 1.280306726694e-01 1.086679697037e-01 9.918255358934e-02 1.392676681280e-01 1.200324520469e-01 9.957214444876e-02 6.237997114658e-02 6.695507466793e-02 5.626225844026e-02 4.966204985976e-02 4.688598215580e-02 4.099889099598e-02
9.621702134609e-03 8.672414347529e-03 6.785145029426e-03 7.537248544395e-03 8.570054545999e-03 1.126753911376e-02 8.311200886965e-02 8.810694515705e-02 1.079087108374e-01 1.502287108451e-02 7.027513347566e-03 4.375114105642e-03 2.936306642368e-03 2.385000931099e-03 2.271953271702e-03 2.384091494605e-03 2.925541950390e-03 3.857600502670e-03 5.594998132437e-03 6.506509613246e-03 7.441252470016e-03 1.493845041841e-02 7.651928346604e-03 7.035078015178e-03 2.170546352863e-02 4.829003289342e-02 1.727669686079e-01 1.918027997017e-01 2.045371830463e-01 2.185306996107e-01 1.817349046469e-01 1.406165659428e-01 9.769169241190e-02 1.252200603485e-01 8.715570718050e-02 7.669731974602e-02 6.360077112913e-02 5.258278176188e-02 4.944221675396e-02 4.866950213909e-02 5.160433799028e-02 7.333190739155e-02 1.019496172667e-01
8.156382478774e-03 6.360479164869e-03 6.665977183729e-03 7.995472289622e-03 1.250360254198e-02 2.047356776893e-02 6.210920959711e-02 1.376367062330e-01 5.293182656169e-02 8.397052995861e-03 5.111739970744e-03 3.730263793841e-03 2.680516103283e-03 2.011174801737e-03 1.841155695729e-03 1.838622498326e-03 1.990264514461e-03 2.678015036508e-03 3.689567558467e-03 4.219827242196e-03 4.392835311592e-03 9.120652452111e-03 5.441382061690e-03 5.965030752122e-03 1.320447213948e-02 4.531826078892e-02 1.226406544447e-01 1.666133105755e-01 1.729250997305e-01 1.318186819553e-01 1.015074253082e-01 1.455825567245e-01 9.959153085947e-02 7.023307681084e-02 7.792849838734e-02 9.847733378410e-02 8.916472643614e-02 6.308753788471e-02 5.890317261219e-02 5.740888044238e-02 5.565363913774e-02 6.179036200047e-02 7.681041955948e-02
5.916515830904e-03 4.896827973425e-03 6.125813815743e-03 1.451450400054e-02 3.308540210128e-02 7.640486210585e-02 1.113170906901e-01 7.003087550402e-02 7.433899678290e-03 5.086234305054e-03 3.653796156868e-03 3.010180545971e-03 2.350302180275e-03 1.916909008287e-03 1.689662109129e-03 1.758365193382e-03 1.832393696532e-03 2.215369604528e-03 3.198746126145e-03 3.935439046472e-03 4.178971052170e-03 4.437655210495e-03 4.457614384592e-03 6.599232088774e-03 1.609569042921e-02 4.224236309528e-02 5.181756615639e-02 5.195498093963e-02 1.001975759864e-01 1.158174797893e-01 1.360523551702e-01 8.673074096441e-02 1.124686226249e-01 8.267290890217e-02 9.243819117546e-02 1.088957861066e-01 2.179436236620e-01 1.374673247337e-01 8.088079094887e-02 6.629742681980e-02 6.820558011532e-02 6.702950596809e-02 6.475087255239e-02
3.816274926066e-03 4.011747892946e-03 5.075520370156e-03 6.419301964343e-03 1.412797160447e-02 8.754739165306e-02 5.673681199551e-02 7.595843635499e-03 4.420936107635e-03 3.898808499798e-03 3.265008563176e-03 2.756662666798e-03 2.168076811358e-03 1.844757120125e-03 1.646445132792e-03 1.815020106733e-03 1.871437765658e-03 1.853637979366e-03 2.630953211337e-03 3.357113339007e-03 3.791332477704e-03 3.768467111513e-03 4.738965071738e-03 7.667818106711e-03 2.398216165602e-02 4.761908203363e-02 2.812824398279e-02 3.702083602548e-02 3.452152013779e-02 1.779417395592e-01 2.592607140541e-01 1.401814669371e-01 7.691096514463e-02 1.056442186236e-01 4.162008315325e-02 4.381206259131e-02 1.630384922028e-01 7.833421230316e-02 6.376873701811e-02 4.888890311122e-02 5.024418979883e-02 5.603227764368e-02 6.038723513484e-02
3.222797764465e-03 3.506347537041e-03 4.113135859370e-03 5.207298323512e-03 5.875682923943e-03 8.194683119655e-03 9.059673175216e-03 6.176359485835e-03 3.204818349332e-03 3.309557447210e-03 2.902358304709e-03 2.650273730978e-03 2.167145954445e-03 1.760929590091e-03 1.796731376089e-03 1.832186360843e-03 1.963438233361e-03 1.931732636876e-03 2.216702559963e-03 2.845700597391e-03 3.386855358258e-03 3.587653627619e-03 3.772760974243e-03 6.313639692962e-03 1.774363033473e-02 1.091251149774e-02 1.063133496791e-02 1.734975725412e-02 3.933644294739e-02 7.795232534409e-02 8.159665018320e-02 1.032950207591e-01 1.645619422197e-01 8.833675831556e-02 8.416137099266e-02 6.536184996367e-02 6.695055216551e-02 5.673723667860e-02 3.013944625854e-02 3.761252388358e-02 3.673610463738e-02 3.970983624458e-02 4.993331432343e-02
2.539111068472e-03 2.857975894585e-03 3.408485092223e-03 4.183039069176e-03 4.498782102019e-03 5.002676974982e-03 5.293006077409e-03 3.309883642942e-03 2.823998220265e-03 2.927432535216e-03 2.730499254540e-03 2.368975896388e-03 1.979357562959e-03 1.776817953214e-03 1.754707540385e-03 2.010911935940e-03 1.991397934034e-03 1.711904536933e-03 1.960014924407e-03 2.486627781764e-03 2.941031940281e-03 3.438028041273e-03 4.898848012090e-03 5.132366903126e-03 5.207146517932e-03 7.260206155479e-03 7.083049044013e-03 1.738774031401e-02 2.430053241551e-02 3.270994126797e-02 6.791926920414e-02 1.193985790014e-01 8.823163062334e-02 1.612888872623e-01 1.031550988555e-01 5.803079903126e-02 4.814902693033e-02 4.370202869177e-02 5.262402072549e-02 4.948668554425e-02 6.167155876756e-02 6.073756143451e-02 7.063279300928e-02
2.343983156607e-03 2.306118840352e-03 2.596262609586e-03 2.962300321087e-03 3.194247139618e-03 3.137756604701e-03 2.989620901644e-03 2.900548512116e-03 3.137994790450e-03 3.101919544861e-03 2.890035044402e-03 2.518602646887e-03 2.060413593426e-03 1.821659388952e-03 1.645728945732e-03 1.620300114155e-03 1.829118933529e-03 1.855396199971e-03 1.857611932792e-03 2.240016590804e-03 2.591909607872e-03 3.073810134083e-03 4.700498189777e-03 5.313847679645e-03 5.731472745538e-03 1.184569578618e-02 1.628789864480e-02 2.093103155494e-02 2.937572635710e-02 3.179457038641e-02 6.962049752474e-02 1.322077512741e-01 6.242480129004e-02 6.664467602968e-02 1.176945865154e-01 9.960885345936e-02 6.905497610569e-02 5.867022275925e-02 7.345034927130e-02 3.780188411474e-02 5.010939761996e-02 6.094582751393e-02 7.278236746788e-02
1.925999531522e-03 2.171582775190e-03 2.280570799485e-03 2.314046956599e-03 2.591313794255e-03 2.799236448482e-03 3.015899565071e-03 2.677677199244e-03 2.575860824436e-03 2.657483099028e-03 2.854990540072e-03 2.841964829713e-03 2.446451457217e-03 2.074096119031e-03 1.966337673366e-03 1.770619302988e-03 1.525283791125e-03 1.690905541182e-03 1.912922365591e-03 2.112331800163e-03 2.316858153790e-03 2.654796699062e-03 3.999027423561e-03 3.893265733495e-03 4.322649445385e-03 1.071962714195e-02 2.291970700026e-02 3.093777410686e-02 4.351364076138e-02 2.284591272473e-02 6.756407767534e-02 3.381075337529e-02 3.629418089986e-02 4.152705147862e-02 6.640147417784e-02 7.312054932117e-02 9.489377588034e-02 8.648411929607e-02 6.413159519434e-02 5.488008633256e-02 4.200714081526e-02 4.521692916751e-02 3.648598864675e-02
1.876003225334e-03 2.075012540445e-03 2.064819214866e-03 2.110815839842e-03 2.255457453430e-03 2.514353254810e-03 2.721481723711e-03 2.431374043226e-03 1.886662328616e-03 2.013452816755e-03 2.185742836446e-03 2.594365738332e-03 2.694057067856e-03 2.238436834887e-03 2.112142043188e-03 2.549067139626e-03 2.259917790070e-03 1.834866590798e-03 1.996345119551e-03 2.076324308291e-03 2.545444993302e-03 2.823630813509e-03 3.137569641694e-03 3.821966005489e-03 4.439103417099e-03 7.803842891008e-03 1.648036763072e-02 1.965290866792e-02 2.697793208063e-02 1.525993179530e-02 3.255331143737e-02 2.490834333003e-02 4.138451814651e-02 2.510086819530e-02 4.956635460258e-02 3.726300597191e-02 5.909972265363e-02 7.248555868864e-02 6.483060121536e-02 8.749036490917e-02 7.961322367191e-02 6.370165944099e-02 5.568601563573e-02
1.806442392990e-03 1.953895902261e-03 1.879267627373e-03 1.922324998304e-03 1.930590951815e-03 1.883298275061e-03 2.086249180138e-03 1.972557976842e-03 2.331588650122e-03 2.526500960812e-03 2.294093370438e-03 2.331343945116e-03 2.571402816102e-03 2.675731433555e-03 2.447603270411e-03 3.160616150126e-03 2.813725732267e-03 2.140483120456e-03 2.158503280953e-03 2.154951216653e-03 2.475320128724e-03 2.682490972802e-03 2.957394579425e-03 3.944417927414e-03 4.638810176402e-03 6.978828925639e-03 1.047397218645e-02 1.217478793114e-02 1.295781787485e-02 1.638227142394e-02 2.762940153480e-02 4.234117269516e-02 2.848357893527e-02 6.826615333557e-02 2.377024292946e-02 3.091660514474e-02 6.334322690964e-02 8.861537277699e-02 4.351452738047e-02 4.920095577836e-02 3.125808760524e-02 5.896865203977e-02 5.190373212099e-02
1.610444043763e-03 1.741447485983e-03 1.675031147897e-03 1.654820400290e-03 1.535884337500e-03 1.548191648908e-03 1.633611158468e-03 2.145248465240e-03 2.668950473890e-03 2.743557561189e-03 2.399039454758e-03 2.659811871126e-03 2.963256090879e-03 2.878826344386e-03 2.855642000213e-03 2.926240209490e-03 3.177954815328e-03 3.724656999111e-03 3.337115282193e-03 2.994907787070e-03 3.075364511460e-03 3.323038108647e-03 3.970489837229e-03 3.999840468168e-03 4.924111533910e-03 6.054525263608e-03 9.700413793325e-03 9.920002892613e-03 1.783071085811e-02 3.604416921735e-02 4.476872459054e-02 2.277245745063e-02 2.287978492677e-02 6.936888396740e-02 3.662159666419e-02 4.503326490521e-02 3.991223126650e-02 5.182296410203e-02 3.785877674818e-02 1.446444354951e-02 1.377192139626e-02 1.859446614981e-02 3.697808086872e-02
1.488921931013e-03 1.490716123953e-03 1.474636374041e-03 1.455428078771e-03 1.496206503361e-03 1.584174227901e-03 1.682680565864e-03 2.002554014325e-03 2.245948649943e-03 2.151398221031e-03 2.520983573049e-03 2.710968721658e-03 2.628242596984e-03 2.760373754427e-03 3.765949979424e-03 5.246259272099e-03 5.964983254671e-03 7.569340523332e-03 7.561579812318e-03 8.147062733769e-03 5.804008338600e-03 5.569137167186e-03 6.457489449531e-03 5.406891461462e-03 6.154302041978e-03 8.505826815963e-03 2.571371942759e-02 2.400683984160e-02 2.310269512236e-02 3.112847916782e-02 1.747433841228e-02 1.841161027551e-02 2.478011138737e-02 1.409800164402e-02 7.658024877310e-02 1.067570820451e-01 9.532732516527e-02 2.209812961519e-02 1.043327432126e-02 8.612608537078e-03 8.415792137384e-03 9.955403394997e-03 1.052913535386e-02
1.384377595969e-03 1.436035847291e-03 1.375289284624e-03 1.481968094595e-03 1.594136003405e-03 1.824114471674e-03 1.824224134907e-03 2.113910624757e-03 2.314963378012e-03 2.694994444028e-03 2.778640016913e-03 3.296828363091e-03 3.450664924458e-03 3.182317595929e-03 7.786493282765e-03 2.794820070267e-02 2.208672650158e-02 1.306236349046e-02 1.465581357479e-02 1.828238181770e-02 1.351240836084e-02 7.148854900151e-03 8.317443542182e-03 1.043211854994e-02 1.009634509683e-02 1.881146617234e-02 2.649472653866e-02 2.361543849111e-02 1.910770125687e-02 1.731322892010e-02 1.964010670781e-02 1.838602870703e-02 1.384919602424e-02 1.152194477618e-02 1.962804794312e-02 9.015732258558e-02 9.395147114992e-02 1.938447356224e-02 6.892343983054e-03 7.023204118013e-03 6.316274870187e-03 6.069201510400e-03 9.988003410399e-03
1.388732925989e-03 1.496060867794e-03 1.892737462185e-03 2.115449635312e-03 1.946795149706e-03 3.226188244298e-03 3.792492672801e-03 3.851316869259e-03 3.256291616708e-03 3.189313225448e-03 3.483979729936e-03 4.375019110739e-03 4.352002404630e-03 1.615304686129e-02 1.141690090299e-01 1.437797248363e-01 6.709093600512e-02 3.808449953794e-02 3.041619434953e-02 2.395530045033e-02 1.145728025585e-02 1.130071375519e-02 2.478245086968e-02 5.286347121000e-02 4.334696754813e-02 2.311367355287e-02 2.692718803883e-02 2.181023918092e-02 2.319879643619e-02 1.615583151579e-02 4.008465632796e-02 1.600378192961e-02 1.224531605840e-02 8.656158111989e-03 5.743949208409e-03 1.857841946185e-02 2.050890028477e-02 5.019803997129e-03 3.368453355506e-03 3.964902833104e-03 4.903296940029e-03 5.482098553330e-03 5.125983152539e-03
1.703026355244e-03 2.680533798411e-03 3.654897212982e-03 3.971053287387e-03 5.128684919327e-03 6.816867738962e-03 6.696547381580e-03 5.906731821597e-03 5.078926216811e-03 3.917313646525e-03 4.704144317657e-03 5.192302633077e-03 2.901686914265e-02 1.600432693958e-01 2.188679426908e-01 7.627356797457e-02 2.397361956537e-02 1.462958473712e-02 1.489236019552e-02 1.297193393111e-02 1.254461705685e-02 2.857016772032e-02 5.625842511654e-02 7.503560930490e-02 6.036734953523e-02 3.106388263404e-02 2.134973742068e-02 1.575281471014e-02 1.420405507088e-02 1.268399599940e-02 1.721384562552e-02 7.862837053835e-03 8.893454447389e-03 7.212020456791e-03 4.531815648079e-03 2.686572726816e-03 2.218355191872e-03 2.153271110728e-03 2.265207469463e-03 2.821918344125e-03 3.789599984884e-03 4.793192259967e-03 4.903713706881e-03
2.823326038197e-03 4.223127849400e-03 5.610649939626e-03 7.531512994319e-03 1.458185818046e-02 1.446918956935e-02 2.023945935071e-02 1.453804597259e-02 1.652796566486e-02 9.818807244301e-03 5.508616100997e-03 3.783576935530e-02 1.524411290884e-01 1.516788154840e-01 3.964923694730e-02 1.193743385375e-02 2.214388549328e-02 2.927006036043e-02 2.064754627645e-02 2.404607087374e-02 2.910571172833e-02 2.928847633302e-02 4.258561134338e-02 3.472831472754e-02 2.361146919429e-02 1.835399307311e-02 1.143461652100e-02 4.458171315491e-03 4.531936254352e-03 4.519690293819e-03 5.788121838123e-03 4.234505351633e-03 3.733415622264e-03 2.578776795417e-03 2.637995872647e-03 2.688066102564e-03 2.776245353743e-03 2.916265977547e-03 3.103641793132e-03 3.343081567436e-03 3.380192210898e-03 4.023296758533e-03 5.106851924211e-03
