100/SI/f163_max.grd
DSAA
101	101
32.816463539100	34.260883539100
35.556306596100	36.727886596100
2.290508018632e-05	3.726719141006e+00
[rows 19 to 37 of 101, columns 0 to 42 of 101]
7.188115268946e-03 1.465261168778e-02 1.873518899083e-02 1.908624917269e-02 1.574147678912e-02 1.243560109288e-02 8.532667532563e-03 9.657090529799e-03 1.155947335064e-02 1.393099129200e-02 1.848233863711e-02 2.206777594984e-02 2.144396677613e-02 2.325693704188e-02 2.342968620360e-02 2.271234616637e-02 2.159088850021e-02 2.075217105448e-02 2.405702322721e-02 2.166875824332e-02 2.221585065126e-02 2.397458069026e-02 2.588630281389e-02 2.465474605560e-02 2.198862470686e-02 1.859072782099e-02 1.922712661326e-02 3.079898096621e-02 3.663185238838e-02 2.764061093330e-02 2.543016895652e-02 2.338597923517e-02 2.472326345742e-02 2.471373416483e-02 2.475688979030e-02 2.394084818661e-02 1.906014978886e-02 1.665495894849e-02 1.784042641521e-02 1.722638495266e-02 2.493705973029e-02 6.130061671138e-02 2.846323326230e-02
5.621548742056e-03 1.181066129357e-02 1.592385023832e-02 1.741664484143e-02 1.548445317894e-02 1.485044416040e-02 1.360444352031e-02 9.735275991261e-03 1.297779288143e-02 1.515395101160e-02 1.611052267253e-02 2.019869536161e-02 1.786118745804e-02 2.083501033485e-02 2.252366766334e-02 2.323707006872e-02 2.318066358566e-02 2.211471833289e-02 2.793814986944e-02 2.244336716831e-02 2.625142410398e-02 3.161296620965e-02 3.406194224954e-02 3.300722688437e-02 3.091516345739e-02 2.391364984214e-02 2.547468058765e-02 2.494093403220e-02 3.851354122162e-02 2.806234173477e-02 2.399734593928e-02 2.265533246100e-02 2.204190008342e-02 2.221536077559e-02 2.102967351675e-02 2.722289040685e-02 1.814695075154e-02 1.908824779093e-02 1.951369084418e-02 2.008153311908e-02 3.087868355215e-02 5.187581852078e-02 4.245473444462e-02
4.316764418036e-03 8.700015023351e-03 1.203586347401e-02 1.385050080717e-02 1.307024713606e-02 1.134314388037e-02 1.401479914784e-02 1.392330881208e-02 1.593985408545e-02 1.901736296713e-02 2.192820422351e-02 2.889077551663e-02 3.465782105923e-02 3.175088763237e-02 2.164404280484e-02 2.079613879323e-02 2.197114378214e-02 2.302008680999e-02 4.070478305221e-02 3.280166164041e-02 2.469082735479e-02 3.843364864588e-02 4.073543474078e-02 4.437170550227e-02 3.650111332536e-02 3.231986239552e-02 3.183516487479e-02 1.975865289569e-02 3.625157102942e-02 2.588149718940e-02 1.987976022065e-02 2.072917111218e-02 2.445536851883e-02 2.019481174648e-02 2.211791835725e-02 2.879468724132e-02 2.295676618814e-02 2.026445977390e-02 2.107785642147e-02 2.274427190423e-02 3.599861264229e-02 3.713145107031e-02 5.636685341597e-02
5.790149793029e-03 1.039571221918e-02 1.010990608484e-02 1.059190742671e-02 1.242654398084e-02 1.572879962623e-02 1.836846023798e-02 2.198791131377e-02 2.670774795115e-02 3.357192873955e-02 4.272348806262e-02 5.357915535569e-02 6.021770089865e-02 5.236610025167e-02 3.297537192702e-02 2.012766711414e-02 2.777031995356e-02 3.901312500238e-02 4.937801510096e-02 4.019194468856e-02 3.174021095037e-02 4.172029346228e-02 4.440369457006e-02 4.982063919306e-02 3.630584850907e-02 3.680538013577e-02 3.781385719776e-02 2.373575046659e-02 2.961376309395e-02 2.145469747484e-02 2.030262537301e-02 2.010660432279e-02 2.536754868925e-02 2.563291601837e-02 2.554869651794e-02 2.444033138454e-02 3.225806728005e-02 2.254555374384e-02 2.268446050584e-02 2.496266365051e-02 4.012066870928e-02 3.479504212737e-02 6.545662134886e-02
5.624015349895e-03 1.160282082856e-02 1.259208843112e-02 1.205779612064e-02 1.557591371238e-02 2.116231620312e-02 2.320537157357e-02 2.454299665987e-02 2.719655446708e-02 3.148236870766e-02 3.799906000495e-02 4.334094375372e-02 4.438548535109e-02 3.798627108335e-02 2.784757688642e-02 2.478279732168e-02 2.704196050763e-02 3.637758642435e-02 4.848022386432e-02 3.088217787445e-02 2.976044081151e-02 4.206013306975e-02 4.433846473694e-02 4.777495563030e-02 3.811003267765e-02 3.668771311641e-02 4.262799769640e-02 3.636402636766e-02 3.671886399388e-02 3.129480406642e-02 2.705089375377e-02 3.995667770505e-02 3.734022378922e-02 2.766803093255e-02 2.699171006680e-02 2.712348662317e-02 3.575057908893e-02 2.614735439420e-02 2.477715536952e-02 2.634091675282e-02 4.242593050003e-02 3.527380526066e-02 6.685414165258e-02
1.126661337912e-02 1.944573037326e-02 1.264676917344e-02 1.271634735167e-02 1.430459506810e-02 1.842045783997e-02 2.085911296308e-02 2.065072022378e-02 2.053760364652e-02 2.137293852866e-02 2.259179204702e-02 2.392889559269e-02 2.279932796955e-02 2.512204088271e-02 2.543387934566e-02 2.278306335211e-02 2.267454378307e-02 4.172834381461e-02 4.774134606123e-02 2.536318637431e-02 2.559451572597e-02 3.894079476595e-02 4.207301512361e-02 4.071651399136e-02 3.691058978438e-02 3.357125073671e-02 4.589519649744e-02 4.021982103586e-02 3.362631425261e-02 3.254117071629e-02 3.186664730310e-02 5.139767751098e-02 7.646643370390e-02 7.282289862633e-02 6.595230102539e-02 6.296619772911e-02 6.539821624756e-02 4.019097238779e-02 3.408381715417e-02 2.809188701212e-02 4.339069873095e-02 3.406744822860e-02 5.916320160031e-02
2.088863402605e-02 4.424898326397e-02 4.555860161781e-02 3.992706909776e-02 2.493317797780e-02 1.439247466624e-02 1.385215949267e-02 1.451727002859e-02 1.587970368564e-02 2.053096704185e-02 2.462445572019e-02 2.753324620426e-02 2.843230590224e-02 2.726444788277e-02 2.484447881579e-02 2.570905350149e-02 2.710896357894e-02 4.065849259496e-02 4.007934033871e-02 2.353490702808e-02 2.551678195596e-02 3.177128732204e-02 3.638241812587e-02 3.374365717173e-02 3.810295090079e-02 3.674930334091e-02 4.762624949217e-02 5.070516094565e-02 5.391501635313e-02 4.827117919922e-02 3.642140701413e-02 3.059409745038e-02 6.193410232663e-02 6.765462458134e-02 7.459898293018e-02 9.023918956518e-02 1.127546802163e-01 6.874264031649e-02 5.031714215875e-02 4.272834584117e-02 4.259454458952e-02 3.177240863442e-02 4.426579922438e-02
2.230301313102e-02 4.808883741498e-02 5.549602955580e-02 6.549604982138e-02 7.167384773493e-02 6.217012554407e-02 3.485152125359e-02 1.909384317696e-02 2.604530006647e-02 3.042396157980e-02 3.126467764378e-02 2.958505228162e-02 2.764226309955e-02 3.722506389022e-02 4.101292416453e-02 4.071605578065e-02 4.008062928915e-02 3.898651152849e-02 3.850782662630e-02 3.719346970320e-02 3.635149449110e-02 3.634733706713e-02 3.525653854012e-02 4.430878907442e-02 5.332604050636e-02 4.611843451858e-02 5.214232578874e-02 6.694975495338e-02 6.770048290491e-02 6.015223264694e-02 4.493040218949e-02 3.290032595396e-02 3.640041872859e-02 5.717700719833e-02 8.520442247391e-02 7.497825473547e-02 7.626975327730e-02 5.770885199308e-02 6.134315207601e-02 6.247510388494e-02 5.082698166370e-02 3.273013979197e-02 3.945066779852e-02
1.432211417705e-02 3.160589560866e-02 3.676541522145e-02 4.513070732355e-02 5.871396511793e-02 7.716140151024e-02 8.716357499361e-02 6.779322028160e-02 3.540752455592e-02 3.288881480694e-02 2.929119952023e-02 3.775498270988e-02 4.451770335436e-02 4.635914415121e-02 4.404965415597e-02 4.401484131813e-02 4.356083273888e-02 4.225100204349e-02 4.425336793065e-02 4.465045407414e-02 4.588139057159e-02 4.984259232879e-02 4.711905866861e-02 4.338520765305e-02 4.205923527479e-02 5.426484346390e-02 5.199959874153e-02 6.417902559042e-02 7.061357796192e-02 6.340126693249e-02 4.739805310965e-02 5.147066712379e-02 6.642482429743e-02 8.890899270773e-02 1.060223281384e-01 7.672379165888e-02 5.337598547339e-02 4.456418007612e-02 5.503817647696e-02 7.055216282606e-02 7.704102993011e-02 5.233662575483e-02 3.930636495352e-02
9.863777086139e-03 1.936739310622e-02 2.416793629527e-02 2.224485203624e-02 2.558771334589e-02 3.827823325992e-02 5.980368703604e-02 8.106497675180e-02 8.084183931351e-02 5.562284216285e-02 4.223842546344e-02 4.459111019969e-02 4.518897458911e-02 4.315236583352e-02 4.240758344531e-02 4.169526323676e-02 3.953165560961e-02 4.240318387747e-02 4.349190741777e-02 4.509184136987e-02 4.777760058641e-02 4.609651491046e-02 4.428664222360e-02 4.370610788465e-02 4.297348856926e-02 4.226136952639e-02 4.466465860605e-02 4.958101361990e-02 5.982081964612e-02 6.225842982531e-02 4.880706965923e-02 5.970777571201e-02 7.195118814707e-02 8.174451440573e-02 7.915036380291e-02 4.955158010125e-02 5.199001356959e-02 6.005724519491e-02 6.478483229876e-02 5.813968181610e-02 8.626686036587e-02 8.773057907820e-02 4.908492043614e-02
1.144089736044e-02 2.252500317991e-02 2.237731032073e-02 2.746008895338e-02 2.253228984773e-02 1.950311474502e-02 2.295437082648e-02 4.215883836150e-02 6.759135425091e-02 7.852275669575e-02 6.396687030792e-02 4.264748468995e-02 4.052357375622e-02 3.962525725365e-02 3.707178682089e-02 3.600978478789e-02 3.715478628874e-02 4.036664217710e-02 3.926914557815e-02 3.919607773423e-02 3.537876904011e-02 2.891432680190e-02 3.676053136587e-02 3.264533728361e-02 4.942588880658e-02 4.397911578417e-02 5.032504349947e-02 5.540884658694e-02 4.623036459088e-02 5.001636967063e-02 5.565053224564e-02 5.991789326072e-02 5.193364992738e-02 6.380566954613e-02 4.745703563094e-02 4.052732884884e-02 5.246793106198e-02 7.258203625679e-02 8.690210431814e-02 8.226747065783e-02 6.983570754528e-02 1.084578782320e-01 8.165298402309e-02
1.477709785104e-02 2.840843051672e-02 2.641897648573e-02 2.715234644711e-02 3.025395423174e-02 2.273472957313e-02 3.158263862133e-02 3.835805132985e-02 4.239862039685e-02 5.914522334933e-02 7.613012939692e-02 6.901235878468e-02 4.223226755857e-02 3.403807803988e-02 3.348901495337e-02 3.426370024681e-02 3.546283021569e-02 3.502626344562e-02 3.696503862739e-02 3.635431453586e-02 3.170097991824e-02 2.607065439224e-02 2.815920300782e-02 4.523778706789e-02 6.735197454691e-02 9.064185619354e-02 1.088178902864e-01 8.856955170631e-02 5.938754230738e-02 5.549407005310e-02 6.862878799438e-02 4.806165024638e-02 3.591697290540e-02 7.945325970650e-02 3.290938958526e-02 4.699850827456e-02 4.343339800835e-02 6.104023754597e-02 8.879717439413e-02 9.551022946835e-02 8.218930661678e-02 9.136989712715e-02 1.238955706358e-01
1.342653017491e-02 2.934686280787e-02 3.102173842490e-02 3.031538426876e-02 3.200311213732e-02 3.242857754230e-02 3.887174651027e-02 4.085001349449e-02 4.055670648813e-02 3.831953182817e-02 5.295385792851e-02 7.542373239994e-02 7.359712570906e-02 5.076140910387e-02 3.213063627481e-02 3.206686303020e-02 3.090990707278e-02 2.829261496663e-02 3.785375878215e-02 3.939583897591e-02 3.985840082169e-02 3.322033584118e-02 3.043889626861e-02 5.593625083566e-02 9.479859471321e-02 1.397209018469e-01 1.639534235001e-01 1.567270904779e-01 1.020685285330e-01 6.403635442257e-02 7.397489249706e-02 6.179254874587e-02 5.762007832527e-02 9.704045206308e-02 5.001330003142e-02 9.660057723522e-02 6.997492164373e-02 4.901457577944e-02 6.787541508675e-02 9.758453071117e-02 1.000312343240e-01 8.451003581285e-02 1.329360753298e-01
1.648893207312e-02 3.356742113829e-02 3.394896164536e-02 3.296291828156e-02 3.423938900232e-02 3.880968689919e-02 3.909522667527e-02 3.949567303061e-02 3.630447015166e-02 3.344920650125e-02 3.234991058707e-02 4.557609558105e-02 7.314833998680e-02 7.707919180393e-02 5.839297920465e-02 2.775658108294e-02 2.577715180814e-02 2.886429615319e-02 3.364471718669e-02 5.366009846330e-02 4.851813241839e-02 4.444130510092e-02 4.081704095006e-02 5.578589439392e-02 9.691726416349e-02 1.382262259722e-01 1.881478130817e-01 2.204545736313e-01 1.838838607073e-01 8.883547037840e-02 8.016500622034e-02 8.700346946716e-02 8.299967646599e-02 1.147586256266e-01 6.370120495558e-02 1.292220950127e-01 1.070929542184e-01 7.051786780357e-02 6.467875093222e-02 9.403157979250e-02 2.006927728653e-01 1.018506735563e-01 1.084359660745e-01
2.171339467168e-02 4.086421802640e-02 3.783507645130e-02 4.038588330150e-02 4.285675287247e-02 4.527477920055e-02 4.806583747268e-02 4.998137056828e-02 5.106498673558e-02 5.122448876500e-02 4.967180639505e-02 4.806808009744e-02 4.602308198810e-02 6.758187711239e-02 7.841880619526e-02 6.531071662903e-02 3.268852829933e-02 2.962033636868e-02 3.251120075583e-02 5.127155035734e-02 5.433529615402e-02 4.890524223447e-02 4.506205022335e-02 4.777994751930e-02 8.025120943785e-02 1.193546876311e-01 1.847777813673e-01 2.580834329128e-01 2.437704354525e-01 1.483764499426e-01 1.150188520551e-01 1.450194269419e-01 1.557191908360e-01 1.437325924635e-01 1.190760582685e-01 1.392563730478e-01 1.326573640108e-01 1.024391129613e-01 1.165506616235e-01 1.048522740602e-01 2.866483926773e-01 2.343491911888e-01 6.347045302391e-02
2.223987132311e-02 4.621807113290e-02 4.614245519042e-02 4.473952949047e-02 3.944347798824e-02 3.552274778485e-02 3.364887461066e-02 3.719364479184e-02 4.118165373802e-02 4.588072374463e-02 5.111321061850e-02 5.716765671968e-02 6.296004354954e-02 1.001663953066e-01 1.025350913405e-01 7.760433107615e-02 7.311391830444e-02 6.960477679968e-02 6.483333557844e-02 5.943650752306e-02 5.360942333937e-02 4.642490297556e-02 5.078615993261e-02 4.963904619217e-02 5.487773939967e-02 9.034036099911e-02 1.331113427877e-01 2.105229943991e-01 2.673898935318e-01 1.850735247135e-01 8.762139827013e-02 9.075752645731e-02 1.333363205194e-01 1.770363301039e-01 1.966776698828e-01 1.824453175068e-01 1.316751688719e-01 1.108876019716e-01 8.370052278042e-02 1.199239864945e-01 2.991572618484e-01 3.592064380646e-01 9.676094353199e-02
1.886105164886e-02 3.803089261055e-02 3.970953449607e-02 4.328573122621e-02 4.544729739428e-02 4.391441866755e-02 3.686746209860e-02 3.198027238250e-02 3.215249627829e-02 3.213429823518e-02 3.194303810596e-02 3.124449774623e-02 3.025343455374e-02 3.850581869483e-02 5.777941271663e-02 6.325612217188e-02 7.557016611099e-02 7.299008965492e-02 5.947912484407e-02 6.582485139370e-02 6.965386122465e-02 7.190230488777e-02 7.457068562508e-02 7.787762582302e-02 7.485991716385e-02 6.004372239113e-02 8.975004404783e-02 1.594994515181e-01 2.251682132483e-01 1.651339977980e-01 8.257935196161e-02 5.813996493816e-02 5.139265954494e-02 8.634826540947e-02 1.039848476648e-01 1.690780520439e-01 2.147058248520e-01 1.985282748938e-01 1.235716938972e-01 1.351661831141e-01 1.922284960747e-01 4.261784255505e-01 1.544937938452e-01
1.526846177876e-02 2.951829507947e-02 2.939649671316e-02 2.814349345863e-02 2.878089807928e-02 3.220566362143e-02 3.364359214902e-02 3.311048448086e-02 2.815305814147e-02 3.037210367620e-02 3.299849480391e-02 3.565971553326e-02 3.811169788241e-02 4.056746140122e-02 4.307505115867e-02 4.524449631572e-02 4.712900891900e-02 7.092045992613e-02 7.556284219027e-02 9.806273132563e-02 7.689309120178e-02 6.338191032410e-02 6.060151010752e-02 5.877953395247e-02 5.901027470827e-02 6.669074296951e-02 8.887012302876e-02 1.020921021700e-01 1.439072638750e-01 1.172017157078e-01 5.914060026407e-02 7.011396437883e-02 5.235740542412e-02 6.919740885496e-02 8.147554099560e-02 9.797401726246e-02 9.880243986845e-02 1.665716320276e-01 2.354183048010e-01 1.908262521029e-01 1.706315726042e-01 3.491133451462e-01 3.143236041069e-01
9.632820263505e-03 1.940240524709e-02 1.909693144262e-02 1.863673888147e-02 2.107541263103e-02 2.475428394973e-02 2.710875310004e-02 2.842096984386e-02 2.886968106031e-02 2.659980207682e-02 2.482482790947e-02 2.610539272428e-02 2.760271728039e-02 2.782799303532e-02 2.821491286159e-02 3.762341290712e-02 4.189057648182e-02 5.606079474092e-02 1.060643494129e-01 1.111369431019e-01 9.853278100491e-02 8.416313678026e-02 9.818675369024e-02 1.175069808960e-01 8.269684761763e-02 9.480160474777e-02 9.234140813351e-02 8.584617823362e-02 8.929215371609e-02 1.177554652095e-01 1.105603501201e-01 6.936619430780e-02 7.213260233402e-02 7.600576430559e-02 8.213498443365e-02 8.540555089712e-02 8.810681849718e-02 1.134337186813e-01 1.668208539486e-01 1.941780894995e-01 2.319466024637e-01 3.126253783703e-01 2.582637965679e-01
