100/SI/f163_max.grd
DSAA
101	101
32.816463539100	34.260883539100
35.556306596100	36.727886596100
2.290508018632e-05	3.726719141006e+00
[rows 57 to 75 of 101, columns 0 to 42 of 101]
1.263829064555e-03 2.075749216601e-03 2.248284872621e-03 2.250574529171e-03 2.389920409769e-03 2.922668354586e-03 3.273026319221e-03 3.588833380491e-03 3.883499884978e-03 3.969075623900e-03 3.819712204859e-03 5.345372948796e-03 9.150899946690e-03 5.000133998692e-03 3.646324155852e-03 5.493845324963e-03 4.923494998366e-03 5.459660664201e-03 6.597724277526e-03 6.929026916623e-03 7.105172146112e-03 5.303946789354e-03 3.707528114319e-03 3.259602934122e-03 3.534906078130e-03 4.896365106106e-03 7.825730368495e-03 9.707538411021e-03 7.576027885079e-03 4.429172258824e-03 3.452692646533e-03 2.732326742262e-03 2.861483255401e-03 3.416035324335e-03 4.065002314746e-03 5.219575483352e-03 6.013961974531e-03 6.484006531537e-03 1.069737877697e-02 1.402641739696e-02 1.201680675149e-02 1.063859649003e-02 1.202150713652e-02
1.594679313712e-03 2.609787741676e-03 2.981415949762e-03 3.025600221008e-03 2.991929883137e-03 2.909461967647e-03 2.908097580075e-03 3.044676501304e-03 3.170819254592e-03 5.172229371965e-03 1.676552928984e-02 1.940299011767e-02 7.246883120388e-03 3.722185036168e-03 3.738346975297e-03 3.525265725330e-03 3.805580316111e-03 3.791652154177e-03 4.289659671485e-03 5.446963943541e-03 6.599658168852e-03 7.056816481054e-03 4.930479452014e-03 3.113684942946e-03 3.585057565942e-03 5.470067262650e-03 8.261831477284e-03 8.851397782564e-03 8.991935290396e-03 5.714306607842e-03 3.427180694416e-03 3.112373873591e-03 2.993579255417e-03 3.560760058463e-03 4.202939569950e-03 4.346016794443e-03 4.461217205971e-03 4.689564462751e-03 4.740538541228e-03 5.115086212754e-03 6.138738710433e-03 8.391260169446e-03 9.656983427703e-03
2.136110328138e-03 3.511541523039e-03 4.062582738698e-03 5.798348691314e-03 7.441753521562e-03 9.441813454032e-03 1.242232788354e-02 1.812080852687e-02 3.325593098998e-02 4.694878309965e-02 3.121552616358e-02 7.943190634251e-03 5.360395181924e-03 4.689656663686e-03 3.410423407331e-03 3.590806853026e-03 3.796423086897e-03 3.736837999895e-03 3.552343929186e-03 3.772686468437e-03 6.375677417964e-03 7.231550756842e-03 5.124393850565e-03 2.938027260825e-03 2.317425096408e-03 3.574287518859e-03 5.068698897958e-03 5.172066390514e-03 5.479375831783e-03 4.452341701835e-03 3.101076232269e-03 3.253393108025e-03 3.077598754317e-03 3.452727105469e-03 4.165123216808e-03 4.311164375395e-03 4.099724348634e-03 3.749359631911e-03 3.507948480546e-03 3.924751188606e-03 4.988131113350e-03 6.406934466213e-03 8.409433066845e-03
2.088441047817e-03 3.774394979700e-03 6.577826570719e-03 9.390735067427e-03 1.188023760915e-02 1.572748087347e-02 2.288198657334e-02 3.417377918959e-02 3.434011340141e-02 1.588065922260e-02 3.829191438854e-03 4.464678466320e-03 4.855294246227e-03 4.314080812037e-03 3.876658389345e-03 4.069676157087e-03 4.078631754965e-03 3.914073575288e-03 3.037356538698e-03 2.947358647361e-03 4.590706899762e-03 5.126861855388e-03 3.801605198532e-03 2.372107468545e-03 1.816688221879e-03 1.959401182830e-03 2.627158770338e-03 3.247316461056e-03 3.862807061523e-03 3.337541129440e-03 3.052318468690e-03 2.844616305083e-03 3.034168621525e-03 3.358869347721e-03 4.028929397464e-03 4.124199971557e-03 3.723159665242e-03 3.178440732881e-03 2.959331963211e-03 3.288227599114e-03 4.837509710342e-03 6.088161375374e-03 7.686067372561e-03
1.265045721084e-03 2.204875461757e-03 2.695001428947e-03 2.836066996679e-03 2.840476110578e-03 2.827092073858e-03 2.801032271236e-03 2.739208051935e-03 2.684757346287e-03 2.623576205224e-03 2.459331648424e-03 2.596226288006e-03 2.847023541108e-03 3.642768366262e-03 4.096381366253e-03 4.278480075300e-03 4.118512384593e-03 3.654719330370e-03 2.699583303183e-03 2.143972786143e-03 2.564330585301e-03 2.665149513632e-03 2.100827172399e-03 1.553861424327e-03 1.365492236800e-03 1.513934927061e-03 1.942082424648e-03 2.334519987926e-03 2.776260953397e-03 2.988343592733e-03 2.827161690220e-03 2.524757757783e-03 2.917778212577e-03 3.530469723046e-03 4.211458377540e-03 4.068650305271e-03 3.369748359546e-03 2.685237675905e-03 2.998925046995e-03 3.356976201758e-03 4.994136746973e-03 6.199686788023e-03 7.247894536704e-03
5.938057438470e-04 1.106743235141e-03 1.435185666196e-03 1.584844896570e-03 1.642859657295e-03 1.690190751106e-03 1.735328580253e-03 1.768251531757e-03 1.819900586270e-03 1.871490967460e-03 1.832862384617e-03 1.722313580103e-03 1.761605381034e-03 2.338837366551e-03 2.751099411398e-03 2.896346617490e-03 2.636219607666e-03 2.346631139517e-03 1.982528483495e-03 1.676552579738e-03 1.361408270895e-03 1.273438218050e-03 1.050294726156e-03 1.176505582407e-03 1.388265052810e-03 1.459152321331e-03 1.610984210856e-03 1.940455986187e-03 2.350199734792e-03 2.570298267528e-03 2.530945697799e-03 2.388273598626e-03 2.915053162724e-03 3.912577405572e-03 4.543456248939e-03 4.094724543393e-03 3.061732277274e-03 2.620891202241e-03 3.073715139180e-03 3.609386971220e-03 4.846257623285e-03 5.409756675363e-03 6.248520687222e-03
4.087181296200e-04 6.884825997986e-04 8.550778147765e-04 9.725295240059e-04 1.046250341460e-03 1.110484474339e-03 1.172142219730e-03 1.223625615239e-03 1.285109203309e-03 1.347952522337e-03 1.356029766612e-03 1.312433159910e-03 1.262609614059e-03 1.217957818881e-03 1.231882139109e-03 1.397986314259e-03 1.474758959375e-03 1.454875338823e-03 1.334816799499e-03 1.271338667721e-03 1.084704417735e-03 1.017931150272e-03 9.048235369846e-04 1.198839978315e-03 1.478572841734e-03 1.619193819351e-03 1.608519582078e-03 1.592904794961e-03 1.941293245181e-03 2.157970098779e-03 2.208433113992e-03 2.193657448515e-03 2.960235346109e-03 4.140788223594e-03 4.565510898829e-03 3.803907195106e-03 2.680791076273e-03 2.636118093506e-03 3.213683143258e-03 3.607819322497e-03 4.134676884860e-03 4.762709140778e-03 4.896135069430e-03
3.307005099487e-04 5.634060362354e-04 7.103271782398e-04 7.811216055416e-04 8.314519654959e-04 8.741078199819e-04 9.053908288479e-04 9.111484978348e-04 9.419067646377e-04 9.781291009858e-04 9.857782861218e-04 9.693931206129e-04 9.530604584143e-04 9.313276968896e-04 9.692826424725e-04 1.114201266319e-03 1.184538006783e-03 1.168736023828e-03 1.080570626073e-03 1.008836785331e-03 1.054863911122e-03 1.024671713822e-03 8.983142906800e-04 1.196465338580e-03 1.510875881650e-03 1.702326815575e-03 1.723623718135e-03 1.667559496127e-03 1.709315809421e-03 1.872159889899e-03 1.948017976247e-03 2.050823299214e-03 2.944987034425e-03 4.051384050399e-03 4.167817998677e-03 3.272360190749e-03 2.477394882590e-03 2.762239659205e-03 3.365225391462e-03 3.553797723725e-03 3.666584379971e-03 3.968553617597e-03 3.646892029792e-03
3.161802596878e-04 5.065868608654e-04 6.424962775782e-04 7.047891849652e-04 7.311977096833e-04 7.538856589235e-04 7.616007351317e-04 7.555721094832e-04 7.589494925924e-04 7.686250028200e-04 7.781835738569e-04 8.075855439529e-04 8.307234384120e-04 8.494058274664e-04 8.716223528609e-04 9.049849468283e-04 9.676924673840e-04 9.806045563892e-04 9.897224372253e-04 9.507522336207e-04 9.693715255708e-04 1.014062203467e-03 8.998766425066e-04 1.132653793320e-03 1.432978664525e-03 1.632085768506e-03 1.665928051807e-03 1.630146522075e-03 1.719122868963e-03 1.767801702954e-03 1.799367135391e-03 1.919395988807e-03 2.762908581644e-03 3.637516871095e-03 3.530356800184e-03 2.813681028783e-03 2.459581475705e-03 2.961151534691e-03 3.406657604501e-03 3.323925426230e-03 3.191104624420e-03 3.219319274649e-03 2.991175046191e-03
2.961902355310e-04 4.703067825176e-04 5.900674150325e-04 6.429015775211e-04 6.651905132458e-04 6.815037922934e-04 6.828059558757e-04 6.672459421679e-04 6.765783182345e-04 7.273916271515e-04 7.710921345279e-04 8.104254375212e-04 8.451525354758e-04 8.742515929043e-04 9.005711181089e-04 9.260124061257e-04 9.447016636841e-04 9.473583195359e-04 9.282806422561e-04 9.041570592672e-04 9.061106829904e-04 9.790016338229e-04 9.251732262783e-04 1.026480807923e-03 1.281275879592e-03 1.457849284634e-03 1.686354167759e-03 1.840398646891e-03 1.846709405072e-03 1.785849453881e-03 1.744438894093e-03 1.789532019757e-03 2.428990555927e-03 3.031725296751e-03 2.901739673689e-03 2.512832870707e-03 2.656002296135e-03 3.012841101736e-03 3.221429651603e-03 2.921489067376e-03 2.673442941159e-03 2.541412133723e-03 2.559348708019e-03
2.732279535849e-04 4.331386007834e-04 5.426000570878e-04 5.931155174039e-04 6.141880294308e-04 6.229594000615e-04 6.177889881656e-04 6.208308041096e-04 6.343055283651e-04 6.884944159538e-04 7.372463587672e-04 7.828896050341e-04 8.247693185695e-04 8.597852429375e-04 8.868210716173e-04 9.042483870871e-04 9.061928140000e-04 9.792177006602e-04 9.997943416238e-04 9.277321514674e-04 8.476694929413e-04 8.982684230432e-04 9.166095405817e-04 9.216576581821e-04 1.126474118792e-03 1.273296424188e-03 1.538631157018e-03 1.787153538316e-03 1.845334772952e-03 1.783818705007e-03 1.709927688353e-03 1.688668271527e-03 1.938971341588e-03 2.353105461225e-03 2.308726077899e-03 2.133564092219e-03 2.297376049682e-03 2.553272759542e-03 2.640242921188e-03 2.297041006386e-03 2.092731418088e-03 1.941063790582e-03 1.930412603542e-03
2.539073175285e-04 4.031780408695e-04 5.071301129647e-04 5.574625101872e-04 5.756162572652e-04 5.762958317064e-04 5.664962809533e-04 5.742532666773e-04 5.971049540676e-04 6.201625801623e-04 6.703361286782e-04 7.177036604844e-04 7.615149370395e-04 7.983420509845e-04 8.248717640527e-04 8.604458998889e-04 9.423775481991e-04 1.060661394149e-03 1.112891710363e-03 1.082652830519e-03 9.908548090607e-04 8.812712039798e-04 9.076998685487e-04 9.182369685732e-04 1.003105775453e-03 1.121210516430e-03 1.155886449851e-03 1.391449710354e-03 1.573714194819e-03 1.628562458791e-03 1.607701648027e-03 1.614008797333e-03 1.664427341893e-03 1.742680673487e-03 1.711736782454e-03 1.655324129388e-03 1.756520010531e-03 2.046022098511e-03 2.179328352213e-03 1.790621550754e-03 1.603535609320e-03 1.432250370272e-03 1.565067446791e-03
2.399388904450e-04 3.821332938969e-04 4.825455544051e-04 5.302527570166e-04 5.426478455774e-04 5.378115456551e-04 5.279475008138e-04 5.306188249961e-04 5.491742631420e-04 5.725275259465e-04 5.827093846165e-04 6.287068827078e-04 6.709590670653e-04 7.071102154441e-04 7.391250692308e-04 8.202500757761e-04 9.588428074494e-04 1.093909610063e-03 1.185415196232e-03 1.212908886373e-03 1.179692102596e-03 1.109421718866e-03 1.024783705361e-03 9.469541255385e-04 9.086015634239e-04 1.006743172184e-03 1.024913392030e-03 9.821114363149e-04 1.185273518786e-03 1.360476599075e-03 1.475922181271e-03 1.561178010888e-03 1.614046050236e-03 1.581744756550e-03 1.400939538144e-03 1.371559919789e-03 1.534240320325e-03 1.939969486557e-03 2.251249039546e-03 2.022177679464e-03 1.487827044912e-03 1.327816513367e-03 1.510255387984e-03
2.349405986024e-04 3.735947830137e-04 4.699926357716e-04 5.120755522512e-04 5.183528992347e-04 5.105341551825e-04 5.109946941957e-04 5.177212879062e-04 5.093233194202e-04 5.144686438143e-04 5.325680831447e-04 5.885637947358e-04 6.473473622464e-04 7.083070231602e-04 7.622344419360e-04 8.389739086851e-04 9.754120255820e-04 1.113579841331e-03 1.237876480445e-03 1.314842491411e-03 1.328096026555e-03 1.295355265029e-03 1.239557052031e-03 1.182664069347e-03 1.149280928075e-03 1.127720111981e-03 1.086179050617e-03 1.023617340252e-03 1.174127217382e-03 1.317286398262e-03 1.423929352313e-03 1.521504484117e-03 1.573918852955e-03 1.470978488214e-03 1.398493070155e-03 1.445138943382e-03 1.545765786432e-03 1.872755936347e-03 2.166822087020e-03 1.965891802683e-03 1.518790028058e-03 1.322288066149e-03 1.505592605099e-03
2.390048030065e-04 3.780846891459e-04 4.713579255622e-04 5.081510753371e-04 5.099113914184e-04 4.990995512344e-04 5.029944004491e-04 5.046862061135e-04 5.155428661965e-04 5.180533044040e-04 5.514757940546e-04 6.069145165384e-04 6.611043936573e-04 7.126836571842e-04 7.543873507529e-04 8.640300948173e-04 1.018594717607e-03 1.164847752079e-03 1.306214835495e-03 1.408714102581e-03 1.442204113118e-03 1.420832588337e-03 1.368280616589e-03 1.302978373133e-03 1.249221968465e-03 1.195825636387e-03 1.106166630052e-03 1.002439064905e-03 1.150694675744e-03 1.275218557566e-03 1.381884329021e-03 1.485167536885e-03 1.520125661045e-03 1.397471060045e-03 1.418436295353e-03 1.471942057833e-03 1.581500400789e-03 1.813601469621e-03 1.955941552296e-03 1.720729982480e-03 1.409888500348e-03 1.228380948305e-03 1.397869549692e-03
2.452431945130e-04 3.867550112773e-04 4.785780038219e-04 5.122486618347e-04 5.113579682074e-04 5.117697292008e-04 5.332315340638e-04 5.481545231305e-04 5.565430037677e-04 5.576385301538e-04 5.524873267859e-04 5.834431503899e-04 6.431780057028e-04 7.195278885774e-04 7.441985071637e-04 8.469689055346e-04 1.042740186676e-03 1.211788156070e-03 1.345826894976e-03 1.430148608051e-03 1.448843977414e-03 1.409818185493e-03 1.336811576039e-03 1.251329085790e-03 1.171232201159e-03 1.090509002097e-03 9.761950932443e-04 1.001800061204e-03 1.129081123509e-03 1.241135527380e-03 1.343028154224e-03 1.428434974514e-03 1.429399591871e-03 1.313321525231e-03 1.456921803765e-03 1.820806181058e-03 1.723034190945e-03 1.790618989617e-03 1.725936774164e-03 1.471076044254e-03 1.275977119803e-03 1.118278247304e-03 1.269231317565e-03
2.417186333332e-04 3.799599653576e-04 4.674021620303e-04 4.984779516235e-04 4.974019830115e-04 5.140316206962e-04 5.278453463688e-04 5.344941164367e-04 5.360672948882e-04 5.326505634002e-04 5.327838007361e-04 5.979246925563e-04 6.957116420381e-04 7.790483068675e-04 8.039056556299e-04 7.863194332458e-04 9.973618434742e-04 1.170289004222e-03 1.267848885618e-03 1.302073476836e-03 1.283685560338e-03 1.213902025484e-03 1.121030072682e-03 1.040496397763e-03 9.753574267961e-04 9.053270914592e-04 9.070123778656e-04 9.939016308635e-04 1.106378855184e-03 1.207110239193e-03 1.294949906878e-03 1.343807205558e-03 1.306395628490e-03 1.259693759494e-03 1.518728327937e-03 1.625647419132e-03 1.659606117755e-03 1.800104393624e-03 1.745769171976e-03 1.430610427633e-03 1.245312043466e-03 1.144776586443e-03 1.233084476553e-03
2.210581878899e-04 3.452862147242e-04 4.222355491947e-04 4.492114530876e-04 4.789010854438e-04 4.996587522328e-04 4.906298127025e-04 4.709146451205e-04 4.652097704820e-04 4.971440066583e-04 5.428200820461e-04 6.274873157963e-04 7.416204898618e-04 8.279384346679e-04 8.519722032361e-04 8.376095793210e-04 9.132362902164e-04 1.060293172486e-03 1.115375431255e-03 1.103004207835e-03 1.047792611644e-03 9.505506604910e-04 9.110725950450e-04 1.078712986782e-03 1.093770493753e-03 1.048272009939e-03 1.026674639434e-03 1.030403655022e-03 1.076078973711e-03 1.163857989013e-03 1.225066138431e-03 1.226797467098e-03 1.151683041826e-03 1.163596403785e-03 1.383396796882e-03 1.964166061953e-03 1.681524678133e-03 2.359535545111e-03 2.092783339322e-03 1.768757821992e-03 1.499608159065e-03 1.234885887243e-03 1.389865414239e-03
2.300951746292e-04 3.391492646188e-04 4.161574470345e-04 4.805700154975e-04 5.294131115079e-04 5.409141303971e-04 5.251652328297e-04 4.955334006809e-04 4.610159085132e-04 5.019372329116e-04 5.562303704210e-04 6.588608957827e-04 7.851133705117e-04 8.730050758459e-04 8.966646855697e-04 8.825426339172e-04 8.384192478843e-04 9.654691675678e-04 1.002580043860e-03 1.054794876836e-03 1.432940247469e-03 1.313731074333e-03 9.889766806737e-04 1.124897506088e-03 1.091957208700e-03 1.005766680464e-03 9.550160029903e-04 9.492237586528e-04 1.039653550833e-03 1.107437419705e-03 1.130747376010e-03 1.085970667191e-03 9.881563019007e-04 1.045348006301e-03 1.161663560197e-03 1.745843910612e-03 2.188903978094e-03 3.429144853726e-03 3.170802723616e-03 2.095478819683e-03 1.596157322638e-03 1.467711874284e-03 1.806574873626e-03
