100/SI/f164.grd
DSAA
101	101
32.816463539100	34.260883539100
35.556306596100	36.727886596100
2.793674138957e-05	4.509453773499e+00
[rows 57 to 75 of 101, columns 43 to 85 of 101]
1.918090693653e-02 2.262962609529e-02 1.157470420003e-02 1.278048474342e-02 1.266603637487e-02 2.037414535880e-02 2.299572899938e-02 3.106327727437e-02 2.710514888167e-02 1.476554386318e-02 1.028202008456e-02 8.652626536787e-03 6.351897493005e-03 1.124214287847e-02 4.707654193044e-02 1.580792963505e-01 3.503319323063e-01 3.298626542091e-01 4.771321415901e-01 1.610879898071e-01 4.636221006513e-02 3.545783087611e-02 6.444868445396e-02 1.181810945272e-01 2.022876292467e-01 1.834167093039e-01 1.992963999510e-01 1.615100800991e-01 2.114488631487e-01 1.944692283869e-01 2.052717804909e-01 1.529843658209e-01 1.593814045191e-01 2.236940115690e-01 1.389560103416e-01 8.716459572315e-02 1.017147973180e-01 1.426677405834e-01 1.789277493954e-01 1.293758898973e-01 5.384337529540e-02 4.746370390058e-02 4.587664827704e-02
1.534133497626e-02 2.572399191558e-02 9.335607290268e-03 9.907263331115e-03 9.820882230997e-03 1.479311566800e-02 2.896127104759e-02 9.342553466558e-02 7.440689206123e-02 1.594833470881e-02 9.495583362877e-03 6.360514555126e-03 4.944267682731e-03 4.870327655226e-03 9.798187762499e-03 9.436338394880e-02 1.105939969420e-01 1.148169785738e-01 9.318776428699e-02 9.439755976200e-02 6.908875703812e-02 5.249158665538e-02 4.050523787737e-02 2.410007826984e-02 6.271961331367e-02 1.259325891733e-01 2.199491262436e-01 2.237235605717e-01 2.442026585340e-01 1.343515068293e-01 1.769613474607e-01 1.613737046719e-01 1.383268684149e-01 1.218999549747e-01 1.239083930850e-01 9.315603971481e-02 9.136193990707e-02 1.099835634232e-01 1.081716716290e-01 9.919508546591e-02 1.030602902174e-01 1.082043871284e-01 1.013768315315e-01
1.261158287525e-02 1.219094078988e-02 8.510864339769e-03 9.012086316943e-03 9.167460724711e-03 1.346394699067e-02 4.119759052992e-02 1.089986562729e-01 1.057393103838e-01 2.374689839780e-02 9.673648513854e-03 5.462313070893e-03 3.900884417817e-03 3.572881687433e-03 3.629601327702e-03 4.555620718747e-03 6.324050948024e-03 8.603766560555e-03 1.121379435062e-02 1.371295470744e-02 1.616646721959e-02 1.904847659171e-02 1.280992757529e-02 1.286753918976e-02 3.095520287752e-02 1.441023051739e-01 2.483462840319e-01 2.817855179310e-01 2.701717615128e-01 2.728384733200e-01 1.798214912415e-01 1.554604023695e-01 1.319704502821e-01 1.205355376005e-01 1.692511290312e-01 1.458639949560e-01 1.209977045655e-01 7.582402974367e-02 8.137447386980e-02 6.838700175285e-02 6.038200482726e-02 5.702693015337e-02 4.988684877753e-02
1.165250968188e-02 1.051078643650e-02 8.235152810812e-03 9.135087020695e-03 1.039458811283e-02 1.367441099137e-02 9.819190204144e-02 1.067659482360e-01 1.312272399664e-01 1.821445673704e-02 8.494709618390e-03 5.286227446049e-03 3.560188692063e-03 2.892531920224e-03 2.752018393949e-03 2.881636144593e-03 3.541000420228e-03 4.670862108469e-03 6.807671859860e-03 7.899479009211e-03 9.029177948833e-03 1.813325285912e-02 9.271685034037e-03 8.515294641256e-03 2.638087607920e-02 5.862727016211e-02 2.099418938160e-01 2.328146100044e-01 2.488900572062e-01 2.659029662609e-01 2.208445817232e-01 1.708614528179e-01 1.186679974198e-01 1.521036326885e-01 1.059133931994e-01 9.320657700300e-02 7.729453593493e-02 6.390929222107e-02 6.009964272380e-02 5.914199352264e-02 6.276401877403e-02 8.918001502752e-02 1.239620149136e-01
9.881639853120e-03 7.711349520832e-03 8.090894669294e-03 9.690410457551e-03 1.515558734536e-02 2.485817670822e-02 7.549012452364e-02 1.669380515814e-01 6.424586474895e-02 1.019701361656e-02 6.177654024214e-03 4.508967511356e-03 3.250546520576e-03 2.438403433189e-03 2.232564846054e-03 2.226772252470e-03 2.404233440757e-03 3.242624690756e-03 4.468529019505e-03 5.110851489007e-03 5.328608211130e-03 1.106127724051e-02 6.590365432203e-03 7.246545515954e-03 1.597777754068e-02 5.505666509271e-02 1.489937454462e-01 2.025058567524e-01 2.100539058447e-01 1.600343137980e-01 1.231705471873e-01 1.769335418940e-01 1.210574731231e-01 8.539871871471e-02 9.471245855093e-02 1.195609569550e-01 1.082611456513e-01 7.668542861938e-02 7.160604000092e-02 6.979878246784e-02 6.767041236162e-02 7.505213469267e-02 9.343706816435e-02
7.167641539127e-03 5.943720694631e-03 7.436778396368e-03 1.768946833909e-02 4.001522809267e-02 9.255082905293e-02 1.351088285446e-01 8.503068983555e-02 9.018098935485e-03 6.173727568239e-03 4.433618392795e-03 3.652336774394e-03 2.852347213775e-03 2.324578352273e-03 2.050246344879e-03 2.132615540177e-03 2.218547509983e-03 2.682676538825e-03 3.874246729538e-03 4.766570869833e-03 5.060845986009e-03 5.383350886405e-03 5.406961310655e-03 7.978611625731e-03 1.950489357114e-02 5.126728489995e-02 6.287316977978e-02 6.314969062805e-02 1.216794848442e-01 1.407292336226e-01 1.652174890041e-01 1.052602231503e-01 1.366599798203e-01 1.005197539926e-01 1.122987121344e-01 1.321855932474e-01 2.647434771061e-01 1.669696271420e-01 9.822250157595e-02 8.061174303293e-02 8.293871581554e-02 8.151624351740e-02 7.875290513039e-02
4.622112493962e-03 4.870518110693e-03 6.163849961013e-03 7.799396291375e-03 1.709228381515e-02 1.062114834785e-01 6.886812299490e-02 9.232584387064e-03 5.363873671740e-03 4.730078857392e-03 3.958790563047e-03 3.341096686199e-03 2.632053801790e-03 2.237432403490e-03 1.998600782827e-03 2.202890813351e-03 2.265256131068e-03 2.263208152726e-03 3.186739049852e-03 4.066112451255e-03 4.590962082148e-03 4.562012385577e-03 5.749595351517e-03 9.291130118072e-03 2.910768613219e-02 5.781865864992e-02 3.409016877413e-02 4.497013613582e-02 4.194648191333e-02 2.160406112671e-01 3.150103092194e-01 1.702703088522e-01 9.334956109524e-02 1.284873336554e-01 5.052292719483e-02 5.319694057107e-02 1.983269602060e-01 9.522405266762e-02 7.750635594130e-02 5.945869535208e-02 6.111253798008e-02 6.815667450428e-02 7.345873117447e-02
3.914054948837e-03 4.258569329977e-03 4.997028969228e-03 6.328926421702e-03 7.135667372495e-03 9.961060248315e-03 1.101210713387e-02 7.506641093642e-03 3.887319471687e-03 4.015445243567e-03 3.522311104462e-03 3.213206306100e-03 2.626298693940e-03 2.138213720173e-03 2.179990522563e-03 2.223328920081e-03 2.385516883805e-03 2.337373793125e-03 2.685552695766e-03 3.447038587183e-03 4.104766529053e-03 4.342123866081e-03 4.562349524349e-03 7.658773567528e-03 2.154185436666e-02 1.321996282786e-02 1.292299199849e-02 2.107247710228e-02 4.779058322310e-02 9.473573416471e-02 9.910831600428e-02 1.255825012922e-01 2.000399678946e-01 1.073876023293e-01 1.023002415895e-01 7.947357743979e-02 8.140933513641e-02 6.900136917830e-02 3.661534190178e-02 4.569371044636e-02 4.462847113609e-02 4.829869046807e-02 6.072259321809e-02
3.086861222982e-03 3.472023410723e-03 4.142317455262e-03 5.085306242108e-03 5.470422096550e-03 6.082038395107e-03 6.435310468078e-03 4.022597335279e-03 3.433869220316e-03 3.552198875695e-03 3.314166329801e-03 2.876181388274e-03 2.403417136520e-03 2.158055081964e-03 2.129443455487e-03 2.440823474899e-03 2.424686448649e-03 2.084261039272e-03 2.375279320404e-03 3.012585919350e-03 3.561715129763e-03 4.163045436144e-03 5.949380807579e-03 6.233843974769e-03 6.322316825390e-03 8.811820298433e-03 8.609751239419e-03 2.113449387252e-02 2.953074686229e-02 3.976244106889e-02 8.256214857101e-02 1.453583538532e-01 1.071985289454e-01 1.960721611977e-01 1.254367977381e-01 7.056900113821e-02 5.849522352219e-02 5.308338999748e-02 6.398285925388e-02 6.013880670071e-02 7.494380325079e-02 7.386443018913e-02 8.588385581970e-02
2.849846845493e-03 2.795150270686e-03 3.147315001115e-03 3.601677948609e-03 3.884485224262e-03 3.810908645391e-03 3.626091172919e-03 3.527702763677e-03 3.816400887445e-03 3.772729076445e-03 3.515327582136e-03 3.063647309318e-03 2.506116637960e-03 2.212729305029e-03 1.998561201617e-03 1.971700228751e-03 2.226795535535e-03 2.259131520987e-03 2.251918194816e-03 2.714233240113e-03 3.139198059216e-03 3.734803060070e-03 5.705059971660e-03 6.462867371738e-03 6.971908733249e-03 1.438921876252e-02 1.978610083461e-02 2.542998641729e-02 3.569653630257e-02 3.866178542376e-02 8.469895273447e-02 1.609261184931e-01 7.594468444586e-02 8.112548291683e-02 1.430847048759e-01 1.210715696216e-01 8.394347876310e-02 7.128703594208e-02 8.933285623789e-02 4.595918953419e-02 6.088822707534e-02 7.419307529926e-02 8.861965686083e-02
2.341721439734e-03 2.632891992107e-03 2.765163779259e-03 2.812000457197e-03 3.148721298203e-03 3.403447568417e-03 3.667081939057e-03 3.256181953475e-03 3.132918849587e-03 3.232190618291e-03 3.472668584436e-03 3.457049140707e-03 2.975787268952e-03 2.521980321035e-03 2.391026588157e-03 2.149162581190e-03 1.851570443250e-03 2.051521558315e-03 2.319807186723e-03 2.560085617006e-03 2.806340809911e-03 3.211195347831e-03 4.852917511016e-03 4.718120675534e-03 5.239015910774e-03 1.302466075867e-02 2.785324864089e-02 3.760235011578e-02 5.289051681757e-02 2.775906398892e-02 8.218440413475e-02 4.112396016717e-02 4.415796324611e-02 5.029437318444e-02 8.045042306185e-02 8.880946040154e-02 1.153724044561e-01 1.051323711872e-01 7.794752717018e-02 6.673921644688e-02 5.104629695415e-02 5.493866652250e-02 4.440330713987e-02
2.274547470734e-03 2.516303444281e-03 2.504008589312e-03 2.566061681136e-03 2.741726581007e-03 3.056773217395e-03 3.308661282063e-03 2.956115407869e-03 2.293516416103e-03 2.447306877002e-03 2.642259234563e-03 3.155667800456e-03 3.276864998043e-03 2.722013043240e-03 2.568510826677e-03 3.094570944086e-03 2.743423450738e-03 2.226430689916e-03 2.421412849799e-03 2.516914391890e-03 3.093010513112e-03 3.429945558310e-03 3.807142376900e-03 4.608625546098e-03 5.354558583349e-03 9.470949880779e-03 2.002666518092e-02 2.388538978994e-02 3.278426453471e-02 1.853094249964e-02 3.957803547382e-02 3.025951422751e-02 5.029692500830e-02 3.039149381220e-02 6.000437214971e-02 4.526885598898e-02 7.182704657316e-02 8.806198835373e-02 7.883381843567e-02 1.063758432865e-01 9.678735584021e-02 7.744245231152e-02 6.757394224405e-02
2.190300496295e-03 2.369701862335e-03 2.279348671436e-03 2.337594283745e-03 2.347450004891e-03 2.289154101163e-03 2.535960171372e-03 2.397848293185e-03 2.820317633450e-03 3.057361114770e-03 2.775822766125e-03 2.830172190443e-03 3.126508090645e-03 3.252351423725e-03 2.971788169816e-03 3.837458323687e-03 3.416108898818e-03 2.594077726826e-03 2.618980361149e-03 2.620052779093e-03 3.008914412931e-03 3.259326796979e-03 3.561576828361e-03 4.757635295391e-03 5.596511997283e-03 8.461312390864e-03 1.269221212715e-02 1.480366662145e-02 1.569409668446e-02 1.984382607043e-02 3.355577588081e-02 5.144413188100e-02 3.458847105503e-02 8.309157192707e-02 2.887823432684e-02 3.748865053058e-02 7.703974097967e-02 1.077297404408e-01 5.294889584184e-02 5.987490341067e-02 3.795031830668e-02 7.172237336636e-02 6.303729861975e-02
1.952327322215e-03 2.111905720085e-03 2.031716983765e-03 2.012660726905e-03 1.867747632787e-03 1.879042829387e-03 1.982586923987e-03 2.595828846097e-03 3.231425071135e-03 3.322123549879e-03 2.904671942815e-03 3.228881396353e-03 3.599639749154e-03 3.495896700770e-03 3.466316498816e-03 3.532601753250e-03 3.855561837554e-03 4.521428141743e-03 4.050574265420e-03 3.634031862020e-03 3.731328062713e-03 4.038870800287e-03 4.825843963772e-03 4.818963818252e-03 5.987686570734e-03 7.362600881606e-03 1.166394166648e-02 1.206219848245e-02 2.164171077311e-02 4.376211762428e-02 5.437469482422e-02 2.764648944139e-02 2.778840251267e-02 8.444941788912e-02 4.455449804664e-02 5.476024001837e-02 4.850687831640e-02 6.304701417685e-02 4.606656730175e-02 1.756991818547e-02 1.672737486660e-02 2.258440665901e-02 4.505295678973e-02
1.808437053114e-03 1.810691086575e-03 1.788445748389e-03 1.765779452398e-03 1.815902767703e-03 1.922964933328e-03 2.042277250439e-03 2.424175152555e-03 2.718835836276e-03 2.612337237224e-03 3.053851192817e-03 3.283178899437e-03 3.181088948622e-03 3.340222174302e-03 4.553735256195e-03 6.346624344587e-03 7.224597036839e-03 9.174318052828e-03 9.170952253044e-03 9.880171157420e-03 7.034693844616e-03 6.770431064069e-03 7.850267924368e-03 6.572499871254e-03 7.471408229321e-03 1.032607723027e-02 3.133084997535e-02 2.925778180361e-02 2.804112434387e-02 3.779057413340e-02 2.125022746623e-02 2.238437905908e-02 3.016162291169e-02 1.710310764611e-02 9.311089664698e-02 1.299319267273e-01 1.160325258970e-01 2.689131535590e-02 1.267804484814e-02 1.045649871230e-02 1.021573040634e-02 1.208853069693e-02 1.279929466546e-02
1.681863097474e-03 1.744601642713e-03 1.667703501880e-03 1.797939883545e-03 1.936766202562e-03 2.216177061200e-03 2.215955872089e-03 2.569550182670e-03 2.813637489453e-03 3.273505251855e-03 3.367622615770e-03 3.994937986135e-03 4.179224837571e-03 3.849605796859e-03 9.452760219574e-03 3.393121436238e-02 2.681338787079e-02 1.584540307522e-02 1.776117645204e-02 2.216931805015e-02 1.638317480683e-02 8.692191913724e-03 1.011223066598e-02 1.268997136503e-02 1.226024329662e-02 2.283288538456e-02 3.218271210790e-02 2.876849845052e-02 2.318984828889e-02 2.105310000479e-02 2.387758344412e-02 2.237053960562e-02 1.683376170695e-02 1.398593094200e-02 2.387240901589e-02 1.096794828773e-01 1.143101006746e-01 2.358690463006e-02 8.376668207347e-03 8.536216802895e-03 7.670190185308e-03 7.369844708592e-03 1.213622465730e-02
1.687660464086e-03 1.818026881665e-03 2.300694584846e-03 2.571401884779e-03 2.368907909840e-03 3.925509750843e-03 4.614418838173e-03 4.682897590101e-03 3.957839217037e-03 3.874315647408e-03 4.224550444633e-03 5.303493700922e-03 5.271059926599e-03 1.962817832828e-02 1.386957168579e-01 1.746247857809e-01 8.146379888058e-02 4.623717442155e-02 3.690021857619e-02 2.913855202496e-02 1.393223647028e-02 1.371200196445e-02 3.014716506004e-02 6.430407613516e-02 5.272508412600e-02 2.811461873353e-02 3.271110728383e-02 2.643736638129e-02 2.816999517381e-02 1.966471783817e-02 4.881876707077e-02 1.946930401027e-02 1.488455384970e-02 1.051977742463e-02 6.973759271204e-03 2.259875647724e-02 2.495000883937e-02 6.106261163950e-03 4.090483300388e-03 4.815105348825e-03 5.954987835139e-03 6.657900288701e-03 6.224968004972e-03
2.070911694318e-03 3.260644618422e-03 4.446381237358e-03 4.830681253225e-03 6.241266615689e-03 8.295104838908e-03 8.148324675858e-03 7.187287323177e-03 6.180485710502e-03 4.767233505845e-03 5.705127958208e-03 6.292546167970e-03 3.527327999473e-02 1.945161372423e-01 2.659222781658e-01 9.261554479599e-02 2.911008149385e-02 1.773829013109e-02 1.804249733686e-02 1.568659953773e-02 1.523825153708e-02 3.470481932163e-02 6.830710172653e-02 9.127657860518e-02 7.343571633101e-02 3.779657185078e-02 2.598425932229e-02 1.917478069663e-02 1.724865660071e-02 1.542873121798e-02 2.095970325172e-02 9.562698192894e-03 1.081294286996e-02 8.768810890615e-03 5.509741138667e-03 3.265491919592e-03 2.696474548429e-03 2.612574957311e-03 2.751085208729e-03 3.427434712648e-03 4.602862522006e-03 5.821782629937e-03 5.955697037280e-03
3.434903454036e-03 5.138901527971e-03 6.827732548118e-03 9.151214733720e-03 1.772281900048e-02 1.760602183640e-02 2.463198080659e-02 1.761834323406e-02 2.002932690084e-02 1.189882867038e-02 6.684888619930e-03 4.600099101663e-02 1.853144317865e-01 1.843170523643e-01 4.814986884594e-02 1.450722757727e-02 2.691433764994e-02 3.558502718806e-02 2.506023459136e-02 2.921506762505e-02 3.538452833891e-02 3.560533747077e-02 5.173406377435e-02 4.214958474040e-02 2.872755564749e-02 2.230080775917e-02 1.388909108937e-02 5.426602438092e-03 5.483549088240e-03 5.497938487679e-03 7.040044758469e-03 5.150123964995e-03 4.540004767478e-03 3.134800586849e-03 3.207108471543e-03 3.268236294389e-03 3.375941421837e-03 3.546958789229e-03 3.775623859838e-03 4.066746216267e-03 4.111362621188e-03 4.886934533715e-03 6.201446056366e-03
