100/SI/f164.grd
DSAA
101	101
32.816463539100	34.260883539100
35.556306596100	36.727886596100
2.793674138957e-05	4.509453773499e+00
[rows 57 to 75 of 101, columns 0 to 42 of 101]
1.538097159937e-03 2.526127500460e-03 2.732937922701e-03 2.735654823482e-03 2.912545111030e-03 3.561551682651e-03 3.988799639046e-03 4.373646806926e-03 4.732271190733e-03 4.836368840188e-03 4.654515068978e-03 6.503366865218e-03 1.113067846745e-02 6.080762948841e-03 4.440751858056e-03 6.690749432892e-03 5.998202133924e-03 6.612432654947e-03 7.989350706339e-03 8.426882326603e-03 8.628829382360e-03 6.428122520447e-03 4.504679702222e-03 3.959545865655e-03 4.293385893106e-03 5.947462283075e-03 9.508362971246e-03 1.179681718349e-02 9.209384210408e-03 5.384271498770e-03 4.187213722616e-03 3.319921204820e-03 3.476290730760e-03 4.136463627219e-03 4.938918165863e-03 6.340983789414e-03 7.304424419999e-03 7.877373136580e-03 1.299293152988e-02 1.702501438558e-02 1.457336265594e-02 1.288802642375e-02 1.461424957961e-02
1.939130248502e-03 3.173238597810e-03 3.625314682722e-03 3.678846405819e-03 3.637358779088e-03 3.536496777087e-03 3.537424840033e-03 3.702998161316e-03 3.855925984681e-03 6.296061445028e-03 2.040187641978e-02 2.360626310110e-02 8.815341629088e-03 4.509392194450e-03 4.529674071819e-03 4.296669736505e-03 4.632874391973e-03 4.616920836270e-03 5.199475679547e-03 6.608186289668e-03 8.003330789506e-03 8.560152724385e-03 5.978112574667e-03 3.782454412431e-03 4.354595672339e-03 6.645174231380e-03 1.003874838352e-02 1.075622532517e-02 1.093947142363e-02 6.948418449610e-03 4.156765993685e-03 3.774325828999e-03 3.637416753918e-03 4.314165096730e-03 5.091032944620e-03 5.260932724923e-03 5.396477878094e-03 5.698200315237e-03 5.764687433839e-03 6.219386588782e-03 7.441840600222e-03 1.016715914011e-02 1.169596519321e-02
2.599431667477e-03 4.273004829884e-03 4.943524487317e-03 7.056046742946e-03 9.058373048902e-03 1.149482000619e-02 1.512474659830e-02 2.206363342702e-02 4.048632830381e-02 5.714183300734e-02 3.798546642065e-02 9.664711542428e-03 6.516371853650e-03 5.700601264834e-03 4.145308397710e-03 4.371475428343e-03 4.622636828572e-03 4.551166668534e-03 4.317296668887e-03 4.572105593979e-03 7.735806517303e-03 8.776419796050e-03 6.216015666723e-03 3.558718133718e-03 2.814715495333e-03 4.341975320131e-03 6.158263422549e-03 6.249571684748e-03 6.665852852166e-03 5.412806291133e-03 3.765377681702e-03 3.946651238948e-03 3.731302218512e-03 4.184959456325e-03 5.047176498920e-03 5.220516584814e-03 4.959260579199e-03 4.529101774096e-03 4.267144482583e-03 4.772822372615e-03 6.053983233869e-03 7.785678375512e-03 1.018055714667e-02
2.541944151744e-03 4.587023518980e-03 7.999865338206e-03 1.142729166895e-02 1.446112990379e-02 1.914730109274e-02 2.786049991846e-02 4.160850122571e-02 4.180353879929e-02 1.932827383280e-02 4.654863849282e-03 5.427261348814e-03 5.902103614062e-03 5.244221072644e-03 4.719784017652e-03 4.955032374710e-03 4.966767504811e-03 4.767207428813e-03 3.692011581734e-03 3.570155007765e-03 5.569452885538e-03 6.221921648830e-03 4.611198790371e-03 2.873284742236e-03 2.196866087615e-03 2.367565641180e-03 3.174541285262e-03 3.933359868824e-03 4.697756376117e-03 4.054476507008e-03 3.707344178110e-03 3.451302414760e-03 3.679733257741e-03 4.072200041264e-03 4.883459303528e-03 4.995392169803e-03 4.503764212132e-03 3.839178243652e-03 3.597952658311e-03 3.997438587248e-03 5.878959316760e-03 7.403958588839e-03 9.299849160016e-03
1.539476565085e-03 2.682995051146e-03 3.279225900769e-03 3.450533375144e-03 3.455505706370e-03 3.438712796196e-03 3.406354226172e-03 3.330259816721e-03 3.262948244810e-03 3.187422174960e-03 2.986573148519e-03 3.155531128868e-03 3.466146066785e-03 4.435091745108e-03 4.987255670130e-03 5.209144670516e-03 5.015338305384e-03 4.451404791325e-03 3.288350068033e-03 2.606404013932e-03 3.108158474788e-03 3.232278162614e-03 2.546551171690e-03 1.881296280771e-03 1.651424681768e-03 1.842409721576e-03 2.362448023632e-03 2.839296124876e-03 3.373555140570e-03 3.630716120824e-03 3.434100188315e-03 3.065829165280e-03 3.539287252352e-03 4.281341563910e-03 5.105806514621e-03 4.928591195494e-03 4.075979348272e-03 3.262948943302e-03 3.646021243185e-03 4.081071820110e-03 6.075234152377e-03 7.540551479906e-03 8.772971108556e-03
7.223174325190e-04 1.346198958345e-03 1.745608984493e-03 1.927480334416e-03 1.997870160267e-03 2.055117394775e-03 2.109687309712e-03 2.149325562641e-03 2.211477607489e-03 2.273443154991e-03 2.225900767371e-03 2.091288100928e-03 2.144457073882e-03 2.847310854122e-03 3.349017817527e-03 3.526119748130e-03 3.210302675143e-03 2.858500927687e-03 2.415391383693e-03 2.038428327069e-03 1.647145953029e-03 1.542194164358e-03 1.271432032809e-03 1.430240692571e-03 1.687968382612e-03 1.773685100488e-03 1.959989545867e-03 2.360375365242e-03 2.856023376808e-03 3.122774418443e-03 3.073951695114e-03 2.899652114138e-03 3.536704229191e-03 4.745929967612e-03 5.509270355105e-03 4.960805177689e-03 3.703723428771e-03 3.162803361192e-03 3.737039864063e-03 4.391612019390e-03 5.895860958844e-03 6.544580217451e-03 7.564616855234e-03
4.973515751772e-04 8.378233178519e-04 1.040593371727e-03 1.182629377581e-03 1.272202352993e-03 1.350141712464e-03 1.425002235919e-03 1.487463363446e-03 1.561913173646e-03 1.637949026190e-03 1.647557597607e-03 1.594603876583e-03 1.534164184704e-03 1.479992526583e-03 1.498992322013e-03 1.701580011286e-03 1.795290037990e-03 1.771128387190e-03 1.624853000976e-03 1.545950886793e-03 1.311484142207e-03 1.230894005857e-03 1.099566929042e-03 1.457855571061e-03 1.798460376449e-03 1.969238976017e-03 1.955416752025e-03 1.936274464242e-03 2.359227044508e-03 2.621734980494e-03 2.681930083781e-03 2.663036808372e-03 3.591813612729e-03 5.023461766541e-03 5.536514334381e-03 4.608630202711e-03 3.243296407163e-03 3.181970212609e-03 3.907269332558e-03 4.386148881167e-03 5.000541452318e-03 5.762964021415e-03 5.927944555879e-03
4.024799854960e-04 6.857443368062e-04 8.646118803881e-04 9.507109643891e-04 1.011819462292e-03 1.063605188392e-03 1.101560425013e-03 1.108444062993e-03 1.145177753642e-03 1.189084025100e-03 1.198319718242e-03 1.178448554128e-03 1.158653525636e-03 1.132249250077e-03 1.179832383059e-03 1.356509746984e-03 1.442283042707e-03 1.423010020517e-03 1.315515022725e-03 1.228837296367e-03 1.276193303056e-03 1.239955890924e-03 1.091350335628e-03 1.454869634472e-03 1.837915857323e-03 2.070727292448e-03 2.095922827721e-03 2.026787493378e-03 2.077443525195e-03 2.274561906233e-03 2.365641063079e-03 2.491354709491e-03 3.573523834348e-03 4.915300756693e-03 5.054134409875e-03 3.964574541897e-03 2.991062588990e-03 3.358757589012e-03 4.091565031558e-03 4.320671781898e-03 4.435442853719e-03 4.802892450243e-03 4.415748640895e-03
3.833890368696e-04 6.143084610812e-04 7.790302042849e-04 8.543275762349e-04 8.860626840033e-04 9.133154526353e-04 9.223983506672e-04 9.194511221722e-04 9.234803146683e-04 9.352715569548e-04 9.490756783634e-04 9.848211193457e-04 1.012909808196e-03 1.035548746586e-03 1.062472350895e-03 1.102256705053e-03 1.178337377496e-03 1.194730750285e-03 1.205714070238e-03 1.157195889391e-03 1.173081225716e-03 1.227727276273e-03 1.089273835532e-03 1.376850879751e-03 1.742937485687e-03 1.985223032534e-03 2.025857102126e-03 1.981735462323e-03 2.089457586408e-03 2.147895982489e-03 2.185234334320e-03 2.332627540454e-03 3.352809930220e-03 4.413373302668e-03 4.281206056476e-03 3.409892786294e-03 2.991065615788e-03 3.600638126954e-03 4.141947720200e-03 4.041352774948e-03 3.861003555357e-03 3.896565875039e-03 3.636541310698e-03
3.591762797441e-04 5.703768692911e-04 7.155868806876e-04 7.795284618624e-04 8.063724380918e-04 8.259413880296e-04 8.272567065433e-04 8.080595871434e-04 8.253492997028e-04 8.872359176166e-04 9.404246811755e-04 9.882685262710e-04 1.030483981594e-03 1.065825810656e-03 1.097759348340e-03 1.128602656536e-03 1.151211559772e-03 1.154305064119e-03 1.130947726779e-03 1.100622466765e-03 1.102988142520e-03 1.185620552860e-03 1.120285247453e-03 1.247157342732e-03 1.557913026772e-03 1.772996038198e-03 2.050393726677e-03 2.237310633063e-03 2.244557719678e-03 2.169948536903e-03 2.118705539033e-03 2.176243346184e-03 2.947792178020e-03 3.678806591779e-03 3.519715741277e-03 3.047282109037e-03 3.229808527976e-03 3.663405543193e-03 3.916692920029e-03 3.552054753527e-03 3.234515199438e-03 3.075517714024e-03 3.111701458693e-03
3.313764464110e-04 5.253852577880e-04 6.581592024304e-04 7.193618803285e-04 7.447864045389e-04 7.552195456810e-04 7.486693211831e-04 7.563454564661e-04 7.738184067421e-04 8.398219943047e-04 8.991670329124e-04 9.547031950206e-04 1.005642581731e-03 1.048203324899e-03 1.081015914679e-03 1.102101523429e-03 1.104322844185e-03 1.191579736769e-03 1.216628588736e-03 1.128927222453e-03 1.031944528222e-03 1.087873824872e-03 1.110054319724e-03 1.119258464314e-03 1.369156292640e-03 1.548228203319e-03 1.870979787782e-03 2.172678243369e-03 2.242963761091e-03 2.167632803321e-03 2.077016048133e-03 2.053439384326e-03 2.352926880121e-03 2.855602884665e-03 2.800968009979e-03 2.588251838461e-03 2.793937223032e-03 3.104746341705e-03 3.210116410628e-03 2.792832674459e-03 2.530294470489e-03 2.347555244341e-03 2.347059780732e-03
3.080042952206e-04 4.891425487585e-04 6.152710993774e-04 6.762825651094e-04 6.981758633628e-04 6.987859960645e-04 6.866101757623e-04 6.995235453360e-04 7.274963427335e-04 7.565096602775e-04 8.175976108760e-04 8.752467110753e-04 9.285510750487e-04 9.733262122609e-04 1.005524769425e-03 1.048022648320e-03 1.147036324255e-03 1.290982938372e-03 1.354513806291e-03 1.317674061283e-03 1.205898472108e-03 1.072462415323e-03 1.105991541408e-03 1.118282903917e-03 1.218978548422e-03 1.363150542602e-03 1.405552611686e-03 1.691863173619e-03 1.912987791002e-03 1.979154301807e-03 1.953107654117e-03 1.962227746844e-03 2.013399032876e-03 2.119600540027e-03 2.075772732496e-03 2.007286297157e-03 2.130934270099e-03 2.485445467755e-03 2.647783374414e-03 2.174563473091e-03 1.950314268470e-03 1.742217456922e-03 1.896496163681e-03
2.911209303420e-04 4.637169768102e-04 5.855878116563e-04 6.434268434532e-04 6.583237554878e-04 6.522367475554e-04 6.399895064533e-04 6.457924610004e-04 6.690433947369e-04 6.975404685363e-04 7.107577403076e-04 7.667532190681e-04 8.181707817130e-04 8.621301385574e-04 9.001682628877e-04 9.986630175263e-04 1.167385489680e-03 1.331776846200e-03 1.443101326004e-03 1.476491568610e-03 1.436030841433e-03 1.350505161099e-03 1.247539767064e-03 1.152911689132e-03 1.104280818254e-03 1.225407933816e-03 1.246467465535e-03 1.194557058625e-03 1.433850615285e-03 1.646007644013e-03 1.785637345165e-03 1.888755708933e-03 1.953186467290e-03 1.923862146214e-03 1.694318954833e-03 1.668417244218e-03 1.852578134276e-03 2.356415614486e-03 2.735400572419e-03 2.456477377564e-03 1.806628890336e-03 1.611253479496e-03 1.833227230236e-03
2.851326134987e-04 4.534874751698e-04 5.705213407055e-04 6.215395987965e-04 6.290046148933e-04 6.192974979058e-04 6.219689385034e-04 6.300785462372e-04 6.169502157718e-04 6.267790449783e-04 6.488976650871e-04 7.171119214036e-04 7.887062965892e-04 8.629413787276e-04 9.286112617701e-04 1.021755160764e-03 1.187886460684e-03 1.356104156002e-03 1.507404609583e-03 1.601043972187e-03 1.617162954062e-03 1.577343093231e-03 1.509496360086e-03 1.440350548364e-03 1.399772823788e-03 1.373492181301e-03 1.322723110206e-03 1.246115891263e-03 1.420767745003e-03 1.594104920514e-03 1.723057474010e-03 1.841225661337e-03 1.905133831315e-03 1.780920196325e-03 1.691852929071e-03 1.756988349371e-03 1.866598380730e-03 2.274120692164e-03 2.632393734530e-03 2.388061955571e-03 1.844666432589e-03 1.604641438462e-03 1.827802741900e-03
2.901544503402e-04 4.590826283675e-04 5.723501089960e-04 6.169470725581e-04 6.189217092469e-04 6.055724225007e-04 6.122094346210e-04 6.148307584226e-04 6.279326626100e-04 6.308423471637e-04 6.719614611939e-04 7.395066204481e-04 8.055181824602e-04 8.683385676704e-04 9.191296412610e-04 1.052569132298e-03 1.240808167495e-03 1.418970176019e-03 1.591175794601e-03 1.715985476039e-03 1.756747486070e-03 1.730709685944e-03 1.666738884524e-03 1.587304519489e-03 1.521900179796e-03 1.456840196624e-03 1.347448094748e-03 1.213142997585e-03 1.392698613927e-03 1.543385209516e-03 1.672339392826e-03 1.797480392270e-03 1.840209471993e-03 1.691914512776e-03 1.716283848509e-03 1.785874599591e-03 1.910392427817e-03 2.201501745731e-03 2.375456970185e-03 2.089881803840e-03 1.710582990199e-03 1.491151051596e-03 1.697461004369e-03
2.977839030791e-04 4.696975520346e-04 5.812172894366e-04 6.220270879567e-04 6.207804544829e-04 6.239598151296e-04 6.500040180981e-04 6.680819205940e-04 6.781836855225e-04 6.793723441660e-04 6.729422020726e-04 7.109766593203e-04 7.827898953110e-04 8.756676106714e-04 9.056937415153e-04 1.032091211528e-03 1.270595937967e-03 1.476631499827e-03 1.640011905693e-03 1.742722233757e-03 1.765422523022e-03 1.717781182379e-03 1.628752797842e-03 1.524614752270e-03 1.427091076039e-03 1.328748418018e-03 1.189321163110e-03 1.212617731653e-03 1.366721233353e-03 1.502243569121e-03 1.625430188142e-03 1.728931092657e-03 1.730356016196e-03 1.586750964634e-03 1.772870891728e-03 2.217161701992e-03 2.098587807268e-03 2.166453050449e-03 2.089290646836e-03 1.785922446288e-03 1.548293512315e-03 1.358068198897e-03 1.541773905046e-03
2.934633230325e-04 4.613833152689e-04 5.675684660673e-04 6.052347016521e-04 6.037781713530e-04 6.268673459999e-04 6.436075200327e-04 6.516064750031e-04 6.534021231346e-04 6.490973755717e-04 6.486459751613e-04 7.278601406142e-04 8.468001615256e-04 9.481662418693e-04 9.783921996132e-04 9.569536196068e-04 1.215615309775e-03 1.426456379704e-03 1.545443548821e-03 1.587087637745e-03 1.564510399476e-03 1.479323604144e-03 1.366015872918e-03 1.267793239094e-03 1.188430469483e-03 1.103104790673e-03 1.103664748371e-03 1.203223364428e-03 1.339390175417e-03 1.461228006519e-03 1.567486906424e-03 1.626688521355e-03 1.581413322128e-03 1.522122649476e-03 1.847620354965e-03 1.978825777769e-03 2.018452621996e-03 2.178781433031e-03 2.113629598171e-03 1.731833675876e-03 1.515028765425e-03 1.392767648213e-03 1.498412690125e-03
2.682105114218e-04 4.190290346742e-04 5.124241579324e-04 5.451120086946e-04 5.822775419801e-04 6.075153942220e-04 5.965316086076e-04 5.741582135670e-04 5.670785321854e-04 6.054276018403e-04 6.609415286221e-04 7.639130344614e-04 9.027391206473e-04 1.007717917673e-03 1.036918954924e-03 1.019400660880e-03 1.113224658184e-03 1.292544533499e-03 1.359774614684e-03 1.344600692391e-03 1.277073402889e-03 1.158408005722e-03 1.109239063226e-03 1.313187880442e-03 1.331283361651e-03 1.275614718907e-03 1.249079126865e-03 1.253453432582e-03 1.302924007177e-03 1.409176038578e-03 1.483240281232e-03 1.485236571170e-03 1.394058926962e-03 1.407337491401e-03 1.682609785348e-03 2.387909917161e-03 2.040967112407e-03 2.865206450224e-03 2.540595829487e-03 2.152036409825e-03 1.824628561735e-03 1.502617145889e-03 1.689695054665e-03
2.799241046887e-04 4.125853592996e-04 5.062498967163e-04 5.843066610396e-04 6.436886033043e-04 6.576696177945e-04 6.385107408278e-04 6.024593603797e-04 5.604620673694e-04 6.113509880379e-04 6.773427012376e-04 8.021628600545e-04 9.557293378748e-04 1.062619965523e-03 1.091368845664e-03 1.074171043001e-03 1.022075070068e-03 1.176914549433e-03 1.222186023369e-03 1.284596743062e-03 1.745586516336e-03 1.600564923137e-03 1.203943975270e-03 1.369251403958e-03 1.328946207650e-03 1.223822124302e-03 1.161886029877e-03 1.149451127276e-03 1.259072450921e-03 1.341175287962e-03 1.369287259877e-03 1.314773457125e-03 1.202665502205e-03 1.263240352273e-03 1.412775600329e-03 2.122587058693e-03 2.661628881469e-03 4.165828693658e-03 3.851354820654e-03 2.549798693508e-03 1.942360308021e-03 1.784859923646e-03 2.197200199589e-03
