100/SI/f164.grd
DSAA
101	101
32.816463539100	34.260883539100
35.556306596100	36.727886596100
2.793674138957e-05	4.509453773499e+00
[rows 19 to 37 of 101, columns 43 to 85 of 101]
4.497249424458e-02 5.525732040405e-02 7.185486704111e-02 7.323703914881e-02 4.753629118204e-02 7.287937402725e-02 3.718454763293e-02 3.855354711413e-02 4.209381341934e-02 4.268851503730e-02 3.895760327578e-02 5.703675746918e-02 6.858868151903e-02 6.822224706411e-02 4.522466287017e-02 5.530283600092e-02 7.286828756332e-02 6.805390119553e-02 3.749060258269e-02 6.057178229094e-02 2.798808738589e-02 3.933806344867e-02 5.280643329024e-02 2.598731406033e-02 2.576880902052e-02 3.035145625472e-02 2.505674585700e-02 3.153676539660e-02 2.927300706506e-02 2.319551818073e-02 2.506783232093e-02 3.453642129898e-02 3.899832442403e-02 3.020468726754e-02 2.681886218488e-02 2.191879414022e-02 1.505982596427e-02 1.651143282652e-02 1.821591705084e-02 1.517049409449e-02 1.428038254380e-02 1.240346115083e-02 1.349536981434e-02
4.008640721440e-02 5.414666607976e-02 7.680682837963e-02 8.858077973127e-02 6.412205100060e-02 6.443432718515e-02 3.825424611568e-02 4.083558544517e-02 3.645791485906e-02 4.563485458493e-02 4.774563759565e-02 5.331990495324e-02 7.337003946304e-02 7.254152745008e-02 5.507324635983e-02 6.015626713634e-02 7.117289304733e-02 7.687847316265e-02 4.423419013619e-02 5.855916067958e-02 3.196900710464e-02 5.944126844406e-02 7.403898239136e-02 3.444636985660e-02 3.004091605544e-02 3.106009028852e-02 3.076706454158e-02 3.261209651828e-02 2.542104199529e-02 2.468820661306e-02 3.486782684922e-02 4.555374756455e-02 4.069058224559e-02 3.223420679569e-02 2.661600522697e-02 2.194579690695e-02 1.565774530172e-02 1.929665729403e-02 1.490412000567e-02 1.284439768642e-02 1.370014343411e-02 1.182281598449e-02 1.232846733183e-02
4.336346685886e-02 6.219016015530e-02 7.091835886240e-02 9.271794557571e-02 7.900131493807e-02 5.513876304030e-02 3.793884813786e-02 4.325015842915e-02 3.473585471511e-02 4.264919832349e-02 4.498869553208e-02 5.060057342052e-02 6.962728500366e-02 7.852739840746e-02 6.644583493471e-02 6.428507715464e-02 6.819642335176e-02 8.399617671967e-02 5.042358115315e-02 5.425158515573e-02 3.591109439731e-02 7.355345040560e-02 8.100333064795e-02 3.876221179962e-02 2.932888083160e-02 3.634038940072e-02 3.473030403256e-02 2.819895185530e-02 2.410886995494e-02 3.467344492674e-02 4.862099885941e-02 4.715092107654e-02 3.185394406319e-02 3.677276894450e-02 2.637964673340e-02 2.020314149559e-02 1.869257725775e-02 1.983475498855e-02 1.660375110805e-02 1.300365477800e-02 1.268214453012e-02 9.322618134320e-03 9.175635874271e-03
4.145855829120e-02 5.853640660644e-02 6.012124195695e-02 8.849354088306e-02 8.741917461157e-02 5.778552219272e-02 5.101724714041e-02 4.579905420542e-02 3.420787304640e-02 3.731411695480e-02 4.298967868090e-02 5.130273476243e-02 5.764519423246e-02 8.307371288538e-02 7.399955391884e-02 6.262829154730e-02 6.309270858765e-02 9.005804359913e-02 5.552866682410e-02 4.860665276647e-02 3.982724621892e-02 7.301112264395e-02 7.058148831129e-02 3.356498479843e-02 3.214277699590e-02 3.782109916210e-02 3.151340410113e-02 2.580584399402e-02 3.648519888520e-02 5.143037810922e-02 5.057370290160e-02 3.513679280877e-02 2.689665928483e-02 3.820639103651e-02 1.896501705050e-02 1.853557117283e-02 2.306545525789e-02 1.770971901715e-02 1.904053427279e-02 1.210295036435e-02 1.351980678737e-02 1.128085795790e-02 1.017933804542e-02
3.369325026870e-02 4.023455828428e-02 6.270463764668e-02 7.834593206644e-02 8.805941790342e-02 5.861088261008e-02 6.334728002548e-02 5.321480706334e-02 3.741121664643e-02 3.173451125622e-02 4.477781802416e-02 5.008227005601e-02 5.963549390435e-02 8.914433419704e-02 7.487228512764e-02 5.790602043271e-02 5.681823566556e-02 9.375418722630e-02 5.922697484493e-02 5.887687578797e-02 4.629009589553e-02 6.000917032361e-02 5.263576656580e-02 3.133715689182e-02 3.934385254979e-02 3.658578172326e-02 2.703313343227e-02 3.891081362963e-02 5.573716014624e-02 5.417485535145e-02 3.677952662110e-02 2.183462679386e-02 2.863091416657e-02 3.583921119571e-02 1.924351043999e-02 1.993658579886e-02 2.429936081171e-02 1.853254623711e-02 2.088610455394e-02 1.264226529747e-02 1.284354738891e-02 1.061909925193e-02 1.079925522208e-02
4.352936893702e-02 4.340517520905e-02 7.068345695734e-02 6.620699912310e-02 8.365046977997e-02 6.539063155651e-02 6.064805388451e-02 6.723145395517e-02 5.849596858025e-02 4.473454877734e-02 4.871445894241e-02 4.729748517275e-02 6.498052924871e-02 9.527498483658e-02 6.709194183350e-02 5.555535852909e-02 4.847222566605e-02 9.584632515907e-02 7.508957386017e-02 6.501112878323e-02 5.472673848271e-02 5.818396434188e-02 3.522373363376e-02 3.792322427034e-02 4.039933159947e-02 2.769575826824e-02 4.224035516381e-02 6.010409444571e-02 5.722295865417e-02 3.834744170308e-02 2.054104395211e-02 1.610631123185e-02 3.831386193633e-02 2.996450476348e-02 1.841600053012e-02 2.584834955633e-02 2.248999848962e-02 1.867314800620e-02 2.218310907483e-02 1.564732380211e-02 1.098681427538e-02 1.046478096396e-02 9.316061623394e-03
6.842715293169e-02 4.239908605814e-02 4.248767718673e-02 7.323222607374e-02 7.702671736479e-02 6.899500638247e-02 5.305121839046e-02 6.148426607251e-02 6.993011385202e-02 6.866191327572e-02 5.844824016094e-02 7.231435179710e-02 7.058270275593e-02 9.896051883698e-02 5.791612714529e-02 5.119059607387e-02 6.753640621901e-02 9.649731218815e-02 8.497401326895e-02 6.233268976212e-02 5.897219851613e-02 6.273780018091e-02 3.954527154565e-02 4.133688285947e-02 3.395993262529e-02 4.419924691319e-02 6.544505059719e-02 6.132530048490e-02 3.989430516958e-02 2.619525045156e-02 3.672133386135e-02 2.245341241360e-02 4.472891613841e-02 2.628645673394e-02 2.148184739053e-02 2.764133922756e-02 2.702827565372e-02 1.897722668946e-02 2.289464324713e-02 1.726951450109e-02 1.047383062541e-02 9.946368634701e-03 1.153032109141e-02
9.151644259691e-02 4.358778521419e-02 4.277546703815e-02 6.735412776470e-02 6.934016942978e-02 7.056508958340e-02 5.757128447294e-02 5.830313265324e-02 5.812463164330e-02 7.516404241323e-02 8.188124001026e-02 7.322318106890e-02 7.618977874517e-02 1.002199277282e-01 5.017888173461e-02 7.901381701231e-02 9.468670189381e-02 9.658154100180e-02 8.258462697268e-02 4.939355328679e-02 5.600795522332e-02 5.747782811522e-02 3.965001553297e-02 3.415401279926e-02 4.454222321510e-02 6.959633529186e-02 6.714652478695e-02 4.205122962594e-02 3.727462515235e-02 5.117419362068e-02 4.646037518978e-02 4.217600822449e-02 4.361798241735e-02 2.939597144723e-02 2.765410393476e-02 2.290127798915e-02 2.945620566607e-02 2.008420601487e-02 2.297192439437e-02 1.716258749366e-02 1.112020947039e-02 1.262369379401e-02 1.625565253198e-02
9.990353137255e-02 4.475701227784e-02 5.173061415553e-02 4.457272216678e-02 7.623867690563e-02 7.124319672585e-02 6.077329441905e-02 6.190448626876e-02 5.911346897483e-02 7.456377148628e-02 7.888509333134e-02 6.870910525322e-02 8.121772110462e-02 9.654261171818e-02 8.604709059000e-02 1.046062260866e-01 1.010977849364e-01 9.379281848669e-02 5.613374337554e-02 5.010246112943e-02 5.770629644394e-02 5.821791663766e-02 4.182814434171e-02 4.262718930840e-02 7.254227995872e-02 7.407926768064e-02 4.643740504980e-02 3.791351243854e-02 5.562720820308e-02 4.617224261165e-02 3.745832294226e-02 4.101073369384e-02 3.386946022511e-02 3.228477388620e-02 2.739332988858e-02 1.918164081872e-02 2.884270623326e-02 2.174007147551e-02 2.251897752285e-02 1.553791854531e-02 1.341722533107e-02 1.804214715958e-02 2.039651013911e-02
8.767147362232e-02 6.527724862099e-02 5.989450588822e-02 4.192750900984e-02 5.522939562798e-02 7.234122604132e-02 7.631712406874e-02 6.576411426067e-02 7.773644477129e-02 1.139781624079e-01 6.359916180372e-02 6.037471070886e-02 8.454087376595e-02 8.884698897600e-02 1.115225106478e-01 1.079649105668e-01 9.337624907494e-02 9.065625071526e-02 6.189202144742e-02 6.721451878548e-02 5.992976203561e-02 5.795119330287e-02 3.892540931702e-02 7.358832657337e-02 8.161393553019e-02 5.276783555746e-02 4.325819760561e-02 5.893681570888e-02 5.214388296008e-02 3.408357873559e-02 4.970828816295e-02 4.311197623610e-02 2.594845555723e-02 2.952489256859e-02 2.464161999524e-02 2.645660378039e-02 2.625081315637e-02 2.387769892812e-02 2.184896729887e-02 2.013538032770e-02 2.238021045923e-02 2.512416802347e-02 2.119854465127e-02
5.910855159163e-02 9.836539626122e-02 6.557484716177e-02 5.159162357450e-02 6.243392825127e-02 7.036622613668e-02 6.738220900297e-02 7.036599516869e-02 1.018225476146e-01 1.410415619612e-01 9.464965015650e-02 6.576379388571e-02 8.516020327806e-02 1.062921062112e-01 1.136721074581e-01 1.580033600330e-01 8.375921845436e-02 8.398022502661e-02 6.915480643511e-02 6.791623681784e-02 6.177261099219e-02 5.715247616172e-02 7.283759862185e-02 8.660395443439e-02 5.947732925415e-02 4.865418374538e-02 5.815944448113e-02 5.837347358465e-02 5.002926290035e-02 4.980298876762e-02 5.280272290111e-02 2.957381121814e-02 2.797845937312e-02 2.521609887481e-02 2.205519750714e-02 2.063480950892e-02 3.576615080237e-02 2.831487357616e-02 2.599668502808e-02 2.984032966197e-02 2.973723784089e-02 2.183263003826e-02 1.473005209118e-02
6.655297428370e-02 1.090066656470e-01 6.780250370502e-02 5.703943222761e-02 7.361076027155e-02 6.736568361521e-02 7.011477649212e-02 8.886506408453e-02 1.173056140542e-01 1.416390836239e-01 1.130355373025e-01 1.121507510543e-01 9.926327317953e-02 1.165081560612e-01 1.381635665894e-01 1.999979168177e-01 8.703719824553e-02 9.413705766201e-02 9.335029125214e-02 7.632765918970e-02 6.046344712377e-02 7.264240831137e-02 9.104765951633e-02 6.546561419964e-02 5.445349961519e-02 5.741530284286e-02 5.562571436167e-02 6.168793141842e-02 6.000675261021e-02 5.996590480208e-02 4.519896581769e-02 2.437391690910e-02 3.343161940575e-02 2.089785784483e-02 2.179917134345e-02 2.228038571775e-02 4.928312450647e-02 3.274300321937e-02 3.436073660851e-02 2.767681702971e-02 1.682278700173e-02 9.918248280883e-03 9.847772307694e-03
1.317742615938e-01 8.615507930517e-02 9.443964064121e-02 6.057763844728e-02 8.954325318336e-02 6.944275647402e-02 7.544088363647e-02 1.026779487729e-01 1.233790740371e-01 1.198869124055e-01 1.160803511739e-01 1.174026206136e-01 1.103363931179e-01 8.934105187654e-02 9.472330659628e-02 1.274404376745e-01 7.129430025816e-02 9.302301704884e-02 1.016946956515e-01 8.486698567867e-02 7.552240043879e-02 9.525883197784e-02 7.131784409285e-02 6.077354773879e-02 5.626556649804e-02 5.161203816533e-02 5.570917949080e-02 6.579363346100e-02 6.597843021154e-02 5.903132259846e-02 3.701397776604e-02 2.336669899523e-02 3.558667376637e-02 2.833667397499e-02 3.417112678289e-02 3.634545579553e-02 5.558667704463e-02 3.246004879475e-02 2.567144110799e-02 1.788135990500e-02 1.602736674249e-02 1.213098037988e-02 1.160326879472e-02
2.138504832983e-01 9.347988665104e-02 1.057439297438e-01 7.706169784069e-02 9.925983101130e-02 8.488104492426e-02 8.370912075043e-02 1.178786680102e-01 1.266846507788e-01 9.955337643623e-02 1.396698653698e-01 1.716524511576e-01 9.532842040062e-02 1.116828992963e-01 6.840319186449e-02 7.952450215816e-02 7.582330703735e-02 9.044425189495e-02 8.741386234760e-02 7.928857952356e-02 1.011126041412e-01 7.697680592537e-02 6.334523111582e-02 5.688803642988e-02 6.121607869864e-02 5.675102025270e-02 5.717530101538e-02 7.135869562626e-02 7.181733101606e-02 6.517190486193e-02 4.492291808128e-02 3.942726179957e-02 3.913231566548e-02 3.564927354455e-02 3.450167179108e-02 5.307830870152e-02 4.578778520226e-02 2.217015065253e-02 2.394956164062e-02 2.447815425694e-02 2.269138395786e-02 1.754327118397e-02 1.253366470337e-02
2.341255843639e-01 2.445248812437e-01 9.990929067135e-02 1.012315079570e-01 1.093248948455e-01 1.027266159654e-01 1.410321593285e-01 1.320700645447e-01 1.248990818858e-01 9.271153807640e-02 1.423567235470e-01 1.912061125040e-01 1.143364384770e-01 1.078336834908e-01 8.747824281454e-02 8.908504247665e-02 9.442950785160e-02 8.928572386503e-02 8.638712763786e-02 1.082209050655e-01 8.429021388292e-02 7.227601110935e-02 6.192830950022e-02 4.851365834475e-02 5.943195149302e-02 6.692545861006e-02 6.161930412054e-02 7.661152631044e-02 7.990861684084e-02 7.126640528440e-02 5.309069901705e-02 3.914920985699e-02 3.481676802039e-02 2.954524010420e-02 4.802882671356e-02 5.510417371988e-02 2.467950247228e-02 2.521900646389e-02 2.628849074244e-02 2.665560692549e-02 2.519379183650e-02 2.106632292271e-02 1.464042812586e-02
1.124444007874e-01 3.294819891453e-01 2.407261431217e-01 9.995654970407e-02 1.152195930481e-01 1.279340982437e-01 1.363451033831e-01 1.386605501175e-01 1.108865514398e-01 9.705363959074e-02 1.622731685638e-01 1.871747821569e-01 1.469345092773e-01 9.939345717430e-02 9.168729931116e-02 1.022449657321e-01 1.579807698727e-01 9.914691746235e-02 1.199825555086e-01 9.247282892466e-02 6.663261353970e-02 6.493367999792e-02 5.482128635049e-02 6.665991991758e-02 6.778376549482e-02 7.775802910328e-02 8.579664677382e-02 6.553985178471e-02 7.775523513556e-02 7.764310389757e-02 6.035767868161e-02 3.204555809498e-02 3.271598368883e-02 5.078738555312e-02 5.515026673675e-02 3.236535191536e-02 2.240681275725e-02 2.261839061975e-02 2.251568995416e-02 2.285275422037e-02 2.276936173439e-02 2.108842134476e-02 1.687062531710e-02
2.062461525202e-01 1.560389995575e-01 3.841258883476e-01 1.788654625416e-01 1.165331974626e-01 1.572832763195e-01 1.182073205709e-01 1.319379508495e-01 1.726365089417e-01 1.349585354328e-01 1.868494302034e-01 1.487120687962e-01 1.565211564302e-01 1.310379952192e-01 1.078457385302e-01 1.008491367102e-01 2.299816161394e-01 1.391052156687e-01 1.119300574064e-01 1.364177763462e-01 8.114024251699e-02 6.622534990311e-02 7.072310894728e-02 7.445887476206e-02 7.173881679773e-02 7.632070779800e-02 1.080815047026e-01 6.552622467279e-02 8.069743216038e-02 8.426639437675e-02 6.835189461708e-02 4.407582804561e-02 5.596717819571e-02 5.187107995152e-02 2.977784909308e-02 2.479053474963e-02 2.341650985181e-02 2.192717231810e-02 2.038342505693e-02 1.897751726210e-02 1.961547508836e-02 2.026483230293e-02 1.840965822339e-02
2.780992686749e-01 3.645498454571e-01 2.204241901636e-01 3.776676058769e-01 1.405974626541e-01 1.904278397560e-01 1.632442623377e-01 1.744377464056e-01 2.427729815245e-01 2.010665535927e-01 2.325053364038e-01 1.335123926401e-01 1.420252174139e-01 1.479237377644e-01 1.325397342443e-01 1.046255379915e-01 2.703609764576e-01 1.536034196615e-01 1.598886102438e-01 1.108121201396e-01 6.020092219114e-02 6.670679897070e-02 8.483668416739e-02 7.712075859308e-02 6.980270147324e-02 6.698049604893e-02 1.053384020925e-01 7.182142138481e-02 9.050384163857e-02 8.927439898252e-02 7.082194089890e-02 5.655425786972e-02 4.249998554587e-02 2.205066941679e-02 2.179371938109e-02 2.314714156091e-02 2.280708402395e-02 2.438012510538e-02 2.394380234182e-02 2.272794768214e-02 2.469791658223e-02 2.871924452484e-02 3.000789321959e-02
5.506751537323e-01 3.641332983971e-01 3.853370547295e-01 3.199911117554e-01 2.910272777081e-01 2.140692174435e-01 2.353010624647e-01 2.059191167355e-01 2.135410606861e-01 2.356602102518e-01 2.733464837074e-01 1.588876843452e-01 1.400765031576e-01 1.502516716719e-01 1.646078526974e-01 1.564923822880e-01 2.087678015232e-01 1.547347605228e-01 1.543146669865e-01 1.232463121414e-01 1.006490662694e-01 1.196135953069e-01 1.205054894090e-01 9.978925436735e-02 7.285393774509e-02 6.166404858232e-02 8.263634890318e-02 8.823736011982e-02 9.354612976313e-02 7.813780754805e-02 5.484533309937e-02 3.504188358784e-02 3.066881000996e-02 3.240172564983e-02 3.834688290954e-02 4.206793382764e-02 4.402615129948e-02 4.384517669678e-02 4.163759574294e-02 3.811251372099e-02 3.467831388116e-02 3.490430116653e-02 3.091873228550e-02
