100/SI/f164.grd
DSAA
101	101
32.816463539100	34.260883539100
35.556306596100	36.727886596100
2.793674138957e-05	4.509453773499e+00
[rows 19 to 37 of 101, columns 0 to 42 of 101]
8.742396719754e-03 1.781965233386e-02 2.278250083327e-02 2.320718020201e-02 1.913926005363e-02 1.509965863079e-02 1.037659216672e-02 1.172109879553e-02 1.398121379316e-02 1.687185466290e-02 2.247965335846e-02 2.684035897255e-02 2.605937793851e-02 2.826777100563e-02 2.847825363278e-02 2.760295197368e-02 2.623571455479e-02 2.519975788891e-02 2.924579754472e-02 2.636807598174e-02 2.693961746991e-02 2.907983027399e-02 3.159319609404e-02 2.999325469136e-02 2.675329707563e-02 2.260946668684e-02 2.337686717510e-02 3.744317963719e-02 4.449114203453e-02 3.360680118203e-02 3.091499954462e-02 2.843799442053e-02 3.006805106997e-02 3.005440719426e-02 3.013060614467e-02 2.908394299448e-02 2.313878387213e-02 2.021861448884e-02 2.164235152304e-02 2.093899250031e-02 3.032441809773e-02 7.446074485779e-02 3.454645350575e-02
6.836524698883e-03 1.436214707792e-02 1.936196163297e-02 2.117481641471e-02 1.882429234684e-02 1.803292520344e-02 1.651787571609e-02 1.187268644571e-02 1.582249999046e-02 1.847142912447e-02 1.959825865924e-02 2.457302063704e-02 2.170142903924e-02 2.532133646309e-02 2.737806737423e-02 2.824539318681e-02 2.817344479263e-02 2.687123790383e-02 3.395128622651e-02 2.730590477586e-02 3.190053254366e-02 3.857238590717e-02 4.156080260873e-02 4.014439508319e-02 3.760624304414e-02 2.909230813384e-02 3.097215108573e-02 3.032403253019e-02 4.678333178163e-02 3.411167860031e-02 2.916683815420e-02 2.754975296557e-02 2.679033577442e-02 2.707020938396e-02 2.559083886445e-02 3.313306346536e-02 2.203226275742e-02 2.317532524467e-02 2.366912737489e-02 2.440583147109e-02 3.754381835461e-02 6.299954652786e-02 5.155091732740e-02
5.244406871498e-03 1.056991051883e-02 1.463343575597e-02 1.683784462512e-02 1.588814891875e-02 1.376781519502e-02 1.701556704938e-02 1.697555556893e-02 1.939768530428e-02 2.314663492143e-02 2.668887563050e-02 3.516206145287e-02 4.218772053719e-02 3.867286443710e-02 2.638754807413e-02 2.527492493391e-02 2.670405991375e-02 2.799457870424e-02 4.946576803923e-02 3.997542336583e-02 3.009349852800e-02 4.688430204988e-02 4.969507455826e-02 5.394587665796e-02 4.439853131771e-02 3.931441158056e-02 3.870452567935e-02 2.402299456298e-02 4.403809085488e-02 3.146096318960e-02 2.415439486504e-02 2.520725503564e-02 2.972385287285e-02 2.460358664393e-02 2.695242315531e-02 3.503783792257e-02 2.795038372278e-02 2.463854849339e-02 2.556453086436e-02 2.763730846345e-02 4.376501962543e-02 4.507648572326e-02 6.845173984766e-02
7.013039663434e-03 1.258811075240e-02 1.227865647525e-02 1.286541391164e-02 1.511544547975e-02 1.913456059992e-02 2.234788984060e-02 2.675568498671e-02 3.250176459551e-02 4.085885360837e-02 5.198819190264e-02 6.519705057144e-02 7.328572869301e-02 6.375862658024e-02 4.018955305219e-02 2.451528981328e-02 3.381920605898e-02 4.751316830516e-02 6.015159934759e-02 4.897814616561e-02 3.869166597724e-02 5.088577419519e-02 5.416500195861e-02 6.056168302894e-02 4.416192322969e-02 4.476904496551e-02 4.597258195281e-02 2.887616679072e-02 3.597510606050e-02 2.608723752201e-02 2.472364343703e-02 2.448462322354e-02 3.083333559334e-02 3.107767924666e-02 3.100579977036e-02 2.973507158458e-02 3.925663232803e-02 2.741010859609e-02 2.753383666277e-02 3.032525442541e-02 4.877362027764e-02 4.230897501111e-02 7.948876917362e-02
6.812228355557e-03 1.405749190599e-02 1.525539346039e-02 1.460416242480e-02 1.894375495613e-02 2.574177272618e-02 2.823452837765e-02 2.986629679799e-02 3.309718146920e-02 3.831568732858e-02 4.624172300100e-02 5.274410545826e-02 5.401432886720e-02 4.623413085938e-02 3.390049189329e-02 3.018675558269e-02 3.293814137578e-02 4.420210793614e-02 5.892148241401e-02 3.763705119491e-02 3.627862036228e-02 5.129252746701e-02 5.408090725541e-02 5.807364359498e-02 4.632278531790e-02 4.462669789791e-02 5.182404071093e-02 4.418182373047e-02 4.461168125272e-02 3.801876679063e-02 3.285931795835e-02 4.865237325430e-02 4.547202959657e-02 3.353881835938e-02 3.274511918426e-02 3.304772451520e-02 4.349463060498e-02 3.179311752319e-02 3.006408922374e-02 3.199055418372e-02 5.157186836004e-02 4.289005696774e-02 8.117946237326e-02
1.371793076396e-02 2.367302589118e-02 1.539072114974e-02 1.551158074290e-02 1.742526888847e-02 2.240424044430e-02 2.537368983030e-02 2.512596547604e-02 2.499291673303e-02 2.601009793580e-02 2.748977392912e-02 2.911547198892e-02 2.774060331285e-02 3.060345165431e-02 3.098500147462e-02 2.775689773262e-02 2.757464721799e-02 5.070852115750e-02 5.802577361465e-02 3.083676658571e-02 3.106908127666e-02 4.748514667153e-02 5.131599679589e-02 4.949640482664e-02 4.474070668221e-02 4.083804041147e-02 5.579523742199e-02 4.887669906020e-02 4.094949737191e-02 3.962924331427e-02 3.871607407928e-02 6.253831088543e-02 9.302707016468e-02 8.862537890673e-02 8.030178397894e-02 7.669808715582e-02 7.966271042824e-02 4.886674880981e-02 4.143979027867e-02 3.408249840140e-02 5.273555964231e-02 4.142193496227e-02 7.182800024748e-02
2.543269470334e-02 5.386727675796e-02 5.545318499207e-02 4.858721420169e-02 3.033670224249e-02 1.752358488739e-02 1.678325235844e-02 1.758511923254e-02 1.932795904577e-02 2.499042451382e-02 2.997813001275e-02 3.352421522141e-02 3.462305292487e-02 3.320426121354e-02 3.025450743735e-02 3.125709295273e-02 3.297156468034e-02 4.940933734179e-02 4.871305078268e-02 2.861669287086e-02 3.096167556942e-02 3.874026611447e-02 4.437562078238e-02 4.110231623054e-02 4.627978056669e-02 4.463951289654e-02 5.790017172694e-02 6.171024963260e-02 6.561893969774e-02 5.875677615404e-02 4.434312880039e-02 3.722977638245e-02 7.532783597708e-02 8.230223506689e-02 9.078443050385e-02 1.098477840424e-01 1.372715681791e-01 8.368989825249e-02 6.117320805788e-02 5.194652080536e-02 5.175619944930e-02 3.862594813108e-02 5.372370406985e-02
2.715317904949e-02 5.854468420148e-02 6.755188852549e-02 7.971372455359e-02 8.721343427896e-02 7.564111799002e-02 4.240326583385e-02 2.323030866683e-02 3.168788179755e-02 3.701931610703e-02 3.804976865649e-02 3.601257130504e-02 3.361600637436e-02 4.526830092072e-02 4.987737908959e-02 4.951760545373e-02 4.874379932880e-02 4.741131886840e-02 4.682684689760e-02 4.522556439042e-02 4.420048743486e-02 4.419513791800e-02 4.286827519536e-02 5.393799021840e-02 6.490027904510e-02 5.612504109740e-02 6.342241168022e-02 8.143749833107e-02 8.236114680767e-02 7.319229096174e-02 5.468595400453e-02 3.992260619998e-02 4.444305226207e-02 6.971817463636e-02 1.038686111569e-01 9.136857092381e-02 9.283075481653e-02 7.024505734444e-02 7.457084953785e-02 7.594756036997e-02 6.178939342499e-02 3.985745087266e-02 4.793320596218e-02
1.744021847844e-02 3.848361223936e-02 4.476305097342e-02 5.493792891502e-02 7.146076112986e-02 9.388973563910e-02 1.060462966561e-01 8.248048275709e-02 4.308072850108e-02 4.000867158175e-02 3.563766926527e-02 4.592951387167e-02 5.415825173259e-02 5.639998987317e-02 5.359113961458e-02 5.354695022106e-02 5.299183353782e-02 5.139419436455e-02 5.382497608662e-02 5.430400371552e-02 5.579659342766e-02 6.060952320695e-02 5.729272589087e-02 5.274910852313e-02 5.118590593338e-02 6.603594869375e-02 6.328169256449e-02 7.802122086287e-02 8.586466312408e-02 7.711420953274e-02 5.766873061657e-02 6.274574249983e-02 8.099091798067e-02 1.084073334932e-01 1.292460709810e-01 9.349268674850e-02 6.484142690897e-02 5.413347110152e-02 6.689884513617e-02 8.575700223446e-02 9.364935755730e-02 6.362295150757e-02 4.782135412097e-02
1.201737765223e-02 2.359743230045e-02 2.945756539702e-02 2.710711397231e-02 3.115758672357e-02 4.659353569150e-02 7.276894897223e-02 9.861905127764e-02 9.834846109152e-02 6.767261773348e-02 5.140588432550e-02 5.427791923285e-02 5.500637367368e-02 5.252696201205e-02 5.161775276065e-02 5.074832215905e-02 4.811421781778e-02 5.160507932305e-02 5.292334035039e-02 5.486285686493e-02 5.812317132950e-02 5.607059597969e-02 5.385985597968e-02 5.314253270626e-02 5.223896354437e-02 5.136677995324e-02 5.434894561768e-02 6.014414131641e-02 7.268688082695e-02 7.567446678877e-02 5.934502556920e-02 7.279931753874e-02 8.773590624332e-02 9.967494010925e-02 9.648928791285e-02 6.038269028068e-02 6.310494989157e-02 7.298959046602e-02 7.872191816568e-02 7.065967470407e-02 1.048498079181e-01 1.066382899880e-01 5.971627309918e-02
1.393249072134e-02 2.743433788419e-02 2.727975510061e-02 3.346301242709e-02 2.745243720710e-02 2.376037649810e-02 2.794589288533e-02 5.129903927445e-02 8.221898972988e-02 9.551610052586e-02 7.781617343426e-02 5.192614719272e-02 4.934489354491e-02 4.825367406011e-02 4.514792189002e-02 4.385447502136e-02 4.524657875299e-02 4.902290925384e-02 4.780935123563e-02 4.771693795919e-02 4.306932911277e-02 3.512464091182e-02 4.459716007113e-02 3.961461409926e-02 5.999714136124e-02 5.344661325216e-02 6.113559380174e-02 6.723952293396e-02 5.613064393401e-02 6.072648987174e-02 6.756146997213e-02 7.274726778269e-02 6.333330273628e-02 7.762189209461e-02 5.785166844726e-02 4.928784072399e-02 6.367400288582e-02 8.817658573389e-02 1.055647656322e-01 9.994217753410e-02 8.486600965261e-02 1.318144053221e-01 9.924960136414e-02
1.798876188695e-02 3.458376601338e-02 3.216442093253e-02 3.309257701039e-02 3.685994818807e-02 2.770100347698e-02 3.847129270434e-02 4.671945422888e-02 5.164187401533e-02 7.193981111050e-02 9.259607642889e-02 8.394510298967e-02 5.137483403087e-02 4.146946594119e-02 4.079976677895e-02 4.173984751105e-02 4.319680109620e-02 4.266039282084e-02 4.487562924623e-02 4.423025250435e-02 3.856874257326e-02 3.149946779013e-02 3.415198996663e-02 5.508187413216e-02 8.191569149494e-02 1.102018430829e-01 1.322388648987e-01 1.076146587729e-01 7.207086682320e-02 6.733468174934e-02 8.333118259907e-02 5.831214413047e-02 4.355596005917e-02 9.664360433817e-02 3.991620242596e-02 5.718956887722e-02 5.269288271666e-02 7.414516061544e-02 1.078570261598e-01 1.160125434399e-01 9.984304755926e-02 1.110290214419e-01 1.505730897188e-01
1.634208112955e-02 3.571898490191e-02 3.775548562407e-02 3.689783066511e-02 3.899484127760e-02 3.950216621161e-02 4.734849184752e-02 4.975721612573e-02 4.939612746239e-02 4.667129367590e-02 6.440681964159e-02 9.172773361206e-02 8.951219916344e-02 6.174388527870e-02 3.914587199688e-02 3.906866163015e-02 3.765510022640e-02 3.443063423038e-02 4.604899138212e-02 4.792145267129e-02 4.843284562230e-02 4.040990397334e-02 3.700676560402e-02 6.805510073900e-02 1.152357980609e-01 1.698167026043e-01 1.992426663637e-01 1.904450058937e-01 1.240045800805e-01 7.769589126110e-02 8.983992785215e-02 7.493589073420e-02 6.989581137896e-02 1.180213391781e-01 6.076802685857e-02 1.174506470561e-01 8.512431383133e-02 5.908948928118e-02 8.243875205517e-02 1.185216605663e-01 1.214976385236e-01 1.026615798473e-01 1.615346372128e-01
2.007524855435e-02 4.086606949568e-02 4.132659360766e-02 4.012358188629e-02 4.170411825180e-02 4.727490991354e-02 4.762574657798e-02 4.809904843569e-02 4.421513155103e-02 4.073246940970e-02 3.940438851714e-02 5.543399974704e-02 8.895232528448e-02 9.373714029789e-02 7.101912796497e-02 3.371505066752e-02 3.135121241212e-02 3.509669378400e-02 4.093099012971e-02 6.524234265089e-02 5.899614468217e-02 5.398980528116e-02 4.962217807770e-02 6.785213202238e-02 1.178090572357e-01 1.679851114750e-01 2.286415696144e-01 2.678999900818e-01 2.234373986721e-01 1.079020127654e-01 9.743634611368e-02 1.057210192084e-01 1.008284837008e-01 1.395527869463e-01 7.737074047327e-02 1.570696681738e-01 1.302058994770e-01 8.578760176897e-02 7.855603098869e-02 1.146003454924e-01 2.440826594830e-01 1.238491758704e-01 1.317388713360e-01
2.639555372298e-02 4.968068003654e-02 4.605820775032e-02 4.916034638882e-02 5.216433107853e-02 5.510368198156e-02 5.849608033895e-02 6.082143634558e-02 6.213324144483e-02 6.231741607189e-02 6.041729822755e-02 5.845385789871e-02 5.597406253219e-02 8.217705041170e-02 9.535644948483e-02 7.942436635494e-02 3.975391387939e-02 3.598322719336e-02 3.953412920237e-02 6.232602149248e-02 6.604842841625e-02 5.939986184239e-02 5.479454249144e-02 5.808533355594e-02 9.755418449640e-02 1.450631320477e-01 2.245575338602e-01 3.136358559132e-01 2.962198853493e-01 1.802496016026e-01 1.398461163044e-01 1.762868613005e-01 1.892466247082e-01 1.746240407228e-01 1.446193754673e-01 1.692212671041e-01 1.612422913313e-01 1.245496645570e-01 1.415414810181e-01 1.276749223471e-01 3.484636545181e-01 2.849159836769e-01 7.710133492947e-02
2.702539041638e-02 5.616492033005e-02 5.607713013887e-02 5.437343567610e-02 4.794307053089e-02 4.327287897468e-02 4.094198346138e-02 4.524792358279e-02 5.009138211608e-02 5.579582229257e-02 6.214710697532e-02 6.946665793657e-02 7.658269256353e-02 1.218489930034e-01 1.247380077839e-01 9.435599297285e-02 8.885470032692e-02 8.458875119686e-02 7.877713441849e-02 7.220995426178e-02 6.512269377708e-02 5.638497695327e-02 6.167407706380e-02 6.035730987787e-02 6.672412157059e-02 1.097993925214e-01 1.617759615183e-01 2.558506727219e-01 3.249376118183e-01 2.248358577490e-01 1.064076498151e-01 1.103610992432e-01 1.620937138796e-01 2.151669710875e-01 2.389840185642e-01 2.216270714998e-01 1.598880290985e-01 1.347702294588e-01 1.017768532038e-01 1.455924957991e-01 3.635208904743e-01 4.365908801556e-01 1.175922229886e-01
2.298172004521e-02 4.634001478553e-02 4.824232682586e-02 5.259033665061e-02 5.521756410599e-02 5.335339158773e-02 4.479499161243e-02 3.887709975243e-02 3.908273205161e-02 3.905595093966e-02 3.881739452481e-02 3.796302527189e-02 3.675684332848e-02 4.686623066664e-02 7.033020257950e-02 7.697469741106e-02 9.187487512827e-02 8.874570578337e-02 7.224491238594e-02 7.995839416981e-02 8.462208509445e-02 8.735831081867e-02 9.059629589319e-02 9.461487084627e-02 9.093821793795e-02 7.297836989164e-02 1.090715229511e-01 1.938314735889e-01 2.735985219479e-01 2.005658745766e-01 1.002223268151e-01 7.059285789728e-02 6.237757951021e-02 1.050011515617e-01 1.263998895884e-01 2.054699957371e-01 2.608461081982e-01 2.411126345396e-01 1.500037312508e-01 1.644604057074e-01 2.335581183434e-01 5.178365111351e-01 1.875456273556e-01
1.860964484513e-02 3.597507998347e-02 3.581997007132e-02 3.428544104099e-02 3.495752066374e-02 3.911775723100e-02 4.086432978511e-02 4.021658748388e-02 3.419576585293e-02 3.689679875970e-02 4.008503258228e-02 4.331559687853e-02 4.629099741578e-02 4.927302896976e-02 5.232096835971e-02 5.495702847838e-02 5.724459141493e-02 8.621615171432e-02 9.186565876007e-02 1.194061413407e-01 9.365817159414e-02 7.719325274229e-02 7.386640459299e-02 7.149514555931e-02 7.176975905895e-02 8.097435534000e-02 1.078950986266e-01 1.240151971579e-01 1.748149842024e-01 1.422878056765e-01 7.166048884392e-02 8.512022346258e-02 6.360923498869e-02 8.403586596251e-02 9.908866882324e-02 1.188035309315e-01 1.197584271431e-01 2.023601233959e-01 2.859246432781e-01 2.316989898682e-01 2.075799107552e-01 4.241292476654e-01 3.817623555660e-01
1.174271851778e-02 2.364418096840e-02 2.326811105013e-02 2.268071286380e-02 2.562353946269e-02 3.013088181615e-02 3.299234807491e-02 3.458664193749e-02 3.513301908970e-02 3.237086534500e-02 3.015783987939e-02 3.180531412363e-02 3.362791985273e-02 3.387394547462e-02 3.431554138660e-02 4.580273106694e-02 5.099553242326e-02 6.814236193895e-02 1.289476454258e-01 1.351687759161e-01 1.199170798063e-01 1.024933978915e-01 1.194613799453e-01 1.429629474878e-01 1.005980074406e-01 1.152131259441e-01 1.122114956379e-01 1.043113544583e-01 1.083823293447e-01 1.429367214441e-01 1.342034786940e-01 8.423213660717e-02 8.760129660368e-02 9.234059602022e-02 9.974157065153e-02 1.035435423255e-01 1.068308204412e-01 1.375210285187e-01 2.027507573366e-01 2.358138263226e-01 2.816187143326e-01 3.804012835026e-01 3.137282729149e-01
