100/SI/f166.grd
DSAA
101	101
32.816463539100	34.260883539100
35.556306596100	36.727886596100
3.058566289837e-05	4.969877719879e+00
[rows 0 to 18 of 101, columns 0 to 42 of 101]
4.619572777301e-03 8.258786983788e-03 7.321736309677e-03 4.386071581393e-03 3.670514794067e-03 4.779462236911e-03 9.524635970592e-03 1.328030414879e-02 1.187864970416e-02 7.093953434378e-03 4.488985054195e-03 5.159216001630e-03 5.476950667799e-03 5.287915468216e-03 4.534463863820e-03 6.923962850124e-03 1.040738727897e-02 1.204305514693e-02 8.576363325119e-03 5.575791001320e-03 6.338494829834e-03 6.774774752557e-03 5.013438407332e-03 4.496179055423e-03 4.771075677127e-03 6.518779788166e-03 9.509836323559e-03 1.086214743555e-02 1.412883121520e-02 1.125781610608e-02 8.659603074193e-03 8.136458694935e-03 7.059917319566e-03 5.601110868156e-03 4.580207634717e-03 4.433174151927e-03 4.074166528881e-03 5.509084556252e-03 7.732752710581e-03 8.870515041053e-03 7.429905701429e-03 6.289769895375e-03 5.992993712425e-03
8.549260906875e-03 1.613582111895e-02 1.583186909556e-02 1.106418762356e-02 7.789064198732e-03 9.241421706975e-03 1.833049394190e-02 2.535406313837e-02 2.243435755372e-02 1.307396497577e-02 7.707589771599e-03 8.814278058708e-03 9.308858774602e-03 8.862437680364e-03 7.761031854898e-03 1.029565650970e-02 1.639411412179e-02 2.145876176655e-02 1.936895400286e-02 1.154309231788e-02 1.156112737954e-02 1.769293658435e-02 9.303825907409e-03 8.348243311048e-03 9.837877936661e-03 1.273490674794e-02 1.594188436866e-02 1.820054091513e-02 2.686814405024e-02 2.091585285962e-02 1.407440192997e-02 1.275343541056e-02 1.188410539180e-02 9.674182161689e-03 1.040731836110e-02 1.088234875351e-02 1.094053965062e-02 1.225212588906e-02 1.541321352124e-02 1.551260892302e-02 1.147716864944e-02 1.134440489113e-02 1.239722222090e-02
8.359500207007e-03 1.716109924018e-02 1.923952437937e-02 1.648616977036e-02 1.060386095196e-02 1.066786982119e-02 2.120937593281e-02 2.882151305676e-02 2.469838038087e-02 1.353676430881e-02 9.732697159052e-03 1.097242906690e-02 1.133725140244e-02 1.049058604985e-02 8.638988249004e-03 8.349978365004e-03 1.076133083552e-02 1.607847772539e-02 1.838653720915e-02 1.494439598173e-02 1.823609694839e-02 2.735059335828e-02 1.197260804474e-02 1.034040655941e-02 1.307928003371e-02 1.582618057728e-02 1.642437465489e-02 1.651319116354e-02 3.131208941340e-02 2.345507219434e-02 1.363462861627e-02 1.168969180435e-02 1.626185327768e-02 8.654600009322e-03 9.791513904929e-03 1.124352030456e-02 1.405917387456e-02 1.781444624066e-02 1.862932369113e-02 1.543453801423e-02 1.594010740519e-02 1.052296627313e-02 1.389483083040e-02
7.408683188260e-03 1.630913466215e-02 1.946393959224e-02 1.990162581205e-02 1.600470021367e-02 1.092236675322e-02 2.216708846390e-02 2.948634698987e-02 2.386578544974e-02 1.162427011877e-02 1.076977141201e-02 1.188853476197e-02 1.183820422739e-02 1.053337752819e-02 8.376775309443e-03 8.521579205990e-03 8.135253563523e-03 9.331808425486e-03 1.214756723493e-02 1.378175336868e-02 3.058798611164e-02 3.480792790651e-02 1.339724473655e-02 1.135438866913e-02 1.442296151072e-02 1.653323508799e-02 1.581226475537e-02 1.505908276886e-02 3.136365115643e-02 2.280197292566e-02 1.155384164304e-02 9.391773492098e-03 1.874418929219e-02 9.965891018510e-03 1.093703694642e-02 1.546989660710e-02 1.914248615503e-02 1.994917355478e-02 1.688528433442e-02 1.960077881813e-02 1.923396065831e-02 1.168757397681e-02 1.273743622005e-02
7.246850989759e-03 1.560233160853e-02 1.847220957279e-02 2.045033499599e-02 1.957721449435e-02 1.384266093373e-02 2.261758968234e-02 2.945363707840e-02 2.236895635724e-02 9.859005920589e-03 1.154923159629e-02 1.229418814182e-02 1.190687902272e-02 1.185134332627e-02 1.087946631014e-02 9.185721166432e-03 8.984611369669e-03 8.856824599206e-03 1.248882152140e-02 2.531600557268e-02 4.252135753632e-02 3.824049606919e-02 1.437480747700e-02 1.617970503867e-02 1.442730706185e-02 1.615109108388e-02 1.448424626142e-02 1.498793624341e-02 2.968661114573e-02 2.147849276662e-02 1.365386229008e-02 1.067869178951e-02 1.998459175229e-02 1.225076150149e-02 1.719409599900e-02 2.058405987918e-02 2.081039734185e-02 1.756644062698e-02 1.209285855293e-02 2.010699175298e-02 2.335982955992e-02 1.561057474464e-02 1.009879447520e-02
6.776473950595e-03 1.360880862921e-02 1.644697040319e-02 1.800561696291e-02 1.998386718333e-02 1.664439216256e-02 2.259632013738e-02 2.850102260709e-02 2.015611156821e-02 1.094703748822e-02 1.226321049035e-02 1.346780546010e-02 1.435365807265e-02 1.389008946717e-02 1.249530632049e-02 1.016923226416e-02 8.258347399533e-03 9.385395795107e-03 1.988949254155e-02 3.609725832939e-02 4.947541654110e-02 3.777170926332e-02 1.630562357605e-02 2.463309653103e-02 1.514735072851e-02 1.514308527112e-02 1.297305524349e-02 1.634975895286e-02 2.655347064137e-02 2.148906327784e-02 1.379935722798e-02 1.172176655382e-02 2.317369915545e-02 1.834703423083e-02 2.177758328617e-02 2.153004333377e-02 1.787026785314e-02 1.235728152096e-02 1.362697966397e-02 1.889763772488e-02 2.860007621348e-02 1.813091151416e-02 9.826553054154e-03
8.530681021512e-03 1.515663787723e-02 1.396522112191e-02 1.382341887802e-02 1.724358834326e-02 1.671128533781e-02 2.223766595125e-02 2.723541855812e-02 1.808411441743e-02 1.206974964589e-02 1.354723703116e-02 1.541619282216e-02 1.562009193003e-02 1.452446542680e-02 1.236134674400e-02 1.166833192110e-02 1.106897089630e-02 1.377226226032e-02 2.685053087771e-02 4.313398897648e-02 5.123484507203e-02 3.449541702867e-02 2.156361006200e-02 3.121946565807e-02 2.194360643625e-02 1.378615759313e-02 1.275612413883e-02 3.029068000615e-02 4.243106767535e-02 2.736908942461e-02 1.530438382179e-02 1.300089061260e-02 2.544804848731e-02 2.150914072990e-02 2.150831744075e-02 1.785919629037e-02 1.244891900569e-02 1.365605555475e-02 1.977113634348e-02 2.494670264423e-02 2.935756742954e-02 2.167108282447e-02 9.780945256352e-03
8.650510571897e-03 1.730843633413e-02 1.789164543152e-02 1.295707654208e-02 1.234435569495e-02 1.398286409676e-02 2.192508615553e-02 2.662304788828e-02 1.683889329433e-02 1.304426323622e-02 1.529533322901e-02 1.632544770837e-02 1.578516885638e-02 1.392483431846e-02 1.305757462978e-02 1.477650739253e-02 1.646957173944e-02 1.818456500769e-02 3.292179107666e-02 4.680335894227e-02 5.028785020113e-02 3.100143931806e-02 2.339253388345e-02 3.432388603687e-02 2.668639831245e-02 1.699968241155e-02 1.221102103591e-02 4.600988700986e-02 5.944313108921e-02 3.208563849330e-02 1.672497391701e-02 1.568523608148e-02 2.513284608722e-02 1.974480785429e-02 1.826446875930e-02 1.296442747116e-02 1.307106763124e-02 1.945569366217e-02 2.569093927741e-02 2.837116830051e-02 2.580290660262e-02 2.696989476681e-02 1.128922775388e-02
7.478400599211e-03 1.635434478521e-02 2.034424617887e-02 1.852653734386e-02 1.231508143246e-02 1.208202447742e-02 2.168399095535e-02 2.638719417155e-02 1.620492525399e-02 1.457385160029e-02 1.621620170772e-02 1.637278869748e-02 1.498666312546e-02 1.290807873011e-02 1.361764129251e-02 1.570961065590e-02 2.130481600761e-02 2.182908356190e-02 3.633892908692e-02 4.609433189034e-02 4.563290253282e-02 2.690217457712e-02 2.385396137834e-02 3.281515091658e-02 2.878834493458e-02 1.962918974459e-02 1.540891360492e-02 5.934348702431e-02 6.938029080629e-02 3.534578159451e-02 1.832826063037e-02 1.495147682726e-02 2.549602650106e-02 1.701377518475e-02 2.005036920309e-02 2.014712430537e-02 1.949904300272e-02 2.613938972354e-02 3.006376884878e-02 2.841762080789e-02 2.087442204356e-02 3.346788883209e-02 1.325879152864e-02
7.570590823889e-03 1.357644889504e-02 1.916926540434e-02 2.172312326729e-02 1.853779889643e-02 1.215149275959e-02 2.173465676606e-02 2.634164318442e-02 1.583125814795e-02 1.542008761317e-02 1.625994779170e-02 1.556572597474e-02 1.699196919799e-02 1.850161701441e-02 1.934751309454e-02 1.961642876267e-02 2.312492206693e-02 2.528325840831e-02 3.741552680731e-02 4.275639355183e-02 3.953573480248e-02 2.292626537383e-02 2.153363637626e-02 2.867660485208e-02 2.780594676733e-02 2.017118595541e-02 1.665912196040e-02 6.733276695013e-02 7.368684560061e-02 3.661506623030e-02 1.607170142233e-02 1.299189776182e-02 2.763073891401e-02 1.688732579350e-02 2.052810229361e-02 2.096911706030e-02 2.708857879043e-02 3.119132108986e-02 3.051611222327e-02 2.444097772241e-02 1.746056042612e-02 3.634886071086e-02 1.855359412730e-02
7.600347977132e-03 1.522932108492e-02 1.579745486379e-02 2.076904103160e-02 2.273822762072e-02 1.829529181123e-02 2.154070511460e-02 2.591979503632e-02 1.530914474279e-02 1.557593792677e-02 1.708604022861e-02 1.999794319272e-02 2.216924913228e-02 2.337069250643e-02 2.392465621233e-02 2.412980422378e-02 2.387288212776e-02 3.141418471932e-02 4.404694959521e-02 4.668333008885e-02 3.923631086946e-02 2.900108136237e-02 2.036194130778e-02 2.445547096431e-02 2.507944963872e-02 1.796585693955e-02 1.934072934091e-02 7.102955132723e-02 7.539016753435e-02 3.585520386696e-02 1.544074434787e-02 1.469145528972e-02 2.707075700164e-02 1.801098510623e-02 2.390704676509e-02 2.899207547307e-02 3.233354538679e-02 3.171499446034e-02 2.630623802543e-02 2.032437175512e-02 1.980411820114e-02 3.491145372391e-02 2.413005381823e-02
6.431098096073e-03 1.354681141675e-02 1.622204482555e-02 1.726236008108e-02 2.243790961802e-02 2.366565726697e-02 2.088879048824e-02 2.497694827616e-02 1.520918030292e-02 1.841419376433e-02 2.142535150051e-02 2.387462556362e-02 2.554782107472e-02 2.649999223650e-02 2.681674063206e-02 2.675552479923e-02 2.646751329303e-02 4.177604243159e-02 5.712474510074e-02 5.938267707825e-02 5.116760730743e-02 4.008626192808e-02 2.932400628924e-02 2.075297571719e-02 2.933513373137e-02 2.810935303569e-02 2.377776615322e-02 6.815128028393e-02 6.669593602419e-02 3.262012451887e-02 2.002849802375e-02 2.371120452881e-02 2.559111267328e-02 2.871657349169e-02 3.256165608764e-02 3.401931375265e-02 3.262366726995e-02 2.825568243861e-02 2.699596993625e-02 3.127666190267e-02 2.355038002133e-02 2.983338199556e-02 2.871767431498e-02
5.567111074924e-03 1.060071308166e-02 1.349028479308e-02 1.596866548061e-02 1.895773038268e-02 2.404138445854e-02 2.417322434485e-02 2.362642437220e-02 1.887520588934e-02 2.194619551301e-02 2.413926273584e-02 2.552976273000e-02 2.635573036969e-02 2.680687792599e-02 2.682799100876e-02 2.667519450188e-02 2.666194923222e-02 4.594416543841e-02 6.209620088339e-02 6.342085450888e-02 5.483103916049e-02 4.463975876570e-02 3.488220646977e-02 2.550085075200e-02 3.940860554576e-02 3.810614719987e-02 3.213082626462e-02 5.932697281241e-02 5.232029408216e-02 2.773636765778e-02 3.502283245325e-02 3.953817486763e-02 3.939537331462e-02 3.811026364565e-02 3.702119737864e-02 3.597957268357e-02 3.489454090595e-02 3.311070799828e-02 3.028912283480e-02 4.236580803990e-02 2.637055143714e-02 2.267458103597e-02 3.699892014265e-02
6.890769116580e-03 1.336733810604e-02 1.314431708306e-02 1.227104663849e-02 1.504550036043e-02 2.061222679913e-02 2.571906894445e-02 2.455128170550e-02 2.099541574717e-02 2.333289198577e-02 2.449663355947e-02 2.486246824265e-02 2.466885931790e-02 2.409270033240e-02 2.344756014645e-02 2.330857887864e-02 2.388293109834e-02 4.214496165514e-02 5.583959817886e-02 5.772832781076e-02 5.183013156056e-02 4.393391683698e-02 3.625620901585e-02 2.863774821162e-02 3.890491649508e-02 4.019690304995e-02 3.551052883267e-02 4.852750897408e-02 3.815650194883e-02 3.044000267982e-02 4.110379144549e-02 4.651448875666e-02 4.439099133015e-02 3.999657928944e-02 3.603214770555e-02 3.388975933194e-02 3.200790658593e-02 2.982300519943e-02 2.726172097027e-02 4.479499533772e-02 4.104790091515e-02 2.335845865309e-02 4.201259836555e-02
8.888151496649e-03 1.777931302786e-02 1.786437816918e-02 1.753058657050e-02 1.695295609534e-02 1.611195877194e-02 2.253551408648e-02 2.747789397836e-02 2.430738508701e-02 2.280909195542e-02 2.309615723789e-02 2.258358523250e-02 2.156077511609e-02 2.020157501101e-02 1.901725307107e-02 1.926956325769e-02 1.944381371140e-02 3.326375409961e-02 4.288061708212e-02 4.523173719645e-02 4.232440143824e-02 3.800265863538e-02 3.353018686175e-02 2.873496338725e-02 3.045268356800e-02 3.322410956025e-02 3.246879950166e-02 4.934225976467e-02 2.795935049653e-02 3.089269064367e-02 4.003266617656e-02 4.448176175356e-02 4.259301722050e-02 3.522862866521e-02 2.606925554574e-02 2.689361386001e-02 2.294967696071e-02 2.429123222828e-02 2.365937270224e-02 3.691525384784e-02 5.473639443517e-02 2.367726527154e-02 4.222599044442e-02
9.020548313856e-03 1.833124086261e-02 1.898849941790e-02 1.989873312414e-02 2.059063315392e-02 2.077488414943e-02 2.060958556831e-02 2.467423863709e-02 2.871216088533e-02 2.305020391941e-02 2.072513476014e-02 1.963723264635e-02 1.824018731713e-02 1.717432402074e-02 1.848827302456e-02 1.969043724239e-02 2.098540216684e-02 2.733016386628e-02 2.999678254128e-02 3.217552229762e-02 3.151322156191e-02 2.923254854977e-02 2.728928439319e-02 2.586383931339e-02 2.475565485656e-02 2.429341338575e-02 3.217104077339e-02 5.220703408122e-02 3.565927594900e-02 3.489437326789e-02 4.144247993827e-02 4.209433123469e-02 3.534985706210e-02 3.537908568978e-02 1.910854876041e-02 3.192067146301e-02 3.044839762151e-02 2.821215242147e-02 2.420991472900e-02 2.584707736969e-02 6.209053844213e-02 3.380526602268e-02 3.740189597011e-02
9.725859388709e-03 1.678953878582e-02 1.675991155207e-02 1.750277355313e-02 1.901404932141e-02 2.090915851295e-02 2.215863019228e-02 2.276874706149e-02 2.640501223505e-02 2.795240469277e-02 2.406384982169e-02 2.320137806237e-02 2.333199232817e-02 2.115553617477e-02 1.906256750226e-02 2.163725346327e-02 2.389391884208e-02 2.811352163553e-02 2.837544865906e-02 2.379790320992e-02 2.149791456759e-02 2.526359073818e-02 3.164001926780e-02 3.289680182934e-02 2.973074279726e-02 2.395267039537e-02 3.560832515359e-02 5.310930311680e-02 3.581599146128e-02 3.764467686415e-02 3.962238132954e-02 4.071440547705e-02 4.377549886703e-02 3.934235125780e-02 2.396412007511e-02 3.592934086919e-02 3.386064246297e-02 2.801734022796e-02 2.109934017062e-02 2.521308511496e-02 5.954110994935e-02 5.186208710074e-02 2.925819531083e-02
1.109478063881e-02 2.043636143208e-02 2.200697548687e-02 1.898426190019e-02 1.758168265224e-02 1.900064758956e-02 1.938904076815e-02 1.919948495924e-02 2.076416276395e-02 2.572141587734e-02 2.802728675306e-02 2.890146709979e-02 2.902018092573e-02 2.668391168118e-02 2.628073282540e-02 2.538345195353e-02 2.385576628149e-02 2.814252860844e-02 2.953418716788e-02 2.627977915108e-02 2.169241197407e-02 1.995631307364e-02 2.207867242396e-02 2.464880421758e-02 2.529826015234e-02 2.540241368115e-02 3.115949779749e-02 5.097733065486e-02 3.644107654691e-02 3.191883489490e-02 3.657894954085e-02 4.213552922010e-02 4.708773642778e-02 4.018868133426e-02 2.756868675351e-02 3.969604149461e-02 3.243938460946e-02 2.518257871270e-02 1.896586082876e-02 2.299659699202e-02 4.786411300302e-02 7.018179446459e-02 3.240542858839e-02
1.088149100542e-02 2.133709006011e-02 2.536305598915e-02 2.389036491513e-02 1.808920130134e-02 1.408814452589e-02 1.711869426072e-02 1.941977068782e-02 2.085079625249e-02 2.104985713959e-02 2.773012220860e-02 3.083144128323e-02 2.945353649557e-02 2.955749817193e-02 2.991479635239e-02 2.952700853348e-02 2.614337764680e-02 2.787531912327e-02 3.048549406230e-02 2.810342609882e-02 2.161164209247e-02 2.581007964909e-02 2.514798752964e-02 2.583188749850e-02 2.279255352914e-02 2.224495820701e-02 2.338261716068e-02 4.716757684946e-02 4.308017715812e-02 3.409652784467e-02 3.299174457788e-02 3.562257066369e-02 4.412245750427e-02 3.940815106034e-02 3.193758428097e-02 3.834487125278e-02 2.827518247068e-02 2.259500510991e-02 2.130885794759e-02 2.095618471503e-02 3.275004401803e-02 8.206506818533e-02 3.409046679735e-02
