100/SI/f166.grd
DSAA
101	101
32.816463539100	34.260883539100
35.556306596100	36.727886596100
3.058566289837e-05	4.969877719879e+00
[rows 76 to 94 of 101, columns 43 to 85 of 101]
7.671123370528e-03 6.546838674694e-03 1.194354332983e-02 3.018090501428e-02 3.216719254851e-02 6.414642930031e-02 1.023999229074e-01 1.151272505522e-01 7.126468420029e-02 1.991781406105e-02 7.191723585129e-02 1.610283106565e-01 1.202684268355e-01 3.267685323954e-02 1.430427189916e-02 2.061909995973e-02 2.229132503271e-02 1.172604877502e-02 1.085760816932e-02 1.346109062433e-02 4.895219951868e-02 1.109008267522e-01 2.577920071781e-02 1.710908301175e-02 1.238827500492e-02 8.300864137709e-03 4.213735926896e-03 3.622751915827e-03 3.529737936333e-03 3.329402301461e-03 3.166649723426e-03 3.299457253888e-03 3.472539829090e-03 3.681854810566e-03 3.716917010024e-03 3.458048449829e-03 3.171316348016e-03 2.964438870549e-03 2.820088528097e-03 2.734705340117e-03 3.043297678232e-03 4.663140047342e-03 6.359786260873e-03
1.267007458955e-02 1.690487563610e-02 2.164197526872e-02 2.256601117551e-02 3.069571591914e-02 4.247391596437e-02 5.487810820341e-02 5.179840698838e-02 8.298220485449e-02 1.209667995572e-01 1.197292655706e-01 5.738706141710e-02 4.217310249805e-02 3.672751039267e-02 2.370113320649e-02 2.672225981951e-02 7.560523226857e-03 4.207676742226e-03 5.304853431880e-03 5.937234498560e-03 4.504662472755e-03 5.407035816461e-03 8.583084680140e-03 8.474770933390e-03 7.685846649110e-03 4.713273607194e-03 2.299837302417e-03 2.064607804641e-03 2.419095020741e-03 2.786072902381e-03 2.970942296088e-03 3.035137197003e-03 3.017874667421e-03 2.884943271056e-03 2.508631907403e-03 2.013171091676e-03 1.611572108231e-03 1.601732685231e-03 1.697305589914e-03 1.959914341569e-03 2.460467861965e-03 4.197419621050e-03 5.614883266389e-03
2.666484378278e-02 4.019756242633e-02 2.672270499170e-02 1.241423375905e-02 1.478978246450e-02 5.276479572058e-02 1.479611694813e-01 1.969989836216e-01 1.476030349731e-01 7.297819852829e-02 3.975764662027e-02 2.612521126866e-02 1.833956129849e-02 2.966995164752e-02 2.659058384597e-02 9.427634999156e-03 3.108330769464e-03 2.775423461571e-03 2.917329547927e-03 3.954403568059e-03 2.951300470158e-03 2.693959046155e-03 3.123548580334e-03 3.471388015896e-03 3.144505666569e-03 2.867674687877e-03 2.323618624359e-03 2.417333656922e-03 2.034648787230e-03 2.333892043680e-03 2.442643977702e-03 2.276296494529e-03 2.172950189561e-03 2.099710749462e-03 1.478144666180e-03 1.426179194823e-03 1.514684641734e-03 1.509083667770e-03 1.477786456235e-03 1.561037381180e-03 1.908512087539e-03 3.644459182397e-03 5.344044417143e-03
3.832436725497e-02 4.444357380271e-02 1.495307218283e-02 1.571760885417e-02 5.431553721428e-02 9.711381793022e-02 1.002099364996e-01 8.612865954638e-02 7.150331139565e-02 3.441830351949e-02 3.143575415015e-02 3.766598179936e-02 2.386230416596e-02 1.572909019887e-02 6.279959343374e-03 3.463529050350e-03 2.146075479686e-03 2.042537555099e-03 1.961360918358e-03 2.475553192198e-03 2.181912306696e-03 2.183048753068e-03 2.030892763287e-03 2.006576862186e-03 1.943085575476e-03 1.983035355806e-03 1.915924949571e-03 1.947720069438e-03 2.095921430737e-03 2.007575007156e-03 2.033924218267e-03 1.676205778494e-03 1.857803901657e-03 1.949246739969e-03 1.551561057568e-03 1.182675361633e-03 1.415292150341e-03 1.506099128164e-03 1.512579387054e-03 1.486216904595e-03 1.524021383375e-03 1.958795357496e-03 3.294547786936e-03
1.675599254668e-02 2.754779346287e-02 3.966990485787e-02 5.084882304072e-02 5.614192038774e-02 4.611335694790e-02 5.407738685608e-02 6.334331631660e-02 9.039846062660e-02 3.730912134051e-02 3.863128647208e-02 2.320089004934e-02 9.442080743611e-03 3.834953531623e-03 2.656606025994e-03 2.158495364711e-03 1.933445571922e-03 1.742403954268e-03 1.596225774847e-03 1.513253082521e-03 1.681738300249e-03 1.293730805628e-03 1.310903695412e-03 1.306075835600e-03 1.376173924655e-03 1.444798195735e-03 1.457423670217e-03 1.334661501460e-03 1.150594209321e-03 1.380185014568e-03 1.340011833236e-03 1.297475770116e-03 1.455513294786e-03 1.625844626687e-03 1.495642703958e-03 1.172524760477e-03 1.314597320743e-03 1.476289122365e-03 1.516102347523e-03 1.536060008220e-03 1.781068625860e-03 2.137473784387e-03 2.693064045161e-03
1.812216825783e-02 5.511877685785e-02 1.021258533001e-01 6.176716834307e-02 4.036368057132e-02 6.646474450827e-02 8.853994309902e-02 1.191786006093e-01 5.938499793410e-02 3.108555078506e-02 1.500528957695e-02 8.775522001088e-03 3.505137283355e-03 2.261283108965e-03 1.581824035384e-03 1.343510113657e-03 1.232489710674e-03 1.145001500845e-03 1.174452365376e-03 1.250005443580e-03 1.291964319535e-03 1.197391655296e-03 1.156805199571e-03 1.241373480298e-03 1.482357038185e-03 1.725767855532e-03 1.886598765850e-03 1.833072863519e-03 1.447995309718e-03 1.124034286477e-03 1.118401298299e-03 1.031440799125e-03 1.043997239321e-03 1.305186422542e-03 1.351957791485e-03 1.260794117115e-03 1.195272547193e-03 1.400369917974e-03 1.478491583839e-03 1.493381219916e-03 1.708317780867e-03 2.365936059505e-03 3.201081417501e-03
3.407929465175e-02 1.069824621081e-01 8.312780410051e-02 6.599270552397e-02 7.226760685444e-02 6.912996619940e-02 5.009846761823e-02 4.916629195213e-02 3.754922002554e-02 1.951166987419e-02 7.407136261463e-03 4.681095946580e-03 2.329373033717e-03 1.512581715360e-03 1.194156706333e-03 9.802221320570e-04 9.807361057028e-04 1.047250116244e-03 1.023030490614e-03 9.921818273142e-04 1.077039632946e-03 1.111854333431e-03 1.071534235962e-03 1.074034022167e-03 1.351059414446e-03 1.657688640989e-03 1.881590927951e-03 1.876467023976e-03 1.523867598735e-03 1.042498974130e-03 1.087849028409e-03 1.125053502619e-03 9.196324972436e-04 9.604312363081e-04 1.145710470155e-03 1.279830699787e-03 1.293392386287e-03 1.281482051127e-03 1.400903332978e-03 1.462355139665e-03 1.448829774745e-03 1.642972929403e-03 2.078067511320e-03
4.614507779479e-02 7.834041118622e-02 4.598276317120e-02 2.854432538152e-02 1.921192929149e-02 2.389576099813e-02 2.148729935288e-02 2.569081448019e-02 2.090686559677e-02 7.330009713769e-03 5.438217893243e-03 3.274787217379e-03 2.466443227604e-03 1.829376327805e-03 1.140636275522e-03 9.277443168685e-04 1.008505467325e-03 1.017097267322e-03 9.261695086025e-04 8.890571771190e-04 1.030387007631e-03 1.127527561039e-03 1.179296523333e-03 1.137818675488e-03 1.054188003764e-03 1.259173965082e-03 1.404866809025e-03 1.392157748342e-03 1.150868833065e-03 9.386534802616e-04 9.676776244305e-04 1.060521928594e-03 1.011223997921e-03 8.564863819629e-04 8.776850299910e-04 1.045931014232e-03 1.162736443803e-03 1.136668608524e-03 1.293299137615e-03 1.404473092407e-03 1.430565491319e-03 1.504702377133e-03 1.688090385869e-03
6.675144284964e-02 5.415960028768e-02 1.762166433036e-02 1.328979991376e-02 1.408261992037e-02 8.632473647594e-03 1.277815829962e-02 1.994146034122e-02 1.326923444867e-02 6.314246915281e-03 5.051648244262e-03 2.645117696375e-03 2.575009362772e-03 2.439361298457e-03 1.525645144284e-03 1.205899985507e-03 1.023101154715e-03 9.786867303774e-04 8.440475212410e-04 8.567399345338e-04 1.035470864736e-03 1.240735291503e-03 1.363326446153e-03 1.273254631087e-03 1.087505137548e-03 9.329562890343e-04 1.019023009576e-03 1.087940647267e-03 1.081379363313e-03 1.151333912276e-03 1.034307293594e-03 9.554046555422e-04 9.720809757710e-04 8.810831350274e-04 8.514201035723e-04 1.022885902785e-03 1.117974985391e-03 1.088586752303e-03 1.164675224572e-03 1.310157007538e-03 1.373684150167e-03 1.535351271741e-03 1.944223418832e-03
1.056181043386e-01 4.646546766162e-02 8.990013040602e-03 6.389886140823e-03 4.923156462610e-03 6.040380336344e-03 6.528901401907e-03 1.465262286365e-02 1.482096221298e-02 9.019332006574e-03 4.489778541028e-03 2.562514506280e-03 2.215402899310e-03 2.313179662451e-03 1.897031092085e-03 1.166517147794e-03 1.016564434394e-03 9.418439585716e-04 7.829276146367e-04 8.467960287817e-04 1.059373840690e-03 1.381763839163e-03 1.506198779680e-03 1.337472465821e-03 1.123267109506e-03 9.892486268654e-04 1.053151790984e-03 1.172722317278e-03 1.224849722348e-03 1.205391134135e-03 1.116276951507e-03 9.252096642740e-04 1.061650807969e-03 8.842650568113e-04 8.291436824948e-04 9.005882893689e-04 1.131703495048e-03 1.245626132004e-03 1.326632220298e-03 1.507346169092e-03 1.730488846079e-03 1.796269905753e-03 1.746050780639e-03
8.937045186758e-02 2.797587029636e-02 6.831060163677e-03 3.827782813460e-03 3.518016310409e-03 4.079943988472e-03 7.594543974847e-03 9.702279232442e-03 1.181090343744e-02 8.231589570642e-03 5.408782511950e-03 2.975437324494e-03 1.975085586309e-03 1.672216225415e-03 1.600167481229e-03 1.351196086034e-03 1.179052051157e-03 1.294575980864e-03 1.079869456589e-03 9.344097925350e-04 1.163463923149e-03 1.551942666993e-03 1.614890410565e-03 1.356432912871e-03 1.151714706793e-03 1.049321144819e-03 1.100395806134e-03 1.235575531609e-03 1.334967906587e-03 1.246337895282e-03 1.102140522562e-03 9.112168918364e-04 1.082778326236e-03 8.412105962634e-04 8.137463009916e-04 7.823886699043e-04 8.503059507348e-04 1.119889435358e-03 1.426247996278e-03 1.835789182223e-03 2.240790985525e-03 2.400569384918e-03 2.427977509797e-03
4.720544070005e-02 8.862538263202e-03 4.072410054505e-03 3.522232873365e-03 2.945461543277e-03 3.041452961043e-03 4.903110675514e-03 2.717218594626e-03 7.172332145274e-03 1.082794461399e-02 7.730258163065e-03 5.887007340789e-03 2.916484372690e-03 1.787452143617e-03 1.524009043351e-03 1.531084883027e-03 1.621912466362e-03 1.457478036173e-03 1.287192222662e-03 1.139485742897e-03 1.391036901623e-03 1.706879585981e-03 1.642855466343e-03 1.383321476169e-03 1.234508235939e-03 1.161377760582e-03 1.162307569757e-03 1.297323615290e-03 1.411116798408e-03 1.353219267912e-03 1.131669385359e-03 8.956780075096e-04 1.021744566970e-03 9.260537917726e-04 8.082980057225e-04 8.028858574107e-04 7.731759687886e-04 8.080046391115e-04 1.031402498484e-03 1.576256006956e-03 2.152302535251e-03 2.509875688702e-03 2.715220907703e-03
1.282591931522e-02 4.938448779285e-03 3.178782528266e-03 3.039555158466e-03 2.375611802563e-03 2.178045688197e-03 2.206833567470e-03 2.086557913572e-03 2.609563060105e-03 8.932235650718e-03 9.885441511869e-03 1.450534909964e-02 9.272107854486e-03 3.317890921608e-03 2.052380004898e-03 1.708514988422e-03 1.838517491706e-03 2.176359994337e-03 2.027305075899e-03 1.622357056476e-03 1.585211022757e-03 1.774327130988e-03 1.594596426003e-03 1.376059721224e-03 1.294782268815e-03 1.281777047552e-03 1.305955811404e-03 1.325918594375e-03 1.444194349460e-03 1.452492317185e-03 1.253421301953e-03 9.666843689047e-04 9.581760386936e-04 9.590879781172e-04 8.966590394266e-04 9.183391812257e-04 9.092059335671e-04 8.930691401474e-04 8.810499566607e-04 9.101040777750e-04 1.225369400345e-03 1.632347586565e-03 1.924732699990e-03
4.557677078992e-03 2.866628346965e-03 2.848609117791e-03 2.483554650098e-03 2.026754664257e-03 1.839156146161e-03 1.610101666301e-03 1.621799776331e-03 1.914217835292e-03 3.701156936586e-03 1.479450985789e-02 3.633422404528e-02 2.489554509521e-02 7.908695377409e-03 3.467101603746e-03 2.148497616872e-03 1.911351806484e-03 2.294339472428e-03 2.222178736702e-03 2.339347731322e-03 2.250747056678e-03 1.855136128142e-03 1.658938592300e-03 1.487863832153e-03 1.441916218027e-03 1.452053082176e-03 1.449007075280e-03 1.411132048815e-03 1.447971560992e-03 1.529573346488e-03 1.383795752190e-03 1.010990468785e-03 9.335557697341e-04 9.206989780068e-04 9.679546928965e-04 1.038852729835e-03 1.087145647034e-03 1.102003967389e-03 1.092235790566e-03 1.052081817761e-03 1.062382361852e-03 1.118492102250e-03 1.155854319222e-03
4.153233487159e-03 2.331984695047e-03 2.535933395848e-03 1.939749461599e-03 1.585060963407e-03 1.508522196673e-03 1.318817958236e-03 1.344600459561e-03 1.381145091727e-03 2.560636028647e-03 1.119565963745e-02 3.019711747766e-02 2.716034092009e-02 1.749030314386e-02 4.238893743604e-03 2.317194594070e-03 1.763201900758e-03 2.544236835092e-03 3.017994575202e-03 2.829435747117e-03 2.313370583579e-03 1.809773384593e-03 1.790524111129e-03 1.683400594629e-03 1.626328448765e-03 1.588223385625e-03 1.519895740785e-03 1.386245945469e-03 1.460640341975e-03 1.545248785987e-03 1.362473005429e-03 1.051186001860e-03 1.088471035473e-03 1.053537591361e-03 9.989895625040e-04 9.712280007079e-04 1.037444104441e-03 1.077231252566e-03 1.065687509254e-03 9.966975776479e-04 1.114063197747e-03 1.315151457675e-03 1.459452207200e-03
5.120845977217e-03 2.674919087440e-03 2.249970333651e-03 1.738291466609e-03 1.306597026996e-03 1.233454095200e-03 1.265899860300e-03 1.236662152223e-03 1.239760778844e-03 1.599848386832e-03 4.238586407155e-03 1.542014628649e-02 5.601692199707e-02 4.322090372443e-02 7.236027158797e-03 2.708424115553e-03 2.988597378135e-03 3.186163492501e-03 2.831523772329e-03 2.252509584650e-03 1.829164335504e-03 1.866470207460e-03 1.976821338758e-03 1.913351938128e-03 1.782502280548e-03 1.616836409084e-03 1.398649648763e-03 1.287652179599e-03 1.510309288278e-03 1.555001712404e-03 1.394377206452e-03 1.548666739836e-03 1.552455360070e-03 1.468334114179e-03 1.320910989307e-03 1.027412828989e-03 8.650994277559e-04 8.665392524563e-04 8.897368679754e-04 9.559996542521e-04 1.123452791944e-03 1.399974687956e-03 1.734999241307e-03
5.422639194876e-03 3.035987727344e-03 2.275724429637e-03 1.516428892501e-03 1.127805327997e-03 1.182300271466e-03 1.167271635495e-03 1.201311359182e-03 1.079652225599e-03 1.223144819960e-03 2.389321569353e-03 7.831148803234e-03 2.717565186322e-02 2.393369004130e-02 7.966008037329e-03 4.520261194557e-03 3.712148172781e-03 2.878605853766e-03 2.216569380835e-03 1.776654389687e-03 1.767958514392e-03 1.884359517135e-03 2.001858549193e-03 1.902746153064e-03 1.643064431846e-03 1.332954736426e-03 1.110260142013e-03 1.209675101563e-03 1.519533456303e-03 1.599523820914e-03 1.652814564295e-03 1.815799274482e-03 1.802739221603e-03 1.679213833995e-03 1.427715993486e-03 1.076241023839e-03 1.102098845877e-03 1.143850269727e-03 1.211545546539e-03 1.269433298148e-03 1.285683829337e-03 1.441970700398e-03 1.860785530880e-03
5.068388301879e-03 2.714571077377e-03 1.914035063237e-03 1.190625363961e-03 1.082884497009e-03 1.167565700598e-03 1.127611962147e-03 9.754308848642e-04 7.753078243695e-04 1.102069159970e-03 2.030302304775e-03 3.460940672085e-03 9.557644836605e-03 1.133045926690e-02 8.190422318876e-03 5.010019056499e-03 3.165930276737e-03 2.248594770208e-03 2.085959538817e-03 2.023386070505e-03 1.820293720812e-03 1.719986670651e-03 1.662627328187e-03 1.460199127905e-03 1.151896198280e-03 1.035145833157e-03 1.021181815304e-03 1.091430429369e-03 1.418627100065e-03 1.588553772308e-03 1.175753539428e-03 1.276684575714e-03 1.276858150959e-03 1.194056356326e-03 1.163742155768e-03 1.271181739867e-03 1.373165519908e-03 1.508491230197e-03 1.656095846556e-03 1.739475526847e-03 1.708453055471e-03 1.592459040694e-03 1.827060012147e-03
4.526848439127e-03 2.007229719311e-03 1.375310122967e-03 8.530864724889e-04 1.013920758851e-03 1.124576432630e-03 1.077124616131e-03 8.889052551240e-04 6.566607626155e-04 9.911074303091e-04 1.823174185120e-03 2.816280117258e-03 6.646359805018e-03 8.507330901921e-03 6.603489164263e-03 3.906097030267e-03 2.416597679257e-03 2.245007315651e-03 2.206505043432e-03 1.848373911344e-03 1.468633301556e-03 1.226180698723e-03 1.072468119673e-03 8.985745953396e-04 8.481396944262e-04 8.342998335138e-04 8.371468866244e-04 9.285841370001e-04 1.237119897269e-03 1.448788796552e-03 1.123545458540e-03 8.805718389340e-04 8.409871952608e-04 1.074046478607e-03 1.269785454497e-03 1.441276748665e-03 1.640016911551e-03 1.887536607683e-03 2.119810553268e-03 2.214393112808e-03 2.106570871547e-03 1.857927883975e-03 1.801625709049e-03
