100/SI/f166.grd
DSAA
101	101
32.816463539100	34.260883539100
35.556306596100	36.727886596100
3.058566289837e-05	4.969877719879e+00
[rows 57 to 75 of 101, columns 43 to 85 of 101]
2.106016501784e-02 2.514790929854e-02 1.267691981047e-02 1.405830588192e-02 1.390877459198e-02 2.243394404650e-02 2.545501291752e-02 3.452117741108e-02 3.034315444529e-02 1.641563698649e-02 1.124919950962e-02 9.462012909353e-03 7.013550959527e-03 1.265050936490e-02 5.159810930490e-02 1.731052249670e-01 3.915313184261e-01 3.791030943394e-01 5.892413854599e-01 1.843556910753e-01 5.243020877242e-02 4.072779044509e-02 7.328831404448e-02 1.290522962809e-01 2.209988981485e-01 2.003780603409e-01 2.179091721773e-01 1.774680465460e-01 2.321399897337e-01 2.131242305040e-01 2.252093553543e-01 1.678553670645e-01 1.748533546925e-01 2.452670633793e-01 1.522829532623e-01 9.561765938997e-02 1.116887703538e-01 1.580010503531e-01 1.978664547205e-01 1.429851949215e-01 5.955903604627e-02 5.187084153295e-02 5.015959218144e-02
1.683942973614e-02 3.258726373315e-02 1.024878770113e-02 1.090560853481e-02 1.080181729048e-02 1.626232638955e-02 3.202317655087e-02 1.033181622624e-01 8.238603174686e-02 1.780103519559e-02 1.039721537381e-02 7.118489127606e-03 5.471399053931e-03 5.417062900960e-03 1.076261699200e-02 1.032328382134e-01 1.209205538034e-01 1.277902573347e-01 1.061392650008e-01 1.066127344966e-01 7.603708654642e-02 5.794475972652e-02 4.481643065810e-02 2.670392207801e-02 6.906702369452e-02 1.382169276476e-01 2.403452098370e-01 2.451025545597e-01 2.670693993568e-01 1.471697390079e-01 1.939467340708e-01 1.770913451910e-01 1.517998278141e-01 1.332229971886e-01 1.354574710131e-01 1.022328361869e-01 1.002044752240e-01 1.207379326224e-01 1.188546568155e-01 1.090759783983e-01 1.133382618427e-01 1.189152374864e-01 1.113629788160e-01
1.394824776798e-02 1.344599202275e-02 9.336400777102e-03 9.928104467690e-03 1.009347755462e-02 1.481280103326e-02 4.538218304515e-02 1.463346630335e-01 1.199267655611e-01 2.595939114690e-02 1.073062792420e-02 6.086285226047e-03 4.323957022280e-03 3.926510456949e-03 4.028587136418e-03 5.036231596023e-03 7.025714032352e-03 9.576329961419e-03 1.268781255931e-02 1.546625141054e-02 1.848162338138e-02 2.103968895972e-02 1.419593952596e-02 1.428860519081e-02 3.384906798601e-02 1.575182378292e-01 2.715284228325e-01 3.078413605690e-01 2.954638004303e-01 2.982847988605e-01 1.970269531012e-01 1.708403527737e-01 1.451762318611e-01 1.317471712828e-01 1.850541085005e-01 1.594665497541e-01 1.322473287582e-01 8.280859142542e-02 8.928230404854e-02 7.511018216610e-02 6.607784330845e-02 6.277330964804e-02 5.490829050541e-02
1.286219712347e-02 1.157785113901e-02 9.040814824402e-03 1.006909273565e-02 1.146737486124e-02 1.505440846086e-02 1.628423780203e-01 1.225470378995e-01 1.453979015350e-01 2.004094049335e-02 9.414246305823e-03 5.867588799447e-03 3.913326654583e-03 3.174666082487e-03 3.034027758986e-03 3.200017847121e-03 3.918599803001e-03 5.163579247892e-03 7.538014091551e-03 8.666140958667e-03 9.998170658946e-03 1.999288797379e-02 1.029168814421e-02 9.474855847657e-03 2.891256660223e-02 6.545053422451e-02 2.329429239035e-01 2.551277279854e-01 2.725458443165e-01 2.909310162067e-01 2.412948012352e-01 1.872687488794e-01 1.300550550222e-01 1.670437306166e-01 1.162906587124e-01 1.023520454764e-01 8.488930761814e-02 7.021346688271e-02 6.605143100023e-02 6.486491858959e-02 6.910391896963e-02 9.757370501757e-02 1.361551135778e-01
1.089817192405e-02 8.490501902997e-03 8.886918425560e-03 1.068822853267e-02 1.773721352220e-02 2.877199649811e-02 8.645869791508e-02 1.909689158201e-01 7.123017311096e-02 1.120869815350e-02 6.857011467218e-03 5.000525154173e-03 3.572506830096e-03 2.683100290596e-03 2.453994005919e-03 2.458617324010e-03 2.677267882973e-03 3.582376521081e-03 4.931798204780e-03 5.639876704663e-03 5.866550840437e-03 1.221705973148e-02 7.294396404177e-03 7.955519482493e-03 1.781198382378e-02 6.098641082644e-02 1.652207076550e-01 2.247268855572e-01 2.305498272181e-01 1.755912303925e-01 1.359661817551e-01 1.938385367393e-01 1.325823366642e-01 9.396196156740e-02 1.039991006255e-01 1.310416460037e-01 1.186310052872e-01 8.424928784370e-02 7.874889671803e-02 7.681588083506e-02 7.448242604733e-02 8.214582502842e-02 1.022522896528e-01
7.910886779428e-03 6.529917940497e-03 8.167292922735e-03 1.961972936988e-02 4.886200651526e-02 1.103764623404e-01 1.541408449411e-01 9.564854204655e-02 9.942036122084e-03 6.803019903600e-03 4.867637529969e-03 4.004119429737e-03 3.125799121335e-03 2.556999679655e-03 2.249898621812e-03 2.345340792090e-03 2.454411704093e-03 2.964796731248e-03 4.278057254851e-03 5.262781865895e-03 5.589733831584e-03 5.931025370955e-03 5.959253758192e-03 8.889101445675e-03 2.163090370595e-02 5.665662139654e-02 6.963880360126e-02 7.053800672293e-02 1.334488540888e-01 1.557290256023e-01 1.812946647406e-01 1.159973517060e-01 1.501741558313e-01 1.100227907300e-01 1.226783990860e-01 1.451585143805e-01 2.901221811771e-01 1.830257624388e-01 1.076925098896e-01 8.871980011463e-02 9.132616966963e-02 8.980548381805e-02 8.678431063890e-02
5.109218880534e-03 5.352578125894e-03 6.765003316104e-03 8.548283949494e-03 2.036023139954e-02 1.231961175799e-01 7.818781584501e-02 1.013314537704e-02 5.915622226894e-03 5.198254249990e-03 4.353679716587e-03 3.681091824546e-03 2.884865272790e-03 2.460633171722e-03 2.191699575633e-03 2.418672898784e-03 2.512361388654e-03 2.453865483403e-03 3.520174417645e-03 4.492083564401e-03 5.075558088720e-03 5.048149265349e-03 6.338267587125e-03 1.030048634857e-02 3.213600814342e-02 6.372117996216e-02 3.776228055358e-02 4.921333119273e-02 4.582670331001e-02 2.392304539680e-01 3.478125631809e-01 1.868574768305e-01 1.027858257294e-01 1.408451199532e-01 5.548652261496e-02 5.841454118490e-02 2.174015939236e-01 1.046990081668e-01 8.543798327446e-02 6.548605114222e-02 6.734472513199e-02 7.513252645731e-02 8.101073652506e-02
4.309626296163e-03 4.681176040322e-03 5.481833126396e-03 6.933020893484e-03 7.888029329479e-03 1.093269418925e-02 1.208831742406e-02 8.237285539508e-03 4.278413020074e-03 4.415040370077e-03 3.870571730658e-03 3.537513082847e-03 2.897196216509e-03 2.341955434531e-03 2.396191470325e-03 2.443931531161e-03 2.615992911160e-03 2.597192535177e-03 2.965656109154e-03 3.808754961938e-03 4.535559099168e-03 4.817584063858e-03 5.112988408655e-03 8.469267748296e-03 2.378698810935e-02 1.466220431030e-02 1.419947389513e-02 2.341216430068e-02 5.235743150115e-02 1.039308607578e-01 1.087718904018e-01 1.375480890274e-01 2.249329090118e-01 1.177972033620e-01 1.121787205338e-01 8.696233481169e-02 8.943015336990e-02 7.581042498350e-02 4.032391309738e-02 5.027401819825e-02 4.909912869334e-02 5.336381867528e-02 6.702058762312e-02
3.379903733730e-03 3.818253055215e-03 4.544498864561e-03 5.570922978222e-03 5.989911966026e-03 6.672226823866e-03 7.062890101224e-03 4.410746507347e-03 3.762015607208e-03 3.906587604433e-03 3.642153693363e-03 3.158924402669e-03 2.633569296449e-03 2.362418919802e-03 2.340380568057e-03 2.682202728465e-03 2.644540742040e-03 2.274167956784e-03 2.621250925586e-03 3.328261198476e-03 3.940515685827e-03 4.614481702447e-03 6.560414098203e-03 6.854083854705e-03 6.960724480450e-03 9.717727079988e-03 9.523611515760e-03 2.333103679121e-02 3.243391960859e-02 4.382262751460e-02 9.072519838810e-02 1.599658727646e-01 1.178105026484e-01 2.211928665638e-01 1.375839412212e-01 7.729182392359e-02 6.410360336304e-02 5.833280086517e-02 7.038713246584e-02 6.614316254854e-02 8.236841112375e-02 8.144978433847e-02 9.453197568655e-02
3.121552756056e-03 3.090247046202e-03 3.478551283479e-03 3.948590252548e-03 4.256005864590e-03 4.203963559121e-03 4.018143285066e-03 3.864293685183e-03 4.178961738944e-03 4.130806773901e-03 3.848575055599e-03 3.353153821081e-03 2.742326352745e-03 2.422064775601e-03 2.190147526562e-03 2.152840374038e-03 2.429229672998e-03 2.463777316734e-03 2.483190502971e-03 2.998287789524e-03 3.473813645542e-03 4.128273110837e-03 6.315843202174e-03 7.091585546732e-03 7.653442677110e-03 1.584077998996e-02 2.180429175496e-02 2.805167436600e-02 3.940366208553e-02 4.284855723381e-02 9.312003850937e-02 1.771068722010e-01 8.361923694611e-02 8.898226171732e-02 1.619010865688e-01 1.377667784691e-01 9.209644049406e-02 7.808926701546e-02 9.838227927685e-02 5.052971467376e-02 6.690384447575e-02 8.253426104784e-02 9.843199700117e-02
2.563751069829e-03 2.909499220550e-03 3.055800916627e-03 3.098873421550e-03 3.470448777080e-03 3.721379442140e-03 4.009146708995e-03 3.559254808351e-03 3.430640324950e-03 3.540117060766e-03 3.804243402556e-03 3.786431392655e-03 3.258001757786e-03 2.753489883617e-03 2.610625466332e-03 2.352024428546e-03 2.026327187195e-03 2.256930572912e-03 2.555819693953e-03 2.827000105754e-03 3.105949610472e-03 3.562430152670e-03 5.377157125622e-03 5.246425978839e-03 5.776309873909e-03 1.435601245612e-02 3.071732260287e-02 4.146350547671e-02 5.836773291230e-02 3.068316355348e-02 9.022445231676e-02 4.507385939360e-02 4.843420162797e-02 5.576512962580e-02 8.879243582487e-02 9.739964455366e-02 1.307898312807e-01 1.196892336011e-01 8.561062812805e-02 7.335779815912e-02 5.602298304439e-02 6.036927178502e-02 4.925461113453e-02
2.514707390219e-03 2.780622569844e-03 2.767234575003e-03 2.825367730111e-03 3.019235096872e-03 3.343712538481e-03 3.618806367740e-03 3.232709132135e-03 2.533491002396e-03 2.704103244469e-03 2.934794174507e-03 3.459093393758e-03 3.590883687139e-03 2.982277888805e-03 2.804687712342e-03 3.386655123904e-03 3.002646844834e-03 2.449283609167e-03 2.667275955901e-03 2.778738271445e-03 3.392339916900e-03 3.766051493585e-03 4.220386501402e-03 5.163892637938e-03 5.992352496833e-03 1.045563817024e-02 2.212655544281e-02 2.632823958993e-02 3.618430718780e-02 2.049601264298e-02 4.342674463987e-02 3.302183002234e-02 5.488481745124e-02 3.368464484811e-02 6.641411781311e-02 4.983117803931e-02 7.927573472261e-02 9.698326140642e-02 8.934485912323e-02 1.210106238723e-01 1.104666218162e-01 8.853761106730e-02 7.430827617645e-02
2.422617981210e-03 2.619256265461e-03 2.519222209230e-03 2.572434255853e-03 2.583892550319e-03 2.506150398403e-03 2.775714267045e-03 2.623997861519e-03 3.130347235128e-03 3.388056764379e-03 3.074257634580e-03 3.119646105915e-03 3.432198427618e-03 3.571143373847e-03 3.252350026742e-03 4.200006835163e-03 3.739040577784e-03 2.861954038963e-03 2.882002387196e-03 2.869744319469e-03 3.298809053376e-03 3.578423522413e-03 4.006023518741e-03 5.326833110303e-03 6.260173860937e-03 9.382096119225e-03 1.409706380218e-02 1.626433245838e-02 1.747335493565e-02 2.206814847887e-02 3.662079200149e-02 5.611923336983e-02 3.800904378295e-02 9.482160210609e-02 3.164109215140e-02 4.129030555487e-02 8.472741395235e-02 1.184243112803e-01 5.797712132335e-02 6.557445228100e-02 4.157606139779e-02 7.870635390282e-02 6.923078000546e-02
2.161501673982e-03 2.335927914828e-03 2.246380783617e-03 2.214640611783e-03 2.056152792647e-03 2.075168071315e-03 2.190889557824e-03 2.879774197936e-03 3.577284049243e-03 3.675727406517e-03 3.210806520656e-03 3.561729798093e-03 3.964471630752e-03 3.851942019537e-03 3.820478450507e-03 3.948805853724e-03 4.237711429596e-03 4.965289961547e-03 4.457528702915e-03 4.001880530268e-03 4.125746432692e-03 4.436362534761e-03 5.303358659148e-03 5.413862876594e-03 6.576376501471e-03 8.087464608252e-03 1.328666135669e-02 1.325283478945e-02 2.365411259234e-02 4.778455197811e-02 5.932619050145e-02 3.049547597766e-02 3.058363497257e-02 9.560193866491e-02 4.878072068095e-02 5.998702719808e-02 5.314921215177e-02 6.904220581055e-02 5.044737458229e-02 1.928379200399e-02 1.835345476866e-02 2.476986870170e-02 4.925295710564e-02
1.991664990783e-03 1.993454527110e-03 1.978945918381e-03 1.952143036760e-03 2.005827846006e-03 2.123618964106e-03 2.257053041831e-03 2.686838852242e-03 3.013137727976e-03 2.866590162739e-03 3.370871068910e-03 3.627007594332e-03 3.521671053022e-03 3.703447291628e-03 5.070847459137e-03 7.061041425914e-03 8.003175258636e-03 1.014800462872e-02 1.012652553618e-02 1.088910922408e-02 7.771497592330e-03 7.439247332513e-03 8.630626834929e-03 7.227735128254e-03 8.252319879830e-03 1.141034346074e-02 3.491767123342e-02 3.257965669036e-02 3.064548969269e-02 4.127264022827e-02 2.338550239801e-02 2.469821833074e-02 3.384885191917e-02 1.882880367339e-02 1.036514341831e-01 1.430778354406e-01 1.278275102377e-01 2.944490686059e-02 1.391393225640e-02 1.149365585297e-02 1.124296337366e-02 1.330057904124e-02 1.404860150069e-02
1.851259032264e-03 1.920141279697e-03 1.847001491114e-03 1.988700823858e-03 2.125967526808e-03 2.432162407786e-03 2.432588255033e-03 2.815196989104e-03 3.081961767748e-03 3.588302992284e-03 3.712184727192e-03 4.406433086842e-03 4.618461709470e-03 4.272780846804e-03 1.030832808465e-02 3.699105232954e-02 2.923373878002e-02 1.749678701162e-02 1.966074109077e-02 2.447132393718e-02 1.808526180685e-02 9.550173766911e-03 1.111807208508e-02 1.392691396177e-02 1.353733334690e-02 2.519916743040e-02 3.546033427119e-02 3.197779878974e-02 2.561915479600e-02 2.330970577896e-02 2.637997642159e-02 2.508575096726e-02 1.848617941141e-02 1.539001893252e-02 2.620233781636e-02 1.205914244056e-01 1.257595419884e-01 2.593885175884e-02 9.182843379676e-03 9.355067275465e-03 8.403913117945e-03 8.076070807874e-03 1.329669728875e-02
1.855973503552e-03 1.999469008297e-03 2.536143641919e-03 2.834578976035e-03 2.614348428324e-03 4.334389232099e-03 5.096327513456e-03 5.152767524123e-03 4.336192272604e-03 4.246133845299e-03 4.650821909308e-03 5.844545084983e-03 5.826765671372e-03 2.136143296957e-02 1.509736180305e-01 1.901791989803e-01 8.879228681326e-02 5.113504081964e-02 4.081713408232e-02 3.264787048101e-02 1.572887413204e-02 1.514769997448e-02 3.310988843441e-02 7.065023481846e-02 5.792450532317e-02 3.089970536530e-02 3.606757894158e-02 2.938407845795e-02 3.108698129654e-02 2.220010384917e-02 5.537525564432e-02 2.205755934119e-02 1.634270325303e-02 1.154648605734e-02 7.640030235052e-03 2.481414750218e-02 2.741125412285e-02 6.708185654134e-03 4.483792930841e-03 5.276644136757e-03 6.524964235723e-03 7.294807117432e-03 6.821271497756e-03
2.282168250531e-03 3.590772394091e-03 4.896680824459e-03 5.321728531271e-03 6.890670396388e-03 9.161394089460e-03 9.000461548567e-03 7.935417816043e-03 6.816400680691e-03 5.253577139229e-03 6.279421504587e-03 6.943165324628e-03 3.839641809464e-02 2.116921693087e-01 2.895293235779e-01 1.010255068541e-01 3.231846913695e-02 1.975682005286e-02 1.999101042747e-02 1.747841015458e-02 1.679912209511e-02 3.826872259378e-02 7.543756067753e-02 1.003136262298e-01 8.072166889906e-02 4.158847779036e-02 2.863427810371e-02 2.114556171000e-02 1.902492903173e-02 1.701842993498e-02 2.371091023088e-02 1.052674278617e-02 1.187578309327e-02 9.624890051782e-03 6.044303532690e-03 3.582398407161e-03 2.949184505269e-03 2.872787881643e-03 3.016299800947e-03 3.756259335205e-03 5.043674726039e-03 6.378581281751e-03 6.525426637381e-03
3.782361047342e-03 5.659294780344e-03 7.521472871304e-03 1.000368595123e-02 1.935624890029e-02 1.927592977881e-02 2.698683738708e-02 1.934632286429e-02 2.199282310903e-02 1.306499913335e-02 7.332289125770e-03 5.012567713857e-02 2.017925530672e-01 2.008238285780e-01 5.255312472582e-02 1.602921448648e-02 3.008293733001e-02 3.976285085082e-02 2.824369259179e-02 3.269938379526e-02 3.928598389030e-02 3.937994688749e-02 5.704405158758e-02 4.659032449126e-02 3.158194199204e-02 2.457363717258e-02 1.531546004117e-02 5.979835987091e-03 6.090703420341e-03 6.055613514036e-03 7.750797551125e-03 5.665657576174e-03 4.993381910026e-03 3.445239970461e-03 3.520151600242e-03 3.583774203435e-03 3.698766464368e-03 3.882170654833e-03 4.129137843847e-03 4.446951206774e-03 4.495933186263e-03 5.354873836040e-03 6.784149445593e-03
