100/SI/f166.grd
DSAA
101	101
32.816463539100	34.260883539100
35.556306596100	36.727886596100
3.058566289837e-05	4.969877719879e+00
[rows 19 to 37 of 101, columns 0 to 42 of 101]
9.548504836857e-03 1.946565881371e-02 2.489025518298e-02 2.535717375576e-02 2.091257646680e-02 1.659141667187e-02 1.133208349347e-02 1.286396570504e-02 1.559059415013e-02 1.873560436070e-02 2.456637844443e-02 2.934904024005e-02 2.862296253443e-02 3.103924728930e-02 3.127545490861e-02 3.033140860498e-02 2.884834259748e-02 2.757295407355e-02 3.195884078741e-02 2.882188744843e-02 2.982383221388e-02 3.219274058938e-02 3.431887924671e-02 3.283682093024e-02 2.929671294987e-02 2.474315091968e-02 2.560156397521e-02 4.092522710562e-02 4.876784980297e-02 3.675646334887e-02 3.380269184709e-02 3.103915229440e-02 3.289332240820e-02 3.288364410400e-02 3.294252604246e-02 3.178020939231e-02 2.539608813822e-02 2.219184674323e-02 2.378131076694e-02 2.286569215357e-02 3.309947624803e-02 8.183480799198e-02 3.809862956405e-02
7.466801907867e-03 1.568888872862e-02 2.115418389440e-02 2.313849702477e-02 2.057123742998e-02 1.980521902442e-02 1.814926974475e-02 1.297002751380e-02 1.729284040630e-02 2.019192650914e-02 2.141126990318e-02 2.685731090605e-02 2.384340949357e-02 2.780496329069e-02 3.005559742451e-02 3.101455233991e-02 3.095323964953e-02 2.954921685159e-02 3.723377734423e-02 2.984899468720e-02 3.505245223641e-02 4.194410890341e-02 4.518043994904e-02 4.382371157408e-02 4.119868949056e-02 3.187361732125e-02 3.391891717911e-02 3.312521055341e-02 5.124142765999e-02 3.733994439244e-02 3.191818669438e-02 3.006297536194e-02 2.926723659039e-02 2.961900085211e-02 2.797724306583e-02 3.622854501009e-02 2.413506247103e-02 2.540806122124e-02 2.601524628699e-02 2.666687592864e-02 4.099916666746e-02 6.926104426384e-02 5.672363564372e-02
5.793337710202e-03 1.167491450906e-02 1.598704047501e-02 1.839883811772e-02 1.736257411540e-02 1.513326633722e-02 1.869043335319e-02 1.855112425983e-02 2.120024152100e-02 2.529710531235e-02 2.918530255556e-02 3.847179561853e-02 4.617653042078e-02 4.229832068086e-02 2.880528010428e-02 2.775706723332e-02 2.932972460985e-02 3.057215362787e-02 5.422635376453e-02 4.386654868722e-02 3.296547010541e-02 5.100846663117e-02 5.404756218195e-02 5.894157290459e-02 4.865069687366e-02 4.308548569679e-02 4.238369315863e-02 2.623745426536e-02 4.821308702230e-02 3.444138169289e-02 2.646176144481e-02 2.750205434859e-02 3.246596083045e-02 2.691973559558e-02 2.949359454215e-02 3.832540288568e-02 3.052987717092e-02 2.695717476308e-02 2.810027822852e-02 3.021886199713e-02 4.780877381563e-02 4.959902912378e-02 7.525555789471e-02
7.761497516185e-03 1.394280605018e-02 1.355360168964e-02 1.419514603913e-02 1.650906540453e-02 2.089545875788e-02 2.440531738102e-02 2.922257967293e-02 3.550519421697e-02 4.463812708855e-02 5.685056746006e-02 7.133984565735e-02 8.021467924118e-02 6.975677609444e-02 4.386295750737e-02 2.690505795181e-02 3.713638707995e-02 5.218118429184e-02 6.603052467108e-02 5.366845056415e-02 4.231070727110e-02 5.537771433592e-02 5.892168357968e-02 6.619238853455e-02 4.839000478387e-02 4.906539618969e-02 5.033496394753e-02 3.165185078979e-02 3.937798738480e-02 2.853377722204e-02 2.740501239896e-02 2.715183980763e-02 3.366945683956e-02 3.431753441691e-02 3.415029495955e-02 3.252261877060e-02 4.293208941817e-02 2.992925420403e-02 3.020497597754e-02 3.319178894162e-02 5.329641327262e-02 4.621094092727e-02 8.736376464367e-02
7.535739801824e-03 1.553925033659e-02 1.686542667449e-02 1.615904830396e-02 2.069401554763e-02 2.811116538942e-02 3.081966936588e-02 3.260002657771e-02 3.613018244505e-02 4.182970523834e-02 5.052119866014e-02 5.765316635370e-02 5.907345190644e-02 5.056773126125e-02 3.706079348922e-02 3.308007866144e-02 3.610533848405e-02 4.843782261014e-02 6.454493105412e-02 4.114371910691e-02 3.961434960365e-02 5.583152920008e-02 5.883321166039e-02 6.347535550594e-02 5.062398687005e-02 4.890945553780e-02 5.673429369926e-02 4.835353419185e-02 4.881747439504e-02 4.160106182098e-02 3.595896065235e-02 5.329528078437e-02 4.981464892626e-02 3.703314065933e-02 3.608082979918e-02 3.617903590202e-02 4.759193956852e-02 3.492937609553e-02 3.300582617521e-02 3.505484014750e-02 5.637805908918e-02 4.685340076685e-02 8.921965211630e-02
1.504442654550e-02 2.598607912660e-02 1.692682877183e-02 1.700240559876e-02 1.913619041443e-02 2.446376718581e-02 2.769718877971e-02 2.741738967597e-02 2.726871147752e-02 2.838773280382e-02 3.001468442380e-02 3.179890662432e-02 3.030983544886e-02 3.344678878784e-02 3.385820239782e-02 3.032138012350e-02 3.017470985651e-02 5.554177239537e-02 6.354846805334e-02 3.374734893441e-02 3.405088186264e-02 5.168501660228e-02 5.582396686077e-02 5.409269407392e-02 4.940255731344e-02 4.475340619683e-02 6.107264757156e-02 5.347295105457e-02 4.475973546505e-02 4.333001002669e-02 4.235303401947e-02 6.845922023058e-02 1.018904224038e-01 9.707552939653e-02 8.796063810587e-02 8.401644229889e-02 8.732967078686e-02 5.368130281568e-02 4.551668837667e-02 3.753125295043e-02 5.769451707602e-02 4.525972530246e-02 7.896557450294e-02
2.791910618544e-02 5.914195999503e-02 6.092102453113e-02 5.345924571157e-02 3.342111408710e-02 1.925070770085e-02 1.853972114623e-02 1.943749375641e-02 2.115048654377e-02 2.734509669244e-02 3.279291093349e-02 3.666192293167e-02 3.785374388099e-02 3.629262745380e-02 3.323751315475e-02 3.429643809795e-02 3.607064113021e-02 5.411271378398e-02 5.334825441241e-02 3.146535158157e-02 3.397630900145e-02 4.215110838413e-02 4.825876280665e-02 4.513533413410e-02 5.081872269511e-02 4.902115836740e-02 6.336664408445e-02 6.748733669519e-02 7.178855687380e-02 6.428301334381e-02 4.849665984511e-02 4.068928584456e-02 8.244568109512e-02 9.005977958441e-02 9.934482723475e-02 1.202602162957e-01 1.504179835320e-01 9.174215048552e-02 6.718751788139e-02 5.705003067851e-02 5.667904391885e-02 4.223216697574e-02 5.910778790712e-02
2.988793328404e-02 6.440727412701e-02 7.428008317947e-02 8.765358477831e-02 9.600447863340e-02 8.336515724659e-02 4.676803201437e-02 2.543307282031e-02 3.469235450029e-02 4.051945731044e-02 4.163013398647e-02 3.938407450914e-02 3.685130551457e-02 4.965553805232e-02 5.475709214807e-02 5.440519750118e-02 5.359185859561e-02 5.215728282928e-02 5.152397602797e-02 4.975977167487e-02 4.864123091102e-02 4.864186048508e-02 4.719055071473e-02 5.898053199053e-02 7.101785391569e-02 6.144051626325e-02 6.939727067947e-02 8.912513405085e-02 9.013160318136e-02 8.009071648121e-02 5.982344225049e-02 4.372182115912e-02 4.869352653623e-02 7.632178068161e-02 1.137254834175e-01 1.000583246350e-01 1.015787199140e-01 7.690855860710e-02 8.186829090118e-02 8.339381217957e-02 6.785692274570e-02 4.394154623151e-02 5.254210531712e-02
1.921835355461e-02 4.238429665565e-02 4.925855249166e-02 6.041049212217e-02 7.856747508049e-02 1.033308207989e-01 1.168768927455e-01 9.099115431309e-02 4.757425561547e-02 4.379248619080e-02 3.899220377207e-02 5.034031346440e-02 5.940612405539e-02 6.192444264889e-02 5.890203639865e-02 5.889648944139e-02 5.832451581955e-02 5.657773092389e-02 5.926210805774e-02 5.980134382844e-02 6.145961210132e-02 6.678478419781e-02 6.313095986843e-02 5.812145397067e-02 5.597086995840e-02 7.224099338055e-02 6.924708932638e-02 8.546525985003e-02 9.401082992554e-02 8.440800011158e-02 6.310547143221e-02 6.866957247257e-02 8.862773329020e-02 1.186095550656e-01 1.414193063974e-01 1.023207306862e-01 7.089883089066e-02 5.920177698135e-02 7.339931279421e-02 9.411927312613e-02 1.028204262257e-01 6.987161934376e-02 5.295279994607e-02
1.316696684808e-02 2.585531212389e-02 3.233963996172e-02 2.978661470115e-02 3.416853398085e-02 5.111439898610e-02 7.995659112930e-02 1.085873544216e-01 1.084179654717e-01 7.468681037426e-02 5.634589865804e-02 5.953812599182e-02 6.039898470044e-02 5.774066969752e-02 5.679352954030e-02 5.587384477258e-02 5.297218263149e-02 5.683213472366e-02 5.830255895853e-02 6.045991554856e-02 6.407330930233e-02 6.182097271085e-02 5.936972424388e-02 5.855636298656e-02 5.753618478775e-02 5.656331777573e-02 5.943287536502e-02 6.625542789698e-02 7.970926910639e-02 8.292441815138e-02 6.499807536602e-02 7.960278540850e-02 9.591889381409e-02 1.089451462030e-01 1.054666191339e-01 6.601282209158e-02 6.939386576414e-02 7.973831146955e-02 8.608817309141e-02 7.749770581722e-02 1.150513291359e-01 1.170692294836e-01 6.602976471186e-02
1.526310946792e-02 3.004941530526e-02 2.991138771176e-02 3.674761578441e-02 3.016192652285e-02 2.601924352348e-02 3.054503351450e-02 5.623522028327e-02 9.041666984558e-02 1.052030473948e-01 8.580490946770e-02 5.705976486206e-02 5.428136140108e-02 5.312187969685e-02 4.972321912646e-02 4.829870909452e-02 4.984938353300e-02 5.375859141350e-02 5.272066593170e-02 5.263277143240e-02 4.750371351838e-02 3.915751352906e-02 4.893418028951e-02 4.341971129179e-02 6.572550535202e-02 5.892023444176e-02 6.744060665369e-02 7.395826280117e-02 6.198679655790e-02 6.672073155642e-02 7.392486929893e-02 7.955931127071e-02 6.917085498571e-02 8.505934476852e-02 6.315775960684e-02 5.406428501010e-02 7.001295685768e-02 9.638530015945e-02 1.154712811112e-01 1.093688011169e-01 9.305622428656e-02 1.446330249310e-01 1.089680343866e-01
1.969414390624e-02 3.786161169410e-02 3.521933779120e-02 3.629726171494e-02 4.048155620694e-02 3.027157671750e-02 4.209406301379e-02 5.117980763316e-02 5.664970725775e-02 7.904499769211e-02 1.019416302443e-01 9.251224249601e-02 5.669802054763e-02 4.569173604250e-02 4.495850205421e-02 4.601755365729e-02 4.764182865620e-02 4.707654938102e-02 4.923661425710e-02 4.855047166348e-02 4.234264045954e-02 3.512031584978e-02 3.751196712255e-02 5.995629355311e-02 8.943262696266e-02 1.204459816217e-01 1.446974873543e-01 1.177705898881e-01 7.972086966038e-02 7.448790222406e-02 9.114856272936e-02 6.447219848633e-02 4.799355193973e-02 1.058934554458e-01 4.410810768604e-02 6.271880865097e-02 5.796104669571e-02 8.104614913464e-02 1.179444119334e-01 1.269162893295e-01 1.092666015029e-01 1.217425912619e-01 1.652265638113e-01
1.788786984980e-02 3.909732028842e-02 4.132785275578e-02 4.038348048925e-02 4.278087988496e-02 4.326583072543e-02 5.192378163338e-02 5.464549735188e-02 5.431770533323e-02 5.138689652085e-02 7.070740312338e-02 1.009391397238e-01 9.860222786665e-02 6.810249388218e-02 4.319880530238e-02 4.312683269382e-02 4.160315543413e-02 3.773118183017e-02 5.051130056381e-02 5.258587747812e-02 5.305844545364e-02 4.435964301229e-02 4.063951596618e-02 7.423759251833e-02 1.260034888983e-01 1.857979148626e-01 2.180494666100e-01 2.084260433912e-01 1.357110738754e-01 8.597011119127e-02 9.822957217693e-02 8.298587054014e-02 7.690193504095e-02 1.293005645275e-01 6.683415919542e-02 1.289645731449e-01 9.339723736048e-02 6.703509390354e-02 9.012334793806e-02 1.296104937792e-01 1.329225599766e-01 1.123550161719e-01 1.771458685398e-01
2.206471748650e-02 4.490884020925e-02 4.540809616446e-02 4.408160969615e-02 4.573859274387e-02 5.190253257751e-02 5.234896019101e-02 5.297130718827e-02 4.875205084682e-02 4.498268291354e-02 4.351876676083e-02 6.079896539450e-02 9.783954918385e-02 1.032159477472e-01 7.829052954912e-02 3.688200190663e-02 3.440169245005e-02 3.854014724493e-02 4.486264660954e-02 7.140665501356e-02 6.454354524612e-02 5.916775017977e-02 5.434036627412e-02 7.409204542637e-02 1.288504004478e-01 1.838371753693e-01 2.502812147141e-01 2.932653725147e-01 2.445417791605e-01 1.180803105235e-01 1.069337800145e-01 1.159528940916e-01 1.105280071497e-01 1.528619974852e-01 8.514853566885e-02 1.725088953972e-01 1.429353654385e-01 9.412185102701e-02 8.601476997137e-02 1.250848025084e-01 2.676997184753e-01 1.359418630600e-01 1.443692892790e-01
2.883142977953e-02 5.425956845284e-02 5.070382356644e-02 5.409268662333e-02 5.737650021911e-02 6.058882921934e-02 6.429342925549e-02 6.683515012264e-02 6.827279925346e-02 6.849207729101e-02 6.644191592932e-02 6.390891969204e-02 6.121129542589e-02 9.033959358931e-02 1.049643084407e-01 8.751260489225e-02 4.387275874615e-02 3.931485116482e-02 4.338384792209e-02 6.821776181459e-02 7.228231430054e-02 6.510204821825e-02 6.011907756329e-02 6.361316889524e-02 1.066989228129e-01 1.587664037943e-01 2.458245158195e-01 3.433696925640e-01 3.242790400982e-01 1.972489804029e-01 1.538920700550e-01 1.938445568085e-01 2.078762203455e-01 1.916198134422e-01 1.585752069950e-01 1.859441250563e-01 1.770321279764e-01 1.367057114840e-01 1.549701094627e-01 1.393348127604e-01 3.819616436958e-01 3.125725984573e-01 8.433525264263e-02
2.952667884529e-02 6.135726347566e-02 6.125405058265e-02 5.939633026719e-02 5.236544087529e-02 4.774328693748e-02 4.515500739217e-02 4.989144951105e-02 5.521234124899e-02 6.148490682244e-02 6.847649812698e-02 7.663460820913e-02 8.437818288803e-02 1.333197951317e-01 1.365694552660e-01 1.038313433528e-01 9.781917929649e-02 9.315433353186e-02 8.683757483959e-02 7.967220991850e-02 7.191038876772e-02 6.232136860490e-02 6.760269403458e-02 6.618593633175e-02 7.299398630857e-02 1.202262341976e-01 1.771512329578e-01 2.801578640938e-01 3.558197021484e-01 2.461499720812e-01 1.164331287146e-01 1.216391772032e-01 1.785134375095e-01 2.367196381092e-01 2.626249790192e-01 2.432716488838e-01 1.753835529089e-01 1.478908658028e-01 1.116475909948e-01 1.594259887934e-01 3.980467915535e-01 4.787097275257e-01 1.283303499222e-01
2.529443800449e-02 5.103238299489e-02 5.271599814296e-02 5.745645612478e-02 6.032360717654e-02 5.829842761159e-02 4.894898086786e-02 4.268114641309e-02 4.291042312980e-02 4.288618639112e-02 4.263207316399e-02 4.169975221157e-02 4.036891087890e-02 5.130894482136e-02 7.700203359127e-02 8.433433622122e-02 1.010586991906e-01 9.769608825445e-02 7.971789687872e-02 8.815094828606e-02 9.321338683367e-02 9.619851410389e-02 9.977898746729e-02 1.042127385736e-01 1.002435013652e-01 7.998718321323e-02 1.195622533560e-01 2.124174535275e-01 2.998205423355e-01 2.198142260313e-01 1.098909899592e-01 7.734222710133e-02 6.926326453686e-02 1.148520186543e-01 1.390773653984e-01 2.258747369051e-01 2.865310311317e-01 2.646803557873e-01 1.646410673857e-01 1.803341209888e-01 2.554486989975e-01 5.672470927238e-01 2.063307613134e-01
2.052526921034e-02 3.971396759152e-02 3.959186375141e-02 3.795043751597e-02 3.820753842592e-02 4.275083914399e-02 4.466045275331e-02 4.395986348391e-02 3.738489001989e-02 4.056354984641e-02 4.406472295523e-02 4.760999232531e-02 5.087522417307e-02 5.413751676679e-02 5.745974555612e-02 6.033315882087e-02 6.283087283373e-02 9.478677809238e-02 1.010845229030e-01 1.313109099865e-01 1.029187068343e-01 8.436135947704e-02 8.065059781075e-02 7.823278754950e-02 7.857470214367e-02 8.914456516504e-02 1.189007386565e-01 1.362196058035e-01 1.918715238571e-01 1.562508344650e-01 7.899664342403e-02 9.325040876865e-02 6.958899646997e-02 9.210569411516e-02 1.082549616694e-01 1.311848014593e-01 1.323587745428e-01 2.223379909992e-01 3.139954209328e-01 2.543877363205e-01 2.277199327946e-01 4.640968441963e-01 4.185768365860e-01
1.298181805760e-02 2.616631798446e-02 2.577503956854e-02 2.496086992323e-02 2.805351465940e-02 3.319711610675e-02 3.639695048332e-02 3.820494189858e-02 3.885804116726e-02 3.585335984826e-02 3.299393504858e-02 3.481302410364e-02 3.681219369173e-02 3.708409890532e-02 3.752081841230e-02 5.005980283022e-02 5.574571713805e-02 7.462795078754e-02 1.412215381861e-01 1.479797214270e-01 1.311970949173e-01 1.120720282197e-01 1.319154500961e-01 1.579746454954e-01 1.112756207585e-01 1.262535601854e-01 1.229495480657e-01 1.142750978470e-01 1.193773373961e-01 1.574329882860e-01 1.478848308325e-01 9.218097478151e-02 9.602306038141e-02 1.009707525373e-01 1.093148142099e-01 1.138282641768e-01 1.178969815373e-01 1.517335921526e-01 2.221564054489e-01 2.589766979218e-01 3.092360198498e-01 4.174571931362e-01 3.430799543858e-01
