100/SI/f167.grd
DSAA
101	101
32.816463539100	34.260883539100
35.556306596100	36.727886596100
1.353187137283e-03	3.905159378052e+01
[rows 38 to 56 of 101, columns 0 to 42 of 101]
8.361302316189e-02 1.657908409834e-01 2.127589285374e-01 2.472491264343e-01 2.797082066536e-01 3.083774745464e-01 3.292677104473e-01 3.372420668602e-01 3.267379701138e-01 3.165628314018e-01 2.888087928295e-01 2.477469295263e-01 2.015706151724e-01 1.561338156462e-01 1.198476478457e-01 1.286803334951e-01 2.211878299713e-01 2.339882552624e-01 1.387218087912e-01 1.740088313818e-01 2.106091827154e-01 2.162967324257e-01 2.036150544882e-01 1.747172474861e-01 1.849901378155e-01 1.641578525305e-01 1.535799354315e-01 1.622860729694e-01 1.849858760834e-01 2.376405745745e-01 2.768795490265e-01 3.241728842258e-01 3.862718939781e-01 4.617665112019e-01 4.353851675987e-01 4.407684803009e-01 3.964168727398e-01 3.475809693336e-01 4.371910691261e-01 5.477546453476e-01 6.569908857346e-01 6.410045623779e-01 6.455198526382e-01
4.662831500173e-02 9.048300981522e-02 1.176726445556e-01 1.406964957714e-01 1.680214256048e-01 1.997022926807e-01 2.356613278389e-01 2.721499502659e-01 3.035668134689e-01 3.252244591713e-01 3.295995295048e-01 3.146976828575e-01 2.901905179024e-01 2.596261501312e-01 2.202246785164e-01 1.764220148325e-01 1.342125684023e-01 2.229584902525e-01 2.329095751047e-01 1.846787482500e-01 1.824690252542e-01 1.656288206577e-01 1.643956303596e-01 1.722849160433e-01 1.944704651833e-01 1.548547893763e-01 1.340461373329e-01 1.201287880540e-01 1.965979933739e-01 1.793670952320e-01 1.870561689138e-01 2.806703448296e-01 2.228757888079e-01 2.622217833996e-01 4.258283376694e-01 3.848716318607e-01 3.932460546494e-01 4.440006613731e-01 5.419760942459e-01 6.109838485718e-01 5.935158729553e-01 4.541897773743e-01 3.914320766926e-01
3.176565095782e-02 5.957618355751e-02 6.810911744833e-02 7.824704051018e-02 9.045360237360e-02 1.070276349783e-01 1.286576539278e-01 1.563327908516e-01 1.882616132498e-01 2.234103828669e-01 2.619010806084e-01 2.961776256561e-01 3.184325098991e-01 3.202114701271e-01 3.005591034889e-01 2.588668167591e-01 2.259093970060e-01 1.911115050316e-01 1.846095770597e-01 2.351377159357e-01 2.792185842991e-01 3.010455667973e-01 2.800698876381e-01 2.831484973431e-01 2.338489294052e-01 1.975698620081e-01 2.371452152729e-01 1.857131868601e-01 1.838196963072e-01 1.680240780115e-01 1.452293097973e-01 3.192466795444e-01 4.439986944199e-01 3.424079716206e-01 2.535933554173e-01 3.106467723846e-01 3.882716298103e-01 5.154125690460e-01 6.684129238129e-01 6.616870760918e-01 5.351232886314e-01 5.314813256264e-01 6.078230738640e-01
4.243899881840e-02 8.844652026892e-02 1.028117835522e-01 1.057124361396e-01 9.538553655148e-02 8.450047671795e-02 8.894997835159e-02 9.896217286587e-02 9.919597208500e-02 1.149380877614e-01 1.418204158545e-01 1.764362901449e-01 2.154813706875e-01 2.560878396034e-01 2.914650142193e-01 3.111758232117e-01 3.138830661774e-01 2.929176092148e-01 2.461795359850e-01 1.931813508272e-01 2.427772134542e-01 3.213812112808e-01 3.521439135075e-01 3.420152962208e-01 3.110935688019e-01 3.269191682339e-01 3.659075200558e-01 3.562517166138e-01 3.739169239998e-01 4.083192944527e-01 4.521092772484e-01 4.139271378517e-01 3.991506397724e-01 4.546980559826e-01 4.340654313564e-01 3.690212666988e-01 3.945461511612e-01 4.146357476711e-01 3.221038579941e-01 8.027228713036e-01 4.429287910461e-01 5.912098884583e-01 6.142819523811e-01
5.325327068567e-02 1.036564409733e-01 1.163516640663e-01 8.341863006353e-02 6.805400550365e-02 9.032604843378e-02 1.114850193262e-01 1.152436584234e-01 9.470343589783e-02 9.989123791456e-02 1.026600375772e-01 1.048016622663e-01 1.071745306253e-01 1.359166949987e-01 1.728854775429e-01 2.149609178305e-01 2.566675841808e-01 2.981077134609e-01 3.174189627171e-01 3.011687695980e-01 2.525125741959e-01 2.089623659849e-01 2.247668355703e-01 2.446601539850e-01 2.712603807449e-01 3.030065596104e-01 3.286035060883e-01 4.231677949429e-01 5.707215666771e-01 5.230735540390e-01 4.655447900295e-01 3.693278729916e-01 3.621717989445e-01 6.555532217026e-01 6.988437771797e-01 6.137385368347e-01 4.097194969654e-01 5.378721356392e-01 4.741971194744e-01 4.755039811134e-01 7.136726975441e-01 6.575936675072e-01 4.737762510777e-01
1.058860868216e-01 2.055533528328e-01 1.537816524506e-01 1.168579235673e-01 1.003789156675e-01 6.957549601793e-02 8.094799518585e-02 9.129472076893e-02 9.056839346886e-02 1.019690707326e-01 8.634071797132e-02 9.216737747192e-02 1.008670032024e-01 1.077875494957e-01 1.132389754057e-01 1.171271726489e-01 1.315253823996e-01 1.714962273836e-01 2.174916863441e-01 2.631275355816e-01 2.952057719231e-01 2.979934513569e-01 2.716395556927e-01 2.238177061081e-01 2.199908196926e-01 2.132286131382e-01 2.100102305412e-01 2.200382202864e-01 2.297767102718e-01 2.512939572334e-01 2.869347035885e-01 3.110022246838e-01 4.392186105251e-01 5.917446017265e-01 4.216716885567e-01 3.915340006351e-01 3.864249289036e-01 5.564517378807e-01 4.283849000931e-01 5.639022588730e-01 6.941943168640e-01 7.122153639793e-01 7.345310449600e-01
1.347660124302e-01 6.804539561272e-01 2.738253772259e-01 5.375679135323e-01 1.428884416819e-01 1.350862383842e-01 1.839718222618e-01 1.611762344837e-01 1.053322404623e-01 8.065734058619e-02 9.080834686756e-02 9.764578193426e-02 1.009229570627e-01 1.035645604134e-01 1.076770871878e-01 1.135907992721e-01 1.207571923733e-01 1.279800981283e-01 2.914311587811e-01 2.598956525326e-01 1.818925589323e-01 2.290794700384e-01 2.665252387524e-01 2.813131213188e-01 2.747047245502e-01 2.552250921726e-01 2.315423190594e-01 2.473317235708e-01 2.716252803802e-01 2.852918803692e-01 2.697322964668e-01 2.460271567106e-01 2.550002336502e-01 5.166078805923e-01 5.028247833252e-01 3.646679818630e-01 3.796466588974e-01 5.172417163849e-01 5.136371850967e-01 6.903400421143e-01 5.387668013573e-01 6.660670042038e-01 1.078922986984e+00
1.434573829174e-01 1.288474500179e-01 1.857286989689e-01 2.189821600914e-01 2.289503514767e-01 3.008374571800e-01 3.048289418221e-01 2.698596119881e-01 2.314299196005e-01 1.962233781815e-01 1.758974641562e-01 1.539840400219e-01 1.595960408449e-01 1.354679018259e-01 1.635210663080e-01 1.749059557915e-01 1.360889524221e-01 1.164500266314e-01 2.322991847992e+00 2.080502748489e+00 1.158501431346e-01 1.496458500624e-01 1.350255608559e-01 1.605597734451e-01 1.833974272013e-01 2.049988359213e-01 2.290928363800e-01 2.553671002388e-01 2.783178389072e-01 2.873959243298e-01 3.031368851662e-01 3.862991929054e-01 4.430073201656e-01 4.500711560249e-01 4.010933935642e-01 3.827870488167e-01 5.811403393745e-01 6.083210110664e-01 4.758352637291e-01 5.192999243736e-01 6.391391754150e-01 8.044454455376e-01 5.941323041916e-01
1.302573800087e+00 2.872531414032e+00 2.269497215748e-01 2.575238645077e-01 2.710608243942e-01 2.652634084225e-01 2.423162162304e-01 2.150573730469e-01 1.892057806253e-01 1.653092801571e-01 1.502793729305e-01 1.277219057083e-01 1.017866134644e-01 7.691375166178e-02 8.255309611559e-02 1.967845708132e-01 3.952930271626e-01 3.638379275799e-01 8.459786176682e-01 9.468519687653e-01 1.456788927317e-01 1.598461568356e-01 1.407992392778e-01 1.660868376493e-01 1.100359708071e-01 1.096647083759e-01 2.530573010445e-01 2.471740543842e-01 1.865299791098e-01 2.513186931610e-01 2.752882242203e-01 3.613862693310e-01 3.343420922756e-01 4.266375005245e-01 5.084732174873e-01 5.507888793945e-01 6.102477908134e-01 6.546413302422e-01 8.490422964096e-01 6.643425822258e-01 6.271008253098e-01 7.863298654556e-01 8.994107246399e-01
3.582197129726e-01 6.004945635796e-01 4.658681526780e-02 5.654820054770e-02 6.375754624605e-02 3.509728014469e-01 8.005589246750e-01 6.567294001579e-01 3.585470914841e-01 1.121435686946e-01 9.545908868313e-02 1.082254946232e-01 1.077331975102e-01 9.254585206509e-02 4.763192236423e-01 5.404385924339e-01 2.892424762249e-01 3.394439518452e-01 5.271466374397e-01 5.451528429985e-01 9.997653961182e-01 1.687889844179e-01 2.800311446190e-01 5.497626662254e-01 4.294885098934e-01 3.540248274803e-01 2.163850516081e-01 2.022186517715e-01 3.508159220219e-01 4.099059104919e-01 4.343855381012e-01 3.929076790810e-01 7.332549691200e-01 7.827659249306e-01 6.902971267700e-01 5.259919762611e-01 4.797073900700e-01 6.597079634666e-01 6.445638537407e-01 8.353475332260e-01 1.024384260178e+00 1.309226155281e+00 1.687014460564e+00
1.921957731247e-01 3.376935124397e-01 2.838256768882e-02 2.278742380440e-02 1.799472272396e-01 6.932105422020e-01 1.350788354874e+00 1.067688584328e+00 3.930440843105e-01 3.508847579360e-02 3.338530659676e-02 3.126196190715e-02 3.407131880522e-02 3.837225213647e-02 3.994544148445e-01 2.805495858192e-01 2.355448305607e-01 3.586147725582e-01 6.182417869568e-01 1.896996051073e-01 8.277396559715e-01 5.840284824371e+00 3.665499091148e-01 8.011695742607e-01 1.976774334908e+00 1.015921115875e+00 6.365590095520e-01 5.749088525772e-01 6.024245023727e-01 6.580082178116e-01 6.221945881844e-01 9.520089626312e-01 5.307316184044e-01 6.289763450623e-01 9.929706454277e-01 1.741222858429e+00 8.604137897491e-01 4.813546240330e-01 4.541637003422e-01 6.459965705872e-01 7.545539140701e-01 8.249995708466e-01 8.452939391136e-01
1.571574658155e-01 2.260046154261e-01 2.968993410468e-02 2.082833088934e-02 2.477086707950e-02 4.024813175201e-01 8.317096233368e-01 5.117679834366e-01 3.528927862644e-01 7.393772900105e-02 2.658832073212e-02 1.234517917037e-01 1.624258905649e-01 1.411471813917e-01 1.346571892500e-01 1.929928362370e-01 2.567216157913e-01 4.079317450523e-01 6.781086921692e-01 6.006663441658e-01 5.212929248810e-01 6.711871027946e-01 2.228096425533e-01 4.876936078072e-01 1.875363349915e+00 6.895669698715e-01 1.922860503197e+00 1.472690701485e+00 3.442664146423e-01 8.093918561935e-01 2.816373825073e+00 3.889382839203e+00 4.083106040955e+00 9.086803793907e-01 1.399367690086e+00 1.317934274673e+00 1.209999203682e+00 7.844958901405e-01 6.290354728699e-01 6.384534835815e-01 1.263946890831e+00 9.155559539795e-01 6.917413473129e-01
4.656710848212e-02 1.393118351698e-01 8.020018786192e-02 4.772668331861e-02 3.437674418092e-02 1.508142333478e-02 7.982294261456e-02 8.534687012434e-02 9.524211287498e-02 9.355158358812e-02 6.908276677132e-02 1.321009993553e-01 1.576596051455e-01 1.955408453941e-01 1.686379462481e-01 1.310881674290e-01 1.965473741293e-01 3.916032910347e-01 5.645714402199e-01 3.690785467625e-01 3.543973863125e-01 2.550927996635e-01 2.857953310013e-01 5.622784495354e-01 1.291224718094e+00 1.854239463806e+00 1.542008638382e+00 1.055891275406e+00 1.229976296425e+00 3.306902945042e-01 1.758764684200e-01 1.727573424578e-01 2.811254560947e-01 4.799748361111e-01 1.464377880096e+00 1.718727493286e+01 6.254766464233e+00 3.112685441971e+00 1.807004213333e+00 1.413716793060e+00 2.077886581421e+00 2.499865770340e+00 3.748030424118e+00
4.595410451293e-02 7.507344335318e-02 8.949631452560e-02 4.851061478257e-02 3.423003479838e-02 1.565902307630e-02 7.365078479052e-02 7.541253417730e-02 7.353404909372e-02 6.825616955757e-02 8.267126977444e-02 9.913054853678e-02 1.087053865194e-01 2.068089544773e-01 1.801956892014e-01 1.523810029030e-01 2.244129031897e-01 3.347589075565e-01 4.576860070229e-01 4.171680510044e-01 2.177698612213e-01 1.648345589638e-01 2.226826995611e-01 2.308109849691e-01 5.758646726608e-01 5.577407836914e+00 1.562393665314e+00 2.791739463806e+00 1.204016327858e+00 1.988226175308e-01 1.314878612757e-01 1.226145476103e-01 1.457039862871e-01 1.846534460783e-01 2.194210141897e-01 1.181135654449e+00 1.012798690796e+01 2.035062313080e+00 6.819708347321e-01 1.846341252327e+00 1.101993322372e+00 5.659937858582e-01 7.857527136803e-01
3.492052480578e-02 6.262384355068e-02 8.458034694195e-02 9.764247387648e-02 1.017919257283e-01 9.411018341780e-02 8.386587351561e-02 7.541112601757e-02 7.313392311335e-02 6.433632969856e-02 5.832497775555e-02 7.160661369562e-02 8.026550710201e-02 8.173398673534e-02 1.446778178215e-01 1.240602657199e-01 1.792335957289e-01 2.238014042377e-01 2.681875526905e-01 1.937226206064e-01 1.414428651333e-01 1.386265009642e-01 1.253521740437e-01 1.296420097351e-01 2.344920337200e-01 1.396267056465e+00 1.435268402100e+00 4.054820239544e-01 2.098207324743e-01 1.568045020103e-01 1.186632215977e-01 9.945911914110e-02 1.183373555541e-01 1.641911417246e-01 2.041830271482e-01 5.409691333771e-01 1.932047009468e+00 9.962372779846e-01 5.759809017181e-01 1.829798966646e-01 6.693789362907e-01 5.643365979195e-01 5.057543516159e-01
5.567195639014e-02 9.370639920235e-02 1.196158900857e-01 1.344644874334e-01 1.382731199265e-01 1.323684602976e-01 1.244450733066e-01 1.121626496315e-01 9.706205874681e-02 7.959275692701e-02 5.908163636923e-02 5.265804007649e-02 5.969693511724e-02 6.209327653050e-02 1.189764067531e-01 1.113472878933e-01 1.473517268896e-01 1.221996396780e-01 1.530278772116e-01 1.412791609764e-01 1.305375546217e-01 1.238407716155e-01 1.011428683996e-01 1.148917451501e-01 1.611410230398e-01 1.240904092789e+00 9.369057416916e-01 3.165875077248e-01 2.507237493992e-01 2.141176611185e-01 1.511998474598e-01 7.915425300598e-02 6.938507407904e-02 8.587858825922e-02 1.370073109865e-01 2.118931412697e-01 1.397250145674e-01 3.516438901424e-01 2.468895912170e+00 3.616493225098e+00 2.092776298523e+00 4.778600633144e-01 3.873986303806e-01
2.785885892808e-02 5.912663787603e-02 7.363836467266e-02 8.078929036856e-02 7.845532894135e-02 7.467620819807e-02 7.207989692688e-02 6.575146317482e-02 5.791781842709e-02 5.098317936063e-02 4.831172898412e-02 5.443773046136e-02 6.006229668856e-02 6.309085339308e-02 1.063261926174e-01 1.225826740265e-01 1.182412579656e-01 9.767186641693e-02 1.504399031401e-01 1.800549477339e-01 1.529402881861e-01 1.912408471107e-01 9.087353944778e-02 7.617750763893e-02 1.303143054247e-01 4.557677805424e-01 2.397224307060e-01 2.520402967930e-01 2.429724335670e-01 2.109524458647e-01 1.384151875973e-01 8.496964722872e-02 7.499537616968e-02 8.020192384720e-02 1.104532256722e-01 2.054175138474e-01 1.492261290550e-01 4.002521336079e-01 1.791956424713e+00 1.090314984322e+00 6.576939821243e-01 3.274798393250e-01 3.112664520741e-01
2.574401162565e-02 3.766697645187e-02 4.947494715452e-02 5.413121730089e-02 5.401486530900e-02 5.144656077027e-02 4.731626063585e-02 4.462634399533e-02 4.530442506075e-02 4.525059834123e-02 5.200291797519e-02 5.801590532064e-02 6.328175216913e-02 6.460139900446e-02 1.057362407446e-01 1.072753295302e-01 6.545694172382e-02 7.754810899496e-02 1.209070235491e-01 3.211201727390e-01 1.783178001642e-01 1.901884377003e-01 1.150013729930e-01 1.251058876514e-01 1.850461512804e-01 1.635529845953e-01 1.100798487663e+00 1.921350657940e-01 1.955908834934e-01 1.748701184988e-01 9.660376608372e-02 7.616177201271e-02 7.282017171383e-02 8.133847266436e-02 1.181543171406e-01 1.825633645058e-01 2.923257648945e-01 3.608476817608e-01 5.423849225044e-01 8.053581714630e-01 5.051663517952e-01 3.035030066967e-01 3.629843294621e-01
2.075358293951e-02 3.707879409194e-02 4.965551570058e-02 5.529058724642e-02 8.717334270477e-02 5.212242901325e-02 4.914191737771e-02 5.555257573724e-02 6.138178706169e-02 6.668357551098e-02 7.141411304474e-02 7.404220849276e-02 8.117719739676e-02 8.626034110785e-02 1.701504141092e-01 1.767203807831e-01 8.833079040051e-02 7.950101792812e-02 1.032336503267e-01 3.253153860569e-01 1.635947227478e-01 2.090175747871e-01 1.361619383097e-01 1.172139048576e-01 1.389775872231e-01 2.633937895298e-01 4.777521491051e-01 2.103436887264e-01 1.822433024645e-01 1.342621594667e-01 7.337846606970e-02 6.836435198784e-02 6.948094815016e-02 8.370569348335e-02 1.270070225000e-01 1.756476312876e-01 1.992816776037e-01 2.424669414759e-01 2.980518639088e-01 3.264311254025e-01 2.958402037621e-01 2.915226519108e-01 3.677271604538e-01
