100/SI/f167.grd
DSAA
101	101
32.816463539100	34.260883539100
35.556306596100	36.727886596100
1.353187137283e-03	3.905159378052e+01
[rows 57 to 75 of 101, columns 0 to 42 of 101]
2.020776458085e-02 3.558659180999e-02 4.722158610821e-02 5.230804532766e-02 4.411345347762e-02 4.819925129414e-02 4.930979385972e-02 5.464446917176e-02 6.019943580031e-02 6.465562433004e-02 6.580880284309e-02 6.446380913258e-02 6.585109978914e-02 6.602355837822e-02 9.666232019663e-02 1.164771169424e-01 6.894846260548e-02 7.178802043200e-02 9.067487716675e-02 1.219774931669e-01 1.537482738495e-01 2.609771490097e-01 1.911116391420e-01 1.241449341178e-01 1.070744097233e-01 1.059883758426e-01 1.508825868368e-01 2.863802313805e-01 2.958889603615e-01 1.843241155148e-01 1.466353386641e-01 9.134827554226e-02 7.342005521059e-02 9.435722976923e-02 1.386443376541e-01 1.648264080286e-01 1.584388613701e-01 1.543624699116e-01 2.062375992537e-01 2.639554142952e-01 3.550069928169e-01 4.273155629635e-01 4.714545011520e-01
2.571693807840e-02 5.726440995932e-02 7.511419802904e-02 4.607812315226e-02 4.224448651075e-02 3.770624101162e-02 3.531457111239e-02 3.465762734413e-02 3.861867263913e-02 4.319614917040e-02 1.016991883516e-01 1.207231134176e-01 5.311005562544e-02 5.046335980296e-02 5.431341379881e-02 8.556221425533e-02 5.450043082237e-02 5.992658808827e-02 7.762961089611e-02 1.099652424455e-01 1.701454371214e-01 2.129375338554e-01 1.530086547136e-01 8.850245177746e-02 6.604624539614e-02 8.827878534794e-02 1.419367343187e-01 3.647352457047e-01 3.057622015476e-01 1.893019080162e-01 1.479111313820e-01 1.275627613068e-01 7.625387609005e-02 9.232820570469e-02 1.255547255278e-01 1.342933923006e-01 1.199682429433e-01 1.350184828043e-01 1.635003685951e-01 3.534300029278e-01 4.793002903461e-01 5.502498149872e-01 6.040614247322e-01
1.863091066480e-02 5.232749879360e-02 6.911996006966e-02 4.144344106317e-02 4.082375392318e-02 5.273550003767e-02 7.031372189522e-02 1.040109246969e-01 1.945403069258e-01 2.814728915691e-01 7.940162718296e-02 5.026606842875e-02 4.784714430571e-02 4.653531685472e-02 4.460248351097e-02 3.659234195948e-02 4.155651479959e-02 4.645380377769e-02 6.306626647711e-02 9.858500957489e-02 1.632252484560e-01 1.843531429768e-01 1.318982839584e-01 7.766822725534e-02 9.237849153578e-03 6.180831789970e-02 1.091848537326e-01 2.870783209801e-01 2.542676925659e-01 1.560877263546e-01 1.282234191895e-01 6.963903456926e-02 7.264868915081e-02 7.666773349047e-02 7.201959937811e-02 8.882926404476e-02 1.044808030128e-01 1.241250336170e-01 1.563871055841e-01 3.905387520790e-01 5.052250623703e-01 5.139771699905e-01 5.616502165794e-01
2.042234502733e-02 2.826537191868e-02 6.776300072670e-02 5.621460452676e-02 6.482864171267e-02 8.719546347857e-02 1.288833171129e-01 1.962959170341e-01 2.020578533411e-01 9.548822790384e-02 3.829541057348e-02 4.046858847141e-02 4.162435233593e-02 4.163584858179e-02 4.280805960298e-02 3.706151992083e-02 4.412658512592e-02 4.182853922248e-02 9.321398288012e-02 1.256394088268e-01 1.179984286427e-01 1.310053765774e-01 9.810190647840e-02 2.806936018169e-02 8.821153081954e-03 5.416973307729e-02 7.280321419239e-02 1.256059557199e-01 1.177449747920e-01 6.957885622978e-02 6.707894802094e-02 6.458654254675e-02 7.702423632145e-02 6.871560961008e-02 6.908736377954e-02 7.995466142893e-02 1.021252796054e-01 1.170271113515e-01 1.529147773981e-01 3.847945332527e-01 4.649521410465e-01 4.098161458969e-01 4.437010586262e-01
9.539139457047e-03 1.626385189593e-02 4.352274909616e-02 5.378991365433e-02 5.838452279568e-02 2.981780655682e-02 2.876190096140e-02 2.813900262117e-02 2.744681760669e-02 2.672115527093e-02 3.078359924257e-02 3.283071517944e-02 3.450311720371e-02 4.018975794315e-02 4.494118317962e-02 4.655184224248e-02 4.436647519469e-02 3.910095617175e-02 7.541661709547e-02 1.058722734451e-01 1.226592808962e-01 1.503020804375e-02 6.111972499639e-03 4.150166362524e-02 3.718970343471e-02 4.006110131741e-02 4.775052145123e-02 5.766498669982e-02 6.346093863249e-02 6.419353187084e-02 6.223903596401e-02 5.999045819044e-02 6.113390997052e-02 6.328652799129e-02 7.175243645906e-02 7.623161375523e-02 9.862203896046e-02 1.104447543621e-01 1.462764292955e-01 3.389191329479e-01 3.879894316196e-01 3.106217682362e-01 3.459455668926e-01
8.612977340817e-03 1.460537221283e-02 2.006287500262e-02 2.839689143002e-02 4.134242981672e-02 4.990019649267e-02 2.713358215988e-02 2.684746123850e-02 2.627743780613e-02 2.542448043823e-02 1.656943187118e-02 2.618762850761e-02 2.759265713394e-02 2.778875455260e-02 3.041688725352e-02 3.177468106151e-02 2.867825143039e-02 2.925679273903e-02 4.568927362561e-02 5.440941452980e-02 3.673114627600e-02 3.383148089051e-02 2.261000871658e-02 2.572769112885e-02 3.025002963841e-02 3.195589035749e-02 3.932144865394e-02 4.757502675056e-02 5.374663323164e-02 5.647584423423e-02 5.677487328649e-02 5.657593533397e-02 5.838604643941e-02 6.589814275503e-02 7.697826623917e-02 7.289699465036e-02 7.930066436529e-02 8.862873911858e-02 1.250715851784e-01 2.527024447918e-01 2.866474986076e-01 2.415890991688e-01 2.951153218746e-01
8.754607290030e-03 1.461980491877e-02 1.956708543003e-02 2.275813929737e-02 2.448477968574e-02 2.908057905734e-02 2.591617964208e-02 2.570937201381e-02 2.501712925732e-02 6.034068763256e-03 4.851037636399e-03 1.258887443691e-02 6.486252881587e-03 2.299511060119e-02 2.288926951587e-02 2.224909327924e-02 2.145061455667e-02 2.255769260228e-02 2.598454803228e-02 2.859636954963e-02 3.016720712185e-02 2.818785049021e-02 1.324294786900e-02 6.543078459799e-03 5.623997747898e-02 3.510880842805e-02 3.523392230272e-02 3.740738332272e-02 4.319112375379e-02 4.757859185338e-02 5.051060393453e-02 5.278412625194e-02 5.617463216186e-02 6.941550970078e-02 7.709263265133e-02 7.056912779808e-02 7.348984479904e-02 6.802294403315e-02 1.035160720348e-01 1.696813255548e-01 1.953262388706e-01 1.880641728640e-01 2.572536468506e-01
9.078652597964e-03 1.482777297497e-02 1.927296258509e-02 2.167982980609e-02 1.796098425984e-02 4.886099137366e-03 2.363842725754e-02 2.395378053188e-02 2.143602073193e-02 4.621022846550e-03 9.845798835158e-03 1.095113623887e-02 6.991120986640e-03 7.554192095995e-03 2.089953795075e-02 2.094055712223e-02 2.135166153312e-02 2.243992872536e-02 2.505663782358e-02 2.366880699992e-02 2.910339273512e-02 2.809614129364e-02 1.242004800588e-02 8.779755793512e-03 4.825074970722e-02 2.887384966016e-02 3.752719983459e-02 3.675524517894e-02 3.655906766653e-02 4.043359681964e-02 3.009161539376e-02 4.946113377810e-02 5.386499315500e-02 6.772334873676e-02 7.027652859688e-02 6.855842471123e-02 6.913840770721e-02 7.098659873009e-02 1.083896607161e-01 1.193147525191e-01 1.266927719116e-01 1.349843293428e-01 2.167047858238e-01
8.943920023739e-03 1.432824879885e-02 1.820604689419e-02 2.003659866750e-02 9.083171375096e-03 2.770793624222e-03 8.413209579885e-03 2.155665494502e-02 2.331547811627e-02 4.856241401285e-03 3.593474999070e-02 3.670411184430e-02 1.803842559457e-02 1.318226568401e-02 2.019221149385e-02 2.119495533407e-02 2.113695070148e-02 2.253746800125e-02 2.455818653107e-02 2.158247865736e-02 2.665408328176e-02 2.763219363987e-02 1.482316665351e-02 1.038773078471e-02 1.942714117467e-02 4.978357814252e-03 3.611788898706e-02 3.515855967999e-02 3.428620472550e-02 3.593416884542e-02 4.132577404380e-02 4.653188958764e-02 5.095028877258e-02 6.065223738551e-02 5.928750336170e-02 6.253157556057e-02 5.825831368566e-02 6.762112677097e-02 9.129233658314e-02 9.203360974789e-02 9.267684817314e-02 6.867965310812e-02 1.459360420704e-01
8.356930688024e-03 1.326398551464e-02 1.666623540223e-02 1.820328086615e-02 1.888049207628e-02 1.940398477018e-02 1.954183354974e-02 1.983274891973e-02 2.611581608653e-02 3.663693368435e-02 3.472742065787e-02 3.382175415754e-02 3.609665110707e-02 1.888675987720e-02 1.994481682777e-02 2.197623811662e-02 2.275390177965e-02 2.263804152608e-02 2.407240681350e-02 2.423255145550e-02 2.332795411348e-02 2.658376470208e-02 2.511618286371e-02 1.574080064893e-02 2.564305812120e-02 2.654530294240e-02 3.228038549423e-02 3.117276541889e-02 2.956465631723e-02 3.373499587178e-02 3.892577439547e-02 4.387264698744e-02 1.087393425405e-02 3.613014146686e-02 5.064021795988e-02 5.244499817491e-02 6.049627065659e-02 6.872034817934e-02 7.801266759634e-02 8.073992282152e-02 4.658131301403e-02 3.121861629188e-02 8.136400580406e-02
7.684066426009e-03 1.217176113278e-02 1.526539772749e-02 1.672108657658e-02 1.735835708678e-02 1.767687313259e-02 1.764061488211e-02 3.120406158268e-02 3.445802628994e-02 3.270820155740e-02 1.694485358894e-02 1.676278561354e-02 2.684594690800e-02 1.900665462017e-02 2.013823948801e-02 1.822787895799e-02 2.479811012745e-02 2.433647215366e-02 2.415531873703e-02 2.467010542750e-02 2.385949529707e-02 2.438125386834e-02 2.482966519892e-02 2.314106002450e-02 2.447992749512e-02 2.742024697363e-02 2.822758071125e-02 2.710606716573e-02 2.826167829335e-02 3.290452808142e-02 3.750696033239e-02 4.151609539986e-02 1.271988078952e-02 3.504594415426e-02 4.258689656854e-02 4.446206614375e-02 5.231661722064e-02 5.825035274029e-02 6.026373058558e-02 5.745675787330e-02 2.196550182998e-02 4.533942043781e-02 6.151221692562e-02
7.115997374058e-03 1.128725241870e-02 1.421034615487e-02 1.565456576645e-02 1.621883362532e-02 1.632310263813e-02 2.851446904242e-02 3.201144561172e-02 3.209015354514e-02 1.823554374278e-02 1.629575341940e-02 1.626436412334e-02 1.625561341643e-02 1.924537867308e-02 2.083049900830e-02 1.045263372362e-02 1.186493504792e-02 2.595596201718e-02 2.553222328424e-02 2.551072277129e-02 2.687562257051e-02 2.798938192427e-02 2.846059761941e-02 2.736605331302e-02 2.344980277121e-02 2.414792776108e-02 2.478938177228e-02 2.443925850093e-02 2.811871096492e-02 3.245151042938e-02 3.665272146463e-02 3.976541757584e-02 3.581054508686e-02 3.774083033204e-02 3.733696043491e-02 3.827063366771e-02 3.977090865374e-02 4.020429030061e-02 4.071100801229e-02 3.929112106562e-02 3.866322711110e-02 4.830161109567e-02 5.332368612289e-02
6.702924147248e-03 1.065904553980e-02 1.346800383180e-02 1.483610831201e-02 8.893212303519e-03 1.520843710750e-02 1.503895316273e-02 2.851734124124e-02 1.890160143375e-02 1.552079804242e-02 1.564262993634e-02 1.552226860076e-02 1.668004877865e-02 1.438423246145e-02 2.145856432617e-02 1.109362486750e-02 1.230292301625e-02 1.385558955371e-02 2.879707701504e-02 2.844242937863e-02 3.014412894845e-02 3.179753571749e-02 1.917246356606e-02 3.021331317723e-02 2.590786665678e-02 2.144998870790e-02 2.356461994350e-02 2.549761161208e-02 2.707076072693e-02 3.114985115826e-02 3.511419519782e-02 3.776340559125e-02 2.930854819715e-02 2.664620801806e-02 2.300394512713e-02 1.721388474107e-02 3.798739984632e-02 3.906263783574e-02 3.723228350282e-02 4.111892357469e-02 4.467331990600e-02 4.171007499099e-02 2.083800733089e-02
6.535827182233e-03 1.037309318781e-02 1.305639464408e-02 1.426669396460e-02 1.204512454569e-02 1.439488213509e-02 1.425874140114e-02 2.373927086592e-02 2.160502411425e-02 1.542488113046e-02 1.616855524480e-02 1.679793931544e-02 1.785629056394e-02 1.248414162546e-02 1.397361326963e-02 1.622316986322e-02 2.068792283535e-02 3.042788058519e-02 3.155830129981e-02 3.118148632348e-02 3.256917372346e-02 1.600225269794e-02 2.005375921726e-02 3.111032955348e-02 2.625637501478e-02 1.961493864655e-02 2.087443508208e-02 2.279731072485e-02 2.451760508120e-02 2.785303257406e-02 3.140875324607e-02 3.382535651326e-02 1.272712275386e-02 2.310659363866e-02 1.888587325811e-02 2.837958373129e-02 3.818989917636e-02 4.005465283990e-02 3.843506053090e-02 3.781007230282e-02 4.412477836013e-02 2.319926954806e-02 7.984866388142e-03
1.978459535167e-03 9.860763326287e-03 1.302422769368e-02 1.408703625202e-02 1.421665307134e-02 1.517527550459e-02 1.603685133159e-02 2.055152319372e-02 1.663052476943e-02 2.020608074963e-02 2.105217427015e-02 2.177763916552e-02 2.082869596779e-02 1.719986274838e-02 2.070882916451e-02 2.131072245538e-02 2.468905784190e-02 2.868408709764e-02 3.182324767113e-02 3.250833600760e-02 3.297817334533e-02 3.201890364289e-02 3.332192078233e-02 2.943185158074e-02 2.409768104553e-02 1.934309117496e-02 2.125342004001e-02 2.281912229955e-02 2.413715235889e-02 2.515341341496e-02 2.552110888064e-02 6.592430174351e-03 1.149046141654e-02 2.172300033271e-02 3.870227932930e-02 4.153160750866e-02 4.150149598718e-02 4.161449894309e-02 3.978142887354e-02 3.574391454458e-02 4.127951711416e-02 4.191413894296e-02 3.925329819322e-02
3.793109208345e-03 3.878932911903e-03 1.317175570875e-02 1.429477706552e-02 1.576473191381e-02 1.287799235433e-02 1.753636822104e-02 1.721374504268e-02 1.930613443255e-02 2.020978555083e-02 2.089889906347e-02 2.149225585163e-02 2.034247480333e-02 1.640354283154e-02 1.813246682286e-02 1.926131360233e-02 2.135042473674e-02 2.453452721238e-02 2.862631902099e-02 3.101850114763e-02 3.117613680661e-02 2.240007929504e-02 2.967434376478e-02 2.613815478981e-02 2.098750695586e-02 1.946539990604e-02 2.099894545972e-02 2.421887964010e-02 2.378424629569e-02 2.376202680171e-02 1.496532745659e-02 7.982040755451e-03 2.709340676665e-02 3.400619700551e-02 2.142507769167e-02 4.248156026006e-02 4.455033689737e-02 3.587978705764e-02 4.058014601469e-02 3.534955158830e-02 3.854889422655e-02 3.849618881941e-02 3.526665270329e-02
6.350772455335e-03 9.659602306783e-03 1.287717372179e-02 1.453173533082e-02 1.596405729651e-02 9.424653835595e-03 1.732133515179e-02 1.759120449424e-02 1.770656742156e-02 1.766559667885e-02 1.783627271652e-02 1.823067106307e-02 1.833586208522e-02 1.787607930601e-02 1.790552586317e-02 1.196497865021e-02 1.791810244322e-02 1.975800096989e-02 2.308740094304e-02 2.651399187744e-02 3.285153582692e-02 3.671285510063e-02 3.382187709212e-02 2.495258301497e-02 1.884916238487e-02 2.051894366741e-02 2.340529859066e-02 2.523466385901e-02 2.497709728777e-02 2.376042865217e-02 2.347740344703e-02 2.307333797216e-02 2.817123383284e-02 3.379698470235e-02 3.315270319581e-02 3.709483519197e-02 4.098173603415e-02 4.091369733214e-02 4.091559350491e-02 3.479880839586e-02 3.748854622245e-02 3.700656443834e-02 3.396381437778e-02
6.154718343168e-03 9.587003849447e-03 1.173380017281e-02 1.337576378137e-02 1.459282729775e-02 9.197547100484e-03 1.213045697659e-02 1.543209236115e-02 1.607640273869e-02 1.666449755430e-02 1.554268039763e-02 1.540121901780e-02 1.100949104875e-02 1.724631525576e-02 1.524857711047e-02 1.051922701299e-02 1.708601415157e-02 1.702416315675e-02 2.123453654349e-02 2.814207784832e-02 3.410917147994e-02 3.706015646458e-02 3.432243317366e-02 2.608156576753e-02 1.968306489289e-02 2.368311583996e-02 2.639210969210e-02 2.667348459363e-02 2.552970685065e-02 2.382288128138e-02 2.321266382933e-02 2.327155694366e-02 2.783693186939e-02 3.250391408801e-02 3.480304777622e-02 3.354548662901e-02 3.679271414876e-02 4.139214009047e-02 4.117671400309e-02 3.771051019430e-02 1.903494819999e-02 3.782240301371e-02 3.466407954693e-02
5.378101021051e-03 8.333669044077e-03 1.130297221243e-02 1.375098340213e-02 1.018403377384e-02 1.333072502166e-02 1.344505697489e-02 1.676812209189e-02 1.775595732033e-02 1.835435442626e-02 1.702921651304e-02 1.412664819509e-02 1.195720676333e-02 1.824593544006e-02 1.164224278182e-02 1.523758750409e-02 1.686213910580e-02 1.677264273167e-02 1.798433251679e-02 1.978761330247e-02 2.143684215844e-02 2.233892306685e-02 2.334399335086e-02 2.017070166767e-02 2.267312631011e-02 2.708406373858e-02 2.725406363606e-02 2.448960021138e-02 2.264399640262e-02 2.105847373605e-02 2.134636603296e-02 2.316091209650e-02 2.711440436542e-02 3.070398420095e-02 3.213153779507e-02 3.093790821731e-02 3.594666346908e-02 4.141569137573e-02 4.775692149997e-02 4.456237703562e-02 4.074503481388e-02 3.961953893304e-02 6.042958423495e-02
