100/SI/f167.grd
DSAA
101	101
32.816463539100	34.260883539100
35.556306596100	36.727886596100
1.353187137283e-03	3.905159378052e+01
[rows 0 to 18 of 101, columns 0 to 42 of 101]
2.791197504848e-03 5.007428582758e-03 4.485683981329e-03 3.714434336871e-03 3.572236513719e-03 7.562312763184e-03 1.503333728760e-02 2.087870612741e-02 1.856947503984e-02 1.098665967584e-02 4.575385246426e-03 4.725728649646e-03 4.872072022408e-03 4.741828422993e-03 4.081499762833e-03 3.419257001951e-03 4.414758644998e-03 5.212083458900e-03 6.455380935222e-03 7.357342168689e-03 7.558038923889e-03 1.444851793349e-02 9.129569865763e-03 8.848944678903e-03 9.225918911397e-03 9.625438600779e-03 1.659227907658e-02 1.894786395133e-02 1.138453837484e-02 1.142375916243e-02 1.126119121909e-02 1.115524303168e-02 1.126964204013e-02 1.058751437813e-02 9.106311015785e-03 9.935148060322e-03 1.200226135552e-02 1.350374706089e-02 1.450064033270e-02 1.483989693224e-02 1.511130668223e-02 1.537320483476e-02 1.450927555561e-02
5.183647386730e-03 9.813751094043e-03 9.717515669763e-03 7.892805151641e-03 8.161857724190e-03 1.464396342635e-02 2.898549661040e-02 3.993702679873e-02 3.512733802199e-02 2.027235366404e-02 8.301145397127e-03 8.258762769401e-03 8.438455872238e-03 8.070695213974e-03 7.163509726524e-03 6.269501522183e-03 7.023030426353e-03 9.337776340544e-03 1.149767264724e-02 1.298203133047e-02 1.790694519877e-02 3.765852749348e-02 1.997546851635e-02 1.526161469519e-02 1.442518271506e-02 1.687959581614e-02 2.786219865084e-02 3.181510418653e-02 1.964182406664e-02 1.926491223276e-02 1.851904392242e-02 1.939733326435e-02 1.988400146365e-02 1.933812722564e-02 1.726750843227e-02 1.552804466337e-02 1.899485662580e-02 2.168037556112e-02 2.376948669553e-02 2.517911046743e-02 2.626380883157e-02 2.713250555098e-02 2.655842900276e-02
5.426988005638e-03 1.052870228887e-02 1.189489476383e-02 1.112640928477e-02 1.166582945734e-02 1.695885509253e-02 3.365066275001e-02 4.554797336459e-02 3.878723829985e-02 2.104462310672e-02 9.831604547799e-03 1.015487220138e-02 1.053066086024e-02 9.952787309885e-03 9.321712888777e-03 8.408273570240e-03 8.609820157290e-03 1.156175881624e-02 1.425755582750e-02 1.582522876561e-02 3.890470415354e-02 5.813035741448e-02 2.566123753786e-02 1.678241230547e-02 1.741443760693e-02 2.103246748447e-02 2.489695139229e-02 2.898104488850e-02 2.074761502445e-02 2.012394182384e-02 2.131159044802e-02 2.258094586432e-02 2.356913685799e-02 2.381146885455e-02 2.245848812163e-02 1.933463662863e-02 1.973807252944e-02 2.292580157518e-02 2.538762055337e-02 2.765727415681e-02 2.992693893611e-02 3.195123001933e-02 3.269878029823e-02
6.466160528362e-03 1.180307753384e-02 1.220563054085e-02 1.250140927732e-02 1.336443237960e-02 1.744203455746e-02 3.532418608665e-02 4.681813344359e-02 3.767071664333e-02 1.816371455789e-02 1.026476547122e-02 1.219674386084e-02 1.409940328449e-02 1.415954809636e-02 1.288219261914e-02 1.112340763211e-02 9.443923830986e-03 1.219515781850e-02 1.479364931583e-02 2.965662442148e-02 6.520292162895e-02 7.391676306725e-02 2.823956869543e-02 1.783985644579e-02 1.926204934716e-02 2.204445563257e-02 2.102024853230e-02 2.258588187397e-02 1.984206214547e-02 1.907087117434e-02 2.071280032396e-02 2.243673242629e-02 2.415663562715e-02 2.547061629593e-02 2.544127777219e-02 2.332296967506e-02 2.555678412318e-02 2.575646713376e-02 2.278228662908e-02 2.512725815177e-02 2.816402725875e-02 3.172586113214e-02 3.449071943760e-02
7.499741856009e-03 1.408969052136e-02 1.465494092554e-02 1.331476029009e-02 1.400574110448e-02 1.772432401776e-02 3.622082620859e-02 4.702860862017e-02 3.553584963083e-02 1.540383137763e-02 1.331672631204e-02 1.667868718505e-02 1.856940798461e-02 1.851653121412e-02 1.708539389074e-02 1.454430166632e-02 1.203029882163e-02 1.176443044096e-02 2.711345255375e-02 5.435590073466e-02 9.057568013668e-02 8.117171376944e-02 2.724982798100e-02 1.932834461331e-02 1.932600513101e-02 2.161031030118e-02 1.933042518795e-02 1.704632304609e-02 2.250503003597e-02 2.130012400448e-02 1.857814006507e-02 2.096185460687e-02 2.338230609894e-02 2.567055262625e-02 2.699370682240e-02 2.765202522278e-02 2.786331064999e-02 2.272466011345e-02 1.939516328275e-02 2.270721085370e-02 2.923323214054e-02 2.878442592919e-02 3.336291760206e-02
8.455558679998e-03 1.626726053655e-02 1.766533590853e-02 1.606510765851e-02 1.427392382175e-02 1.801409758627e-02 3.639256954193e-02 4.581171274185e-02 3.226400911808e-02 1.356858015060e-02 1.746076159179e-02 2.092246711254e-02 2.228061668575e-02 2.164492383599e-02 1.961494982243e-02 1.615662686527e-02 1.321440190077e-02 1.905024237931e-02 4.297173023224e-02 7.726129889488e-02 1.052697226405e-01 8.016349375248e-02 2.901204675436e-02 2.943738549948e-02 2.249131537974e-02 2.063963003457e-02 1.908122934401e-02 3.112389706075e-02 4.679881036282e-02 2.958868071437e-02 1.913105510175e-02 2.010303176939e-02 2.174916118383e-02 2.484738826752e-02 2.942649275064e-02 2.900273352861e-02 2.643598429859e-02 2.228600718081e-02 2.514687553048e-02 3.432630747557e-02 3.942104801536e-02 3.331677988172e-02 2.992066182196e-02
8.860759437084e-03 1.746481657028e-02 2.052305079997e-02 1.985564641654e-02 1.747634634376e-02 1.802646741271e-02 3.603667393327e-02 4.409066587687e-02 2.918037213385e-02 1.670816726983e-02 2.097147516906e-02 2.380272559822e-02 2.418911270797e-02 2.264190465212e-02 1.949905790389e-02 1.555578317493e-02 1.285069715232e-02 2.991050295532e-02 5.767287313938e-02 9.203958511353e-02 1.089659482241e-01 7.324635982513e-02 3.858879953623e-02 3.730671480298e-02 2.642094902694e-02 2.426265552640e-02 2.235465496778e-02 5.650332942605e-02 7.939837127924e-02 3.784226253629e-02 2.046951092780e-02 2.108868397772e-02 2.458992227912e-02 2.920697256923e-02 2.913891896605e-02 2.899306826293e-02 2.869104593992e-02 2.624444290996e-02 3.651595488191e-02 4.527121037245e-02 4.553934186697e-02 3.352153673768e-02 2.610950544477e-02
8.962294086814e-03 1.777554117143e-02 2.231301181018e-02 2.338885888457e-02 2.186789922416e-02 1.858212612569e-02 3.575234860182e-02 4.339728504419e-02 2.737370319664e-02 1.994779333472e-02 2.348863147199e-02 2.509694732726e-02 2.441414259374e-02 2.178323641419e-02 1.756506599486e-02 1.665642485023e-02 1.675057224929e-02 3.923957049847e-02 7.029901444912e-02 9.966224431992e-02 1.070015281439e-01 6.589592248201e-02 4.206009581685e-02 4.099293425679e-02 3.205946087837e-02 2.207949571311e-02 2.043239027262e-02 8.509930968285e-02 1.106273606420e-01 4.458180814981e-02 1.752594858408e-02 2.142706885934e-02 2.630009315908e-02 2.776927873492e-02 3.278663381934e-02 2.879623323679e-02 2.991044335067e-02 3.601471707225e-02 4.750755429268e-02 5.146310478449e-02 4.486397653818e-02 2.829428389668e-02 2.750581316650e-02
8.620529435575e-03 1.713563501835e-02 2.225743792951e-02 2.486759237945e-02 2.529306523502e-02 2.267895080149e-02 3.555861860514e-02 4.326653853059e-02 2.650804072618e-02 2.229110337794e-02 2.478766813874e-02 2.514788135886e-02 2.324965596199e-02 2.573993057013e-02 2.720158360898e-02 2.708558551967e-02 2.580352872610e-02 4.668425396085e-02 7.713580131531e-02 9.799232333899e-02 9.714943915606e-02 5.731816962361e-02 4.310628026724e-02 3.914197161794e-02 3.454010933638e-02 2.380205318332e-02 2.094383724034e-02 1.093593090773e-01 1.287696957588e-01 4.934560135007e-02 2.295534126461e-02 2.046440914273e-02 2.206013724208e-02 3.050760179758e-02 3.600031137466e-02 2.752660214901e-02 3.706905990839e-02 4.848613962531e-02 5.569115281105e-02 5.159448459744e-02 3.788258880377e-02 2.501001767814e-02 2.805301174521e-02
1.195904333144e-02 2.106546424329e-02 2.042842470109e-02 2.390326559544e-02 2.639910764992e-02 2.599864825606e-02 3.580301254988e-02 4.339523240924e-02 2.604200690985e-02 2.345651015639e-02 2.479469031096e-02 2.910434454679e-02 3.358811512589e-02 3.665268048644e-02 3.844147920609e-02 3.909975662827e-02 3.813011571765e-02 5.347871035337e-02 7.894117385149e-02 9.074297547340e-02 8.421232551336e-02 4.901432245970e-02 3.907367587090e-02 3.933723270893e-02 3.326822072268e-02 2.468116767704e-02 2.726828306913e-02 1.237334087491e-01 1.365996450186e-01 5.133701488376e-02 2.593867294490e-02 1.825175806880e-02 2.148144319654e-02 3.028087690473e-02 3.686228394508e-02 4.006379097700e-02 5.170315131545e-02 5.798678100109e-02 5.664870887995e-02 4.445109888911e-02 2.723726071417e-02 2.304109930992e-02 2.871285378933e-02
1.207048073411e-02 2.416485920548e-02 2.498355880380e-02 2.100849337876e-02 2.470986358821e-02 2.703942731023e-02 3.562345728278e-02 4.288074001670e-02 2.531704120338e-02 2.776052616537e-02 3.370665013790e-02 3.937100246549e-02 4.367576912045e-02 4.616848379374e-02 4.744308069348e-02 4.804743453860e-02 4.773628339171e-02 6.009107828140e-02 7.904002815485e-02 8.115641772747e-02 6.977320462465e-02 4.134468734264e-02 3.119864314795e-02 3.697457909584e-02 3.437161818147e-02 2.787276171148e-02 3.547509387136e-02 1.301603764296e-01 1.395206153393e-01 5.046522244811e-02 2.643946558237e-02 2.073846943676e-02 2.348353527486e-02 3.464589640498e-02 4.592681303620e-02 5.560684949160e-02 6.191270053387e-02 5.910416319966e-02 4.894442856312e-02 3.246432542801e-02 2.845752611756e-02 2.368556708097e-02 3.137047961354e-02
1.027533225715e-02 2.161603607237e-02 2.586302720010e-02 2.714475989342e-02 2.419901266694e-02 2.498899586499e-02 3.466606512666e-02 4.146795719862e-02 3.020957484841e-02 3.634044155478e-02 4.216769710183e-02 4.697811976075e-02 5.034499242902e-02 5.236780270934e-02 5.319926887751e-02 5.332849919796e-02 5.301800370216e-02 6.483084708452e-02 7.888419181108e-02 7.688248902559e-02 6.604933738708e-02 5.163118988276e-02 3.779995441437e-02 3.027931042016e-02 4.095096886158e-02 3.910487145185e-02 4.298996180296e-02 1.246298551559e-01 1.233144775033e-01 4.605263099074e-02 2.665664069355e-02 3.142038360238e-02 4.404050856829e-02 5.547786504030e-02 6.278076022863e-02 6.545592099428e-02 6.265337765217e-02 5.037850886583e-02 4.607105255127e-02 5.387565493584e-02 3.180140629411e-02 2.790128998458e-02 3.361851722002e-02
7.388090714812e-03 1.635883748531e-02 2.163019403815e-02 2.556500956416e-02 2.808924019337e-02 2.722263149917e-02 3.296832367778e-02 3.934973478317e-02 3.737557679415e-02 4.325576871634e-02 4.752501100302e-02 5.031586065888e-02 5.205552652478e-02 5.311312153935e-02 5.337717384100e-02 5.334253609180e-02 5.360424891114e-02 6.659179925919e-02 8.054023981094e-02 8.202397823334e-02 7.073748111725e-02 5.751356855035e-02 4.980054497719e-02 4.284781217575e-02 5.526126548648e-02 5.328656360507e-02 4.750370979309e-02 1.084071621299e-01 9.682688117027e-02 3.924435377121e-02 4.694133996964e-02 5.543549358845e-02 6.669493019581e-02 7.225796580315e-02 7.158093154430e-02 6.510768085718e-02 5.205825716257e-02 4.234061762691e-02 4.558583721519e-02 7.242554426193e-02 4.643688723445e-02 3.137289360166e-02 3.549226745963e-02
9.398953989148e-03 1.867323182523e-02 2.075769007206e-02 1.981222815812e-02 2.421733364463e-02 2.766184322536e-02 3.040466643870e-02 3.647153452039e-02 4.156943410635e-02 4.608213156462e-02 4.839918389916e-02 4.921159893274e-02 4.895717278123e-02 4.799616709352e-02 4.694618657231e-02 4.691936075687e-02 4.831748083234e-02 6.444639712572e-02 7.565675675869e-02 7.457917183638e-02 6.689251959324e-02 5.704196169972e-02 5.595003068447e-02 5.208297818899e-02 5.471539869905e-02 5.644816532731e-02 4.971068352461e-02 8.867131918669e-02 7.073859125376e-02 4.673139378428e-02 6.332859396935e-02 7.632558047771e-02 8.150271326303e-02 7.772224396467e-02 6.668671965599e-02 5.123767256737e-02 4.127766191959e-02 3.826157376170e-02 3.483428061008e-02 7.641347497702e-02 7.110816985369e-02 3.452594205737e-02 3.700334951282e-02
1.116746943444e-02 2.245556749403e-02 2.672016806901e-02 2.820961736143e-02 2.626801654696e-02 2.529291994870e-02 3.135158866644e-02 3.732410445809e-02 4.231074824929e-02 4.523214697838e-02 4.590207710862e-02 4.504045099020e-02 4.318918660283e-02 4.068437591195e-02 3.852400556207e-02 3.812814503908e-02 3.972928225994e-02 5.908830091357e-02 6.800785660744e-02 6.075148656964e-02 5.463546887040e-02 5.454290658236e-02 5.444163829088e-02 5.343815311790e-02 4.956814646721e-02 4.679358005524e-02 6.965515017509e-02 8.587880432606e-02 8.700857311487e-02 8.179419487715e-02 7.853879779577e-02 8.710388094187e-02 8.321216702461e-02 8.443404734135e-02 4.965122789145e-02 6.209502741694e-02 4.537653550506e-02 3.759449347854e-02 3.649835661054e-02 6.319566071033e-02 9.415592998266e-02 3.812569752336e-02 3.901288658381e-02
8.791695348918e-03 1.781054586172e-02 2.281749993563e-02 2.729176357388e-02 2.988135442138e-02 2.783118560910e-02 3.180625662208e-02 3.671452775598e-02 4.032417014241e-02 4.198851436377e-02 4.147654399276e-02 3.955245018005e-02 3.701468929648e-02 3.417072817683e-02 3.188524022698e-02 3.115463256836e-02 3.184947371483e-02 5.171300843358e-02 5.928056687117e-02 5.514818429947e-02 4.578521847725e-02 4.604534059763e-02 4.801545292139e-02 4.900603368878e-02 4.756796732545e-02 5.394279584289e-02 1.045495346189e-01 1.148791685700e-01 1.157194897532e-01 1.132944002748e-01 1.073416098952e-01 1.024175584316e-01 1.133942604065e-01 1.129420772195e-01 4.199174046516e-02 7.369518280029e-02 5.150434747338e-02 4.367835819721e-02 3.739795088768e-02 4.453567788005e-02 1.065964326262e-01 6.026872619987e-02 4.497998580337e-02
1.104590110481e-02 1.910224743187e-02 1.887918449938e-02 2.217142097652e-02 2.837461419404e-02 3.108611889184e-02 3.036169335246e-02 3.412709385157e-02 3.639428690076e-02 3.693956881762e-02 5.117980390787e-02 4.854238405824e-02 4.047677293420e-02 3.672220930457e-02 3.173649683595e-02 2.667781524360e-02 2.804634533823e-02 4.375460371375e-02 4.982617124915e-02 4.756559431553e-02 4.073797166348e-02 3.516401350498e-02 3.739481419325e-02 3.949093446136e-02 4.094041511416e-02 7.785335183144e-02 1.155806556344e-01 1.149608716369e-01 1.162362247705e-01 1.222753450274e-01 1.287126690149e-01 1.319114714861e-01 1.409006863832e-01 1.259016245604e-01 4.420319944620e-02 8.294300734997e-02 5.381924659014e-02 4.349979385734e-02 3.273836150765e-02 2.752037160099e-02 1.023330762982e-01 9.079442173243e-02 5.088821798563e-02
1.266787294298e-02 2.468531951308e-02 2.528160996735e-02 2.196090668440e-02 2.477571368217e-02 3.122853487730e-02 3.214982524514e-02 3.020936809480e-02 3.131794184446e-02 4.531627520919e-02 6.617686152458e-02 6.834457069635e-02 4.690827801824e-02 4.598442465067e-02 4.275918006897e-02 3.810561820865e-02 3.237336874008e-02 3.613021969795e-02 4.122537001967e-02 3.900441154838e-02 3.398483991623e-02 2.925977483392e-02 3.440941125154e-02 3.883150592446e-02 4.110578075051e-02 8.240231871605e-02 1.010033190250e-01 9.633910655975e-02 9.675069153309e-02 1.036583036184e-01 1.188261434436e-01 1.366597414017e-01 1.519668549299e-01 1.290912032127e-01 4.992469027638e-02 9.163815528154e-02 5.404534563422e-02 3.934489563107e-02 3.092399053276e-02 2.938171662390e-02 8.255477994680e-02 1.219107434154e-01 5.517713353038e-02
1.252442691475e-02 2.455483749509e-02 2.929070778191e-02 2.995510213077e-02 2.444309554994e-02 2.843974716961e-02 3.396595269442e-02 3.317726030946e-02 2.789691090584e-02 4.513778537512e-02 6.521727144718e-02 7.255681604147e-02 5.171876400709e-02 5.095164477825e-02 4.941284283996e-02 4.690800234675e-02 4.336600005627e-02 3.777492046356e-02 3.683736920357e-02 3.504983335733e-02 3.065622597933e-02 3.116226382554e-02 4.260773211718e-02 4.432642832398e-02 3.961211815476e-02 7.193537056446e-02 7.565169036388e-02 6.987293809652e-02 6.991661339998e-02 7.641512900591e-02 9.148033708334e-02 1.155636087060e-01 1.427011787891e-01 1.272825300694e-01 5.614009499550e-02 8.851952850819e-02 4.673938453197e-02 3.560720384121e-02 3.423774987459e-02 3.595472499728e-02 5.668580159545e-02 1.422016471624e-01 5.728458240628e-02
