100/SI/f167.grd
DSAA
101	101
32.816463539100	34.260883539100
35.556306596100	36.727886596100
1.353187137283e-03	3.905159378052e+01
[rows 76 to 94 of 101, columns 0 to 42 of 101]
5.868897773325e-03 9.646429680288e-03 1.312053389847e-02 1.553515903652e-02 1.669731177390e-02 1.681279391050e-02 1.625679619610e-02 1.715244911611e-02 1.818352006376e-02 1.878619566560e-02 1.901001296937e-02 1.897526718676e-02 1.874911971390e-02 1.222649868578e-02 1.727483794093e-02 1.671399362385e-02 1.683999598026e-02 1.667537912726e-02 1.634081453085e-02 8.848038502038e-03 1.025425270200e-02 1.069562230259e-02 1.941013149917e-02 2.116359025240e-02 2.242587693036e-02 2.218095213175e-02 2.148242294788e-02 1.981260254979e-02 2.203741483390e-02 2.332982979715e-02 2.247890457511e-02 2.356905676425e-02 2.690271846950e-02 2.961439453065e-02 3.031386807561e-02 2.915446832776e-02 1.013127714396e-02 9.154706262052e-03 4.670283570886e-02 5.305348709226e-02 6.510604918003e-02 6.371090561152e-02 1.012083813548e-01
6.934278644621e-03 1.121173892170e-02 1.488112378865e-02 1.716557703912e-02 1.808089390397e-02 1.799963042140e-02 1.730051636696e-02 1.626113243401e-02 1.698319427669e-02 1.755039952695e-02 1.771677844226e-02 1.759428158402e-02 1.726692356169e-02 1.667752116919e-02 1.613102480769e-02 1.670018024743e-02 1.681347377598e-02 1.653971895576e-02 1.090175285935e-02 7.531337440014e-03 1.398045849055e-02 1.597423106432e-02 1.956390030682e-02 2.267966046929e-02 2.421462722123e-02 2.389265038073e-02 2.226750925183e-02 2.305133081973e-02 2.560376375914e-02 2.591754868627e-02 2.417969889939e-02 2.507373131812e-02 2.823586016893e-02 3.040953911841e-02 3.055557422340e-02 2.941070124507e-02 3.477598354220e-02 3.601368889213e-02 4.540564119816e-02 6.371925771236e-02 7.993474602699e-02 8.883585780859e-02 2.889524102211e-01
7.382359355688e-03 1.177630014718e-02 1.533907838166e-02 1.735869236290e-02 1.800703071058e-02 1.771486550570e-02 1.682420074940e-02 1.557439845055e-02 1.415604911745e-02 1.420909725130e-02 1.432969514281e-02 1.419997215271e-02 1.431962847710e-02 1.524032745510e-02 1.610808633268e-02 1.667231880128e-02 1.675761863589e-02 1.634705998003e-02 1.478920970112e-02 6.951066665351e-03 1.336609106511e-02 1.582255959511e-02 1.866692304611e-02 2.214159443974e-02 2.457242086530e-02 2.510359138250e-02 2.569977939129e-02 2.787744998932e-02 2.850039303303e-02 2.785927616060e-02 2.602980472147e-02 2.847786433995e-02 3.164114430547e-02 3.333232924342e-02 3.297553956509e-02 3.189174830914e-02 3.428091853857e-02 4.264688491821e-02 4.650398343801e-02 7.821454107761e-02 9.120921790600e-02 8.442565053701e-02 1.580634862185e-01
6.665693596005e-03 1.053581200540e-02 1.358259841800e-02 1.521697454154e-02 1.563266478479e-02 1.520443614572e-02 1.421771943569e-02 1.289275847375e-02 5.778322461993e-03 4.838294815272e-03 1.187620777637e-02 1.365886256099e-02 1.460353098810e-02 1.551602594554e-02 1.634650118649e-02 1.686680689454e-02 8.896979503334e-03 1.626773178577e-02 1.520079839975e-02 1.432952191681e-02 1.994761638343e-02 2.628076262772e-02 3.205908462405e-02 2.733826637268e-02 2.324262447655e-02 2.656538598239e-02 3.167470917106e-02 3.190387785435e-02 3.080615960062e-02 3.012828715146e-02 3.092044033110e-02 3.329876065254e-02 3.571914508939e-02 3.655919805169e-02 3.570336848497e-02 3.470864519477e-02 3.485999256372e-02 4.424089193344e-02 5.899256840348e-02 8.037842065096e-02 9.007253497839e-02 1.007213965058e-01 1.814110577106e-01
5.178984254599e-03 8.144567720592e-03 1.048593781888e-02 1.175393443555e-02 1.206547860056e-02 1.167056895792e-02 1.145877409726e-02 1.164850872010e-02 7.956871762872e-03 2.875712700188e-03 1.124430540949e-02 1.458512526006e-02 1.558979880065e-02 1.651943102479e-02 1.729464717209e-02 1.769231446087e-02 1.748920418322e-02 1.657788455486e-02 1.515802089125e-02 1.884197816253e-02 2.798290550709e-02 3.908023983240e-02 4.922935739160e-02 3.926749527454e-02 4.083894193172e-02 4.977827891707e-02 4.699273407459e-02 5.352680757642e-02 5.195412412286e-02 4.495986178517e-02 3.910122811794e-02 3.721015527844e-02 3.725618124008e-02 3.690750524402e-02 3.572666272521e-02 3.455148264766e-02 3.466217592359e-02 5.195951461792e-02 7.332833111286e-02 8.593165874481e-02 8.203944563866e-02 1.099295020103e-01 9.209999442101e-02
7.014523725957e-03 1.023100875318e-02 1.256774831563e-02 1.383356843144e-02 8.952821604908e-03 1.285441033542e-02 1.456391625106e-02 1.467822398990e-02 1.376736070961e-02 3.748860210180e-03 4.385313019156e-03 1.622348837554e-02 1.735039986670e-02 1.832320913672e-02 1.900325529277e-02 1.916181482375e-02 1.860418356955e-02 1.727760210633e-02 1.880268752575e-02 2.202814072371e-02 3.345090523362e-02 4.756535962224e-02 5.990375578403e-02 4.269560053945e-02 2.119936607778e-02 1.529236882925e-01 1.464243233204e-01 8.963368088007e-02 8.850038796663e-02 7.013715803623e-02 5.045792087913e-02 3.949440643191e-02 3.540490195155e-02 3.380100801587e-02 3.233976289630e-02 3.343651816249e-02 4.450986161828e-02 6.320636719465e-02 7.704862207174e-02 7.351611554623e-02 7.910578697920e-02 1.075223088264e-01 1.483159065247e-01
9.789387695491e-03 1.418391894549e-02 1.727080531418e-02 1.876629702747e-02 6.483401637524e-03 3.663801588118e-03 1.788399554789e-02 1.818075217307e-02 6.545758806169e-03 1.661781407893e-02 1.622767932713e-02 1.764548569918e-02 1.887658424675e-02 1.984135806561e-02 2.071942761540e-02 2.180937491357e-02 2.203782834113e-02 2.158215455711e-02 2.241344004869e-02 2.654930949211e-02 3.957611322403e-02 5.276850983500e-02 5.783022940159e-02 8.205480873585e-02 1.499151438475e-01 3.664903342724e-01 3.994520604610e-01 2.020901441574e-01 1.270940452814e-01 9.916259348392e-02 6.463435292244e-02 4.297186434269e-02 3.408389165998e-02 3.627569600940e-02 4.374073445797e-02 4.589061066508e-02 5.262664705515e-02 6.250077486038e-02 9.100772440434e-02 1.356585770845e-01 8.953043818474e-02 9.714976698160e-02 1.866368055344e-01
1.217149011791e-02 1.739442162216e-02 2.083217725158e-02 2.218315191567e-02 4.942636936903e-03 2.064445614815e-02 2.045121416450e-02 2.054389938712e-02 8.364259265363e-03 1.037217862904e-02 2.062554098666e-02 2.281530573964e-02 2.524783648551e-02 2.711993642151e-02 2.836233004928e-02 2.873680554330e-02 2.824450097978e-02 2.649277262390e-02 2.591024525464e-02 3.262040391564e-02 4.687638953328e-02 5.614202469587e-02 4.920364171267e-02 1.411544233561e-01 3.378007709980e-01 5.744083523750e-01 1.032723665237e+00 2.407911270857e-01 1.415754109621e-01 1.163489669561e-01 7.805947214365e-02 5.099445581436e-02 3.890153765678e-02 5.193290859461e-02 6.257651001215e-02 6.220025941730e-02 5.327215045691e-02 5.475805699825e-02 7.675716280937e-02 1.664577126503e-01 1.659239828587e-01 1.476698666811e-01 2.709387242794e-01
7.198742125183e-03 5.369840189815e-03 1.460130326450e-02 6.125402171165e-03 2.108797244728e-02 2.257573790848e-02 2.498660422862e-02 2.659331262112e-02 1.685464568436e-02 1.226869411767e-02 2.659752592444e-02 3.059780970216e-02 3.406239300966e-02 3.710171580315e-02 3.999465331435e-02 4.272071644664e-02 4.452188313007e-02 4.364647343755e-02 4.687418043613e-02 4.101369529963e-02 5.584440752864e-02 5.870672315359e-02 4.710055142641e-02 1.662990748882e-01 3.547725081444e-01 4.446188211441e-01 3.956272900105e-01 1.450788676739e-01 1.219767183065e-01 1.120235696435e-01 8.609818667173e-02 6.473776698112e-02 8.338551223278e-02 4.641325026751e-02 7.931929081678e-02 7.534947246313e-02 7.141428440809e-02 7.030701637268e-02 7.877921313047e-02 1.092615723610e-01 1.438710093498e-01 1.870082020760e-01 3.805305957794e-01
1.067398115993e-02 1.565807312727e-02 1.906644925475e-02 2.141039445996e-02 2.946931496263e-02 3.096382319927e-02 3.182741999626e-02 3.188463672996e-02 3.075773268938e-02 2.856774255633e-02 2.678161859512e-02 3.120146878064e-02 3.534338623285e-02 3.932566940784e-02 4.367160424590e-02 4.890580475330e-02 8.619913458824e-02 5.600703880191e-02 8.478482812643e-02 4.370383545756e-02 5.480390042067e-02 5.448180809617e-02 6.550408899784e-02 1.268925368786e-01 2.407293617725e-01 2.644324600697e-01 1.774482429028e-01 8.221963047981e-02 8.469291776419e-02 9.071892499924e-02 8.452858030796e-02 3.273651301861e-01 2.127242833376e-01 2.031453102827e-01 1.209272518754e-01 1.618092507124e-01 1.456202864647e-01 9.159929305315e-02 1.073268204927e-01 1.331512928009e-01 1.606903821230e-01 1.894943118095e-01 8.697136640549e-01
2.545798383653e-02 3.931562975049e-02 4.778546094894e-02 5.009964480996e-02 4.872227460146e-02 4.562019929290e-02 4.197918251157e-02 3.826106339693e-02 3.423736616969e-02 2.986682392657e-02 2.589798346162e-02 2.746074832976e-02 3.190539032221e-02 3.610498830676e-02 4.029269516468e-02 4.525307938457e-02 5.032961443067e-02 6.595632433891e-02 8.533243834972e-02 8.561511337757e-02 8.559808880091e-02 8.188163489103e-02 7.600492984056e-02 9.091816842556e-02 8.908603340387e-02 8.702535182238e-02 5.647326260805e-02 4.077917337418e-02 5.033285543323e-02 6.339805573225e-02 7.127526402473e-02 4.266552627087e-01 2.848925590515e-01 1.129868626595e-01 1.887292116880e-01 3.111136555672e-01 3.368562459946e-01 1.716768741608e-01 2.083417326212e-01 1.870548427105e-01 1.836453080177e-01 1.736530810595e-01 7.266643047333e-01
4.409927129745e-02 6.719020754099e-02 7.928005605936e-02 7.909150421619e-02 7.185410708189e-02 6.195300444961e-02 5.208791792393e-02 4.357675835490e-02 3.812168911099e-02 3.911950439215e-02 3.923306614161e-02 3.920946270227e-02 3.905872628093e-02 4.496754705906e-02 4.917662590742e-02 5.300481989980e-02 5.623124167323e-02 5.771777406335e-02 6.126008927822e-02 6.992094963789e-02 7.238216698170e-02 5.568108707666e-02 6.476692110300e-02 7.102530449629e-02 6.268128007650e-02 4.179942607880e-02 2.970571443439e-02 2.402025088668e-02 2.805590815842e-02 3.977914527059e-02 5.079985782504e-02 1.025045216084e-01 2.131745815277e-01 2.666386663914e-01 2.823954224586e-01 5.012265592813e-02 2.918967306614e-01 2.883270382881e-01 4.902401268482e-01 4.133401513100e-01 1.151930391788e-01 2.256654202938e-01 7.177043557167e-01
5.129421874881e-02 7.738202065229e-02 8.970250934362e-02 8.705946803093e-02 7.621814310551e-02 6.274745613337e-02 5.137197673321e-02 5.457264930010e-02 5.758097022772e-02 5.896341428161e-02 5.632520467043e-02 4.932889342308e-02 4.690688848495e-02 5.368293821812e-02 5.811760202050e-02 5.927633121610e-02 5.516371130943e-02 4.501274973154e-02 4.665705934167e-02 4.516227543354e-02 3.616797924042e-02 3.595823049545e-02 3.986031562090e-02 3.987372666597e-02 3.299610689282e-02 2.259401045740e-02 1.750022731721e-02 1.510870084167e-02 1.804743520916e-02 2.434329129755e-02 4.079901054502e-02 9.635429084301e-02 1.237097233534e-01 1.712324321270e-01 1.534536033869e-01 5.568391084671e-01 4.903845191002e-01 2.523452639580e-01 5.335773825645e-01 8.202555775642e-01 2.148527801037e-01 5.748454332352e-01 3.545293509960e-01
3.801171109080e-02 5.679998546839e-02 6.503497809172e-02 6.206484884024e-02 5.318360403180e-02 4.718112573028e-02 5.141566693783e-02 5.452925339341e-02 5.733807012439e-02 5.846085771918e-02 5.557400733232e-02 4.828169569373e-02 3.907998278737e-02 3.135628625751e-02 2.786703221500e-02 2.829301171005e-02 2.712544053793e-02 3.840059414506e-02 4.459692537785e-02 4.197106137872e-02 3.337919712067e-02 2.397222258151e-02 2.298969589174e-02 2.367659471929e-02 2.062970772386e-02 1.614917814732e-02 1.630322821438e-02 1.705426536500e-02 2.293975092471e-02 3.410992398858e-02 4.484413564205e-02 8.037315309048e-02 8.454070240259e-02 7.377444952726e-02 6.733575463295e-02 7.830777019262e-02 4.746093153954e-01 2.735981345177e-01 3.885646164417e-01 8.042237162590e-01 2.596333503723e+00 3.003605306149e-01 1.246407777071e-01
1.787675358355e-02 1.177503354847e-02 2.998382039368e-02 2.932839095592e-02 3.056697919965e-02 9.198585525155e-03 3.150324895978e-02 3.563226386905e-02 3.670804947615e-02 3.686820343137e-02 3.488367050886e-02 3.049816749990e-02 2.507679536939e-02 2.009780332446e-02 6.949155591428e-03 2.122953347862e-02 3.686271235347e-02 4.712406173348e-02 4.451323300600e-02 3.339435905218e-02 2.134082652628e-02 2.219226025045e-02 3.724864125252e-02 3.956712409854e-02 2.749002352357e-02 1.823256909847e-02 1.958379708230e-02 2.167740836740e-02 2.799262851477e-02 3.984643146396e-02 5.338920652866e-02 7.123018056154e-02 6.989422440529e-02 6.443513184786e-02 5.862744525075e-02 6.433883309364e-02 1.072555109859e-01 2.427462637424e-01 2.901308238506e-01 2.657831013203e-01 6.176013872027e-02 9.543960541487e-02 1.028465181589e-01
1.127783767879e-02 8.495103567839e-03 2.073348499835e-02 2.345309220254e-02 1.671463251114e-02 8.861771784723e-03 2.225630916655e-02 2.345709875226e-02 2.242942154408e-02 2.128412015736e-02 2.004447020590e-02 1.877043955028e-02 1.755514368415e-02 1.759030483663e-02 1.737583987415e-02 2.006034925580e-02 3.418417274952e-02 4.058443754911e-02 3.490732237697e-02 2.419962920249e-02 2.697019651532e-02 5.017715692520e-02 7.493479549885e-02 6.298260390759e-02 3.262537717819e-02 2.203462645411e-02 2.458778209984e-02 3.014537505805e-02 4.114868119359e-02 5.123285949230e-02 7.550835609436e-02 7.807760685682e-02 5.947510153055e-02 5.706558376551e-02 4.985867813230e-02 4.595900326967e-02 8.136302232742e-02 1.847350895405e-01 3.566588461399e-01 6.141020059586e-01 1.265688538551e-01 1.002788916230e-01 8.068532496691e-02
1.078184600919e-02 1.552337873727e-02 1.943836919963e-02 1.682571507990e-02 1.825056038797e-02 1.974577084184e-02 2.346070110798e-02 2.535531483591e-02 2.719318680465e-02 2.775999531150e-02 3.080303221941e-02 3.253191336989e-02 3.407013416290e-02 3.517885506153e-02 3.564553707838e-02 3.539970517159e-02 3.450514748693e-02 3.435916081071e-02 3.652735054493e-02 4.026830196381e-02 7.074084877968e-02 9.973534196615e-02 1.034514233470e-01 6.803146004677e-02 2.748469449580e-02 2.646546624601e-02 5.468905344605e-02 5.027646198869e-02 3.709281235933e-02 6.742172688246e-02 9.071344137192e-02 7.832293212414e-02 5.524143204093e-02 4.842525720596e-02 4.186281189322e-02 4.237167164683e-02 5.547460168600e-02 1.857906877995e-01 2.944837510586e-01 4.632732868195e-01 2.733305692673e-01 8.244697749615e-02 7.230184227228e-02
7.633000612259e-03 1.096416078508e-02 1.372895948589e-02 1.557297259569e-02 1.659429445863e-02 1.707726344466e-02 1.848716475070e-02 2.025635540485e-02 2.155710756779e-02 2.260302007198e-02 2.623342536390e-02 2.833069115877e-02 3.033329732716e-02 3.198673948646e-02 3.299986198545e-02 3.318104147911e-02 3.252638131380e-02 3.239121660590e-02 3.434231877327e-02 5.586335435510e-02 9.328149259090e-02 1.242190673947e-01 1.205773726106e-01 7.351256161928e-02 2.786070294678e-02 4.492968320847e-02 6.324751675129e-02 3.505701944232e-02 3.754464909434e-02 7.083564251661e-02 9.471507370472e-02 8.002653717995e-02 8.113954216242e-02 5.582965910435e-02 3.987738117576e-02 4.285681620240e-02 8.663447201252e-02 3.292806446552e-01 2.159584909678e-01 1.775701344013e-01 1.181390434504e-01 7.528550177813e-02 3.174329176545e-02
5.071594845504e-03 7.279410492629e-03 9.144496172667e-03 1.043586246669e-02 1.173676736653e-02 1.328122708946e-02 1.487715076655e-02 1.666513830423e-02 1.837511919439e-02 2.080966904759e-02 2.306508459151e-02 2.539659850299e-02 2.766380459070e-02 2.959457226098e-02 3.084772452712e-02 3.117254748940e-02 3.055827505887e-02 3.032661974430e-02 3.529525548220e-02 6.746950745583e-02 1.069318726659e-01 1.355369985104e-01 1.254894882441e-01 7.229550927877e-02 2.673202008009e-02 5.001504346728e-02 5.233002826571e-02 3.392612934113e-02 3.173757717013e-02 6.348110735416e-02 8.797103166580e-02 9.951547533274e-02 1.033426001668e-01 6.987396627665e-02 5.197683721781e-02 4.394262284040e-02 6.476892530918e-02 2.219244688749e-01 6.334940344095e-02 9.378977119923e-02 1.072586774826e-01 5.761848762631e-02 3.747898340225e-02
