100/SI/f168_max.grd
DSAA
101	101
32.816463539100	34.260883539100
35.556306596100	36.727886596100
6.983608473092e-03	1.270070434570e+03
[rows 57 to 75 of 101, columns 0 to 42 of 101]
3.933645486832e-01 6.455277204514e-01 7.071127891541e-01 7.084394097328e-01 7.176890969276e-01 8.759294152260e-01 9.838050603867e-01 1.081366419792e+00 1.172858953476e+00 1.201408743858e+00 1.201837658882e+00 1.694527864456e+00 2.893012523651e+00 1.581135749817e+00 1.122805476189e+00 1.680624604225e+00 1.507232666016e+00 1.755138635635e+00 2.126291751862e+00 2.154004573822e+00 2.182894229889e+00 1.720802068710e+00 1.184707880020e+00 1.043976902962e+00 1.135578393936e+00 1.570657014847e+00 2.491276264191e+00 3.072926282883e+00 2.312908411026e+00 1.391450524330e+00 1.108336329460e+00 8.794065117836e-01 9.193534255028e-01 1.131094455719e+00 1.326010227203e+00 1.675643324852e+00 1.940797448158e+00 2.072679996490e+00 3.380771875381e+00 4.568924427032e+00 3.978188037872e+00 3.570813655853e+00 4.022953510284e+00
5.004069209099e-01 8.183011412621e-01 9.331923127174e-01 9.475079178810e-01 9.389584064484e-01 9.153070449829e-01 9.047968983650e-01 9.495359659195e-01 9.910074472427e-01 1.621850371361e+00 5.236363887787e+00 6.055700302124e+00 2.262903451920e+00 1.160200834274e+00 1.164874792099e+00 1.068538308144e+00 1.174894213676e+00 1.167274117470e+00 1.378249883652e+00 1.744992971420e+00 2.126421451569e+00 2.279411077499e+00 1.600999116898e+00 9.974758028984e-01 1.151512980461e+00 1.749902129173e+00 2.625624895096e+00 2.802695035934e+00 2.851092576981e+00 1.825286388397e+00 1.100245237350e+00 1.008321404457e+00 9.613663554192e-01 1.170674681664e+00 1.382696390152e+00 1.431507825851e+00 1.466930508614e+00 1.502018690109e+00 1.508226633072e+00 1.628139019012e+00 2.025202035904e+00 2.800652980804e+00 3.245003938675e+00
6.663938164711e-01 1.094195127487e+00 1.310470461845e+00 1.856620550156e+00 2.324559211731e+00 2.901356935501e+00 3.781265258789e+00 5.506837368011e+00 1.017149543762e+01 1.443907070160e+01 9.624889373779e+00 2.449480295181e+00 1.682682275772e+00 1.475372433662e+00 1.076803565025e+00 1.102927923203e+00 1.163277745247e+00 1.141140222549e+00 1.124928832054e+00 1.216339468956e+00 2.052984952927e+00 2.331651926041e+00 1.660780906677e+00 9.625125527382e-01 7.468957901001e-01 1.146504044533e+00 1.617759943008e+00 1.705594658852e+00 1.732886791229e+00 1.423822164536e+00 1.014104008675e+00 1.051387429237e+00 1.002136588097e+00 1.127481818199e+00 1.359217047691e+00 1.407709121704e+00 1.338599920273e+00 1.225591301918e+00 1.107705116272e+00 1.241372823715e+00 1.606568574905e+00 2.037332534790e+00 2.744847297668e+00
6.513804793358e-01 1.340226888657e+00 2.212040901184e+00 3.020900964737e+00 3.718273401260e+00 4.840035915375e+00 6.965691566467e+00 1.037900257111e+01 1.045843410492e+01 4.854489803314e+00 1.208931446075e+00 1.406837224960e+00 1.525547385216e+00 1.354211568832e+00 1.185161232948e+00 1.242818355560e+00 1.242316961288e+00 1.189752936363e+00 9.588055610657e-01 9.510462284088e-01 1.477358937263e+00 1.651189327240e+00 1.230926871300e+00 7.758447527885e-01 5.998846292496e-01 6.485450863838e-01 8.669677972794e-01 1.070629239082e+00 1.215471029282e+00 1.087109804153e+00 9.954950809479e-01 9.188205003738e-01 9.830610752106e-01 1.090018749237e+00 1.305567264557e+00 1.337165355682e+00 1.208810091019e+00 1.033613324165e+00 9.628397226334e-01 1.065871000290e+00 1.543371200562e+00 1.892095208168e+00 2.512423038483e+00
3.970823287964e-01 6.913402676582e-01 8.432394266129e-01 8.864713311195e-01 8.885000348091e-01 8.860655426979e-01 8.799110054970e-01 8.626537322998e-01 8.484011888504e-01 8.323308825493e-01 7.828162908554e-01 8.240792155266e-01 8.692112565041e-01 1.111206531525e+00 1.247879862785e+00 1.301869273186e+00 1.250626325607e+00 1.108741641045e+00 8.207039237022e-01 6.741824746132e-01 8.253686428070e-01 8.578471541405e-01 6.797721385956e-01 5.069308280945e-01 4.483153223991e-01 4.783779978752e-01 6.129955053329e-01 7.377910614014e-01 9.011881947517e-01 9.713825583458e-01 9.203999042511e-01 8.230421543121e-01 9.408715367317e-01 1.138129949570e+00 1.355718493462e+00 1.311505198479e+00 1.089231133461e+00 8.735519051552e-01 9.729937314987e-01 1.084739208221e+00 1.539532899857e+00 1.912583947182e+00 2.358560323715e+00
1.885112226009e-01 3.508124649525e-01 4.536542594433e-01 5.000538229942e-01 5.184508562088e-01 5.342676043510e-01 5.494060516357e-01 5.608469843864e-01 5.788915157318e-01 5.970355272293e-01 5.857300758362e-01 5.508890151978e-01 5.389802455902e-01 7.140396237373e-01 8.382434248924e-01 8.812017440796e-01 8.003841042519e-01 7.117354869843e-01 6.019926667213e-01 5.265865325928e-01 4.395121335983e-01 4.107436835766e-01 3.404976427555e-01 3.806083202362e-01 4.485988616943e-01 4.713531434536e-01 5.072147846222e-01 6.140131950378e-01 7.614648342133e-01 8.342225551605e-01 8.230151534081e-01 7.776545882225e-01 9.344983696938e-01 1.252134442329e+00 1.453686356544e+00 1.313764572144e+00 9.864612221718e-01 8.615701198578e-01 9.942758679390e-01 1.125857234001e+00 1.486655831337e+00 1.759231328964e+00 2.022062540054e+00
1.274081766605e-01 2.145416736603e-01 2.679327726364e-01 3.083677589893e-01 3.316550552845e-01 3.524336814880e-01 3.723241090775e-01 3.891208171844e-01 4.095868170261e-01 4.304273724556e-01 4.332566857338e-01 4.192833006382e-01 4.033334255219e-01 3.888529241085e-01 3.895575404167e-01 4.417878687382e-01 4.658878743649e-01 4.596138596535e-01 4.218486249447e-01 3.991771936417e-01 3.583313524723e-01 3.360052704811e-01 2.936479449272e-01 3.861408233643e-01 4.756372272968e-01 5.205100178719e-01 5.169798135757e-01 5.139423608780e-01 6.278364658356e-01 6.993480920792e-01 7.171586751938e-01 7.132147550583e-01 9.440058469772e-01 1.317017436028e+00 1.453858852386e+00 1.217582225800e+00 8.631148934364e-01 8.631830215454e-01 1.035795569420e+00 1.158246517181e+00 1.342100739479e+00 1.541980266571e+00 1.577338099480e+00
1.042967066169e-01 1.753711253405e-01 2.208566665649e-01 2.468711882830e-01 2.587827444077e-01 2.719689011574e-01 2.818873524666e-01 2.852950990200e-01 2.994656264782e-01 3.114705979824e-01 3.140160739422e-01 3.087512850761e-01 3.035442531109e-01 2.964801788330e-01 3.056935369968e-01 3.511467576027e-01 3.732770681381e-01 3.684917390347e-01 3.409439027309e-01 3.173721730709e-01 3.468428552151e-01 3.363838493824e-01 2.894313633442e-01 3.842346072197e-01 4.844165146351e-01 5.452945232391e-01 5.518589019775e-01 5.338577628136e-01 5.516859889030e-01 6.055501103401e-01 6.312518715858e-01 6.559787988663e-01 9.345742464066e-01 1.282560110092e+00 1.323230504990e+00 1.046357035637e+00 8.122130036354e-01 8.891452550888e-01 1.080322504044e+00 1.136674284935e+00 1.185954213142e+00 1.279621005058e+00 1.172174096107e+00
1.027604416013e-01 1.645178198814e-01 2.083132714033e-01 2.280545681715e-01 2.363051027060e-01 2.437484860420e-01 2.465953975916e-01 2.416703253984e-01 2.360506057739e-01 2.392907589674e-01 2.396678030491e-01 2.489858269691e-01 2.563975155354e-01 2.624533772469e-01 2.696747183800e-01 2.842561006546e-01 3.040309846401e-01 3.043682873249e-01 3.073205053806e-01 3.033563494682e-01 3.177546560764e-01 3.314389884472e-01 2.939163744450e-01 3.630775511265e-01 4.583838582039e-01 5.214798450470e-01 5.319129824638e-01 5.230985283852e-01 5.533732175827e-01 5.702827572823e-01 5.815116167068e-01 6.099271178246e-01 8.730207681656e-01 1.147792458534e+00 1.118486166000e+00 8.976489901543e-01 7.890751957893e-01 9.492929577827e-01 1.089567661285e+00 1.059472441673e+00 1.028879761696e+00 1.033745884895e+00 9.489980340004e-01
9.590086340904e-02 1.521646827459e-01 1.905854940414e-01 2.072215527296e-01 2.141990065575e-01 2.196658849716e-01 2.204774618149e-01 2.158702164888e-01 2.099203914404e-01 2.236575186253e-01 2.372827827930e-01 2.496608942747e-01 2.606485486031e-01 2.699113190174e-01 2.783686518669e-01 2.865900695324e-01 2.926495373249e-01 2.936202883720e-01 2.877944707870e-01 2.882177829742e-01 2.882983982563e-01 3.188134431839e-01 3.010790348053e-01 3.287222385406e-01 4.092242121696e-01 4.648921489716e-01 5.381035804749e-01 5.889717340469e-01 5.925882458687e-01 5.742996931076e-01 5.621290802956e-01 5.674306750298e-01 7.650629281998e-01 9.545078277588e-01 9.172312021255e-01 7.982501983643e-01 8.482372164726e-01 9.617064595222e-01 1.026713967323e+00 9.286244511604e-01 8.591785430908e-01 8.139948248863e-01 8.103409409523e-01
8.814508467913e-02 1.396171599627e-01 1.745783686638e-01 1.904433816671e-01 1.970776617527e-01 2.001497745514e-01 1.988892257214e-01 1.950062811375e-01 1.947459429502e-01 2.114475965500e-01 2.266129255295e-01 2.409192025661e-01 2.540973126888e-01 2.651674747467e-01 2.738130688667e-01 2.795087993145e-01 2.823293209076e-01 3.107120692730e-01 3.166563212872e-01 2.932657599449e-01 2.695825397968e-01 2.917938828468e-01 2.973365187645e-01 2.949143648148e-01 3.593171238899e-01 4.053060412407e-01 4.900235235691e-01 5.704923868179e-01 5.903570652008e-01 5.718612670898e-01 5.494730472565e-01 5.495603084564e-01 6.096090674400e-01 7.395777702332e-01 7.280292510986e-01 6.752114892006e-01 7.309499979019e-01 8.120718598366e-01 8.389633297920e-01 7.286396622658e-01 6.717752814293e-01 6.234336495399e-01 6.125215888023e-01
8.160357177258e-02 1.294564008713e-01 1.625414788723e-01 1.783575266600e-01 1.840914785862e-01 1.845509409904e-01 1.817794144154e-01 1.789754629135e-01 1.837762296200e-01 1.902335584164e-01 2.058113962412e-01 2.206143438816e-01 2.343525141478e-01 2.459490895271e-01 2.550007104874e-01 2.739194333553e-01 2.981907129288e-01 3.353658020496e-01 3.514631390572e-01 3.414800763130e-01 3.121452033520e-01 2.771881520748e-01 2.822895646095e-01 2.855907976627e-01 3.194164335728e-01 3.561870753765e-01 3.665755093098e-01 4.431354999542e-01 5.021267533302e-01 5.206806063652e-01 5.153117179871e-01 5.288093686104e-01 5.440971255302e-01 5.600411295891e-01 5.396247506142e-01 5.232586264610e-01 5.679286122322e-01 6.483948230743e-01 6.954488754272e-01 5.772005319595e-01 5.075513720512e-01 4.528892636299e-01 5.075999498367e-01
7.681305706501e-02 1.222281083465e-01 1.541005373001e-01 1.690797805786e-01 1.729795932770e-01 1.716416925192e-01 1.688291281462e-01 1.696424186230e-01 1.702473312616e-01 1.763076484203e-01 1.787416785955e-01 1.930796056986e-01 2.062881886959e-01 2.176272422075e-01 2.345282733440e-01 2.581764757633e-01 3.019904792309e-01 3.444378376007e-01 3.729867339134e-01 3.813278079033e-01 3.704856038094e-01 3.478747010231e-01 3.206019401550e-01 2.954424619675e-01 2.886157631874e-01 3.188243806362e-01 3.242393136024e-01 3.157843053341e-01 3.871834576130e-01 4.445789754391e-01 4.823968410492e-01 5.098651647568e-01 5.258304476738e-01 5.078408718109e-01 4.588184654713e-01 4.472740292549e-01 5.001302957535e-01 6.129955053329e-01 7.163395285606e-01 6.499688625336e-01 4.819781482220e-01 4.277103841305e-01 4.857567548752e-01
7.494899630547e-02 1.190695911646e-01 1.495479941368e-01 1.626886874437e-01 1.646339595318e-01 1.623464524746e-01 1.633774340153e-01 1.653320491314e-01 1.634834408760e-01 1.656899154186e-01 1.642502993345e-01 1.808685809374e-01 1.988708674908e-01 2.174921184778e-01 2.338789254427e-01 2.626165449619e-01 3.056288957596e-01 3.489327132702e-01 3.876919746399e-01 4.115563631058e-01 4.153346121311e-01 4.045517146587e-01 3.863901197910e-01 3.678236901760e-01 3.568425774574e-01 3.500077128410e-01 3.373792469501e-01 3.239389955997e-01 3.826061487198e-01 4.294049143791e-01 4.641847908497e-01 4.953938424587e-01 5.112423300743e-01 4.768923223019e-01 4.570086598396e-01 4.511458575726e-01 5.034390091896e-01 5.907043218613e-01 6.878331899643e-01 6.299265027046e-01 4.897419810295e-01 4.248079359531e-01 4.826970100403e-01
7.600987702608e-02 1.200881451368e-01 1.494227647781e-01 1.608156412840e-01 1.613412201405e-01 1.581554561853e-01 1.606940329075e-01 1.594546139240e-01 1.590084582567e-01 1.593671888113e-01 1.694112271070e-01 1.863612383604e-01 2.029213756323e-01 2.186210155487e-01 2.312075793743e-01 2.689498662949e-01 3.173723220825e-01 3.629194796085e-01 4.067911207676e-01 4.385873973370e-01 4.488299190998e-01 4.418652355671e-01 4.250362515450e-01 4.041208624840e-01 3.869431018829e-01 3.702552914619e-01 3.427310287952e-01 3.257716894150e-01 3.741349279881e-01 4.147638082504e-01 4.493877291679e-01 4.823354482651e-01 4.927559196949e-01 4.525854885578e-01 4.626057147980e-01 4.852149486542e-01 5.142717361450e-01 5.713294148445e-01 6.199747920036e-01 5.495375990868e-01 4.636851251125e-01 3.945052623749e-01 4.467420279980e-01
7.777626067400e-02 1.224769130349e-01 1.512358635664e-01 1.615972667933e-01 1.613119542599e-01 1.572507768869e-01 1.623614430428e-01 1.668482869864e-01 1.693825423717e-01 1.697479188442e-01 1.682721525431e-01 1.790691018105e-01 2.014970034361e-01 2.252211123705e-01 2.325975000858e-01 2.623641788960e-01 3.231770396233e-01 3.753995001316e-01 4.167829453945e-01 4.430313408375e-01 4.489936232567e-01 4.369363784790e-01 4.141657650471e-01 3.873358368874e-01 3.621700108051e-01 3.370700180531e-01 3.019302189350e-01 3.248844444752e-01 3.663242161274e-01 4.027740359306e-01 4.357316493988e-01 4.629850387573e-01 4.628071486950e-01 4.305371642113e-01 4.644097685814e-01 5.650553107262e-01 5.321961641312e-01 5.767424106598e-01 5.531042218208e-01 4.751136302948e-01 4.183636307716e-01 3.604831099510e-01 4.042827188969e-01
7.655531167984e-02 1.201629713178e-01 1.475063115358e-01 1.570506393909e-01 1.567229777575e-01 1.572251766920e-01 1.604190766811e-01 1.623861491680e-01 1.628561168909e-01 1.618561595678e-01 1.663626581430e-01 1.869318783283e-01 2.175573557615e-01 2.435023933649e-01 2.509900629520e-01 2.450957298279e-01 3.079207837582e-01 3.610588312149e-01 3.910641074181e-01 4.019810855389e-01 3.967870771885e-01 3.754617273808e-01 3.467212021351e-01 3.216254711151e-01 3.012490868568e-01 2.829374969006e-01 2.865988612175e-01 3.216998577118e-01 3.581750094891e-01 3.907848298550e-01 4.190817773342e-01 4.347024559975e-01 4.225847423077e-01 4.124377965927e-01 4.764032959938e-01 5.174548029900e-01 5.245158076286e-01 5.788788795471e-01 5.589718222618e-01 4.573087692261e-01 3.963165879250e-01 3.646358847618e-01 3.912879824638e-01
7.010684907436e-02 1.093268990517e-01 1.334010660648e-01 1.419544219971e-01 1.559415459633e-01 1.623115241528e-01 1.591424793005e-01 1.504215002060e-01 1.412766128778e-01 1.546185761690e-01 1.691780686378e-01 1.957758963108e-01 2.314421832561e-01 2.583343684673e-01 2.656132578850e-01 2.607170939445e-01 2.813670039177e-01 3.264944851398e-01 3.433995842934e-01 3.400091826916e-01 3.235670626163e-01 2.937912046909e-01 2.841111719608e-01 3.372149765491e-01 3.430084586143e-01 3.299354016781e-01 3.241947293282e-01 3.261905014515e-01 3.475565612316e-01 3.757992982864e-01 3.954545259476e-01 3.961235284805e-01 3.723113834858e-01 3.804934024811e-01 4.344660639763e-01 6.022173762321e-01 5.314528346062e-01 7.437463402748e-01 6.613209843636e-01 5.597687363625e-01 4.751981496811e-01 3.920785784721e-01 4.389219582081e-01
7.467410713434e-02 1.099923998117e-01 1.348486542702e-01 1.566005796194e-01 1.721135228872e-01 1.755288839340e-01 1.702452003956e-01 1.606250703335e-01 1.495148837566e-01 1.557164341211e-01 1.729443073273e-01 2.050690948963e-01 2.444298416376e-01 2.717558443546e-01 2.789026200771e-01 2.740767598152e-01 2.580246329308e-01 2.971168160439e-01 3.085826933384e-01 3.221865892410e-01 4.354207217693e-01 3.982233703136e-01 3.083122968674e-01 3.514822423458e-01 3.422275781631e-01 3.163389563560e-01 3.013616502285e-01 3.060660958290e-01 3.350287675858e-01 3.567265272141e-01 3.642648160458e-01 3.502486348152e-01 3.189520835876e-01 3.414099514484e-01 3.773369491100e-01 5.328226089478e-01 6.831239461899e-01 1.075295329094e+00 9.960761070251e-01 6.608827710152e-01 5.149876475334e-01 4.622666239738e-01 5.590351223946e-01
