100/SI/f168_max.grd
DSAA
101	101
32.816463539100	34.260883539100
35.556306596100	36.727886596100
6.983608473092e-03	1.270070434570e+03
[rows 76 to 94 of 101, columns 0 to 42 of 101]
7.797673344612e-02 1.127417832613e-01 1.492561548948e-01 1.764152497053e-01 1.892707347870e-01 1.902531534433e-01 1.836981624365e-01 1.734516024590e-01 1.618417501450e-01 1.669156551361e-01 1.890818625689e-01 2.268997728825e-01 2.687402069569e-01 2.954522967339e-01 3.005744516850e-01 2.913949191570e-01 2.650106847286e-01 2.816077172756e-01 2.901492118835e-01 3.065887093544e-01 4.210541844368e-01 4.106746613979e-01 2.771986722946e-01 3.015407919884e-01 2.802017927170e-01 2.565245926380e-01 2.681882083416e-01 2.980140149593e-01 3.322375714779e-01 3.516703248024e-01 3.390775024891e-01 3.197068274021e-01 3.111301958561e-01 3.095000684261e-01 3.417456448078e-01 4.017300605774e-01 7.503342628479e-01 9.202444553375e-01 8.673973679543e-01 6.343412995338e-01 6.368652582169e-01 1.045324087143e+00 1.839627861977e+00
7.884170114994e-02 1.273014396429e-01 1.687304824591e-01 1.943548768759e-01 2.044249325991e-01 2.032405883074e-01 1.951442211866e-01 1.832777708769e-01 1.811093389988e-01 2.014594972134e-01 2.321770340204e-01 2.747400403023e-01 3.140678107738e-01 3.331412374973e-01 3.278197050095e-01 3.038874268532e-01 2.587804198265e-01 2.656831443310e-01 2.671041488647e-01 2.381549924612e-01 2.403078675270e-01 2.508277595043e-01 2.297274768353e-01 2.714147865772e-01 2.877968251705e-01 2.645103633404e-01 2.876213490963e-01 3.468214273453e-01 3.854160308838e-01 3.903377950191e-01 3.645519614220e-01 3.349097669125e-01 3.342648744583e-01 3.179467320442e-01 3.798271119595e-01 4.136004447937e-01 6.719946265221e-01 7.549532055855e-01 8.598551154137e-01 9.825322031975e-01 2.040161609650e+00 2.701736688614e+00 2.590771436691e+00
8.369774371386e-02 1.333548426628e-01 1.735031157732e-01 1.961272507906e-01 2.032333612442e-01 1.997523456812e-01 1.895777285099e-01 1.961401849985e-01 2.213660627604e-01 2.480315566063e-01 2.824225723743e-01 3.186937570572e-01 3.422213792801e-01 3.416860401630e-01 3.172560632229e-01 2.755732238293e-01 2.190974205732e-01 2.294733822346e-01 2.225394099951e-01 1.954527199268e-01 1.832531690598e-01 2.053230553865e-01 2.438070327044e-01 3.251220881939e-01 3.427346348763e-01 3.130624294281e-01 3.847745954990e-01 4.179301261902e-01 4.279009699821e-01 4.188433289528e-01 3.919292390347e-01 3.635915219784e-01 3.465321660042e-01 3.813061416149e-01 4.922623336315e-01 6.414220929146e-01 8.437680602074e-01 1.036529898643e+00 9.345957636833e-01 2.362027645111e+00 2.766053199768e+00 2.607858181000e+00 2.583964824677e+00
7.545833289623e-02 1.191504895687e-01 1.534730941057e-01 1.718015670776e-01 1.763665974140e-01 1.714377552271e-01 1.858536452055e-01 2.117321640253e-01 2.325940132141e-01 2.533894777298e-01 2.752563655376e-01 2.915932536125e-01 2.936970889568e-01 2.767158150673e-01 2.445701509714e-01 2.047596126795e-01 1.895916908979e-01 1.826412528753e-01 1.705009490252e-01 1.661750525236e-01 1.690229177475e-01 1.876929551363e-01 2.924726307392e-01 3.982251882553e-01 4.312699437141e-01 4.496488869190e-01 4.725694358349e-01 4.767466485500e-01 4.494977891445e-01 4.229272902012e-01 4.003702402115e-01 3.802411258221e-01 4.522317349911e-01 4.823773503304e-01 6.155835986137e-01 7.095032334328e-01 6.916714310646e-01 1.117288589478e+00 1.383252024651e+00 2.192995309830e+00 2.437232971191e+00 2.381164312363e+00 2.408454418182e+00
6.175810471177e-02 9.870054572821e-02 1.200588941574e-01 1.327685117722e-01 1.362322121859e-01 1.493895053864e-01 1.716579347849e-01 1.855050474405e-01 1.921017318964e-01 1.980838775635e-01 2.049996554852e-01 2.092099338770e-01 2.054067701101e-01 1.903133839369e-01 1.945270895958e-01 1.988565772772e-01 1.964537799358e-01 1.860993951559e-01 1.700572222471e-01 1.631265431643e-01 1.580339670181e-01 1.923161298037e-01 3.291311264038e-01 4.530268311501e-01 5.144566297531e-01 5.407819151878e-01 5.459518432617e-01 5.671820044518e-01 5.529269576073e-01 4.777328670025e-01 4.129362404346e-01 4.040556550026e-01 4.923407137394e-01 5.106277465820e-01 5.167089104652e-01 5.914133787155e-01 7.856441140175e-01 1.073984503746e+00 1.424439191818e+00 1.518404006958e+00 2.373607635498e+00 2.969018459320e+00 2.346543312073e+00
8.372396975756e-02 1.219917610288e-01 1.497116088867e-01 1.646260321140e-01 1.713314205408e-01 1.743630766869e-01 1.753937751055e-01 1.742918491364e-01 1.709991097450e-01 1.664049178362e-01 1.679676324129e-01 1.824373006821e-01 1.949795931578e-01 2.057743072510e-01 2.132908403873e-01 2.149958759546e-01 2.086989432573e-01 1.937905550003e-01 1.834134459496e-01 1.787040084600e-01 1.716541945934e-01 2.111013382673e-01 3.388122320175e-01 4.672297239304e-01 1.158351421356e+00 3.392581224442e+00 3.603607892990e+00 1.629955768585e+00 9.546646475792e-01 7.552381157875e-01 5.394710898399e-01 4.212186932564e-01 4.943698942661e-01 6.500254869461e-01 5.110740065575e-01 6.400465965271e-01 7.104422450066e-01 1.105697035789e+00 1.932863354683e+00 1.990117549896e+00 2.205254793167e+00 2.993335247040e+00 4.175379276276e+00
1.180720627308e-01 1.708808243275e-01 2.078002095222e-01 2.254520207644e-01 2.302667051554e-01 2.288801670074e-01 2.242495268583e-01 2.172335088253e-01 2.083057910204e-01 1.982053667307e-01 2.283189892769e-01 2.622523903847e-01 2.916761934757e-01 3.118148148060e-01 3.186145722866e-01 3.101547658443e-01 2.865175902843e-01 2.494703680277e-01 2.414529919624e-01 2.289724349976e-01 2.134864032269e-01 2.517197132111e-01 3.383837938309e-01 7.647041678429e-01 3.190955400467e+00 9.109676361084e+00 9.940161705017e+00 5.306719303131e+00 2.185174942017e+00 1.076928853989e+00 6.989561319351e-01 5.518248081207e-01 4.735056459904e-01 6.905373930931e-01 7.246885299683e-01 7.529487013817e-01 6.763896346092e-01 1.041431665421e+00 2.267690658569e+00 3.415595769882e+00 2.275504589081e+00 2.324648857117e+00 5.235122203827e+00
1.478714197874e-01 2.110280543566e-01 2.522981166840e-01 2.681048214436e-01 2.671968042850e-01 2.582767903805e-01 2.456285804510e-01 2.386973351240e-01 2.720856666565e-01 3.319832086563e-01 3.937686085701e-01 4.520823955536e-01 5.017098188400e-01 5.408753156662e-01 5.679551959038e-01 5.778957605362e-01 5.633577704430e-01 5.159547924995e-01 4.273023605347e-01 3.286204636097e-01 3.024174273014e-01 3.120819926262e-01 6.726399660110e-01 1.216877698898e+00 3.787243366241e+00 3.004681587219e+01 5.884930801392e+01 1.302926731110e+01 5.863495349884e+00 2.023577928543e+00 8.515170812607e-01 6.802595853806e-01 6.239038705826e-01 8.663129806519e-01 1.041746854782e+00 1.018455505371e+00 8.451569080353e-01 1.276395320892e+00 1.905645728111e+00 4.163117885590e+00 4.205481052399e+00 2.260455608368e+00 5.362777709961e+00
1.568545252085e-01 2.192973345518e-01 2.560912668705e-01 2.646911144257e-01 2.554970085621e-01 2.644620835781e-01 2.925366461277e-01 3.110742270947e-01 3.640142679214e-01 4.483295083046e-01 5.362938046455e-01 6.198191642761e-01 6.931847929955e-01 7.586843967438e-01 8.215039968491e-01 8.810978531837e-01 9.217069149017e-01 9.085357785225e-01 7.924908995628e-01 5.742573142052e-01 4.393436014652e-01 6.258962750435e-01 1.105486154556e+00 1.570803403854e+00 7.102511882782e+00 1.688028335571e+01 2.358623313904e+01 7.162466049194e+00 3.119960784912e+00 1.692006707191e+00 1.332316517830e+00 1.563729166985e+00 2.008114337921e+00 1.856027841568e+00 1.307209491730e+00 1.317418575287e+00 1.112531065941e+00 1.302214741707e+00 1.416734337807e+00 2.722009658813e+00 3.623995304108e+00 2.544515132904e+00 8.963950157166e+00
2.106450200081e-01 3.336932957172e-01 4.209369421005e-01 4.707686305046e-01 4.988267421722e-01 5.101197361946e-01 5.058230757713e-01 4.879859387875e-01 4.601521790028e-01 4.661712944508e-01 5.632514357567e-01 6.612622737885e-01 7.545469403267e-01 8.440654873848e-01 9.391243457794e-01 1.050864934921e+00 1.160765290260e+00 1.206150650978e+00 1.096684932709e+00 1.331198453903e+00 9.729527235031e-01 1.055202603340e+00 1.398205995560e+00 1.947741150856e+00 3.601205110550e+00 1.276393055916e+00 1.029631376266e+00 1.028094649315e+00 1.466082930565e+00 1.211082339287e+00 1.417192459106e+00 1.062761592865e+01 7.260583400726e+00 4.897801399231e+00 2.933036565781e+00 4.340590476990e+00 3.986927270889e+00 1.877049207687e+00 1.514744639397e+00 1.673888206482e+00 2.494925737381e+00 6.825596809387e+00 1.035221290588e+01
3.859670758247e-01 6.000427007675e-01 7.353611588478e-01 7.906497716904e-01 8.002249598503e-01 7.812056541443e-01 7.422238588333e-01 6.907538175583e-01 6.451274156570e-01 6.737976670265e-01 6.961697936058e-01 7.073137760162e-01 7.311038970947e-01 8.313388824463e-01 9.253802895546e-01 1.030442476273e+00 1.135942697525e+00 1.664749741554e+00 2.151967525482e+00 2.171380281448e+00 2.226208209991e+00 2.224340677261e+00 1.657206416130e+00 1.963050961494e+00 9.532065391541e-01 7.242552042007e-01 6.730501651764e-01 5.844839215279e-01 6.553727984428e-01 9.154568314552e-01 2.271268367767e+00 1.258290100098e+01 9.304600715637e+00 5.365576267242e+00 4.769330978394e+00 1.007237339020e+01 9.612487792969e+00 4.374153614044e+00 3.326883316040e+00 2.993029832840e+00 3.813583135605e+00 6.444944381714e+00 1.171928310394e+01
5.456373095512e-01 8.299033045769e-01 9.763236641884e-01 1.018966913223e+00 1.254667878151e+00 1.357933521271e+00 1.345144987106e+00 1.262662053108e+00 1.145470976830e+00 1.018997907639e+00 1.036498904228e+00 1.020817756653e+00 1.038316130638e+00 1.199490308762e+00 1.799262523651e+00 2.131113767624e+00 2.373236179352e+00 2.291500091553e+00 1.704859614372e+00 1.892537593842e+00 1.994019985199e+00 1.673272013664e+00 1.332577586174e+00 7.524523735046e-01 6.609130501747e-01 5.201153159142e-01 4.319071769714e-01 3.475791513920e-01 3.235288262367e-01 5.626021623611e-01 8.960794210434e-01 5.073276042938e+00 6.208414077759e+00 9.370636940002e+00 1.000653839111e+01 1.365503406525e+01 9.263369560242e+00 4.287905216217e+00 9.397371292114e+00 7.704513072968e+00 5.241037368774e+00 6.280331134796e+00 2.004760551453e+01
6.382163167000e-01 9.612289071083e-01 1.111340761185e+00 1.263558387756e+00 1.541174530983e+00 1.656287312508e+00 1.630771160126e+00 1.520307302475e+00 1.365210771561e+00 1.196104884148e+00 1.029996156693e+00 1.117381930351e+00 1.294879078865e+00 1.489918351173e+00 1.622705936432e+00 1.670997262001e+00 1.575856685638e+00 1.304768204689e+00 1.039445161819e+00 9.066751599312e-01 7.815542221069e-01 5.558754801750e-01 4.741605520248e-01 4.539744853973e-01 4.045494794846e-01 3.303059637547e-01 2.551730871201e-01 2.464937418699e-01 3.143116831779e-01 4.645146429539e-01 6.662831306458e-01 2.743349313736e+00 2.850324869156e+00 5.529877662659e+00 6.456847190857e+00 1.531879711151e+01 1.322924232483e+01 7.361205101013e+00 6.808822631836e+00 2.685599899292e+01 6.331407928467e+01 1.626428222656e+01 9.968197822571e+00
4.754005074501e-01 7.092059254646e-01 8.100155591965e-01 8.370904326439e-01 1.005189538002e+00 1.069225430489e+00 1.046150207520e+00 9.711693525314e-01 8.686361908913e-01 7.585915923119e-01 6.871280670166e-01 7.457461357117e-01 7.801859974861e-01 7.897530794144e-01 7.752875685692e-01 7.618364095688e-01 6.866643428802e-01 5.427997708321e-01 6.321923732758e-01 5.959804654121e-01 4.748752117157e-01 3.533504903316e-01 3.313185572624e-01 2.957366406918e-01 2.475164681673e-01 1.948598474264e-01 2.270295619965e-01 3.152325451374e-01 3.945344388485e-01 7.854656577110e-01 9.993076920509e-01 1.507117390633e+00 2.610562562943e+00 1.954531311989e+00 1.690051555634e+00 2.042144060135e+00 1.265080928802e+01 7.730903625488e+00 5.589298725128e+00 3.604686737061e+01 7.947888183594e+01 8.631657600403e+00 3.104207992554e+00
2.247084975243e-01 3.317842781544e-01 3.982827961445e-01 4.521633684635e-01 4.728182256222e-01 4.870868921280e-01 4.923627972603e-01 4.673722088337e-01 4.452713429928e-01 4.396743178368e-01 4.322929382324e-01 3.984152376652e-01 4.206790030003e-01 4.346607923508e-01 4.327784478664e-01 4.105965197086e-01 5.229132771492e-01 6.686221361160e-01 6.308102011681e-01 4.724958240986e-01 3.016679584980e-01 2.232608944178e-01 2.027584761381e-01 1.758866161108e-01 1.483219116926e-01 2.311284989119e-01 3.554126620293e-01 4.739541411400e-01 6.334215998650e-01 1.026706814766e+00 1.433689475060e+00 1.932548642159e+00 2.201566934586e+00 2.632574558258e+00 1.290696501732e+00 1.350062370300e+00 2.596902847290e+00 6.396606445312e+00 1.061438083649e+01 1.147779273987e+01 5.911756515503e+00 2.220835208893e+00 2.071065425873e+00
1.521678566933e-01 2.221014350653e-01 2.805555164814e-01 3.167977035046e-01 3.315421640873e-01 3.308422565460e-01 3.214848935604e-01 3.061417043209e-01 2.882437109947e-01 2.693532407284e-01 2.499664872885e-01 2.305433303118e-01 2.118098735809e-01 2.136206477880e-01 2.107147276402e-01 2.846145331860e-01 4.857559800148e-01 5.757509469986e-01 4.937549233437e-01 3.409965038300e-01 2.079551517963e-01 1.348378509283e-01 1.381795406342e-01 1.515656411648e-01 2.064980864525e-01 3.505595028400e-01 5.278260111809e-01 7.242182493210e-01 1.021541237831e+00 1.414145708084e+00 2.114449024200e+00 2.180650949478e+00 1.949544787407e+00 1.075204133987e+00 8.220891952515e-01 1.120918512344e+00 1.370894193649e+00 4.761765480042e+00 1.258528423309e+01 7.416274547577e+00 4.342197418213e+00 1.894158244133e+00 1.797877192497e+00
1.092977300286e-01 1.578746438026e-01 1.971344947815e-01 2.214284241199e-01 2.321804910898e-01 2.333698272705e-01 2.281904816628e-01 2.187671810389e-01 2.064541727304e-01 1.919730305672e-01 1.759657114744e-01 1.590163111687e-01 1.696744114161e-01 1.704554855824e-01 1.572930961847e-01 1.686990708113e-01 3.026515245438e-01 3.774947524071e-01 3.536496758461e-01 2.774044871330e-01 1.963820606470e-01 1.322257667780e-01 1.479593068361e-01 1.703399568796e-01 2.915721237659e-01 6.351895928383e-01 1.341359496117e+00 1.234753966331e+00 1.026754021645e+00 1.904017329216e+00 2.589236021042e+00 2.218929767609e+00 1.563417792320e+00 7.345523834229e-01 8.082680106163e-01 1.108675599098e+00 1.434568643570e+00 5.921909809113e+00 1.022528839111e+01 4.337959289551e+00 2.501427888870e+00 1.511333703995e+00 1.357910394669e+00
7.463499158621e-02 1.067500635982e-01 1.321898549795e-01 1.476525515318e-01 1.543661952019e-01 1.549305319786e-01 1.512015610933e-01 1.443616598845e-01 1.351228207350e-01 1.240304335952e-01 1.216214597225e-01 1.363621354103e-01 1.420715153217e-01 1.357800215483e-01 1.260021924973e-01 1.442004591227e-01 1.602244228125e-01 1.928502768278e-01 2.211615145206e-01 2.140566706657e-01 1.826382130384e-01 1.445685923100e-01 1.579828560352e-01 2.179745286703e-01 3.794371187687e-01 1.098185420036e+00 1.560363650322e+00 9.522943496704e-01 1.044448971748e+00 2.011129617691e+00 2.719919443130e+00 2.154105424881e+00 1.471332073212e+00 1.011322021484e+00 1.143584012985e+00 1.108061790466e+00 2.505380868912e+00 1.029088497162e+01 7.890959262848e+00 1.786430954933e+00 3.590999603271e+00 1.545453429222e+00 1.050351977348e+00
4.555718228221e-02 6.450094282627e-02 7.926385104656e-02 8.796525746584e-02 9.139655530453e-02 9.111228585243e-02 8.819720894098e-02 8.334801346064e-02 7.705346494913e-02 9.355891495943e-02 1.091499030590e-01 1.193018928170e-01 1.200400590897e-01 1.285062581301e-01 1.487103402615e-01 1.691826581955e-01 1.870890855789e-01 1.988006234169e-01 2.007833272219e-01 1.916959881783e-01 1.749982982874e-01 1.630881726742e-01 1.814455240965e-01 2.716354727745e-01 4.577548801899e-01 1.227361202240e+00 1.288346529007e+00 1.048432588577e+00 9.527878761292e-01 1.797611474991e+00 2.517939329147e+00 1.963653206825e+00 1.879925012589e+00 1.270305752754e+00 1.376998424530e+00 1.030979990959e+00 2.464196443558e+00 5.944727897644e+00 3.360582113266e+00 2.109655618668e+00 4.770750522614e+00 1.524586200714e+00 8.035324215889e-01
