100/SI/f168_max.grd
DSAA
101	101
32.816463539100	34.260883539100
35.556306596100	36.727886596100
6.983608473092e-03	1.270070434570e+03
[rows 38 to 56 of 101, columns 43 to 85 of 101]
7.394073486328e+01 1.136407928467e+02 1.251938323975e+02 6.998171997070e+01 1.233733520508e+02 6.101417541504e+01 6.069981384277e+01 8.468970489502e+01 7.065727996826e+01 5.694645309448e+01 8.276397705078e+01 4.350312042236e+01 4.867436218262e+01 4.174715805054e+01 6.339579391479e+01 4.691296386719e+01 4.895126724243e+01 2.908814239502e+01 3.870158386230e+01 5.822100448608e+01 5.890596008301e+01 4.492585372925e+01 3.093263053894e+01 2.452979850769e+01 2.120645141602e+01 1.875299644470e+01 1.828127861023e+01 1.873617935181e+01 1.669634628296e+01 1.255255317688e+01 1.231422519684e+01 1.456476879120e+01 1.663419914246e+01 1.709677124023e+01 1.732036018372e+01 1.734011459351e+01 1.705813980103e+01 1.574636745453e+01 1.397030067444e+01 1.243579196930e+01 1.119092369080e+01 1.090458965302e+01 9.474739074707e+00
7.359922790527e+01 1.520035095215e+02 1.012678146362e+02 1.410827636719e+02 1.007984466553e+02 1.374550170898e+02 1.210258178711e+02 7.426655578613e+01 7.401876831055e+01 5.697764968872e+01 9.467115783691e+01 6.302247238159e+01 3.856937789917e+01 4.677243804932e+01 8.464103698730e+01 4.945686721802e+01 5.761769104004e+01 8.951007080078e+01 7.977629089355e+01 5.372180938721e+01 3.603729248047e+01 2.478381919861e+01 2.316516685486e+01 2.049099349976e+01 2.021829223633e+01 1.939813804626e+01 1.703254127502e+01 1.487478446960e+01 1.338752269745e+01 1.323842144012e+01 1.451016902924e+01 1.361435699463e+01 1.116186141968e+01 9.825076103210e+00 9.505422592163e+00 8.226325035095e+00 8.461591720581e+00 9.304162979126e+00 1.023030376434e+01 1.130811595917e+01 1.223648643494e+01 1.566732883453e+01 1.622529983521e+01
1.061047515869e+02 7.650724792480e+01 1.339418182373e+02 1.033135986328e+02 1.134863357544e+02 1.462749176025e+02 9.027675628662e+01 8.241211700439e+01 5.972755432129e+01 6.152845764160e+01 1.021475906372e+02 5.724236679077e+01 5.793671417236e+01 5.658323669434e+01 6.896018218994e+01 1.110876693726e+02 7.555592346191e+01 3.862265396118e+01 3.592234420776e+01 2.402018737793e+01 1.848762512207e+01 2.586142730713e+01 3.395671081543e+01 3.043359756470e+01 2.212783050537e+01 1.900314712524e+01 1.862129402161e+01 1.719077491760e+01 1.484973239899e+01 1.379304599762e+01 1.297531032562e+01 1.352267837524e+01 1.294073486328e+01 1.202846527100e+01 1.182716846466e+01 1.242256164551e+01 1.225528621674e+01 1.112502002716e+01 1.383378314972e+01 1.892372131348e+01 1.564899826050e+01 1.141392517090e+01 9.877200126648e+00
1.195165481567e+02 1.088110122681e+02 1.759326019287e+02 1.490144042969e+02 1.438352813721e+02 1.569740142822e+02 1.450207977295e+02 7.926738739014e+01 8.851314544678e+01 8.636963653564e+01 9.785196685791e+01 8.176752471924e+01 7.455210876465e+01 1.271741561890e+02 8.190192413330e+01 5.914486312866e+01 5.131114578247e+01 4.137071228027e+01 3.033782005310e+01 4.635049057007e+01 5.005232238770e+01 2.729265403748e+01 4.254631042480e+01 3.321205520630e+01 2.984294128418e+01 2.627253723145e+01 2.316920661926e+01 2.068678855896e+01 1.860469627380e+01 1.725034713745e+01 3.194710159302e+01 1.352159309387e+01 1.301253414154e+01 1.227731609344e+01 1.648086547852e+01 2.035177993774e+01 1.757306098938e+01 2.018977737427e+01 1.693480300903e+01 1.852436637878e+01 1.865475273132e+01 1.821482849121e+01 1.670616340637e+01
1.151600418091e+02 1.566889648438e+02 1.384458007812e+02 1.381942291260e+02 1.272033309937e+02 1.668658599854e+02 2.488689727783e+02 1.140278930664e+02 1.262247238159e+02 1.300647277832e+02 1.134344482422e+02 1.107287521362e+02 1.368466339111e+02 7.624375152588e+01 8.210485839844e+01 4.653924560547e+01 6.024912643433e+01 8.061698913574e+01 6.364464187622e+01 6.350722503662e+01 6.566444396973e+01 4.368371200562e+01 2.656596755981e+01 2.576172637939e+01 2.388740348816e+01 2.362129592896e+01 2.718562316895e+01 4.672962951660e+01 5.577159500122e+01 4.917897415161e+01 2.416109657288e+01 1.756645965576e+01 1.663138961792e+01 1.966900062561e+01 2.357638740540e+01 2.337531471252e+01 2.134911346436e+01 1.913718032837e+01 1.391631603241e+01 1.725895118713e+01 2.056697273254e+01 2.050854492188e+01 1.970902061462e+01
1.366338500977e+02 1.984364013672e+02 3.218872070312e+02 2.031880950928e+02 3.159572143555e+02 1.731960601807e+02 3.947828674316e+02 1.128194656372e+02 2.075938262939e+02 1.638700866699e+02 1.369302062988e+02 1.415284271240e+02 7.680458068848e+01 9.473754882812e+01 1.034049530029e+02 1.014267349243e+02 6.339540481567e+01 3.797839355469e+01 8.176670837402e+01 7.067948150635e+01 3.902558517456e+01 3.549622344971e+01 3.273266983032e+01 5.927357101440e+01 7.256967926025e+01 6.387143707275e+01 4.269453811646e+01 3.168015098572e+01 3.433613586426e+01 2.196928024292e+01 1.654369544983e+01 2.479956245422e+01 3.086720848083e+01 2.780346107483e+01 2.471911430359e+01 3.283357238770e+01 3.896142196655e+01 3.486322402954e+01 2.502746963501e+01 1.799524688721e+01 2.244624519348e+01 2.463485717773e+01 2.596171188354e+01
1.692283630371e+02 2.128943023682e+02 2.515664825439e+02 3.292477416992e+02 2.760312500000e+02 2.863944396973e+02 4.702753295898e+02 1.878194885254e+02 2.214824981689e+02 1.759920043945e+02 1.697022705078e+02 1.016957931519e+02 1.047820205688e+02 1.307126007080e+02 1.029839248657e+02 7.482312774658e+01 1.073017044067e+02 1.000634078979e+02 7.741340637207e+01 9.790723419189e+01 9.890363311768e+01 8.548539733887e+01 6.092432022095e+01 3.416682052612e+01 3.737788391113e+01 3.360839843750e+01 2.722581291199e+01 2.796121978760e+01 2.914552879333e+01 3.108379745483e+01 3.029738426208e+01 2.593044662476e+01 2.492275047302e+01 2.100087738037e+01 3.773460388184e+01 4.615510940552e+01 4.331093597412e+01 3.194775772095e+01 1.941243171692e+01 1.232300281525e+01 1.698087882996e+01 1.952907180786e+01 1.803076744080e+01
1.584311981201e+02 2.307581176758e+02 2.778321228027e+02 2.688278503418e+02 3.977640075684e+02 3.052079162598e+02 4.863052978516e+02 2.637490844727e+02 2.286588897705e+02 2.519331817627e+02 1.945685272217e+02 1.229692993164e+02 1.262862548828e+02 1.326338806152e+02 7.928907775879e+01 1.132680740356e+02 1.450136413574e+02 1.014255599976e+02 5.832782363892e+01 5.751930999756e+01 5.057076263428e+01 4.066546249390e+01 3.908063888550e+01 4.217268753052e+01 4.221102905273e+01 3.734745025635e+01 3.277639770508e+01 3.196126747131e+01 2.650520324707e+01 2.992577362061e+01 2.764304542542e+01 2.527657318115e+01 1.765955352783e+01 3.170933914185e+01 3.790249633789e+01 3.597411346436e+01 2.519157791138e+01 1.385033226013e+01 1.910703468323e+01 1.804510879517e+01 1.357571315765e+01 1.205765438080e+01 1.303522777557e+01
2.389366912842e+02 3.272306518555e+02 3.365332946777e+02 3.761373291016e+02 4.131610107422e+02 5.202568969727e+02 4.941733703613e+02 9.156268920898e+02 3.423569335938e+02 2.176240844727e+02 1.974220733643e+02 1.830597686768e+02 1.530536041260e+02 2.329422149658e+02 2.026269683838e+02 1.192209777832e+02 1.072610855103e+02 1.106292648315e+02 8.061354827881e+01 7.340811920166e+01 7.259343719482e+01 6.892401123047e+01 7.187102508545e+01 5.337633132935e+01 7.068621826172e+01 6.258967208862e+01 3.905303955078e+01 3.554625701904e+01 3.600449371338e+01 3.349243545532e+01 2.860819435120e+01 2.764527702332e+01 2.836299896240e+01 3.273450469971e+01 3.046082115173e+01 2.343320083618e+01 1.833231735229e+01 1.651122665405e+01 1.608030509949e+01 1.589295387268e+01 1.552052974701e+01 1.493696498871e+01 1.431803798676e+01
1.573175811768e+02 4.296878051758e+02 3.074094238281e+02 3.775270385742e+02 6.045469970703e+02 5.083574218750e+02 5.969271850586e+02 6.886003417969e+02 3.423219299316e+02 3.230084533691e+02 4.166149902344e+02 2.606622009277e+02 3.220704040527e+02 2.513421020508e+02 2.086905670166e+02 1.807100524902e+02 1.527531280518e+02 1.315647735596e+02 1.156522598267e+02 1.628813629150e+02 1.890010833740e+02 7.829601287842e+01 4.988652038574e+01 4.967164230347e+01 6.973471832275e+01 4.528818893433e+01 3.934962081909e+01 3.834621810913e+01 3.457477951050e+01 3.284123992920e+01 3.148986816406e+01 3.249915313721e+01 3.439691925049e+01 2.943050193787e+01 2.255516624451e+01 2.162719917297e+01 2.043545722961e+01 1.623306655884e+01 1.602909088135e+01 1.549588966370e+01 1.431145572662e+01 1.466486358643e+01 1.538797950745e+01
3.977163085938e+02 4.799810180664e+02 5.406061401367e+02 5.759093017578e+02 6.906729125977e+02 9.539628295898e+02 1.270070434570e+03 5.497859497070e+02 4.503282470703e+02 3.309432983398e+02 4.698518981934e+02 4.704512329102e+02 1.715489196777e+02 2.724694213867e+02 3.000269165039e+02 1.506968841553e+02 1.356725006104e+02 1.422268829346e+02 1.550310668945e+02 1.800688018799e+02 1.372171783447e+02 6.341093444824e+01 6.582769012451e+01 5.616080093384e+01 5.113438796997e+01 4.402572250366e+01 4.273409652710e+01 4.239196014404e+01 3.525519943237e+01 2.449571228027e+01 2.262978553772e+01 2.468478393555e+01 2.663135719299e+01 2.732891654968e+01 2.621639251709e+01 2.504194450378e+01 2.227949714661e+01 2.297040748596e+01 2.552976036072e+01 2.606617546082e+01 2.327213096619e+01 2.014805412292e+01 1.755378723145e+01
2.723545837402e+02 4.855636901855e+02 5.100546569824e+02 6.534588623047e+02 6.611377563477e+02 6.508708496094e+02 6.427396240234e+02 5.011199340820e+02 3.562312622070e+02 3.997132873535e+02 3.842207031250e+02 3.990523376465e+02 4.872468261719e+02 2.066713562012e+02 1.841204833984e+02 1.143022842407e+02 1.025939865112e+02 7.155944824219e+01 6.708585357666e+01 5.652451324463e+01 4.908943557739e+01 5.542886352539e+01 6.808950805664e+01 7.805646514893e+01 7.952699279785e+01 6.922218322754e+01 5.363588714600e+01 3.705561828613e+01 2.582749748230e+01 2.129345893860e+01 1.882767868042e+01 2.055170631409e+01 2.647291946411e+01 1.759692764282e+01 2.005284690857e+01 2.183157730103e+01 1.740192222595e+01 2.146379470825e+01 2.529947090149e+01 2.674822044373e+01 3.025522804260e+01 3.787810134888e+01 4.291268920898e+01
1.065911483765e+02 1.486085052490e+02 2.344937744141e+02 1.103141845703e+03 5.946524047852e+02 5.691120605469e+02 3.218819580078e+02 3.283827209473e+02 3.047228393555e+02 4.763501586914e+02 4.572102050781e+02 6.561430664062e+02 9.297796020508e+02 6.700078125000e+02 4.294723205566e+02 1.958704071045e+02 9.151205444336e+01 6.456818389893e+01 6.104029846191e+01 8.139493560791e+01 1.061892318726e+02 9.806396484375e+01 7.209438323975e+01 4.615727615356e+01 5.121044921875e+01 4.801190185547e+01 6.692163848877e+01 9.885047149658e+01 4.568562698364e+01 2.523910713196e+01 2.366343116760e+01 3.883655929565e+01 2.501922035217e+01 1.534071826935e+01 1.404385375977e+01 1.449567031860e+01 1.469543647766e+01 1.509816837311e+01 1.534121322632e+01 1.530286216736e+01 1.530234241486e+01 1.687813186646e+01 1.476034164429e+01
1.963926315308e+01 4.708054733276e+01 1.154784011841e+02 1.501188507080e+02 1.562307434082e+02 1.525794982910e+02 1.175636215210e+02 1.677261352539e+02 1.608671875000e+02 2.659632263184e+02 5.358756103516e+02 6.081601562500e+02 8.320759887695e+02 4.523424682617e+02 3.245825805664e+02 1.817831268311e+02 8.261495971680e+01 4.321362304688e+01 4.920576095581e+01 1.012823257446e+02 3.211090393066e+02 1.348940429688e+02 1.151412582397e+02 8.919300842285e+01 9.048558807373e+01 7.740408325195e+01 8.087731170654e+01 5.644497680664e+01 2.959041976929e+01 3.932731628418e+01 3.321132659912e+01 3.211051940918e+01 2.016829109192e+01 1.838028335571e+01 1.286668872833e+01 1.133085441589e+01 1.182364273071e+01 1.151689910889e+01 1.242615509033e+01 1.191413784027e+01 1.548233604431e+01 1.815366363525e+01 1.753502655029e+01
1.258374691010e+01 2.395209312439e+01 7.491551971436e+01 4.495016479492e+01 3.666699981689e+01 3.059784889221e+01 4.705450057983e+01 7.640352630615e+01 7.930133056641e+01 8.515615081787e+01 2.442874450684e+02 1.135246093750e+03 9.469513549805e+02 4.233798522949e+02 1.999660491943e+02 6.003365325928e+01 3.341970825195e+01 2.195752334595e+01 2.710287475586e+01 7.056236267090e+01 1.612783508301e+02 2.789410400391e+02 1.386765441895e+02 1.051876220703e+02 8.283168792725e+01 6.199460983276e+01 6.541361999512e+01 6.084682464600e+01 5.324674606323e+01 4.842630386353e+01 5.859032440186e+01 2.575401306152e+01 2.342358779907e+01 1.901451301575e+01 1.956144332886e+01 1.829259109497e+01 1.540119838715e+01 1.269526672363e+01 1.487942790985e+01 1.715740203857e+01 2.007495498657e+01 1.973995018005e+01 1.681723785400e+01
8.596529960632e+00 3.593899917603e+01 8.254664611816e+01 8.511203002930e+01 1.562106704712e+01 1.844888877869e+01 1.782797431946e+01 3.556807327271e+01 6.432065582275e+01 1.246512069702e+02 1.665646667480e+02 3.241087341309e+02 6.733163452148e+02 4.678884277344e+02 6.248274536133e+02 1.513845367432e+02 1.913181114197e+01 1.196614933014e+01 1.871405982971e+01 6.774783325195e+01 1.819335327148e+02 2.930887145996e+02 2.217122344971e+02 1.502567901611e+02 1.043475418091e+02 6.582167816162e+01 7.501726531982e+01 5.509959030151e+01 5.396057891846e+01 5.360597991943e+01 4.404658126831e+01 3.509904479980e+01 2.482384872437e+01 2.673683929443e+01 2.453238487244e+01 1.868680953979e+01 1.755051040649e+01 1.603026771545e+01 1.485816192627e+01 1.732673263550e+01 1.896513366699e+01 1.841083526611e+01 1.628493690491e+01
7.748489379883e+00 1.856621360779e+01 1.220040893555e+02 1.532321929932e+02 8.440216064453e+01 1.226798629761e+01 9.589715957642e+00 1.748335456848e+01 1.737176895142e+01 1.494010353088e+01 1.242604827881e+01 5.185939407349e+01 2.241134796143e+02 1.433975219727e+02 7.464525146484e+02 9.721008300781e+01 5.473749542236e+01 2.163782501221e+01 1.672021293640e+01 5.395112228394e+01 1.031929779053e+02 9.373895874023e+02 3.037438659668e+02 1.272964477539e+02 1.274415435791e+02 6.789941406250e+01 7.247231292725e+01 6.071541595459e+01 8.556600952148e+01 6.555513763428e+01 3.752491378784e+01 3.791023254395e+01 3.484189224243e+01 3.312582778931e+01 3.249094009399e+01 2.590120124817e+01 2.658389282227e+01 2.930920791626e+01 1.891968727112e+01 1.458551025391e+01 1.448363208771e+01 1.426088142395e+01 1.559131622314e+01
4.991320133209e+00 8.227252960205e+00 1.049140453339e+01 6.110916519165e+01 3.895677947998e+01 8.669785499573e+00 7.373153209686e+00 8.593334197998e+00 8.196060180664e+00 7.712717056274e+00 5.579089164734e+00 6.223075389862e+00 1.872337532043e+01 1.339585418701e+02 3.642814025879e+02 9.598957824707e+01 7.247468566895e+01 3.244017791748e+01 1.928134536743e+01 3.781251525879e+01 4.689854049683e+01 6.197371292114e+01 5.872241592407e+01 4.470326614380e+01 6.209505844116e+01 1.036757278442e+02 8.876542663574e+01 8.836159515381e+01 5.861619186401e+01 7.398542785645e+01 7.705419158936e+01 6.696664428711e+01 5.021435165405e+01 3.445991897583e+01 3.266747283936e+01 2.850585556030e+01 2.436026763916e+01 2.560219764709e+01 2.489359664917e+01 1.650886344910e+01 1.365593719482e+01 1.401102066040e+01 1.439025974274e+01
5.365516185760e+00 8.286288261414e+00 5.474613189697e+00 6.430962562561e+00 6.597533226013e+00 7.580640316010e+00 6.761722564697e+00 6.338859081268e+00 6.057926177979e+00 4.664387702942e+00 3.292698383331e+00 2.642683982849e+00 4.411076545715e+00 1.318063354492e+02 1.955082244873e+02 2.505453186035e+02 6.042915725708e+01 7.310472106934e+01 6.753242492676e+01 2.162259674072e+01 2.398754692078e+01 4.513298034668e+01 1.236325149536e+02 1.218120040894e+02 1.582449798584e+02 1.584048461914e+02 1.476521453857e+02 1.385885009766e+02 1.301028594971e+02 1.230242919922e+02 1.301047668457e+02 1.588050689697e+02 1.356316375732e+02 5.512232589722e+01 2.219242858887e+01 2.648184013367e+01 2.899196815491e+01 2.006189918518e+01 2.039178276062e+01 1.438949394226e+01 1.465417003632e+01 1.047734928131e+01 1.187610435486e+01
