100/SI/f168_max.grd
DSAA
101	101
32.816463539100	34.260883539100
35.556306596100	36.727886596100
6.983608473092e-03	1.270070434570e+03
[rows 57 to 75 of 101, columns 43 to 85 of 101]
4.979362964630e+00 6.071942806244e+00 3.120399951935e+00 3.502982854843e+00 3.452319622040e+00 5.390971183777e+00 5.876615047455e+00 9.465109825134e+00 6.965763092041e+00 3.772059440613e+00 2.741951942444e+00 2.278262138367e+00 1.694635272026e+00 2.894631147385e+00 1.342346954346e+01 4.451781845093e+01 9.026006317139e+01 9.091214752197e+01 1.636663818359e+02 4.393680191040e+01 1.243578529358e+01 9.885903358459e+00 1.720958900452e+01 3.148695755005e+01 5.390264511108e+01 4.922135925293e+01 5.373747253418e+01 4.323828887939e+01 5.442094802856e+01 5.136671829224e+01 5.364283370972e+01 4.007315444946e+01 4.111261749268e+01 5.802346801758e+01 3.615093231201e+01 2.280428886414e+01 2.646676063538e+01 3.627111053467e+01 4.548427581787e+01 3.299337005615e+01 1.382518768311e+01 1.277899265289e+01 1.232030582428e+01
3.958406209946e+00 9.782652854919e+00 2.525489568710e+00 2.706960678101e+00 2.669635295868e+00 3.942573785782e+00 7.433598041534e+00 2.356553840637e+01 1.864797592163e+01 4.069076538086e+00 2.555330038071e+00 1.760495305061e+00 1.370779633522e+00 1.360546588898e+00 2.832624912262e+00 2.698543930054e+01 3.101465034485e+01 3.187941551208e+01 2.509721755981e+01 2.501536750793e+01 1.737028121948e+01 1.317404842377e+01 1.017801189423e+01 6.533758163452e+00 1.676049613953e+01 3.261232757568e+01 5.796796798706e+01 6.032903671265e+01 6.546993255615e+01 3.522282791138e+01 4.664395904541e+01 4.198182678223e+01 3.606497955322e+01 3.297869873047e+01 3.346806335449e+01 2.489562416077e+01 2.450263786316e+01 2.856679534912e+01 2.788315010071e+01 2.539021492004e+01 2.625296211243e+01 2.745189094543e+01 2.562464141846e+01
3.403621912003e+00 3.999388456345e+00 2.285794258118e+00 2.451907396317e+00 2.480986833572e+00 3.573666095734e+00 1.063355827332e+01 5.868411254883e+01 4.806690597534e+01 6.592106342316e+00 2.667956113815e+00 1.515181779861e+00 1.061683535576e+00 9.710372090340e-01 1.008242011070e+00 1.239402413368e+00 1.602681636810e+00 2.240715265274e+00 4.620518684387e+00 3.893836975098e+00 4.302950859070e+00 4.939948081970e+00 3.268087863922e+00 3.298709392548e+00 8.247334480286e+00 3.810488891602e+01 6.544907379150e+01 7.579619598389e+01 7.263311767578e+01 7.299299621582e+01 4.719968414307e+01 4.076186752319e+01 3.435712814331e+01 3.269803237915e+01 4.573207092285e+01 3.950128936768e+01 3.282374954224e+01 2.054913139343e+01 2.123756027222e+01 1.773966026306e+01 1.600852203369e+01 1.455237007141e+01 1.265581226349e+01
3.126481533051e+00 2.797309160233e+00 2.204399108887e+00 2.471755743027e+00 2.753611803055e+00 3.607475757599e+00 7.788437652588e+01 3.215616607666e+01 3.529840850830e+01 4.985865592957e+00 2.334481000900e+00 1.454265475273e+00 9.669414758682e-01 7.892843484879e-01 7.547578215599e-01 7.974707484245e-01 9.545890688896e-01 1.258852839470e+00 1.723091721535e+00 2.112985134125e+00 2.322979927063e+00 4.721157073975e+00 2.438652276993e+00 2.246410131454e+00 6.866818428040e+00 1.505509757996e+01 5.399191665649e+01 6.303630828857e+01 6.426124572754e+01 6.919526672363e+01 5.901942443848e+01 4.491380310059e+01 3.150975036621e+01 3.990769958496e+01 2.738953781128e+01 2.418717002869e+01 2.000132179260e+01 1.650650405884e+01 1.548004055023e+01 1.550999832153e+01 1.599044609070e+01 2.358938217163e+01 3.196642303467e+01
2.635970354080e+00 2.040260076523e+00 2.158397436142e+00 2.608120679855e+00 4.485919475555e+00 7.039462089539e+00 2.052228164673e+01 4.755522918701e+01 1.680104255676e+01 2.680594921112e+00 1.689103484154e+00 1.236692786217e+00 8.800335526466e-01 6.610240340233e-01 6.062796711922e-01 6.068647503853e-01 6.625341176987e-01 8.871169686317e-01 1.222783803940e+00 1.400594353676e+00 1.416889071465e+00 2.902570009232e+00 1.768202543259e+00 2.024397373199e+00 4.227291107178e+00 1.416527938843e+01 3.835525512695e+01 5.158016204834e+01 5.485131454468e+01 4.275267410278e+01 3.252416610718e+01 4.652007675171e+01 3.185912513733e+01 2.193450927734e+01 2.479779243469e+01 3.253058242798e+01 2.935548591614e+01 1.973667144775e+01 1.833674430847e+01 1.780325889587e+01 1.751292991638e+01 2.039373207092e+01 2.454780960083e+01
1.902724385262e+00 1.587633490562e+00 1.977618455887e+00 4.434881687164e+00 1.312531661987e+01 2.816464042664e+01 3.622238159180e+01 2.216008377075e+01 2.397012472153e+00 1.629781723022e+00 1.189657449722e+00 9.917739033699e-01 7.748582363129e-01 6.274677515030e-01 5.521738529205e-01 5.733518004417e-01 6.004025936127e-01 7.314776778221e-01 1.056183218956e+00 1.301552653313e+00 1.384406805038e+00 1.423402428627e+00 1.433960795403e+00 2.128324508667e+00 5.116981983185e+00 1.332504272461e+01 1.629453849792e+01 1.608686256409e+01 3.232825469971e+01 3.726488876343e+01 4.389048385620e+01 2.813977813721e+01 3.605303192139e+01 2.641369819641e+01 3.046926498413e+01 3.572815322876e+01 7.095857238770e+01 4.461668014526e+01 2.628420829773e+01 2.050187110901e+01 2.105671310425e+01 2.065914535522e+01 1.993569183350e+01
1.248209357262e+00 1.293754339218e+00 1.633323550224e+00 2.057623863220e+00 5.137872219086e+00 2.927076911926e+01 1.784521102905e+01 2.438391685486e+00 1.422989010811e+00 1.269848346710e+00 1.068985104561e+00 9.024622440338e-01 7.136611342430e-01 6.017569899559e-01 5.346547365189e-01 5.867147445679e-01 6.171073317528e-01 6.008625626564e-01 8.660040497780e-01 1.107074737549e+00 1.252963185310e+00 1.247145891190e+00 1.512162089348e+00 2.432763576508e+00 7.562348365784e+00 1.507009124756e+01 8.994077682495e+00 1.179434776306e+01 1.122968387604e+01 5.643978118896e+01 8.188638305664e+01 4.502236557007e+01 2.496035957336e+01 3.343998336792e+01 1.358065414429e+01 1.412185478210e+01 5.155850601196e+01 2.489907264709e+01 1.992697906494e+01 1.505179882050e+01 1.544855403900e+01 1.721390724182e+01 1.888478088379e+01
1.023684263229e+00 1.120166778564e+00 1.316781878471e+00 1.663019418716e+00 1.831651568413e+00 2.586133241653e+00 2.859713792801e+00 1.957354784012e+00 1.046004295349e+00 1.076346278191e+00 9.413308501244e-01 8.641645312309e-01 7.063821554184e-01 5.779544711113e-01 5.827767252922e-01 5.925341248512e-01 6.289997100830e-01 6.335932612419e-01 7.272992134094e-01 9.358739852905e-01 1.101944446564e+00 1.179060578346e+00 1.253742575645e+00 1.989373683929e+00 5.563135623932e+00 3.483131170273e+00 3.501743555069e+00 5.426967144012e+00 1.242706108093e+01 2.440126228333e+01 2.587356948853e+01 3.288534164429e+01 5.185448837280e+01 2.810014152527e+01 2.687072181702e+01 2.035149002075e+01 2.111944389343e+01 1.786622428894e+01 9.864363670349e+00 1.198653411865e+01 1.169159698486e+01 1.236502647400e+01 1.562941074371e+01
8.056493401527e-01 9.063805937767e-01 1.083968162537e+00 1.329836368561e+00 1.427925944328e+00 1.580516934395e+00 1.667059183121e+00 1.053590297699e+00 9.085875153542e-01 9.503853917122e-01 8.836826682091e-01 7.645596861839e-01 6.440752744675e-01 5.826319456100e-01 5.669215321541e-01 6.471844315529e-01 6.467933058739e-01 5.553644299507e-01 6.410039663315e-01 8.155356645584e-01 9.673215746880e-01 1.122923731804e+00 1.541087985039e+00 1.633017420769e+00 1.649680733681e+00 2.302259445190e+00 2.220157384872e+00 5.393535614014e+00 7.571359157562e+00 1.012464046478e+01 2.111012268066e+01 3.674991607666e+01 2.784753608704e+01 5.109787750244e+01 3.266178131104e+01 1.853358650208e+01 1.560284519196e+01 1.389330959320e+01 1.646201896667e+01 1.561104202271e+01 1.949475288391e+01 1.896782875061e+01 2.218790626526e+01
7.410480380058e-01 7.490436434746e-01 8.401982784271e-01 9.371681809425e-01 1.009533405304e+00 9.925705790520e-01 9.505872130394e-01 9.269455075264e-01 1.003022074699e+00 9.909967780113e-01 9.240605831146e-01 8.086990118027e-01 6.657459735870e-01 5.970652103424e-01 5.386849641800e-01 5.294439792633e-01 5.947073101997e-01 6.017467379570e-01 6.053512096405e-01 7.327244281769e-01 8.504587411880e-01 1.006618618965e+00 1.469954133034e+00 1.661078929901e+00 1.786729931831e+00 3.721143245697e+00 5.097551822662e+00 6.519766807556e+00 9.106224060059e+00 9.886645317078e+00 2.169849967957e+01 4.069470596313e+01 1.938841247559e+01 2.081089019775e+01 3.746493911743e+01 3.252842712402e+01 2.197294616699e+01 1.896949958801e+01 2.276864814758e+01 1.185971927643e+01 1.589379596710e+01 1.857831001282e+01 2.205919647217e+01
6.125929951668e-01 7.022905945778e-01 7.355994582176e-01 7.277915477753e-01 8.155613541603e-01 9.071412086487e-01 9.778516292572e-01 8.683322072029e-01 8.195343017578e-01 8.450906872749e-01 9.070667028427e-01 9.051077365875e-01 7.845067977905e-01 6.748414039612e-01 6.401227712631e-01 5.869162082672e-01 5.063298940659e-01 5.460953712463e-01 6.208217144012e-01 6.887558698654e-01 7.584579586983e-01 8.795124292374e-01 1.252755641937e+00 1.234344959259e+00 1.413889408112e+00 3.341454267502e+00 7.112099170685e+00 9.591111183167e+00 1.344502830505e+01 7.071488857269e+00 2.126546096802e+01 1.071167182922e+01 1.137974166870e+01 1.343935966492e+01 2.183558654785e+01 2.363877105713e+01 3.044683456421e+01 2.825177764893e+01 2.018297386169e+01 1.717044067383e+01 1.335219764709e+01 1.437327098846e+01 1.113502120972e+01
6.059988141060e-01 6.682649850845e-01 6.636964082718e-01 6.618205904961e-01 7.076597213745e-01 8.127662539482e-01 8.803901076317e-01 7.872373461723e-01 6.296078562737e-01 6.744018793106e-01 7.296494245529e-01 8.217064142227e-01 8.573447465897e-01 7.190964221954e-01 6.851024627686e-01 8.392683863640e-01 7.454769015312e-01 5.910409092903e-01 6.457022428513e-01 6.748174428940e-01 8.213347792625e-01 9.111990332603e-01 9.865248203278e-01 1.260754704475e+00 1.467125415802e+00 2.460927963257e+00 5.092780590057e+00 6.106953620911e+00 8.363103866577e+00 4.755505084991e+00 1.038621807098e+01 8.106816291809e+00 1.320220947266e+01 8.188037872314e+00 1.633655548096e+01 1.181232738495e+01 1.837509918213e+01 2.288965415955e+01 2.078787612915e+01 2.845401000977e+01 2.628032302856e+01 2.118725395203e+01 1.811249351501e+01
5.815357565880e-01 6.270011067390e-01 6.020069718361e-01 6.011286377907e-01 6.042144894600e-01 6.073433160782e-01 6.732829809189e-01 6.373507976532e-01 7.730275988579e-01 8.362059593201e-01 7.646825313568e-01 7.554590106010e-01 8.143431544304e-01 8.534215688705e-01 8.021860122681e-01 1.035662651062e+00 9.241928458214e-01 7.000471353531e-01 7.072640657425e-01 6.949371099472e-01 7.984095215797e-01 8.648028969765e-01 9.770991206169e-01 1.299273014069e+00 1.531393289566e+00 2.198733568192e+00 3.306297063828e+00 3.775622129440e+00 4.105678081512e+00 5.200690746307e+00 9.142726898193e+00 1.372089099884e+01 9.067915916443e+00 2.290999412537e+01 7.638607025146e+00 1.016168308258e+01 1.970518493652e+01 2.782176017761e+01 1.379360389709e+01 1.553736495972e+01 1.032083129883e+01 1.863227272034e+01 1.662151908875e+01
5.172901153564e-01 5.573930740356e-01 5.350188016891e-01 5.164213776588e-01 4.797944426537e-01 4.915572106838e-01 5.183877944946e-01 7.076116800308e-01 8.780320882797e-01 9.024216532707e-01 7.986115217209e-01 8.405261635780e-01 9.302884936333e-01 9.148874282837e-01 9.152234196663e-01 9.594679474831e-01 1.029955863953e+00 1.210766911507e+00 1.081686735153e+00 9.731330275536e-01 9.704083800316e-01 1.046856284142e+00 1.248637080193e+00 1.323580741882e+00 1.561861515045e+00 1.894505262375e+00 3.139426946640e+00 3.078063964844e+00 6.133909225464e+00 1.216864967346e+01 1.480733776093e+01 7.143063545227e+00 7.205789566040e+00 2.257142829895e+01 1.161647129059e+01 1.436384296417e+01 1.284422874451e+01 1.645638275146e+01 1.198830986023e+01 4.679202556610e+00 4.477948188782e+00 6.043198108673e+00 1.159436893463e+01
4.747814238071e-01 4.745211005211e-01 4.697428941727e-01 4.621712863445e-01 4.736219644547e-01 5.072978138924e-01 5.318447947502e-01 6.578629612923e-01 7.377887368202e-01 7.133219838142e-01 8.381924629211e-01 8.986931443214e-01 8.692708015442e-01 9.074300527573e-01 1.223277688026e+00 1.699099302292e+00 1.930030345917e+00 2.432716369629e+00 2.420697212219e+00 2.636609077454e+00 1.870185971260e+00 1.746082067490e+00 2.020979404449e+00 1.694806575775e+00 1.941403746605e+00 2.680468797684e+00 7.929509639740e+00 7.394720077515e+00 7.937037467957e+00 1.056020736694e+01 5.421750068665e+00 5.708432674408e+00 7.872593879700e+00 4.519571304321e+00 2.383143806458e+01 3.279937362671e+01 2.918546295166e+01 6.991761684418e+00 3.326117515564e+00 2.781172513962e+00 2.717895269394e+00 3.200285434723e+00 3.379160404205e+00
4.399555027485e-01 4.554845988750e-01 4.366706609726e-01 4.686846137047e-01 5.121887326241e-01 5.867285728455e-01 5.881168246269e-01 6.721922159195e-01 7.567636370659e-01 8.921654224396e-01 9.221157431602e-01 1.089829087257e+00 1.137173652649e+00 1.047643780708e+00 2.625944614410e+00 9.424502372742e+00 7.457212924957e+00 4.163801193237e+00 4.669727325439e+00 5.860842704773e+00 4.348019123077e+00 2.240610599518e+00 2.601850986481e+00 3.255284070969e+00 3.174611091614e+00 5.942236900330e+00 8.323013305664e+00 7.264328956604e+00 6.035206317902e+00 5.329274177551e+00 6.068887710571e+00 5.841984748840e+00 4.348430633545e+00 3.650663852692e+00 6.168048381805e+00 2.792735671997e+01 2.897648048401e+01 5.993180751801e+00 2.204320430756e+00 2.250595808029e+00 2.069713115692e+00 1.990949034691e+00 3.240353584290e+00
4.396163523197e-01 4.725915193558e-01 5.893076658249e-01 6.580725312233e-01 6.037019491196e-01 9.987190365791e-01 1.172567367554e+00 1.202961206436e+00 1.036522030830e+00 1.054327964783e+00 1.151620388031e+00 1.440553069115e+00 1.431175231934e+00 5.172749519348e+00 3.710167312622e+01 4.725815582275e+01 2.230991554260e+01 1.180771923065e+01 9.539460182190e+00 7.607806682587e+00 3.730279445648e+00 3.569567680359e+00 7.697350025177e+00 1.639933013916e+01 1.346799373627e+01 7.184555530548e+00 8.440070152283e+00 6.883191108704e+00 7.286828517914e+00 5.169980049133e+00 1.307684135437e+01 5.225673198700e+00 3.857540845871e+00 2.745651483536e+00 1.879249811172e+00 5.794615268707e+00 6.369418144226e+00 1.568367362022e+00 1.096873164177e+00 1.291995286942e+00 1.599504232407e+00 1.791553258896e+00 1.678091764450e+00
5.281527042389e-01 8.284567594528e-01 1.127115488052e+00 1.224168419838e+00 1.588035821915e+00 2.108849763870e+00 2.070792198181e+00 1.825407743454e+00 1.567365288734e+00 1.208653807640e+00 1.548071742058e+00 1.707608103752e+00 9.082448959351e+00 5.058984756470e+01 6.999562835693e+01 2.472932624817e+01 7.374708175659e+00 4.558970451355e+00 4.774443149567e+00 4.196248054504e+00 3.926857471466e+00 8.925549507141e+00 1.760034370422e+01 2.323997306824e+01 1.868843841553e+01 9.574816703796e+00 6.711787223816e+00 4.810521602631e+00 4.465825080872e+00 3.893801450729e+00 5.553490161896e+00 2.431380510330e+00 2.795044183731e+00 2.273236274719e+00 1.435893774033e+00 8.563790917397e-01 7.161518335342e-01 7.073491811752e-01 7.350023984909e-01 9.163020253181e-01 1.231378078461e+00 1.560824275017e+00 1.600338220596e+00
8.706719279289e-01 1.298097729683e+00 1.721389174461e+00 2.493279933929e+00 4.806479930878e+00 4.723227500916e+00 6.546994686127e+00 5.098694324493e+00 5.802883625031e+00 3.451660871506e+00 1.863400697708e+00 1.171492862701e+01 4.752108001709e+01 4.765129852295e+01 1.258042526245e+01 3.701944112778e+00 6.768788337708e+00 8.945936203003e+00 6.529893875122e+00 7.491276264191e+00 9.036223411560e+00 9.209016799927e+00 1.328709411621e+01 1.089898204803e+01 7.294363975525e+00 5.736547470093e+00 3.582929372787e+00 1.411244511604e+00 1.469659209251e+00 1.392166376114e+00 1.786748170853e+00 1.311289310455e+00 1.173613667488e+00 8.209476470947e-01 8.406442999840e-01 8.584910035133e-01 8.878162503242e-01 9.340626597404e-01 9.955645203590e-01 1.075080513954e+00 1.091584801674e+00 1.306087374687e+00 1.708877801895e+00
