100/SI/f171.grd
DSAA
101	101
32.816463539100	34.260883539100
35.556306596100	36.727886596100
9.992969222367e-03	1.821881347656e+03
[rows 38 to 56 of 101, columns 0 to 42 of 101]
3.980061292648e+00 8.393672943115e+00 9.071910858154e+00 9.443605422974e+00 1.181164550781e+01 1.447656822205e+01 1.671342086792e+01 1.852111625671e+01 2.030467605591e+01 1.856544876099e+01 1.527139854431e+01 1.262695598602e+01 1.289505958557e+01 1.272394561768e+01 1.321096897125e+01 1.462683486938e+01 1.653247833252e+01 3.068892860413e+01 4.953908157349e+01 5.298623657227e+01 4.247002029419e+01 3.433285140991e+01 2.403472328186e+01 2.826605606079e+01 5.390164184570e+01 7.034823608398e+01 6.820233154297e+01 4.914407730103e+01 3.688227081299e+01 4.029043960571e+01 4.147917175293e+01 5.139253616333e+01 6.973961639404e+01 6.887142944336e+01 6.485988616943e+01 3.980374526978e+01 5.520152664185e+01 6.201329040527e+01 5.951936721802e+01 9.156317901611e+01 9.943668365479e+01 1.447936248779e+02 1.196719894409e+02
6.172393321991e+00 1.098215103149e+01 9.214110374451e+00 8.829892158508e+00 1.255476474762e+01 1.521132469177e+01 1.989273452759e+01 2.497554016113e+01 2.778426170349e+01 2.600596618652e+01 1.898715400696e+01 1.425155162811e+01 1.256154537201e+01 1.272629547119e+01 1.366670989990e+01 1.477870368958e+01 1.574491500854e+01 1.667355155945e+01 2.699704742432e+01 3.772489929199e+01 3.845440292358e+01 3.575798034668e+01 3.722603607178e+01 3.114967536926e+01 2.995858764648e+01 3.375322341919e+01 4.367302703857e+01 8.235525512695e+01 1.106479034424e+02 1.123215408325e+02 8.802989196777e+01 4.339849853516e+01 5.088940811157e+01 4.277981185913e+01 8.420424652100e+01 7.507820129395e+01 4.994361495972e+01 6.061807632446e+01 7.410160827637e+01 8.372161865234e+01 1.128946838379e+02 1.343595733643e+02 1.558099212646e+02
6.767958641052e+00 1.347905158997e+01 1.276757144928e+01 1.127602005005e+01 1.487127113342e+01 1.825764083862e+01 2.209189414978e+01 2.898764038086e+01 3.137536621094e+01 3.119323921204e+01 2.133611679077e+01 1.414829921722e+01 1.414952468872e+01 1.217753887177e+01 1.042440700531e+01 1.143349075317e+01 1.418789958954e+01 1.491680526733e+01 1.630126762390e+01 2.087562561035e+01 3.123767471313e+01 4.424839401245e+01 5.141570281982e+01 5.290087890625e+01 5.326023483276e+01 3.573274612427e+01 2.681293487549e+01 2.793165206909e+01 2.937460327148e+01 3.519256591797e+01 7.396840667725e+01 1.174510955811e+02 1.391318054199e+02 1.164012374878e+02 6.026065444946e+01 6.032674789429e+01 1.037919921875e+02 8.599517059326e+01 9.142040252686e+01 9.067996215820e+01 8.075412750244e+01 1.138436660767e+02 1.693656768799e+02
9.791644096375e+00 1.655157852173e+01 1.918519401550e+01 1.968590354919e+01 1.773261451721e+01 2.123923683167e+01 2.121063423157e+01 2.021845626831e+01 2.021825408936e+01 2.482036781311e+01 2.661663627625e+01 2.294571113586e+01 1.687946701050e+01 1.524799442291e+01 1.676205444336e+01 2.070325469971e+01 2.399452590942e+01 2.681090164185e+01 2.614756965637e+01 1.898058509827e+01 2.074257087708e+01 2.732427215576e+01 3.046190261841e+01 4.073397064209e+01 5.049948120117e+01 5.992928314209e+01 6.680812072754e+01 6.484103393555e+01 6.878407287598e+01 7.510046386719e+01 8.306232452393e+01 7.746234893799e+01 1.201354446411e+02 1.359732818604e+02 9.723664855957e+01 1.241933898926e+02 1.380782623291e+02 1.174502487183e+02 1.333096923828e+02 1.099601516724e+02 7.600955200195e+01 1.323411712646e+02 1.081104278564e+02
9.982990264893e+00 1.921473884583e+01 2.156637573242e+01 1.785469818115e+01 2.099211692810e+01 2.645713233948e+01 2.623942184448e+01 2.141477775574e+01 2.577731323242e+01 2.149799919128e+01 2.046953582764e+01 2.838749313354e+01 2.931088638306e+01 2.189124107361e+01 2.041070938110e+01 1.879293251038e+01 2.065943908691e+01 2.761622047424e+01 3.714439773560e+01 3.770612716675e+01 2.375828742981e+01 2.544825172424e+01 3.356078720093e+01 2.774967956543e+01 3.229968643188e+01 3.926912689209e+01 5.211664962769e+01 7.874160003662e+01 1.056186599731e+02 9.671736907959e+01 9.216001892090e+01 6.803812408447e+01 6.745967102051e+01 1.298385467529e+02 1.218572006226e+02 1.534407958984e+02 1.013437728882e+02 1.439843597412e+02 1.267353820801e+02 1.827897949219e+02 1.892568359375e+02 1.518678131104e+02 1.684666442871e+02
1.985980796814e+01 3.855459976196e+01 2.883180809021e+01 2.448601150513e+01 2.395563316345e+01 2.154053306580e+01 2.285727119446e+01 2.780591964722e+01 2.739055633545e+01 2.188796997070e+01 2.610265159607e+01 1.782277870178e+01 2.287201309204e+01 3.191295051575e+01 2.753970527649e+01 2.338933753967e+01 2.929471397400e+01 6.301452636719e+01 7.400528717041e+01 4.399864196777e+01 4.708606719971e+01 2.663871955872e+01 3.047751998901e+01 4.335436248779e+01 2.882736968994e+01 2.753166580200e+01 2.995694923401e+01 3.114493370056e+01 3.966771316528e+01 4.505672073364e+01 4.805781936646e+01 5.500802993774e+01 7.475080108643e+01 1.175590133667e+02 7.871598052979e+01 7.296088409424e+01 1.041817169189e+02 1.220725021362e+02 8.246016693115e+01 1.715210571289e+02 1.749404754639e+02 1.900290222168e+02 2.321786956787e+02
3.041502189636e+01 5.586305236816e+01 4.535544586182e+01 3.582699584961e+01 3.301731109619e+01 2.588936233521e+01 3.561526489258e+01 3.121493339539e+01 3.416072082520e+01 2.661690711975e+01 2.051425552368e+01 2.465668296814e+01 2.225198936462e+01 1.513684177399e+01 2.713343429565e+01 3.174864578247e+01 2.289327621460e+01 1.912689399719e+01 3.486112213135e+01 2.507811927795e+01 4.351597976685e+01 4.799250793457e+01 4.797523117065e+01 4.232115173340e+01 5.852846527100e+01 3.626976776123e+01 3.564701080322e+01 4.616147232056e+01 5.415853881836e+01 4.157351684570e+01 5.052584457397e+01 6.230626296997e+01 7.393571472168e+01 8.689586639404e+01 1.110009994507e+02 8.413934326172e+01 9.346918487549e+01 1.044274826050e+02 9.908894348145e+01 1.407145538330e+02 1.378543090820e+02 1.987750091553e+02 1.976524963379e+02
1.252744865417e+01 2.615095901489e+01 3.128525352478e+01 3.659789276123e+01 3.710717773438e+01 4.114187622070e+01 4.333822631836e+01 3.721507263184e+01 3.316343307495e+01 3.148973464966e+01 3.122135734558e+01 2.817578506470e+01 2.607484245300e+01 2.424189186096e+01 2.618394851685e+01 2.239580345154e+01 1.622639274597e+01 1.887546730042e+01 1.994129371643e+01 2.649456214905e+01 2.537441635132e+01 4.440148544312e+01 4.506930923462e+01 4.791652679443e+01 5.719338226318e+01 6.503693389893e+01 6.923190307617e+01 7.226836395264e+01 7.424854278564e+01 8.011760711670e+01 8.154288482666e+01 8.584526824951e+01 9.156098175049e+01 7.660947418213e+01 6.804173278809e+01 9.407151794434e+01 1.153432617188e+02 1.749667816162e+02 2.115989379883e+02 1.972308044434e+02 1.902352752686e+02 1.942256774902e+02 1.669298706055e+02
1.218904113770e+01 2.570463371277e+01 2.940280723572e+01 3.267133331299e+01 3.497030639648e+01 3.562079620361e+01 3.270663833618e+01 2.733084297180e+01 2.559333229065e+01 3.222757720947e+01 3.789388275146e+01 3.586305618286e+01 2.686139488220e+01 1.738433456421e+01 1.816274833679e+01 1.056301784515e+01 6.219493389130e+00 6.715200424194e+00 8.849187850952e+00 1.100843143463e+01 3.105582427979e+01 5.598638916016e+01 5.019009017944e+01 6.005442047119e+01 5.668417358398e+01 7.017308807373e+01 7.276837158203e+01 6.915242767334e+01 6.473310852051e+01 7.939187622070e+01 8.379489135742e+01 1.025630950928e+02 1.314513092041e+02 1.435639190674e+02 1.230922470093e+02 1.038255996704e+02 1.157802505493e+02 8.596916961670e+01 1.305688934326e+02 1.343399963379e+02 2.111486663818e+02 1.935994262695e+02 2.095289154053e+02
3.294844627380e+00 6.462766170502e+00 6.848948478699e+00 7.385340213776e+00 1.051926994324e+01 1.454280567169e+01 1.904285812378e+01 2.078100013733e+01 2.049820327759e+01 1.912027168274e+01 1.889566612244e+01 2.396079444885e+01 2.376769256592e+01 1.913293838501e+01 1.214656925201e+01 9.566185951233e+00 4.931845664978e+00 4.151268005371e+00 4.666934490204e+00 9.772175788879e+00 2.264606857300e+01 4.640769195557e+01 1.171038513184e+02 1.106622314453e+02 9.965879821777e+01 9.373111724854e+01 9.046554565430e+01 8.811463928223e+01 8.864100646973e+01 1.025548400879e+02 1.216646957397e+02 1.381121215820e+02 2.308235778809e+02 1.333244628906e+02 2.950061035156e+02 1.997354125977e+02 1.588863220215e+02 1.738784332275e+02 2.162982177734e+02 2.524320220947e+02 2.682192993164e+02 2.546622467041e+02 2.563499145508e+02
3.021091461182e+00 5.841071128845e+00 6.374819755554e+00 6.392326831818e+00 1.015920448303e+01 1.490970039368e+01 1.544608592987e+01 1.268571758270e+01 9.388181686401e+00 7.709858894348e+00 9.656334877014e+00 1.197179222107e+01 1.144472789764e+01 9.185995101929e+00 6.777922153473e+00 4.927909374237e+00 3.799077749252e+00 2.723576068878e+00 2.681026458740e+00 8.824912071228e+00 2.823407363892e+01 4.890899276733e+01 4.898916244507e+01 9.770905303955e+01 2.386520385742e+02 1.223048324585e+02 7.679344177246e+01 6.974572753906e+01 7.322620391846e+01 8.011324310303e+01 1.396897125244e+02 1.917071380615e+02 1.012663497925e+02 1.526309051514e+02 2.859829406738e+02 4.960993347168e+02 2.036697540283e+02 1.725986633301e+02 1.477158203125e+02 1.629937744141e+02 1.400595550537e+02 2.637123413086e+02 3.136461486816e+02
1.570388197899e+00 3.264963626862e+00 3.923591852188e+00 4.359427928925e+00 5.355642795563e+00 8.556475639343e+00 9.797039985657e+00 8.581611633301e+00 6.628221511841e+00 4.967444896698e+00 4.126960277557e+00 3.955750465393e+00 3.192471742630e+00 2.827839374542e+00 3.391974925995e+00 2.615132331848e+00 2.351208209991e+00 1.970521092415e+00 2.447037935257e+00 3.710704326630e+00 6.029994487762e+00 1.631412315369e+01 1.738029098511e+01 2.351624488831e+01 8.901557159424e+01 9.312966918945e+01 3.461499404907e+01 1.986854934692e+01 2.080075073242e+01 6.360116195679e+01 8.410456848145e+01 9.173252105713e+01 9.722371673584e+01 8.093192291260e+01 1.210074615479e+02 3.307778015137e+02 1.919494628906e+02 1.112984161377e+02 8.092294311523e+01 7.189929199219e+01 6.857186889648e+01 1.749260253906e+02 2.450453186035e+02
6.972993612289e-01 1.357148647308e+00 1.416655659676e+00 1.613732099533e+00 2.012295484543e+00 2.537811517715e+00 3.011013507843e+00 3.274741649628e+00 3.175427675247e+00 2.779767990112e+00 2.358467578888e+00 2.596976757050e+00 2.675209283829e+00 2.466454267502e+00 2.458562850952e+00 2.830962419510e+00 2.178733110428e+00 1.701272487640e+00 2.027667522430e+00 2.807391166687e+00 3.210113048553e+00 5.918258190155e+00 1.025316619873e+01 2.226888847351e+01 5.371484756470e+01 3.422746276855e+01 2.123880767822e+01 1.707693099976e+01 1.637609100342e+01 5.285272121429e+00 4.643878936768e+00 5.092108726501e+00 7.979277133942e+00 1.670884132385e+01 3.938634109497e+01 6.474458618164e+02 1.230704589844e+03 1.700937805176e+02 1.176171875000e+02 6.084808731079e+01 4.270638275146e+01 4.570014572144e+01 8.958509826660e+01
5.611552596092e-01 1.019335150719e+00 1.133454084396e+00 1.135128855705e+00 1.137807250023e+00 1.454347372055e+00 1.904885292053e+00 2.338324069977e+00 2.595666885376e+00 2.545422554016e+00 2.148410797119e+00 1.948147296906e+00 2.111766099930e+00 2.036375045776e+00 1.804210186005e+00 2.154850244522e+00 2.531669139862e+00 2.047567844391e+00 1.636968255043e+00 6.279642581940e+00 7.013342380524e+00 4.414841651917e+00 5.846951961517e+00 1.036230278015e+01 1.953888130188e+01 1.979730834961e+02 4.589270401001e+01 3.685782623291e+01 1.572556400299e+01 3.126905202866e+00 2.740156888962e+00 2.875424861908e+00 3.460465431213e+00 4.298988819122e+00 5.655748367310e+00 2.953350448608e+01 2.077014007568e+02 5.164054565430e+02 1.420021362305e+02 8.223243713379e+01 2.224978637695e+01 1.457046890259e+01 1.515263462067e+01
5.157794952393e-01 1.219989776611e+00 1.642806053162e+00 1.892798423767e+00 1.969034910202e+00 1.815791606903e+00 1.613575577736e+00 1.484497547150e+00 1.849249124527e+00 2.119669437408e+00 2.117476224899e+00 1.839270234108e+00 1.572290897369e+00 1.953828334808e+00 2.034067153931e+00 1.811496019363e+00 2.069254159927e+00 2.714125156403e+00 2.170585393906e+00 4.354081153870e+00 5.151432037354e+00 4.227503299713e+00 4.640258789062e+00 4.965752124786e+00 1.130258655548e+01 4.928763580322e+01 4.109045791626e+01 1.021494674683e+01 4.811358451843e+00 3.002702236176e+00 2.254555940628e+00 1.928544521332e+00 1.904525399208e+00 2.449851751328e+00 3.204497337341e+00 1.058663368225e+01 5.274134063721e+01 2.014631042480e+02 2.375554199219e+02 3.635648345947e+01 1.694440269470e+01 1.000815963745e+01 9.443793296814e+00
7.841918468475e-01 1.834834337234e+00 2.331558465958e+00 2.610920906067e+00 2.677537441254e+00 2.558229923248e+00 2.399766683578e+00 2.160147666931e+00 1.868971467018e+00 1.531164169312e+00 1.689790844917e+00 1.779803752899e+00 1.706817269325e+00 1.992699146271e+00 2.278665065765e+00 2.144234180450e+00 1.761471986771e+00 2.836305856705e+00 2.931267976761e+00 7.984165668488e+00 5.121560096741e+00 3.724229097366e+00 2.550010681152e+00 2.648924112320e+00 4.955290317535e+00 4.840962219238e+01 4.856781768799e+01 9.202695846558e+00 6.080663204193e+00 3.118940114975e+00 1.949624180794e+00 1.405877351761e+00 1.250065922737e+00 1.270825862885e+00 1.981877326965e+00 3.366667985916e+00 2.196217536926e+01 7.133853149414e+01 1.841487121582e+02 9.477845764160e+01 4.578988265991e+01 8.197443008423e+00 7.297408103943e+00
5.228477120399e-01 1.150660037994e+00 1.425655245781e+00 1.556795239449e+00 1.507189750671e+00 1.486602067947e+00 1.656738758087e+00 1.845436453819e+00 2.022176027298e+00 2.022615432739e+00 1.744520664215e+00 1.362127184868e+00 1.605183839798e+00 1.757272005081e+00 1.786990523338e+00 1.791673898697e+00 1.797317743301e+00 2.979796886444e+00 4.063357353210e+00 6.739830970764e+00 5.273408412933e+00 4.156450271606e+00 2.084632396698e+00 2.105450391769e+00 4.202866554260e+00 2.206714439392e+01 1.696154594421e+01 7.182315349579e+00 5.694604396820e+00 3.223475933075e+00 1.781413912773e+00 1.530030727386e+00 1.349771857262e+00 1.320545911789e+00 1.639534473419e+00 2.892583370209e+00 6.132236480713e+00 3.035037422180e+01 3.623118972778e+01 2.210291671753e+01 1.395056724548e+01 6.264606475830e+00 5.855581760406e+00
4.902715086937e-01 9.050909280777e-01 1.323339700699e+00 1.669311881065e+00 1.978237867355e+00 2.328221321106e+00 2.712245941162e+00 3.126088380814e+00 3.509272336960e+00 3.620719194412e+00 3.244761705399e+00 2.424321651459e+00 1.574337363243e+00 1.646754026413e+00 2.033212184906e+00 2.214193582535e+00 2.697918891907e+00 3.146094560623e+00 3.744408130646e+00 6.398723125458e+00 5.282447338104e+00 3.070290803909e+00 1.666449785233e+00 1.632987618446e+00 3.040542125702e+00 6.966462612152e+00 1.969102478027e+02 4.920395851135e+00 4.556451320648e+00 2.797062635422e+00 1.691694974899e+00 1.372014284134e+00 1.308581113815e+00 1.383386135101e+00 1.754939079285e+00 2.393133878708e+00 4.115285396576e+00 5.062638282776e+00 1.039625835419e+01 1.343164920807e+01 8.369191169739e+00 5.109458446503e+00 7.054016590118e+00
4.879215061665e-01 8.857779502869e-01 1.225060462952e+00 1.497775077820e+00 1.774909973145e+00 2.116669416428e+00 2.476480245590e+00 2.837254524231e+00 3.176692247391e+00 3.365398406982e+00 3.200758934021e+00 3.611544609070e+00 3.742237567902e+00 3.638685941696e+00 3.487694263458e+00 3.175817251205e+00 3.704421281815e+00 2.763839244843e+00 3.625553369522e+00 1.153947639465e+01 4.246835708618e+00 2.191283702850e+00 1.562489509583e+00 1.315761208534e+00 1.805489659309e+00 1.445008945465e+01 4.378533935547e+01 4.011352539062e+00 4.835812091827e+00 2.083959817886e+00 1.596512198448e+00 1.233157396317e+00 1.246790170670e+00 1.424252748489e+00 1.847160696983e+00 2.200816869736e+00 2.520720005035e+00 3.986431121826e+00 8.649086952209e+00 1.002850151062e+01 6.558085918427e+00 4.926937580109e+00 6.039159774780e+00
