100/SI/f171.grd
DSAA
101	101
32.816463539100	34.260883539100
35.556306596100	36.727886596100
9.992969222367e-03	1.821881347656e+03
[rows 19 to 37 of 101, columns 43 to 85 of 101]
1.672124099731e+01 2.122608184814e+01 2.758614158630e+01 2.812239837646e+01 1.822857284546e+01 2.882963562012e+01 1.355309295654e+01 1.510600566864e+01 1.539298820496e+01 1.560274696350e+01 1.423374271393e+01 2.182225990295e+01 2.635333442688e+01 2.694119453430e+01 1.792402267456e+01 2.194315910339e+01 2.851297760010e+01 2.689126205444e+01 1.493828296661e+01 2.403711128235e+01 1.094657135010e+01 1.526935386658e+01 2.043811988831e+01 1.020172691345e+01 1.025759506226e+01 1.123072624207e+01 9.664915084839e+00 1.255320453644e+01 1.163559532166e+01 9.170570373535e+00 9.846464157104e+00 1.250746536255e+01 1.408651447296e+01 1.089935779572e+01 1.061127853394e+01 8.116388320923e+00 5.589841842651e+00 6.586275100708e+00 7.280770778656e+00 6.056576728821e+00 5.115466117859e+00 4.846746921539e+00 5.272107601166e+00
1.473468875885e+01 2.080174064636e+01 2.946767234802e+01 3.397741317749e+01 2.463428497314e+01 2.549036788940e+01 1.395902824402e+01 1.602261352539e+01 1.341578674316e+01 1.677161788940e+01 1.753061485291e+01 2.047963905334e+01 2.830171775818e+01 2.870743370056e+01 2.179751777649e+01 2.375413703918e+01 2.789295578003e+01 3.041356277466e+01 1.764434623718e+01 2.327218246460e+01 1.249489212036e+01 2.317734909058e+01 2.875751686096e+01 1.280406951904e+01 1.197004318237e+01 1.150693225861e+01 1.228946971893e+01 1.298427391052e+01 1.011664104462e+01 9.752614021301e+00 1.266269111633e+01 1.646282005310e+01 1.467422103882e+01 1.276764488220e+01 9.864356040955e+00 8.137915611267e+00 6.283024311066e+00 7.693435192108e+00 5.964860439301e+00 4.609535694122e+00 4.919051647186e+00 4.634244441986e+00 4.826187610626e+00
1.581055927277e+01 2.302047157288e+01 2.722546005249e+01 3.556760406494e+01 3.033427429199e+01 2.180648040771e+01 1.462449836731e+01 1.699725151062e+01 1.273429012299e+01 1.576789188385e+01 1.661145210266e+01 1.929602432251e+01 2.700708770752e+01 3.078518295288e+01 2.633817672729e+01 2.537215232849e+01 2.677017211914e+01 3.328573226929e+01 2.013604164124e+01 2.159430694580e+01 1.406846427917e+01 2.877931976318e+01 3.155833625793e+01 1.440282821655e+01 1.170348834991e+01 1.374282932281e+01 1.386519432068e+01 1.124367427826e+01 9.048622131348e+00 1.262537097931e+01 1.760004425049e+01 1.701388931274e+01 1.148221778870e+01 1.457256031036e+01 9.784506797791e+00 7.502531528473e+00 7.467975139618e+00 7.907553672791e+00 6.073769569397e+00 4.675814151764e+00 4.690067768097e+00 3.653821945190e+00 3.604349136353e+00
1.505227947235e+01 2.177331542969e+01 2.311967086792e+01 3.397669982910e+01 3.357896804810e+01 2.233525466919e+01 1.859996032715e+01 1.802741432190e+01 1.255667686462e+01 1.386520004272e+01 1.726020431519e+01 1.958763504028e+01 2.252637481689e+01 3.303823089600e+01 2.941764259338e+01 2.469588661194e+01 2.480738258362e+01 3.575727081299e+01 2.220229721069e+01 1.937889480591e+01 1.564019489288e+01 2.865456199646e+01 2.757711982727e+01 1.341883182526e+01 1.240789222717e+01 1.514082050323e+01 1.259239578247e+01 9.700942993164e+00 1.330034637451e+01 1.864351844788e+01 1.827373504639e+01 1.268507385254e+01 1.003208637238e+01 1.515225219727e+01 7.202506542206e+00 7.429337978363e+00 9.207483291626e+00 6.940272331238e+00 6.964226245880e+00 4.542059898376e+00 5.003510951996e+00 4.217350959778e+00 3.801588296890e+00
1.223007965088e+01 1.509548568726e+01 2.321450614929e+01 3.013452720642e+01 3.388186645508e+01 2.253933715820e+01 2.320972633362e+01 1.947215080261e+01 1.366144847870e+01 1.257388019562e+01 1.800011444092e+01 1.915167808533e+01 2.361564064026e+01 3.554175567627e+01 2.989165878296e+01 2.318747329712e+01 2.236905670166e+01 3.730134201050e+01 2.370962715149e+01 2.236481857300e+01 1.842834472656e+01 2.364075088501e+01 2.064996528625e+01 1.222774791718e+01 1.579717350006e+01 1.464812660217e+01 1.019045925140e+01 1.419248104095e+01 2.022684860229e+01 1.960590171814e+01 1.330018901825e+01 8.184466362000e+00 1.140312099457e+01 1.422790241241e+01 7.715254783630e+00 7.984180927277e+00 9.696075439453e+00 6.773466110229e+00 7.641878604889e+00 4.672524929047e+00 4.760451316833e+00 4.100824356079e+00 4.194574832916e+00
1.664344215393e+01 1.583476448059e+01 2.629113388062e+01 2.554454994202e+01 3.228696441650e+01 2.521565628052e+01 2.233699417114e+01 2.473048400879e+01 2.149217033386e+01 1.642563629150e+01 1.817841148376e+01 1.811827468872e+01 2.579219055176e+01 3.808139419556e+01 2.695624923706e+01 2.229880714417e+01 1.910569763184e+01 3.821369552612e+01 2.866226387024e+01 2.481072807312e+01 2.180922126770e+01 2.315041351318e+01 1.400568485260e+01 1.527219200134e+01 1.621364974976e+01 1.090985774994e+01 1.543360805511e+01 2.184154891968e+01 2.073964881897e+01 1.389006614685e+01 7.432906627655e+00 6.501084327698e+00 1.525134277344e+01 1.190927124023e+01 7.289544105530e+00 1.033681583405e+01 8.782971382141e+00 6.831113815308e+00 8.121817588806e+00 5.789406299591e+00 4.443520069122e+00 4.230788707733e+00 3.708586692810e+00
2.609166717529e+01 1.627707099915e+01 1.595785427094e+01 2.720147705078e+01 2.983489418030e+01 2.669929885864e+01 2.069560241699e+01 2.272426223755e+01 2.582127761841e+01 2.536529731750e+01 2.162501335144e+01 2.587351608276e+01 2.808620643616e+01 3.965095520020e+01 2.341836929321e+01 2.042084121704e+01 2.605567741394e+01 3.856250000000e+01 3.249729156494e+01 2.388296699524e+01 2.353161621094e+01 2.497091865540e+01 1.570905590057e+01 1.663286399841e+01 1.300547790527e+01 1.618856811523e+01 2.382566452026e+01 2.226103210449e+01 1.446897029877e+01 1.002272605896e+01 1.412430381775e+01 9.036983489990e+00 1.779471015930e+01 1.042210483551e+01 8.618986129761e+00 1.104537105560e+01 1.054447937012e+01 7.313769817352e+00 8.388863563538e+00 6.400824546814e+00 4.018662929535e+00 3.876833677292e+00 4.495006084442e+00
3.485988616943e+01 1.676144599915e+01 1.609314346313e+01 2.517971229553e+01 2.696444129944e+01 2.741905403137e+01 2.237817955017e+01 2.312304306030e+01 2.157695388794e+01 2.792832183838e+01 3.046338272095e+01 2.643817329407e+01 3.039074897766e+01 4.024538421631e+01 2.039761924744e+01 3.067363548279e+01 3.655382919312e+01 3.869917678833e+01 3.165633392334e+01 1.899728584290e+01 2.237909126282e+01 2.288117599487e+01 1.599820995331e+01 1.374680519104e+01 1.636538124084e+01 2.539223480225e+01 2.442490386963e+01 1.527931499481e+01 1.387673854828e+01 1.962001037598e+01 1.783726692200e+01 1.616736984253e+01 1.733878135681e+01 1.163880443573e+01 1.107578182220e+01 9.151476860046e+00 1.147484683990e+01 7.757588863373e+00 8.422435760498e+00 6.375296592712e+00 4.062774181366e+00 4.926592350006e+00 6.327629089355e+00
3.806060409546e+01 1.723969841003e+01 1.950828361511e+01 1.683116722107e+01 2.850868415833e+01 2.782263946533e+01 2.383985519409e+01 2.460339546204e+01 2.170376777649e+01 2.911787414551e+01 2.951365280151e+01 2.570072937012e+01 3.247657394409e+01 3.885246658325e+01 3.357625961304e+01 4.061790847778e+01 3.905356597900e+01 3.770271301270e+01 2.162129783630e+01 1.939513397217e+01 2.294272041321e+01 2.309507942200e+01 1.490041828156e+01 1.570872497559e+01 2.653345298767e+01 2.701621055603e+01 1.691328239441e+01 1.456584548950e+01 2.132776641846e+01 1.768514633179e+01 1.417416954041e+01 1.635711479187e+01 1.344744205475e+01 1.224186611176e+01 1.096232223511e+01 7.236733913422e+00 1.121914863586e+01 8.415269851685e+00 8.262517929077e+00 5.786913871765e+00 5.368017673492e+00 7.030613899231e+00 7.943574905396e+00
3.345897674561e+01 2.504500961304e+01 2.264862060547e+01 1.634983825684e+01 2.166099739075e+01 2.794008445740e+01 2.850948905945e+01 2.620223236084e+01 3.019893264771e+01 4.473244476318e+01 2.569874954224e+01 2.327560806274e+01 3.388625717163e+01 3.583496093750e+01 4.353353881836e+01 4.192599487305e+01 3.631219482422e+01 3.655641555786e+01 2.351753616333e+01 2.611604499817e+01 2.387283134460e+01 2.303647994995e+01 1.439115047455e+01 2.698322105408e+01 2.983018493652e+01 1.926141929626e+01 1.667063713074e+01 2.263944244385e+01 1.990455055237e+01 1.292829799652e+01 1.883047676086e+01 1.714759826660e+01 9.551759719849e+00 1.168549633026e+01 9.212961196899e+00 9.907768249512e+00 1.019295978546e+01 9.066955566406e+00 8.091855049133e+00 7.449366569519e+00 8.728626251221e+00 9.789767265320e+00 8.253805160522e+00
2.265757751465e+01 3.759814453125e+01 2.487037658691e+01 2.013071823120e+01 2.410538673401e+01 2.775750350952e+01 2.656241226196e+01 2.810132408142e+01 3.960714721680e+01 5.558025741577e+01 3.754301071167e+01 2.540372085571e+01 3.421666336060e+01 4.165255355835e+01 4.438565063477e+01 5.745009613037e+01 3.075805854797e+01 3.400176239014e+01 2.552725028992e+01 2.648422813416e+01 2.392409133911e+01 2.182423782349e+01 2.678351020813e+01 3.172492599487e+01 2.175848197937e+01 1.876470756531e+01 2.233125114441e+01 2.219351005554e+01 1.865843582153e+01 1.891092491150e+01 2.005701065063e+01 1.175012969971e+01 1.113912677765e+01 9.989423751831e+00 8.078832626343e+00 7.537768363953e+00 1.347308731079e+01 1.061914348602e+01 9.661135673523e+00 1.163524341583e+01 1.158652973175e+01 8.503173828125e+00 5.310041427612e+00
2.463077545166e+01 4.160043334961e+01 2.578131103516e+01 2.229471969604e+01 2.848495292664e+01 2.669750213623e+01 2.770169639587e+01 3.445004272461e+01 4.574477386475e+01 5.607218933105e+01 4.502959060669e+01 4.358077621460e+01 3.847542953491e+01 4.571527099609e+01 5.068637466431e+01 7.333010864258e+01 3.220241928101e+01 3.454050064087e+01 3.431142807007e+01 2.814557647705e+01 2.236416625977e+01 2.678409385681e+01 3.344537734985e+01 2.400703239441e+01 2.101054000854e+01 2.199070167542e+01 2.126358222961e+01 2.304907798767e+01 2.248475456238e+01 2.281637001038e+01 1.722445106506e+01 9.795034408569e+00 1.328758144379e+01 7.651875019073e+00 8.140909194946e+00 8.137124061584e+00 1.858221244812e+01 1.278870773315e+01 1.339452457428e+01 1.078578186035e+01 6.557819843292e+00 3.522042274475e+00 3.446864843369e+00
4.901097869873e+01 3.295124435425e+01 3.617480087280e+01 2.372126579285e+01 3.428682708740e+01 2.657285499573e+01 2.997322273254e+01 3.993484115601e+01 4.829279708862e+01 4.773289489746e+01 4.353165817261e+01 4.272620773315e+01 4.342794799805e+01 3.510867309570e+01 3.521791839600e+01 4.731863021851e+01 2.807016754150e+01 3.421268844604e+01 3.739434051514e+01 3.126511383057e+01 2.792335510254e+01 3.508689117432e+01 2.622325897217e+01 2.311337471008e+01 2.144527435303e+01 1.984478378296e+01 2.082641983032e+01 2.471460723877e+01 2.485626029968e+01 2.252976226807e+01 1.395117473602e+01 9.260935783386e+00 1.412807464600e+01 1.112883567810e+01 1.338646888733e+01 1.421044635773e+01 2.097717475891e+01 1.213240528107e+01 9.645889282227e+00 6.511233806610e+00 5.847484111786e+00 4.704405307770e+00 4.748233318329e+00
8.012220001221e+01 3.488263320923e+01 4.043616867065e+01 2.968247032166e+01 3.818656539917e+01 3.258073043823e+01 3.287622833252e+01 4.598543548584e+01 4.980145263672e+01 3.982828903198e+01 5.154057312012e+01 6.301234054565e+01 3.761282348633e+01 4.393032455444e+01 2.655338096619e+01 3.179591560364e+01 2.922849273682e+01 3.344893646240e+01 3.227518463135e+01 2.940814971924e+01 3.734534835815e+01 2.838647842407e+01 2.455260658264e+01 2.170774078369e+01 2.322470855713e+01 2.275200653076e+01 2.207874107361e+01 2.752748680115e+01 2.768652915955e+01 2.469411277771e+01 1.701745414734e+01 1.548083114624e+01 1.534017658234e+01 1.335145759583e+01 1.293394470215e+01 2.014453125000e+01 1.729125404358e+01 8.063687324524e+00 8.720827102661e+00 8.922051429749e+00 8.279144287109e+00 6.409953594208e+00 5.136566638947e+00
8.874154663086e+01 9.190907287598e+01 3.992379379272e+01 3.881152343750e+01 4.225183105469e+01 3.956791305542e+01 5.539427566528e+01 5.168622589111e+01 4.930002593994e+01 3.717809295654e+01 5.684694671631e+01 7.070802307129e+01 4.235387039185e+01 4.281775283813e+01 3.228828430176e+01 3.278718566895e+01 3.505474090576e+01 3.308288574219e+01 3.213760757446e+01 4.009823226929e+01 3.117282867432e+01 2.818914031982e+01 2.411323928833e+01 1.885690307617e+01 2.391243171692e+01 2.523692131042e+01 2.394800186157e+01 2.972267150879e+01 3.096484184265e+01 2.711129760742e+01 2.020410346985e+01 1.478224372864e+01 1.315769290924e+01 1.118491268158e+01 1.830629539490e+01 2.090742683411e+01 9.320139884949e+00 9.181896209717e+00 9.583087921143e+00 9.723874092102e+00 9.196435928345e+00 7.695526123047e+00 5.352580070496e+00
4.293243408203e+01 1.252597503662e+02 9.091405487061e+01 3.905521011353e+01 4.473567962646e+01 4.945460128784e+01 5.358742523193e+01 5.446001434326e+01 4.392573547363e+01 3.897563552856e+01 6.493022918701e+01 6.967575836182e+01 5.494069671631e+01 3.717572021484e+01 3.369027328491e+01 3.807179641724e+01 6.203562927246e+01 3.876009368896e+01 4.461170196533e+01 3.432036209106e+01 2.612229728699e+01 2.544094085693e+01 2.085664176941e+01 2.653804206848e+01 2.645643043518e+01 2.927928352356e+01 3.192162704468e+01 2.555487823486e+01 2.969713592529e+01 2.966361618042e+01 2.306785011292e+01 1.276353168488e+01 1.253606224060e+01 1.940123367310e+01 2.099068260193e+01 1.226511096954e+01 8.152091979980e+00 8.243884086609e+00 8.218221664429e+00 8.346969604492e+00 8.319486618042e+00 7.709773540497e+00 6.538428306580e+00
7.856819152832e+01 6.061558914185e+01 1.464498443604e+02 6.781376647949e+01 4.547532272339e+01 6.104117965698e+01 4.552253723145e+01 5.104271316528e+01 6.732521820068e+01 5.106466674805e+01 7.046694946289e+01 5.585108566284e+01 5.886009597778e+01 4.946208190918e+01 4.027867507935e+01 3.762380218506e+01 9.009321594238e+01 5.406679534912e+01 4.170174407959e+01 5.273358154297e+01 3.151706504822e+01 2.601093864441e+01 2.775361633301e+01 2.920062446594e+01 2.815342140198e+01 2.863441658020e+01 4.030582046509e+01 2.508543014526e+01 3.098447227478e+01 3.234568405151e+01 2.623114204407e+01 1.691334724426e+01 2.141824913025e+01 1.978547286987e+01 1.131192684174e+01 9.795591354370e+00 9.250118255615e+00 8.659877777100e+00 8.048035621643e+00 7.490776538849e+00 7.179386615753e+00 7.420356750488e+00 6.749843597412e+00
1.069398040771e+02 1.397141418457e+02 8.493997955322e+01 1.442486877441e+02 5.511212921143e+01 7.421245574951e+01 6.307749557495e+01 6.731020355225e+01 9.426805877686e+01 7.592195129395e+01 8.639830780029e+01 5.320999526978e+01 5.376663589478e+01 5.615871810913e+01 5.048044967651e+01 3.964961624146e+01 1.054755935669e+02 5.939942550659e+01 6.213704681396e+01 4.325544357300e+01 2.392389869690e+01 2.583554649353e+01 3.263898849487e+01 2.947745513916e+01 2.702392005920e+01 2.500899314880e+01 3.938998031616e+01 2.762222290039e+01 3.489648056030e+01 3.442866134644e+01 2.730457496643e+01 2.166675949097e+01 1.623057937622e+01 8.909318923950e+00 8.220787048340e+00 8.341356277466e+00 8.464130401611e+00 9.038083076477e+00 8.865739822388e+00 8.402401924133e+00 9.068404197693e+00 1.052346420288e+01 1.097296237946e+01
2.070763549805e+02 1.411682739258e+02 1.495817718506e+02 1.233065872192e+02 1.113855438232e+02 8.379598999023e+01 9.133247375488e+01 8.117127227783e+01 8.093937683105e+01 8.955879211426e+01 1.022999801636e+02 6.174260711670e+01 5.335864639282e+01 5.743643188477e+01 6.303694152832e+01 5.955043792725e+01 8.107467651367e+01 5.930722427368e+01 5.910623550415e+01 4.716089248657e+01 3.863466644287e+01 4.555434799194e+01 4.567943191528e+01 3.780708312988e+01 2.763916969299e+01 2.412031745911e+01 3.098818969727e+01 3.410622406006e+01 3.624065399170e+01 3.029874610901e+01 2.127725791931e+01 1.295031929016e+01 1.132615375519e+01 1.245466804504e+01 1.470438671112e+01 1.609955024719e+01 1.681429862976e+01 1.671260643005e+01 1.584564113617e+01 1.448605728149e+01 1.316404533386e+01 1.287389183044e+01 1.139190864563e+01
