100/SI/f171.grd
DSAA
101	101
32.816463539100	34.260883539100
35.556306596100	36.727886596100
9.992969222367e-03	1.821881347656e+03
[rows 57 to 75 of 101, columns 0 to 42 of 101]
5.628070235252e-01 9.234984517097e-01 1.012012362480e+00 1.013919830322e+00 1.027610778809e+00 1.250223994255e+00 1.404306292534e+00 1.543697357178e+00 1.674463152885e+00 1.715432643890e+00 1.719989538193e+00 2.427649974823e+00 4.143496990204e+00 2.264415979385e+00 1.603644251823e+00 2.400952577591e+00 2.154053688049e+00 2.511214733124e+00 3.042477607727e+00 3.080833196640e+00 3.118041992188e+00 2.464366674423e+00 1.696845293045e+00 1.494999170303e+00 1.626365423203e+00 2.249301671982e+00 3.566386222839e+00 4.397763252258e+00 3.300220489502e+00 1.990792870522e+00 1.586215138435e+00 1.259998917580e+00 1.316976308823e+00 1.620705962181e+00 1.899899363518e+00 2.399092674255e+00 2.779303550720e+00 2.967181682587e+00 4.835691928864e+00 6.546658992767e+00 5.703546524048e+00 5.121319293976e+00 5.770999431610e+00
7.162202000618e-01 1.171102404594e+00 1.335378646851e+00 1.355850696564e+00 1.343708515167e+00 1.309967517853e+00 1.294159531593e+00 1.358295559883e+00 1.417754292488e+00 2.322533369064e+00 7.495626449585e+00 8.667227745056e+00 3.238680601120e+00 1.656138420105e+00 1.663033962250e+00 1.526235699654e+00 1.679892778397e+00 1.668788552284e+00 1.972433924675e+00 2.497686147690e+00 3.044895172119e+00 3.264756917953e+00 2.293284654617e+00 1.428436517715e+00 1.649217963219e+00 2.505786418915e+00 3.758548736572e+00 4.011153221130e+00 4.080904006958e+00 2.613435506821e+00 1.574721813202e+00 1.443827986717e+00 1.377143383026e+00 1.677113175392e+00 1.980713725090e+00 2.050227642059e+00 2.100180387497e+00 2.149636030197e+00 2.159048795700e+00 2.330730915070e+00 2.902779340744e+00 4.015901565552e+00 4.653981685638e+00
9.537239670753e-01 1.565818071365e+00 1.875079393387e+00 2.653526067734e+00 3.320156574249e+00 4.142656803131e+00 5.398993968964e+00 7.866603374481e+00 1.454083251953e+01 2.064915466309e+01 1.376588344574e+01 3.503123521805e+00 2.407546758652e+00 2.111106395721e+00 1.541036486626e+00 1.576661586761e+00 1.662680745125e+00 1.630635380745e+00 1.610225677490e+00 1.741288661957e+00 2.940190792084e+00 3.339855194092e+00 2.379070281982e+00 1.378779888153e+00 1.069872140884e+00 1.641945719719e+00 2.316287994385e+00 2.441236495972e+00 2.480013370514e+00 2.038695096970e+00 1.453680157661e+00 1.505461573601e+00 1.435256242752e+00 1.614898800850e+00 1.946597337723e+00 2.015521764755e+00 1.915744543076e+00 1.753314375877e+00 1.585160970688e+00 1.776548147202e+00 2.300065517426e+00 2.915897846222e+00 3.928950309753e+00
9.322866797447e-01 1.921181440353e+00 3.165875196457e+00 4.318100452423e+00 5.311103343964e+00 6.911236286163e+00 9.946853637695e+00 1.482682991028e+01 1.494578170776e+01 6.939131259918e+00 1.730353713036e+00 2.013347148895e+00 2.182838916779e+00 1.937557935715e+00 1.693749308586e+00 1.775987505913e+00 1.774976730347e+00 1.699543476105e+00 1.372272849083e+00 1.361264228821e+00 2.115571975708e+00 2.364908218384e+00 1.763125419617e+00 1.111266136169e+00 8.591045141220e-01 9.285869598389e-01 1.241042733192e+00 1.532223820686e+00 1.739178538322e+00 1.558292388916e+00 1.426949501038e+00 1.315651059151e+00 1.407698273659e+00 1.560862302780e+00 1.869245767593e+00 1.913959026337e+00 1.729468703270e+00 1.478219985962e+00 1.380182623863e+00 1.527519106865e+00 2.209555149078e+00 2.708545446396e+00 3.596217870712e+00
5.684717297554e-01 9.896383285522e-01 1.206883311272e+00 1.268618941307e+00 1.271513938904e+00 1.268103122711e+00 1.259360671043e+00 1.234705924988e+00 1.214394807816e+00 1.191503405571e+00 1.120647668839e+00 1.179782032967e+00 1.243649840355e+00 1.587855935097e+00 1.782928705215e+00 1.859833002090e+00 1.786394715309e+00 1.583544254303e+00 1.172117590904e+00 9.647328853607e-01 1.181467652321e+00 1.228240609169e+00 9.733514189720e-01 7.258371114731e-01 6.418443322182e-01 6.847972869873e-01 8.779503703117e-01 1.056669116020e+00 1.291727066040e+00 1.392329096794e+00 1.319214463234e+00 1.179584026337e+00 1.347032666206e+00 1.629325270653e+00 1.940496563911e+00 1.876707434654e+00 1.557987332344e+00 1.250719547272e+00 1.394534587860e+00 1.554318666458e+00 2.199986934662e+00 2.733185291290e+00 3.375669717789e+00
2.699899375439e-01 5.023888945580e-01 6.495472192764e-01 7.158802151680e-01 7.421929836273e-01 7.648626565933e-01 7.865553498268e-01 8.029589653015e-01 8.288545012474e-01 8.548902273178e-01 8.387005925179e-01 7.887837886810e-01 7.702996730804e-01 1.020342230797e+00 1.197620511055e+00 1.258845567703e+00 1.143265485764e+00 1.016557097435e+00 8.597730398178e-01 7.535131573677e-01 6.287857890129e-01 5.878057479858e-01 4.873296618462e-01 5.457047224045e-01 6.431930661201e-01 6.757367253304e-01 7.264370918274e-01 8.800261020660e-01 1.091369509697e+00 1.195629715919e+00 1.179509162903e+00 1.114397287369e+00 1.337578535080e+00 1.791968822479e+00 2.080155134201e+00 1.879588127136e+00 1.410837292671e+00 1.232280850410e+00 1.424829125404e+00 1.612998247147e+00 2.123811244965e+00 2.517545461655e+00 2.893479824066e+00
1.823475658894e-01 3.070405125618e-01 3.837091624737e-01 4.415490031242e-01 4.748706817627e-01 5.046310424805e-01 5.331181883812e-01 5.571873188019e-01 5.865396857262e-01 6.164149641991e-01 6.204565763474e-01 6.004269719124e-01 5.775787830353e-01 5.568260550499e-01 5.579726099968e-01 6.328254342079e-01 6.673636436462e-01 6.583745479584e-01 6.042687296867e-01 5.712099075317e-01 5.131865143776e-01 4.812304377556e-01 4.205024838448e-01 5.535676479340e-01 6.818914413452e-01 7.461509704590e-01 7.409403324127e-01 7.365056872368e-01 8.997492194176e-01 1.002209424973e+00 1.027665615082e+00 1.021919608116e+00 1.350834369659e+00 1.884263396263e+00 2.079921245575e+00 1.741819739342e+00 1.234516263008e+00 1.234467983246e+00 1.484081745148e+00 1.659164547920e+00 1.920278072357e+00 2.206307411194e+00 2.256668806076e+00
1.494687199593e-01 2.509800791740e-01 3.162339627743e-01 3.536696434021e-01 3.706597685814e-01 3.891562521458e-01 4.033460915089e-01 4.085076153278e-01 4.288360774517e-01 4.460526406765e-01 4.496903419495e-01 4.421371817589e-01 4.346770942211e-01 4.245491921902e-01 4.378335475922e-01 5.029496550560e-01 5.346563458443e-01 5.278076529503e-01 4.883473217487e-01 4.548261165619e-01 4.967019557953e-01 4.817415177822e-01 4.144939780235e-01 5.507317185402e-01 6.943793296814e-01 7.815865874290e-01 7.908474802971e-01 7.648708820343e-01 7.905161380768e-01 8.676810860634e-01 9.044401049614e-01 9.394536018372e-01 1.336992979050e+00 1.834511637688e+00 1.892720937729e+00 1.496848464012e+00 1.161792397499e+00 1.273957371712e+00 1.547606587410e+00 1.628026127815e+00 1.696706533432e+00 1.830655217171e+00 1.676827669144e+00
1.472478657961e-01 2.357334792614e-01 2.984464168549e-01 3.266644477844e-01 3.384279012680e-01 3.490681946278e-01 3.531342148781e-01 3.460571169853e-01 3.377473950386e-01 3.423934280872e-01 3.432087302208e-01 3.565530776978e-01 3.671647310257e-01 3.758315145969e-01 3.861663639545e-01 4.070850312710e-01 4.354130923748e-01 4.357916712761e-01 4.399916231632e-01 4.347446262836e-01 4.550069272518e-01 4.746169447899e-01 4.208510518074e-01 5.203031301498e-01 6.569644808769e-01 7.473619580269e-01 7.621864080429e-01 7.493764162064e-01 7.928156852722e-01 8.170375823975e-01 8.330672979355e-01 8.733184337616e-01 1.248627662659e+00 1.641455292702e+00 1.599719047546e+00 1.284191250801e+00 1.130441308022e+00 1.359873175621e+00 1.560588240623e+00 1.517236351967e+00 1.471853613853e+00 1.478651762009e+00 1.358324527740e+00
1.373956352472e-01 2.179985940456e-01 2.730070948601e-01 2.967842221260e-01 3.067392706871e-01 3.145588040352e-01 3.157121241093e-01 3.090928494930e-01 3.005487918854e-01 3.202598690987e-01 3.397688269615e-01 3.574945926666e-01 3.732273578644e-01 3.864866495132e-01 3.985910117626e-01 4.103553593159e-01 4.190170764923e-01 4.203850626945e-01 4.120194613934e-01 4.130525290966e-01 4.131261706352e-01 4.564842581749e-01 4.310693144798e-01 4.709671735764e-01 5.864038467407e-01 6.661756634712e-01 7.706716656685e-01 8.436155319214e-01 8.488672971725e-01 8.226830959320e-01 8.052133917809e-01 8.127837181091e-01 1.094016671181e+00 1.364909291267e+00 1.311851739883e+00 1.142059922218e+00 1.214901566505e+00 1.377337217331e+00 1.470292687416e+00 1.329663991928e+00 1.228860020638e+00 1.164099574089e+00 1.159727096558e+00
1.262656450272e-01 1.999937742949e-01 2.500421106815e-01 2.727199792862e-01 2.821914255619e-01 2.865824401379e-01 2.847663462162e-01 2.791860401630e-01 2.788463830948e-01 3.027535974979e-01 3.244669437408e-01 3.449532389641e-01 3.638226687908e-01 3.796700835228e-01 3.920434713364e-01 4.001909494400e-01 4.044351279736e-01 4.450697004795e-01 4.535432159901e-01 4.200007319450e-01 3.863134384155e-01 4.177430272102e-01 4.256548881531e-01 4.224405884743e-01 5.147873759270e-01 5.807046890259e-01 7.017450928688e-01 8.170458078384e-01 8.455552458763e-01 8.190917372704e-01 7.870172262192e-01 7.869173884392e-01 8.715940117836e-01 1.057481408119e+00 1.041172742844e+00 9.659264683723e-01 1.046697258949e+00 1.162785887718e+00 1.201202154160e+00 1.043164491653e+00 9.605463147163e-01 8.914836049080e-01 8.767055869102e-01
1.168783232570e-01 1.854123771191e-01 2.327705621719e-01 2.553819119930e-01 2.635648548603e-01 2.642092704773e-01 2.602263092995e-01 2.561941742897e-01 2.626394927502e-01 2.723598480225e-01 2.946632504463e-01 3.158598244190e-01 3.355304598808e-01 3.521311283112e-01 3.657293021679e-01 3.928793370724e-01 4.271074235439e-01 4.803431332111e-01 5.033710598946e-01 4.890461564064e-01 4.470148384571e-01 3.969295024872e-01 4.041622281075e-01 4.088260531425e-01 4.575479924679e-01 5.102586150169e-01 5.251270532608e-01 6.345887780190e-01 7.191065549850e-01 7.457109093666e-01 7.380360960960e-01 7.571626305580e-01 7.789770364761e-01 8.024938702583e-01 7.715466022491e-01 7.483104467392e-01 8.131517767906e-01 9.281577467918e-01 9.959934353828e-01 8.269793391228e-01 7.264873981476e-01 6.482098102570e-01 7.269319295883e-01
1.100004091859e-01 1.750356405973e-01 2.206561714411e-01 2.420705854893e-01 2.476240843534e-01 2.456897795200e-01 2.416484653950e-01 2.432590723038e-01 2.433313578367e-01 2.520058751106e-01 2.558919787407e-01 2.764213383198e-01 2.953320443630e-01 3.115625083447e-01 3.363116979599e-01 3.697163164616e-01 4.324826896191e-01 4.932725727558e-01 5.341440439224e-01 5.460757017136e-01 5.305385589600e-01 4.981425404549e-01 4.590616822243e-01 4.230033159256e-01 4.133876264095e-01 4.567403197289e-01 4.644472002983e-01 4.521014988422e-01 5.543653368950e-01 6.365762352943e-01 6.907187104225e-01 7.299959063530e-01 7.527881860733e-01 7.276855707169e-01 6.567615866661e-01 6.395441889763e-01 7.152596116066e-01 8.772636651993e-01 1.025749087334e+00 9.311710596085e-01 6.907061338425e-01 6.124699711800e-01 6.956157684326e-01
1.073198691010e-01 1.704957783222e-01 2.141158431768e-01 2.328941524029e-01 2.356465458870e-01 2.323521524668e-01 2.342821955681e-01 2.370620518923e-01 2.339795976877e-01 2.371537983418e-01 2.351062446833e-01 2.588548958302e-01 2.846067845821e-01 3.112375736237e-01 3.346636593342e-01 3.760082125664e-01 4.376221001148e-01 4.996353685856e-01 5.551292896271e-01 5.892965197563e-01 5.947030186653e-01 5.792524218559e-01 5.532268285751e-01 5.266131758690e-01 5.108618140221e-01 5.010665655136e-01 4.829874932766e-01 4.637580513954e-01 5.477913022041e-01 6.148185729980e-01 6.645957827568e-01 7.092230916023e-01 7.318559885025e-01 6.826584339142e-01 6.541685461998e-01 6.455087661743e-01 7.199846506119e-01 8.451747298241e-01 9.847382903099e-01 9.022993445396e-01 7.017221450806e-01 6.082428097725e-01 6.911535859108e-01
1.088326722383e-01 1.719418168068e-01 2.139160186052e-01 2.301862239838e-01 2.309057712555e-01 2.263283282518e-01 2.304224967957e-01 2.286188751459e-01 2.275748848915e-01 2.281099110842e-01 2.424653172493e-01 2.667130529881e-01 2.904001772404e-01 3.128486573696e-01 3.308349549770e-01 3.850115537643e-01 4.543606042862e-01 5.195759534836e-01 5.823828577995e-01 6.279084086418e-01 6.425799727440e-01 6.326090097427e-01 6.085055470467e-01 5.785427093506e-01 5.539298653603e-01 5.300310850143e-01 4.906240403652e-01 4.663651883602e-01 5.356355905533e-01 5.938101410866e-01 6.433463692665e-01 6.904620528221e-01 7.053433656693e-01 6.478417515755e-01 6.621564030647e-01 6.957764625549e-01 7.355216145515e-01 8.173038363457e-01 8.874316215515e-01 7.869660854340e-01 6.647410392761e-01 5.654664635658e-01 6.396157741547e-01
1.113530844450e-01 1.753468066454e-01 2.164898067713e-01 2.312802970409e-01 2.308406978846e-01 2.250136584044e-01 2.322564572096e-01 2.386527061462e-01 2.422568798065e-01 2.427604496479e-01 2.406355142593e-01 2.562868595123e-01 2.884589731693e-01 3.223926424980e-01 3.329117000103e-01 3.755321502686e-01 4.625979959965e-01 5.373530983925e-01 5.965912342072e-01 6.341799497604e-01 6.427379846573e-01 6.254928708076e-01 5.928964018822e-01 5.544773936272e-01 5.184408426285e-01 4.825070202351e-01 4.321975409985e-01 4.650731086731e-01 5.244155526161e-01 5.765866637230e-01 6.237287521362e-01 6.627061367035e-01 6.624400019646e-01 6.161267161369e-01 6.647089719772e-01 8.082904219627e-01 7.611859440804e-01 8.249362111092e-01 7.910549640656e-01 6.806254386902e-01 5.997101068497e-01 5.166619420052e-01 5.787785053253e-01
1.095924302936e-01 1.720145791769e-01 2.111267447472e-01 2.247485667467e-01 2.242516875267e-01 2.254542410374e-01 2.294722646475e-01 2.322656810284e-01 2.329197376966e-01 2.314734458923e-01 2.381493002176e-01 2.676009833813e-01 3.114312291145e-01 3.485454618931e-01 3.592257499695e-01 3.507419526577e-01 4.407112896442e-01 5.167636275291e-01 5.597127676010e-01 5.753617882729e-01 5.679585933685e-01 5.374532341957e-01 4.963131546974e-01 4.603785574436e-01 4.312048554420e-01 4.050651490688e-01 4.103578031063e-01 4.604853987694e-01 5.127052068710e-01 5.593678355217e-01 5.998427867889e-01 6.221857070923e-01 6.048466563225e-01 5.902188420296e-01 6.817595958710e-01 7.401351332664e-01 7.507766485214e-01 8.280491232872e-01 7.994602322578e-01 6.539668440819e-01 5.676798224449e-01 5.223410725594e-01 5.601197481155e-01
1.003462970257e-01 1.564792543650e-01 1.909082531929e-01 2.035518139601e-01 2.236442416906e-01 2.327491641045e-01 2.281832396984e-01 2.156676352024e-01 2.020662873983e-01 2.213083803654e-01 2.421654164791e-01 2.802404165268e-01 3.312799334526e-01 3.697499632835e-01 3.801338374615e-01 3.730776607990e-01 4.026827514172e-01 4.672631323338e-01 4.914599955082e-01 4.866307377815e-01 4.631248712540e-01 4.205186665058e-01 4.065779149532e-01 4.826190471649e-01 4.909738004208e-01 4.723295569420e-01 4.641710817814e-01 4.670775830746e-01 4.974656701088e-01 5.378762483597e-01 5.659894347191e-01 5.669423341751e-01 5.328804850578e-01 5.444946885109e-01 6.217689514160e-01 8.608481287956e-01 7.602437734604e-01 1.063963413239e+00 9.461199641228e-01 8.015646934509e-01 6.805329322815e-01 5.615823864937e-01 6.282297968864e-01
1.070846095681e-01 1.577250808477e-01 1.933566927910e-01 2.245967835188e-01 2.468144893646e-01 2.516853809357e-01 2.440913468599e-01 2.302903234959e-01 2.143597900867e-01 2.228584736586e-01 2.475326061249e-01 2.935114204884e-01 3.498312234879e-01 3.889173567295e-01 3.991111814976e-01 3.921574354172e-01 3.692592084408e-01 4.251970052719e-01 4.416067004204e-01 4.606062471867e-01 6.223326325417e-01 5.690933465958e-01 4.411990940571e-01 5.030236244202e-01 4.898436069489e-01 4.528573155403e-01 4.314762353897e-01 4.380486309528e-01 4.795023202896e-01 5.105469822884e-01 5.213226079941e-01 5.012655854225e-01 4.565031230450e-01 4.885451495647e-01 5.400074124336e-01 7.614618539810e-01 9.770945310593e-01 1.538047313690e+00 1.424831867218e+00 9.462020993233e-01 7.374815344810e-01 6.615620851517e-01 7.992365360260e-01
