100/SI/f171.grd
DSAA
101	101
32.816463539100	34.260883539100
35.556306596100	36.727886596100
9.992969222367e-03	1.821881347656e+03
[rows 38 to 56 of 101, columns 43 to 85 of 101]
1.058708419800e+02 1.626417694092e+02 1.794473266602e+02 1.000578689575e+02 1.768267822266e+02 8.751107025146e+01 8.691648101807e+01 1.214004898071e+02 1.011905441284e+02 8.155105590820e+01 1.185009918213e+02 6.234201812744e+01 6.978791809082e+01 5.990016937256e+01 9.086463165283e+01 6.729149627686e+01 7.009535217285e+01 4.170441055298e+01 5.546266174316e+01 8.340229797363e+01 8.435630798340e+01 6.432236480713e+01 4.428531265259e+01 3.512247085571e+01 3.037198829651e+01 2.684876823425e+01 2.622268104553e+01 2.687820053101e+01 2.395529747009e+01 1.801158142090e+01 1.765576934814e+01 2.088262748718e+01 2.384991264343e+01 2.451317977905e+01 2.483307838440e+01 2.486086082458e+01 2.445600128174e+01 2.257557487488e+01 2.002941703796e+01 1.782951545715e+01 1.604482078552e+01 1.562573337555e+01 1.358415508270e+01
1.054641876221e+02 2.176589965820e+02 1.452273559570e+02 2.022893066406e+02 1.445254669189e+02 1.967537384033e+02 1.736070251465e+02 1.064606170654e+02 1.060261764526e+02 8.145670318604e+01 1.355927886963e+02 9.038018798828e+01 5.518403244019e+01 6.707063293457e+01 1.213379745483e+02 7.083653259277e+01 8.257848358154e+01 1.282546844482e+02 1.142789611816e+02 7.693518829346e+01 5.159470367432e+01 3.554367446899e+01 3.322329711914e+01 2.938859367371e+01 2.894271659851e+01 2.777535057068e+01 2.439131164551e+01 2.130359458923e+01 1.917190742493e+01 1.895440864563e+01 2.077359390259e+01 1.949021911621e+01 1.597871112823e+01 1.408722782135e+01 1.362986946106e+01 1.181215858459e+01 1.212740516663e+01 1.333476638794e+01 1.466143894196e+01 1.620512771606e+01 1.753482437134e+01 2.239771652222e+01 2.320153427124e+01
1.518833618164e+02 1.096699829102e+02 1.917946929932e+02 1.477898864746e+02 1.626071472168e+02 2.094621734619e+02 1.294464874268e+02 1.180764617920e+02 8.564958190918e+01 8.820935821533e+01 1.463510589600e+02 8.213943481445e+01 8.309124755859e+01 8.112977600098e+01 9.885902404785e+01 1.592346649170e+02 1.082897872925e+02 5.532858276367e+01 5.145299911499e+01 3.443395233154e+01 2.649775695801e+01 3.709323883057e+01 4.862665176392e+01 4.356906127930e+01 3.169417190552e+01 2.719598388672e+01 2.665389442444e+01 2.460912132263e+01 2.125876617432e+01 1.974604034424e+01 1.860138893127e+01 1.938737487793e+01 1.855383300781e+01 1.724619293213e+01 1.695870399475e+01 1.781256675720e+01 1.757325744629e+01 1.595272254944e+01 1.977454757690e+01 2.705642127991e+01 2.238299942017e+01 1.630238342285e+01 1.410858535767e+01
1.710085296631e+02 1.558075714111e+02 2.520163574219e+02 2.136376495361e+02 2.062954711914e+02 2.251470031738e+02 2.078694915771e+02 1.135925369263e+02 1.267271194458e+02 1.238271484375e+02 1.400406341553e+02 1.173549041748e+02 1.068735046387e+02 1.823667297363e+02 1.174439315796e+02 8.472963714600e+01 7.357355499268e+01 5.931262588501e+01 4.348729705811e+01 6.626794433594e+01 7.157650756836e+01 3.913524627686e+01 6.092150497437e+01 4.762279129028e+01 4.279146957397e+01 3.767115783691e+01 3.322082138062e+01 2.966061782837e+01 2.667448616028e+01 2.467089462280e+01 4.566791534424e+01 1.932472801208e+01 1.861854743958e+01 1.756419372559e+01 2.366646575928e+01 2.921227836609e+01 2.512199401855e+01 2.887057876587e+01 2.418558883667e+01 2.645482826233e+01 2.664070510864e+01 2.601275444031e+01 2.385929107666e+01
1.648309478760e+02 2.243253326416e+02 1.984102172852e+02 1.981855010986e+02 1.822742309570e+02 2.390947418213e+02 3.562175598145e+02 1.636647796631e+02 1.806931915283e+02 1.865035705566e+02 1.623608856201e+02 1.582769927979e+02 1.963063964844e+02 1.091731719971e+02 1.176432571411e+02 6.671682739258e+01 8.616116333008e+01 1.153122177124e+02 9.105200958252e+01 9.104972839355e+01 9.412734222412e+01 6.257429504395e+01 3.801152801514e+01 3.686023330688e+01 3.424590682983e+01 3.386675643921e+01 3.888523864746e+01 6.682395935059e+01 7.973303985596e+01 7.028797912598e+01 3.452315521240e+01 2.512000465393e+01 2.378069305420e+01 2.826686668396e+01 3.387883758545e+01 3.342897415161e+01 3.054913139343e+01 2.738763999939e+01 1.987492752075e+01 2.464724922180e+01 2.937008666992e+01 2.928641128540e+01 2.814525413513e+01
1.957852172852e+02 2.841213989258e+02 4.608155517578e+02 2.911933898926e+02 4.522786560059e+02 2.485423583984e+02 5.653226928711e+02 1.615831756592e+02 2.966182556152e+02 2.350556640625e+02 1.960418243408e+02 2.030919189453e+02 1.100452728271e+02 1.357753753662e+02 1.479640197754e+02 1.451751251221e+02 9.078037261963e+01 5.440213394165e+01 1.171440811157e+02 1.012603912354e+02 5.593449783325e+01 5.086847305298e+01 4.683219528198e+01 8.479026031494e+01 1.037921142578e+02 9.133499145508e+01 6.112067031860e+01 4.541790008545e+01 4.922245788574e+01 3.151785659790e+01 2.365450096130e+01 3.545895004272e+01 4.413914489746e+01 3.976766204834e+01 3.537509155273e+01 4.696218872070e+01 5.573492431641e+01 4.987550735474e+01 3.580777359009e+01 2.569817161560e+01 3.205253219604e+01 3.517761230469e+01 3.707281494141e+01
2.423421936035e+02 3.050249023438e+02 3.602925415039e+02 4.714958496094e+02 3.954014587402e+02 4.105548400879e+02 6.738071289062e+02 2.693132324219e+02 3.176602478027e+02 2.525449981689e+02 2.430693817139e+02 1.458770904541e+02 1.499957427979e+02 1.871334228516e+02 1.475135955811e+02 1.071897125244e+02 1.537525482178e+02 1.434160919189e+02 1.107972412109e+02 1.401307983398e+02 1.415455169678e+02 1.223242797852e+02 8.716219329834e+01 4.896017456055e+01 5.355697250366e+01 4.814984893799e+01 3.903755569458e+01 4.008560180664e+01 4.177449417114e+01 4.446717453003e+01 4.334611129761e+01 3.710541915894e+01 3.566741180420e+01 3.006298637390e+01 5.398569107056e+01 6.603944396973e+01 6.197529220581e+01 4.572121047974e+01 2.778785896301e+01 1.763284111023e+01 2.431636619568e+01 2.797185897827e+01 2.583135604858e+01
2.269355621338e+02 3.304552917480e+02 3.980513000488e+02 3.852949829102e+02 5.700080566406e+02 4.377913513184e+02 6.972232666016e+02 3.779715576172e+02 3.279305114746e+02 3.612393188477e+02 2.790390014648e+02 1.762904205322e+02 1.810602111816e+02 1.899682464600e+02 1.138178100586e+02 1.623718261719e+02 2.076297760010e+02 1.453793334961e+02 8.346889495850e+01 8.230725860596e+01 7.234858703613e+01 5.827879333496e+01 5.600210571289e+01 6.034866333008e+01 6.040758132935e+01 5.345407104492e+01 4.693342208862e+01 4.574510192871e+01 3.793820571899e+01 4.290938568115e+01 3.956203460693e+01 3.618224716187e+01 2.528510284424e+01 4.537440490723e+01 5.424450302124e+01 5.148886871338e+01 3.606278991699e+01 1.983117103577e+01 2.736643028259e+01 2.584909820557e+01 1.944877433777e+01 1.721914482117e+01 1.861518478394e+01
3.424967956543e+02 4.686351928711e+02 4.820675964355e+02 5.391843261719e+02 5.925078125000e+02 7.463079223633e+02 7.090297851562e+02 1.311199462891e+03 4.906492919922e+02 3.124009094238e+02 2.826228942871e+02 2.625335693359e+02 2.192396087646e+02 3.338732299805e+02 2.902622375488e+02 1.709178009033e+02 1.535726928711e+02 1.583576660156e+02 1.153653030396e+02 1.051349716187e+02 1.039619064331e+02 9.870073699951e+01 1.028540878296e+02 7.637275695801e+01 1.012891693115e+02 8.968885803223e+01 5.590464782715e+01 5.088459396362e+01 5.156960296631e+01 4.797005844116e+01 4.098117446899e+01 3.960506439209e+01 4.058748626709e+01 4.685350036621e+01 4.360233688354e+01 3.354817962646e+01 2.626553344727e+01 2.365850067139e+01 2.304051399231e+01 2.277178001404e+01 2.223761558533e+01 2.140129280090e+01 2.051445770264e+01
2.257613525391e+02 6.150289306641e+02 4.407111206055e+02 5.403827514648e+02 8.662254028320e+02 7.286728515625e+02 8.550555419922e+02 9.872731323242e+02 4.910526733398e+02 4.632626342773e+02 5.978969116211e+02 3.737558593750e+02 4.617315368652e+02 3.602718505859e+02 2.990147094727e+02 2.588383178711e+02 2.187424774170e+02 1.883672027588e+02 1.655677032471e+02 2.333115844727e+02 2.706644287109e+02 1.120698165894e+02 7.124552154541e+01 7.097601318359e+01 9.966873931885e+01 6.482871246338e+01 5.634068298340e+01 5.494784164429e+01 4.950083160400e+01 4.701637268066e+01 4.507952880859e+01 4.652073669434e+01 4.924046325684e+01 4.213443756104e+01 3.229483795166e+01 3.100316619873e+01 2.929323768616e+01 2.324617767334e+01 2.295250129700e+01 2.213173484802e+01 2.044100570679e+01 2.094598388672e+01 2.197777175903e+01
5.691865234375e+02 6.881406860352e+02 7.744013061523e+02 8.258195190430e+02 9.912264404297e+02 1.368276611328e+03 1.821881347656e+03 7.862788696289e+02 6.447797851562e+02 4.749909362793e+02 6.742412109375e+02 6.751323852539e+02 2.456857452393e+02 3.904237976074e+02 4.299685058594e+02 2.160211181641e+02 1.943377075195e+02 2.036388549805e+02 2.218663635254e+02 2.575417480469e+02 1.961450195312e+02 9.098871612549e+01 9.411052703857e+01 8.036891937256e+01 7.306836700439e+01 6.296801376343e+01 6.111782073975e+01 6.062977218628e+01 5.042634201050e+01 3.503924560547e+01 3.242282867432e+01 3.536095809937e+01 3.818378829956e+01 3.918190765381e+01 3.754796600342e+01 3.586336898804e+01 3.190581130981e+01 3.289625930786e+01 3.655915069580e+01 3.732434463501e+01 3.332093048096e+01 2.884619903564e+01 2.513142585754e+01
3.898758544922e+02 6.952614135742e+02 7.306997680664e+02 9.364732055664e+02 9.492084350586e+02 9.343483276367e+02 9.223714599609e+02 7.174124755859e+02 5.103399353027e+02 5.713990478516e+02 5.498523559570e+02 5.711630859375e+02 6.978392333984e+02 2.951855468750e+02 2.639311523438e+02 1.638398437500e+02 1.470052490234e+02 1.024633102417e+02 9.610283660889e+01 8.093016815186e+01 7.033119964600e+01 7.940416717529e+01 9.752854156494e+01 1.117895965576e+02 1.138780593872e+02 9.909007263184e+01 7.665234375000e+01 5.294330215454e+01 3.690216445923e+01 3.042464447021e+01 2.702357864380e+01 2.945739746094e+01 3.792966842651e+01 2.517976951599e+01 2.873524665833e+01 3.128038597107e+01 2.493214035034e+01 3.075450325012e+01 3.624720382690e+01 3.832071685791e+01 4.334057235718e+01 5.425481796265e+01 6.146418380737e+01
1.526923675537e+02 2.131759338379e+02 3.361276855469e+02 1.581738281250e+03 8.518127441406e+02 8.151377563477e+02 4.609386291504e+02 4.702170410156e+02 4.366137695312e+02 6.817465209961e+02 6.555769653320e+02 9.413432617188e+02 1.332655395508e+03 9.594889526367e+02 6.145754394531e+02 2.801581726074e+02 1.308358612061e+02 9.225865936279e+01 8.727236938477e+01 1.164932098389e+02 1.520050659180e+02 1.403620147705e+02 1.031721878052e+02 6.606378173828e+01 7.331746673584e+01 6.871231842041e+01 9.567026519775e+01 1.412546081543e+02 6.526461029053e+01 3.613503265381e+01 3.390270614624e+01 5.566131210327e+01 3.579256439209e+01 2.195116996765e+01 2.011939811707e+01 2.077968406677e+01 2.106722450256e+01 2.164382553101e+01 2.199134635925e+01 2.193533134460e+01 2.193390274048e+01 2.418976020813e+01 2.115827941895e+01
2.816172218323e+01 6.728918457031e+01 1.651193084717e+02 2.146730041504e+02 2.236713409424e+02 2.183042297363e+02 1.681540069580e+02 2.404199218750e+02 2.298344726562e+02 3.812823181152e+02 7.674109497070e+02 8.715559692383e+02 1.191809326172e+03 6.460815429688e+02 4.636426696777e+02 2.595865173340e+02 1.179505615234e+02 6.167726898193e+01 7.053517913818e+01 1.446476593018e+02 4.584813537598e+02 1.925872650146e+02 1.643840026855e+02 1.276649093628e+02 1.294850311279e+02 1.107431869507e+02 1.155996932983e+02 8.065711212158e+01 4.240203094482e+01 5.638816452026e+01 4.761660385132e+01 4.594149780273e+01 2.889063453674e+01 2.633653259277e+01 1.843907928467e+01 1.621217346191e+01 1.693972587585e+01 1.645768547058e+01 1.775584793091e+01 1.706206893921e+01 2.217083930969e+01 2.599474906921e+01 2.510679817200e+01
1.795462036133e+01 3.420972442627e+01 1.071664352417e+02 6.434291839600e+01 5.245406341553e+01 4.382214736938e+01 6.735401916504e+01 1.093939514160e+02 1.134374694824e+02 1.220053634644e+02 3.501800842285e+02 1.621345947266e+03 1.356758544922e+03 6.065899047852e+02 2.864951477051e+02 8.612824249268e+01 4.784910964966e+01 3.144897270203e+01 3.880035400391e+01 1.010972518921e+02 2.310443267822e+02 3.994921875000e+02 1.985518646240e+02 1.505872650146e+02 1.185746078491e+02 8.873654937744e+01 9.364543914795e+01 8.703881835938e+01 7.615517425537e+01 6.931378173828e+01 8.383887481689e+01 3.690104675293e+01 3.353125381470e+01 2.721985816956e+01 2.801379013062e+01 2.620229721069e+01 2.206549453735e+01 1.818348312378e+01 2.131155967712e+01 2.457351112366e+01 2.875137710571e+01 2.827026939392e+01 2.408263397217e+01
1.227756404877e+01 5.139854049683e+01 1.178810043335e+02 1.225459442139e+02 2.234945678711e+01 2.639263343811e+01 2.550535011292e+01 5.088955307007e+01 9.335949707031e+01 1.806339416504e+02 2.396356658936e+02 4.633674316406e+02 9.628641967773e+02 6.697031860352e+02 8.937159423828e+02 2.166532592773e+02 2.740993309021e+01 1.714390945435e+01 2.679367828369e+01 9.740267181396e+01 2.597770080566e+02 4.193599853516e+02 3.171242675781e+02 2.148894348145e+02 1.492380981445e+02 9.415304565430e+01 1.073075561523e+02 7.878208923340e+01 7.722665405273e+01 7.671367645264e+01 6.298364257812e+01 5.018686676025e+01 3.557122421265e+01 3.827426528931e+01 3.514722061157e+01 2.671125411987e+01 2.517481422424e+01 2.299302101135e+01 2.128845787048e+01 2.482454872131e+01 2.716935157776e+01 2.637329673767e+01 2.332571029663e+01
1.111010456085e+01 2.658050918579e+01 1.742579193115e+02 2.194388427734e+02 1.211719741821e+02 1.754432106018e+01 1.373737049103e+01 2.499883842468e+01 2.483237648010e+01 2.140081596375e+01 1.780239868164e+01 7.404848480225e+01 3.199555358887e+02 2.051585388184e+02 1.065785034180e+03 1.391881408691e+02 7.829405212402e+01 3.095960617065e+01 2.394464874268e+01 7.724427795410e+01 1.475408172607e+02 1.342671386719e+03 4.360597534180e+02 1.823925781250e+02 1.825186614990e+02 9.727845764160e+01 1.037856674194e+02 8.663713073730e+01 1.223474426270e+02 9.372045135498e+01 5.364410018921e+01 5.425202941895e+01 4.981221771240e+01 4.735439682007e+01 4.644578170776e+01 3.702613830566e+01 3.808340835571e+01 4.198232269287e+01 2.710009002686e+01 2.089755439758e+01 2.075984573364e+01 2.043780899048e+01 2.228984642029e+01
7.163921833038e+00 1.174998092651e+01 1.502305889130e+01 8.762609863281e+01 5.594920730591e+01 1.239331150055e+01 1.054069995880e+01 1.227868652344e+01 1.174727153778e+01 1.102118682861e+01 7.972115039825e+00 8.891509056091e+00 2.671640205383e+01 1.916681671143e+02 5.212576904297e+02 1.381995239258e+02 1.036083984375e+02 4.627909469604e+01 2.757279586792e+01 5.404800033569e+01 6.722734069824e+01 8.876162719727e+01 8.421132659912e+01 6.412995910645e+01 8.891703796387e+01 1.484681243896e+02 1.267743988037e+02 1.261720428467e+02 8.395890808105e+01 1.058140563965e+02 1.101996917725e+02 9.576668548584e+01 7.315577697754e+01 4.927254867554e+01 4.669710540771e+01 4.074727249146e+01 3.482156372070e+01 3.666353225708e+01 3.565994262695e+01 2.365141677856e+01 1.956783866882e+01 2.007307815552e+01 2.057639694214e+01
7.697558403015e+00 1.183280849457e+01 7.820653915405e+00 9.207346916199e+00 9.451388359070e+00 1.085077285767e+01 9.662549018860e+00 9.056757926941e+00 8.684937477112e+00 6.686999320984e+00 4.719666004181e+00 3.776878118515e+00 6.300143718719e+00 1.884494171143e+02 2.794103393555e+02 3.596646728516e+02 8.645716094971e+01 1.049225921631e+02 9.702755737305e+01 3.084429931641e+01 3.426561355591e+01 6.446628570557e+01 1.765987548828e+02 1.745937652588e+02 2.268093414307e+02 2.270086669922e+02 2.115541687012e+02 1.985249786377e+02 1.863116455078e+02 1.761150360107e+02 1.862033996582e+02 2.272534484863e+02 1.940864562988e+02 7.885875701904e+01 3.173431396484e+01 3.785477447510e+01 4.144769668579e+01 2.868307876587e+01 2.920349884033e+01 2.060556793213e+01 2.101378631592e+01 1.501506042480e+01 1.701610565186e+01
