100/SI/f172_max.grd
DSAA
101	101
32.816463539100	34.260883539100
35.556306596100	36.727886596100
8.931721560657e-03	1.632824218750e+03
[rows 19 to 37 of 101, columns 43 to 85 of 101]
1.495911312103e+01 1.900620460510e+01 2.470073699951e+01 2.518053627014e+01 1.632207679749e+01 2.583329963684e+01 1.211706733704e+01 1.353096675873e+01 1.376807022095e+01 1.395534133911e+01 1.273067188263e+01 1.953815078735e+01 2.359605407715e+01 2.414272499084e+01 1.606313705444e+01 1.966615867615e+01 2.554424667358e+01 2.409487152100e+01 1.338805961609e+01 2.154142189026e+01 9.820377349854e+00 1.367775440216e+01 1.830621337891e+01 9.140172958374e+00 9.192842483521e+00 1.004572868347e+01 8.662051200867e+00 1.124987125397e+01 1.042731952667e+01 8.217311859131e+00 8.822017669678e+00 1.117990112305e+01 1.259027481079e+01 9.741381645203e+00 9.507993698120e+00 7.261511325836e+00 5.001491069794e+00 5.903051853180e+00 6.525279521942e+00 5.427978038788e+00 4.572715759277e+00 4.341331958771e+00 4.722424983978e+00
1.316996860504e+01 1.862635612488e+01 2.638514328003e+01 3.042246627808e+01 2.205664634705e+01 2.284102058411e+01 1.248031139374e+01 1.435240459442e+01 1.200158023834e+01 1.500272178650e+01 1.568107223511e+01 1.833768653870e+01 2.534269905090e+01 2.572653198242e+01 1.952218055725e+01 2.128684425354e+01 2.499001693726e+01 2.725137901306e+01 1.581363391876e+01 2.085659217834e+01 1.119408988953e+01 2.076217269897e+01 2.575845336914e+01 1.145504665375e+01 1.072756958008e+01 1.029304599762e+01 1.101417255402e+01 1.163623523712e+01 9.066328048706e+00 8.738717079163e+00 1.131960964203e+01 1.471425914764e+01 1.311475276947e+01 1.144044399261e+01 8.825469970703e+00 7.281079769135e+00 5.631482124329e+00 6.895176410675e+00 5.345921039581e+00 4.120620250702e+00 4.397445201874e+00 4.151273250580e+00 4.323198318481e+00
1.412977695465e+01 2.059173965454e+01 2.437784767151e+01 3.184642601013e+01 2.716005134583e+01 1.953975677490e+01 1.309648704529e+01 1.522589111328e+01 1.138558578491e+01 1.410679912567e+01 1.486094379425e+01 1.726965904236e+01 2.418603134155e+01 2.758973121643e+01 2.359046363831e+01 2.273641586304e+01 2.398533821106e+01 2.982588195801e+01 1.804722023010e+01 1.935359764099e+01 1.260436153412e+01 2.578172683716e+01 2.826868438721e+01 1.288550472260e+01 1.048890018463e+01 1.230037593842e+01 1.242628002167e+01 1.007664871216e+01 8.097907066345e+00 1.128712558746e+01 1.573144626617e+01 1.520594406128e+01 1.026179027557e+01 1.305795097351e+01 8.754243850708e+00 6.712873935699e+00 6.693610191345e+00 7.086970806122e+00 5.431448936462e+00 4.180123329163e+00 4.195322990417e+00 3.273345232010e+00 3.228911399841e+00
1.345061683655e+01 1.947829055786e+01 2.070230293274e+01 3.042260360718e+01 3.006563186646e+01 2.000306320190e+01 1.663517761230e+01 1.614918136597e+01 1.122723960876e+01 1.240594577789e+01 1.547191333771e+01 1.753157043457e+01 2.017580986023e+01 2.961015319824e+01 2.635064125061e+01 2.213000679016e+01 2.222808074951e+01 3.204175186157e+01 1.989966392517e+01 1.736876296997e+01 1.401310062408e+01 2.567158699036e+01 2.470412635803e+01 1.202679729462e+01 1.112160015106e+01 1.357018089294e+01 1.128582668304e+01 8.681955337524e+00 1.189087104797e+01 1.666475677490e+01 1.633253097534e+01 1.133729171753e+01 8.976940155029e+00 1.357766056061e+01 6.455710887909e+00 6.658723354340e+00 8.252439498901e+00 6.220057964325e+00 6.227633953094e+00 4.064532756805e+00 4.475783824921e+00 3.773583889008e+00 3.401427984238e+00
1.092793178558e+01 1.351467514038e+01 2.076514625549e+01 2.698337554932e+01 3.033795547485e+01 2.018096923828e+01 2.075982284546e+01 1.741679191589e+01 1.221942520142e+01 1.127492904663e+01 1.613550186157e+01 1.714236831665e+01 2.116314315796e+01 3.185518646240e+01 2.677740097046e+01 2.077208900452e+01 2.004431915283e+01 3.342673492432e+01 2.125122833252e+01 2.002025032043e+01 1.651626968384e+01 2.118162536621e+01 1.850054168701e+01 1.095417213440e+01 1.415925502777e+01 1.312877273560e+01 9.120697021484e+00 1.268853187561e+01 1.808048248291e+01 1.752394104004e+01 1.188759517670e+01 7.324538707733e+00 1.021895408630e+01 1.274969577789e+01 6.915084362030e+00 7.156726360321e+00 8.690162658691e+00 6.056786537170e+00 6.833605289459e+00 4.179479598999e+00 4.258543491364e+00 3.676031827927e+00 3.759979724884e+00
1.489738559723e+01 1.415167903900e+01 2.351930046082e+01 2.287487220764e+01 2.891178131104e+01 2.257843399048e+01 1.998162651062e+01 2.212228202820e+01 1.922551155090e+01 1.469337081909e+01 1.629569435120e+01 1.621836471558e+01 2.311453628540e+01 3.413279724121e+01 2.414987945557e+01 1.997752952576e+01 1.712118530273e+01 3.424574279785e+01 2.566029357910e+01 2.221229553223e+01 1.954649353027e+01 2.074775886536e+01 1.255207061768e+01 1.368948268890e+01 1.453260707855e+01 9.778554916382e+00 1.379875278473e+01 1.952452659607e+01 1.853801536560e+01 1.241538333893e+01 6.643608093262e+00 5.827474117279e+00 1.366754150391e+01 1.067235279083e+01 6.532110214233e+00 9.265032768250e+00 7.868474483490e+00 6.108445167542e+00 7.262843608856e+00 5.178632259369e+00 3.983202457428e+00 3.792444944382e+00 3.324305057526e+00
2.335368347168e+01 1.457320499420e+01 1.427920532227e+01 2.433267784119e+01 2.671794319153e+01 2.390844726562e+01 1.853744697571e+01 2.033008003235e+01 2.310027885437e+01 2.269228172302e+01 1.934615898132e+01 2.312016296387e+01 2.517147064209e+01 3.554105758667e+01 2.098183441162e+01 1.830386543274e+01 2.333301734924e+01 3.455979919434e+01 2.909501647949e+01 2.138399314880e+01 2.109058189392e+01 2.237922859192e+01 1.407823562622e+01 1.490911293030e+01 1.164340209961e+01 1.447471904755e+01 2.129919624329e+01 1.989872932434e+01 1.293326377869e+01 8.974484443665e+00 1.264773178101e+01 8.100229263306e+00 1.594678020477e+01 9.339845657349e+00 7.726006984711e+00 9.899812698364e+00 9.446056365967e+00 6.549349784851e+00 7.501736164093e+00 5.725807189941e+00 3.602264165878e+00 3.472797632217e+00 4.026622295380e+00
3.120125198364e+01 1.500734615326e+01 1.440124893188e+01 2.252742385864e+01 2.414923858643e+01 2.455479240417e+01 2.004572677612e+01 2.071656417847e+01 1.930589294434e+01 2.498811912537e+01 2.725587654114e+01 2.363255691528e+01 2.723804092407e+01 3.607526397705e+01 1.827651596069e+01 2.747237777710e+01 3.273392868042e+01 3.468387985229e+01 2.834394454956e+01 1.701126480103e+01 2.005808448792e+01 2.050631141663e+01 1.434097099304e+01 1.232239246368e+01 1.463413333893e+01 2.270100402832e+01 2.183422851562e+01 1.365829849243e+01 1.241552448273e+01 1.756735992432e+01 1.597193527222e+01 1.447604846954e+01 1.553829860687e+01 1.042974948883e+01 9.927639961243e+00 8.202241897583e+00 1.027891826630e+01 6.947241306305e+00 7.531821727753e+00 5.703312873840e+00 3.633606195450e+00 4.413319110870e+00 5.667746543884e+00
3.406600952148e+01 1.543598556519e+01 1.745836830139e+01 1.506300640106e+01 2.550564956665e+01 2.491852569580e+01 2.135613822937e+01 2.204363441467e+01 1.939995956421e+01 2.608173751831e+01 2.640967750549e+01 2.299724960327e+01 2.910883903503e+01 3.482814407349e+01 3.007600021362e+01 3.637825775146e+01 3.497305297852e+01 3.379253005981e+01 1.936142539978e+01 1.737287330627e+01 2.056097221375e+01 2.069742202759e+01 1.331547832489e+01 1.404814147949e+01 2.372293663025e+01 2.415247535706e+01 1.511993122101e+01 1.304311752319e+01 1.909574317932e+01 1.583406639099e+01 1.268577384949e+01 1.465979003906e+01 1.205121707916e+01 1.095810317993e+01 9.825613975525e+00 6.476916313171e+00 1.004935073853e+01 7.537319660187e+00 7.388911247253e+00 5.177310943604e+00 4.811578750610e+00 6.297667026520e+00 7.115435600281e+00
2.994828224182e+01 2.242012786865e+01 2.027014923096e+01 1.464119911194e+01 1.940287780762e+01 2.502613258362e+01 2.550634384155e+01 2.347707366943e+01 2.705032539368e+01 4.007339096069e+01 2.302379226685e+01 2.084320640564e+01 3.037378883362e+01 3.212478256226e+01 3.899457550049e+01 3.754985809326e+01 3.252258682251e+01 3.276665878296e+01 2.105919456482e+01 2.339410781860e+01 2.139564323425e+01 2.064605903625e+01 1.287103939056e+01 2.412674522400e+01 2.666980743408e+01 1.722011184692e+01 1.492847347260e+01 2.027060890198e+01 1.781850051880e+01 1.157117652893e+01 1.685405349731e+01 1.536776733398e+01 8.543498039246e+00 1.047115230560e+01 8.243671417236e+00 8.865744590759e+00 9.129644393921e+00 8.120608329773e+00 7.239321708679e+00 6.663640975952e+00 7.818878650665e+00 8.769270896912e+00 7.393414497375e+00
2.028168487549e+01 3.365473937988e+01 2.226029968262e+01 1.802789115906e+01 2.158701896667e+01 2.486488723755e+01 2.379738426208e+01 2.517963027954e+01 3.547753906250e+01 4.979637145996e+01 3.364076614380e+01 2.274985122681e+01 3.067151832581e+01 3.731437301636e+01 3.975786209106e+01 5.136115646362e+01 2.750613403320e+01 3.047834205627e+01 2.282996559143e+01 2.372536087036e+01 2.144272041321e+01 1.953819465637e+01 2.395007705688e+01 2.836555099487e+01 1.945371818542e+01 1.680351829529e+01 1.999415206909e+01 1.986828041077e+01 1.669599342346e+01 1.692665100098e+01 1.795335006714e+01 1.053041553497e+01 9.983206748962e+00 8.951336860657e+00 7.225290775299e+00 6.740800380707e+00 1.205912685394e+01 9.504380226135e+00 8.643757820129e+00 1.042242050171e+01 1.037864398956e+01 7.616760253906e+00 4.746561050415e+00
2.202888107300e+01 3.723570251465e+01 2.307711791992e+01 1.996695518494e+01 2.551047706604e+01 2.391735267639e+01 2.481557655334e+01 3.085303497314e+01 4.097692108154e+01 5.024264907837e+01 4.035355758667e+01 3.903234481812e+01 3.445777130127e+01 4.095454788208e+01 4.532533645630e+01 6.557411193848e+01 2.880341911316e+01 3.088433265686e+01 3.068111038208e+01 2.517015457153e+01 2.004260444641e+01 2.395240211487e+01 2.990614128113e+01 2.146551513672e+01 1.881441688538e+01 1.968758964539e+01 1.903818321228e+01 2.062556076050e+01 2.012181091309e+01 2.042377281189e+01 1.541951560974e+01 8.780127525330e+00 1.190802288055e+01 6.843346595764e+00 7.297679901123e+00 7.276814460754e+00 1.663236808777e+01 1.145606517792e+01 1.199812889099e+01 9.661338806152e+00 5.874293804169e+00 3.155236482620e+00 3.078224182129e+00
4.384012603760e+01 2.949509429932e+01 3.238220214844e+01 2.124563980103e+01 3.069754600525e+01 2.379085540771e+01 2.685312271118e+01 3.576798248291e+01 4.326261520386e+01 4.277591705322e+01 3.901607894897e+01 3.819821548462e+01 3.890984725952e+01 3.145331001282e+01 3.150542259216e+01 4.232925033569e+01 2.515025138855e+01 3.059287834167e+01 3.343756484985e+01 2.795867347717e+01 2.497312736511e+01 3.137628364563e+01 2.344886589050e+01 2.069043922424e+01 1.919628524780e+01 1.777023315430e+01 1.863707923889e+01 2.211860656738e+01 2.224669075012e+01 2.016902732849e+01 1.248767375946e+01 8.298968315125e+00 1.266072177887e+01 9.970533370972e+00 1.199235439301e+01 1.272985935211e+01 1.877663040161e+01 1.085590362549e+01 8.632277488708e+00 5.822717666626e+00 5.229506492615e+00 4.218744277954e+00 4.258117675781e+00
7.168432617188e+01 3.120521354675e+01 3.619535446167e+01 2.657399368286e+01 3.419338989258e+01 2.917199325562e+01 2.945680618286e+01 4.119025421143e+01 4.461815643311e+01 3.569540405273e+01 4.609562683105e+01 5.634614562988e+01 3.370122146606e+01 3.935622787476e+01 2.379326248169e+01 2.849914360046e+01 2.619608497620e+01 2.991479301453e+01 2.886360931396e+01 2.630335617065e+01 3.339841461182e+01 2.538526916504e+01 2.198976135254e+01 1.943394279480e+01 2.078900337219e+01 2.039135932922e+01 1.977367401123e+01 2.465281295776e+01 2.479477500916e+01 2.210436439514e+01 1.523346710205e+01 1.386925220490e+01 1.374267578125e+01 1.194708919525e+01 1.157386493683e+01 1.803308296204e+01 1.547822093964e+01 7.210905075073e+00 7.798789978027e+00 7.978984355927e+00 7.404306411743e+00 5.733017444611e+00 4.606567382812e+00
7.942256927490e+01 8.223697662354e+01 3.576406860352e+01 3.474272155762e+01 3.783823013306e+01 3.543128967285e+01 4.963005828857e+01 4.630019378662e+01 4.417283630371e+01 3.332081604004e+01 5.095049667358e+01 6.324058532715e+01 3.788256072998e+01 3.837202453613e+01 2.887889671326e+01 2.932233428955e+01 3.135428047180e+01 2.958894538879e+01 2.874701881409e+01 3.586352539062e+01 2.787924575806e+01 2.525043296814e+01 2.159863662720e+01 1.688983726501e+01 2.143302345276e+01 2.258723258972e+01 2.145059967041e+01 2.662182998657e+01 2.773353767395e+01 2.427001953125e+01 1.808744239807e+01 1.322970962524e+01 1.177612209320e+01 1.001084136963e+01 1.638893890381e+01 1.871653747559e+01 8.343675613403e+00 8.211307525635e+00 8.570381164551e+00 8.696450233459e+00 8.224922180176e+00 6.882855415344e+00 4.787702083588e+00
3.843009185791e+01 1.121145401001e+02 8.135732269287e+01 3.497539901733e+01 4.006753158569e+01 4.428835678101e+01 4.800933837891e+01 4.878921127319e+01 3.936062240601e+01 3.493809890747e+01 5.819781494141e+01 6.232891845703e+01 4.915314483643e+01 3.325971221924e+01 3.013032913208e+01 3.405569839478e+01 5.557015991211e+01 3.471590423584e+01 3.990418624878e+01 3.069726371765e+01 2.340194702148e+01 2.279121780396e+01 1.866830825806e+01 2.378273582458e+01 2.369906806946e+01 2.620440864563e+01 2.856166458130e+01 2.289126396179e+01 2.658737182617e+01 2.655730438232e+01 2.065284538269e+01 1.143822288513e+01 1.122426605225e+01 1.737005424500e+01 1.879220199585e+01 1.098055934906e+01 7.290515899658e+00 7.372970104218e+00 7.350279331207e+00 7.465469837189e+00 7.440896987915e+00 6.895712375641e+00 5.857831478119e+00
7.031267547607e+01 5.428884506226e+01 1.310903015137e+02 6.069160842896e+01 4.073546981812e+01 5.467015457153e+01 4.076239395142e+01 4.572785568237e+01 6.029194259644e+01 4.571970748901e+01 6.313203811646e+01 4.997460937500e+01 5.266786956787e+01 4.426279449463e+01 3.603277587891e+01 3.365668106079e+01 8.070121765137e+01 4.842217254639e+01 3.730335235596e+01 4.722340393066e+01 2.822743415833e+01 2.330301094055e+01 2.486374473572e+01 2.615967369080e+01 2.522209739685e+01 2.562547683716e+01 3.606480407715e+01 2.245995521545e+01 2.774336814880e+01 2.896165847778e+01 2.348692321777e+01 1.514402961731e+01 1.917679595947e+01 1.771429634094e+01 1.012785434723e+01 8.777059555054e+00 8.288262367249e+00 7.759367465973e+00 7.211120128632e+00 6.711780548096e+00 6.421464443207e+00 6.636967182159e+00 6.037469387054e+00
9.571897888184e+01 1.250700531006e+02 7.605433654785e+01 1.291255340576e+02 4.937224197388e+01 6.647385406494e+01 5.648598861694e+01 6.027719879150e+01 8.441600036621e+01 6.793000030518e+01 7.727944946289e+01 4.768484878540e+01 4.811930084229e+01 5.026353836060e+01 4.518582534790e+01 3.548399353027e+01 9.447362518311e+01 5.319397735596e+01 5.565159988403e+01 3.874537658691e+01 2.143932533264e+01 2.313842010498e+01 2.922706031799e+01 2.639304351807e+01 2.420179367065e+01 2.237858390808e+01 3.524755477905e+01 2.473356628418e+01 3.124899291992e+01 3.083011054993e+01 2.445067214966e+01 1.940018463135e+01 1.453246498108e+01 7.985181808472e+00 7.355808258057e+00 7.457505226135e+00 7.573155879974e+00 8.086423873901e+00 7.931984424591e+00 7.517192363739e+00 8.110047340393e+00 9.410926818848e+00 9.812505722046e+00
1.852786407471e+02 1.263993377686e+02 1.339493103027e+02 1.104061584473e+02 9.971278381348e+01 7.506664276123e+01 8.180253601074e+01 7.270854187012e+01 7.242914581299e+01 8.014424896240e+01 9.152133178711e+01 5.533211517334e+01 4.776309204102e+01 5.141705322266e+01 5.643474960327e+01 5.331202697754e+01 7.261134338379e+01 5.309830093384e+01 5.291751480103e+01 4.222228622437e+01 3.459281158447e+01 4.078067016602e+01 4.088805007935e+01 3.384182739258e+01 2.474117469788e+01 2.160125350952e+01 2.773130798340e+01 3.054292488098e+01 3.245646667480e+01 2.713586235046e+01 1.905672454834e+01 1.158419609070e+01 1.013121032715e+01 1.115066814423e+01 1.316459655762e+01 1.441341304779e+01 1.505298233032e+01 1.496156406403e+01 1.418519020081e+01 1.296791267395e+01 1.178421211243e+01 1.151701927185e+01 1.019116306305e+01
