100/SI/f172_max.grd
DSAA
101	101
32.816463539100	34.260883539100
35.556306596100	36.727886596100
8.931721560657e-03	1.632824218750e+03
[rows 0 to 18 of 101, columns 0 to 42 of 101]
1.387081503868e+00 2.475917339325e+00 2.190936326981e+00 1.310986518860e+00 1.146090507507e+00 1.513988614082e+00 2.999240875244e+00 4.160025596619e+00 3.703536510468e+00 2.199734210968e+00 1.359549880028e+00 1.561548113823e+00 1.657054185867e+00 1.599298119545e+00 1.371130943298e+00 2.067208051682e+00 3.102380990982e+00 3.597363948822e+00 2.578016996384e+00 1.663237690926e+00 1.925125956535e+00 2.086272239685e+00 1.490975737572e+00 1.335987329483e+00 1.443312048912e+00 1.971471548080e+00 2.949505090714e+00 3.372517347336e+00 4.485516071320e+00 3.583527326584e+00 2.621091365814e+00 2.465148687363e+00 2.142004966736e+00 1.701741337776e+00 1.368342399597e+00 1.328965306282e+00 1.225842356682e+00 1.660021066666e+00 2.319920539856e+00 2.653101921082e+00 2.219788312912e+00 1.923445940018e+00 1.831029295921e+00
2.569280624390e+00 4.844130039215e+00 4.745448112488e+00 3.311347007751e+00 2.388997316360e+00 2.927142620087e+00 5.773219108582e+00 7.943265914917e+00 6.993368148804e+00 4.053169727325e+00 2.336943626404e+00 2.670829772949e+00 2.819397926331e+00 2.683316946030e+00 2.292286634445e+00 3.084794759750e+00 4.897007465363e+00 6.408200740814e+00 5.802222251892e+00 3.476635694504e+00 3.512961149216e+00 5.444852828979e+00 2.875411033630e+00 2.608360290527e+00 2.978363990784e+00 3.854953765869e+00 4.946882247925e+00 5.657002925873e+00 8.528979301453e+00 6.656658172607e+00 4.265718460083e+00 3.868560552597e+00 3.901795625687e+00 2.885490655899e+00 3.106954097748e+00 3.252585172653e+00 3.277039527893e+00 3.683900117874e+00 4.618921756744e+00 4.639741897583e+00 3.431409835815e+00 3.472880601883e+00 3.789846658707e+00
2.521032094955e+00 5.166920185089e+00 5.786201953888e+00 4.948853015900e+00 3.179922342300e+00 3.382715225220e+00 6.687508106232e+00 9.038403511047e+00 7.704377174377e+00 4.200072288513e+00 2.956639289856e+00 3.331370592117e+00 3.440495491028e+00 3.182703018188e+00 2.620827436447e+00 2.466716051102e+00 3.238141536713e+00 4.821495532990e+00 5.506155490875e+00 4.485102176666e+00 5.631581783295e+00 8.423583984375e+00 3.707205772400e+00 3.238632917404e+00 3.969366312027e+00 4.802791118622e+00 4.985772609711e+00 5.149192810059e+00 9.951739311218e+00 7.473671436310e+00 4.145896911621e+00 3.557699441910e+00 5.330345153809e+00 2.846944332123e+00 2.919418573380e+00 3.354568958282e+00 4.236090183258e+00 5.352626323700e+00 5.587167263031e+00 4.625776767731e+00 4.675283432007e+00 3.229091167450e+00 4.255475997925e+00
2.275641679764e+00 4.991141319275e+00 5.872461795807e+00 5.992572784424e+00 4.811321258545e+00 3.467943191528e+00 6.997768402100e+00 9.258257865906e+00 7.455455780029e+00 3.614268541336e+00 3.279116630554e+00 3.617618799210e+00 3.601007699966e+00 3.203966140747e+00 2.548443794250e+00 2.523915052414e+00 2.403348445892e+00 2.819230318069e+00 3.656512498856e+00 4.281914234161e+00 9.447875022888e+00 1.072676467896e+01 4.179775238037e+00 3.565977573395e+00 4.390256881714e+00 5.031493663788e+00 4.815163135529e+00 4.804983139038e+00 9.982745170593e+00 7.277711868286e+00 3.723060846329e+00 3.062422037125e+00 6.139783382416e+00 3.275841474533e+00 3.309917688370e+00 4.667963504791e+00 5.762642860413e+00 5.996951580048e+00 5.073685169220e+00 5.873386859894e+00 5.651742935181e+00 3.516727685928e+00 3.910065412521e+00
2.229260921478e+00 4.783905506134e+00 5.647572517395e+00 6.177648067474e+00 5.901826858521e+00 4.168103694916e+00 7.151684761047e+00 9.264593124390e+00 7.003674030304e+00 3.054461717606e+00 3.524056196213e+00 3.749064445496e+00 3.689554929733e+00 3.675938129425e+00 3.379080772400e+00 2.858880043030e+00 2.659902572632e+00 2.653161287308e+00 3.895383834839e+00 7.851681709290e+00 1.313215446472e+01 1.179478359222e+01 4.496929168701e+00 4.989560604095e+00 4.404520988464e+00 4.927771091461e+00 4.422830104828e+00 4.788598537445e+00 9.462398529053e+00 6.864284038544e+00 4.399572849274e+00 3.478389739990e+00 6.541721820831e+00 3.713699102402e+00 5.195599555969e+00 6.206556320190e+00 6.267947673798e+00 5.290205001831e+00 3.645060062408e+00 6.041788578033e+00 6.982147216797e+00 4.704500675201e+00 3.112884283066e+00
2.049535989761e+00 4.188850879669e+00 5.051554203033e+00 5.461680412292e+00 6.044304847717e+00 5.024326324463e+00 7.160047531128e+00 8.986752510071e+00 6.329225540161e+00 3.349465847015e+00 3.749452352524e+00 4.170337200165e+00 4.447730541229e+00 4.310301303864e+00 3.884601593018e+00 3.170249700546e+00 2.566637754440e+00 2.777466297150e+00 6.187648296356e+00 1.118225002289e+01 1.528486347198e+01 1.166446208954e+01 4.994814395905e+00 7.602835655212e+00 4.680952072144e+00 4.631466865540e+00 3.969635009766e+00 5.128714561462e+00 8.478068351746e+00 6.806307315826e+00 4.439857006073e+00 3.617431402206e+00 7.574505329132e+00 5.553768157959e+00 6.577327251434e+00 6.495642185211e+00 5.391325950623e+00 3.732907772064e+00 4.109480381012e+00 5.701202869415e+00 8.563269615173e+00 5.474709987640e+00 2.972370862961e+00
2.589447259903e+00 4.593316078186e+00 4.312701225281e+00 4.265858173370e+00 5.236555099487e+00 5.061103343964e+00 7.063024520874e+00 8.609806060791e+00 5.695822715759e+00 3.700146436691e+00 4.192533969879e+00 4.771945476532e+00 4.841738224030e+00 4.511517524719e+00 3.850720882416e+00 3.559742450714e+00 3.435510635376e+00 4.300513267517e+00 8.339591026306e+00 1.335843181610e+01 1.584312629700e+01 1.067101669312e+01 6.344875812531e+00 9.646935462952e+00 6.789473056793e+00 4.300542831421e+00 3.746642827988e+00 9.502964973450e+00 1.336931514740e+01 8.688796043396e+00 4.917234897614e+00 4.221696853638e+00 8.309799194336e+00 6.511221408844e+00 6.502050399780e+00 5.398005485535e+00 3.766255617142e+00 4.126389026642e+00 5.975840091705e+00 7.539708614349e+00 8.819674491882e+00 6.375892162323e+00 3.175407886505e+00
2.637598037720e+00 5.266224861145e+00 5.432670593262e+00 3.928858995438e+00 3.827050685883e+00 4.252119064331e+00 6.980063915253e+00 8.437578201294e+00 5.319140911102e+00 4.007765293121e+00 4.730097293854e+00 5.053567886353e+00 4.895894050598e+00 4.331960678101e+00 3.926477670670e+00 4.585450649261e+00 5.112637042999e+00 5.662814617157e+00 1.020130920410e+01 1.448813247681e+01 1.556401634216e+01 9.606998443604e+00 6.908997058868e+00 1.061954879761e+01 8.268990516663e+00 5.276348114014e+00 3.791708946228e+00 1.443448734283e+01 1.873550033569e+01 1.021163082123e+01 5.371134281158e+00 4.783192157745e+00 8.188923835754e+00 5.985137462616e+00 5.852004051208e+00 4.164342880249e+00 3.959377527237e+00 5.893424034119e+00 7.781546115875e+00 8.593412399292e+00 7.785251140594e+00 8.083942413330e+00 3.584192276001e+00
2.291633844376e+00 4.998783111572e+00 6.200931549072e+00 5.633690357208e+00 3.741648674011e+00 3.732970476151e+00 6.918150901794e+00 8.381944656372e+00 5.132109642029e+00 4.501488208771e+00 5.013288021088e+00 5.070597171783e+00 4.654016494751e+00 3.966124534607e+00 4.189280509949e+00 4.885591030121e+00 6.615678310394e+00 6.769297599792e+00 1.123346328735e+01 1.426780986786e+01 1.414406299591e+01 8.359756469727e+00 7.081080913544e+00 1.016858005524e+01 8.930086135864e+00 6.103742122650e+00 4.794363975525e+00 1.860820388794e+01 2.185425567627e+01 1.127444553375e+01 5.951530456543e+00 4.567630290985e+00 8.298925399780e+00 5.447167873383e+00 6.420629501343e+00 6.092869281769e+00 5.919425964355e+00 7.935616016388e+00 9.128135681152e+00 8.633339881897e+00 6.350148200989e+00 1.004800891876e+01 4.194740772247e+00
2.355990886688e+00 4.170518398285e+00 5.869031906128e+00 6.629072189331e+00 5.647305011749e+00 3.769095420837e+00 6.945813655853e+00 8.382242202759e+00 5.024979114532e+00 4.760128498077e+00 5.027057170868e+00 4.825098514557e+00 5.216709136963e+00 5.686734199524e+00 5.953270912170e+00 6.042660236359e+00 7.193480014801e+00 7.802869796753e+00 1.154479598999e+01 1.324112892151e+01 1.227346897125e+01 7.150038242340e+00 6.426106452942e+00 8.901395797729e+00 8.633837699890e+00 6.281728744507e+00 5.196073055267e+00 2.111392021179e+01 2.322285652161e+01 1.170706653595e+01 5.216167449951e+00 4.061395168304e+00 8.995299339294e+00 5.404565334320e+00 6.571244716644e+00 6.377290725708e+00 8.241142272949e+00 9.492096900940e+00 9.293756484985e+00 7.451992988586e+00 5.479104995728e+00 1.093914222717e+01 5.456967830658e+00
2.380437135696e+00 4.760235786438e+00 4.911311149597e+00 6.366835117340e+00 6.950185298920e+00 5.584695816040e+00 6.893025398254e+00 8.261012077332e+00 4.870371341705e+00 4.808294773102e+00 5.240810871124e+00 6.138120651245e+00 6.812572002411e+00 7.192146301270e+00 7.373095035553e+00 7.446464061737e+00 7.376584529877e+00 9.493772506714e+00 1.329111099243e+01 1.406754684448e+01 1.181668281555e+01 8.726795196533e+00 6.115549564362e+00 7.602169513702e+00 7.795116424561e+00 5.604187488556e+00 6.040210247040e+00 2.228239059448e+01 2.376596641541e+01 1.149203777313e+01 4.939326763153e+00 4.261522293091e+00 8.803069114685e+00 5.486366748810e+00 7.284933090210e+00 8.837760925293e+00 9.862734794617e+00 9.682989120483e+00 8.041586875916e+00 6.152337074280e+00 6.216227531433e+00 1.053936004639e+01 7.102497577667e+00
2.024315595627e+00 4.257399082184e+00 5.088721752167e+00 5.329564094543e+00 6.888264656067e+00 7.245671749115e+00 6.692293643951e+00 7.971984386444e+00 4.668136119843e+00 5.651260852814e+00 6.578526020050e+00 7.337910652161e+00 7.862688064575e+00 8.167981147766e+00 8.278659820557e+00 8.273814201355e+00 8.198172569275e+00 1.266766548157e+01 1.727833938599e+01 1.791227912903e+01 1.541178035736e+01 1.206413364410e+01 8.817577362061e+00 6.455241680145e+00 8.572556495667e+00 8.218284606934e+00 7.380459308624e+00 2.140272521973e+01 2.106902503967e+01 1.048214054108e+01 6.075367450714e+00 7.173892021179e+00 8.125772476196e+00 8.767588615417e+00 9.948265075684e+00 1.040126323700e+01 9.983591079712e+00 8.411532402039e+00 8.211128234863e+00 9.549314498901e+00 7.153541088104e+00 9.041893005371e+00 8.637807846069e+00
1.621311903000e+00 3.212387800217e+00 4.253185272217e+00 5.024111747742e+00 5.850952625275e+00 7.391412734985e+00 7.416308403015e+00 7.551540851593e+00 5.798565864563e+00 6.741930484772e+00 7.421543598175e+00 7.858979225159e+00 8.124795913696e+00 8.276506423950e+00 8.297574996948e+00 8.267386436462e+00 8.280632019043e+00 1.398793888092e+01 1.885223197937e+01 1.919810485840e+01 1.656220245361e+01 1.346478080750e+01 1.051438808441e+01 7.691298007965e+00 1.156606674194e+01 1.118053340912e+01 9.425447463989e+00 1.868223381042e+01 1.660388565063e+01 8.938858985901e+00 1.061500453949e+01 1.195592308044e+01 1.189320087433e+01 1.148025894165e+01 1.134580230713e+01 1.078957366943e+01 1.044184207916e+01 9.889266014099e+00 9.030861854553e+00 1.288030338287e+01 8.053664207458e+00 6.911368846893e+00 1.113802242279e+01
2.059332132339e+00 4.035366535187e+00 3.971755504608e+00 3.881993532181e+00 4.747625350952e+00 6.370332717896e+00 7.921631813049e+00 7.548571109772e+00 6.458861827850e+00 7.179235458374e+00 7.544452667236e+00 7.666459083557e+00 7.618025779724e+00 7.454335689545e+00 7.271864414215e+00 7.247998714447e+00 7.444383621216e+00 1.288309574127e+01 1.701409912109e+01 1.754797554016e+01 1.571969604492e+01 1.330639076233e+01 1.097439575195e+01 8.673072814941e+00 1.147093868256e+01 1.184463119507e+01 1.045504093170e+01 1.534392166138e+01 1.218314933777e+01 9.271912574768e+00 1.248097515106e+01 1.409937286377e+01 1.344720840454e+01 1.228573226929e+01 1.088777923584e+01 1.022089958191e+01 9.633597373962e+00 8.958140373230e+00 8.173013687134e+00 1.360079002380e+01 1.250850868225e+01 7.141141414642e+00 1.266692829132e+01
2.650279760361e+00 5.296343803406e+00 5.319743156433e+00 5.217997074127e+00 5.036685943604e+00 4.971690177917e+00 6.975148677826e+00 8.479450225830e+00 7.491511344910e+00 7.034500598907e+00 7.130856513977e+00 6.982059478760e+00 6.677806377411e+00 6.272218704224e+00 5.921256065369e+00 5.847983837128e+00 6.085126876831e+00 1.021352481842e+01 1.312061119080e+01 1.380744647980e+01 1.289672374725e+01 1.157074832916e+01 1.021052837372e+01 8.751864433289e+00 9.037873268127e+00 9.842654228210e+00 9.607288360596e+00 1.534323501587e+01 8.979423522949e+00 9.527208328247e+00 1.233612060547e+01 1.370591163635e+01 1.312144947052e+01 1.085624599457e+01 7.924668312073e+00 8.729777336121e+00 7.154183387756e+00 7.568943023682e+00 7.368255138397e+00 1.124598503113e+01 1.666342163086e+01 7.253114700317e+00 1.276325511932e+01
2.683581113815e+00 5.448359966278e+00 5.639480113983e+00 5.913324356079e+00 6.114001274109e+00 6.160169124603e+00 6.247570991516e+00 7.651273250580e+00 8.878773689270e+00 7.119489192963e+00 6.419969081879e+00 6.095322608948e+00 5.675779342651e+00 5.419446468353e+00 5.826795578003e+00 5.929095268250e+00 6.279906272888e+00 8.782598495483e+00 9.229684829712e+00 9.872091293335e+00 9.655208587646e+00 8.957639694214e+00 8.367656707764e+00 7.930280685425e+00 7.582440376282e+00 7.426805973053e+00 9.927353858948e+00 1.628269195557e+01 1.098947429657e+01 1.075225830078e+01 1.281793689728e+01 1.301292705536e+01 1.084963226318e+01 1.072851371765e+01 5.861482143402e+00 1.033454227448e+01 9.517352104187e+00 8.817875862122e+00 7.564742088318e+00 7.910603523254e+00 1.891701507568e+01 1.037281227112e+01 1.135130310059e+01
3.031951665878e+00 5.235586166382e+00 5.153491497040e+00 5.355033874512e+00 5.635759353638e+00 6.211745262146e+00 6.580219268799e+00 6.935138225555e+00 8.202397346497e+00 8.663214683533e+00 7.167410373688e+00 7.101465702057e+00 7.162034511566e+00 6.489440917969e+00 6.029929637909e+00 6.589709758759e+00 7.170244216919e+00 9.053172111511e+00 9.128280639648e+00 7.552151679993e+00 6.627675056458e+00 7.731494426727e+00 9.632674217224e+00 9.995282173157e+00 9.018359184265e+00 7.419483184814e+00 1.100803661346e+01 1.661933898926e+01 1.106989097595e+01 1.162989807129e+01 1.222738647461e+01 1.252765560150e+01 1.339042472839e+01 1.197019481659e+01 7.507883071899e+00 1.160861110687e+01 1.061388015747e+01 8.789353370667e+00 6.622828960419e+00 7.702181816101e+00 1.817822456360e+01 1.589477825165e+01 8.767064094543e+00
3.471068620682e+00 6.395640373230e+00 6.896044254303e+00 5.955578327179e+00 5.386865139008e+00 5.819738388062e+00 5.938709735870e+00 5.718459606171e+00 6.303682804108e+00 8.003766059875e+00 8.810926437378e+00 9.045019149780e+00 8.835196495056e+00 8.155283927917e+00 7.689280986786e+00 7.405190467834e+00 7.286486625671e+00 9.083174705505e+00 9.522848129272e+00 8.372963905334e+00 6.770282268524e+00 6.211240768433e+00 6.813539981842e+00 7.583927154541e+00 7.766118526459e+00 7.879797458649e+00 9.656030654907e+00 1.601179313660e+01 1.140328311920e+01 9.893618583679e+00 1.132185459137e+01 1.300107002258e+01 1.445777893066e+01 1.228168773651e+01 8.655330657959e+00 1.279545593262e+01 1.020281982422e+01 7.932017803192e+00 6.003619670868e+00 7.041615486145e+00 1.466282176971e+01 2.149908447266e+01 9.557300567627e+00
3.416144371033e+00 6.701166152954e+00 7.973789691925e+00 7.517041683197e+00 5.697430133820e+00 4.348459720612e+00 5.267574787140e+00 5.963611125946e+00 6.394335269928e+00 6.454068660736e+00 8.713212966919e+00 9.640603065491e+00 9.051628112793e+00 9.069954872131e+00 9.136721611023e+00 9.004142761230e+00 7.977674961090e+00 9.018426895142e+00 9.852245330811e+00 8.951375961304e+00 6.565621376038e+00 8.068691253662e+00 7.627543926239e+00 7.896572589874e+00 7.021982192993e+00 6.904249668121e+00 7.263022899628e+00 1.487525272369e+01 1.350968647003e+01 1.072971916199e+01 1.044564056396e+01 1.103866958618e+01 1.361874771118e+01 1.213613700867e+01 9.802447319031e+00 1.234077644348e+01 8.925644874573e+00 7.143224239349e+00 6.752583026886e+00 6.282952308655e+00 1.004268455505e+01 2.515791702271e+01 1.000467872620e+01
