100/SI/f172_max.grd
DSAA
101	101
32.816463539100	34.260883539100
35.556306596100	36.727886596100
8.931721560657e-03	1.632824218750e+03
[rows 76 to 94 of 101, columns 43 to 85 of 101]
2.470771789551e+00 2.122506618500e+00 3.756206035614e+00 9.832983016968e+00 1.054967212677e+01 2.144258880615e+01 3.467366409302e+01 3.918796920776e+01 2.422237014771e+01 6.680862903595e+00 2.110308074951e+01 4.771220779419e+01 3.595454788208e+01 9.842210769653e+00 4.355623722076e+00 5.997723102570e+00 6.929915428162e+00 3.956121683121e+00 3.569052219391e+00 4.383996009827e+00 1.503839206696e+01 3.298073577881e+01 7.579598426819e+00 5.172834396362e+00 3.754915475845e+00 2.525176525116e+00 1.296130180359e+00 1.115091919899e+00 1.085849285126e+00 1.024506926537e+00 9.562579393387e-01 9.989230036736e-01 1.053639292717e+00 1.119787931442e+00 1.133013725281e+00 1.056924581528e+00 9.714722633362e-01 9.099896550179e-01 8.681612014771e-01 8.446403741837e-01 9.499401450157e-01 1.530465602875e+00 2.067121028900e+00
3.858947992325e+00 5.286026954651e+00 6.652973651886e+00 7.206590652466e+00 9.408501625061e+00 1.369608592987e+01 1.808662223816e+01 1.585674858093e+01 2.390312385559e+01 3.501119613647e+01 3.489562988281e+01 1.686928558350e+01 1.249059486389e+01 9.687796592712e+00 6.294065475464e+00 8.814142227173e+00 2.656503200531e+00 1.251763463020e+00 1.529560208321e+00 1.706278204918e+00 1.299201369286e+00 1.558437943459e+00 2.464778661728e+00 2.604083061218e+00 2.374672412872e+00 1.460173368454e+00 7.085393667221e-01 6.357427239418e-01 7.240648269653e-01 8.356277346611e-01 8.933178186417e-01 9.151660203934e-01 9.115319848061e-01 8.727371096611e-01 7.606405019760e-01 6.121417880058e-01 4.945561885834e-01 4.770514965057e-01 5.017920136452e-01 6.057336926460e-01 8.197389245033e-01 1.391790151596e+00 1.843617200851e+00
8.428144454956e+00 1.277349758148e+01 8.125591278076e+00 3.553055763245e+00 4.666606903076e+00 1.496000099182e+01 4.203855514526e+01 5.619279861450e+01 4.253373718262e+01 2.122062301636e+01 1.190608310699e+01 8.120461463928e+00 5.247748851776e+00 8.083545684814e+00 9.201461791992e+00 2.772202730179e+00 9.189254641533e-01 8.418473601341e-01 8.690399527550e-01 1.141590595245e+00 8.557062745094e-01 7.829709649086e-01 9.053817391396e-01 1.043569207191e+00 9.470031857491e-01 8.940109610558e-01 7.114050984383e-01 7.426807880402e-01 6.231929659843e-01 6.967905759811e-01 7.305396795273e-01 6.823717355728e-01 6.700378060341e-01 6.487159729004e-01 4.580430090427e-01 4.380210340023e-01 4.651212394238e-01 4.631859660149e-01 4.534622132778e-01 4.880358874798e-01 5.965878367424e-01 1.226760625839e+00 1.781982660294e+00
1.159189033508e+01 1.361566925049e+01 4.684873104095e+00 4.981802463531e+00 1.526537895203e+01 2.741410255432e+01 2.835833168030e+01 2.464086532593e+01 2.306393432617e+01 1.028098964691e+01 9.926818847656e+00 1.161483860016e+01 7.700589656830e+00 5.872561931610e+00 1.651432633400e+00 1.022483110428e+00 6.445574760437e-01 6.240661740303e-01 6.009445190430e-01 7.185392975807e-01 6.652258038521e-01 6.656137108803e-01 6.196883916855e-01 6.021486520767e-01 5.942526459694e-01 6.074533462524e-01 5.890104770660e-01 6.003752350807e-01 6.440942287445e-01 6.187152266502e-01 6.275835037231e-01 5.168020129204e-01 5.720427036285e-01 6.004713177681e-01 4.789234399796e-01 3.640627861023e-01 4.350774884224e-01 4.625788927078e-01 4.643472433090e-01 4.563959538937e-01 4.767022430897e-01 6.619818806648e-01 1.104204773903e+00
5.026429176331e+00 1.023996448517e+01 1.448620510101e+01 1.631513404846e+01 1.572539806366e+01 1.297230339050e+01 1.656142234802e+01 2.026421928406e+01 2.921933555603e+01 1.183862209320e+01 1.186452674866e+01 7.256265163422e+00 3.114963293076e+00 1.144637584686e+00 7.921285629272e-01 6.466025710106e-01 5.819733142853e-01 5.257572531700e-01 4.820680916309e-01 4.510390162468e-01 4.893365800381e-01 3.931218981743e-01 3.988950252533e-01 3.978545665741e-01 4.163317978382e-01 4.384258687496e-01 4.439412057400e-01 4.080792069435e-01 3.400695621967e-01 4.086845517159e-01 4.116193056107e-01 4.010006487370e-01 4.516717493534e-01 5.009527802467e-01 4.604291021824e-01 3.613418638706e-01 4.045058488846e-01 4.537699818611e-01 4.658199846745e-01 4.805017709732e-01 5.572736859322e-01 6.695582866669e-01 8.235514163971e-01
6.561688423157e+00 1.720176315308e+01 3.195499229431e+01 1.960522842407e+01 1.345834445953e+01 2.025553131104e+01 2.776445388794e+01 3.787491607666e+01 1.780293846130e+01 1.035375308990e+01 4.799313068390e+00 2.989193677902e+00 1.266397476196e+00 6.732607483864e-01 4.881195425987e-01 4.028451442719e-01 3.712032735348e-01 3.455242216587e-01 3.547462821007e-01 3.779997825623e-01 3.766814172268e-01 3.555676341057e-01 3.531011641026e-01 3.748482763767e-01 4.483922719955e-01 5.235589742661e-01 5.744759440422e-01 5.602860450745e-01 4.440564215183e-01 3.318510353565e-01 3.284554779530e-01 3.039334714413e-01 3.248882591724e-01 4.046449959278e-01 4.175570011139e-01 3.882988989353e-01 3.680446743965e-01 4.307398796082e-01 4.546115696430e-01 4.593158662319e-01 5.344268083572e-01 7.394557595253e-01 9.986573457718e-01
1.060518836975e+01 3.271761322021e+01 2.500442695618e+01 1.971656417847e+01 2.176189422607e+01 2.127701568604e+01 1.454483318329e+01 1.463320541382e+01 1.114107322693e+01 5.745687961578e+00 2.593539714813e+00 1.783577084541e+00 7.042334675789e-01 4.538033902645e-01 3.736167550087e-01 3.063784241676e-01 3.022198677063e-01 3.234738707542e-01 3.169272840023e-01 2.999957501888e-01 3.263188302517e-01 3.274441659451e-01 3.272959589958e-01 3.288024961948e-01 4.089571237564e-01 5.031509995461e-01 5.730791091919e-01 5.736333727837e-01 4.675422906876e-01 3.035085201263e-01 3.179796040058e-01 3.302277028561e-01 2.711393535137e-01 2.999393045902e-01 3.566901981831e-01 3.969409465790e-01 3.995587825775e-01 3.942824900150e-01 4.308876693249e-01 4.499491751194e-01 4.455438852310e-01 5.010859966278e-01 6.482210755348e-01
1.349498844147e+01 2.275726127625e+01 1.336796379089e+01 8.116461753845e+00 5.540779590607e+00 8.597080230713e+00 7.052400112152e+00 8.413310050964e+00 5.995451927185e+00 2.486044406891e+00 2.045064449310e+00 1.292736172676e+00 7.589340806007e-01 5.668854713440e-01 3.556831479073e-01 2.923631966114e-01 3.109543919563e-01 3.144217729568e-01 2.872875034809e-01 2.691147327423e-01 3.123006224632e-01 3.426345884800e-01 3.594877123833e-01 3.483765423298e-01 3.195438981056e-01 3.826802372932e-01 4.282903671265e-01 4.259460270405e-01 3.535283803940e-01 2.759738862514e-01 2.819264233112e-01 3.101666569710e-01 2.973461151123e-01 2.611736059189e-01 2.663058340549e-01 3.270455002785e-01 3.623650372028e-01 3.495157063007e-01 3.976711034775e-01 4.320828318596e-01 4.406169056892e-01 4.782933890820e-01 5.185514688492e-01
1.947961425781e+01 1.607798576355e+01 5.168137550354e+00 4.045380592346e+00 4.317774772644e+00 2.514106035233e+00 4.355199813843e+00 5.700138092041e+00 3.815952539444e+00 1.953030586243e+00 1.800397992134e+00 9.208028912544e-01 7.997685670853e-01 7.639588713646e-01 4.812083542347e-01 3.762765228748e-01 3.205555379391e-01 3.028048574924e-01 2.620913684368e-01 2.597675025463e-01 3.144144415855e-01 3.773614168167e-01 4.159107208252e-01 3.900726139545e-01 3.346239924431e-01 2.881403565407e-01 3.074454069138e-01 3.300134837627e-01 3.294808864594e-01 3.445470333099e-01 3.105235695839e-01 2.889045476913e-01 2.845695316792e-01 2.593798339367e-01 2.504991889000e-01 3.023006320000e-01 3.314172327518e-01 3.237040340900e-01 3.578850328922e-01 4.028710722923e-01 4.229370951653e-01 4.719027578831e-01 5.917719006538e-01
3.041998863220e+01 1.342057132721e+01 2.882094144821e+00 1.942608356476e+00 1.468853592873e+00 1.788408041000e+00 1.891639590263e+00 4.328725814819e+00 4.433445930481e+00 2.734526634216e+00 1.376815915108e+00 7.951198816299e-01 6.940516233444e-01 7.319784760475e-01 6.048908829689e-01 3.733038008213e-01 3.137860298157e-01 2.916009724140e-01 2.432784140110e-01 2.570918202400e-01 3.223728537560e-01 4.213856160641e-01 4.607287347317e-01 4.104942977428e-01 3.459360003471e-01 3.056629598141e-01 3.191587328911e-01 3.563083708286e-01 3.725840747356e-01 3.594399988651e-01 3.337963819504e-01 2.808988690376e-01 3.209854960442e-01 2.590209543705e-01 2.425809800625e-01 2.655591368675e-01 3.345048427582e-01 3.691101074219e-01 3.940663337708e-01 4.489584565163e-01 5.167014002800e-01 5.366830825806e-01 5.211591720581e-01
2.622618675232e+01 8.045492172241e+00 2.154236078262e+00 1.205481410027e+00 1.091867566109e+00 1.224620103836e+00 2.202827215195e+00 2.834509849548e+00 3.361855745316e+00 2.347596883774e+00 1.579385399818e+00 9.243851304054e-01 5.809196829796e-01 5.312290191650e-01 5.126848816872e-01 4.349071681499e-01 3.517369031906e-01 3.882508575916e-01 3.251973986626e-01 2.838191092014e-01 3.545203804970e-01 4.744710922241e-01 4.951049089432e-01 4.170358479023e-01 3.552236557007e-01 3.247346878052e-01 3.349473476410e-01 3.762961626053e-01 4.055432379246e-01 3.784021437168e-01 3.284161686897e-01 2.728621661663e-01 3.283308446407e-01 2.533799409866e-01 2.384967058897e-01 2.286005020142e-01 2.510630786419e-01 3.313446044922e-01 4.229077398777e-01 5.455970168114e-01 6.669251918793e-01 7.140797376633e-01 7.211828827858e-01
1.368989276886e+01 2.673484086990e+00 1.262564063072e+00 1.106928110123e+00 9.198498129845e-01 8.792733550072e-01 1.415944337845e+00 7.901656627655e-01 2.037919998169e+00 3.079163312912e+00 2.251020431519e+00 1.724496603012e+00 8.485639691353e-01 5.301317572594e-01 4.551008045673e-01 4.570890963078e-01 4.860816597939e-01 4.384570121765e-01 3.851688802242e-01 3.450865149498e-01 4.228731691837e-01 5.210897326469e-01 5.035086274147e-01 4.253241419792e-01 3.807290792465e-01 3.593962490559e-01 3.586883842945e-01 3.954912424088e-01 4.281985759735e-01 4.092464745045e-01 3.426254987717e-01 2.716557979584e-01 3.109285533428e-01 2.805035114288e-01 2.355096340179e-01 2.353462278843e-01 2.278548032045e-01 2.388865947723e-01 3.056534230709e-01 4.677866697311e-01 6.386577486992e-01 7.431992292404e-01 8.026933670044e-01
3.690135002136e+00 1.526479721069e+00 1.003311991692e+00 9.524655342102e-01 7.089243531227e-01 6.522460579872e-01 6.379046440125e-01 6.285706758499e-01 7.405899167061e-01 2.534480571747e+00 2.813086748123e+00 4.131961822510e+00 2.653261423111e+00 9.662184119225e-01 6.060506105423e-01 5.074993371964e-01 5.505127310753e-01 6.501341462135e-01 6.066986322403e-01 4.874819815159e-01 4.803876876831e-01 5.401920676231e-01 4.878699183464e-01 4.227612614632e-01 3.990661203861e-01 3.964131772518e-01 4.051756858826e-01 4.042786061764e-01 4.377873837948e-01 4.378153085709e-01 3.771606087685e-01 2.916095256805e-01 2.930283546448e-01 2.918381690979e-01 2.718935310841e-01 2.790434956551e-01 2.767401635647e-01 2.726972997189e-01 2.701846659184e-01 2.690057158470e-01 3.627203702927e-01 4.815687537193e-01 5.669394135475e-01
1.417238116264e+00 8.459696769714e-01 8.962599039078e-01 7.757703661919e-01 6.042761802673e-01 5.486835837364e-01 4.782028496265e-01 4.862243533134e-01 5.634009242058e-01 1.049478650093e+00 4.214297294617e+00 1.033386802673e+01 7.098428726196e+00 2.274420738220e+00 1.008895158768e+00 6.332125067711e-01 5.757190585136e-01 6.893647909164e-01 6.686291694641e-01 7.085470557213e-01 6.834805011749e-01 5.646321773529e-01 5.071904659271e-01 4.568211436272e-01 4.441370069981e-01 4.488568305969e-01 4.494812190533e-01 4.394485354424e-01 4.380068778992e-01 4.595788717270e-01 4.144008159637e-01 3.038544952869e-01 2.873446643353e-01 2.825817465782e-01 2.925424873829e-01 3.146876990795e-01 3.298019170761e-01 3.350725769997e-01 3.335740566254e-01 3.229134082794e-01 3.130200505257e-01 3.296643793583e-01 3.405305147171e-01
1.196134090424e+00 7.365974783897e-01 7.950980663300e-01 6.039127707481e-01 4.725241661072e-01 4.439307153225e-01 3.917241394520e-01 4.153653085232e-01 4.151385128498e-01 7.404361367226e-01 3.194794893265e+00 8.605667114258e+00 7.751822471619e+00 4.999787330627e+00 1.226659059525e+00 6.995756626129e-01 5.341988205910e-01 7.643462419510e-01 9.106343984604e-01 8.568762540817e-01 7.025418877602e-01 5.511209964752e-01 5.483109354973e-01 5.176675915718e-01 5.019586086273e-01 4.920824468136e-01 4.727111160755e-01 4.328988194466e-01 4.403067231178e-01 4.631075263023e-01 4.076367616653e-01 3.255684673786e-01 3.369613289833e-01 3.264257609844e-01 3.101162612438e-01 2.933288812637e-01 3.138069510460e-01 3.263775706291e-01 3.238678574562e-01 3.043499290943e-01 3.269735574722e-01 3.863354325294e-01 4.287392795086e-01
1.471960425377e+00 7.768623232841e-01 6.932055950165e-01 5.074532032013e-01 3.850975930691e-01 3.655214905739e-01 3.735786378384e-01 3.697807192802e-01 3.576942086220e-01 4.652539491653e-01 1.218305826187e+00 4.401207447052e+00 1.600009536743e+01 1.235982418060e+01 2.089196205139e+00 8.154518604279e-01 8.945689797401e-01 9.572906494141e-01 8.542780876160e-01 6.822631955147e-01 5.560534000397e-01 5.693223476410e-01 6.063817739487e-01 5.898255109787e-01 5.521046519279e-01 5.029754638672e-01 4.367619156837e-01 3.899640440941e-01 4.535217881203e-01 4.647561311722e-01 4.312639832497e-01 4.802635014057e-01 4.826255142689e-01 4.576063156128e-01 4.120359718800e-01 3.214260637760e-01 2.604171931744e-01 2.588139474392e-01 2.592270374298e-01 2.795948684216e-01 3.286123275757e-01 4.094994366169e-01 5.076279640198e-01
1.557329177856e+00 8.803821206093e-01 6.617407798767e-01 4.429336786270e-01 3.484903573990e-01 3.648920953274e-01 3.598890006542e-01 3.457277417183e-01 3.123003542423e-01 3.560352921486e-01 6.909969449043e-01 2.245645523071e+00 7.803911685944e+00 6.903532505035e+00 2.336773872375e+00 1.346665859222e+00 1.111583113670e+00 8.657050728798e-01 6.693896651268e-01 5.366515517235e-01 5.377839803696e-01 5.766385197639e-01 6.158561706543e-01 5.885714292526e-01 5.109362006187e-01 4.162189364433e-01 3.354662060738e-01 3.647538125515e-01 4.544164836407e-01 4.760278761387e-01 5.108212828636e-01 5.626689195633e-01 5.603807568550e-01 5.236740112305e-01 4.460992217064e-01 3.234417438507e-01 3.324746489525e-01 3.456619679928e-01 3.656012713909e-01 3.823535144329e-01 3.858113586903e-01 4.202367961407e-01 5.421355962753e-01
1.455448031425e+00 7.870961427689e-01 5.568703413010e-01 3.481928706169e-01 3.339400589466e-01 3.595211803913e-01 3.469515740871e-01 3.000097572803e-01 2.383592575788e-01 3.196423947811e-01 5.873568654060e-01 9.973264336586e-01 2.773268222809e+00 3.319038629532e+00 2.423002481461e+00 1.493445992470e+00 9.491178989410e-01 6.770317554474e-01 6.297861337662e-01 6.146381497383e-01 5.566312074661e-01 5.286470055580e-01 5.133746862411e-01 4.531765878201e-01 3.592585027218e-01 3.119543194771e-01 3.072758615017e-01 3.271664083004e-01 4.217037558556e-01 4.700942039490e-01 3.613406121731e-01 3.951054215431e-01 3.964266180992e-01 3.718415200710e-01 3.478267490864e-01 3.818941116333e-01 4.142616987228e-01 4.561153650284e-01 5.001301169395e-01 5.241034626961e-01 5.142968297005e-01 4.774196743965e-01 5.309679508209e-01
1.299753546715e+00 6.103958487511e-01 4.008919298649e-01 2.598727345467e-01 3.121317625046e-01 3.456372618675e-01 3.308189511299e-01 2.730003893375e-01 2.017167806625e-01 2.866427898407e-01 5.272811651230e-01 8.187771439552e-01 1.932698369026e+00 2.497738361359e+00 1.955839395523e+00 1.165349841118e+00 7.248925566673e-01 6.770220398903e-01 6.686696410179e-01 5.633796453476e-01 4.503914117813e-01 3.778478801250e-01 3.319950997829e-01 2.794146835804e-01 2.577857077122e-01 2.525799572468e-01 2.522047758102e-01 2.777486443520e-01 3.661798834801e-01 4.274123609066e-01 3.344464004040e-01 2.652133107185e-01 2.486178576946e-01 3.189765214920e-01 3.791519999504e-01 4.327724874020e-01 4.947063326836e-01 5.709321498871e-01 6.415409445763e-01 6.696550846100e-01 6.357462406158e-01 5.589419007301e-01 5.223172903061e-01
