100/SI/f172_max.grd
DSAA
101	101
32.816463539100	34.260883539100
35.556306596100	36.727886596100
8.931721560657e-03	1.632824218750e+03
[rows 38 to 56 of 101, columns 0 to 42 of 101]
3.559070825577e+00 7.505703449249e+00 8.112006187439e+00 8.444168090820e+00 1.057768630981e+01 1.296406269073e+01 1.496701335907e+01 1.657285308838e+01 1.816737365723e+01 1.661167335510e+01 1.366509056091e+01 1.131255245209e+01 1.155311679840e+01 1.140023612976e+01 1.182831954956e+01 1.308510875702e+01 1.478874588013e+01 2.746859550476e+01 4.433586502075e+01 4.741679763794e+01 3.800088119507e+01 3.067894554138e+01 2.150746345520e+01 2.529634094238e+01 4.816536712646e+01 6.287058258057e+01 6.096604919434e+01 4.393948364258e+01 3.302369308472e+01 3.606425857544e+01 3.710351943970e+01 4.597312164307e+01 6.236863708496e+01 6.161007308960e+01 5.802759170532e+01 3.563459014893e+01 4.943809509277e+01 5.553686523438e+01 5.326196670532e+01 8.193982696533e+01 8.894361877441e+01 1.294741973877e+02 1.070847473145e+02
5.527258872986e+00 9.834106445312e+00 8.250950813293e+00 7.903555870056e+00 1.123679256439e+01 1.361281299591e+01 1.779942131042e+01 2.234563827515e+01 2.485652923584e+01 2.326520538330e+01 1.698839187622e+01 1.273332881927e+01 1.123349094391e+01 1.137649822235e+01 1.221750545502e+01 1.321183872223e+01 1.407554721832e+01 1.492927837372e+01 2.416294097900e+01 3.376263046265e+01 3.441338348389e+01 3.195287132263e+01 3.328092956543e+01 2.784317779541e+01 2.681058120728e+01 3.022194862366e+01 3.904172134399e+01 7.363005065918e+01 9.893484497070e+01 1.004338760376e+02 7.871216583252e+01 3.880321502686e+01 4.555823898315e+01 3.827847671509e+01 7.532006835938e+01 6.714618682861e+01 4.469870376587e+01 5.426238250732e+01 6.632412719727e+01 7.492238616943e+01 1.010481338501e+02 1.201963043213e+02 1.393473205566e+02
6.050255775452e+00 1.204942607880e+01 1.141293334961e+01 1.008923721313e+01 1.330532741547e+01 1.633390808105e+01 1.976205062866e+01 2.592785835266e+01 2.806200408936e+01 2.789674568176e+01 1.908126449585e+01 1.264651679993e+01 1.264459705353e+01 1.088032436371e+01 9.340529441833e+00 1.021717357635e+01 1.270178604126e+01 1.334192276001e+01 1.459698581696e+01 1.867300224304e+01 2.796247673035e+01 3.960261535645e+01 4.597317123413e+01 4.735719680786e+01 4.768744277954e+01 3.200077056885e+01 2.401522636414e+01 2.496518325806e+01 2.632178306580e+01 3.147389984131e+01 6.615278625488e+01 1.050361785889e+02 1.244256439209e+02 1.041040191650e+02 5.393297195435e+01 5.404921722412e+01 9.285501861572e+01 7.692459869385e+01 8.184386444092e+01 8.116968536377e+01 7.218405151367e+01 1.019221649170e+02 1.515272674561e+02
8.759196281433e+00 1.480427360535e+01 1.715844535828e+01 1.760554313660e+01 1.585842800140e+01 1.899111938477e+01 1.896533966064e+01 1.807964134216e+01 1.807943153381e+01 2.219196891785e+01 2.379279708862e+01 2.050671958923e+01 1.508053779602e+01 1.363040828705e+01 1.501697254181e+01 1.854716682434e+01 2.149518585205e+01 2.401773643494e+01 2.342229080200e+01 1.700136375427e+01 1.856812477112e+01 2.446010780334e+01 2.725764656067e+01 3.644521331787e+01 4.517972946167e+01 5.361364746094e+01 5.976564407349e+01 5.800565719604e+01 6.158880233765e+01 6.724578094482e+01 7.437534332275e+01 6.927041625977e+01 1.074372253418e+02 1.216057739258e+02 8.696509552002e+01 1.110960540771e+02 1.235250701904e+02 1.050756988525e+02 1.192777175903e+02 9.845063018799e+01 6.802575683594e+01 1.184268646240e+02 9.686082458496e+01
8.928761482239e+00 1.723114395142e+01 1.934040451050e+01 1.595720386505e+01 1.880918312073e+01 2.370526313782e+01 2.350911712646e+01 1.915471649170e+01 2.305242729187e+01 1.922551155090e+01 1.830986785889e+01 2.538730049133e+01 2.620841979980e+01 1.956786155701e+01 1.824871635437e+01 1.680176925659e+01 1.850804901123e+01 2.473951339722e+01 3.327354431152e+01 3.377560424805e+01 2.128337669373e+01 2.274517822266e+01 3.002968788147e+01 2.482532691956e+01 2.890173912048e+01 3.514490890503e+01 4.664813995361e+01 7.047829437256e+01 9.452382659912e+01 8.655787658691e+01 8.249228668213e+01 6.089076995850e+01 6.036439132690e+01 1.162602920532e+02 1.090411605835e+02 1.372964477539e+02 9.067761993408e+01 1.288386230469e+02 1.134157180786e+02 1.635700225830e+02 1.693666229248e+02 1.359920196533e+02 1.507893676758e+02
1.777685356140e+01 3.451184844971e+01 2.580904006958e+01 2.192436599731e+01 2.144933509827e+01 1.928642082214e+01 2.048497581482e+01 2.491978073120e+01 2.454404640198e+01 1.960515022278e+01 2.334645462036e+01 1.594019222260e+01 2.046084022522e+01 2.854453468323e+01 2.462776374817e+01 2.090399742126e+01 2.618185043335e+01 5.626380538940e+01 6.608206939697e+01 3.940973281860e+01 4.217412185669e+01 2.383557510376e+01 2.724754905701e+01 3.876229858398e+01 2.576996612549e+01 2.466436386108e+01 2.684028244019e+01 2.786352539062e+01 3.548552322388e+01 4.030522918701e+01 4.298785400391e+01 4.926845550537e+01 6.694940948486e+01 1.052915649414e+02 7.045660400391e+01 6.530593872070e+01 9.317362213135e+01 1.092642974854e+02 7.381554412842e+01 1.536009063721e+02 1.566621551514e+02 1.701287231445e+02 2.078320617676e+02
2.718791770935e+01 4.993825912476e+01 4.054691696167e+01 3.204320907593e+01 2.952957344055e+01 2.312389564514e+01 3.180888557434e+01 2.787746047974e+01 3.059363174438e+01 2.383459281921e+01 1.836337089539e+01 2.205345153809e+01 1.990513420105e+01 1.355848693848e+01 2.427237510681e+01 2.839866065979e+01 2.047067070007e+01 1.707847785950e+01 3.112927818298e+01 2.246060562134e+01 3.897154617310e+01 4.288347244263e+01 4.287721252441e+01 3.783921051025e+01 5.233866882324e+01 3.244144058228e+01 3.193361854553e+01 4.135300445557e+01 4.851882934570e+01 3.724880599976e+01 4.521089172363e+01 5.575336456299e+01 6.616146850586e+01 7.775876617432e+01 9.934944915771e+01 7.530090332031e+01 8.364944458008e+01 9.345529937744e+01 8.868112182617e+01 1.258945999146e+02 1.234917297363e+02 1.780707855225e+02 1.769673614502e+02
1.120880889893e+01 2.339937973022e+01 2.800272750854e+01 3.275001907349e+01 3.319483947754e+01 3.679967117310e+01 3.875881195068e+01 3.327707672119e+01 2.964795112610e+01 2.814276123047e+01 2.796455383301e+01 2.521765518188e+01 2.333898735046e+01 2.167190361023e+01 2.340675163269e+01 2.002198791504e+01 1.451280212402e+01 1.687630844116e+01 1.783132743835e+01 2.366226387024e+01 2.268376541138e+01 3.976462936401e+01 4.029088592529e+01 4.281449890137e+01 5.114718627930e+01 5.817213058472e+01 6.187303161621e+01 6.459227752686e+01 6.637361907959e+01 7.162389373779e+01 7.290287780762e+01 7.675126647949e+01 8.187168121338e+01 6.851724243164e+01 6.091755294800e+01 8.418279266357e+01 1.032733078003e+02 1.566008148193e+02 1.894372406006e+02 1.766074523926e+02 1.704131011963e+02 1.739085693359e+02 1.495947265625e+02
1.090892505646e+01 2.300675010681e+01 2.631739616394e+01 2.924040603638e+01 3.125749969482e+01 3.183403205872e+01 2.922763633728e+01 2.446581649780e+01 2.288948249817e+01 2.886637306213e+01 3.394371032715e+01 3.212227630615e+01 2.405241775513e+01 1.556238365173e+01 1.624553489685e+01 9.448760986328e+00 5.570080280304e+00 6.006152153015e+00 7.912276744843e+00 9.857281684875e+00 2.774336814880e+01 5.006101989746e+01 4.494033813477e+01 5.369612503052e+01 5.064776611328e+01 6.270985031128e+01 6.503974914551e+01 6.181609725952e+01 5.787316513062e+01 7.112387847900e+01 7.507212066650e+01 9.171927642822e+01 1.175617752075e+02 1.284050445557e+02 1.101067123413e+02 9.285402679443e+01 1.035633697510e+02 7.698088836670e+01 1.169107971191e+02 1.203239974976e+02 1.891460113525e+02 1.732990722656e+02 1.875868225098e+02
2.950565099716e+00 5.781011581421e+00 6.127138614655e+00 6.609408378601e+00 9.413418769836e+00 1.300987434387e+01 1.703331565857e+01 1.859511375427e+01 1.835166358948e+01 1.712348937988e+01 1.691582870483e+01 2.144893455505e+01 2.127223014832e+01 1.711893272400e+01 1.086182498932e+01 8.555755615234e+00 4.412050247192e+00 3.712688922882e+00 4.169687747955e+00 8.730545043945e+00 2.026605987549e+01 4.148906707764e+01 1.047248306274e+02 9.897801208496e+01 8.914390563965e+01 8.384663391113e+01 8.092967987061e+01 7.883128356934e+01 7.929773712158e+01 9.158415985107e+01 1.088708496094e+02 1.235981063843e+02 2.063420104980e+02 1.193291473389e+02 2.638953247070e+02 1.786290283203e+02 1.420780334473e+02 1.555741729736e+02 1.935496673584e+02 2.259077301025e+02 2.400638732910e+02 2.280169677734e+02 2.295710296631e+02
2.705435514450e+00 5.230874061584e+00 5.709172248840e+00 5.724964618683e+00 9.084020614624e+00 1.332692337036e+01 1.380081462860e+01 1.133373355865e+01 8.388485908508e+00 6.892063617706e+00 8.628335952759e+00 1.069670772552e+01 1.022509479523e+01 8.206457138062e+00 6.054450035095e+00 4.402702808380e+00 3.397230863571e+00 2.439088821411e+00 2.397613763809e+00 7.884376525879e+00 2.522623252869e+01 4.373435211182e+01 4.382865524292e+01 8.727653503418e+01 2.132732238770e+02 1.093368377686e+02 6.866675567627e+01 6.234066390991e+01 6.550065612793e+01 7.166619110107e+01 1.250222549438e+02 1.712991638184e+02 9.046381378174e+01 1.364379272461e+02 2.559069366455e+02 4.430732727051e+02 1.819209442139e+02 1.545375366211e+02 1.321257629395e+02 1.458047332764e+02 1.253030090332e+02 2.359416351318e+02 2.808048400879e+02
1.406401395798e+00 2.924080371857e+00 3.514140367508e+00 3.904571771622e+00 4.787214756012e+00 7.645832538605e+00 8.751475334167e+00 7.665746688843e+00 5.920982360840e+00 4.438727855682e+00 3.689870834351e+00 3.537515878677e+00 2.857137441635e+00 2.529359817505e+00 3.034604787827e+00 2.340365648270e+00 2.102808475494e+00 1.762125968933e+00 2.192028045654e+00 3.324249267578e+00 5.388869285583e+00 1.459034156799e+01 1.555201625824e+01 2.103508758545e+01 7.958641052246e+01 8.324253845215e+01 3.093786811829e+01 1.778233337402e+01 1.860905838013e+01 5.682157516479e+01 7.515253448486e+01 8.199625396729e+01 8.694908142090e+01 7.240673828125e+01 1.083207855225e+02 2.955590820312e+02 1.719159545898e+02 9.956865692139e+01 7.247380828857e+01 6.436688995361e+01 6.140827178955e+01 1.565418243408e+02 2.193471374512e+02
6.246943473816e-01 1.214147329330e+00 1.267517685890e+00 1.445558786392e+00 1.801602125168e+00 2.271899938583e+00 2.695350170135e+00 2.931408405304e+00 2.842681407928e+00 2.491544008255e+00 2.114074945450e+00 2.324181079865e+00 2.394062519073e+00 2.207099437714e+00 2.198025703430e+00 2.531675577164e+00 1.949185371399e+00 1.521255016327e+00 1.816056370735e+00 2.508033752441e+00 2.868135452271e+00 5.290424823761e+00 9.164093971252e+00 1.989839935303e+01 4.798182678223e+01 3.059727859497e+01 1.898877334595e+01 1.527007102966e+01 1.464475631714e+01 4.727889060974e+00 4.154594421387e+00 4.562763214111e+00 7.141860008240e+00 1.493651771545e+01 3.522708511353e+01 5.783540039062e+02 1.099277832031e+03 1.521301574707e+02 1.052424468994e+02 5.445313644409e+01 3.821411132812e+01 4.087126922607e+01 8.015508270264e+01
5.024524331093e-01 9.126813411713e-01 1.014847159386e+00 1.016363859177e+00 1.018670678139e+00 1.301703810692e+00 1.704905629158e+00 2.092742919922e+00 2.323003768921e+00 2.278130292892e+00 1.923046112061e+00 1.743391036987e+00 1.889705419540e+00 1.822103381157e+00 1.614210724831e+00 1.925734043121e+00 2.263449907303e+00 1.831603407860e+00 1.465906143188e+00 5.636280536652e+00 6.283073902130e+00 3.947184801102e+00 5.227433204651e+00 9.269316673279e+00 1.746516418457e+01 1.769687652588e+02 4.105981826782e+01 3.293620681763e+01 1.406034374237e+01 2.797269821167e+00 2.451387882233e+00 2.572533369064e+00 3.098769187927e+00 3.850540399551e+00 5.061794281006e+00 2.641655540466e+01 1.858303070068e+02 4.615257568359e+02 1.272740325928e+02 7.371961212158e+01 1.990805816650e+01 1.304644966125e+01 1.353219318390e+01
4.617187678814e-01 1.091925263405e+00 1.470192432404e+00 1.693840265274e+00 1.762006998062e+00 1.624845385551e+00 1.443868279457e+00 1.328590393066e+00 1.654622673988e+00 1.896602272987e+00 1.894769072533e+00 1.646005153656e+00 1.406849741936e+00 1.748047113419e+00 1.819660902023e+00 1.620366930962e+00 1.849461197853e+00 2.427186012268e+00 1.941857933998e+00 3.889153242111e+00 4.606716156006e+00 3.782574176788e+00 4.150547504425e+00 4.440628528595e+00 1.010799980164e+01 4.418922042847e+01 3.674520492554e+01 9.127548217773e+00 4.301291942596e+00 2.685467481613e+00 2.016461372375e+00 1.724962830544e+00 1.703523039818e+00 2.192822217941e+00 2.868945121765e+00 9.470702171326e+00 4.713039016724e+01 1.804876708984e+02 2.126712188721e+02 3.253344345093e+01 1.519883346558e+01 8.954265594482e+00 8.449089050293e+00
7.020898461342e-01 1.642455935478e+00 2.086765289307e+00 2.336529731750e+00 2.396021604538e+00 2.289246797562e+00 2.147402286530e+00 1.933018088341e+00 1.672577857971e+00 1.370333671570e+00 1.511736392975e+00 1.592420339584e+00 1.527178049088e+00 1.783117890358e+00 2.038807392120e+00 1.918283939362e+00 1.574352502823e+00 2.536145448685e+00 2.618327140808e+00 7.138670921326e+00 4.579257488251e+00 3.331049680710e+00 2.281698465347e+00 2.370301485062e+00 4.433538913727e+00 4.346152877808e+01 4.338304138184e+01 8.221702575684e+00 5.434282302856e+00 2.788750648499e+00 1.743567824364e+00 1.258915185928e+00 1.119378805161e+00 1.138462066650e+00 1.773639798164e+00 3.014827966690e+00 1.964873504639e+01 6.391640090942e+01 1.648502197266e+02 8.498111724854e+01 4.107032775879e+01 7.328948020935e+00 6.534943103790e+00
4.676729142666e-01 1.029725193977e+00 1.275574684143e+00 1.392707109451e+00 1.348257541656e+00 1.328623533249e+00 1.480441570282e+00 1.648825287819e+00 1.806530833244e+00 1.806823492050e+00 1.558419585228e+00 1.218410730362e+00 1.435872673988e+00 1.571887254715e+00 1.599391222000e+00 1.603485941887e+00 1.606342434883e+00 2.664220094681e+00 3.631401538849e+00 6.022431850433e+00 4.714285850525e+00 3.716482400894e+00 1.865237474442e+00 1.884028673172e+00 3.760246276855e+00 1.986652374268e+01 1.531970119476e+01 6.419042587280e+00 5.089167118073e+00 2.883101940155e+00 1.592901587486e+00 1.369983911514e+00 1.208577632904e+00 1.182428836823e+00 1.466859102249e+00 2.591123580933e+00 5.493980884552e+00 2.718239212036e+01 3.246140670776e+01 1.980389595032e+01 1.251504993439e+01 5.601883411407e+00 5.241088867188e+00
4.385102987289e-01 8.098958134651e-01 1.183629035950e+00 1.492497086525e+00 1.768294095993e+00 2.080821037292e+00 2.423717737198e+00 2.793220520020e+00 3.135380744934e+00 3.234932184219e+00 2.899196624756e+00 2.166434764862e+00 1.407177805901e+00 1.472242951393e+00 1.818240284920e+00 1.980235576630e+00 2.411078453064e+00 2.812410116196e+00 3.346619129181e+00 5.716358661652e+00 4.729418754578e+00 2.745017528534e+00 1.491059064865e+00 1.461193561554e+00 2.720366001129e+00 6.296595573425e+00 1.786865844727e+02 4.397766113281e+00 4.068979263306e+00 2.500238656998e+00 1.513709187508e+00 1.228347778320e+00 1.171532273293e+00 1.238518714905e+00 1.570400834084e+00 2.141647815704e+00 3.686197996140e+00 4.534543514252e+00 9.306019783020e+00 1.201341915131e+01 7.484641075134e+00 4.572011947632e+00 6.323928356171e+00
4.359537661076e-01 7.914533615112e-01 1.096024274826e+00 1.339574337006e+00 1.587125062943e+00 1.892486691475e+00 2.213934898376e+00 2.536187648773e+00 2.839439630508e+00 3.008170127869e+00 2.861292839050e+00 3.227319717407e+00 3.343805074692e+00 3.252214193344e+00 3.117460250854e+00 2.838750600815e+00 3.310060501099e+00 2.470527648926e+00 3.237614870071e+00 1.030469703674e+01 3.793755531311e+00 1.960093498230e+00 1.398026466370e+00 1.177443027496e+00 1.615273118019e+00 1.308734512329e+01 3.961438369751e+01 3.590582609177e+00 4.318105697632e+00 1.862692356110e+00 1.428479671478e+00 1.103882551193e+00 1.116024255753e+00 1.275524973869e+00 1.652628660202e+00 1.969152331352e+00 2.257452011108e+00 3.568050384521e+00 7.738986015320e+00 8.970736503601e+00 5.874598026276e+00 4.414638042450e+00 5.402119159698e+00
