100/SI/f175.grd
DSAA
101	101
32.816463539100	34.260883539100
35.556306596100	36.727886596100
1.264734193683e-03	3.644140625000e+01
[rows 57 to 75 of 101, columns 43 to 85 of 101]
4.903632104397e-01 4.602459073067e-01 2.660322785378e-01 2.878486216068e-01 2.525549232960e-01 3.308596611023e-01 3.587322235107e-01 4.101619422436e-01 3.637653589249e-01 3.646526932716e-01 2.416290193796e-01 2.260794490576e-01 1.906047612429e-01 2.322309166193e-01 4.327982962132e-01 1.283732652664e+00 4.926699161530e+00 3.649551391602e+00 3.037125110626e+00 1.881484150887e+00 7.503711581230e-01 5.688344240189e-01 1.379131555557e+00 2.098066806793e+00 8.353470563889e-01 3.210802078247e-01 4.673002064228e-01 3.863106966019e-01 4.445348381996e-01 5.437358617783e-01 3.476606309414e-01 2.485513091087e-01 2.308944612741e-01 3.277320563793e-01 2.036046236753e-01 1.778106689453e-01 1.363810300827e-01 1.916177719831e-01 2.392353415489e-01 1.741739064455e-01 7.402461767197e-02 6.723649054766e-02 6.888630986214e-02
6.267358660698e-01 6.127210259438e-01 3.402575850487e-01 2.135149389505e-01 1.788756549358e-01 2.689218521118e-01 3.655039370060e-01 1.050577878952e+00 7.950127124786e-01 4.709556698799e-01 2.495070099831e-01 1.580626964569e-01 1.297353059053e-01 1.296667158604e-01 1.465153098106e-01 9.639012217522e-01 1.367467045784e+00 1.669224143028e+00 1.473788976669e+00 1.127754330635e+00 6.797219514847e-01 5.138376355171e-01 3.955044150352e-01 4.784764349461e-01 6.555548310280e-01 1.230889320374e+00 3.820138275623e-01 5.357511639595e-01 5.682336688042e-01 3.735191822052e-01 4.939427077770e-01 2.613051831722e-01 2.030070722103e-01 2.148979157209e-01 1.358939707279e-01 1.195610985160e-01 1.615320146084e-01 1.454998999834e-01 1.247018650174e-01 1.226041987538e-01 8.845946192741e-02 5.925667658448e-02 5.367422848940e-02
5.993303060532e-01 6.249346733093e-01 3.724236786366e-01 1.932500004768e-01 2.029421925545e-01 2.951431274414e-01 4.331986010075e-01 1.320449352264e+00 1.114605545998e+00 3.304831087589e-01 2.601780593395e-01 1.481123566628e-01 1.036629676819e-01 9.023013710976e-02 9.581116586924e-02 1.236202493310e-01 1.693951636553e-01 2.061327546835e-01 2.777388691902e-01 3.407289385796e-01 3.916264474392e-01 2.370326817036e-01 2.322885245085e-01 2.652584612370e-01 5.487452149391e-01 2.493709564209e+00 1.169735074043e+00 6.742914915085e-01 6.078330278397e-01 6.341261267662e-01 5.001379251480e-01 2.864089012146e-01 1.699033975601e-01 1.537629514933e-01 2.086486369371e-01 1.255531013012e-01 1.179451271892e-01 1.423650681973e-01 1.559706032276e-01 1.310325562954e-01 1.031273677945e-01 8.602870255709e-02 7.154978811741e-02
4.784103333950e-01 5.042179822922e-01 3.032561838627e-01 2.247992902994e-01 4.165897667408e-01 3.903339505196e-01 9.846369028091e-01 6.769443154335e-01 1.559207558632e+00 3.461145758629e-01 2.035552710295e-01 1.274368613958e-01 8.059655874968e-02 7.503322511911e-02 7.524961978197e-02 9.168266505003e-02 7.716091722250e-02 1.131746694446e-01 1.676447391510e-01 1.803392022848e-01 1.621794849634e-01 2.245292067528e-01 1.708459109068e-01 1.979172676802e-01 4.577597379684e-01 8.858756422997e-01 3.512893676758e+00 5.990697145462e-01 5.205475687981e-01 4.565640389919e-01 5.127735733986e-01 4.754812121391e-01 2.116579264402e-01 1.375429183245e-01 1.407806873322e-01 1.916337907314e-01 1.039873957634e-01 9.790346026421e-02 1.194453239441e-01 1.199344247580e-01 1.469946205616e-01 1.511093378067e-01 1.311479061842e-01
3.575516939163e-01 3.344860672951e-01 2.147824615240e-01 1.959575712681e-01 2.550452053547e-01 2.979874908924e-01 4.727124273777e-01 1.109781146049e+00 8.546758294106e-01 2.267889678478e-01 1.453137546778e-01 1.079919189215e-01 6.520774960518e-02 6.326317042112e-02 6.240911781788e-02 9.236154705286e-02 9.706985205412e-02 7.487188279629e-02 9.558284282684e-02 1.126812025905e-01 1.168028563261e-01 1.407721638680e-01 1.415400207043e-01 1.773373037577e-01 2.577123641968e-01 1.164247989655e+00 2.904860973358e+00 4.774535298347e-01 5.623860955238e-01 3.282476663589e-01 2.195455580950e-01 4.917159974575e-01 1.734701842070e-01 1.551970094442e-01 1.687119156122e-01 1.352563649416e-01 1.836073249578e-01 3.348555266857e-01 2.603738009930e-01 9.778418391943e-02 1.069017872214e-01 1.300119310617e-01 1.563664972782e-01
2.757118046284e-01 2.004887163639e-01 1.855856180191e-01 1.961777955294e-01 3.717412948608e-01 2.532994449139e-01 3.802534043789e-01 2.250962853432e-01 1.051452830434e-01 1.635529398918e-01 1.188114359975e-01 8.493860065937e-02 6.268025189638e-02 5.667001754045e-02 5.951144546270e-02 5.661838129163e-02 1.006712168455e-01 9.975918382406e-02 1.207179129124e-01 1.005087867379e-01 1.084762811661e-01 1.108253151178e-01 1.278575807810e-01 1.654100418091e-01 2.399017661810e-01 4.266467690468e-01 9.005875587463e-01 1.060326576233e+00 9.069865345955e-01 3.765368461609e-01 3.256762921810e-01 1.715646088123e-01 2.087235599756e-01 1.148096099496e-01 1.135063916445e-01 1.712387353182e-01 1.967123746872e-01 1.011223793030e+00 1.481697261333e-01 1.051034107804e-01 1.076718121767e-01 1.959039717913e-01 2.057230323553e-01
2.121155709028e-01 1.294810175896e-01 1.460687965155e-01 1.528200954199e-01 1.858065426350e-01 2.933657467365e-01 2.146601378918e-01 1.437693238258e-01 1.449848711491e-01 1.255198717117e-01 1.100122928619e-01 9.314391016960e-02 7.312433421612e-02 5.323484539986e-02 5.637693405151e-02 6.102257221937e-02 8.967808634043e-02 1.137270480394e-01 1.303071081638e-01 1.073888689280e-01 9.478583186865e-02 1.095962822437e-01 1.187291219831e-01 1.590303182602e-01 2.426053881645e-01 4.697760045528e-01 3.072614073753e-01 6.973697543144e-01 1.026800394058e+00 3.854791224003e-01 5.530387759209e-01 2.728110551834e-01 2.274953275919e-01 2.191815972328e-01 1.179627627134e-01 8.523474633694e-02 1.551741361618e-01 2.764264643192e-01 2.133321613073e-01 1.173581928015e-01 8.388292789459e-02 1.602735072374e-01 1.989146471024e-01
1.742687821388e-01 1.028152108192e-01 1.099813580513e-01 1.063350737095e-01 1.250003576279e-01 1.364319175482e-01 1.145669147372e-01 1.087018251419e-01 1.034475564957e-01 1.063577905297e-01 9.701831638813e-02 8.926814794540e-02 7.323356717825e-02 5.270593613386e-02 5.692904070020e-02 7.100522518158e-02 1.032195314765e-01 1.185239180923e-01 1.198926419020e-01 9.588517248631e-02 8.268547058105e-02 1.028731837869e-01 1.166053488851e-01 1.481984853745e-01 1.817589700222e-01 2.012160569429e-01 2.277819663286e-01 3.543159663677e-01 7.365899682045e-01 2.100760459900e+00 2.746523022652e-01 3.282185196877e-01 2.978833317757e-01 7.481764554977e-01 2.663951814175e-01 1.663822978735e-01 3.872212767601e-01 4.837565124035e-01 5.979406833649e-01 4.142133891582e-01 1.071402654052e-01 8.394452929497e-01 1.059539556503e+00
1.128228828311e-01 8.615044504404e-02 8.461245149374e-02 7.440374791622e-02 8.611592650414e-02 9.085316210985e-02 8.284913748503e-02 8.379075676203e-02 8.937980979681e-02 9.388671070337e-02 8.715587109327e-02 7.521133124828e-02 6.064529716969e-02 5.387289077044e-02 5.549567192793e-02 6.909895688295e-02 9.502817690372e-02 9.803641587496e-02 8.934954553843e-02 8.276952803135e-02 7.574415951967e-02 9.215365350246e-02 1.107777804136e-01 1.288503855467e-01 1.368124336004e-01 1.540057212114e-01 2.188783586025e-01 2.642902731895e-01 4.522117972374e-01 1.127763032913e+00 1.514708995819e+00 3.358582556248e-01 2.954406440258e-01 7.435192465782e-01 2.134908735752e-01 1.832091957331e-01 6.438855528831e-01 9.532979726791e-01 1.158023118973e+00 6.112279295921e-01 7.247218489647e-01 1.287656664848e+00 1.505397439003e+00
6.949479132891e-02 7.443221658468e-02 6.895564496517e-02 5.643876269460e-02 6.399898976088e-02 6.777478009462e-02 7.062730938196e-02 6.949837505817e-02 7.779952883720e-02 8.270230889320e-02 7.828370481730e-02 6.849137693644e-02 5.487512052059e-02 5.565438047051e-02 5.582233518362e-02 5.907554179430e-02 7.599710673094e-02 6.973449140787e-02 7.074339687824e-02 9.479831159115e-02 6.838272511959e-02 7.915139198303e-02 9.548299759626e-02 1.412039697170e-01 1.515782773495e-01 2.236162722111e-01 2.017322182655e-01 2.422335743904e-01 3.849025666714e-01 4.965038001537e-01 1.793461441994e+00 3.795988559723e-01 2.532675266266e-01 1.757015943527e+00 3.007797300816e-01 2.013370692730e-01 1.453077346087e-01 1.290227472782e-01 1.612113565207e-01 8.343020826578e-02 2.591745555401e-01 6.740881502628e-02 7.784976810217e-02
6.227680668235e-02 6.549965590239e-02 5.832713097334e-02 4.843270406127e-02 5.423320829868e-02 5.901213362813e-02 6.087670847774e-02 6.023763492703e-02 6.892940402031e-02 6.983868032694e-02 7.368744164705e-02 6.922675669193e-02 5.682388320565e-02 5.566021427512e-02 5.825063213706e-02 5.719877406955e-02 5.509106814861e-02 4.284400492907e-02 5.757870152593e-02 6.536731868982e-02 8.578442037106e-02 6.915852427483e-02 8.245704323053e-02 9.399539232254e-02 1.066741943359e-01 2.618014812469e-01 4.362441301346e-01 2.539297640324e-01 3.214666247368e-01 3.849273920059e-01 1.780259013176e+00 4.644838273525e-01 6.370291113853e-01 8.382998704910e-01 1.876958757639e-01 2.452929019928e-01 2.287691682577e-01 1.381324976683e-01 1.253418177366e-01 1.206943914294e-01 1.891127824783e-01 5.633939057589e-02 6.482591480017e-02
5.660336092114e-02 5.787666887045e-02 4.974069073796e-02 4.730306565762e-02 5.206345021725e-02 5.357996001840e-02 5.674036592245e-02 5.590281635523e-02 6.109280884266e-02 7.198846340179e-02 7.779991626740e-02 7.526141405106e-02 6.431282311678e-02 5.494699999690e-02 6.024326384068e-02 6.160472705960e-02 6.053906306624e-02 4.253355041146e-02 4.640109091997e-02 6.700144708157e-02 6.751150637865e-02 7.746319472790e-02 7.591091841459e-02 9.642285108566e-02 1.238328516483e-01 1.568060815334e-01 2.270944118500e-01 3.763195276260e-01 3.138000667095e-01 3.892489671707e-01 8.687372207642e-01 5.951033830643e-01 4.319655001163e-01 4.193605482578e-01 4.941182732582e-01 1.318072378635e-01 1.961548924446e-01 2.418027818203e-01 9.018623083830e-02 1.108152866364e-01 1.001225560904e-01 7.959949970245e-02 6.131123751402e-02
5.052322149277e-02 5.061359703541e-02 4.404854029417e-02 4.393267259002e-02 4.686840996146e-02 6.597132980824e-02 4.931452125311e-02 5.156125873327e-02 6.060708314180e-02 7.301374524832e-02 8.082892745733e-02 8.016709983349e-02 8.244551718235e-02 7.187334448099e-02 6.218205392361e-02 7.483074814081e-02 7.056920230389e-02 4.855453222990e-02 3.385821357369e-02 6.483064591885e-02 7.604612410069e-02 8.639533072710e-02 5.571442097425e-02 9.347298741341e-02 1.229428946972e-01 1.781937628984e-01 2.108045220375e-01 2.474597543478e-01 2.542365491390e-01 3.011286556721e-01 3.980357050896e-01 4.779323339462e-01 4.728358387947e-01 1.110193967819e+00 6.630862951279e-01 3.406290113926e-01 2.087838947773e-01 2.934336066246e-01 1.166176646948e-01 7.255212962627e-02 7.134534418583e-02 6.731513887644e-02 6.572673469782e-02
4.360245913267e-02 4.358437657356e-02 4.067855328321e-02 3.857427835464e-02 6.853921711445e-02 4.295812547207e-02 4.718947783113e-02 5.150229483843e-02 6.152531877160e-02 7.319498062134e-02 8.894516527653e-02 9.037063270807e-02 9.970694780350e-02 8.474869281054e-02 1.197786778212e-01 1.425078809261e-01 1.091282293200e-01 1.157537698746e-01 1.007485985756e-01 1.032577529550e-01 1.035522222519e-01 1.031562238932e-01 5.465992540121e-02 1.077779307961e-01 1.350543797016e-01 1.864629834890e-01 2.037981152534e-01 2.250448316336e-01 2.758834362030e-01 3.549172282219e-01 3.246700167656e-01 4.186700880527e-01 4.106073081493e-01 1.150894284248e+00 4.610399603844e-01 2.587739229202e-01 1.272217780352e-01 1.076504811645e-01 6.586230546236e-02 4.834978282452e-02 4.605247452855e-02 5.905155092478e-02 6.479749083519e-02
3.737067058682e-02 3.827563300729e-02 3.787364438176e-02 6.360924988985e-02 4.491474479437e-02 3.940035030246e-02 4.639499261975e-02 5.395399406552e-02 6.422785669565e-02 9.168116748333e-02 1.118877306581e-01 1.047464236617e-01 9.386826306581e-02 1.080124005675e-01 1.138989701867e-01 2.958101332188e-01 2.839296162128e-01 3.699946105480e-01 3.940725326538e-01 5.117169618607e-01 1.992843896151e-01 1.023445725441e-01 1.213179901242e-01 1.386424452066e-01 1.870278567076e-01 2.716198861599e-01 4.825524985790e-01 4.509133100510e-01 5.111408233643e-01 3.698312342167e-01 2.823527455330e-01 3.789244890213e-01 4.223255515099e-01 2.734235227108e-01 1.175421178341e-01 8.461599051952e-02 5.422420799732e-02 8.285467326641e-02 2.974123954773e-01 1.354913413525e-01 2.986815199256e-02 3.515589982271e-02 3.663520514965e-02
3.372330218554e-02 3.657084330916e-02 6.095867604017e-02 5.198673531413e-02 3.921568393707e-02 3.136805444956e-02 4.235419258475e-02 5.426013842225e-02 7.897537946701e-02 1.037235409021e-01 9.855021536350e-02 1.142699047923e-01 1.407155692577e-01 1.623762995005e-01 1.489940285683e-01 4.464603960514e-01 3.252063095570e-01 5.678858757019e-01 9.277293086052e-01 1.149326324463e+00 8.522543907166e-01 1.686184406281e-01 1.640477031469e-01 2.909148335457e-01 3.054728507996e-01 5.804682374001e-01 4.539989829063e-01 5.096215009689e-01 3.814688026905e-01 3.530094325542e-01 3.910887539387e-01 3.177074193954e-01 2.841256260872e-01 1.461887806654e-01 2.221840471029e-01 2.371867597103e-01 2.428255230188e-01 1.400679200888e-01 1.345712244511e-01 6.096592918038e-02 2.058852463961e-02 1.968709006906e-02 1.518893241882e-01
3.411224484444e-02 6.119356304407e-02 5.602066591382e-02 4.171665385365e-02 4.009225592017e-02 3.506167978048e-02 4.974669218063e-02 6.663758307695e-02 8.725415170193e-02 1.129204779863e-01 1.200571134686e-01 1.510134190321e-01 1.582479476929e-01 1.711165755987e-01 1.160541057587e+00 1.485161900520e+00 1.413692831993e+00 1.244627118111e+00 1.898008823395e+00 1.197304010391e+00 4.649768769741e-01 1.968086063862e-01 4.492376744747e-01 3.749648630619e-01 7.712044119835e-01 4.267280697823e-01 4.544633030891e-01 3.640271723270e-01 3.070621192455e-01 3.199262022972e-01 6.536707282066e-01 2.721781730652e-01 1.818722188473e-01 1.370199173689e-01 1.462612301111e-01 9.492962807417e-02 1.028698086739e-01 7.219016551971e-02 7.869589328766e-02 8.681546896696e-02 2.215899899602e-02 2.182833477855e-02 2.150739915669e-02
6.109605357051e-02 6.883084774017e-02 5.706139653921e-02 4.222879558802e-02 2.582368254662e-02 1.169072315097e-01 1.300311833620e-01 1.088262945414e-01 1.719632893801e-01 1.262681037188e-01 5.189375206828e-02 7.831324636936e-02 9.789503365755e-02 2.469305247068e-01 1.284558296204e+00 1.377955913544e+00 7.391070723534e-01 4.598689675331e-01 1.196697354317e-01 9.016800671816e-02 1.586557477713e-01 6.777980923653e-02 9.653311222792e-02 1.331358850002e-01 1.068361639977e+00 5.440500378609e-01 1.553550660610e-01 2.703951597214e-01 1.704467386007e-01 1.952307075262e-01 2.856470644474e-01 1.441932469606e-01 9.840577840805e-02 8.986896276474e-02 1.040752083063e-01 1.381914466619e-01 8.742596209049e-02 4.216390848160e-02 5.282535403967e-02 6.566954404116e-02 8.807331323624e-02 4.087922722101e-02 1.008144691586e-01
7.431160658598e-02 7.523826509714e-02 8.633389323950e-02 1.960681527853e-01 3.534596040845e-02 2.374309003353e-01 9.000013470650e-01 1.269160211086e-01 1.643688529730e-01 1.640154272318e-01 1.292131096125e-01 1.477772742510e-01 2.315791398287e-01 7.396017313004e-01 4.529941976070e-01 2.646884918213e-01 6.655645370483e-01 8.752599954605e-01 1.563541442156e-01 4.341768026352e-01 4.857606887817e-01 8.948367089033e-02 6.979041546583e-02 3.344421386719e-01 4.159202575684e-01 2.310919463634e-01 1.555825471878e-01 1.327567100525e-01 1.213093847036e-01 1.068675667048e-01 8.639842271805e-02 6.720577180386e-02 8.063235133886e-02 9.142551571131e-02 8.730110526085e-02 9.191841632128e-02 1.251030117273e-01 9.100160002708e-02 6.558335572481e-02 7.086341083050e-02 7.191970199347e-02 9.343559294939e-02 1.057923212647e-01
