100/SI/f175.grd
DSAA
101	101
32.816463539100	34.260883539100
35.556306596100	36.727886596100
1.264734193683e-03	3.644140625000e+01
[rows 76 to 94 of 101, columns 0 to 42 of 101]
5.473674740642e-03 8.996782824397e-03 1.223686337471e-02 1.448878645897e-02 1.557257678360e-02 1.568019762635e-02 1.516158599406e-02 1.600187644362e-02 1.696351170540e-02 1.752554066479e-02 1.773419417441e-02 1.770169474185e-02 1.749069616199e-02 1.140808593482e-02 1.611541956663e-02 1.558985561132e-02 1.570726558566e-02 1.555359270424e-02 1.524141151458e-02 8.255925960839e-03 9.556354954839e-03 9.967831894755e-03 1.814136654139e-02 1.973586343229e-02 2.091282978654e-02 2.068419381976e-02 2.004958502948e-02 1.847518421710e-02 2.054192125797e-02 2.174668572843e-02 2.095357514918e-02 2.197839692235e-02 2.508714608848e-02 2.761562541127e-02 2.826750837266e-02 2.718581072986e-02 9.444005787373e-03 8.528673090041e-03 4.353178665042e-02 4.946430772543e-02 6.070213019848e-02 5.939964577556e-02 9.451299160719e-02
6.467240862548e-03 1.045656483620e-02 1.387873943895e-02 1.600924506783e-02 1.686282828450e-02 1.678697206080e-02 1.613490656018e-02 1.516551524401e-02 1.584344357252e-02 1.637237891555e-02 1.652744598687e-02 1.641308143735e-02 1.610764674842e-02 1.555779017508e-02 1.504621095955e-02 1.557698287070e-02 1.568254269660e-02 1.542708370835e-02 1.016831025481e-02 7.018543779850e-03 1.303978636861e-02 1.489677932113e-02 1.824421435595e-02 2.114962227643e-02 2.258076332510e-02 2.228020317852e-02 2.076447010040e-02 2.148690633476e-02 2.386621013284e-02 2.415878511965e-02 2.253895066679e-02 2.338153682649e-02 2.633027732372e-02 2.835702151060e-02 2.849278412759e-02 2.742459811270e-02 3.241679817438e-02 3.357133641839e-02 4.231791570783e-02 5.940947309136e-02 7.452935725451e-02 8.273898065090e-02 2.698342204094e-01
6.885083857924e-03 1.098301075399e-02 1.430574245751e-02 1.618924736977e-02 1.679385267198e-02 1.652132533491e-02 1.569063588977e-02 1.452501863241e-02 1.320221461356e-02 1.325403805822e-02 1.336641516536e-02 1.324532832950e-02 1.335678715259e-02 1.421550102532e-02 1.502481289208e-02 1.555099803954e-02 1.563045196235e-02 1.524739898741e-02 1.379424892366e-02 6.483390461653e-03 1.246677245945e-02 1.474752184004e-02 1.740782894194e-02 2.064786665142e-02 2.291432581842e-02 2.340928278863e-02 2.395537309349e-02 2.598537877202e-02 2.656618319452e-02 2.596868947148e-02 2.426346950233e-02 2.655584551394e-02 2.950556017458e-02 3.108232282102e-02 3.074919618666e-02 2.973803319037e-02 3.195564821362e-02 3.975530341268e-02 4.334142059088e-02 7.284253835678e-02 8.494739979506e-02 7.872367650270e-02 1.476073861122e-01
6.216663867235e-03 9.826047345996e-03 1.266754884273e-02 1.419178396463e-02 1.457943860441e-02 1.418003719300e-02 1.325978431851e-02 1.202408410609e-02 5.390724632889e-03 4.514165688306e-03 1.107770483941e-02 1.274045836180e-02 1.362155750394e-02 1.447262335569e-02 1.524716336280e-02 1.573238521814e-02 8.298537693918e-03 1.517340540886e-02 1.417815126479e-02 1.335680205375e-02 1.859451644123e-02 2.449875138700e-02 2.988549321890e-02 2.548317424953e-02 2.167427353561e-02 2.476203069091e-02 2.952461875975e-02 2.973839640617e-02 2.872644364834e-02 2.809465304017e-02 2.883345074952e-02 3.105121105909e-02 3.330804035068e-02 3.409111872315e-02 3.329274430871e-02 3.236482664943e-02 3.250567615032e-02 4.120495170355e-02 5.501103401184e-02 7.495222985744e-02 8.399000763893e-02 9.385117143393e-02 1.692020297050e-01
4.830101504922e-03 7.595892064273e-03 9.779513813555e-03 1.096207369119e-02 1.125261746347e-02 1.088430546224e-02 1.068459730595e-02 1.086154952645e-02 7.419335655868e-03 2.682928927243e-03 1.048820652068e-02 1.360433734953e-02 1.454140152782e-02 1.540845166892e-02 1.613145880401e-02 1.650229841471e-02 1.631276309490e-02 1.546265650541e-02 1.413823198527e-02 1.756394840777e-02 2.608617022634e-02 3.643219918013e-02 4.589391872287e-02 3.660538420081e-02 3.816970810294e-02 4.652497172356e-02 4.382054880261e-02 4.991442337632e-02 4.844843223691e-02 4.192615300417e-02 3.646250441670e-02 3.469862416387e-02 3.474117815495e-02 3.441577032208e-02 3.331444412470e-02 3.221839293838e-02 3.230597451329e-02 4.845348000526e-02 6.837931275368e-02 8.013015240431e-02 7.640719413757e-02 1.024275794625e-01 8.590094745159e-02
6.540885660797e-03 9.540152736008e-03 1.171906106174e-02 1.289935130626e-02 8.348183706403e-03 1.198624446988e-02 1.358028128743e-02 1.368686929345e-02 1.283752173185e-02 3.495384939015e-03 4.088720306754e-03 1.513237506151e-02 1.618344336748e-02 1.709076203406e-02 1.772500388324e-02 1.787283085287e-02 1.735264062881e-02 1.611523330212e-02 1.752699911594e-02 2.053407579660e-02 3.118357621133e-02 4.434237629175e-02 5.584526062012e-02 3.980294615030e-02 1.981361396611e-02 1.429275572300e-01 1.363863050938e-01 8.358673006296e-02 8.253037184477e-02 6.540585309267e-02 4.705365002155e-02 3.682909533381e-02 3.301493823528e-02 3.151892125607e-02 3.015612438321e-02 3.116772696376e-02 4.150702804327e-02 5.894138664007e-02 7.176054269075e-02 6.855192035437e-02 7.382214814425e-02 1.001468449831e-01 1.381488591433e-01
9.128589183092e-03 1.322643551975e-02 1.610487326980e-02 1.749931834638e-02 6.045652087778e-03 3.414598526433e-03 1.667636260390e-02 1.695303618908e-02 6.103001534939e-03 1.549555175006e-02 1.513621397316e-02 1.645861379802e-02 1.760685443878e-02 1.850667409599e-02 1.931417733431e-02 2.033001370728e-02 2.054279483855e-02 2.011786028743e-02 2.089280635118e-02 2.474857307971e-02 3.689345344901e-02 4.919248446822e-02 5.391144752502e-02 7.669113576412e-02 1.401152610779e-01 3.413676023483e-01 3.720653057098e-01 1.882339417934e-01 1.185217872262e-01 9.247437119484e-02 6.027464568615e-02 4.007259011269e-02 3.178339079022e-02 3.381456807256e-02 4.077320173383e-02 4.277661815286e-02 4.907584935427e-02 5.828248709440e-02 8.476079255342e-02 1.263467222452e-01 8.355143666267e-02 9.055712074041e-02 1.738390028477e-01
1.135007012635e-02 1.622045226395e-02 1.942608505487e-02 2.068573981524e-02 4.606612492353e-03 1.925065554678e-02 1.907036080956e-02 1.915752515197e-02 7.798928301781e-03 9.670660831034e-03 1.923354715109e-02 2.126033231616e-02 2.352705039084e-02 2.527151815593e-02 2.642918564379e-02 2.677809633315e-02 2.632867731154e-02 2.469537407160e-02 2.415214665234e-02 3.040784411132e-02 4.369882866740e-02 5.233697220683e-02 4.586860165000e-02 1.319275349379e-01 3.157191872597e-01 5.348949432373e-01 9.615231156349e-01 2.242010086775e-01 1.320272386074e-01 1.085023880005e-01 7.279502600431e-02 4.755463078618e-02 3.627631068230e-02 4.840992018580e-02 5.833121389151e-02 5.797917395830e-02 4.965490102768e-02 5.104800686240e-02 7.148779928684e-02 1.550293415785e-01 1.545327901840e-01 1.378046721220e-01 2.525072991848e-01
6.713003385812e-03 5.007483530790e-03 1.361592020839e-02 5.711978301406e-03 1.966450735927e-02 2.105242200196e-02 2.330064959824e-02 2.479893341660e-02 1.571734249592e-02 1.144078280777e-02 2.478465251625e-02 2.851225249469e-02 3.174063935876e-02 3.457273170352e-02 3.726838529110e-02 3.980851918459e-02 4.148683324456e-02 4.067109525204e-02 4.367885738611e-02 3.823235258460e-02 5.205935239792e-02 5.472793802619e-02 4.402161017060e-02 1.554283350706e-01 3.315820395947e-01 4.155562222004e-01 3.683169782162e-01 1.355976164341e-01 1.137510016561e-01 1.044692844152e-01 8.029197156429e-02 6.030580028892e-02 7.767553627491e-02 4.323425889015e-02 7.393708080053e-02 7.023452222347e-02 6.659261882305e-02 6.554371863604e-02 7.344182580709e-02 1.017587855458e-01 1.339911669493e-01 1.745152920485e-01 3.548636138439e-01
9.954128414392e-03 1.460202317685e-02 1.778037101030e-02 1.996601559222e-02 2.748106792569e-02 2.887462638319e-02 2.967988140881e-02 2.973316423595e-02 2.868219837546e-02 2.663984335959e-02 2.495611272752e-02 2.907464280725e-02 3.293414786458e-02 3.664487972856e-02 4.069443419576e-02 4.557165503502e-02 8.032233268023e-02 5.218864232302e-02 7.900455594063e-02 4.074033349752e-02 5.108935013413e-02 5.080590397120e-02 6.103840842843e-02 1.185976788402e-01 2.249940186739e-01 2.471493035555e-01 1.658517718315e-01 7.684755325317e-02 7.898197323084e-02 8.460157364607e-02 7.882802933455e-02 3.048374056816e-01 1.981004178524e-01 1.892218589783e-01 1.126354783773e-01 1.507334262133e-01 1.356506049633e-01 8.539392054081e-02 1.001556962729e-01 1.242553442717e-01 1.499540358782e-01 1.768321692944e-01 8.110301494598e-01
2.374149672687e-02 3.666455671191e-02 4.456276446581e-02 4.672021046281e-02 4.543513059616e-02 4.254193603992e-02 3.914638608694e-02 3.567904978991e-02 3.192678466439e-02 2.785107679665e-02 2.413615584373e-02 2.558876015246e-02 2.973032929003e-02 3.364354372025e-02 3.754565492272e-02 4.216773062944e-02 4.689807444811e-02 6.143591925502e-02 7.948417216539e-02 7.974708080292e-02 7.972940057516e-02 7.626553624868e-02 7.088173925877e-02 8.479133248329e-02 8.308346569538e-02 8.133798092604e-02 5.278325453401e-02 3.801582753658e-02 4.693908989429e-02 5.912293866277e-02 6.646797806025e-02 3.972429633141e-01 2.652885019779e-01 1.053581312299e-01 1.762710213661e-01 2.898132205009e-01 3.137901127338e-01 1.600334942341e-01 1.941936910152e-01 1.745538860559e-01 1.713709384203e-01 1.620453596115e-01 6.776598691940e-01
4.112615808845e-02 6.265988200903e-02 7.393369823694e-02 7.375667989254e-02 6.700634956360e-02 5.777250602841e-02 4.857273027301e-02 4.063579067588e-02 3.556455299258e-02 3.649675473571e-02 3.656399250031e-02 3.654211387038e-02 3.637972474098e-02 4.188328236341e-02 4.580370709300e-02 4.936945065856e-02 5.237482115626e-02 5.375968664885e-02 5.705893039703e-02 6.512523442507e-02 6.741688400507e-02 5.186072736979e-02 6.040167063475e-02 6.623898446560e-02 5.845757946372e-02 3.898280486465e-02 2.769364044070e-02 2.239319682121e-02 2.616432309151e-02 3.709656000137e-02 4.737313836813e-02 9.538908302784e-02 1.985333859921e-01 2.483315318823e-01 2.630711197853e-01 4.669228941202e-02 2.719101905823e-01 2.687344849110e-01 4.568933844566e-01 3.851724565029e-01 1.074914708734e-01 2.101650536060e-01 6.684036850929e-01
4.783621430397e-02 7.216475903988e-02 8.365356177092e-02 8.118739724159e-02 7.107605040073e-02 5.851333215833e-02 4.792083427310e-02 5.090656131506e-02 5.371347814798e-02 5.500427633524e-02 5.254448950291e-02 4.601904004812e-02 4.368801787496e-02 4.999904334545e-02 5.412933975458e-02 5.520831793547e-02 5.137761309743e-02 4.192316532135e-02 4.352877661586e-02 4.213425889611e-02 3.374296054244e-02 3.353416174650e-02 3.717366978526e-02 3.718644008040e-02 3.077234327793e-02 2.106388099492e-02 1.631512865424e-02 1.410046685487e-02 1.682231016457e-02 2.270162478089e-02 3.802478313446e-02 8.980187773705e-02 1.152965053916e-01 1.594793200493e-01 1.429267376661e-01 5.187133550644e-01 4.567895233631e-01 2.349929511547e-01 4.972099065781e-01 7.638395428658e-01 2.000742554665e-01 5.353436470032e-01 3.301649689674e-01
3.544928506017e-02 5.297059938312e-02 6.064965203404e-02 5.787881463766e-02 4.959565773606e-02 4.400974139571e-02 4.795942455530e-02 5.086372420192e-02 5.348421260715e-02 5.453235656023e-02 5.184031650424e-02 4.503868520260e-02 3.645591810346e-02 2.922376058996e-02 2.597196400166e-02 2.636910974979e-02 2.530647255480e-02 3.579901531339e-02 4.157592356205e-02 3.912796825171e-02 3.111799806356e-02 2.234825119376e-02 2.143972180784e-02 2.208035811782e-02 1.923876442015e-02 1.507154386491e-02 1.521531119943e-02 1.591619662941e-02 2.138615027070e-02 3.179940208793e-02 4.180627316236e-02 7.490817457438e-02 7.879214733839e-02 6.871134042740e-02 6.274166703224e-02 7.298866659403e-02 4.420714378357e-01 2.547864615917e-01 3.621613681316e-01 7.489048242569e-01 2.417736053467e+00 2.797124087811e-01 1.162402555346e-01
1.667172648013e-02 1.098121982068e-02 2.796210907400e-02 2.733767963946e-02 2.849214337766e-02 8.579986169934e-03 2.938451804221e-02 3.323582187295e-02 3.423951193690e-02 3.438931331038e-02 3.253859654069e-02 2.844822220504e-02 2.339158952236e-02 1.874760538340e-02 6.477378774434e-03 1.979098282754e-02 3.436571732163e-02 4.393242299557e-02 4.149852693081e-02 3.113261424005e-02 1.989532448351e-02 2.069506607950e-02 3.473344072700e-02 3.689521178603e-02 2.563214860857e-02 1.701586320996e-02 1.827692613006e-02 2.023077942431e-02 2.609710022807e-02 3.710933774710e-02 4.972521588206e-02 6.634297221899e-02 6.509853154421e-02 6.012303382158e-02 5.470351502299e-02 5.996976792812e-02 1.000816822052e-01 2.260869592428e-01 2.701528966427e-01 2.474901080132e-01 5.761541798711e-02 8.902563154697e-02 9.593892097473e-02
1.051266212016e-02 7.918818853796e-03 1.932666264474e-02 2.186165004969e-02 1.558038219810e-02 8.263730444014e-03 2.074564993382e-02 2.186477370560e-02 2.090670727193e-02 1.983902417123e-02 1.868342608213e-02 1.749580353498e-02 1.636292785406e-02 1.639919914305e-02 1.619906350970e-02 1.870138384402e-02 3.186891600490e-02 3.783596307039e-02 3.254340216517e-02 2.256079949439e-02 2.514817379415e-02 4.678762331605e-02 6.987340748310e-02 5.872915312648e-02 3.041946142912e-02 2.056409418583e-02 2.294686436653e-02 2.807778865099e-02 3.832474350929e-02 4.771804064512e-02 7.032972574234e-02 7.272239774466e-02 5.549458414316e-02 5.324599146843e-02 4.652109369636e-02 4.288351535797e-02 7.591981440783e-02 1.720367968082e-01 3.321765363216e-01 5.728745460510e-01 1.180721297860e-01 9.354905784130e-02 7.526649534702e-02
1.004936359823e-02 1.446876022965e-02 1.811773888767e-02 1.568634435534e-02 1.701485738158e-02 1.840878836811e-02 2.187140285969e-02 2.363750338554e-02 2.535076439381e-02 2.587941661477e-02 2.871584706008e-02 3.032741695642e-02 3.176117688417e-02 3.279444947839e-02 3.322909772396e-02 3.299950063229e-02 3.216523677111e-02 3.202893212438e-02 3.405012190342e-02 3.754615783691e-02 6.596005707979e-02 9.299639612436e-02 9.646216779947e-02 6.343615055084e-02 2.562446519732e-02 2.465181611478e-02 5.094107985497e-02 4.682925716043e-02 3.460746258497e-02 6.279820948839e-02 8.449376374483e-02 7.295161485672e-02 5.147879570723e-02 4.518304392695e-02 3.905976936221e-02 3.947573900223e-02 5.166110396385e-02 1.730203479528e-01 2.742486894131e-01 4.321538209915e-01 2.549772560596e-01 7.691255211830e-02 6.744580715895e-02
7.114346604794e-03 1.021913345903e-02 1.279600989074e-02 1.451461762190e-02 1.546637527645e-02 1.591630466282e-02 1.723439805210e-02 1.888348534703e-02 2.009606361389e-02 2.107119373977e-02 2.445498108864e-02 2.640988491476e-02 2.827647700906e-02 2.981751598418e-02 3.076158463955e-02 3.093012981117e-02 3.031961992383e-02 3.019352257252e-02 3.201239928603e-02 5.208588391542e-02 8.697561174631e-02 1.158236414194e-01 1.124292314053e-01 6.854669749737e-02 2.597468905151e-02 4.185125231743e-02 5.891306698322e-02 3.271677717566e-02 3.496874496341e-02 6.597848236561e-02 8.822163939476e-02 7.457593828440e-02 7.561333477497e-02 5.202730372548e-02 3.716654330492e-02 3.994060307741e-02 8.067920058966e-02 3.066401779652e-01 2.011088281870e-01 1.656363904476e-01 1.100090891123e-01 7.022864371538e-02 2.961120754480e-02
4.726903047413e-03 6.784633733332e-03 8.522892370820e-03 9.726374410093e-03 1.094156131148e-02 1.238114293665e-02 1.386863645166e-02 1.553516089916e-02 1.712905243039e-02 1.939828135073e-02 2.150057442486e-02 2.367376908660e-02 2.578698657453e-02 2.758653275669e-02 2.875438332558e-02 2.905691042542e-02 2.848415262997e-02 2.826820127666e-02 3.290707617998e-02 6.290616840124e-02 9.970159083605e-02 1.263746917248e-01 1.170077547431e-01 6.741176545620e-02 2.494731731713e-02 4.658824205399e-02 4.874366149306e-02 3.160291537642e-02 2.955987863243e-02 5.912803858519e-02 8.193973451853e-02 9.273807704449e-02 9.630471467972e-02 6.511541455984e-02 4.844412952662e-02 4.095285758376e-02 6.030715256929e-02 2.066671997309e-01 5.909258872271e-02 8.748718351126e-02 9.987733513117e-02 5.375676229596e-02 3.496268391609e-02
