100/SI/f175.grd
DSAA
101	101
32.816463539100	34.260883539100
35.556306596100	36.727886596100
1.264734193683e-03	3.644140625000e+01
[rows 0 to 18 of 101, columns 0 to 42 of 101]
2.599811181426e-03 4.664045292884e-03 4.178014583886e-03 3.461571177468e-03 3.329926868901e-03 7.051166146994e-03 1.401704084128e-02 1.946709305048e-02 1.731394790113e-02 1.024384703487e-02 4.266058094800e-03 4.406769294292e-03 4.539431538433e-03 4.418068099767e-03 3.802808234468e-03 3.187374677509e-03 4.111183341593e-03 4.853664431721e-03 6.018157582730e-03 6.859006825835e-03 7.046114653349e-03 1.347726210952e-02 8.515699766576e-03 8.252437226474e-03 8.625141344965e-03 8.998603560030e-03 1.547153666615e-02 1.766805909574e-02 1.061249431223e-02 1.064911670983e-02 1.049763988703e-02 1.042851898819e-02 1.053542643785e-02 9.897699579597e-03 8.512970991433e-03 9.287822060287e-03 1.122024282813e-02 1.262388192117e-02 1.355578191578e-02 1.387287490070e-02 1.412653736770e-02 1.437131594867e-02 1.356364879757e-02
4.828219767660e-03 9.140801616013e-03 9.051047265530e-03 7.357453461736e-03 7.608226500452e-03 1.365411840379e-02 2.702591568232e-02 3.723676130176e-02 3.275217488408e-02 1.890167780221e-02 7.742207497358e-03 7.702676579356e-03 7.862360216677e-03 7.519677747041e-03 6.679906044155e-03 5.844271276146e-03 6.540094967932e-03 8.695607073605e-03 1.071890536696e-02 1.210269611329e-02 1.670326106250e-02 3.512719646096e-02 1.863246597350e-02 1.423278823495e-02 1.345262024552e-02 1.573461107910e-02 2.598015964031e-02 2.966615743935e-02 1.830982230604e-02 1.795857585967e-02 1.731265708804e-02 1.813366450369e-02 1.858856156468e-02 1.807817816734e-02 1.614240556955e-02 1.451629213989e-02 1.775720529258e-02 2.026772126555e-02 2.222066000104e-02 2.353834919631e-02 2.455226518214e-02 2.536425366998e-02 2.482750639319e-02
5.056381691247e-03 9.806749410927e-03 1.107915490866e-02 1.037172600627e-02 1.087451260537e-02 1.581248454750e-02 3.137558698654e-02 4.246818646789e-02 3.616448119283e-02 1.962168328464e-02 9.166160598397e-03 9.461727924645e-03 9.811825118959e-03 9.276886470616e-03 8.692436851561e-03 7.840614765882e-03 8.026807568967e-03 1.077872142196e-02 1.329185348004e-02 1.475331373513e-02 3.628977760673e-02 5.422332510352e-02 2.393623255193e-02 1.565103419125e-02 1.623315922916e-02 1.960586197674e-02 2.321518957615e-02 2.702352777123e-02 1.934072002769e-02 1.881312206388e-02 1.992331631482e-02 2.110989950597e-02 2.203363366425e-02 2.226009033620e-02 2.099518105388e-02 1.807480864227e-02 1.845198497176e-02 2.137570455670e-02 2.373335696757e-02 2.585505694151e-02 2.797672711313e-02 2.986898273230e-02 3.056768886745e-02
6.024782545865e-03 1.099730096757e-02 1.137228962034e-02 1.164397411048e-02 1.245787274092e-02 1.626291312277e-02 3.293579444289e-02 4.365221783519e-02 3.512325882912e-02 1.693550311029e-02 9.564201347530e-03 1.136864814907e-02 1.314233150333e-02 1.319839805365e-02 1.200763601810e-02 1.036810502410e-02 8.802497759461e-03 1.136920507997e-02 1.379161328077e-02 2.766309492290e-02 6.082058697939e-02 6.894899904728e-02 2.634139545262e-02 1.660671643913e-02 1.795552670956e-02 2.054928243160e-02 1.959468983114e-02 2.106023766100e-02 1.848128065467e-02 1.782870292664e-02 1.936358213425e-02 2.097511664033e-02 2.258288487792e-02 2.381116896868e-02 2.378365211189e-02 2.180328406394e-02 2.382143400609e-02 2.400724217296e-02 2.129777520895e-02 2.348990924656e-02 2.632872946560e-02 2.965834923089e-02 3.224288299680e-02
6.988091859967e-03 1.312830857933e-02 1.365496776998e-02 1.240620203316e-02 1.305564772338e-02 1.652603037655e-02 3.377163410187e-02 4.384820163250e-02 3.313255310059e-02 1.436217036098e-02 1.241265516728e-02 1.554674375802e-02 1.730928011239e-02 1.725995726883e-02 1.592580974102e-02 1.355699449778e-02 1.121343486011e-02 1.096761785448e-02 2.529050596058e-02 5.070214346051e-02 8.448816090822e-02 7.571663707495e-02 2.541826665401e-02 1.800934970379e-02 1.801521889865e-02 2.014462277293e-02 1.801949739456e-02 1.589474454522e-02 2.098078094423e-02 1.985245570540e-02 1.736804284155e-02 1.959637366235e-02 2.185903675854e-02 2.399810962379e-02 2.523496001959e-02 2.577429078519e-02 2.597128227353e-02 2.118138782680e-02 1.813133619726e-02 2.117463201284e-02 2.726020663977e-02 2.690862119198e-02 3.118861652911e-02
7.879107259214e-03 1.515792310238e-02 1.646057888865e-02 1.496953703463e-02 1.330559514463e-02 1.679611392319e-02 3.393157571554e-02 4.271332547069e-02 3.008178249002e-02 1.265413314104e-02 1.627578213811e-02 1.950282417238e-02 2.076887711883e-02 2.017622254789e-02 1.828379742801e-02 1.505990233272e-02 1.231713593006e-02 1.776933483779e-02 4.008283466101e-02 7.206821441650e-02 9.819498658180e-02 7.477646321058e-02 2.705626934767e-02 2.743384242058e-02 2.097550220788e-02 1.924875564873e-02 1.779552362859e-02 2.901707030833e-02 4.363270103931e-02 2.757763303816e-02 1.784231327474e-02 1.874886825681e-02 2.033234573901e-02 2.316008694470e-02 2.742815949023e-02 2.703322283924e-02 2.471340075135e-02 2.083374746144e-02 2.344977855682e-02 3.200953453779e-02 3.676044195890e-02 3.106841631234e-02 2.797071263194e-02
8.257152512670e-03 1.627458073199e-02 1.912411116064e-02 1.850219629705e-02 1.628533378243e-02 1.680754311383e-02 3.359954431653e-02 4.110838100314e-02 2.720650285482e-02 1.557430811226e-02 1.954863034189e-02 2.218790911138e-02 2.254803851247e-02 2.110563777387e-02 1.817574724555e-02 1.449966803193e-02 1.197788864374e-02 2.789960615337e-02 5.379625037313e-02 8.585380017757e-02 1.016431599855e-01 6.832439452410e-02 3.598786890507e-02 3.476771339774e-02 2.464078925550e-02 2.262805029750e-02 2.084871381521e-02 5.268234014511e-02 7.403012365103e-02 3.527019545436e-02 1.909092627466e-02 1.966846548021e-02 2.292014099658e-02 2.722352929413e-02 2.716008387506e-02 2.710398659110e-02 2.682153694332e-02 2.453424781561e-02 3.405157476664e-02 4.221571981907e-02 4.246586188674e-02 3.125948831439e-02 2.440908178687e-02
8.352217264473e-03 1.656492613256e-02 2.079279348254e-02 2.179505117238e-02 2.037785202265e-02 1.731645315886e-02 3.333423659205e-02 4.046161472797e-02 2.552186511457e-02 1.859447546303e-02 2.189530245960e-02 2.339453995228e-02 2.275792136788e-02 2.030522376299e-02 1.637282408774e-02 1.553077064455e-02 1.562440302223e-02 3.660181164742e-02 6.557426601648e-02 9.296450763941e-02 9.981082379818e-02 6.146798655391e-02 3.922533616424e-02 3.820323944092e-02 2.987755835056e-02 2.059232257307e-02 1.901972293854e-02 7.934704422951e-02 1.031498312950e-01 4.155154898763e-02 1.633868739009e-02 1.997222006321e-02 2.451415546238e-02 2.589152753353e-02 3.056951612234e-02 2.692000567913e-02 2.796149440110e-02 3.358405455947e-02 4.430134594440e-02 4.798971116543e-02 4.183617234230e-02 2.638508006930e-02 2.571448870003e-02
8.034076541662e-03 1.596925407648e-02 2.074163593352e-02 2.317338809371e-02 2.356963045895e-02 2.113396115601e-02 3.315341472626e-02 4.033947736025e-02 2.471462450922e-02 2.077909000218e-02 2.310640737414e-02 2.344210445881e-02 2.167241461575e-02 2.400266565382e-02 2.536551840603e-02 2.525703422725e-02 2.406120300293e-02 4.354651272297e-02 7.195214927197e-02 9.140715003014e-02 9.062097221613e-02 5.346664041281e-02 4.020130261779e-02 3.647846356034e-02 3.218954056501e-02 2.218202501535e-02 1.949574798346e-02 1.019684448838e-01 1.200668439269e-01 4.599138349295e-02 2.140130475163e-02 1.907496713102e-02 2.056217379868e-02 2.844464778900e-02 3.356582671404e-02 2.566517703235e-02 3.456740826368e-02 4.521375522017e-02 5.193270370364e-02 4.811234027147e-02 3.532607108355e-02 2.338141202927e-02 2.622608281672e-02
1.114822085947e-02 1.963712647557e-02 1.903772540390e-02 2.227507345378e-02 2.460027486086e-02 2.422707527876e-02 3.338110819459e-02 4.045926406980e-02 2.427998557687e-02 2.186562120914e-02 2.311306260526e-02 2.714119106531e-02 3.132262453437e-02 3.418034687638e-02 3.584821522236e-02 3.646171092987e-02 3.555703908205e-02 4.988500103354e-02 7.363693416119e-02 8.464540541172e-02 7.855337113142e-02 4.572072997689e-02 3.644091263413e-02 3.668637573719e-02 3.100441955030e-02 2.300881221890e-02 2.542415261269e-02 1.153721958399e-01 1.273683756590e-01 4.784730821848e-02 2.418325282633e-02 1.701547577977e-02 2.000955678523e-02 2.823323011398e-02 3.436947613955e-02 3.735981136560e-02 4.821392893791e-02 5.407324433327e-02 5.282578989863e-02 4.145123064518e-02 2.539926767349e-02 2.154074236751e-02 2.677351608872e-02
1.125218532979e-02 2.252655476332e-02 2.328960597515e-02 1.957773417234e-02 2.302613668144e-02 2.519655413926e-02 3.321354091167e-02 3.997939452529e-02 2.360395528376e-02 2.588810585439e-02 3.143372014165e-02 3.671642392874e-02 4.073097184300e-02 4.305536299944e-02 4.424359276891e-02 4.480671137571e-02 4.451600462198e-02 5.605389922857e-02 7.372993230820e-02 7.570355385542e-02 6.508480757475e-02 3.856657072902e-02 2.909698337317e-02 3.448323160410e-02 3.205553814769e-02 2.599471621215e-02 3.307728841901e-02 1.213660091162e-01 1.300927251577e-01 4.703469574451e-02 2.465032972395e-02 1.933430321515e-02 2.189803682268e-02 3.230708092451e-02 4.282684996724e-02 5.185389518738e-02 5.773458629847e-02 5.511539429426e-02 4.564163461328e-02 3.027356788516e-02 2.660287171602e-02 2.214189805090e-02 2.925171516836e-02
9.578750468791e-03 2.015060931444e-02 2.410959452391e-02 2.530426532030e-02 2.255807258189e-02 2.328577823937e-02 3.232077509165e-02 3.866206109524e-02 2.817205525935e-02 3.389008715749e-02 3.932485729456e-02 4.381117597222e-02 4.695107415318e-02 4.883728176355e-02 4.961223900318e-02 4.973218217492e-02 4.944199696183e-02 6.047623604536e-02 7.358556240797e-02 7.165708392859e-02 6.156020611525e-02 4.812201485038e-02 3.524833545089e-02 2.823542058468e-02 3.817173466086e-02 3.645121678710e-02 4.008515179157e-02 1.162101328373e-01 1.149826049805e-01 4.292206838727e-02 2.484578080475e-02 2.928589098155e-02 4.106720909476e-02 5.173286423087e-02 5.854330956936e-02 6.103841587901e-02 5.842548236251e-02 4.697882756591e-02 4.294857382774e-02 5.022387206554e-02 2.964664995670e-02 2.608284167945e-02 3.134791553020e-02
6.887203548104e-03 1.524978317320e-02 2.016377821565e-02 2.383176237345e-02 2.618470974267e-02 2.537666633725e-02 3.073778562248e-02 3.668705001473e-02 3.485529124737e-02 4.033953696489e-02 4.432125389576e-02 4.692405089736e-02 4.854638502002e-02 4.953246191144e-02 4.977830499411e-02 4.974545165896e-02 4.998889192939e-02 6.211973354220e-02 7.506754249334e-02 7.645010203123e-02 6.593033671379e-02 5.360491573811e-02 4.643910750747e-02 3.995570912957e-02 5.151140317321e-02 4.967085644603e-02 4.429465532303e-02 1.010843813419e-01 9.028553962708e-02 3.657669574022e-02 4.375206679106e-02 5.169266089797e-02 6.219238787889e-02 6.738044321537e-02 6.674972921610e-02 6.071388721466e-02 4.854556918144e-02 3.946506232023e-02 4.249569773674e-02 6.751654297113e-02 4.328731447458e-02 2.932817116380e-02 3.309510275722e-02
8.772723376751e-03 1.742905005813e-02 1.937460526824e-02 1.846897788346e-02 2.257538586855e-02 2.578629367054e-02 2.834750339389e-02 3.400351479650e-02 3.876658901572e-02 4.297538101673e-02 4.513633623719e-02 4.589394107461e-02 4.565654322505e-02 4.476009681821e-02 4.378056898713e-02 4.375517368317e-02 4.505857080221e-02 6.011893972754e-02 7.057654857635e-02 6.951221078634e-02 6.234741583467e-02 5.319165810943e-02 5.217336118221e-02 4.856749996543e-02 5.100318416953e-02 5.261839181185e-02 4.633809253573e-02 8.268260955811e-02 6.596045196056e-02 4.362294077873e-02 5.905276536942e-02 7.117266952991e-02 7.600080966949e-02 7.247611880302e-02 6.218602880836e-02 4.778015241027e-02 3.847473859787e-02 3.566351905465e-02 3.246895596385e-02 7.123412936926e-02 6.628703325987e-02 3.227569162846e-02 3.450416773558e-02
1.042350940406e-02 2.095953933895e-02 2.493996545672e-02 2.633007615805e-02 2.451777085662e-02 2.358632721007e-02 2.923700585961e-02 3.480727225542e-02 3.945800289512e-02 4.218254238367e-02 4.280719533563e-02 4.200342670083e-02 4.027670621872e-02 3.794049844146e-02 3.592551499605e-02 3.555614128709e-02 3.704910352826e-02 5.512102693319e-02 6.344186514616e-02 5.667250603437e-02 5.092386901379e-02 5.086073651910e-02 5.076623335481e-02 4.983077198267e-02 4.622210934758e-02 4.361942782998e-02 6.502224504948e-02 8.016714453697e-02 8.122184872627e-02 7.635410130024e-02 7.323631644249e-02 8.122358471155e-02 7.759507745504e-02 7.882009446621e-02 4.630050435662e-02 5.791892856359e-02 4.232460632920e-02 3.504307940602e-02 3.402150422335e-02 5.891241133213e-02 8.777313679457e-02 3.553661331534e-02 3.636146336794e-02
8.206174708903e-03 1.662423461676e-02 2.129753679037e-02 2.547355741262e-02 2.789043821394e-02 2.597681246698e-02 2.966137044132e-02 3.423903137445e-02 3.760542348027e-02 3.915745764971e-02 3.867968916893e-02 3.688489273190e-02 3.451780602336e-02 3.186520561576e-02 2.973349392414e-02 2.905197069049e-02 2.969986572862e-02 4.824126884341e-02 5.530105903745e-02 5.144593119621e-02 4.271087422967e-02 4.293546825647e-02 4.477276280522e-02 4.569699987769e-02 4.435630515218e-02 5.035532265902e-02 9.759660810232e-02 1.072393953800e-01 1.080238521099e-01 1.057597473264e-01 1.002026051283e-01 9.560617059469e-02 1.058540046215e-01 1.054330617189e-01 3.919935226440e-02 6.873849034309e-02 4.803993552923e-02 4.071440920234e-02 3.486029803753e-02 4.151718318462e-02 9.937091171741e-02 5.618023127317e-02 4.192505031824e-02
1.029358804226e-02 1.780107431114e-02 1.759300939739e-02 2.069457434118e-02 2.648426033556e-02 2.901492826641e-02 2.831435389817e-02 3.182611986995e-02 3.394046425819e-02 3.444874286652e-02 4.774175956845e-02 4.528063535690e-02 3.773695603013e-02 3.423633426428e-02 2.958775125444e-02 2.487633936107e-02 2.613629586995e-02 4.081741720438e-02 4.648168757558e-02 4.437276721001e-02 3.800283744931e-02 3.278702497482e-02 3.486724570394e-02 3.682257607579e-02 3.817492350936e-02 7.267670333385e-02 1.078952923417e-01 1.073168665171e-01 1.085072681308e-01 1.141442507505e-01 1.201530098915e-01 1.231393143535e-01 1.315319836140e-01 1.175310164690e-01 4.126342013478e-02 7.736389338970e-02 5.019882693887e-02 4.054815694690e-02 3.051699697971e-02 2.565498277545e-02 9.539689868689e-02 8.463801443577e-02 4.743374511600e-02
1.180515903980e-02 2.301276847720e-02 2.355939149857e-02 2.046462707222e-02 2.312536723912e-02 2.914800308645e-02 3.000775165856e-02 2.817235887051e-02 2.920614741743e-02 4.227310046554e-02 6.173206493258e-02 6.375310570002e-02 4.373352974653e-02 4.287205636501e-02 3.986490890384e-02 3.552595153451e-02 3.018140420318e-02 3.370503708720e-02 3.845848888159e-02 3.638663515449e-02 3.170345351100e-02 2.730846591294e-02 3.211440145969e-02 3.621012344956e-02 3.833078965545e-02 7.692415267229e-02 9.428849816322e-02 8.993440866470e-02 9.031846374273e-02 9.676640480757e-02 1.109251156449e-01 1.275724768639e-01 1.418624818325e-01 1.205083206296e-01 4.656678810716e-02 8.547361195087e-02 5.040936544538e-02 3.667511790991e-02 2.883256599307e-02 2.739829011261e-02 7.695939391851e-02 1.136461049318e-01 5.143249034882e-02
1.167155709118e-02 2.288252115250e-02 2.729553729296e-02 2.792533114552e-02 2.278628014028e-02 2.654526010156e-02 3.170298784971e-02 3.096669912338e-02 2.603813074529e-02 4.210693761706e-02 6.083755940199e-02 6.768318265676e-02 4.824391007423e-02 4.750357940793e-02 4.606874659657e-02 4.373313486576e-02 4.043044894934e-02 3.521736338735e-02 3.433082252741e-02 3.266470879316e-02 2.857010625303e-02 2.905875258148e-02 3.973174095154e-02 4.133449494839e-02 3.693833202124e-02 6.715401262045e-02 7.062336802483e-02 6.522873044014e-02 6.526935100555e-02 7.133552432060e-02 8.539878576994e-02 1.078805923462e-01 1.332139968872e-01 1.188201159239e-01 5.236382409930e-02 8.256440609694e-02 4.369074106216e-02 3.319078311324e-02 3.192209079862e-02 3.352755680680e-02 5.284369736910e-02 1.325623691082e-01 5.339721962810e-02
