100/SI/f175.grd
DSAA
101	101
32.816463539100	34.260883539100
35.556306596100	36.727886596100
1.264734193683e-03	3.644140625000e+01
[rows 19 to 37 of 101, columns 0 to 42 of 101]
1.031881198287e-02 2.101868577302e-02 2.694295346737e-02 2.843736112118e-02 3.154082596302e-02 2.736074849963e-02 2.984648384154e-02 3.386174887419e-02 3.096678480506e-02 3.745132312179e-02 5.368087440729e-02 6.410241872072e-02 5.035821348429e-02 4.968278482556e-02 4.998110607266e-02 4.852018505335e-02 4.624935612082e-02 4.281582683325e-02 3.759522736073e-02 3.289520740509e-02 2.987368591130e-02 4.673728346825e-02 5.384683236480e-02 4.586815834045e-02 4.054209589958e-02 5.663281306624e-02 5.457715317607e-02 4.834843054414e-02 4.680138453841e-02 4.982224851847e-02 5.894799157977e-02 7.559854537249e-02 9.951867908239e-02 9.966457635164e-02 5.642028152943e-02 6.843432784081e-02 5.476603284478e-02 4.476596042514e-02 3.380382433534e-02 4.028281942010e-02 5.818891525269e-02 1.322727054358e-01 6.402131915092e-02
1.103710755706e-02 1.706102490425e-02 2.302954532206e-02 2.524821460247e-02 2.742253988981e-02 3.247288241982e-02 2.997324801981e-02 3.324550390244e-02 3.490682691336e-02 3.253270313144e-02 4.658859968185e-02 5.836296826601e-02 5.043250322342e-02 4.453447833657e-02 4.795012995601e-02 4.941714555025e-02 4.937735944986e-02 4.731798917055e-02 4.765258356929e-02 3.818675875664e-02 3.434224054217e-02 6.537916511297e-02 7.040333747864e-02 6.011145934463e-02 5.756996199489e-02 4.988558217883e-02 4.427038878202e-02 3.782395645976e-02 3.699671849608e-02 3.875780105591e-02 4.272556677461e-02 5.080695077777e-02 6.452570855618e-02 7.099068909883e-02 5.978322401643e-02 5.648641660810e-02 6.134983897209e-02 5.655648186803e-02 4.585134610534e-02 4.699141904712e-02 7.204295694828e-02 1.122964322567e-01 9.363549947739e-02
1.756340451539e-02 2.827246487141e-02 2.406216412783e-02 2.016934566200e-02 1.907853968441e-02 2.493917196989e-02 3.075653128326e-02 3.053881786764e-02 3.589913249016e-02 3.556147962809e-02 4.107768088579e-02 5.294371396303e-02 4.974512383342e-02 3.585465252399e-02 4.067600518465e-02 4.426958039403e-02 4.669302701950e-02 4.753632470965e-02 6.918565928936e-02 4.472939670086e-02 4.478057101369e-02 7.932415604591e-02 8.376679569483e-02 7.773882895708e-02 6.821928173304e-02 6.013314425945e-02 4.442591592669e-02 3.588624671102e-02 3.652542084455e-02 3.391415625811e-02 3.553885221481e-02 4.049870371819e-02 4.891938716173e-02 5.154079943895e-02 5.062105879188e-02 5.099299922585e-02 6.156405061483e-02 6.400095671415e-02 5.821796506643e-02 5.329429358244e-02 8.396532386541e-02 8.091067522764e-02 1.232810765505e-01
2.230472117662e-02 4.011388495564e-02 4.077261686325e-02 2.841158024967e-02 1.671258918941e-02 1.764149963856e-02 2.198434248567e-02 2.822724543512e-02 3.243752941489e-02 3.783546760678e-02 4.786328971386e-02 6.006122380495e-02 6.731935590506e-02 5.811511352658e-02 3.668667748570e-02 3.530216962099e-02 3.921292349696e-02 4.486451670527e-02 7.544764876366e-02 5.056691914797e-02 4.935054481030e-02 8.599700778723e-02 9.092751145363e-02 8.722976595163e-02 6.787057220936e-02 6.861610710621e-02 5.891773104668e-02 5.420550704002e-02 5.544906854630e-02 5.061961710453e-02 4.441698640585e-02 4.063538834453e-02 4.686700552702e-02 4.609103500843e-02 4.759001731873e-02 4.889105260372e-02 5.582450702786e-02 6.400835514069e-02 6.464701145887e-02 6.091469526291e-02 9.355553239584e-02 8.115526288748e-02 1.427060067654e-01
2.237665094435e-02 4.572307690978e-02 5.616319179535e-02 4.835303872824e-02 3.048583678901e-02 2.369965612888e-02 2.591044083238e-02 2.742300368845e-02 3.044464625418e-02 3.556271269917e-02 4.257123172283e-02 4.848974198103e-02 4.957819357514e-02 4.229978844523e-02 3.379257023335e-02 3.542354702950e-02 4.294130578637e-02 6.209361925721e-02 8.206664025784e-02 5.037878081203e-02 4.657224193215e-02 8.661705255508e-02 9.051594138145e-02 8.351116627455e-02 6.712344288826e-02 6.839378178120e-02 6.681008636951e-02 7.318661361933e-02 7.455494999886e-02 6.853716820478e-02 6.248670443892e-02 9.870278090239e-02 9.178315103054e-02 6.218247860670e-02 5.013054236770e-02 5.350585654378e-02 6.228812038898e-02 5.781383067369e-02 6.360628455877e-02 6.551136076450e-02 9.897322207689e-02 8.224315941334e-02 1.456831693649e-01
1.744597405195e-02 4.086505621672e-02 6.101974099874e-02 6.561224907637e-02 5.166183039546e-02 3.127653896809e-02 2.321020700037e-02 2.293821610510e-02 2.377364970744e-02 2.914434671402e-02 3.915712609887e-02 4.113979637623e-02 4.029401391745e-02 4.356712847948e-02 4.398002475500e-02 4.755426570773e-02 4.744490981102e-02 7.108093053102e-02 8.070874214172e-02 4.592891782522e-02 5.302152782679e-02 9.485584497452e-02 8.567785471678e-02 7.097985595465e-02 6.713857501745e-02 6.524701416492e-02 7.735838741064e-02 8.733130246401e-02 8.804228901863e-02 8.090468496084e-02 7.562267780304e-02 1.277661472559e-01 1.894935965538e-01 1.790618896484e-01 1.606830656528e-01 1.517891734838e-01 1.559613049030e-01 7.027184218168e-02 5.701118707657e-02 6.363175064325e-02 1.014115437865e-01 7.943330705166e-02 1.291955709457e-01
1.713874377310e-02 3.198074549437e-02 5.066880583763e-02 6.819409132004e-02 6.787706166506e-02 5.087576806545e-02 3.094011545181e-02 1.980106160045e-02 2.791325189173e-02 3.619894385338e-02 4.336023330688e-02 4.832539707422e-02 4.970332980156e-02 5.103037133813e-02 4.879000037909e-02 4.973992705345e-02 5.571034550667e-02 6.914746761322e-02 6.764136254787e-02 4.780533909798e-02 4.103857278824e-02 8.532331138849e-02 1.074925288558e-01 1.078304201365e-01 8.886648714542e-02 7.364831119776e-02 8.407706767321e-02 9.178823232651e-02 9.415874630213e-02 8.357286453247e-02 7.844815403223e-02 8.254558593035e-02 1.542326062918e-01 1.672676503658e-01 1.826620846987e-01 2.189052551985e-01 2.706308960915e-01 1.638667285442e-01 5.279836431146e-02 8.026225864887e-02 9.982530772686e-02 7.517217099667e-02 9.718329459429e-02
1.590427197516e-02 3.445190191269e-02 4.001088440418e-02 5.414982512593e-02 6.749925017357e-02 6.344609707594e-02 4.762064665556e-02 3.403757140040e-02 4.654823616147e-02 5.426439270377e-02 5.551360920072e-02 5.225446447730e-02 4.603166133165e-02 5.193958804011e-02 5.897223204374e-02 6.149819120765e-02 6.045491993427e-02 5.468931421638e-02 4.613592848182e-02 4.533421248198e-02 5.057690665126e-02 5.042185261846e-02 8.363108336926e-02 1.528787761927e-01 1.839627027512e-01 1.588926911354e-01 1.121381521225e-01 1.195398643613e-01 1.196985691786e-01 1.052935719490e-01 9.723898768425e-02 8.511192351580e-02 1.255931854248e-01 2.259766012430e-01 3.290232717991e-01 2.675693333149e-01 1.836425513029e-01 1.379556208849e-01 7.592935115099e-02 8.019255101681e-02 9.556598961353e-02 6.944585591555e-02 8.203363418579e-02
1.431883871555e-02 2.580569311976e-02 2.630109339952e-02 3.505861014128e-02 5.469270423055e-02 5.939389765263e-02 6.328634917736e-02 5.105979740620e-02 5.975048243999e-02 5.903385579586e-02 5.235248059034e-02 4.426676034927e-02 4.271017760038e-02 5.026771128178e-02 6.471800804138e-02 7.397221773863e-02 7.314393669367e-02 6.487043201923e-02 4.939531534910e-02 4.530915245414e-02 7.811607420444e-02 7.285189628601e-02 5.401277542114e-02 8.823582530022e-02 1.453114748001e-01 1.873747110367e-01 1.792327016592e-01 1.382493227720e-01 1.268171519041e-01 1.290437579155e-01 1.392647773027e-01 1.724992841482e-01 2.305177897215e-01 3.505278825760e-01 4.111030995846e-01 2.751199305058e-01 1.274008154869e-01 9.200583398342e-02 9.668748825788e-02 7.223045080900e-02 1.175408586860e-01 9.445147961378e-02 1.538617014885e-01
1.047166157514e-02 2.053940296173e-02 2.196873165667e-02 2.446151711047e-02 4.927062243223e-02 7.179880142212e-02 7.487735152245e-02 5.928644165397e-02 5.890778824687e-02 4.849767684937e-02 4.180971905589e-02 4.241415485740e-02 3.965271636844e-02 4.659572243690e-02 4.827325046062e-02 5.807289481163e-02 6.156985834241e-02 6.152437627316e-02 6.512894481421e-02 5.564054846764e-02 8.221476525068e-02 9.159665554762e-02 8.126122504473e-02 9.969019889832e-02 1.370981633663e-01 1.453793942928e-01 1.544807851315e-01 1.642026454210e-01 1.269421577454e-01 1.328039765358e-01 1.559743881226e-01 1.994507312775e-01 2.497423738241e-01 3.245643079281e-01 3.111253380775e-01 1.795894354582e-01 1.566092073917e-01 1.319143027067e-01 1.226675882936e-01 1.077416762710e-01 1.236656233668e-01 1.547807753086e-01 2.204153835773e-01
1.014783326536e-02 1.713000796735e-02 1.811303943396e-02 2.041374705732e-02 3.268225118518e-02 6.249535828829e-02 8.738104999065e-02 8.774904161692e-02 6.091437861323e-02 5.776749178767e-02 4.680605977774e-02 4.911054670811e-02 5.089269578457e-02 4.549267515540e-02 4.992472752929e-02 4.935310781002e-02 4.380004480481e-02 4.773581027985e-02 6.958109885454e-02 6.123136729002e-02 6.668435782194e-02 8.445804566145e-02 9.108244627714e-02 9.855729341507e-02 1.481342315674e-01 1.814209073782e-01 2.001361995935e-01 1.907788664103e-01 1.564957499504e-01 1.248001381755e-01 1.250177025795e-01 1.544292420149e-01 1.795757710934e-01 2.142591476440e-01 1.913887262344e-01 1.158254444599e-01 1.580590158701e-01 1.708454936743e-01 1.636360138655e-01 1.538117676973e-01 1.251696050167e-01 1.849264651537e-01 2.468553036451e-01
1.242445036769e-02 2.349976450205e-02 2.390255592763e-02 2.227344922721e-02 2.825843729079e-02 4.008806869388e-02 7.299806177616e-02 9.719135612249e-02 9.210860729218e-02 6.141591444612e-02 5.657557025552e-02 5.264238640666e-02 5.383670330048e-02 5.227360129356e-02 4.710266366601e-02 5.308304354548e-02 5.072678998113e-02 4.466710984707e-02 5.941313132644e-02 7.512191683054e-02 4.866226017475e-02 6.395494192839e-02 9.034094959497e-02 9.106030315161e-02 1.145770549774e-01 1.643354594707e-01 2.201724499464e-01 2.609961628914e-01 2.576813101768e-01 1.935961693525e-01 1.520412266254e-01 1.145593598485e-01 1.206690594554e-01 1.427123844624e-01 1.324127018452e-01 9.920515120029e-02 1.311253458261e-01 1.792533844709e-01 1.816779375076e-01 1.798565983772e-01 1.535057574511e-01 1.843226402998e-01 2.365186214447e-01
2.287625707686e-02 3.764229640365e-02 2.814723737538e-02 2.963179163635e-02 3.113859333098e-02 3.059220127761e-02 4.279660061002e-02 7.351763546467e-02 9.288261830807e-02 8.769723027945e-02 6.312569975853e-02 5.660319328308e-02 5.489312484860e-02 5.396561324596e-02 4.960332065821e-02 5.340449884534e-02 5.480844154954e-02 5.126021057367e-02 6.028401851654e-02 7.391477376223e-02 7.286710292101e-02 5.670784413815e-02 1.001899614930e-01 7.603660225868e-02 1.097364276648e-01 1.617459207773e-01 1.898164004087e-01 2.579528689384e-01 3.272451460361e-01 3.317151069641e-01 2.350837290287e-01 1.204607337713e-01 9.453584253788e-02 1.158086359501e-01 1.082535758615e-01 9.288369864225e-02 1.304445415735e-01 1.864998489618e-01 1.965996325016e-01 1.850493550301e-01 1.884794235229e-01 1.721001863480e-01 2.058050483465e-01
2.799088694155e-02 5.484611541033e-02 5.387200787663e-02 4.376979544759e-02 3.104783035815e-02 3.013353608549e-02 3.161979839206e-02 3.812249749899e-02 6.264884024858e-02 8.115129917860e-02 8.351755887270e-02 6.820624321699e-02 5.543071776628e-02 5.805305019021e-02 5.893883854151e-02 5.507572367787e-02 5.746812000871e-02 5.676925927401e-02 5.150309577584e-02 9.185283631086e-02 8.449310809374e-02 9.024678170681e-02 1.375174373388e-01 8.805809915066e-02 1.122176796198e-01 1.601529270411e-01 2.175078839064e-01 2.546534836292e-01 2.994443476200e-01 3.979992270470e-01 3.941450119019e-01 2.637586295605e-01 1.239674538374e-01 1.380558609962e-01 9.271866083145e-02 7.731500267982e-02 8.593127876520e-02 2.757299244404e-01 2.689386010170e-01 2.071597427130e-01 3.831089138985e-01 1.941291093826e-01 2.071024179459e-01
3.553946688771e-02 5.440186336637e-02 5.602700263262e-02 6.227745488286e-02 6.047783419490e-02 5.102496221662e-02 3.834532946348e-02 4.236278682947e-02 5.775094404817e-02 7.542454451323e-02 8.249030262232e-02 7.956746965647e-02 8.958371728659e-02 9.230434894562e-02 5.962501093745e-02 5.951949954033e-02 6.212384253740e-02 6.303144246340e-02 6.329837441444e-02 8.796294778585e-02 9.361198544502e-02 8.556345850229e-02 1.608144789934e-01 1.294327974319e-01 9.653311222792e-02 1.373522132635e-01 2.127055972815e-01 2.972751259804e-01 2.821365594864e-01 3.525337576866e-01 4.696636795998e-01 4.260750412941e-01 2.776038348675e-01 1.480749249458e-01 9.458485245705e-02 7.723884284496e-02 8.434459567070e-02 1.002453342080e-01 4.726264774799e-01 2.029743343592e-01 5.551739335060e-01 4.498084187508e-01 2.324389070272e-01
8.183865994215e-02 1.356654614210e-01 1.174055337906e-01 8.830478042364e-02 6.270746886730e-02 6.844193488359e-02 6.988031417131e-02 6.052749976516e-02 5.935285985470e-02 7.491552084684e-02 9.620753675699e-02 1.081903874874e-01 1.070353984833e-01 1.520442664623e-01 1.296080648899e-01 6.444524973631e-02 5.662525072694e-02 1.091736182570e-01 1.157119944692e-01 9.250281751156e-02 6.579103320837e-02 9.191422164440e-02 1.756000071764e-01 1.484321504831e-01 1.050656512380e-01 1.039030477405e-01 1.525422036648e-01 2.413257509470e-01 3.083542883396e-01 2.422460913658e-01 4.051466882229e-01 5.047402381897e-01 4.354780018330e-01 2.651695311069e-01 1.248873323202e-01 1.170317903161e-01 8.568596094847e-02 9.906050562859e-02 2.609505057335e-01 4.828563034534e-01 5.900627374649e-01 6.970385313034e-01 2.699510157108e-01
1.304041892290e-01 2.297375053167e-01 2.241732031107e-01 1.926130801439e-01 1.571570634842e-01 1.222488209605e-01 9.080485254526e-02 7.408513128757e-02 7.884003967047e-02 7.069046795368e-02 8.374782651663e-02 1.032887101173e-01 1.209092289209e-01 1.574284732342e-01 2.038771361113e-01 1.549664884806e-01 7.988119125366e-02 1.334121227264e-01 1.583498716354e-01 1.655813753605e-01 1.638539880514e-01 1.535952091217e-01 1.840611845255e-01 1.474467515945e-01 9.584656357765e-02 7.187648117542e-02 1.021464914083e-01 1.821703463793e-01 2.599964439869e-01 1.957265287638e-01 2.698735296726e-01 4.363847970963e-01 5.144582390785e-01 4.187933802605e-01 2.480010092258e-01 1.088911369443e-01 1.391979306936e-01 1.300580799580e-01 2.160306870937e-01 4.678213000298e-01 4.717350900173e-01 8.391368389130e-01 2.968449592590e-01
1.473531872034e-01 2.739945054054e-01 2.958635985851e-01 2.884755432606e-01 2.677464187145e-01 2.394080311060e-01 2.042507976294e-01 1.646659970284e-01 1.261063665152e-01 9.146146476269e-02 8.945325762033e-02 8.448027819395e-02 1.015170887113e-01 1.232370212674e-01 2.054984718561e-01 2.509651482105e-01 1.697804629803e-01 9.167786687613e-02 8.143487572670e-02 1.431569457054e-01 1.340686976910e-01 1.400990933180e-01 1.844290941954e-01 2.719585895538e-01 1.544581502676e-01 1.184043064713e-01 8.778780698776e-02 1.187827289104e-01 1.666159778833e-01 1.443351060152e-01 2.109233587980e-01 2.903273105621e-01 4.361365437508e-01 4.886775612831e-01 3.862368464470e-01 2.264892160892e-01 1.328899264336e-01 1.472335457802e-01 2.884936332703e-01 4.547201395035e-01 6.029394268990e-01 6.958435177803e-01 4.096880555153e-01
1.257369369268e-01 2.458525300026e-01 2.928521335125e-01 3.126628994942e-01 3.170576691628e-01 3.131616115570e-01 3.039590120316e-01 2.797410488129e-01 2.454553097486e-01 2.059378921986e-01 1.628885418177e-01 1.212904974818e-01 1.012194678187e-01 1.021033152938e-01 1.168203279376e-01 2.295956164598e-01 2.575353682041e-01 1.531749516726e-01 1.401152908802e-01 1.684173494577e-01 1.622519791126e-01 1.712311804295e-01 1.508570611477e-01 3.097315430641e-01 2.721080780029e-01 1.284755021334e-01 1.385254114866e-01 1.438202708960e-01 1.438728123903e-01 1.778383105993e-01 1.649810373783e-01 2.208659350872e-01 2.827095091343e-01 4.030565619469e-01 4.446069002151e-01 3.604569733143e-01 2.218353599310e-01 2.036976218224e-01 3.394795060158e-01 4.538292884827e-01 5.604034066200e-01 6.296612024307e-01 5.197215676308e-01
