100/SI/f176.grd
DSAA
101	101
32.816463539100	34.260883539100
35.556306596100	36.727886596100
3.922757241526e-05	6.434112548828e+00
[rows 76 to 94 of 101, columns 43 to 85 of 101]
9.919430129230e-03 8.442643098533e-03 1.543366257101e-02 3.892565891147e-02 4.160742089152e-02 8.287864923477e-02 1.321993768215e-01 1.485912650824e-01 9.200897067785e-02 2.575323916972e-02 9.340206533670e-02 2.093677818775e-01 1.564251631498e-01 4.082198813558e-02 1.833079196513e-02 2.598044089973e-02 2.745956555009e-02 1.407123450190e-02 1.316299755126e-02 1.639220863581e-02 6.034922227263e-02 1.380515247583e-01 3.249851614237e-02 2.194690890610e-02 1.597694121301e-02 1.070982310921e-02 5.438371561468e-03 4.675686359406e-03 4.555735271424e-03 4.296793136746e-03 4.075687378645e-03 4.247641656548e-03 4.472074098885e-03 4.744103178382e-03 4.791387822479e-03 4.458887968212e-03 4.089882131666e-03 3.823430277407e-03 3.637169720605e-03 3.526755375788e-03 3.933418076485e-03 6.030366290361e-03 8.225059136748e-03
1.614464074373e-02 2.176410518587e-02 2.784043177962e-02 2.908322401345e-02 3.988984227180e-02 5.510284379125e-02 7.108427584171e-02 6.700307875872e-02 1.074736714363e-01 1.568726301193e-01 1.554637700319e-01 7.455067336559e-02 5.300097167492e-02 4.708036035299e-02 3.035973757505e-02 3.222021460533e-02 8.930715732276e-03 5.503122229129e-03 6.753186695278e-03 7.560406811535e-03 5.727928131819e-03 6.858078297228e-03 1.086681149900e-02 1.091821212322e-02 9.906951338053e-03 6.075965706259e-03 2.967352746055e-03 2.664202591404e-03 3.111661877483e-03 3.584928112105e-03 3.823752747849e-03 3.907091915607e-03 3.885818878189e-03 3.715456696227e-03 3.231261391193e-03 2.593198791146e-03 2.075541997328e-03 2.054212149233e-03 2.177007729188e-03 2.533208811656e-03 3.180988365784e-03 5.427000112832e-03 7.260669022799e-03
3.416606038809e-02 5.159175768495e-02 3.421306982636e-02 1.608274504542e-02 1.871279440820e-02 6.830455362797e-02 1.915497928858e-01 2.549423873425e-01 1.908308714628e-01 9.410700201988e-02 5.082963407040e-02 3.272297605872e-02 2.361201494932e-02 3.803333640099e-02 3.162087127566e-02 1.178424712270e-02 3.920667804778e-03 3.572560613975e-03 3.721340326592e-03 5.044562742114e-03 3.763295942917e-03 3.428576746956e-03 3.967678640038e-03 4.473538603634e-03 4.053362645209e-03 3.697994863614e-03 2.996570197865e-03 3.118172287941e-03 2.623846521601e-03 3.002173732966e-03 3.142462810501e-03 2.928291913122e-03 2.797801280394e-03 2.703152829781e-03 1.902381423861e-03 1.836972078308e-03 1.951209269464e-03 1.943959738128e-03 1.903657801449e-03 2.015638863668e-03 2.465129829943e-03 4.710614215583e-03 6.908921524882e-03
4.864449799061e-02 5.666468292475e-02 1.912873797119e-02 1.985028199852e-02 7.017537206411e-02 1.255985647440e-01 1.294996887445e-01 1.109936013818e-01 9.301131218672e-02 4.402888193727e-02 3.894572332501e-02 4.714045301080e-02 2.903655730188e-02 1.834525913000e-02 8.057145401835e-03 4.345275461674e-03 2.752026310191e-03 2.620819956064e-03 2.517917659134e-03 3.162364941090e-03 2.811796497554e-03 2.813592087477e-03 2.617714228109e-03 2.585210604593e-03 2.505271462724e-03 2.557456959039e-03 2.471624407917e-03 2.513156738132e-03 2.703953301534e-03 2.590185496956e-03 2.624114975333e-03 2.162031829357e-03 2.391252201051e-03 2.508764620870e-03 1.996474107727e-03 1.523714396171e-03 1.823565107770e-03 1.940536429174e-03 1.948844757862e-03 1.914963824674e-03 1.967724412680e-03 2.531628822908e-03 4.258822649717e-03
2.125380560756e-02 3.504606708884e-02 5.059428513050e-02 6.574671715498e-02 7.226040959358e-02 5.925080552697e-02 6.677171587944e-02 8.246260136366e-02 1.176060661674e-01 4.576012119651e-02 4.750108346343e-02 2.887736074626e-02 1.163874287158e-02 4.906678572297e-03 3.394497092813e-03 2.765438752249e-03 2.479768358171e-03 2.235619118437e-03 2.048634458333e-03 1.933612627909e-03 2.148978412151e-03 1.662121270783e-03 1.684459391981e-03 1.678382512182e-03 1.769486232661e-03 1.858371659182e-03 1.875203102827e-03 1.717496546917e-03 1.477286918089e-03 1.772911637090e-03 1.723860274069e-03 1.673783874139e-03 1.878079026937e-03 2.091852482408e-03 1.924054115079e-03 1.507899607532e-03 1.694147475064e-03 1.902495045215e-03 1.953730126843e-03 1.981235342100e-03 2.297410508618e-03 2.757623326033e-03 3.474331693724e-03
2.342503704131e-02 7.125321775675e-02 1.320569813251e-01 7.741869240999e-02 4.974430799484e-02 8.672051876783e-02 1.154369339347e-01 1.552525609732e-01 7.600931078196e-02 3.908233344555e-02 1.845288462937e-02 1.069469470531e-02 4.504619631916e-03 2.886948874220e-03 2.035972196609e-03 1.718175131828e-03 1.577912131324e-03 1.466729445383e-03 1.505980035290e-03 1.604599528946e-03 1.650406164117e-03 1.529782195576e-03 1.486805384047e-03 1.595835434273e-03 1.906551769935e-03 2.220666036010e-03 2.428581239656e-03 2.360226353630e-03 1.864225603640e-03 1.442897948436e-03 1.435808138922e-03 1.325030461885e-03 1.343086129054e-03 1.679188571870e-03 1.739006256685e-03 1.621276838705e-03 1.540608820505e-03 1.804941101000e-03 1.905537443236e-03 1.924701267853e-03 2.203444484621e-03 3.052369924262e-03 4.130527842790e-03
4.403545334935e-02 1.381944268942e-01 1.058897450566e-01 8.607310056686e-02 9.430538862944e-02 9.020005911589e-02 6.315807253122e-02 6.121271103621e-02 4.800496995449e-02 2.455933205783e-02 8.932174183428e-03 5.545209161937e-03 2.997899195179e-03 1.926968572661e-03 1.537881908007e-03 1.266039791517e-03 1.264301827177e-03 1.350213773549e-03 1.318909111433e-03 1.273022266105e-03 1.383253606036e-03 1.420445390977e-03 1.377563457936e-03 1.381013193168e-03 1.737825572491e-03 2.133343601599e-03 2.422468038276e-03 2.416443778202e-03 1.962267560884e-03 1.335079898126e-03 1.395189436153e-03 1.444584690034e-03 1.181063242257e-03 1.235472038388e-03 1.473898417316e-03 1.646126620471e-03 1.663345843554e-03 1.651830738410e-03 1.805729465559e-03 1.884929486550e-03 1.867893501185e-03 2.119119977579e-03 2.680667676032e-03
5.929466336966e-02 1.005792394280e-01 5.992022156715e-02 3.653532639146e-02 2.437480725348e-02 2.994518540800e-02 2.616629563272e-02 3.125214576721e-02 2.648858353496e-02 9.217681363225e-03 6.456769071519e-03 3.849233034998e-03 3.179435618222e-03 2.359023084864e-03 1.471033436246e-03 1.195686054416e-03 1.299960073084e-03 1.311098923907e-03 1.193685224280e-03 1.140731386840e-03 1.323654549196e-03 1.449572504498e-03 1.516932039522e-03 1.463944674470e-03 1.355836633593e-03 1.620304305106e-03 1.808447181247e-03 1.792441005819e-03 1.481628045440e-03 1.200190279633e-03 1.239771489054e-03 1.360699767247e-03 1.298310933635e-03 1.100185560063e-03 1.127153984271e-03 1.345130265690e-03 1.495443983003e-03 1.465174485929e-03 1.667112926953e-03 1.810448709875e-03 1.844109618105e-03 1.941038528457e-03 2.178111113608e-03
8.450407534838e-02 6.977424025536e-02 2.256990782917e-02 1.711469888687e-02 1.814942620695e-02 1.090359315276e-02 1.539982575923e-02 2.508828975260e-02 1.671318337321e-02 8.125011809170e-03 6.099772173911e-03 3.409473923966e-03 3.321162890643e-03 3.147450275719e-03 1.968671800569e-03 1.555599737912e-03 1.320113427937e-03 1.261092373170e-03 1.087242504582e-03 1.099530258216e-03 1.330659142695e-03 1.595830311999e-03 1.754558295943e-03 1.639034482650e-03 1.399916945957e-03 1.200770027936e-03 1.302891061641e-03 1.391828991473e-03 1.385403447784e-03 1.481979037635e-03 1.331842038780e-03 1.230840221979e-03 1.247024163604e-03 1.131068915129e-03 1.091170823202e-03 1.313653425314e-03 1.436219434254e-03 1.398904132657e-03 1.501276390627e-03 1.688884454779e-03 1.770827919245e-03 1.981022069231e-03 2.501451410353e-03
1.336491554976e-01 5.868656188250e-02 1.151834800839e-02 8.227667771280e-03 6.301249843091e-03 7.742808200419e-03 8.296470157802e-03 1.879143714905e-02 1.903171837330e-02 1.160108670592e-02 5.783687345684e-03 3.303867299110e-03 2.858164487407e-03 2.985830418766e-03 2.449187915772e-03 1.505977124907e-03 1.309273880906e-03 1.212740899064e-03 1.007557963021e-03 1.086846226826e-03 1.361728413031e-03 1.777984900400e-03 1.939144218341e-03 1.722164801322e-03 1.446328707971e-03 1.273749629036e-03 1.346557401121e-03 1.499996636994e-03 1.567313214764e-03 1.550656859763e-03 1.436419668607e-03 1.192330266349e-03 1.367886085063e-03 1.134082209319e-03 1.062553259544e-03 1.156388083473e-03 1.453576609492e-03 1.600355142727e-03 1.704931957647e-03 1.937852357514e-03 2.225417876616e-03 2.310311421752e-03 2.245631301776e-03
1.148845180869e-01 3.542865440249e-02 8.768495172262e-03 4.941182676703e-03 4.524430725724e-03 5.250490736216e-03 9.711525402963e-03 1.242610719055e-02 1.493635680526e-02 1.042567566037e-02 6.853747181594e-03 3.836308838800e-03 2.511639147997e-03 2.158522373065e-03 2.066230168566e-03 1.744963694364e-03 1.516521093436e-03 1.666291849688e-03 1.390536315739e-03 1.199685619213e-03 1.496029086411e-03 1.997863873839e-03 2.079812576994e-03 1.746962778270e-03 1.483292784542e-03 1.351535785943e-03 1.407155185007e-03 1.580338925123e-03 1.708176918328e-03 1.595574314706e-03 1.417459337972e-03 1.172599382699e-03 1.395422033966e-03 1.078367698938e-03 1.043556490913e-03 1.002365723252e-03 1.092017861083e-03 1.438634470105e-03 1.832710229792e-03 2.359729958698e-03 2.880993764848e-03 3.086408600211e-03 3.121228422970e-03
6.047639623284e-02 1.111535541713e-02 5.228765308857e-03 4.549906123430e-03 3.804576350376e-03 3.880391828716e-03 6.264162715524e-03 3.470541909337e-03 9.070954285562e-03 1.370960194618e-02 9.746243245900e-03 7.415062747896e-03 3.707330441102e-03 2.279445761815e-03 1.947444397956e-03 1.967277610675e-03 2.086269203573e-03 1.875831047073e-03 1.648161443882e-03 1.463591703214e-03 1.789119211026e-03 2.197550376877e-03 2.115986309946e-03 1.781828352250e-03 1.590277766809e-03 1.496295910329e-03 1.489290501922e-03 1.659288420342e-03 1.805691746995e-03 1.732613774948e-03 1.450064941309e-03 1.150945900008e-03 1.316949375905e-03 1.193203730509e-03 1.035418594256e-03 1.029295963235e-03 9.916743729264e-04 1.036805333570e-03 1.325154444203e-03 2.025823341683e-03 2.766496501863e-03 3.225541207939e-03 3.488790709525e-03
1.636946201324e-02 6.339247804135e-03 4.105904139578e-03 3.926233388484e-03 3.063475014642e-03 2.782931085676e-03 2.815607702360e-03 2.638433361426e-03 3.299796953797e-03 1.130899414420e-02 1.253631059080e-02 1.836823858321e-02 1.175470277667e-02 4.223728086799e-03 2.620792714879e-03 2.184735611081e-03 2.357919700444e-03 2.791216829792e-03 2.598531311378e-03 2.077294047922e-03 2.038836944848e-03 2.283962210640e-03 2.053387463093e-03 1.772310701199e-03 1.667948323302e-03 1.651586149819e-03 1.683103968389e-03 1.695971470326e-03 1.848175539635e-03 1.860175514594e-03 1.606475096196e-03 1.239901990630e-03 1.235307194293e-03 1.236051437445e-03 1.155139179900e-03 1.183254877105e-03 1.171617885120e-03 1.151117379777e-03 1.136007369496e-03 1.167573733255e-03 1.574520603754e-03 2.096838550642e-03 2.471978077665e-03
5.840540863574e-03 3.650720696896e-03 3.679188666865e-03 3.207353642210e-03 2.613080665469e-03 2.371140057221e-03 2.051603049040e-03 2.048508264124e-03 2.423241734505e-03 4.686822183430e-03 1.872848719358e-02 4.597973451018e-02 3.155130892992e-02 1.005989033729e-02 4.421657882631e-03 2.745181554928e-03 2.450927393511e-03 2.941397717223e-03 2.846480812877e-03 3.011624095961e-03 2.898258622736e-03 2.389068249613e-03 2.136104507372e-03 1.916284440085e-03 1.857520896010e-03 1.871077809483e-03 1.867546583526e-03 1.819025026634e-03 1.853357651271e-03 1.959392568097e-03 1.774160307832e-03 1.297208131291e-03 1.204018946737e-03 1.187188550830e-03 1.246514148079e-03 1.338100293651e-03 1.400465611368e-03 1.419860171154e-03 1.407809322700e-03 1.356573658995e-03 1.361647970043e-03 1.432504854165e-03 1.478192512877e-03
5.290629807860e-03 3.010727465153e-03 3.274942049757e-03 2.504510572180e-03 2.043409971520e-03 1.921924529597e-03 1.675784355029e-03 1.738018938340e-03 1.747962436639e-03 3.249903675169e-03 1.418725773692e-02 3.826553374529e-02 3.460530191660e-02 2.229718677700e-02 5.397844128311e-03 2.984884660691e-03 2.271838719025e-03 3.272830508649e-03 3.884366946295e-03 3.642859403044e-03 2.978902542964e-03 2.329528098926e-03 2.305937465280e-03 2.168543171138e-03 2.095480216667e-03 2.046857029200e-03 1.959193497896e-03 1.787192770280e-03 1.870349282399e-03 1.980170840397e-03 1.747469417751e-03 1.356174703687e-03 1.404228736646e-03 1.359137240797e-03 1.288922037929e-03 1.250463770702e-03 1.335974549875e-03 1.387425232679e-03 1.372906495817e-03 1.284526078962e-03 1.426821690984e-03 1.684228074737e-03 1.866921549663e-03
6.521953269839e-03 3.419665154070e-03 2.878337400034e-03 2.225362462923e-03 1.665467047133e-03 1.571402768604e-03 1.610151841305e-03 1.575465663336e-03 1.585408695973e-03 2.032358897850e-03 5.388225894421e-03 1.965765282512e-02 7.143106311560e-02 5.511704087257e-02 9.241676889360e-03 3.488029353321e-03 3.843094222248e-03 4.099197685719e-03 3.644179087132e-03 2.899641171098e-03 2.355075441301e-03 2.402770798653e-03 2.546315547079e-03 2.465366618708e-03 2.297274535522e-03 2.084123436362e-03 1.803092542104e-03 1.649185316637e-03 1.935398322530e-03 1.993788871914e-03 1.798779354431e-03 1.998126273975e-03 2.003227127716e-03 1.894820132293e-03 1.704607740976e-03 1.325911493041e-03 1.113633974455e-03 1.108494470827e-03 1.139024156146e-03 1.224034349434e-03 1.437969971448e-03 1.791813294403e-03 2.219220390543e-03
6.905506830662e-03 3.882928052917e-03 2.912249648944e-03 1.941756461747e-03 1.456747297198e-03 1.527899177745e-03 1.508712070063e-03 1.535341027193e-03 1.381629379466e-03 1.554987975396e-03 3.045512828976e-03 1.000158209354e-02 3.470946475863e-02 3.058715723455e-02 1.021206658334e-02 5.809911061078e-03 4.774309694767e-03 3.703621216118e-03 2.852566074580e-03 2.283523092046e-03 2.274514874443e-03 2.426135120913e-03 2.578881336376e-03 2.452048007399e-03 2.117695054039e-03 1.717965235002e-03 1.420853193849e-03 1.549697248265e-03 1.948220888153e-03 2.051646355540e-03 2.131968503818e-03 2.342584542930e-03 2.326092217118e-03 2.166976453736e-03 1.842498080805e-03 1.384991104715e-03 1.418812666088e-03 1.472941366956e-03 1.560218282975e-03 1.634384854697e-03 1.654662075453e-03 1.844360260293e-03 2.379135461524e-03
6.455181632191e-03 3.472205251455e-03 2.449766732752e-03 1.524764928035e-03 1.398815657012e-03 1.508851186372e-03 1.457348698750e-03 1.260379445739e-03 1.001139869913e-03 1.402626163326e-03 2.590716350824e-03 4.426392260939e-03 1.224342640489e-02 1.453547459096e-02 1.052079070359e-02 6.440476048738e-03 4.071872215718e-03 2.893014578149e-03 2.680363366380e-03 2.602245192975e-03 2.342615043744e-03 2.214625710621e-03 2.141666365787e-03 1.881336211227e-03 1.484000822529e-03 1.323648146354e-03 1.306765829213e-03 1.397941960022e-03 1.818489632569e-03 2.037203172222e-03 1.509346882813e-03 1.646719407290e-03 1.647212193348e-03 1.540571101941e-03 1.496952958405e-03 1.635962515138e-03 1.767975511029e-03 1.942759030499e-03 2.133140806109e-03 2.240329748020e-03 2.199581125751e-03 2.049477072433e-03 2.335295081139e-03
5.766844842583e-03 2.567544579506e-03 1.760387327522e-03 1.092558610253e-03 1.309666549787e-03 1.453178119846e-03 1.391959609464e-03 1.148457522504e-03 8.478948147967e-04 1.262528006919e-03 2.328012604266e-03 3.602691926062e-03 8.518541231751e-03 1.091863214970e-02 8.483154699206e-03 5.021153483540e-03 3.107781289145e-03 2.883181674406e-03 2.836300292984e-03 2.377227414399e-03 1.889560837299e-03 1.578009105287e-03 1.380551373586e-03 1.156762940809e-03 1.083734445274e-03 1.066783675924e-03 1.071281381883e-03 1.189344329759e-03 1.585444901139e-03 1.857678988017e-03 1.442268374376e-03 1.131800003350e-03 1.080725342035e-03 1.380855916068e-03 1.633381354623e-03 1.855012145825e-03 2.111806068569e-03 2.431278117001e-03 2.730846870691e-03 2.852589124814e-03 2.713162684813e-03 2.392142079771e-03 2.302386797965e-03
