100/SI/f176.grd
DSAA
101	101
32.816463539100	34.260883539100
35.556306596100	36.727886596100
3.922757241526e-05	6.434112548828e+00
[rows 0 to 18 of 101, columns 43 to 85 of 101]
9.358365088701e-03 1.596955768764e-02 1.839854568243e-02 1.458166912198e-02 1.016365084797e-02 1.024089846760e-02 8.811865001917e-03 8.049564436078e-03 5.295798648149e-03 7.677287328988e-03 1.018197275698e-02 1.205821335316e-02 1.440200489014e-02 2.056616358459e-02 9.236732497811e-03 1.138890814036e-02 1.445690076798e-02 1.576933264732e-02 1.065478753299e-02 7.107445504516e-03 8.024084381759e-03 1.039234735072e-02 1.067231874913e-02 1.164751593024e-02 1.181020308286e-02 8.463960140944e-03 5.672209896147e-03 5.721093621105e-03 1.081960927695e-02 1.622888818383e-02 1.303937006742e-02 6.392916198820e-03 8.074299432337e-03 5.272346548736e-03 5.387408658862e-03 4.627111367881e-03 3.961190581322e-03 3.600354073569e-03 2.650926355273e-03 2.675023162737e-03 3.562553320080e-03 5.954490974545e-03 5.916588939726e-03
1.622112095356e-02 2.892300114036e-02 3.612027689815e-02 3.196478262544e-02 2.396351844072e-02 2.219817601144e-02 1.841212809086e-02 1.561236195266e-02 1.450725737959e-02 1.685940288007e-02 1.876956969500e-02 2.138347923756e-02 2.848319336772e-02 4.107061028481e-02 1.759097352624e-02 2.163312025368e-02 2.730901911855e-02 2.951209433377e-02 2.026536874473e-02 1.370352134109e-02 1.576484739780e-02 1.981987804174e-02 2.112120203674e-02 2.035138942301e-02 2.089079096913e-02 1.762508228421e-02 1.051666401327e-02 1.188447047025e-02 2.445320039988e-02 3.887939453125e-02 2.320239692926e-02 1.054622046649e-02 1.579752005637e-02 9.705884382129e-03 1.042455248535e-02 8.626606315374e-03 7.080080453306e-03 6.334858946502e-03 5.104924086481e-03 5.093614570796e-03 7.880499586463e-03 1.206302922219e-02 1.123866252601e-02
2.042874880135e-02 2.953135035932e-02 4.034783691168e-02 3.967330232263e-02 3.224762529135e-02 3.227723017335e-02 2.182707376778e-02 1.922146789730e-02 2.591113559902e-02 2.590677328408e-02 1.865241490304e-02 2.368047460914e-02 3.035237081349e-02 4.295611754060e-02 2.043103799224e-02 2.460541389883e-02 3.055451810360e-02 3.377334773540e-02 2.334486134350e-02 1.826534606516e-02 1.828178949654e-02 1.989997923374e-02 2.375475130975e-02 2.551393955946e-02 3.078950569034e-02 2.369522303343e-02 1.367107592523e-02 1.470214594156e-02 3.211049735546e-02 5.021299794316e-02 2.378229051828e-02 1.226660236716e-02 1.819499582052e-02 1.071092579514e-02 1.163353584707e-02 1.019969861954e-02 9.064209647477e-03 7.204782683402e-03 5.923003889620e-03 7.252452895045e-03 9.986944496632e-03 1.335381716490e-02 1.150096766651e-02
2.353576011956e-02 2.673120424151e-02 3.608079627156e-02 3.919180855155e-02 3.494911268353e-02 4.319886118174e-02 2.287707291543e-02 2.627753466368e-02 3.705072030425e-02 3.815770521760e-02 2.537097223103e-02 2.476910315454e-02 3.109432011843e-02 4.334855079651e-02 2.145554870367e-02 2.743321843445e-02 3.133614361286e-02 3.518890589476e-02 2.521303668618e-02 2.397363819182e-02 1.963790692389e-02 2.481359802186e-02 3.000812977552e-02 2.956605516374e-02 4.088824242353e-02 2.923217415810e-02 1.540821418166e-02 1.751728914678e-02 3.747343644500e-02 5.448137223721e-02 2.241709455848e-02 1.364946458489e-02 1.929730921984e-02 1.083419658244e-02 1.188003830612e-02 1.300084404647e-02 1.097751501948e-02 8.269213140011e-03 7.081596646458e-03 8.970089256763e-03 1.192417182028e-02 1.390932034701e-02 1.101778075099e-02
2.314243093133e-02 3.204417601228e-02 2.845949307084e-02 3.312418982387e-02 3.222034871578e-02 5.486065149307e-02 2.201736718416e-02 3.243773803115e-02 4.733205214143e-02 5.083509162068e-02 3.582169488072e-02 2.583445236087e-02 3.196739405394e-02 4.356516525149e-02 2.225887589157e-02 3.004280664027e-02 3.170890733600e-02 3.636061027646e-02 2.791796997190e-02 2.948720753193e-02 2.321980707347e-02 3.137175366282e-02 3.811393678188e-02 3.707110136747e-02 5.085243284702e-02 3.380070254207e-02 1.845860294998e-02 1.877846568823e-02 3.969502449036e-02 5.266038700938e-02 2.420021221042e-02 1.626123115420e-02 1.996500790119e-02 1.283118128777e-02 1.470981445163e-02 1.526736747473e-02 1.220136974007e-02 8.628486655653e-03 9.004939347506e-03 9.779402986169e-03 1.391669549048e-02 1.410682685673e-02 1.054103765637e-02
2.006827853620e-02 3.401189297438e-02 2.551792003214e-02 2.625332213938e-02 2.801126055419e-02 6.648577749729e-02 2.485914342105e-02 3.690319880843e-02 5.642917007208e-02 6.339312344790e-02 4.676851630211e-02 2.723493427038e-02 3.315042704344e-02 4.374738410115e-02 2.467934973538e-02 3.221090137959e-02 3.163111954927e-02 3.739470615983e-02 2.859186194837e-02 3.422445431352e-02 2.814035676420e-02 3.799268975854e-02 4.539220780134e-02 4.343898966908e-02 5.975562334061e-02 3.643343225121e-02 2.030743658543e-02 2.196822315454e-02 3.799714893103e-02 4.271838814020e-02 2.404690906405e-02 1.879725232720e-02 2.015646174550e-02 1.433883514255e-02 1.721748150885e-02 1.696763560176e-02 1.279265806079e-02 8.999654091895e-03 1.014808565378e-02 1.094214431942e-02 1.590384170413e-02 1.435244549066e-02 1.011026278138e-02
1.828796043992e-02 3.256256133318e-02 2.560202963650e-02 2.051773481071e-02 2.596053853631e-02 7.718183100224e-02 2.750191465020e-02 3.901911899447e-02 6.270160526037e-02 7.297915220261e-02 5.670366808772e-02 2.998752146959e-02 3.419613838196e-02 4.374725371599e-02 2.497116662562e-02 3.432082384825e-02 3.109351731837e-02 3.811416774988e-02 2.752936258912e-02 3.619953244925e-02 3.220126405358e-02 4.271292686462e-02 5.033725500107e-02 4.697177559137e-02 6.628683954477e-02 3.668193519115e-02 1.960566639900e-02 2.460540831089e-02 3.255744278431e-02 2.970240451396e-02 2.251364663243e-02 2.130629867315e-02 2.001517452300e-02 1.528493873775e-02 1.920725964010e-02 1.796252280474e-02 1.273221429437e-02 1.059287693352e-02 1.000173483044e-02 1.487357728183e-02 1.817222498357e-02 1.471683196723e-02 9.439750574529e-03
2.109019085765e-02 3.108831681311e-02 2.473211474717e-02 2.309983782470e-02 2.923207916319e-02 8.735746145248e-02 3.140009567142e-02 3.774764761329e-02 6.335529685020e-02 7.705581188202e-02 6.450391560793e-02 3.921842575073e-02 3.554474189878e-02 4.398998245597e-02 2.487258799374e-02 3.629904985428e-02 3.017751500010e-02 3.858958929777e-02 2.836932055652e-02 3.428060933948e-02 3.463163599372e-02 4.492861777544e-02 5.153275281191e-02 4.696182161570e-02 7.005045562983e-02 3.532521799207e-02 2.248978614807e-02 2.931558340788e-02 2.471931651235e-02 2.399540878832e-02 2.562066353858e-02 2.382687665522e-02 1.945924200118e-02 1.970604062080e-02 2.047047019005e-02 1.808840595186e-02 1.203517336398e-02 1.088282559067e-02 1.248706597835e-02 2.001520246267e-02 1.989357732236e-02 1.400720607489e-02 7.896906696260e-03
2.370535582304e-02 3.118260949850e-02 2.454459294677e-02 2.501010149717e-02 3.237896785140e-02 9.682992100716e-02 3.548385575414e-02 3.317038714886e-02 5.785014107823e-02 7.503751665354e-02 6.913342326880e-02 4.781756922603e-02 3.696983307600e-02 5.037061497569e-02 2.801320888102e-02 3.826336190104e-02 3.020418994129e-02 3.891861066222e-02 2.894441224635e-02 3.029472567141e-02 3.616168722510e-02 4.401522502303e-02 4.890281334519e-02 4.729538410902e-02 6.960106641054e-02 3.123625926673e-02 2.682408876717e-02 3.435355797410e-02 2.442601695657e-02 2.955112420022e-02 3.230626508594e-02 2.625927701592e-02 2.259608358145e-02 2.452097088099e-02 2.505442127585e-02 1.725045777857e-02 1.175271626562e-02 1.048798300326e-02 1.985643617809e-02 2.420538850129e-02 1.922292262316e-02 1.110984850675e-02 9.381573647261e-03
2.543937973678e-02 3.176954388618e-02 2.430985309184e-02 2.450156770647e-02 3.539064154029e-02 1.044618859887e-01 3.905849158764e-02 2.721243537962e-02 4.923172667623e-02 6.844873726368e-02 6.962241977453e-02 5.462120845914e-02 3.827016800642e-02 5.436071753502e-02 3.522394597530e-02 4.044020920992e-02 4.006331786513e-02 3.949889913201e-02 2.924141474068e-02 3.627008572221e-02 3.540121391416e-02 4.075823351741e-02 4.313148558140e-02 5.277585983276e-02 6.463612616062e-02 2.502736821771e-02 3.125005587935e-02 3.937488794327e-02 2.805573493242e-02 3.425927087665e-02 3.805171698332e-02 3.125160560012e-02 2.512925863266e-02 2.601469308138e-02 2.717455849051e-02 1.557676587254e-02 1.094702258706e-02 1.885905116796e-02 2.665952406824e-02 2.442160248756e-02 1.484353002161e-02 9.707835502923e-03 9.191540069878e-03
2.578561007977e-02 3.287881240249e-02 2.412355504930e-02 2.634807862341e-02 3.810783848166e-02 1.105902343988e-01 4.233239218593e-02 2.714924514294e-02 3.935362771153e-02 5.773142725229e-02 6.451874971390e-02 5.815298482776e-02 4.675853624940e-02 5.412606149912e-02 4.459682852030e-02 4.256805777550e-02 5.659509822726e-02 4.235797002912e-02 2.914801612496e-02 4.807870835066e-02 3.931431844831e-02 3.588724136353e-02 5.284123867750e-02 5.620080605149e-02 5.625163391232e-02 2.511719055474e-02 3.498402237892e-02 4.286791384220e-02 2.927877567708e-02 3.700168803334e-02 4.309861361980e-02 3.641309961677e-02 2.326486818492e-02 2.260408364236e-02 2.569327503443e-02 1.337970327586e-02 1.715418510139e-02 2.788915857673e-02 2.856172248721e-02 1.894654892385e-02 9.518812410533e-03 8.807226084173e-03 8.846380747855e-03
2.504493109882e-02 3.411515057087e-02 3.140023723245e-02 2.977513521910e-02 4.055946692824e-02 1.145049035549e-01 4.440123215318e-02 2.818187884986e-02 3.282545506954e-02 4.471811279655e-02 5.507384613156e-02 5.716847628355e-02 5.209468305111e-02 5.659196898341e-02 5.407002568245e-02 4.449775442481e-02 7.575694471598e-02 5.586775764823e-02 2.936056256294e-02 5.845430120826e-02 4.386143758893e-02 4.676968604326e-02 6.959636509418e-02 5.697329342365e-02 4.555050283670e-02 2.604106999934e-02 3.657594323158e-02 4.382309317589e-02 2.802472375333e-02 3.675566613674e-02 4.571100324392e-02 4.046648740768e-02 2.381819486618e-02 1.804463379085e-02 2.381606027484e-02 1.453997753561e-02 2.755786851048e-02 3.213987872005e-02 2.285208180547e-02 1.158772781491e-02 1.032095961273e-02 1.135073695332e-02 1.202686689794e-02
2.529970370233e-02 3.534389659762e-02 3.963905572891e-02 2.731731161475e-02 4.287859052420e-02 1.176766678691e-01 4.534291103482e-02 2.908560261130e-02 3.289128839970e-02 4.227002710104e-02 4.231572151184e-02 5.076511204243e-02 5.333625152707e-02 6.302075833082e-02 5.820348858833e-02 4.927364364266e-02 9.455823153257e-02 6.825441122055e-02 3.202699869871e-02 6.656147539616e-02 4.604116082191e-02 5.675026029348e-02 8.208218216896e-02 5.314942076802e-02 3.359371796250e-02 3.100183606148e-02 3.518034890294e-02 4.146474227309e-02 2.537775970995e-02 3.363808244467e-02 4.423135891557e-02 4.149660095572e-02 2.521549165249e-02 1.560807041824e-02 2.279340848327e-02 2.542547322810e-02 3.478462249041e-02 2.756628207862e-02 1.407513208687e-02 1.116024330258e-02 1.080868486315e-02 1.460809540004e-02 1.430508773774e-02
2.259332500398e-02 3.659546747804e-02 4.296915233135e-02 3.043609857559e-02 4.525792598724e-02 1.212944388390e-01 4.595492780209e-02 3.022785671055e-02 3.005403839052e-02 4.075613245368e-02 3.345562145114e-02 4.000144079328e-02 5.752653628588e-02 6.755034625530e-02 5.397941172123e-02 6.097418814898e-02 1.095056980848e-01 7.823861390352e-02 3.764219582081e-02 7.213943451643e-02 4.613450914621e-02 6.171507388353e-02 8.597476780415e-02 4.423716291785e-02 2.934609167278e-02 3.943102434278e-02 4.074113070965e-02 3.690695762634e-02 2.521608956158e-02 2.821231074631e-02 3.913156315684e-02 3.925617784262e-02 2.517220191658e-02 1.543955411762e-02 2.302560210228e-02 3.558349236846e-02 3.305153921247e-02 1.779747940600e-02 1.254511345178e-02 1.074164640158e-02 1.159522496164e-02 1.652392745018e-02 1.522298250347e-02
3.078591637313e-02 3.806391358376e-02 4.301165416837e-02 4.964437335730e-02 4.771807044744e-02 1.234706416726e-01 4.576898366213e-02 3.611516207457e-02 2.571037039161e-02 3.732724860311e-02 3.127497062087e-02 4.401016980410e-02 6.059634685516e-02 7.208389043808e-02 5.819421634078e-02 7.245615869761e-02 1.217834725976e-01 8.406884223223e-02 4.107078537345e-02 7.685270160437e-02 5.073370411992e-02 6.018171831965e-02 8.263878524303e-02 3.661543130875e-02 3.119349293411e-02 4.723789542913e-02 5.174056440592e-02 3.222643956542e-02 2.568604983389e-02 2.347837574780e-02 3.245122358203e-02 3.519969433546e-02 2.383202314377e-02 1.740455254912e-02 3.386748954654e-02 3.820994123816e-02 2.303474582732e-02 1.207096502185e-02 1.290632877499e-02 9.974877350032e-03 1.327174063772e-02 1.755374297500e-02 1.903993636370e-02
4.064644500613e-02 3.982160240412e-02 4.235466942191e-02 6.096639484167e-02 4.957724735141e-02 1.241206526756e-01 4.443815723062e-02 4.139155894518e-02 2.719825506210e-02 3.824744746089e-02 3.243013843894e-02 4.716068133712e-02 6.345538049936e-02 7.649631798267e-02 5.620050802827e-02 8.190271258354e-02 1.241002678871e-01 7.966914772987e-02 4.872103035450e-02 8.079459518194e-02 5.088890716434e-02 5.502329021692e-02 7.148368656635e-02 3.488067165017e-02 3.411980718374e-02 5.434941500425e-02 5.573355406523e-02 2.903283759952e-02 2.794185467064e-02 2.450679615140e-02 3.385321423411e-02 2.960567921400e-02 2.120580896735e-02 3.045151755214e-02 4.105563089252e-02 2.952424995601e-02 1.655658148229e-02 1.084180548787e-02 1.301006227732e-02 1.138168573380e-02 1.720034517348e-02 2.241002209485e-02 2.231775783002e-02
4.788443446159e-02 5.190435051918e-02 4.905362054706e-02 5.634824559093e-02 5.277060344815e-02 1.230998784304e-01 4.821394383907e-02 4.549555853009e-02 2.854907698929e-02 3.881587460637e-02 3.585200011730e-02 4.880388081074e-02 6.687032431364e-02 8.084332942963e-02 5.166209116578e-02 8.790706843138e-02 1.169553175569e-01 7.070058584213e-02 5.359399691224e-02 8.374273031950e-02 4.545508697629e-02 4.393358528614e-02 5.551905930042e-02 3.228604048491e-02 4.010036587715e-02 5.441307276487e-02 5.143624171615e-02 3.073978237808e-02 3.215402364731e-02 2.721893042326e-02 3.672943264246e-02 2.558973804116e-02 2.605011127889e-02 4.110563918948e-02 3.619918227196e-02 2.539227716625e-02 1.415941771120e-02 1.181714423001e-02 1.462441030890e-02 1.646714285016e-02 2.400531619787e-02 2.462981455028e-02 2.051226049662e-02
6.273055821657e-02 6.228729337454e-02 6.725905835629e-02 5.189085006714e-02 6.254947930574e-02 1.192235723138e-01 5.489760264754e-02 4.954619705677e-02 3.868134692311e-02 3.888155892491e-02 4.175996407866e-02 6.313678622246e-02 6.968817114830e-02 8.568141609430e-02 5.592336878181e-02 8.834461867809e-02 1.040067151189e-01 6.768757104874e-02 5.522253364325e-02 8.593234419823e-02 4.080209508538e-02 3.611323609948e-02 4.181916639209e-02 3.460047766566e-02 4.360473155975e-02 4.869501665235e-02 3.805660828948e-02 3.392703086138e-02 3.748866915703e-02 3.103813529015e-02 3.797116875648e-02 2.410468831658e-02 3.886175155640e-02 4.086335375905e-02 3.644383698702e-02 2.297742292285e-02 1.643139496446e-02 1.447453256696e-02 1.750512607396e-02 2.388511970639e-02 2.669549360871e-02 2.150083892047e-02 1.595675572753e-02
6.960701942444e-02 6.890686601400e-02 8.315046131611e-02 7.744009792805e-02 5.286455154419e-02 1.125081628561e-01 5.105682462454e-02 5.727293342352e-02 5.344976112247e-02 4.433004558086e-02 4.536306858063e-02 7.608211040497e-02 8.005213737488e-02 9.103987365961e-02 6.243081390858e-02 8.317235112190e-02 1.029732748866e-01 8.257034420967e-02 5.370751768351e-02 8.623915910721e-02 4.105753079057e-02 3.895635530353e-02 4.249911755323e-02 3.847084566951e-02 4.087590053678e-02 3.826547414064e-02 3.533732518554e-02 3.953221067786e-02 4.107285290956e-02 3.219598904252e-02 3.765473514795e-02 3.650368005037e-02 4.332026466727e-02 4.068738222122e-02 3.883716091514e-02 2.825273014605e-02 2.014677226543e-02 1.867714151740e-02 2.266331017017e-02 2.677005529404e-02 2.211536094546e-02 1.813950948417e-02 1.633082702756e-02
