100/SI/f176.grd
DSAA
101	101
32.816463539100	34.260883539100
35.556306596100	36.727886596100
3.922757241526e-05	6.434112548828e+00
[rows 57 to 75 of 101, columns 43 to 85 of 101]
2.714369073510e-02 3.230063244700e-02 1.641979441047e-02 1.818598993123e-02 1.799717918038e-02 2.897381037474e-02 3.267171233892e-02 4.402234032750e-02 3.843285515904e-02 2.095669135451e-02 1.455141045153e-02 1.223278697580e-02 9.014768525958e-03 1.600079610944e-02 6.660526990891e-02 2.237557321787e-01 4.962415993214e-01 4.674246311188e-01 6.710947155952e-01 2.281290888786e-01 6.587692350149e-02 5.032568424940e-02 9.122265875340e-02 1.672640740871e-01 2.862408757210e-01 2.594788372517e-01 2.822488844395e-01 2.291847616434e-01 2.987838685513e-01 2.755961716175e-01 2.911462485790e-01 2.169826924801e-01 2.253696769476e-01 3.164242804050e-01 1.964983195066e-01 1.234147399664e-01 1.440660208464e-01 2.021601647139e-01 2.534577548504e-01 1.833370774984e-01 7.640361785889e-02 6.707592308521e-02 6.485453248024e-02
2.168358862400e-02 3.609824180603e-02 1.326414663345e-02 1.410155184567e-02 1.397023629397e-02 2.102146670222e-02 4.103437066078e-02 1.320215761662e-01 1.050316914916e-01 2.260565198958e-02 1.344169676304e-02 9.205296635628e-03 7.071464322507e-03 6.989913992584e-03 1.386423222721e-02 1.333330571651e-01 1.563216596842e-01 1.630566418171e-01 1.322231441736e-01 1.338735222816e-01 9.789610654116e-02 7.438084483147e-02 5.739026889205e-02 3.458114713430e-02 8.945810794830e-02 1.783055961132e-01 3.110768198967e-01 3.169112503529e-01 3.457897007465e-01 1.901434957981e-01 2.507593929768e-01 2.288339585066e-01 1.961488574743e-01 1.722140610218e-01 1.750887483358e-01 1.317714303732e-01 1.293302923441e-01 1.557190269232e-01 1.531026512384e-01 1.403136700392e-01 1.456649452448e-01 1.527645438910e-01 1.429978460073e-01
1.804078370333e-02 1.740105822682e-02 1.207897905260e-02 1.283387281001e-02 1.304948236793e-02 1.913629472256e-02 5.828369036317e-02 1.504337489605e-01 1.495062559843e-01 3.357613831758e-02 1.389076840132e-02 7.873304188251e-03 5.591299384832e-03 5.080380477011e-03 5.201018415391e-03 6.513958796859e-03 8.993464522064e-03 1.224720664322e-02 1.587245613337e-02 1.962796039879e-02 2.307151816785e-02 2.710088528693e-02 1.823912188411e-02 1.832711137831e-02 4.380377754569e-02 2.038110196590e-01 3.511518239975e-01 3.984148204327e-01 3.826049268246e-01 3.862347006798e-01 2.546153664589e-01 2.206913679838e-01 1.873415410519e-01 1.703236997128e-01 2.392168641090e-01 2.061768472195e-01 1.710231155157e-01 1.070943698287e-01 1.152392774820e-01 9.684173762798e-02 8.533222973347e-02 8.065535873175e-02 7.048817723989e-02
1.664507947862e-02 1.498841587454e-02 1.169095188379e-02 1.301318407059e-02 1.479580346495e-02 1.943521015346e-02 1.331821382046e-01 1.510497033596e-01 1.858149021864e-01 2.589736692607e-02 1.218524295837e-02 7.592297624797e-03 5.063640885055e-03 4.109242465347e-03 3.922843839973e-03 4.131489433348e-03 5.065909121186e-03 6.675182376057e-03 9.629121981561e-03 1.120400521904e-02 1.286059897393e-02 2.577788755298e-02 1.324912160635e-02 1.219920534641e-02 3.736515715718e-02 8.337444067001e-02 2.977046966553e-01 3.301472961903e-01 3.515055477619e-01 3.754144310951e-01 3.124229907990e-01 2.420274615288e-01 1.681480854750e-01 2.156932801008e-01 1.501286029816e-01 1.321034878492e-01 1.095361709595e-01 9.055770933628e-02 8.514331281185e-02 8.377004414797e-02 8.882062882185e-02 1.259681731462e-01 1.754358410835e-01
1.410557050258e-02 1.099042408168e-02 1.148747093976e-02 1.380941923708e-02 2.145402692258e-02 3.511586412787e-02 1.065915226936e-01 2.364612966776e-01 9.132537245750e-02 1.446997188032e-02 8.869838900864e-03 6.469503510743e-03 4.622249398381e-03 3.469158429652e-03 3.174540819600e-03 3.177097067237e-03 3.453984390944e-03 4.628418013453e-03 6.373567041010e-03 7.288600783795e-03 7.580958772451e-03 1.575911417603e-02 9.413475170732e-03 1.023094821721e-02 2.291150391102e-02 7.811639457941e-02 2.113955616951e-01 2.871535718441e-01 2.979757785797e-01 2.270135432482e-01 1.751541942358e-01 2.504763603210e-01 1.712864190340e-01 1.208925396204e-01 1.342292428017e-01 1.694066226482e-01 1.533955931664e-01 1.086481809616e-01 1.014534458518e-01 9.887770563364e-02 9.584531933069e-02 1.062143221498e-01 1.319189816713e-01
1.023631915450e-02 8.437769487500e-03 1.055478397757e-02 2.488710917532e-02 5.655822157860e-02 1.309654116631e-01 1.917488873005e-01 1.207636520267e-01 1.282708626240e-02 8.771751075983e-03 6.296264473349e-03 5.183468107134e-03 4.046114627272e-03 3.306227503344e-03 2.911150921136e-03 3.032707376406e-03 3.169810865074e-03 3.829123685136e-03 5.526777356863e-03 6.798801943660e-03 7.220617961138e-03 7.660080213100e-03 7.694727741182e-03 1.146495807916e-02 2.785977162421e-02 7.293294370174e-02 8.952320367098e-02 8.953458815813e-02 1.725231558084e-01 1.998026072979e-01 2.342698872089e-01 1.494608670473e-01 1.935156434774e-01 1.421318352222e-01 1.588311791420e-01 1.874829530716e-01 3.748932182789e-01 2.365515977144e-01 1.392081081867e-01 1.141896918416e-01 1.174689903855e-01 1.154336705804e-01 1.114950999618e-01
6.606931798160e-03 6.912281736732e-03 8.741357363760e-03 1.104879844934e-02 2.429844066501e-02 1.506521254778e-01 9.792955219746e-02 1.305972784758e-02 7.626997306943e-03 6.720546167344e-03 5.632777698338e-03 4.759501200169e-03 3.730656811967e-03 3.181587904692e-03 2.835833467543e-03 3.128072945401e-03 3.238224657252e-03 3.161879023537e-03 4.546256735921e-03 5.800926126540e-03 6.553234066814e-03 6.516552530229e-03 8.180982433259e-03 1.327739097178e-02 4.140330851078e-02 8.212820440531e-02 4.865689948201e-02 6.376048177481e-02 5.934675037861e-02 3.068691790104e-01 4.465862810612e-01 2.413493096828e-01 1.325271874666e-01 1.816324740648e-01 7.166046649218e-02 7.546479254961e-02 2.802312076092e-01 1.348389983177e-01 1.098634451628e-01 8.419185876846e-02 8.651717752218e-02 9.647674113512e-02 1.039669513702e-01
5.554624833167e-03 6.040763575584e-03 7.081185001880e-03 8.959323167801e-03 1.013916451484e-02 1.410379260778e-02 1.559341419488e-02 1.063019875437e-02 5.525982473046e-03 5.704904906452e-03 5.001388955861e-03 4.574292339385e-03 3.743687178940e-03 3.029590705410e-03 3.097817068920e-03 3.158736042678e-03 3.379680914804e-03 3.345943987370e-03 3.829744877294e-03 4.917245823890e-03 5.851769354194e-03 6.211064290255e-03 6.553031969815e-03 1.091371290386e-02 3.062778525054e-02 1.889603771269e-02 1.825106516480e-02 2.992974035442e-02 6.776598095894e-02 1.342897117138e-01 1.405978500843e-01 1.776577234268e-01 2.832228839397e-01 1.519676446915e-01 1.447755843401e-01 1.125376597047e-01 1.151761785150e-01 9.759153425694e-02 5.190449208021e-02 6.476458162069e-02 6.326233595610e-02 6.832093000412e-02 8.591249585152e-02
4.367720801383e-03 4.923621192575e-03 5.866962019354e-03 7.195865735412e-03 7.736484054476e-03 8.606961928308e-03 9.107429534197e-03 5.695664323866e-03 4.851889796555e-03 5.045924335718e-03 4.704875871539e-03 4.080424550921e-03 3.406548872590e-03 3.055724082515e-03 3.025027457625e-03 3.466355148703e-03 3.409940749407e-03 2.931782742962e-03 3.385122632608e-03 4.296257160604e-03 5.084204953164e-03 5.948989186436e-03 8.448431268334e-03 8.843754418194e-03 8.980635553598e-03 1.252898294479e-02 1.220756769180e-02 2.996357902884e-02 4.188157618046e-02 5.636218190193e-02 1.170072928071e-01 2.051790654659e-01 1.519985795021e-01 2.774628102779e-01 1.774066984653e-01 9.974781423807e-02 8.282977342606e-02 7.528787106276e-02 9.058575332165e-02 8.521358668804e-02 1.061901897192e-01 1.045087650418e-01 1.215317994356e-01
4.032484255731e-03 3.984130918980e-03 4.484979901463e-03 5.096382461488e-03 5.493659991771e-03 5.408484488726e-03 5.165048874915e-03 4.983814898878e-03 5.392057355493e-03 5.329704377800e-03 4.964524414390e-03 4.324911162257e-03 3.537066746503e-03 3.132407320663e-03 2.831370802596e-03 2.776766661555e-03 3.132707905024e-03 3.177130594850e-03 3.207070054486e-03 3.869746811688e-03 4.480648785830e-03 5.300336051732e-03 8.120153099298e-03 9.142642840743e-03 9.859691374004e-03 2.042223699391e-02 2.808450534940e-02 3.608805313706e-02 5.064358934760e-02 5.474031716585e-02 1.197285577655e-01 2.272804677486e-01 1.074174419045e-01 1.144977286458e-01 2.023812085390e-01 1.710777133703e-01 1.187954545021e-01 1.009109839797e-01 1.264317929745e-01 6.506656110287e-02 8.627772331238e-02 1.047972887754e-01 1.251489073038e-01
3.313165623695e-03 3.750519827008e-03 3.938945010304e-03 3.985935356468e-03 4.463879391551e-03 4.808051511645e-03 5.179508589208e-03 4.597703460604e-03 4.427134059370e-03 4.567455500364e-03 4.906374495476e-03 4.882538225502e-03 4.201526287943e-03 3.561147022992e-03 3.375828731805e-03 3.045932622626e-03 2.623796928674e-03 2.916466211900e-03 3.301235614344e-03 3.648432670161e-03 4.005066584796e-03 4.598828963935e-03 6.909971591085e-03 6.740024778992e-03 7.464287336916e-03 1.848079636693e-02 3.950998559594e-02 5.331659317017e-02 7.499480247498e-02 3.939641639590e-02 1.161654442549e-01 5.811875313520e-02 6.238686665893e-02 7.187284529209e-02 1.147089898586e-01 1.258634179831e-01 1.630704849958e-01 1.484924703836e-01 1.104220971465e-01 9.443587064743e-02 7.231350243092e-02 7.785589247942e-02 6.278138607740e-02
3.240248886868e-03 3.583321347833e-03 3.565871855244e-03 3.633715212345e-03 3.882994875312e-03 4.320417996496e-03 4.675912670791e-03 4.176845308393e-03 3.265430219471e-03 3.489598864689e-03 3.788477741182e-03 4.459233954549e-03 4.629308357835e-03 3.845909144729e-03 3.626541001722e-03 4.385711625218e-03 3.888084087521e-03 3.164685098454e-03 3.444829955697e-03 3.585773520172e-03 4.378572106361e-03 4.859897773713e-03 5.421427078545e-03 6.661343388259e-03 7.731107063591e-03 1.347352564335e-02 2.841952256858e-02 3.386768326163e-02 4.650704562664e-02 2.633381634951e-02 5.598093569279e-02 4.283000528812e-02 7.120016217232e-02 4.344649985433e-02 8.574616163969e-02 6.419489532709e-02 1.018536984921e-01 1.248902827501e-01 1.113766953349e-01 1.502029895782e-01 1.365793049335e-01 1.092308014631e-01 9.598019719124e-02
3.120522946119e-03 3.374182619154e-03 3.245141590014e-03 3.307922277600e-03 3.322475124151e-03 3.237782279029e-03 3.586216364056e-03 3.390310565010e-03 4.037790000439e-03 4.372280556709e-03 3.969660960138e-03 4.021862056106e-03 4.423188511282e-03 4.603357519954e-03 4.211439751089e-03 5.438477266580e-03 4.841302987188e-03 3.697342239320e-03 3.719825996086e-03 3.703168127686e-03 4.255274776369e-03 4.615189973265e-03 5.166485905647e-03 6.871835794300e-03 8.076749742031e-03 1.207272242755e-02 1.813491620123e-02 2.096589095891e-02 2.245484665036e-02 2.837847173214e-02 4.747966304421e-02 7.281035929918e-02 4.909252747893e-02 1.166448593140e-01 4.091405868530e-02 5.332612246275e-02 1.090158894658e-01 1.525437831879e-01 7.474442571402e-02 8.451172709465e-02 5.377167090774e-02 1.013881936669e-01 8.940301835537e-02
2.783210715279e-03 3.008150262758e-03 2.892756601796e-03 2.846987452358e-03 2.642843406647e-03 2.671283204108e-03 2.819114597514e-03 3.714025253430e-03 4.616289865226e-03 4.744303412735e-03 4.146621096879e-03 4.589431919158e-03 5.108482670039e-03 4.963223356754e-03 4.924522247165e-03 5.091913044453e-03 5.480549763888e-03 6.415987852961e-03 5.750763695687e-03 5.163361784071e-03 5.312752444297e-03 5.721377674490e-03 6.836577318609e-03 6.981545127928e-03 8.473924361169e-03 1.041873823851e-02 1.701626181602e-02 1.708183251321e-02 3.059282153845e-02 6.188865378499e-02 7.692720741034e-02 3.930656984448e-02 3.944870829582e-02 1.187327578664e-01 6.292123347521e-02 7.741657644510e-02 6.864117085934e-02 8.903640508652e-02 6.503561139107e-02 2.489199303091e-02 2.369618415833e-02 3.199703618884e-02 6.341707706451e-02
2.565032802522e-03 2.568174852058e-03 2.547657350078e-03 2.513182116672e-03 2.582269487903e-03 2.733509056270e-03 2.904161112383e-03 3.465212415904e-03 3.886290593073e-03 3.699426306412e-03 4.353671800345e-03 4.684651270509e-03 4.547332413495e-03 4.779790993780e-03 6.536790169775e-03 9.099290706217e-03 1.032327208668e-02 1.308680325747e-02 1.305973809212e-02 1.406466308981e-02 1.003363635391e-02 9.587150067091e-03 1.111776102334e-02 9.309479966760e-03 1.061881612986e-02 1.467747520655e-02 4.412103071809e-02 4.117888212204e-02 3.964038938284e-02 5.343861505389e-02 3.008396364748e-02 3.171363100410e-02 4.249721020460e-02 2.433267608285e-02 1.318468153477e-01 1.835668981075e-01 1.639204025269e-01 3.796045109630e-02 1.795909367502e-02 1.483702380210e-02 1.450245454907e-02 1.714980416000e-02 1.811355538666e-02
2.384347841144e-03 2.473644446582e-03 2.377193886787e-03 2.559793414548e-03 2.743394114077e-03 3.138937521726e-03 3.139544744045e-03 3.636738751084e-03 3.982703667134e-03 4.631554707885e-03 4.794832784683e-03 5.692100618035e-03 5.964423064142e-03 5.513228010386e-03 1.337215770036e-02 4.799168184400e-02 3.792735189199e-02 2.255912497640e-02 2.535941824317e-02 3.158624097705e-02 2.334575541317e-02 1.230365131050e-02 1.431829482317e-02 1.794405095279e-02 1.741559617221e-02 3.246514499187e-02 4.567523673177e-02 4.054336249828e-02 3.298491612077e-02 2.982437424362e-02 3.383785113692e-02 3.155608847737e-02 2.384758926928e-02 1.988008059561e-02 3.375387936831e-02 1.551017910242e-01 1.616310477257e-01 3.333964198828e-02 1.185795478523e-02 1.208051014692e-02 1.086614653468e-02 1.044119149446e-02 1.717502251267e-02
2.391080604866e-03 2.576349303126e-03 3.260904457420e-03 3.644651267678e-03 3.347318153828e-03 5.548135377467e-03 6.522860378027e-03 6.628951989114e-03 5.602694116533e-03 5.480450112373e-03 6.007898133248e-03 7.550020236522e-03 7.522922474891e-03 2.779117971659e-02 1.963249891996e-01 2.471670508385e-01 1.152949482203e-01 6.577756255865e-02 5.257202684879e-02 4.115532711148e-02 1.966365985572e-02 1.951771229506e-02 4.263690859079e-02 9.096097946167e-02 7.458612322807e-02 3.976744413376e-02 4.641808196902e-02 3.773902356625e-02 4.001966863871e-02 2.768188714981e-02 6.851498037577e-02 2.741528861225e-02 2.108042128384e-02 1.490094885230e-02 9.885257110000e-03 3.195787593722e-02 3.527932614088e-02 8.633811026812e-03 5.797401536256e-03 6.822692230344e-03 8.436134085059e-03 9.430952370167e-03 8.818497881293e-03
2.932711271569e-03 4.613633267581e-03 6.289709359407e-03 6.834579166025e-03 8.817410096526e-03 1.172184478492e-02 1.151617057621e-02 1.015828084201e-02 8.734164759517e-03 6.735820788890e-03 8.111388422549e-03 8.965613320470e-03 4.996289312840e-02 2.754839062691e-01 3.766886889935e-01 1.313074380159e-01 4.141261428595e-02 2.532301470637e-02 2.577541954815e-02 2.251802198589e-02 2.163228020072e-02 4.927020519972e-02 9.709377586842e-02 1.291183978319e-01 1.038725301623e-01 5.344009399414e-02 3.681540861726e-02 2.709113806486e-02 2.449931763113e-02 2.183846943080e-02 2.945828624070e-02 1.353674754500e-02 1.530488114804e-02 1.240853406489e-02 7.795889861882e-03 4.622290842235e-03 3.812922863290e-03 3.709789132699e-03 3.898789174855e-03 4.856018815190e-03 6.520555820316e-03 8.246323093772e-03 8.436124771833e-03
4.858548752964e-03 7.265497930348e-03 9.651981294155e-03 1.293501257896e-02 2.503804117441e-02 2.480096556246e-02 3.469650447369e-02 2.497618459165e-02 2.839349769056e-02 1.686631329358e-02 9.467896074057e-03 6.517494469881e-02 2.625412642956e-01 2.612917423248e-01 6.834419816732e-02 2.057951502502e-02 3.819129616022e-02 5.045590177178e-02 3.562981635332e-02 4.144994169474e-02 5.012233555317e-02 5.040340870619e-02 7.343237102032e-02 5.996870622039e-02 4.061994329095e-02 3.163511678576e-02 1.971769891679e-02 7.666322402656e-03 7.855484262109e-03 7.779821287841e-03 9.964310564101e-03 7.289216853678e-03 6.422262173146e-03 4.437447059900e-03 4.537699278444e-03 4.622202832252e-03 4.771962761879e-03 5.010135006160e-03 5.329584702849e-03 5.740295629948e-03 5.803988780826e-03 6.922522094101e-03 8.774818852544e-03
