100/SI/f176.grd
DSAA
101	101
32.816463539100	34.260883539100
35.556306596100	36.727886596100
3.922757241526e-05	6.434112548828e+00
[rows 38 to 56 of 101, columns 43 to 85 of 101]
3.935684859753e-01 6.112632751465e-01 6.536956429482e-01 3.870874643326e-01 6.496980190277e-01 3.192063570023e-01 3.274787664413e-01 4.400242567062e-01 3.770747482777e-01 3.022512793541e-01 4.456988573074e-01 2.314282357693e-01 2.543745338917e-01 2.151438891888e-01 3.343094885349e-01 2.432150542736e-01 2.635348737240e-01 1.495691388845e-01 2.042014300823e-01 3.099688887596e-01 3.159300386906e-01 2.421684563160e-01 1.670223474503e-01 1.322031915188e-01 1.137444972992e-01 1.027349159122e-01 9.537039697170e-02 9.760811179876e-02 8.677733689547e-02 6.514383107424e-02 6.469933688641e-02 7.659654319286e-02 8.754730224609e-02 9.003465622663e-02 9.131121635437e-02 9.150616079569e-02 9.011930972338e-02 8.324099332094e-02 7.393521070480e-02 6.591767072678e-02 5.941969528794e-02 5.959196016192e-02 5.045488476753e-02
3.919798433781e-01 8.111554980278e-01 5.236598253250e-01 7.309042811394e-01 5.258674025536e-01 7.433554530144e-01 6.249111890793e-01 3.865000605583e-01 3.921853005886e-01 3.147859871387e-01 5.059211254120e-01 3.272877633572e-01 2.122187763453e-01 2.439560294151e-01 4.440378844738e-01 2.646414041519e-01 3.029664456844e-01 4.734817445278e-01 4.244924485683e-01 2.876831293106e-01 1.942511051893e-01 1.320134550333e-01 1.204298064113e-01 1.087591201067e-01 1.094950065017e-01 1.046378761530e-01 9.171321243048e-02 7.999556511641e-02 7.217878848314e-02 7.209726423025e-02 7.916452735662e-02 7.437263429165e-02 6.105286628008e-02 5.168046429753e-02 4.994812607765e-02 4.309336841106e-02 4.608636721969e-02 5.063971504569e-02 5.572887137532e-02 6.169831752777e-02 6.682468950748e-02 8.772615343332e-02 9.048081189394e-02
5.766445994377e-01 4.037773311138e-01 7.140247821808e-01 5.651810169220e-01 6.011956930161e-01 7.836140394211e-01 4.770394265652e-01 4.333114624023e-01 3.099939525127e-01 3.217773139477e-01 5.413364768028e-01 2.931270003319e-01 3.007506430149e-01 2.953315377235e-01 3.601776361465e-01 5.818350911140e-01 3.970126807690e-01 2.056629210711e-01 1.920903623104e-01 1.274677813053e-01 9.672686457634e-02 1.395844072104e-01 1.832566261292e-01 1.649724096060e-01 1.188141852617e-01 1.035525426269e-01 1.012295484543e-01 9.332744777203e-02 8.061055839062e-02 7.494841516018e-02 7.050381600857e-02 7.145111262798e-02 6.836526095867e-02 6.356827914715e-02 6.200185045600e-02 6.517216563225e-02 6.430479139090e-02 5.838396027684e-02 7.747048139572e-02 1.056051179767e-01 8.677788078785e-02 6.491407752037e-02 5.616081506014e-02
6.394435167313e-01 5.865267515182e-01 9.310469627380e-01 7.777051329613e-01 7.350825667381e-01 8.104157447815e-01 7.632216215134e-01 4.207036495209e-01 4.744373261929e-01 4.506771564484e-01 5.324918627739e-01 4.165616631508e-01 3.868287503719e-01 6.593116521835e-01 4.250662624836e-01 3.147035837173e-01 2.673467099667e-01 2.165007293224e-01 1.593325883150e-01 2.574971616268e-01 2.774054110050e-01 1.457389146090e-01 2.296450287104e-01 1.746225357056e-01 1.571600735188e-01 1.385879367590e-01 1.223864406347e-01 1.094346567988e-01 9.856776893139e-02 9.485132247210e-02 1.775037944317e-01 7.543133199215e-02 7.169141620398e-02 6.786677241325e-02 8.593023568392e-02 1.072616651654e-01 9.813027828932e-02 1.122608408332e-01 9.550713747740e-02 1.047263890505e-01 1.056666970253e-01 1.033467575908e-01 9.489295631647e-02
6.095378994942e-01 8.449059724808e-01 7.295956015587e-01 7.246215939522e-01 6.729377508163e-01 8.503239154816e-01 1.343484401703e+00 5.799618959427e-01 6.763129830360e-01 6.752356290817e-01 6.147462129593e-01 6.162167787552e-01 7.032423615456e-01 4.009745121002e-01 4.346255064011e-01 2.451020628214e-01 3.310730755329e-01 4.428026974201e-01 3.483813405037e-01 3.334155976772e-01 3.467755913734e-01 2.338191717863e-01 1.448346525431e-01 1.405487954617e-01 1.303205043077e-01 1.220344975591e-01 1.488891839981e-01 2.574159204960e-01 3.089350759983e-01 2.739810347557e-01 1.352116465569e-01 9.775464236736e-02 9.278894960880e-02 1.006211191416e-01 1.263863146305e-01 1.295845955610e-01 1.173748746514e-01 1.050606369972e-01 7.820495963097e-02 9.729606658220e-02 1.162495985627e-01 1.160433590412e-01 1.116178855300e-01
7.229969501495e-01 1.049446463585e+00 1.735147953033e+00 1.063092470169e+00 1.711679697037e+00 8.803855180740e-01 2.104180574417e+00 6.037787199020e-01 1.168754935265e+00 8.433154225349e-01 7.371800541878e-01 7.209804654121e-01 4.081578850746e-01 4.983896017075e-01 5.625771284103e-01 5.497891306877e-01 3.403639197350e-01 2.024400830269e-01 4.347342848778e-01 3.760000765324e-01 2.059762477875e-01 1.881138086319e-01 1.777899116278e-01 3.236998915672e-01 3.980075418949e-01 3.516739904881e-01 2.313694953918e-01 1.666641235352e-01 1.811402887106e-01 1.145791187882e-01 9.173341095448e-02 1.375927776098e-01 1.710398644209e-01 1.534655988216e-01 1.354388445616e-01 1.827934384346e-01 2.165156602859e-01 1.936067193747e-01 1.388224959373e-01 1.013327389956e-01 1.266279667616e-01 1.390770822763e-01 1.466991752386e-01
8.913426995277e-01 1.123762011528e+00 1.323342204094e+00 1.759927511215e+00 1.469621896744e+00 1.490635037422e+00 2.467460393906e+00 9.778914451599e-01 1.138777494431e+00 8.961931467056e-01 9.041744470596e-01 5.228040814400e-01 5.643426179886e-01 7.049219608307e-01 5.503718256950e-01 3.933436274529e-01 5.681523084641e-01 5.275226831436e-01 4.173337221146e-01 5.280747413635e-01 5.345782637596e-01 4.635379016399e-01 3.316291272640e-01 1.813112348318e-01 1.991549283266e-01 1.796986758709e-01 1.426747292280e-01 1.472351551056e-01 1.587256044149e-01 1.705679893494e-01 1.660744249821e-01 1.416967660189e-01 1.361490786076e-01 1.143133491278e-01 2.084314525127e-01 2.546691000462e-01 2.387605607510e-01 1.758692562580e-01 1.065506264567e-01 6.508051604033e-02 9.086219966412e-02 1.043063774705e-01 9.600680321455e-02
8.456215858459e-01 1.240696430206e+00 1.472179889679e+00 1.404506444931e+00 2.091311693192e+00 1.561863541603e+00 2.512705802917e+00 1.384139776230e+00 1.184877753258e+00 1.314100742340e+00 1.006102681160e+00 6.616472005844e-01 6.574602723122e-01 7.014821767807e-01 4.056881070137e-01 6.009384989738e-01 7.753062844276e-01 5.344607830048e-01 3.174908757210e-01 3.142583072186e-01 2.772989869118e-01 2.149716168642e-01 2.071705460548e-01 2.291792929173e-01 2.292447239161e-01 2.024774104357e-01 1.750860661268e-01 1.706523448229e-01 1.422715485096e-01 1.569285243750e-01 1.500757038593e-01 1.369229853153e-01 9.496624022722e-02 1.739846915007e-01 2.075402438641e-01 1.967624425888e-01 1.374377161264e-01 7.397425919771e-02 1.018037721515e-01 9.574703872204e-02 7.161645591259e-02 6.831269711256e-02 7.384291291237e-02
1.252955198288e+00 1.751668572426e+00 1.788269758224e+00 1.950240731239e+00 2.119792461395e+00 2.668572664261e+00 2.515991926193e+00 4.896337985992e+00 1.803050637245e+00 1.141720652580e+00 1.061447978020e+00 9.456325769424e-01 8.029358983040e-01 1.224435329437e+00 1.071054935455e+00 6.251876950264e-01 5.780110359192e-01 6.000613570213e-01 4.393253922462e-01 3.887053430080e-01 3.850852847099e-01 3.662783801556e-01 3.920881152153e-01 2.923252880573e-01 3.763164281845e-01 3.329584002495e-01 2.092120051384e-01 1.904697567225e-01 1.929660439491e-01 1.801600754261e-01 1.538222879171e-01 1.486559212208e-01 1.549859344959e-01 1.783777177334e-01 1.658467501402e-01 1.272773444653e-01 9.712061285973e-02 8.796895295382e-02 8.574637025595e-02 8.482126146555e-02 8.292811363935e-02 7.989403605461e-02 7.687975466251e-02
7.934595346451e-01 2.319537639618e+00 1.601351499557e+00 1.995507359505e+00 3.158634424210e+00 2.522803783417e+00 2.992752790451e+00 3.577187776566e+00 1.759124159813e+00 1.664706945419e+00 2.115135431290e+00 1.347455382347e+00 1.671955227852e+00 1.297003149986e+00 1.085641026497e+00 9.469310641289e-01 8.049656152725e-01 6.965969204903e-01 6.148225665092e-01 8.634561300278e-01 1.009448766708e+00 4.209516644478e-01 2.735691964626e-01 2.774426341057e-01 3.898073732853e-01 2.456692904234e-01 2.123660743237e-01 2.018664479256e-01 1.863697022200e-01 1.773287951946e-01 1.702898740768e-01 1.761400252581e-01 1.863974332809e-01 1.593698114157e-01 1.219863519073e-01 1.138802692294e-01 1.078560501337e-01 8.854635804892e-02 8.759839832783e-02 8.761970698833e-02 8.085341751575e-02 8.284450322390e-02 8.701728284359e-02
2.139785051346e+00 2.504903078079e+00 2.861518621445e+00 3.017833232880e+00 3.502614498138e+00 4.842756271362e+00 6.434112548828e+00 2.976921796799e+00 2.400302171707e+00 1.676127433777e+00 2.384351491928e+00 2.372391939163e+00 8.964536190033e-01 1.431286573410e+00 1.570171833038e+00 7.787128686905e-01 7.206292748451e-01 7.635223269463e-01 8.420522809029e-01 9.917832016945e-01 7.648135423660e-01 3.257444798946e-01 3.684695065022e-01 3.029403984547e-01 2.823370397091e-01 2.421547174454e-01 2.354395687580e-01 2.336425036192e-01 1.941572278738e-01 1.348248720169e-01 1.207262352109e-01 1.322813779116e-01 1.404097229242e-01 1.442413479090e-01 1.414577066898e-01 1.354427933693e-01 1.207345724106e-01 1.238273605704e-01 1.380393207073e-01 1.413692235947e-01 1.265879869461e-01 1.098672971129e-01 9.587997943163e-02
1.426952481270e+00 2.544317007065e+00 2.625156164169e+00 3.327780485153e+00 3.304566144943e+00 3.268362045288e+00 3.202935218811e+00 2.656653642654e+00 1.859997272491e+00 2.112988471985e+00 2.031754016876e+00 2.137183904648e+00 2.586869716644e+00 1.134873628616e+00 9.606660008430e-01 5.968465209007e-01 5.432783961296e-01 3.841415345669e-01 3.537874221802e-01 3.016970455647e-01 2.591542303562e-01 2.935712337494e-01 3.618456423283e-01 4.163565039635e-01 4.261318147182e-01 3.739647567272e-01 2.987290024757e-01 2.068962901831e-01 1.438123136759e-01 1.185741573572e-01 9.644215553999e-02 1.087803989649e-01 1.414475888014e-01 9.473007172346e-02 1.071630343795e-01 1.170969679952e-01 9.358593821526e-02 1.144127473235e-01 1.352269500494e-01 1.432853043079e-01 1.626145541668e-01 2.042843252420e-01 2.319321334362e-01
5.618383884430e-01 7.673049569130e-01 1.208580851555e+00 5.724251747131e+00 3.147965669632e+00 3.002913713455e+00 1.675688028336e+00 1.722794651985e+00 1.594565868378e+00 2.537916421890e+00 2.363630771637e+00 3.348224878311e+00 4.853782653809e+00 3.563659906387e+00 2.321990489960e+00 1.069151878357e+00 5.030086636543e-01 3.585053384304e-01 3.257484436035e-01 4.381458163261e-01 5.702413916588e-01 5.280492305756e-01 3.897305428982e-01 2.504731118679e-01 2.754933536053e-01 2.606187760830e-01 3.723700344563e-01 5.549999475479e-01 2.574453651905e-01 1.355704516172e-01 1.254940629005e-01 2.060940116644e-01 1.349782049656e-01 8.443222194910e-02 7.414904981852e-02 7.697326689959e-02 7.734785974026e-02 7.961376756430e-02 8.104908466339e-02 8.100019395351e-02 8.113410323858e-02 8.979160338640e-02 7.836661487818e-02
1.019435748458e-01 2.536816000938e-01 6.112666726112e-01 8.149440884590e-01 8.312348723412e-01 8.128410577774e-01 6.336297392845e-01 8.650149703026e-01 8.627492189407e-01 1.377611160278e+00 2.790650606155e+00 3.153866291046e+00 4.335556507111e+00 2.515878677368e+00 1.796890377998e+00 1.016922831535e+00 4.642297625542e-01 2.433895468712e-01 2.575434148312e-01 5.668694972992e-01 1.805229902267e+00 7.540379762650e-01 6.447966694832e-01 4.812556803226e-01 4.905162155628e-01 4.212315976620e-01 4.533050656319e-01 3.176494836807e-01 1.575035303831e-01 2.076660543680e-01 1.750905066729e-01 1.767801344395e-01 1.074964031577e-01 9.750316292048e-02 6.802520155907e-02 6.217563524842e-02 6.451368331909e-02 6.444776803255e-02 6.960642337799e-02 6.438679248095e-02 8.380901068449e-02 9.844690561295e-02 9.521707147360e-02
7.105033844709e-02 1.322057098150e-01 3.843328952789e-01 2.241075783968e-01 1.980450153351e-01 1.615611165762e-01 2.452210038900e-01 4.046113491058e-01 4.226863980293e-01 4.494851529598e-01 1.273170351982e+00 6.260704040527e+00 4.972665309906e+00 2.243284225464e+00 1.030967354774e+00 2.971197068691e-01 1.780788451433e-01 1.171268150210e-01 1.454879045486e-01 3.726189434528e-01 8.543860316277e-01 1.488629579544e+00 7.455646395683e-01 5.673652887344e-01 4.476996958256e-01 3.360649645329e-01 3.560556471348e-01 3.327217102051e-01 2.920063734055e-01 2.632839977741e-01 3.208646178246e-01 1.374126374722e-01 1.273396462202e-01 1.028898134828e-01 1.051639616489e-01 9.802745282650e-02 8.212956041098e-02 7.009176164865e-02 8.019339293242e-02 9.256780147552e-02 1.084404215217e-01 1.067634895444e-01 9.105649590492e-02
4.776994511485e-02 1.965908706188e-01 4.614376425743e-01 3.428031802177e-01 8.418443799019e-02 9.866078197956e-02 9.434055536985e-02 1.910910457373e-01 2.086036801338e-01 3.463881015778e-01 6.592922210693e-01 1.714093804359e+00 3.667988538742e+00 2.514030218124e+00 3.401182174683e+00 8.205068111420e-01 1.009723544121e-01 6.359062343836e-02 1.002871021628e-01 3.325665593147e-01 1.015857458115e+00 1.590436577797e+00 1.213248729706e+00 8.259485363960e-01 5.740541219711e-01 3.613944053650e-01 4.102301895618e-01 3.036998212337e-01 2.936080992222e-01 2.921936511993e-01 2.427238225937e-01 1.935612708330e-01 1.363121271133e-01 1.452882140875e-01 1.305056661367e-01 1.038586720824e-01 9.228567034006e-02 8.560277521610e-02 7.941514998674e-02 9.273766726255e-02 1.017488390207e-01 9.895939379930e-02 8.768981695175e-02
4.074743390083e-02 1.003226488829e-01 6.823809742928e-01 8.200805783272e-01 4.284216463566e-01 6.652211397886e-02 5.061072111130e-02 9.519167989492e-02 9.516523033381e-02 7.725004851818e-02 6.550563871861e-02 2.756976187229e-01 1.241750121117e+00 7.192046046257e-01 4.146399021149e+00 5.014659762383e-01 2.828230261803e-01 1.069141030312e-01 8.901570737362e-02 2.883146107197e-01 5.656003952026e-01 5.009140968323e+00 1.550567030907e+00 6.754446029663e-01 6.840061545372e-01 3.611572682858e-01 3.875138759613e-01 3.291171789169e-01 4.728529453278e-01 3.629844784737e-01 2.081601917744e-01 2.067502588034e-01 1.928112655878e-01 1.836222559214e-01 1.803017556667e-01 1.437477022409e-01 1.419692486525e-01 1.570658534765e-01 1.014704480767e-01 7.782214879990e-02 7.675614953041e-02 7.583846896887e-02 8.771206438541e-02
2.609930746257e-02 4.498560354114e-02 5.638092756271e-02 3.189038038254e-01 1.963677555323e-01 4.739223420620e-02 4.037249833345e-02 4.737471044064e-02 4.443098604679e-02 4.268153384328e-02 3.092539310455e-02 3.457245230675e-02 1.059067025781e-01 6.605924963951e-01 1.881641983986e+00 4.600878357887e-01 3.840351700783e-01 1.805864721537e-01 1.053227558732e-01 2.067046463490e-01 2.407916784286e-01 3.298911154270e-01 3.010250031948e-01 2.278687357903e-01 3.355986773968e-01 5.584349036217e-01 4.891155064106e-01 4.880492687225e-01 3.143712878227e-01 4.109609425068e-01 4.288026690483e-01 3.737617135048e-01 2.283384501934e-01 1.893251538277e-01 1.814362108707e-01 1.583941727877e-01 1.353663355112e-01 1.375534385443e-01 1.334253847599e-01 8.831299096346e-02 7.270783185959e-02 7.492008805275e-02 8.086156845093e-02
2.868953719735e-02 4.578644782305e-02 3.012745827436e-02 3.391443565488e-02 3.446812182665e-02 4.055044800043e-02 3.737076371908e-02 3.509397804737e-02 3.243180736899e-02 2.462094835937e-02 1.726456172764e-02 1.462399866432e-02 2.438547462225e-02 6.849418878555e-01 1.063876867294e+00 1.103908061981e+00 3.134896159172e-01 3.353992998600e-01 2.944819331169e-01 1.213935464621e-01 1.312519013882e-01 2.464803755283e-01 6.731294989586e-01 6.364060044289e-01 8.298050761223e-01 8.351446390152e-01 7.828825116158e-01 7.397091984749e-01 7.011115550995e-01 6.688461899757e-01 7.119826674461e-01 8.722789883614e-01 7.456390857697e-01 3.051826655865e-01 1.243632659316e-01 1.461988389492e-01 1.600631624460e-01 1.105552613735e-01 1.094628572464e-01 7.739682495594e-02 7.624562829733e-02 5.632634460926e-02 6.339743733406e-02
