100/SI/f179.grd
DSAA
101	101
32.816463539100	34.260883539100
35.556306596100	36.727886596100
5.694868377759e-05	9.302210807800e+00
[rows 57 to 75 of 101, columns 0 to 42 of 101]
3.148563206196e-03 5.171823780984e-03 5.608028732240e-03 5.613783374429e-03 5.958177149296e-03 7.285307161510e-03 8.156645111740e-03 8.942475542426e-03 9.676475077868e-03 9.888883680105e-03 9.514343924820e-03 1.331078074872e-02 2.279881387949e-02 1.246058102697e-02 9.085501544178e-03 1.369519159198e-02 1.226898003370e-02 1.366594620049e-02 1.651614531875e-02 1.728577911854e-02 1.777766831219e-02 1.325720455498e-02 9.247800335288e-03 8.130451664329e-03 8.816972374916e-03 1.221237704158e-02 1.951994374394e-02 2.421605028212e-02 1.893400400877e-02 1.105036772788e-02 8.629032410681e-03 6.809443701059e-03 7.133758626878e-03 8.537710644305e-03 1.013926137239e-02 1.301737409085e-02 1.499765738845e-02 1.617345586419e-02 2.671294845641e-02 3.498484194279e-02 2.997292950749e-02 2.654623985291e-02 2.998197264969e-02
3.976324107498e-03 6.508531980217e-03 7.435633800924e-03 7.546235341579e-03 7.462843321264e-03 7.257761433721e-03 7.251178845763e-03 7.592508569360e-03 7.907694205642e-03 1.287794392556e-02 4.177226126194e-02 4.836119338870e-02 1.806609332561e-02 9.330309927464e-03 9.369657374918e-03 8.785656653345e-03 9.484403766692e-03 9.448649361730e-03 1.072750333697e-02 1.360864005983e-02 1.648967526853e-02 1.762297749519e-02 1.231627166271e-02 7.766074500978e-03 8.941491134465e-03 1.364346686751e-02 2.060891687870e-02 2.208109386265e-02 2.240549959242e-02 1.424020063132e-02 8.564118295908e-03 7.774749770761e-03 7.462788373232e-03 8.897081017494e-03 1.050431374460e-02 1.086993422359e-02 1.116939354688e-02 1.169935241342e-02 1.181535236537e-02 1.275008823723e-02 1.532109640539e-02 2.094106562436e-02 2.410103194416e-02
5.323099903762e-03 8.751747198403e-03 1.012625917792e-02 1.442137081176e-02 1.852991059422e-02 2.352812699974e-02 3.096935525537e-02 4.518020153046e-02 8.290532231331e-02 1.170478165150e-01 7.783395051956e-02 1.980897411704e-02 1.337248366326e-02 1.169893518090e-02 8.506886661053e-03 8.952117525041e-03 9.463379159570e-03 9.313356131315e-03 8.861257694662e-03 9.434187784791e-03 1.592024788260e-02 1.805016957223e-02 1.279490254819e-02 7.344810292125e-03 5.779233295470e-03 8.914243429899e-03 1.264255400747e-02 1.296577882022e-02 1.365568209440e-02 1.109703816473e-02 7.729389239103e-03 8.124969899654e-03 7.687890902162e-03 8.626342751086e-03 1.040966622531e-02 1.078384835273e-02 1.026874687523e-02 9.406567551196e-03 8.743938058615e-03 9.784772060812e-03 1.245295349509e-02 1.598120667040e-02 2.104409039021e-02
5.203099455684e-03 9.342520497739e-03 1.632325351238e-02 2.335046790540e-02 2.957789041102e-02 3.918718174100e-02 5.704301223159e-02 8.520983159542e-02 8.563543856144e-02 3.960587829351e-02 9.549797512591e-03 1.113625895232e-02 1.211255416274e-02 1.076289918274e-02 9.666397236288e-03 1.014726515859e-02 1.016842108220e-02 9.756735526025e-03 7.576434407383e-03 7.374821696430e-03 1.146542839706e-02 1.279841735959e-02 9.493411518633e-03 5.930630024523e-03 4.549039993435e-03 4.910754971206e-03 6.585461553186e-03 8.143765851855e-03 9.630651213229e-03 8.315755985677e-03 7.606176659465e-03 7.103106006980e-03 7.578928489238e-03 8.392395451665e-03 1.007017586380e-02 1.031748484820e-02 9.328860789537e-03 7.977482862771e-03 7.366433274001e-03 8.187813684344e-03 1.206301990896e-02 1.519503910094e-02 1.924421079457e-02
3.151497337967e-03 5.493675358593e-03 6.716190837324e-03 7.069073151797e-03 7.080839481205e-03 7.048070430756e-03 6.984028965235e-03 6.831404287368e-03 6.697274278849e-03 6.546242162585e-03 6.138706579804e-03 6.474428810179e-03 7.099672220647e-03 9.084165096283e-03 1.021603029221e-02 1.066988427192e-02 1.026938576251e-02 9.111186489463e-03 6.728717591614e-03 5.348280072212e-03 6.412226706743e-03 6.659131497145e-03 5.250936374068e-03 3.887853119522e-03 3.420045133680e-03 3.768964204937e-03 4.837213549763e-03 5.815852899104e-03 6.916278041899e-03 7.445489056408e-03 7.045347709209e-03 6.293740589172e-03 7.288488093764e-03 8.821805007756e-03 1.052778027952e-02 1.018089242280e-02 8.446350693703e-03 6.697658449411e-03 7.466505281627e-03 8.360531181097e-03 1.246457826346e-02 1.547546498477e-02 1.814372837543e-02
1.479306025431e-03 2.757559297606e-03 3.576716640964e-03 3.950521349907e-03 4.095565527678e-03 4.213992040604e-03 4.327003844082e-03 4.409703891724e-03 4.539376590401e-03 4.669115412980e-03 4.573906771839e-03 4.298874642700e-03 4.393301438540e-03 5.833099130541e-03 6.862160749733e-03 7.224068976939e-03 6.573769263923e-03 5.849950015545e-03 4.941064398736e-03 4.181909374893e-03 3.411633893847e-03 3.187388880178e-03 2.629440743476e-03 2.928871661425e-03 3.455501049757e-03 3.633243497461e-03 4.012039862573e-03 4.833593498915e-03 5.855054594576e-03 6.404649000615e-03 6.308573298156e-03 5.955174565315e-03 7.282389327884e-03 9.777778759599e-03 1.135943178087e-02 1.024728082120e-02 7.674821186811e-03 6.582316942513e-03 7.654012180865e-03 9.008355438709e-03 1.209706161171e-02 1.355157513171e-02 1.564376801252e-02
1.018553040922e-03 1.715746708214e-03 2.131002489477e-03 2.424106467515e-03 2.608113223687e-03 2.768490696326e-03 2.922354266047e-03 3.050855593756e-03 3.204455133528e-03 3.361641895026e-03 3.382232505828e-03 3.273567650467e-03 3.149158554152e-03 3.037712303922e-03 3.067756537348e-03 3.480308922008e-03 3.670836566016e-03 3.621246665716e-03 3.322669537738e-03 3.170773852617e-03 2.716806717217e-03 2.549178898335e-03 2.253859071061e-03 2.983992686495e-03 3.679399378598e-03 4.030213691294e-03 4.005966708064e-03 3.968080040067e-03 4.836665000767e-03 5.378007423133e-03 5.506042391062e-03 5.471311043948e-03 7.396826986223e-03 1.035009697080e-02 1.141655631363e-02 9.520348161459e-03 6.718926131725e-03 6.620007101446e-03 8.004221133888e-03 8.988603949547e-03 1.036255154759e-02 1.193094067276e-02 1.225974131376e-02
8.240308961831e-04 1.403846079484e-03 1.769969821908e-03 1.946607721038e-03 2.072363393381e-03 2.178964670748e-03 2.257163170725e-03 2.271760487929e-03 2.348017180339e-03 2.438430441543e-03 2.457656199113e-03 2.416785340756e-03 2.375969430432e-03 2.321816748008e-03 2.413184614852e-03 2.773384563625e-03 2.948148641735e-03 2.908843802288e-03 2.689694054425e-03 2.510668011382e-03 2.640842692927e-03 2.564607188106e-03 2.238756511360e-03 2.978802658617e-03 3.759992774576e-03 4.236914683133e-03 4.292005673051e-03 4.155082628131e-03 4.258986096829e-03 4.666206426919e-03 4.857562016696e-03 5.113928113133e-03 7.360309362411e-03 1.012866850942e-02 1.042416598648e-02 8.190415799618e-03 6.219090893865e-03 6.879463326186e-03 8.383493870497e-03 8.855416439474e-03 9.188753552735e-03 9.941764175892e-03 9.132161736488e-03
7.895483286120e-04 1.264998456463e-03 1.604775083251e-03 1.761171035469e-03 1.827993313782e-03 1.885283272713e-03 1.905133714899e-03 1.883449614979e-03 1.891998341307e-03 1.916038221680e-03 1.933514373377e-03 2.006819006056e-03 2.064614789560e-03 2.111395355314e-03 2.167025115341e-03 2.252660691738e-03 2.408615546301e-03 2.439605304971e-03 2.462708856910e-03 2.365456894040e-03 2.426494844258e-03 2.537214430049e-03 2.252076519653e-03 2.821263158694e-03 3.567048348486e-03 4.062664229423e-03 4.148555919528e-03 4.061875399202e-03 4.283920396119e-03 4.406520165503e-03 4.487336147577e-03 4.785547498614e-03 6.906463298947e-03 9.095187298954e-03 8.830437436700e-03 7.040199823678e-03 6.126071326435e-03 7.376575842500e-03 8.488470688462e-03 8.283837698400e-03 7.996811531484e-03 8.065806701779e-03 7.458034437150e-03
7.397075532936e-04 1.174471923150e-03 1.473801792599e-03 1.606311299838e-03 1.662561204284e-03 1.703781192191e-03 1.707578194328e-03 1.669427962042e-03 1.680737477727e-03 1.807216787711e-03 1.916046952829e-03 2.014058642089e-03 2.100663958117e-03 2.173329470679e-03 2.239141846076e-03 2.302827779204e-03 2.349766902626e-03 2.356812357903e-03 2.309726551175e-03 2.249296754599e-03 2.254414604977e-03 2.449205610901e-03 2.314918674529e-03 2.558514242992e-03 3.190895309672e-03 3.629919840023e-03 4.202535841614e-03 4.586570896208e-03 4.602617118508e-03 4.451985470951e-03 4.350611474365e-03 4.458982031792e-03 6.072376854718e-03 7.580224890262e-03 7.256599608809e-03 6.283378694206e-03 6.617352832109e-03 7.507441099733e-03 8.028675802052e-03 7.282060571015e-03 6.701349280775e-03 6.369757466018e-03 6.381817627698e-03
6.823751027696e-04 1.081644906662e-03 1.355167012662e-03 1.481714425609e-03 1.534775597975e-03 1.557127921842e-03 1.544796279632e-03 1.544831902720e-03 1.575768459588e-03 1.710638171062e-03 1.832031877711e-03 1.945729833096e-03 2.050105016679e-03 2.137465402484e-03 2.205045660958e-03 2.248779172078e-03 2.254019025713e-03 2.438317984343e-03 2.489734673873e-03 2.310494426638e-03 2.108832122758e-03 2.247540513054e-03 2.293596509844e-03 2.298711333424e-03 2.806885167956e-03 3.171421587467e-03 3.834390547127e-03 4.454299341887e-03 4.599780775607e-03 4.447294864804e-03 4.264604765922e-03 4.208500031382e-03 4.848273005337e-03 5.883275065571e-03 5.772788543254e-03 5.333764944226e-03 5.724611226469e-03 6.363353226334e-03 6.581311114132e-03 5.726304370910e-03 5.250377580523e-03 4.868041723967e-03 4.813012201339e-03
6.340984837152e-04 1.006780541502e-03 1.266484847292e-03 1.392494072206e-03 1.438240869902e-03 1.440423307940e-03 1.416568527929e-03 1.428350456990e-03 1.485656131990e-03 1.543135265820e-03 1.665793824941e-03 1.783758169040e-03 1.892914646305e-03 1.984762726352e-03 2.051077084616e-03 2.137148519978e-03 2.346188761294e-03 2.640785649419e-03 2.771045314148e-03 2.695946022868e-03 2.467537065968e-03 2.194867935032e-03 2.258203458041e-03 2.285823924467e-03 2.500291680917e-03 2.793252002448e-03 2.879235427827e-03 3.467930015177e-03 3.922888077796e-03 4.060357343405e-03 4.009523428977e-03 4.042326007038e-03 4.168239422143e-03 4.339219536632e-03 4.282620735466e-03 4.140852484852e-03 4.386676009744e-03 5.105801392347e-03 5.435309838504e-03 4.465883597732e-03 3.996718209237e-03 3.569556633011e-03 3.912743180990e-03
5.991859943606e-04 9.541547042318e-04 1.204953412525e-03 1.324374112301e-03 1.355771906674e-03 1.344215823337e-03 1.320189912803e-03 1.319629955105e-03 1.365939853713e-03 1.424420974217e-03 1.448047580197e-03 1.562577206641e-03 1.667833770625e-03 1.757986261509e-03 1.836272189394e-03 2.041986444965e-03 2.386933425441e-03 2.723279176280e-03 2.951303729787e-03 3.019958268851e-03 2.937324112281e-03 2.762370044366e-03 2.551585435867e-03 2.357681980357e-03 2.264662878588e-03 2.505745505914e-03 2.552805934101e-03 2.445992315188e-03 2.968190005049e-03 3.406333969906e-03 3.695457009599e-03 3.909179475158e-03 4.040958359838e-03 3.938614390790e-03 3.509526140988e-03 3.420323133469e-03 3.851995803416e-03 4.842654801905e-03 5.615130532533e-03 5.042490549386e-03 3.710305783898e-03 3.315146081150e-03 3.769464325160e-03
5.866155261174e-04 9.326706640422e-04 1.173403114080e-03 1.278789597563e-03 1.294939196669e-03 1.275941380300e-03 1.270662643947e-03 1.287668943405e-03 1.274614711292e-03 1.286590704694e-03 1.324510551058e-03 1.463918597437e-03 1.610318548046e-03 1.762194442563e-03 1.896592788398e-03 2.088345354423e-03 2.427889266983e-03 2.771867904812e-03 3.081417875364e-03 3.273166716099e-03 3.306168131530e-03 3.224569605663e-03 3.085528966039e-03 2.943752100691e-03 2.860617591068e-03 2.807005075738e-03 2.703898353502e-03 2.549019409344e-03 2.939650556073e-03 3.297731280327e-03 3.564952174202e-03 3.809287212789e-03 3.939852584153e-03 3.681545611471e-03 3.502562409267e-03 3.603981342167e-03 3.880846081302e-03 4.677026998252e-03 5.406369455159e-03 4.903110675514e-03 3.787358291447e-03 3.301607212052e-03 3.757902421057e-03
5.966221215203e-04 9.436654509045e-04 1.176590682007e-03 1.268801046535e-03 1.273688627407e-03 1.247220556252e-03 1.250867615454e-03 1.256335759535e-03 1.283721183427e-03 1.290373271331e-03 1.371534541249e-03 1.509536057711e-03 1.644475152716e-03 1.772975898348e-03 1.876921742223e-03 2.150416141376e-03 2.535059116781e-03 2.899003680795e-03 3.250845475122e-03 3.506006207317e-03 3.589348169044e-03 3.536120988429e-03 3.405249910429e-03 3.242568345740e-03 3.108701901510e-03 2.975850598887e-03 2.753028413281e-03 2.509866841137e-03 2.880602609366e-03 3.192324424163e-03 3.459751140326e-03 3.718267893419e-03 3.805143991485e-03 3.497757250443e-03 3.552121110260e-03 3.670193022117e-03 3.969235345721e-03 4.531518556178e-03 4.882457200438e-03 4.293355159461e-03 3.516420489177e-03 3.066511359066e-03 3.488555783406e-03
6.121289334260e-04 9.652140433900e-04 1.194530981593e-03 1.278954674490e-03 1.277220086195e-03 1.272810390219e-03 1.326554105617e-03 1.364017720334e-03 1.385242561810e-03 1.388364005834e-03 1.375932479277e-03 1.450943527743e-03 1.602323842235e-03 1.792766037397e-03 1.854433910921e-03 2.107549924403e-03 2.594695892185e-03 3.015219699591e-03 3.348652040586e-03 3.558488795534e-03 3.605054225773e-03 3.508022055030e-03 3.326460951939e-03 3.113734070212e-03 2.914309035987e-03 2.713398775086e-03 2.429234795272e-03 2.507922705263e-03 2.826363313943e-03 3.107114229351e-03 3.362623974681e-03 3.576339688152e-03 3.578302217647e-03 3.293935442343e-03 3.629339393228e-03 4.533004015684e-03 4.289223346859e-03 4.487365018576e-03 4.323501605541e-03 3.668750869110e-03 3.182526212186e-03 2.790761645883e-03 3.166829468682e-03
6.034702528268e-04 9.484680485912e-04 1.166899106465e-03 1.244824961759e-03 1.242580474354e-03 1.278154784814e-03 1.312820357271e-03 1.329673686996e-03 1.333925407380e-03 1.325790770352e-03 1.326953643002e-03 1.489335554652e-03 1.733152428642e-03 1.941025024280e-03 2.003200352192e-03 1.959681278095e-03 2.481310395524e-03 2.911387942731e-03 3.153951838613e-03 3.239171113819e-03 3.193629672751e-03 3.020177362487e-03 2.789321122691e-03 2.589119132608e-03 2.427002647892e-03 2.252693288028e-03 2.259536413476e-03 2.487997524440e-03 2.769497223198e-03 3.021924057975e-03 3.242084058002e-03 3.364334115759e-03 3.270604182035e-03 3.159191925079e-03 3.784817410633e-03 4.048897884786e-03 4.137194249779e-03 4.509314894676e-03 4.372555296868e-03 3.583924844861e-03 3.101560752839e-03 2.850856166333e-03 3.075970569625e-03
5.522837163880e-04 8.625029586256e-04 1.054847729392e-03 1.122519373894e-03 1.191904419102e-03 1.243741833605e-03 1.221392652951e-03 1.171293901280e-03 1.157428021543e-03 1.238001626916e-03 1.351865590550e-03 1.562941586599e-03 1.847532461397e-03 2.062863670290e-03 2.123018261045e-03 2.087541855872e-03 2.271785633639e-03 2.637533936650e-03 2.774406690150e-03 2.743755467236e-03 2.606759779155e-03 2.365052932873e-03 2.269671764225e-03 2.687342232093e-03 2.724957652390e-03 2.611779142171e-03 2.558112842962e-03 2.567426534370e-03 2.693473128602e-03 2.913309494033e-03 3.066684817895e-03 3.071204759181e-03 2.883499488235e-03 2.918068785220e-03 3.448772942647e-03 4.906931426376e-03 4.202131647617e-03 5.893872119486e-03 5.228469613940e-03 4.406235180795e-03 3.735247533768e-03 3.075246699154e-03 3.466151189059e-03
5.724379443564e-04 8.438023505732e-04 1.035496592522e-03 1.196019700728e-03 1.317765796557e-03 1.346547040157e-03 1.307453028858e-03 1.233757357113e-03 1.147870090790e-03 1.249866792932e-03 1.385232433677e-03 1.641127048060e-03 1.955969957635e-03 2.175251720473e-03 2.234472194687e-03 2.199532696977e-03 2.085647312924e-03 2.401860896498e-03 2.494148211554e-03 2.628956455737e-03 3.571054898202e-03 3.273730399087e-03 2.464081160724e-03 2.802782459185e-03 2.720761112869e-03 2.506060292944e-03 2.379615558311e-03 2.375899348408e-03 2.602014224976e-03 2.771677216515e-03 2.830288838595e-03 2.718726173043e-03 2.470538485795e-03 2.621629508212e-03 2.910039620474e-03 4.362421110272e-03 5.468418356031e-03 8.563411422074e-03 7.918952964246e-03 5.220533348620e-03 3.975732717663e-03 3.659631358460e-03 4.508703481406e-03
