100/SI/f179.grd
DSAA
101	101
32.816463539100	34.260883539100
35.556306596100	36.727886596100
5.694868377759e-05	9.302210807800e+00
[rows 0 to 18 of 101, columns 0 to 42 of 101]
8.626902475953e-03 1.542223151773e-02 1.367163844407e-02 8.191373199224e-03 6.854423787445e-03 8.954445831478e-03 1.784284785390e-02 2.487697079778e-02 2.224870771170e-02 1.328419707716e-02 8.400907739997e-03 9.653332643211e-03 1.024629920721e-02 9.891463443637e-03 8.480975404382e-03 1.291859894991e-02 1.941759884357e-02 2.247386798263e-02 1.601283252239e-02 1.041028928012e-02 1.184779684991e-02 1.266492158175e-02 9.361351840198e-03 8.396364748478e-03 8.924999274313e-03 1.219066884369e-02 1.779430732131e-02 2.032607793808e-02 2.645217999816e-02 2.107879519463e-02 1.619420014322e-02 1.521755382419e-02 1.320614479482e-02 1.047902833670e-02 8.526744320989e-03 8.261080831289e-03 7.598965894431e-03 1.029821764678e-02 1.444590091705e-02 1.656490564346e-02 1.387261226773e-02 1.175538916141e-02 1.120069436729e-02
1.596632786095e-02 3.013421595097e-02 2.956487052143e-02 2.066281624138e-02 1.456950604916e-02 1.731327921152e-02 3.433771803975e-02 4.749131947756e-02 4.201694205403e-02 2.448147907853e-02 1.442410703748e-02 1.649226434529e-02 1.741519197822e-02 1.657823100686e-02 1.446711365134e-02 1.920911110938e-02 3.058736771345e-02 4.003940895200e-02 3.615016490221e-02 2.155009657145e-02 2.160958945751e-02 3.308130055666e-02 1.738593541086e-02 1.563515141606e-02 1.840118318796e-02 2.381402440369e-02 2.982876636088e-02 3.405765444040e-02 5.030318349600e-02 3.916249051690e-02 2.632144838572e-02 2.385366521776e-02 2.226015552878e-02 1.801109872758e-02 1.937569305301e-02 2.026341110468e-02 2.038029581308e-02 2.289405278862e-02 2.878822013736e-02 2.896657958627e-02 2.142979949713e-02 2.120316587389e-02 2.317110821605e-02
1.561448071152e-02 3.205320984125e-02 3.593361005187e-02 3.078925609589e-02 1.980573125184e-02 1.998515799642e-02 3.972920775414e-02 5.398371815681e-02 4.625423625112e-02 2.534726820886e-02 1.821426115930e-02 2.053131349385e-02 2.121139690280e-02 1.962561532855e-02 1.616019383073e-02 1.556402165443e-02 2.007979154587e-02 3.000281006098e-02 3.430930897593e-02 2.788937650621e-02 3.410919010639e-02 5.114925652742e-02 2.237856388092e-02 1.936948671937e-02 2.446445263922e-02 2.959634549916e-02 3.071431256831e-02 3.089942783117e-02 5.862549692392e-02 4.391828179359e-02 2.550314180553e-02 2.186786383390e-02 3.045916557312e-02 1.621032692492e-02 1.822645217180e-02 2.093192003667e-02 2.627371065319e-02 3.327944129705e-02 3.479377180338e-02 2.882375754416e-02 2.945287339389e-02 1.966921240091e-02 2.597325481474e-02
1.385325100273e-02 3.049588575959e-02 3.635789826512e-02 3.717200458050e-02 2.989231981337e-02 2.046106383204e-02 4.152107238770e-02 5.522607639432e-02 4.469337314367e-02 2.176636643708e-02 2.015497349203e-02 2.224615961313e-02 2.215007878840e-02 1.970729045570e-02 1.567111350596e-02 1.588607393205e-02 1.516317669302e-02 1.741366460919e-02 2.266886830330e-02 2.578561566770e-02 5.722108855844e-02 6.510251760483e-02 2.507663518190e-02 2.127144671977e-02 2.698025293648e-02 3.092160075903e-02 2.957316674292e-02 2.819870784879e-02 5.872432887554e-02 4.269706085324e-02 2.164178527892e-02 1.759144850075e-02 3.510883450508e-02 1.866611093283e-02 2.044632285833e-02 2.891003713012e-02 3.576331213117e-02 3.726398199797e-02 3.153881058097e-02 3.652450814843e-02 3.556236624718e-02 2.183717489243e-02 2.381230518222e-02
1.355235837400e-02 2.917810901999e-02 3.454003483057e-02 3.820271417499e-02 3.656819090247e-02 2.585554681718e-02 4.236275702715e-02 5.516239255667e-02 4.189009591937e-02 1.845243759453e-02 2.161296643317e-02 2.300535142422e-02 2.218626812100e-02 2.208624407649e-02 2.027393877506e-02 1.711430400610e-02 1.674968190491e-02 1.654413342476e-02 2.336977049708e-02 4.736781492829e-02 7.954867929220e-02 7.152773439884e-02 2.690962515771e-02 3.027629293501e-02 2.699219249189e-02 3.021008521318e-02 2.709181234241e-02 2.806574851274e-02 5.558560043573e-02 4.021974280477e-02 2.557582035661e-02 2.000288479030e-02 3.743256255984e-02 2.290011383593e-02 3.213069215417e-02 3.845737129450e-02 3.887609392405e-02 3.281552344561e-02 2.259239181876e-02 3.747555986047e-02 4.352165013552e-02 2.916395105422e-02 1.886541210115e-02
1.266630738974e-02 2.545420639217e-02 3.075910545886e-02 3.364175185561e-02 3.733341768384e-02 3.109136037529e-02 4.232151061296e-02 5.337716639042e-02 3.774639219046e-02 2.048730850220e-02 2.294834703207e-02 2.509029768407e-02 2.674992755055e-02 2.588634006679e-02 2.328124642372e-02 1.893759332597e-02 1.539945509285e-02 1.749728247523e-02 3.721784055233e-02 6.754070520401e-02 9.256187826395e-02 7.065617293119e-02 3.034988790751e-02 4.609067738056e-02 2.834718860686e-02 2.832806482911e-02 2.426683902740e-02 3.062820062041e-02 4.972079768777e-02 4.026290774345e-02 2.584779076278e-02 2.183078974485e-02 4.340436309576e-02 3.428489342332e-02 4.068830609322e-02 4.022233933210e-02 3.338555246592e-02 2.308936044574e-02 2.548176981509e-02 3.532049059868e-02 5.329092964530e-02 3.387286141515e-02 1.835880242288e-02
1.594691909850e-02 2.833380550146e-02 2.612447366118e-02 2.585391700268e-02 3.221946954727e-02 3.122141025960e-02 4.164898395538e-02 5.100633203983e-02 3.386610746384e-02 2.258751355112e-02 2.523340098560e-02 2.872751280665e-02 2.911011315882e-02 2.706345729530e-02 2.301988378167e-02 2.180266194046e-02 2.068773098290e-02 2.577232941985e-02 5.024393647909e-02 8.070944994688e-02 9.585884958506e-02 6.453291326761e-02 4.017509892583e-02 5.841309204698e-02 4.106314480305e-02 2.579315192997e-02 2.377903275192e-02 5.673105269670e-02 7.946058362722e-02 5.128125846386e-02 2.866506017745e-02 2.435111068189e-02 4.766448214650e-02 4.019024595618e-02 4.018489271402e-02 3.336716815829e-02 2.326133847237e-02 2.554167807102e-02 3.695982322097e-02 4.661890119314e-02 5.471893399954e-02 4.006078466773e-02 1.832529902458e-02
1.617282256484e-02 3.236019611359e-02 3.344991803169e-02 2.422417514026e-02 2.309014834464e-02 2.612823061645e-02 4.106273129582e-02 4.985877498984e-02 3.153401613235e-02 2.441118843853e-02 2.849987708032e-02 3.042523749173e-02 2.941451407969e-02 2.593443728983e-02 2.433806844056e-02 2.762212231755e-02 3.078890405595e-02 3.402943909168e-02 6.160383298993e-02 8.757631480694e-02 9.409069269896e-02 5.800110474229e-02 4.359761252999e-02 6.422181427479e-02 4.993753507733e-02 3.181596472859e-02 2.285615168512e-02 8.615101873875e-02 1.112998872995e-01 6.012183800340e-02 3.132522851229e-02 2.932057157159e-02 4.707580804825e-02 3.689488396049e-02 3.421308100224e-02 2.428886294365e-02 2.445377781987e-02 3.637677431107e-02 4.801815375686e-02 5.301676690578e-02 4.810995236039e-02 5.026144161820e-02 2.107676677406e-02
1.398384664208e-02 3.058063425124e-02 3.804000839591e-02 3.464088961482e-02 2.302824333310e-02 2.261405996978e-02 4.061054438353e-02 4.941644519567e-02 3.034663572907e-02 2.715074084699e-02 3.021964058280e-02 3.050952777267e-02 2.791455574334e-02 2.411727607250e-02 2.544436044991e-02 2.936841547489e-02 3.983393684030e-02 4.084807261825e-02 6.799711287022e-02 8.625256270170e-02 8.538729697466e-02 5.033758655190e-02 4.447804391384e-02 6.140110269189e-02 5.387080088258e-02 3.673692792654e-02 2.884086035192e-02 1.110942214727e-01 1.298876553774e-01 6.623487174511e-02 3.434443846345e-02 2.794997207820e-02 4.775466769934e-02 3.186790645123e-02 3.755689039826e-02 3.763536736369e-02 3.646276891232e-02 4.886300116777e-02 5.618902668357e-02 5.310840532184e-02 3.901044279337e-02 6.237621232867e-02 2.475835010409e-02
1.414582040161e-02 2.539081312716e-02 3.584856167436e-02 4.062236100435e-02 3.466748446226e-02 2.228584326804e-02 4.070459306240e-02 4.933036118746e-02 2.964651770890e-02 2.873248793185e-02 3.030053339899e-02 2.899690717459e-02 3.175286948681e-02 3.457674756646e-02 3.615941852331e-02 3.666275367141e-02 4.324291273952e-02 4.731004312634e-02 7.001330703497e-02 8.001163601875e-02 7.398547232151e-02 4.290641844273e-02 4.018124565482e-02 5.366005375981e-02 5.203301832080e-02 3.775173053145e-02 3.118124976754e-02 1.260328888893e-01 1.379324495792e-01 6.861812621355e-02 3.011884912848e-02 2.425854466856e-02 5.175147205591e-02 3.163064643741e-02 3.845110535622e-02 3.921445831656e-02 5.064322799444e-02 5.830378085375e-02 5.703807622194e-02 4.568154737353e-02 3.268573433161e-02 6.775596737862e-02 3.429588675499e-02
1.420403644443e-02 2.846174314618e-02 2.954744733870e-02 3.884444385767e-02 4.252658784389e-02 3.422116860747e-02 4.034056887031e-02 4.853966832161e-02 2.866866439581e-02 2.902159653604e-02 3.191959112883e-02 3.736831620336e-02 4.143163189292e-02 4.368096962571e-02 4.471927508712e-02 4.510492086411e-02 4.462550580502e-02 5.871846526861e-02 8.230689913034e-02 8.721856027842e-02 7.329872995615e-02 5.417254194617e-02 3.802789747715e-02 4.576348513365e-02 4.693141579628e-02 3.362570703030e-02 3.617946803570e-02 1.329464167356e-01 1.411129087210e-01 6.719797849655e-02 2.891586162150e-02 2.736239135265e-02 5.070360749960e-02 3.369877114892e-02 4.471102356911e-02 5.420725420117e-02 6.044718995690e-02 5.928706750274e-02 4.917401820421e-02 3.796076402068e-02 3.700031340122e-02 6.509164720774e-02 4.461633041501e-02
1.201959233731e-02 2.532013133168e-02 3.032058291137e-02 3.229074180126e-02 4.197042807937e-02 4.426744207740e-02 3.911949694157e-02 4.677360877395e-02 2.839392423630e-02 3.439158201218e-02 4.002684727311e-02 4.461154341698e-02 4.774489998817e-02 4.952946305275e-02 5.012544617057e-02 5.001409724355e-02 4.947752133012e-02 7.809273898602e-02 1.067552343011e-01 1.109509617090e-01 9.559221565723e-02 7.488652318716e-02 5.477749928832e-02 3.883606195450e-02 5.465497821569e-02 5.237036570907e-02 4.429965466261e-02 1.275557428598e-01 1.248366534710e-01 6.113741919398e-02 3.744819760323e-02 4.432598128915e-02 4.783184453845e-02 5.370838567615e-02 6.088847294450e-02 6.360716372728e-02 6.099377945065e-02 5.275081098080e-02 5.038079619408e-02 5.836943909526e-02 4.400805756450e-02 5.563638731837e-02 5.353333801031e-02
1.035988237709e-02 1.970782317221e-02 2.521644160151e-02 2.985140495002e-02 3.546485304832e-02 4.497462883592e-02 4.522282257676e-02 4.424469918013e-02 3.523924201727e-02 4.098702594638e-02 4.509349539876e-02 4.769866913557e-02 4.924788698554e-02 5.009538680315e-02 5.013894662261e-02 4.985807090998e-02 4.983742907643e-02 8.590064942837e-02 1.160704046488e-01 1.185226067901e-01 1.024568900466e-01 8.340936154127e-02 6.517614424229e-02 4.764974862337e-02 7.344768941402e-02 7.101658731699e-02 5.988196656108e-02 1.110429391265e-01 9.793401509523e-02 5.198524519801e-02 6.545570492744e-02 7.388437539339e-02 7.361302524805e-02 7.120321691036e-02 6.923048198223e-02 6.719949841499e-02 6.516381353140e-02 6.182450428605e-02 5.654826387763e-02 7.907323539257e-02 4.916276037693e-02 4.229869320989e-02 6.896983087063e-02
1.286246255040e-02 2.488594129682e-02 2.446809783578e-02 2.293421700597e-02 2.812567539513e-02 3.856312856078e-02 4.811817407608e-02 4.593449085951e-02 3.919625654817e-02 4.357055574656e-02 4.575086385012e-02 4.643935337663e-02 4.608231410384e-02 4.500951245427e-02 4.380765929818e-02 4.355380684137e-02 4.463395848870e-02 7.881563901901e-02 1.043996885419e-01 1.079150512815e-01 9.687626361847e-02 8.211304247379e-02 6.776364147663e-02 5.352909490466e-02 7.253869622946e-02 7.493942975998e-02 6.619948893785e-02 9.083940833807e-02 7.142961025238e-02 5.690258741379e-02 7.682251930237e-02 8.692843466997e-02 8.296280354261e-02 7.480754703283e-02 6.733346730471e-02 6.332059949636e-02 5.979724228382e-02 5.570886284113e-02 5.091777071357e-02 8.360861986876e-02 7.659398019314e-02 4.366882517934e-02 7.832117378712e-02
1.657094806433e-02 3.315081447363e-02 3.331791609526e-02 3.270297124982e-02 3.162877261639e-02 3.006183542311e-02 4.216538742185e-02 5.141473561525e-02 4.548376053572e-02 4.258416593075e-02 4.312222078443e-02 4.216555505991e-02 4.025672376156e-02 3.772043064237e-02 3.551130369306e-02 3.593942895532e-02 3.632125630975e-02 6.222014129162e-02 8.019150048494e-02 8.457743376493e-02 7.913431525230e-02 7.105215638876e-02 6.269288808107e-02 5.373106151819e-02 5.681784823537e-02 6.197531893849e-02 6.055817008018e-02 9.237385541201e-02 5.234332382679e-02 5.781939253211e-02 7.491461932659e-02 8.322944492102e-02 7.968391478062e-02 6.589730829000e-02 4.873972758651e-02 5.040066689253e-02 4.293535277247e-02 4.544961079955e-02 4.426720365882e-02 6.890398263931e-02 1.021776944399e-01 4.426956176758e-02 7.873085141182e-02
1.680021919310e-02 3.414450213313e-02 3.537825867534e-02 3.708488494158e-02 3.837930411100e-02 3.872785344720e-02 3.844148293138e-02 4.617289826274e-02 5.373110622168e-02 4.313676059246e-02 3.868292272091e-02 3.664758428931e-02 3.403605148196e-02 3.214391320944e-02 3.460319340229e-02 3.675315156579e-02 3.915364295244e-02 5.118206143379e-02 5.611268430948e-02 6.018114462495e-02 5.893967300653e-02 5.467641726136e-02 5.104526877403e-02 4.838072136045e-02 4.630840569735e-02 4.544324427843e-02 6.018225476146e-02 9.775120764971e-02 6.670330464840e-02 6.527099758387e-02 7.756243646145e-02 7.877401262522e-02 6.609316170216e-02 6.610210984945e-02 3.575287759304e-02 5.982550233603e-02 5.697248131037e-02 5.278916284442e-02 4.529924318194e-02 4.823736101389e-02 1.159344166517e-01 6.303105503321e-02 6.975454837084e-02
1.820934750140e-02 3.143645823002e-02 3.115040808916e-02 3.251885250211e-02 3.541472181678e-02 3.896310180426e-02 4.129696264863e-02 4.249379783869e-02 4.941707476974e-02 5.231666937470e-02 4.484818875790e-02 4.323094338179e-02 4.354517906904e-02 3.947757184505e-02 3.568132594228e-02 4.040265455842e-02 4.462375119328e-02 5.264825373888e-02 5.313930660486e-02 4.457786306739e-02 4.021983966231e-02 4.712599143386e-02 5.905592814088e-02 6.141640990973e-02 5.551130324602e-02 4.480740427971e-02 6.662128120661e-02 9.945141524076e-02 6.700396537781e-02 7.042222470045e-02 7.411818951368e-02 7.614569365978e-02 8.183909207582e-02 7.352063059807e-02 4.482892528176e-02 6.734366714954e-02 6.336106359959e-02 5.242728069425e-02 3.948099911213e-02 4.713299497962e-02 1.111896932125e-01 9.681197255850e-02 5.407714098692e-02
2.077297121286e-02 3.826492279768e-02 4.121057689190e-02 3.555488586426e-02 3.267103806138e-02 3.531135991216e-02 3.604662045836e-02 3.577526286244e-02 3.869630023837e-02 4.814298450947e-02 5.245859548450e-02 5.407235026360e-02 5.419137328863e-02 4.982065781951e-02 4.896882548928e-02 4.728493094444e-02 4.442376270890e-02 5.270298942924e-02 5.530930683017e-02 4.921294376254e-02 4.062230139971e-02 3.736745193601e-02 4.118688404560e-02 4.601465165615e-02 4.724477976561e-02 4.752211645246e-02 5.829697102308e-02 9.546954929829e-02 6.820183992386e-02 5.971440672874e-02 6.843105703592e-02 7.881403714418e-02 8.805278688669e-02 7.512577623129e-02 5.157484486699e-02 7.441136986017e-02 6.069990247488e-02 4.712107777596e-02 3.548868000507e-02 4.299466311932e-02 8.938731998205e-02 1.310791373253e-01 5.996846035123e-02
2.037447132170e-02 3.995257616043e-02 4.749460145831e-02 4.474116861820e-02 3.388134762645e-02 2.615522220731e-02 3.180351108313e-02 3.610537573695e-02 3.879775851965e-02 3.918511047959e-02 5.190622434020e-02 5.769054964185e-02 5.497863143682e-02 5.516714975238e-02 5.587585642934e-02 5.514016747475e-02 4.879336059093e-02 5.220451578498e-02 5.709284171462e-02 5.262644216418e-02 4.016549512744e-02 4.833825677633e-02 4.706392809749e-02 4.833878949285e-02 4.264839738607e-02 4.160851985216e-02 4.374013841152e-02 8.834639191628e-02 8.064495027065e-02 6.380665302277e-02 6.175833567977e-02 6.664411723614e-02 8.253614604473e-02 7.370012253523e-02 5.972816422582e-02 7.188376784325e-02 5.289889127016e-02 4.227234795690e-02 3.987082839012e-02 3.910014405847e-02 6.124784424901e-02 1.533167958260e-01 6.311534345150e-02
