100/SI/f179.grd
DSAA
101	101
32.816463539100	34.260883539100
35.556306596100	36.727886596100
5.694868377759e-05	9.302210807800e+00
[rows 19 to 37 of 101, columns 0 to 42 of 101]
1.787903532386e-02 3.644915670156e-02 4.660960286856e-02 4.748794808984e-02 3.916824981570e-02 3.101375140250e-02 2.123003266752e-02 2.405558899045e-02 2.895543351769e-02 3.485017269850e-02 4.598283022642e-02 5.491853505373e-02 5.343831703067e-02 5.794864892960e-02 5.838040262461e-02 5.660264194012e-02 5.381914228201e-02 5.163985490799e-02 5.984359979630e-02 5.390781164169e-02 5.553498491645e-02 5.993065237999e-02 6.421995162964e-02 6.137531250715e-02 5.473766475916e-02 4.629836231470e-02 4.789736121893e-02 7.666576653719e-02 9.131424874067e-02 6.876539438963e-02 6.326609104872e-02 5.817262455821e-02 6.154194101691e-02 6.152701005340e-02 6.160483509302e-02 5.958101153374e-02 4.750360548496e-02 4.150871187449e-02 4.449708014727e-02 4.282337054610e-02 6.200641766191e-02 1.529084742069e-01 7.105693966150e-02
1.398181729019e-02 2.937849238515e-02 3.961456567049e-02 4.333322867751e-02 3.852859511971e-02 3.702956810594e-02 3.392957523465e-02 2.419983781874e-02 3.226814046502e-02 3.768474981189e-02 4.007461667061e-02 5.025563016534e-02 4.451271146536e-02 5.191403627396e-02 5.611556768417e-02 5.789617076516e-02 5.776629224420e-02 5.512640625238e-02 6.959294527769e-02 5.583892390132e-02 6.548848748207e-02 7.845636457205e-02 8.452399820089e-02 8.211255818605e-02 7.698029279709e-02 5.954280495644e-02 6.346200406551e-02 6.206005066633e-02 9.596990048885e-02 6.983424723148e-02 5.971763283014e-02 5.635027587414e-02 5.484897270799e-02 5.527015030384e-02 5.232628062367e-02 6.774946302176e-02 4.520661383867e-02 4.755113273859e-02 4.867418855429e-02 4.993335530162e-02 7.679669559002e-02 1.294129043818e-01 1.059278696775e-01
1.077632512897e-02 2.171788364649e-02 2.993962541223e-02 3.445784747601e-02 3.251910582185e-02 2.828981541097e-02 3.494794666767e-02 3.461636230350e-02 3.966942802072e-02 4.733067005873e-02 5.458888784051e-02 7.193905860186e-02 8.630942553282e-02 7.903903722763e-02 5.383248999715e-02 5.181657522917e-02 5.474569275975e-02 5.724507197738e-02 1.013922095299e-01 8.162048459053e-02 6.140765175223e-02 9.540168941021e-02 1.010985821486e-01 1.104181259871e-01 9.090012311935e-02 8.048671483994e-02 7.930693775415e-02 4.915323108435e-02 9.030879288912e-02 6.440929323435e-02 4.948452860117e-02 5.155564099550e-02 6.085211038589e-02 5.024550855160e-02 5.503125488758e-02 7.167152315378e-02 5.711083114147e-02 5.045962333679e-02 5.257603898644e-02 5.656971037388e-02 8.954284340143e-02 9.265242516994e-02 1.406163424253e-01
1.447335258126e-02 2.599339559674e-02 2.523666247725e-02 2.643625624478e-02 3.090979717672e-02 3.912055119872e-02 4.568850621581e-02 5.469864234328e-02 6.644733995199e-02 8.353338390589e-02 1.063509434462e-01 1.334124952555e-01 1.499558538198e-01 1.303653717041e-01 8.200590312481e-02 5.011751502752e-02 6.915827095509e-02 9.714990854263e-02 1.229194551706e-01 9.998597204685e-02 7.890738546848e-02 1.035703346133e-01 1.102083176374e-01 1.239883378148e-01 9.040987491608e-02 9.165922552347e-02 9.419772028923e-02 5.910520255566e-02 7.375640422106e-02 5.337739735842e-02 5.064176395535e-02 5.015487968922e-02 6.311653554440e-02 6.404639780521e-02 6.377292424440e-02 6.082740798593e-02 8.029328286648e-02 5.611098557711e-02 5.653077736497e-02 6.210891157389e-02 9.980860352516e-02 8.655556291342e-02 1.632878184319e-01
1.405354216695e-02 2.898853272200e-02 3.146307170391e-02 3.013821132481e-02 3.874313458800e-02 5.262979120016e-02 5.770166963339e-02 6.103205308318e-02 6.763622164726e-02 7.830183953047e-02 9.454381465912e-02 1.078585162759e-01 1.104796677828e-01 9.454374760389e-02 6.929319351912e-02 6.167624518275e-02 6.729819625616e-02 9.060125052929e-02 1.207281127572e-01 7.677444815636e-02 7.395404577255e-02 1.044213771820e-01 1.100461855531e-01 1.188906133175e-01 9.484083950520e-02 9.136276692152e-02 1.061875149608e-01 9.058167785406e-02 9.146665036678e-02 7.794715464115e-02 6.737089157104e-02 9.943361580372e-02 9.291678667068e-02 6.912653148174e-02 6.738211214542e-02 6.750019639730e-02 8.900327980518e-02 6.520690023899e-02 6.176088750362e-02 6.556189060211e-02 1.055579259992e-01 8.775053918362e-02 1.667793542147e-01
2.806766703725e-02 4.846088588238e-02 3.153766319156e-02 3.162856027484e-02 3.562986478209e-02 4.580203443766e-02 5.185777693987e-02 5.133548378944e-02 5.105660855770e-02 5.314200371504e-02 5.618081986904e-02 5.951317399740e-02 5.671366676688e-02 6.249994784594e-02 6.326919794083e-02 5.666667595506e-02 5.644275248051e-02 1.039097607136e-01 1.188738793135e-01 6.313899904490e-02 6.375231593847e-02 9.667377918959e-02 1.044198274612e-01 1.013105437160e-01 9.225165843964e-02 8.359501510859e-02 1.143224984407e-01 1.001913845539e-01 8.366903662682e-02 8.097127825022e-02 7.937249541283e-02 1.279304772615e-01 1.903931647539e-01 1.812910735607e-01 1.641337573528e-01 1.566510498524e-01 1.627139300108e-01 1.002371013165e-01 8.500155806541e-02 7.013241946697e-02 1.079821288586e-01 8.475287258625e-02 1.476082205772e-01
5.203675106168e-02 1.102489307523e-01 1.135504916310e-01 9.956834465265e-02 6.220070272684e-02 3.585782647133e-02 3.460083156824e-02 3.627375885844e-02 3.953525051475e-02 5.111470445991e-02 6.129636615515e-02 6.852604448795e-02 7.075233757496e-02 6.783492863178e-02 6.189424544573e-02 6.410194933414e-02 6.747241318226e-02 1.012389957905e-01 9.978996217251e-02 5.872755870223e-02 6.357806175947e-02 7.886306941509e-02 9.028428047895e-02 8.405718207359e-02 9.501332044601e-02 9.163367003202e-02 1.186302378774e-01 1.262163370848e-01 1.342111229897e-01 1.201521009207e-01 9.063591063023e-02 7.609247416258e-02 1.541719436646e-01 1.684026569128e-01 1.856633573771e-01 2.245832234621e-01 2.806529104710e-01 1.711250394583e-01 1.254958361387e-01 1.065663695335e-01 1.060284450650e-01 7.905471324921e-02 1.104623824358e-01
5.558079481125e-02 1.198342069983e-01 1.382978260517e-01 1.632542610168e-01 1.787373721600e-01 1.550928950310e-01 8.695705980062e-02 4.755522683263e-02 6.486865133047e-02 7.576280832291e-02 7.783770561218e-02 7.363773137331e-02 6.888977438211e-02 9.279625862837e-02 1.022677347064e-01 1.015580743551e-01 9.999552369118e-02 9.728438407183e-02 9.609782695770e-02 9.281900525093e-02 9.072462469339e-02 9.072109311819e-02 8.800479769707e-02 1.103446856141e-01 1.328343302011e-01 1.148898079991e-01 1.298364698887e-01 1.667133718729e-01 1.685647517443e-01 1.497507691383e-01 1.118314415216e-01 8.189991861582e-02 9.044709056616e-02 1.422332525253e-01 2.119832485914e-01 1.865776032209e-01 1.897875517607e-01 1.436276733875e-01 1.529909670353e-01 1.558210402727e-01 1.267764121294e-01 8.159494400024e-02 9.835274517536e-02
3.569355607033e-02 7.876291871071e-02 9.160751849413e-02 1.124494448304e-01 1.463280171156e-01 1.923988461494e-01 2.174361944199e-01 1.691494286060e-01 8.836062252522e-02 8.190505206585e-02 7.292878627777e-02 9.407482296228e-02 1.109573915601e-01 1.155820563436e-01 1.098579838872e-01 1.097946092486e-01 1.086823791265e-01 1.054247692227e-01 1.104309707880e-01 1.114350110292e-01 1.145225390792e-01 1.244265064597e-01 1.176349893212e-01 1.083156839013e-01 1.047390550375e-01 1.351574957371e-01 1.295200586319e-01 1.598725169897e-01 1.758655458689e-01 1.578764915466e-01 1.180002391338e-01 1.280547976494e-01 1.652322560549e-01 2.211456447840e-01 2.637365162373e-01 1.908913701773e-01 1.329031288624e-01 1.109625995159e-01 1.372456848621e-01 1.759543716908e-01 1.921640634537e-01 1.305566281080e-01 9.816181659698e-02
2.455247007310e-02 4.820916056633e-02 6.015234813094e-02 5.538338795304e-02 6.370634585619e-02 9.534628689289e-02 1.490727365017e-01 2.022048681974e-01 2.016994357109e-01 1.388051360846e-01 1.052315756679e-01 1.111167818308e-01 1.126397475600e-01 1.075907722116e-01 1.057595163584e-01 1.039992272854e-01 9.860249608755e-02 1.057786419988e-01 1.085119992495e-01 1.125221624970e-01 1.192414090037e-01 1.150597259402e-01 1.105522215366e-01 1.091157197952e-01 1.072996631265e-01 1.055271700025e-01 1.112312152982e-01 1.237443014979e-01 1.490738838911e-01 1.551111787558e-01 1.215678900480e-01 1.484937071800e-01 1.789265275002e-01 2.032689601183e-01 1.968328505754e-01 1.232440918684e-01 1.297306120396e-01 1.494905501604e-01 1.613239198923e-01 1.449682414532e-01 2.151498496532e-01 2.188452631235e-01 1.225741431117e-01
2.848276495934e-02 5.607166141272e-02 5.568079650402e-02 6.836282461882e-02 5.610779300332e-02 4.854447767138e-02 5.711930617690e-02 1.050365120173e-01 1.685709804296e-01 1.959052085876e-01 1.596217453480e-01 1.063043549657e-01 1.010281667113e-01 9.880168735981e-02 9.243806451559e-02 8.979094773531e-02 9.265482425690e-02 1.006026193500e-01 9.795878082514e-02 9.778346866369e-02 8.825784176588e-02 7.231691479683e-02 9.157957881689e-02 8.128774166107e-02 1.230658367276e-01 1.098425388336e-01 1.257367879152e-01 1.382158100605e-01 1.155549138784e-01 1.247273981571e-01 1.385264396667e-01 1.491479277611e-01 1.290993392467e-01 1.589760631323e-01 1.179744452238e-01 1.009374931455e-01 1.309171766043e-01 1.806947439909e-01 2.164155393839e-01 2.049062252045e-01 1.741255372763e-01 2.705190181732e-01 2.037159949541e-01
3.678527101874e-02 7.071806490421e-02 6.576820462942e-02 6.758023798466e-02 7.533328980207e-02 5.655874311924e-02 7.861027121544e-02 9.551292657852e-02 1.056132242084e-01 1.474839299917e-01 1.899364739656e-01 1.722120940685e-01 1.054117456079e-01 8.485161513090e-02 8.348668366671e-02 8.542948216200e-02 8.843125402927e-02 8.735371381044e-02 9.214058518410e-02 9.061434119940e-02 7.902105152607e-02 6.539528071880e-02 7.016041129827e-02 1.123835444450e-01 1.675385981798e-01 2.255887836218e-01 2.709483802319e-01 2.205277383327e-01 1.485203504562e-01 1.387943625450e-01 1.708302646875e-01 1.201909184456e-01 8.975676447153e-02 1.979788094759e-01 8.230219781399e-02 1.171709299088e-01 1.083800047636e-01 1.519288420677e-01 2.210849225521e-01 2.378484308720e-01 2.047023475170e-01 2.278416305780e-01 3.090703785419e-01
3.342312574387e-02 7.305414229631e-02 7.722410559654e-02 7.546131312847e-02 7.967229932547e-02 8.073462545872e-02 9.681042283773e-02 1.017733812332e-01 1.010726243258e-01 9.551789611578e-02 1.320204287767e-01 1.881711781025e-01 1.836550086737e-01 1.267010718584e-01 8.010596036911e-02 7.995117455721e-02 7.707908004522e-02 7.048433274031e-02 9.434361010790e-02 9.820020198822e-02 9.928738325834e-02 8.281937986612e-02 7.591054588556e-02 1.391032040119e-01 2.359913587570e-01 3.479391336441e-01 4.083184301853e-01 3.902986645699e-01 2.541480958462e-01 1.601766198874e-01 1.841244846582e-01 1.546124666929e-01 1.439013034105e-01 2.418192327023e-01 1.247939392924e-01 2.409625351429e-01 1.744871139526e-01 1.239024698734e-01 1.689423024654e-01 2.429607659578e-01 2.491115331650e-01 2.104868143797e-01 3.315551578999e-01
4.109643772244e-02 8.366456627846e-02 8.461953699589e-02 8.216611295938e-02 8.526805043221e-02 9.667239338160e-02 9.740359336138e-02 9.844934195280e-02 9.050828218460e-02 8.341555297375e-02 8.066127449274e-02 1.135983094573e-01 1.824883818626e-01 1.923464983702e-01 1.457502096891e-01 6.908359378576e-02 6.427767872810e-02 7.200204581022e-02 8.383744955063e-02 1.336914747953e-01 1.208691224456e-01 1.107228994370e-01 1.016439720988e-01 1.388005912304e-01 2.413144856691e-01 3.442589938641e-01 4.686338603497e-01 5.491024255753e-01 4.579495489597e-01 2.212014049292e-01 1.998713463545e-01 2.168612331152e-01 2.068088501692e-01 2.859858274460e-01 1.589688211679e-01 3.223591148853e-01 2.671227753162e-01 1.758289486170e-01 1.611454039812e-01 2.339203506708e-01 5.003024339676e-01 2.539615929127e-01 2.703604698181e-01
5.398407578468e-02 1.015971302986e-01 9.433490782976e-02 1.006933897734e-01 1.068542003632e-01 1.128834113479e-01 1.198416873813e-01 1.246226876974e-01 1.273341327906e-01 1.277533173561e-01 1.239108219743e-01 1.195366159081e-01 1.144730672240e-01 1.685908138752e-01 1.956934034824e-01 1.630180031061e-01 8.161731809378e-02 7.368811219931e-02 8.107915520668e-02 1.277357488871e-01 1.353721320629e-01 1.218514889479e-01 1.123554334044e-01 1.189811900258e-01 1.998120248318e-01 2.972597777843e-01 4.602447748184e-01 6.428757905960e-01 6.071946620941e-01 3.695077002048e-01 2.870324254036e-01 3.618440032005e-01 3.884226977825e-01 3.583679199219e-01 2.967377305031e-01 3.474274575710e-01 3.309174478054e-01 2.555100619793e-01 2.903865575790e-01 2.609313428402e-01 7.146234512329e-01 5.843319296837e-01 1.580535322428e-01
5.528374388814e-02 1.148855835199e-01 1.146963089705e-01 1.112160682678e-01 9.805145114660e-02 8.853787928820e-02 8.395376801491e-02 9.280481934547e-02 1.027605235577e-01 1.144942343235e-01 1.275619119406e-01 1.427375376225e-01 1.571861356497e-01 2.492000013590e-01 2.551852166653e-01 1.936672180891e-01 1.825289130211e-01 1.737983822823e-01 1.619406342506e-01 1.485088765621e-01 1.339869946241e-01 1.160676702857e-01 1.265508234501e-01 1.237606555223e-01 1.366343051195e-01 2.250294685364e-01 3.315860629082e-01 5.244119167328e-01 6.661222577095e-01 4.610364735126e-01 2.182122617960e-01 2.265974432230e-01 3.328935801983e-01 4.419170022011e-01 4.907709062099e-01 4.550067186356e-01 3.281936347485e-01 2.766025960445e-01 2.087486088276e-01 2.987754046917e-01 7.456879019737e-01 8.956475853920e-01 2.408678978682e-01
4.697709158063e-02 9.473419934511e-02 9.869538992643e-02 1.075774431229e-01 1.129496470094e-01 1.091523692012e-01 9.164441376925e-02 7.971639186144e-02 8.015195280313e-02 8.011415600777e-02 7.964646071196e-02 7.791263610125e-02 7.544198632240e-02 9.580943733454e-02 1.437752991915e-01 1.574440300465e-01 1.885897815228e-01 1.821881830692e-01 1.485566049814e-01 1.643865853548e-01 1.739343851805e-01 1.795627772808e-01 1.862674206495e-01 1.945671439171e-01 1.870899498463e-01 1.496029347181e-01 2.236416637897e-01 3.974271714687e-01 5.610975623131e-01 4.115510582924e-01 2.058569788933e-01 1.448837518692e-01 1.286031901836e-01 2.151154726744e-01 2.596125602722e-01 4.220488965511e-01 5.357937216759e-01 4.952082037926e-01 3.080929517746e-01 3.368158340454e-01 4.789015054703e-01 1.062452435493e+00 3.860191404819e-01
3.802902624011e-02 7.353050261736e-02 7.324706017971e-02 7.014425843954e-02 7.152546197176e-02 8.003350347281e-02 8.360889554024e-02 8.229526877403e-02 6.998212635517e-02 7.574262470007e-02 8.229547739029e-02 8.893544971943e-02 9.505479037762e-02 1.011775434017e-01 1.074225381017e-01 1.128267124295e-01 1.175246238708e-01 1.769788414240e-01 1.886070966721e-01 2.443666458130e-01 1.915574669838e-01 1.577052623034e-01 1.507004946470e-01 1.464083194733e-01 1.470016092062e-01 1.666114479303e-01 2.221203893423e-01 2.546114623547e-01 3.588055670261e-01 2.923128604889e-01 1.477651149035e-01 1.747174263000e-01 1.303860545158e-01 1.725063621998e-01 2.029229551554e-01 2.451144754887e-01 2.472560405731e-01 4.158103168011e-01 5.875400900841e-01 4.761359691620e-01 4.252398610115e-01 8.699705004692e-01 7.845761179924e-01
2.399181947112e-02 4.834026470780e-02 4.758741334081e-02 4.646419733763e-02 5.246146395802e-02 6.172969937325e-02 6.761978566647e-02 7.090819627047e-02 7.203795760870e-02 6.638453155756e-02 6.178078427911e-02 6.498116999865e-02 6.871431320906e-02 6.928255409002e-02 7.024580240250e-02 9.373639523983e-02 1.043453589082e-01 1.396716386080e-01 2.642589509487e-01 2.768286168575e-01 2.453178167343e-01 2.094465196133e-01 2.449303269386e-01 2.931858599186e-01 2.064047455788e-01 2.363149076700e-01 2.301838845015e-01 2.139899134636e-01 2.229361087084e-01 2.943130135536e-01 2.764085233212e-01 1.727837771177e-01 1.797690540552e-01 1.892640888691e-01 2.047766298056e-01 2.130065560341e-01 2.203989773989e-01 2.837783396244e-01 4.159722030163e-01 4.847680628300e-01 5.790155529976e-01 7.788234949112e-01 6.435138583183e-01
