100/SI/f179.grd
DSAA
101	101
32.816463539100	34.260883539100
35.556306596100	36.727886596100
5.694868377759e-05	9.302210807800e+00
[rows 76 to 94 of 101, columns 43 to 85 of 101]
1.436659041792e-02 1.223729178309e-02 2.235052548349e-02 5.642217397690e-02 6.023533269763e-02 1.199659407139e-01 1.913365870714e-01 2.150495201349e-01 1.331614851952e-01 3.729339689016e-02 1.354123204947e-01 3.035089671612e-01 2.266774624586e-01 5.925067514181e-02 2.655405364931e-02 3.763959556818e-02 3.977593779564e-02 2.036949433386e-02 1.905893720686e-02 2.373925782740e-02 8.745908737183e-02 2.001184970140e-01 4.710989445448e-02 3.181416913867e-02 2.313713543117e-02 1.550881005824e-02 7.865212857723e-03 6.762159056962e-03 6.590050179511e-03 6.216164212674e-03 5.910058971494e-03 6.158787291497e-03 6.483858451247e-03 6.878260057420e-03 6.946819368750e-03 6.465163547546e-03 5.931083112955e-03 5.545782856643e-03 5.276383832097e-03 5.116503220052e-03 5.697696004063e-03 8.732863701880e-03 1.191156916320e-02
2.341245673597e-02 3.155446425080e-02 4.037491977215e-02 4.219088330865e-02 5.780163779855e-02 7.980934530497e-02 1.029507070780e-01 9.710168093443e-02 1.557544767857e-01 2.274252474308e-01 2.253350019455e-01 1.079869940877e-01 7.692943513393e-02 6.835658848286e-02 4.408409819007e-02 4.665883630514e-02 1.292266789824e-02 7.978562265635e-03 9.791702032089e-03 1.096384041011e-02 8.300948888063e-03 9.939793497324e-03 1.575934141874e-02 1.582607440650e-02 1.435972470790e-02 8.806182071567e-03 4.290016368032e-03 3.852738067508e-03 4.514065571129e-03 5.200503394008e-03 5.546748638153e-03 5.667360499501e-03 5.636410322040e-03 5.389573052526e-03 4.687422886491e-03 3.761991392821e-03 3.008290892467e-03 2.978886710480e-03 3.156666643918e-03 3.673101309687e-03 4.606417845935e-03 7.859016768634e-03 1.051444187760e-02
4.950873181224e-02 7.475479692221e-02 4.961787909269e-02 2.331958524883e-02 2.712083980441e-02 9.905828535557e-02 2.777542173862e-01 3.695678114891e-01 2.764140963554e-01 1.362336277962e-01 7.373138517141e-02 4.745209217072e-02 3.429653123021e-02 5.522471666336e-02 4.577714949846e-02 1.710636541247e-02 5.682692863047e-03 5.172375123948e-03 5.391879938543e-03 7.314720191061e-03 5.453728139400e-03 4.966532811522e-03 5.749078467488e-03 6.481734570116e-03 5.872680339962e-03 5.359660834074e-03 4.343539942056e-03 4.520156420767e-03 3.804216394201e-03 4.356360062957e-03 4.560205619782e-03 4.249637946486e-03 4.050121642649e-03 3.912315238267e-03 2.751690335572e-03 2.662391634658e-03 2.828245516866e-03 2.817859873176e-03 2.759535796940e-03 2.919177059084e-03 3.570223692805e-03 6.820829119533e-03 1.000420842320e-02
7.052239775658e-02 8.213691413403e-02 2.772040292621e-02 2.877682261169e-02 1.017918810248e-01 1.821413040161e-01 1.876916438341e-01 1.605841517448e-01 1.347474753857e-01 6.386195868254e-02 5.647889897227e-02 6.836300343275e-02 4.204838722944e-02 2.654613927007e-02 1.170317549258e-02 6.302279885858e-03 3.991933073848e-03 3.779250197113e-03 3.631719620898e-03 4.583057481796e-03 4.074159078300e-03 4.077396355569e-03 3.793924814090e-03 3.746154019609e-03 3.632160136476e-03 3.708049887791e-03 3.583320416510e-03 3.643305040896e-03 3.920456394553e-03 3.755445824936e-03 3.804276464507e-03 3.134110942483e-03 3.461421234533e-03 3.631360596046e-03 2.889005467296e-03 2.208309015259e-03 2.643277402967e-03 2.813032362610e-03 2.825202653185e-03 2.776155015454e-03 2.849593292922e-03 3.665609983727e-03 6.166773848236e-03
3.081577084959e-02 5.068243294954e-02 7.318225502968e-02 9.525765478611e-02 1.047798767686e-01 8.579207211733e-02 9.685152769089e-02 1.194722130895e-01 1.702643334866e-01 6.637061387300e-02 6.881700456142e-02 4.187836870551e-02 1.687552407384e-02 7.106713484973e-03 4.920898936689e-03 4.011849407107e-03 3.597697708756e-03 3.243612358347e-03 2.972519723698e-03 2.799699548632e-03 3.112785052508e-03 2.411647001281e-03 2.444076817483e-03 2.435361500829e-03 2.566666342318e-03 2.695615869015e-03 2.720030024648e-03 2.491219667718e-03 2.144192811102e-03 2.573438221589e-03 2.500040223822e-03 2.427127212286e-03 2.722876146436e-03 3.027529222891e-03 2.784535288811e-03 2.181438729167e-03 2.455667825416e-03 2.757942769676e-03 2.832362428308e-03 2.870855387300e-03 3.329145489261e-03 3.995989914984e-03 5.035100970417e-03
3.393621742725e-02 1.032604053617e-01 1.913768053055e-01 1.122607961297e-01 7.215843349695e-02 1.256691366434e-01 1.671728342772e-01 2.247989028692e-01 1.102878823876e-01 5.670034140348e-02 2.676232531667e-02 1.550553552806e-02 6.531987804919e-03 4.182829521596e-03 2.946795197204e-03 2.492605010048e-03 2.289219060913e-03 2.128225285560e-03 2.185434335843e-03 2.328513190150e-03 2.389234956354e-03 2.213503932580e-03 2.157265320420e-03 2.314810175449e-03 2.765674144030e-03 3.221471793950e-03 3.523153252900e-03 3.423928981647e-03 2.704198705032e-03 2.094309544191e-03 2.081657759845e-03 1.920904614963e-03 1.942529459484e-03 2.429627580568e-03 2.516577485949e-03 2.345986431465e-03 2.233063103631e-03 2.616515150294e-03 2.762507647276e-03 2.790369559079e-03 3.192896721885e-03 4.423397593200e-03 5.986064672470e-03
6.381493806839e-02 2.003034502268e-01 1.535885035992e-01 1.247694119811e-01 1.367066055536e-01 1.306397318840e-01 9.153199195862e-02 8.882211148739e-02 6.967806816101e-02 3.563534468412e-02 1.294988673180e-02 8.035236969590e-03 4.347487352788e-03 2.792958635837e-03 2.220345661044e-03 1.832802430727e-03 1.829468412325e-03 1.953579019755e-03 1.907946658321e-03 1.847354928032e-03 2.007253933698e-03 2.054512500763e-03 1.998985186219e-03 2.003986155614e-03 2.520902780816e-03 3.094836603850e-03 3.514370881021e-03 3.505584551021e-03 2.846501767635e-03 1.936072483659e-03 2.023023087531e-03 2.094456925988e-03 1.712315250188e-03 1.786682405509e-03 2.132397843525e-03 2.381998114288e-03 2.407019259408e-03 2.394523471594e-03 2.617825055495e-03 2.732747001573e-03 2.704941667616e-03 3.068693215027e-03 3.884627716616e-03
8.592715114355e-02 1.457543224096e-01 8.684853464365e-02 5.297261476517e-02 3.532150387764e-02 4.339770227671e-02 3.794253244996e-02 4.531858861446e-02 3.847457095981e-02 1.337185315788e-02 9.357103146613e-03 5.576193798333e-03 4.606960341334e-03 3.417439293116e-03 2.129880245775e-03 1.729410141706e-03 1.881037838757e-03 1.896924222820e-03 1.726697199047e-03 1.655243569985e-03 1.920785871334e-03 2.103795530275e-03 2.201647032052e-03 2.124515129253e-03 1.966725103557e-03 2.350481692702e-03 2.623490756378e-03 2.600237494335e-03 2.149176551029e-03 1.740710111335e-03 1.797904376872e-03 1.973087899387e-03 1.882527489215e-03 1.589298946783e-03 1.635262044147e-03 1.945685478859e-03 2.163544530049e-03 2.123928861693e-03 2.416886389256e-03 2.624794375151e-03 2.673612674698e-03 2.810664009303e-03 3.153673140332e-03
1.226109638810e-01 1.011476293206e-01 3.272825479507e-02 2.480580471456e-02 2.630489133298e-02 1.580370031297e-02 2.232976630330e-02 3.645713254809e-02 2.428044378757e-02 1.177850458771e-02 8.841839618981e-03 4.940781276673e-03 4.813045263290e-03 4.561184439808e-03 2.851941389963e-03 2.252176171169e-03 1.911462750286e-03 1.824318547733e-03 1.572409411892e-03 1.595404348336e-03 1.930973608978e-03 2.315996447578e-03 2.546379575506e-03 2.378497738391e-03 2.031304175034e-03 1.742230146192e-03 1.874420326203e-03 2.001814544201e-03 2.008619019762e-03 2.148482715711e-03 1.930703409016e-03 1.786470646039e-03 1.808442058973e-03 1.640253118239e-03 1.584363868460e-03 1.905930344947e-03 2.083666156977e-03 2.029403112829e-03 2.176431240514e-03 2.448531100526e-03 2.567347837612e-03 2.868648385629e-03 3.623367054388e-03
1.939107775688e-01 8.514897525311e-02 1.667817682028e-02 1.192145794630e-02 9.103723801672e-03 1.121860835701e-02 1.197724416852e-02 2.725503034890e-02 2.760261483490e-02 1.682252064347e-02 8.384437300265e-03 4.788057412952e-03 4.141840152442e-03 4.326940979809e-03 3.548814682290e-03 2.181406132877e-03 1.893880427815e-03 1.753811025992e-03 1.456543104723e-03 1.576936803758e-03 1.975878840312e-03 2.579759340733e-03 2.813515020534e-03 2.498666057363e-03 2.098467899486e-03 1.848096842878e-03 1.935431268066e-03 2.156134229153e-03 2.253945218399e-03 2.248358679935e-03 2.082637511194e-03 1.730369287543e-03 1.985470764339e-03 1.644815667532e-03 1.542967511341e-03 1.677885302342e-03 2.109029563144e-03 2.321890788153e-03 2.473516855389e-03 2.811312675476e-03 3.228273475543e-03 3.351145191118e-03 3.257055534050e-03
1.665505021811e-01 5.140417814255e-02 1.270178519189e-02 7.154911290854e-03 6.560254376382e-03 7.613591849804e-03 1.408482994884e-02 1.802455261350e-02 2.167769335210e-02 1.512976642698e-02 9.943607263267e-03 5.560813006014e-03 3.644329495728e-03 3.127523465082e-03 2.993727102876e-03 2.528053242713e-03 2.198358764872e-03 2.415570430458e-03 2.015927108005e-03 1.740711973980e-03 2.170505933464e-03 2.898144768551e-03 3.016847418621e-03 2.534088212997e-03 2.151717199013e-03 1.960676163435e-03 2.021122258157e-03 2.270613564178e-03 2.456868765876e-03 2.296797931194e-03 2.055478282273e-03 1.700295484625e-03 2.025408204645e-03 1.565238577314e-03 1.513622235507e-03 1.455444493331e-03 1.584489713423e-03 2.087361877784e-03 2.659087069333e-03 3.423640970141e-03 4.179685842246e-03 4.477421287447e-03 4.527652636170e-03
8.768574148417e-02 1.612923294306e-02 7.577039767057e-03 6.590331904590e-03 5.511246155947e-03 5.624264013022e-03 9.085102938116e-03 5.032393150032e-03 1.316616218537e-02 1.989908888936e-02 1.414599735290e-02 1.076270639896e-02 5.380650982261e-03 3.307225881144e-03 2.825091592968e-03 2.851905766875e-03 3.024543635547e-03 2.719646785408e-03 2.380003454164e-03 2.123444341123e-03 2.595373662189e-03 3.187343478203e-03 3.068855730817e-03 2.584269270301e-03 2.306566573679e-03 2.170332707465e-03 2.160235075280e-03 2.383725950494e-03 2.597779268399e-03 2.495702356100e-03 2.090471563861e-03 1.669098506682e-03 1.911513041705e-03 1.732290955260e-03 1.502123428509e-03 1.493065501563e-03 1.438320847228e-03 1.503526000306e-03 1.922777621076e-03 2.939349738881e-03 4.013809375465e-03 4.679617006332e-03 5.061272066087e-03
2.373225986958e-02 9.185351431370e-03 5.947135854512e-03 5.687614437193e-03 4.442844539881e-03 4.036135505885e-03 4.081778228283e-03 3.814725205302e-03 4.789474420249e-03 1.641621999443e-02 1.819569803774e-02 2.666998840868e-02 1.706725731492e-02 6.130759604275e-03 3.802780760452e-03 3.169807139784e-03 3.405959345400e-03 4.034075886011e-03 3.753752913326e-03 2.996583934873e-03 2.957302378491e-03 3.312419168651e-03 2.977882511914e-03 2.570329932496e-03 2.419078955427e-03 2.395362826064e-03 2.441061427817e-03 2.436499577016e-03 2.659836085513e-03 2.681565005332e-03 2.318266313523e-03 1.790393609554e-03 1.792843220755e-03 1.794454874471e-03 1.674732426181e-03 1.715420163237e-03 1.698510837741e-03 1.668709795922e-03 1.646668533795e-03 1.693103229627e-03 2.284527756274e-03 3.042264375836e-03 3.586360951886e-03
8.461119607091e-03 5.297192838043e-03 5.329791456461e-03 4.646480549127e-03 3.789679147303e-03 3.438879968598e-03 2.967397682369e-03 2.963883103803e-03 3.512531286106e-03 6.803699769080e-03 2.719524130225e-02 6.676859408617e-02 4.581576958299e-02 1.460634451360e-02 6.418566685170e-03 3.984159789979e-03 3.535789670423e-03 4.245493095368e-03 4.105826374143e-03 4.367743618786e-03 4.203150514513e-03 3.464541397989e-03 3.097938140854e-03 2.779238857329e-03 2.694106660783e-03 2.713766880333e-03 2.708603627980e-03 2.638197503984e-03 2.668805886060e-03 2.827091142535e-03 2.562830690295e-03 1.874384121038e-03 1.747164875269e-03 1.723205787130e-03 1.807390130125e-03 1.940081827343e-03 2.030426170677e-03 2.058428479359e-03 2.040768275037e-03 1.966316485777e-03 1.974696060643e-03 2.077477751300e-03 2.143815858290e-03
7.665402721614e-03 4.361287690699e-03 4.744553472847e-03 3.628347767517e-03 2.963529899716e-03 2.780851675197e-03 2.416481962427e-03 2.515653613955e-03 2.534775529057e-03 4.717449191958e-03 2.060193568468e-02 5.556744337082e-02 5.021930858493e-02 3.235589340329e-02 7.837129756808e-03 4.327713511884e-03 3.293809713796e-03 4.746874794364e-03 5.633763503283e-03 5.283207632601e-03 4.320031031966e-03 3.378563560545e-03 3.344357479364e-03 3.145199269056e-03 3.039307659492e-03 2.968820044771e-03 2.841679845005e-03 2.592145930976e-03 2.695784205571e-03 2.859351458028e-03 2.525774063542e-03 1.967360731214e-03 2.037402708083e-03 1.972311176360e-03 1.870663720183e-03 1.813287730329e-03 1.937175635248e-03 2.011633943766e-03 1.990401418880e-03 1.862105098553e-03 2.069468842819e-03 2.442656783387e-03 2.707646694034e-03
9.450403042138e-03 4.957409109920e-03 4.173402208835e-03 3.226412925869e-03 2.409364562482e-03 2.273621968925e-03 2.324262633920e-03 2.283435780555e-03 2.297759056091e-03 2.949894405901e-03 7.823518477380e-03 2.853035554290e-02 1.036549732089e-01 7.997834682465e-02 1.340965274721e-02 5.057501140982e-03 5.573854781687e-03 5.945395678282e-03 5.285436753184e-03 4.205451812595e-03 3.415511222556e-03 3.484829794616e-03 3.692987607792e-03 3.575653536245e-03 3.331927349791e-03 3.022835357115e-03 2.615269506350e-03 2.375134732574e-03 2.793141873553e-03 2.881561405957e-03 2.609201241285e-03 2.898537321016e-03 2.906185109168e-03 2.749231411144e-03 2.473632805049e-03 1.924431184307e-03 1.616118242964e-03 1.608190825209e-03 1.652437611483e-03 1.775676850230e-03 2.085819607601e-03 2.598824677989e-03 3.218589117751e-03
1.000651437789e-02 5.631076171994e-03 4.223376978189e-03 2.815276151523e-03 2.109345281497e-03 2.212467370555e-03 2.184367273003e-03 2.225599717349e-03 2.002516528592e-03 2.256812527776e-03 4.420930985361e-03 1.451597176492e-02 5.036735907197e-02 4.438171163201e-02 1.481501571834e-02 8.426850661635e-03 6.924558896571e-03 5.371691193432e-03 4.137404263020e-03 3.312345594168e-03 3.299047471955e-03 3.518715500832e-03 3.740097396076e-03 3.556163748726e-03 3.071337938309e-03 2.491675084457e-03 2.045250264928e-03 2.233945066109e-03 2.814813517034e-03 2.967994427308e-03 3.092715749517e-03 3.398269880563e-03 3.374583786353e-03 3.144122427329e-03 2.673869952559e-03 2.010060008615e-03 2.058903686702e-03 2.137241652235e-03 2.263760427013e-03 2.371331676841e-03 2.400802681223e-03 2.675192430615e-03 3.450619289652e-03
9.354203939438e-03 5.035935901105e-03 3.552703186870e-03 2.210417296737e-03 2.025526016951e-03 2.184989163652e-03 2.110081957653e-03 1.824200619012e-03 1.448014867492e-03 2.035538665950e-03 3.760370193049e-03 6.424342747778e-03 1.776639930904e-02 2.108821086586e-02 1.526114623994e-02 9.341562166810e-03 5.905928555876e-03 4.196176771075e-03 3.888220991939e-03 3.774591721594e-03 3.397718071938e-03 3.211853792891e-03 3.105905372649e-03 2.728393301368e-03 2.152268076316e-03 1.905460492708e-03 1.882476266474e-03 2.016757614911e-03 2.629356458783e-03 2.949094166979e-03 2.190013881773e-03 2.389346482232e-03 2.390299690887e-03 2.235905732960e-03 2.172770909965e-03 2.374239033088e-03 2.565494971350e-03 2.818826120347e-03 3.094894345850e-03 3.250365843996e-03 3.191259689629e-03 2.973591443151e-03 3.387263044715e-03
8.356991223991e-03 3.723599715158e-03 2.552505349740e-03 1.583370263688e-03 1.896433765069e-03 2.104417420924e-03 2.015497535467e-03 1.662303460762e-03 1.226352294907e-03 1.832205452956e-03 3.378967056051e-03 5.228954833001e-03 1.236119680107e-02 1.584083959460e-02 1.230566110462e-02 7.283241488039e-03 4.507820121944e-03 4.182684700936e-03 4.114331211895e-03 3.448108909652e-03 2.740554744378e-03 2.288597868755e-03 2.002209424973e-03 1.677704392932e-03 1.558027230203e-03 1.535027055070e-03 1.543459366076e-03 1.716847298667e-03 2.293680328876e-03 2.690359717235e-03 2.088515320793e-03 1.638461602852e-03 1.568963751197e-03 2.004500478506e-03 2.370790345594e-03 2.692077541724e-03 3.064282005653e-03 3.527429653332e-03 3.961806185544e-03 4.138341639191e-03 3.936134744436e-03 3.470553783700e-03 3.339810064062e-03
