100/SI/f17_max.grd
DSAA
101	101
32.816463539100	34.260883539100
35.556306596100	36.727886596100
3.960747562815e-04	9.616273880005e+00
[rows 0 to 18 of 101, columns 0 to 42 of 101]
1.007110695355e-03 1.781331957318e-03 1.802607672289e-03 1.612622989342e-03 1.500941114500e-03 1.334113418125e-03 1.295123714954e-03 1.974402228370e-03 2.031221520156e-03 1.450979965739e-03 1.218713354319e-03 1.156716723926e-03 1.133229816332e-03 1.174067729153e-03 1.254336559214e-03 1.504879794084e-03 2.297233324498e-03 2.563185757026e-03 2.299971645698e-03 3.276873147115e-03 5.037595983595e-03 6.936032790691e-03 7.100336253643e-03 4.857912659645e-03 2.379933604971e-03 1.695418730378e-03 2.028066664934e-03 1.702455105260e-03 2.947681816295e-03 2.409050473943e-03 1.550422050059e-03 1.549626234919e-03 1.749402843416e-03 2.066025277600e-03 2.258478431031e-03 2.155988244340e-03 1.948116347194e-03 2.199911745265e-03 2.538470551372e-03 2.604503184557e-03 2.307825488970e-03 1.632208703086e-03 1.744141336530e-03
2.127604791895e-03 3.631380386651e-03 3.538266755641e-03 3.179894294590e-03 2.835333580151e-03 2.471495652571e-03 2.364575397223e-03 3.616966307163e-03 3.648382611573e-03 2.633800264448e-03 2.114892005920e-03 2.062124665827e-03 2.089526969939e-03 2.214278327301e-03 2.114424714819e-03 2.551021985710e-03 3.585061524063e-03 4.708335734904e-03 4.149245563895e-03 5.371174775064e-03 8.354022167623e-03 1.224413514137e-02 1.388580445200e-02 1.058159861714e-02 5.706893745810e-03 3.060537623242e-03 3.494433825836e-03 3.083077259362e-03 5.661157891154e-03 4.496084060520e-03 2.811378333718e-03 2.827903954312e-03 3.291393164545e-03 3.701000474393e-03 4.194362554699e-03 4.176400601864e-03 3.850901732221e-03 4.433894995600e-03 4.959618207067e-03 4.859812557697e-03 4.079832229763e-03 2.949704881757e-03 3.252427792177e-03
2.709244610742e-03 4.832410719246e-03 4.677992314100e-03 3.933641128242e-03 3.306605620310e-03 2.726482227445e-03 2.866107970476e-03 3.909023478627e-03 3.864498343319e-03 2.782350638881e-03 2.391031011939e-03 2.401708159596e-03 2.357360441238e-03 2.320923609659e-03 2.359412377700e-03 2.488809870556e-03 2.867209026590e-03 3.655722364783e-03 4.493750166148e-03 5.823365412652e-03 8.251028135419e-03 1.270695123821e-02 1.635956019163e-02 1.474893838167e-02 9.381175972521e-03 5.086327437311e-03 3.578973934054e-03 3.491569310427e-03 6.685615982860e-03 5.064743570983e-03 3.363717114553e-03 3.412086283788e-03 4.477553069592e-03 3.874067449942e-03 4.551797639579e-03 4.858064465225e-03 5.269384011626e-03 5.930696148425e-03 6.219209637493e-03 5.637966562063e-03 4.410429392010e-03 3.400938585401e-03 3.854319918901e-03
2.982997568324e-03 5.598986987025e-03 5.685437936336e-03 4.837183281779e-03 3.753393655643e-03 2.841233741492e-03 3.175950376317e-03 4.075508099049e-03 3.860929748043e-03 2.772502368316e-03 2.565349452198e-03 2.402222715318e-03 2.426479011774e-03 2.446703147143e-03 2.435020403937e-03 2.457895316184e-03 2.641628030688e-03 3.179596504197e-03 4.262751899660e-03 5.835942458361e-03 7.709892932326e-03 1.136184018105e-02 1.642877794802e-02 1.768734864891e-02 1.369822677225e-02 8.525629527867e-03 4.974863491952e-03 3.925241529942e-03 6.842793896794e-03 5.006307736039e-03 3.479531267658e-03 3.568707732484e-03 5.163103807718e-03 4.073622170836e-03 4.649152979255e-03 5.476155318320e-03 6.378735881299e-03 6.783117540181e-03 6.600908935070e-03 5.746671929955e-03 6.298123858869e-03 3.668276127428e-03 4.120659548789e-03
3.218085039407e-03 6.175205111504e-03 6.644838489592e-03 5.765188951045e-03 4.619258921593e-03 3.255761461332e-03 3.447283990681e-03 4.374618176371e-03 3.767763264477e-03 3.091247519478e-03 2.830996643752e-03 2.781650051475e-03 3.009853186086e-03 3.031393047422e-03 2.884028712288e-03 2.573811914772e-03 2.590523334220e-03 2.917181700468e-03 3.820943878964e-03 5.461096763611e-03 7.750461809337e-03 9.908232837915e-03 1.528872549534e-02 1.917542889714e-02 1.780311949551e-02 1.318185031414e-02 8.584369905293e-03 6.172982975841e-03 6.630085408688e-03 5.813643336296e-03 3.363249823451e-03 3.609319683164e-03 5.519852042198e-03 4.710677079856e-03 5.542806349695e-03 6.458518095315e-03 7.204490713775e-03 7.140242494643e-03 6.397013552487e-03 6.186676211655e-03 7.849153131247e-03 3.867595456541e-03 4.384056665003e-03
3.385048825294e-03 6.709649693221e-03 7.503901142627e-03 6.832333747298e-03 5.541439633816e-03 4.092395305634e-03 3.681019879878e-03 4.583008121699e-03 3.928188234568e-03 3.162881825119e-03 3.235561074689e-03 3.309414023533e-03 3.498405450955e-03 3.480403218418e-03 3.299415344372e-03 2.913463627920e-03 2.726879902184e-03 2.828541444615e-03 3.488434711471e-03 5.379157606512e-03 7.366703823209e-03 1.024303771555e-02 1.338153798133e-02 1.907463558018e-02 2.065782621503e-02 1.770560443401e-02 1.319377683103e-02 8.708909153938e-03 7.779000326991e-03 6.624513771385e-03 3.554589115083e-03 3.876799484715e-03 6.397553253919e-03 5.653796717525e-03 6.608401890844e-03 7.303403690457e-03 7.528028450906e-03 6.853026337922e-03 5.789856892079e-03 6.527985446155e-03 8.688751608133e-03 5.243157036602e-03 4.593496676534e-03
3.395747160539e-03 6.956727709621e-03 8.257252164185e-03 7.976518012583e-03 6.808548234403e-03 5.049911793321e-03 3.877790644765e-03 4.740920849144e-03 5.087976343930e-03 4.463819321245e-03 3.323179204017e-03 3.608673345298e-03 3.735032631084e-03 3.645991906524e-03 3.373767249286e-03 3.121332032606e-03 2.905463334173e-03 2.926344983280e-03 4.227492026985e-03 6.069338880479e-03 6.790084764361e-03 1.002937275916e-02 1.264657732099e-02 1.721342839301e-02 2.126187272370e-02 2.085423097014e-02 1.735473796725e-02 1.285207457840e-02 1.155267935246e-02 7.104166317731e-03 4.097625613213e-03 4.590899683535e-03 7.029965985566e-03 6.906058639288e-03 7.580928970128e-03 7.674742024392e-03 7.124035619199e-03 6.222252734005e-03 5.119363311678e-03 6.853084079921e-03 8.934550918639e-03 7.392907049507e-03 4.837935324758e-03
3.193569369614e-03 6.778854876757e-03 8.566902950406e-03 9.045855142176e-03 8.268555626273e-03 6.545911077410e-03 4.689499270171e-03 4.976987838745e-03 5.798087455332e-03 5.823845509440e-03 4.060762934387e-03 3.686437150463e-03 3.734798869118e-03 3.584105987102e-03 3.374683903530e-03 3.446810413152e-03 3.895503934473e-03 3.238383214921e-03 4.689515568316e-03 6.331472657621e-03 6.708720698953e-03 9.245201945305e-03 1.274566259235e-02 1.458415109664e-02 1.967645995319e-02 2.193932794034e-02 2.035091444850e-02 1.647517457604e-02 1.538517419249e-02 8.294880390167e-03 5.225557833910e-03 5.827912595123e-03 7.170864380896e-03 7.903079502285e-03 7.805349770933e-03 7.153914310038e-03 6.242432165891e-03 6.782603450119e-03 5.566828418523e-03 7.038534153253e-03 8.562752045691e-03 9.485009126365e-03 5.210982169956e-03
2.737214555964e-03 6.008689291775e-03 8.267512544990e-03 9.614886716008e-03 9.739615954459e-03 8.513364940882e-03 6.209189537913e-03 5.222929641604e-03 5.976777523756e-03 6.825677119195e-03 5.596906878054e-03 3.809439018369e-03 3.731555305421e-03 3.491203999147e-03 3.573102410883e-03 3.648350015283e-03 4.882548470050e-03 4.377406090498e-03 4.634068347514e-03 6.035358645022e-03 6.125880405307e-03 8.152074180543e-03 1.222764514387e-02 1.517878007144e-02 1.650709845126e-02 2.045750804245e-02 2.087099663913e-02 1.868893392384e-02 1.752202771604e-02 1.069525629282e-02 6.477476097643e-03 7.288231980056e-03 8.020677603781e-03 7.874658331275e-03 7.191309705377e-03 6.248440127820e-03 5.717548076063e-03 7.065877784044e-03 6.528553087264e-03 7.047802209854e-03 7.712197024375e-03 1.102198660374e-02 5.534703377634e-03
2.246391028166e-03 4.970948677510e-03 7.315700873733e-03 9.320458397269e-03 1.063630357385e-02 1.065019331872e-02 8.708978071809e-03 5.981763824821e-03 5.712964572012e-03 7.270486559719e-03 6.958469282836e-03 4.825469572097e-03 3.876955015585e-03 3.898792201653e-03 3.768725320697e-03 3.904198994860e-03 5.217140074819e-03 5.342224612832e-03 4.672679584473e-03 5.414300598204e-03 5.354500841349e-03 7.035088725388e-03 1.112395431846e-02 1.517715677619e-02 1.702656783164e-02 1.683705672622e-02 1.874488405883e-02 1.834595017135e-02 1.838211901486e-02 1.354802772403e-02 9.390793740749e-03 8.039273321629e-03 7.985793054104e-03 7.289445493370e-03 6.426157895476e-03 5.522724241018e-03 5.183210596442e-03 7.093702908605e-03 7.384921889752e-03 7.401388604194e-03 7.418232969940e-03 1.170709729195e-02 5.751276388764e-03
2.226446056738e-03 3.986176103354e-03 5.962768103927e-03 8.334341458976e-03 1.054841466248e-02 1.175538729876e-02 1.110450830311e-02 8.568275719881e-03 6.246486678720e-03 7.146771065891e-03 7.901141420007e-03 6.472437642515e-03 4.277739673853e-03 4.106788430363e-03 4.420401994139e-03 4.697565920651e-03 5.174807272851e-03 5.780081264675e-03 6.725212559104e-03 6.943872664124e-03 5.681904964149e-03 6.045241374522e-03 9.568370878696e-03 1.417950727046e-02 1.727818511426e-02 1.749587059021e-02 1.632214151323e-02 1.603071577847e-02 1.849956810474e-02 1.498349010944e-02 1.215216796845e-02 8.377181366086e-03 8.283550851047e-03 7.686386350542e-03 6.885489448905e-03 5.929719656706e-03 5.988591816276e-03 6.761055905372e-03 7.933106273413e-03 7.567081134766e-03 8.163188584149e-03 1.164430566132e-02 8.017097599804e-03
2.263030735776e-03 4.116510041058e-03 4.814317449927e-03 6.767713464797e-03 9.382955729961e-03 1.150182541460e-02 1.239009294659e-02 1.086694095284e-02 8.599135093391e-03 6.733638234437e-03 8.204618468881e-03 7.975565269589e-03 5.592220462859e-03 4.646063782275e-03 4.946444183588e-03 5.235908553004e-03 5.498578771949e-03 6.262695882469e-03 8.444296196103e-03 8.531489409506e-03 7.140188943595e-03 5.572110414505e-03 7.963361218572e-03 1.227725669742e-02 1.644703745842e-02 1.793442480266e-02 1.715679094195e-02 1.523181982338e-02 1.617353223264e-02 1.427072938532e-02 1.388464309275e-02 1.093290373683e-02 9.124641306698e-03 8.229022845626e-03 7.145680952817e-03 6.653727963567e-03 6.218545138836e-03 6.195452995598e-03 8.062488399446e-03 8.536602370441e-03 9.143965318799e-03 1.082948595285e-02 1.058042049408e-02
2.211766783148e-03 4.068790934980e-03 4.830094054341e-03 5.203178152442e-03 7.405400741845e-03 1.006061956286e-02 1.220169384032e-02 1.206816826016e-02 1.058422401547e-02 8.472159504890e-03 7.857539691031e-03 8.921572938561e-03 7.490701042116e-03 4.850194789469e-03 5.117162130773e-03 5.407488904893e-03 5.747576244175e-03 6.696062162519e-03 8.951761759818e-03 8.925487287343e-03 7.547763176262e-03 6.634516175836e-03 6.882302928716e-03 1.009516417980e-02 1.432738639414e-02 1.723563857377e-02 1.745858602226e-02 1.589991897345e-02 1.397902797908e-02 1.220253482461e-02 1.359719317406e-02 1.314279064536e-02 9.491501376033e-03 8.689105510712e-03 7.729322649539e-03 6.915159057826e-03 6.044949870557e-03 5.464840680361e-03 7.781481835991e-03 1.093946769834e-02 9.995456784964e-03 9.779945015907e-03 1.264230720699e-02
2.338451566175e-03 4.720503464341e-03 4.463645163924e-03 5.016727373004e-03 5.477373488247e-03 7.821607403457e-03 1.050054188818e-02 1.199008617550e-02 1.160248182714e-02 9.786348789930e-03 7.590807508677e-03 9.075655601919e-03 9.128974750638e-03 6.557162385434e-03 5.599199794233e-03 5.620626267046e-03 5.490115378052e-03 6.028747651726e-03 7.805694360286e-03 7.939670234919e-03 7.293530739844e-03 7.340692449361e-03 7.099749986082e-03 7.977630943060e-03 1.170777250081e-02 1.496619731188e-02 1.622170023620e-02 1.568868197501e-02 1.446387544274e-02 1.285097468644e-02 1.188384741545e-02 1.362978760153e-02 1.233447529376e-02 9.597185999155e-03 8.448103442788e-03 7.201541680843e-03 6.165019702166e-03 5.162120796740e-03 7.199522573501e-03 1.138335652649e-02 1.174639817327e-02 1.112572848797e-02 1.390910334885e-02
2.556008519605e-03 4.881174303591e-03 4.943084903061e-03 4.992727190256e-03 5.052473396063e-03 5.701502785087e-03 8.220991119742e-03 1.061074715108e-02 1.175432838500e-02 1.084262877703e-02 8.851839229465e-03 8.503080345690e-03 1.004260219634e-02 8.700960315764e-03 5.518414080143e-03 6.348683498800e-03 6.387401372194e-03 6.121490150690e-03 6.081159692258e-03 6.738559342921e-03 7.263278122991e-03 7.483934517950e-03 7.297189906240e-03 7.188095711172e-03 9.150736033916e-03 1.221418008208e-02 1.391579397023e-02 1.426052674651e-02 1.392079424113e-02 1.310300827026e-02 1.199445035309e-02 1.255073212087e-02 1.394295040518e-02 1.224028132856e-02 8.498497307301e-03 8.379102684557e-03 6.270460784435e-03 6.187516730279e-03 6.767986342311e-03 9.599269367754e-03 1.482627261430e-02 1.179757714272e-02 1.411504298449e-02
2.689240034670e-03 5.283540580422e-03 5.847268737853e-03 5.593214649707e-03 5.238645710051e-03 5.038063973188e-03 6.182731594890e-03 8.588878437877e-03 1.080056186765e-02 1.154912356287e-02 1.026500575244e-02 8.527263067663e-03 9.965945035219e-03 1.040760613978e-02 7.652621716261e-03 6.038582418114e-03 7.075908593833e-03 7.203315384686e-03 6.909260526299e-03 6.669338792562e-03 6.986774038523e-03 8.012916892767e-03 7.521057967097e-03 7.323452737182e-03 7.016393821687e-03 9.458667598665e-03 1.126918289810e-02 1.210160925984e-02 1.247408427298e-02 1.263327244669e-02 1.242944225669e-02 1.259788032621e-02 1.383173838258e-02 1.661412790418e-02 1.168770901859e-02 9.964634664357e-03 7.881529629230e-03 7.174801081419e-03 7.593373768032e-03 8.219132199883e-03 1.651290245354e-02 1.206244248897e-02 1.330399978906e-02
2.968936460093e-03 5.633255932480e-03 6.500835996121e-03 6.552740931511e-03 6.192889995873e-03 6.021283566952e-03 5.539385601878e-03 6.844930350780e-03 9.484866634011e-03 1.164417155087e-02 1.173527352512e-02 1.021842192858e-02 9.135743603110e-03 1.114787533879e-02 1.008292380720e-02 6.190664134920e-03 6.534101441503e-03 7.527895271778e-03 7.773274090141e-03 8.315485902131e-03 8.295730687678e-03 7.774404250085e-03 8.942792192101e-03 9.178007952869e-03 8.331331424415e-03 7.032795809209e-03 8.624949492514e-03 1.127800159156e-02 1.027834229171e-02 1.143738441169e-02 1.244231499732e-02 1.334507763386e-02 1.321209594607e-02 1.874100230634e-02 1.396006904542e-02 1.123528275639e-02 8.827467449009e-03 7.240140810609e-03 8.248934522271e-03 7.465741597116e-03 1.590998284519e-02 1.588525623083e-02 1.273384224623e-02
2.943271072581e-03 5.923275370151e-03 6.782897282392e-03 7.028898689896e-03 7.110674865544e-03 6.930107716471e-03 6.676952820271e-03 6.330585572869e-03 7.804974447936e-03 1.048023067415e-02 1.242805831134e-02 1.221502292901e-02 1.040084473789e-02 1.087891124189e-02 1.177857164294e-02 9.000454097986e-03 7.326719816774e-03 7.469875738025e-03 8.188607171178e-03 8.764564059675e-03 9.792403317988e-03 9.621907956898e-03 8.721462450922e-03 7.726603187621e-03 7.489456795156e-03 7.363706827164e-03 7.446615025401e-03 1.111544668674e-02 1.064899656922e-02 9.573969990015e-03 1.199730765074e-02 1.353822834790e-02 1.387741509825e-02 1.859659329057e-02 1.611571013927e-02 1.244838163257e-02 8.682565763593e-03 6.775414571166e-03 9.007048793137e-03 6.499687209725e-03 1.307804509997e-02 2.027067355812e-02 1.396475452930e-02
2.590684453025e-03 5.341607145965e-03 6.613440811634e-03 7.302445359528e-03 7.719826884568e-03 8.030210621655e-03 7.561157457530e-03 7.111354731023e-03 6.899431347847e-03 8.698136545718e-03 1.151550188661e-02 1.334327552468e-02 1.260729413480e-02 1.074417028576e-02 1.233853027225e-02 1.163127180189e-02 9.226933121681e-03 9.129406884313e-03 8.552596904337e-03 9.084077551961e-03 1.003045216203e-02 1.129378937185e-02 1.021847035736e-02 8.830158971250e-03 7.100652437657e-03 7.605129387230e-03 8.134797215462e-03 1.061162725091e-02 1.138356886804e-02 9.337993338704e-03 1.234631892294e-02 1.501869037747e-02 1.497220061719e-02 1.716476492584e-02 1.815679483116e-02 1.204977370799e-02 7.912815548480e-03 6.425844505429e-03 9.860117919743e-03 6.422904320061e-03 9.361359290779e-03 2.320620417595e-02 1.438201405108e-02
