100/SI/f17_max.grd
DSAA
101	101
32.816463539100	34.260883539100
35.556306596100	36.727886596100
3.960747562815e-04	9.616273880005e+00
[rows 76 to 94 of 101, columns 43 to 85 of 101]
3.924231603742e-02 1.862679049373e-02 3.663720563054e-02 7.962363213301e-02 9.060484170914e-02 1.935162395239e-01 1.907358616590e-01 5.442029610276e-02 4.663538560271e-02 2.097748368979e-01 4.052039384842e-01 5.996524691582e-01 4.316192567348e-01 1.511722952127e-01 5.894128233194e-02 5.165480822325e-02 4.616706818342e-02 3.090328723192e-02 3.202396631241e-02 3.043797612190e-02 8.263406902552e-02 1.947036534548e-01 5.021863803267e-02 3.799573332071e-02 3.992607817054e-02 2.701449207962e-02 2.234889753163e-02 4.726603999734e-02 5.591720342636e-02 1.931009255350e-02 1.111575588584e-02 1.519270893186e-02 2.340637147427e-02 2.523297816515e-02 3.606936708093e-02 3.881722688675e-02 4.249658435583e-02 4.777820780873e-02 3.603966534138e-02 1.520622801036e-02 1.382313482463e-02 1.529831904918e-02 2.019681781530e-02
4.085381329060e-02 6.956385076046e-02 6.669519841671e-02 9.120207279921e-02 1.842064261436e-01 1.954412609339e-01 7.552532851696e-02 5.775531381369e-02 6.362295895815e-02 3.943827450275e-01 4.121157228947e-01 2.549685835838e-01 1.703780293465e-01 9.777880460024e-02 6.864361464977e-02 4.757116362453e-02 2.052094973624e-02 2.320623025298e-02 2.136734127998e-02 1.942380145192e-02 1.455702260137e-02 1.359736919403e-02 1.701225899160e-02 2.381930500269e-02 2.806187607348e-02 1.743093691766e-02 1.297600008547e-02 2.858147211373e-02 5.853289738297e-02 3.969973698258e-02 1.298176776618e-02 1.874336041510e-02 2.183761447668e-02 2.045562118292e-02 1.768171787262e-02 2.805575914681e-02 3.318140283227e-02 3.712091222405e-02 4.294105991721e-02 3.829596191645e-02 2.286388352513e-02 1.354325935245e-02 1.773435994983e-02
1.043825820088e-01 1.953288167715e-01 9.311682730913e-02 8.199368417263e-02 7.678785175085e-02 2.109423428774e-01 9.934688359499e-02 1.032133698463e-01 9.467025101185e-02 6.556655466557e-02 7.604612410069e-02 1.236037537456e-01 1.130227446556e-01 5.682241916656e-02 4.291216284037e-02 1.726472936571e-02 1.409539487213e-02 1.510387752205e-02 1.544763147831e-02 1.369876507670e-02 9.076743386686e-03 9.446831420064e-03 1.055109966546e-02 1.896651647985e-02 2.614463865757e-02 2.007116563618e-02 1.047270465642e-02 1.922423206270e-02 4.626626148820e-02 5.749629065394e-02 1.630349084735e-02 2.119935676455e-02 2.286888659000e-02 2.185868844390e-02 1.753369718790e-02 1.281479559839e-02 2.141560241580e-02 2.829748392105e-02 3.202433139086e-02 3.697158023715e-02 3.791389241815e-02 3.011819720268e-02 1.813147962093e-02
2.127022743225e-01 2.693692743778e-01 8.707306534052e-02 6.595901399851e-02 2.054248303175e-01 1.609012782574e-01 5.630126222968e-02 4.823100566864e-02 5.720094591379e-02 1.176700368524e-01 2.144644260406e-01 1.489154398441e-01 7.444126158953e-02 2.266653627157e-02 1.674413867295e-02 1.426491234452e-02 1.253127027303e-02 8.441483601928e-03 9.225265122950e-03 8.767607621849e-03 8.251187391579e-03 7.953535765409e-03 6.015964783728e-03 1.416441798210e-02 2.363308519125e-02 2.199331857264e-02 1.281526405364e-02 1.545418333262e-02 3.143799304962e-02 6.557096540928e-02 3.159533441067e-02 1.958510465920e-02 2.391021884978e-02 2.257181145251e-02 1.854609325528e-02 1.403370592743e-02 1.126076094806e-02 1.565873436630e-02 2.352934703231e-02 2.676165662706e-02 3.000109456480e-02 3.255489096045e-02 3.149823844433e-02
8.426449447870e-02 9.978018701077e-02 1.615624576807e-01 1.697656959295e-01 1.989386379719e-01 1.582326889038e-01 1.477233767509e-01 2.471988350153e-01 3.255801498890e-01 1.372495293617e-01 1.335479021072e-01 1.634461060166e-02 2.541397698224e-02 1.400554738939e-02 9.333918802440e-03 3.364843083546e-03 7.459281943738e-03 3.883002558723e-03 5.589235574007e-03 6.336640566587e-03 6.036314647645e-03 5.374982487410e-03 3.811367088929e-03 9.942506439984e-03 2.065164409578e-02 2.245514653623e-02 1.620283536613e-02 1.378326769918e-02 2.159842662513e-02 5.999385565519e-02 4.829910770059e-02 1.610846072435e-02 2.201168797910e-02 2.235540561378e-02 1.995301246643e-02 1.672935858369e-02 1.482742000371e-02 1.246680039912e-02 1.174611784518e-02 1.805045455694e-02 2.091933228076e-02 2.184842899442e-02 2.456309273839e-02
8.076732605696e-02 1.349909156561e-01 3.102224469185e-01 1.123425364494e-01 1.637804657221e-01 2.679695487022e-01 3.923083543777e-01 4.777894318104e-01 2.433735579252e-01 1.190849095583e-01 2.377425879240e-02 6.374665535986e-03 1.203409582376e-02 9.590667672455e-03 2.272930229083e-03 2.042642794549e-03 5.001877434552e-03 5.996961146593e-03 6.174283567816e-03 4.843014758080e-03 6.168229971081e-03 4.093348514289e-03 3.168678376824e-03 6.987988017499e-03 1.674225740135e-02 2.124100737274e-02 1.764764264226e-02 1.277574989945e-02 1.592431962490e-02 4.648196324706e-02 6.278987973928e-02 2.310984209180e-02 1.751888170838e-02 2.035489305854e-02 2.123752795160e-02 2.081461995840e-02 1.980885677040e-02 1.705779507756e-02 1.327667944133e-02 9.723815135658e-03 1.223629526794e-02 1.431191340089e-02 1.499234605581e-02
1.012986823916e-01 3.117250502110e-01 1.484606117010e-01 2.631998956203e-01 3.236491680145e-01 2.865590155125e-01 1.873254328966e-01 1.062176749110e-01 1.561916917562e-01 7.007846236229e-02 1.551942061633e-02 1.085367426276e-02 9.179646149278e-03 6.616118829697e-03 5.216164048761e-03 3.133994759992e-03 4.578105639666e-03 5.055496003479e-03 4.930479917675e-03 5.013234913349e-03 5.226319190115e-03 4.547361284494e-03 5.821246653795e-03 6.241188850254e-03 1.235182024539e-02 1.848340220749e-02 1.696214266121e-02 1.216148957610e-02 1.252264715731e-02 3.357364982367e-02 6.724089384079e-02 3.653381392360e-02 1.146995648742e-02 1.578454300761e-02 2.087362483144e-02 2.493945322931e-02 2.394309639931e-02 2.020038291812e-02 1.516987290233e-02 1.074739452451e-02 7.734815590084e-03 7.232393603772e-03 9.542610496283e-03
1.203831881285e-01 2.102672010660e-01 1.457386761904e-01 8.433968573809e-02 5.927847325802e-02 7.023460417986e-02 6.034103408456e-02 7.054895907640e-02 8.462680876255e-02 2.236171439290e-02 1.182254869491e-02 9.575949981809e-03 8.062016218901e-03 6.448363419622e-03 4.987869877368e-03 4.844412673265e-03 5.009653512388e-03 4.872576799244e-03 4.560860339552e-03 4.290502984077e-03 4.625985864550e-03 5.025301128626e-03 5.339911207557e-03 5.571895744652e-03 8.605481125414e-03 1.491416711360e-02 1.530811004341e-02 1.185717713088e-02 1.027691736817e-02 2.361664175987e-02 5.881304293871e-02 5.318588018417e-02 1.844942755997e-02 1.168444566429e-02 1.863537728786e-02 2.378792688251e-02 2.239610627294e-02 1.831620559096e-02 1.368153095245e-02 9.628154337406e-03 6.929255090654e-03 6.477121729404e-03 6.189820822328e-03
1.272176355124e-01 1.494013071060e-01 4.916467517614e-02 3.974652662873e-02 3.882435336709e-02 3.039497323334e-02 4.515668749809e-02 7.436557859182e-02 4.644221067429e-02 1.759029738605e-02 1.124016568065e-02 8.811708539724e-03 7.270068395883e-03 6.122968625277e-03 4.667447414249e-03 4.936297424138e-03 4.998522344977e-03 4.753667861223e-03 4.231019411236e-03 3.919951152056e-03 4.253542982042e-03 4.745295736939e-03 5.073597189039e-03 5.062432028353e-03 5.798025522381e-03 1.101044099778e-02 1.334110647440e-02 1.129652187228e-02 8.962184190750e-03 1.591355912387e-02 4.409658908844e-02 6.277163326740e-02 2.811396494508e-02 1.016666553915e-02 1.456356048584e-02 1.555505208671e-02 1.437759492546e-02 1.215183548629e-02 9.582952596247e-03 7.125515490770e-03 5.446741823107e-03 4.637786652893e-03 4.875074140728e-03
2.005429267883e-01 8.602902293205e-02 3.149576112628e-02 2.251951023936e-02 2.039196342230e-02 2.150276303291e-02 2.663101255894e-02 3.359050676227e-02 3.326410427690e-02 1.892740838230e-02 1.277085673064e-02 9.336981922388e-03 6.843081675470e-03 5.248128902167e-03 4.774404224008e-03 5.027638748288e-03 5.010299850255e-03 4.572554491460e-03 3.929070662707e-03 3.777735633776e-03 4.189028870314e-03 4.826725460589e-03 5.051602609456e-03 4.793047904968e-03 4.408027045429e-03 7.832641713321e-03 1.129020657390e-02 1.032215263695e-02 8.458618074656e-03 9.814867749810e-03 2.981381677091e-02 5.877418816090e-02 4.081665351987e-02 1.517546642572e-02 8.517522364855e-03 7.924158126116e-03 7.256222423166e-03 6.763622630388e-03 5.618702154607e-03 4.318380728364e-03 3.008092520759e-03 2.793236868456e-03 3.521616570652e-03
2.351476550102e-01 3.865383192897e-02 1.903471909463e-02 1.616668328643e-02 1.607526838779e-02 1.504566799849e-02 1.750976592302e-02 1.974271610379e-02 3.075109981000e-02 2.429372444749e-02 1.703839935362e-02 9.006300009787e-03 7.778808008879e-03 5.959169473499e-03 4.945159889758e-03 5.189653020352e-03 4.961353726685e-03 4.372759722173e-03 4.207446239889e-03 3.800478298217e-03 4.353944212198e-03 4.883690271527e-03 3.785582957789e-03 4.440717864782e-03 4.931762348861e-03 5.652048625052e-03 9.104149416089e-03 9.662377648056e-03 7.629560306668e-03 6.721632089466e-03 1.823436282575e-02 4.656800627708e-02 4.968018829823e-02 2.145755477250e-02 7.245354354382e-03 3.696472616866e-03 3.289629239589e-03 3.088279627264e-03 3.008548868820e-03 3.415177343413e-03 2.204924589023e-03 2.247044118121e-03 6.670989096165e-03
1.191918402910e-01 2.234925329685e-02 1.438062824309e-02 1.341757923365e-02 1.405544858426e-02 1.243278849870e-02 1.054273545742e-02 1.139570772648e-02 2.182968147099e-02 2.851895615458e-02 1.815194450319e-02 1.443694438785e-02 1.071806345135e-02 7.300911471248e-03 5.762496497482e-03 5.324302706867e-03 5.502107553184e-03 5.418124143034e-03 5.203100852668e-03 4.993964917958e-03 4.854813683778e-03 4.872010555118e-03 3.597177099437e-03 4.946612287313e-03 5.530334077775e-03 6.232121028006e-03 7.197454106063e-03 8.970730006695e-03 7.358871400356e-03 6.319715175778e-03 1.014912873507e-02 3.269782289863e-02 4.985035583377e-02 2.907253615558e-02 1.142275054008e-02 3.890108317137e-03 3.676446387544e-03 3.142138710245e-03 3.505484433845e-03 3.254828043282e-03 2.268771175295e-03 5.364817101508e-03 6.271454505622e-03
3.219981491566e-02 1.383076701313e-02 1.163898501545e-02 1.173457037657e-02 1.163208670914e-02 9.893936105072e-03 8.429843001068e-03 8.335045538843e-03 1.365904510021e-02 2.480490691960e-02 2.624884247780e-02 3.309430181980e-02 2.332859486341e-02 1.080891396850e-02 6.957166362554e-03 7.047667633742e-03 6.968715693802e-03 7.606459315866e-03 7.610387168825e-03 7.076376117766e-03 6.607940886170e-03 6.212895270437e-03 5.804896820337e-03 5.798882804811e-03 6.086975336075e-03 6.720485165715e-03 7.429448887706e-03 8.677297271788e-03 7.291532587260e-03 6.219566799700e-03 6.434153299779e-03 2.148762717843e-02 4.392473772168e-02 3.610422834754e-02 1.572341471910e-02 3.750510048121e-03 3.798809135333e-03 3.278462914750e-03 3.845787374303e-03 4.584904294461e-03 2.059256657958e-03 4.798738751560e-03 4.627108573914e-03
1.329489145428e-02 1.122522912920e-02 9.528083726764e-03 9.303431957960e-03 9.016820229590e-03 7.568955421448e-03 7.371712476015e-03 8.229046128690e-03 9.322687983513e-03 1.239874213934e-02 3.261566907167e-02 7.524177432060e-02 5.301691964269e-02 1.932105422020e-02 8.197503164411e-03 8.866420015693e-03 8.380973711610e-03 1.028294861317e-02 9.571368806064e-03 9.101143106818e-03 8.111940696836e-03 7.183780893683e-03 6.537891924381e-03 6.249497644603e-03 6.439763121307e-03 6.927340757102e-03 7.377170026302e-03 8.526869118214e-03 6.904414389282e-03 6.071216892451e-03 5.072866566479e-03 1.377040613443e-02 3.570982068777e-02 3.987608850002e-02 2.072287537158e-02 4.279193468392e-03 3.446040442213e-03 3.335481043905e-03 2.559283981100e-03 3.778752870858e-03 4.673914052546e-03 4.720319528133e-03 4.683837294579e-03
1.168107148260e-02 9.205645881593e-03 7.409604731947e-03 6.721389945596e-03 6.547139957547e-03 4.988417960703e-03 6.627696566284e-03 7.218932267278e-03 7.896845228970e-03 4.534316249192e-03 2.565960772336e-02 6.364811211824e-02 5.726877599955e-02 3.873644024134e-02 1.250397879630e-02 4.151328466833e-03 4.509671125561e-03 9.180386550725e-03 1.057022344321e-02 9.812049567699e-03 8.543943054974e-03 7.653348613530e-03 6.912773009390e-03 6.467997562140e-03 6.442448589951e-03 6.674427073449e-03 6.862658075988e-03 8.110307157040e-03 6.380162667483e-03 5.813545547426e-03 5.635451525450e-03 9.115455672145e-03 2.728319168091e-02 3.866943717003e-02 2.603718638420e-02 6.013189908117e-03 2.968650311232e-03 2.789190271869e-03 2.415086142719e-03 2.452186774462e-03 4.049001261592e-03 4.232142120600e-03 4.296324681491e-03
1.373844314367e-02 7.045916281641e-03 6.392202805728e-03 6.086398847401e-03 6.162150762975e-03 4.509783349931e-03 5.519527941942e-03 5.691443569958e-03 5.864140111953e-03 7.060227449983e-03 1.296051498502e-02 3.582346811891e-02 1.182937026024e-01 9.238841384649e-02 2.191466465592e-02 2.530496800318e-03 5.176096223295e-03 1.104953140020e-02 1.012942381203e-02 8.891611360013e-03 7.878423668444e-03 7.216772530228e-03 6.626776885241e-03 6.206908728927e-03 6.114153657109e-03 6.120387930423e-03 6.050121970475e-03 7.559066172689e-03 6.463117431849e-03 5.436525214463e-03 5.922188051045e-03 6.205142010003e-03 1.980692520738e-02 3.374962508678e-02 3.056388534606e-02 9.396818466485e-03 2.603177214041e-03 2.177962334827e-03 2.292879158631e-03 2.311543794349e-03 3.441895823926e-03 3.850247943774e-03 4.172297194600e-03
1.403439696878e-02 3.462444990873e-03 5.873552057892e-03 5.666733719409e-03 5.938113667071e-03 5.108057986945e-03 4.310931079090e-03 4.122830927372e-03 4.045478533953e-03 4.993329290301e-03 9.613389149308e-03 2.310716919601e-02 5.786342546344e-02 5.351328104734e-02 2.476280927658e-02 1.909023150802e-03 1.309105940163e-02 1.070453692228e-02 8.938404731452e-03 7.682685274631e-03 6.830447819084e-03 6.337662227452e-03 5.996560212225e-03 5.782673601061e-03 5.688258912414e-03 5.507864058018e-03 5.221467465162e-03 7.053517270833e-03 6.495598703623e-03 4.935278557241e-03 5.992152728140e-03 5.928435828537e-03 1.399411819875e-02 2.810118719935e-02 3.249487280846e-02 1.351901050657e-02 2.872679382563e-03 2.684477018192e-03 3.357403213158e-03 3.171022515744e-03 3.410171251744e-03 3.817779244855e-03 4.352592397481e-03
4.885765258223e-03 3.394174156711e-03 2.735602203757e-03 4.544025752693e-03 5.001478828490e-03 4.497287794948e-03 3.939894028008e-03 3.507336368784e-03 3.487318055704e-03 4.571472760290e-03 6.830597762018e-03 1.458091754466e-02 2.730975672603e-02 3.205862641335e-02 2.516601420939e-02 1.712434552610e-02 1.203402783722e-02 9.127032943070e-03 7.505475077778e-03 6.477576214820e-03 2.572977449745e-03 3.101978916675e-03 5.523548927158e-03 5.481534637511e-03 5.301938857883e-03 4.898320883512e-03 4.454896319658e-03 6.793069653213e-03 6.814779248089e-03 4.426850005984e-03 5.745538510382e-03 6.369615439326e-03 1.028394978493e-02 2.399333752692e-02 3.355121612549e-02 1.850862987339e-02 3.274282906204e-03 3.412291640416e-03 3.013082314283e-03 2.815028885379e-03 3.405523719266e-03 3.699488705024e-03 4.279560409486e-03
5.477855447680e-03 3.526569809765e-03 2.421668730676e-03 3.866760293022e-03 4.372735042125e-03 4.333960358053e-03 3.740576328710e-03 3.165564499795e-03 2.942617051303e-03 4.028514027596e-03 5.771233234555e-03 1.043705176562e-02 2.002129890025e-02 2.502996288240e-02 2.111217565835e-02 1.432162337005e-02 1.002871524543e-02 8.023882284760e-03 6.460108794272e-03 5.516399629414e-03 5.155034828931e-03 5.100918002427e-03 5.204845219851e-03 5.154061596841e-03 4.790654405951e-03 4.199318587780e-03 3.709846409038e-03 6.555725820363e-03 7.150745950639e-03 3.778438083827e-03 5.377848166972e-03 6.441679317504e-03 7.465545088053e-03 2.003748714924e-02 3.291703015566e-02 2.351509407163e-02 4.134325310588e-03 3.908870276064e-03 2.659368328750e-03 2.573181176558e-03 2.183408476412e-03 3.695405554026e-03 3.980328328907e-03
