100/SI/f17_max.grd
DSAA
101	101
32.816463539100	34.260883539100
35.556306596100	36.727886596100
3.960747562815e-04	9.616273880005e+00
[rows 38 to 56 of 101, columns 43 to 85 of 101]
2.183612734079e-01 1.420068889856e-01 1.982341706753e-01 1.287491321564e-01 1.718154400587e-01 1.101283878088e-01 1.088062226772e-01 1.414130032063e-01 1.014301627874e-01 1.014763787389e-01 1.165503710508e-01 1.112011671066e-01 9.525351226330e-02 7.632911950350e-02 8.696950227022e-02 6.439674645662e-02 6.448192894459e-02 5.046658962965e-02 5.547170713544e-02 8.293506503105e-02 8.318907767534e-02 6.282988190651e-02 4.264956712723e-02 3.320174664259e-02 2.817028574646e-02 2.304015494883e-02 2.243321575224e-02 2.252859994769e-02 1.981355436146e-02 1.688473671675e-02 1.590937003493e-02 1.842423342168e-02 2.066283114254e-02 2.099482156336e-02 2.106302976608e-02 2.085602283478e-02 2.023597061634e-02 1.830484531820e-02 1.576134376228e-02 1.346891000867e-02 1.158959884197e-02 1.027293503284e-02 9.460230357945e-03
2.031708359718e-01 1.757900714874e-01 1.543888002634e-01 2.241279035807e-01 1.628492176533e-01 1.395656168461e-01 1.721390783787e-01 1.334616243839e-01 1.288038939238e-01 1.412155479193e-01 1.327854394913e-01 9.156655520201e-02 7.636700570583e-02 7.782156020403e-02 1.187778338790e-01 6.660490483046e-02 8.447960764170e-02 1.304514259100e-01 1.152355000377e-01 7.660792022943e-02 5.038028210402e-02 3.447406738997e-02 3.197257593274e-02 2.808574773371e-02 3.343217447400e-02 2.529318444431e-02 2.186198905110e-02 1.876297779381e-02 1.666900515556e-02 1.416990440339e-02 1.545609347522e-02 1.450988743454e-02 1.427251473069e-02 1.366983447224e-02 1.275883708149e-02 1.167525071651e-02 1.056222058833e-02 9.987517260015e-03 9.838478639722e-03 9.590153582394e-03 9.252082556486e-03 1.537457201630e-02 1.585012115538e-02
1.532965451479e-01 1.994336545467e-01 1.589228659868e-01 1.417518109083e-01 2.112772166729e-01 1.981677412987e-01 1.554515808821e-01 1.577468365431e-01 1.365222036839e-01 1.258916705847e-01 1.458839625120e-01 9.104931354523e-02 1.088892221451e-01 8.465187251568e-02 1.029542982578e-01 1.649049073458e-01 1.113202199340e-01 5.450320616364e-02 4.984310641885e-02 3.372044861317e-02 3.230132535100e-02 4.027564823627e-02 4.276657849550e-02 3.834511339664e-02 2.770270034671e-02 2.467818558216e-02 2.377523295581e-02 2.151004783809e-02 1.830871962011e-02 1.672375015914e-02 1.551270950586e-02 1.567366532981e-02 1.541252527386e-02 1.532010361552e-02 1.616279408336e-02 2.515062130988e-02 1.548219844699e-02 1.397041976452e-02 1.434098184109e-02 1.949608512223e-02 1.619094982743e-02 1.086952444166e-02 9.526791051030e-03
1.886150985956e-01 1.707164049149e-01 2.313562035561e-01 2.164004892111e-01 2.487794458866e-01 3.198458552361e-01 2.057374268770e-01 2.032952606678e-01 1.531592309475e-01 1.468857377768e-01 1.408959776163e-01 1.443334519863e-01 1.209250912070e-01 1.918670833111e-01 1.226708739996e-01 8.619470149279e-02 7.275416702032e-02 5.736730247736e-02 5.575649812818e-02 5.528187006712e-02 5.768571048975e-02 3.550408780575e-02 5.424059182405e-02 3.902751579881e-02 3.376146778464e-02 2.866533398628e-02 2.600721642375e-02 2.443184889853e-02 2.112020552158e-02 2.365894801915e-02 4.216001927853e-02 1.897278428078e-02 2.151442505419e-02 2.436234056950e-02 3.085540048778e-02 3.297935426235e-02 1.907425373793e-02 2.182780578732e-02 1.677457429469e-02 2.093743160367e-02 2.336508966982e-02 2.397682704031e-02 2.280449308455e-02
2.281192243099e-01 2.337018549442e-01 2.098272591829e-01 2.105632424355e-01 2.094015777111e-01 4.131004214287e-01 3.345084190369e-01 3.062807023525e-01 1.900024712086e-01 2.085397839546e-01 1.968884319067e-01 1.417120546103e-01 2.081246823072e-01 1.457892954350e-01 1.350945830345e-01 8.795766532421e-02 8.944176882505e-02 1.039380207658e-01 8.259920030832e-02 8.382568508387e-02 8.299702405930e-02 5.634947866201e-02 3.835098445415e-02 3.520756214857e-02 4.062343388796e-02 3.995985910296e-02 3.880940005183e-02 6.482264399529e-02 7.589916139841e-02 6.580996513367e-02 3.212443739176e-02 2.303291112185e-02 1.837832480669e-02 1.716316491365e-02 2.572968974710e-02 2.637208998203e-02 2.737306244671e-02 2.810438722372e-02 2.319634146988e-02 1.803282648325e-02 1.565465517342e-02 1.763822697103e-02 1.768261939287e-02
1.988292932510e-01 2.755618095398e-01 4.577580094337e-01 2.953670918941e-01 4.228622019291e-01 4.024451076984e-01 5.567986965179e-01 3.713077008724e-01 2.862297594547e-01 2.460266500711e-01 2.218829393387e-01 2.169663459063e-01 1.231597512960e-01 1.361434012651e-01 1.505601704121e-01 1.348023265600e-01 8.671167492867e-02 6.839049607515e-02 1.182759925723e-01 1.014395579696e-01 5.467402935028e-02 5.448931083083e-02 4.942628741264e-02 8.648296445608e-02 1.039821952581e-01 9.050705283880e-02 5.853031575680e-02 4.107781499624e-02 4.338035359979e-02 2.737855724990e-02 2.538187429309e-02 2.994881570339e-02 3.671390935779e-02 3.285128250718e-02 2.912835963070e-02 2.924889326096e-02 3.389571234584e-02 2.984787710011e-02 2.360433898866e-02 2.420333027840e-02 2.540505304933e-02 2.613799273968e-02 2.503271028399e-02
2.429943531752e-01 3.243744969368e-01 3.818604052067e-01 4.887594282627e-01 3.913719356060e-01 4.518183767796e-01 6.982667446136e-01 4.248923063278e-01 3.525680005550e-01 2.677356898785e-01 2.692094743252e-01 1.548136919737e-01 1.567002236843e-01 1.787825673819e-01 1.652118116617e-01 1.278093159199e-01 1.520303934813e-01 1.404715776443e-01 1.183152273297e-01 1.476725190878e-01 1.479270160198e-01 1.271874904633e-01 9.054797142744e-02 4.819383844733e-02 4.805358499289e-02 4.271724820137e-02 4.136850312352e-02 3.629859909415e-02 3.727109357715e-02 3.943507000804e-02 3.794082626700e-02 3.221257403493e-02 3.100173361599e-02 2.814020961523e-02 3.862315043807e-02 4.612717032433e-02 4.233572632074e-02 3.033298999071e-02 2.618830092251e-02 2.679875865579e-02 2.598942816257e-02 2.734569460154e-02 2.451726235449e-02
3.189842998981e-01 3.780265748501e-01 4.343446791172e-01 4.280771613121e-01 6.070031523705e-01 5.131765007973e-01 9.101429581642e-01 5.786507725716e-01 3.314231336117e-01 3.517699539661e-01 3.546209335327e-01 2.364990264177e-01 1.975059509277e-01 2.184460759163e-01 1.480104476213e-01 1.748939603567e-01 2.228064686060e-01 1.544487327337e-01 9.657533466816e-02 8.659077435732e-02 7.783915102482e-02 7.144659012556e-02 6.637006253004e-02 6.289611011744e-02 5.994656309485e-02 5.676251277328e-02 5.315249413252e-02 5.640449374914e-02 4.550874605775e-02 4.082651063800e-02 3.826772421598e-02 3.424013406038e-02 2.869027853012e-02 3.574804216623e-02 4.213807359338e-02 3.947486728430e-02 2.700593136251e-02 2.245147340000e-02 2.836162224412e-02 2.723882161081e-02 2.158598601818e-02 1.923499070108e-02 1.626150868833e-02
5.138091444969e-01 7.037251591682e-01 5.815848708153e-01 6.280933022499e-01 7.922300696373e-01 8.619589805603e-01 1.128090381622e+00 1.350751996040e+00 6.389021277428e-01 4.359838664532e-01 2.991493940353e-01 2.795391082764e-01 2.304843366146e-01 3.312073647976e-01 3.156357705593e-01 1.647442579269e-01 1.454049497843e-01 1.448689997196e-01 1.185873150826e-01 1.205705851316e-01 1.184060648084e-01 1.117479205132e-01 9.873563051224e-02 8.584356307983e-02 8.471830934286e-02 7.491695135832e-02 6.327113509178e-02 6.949238479137e-02 6.740383803844e-02 4.378154128790e-02 3.945967182517e-02 3.312443196774e-02 3.478115424514e-02 3.905741125345e-02 3.587306663394e-02 2.720662951469e-02 2.659429423511e-02 2.361303567886e-02 2.072863839567e-02 1.975881308317e-02 1.907767541707e-02 1.804837770760e-02 1.694798097014e-02
3.351693451405e-01 6.398177742958e-01 7.786120772362e-01 7.629263997078e-01 1.155017852783e+00 1.084399461746e+00 1.614733934402e+00 1.131012201309e+00 5.912594795227e-01 4.924446642399e-01 7.358598709106e-01 5.168519020081e-01 5.107649564743e-01 4.700445532799e-01 3.994123041630e-01 3.318163156509e-01 2.792963385582e-01 2.380170822144e-01 2.043077945709e-01 2.495854645967e-01 2.766520380974e-01 1.230114549398e-01 1.050073727965e-01 9.294714033604e-02 8.151633292437e-02 6.441131234169e-02 5.921538174152e-02 7.669540494680e-02 4.984721168876e-02 5.163583904505e-02 4.832099378109e-02 4.206369444728e-02 4.356667771935e-02 3.657836094499e-02 2.750140056014e-02 2.867196127772e-02 2.793712168932e-02 2.113876491785e-02 1.640522107482e-02 1.568019948900e-02 1.434109732509e-02 1.495371386409e-02 1.531384233385e-02
6.470320224762e-01 6.965193748474e-01 8.291907310486e-01 1.281023740768e+00 1.260049939156e+00 1.753300189972e+00 2.270966768265e+00 1.054441452026e+00 6.926533579826e-01 6.320962309837e-01 7.466117143631e-01 9.016380310059e-01 4.970305562019e-01 4.233309328556e-01 4.724950194359e-01 2.615773975849e-01 2.316651493311e-01 2.008630186319e-01 2.083556354046e-01 2.270940244198e-01 1.613974124193e-01 8.735387772322e-02 1.016851142049e-01 9.180708974600e-02 8.437541127205e-02 7.026634365320e-02 5.577086657286e-02 5.650952085853e-02 4.475006461143e-02 3.935428336263e-02 3.925590217113e-02 3.738784417510e-02 3.695839643478e-02 3.719589486718e-02 3.767401352525e-02 3.193916380405e-02 2.722096629441e-02 2.807662263513e-02 3.004742972553e-02 2.962896041572e-02 2.554321102798e-02 2.133021131158e-02 1.790442503989e-02
5.715398788452e-01 9.595019221306e-01 1.082656860352e+00 1.414283514023e+00 1.398350000381e+00 1.603596091270e+00 1.348807215691e+00 2.070617914200e+00 2.208046674728e+00 3.270972490311e+00 7.665090560913e-01 6.036571264267e-01 7.162547111511e-01 4.292601943016e-01 3.466293513775e-01 2.609218657017e-01 1.793757826090e-01 1.286451220512e-01 1.052782833576e-01 8.914989233017e-02 9.839789569378e-02 1.027972176671e-01 9.979181736708e-02 1.128329038620e-01 1.125128194690e-01 9.500579535961e-02 7.092941552401e-02 5.200501903892e-02 4.721001163125e-02 4.863194003701e-02 5.021353811026e-02 5.129931867123e-02 5.277277156711e-02 5.360007286072e-02 5.171706154943e-02 4.406083375216e-02 3.303021937609e-02 2.668965235353e-02 3.084592521191e-02 3.189919516444e-02 3.504644706845e-02 4.239529743791e-02 4.619475826621e-02
1.433618545532e+00 3.776252269745e-01 5.096548795700e-01 1.681701540947e+00 8.289194703102e-01 1.006226778030e+00 3.780104875565e+00 5.694860458374e+00 6.090577125549e+00 9.616273880005e+00 9.344723224640e-01 1.059945225716e+00 1.447169303894e+00 1.023896455765e+00 6.409958004951e-01 2.845384478569e-01 1.625795364380e-01 8.674827218056e-01 1.246423840523e+00 1.298028379679e-01 1.570513248444e-01 1.430657505989e-01 1.043548434973e-01 7.921628654003e-02 8.149658143520e-02 6.538756191730e-02 7.934834063053e-02 1.088408082724e-01 5.063711851835e-02 3.741298243403e-02 3.427426889539e-02 4.801519587636e-02 4.929970577359e-02 5.717432498932e-02 6.431414932013e-02 6.835523992777e-02 6.461388617754e-02 5.493179708719e-02 4.221089184284e-02 2.981525845826e-02 2.041892521083e-02 1.973800547421e-02 1.678624004126e-02
3.766219019890e-01 1.160073995590e+00 1.625800430775e-01 2.383893132210e-01 2.323321342468e+00 2.180865764618e+00 2.123873472214e+00 2.924228668213e+00 2.955023765564e+00 4.626864910126e+00 7.026718139648e+00 1.063374400139e+00 1.567929744720e+00 8.586385250092e-01 5.422160029411e-01 2.732442617416e-01 1.186662912369e-01 6.240987181664e-01 1.130893081427e-01 1.377928853035e-01 4.268625676632e-01 1.821444630623e-01 1.523619294167e-01 1.274504065514e-01 1.283561736345e-01 1.089302971959e-01 8.183089643717e-02 5.627745017409e-02 5.056150257587e-02 4.469053074718e-02 3.998904302716e-02 3.658552467823e-02 3.052426129580e-02 2.706382982433e-02 2.945945411921e-02 3.534187003970e-02 4.028544574976e-02 4.372465983033e-02 4.450225830078e-02 4.158835485578e-02 3.635016456246e-02 3.161121532321e-02 2.576920762658e-02
2.264266014099e-01 4.754922688007e-01 6.670651435852e-01 1.105273962021e+00 9.093605279922e-01 5.506008267403e-01 1.032833337784e+00 1.276313304901e+00 1.183061480522e+00 1.407239556313e+00 2.960405111313e+00 6.257471561432e+00 1.408682465553e+00 7.570270299911e-01 4.262547791004e-01 1.511661559343e-01 1.848827600479e-01 3.016661405563e-01 4.003044590354e-02 1.048028916121e-01 2.367591708899e-01 4.012627601624e-01 1.944714635611e-01 1.446658074856e-01 1.122708544135e-01 8.265424519777e-02 7.577449083328e-02 8.394530415535e-02 7.286293059587e-02 6.175527721643e-02 7.138964533806e-02 4.073965921998e-02 3.376558050513e-02 2.843472920358e-02 2.573274448514e-02 2.828497998416e-02 3.364216536283e-02 3.277346864343e-02 2.987049333751e-02 3.013518825173e-02 3.421366959810e-02 3.757616505027e-02 3.800668939948e-02
1.344216018915e-01 6.186287403107e-01 1.130154490471e+00 8.363626599312e-01 3.090856969357e-01 3.477564752102e-01 3.755196034908e-01 5.251979827881e-01 8.583713322878e-02 1.073907613754e+00 1.796515464783e+00 4.436778545380e+00 8.616799116135e-01 7.808256745338e-01 9.511348009109e-01 1.979959607124e-01 2.174684852362e-01 7.367363572121e-02 4.621059074998e-02 1.481858491898e-01 2.733972072601e-01 4.165248870850e-01 3.052791655064e-01 2.010210901499e-01 1.367124468088e-01 1.070276275277e-01 1.045147106051e-01 7.479236274958e-02 7.001748681068e-02 6.901557743549e-02 5.908667668700e-02 4.665577039123e-02 3.441825136542e-02 3.646853566170e-02 3.332263603806e-02 2.516239322722e-02 2.680799923837e-02 2.970108948648e-02 2.674661017954e-02 2.205653861165e-02 2.568698301911e-02 2.994320169091e-02 2.832490019500e-02
1.034070551395e-01 4.816423356533e-01 1.719844818115e+00 2.128716945648e+00 1.156499385834e+00 2.093108594418e-01 1.819787919521e-01 2.840240895748e-01 4.167746007442e-01 4.413739442825e-01 2.952312231064e-01 7.991471290588e-01 3.412723302841e+00 2.879418373108e+00 2.526495695114e+00 4.202816784382e-01 6.578245162964e-01 2.431475073099e-01 3.092412352562e-01 8.207143545151e-01 3.480264842510e-01 1.276695609093e+00 3.890033662319e-01 1.700220704079e-01 1.676728725433e-01 1.448509544134e-01 1.633406132460e-01 1.519524604082e-01 1.122562959790e-01 8.396952599287e-02 5.433980375528e-02 4.826860874891e-02 4.751872643828e-02 5.814267694950e-02 4.136494547129e-02 3.264275565743e-02 3.492708876729e-02 3.763190656900e-02 2.403552830219e-02 2.120619639754e-02 2.195562236011e-02 2.103982120752e-02 2.079960890114e-02
1.488785594702e-01 1.952374428511e-01 2.495513409376e-01 8.361799716949e-01 5.254402756691e-01 1.463605761528e-01 1.364548057318e-01 1.752518862486e-01 1.774041801691e-01 1.822220534086e-01 1.555880755186e-01 1.073806136847e-01 2.619029879570e-01 1.645630836487e+00 4.759536743164e+00 1.211135983467e+00 9.355658292770e-01 4.336904287338e-01 3.206979632378e-01 6.571584939957e-01 3.578550517559e-01 9.780861437321e-02 9.992747753859e-02 7.669259607792e-02 7.346048206091e-02 1.276005804539e-01 1.383540779352e-01 1.388353556395e-01 9.074361622334e-02 1.116033568978e-01 7.681544125080e-02 6.578726321459e-02 1.055102720857e-01 6.897366791964e-02 4.344232752919e-02 4.276054352522e-02 3.613901883364e-02 3.394882008433e-02 3.149907290936e-02 2.511954121292e-02 2.242225408554e-02 2.173627726734e-02 2.288414910436e-02
9.481233358383e-02 1.536994725466e-01 1.386461555958e-01 1.385342478752e-01 1.211533546448e-01 1.305164843798e-01 1.146647855639e-01 1.306308358908e-01 1.085995659232e-01 1.021648198366e-01 8.622311800718e-02 6.005190685391e-02 8.094150573015e-02 1.522402405739e+00 2.567868947983e+00 2.542756080627e+00 8.498211503029e-01 9.537626504898e-01 6.413230895996e-01 5.307183861732e-01 1.227293759584e-01 6.176543235779e-02 1.473290026188e-01 1.886632591486e-01 2.337372899055e-01 2.251135706902e-01 2.061069905758e-01 1.860705167055e-01 1.617092937231e-01 1.449726372957e-01 1.479564905167e-01 1.740617752075e-01 1.467410027981e-01 5.439361557364e-02 5.135056748986e-02 4.794235527515e-02 3.865016624331e-02 3.292068094015e-02 3.080231882632e-02 3.009924106300e-02 2.889846265316e-02 2.685973234475e-02 2.418683283031e-02
