100/SI/f17_max.grd
DSAA
101	101
32.816463539100	34.260883539100
35.556306596100	36.727886596100
3.960747562815e-04	9.616273880005e+00
[rows 0 to 18 of 101, columns 43 to 85 of 101]
1.887787831947e-03 2.251955214888e-03 3.370292717591e-03 4.281831905246e-03 4.634540062398e-03 4.570191260427e-03 5.206232890487e-03 2.617233898491e-03 4.220036324114e-03 7.342548575252e-03 1.113405078650e-02 1.316308602691e-02 1.313439570367e-02 1.089122518897e-02 8.194274269044e-03 5.313343368471e-03 4.495898261666e-03 4.212135914713e-03 3.955354914069e-03 2.829830860719e-03 3.564773360267e-03 4.394869785756e-03 5.738139152527e-03 7.146671414375e-03 6.830844562501e-03 4.901564680040e-03 4.136495292187e-03 3.869051579386e-03 3.679821500555e-03 3.174592042342e-03 2.993376692757e-03 2.508303150535e-03 2.312568016350e-03 2.186825731769e-03 2.144089434296e-03 2.031249692664e-03 1.844316953793e-03 1.590399770066e-03 1.379944500513e-03 1.226168707944e-03 1.101581729017e-03 9.769320022315e-04 9.070341475308e-04
3.497335128486e-03 4.359803628176e-03 6.320058368146e-03 8.180841803551e-03 9.072034619749e-03 8.942479267716e-03 9.964490309358e-03 4.309437237680e-03 6.511031184345e-03 1.195287425071e-02 1.980768516660e-02 2.444125898182e-02 2.440007030964e-02 1.982229948044e-02 1.421021576971e-02 9.151326492429e-03 8.836210705340e-03 8.122861385345e-03 7.454968988895e-03 5.596321541816e-03 6.916746031493e-03 8.190836757421e-03 1.080077234656e-02 1.350503601134e-02 1.229729223996e-02 8.698274381459e-03 7.670189719647e-03 7.296930532902e-03 6.989395711571e-03 6.368653383106e-03 5.670120008290e-03 4.948141053319e-03 4.244445823133e-03 4.025597590953e-03 3.746327944100e-03 3.444761270657e-03 3.124617971480e-03 2.745779696852e-03 2.415542490780e-03 2.144317375496e-03 1.877026516013e-03 1.624332275242e-03 1.805628417060e-03
4.240737296641e-03 4.940183833241e-03 7.073984015733e-03 9.931525215507e-03 1.103267911822e-02 1.068549044430e-02 1.131925638765e-02 5.392713006586e-03 7.059820927680e-03 1.060248073190e-02 2.071028761566e-02 2.773809619248e-02 2.739633433521e-02 2.101929299533e-02 1.403398625553e-02 9.136510081589e-03 1.099217496812e-02 9.918470866978e-03 8.015542291105e-03 6.483314558864e-03 7.713546976447e-03 9.133416227996e-03 1.219968684018e-02 1.480175554752e-02 1.264066249132e-02 9.442717768252e-03 8.670504204929e-03 8.105417713523e-03 7.729834876955e-03 7.632062770426e-03 7.274911738932e-03 6.039483938366e-03 4.927754402161e-03 4.373188130558e-03 3.970600664616e-03 3.674800042063e-03 3.381610149518e-03 3.031584434211e-03 2.670461079106e-03 2.312470693141e-03 1.979909604415e-03 1.848741900176e-03 2.006084425375e-03
4.733044654131e-03 5.424554925412e-03 7.700464222580e-03 1.117991935462e-02 1.230970770121e-02 1.162980683148e-02 1.182607933879e-02 6.165545899421e-03 7.885450497270e-03 7.686462718993e-03 1.879811845720e-02 2.836091630161e-02 2.746121212840e-02 1.931273378432e-02 1.208267081529e-02 8.898025378585e-03 1.210968662053e-02 1.069255638868e-02 7.999064400792e-03 6.935785524547e-03 7.881643250585e-03 9.573634713888e-03 1.284952834249e-02 1.486229803413e-02 1.185386348516e-02 9.566962718964e-03 8.668988011777e-03 7.997048087418e-03 7.875986397266e-03 8.035602979362e-03 7.978798821568e-03 6.766592618078e-03 5.006928462535e-03 4.207010846585e-03 3.813162911683e-03 3.544451203197e-03 3.250876441598e-03 2.892503980547e-03 2.510670572519e-03 2.226879354566e-03 1.820032950491e-03 2.108072629198e-03 1.969538629055e-03
5.103485658765e-03 6.059465464205e-03 8.601753041148e-03 1.242851465940e-02 1.345998328179e-02 1.218557637185e-02 1.226036623120e-02 6.730494555086e-03 8.488331921399e-03 8.470518514514e-03 1.524837128818e-02 2.794228307903e-02 2.618732862175e-02 1.690291240811e-02 1.163251232356e-02 8.805106393993e-03 1.314486563206e-02 1.151022035629e-02 8.028243668377e-03 7.367620710284e-03 7.772641722113e-03 1.006670668721e-02 1.355867367238e-02 1.466270722449e-02 1.102563086897e-02 1.007661409676e-02 8.197538554668e-03 8.004825562239e-03 7.775334175676e-03 8.009109646082e-03 8.315383456647e-03 7.367257494479e-03 5.561949685216e-03 4.326090216637e-03 3.853053320199e-03 3.546334570274e-03 3.015798516572e-03 2.771436469629e-03 2.567624440417e-03 2.164513571188e-03 2.026233822107e-03 2.220296068117e-03 1.823890954256e-03
5.322239827365e-03 6.507732905447e-03 9.300451725721e-03 1.336432714015e-02 1.443065237254e-02 1.447818521410e-02 1.284372154623e-02 7.264696061611e-03 8.999623358250e-03 1.014531403780e-02 1.135963760316e-02 2.567403763533e-02 2.354922518134e-02 1.453459728509e-02 1.148408185691e-02 9.042274206877e-03 1.434993091971e-02 1.206298079342e-02 7.995266467333e-03 7.852238602936e-03 7.832572795451e-03 1.081585139036e-02 1.452467031777e-02 1.420149765909e-02 1.241521909833e-02 1.043606456369e-02 8.163412101567e-03 7.603951264173e-03 7.319644559175e-03 7.618443109095e-03 8.251878432930e-03 7.837428711355e-03 5.971222650260e-03 4.417951218784e-03 4.057264886796e-03 3.619817551225e-03 3.136318875477e-03 2.844414208084e-03 2.522255992517e-03 2.030037809163e-03 2.329352777451e-03 2.180535811931e-03 1.621362403966e-03
5.666256416589e-03 7.016901858151e-03 1.019408088177e-02 1.405335217714e-02 1.519588939846e-02 1.687115058303e-02 1.359629258513e-02 8.173292502761e-03 9.957785718143e-03 1.156417001039e-02 1.071902923286e-02 2.108253911138e-02 2.000061422586e-02 1.417115703225e-02 1.126626599580e-02 9.334605187178e-03 1.537395548075e-02 1.219740509987e-02 8.062046021223e-03 8.148507215083e-03 8.343259803951e-03 1.164695154876e-02 1.520710531622e-02 1.311427075416e-02 1.392184197903e-02 1.070314738899e-02 7.742411922663e-03 7.126381620765e-03 6.956982426345e-03 7.407270371914e-03 8.291885256767e-03 8.257479406893e-03 6.467747502029e-03 4.426847677678e-03 4.197827540338e-03 3.646031720564e-03 3.176916390657e-03 2.811871469021e-03 2.395193558186e-03 2.201939700171e-03 2.451325301081e-03 2.017382998019e-03 1.397424843162e-03
6.179166957736e-03 7.623881567270e-03 1.096947025508e-02 1.455645449460e-02 1.586820557714e-02 1.915472745895e-02 1.442976389080e-02 8.989932946861e-03 1.070798560977e-02 1.236375141889e-02 1.004777569324e-02 1.599528081715e-02 1.741579733789e-02 1.384305674583e-02 1.093883998692e-02 9.667962789536e-03 1.635517552495e-02 1.250087190419e-02 8.213452994823e-03 8.322109468281e-03 9.008237160742e-03 1.254241075367e-02 1.540775783360e-02 1.163625344634e-02 1.498720049858e-02 1.060520950705e-02 7.164070848376e-03 6.622905842960e-03 6.663538515568e-03 7.410896942019e-03 8.549271151423e-03 8.682917803526e-03 6.900500971824e-03 4.631228744984e-03 4.278799053282e-03 3.621061565354e-03 3.127044765279e-03 2.741601783782e-03 2.258740831167e-03 2.549673430622e-03 2.398518146947e-03 1.795715535991e-03 1.538467127830e-03
6.576606538147e-03 8.043854497373e-03 1.137559674680e-02 1.526224613190e-02 1.692060008645e-02 2.127362787724e-02 1.526002120227e-02 9.751049801707e-03 1.101599354297e-02 1.248905528337e-02 1.099460758269e-02 1.508271321654e-02 1.718717440963e-02 1.359630376101e-02 1.070876698941e-02 1.003531273454e-02 1.760465092957e-02 1.314321532845e-02 8.476624265313e-03 8.218858391047e-03 1.020264253020e-02 1.366850547493e-02 1.524380315095e-02 1.178226806223e-02 1.562514901161e-02 1.020042970777e-02 6.756351795048e-03 7.415268570185e-03 6.967413239181e-03 7.824808359146e-03 8.990834467113e-03 9.061855264008e-03 7.265700027347e-03 4.876073449850e-03 4.296361934394e-03 3.531048307195e-03 3.074180334806e-03 2.658563666046e-03 2.507186261937e-03 2.683258382604e-03 2.216536784545e-03 1.594509230927e-03 1.593097229488e-03
6.812848616391e-03 8.335144259036e-03 1.148438174278e-02 1.622774824500e-02 1.820872537792e-02 2.293643727899e-02 1.623176410794e-02 1.074970234185e-02 1.155197713524e-02 1.205439958721e-02 1.139924954623e-02 1.438551116735e-02 1.670136116445e-02 1.304831635207e-02 1.053765695542e-02 1.079855207354e-02 1.851050928235e-02 1.380752120167e-02 8.687919937074e-03 9.243791922927e-03 1.177123840898e-02 1.563669927418e-02 1.441933400929e-02 1.360845752060e-02 1.590394973755e-02 9.690857492387e-03 7.386222947389e-03 8.300160057843e-03 6.980864331126e-03 7.945086807013e-03 9.184079244733e-03 9.094864130020e-03 7.154440041631e-03 4.621732514352e-03 4.220591392368e-03 3.440004074946e-03 3.073337953538e-03 2.509153215215e-03 2.858885563910e-03 2.643629675731e-03 2.185720717534e-03 1.588882645592e-03 1.568472362123e-03
6.990789901465e-03 8.578098379076e-03 1.184210460633e-02 1.702420599759e-02 1.937749981880e-02 2.427103370428e-02 1.740044169128e-02 1.169228926301e-02 1.224996335804e-02 1.099206134677e-02 1.093192584813e-02 1.403227727860e-02 1.590191572905e-02 1.269549783319e-02 1.044007018209e-02 1.208831742406e-02 1.893321610987e-02 1.430286746472e-02 8.791938424110e-03 1.153926178813e-02 1.376770157367e-02 1.733632199466e-02 1.359983906150e-02 1.525125838816e-02 1.556175667793e-02 8.798477239907e-03 8.177665993571e-03 8.991559967399e-03 6.797397509217e-03 7.513830903918e-03 8.627820760012e-03 8.506081067026e-03 6.508685182780e-03 4.390558693558e-03 4.295920953155e-03 3.466682275757e-03 2.987342886627e-03 3.018868854269e-03 2.971039619297e-03 2.454022876918e-03 2.220764989033e-03 1.610330655240e-03 1.565034035593e-03
7.244706619531e-03 8.727780543268e-03 1.209288742393e-02 1.764830946922e-02 2.035960555077e-02 2.511270903051e-02 1.857918500900e-02 1.262159738690e-02 1.260152366012e-02 1.000341121107e-02 1.090418640524e-02 1.346677914262e-02 1.521634496748e-02 1.404087245464e-02 1.157511118799e-02 1.337861176580e-02 1.971000991762e-02 1.465527992696e-02 8.865035139024e-03 1.437413319945e-02 1.605751551688e-02 1.846577972174e-02 1.495999656618e-02 1.611299999058e-02 1.467091031373e-02 7.724412251264e-03 8.971953764558e-03 9.723951108754e-03 7.294226903468e-03 6.752718705684e-03 7.741067092866e-03 7.654031272978e-03 5.737717263401e-03 4.264343995601e-03 4.676990211010e-03 3.490153932944e-03 3.247474087402e-03 3.355535212904e-03 2.877929713577e-03 2.589779207483e-03 2.242210088298e-03 1.611170591787e-03 1.569023588672e-03
7.470067590475e-03 8.918512612581e-03 1.234480738640e-02 1.823048107326e-02 2.146641723812e-02 2.584606781602e-02 1.972606964409e-02 1.358840987086e-02 1.304986700416e-02 1.017325278372e-02 1.155831757933e-02 1.277009770274e-02 1.502844784409e-02 1.548599824309e-02 1.266060769558e-02 1.497479528189e-02 2.056250907481e-02 1.484380662441e-02 9.180374443531e-03 1.762734167278e-02 1.845160685480e-02 1.938825845718e-02 1.772376708686e-02 1.627165265381e-02 1.318067871034e-02 7.742280140519e-03 9.519761428237e-03 1.010871026665e-02 7.571707013994e-03 6.107466295362e-03 6.959044840187e-03 6.835476029664e-03 4.923205357045e-03 4.273674916476e-03 4.765454679728e-03 3.394900122657e-03 3.905525663868e-03 3.426568116993e-03 2.609135815874e-03 2.701669232920e-03 2.277148887515e-03 1.820688717999e-03 1.727062743157e-03
7.728253956884e-03 9.113907814026e-03 1.254418771714e-02 1.870604418218e-02 2.262176200747e-02 2.663895115256e-02 2.091980352998e-02 1.505146548152e-02 1.360366959125e-02 1.005216967314e-02 1.200214307755e-02 1.348538696766e-02 1.499557960778e-02 1.654909178615e-02 1.361471787095e-02 1.691663637757e-02 2.164565585554e-02 1.501098275185e-02 1.095657330006e-02 2.098555304110e-02 2.100825496018e-02 1.884732395411e-02 2.052070386708e-02 1.579702086747e-02 1.138368062675e-02 8.598442189395e-03 9.917930699885e-03 1.042326446623e-02 7.553453557193e-03 6.491187959909e-03 5.984191782773e-03 6.057267077267e-03 4.687004722655e-03 4.427602514625e-03 4.893664736301e-03 4.457285162061e-03 4.251301754266e-03 3.230727044865e-03 2.650315407664e-03 2.808554796502e-03 2.305172383785e-03 2.008733572438e-03 1.975657418370e-03
7.944262586534e-03 9.260725229979e-03 1.263800170273e-02 1.919496804476e-02 2.381681650877e-02 2.706595696509e-02 2.216981351376e-02 1.640799455345e-02 1.379983872175e-02 9.690013714135e-03 1.235297694802e-02 1.421558298171e-02 1.542901061475e-02 1.735159195960e-02 1.440183352679e-02 1.880504935980e-02 2.399251796305e-02 1.581638492644e-02 1.373468246311e-02 2.413130924106e-02 2.300840057433e-02 1.739296130836e-02 2.268468961120e-02 1.465528458357e-02 9.398124180734e-03 1.074293721467e-02 1.161979883909e-02 1.021422911435e-02 7.212406955659e-03 6.518283858895e-03 5.779023747891e-03 5.285649094731e-03 4.867893643677e-03 4.409485496581e-03 5.133776925504e-03 5.440726410598e-03 4.281980451196e-03 2.867336384952e-03 2.647461136803e-03 2.893917262554e-03 2.310103503987e-03 2.188097685575e-03 2.113817958161e-03
1.036268565804e-02 9.398055262864e-03 1.279136445373e-02 1.964818686247e-02 2.502134814858e-02 2.721902169287e-02 2.325651235878e-02 1.737389527261e-02 1.390907820314e-02 1.037279702723e-02 1.334727462381e-02 1.492422632873e-02 1.622992753983e-02 1.767497882247e-02 1.522152125835e-02 2.105663344264e-02 2.465954236686e-02 1.506731193513e-02 1.638679765165e-02 2.638918533921e-02 2.380457893014e-02 1.714625768363e-02 2.289534918964e-02 1.281662192196e-02 8.158104494214e-03 1.277166698128e-02 1.282158400863e-02 9.438716806471e-03 7.076011970639e-03 6.306037772447e-03 5.916154477745e-03 5.425939802080e-03 4.806752316654e-03 4.120569676161e-03 5.815209820867e-03 6.034822203219e-03 3.965704701841e-03 2.710617147386e-03 2.644068794325e-03 2.952045062557e-03 2.364197978750e-03 2.469213679433e-03 2.258466789499e-03
1.367025822401e-02 9.484388865530e-03 1.294617541134e-02 2.011759020388e-02 2.625125460327e-02 2.708059735596e-02 2.463939599693e-02 1.851580291986e-02 1.409626565874e-02 1.113035902381e-02 1.436318363994e-02 1.568464376032e-02 1.709688827395e-02 1.812279596925e-02 1.592613384128e-02 2.318851277232e-02 2.442700043321e-02 1.497788913548e-02 1.874169707298e-02 2.726428210735e-02 2.300369739532e-02 1.704771630466e-02 2.207165025175e-02 1.046106964350e-02 9.868569672108e-03 1.308385375887e-02 1.204346120358e-02 8.281627669930e-03 6.856744643301e-03 6.510520353913e-03 6.008333992213e-03 5.280167330056e-03 4.420117009431e-03 4.551228135824e-03 7.471978198737e-03 6.087931338698e-03 3.505852073431e-03 3.237467259169e-03 2.637495519593e-03 3.024361096323e-03 2.831625286490e-03 2.619873965159e-03 2.236412139609e-03
1.590372808278e-02 1.020186766982e-02 1.290140487254e-02 2.044272236526e-02 2.735772356391e-02 2.765734679997e-02 2.632213756442e-02 1.960597932339e-02 1.435854472220e-02 1.101549249142e-02 1.471947319806e-02 1.612099818885e-02 1.789035089314e-02 1.886140741408e-02 1.745498925447e-02 2.519326470792e-02 2.698053978384e-02 1.498835626990e-02 2.053638547659e-02 2.673219144344e-02 2.113215252757e-02 1.612073741853e-02 2.050746418536e-02 9.060787968338e-03 1.089842524379e-02 1.188689563423e-02 9.025611914694e-03 7.356279063970e-03 7.003171369433e-03 6.406466010958e-03 5.579032935202e-03 4.587713629007e-03 3.887327387929e-03 4.896976519376e-03 8.787900209427e-03 5.648140795529e-03 3.339119488373e-03 3.860281081870e-03 2.797180088237e-03 3.101154230535e-03 3.044961486012e-03 2.592982491478e-03 2.197406720370e-03
1.649872772396e-02 1.239447202533e-02 1.532281190157e-02 2.075920440257e-02 2.868184074759e-02 2.912895753980e-02 2.820170857012e-02 2.039461396635e-02 1.428134366870e-02 1.068354584277e-02 1.491798646748e-02 1.653235033154e-02 1.861546002328e-02 1.951088570058e-02 2.020913176239e-02 2.694129571319e-02 3.113846480846e-02 1.498022209853e-02 2.181807532907e-02 2.490450628102e-02 1.800862327218e-02 1.522032078356e-02 1.914506219327e-02 9.879239834845e-03 1.031107455492e-02 8.769454434514e-03 7.819873280823e-03 7.421297021210e-03 6.885497830808e-03 5.773615557700e-03 4.654838703573e-03 4.601933993399e-03 5.786063615233e-03 6.858096458018e-03 9.457444772124e-03 4.994684830308e-03 3.225808730349e-03 4.541418515146e-03 3.367810510099e-03 3.389243269339e-03 2.967339241877e-03 2.601430751383e-03 2.279189648107e-03
