100/SI/f180_max.grd
DSAA
101	101
32.816463539100	34.260883539100
35.556306596100	36.727886596100
5.969923950033e-05	9.682915687561e+00
[rows 19 to 37 of 101, columns 0 to 42 of 101]
1.869731023908e-02 3.811449557543e-02 4.873467236757e-02 4.964843392372e-02 4.094824194908e-02 3.237481415272e-02 2.219917997718e-02 2.510815113783e-02 3.010646440089e-02 3.628308698535e-02 4.808715730906e-02 5.742866918445e-02 5.582750961185e-02 6.055012717843e-02 6.100192293525e-02 5.913656204939e-02 5.621880665421e-02 5.393133684993e-02 6.255885958672e-02 5.639742687345e-02 5.788553133607e-02 6.248093768954e-02 6.738215684891e-02 6.418903917074e-02 5.725315585732e-02 4.840565845370e-02 5.006328597665e-02 8.013872802258e-02 9.535153210163e-02 7.189100980759e-02 6.613472849131e-02 6.082787364721e-02 6.434873491526e-02 6.432799994946e-02 6.445594877005e-02 6.224673613906e-02 4.958615079522e-02 4.332801327109e-02 4.641502350569e-02 4.476699605584e-02 6.484092772007e-02 1.596641540527e-01 7.413720339537e-02
1.462085451931e-02 3.071872703731e-02 4.141760617495e-02 4.530083015561e-02 4.027521237731e-02 3.865776211023e-02 3.541670739651e-02 2.536724135280e-02 3.381512314081e-02 3.948283195496e-02 4.191571846604e-02 5.256506800652e-02 4.649512097239e-02 5.423973873258e-02 5.863852053881e-02 6.049891188741e-02 6.035529822111e-02 5.758234485984e-02 7.271033525467e-02 5.840867012739e-02 6.840382516384e-02 8.229672908783e-02 8.866380155087e-02 8.587050437927e-02 8.050043880939e-02 6.227118149400e-02 6.633048504591e-02 6.488063186407e-02 1.002319604158e-01 7.299096137285e-02 6.241127848625e-02 5.892388522625e-02 5.732604116201e-02 5.788784474134e-02 5.474246293306e-02 7.088569551706e-02 4.719775170088e-02 4.964549094439e-02 5.076621472836e-02 5.219096690416e-02 8.029402047396e-02 1.351051330566e-01 1.105710044503e-01
1.125244237483e-02 2.267813123763e-02 3.130088001490e-02 3.602061048150e-02 3.399159014225e-02 2.952174469829e-02 3.647965565324e-02 3.627693280578e-02 4.150114208460e-02 4.952250793576e-02 5.711328983307e-02 7.526102662086e-02 9.030508995056e-02 8.274547755718e-02 5.640939623117e-02 5.413946881890e-02 5.720158666372e-02 5.986202508211e-02 1.059349402785e-01 8.549457043409e-02 6.433247029781e-02 1.000501140952e-01 1.060328409076e-01 1.154294908047e-01 9.505031257868e-02 8.416456729174e-02 8.289053291082e-02 5.138904973865e-02 9.432855248451e-02 6.732080131769e-02 5.170022696257e-02 5.391077324748e-02 6.360127031803e-02 5.261677876115e-02 5.763870850205e-02 7.497292757034e-02 5.977552011609e-02 5.272930860519e-02 5.483262240887e-02 5.911631509662e-02 9.361146390438e-02 9.669376909733e-02 1.467986851931e-01
1.507158018649e-02 2.706073038280e-02 2.634525857866e-02 2.760061435401e-02 3.232791647315e-02 4.092001542449e-02 4.779333248734e-02 5.722467601299e-02 6.951963156462e-02 8.740086108446e-02 1.112512797117e-01 1.395513266325e-01 1.568723767996e-01 1.364352554083e-01 8.591078966856e-02 5.246466398239e-02 7.238689064980e-02 1.016906872392e-01 1.286991536617e-01 1.047288253903e-01 8.268240839243e-02 1.086010783911e-01 1.155771687627e-01 1.295979768038e-01 9.453999996185e-02 9.584442526102e-02 9.845369309187e-02 6.181289628148e-02 7.704351097345e-02 5.580601096153e-02 5.299100652337e-02 5.248069763184e-02 6.597065180540e-02 6.675304472446e-02 6.653235852718e-02 6.362277269363e-02 8.399969339371e-02 5.865771695971e-02 5.900377780199e-02 6.488728523254e-02 1.043364405632e-01 9.050011634827e-02 1.704653203487e-01
1.463602297008e-02 3.019675798714e-02 3.277274593711e-02 3.138395398855e-02 4.051626846194e-02 5.504656955600e-02 6.036634370685e-02 6.385727226734e-02 7.076936960220e-02 8.193285018206e-02 9.891284257174e-02 1.128416806459e-01 1.155784130096e-01 9.892125427723e-02 7.251613587141e-02 6.457312405109e-02 7.045860588551e-02 9.465404599905e-02 1.261550188065e-01 8.043195307255e-02 7.749816030264e-02 1.094784364104e-01 1.153992414474e-01 1.242683231831e-01 9.912671148777e-02 9.553647786379e-02 1.109834834933e-01 9.462819993496e-02 9.555054455996e-02 8.142396062613e-02 7.037068158388e-02 1.040770709515e-01 9.726636856794e-02 7.203796505928e-02 7.027566432953e-02 7.068809121847e-02 9.308721870184e-02 6.814801692963e-02 6.444285809994e-02 6.847435981035e-02 1.103364080191e-01 9.174689650536e-02 1.740982979536e-01
2.937146276236e-02 5.070263147354e-02 3.298356756568e-02 3.315725550056e-02 3.730064257979e-02 4.790272936225e-02 5.424353852868e-02 5.370814353228e-02 5.342409387231e-02 5.560578405857e-02 5.877766385674e-02 6.226047128439e-02 5.932918190956e-02 6.544496119022e-02 6.625453382730e-02 5.934416875243e-02 5.901307240129e-02 1.085695400834e-01 1.242240518332e-01 6.600069254637e-02 6.655113399029e-02 1.013503521681e-01 1.094969511032e-01 1.059003844857e-01 9.613024443388e-02 8.741899579763e-02 1.194853112102e-01 1.046839877963e-01 8.758495748043e-02 8.476258069277e-02 8.291739225388e-02 1.338202953339e-01 1.991219073534e-01 1.896617412567e-01 1.717882901430e-01 1.640222817659e-01 1.703719496727e-01 1.047528758645e-01 8.882911503315e-02 7.315025478601e-02 1.128498837352e-01 8.860974758863e-02 1.540611833334e-01
5.445307120681e-02 1.153517886996e-01 1.187844946980e-01 1.041283532977e-01 6.503743678331e-02 3.752212226391e-02 3.604562953115e-02 3.777929022908e-02 4.136398062110e-02 5.348123237491e-02 6.414490938187e-02 7.172105461359e-02 7.406038790941e-02 7.101442664862e-02 6.477686017752e-02 6.698962301016e-02 7.055393606424e-02 1.057817637920e-01 1.042818799615e-01 6.137040257454e-02 6.634297966957e-02 8.267616480589e-02 9.467697888613e-02 8.799266070127e-02 9.921044111252e-02 9.568878263235e-02 1.239893585443e-01 1.320485770702e-01 1.404154151678e-01 1.257200688124e-01 9.485758841038e-02 7.961352914572e-02 1.612124145031e-01 1.761230379343e-01 1.942390501499e-01 2.350096404552e-01 2.937037944794e-01 1.790790259838e-01 1.311392188072e-01 1.113578751683e-01 1.107821762562e-01 8.264040201902e-02 1.152560114861e-01
5.815560743213e-02 1.253833621740e-01 1.446822136641e-01 1.707654297352e-01 1.869121789932e-01 1.621624082327e-01 9.091857820749e-02 4.973471909761e-02 6.784186512232e-02 7.924459129572e-02 8.143123239279e-02 7.705272734165e-02 7.201378047466e-02 9.699755907059e-02 1.068977639079e-01 1.061529740691e-01 1.045141518116e-01 1.016741022468e-01 1.004285961390e-01 9.699665009975e-02 9.480468183756e-02 9.479930996895e-02 9.195892512798e-02 1.154583618045e-01 1.389583796263e-01 1.201789602637e-01 1.357635855675e-01 1.743304431438e-01 1.762876957655e-01 1.566395610571e-01 1.170069947839e-01 8.548200130463e-02 9.490913152695e-02 1.490551829338e-01 2.221015542746e-01 1.954164952040e-01 1.985812336206e-01 1.502873152494e-01 1.598589718342e-01 1.628160923719e-01 1.324694603682e-01 8.538629859686e-02 1.027324348688e-01
3.735310956836e-02 8.242002129555e-02 9.585823863745e-02 1.176494359970e-01 1.530668437481e-01 2.012009769678e-01 2.273421138525e-01 1.768513023853e-01 9.238527715206e-02 8.565112948418e-02 7.627679407597e-02 9.837098419666e-02 1.160221472383e-01 1.208546161652e-01 1.148651987314e-01 1.147918030620e-01 1.136206984520e-01 1.102059334517e-01 1.154289245605e-01 1.164693012834e-01 1.196858137846e-01 1.300259381533e-01 1.229189038277e-01 1.131743714213e-01 1.095694601536e-01 1.413792669773e-01 1.354854553938e-01 1.670853942633e-01 1.838435381651e-01 1.650774031878e-01 1.234202831984e-01 1.341683268547e-01 1.731522977352e-01 2.317513227463e-01 2.763307988644e-01 1.999343633652e-01 1.388358622789e-01 1.159102767706e-01 1.433976441622e-01 1.838390827179e-01 2.007792890072e-01 1.364139467478e-01 1.026161313057e-01
2.570966072381e-02 5.048381537199e-02 6.301190704107e-02 5.800172314048e-02 6.667767465115e-02 9.975522756577e-02 1.559005230665e-01 2.114064991474e-01 2.108709812164e-01 1.451202332973e-01 1.100789085031e-01 1.162465363741e-01 1.178354397416e-01 1.125484108925e-01 1.106238663197e-01 1.087757721543e-01 1.031300574541e-01 1.106261983514e-01 1.134700179100e-01 1.176473274827e-01 1.246566325426e-01 1.202695891261e-01 1.155399978161e-01 1.140165105462e-01 1.120939850807e-01 1.102297306061e-01 1.163468211889e-01 1.290543824434e-01 1.557251513004e-01 1.620840728283e-01 1.270743459463e-01 1.556140333414e-01 1.875241249800e-01 2.130328565836e-01 2.062446922064e-01 1.290915310383e-01 1.353703141212e-01 1.562263667583e-01 1.685560047626e-01 1.514528393745e-01 2.247755676508e-01 2.286447733641e-01 1.281337589025e-01
2.981310524046e-02 5.869843065739e-02 5.833861231804e-02 7.159678637981e-02 5.874991416931e-02 5.083111301064e-02 5.977962166071e-02 1.098570823669e-01 1.762308627367e-01 2.047949135303e-01 1.668703556061e-01 1.112316027284e-01 1.057164520025e-01 1.033893153071e-01 9.673647582531e-02 9.396605938673e-02 9.695757180452e-02 1.050467044115e-01 1.024813130498e-01 1.022907495499e-01 9.232584387064e-02 7.548294961452e-02 9.555339813232e-02 8.483979851007e-02 1.284773647785e-01 1.147186979651e-01 1.312698423862e-01 1.442065536976e-01 1.205767318606e-01 1.301934272051e-01 1.446421742439e-01 1.557439118624e-01 1.353225111961e-01 1.662399619818e-01 1.236203685403e-01 1.055283918977e-01 1.365912705660e-01 1.887713968754e-01 2.260591238737e-01 2.140418440104e-01 1.819012165070e-01 2.826063036919e-01 2.128305286169e-01
3.849245235324e-02 7.400193810463e-02 6.882634013891e-02 7.078801840544e-02 7.888057827950e-02 5.923471972346e-02 8.230410516262e-02 9.998530894518e-02 1.105536967516e-01 1.541805118322e-01 1.985383331776e-01 1.800165772438e-01 1.101923957467e-01 8.882986009121e-02 8.739899843931e-02 8.942436426878e-02 9.255775064230e-02 9.141992032528e-02 9.618001431227e-02 9.475484490395e-02 8.263079077005e-02 6.792118400335e-02 7.318556308746e-02 1.176656261086e-01 1.752100884914e-01 2.358273714781e-01 2.831152379513e-01 2.304001003504e-01 1.548999994993e-01 1.447343379259e-01 1.783964484930e-01 1.253295689821e-01 9.356659650803e-02 2.069976180792e-01 8.579968661070e-02 1.225381121039e-01 1.130470186472e-01 1.587090641260e-01 2.309302985668e-01 2.484320700169e-01 2.138230353594e-01 2.380019724369e-01 3.228662014008e-01
3.496972471476e-02 7.643374055624e-02 8.079291880131e-02 7.895305752754e-02 8.343337476254e-02 8.452562242746e-02 1.013462319970e-01 1.065338924527e-01 1.057885140181e-01 9.997123479843e-02 1.380153447390e-01 1.966775357723e-01 1.919605731964e-01 1.324355602264e-01 8.386095613241e-02 8.369916677475e-02 8.068335056305e-02 7.372662425041e-02 9.864627569914e-02 1.026703193784e-01 1.037284284830e-01 8.658783882856e-02 7.932580262423e-02 1.455214321613e-01 2.466571480036e-01 3.635973632336e-01 4.266414642334e-01 4.077890813351e-01 2.655044198036e-01 1.670225113630e-01 1.923120915890e-01 1.611452549696e-01 1.500646471977e-01 2.528071999550e-01 1.303316950798e-01 2.518064081669e-01 1.824315339327e-01 1.277099400759e-01 1.764661967754e-01 2.537658810616e-01 2.601846456528e-01 2.198631465435e-01 3.463228940964e-01
4.300032556057e-02 8.753622323275e-02 8.852768689394e-02 8.595547080040e-02 8.926062285900e-02 1.012024283409e-01 1.019699797034e-01 1.030305847526e-01 9.472231566906e-02 8.728551864624e-02 8.442487567663e-02 1.187629923224e-01 1.907246708870e-01 2.010269612074e-01 1.523335576057e-01 7.216341048479e-02 6.719250977039e-02 7.524623721838e-02 8.766799420118e-02 1.397374272346e-01 1.263476312160e-01 1.156514063478e-01 1.062389686704e-01 1.451566070318e-01 2.522083222866e-01 3.597180545330e-01 4.896470606327e-01 5.737209320068e-01 4.784564077854e-01 2.310427129269e-01 2.088280469179e-01 2.265423238277e-01 2.160061746836e-01 2.989483177662e-01 1.659687161446e-01 3.367849886417e-01 2.791433036327e-01 1.838414222002e-01 1.682908535004e-01 2.450401484966e-01 5.229975581169e-01 2.654325366020e-01 2.823759913445e-01
5.643688514829e-02 1.062216535211e-01 9.868848323822e-02 1.053352504969e-01 1.117734834552e-01 1.180734932423e-01 1.253437548876e-01 1.303331106901e-01 1.331550776958e-01 1.335721462965e-01 1.295294761658e-01 1.249976828694e-01 1.197113022208e-01 1.761910170317e-01 2.045070677996e-01 1.703665107489e-01 8.529455214739e-02 7.698898762465e-02 8.474139869213e-02 1.334918588400e-01 1.414689868689e-01 1.272519677877e-01 1.174309179187e-01 1.243571862578e-01 2.088395655155e-01 3.106289505959e-01 4.808998405933e-01 6.717041730881e-01 6.343907117844e-01 3.859854340553e-01 2.999324202538e-01 3.780535459518e-01 4.057614207268e-01 3.742958903313e-01 3.098684251308e-01 3.628889918327e-01 3.457240164280e-01 2.670127451420e-01 3.032357096672e-01 2.731230258942e-01 7.467610239983e-01 6.106421351433e-01 1.650988906622e-01
5.777945369482e-02 1.200757250190e-01 1.198855042458e-01 1.162489429116e-01 1.024993360043e-01 9.268172085285e-02 8.778280764818e-02 9.702369570732e-02 1.074166819453e-01 1.196606904268e-01 1.332950294018e-01 1.490668058395e-01 1.641132980585e-01 2.606377601624e-01 2.668947577477e-01 2.023709714413e-01 1.906474083662e-01 1.815208494663e-01 1.691030710936e-01 1.550514698029e-01 1.398691236973e-01 1.211382895708e-01 1.321397572756e-01 1.293482482433e-01 1.428317576647e-01 2.351437509060e-01 3.464741110802e-01 5.479474663734e-01 6.959676146507e-01 4.815802276134e-01 2.278832197189e-01 2.367859482765e-01 3.477875590324e-01 4.616121649742e-01 5.125789642334e-01 4.751600027084e-01 3.426501154900e-01 2.889619767666e-01 2.181691974401e-01 3.119218349457e-01 7.789950370789e-01 9.357665181160e-01 2.517187595367e-01
4.919143021107e-02 9.919836372137e-02 1.031330227852e-01 1.124216616154e-01 1.180377379060e-01 1.140642240644e-01 9.577279537916e-02 8.330238610506e-02 8.374994993210e-02 8.370099961758e-02 8.320008963346e-02 8.137793093920e-02 7.879391312599e-02 1.002493202686e-01 1.504465937614e-01 1.647038161755e-01 1.970519423485e-01 1.903697997332e-01 1.550819426775e-01 1.716212481260e-01 1.816141605377e-01 1.874967068434e-01 1.944831460714e-01 2.031436413527e-01 1.953073740005e-01 1.563206017017e-01 2.336581498384e-01 4.152228236198e-01 5.861524939537e-01 4.297721982002e-01 2.148334383965e-01 1.512639373541e-01 1.341274827719e-01 2.248757481575e-01 2.712082266808e-01 4.408185780048e-01 5.595222115517e-01 5.170388221741e-01 3.215702772141e-01 3.522444069386e-01 5.002955198288e-01 1.109820127487e+00 4.027732014656e-01
3.983148187399e-02 7.700932770967e-02 7.669732719660e-02 7.343135774136e-02 7.472930848598e-02 8.362001180649e-02 8.735543489456e-02 8.598060905933e-02 7.311560213566e-02 7.909902185202e-02 8.593766391277e-02 9.286729246378e-02 9.925132989883e-02 1.056436747313e-01 1.121702417731e-01 1.178163886070e-01 1.227200701833e-01 1.849114000797e-01 1.970634311438e-01 2.557187676430e-01 2.005180418491e-01 1.651013493538e-01 1.578882485628e-01 1.530863642693e-01 1.536910980940e-01 1.738701462746e-01 2.317645400763e-01 2.658762633801e-01 3.747087121010e-01 3.051040172577e-01 1.539420485497e-01 1.823939532042e-01 1.362103670835e-01 1.801220774651e-01 2.121648192406e-01 2.554659247398e-01 2.575975358486e-01 4.341893792152e-01 6.134039759636e-01 4.969989061356e-01 4.446523189545e-01 9.087163805962e-01 8.191142082214e-01
2.513277158141e-02 5.062213912606e-02 4.982551932335e-02 4.859741404653e-02 5.484002083540e-02 6.457040458918e-02 7.072062790394e-02 7.415253669024e-02 7.533302903175e-02 6.941971182823e-02 6.454325467348e-02 6.804430484772e-02 7.194948941469e-02 7.248101383448e-02 7.344967126846e-02 9.807512164116e-02 1.091760918498e-01 1.459540873766e-01 2.761887609959e-01 2.894324660301e-01 2.566436529160e-01 2.192462980747e-01 2.560968399048e-01 3.065334260464e-01 2.157640755177e-01 2.468912899494e-01 2.404658794403e-01 2.235371917486e-01 2.326049953699e-01 3.070468306541e-01 2.883547842503e-01 1.804243773222e-01 1.877149641514e-01 1.977244764566e-01 2.138042896986e-01 2.220906168222e-01 2.296997457743e-01 2.957158684731e-01 4.345902204514e-01 5.060428380966e-01 6.043257713318e-01 8.145890831947e-01 6.721428036690e-01
