100/SI/f180_max.grd
DSAA
101	101
32.816463539100	34.260883539100
35.556306596100	36.727886596100
5.969923950033e-05	9.682915687561e+00
[rows 0 to 18 of 101, columns 43 to 85 of 101]
1.420175656676e-02 2.423084340990e-02 2.791282348335e-02 2.212073653936e-02 1.542250812054e-02 1.550625357777e-02 1.334658823907e-02 1.217579469085e-02 8.004883304238e-03 1.166666951030e-02 1.545752398670e-02 1.829574629664e-02 2.178316563368e-02 3.112188167870e-02 1.396524906158e-02 1.718914322555e-02 2.181114442647e-02 2.383992448449e-02 1.610648632050e-02 1.053527370095e-02 1.187779102474e-02 1.571211591363e-02 1.613811217248e-02 1.752473600209e-02 1.779970340431e-02 1.284884754568e-02 8.602178655565e-03 8.666593581438e-03 1.637157611549e-02 2.456043474376e-02 1.976418495178e-02 9.687694720924e-03 1.224398892373e-02 7.979662157595e-03 8.169705979526e-03 7.009726017714e-03 6.010758224875e-03 5.445125512779e-03 4.014466889203e-03 4.047504626215e-03 5.394190549850e-03 9.016158059239e-03 8.958841674030e-03
2.461590431631e-02 4.388443753123e-02 5.479688942432e-02 4.848765581846e-02 3.635559603572e-02 3.364474698901e-02 2.788279205561e-02 2.361397817731e-02 2.191612310708e-02 2.560852468014e-02 2.848719060421e-02 3.229448944330e-02 4.307726398110e-02 6.214546412230e-02 2.659411914647e-02 3.263876587152e-02 4.118801653385e-02 4.461084678769e-02 3.062930516899e-02 2.042971737683e-02 2.384071238339e-02 2.996325865388e-02 3.193129599094e-02 3.060710988939e-02 3.169075399637e-02 2.675119042397e-02 1.593182608485e-02 1.799833774567e-02 3.699357062578e-02 5.882270634174e-02 3.516437113285e-02 1.597958244383e-02 2.395427040756e-02 1.468643173575e-02 1.580764539540e-02 1.307126693428e-02 1.075087487698e-02 9.580455720425e-03 7.722003851086e-03 7.667236495763e-03 1.193187013268e-02 1.826499775052e-02 1.701697148383e-02
3.099567815661e-02 4.480870068073e-02 6.120973825455e-02 6.017763540149e-02 4.891580715775e-02 4.888666793704e-02 3.304779902101e-02 2.908649854362e-02 3.920643776655e-02 3.916161879897e-02 2.830093726516e-02 3.575911745429e-02 4.589906707406e-02 6.499229371548e-02 3.091814741492e-02 3.710967674851e-02 4.607554525137e-02 5.104448273778e-02 3.527895733714e-02 2.772483788431e-02 2.764169499278e-02 3.008073568344e-02 3.589405864477e-02 3.839411586523e-02 4.668080434203e-02 3.594432026148e-02 2.070199139416e-02 2.223689109087e-02 4.856419563293e-02 7.594864815474e-02 3.603721410036e-02 1.856582239270e-02 2.758700586855e-02 1.620340161026e-02 1.763939671218e-02 1.549892406911e-02 1.376788411289e-02 1.093741785735e-02 8.986180648208e-03 1.093000359833e-02 1.512061152607e-02 2.021836489439e-02 1.741335913539e-02
3.570462763309e-02 4.054331034422e-02 5.473518371582e-02 5.944390222430e-02 5.300799384713e-02 6.539616733789e-02 3.463254123926e-02 3.978651762009e-02 5.609618499875e-02 5.773882567883e-02 3.841079771519e-02 3.739761933684e-02 4.701680317521e-02 6.558173149824e-02 3.246271982789e-02 4.151290282607e-02 4.724721983075e-02 5.317789316177e-02 3.825242444873e-02 3.638134524226e-02 2.968712709844e-02 3.762971982360e-02 4.550207778811e-02 4.482438787818e-02 6.196604669094e-02 4.433641582727e-02 2.332716807723e-02 2.648890949786e-02 5.666372925043e-02 8.239197731018e-02 3.391503542662e-02 2.067845687270e-02 2.925639972091e-02 1.642687432468e-02 1.804736070335e-02 1.974395103753e-02 1.666539907455e-02 1.254798378795e-02 1.066367793828e-02 1.352709811181e-02 1.805279217660e-02 2.105848863721e-02 1.668122969568e-02
3.510959073901e-02 4.859254509211e-02 4.317334666848e-02 5.024003237486e-02 4.886800050735e-02 8.302675932646e-02 3.332824632525e-02 4.912484437227e-02 7.168100774288e-02 7.695354521275e-02 5.426160618663e-02 3.907972201705e-02 4.833308234811e-02 6.590484082699e-02 3.379713371396e-02 4.545814171433e-02 4.780534282327e-02 5.494334176183e-02 4.235237091780e-02 4.473461583257e-02 3.519808501005e-02 4.754191637039e-02 5.775113031268e-02 5.616622418165e-02 7.703833281994e-02 5.125238373876e-02 2.790768258274e-02 2.839054167271e-02 6.001384928823e-02 7.963102310896e-02 3.661091625690e-02 2.463291771710e-02 3.026778995991e-02 1.945264637470e-02 2.233417518437e-02 2.317424863577e-02 1.851485855877e-02 1.308827940375e-02 1.357322372496e-02 1.475104689598e-02 2.106831595302e-02 2.135667204857e-02 1.595911756158e-02
3.045225515962e-02 5.157211795449e-02 3.865537047386e-02 3.981749340892e-02 4.248289763927e-02 1.006007045507e-01 3.771655634046e-02 5.588894709945e-02 8.546512573957e-02 9.597673267126e-02 7.085105031729e-02 4.119350016117e-02 5.011830851436e-02 6.617272645235e-02 3.746115043759e-02 4.873374849558e-02 4.768187180161e-02 5.649904534221e-02 4.336728155613e-02 5.190335214138e-02 4.262429848313e-02 5.754023045301e-02 6.874433904886e-02 6.578941643238e-02 9.049165993929e-02 5.521694943309e-02 3.069763071835e-02 3.321272507310e-02 5.743871256709e-02 6.459252536297e-02 3.637614101171e-02 2.847279794514e-02 3.055798262358e-02 2.173606678843e-02 2.612945623696e-02 2.574379742146e-02 1.940474286675e-02 1.355393603444e-02 1.530219241977e-02 1.656383462250e-02 2.407547831535e-02 2.172785252333e-02 1.530716568232e-02
2.769063599408e-02 4.937244579196e-02 3.877904638648e-02 3.111659921706e-02 3.927421569824e-02 1.167677268386e-01 4.160631448030e-02 5.908719450235e-02 9.496047347784e-02 1.104863137007e-01 8.589629083872e-02 4.549790546298e-02 5.169508606195e-02 6.616706401110e-02 3.789684548974e-02 5.191984400153e-02 4.686660692096e-02 5.758045986295e-02 4.157828167081e-02 5.488102510571e-02 4.874671250582e-02 6.466121226549e-02 7.621127367020e-02 7.112474739552e-02 1.003474742174e-01 5.556031316519e-02 2.963061816990e-02 3.719292953610e-02 4.921043664217e-02 4.491133242846e-02 3.405850008130e-02 3.227193653584e-02 3.034439496696e-02 2.319334633648e-02 2.913712151349e-02 2.724317461252e-02 1.930721849203e-02 1.596453227103e-02 1.508029736578e-02 2.251411601901e-02 2.750837616622e-02 2.227928675711e-02 1.429440453649e-02
3.194450959563e-02 4.713424667716e-02 3.745666518807e-02 3.501028567553e-02 4.422457143664e-02 1.321489214897e-01 4.749196395278e-02 5.715381354094e-02 9.593238681555e-02 1.166392341256e-01 9.769921749830e-02 5.947522446513e-02 5.372746288776e-02 6.652819365263e-02 3.786871582270e-02 5.490645021200e-02 4.548409581184e-02 5.829224735498e-02 4.283873364329e-02 5.195501819253e-02 5.240391194820e-02 6.799613684416e-02 7.800685614347e-02 7.110124081373e-02 1.060157418251e-01 5.348482728004e-02 3.400745987892e-02 4.432932287455e-02 3.736020252109e-02 3.608529269695e-02 3.856120258570e-02 3.608902543783e-02 2.950389124453e-02 2.992401830852e-02 3.104165010154e-02 2.742583863437e-02 1.824584603310e-02 1.640261337161e-02 1.889952644706e-02 3.029599599540e-02 3.011349402368e-02 2.120681665838e-02 1.195261348039e-02
3.591278940439e-02 4.727397859097e-02 3.716957941651e-02 3.790466487408e-02 4.898727685213e-02 1.464685201645e-01 5.365665256977e-02 5.020805075765e-02 8.756417781115e-02 1.135495454073e-01 1.046978756785e-01 7.249014079571e-02 5.587647110224e-02 7.636549323797e-02 4.249625653028e-02 5.787172541022e-02 4.574197158217e-02 5.878273025155e-02 4.369741678238e-02 4.589363560081e-02 5.470591410995e-02 6.660330295563e-02 7.401856034994e-02 7.154824584723e-02 1.053129136562e-01 4.728157073259e-02 4.054953902960e-02 5.193476751447e-02 3.669553622603e-02 4.441880807281e-02 4.859540238976e-02 3.977173566818e-02 3.430490568280e-02 3.722409904003e-02 3.803173452616e-02 2.614920772612e-02 1.770726218820e-02 1.587185449898e-02 3.005285002291e-02 3.663780540228e-02 2.910005114973e-02 1.682615093887e-02 1.419459749013e-02
3.854065760970e-02 4.815981909633e-02 3.681021556258e-02 3.713493049145e-02 5.354776978493e-02 1.580082178116e-01 5.905255302787e-02 4.116460680962e-02 7.447694987059e-02 1.035321950912e-01 1.054240986705e-01 8.278726786375e-02 5.789575725794e-02 8.240004628897e-02 5.341438949108e-02 6.115764006972e-02 6.091422215104e-02 5.965233966708e-02 4.413814470172e-02 5.501212924719e-02 5.354945361614e-02 6.167023628950e-02 6.527978181839e-02 7.982589304447e-02 9.777881950140e-02 3.787362203002e-02 4.722921550274e-02 5.951461568475e-02 4.214336723089e-02 5.148505419493e-02 5.721822381020e-02 4.702475294471e-02 3.813993558288e-02 3.947909921408e-02 4.124534502625e-02 2.360711991787e-02 1.648857630789e-02 2.854035049677e-02 4.034904390574e-02 3.696633502841e-02 2.247609198093e-02 1.468545570970e-02 1.390369702131e-02
3.906408697367e-02 4.983685910702e-02 3.652478381991e-02 3.994378075004e-02 5.766050145030e-02 1.672744303942e-01 6.399203091860e-02 4.116383194923e-02 5.948013812304e-02 8.726010471582e-02 9.767641872168e-02 8.812578767538e-02 7.086950540543e-02 8.203338086605e-02 6.759889423847e-02 6.436903774738e-02 8.594303578138e-02 6.431913375854e-02 4.407001659274e-02 7.288021594286e-02 5.967039987445e-02 5.432444065809e-02 8.019249141216e-02 8.499195426702e-02 8.507423847914e-02 3.804336860776e-02 5.286511778831e-02 6.478672474623e-02 4.397942498326e-02 5.560101196170e-02 6.479427218437e-02 5.477350577712e-02 3.530048578978e-02 3.429393097758e-02 3.898833319545e-02 2.027245610952e-02 2.595722675323e-02 4.220606014132e-02 4.322886839509e-02 2.868353202939e-02 1.439611148089e-02 1.328704040498e-02 1.347713079304e-02
3.793948143721e-02 5.170506983995e-02 4.756544530392e-02 4.512710496783e-02 6.137124449015e-02 1.731941699982e-01 6.711103022099e-02 4.272592812777e-02 4.975461214781e-02 6.751234829426e-02 8.335457742214e-02 8.662553131580e-02 7.894245535135e-02 8.575719594955e-02 8.193893730640e-02 6.728029996157e-02 1.149403825402e-01 8.475547283888e-02 4.447201639414e-02 8.857492357492e-02 6.655412167311e-02 7.092958688736e-02 1.056161224842e-01 8.614231646061e-02 6.887429952621e-02 3.943088650703e-02 5.526529997587e-02 6.622502952814e-02 4.209050908685e-02 5.522572621703e-02 6.871236115694e-02 6.085889041424e-02 3.584013879299e-02 2.736176736653e-02 3.612293303013e-02 2.199869416654e-02 4.169983044267e-02 4.863923788071e-02 3.459171950817e-02 1.755259372294e-02 1.556900981814e-02 1.729307882488e-02 1.832203194499e-02
3.830709308386e-02 5.356096476316e-02 6.003075093031e-02 4.140055552125e-02 6.488154828548e-02 1.779878437519e-01 6.852675229311e-02 4.409201070666e-02 4.985104873776e-02 6.406242400408e-02 6.401860713959e-02 7.692363858223e-02 8.081965148449e-02 9.551246464252e-02 8.819273114204e-02 7.474252581596e-02 1.433767676353e-01 1.034873500466e-01 4.875657707453e-02 1.008322462440e-01 6.985208392143e-02 8.605220913887e-02 1.245372518897e-01 8.034506440163e-02 5.078531056643e-02 4.694745317101e-02 5.315270647407e-02 6.265724450350e-02 3.852117434144e-02 5.053968355060e-02 6.648313254118e-02 6.239889934659e-02 3.793533891439e-02 2.363860793412e-02 3.454850241542e-02 3.846861422062e-02 5.263540893793e-02 4.172177985311e-02 2.131506428123e-02 1.683351024985e-02 1.630193181336e-02 2.225456945598e-02 2.179133519530e-02
3.420311957598e-02 5.545108392835e-02 6.506235152483e-02 4.625805467367e-02 6.848380714655e-02 1.834583133459e-01 6.944529712200e-02 4.567992314696e-02 4.554860293865e-02 6.176175177097e-02 5.069811642170e-02 6.062036752701e-02 8.696942031384e-02 1.023932024837e-01 8.178932964802e-02 9.244363754988e-02 1.659676134586e-01 1.185673996806e-01 5.728387460113e-02 1.092585176229e-01 6.998702883720e-02 9.356760978699e-02 1.304211616516e-01 6.686028838158e-02 4.442592710257e-02 5.968660861254e-02 6.168159842491e-02 5.576734244823e-02 3.818710520864e-02 4.239078238606e-02 5.881715565920e-02 5.902278795838e-02 3.786105662584e-02 2.340931072831e-02 3.488016128540e-02 5.383784323931e-02 5.001565441489e-02 2.694519795477e-02 1.898503117263e-02 1.620093360543e-02 1.766468957067e-02 2.517014555633e-02 2.318819984794e-02
4.674566537142e-02 5.766843259335e-02 6.511568278074e-02 7.545351237059e-02 7.221250236034e-02 1.867517530918e-01 6.916030496359e-02 5.458790063858e-02 3.896313905716e-02 5.648390948772e-02 4.738756269217e-02 6.659539043903e-02 9.160138666630e-02 1.092719882727e-01 8.813426643610e-02 1.098106205463e-01 1.845019906759e-01 1.273522078991e-01 6.183592602611e-02 1.163731291890e-01 7.607174664736e-02 9.124569594860e-02 1.253734081984e-01 5.557451769710e-02 4.720915853977e-02 7.147954404354e-02 7.830259948969e-02 4.878157749772e-02 3.888915106654e-02 3.554581478238e-02 4.877790436149e-02 5.292126536369e-02 3.583910316229e-02 2.632527984679e-02 5.123464763165e-02 5.781276896596e-02 3.486536070704e-02 1.824895851314e-02 1.953154802322e-02 1.508394815028e-02 2.021539956331e-02 2.673583291471e-02 2.879084832966e-02
6.171756610274e-02 6.032402068377e-02 6.411148607731e-02 9.265898913145e-02 7.503218948841e-02 1.877349764109e-01 6.714586913586e-02 6.256718188524e-02 4.121239110827e-02 5.786626413465e-02 4.912609979510e-02 7.135953009129e-02 9.592279791832e-02 1.159587353468e-01 8.511388301849e-02 1.240837723017e-01 1.879541128874e-01 1.206589266658e-01 7.335080951452e-02 1.223193779588e-01 7.629421353340e-02 8.342391252518e-02 1.084540635347e-01 5.286502093077e-02 5.162062868476e-02 8.221913874149e-02 8.431973308325e-02 4.393792897463e-02 4.229674115777e-02 3.730012476444e-02 5.122559517622e-02 4.451051354408e-02 3.188702836633e-02 4.606049880385e-02 6.210918724537e-02 4.467729106545e-02 2.502798289061e-02 1.640361361206e-02 1.968858763576e-02 1.720877178013e-02 2.601484954357e-02 3.389003872871e-02 3.374182060361e-02
7.273992896080e-02 7.872618734837e-02 7.444300502539e-02 8.563590049744e-02 8.017367124557e-02 1.861869543791e-01 7.334352284670e-02 6.877266615629e-02 4.325317218900e-02 5.871592089534e-02 5.429039150476e-02 7.384020090103e-02 1.010880395770e-01 1.225424185395e-01 7.823764532804e-02 1.331445425749e-01 1.771023571491e-01 1.070644855499e-01 8.063235133886e-02 1.267642080784e-01 6.807284057140e-02 6.661637872458e-02 8.425644785166e-02 4.891465604305e-02 6.064964458346e-02 8.229677379131e-02 7.779556512833e-02 4.652650281787e-02 4.862865060568e-02 4.117786139250e-02 5.558227375150e-02 3.879360109568e-02 3.939760103822e-02 6.217657029629e-02 5.476655066013e-02 3.838622942567e-02 2.139865420759e-02 1.787850260735e-02 2.212168462574e-02 2.489901706576e-02 3.630099445581e-02 3.724013641477e-02 3.100488148630e-02
9.526301175356e-02 9.442880749702e-02 1.019738540053e-01 7.858932763338e-02 9.502827376127e-02 1.803212165833e-01 8.349554240704e-02 7.537758350372e-02 5.887037888169e-02 5.880567431450e-02 6.328447908163e-02 9.566112607718e-02 1.053480431437e-01 1.298661977053e-01 8.469372242689e-02 1.337849199772e-01 1.574787199497e-01 1.023717746139e-01 8.298742026091e-02 1.300632208586e-01 6.173525750637e-02 5.465782061219e-02 6.348284333944e-02 5.232144147158e-02 6.593431532383e-02 7.363080978394e-02 5.754748731852e-02 5.129026994109e-02 5.669126287103e-02 4.694570228457e-02 5.746889486909e-02 3.656518831849e-02 5.877499654889e-02 6.181241944432e-02 5.509195849299e-02 3.472877293825e-02 2.496368810534e-02 2.190599031746e-02 2.647204697132e-02 3.611226007342e-02 4.036088287830e-02 3.250041976571e-02 2.411131560802e-02
1.056718081236e-01 1.044410616159e-01 1.259052902460e-01 1.172811686993e-01 8.031031489372e-02 1.701589077711e-01 7.764479517937e-02 8.711227774620e-02 8.130731433630e-02 6.744707375765e-02 6.873213499784e-02 1.152510717511e-01 1.211633235216e-01 1.379713267088e-01 9.453049302101e-02 1.259443759918e-01 1.559539139271e-01 1.248550862074e-01 8.056373149157e-02 1.305148452520e-01 6.211503967643e-02 5.895141139627e-02 6.460393965244e-02 5.815969407558e-02 6.179451569915e-02 5.802566558123e-02 5.345860123634e-02 5.975966155529e-02 6.210502982140e-02 4.868771135807e-02 5.700189620256e-02 5.520201101899e-02 6.551868468523e-02 6.171059235930e-02 5.870787799358e-02 4.290257021785e-02 3.059570863843e-02 2.825888991356e-02 3.424815088511e-02 4.046605899930e-02 3.342621773481e-02 2.760760858655e-02 2.469084411860e-02
