100/SI/f180_max.grd
DSAA
101	101
32.816463539100	34.260883539100
35.556306596100	36.727886596100
5.969923950033e-05	9.682915687561e+00
[rows 38 to 56 of 101, columns 0 to 42 of 101]
2.331138961017e-02 4.918959736824e-02 5.320503935218e-02 5.542989447713e-02 6.560377031565e-02 8.039356768131e-02 9.282081574202e-02 1.058123409748e-01 1.162561625242e-01 1.061681285501e-01 8.712639659643e-02 7.110074907541e-02 7.021532207727e-02 6.916946917772e-02 7.347196340561e-02 8.262714743614e-02 9.346884489059e-02 1.734602749348e-01 2.811782360077e-01 3.018847703934e-01 2.434347569942e-01 2.057893574238e-01 1.372460275888e-01 1.604881584644e-01 3.189590573311e-01 4.141826927662e-01 3.987693488598e-01 2.850867807865e-01 2.048091590405e-01 2.272621989250e-01 2.404743432999e-01 2.935927212238e-01 4.028094410896e-01 3.976563513279e-01 3.731734752655e-01 2.225537300110e-01 3.039310872555e-01 3.416635990143e-01 3.387413918972e-01 5.201804041862e-01 5.687096714973e-01 8.435759544373e-01 6.819444894791e-01
3.423251956701e-02 6.094983965158e-02 5.111812427640e-02 5.019995942712e-02 7.154192775488e-02 8.695012331009e-02 1.141594350338e-01 1.435371190310e-01 1.600258946419e-01 1.498474180698e-01 1.089091822505e-01 8.522478491068e-02 7.340934872627e-02 7.482633739710e-02 8.028550446033e-02 8.676834404469e-02 9.245641529560e-02 9.743583947420e-02 1.530153453350e-01 2.142151445150e-01 2.188683301210e-01 2.143138945103e-01 2.216013520956e-01 1.836923658848e-01 1.703938990831e-01 1.893180459738e-01 2.551539838314e-01 4.804930686951e-01 6.435768008232e-01 6.528626084328e-01 5.124083161354e-01 2.524955272675e-01 2.851941287518e-01 2.415184527636e-01 4.830723702908e-01 4.329021275043e-01 2.826463580132e-01 3.415195643902e-01 4.186320900917e-01 4.758814871311e-01 6.375215053558e-01 7.657090425491e-01 9.027063846588e-01
3.955864906311e-02 7.878912240267e-02 7.464320212603e-02 6.507436931133e-02 8.588211983442e-02 1.056442409754e-01 1.280937939882e-01 1.683903932571e-01 1.824333220720e-01 1.818168163300e-01 1.243675574660e-01 8.356493711472e-02 8.416082710028e-02 7.286222279072e-02 6.074498966336e-02 6.825632601976e-02 7.946354895830e-02 8.656061440706e-02 9.116146713495e-02 1.214074864984e-01 1.788505613804e-01 2.508069574833e-01 3.012285232544e-01 3.034594953060e-01 2.968016564846e-01 1.973811835051e-01 1.564733982086e-01 1.654869765043e-01 1.606627255678e-01 2.011237889528e-01 4.265424013138e-01 6.801063418388e-01 8.061898946762e-01 6.730369329453e-01 3.414241671562e-01 3.395583927631e-01 5.926960110664e-01 4.928121268749e-01 5.126119256020e-01 5.105735063553e-01 4.732860326767e-01 6.377143859863e-01 9.613190293312e-01
5.685611441731e-02 9.617038816214e-02 1.117632165551e-01 1.148148253560e-01 1.034582331777e-01 1.235425397754e-01 1.232859268785e-01 1.186146885157e-01 1.185157001019e-01 1.453206539154e-01 1.567880064249e-01 1.359795480967e-01 1.008129268885e-01 8.974897116423e-02 9.127308428288e-02 1.129206866026e-01 1.310056895018e-01 1.465308517218e-01 1.432200670242e-01 1.041182428598e-01 1.154875904322e-01 1.525741368532e-01 1.744385808706e-01 2.338889092207e-01 2.903031706810e-01 3.447669744492e-01 3.845094740391e-01 3.730562925339e-01 3.829603493214e-01 4.178472757339e-01 4.620395600796e-01 4.533192217350e-01 6.999341249466e-01 7.898942828178e-01 5.637819766998e-01 7.129859328270e-01 7.910142540932e-01 6.718037724495e-01 7.567062377930e-01 6.143814325333e-01 4.304419755936e-01 7.525602579117e-01 6.265391111374e-01
5.844518169761e-02 1.027331054211e-01 1.132291778922e-01 1.036303490400e-01 1.144234910607e-01 1.442628204823e-01 1.433074027300e-01 1.241519376636e-01 1.493027955294e-01 1.242600455880e-01 1.182913556695e-01 1.649890691042e-01 1.711782664061e-01 1.289276480675e-01 1.194084957242e-01 1.100465208292e-01 1.126189976931e-01 1.508419066668e-01 2.033899128437e-01 2.067492902279e-01 1.329013854265e-01 1.503738760948e-01 1.921413987875e-01 1.602586656809e-01 1.851698756218e-01 2.234652638435e-01 2.949581444263e-01 4.451791942120e-01 5.992166996002e-01 5.485227108002e-01 5.199500918388e-01 3.858412206173e-01 3.847099840641e-01 7.220548391342e-01 6.945957541466e-01 8.754221796989e-01 5.785819888115e-01 8.196283578873e-01 7.187129855156e-01 1.036767244339e+00 1.071453690529e+00 8.434640169144e-01 9.496606588364e-01
1.130602285266e-01 2.192069590092e-01 1.638683527708e-01 1.367718875408e-01 1.338194608688e-01 1.204005628824e-01 1.233411282301e-01 1.500703692436e-01 1.486264169216e-01 1.203667744994e-01 1.505365520716e-01 1.025944277644e-01 1.317006051540e-01 1.844921112061e-01 1.601307392120e-01 1.384651213884e-01 1.734026968479e-01 3.763645887375e-01 4.436648786068e-01 2.418513298035e-01 2.590345144272e-01 1.526615768671e-01 1.794233173132e-01 2.542844414711e-01 1.693694591522e-01 1.549621820450e-01 1.629361808300e-01 1.783664375544e-01 2.277142554522e-01 2.588727772236e-01 2.765662968159e-01 3.011908531189e-01 4.103254079819e-01 6.477583646774e-01 4.445954561234e-01 4.115130305290e-01 6.049343943596e-01 6.880841851234e-01 4.557652473450e-01 9.476885199547e-01 9.753381013870e-01 1.061319470406e+00 1.302035450935e+00
1.795900613070e-01 3.293655514717e-01 2.670229375362e-01 2.080002576113e-01 1.917687356472e-01 1.560593545437e-01 2.154019176960e-01 1.890354305506e-01 1.891140639782e-01 1.479750275612e-01 1.157298982143e-01 1.420858949423e-01 1.274477839470e-01 8.318841457367e-02 1.562734097242e-01 1.831380128860e-01 1.333107501268e-01 1.143142953515e-01 2.089652121067e-01 1.382414996624e-01 2.405951172113e-01 2.855192720890e-01 2.836610376835e-01 2.482712417841e-01 3.409703969955e-01 2.094971984625e-01 1.946570575237e-01 2.521536350250e-01 2.955309152603e-01 2.257493585348e-01 2.877015471458e-01 3.543204665184e-01 4.196969568729e-01 4.921032786369e-01 6.262505054474e-01 4.745699465275e-01 5.299781560898e-01 5.927847027779e-01 5.617765784264e-01 8.065868616104e-01 7.447370886803e-01 1.079892516136e+00 1.103703141212e+00
7.013482600451e-02 1.460169702768e-01 1.770104318857e-01 2.084443122149e-01 2.129576057196e-01 2.363720983267e-01 2.496278434992e-01 2.151035666466e-01 1.928822398186e-01 1.848791837692e-01 1.727869659662e-01 1.599098145962e-01 1.513215452433e-01 1.422788053751e-01 1.540184915066e-01 1.314752697945e-01 9.347746521235e-02 1.102642342448e-01 1.161457747221e-01 1.587709337473e-01 1.487786620855e-01 2.456041574478e-01 2.655434906483e-01 2.848195731640e-01 3.328589200974e-01 3.757417500019e-01 4.089166820049e-01 4.258315563202e-01 4.351419508457e-01 4.687333405018e-01 4.760376811028e-01 5.005927681923e-01 5.315971970558e-01 4.413722753525e-01 3.809128999710e-01 5.361846089363e-01 6.420855522156e-01 9.889979362488e-01 1.183273792267e+00 1.091874718666e+00 1.039591789246e+00 1.082417607307e+00 8.969726562500e-01
6.840882450342e-02 1.433439701796e-01 1.623272448778e-01 1.793280541897e-01 2.067389637232e-01 2.113877385855e-01 1.942795068026e-01 1.572215110064e-01 1.483935415745e-01 1.767163276672e-01 2.075690031052e-01 1.969786584377e-01 1.490101069212e-01 9.708442538977e-02 1.044255644083e-01 6.032536178827e-02 3.508294001222e-02 3.878342360258e-02 5.158720910549e-02 6.222257018089e-02 1.854425072670e-01 3.266040086746e-01 2.777156829834e-01 3.517735302448e-01 3.390050530434e-01 4.175643324852e-01 4.309248626232e-01 4.079731702805e-01 3.804425299168e-01 4.327459931374e-01 4.616005420685e-01 5.956871509552e-01 7.612544894218e-01 8.295263051987e-01 7.086803913116e-01 5.992849469185e-01 6.634818315506e-01 4.741824865341e-01 7.231608629227e-01 7.377359271049e-01 1.152908921242e+00 1.088545084000e+00 1.171988606453e+00
1.850599050522e-02 3.719240799546e-02 3.925748914480e-02 4.228929802775e-02 5.814311280847e-02 8.132047951221e-02 1.069721728563e-01 1.148713231087e-01 1.110273301601e-01 1.024021282792e-01 1.064407378435e-01 1.352523565292e-01 1.350828111172e-01 1.099582090974e-01 7.109858840704e-02 5.523217469454e-02 2.835175395012e-02 2.413772419095e-02 2.687508799136e-02 5.726644396782e-02 1.283474266529e-01 2.724220454693e-01 6.807053089142e-01 6.397759318352e-01 5.746651291847e-01 5.396696329117e-01 5.200949311256e-01 5.056072473526e-01 5.376001596451e-01 6.211272478104e-01 6.924227476120e-01 7.836560010910e-01 1.350477695465e+00 7.512280941010e-01 1.695473790169e+00 1.153808951378e+00 9.187000393867e-01 9.927662611008e-01 1.227954506874e+00 1.424859523773e+00 1.506776452065e+00 1.420864701271e+00 1.426676869392e+00
1.682759821415e-02 3.250482305884e-02 3.539127856493e-02 3.545104712248e-02 5.961516499519e-02 8.834512531757e-02 9.208805114031e-02 7.513796538115e-02 5.546759814024e-02 4.536605253816e-02 5.729357898235e-02 7.111006230116e-02 6.808077543974e-02 5.469875782728e-02 4.025470837951e-02 2.851286157966e-02 2.062211930752e-02 1.509464532137e-02 1.569185033441e-02 5.107321217656e-02 1.633926630020e-01 2.821207046509e-01 2.773573696613e-01 5.891765952110e-01 1.420971989632e+00 7.185400128365e-01 4.477390050888e-01 4.056987166405e-01 4.220380783081e-01 4.597439467907e-01 7.904291749001e-01 1.139750003815e+00 6.033564209938e-01 8.985320925713e-01 1.622930407524e+00 2.966378927231e+00 1.211984515190e+00 9.575329422951e-01 8.541570901871e-01 9.396181702614e-01 8.043063282967e-01 1.489116549492e+00 1.740736603737e+00
8.751085028052e-03 1.817446947098e-02 2.177650853992e-02 2.416451089084e-02 3.174352645874e-02 5.105143785477e-02 5.849809572101e-02 5.070485547185e-02 3.923868387938e-02 2.946775220335e-02 2.434984222054e-02 2.323161624372e-02 1.851105690002e-02 1.619922928512e-02 1.933422125876e-02 1.472331490368e-02 1.369892153889e-02 1.152152381837e-02 1.341325789690e-02 2.042571455240e-02 3.446394577622e-02 9.431745111942e-02 9.879820793867e-02 1.326702237129e-01 5.158376097679e-01 5.458992123604e-01 2.034401148558e-01 1.111324876547e-01 1.152276396751e-01 3.762125968933e-01 4.982215762138e-01 5.424448251724e-01 5.633320212364e-01 4.623281359673e-01 6.798977255821e-01 1.959148168564e+00 1.039994120598e+00 6.384510993958e-01 4.453867077827e-01 4.035656452179e-01 3.792912065983e-01 9.944599270821e-01 1.380518794060e+00
3.841855330393e-03 7.673560641706e-03 7.982895709574e-03 8.961058221757e-03 1.117290649563e-02 1.415082998574e-02 1.684120483696e-02 1.832883246243e-02 1.773233152926e-02 1.502121612430e-02 1.285115629435e-02 1.477519702166e-02 1.525406353176e-02 1.410767156631e-02 1.434840820730e-02 1.640286482871e-02 1.245857775211e-02 9.963427670300e-03 1.118635199964e-02 1.662776619196e-02 1.900257356465e-02 3.470965847373e-02 6.035925075412e-02 1.316341608763e-01 3.196485936642e-01 1.981607526541e-01 1.223441883922e-01 9.763360023499e-02 9.409395605326e-02 3.031553700566e-02 2.656271122396e-02 2.889566868544e-02 4.511168226600e-02 9.795957058668e-02 2.272058427334e-01 3.861907720566e+00 7.359210968018e+00 9.826889634132e-01 6.697458028793e-01 3.449845612049e-01 2.431063801050e-01 2.627004384995e-01 5.091325044632e-01
3.113115439191e-03 5.660217721015e-03 6.288383621722e-03 6.286440882832e-03 6.324562709779e-03 8.152968250215e-03 1.070675533265e-02 1.317914202809e-02 1.465124264359e-02 1.434799842536e-02 1.204955391586e-02 1.111473329365e-02 1.207294687629e-02 1.167904026806e-02 1.039213966578e-02 1.274344697595e-02 1.480104122311e-02 1.177214831114e-02 9.086159989238e-03 2.649735845625e-02 3.359080478549e-02 2.536245621741e-02 3.370257467031e-02 5.940708145499e-02 1.128807142377e-01 1.120338439941e+00 2.431792467833e-01 2.161380350590e-01 9.133137762547e-02 1.798534020782e-02 1.573101058602e-02 1.647352240980e-02 1.916294544935e-02 2.361383475363e-02 3.168480843306e-02 1.705053001642e-01 1.185946822166e+00 3.056445360184e+00 7.802175879478e-01 4.377637207508e-01 1.255374103785e-01 8.107861131430e-02 8.926524221897e-02
2.915209624916e-03 6.942047271878e-03 9.387467987835e-03 1.083523128182e-02 1.128354202956e-02 1.041141245514e-02 9.256166405976e-03 8.441147394478e-03 1.050957385451e-02 1.205303054303e-02 1.201517414302e-02 1.039290335029e-02 9.015002287924e-03 1.122495718300e-02 1.172133162618e-02 1.047485880554e-02 1.221112161875e-02 1.576151885092e-02 1.244056131691e-02 2.617786079645e-02 2.783710137010e-02 2.379667758942e-02 2.650940045714e-02 2.873192168772e-02 6.544125825167e-02 2.265602350235e-01 2.356429398060e-01 6.033786386251e-02 2.796442806721e-02 1.741194352508e-02 1.304704230279e-02 1.113987155259e-02 1.099022850394e-02 1.377477962524e-02 1.790141686797e-02 6.070366129279e-02 3.105961084366e-01 1.098737478256e+00 1.332111239433e+00 2.044821530581e-01 8.811622112989e-02 5.688488110900e-02 5.387999489903e-02
4.415182862431e-03 1.039461046457e-02 1.328552141786e-02 1.494041085243e-02 1.534958928823e-02 1.466712076217e-02 1.376823335886e-02 1.238561049104e-02 1.068742107600e-02 8.735361509025e-03 9.652247652411e-03 1.013561990112e-02 9.704949334264e-03 1.139226742089e-02 1.306583452970e-02 1.234325580299e-02 1.042261812836e-02 1.655874401331e-02 1.762083731592e-02 4.620858281851e-02 2.966335788369e-02 2.129800431430e-02 1.441002264619e-02 1.480398047715e-02 2.789965271950e-02 2.025278806686e-01 2.878583967686e-01 5.472003296018e-02 3.576411679387e-02 1.822624728084e-02 1.125629059970e-02 7.791862357408e-03 6.925766821951e-03 7.321307435632e-03 1.122342050076e-02 1.854839734733e-02 1.257376670837e-01 3.886982500553e-01 1.034699440002e+00 5.004550814629e-01 2.383297681808e-01 4.735412821174e-02 4.009551927447e-02
3.015701426193e-03 6.584705319256e-03 8.213675580919e-03 9.014492854476e-03 8.741976693273e-03 8.735437877476e-03 9.774577803910e-03 1.093008648604e-02 1.201663911343e-02 1.203431002796e-02 1.036139391363e-02 7.811346091330e-03 9.199492633343e-03 1.007947884500e-02 1.014198269695e-02 1.018546707928e-02 1.065949164331e-02 1.746398769319e-02 2.393973059952e-02 3.985599055886e-02 3.076353669167e-02 2.414037659764e-02 1.188016496599e-02 1.179676502943e-02 2.377773076296e-02 7.369292527437e-02 6.395360082388e-02 4.245866462588e-02 3.346497192979e-02 1.865828968585e-02 1.034045219421e-02 8.509876206517e-03 7.504572626203e-03 7.331391330808e-03 9.392712265253e-03 1.589184068143e-02 3.328260406852e-02 1.677929759026e-01 1.973764300346e-01 1.199987828732e-01 7.198406755924e-02 3.631458431482e-02 3.276421129704e-02
2.834342187271e-03 5.132004152983e-03 7.621643599123e-03 9.733914397657e-03 1.161420065910e-02 1.372589357197e-02 1.604441553354e-02 1.855177246034e-02 2.086931467056e-02 2.153170108795e-02 1.924688182771e-02 1.429263129830e-02 9.193789213896e-03 9.572962298989e-03 1.175448391587e-02 1.276010461152e-02 1.599404588342e-02 1.852089539170e-02 2.162391506135e-02 3.797198459506e-02 2.717968821526e-02 1.793700456619e-02 9.496076963842e-03 9.196900762618e-03 1.724842377007e-02 2.002918161452e-02 2.060583084822e-01 2.911989949644e-02 2.743213996291e-02 1.650129072368e-02 9.547981433570e-03 7.665990851820e-03 7.312874775380e-03 7.720564026386e-03 9.950730949640e-03 1.353478524834e-02 2.249388210475e-02 2.771637588739e-02 5.835640430450e-02 7.754602283239e-02 4.840596392751e-02 2.911772951484e-02 3.738235682249e-02
2.832779893652e-03 5.124368704855e-03 6.990869995207e-03 8.642791770399e-03 1.030977629125e-02 1.234527584165e-02 1.449596602470e-02 1.666637696326e-02 1.869535632432e-02 1.979189366102e-02 1.875633187592e-02 2.045871689916e-02 2.131466753781e-02 2.131404355168e-02 2.033069916070e-02 1.843091659248e-02 2.196454629302e-02 1.590324938297e-02 2.154302410781e-02 6.862773001194e-02 2.516494318843e-02 1.261687930673e-02 8.907920680940e-03 7.459056563675e-03 1.027922425419e-02 2.309813536704e-02 8.320660889149e-02 2.259921468794e-02 2.910718321800e-02 1.232536509633e-02 9.026004932821e-03 6.926344241947e-03 7.012571208179e-03 7.969189435244e-03 1.053653378040e-02 1.252814289182e-02 1.394894998521e-02 2.246757037938e-02 4.925390332937e-02 5.755830183625e-02 3.564938902855e-02 2.639615349472e-02 3.471071645617e-02
