100/SI/f180_max.grd
DSAA
101	101
32.816463539100	34.260883539100
35.556306596100	36.727886596100
5.969923950033e-05	9.682915687561e+00
[rows 76 to 94 of 101, columns 0 to 42 of 101]
6.268608267419e-04 9.068910148926e-04 1.192872296087e-03 1.412849291228e-03 1.518621342257e-03 1.528565189801e-03 1.476761535741e-03 1.394191407599e-03 1.300301868469e-03 1.407711533830e-03 1.591174397618e-03 1.907343976200e-03 2.258249325678e-03 2.483249176294e-03 2.528459765017e-03 2.454658271745e-03 2.235621912405e-03 2.386385109276e-03 2.457038965076e-03 2.623816486448e-03 3.623228287324e-03 3.545198589563e-03 2.319367835298e-03 2.517566783354e-03 2.332368399948e-03 2.146740211174e-03 2.169454935938e-03 2.413423964754e-03 2.743379678577e-03 2.898552222177e-03 2.790217986330e-03 2.627538284287e-03 2.554458100349e-03 2.507635392249e-03 2.772240433842e-03 3.331201849505e-03 6.437381263822e-03 7.657618261874e-03 7.206550333649e-03 5.105440970510e-03 4.956658929586e-03 8.311999030411e-03 1.447479519993e-02
6.304886774160e-04 1.019577728584e-03 1.353612984531e-03 1.561682322063e-03 1.644826028496e-03 1.636703265831e-03 1.571855857037e-03 1.475916360505e-03 1.538114272989e-03 1.707207644358e-03 1.964169321582e-03 2.321706153452e-03 2.652384573594e-03 2.813454717398e-03 2.770023886114e-03 2.569470787421e-03 2.188849262893e-03 2.253804123029e-03 2.263172762468e-03 2.015023725107e-03 2.067722147331e-03 2.168637001887e-03 1.887315884233e-03 2.280022250488e-03 2.415640512481e-03 2.216136781499e-03 2.383431186900e-03 2.868858631700e-03 3.182876389474e-03 3.218492027372e-03 3.001712029800e-03 2.754299435765e-03 2.734735840932e-03 2.689042361453e-03 3.269786480814e-03 3.496612189338e-03 5.768512375653e-03 6.449184380472e-03 7.079525385052e-03 8.025353774428e-03 1.659376360476e-02 2.163347415626e-02 2.047372981906e-02
6.717313663103e-04 1.071659615263e-03 1.396147068590e-03 1.580178504810e-03 1.639068825170e-03 1.611869782209e-03 1.529864151962e-03 1.675052335486e-03 1.887308666483e-03 2.111301291734e-03 2.400835510343e-03 2.706070896238e-03 2.903161803260e-03 2.897334750742e-03 2.689960645512e-03 2.335757948458e-03 1.855477923527e-03 1.950268982910e-03 1.888697966933e-03 1.656552776694e-03 1.507039996795e-03 1.690383418463e-03 2.050983253866e-03 2.733178669587e-03 2.877941587940e-03 2.596620703116e-03 3.184500150383e-03 3.453230019659e-03 3.530801739544e-03 3.452289383858e-03 3.227419685572e-03 2.991246990860e-03 2.848370233551e-03 3.291242523119e-03 4.241396207362e-03 5.455087404698e-03 7.188172545284e-03 8.909081108868e-03 7.439901586622e-03 1.954869925976e-02 2.252519503236e-02 2.173697762191e-02 2.145539969206e-02
6.070035160519e-04 9.595110896043e-04 1.237221993506e-03 1.386329648085e-03 1.424218178727e-03 1.384924049489e-03 1.592966844328e-03 1.812774920836e-03 1.988755539060e-03 2.163507742807e-03 2.346901688725e-03 2.482769079506e-03 2.497457666323e-03 2.350738039240e-03 2.076034666970e-03 1.736033824272e-03 1.624290714972e-03 1.566949649714e-03 1.464516622946e-03 1.346405595541e-03 1.394925289787e-03 1.552773173898e-03 2.461202908307e-03 3.346960758790e-03 3.618817776442e-03 3.800039645284e-03 3.906592726707e-03 3.935704939067e-03 3.707081777975e-03 3.485858906060e-03 3.298554336652e-03 3.131360048428e-03 3.462288063020e-03 4.118443001062e-03 5.256370641291e-03 6.063139066100e-03 5.918843671679e-03 9.645626880229e-03 1.122142467648e-02 1.653212867677e-02 1.920726522803e-02 1.944032311440e-02 1.972407475114e-02
5.034020286985e-04 8.062401902862e-04 9.830034105107e-04 1.071737264283e-03 1.100257271901e-03 1.283155172132e-03 1.473755808547e-03 1.591095351614e-03 1.645304961130e-03 1.693457481451e-03 1.749334624037e-03 1.782250357792e-03 1.747086877003e-03 1.616500550881e-03 1.663713483140e-03 1.702696201392e-03 1.684281043708e-03 1.597554073669e-03 1.461372710764e-03 1.319372910075e-03 1.313443528488e-03 1.623489311896e-03 2.771044848487e-03 3.807005006820e-03 4.313853103667e-03 4.575204104185e-03 4.609484691173e-03 4.710234701633e-03 4.591158591211e-03 3.948993515223e-03 3.391118254513e-03 3.275480121374e-03 3.811971051618e-03 4.183307290077e-03 4.429953172803e-03 4.695079289377e-03 6.246825214475e-03 9.311944246292e-03 1.229930575937e-02 1.246360503137e-02 1.949495822191e-02 2.334959805012e-02 1.831495575607e-02
6.859011482447e-04 1.038704067469e-03 1.256830873899e-03 1.352799008600e-03 1.409240765497e-03 1.434871577658e-03 1.443468383513e-03 1.434302539565e-03 1.407271251082e-03 1.369853154756e-03 1.434417441487e-03 1.558825839311e-03 1.666940515861e-03 1.760372542776e-03 1.826143008657e-03 1.842564903200e-03 1.790616661310e-03 1.664564711973e-03 1.489533926360e-03 1.451137941331e-03 1.371824066155e-03 1.750186085701e-03 2.855311613530e-03 3.928490448743e-03 9.729615412652e-03 2.880138158798e-02 3.064667247236e-02 1.379376742989e-02 8.026003837585e-03 6.325881928205e-03 4.484444856644e-03 3.443452296779e-03 4.052520729601e-03 5.318552255630e-03 4.316082689911e-03 5.095522850752e-03 5.641914438456e-03 9.619925171137e-03 1.679834164679e-02 1.640191115439e-02 1.817765459418e-02 2.399042248726e-02 3.298965841532e-02
9.724995470606e-04 1.436378806829e-03 1.713792793453e-03 1.861052936874e-03 1.902238116600e-03 1.891580875963e-03 1.853492693044e-03 1.795453135855e-03 1.721828593872e-03 1.657588290982e-03 1.948901219293e-03 2.239216351882e-03 2.491216640919e-03 2.663824008778e-03 2.721707569435e-03 2.648314228281e-03 2.444917336106e-03 2.126357983798e-03 1.967073883861e-03 1.870167558081e-03 1.751662115566e-03 2.010823460296e-03 2.855527913198e-03 6.375012453645e-03 2.695744484663e-02 7.760736346245e-02 8.484967052937e-02 4.266983270645e-02 1.848769932985e-02 9.088237769902e-03 5.864123348147e-03 4.400389268994e-03 3.992560785264e-03 5.670020356774e-03 6.161647383124e-03 6.382303778082e-03 5.694724153727e-03 8.678494021297e-03 1.982167735696e-02 2.977724745870e-02 1.964781247079e-02 1.894982531667e-02 4.199216887355e-02
1.222628168762e-03 1.745486631989e-03 2.088203327730e-03 2.220813184977e-03 2.214927691966e-03 2.141976729035e-03 2.037364523858e-03 1.983347581699e-03 2.326398389414e-03 2.838415559381e-03 3.367073368281e-03 3.866476006806e-03 4.291495308280e-03 4.626678768545e-03 4.857704043388e-03 4.941076971591e-03 4.813149571419e-03 4.399396479130e-03 3.629032056779e-03 2.699859905988e-03 2.497325418517e-03 2.553424797952e-03 5.599746014923e-03 1.015631854534e-02 2.925528958440e-02 2.411712557077e-01 4.512395560741e-01 9.816454350948e-02 4.284279420972e-02 1.535303238779e-02 7.182783912867e-03 5.445078015327e-03 5.304647609591e-03 7.380344904959e-03 8.865774609149e-03 8.627014234662e-03 7.094686385244e-03 1.039096433669e-02 1.671440713108e-02 3.658143430948e-02 3.676243871450e-02 1.807996258140e-02 4.375829547644e-02
1.301483716816e-03 1.820247736759e-03 2.127057639882e-03 2.200379734859e-03 2.125692088157e-03 2.217416884378e-03 2.449147636071e-03 2.602382330224e-03 3.111044410616e-03 3.830734640360e-03 4.581540822983e-03 5.294466391206e-03 5.920117255300e-03 6.478274706751e-03 7.013872731477e-03 7.521272636950e-03 7.859928533435e-03 7.721802219748e-03 6.691331509501e-03 4.803707357496e-03 3.677431028336e-03 5.254124291241e-03 9.265890344977e-03 1.314728427678e-02 5.775171890855e-02 1.388052999973e-01 1.764689981937e-01 5.350064858794e-02 2.009373717010e-02 1.221315469593e-02 1.046152319759e-02 1.280026137829e-02 1.652757264674e-02 1.533725298941e-02 1.109541021287e-02 1.102124340832e-02 9.073207154870e-03 1.059866510332e-02 1.174544449896e-02 2.406127564609e-02 3.197177872062e-02 2.047928236425e-02 7.678181678057e-02
1.768942573108e-03 2.799710026011e-03 3.526565385982e-03 3.936850931495e-03 4.162756726146e-03 4.246921278536e-03 4.200296476483e-03 4.041263367981e-03 3.800019854680e-03 3.970238380134e-03 4.793029744178e-03 5.622468888760e-03 6.410073488951e-03 7.165975403041e-03 7.972539402544e-03 8.922534063458e-03 9.844051674008e-03 1.017947494984e-02 9.168273769319e-03 8.310565724969e-03 8.318382315338e-03 8.960581384599e-03 1.154243107885e-02 1.570078171790e-02 2.986537851393e-02 1.103891059756e-02 8.665797300637e-03 8.659758605063e-03 9.423464536667e-03 1.020224299282e-02 1.125424727798e-02 7.805336266756e-02 5.141546204686e-02 4.129892587662e-02 2.493914589286e-02 3.682977706194e-02 3.391478583217e-02 1.595097966492e-02 1.222610007972e-02 1.485979370773e-02 2.212075516582e-02 5.846848711371e-02 8.884009718895e-02
3.242774168029e-03 5.037747789174e-03 6.166203413159e-03 6.618616171181e-03 6.684853229672e-03 6.510083097965e-03 6.168154533952e-03 5.722910165787e-03 5.349753424525e-03 5.547109059989e-03 5.686719901860e-03 5.731411278248e-03 6.149673368782e-03 6.983504164964e-03 7.771241944283e-03 8.655985817313e-03 9.529887698591e-03 1.414101384580e-02 1.825885474682e-02 1.837914437056e-02 1.876738853753e-02 1.857214421034e-02 1.357702724636e-02 1.638378389180e-02 8.113494142890e-03 6.133527960628e-03 5.618949886411e-03 4.865860566497e-03 5.528116598725e-03 7.720795925707e-03 1.712997257710e-02 9.229437261820e-02 6.599445641041e-02 4.609716311097e-02 4.018570855260e-02 8.541595190763e-02 8.153998106718e-02 3.687740117311e-02 2.766628190875e-02 2.568206004798e-02 3.260895982385e-02 5.515042692423e-02 9.887360036373e-02
4.721866454929e-03 7.183582056314e-03 8.451616391540e-03 8.698601275682e-03 1.065255422145e-02 1.145363785326e-02 1.125683449209e-02 1.049128081650e-02 9.461147710681e-03 8.421170525253e-03 8.506958372891e-03 8.320470340550e-03 8.885922841728e-03 1.024413760751e-02 1.121926680207e-02 1.210340391845e-02 1.362971216440e-02 1.509120874107e-02 1.392215769738e-02 1.591364480555e-02 1.668491400778e-02 1.358240377158e-02 1.113531738520e-02 6.389867980033e-03 5.614773835987e-03 4.358754958957e-03 3.612903645262e-03 2.897855127230e-03 2.650346141309e-03 4.734870512038e-03 7.544954307377e-03 3.957870230079e-02 5.264949426055e-02 7.994891703129e-02 8.488196134567e-02 1.092917621136e-01 7.786451280117e-02 3.671527653933e-02 5.745691061020e-02 5.741937458515e-02 4.057286679745e-02 5.326481536031e-02 1.706747114658e-01
5.534409079701e-03 8.337390609086e-03 9.640750475228e-03 1.077966298908e-02 1.306852605194e-02 1.394795160741e-02 1.362673379481e-02 1.262059342116e-02 1.127485837787e-02 9.833049029112e-03 8.710334077477e-03 9.580983780324e-03 1.107843220234e-02 1.271484885365e-02 1.382203213871e-02 1.418878324330e-02 1.330205146223e-02 1.093530002981e-02 8.641600608826e-03 7.472123019397e-03 6.358581129462e-03 4.457478877157e-03 3.982448950410e-03 3.808425739408e-03 3.392389044166e-03 2.767971949652e-03 2.133729169145e-03 2.019171370193e-03 2.574168611318e-03 3.854861482978e-03 5.595108959824e-03 2.198249846697e-02 2.408953569829e-02 4.677895829082e-02 5.424248799682e-02 1.241313740611e-01 1.092665717006e-01 5.709685012698e-02 5.236101523042e-02 2.282389700413e-01 5.367373824120e-01 1.390052586794e-01 8.539357036352e-02
4.128728527576e-03 6.160167977214e-03 7.036334834993e-03 7.139422930777e-03 8.520197123289e-03 9.000924415886e-03 8.742515929043e-03 8.067277260125e-03 7.182817440480e-03 6.248619873077e-03 5.817361641675e-03 6.257278844714e-03 6.496916525066e-03 6.538828834891e-03 6.398934405297e-03 6.496002431959e-03 5.825168918818e-03 4.663142841309e-03 5.434051621705e-03 5.125312600285e-03 4.085348919034e-03 2.972823334858e-03 2.781560644507e-03 2.479621209204e-03 2.073795767501e-03 1.630471320823e-03 1.837652991526e-03 2.558909822255e-03 3.207762027159e-03 6.602386943996e-03 8.355897851288e-03 1.242428924888e-02 2.152769081295e-02 1.611791923642e-02 1.391296740621e-02 1.706507243216e-02 1.065865978599e-01 6.143989413977e-02 4.741919040680e-02 3.048635721207e-01 6.728636622429e-01 7.393586635590e-02 2.664039842784e-02
1.954008359462e-03 2.885195193812e-03 3.361993236467e-03 3.822932019830e-03 4.003399517387e-03 4.216154571623e-03 4.255885723978e-03 4.031575750560e-03 3.832001006231e-03 3.776263911277e-03 3.705446608365e-03 3.403189126402e-03 3.485042601824e-03 3.582487581298e-03 3.554427996278e-03 3.362842369825e-03 4.500087816268e-03 5.748696159571e-03 5.418417043984e-03 4.055941477418e-03 2.588818315417e-03 1.876551425084e-03 1.700615626760e-03 1.472947420552e-03 1.227783272043e-03 1.873108325526e-03 2.889668801799e-03 3.860783996060e-03 5.327241029590e-03 8.663052693009e-03 1.186749245971e-02 1.602130755782e-02 1.841477304697e-02 1.563789322972e-02 9.523307904601e-03 1.109988614917e-02 2.174184657633e-02 5.476315319538e-02 8.965548127890e-02 9.404744207859e-02 4.986618831754e-02 1.904106140137e-02 1.775720901787e-02
1.279930584133e-03 1.864845282398e-03 2.365236636251e-03 2.673085778952e-03 2.794280648232e-03 2.781896619126e-03 2.714547095820e-03 2.585206413642e-03 2.432202920318e-03 2.270605647936e-03 2.105255378410e-03 1.940571935847e-03 1.782912644558e-03 1.732995733619e-03 1.712216529995e-03 2.452544635162e-03 4.180286545306e-03 4.945065360516e-03 4.231422208250e-03 2.915975637734e-03 1.775198383257e-03 1.131513621658e-03 1.127346884459e-03 1.233554095961e-03 1.672232989222e-03 2.848775591701e-03 4.300100728869e-03 6.041958462447e-03 8.617663756013e-03 1.174936257303e-02 1.760808937252e-02 1.817166619003e-02 1.648577675223e-02 8.914529345930e-03 6.773667410016e-03 9.225084446371e-03 1.118922606111e-02 4.263386130333e-02 1.052666902542e-01 6.064070388675e-02 3.604516014457e-02 1.624396443367e-02 1.540818437934e-02
8.910119649954e-04 1.290525426157e-03 1.614375622012e-03 1.815472845919e-03 1.906138029881e-03 1.917766756378e-03 1.876382739283e-03 1.798890880309e-03 1.697046565823e-03 1.576668815687e-03 1.444629044272e-03 1.304377685301e-03 1.379842287861e-03 1.388677512296e-03 1.282217446715e-03 1.453700824641e-03 2.603482222185e-03 3.238977631554e-03 3.025180893019e-03 2.365719527006e-03 1.670558820479e-03 1.122791436501e-03 1.206209533848e-03 1.385735580698e-03 2.364760031924e-03 5.240647122264e-03 1.121334545314e-02 1.037145685405e-02 8.550480008125e-03 1.587528735399e-02 2.163553982973e-02 1.854470558465e-02 1.333071663976e-02 6.279034540057e-03 6.667760200799e-03 9.178662672639e-03 1.287670247257e-02 4.581029340625e-02 7.700781524181e-02 3.623687475920e-02 2.101038210094e-02 1.296462304890e-02 1.162779890001e-02
5.961386486888e-04 8.555580861866e-04 1.061308546923e-03 1.186827779748e-03 1.242165104486e-03 1.248023356311e-03 1.218899968080e-03 1.164151821285e-03 1.089334953576e-03 9.991578990594e-04 9.867734042928e-04 1.110430108383e-03 1.159467152320e-03 1.109195407480e-03 1.061568153091e-03 1.215102151036e-03 1.350160106085e-03 1.654193620197e-03 1.890605431981e-03 1.823583035730e-03 1.551330205984e-03 1.225087209605e-03 1.287724473514e-03 1.763744396158e-03 3.078666049987e-03 9.137893095613e-03 1.307442318648e-02 7.785484660417e-03 8.710664696991e-03 1.680163107812e-02 2.276207134128e-02 1.800922304392e-02 1.260664034635e-02 8.648654446006e-03 9.488072246313e-03 9.173848666251e-03 1.989118754864e-02 7.953157275915e-02 5.746945738792e-02 1.521160732955e-02 3.044110536575e-02 1.320955343544e-02 8.986148983240e-03
3.499639860820e-04 4.978971555829e-04 6.131163681857e-04 6.811242783442e-04 7.084656390361e-04 7.072214502841e-04 6.854411331005e-04 6.482603494078e-04 6.205093814060e-04 7.587610161863e-04 8.890149765648e-04 9.744493290782e-04 9.819723200053e-04 1.085492316633e-03 1.255794893950e-03 1.428192132153e-03 1.578710158356e-03 1.676540588960e-03 1.691546407528e-03 1.612168620341e-03 1.467697205953e-03 1.373577280901e-03 1.526578329504e-03 2.198318252340e-03 3.713594982401e-03 1.024721935391e-02 1.079990528524e-02 8.581221103668e-03 7.811031769961e-03 1.503703929484e-02 2.108112350106e-02 1.640130952001e-02 1.610727049410e-02 1.086806412786e-02 1.143065374345e-02 8.212255313993e-03 1.892208866775e-02 5.114883184433e-02 2.495865523815e-02 1.784573495388e-02 4.035067185760e-02 1.301145181060e-02 6.871841382235e-03
