100/SI/f182.grd
DSAA
101	101
32.816463539100	34.260883539100
35.556306596100	36.727886596100
2.982570549648e-05	4.842821121216e+00
[rows 38 to 56 of 101, columns 43 to 85 of 101]
2.964045107365e-01 4.602325558662e-01 4.918942749500e-01 2.919992804527e-01 4.887431263924e-01 2.404499948025e-01 2.472212165594e-01 3.313829898834e-01 2.844738364220e-01 2.282002568245e-01 3.354712128639e-01 1.744218021631e-01 1.914486587048e-01 1.619262993336e-01 2.515909969807e-01 1.832515150309e-01 1.985687613487e-01 1.126746088266e-01 1.536031067371e-01 2.331886887550e-01 2.377490699291e-01 1.823074370623e-01 1.257814615965e-01 9.957409650087e-02 8.595772832632e-02 7.775313407183e-02 7.183056324720e-02 7.352625578642e-02 6.537380814552e-02 4.908057302237e-02 4.876241832972e-02 5.773557722569e-02 6.599824130535e-02 6.788387149572e-02 6.885922700167e-02 6.901949644089e-02 6.798691302538e-02 6.281092762947e-02 5.579805746675e-02 4.975045844913e-02 4.484706744552e-02 4.509304091334e-02 3.808696940541e-02
2.965844273567e-01 6.101544499397e-01 3.937943875790e-01 5.498362779617e-01 3.954907059669e-01 5.593293309212e-01 4.700615108013e-01 2.909174561501e-01 2.957483232021e-01 2.380673438311e-01 3.805741071701e-01 2.462673187256e-01 1.604429334402e-01 1.835568398237e-01 3.340735733509e-01 1.992863267660e-01 2.277794033289e-01 3.560018241405e-01 3.192344307899e-01 2.164261639118e-01 1.462037414312e-01 9.940372407436e-02 9.065939486027e-02 8.193383365870e-02 8.250354975462e-02 7.885311543941e-02 6.912761926651e-02 6.031484156847e-02 5.444171279669e-02 5.447318032384e-02 5.982448533177e-02 5.621481686831e-02 4.616033658385e-02 3.892600908875e-02 3.762447461486e-02 3.246307745576e-02 3.485806658864e-02 3.830068185925e-02 4.215398058295e-02 4.667688161135e-02 5.055997520685e-02 6.666386127472e-02 6.869525462389e-02
4.367143511772e-01 3.052880167961e-01 5.368587374687e-01 4.255769252777e-01 4.522138535976e-01 5.891551971436e-01 3.594444394112e-01 3.266672194004e-01 2.334519922733e-01 2.419965118170e-01 4.070314764977e-01 2.207235991955e-01 2.262292057276e-01 2.221437543631e-01 2.707136273384e-01 4.373250603676e-01 2.984414696693e-01 1.550594121218e-01 1.454029530287e-01 9.622700512409e-02 7.290034741163e-02 1.052878051996e-01 1.382030248642e-01 1.244411915541e-01 8.958608657122e-02 7.807772606611e-02 7.634028047323e-02 7.040125131607e-02 6.082222238183e-02 5.656563490629e-02 5.323568731546e-02 5.387322977185e-02 5.155363678932e-02 4.794266447425e-02 4.670484736562e-02 4.909464344382e-02 4.844260960817e-02 4.398605599999e-02 5.885738506913e-02 8.017209172249e-02 6.579490005970e-02 4.989324137568e-02 4.311018064618e-02
4.813870191574e-01 4.436252117157e-01 6.997177004814e-01 5.846677422523e-01 5.531253218651e-01 6.092437505722e-01 5.746834278107e-01 3.171051442623e-01 3.577066361904e-01 3.388234674931e-01 4.013149142265e-01 3.135456740856e-01 2.914006412029e-01 4.955262243748e-01 3.195170462132e-01 2.368497401476e-01 2.012585699558e-01 1.630173623562e-01 1.201091185212e-01 1.954852640629e-01 2.105388343334e-01 1.105537563562e-01 1.731299906969e-01 1.315548121929e-01 1.184313446283e-01 1.044619604945e-01 9.226938337088e-02 8.252076804638e-02 7.433950155973e-02 7.167728245258e-02 1.342749297619e-01 5.713039636612e-02 5.422402545810e-02 5.136600881815e-02 6.483034044504e-02 8.096197247505e-02 7.448229193687e-02 8.513513207436e-02 7.392305880785e-02 8.091410994530e-02 8.152046054602e-02 7.960736006498e-02 7.297878712416e-02
4.593502283096e-01 6.366691589355e-01 5.486378669739e-01 5.448811650276e-01 5.061681866646e-01 6.393101215363e-01 1.011469006538e+00 4.364976584911e-01 5.096998810768e-01 5.075265765190e-01 4.629357755184e-01 4.667643606663e-01 5.286599397659e-01 3.020409345627e-01 3.269669413567e-01 1.847759783268e-01 2.509679794312e-01 3.355454206467e-01 2.640244066715e-01 2.511853575706e-01 2.612374424934e-01 1.761724501848e-01 1.091112196445e-01 1.059145629406e-01 9.824039787054e-02 9.203197807074e-02 1.123145520687e-01 1.942976266146e-01 2.333957701921e-01 2.072096914053e-01 1.023866683245e-01 7.402719557285e-02 7.031344622374e-02 7.584310323000e-02 9.584301710129e-02 9.819019585848e-02 8.877857029438e-02 7.947662472725e-02 6.062139943242e-02 7.528065890074e-02 8.979674428701e-02 8.956747502089e-02 8.605819195509e-02
5.438759922981e-01 7.898595929146e-01 1.306496024132e+00 7.986707091331e-01 1.289884924889e+00 6.623517274857e-01 1.582945346832e+00 4.547699987888e-01 8.879130482674e-01 6.338772773743e-01 5.547119975090e-01 5.421738624573e-01 3.077313601971e-01 3.748016059399e-01 4.254267215729e-01 4.156531095505e-01 2.572643458843e-01 1.523238271475e-01 3.271256089211e-01 2.829661667347e-01 1.550639718771e-01 1.416589915752e-01 1.339515000582e-01 2.438958138227e-01 3.000304996967e-01 2.652930617332e-01 1.745618283749e-01 1.255290061235e-01 1.364632099867e-01 8.634177595377e-02 6.945943832397e-02 1.042082980275e-01 1.295336335897e-01 1.161642149091e-01 1.023726835847e-01 1.387759745121e-01 1.643305569887e-01 1.469374001026e-01 1.053495332599e-01 7.839436829090e-02 9.790170937777e-02 1.074716448784e-01 1.132683232427e-01
6.701256632805e-01 8.450078368187e-01 9.955250620842e-01 1.323660373688e+00 1.105791211128e+00 1.122156262398e+00 1.855560064316e+00 7.388710975647e-01 8.560319542885e-01 6.738421916962e-01 6.798983812332e-01 3.931403756142e-01 4.256201386452e-01 5.316500067711e-01 4.149816334248e-01 2.962512075901e-01 4.275114536285e-01 3.970247209072e-01 3.138261437416e-01 3.971850872040e-01 4.021941125393e-01 3.488966226578e-01 2.497710436583e-01 1.366451978683e-01 1.500695794821e-01 1.354633718729e-01 1.074040979147e-01 1.108701750636e-01 1.199448034167e-01 1.289083063602e-01 1.255163252354e-01 1.070688664913e-01 1.028448790312e-01 8.636146038771e-02 1.579280644655e-01 1.929526776075e-01 1.809051036835e-01 1.332453787327e-01 8.070471137762e-02 4.931975156069e-02 6.867910921574e-02 7.879870384932e-02 7.251656055450e-02
6.363851428032e-01 9.355689287186e-01 1.108070254326e+00 1.055309414864e+00 1.571750640869e+00 1.175696730614e+00 1.889569997787e+00 1.041310429573e+00 8.911179900169e-01 9.887017607689e-01 7.562647461891e-01 4.993911683559e-01 4.942481219769e-01 5.285369157791e-01 3.052839636803e-01 4.514327943325e-01 5.825618505478e-01 4.023108184338e-01 2.391817718744e-01 2.374190539122e-01 2.091837674379e-01 1.619564145803e-01 1.561115086079e-01 1.728291064501e-01 1.729016155005e-01 1.527195274830e-01 1.322136372328e-01 1.289447993040e-01 1.075083091855e-01 1.181908696890e-01 1.133333593607e-01 1.034154742956e-01 7.174355536699e-02 1.316276490688e-01 1.569789648056e-01 1.488337814808e-01 1.039480715990e-01 5.589723587036e-02 7.687426358461e-02 7.232269644737e-02 5.413785576820e-02 5.234084278345e-02 5.659261718392e-02
9.421966671944e-01 1.318135619164e+00 1.346556782722e+00 1.466635704041e+00 1.592987537384e+00 2.006428956985e+00 1.892453908920e+00 3.682250738144e+00 1.356098651886e+00 8.592666387558e-01 7.981206774712e-01 7.108236551285e-01 6.037664413452e-01 9.216290116310e-01 8.044392466545e-01 4.705208241940e-01 4.355963468552e-01 4.525142610073e-01 3.316108584404e-01 2.927744686604e-01 2.901250422001e-01 2.760386765003e-01 2.964143157005e-01 2.212030291557e-01 2.840393781662e-01 2.514040172100e-01 1.579885929823e-01 1.438796818256e-01 1.456595361233e-01 1.360311061144e-01 1.161945983768e-01 1.121941432357e-01 1.171412765980e-01 1.347808986902e-01 1.253157705069e-01 9.616462141275e-02 7.324892282486e-02 6.638222187757e-02 6.471943110228e-02 6.403307616711e-02 6.261576712132e-02 6.033503264189e-02 5.883559212089e-02
5.981197357178e-01 1.743957757950e+00 1.203500390053e+00 1.505607247353e+00 2.376524925232e+00 1.900176525116e+00 2.256419897079e+00 2.687870025635e+00 1.325742959976e+00 1.251027107239e+00 1.591940522194e+00 1.012454867363e+00 1.256226897240e+00 9.762016534805e-01 8.172423839569e-01 7.129760384560e-01 6.062039136887e-01 5.246865153313e-01 4.631153345108e-01 6.501672863960e-01 7.608197927475e-01 3.178862333298e-01 2.076497524977e-01 2.111888527870e-01 2.964165806770e-01 1.856010556221e-01 1.604737490416e-01 1.520545184612e-01 1.405294835567e-01 1.337533444166e-01 1.284852623940e-01 1.329584717751e-01 1.407240182161e-01 1.203227117658e-01 9.209672361612e-02 8.582394570112e-02 8.130589127541e-02 6.695771962404e-02 6.625544279814e-02 6.691495329142e-02 6.176054105163e-02 6.329303234816e-02 6.649941205978e-02
1.611039400101e+00 1.883795142174e+00 2.153192520142e+00 2.270688295364e+00 2.634227514267e+00 3.649434566498e+00 4.842821121216e+00 2.241340160370e+00 1.806056022644e+00 1.260984063148e+00 1.793328166008e+00 1.786683320999e+00 6.764739155769e-01 1.078755497932e+00 1.183002948761e+00 5.865948200226e-01 5.423470735550e-01 5.751862525940e-01 6.353050470352e-01 7.500755190849e-01 5.800859332085e-01 2.451802641153e-01 2.803437113762e-01 2.283927947283e-01 2.140146046877e-01 1.828260719776e-01 1.778391301632e-01 1.765380054712e-01 1.467228233814e-01 1.019100844860e-01 9.102534502745e-02 9.977199882269e-02 1.059261634946e-01 1.088404953480e-01 1.067731529474e-01 1.022635847330e-01 9.118631482124e-02 9.343102574348e-02 1.042071655393e-01 1.067801043391e-01 9.566915035248e-02 8.307526260614e-02 7.252844423056e-02
1.074504852295e+00 1.914413571358e+00 1.974698901176e+00 2.504207849503e+00 2.490654230118e+00 2.461653470993e+00 2.418464183807e+00 1.997457265854e+00 1.398302793503e+00 1.590628266335e+00 1.527896642685e+00 1.614532470703e+00 1.951867818832e+00 8.720268607140e-01 7.222394943237e-01 4.486730098724e-01 4.091318547726e-01 2.892046570778e-01 2.664766311646e-01 2.274055778980e-01 1.948415935040e-01 2.207705080509e-01 2.721945941448e-01 3.133031129837e-01 3.208082020283e-01 2.817906737328e-01 2.265940606594e-01 1.571776419878e-01 1.104899495840e-01 9.112341701984e-02 7.273335009813e-02 8.192694932222e-02 1.065996438265e-01 7.336232811213e-02 8.085857331753e-02 8.838306367397e-02 7.067178934813e-02 8.625582605600e-02 1.019800603390e-01 1.080876663327e-01 1.227204874158e-01 1.542414575815e-01 1.751898080111e-01
4.238898456097e-01 5.786104202271e-01 9.098939895630e-01 4.304286479950e+00 2.380154848099e+00 2.267498493195e+00 1.262236118317e+00 1.301802277565e+00 1.199921727180e+00 1.915107607841e+00 1.780367016792e+00 2.518285036087e+00 3.647374629974e+00 2.678910970688e+00 1.747575283051e+00 8.063006401062e-01 3.806142508984e-01 2.719455659389e-01 2.465313822031e-01 3.301062881947e-01 4.295969605446e-01 3.978278040886e-01 2.937558591366e-01 1.889131665230e-01 2.074907273054e-01 1.964976936579e-01 2.824470996857e-01 4.219701588154e-01 1.962083727121e-01 1.022656857967e-01 9.462387114763e-02 1.552759557962e-01 1.045703887939e-01 6.392614543438e-02 5.592108145356e-02 5.807872861624e-02 5.828527733684e-02 6.000256165862e-02 6.109593808651e-02 6.107326969504e-02 6.118628755212e-02 6.772190332413e-02 5.911470204592e-02
7.666135579348e-02 1.957855671644e-01 4.750652015209e-01 6.173288226128e-01 6.270181536674e-01 6.174008250237e-01 4.786758720875e-01 6.510230898857e-01 6.665472984314e-01 1.038997054100e+00 2.101523876190e+00 2.372309446335e+00 3.259828567505e+00 1.911834239960e+00 1.357296109200e+00 7.704125046730e-01 3.526255190372e-01 1.855765134096e-01 1.938054561615e-01 4.310524463654e-01 1.375093817711e+00 5.771167278290e-01 4.936042726040e-01 3.625761866570e-01 3.697697520256e-01 3.177646994591e-01 3.447886109352e-01 2.419606149197e-01 1.187574863434e-01 1.565568149090e-01 1.319373846054e-01 1.337063759565e-01 8.106482774019e-02 7.351829111576e-02 5.130065232515e-02 4.705169796944e-02 4.903816059232e-02 4.896720498800e-02 5.290924757719e-02 4.865692183375e-02 6.334254890680e-02 7.442206889391e-02 7.199686020613e-02
5.421867966652e-02 1.010976955295e-01 3.040705621243e-01 1.800922006369e-01 1.492927074432e-01 1.216229125857e-01 1.844531893730e-01 3.047097027302e-01 3.183897137642e-01 3.388281166553e-01 9.592902660370e-01 4.799657344818e+00 3.751452684402e+00 1.696800231934e+00 7.856047153473e-01 2.241700291634e-01 1.341356635094e-01 8.830632269382e-02 1.097592115402e-01 2.803049087524e-01 6.429442763329e-01 1.120636343956e+00 5.617144703865e-01 4.276690781116e-01 3.375892639160e-01 2.535246908665e-01 2.691086828709e-01 2.511279582977e-01 2.205582261086e-01 1.986648887396e-01 2.423913478851e-01 1.036400198936e-01 9.620811045170e-02 7.766408473253e-02 7.934979349375e-02 7.395718246698e-02 6.187331676483e-02 5.321543663740e-02 6.053570657969e-02 6.989084184170e-02 8.189221471548e-02 8.064772188663e-02 6.879581511021e-02
3.641331195831e-02 1.485157161951e-01 3.511419594288e-01 2.918185591698e-01 6.350270658731e-02 7.428041100502e-02 7.105040550232e-02 1.442608386278e-01 1.653789281845e-01 3.465252816677e-01 5.780687332153e-01 1.326058506966e+00 2.796034574509e+00 1.901472330093e+00 2.566084146500e+00 6.204184293747e-01 7.608696073294e-02 4.793710634112e-02 7.565281540155e-02 2.509388625622e-01 7.768273949623e-01 1.200416803360e+00 9.167375564575e-01 6.244127750397e-01 4.340238571167e-01 2.731916308403e-01 3.101084828377e-01 2.299453169107e-01 2.216737270355e-01 2.206527590752e-01 1.834817379713e-01 1.464177966118e-01 1.031692847610e-01 1.097460389137e-01 9.830310940742e-02 7.875489443541e-02 6.999044120312e-02 6.494019925594e-02 5.989808961749e-02 6.995780020952e-02 7.677412033081e-02 7.468761503696e-02 6.619685143232e-02
3.077045828104e-02 7.569994777441e-02 5.178339481354e-01 6.177523136139e-01 3.226827979088e-01 5.015696957707e-02 3.819244354963e-02 7.204369455576e-02 7.200130820274e-02 5.829623341560e-02 4.925448819995e-02 2.163800746202e-01 9.473158717155e-01 5.774533748627e-01 3.188246488571e+00 3.883616924286e-01 2.229138910770e-01 8.676621317863e-02 6.701975315809e-02 2.169570475817e-01 4.274808466434e-01 3.772797346115e+00 1.168147563934e+00 5.089697837830e-01 5.159977078438e-01 2.720544040203e-01 2.918801307678e-01 2.511768639088e-01 3.581445813179e-01 2.752149701118e-01 1.578679531813e-01 1.561604291201e-01 1.458834260702e-01 1.390507817268e-01 1.365942507982e-01 1.089283302426e-01 1.069969087839e-01 1.184138357639e-01 7.652313262224e-02 5.864645913243e-02 5.787169188261e-02 5.719224736094e-02 6.676476448774e-02
1.968631334603e-02 3.403749316931e-02 4.257475212216e-02 2.401964068413e-01 1.479647159576e-01 3.579828143120e-02 3.054042719305e-02 3.598588332534e-02 3.378641605377e-02 3.234633430839e-02 2.336514741182e-02 2.615315094590e-02 8.072007447481e-02 5.359111428261e-01 1.473911404610e+00 3.528592288494e-01 2.991475462914e-01 1.398049145937e-01 7.955325394869e-02 1.564270704985e-01 1.814055889845e-01 2.488037645817e-01 2.265298366547e-01 1.716605424881e-01 2.535116672516e-01 4.215132296085e-01 3.732126951218e-01 3.730542063713e-01 2.370883971453e-01 3.116505444050e-01 3.251309096813e-01 2.835038006306e-01 1.734343767166e-01 1.437011659145e-01 1.373816281557e-01 1.199787706137e-01 1.025667339563e-01 1.037247776985e-01 1.006210818887e-01 6.660956144333e-02 5.479110404849e-02 5.647148564458e-02 6.155565008521e-02
2.169386856258e-02 3.470670059323e-02 2.281318046153e-02 2.554584853351e-02 2.595237083733e-02 3.058542869985e-02 2.833882905543e-02 2.684407122433e-02 2.485092170537e-02 1.872076652944e-02 1.300594024360e-02 1.109877880663e-02 1.855058781803e-02 5.429244041443e-01 8.179935812950e-01 9.280638694763e-01 2.438889294863e-01 2.710753977299e-01 2.444837242365e-01 9.383498132229e-02 1.012085974216e-01 1.907866150141e-01 5.227519869804e-01 4.789035022259e-01 6.245014667511e-01 6.286467313766e-01 5.895252227783e-01 5.573383569717e-01 5.289370417595e-01 5.052555203438e-01 5.382617115974e-01 6.596248745918e-01 5.639616250992e-01 2.311999350786e-01 9.446693211794e-02 1.111285388470e-01 1.216238588095e-01 8.401142060757e-02 8.255977928638e-02 5.839575827122e-02 5.747604742646e-02 4.290172085166e-02 4.825066775084e-02
