100/SI/f182.grd
DSAA
101	101
32.816463539100	34.260883539100
35.556306596100	36.727886596100
2.982570549648e-05	4.842821121216e+00
[rows 19 to 37 of 101, columns 43 to 85 of 101]
4.806853458285e-02 5.893950909376e-02 7.663568109274e-02 7.811678200960e-02 5.062791332603e-02 7.772447913885e-02 3.982207551599e-02 4.122805595398e-02 4.478718340397e-02 4.543025046587e-02 4.146429151297e-02 6.084180995822e-02 7.325994968414e-02 7.252823561430e-02 4.814827442169e-02 5.881265178323e-02 7.755239307880e-02 7.266985625029e-02 3.998534753919e-02 6.451919674873e-02 2.977321296930e-02 4.179140180349e-02 5.612638220191e-02 2.768422849476e-02 2.747110277414e-02 3.243466839194e-02 2.674999646842e-02 3.367208689451e-02 3.123868256807e-02 2.472678199410e-02 2.668130025268e-02 3.704378008842e-02 4.184479638934e-02 3.241056576371e-02 2.862602286041e-02 2.335160225630e-02 1.603672467172e-02 1.760310307145e-02 1.945544034243e-02 1.620172336698e-02 1.522024720907e-02 1.325489208102e-02 1.441300660372e-02
4.353028535843e-02 5.775368213654e-02 8.191432803869e-02 9.447987377644e-02 6.841823458672e-02 6.872552633286e-02 4.096730053425e-02 4.367353022099e-02 3.878313675523e-02 4.857643693686e-02 5.083683133125e-02 5.688950046897e-02 7.839436084032e-02 7.714239507914e-02 5.950522050261e-02 6.397258490324e-02 7.572500407696e-02 8.211567997932e-02 4.718151688576e-02 6.237957626581e-02 3.402039036155e-02 6.327272951603e-02 7.882011681795e-02 3.676189109683e-02 3.204363957047e-02 3.319531679153e-02 3.287827596068e-02 3.481683507562e-02 2.713106013834e-02 2.631246857345e-02 3.738576546311e-02 4.888354986906e-02 4.367689788342e-02 3.440736979246e-02 2.836193889380e-02 2.337726578116e-02 1.673379354179e-02 2.057838998735e-02 1.593068987131e-02 1.369244046509e-02 1.459871791303e-02 1.263815071434e-02 1.316914614290e-02
4.696949943900e-02 6.649990379810e-02 7.563778758049e-02 9.889476746321e-02 8.429743349552e-02 5.881964042783e-02 4.042511060834e-02 4.626644402742e-02 3.724624589086e-02 4.540900141001e-02 4.790399596095e-02 5.439814180136e-02 7.445094734430e-02 8.429338037968e-02 7.173199951649e-02 6.837037950754e-02 7.253536581993e-02 8.974017202854e-02 5.378716066480e-02 5.779310315847e-02 3.822844475508e-02 7.836309820414e-02 8.628645539284e-02 4.134496673942e-02 3.129582479596e-02 3.876625373960e-02 3.710026666522e-02 3.011032566428e-02 2.570737153292e-02 3.716532140970e-02 5.216376110911e-02 5.061175674200e-02 3.419450670481e-02 3.924905508757e-02 2.810757234693e-02 2.151859365404e-02 1.992211677134e-02 2.115885727108e-02 1.774995215237e-02 1.385880075395e-02 1.354617625475e-02 9.967128746212e-03 9.806992486119e-03
4.489431530237e-02 6.260758638382e-02 6.412870436907e-02 9.439378231764e-02 9.327976405621e-02 6.154570356011e-02 5.427026376128e-02 4.900263249874e-02 3.667841851711e-02 3.973937407136e-02 4.584414139390e-02 5.511463806033e-02 6.173853576183e-02 8.842479437590e-02 7.987602800131e-02 6.660159677267e-02 6.707274913788e-02 9.623967111111e-02 5.923672392964e-02 5.178102105856e-02 4.241313785315e-02 7.781248539686e-02 7.519689202309e-02 3.581697493792e-02 3.459389880300e-02 4.042601957917e-02 3.366177156568e-02 2.752265334129e-02 3.910534828901e-02 5.517058074474e-02 5.427674949169e-02 3.771226108074e-02 2.866204455495e-02 4.077936708927e-02 2.020082436502e-02 1.980913616717e-02 2.459142170846e-02 1.894555799663e-02 2.036027237773e-02 1.293258927763e-02 1.444036234170e-02 1.205607596785e-02 1.088402047753e-02
3.653833642602e-02 4.366683959961e-02 6.706290692091e-02 8.358213305473e-02 9.397652745247e-02 6.255154311657e-02 6.744291633368e-02 5.660723894835e-02 3.974878787994e-02 3.403952345252e-02 4.776250198483e-02 5.377089604735e-02 6.349072605371e-02 9.493989497423e-02 8.086384832859e-02 6.258924305439e-02 6.037123128772e-02 1.002141609788e-01 6.318625062704e-02 6.278711557388e-02 4.931210726500e-02 6.396570056677e-02 5.608120560646e-02 3.334924951196e-02 4.207593575120e-02 3.908870741725e-02 2.882852964103e-02 4.170799627900e-02 5.978840216994e-02 5.813187360764e-02 3.946862369776e-02 2.326772734523e-02 3.058286756277e-02 3.825381025672e-02 2.056161127985e-02 2.124647237360e-02 2.591336332262e-02 1.982832700014e-02 2.233793027699e-02 1.350954081863e-02 1.371599268168e-02 1.134927570820e-02 1.154578477144e-02
4.671009257436e-02 4.699603468180e-02 7.563711702824e-02 7.064886391163e-02 8.929424732924e-02 6.981334835291e-02 6.458688527346e-02 7.157081365585e-02 6.222135201097e-02 4.755865782499e-02 5.222529172897e-02 5.075155198574e-02 6.921347975731e-02 1.015247553587e-01 7.258485257626e-02 6.001036241651e-02 5.146011710167e-02 1.024739369750e-01 8.008932322264e-02 6.934106349945e-02 5.832324549556e-02 6.200383603573e-02 3.752419725060e-02 4.057983309031e-02 4.317732527852e-02 2.970783039927e-02 4.527121782303e-02 6.446459144354e-02 6.139433011413e-02 4.114421084523e-02 2.203987725079e-02 1.723303087056e-02 4.091161489487e-02 3.197783976793e-02 1.962035894394e-02 2.755750156939e-02 2.391901612282e-02 1.998068764806e-02 2.372878789902e-02 1.672127097845e-02 1.177120860666e-02 1.121407933533e-02 9.921088814735e-03
7.331459224224e-02 4.527460038662e-02 4.544745758176e-02 7.837629318237e-02 8.225034177303e-02 7.369676232338e-02 5.662117153406e-02 6.545288115740e-02 7.443115115166e-02 7.309845834970e-02 6.227666512132e-02 7.756397873163e-02 7.521508634090e-02 1.055061295629e-01 6.277926266193e-02 5.444209650159e-02 7.199445366859e-02 1.032058447599e-01 9.064466506243e-02 6.647928059101e-02 6.286651641130e-02 6.687604635954e-02 4.213343560696e-02 4.419766366482e-02 3.628006204963e-02 4.735889285803e-02 7.018045336008e-02 6.578406691551e-02 4.279774054885e-02 2.786478586495e-02 3.914263471961e-02 2.400900423527e-02 4.774049296975e-02 2.798535488546e-02 2.289912477136e-02 2.947589941323e-02 2.876652963459e-02 2.023636735976e-02 2.449335157871e-02 1.845350302756e-02 1.114517357200e-02 1.059397682548e-02 1.227696519345e-02
9.800192713737e-02 4.655744880438e-02 4.568186402321e-02 7.211682200432e-02 7.407308369875e-02 7.541629672050e-02 6.215312704444e-02 6.246520951390e-02 6.186010688543e-02 8.007317781448e-02 8.731776475906e-02 7.836363464594e-02 8.122050017118e-02 1.068964600563e-01 5.447009950876e-02 8.423867821693e-02 1.010088846087e-01 1.033459678292e-01 8.808995783329e-02 5.267599225044e-02 5.971932038665e-02 6.127814203501e-02 4.241800308228e-02 3.650291264057e-02 4.770967364311e-02 7.461515814066e-02 7.201234996319e-02 4.510172829032e-02 3.980017080903e-02 5.455278232694e-02 4.951341450214e-02 4.495451971889e-02 4.651804268360e-02 3.129881620407e-02 2.948899753392e-02 2.442857809365e-02 3.136686980724e-02 2.141091227531e-02 2.457913756371e-02 1.833685487509e-02 1.184649020433e-02 1.344303227961e-02 1.732626743615e-02
1.069791018963e-01 4.782401025295e-02 5.524223297834e-02 4.762162640691e-02 8.164306730032e-02 7.618671655655e-02 6.490837037563e-02 6.635133922100e-02 6.389702111483e-02 7.967695593834e-02 8.413631469011e-02 7.331442087889e-02 8.660995960236e-02 1.030064448714e-01 9.172552824020e-02 1.115979924798e-01 1.078632026911e-01 1.004306301475e-01 5.987077951431e-02 5.308764427900e-02 6.152130663395e-02 6.197803840041e-02 4.474670812488e-02 4.564333707094e-02 7.775191217661e-02 7.942183315754e-02 4.979282990098e-02 4.037749767303e-02 5.934895202518e-02 4.925525188446e-02 4.004328325391e-02 4.374187439680e-02 3.607860952616e-02 3.442210331559e-02 2.921864949167e-02 2.046323195100e-02 3.072503581643e-02 2.313501387835e-02 2.409663982689e-02 1.659944467247e-02 1.429736893624e-02 1.922375336289e-02 2.172547951341e-02
9.390316158533e-02 6.995323300362e-02 6.395236402750e-02 4.503236711025e-02 5.904466286302e-02 7.739874720573e-02 8.163214474916e-02 7.052568346262e-02 8.271846175194e-02 1.217607781291e-01 6.895513087511e-02 6.434295326471e-02 9.017831832170e-02 9.481325000525e-02 1.189774572849e-01 1.152121499181e-01 9.961549192667e-02 9.712729603052e-02 6.630762666464e-02 7.130724191666e-02 6.387626379728e-02 6.168098747730e-02 4.166482761502e-02 7.885029166937e-02 8.747713267803e-02 5.656876042485e-02 4.611047729850e-02 6.291732937098e-02 5.570715665817e-02 3.645215556026e-02 5.310072749853e-02 4.593153670430e-02 2.771174535155e-02 3.145930543542e-02 2.628941461444e-02 2.822979353368e-02 2.797320298851e-02 2.548967115581e-02 2.338141947985e-02 2.150748856366e-02 2.384027093649e-02 2.675891481340e-02 2.256812900305e-02
6.337346881628e-02 1.053411886096e-01 7.000928372145e-02 5.535065010190e-02 6.651861965656e-02 7.533629983664e-02 7.200661301613e-02 7.549722492695e-02 1.084363237023e-01 1.506643742323e-01 1.011755391955e-01 7.009825110435e-02 9.085756540298e-02 1.132910624146e-01 1.213237419724e-01 1.692103296518e-01 8.961354196072e-02 9.005548059940e-02 7.401851564646e-02 7.211232185364e-02 6.589820235968e-02 6.096747517586e-02 7.802116125822e-02 9.280127286911e-02 6.374523788691e-02 5.189682170749e-02 6.210558116436e-02 6.220034509897e-02 5.327596515417e-02 5.322718247771e-02 5.638331919909e-02 3.149335831404e-02 2.979822084308e-02 2.688087150455e-02 2.354502677917e-02 2.203790843487e-02 3.806123882532e-02 3.007387556136e-02 2.770583704114e-02 3.178774565458e-02 3.167450055480e-02 2.324756607413e-02 1.575241982937e-02
7.123453170061e-02 1.167167425156e-01 7.238388061523e-02 6.117090582848e-02 7.842127233744e-02 7.216971367598e-02 7.508946955204e-02 9.473451226950e-02 1.249834448099e-01 1.513110101223e-01 1.208207607269e-01 1.196018010378e-01 1.058544144034e-01 1.242440566421e-01 1.478681117296e-01 2.140071243048e-01 9.309551864862e-02 1.008649468422e-01 1.000041291118e-01 8.173939585686e-02 6.471429020166e-02 7.778830826283e-02 9.753282368183e-02 7.014460116625e-02 5.811125040054e-02 6.133760511875e-02 5.927484109998e-02 6.571007519960e-02 6.392797827721e-02 6.405209004879e-02 4.823400080204e-02 2.600853331387e-02 3.561842069030e-02 2.231292426586e-02 2.327148243785e-02 2.379113808274e-02 5.244823172688e-02 3.488162159920e-02 3.660799935460e-02 2.948382683098e-02 1.791515201330e-02 1.066096778959e-02 1.058027893305e-02
1.409637480974e-01 9.228296577930e-02 1.011365205050e-01 6.495273113251e-02 9.541793912649e-02 7.398200780153e-02 8.084743469954e-02 1.094627827406e-01 1.315010040998e-01 1.281061768532e-01 1.242142841220e-01 1.256413012743e-01 1.175209358335e-01 9.530765563250e-02 1.012550517917e-01 1.362308263779e-01 7.593552023172e-02 9.966877102852e-02 1.089717149734e-01 9.090811759233e-02 8.084762841463e-02 1.020134389400e-01 7.639174163342e-02 6.483270972967e-02 6.014915555716e-02 5.500681325793e-02 5.932511016726e-02 7.010058313608e-02 7.031363248825e-02 6.303250044584e-02 3.935939073563e-02 2.489831857383e-02 3.792515397072e-02 3.018530644476e-02 3.640497103333e-02 3.872390836477e-02 5.913721024990e-02 3.462436422706e-02 2.737839147449e-02 1.906603574753e-02 1.708202064037e-02 1.292013283819e-02 1.239511091262e-02
2.286123037338e-01 9.997151792049e-02 1.132091432810e-01 8.255223184824e-02 1.057441681623e-01 9.042081236839e-02 8.894577622414e-02 1.256707757711e-01 1.350707560778e-01 1.064431145787e-01 1.494244486094e-01 1.837260574102e-01 1.015834137797e-01 1.191640868783e-01 7.303700596094e-02 8.476828783751e-02 8.114943653345e-02 9.684293717146e-02 9.361502528191e-02 8.484952896833e-02 1.082495003939e-01 8.242682367563e-02 6.752721220255e-02 6.068225577474e-02 6.530068814754e-02 6.069823727012e-02 6.086552888155e-02 7.596972584724e-02 7.646028697491e-02 6.946625560522e-02 4.781880229712e-02 4.201003536582e-02 4.169650748372e-02 3.802726790309e-02 3.680061176419e-02 5.652782693505e-02 4.866429045796e-02 2.363234199584e-02 2.552733570337e-02 2.608664147556e-02 2.417552471161e-02 1.867668330669e-02 1.338716223836e-02
2.500878274441e-01 2.613377571106e-01 1.078228801489e-01 1.084188669920e-01 1.164371967316e-01 1.094181463122e-01 1.500605493784e-01 1.408030986786e-01 1.332008093596e-01 9.920912981033e-02 1.518433243036e-01 2.045648396015e-01 1.222648993134e-01 1.148831173778e-01 9.350769966841e-02 9.528155624866e-02 1.010693982244e-01 9.557803720236e-02 9.241542965174e-02 1.158184483647e-01 9.022807329893e-02 7.705160230398e-02 6.601953506470e-02 5.171638354659e-02 6.358762830496e-02 7.137002050877e-02 6.562542170286e-02 8.159931749105e-02 8.511322736740e-02 7.598439604044e-02 5.655627325177e-02 4.178690537810e-02 3.716085478663e-02 3.154487907887e-02 5.117136240005e-02 5.862958729267e-02 2.616909146309e-02 2.686471119523e-02 2.800147421658e-02 2.839114144444e-02 2.682949230075e-02 2.242153882980e-02 1.556153129786e-02
1.200449839234e-01 3.518875539303e-01 2.571918070316e-01 1.073812842369e-01 1.226908415556e-01 1.362585872412e-01 1.452760547400e-01 1.478361338377e-01 1.182789951563e-01 1.034962460399e-01 1.731278002262e-01 2.001589983702e-01 1.570534706116e-01 1.061915233731e-01 9.788356721401e-02 1.094002276659e-01 1.690962016582e-01 1.062444001436e-01 1.283580809832e-01 9.894968569279e-02 7.104104012251e-02 6.923088431358e-02 5.860646814108e-02 7.113143056631e-02 7.222067564726e-02 8.292149752378e-02 9.143555909395e-02 6.982934474945e-02 8.290822803974e-02 8.279888331890e-02 6.432715058327e-02 3.419009223580e-02 3.487395122647e-02 5.411263182759e-02 5.869835987687e-02 3.435340151191e-02 2.384820580482e-02 2.407069131732e-02 2.396088279784e-02 2.432484179735e-02 2.423924766481e-02 2.244606427848e-02 1.794483326375e-02
2.213005423546e-01 1.663458496332e-01 4.101684093475e-01 1.910430639982e-01 1.240671426058e-01 1.674971133471e-01 1.259685456753e-01 1.406452357769e-01 1.851042360067e-01 1.442261189222e-01 1.998368203640e-01 1.589228808880e-01 1.672576069832e-01 1.399718225002e-01 1.153561770916e-01 1.078795716166e-01 2.459078878164e-01 1.486976146698e-01 1.197224110365e-01 1.454962342978e-01 8.654221892357e-02 7.059462368488e-02 7.539340853691e-02 7.938195019960e-02 7.648098468781e-02 8.136891573668e-02 1.152321994305e-01 6.985710561275e-02 8.604688942432e-02 8.986645936966e-02 7.287009060383e-02 4.697805270553e-02 5.962088331580e-02 5.519297346473e-02 3.160075098276e-02 2.643259800971e-02 2.496728301048e-02 2.337908372283e-02 2.173241600394e-02 2.023280411959e-02 2.088175714016e-02 2.157982066274e-02 1.960165798664e-02
2.990222573280e-01 3.896822631359e-01 2.352390140295e-01 4.031977355480e-01 1.497118175030e-01 2.027735263109e-01 1.739725321531e-01 1.857549846172e-01 2.597565948963e-01 2.159554511309e-01 2.485174685717e-01 1.425111740828e-01 1.517064720392e-01 1.579634845257e-01 1.414248943329e-01 1.118561774492e-01 2.887665033340e-01 1.639488637447e-01 1.705265492201e-01 1.181902810931e-01 6.419527530670e-02 7.098684459925e-02 9.023424237967e-02 8.191927522421e-02 7.440447062254e-02 7.140363007784e-02 1.123215779662e-01 7.658480107784e-02 9.651385247707e-02 9.520622342825e-02 7.550975680351e-02 6.021097674966e-02 4.517855867743e-02 2.367935515940e-02 2.341357618570e-02 2.467511035502e-02 2.428762614727e-02 2.596616186202e-02 2.550190500915e-02 2.420387044549e-02 2.639350108802e-02 3.068612702191e-02 3.205576911569e-02
5.881524682045e-01 3.901692628860e-01 4.117723703384e-01 3.414758741856e-01 3.106347918510e-01 2.279317080975e-01 2.504530251026e-01 2.210614085197e-01 2.288184165955e-01 2.530672550201e-01 2.920033037663e-01 1.699353605509e-01 1.494914591312e-01 1.603855639696e-01 1.755226254463e-01 1.662432253361e-01 2.228418439627e-01 1.650044918060e-01 1.645754724741e-01 1.314222365618e-01 1.071022823453e-01 1.272320151329e-01 1.281600445509e-01 1.060935184360e-01 7.748128473759e-02 6.614916771650e-02 8.811488002539e-02 9.409400820732e-02 9.974651783705e-02 8.330325782299e-02 5.844653770328e-02 3.741290047765e-02 3.274343535304e-02 3.466567397118e-02 4.098371788859e-02 4.492569714785e-02 4.698294401169e-02 4.676401615143e-02 4.438582435250e-02 4.061158001423e-02 3.694408014417e-02 3.716253861785e-02 3.290375322104e-02
