100/SI/f182.grd
DSAA
101	101
32.816463539100	34.260883539100
35.556306596100	36.727886596100
2.982570549648e-05	4.842821121216e+00
[rows 57 to 75 of 101, columns 0 to 42 of 101]
1.654888270423e-03 2.719288691878e-03 2.939878497273e-03 2.942614955828e-03 3.154850797728e-03 3.861723467708e-03 4.328671377152e-03 4.748808685690e-03 5.140014924109e-03 5.252277012914e-03 5.055206362158e-03 6.944950204343e-03 1.189502794296e-02 6.500429008156e-03 4.838748369366e-03 7.226699497551e-03 6.444329861552e-03 7.148931734264e-03 8.636093698442e-03 9.039537981153e-03 9.207425639033e-03 6.930140778422e-03 4.819828551263e-03 4.235574975610e-03 4.592946264893e-03 6.365024950355e-03 1.018657162786e-02 1.265054289252e-02 1.001798640937e-02 5.762792192400e-03 4.510651808232e-03 3.545274958014e-03 3.713926533237e-03 4.456894006580e-03 5.267780739814e-03 6.760968826711e-03 7.788032758981e-03 8.412290364504e-03 1.391903776675e-02 1.822003349662e-02 1.561711356044e-02 1.385438907892e-02 1.564062573016e-02
2.082431456074e-03 3.409684402868e-03 3.896035254002e-03 3.953928593546e-03 3.909455146641e-03 3.801044775173e-03 3.804094623774e-03 3.978582564741e-03 4.139553755522e-03 6.727530155331e-03 2.182882092893e-02 2.526838891208e-02 9.437937289476e-03 4.935715813190e-03 4.942902829498e-03 4.617978353053e-03 4.983270075172e-03 4.966227803379e-03 5.600948352367e-03 7.093390449882e-03 8.617487736046e-03 9.201627224684e-03 6.430385168642e-03 4.044103901833e-03 4.655161872506e-03 7.106659933925e-03 1.074557844549e-02 1.152410265058e-02 1.165813207626e-02 7.407428696752e-03 4.474705085158e-03 4.058950114995e-03 3.886410500854e-03 4.642535932362e-03 5.480874329805e-03 5.673472303897e-03 5.833573173732e-03 6.089451722801e-03 6.142218131572e-03 6.627906579524e-03 7.990595884621e-03 1.092797424644e-02 1.258627045900e-02
2.784176729620e-03 4.578735679388e-03 5.374799016863e-03 7.845150306821e-03 9.996138513088e-03 1.260241400450e-02 1.648112200201e-02 2.386708185077e-02 4.354187101126e-02 6.132844835520e-02 4.074935242534e-02 1.037315931171e-02 6.980594247580e-03 6.104107014835e-03 4.435760900378e-03 4.696517717093e-03 4.972526803613e-03 4.905577749014e-03 4.617907106876e-03 4.933587741107e-03 8.310222066939e-03 9.416200220585e-03 6.675282493234e-03 3.835217794403e-03 3.007019637153e-03 4.639935214072e-03 6.583991926163e-03 6.785057950765e-03 7.108772173524e-03 5.772260017693e-03 4.024054855108e-03 4.239640664309e-03 4.011152777821e-03 4.500321112573e-03 5.430904682726e-03 5.628837272525e-03 5.365462508053e-03 4.922916647047e-03 4.549617413431e-03 5.090329330415e-03 6.485134363174e-03 8.327964693308e-03 1.097202301025e-02
2.719639567658e-03 5.232366267592e-03 9.009836241603e-03 1.272205822170e-02 1.596750877798e-02 2.099759876728e-02 3.032597154379e-02 4.498205333948e-02 4.502975568175e-02 2.078671008348e-02 4.980006255209e-03 5.808325950056e-03 6.319745909423e-03 5.616659764200e-03 5.075925029814e-03 5.333722569048e-03 5.353528540581e-03 5.148550029844e-03 3.949740435928e-03 3.857727162540e-03 5.983819719404e-03 6.675138603896e-03 4.951853770763e-03 3.095862455666e-03 2.377350581810e-03 2.568080322817e-03 3.444067901000e-03 4.259976558387e-03 5.033292341977e-03 4.326982889324e-03 3.957905806601e-03 3.705460345373e-03 3.953533247113e-03 4.378046840429e-03 5.254361778498e-03 5.386777687818e-03 4.876886028796e-03 4.177977330983e-03 3.830709494650e-03 4.257175605744e-03 6.282459013164e-03 7.931594736874e-03 1.003575418144e-02
1.646074349992e-03 2.869907999411e-03 3.509578527883e-03 3.694706596434e-03 3.700932720676e-03 3.683621995151e-03 3.650245955214e-03 3.570844652131e-03 3.500728867948e-03 3.421409986913e-03 3.208701033145e-03 3.372331848368e-03 3.729621879756e-03 4.772003274411e-03 5.371775012463e-03 5.618627183139e-03 5.414872895926e-03 4.811918362975e-03 3.560323966667e-03 2.789024729282e-03 3.350057406351e-03 3.475518897176e-03 2.740695141256e-03 2.030489733443e-03 1.787294633687e-03 1.965797273442e-03 2.522929571569e-03 3.033233340830e-03 3.598521696404e-03 3.873695852235e-03 3.665782511234e-03 3.275231225416e-03 3.802197519690e-03 4.602347966284e-03 5.494207609445e-03 5.317538045347e-03 4.418150521815e-03 3.505155676976e-03 3.882510587573e-03 4.347077105194e-03 6.519614718854e-03 8.091591298580e-03 9.457159787416e-03
7.718559936620e-04 1.438887091354e-03 1.866707229055e-03 2.062191022560e-03 2.138087293133e-03 2.200023503974e-03 2.259219065309e-03 2.302550477907e-03 2.370194299147e-03 2.437779447064e-03 2.388100372627e-03 2.244530012831e-03 2.305305330083e-03 3.062555333599e-03 3.607052611187e-03 3.801910439506e-03 3.463324857876e-03 3.085663542151e-03 2.610726282001e-03 2.181060845032e-03 1.786348642781e-03 1.666326657869e-03 1.374429790303e-03 1.529599074274e-03 1.803981489502e-03 1.897306414321e-03 2.093207091093e-03 2.521876012906e-03 3.046255325899e-03 3.332307562232e-03 3.282812424004e-03 3.099466208369e-03 3.799887839705e-03 5.102816503495e-03 5.930365994573e-03 5.353948101401e-03 4.016351420432e-03 3.446775022894e-03 3.979859873652e-03 4.721736069769e-03 6.339350715280e-03 7.069612387568e-03 8.153844624758e-03
5.325179663487e-04 8.970163180493e-04 1.114230602980e-03 1.264396705665e-03 1.360532594845e-03 1.444313907996e-03 1.524680876173e-03 1.591708743945e-03 1.671675709076e-03 1.753505785018e-03 1.764155691490e-03 1.707297167741e-03 1.642134157009e-03 1.583709847182e-03 1.600630581379e-03 1.815213123336e-03 1.914248452522e-03 1.888263039291e-03 1.732513075694e-03 1.653783139773e-03 1.420406741090e-03 1.332227373496e-03 1.178255421109e-03 1.558097195812e-03 1.920259092003e-03 2.103403443471e-03 2.091429894790e-03 2.064518164843e-03 2.516242908314e-03 2.798133529723e-03 2.865377347916e-03 2.847856841981e-03 3.861611708999e-03 5.404453724623e-03 5.963172763586e-03 4.976378288120e-03 3.517689416185e-03 3.466717433184e-03 4.162462428212e-03 4.674947820604e-03 5.410529673100e-03 6.224620621651e-03 6.392396520823e-03
4.306983610149e-04 7.337454590015e-04 9.251868468709e-04 1.017608679831e-03 1.083375187591e-03 1.139093539678e-03 1.179985934868e-03 1.187589601614e-03 1.224408857524e-03 1.271300832741e-03 1.281232805923e-03 1.259841490537e-03 1.238382188603e-03 1.209965441376e-03 1.258984673768e-03 1.446488662623e-03 1.537430449389e-03 1.516841584817e-03 1.402517198585e-03 1.311345258728e-03 1.380169880576e-03 1.339577720501e-03 1.171019044705e-03 1.555800787173e-03 1.962408656254e-03 2.211061539128e-03 2.240213565528e-03 2.169298240915e-03 2.215440385044e-03 2.427574479952e-03 2.527841599658e-03 2.667302498594e-03 3.845084458590e-03 5.292310845107e-03 5.448446609080e-03 4.283964633942e-03 3.256082069129e-03 3.578718286008e-03 4.360900260508e-03 4.607349634171e-03 4.797662608325e-03 5.187630653381e-03 4.764464683831e-03
4.133598413318e-04 6.622302462347e-04 8.403016254306e-04 9.226287365891e-04 9.580664336681e-04 9.883248712867e-04 9.989059763029e-04 9.844237938523e-04 9.887483902276e-04 1.001107040793e-03 1.010309555568e-03 1.048573176377e-03 1.078738830984e-03 1.103142509237e-03 1.132133300416e-03 1.175138051622e-03 1.256344723515e-03 1.274396316148e-03 1.286487909965e-03 1.231843838468e-03 1.268101856112e-03 1.324934419245e-03 1.176019199193e-03 1.474357792176e-03 1.862345379777e-03 2.120656194165e-03 2.165763406083e-03 2.113056601956e-03 2.228285418823e-03 2.292378572747e-03 2.335210563615e-03 2.496148459613e-03 3.610986983404e-03 4.756057634950e-03 4.618971608579e-03 3.684289054945e-03 3.187940455973e-03 3.838238539174e-03 4.416844807565e-03 4.311442375183e-03 4.175521433353e-03 4.209283739328e-03 3.882873570547e-03
3.873317909893e-04 6.149195833132e-04 7.717765402049e-04 8.414609474130e-04 8.711761911400e-04 8.928942843340e-04 8.950197952799e-04 8.752443827689e-04 8.783139055595e-04 9.444581810385e-04 1.001322874799e-03 1.052502193488e-03 1.097713480704e-03 1.135634724051e-03 1.169954775833e-03 1.203156309202e-03 1.227646600455e-03 1.231347210705e-03 1.206781249493e-03 1.171461422928e-03 1.174188219011e-03 1.278983196244e-03 1.208732603118e-03 1.338250935078e-03 1.667035627179e-03 1.895622815937e-03 2.186860423535e-03 2.386173699051e-03 2.394258510321e-03 2.316196681932e-03 2.264228183776e-03 2.327669644728e-03 3.177986247465e-03 3.967223223299e-03 3.798294812441e-03 3.289040643722e-03 3.444335889071e-03 3.907269798219e-03 4.178606905043e-03 3.790804417804e-03 3.500023623928e-03 3.325715661049e-03 3.322922624648e-03
3.573455906007e-04 5.663574556820e-04 7.096704212017e-04 7.761410670355e-04 8.040869724937e-04 8.158898563124e-04 8.095806697384e-04 8.250337559730e-04 8.283985080197e-04 8.941150153987e-04 9.575539152138e-04 1.016934635118e-03 1.071428647265e-03 1.117026899010e-03 1.152284210548e-03 1.175087527372e-03 1.177811063826e-03 1.271384884603e-03 1.298431656323e-03 1.205315231346e-03 1.098445267417e-03 1.174038043246e-03 1.197867444716e-03 1.203446416184e-03 1.467547845095e-03 1.657087355852e-03 1.995334168896e-03 2.317626262084e-03 2.393169328570e-03 2.314065815881e-03 2.219653222710e-03 2.197854220867e-03 2.539587672800e-03 3.081595990807e-03 3.023843746632e-03 2.793243154883e-03 2.979875309393e-03 3.312097629532e-03 3.425648203120e-03 2.981136320159e-03 2.744882134721e-03 2.545103896409e-03 2.504309406504e-03
3.320905379951e-04 5.271961563267e-04 6.632567965426e-04 7.294046226889e-04 7.535093463957e-04 7.547790301032e-04 7.424606592394e-04 7.659003022127e-04 7.929465500638e-04 8.199738222174e-04 8.707758388482e-04 9.323902777396e-04 9.893878595904e-04 1.037339796312e-03 1.071956008673e-03 1.114767044783e-03 1.223587663844e-03 1.377216423862e-03 1.445323112421e-03 1.406434457749e-03 1.287591643631e-03 1.145672868006e-03 1.178939826787e-03 1.193657168187e-03 1.307954778895e-03 1.460201921873e-03 1.504815532826e-03 1.804593484849e-03 2.041317056865e-03 2.112999092788e-03 2.086996333674e-03 2.120672725141e-03 2.185811987147e-03 2.256700070575e-03 2.245663898066e-03 2.170815831050e-03 2.288641873747e-03 2.669056411833e-03 2.837970387191e-03 2.330400049686e-03 2.081727143377e-03 1.858914503828e-03 2.047391608357e-03
3.138356551062e-04 4.996738280170e-04 6.310603348538e-04 6.937573198229e-04 7.103843963705e-04 7.044961093925e-04 6.920824525878e-04 6.884721224196e-04 7.315184921026e-04 7.593034533784e-04 7.655106019229e-04 8.168531348929e-04 8.718262542970e-04 9.189121774398e-04 9.584869258106e-04 1.065495074727e-03 1.245281309821e-03 1.420655869879e-03 1.539692864753e-03 1.575728529133e-03 1.532900496386e-03 1.441942644306e-03 1.332282787189e-03 1.231412985362e-03 1.184804248624e-03 1.305620651692e-03 1.334470813163e-03 1.278544310480e-03 1.557777635753e-03 1.786960638128e-03 1.938360393979e-03 2.050204202533e-03 2.118350705132e-03 2.048738999292e-03 1.838236232288e-03 1.795625430532e-03 2.019037026912e-03 2.532833255827e-03 2.932570409030e-03 2.631344133988e-03 1.935853855684e-03 1.734865712933e-03 1.970689510927e-03
3.072482941207e-04 4.884166410193e-04 6.145501392893e-04 6.699381046928e-04 6.786189624108e-04 6.688447319902e-04 6.629300187342e-04 6.719660013914e-04 6.683772662655e-04 6.846426986158e-04 7.033881265670e-04 7.689897902310e-04 8.457381045446e-04 9.253922034986e-04 9.959876770154e-04 1.090206438676e-03 1.267204526812e-03 1.446584821679e-03 1.608139602467e-03 1.708368537948e-03 1.725858892314e-03 1.683589420281e-03 1.611331827007e-03 1.537647563964e-03 1.494586351328e-03 1.466875663027e-03 1.413349411450e-03 1.333142863587e-03 1.542311511002e-03 1.729630283080e-03 1.869643921964e-03 1.997403567657e-03 2.065023873001e-03 1.929244608618e-03 1.834414782934e-03 1.889182487503e-03 2.034411067143e-03 2.447767183185e-03 2.824823837727e-03 2.559474436566e-03 1.976385945454e-03 1.728149829432e-03 1.965266186744e-03
3.124650975224e-04 4.941510269418e-04 6.162376957946e-04 6.647788104601e-04 6.675863405690e-04 6.538978195749e-04 6.527570076287e-04 6.600396009162e-04 6.746766739525e-04 6.784386350773e-04 7.204475114122e-04 7.928338600323e-04 8.636070997454e-04 9.310608147644e-04 9.857573313639e-04 1.123153953813e-03 1.323804142885e-03 1.513720722869e-03 1.697391853668e-03 1.830661902204e-03 1.874318462797e-03 1.846741302870e-03 1.778645091690e-03 1.693947357126e-03 1.624298514798e-03 1.555138383992e-03 1.439047977328e-03 1.317130285315e-03 1.511087175459e-03 1.674288301729e-03 1.814506598748e-03 1.949681085534e-03 1.994620077312e-03 1.833522692323e-03 1.860432093963e-03 1.915272558108e-03 2.080562757328e-03 2.372976159677e-03 2.552308840677e-03 2.242406830192e-03 1.835265429690e-03 1.604592427611e-03 1.824284321629e-03
3.206063120160e-04 5.054746288806e-04 6.257112254389e-04 6.702021346428e-04 6.695481133647e-04 6.681579397991e-04 6.966531509534e-04 7.165760034695e-04 7.279708515853e-04 7.298506679945e-04 7.235219236463e-04 7.620116230100e-04 8.358495542780e-04 9.352769702673e-04 9.675823384896e-04 1.101196161471e-03 1.355582615361e-03 1.575263449922e-03 1.749376067892e-03 1.858810894191e-03 1.883022137918e-03 1.832378329709e-03 1.737707527354e-03 1.626817858778e-03 1.522860606201e-03 1.418075757101e-03 1.269888947718e-03 1.315906643867e-03 1.482577645220e-03 1.629701000638e-03 1.763710170053e-03 1.875489600934e-03 1.876270631328e-03 1.728537841700e-03 1.900829956867e-03 2.385368803516e-03 2.258579712361e-03 2.349770860747e-03 2.263587201014e-03 1.913924468681e-03 1.661157235503e-03 1.459458726458e-03 1.655414816923e-03
3.161824424751e-04 4.968787543476e-04 6.114604184404e-04 6.525479257107e-04 6.516101420857e-04 6.709669250995e-04 6.894360994920e-04 6.985271465965e-04 7.009851979092e-04 6.969203241169e-04 6.924453773536e-04 7.771277450956e-04 9.043616009876e-04 1.012890366837e-03 1.045476412401e-03 1.023043761961e-03 1.296780537814e-03 1.521601574495e-03 1.648261444643e-03 1.692448044196e-03 1.668363343924e-03 1.577690709382e-03 1.457250909880e-03 1.352926250547e-03 1.268451800570e-03 1.177520491183e-03 1.176825258881e-03 1.305379671976e-03 1.452748896554e-03 1.585024991073e-03 1.700420281850e-03 1.764441374689e-03 1.715506310575e-03 1.657946384512e-03 1.978662330657e-03 2.124636899680e-03 2.151897875592e-03 2.360851038247e-03 2.289371797815e-03 1.877714064904e-03 1.615367014892e-03 1.484820735641e-03 1.607034006156e-03
2.895863144659e-04 4.521874361672e-04 5.531749338843e-04 5.888856248930e-04 6.202788790688e-04 6.473036482930e-04 6.356907542795e-04 6.152822170407e-04 6.082058534957e-04 6.463062018156e-04 7.056613685563e-04 8.158288546838e-04 9.644069941714e-04 1.076848362572e-03 1.108381897211e-03 1.090156962164e-03 1.187461311929e-03 1.378674292937e-03 1.450124662369e-03 1.433770987205e-03 1.361892675050e-03 1.235559931956e-03 1.184052787721e-03 1.401492045261e-03 1.420588348992e-03 1.361074275337e-03 1.332690822892e-03 1.337261288427e-03 1.412745681591e-03 1.527807908133e-03 1.608184305951e-03 1.610820880160e-03 1.513024908490e-03 1.531554735266e-03 1.799773424864e-03 2.543073147535e-03 2.198587171733e-03 3.081790171564e-03 2.734607551247e-03 2.295962767676e-03 1.946159638464e-03 1.602134318091e-03 1.809592475183e-03
2.978566626552e-04 4.390627145767e-04 5.388186546043e-04 6.223908276297e-04 6.857955595478e-04 7.008032989688e-04 6.804566364735e-04 6.420679856092e-04 5.973121151328e-04 6.527479272336e-04 7.233626092784e-04 8.570089703426e-04 1.021466101520e-03 1.136029255576e-03 1.167091540992e-03 1.149120857008e-03 1.090221223421e-03 1.255508046597e-03 1.303671742789e-03 1.377947162837e-03 1.874133246019e-03 1.719743362628e-03 1.285676611587e-03 1.461986103095e-03 1.418715226464e-03 1.306271296926e-03 1.239951932803e-03 1.246389816515e-03 1.364534022287e-03 1.453251577914e-03 1.484136795625e-03 1.426259754226e-03 1.296971458942e-03 1.376212690957e-03 1.525590079837e-03 2.260977635160e-03 2.839331282303e-03 4.477830603719e-03 4.141098819673e-03 2.721301745623e-03 2.072137547657e-03 1.910082995892e-03 2.361031249166e-03
