100/SI/f182.grd
DSAA
101	101
32.816463539100	34.260883539100
35.556306596100	36.727886596100
2.982570549648e-05	4.842821121216e+00
[rows 76 to 94 of 101, columns 0 to 42 of 101]
3.118921886198e-04 4.512421146501e-04 5.937601672485e-04 7.033255533315e-04 7.560312515125e-04 7.610109751113e-04 7.352282409556e-04 6.941060419194e-04 6.473304238170e-04 7.026190287434e-04 7.942749070935e-04 9.523165645078e-04 1.127744326368e-03 1.240297686309e-03 1.263068523258e-03 1.226416090503e-03 1.117233769037e-03 1.190805225633e-03 1.225985237397e-03 1.314244233072e-03 1.817132346332e-03 1.780105638318e-03 1.156899961643e-03 1.255537383258e-03 1.162900240161e-03 1.070437137969e-03 1.093652681448e-03 1.215665251948e-03 1.366308541037e-03 1.443643122911e-03 1.389656099491e-03 1.308588194661e-03 1.272132736631e-03 1.260906923562e-03 1.383358961903e-03 1.662027905695e-03 3.196857636794e-03 3.837455296889e-03 3.611335530877e-03 2.544836374000e-03 2.499578520656e-03 4.142400808632e-03 7.213164586574e-03
3.137851890642e-04 5.074910004623e-04 6.738225929439e-04 7.774552213959e-04 8.188858046196e-04 8.148634224199e-04 7.825844222680e-04 7.348090293817e-04 7.682757568546e-04 8.527153404430e-04 9.811749914661e-04 1.159983337857e-03 1.325386343524e-03 1.406033174135e-03 1.384461065754e-03 1.284310012124e-03 1.094138366170e-03 1.124942908064e-03 1.129516866058e-03 1.005494734272e-03 1.037128269672e-03 1.089567318559e-03 9.415421518497e-04 1.136964885518e-03 1.204676576890e-03 1.105026341975e-03 1.186790061183e-03 1.428846153431e-03 1.585445017554e-03 1.603203359991e-03 1.495173550211e-03 1.371877733618e-03 1.362282899208e-03 1.348617603071e-03 1.639662892558e-03 1.748526119627e-03 2.862480469048e-03 3.208527108654e-03 3.552982816473e-03 4.004786722362e-03 8.274715393782e-03 1.078215800226e-02 1.020180061460e-02
3.343381395098e-04 5.334494053386e-04 6.950293900445e-04 7.866916712373e-04 8.160448633134e-04 8.025240967982e-04 7.617038791068e-04 8.373679011129e-04 9.434336097911e-04 1.055400352925e-03 1.200227416120e-03 1.352945924737e-03 1.451553311199e-03 1.448674127460e-03 1.344996504486e-03 1.167832291685e-03 9.276217315346e-04 9.737394284457e-04 9.428476914763e-04 8.267617085949e-04 7.516621844843e-04 8.433650946245e-04 1.022586133331e-03 1.363118411973e-03 1.435325946659e-03 1.293175504543e-03 1.586078549735e-03 1.720108324662e-03 1.758878119290e-03 1.719803665765e-03 1.607775222510e-03 1.490090857260e-03 1.418882166035e-03 1.650776132010e-03 2.127275802195e-03 2.731214743108e-03 3.598582465202e-03 4.422361031175e-03 3.733230056241e-03 9.758908301592e-03 1.123392488807e-02 1.096338964999e-02 1.077671535313e-02
3.021306474693e-04 4.776350688189e-04 6.159245967865e-04 6.901986198500e-04 7.090973667800e-04 6.895562983118e-04 7.968712598085e-04 9.068383369595e-04 9.948019869626e-04 1.082140719518e-03 1.173830591142e-03 1.241746707819e-03 1.249012420885e-03 1.175548764877e-03 1.038103946485e-03 8.679713937454e-04 8.145379833877e-04 7.861169287935e-04 7.350959931500e-04 6.762114353478e-04 6.960805621929e-04 7.750767981634e-04 1.227361615747e-03 1.669413410127e-03 1.804982777685e-03 1.900727977045e-03 1.946125528775e-03 1.960686175153e-03 1.846852363087e-03 1.736695528962e-03 1.643418916501e-03 1.560120261274e-03 1.732318196446e-03 2.065769862384e-03 2.635548124090e-03 3.039184259251e-03 2.965829102322e-03 4.784204531461e-03 5.785516928881e-03 8.704818785191e-03 9.600644931197e-03 9.727701544762e-03 9.845651686192e-03
2.511510101613e-04 4.022557404824e-04 4.906590911560e-04 5.335799069144e-04 5.478193052113e-04 6.422092556022e-04 7.376722642221e-04 7.963315001689e-04 8.232640684582e-04 8.471285691485e-04 8.748944383115e-04 8.912278572097e-04 8.735486771911e-04 8.081975975074e-04 8.337392937392e-04 8.535521337762e-04 8.446411811747e-04 8.015098865144e-04 7.335860864259e-04 6.619694759138e-04 6.556559819728e-04 8.093977812678e-04 1.382067101076e-03 1.899004448205e-03 2.151793101802e-03 2.288878895342e-03 2.305080648512e-03 2.372015500441e-03 2.310379873961e-03 1.987646566704e-03 1.708467374556e-03 1.646037911996e-03 1.907852711156e-03 2.100365469232e-03 2.223313553259e-03 2.360948594287e-03 3.137456486002e-03 4.613896831870e-03 6.106127519161e-03 6.222445517778e-03 9.731269441545e-03 1.165352948010e-02 9.138707071543e-03
3.433028468862e-04 5.237291916274e-04 6.337926024571e-04 6.770226173103e-04 7.052130531520e-04 7.179676904343e-04 7.221565465443e-04 7.174169877544e-04 7.037255563773e-04 6.848621414974e-04 7.185076829046e-04 7.808632217348e-04 8.351131691597e-04 8.820808725432e-04 9.152645361610e-04 9.237799094990e-04 8.980755228549e-04 8.352483273484e-04 7.478594779968e-04 7.225451990962e-04 6.894535035826e-04 8.727724198252e-04 1.424279180355e-03 1.959767891094e-03 4.874580074102e-03 1.445326674730e-02 1.539025548846e-02 6.928435992450e-03 4.029269795865e-03 3.176486585289e-03 2.254369435832e-03 1.734606921673e-03 2.020237967372e-03 2.650824142620e-03 2.187001984566e-03 2.560977591202e-03 2.838623011485e-03 4.761617630720e-03 8.332995697856e-03 8.189747110009e-03 9.077091701329e-03 1.198013499379e-02 1.644720509648e-02
4.857039893977e-04 7.234310032800e-04 8.606774499640e-04 9.295634226874e-04 9.501692838967e-04 9.448714554310e-04 9.258260834031e-04 8.967660833150e-04 8.598983404227e-04 8.311106357723e-04 9.772416669875e-04 1.122949761339e-03 1.249598455615e-03 1.336609595455e-03 1.366162905470e-03 1.329716295004e-03 1.227802247740e-03 1.067896722816e-03 9.794736979529e-04 9.313280461356e-04 8.725169464014e-04 1.016278169118e-03 1.424699788913e-03 3.191936528310e-03 1.351898070425e-02 3.898817300797e-02 4.266856610775e-02 2.146209776402e-02 9.293943643570e-03 4.559894558042e-03 2.944616368040e-03 2.197579946369e-03 2.024048240855e-03 2.827012445778e-03 3.123001428321e-03 3.241405123845e-03 2.904137130827e-03 4.292681347579e-03 9.821739047766e-03 1.479096245021e-02 9.771478362381e-03 9.481784887612e-03 2.094183303416e-02
6.099309539422e-04 8.708309615031e-04 1.041913521476e-03 1.108203665353e-03 1.105390838347e-03 1.069077057764e-03 1.016907277517e-03 9.902215097100e-04 1.167419366539e-03 1.424730056897e-03 1.690459670499e-03 1.941639697179e-03 2.155751688406e-03 2.325110835955e-03 2.442444674671e-03 2.485619392246e-03 2.422343706712e-03 2.215094631538e-03 1.828143722378e-03 1.344734570011e-03 1.244225772098e-03 1.272834953852e-03 2.803545678034e-03 5.098971538246e-03 1.456155441701e-02 1.222717016935e-01 2.345572859049e-01 5.079820007086e-02 2.215754799545e-02 7.777667604387e-03 3.606629092246e-03 2.719915937632e-03 2.688299864531e-03 3.738236380741e-03 4.495180211961e-03 4.387052264065e-03 3.627720521763e-03 5.228051450104e-03 8.277236483991e-03 1.816304586828e-02 1.829664595425e-02 9.042155928910e-03 2.183789946139e-02
6.489141378552e-04 9.076630230993e-04 1.060806564055e-03 1.097562024370e-03 1.060482813045e-03 1.106779091060e-03 1.222224207595e-03 1.298534218222e-03 1.563562196679e-03 1.926143304445e-03 2.304617082700e-03 2.664382103831e-03 2.980741672218e-03 3.263609716669e-03 3.535493975505e-03 3.793468233198e-03 3.966434858739e-03 3.899367293343e-03 3.382678609341e-03 2.431953325868e-03 1.856800285168e-03 2.642624080181e-03 4.641574341804e-03 6.575004197657e-03 2.881473116577e-02 7.027607411146e-02 9.295846521854e-02 2.822836302221e-02 1.095580402762e-02 6.295765284449e-03 5.232961848378e-03 6.366097833961e-03 8.225881494582e-03 7.643870078027e-03 5.638360977173e-03 5.510848946869e-03 4.570820368826e-03 5.335485562682e-03 5.874651484191e-03 1.194274704903e-02 1.591535657644e-02 1.022759266198e-02 3.870205581188e-02
8.878024527803e-04 1.405408838764e-03 1.771016512066e-03 1.978220185265e-03 2.092980546877e-03 2.136459108442e-03 2.114207949489e-03 2.035476732999e-03 1.915355096571e-03 2.002662979066e-03 2.419401891530e-03 2.840262372047e-03 3.240750171244e-03 3.625390585512e-03 4.035282880068e-03 4.517468623817e-03 4.985440056771e-03 5.158923566341e-03 4.653801675886e-03 4.266002681106e-03 4.194178152829e-03 4.509884864092e-03 5.868637468666e-03 7.855552248657e-03 1.501292269677e-02 5.555796436965e-03 4.328859969974e-03 4.330289550126e-03 5.124256946146e-03 5.102260503918e-03 5.766641348600e-03 3.986138477921e-02 2.632325701416e-02 2.064013667405e-02 1.249621249735e-02 1.850597932935e-02 1.707952842116e-02 8.057025261223e-03 6.175315938890e-03 7.378239650279e-03 1.101663615555e-02 2.959129586816e-02 4.496707022190e-02
1.629411359318e-03 2.531982958317e-03 3.100551431999e-03 3.330104053020e-03 3.365578129888e-03 3.279614262283e-03 3.109602257609e-03 2.887703478336e-03 2.704699290916e-03 2.800974762067e-03 2.868756651878e-03 2.889333758503e-03 3.127706004307e-03 3.554185852408e-03 3.955682739615e-03 4.404976032674e-03 4.848640877753e-03 7.100806571543e-03 9.169390425086e-03 9.241797029972e-03 9.480600245297e-03 9.445019997656e-03 6.957376841456e-03 8.311549201608e-03 4.109614528716e-03 3.108651377261e-03 2.813681727275e-03 2.437525428832e-03 2.764533972368e-03 3.861255710945e-03 8.546328172088e-03 4.722413420677e-02 3.388052061200e-02 2.335700020194e-02 2.023260109127e-02 4.305316507816e-02 4.118534922600e-02 1.871079020202e-02 1.420397497714e-02 1.300313323736e-02 1.655395328999e-02 2.800861932337e-02 4.949840530753e-02
2.359899692237e-03 3.591915359721e-03 4.228773526847e-03 4.410997033119e-03 5.411813966930e-03 5.831404589117e-03 5.743879359215e-03 5.362235940993e-03 4.840944427997e-03 4.278098233044e-03 4.286725539714e-03 4.189538769424e-03 4.496206063777e-03 5.186489783227e-03 5.683504510671e-03 6.258811801672e-03 7.685930933803e-03 8.222249336541e-03 7.063625380397e-03 8.082411251962e-03 8.497958071530e-03 7.018797565252e-03 5.701698828489e-03 3.241222584620e-03 2.843935275450e-03 2.178373513743e-03 1.804897096008e-03 1.447391347028e-03 1.322773168795e-03 2.368615707383e-03 3.774339798838e-03 1.970131881535e-02 2.652680687606e-02 4.076741263270e-02 4.341714456677e-02 5.438297614455e-02 3.939370810986e-02 1.858315803111e-02 2.948632091284e-02 3.039840981364e-02 2.066099457443e-02 2.670061588287e-02 8.560259640217e-02
2.767360536382e-03 4.170968197286e-03 4.826454445720e-03 5.474137142301e-03 6.648411042988e-03 7.110727950931e-03 6.961691658944e-03 6.457569077611e-03 5.774498451501e-03 5.039732437581e-03 4.426622297615e-03 4.872439894825e-03 5.638566333801e-03 6.476989947259e-03 7.046184036881e-03 7.242782041430e-03 6.803759373724e-03 5.604149773717e-03 4.436681047082e-03 3.842764534056e-03 3.279992379248e-03 2.308030147105e-03 1.995761413127e-03 1.905914046802e-03 1.695521874353e-03 1.381938345730e-03 1.064414507709e-03 1.007569255307e-03 1.284313388169e-03 1.938174595125e-03 2.798991510645e-03 1.093081664294e-02 1.213697995991e-02 2.392972260714e-02 2.782587148249e-02 6.172355636954e-02 5.445366352797e-02 2.996863983572e-02 2.731955796480e-02 1.162494421005e-01 2.737590372562e-01 6.994577497244e-02 4.296468198299e-02
2.065023640171e-03 3.082626732066e-03 3.523710416630e-03 3.628679551184e-03 4.337983205914e-03 4.591902717948e-03 4.468771629035e-03 4.129271022975e-03 3.679535351694e-03 3.202880267054e-03 2.958714263514e-03 3.189861541614e-03 3.318119095638e-03 3.343935357407e-03 3.271950175986e-03 3.317816881463e-03 2.980693243444e-03 2.342239953578e-03 2.726440085098e-03 2.570558339357e-03 2.049273578450e-03 1.489742309786e-03 1.392436563037e-03 1.239691395313e-03 1.035472727381e-03 8.132335497066e-04 9.215733152814e-04 1.282623154111e-03 1.609476748854e-03 3.380522597581e-03 4.295340273529e-03 6.237424910069e-03 1.070554181933e-02 8.087632246315e-03 6.990098394454e-03 8.732184767723e-03 5.318850278854e-02 3.205187246203e-02 2.423349209130e-02 1.555653512478e-01 3.434216082096e-01 3.733880072832e-02 1.344393379986e-02
9.773910278454e-04 1.443927641958e-03 1.688102260232e-03 1.919556758367e-03 2.010414842516e-03 2.117541851476e-03 2.139426302165e-03 2.026689238846e-03 1.924967160448e-03 1.895301858895e-03 1.858479692601e-03 1.705845119432e-03 1.782631501555e-03 1.834673457779e-03 1.821771380492e-03 1.724660862237e-03 2.257477724925e-03 2.880586078390e-03 2.713393885642e-03 2.030424773693e-03 1.295902184211e-03 9.382168645971e-04 8.497160160914e-04 7.352980319411e-04 6.123285274953e-04 9.376306552440e-04 1.445217407309e-03 1.931381644681e-03 2.704353537410e-03 4.424071405083e-03 5.954931490123e-03 8.030743338168e-03 9.165962226689e-03 8.815361186862e-03 4.795922897756e-03 5.565357394516e-03 1.109632011503e-02 2.744262665510e-02 4.597675055265e-02 4.855556413531e-02 2.544495463371e-02 9.618665091693e-03 8.972401730716e-03
6.434496026486e-04 9.374428191222e-04 1.188768772408e-03 1.343374024145e-03 1.404338399880e-03 1.398434629664e-03 1.364727504551e-03 1.299961120822e-03 1.223233994097e-03 1.142151886597e-03 1.059152767994e-03 9.764584247023e-04 8.972986834124e-04 8.702608174644e-04 8.590091601945e-04 1.231004600413e-03 2.094996860251e-03 2.476095687598e-03 2.117310184985e-03 1.458278740756e-03 8.874260238372e-04 5.644823540933e-04 5.623218021356e-04 6.150318658911e-04 8.365333196707e-04 1.423722947948e-03 2.148769330233e-03 3.042214782909e-03 4.364461638033e-03 5.892588291317e-03 8.818551898003e-03 9.102713316679e-03 8.218036964536e-03 4.488724749535e-03 3.392949700356e-03 4.617397207767e-03 5.793187301606e-03 2.139816246927e-02 5.424710735679e-02 3.097191639245e-02 1.798275113106e-02 8.211027830839e-03 7.790032308549e-03
4.491641011555e-04 6.503710756078e-04 8.134283707477e-04 9.146170923486e-04 9.601774509065e-04 9.660184150562e-04 9.452387457713e-04 9.062954923138e-04 8.550824713893e-04 7.945530232973e-04 7.281563594006e-04 6.576601299457e-04 6.920756422915e-04 6.958399317227e-04 6.421891739592e-04 7.292684749700e-04 1.304493518546e-03 1.621604431421e-03 1.513469032943e-03 1.182792708278e-03 8.348218980245e-04 5.608724313788e-04 6.013550446369e-04 6.906163180247e-04 1.181643921882e-03 2.626389730722e-03 5.628011189401e-03 5.220489576459e-03 4.294737242162e-03 7.950176484883e-03 1.082731224597e-02 9.289346635342e-03 6.658750120550e-03 3.147308016196e-03 3.337358590215e-03 4.580170847476e-03 6.466623395681e-03 2.401315420866e-02 4.045156762004e-02 1.818543486297e-02 1.049931161106e-02 6.558419205248e-03 5.880044307560e-03
3.015808179043e-04 4.326327180024e-04 5.365719553083e-04 5.999671993777e-04 6.278834189288e-04 6.308034062386e-04 6.160810589790e-04 5.884483107366e-04 5.507174646482e-04 5.052683991380e-04 4.953878233209e-04 5.565752508119e-04 5.805726395920e-04 5.550924688578e-04 5.359615315683e-04 6.129113025963e-04 6.805476732552e-04 8.283468778245e-04 9.460025466979e-04 9.118177695200e-04 7.752332021482e-04 6.119293975644e-04 6.417777622119e-04 8.815026958473e-04 1.537867472507e-03 4.580020904541e-03 6.564998067915e-03 3.890546038747e-03 4.372233990580e-03 8.409624919295e-03 1.138755213469e-02 9.022789075971e-03 6.317376624793e-03 4.333984572440e-03 4.735539667308e-03 4.577742423862e-03 1.038708724082e-02 4.182537645102e-02 3.058419376612e-02 7.746459450573e-03 1.555495057255e-02 6.703534163535e-03 4.545948468149e-03
1.782845502021e-04 2.534775703680e-04 3.120800247416e-04 3.467052883934e-04 3.606400860008e-04 3.600193012971e-04 3.489593800623e-04 3.300888929516e-04 3.121824411210e-04 3.807891043834e-04 4.454004229046e-04 4.876771417912e-04 4.911292344332e-04 5.473073688336e-04 6.327570299618e-04 7.192379562184e-04 7.947201374918e-04 8.437886135653e-04 8.514315122738e-04 8.119898266159e-04 7.402568589896e-04 6.860205903649e-04 7.623721612617e-04 1.098427455872e-03 1.854771282524e-03 5.136403720826e-03 5.423644091934e-03 4.286695737392e-03 3.903896315023e-03 7.524854503572e-03 1.054506655782e-02 8.219305425882e-03 8.070971816778e-03 5.446031689644e-03 5.705530755222e-03 4.304529633373e-03 9.975317865610e-03 2.595900185406e-02 1.324149034917e-02 9.125925600529e-03 2.065243385732e-02 6.611205637455e-03 3.477644408122e-03
