100/SI/f183.grd
DSAA
101	101
32.816463539100	34.260883539100
35.556306596100	36.727886596100
1.472541829571e-03	4.247465896606e+01
[rows 38 to 56 of 101, columns 43 to 85 of 101]
3.840809464455e-01 3.522425293922e-01 4.050773084164e-01 3.869868516922e-01 5.701544284821e-01 5.676913857460e-01 4.845032989979e-01 6.845897436142e-01 5.456205010414e-01 5.431993603706e-01 5.097464919090e-01 3.666272163391e-01 3.052818477154e-01 2.406394779682e-01 1.776719093323e-01 2.763139307499e-01 4.144957959652e-01 2.334307432175e-01 2.093485295773e-01 1.904498338699e-01 1.570999175310e-01 1.423209756613e-01 1.349573284388e-01 1.462576687336e-01 1.582329571247e-01 1.672002226114e-01 1.626667678356e-01 1.436589211226e-01 1.275911778212e-01 9.571428596973e-02 6.267675012350e-02 5.330215394497e-02 5.702488124371e-02 6.544163078070e-02 6.701908260584e-02 6.190055236220e-02 5.227312445641e-02 4.072844982147e-02 2.958168275654e-02 2.625430747867e-02 3.040519729257e-02 4.068705812097e-02 4.245978966355e-02
6.660165786743e-01 4.679605960846e-01 4.956051707268e-01 6.814957857132e-01 7.979434728622e-01 4.209885001183e-01 1.146416425705e+00 5.975025892258e-01 5.551211237907e-01 4.938444495201e-01 5.275797247887e-01 3.949428200722e-01 2.596011459827e-01 2.344391494989e-01 2.889723181725e-01 4.275965988636e-01 4.841805994511e-01 3.970222175121e-01 2.777027189732e-01 2.134771943092e-01 1.988216936588e-01 1.708462536335e-01 1.734859198332e-01 1.804499030113e-01 2.104279249907e-01 1.355289816856e-01 9.969575703144e-02 8.247768878937e-02 6.550322473049e-02 7.517311722040e-02 8.919565379620e-02 8.790350705385e-02 7.666436582804e-02 6.383199244738e-02 5.343984812498e-02 4.587395861745e-02 4.058751091361e-02 3.683056682348e-02 3.504408150911e-02 3.573050722480e-02 7.656113058329e-02 1.328823417425e-01 1.372068971395e-01
5.555915236473e-01 6.698010563850e-01 5.645965933800e-01 6.371162533760e-01 8.323757648468e-01 5.838366150856e-01 7.894172668457e-01 6.671673655510e-01 4.197603464127e-01 5.473093390465e-01 5.239606499672e-01 4.504388272762e-01 4.504522085190e-01 6.025237441063e-01 6.856191158295e-01 5.263911485672e-01 3.847183287144e-01 3.787186741829e-01 3.525602817535e-01 2.342866957188e-01 1.753100454807e-01 2.935976982117e-01 3.855676651001e-01 2.942309975624e-01 1.210042312741e-01 9.082879126072e-02 7.158578187227e-02 7.667630910873e-02 9.240502119064e-02 8.748146891594e-02 6.775607168674e-02 4.853671789169e-02 3.703156858683e-02 3.213169798255e-02 3.879195824265e-02 3.655103594065e-02 4.157548025250e-02 7.354424148798e-02 1.182405874133e-01 1.609472185373e-01 1.326250880957e-01 1.137459203601e-01 9.874549508095e-02
5.801497101784e-01 6.709178090096e-01 9.613593220711e-01 7.779902815819e-01 7.698995471001e-01 9.256546497345e-01 8.258711099625e-01 6.456600427628e-01 8.047550916672e-01 6.143149733543e-01 4.969503283501e-01 4.757627248764e-01 8.749145269394e-01 6.172908544540e-01 5.331278443336e-01 4.998678863049e-01 3.138918578625e-01 2.844614088535e-01 3.180384039879e-01 4.635343849659e-01 4.979870021343e-01 2.855965197086e-01 2.255824208260e-01 1.796101331711e-01 1.704959571362e-01 1.538788229227e-01 1.243050992489e-01 1.259752511978e-01 1.042688935995e-01 7.514639943838e-02 1.383849084377e-01 5.879147350788e-02 5.850061029196e-02 6.218902766705e-02 6.594216823578e-02 6.949228048325e-02 1.503385454416e-01 1.721959412098e-01 1.658527553082e-01 1.827083826065e-01 1.849223673344e-01 1.813760995865e-01 1.670245677233e-01
7.328654527664e-01 7.505678534508e-01 7.263827323914e-01 1.092591285706e+00 9.322181344032e-01 1.171511530876e+00 1.094275832176e+00 7.743502855301e-01 7.322761416435e-01 6.809952855110e-01 6.485497355461e-01 9.999874234200e-01 8.204564452171e-01 6.208151578903e-01 6.933454871178e-01 3.101179301739e-01 6.071106791496e-01 8.064240813255e-01 6.355645060539e-01 2.277423292398e-01 2.363528013229e-01 2.309207618237e-01 1.105910018086e-01 1.508282274008e-01 1.591051071882e-01 1.443139463663e-01 1.633484512568e-01 2.044581770897e-01 2.433370947838e-01 2.141723036766e-01 1.052829101682e-01 8.315245807171e-02 7.127256691456e-02 1.001039147377e-01 1.947529017925e-01 1.999110430479e-01 1.262386888266e-01 1.113879606128e-01 1.360701173544e-01 1.699769645929e-01 2.038837373257e-01 2.038859128952e-01 1.965505033731e-01
7.860636711121e-01 8.602698445320e-01 9.963209629059e-01 1.487127780914e+00 1.888225913048e+00 1.133765339851e+00 1.342312335968e+00 9.511808156967e-01 1.274860978127e+00 8.365245461464e-01 1.050678491592e+00 8.535839319229e-01 4.250181317329e-01 7.986302375793e-01 1.034542679787e+00 1.008491992950e+00 6.281555891037e-01 3.315639793873e-01 5.563220977783e-01 4.795879125595e-01 2.559762895107e-01 1.964016556740e-01 1.603097915649e-01 2.621366381645e-01 3.198547661304e-01 2.811559140682e-01 2.341416627169e-01 1.856609731913e-01 1.874941885471e-01 8.549356460571e-02 1.429201811552e-01 2.138490080833e-01 2.654843926430e-01 2.383558005095e-01 1.589348167181e-01 3.019372522831e-01 3.571879267693e-01 3.190567791462e-01 2.285256981850e-01 1.778708994389e-01 2.225981801748e-01 2.446977198124e-01 2.584294974804e-01
8.543602228165e-01 9.582287073135e-01 1.094721078873e+00 1.168116331100e+00 1.651055693626e+00 2.112408399582e+00 2.093675613403e+00 1.173528552055e+00 1.476414918900e+00 1.162851095200e+00 1.124604344368e+00 9.354130029678e-01 1.047994256020e+00 1.298851847649e+00 1.014350056648e+00 6.091398596764e-01 7.113308310509e-01 6.623713374138e-01 3.625907301903e-01 4.345029592514e-01 4.382519125938e-01 3.788442313671e-01 2.704938948154e-01 1.670033335686e-01 1.886441260576e-01 1.888690292835e-01 1.832075417042e-01 2.204839885235e-01 2.495639473200e-01 2.676972448826e-01 2.603321373463e-01 2.221309542656e-01 1.678574234247e-01 1.888263076544e-01 3.493722081184e-01 4.260990619659e-01 3.987876176834e-01 2.931236922741e-01 1.772124618292e-01 1.008549705148e-01 1.263986825943e-01 1.461620777845e-01 1.627876460552e-01
1.421456813812e+00 2.537348747253e+00 2.579247474670e+00 1.493172764778e+00 1.824506163597e+00 2.241317510605e+00 2.910382270813e+00 2.024672269821e+00 1.936665534973e+00 2.015804767609e+00 1.569924116135e+00 1.159187674522e+00 1.060817480087e+00 9.017470479012e-01 7.814063429832e-01 7.925292849541e-01 1.268196105957e+00 1.012445330620e+00 5.227422714233e-01 4.814586043358e-01 4.582994580269e-01 4.439851343632e-01 4.270421862602e-01 4.040973782539e-01 3.802280724049e-01 3.651150166988e-01 3.650390803814e-01 3.622324168682e-01 2.982503473759e-01 2.268472313881e-01 1.808110028505e-01 1.463970392942e-01 1.461872458458e-01 2.949832081795e-01 3.516305983067e-01 3.330389857292e-01 2.322730869055e-01 1.226974949241e-01 1.055791154504e-01 1.153483912349e-01 1.154422760010e-01 1.235358938575e-01 1.334365457296e-01
2.082362651825e+00 3.869940996170e+00 3.699198961258e+00 3.061607837677e+00 2.717447280884e+00 2.440150499344e+00 3.267587184906e+00 5.744741439819e+00 1.850630998611e+00 1.695639729500e+00 1.327709555626e+00 1.532894849777e+00 1.503974199295e+00 1.825218558311e+00 1.720901727676e+00 1.186651468277e+00 1.162779927254e+00 1.200839638710e+00 7.737638354301e-01 4.850434064865e-01 5.516390800476e-01 4.757582545280e-01 5.167306661606e-01 3.890328109264e-01 3.247034251690e-01 2.872523963451e-01 3.498452901840e-01 3.903081417084e-01 3.960002660751e-01 3.672167658806e-01 3.124920129776e-01 2.564144730568e-01 2.654427289963e-01 3.048774302006e-01 2.831387817860e-01 2.171236276627e-01 1.214143335819e-01 1.320176124573e-01 1.388853937387e-01 1.358629614115e-01 1.439239680767e-01 1.425749510527e-01 1.396522074938e-01
1.122909903526e+00 2.732261657715e+00 3.585383892059e+00 3.524228811264e+00 4.133985996246e+00 3.295047283173e+00 3.614281177521e+00 5.579493522644e+00 3.235871791840e+00 2.619033813477e+00 2.300874471664e+00 1.289698600769e+00 1.396815896034e+00 1.504694461823e+00 1.260909557343e+00 1.097694635391e+00 1.108424544334e+00 9.604263305664e-01 8.406358361244e-01 1.188693642616e+00 1.374704837799e+00 5.796088576317e-01 5.188857913017e-01 4.543439447880e-01 5.042163133621e-01 4.078928232193e-01 3.689094185829e-01 3.454158008099e-01 3.239177465439e-01 3.075944483280e-01 2.948642671108e-01 3.042646944523e-01 3.212194740772e-01 2.741220891476e-01 2.094542235136e-01 1.769796907902e-01 1.692527234554e-01 1.571175158024e-01 1.515640169382e-01 1.603360474110e-01 1.478526592255e-01 1.513765752316e-01 1.588153988123e-01
2.247186660767e+00 3.137603759766e+00 3.968724966049e+00 6.632786273956e+00 3.312209606171e+00 6.317421913147e+00 4.998295783997e+00 6.795162200928e+00 2.989229202271e+00 3.557442665100e+00 3.726690530777e+00 2.729379653931e+00 1.903031349182e+00 1.913354396820e+00 2.107353925705e+00 1.385817408562e+00 1.316167831421e+00 1.384446978569e+00 1.513466000557e+00 1.762518286705e+00 1.343955636024e+00 3.883148431778e-01 4.140951633453e-01 4.757801294327e-01 5.145338177681e-01 4.197050035000e-01 2.515135109425e-01 2.487193048000e-01 2.286559045315e-01 2.553934454918e-01 2.800933718681e-01 3.061038851738e-01 3.241738975048e-01 3.322204351425e-01 3.250014185905e-01 3.104035556316e-01 2.760069668293e-01 2.427418977022e-01 2.183033823967e-01 1.980474442244e-01 1.853055506945e-01 1.820022612810e-01 1.751149594784e-01
1.170368790627e+00 2.417751312256e+00 4.493293285370e+00 5.738500595093e+00 4.924187660217e+00 6.662744998932e+00 5.061796665192e+00 1.427030658722e+01 1.126274585724e+01 1.541801548004e+01 4.381180763245e+00 2.899111747742e+00 2.638115167618e+00 2.142355918884e+00 1.606156229973e+00 1.150436162949e+00 9.695914387703e-01 7.533538937569e-01 5.280852317810e-01 5.185433626175e-01 5.012902617455e-01 4.344131052494e-01 4.051455557346e-01 4.640085995197e-01 4.125810861588e-01 4.207475483418e-01 5.277794599533e-01 3.664037287235e-01 1.678047478199e-01 1.482258737087e-01 1.209393218160e-01 1.296085417271e-01 1.433921158314e-01 1.895528137684e-01 2.464952617884e-01 2.686457633972e-01 2.141012549400e-01 1.624843329191e-01 1.750147640705e-01 1.846905797720e-01 2.084709703922e-01 2.602968811989e-01 2.937010824680e-01
6.756770610809e+00 8.372594714165e-01 1.494976282120e+00 6.026954650879e+00 2.166706323624e+00 3.496751308441e+00 1.333851146698e+01 2.490306854248e+01 2.965320968628e+01 4.134223937988e+01 3.678578615189e+00 3.881133556366e+00 3.118610382080e+00 2.400257349014e+00 1.910545825958e+00 1.023136138916e+00 8.383743762970e-01 3.692446470261e+00 5.380967617035e+00 8.466071486473e-01 1.101363778114e+00 1.017544746399e+00 7.495238184929e-01 4.807165265083e-01 3.486363589764e-01 2.887653410435e-01 6.504393219948e-01 9.591119885445e-01 4.442786574364e-01 1.775089353323e-01 1.364786475897e-01 1.184669733047e-01 1.288200616837e-01 1.243662387133e-01 1.353889405727e-01 1.769221276045e-01 1.733354330063e-01 1.331294625998e-01 1.307667195797e-01 1.320245265961e-01 1.225257962942e-01 1.346005648375e-01 1.257078498602e-01
1.242301225662e+00 3.888593196869e+00 8.794833421707e-01 1.210616827011e+00 1.141080856323e+01 6.678719520569e+00 7.175139427185e+00 9.237573623657e+00 9.099928855896e+00 2.360460853577e+01 2.939680671692e+01 5.078984737396e+00 5.100275039673e+00 3.479053974152e+00 2.897407531738e+00 1.606760978699e+00 7.271513342857e-01 3.843775749207e+00 5.527820587158e-01 6.983959674835e-01 9.161827564240e-01 1.168745994568e+00 9.965418577194e-01 9.250776767731e-01 9.407775402069e-01 8.061709403992e-01 7.777204513550e-01 5.434125065804e-01 2.797761261463e-01 2.565898001194e-01 1.868457794189e-01 1.438625156879e-01 1.493662744761e-01 1.196096986532e-01 1.226719245315e-01 1.137573644519e-01 1.207781508565e-01 1.199887990952e-01 1.294760704041e-01 1.162601783872e-01 1.150812655687e-01 1.201137900352e-01 1.229852288961e-01
1.032184600830e+00 1.925828456879e+00 4.835441112518e+00 3.487866163254e+00 2.680617570877e+00 2.207690715790e+00 3.156444072723e+00 3.730079650879e+00 4.647327423096e+00 6.435228347778e+00 1.351321315765e+01 2.078371047974e+01 4.342288970947e+00 3.351375818253e+00 2.205314159393e+00 6.939619779587e-01 9.027348160744e-01 2.136060476303e+00 2.732808589935e-01 2.812681496143e-01 5.514931082726e-01 9.488078355789e-01 6.935324072838e-01 5.245415568352e-01 4.227993190289e-01 5.281131863594e-01 6.609216928482e-01 6.346285939217e-01 5.559228062630e-01 4.014300107956e-01 2.659955918789e-01 2.437819689512e-01 1.910230368376e-01 1.399993151426e-01 1.570679992437e-01 1.386449337006e-01 1.339193135500e-01 1.308743953705e-01 1.306493878365e-01 1.126755028963e-01 1.073706671596e-01 1.057883948088e-01 1.175733506680e-01
6.961359381676e-01 2.890950441360e+00 8.040098190308e+00 4.727448463440e+00 1.344182372093e+00 1.204848170280e+00 1.192936062813e+00 1.623822450638e+00 5.344993472099e-01 8.960826873779e+00 1.720234298706e+01 4.247465896606e+01 4.236662387848e+00 2.977858066559e+00 4.306735515594e+00 8.921322822571e-01 1.819694876671e+00 5.420550704002e-01 2.148856371641e-01 6.224549412727e-01 7.992507815361e-01 1.805773973465e+00 1.364582657814e+00 9.224096536636e-01 6.384751200676e-01 4.017043709755e-01 4.580012857914e-01 4.749563932419e-01 4.207776784897e-01 4.599502384663e-01 4.604826569557e-01 3.667047917843e-01 2.579557895660e-01 2.231018543243e-01 2.294443100691e-01 1.949027627707e-01 1.730111241341e-01 1.603215932846e-01 1.450323313475e-01 1.201741173863e-01 9.997763484716e-02 1.103065982461e-01 1.262605190277e-01
5.907071828842e-01 1.465434074402e+00 1.192333507538e+01 1.453798007965e+01 7.698509693146e+00 7.877036929131e-01 6.040846109390e-01 9.852315783501e-01 1.227638721466e+00 1.785168766975e+00 1.272757768631e+00 7.412120819092e+00 1.802382087708e+01 2.415026855469e+01 6.945240497589e+00 2.872812747955e+00 3.224864006042e+00 1.002522349358e+00 9.145261049271e-01 3.320251464844e+00 9.722473025322e-01 5.549309730530e+00 1.759774565697e+00 1.558209300041e+00 1.566967129707e+00 7.268337011337e-01 4.360774457455e-01 4.594721794128e-01 5.192420482635e-01 4.186305403709e-01 2.516181170940e-01 3.553775250912e-01 3.645544052124e-01 3.464142382145e-01 3.394316434860e-01 2.703338563442e-01 2.197820544243e-01 1.916169077158e-01 1.598278731108e-01 1.267775893211e-01 9.687033295631e-02 1.324245780706e-01 1.614133268595e-01
9.303027391434e-01 6.014937162399e-01 1.003499031067e+00 5.694119930267e+00 3.538736343384e+00 5.814689397812e-01 4.931492805481e-01 5.825425386429e-01 6.961458325386e-01 8.116899728775e-01 6.580531597137e-01 6.110092997551e-01 1.081859230995e+00 4.618606567383e+00 1.364246940613e+01 9.454135894775e+00 3.582007884979e+00 1.730795860291e+00 1.065926671028e+00 2.391484975815e+00 1.251455068588e+00 4.407890737057e-01 4.013656973839e-01 3.641122281551e-01 7.631437182426e-01 1.275004506111e+00 9.708097577095e-01 6.053939461708e-01 5.354988574982e-01 4.875584542751e-01 5.061904191971e-01 4.374639391899e-01 2.923449873924e-01 3.031128942966e-01 3.418003618717e-01 2.980974614620e-01 2.545329332352e-01 2.141177058220e-01 1.623941659927e-01 1.171294748783e-01 1.007688567042e-01 1.243046745658e-01 1.481427997351e-01
6.053566932678e-01 4.397319853306e-01 4.791162610054e-01 5.912190675735e-01 5.980068445206e-01 5.013914108276e-01 4.452628493309e-01 4.458670616150e-01 4.919540286064e-01 4.673770368099e-01 4.028677344322e-01 3.377602398396e-01 3.508856892586e-01 4.726759910583e+00 7.601582527161e+00 8.059997558594e+00 3.425593614578e+00 2.525846958160e+00 5.162996768951e+00 1.292485713959e+00 9.058967828751e-01 4.425701200962e-01 1.201360464096e+00 8.258790373802e-01 1.065294504166e+00 1.062264561653e+00 9.906355142593e-01 9.273557066917e-01 8.645347952843e-01 8.153774142265e-01 8.614712357521e-01 1.048346161842e+00 8.941324353218e-01 3.603628277779e-01 2.049484252930e-01 2.162711918354e-01 2.000870406628e-01 1.721642613411e-01 1.439747661352e-01 9.425258636475e-02 8.930433541536e-02 1.023395955563e-01 1.157439872622e-01
