100/SI/f183.grd
DSAA
101	101
32.816463539100	34.260883539100
35.556306596100	36.727886596100
1.472541829571e-03	4.247465896606e+01
[rows 0 to 18 of 101, columns 43 to 85 of 101]
1.314340345562e-02 1.266966480762e-02 1.479428261518e-02 1.191261596978e-02 1.030581817031e-02 7.660921197385e-03 9.234417229891e-03 1.507976558059e-02 1.004769466817e-02 1.163483783603e-02 1.113405078650e-02 1.316308602691e-02 1.436426118016e-02 1.254362054169e-02 8.194274269044e-03 1.268942654133e-02 9.804543107748e-03 1.347638946027e-02 1.934498548508e-02 2.653778903186e-02 3.296464681625e-02 3.637636080384e-02 3.581226989627e-02 5.386674031615e-02 5.398587509990e-02 3.618687018752e-02 2.121818065643e-02 1.440467685461e-02 1.060390006751e-02 1.202347408980e-02 1.430047862232e-02 7.285590283573e-03 6.821710616350e-03 6.829727906734e-03 7.551532238722e-03 7.183236069977e-03 5.931757856160e-03 5.028165411204e-03 4.381302278489e-03 3.896236885339e-03 3.734637750313e-03 3.086669370532e-03 2.584098372608e-03
2.541010826826e-02 2.293287590146e-02 2.901506051421e-02 2.607518807054e-02 1.981607452035e-02 1.395121030509e-02 1.761259511113e-02 2.923276275396e-02 2.336037345231e-02 2.323577553034e-02 1.980768516660e-02 2.444125898182e-02 2.578018605709e-02 2.274761348963e-02 1.475433260202e-02 2.637290395796e-02 2.032906003296e-02 2.537146396935e-02 3.672683238983e-02 5.053785443306e-02 6.121326982975e-02 6.590212136507e-02 6.477909535170e-02 9.432896226645e-02 9.183034300804e-02 6.007754057646e-02 3.852320834994e-02 2.657198905945e-02 1.974484883249e-02 2.326632663608e-02 2.548629231751e-02 1.450792048126e-02 1.323124021292e-02 1.258975267410e-02 1.462316419929e-02 1.205788925290e-02 9.832715615630e-03 8.677749894559e-03 7.657025940716e-03 6.797737441957e-03 7.143761031330e-03 5.123475100845e-03 4.475810565054e-03
3.341435641050e-02 2.785946987569e-02 3.235433623195e-02 3.228636458516e-02 2.659333869815e-02 1.872259750962e-02 1.991711743176e-02 3.514891117811e-02 4.076810926199e-02 4.130902886391e-02 2.634886465967e-02 2.773809619248e-02 3.501182794571e-02 3.122787736356e-02 1.743694394827e-02 3.224625065923e-02 2.533433027565e-02 3.227749466896e-02 4.674508422613e-02 6.304992735386e-02 7.378519326448e-02 7.848720997572e-02 8.305263519287e-02 1.179589629173e-01 1.117265895009e-01 7.103434950113e-02 4.795748740435e-02 3.417707234621e-02 2.233734540641e-02 2.725506387651e-02 2.618151903152e-02 1.804239861667e-02 1.551397796720e-02 1.373458560556e-02 1.633681356907e-02 1.536487974226e-02 1.217170059681e-02 9.591743350029e-03 8.466039784253e-03 7.653460372239e-03 8.171593770385e-03 5.501250736415e-03 4.934261087328e-03
3.782815113664e-02 3.566578775644e-02 2.891806140542e-02 3.186279535294e-02 2.878014557064e-02 2.227788232267e-02 2.455979399383e-02 4.092253744602e-02 5.771270021796e-02 5.994846299291e-02 3.994449973106e-02 2.836091630161e-02 4.179714992642e-02 3.786726668477e-02 1.817618682981e-02 3.629102185369e-02 2.912142127752e-02 3.803665563464e-02 5.422793701291e-02 6.965666264296e-02 7.776697725058e-02 8.154874294996e-02 9.483771026134e-02 1.296695470810e-01 1.176851391792e-01 7.164308428764e-02 5.147964134812e-02 3.864448890090e-02 2.544559538364e-02 2.827372588217e-02 2.317444793880e-02 1.929398998618e-02 1.580692641437e-02 1.521305553615e-02 1.771998032928e-02 1.705783046782e-02 1.318650692701e-02 9.177051484585e-03 8.773966692388e-03 8.467920124531e-03 8.610990829766e-03 5.554263945669e-03 4.803117364645e-03
3.957137092948e-02 4.274293407798e-02 3.306251019239e-02 2.694598026574e-02 2.670183591545e-02 2.829813398421e-02 2.929490059614e-02 5.029330030084e-02 7.336825132370e-02 7.927768677473e-02 5.579337477684e-02 2.807601913810e-02 4.733910411596e-02 4.376799985766e-02 2.098228968680e-02 3.982504084706e-02 3.223530948162e-02 4.525764286518e-02 6.153605505824e-02 7.392566651106e-02 7.882976531982e-02 8.181728422642e-02 1.052875667810e-01 1.369600445032e-01 1.175568550825e-01 6.782895326614e-02 5.260752514005e-02 4.094693809748e-02 2.742628380656e-02 2.794255688787e-02 2.170874923468e-02 2.016200684011e-02 1.650194264948e-02 1.804038882256e-02 1.902148686349e-02 1.787781342864e-02 1.343392580748e-02 9.286526590586e-03 9.397986344993e-03 9.153086692095e-03 8.986769244075e-03 6.163924466819e-03 4.654071759433e-03
3.826538473368e-02 4.541134834290e-02 3.794559836388e-02 3.113850206137e-02 2.775742858648e-02 3.432492539287e-02 3.177960589528e-02 5.712751299143e-02 8.725987374783e-02 9.850517660379e-02 7.249265164137e-02 3.443879261613e-02 5.279880389571e-02 4.993715137243e-02 2.400120534003e-02 4.279441013932e-02 3.864819929004e-02 5.295991152525e-02 6.766767054796e-02 7.584167271852e-02 7.774049043655e-02 8.066452294588e-02 1.156025603414e-01 1.420799642801e-01 1.143860891461e-01 6.259600073099e-02 5.311743915081e-02 4.132344201207e-02 2.792334370315e-02 2.587682567537e-02 2.186534181237e-02 2.086902037263e-02 1.733698882163e-02 2.018561400473e-02 1.991291530430e-02 1.812592707574e-02 1.321095041931e-02 9.498551487923e-03 1.002128794789e-02 9.691610932350e-03 9.234169498086e-03 6.767749320716e-03 4.924974869937e-03
3.458482027054e-02 4.356038197875e-02 4.103503003716e-02 3.699082508683e-02 2.827282063663e-02 3.990651667118e-02 3.133403509855e-02 6.043336912990e-02 9.692736715078e-02 1.133168712258e-01 8.782988786697e-02 4.617865383625e-02 5.863116681576e-02 5.708229169250e-02 2.776507660747e-02 4.570611193776e-02 4.630989953876e-02 5.954304710031e-02 7.132165133953e-02 7.609699666500e-02 7.675093412399e-02 7.942182570696e-02 1.258142143488e-01 1.455029398203e-01 1.093056723475e-01 6.154428794980e-02 5.295380204916e-02 4.110875725746e-02 2.813384123147e-02 2.235234715044e-02 2.155545353889e-02 2.102334238589e-02 1.751894131303e-02 2.096425183117e-02 2.053853310645e-02 1.790808700025e-02 1.302817743272e-02 9.970448911190e-03 1.043170597404e-02 1.088390126824e-02 9.321372956038e-03 7.240386214107e-03 5.436318926513e-03
3.338966146111e-02 4.168669506907e-02 4.163866490126e-02 4.147285968065e-02 3.448561206460e-02 4.522317275405e-02 2.926640585065e-02 5.854061990976e-02 9.811171144247e-02 1.198075264692e-01 1.000194698572e-01 6.054490432143e-02 6.409232318401e-02 6.492317467928e-02 3.248702734709e-02 4.845750331879e-02 5.342548713088e-02 6.469035148621e-02 7.340911030769e-02 7.570902258158e-02 7.546942681074e-02 8.233036845922e-02 1.359772533178e-01 1.477592289448e-01 1.029502227902e-01 5.826859548688e-02 5.061666667461e-02 3.969681635499e-02 2.742577157915e-02 2.107377164066e-02 2.127142064273e-02 2.116807550192e-02 1.984965242445e-02 2.015822753310e-02 2.090446464717e-02 1.776887662709e-02 1.263177581131e-02 1.035427208990e-02 1.070997025818e-02 1.230491418391e-02 9.524731896818e-03 7.690402679145e-03 5.738989450037e-03
3.740031272173e-02 4.188936203718e-02 4.034421592951e-02 4.397351294756e-02 4.012732952833e-02 5.016531795263e-02 2.695098891854e-02 5.162099376321e-02 8.997179567814e-02 1.170961260796e-01 1.074184030294e-01 7.401961088181e-02 6.876176595688e-02 7.309218496084e-02 3.811118751764e-02 5.120801925659e-02 5.967571958899e-02 6.898793578148e-02 7.487794756889e-02 7.439759373665e-02 7.329680025578e-02 9.154268354177e-02 1.455121785402e-01 1.483179777861e-01 9.509560465813e-02 5.371152982116e-02 4.693400487304e-02 3.687591478229e-02 2.898169681430e-02 2.209199965000e-02 2.101705968380e-02 2.082845009863e-02 2.267043851316e-02 2.302156761289e-02 2.372270263731e-02 1.731861382723e-02 1.198924425989e-02 1.099001336843e-02 1.124978717417e-02 1.363387983292e-02 9.852901101112e-03 7.939930073917e-03 5.977934226394e-03
4.006203263998e-02 4.275066778064e-02 3.868009150028e-02 4.518547281623e-02 4.435389861465e-02 5.410344153643e-02 3.017054125667e-02 4.266297444701e-02 7.709208875895e-02 1.074332743883e-01 1.084897145629e-01 8.478458970785e-02 7.288818061352e-02 8.197107911110e-02 4.514510184526e-02 5.532151833177e-02 6.442477554083e-02 7.209098339081e-02 7.502297312021e-02 7.177960872650e-02 6.914903223515e-02 1.000915020704e-01 1.530831754208e-01 1.457334905863e-01 8.549346029758e-02 4.867812991142e-02 4.213910177350e-02 3.944608196616e-02 3.102289326489e-02 2.300615981221e-02 2.143855951726e-02 2.261744625866e-02 2.362421527505e-02 2.445338852704e-02 2.575700357556e-02 1.645561680198e-02 1.152104511857e-02 1.241013221443e-02 1.235842518508e-02 1.461333315820e-02 9.553902782500e-03 7.744274567813e-03 6.024567410350e-03
4.056319221854e-02 4.431675374508e-02 3.720887750387e-02 4.581605270505e-02 4.771163687110e-02 5.726412311196e-02 3.228332102299e-02 3.537829220295e-02 6.227203458548e-02 9.138039499521e-02 1.008923798800e-01 9.048473089933e-02 7.523072510958e-02 9.095481038094e-02 5.433892086148e-02 6.035308912396e-02 6.766296178102e-02 7.350178807974e-02 7.304558157921e-02 6.753560900688e-02 6.380098313093e-02 1.086012572050e-01 1.583739519119e-01 1.401955932379e-01 7.486309111118e-02 4.312438145280e-02 4.007159918547e-02 4.371224716306e-02 3.246060013771e-02 2.380605787039e-02 2.322331257164e-02 2.449951134622e-02 2.175551280379e-02 2.139053680003e-02 2.450215443969e-02 1.517334580421e-02 1.401650160551e-02 1.457973755896e-02 1.419061422348e-02 1.515890005976e-02 8.831607177854e-03 7.405336014926e-03 5.792210344225e-03
3.940097242594e-02 4.605720937252e-02 4.085613042116e-02 4.625859856606e-02 5.109386518598e-02 5.927223339677e-02 3.436451405287e-02 3.719316422939e-02 4.719210043550e-02 7.171306759119e-02 8.647269010544e-02 8.907824009657e-02 8.143966645002e-02 9.818370640278e-02 6.564795970917e-02 6.433832645416e-02 7.026480138302e-02 7.343086600304e-02 6.944537162781e-02 6.293099373579e-02 6.835938990116e-02 1.164769381285e-01 1.616522371769e-01 1.328182071447e-01 6.410898268223e-02 3.731502220035e-02 4.376672953367e-02 4.713148623705e-02 3.485424071550e-02 2.430293150246e-02 2.477999590337e-02 2.584316767752e-02 1.933797448874e-02 2.034590952098e-02 2.294219844043e-02 1.509975455701e-02 1.718579605222e-02 1.577176898718e-02 1.616604998708e-02 1.514059584588e-02 8.369210176170e-03 6.770211271942e-03 5.875064991415e-03
3.714802116156e-02 4.780848324299e-02 4.586088284850e-02 4.690829291940e-02 5.445161089301e-02 6.094940006733e-02 4.099842533469e-02 4.444907978177e-02 4.400092735887e-02 5.248856544495e-02 6.679689884186e-02 7.913830131292e-02 8.345858752728e-02 1.010610386729e-01 7.643206417561e-02 6.831445544958e-02 7.169398665428e-02 7.113862782717e-02 6.474942713976e-02 5.880439281464e-02 7.536711543798e-02 1.236232891679e-01 1.632211655378e-01 1.240794211626e-01 5.427723377943e-02 3.750272095203e-02 4.580009356141e-02 4.862857609987e-02 3.624958172441e-02 2.814166806638e-02 2.800432965159e-02 2.302864380181e-02 1.942279748619e-02 1.933486759663e-02 2.224114909768e-02 1.924566365778e-02 1.877883821726e-02 1.500836480409e-02 1.757584512234e-02 1.461995672435e-02 7.815316319466e-03 7.171851117164e-03 7.045175880194e-03
3.407798707485e-02 4.960757121444e-02 5.003869906068e-02 4.792671278119e-02 5.787590891123e-02 6.281843036413e-02 4.706070199609e-02 5.325900390744e-02 3.951969370246e-02 3.813901916146e-02 4.740627482533e-02 6.234295293689e-02 7.874896377325e-02 9.817574918270e-02 8.518074452877e-02 7.188213616610e-02 7.065086066723e-02 6.736934930086e-02 6.016713008285e-02 6.473264843225e-02 8.294571936131e-02 1.312945783138e-01 1.633828729391e-01 1.144777387381e-01 4.582757130265e-02 3.867436572909e-02 4.725260660052e-02 4.946026578546e-02 3.624735400081e-02 3.148907795548e-02 2.615080028772e-02 1.983525976539e-02 1.886208541691e-02 1.752380095422e-02 2.269613742828e-02 2.142496965826e-02 1.778255775571e-02 1.411028672010e-02 1.849806308746e-02 1.371291652322e-02 7.596913259476e-03 8.219267241657e-03 7.581501733512e-03
3.534331917763e-02 5.169428512454e-02 5.304792150855e-02 5.113342404366e-02 6.139862909913e-02 6.389202922583e-02 5.249492079020e-02 6.341561675072e-02 3.304849192500e-02 3.773597627878e-02 3.329413384199e-02 5.307392776012e-02 6.393474340439e-02 9.132850170135e-02 9.214003384113e-02 7.922016829252e-02 6.818778067827e-02 6.290350109339e-02 6.668157875538e-02 6.937018781900e-02 9.144016355276e-02 1.380000263453e-01 1.600824594498e-01 1.033300310373e-01 3.983257338405e-02 5.038333684206e-02 5.359089747071e-02 4.981607198715e-02 3.688568621874e-02 2.857342548668e-02 2.266054227948e-02 2.101377956569e-02 1.965367048979e-02 1.886745356023e-02 2.334503456950e-02 2.057189308107e-02 1.649026200175e-02 1.418866869062e-02 1.905860751867e-02 1.244701258838e-02 7.488891948014e-03 8.869231678545e-03 7.644826080650e-03
3.911995142698e-02 5.417055636644e-02 5.438410118222e-02 5.798606574535e-02 6.449017673731e-02 6.423541903496e-02 5.573126673698e-02 7.257215678692e-02 3.365179151297e-02 3.876306861639e-02 3.321073576808e-02 5.696338415146e-02 6.104107573628e-02 8.112984150648e-02 8.897999674082e-02 8.006810396910e-02 6.566067039967e-02 6.617937237024e-02 7.313714921474e-02 7.565917819738e-02 9.967195987701e-02 1.413018703461e-01 1.511030495167e-01 9.013390541077e-02 4.912763461471e-02 6.103781238198e-02 5.532099306583e-02 4.639034345746e-02 3.221952542663e-02 2.546165697277e-02 2.416763268411e-02 2.526086941361e-02 2.425008453429e-02 2.314873039722e-02 2.364665642381e-02 1.863513141870e-02 1.499926391989e-02 1.600967161357e-02 1.924062706530e-02 1.094578113407e-02 7.490333169699e-03 9.409678168595e-03 7.556670811027e-03
4.384195432067e-02 5.680709332228e-02 5.956786870956e-02 6.413568556309e-02 6.735058873892e-02 6.864028424025e-02 5.478839203715e-02 7.977318018675e-02 3.724437579513e-02 3.943845257163e-02 3.879600390792e-02 5.905369669199e-02 6.819228827953e-02 6.894800066948e-02 8.181487023830e-02 7.335022091866e-02 6.470543146133e-02 7.522713392973e-02 7.766883075237e-02 8.337686210871e-02 1.070842742920e-01 1.403308808804e-01 1.382871419191e-01 7.675957679749e-02 5.731371045113e-02 5.720373243093e-02 4.446939751506e-02 3.981533646584e-02 2.865312993526e-02 2.582267299294e-02 2.680831775069e-02 2.922334522009e-02 3.122957237065e-02 3.247903659940e-02 3.123280033469e-02 2.113642729819e-02 1.281941216439e-02 1.747510954738e-02 1.884943805635e-02 1.181692536920e-02 8.300987072289e-03 9.798413142562e-03 7.363471202552e-03
5.748086795211e-02 7.885424047709e-02 9.186723828316e-02 7.972130179405e-02 7.022468000650e-02 7.459106296301e-02 5.443480983377e-02 8.513334393501e-02 4.317721724510e-02 3.960449248552e-02 4.786271974444e-02 6.586191058159e-02 7.632241398096e-02 6.687983870506e-02 7.396113872528e-02 7.461722195148e-02 7.198540866375e-02 8.258441835642e-02 8.041347563267e-02 9.267011284828e-02 1.136601045728e-01 1.356017291546e-01 1.235385239124e-01 6.398643553257e-02 5.241006612778e-02 4.187874123454e-02 3.625715523958e-02 3.399883955717e-02 2.689507417381e-02 2.528888918459e-02 3.152366727591e-02 3.541542589664e-02 4.157819226384e-02 4.655398055911e-02 3.911079466343e-02 2.103202790022e-02 1.270683389157e-02 1.844462193549e-02 1.806781254709e-02 1.223976258188e-02 9.235571138561e-03 9.942718781531e-03 8.606348186731e-03
7.319001108408e-02 1.034264937043e-01 1.260673701763e-01 1.180579960346e-01 7.301434129477e-02 8.120703697205e-02 5.631150677800e-02 9.057415276766e-02 5.375533178449e-02 4.465922340751e-02 5.855661630630e-02 7.390376925468e-02 9.826824814081e-02 7.853863388300e-02 6.676869094372e-02 7.588373124599e-02 8.277713507414e-02 8.755859732628e-02 9.056811779737e-02 1.006223708391e-01 1.156005188823e-01 1.258228868246e-01 1.059622690082e-01 5.117830261588e-02 3.892558440566e-02 4.285116866231e-02 3.463251888752e-02 2.924000471830e-02 2.528966963291e-02 2.944689989090e-02 3.498203679919e-02 4.873293265700e-02 6.066902354360e-02 5.991870909929e-02 4.089030250907e-02 1.823109947145e-02 1.393660251051e-02 2.191033773124e-02 1.835542917252e-02 1.149503048509e-02 1.030173897743e-02 9.775094687939e-03 9.805535897613e-03
