100/SI/f183.grd
DSAA
101	101
32.816463539100	34.260883539100
35.556306596100	36.727886596100
1.472541829571e-03	4.247465896606e+01
[rows 76 to 94 of 101, columns 43 to 85 of 101]
1.500219702721e-01 1.624807864428e-01 4.433991909027e-01 1.238270163536e+00 7.917453646660e-01 1.227056145668e+00 1.057445049286e+00 1.343338936567e-01 1.149602532387e-01 2.437662333250e-01 6.069015860558e-01 1.306344985962e+00 1.887875437737e+00 1.217634677887e+00 5.190311670303e-01 5.247328877449e-01 5.440555810928e-01 2.741885185242e-01 2.522385120392e-01 7.037820667028e-02 1.179315686226e+00 2.707220315933e+00 6.455426812172e-01 2.751666605473e-01 2.319603860378e-01 1.708427667618e-01 1.281153857708e-01 1.100784614682e-01 1.068225130439e-01 1.005203574896e-01 8.636655658484e-02 7.227422297001e-02 5.988864973187e-02 6.704403460026e-02 8.168640732765e-02 8.823061734438e-02 9.108490496874e-02 1.264125257730e-01 1.093114241958e-01 5.050250142813e-02 6.177432835102e-02 8.756534010172e-02 1.065532565117e-01
4.993377327919e-01 4.598877429962e-01 4.324848949909e-01 9.206072688103e-01 1.073845624924e+00 4.896750152111e-01 1.871359944344e-01 1.427387595177e-01 1.278143674135e-01 8.776463270187e-01 9.956548810005e-01 1.864332914352e+00 1.552455186844e+00 8.768010139465e-01 6.555510759354e-01 6.281009912491e-01 1.732232719660e-01 7.350657880306e-02 8.488734066486e-02 6.365916877985e-02 9.059771150351e-02 1.073807477951e-01 1.669004857540e-01 1.581273078918e-01 1.260391026735e-01 9.042210131884e-02 7.023948431015e-02 6.277751177549e-02 9.042330831289e-02 6.982982903719e-02 6.730563938618e-02 7.368264347315e-02 8.448996394873e-02 7.506949454546e-02 5.769545957446e-02 6.273703277111e-02 7.568078488111e-02 8.095751702785e-02 1.082273423672e-01 1.116657480597e-01 7.236993312836e-02 6.690725684166e-02 8.512139320374e-02
5.930737257004e-01 1.093514919281e+00 1.026654720306e+00 4.227309823036e-01 4.637521803379e-01 8.389988541603e-01 2.440762370825e-01 2.320315539837e-01 1.877368688583e-01 1.600227802992e-01 7.028923630714e-01 8.629861474037e-01 2.777270972729e-01 6.248125433922e-01 6.112383008003e-01 1.725160926580e-01 6.162698939443e-02 4.806386679411e-02 5.891021713614e-02 7.876501977444e-02 5.995912104845e-02 5.500679835677e-02 6.273058801889e-02 6.289941817522e-02 5.703137442470e-02 4.723650217056e-02 3.899929299951e-02 4.052452743053e-02 7.153182476759e-02 8.897271752357e-02 7.058521360159e-02 9.085434675217e-02 9.819531440735e-02 8.639249205589e-02 6.526611745358e-02 4.412230849266e-02 4.753272235394e-02 6.450477242470e-02 7.118278741837e-02 8.644606173038e-02 1.036401093006e-01 9.232047200203e-02 6.331531703472e-02
9.152282476425e-01 1.070369362831e+00 4.504459202290e-01 3.099986612797e-01 6.404771804810e-01 3.825490474701e-01 1.354975849390e-01 1.508816480637e-01 7.908807694912e-02 1.012317538261e+00 9.660103917122e-01 4.119813442230e-01 5.730300545692e-01 3.517570495605e-01 9.354777634144e-02 6.603454798460e-02 3.912279382348e-02 2.563387528062e-02 2.540222741663e-02 3.559363633394e-02 4.406569525599e-02 3.702471405268e-02 2.580912597477e-02 3.612371534109e-02 3.276509791613e-02 3.343903273344e-02 3.233077749610e-02 3.283140808344e-02 4.863114655018e-02 1.015725061297e-01 6.368803232908e-02 8.819409459829e-02 1.059862226248e-01 9.751057624817e-02 7.774133980274e-02 5.591305345297e-02 4.158027097583e-02 3.375155106187e-02 5.258956179023e-02 5.981106311083e-02 7.171682268381e-02 8.169680833817e-02 9.080941975117e-02
3.900179862976e-01 3.269908130169e-01 4.445440173149e-01 7.128587365150e-01 4.852053523064e-01 6.589778661728e-01 7.165029048920e-01 1.410767674446e+00 1.731171965599e+00 1.258906722069e+00 8.592262864113e-01 6.755760312080e-02 1.332245320082e-01 7.776477187872e-02 4.532246664166e-02 1.333602890372e-02 2.949321456254e-02 9.127672761679e-03 1.308631710708e-02 2.390486374497e-02 2.739367447793e-02 1.948146335781e-02 5.339571740478e-03 2.170808985829e-02 2.498468756676e-02 2.624704875052e-02 2.648493833840e-02 2.425361238420e-02 3.342684730887e-02 9.299988299608e-02 7.493859529495e-02 7.329744845629e-02 1.005581915379e-01 1.027653813362e-01 9.107282757759e-02 7.445630431175e-02 6.283017247915e-02 5.060804635286e-02 4.003462940454e-02 3.958824649453e-02 4.690005630255e-02 5.056694149971e-02 5.790574103594e-02
1.731958240271e-01 4.216026663780e-01 9.669900536537e-01 1.010005235672e+00 7.325590252876e-01 6.443851590157e-01 1.398803830147e+00 1.175938606262e+00 2.319719076157e+00 1.144775748253e+00 2.802740633488e-01 3.238396719098e-02 6.444473564625e-02 4.080086201429e-02 6.997922901064e-03 5.128712859005e-03 1.747263781726e-02 2.079739794135e-02 2.119190990925e-02 1.133032515645e-02 2.675125002861e-02 1.562168449163e-02 7.147118914872e-03 2.255930379033e-02 2.691698260605e-02 3.132555633783e-02 3.424323350191e-02 3.328619897366e-02 2.632988244295e-02 7.209404557943e-02 9.750999510288e-02 5.224251747131e-02 8.086426556110e-02 9.447956085205e-02 9.925238043070e-02 9.792717546225e-02 9.110999107361e-02 7.425061613321e-02 5.249568074942e-02 3.420330211520e-02 2.585185132921e-02 3.181609883904e-02 3.689394518733e-02
4.167437851429e-01 9.970480799675e-01 1.419931292534e+00 1.079207897186e+00 5.991175770760e-01 1.203503966331e+00 1.311095714569e+00 1.055220484734e+00 1.412307977676e+00 7.145765423775e-01 1.473256945610e-01 6.157670915127e-02 5.106973648071e-02 3.134788945317e-02 2.778268232942e-02 1.575621962547e-02 1.818028651178e-02 1.550490781665e-02 1.570297218859e-02 1.784780062735e-02 2.088464796543e-02 1.938647404313e-02 2.073024585843e-02 1.952654123306e-02 2.458573877811e-02 3.012445382774e-02 3.416864573956e-02 3.408464044333e-02 2.772657200694e-02 5.209693685174e-02 1.044916734099e-01 5.682238563895e-02 5.119930952787e-02 7.391629368067e-02 9.765756130219e-02 1.162233278155e-01 1.085981801152e-01 8.643110841513e-02 5.926549062133e-02 3.727015852928e-02 2.715247683227e-02 3.090277314186e-02 3.473424166441e-02
7.107404470444e-01 1.074679732323e+00 7.486495375633e-01 6.474103927612e-01 4.016869664192e-01 6.064122319221e-01 3.745983839035e-01 5.369744300842e-01 6.467912793159e-01 2.461975216866e-01 9.200090914965e-02 7.913837581873e-02 6.985508650541e-02 5.213987827301e-02 3.292812407017e-02 2.871676906943e-02 2.750363387167e-02 2.371858432889e-02 1.834921725094e-02 1.601521112025e-02 1.853761635721e-02 2.164707519114e-02 2.126512862742e-02 2.054922282696e-02 2.006292156875e-02 2.293635718524e-02 2.555179782212e-02 2.530825883150e-02 2.240331843495e-02 3.665987029672e-02 9.144605696201e-02 8.278981596231e-02 2.915474399924e-02 5.329396948218e-02 8.378592133522e-02 1.059173941612e-01 9.670455008745e-02 7.470693439245e-02 5.133076012135e-02 3.236115723848e-02 2.487733773887e-02 2.831541746855e-02 3.193087130785e-02
1.108977079391e+00 7.686445116997e-01 4.058430492878e-01 2.399258017540e-01 1.976967900991e-01 1.975062489510e-01 2.691761851311e-01 3.063842058182e-01 2.998727560043e-01 1.766698807478e-01 9.963796287775e-02 7.482438534498e-02 7.281182706356e-02 6.905114650726e-02 4.354768246412e-02 3.685637190938e-02 3.125267848372e-02 2.384361065924e-02 1.662732101977e-02 1.549414545298e-02 1.871437951922e-02 2.241777814925e-02 2.469599246979e-02 2.319462038577e-02 1.990951597691e-02 2.187177725136e-02 2.418803796172e-02 2.603475935757e-02 2.599124796689e-02 2.538284473121e-02 6.859126687050e-02 9.776698052883e-02 4.381950572133e-02 4.279347136617e-02 6.162310019135e-02 6.471576541662e-02 5.701461806893e-02 4.484523460269e-02 3.467717021704e-02 2.911627478898e-02 2.473858185112e-02 1.888042129576e-02 2.230853773654e-02
1.747805714607e+00 7.634730935097e-01 1.951950937510e-01 1.264784485102e-01 1.010556370020e-01 1.491504907608e-01 1.770877838135e-01 4.010076522827e-01 4.076113998890e-01 2.504025101662e-01 1.259424388409e-01 7.246626913548e-02 6.276280432940e-02 6.552909314632e-02 5.391544103622e-02 3.340765461326e-02 2.126247808337e-02 1.644330658019e-02 1.407179143280e-02 1.535547431558e-02 1.928898878396e-02 2.532918192446e-02 2.772157266736e-02 2.463598549366e-02 2.120623923838e-02 2.250161021948e-02 2.543237246573e-02 2.834745123982e-02 2.942321635783e-02 2.665151655674e-02 4.638630151749e-02 9.158628433943e-02 6.366815418005e-02 2.546502090991e-02 3.259966522455e-02 2.983785606921e-02 2.569815330207e-02 3.243160992861e-02 3.302081674337e-02 2.591960877180e-02 1.844922266901e-02 1.629436016083e-02 2.335099317133e-02
1.358296632767e+00 4.637555480003e-01 1.472713500261e-01 8.094177395105e-02 8.167281746864e-02 9.460528939962e-02 2.060667127371e-01 2.636789083481e-01 2.811820805073e-01 1.975511759520e-01 1.855203956366e-01 8.376417309046e-02 5.195921286941e-02 4.752293974161e-02 4.554414004087e-02 3.855995833874e-02 2.852159179747e-02 2.053763717413e-02 1.712254248559e-02 1.697270944715e-02 2.133094705641e-02 2.873133681715e-02 8.981787599623e-03 2.550691552460e-02 2.389628067613e-02 2.426576614380e-02 2.691366523504e-02 3.008996695280e-02 3.196081146598e-02 2.947318181396e-02 2.837808057666e-02 7.259283959866e-02 7.753294706345e-02 3.350270539522e-02 1.734023913741e-02 1.703525707126e-02 1.505278609693e-02 2.148767001927e-02 2.900131419301e-02 2.096601948142e-02 1.355584524572e-02 1.213070563972e-02 3.310942277312e-02
4.611758887768e-01 1.794775277376e-01 8.675484359264e-02 5.528880655766e-02 6.744534522295e-02 8.305548876524e-02 1.326467096806e-01 7.389532774687e-02 1.705315113068e-01 2.582072615623e-01 1.333053857088e-01 1.066939309239e-01 6.192855164409e-02 4.058378562331e-02 3.689015284181e-02 3.646507486701e-02 3.338653966784e-02 2.873146533966e-02 2.928214147687e-02 2.569831162691e-02 2.561809308827e-02 3.174910694361e-02 8.564971387386e-03 2.787178009748e-02 2.709971927106e-02 2.619769051671e-02 2.861437946558e-02 3.165644034743e-02 3.361086919904e-02 3.158074244857e-02 2.608772739768e-02 5.098378658295e-02 7.783457636833e-02 4.543063044548e-02 2.087769284844e-02 1.635007932782e-02 1.810230687261e-02 2.057810314000e-02 2.347450703382e-02 1.898310892284e-02 1.061846129596e-02 3.133288770914e-02 3.174135833979e-02
1.326231807470e-01 1.054723113775e-01 5.285704135895e-02 4.874878749251e-02 4.989037290215e-02 4.710238799453e-02 6.002548709512e-02 4.021112248302e-02 6.212279945612e-02 2.124317288399e-01 2.370327264071e-01 2.452705502510e-01 1.576183587313e-01 5.775239691138e-02 3.730804845691e-02 3.477645665407e-02 4.139796644449e-02 4.857188835740e-02 4.569326713681e-02 3.741775453091e-02 3.396429494023e-02 3.627597540617e-02 3.057655133307e-02 3.080382570624e-02 2.965079434216e-02 2.805999666452e-02 2.945232391357e-02 3.232127055526e-02 3.419601544738e-02 3.340993076563e-02 2.832059003413e-02 3.351192548871e-02 6.861296296120e-02 5.645116791129e-02 2.752783335745e-02 9.616662748158e-03 2.002779766917e-02 2.247549965978e-02 2.781726606190e-02 3.024555929005e-02 1.223070546985e-02 2.887834608555e-02 3.050868399441e-02
9.737602621317e-02 5.831797048450e-02 4.373554885387e-02 4.175076633692e-02 3.404005244374e-02 3.405040875077e-02 3.076144494116e-02 3.216758370399e-02 3.426276892424e-02 6.924110651016e-02 2.490935921669e-01 6.079518795013e-01 4.193508923054e-01 1.354588717222e-01 5.067519471049e-02 3.787906467915e-02 4.388035833836e-02 5.855906009674e-02 5.119728296995e-02 5.989409983158e-02 5.775688588619e-02 4.768655821681e-02 3.336644917727e-02 3.060802817345e-02 3.034771792591e-02 2.939260564744e-02 3.003593534231e-02 3.233756870031e-02 3.393752127886e-02 3.463817387819e-02 3.067064471543e-02 3.126591071486e-02 5.580168589950e-02 6.238159909844e-02 3.242283686996e-02 2.276013605297e-02 2.384882234037e-02 2.502606995404e-02 2.047756686807e-02 2.558998204768e-02 2.554357238114e-02 2.397779934108e-02 2.451166510582e-02
6.695310026407e-02 4.585618153214e-02 3.786878660321e-02 3.270383551717e-02 2.881232090294e-02 2.209579199553e-02 2.651831507683e-02 2.828490920365e-02 2.872119098902e-02 1.960816234350e-02 1.888467073441e-01 5.067131519318e-01 6.617490649223e-01 4.280365109444e-01 7.442092895508e-02 1.151051651686e-02 1.958702318370e-02 5.853280797601e-02 7.702002674341e-02 7.237869501114e-02 5.928473547101e-02 4.581019654870e-02 3.341368213296e-02 3.146928548813e-02 3.043915703893e-02 2.974630892277e-02 2.949657477438e-02 3.137035667896e-02 3.360631689429e-02 3.444955497980e-02 3.444985300303e-02 3.877869620919e-02 4.264685511589e-02 6.052335724235e-02 4.077138751745e-02 3.140782192349e-02 1.964469626546e-02 2.413204126060e-02 1.900215633214e-02 1.554409600794e-02 2.038264460862e-02 1.885721459985e-02 2.080049552023e-02
5.755637213588e-02 4.149299860001e-02 3.260114789009e-02 2.672981098294e-02 2.811572141945e-02 2.135423570871e-02 2.566771954298e-02 2.826616540551e-02 2.852139063179e-02 2.796437032521e-02 7.272218167782e-02 3.754821717739e-01 1.367449522018e+00 1.057527065277e+00 1.814982444048e-01 6.905140820891e-03 3.466481342912e-02 8.112613111734e-02 7.221905142069e-02 5.752473324537e-02 4.674403369427e-02 4.090944305062e-02 3.686844557524e-02 3.575129061937e-02 3.332632035017e-02 3.022486530244e-02 2.793219871819e-02 2.996878698468e-02 3.387736901641e-02 4.354719445109e-02 5.143675208092e-02 5.713617429137e-02 5.729522556067e-02 5.422991141677e-02 4.877476766706e-02 3.799445182085e-02 1.962558366358e-02 5.722340196371e-03 6.349871400744e-03 1.163469441235e-02 1.604959927499e-02 1.998772658408e-02 2.468677051365e-02
5.480721220374e-02 2.315268665552e-02 3.805788978934e-02 2.823710255325e-02 3.163764625788e-02 2.930228970945e-02 2.587250061333e-02 2.746919170022e-02 2.484387531877e-02 2.388542518020e-02 4.169451445341e-02 1.918618977070e-01 6.673428416252e-01 5.906850099564e-01 1.997710019350e-01 1.344321388751e-02 9.427467733622e-02 7.318754494190e-02 5.638017132878e-02 4.499400034547e-02 3.870834782720e-02 3.505090624094e-02 3.732883557677e-02 3.554219007492e-02 3.069230541587e-02 2.680193074048e-02 2.596818283200e-02 2.764231897891e-02 3.921544924378e-02 5.279820412397e-02 6.089648976922e-02 6.696721166372e-02 6.656607985497e-02 6.209674105048e-02 5.282699316740e-02 3.741762414575e-02 2.337802387774e-02 1.782767847180e-02 9.830104187131e-03 1.644237153232e-02 2.048713341355e-02 2.048518322408e-02 2.637694962323e-02
1.155688893050e-02 7.085063029081e-03 2.072517573833e-02 3.035443276167e-02 3.061704151332e-02 2.921692840755e-02 2.463057823479e-02 2.070876397192e-02 1.787029765546e-02 2.016513608396e-02 3.565959632397e-02 8.509296923876e-02 2.367209047079e-01 2.832677364349e-01 2.064287066460e-01 1.267734318972e-01 8.020692318678e-02 5.697767809033e-02 4.444741830230e-02 3.718288987875e-02 1.306739915162e-02 1.539042312652e-02 3.097444027662e-02 2.723532542586e-02 2.400168403983e-02 2.416196465492e-02 2.356562390924e-02 2.604876644909e-02 3.494833782315e-02 3.947268426418e-02 4.308260604739e-02 4.705654457211e-02 4.713100939989e-02 4.414176568389e-02 5.262683704495e-02 2.903693355620e-02 2.176194638014e-02 2.431807294488e-02 8.785132318735e-03 9.028231725097e-03 2.722428739071e-02 2.494269423187e-02 2.583501301706e-02
1.884997449815e-02 1.210878230631e-02 1.346707344055e-02 2.249791659415e-02 2.869236469269e-02 2.830475009978e-02 2.359409071505e-02 1.887483336031e-02 1.414145715535e-02 1.742770336568e-02 3.212904930115e-02 5.601341277361e-02 1.646601557732e-01 2.125539183617e-01 1.660822927952e-01 9.854491800070e-02 6.102963536978e-02 4.375692829490e-02 4.037276655436e-02 3.398378938437e-02 2.712566219270e-02 2.271221950650e-02 1.989555545151e-02 2.055287733674e-02 2.037400379777e-02 1.973368786275e-02 1.937163993716e-02 2.077062614262e-02 2.650593593717e-02 3.039106354117e-02 2.371817082167e-02 2.157287113369e-02 2.142758294940e-02 3.140267357230e-02 5.165550857782e-02 3.691896796227e-02 2.575810439885e-02 3.002433665097e-02 1.828353479505e-02 1.706566847861e-02 1.589271239936e-02 2.928509190679e-02 2.542462758720e-02
