100/SI/f183.grd
DSAA
101	101
32.816463539100	34.260883539100
35.556306596100	36.727886596100
1.472541829571e-03	4.247465896606e+01
[rows 19 to 37 of 101, columns 0 to 42 of 101]
1.202101167291e-02 2.448613941669e-02 3.138781338930e-02 3.312943130732e-02 3.674533963203e-02 3.187555819750e-02 3.476006165147e-02 3.943717107177e-02 3.606563806534e-02 4.362113028765e-02 6.252641230822e-02 7.466802000999e-02 5.865916982293e-02 5.788450688124e-02 5.823259055614e-02 5.653091147542e-02 5.388552322984e-02 4.988539963961e-02 4.380284622312e-02 3.831974044442e-02 3.480599075556e-02 5.445485189557e-02 6.273683160543e-02 5.344297364354e-02 4.723873734474e-02 6.595832109451e-02 6.356276571751e-02 5.630707740784e-02 5.450463667512e-02 5.802315473557e-02 6.865231692791e-02 8.804572373629e-02 1.159061640501e-01 1.160768941045e-01 6.571071594954e-02 7.970225811005e-02 6.375479698181e-02 5.211340263486e-02 3.937245905399e-02 4.691562429070e-02 6.777556985617e-02 1.541158556938e-01 7.459225505590e-02
1.285512465984e-02 1.987511478364e-02 2.682824991643e-02 2.941297553480e-02 3.194665163755e-02 3.783082216978e-02 3.491894528270e-02 3.871852159500e-02 4.065403342247e-02 3.789240866899e-02 5.426565930247e-02 6.798305362463e-02 5.874662473798e-02 5.188550800085e-02 5.586564540863e-02 5.757550522685e-02 5.752973631024e-02 5.513067170978e-02 5.551769584417e-02 4.449186474085e-02 4.001231491566e-02 7.617573440075e-02 8.202827721834e-02 7.003925740719e-02 6.707931309938e-02 5.809961631894e-02 5.155770108104e-02 4.404846206307e-02 4.308464378119e-02 4.513565823436e-02 4.975687339902e-02 5.916926637292e-02 7.514716684818e-02 8.267711848021e-02 6.962580233812e-02 6.575679033995e-02 7.141875475645e-02 6.583870947361e-02 5.337659269571e-02 5.472958460450e-02 8.391287922859e-02 1.308386772871e-01 1.090955585241e-01
2.045626938343e-02 3.292906284332e-02 2.802485600114e-02 2.349575422704e-02 2.222508192062e-02 2.905309014022e-02 3.583073616028e-02 3.557741269469e-02 4.180895164609e-02 4.141621664166e-02 4.784695431590e-02 6.167080625892e-02 5.794669315219e-02 4.177233949304e-02 4.739007353783e-02 5.157742649317e-02 5.440161749721e-02 5.538475513458e-02 8.060482889414e-02 5.210617929697e-02 5.216559767723e-02 9.242385625839e-02 9.759925305843e-02 9.056062251329e-02 7.948817312717e-02 7.006706297398e-02 5.176527425647e-02 4.180530086160e-02 4.254934191704e-02 3.949445113540e-02 4.138662666082e-02 4.716268926859e-02 5.696987733245e-02 6.002321466804e-02 5.895320698619e-02 5.938849598169e-02 7.166749984026e-02 7.450455427170e-02 6.777250766754e-02 6.207126006484e-02 9.780040383339e-02 9.426848590374e-02 1.436354666948e-01
2.597827464342e-02 4.672032967210e-02 4.748668521643e-02 3.308937698603e-02 1.946778036654e-02 2.055370807648e-02 2.561036124825e-02 3.288361430168e-02 3.777668252587e-02 4.406407475471e-02 5.577349290252e-02 6.999042630196e-02 7.845149934292e-02 6.772696971893e-02 4.275332018733e-02 4.112917184830e-02 4.568596929312e-02 5.226394161582e-02 8.789936453104e-02 5.890596285462e-02 5.748865753412e-02 1.001983731985e-01 1.059428527951e-01 1.016163825989e-01 7.908165454865e-02 7.995112240314e-02 6.865146011114e-02 6.314715743065e-02 6.459514051676e-02 5.896819755435e-02 5.174185335636e-02 4.733637720346e-02 5.458874627948e-02 5.368737131357e-02 5.544050037861e-02 5.693874508142e-02 6.498531997204e-02 7.451254129410e-02 7.525622099638e-02 7.091144472361e-02 1.089719161391e-01 9.453016519547e-02 1.662667691708e-01
2.606149017811e-02 5.325243994594e-02 6.541085243225e-02 5.631336569786e-02 3.550355136395e-02 2.761127054691e-02 3.018737211823e-02 3.195047378540e-02 3.547158837318e-02 4.141639545560e-02 4.960348829627e-02 5.650188028812e-02 5.777187645435e-02 4.929121583700e-02 3.937843069434e-02 4.125725477934e-02 5.002369359136e-02 7.233946770430e-02 9.560987353325e-02 5.868659541011e-02 5.425184220076e-02 1.009200140834e-01 1.054627522826e-01 9.728362411261e-02 7.819262892008e-02 7.969197630882e-02 7.784748077393e-02 8.525996655226e-02 8.685312420130e-02 7.984159886837e-02 7.279212027788e-02 1.150057911873e-01 1.069447919726e-01 7.245676219463e-02 5.839231610298e-02 6.234657019377e-02 7.258295267820e-02 6.730069220066e-02 7.404402643442e-02 7.626190781593e-02 1.152833104134e-01 9.579773247242e-02 1.697344034910e-01
2.031819336116e-02 4.759328439832e-02 7.106596231461e-02 7.641316950321e-02 6.016448140144e-02 3.642285615206e-02 2.703997306526e-02 2.672358602285e-02 2.769736759365e-02 3.394068032503e-02 4.560248553753e-02 4.791192710400e-02 4.694152995944e-02 5.076779425144e-02 5.124867334962e-02 5.538552254438e-02 5.527006834745e-02 8.280880004168e-02 9.402687847614e-02 5.350279062986e-02 6.178956106305e-02 1.105410382152e-01 9.982537478209e-02 8.268481492996e-02 7.820712029934e-02 7.601135969162e-02 9.012054651976e-02 1.017379611731e-01 1.025652736425e-01 9.424917399883e-02 8.809481561184e-02 1.488526612520e-01 2.207734584808e-01 2.086280584335e-01 1.872230172157e-01 1.768673211336e-01 1.817366182804e-01 8.188623189926e-02 6.636597216129e-02 7.407314330339e-02 1.181243285537e-01 9.252498298883e-02 1.505232602358e-01
1.995265856385e-02 3.727827221155e-02 5.900963768363e-02 7.941889017820e-02 7.904786616564e-02 5.924673005939e-02 3.602983430028e-02 2.306968905032e-02 3.252593427896e-02 4.218082129955e-02 5.052552372217e-02 5.631112307310e-02 5.791656300426e-02 5.944972857833e-02 5.683957412839e-02 5.793054029346e-02 6.488449871540e-02 8.055587112904e-02 7.880263775587e-02 5.564720928669e-02 4.782167822123e-02 9.942527115345e-02 1.252596974373e-01 1.256253570318e-01 1.035312712193e-01 8.579773455858e-02 9.794666618109e-02 1.069291681051e-01 1.097139418125e-01 9.738076478243e-02 9.138590097427e-02 9.615812450647e-02 1.796768456697e-01 1.948661208153e-01 2.128107249737e-01 2.550504207611e-01 3.153366744518e-01 1.909416615963e-01 6.149055063725e-02 9.350843727589e-02 1.162773072720e-01 8.750659972429e-02 1.132242158055e-01
1.854089088738e-02 4.016224667430e-02 4.664094001055e-02 6.306131929159e-02 7.860665768385e-02 7.388485223055e-02 5.545414984226e-02 3.966153785586e-02 5.423911660910e-02 6.322977691889e-02 6.468507647514e-02 6.088715791702e-02 5.363579094410e-02 6.050775945187e-02 6.869341433048e-02 7.163472473621e-02 7.040976732969e-02 6.369473040104e-02 5.374832078815e-02 5.277032777667e-02 5.887330695987e-02 5.874305218458e-02 9.742735326290e-02 1.781004816294e-01 2.143145352602e-01 1.851098984480e-01 1.306432187557e-01 1.392804831266e-01 1.394671648741e-01 1.226854026318e-01 1.132732108235e-01 9.919534623623e-02 1.463383436203e-01 2.632744610310e-01 3.833255469799e-01 3.117385506630e-01 2.139562964439e-01 1.607360541821e-01 8.846909552813e-02 9.342399984598e-02 1.113168448210e-01 8.083999902010e-02 9.549336880445e-02
1.668958924711e-02 3.007781505585e-02 3.066080622375e-02 4.083285480738e-02 6.369979679585e-02 6.917453557253e-02 7.378083467484e-02 5.949486792088e-02 6.962054967880e-02 6.878483295441e-02 6.099927425385e-02 5.157747492194e-02 4.973916709423e-02 5.855311825871e-02 7.538489252329e-02 8.616355061531e-02 8.519755303860e-02 7.555197179317e-02 5.753387883306e-02 5.278951674700e-02 9.100948274136e-02 8.487398922443e-02 6.287357211113e-02 1.027862057090e-01 1.692773401737e-01 2.182821631432e-01 2.088003605604e-01 1.610592752695e-01 1.477553248405e-01 1.503215134144e-01 1.622615754604e-01 2.009909152985e-01 2.685878276825e-01 4.083711504936e-01 4.789337813854e-01 3.205224275589e-01 1.484037786722e-01 1.071759536862e-01 1.126364618540e-01 8.413464576006e-02 1.369363516569e-01 1.099636480212e-01 1.791060268879e-01
1.219775807112e-02 2.392504736781e-02 2.558967284858e-02 2.848958037794e-02 5.738309398293e-02 8.361901342869e-02 8.720335364342e-02 6.911417096853e-02 6.867725402117e-02 5.650572478771e-02 4.871292412281e-02 4.940902069211e-02 4.619209095836e-02 5.426403880119e-02 5.622819438577e-02 6.764224916697e-02 7.171471416950e-02 7.165385037661e-02 7.585276663303e-02 6.481675058603e-02 9.578054398298e-02 1.067069098353e-01 9.466456621885e-02 1.161402687430e-01 1.597168743610e-01 1.693566143513e-01 1.799563467503e-01 1.912851333618e-01 1.478832662106e-01 1.547004729509e-01 1.817271709442e-01 2.323876917362e-01 2.909754514694e-01 3.781016170979e-01 3.624356091022e-01 2.092124223709e-01 1.824252456427e-01 1.536581069231e-01 1.428974568844e-01 1.255170404911e-01 1.440669447184e-01 1.801999062300e-01 2.565747499466e-01
1.181725412607e-02 1.994816772640e-02 2.108405157924e-02 2.379794977605e-02 3.806222975254e-02 7.278159260750e-02 1.017613708973e-01 1.021887585521e-01 7.093731313944e-02 6.734454631805e-02 5.456959456205e-02 5.720894038677e-02 5.928488448262e-02 5.299454554915e-02 5.814070999622e-02 5.747521296144e-02 5.100855603814e-02 5.559397116303e-02 8.103736490011e-02 7.131313532591e-02 7.768239825964e-02 9.838470071554e-02 1.060994192958e-01 1.148131713271e-01 1.725627928972e-01 2.113289386034e-01 2.331145405769e-01 2.221999466419e-01 1.823066771030e-01 1.453770548105e-01 1.456587761641e-01 1.799286007881e-01 2.092152237892e-01 2.495822906494e-01 2.229312509298e-01 1.349155455828e-01 1.841112375259e-01 1.990040242672e-01 1.906211525202e-01 1.791826188564e-01 1.458212286234e-01 2.152954787016e-01 2.873504161835e-01
1.447130646557e-02 2.736551500857e-02 2.783469483256e-02 2.595692873001e-02 3.293101489544e-02 4.668507725000e-02 8.500932902098e-02 1.131818741560e-01 1.072611808777e-01 7.151811569929e-02 6.595309823751e-02 6.129659712315e-02 6.271296739578e-02 6.089236214757e-02 5.485327169299e-02 6.181835755706e-02 5.907444283366e-02 5.203382298350e-02 6.919407844543e-02 8.749018609524e-02 5.667410790920e-02 7.449474930763e-02 1.051176190376e-01 1.060643121600e-01 1.334623396397e-01 1.914119571447e-01 2.564316093922e-01 3.039575815201e-01 3.000759184361e-01 2.254317551851e-01 1.770863085985e-01 1.334741264582e-01 1.405812501907e-01 1.662282794714e-01 1.542229056358e-01 1.155700013041e-01 1.527344435453e-01 2.087949067354e-01 2.116175293922e-01 2.095142900944e-01 1.788243204355e-01 2.145931571722e-01 2.753238081932e-01
2.664486132562e-02 4.384341090918e-02 3.278378769755e-02 3.453136980534e-02 3.628607839346e-02 3.564803302288e-02 4.983725026250e-02 8.561109006405e-02 1.081600040197e-01 1.021201759577e-01 7.350660115480e-02 6.598322838545e-02 6.399393826723e-02 6.286150217056e-02 5.778065323830e-02 6.219200417399e-02 6.382726132870e-02 5.969542264938e-02 7.022719830275e-02 8.608309179544e-02 8.486334234476e-02 6.603509187698e-02 1.166714951396e-01 8.855863660574e-02 1.278503239155e-01 1.884504258633e-01 2.211542725563e-01 3.003920614719e-01 3.810598254204e-01 3.862376213074e-01 2.737048566341e-01 1.403438895941e-01 1.101329624653e-01 1.349558085203e-01 1.260780543089e-01 1.082204356790e-01 1.518906354904e-01 2.171800583601e-01 2.289955615997e-01 2.155545502901e-01 2.195581793785e-01 2.004821300507e-01 2.395981103182e-01
3.260178118944e-02 6.388100981712e-02 6.274614483118e-02 5.097961053252e-02 3.616187348962e-02 3.509013354778e-02 3.682138770819e-02 4.439223185182e-02 7.295137643814e-02 9.449516981840e-02 9.724943339825e-02 7.942008227110e-02 6.461439281702e-02 6.767588853836e-02 6.862454116344e-02 6.412588059902e-02 6.692413985729e-02 6.611044704914e-02 5.997820198536e-02 1.070225015283e-01 9.840243309736e-02 1.051349341869e-01 1.601234078407e-01 1.024224907160e-01 1.307446807623e-01 1.865955293179e-01 2.534220218658e-01 2.967007458210e-01 3.486626446247e-01 4.633891582489e-01 4.588726460934e-01 3.070546090603e-01 1.443060189486e-01 1.608785688877e-01 1.079818978906e-01 9.008183330297e-02 1.001157984138e-01 3.211041390896e-01 3.131881654263e-01 2.412913888693e-01 4.464351534843e-01 2.262215465307e-01 2.411499470472e-01
4.135378077626e-02 6.330133974552e-02 6.525511294603e-02 7.253538817167e-02 7.043943554163e-02 5.942948907614e-02 4.463712498546e-02 4.931705445051e-02 6.722544133663e-02 8.781924843788e-02 9.605683386326e-02 9.264650940895e-02 1.043380796909e-01 1.075069382787e-01 6.950680166483e-02 6.929863244295e-02 7.233067601919e-02 7.340263575315e-02 7.376358658075e-02 1.024867668748e-01 1.090682819486e-01 9.964833408594e-02 1.872282922268e-01 1.505234390497e-01 1.124611571431e-01 1.600326150656e-01 2.478292435408e-01 3.463652431965e-01 3.287206888199e-01 4.104268848896e-01 5.467648506165e-01 4.959928989410e-01 3.231371045113e-01 1.725504994392e-01 1.101928576827e-01 8.996869623661e-02 9.824489057064e-02 1.167281121016e-01 5.504043102264e-01 2.364979684353e-01 6.468946933746e-01 5.241479277611e-01 2.706937789917e-01
9.522253274918e-02 1.578505188227e-01 1.366019695997e-01 1.027410775423e-01 7.295774668455e-02 7.971444725990e-02 8.139000087976e-02 7.049657404423e-02 6.909388303757e-02 8.723608404398e-02 1.120357140899e-01 1.259854733944e-01 1.246574297547e-01 1.770746558905e-01 1.509448289871e-01 7.505781203508e-02 6.597267091274e-02 1.271962821484e-01 1.348128765821e-01 1.077711135149e-01 7.666811347008e-02 1.070434078574e-01 2.044139653444e-01 1.725955456495e-01 1.221684217453e-01 1.210463196039e-01 1.777352094650e-01 2.811798751354e-01 3.592776656151e-01 2.820072174072e-01 4.716281890869e-01 5.875409245491e-01 5.068905353546e-01 3.086384832859e-01 1.455620229244e-01 1.363865435123e-01 9.984096139669e-02 1.154166162014e-01 3.038761317730e-01 5.623008012772e-01 6.874819397926e-01 8.121941685677e-01 3.144061565399e-01
1.517207771540e-01 2.672893404961e-01 2.608110010624e-01 2.240888327360e-01 1.828353554010e-01 1.422204673290e-01 1.056376323104e-01 8.628585189581e-02 9.182419627905e-02 8.233230561018e-02 9.753090888262e-02 1.202795356512e-01 1.407843679190e-01 1.833345592022e-01 2.374241650105e-01 1.804646253586e-01 9.306249022484e-02 1.554286479950e-01 1.844824552536e-01 1.929079592228e-01 1.908956766129e-01 1.789432466030e-01 2.142295241356e-01 1.716157197952e-01 1.114374101162e-01 8.373302966356e-02 1.190213263035e-01 2.122627943754e-01 3.029409050941e-01 2.280437350273e-01 3.141339421272e-01 5.079408884048e-01 5.987985134125e-01 4.874329268932e-01 2.886388301849e-01 1.269270628691e-01 1.622375249863e-01 1.515659242868e-01 2.516755759716e-01 5.447772145271e-01 5.496292710304e-01 9.776908159256e-01 3.457386195660e-01
1.714655309916e-01 3.188265562057e-01 3.441942036152e-01 3.355932831764e-01 3.114730715752e-01 2.785018682480e-01 2.375994473696e-01 1.915482580662e-01 1.466914117336e-01 1.063901260495e-01 1.041835397482e-01 9.839154034853e-02 1.182076632977e-01 1.434817165136e-01 2.393002808094e-01 2.922423481941e-01 1.977019459009e-01 1.067391112447e-01 9.486749023199e-02 1.668691784143e-01 1.561263054609e-01 1.632179915905e-01 2.146207392216e-01 3.164842128754e-01 1.799428015947e-01 1.379398405552e-01 1.022905260324e-01 1.383383572102e-01 1.941449195147e-01 1.681006103754e-01 2.455042004585e-01 3.379061520100e-01 5.076039433479e-01 5.687497854233e-01 4.495173394680e-01 2.635937035084e-01 1.547837555408e-01 1.715185046196e-01 3.360909223557e-01 5.297664403915e-01 7.021111845970e-01 8.106673955917e-01 4.773180186749e-01
1.463044285774e-01 2.860654890537e-01 3.407460153103e-01 3.637891411781e-01 3.688944578171e-01 3.642740249634e-01 3.535636365414e-01 3.253880143166e-01 2.855031788349e-01 2.395342439413e-01 1.894590854645e-01 1.410740166903e-01 1.178853437304e-01 1.189149394631e-01 1.359989047050e-01 2.673485875130e-01 2.998803853989e-01 1.782534569502e-01 1.630559414625e-01 1.959737986326e-01 1.887827664614e-01 1.994040310383e-01 1.755257695913e-01 3.603871464729e-01 3.166308999062e-01 1.497038453817e-01 1.613746732473e-01 1.675464808941e-01 1.676207482815e-01 2.071134895086e-01 1.921429038048e-01 2.570542693138e-01 3.290082514286e-01 4.690691828728e-01 5.174313783646e-01 4.195014536381e-01 2.581698000431e-01 2.373008430004e-01 3.954815864563e-01 5.287157297134e-01 6.529107093811e-01 7.332209944725e-01 6.054655909538e-01
