100/SI/f184_max.grd
DSAA
101	101
32.816463539100	34.260883539100
35.556306596100	36.727886596100
1.487104327680e-05	2.438112974167e+00
[rows 19 to 37 of 101, columns 43 to 85 of 101]
2.403017692268e-02 2.959762886167e-02 3.848577663302e-02 3.922635316849e-02 2.545831725001e-02 3.911824151874e-02 1.985460147262e-02 2.071371488273e-02 2.242531068623e-02 2.274455688894e-02 2.075791358948e-02 3.054478578269e-02 3.677070885897e-02 3.656461462379e-02 2.425452321768e-02 2.964175119996e-02 3.906196728349e-02 3.654297441244e-02 2.013752795756e-02 3.250726312399e-02 1.498041953892e-02 2.105613425374e-02 2.826273441315e-02 1.393049303442e-02 1.383186876774e-02 1.623725704849e-02 1.340519450605e-02 1.694260910153e-02 1.572232693434e-02 1.245467644185e-02 1.344414427876e-02 1.846295595169e-02 2.084740996361e-02 1.614637114108e-02 1.440709643066e-02 1.169602666050e-02 8.034959435463e-03 8.864395320415e-03 9.791485965252e-03 8.153654634953e-03 7.601007353514e-03 6.659195758402e-03 7.242555730045e-03
2.154632285237e-02 2.900099195540e-02 4.113481566310e-02 4.744225740433e-02 3.434691578150e-02 3.458810225129e-02 2.042818069458e-02 2.194455824792e-02 1.943072862923e-02 2.432878874242e-02 2.545643784106e-02 2.856378443539e-02 3.935120999813e-02 3.889287635684e-02 2.975898422301e-02 3.223138302565e-02 3.815181925893e-02 4.129228368402e-02 2.376455254853e-02 3.143257275224e-02 1.711812615395e-02 3.186214342713e-02 3.967154398561e-02 1.842226460576e-02 1.613210514188e-02 1.662016101182e-02 1.653888449073e-02 1.752235740423e-02 1.365554425865e-02 1.325532421470e-02 1.864378713071e-02 2.435496449471e-02 2.175374329090e-02 1.731861941516e-02 1.420539990067e-02 1.171075552702e-02 8.420194499195e-03 1.036222185940e-02 8.015065453947e-03 6.838661618531e-03 7.293049711734e-03 6.349188741297e-03 6.617229897529e-03
2.326817810535e-02 3.322642296553e-02 3.798259794712e-02 4.965936020017e-02 4.231930524111e-02 2.960028499365e-02 2.032839134336e-02 2.324871160090e-02 1.856513507664e-02 2.275152318180e-02 2.399830147624e-02 2.719355933368e-02 3.737020492554e-02 4.226227849722e-02 3.589570894837e-02 3.444563224912e-02 3.655465319753e-02 4.512781277299e-02 2.709495089948e-02 2.912472002208e-02 1.923688314855e-02 3.945476934314e-02 4.342434555292e-02 2.072400599718e-02 1.575440540910e-02 1.946255937219e-02 1.866955682635e-02 1.515409350395e-02 1.288580242544e-02 1.854406297207e-02 2.599969506264e-02 2.521109394729e-02 1.703056320548e-02 1.975764892995e-02 1.407920941710e-02 1.078105531633e-02 1.003588363528e-02 1.065365783870e-02 8.864805102348e-03 6.923935376108e-03 6.779987830669e-03 4.986948333681e-03 4.926746711135e-03
2.223464287817e-02 3.129465132952e-02 3.220394253731e-02 4.740063101053e-02 4.683144018054e-02 3.096839599311e-02 2.717420458794e-02 2.462543547153e-02 1.828612945974e-02 1.991671323776e-02 2.310187555850e-02 2.756732329726e-02 3.097678907216e-02 4.458091408014e-02 3.998294845223e-02 3.355404362082e-02 3.381305187941e-02 4.839888587594e-02 2.984355017543e-02 2.609746530652e-02 2.134426496923e-02 3.917770460248e-02 3.784493356943e-02 1.803471893072e-02 1.716715842485e-02 2.034091018140e-02 1.694185845554e-02 1.379590295255e-02 1.951685920358e-02 2.750767767429e-02 2.704644948244e-02 1.878891140223e-02 1.436234265566e-02 2.052945643663e-02 1.012264378369e-02 9.969079867005e-03 1.238706242293e-02 9.456916712224e-03 1.016717404127e-02 6.474797148257e-03 7.228320930153e-03 6.033624056727e-03 5.445042159408e-03
1.807815954089e-02 2.162645012140e-02 3.350381925702e-02 4.197309538722e-02 4.718435928226e-02 3.139639273286e-02 3.377236425877e-02 2.835476957262e-02 1.991721428931e-02 1.697089523077e-02 2.406882680953e-02 2.690995857120e-02 3.198248520494e-02 4.786387458444e-02 4.047822952271e-02 3.133125603199e-02 3.044445998967e-02 5.040072649717e-02 3.183655813336e-02 3.152044117451e-02 2.484319359064e-02 3.220825269818e-02 2.822726033628e-02 1.678719930351e-02 2.116927690804e-02 1.967528834939e-02 1.445477548987e-02 2.081850357354e-02 2.981713041663e-02 2.897815592587e-02 1.967127248645e-02 1.166274957359e-02 1.539332885295e-02 1.925906911492e-02 1.034982874990e-02 1.070578396320e-02 1.305233687162e-02 9.897403419018e-03 1.115419715643e-02 6.760101299733e-03 6.867196410894e-03 5.680816248059e-03 5.777098238468e-03
2.338921837509e-02 2.329242043197e-02 3.780133649707e-02 3.548160195351e-02 4.483864456415e-02 3.504338115454e-02 3.235166147351e-02 3.585464879870e-02 3.118078596890e-02 2.383812703192e-02 2.599480561912e-02 2.541315183043e-02 3.486571833491e-02 5.118198320270e-02 3.631960973144e-02 3.005524352193e-02 2.596181072295e-02 5.154158174992e-02 4.022306203842e-02 3.481468558311e-02 2.938303910196e-02 3.123473189771e-02 1.890385709703e-02 2.041422389448e-02 2.173416502774e-02 1.476998906583e-02 2.260475419462e-02 3.215969353914e-02 3.061468899250e-02 2.051397226751e-02 1.098708063364e-02 8.670421317220e-03 2.059664390981e-02 1.610136590898e-02 9.878845885396e-03 1.388446241617e-02 1.204301789403e-02 9.973656386137e-03 1.184855774045e-02 8.368156850338e-03 5.918749608099e-03 5.637867376208e-03 4.991441033781e-03
3.674946725368e-02 2.275410480797e-02 2.273635752499e-02 3.915860503912e-02 4.130711033940e-02 3.699623420835e-02 2.848144806921e-02 3.280169144273e-02 3.730484098196e-02 3.663812205195e-02 3.120873682201e-02 3.860614448786e-02 3.789035603404e-02 5.318792536855e-02 3.139901533723e-02 2.747485414147e-02 3.620715439320e-02 5.191132053733e-02 4.552173241973e-02 3.338325768709e-02 3.167342767119e-02 3.368818759918e-02 2.122088707983e-02 2.224745973945e-02 1.821926236153e-02 2.365849912167e-02 3.502513468266e-02 3.281642496586e-02 2.134569734335e-02 1.400562655181e-02 1.966380141675e-02 1.208459865302e-02 2.404136955738e-02 1.409856323153e-02 1.153996679932e-02 1.485063042492e-02 1.447885017842e-02 1.017238944769e-02 1.223042793572e-02 9.237033315003e-03 5.572462454438e-03 5.330405663699e-03 6.177794653922e-03
4.914568364620e-02 2.339857444167e-02 2.291944809258e-02 3.605108335614e-02 3.720580413938e-02 3.786432370543e-02 3.077108412981e-02 3.139467164874e-02 3.101763688028e-02 4.014167189598e-02 4.376342520118e-02 3.909710422158e-02 4.091867059469e-02 5.388853698969e-02 2.723667398095e-02 4.238920658827e-02 5.078023672104e-02 5.198055133224e-02 4.424164071679e-02 2.645514160395e-02 3.009035065770e-02 3.086900152266e-02 2.134918980300e-02 1.837978139520e-02 2.384788170457e-02 3.725563734770e-02 3.593981266022e-02 2.250470966101e-02 1.990210637450e-02 2.739607356489e-02 2.486978843808e-02 2.257713302970e-02 2.343544736505e-02 1.576904021204e-02 1.485990919173e-02 1.230664458126e-02 1.578322425485e-02 1.076553948224e-02 1.227340567857e-02 9.181176312268e-03 5.928179249167e-03 6.765144877136e-03 8.718459866941e-03
5.365569144487e-02 2.403382398188e-02 2.772392705083e-02 2.388864569366e-02 4.081477224827e-02 3.825733810663e-02 3.265512734652e-02 3.334781900048e-02 3.162149339914e-02 3.997300937772e-02 4.218415915966e-02 3.675077110529e-02 4.363787174225e-02 5.192953348160e-02 4.618237912655e-02 5.613401532173e-02 5.421529710293e-02 5.050865933299e-02 3.007440455258e-02 2.685130201280e-02 3.098459355533e-02 3.123279847205e-02 2.228334732354e-02 2.282797917724e-02 3.884194791317e-02 3.966008499265e-02 2.485789731145e-02 2.029171213508e-02 2.979490160942e-02 2.472552657127e-02 2.007010392845e-02 2.203922346234e-02 1.818522624671e-02 1.727315410972e-02 1.472282130271e-02 1.025980710983e-02 1.545640360564e-02 1.163626369089e-02 1.203300245106e-02 8.313452824950e-03 7.203257177025e-03 9.675818495452e-03 1.093628164381e-02
4.709821566939e-02 3.508120030165e-02 3.210584446788e-02 2.258395217359e-02 2.966743521392e-02 3.872411325574e-02 4.083579406142e-02 3.544420376420e-02 4.163300246000e-02 6.111628189683e-02 3.449569270015e-02 3.236438706517e-02 4.544077441096e-02 4.780292138457e-02 5.987670645118e-02 5.793244391680e-02 5.013924464583e-02 4.884613305330e-02 3.311069682240e-02 3.605191037059e-02 3.218258917332e-02 3.109326772392e-02 2.085076458752e-02 3.941191732883e-02 4.370464757085e-02 2.825348451734e-02 2.316825464368e-02 3.158151358366e-02 2.793861925602e-02 1.827081851661e-02 2.662822604179e-02 2.315378747880e-02 1.384352613240e-02 1.584785431623e-02 1.317301206291e-02 1.414580084383e-02 1.406831387430e-02 1.276427786797e-02 1.167657412589e-02 1.075800601393e-02 1.200245879591e-02 1.347225625068e-02 1.136358734220e-02
3.177497908473e-02 5.285070464015e-02 3.515816479921e-02 2.777853980660e-02 3.347603604198e-02 3.784266486764e-02 3.623355552554e-02 3.794183954597e-02 5.456718057394e-02 7.564767450094e-02 5.079839378595e-02 3.526331484318e-02 4.578905925155e-02 5.706766247749e-02 6.103200837970e-02 8.446799218655e-02 4.480285570025e-02 4.528139159083e-02 3.704159334302e-02 3.644911199808e-02 3.312143310905e-02 3.063221834600e-02 3.901973366737e-02 4.638826102018e-02 3.185377269983e-02 2.607026137412e-02 3.117109648883e-02 3.123159892857e-02 2.671934291720e-02 2.669335715473e-02 2.828514575958e-02 1.587849482894e-02 1.501725148410e-02 1.353970821947e-02 1.175941992551e-02 1.099984161556e-02 1.911538280547e-02 1.511190459132e-02 1.389019377530e-02 1.600576937199e-02 1.594854891300e-02 1.170616876334e-02 7.854604162276e-03
3.568264469504e-02 5.856616795063e-02 3.636040911078e-02 3.071156516671e-02 3.947646543384e-02 3.625513613224e-02 3.771726414561e-02 4.769540578127e-02 6.289742141962e-02 7.599181681871e-02 6.067880243063e-02 6.020766869187e-02 5.327490717173e-02 6.256927549839e-02 7.391951233149e-02 1.069764122367e-01 4.658813402057e-02 5.043017491698e-02 5.001160129905e-02 4.089420661330e-02 3.239249065518e-02 3.892514854670e-02 4.878103733063e-02 3.506969660521e-02 2.918742597103e-02 3.077587671578e-02 2.977536991239e-02 3.295536711812e-02 3.206903859973e-02 3.213779255748e-02 2.420806698501e-02 1.310877874494e-02 1.794987916946e-02 1.114157773554e-02 1.162114832550e-02 1.187744084746e-02 2.634352445602e-02 1.756745204329e-02 1.843408495188e-02 1.484624296427e-02 9.021551348269e-03 5.273873917758e-03 5.235310178250e-03
7.067013531923e-02 4.630275443196e-02 5.076000839472e-02 3.262003138661e-02 4.801801964641e-02 3.723521158099e-02 4.061722755432e-02 5.512486025691e-02 6.619074940681e-02 6.435386836529e-02 6.212501600385e-02 6.279374659061e-02 5.924585834146e-02 4.798829182982e-02 5.070589482784e-02 6.820785254240e-02 3.826756402850e-02 4.984737187624e-02 5.449406802654e-02 4.547626897693e-02 4.047941789031e-02 5.105075985193e-02 3.821471333504e-02 3.255453705788e-02 3.016266599298e-02 2.764473482966e-02 2.975578047335e-02 3.516953811049e-02 3.528387472034e-02 3.163765743375e-02 1.977286487818e-02 1.254308130592e-02 1.911154948175e-02 1.520977914333e-02 1.834055036306e-02 1.950594969094e-02 2.971080690622e-02 1.736157946289e-02 1.373261772096e-02 9.533734060824e-03 8.544811047614e-03 6.466095801443e-03 6.237859372050e-03
1.147239133716e-01 5.014479532838e-02 5.683036148548e-02 4.144203290343e-02 5.324141308665e-02 4.552645236254e-02 4.488567262888e-02 6.330344825983e-02 6.800466775894e-02 5.348284915090e-02 7.479090988636e-02 9.191405028105e-02 5.120459571481e-02 6.004614755511e-02 3.673135116696e-02 4.271523654461e-02 4.065008461475e-02 4.848367348313e-02 4.685433581471e-02 4.250990971923e-02 5.420244485140e-02 4.125822335482e-02 3.396611660719e-02 3.047486208379e-02 3.278038278222e-02 3.055411949754e-02 3.061259724200e-02 3.820781409740e-02 3.845416381955e-02 3.487713634968e-02 2.402361109853e-02 2.117018029094e-02 2.100956439972e-02 1.907648518682e-02 1.846147514880e-02 2.839977853000e-02 2.446172758937e-02 1.181728485972e-02 1.276650652289e-02 1.304847281426e-02 1.209537684917e-02 9.348516352475e-03 6.737602408975e-03
1.256443560123e-01 1.312158554792e-01 5.405040830374e-02 5.443261191249e-02 5.865381285548e-02 5.511400103569e-02 7.569283246994e-02 7.094436883926e-02 6.707990169525e-02 4.985518008471e-02 7.650101184845e-02 1.024371087551e-01 6.127408891916e-02 5.792950466275e-02 4.680522158742e-02 4.766499996185e-02 5.063479021192e-02 4.787089675665e-02 4.632945731282e-02 5.802979692817e-02 4.519071057439e-02 3.877777978778e-02 3.321738913655e-02 2.601355873048e-02 3.201180323958e-02 3.580949455500e-02 3.302200883627e-02 4.105338826776e-02 4.281837493181e-02 3.816082701087e-02 2.841715514660e-02 2.097044140100e-02 1.864856109023e-02 1.582755520940e-02 2.571374550462e-02 2.946901135147e-02 1.316758058965e-02 1.343867089599e-02 1.400945428759e-02 1.420553028584e-02 1.342614367604e-02 1.122398767620e-02 7.795025128871e-03
6.043999642134e-02 1.768693029881e-01 1.292186528444e-01 5.383093655109e-02 6.183209642768e-02 6.866019219160e-02 7.323553413153e-02 7.450637221336e-02 5.957844853401e-02 5.217054486275e-02 8.722620457411e-02 1.003153994679e-01 7.879397273064e-02 5.331404507160e-02 4.902037605643e-02 5.484091117978e-02 8.496827632189e-02 5.331880599260e-02 6.435666978359e-02 4.959252476692e-02 3.576692938805e-02 3.484991565347e-02 2.941964939237e-02 3.584187477827e-02 3.636411949992e-02 4.159591346979e-02 4.583145678043e-02 3.514281660318e-02 4.164941608906e-02 4.159852489829e-02 3.232998028398e-02 1.722704805434e-02 1.752906478941e-02 2.719855867326e-02 2.950868010521e-02 1.728395558894e-02 1.193345990032e-02 1.204735692590e-02 1.199402473867e-02 1.217569597065e-02 1.213269028813e-02 1.123688742518e-02 8.987161330879e-03
1.110382899642e-01 8.377738296986e-02 2.062710523605e-01 9.604395180941e-02 6.255331635475e-02 8.443578332663e-02 6.343932449818e-02 7.081817835569e-02 9.300384670496e-02 7.233078032732e-02 1.002514511347e-01 7.973440736532e-02 8.396274596453e-02 7.032545655966e-02 5.786075443029e-02 5.410274863243e-02 1.236290782690e-01 7.470402121544e-02 6.004795432091e-02 7.321678847075e-02 4.355284571648e-02 3.556347265840e-02 3.797401487827e-02 3.997487202287e-02 3.850948065519e-02 4.080266505480e-02 5.776017159224e-02 3.510359674692e-02 4.324790835381e-02 4.516988620162e-02 3.663517534733e-02 2.361973933876e-02 2.997685037553e-02 2.775690704584e-02 1.590449921787e-02 1.331823877990e-02 1.257908623666e-02 1.177814789116e-02 1.094794832170e-02 1.019191183150e-02 1.045382115990e-02 1.080256421119e-02 9.814156219363e-03
1.499657928944e-01 1.960506886244e-01 1.184061244130e-01 2.028704136610e-01 7.551231980324e-02 1.022592708468e-01 8.764732629061e-02 9.357185661793e-02 1.306614279747e-01 1.080510765314e-01 1.247923150659e-01 7.186096906662e-02 7.620815932751e-02 7.940851897001e-02 7.116130739450e-02 5.616137385368e-02 1.452298015356e-01 8.240602910519e-02 8.585222065449e-02 5.949984490871e-02 3.235767781734e-02 3.579469397664e-02 4.549664258957e-02 4.130928218365e-02 3.745522350073e-02 3.578885644674e-02 5.630904063582e-02 3.850498422980e-02 4.853278771043e-02 4.787754639983e-02 3.797714784741e-02 3.028731979430e-02 2.273405529559e-02 1.189626008272e-02 1.169979199767e-02 1.232133526355e-02 1.217060815543e-02 1.300985459238e-02 1.277579739690e-02 1.212463714182e-02 1.320059783757e-02 1.534523442388e-02 1.602810993791e-02
2.958796918392e-01 1.961504667997e-01 2.073378562927e-01 1.719522774220e-01 1.563835442066e-01 1.149885728955e-01 1.262600421906e-01 1.110638901591e-01 1.147107556462e-01 1.267230361700e-01 1.467771977186e-01 8.540554344654e-02 7.516577839851e-02 8.067823946476e-02 8.837987482548e-02 8.384369313717e-02 1.120746433735e-01 8.302453905344e-02 8.278833329678e-02 6.610450148582e-02 5.400489643216e-02 6.414396315813e-02 6.459120661020e-02 5.346028506756e-02 3.902861848474e-02 3.318883478642e-02 4.418183490634e-02 4.733742401004e-02 5.018443986773e-02 4.191418364644e-02 2.941173687577e-02 1.872373744845e-02 1.638499461114e-02 1.739299111068e-02 2.057048678398e-02 2.255486696959e-02 2.359289303422e-02 2.348616532981e-02 2.229461632669e-02 2.040018327534e-02 1.855706423521e-02 1.861517690122e-02 1.648399233818e-02
