100/SI/f184_max.grd
DSAA
101	101
32.816463539100	34.260883539100
35.556306596100	36.727886596100
1.487104327680e-05	2.438112974167e+00
[rows 0 to 18 of 101, columns 0 to 42 of 101]
2.253584563732e-03 4.028722643852e-03 3.571651643142e-03 2.140619093552e-03 1.790408045053e-03 2.343182917684e-03 4.668445326388e-03 6.508252117783e-03 5.819986574352e-03 3.474511206150e-03 2.195653738454e-03 2.522704424337e-03 2.677455311641e-03 2.584587782621e-03 2.215944696218e-03 3.374117892236e-03 5.071442574263e-03 5.870024207979e-03 4.183437209576e-03 2.720504999161e-03 3.096187254414e-03 3.309849416837e-03 2.446594648063e-03 2.194504486397e-03 2.333478536457e-03 3.186451038346e-03 4.652172792703e-03 5.314490757883e-03 6.920699030161e-03 5.515437573195e-03 4.232445731759e-03 3.977359738201e-03 3.451859345660e-03 2.739225048572e-03 2.227959455922e-03 2.159072784707e-03 1.986456336454e-03 2.691927598789e-03 3.774850396439e-03 4.327692557126e-03 3.624062985182e-03 3.071619430557e-03 2.926734741777e-03
4.170846194029e-03 7.871880196035e-03 7.723443210125e-03 5.398761481047e-03 3.807700471953e-03 4.530400037766e-03 8.984021842480e-03 1.242423336953e-02 1.099073607475e-02 6.403042934835e-03 3.769852919504e-03 4.309934563935e-03 4.550793673843e-03 4.331879783422e-03 3.778066486120e-03 5.017234012485e-03 7.988753728569e-03 1.045744866133e-02 9.442637674510e-03 5.630169995129e-03 5.647202488035e-03 8.645777590573e-03 4.543242976069e-03 4.089918453246e-03 4.810564685613e-03 6.224267650396e-03 7.798383478075e-03 8.904760703444e-03 1.316080987453e-02 1.024714298546e-02 6.879357155412e-03 6.234651431441e-03 5.832739174366e-03 4.704797640443e-03 5.061675328761e-03 5.294268485159e-03 5.325663369149e-03 5.983070936054e-03 7.521724328399e-03 7.567362859845e-03 5.598261486739e-03 5.540435668081e-03 6.054639816284e-03
4.079229198396e-03 8.373442105949e-03 9.387128055096e-03 8.043550886214e-03 5.175156984478e-03 5.229633767158e-03 1.039467193186e-02 1.412258483469e-02 1.209882367402e-02 6.629464216530e-03 4.760474897921e-03 5.365570075810e-03 5.542964674532e-03 5.128385964781e-03 4.222726449370e-03 4.064530134201e-03 5.244983825833e-03 7.836519740522e-03 8.961143903434e-03 7.284810766578e-03 8.915789425373e-03 1.336882170290e-02 5.848581437021e-03 5.067597609013e-03 6.395475007594e-03 7.735652849078e-03 8.027469739318e-03 8.079249411821e-03 1.533885952085e-02 1.149205956608e-02 6.666002329439e-03 5.716121755540e-03 7.980242371559e-03 4.248185083270e-03 4.760514944792e-03 5.467362236232e-03 6.866380106658e-03 8.695636875927e-03 9.090282022953e-03 7.530173752457e-03 7.691030856222e-03 5.140089429915e-03 6.787281949073e-03
3.620865056291e-03 7.970309816301e-03 9.498192928731e-03 9.710633195937e-03 7.809232920408e-03 5.354239605367e-03 1.086349040270e-02 1.444752793759e-02 1.169059798121e-02 5.693126004189e-03 5.267732311040e-03 5.813844036311e-03 5.788492504507e-03 5.150008480996e-03 4.095188807696e-03 4.148606210947e-03 3.959892783314e-03 4.548798315227e-03 5.921270698309e-03 6.741300690919e-03 1.495770178735e-02 1.701659150422e-02 6.556745152920e-03 5.565926898271e-03 7.053339388222e-03 8.082351647317e-03 7.729641161859e-03 7.379107177258e-03 1.536550652236e-02 1.117319334298e-02 5.665863398463e-03 4.607670940459e-03 9.198209270835e-03 4.891538526863e-03 5.344172939658e-03 7.554941810668e-03 9.344575926661e-03 9.735895320773e-03 8.239893242717e-03 9.543663822114e-03 9.286674670875e-03 5.705564282835e-03 6.223210599273e-03
3.542626742274e-03 7.626715581864e-03 9.027292020619e-03 9.980109520257e-03 9.552822448313e-03 6.754590664059e-03 1.108379755169e-02 1.443097274750e-02 1.095769368112e-02 4.823269322515e-03 5.648819729686e-03 6.012384314090e-03 5.793998949230e-03 5.768069997430e-03 5.294661968946e-03 4.469247069210e-03 4.374175798148e-03 4.324523266405e-03 6.110263988376e-03 1.238347589970e-02 2.079452201724e-02 1.869687624276e-02 7.036763709038e-03 7.915312424302e-03 7.056980393827e-03 7.896847091615e-03 7.081481628120e-03 7.344621699303e-03 1.454494707286e-02 1.052540633827e-02 6.695887539536e-03 5.239232908934e-03 9.806757792830e-03 5.984957329929e-03 8.395956829190e-03 1.004812493920e-02 1.015712693334e-02 8.573755621910e-03 5.903061479330e-03 9.791838005185e-03 1.137173548341e-02 7.618911098689e-03 4.928171634674e-03
3.310606582090e-03 6.654502358288e-03 8.040434680879e-03 8.789221756160e-03 9.752965532243e-03 8.122119121253e-03 1.107334438711e-02 1.396441087127e-02 9.874305687845e-03 5.355085711926e-03 5.997900385410e-03 6.552152801305e-03 6.986116059124e-03 6.760654039681e-03 6.079988088459e-03 4.945085849613e-03 4.021621774882e-03 4.569416400045e-03 9.730691090226e-03 1.765726320446e-02 2.419699728489e-02 1.847010478377e-02 7.929634302855e-03 1.204895321280e-02 7.411329075694e-03 7.405525539070e-03 6.343438290060e-03 8.015346713364e-03 1.301109138876e-02 1.053813938051e-02 6.766671780497e-03 5.705604329705e-03 1.137006562203e-02 8.958550170064e-03 1.063074357808e-02 1.050863135606e-02 8.722680620849e-03 6.033163983375e-03 6.661803461611e-03 9.230078198016e-03 1.392361242324e-02 8.848815225065e-03 4.796025343239e-03
4.167794249952e-03 7.405396085232e-03 6.830558180809e-03 6.758866831660e-03 8.417585864663e-03 8.156392723322e-03 1.089787296951e-02 1.334477402270e-02 8.859734982252e-03 5.904055200517e-03 6.589267868549e-03 7.502461317927e-03 7.602627389133e-03 7.067942526191e-03 6.011260207742e-03 5.695194937289e-03 5.407386925071e-03 6.738857366145e-03 1.313649863005e-02 2.110051736236e-02 2.505997009575e-02 1.687057688832e-02 1.049717050046e-02 1.527006924152e-02 1.073542237282e-02 6.743569858372e-03 6.214659195393e-03 1.484373770654e-02 2.078866958618e-02 1.342256553471e-02 7.503433618695e-03 6.376913283020e-03 1.248543523252e-02 1.050084829330e-02 1.049895863980e-02 8.717797696590e-03 6.077944301069e-03 6.678143516183e-03 9.659282863140e-03 1.218044012785e-02 1.429692469537e-02 1.046116370708e-02 4.800120368600e-03
4.226838238537e-03 8.457550778985e-03 8.742667734623e-03 6.332044024020e-03 6.036999169737e-03 6.826371420175e-03 1.074495073408e-02 1.304509490728e-02 8.250054903328e-03 6.380887702107e-03 7.442874833941e-03 7.946152240038e-03 7.682119030505e-03 6.772627588362e-03 6.352920550853e-03 7.219588849694e-03 8.047452196479e-03 8.897749707103e-03 1.610631681979e-02 2.289602532983e-02 2.459860965610e-02 1.516402140260e-02 1.139243785292e-02 1.678876206279e-02 1.305550150573e-02 8.318562060595e-03 5.976248066872e-03 2.253749035299e-02 2.911515347660e-02 1.573772542179e-02 8.199480362236e-03 7.662448566407e-03 1.233029272407e-02 9.639928117394e-03 8.955146186054e-03 6.358940154314e-03 6.394520401955e-03 9.507684968412e-03 1.254695653915e-02 1.385113224387e-02 1.257098931819e-02 1.313355006278e-02 5.510331597179e-03
3.655044129118e-03 7.992781698704e-03 9.942310862243e-03 9.054278954864e-03 6.019954569638e-03 5.913279484957e-03 1.062709745020e-02 1.292986609042e-02 7.939792238176e-03 7.090202067047e-03 7.892285473645e-03 7.968055084348e-03 7.289867848158e-03 6.301605608314e-03 6.648498587310e-03 7.676462642848e-03 1.041180267930e-02 1.068020425737e-02 1.777762919664e-02 2.255057543516e-02 2.232462912798e-02 1.316184550524e-02 1.162388455123e-02 1.605210453272e-02 1.408405415714e-02 9.605296887457e-03 7.541021797806e-03 2.905883826315e-02 3.397477045655e-02 1.733937114477e-02 8.996436372399e-03 7.304464466870e-03 1.250730268657e-02 8.340560831130e-03 9.829826653004e-03 9.831664152443e-03 9.530525654554e-03 1.276831980795e-02 1.468089036644e-02 1.387540437281e-02 1.019220985472e-02 1.629853993654e-02 6.472710054368e-03
3.697278909385e-03 6.637031678110e-03 9.370116516948e-03 1.061754487455e-02 9.061821736395e-03 5.783449392766e-03 1.065205037594e-02 1.290770713240e-02 7.756916340441e-03 7.503655739129e-03 7.913511246443e-03 7.572664879262e-03 8.296548388898e-03 9.034587070346e-03 9.448332712054e-03 9.580073878169e-03 1.130367629230e-02 1.236924994737e-02 1.830496080220e-02 2.092003636062e-02 1.934533752501e-02 1.122064795345e-02 1.050264295191e-02 1.402925606817e-02 1.360409893095e-02 9.871023707092e-03 8.153262548149e-03 3.296352922916e-02 3.607739135623e-02 1.796518266201e-02 7.889863103628e-03 6.338381208479e-03 1.355381589383e-02 8.278252556920e-03 1.006356440485e-02 1.024966128170e-02 1.323388423771e-02 1.523417886347e-02 1.490308903158e-02 1.193590275943e-02 8.550414815545e-03 1.770420745015e-02 8.954980410635e-03
3.713292768225e-03 7.440169341862e-03 7.723914459348e-03 1.015352178365e-02 1.111582666636e-02 8.946049027145e-03 1.055706199259e-02 1.270116213709e-02 7.501414511353e-03 7.579158060253e-03 8.338789455593e-03 9.763107635081e-03 1.082532294095e-02 1.141350809485e-02 1.168516837060e-02 1.178622711450e-02 1.166120544076e-02 1.534428354353e-02 2.150377631187e-02 2.278473973274e-02 1.914771832526e-02 1.415116526186e-02 9.933482855558e-03 1.196545548737e-02 1.227084640414e-02 8.792850188911e-03 9.461530484259e-03 3.477079421282e-02 3.690851479769e-02 1.759532652795e-02 7.567232474685e-03 7.147572934628e-03 1.327888853848e-02 8.810640312731e-03 1.168596930802e-02 1.416548620909e-02 1.579496078193e-02 1.549161411822e-02 1.284932624549e-02 9.916488081217e-03 9.679295122623e-03 1.700863800943e-02 1.165009383112e-02
3.142782021314e-03 6.620176136494e-03 7.927068509161e-03 8.441389538348e-03 1.097103673965e-02 1.157145481557e-02 1.023783814162e-02 1.223943568766e-02 7.415808271617e-03 8.983581326902e-03 1.045670360327e-02 1.165533810854e-02 1.247471291572e-02 1.294159796089e-02 1.309778541327e-02 1.306898985058e-02 1.292899344116e-02 2.040693163872e-02 2.789226174355e-02 2.898542955518e-02 2.497201785445e-02 1.956289075315e-02 1.430978160352e-02 1.015459839255e-02 1.427406724542e-02 1.367678865790e-02 1.158232800663e-02 3.336161002517e-02 3.265359252691e-02 1.601029001176e-02 9.790347889066e-03 1.158720627427e-02 1.250235177577e-02 1.403706613928e-02 1.591181755066e-02 1.662149839103e-02 1.593840308487e-02 1.378126535565e-02 1.315880753100e-02 1.524646673352e-02 1.149815507233e-02 1.453900896013e-02 1.398936100304e-02
2.703228965402e-03 5.141662899405e-03 6.593797821552e-03 7.805288769305e-03 9.271417744458e-03 1.175670418888e-02 1.182163599879e-02 1.157818362117e-02 9.203658439219e-03 1.070628408343e-02 1.178001798689e-02 1.246138475835e-02 1.286684442312e-02 1.308885123581e-02 1.310069765896e-02 1.302774995565e-02 1.302268076688e-02 2.244886383414e-02 3.032873757184e-02 3.096660412848e-02 2.676790207624e-02 2.179119549692e-02 1.702773198485e-02 1.244944799691e-02 1.918017305434e-02 1.854516938329e-02 1.563799008727e-02 2.904526516795e-02 2.562074549496e-02 1.361538562924e-02 1.710543781519e-02 1.930700615048e-02 1.923601888120e-02 1.860559172928e-02 1.809200271964e-02 1.755722425878e-02 1.702477224171e-02 1.615173928440e-02 1.477270666510e-02 2.065168693662e-02 1.284082513303e-02 1.105505786836e-02 1.802228391171e-02
3.360873088241e-03 6.496476940811e-03 6.387062370777e-03 5.997410044074e-03 7.354668341577e-03 1.008164882660e-02 1.257879380137e-02 1.200782973319e-02 1.023704186082e-02 1.138055417687e-02 1.195078063756e-02 1.213119458407e-02 1.203852519393e-02 1.175880711526e-02 1.144531369209e-02 1.137966196984e-02 1.166251301765e-02 2.059990540147e-02 2.728264592588e-02 2.819905802608e-02 2.531302906573e-02 2.145506069064e-02 1.770585589111e-02 1.398710440844e-02 1.894397474825e-02 1.957020349801e-02 1.728818379343e-02 2.376445941627e-02 1.869115047157e-02 1.487221103162e-02 2.007530815899e-02 2.271523140371e-02 2.168011479080e-02 1.955097168684e-02 1.759577170014e-02 1.654610224068e-02 1.562492176890e-02 1.455605868250e-02 1.330349966884e-02 2.183507755399e-02 2.000584267080e-02 1.141173858196e-02 2.046553790569e-02
4.328109323978e-03 8.658647537231e-03 8.702960796654e-03 8.542656898499e-03 8.262188173831e-03 7.853295654058e-03 1.102369744331e-02 1.344097685069e-02 1.189039926976e-02 1.112233102322e-02 1.126306876540e-02 1.101326290518e-02 1.051484700292e-02 9.852638468146e-03 9.275984019041e-03 9.380334988236e-03 9.489112533629e-03 1.626456901431e-02 2.095948904753e-02 2.210423164070e-02 2.068067900836e-02 1.856815256178e-02 1.638374663889e-02 1.404203660786e-02 1.484129298478e-02 1.618730649352e-02 1.581664942205e-02 2.415582351387e-02 1.369983423501e-02 1.511598378420e-02 1.958321034908e-02 2.175557427108e-02 2.082782611251e-02 1.722402125597e-02 1.274085324258e-02 1.320357620716e-02 1.122550480068e-02 1.188336405903e-02 1.157412864268e-02 1.799560338259e-02 2.668770030141e-02 1.156911626458e-02 2.057302556932e-02
4.386946093291e-03 8.915980346501e-03 9.238571859896e-03 9.684834629297e-03 1.002295687795e-02 1.011378224939e-02 1.003936212510e-02 1.207188144326e-02 1.404703594744e-02 1.127732638270e-02 1.010288018733e-02 9.570808149874e-03 8.888342417777e-03 8.407091721892e-03 9.049794636667e-03 9.595620445907e-03 1.022024732083e-02 1.339597441256e-02 1.466869283468e-02 1.573101431131e-02 1.540596783161e-02 1.429178845137e-02 1.334283780307e-02 1.264621317387e-02 1.210431382060e-02 1.187789626420e-02 1.573219895363e-02 2.556426636875e-02 1.743676885962e-02 1.706225238740e-02 2.027722075582e-02 2.059320919216e-02 1.727527938783e-02 1.727318577468e-02 9.350317530334e-03 1.567089557648e-02 1.489638350904e-02 1.380316540599e-02 1.184487435967e-02 1.259878929704e-02 3.028133511543e-02 1.646534353495e-02 1.822877489030e-02
4.761972464621e-03 8.221365511417e-03 8.126717992127e-03 8.482999168336e-03 9.246830828488e-03 1.017439644784e-02 1.078361738473e-02 1.110028475523e-02 1.292047277093e-02 1.367810368538e-02 1.170973386616e-02 1.128645241261e-02 1.137396600097e-02 1.031122636050e-02 9.333042427897e-03 1.055312156677e-02 1.165615022182e-02 1.378104835749e-02 1.390900090337e-02 1.166306715459e-02 1.051491778344e-02 1.230597496033e-02 1.542177144438e-02 1.603820174932e-02 1.449571829289e-02 1.171437185258e-02 1.741735450923e-02 2.601098455489e-02 1.751701720059e-02 1.841001212597e-02 1.937549747527e-02 1.990385726094e-02 2.138886973262e-02 1.921293139458e-02 1.172025501728e-02 1.763911359012e-02 1.656791940331e-02 1.370983663946e-02 1.032495964319e-02 1.231433451176e-02 2.904338762164e-02 2.529179118574e-02 1.409381255507e-02
5.432693753392e-03 1.000753045082e-02 1.077876426280e-02 9.300299920142e-03 8.523097261786e-03 9.212260134518e-03 9.405050426722e-03 9.342030622065e-03 1.010457705706e-02 1.258803810924e-02 1.372160483152e-02 1.414091698825e-02 1.415550615638e-02 1.301261968911e-02 1.278338581324e-02 1.234251167625e-02 1.159381493926e-02 1.379690505564e-02 1.447860151529e-02 1.287753973156e-02 1.062317285687e-02 9.770571254194e-03 1.075739227235e-02 1.201949641109e-02 1.234113238752e-02 1.242552231997e-02 1.524280197918e-02 2.497193031013e-02 1.783005893230e-02 1.561229955405e-02 1.789038628340e-02 2.060280181468e-02 2.301510609686e-02 1.963449455798e-02 1.348488684744e-02 1.948892883956e-02 1.587333343923e-02 1.232354156673e-02 9.280853904784e-03 1.123380567878e-02 2.335008047521e-02 3.424435481429e-02 1.563387736678e-02
5.328834988177e-03 1.044955011457e-02 1.242279633880e-02 1.170326489955e-02 8.863390423357e-03 6.822296418250e-03 8.296913467348e-03 9.420732036233e-03 1.012551505119e-02 1.022809464484e-02 1.357726193964e-02 1.508716959506e-02 1.436110492796e-02 1.440991740674e-02 1.459690928459e-02 1.440284587443e-02 1.274291425943e-02 1.366807147861e-02 1.494724117219e-02 1.377040334046e-02 1.048102416098e-02 1.264182664454e-02 1.230867579579e-02 1.263968832791e-02 1.115123275667e-02 1.087979599833e-02 1.143743749708e-02 2.311241254210e-02 2.108497172594e-02 1.668781228364e-02 1.615576073527e-02 1.742427609861e-02 2.157706767321e-02 1.926582865417e-02 1.561326719820e-02 1.882619597018e-02 1.383409276605e-02 1.105614751577e-02 1.042723376304e-02 1.021075900644e-02 1.600449718535e-02 4.005481302738e-02 1.645639911294e-02
