100/SI/f184_max.grd
DSAA
101	101
32.816463539100	34.260883539100
35.556306596100	36.727886596100
1.487104327680e-05	2.438112974167e+00
[rows 57 to 75 of 101, columns 0 to 42 of 101]
8.221661555581e-04 1.350434147753e-03 1.464357599616e-03 1.465934561566e-03 1.553885405883e-03 1.900243223645e-03 2.127840649337e-03 2.333064330742e-03 2.524675335735e-03 2.580290893093e-03 2.483009360731e-03 3.478074213490e-03 5.956221837550e-03 3.255206393078e-03 2.372039481997e-03 3.574874484912e-03 3.203380852938e-03 3.567616688088e-03 4.312058445066e-03 4.513020627201e-03 4.639131482691e-03 3.462739288807e-03 2.416991628706e-03 2.125373808667e-03 2.305089496076e-03 3.192706266418e-03 5.101804621518e-03 6.327829323709e-03 4.939817357808e-03 2.886892762035e-03 2.254102611914e-03 1.780687714927e-03 1.865314901806e-03 2.232545986772e-03 2.652125665918e-03 3.405789146200e-03 3.924792166799e-03 4.229723010212e-03 6.980799604207e-03 9.151957929134e-03 7.845174521208e-03 6.950549781322e-03 7.835992611945e-03
1.038324320689e-03 1.699439366348e-03 1.941434806213e-03 1.970347482711e-03 1.948663732037e-03 1.895211287774e-03 1.893383334391e-03 1.982687273994e-03 2.065177541226e-03 3.363982308656e-03 1.090880576521e-02 1.262827217579e-02 4.717338364571e-03 2.432054141536e-03 2.442665398121e-03 2.293419092894e-03 2.476386493072e-03 2.466973615810e-03 2.801733324304e-03 3.555529285222e-03 4.306536167860e-03 4.603932145983e-03 3.217973513529e-03 2.030262257904e-03 2.337792189792e-03 3.566633211449e-03 5.386210978031e-03 5.770210642368e-03 5.860303062946e-03 3.725269110873e-03 2.237304346636e-03 2.031944692135e-03 1.950950361788e-03 2.326226094738e-03 2.746409503743e-03 2.841470763087e-03 2.918416634202e-03 3.058806294575e-03 3.090509213507e-03 3.334921784699e-03 4.008638672531e-03 5.481590516865e-03 6.310403347015e-03
1.390118966810e-03 2.285358496010e-03 2.644097199664e-03 3.769381204620e-03 4.838823806494e-03 6.140404380858e-03 8.079748600721e-03 1.178702805191e-02 2.163430303335e-02 3.054845891893e-02 2.031493000686e-02 5.170009098947e-03 3.493217751384e-03 3.056434215978e-03 2.222956623882e-03 2.336941193789e-03 2.470273524523e-03 2.430909313262e-03 2.315453719348e-03 2.463157055900e-03 4.158907569945e-03 4.716346040368e-03 3.343462245539e-03 1.919216592796e-03 1.511324895546e-03 2.330737421289e-03 3.304936923087e-03 3.386643016711e-03 3.571082837880e-03 2.902902895585e-03 2.022382803261e-03 2.123542362824e-03 2.009603660554e-03 2.254997380078e-03 2.720819087699e-03 2.817868022248e-03 2.681881189346e-03 2.454893896356e-03 2.286393893883e-03 2.558461623266e-03 3.256051335484e-03 4.178215283900e-03 5.499898921698e-03
1.358911045827e-03 2.451851498336e-03 4.274505190551e-03 6.104341242462e-03 7.724482566118e-03 1.022773515433e-02 1.488245464861e-02 2.222959324718e-02 2.234206721187e-02 1.033400278538e-02 2.495282329619e-03 2.909555332735e-03 3.164217108861e-03 2.811531769112e-03 2.522879047319e-03 2.648282097653e-03 2.653611591086e-03 2.546063624322e-03 1.979508902878e-03 1.925187418237e-03 2.995069837198e-03 3.344047116116e-03 2.480681985617e-03 1.549613545649e-03 1.188374706544e-03 1.282656448893e-03 1.720007276163e-03 2.126761944965e-03 2.516694366932e-03 2.175751375034e-03 1.990174641833e-03 1.856555929407e-03 1.980881905183e-03 2.193352207541e-03 2.631333656609e-03 2.695126226172e-03 2.435491653159e-03 2.081158803776e-03 1.928546349518e-03 2.143206074834e-03 3.154207719490e-03 3.968597389758e-03 5.029038526118e-03
8.232864202000e-04 1.435051439330e-03 1.754207885824e-03 1.846236176789e-03 1.849292661063e-03 1.840787357651e-03 1.824103412218e-03 1.784241991118e-03 1.749246614054e-03 1.709871343337e-03 1.603387296200e-03 1.692170510069e-03 1.852790126577e-03 2.370656235144e-03 2.665822394192e-03 2.784101525322e-03 2.679530298337e-03 2.377401106060e-03 1.755969715305e-03 1.397169195116e-03 1.674355939031e-03 1.739417901263e-03 1.371689490043e-03 1.015535439365e-03 8.932293276303e-04 9.848686167970e-04 1.263934187591e-03 1.519621349871e-03 1.809357432649e-03 1.947922515683e-03 1.843292498961e-03 1.646638498642e-03 1.904643140733e-03 2.305017318577e-03 2.750144805759e-03 2.658606274053e-03 2.204351359978e-03 1.751379109919e-03 1.954416977242e-03 2.188020152971e-03 3.254626644775e-03 4.040660336614e-03 4.741094540805e-03
3.866001206916e-04 7.205996662378e-04 9.345277794637e-04 1.032085274346e-03 1.069955993444e-03 1.100906636566e-03 1.130441785790e-03 1.152060343884e-03 1.185961998999e-03 1.219869009219e-03 1.194957760163e-03 1.123078865930e-03 1.146596041508e-03 1.522263395600e-03 1.790589885786e-03 1.884937752038e-03 1.715289428830e-03 1.526553533040e-03 1.289541949518e-03 1.092439051718e-03 8.901871624403e-04 8.320913184434e-04 6.865269388072e-04 7.658188114874e-04 9.035434923135e-04 9.499165462330e-04 1.048204139806e-03 1.262805657461e-03 1.531634479761e-03 1.675464212894e-03 1.650339807384e-03 1.557854819112e-03 1.902588293888e-03 2.554042730480e-03 2.966553904116e-03 2.675293479115e-03 2.002580789849e-03 1.717962441035e-03 2.003160770983e-03 2.351637464017e-03 3.157797502354e-03 3.539571538568e-03 4.086760804057e-03
2.659728343133e-04 4.480380448513e-04 5.564605817199e-04 6.334327626973e-04 6.814931402914e-04 7.234003278427e-04 7.636118680239e-04 7.972056628205e-04 8.373683085665e-04 8.784490637481e-04 8.838131907396e-04 8.554285741411e-04 8.229559753090e-04 7.938524358906e-04 8.016322390176e-04 9.095306158997e-04 9.593811118975e-04 9.464457980357e-04 8.684122003615e-04 8.283099159598e-04 7.094628526829e-04 6.657321937382e-04 5.891784094274e-04 7.801891188137e-04 9.620548225939e-04 1.053715241142e-03 1.047232770361e-03 1.037907204591e-03 1.265182159841e-03 1.406801049598e-03 1.440244261175e-03 1.431096927263e-03 1.931940554641e-03 2.702716737986e-03 2.980700926855e-03 2.485052682459e-03 1.752999844030e-03 1.727577648126e-03 2.094334224239e-03 2.351373899728e-03 2.705623395741e-03 3.115709405392e-03 3.201897023246e-03
2.151831431547e-04 3.666013653856e-04 4.622034612112e-04 5.083109135740e-04 5.411318852566e-04 5.689540994354e-04 5.893685738556e-04 5.931716877967e-04 6.135921576060e-04 6.372433854267e-04 6.422705482692e-04 6.316045764834e-04 6.209641578607e-04 6.068160291761e-04 6.306013674475e-04 7.247783360071e-04 7.704867166467e-04 7.602338446304e-04 7.029569242150e-04 6.558643071912e-04 6.896601989865e-04 6.698171491735e-04 5.851063760929e-04 7.787159993313e-04 9.830289054662e-04 1.107679447159e-03 1.121955225244e-03 1.086019445211e-03 1.114042359404e-03 1.220545498654e-03 1.270497799851e-03 1.336711226031e-03 1.921866554767e-03 2.644181484357e-03 2.720964141190e-03 2.137542702258e-03 1.623116084374e-03 1.799841294996e-03 2.192999003455e-03 2.315948950127e-03 2.398865995929e-03 2.595773199573e-03 2.384683815762e-03
2.061830309685e-04 3.303443081677e-04 4.190226900391e-04 4.597586521413e-04 4.771084350068e-04 4.920180072077e-04 4.971717717126e-04 4.917847691104e-04 4.940247745253e-04 5.003378610127e-04 5.051337066106e-04 5.242801271379e-04 5.393729661591e-04 5.515865050256e-04 5.661137984134e-04 5.886347498745e-04 6.294107297435e-04 6.372806383297e-04 6.433055968955e-04 6.185816600919e-04 6.336495280266e-04 6.626683752984e-04 5.881405668333e-04 7.373721455224e-04 9.324330603704e-04 1.061976770870e-03 1.084318733774e-03 1.062280265614e-03 1.120464527048e-03 1.152509241365e-03 1.173527329229e-03 1.250668428838e-03 1.802916405722e-03 2.373875584453e-03 2.304522320628e-03 1.837171614170e-03 1.602423959412e-03 1.929416786879e-03 2.219921210781e-03 2.165980404243e-03 2.087445231155e-03 2.105508232489e-03 1.949989120476e-03
1.931398001034e-04 3.066657227464e-04 3.847877378576e-04 4.193134955131e-04 4.339371225797e-04 4.446713137440e-04 4.456388705876e-04 4.356386198197e-04 4.391068941914e-04 4.721303121187e-04 5.005496204831e-04 5.261471378617e-04 5.487650632858e-04 5.677404697053e-04 5.849265726283e-04 6.015563267283e-04 6.138041499071e-04 6.156270974316e-04 6.033159443177e-04 5.881856777705e-04 5.894743953831e-04 6.396386306733e-04 6.045313202776e-04 6.685143453069e-04 8.339178748429e-04 9.486852795817e-04 1.098808250390e-03 1.199338585138e-03 1.203625812195e-03 1.164222252555e-03 1.137614250183e-03 1.164677087218e-03 1.584866782650e-03 1.978196436539e-03 1.893598935567e-03 1.639674068429e-03 1.730472547933e-03 1.963161863387e-03 2.099245088175e-03 1.903740107082e-03 1.748887705617e-03 1.662339782342e-03 1.668466371484e-03
1.781512110028e-04 2.823998511303e-04 3.537853190210e-04 3.867721534334e-04 4.005829396192e-04 4.063967498951e-04 4.031496064272e-04 4.033244040329e-04 4.116704512853e-04 4.468844563235e-04 4.785834171344e-04 5.082766874693e-04 5.355360335670e-04 5.583498277701e-04 5.759958876297e-04 5.874110502191e-04 5.887662409805e-04 6.372811621986e-04 6.506695644930e-04 6.037642597221e-04 5.513993673958e-04 5.868785665371e-04 5.988806369714e-04 6.004747119732e-04 7.333846297115e-04 8.287008386105e-04 1.002515084110e-03 1.164617948234e-03 1.202691113576e-03 1.162811997347e-03 1.114981947467e-03 1.099153771065e-03 1.265143277124e-03 1.535179442726e-03 1.506273867562e-03 1.391793834046e-03 1.496825716458e-03 1.663770293817e-03 1.720605301671e-03 1.496916171163e-03 1.369670731947e-03 1.270173233934e-03 1.258526463062e-03
1.655332162045e-04 2.628310758155e-04 3.306092985440e-04 3.634650784079e-04 3.753719793167e-04 3.759155224543e-04 3.696535422932e-04 3.730290045496e-04 3.878761490341e-04 4.028148541693e-04 4.351457173470e-04 4.659531987272e-04 4.944610409439e-04 5.184457404539e-04 5.357579211704e-04 5.588234052993e-04 6.131749833003e-04 6.901410524733e-04 7.241326966323e-04 7.044500089251e-04 6.447053165175e-04 5.733931902796e-04 5.900191608816e-04 5.971109494567e-04 6.531723192893e-04 7.297791307792e-04 7.522507221438e-04 9.066690690815e-04 1.025589997880e-03 1.061514019966e-03 1.048191334121e-03 1.055349595845e-03 1.088285469450e-03 1.135086757131e-03 1.117179403082e-03 1.080257585272e-03 1.146783353761e-03 1.333222608082e-03 1.419856445864e-03 1.166939735413e-03 1.044914126396e-03 9.332821355201e-04 1.021812204272e-03
1.564061531099e-04 2.490749757271e-04 3.145308583044e-04 3.456704725977e-04 3.538290038705e-04 3.507801447995e-04 3.444718895480e-04 3.449448558968e-04 3.567105450202e-04 3.718965454027e-04 3.782608255278e-04 4.081718216185e-04 4.356603021733e-04 4.591997421812e-04 4.800697206520e-04 5.336013273336e-04 6.237558554858e-04 7.116296910681e-04 7.711680955254e-04 7.890490232967e-04 7.674007210881e-04 7.216319208965e-04 6.665057735518e-04 6.158041651361e-04 5.915895453654e-04 6.550236139446e-04 6.669281283394e-04 6.390151684172e-04 7.747519994155e-04 8.892320911400e-04 9.647539700381e-04 1.020570634864e-03 1.055049244314e-03 1.030196901411e-03 9.163889335468e-04 8.931789197959e-04 1.004935242236e-03 1.264295889996e-03 1.466682879254e-03 1.317583722994e-03 9.696428896859e-04 8.661646279506e-04 9.849859634414e-04
1.531199377496e-04 2.434608468320e-04 3.062874020543e-04 3.337600501254e-04 3.379347035661e-04 3.329418541398e-04 3.321608819533e-04 3.365694137756e-04 3.325221186969e-04 3.356420493219e-04 3.458775463514e-04 3.822684520856e-04 4.204809665680e-04 4.601159307640e-04 4.951816517860e-04 5.456415237859e-04 6.343782879412e-04 7.242466090247e-04 8.050905307755e-04 8.551365463063e-04 8.637054706924e-04 8.423365070485e-04 8.059613755904e-04 7.688772748224e-04 7.471230928786e-04 7.331004599109e-04 7.061501964927e-04 6.656378391199e-04 7.673225481994e-04 8.608668576926e-04 9.306432330050e-04 9.944589110091e-04 1.028617261909e-03 9.612200083211e-04 9.145689546131e-04 9.409663616680e-04 1.012407126836e-03 1.220784964971e-03 1.411870238371e-03 1.280939090066e-03 9.896467672661e-04 8.625209447928e-04 9.818242397159e-04
1.557334180688e-04 2.463301061653e-04 3.071110695601e-04 3.311372711323e-04 3.323709534016e-04 3.254301263951e-04 3.269696317147e-04 3.279111697339e-04 3.350225451868e-04 3.367205499671e-04 3.581495839171e-04 3.941738395952e-04 4.293946840335e-04 4.629265167750e-04 4.900408093818e-04 5.617825081572e-04 6.622837390751e-04 7.573644979857e-04 8.492656634189e-04 9.158934699371e-04 9.376281523146e-04 9.236814803444e-04 8.894522325136e-04 8.469219319522e-04 8.119264966808e-04 7.772110984661e-04 7.189966272563e-04 6.550610414706e-04 7.519033970311e-04 8.333071600646e-04 9.031132212840e-04 9.706307901070e-04 9.933755500242e-04 9.131455444731e-04 9.274735930376e-04 9.600416524336e-04 1.035522785969e-03 1.182526000775e-03 1.274749403819e-03 1.121342414990e-03 9.198352345265e-04 8.010963792913e-04 9.114017011598e-04
1.597753434908e-04 2.519433037378e-04 3.117743472103e-04 3.337645903230e-04 3.332714841235e-04 3.323128039483e-04 3.463035100140e-04 3.560467448551e-04 3.615509776864e-04 3.623278462328e-04 3.590486885514e-04 3.788848989643e-04 4.185752768535e-04 4.683032457251e-04 4.843888164032e-04 5.505385342985e-04 6.777922972105e-04 7.876376621425e-04 8.747341344133e-04 9.295447962359e-04 9.416959364899e-04 9.163223439828e-04 8.688588277437e-04 8.132613147609e-04 7.611520704813e-04 7.086678524502e-04 6.344352732413e-04 6.545540527441e-04 7.377167930827e-04 8.110058261082e-04 8.776913164183e-04 9.335111244582e-04 9.340683463961e-04 8.596024126746e-04 9.482942987233e-04 1.184054184705e-03 1.120172906667e-03 1.171032898128e-03 1.128277042881e-03 9.593763970770e-04 8.323715883307e-04 7.290922221728e-04 8.273487910628e-04
1.574945636094e-04 2.475400688127e-04 3.045227203984e-04 3.248189750593e-04 3.241982485633e-04 3.337213420309e-04 3.427363699302e-04 3.471014497336e-04 3.481766616460e-04 3.460180014372e-04 3.466240013950e-04 3.890441439580e-04 4.527219280135e-04 5.070019396953e-04 5.232177791186e-04 5.118108820170e-04 6.481443415396e-04 7.604752900079e-04 8.238402078860e-04 8.461126126349e-04 8.342165383510e-04 7.888927357271e-04 7.285539759323e-04 6.762188277207e-04 6.338524981402e-04 5.883199046366e-04 5.905953003094e-04 6.493375985883e-04 7.228387985379e-04 7.887255051173e-04 8.461913093925e-04 8.781249634922e-04 8.536670939066e-04 8.244100608863e-04 9.888584027067e-04 1.057648216374e-03 1.081516849808e-03 1.176876714453e-03 1.141097280197e-03 9.351479238831e-04 8.108412148431e-04 7.453252910636e-04 8.036168874241e-04
1.440997002646e-04 2.250497054774e-04 2.752154832706e-04 2.928393951152e-04 3.118258609902e-04 3.253539034631e-04 3.194904711563e-04 3.057703434024e-04 3.021175507456e-04 3.233636089135e-04 3.531131951604e-04 4.082416126039e-04 4.825595824514e-04 5.387843702920e-04 5.544708692469e-04 5.451631150208e-04 5.934017826803e-04 6.889285868965e-04 7.246906170622e-04 7.166984141804e-04 6.809102487750e-04 6.177598261274e-04 5.929547478445e-04 7.021301425993e-04 7.120232912712e-04 6.825129385106e-04 6.685457192361e-04 6.710316520184e-04 7.029775879346e-04 7.603649864905e-04 8.004007977434e-04 8.015760686249e-04 7.525538094342e-04 7.614446803927e-04 9.010369540192e-04 1.280520576984e-03 1.097064930946e-03 1.538882381283e-03 1.365111558698e-03 1.151657081209e-03 9.763397392817e-04 8.038989035413e-04 9.055609698407e-04
1.497760240454e-04 2.207694778917e-04 2.709102118388e-04 3.129130345769e-04 3.447279450484e-04 3.522309125401e-04 3.419938147999e-04 3.227200650144e-04 3.002647426911e-04 3.264419792686e-04 3.618017362896e-04 4.286231705919e-04 5.108300829306e-04 5.680792382918e-04 5.835205665790e-04 5.743596702814e-04 5.447687581182e-04 6.273459293880e-04 6.514593260363e-04 6.861481815577e-04 9.319162345491e-04 8.542748983018e-04 6.436913390644e-04 7.322207675315e-04 7.108546560630e-04 6.548272795044e-04 6.218531052582e-04 6.200555944815e-04 6.791036576033e-04 7.233991636895e-04 7.386848446913e-04 7.095279288478e-04 6.446982733905e-04 6.840305868536e-04 7.595347706228e-04 1.138205756433e-03 1.426808536053e-03 2.235743915662e-03 2.067488152534e-03 1.364297699183e-03 1.039085676894e-03 9.561253245920e-04 1.176766119897e-03
