100/SI/f184_max.grd
DSAA
101	101
32.816463539100	34.260883539100
35.556306596100	36.727886596100
1.487104327680e-05	2.438112974167e+00
[rows 19 to 37 of 101, columns 0 to 42 of 101]
4.676442127675e-03 9.533767588437e-03 1.219194009900e-02 1.242237631232e-02 1.024670898914e-02 8.105975575745e-03 5.555750336498e-03 6.294757593423e-03 7.554091978818e-03 9.095323272049e-03 1.202768739313e-02 1.436186674982e-02 1.395951211452e-02 1.513753924519e-02 1.524965930730e-02 1.478414982557e-02 1.405603438616e-02 1.352193299681e-02 1.565781608224e-02 1.409457530826e-02 1.449688803405e-02 1.564345136285e-02 1.679367944598e-02 1.604207418859e-02 1.430466957390e-02 1.210227888077e-02 1.251849159598e-02 2.006170898676e-02 2.387936413288e-02 1.798300631344e-02 1.654882170260e-02 1.522739790380e-02 1.609167084098e-02 1.608776487410e-02 1.610331796110e-02 1.560457795858e-02 1.242351345718e-02 1.085631456226e-02 1.163790561259e-02 1.121481973678e-02 1.623304001987e-02 3.994987159967e-02 1.856500096619e-02
3.657381515950e-03 7.684962358326e-03 1.036297064275e-02 1.133629214019e-02 1.007999572903e-02 9.678912349045e-03 8.868467062712e-03 6.321041844785e-03 8.428052999079e-03 9.842862375081e-03 1.048198807985e-02 1.314205210656e-02 1.162823941559e-02 1.356163620949e-02 1.465893536806e-02 1.512319501489e-02 1.508801523596e-02 1.439713966101e-02 1.819195970893e-02 1.460035797209e-02 1.710258051753e-02 2.051081322134e-02 2.209908515215e-02 2.148875780404e-02 2.011728286743e-02 1.555880717933e-02 1.658698357642e-02 1.624477095902e-02 2.510357089341e-02 1.826058700681e-02 1.561882440001e-02 1.475241687149e-02 1.435768511146e-02 1.443669293076e-02 1.368001010269e-02 1.770868152380e-02 1.183332223445e-02 1.244688592851e-02 1.273093000054e-02 1.307494752109e-02 2.010259404778e-02 3.381285443902e-02 2.767928130925e-02
2.813109895214e-03 5.669457837939e-03 7.832868024707e-03 9.015294723213e-03 8.508517406881e-03 7.394882384688e-03 9.135487489402e-03 9.041341952980e-03 1.037127897143e-02 1.237294729799e-02 1.426749862731e-02 1.879896596074e-02 2.254979126155e-02 2.065099216998e-02 1.406952925026e-02 1.353530492634e-02 1.429971400648e-02 1.497741509229e-02 2.650459855795e-02 2.131098136306e-02 1.603925600648e-02 2.493841014802e-02 2.642957866192e-02 2.889314293861e-02 2.375450171530e-02 2.103141508996e-02 2.072946354747e-02 1.286969520152e-02 2.362886443734e-02 1.684125140309e-02 1.294134464115e-02 1.349892746657e-02 1.593104191124e-02 1.312502380461e-02 1.437410805374e-02 1.873410865664e-02 1.493109203875e-02 1.321047451347e-02 1.375245954841e-02 1.481044385582e-02 2.343688905239e-02 2.420907653868e-02 3.674508631229e-02
3.781130304560e-03 6.790108513087e-03 6.589190568775e-03 6.902811117470e-03 8.085981942713e-03 1.023380737752e-02 1.195093709975e-02 1.430529542267e-02 1.737586408854e-02 2.184144407511e-02 2.779943868518e-02 3.486534580588e-02 3.918266296387e-02 3.406372666359e-02 2.143789827824e-02 1.308411452919e-02 1.805389113724e-02 2.536120451987e-02 3.209207579494e-02 2.611485868692e-02 2.061799913645e-02 2.707258798182e-02 2.880945987999e-02 3.244301304221e-02 2.362708561122e-02 2.395140752196e-02 2.462374605238e-02 1.544244308025e-02 1.930310390890e-02 1.395744457841e-02 1.320844423026e-02 1.308126933873e-02 1.652615703642e-02 1.672537811100e-02 1.665873453021e-02 1.590225659311e-02 2.098777517676e-02 1.468921452761e-02 1.479518786073e-02 1.625801622868e-02 2.612141892314e-02 2.265285700560e-02 4.267066717148e-02
3.672390710562e-03 7.575300987810e-03 8.221633732319e-03 7.874575443566e-03 1.013571955264e-02 1.376928202808e-02 1.509617362171e-02 1.596579886973e-02 1.769222691655e-02 2.048053033650e-02 2.472229488194e-02 2.819820865989e-02 2.887844666839e-02 2.471207454801e-02 1.811510138214e-02 1.610774733126e-02 1.757635362446e-02 2.368908375502e-02 3.156360611320e-02 2.006369829178e-02 1.933162845671e-02 2.729460038245e-02 2.876692637801e-02 3.110976517200e-02 2.482054755092e-02 2.387454919517e-02 2.776025235653e-02 2.369883656502e-02 2.393171750009e-02 2.039766311646e-02 1.763265207410e-02 2.599667012691e-02 2.429015003145e-02 1.805481873453e-02 1.760336942971e-02 1.763030700386e-02 2.326432615519e-02 1.702907681465e-02 1.616355776787e-02 1.715916767716e-02 2.762372605503e-02 2.296472340822e-02 4.358423501253e-02
7.330012042075e-03 1.265300437808e-02 8.231206797063e-03 8.257025852799e-03 9.301027283072e-03 1.198515668511e-02 1.357007678598e-02 1.343291439116e-02 1.335879415274e-02 1.390266418457e-02 1.469693612307e-02 1.556728500873e-02 1.483283564448e-02 1.633011922240e-02 1.653147116303e-02 1.480727642775e-02 1.475450303406e-02 2.717126719654e-02 3.108093887568e-02 1.650914177299e-02 1.668556407094e-02 2.527030371130e-02 2.729642391205e-02 2.651085145772e-02 2.409552037716e-02 2.184557728469e-02 2.988953329623e-02 2.620964869857e-02 2.186330407858e-02 2.115540951490e-02 2.077067457139e-02 3.345293179154e-02 4.977132007480e-02 4.738423228264e-02 4.289580509067e-02 4.093657806516e-02 4.250943288207e-02 2.617740258574e-02 2.220009639859e-02 1.833453401923e-02 2.825517579913e-02 2.217958308756e-02 3.857531398535e-02
1.358956843615e-02 2.879028208554e-02 2.964668348432e-02 2.598734386265e-02 1.623038575053e-02 9.360798634589e-03 9.044548496604e-03 9.480666369200e-03 1.032922323793e-02 1.335483789444e-02 1.601560413837e-02 1.790499687195e-02 1.848714426160e-02 1.772546581924e-02 1.615322194993e-02 1.674379594624e-02 1.763808727264e-02 2.647356316447e-02 2.609180286527e-02 1.533082872629e-02 1.664098165929e-02 2.061722241342e-02 2.360317856073e-02 2.195880189538e-02 2.482955530286e-02 2.394545637071e-02 3.101842291653e-02 3.298625349998e-02 3.506930917501e-02 3.139271587133e-02 2.368055470288e-02 1.990946754813e-02 4.031764715910e-02 4.403008893132e-02 4.853160679340e-02 5.869008228183e-02 7.331839948893e-02 4.469524696469e-02 3.277623653412e-02 2.783301658928e-02 2.774097956717e-02 2.068732492626e-02 2.886890061200e-02
1.451021805406e-02 3.128728643060e-02 3.611041978002e-02 4.262265190482e-02 4.665195196867e-02 4.047065973282e-02 2.268781140447e-02 1.242518890649e-02 1.694916561246e-02 1.979640312493e-02 2.033953927457e-02 1.924299448729e-02 1.799848489463e-02 2.423956617713e-02 2.670712210238e-02 2.651578187943e-02 2.610387280583e-02 2.539342828095e-02 2.508331276476e-02 2.422869950533e-02 2.368148975074e-02 2.367955446243e-02 2.296984754503e-02 2.883918397129e-02 3.471222147346e-02 3.002008795738e-02 3.394083678722e-02 4.357296228409e-02 4.405241459608e-02 3.913154825568e-02 2.922067604959e-02 2.146220952272e-02 2.361546456814e-02 3.713885322213e-02 5.535116419196e-02 4.871803149581e-02 4.959684237838e-02 3.752280399203e-02 3.996201232076e-02 4.069968312979e-02 3.311108052731e-02 2.128548920155e-02 2.570995315909e-02
9.316743351519e-03 2.056120522320e-02 2.391878888011e-02 2.936454489827e-02 3.820836916566e-02 5.022386834025e-02 5.674220994115e-02 4.413362219930e-02 2.305058576167e-02 2.140419371426e-02 1.905963197351e-02 2.457706816494e-02 2.898047119379e-02 3.018100559711e-02 2.867961674929e-02 2.865937724710e-02 2.836627140641e-02 2.751590684056e-02 2.882261015475e-02 2.908400073647e-02 2.988865412772e-02 3.247172385454e-02 3.070009499788e-02 2.826920524240e-02 2.737773396075e-02 3.532429784536e-02 3.384751826525e-02 4.178985208273e-02 4.596804827452e-02 4.126172512770e-02 3.083630092442e-02 3.344262763858e-02 4.314891248941e-02 5.775032937527e-02 6.887360662222e-02 4.985146597028e-02 3.479653969407e-02 2.905352599919e-02 3.585769236088e-02 4.596582800150e-02 5.019299685955e-02 3.409689664841e-02 2.560034208000e-02
6.412365008146e-03 1.259041950107e-02 1.569999009371e-02 1.445332635194e-02 1.664542593062e-02 2.490772493184e-02 3.892593830824e-02 5.277550220490e-02 5.263174325228e-02 3.621282801032e-02 2.748775482178e-02 2.901800908148e-02 2.940901368856e-02 2.808556891978e-02 2.760351262987e-02 2.714206837118e-02 2.573480084538e-02 2.760678529739e-02 2.831931225955e-02 2.936498261988e-02 3.111779876053e-02 3.002692572773e-02 2.885256148875e-02 2.847930043936e-02 2.800698578358e-02 2.754541859031e-02 2.907641790807e-02 3.233886510134e-02 3.896664828062e-02 4.054365679622e-02 3.177330642939e-02 3.878573700786e-02 4.673280194402e-02 5.309256538749e-02 5.141380056739e-02 3.219377249479e-02 3.390825539827e-02 3.913493081927e-02 4.221423715353e-02 3.788232803345e-02 5.620944872499e-02 5.716194957495e-02 3.197050467134e-02
7.439501583576e-03 1.464597973973e-02 1.453578937799e-02 1.784244924784e-02 1.464275270700e-02 1.268035080284e-02 1.493447832763e-02 2.744105458260e-02 4.400782287121e-02 5.112715065479e-02 4.164876043797e-02 2.774957567453e-02 2.636796981096e-02 2.578423172235e-02 2.412274293602e-02 2.343268133700e-02 2.417958714068e-02 2.630804479122e-02 2.556219510734e-02 2.551716193557e-02 2.303350344300e-02 1.884810999036e-02 2.398223243654e-02 2.129203081131e-02 3.222416713834e-02 2.867079153657e-02 3.281612321734e-02 3.613108396530e-02 3.015694208443e-02 3.260094672441e-02 3.628875687718e-02 3.907843306661e-02 3.372475877404e-02 4.153598472476e-02 3.082441724837e-02 2.637358009815e-02 3.422195836902e-02 4.730973765254e-02 5.664157122374e-02 5.361109599471e-02 4.550749808550e-02 7.067475467920e-02 5.320593714714e-02
9.610486216843e-03 1.847579702735e-02 1.718171127141e-02 1.764164492488e-02 1.966176554561e-02 1.478193420917e-02 2.053891122341e-02 2.494801767170e-02 2.757733874023e-02 3.851143270731e-02 4.957465827465e-02 4.493841528893e-02 2.749985456467e-02 2.214221842587e-02 2.178623341024e-02 2.229234948754e-02 2.307497709990e-02 2.279355563223e-02 2.409865707159e-02 2.365873008966e-02 2.063082903624e-02 1.706249639392e-02 1.837585307658e-02 2.943309396505e-02 4.385022819042e-02 5.902814492583e-02 7.088270783424e-02 5.769799649715e-02 3.875619545579e-02 3.621882200241e-02 4.474812000990e-02 3.136799857020e-02 2.344648726285e-02 5.173052847385e-02 2.151239663363e-02 3.060169331729e-02 2.833403646946e-02 3.978959843516e-02 5.788365006447e-02 6.225341930985e-02 5.355944484472e-02 5.954549834132e-02 8.074110001326e-02
8.732908405364e-03 1.908814534545e-02 2.017841860652e-02 1.971870101988e-02 2.079804614186e-02 2.108793333173e-02 2.527994476259e-02 2.656819112599e-02 2.637983672321e-02 2.492607198656e-02 3.448153659701e-02 4.911955818534e-02 4.792898148298e-02 3.305694833398e-02 2.090145647526e-02 2.086093835533e-02 2.011039294302e-02 1.841013319790e-02 2.463806048036e-02 2.564329840243e-02 2.595957368612e-02 2.162427268922e-02 1.982526667416e-02 3.641228377819e-02 6.174338981509e-02 9.101329743862e-02 1.068050190806e-01 1.020992994308e-01 6.650067865849e-02 4.179966449738e-02 4.822867363691e-02 4.034709557891e-02 3.760701417923e-02 6.319104880095e-02 3.259114548564e-02 6.292635202408e-02 4.556793719530e-02 3.224962204695e-02 4.424863308668e-02 6.361602991819e-02 6.520310044289e-02 5.507162213326e-02 8.664225041866e-02
1.073009800166e-02 2.184512093663e-02 2.209545671940e-02 2.145542949438e-02 2.226565219462e-02 2.523768879473e-02 2.542360499501e-02 2.569036930799e-02 2.361506782472e-02 2.176159620285e-02 2.104342915118e-02 2.967795915902e-02 4.764220863581e-02 5.020206049085e-02 3.803065791726e-02 1.808301359415e-02 1.678813435137e-02 1.880235224962e-02 2.189918234944e-02 3.494968637824e-02 3.160124272108e-02 2.895043231547e-02 2.657748758793e-02 3.632219135761e-02 6.312675029039e-02 9.004609286785e-02 1.225681304932e-01 1.436130404472e-01 1.197972744703e-01 5.789736285806e-02 5.222496762872e-02 5.668503418565e-02 5.408098548651e-02 7.474033534527e-02 4.151926562190e-02 8.418952673674e-02 6.976245343685e-02 4.591882228851e-02 4.216592013836e-02 6.114711239934e-02 1.306762844324e-01 6.632231175900e-02 7.068199664354e-02
1.413168385625e-02 2.659496665001e-02 2.462354488671e-02 2.628553844988e-02 2.789586968720e-02 2.947206422687e-02 3.129157423973e-02 3.254184499383e-02 3.325111046433e-02 3.335995599627e-02 3.235458582640e-02 3.126930817962e-02 2.993855252862e-02 4.402039572597e-02 5.108014866710e-02 4.254050552845e-02 2.129243686795e-02 1.930288039148e-02 2.117665484548e-02 3.339715674520e-02 3.539643809199e-02 3.186590597034e-02 2.934461273253e-02 3.110909089446e-02 5.226814746857e-02 7.774392515421e-02 1.203649416566e-01 1.681216359138e-01 1.588095575571e-01 9.669268876314e-02 7.493528723717e-02 9.448997676373e-02 1.014715656638e-01 9.367053955793e-02 7.760900259018e-02 9.074202179909e-02 8.643175661564e-02 6.673188507557e-02 7.599316537380e-02 6.823964416981e-02 1.867295354605e-01 1.526317894459e-01 4.136836901307e-02
1.447631139308e-02 3.008443489671e-02 3.003515861928e-02 2.912279218435e-02 2.567470632493e-02 2.309879474342e-02 2.190781384706e-02 2.421898581088e-02 2.681950107217e-02 2.988463267684e-02 3.329835087061e-02 3.725917264819e-02 4.103242233396e-02 6.515853852034e-02 6.670283526182e-02 5.055551230907e-02 4.765835031867e-02 4.537412524223e-02 4.227097705007e-02 3.875801712275e-02 3.496287763119e-02 3.028260730207e-02 3.309794142842e-02 3.232980892062e-02 3.573432937264e-02 5.884230881929e-02 8.670365065336e-02 1.371286362410e-01 1.741902530193e-01 1.206087470055e-01 5.712831392884e-02 5.913726612926e-02 8.689457178116e-02 1.153872832656e-01 1.281990855932e-01 1.189296990633e-01 8.584322035313e-02 7.225771248341e-02 5.452540516853e-02 7.821437716484e-02 1.949782520533e-01 2.340268641710e-01 6.309024244547e-02
1.226018927991e-02 2.472178079188e-02 2.585115283728e-02 2.817918732762e-02 2.958717197180e-02 2.859095111489e-02 2.400316484272e-02 2.082637511194e-02 2.094087749720e-02 2.093167789280e-02 2.081017009914e-02 2.035796456039e-02 1.971377059817e-02 2.504207193851e-02 3.757791593671e-02 4.114768654108e-02 4.923538118601e-02 4.755260422826e-02 3.878524154425e-02 4.292255267501e-02 4.541719332337e-02 4.688469693065e-02 4.862942546606e-02 5.078859627247e-02 4.882733896375e-02 3.910354152322e-02 5.845539271832e-02 1.038908883929e-01 1.466926336288e-01 1.076319888234e-01 5.386878922582e-02 3.790855035186e-02 3.353318572044e-02 5.625094473362e-02 6.778199970722e-02 1.102240234613e-01 1.399834752083e-01 1.294484883547e-01 8.058717846870e-02 8.796833455563e-02 1.253144592047e-01 2.777693569660e-01 1.008791849017e-01
9.923332370818e-03 1.918597519398e-02 1.910936459899e-02 1.829797960818e-02 1.873910054564e-02 2.096943929791e-02 2.190635539591e-02 2.156022191048e-02 1.833280734718e-02 1.978852599859e-02 2.150135859847e-02 2.323709614575e-02 2.483695186675e-02 2.643854543567e-02 2.807298861444e-02 2.948771789670e-02 3.071784041822e-02 4.621012136340e-02 4.923376441002e-02 6.377670168877e-02 5.000108107924e-02 4.121386632323e-02 3.938219696283e-02 3.827546909451e-02 3.841892629862e-02 4.351192712784e-02 5.798809975386e-02 6.651542335749e-02 9.376423060894e-02 7.641046494246e-02 3.862642124295e-02 4.572436586022e-02 3.412964940071e-02 4.512159153819e-02 5.307685211301e-02 6.399788707495e-02 6.455624848604e-02 1.086240261793e-01 1.535342633724e-01 1.244664937258e-01 1.110537052155e-01 2.276017665863e-01 2.051216363907e-01
6.260013207793e-03 1.261161733419e-02 1.241474971175e-02 1.213074661791e-02 1.372061390430e-02 1.611020788550e-02 1.764410361648e-02 1.849922537804e-02 1.879147626460e-02 1.731427386403e-02 1.617322117090e-02 1.697445847094e-02 1.794935576618e-02 1.811609975994e-02 1.836877316236e-02 2.447511069477e-02 2.725054882467e-02 3.651179745793e-02 6.907018274069e-02 7.234928756952e-02 6.410758942366e-02 5.472752824426e-02 6.391226500273e-02 7.649242877960e-02 5.384292826056e-02 6.176671758294e-02 6.017145141959e-02 5.594490095973e-02 5.821144208312e-02 7.684984058142e-02 7.215870916843e-02 4.523573443294e-02 4.702211543918e-02 4.955171793699e-02 5.356578901410e-02 5.577808991075e-02 5.755916237831e-02 7.410871237516e-02 1.087143942714e-01 1.266708672047e-01 1.513238996267e-01 2.035439610481e-01 1.684199422598e-01
