100/SI/f187_max.grd
DSAA
101	101
32.816463539100	34.260883539100
35.556306596100	36.727886596100
2.075737211271e-05	3.368132829666e+00
[rows 0 to 18 of 101, columns 0 to 42 of 101]
3.139789216220e-03 5.614042747766e-03 4.979283548892e-03 2.987937536091e-03 2.485161414370e-03 3.263021586463e-03 6.503008306026e-03 9.069113992155e-03 8.111828938127e-03 4.843897651881e-03 3.062354167923e-03 3.517405362800e-03 3.732366720214e-03 3.602371318266e-03 3.088223747909e-03 4.700845573097e-03 7.066274993122e-03 8.178438991308e-03 5.828834138811e-03 3.798144869506e-03 4.314044490457e-03 4.604042973369e-03 3.417765721679e-03 3.066394943744e-03 3.258913755417e-03 4.446001257747e-03 6.473790854216e-03 7.396525703371e-03 9.618877433240e-03 7.665056735277e-03 5.902518052608e-03 5.546948872507e-03 4.814314655960e-03 3.820691024885e-03 3.107542870566e-03 3.013090929016e-03 2.773293294013e-03 3.758054459468e-03 5.266116466373e-03 6.035124417394e-03 5.053286906332e-03 4.271721467376e-03 4.070708062500e-03
5.810327362269e-03 1.096742320806e-02 1.076383981854e-02 7.529576309025e-03 5.297377705574e-03 6.308226380497e-03 1.251292973757e-02 1.731045916677e-02 1.531683746725e-02 8.926020003855e-03 5.257064942271e-03 6.008491385728e-03 6.343101616949e-03 6.037288345397e-03 5.267791450024e-03 6.987403146923e-03 1.112811081111e-02 1.456712000072e-02 1.315288245678e-02 7.842410355806e-03 7.867707870901e-03 1.202918495983e-02 6.314764730632e-03 5.692327860743e-03 6.715199444443e-03 8.681852370501e-03 1.085049845278e-02 1.239127572626e-02 1.829131320119e-02 1.424078363925e-02 9.592811577022e-03 8.694301359355e-03 8.100818842649e-03 6.557141430676e-03 7.055690046400e-03 7.382292766124e-03 7.428561802953e-03 8.347637020051e-03 1.048986334354e-02 1.055108383298e-02 7.805190049112e-03 7.704934105277e-03 8.420882746577e-03
5.681633949280e-03 1.166319474578e-02 1.307652983814e-02 1.120863202959e-02 7.217233534902e-03 7.280812133104e-03 1.447500661016e-02 1.967270113528e-02 1.685741916299e-02 9.240294806659e-03 6.636990234256e-03 7.478727027774e-03 7.724926806986e-03 7.146660704166e-03 5.884217098355e-03 5.666957236826e-03 7.301900070161e-03 1.091228146106e-02 1.247893646359e-02 1.014366932213e-02 1.240562833846e-02 1.860390976071e-02 8.130554109812e-03 7.054762449116e-03 8.923943154514e-03 1.078692916781e-02 1.119153946638e-02 1.123866531998e-02 2.131737768650e-02 1.597054861486e-02 9.294233284891e-03 7.970510981977e-03 1.108231488615e-02 5.899473093450e-03 6.632179021835e-03 7.617397699505e-03 9.577804245055e-03 1.212527230382e-02 1.267318893224e-02 1.049723755568e-02 1.072162389755e-02 7.148425094783e-03 9.439879097044e-03
5.041044205427e-03 1.109922025353e-02 1.322686858475e-02 1.352435164154e-02 1.087952405214e-02 7.452833931893e-03 1.512448675931e-02 2.012046612799e-02 1.628484018147e-02 7.933813147247e-03 7.342164870352e-03 8.101731538773e-03 8.065743371844e-03 7.175824604928e-03 5.705868359655e-03 5.782229825854e-03 5.521113518625e-03 6.330143660307e-03 8.242333307862e-03 9.377045556903e-03 2.081532776356e-02 2.368251234293e-02 9.112886153162e-03 7.748988922685e-03 9.839181788266e-03 1.126801315695e-02 1.077420078218e-02 1.025531068444e-02 2.135255746543e-02 1.552631892264e-02 7.876721210778e-03 6.400997750461e-03 1.277375221252e-02 6.792277097702e-03 7.453846279532e-03 1.053389161825e-02 1.302640140057e-02 1.357038877904e-02 1.148494053632e-02 1.330759283155e-02 1.294519566000e-02 7.952204905450e-03 8.655966259539e-03
4.933179356158e-03 1.062217913568e-02 1.257238723338e-02 1.389490161091e-02 1.330143027008e-02 9.407478384674e-03 1.542706321925e-02 2.009153924882e-02 1.525997743011e-02 6.722616497427e-03 7.871132344007e-03 8.376640267670e-03 8.027426898479e-03 7.991499267519e-03 7.333686109632e-03 6.187370978296e-03 6.097058765590e-03 6.040183361620e-03 8.496008813381e-03 1.722803525627e-02 2.893998660147e-02 2.602244168520e-02 9.779549203813e-03 1.101977284998e-02 9.843265637755e-03 1.100822072476e-02 9.869324043393e-03 1.020585745573e-02 2.021013200283e-02 1.462460123003e-02 9.308970533311e-03 7.279478013515e-03 1.361861079931e-02 8.342551998794e-03 1.170079503208e-02 1.400193199515e-02 1.415393687785e-02 1.194830238819e-02 8.227346464992e-03 1.364740170538e-02 1.585963927209e-02 1.061175018549e-02 6.861534900963e-03
4.617180209607e-03 9.269211441278e-03 1.119792181998e-02 1.223334483802e-02 1.357543282211e-02 1.130684092641e-02 1.540837250650e-02 1.943603530526e-02 1.374716684222e-02 7.461363915354e-03 8.355517871678e-03 9.077122434974e-03 9.680582210422e-03 9.366628713906e-03 8.419614285231e-03 6.842205766588e-03 5.603564437479e-03 6.369427312165e-03 1.353349722922e-02 2.456910163164e-02 3.367783874273e-02 2.570809051394e-02 1.108356099576e-02 1.676868461072e-02 1.031634863466e-02 1.032330002636e-02 8.840172551572e-03 1.117661781609e-02 1.807698048651e-02 1.466480828822e-02 9.407338686287e-03 7.987145334482e-03 1.578692533076e-02 1.248000841588e-02 1.480875536799e-02 1.463897991925e-02 1.215270534158e-02 8.407470770180e-03 9.302723221481e-03 1.286836620420e-02 1.941077224910e-02 1.232019625604e-02 6.676215678453e-03
5.808698479086e-03 1.032412424684e-02 9.514328092337e-03 9.410175494850e-03 1.171339116991e-02 1.135115697980e-02 1.516016665846e-02 1.856799423695e-02 1.233060937375e-02 8.223958313465e-03 9.127778001130e-03 1.039681956172e-02 1.053485553712e-02 9.789969772100e-03 8.318999782205e-03 7.912484928966e-03 7.513893302530e-03 9.369767270982e-03 1.827570423484e-02 2.936483919621e-02 3.488037362695e-02 2.348206005991e-02 1.466846838593e-02 2.124742232263e-02 1.493847183883e-02 9.401379153132e-03 8.692621253431e-03 2.067515626550e-02 2.891446091235e-02 1.867288909853e-02 1.042963843793e-02 8.857994340360e-03 1.733495295048e-02 1.462428737432e-02 1.462184824049e-02 1.214216928929e-02 8.467095904052e-03 9.326397441328e-03 1.346733234823e-02 1.696617528796e-02 1.992410235107e-02 1.457898505032e-02 6.662961095572e-03
5.887578241527e-03 1.178397703916e-02 1.218548510224e-02 8.830015547574e-03 8.402983658016e-03 9.497731924057e-03 1.494316570461e-02 1.814507320523e-02 1.147805713117e-02 8.886045776308e-03 1.031491812319e-02 1.101342774928e-02 1.064390223473e-02 9.375923313200e-03 8.816635236144e-03 1.003240328282e-02 1.118159200996e-02 1.237588096410e-02 2.241390198469e-02 3.186713904142e-02 3.423818200827e-02 2.110654301941e-02 1.591823436320e-02 2.335799112916e-02 1.816341467202e-02 1.157241966575e-02 8.313959464431e-03 3.136671707034e-02 4.047351330519e-02 2.188802883029e-02 1.139617990702e-02 1.066932361573e-02 1.712027005851e-02 1.342319324613e-02 1.243739761412e-02 8.835189975798e-03 8.931146003306e-03 1.325555611402e-02 1.747584529221e-02 1.928261294961e-02 1.751371659338e-02 1.831331662834e-02 7.634123787284e-03
5.089275073260e-03 1.113129779696e-02 1.385032013059e-02 1.261830516160e-02 8.394688367844e-03 8.239065296948e-03 1.477533578873e-02 1.797924190760e-02 1.104288175702e-02 9.825902059674e-03 1.093992590904e-02 1.104237698019e-02 1.009550783783e-02 8.771068416536e-03 9.253377094865e-03 1.066659111530e-02 1.446749269962e-02 1.486219093204e-02 2.474742569029e-02 3.138992562890e-02 3.107360750437e-02 1.831917092204e-02 1.623963564634e-02 2.233259007335e-02 1.959312334657e-02 1.335975900292e-02 1.048752386123e-02 4.042412340641e-02 4.721790924668e-02 2.411085553467e-02 1.248181704432e-02 1.016933657229e-02 1.736415922642e-02 1.158217526972e-02 1.365027669817e-02 1.367727760226e-02 1.328457705677e-02 1.778093166649e-02 2.043538540602e-02 1.931009627879e-02 1.418263372034e-02 2.271837182343e-02 8.971882984042e-03
5.133310332894e-03 9.240477345884e-03 1.304818876088e-02 1.478910259902e-02 1.262784097344e-02 7.809597998857e-03 1.480656303465e-02 1.794369518757e-02 1.078521553427e-02 1.040210202336e-02 1.096990238875e-02 1.049105357379e-02 1.154455542564e-02 1.257073879242e-02 1.314571220428e-02 1.332838274539e-02 1.570762321353e-02 1.722212508321e-02 2.548966743052e-02 2.912400662899e-02 2.692917920649e-02 1.561781857163e-02 1.467338949442e-02 1.951902732253e-02 1.892621256411e-02 1.372879929841e-02 1.133669633418e-02 4.584201797843e-02 5.012831464410e-02 2.497772313654e-02 1.094815880060e-02 8.857358247042e-03 1.881501078606e-02 1.149517670274e-02 1.397387962788e-02 1.428177859634e-02 1.842469722033e-02 2.120170183480e-02 2.073759585619e-02 1.660712063313e-02 1.187801361084e-02 2.466990798712e-02 1.247694436461e-02
5.154658574611e-03 1.032870542258e-02 1.075235102326e-02 1.413732115179e-02 1.548133697361e-02 1.246655452996e-02 1.467152498662e-02 1.765233278275e-02 1.042691431940e-02 1.050686556846e-02 1.159585453570e-02 1.357939746231e-02 1.505763735622e-02 1.587557978928e-02 1.625268906355e-02 1.639194414020e-02 1.621652953327e-02 2.138650603592e-02 2.995341643691e-02 3.173159807920e-02 2.666512131691e-02 1.970773376524e-02 1.383560057729e-02 1.664879918098e-02 1.707293838263e-02 1.223047822714e-02 1.316471491009e-02 4.834921285510e-02 5.127857625484e-02 2.446063607931e-02 1.051512919366e-02 9.995650500059e-03 1.843403279781e-02 1.228535454720e-02 1.627526991069e-02 1.971597038209e-02 2.197728864849e-02 2.155252359807e-02 1.787539571524e-02 1.379771716893e-02 1.345507148653e-02 2.369420416653e-02 1.623192243278e-02
4.362028557807e-03 9.188882075250e-03 1.100288797170e-02 1.174931786954e-02 1.527327578515e-02 1.611366681755e-02 1.422569435090e-02 1.700733415782e-02 1.030075456947e-02 1.248502917588e-02 1.453676633537e-02 1.620547100902e-02 1.734545081854e-02 1.799440756440e-02 1.821064390242e-02 1.816852018237e-02 1.797118596733e-02 2.843005582690e-02 3.884635865688e-02 4.036702215672e-02 3.477885201573e-02 2.724758535624e-02 1.993280462921e-02 1.413060445338e-02 1.993317715824e-02 1.909487880766e-02 1.615385524929e-02 4.638794064522e-02 4.536637663841e-02 2.225513942540e-02 1.366050727665e-02 1.616723649204e-02 1.744337007403e-02 1.953924633563e-02 2.213929779828e-02 2.312204055488e-02 2.216949872673e-02 1.922807469964e-02 1.827477291226e-02 2.116710878909e-02 1.600188203156e-02 2.024871110916e-02 1.950070448220e-02
3.761427477002e-03 7.154810242355e-03 9.150713682175e-03 1.083254721016e-02 1.290210615844e-02 1.636374928057e-02 1.645771972835e-02 1.608620770276e-02 1.278119720519e-02 1.487515587360e-02 1.637076213956e-02 1.731885410845e-02 1.788256317377e-02 1.819027587771e-02 1.820504665375e-02 1.810138672590e-02 1.809132471681e-02 3.126764297485e-02 4.223428666592e-02 4.312338680029e-02 3.727991133928e-02 3.035171702504e-02 2.371838502586e-02 1.734193414450e-02 2.676196396351e-02 2.587595023215e-02 2.182251028717e-02 4.038438946009e-02 3.559385985136e-02 1.892518624663e-02 2.383290790021e-02 2.690366469324e-02 2.681143209338e-02 2.593767084181e-02 2.516207471490e-02 2.448035217822e-02 2.374153584242e-02 2.252642437816e-02 2.060445770621e-02 2.867449074984e-02 1.781708188355e-02 1.539248414338e-02 2.511448599398e-02
4.683947656304e-03 9.013456292450e-03 8.858074434102e-03 8.319503627717e-03 1.020442601293e-02 1.402650587261e-02 1.750302128494e-02 1.671041175723e-02 1.421226561069e-02 1.580482348800e-02 1.659851148725e-02 1.684938557446e-02 1.672043465078e-02 1.633044332266e-02 1.589250564575e-02 1.579909212887e-02 1.618990302086e-02 2.869163081050e-02 3.799343109131e-02 3.926931694150e-02 3.525153174996e-02 2.988038957119e-02 2.465984970331e-02 1.948061026633e-02 2.642452344298e-02 2.729601040483e-02 2.411720156670e-02 3.304269537330e-02 2.596632018685e-02 2.071756869555e-02 2.796080335975e-02 3.164071589708e-02 3.020887263119e-02 2.718655019999e-02 2.452862262726e-02 2.306644432247e-02 2.178562246263e-02 2.029760926962e-02 1.855191215873e-02 3.031667321920e-02 2.777192741632e-02 1.587837375700e-02 2.851148881018e-02
6.024488713592e-03 1.205428224057e-02 1.211975235492e-02 1.189870294183e-02 1.151126623154e-02 1.094756182283e-02 1.533332560211e-02 1.869707740843e-02 1.654088869691e-02 1.543776784092e-02 1.563199423254e-02 1.528298854828e-02 1.458875648677e-02 1.366696599871e-02 1.286411751062e-02 1.302707474679e-02 1.315786782652e-02 2.265219204128e-02 2.918893471360e-02 3.078353032470e-02 2.880129963160e-02 2.585816197097e-02 2.281434275210e-02 1.955276355147e-02 2.070102654397e-02 2.257712744176e-02 2.206041291356e-02 3.359256312251e-02 1.903161779046e-02 2.102353051305e-02 2.723109163344e-02 3.024906292558e-02 2.895786426961e-02 2.394743636250e-02 1.776800304651e-02 1.833219453692e-02 1.559446938336e-02 1.651416905224e-02 1.608727872372e-02 2.497695200145e-02 3.705163672566e-02 1.609406247735e-02 2.865385822952e-02
6.102517247200e-03 1.240430865437e-02 1.285654772073e-02 1.347933523357e-02 1.395149715245e-02 1.407929044217e-02 1.395226549357e-02 1.678664796054e-02 1.953380368650e-02 1.568313688040e-02 1.401121914387e-02 1.326730474830e-02 1.231500227004e-02 1.168025936931e-02 1.257192809135e-02 1.332692615688e-02 1.419449597597e-02 1.860308460891e-02 2.042719908059e-02 2.190761826932e-02 2.145504206419e-02 1.990222930908e-02 1.857796311378e-02 1.760529913008e-02 1.685060746968e-02 1.653729565442e-02 2.186906337738e-02 3.554502502084e-02 2.424440346658e-02 2.372380718589e-02 2.818911708891e-02 2.862860634923e-02 2.405967935920e-02 2.405553869903e-02 1.304597035050e-02 2.175724320114e-02 2.068997919559e-02 1.917690038681e-02 1.645984314382e-02 1.747707650065e-02 4.203866049647e-02 2.283677458763e-02 2.538217604160e-02
6.627005524933e-03 1.144156418741e-02 1.125112548470e-02 1.179200597107e-02 1.286415662616e-02 1.415566541255e-02 1.500274147838e-02 1.541867759079e-02 1.796120963991e-02 1.901600882411e-02 1.630380563438e-02 1.571611501276e-02 1.579093188047e-02 1.431536953896e-02 1.296392455697e-02 1.470198296010e-02 1.623439602554e-02 1.913494616747e-02 1.931313797832e-02 1.631392911077e-02 1.464221160859e-02 1.705521531403e-02 2.139237523079e-02 2.225258201361e-02 2.011333219707e-02 1.628198474646e-02 2.421602047980e-02 3.615869581699e-02 2.435509674251e-02 2.559466473758e-02 2.693787030876e-02 2.767947316170e-02 2.976150251925e-02 2.674951963127e-02 1.626482978463e-02 2.449128217995e-02 2.300672419369e-02 1.904226653278e-02 1.434457954019e-02 1.710717752576e-02 4.031369835138e-02 3.509956970811e-02 1.950015872717e-02
7.557966746390e-03 1.392176747322e-02 1.499409694225e-02 1.293704472482e-02 1.177063770592e-02 1.272331830114e-02 1.299355458468e-02 1.299311872572e-02 1.405664347112e-02 1.749541796744e-02 1.907137781382e-02 1.965056359768e-02 1.965798623860e-02 1.806467399001e-02 1.779791340232e-02 1.718330942094e-02 1.613632962108e-02 1.915403828025e-02 2.010097540915e-02 1.789095252752e-02 1.476332731545e-02 1.357584632933e-02 1.490082498640e-02 1.666267961264e-02 1.711506396532e-02 1.727518811822e-02 2.119578048587e-02 3.470727801323e-02 2.474384382367e-02 2.170429192483e-02 2.487136982381e-02 2.864594571292e-02 3.201470151544e-02 2.732633799314e-02 1.871232688427e-02 2.706127986312e-02 2.203554846346e-02 1.711047068238e-02 1.286141574383e-02 1.560355443507e-02 3.240181878209e-02 4.753062874079e-02 2.163889072835e-02
7.411440368742e-03 1.453215070069e-02 1.727456785738e-02 1.627249829471e-02 1.232408359647e-02 9.405738674104e-03 1.144974678755e-02 1.301183737814e-02 1.399908866733e-02 1.414841599762e-02 1.887612231076e-02 2.097234502435e-02 1.993813924491e-02 2.000766061246e-02 2.026588097215e-02 1.998986490071e-02 1.767096109688e-02 1.897227391601e-02 2.074844576418e-02 1.913150399923e-02 1.449279952794e-02 1.756682805717e-02 1.720239408314e-02 1.763528399169e-02 1.553963031620e-02 1.512891333550e-02 1.590456068516e-02 3.212051838636e-02 2.925769425929e-02 2.320144325495e-02 2.245488017797e-02 2.422700263560e-02 3.000945039093e-02 2.679824456573e-02 2.173682861030e-02 2.614275552332e-02 1.919513754547e-02 1.534235663712e-02 1.444771885872e-02 1.420699153095e-02 2.223378047347e-02 5.559324845672e-02 2.280477434397e-02
