100/SI/f187_max.grd
DSAA
101	101
32.816463539100	34.260883539100
35.556306596100	36.727886596100
2.075737211271e-05	3.368132829666e+00
[rows 76 to 94 of 101, columns 0 to 42 of 101]
2.181083400501e-04 3.155283047818e-04 4.149782180320e-04 4.914522869512e-04 5.282030324452e-04 5.316358874552e-04 5.136086256243e-04 4.848937678616e-04 4.522486997303e-04 4.892491269857e-04 5.529495538212e-04 6.627278635278e-04 7.845637155697e-04 8.626742055640e-04 8.783501689322e-04 8.526968304068e-04 7.765881600790e-04 8.296525920741e-04 8.542277500965e-04 9.114082204178e-04 1.258536009118e-03 1.231432193890e-03 8.060756372288e-04 8.749746484682e-04 8.106375462376e-04 7.463980582543e-04 7.511599105783e-04 8.358470513485e-04 9.540903265588e-04 1.007982296869e-03 9.702942334116e-04 9.137501474470e-04 8.883883710951e-04 8.721468620934e-04 9.634006419219e-04 1.157507882454e-03 2.233500592411e-03 2.656920114532e-03 2.500381087884e-03 1.774856355041e-03 1.714802347124e-03 2.890901640058e-03 5.036072339863e-03
2.193514083046e-04 3.546785446815e-04 4.708326014224e-04 5.431630997919e-04 5.720482440665e-04 5.692032282241e-04 5.466432194225e-04 5.132806254551e-04 5.345385288820e-04 5.932597559877e-04 6.824791198596e-04 8.066144073382e-04 9.214183664881e-04 9.773317724466e-04 9.622435318306e-04 8.925895090215e-04 7.603772100993e-04 7.834450225346e-04 7.867222884670e-04 7.005307707004e-04 7.182951667346e-04 7.533506141044e-04 6.558992317878e-04 7.927091210149e-04 8.398472564295e-04 7.705316529609e-04 8.290520636365e-04 9.976949077100e-04 1.106761046685e-03 1.119091757573e-03 1.043714815751e-03 9.577228338458e-04 9.510699310340e-04 9.352627675980e-04 1.137151382864e-03 1.214402844198e-03 2.001408953220e-03 2.237827982754e-03 2.456968650222e-03 2.787855220959e-03 5.766752641648e-03 7.522079162300e-03 7.122094742954e-03
2.336687903153e-04 3.727523435373e-04 4.855792503804e-04 5.495504010469e-04 5.700041074306e-04 5.605283658952e-04 5.320037598722e-04 5.820716614835e-04 6.557909655385e-04 7.335763075389e-04 8.341061766259e-04 9.400783455931e-04 1.008501159959e-03 1.006473088637e-03 9.344617137685e-04 8.114453521557e-04 6.446190527640e-04 6.778922979720e-04 6.565274088643e-04 5.759174819104e-04 5.238575395197e-04 5.874490016140e-04 7.131361053325e-04 9.501946624368e-04 1.000512973405e-03 9.030464570969e-04 1.107368269004e-03 1.200694474392e-03 1.227578730322e-03 1.200243597850e-03 1.122064189985e-03 1.039985450916e-03 9.903565514833e-04 1.144728972577e-03 1.475134049542e-03 1.894612447359e-03 2.497222973034e-03 3.091152757406e-03 2.582368208095e-03 6.790240760893e-03 7.827688008547e-03 7.548074238002e-03 7.451355457306e-03
2.111378707923e-04 3.337243397254e-04 4.302837769501e-04 4.821125767194e-04 4.952657036483e-04 4.815865249839e-04 5.535100935958e-04 6.298470543697e-04 6.909766816534e-04 7.516761543229e-04 8.153647067957e-04 8.625416085124e-04 8.676389115863e-04 8.166873012669e-04 7.212813943624e-04 6.031786906533e-04 5.645424826071e-04 5.445949500427e-04 5.089694168419e-04 4.678855766542e-04 4.847445816267e-04 5.394434556365e-04 8.556847460568e-04 1.163484412245e-03 1.257960335352e-03 1.320125185885e-03 1.358142937534e-03 1.368214259855e-03 1.288708299398e-03 1.211794675328e-03 1.146688358858e-03 1.088593038730e-03 1.205580076203e-03 1.429863274097e-03 1.825325423852e-03 2.106104046106e-03 2.056753495708e-03 3.346441546455e-03 3.899943316355e-03 5.759184714407e-03 6.674153264612e-03 6.759829819202e-03 6.852261256427e-03
1.750110532157e-04 2.802814706229e-04 3.416777180973e-04 3.727073781192e-04 3.826045140158e-04 4.458514740691e-04 5.120390560478e-04 5.528103793040e-04 5.716770538129e-04 5.884348065592e-04 6.078619626351e-04 6.192990695126e-04 6.070766830817e-04 5.617095739581e-04 5.783110391349e-04 5.918360548094e-04 5.854136543348e-04 5.552478251047e-04 5.078872782178e-04 4.589981981553e-04 4.562718968373e-04 5.645888741128e-04 9.633602458052e-04 1.323351869360e-03 1.499467995018e-03 1.589323510416e-03 1.601266558282e-03 1.632469124161e-03 1.591671374626e-03 1.368917059153e-03 1.175061799586e-03 1.136949518695e-03 1.326842000708e-03 1.452709548175e-03 1.538860495202e-03 1.626698067412e-03 2.165375743061e-03 3.230714704841e-03 4.267002921551e-03 4.329664632678e-03 6.772716064006e-03 8.118127472699e-03 6.369533948600e-03
2.381057565799e-04 3.600968630053e-04 4.357172874734e-04 4.696506657638e-04 4.892718279734e-04 4.981960519217e-04 5.012093461119e-04 4.980648518540e-04 4.887252580374e-04 4.757725691888e-04 4.986351705156e-04 5.418817163445e-04 5.794606986456e-04 6.119250319898e-04 6.347657181323e-04 6.404523155652e-04 6.223750533536e-04 5.785378161818e-04 5.176716949791e-04 5.048342281953e-04 4.772366373800e-04 6.086205830798e-04 9.926430648193e-04 1.365565345623e-03 3.377563320100e-03 9.996379725635e-03 1.063545607030e-02 4.786035511643e-03 2.785276621580e-03 2.195071894675e-03 1.555372145958e-03 1.193327479996e-03 1.408712123521e-03 1.849018968642e-03 1.498282421380e-03 1.765745109878e-03 1.954300329089e-03 3.338396549225e-03 5.827390123159e-03 5.697708576918e-03 6.314361933619e-03 8.337692357600e-03 1.147267501801e-02
3.378657856956e-04 4.982326645404e-04 5.954023799859e-04 6.465659826063e-04 6.608768017031e-04 6.571731646545e-04 6.439426215366e-04 6.237906054594e-04 5.982326110825e-04 5.756659666076e-04 6.768592866138e-04 7.777052232996e-04 8.652409305796e-04 9.252016316168e-04 9.453106322326e-04 9.198226616718e-04 8.491835324094e-04 7.385528297164e-04 6.843117298558e-04 6.505952333100e-04 6.093782139942e-04 6.960889440961e-04 9.926931234077e-04 2.213611034676e-03 9.358366951346e-03 2.693616785109e-02 2.944713458419e-02 1.480793394148e-02 6.415580399334e-03 3.155005164444e-03 2.035126788542e-03 1.529279747047e-03 1.385563868098e-03 1.970958663151e-03 2.139274496585e-03 2.214492997155e-03 1.973264617845e-03 3.013789188117e-03 6.877386942506e-03 1.032845303416e-02 6.815936882049e-03 6.582238245755e-03 1.459756586701e-02
4.249351914041e-04 6.066486239433e-04 7.257421384566e-04 7.718097767793e-04 7.697458495386e-04 7.443764479831e-04 7.080087088980e-04 6.892051897012e-04 8.079403196461e-04 9.858169360086e-04 1.169490860775e-03 1.343006268144e-03 1.490685506724e-03 1.607167301700e-03 1.687465468422e-03 1.716470927931e-03 1.672084792517e-03 1.528445864096e-03 1.260958844796e-03 9.392028441653e-04 8.687871741131e-04 8.883374393918e-04 1.943595358171e-03 3.527377033606e-03 1.019339077175e-02 8.397164940834e-02 1.573662012815e-01 3.426943346858e-02 1.495393738151e-02 5.350602325052e-03 2.493465319276e-03 1.891932333820e-03 1.841654535383e-03 2.563182497397e-03 3.078273264691e-03 2.992469351739e-03 2.456397283822e-03 3.596110036597e-03 5.802232306451e-03 1.268845982850e-02 1.274963561445e-02 6.278004497290e-03 1.520706713200e-02
4.524198593572e-04 6.327337468974e-04 7.393548730761e-04 7.648094324395e-04 7.388219819404e-04 7.708548801020e-04 8.513710927218e-04 9.045996703207e-04 1.080655609258e-03 1.330772181973e-03 1.591731561348e-03 1.839546486735e-03 2.057046163827e-03 2.251092577353e-03 2.437265589833e-03 2.613614313304e-03 2.731355372816e-03 2.683577127755e-03 2.325904322788e-03 1.670163590461e-03 1.273626810871e-03 1.821237383410e-03 3.215957665816e-03 4.565428942442e-03 2.009733021259e-02 4.829432442784e-02 6.158468872309e-02 1.867169700563e-02 7.046658080071e-03 4.242394585162e-03 3.641388146207e-03 4.452971741557e-03 5.748149473220e-03 5.334388930351e-03 3.849929198623e-03 3.831174457446e-03 3.138566389680e-03 3.672303166240e-03 4.077788442373e-03 8.347447961569e-03 1.108622550964e-02 7.114352658391e-03 2.663938328624e-02
6.134239956737e-04 9.707493009046e-04 1.222482300363e-03 1.364252413623e-03 1.442026346922e-03 1.470692339353e-03 1.454068231396e-03 1.398538821377e-03 1.314590219408e-03 1.379964873195e-03 1.666157040745e-03 1.954710809514e-03 2.228742698207e-03 2.491687191650e-03 2.772084670141e-03 3.102206159383e-03 3.422442125157e-03 3.539304016158e-03 3.188514383510e-03 2.921969862655e-03 2.884410321712e-03 3.106799209490e-03 4.013093654066e-03 5.466265603900e-03 1.038523856550e-02 3.838513512164e-03 3.014767542481e-03 3.012083237991e-03 3.279353259131e-03 3.548322478309e-03 3.909589257091e-03 2.720681019127e-02 1.796170882881e-02 1.435126271099e-02 8.666479960084e-03 1.279906928539e-02 1.178753189743e-02 5.545985884964e-03 4.234585445374e-03 5.156126804650e-03 7.669927086681e-03 2.028627134860e-02 3.081876039505e-02
1.124045928009e-03 1.746003981680e-03 2.136598573998e-03 2.292606746778e-03 2.314721234143e-03 2.253395039588e-03 2.134206471965e-03 1.979268621653e-03 1.851057983004e-03 1.919563743286e-03 1.968253403902e-03 1.984212314710e-03 2.140210475773e-03 2.430518856272e-03 2.704489044845e-03 3.011918393895e-03 3.315555164590e-03 4.912394098938e-03 6.342653185129e-03 6.384589243680e-03 6.520344410092e-03 6.455347407609e-03 4.723222460598e-03 5.701900459826e-03 2.820461057127e-03 2.132680965587e-03 1.952649559826e-03 1.690742443316e-03 1.923511852510e-03 2.685862826183e-03 5.972045473754e-03 3.208697959781e-02 2.301922254264e-02 1.602341048419e-02 1.396962534636e-02 2.968556061387e-02 2.834227308631e-02 1.282509788871e-02 9.627243503928e-03 8.943596854806e-03 1.131556835026e-02 1.913335360587e-02 3.432967513800e-02
1.642806571908e-03 2.498985966668e-03 2.939708298072e-03 3.029604675248e-03 3.710582852364e-03 3.990272525698e-03 3.922540228814e-03 3.656453453004e-03 3.297903575003e-03 2.916851313785e-03 2.947055734694e-03 2.882933476940e-03 3.088053548709e-03 3.559865057468e-03 3.898843890056e-03 4.206510726362e-03 4.795538261533e-03 5.283303558826e-03 4.839690867811e-03 5.531220696867e-03 5.800132639706e-03 4.721681121737e-03 3.867211518809e-03 2.221400383860e-03 1.951748738065e-03 1.515596057288e-03 1.256267074496e-03 1.007650862448e-03 9.215571917593e-04 1.647458760999e-03 2.624155255035e-03 1.377995312214e-02 1.826635189354e-02 2.780091948807e-02 2.952419221401e-02 3.805749490857e-02 2.707262709737e-02 1.278556324542e-02 1.998825185001e-02 2.003796771169e-02 1.407600287348e-02 1.849201694131e-02 5.924519523978e-02
1.925448421389e-03 2.900326857343e-03 3.353334031999e-03 3.755291691050e-03 4.553142003715e-03 4.860215820372e-03 4.749119747430e-03 4.399096593261e-03 3.930470906198e-03 3.428259398788e-03 3.027631901205e-03 3.330155974254e-03 3.850320121273e-03 4.418783355504e-03 4.803592804819e-03 4.931529983878e-03 4.624240100384e-03 3.802596824244e-03 3.006072482094e-03 2.600145060569e-03 2.213778439909e-03 1.552778296173e-03 1.384709961712e-03 1.324257929809e-03 1.179693499580e-03 9.626572136767e-04 7.421504124068e-04 7.021622150205e-04 8.951486088336e-04 1.335093867965e-03 1.945656375028e-03 7.645959500223e-03 8.357563056052e-03 1.627163961530e-02 1.887206360698e-02 4.323364421725e-02 3.801748529077e-02 1.989606954157e-02 1.827271096408e-02 7.925949990749e-02 1.864043474197e-01 4.825506359339e-02 2.963654883206e-02
1.436509424821e-03 2.143104560673e-03 2.447654260322e-03 2.487804275006e-03 2.969258232042e-03 3.137169871479e-03 3.047509817407e-03 2.812407910824e-03 2.504265168682e-03 2.178759779781e-03 2.027983544394e-03 2.182364463806e-03 2.266859635711e-03 2.282248809934e-03 2.231619087979e-03 2.257030922920e-03 2.024180488661e-03 1.619431772269e-03 1.887866063043e-03 1.781174098141e-03 1.420221873559e-03 1.033778069541e-03 9.672964806668e-04 8.623431785963e-04 7.212733617052e-04 5.671411636285e-04 6.379556143656e-04 8.886678260751e-04 1.113934442401e-03 2.289301250130e-03 2.898350823671e-03 4.306056536734e-03 7.479835767299e-03 5.587084218860e-03 4.820213653147e-03 5.926548503339e-03 3.707279637456e-02 2.139176987112e-02 1.645402982831e-02 1.058996468782e-01 2.336986511946e-01 2.567044645548e-02 9.242946282029e-03
6.799611146562e-04 1.003903453238e-03 1.165945781395e-03 1.325968070887e-03 1.388703123666e-03 1.468622125685e-03 1.482372754253e-03 1.404120353982e-03 1.334454980679e-03 1.314900582656e-03 1.290131127462e-03 1.184785272926e-03 1.216554199345e-03 1.250933273695e-03 1.241410616785e-03 1.174695673399e-03 1.563109224662e-03 1.997283194214e-03 1.882902113721e-03 1.409813179635e-03 9.002105216496e-04 6.526896613650e-04 5.915026995353e-04 5.123367882334e-04 4.270883800928e-04 6.505505298264e-04 1.003987505101e-03 1.341473078355e-03 1.846209052019e-03 3.004180733114e-03 4.114720039070e-03 5.556950345635e-03 6.395136471838e-03 5.490595474839e-03 3.296652343124e-03 3.851722460240e-03 7.561748381704e-03 1.903433166444e-02 3.112407214940e-02 3.271798789501e-02 1.733299158514e-02 6.607817020267e-03 6.159612443298e-03
4.438751202542e-04 6.469135987572e-04 8.203983888961e-04 9.273014729843e-04 9.696052875370e-04 9.655824396759e-04 9.419568232261e-04 8.970629423857e-04 8.440024685115e-04 7.879760814831e-04 7.306688348763e-04 6.736072828062e-04 6.189804407768e-04 6.010110373609e-04 5.939650582150e-04 8.518133545294e-04 1.452312688343e-03 1.718245213851e-03 1.470485702157e-03 1.013560104184e-03 6.172416615300e-04 3.936151333619e-04 3.917499561794e-04 4.287268384360e-04 5.808623973280e-04 9.898887947202e-04 1.494317431934e-03 2.095117932186e-03 2.988284220919e-03 4.075147211552e-03 6.110306829214e-03 6.305234972388e-03 5.723162088543e-03 3.086545271799e-03 2.351484028623e-03 3.202798776329e-03 3.886178135872e-03 1.478251162916e-02 3.656049817801e-02 2.108615078032e-02 1.251638121903e-02 5.635354202241e-03 5.343862343580e-03
3.094762214459e-04 4.482274525799e-04 5.607103230432e-04 6.305915303528e-04 6.621105712838e-04 6.661657243967e-04 6.517856381834e-04 6.248693680391e-04 5.894988426007e-04 5.477084196173e-04 5.018505617045e-04 4.531618033070e-04 4.787067009602e-04 4.819000896532e-04 4.450148553587e-04 5.049743922427e-04 9.045396000147e-04 1.125432085246e-03 1.051239902154e-03 8.221768657677e-04 5.806810804643e-04 3.903711331077e-04 4.192428023089e-04 4.817067238037e-04 8.217099821195e-04 1.818618969992e-03 3.891615895554e-03 3.598068142310e-03 2.964373212308e-03 5.509618669748e-03 7.510656025261e-03 6.435279268771e-03 4.626651760191e-03 2.182134659961e-03 2.315239515156e-03 3.188647795469e-03 4.465022590011e-03 1.597147248685e-02 2.686353214085e-02 1.258087996393e-02 7.293225266039e-03 4.496826790273e-03 4.031558521092e-03
2.071134804282e-04 2.972307847813e-04 3.687043208629e-04 4.123084072489e-04 4.315315745771e-04 4.335617122706e-04 4.234344523866e-04 4.044027009513e-04 3.784045693465e-04 3.470709780231e-04 3.422730078455e-04 3.853355010506e-04 4.024592053611e-04 3.850657376461e-04 3.676184860524e-04 4.209181934129e-04 4.678159311879e-04 5.747475079261e-04 6.569271208718e-04 6.336887017824e-04 5.391416489147e-04 4.258193948772e-04 4.476482572500e-04 6.128270179033e-04 1.069884514436e-03 3.171926829964e-03 4.537805914879e-03 2.705387538299e-03 3.020941279829e-03 5.832736846060e-03 7.903099060059e-03 6.249141413718e-03 4.380606114864e-03 3.005387960002e-03 3.295994829386e-03 3.186974208802e-03 6.928843911737e-03 2.772554755211e-02 2.007484622300e-02 5.285244900733e-03 1.057524699718e-02 4.583189263940e-03 3.114892169833e-03
1.216198361362e-04 1.730240328470e-04 2.130567008862e-04 2.366789994994e-04 2.461644762661e-04 2.457118825987e-04 2.381207013968e-04 2.251782570966e-04 2.151137159672e-04 2.632352407090e-04 3.085678617936e-04 3.383144212421e-04 3.409795754123e-04 3.761054831557e-04 4.352029354777e-04 4.950321745127e-04 5.472719203681e-04 5.812178715132e-04 5.863838014193e-04 5.587263731286e-04 5.083907744847e-04 4.773538094014e-04 5.305281956680e-04 7.638953975402e-04 1.290590851568e-03 3.557133022696e-03 3.748116781935e-03 2.982178935781e-03 2.714328700677e-03 5.220981314778e-03 7.320228498429e-03 5.690632853657e-03 5.596656352282e-03 3.776362398639e-03 3.970598801970e-03 2.856323495507e-03 6.595497950912e-03 1.777051202953e-02 8.713388815522e-03 6.201128009707e-03 1.401888951659e-02 4.515291657299e-03 2.381345489994e-03
