100/SI/f187_max.grd
DSAA
101	101
32.816463539100	34.260883539100
35.556306596100	36.727886596100
2.075737211271e-05	3.368132829666e+00
[rows 38 to 56 of 101, columns 43 to 85 of 101]
2.065824121237e-01 3.210686445236e-01 3.437052071095e-01 2.033152282238e-01 3.415497541428e-01 1.686027795076e-01 1.724208593369e-01 2.308883666992e-01 1.979599744081e-01 1.581606864929e-01 2.342232316732e-01 1.220592036843e-01 1.341171711683e-01 1.131683066487e-01 1.761075556278e-01 1.279206275940e-01 1.385046243668e-01 7.817187905312e-02 1.076819002628e-01 1.634144335985e-01 1.665731966496e-01 1.277038156986e-01 8.805327862501e-02 6.960257142782e-02 5.986331030726e-02 5.420946329832e-02 5.021066591144e-02 5.139508470893e-02 4.570349678397e-02 3.432272374630e-02 3.405118733644e-02 4.031053557992e-02 4.607787728310e-02 4.739471152425e-02 4.806849360466e-02 4.817277193069e-02 4.744118824601e-02 4.381796345115e-02 3.892860934138e-02 3.472200781107e-02 3.131565451622e-02 3.148562461138e-02 2.660949528217e-02
2.068935632706e-01 4.267486929893e-01 2.755860090256e-01 3.845534622669e-01 2.765145301819e-01 3.917389810085e-01 3.286327123642e-01 2.030951678753e-01 2.057097256184e-01 1.652846634388e-01 2.658823728561e-01 1.725282967091e-01 1.116314977407e-01 1.283539235592e-01 2.341163307428e-01 1.390959024429e-01 1.597569435835e-01 2.496550977230e-01 2.237899303436e-01 1.516108065844e-01 1.022663190961e-01 6.942590326071e-02 6.337705999613e-02 5.714914947748e-02 5.754514038563e-02 5.501072481275e-02 4.823056235909e-02 4.209356382489e-02 3.800281509757e-02 3.792975842953e-02 4.165600985289e-02 3.915135189891e-02 3.216516226530e-02 2.719712257385e-02 2.629058435559e-02 2.268683910370e-02 2.434551902115e-02 2.674422971904e-02 2.943380177021e-02 3.259416669607e-02 3.530826047063e-02 4.618197679520e-02 4.762447997928e-02
3.037658929825e-01 2.130759358406e-01 3.755636811256e-01 2.968772947788e-01 3.160244822502e-01 4.129771590233e-01 2.511374950409e-01 2.272234559059e-01 1.631439179182e-01 1.692324876785e-01 2.845250368118e-01 1.545494794846e-01 1.582540571690e-01 1.557782888412e-01 1.899598985910e-01 3.068184554577e-01 2.093460857868e-01 1.081682071090e-01 1.011176481843e-01 6.718889623880e-02 5.072240903974e-02 7.361206412315e-02 9.659453481436e-02 8.672536909580e-02 6.246335804462e-02 5.441816896200e-02 5.321428924799e-02 4.907450079918e-02 4.239941015840e-02 3.944207355380e-02 3.711726889014e-02 3.760093823075e-02 3.598948568106e-02 3.347433730960e-02 3.261556848884e-02 3.428980708122e-02 3.384314104915e-02 3.073336929083e-02 4.078252241015e-02 5.557525530457e-02 4.566629603505e-02 3.423721715808e-02 2.961659058928e-02
3.344275355339e-01 3.088783025742e-01 4.901166260242e-01 4.088684320450e-01 3.859858810902e-01 4.261826276779e-01 4.019677042961e-01 2.213023304939e-01 2.492833137512e-01 2.369900196791e-01 2.798060476780e-01 2.197719365358e-01 2.025652229786e-01 3.477881848812e-01 2.242287844419e-01 1.654029488564e-01 1.404946297407e-01 1.137998178601e-01 8.367822319269e-02 1.351571977139e-01 1.457858383656e-01 7.663676887751e-02 1.207188963890e-01 9.203894436359e-02 8.286399394274e-02 7.308469712734e-02 6.454242020845e-02 5.771488323808e-02 5.198539420962e-02 4.983853176236e-02 9.329495579004e-02 3.966960310936e-02 3.774280101061e-02 3.574148193002e-02 4.544115066528e-02 5.670978873968e-02 5.163831636310e-02 5.906147137284e-02 5.040070414543e-02 5.524466559291e-02 5.572734773159e-02 5.449001863599e-02 5.002344027162e-02
3.183783590794e-01 4.454991817474e-01 3.845988512039e-01 3.806906938553e-01 3.548026084900e-01 4.472451210022e-01 7.076528072357e-01 3.055259585381e-01 3.550044596195e-01 3.550738394260e-01 3.230016827583e-01 3.237352967262e-01 3.710576295853e-01 2.093966603279e-01 2.284481376410e-01 1.289979666471e-01 1.733476370573e-01 2.322647273540e-01 1.828329563141e-01 1.752158701420e-01 1.823690235615e-01 1.229263842106e-01 7.619044929743e-02 7.392989099026e-02 6.854557245970e-02 6.390476971865e-02 7.819996029139e-02 1.352381110191e-01 1.623151153326e-01 1.439535766840e-01 7.105325907469e-02 5.141091346741e-02 4.881126061082e-02 5.317862704396e-02 6.648499518633e-02 6.816159188747e-02 6.185185909271e-02 5.540614202619e-02 4.127416014671e-02 5.132216960192e-02 6.130137667060e-02 6.118841841817e-02 5.884749814868e-02
3.802284598351e-01 5.491338372231e-01 9.136342406273e-01 5.598222017288e-01 8.998692631721e-01 4.628360271454e-01 1.107546448708e+00 3.174647986889e-01 6.146556138992e-01 4.435369074345e-01 3.873475492001e-01 3.805039823055e-01 2.144202589989e-01 2.619922161102e-01 2.950116097927e-01 2.886260747910e-01 1.787621974945e-01 1.066226512194e-01 2.290150225163e-01 1.982006281614e-01 1.085019037127e-01 9.916744381189e-02 9.330412745476e-02 1.699892282486e-01 2.090499103069e-01 1.847124397755e-01 1.216169968247e-01 8.766499161720e-02 9.529055655003e-02 6.045255810022e-02 4.826310649514e-02 7.236498594284e-02 8.994144201279e-02 8.070061355829e-02 7.135339081287e-02 9.622982144356e-02 1.139823421836e-01 1.019321158528e-01 7.310051470995e-02 5.343501269817e-02 6.676135212183e-02 7.331634312868e-02 7.733129709959e-02
4.660904109478e-01 5.901716947556e-01 6.925427317619e-01 9.274061918259e-01 7.725281119347e-01 7.841184735298e-01 1.298225998878e+00 5.147293210030e-01 6.000124216080e-01 4.714610576630e-01 4.751666188240e-01 2.750645875931e-01 2.961689829826e-01 3.705316781998e-01 2.897621691227e-01 2.062600702047e-01 2.992819249630e-01 2.778705656528e-01 2.191286981106e-01 2.773262560368e-01 2.807528376579e-01 2.434286326170e-01 1.741224229336e-01 9.539351612329e-02 1.049084812403e-01 9.472615271807e-02 7.506164908409e-02 7.745477557182e-02 8.345042914152e-02 8.967842906713e-02 8.731920272112e-02 7.451014220715e-02 7.166346907616e-02 6.026721373200e-02 1.096528470516e-01 1.339887231588e-01 1.256388425827e-01 9.256473928690e-02 5.609674379230e-02 3.363375738263e-02 4.758592322469e-02 5.469897389412e-02 5.037998408079e-02
4.464427530766e-01 6.536765694618e-01 7.740190029144e-01 7.375959157944e-01 1.102422237396e+00 8.215041756630e-01 1.322684645653e+00 7.266918420792e-01 6.231765151024e-01 6.910406947136e-01 5.288915038109e-01 3.483196496964e-01 3.456697762012e-01 3.667918443680e-01 2.136556655169e-01 3.156396746635e-01 4.072718024254e-01 2.819692492485e-01 1.668381243944e-01 1.651142537594e-01 1.457229554653e-01 1.131733730435e-01 1.090686023235e-01 1.204473376274e-01 1.204915195704e-01 1.064376309514e-01 9.170912206173e-02 8.894280344248e-02 7.434727996588e-02 8.261604607105e-02 7.884132117033e-02 7.201918959618e-02 4.980036616325e-02 9.149282425642e-02 1.091482788324e-01 1.034883335233e-01 7.230332493782e-02 3.872540593147e-02 5.335028842092e-02 5.012346059084e-02 3.741223737597e-02 3.595112636685e-02 3.886494785547e-02
6.606969833374e-01 9.205363392830e-01 9.408187270164e-01 1.025295138359e+00 1.112389802933e+00 1.407528638840e+00 1.326367497444e+00 2.581159353256e+00 9.501420855522e-01 6.009749174118e-01 5.593426227570e-01 4.972722232342e-01 4.200085997581e-01 6.435461044312e-01 5.627757906914e-01 3.294202089310e-01 3.035687506199e-01 3.152406811714e-01 2.308474183083e-01 2.040989100933e-01 2.021779119968e-01 1.922944486141e-01 2.059512585402e-01 1.535972505808e-01 1.979690343142e-01 1.751893013716e-01 1.098003685474e-01 9.993682056665e-02 1.014641299844e-01 9.483423829079e-02 8.098527044058e-02 7.830125838518e-02 8.145120739937e-02 9.377943724394e-02 8.720277994871e-02 6.693239510059e-02 5.094592273235e-02 4.621057957411e-02 4.504647850990e-02 4.457030817866e-02 4.358450323343e-02 4.200194403529e-02 4.045404866338e-02
4.166521131992e-01 1.222237229347e+00 8.419083952904e-01 1.041366696358e+00 1.654717206955e+00 1.304741382599e+00 1.543824791908e+00 1.886628389359e+00 9.260855317116e-01 8.754598498344e-01 1.115591287613e+00 7.101855278015e-01 8.812557458878e-01 6.803780198097e-01 5.689591765404e-01 4.960301518440e-01 4.215685427189e-01 3.648364543915e-01 3.221828043461e-01 4.530363380909e-01 5.297968387604e-01 2.206284105778e-01 1.417404711246e-01 1.453753262758e-01 2.045281082392e-01 1.292060911655e-01 1.117410659790e-01 1.058415099978e-01 9.793663769960e-02 9.318594634533e-02 8.948078006506e-02 9.254842996597e-02 9.794657677412e-02 8.376540243626e-02 6.413163244724e-02 5.986514687538e-02 5.669276043773e-02 4.676076769829e-02 4.625317081809e-02 4.608764126897e-02 4.253026843071e-02 4.358181357384e-02 4.578030481935e-02
1.124263286591e+00 1.318357586861e+00 1.501752734184e+00 1.583963274956e+00 1.848555207253e+00 2.540362119675e+00 3.368132829666e+00 1.562182068825e+00 1.260924339294e+00 8.847213387489e-01 1.257870674133e+00 1.248183846474e+00 4.711847901344e-01 7.504914402962e-01 8.232542276382e-01 4.077101051807e-01 3.791650831699e-01 4.014077186584e-01 4.425909519196e-01 5.213105082512e-01 4.021748304367e-01 1.713798195124e-01 1.938745230436e-01 1.590001434088e-01 1.473347246647e-01 1.272505521774e-01 1.237284615636e-01 1.227976679802e-01 1.020765528083e-01 7.095860689878e-02 6.365242600441e-02 6.973267346621e-02 7.400601357222e-02 7.600118964911e-02 7.450652867556e-02 7.131420075893e-02 6.356199830770e-02 6.515826284885e-02 7.265055179596e-02 7.443107664585e-02 6.668093800545e-02 5.789829045534e-02 5.054135248065e-02
7.434504628181e-01 1.329457521439e+00 1.367838263512e+00 1.732917785645e+00 1.740492701530e+00 1.718196630478e+00 1.676715850830e+00 1.395106315613e+00 9.773542881012e-01 1.092680573463e+00 1.061048150063e+00 1.126260757446e+00 1.363642930984e+00 5.981405377388e-01 5.057368874550e-01 3.143129348755e-01 2.856529057026e-01 2.018099725246e-01 1.856829226017e-01 1.584635227919e-01 1.361942589283e-01 1.542692631483e-01 1.901334822178e-01 2.187761366367e-01 2.239186167717e-01 1.965027153492e-01 1.566292047501e-01 1.084492951632e-01 7.580797374249e-02 6.251110136509e-02 5.078323930502e-02 5.724970996380e-02 7.442361116409e-02 4.994469881058e-02 5.647218599916e-02 6.173668056726e-02 4.939037933946e-02 6.019790098071e-02 7.115069776773e-02 7.539744675159e-02 8.557935059071e-02 1.075250133872e-01 1.221046447754e-01
2.957355082035e-01 4.047151207924e-01 6.336560249329e-01 3.019589662552e+00 1.654442191124e+00 1.576918721199e+00 8.744377493858e-01 9.053173661232e-01 8.405777812004e-01 1.335986971855e+00 1.246688246727e+00 1.766365647316e+00 2.558702468872e+00 1.874051570892e+00 1.220577120781e+00 5.618025064468e-01 2.642824947834e-01 1.883250027895e-01 1.687487512827e-01 2.301640063524e-01 2.995723783970e-01 2.774654328823e-01 2.047780305147e-01 1.316041797400e-01 1.447302252054e-01 1.369120180607e-01 1.955436021090e-01 2.916896641254e-01 1.354821324348e-01 7.123871892691e-02 6.599198281765e-02 1.084616258740e-01 7.114987820387e-02 4.438109323382e-02 3.886360302567e-02 4.057320952415e-02 4.068443551660e-02 4.188042134047e-02 4.263868182898e-02 4.261279851198e-02 4.268689826131e-02 4.726897552609e-02 4.127117618918e-02
5.375950410962e-02 1.332987546921e-01 3.214534819126e-01 4.281884133816e-01 4.368689656258e-01 4.272010326385e-01 3.330964446068e-01 4.546227753162e-01 4.517423808575e-01 7.267293930054e-01 1.461133718491e+00 1.657458662987e+00 2.270537853241e+00 1.321722030640e+00 9.431570172310e-01 5.347889661789e-01 2.442835271358e-01 1.281139999628e-01 1.354541778564e-01 2.980570793152e-01 9.492617845535e-01 3.971701562405e-01 3.396846652031e-01 2.528990805149e-01 2.577390968800e-01 2.213187217712e-01 2.383536100388e-01 1.670725494623e-01 8.302880823612e-02 1.093244478106e-01 9.215687960386e-02 9.301955997944e-02 5.648405104876e-02 5.125193297863e-02 3.577995672822e-02 3.261972963810e-02 3.390993177891e-02 3.387923911214e-02 3.659298270941e-02 3.382726386189e-02 4.403432086110e-02 5.173482745886e-02 5.003261566162e-02
3.739718720317e-02 6.946898996830e-02 2.018658369780e-01 1.184974014759e-01 1.041521206498e-01 8.499075472355e-02 1.274566352367e-01 2.120921015739e-01 2.206376940012e-01 2.369682639837e-01 6.708747148514e-01 3.291308879852e+00 2.615079879761e+00 1.179693818092e+00 5.422740578651e-01 1.567887067795e-01 9.334676712751e-02 6.153977289796e-02 7.628845423460e-02 1.960760056973e-01 4.495873749256e-01 7.833271622658e-01 3.922882676125e-01 2.985261082649e-01 2.355695366859e-01 1.768428683281e-01 1.874224096537e-01 1.748189628124e-01 1.534176319838e-01 1.384984552860e-01 1.688329875469e-01 7.243218272924e-02 6.693034619093e-02 5.409401655197e-02 5.530894175172e-02 5.157743766904e-02 4.325683414936e-02 3.684375435114e-02 4.217047244310e-02 4.867410659790e-02 5.702516436577e-02 5.615026131272e-02 4.788904264569e-02
2.513747848570e-02 1.035194620490e-01 2.424519807100e-01 1.818078607321e-01 4.421080648899e-02 5.149799957871e-02 4.907727241516e-02 1.000923812389e-01 1.092384159565e-01 1.854161769152e-01 3.490933179855e-01 9.011852145195e-01 1.927688360214e+00 1.322206735611e+00 1.784227490425e+00 4.312520623207e-01 5.316475406289e-02 3.341196849942e-02 5.277581140399e-02 1.756352037191e-01 5.338813662529e-01 8.361026048660e-01 6.377962827682e-01 4.341660439968e-01 3.017335832119e-01 1.899366825819e-01 2.159312963486e-01 1.594734042883e-01 1.544909626245e-01 1.537430733442e-01 1.275265067816e-01 1.017045080662e-01 7.163279503584e-02 7.637820392847e-02 6.866183131933e-02 5.457832664251e-02 4.850237444043e-02 4.499448463321e-02 4.177391529083e-02 4.876950383186e-02 5.351079255342e-02 5.204949900508e-02 4.612704366446e-02
2.143885008991e-02 5.279958993196e-02 3.598501682281e-01 4.320461452007e-01 2.260467857122e-01 3.480399027467e-02 2.656571753323e-02 4.986101016402e-02 4.988706111908e-02 4.028438031673e-02 3.448298573494e-02 1.447079330683e-01 6.521674990654e-01 3.789951503277e-01 2.180891275406e+00 2.643030881882e-01 1.489632874727e-01 5.634123459458e-02 4.675161093473e-02 1.514113694429e-01 2.971843183041e-01 2.635679960251e+00 8.167592287064e-01 3.554477393627e-01 3.598400652409e-01 1.899365782738e-01 2.035924047232e-01 1.693658232689e-01 2.492021769285e-01 1.908062100410e-01 1.093042939901e-01 1.087871566415e-01 1.013139784336e-01 9.648363292217e-02 9.474192559719e-02 7.553356140852e-02 7.476954162121e-02 8.265402168036e-02 5.337521061301e-02 4.099589213729e-02 4.035526141524e-02 3.988348320127e-02 4.622979834676e-02
1.364893931895e-02 2.338581718504e-02 2.990965172648e-02 1.684152930975e-01 1.037098318338e-01 2.478432841599e-02 2.115817368031e-02 2.481700293720e-02 2.331003732979e-02 2.238918095827e-02 1.623970270157e-02 1.815706491470e-02 5.554482340813e-02 3.481714129448e-01 9.926992654800e-01 2.422024756670e-01 2.022081464529e-01 9.483333677053e-02 5.529570207000e-02 1.083519086242e-01 1.257561743259e-01 1.733507961035e-01 1.577213704586e-01 1.197475716472e-01 1.768976449966e-01 2.939209938049e-01 2.559624016285e-01 2.551120817661e-01 1.653962880373e-01 2.159437686205e-01 2.254670262337e-01 1.966483592987e-01 1.201768517494e-01 9.934708476067e-02 9.533648192883e-02 8.322925120592e-02 7.113546133041e-02 7.231082767248e-02 7.036404311657e-02 4.656714573503e-02 3.831011429429e-02 3.946568444371e-02 4.265736415982e-02
1.510361768305e-02 2.390279807150e-02 1.575015671551e-02 1.773012802005e-02 1.805792003870e-02 2.128566429019e-02 1.959855295718e-02 1.845055446029e-02 1.702395454049e-02 1.292088814080e-02 9.097256697714e-03 7.651911117136e-03 1.275693252683e-02 3.613193631172e-01 5.602313280106e-01 5.844362974167e-01 1.644563674927e-01 1.767656058073e-01 1.556216627359e-01 6.430996209383e-02 6.895860284567e-02 1.295460462570e-01 3.539664149284e-01 3.342603743076e-01 4.361530840397e-01 4.391486048698e-01 4.116275906563e-01 3.890173137188e-01 3.688605725765e-01 3.518047332764e-01 3.744117915630e-01 4.588331878185e-01 3.922462463379e-01 1.605992913246e-01 6.547144055367e-02 7.672891020775e-02 8.403488248587e-02 5.801416188478e-02 5.754235386848e-02 4.068169742823e-02 3.999863564968e-02 2.974680997431e-02 3.347684815526e-02
