100/SI/f187_max.grd
DSAA
101	101
32.816463539100	34.260883539100
35.556306596100	36.727886596100
2.075737211271e-05	3.368132829666e+00
[rows 57 to 75 of 101, columns 0 to 42 of 101]
1.144059584476e-03 1.879056333564e-03 2.034022472799e-03 2.036169171333e-03 2.166064223275e-03 2.648719353601e-03 2.966416534036e-03 3.252578899264e-03 3.519239602610e-03 3.596625989303e-03 3.461329499260e-03 4.837873857468e-03 8.281862363219e-03 4.524983000010e-03 3.304241923615e-03 4.979182500392e-03 4.464024677873e-03 4.929265007377e-03 5.956455133855e-03 6.273174192756e-03 6.434602662921e-03 4.789320752025e-03 3.355925669894e-03 2.950204070657e-03 3.199122613296e-03 4.431541077793e-03 7.083992008120e-03 8.788211271167e-03 6.861867848784e-03 4.011091776192e-03 3.120855661109e-03 2.472869819030e-03 2.589757088572e-03 3.084953408688e-03 3.683313960209e-03 4.729540552944e-03 5.448864772916e-03 5.873408634216e-03 9.688071906567e-03 1.269193831831e-02 1.086787786335e-02 9.614503011107e-03 1.088907010853e-02
1.442999928258e-03 2.361468970776e-03 2.697949297726e-03 2.737940754741e-03 2.707254840061e-03 2.632373478264e-03 2.632795600221e-03 2.756417728961e-03 2.870622789487e-03 4.682495724410e-03 1.517689414322e-02 1.756334304810e-02 6.559280678630e-03 3.360723610967e-03 3.376232227311e-03 3.197849495336e-03 3.447416238487e-03 3.435374470428e-03 3.875941736624e-03 4.925697110593e-03 5.961435846984e-03 6.376260425895e-03 4.453981295228e-03 2.818412845954e-03 3.244900610298e-03 4.951441660523e-03 7.479392923415e-03 8.013659156859e-03 8.153853006661e-03 5.179716274142e-03 3.098170505837e-03 2.813410712406e-03 2.709193388000e-03 3.216947661713e-03 3.796739503741e-03 3.924292977899e-03 4.025826696306e-03 4.248126409948e-03 4.297371022403e-03 4.636399913579e-03 5.549517460167e-03 7.583827245981e-03 8.726028725505e-03
1.933995517902e-03 3.179260529578e-03 3.678265260532e-03 5.247388966382e-03 6.736895069480e-03 8.549354039133e-03 1.124940719455e-02 1.641046628356e-02 3.011403046548e-02 4.250719398260e-02 2.825994044542e-02 7.190669421107e-03 4.853520076722e-03 4.246372729540e-03 3.088247729465e-03 3.253170521930e-03 3.439691150561e-03 3.386045573279e-03 3.216086886823e-03 3.406161675230e-03 5.761894397438e-03 6.536914967000e-03 4.630837123841e-03 2.652578521520e-03 2.097699558362e-03 3.235655836761e-03 4.588902462274e-03 4.664204549044e-03 4.968189168721e-03 4.035075195134e-03 2.806103322655e-03 2.941662445664e-03 2.781654242426e-03 3.120112000033e-03 3.763181390241e-03 3.893215442076e-03 3.699150169268e-03 3.378475783393e-03 3.180405590683e-03 3.557422431186e-03 4.514351952821e-03 5.803502164781e-03 7.596786133945e-03
1.891172374599e-03 3.410737263039e-03 5.948788020760e-03 8.497998118401e-03 1.075482740998e-02 1.424051169306e-02 2.072132937610e-02 3.094762377441e-02 3.109540790319e-02 1.437862496823e-02 3.467028727755e-03 4.042448010296e-03 4.396171774715e-03 3.906167345122e-03 3.512193448842e-03 3.687057876959e-03 3.695361549035e-03 3.546518506482e-03 2.750030485913e-03 2.660260302946e-03 4.148826468736e-03 4.634701181203e-03 3.435587743297e-03 2.141768811271e-03 1.638463116251e-03 1.766372821294e-03 2.368806162849e-03 2.931687515229e-03 3.499139798805e-03 3.020992735401e-03 2.762682968751e-03 2.572395373136e-03 2.742991549894e-03 3.035743022338e-03 3.640576731414e-03 3.724678419530e-03 3.358969930559e-03 2.863552654162e-03 2.681386889890e-03 2.979344688356e-03 4.381674341857e-03 5.516956094652e-03 6.940819788724e-03
1.145512331277e-03 1.996491104364e-03 2.440279116854e-03 2.567902207375e-03 2.571725286543e-03 2.559356857091e-03 2.535455161706e-03 2.479068702087e-03 2.429264597595e-03 2.373349387199e-03 2.224123338237e-03 2.350762719288e-03 2.579190535471e-03 3.300265409052e-03 3.711043158546e-03 3.875914728269e-03 3.731381148100e-03 3.311628941447e-03 2.446420257911e-03 1.941313617863e-03 2.315985737368e-03 2.408284461126e-03 1.897762529552e-03 1.402561203577e-03 1.231650239788e-03 1.370500074700e-03 1.757744117640e-03 2.112752757967e-03 2.513156970963e-03 2.705092774704e-03 2.558983629569e-03 2.284973626956e-03 2.638067584485e-03 3.191300434992e-03 3.805889282376e-03 3.674423554912e-03 3.039612201974e-03 2.432520501316e-03 2.717173425481e-03 3.041567048058e-03 4.526027943939e-03 5.617803428322e-03 6.546870805323e-03
5.376238259487e-04 1.002016710117e-03 1.299356459640e-03 1.434801379219e-03 1.487261266448e-03 1.529947621748e-03 1.570654218085e-03 1.600278192200e-03 1.646708464250e-03 1.693016733043e-03 1.657765125856e-03 1.557648414746e-03 1.595888868906e-03 2.118936507031e-03 2.492212690413e-03 2.623843494803e-03 2.388653112575e-03 2.126790583134e-03 1.797104603611e-03 1.518165692687e-03 1.227844622917e-03 1.149474876001e-03 9.478563442826e-04 1.064099953510e-03 1.255802111700e-03 1.319723320194e-03 1.458011218347e-03 1.756005221978e-03 2.127587096766e-03 2.326643094420e-03 2.290682634339e-03 2.161224139854e-03 2.635835204273e-03 3.537124721333e-03 4.106109496206e-03 3.697923617437e-03 2.761561656371e-03 2.361050341278e-03 2.784918528050e-03 3.271051682532e-03 4.391664639115e-03 4.883348010480e-03 5.644368473440e-03
3.700061643030e-04 6.233286112547e-04 7.742082816549e-04 8.804606623016e-04 9.471775265411e-04 1.005240948871e-03 1.061007613316e-03 1.107553252950e-03 1.163052162156e-03 1.219747704454e-03 1.226967549883e-03 1.187577494420e-03 1.142611494288e-03 1.102304202504e-03 1.115297549404e-03 1.265955739655e-03 1.335650333203e-03 1.317701535299e-03 1.208936446346e-03 1.151314820163e-03 9.777778759599e-04 9.176955209114e-04 8.181862067431e-04 1.084556686692e-03 1.337859081104e-03 1.465031178668e-03 1.455092220567e-03 1.442288397811e-03 1.757577294484e-03 1.953449333087e-03 1.998684834689e-03 1.984962029383e-03 2.676613861695e-03 3.743495093659e-03 4.125932231545e-03 3.434924408793e-03 2.417705720291e-03 2.375041600317e-03 2.911561168730e-03 3.268407890573e-03 3.730778349563e-03 4.299622494727e-03 4.422562662512e-03
2.994208189193e-04 5.101700662635e-04 6.432573427446e-04 7.073445594870e-04 7.528527057730e-04 7.914242451079e-04 8.197030983865e-04 8.248609374277e-04 8.526694728062e-04 8.854024345055e-04 8.923172717914e-04 8.775490568951e-04 8.628391078673e-04 8.432048489340e-04 8.777609327808e-04 1.009170780890e-03 1.072978600860e-03 1.058674068190e-03 9.787569288164e-04 9.138071909547e-04 9.513478144072e-04 9.243334643543e-04 8.121694554575e-04 1.082374365069e-03 1.367179444060e-03 1.540455967188e-03 1.559529104270e-03 1.508527435362e-03 1.547760679387e-03 1.694872742519e-03 1.763044623658e-03 1.855529029854e-03 2.662682440132e-03 3.662468865514e-03 3.766019828618e-03 2.954327967018e-03 2.232184633613e-03 2.502446761355e-03 3.048573620617e-03 3.219161415473e-03 3.308783983812e-03 3.582880133763e-03 3.293983871117e-03
2.853219339158e-04 4.571853787638e-04 5.798050551675e-04 6.358918617480e-04 6.595659069717e-04 6.799104739912e-04 6.867421325296e-04 6.841659196652e-04 6.871994119138e-04 6.960115279071e-04 7.050829590298e-04 7.316846749745e-04 7.526092813350e-04 7.694975938648e-04 7.895883172750e-04 8.197362767532e-04 8.765859529376e-04 8.882068796083e-04 8.964683511294e-04 8.610997465439e-04 8.744114311412e-04 9.151278063655e-04 8.119724807329e-04 1.024406170473e-03 1.296532922424e-03 1.476787147112e-03 1.507269334979e-03 1.476329867728e-03 1.556760165840e-03 1.600498100743e-03 1.628558500670e-03 1.737024053000e-03 2.497948240489e-03 3.288059029728e-03 3.189518349245e-03 2.540152519941e-03 2.228192519397e-03 2.682455349714e-03 3.085820470005e-03 3.010697895661e-03 2.879943465814e-03 2.906460082158e-03 2.710297936574e-03
2.672944683582e-04 4.244742158335e-04 5.325623787940e-04 5.801859661005e-04 6.002101581544e-04 6.148316897452e-04 6.158798933029e-04 6.016709376127e-04 6.131295231171e-04 6.591276614927e-04 6.986759835854e-04 7.342664757743e-04 7.656863890588e-04 7.920114439912e-04 8.158194832504e-04 8.388300193474e-04 8.557232213207e-04 8.581059519202e-04 8.408235735260e-04 8.189244545065e-04 8.206942584366e-04 8.836740162224e-04 8.350146235898e-04 9.280114900321e-04 1.158947125077e-03 1.318878028542e-03 1.527361338958e-03 1.666737487540e-03 1.672275131568e-03 1.616841065697e-03 1.578859402798e-03 1.618862734176e-03 2.195912413299e-03 2.740329597145e-03 2.621548948810e-03 2.269179560244e-03 2.405971987173e-03 2.729128580540e-03 2.917885547504e-03 2.646085806191e-03 2.412536414340e-03 2.293970901519e-03 2.319132676348e-03
2.465961733833e-04 3.909720689990e-04 4.897951730527e-04 5.353727028705e-04 5.543372826651e-04 5.621601012535e-04 5.573551752605e-04 5.621445016004e-04 5.748564726673e-04 6.239121430553e-04 6.680329097435e-04 7.093361928128e-04 7.472351426259e-04 7.789205992594e-04 8.033759659156e-04 8.191249216907e-04 8.208513609134e-04 8.867120486684e-04 9.053400135599e-04 8.400475489907e-04 7.677800022066e-04 8.107749163173e-04 8.273282437585e-04 8.329329430126e-04 1.018606009893e-03 1.151683391072e-03 1.393713871948e-03 1.618546433747e-03 1.670995960012e-03 1.614984939806e-03 1.547643099912e-03 1.527607091703e-03 1.752608106472e-03 2.126811072230e-03 2.085849642754e-03 1.927066827193e-03 2.081316895783e-03 2.313021104783e-03 2.391586313024e-03 2.080609789118e-03 1.887453603558e-03 1.751132658683e-03 1.749425311573e-03
2.291919518029e-04 3.639805654529e-04 4.578503721859e-04 5.032826447859e-04 5.196216516197e-04 5.201364401728e-04 5.111437058076e-04 5.198938306421e-04 5.406701820903e-04 5.620234296657e-04 6.074364646338e-04 6.503058248200e-04 6.899573490955e-04 7.232829229906e-04 7.472750148736e-04 7.786331698298e-04 8.534658118151e-04 9.605626692064e-04 1.007817103527e-03 9.803688153625e-04 8.971507777460e-04 7.978198118508e-04 8.224600460380e-04 8.317268802784e-04 9.069202933460e-04 1.014013192616e-03 1.045505283400e-03 1.260305172764e-03 1.425080467016e-03 1.474450109527e-03 1.455185236409e-03 1.459835213609e-03 1.500973477960e-03 1.578703522682e-03 1.545938430354e-03 1.494755619206e-03 1.588876591995e-03 1.849958207458e-03 1.970807788894e-03 1.618799520656e-03 1.453132368624e-03 1.298151444644e-03 1.412863726728e-03
2.166168851545e-04 3.450401418377e-04 4.357350699138e-04 4.788056539837e-04 4.899412742816e-04 4.854724102188e-04 4.764225159306e-04 4.800632887054e-04 4.972135066055e-04 5.183798493817e-04 5.280676996335e-04 5.697045125999e-04 6.079490995035e-04 6.406619795598e-04 6.687881541438e-04 7.429840043187e-04 8.685045759194e-04 9.908000938594e-04 1.073599443771e-03 1.098390435800e-03 1.068210112862e-03 1.004497753456e-03 9.278169018216e-04 8.573526283726e-04 8.215638808906e-04 9.118323796429e-04 9.271011222154e-04 8.884536218829e-04 1.068482873961e-03 1.226649270393e-03 1.330812345259e-03 1.407805248164e-03 1.455920631997e-03 1.432788674720e-03 1.263510901481e-03 1.242466969416e-03 1.382118440233e-03 1.754037919454e-03 2.036010846496e-03 1.828529173508e-03 1.344891497865e-03 1.200263621286e-03 1.365607371554e-03
2.121465222444e-04 3.374042571522e-04 4.244942974765e-04 4.624887951650e-04 4.680950951297e-04 4.609311581589e-04 4.623399290722e-04 4.683828738052e-04 4.593782359734e-04 4.657800309360e-04 4.821019538213e-04 5.328059778549e-04 5.860294331796e-04 6.412219372578e-04 6.900483858772e-04 7.600463577546e-04 8.836250053719e-04 1.008751685731e-03 1.121273613535e-03 1.190869021229e-03 1.202765735798e-03 1.173042925075e-03 1.122477813624e-03 1.070964732207e-03 1.040737610310e-03 1.021174830385e-03 9.834346128628e-04 9.265340631828e-04 1.058682333678e-03 1.187900663354e-03 1.284097786993e-03 1.372282626107e-03 1.419980078936e-03 1.327385543846e-03 1.261530560441e-03 1.307367812842e-03 1.392487320118e-03 1.692887628451e-03 1.959370216355e-03 1.777550322004e-03 1.373066101223e-03 1.195285934955e-03 1.361428294331e-03
2.158651332138e-04 3.415386017878e-04 4.258205881342e-04 4.590364114847e-04 4.605581925716e-04 4.506851255428e-04 4.550858866423e-04 4.568828735501e-04 4.666470631491e-04 4.688414919656e-04 4.992317408323e-04 5.494353245012e-04 5.985049065202e-04 6.452073575929e-04 6.829678313807e-04 7.828312809579e-04 9.228265262209e-04 1.055317348801e-03 1.183367683552e-03 1.276144175790e-03 1.306380960159e-03 1.286930288188e-03 1.239273347892e-03 1.180126680993e-03 1.131442724727e-03 1.083050156012e-03 1.001742202789e-03 9.038987336680e-04 1.037718495354e-03 1.150063821115e-03 1.246265484951e-03 1.339627779089e-03 1.371508580633e-03 1.260951743461e-03 1.279646414332e-03 1.330422237515e-03 1.424999907613e-03 1.638898160309e-03 1.768166082911e-03 1.555573777296e-03 1.274751848541e-03 1.110666082241e-03 1.264227437787e-03
2.215270797024e-04 3.494132251944e-04 4.323904286139e-04 4.627870803233e-04 4.619128303602e-04 4.635879304260e-04 4.829623794649e-04 4.964185063727e-04 5.039511015639e-04 5.048650782555e-04 5.001189420000e-04 5.282017518766e-04 5.824955296703e-04 6.516451830976e-04 6.740249227732e-04 7.674813969061e-04 9.448222117499e-04 1.097994972952e-03 1.219460158609e-03 1.295822905377e-03 1.312669599429e-03 1.277196104638e-03 1.210949383676e-03 1.133466023020e-03 1.060903770849e-03 9.877609554678e-04 8.841338567436e-04 9.034704999067e-04 1.018329174258e-03 1.119387219660e-03 1.211288617924e-03 1.288497005589e-03 1.289567793719e-03 1.183288171887e-03 1.319542410783e-03 1.649144804105e-03 1.560614677146e-03 1.615362009034e-03 1.557575771585e-03 1.330666360445e-03 1.153691089712e-03 1.011463929899e-03 1.148196868598e-03
2.183136675740e-04 3.432290977798e-04 4.222382558510e-04 4.502946685534e-04 4.492617736105e-04 4.657219396904e-04 4.781790776178e-04 4.841430054512e-04 4.855008737650e-04 4.823293129448e-04 4.825871728826e-04 5.415489431471e-04 6.300822715275e-04 7.055494934320e-04 7.280801655725e-04 7.121584494598e-04 9.038258576766e-04 1.060544396751e-03 1.148989191279e-03 1.179973362014e-03 1.163204899058e-03 1.099854009226e-03 1.015581889078e-03 9.425200405531e-04 8.834675536491e-04 8.200018783100e-04 8.217615541071e-04 8.964476874098e-04 9.979456663132e-04 1.088806195185e-03 1.168071408756e-03 1.212237053551e-03 1.178492093459e-03 1.135010388680e-03 1.375448424369e-03 1.472314936109e-03 1.503904582933e-03 1.624390832148e-03 1.575644826517e-03 1.290960237384e-03 1.127949566580e-03 1.036867033690e-03 1.115859718993e-03
1.995493657887e-04 3.117542946711e-04 3.812552313320e-04 4.056071047671e-04 4.334654367995e-04 4.522612434812e-04 4.441011406016e-04 4.265655879863e-04 4.213262000121e-04 4.503784584813e-04 4.916970501654e-04 5.683318595402e-04 6.716595380567e-04 7.498149061576e-04 7.715843385085e-04 7.585803396069e-04 8.276419830509e-04 9.609370026737e-04 1.010906766169e-03 9.996601147577e-04 9.495011181571e-04 8.612803649157e-04 8.256252622232e-04 9.774938225746e-04 9.910374647006e-04 9.496748680249e-04 9.299886296503e-04 9.332908084616e-04 9.707558783703e-04 1.049985992722e-03 1.105235191062e-03 1.106753246859e-03 1.038796617649e-03 1.048423931934e-03 1.252864254639e-03 1.778857549652e-03 1.520532649010e-03 2.134363865480e-03 1.892591128126e-03 1.602183096111e-03 1.358363660984e-03 1.118557527661e-03 1.258256030269e-03
2.083754370688e-04 3.071329556406e-04 3.768656169996e-04 4.349793889560e-04 4.791903484147e-04 4.896107711829e-04 4.753684333991e-04 4.485554527491e-04 4.173159541097e-04 4.547516291495e-04 5.038642557338e-04 5.967516917735e-04 7.110431906767e-04 7.906180690043e-04 8.120495476760e-04 7.992822793312e-04 7.598635274917e-04 8.749947301112e-04 9.086614008993e-04 9.555980795994e-04 1.298356684856e-03 1.190393697470e-03 8.961012354121e-04 1.019193441607e-03 9.892492089421e-04 9.110585087910e-04 8.650083327666e-04 8.563617593609e-04 9.380638366565e-04 9.992807172239e-04 1.020272029564e-03 9.796733502299e-04 8.950664778240e-04 9.418273693882e-04 1.051996368915e-03 1.581195858307e-03 1.982541289181e-03 3.102774964646e-03 2.868585288525e-03 1.898208865896e-03 1.445897971280e-03 1.329088001512e-03 1.635642489418e-03
