100/SI/f189_max.grd
DSAA
101	101
32.816463539100	34.260883539100
35.556306596100	36.727886596100
2.851242425095e-05	4.553062915802e+00
[rows 19 to 37 of 101, columns 0 to 42 of 101]
8.884859271348e-03 1.810866594315e-02 2.314985729754e-02 2.357929386199e-02 1.944580487907e-02 1.530938502401e-02 1.054930407554e-02 1.187744643539e-02 1.408101245761e-02 1.702982001007e-02 2.285146899521e-02 2.728397026658e-02 2.644391916692e-02 2.869319543242e-02 2.890736609697e-02 2.801313064992e-02 2.661849744618e-02 2.555863186717e-02 2.970517426729e-02 2.682084962726e-02 2.725455537438e-02 2.943351864815e-02 3.227608278394e-02 3.049690462649e-02 2.720603160560e-02 2.298179827631e-02 2.375030703843e-02 3.804952651262e-02 4.514015093446e-02 3.413270413876e-02 3.139599040151e-02 2.890961803496e-02 3.056167997420e-02 3.054606728256e-02 3.065679036081e-02 2.952922321856e-02 2.345434948802e-02 2.049432508647e-02 2.191611193120e-02 2.126813307405e-02 3.082364611328e-02 7.554437220097e-02 3.500615805387e-02
6.947004701942e-03 1.459302753210e-02 1.967119425535e-02 2.151066251099e-02 1.912169903517e-02 1.828491501510e-02 1.674604043365e-02 1.211566291749e-02 1.613873429596e-02 1.883375830948e-02 1.992674358189e-02 2.498735114932e-02 2.201446890831e-02 2.569743990898e-02 2.779177948833e-02 2.867228537798e-02 2.859365381300e-02 2.726119011641e-02 3.446198254824e-02 2.776759676635e-02 3.238312900066e-02 3.938719257712e-02 4.243919998407e-02 4.081822559237e-02 3.823262825608e-02 2.957978099585e-02 3.146661445498e-02 3.082096204162e-02 4.747965931892e-02 3.463223576546e-02 2.960981056094e-02 2.800862491131e-02 2.721438184381e-02 2.759185247123e-02 2.603238448501e-02 3.371524438262e-02 2.234617620707e-02 2.350537665188e-02 2.396408654749e-02 2.478302642703e-02 3.815146163106e-02 6.389638036489e-02 5.227474123240e-02
5.321524571627e-03 1.072596013546e-02 1.486536022276e-02 1.710269041359e-02 1.613707281649e-02 1.394969876856e-02 1.724945940077e-02 1.731464825571e-02 1.973612606525e-02 2.355703525245e-02 2.716086246073e-02 3.578250110149e-02 4.294269159436e-02 3.940447792411e-02 2.692919783294e-02 2.565053850412e-02 2.710255607963e-02 2.844692021608e-02 5.021020770073e-02 4.075072333217e-02 3.068149648607e-02 4.785610362887e-02 5.072899535298e-02 5.481611937284e-02 4.513505846262e-02 3.996760025620e-02 3.932248055935e-02 2.441757544875e-02 4.470016434789e-02 3.194103017449e-02 2.450749836862e-02 2.562807686627e-02 3.019659221172e-02 2.507028356194e-02 2.747438289225e-02 3.564022108912e-02 2.845889888704e-02 2.504820190370e-02 2.588088996708e-02 2.805631421506e-02 4.446619749069e-02 4.569129645824e-02 6.942692399025e-02
7.081986870617e-03 1.270669419318e-02 1.245298050344e-02 1.305047050118e-02 1.536761783063e-02 1.945735886693e-02 2.272845804691e-02 2.721847034991e-02 3.306886181235e-02 4.157842695713e-02 5.288885533810e-02 6.632523238659e-02 7.457096129656e-02 6.492292881012e-02 4.099326580763e-02 2.496899850667e-02 3.443711996078e-02 4.838415235281e-02 6.127852946520e-02 4.992441460490e-02 3.946104645729e-02 5.192637816072e-02 5.528134480119e-02 6.152258068323e-02 4.489617794752e-02 4.551099613309e-02 4.670710861683e-02 2.935935370624e-02 3.651914745569e-02 2.649707719684e-02 2.518161013722e-02 2.493795566261e-02 3.132701665163e-02 3.142841905355e-02 3.140643611550e-02 3.023957461119e-02 3.994090110064e-02 2.786308713257e-02 2.791219949722e-02 3.077187761664e-02 4.954969882965e-02 4.300013184547e-02 8.062001317739e-02
6.879959721118e-03 1.420290302485e-02 1.541238557547e-02 1.474812068045e-02 1.925541460514e-02 2.617107890546e-02 2.871794067323e-02 3.038505278528e-02 3.367553651333e-02 3.899070248008e-02 4.704700037837e-02 5.366513878107e-02 5.495513975620e-02 4.705078154802e-02 3.451179340482e-02 3.074731118977e-02 3.354948386550e-02 4.486097767949e-02 5.981922522187e-02 3.837196528912e-02 3.700197488070e-02 5.232753604650e-02 5.518637597561e-02 5.899141356349e-02 4.705579578876e-02 4.536776617169e-02 5.265171825886e-02 4.485877975821e-02 4.529488086700e-02 3.859739378095e-02 3.335414826870e-02 4.955729469657e-02 4.632361605763e-02 3.390727192163e-02 3.314871713519e-02 3.368209302425e-02 4.423288628459e-02 3.230810537934e-02 3.046124055982e-02 3.244633600116e-02 5.238475650549e-02 4.358850792050e-02 8.232588320971e-02
1.396915037185e-02 2.410054393113e-02 1.565963402390e-02 1.583541370928e-02 1.775441318750e-02 2.277366816998e-02 2.579702436924e-02 2.555483765900e-02 2.542776986957e-02 2.646401338279e-02 2.796365320683e-02 2.961499430239e-02 2.821552194655e-02 3.118164464831e-02 3.157240152359e-02 2.828458510339e-02 2.801904454827e-02 5.147236585617e-02 5.891339108348e-02 3.132519498467e-02 3.149627521634e-02 4.843692108989e-02 5.236108228564e-02 5.028163269162e-02 4.523992165923e-02 4.151985421777e-02 5.668724328279e-02 4.964244738221e-02 4.170107096434e-02 4.035587236285e-02 3.931077942252e-02 6.362594664097e-02 9.461536258459e-02 9.018177539110e-02 8.176805078983e-02 7.814416289330e-02 8.115806430578e-02 4.965585470200e-02 4.210686683655e-02 3.452817350626e-02 5.355109646916e-02 4.209391400218e-02 7.282336056232e-02
2.589673548937e-02 5.483789741993e-02 5.643868446350e-02 4.943163320422e-02 3.085643798113e-02 1.783983223140e-02 1.695978268981e-02 1.776357367635e-02 1.966733671725e-02 2.543173916638e-02 3.051571920514e-02 3.413261473179e-02 3.525710478425e-02 3.381673991680e-02 3.080444969237e-02 3.175786510110e-02 3.350938111544e-02 5.015448853374e-02 4.945696890354e-02 2.908205054700e-02 3.136818110943e-02 3.951238468289e-02 4.527928680182e-02 4.187542945147e-02 4.694527015090e-02 4.528667405248e-02 5.882943049073e-02 6.278891116381e-02 6.676338613033e-02 5.978864431381e-02 4.513593390584e-02 3.788547590375e-02 7.658434659243e-02 8.369345217943e-02 9.236544370651e-02 1.117992699146e-01 1.397203058004e-01 8.517609536648e-02 6.215409189463e-02 5.277851969004e-02 5.253642424941e-02 3.924318403006e-02 5.444014072418e-02
2.764539048076e-02 5.960360169411e-02 6.875707209110e-02 8.111897855997e-02 8.871898800135e-02 7.693347334862e-02 4.312808811665e-02 2.362448908389e-02 3.222630918026e-02 3.765444830060e-02 3.871360048652e-02 3.665085881948e-02 3.416796401143e-02 4.600911214948e-02 5.069872736931e-02 5.033621191978e-02 4.954874143004e-02 4.819221422076e-02 4.759516939521e-02 4.596363753080e-02 4.492058232427e-02 4.491512104869e-02 4.356639459729e-02 5.492129921913e-02 6.605737656355e-02 5.711807310581e-02 6.447968631983e-02 8.279559016228e-02 8.374494314194e-02 7.443919032812e-02 5.563870817423e-02 4.046577587724e-02 4.543444514275e-02 7.113283127546e-02 1.059346348047e-01 9.312888234854e-02 9.444712102413e-02 7.147193700075e-02 7.575690001249e-02 7.715677469969e-02 6.277578324080e-02 4.058620333672e-02 4.866237565875e-02
1.776197552681e-02 3.918869420886e-02 4.557951539755e-02 5.592399463058e-02 7.272394001484e-02 9.551031142473e-02 1.078532785177e-01 8.388744294643e-02 4.381952062249e-02 4.068040102720e-02 3.624374046922e-02 4.670754075050e-02 5.507870018482e-02 5.736179649830e-02 5.450758337975e-02 5.446081981063e-02 5.389282852411e-02 5.226234719157e-02 5.472730845213e-02 5.520931258798e-02 5.672058463097e-02 6.160704046488e-02 5.822888389230e-02 5.360620841384e-02 5.209569633007e-02 6.720190495253e-02 6.440053135157e-02 7.925222814083e-02 8.724936097860e-02 7.838410139084e-02 5.864438042045e-02 6.400203704834e-02 8.263175934553e-02 1.106026917696e-01 1.318158209324e-01 9.528852999210e-02 6.583551317453e-02 5.495900288224e-02 6.795344501734e-02 8.711008727551e-02 9.513468295336e-02 6.463726609945e-02 4.864648729563e-02
1.224713493139e-02 2.405126951635e-02 3.003378584981e-02 2.762680128217e-02 3.173424676061e-02 4.742760583758e-02 7.402741909027e-02 1.002893522382e-01 1.000151932240e-01 6.882683932781e-02 5.231167003512e-02 5.524923279881e-02 5.599275231361e-02 5.346934124827e-02 5.254068598151e-02 5.165297910571e-02 4.897203668952e-02 5.251960083842e-02 5.385155230761e-02 5.581431463361e-02 5.912020802498e-02 5.702189728618e-02 5.476038157940e-02 5.401391535997e-02 5.307548120618e-02 5.217904970050e-02 5.530292913318e-02 6.087938696146e-02 7.377576828003e-02 7.684861868620e-02 6.029517203569e-02 7.427303493023e-02 8.952228724957e-02 1.016978323460e-01 9.840930998325e-02 6.154379621148e-02 6.395491212606e-02 7.415123283863e-02 7.994099706411e-02 7.176168262959e-02 1.064937040210e-01 1.083242595196e-01 6.074421852827e-02
1.418829150498e-02 2.794478461146e-02 2.782219089568e-02 3.410679101944e-02 2.797153033316e-02 2.421473711729e-02 2.845706418157e-02 5.218975245953e-02 8.360015600920e-02 9.711935371161e-02 7.913169264793e-02 5.287728458643e-02 5.025794729590e-02 4.915229603648e-02 4.599622637033e-02 4.467954486609e-02 4.609508812428e-02 4.972504079342e-02 4.868858307600e-02 4.859043285251e-02 4.385890811682e-02 3.563623502851e-02 4.518025368452e-02 4.014897346497e-02 6.082849949598e-02 5.428098514676e-02 6.205152347684e-02 6.810890138149e-02 5.692021176219e-02 6.156167760491e-02 6.852684170008e-02 7.380753755569e-02 6.463020294905e-02 7.894074916840e-02 5.899938568473e-02 5.008596926928e-02 6.451286375523e-02 8.952715247869e-02 1.071555241942e-01 1.014464870095e-01 8.617924898863e-02 1.338742822409e-01 1.008192077279e-01
1.830837875605e-02 3.520029410720e-02 3.274246677756e-02 3.373797610402e-02 3.755769506097e-02 2.824066951871e-02 3.920295089483e-02 4.759930446744e-02 5.261607468128e-02 7.314277440310e-02 9.413781017065e-02 8.535189181566e-02 5.224296078086e-02 4.227424785495e-02 4.159134626389e-02 4.254441335797e-02 4.402427747846e-02 4.347111657262e-02 4.549481347203e-02 4.497837275267e-02 3.922117128968e-02 3.167993202806e-02 3.458369895816e-02 5.611799284816e-02 8.329544216394e-02 1.119902804494e-01 1.342778950930e-01 1.092454195023e-01 7.303193211555e-02 6.821364909410e-02 8.454457670450e-02 5.906506255269e-02 4.408305138350e-02 9.826745837927e-02 4.044642299414e-02 5.819382891059e-02 5.335922166705e-02 7.526819407940e-02 1.094769090414e-01 1.177449300885e-01 1.013373136520e-01 1.127411425114e-01 1.529245227575e-01
1.662829704583e-02 3.634401038289e-02 3.841317072511e-02 3.754453361034e-02 3.974066674709e-02 4.025175049901e-02 4.824313148856e-02 5.069571733475e-02 5.032172799110e-02 4.754665866494e-02 6.548271328211e-02 9.324304014444e-02 9.099911898375e-02 6.277815252542e-02 3.990619257092e-02 3.982950747013e-02 3.838256746531e-02 3.502950444818e-02 4.682176932693e-02 4.871990904212e-02 4.916066676378e-02 4.108407720923e-02 3.759805485606e-02 6.924360990524e-02 1.170734539628e-01 1.724797636271e-01 2.023215889931e-01 1.933603286743e-01 1.258719265461e-01 7.870937138796e-02 9.117636829615e-02 7.584991306067e-02 7.078392058611e-02 1.199872940779e-01 6.168222799897e-02 1.193483397365e-01 8.657712489367e-02 5.983006581664e-02 8.367428928614e-02 1.202903091908e-01 1.233029440045e-01 1.041961014271e-01 1.640241146088e-01
2.044279873371e-02 4.161130636930e-02 4.207463562489e-02 4.084639623761e-02 4.248655587435e-02 4.816896095872e-02 4.853186383843e-02 4.899052903056e-02 4.503969103098e-02 4.148481786251e-02 4.015072435141e-02 5.636372417212e-02 9.041158854961e-02 9.528072178364e-02 7.219853252172e-02 3.420951217413e-02 3.187565132976e-02 3.566840663552e-02 4.162431880832e-02 6.630203872919e-02 5.996735766530e-02 5.478398874402e-02 5.040878802538e-02 6.900235265493e-02 1.196842864156e-01 1.705951541662e-01 2.321668565273e-01 2.720261216164e-01 2.268518507481e-01 1.095014363527e-01 9.896129369736e-02 1.073320433497e-01 1.023212447762e-01 1.418569684029e-01 7.848691195250e-02 1.595363914967e-01 1.323089897633e-01 8.725468069315e-02 7.972142100334e-02 1.169000193477e-01 2.481183856726e-01 1.258557289839e-01 1.337370574474e-01
2.680899389088e-02 5.046744644642e-02 4.689095914364e-02 5.004545301199e-02 5.309874936938e-02 5.608595162630e-02 5.953301489353e-02 6.189168989658e-02 6.321709603071e-02 6.338957697153e-02 6.143996492028e-02 5.938902497292e-02 5.688145756721e-02 8.351819217205e-02 9.691394120455e-02 8.073215186596e-02 4.041057080030e-02 3.653069585562e-02 4.018392413855e-02 6.331868469715e-02 6.710137426853e-02 6.025742739439e-02 5.568398907781e-02 5.900016427040e-02 9.911036491394e-02 1.473299860954e-01 2.280312329531e-01 3.184738159180e-01 3.007634878159e-01 1.829589456320e-01 1.421166211367e-01 1.790935397148e-01 1.921866685152e-01 1.772500723600e-01 1.467168331146e-01 1.718057245016e-01 1.637754887342e-01 1.265672296286e-01 1.436240673065e-01 1.300806254148e-01 3.540211021900e-01 2.894740402699e-01 7.826367765665e-02
2.743189781904e-02 5.701393261552e-02 5.693301185966e-02 5.520649254322e-02 4.868882521987e-02 4.409151151776e-02 4.164984077215e-02 4.601957648993e-02 5.093358457088e-02 5.671685561538e-02 6.315547972918e-02 7.052671164274e-02 7.784155011177e-02 1.238694712520e-01 1.268198192120e-01 9.588415175676e-02 9.024287015200e-02 8.590957522392e-02 7.998665422201e-02 7.330363988876e-02 6.609699875116e-02 5.721285566688e-02 6.255190819502e-02 6.133815273643e-02 6.780520826578e-02 1.115085408092e-01 1.642828583717e-01 2.598057985306e-01 3.299368917942e-01 2.282184213400e-01 1.079739704728e-01 1.121814846992e-01 1.646994203329e-01 2.185462564230e-01 2.426546961069e-01 2.249338179827e-01 1.621682494879e-01 1.368790268898e-01 1.034484058619e-01 1.476762294769e-01 3.691677749157e-01 4.434318244457e-01 1.195086017251e-01
2.342423237860e-02 4.723310843110e-02 4.895047470927e-02 5.336941406131e-02 5.603871122003e-02 5.414475873113e-02 4.546554386616e-02 3.948851302266e-02 3.969250991940e-02 3.965885937214e-02 3.940765187144e-02 3.853235393763e-02 3.730609267950e-02 4.768495261669e-02 7.157146930695e-02 7.829740643501e-02 9.335371106863e-02 9.018459171057e-02 7.330892235041e-02 8.114820718765e-02 8.590472489595e-02 8.869238942862e-02 9.197514504194e-02 9.605708718300e-02 9.230751544237e-02 7.410480082035e-02 1.107363328338e-01 1.967922747135e-01 2.777397632599e-01 2.034936398268e-01 1.015899106860e-01 7.160239666700e-02 6.321348994970e-02 1.067527979612e-01 1.284275501966e-01 2.086804807186e-01 2.648078799248e-01 2.446483820677e-01 1.520824581385e-01 1.672775447369e-01 2.371889650822e-01 5.258073210716e-01 1.902517378330e-01
1.897712610662e-02 3.668131306767e-02 3.651219978929e-02 3.493523970246e-02 3.545917570591e-02 3.968105092645e-02 4.145364835858e-02 4.079663008451e-02 3.469036146998e-02 3.743596374989e-02 4.066809266806e-02 4.394339025021e-02 4.695827141404e-02 4.998356476426e-02 5.308119580150e-02 5.575940757990e-02 5.808032304049e-02 8.759814500809e-02 9.334558248520e-02 1.215767934918e-01 9.541267901659e-02 7.863189280033e-02 7.533633708954e-02 7.270432263613e-02 7.296081632376e-02 8.213115483522e-02 1.094190105796e-01 1.258048415184e-01 1.773658990860e-01 1.442456245422e-01 7.243461161852e-02 8.632754534483e-02 6.458804756403e-02 8.526968210936e-02 1.007730066776e-01 1.202704459429e-01 1.211573928595e-01 2.054378539324e-01 2.901557385921e-01 2.350201457739e-01 2.110731303692e-01 4.306366443634e-01 3.875806331635e-01
1.197811402380e-02 2.410459518433e-02 2.371492609382e-02 2.307996153831e-02 2.603283151984e-02 3.066753782332e-02 3.357231989503e-02 3.518991172314e-02 3.574641793966e-02 3.293640911579e-02 3.060876764357e-02 3.241861239076e-02 3.427436575294e-02 3.452357277274e-02 3.488673642278e-02 4.662033542991e-02 5.190422013402e-02 6.920947134495e-02 1.310061961412e-01 1.374070942402e-01 1.220178678632e-01 1.043836697936e-01 1.214983463287e-01 1.453934460878e-01 1.022897958755e-01 1.170028075576e-01 1.139415949583e-01 1.059135645628e-01 1.098010241985e-01 1.449198871851e-01 1.360666900873e-01 8.547096699476e-02 8.887514472008e-02 9.377429634333e-02 1.012037098408e-01 1.048210933805e-01 1.081445515156e-01 1.391797810793e-01 2.059479951859e-01 2.392879724503e-01 2.856677770615e-01 3.870913684368e-01 3.185536861420e-01
