100/SI/f189_max.grd
DSAA
101	101
32.816463539100	34.260883539100
35.556306596100	36.727886596100
2.851242425095e-05	4.553062915802e+00
[rows 38 to 56 of 101, columns 0 to 42 of 101]
1.109183579683e-02 2.340465784073e-02 2.531644515693e-02 2.637652307749e-02 3.114007972181e-02 3.814231976867e-02 4.405393078923e-02 5.021873489022e-02 5.514885485172e-02 5.035188421607e-02 4.131372645497e-02 3.370846435428e-02 3.328198194504e-02 3.278154507279e-02 3.470977023244e-02 3.861188888550e-02 4.431085288525e-02 8.226820826530e-02 1.333866119385e-01 1.432900279760e-01 1.156715303659e-01 9.805862605572e-02 6.522240489721e-02 7.608611881733e-02 1.511425226927e-01 1.959713250399e-01 1.885330826044e-01 1.346744149923e-01 9.685160964727e-02 1.077826768160e-01 1.143190190196e-01 1.383993327618e-01 1.900841295719e-01 1.889839023352e-01 1.773642301559e-01 1.053484156728e-01 1.437161564827e-01 1.614897400141e-01 1.605748832226e-01 2.464840561152e-01 2.678132653236e-01 4.003828763962e-01 3.242582380772e-01
1.621318608522e-02 2.886550500989e-02 2.420793473721e-02 2.396358922124e-02 3.413498401642e-02 4.143644869328e-02 5.432010069489e-02 6.822123378515e-02 7.601421326399e-02 7.117490470409e-02 5.174346268177e-02 4.048557206988e-02 3.489268943667e-02 3.546518459916e-02 3.805169835687e-02 4.112424701452e-02 4.381958022714e-02 4.617845639586e-02 7.263082265854e-02 1.016619428992e-01 1.038845852017e-01 1.021100357175e-01 1.057166457176e-01 8.696994930506e-02 8.083993196487e-02 8.982242643833e-02 1.205865219235e-01 2.272035181522e-01 3.041905462742e-01 3.085481822491e-01 2.423840314150e-01 1.193423792720e-01 1.351348906755e-01 1.136512458324e-01 2.279705554247e-01 2.042102366686e-01 1.338746398687e-01 1.621172428131e-01 1.983913332224e-01 2.255820631981e-01 3.022696077824e-01 3.607161939144e-01 4.284663796425e-01
1.879010349512e-02 3.742150217295e-02 3.544954210520e-02 3.109559416771e-02 4.098716750741e-02 5.038666725159e-02 6.100517138839e-02 8.007455617189e-02 8.668563514948e-02 8.637256920338e-02 5.909008160233e-02 3.970621526241e-02 3.999456763268e-02 3.464341908693e-02 2.890130504966e-02 3.246023878455e-02 3.765565529466e-02 4.112050682306e-02 4.338576644659e-02 5.792891606688e-02 8.516058325768e-02 1.190400570631e-01 1.430136263371e-01 1.439816653728e-01 1.405928283930e-01 9.343863278627e-02 7.418382912874e-02 7.858428359032e-02 7.649218291044e-02 9.414994716644e-02 2.012744545937e-01 3.216276168823e-01 3.814747035503e-01 3.184283375740e-01 1.619442701340e-01 1.612139940262e-01 2.797617912292e-01 2.324951440096e-01 2.431348413229e-01 2.419368773699e-01 2.232223451138e-01 3.025740385056e-01 4.527996182442e-01
2.716867066920e-02 4.575302451849e-02 5.316884815693e-02 5.461511388421e-02 4.920896887779e-02 5.865786224604e-02 5.852546170354e-02 5.645963922143e-02 5.637029930949e-02 6.898057460785e-02 7.437341660261e-02 6.447225064039e-02 4.779547080398e-02 4.261379688978e-02 4.328498244286e-02 5.352913588285e-02 6.208838522434e-02 6.943998485804e-02 6.786847859621e-02 4.932480677962e-02 5.434207618237e-02 7.194218039513e-02 8.299311995506e-02 1.111675202847e-01 1.378632932901e-01 1.636007130146e-01 1.823523193598e-01 1.768364608288e-01 1.814469099045e-01 1.979841738939e-01 2.189227044582e-01 2.157767415047e-01 3.323955535889e-01 3.745311796665e-01 2.671007812023e-01 3.371512591839e-01 3.740740418434e-01 3.176597356796e-01 3.568029403687e-01 2.913697957993e-01 2.038346529007e-01 3.564023375511e-01 2.952164411545e-01
2.798072434962e-02 4.918502643704e-02 5.376360192895e-02 4.848237335682e-02 5.443907529116e-02 6.859820336103e-02 6.814540922642e-02 5.904290452600e-02 7.085479050875e-02 5.896018072963e-02 5.621565133333e-02 7.833663374186e-02 8.120499551296e-02 6.111595034599e-02 5.663759261370e-02 5.220284312963e-02 5.339916422963e-02 7.150937616825e-02 9.641268849373e-02 9.800083935261e-02 6.330412626266e-02 7.121114432812e-02 9.124117344618e-02 7.630839198828e-02 8.816367387772e-02 1.063591316342e-01 1.401587873697e-01 2.112006694078e-01 2.840898036957e-01 2.600163817406e-01 2.465753257275e-01 1.828566789627e-01 1.824205666780e-01 3.420995473862e-01 3.293302655220e-01 4.147428870201e-01 2.739565372467e-01 3.879320323467e-01 3.400801718235e-01 4.900871217251e-01 5.065181255341e-01 3.998124003410e-01 4.495849609375e-01
5.397484824061e-02 1.046415716410e-01 7.827323675156e-02 6.497752666473e-02 6.356775760651e-02 5.718084797263e-02 5.863898620009e-02 7.134457677603e-02 7.065792381763e-02 5.706258490682e-02 7.141521573067e-02 4.866409674287e-02 6.257753074169e-02 8.757463842630e-02 7.595410943031e-02 6.565074622631e-02 8.220710605383e-02 1.784648746252e-01 2.104668617249e-01 1.146429032087e-01 1.227800995111e-01 7.251922041178e-02 8.528470247984e-02 1.206924617290e-01 8.017115294933e-02 7.329841703176e-02 7.726561278105e-02 8.440275490284e-02 1.077283620834e-01 1.224533617496e-01 1.308150887489e-01 1.423308849335e-01 1.939435005188e-01 3.070024251938e-01 2.109036743641e-01 1.950041651726e-01 2.869306504726e-01 3.259051144123e-01 2.163050174713e-01 4.486926198006e-01 4.626625180244e-01 5.020481944084e-01 6.153914928436e-01
8.540486544371e-02 1.566255688667e-01 1.269741356373e-01 9.903060644865e-02 9.128816425800e-02 7.435856759548e-02 1.028322130442e-01 9.025017172098e-02 8.979152143002e-02 7.023879885674e-02 5.495378747582e-02 6.739147752523e-02 6.042763963342e-02 3.944571316242e-02 7.423257082701e-02 8.690609782934e-02 6.322652846575e-02 5.418311059475e-02 9.905961155891e-02 6.551711261272e-02 1.140415742993e-01 1.351854205132e-01 1.342834681273e-01 1.179278641939e-01 1.616879552603e-01 9.926535189152e-02 9.214462339878e-02 1.194140687585e-01 1.400106996298e-01 1.069204360247e-01 1.363185495138e-01 1.677870154381e-01 1.985939443111e-01 2.324367910624e-01 2.962421774864e-01 2.241979688406e-01 2.511788606644e-01 2.810390889645e-01 2.663455605507e-01 3.825207650661e-01 3.501604795456e-01 5.097937583923e-01 5.234434008598e-01
3.280188143253e-02 6.822725385427e-02 8.420931547880e-02 9.903927147388e-02 1.010577678680e-01 1.120105609298e-01 1.181739419699e-01 1.016731932759e-01 9.116809070110e-02 8.747471868992e-02 8.205478638411e-02 7.594716548920e-02 7.166783511639e-02 6.761548668146e-02 7.319249957800e-02 6.248122453690e-02 4.440626874566e-02 5.215151607990e-02 5.496657639742e-02 7.522875070572e-02 7.053321599960e-02 1.164299026132e-01 1.261477917433e-01 1.347517222166e-01 1.579332053661e-01 1.780614256859e-01 1.931846141815e-01 2.011795192957e-01 2.055987268686e-01 2.214225530624e-01 2.248278111219e-01 2.363475561142e-01 2.509102523327e-01 2.082143872976e-01 1.807620227337e-01 2.547333240509e-01 3.036769628525e-01 4.687867760658e-01 5.602936744690e-01 5.158430933952e-01 4.918538331985e-01 5.132632255554e-01 4.241538345814e-01
3.223370388150e-02 6.735152006149e-02 7.572565227747e-02 8.306344598532e-02 9.820291399956e-02 1.003767624497e-01 9.220509976149e-02 7.454430311918e-02 7.042460888624e-02 8.364383876324e-02 9.836968034506e-02 9.335874021053e-02 7.056957483292e-02 4.589113965631e-02 4.948835074902e-02 2.857871726155e-02 1.662313938141e-02 1.839922927320e-02 2.439552918077e-02 2.944667264819e-02 8.783915638924e-02 1.549638509750e-01 1.310709118843e-01 1.670094281435e-01 1.611238270998e-01 1.982822865248e-01 2.046011239290e-01 1.937342733145e-01 1.806902885437e-01 2.048106342554e-01 2.189333289862e-01 2.821607291698e-01 3.603510260582e-01 3.927139937878e-01 3.354882001877e-01 2.826821208000e-01 3.125932216644e-01 2.236755490303e-01 3.415410518646e-01 3.487667441368e-01 5.451534390450e-01 5.158904790878e-01 5.555208921432e-01
8.773498237133e-03 1.763106696308e-02 1.860656403005e-02 2.002585865557e-02 2.718152478337e-02 3.804907202721e-02 5.008687824011e-02 5.372668430209e-02 5.185409635305e-02 4.780535772443e-02 5.061626434326e-02 6.430501490831e-02 6.424544006586e-02 5.232789367437e-02 3.386250883341e-02 2.618941292167e-02 1.344326604158e-02 1.146102696657e-02 1.274660788476e-02 2.699703350663e-02 6.087487563491e-02 1.291888803244e-01 3.231577575207e-01 3.034620285034e-01 2.725654542446e-01 2.560086846352e-01 2.467522323132e-01 2.398855388165e-01 2.553899884224e-01 2.950913906097e-01 3.283396959305e-01 3.714714348316e-01 6.397292017937e-01 3.554289340973e-01 8.030036091805e-01 5.454269647598e-01 4.333759844303e-01 4.701463580132e-01 5.807510018349e-01 6.728976368904e-01 7.112102508545e-01 6.740143299103e-01 6.752519607544e-01
8.008304052055e-03 1.546674035490e-02 1.683577895164e-02 1.686009392142e-02 2.839377149940e-02 4.208438470960e-02 4.387599229813e-02 3.581447899342e-02 2.644822932780e-02 2.169452421367e-02 2.722743339837e-02 3.379150852561e-02 3.236590325832e-02 2.601613476872e-02 1.915502175689e-02 1.357865426689e-02 9.832420386374e-03 7.163857575506e-03 7.476124912500e-03 2.423232235014e-02 7.745537906885e-02 1.335237026215e-01 1.310285478830e-01 2.802818715572e-01 6.748493909836e-01 3.404850959778e-01 2.121016383171e-01 1.923034489155e-01 1.999751031399e-01 2.175254076719e-01 3.746183514595e-01 5.400019884109e-01 2.859016060829e-01 4.254365265369e-01 7.676568627357e-01 1.405228734016e+00 5.734167098999e-01 4.521911740303e-01 4.051771163940e-01 4.456959962845e-01 3.814648985863e-01 6.987004876137e-01 8.207056522369e-01
4.176015499979e-03 8.670382201672e-03 1.038121338934e-02 1.151444856077e-02 1.512863580137e-02 2.433605678380e-02 2.788750827312e-02 2.418093383312e-02 1.871707290411e-02 1.408692449331e-02 1.165729574859e-02 1.111455541104e-02 8.848067373037e-03 7.657775655389e-03 9.145642630756e-03 6.961823441088e-03 6.520353723317e-03 5.483755376190e-03 6.362956017256e-03 9.728887118399e-03 1.610179431736e-02 4.473128914833e-02 4.684693366289e-02 6.184447929263e-02 2.443563193083e-01 2.585111260414e-01 9.628323465586e-02 5.226485803723e-02 5.357874557376e-02 1.784097552299e-01 2.362001091242e-01 2.585590481758e-01 2.671550214291e-01 2.191151529551e-01 3.225142061710e-01 9.278962016106e-01 4.871117472649e-01 3.022951483727e-01 2.106631845236e-01 1.915014684200e-01 1.797702759504e-01 4.716636538506e-01 6.547247767448e-01
1.800731639378e-03 3.599664894864e-03 3.745299996808e-03 4.298312589526e-03 5.281410645694e-03 6.690628826618e-03 7.964443415403e-03 8.668571710587e-03 8.384227752686e-03 7.113688159734e-03 6.108311004937e-03 7.022602483630e-03 7.252198178321e-03 6.712097208947e-03 6.804363802075e-03 7.779598236084e-03 5.909880623221e-03 4.741076845676e-03 5.306857172400e-03 7.888955064118e-03 9.017863310874e-03 1.644570194185e-02 2.858961187303e-02 6.235072389245e-02 1.514590084553e-01 9.389911592007e-02 5.734431743622e-02 4.606369510293e-02 4.473177343607e-02 1.436687819660e-02 1.258925069124e-02 1.370977517217e-02 2.139450423419e-02 4.638105630875e-02 1.075314655900e-01 1.830395460129e+00 3.487963914871e+00 4.660591185093e-01 3.176373243332e-01 1.635999977589e-01 1.152625009418e-01 1.244365125895e-01 2.413018345833e-01
1.471481518820e-03 2.675635041669e-03 2.969634253532e-03 2.966294065118e-03 2.989233471453e-03 3.856374183670e-03 5.065158940852e-03 6.235855631530e-03 6.932664196938e-03 6.787177175283e-03 5.695816595107e-03 5.284235347062e-03 5.740423686802e-03 5.555939860642e-03 4.948128014803e-03 6.050832103938e-03 7.026549894363e-03 5.587257444859e-03 4.311518743634e-03 1.264660153538e-02 1.599501259625e-02 1.189270801842e-02 1.581969298422e-02 2.808981761336e-02 5.351097509265e-02 5.310565829277e-01 1.156752258539e-01 1.026951372623e-01 4.338251426816e-02 8.527676574886e-03 7.455240469426e-03 7.805079687387e-03 9.076802060008e-03 1.118870731443e-02 1.501997373998e-02 8.085149526596e-02 5.611984729767e-01 1.452260732651e+00 3.699825704098e-01 2.079480737448e-01 5.939286574721e-02 3.844696283340e-02 4.231580346823e-02
1.388432225212e-03 3.306687809527e-03 4.471737425774e-03 5.161852110177e-03 5.375134758651e-03 4.959787707776e-03 4.409849178046e-03 4.013132303953e-03 4.975093062967e-03 5.705618299544e-03 5.685145501047e-03 4.913985263556e-03 4.286928102374e-03 5.334496498108e-03 5.569679196924e-03 4.977352917194e-03 5.796750076115e-03 7.479408290237e-03 5.901636555791e-03 1.233725994825e-02 1.323469541967e-02 1.129568833858e-02 1.258225273341e-02 1.363135594875e-02 3.097658604383e-02 1.080052927136e-01 1.116307377815e-01 2.855002693832e-02 1.316898502409e-02 8.252572268248e-03 6.181880831718e-03 5.277598742396e-03 5.206460133195e-03 6.520403549075e-03 8.485618047416e-03 2.873300015926e-02 1.469739824533e-01 5.207849144936e-01 6.327205300331e-01 9.628301858902e-02 4.184254631400e-02 2.685870043933e-02 2.548838965595e-02
2.102936152369e-03 4.951025824994e-03 6.328188348562e-03 7.117358036339e-03 7.312749512494e-03 6.987693253905e-03 6.560136098415e-03 5.902390927076e-03 5.094342399389e-03 4.164922982454e-03 4.568907432258e-03 4.794035572559e-03 4.587517119944e-03 5.416091997176e-03 6.209789775312e-03 5.865825340152e-03 4.949547816068e-03 7.861983962357e-03 8.302685804665e-03 2.179723232985e-02 1.401935983449e-02 1.003150176257e-02 6.790333427489e-03 6.913910154253e-03 1.306004170328e-02 9.672476351261e-02 1.365176588297e-01 2.593211643398e-02 1.687261834741e-02 8.638563565910e-03 5.314965266734e-03 3.690568497404e-03 3.278832649812e-03 3.477998310700e-03 5.318474955857e-03 8.747768588364e-03 5.950890481472e-02 1.842020899057e-01 4.912639260292e-01 2.374000400305e-01 1.130388528109e-01 2.225459367037e-02 1.890373602509e-02
1.430577482097e-03 3.136283252388e-03 3.912493586540e-03 4.294369369745e-03 4.164545331150e-03 4.135500174016e-03 4.629836883396e-03 5.179460626096e-03 5.696486681700e-03 5.705714225769e-03 4.911581054330e-03 3.694003680721e-03 4.348631016910e-03 4.763268399984e-03 4.822093062103e-03 4.841542337090e-03 5.065176635981e-03 8.295951411128e-03 1.127348467708e-02 1.874070614576e-02 1.455984730273e-02 1.141355000436e-02 5.622819531709e-03 5.523407366127e-03 1.116535253823e-02 3.531349450350e-02 3.041447326541e-02 2.013881504536e-02 1.577844098210e-02 8.846740238369e-03 4.884241148829e-03 4.031366668642e-03 3.554170951247e-03 3.470441559330e-03 4.452878143638e-03 7.531569804996e-03 1.573553122580e-02 7.969795912504e-02 9.373456239700e-02 5.691747367382e-02 3.413361310959e-02 1.718525774777e-02 1.544274017215e-02
1.344810705632e-03 2.426144201308e-03 3.606626996771e-03 4.608888179064e-03 5.501068197191e-03 6.503095850348e-03 7.603549398482e-03 8.793782442808e-03 9.893784299493e-03 1.020770426840e-02 9.122301824391e-03 6.769461091608e-03 4.348701797426e-03 4.539049696177e-03 5.553373135626e-03 6.023279391229e-03 7.603452075273e-03 8.799008093774e-03 1.021040417254e-02 1.800915971398e-02 1.300476491451e-02 8.496702648699e-03 4.494420252740e-03 4.319370724261e-03 8.120192214847e-03 9.438555687666e-03 1.021347492933e-01 1.383497100323e-02 1.298143994063e-02 7.828029803932e-03 4.497866146266e-03 3.631246276200e-03 3.462368156761e-03 3.653341205791e-03 4.714052192867e-03 6.410893518478e-03 1.062767580152e-02 1.310159265995e-02 2.762025780976e-02 3.671785816550e-02 2.288467064500e-02 1.380919013172e-02 1.772010885179e-02
1.353811821900e-03 2.448718762025e-03 3.306647762656e-03 4.089654423296e-03 4.879968706518e-03 5.844738800079e-03 6.864244583994e-03 7.893190719187e-03 8.854291401803e-03 9.372504428029e-03 8.879245258868e-03 9.772266261280e-03 1.016866415739e-02 1.012957002968e-02 9.661775082350e-03 8.756008930504e-03 1.044684927911e-02 7.525722496212e-03 1.020125206560e-02 3.252685442567e-02 1.190617214888e-02 5.975676234812e-03 4.216928035021e-03 3.529773326591e-03 4.845999646932e-03 1.125765498728e-02 4.037195444107e-02 1.071522198617e-02 1.377877779305e-02 5.850443616509e-03 4.252413753420e-03 3.281468991190e-03 3.320681629702e-03 3.771702991799e-03 4.992228467017e-03 5.935624241829e-03 6.609236355871e-03 1.064011361450e-02 2.332100272179e-02 2.721594274044e-02 1.681607216597e-02 1.241816207767e-02 1.643828116357e-02
