100/SI/f189_max.grd
DSAA
101	101
32.816463539100	34.260883539100
35.556306596100	36.727886596100
2.851242425095e-05	4.553062915802e+00
[rows 19 to 37 of 101, columns 43 to 85 of 101]
4.577408358455e-02 5.610416829586e-02 7.296484708786e-02 7.437818497419e-02 4.831054061651e-02 7.390706241131e-02 3.785434737802e-02 3.907878696918e-02 4.291934520006e-02 4.352589324117e-02 3.972284123302e-02 5.792459100485e-02 6.959964334965e-02 6.932978332043e-02 4.591982811689e-02 5.617656931281e-02 7.402639091015e-02 6.899337470531e-02 3.801473602653e-02 6.147168576717e-02 2.844663336873e-02 4.002159461379e-02 5.371418222785e-02 2.637864276767e-02 2.614472061396e-02 3.086385317147e-02 2.547565475106e-02 3.196980059147e-02 2.967972494662e-02 2.352976053953e-02 2.546022832394e-02 3.513767197728e-02 3.967955708504e-02 3.073240630329e-02 2.718519233167e-02 2.231402695179e-02 1.533209159970e-02 1.674910821021e-02 1.845629513264e-02 1.537115965039e-02 1.456972211599e-02 1.257254183292e-02 1.368387602270e-02
4.056388512254e-02 5.497663468122e-02 7.799556106329e-02 8.995977789164e-02 6.512955576181e-02 6.533913314342e-02 3.894058987498e-02 4.138596728444e-02 3.715838491917e-02 4.650514572859e-02 4.865672811866e-02 5.413435399532e-02 7.442370802164e-02 7.370099425316e-02 5.550347268581e-02 6.113360077143e-02 7.231465727091e-02 7.792711257935e-02 4.484838247299e-02 5.942521616817e-02 3.248262032866e-02 6.038403138518e-02 7.522069662809e-02 3.504080325365e-02 3.046618029475e-02 3.157847374678e-02 3.117780759931e-02 3.305771574378e-02 2.577129751444e-02 2.504790574312e-02 3.546989709139e-02 4.634597897530e-02 4.139997437596e-02 3.267194330692e-02 2.709208801389e-02 2.234029583633e-02 1.585971005261e-02 1.957005076110e-02 1.509420573711e-02 1.310222130269e-02 1.397676393390e-02 1.198106911033e-02 1.249909028411e-02
4.395059868693e-02 6.331672519445e-02 7.201147824526e-02 9.415590018034e-02 8.023209124804e-02 5.590926483274e-02 3.855632245541e-02 4.382390156388e-02 3.534036129713e-02 4.343826696277e-02 4.582604020834e-02 5.123167112470e-02 7.058395445347e-02 7.942425459623e-02 6.698296964169e-02 6.532494723797e-02 6.930112838745e-02 8.512804657221e-02 5.111941322684e-02 5.505188927054e-02 3.647703677416e-02 7.466647028923e-02 8.225314319134e-02 3.944675251842e-02 2.973630838096e-02 3.693426400423e-02 3.519422188401e-02 2.857994474471e-02 2.451689913869e-02 3.526694327593e-02 4.946080967784e-02 4.796922951937e-02 3.240839391947e-02 3.727376833558e-02 2.685093879700e-02 2.056541107595e-02 1.896299235523e-02 2.011173218489e-02 1.690489612520e-02 1.326442975551e-02 1.289941091090e-02 9.472368285060e-03 9.299868717790e-03
4.204005748034e-02 5.955564975739e-02 6.104000285268e-02 8.985813707113e-02 8.877300471067e-02 5.870273709297e-02 5.205364152789e-02 4.639774560928e-02 3.479686751962e-02 3.798621147871e-02 4.358138516545e-02 5.195258185267e-02 5.837449058890e-02 8.433905243874e-02 7.459019124508e-02 6.364692002535e-02 6.413346529007e-02 9.125597774982e-02 5.629083886743e-02 4.932353645563e-02 4.044179245830e-02 7.409100234509e-02 7.165526598692e-02 3.402765467763e-02 3.271656110883e-02 3.831444680691e-02 3.193216398358e-02 2.623817697167e-02 3.710572794080e-02 5.231241509318e-02 5.144550278783e-02 3.574463725090e-02 2.736724354327e-02 3.872703388333e-02 1.930156908929e-02 1.877411082387e-02 2.339330688119e-02 1.802800223231e-02 1.938404701650e-02 1.229603309184e-02 1.375112030655e-02 1.146289892495e-02 1.034219097346e-02
3.415121510625e-02 4.071799665689e-02 6.384669989347e-02 7.954112440348e-02 8.940564095974e-02 5.953398346901e-02 6.457652151585e-02 5.428327247500e-02 3.819634765387e-02 3.227027505636e-02 4.538639262319e-02 5.072403326631e-02 6.054729223251e-02 9.046304970980e-02 7.543342560530e-02 5.834212899208e-02 5.777377262712e-02 9.498470276594e-02 6.003657355905e-02 5.982964113355e-02 4.696745425463e-02 6.088352948427e-02 5.342687666416e-02 3.182882070541e-02 3.984634578228e-02 3.706587478518e-02 2.748202160001e-02 3.956860303879e-02 5.668658018112e-02 5.510214716196e-02 3.741130605340e-02 2.221139520407e-02 2.900602854788e-02 3.632783517241e-02 1.949275843799e-02 2.022446319461e-02 2.464074827731e-02 1.886413432658e-02 2.126081660390e-02 1.285667531192e-02 1.306311413646e-02 1.078777853400e-02 1.097057294101e-02
4.412014037371e-02 4.399432614446e-02 7.189964503050e-02 6.719929724932e-02 8.490362763405e-02 6.639379262924e-02 6.178886070848e-02 6.852346658707e-02 5.965775251389e-02 4.563983529806e-02 4.963738843799e-02 4.790967330337e-02 6.594969332218e-02 9.664417803288e-02 6.751797348261e-02 5.594327673316e-02 4.931437969208e-02 9.708745032549e-02 7.627293467522e-02 6.603880971670e-02 5.551135912538e-02 5.902181193233e-02 3.573885560036e-02 3.839708119631e-02 4.092135652900e-02 2.822211384773e-02 4.294921085238e-02 6.112124770880e-02 5.819574743509e-02 3.900152817369e-02 2.089291810989e-02 1.630301959813e-02 3.882427513599e-02 3.037783131003e-02 1.870266534388e-02 2.621447667480e-02 2.285721153021e-02 1.900564879179e-02 2.257877029479e-02 1.591136679053e-02 1.115926634520e-02 1.058387104422e-02 9.461374022067e-03
6.938330084085e-02 4.302461445332e-02 4.319003224373e-02 7.451748102903e-02 7.815340906382e-02 7.002092897892e-02 5.382835492492e-02 6.264318525791e-02 7.126536965370e-02 6.996349245310e-02 5.952035635710e-02 7.366190850735e-02 7.160870730877e-02 1.003439575434e-01 5.820978060365e-02 5.200101435184e-02 6.857998669147e-02 9.772451221943e-02 8.629842102528e-02 6.330733001232e-02 5.980397015810e-02 6.362850964069e-02 4.012760147452e-02 4.186157882214e-02 3.446155041456e-02 4.493483155966e-02 6.654446572065e-02 6.236036121845e-02 4.057029262185e-02 2.666691504419e-02 3.731742501259e-02 2.273300290108e-02 4.533665999770e-02 2.670124173164e-02 2.178736217320e-02 2.802806347609e-02 2.745786495507e-02 1.926711015403e-02 2.330055646598e-02 1.755939982831e-02 1.068896614015e-02 1.010016351938e-02 1.171096134931e-02
9.280191361904e-02 4.422166198492e-02 4.345358535647e-02 6.846198439598e-02 7.032581418753e-02 7.157640159130e-02 5.857618525624e-02 5.899751558900e-02 5.921398475766e-02 7.652676105499e-02 8.330931514502e-02 7.458568364382e-02 7.727329432964e-02 1.015870869160e-01 5.038356781006e-02 8.020406961441e-02 9.610841423273e-02 9.778066724539e-02 8.386512100697e-02 5.015960708261e-02 5.678817629814e-02 5.828805267811e-02 4.014207422733e-02 3.459173813462e-02 4.527668282390e-02 7.075574249029e-02 6.827057898045e-02 4.275832697749e-02 3.793793916702e-02 5.202671885490e-02 4.723419994116e-02 4.287208616734e-02 4.423300549388e-02 2.985488809645e-02 2.803988382220e-02 2.321765199304e-02 2.991607971489e-02 2.039237134159e-02 2.337710000575e-02 1.744919456542e-02 1.133296079934e-02 1.281989365816e-02 1.650211960077e-02
1.012982279062e-01 4.539712518454e-02 5.254193767905e-02 4.526323452592e-02 7.748471945524e-02 7.222426682711e-02 6.162331253290e-02 6.262109428644e-02 6.011825054884e-02 7.566132396460e-02 8.022142946720e-02 6.985872238874e-02 8.234900236130e-02 9.783654659986e-02 8.733607083559e-02 1.061424687505e-01 1.026098355651e-01 9.492006897926e-02 5.699599161744e-02 5.098275095224e-02 5.853025987744e-02 5.910402536392e-02 4.265834763646e-02 4.332406073809e-02 7.374042272568e-02 7.530850172043e-02 4.721163585782e-02 3.856318444014e-02 5.653097480536e-02 4.692842066288e-02 3.803009539843e-02 4.158509522676e-02 3.437651693821e-02 3.283076360822e-02 2.777077630162e-02 1.950754784048e-02 2.928803302348e-02 2.209494262934e-02 2.291422151029e-02 1.579574123025e-02 1.361403986812e-02 1.831918582320e-02 2.071417868137e-02
8.887691050768e-02 6.615525484085e-02 6.082525849342e-02 4.241349548101e-02 5.597057193518e-02 7.353489845991e-02 7.762079685926e-02 6.649925559759e-02 7.899818569422e-02 1.156426593661e-01 6.393004208803e-02 6.131550669670e-02 8.569842576981e-02 9.002538770437e-02 1.131385713816e-01 1.095436364412e-01 9.472588449717e-02 9.171492606401e-02 6.290374696255e-02 6.833749264479e-02 6.078885868192e-02 5.883709341288e-02 3.955583274364e-02 7.479292154312e-02 8.295668661594e-02 5.364011228085e-02 4.397126659751e-02 5.987201258540e-02 5.297414213419e-02 3.458960354328e-02 5.048018693924e-02 4.374967887998e-02 2.642611786723e-02 2.996867708862e-02 2.507998608053e-02 2.691842056811e-02 2.665314450860e-02 2.429467253387e-02 2.223048917949e-02 2.049525082111e-02 2.272627316415e-02 2.551598288119e-02 2.153638750315e-02
5.988587066531e-02 9.971145540476e-02 6.658446043730e-02 5.221078917384e-02 6.343518942595e-02 7.126073539257e-02 6.828784197569e-02 7.112684845924e-02 1.034158542752e-01 1.430783718824e-01 9.597187489271e-02 6.677401065826e-02 8.631068468094e-02 1.078737154603e-01 1.153002902865e-01 1.607393622398e-01 8.517169952393e-02 8.492123335600e-02 7.028062641621e-02 6.901197880507e-02 6.271163374186e-02 5.803917348385e-02 7.401915639639e-02 8.801677078009e-02 6.045217439532e-02 4.943707585335e-02 5.907579883933e-02 5.932753160596e-02 5.093455687165e-02 5.055398866534e-02 5.362778529525e-02 3.002368286252e-02 2.840651944280e-02 2.558769658208e-02 2.247113548219e-02 2.102755941451e-02 3.640871122479e-02 2.886734157801e-02 2.647083252668e-02 3.030041605234e-02 3.019864112139e-02 2.217697165906e-02 1.502325199544e-02
6.760195642710e-02 1.105069667101e-01 6.883668899536e-02 5.772889032960e-02 7.478247582912e-02 6.818671524525e-02 7.100059092045e-02 9.019666910172e-02 1.190931573510e-01 1.436525136232e-01 1.145983487368e-01 1.137979924679e-01 1.007372364402e-01 1.181949749589e-01 1.404846161604e-01 2.033804655075e-01 8.846342563629e-02 9.566577523947e-02 9.486195445061e-02 7.755986601114e-02 6.144495308399e-02 7.381032407284e-02 9.251935780048e-02 6.652919948101e-02 5.531543865800e-02 5.831893160939e-02 5.663708969951e-02 6.278133392334e-02 6.105630472302e-02 6.088018044829e-02 4.591688141227e-02 2.470200881362e-02 3.393191471696e-02 2.129259705544e-02 2.221216633916e-02 2.270265854895e-02 5.016405135393e-02 3.324361518025e-02 3.488670289516e-02 2.810307219625e-02 1.708614453673e-02 1.012797281146e-02 1.005767844617e-02
1.338274329901e-01 8.731955289841e-02 9.571068733931e-02 6.130965426564e-02 9.096574783325e-02 7.055859267712e-02 7.635048776865e-02 1.041978448629e-01 1.252114921808e-01 1.215455979109e-01 1.180338636041e-01 1.194637864828e-01 1.119965985417e-01 9.061134606600e-02 9.626708924770e-02 1.295285969973e-01 7.240281999111e-02 9.451933950186e-02 1.033314317465e-01 8.623506128788e-02 7.672485709190e-02 9.678447246552e-02 7.246584445238e-02 6.173252314329e-02 5.715132132173e-02 5.241851136088e-02 5.670140311122e-02 6.692577153444e-02 6.709380447865e-02 5.993567407131e-02 3.769325092435e-02 2.370708249509e-02 3.611121326685e-02 2.876502834260e-02 3.468737006187e-02 3.689552098513e-02 5.658894777298e-02 3.301990032196e-02 2.610723115504e-02 1.821883954108e-02 1.633138582110e-02 1.236429251730e-02 1.175679080188e-02
2.171345204115e-01 9.492335468531e-02 1.071823686361e-01 7.806584239006e-02 1.008260771632e-01 8.623200654984e-02 8.512190729380e-02 1.196045875549e-01 1.285157948732e-01 1.008750349283e-01 1.419594138861e-01 1.744931191206e-01 9.673039615154e-02 1.132269799709e-01 6.940088421106e-02 8.064751327038e-02 7.701773941517e-02 9.187721461058e-02 8.880885690451e-02 8.053860813379e-02 1.027171984315e-01 7.820400595665e-02 6.430181860924e-02 5.777734890580e-02 6.219436973333e-02 5.745157599449e-02 5.810537934303e-02 7.251920551062e-02 7.298599183559e-02 6.624491512775e-02 4.570310190320e-02 4.001484811306e-02 3.971738368273e-02 3.626004233956e-02 3.509056940675e-02 5.398022383451e-02 4.664043709636e-02 2.259160578251e-02 2.440506033599e-02 2.494510821998e-02 2.312698774040e-02 1.788644492626e-02 1.270052324980e-02
2.376529425383e-01 2.482427954674e-01 1.007136926055e-01 1.025689542294e-01 1.110405698419e-01 1.043466031551e-01 1.432657092810e-01 1.339832842350e-01 1.266652643681e-01 9.388632327318e-02 1.443690210581e-01 1.942928284407e-01 1.161794960499e-01 1.094579398632e-01 8.897706866264e-02 9.060350060463e-02 9.590933471918e-02 9.069691598415e-02 8.773536235094e-02 1.099207550287e-01 8.562104403973e-02 7.334455847740e-02 6.284894049168e-02 4.924022033811e-02 6.015143543482e-02 6.803251802921e-02 6.258410960436e-02 7.781255990267e-02 8.116398006678e-02 7.240939885378e-02 5.397134646773e-02 3.978329896927e-02 3.537936136127e-02 3.001479245722e-02 4.881929978728e-02 5.607527494431e-02 2.517581917346e-02 2.570507116616e-02 2.679579332471e-02 2.717182599008e-02 2.568471431732e-02 2.148358710110e-02 1.494194846600e-02
1.140592396259e-01 3.343935012817e-01 2.443403452635e-01 1.011118143797e-01 1.170164421201e-01 1.299293190241e-01 1.383765339851e-01 1.406458765268e-01 1.124283894897e-01 9.842440485954e-02 1.645403802395e-01 1.901440322399e-01 1.492263078690e-01 1.009493321180e-01 9.335532784462e-02 1.038315594196e-01 1.600028276443e-01 1.004070788622e-01 1.218467429280e-01 9.391722083092e-02 6.760048121214e-02 6.587765365839e-02 5.565448850393e-02 6.760387122631e-02 6.881470233202e-02 7.904850691557e-02 8.732500672340e-02 6.653755903244e-02 7.897938787937e-02 7.885888963938e-02 6.132530793548e-02 3.249352052808e-02 3.323359787464e-02 5.161480605602e-02 5.609931424260e-02 3.298840671778e-02 2.284873835742e-02 2.306437678635e-02 2.295973896980e-02 2.330256253481e-02 2.321748994291e-02 2.150551788509e-02 1.720985956490e-02
2.089968025684e-01 1.583836227655e-01 3.897902369499e-01 1.815202981234e-01 1.183391585946e-01 1.597153544426e-01 1.200347393751e-01 1.339520663023e-01 1.747568398714e-01 1.371180862188e-01 1.897777169943e-01 1.510245651007e-01 1.589233279228e-01 1.330235153437e-01 1.095034331083e-01 1.024087965488e-01 2.330504357815e-01 1.410562545061e-01 1.136577054858e-01 1.384442597628e-01 8.233051002026e-02 6.719258427620e-02 7.175706326962e-02 7.554723322392e-02 7.278831303120e-02 7.761321961880e-02 1.099614948034e-01 6.655519455671e-02 8.194246143103e-02 8.555985242128e-02 6.941672414541e-02 4.477187618613e-02 5.687894299626e-02 5.276574566960e-02 3.035038523376e-02 2.514353953302e-02 2.375045977533e-02 2.224031835794e-02 2.067524753511e-02 1.924989558756e-02 1.999993249774e-02 2.065826766193e-02 1.876684837043e-02
2.812696695328e-01 3.697451055050e-01 2.236219495535e-01 3.831852674484e-01 1.427751928568e-01 1.933475285769e-01 1.657243221998e-01 1.772434562445e-01 2.460088133812e-01 2.038025408983e-01 2.360979765654e-01 1.352874636650e-01 1.441751569510e-01 1.501364111900e-01 1.345373541117e-01 1.062218099833e-01 2.741589844227e-01 1.559091806412e-01 1.622206419706e-01 1.124123185873e-01 6.106995791197e-02 6.778308749199e-02 8.625521510839e-02 7.850576192141e-02 7.086326181889e-02 6.813940405846e-02 1.071449667215e-01 7.291977107525e-02 9.187144786119e-02 9.062119573355e-02 7.190304249525e-02 5.749293789268e-02 4.325614869595e-02 2.227603644133e-02 2.209346182644e-02 2.362340316176e-02 2.321727573872e-02 2.481943182647e-02 2.437765337527e-02 2.314412221313e-02 2.513359673321e-02 2.923432365060e-02 3.055642917752e-02
5.591337084770e-01 3.687304854393e-01 3.906470537186e-01 3.245916068554e-01 2.952380776405e-01 2.173228561878e-01 2.390663027763e-01 2.082296758890e-01 2.165940105915e-01 2.387587428093e-01 2.774893939495e-01 1.610576063395e-01 1.422216743231e-01 1.524732261896e-01 1.671090275049e-01 1.592805683613e-01 2.118247449398e-01 1.571066975594e-01 1.566823720932e-01 1.251610815525e-01 1.022953912616e-01 1.216384246945e-01 1.225950792432e-01 1.015599891543e-01 7.413835078478e-02 6.242071464658e-02 8.403903245926e-02 8.955817669630e-02 9.494367986917e-02 7.931150496006e-02 5.568456649780e-02 3.567318618298e-02 3.122444450855e-02 3.286140784621e-02 3.891481831670e-02 4.271062090993e-02 4.471858590841e-02 4.455007985234e-02 4.232065379620e-02 3.874735534191e-02 3.526217862964e-02 3.555447235703e-02 3.150584921241e-02
