100/SI/f189_max.grd
DSAA
101	101
32.816463539100	34.260883539100
35.556306596100	36.727886596100
2.851242425095e-05	4.553062915802e+00
[rows 38 to 56 of 101, columns 43 to 85 of 101]
2.806941270828e-01 4.366312026978e-01 4.671568870544e-01 2.770131826401e-01 4.645648598671e-01 2.304058372974e-01 2.352010607719e-01 3.133342564106e-01 2.693533003330e-01 2.146602869034e-01 3.188648521900e-01 1.665996462107e-01 1.827253401279e-01 1.538885533810e-01 2.399201095104e-01 1.740057617426e-01 1.886292695999e-01 1.064143851399e-01 1.467416137457e-01 2.227617353201e-01 2.271782904863e-01 1.742418408394e-01 1.201439052820e-01 9.488803148270e-02 8.186405152082e-02 7.418987900019e-02 6.840204447508e-02 7.002767920494e-02 6.228272989392e-02 4.678516089916e-02 4.638829454780e-02 5.492227897048e-02 6.279276311398e-02 6.460122764111e-02 6.552942097187e-02 6.568093597889e-02 6.469058245420e-02 5.975573509932e-02 5.310520157218e-02 4.738913476467e-02 4.276290163398e-02 4.316079989076e-02 3.636445850134e-02
2.826684713364e-01 5.807429552078e-01 3.745473325253e-01 5.226168632507e-01 3.759289085865e-01 5.342202186584e-01 4.466053843498e-01 2.758761644363e-01 2.795824408531e-01 2.252667844296e-01 3.617872893810e-01 2.349114567041e-01 1.523699760437e-01 1.746260821819e-01 3.189945816994e-01 1.893613338470e-01 2.176104635000e-01 3.401723206043e-01 3.050113618374e-01 2.066730856895e-01 1.393766403198e-01 9.458367526531e-02 8.623690158129e-02 7.783358544111e-02 7.838458567858e-02 7.494524866343e-02 6.572365015745e-02 5.738717690110e-02 5.184040963650e-02 5.177217349410e-02 5.687069147825e-02 5.347078293562e-02 4.395684227347e-02 3.705105558038e-02 3.582139313221e-02 3.091588988900e-02 3.336347639561e-02 3.664262220263e-02 4.033087939024e-02 4.467175900936e-02 4.839897528291e-02 6.314212828875e-02 6.509893387556e-02
4.147926568985e-01 2.909073531628e-01 5.108945369720e-01 4.042053818703e-01 4.299066364765e-01 5.628407001495e-01 3.422363400459e-01 3.085539340973e-01 2.219150960445e-01 2.301243990660e-01 3.869640529156e-01 2.103061527014e-01 2.152161151171e-01 2.122210562229e-01 2.586383223534e-01 4.177958667278e-01 2.851300239563e-01 1.473363637924e-01 1.378531008959e-01 9.169691056013e-02 6.886815279722e-02 1.005342155695e-01 1.318649500608e-01 1.182027757168e-01 8.510992676020e-02 7.415118813515e-02 7.252719998360e-02 6.690242886543e-02 5.781837552786e-02 5.381214246154e-02 5.066261067986e-02 5.125523731112e-02 4.907359927893e-02 4.565757513046e-02 4.440715163946e-02 4.669816046953e-02 4.610225930810e-02 4.187411814928e-02 5.575088411570e-02 7.594841718674e-02 6.239135935903e-02 4.693064466119e-02 4.059167951345e-02
4.534047842026e-01 4.214453697205e-01 6.668028831482e-01 5.556690096855e-01 5.232925415039e-01 5.788817405701e-01 5.475171804428e-01 3.014653623104e-01 3.393784165382e-01 3.221225440502e-01 3.811595141888e-01 2.990279197693e-01 2.745251655579e-01 4.733437895775e-01 3.052291572094e-01 2.250641584396e-01 1.909951269627e-01 1.547871083021e-01 1.137945502996e-01 1.843155473471e-01 1.989719867706e-01 1.046041473746e-01 1.644854545593e-01 1.255164146423e-01 1.130559742451e-01 9.974648058414e-02 8.810512721539e-02 7.880074530840e-02 7.099063694477e-02 6.791675835848e-02 1.272361576557e-01 5.413666740060e-02 5.155644193292e-02 4.884445667267e-02 6.222023814917e-02 7.767370343208e-02 7.055473327637e-02 8.067438006401e-02 6.909770518541e-02 7.572111487389e-02 7.637277990580e-02 7.466650009155e-02 6.853836774826e-02
4.309878349304e-01 6.078283786774e-01 5.239060521126e-01 5.179536938667e-01 4.835397899151e-01 6.071984767914e-01 9.645753502846e-01 4.152445495129e-01 4.829230010509e-01 4.823944866657e-01 4.397919476032e-01 4.415101110935e-01 5.048100352287e-01 2.834333479404e-01 3.107300102711e-01 1.757316291332e-01 2.358028292656e-01 3.163687586784e-01 2.491041868925e-01 2.383986711502e-01 2.483608126640e-01 1.674292534590e-01 1.038369387388e-01 1.007617339492e-01 9.343293309212e-02 8.676235377789e-02 1.064878925681e-01 1.842595338821e-01 2.212366610765e-01 1.962814778090e-01 9.691899269819e-02 7.020595669746e-02 6.668031960726e-02 7.273021340370e-02 9.079553931952e-02 9.306641668081e-02 8.453194797039e-02 7.576538622379e-02 5.658031627536e-02 7.033289223909e-02 8.399483561516e-02 8.383763581514e-02 8.062408864498e-02
5.173810720444e-01 7.440810799599e-01 1.245179891586e+00 7.611889839172e-01 1.225990295410e+00 6.277746558189e-01 1.507641315460e+00 4.322749972343e-01 8.396714329720e-01 6.022509932518e-01 5.271502733231e-01 5.174349546432e-01 2.918455898762e-01 3.562062382698e-01 4.014432132244e-01 3.930362761021e-01 2.434052228928e-01 1.452736109495e-01 3.120626807213e-01 2.702144384384e-01 1.478431671858e-01 1.352306902409e-01 1.268924623728e-01 2.313697636127e-01 2.846545875072e-01 2.515820264816e-01 1.657478660345e-01 1.193620711565e-01 1.297922283411e-01 8.250018209219e-02 6.588163971901e-02 9.876991063356e-02 1.227494254708e-01 1.101259514689e-01 9.747302532196e-02 1.315757185221e-01 1.558467447758e-01 1.393810659647e-01 9.996754676104e-02 7.320453971624e-02 9.145359694958e-02 1.004268452525e-01 1.059257909656e-01
6.309610605240e-01 8.019259572029e-01 9.380474090576e-01 1.263596057892e+00 1.051141977310e+00 1.065906763077e+00 1.764807820320e+00 7.007156014442e-01 8.153586983681e-01 6.397847533226e-01 6.462947130203e-01 3.735958933830e-01 4.028543531895e-01 5.046497583389e-01 3.949558436871e-01 2.798886299133e-01 4.076823890209e-01 3.784899413586e-01 2.979195415974e-01 3.771322667599e-01 3.818727433681e-01 3.311690092087e-01 2.369135916233e-01 1.299549192190e-01 1.430691480637e-01 1.292761713266e-01 1.021778285503e-01 1.054716557264e-01 1.137841492891e-01 1.222883611917e-01 1.190784275532e-01 1.016106680036e-01 9.780446439981e-02 8.234018087387e-02 1.497671008110e-01 1.830216199160e-01 1.716399341822e-01 1.264784485102e-01 7.666345685720e-02 4.524842277169e-02 6.467384845018e-02 7.440718263388e-02 6.855878233910e-02
6.092850565910e-01 8.917627930641e-01 1.053094625473e+00 1.001280307770e+00 1.500719785690e+00 1.115175247192e+00 1.796824693680e+00 9.868575930595e-01 8.468596935272e-01 9.396323561668e-01 7.188728451729e-01 4.751549959183e-01 4.696367084980e-01 4.973266124725e-01 2.910105586052e-01 4.289139509201e-01 5.535632371902e-01 3.845137953758e-01 2.272415012121e-01 2.250403165817e-01 1.986102163792e-01 1.541747748852e-01 1.486183851957e-01 1.640411615372e-01 1.641212105751e-01 1.449942588806e-01 1.246105358005e-01 1.204346343875e-01 1.008987501264e-01 1.125315725803e-01 1.074001118541e-01 9.819155186415e-02 6.776911020279e-02 1.248548030853e-01 1.489543616772e-01 1.412393748760e-01 9.869402647018e-02 5.259771645069e-02 7.251275330782e-02 6.806924194098e-02 5.072376132011e-02 4.917268082500e-02 5.316187813878e-02
8.999463319778e-01 1.252684235573e+00 1.280664324760e+00 1.392283082008e+00 1.507408738136e+00 1.913801550865e+00 1.802005290985e+00 3.517786026001e+00 1.293980240822e+00 8.183267712593e-01 7.621988058090e-01 6.752704977989e-01 5.687295198441e-01 8.751309514046e-01 7.644596099854e-01 4.487057924271e-01 4.132580161095e-01 4.294223785400e-01 3.145652413368e-01 2.772987186909e-01 2.747250199318e-01 2.613373696804e-01 2.806966006756e-01 2.094499170780e-01 2.698049843311e-01 2.387805134058e-01 1.493139117956e-01 1.358893960714e-01 1.382906585932e-01 1.293880790472e-01 1.105340123177e-01 1.068962514400e-01 1.110482439399e-01 1.278877705336e-01 1.189324259758e-01 9.129319339991e-02 6.926273554564e-02 6.293378025293e-02 6.135842949152e-02 6.072583422065e-02 5.939818918705e-02 5.725950747728e-02 5.531762912869e-02
5.644042491913e-01 1.665871620178e+00 1.143667817116e+00 1.408221721649e+00 2.241746425629e+00 1.745751142502e+00 2.063174962997e+00 2.566971302032e+00 1.258280992508e+00 1.188468337059e+00 1.516129136086e+00 9.653176069260e-01 1.198248505592e+00 9.218479990959e-01 7.707850337029e-01 6.720992922783e-01 5.713502764702e-01 4.946552515030e-01 4.371265470982e-01 6.154419779778e-01 7.203761339188e-01 2.998701334000e-01 1.912066340446e-01 1.980868875980e-01 2.789910435677e-01 1.761765033007e-01 1.524163335562e-01 1.437773704529e-01 1.333613097668e-01 1.269141733646e-01 1.218818277121e-01 1.260811984539e-01 1.334597766399e-01 1.141628697515e-01 8.742057532072e-02 8.148758858442e-02 7.718493789434e-02 6.401513516903e-02 6.332162767649e-02 6.299222260714e-02 5.813135579228e-02 5.957378819585e-02 6.258592009544e-02
1.529537320137e+00 1.792945504189e+00 2.039882659912e+00 2.150464773178e+00 2.512572050095e+00 3.438318967819e+00 4.553062915802e+00 2.121993303299e+00 1.713294267654e+00 1.202625513077e+00 1.708975195885e+00 1.692348718643e+00 6.416213512421e-01 1.018706083298e+00 1.117076873779e+00 5.520879626274e-01 5.159707665443e-01 5.463991761208e-01 6.029075980186e-01 7.108634710312e-01 5.490128397942e-01 2.329681366682e-01 2.650228440762e-01 2.162260115147e-01 1.999049335718e-01 1.734298467636e-01 1.686668246984e-01 1.674311310053e-01 1.392127573490e-01 9.684662520885e-02 8.686212450266e-02 9.517697244883e-02 1.010221019387e-01 1.037466004491e-01 1.017036661506e-01 9.734507650137e-02 8.677338063717e-02 8.886016905308e-02 9.912212938070e-02 1.016060039401e-01 9.107957035303e-02 7.912448793650e-02 6.909630447626e-02
1.003833055496e+00 1.798522830009e+00 1.844620466232e+00 2.334373950958e+00 2.360166072845e+00 2.327898025513e+00 2.263626098633e+00 1.893518090248e+00 1.326541423798e+00 1.467278718948e+00 1.435035109520e+00 1.534155130386e+00 1.857786178589e+00 8.160864114761e-01 6.875760555267e-01 4.274052679539e-01 3.887125253677e-01 2.745962738991e-01 2.521893084049e-01 2.155118435621e-01 1.850875467062e-01 2.096987515688e-01 2.585107684135e-01 2.975470125675e-01 3.046708106995e-01 2.675307691097e-01 2.133732438087e-01 1.477327793837e-01 1.037080213428e-01 8.552914857864e-02 6.911907345057e-02 7.800466567278e-02 1.014470234513e-01 6.831037998199e-02 7.708898186684e-02 8.432403951883e-02 6.752178817987e-02 8.204367756844e-02 9.699473530054e-02 1.028122156858e-01 1.167388632894e-01 1.467322707176e-01 1.666933447123e-01
4.023530185223e-01 5.526745319366e-01 8.583295345306e-01 4.109269142151e+00 2.250573396683e+00 2.142095565796e+00 1.181025981903e+00 1.228521108627e+00 1.143146872520e+00 1.816810369492e+00 1.695969700813e+00 2.400647163391e+00 3.480461835861e+00 2.547952175140e+00 1.660827875137e+00 7.647920250893e-01 3.599545955658e-01 2.566106617451e-01 2.271655648947e-01 3.129996359348e-01 4.074051082134e-01 3.774719536304e-01 2.786504030228e-01 1.791210770607e-01 1.969500333071e-01 1.864265948534e-01 2.667281329632e-01 3.983080387115e-01 1.852125376463e-01 9.699212014675e-02 8.985209465027e-02 1.478155255318e-01 9.729454666376e-02 6.057102233171e-02 5.277066305280e-02 5.538921803236e-02 5.539997667074e-02 5.704398825765e-02 5.809155106544e-02 5.806775763631e-02 5.818306282163e-02 6.446374207735e-02 5.630464479327e-02
7.316958159208e-02 1.814673095942e-01 4.375573992729e-01 5.825157165527e-01 5.937611460686e-01 5.803431272507e-01 4.528574049473e-01 6.166085004807e-01 6.128815412521e-01 9.888488054276e-01 1.977188110352e+00 2.249309062958e+00 3.075000762939e+00 1.800435066223e+00 1.282879352570e+00 7.290135025978e-01 3.333040475845e-01 1.748689413071e-01 1.842026412487e-01 4.065496325493e-01 1.295303821564e+00 5.423762202263e-01 4.640352725983e-01 3.441792428493e-01 3.508380651474e-01 3.013196885586e-01 3.256338834763e-01 2.283455133438e-01 1.132814139128e-01 1.490610688925e-01 1.255899220705e-01 1.269989907742e-01 7.689734548330e-02 6.978243589401e-02 4.873323068023e-02 4.445482045412e-02 4.628708213568e-02 4.624745994806e-02 4.995644465089e-02 4.612031206489e-02 6.004524603486e-02 7.056260108948e-02 6.824046373367e-02
5.103518813848e-02 9.464254975319e-02 2.751598358154e-01 1.615582704544e-01 1.416786164045e-01 1.155003830791e-01 1.716165542603e-01 2.876377701759e-01 2.982927560806e-01 3.228415250778e-01 9.130229353905e-01 4.484885215759e+00 3.554201126099e+00 1.606568336487e+00 7.364883422852e-01 2.136135995388e-01 1.267475038767e-01 8.374611288309e-02 1.037126034498e-01 2.667284011841e-01 6.117488741875e-01 1.066450357437e+00 5.343578457832e-01 4.067639708519e-01 3.210521936417e-01 2.410864681005e-01 2.558490335941e-01 2.381064146757e-01 2.089875340462e-01 1.888475716114e-01 2.303768396378e-01 9.883685410023e-02 9.125167876482e-02 7.372683286667e-02 7.538694143295e-02 7.031749188900e-02 5.897719413042e-02 5.028150975704e-02 5.750732868910e-02 6.638008356094e-02 7.778282463551e-02 7.660388946533e-02 6.533567607403e-02
3.428696841002e-02 1.411560773849e-01 3.304803371429e-01 2.462287545204e-01 6.009433418512e-02 6.968025118113e-02 6.620008498430e-02 1.358287781477e-01 1.482258141041e-01 2.461347877979e-01 4.702573418617e-01 1.224361181259e+00 2.626501321793e+00 1.800136923790e+00 2.426152229309e+00 5.874766111374e-01 7.235746085644e-02 4.546934366226e-02 7.187426090240e-02 2.388761639595e-01 7.280175089836e-01 1.138529062271e+00 8.690370917320e-01 5.918025970459e-01 4.113500714302e-01 2.589313089848e-01 2.945097088814e-01 2.172725498676e-01 2.106784433126e-01 2.096824198961e-01 1.737809479237e-01 1.386129409075e-01 9.764169156551e-02 1.041364893317e-01 9.351039677858e-02 7.444475591183e-02 6.616686284542e-02 6.138877570629e-02 5.696641281247e-02 6.648195534945e-02 7.295823842287e-02 7.097993791103e-02 6.291349232197e-02
2.921503782272e-02 7.198880612850e-02 4.916276931763e-01 5.888641476631e-01 3.076822161674e-01 4.721369221807e-02 3.617588803172e-02 6.772860139608e-02 6.780522316694e-02 5.434872955084e-02 4.689748212695e-02 1.965124309063e-01 8.873597383499e-01 5.153005719185e-01 2.975049257278e+00 3.596722781658e-01 2.028198838234e-01 7.657951116562e-02 6.355060636997e-02 2.058024704456e-01 4.045992791653e-01 3.590149641037e+00 1.111651062965e+00 4.840311408043e-01 4.903189241886e-01 2.586109042168e-01 2.769846320152e-01 2.276699542999e-01 3.404373228550e-01 2.602695226669e-01 1.490223854780e-01 1.483864933252e-01 1.381145864725e-01 1.315477639437e-01 1.291952729225e-01 1.030076518655e-01 1.019428223372e-01 1.126655787230e-01 7.274490594864e-02 5.591209605336e-02 5.497721582651e-02 5.435378104448e-02 6.329476088285e-02
1.849770918489e-02 3.159189224243e-02 4.096791520715e-02 2.296971231699e-01 1.412409096956e-01 3.363074734807e-02 2.876061387360e-02 3.373918309808e-02 3.172462433577e-02 3.047095611691e-02 2.210973761976e-02 2.472897246480e-02 7.565911859274e-02 4.727825224400e-01 1.352997064590e+00 3.300308883190e-01 2.754569947720e-01 1.291964501143e-01 7.523539662361e-02 1.472367346287e-01 1.699219644070e-01 2.359458059072e-01 2.136114835739e-01 1.624423712492e-01 2.415259182453e-01 4.007777273655e-01 3.480177521706e-01 3.467634320259e-01 2.254449576139e-01 2.947942018509e-01 3.079482018948e-01 2.687503099442e-01 1.643370538950e-01 1.353161782026e-01 1.300057619810e-01 1.135029569268e-01 9.702055901289e-02 9.850143641233e-02 9.606344997883e-02 6.356795877218e-02 5.225287005305e-02 5.383431911469e-02 5.844362452626e-02
2.058625966311e-02 3.240708634257e-02 2.137229405344e-02 2.400482445955e-02 2.447072416544e-02 2.892647683620e-02 2.667044103146e-02 2.516968362033e-02 2.318885736167e-02 1.759755425155e-02 1.238781120628e-02 1.039269007742e-02 1.732668466866e-02 4.926968514919e-01 7.641049027443e-01 7.926828265190e-01 2.232763618231e-01 2.394397854805e-01 2.109496146441e-01 8.814527839422e-02 9.394583851099e-02 1.765431016684e-01 4.825949072838e-01 4.540125727654e-01 5.929193496704e-01 5.974355340004e-01 5.602065920830e-01 5.297907590866e-01 5.028492212296e-01 4.798550307751e-01 5.108606815338e-01 6.263203024864e-01 5.354857444763e-01 2.194123864174e-01 8.955092728138e-02 1.045511141419e-01 1.145456507802e-01 7.904906570911e-02 7.838933169842e-02 5.542413890362e-02 5.434465035796e-02 4.079338535666e-02 4.589825868607e-02
