100/SI/f193.grd
DSAA
101	101
32.816463539100	34.260883539100
35.556306596100	36.727886596100
1.071765582310e-04	1.755670738220e+01
[rows 19 to 37 of 101, columns 43 to 85 of 101]
1.731792688370e-01 2.133325189352e-01 2.773644626141e-01 2.826445698738e-01 1.832670569420e-01 2.815381288528e-01 1.432913839817e-01 1.492096930742e-01 1.615626513958e-01 1.638622581959e-01 1.495452523232e-01 2.201698571444e-01 2.651393115520e-01 2.625441849232e-01 1.742628365755e-01 2.128971219063e-01 2.807980477810e-01 2.631010711193e-01 1.448201686144e-01 2.336485385895e-01 1.077299863100e-01 1.512342393398e-01 2.031113207340e-01 1.002504602075e-01 9.943591803312e-02 1.171518117189e-01 9.667725116014e-02 1.218972802162e-01 1.131171956658e-01 8.958097547293e-02 9.662386775017e-02 1.333454996347e-01 1.505831182003e-01 1.166347712278e-01 1.037093922496e-01 8.432936668396e-02 5.792222172022e-02 6.372460722923e-02 7.045628130436e-02 5.867727473378e-02 5.480038002133e-02 4.800241440535e-02 5.219384282827e-02
1.562942266464e-01 2.090339511633e-01 2.964679598808e-01 3.418847024441e-01 2.474275678396e-01 2.489411383867e-01 1.474277377129e-01 1.580743938684e-01 1.399872153997e-01 1.753076314926e-01 1.834371238947e-01 2.058867812157e-01 2.837606668472e-01 2.792677879333e-01 2.153902202845e-01 2.314733713865e-01 2.741616666317e-01 2.972985208035e-01 1.708929985762e-01 2.258970588446e-01 1.231149211526e-01 2.291252613068e-01 2.853903770447e-01 1.328206956387e-01 1.160104796290e-01 1.199252232909e-01 1.189900785685e-01 1.260686218739e-01 9.824645519257e-02 9.532449394464e-02 1.346425265074e-01 1.759223341942e-01 1.571492105722e-01 1.246627196670e-01 1.024294346571e-01 8.443302661180e-02 6.058264896274e-02 7.451000064611e-02 5.769202113152e-02 4.930690675974e-02 5.257563292980e-02 4.576686397195e-02 4.768533259630e-02
1.686062067747e-01 2.394383847713e-01 2.737542390823e-01 3.578828275204e-01 3.049186468124e-01 2.130580991507e-01 1.462454795837e-01 1.674751639366e-01 1.340083330870e-01 1.639690399170e-01 1.729469448328e-01 1.965844035149e-01 2.695142328739e-01 3.051829338074e-01 2.597095370293e-01 2.474027872086e-01 2.625909149647e-01 3.249006271362e-01 1.948265433311e-01 2.092769593000e-01 1.383626759052e-01 2.838571667671e-01 3.124886155128e-01 1.493529379368e-01 1.133083701134e-01 1.402390301228e-01 1.343190819025e-01 1.090303882957e-01 9.290939569473e-02 1.339144259691e-01 1.877991408110e-01 1.821278184652e-01 1.230345293880e-01 1.422013491392e-01 1.015170961618e-01 7.772664725780e-02 7.212540507317e-02 7.661928236485e-02 6.394812464714e-02 4.991601407528e-02 4.891624674201e-02 3.599948808551e-02 3.550274670124e-02
1.610804945230e-01 2.256074994802e-01 2.321033775806e-01 3.416095674038e-01 3.374516367912e-01 2.228586375713e-01 1.956471949816e-01 1.773960292339e-01 1.320027410984e-01 1.435580700636e-01 1.660459786654e-01 1.992281526327e-01 2.234966903925e-01 3.201850354671e-01 2.892355620861e-01 2.409973591566e-01 2.427743822336e-01 3.484306931496e-01 2.145684957504e-01 1.874852031469e-01 1.535317897797e-01 2.818908989429e-01 2.723401784897e-01 1.296858191490e-01 1.239909306169e-01 1.463400870562e-01 1.218854859471e-01 9.947505593300e-02 1.409385651350e-01 1.986898034811e-01 1.953855603933e-01 1.357344686985e-01 1.035543680191e-01 1.477393358946e-01 7.297551631927e-02 7.173053175211e-02 8.904862403870e-02 6.823754310608e-02 7.334985584021e-02 4.672885313630e-02 5.214841291308e-02 4.354907199740e-02 3.930900990963e-02
1.310188472271e-01 1.568463742733e-01 2.413925379515e-01 3.024945259094e-01 3.400126099586e-01 2.261375039816e-01 2.432980239391e-01 2.041384875774e-01 1.432756036520e-01 1.225285604596e-01 1.729986667633e-01 1.944212317467e-01 2.298552691936e-01 3.438220620155e-01 2.928377985954e-01 2.267213612795e-01 2.184777408838e-01 3.628159165382e-01 2.288699001074e-01 2.271550893784e-01 1.785811185837e-01 2.317266315222e-01 2.031059116125e-01 1.207696050406e-01 1.522862315178e-01 1.415347754955e-01 1.042199805379e-01 1.503416597843e-01 2.153724879026e-01 2.093364596367e-01 1.421056985855e-01 8.408083021641e-02 1.107913330197e-01 1.385762989521e-01 7.445815950632e-02 7.691811770201e-02 9.384672343731e-02 7.141786068678e-02 8.047586679459e-02 4.878233000636e-02 4.953759908676e-02 4.100203886628e-02 4.170460253954e-02
1.687865853310e-01 1.687669605017e-01 2.725544571877e-01 2.557072043419e-01 3.231169283390e-01 2.524514794350e-01 2.331244498491e-01 2.582679986954e-01 2.244593352079e-01 1.715379655361e-01 1.876309812069e-01 1.835523545742e-01 2.506067454815e-01 3.677114546299e-01 2.628733515739e-01 2.174008488655e-01 1.861703544855e-01 3.709971606731e-01 2.898683249950e-01 2.509147226810e-01 2.112432718277e-01 2.245831489563e-01 1.359040141106e-01 1.468406170607e-01 1.563274562359e-01 1.066457405686e-01 1.632352769375e-01 2.322879731655e-01 2.211544513702e-01 1.481897085905e-01 7.937011867762e-02 6.237653270364e-02 1.482080817223e-01 1.158172339201e-01 7.096685469151e-02 9.979228675365e-02 8.658228069544e-02 7.196914404631e-02 8.548962324858e-02 6.038573384285e-02 4.260470345616e-02 4.059027507901e-02 3.592315316200e-02
2.651802003384e-01 1.639839410782e-01 1.639395505190e-01 2.822427451611e-01 2.976728379726e-01 2.665573060513e-01 2.050010114908e-01 2.362895160913e-01 2.686621546745e-01 2.638744413853e-01 2.248802036047e-01 2.787183821201e-01 2.723735868931e-01 3.821676671505e-01 2.273814827204e-01 1.970562189817e-01 2.607235312462e-01 3.736377358437e-01 3.280792236328e-01 2.405808269978e-01 2.277204543352e-01 2.422557175159e-01 1.526355594397e-01 1.600020378828e-01 1.313479542732e-01 1.708325445652e-01 2.529739141464e-01 2.370535880327e-01 1.541959941387e-01 1.006693243980e-01 1.415527760983e-01 8.693707734346e-02 1.729461997747e-01 1.012383550406e-01 8.290702104568e-02 1.067580133677e-01 1.041498929262e-01 7.328338921070e-02 8.824841678143e-02 6.665199995041e-02 4.013560712337e-02 3.836243599653e-02 4.445236176252e-02
3.546465933323e-01 1.686351150274e-01 1.652937531471e-01 2.600262463093e-01 2.681212723255e-01 2.728456556797e-01 2.221259176731e-01 2.262345403433e-01 2.233826220036e-01 2.892325520515e-01 3.155052363873e-01 2.820872962475e-01 2.941507995129e-01 3.872312307358e-01 1.973060667515e-01 3.051584959030e-01 3.658232986927e-01 3.741272091866e-01 3.188398480415e-01 1.906305849552e-01 2.163337618113e-01 2.219910919666e-01 1.535316854715e-01 1.321632266045e-01 1.721815764904e-01 2.690692245960e-01 2.596033513546e-01 1.625623852015e-01 1.434626132250e-01 1.971588879824e-01 1.789723932743e-01 1.625272631645e-01 1.684969365597e-01 1.132628247142e-01 1.068000197411e-01 8.848239481449e-02 1.135796159506e-01 7.753642648458e-02 8.856147527695e-02 6.624284386635e-02 4.273071140051e-02 4.867769777775e-02 6.275214254856e-02
3.872232139111e-01 1.732243299484e-01 1.999372541904e-01 1.723076701164e-01 2.943933606148e-01 2.756938040257e-01 2.350642234087e-01 2.403328120708e-01 2.282834053040e-01 2.879190146923e-01 3.041517436504e-01 2.650333642960e-01 3.136959075928e-01 3.731446862221e-01 3.322871029377e-01 4.042787253857e-01 3.906012773514e-01 3.635402321815e-01 2.167007625103e-01 1.926670521498e-01 2.228121757507e-01 2.244126796722e-01 1.607596278191e-01 1.647987961769e-01 2.805039882660e-01 2.864542901516e-01 1.795492023230e-01 1.459217518568e-01 2.144988179207e-01 1.780012100935e-01 1.448073387146e-01 1.584182530642e-01 1.306312680244e-01 1.244005337358e-01 1.058363392949e-01 7.391894608736e-02 1.112620383501e-01 8.373368531466e-02 8.682844787836e-02 5.997588858008e-02 5.174460262060e-02 6.961894035339e-02 7.867339253426e-02
3.399249911308e-01 2.531287670135e-01 2.315178215504e-01 1.630247384310e-01 2.137821614742e-01 2.792447507381e-01 2.943280935287e-01 2.554731965065e-01 2.994528710842e-01 4.400701224804e-01 2.496895194054e-01 2.330315858126e-01 3.266358971596e-01 3.434439897537e-01 4.310517311096e-01 4.172893464565e-01 3.610523641109e-01 3.515568673611e-01 2.391340434551e-01 2.588374614716e-01 2.313493043184e-01 2.233316153288e-01 1.505061089993e-01 2.845978140831e-01 3.156469464302e-01 2.040633708239e-01 1.666732430458e-01 2.274063080549e-01 2.012628614902e-01 1.318524777889e-01 1.920560896397e-01 1.663192957640e-01 9.980946779251e-02 1.138924285769e-01 9.488086402416e-02 1.019174680114e-01 1.012973040342e-01 9.199848771095e-02 8.425831794739e-02 7.755356281996e-02 8.633769303560e-02 9.690466523170e-02 8.171323686838e-02
2.293916642666e-01 3.813810944557e-01 2.534998953342e-01 2.004291266203e-01 2.408003509045e-01 2.727112472057e-01 2.608258724213e-01 2.735034823418e-01 3.926605284214e-01 5.445921421051e-01 3.656497597694e-01 2.539123594761e-01 3.290982544422e-01 4.104457795620e-01 4.394755363464e-01 6.099615097046e-01 3.234459459782e-01 3.258961737156e-01 2.673768997192e-01 2.617640495300e-01 2.386704981327e-01 2.207552641630e-01 2.817361950874e-01 3.350047469139e-01 2.300516664982e-01 1.876047253609e-01 2.244713157415e-01 2.250713407993e-01 1.924785077572e-01 1.925698071718e-01 2.039398699999e-01 1.140091568232e-01 1.078279837966e-01 9.732315689325e-02 8.477559685707e-02 7.930069416761e-02 1.375881731510e-01 1.086294949055e-01 1.000442951918e-01 1.151338592172e-01 1.147193983197e-01 8.418504893780e-02 5.660468339920e-02
2.575883567333e-01 4.226409792900e-01 2.621452510357e-01 2.215313017368e-01 2.839326858521e-01 2.612782120705e-01 2.717681229115e-01 3.433390855789e-01 4.526693820953e-01 5.469712018967e-01 4.366691410542e-01 4.334737658501e-01 3.836004734039e-01 4.501889646053e-01 5.336795449257e-01 7.723261117935e-01 3.362897932529e-01 3.641670346260e-01 3.611150979996e-01 2.952284812927e-01 2.337777167559e-01 2.810231745243e-01 3.522489368916e-01 2.532570362091e-01 2.100743353367e-01 2.216562032700e-01 2.145520001650e-01 2.374645024538e-01 2.310763299465e-01 2.317667305470e-01 1.744492948055e-01 9.420656412840e-02 1.289438903332e-01 8.032201230526e-02 8.377711474895e-02 8.563681691885e-02 1.896138042212e-01 1.263552308083e-01 1.326106637716e-01 1.067960634828e-01 6.487935781479e-02 3.804288059473e-02 3.775959461927e-02
5.100430250168e-01 3.341684639454e-01 3.662800788879e-01 2.352477610111e-01 3.456662893295e-01 2.679952681065e-01 2.926579713821e-01 3.967648148537e-01 4.763664007187e-01 4.631350636482e-01 4.484579265118e-01 4.531665742397e-01 4.258102476597e-01 3.453432619572e-01 3.659202456474e-01 4.922462999821e-01 2.748562097549e-01 3.599294722080e-01 3.934826254845e-01 3.283141851425e-01 2.922133207321e-01 3.685998916626e-01 2.759416997433e-01 2.346562296152e-01 2.173029035330e-01 1.991627663374e-01 2.143857926130e-01 2.534478008747e-01 2.542849779129e-01 2.280828058720e-01 1.422650218010e-01 9.019347280264e-02 1.373287290335e-01 1.093507930636e-01 1.318915784359e-01 1.402951329947e-01 2.137950509787e-01 1.251175105572e-01 9.896114468575e-02 6.875568628311e-02 6.160927563906e-02 4.660234972835e-02 4.479519277811e-02
8.276879191399e-01 3.618502020836e-01 4.100750088692e-01 2.990157902241e-01 3.831389546394e-01 3.276136517525e-01 3.219757974148e-01 4.555600285530e-01 4.893873631954e-01 3.849002420902e-01 5.398504734039e-01 6.635452508926e-01 3.680670559406e-01 4.320803284645e-01 2.647278308868e-01 3.070289194584e-01 2.934188544750e-01 3.500044345856e-01 3.382410705090e-01 3.068284988403e-01 3.913101553917e-01 2.978837788105e-01 2.446011602879e-01 2.196557074785e-01 2.362962365150e-01 2.198807001114e-01 2.203033268452e-01 2.749806940556e-01 2.767600119114e-01 2.513315677643e-01 1.729497164488e-01 1.522226631641e-01 1.510858833790e-01 1.374451965094e-01 1.330222040415e-01 2.044889926910e-01 1.758999824524e-01 8.522120118141e-02 9.205748885870e-02 9.407759457827e-02 8.718796819448e-02 6.735496968031e-02 4.837362468243e-02
9.059342741966e-01 9.465190768242e-01 3.905072510242e-01 3.928093910217e-01 4.219356179237e-01 3.965210616589e-01 5.435602068901e-01 5.104549527168e-01 4.826682507992e-01 3.588514029980e-01 5.497076511383e-01 7.393875718117e-01 4.421602189541e-01 4.159248173237e-01 3.376088738441e-01 3.439241349697e-01 3.654724955559e-01 3.455209434032e-01 3.343506753445e-01 4.188827276230e-01 3.262363076210e-01 2.791589796543e-01 2.391712814569e-01 1.873331516981e-01 2.303250730038e-01 2.581236958504e-01 2.376313060522e-01 2.954698801041e-01 3.081928193569e-01 2.750104367733e-01 2.046576887369e-01 1.511365473270e-01 1.344070285559e-01 1.140966191888e-01 1.851818263531e-01 2.120438814163e-01 9.453521668911e-02 9.688179939985e-02 1.009841188788e-01 1.023830771446e-01 9.674774110317e-02 8.084676414728e-02 5.609797686338e-02
4.355868697166e-01 1.275089979172e+00 9.318848252296e-01 3.885625004768e-01 4.446375966072e-01 4.938791692257e-01 5.264282226562e-01 5.359764695168e-01 4.286219775677e-01 3.746319413185e-01 6.267347931862e-01 7.238963842392e-01 5.684633851051e-01 3.845339417458e-01 3.532710671425e-01 3.957756459713e-01 6.124080419540e-01 3.845120668411e-01 4.644753336906e-01 3.579555451870e-01 2.574079334736e-01 2.508454024792e-01 2.120325118303e-01 2.575297057629e-01 2.616172730923e-01 2.998696565628e-01 3.302996754646e-01 2.529214620590e-01 3.001438081264e-01 2.997760474682e-01 2.328734546900e-01 1.238258853555e-01 1.262596845627e-01 1.958615034819e-01 2.123576998711e-01 1.241612955928e-01 8.599708229303e-02 8.680631220341e-02 8.641122281551e-02 8.771671354771e-02 8.740240335464e-02 8.093613386154e-02 6.470335274935e-02
8.009686470032e-01 6.027818322182e-01 1.486805558205e+00 6.924868226051e-01 4.496396481991e-01 6.071821451187e-01 4.565630257130e-01 5.098272562027e-01 6.705310940742e-01 5.216410160065e-01 7.235667705536e-01 5.751608014107e-01 6.056243777275e-01 5.071333050728e-01 4.175066351891e-01 3.903812170029e-01 8.907216191292e-01 5.382940769196e-01 4.333396553993e-01 5.272878408432e-01 3.136185407639e-01 2.558171153069e-01 2.731921970844e-01 2.876273393631e-01 2.770879864693e-01 2.941546142101e-01 4.163828194141e-01 2.529195249081e-01 3.116052150726e-01 3.254643082619e-01 2.638951241970e-01 1.701024472713e-01 2.158224880695e-01 1.996958255768e-01 1.142265275121e-01 9.578829258680e-02 9.047570079565e-02 8.471798151731e-02 7.874837517738e-02 7.331203669310e-02 7.530408352613e-02 7.782728224993e-02 7.070018351078e-02
1.083206057549e+00 1.412378668785e+00 8.529258370399e-01 1.462096452713e+00 5.424234867096e-01 7.351223230362e-01 6.307181119919e-01 6.728346943855e-01 9.412696957588e-01 7.803573608398e-01 9.004499912262e-01 5.166190266609e-01 5.495120882988e-01 5.724740028381e-01 5.127457380295e-01 4.047579169273e-01 1.045965671539e+00 5.934556126595e-01 6.181247234344e-01 4.283536970615e-01 2.324492633343e-01 2.572277784348e-01 3.269272446632e-01 2.966140806675e-01 2.695922851562e-01 2.580226361752e-01 4.059472084045e-01 2.773940265179e-01 3.496263325214e-01 3.448995053768e-01 2.735266983509e-01 2.179511040449e-01 1.634388566017e-01 8.572537451982e-02 8.454516530037e-02 8.876249939203e-02 8.774086833000e-02 9.379451721907e-02 9.210512042046e-02 8.740311861038e-02 9.522705525160e-02 1.106813177466e-01 1.155833676457e-01
2.132037878036e+00 1.414091467857e+00 1.492798209190e+00 1.238602042198e+00 1.126887679100e+00 8.263546824455e-01 9.073970317841e-01 8.008211255074e-01 8.276104927063e-01 9.150910377502e-01 1.058741688728e+00 6.159513592720e-01 5.415894389153e-01 5.813994407654e-01 6.364172101021e-01 6.022790074348e-01 8.069984316826e-01 5.979466438293e-01 5.963126420975e-01 4.761002659798e-01 3.882255554199e-01 4.611318409443e-01 4.643461704254e-01 3.842142820358e-01 2.805274128914e-01 2.393891215324e-01 3.185144662857e-01 3.409392237663e-01 3.614079654217e-01 3.018087744713e-01 2.117159068584e-01 1.349497884512e-01 1.180880442262e-01 1.254256963730e-01 1.482819765806e-01 1.625425815582e-01 1.699808388948e-01 1.691858172417e-01 1.605767905712e-01 1.469162851572e-01 1.336375623941e-01 1.341672986746e-01 1.187709867954e-01
