100/SI/f193.grd
DSAA
101	101
32.816463539100	34.260883539100
35.556306596100	36.727886596100
1.071765582310e-04	1.755670738220e+01
[rows 0 to 18 of 101, columns 43 to 85 of 101]
2.556201629341e-02 4.362173378468e-02 5.025340616703e-02 3.982284292579e-02 2.775120735168e-02 2.795832790434e-02 2.405091375113e-02 2.198676951230e-02 1.446405798197e-02 2.095449529588e-02 2.780020423234e-02 3.293656930327e-02 3.928964585066e-02 5.610878765583e-02 2.519376948476e-02 3.106364049017e-02 3.943604975939e-02 4.302989318967e-02 2.907138690352e-02 1.942540891469e-02 2.193257026374e-02 2.835066989064e-02 2.909729629755e-02 3.181790933013e-02 3.226683288813e-02 2.308085374534e-02 1.547517161816e-02 1.561667583883e-02 2.951009944081e-02 4.427236691117e-02 3.557370603085e-02 1.744237542152e-02 2.203078381717e-02 1.437367592007e-02 1.469944976270e-02 1.262477412820e-02 1.080217584968e-02 9.830399416387e-03 7.231683004647e-03 7.296339608729e-03 9.728171862662e-03 1.626040786505e-02 1.615635305643e-02
4.430677369237e-02 7.900454849005e-02 9.865976125002e-02 8.730015903711e-02 6.543646752834e-02 6.053529679775e-02 5.025710165501e-02 4.264523833990e-02 3.963234648108e-02 4.602046310902e-02 5.124809592962e-02 5.836297571659e-02 7.769994437695e-02 1.120435446501e-01 4.797741770744e-02 5.900615081191e-02 7.449536025524e-02 8.052632212639e-02 5.529157817364e-02 3.745279088616e-02 4.299744218588e-02 5.406817048788e-02 5.758624896407e-02 5.559353902936e-02 5.696595460176e-02 4.805987700820e-02 2.870225906372e-02 3.244117274880e-02 6.669440120459e-02 1.060629636049e-01 6.329838186502e-02 2.877357043326e-02 4.310322552919e-02 2.646071277559e-02 2.844265662134e-02 2.353433705866e-02 1.930204778910e-02 1.729527674615e-02 1.392528321594e-02 1.391153130680e-02 2.151891961694e-02 3.294087946415e-02 3.068851120770e-02
5.578500404954e-02 8.066350966692e-02 1.102063134313e-01 1.083556562662e-01 8.806322515011e-02 8.804468810558e-02 5.958267673850e-02 5.249934643507e-02 7.078131288290e-02 7.078022509813e-02 5.092828720808e-02 6.463069468737e-02 8.279503136873e-02 1.171821281314e-01 5.581810697913e-02 6.711358577013e-02 8.334629982710e-02 9.214975684881e-02 6.369043141603e-02 4.983104392886e-02 4.986374452710e-02 5.428635329008e-02 6.477238237858e-02 6.969028711319e-02 8.396290242672e-02 6.461492925882e-02 3.731424733996e-02 4.012427851558e-02 8.758295327425e-02 1.369861960411e-01 6.487846374512e-02 3.345402702689e-02 4.964435473084e-02 2.920016460121e-02 3.174100071192e-02 2.781368792057e-02 2.472201362252e-02 1.965544000268e-02 1.616286300123e-02 1.980182714760e-02 2.727052010596e-02 3.646462783217e-02 3.140338510275e-02
6.427133083344e-02 7.299602031708e-02 9.854792803526e-02 1.070392578840e-01 9.544210880995e-02 1.178588122129e-01 6.245262920856e-02 7.177173346281e-02 1.012094169855e-01 1.042421981692e-01 6.929694116116e-02 6.760143488646e-02 8.481655269861e-02 1.182481870055e-01 5.861704051495e-02 7.486417889595e-02 8.547683060169e-02 9.600956737995e-02 6.880494952202e-02 6.540341675282e-02 5.356446653605e-02 6.770204007626e-02 8.187955617905e-02 8.068200200796e-02 1.115100756288e-01 7.971213012934e-02 4.205793514848e-02 4.780873656273e-02 1.022152677178e-01 1.486368626356e-01 6.115966662765e-02 3.724742308259e-02 5.265199765563e-02 2.956012636423e-02 3.239392861724e-02 3.545573726296e-02 2.994282357395e-02 2.256039716303e-02 1.933824457228e-02 2.448799647391e-02 3.256005421281e-02 3.798041120172e-02 3.008267097175e-02
6.319368630648e-02 8.750817179680e-02 7.772775739431e-02 9.046322107315e-02 8.798650652170e-02 1.496927142143e-01 6.010823696852e-02 8.859795331955e-02 1.292938292027e-01 1.388730853796e-01 9.784141927958e-02 7.049034535885e-02 8.719547837973e-02 1.188348531723e-01 6.076353788376e-02 8.198350667953e-02 8.649175614119e-02 9.920435398817e-02 7.618673145771e-02 8.045005798340e-02 6.335511058569e-02 8.560566604137e-02 1.040147393942e-01 1.011797562242e-01 1.386941522360e-01 9.217283874750e-02 5.037157610059e-02 5.125147476792e-02 1.082778349519e-01 1.436741054058e-01 6.602915376425e-02 4.437568038702e-02 5.447321385145e-02 3.500907495618e-02 4.011465609074e-02 4.164136946201e-02 3.328392282128e-02 2.354176528752e-02 2.458483353257e-02 2.669588290155e-02 3.800024092197e-02 3.851825371385e-02 2.877960354090e-02
5.479229614139e-02 9.288023412228e-02 6.969840824604e-02 7.169524580240e-02 7.648839056492e-02 1.814270913601e-01 6.787697970867e-02 1.007962450385e-01 1.541448086500e-01 1.731812059879e-01 1.277453750372e-01 7.431156188250e-02 9.041949361563e-02 1.193292737007e-01 6.737531721592e-02 8.789791911840e-02 8.627894520760e-02 1.020242795348e-01 7.802707701921e-02 9.338056296110e-02 7.678848505020e-02 1.036844104528e-01 1.238921210170e-01 1.185712367296e-01 1.629871279001e-01 9.936267137527e-02 5.541833862662e-02 5.991096794605e-02 1.036480441689e-01 1.165516898036e-01 6.561636179686e-02 5.129668489099e-02 5.499426275492e-02 3.912297263741e-02 4.695849493146e-02 4.628360643983e-02 3.489970415831e-02 2.457419969141e-02 2.770332433283e-02 2.987643890083e-02 4.342511668801e-02 3.918731212616e-02 2.760189212859e-02
4.994527250528e-02 8.891895413399e-02 6.992685794830e-02 5.602846667171e-02 7.085265964270e-02 2.106252610683e-01 7.502999156713e-02 1.065768301487e-01 1.712805628777e-01 1.993705779314e-01 1.548841893673e-01 8.187283575535e-02 9.326852858067e-02 1.193249225616e-01 6.817369163036e-02 9.365354478359e-02 8.481136709452e-02 1.039853990078e-01 7.510007917881e-02 9.877359867096e-02 8.787560462952e-02 1.165748015046e-01 1.373969018459e-01 1.282199025154e-01 1.808093339205e-01 1.000531911850e-01 5.350348353386e-02 6.710623949766e-02 8.880940079689e-02 8.103959262371e-02 6.143571808934e-02 5.814358219504e-02 5.460709705949e-02 4.168467968702e-02 5.239065736532e-02 4.900174960494e-02 3.473699837923e-02 2.891998738050e-02 2.730426006019e-02 4.061055928469e-02 4.961753636599e-02 4.018053784966e-02 2.576863206923e-02
5.759894102812e-02 8.489029109478e-02 6.755012273788e-02 6.307081878185e-02 7.978416979313e-02 2.384020239115e-01 8.566874265671e-02 1.031034216285e-01 1.730678528547e-01 2.105092108250e-01 1.761901229620e-01 1.070836931467e-01 9.694445878267e-02 1.199833229184e-01 6.794764846563e-02 9.904906898737e-02 8.231105655432e-02 1.052809357643e-01 7.739113271236e-02 9.354033321142e-02 9.451181441545e-02 1.226257383823e-01 1.406629830599e-01 1.281949132681e-01 1.910792738199e-01 9.635896980762e-02 6.133225187659e-02 7.995930314064e-02 6.742765754461e-02 6.472384929657e-02 6.910331547260e-02 6.502111256123e-02 5.308751761913e-02 5.385391414165e-02 5.584123358130e-02 4.934838041663e-02 3.283667564392e-02 2.971110679209e-02 3.409224376082e-02 5.464881658554e-02 5.431605502963e-02 3.824029490352e-02 2.154953032732e-02
6.474298238754e-02 8.514638245106e-02 6.703783571720e-02 6.829000264406e-02 8.837594091892e-02 2.642590999603e-01 9.681380540133e-02 9.059963375330e-02 1.580303758383e-01 2.049968242645e-01 1.888321042061e-01 1.305685043335e-01 1.008284911513e-01 1.375380307436e-01 7.646452635527e-02 1.044056788087e-01 8.237624168396e-02 1.061767339706e-01 7.896026968956e-02 8.266653865576e-02 9.868714958429e-02 1.201312169433e-01 1.334834098816e-01 1.289897263050e-01 1.898532062769e-01 8.520738780499e-02 7.315802574158e-02 9.370641410351e-02 6.590022146702e-02 7.973561435938e-02 8.716457337141e-02 7.165814936161e-02 6.176238507032e-02 6.702249497175e-02 6.847696006298e-02 4.706420376897e-02 3.208729997277e-02 2.863231673837e-02 5.421328172088e-02 6.608891487122e-02 5.248190462589e-02 3.032499179244e-02 2.560433931649e-02
6.948216259480e-02 8.674839884043e-02 6.639654189348e-02 6.690160185099e-02 9.659878164530e-02 2.850926816463e-01 1.065691113472e-01 7.432515174150e-02 1.344884783030e-01 1.869984716177e-01 1.901614218950e-01 1.491453200579e-01 1.043720170856e-01 1.484374254942e-01 9.615214914083e-02 1.103417798877e-01 1.092213094234e-01 1.077582165599e-01 7.976946234703e-02 9.893487393856e-02 9.661003202200e-02 1.112399846315e-01 1.177288368344e-01 1.439341157675e-01 1.763094812632e-01 6.827132403851e-02 8.523381501436e-02 1.074074134231e-01 7.572034001350e-02 9.247197210789e-02 1.026981696486e-01 8.432246744633e-02 6.869521737099e-02 7.111196219921e-02 7.427353411913e-02 4.249907284975e-02 2.988938055933e-02 5.148771777749e-02 7.278804481030e-02 6.667665392160e-02 4.051934182644e-02 2.649566531181e-02 2.508756890893e-02
7.043105363846e-02 8.977672457695e-02 6.588703393936e-02 7.192719727755e-02 1.040191948414e-01 3.018228709698e-01 1.155049353838e-01 7.412231713533e-02 1.075076609850e-01 1.577238440514e-01 1.762157380581e-01 1.587865650654e-01 1.276544630527e-01 1.477988511324e-01 1.217487454414e-01 1.161433458328e-01 1.543506383896e-01 1.155369356275e-01 7.951393723488e-02 1.311668902636e-01 1.072161942720e-01 9.788861125708e-02 1.442318111658e-01 1.532726287842e-01 1.534398198128e-01 6.848495453596e-02 9.542029350996e-02 1.169374436140e-01 7.904626429081e-02 9.990625828505e-02 1.163555905223e-01 9.827939420938e-02 6.360092014074e-02 6.178911402822e-02 7.022465020418e-02 3.650581836700e-02 4.683090746403e-02 7.614282518625e-02 7.797998934984e-02 5.172255635262e-02 2.598075568676e-02 2.389541082084e-02 2.418040111661e-02
6.841049343348e-02 9.315233677626e-02 8.573500066996e-02 8.128474652767e-02 1.107150688767e-01 3.125099539757e-01 1.211517527699e-01 7.693980634212e-02 8.963629603386e-02 1.221803352237e-01 1.504156589508e-01 1.560949087143e-01 1.422230899334e-01 1.544222831726e-01 1.476194262505e-01 1.214038729668e-01 2.066646963358e-01 1.524290591478e-01 8.013739436865e-02 1.594863682985e-01 1.196217685938e-01 1.276507079601e-01 1.899664700031e-01 1.553799957037e-01 1.242502257228e-01 7.100912928581e-02 9.976361691952e-02 1.195436716080e-01 7.567571848631e-02 9.926598519087e-02 1.234436705709e-01 1.092545315623e-01 6.428579986095e-02 4.932673648000e-02 6.509569287300e-02 3.969183564186e-02 7.523555308580e-02 8.774758130312e-02 6.238516420126e-02 3.162465989590e-02 2.800627984107e-02 3.102637454867e-02 3.287329152226e-02
6.911586970091e-02 9.650685638189e-02 1.082328259945e-01 7.456937432289e-02 1.170494779944e-01 3.211686909199e-01 1.237229108810e-01 7.940537482500e-02 8.981624245644e-02 1.154257804155e-01 1.155700907111e-01 1.386053115129e-01 1.456092745066e-01 1.719459593296e-01 1.589091420174e-01 1.343980580568e-01 2.580005824566e-01 1.862578392029e-01 8.751758933067e-02 1.816120296717e-01 1.255647391081e-01 1.548950672150e-01 2.240564674139e-01 1.449525207281e-01 9.163512289524e-02 8.459690213203e-02 9.595710784197e-02 1.131100058556e-01 6.933237612247e-02 9.086614102125e-02 1.194785237312e-01 1.120665818453e-01 6.807719171047e-02 4.258242249489e-02 6.230510026217e-02 6.941053271294e-02 9.496552497149e-02 7.525493204594e-02 3.841515630484e-02 3.028464503586e-02 2.932537719607e-02 3.992905840278e-02 3.909951448441e-02
6.172025203705e-02 9.992327541113e-02 1.173251792789e-01 8.318573981524e-02 1.235490217805e-01 3.310463726521e-01 1.253942400217e-01 8.251740783453e-02 8.206748962402e-02 1.112911626697e-01 9.135322272778e-02 1.092090308666e-01 1.569194495678e-01 1.842823773623e-01 1.473775506020e-01 1.663327217102e-01 2.988207638264e-01 2.135364562273e-01 1.028717905283e-01 1.968327164650e-01 1.258150637150e-01 1.684458851814e-01 2.346848845482e-01 1.206476092339e-01 8.007906377316e-02 1.075959131122e-01 1.111686155200e-01 1.006764918566e-01 6.879083812237e-02 7.623253017664e-02 1.057323068380e-01 1.060458794236e-01 6.798191368580e-02 4.222654923797e-02 6.294489651918e-02 9.714278578758e-02 9.022977948189e-02 4.857708513737e-02 3.424223139882e-02 2.914633601904e-02 3.169327601790e-02 4.516414552927e-02 4.160648211837e-02
8.413109183311e-02 1.039327383041e-01 1.174395829439e-01 1.356860548258e-01 1.302685290575e-01 3.369897902012e-01 1.248864009976e-01 9.858804196119e-02 7.019450515509e-02 1.018424257636e-01 8.539746701717e-02 1.200538426638e-01 1.652918606997e-01 1.966322809458e-01 1.588446646929e-01 1.976709365845e-01 3.323577940464e-01 2.294734567404e-01 1.120966672897e-01 2.096923440695e-01 1.385297030210e-01 1.642510741949e-01 2.255661934614e-01 9.994440525770e-02 8.511017262936e-02 1.288945823908e-01 1.411855816841e-01 8.791603893042e-02 7.007638365030e-02 6.406596302986e-02 8.770577609539e-02 9.511422365904e-02 6.438027322292e-02 4.750806838274e-02 9.245388209820e-02 1.043108999729e-01 6.287503987551e-02 3.294707089663e-02 3.522681444883e-02 2.721416763961e-02 3.627447783947e-02 4.797635599971e-02 5.195362120867e-02
1.110774725676e-01 1.087322607636e-01 1.156439334154e-01 1.666286885738e-01 1.353473365307e-01 3.387656211853e-01 1.212542057037e-01 1.129911020398e-01 7.425624877214e-02 1.043537110090e-01 8.844653517008e-02 1.286455392838e-01 1.730870306492e-01 2.086545526981e-01 1.533994078636e-01 2.234589159489e-01 3.387030661106e-01 2.174762189388e-01 1.329737156630e-01 2.204447984695e-01 1.389547288418e-01 1.501632183790e-01 1.951053142548e-01 9.505704790354e-02 9.308531135321e-02 1.482956856489e-01 1.520841270685e-01 7.920692861080e-02 7.624424993992e-02 6.695485860109e-02 9.238070249557e-02 8.001175522804e-02 5.729562044144e-02 8.312435448170e-02 1.120763197541e-01 8.059148490429e-02 4.519025236368e-02 2.959418296814e-02 3.550836816430e-02 3.105390816927e-02 4.692608490586e-02 6.114776805043e-02 6.090411171317e-02
1.307537704706e-01 1.417256742716e-01 1.339011192322e-01 1.540002375841e-01 1.442248374224e-01 3.359817266464e-01 1.317458748817e-01 1.241910234094e-01 7.794366776943e-02 1.059051156044e-01 9.778472781181e-02 1.331260055304e-01 1.824012994766e-01 2.204983383417e-01 1.410083174706e-01 2.398526668549e-01 3.192155957222e-01 1.930023878813e-01 1.462790817022e-01 2.284824699163e-01 1.241328492761e-01 1.198841556907e-01 1.515078246593e-01 8.799400925636e-02 1.093987524509e-01 1.484670490026e-01 1.403612494469e-01 8.387525379658e-02 8.774679154158e-02 7.427298277617e-02 1.002253443003e-01 6.979399919510e-02 7.110581547022e-02 1.122078970075e-01 9.881339967251e-02 6.930524110794e-02 3.864439204335e-02 3.225570172071e-02 3.989791497588e-02 4.492631182075e-02 6.549922376871e-02 6.721064448357e-02 5.598175153136e-02
1.713057458401e-01 1.701006293297e-01 1.836435794830e-01 1.416263878345e-01 1.709479391575e-01 3.254050314426e-01 1.500025689602e-01 1.353668123484e-01 1.056701764464e-01 1.060843691230e-01 1.140532121062e-01 1.724328547716e-01 1.900839656591e-01 2.336816340685e-01 1.525428295135e-01 2.410553693771e-01 2.838824391365e-01 1.847557127476e-01 1.507340222597e-01 2.344482839108e-01 1.111858859658e-01 9.843020886183e-02 1.141007468104e-01 9.438341110945e-02 1.189618706703e-01 1.328665316105e-01 1.038507446647e-01 9.258768707514e-02 1.023030206561e-01 8.469780534506e-02 1.036068424582e-01 6.587637960911e-02 1.060773283243e-01 1.115432009101e-01 9.946731477976e-02 6.271107494831e-02 4.489040747285e-02 3.948274627328e-02 4.776129499078e-02 6.517097353935e-02 7.284605503082e-02 5.867763981223e-02 4.355321824551e-02
1.900949031115e-01 1.881887167692e-01 2.270611822605e-01 2.114109396935e-01 1.444683074951e-01 3.070796430111e-01 1.394979208708e-01 1.564715355635e-01 1.460168510675e-01 1.210933923721e-01 1.238933578134e-01 2.077883034945e-01 2.186342775822e-01 2.482857108116e-01 1.703001409769e-01 2.269491255283e-01 2.809648513794e-01 2.253850102425e-01 1.466223597527e-01 2.352751195431e-01 1.118855625391e-01 1.061826273799e-01 1.158580482006e-01 1.049469038844e-01 1.115199178457e-01 1.045316308737e-01 9.642355889082e-02 1.078808680177e-01 1.120842620730e-01 8.786011487246e-02 1.027338877320e-01 9.963570535183e-02 1.182462349534e-01 1.112059354782e-01 1.059962958097e-01 7.719432562590e-02 5.504434928298e-02 5.095049366355e-02 6.183972209692e-02 7.304883748293e-02 6.035285070539e-02 4.957099258900e-02 4.458999633789e-02
