100/SI/f193.grd
DSAA
101	101
32.816463539100	34.260883539100
35.556306596100	36.727886596100
1.071765582310e-04	1.755670738220e+01
[rows 38 to 56 of 101, columns 0 to 42 of 101]
4.194165393710e-02 8.850114047527e-02 9.571929275990e-02 9.971469640732e-02 1.182390898466e-01 1.449469923973e-01 1.674006134272e-01 1.907082945108e-01 2.096074521542e-01 1.914488077164e-01 1.571276038885e-01 1.282399892807e-01 1.266621351242e-01 1.247855648398e-01 1.328510940075e-01 1.504367887974e-01 1.702544838190e-01 3.128246366978e-01 5.070021748543e-01 5.441288948059e-01 4.384606182575e-01 3.700035810471e-01 2.470640987158e-01 2.894944846630e-01 5.752620100975e-01 7.477555871010e-01 7.202451825142e-01 5.151456594467e-01 3.699182569981e-01 4.097549915314e-01 4.327884912491e-01 5.314682126045e-01 7.286349534988e-01 7.157239913940e-01 6.715461015701e-01 4.017245471478e-01 5.491272807121e-01 6.174891591072e-01 6.110374331474e-01 9.383614659309e-01 1.029736757278e+00 1.520083785057e+00 1.227005481720e+00
6.178471446037e-02 1.100090891123e-01 9.226658940315e-02 9.029204398394e-02 1.284100860357e-01 1.562183499336e-01 2.053556889296e-01 2.584355771542e-01 2.882494926453e-01 2.699208557606e-01 1.961266547441e-01 1.534809023142e-01 1.321897208691e-01 1.349971443415e-01 1.448463648558e-01 1.565391570330e-01 1.667990386486e-01 1.757818758488e-01 2.758069932461e-01 3.861619234085e-01 3.945064842701e-01 3.854278624058e-01 3.981362879276e-01 3.315932452679e-01 3.072589337826e-01 3.413631618023e-01 4.610608518124e-01 8.681095242500e-01 1.163138151169e+00 1.180001378059e+00 9.255182147026e-01 4.562045931816e-01 5.145068764687e-01 4.377355575562e-01 8.737829923630e-01 7.832443714142e-01 5.099939107895e-01 6.151821613312e-01 7.552157640457e-01 8.584690690041e-01 1.149335265160e+00 1.386115670204e+00 1.626519441605e+00
7.126672565937e-02 1.419502347708e-01 1.344887614250e-01 1.167023479939e-01 1.541694104671e-01 1.897353827953e-01 2.303214371204e-01 3.031471073627e-01 3.286255300045e-01 3.275690972805e-01 2.240350693464e-01 1.504573971033e-01 1.515125632286e-01 1.311142444611e-01 1.092489138246e-01 1.229018121958e-01 1.433622986078e-01 1.558832228184e-01 1.639946252108e-01 2.179022580385e-01 3.215332031250e-01 4.520136415958e-01 5.427784323692e-01 5.470449924469e-01 5.355901718140e-01 3.563251495361e-01 2.821520566940e-01 2.979955673218e-01 2.892043888569e-01 3.658033609390e-01 7.716323137283e-01 1.228588938713e+00 1.455786466599e+00 1.215399146080e+00 6.154031753540e-01 6.115346550941e-01 1.071893334389e+00 8.915442824364e-01 9.239626526833e-01 9.211613535881e-01 8.565619587898e-01 1.148941516876e+00 1.740308403969e+00
1.020889580250e-01 1.730658411980e-01 2.011283934116e-01 2.066316306591e-01 1.862004548311e-01 2.226153612137e-01 2.221838682890e-01 2.134277075529e-01 2.133720368147e-01 2.618341147900e-01 2.826488614082e-01 2.452260255814e-01 1.818114221096e-01 1.616783887148e-01 1.645079702139e-01 2.036089301109e-01 2.362732291222e-01 2.643070220947e-01 2.583531439304e-01 1.878475993872e-01 2.093539983034e-01 2.761788368225e-01 3.137687742710e-01 4.210170805454e-01 5.228921771049e-01 6.213402152061e-01 6.932465434074e-01 6.728140115738e-01 6.909320950508e-01 7.538388967514e-01 8.335430622101e-01 8.150674700737e-01 1.260755538940e+00 1.424500107765e+00 1.017350554466e+00 1.287947773933e+00 1.428828358650e+00 1.213575005531e+00 1.369540691376e+00 1.107473850250e+00 7.768865227699e-01 1.358060956001e+00 1.134580016136e+00
1.047842651606e-01 1.841795891523e-01 2.040381878614e-01 1.887022107840e-01 2.058634907007e-01 2.596550881863e-01 2.579149901867e-01 2.234495133162e-01 2.691198885441e-01 2.240089923143e-01 2.129261940718e-01 2.972012162209e-01 3.085600733757e-01 2.325274199247e-01 2.152791619301e-01 1.983815580606e-01 2.030344009399e-01 2.720099091530e-01 3.668268322945e-01 3.729046285152e-01 2.390030473471e-01 2.714456617832e-01 3.462986052036e-01 2.881978154182e-01 3.329827487469e-01 4.019263684750e-01 5.311711430550e-01 8.026722669601e-01 1.080927848816e+00 9.895836114883e-01 9.372630715370e-01 6.961767077446e-01 6.935303211212e-01 1.302650332451e+00 1.252364277840e+00 1.579334735870e+00 1.044277667999e+00 1.479645609856e+00 1.297679662704e+00 1.873161911964e+00 1.935731530190e+00 1.520657658577e+00 1.714043974876e+00
2.030853629112e-01 3.937700092793e-01 2.942064106464e-01 2.463571280241e-01 2.410559505224e-01 2.169159352779e-01 2.220122218132e-01 2.701110839844e-01 2.674978971481e-01 2.170827537775e-01 2.714024484158e-01 1.849845200777e-01 2.370883673429e-01 3.323929011822e-01 2.886669337749e-01 2.496964335442e-01 3.127240836620e-01 6.786925196648e-01 7.998116016388e-01 4.362511932850e-01 4.672690331936e-01 2.750906348228e-01 3.230958282948e-01 4.583244025707e-01 3.058045208454e-01 2.799367606640e-01 2.936942577362e-01 3.220402598381e-01 4.112120866776e-01 4.675243198872e-01 4.995008409023e-01 5.445071458817e-01 7.413898110390e-01 1.168223619461e+00 8.011505007744e-01 7.421424984932e-01 1.089994430542e+00 1.241343379021e+00 8.262725472450e-01 1.709999561310e+00 1.757513523102e+00 1.916460514069e+00 2.352536439896e+00
3.233718276024e-01 5.930692553520e-01 4.808224737644e-01 3.740360140800e-01 3.448722064495e-01 2.808560729027e-01 3.870930969715e-01 3.396991789341e-01 3.407621681690e-01 2.666830122471e-01 2.085993736982e-01 2.561691999435e-01 2.298207730055e-01 1.500130742788e-01 2.813709378242e-01 3.300099074841e-01 2.403105795383e-01 2.061667293310e-01 3.768348097801e-01 2.494136244059e-01 4.340507090092e-01 5.153952836990e-01 5.120858550072e-01 4.472503960133e-01 6.149098873138e-01 3.779886066914e-01 3.514196872711e-01 4.550580084324e-01 5.331503152847e-01 4.072943329811e-01 5.188116431236e-01 6.392462253571e-01 7.576435208321e-01 8.895606994629e-01 1.130883336067e+00 8.576459884644e-01 9.553953409195e-01 1.068318367004e+00 1.012385725975e+00 1.453371405602e+00 1.350291252136e+00 1.952488064766e+00 1.988900542259e+00
1.277185380459e-01 2.660841345787e-01 3.185310959816e-01 3.754567801952e-01 3.839235901833e-01 4.265743792057e-01 4.508196711540e-01 3.889091312885e-01 3.487246930599e-01 3.339809179306e-01 3.114163577557e-01 2.881911098957e-01 2.731273174286e-01 2.561386227608e-01 2.772629857063e-01 2.366539090872e-01 1.682673990726e-01 1.992188096046e-01 2.097470760345e-01 2.863947153091e-01 2.682521045208e-01 4.429735839367e-01 4.783547818661e-01 5.143903493881e-01 6.000390052795e-01 6.778835058212e-01 7.392573356628e-01 7.698061466217e-01 7.865733504295e-01 8.474094867706e-01 8.607288002968e-01 9.053068757057e-01 9.615778923035e-01 7.986595630646e-01 6.861268281937e-01 9.651166796684e-01 1.159574151039e+00 1.783391714096e+00 2.135166645050e+00 1.973322033882e+00 1.877051472664e+00 1.950332641602e+00 1.619574785233e+00
1.238978877664e-01 2.601429820061e-01 2.961058020592e-01 3.287672400475e-01 3.724098503590e-01 3.809007108212e-01 3.502185642719e-01 2.836258709431e-01 2.675440907478e-01 3.190978467464e-01 3.744277060032e-01 3.553005158901e-01 2.689287066460e-01 1.754746437073e-01 1.883515268564e-01 1.088097915053e-01 6.329396367073e-02 6.989942491055e-02 9.321402013302e-02 1.123705655336e-01 3.345827460289e-01 5.885210633278e-01 5.024606585503e-01 6.339244246483e-01 6.099437475204e-01 7.518070340157e-01 7.758989930153e-01 7.344383001328e-01 6.847466230392e-01 7.810046076775e-01 8.316731452942e-01 1.074375629425e+00 1.373735427856e+00 1.496833086014e+00 1.278778910637e+00 1.084458351135e+00 1.201604962349e+00 8.578906655312e-01 1.307184696198e+00 1.332661509514e+00 2.082269430161e+00 1.962569713593e+00 2.112676620483e+00
3.338389098644e-02 6.709715723991e-02 7.083174586296e-02 7.634806632996e-02 1.059338524938e-01 1.480704843998e-01 1.946803331375e-01 2.092191576958e-01 2.024241685867e-01 1.867624372244e-01 1.916335821152e-01 2.435333281755e-01 2.431630939245e-01 1.978424787521e-01 1.278350204229e-01 9.959776699543e-02 5.115632712841e-02 4.350729286671e-02 4.846760258079e-02 1.036786884069e-01 2.314013987780e-01 4.911895692348e-01 1.225958466530e+00 1.153020977974e+00 1.035710573196e+00 9.725138545036e-01 9.371389150620e-01 9.109988212585e-01 9.683789014816e-01 1.118632435799e+00 1.248093366623e+00 1.412919282913e+00 2.436535358429e+00 1.356419444084e+00 3.059500455856e+00 2.085073947906e+00 1.662821531296e+00 1.790669560432e+00 2.217064619064e+00 2.575358152390e+00 2.724435329437e+00 2.559693574905e+00 2.575624227524e+00
3.027175180614e-02 5.848040059209e-02 6.368554383516e-02 6.380385160446e-02 1.072307080030e-01 1.588891297579e-01 1.655977070332e-01 1.350798159838e-01 9.969083219767e-02 8.128256350756e-02 1.031505987048e-01 1.280276477337e-01 1.225317493081e-01 9.841471165419e-02 7.240658998489e-02 5.126247182488e-02 3.705228865147e-02 2.719762735069e-02 2.822156250477e-02 9.209345281124e-02 2.947998940945e-01 5.093370079994e-01 5.014205574989e-01 1.060232043266e+00 2.559390783310e+00 1.296178579330e+00 8.077968955040e-01 7.315930724144e-01 7.612546682358e-01 8.302261233330e-01 1.425979971886e+00 2.056254863739e+00 1.088452339172e+00 1.621837019920e+00 2.931535243988e+00 5.352855682373e+00 2.188494920731e+00 1.731266736984e+00 1.538673281670e+00 1.692647933960e+00 1.449000597000e+00 2.704315900803e+00 3.150112867355e+00
1.570823602378e-02 3.263031318784e-02 3.912000358105e-02 4.342450946569e-02 5.707403272390e-02 9.177280962467e-02 1.051561012864e-01 9.112611413002e-02 7.050721347332e-02 5.281821265817e-02 4.359418526292e-02 4.161789640784e-02 3.318729624152e-02 2.927333302796e-02 3.492286801338e-02 2.660158276558e-02 2.464606054127e-02 2.072863280773e-02 2.417152374983e-02 3.674010932446e-02 6.283538043499e-02 1.700414270163e-01 1.781436800957e-01 2.421217709780e-01 9.309910535812e-01 9.851628541946e-01 3.672690987587e-01 2.015516757965e-01 2.106833308935e-01 6.780807375908e-01 8.981099128723e-01 9.733403921127e-01 1.015082240105e+00 8.335193395615e-01 1.225236892700e+00 3.534434556961e+00 1.891205549240e+00 1.151881814003e+00 8.043140769005e-01 7.268680334091e-01 6.837561726570e-01 1.791526317596e+00 2.487118959427e+00
6.985290907323e-03 1.394394319504e-02 1.450432278216e-02 1.601608842611e-02 2.018952369690e-02 2.556803077459e-02 3.042532503605e-02 3.311189264059e-02 3.204065561295e-02 2.715462259948e-02 2.314582094550e-02 2.661130391061e-02 2.746819145977e-02 2.539027109742e-02 2.587160095572e-02 2.957262285054e-02 2.245745062828e-02 1.792809180915e-02 2.015804499388e-02 2.997137233615e-02 3.424265235662e-02 6.260095536709e-02 1.088837906718e-01 2.375308573246e-01 5.766957402229e-01 3.588075041771e-01 2.224019318819e-01 1.766255795956e-01 1.693757474422e-01 5.468535050750e-02 4.791368916631e-02 5.205176770687e-02 8.129020780325e-02 1.767676174641e-01 4.101299345493e-01 6.965399742126e+00 1.327354145050e+01 1.770397305489e+00 1.206591486931e+00 6.215423941612e-01 4.380538463593e-01 4.737307429314e-01 9.177494645119e-01
5.627179984003e-03 1.023066788912e-02 1.137431897223e-02 1.137758977711e-02 1.142961811274e-02 1.472549606115e-02 1.933732442558e-02 2.380091696978e-02 2.645939774811e-02 2.591749280691e-02 2.177681773901e-02 2.001479081810e-02 2.173829078674e-02 2.102122642100e-02 1.869263686240e-02 2.295798994601e-02 2.666695974767e-02 2.121195755899e-02 1.637103408575e-02 4.759901016951e-02 6.041895225644e-02 4.610011726618e-02 6.121301651001e-02 1.073025763035e-01 2.035257965326e-01 2.020493507385e+00 4.377526044846e-01 3.892015218735e-01 1.644950062037e-01 3.243104368448e-02 2.837620116770e-02 2.972080558538e-02 3.457634150982e-02 4.259438812733e-02 5.729313567281e-02 3.072105944157e-01 2.141028642654e+00 5.500929355621e+00 1.406210660934e+00 7.880361080170e-01 2.267261594534e-01 1.460927277803e-01 1.608750820160e-01
5.245084408671e-03 1.248900685459e-02 1.688754186034e-02 1.949020475149e-02 2.029697783291e-02 1.872707717121e-02 1.664699427783e-02 1.519541628659e-02 1.897352002561e-02 2.176078222692e-02 2.169970236719e-02 1.877973228693e-02 1.623078808188e-02 2.021318487823e-02 2.110903523862e-02 1.886448450387e-02 2.200258336961e-02 2.840579487383e-02 2.242311649024e-02 4.740204662085e-02 5.013086274266e-02 4.286993667483e-02 4.775727540255e-02 5.177358910441e-02 1.180925145745e-01 4.073682725430e-01 4.250907599926e-01 1.089371815324e-01 5.067062750459e-02 3.140805661678e-02 2.354008890688e-02 2.010051533580e-02 1.983044296503e-02 2.486442029476e-02 3.227929770947e-02 1.095882952213e-01 5.608262419701e-01 1.980964660645e+00 2.397593498230e+00 3.702723383904e-01 1.586752086878e-01 1.028219684958e-01 9.728967398405e-02
7.943985983729e-03 1.870184391737e-02 2.390201948583e-02 2.687581628561e-02 2.760956622660e-02 2.638084068894e-02 2.476105466485e-02 2.227048389614e-02 1.921213977039e-02 1.569833420217e-02 1.742684841156e-02 1.831026747823e-02 1.754020713270e-02 2.050848491490e-02 2.352716960013e-02 2.222783118486e-02 1.877416111529e-02 2.983016520739e-02 3.190973401070e-02 8.362287282944e-02 5.360084399581e-02 3.858629986644e-02 2.609623782337e-02 2.698040381074e-02 5.076564848423e-02 3.637615740299e-01 5.188784003258e-01 9.867437183857e-02 6.471877545118e-02 3.287790715694e-02 2.035974897444e-02 1.406006608158e-02 1.250200066715e-02 1.318645570427e-02 2.024310268462e-02 3.356956318021e-02 2.270034849644e-01 7.015696763992e-01 1.862704515457e+00 9.017428755760e-01 4.294855296612e-01 8.588252961636e-02 7.255283743143e-02
5.438546184450e-03 1.184730231762e-02 1.477678865194e-02 1.621566340327e-02 1.572485640645e-02 1.577716879547e-02 1.764773204923e-02 1.972791738808e-02 2.168344892561e-02 2.171300351620e-02 1.869701966643e-02 1.411283761263e-02 1.662646979094e-02 1.822105608881e-02 1.825560629368e-02 1.833734102547e-02 1.919074170291e-02 3.144777566195e-02 4.337076470256e-02 7.228217273951e-02 5.552897229791e-02 4.361891746521e-02 2.145167626441e-02 2.146199531853e-02 4.317288100719e-02 1.321596652269e-01 1.150044500828e-01 7.652471959591e-02 6.058288365602e-02 3.364802151918e-02 1.869880966842e-02 1.535360328853e-02 1.354278065264e-02 1.323504280299e-02 1.693414524198e-02 2.865798398852e-02 6.010888889432e-02 3.020279109478e-01 3.553414642811e-01 2.162628620863e-01 1.297486275434e-01 6.556030362844e-02 5.930011346936e-02
5.110684316605e-03 9.277551434934e-03 1.376884896308e-02 1.757735200226e-02 2.096736431122e-02 2.477460913360e-02 2.895414642990e-02 3.347368165851e-02 3.765140101314e-02 3.884630277753e-02 3.472935408354e-02 2.580153383315e-02 1.661169528961e-02 1.726565137506e-02 2.125328779221e-02 2.308608777821e-02 2.878601104021e-02 3.334814310074e-02 3.912851586938e-02 6.846054643393e-02 4.870789870620e-02 3.236506134272e-02 1.714575663209e-02 1.669533364475e-02 3.126097097993e-02 3.627552092075e-02 3.637276291847e-01 5.241131037474e-02 4.952295869589e-02 2.974710799754e-02 1.729726232588e-02 1.383307669312e-02 1.320040225983e-02 1.394143048674e-02 1.795240491629e-02 2.442039549351e-02 4.064459353685e-02 5.008424073458e-02 1.053035631776e-01 1.398681253195e-01 8.741088956594e-02 5.246255174279e-02 6.744549423456e-02
5.084158387035e-03 9.197729639709e-03 1.263198629022e-02 1.561228465289e-02 1.861920766532e-02 2.229150198400e-02 2.617121674120e-02 3.008623793721e-02 3.374818712473e-02 3.572997078300e-02 3.386711701751e-02 3.671056032181e-02 3.828101605177e-02 3.837985545397e-02 3.661211207509e-02 3.320043161511e-02 3.951954096556e-02 2.873024716973e-02 3.888718038797e-02 1.238061338663e-01 4.544245824218e-02 2.276943624020e-02 1.608067378402e-02 1.346844062209e-02 1.861066557467e-02 4.109458997846e-02 1.483318358660e-01 4.073699936271e-02 5.253432691097e-02 2.221004478633e-02 1.634969562292e-02 1.249776128680e-02 1.265741512179e-02 1.438835542649e-02 1.900693587959e-02 2.259913086891e-02 2.515894174576e-02 4.053388163447e-02 8.885404467583e-02 1.039322018623e-01 6.451523303986e-02 4.786371812224e-02 6.263311207294e-02
