100/SI/f193.grd
DSAA
101	101
32.816463539100	34.260883539100
35.556306596100	36.727886596100
1.071765582310e-04	1.755670738220e+01
[rows 76 to 94 of 101, columns 43 to 85 of 101]
2.706951647997e-02 2.304324507713e-02 4.212683439255e-02 1.061735376716e-01 1.134867370129e-01 2.259735763073e-01 3.603565096855e-01 4.049892723560e-01 2.507746517658e-01 7.018200308084e-02 2.550496757030e-01 5.716468691826e-01 4.271103739738e-01 1.114799529314e-01 5.011533200741e-02 7.101121544838e-02 7.496050745249e-02 3.835605829954e-02 3.590011596680e-02 4.471395164728e-02 1.647599190474e-01 3.770955801010e-01 8.880082517862e-02 5.996919795871e-02 4.365165904164e-02 2.925955131650e-02 1.486298907548e-02 1.277867890894e-02 1.244983915240e-02 1.174146775156e-02 1.113135181367e-02 1.160027552396e-02 1.221227273345e-02 1.295401901007e-02 1.308247633278e-02 1.217345334589e-02 1.116418372840e-02 1.043485943228e-02 9.924666024745e-03 9.621953591704e-03 1.074020285159e-02 1.645782962441e-02 2.245125919580e-02
4.408300668001e-02 5.943353101611e-02 7.603546977043e-02 7.930836081505e-02 1.088804528117e-01 1.502945870161e-01 1.937927007675e-01 1.830995529890e-01 2.936278283596e-01 4.284718036652e-01 4.246241748333e-01 2.036647498608e-01 1.447849422693e-01 1.287524104118e-01 8.301276713610e-02 8.784948289394e-02 2.432203479111e-02 1.502584200352e-02 1.846472173929e-02 2.067285031080e-02 1.566618494689e-02 1.875718869269e-02 2.971453405917e-02 2.982608415186e-02 2.706176601350e-02 1.659702323377e-02 8.111115545034e-03 7.281659636647e-03 8.498639799654e-03 9.790559299290e-03 1.044200360775e-02 1.066859159619e-02 1.060972921550e-02 1.014354079962e-02 8.820806629956e-03 7.078314665705e-03 5.669254809618e-03 5.615304689854e-03 5.950963590294e-03 6.912506651133e-03 8.678899146616e-03 1.480802800506e-02 1.981509104371e-02
9.328496456146e-02 1.408547461033e-01 9.344857931137e-02 4.393342882395e-02 5.108535662293e-02 1.865988969803e-01 5.233340859413e-01 6.966010928154e-01 5.215197801590e-01 2.572128176689e-01 1.388683915138e-01 8.934676647186e-02 6.461375951767e-02 1.040073335171e-01 8.613266795874e-02 3.219046071172e-02 1.071470417082e-02 9.764421731234e-03 1.017621718347e-02 1.379319652915e-02 1.029169186950e-02 9.377914480865e-03 1.085198670626e-02 1.222167350352e-02 1.107383426279e-02 1.010027714074e-02 8.184093050659e-03 8.515352383256e-03 7.164775393903e-03 8.198354393244e-03 8.580497466028e-03 7.994679734111e-03 7.646888494492e-03 7.388371042907e-03 5.200637038797e-03 5.017571616918e-03 5.329387262464e-03 5.309553816915e-03 5.199434701353e-03 5.503853317350e-03 6.731335073709e-03 1.285036467016e-02 1.885044947267e-02
1.328852772713e-01 1.547746956348e-01 5.223327130079e-02 5.417705327272e-02 1.917056292295e-01 3.431571424007e-01 3.539382219315e-01 3.035962879658e-01 2.536095976830e-01 1.202948763967e-01 1.062985733151e-01 1.287244856358e-01 7.920764386654e-02 4.988730698824e-02 2.202864550054e-02 1.187265664339e-02 7.517555262893e-03 7.175747770816e-03 6.892925128341e-03 8.648196235299e-03 7.680932991207e-03 7.685312535614e-03 7.149771321565e-03 7.062757853419e-03 6.840823683888e-03 6.982814986259e-03 6.748485378921e-03 6.862071342766e-03 7.382724434137e-03 7.071906700730e-03 7.165057118982e-03 5.903723649681e-03 6.536282598972e-03 6.857442203909e-03 5.457501392812e-03 4.161740187556e-03 4.980552941561e-03 5.299974698573e-03 5.322622135282e-03 5.229979287833e-03 5.373106338084e-03 6.905694957823e-03 1.161857228726e-02
5.806659162045e-02 9.537544846535e-02 1.377404928207e-01 1.793812811375e-01 1.974566131830e-01 1.620378047228e-01 1.822531819344e-01 2.248804867268e-01 3.208236396313e-01 1.248729676008e-01 1.296772211790e-01 7.883431017399e-02 3.174570947886e-02 1.341517176479e-02 9.279614314437e-03 7.554139476269e-03 6.772656459361e-03 6.105544976890e-03 5.595067981631e-03 5.289903376251e-03 5.878544878215e-03 4.539456218481e-03 4.600444808602e-03 4.583711270243e-03 4.834538325667e-03 5.077308975160e-03 5.123155191541e-03 4.692190326750e-03 4.034495446831e-03 4.841276444495e-03 4.705311730504e-03 4.568791482598e-03 5.127067212015e-03 5.718282889575e-03 5.259668920189e-03 4.122640937567e-03 4.626967478544e-03 5.195896141231e-03 5.335751920938e-03 5.408387631178e-03 6.271392107010e-03 7.527528330684e-03 9.491423144937e-03
6.393449008465e-02 1.944892555475e-01 3.604397475719e-01 2.112677693367e-01 1.358812302351e-01 2.367103695869e-01 3.150554597378e-01 4.236437082291e-01 2.075327932835e-01 1.067815572023e-01 5.035234615207e-02 2.915281616151e-02 1.230007782578e-02 7.891771383584e-03 5.566928535700e-03 4.692699294537e-03 4.309087526053e-03 4.005210474133e-03 4.112489055842e-03 4.382085055113e-03 4.516197368503e-03 4.186965059489e-03 4.060406237841e-03 4.360121209174e-03 5.209008697420e-03 6.067022215575e-03 6.634786259383e-03 6.447826977819e-03 5.092754028738e-03 3.940509632230e-03 3.922763746232e-03 3.620119532570e-03 3.672060789540e-03 4.590333439410e-03 4.753719549626e-03 4.432276822627e-03 4.207564052194e-03 4.929340444505e-03 5.203975364566e-03 5.256218370050e-03 6.015043705702e-03 8.332705125213e-03 1.127664372325e-02
1.202096715569e-01 3.773284852505e-01 2.891963422298e-01 2.350424230099e-01 2.573992908001e-01 2.462580054998e-01 1.725105196238e-01 1.672687679529e-01 1.310606002808e-01 6.709822267294e-02 2.433420717716e-02 1.508210692555e-02 8.186196908355e-03 5.266626831144e-03 4.206075333059e-03 3.457355313003e-03 3.454528050497e-03 3.689348232001e-03 3.603976452723e-03 3.476469777524e-03 3.777591744438e-03 3.888616338372e-03 3.761834930629e-03 3.771143266931e-03 4.747981205583e-03 5.828382913023e-03 6.617991719395e-03 6.601277273148e-03 5.360420327634e-03 3.647560253739e-03 3.811783855781e-03 3.946750424802e-03 3.226647153497e-03 3.377756802365e-03 4.028960131109e-03 4.499697592109e-03 4.546942654997e-03 4.511124920100e-03 4.931282252073e-03 5.147456657141e-03 5.104363895953e-03 5.790368653834e-03 7.317791227251e-03
1.620338559151e-01 2.748928964138e-01 1.636832207441e-01 9.988586604595e-02 6.664007902145e-02 8.175592124462e-02 7.136263698339e-02 8.523445576429e-02 7.230892032385e-02 2.518223598599e-02 1.756598800421e-02 1.046154275537e-02 8.685810491443e-03 6.444296333939e-03 4.018842708319e-03 3.268562722951e-03 3.552037291229e-03 3.582574892789e-03 3.261937061325e-03 3.115300321952e-03 3.614891087636e-03 3.958482760936e-03 4.142187070101e-03 3.997362684458e-03 3.704231698066e-03 4.426665138453e-03 4.940488375723e-03 4.896576981992e-03 4.047397058457e-03 3.279014723375e-03 3.387069562450e-03 3.717485582456e-03 3.546855645254e-03 3.010138170794e-03 3.079889342189e-03 3.677160246298e-03 4.087901208550e-03 4.001363646239e-03 4.552678670734e-03 4.943992011249e-03 5.035784095526e-03 5.303705111146e-03 5.951215978712e-03
2.308575510979e-01 1.906018853188e-01 6.168013438582e-02 4.673921316862e-02 4.956078156829e-02 2.980639599264e-02 4.197045788169e-02 6.846462190151e-02 4.561414569616e-02 2.219754271209e-02 1.661395095289e-02 9.313715621829e-03 9.071195498109e-03 8.595786988735e-03 5.376537330449e-03 4.250114317983e-03 3.606236539781e-03 3.446254413575e-03 2.971465233713e-03 3.002706216648e-03 3.633798100054e-03 4.357691854239e-03 4.790884908289e-03 4.475316964090e-03 3.822381375358e-03 3.278644522652e-03 3.574381116778e-03 3.818513592705e-03 3.796611446887e-03 4.049008246511e-03 3.638723399490e-03 3.362200455740e-03 3.406665055081e-03 3.089635632932e-03 2.982600592077e-03 3.589476924390e-03 3.924197051674e-03 3.822102909908e-03 4.099864978343e-03 4.612067714334e-03 4.835713189095e-03 5.412691738456e-03 6.835497450083e-03
3.652143180370e-01 1.603628546000e-01 3.144871070981e-02 2.247449941933e-02 1.724830083549e-02 2.116423100233e-02 2.272694185376e-02 5.134887993336e-02 5.199543386698e-02 3.168979659677e-02 1.579776965082e-02 9.023823775351e-03 7.805735338479e-03 8.153185248375e-03 6.687312852591e-03 4.112147726119e-03 3.578291973099e-03 3.314796835184e-03 2.754442160949e-03 2.968057058752e-03 3.718591528013e-03 4.855221137404e-03 5.295083392411e-03 4.702409729362e-03 3.949096426368e-03 3.477768972516e-03 3.695767140016e-03 4.116504453123e-03 4.300020635128e-03 4.236695822328e-03 3.924463875592e-03 3.256716532633e-03 3.736350452527e-03 3.097933018580e-03 2.904298482463e-03 3.159891115502e-03 3.971808589995e-03 4.372718743980e-03 4.658277146518e-03 5.294431466609e-03 6.079974118620e-03 6.312086246908e-03 6.135710515082e-03
3.138921856880e-01 9.681628644466e-02 2.394487895072e-02 1.349239982665e-02 1.235780958086e-02 1.434018556029e-02 2.654626034200e-02 3.396033495665e-02 4.082846641541e-02 2.849840372801e-02 1.872950233519e-02 1.047715917230e-02 6.861361674964e-03 5.894170142710e-03 5.641421303153e-03 4.763985052705e-03 4.143878351897e-03 4.552666097879e-03 3.798888297752e-03 3.276161616668e-03 4.085449501872e-03 5.456008017063e-03 5.679703783244e-03 4.770504310727e-03 4.050196614116e-03 3.690172219649e-03 3.863312071189e-03 4.337955731899e-03 4.686385393143e-03 4.375410266221e-03 3.872618079185e-03 3.203461645171e-03 3.811218310148e-03 2.945338841528e-03 2.850530669093e-03 2.739839488640e-03 2.983987564221e-03 3.930982667953e-03 5.007534753531e-03 6.447244435549e-03 7.871410809457e-03 8.432937785983e-03 8.528492413461e-03
1.652514934540e-01 3.034070320427e-02 1.428191177547e-02 1.242291182280e-02 1.038931589574e-02 1.061032619327e-02 1.712405495346e-02 9.486800990999e-03 2.479499578476e-02 3.747376799583e-02 2.662339806557e-02 2.025277912617e-02 1.012924965471e-02 6.227079778910e-03 5.320231895894e-03 5.375775042921e-03 5.700370296836e-03 5.124829709530e-03 4.512300249189e-03 3.997396212071e-03 4.886467475444e-03 6.001966539770e-03 5.779023282230e-03 4.866134840995e-03 4.342661239207e-03 4.085718188435e-03 4.081960767508e-03 4.555066581815e-03 4.953501280397e-03 4.750052001327e-03 3.973363898695e-03 3.145286114886e-03 3.596533788368e-03 3.258615732193e-03 2.828208031133e-03 2.811461687088e-03 2.708691637963e-03 2.832158934325e-03 3.620726987720e-03 5.535066593438e-03 7.558981422335e-03 8.813685737550e-03 9.533463977277e-03
4.473475366831e-02 1.731685549021e-02 1.120876334608e-02 1.072029490024e-02 8.368323557079e-03 7.601724471897e-03 7.698121480644e-03 7.216758560389e-03 9.020009078085e-03 3.091189637780e-02 3.426652401686e-02 5.019949749112e-02 3.212235122919e-02 1.154052000493e-02 7.160555105656e-03 5.968825891614e-03 6.455145776272e-03 7.639321498573e-03 7.113539148122e-03 5.690692923963e-03 5.569132976234e-03 6.238532252610e-03 5.608340259641e-03 4.840202629566e-03 4.554837942123e-03 4.509940743446e-03 4.595890175551e-03 4.655849654227e-03 5.069272127002e-03 5.098048131913e-03 4.400293342769e-03 3.394751111045e-03 3.373296000063e-03 3.375242231414e-03 3.155584912747e-03 3.232352901250e-03 3.200456034392e-03 3.144320566207e-03 3.102941904217e-03 3.189573995769e-03 4.302235320210e-03 5.729819647968e-03 6.755271460861e-03
1.595436967909e-02 9.974957443774e-03 1.004417147487e-02 8.757957257330e-03 7.138221058995e-03 6.477124989033e-03 5.614234134555e-03 5.601987708360e-03 6.623315159231e-03 1.281059440225e-02 5.118228867650e-02 1.256623864174e-01 8.622629940510e-02 2.748993411660e-02 1.208168454468e-02 7.499722298235e-03 6.714241579175e-03 8.056129328907e-03 7.798870094121e-03 8.226425386965e-03 7.916483096778e-03 6.525510456413e-03 5.834230221808e-03 5.233267787844e-03 5.072391591966e-03 5.109171383083e-03 5.099411122501e-03 4.966763779521e-03 5.082244984806e-03 5.367788486183e-03 4.857530817389e-03 3.550777677447e-03 3.287620609626e-03 3.241452621296e-03 3.405227093026e-03 3.655373351648e-03 3.825675230473e-03 3.878565505147e-03 3.845527069643e-03 3.705427283421e-03 3.719833679497e-03 3.913436084986e-03 4.038255196065e-03
1.446110289544e-02 8.218038827181e-03 8.941157720983e-03 6.839293986559e-03 5.582017358392e-03 5.258842371404e-03 4.593266639858e-03 4.748296923935e-03 4.776468500495e-03 8.879836648703e-03 3.876989707351e-02 1.045768633485e-01 9.459468722343e-02 6.094902753830e-02 1.474927179515e-02 8.152227848768e-03 6.204287521541e-03 8.941093459725e-03 1.061102841049e-02 9.950894862413e-03 8.137044496834e-03 6.362994667143e-03 6.297837942839e-03 5.921953823417e-03 5.721969529986e-03 5.588855594397e-03 5.349252372980e-03 4.879493732005e-03 5.126805976033e-03 5.422783549875e-03 4.783071577549e-03 3.703071735799e-03 3.834030823782e-03 3.710504388437e-03 3.518450306728e-03 3.415893297642e-03 3.649468300864e-03 3.790019778535e-03 3.750330535695e-03 3.508780384436e-03 3.897835966200e-03 4.601231310517e-03 5.100388079882e-03
1.782769709826e-02 9.348643943667e-03 7.867285050452e-03 6.081989500672e-03 4.557162988931e-03 4.299514461309e-03 4.411271307617e-03 4.309104755521e-03 4.336159210652e-03 5.552677903324e-03 1.472320780158e-02 5.373205617070e-02 1.952668130398e-01 1.506673693657e-01 2.525778114796e-02 9.526688605547e-03 1.049993745983e-02 1.119878422469e-02 9.954942390323e-03 7.920678704977e-03 6.432967260480e-03 6.562916096300e-03 6.954240147024e-03 6.732451729476e-03 6.272878963500e-03 5.690453574061e-03 4.922857973725e-03 4.522433504462e-03 5.302019882947e-03 5.457974039018e-03 4.912102594972e-03 5.456039216369e-03 5.469375289977e-03 5.172623787075e-03 4.652712959796e-03 3.618234070018e-03 3.041869029403e-03 3.028275910765e-03 3.111457452178e-03 3.343616612256e-03 3.928341902792e-03 4.895394202322e-03 6.063358858228e-03
1.887694559991e-02 1.061289198697e-02 7.958936505020e-03 5.306625273079e-03 3.979035653174e-03 4.173484630883e-03 4.121494479477e-03 4.199016373605e-03 3.778613870963e-03 4.248606972396e-03 8.321822620928e-03 2.733600325882e-02 9.487448632717e-02 8.360245823860e-02 2.790595591068e-02 1.587450504303e-02 1.304422505200e-02 1.011817157269e-02 7.792539428920e-03 6.237978115678e-03 6.212805863470e-03 6.626431364566e-03 7.043073885143e-03 6.696039345115e-03 5.782436579466e-03 4.690618254244e-03 3.897659247741e-03 4.247855395079e-03 5.334394052625e-03 5.614053923637e-03 5.821899045259e-03 6.396661046892e-03 6.350824609399e-03 5.915340501815e-03 5.028524901718e-03 3.783074673265e-03 3.875355934724e-03 4.023161251098e-03 4.261625930667e-03 4.464287310839e-03 4.519866313785e-03 5.039158277214e-03 6.500720046461e-03
1.764616742730e-02 9.489411488175e-03 6.694639101624e-03 4.167075734586e-03 3.820960177109e-03 4.121605772525e-03 3.981319721788e-03 3.443930763751e-03 2.736571477726e-03 3.832773771137e-03 7.079454138875e-03 1.209732051939e-02 3.346117585897e-02 3.972271829844e-02 2.874887175858e-02 1.759777590632e-02 1.112508401275e-02 7.903661578894e-03 7.321876939386e-03 7.108116988093e-03 6.398419849575e-03 6.048457231373e-03 5.848840344697e-03 5.137406755239e-03 4.051956813782e-03 3.631040221080e-03 3.583396784961e-03 3.830563277006e-03 4.977584350854e-03 5.573063157499e-03 4.128218628466e-03 4.495794419199e-03 4.496437963098e-03 4.204460419714e-03 4.089076071978e-03 4.468630068004e-03 4.829060286283e-03 5.306340288371e-03 5.826411303133e-03 6.119341123849e-03 6.008096504956e-03 5.598408635706e-03 6.380939390510e-03
1.576459035277e-02 7.016741205007e-03 4.810787271708e-03 2.986136823893e-03 3.577590221539e-03 3.969651181251e-03 3.802769817412e-03 3.138160565868e-03 2.317779464647e-03 3.450157120824e-03 6.361735519022e-03 9.844584390521e-03 2.328086830676e-02 2.983853779733e-02 2.318104915321e-02 1.371967699379e-02 8.491023443639e-03 7.875700481236e-03 7.747514639050e-03 6.493188906461e-03 5.160753149539e-03 4.309519659728e-03 3.769976319745e-03 3.158553270623e-03 2.974436618388e-03 2.926630200818e-03 2.937126671895e-03 3.257791046053e-03 4.338451195508e-03 5.080903880298e-03 3.944338764995e-03 3.095112740993e-03 2.952302806079e-03 3.772086231038e-03 4.461759701371e-03 5.066997371614e-03 5.768262781203e-03 6.640715058893e-03 7.458883803338e-03 7.791453041136e-03 7.410809863359e-03 6.534232292324e-03 6.290936376899e-03
