100/SI/f194.grd
DSAA
101	101
32.816463539100	34.260883539100
35.556306596100	36.727886596100
8.450176392216e-05	1.383517837524e+01
[rows 38 to 56 of 101, columns 43 to 85 of 101]
8.467727899551e-01 1.315249085426e+00 1.405896544456e+00 8.334349393845e-01 1.397842526436e+00 6.866432428360e-01 7.047484517097e-01 9.464371204376e-01 8.114409446716e-01 6.504973769188e-01 9.592623114586e-01 4.978738129139e-01 5.470147728920e-01 4.627645015717e-01 7.191240787506e-01 5.231747627258e-01 5.672351121902e-01 3.217182755470e-01 4.391544759274e-01 6.667231321335e-01 6.796103715897e-01 5.209699273109e-01 3.593400120735e-01 2.844813764095e-01 2.447830587626e-01 2.211663872004e-01 2.051814645529e-01 2.099954336882e-01 1.866867840290e-01 1.401385813951e-01 1.392001509666e-01 1.648061424494e-01 1.883734464645e-01 1.937265545130e-01 1.964781582355e-01 1.969027072191e-01 1.939262300730e-01 1.791332215071e-01 1.591119915247e-01 1.418611854315e-01 1.278788149357e-01 1.283423602581e-01 1.085898205638e-01
8.433028459549e-01 1.744933724403e+00 1.126028776169e+00 1.571626901627e+00 1.131207704544e+00 1.599275112152e+00 1.344049692154e+00 8.312318921089e-01 8.438975811005e-01 6.776385307312e-01 1.088726520538e+00 7.037429213524e-01 4.569478631020e-01 5.247761011124e-01 9.549432396889e-01 5.695465803146e-01 6.514997482300e-01 1.018275737762e+00 9.130219221115e-01 6.188587546349e-01 4.179747700691e-01 2.841212153435e-01 2.590382397175e-01 2.341118156910e-01 2.356929033995e-01 2.252242714167e-01 1.973987966776e-01 1.721679419279e-01 1.553408652544e-01 1.552351415157e-01 1.704521328211e-01 1.601297557354e-01 1.314417421818e-01 1.111996620893e-01 1.074699163437e-01 9.271925687790e-02 9.925915300846e-02 1.090631932020e-01 1.200231090188e-01 1.328794956207e-01 1.439184546471e-01 1.889466643333e-01 1.948766708374e-01
1.241188049316e+00 8.685598969460e-01 1.535939335823e+00 1.216640472412e+00 1.293575286865e+00 1.685606479645e+00 1.026354074478e+00 9.322815537453e-01 6.666560769081e-01 6.921815872192e-01 1.164758920670e+00 6.301528215408e-01 6.468621492386e-01 6.350337266922e-01 7.744073867798e-01 1.251073122025e+00 8.537206053734e-01 4.425252079964e-01 4.133109450340e-01 2.742215991020e-01 2.081228345633e-01 3.003529012203e-01 3.943403363228e-01 3.551350533962e-01 2.557437717915e-01 2.229275852442e-01 2.179183363914e-01 2.009037733078e-01 1.735264211893e-01 1.613332629204e-01 1.517665982246e-01 1.537667065859e-01 1.471223831177e-01 1.367977857590e-01 1.334005594254e-01 1.402228772640e-01 1.383548974991e-01 1.256141215563e-01 1.668467968702e-01 2.274429649115e-01 1.868817657232e-01 1.398730278015e-01 1.210100874305e-01
1.375692486763e+00 1.262288689613e+00 2.002399206161e+00 1.672896146774e+00 1.580378890038e+00 1.742889881134e+00 1.641696810722e+00 9.052802920341e-01 1.020745277405e+00 9.694072008133e-01 1.146297931671e+00 8.953518271446e-01 8.323037028313e-01 1.417358160019e+00 9.138152599335e-01 6.772104501724e-01 5.751079320908e-01 4.657625257969e-01 3.428268432617e-01 5.546314716339e-01 5.974307656288e-01 3.137954175472e-01 4.943235218525e-01 3.756665885448e-01 3.381075263023e-01 2.981646060944e-01 2.633209526539e-01 2.354644536972e-01 2.120919972658e-01 2.042010873556e-01 3.821947872639e-01 1.624102443457e-01 1.543596982956e-01 1.461288183928e-01 1.849205642939e-01 2.308722585440e-01 2.113327533007e-01 2.417614161968e-01 2.057711333036e-01 2.256402671337e-01 2.276712656021e-01 2.226785868406e-01 2.044660896063e-01
1.311373591423e+00 1.817639827728e+00 1.569082379341e+00 1.559509396553e+00 1.447309136391e+00 1.828421354294e+00 2.890283823013e+00 1.246777176857e+00 1.454977035522e+00 1.452274918556e+00 1.323229312897e+00 1.327032923698e+00 1.511538147926e+00 8.627808690071e-01 9.351620078087e-01 5.273349881172e-01 7.130869030952e-01 9.536101222038e-01 7.501844763756e-01 7.174347043037e-01 7.462217807770e-01 5.032424926758e-01 3.117179274559e-01 3.025051653385e-01 2.805033028126e-01 2.625197172165e-01 3.205153644085e-01 5.541868209839e-01 6.651602387428e-01 5.899549126625e-01 2.911598980427e-01 2.105296254158e-01 1.998429894447e-01 2.164913713932e-01 2.721717953682e-01 2.790510058403e-01 2.526768445969e-01 2.261479645967e-01 1.684783846140e-01 2.096196115017e-01 2.504607141018e-01 2.500170171261e-01 2.404837906361e-01
1.555535554886e+00 2.257919788361e+00 3.733361959457e+00 2.285841941833e+00 3.684265613556e+00 1.892851471901e+00 4.525917053223e+00 1.299301266670e+00 2.517377614975e+00 1.813453555107e+00 1.586551070213e+00 1.549400210381e+00 8.784236907959e-01 1.072216987610e+00 1.211347699165e+00 1.183654665947e+00 7.326279878616e-01 4.355064034462e-01 9.351981878281e-01 8.087993860245e-01 4.430864155293e-01 4.046512842178e-01 3.826810419559e-01 6.967810988426e-01 8.567880988121e-01 7.570993304253e-01 4.980570673943e-01 3.586054146290e-01 3.897791504860e-01 2.464584559202e-01 1.975093781948e-01 2.962726950645e-01 3.683041632175e-01 3.304503560066e-01 2.915456593037e-01 3.937250077724e-01 4.663637578487e-01 4.170179069042e-01 2.990116775036e-01 2.183081954718e-01 2.728106081486e-01 2.996358275414e-01 3.160592317581e-01
1.917976379395e+00 2.417681932449e+00 2.847115755081e+00 3.785558700562e+00 3.162286281586e+00 3.205549955368e+00 5.305869102478e+00 2.105618715286e+00 2.447873115540e+00 1.926758289337e+00 1.945584535599e+00 1.124138593674e+00 1.214727282524e+00 1.517192840576e+00 1.184225678444e+00 8.462015390396e-01 1.222137808800e+00 1.134720802307e+00 8.981286287308e-01 1.136461138725e+00 1.150501132011e+00 9.976682662964e-01 7.138153314590e-01 3.901325166225e-01 4.285072982311e-01 3.866336941719e-01 3.069557547569e-01 3.168035745621e-01 3.417148590088e-01 3.672180771828e-01 3.575457334518e-01 3.050516843796e-01 2.930740714073e-01 2.460194677114e-01 4.488755166531e-01 5.484570264816e-01 5.141948461533e-01 3.787492215633e-01 2.294595688581e-01 1.401914209127e-01 1.956094354391e-01 2.245307415724e-01 2.066504061222e-01
1.818607926369e+00 2.669472932816e+00 3.167428255081e+00 3.020954132080e+00 4.496927738190e+00 3.357713937759e+00 5.401548862457e+00 2.977858066559e+00 2.548416852951e+00 2.826850652695e+00 2.164343595505e+00 1.423981189728e+00 1.414127230644e+00 1.509872436523e+00 8.727102875710e-01 1.292997837067e+00 1.668214678764e+00 1.149424314499e+00 6.834219098091e-01 6.766122579575e-01 5.970042943954e-01 4.624724686146e-01 4.457150697708e-01 4.932983517647e-01 4.934414625168e-01 4.358183145523e-01 3.768871426582e-01 3.674329817295e-01 3.063121736050e-01 3.376082181931e-01 3.230541348457e-01 2.946999967098e-01 2.044331431389e-01 3.746345937252e-01 4.468825757504e-01 4.236738085747e-01 2.959268391132e-01 1.592304706573e-01 2.191309928894e-01 2.061054557562e-01 1.541760265827e-01 1.471699178219e-01 1.590833216906e-01
2.694293975830e+00 3.769652128220e+00 3.847102880478e+00 4.193351268768e+00 4.557933807373e+00 5.735613346100e+00 5.406919956207e+00 1.053150749207e+01 3.877797603607e+00 2.456077575684e+00 2.283242225647e+00 2.033612489700e+00 1.727679014206e+00 2.634304046631e+00 2.304076671600e+00 1.344664454460e+00 1.244163990021e+00 1.291765213013e+00 9.458148479462e-01 8.362247347832e-01 8.284813761711e-01 7.880555391312e-01 8.441991806030e-01 6.294127702713e-01 8.099087476730e-01 7.165721654892e-01 4.502002596855e-01 4.098894000053e-01 4.152984321117e-01 3.877403438091e-01 3.310745060444e-01 3.199579417706e-01 3.336946368217e-01 3.840441703796e-01 3.570629358292e-01 2.740179002285e-01 2.090146243572e-01 1.893527805805e-01 1.845700889826e-01 1.825780123472e-01 1.785036474466e-01 1.719730347395e-01 1.656180769205e-01
1.705704092979e+00 4.989817142487e+00 3.444254159927e+00 4.294510364532e+00 6.795277595520e+00 5.423205852509e+00 6.437351226807e+00 7.690036296844e+00 3.785726547241e+00 3.579717397690e+00 4.545478820801e+00 2.896512985229e+00 3.594295263290e+00 2.788970708847e+00 2.334966182709e+00 2.036968231201e+00 1.731787919998e+00 1.498766899109e+00 1.322871446609e+00 1.858006834984e+00 2.172487497330e+00 9.060620069504e-01 5.894425511360e-01 5.976563692093e-01 8.397178053856e-01 5.288226008415e-01 4.571106731892e-01 4.343443512917e-01 4.011415541172e-01 3.816986083984e-01 3.665652871132e-01 3.791820406914e-01 4.012733101845e-01 3.430851697922e-01 2.626034915447e-01 2.450539767742e-01 2.321103811264e-01 1.905881613493e-01 1.885600537062e-01 1.887466162443e-01 1.741705089808e-01 1.784591972828e-01 1.874504983425e-01
4.603732585907e+00 5.387444496155e+00 6.157139778137e+00 6.492527484894e+00 7.526282787323e+00 1.041052818298e+01 1.383517837524e+01 6.405321598053e+00 5.164327621460e+00 3.601552963257e+00 5.123489856720e+00 5.098441123962e+00 1.929426193237e+00 3.079728841782e+00 3.378370046616e+00 1.675125122070e+00 1.550278544426e+00 1.643063426018e+00 1.812527894974e+00 2.135395526886e+00 1.647019505501e+00 7.005725502968e-01 7.937450408936e-01 6.519193649292e-01 6.081893444061e-01 5.213441848755e-01 5.069091320038e-01 5.030499696732e-01 4.180229902267e-01 2.902425825596e-01 2.597306370735e-01 2.846217155457e-01 3.021370768547e-01 3.104156255722e-01 3.044610321522e-01 2.915479242802e-01 2.599087357521e-01 2.665252685547e-01 2.971360385418e-01 3.043158948421e-01 2.725034356117e-01 2.365144491196e-01 2.064101099968e-01
3.070270538330e+00 5.473349571228e+00 5.646670818329e+00 7.157037258148e+00 7.100285053253e+00 7.025124549866e+00 6.884397506714e+00 5.713979721069e+00 4.000486850739e+00 4.547606945038e+00 4.370860099792e+00 4.596722602844e+00 5.563558101654e+00 2.441767930984e+00 2.065881967545e+00 1.283432841301e+00 1.168957710266e+00 8.267281651497e-01 7.611322402954e-01 6.490935683250e-01 5.575265884399e-01 6.316157579422e-01 7.785661816597e-01 8.959235548973e-01 9.170483350754e-01 8.049135804176e-01 6.434336900711e-01 4.456406533718e-01 3.096554279327e-01 2.553160190582e-01 2.074204385281e-01 2.340705394745e-01 3.044210970402e-01 2.039776593447e-01 2.306133657694e-01 2.519954144955e-01 2.013881504536e-01 2.462252676487e-01 2.910372018814e-01 3.083961308002e-01 3.500228524208e-01 4.397473633289e-01 4.992884993553e-01
1.208329200745e+00 1.650910615921e+00 2.598902940750e+00 1.230544567108e+01 6.773461818695e+00 6.460402965546e+00 3.604393720627e+00 3.704494953156e+00 3.427990198135e+00 5.457676410675e+00 5.080770492554e+00 7.195245742798e+00 1.043528556824e+01 7.666195869446e+00 4.996667861938e+00 2.301198244095e+00 1.082824587822e+00 7.718824744225e-01 7.015217542648e-01 9.428678750992e-01 1.227116823196e+00 1.136362910271e+00 8.387582302094e-01 5.390904545784e-01 5.929243564606e-01 5.610069036484e-01 8.020181655884e-01 1.195479273796e+00 5.544638633728e-01 2.917400300503e-01 2.700017690659e-01 4.434972703457e-01 2.906340360641e-01 1.818368285894e-01 1.595715880394e-01 1.656356155872e-01 1.664272248745e-01 1.713107228279e-01 1.744076907635e-01 1.743119657040e-01 1.746080219746e-01 1.932405084372e-01 1.686493605375e-01
2.191729098558e-01 5.459761619568e-01 1.315183162689e+00 1.753716468811e+00 1.788203954697e+00 1.748557925224e+00 1.363063931465e+00 1.859600067139e+00 1.856824517250e+00 2.961321353912e+00 6.000715255737e+00 6.779702186584e+00 9.321662902832e+00 5.416314125061e+00 3.867476940155e+00 2.188983201981e+00 9.993418455124e-01 5.239416360855e-01 5.539808273315e-01 1.220490098000e+00 3.887024641037e+00 1.623059511185e+00 1.387975931168e+00 1.035727620125e+00 1.055745244026e+00 9.066857099533e-01 9.764589071274e-01 6.842592358589e-01 3.388698995113e-01 4.468966126442e-01 3.767616748810e-01 3.806331455708e-01 2.313341796398e-01 2.098119854927e-01 1.463590562344e-01 1.339072734118e-01 1.389447152615e-01 1.387996822596e-01 1.499112844467e-01 1.386266946793e-01 1.804499477148e-01 2.119725644588e-01 2.050217092037e-01
1.529448777437e-01 2.845622599125e-01 8.275983333588e-01 4.815244078636e-01 4.260502755642e-01 3.474500775337e-01 5.276537537575e-01 8.705433011055e-01 9.095666408539e-01 9.665690660477e-01 2.737505435944e+00 1.347647380829e+01 1.069605541229e+01 4.827766895294e+00 2.216568708420e+00 6.388317942619e-01 3.832106292248e-01 2.520531713963e-01 3.131590485573e-01 8.014966845512e-01 1.837913274765e+00 3.202717781067e+00 1.604296684265e+00 1.220946073532e+00 9.634775519371e-01 7.232725024223e-01 7.664989233017e-01 7.162387967110e-01 6.286265850067e-01 5.667257308960e-01 6.907557845116e-01 2.956596314907e-01 2.741604447365e-01 2.214573919773e-01 2.263340055943e-01 2.109622955322e-01 1.767116934061e-01 1.509466767311e-01 1.726325899363e-01 1.992791146040e-01 2.334565371275e-01 2.298488616943e-01 1.960325986147e-01
1.028238609433e-01 4.230447411537e-01 9.935216903687e-01 7.343212962151e-01 1.811307519674e-01 2.123510092497e-01 2.030476629734e-01 4.112740457058e-01 4.490137696266e-01 7.350999116898e-01 1.410829663277e+00 3.686657667160e+00 7.896102428436e+00 5.409795761108e+00 7.321180820465e+00 1.766186237335e+00 2.171772271395e-01 1.368505805731e-01 2.157714217901e-01 7.144793272018e-01 2.187315464020e+00 3.422914743423e+00 2.611571073532e+00 1.778099775314e+00 1.235895752907e+00 7.780625820160e-01 8.828771710396e-01 6.538988351822e-01 6.319617629051e-01 6.289407610893e-01 5.225797295570e-01 4.167392551899e-01 2.934802770615e-01 3.127892315388e-01 2.808085083961e-01 2.236505448818e-01 1.987300068140e-01 1.843395233154e-01 1.709322184324e-01 1.996146142483e-01 2.190199345350e-01 2.130200564861e-01 1.887607574463e-01
8.768912404776e-02 2.159131914377e-01 1.468494057655e+00 1.764230489731e+00 9.208973050117e-01 1.431983560324e-01 1.089408397675e-01 2.049260139465e-01 2.048708945513e-01 1.661875545979e-01 1.408743411303e-01 5.930244326591e-01 2.672779560089e+00 1.545892953873e+00 8.926575660706e+00 1.078131914139e+00 6.082452535629e-01 2.297703474760e-01 1.915328502655e-01 6.203758120537e-01 1.217373609543e+00 1.077845573425e+01 3.334502696991e+00 1.453279972076e+00 1.472097277641e+00 7.771471738815e-01 8.339415788651e-01 7.081423997879e-01 1.017724633217e+00 7.815574407578e-01 4.482817351818e-01 4.450352787971e-01 4.151477813721e-01 3.953801989555e-01 3.882454335690e-01 3.095391392708e-01 3.054684400558e-01 3.380135893822e-01 2.183887660503e-01 1.674478054047e-01 1.651900857687e-01 1.632215082645e-01 1.889443397522e-01
5.616974085569e-02 9.687574207783e-02 1.211911663413e-01 6.856567263603e-01 4.220225811005e-01 1.020375043154e-01 8.691613376141e-02 1.020077466965e-01 9.566194564104e-02 9.189911931753e-02 6.657469272614e-02 7.443038374186e-02 2.280929982662e-01 1.419346690178e+00 4.045793533325e+00 9.899076223373e-01 8.261377215385e-01 3.888072669506e-01 2.267012894154e-01 4.449231326580e-01 5.179623961449e-01 7.098066806793e-01 6.474165916443e-01 4.899005293846e-01 7.222275733948e-01 1.201890349388e+00 1.052695512772e+00 1.050477981567e+00 6.765846014023e-01 8.852087259293e-01 9.236237406731e-01 8.050886988640e-01 4.918933510780e-01 4.076332151890e-01 3.906896114349e-01 3.410785198212e-01 2.914920151234e-01 2.960529029369e-01 2.870678007603e-01 1.900088489056e-01 1.564355939627e-01 1.612126529217e-01 1.741778552532e-01
6.173565238714e-02 9.859362244606e-02 6.486281007528e-02 7.296741753817e-02 7.413774728775e-02 8.724938333035e-02 8.046483993530e-02 7.556216418743e-02 6.983070075512e-02 5.301530286670e-02 3.712889924645e-02 3.148898854852e-02 5.251125618815e-02 1.472930073738e+00 2.289384365082e+00 2.367315530777e+00 6.743978857994e-01 7.197997570038e-01 6.317325830460e-01 2.610805630684e-01 2.825480401516e-01 5.305939316750e-01 1.448988556862e+00 1.368950486183e+00 1.785071134567e+00 1.796729564667e+00 1.684499979019e+00 1.591802716255e+00 1.509037971497e+00 1.439902424812e+00 1.533008575439e+00 1.878272175789e+00 1.605610370636e+00 6.572584509850e-01 2.679085135460e-01 3.147973716259e-01 3.446593284607e-01 2.380615621805e-01 2.355928719044e-01 1.665863543749e-01 1.640593409538e-01 1.213265284896e-01 1.365479677916e-01
