100/SI/f194.grd
DSAA
101	101
32.816463539100	34.260883539100
35.556306596100	36.727886596100
8.450176392216e-05	1.383517837524e+01
[rows 76 to 94 of 101, columns 43 to 85 of 101]
2.133748494089e-02 1.816554926336e-02 3.320474177599e-02 8.370827883482e-02 8.945985883474e-02 1.781394928694e-01 2.840854227543e-01 3.192768096924e-01 1.977009326220e-01 5.533562228084e-02 2.010571062565e-01 4.506372809410e-01 3.366713523865e-01 8.789226412773e-02 3.948828950524e-02 5.595460161567e-02 5.907215550542e-02 3.022668510675e-02 2.829103544354e-02 3.523802384734e-02 1.298500299454e-01 2.971954643726e-01 6.998476386070e-02 4.726637527347e-02 3.439887985587e-02 2.305751293898e-02 1.170900091529e-02 1.006696373224e-02 9.808442555368e-03 9.250622242689e-03 8.774726651609e-03 9.144227020442e-03 9.626633487642e-03 1.021147798747e-02 1.031286176294e-02 9.596584364772e-03 8.801483549178e-03 8.227095939219e-03 7.825304754078e-03 7.586878724396e-03 8.465128950775e-03 1.297213137150e-02 1.769578084350e-02
3.475095704198e-02 4.685100913048e-02 5.993992090225e-02 6.253913789988e-02 8.583135157824e-02 1.184857264161e-01 1.527895480394e-01 1.443047523499e-01 2.314251959324e-01 3.377465307713e-01 3.347014486790e-01 1.605083197355e-01 1.141466498375e-01 1.014933586121e-01 6.544050574303e-02 6.923408806324e-02 1.916716434062e-02 1.184557098895e-02 1.455237343907e-02 1.629316248000e-02 1.234485395253e-02 1.478082966059e-02 2.341908030212e-02 2.350920811296e-02 2.133046276867e-02 1.308180950582e-02 6.389244925231e-03 5.736278835684e-03 6.699992343783e-03 7.718515116721e-03 8.232095278800e-03 8.410719223320e-03 8.364369161427e-03 7.997048087418e-03 6.954393349588e-03 5.580741446465e-03 4.468544386327e-03 4.425985272974e-03 4.690455738455e-03 5.449886899441e-03 6.841069087386e-03 1.167216897011e-02 1.561837922782e-02
7.352885603905e-02 1.110244095325e-01 7.366494089365e-02 3.463105857372e-02 4.026703163981e-02 1.470910608768e-01 4.125144779682e-01 5.490491986275e-01 4.109724164009e-01 2.026613950729e-01 1.094697266817e-01 7.042956352234e-02 5.093288794160e-02 8.198875188828e-02 6.788416206837e-02 2.537899091840e-02 8.444133214653e-03 7.693675812334e-03 8.018685504794e-03 1.087087858468e-02 8.109941147268e-03 7.388941943645e-03 8.550939150155e-03 9.632105939090e-03 8.727426640689e-03 7.961207069457e-03 6.450934801251e-03 6.712269503623e-03 5.647919140756e-03 6.463736761361e-03 6.765205413103e-03 6.303480826318e-03 6.025147158653e-03 5.821174010634e-03 4.096840973943e-03 3.954856190830e-03 4.200743045658e-03 4.185149446130e-03 4.098382312804e-03 4.337710328400e-03 5.305158440024e-03 1.012928877026e-02 1.485848240554e-02
1.047393679619e-01 1.219930872321e-01 4.117023199797e-02 4.270765557885e-02 1.511211991310e-01 2.704934477806e-01 2.789433002472e-01 2.391470372677e-01 1.999588906765e-01 9.482575207949e-02 8.379548788071e-02 1.014691367745e-01 6.242008134723e-02 3.932187706232e-02 1.736694760621e-02 9.358296170831e-03 5.926233250648e-03 5.647527519614e-03 5.425346549600e-03 6.814990192652e-03 6.053596269339e-03 6.057321093976e-03 5.635414738208e-03 5.566404201090e-03 5.392507649958e-03 5.504579748958e-03 5.319788120687e-03 5.409254226834e-03 5.819869227707e-03 5.574861541390e-03 5.648124963045e-03 4.653692245483e-03 5.149953532964e-03 5.402945913374e-03 4.299625288695e-03 3.280294593424e-03 3.925826866180e-03 4.177672322839e-03 4.195565823466e-03 4.122573416680e-03 4.234583117068e-03 5.443435627967e-03 9.158253669739e-03
4.576765745878e-02 7.519625872374e-02 1.085945144296e-01 1.414100676775e-01 1.556348353624e-01 1.276623904705e-01 1.436699181795e-01 1.773043125868e-01 2.529040575027e-01 9.844128787518e-02 1.021928563714e-01 6.214421242476e-02 2.502675354481e-02 1.057052053511e-02 7.312722504139e-03 5.955207161605e-03 5.339372437447e-03 4.813528619707e-03 4.411137197167e-03 4.167493432760e-03 4.631720948964e-03 3.578917123377e-03 3.627021564171e-03 3.613887121901e-03 3.811131929979e-03 4.002548754215e-03 4.038727842271e-03 3.698998363689e-03 3.180982312188e-03 3.817197401077e-03 3.709580050781e-03 3.601844888180e-03 4.041760694236e-03 4.505241289735e-03 4.143854137510e-03 3.247702959925e-03 3.647130215541e-03 4.095674026757e-03 4.205968230963e-03 4.262972623110e-03 4.943267907947e-03 5.933405831456e-03 7.480891887099e-03
5.039646476507e-02 1.533140689135e-01 2.841342091560e-01 1.665490567684e-01 1.071090027690e-01 1.866058111191e-01 2.483472377062e-01 3.339467644691e-01 1.636192649603e-01 8.417414128780e-02 3.969447687268e-02 2.298385649920e-02 9.696306660771e-03 6.218923255801e-03 4.385919775814e-03 3.699488239363e-03 3.397171851248e-03 3.157739061862e-03 3.242410952225e-03 3.454947145656e-03 3.557705087587e-03 3.297884948552e-03 3.201274899766e-03 3.437138861045e-03 4.106408916414e-03 4.782897420228e-03 5.230565089732e-03 5.083198659122e-03 4.014870617539e-03 3.106881165877e-03 3.091931343079e-03 2.853354439139e-03 2.892611082643e-03 3.616353496909e-03 3.745207330212e-03 3.491838695481e-03 3.316534217447e-03 3.885573707521e-03 4.102117381990e-03 4.143336322159e-03 4.741155542433e-03 6.568106822670e-03 8.888662792742e-03
9.475760906935e-02 2.974350452423e-01 2.279754281044e-01 1.852847188711e-01 2.029289007187e-01 1.941081136465e-01 1.359593272209e-01 1.318541914225e-01 1.033358573914e-01 5.289383977652e-02 1.918608509004e-02 1.189258787781e-02 6.453328765929e-03 4.150646273047e-03 3.311906475574e-03 2.724596532062e-03 2.721825847402e-03 2.906778128818e-03 2.839396707714e-03 2.740941941738e-03 2.978343050927e-03 3.062529489398e-03 2.965989988297e-03 2.973350463435e-03 3.742970759049e-03 4.594792611897e-03 5.217365920544e-03 5.204218905419e-03 4.225928336382e-03 2.875112928450e-03 3.004514845088e-03 3.110858844593e-03 2.543272683397e-03 2.660724101588e-03 3.174056531861e-03 3.545049577951e-03 3.582277800888e-03 3.555907169357e-03 3.887179540470e-03 4.057631827891e-03 4.022203851491e-03 4.562848247588e-03 5.768058821559e-03
1.277003586292e-01 2.166387885809e-01 1.290203928947e-01 7.872124016285e-02 5.251224339008e-02 6.444399803877e-02 5.625832080841e-02 6.719414144754e-02 5.701901391149e-02 1.985179632902e-02 1.385100372136e-02 8.249481208622e-03 6.845627911389e-03 5.078805144876e-03 3.166876267642e-03 2.574836369604e-03 2.798634348437e-03 2.822618931532e-03 2.569867996499e-03 2.456128830090e-03 2.850071527064e-03 3.121127141640e-03 3.266053507105e-03 3.151811193675e-03 2.920144237578e-03 3.489731112495e-03 3.894861554727e-03 3.860265016556e-03 3.190767252818e-03 2.584670903161e-03 2.669815672562e-03 2.930221613497e-03 2.795734675601e-03 2.370294416323e-03 2.427913714200e-03 2.896762685850e-03 3.220489481464e-03 3.154077567160e-03 3.588746767491e-03 3.897260408849e-03 3.969643265009e-03 4.179312847555e-03 4.689523950219e-03
1.819859743118e-01 1.502344012260e-01 4.861642792821e-02 3.684052079916e-02 3.906516730785e-02 2.348876185715e-02 3.308990225196e-02 5.399388447404e-02 3.597082570195e-02 1.749616302550e-02 1.309915166348e-02 7.340718526393e-03 7.149843964726e-03 6.775234825909e-03 4.237490240484e-03 3.349064383656e-03 2.841828623787e-03 2.715092152357e-03 2.340871607885e-03 2.367345849052e-03 2.865008078516e-03 3.435881808400e-03 3.777498612180e-03 3.528633853421e-03 3.013768233359e-03 2.585032256320e-03 2.810814883560e-03 3.002600744367e-03 2.985286060721e-03 3.191453171894e-03 2.868048148230e-03 2.650991082191e-03 2.685309620574e-03 2.435444388539e-03 2.351711736992e-03 2.829665085301e-03 3.093527397141e-03 3.013023873791e-03 3.231784095988e-03 3.635596483946e-03 3.811917500570e-03 4.265262745321e-03 5.386573262513e-03
2.878850102425e-01 1.264088153839e-01 2.478367835283e-02 1.771295070648e-02 1.358106546104e-02 1.667803712189e-02 1.788876205683e-02 4.047585651278e-02 4.098672792315e-02 2.498008497059e-02 1.245234999806e-02 7.112525403500e-03 6.152466870844e-03 6.426539272070e-03 5.271034315228e-03 3.240994876251e-03 2.819016342983e-03 2.611260628328e-03 2.169610466808e-03 2.340005710721e-03 2.931803697720e-03 3.827943699434e-03 4.174761008471e-03 3.707510186359e-03 3.113609971479e-03 2.742032054812e-03 2.905499655753e-03 3.236373420805e-03 3.381137270480e-03 3.339468268678e-03 3.093357197940e-03 2.567779272795e-03 2.946037100628e-03 2.442020690069e-03 2.290035365149e-03 2.491042483598e-03 3.131100907922e-03 3.447137307376e-03 3.672241000459e-03 4.173726774752e-03 4.792935214937e-03 4.975805524737e-03 4.836641717702e-03
2.474053800106e-01 7.631684839725e-02 1.887158118188e-02 1.063336990774e-02 9.741214103997e-03 1.130416244268e-02 2.092355489731e-02 2.676907740533e-02 3.218493983150e-02 2.246481738985e-02 1.476372033358e-02 8.258503861725e-03 5.409032572061e-03 4.645754583180e-03 4.446622449905e-03 3.754996228963e-03 3.266094019637e-03 3.588389838114e-03 2.994352485985e-03 2.582937013358e-03 3.220948390663e-03 4.301365930587e-03 4.477699287236e-03 3.760972758755e-03 3.193172393367e-03 2.909397240728e-03 3.036628477275e-03 3.410048549995e-03 3.685076488182e-03 3.441389184445e-03 3.052587388083e-03 2.525124000385e-03 3.005089936778e-03 2.322356216609e-03 2.247043186799e-03 2.160297241062e-03 2.352379495278e-03 3.098925808445e-03 3.947617486119e-03 5.082590971142e-03 6.205241661519e-03 6.647781934589e-03 6.722962949425e-03
1.302480846643e-01 2.392033487558e-02 1.125654578209e-02 9.791313670576e-03 8.188493549824e-03 8.361315354705e-03 1.349687296897e-02 7.477026432753e-03 1.954623311758e-02 2.954125218093e-02 2.098898030818e-02 1.596697233617e-02 7.985513657331e-03 4.909005016088e-03 4.193986300379e-03 4.237059038132e-03 4.493022337556e-03 4.039514809847e-03 3.552341135219e-03 3.151445882395e-03 3.852281952277e-03 4.731559194624e-03 4.555790219456e-03 3.836191957816e-03 3.423598129302e-03 3.221099963412e-03 3.208132693544e-03 3.580581862479e-03 3.895393339917e-03 3.736737649888e-03 3.126545809209e-03 2.478502923623e-03 2.835846506059e-03 2.569526433945e-03 2.229532692581e-03 2.216294873506e-03 2.135240472853e-03 2.232478465885e-03 2.854383550584e-03 4.363528918475e-03 5.958974361420e-03 6.947968155146e-03 7.515232078731e-03
3.525691851974e-02 1.364810112864e-02 8.834469132125e-03 8.449536748230e-03 6.596664898098e-03 5.992445629090e-03 6.066743750125e-03 5.683701485395e-03 7.110565900803e-03 2.436891943216e-02 2.701291069388e-02 3.957728669047e-02 2.532559446990e-02 9.098349139094e-03 5.644912365824e-03 4.705400206149e-03 5.082315765321e-03 6.015605758876e-03 5.600776989013e-03 4.478666931391e-03 4.390286747366e-03 4.917898215353e-03 4.421134013683e-03 3.815687494352e-03 3.590805688873e-03 3.555448492989e-03 3.623225027695e-03 3.659833455458e-03 3.986836876720e-03 4.011399578303e-03 3.463445696980e-03 2.672519534826e-03 2.659790916368e-03 2.661511301994e-03 2.487354213372e-03 2.547852927819e-03 2.522715367377e-03 2.478464972228e-03 2.445827238262e-03 2.514173975214e-03 3.391602542251e-03 4.516924265772e-03 5.325201898813e-03
1.257374603301e-02 7.863530889153e-03 7.916771806777e-03 6.902861408889e-03 5.626965779811e-03 5.105884745717e-03 4.421887453645e-03 4.412751644850e-03 5.219779442996e-03 1.009917072952e-02 4.035303369164e-02 9.907478094101e-02 6.798288226128e-02 2.167367003858e-02 9.525189176202e-03 5.912651307881e-03 5.284346640110e-03 6.341360975057e-03 6.137677468359e-03 6.484912708402e-03 6.240568589419e-03 5.144037306309e-03 4.599234554917e-03 4.125590901822e-03 3.998847212642e-03 4.027878865600e-03 4.020195454359e-03 3.915639594197e-03 3.997683059424e-03 4.224717151374e-03 3.824428888038e-03 2.795869950205e-03 2.592171076685e-03 2.555948682129e-03 2.684176433831e-03 2.881335327402e-03 3.015564754605e-03 3.057236084715e-03 3.031158819795e-03 2.920698607340e-03 2.932177623734e-03 3.084786701947e-03 3.183189081028e-03
1.139506138861e-02 6.477448623627e-03 7.047431543469e-03 5.390555132180e-03 4.400239791721e-03 4.142364952713e-03 3.614317858592e-03 3.741486929357e-03 3.764762310311e-03 7.000655401498e-03 3.056748583913e-02 8.245152980089e-02 7.456814497709e-02 4.804510623217e-02 1.162876002491e-02 6.426081061363e-03 4.890636075288e-03 7.048223167658e-03 8.364701643586e-03 7.844291627407e-03 6.414390169084e-03 5.016032140702e-03 4.964771214873e-03 4.668565932661e-03 4.510992672294e-03 4.406110849231e-03 4.217255860567e-03 3.846915904433e-03 4.033804405481e-03 4.268979188055e-03 3.766461042687e-03 2.919534686953e-03 3.022921504453e-03 2.925686072558e-03 2.774383407086e-03 2.692650537938e-03 2.876745304093e-03 2.987497253343e-03 2.956165233627e-03 2.765737008303e-03 3.072557039559e-03 3.626956837252e-03 4.020413849503e-03
1.404815725982e-02 7.367663085461e-03 6.200620438904e-03 4.793531727046e-03 3.589499508962e-03 3.386697964743e-03 3.472138661891e-03 3.395629581064e-03 3.416957100853e-03 4.377582576126e-03 1.160816289485e-02 4.235790669918e-02 1.539246439934e-01 1.187671050429e-01 1.991052925587e-02 7.509563118219e-03 8.276895619929e-03 8.827928453684e-03 7.847516797483e-03 6.243923678994e-03 5.071144085377e-03 5.173665005714e-03 5.482248496264e-03 5.307521205395e-03 4.945314023644e-03 4.486226942390e-03 3.881127573550e-03 3.557478310540e-03 4.173216409981e-03 4.297774750739e-03 3.872605739161e-03 4.301543813199e-03 4.312205594033e-03 4.078426863998e-03 3.668692894280e-03 2.853196812794e-03 2.398270880803e-03 2.387199783698e-03 2.452795859426e-03 2.635797718540e-03 3.096641041338e-03 3.858830314130e-03 4.779410082847e-03
1.487502641976e-02 8.364932611585e-03 6.273220293224e-03 4.182459786534e-03 3.135645529255e-03 3.288925858214e-03 3.247814485803e-03 3.309034043923e-03 2.977669239044e-03 3.349406877533e-03 6.560820154846e-03 2.154985442758e-02 7.478884607553e-02 6.590257585049e-02 2.199799567461e-02 1.251354161650e-02 1.028254255652e-02 7.976105436683e-03 6.142929662019e-03 4.917528014630e-03 4.897701554000e-03 5.223774816841e-03 5.552258342505e-03 5.278775468469e-03 4.558646585792e-03 3.697971813381e-03 3.065521828830e-03 3.342376789078e-03 4.200059454888e-03 4.421872552484e-03 4.589939955622e-03 5.043131764978e-03 5.007160827518e-03 4.664048552513e-03 3.965110983700e-03 2.982696983963e-03 3.055389039218e-03 3.171854186803e-03 3.359802067280e-03 3.519544843584e-03 3.563344711438e-03 3.972161561251e-03 5.124120973051e-03
1.390525419265e-02 7.479667197913e-03 5.276740062982e-03 3.284208942205e-03 3.011080669239e-03 3.248056629673e-03 3.137357765809e-03 2.713576657698e-03 2.155788708478e-03 3.021488431841e-03 5.581200122833e-03 9.536880068481e-03 2.637802995741e-02 3.131322562695e-02 2.266221307218e-02 1.387198548764e-02 8.769790641963e-03 6.230493541807e-03 5.772073753178e-03 5.603536963463e-03 5.044052843004e-03 4.768151789904e-03 4.610799252987e-03 4.050032235682e-03 3.194419201463e-03 2.855864120647e-03 2.818968845531e-03 3.014689078555e-03 3.919943235815e-03 4.390404559672e-03 3.252195427194e-03 3.544726641849e-03 3.545386251062e-03 3.315371228382e-03 3.223999636248e-03 3.523183288053e-03 3.807268571109e-03 4.183473531157e-03 4.593419842422e-03 4.824314732105e-03 4.736601840705e-03 4.413604736328e-03 5.029760766774e-03
1.242265943438e-02 5.530614871532e-03 3.791720373556e-03 2.353277755901e-03 2.819273853675e-03 3.128302283585e-03 2.996669616550e-03 2.472670515999e-03 1.825858023949e-03 2.719833282754e-03 5.015333648771e-03 7.761146873236e-03 1.835280284286e-02 2.352167665958e-02 1.827331632376e-02 1.081508863717e-02 6.693476811051e-03 6.208749953657e-03 6.107642780989e-03 5.118781235069e-03 4.068374168128e-03 3.397335065529e-03 2.972031012177e-03 2.490079030395e-03 2.338584046811e-03 2.301580738276e-03 2.310677664354e-03 2.564363414422e-03 3.417153842747e-03 4.003169480711e-03 3.107669763267e-03 2.438461408019e-03 2.327792113647e-03 2.974122297019e-03 3.517831908539e-03 3.994922619313e-03 4.547685850412e-03 5.235406104475e-03 5.880349781364e-03 6.142494734377e-03 5.842400249094e-03 5.151345394552e-03 4.958898294717e-03
