100/SI/f194.grd
DSAA
101	101
32.816463539100	34.260883539100
35.556306596100	36.727886596100
8.450176392216e-05	1.383517837524e+01
[rows 0 to 18 of 101, columns 43 to 85 of 101]
2.015046961606e-02 3.438631072640e-02 3.961397707462e-02 3.139224275947e-02 2.187739871442e-02 2.203778922558e-02 1.895904727280e-02 1.732737943530e-02 1.139831729233e-02 1.652204617858e-02 2.191687561572e-02 2.596342004836e-02 3.097183629870e-02 4.423123225570e-02 1.986051909626e-02 2.448409236968e-02 3.108149580657e-02 3.391753882170e-02 2.291519194841e-02 1.528240181506e-02 1.725210994482e-02 2.234827354550e-02 2.293964661658e-02 2.506301738322e-02 2.542015723884e-02 1.820008829236e-02 1.220081467181e-02 1.231037639081e-02 2.326440252364e-02 3.490132838488e-02 2.804594300687e-02 1.375095080584e-02 1.736905612051e-02 1.133176777512e-02 1.158900093287e-02 9.952750056982e-03 8.517651818693e-03 7.747864350677e-03 5.700725130737e-03 5.751987919211e-03 7.667813450098e-03 1.281652133912e-02 1.273458451033e-02
3.492694348097e-02 6.227795034647e-02 7.777154445648e-02 6.881763786077e-02 5.158476158977e-02 4.772859439254e-02 3.961618617177e-02 3.360770642757e-02 3.122923895717e-02 3.628411889076e-02 4.040161892772e-02 4.599718004465e-02 6.125068664551e-02 8.832561224699e-02 3.782134503126e-02 4.650672152638e-02 5.871193483472e-02 6.347338110209e-02 4.358274117112e-02 2.946343272924e-02 3.389605507255e-02 4.262080788612e-02 4.539886862040e-02 4.378969222307e-02 4.491784051061e-02 3.789682313800e-02 2.262624166906e-02 2.557227574289e-02 5.257809534669e-02 8.361097425222e-02 4.990359395742e-02 2.268394455314e-02 3.398248180747e-02 2.086043357849e-02 2.242411486804e-02 1.855395175517e-02 1.522138249129e-02 1.363148074597e-02 1.097747497261e-02 1.096024550498e-02 1.696136221290e-02 2.596416324377e-02 2.418901398778e-02
4.397629573941e-02 6.358616054058e-02 8.687348663807e-02 8.541478961706e-02 6.942032277584e-02 6.941161304712e-02 4.696607589722e-02 4.137505963445e-02 5.578205361962e-02 5.577548965812e-02 4.014858230948e-02 5.093675106764e-02 6.526730209589e-02 9.237675368786e-02 4.399001970887e-02 5.289528146386e-02 6.568719446659e-02 7.263512164354e-02 5.020304769278e-02 3.928996622562e-02 3.930824995041e-02 4.279252141714e-02 5.106143653393e-02 5.489723384380e-02 6.620173901320e-02 5.094857886434e-02 2.941388823092e-02 3.162627667189e-02 6.904359906912e-02 1.079852506518e-01 5.114895105362e-02 2.637434192002e-02 3.913928568363e-02 2.301974594593e-02 2.502440661192e-02 2.193343453109e-02 1.949417591095e-02 1.549771428108e-02 1.274279598147e-02 1.560319494456e-02 2.149481140077e-02 2.874163910747e-02 2.475259453058e-02
5.066545307636e-02 5.754231661558e-02 7.768370211124e-02 8.437691628933e-02 7.523633539677e-02 9.290994703770e-02 4.922736063600e-02 5.656658858061e-02 7.976663112640e-02 8.215203881264e-02 5.461595952511e-02 5.327766016126e-02 6.686095148325e-02 9.321758151054e-02 4.619522765279e-02 5.901261419058e-02 6.736589223146e-02 7.567741721869e-02 5.424567312002e-02 5.156752094626e-02 4.222488030791e-02 5.337630584836e-02 6.455264240503e-02 6.360653042793e-02 8.791817724705e-02 6.285223364830e-02 3.315237909555e-02 3.768244385719e-02 8.057691901922e-02 1.171672865748e-01 4.821181669831e-02 2.936320751905e-02 4.151032865047e-02 2.330495417118e-02 2.554509229958e-02 2.795817516744e-02 2.360974624753e-02 1.778748072684e-02 1.523656491190e-02 1.929718814790e-02 2.566402591765e-02 2.993645519018e-02 2.371172420681e-02
4.981656372547e-02 6.898082047701e-02 6.127199158072e-02 7.131084054708e-02 6.935950368643e-02 1.180005967617e-01 4.737885296345e-02 6.982946395874e-02 1.019033566117e-01 1.094485148787e-01 7.711684703827e-02 5.556533858180e-02 6.873642653227e-02 9.368044883013e-02 4.790607094765e-02 6.462454050779e-02 6.816574931145e-02 7.819559425116e-02 6.006506457925e-02 6.342909485102e-02 4.994766041636e-02 6.748693436384e-02 8.199715614319e-02 7.976020127535e-02 1.093470454216e-01 7.267580181360e-02 3.970265388489e-02 4.039528220892e-02 8.535492420197e-02 1.132538691163e-01 5.204952508211e-02 3.498227149248e-02 4.294618591666e-02 2.760062366724e-02 3.163164854050e-02 3.283398598433e-02 2.624292671680e-02 1.856056042016e-02 1.937259733677e-02 2.103766798973e-02 2.995200268924e-02 3.036051057279e-02 2.268478274345e-02
4.319516941905e-02 7.321526855230e-02 5.493562668562e-02 5.651662871242e-02 6.029599905014e-02 1.430126726627e-01 5.350947007537e-02 7.944376021624e-02 1.214906349778e-01 1.364890336990e-01 1.006873473525e-01 5.857710912824e-02 7.127818465233e-02 9.407001733780e-02 5.311709642410e-02 6.928656995296e-02 6.799758970737e-02 8.041804283857e-02 6.151508912444e-02 7.362135499716e-02 6.053408980370e-02 8.173426985741e-02 9.766157716513e-02 9.346599131823e-02 1.284951567650e-01 7.834076881409e-02 4.367978125811e-02 4.722969606519e-02 8.170443028212e-02 9.187337011099e-02 5.172301828861e-02 4.043805971742e-02 4.335718974471e-02 3.084370680153e-02 3.702630847692e-02 3.649258986115e-02 2.751577831805e-02 1.936249248683e-02 2.183094061911e-02 2.354886010289e-02 3.422797843814e-02 3.088803216815e-02 2.175673097372e-02
3.936529904604e-02 7.009292393923e-02 5.511547252536e-02 4.416692256927e-02 5.584801360965e-02 1.660255938768e-01 5.914546921849e-02 8.399893343449e-02 1.349957287312e-01 1.571293175220e-01 1.220773905516e-01 6.454382091761e-02 7.352435588837e-02 9.406687319279e-02 5.374553799629e-02 7.382332533598e-02 6.684075295925e-02 8.196372538805e-02 5.919574201107e-02 7.787102460861e-02 6.927087157965e-02 9.189197421074e-02 1.083039417863e-01 1.010694950819e-01 1.425416022539e-01 7.888030260801e-02 4.216974601150e-02 5.290091782808e-02 7.000698894262e-02 6.388042867184e-02 4.842721670866e-02 4.583552107215e-02 4.305228590965e-02 3.286810591817e-02 4.130761697888e-02 3.863414376974e-02 2.738662064075e-02 2.278850041330e-02 2.151628583670e-02 3.200955688953e-02 3.910899907351e-02 3.167113661766e-02 2.031231112778e-02
4.539887607098e-02 6.691732257605e-02 5.324178189039e-02 4.971671849489e-02 6.288783997297e-02 1.879184395075e-01 6.753040105104e-02 8.126040548086e-02 1.364021152258e-01 1.659057885408e-01 1.388693004847e-01 8.441482484341e-02 7.642202824354e-02 9.458608180285e-02 5.357586964965e-02 7.807634025812e-02 6.487044692039e-02 8.298465609550e-02 6.100101768970e-02 7.374335080385e-02 7.449954003096e-02 9.665939956903e-02 1.108766645193e-01 1.010486781597e-01 1.506349444389e-01 7.596509903669e-02 4.835021868348e-02 6.303238868713e-02 5.315208807588e-02 5.107817798853e-02 5.453725159168e-02 5.125730857253e-02 4.185491055250e-02 4.245108738542e-02 4.402641579509e-02 3.890619426966e-02 2.588778734207e-02 2.341208979487e-02 2.687186747789e-02 4.307462275028e-02 4.281258955598e-02 3.014237247407e-02 1.698708720505e-02
5.103036016226e-02 6.711909174919e-02 5.283773690462e-02 5.383037775755e-02 6.965986639261e-02 2.082984000444e-01 7.631430774927e-02 7.140380889177e-02 1.245464608073e-01 1.615573018789e-01 1.488326191902e-01 1.029248759151e-01 7.948392629623e-02 1.084185987711e-01 6.028157845140e-02 8.229882270098e-02 6.494534015656e-02 8.369052410126e-02 6.223697215319e-02 6.516873836517e-02 7.778960466385e-02 9.469231963158e-02 1.052168384194e-01 1.016882359982e-01 1.496666371822e-01 6.717232614756e-02 5.767102539539e-02 7.386738061905e-02 5.200197920203e-02 6.291980296373e-02 6.878507137299e-02 5.648942664266e-02 4.868305474520e-02 5.282901600003e-02 5.397560819983e-02 3.710449859500e-02 2.528367005289e-02 2.256838604808e-02 4.273135960102e-02 5.209187418222e-02 4.136750847101e-02 2.390457503498e-02 2.018244937062e-02
5.476550385356e-02 6.838168203831e-02 5.233193933964e-02 5.273607745767e-02 7.614129781723e-02 2.247191220522e-01 8.400295674801e-02 5.857440084219e-02 1.059874594212e-01 1.473672240973e-01 1.498796939850e-01 1.175671443343e-01 8.227750658989e-02 1.170083135366e-01 7.579972594976e-02 8.697810769081e-02 8.613814413548e-02 8.493679761887e-02 6.287431716919e-02 7.800529152155e-02 7.615201175213e-02 8.768371492624e-02 9.279832988977e-02 1.134690642357e-01 1.389881521463e-01 5.382002145052e-02 6.718884408474e-02 8.466612547636e-02 5.974759161472e-02 7.296543568373e-02 8.103757351637e-02 6.654246151447e-02 5.414551869035e-02 5.605024471879e-02 5.854389816523e-02 3.350478783250e-02 2.355101704597e-02 4.058312624693e-02 5.737211555243e-02 5.255566164851e-02 3.193972259760e-02 2.088465541601e-02 1.977451331913e-02
5.551290512085e-02 7.076853513718e-02 5.193014070392e-02 5.670154467225e-02 8.198979496956e-02 2.379053682089e-01 9.104527533054e-02 5.843143910170e-02 8.471753448248e-02 1.242890954018e-01 1.388867199421e-01 1.251660138369e-01 1.006301343441e-01 1.165035665035e-01 9.597396105528e-02 9.155146032572e-02 1.217109635472e-01 9.110238403082e-02 6.267216801643e-02 1.034116223454e-01 8.454191684723e-02 7.717125862837e-02 1.137106493115e-01 1.208303719759e-01 1.209577471018e-01 5.399655550718e-02 7.521783560514e-02 9.217754751444e-02 6.236919015646e-02 7.882746309042e-02 9.180904924870e-02 7.755113393068e-02 5.012876167893e-02 4.870083555579e-02 5.535145848989e-02 2.877927571535e-02 3.691263869405e-02 6.001639738679e-02 6.146482378244e-02 4.076988250017e-02 2.047832682729e-02 1.884506456554e-02 1.906562037766e-02
5.391972512007e-02 7.342894375324e-02 6.758069992065e-02 6.407675147057e-02 8.726710826159e-02 2.463286519051e-01 9.549532830715e-02 6.065241992474e-02 7.065666466951e-02 9.626979380846e-02 1.185498833656e-01 1.230439022183e-01 1.121130660176e-01 1.217395141721e-01 1.163646355271e-01 9.569837152958e-02 1.629451662302e-01 1.201788634062e-01 6.317145377398e-02 1.257336735725e-01 9.432160109282e-02 1.006346270442e-01 1.497669368982e-01 1.224902793765e-01 9.794607758522e-02 5.598492547870e-02 7.864096760750e-02 9.423144161701e-02 5.970763787627e-02 7.831907272339e-02 9.739688038826e-02 8.620630204678e-02 5.072775110602e-02 3.887632489204e-02 5.130653083324e-02 3.128562122583e-02 5.930125713348e-02 6.916356831789e-02 4.917411506176e-02 2.493006363511e-02 2.208652161062e-02 2.446344867349e-02 2.591973915696e-02
5.447228997946e-02 7.607270032167e-02 8.531278371811e-02 5.878361687064e-02 9.225948899984e-02 2.531530261040e-01 9.752106666565e-02 6.259592622519e-02 7.079815119505e-02 9.098486602306e-02 9.108337014914e-02 1.092583388090e-01 1.147824302316e-01 1.355583965778e-01 1.252624541521e-01 1.059680357575e-01 2.034061849117e-01 1.468400359154e-01 6.900102645159e-02 1.431734561920e-01 9.900704771280e-02 1.221112757921e-01 1.766390800476e-01 1.142686828971e-01 7.223489880562e-02 6.668939441442e-02 7.564005255699e-02 8.915978670120e-02 5.465087294579e-02 7.168941944838e-02 9.426439553499e-02 8.842065185308e-02 5.371651425958e-02 3.356939554214e-02 4.910368844867e-02 5.471003428102e-02 7.485268265009e-02 5.931799113750e-02 3.028233163059e-02 2.388307079673e-02 2.312689088285e-02 3.148292750120e-02 3.082887269557e-02
4.864308610559e-02 7.876528054476e-02 9.247861057520e-02 6.557648628950e-02 9.738201647997e-02 2.609382271767e-01 9.883765131235e-02 6.503248214722e-02 6.469006836414e-02 8.772518485785e-02 7.200950384140e-02 8.608791232109e-02 1.236987337470e-01 1.452889591455e-01 1.161721274257e-01 1.311401873827e-01 2.355766296387e-01 1.683355420828e-01 8.110321313143e-02 1.551703959703e-01 9.920451045036e-02 1.327928602695e-01 1.850154846907e-01 9.510755538940e-02 6.312655657530e-02 8.481796085835e-02 8.763579279184e-02 7.935883849859e-02 5.423156172037e-02 6.014198437333e-02 8.341575413942e-02 8.366616815329e-02 5.363793671131e-02 3.328126668930e-02 4.960486292839e-02 7.656883448362e-02 7.112086564302e-02 3.829193115234e-02 2.699104137719e-02 2.298546768725e-02 2.498927712440e-02 3.561043366790e-02 3.280556574464e-02
6.631524115801e-02 8.192509412766e-02 9.256798028946e-02 1.069631651044e-01 1.026784852147e-01 2.656226754189e-01 9.843713045120e-02 7.769968360662e-02 5.533330887556e-02 8.028222620487e-02 6.731443107128e-02 9.464266896248e-02 1.302982568741e-01 1.550290733576e-01 1.252160370350e-01 1.558419913054e-01 2.620042264462e-01 1.808907985687e-01 8.831955492496e-02 1.653061509132e-01 1.090981066227e-01 1.294874995947e-01 1.778295934200e-01 7.879512757063e-02 6.709293276072e-02 1.016061827540e-01 1.112952008843e-01 6.930710375309e-02 5.524368584156e-02 5.050238221884e-02 6.919160485268e-02 7.503828406334e-02 5.079358071089e-02 3.744644671679e-02 7.287303358316e-02 8.221932500601e-02 4.956138506532e-02 2.596818469465e-02 2.776733227074e-02 2.145161293447e-02 2.860113792121e-02 3.782765567303e-02 4.095171391964e-02
8.755559474230e-02 8.570764958858e-02 9.115200489759e-02 1.313555389643e-01 1.066818237305e-01 2.670223414898e-01 9.557406604290e-02 8.905207365751e-02 5.853467807174e-02 8.226092904806e-02 6.973229348660e-02 1.014161035419e-01 1.364437788725e-01 1.645097285509e-01 1.209241822362e-01 1.761668920517e-01 2.669978737831e-01 1.714291721582e-01 1.047681644559e-01 1.737811565399e-01 1.094316318631e-01 1.183824539185e-01 1.538171321154e-01 7.495853304863e-02 7.337973266840e-02 1.168985888362e-01 1.198836639524e-01 6.244013831019e-02 6.010206043720e-02 5.279092118144e-02 7.282142341137e-02 6.312197446823e-02 4.520266875625e-02 6.551950424910e-02 8.833985775709e-02 6.352512538433e-02 3.561773523688e-02 2.332676760852e-02 2.798951976001e-02 2.447789162397e-02 3.699060156941e-02 4.819963127375e-02 4.800544306636e-02
1.030843779445e-01 1.117242425680e-01 1.055658981204e-01 1.214005947113e-01 1.136909723282e-01 2.648275196552e-01 1.038691475987e-01 9.788011759520e-02 6.144092977047e-02 8.348295092583e-02 7.709209620953e-02 1.049482226372e-01 1.437866538763e-01 1.738493442535e-01 1.111567988992e-01 1.890864074230e-01 2.516315281391e-01 1.521351188421e-01 1.152436062694e-01 1.801168620586e-01 9.774789959192e-02 9.451411664486e-02 1.194511726499e-01 6.938611716032e-02 8.623855561018e-02 1.170324534178e-01 1.106402650476e-01 6.611763685942e-02 6.916488707066e-02 5.854663252831e-02 7.900634407997e-02 5.502920970321e-02 5.604650452733e-02 8.844362944365e-02 7.788714766502e-02 5.462503433228e-02 3.045811690390e-02 2.542469464242e-02 3.145078942180e-02 3.541343659163e-02 5.162981897593e-02 5.297722667456e-02 4.412413015962e-02
1.350503116846e-01 1.340846419334e-01 1.447659730911e-01 1.116368696094e-01 1.347565054893e-01 2.564902901649e-01 1.182616651058e-01 1.067267879844e-01 8.331716805696e-02 8.362346142530e-02 8.989971131086e-02 1.359146386385e-01 1.498436033726e-01 1.842447221279e-01 1.202624589205e-01 1.900314837694e-01 2.237765640020e-01 1.456250399351e-01 1.187400445342e-01 1.848199069500e-01 8.766637742519e-02 7.761031389236e-02 8.996318280697e-02 7.440304756165e-02 9.377544373274e-02 1.047332882881e-01 8.185959607363e-02 7.297834008932e-02 8.063855022192e-02 6.676286458969e-02 8.167380094528e-02 5.192366987467e-02 8.361164480448e-02 8.792054653168e-02 7.839856296778e-02 4.942724481225e-02 3.538901358843e-02 3.112561069429e-02 3.764813020825e-02 5.137042328715e-02 5.741929262877e-02 4.624959453940e-02 3.432659804821e-02
1.498580425978e-01 1.483390331268e-01 1.789688020945e-01 1.666400730610e-01 1.138833761215e-01 2.420450598001e-01 1.099798977375e-01 1.233644858003e-01 1.151240319014e-01 9.547620266676e-02 9.765471518040e-02 1.637799590826e-01 1.723170429468e-01 1.957594752312e-01 1.342595964670e-01 1.789096444845e-01 2.214961647987e-01 1.776460558176e-01 1.154798865318e-01 1.854723691940e-01 8.821720629930e-02 8.372171968222e-02 9.137272834778e-02 8.272824436426e-02 8.790751546621e-02 8.239594846964e-02 7.600661367178e-02 8.503296226263e-02 8.834807574749e-02 6.925441324711e-02 8.098831772804e-02 7.853452861309e-02 9.320373833179e-02 8.765015751123e-02 8.354504406452e-02 6.085227429867e-02 4.339200630784e-02 4.016484692693e-02 4.874239116907e-02 5.757848918438e-02 4.757004231215e-02 3.908308967948e-02 3.514236211777e-02
