100/SI/f194.grd
DSAA
101	101
32.816463539100	34.260883539100
35.556306596100	36.727886596100
8.450176392216e-05	1.383517837524e+01
[rows 76 to 94 of 101, columns 0 to 42 of 101]
8.895154460333e-04 1.286953105591e-03 1.693966682069e-03 2.006535651162e-03 2.156886272132e-03 2.171105239540e-03 2.097619231790e-03 1.980431843549e-03 1.847135135904e-03 1.995663158596e-03 2.256562002003e-03 2.705925609916e-03 3.204622305930e-03 3.524426138029e-03 3.588723717257e-03 3.483870532364e-03 3.172912867740e-03 3.380139125511e-03 3.480169223621e-03 3.720885608345e-03 5.136767402291e-03 5.025249905884e-03 3.290730295703e-03 3.572335466743e-03 3.309989115223e-03 3.042805939913e-03 3.105598734692e-03 3.453293815255e-03 3.890387946740e-03 4.111601971090e-03 3.958524204791e-03 3.727778326720e-03 3.623806405813e-03 3.578888019547e-03 3.936473745853e-03 4.731605295092e-03 9.155828505754e-03 1.090570352972e-02 1.026458479464e-02 7.244771812111e-03 7.125989533961e-03 1.182233169675e-02 2.058913931251e-02
8.951729978435e-04 1.447797287256e-03 1.922319759615e-03 2.217963803560e-03 2.336166100577e-03 2.324737841263e-03 2.232746686786e-03 2.096571726725e-03 2.179895993322e-03 2.420220524073e-03 2.785415388644e-03 3.293478395790e-03 3.763430984691e-03 3.992375452071e-03 3.930688370019e-03 3.645893651992e-03 3.105695825070e-03 3.193049924448e-03 3.206278197467e-03 2.854295307770e-03 2.930926159024e-03 3.073177766055e-03 2.679962897673e-03 3.231361741200e-03 3.423748770729e-03 3.140862332657e-03 3.377954009920e-03 4.068094305694e-03 4.515013191849e-03 4.566484596580e-03 4.259344656020e-03 3.908292390406e-03 3.879487514496e-03 3.802678780630e-03 4.625149071217e-03 4.966152366251e-03 8.204634301364e-03 9.171645157039e-03 1.007942948490e-02 1.141290925443e-02 2.360060065985e-02 3.077011182904e-02 2.912084385753e-02
9.537718724459e-04 1.521795289591e-03 1.982745015994e-03 2.244232920930e-03 2.327987691388e-03 2.289474941790e-03 2.173111541197e-03 2.373674418777e-03 2.675046678632e-03 2.993199741468e-03 3.404525574297e-03 3.838259726763e-03 4.118451848626e-03 4.110369365662e-03 3.816012991592e-03 3.313378198072e-03 2.632014453411e-03 2.763014752418e-03 2.675615018234e-03 2.346155932173e-03 2.138774609193e-03 2.400018740445e-03 2.906032139435e-03 3.873889800161e-03 4.079302307218e-03 3.681347705424e-03 4.516473039985e-03 4.899089224637e-03 5.010292399675e-03 4.899540916085e-03 4.580684471875e-03 4.245506599545e-03 4.042577929795e-03 4.654020536691e-03 5.998578388244e-03 7.744250353426e-03 1.019799336791e-02 1.266920380294e-02 1.059721969068e-02 2.779703959823e-02 3.203536570072e-02 3.093660622835e-02 3.053843416274e-02
8.618556894362e-04 1.362513168715e-03 1.757004880346e-03 1.968882279471e-03 2.022812142968e-03 1.967113930732e-03 2.257191808894e-03 2.569154137745e-03 2.818903885782e-03 3.066995879635e-03 3.327492624521e-03 3.520639380440e-03 3.541798098013e-03 3.333766711876e-03 2.944077830762e-03 2.461880212650e-03 2.301658736542e-03 2.220388269052e-03 2.075320109725e-03 1.908196718432e-03 1.980369910598e-03 2.205450786278e-03 3.487842855975e-03 4.744519945234e-03 5.130446515977e-03 5.392913706601e-03 5.543882492930e-03 5.586068145931e-03 5.262085236609e-03 4.948258399963e-03 4.682388156652e-03 4.444947466254e-03 4.916659090668e-03 5.848990753293e-03 7.461932953447e-03 8.601782843471e-03 8.390055969357e-03 1.371566392481e-02 1.596220023930e-02 2.350431866944e-02 2.735855989158e-02 2.758006379008e-02 2.805042453110e-02
7.145086419769e-04 1.144320704043e-03 1.395462662913e-03 1.522040111013e-03 1.562676276080e-03 1.818046788685e-03 2.088482491672e-03 2.254865132272e-03 2.331614261493e-03 2.399879973382e-03 2.479234943166e-03 2.526132389903e-03 2.476548077539e-03 2.291542477906e-03 2.357158344239e-03 2.412451431155e-03 2.386385574937e-03 2.263547852635e-03 2.070742193609e-03 1.872313092463e-03 1.865194877610e-03 2.299077110365e-03 3.927097655833e-03 5.396957974881e-03 6.116617936641e-03 6.493211723864e-03 6.542635615915e-03 6.720429286361e-03 6.547049153596e-03 5.634007044137e-03 4.843893460929e-03 4.652149975300e-03 5.413677077740e-03 5.936740431935e-03 6.282497197390e-03 6.721781566739e-03 8.935568854213e-03 1.323792990297e-02 1.748889312148e-02 1.772097498178e-02 2.771657332778e-02 3.323855996132e-02 2.606974355876e-02
9.759408421814e-04 1.478667021729e-03 1.789132249542e-03 1.924307434820e-03 2.004325855523e-03 2.040582243353e-03 2.052642870694e-03 2.039386425167e-03 2.000643871725e-03 1.947154640220e-03 2.032225718722e-03 2.208393532783e-03 2.361496910453e-03 2.493871608749e-03 2.587110968307e-03 2.610430121422e-03 2.536881482229e-03 2.358398865908e-03 2.110624453053e-03 2.058759564534e-03 1.955439103767e-03 2.478492446244e-03 4.046271089464e-03 5.568935535848e-03 1.383119449019e-02 4.093318805099e-02 4.356151819229e-02 1.961695216596e-02 1.141486130655e-02 9.000627323985e-03 6.389336660504e-03 4.916552919894e-03 5.752697587013e-03 7.549082860351e-03 6.134919822216e-03 7.291758898646e-03 8.080642670393e-03 1.366656459868e-02 2.388150803745e-02 2.331546135247e-02 2.584138698876e-02 3.413953632116e-02 4.693440347910e-02
1.381274778396e-03 2.042191103101e-03 2.434053225443e-03 2.643087180331e-03 2.701499732211e-03 2.686377149075e-03 2.632330404595e-03 2.549886703491e-03 2.445219317451e-03 2.352099167183e-03 2.765298122540e-03 3.177047707140e-03 3.534452291206e-03 3.779240883887e-03 3.861373523250e-03 3.757331985980e-03 3.468841779977e-03 3.016945673153e-03 2.790018450469e-03 2.652294002473e-03 2.483567222953e-03 2.883384004235e-03 4.046354442835e-03 9.061937220395e-03 3.830889612436e-02 1.102757155895e-01 1.205729767680e-01 6.064739823341e-02 2.628656849265e-02 1.291394419968e-02 8.340467698872e-03 6.263636518270e-03 5.678010173142e-03 8.048184216022e-03 8.755616843700e-03 9.081714786589e-03 8.127038367093e-03 1.231167092919e-02 2.816120348871e-02 4.233381524682e-02 2.793875895441e-02 2.696573361754e-02 5.973130092025e-02
1.734896679409e-03 2.476874971762e-03 2.963262144476e-03 3.151500597596e-03 3.143219742924e-03 3.039814531803e-03 2.891506068408e-03 2.814576961100e-03 3.300830256194e-03 4.026921465993e-03 4.776452202350e-03 5.484430119395e-03 6.086909212172e-03 6.561954040080e-03 6.889363750815e-03 7.007449865341e-03 6.825890857726e-03 6.238997448236e-03 5.146406590939e-03 3.827582113445e-03 3.539167577401e-03 3.616921370849e-03 7.962529547513e-03 1.442957483232e-02 4.145809635520e-02 3.415087163448e-01 6.384674310684e-01 1.387383490801e-01 6.068296357989e-02 2.176506817341e-02 1.020685583353e-02 7.752069272101e-03 7.537881378084e-03 1.048037875444e-02 1.259718555957e-02 1.228380668908e-02 1.014235615730e-02 1.487703714520e-02 2.371758408844e-02 5.198461189866e-02 5.226606503129e-02 2.577738277614e-02 6.220855191350e-02
1.845877384767e-03 2.581738634035e-03 3.017039503902e-03 3.121175104752e-03 3.015353577211e-03 3.142600180581e-03 3.471762640402e-03 3.689578501508e-03 4.412792157382e-03 5.432804115117e-03 6.496703717858e-03 7.506771013141e-03 8.393080905080e-03 9.183764457703e-03 9.942713193595e-03 1.066190656275e-02 1.114207971841e-02 1.094641909003e-02 9.485463611782e-03 6.810014136136e-03 5.244154017419e-03 7.484104949981e-03 1.317142881453e-02 1.867561042309e-02 8.181259036064e-02 1.965793967247e-01 2.496788501740e-01 7.568914443254e-02 2.840620279312e-02 1.733995974064e-02 1.483645942062e-02 1.815799623728e-02 2.345012500882e-02 2.175351604819e-02 1.578754000366e-02 1.562690548599e-02 1.299815718085e-02 1.517789158970e-02 1.670258864760e-02 3.416712954640e-02 4.544717818499e-02 2.916123904288e-02 1.092085242271e-01
2.519102068618e-03 3.988062497228e-03 5.025962367654e-03 5.614582914859e-03 5.941211245954e-03 6.065797526389e-03 6.003675982356e-03 5.780792329460e-03 5.440013483167e-03 5.626610480249e-03 6.791455205530e-03 7.965451106429e-03 9.080149233341e-03 1.015039440244e-02 1.129331532866e-02 1.264028530568e-02 1.394759397954e-02 1.442438177764e-02 1.299189310521e-02 1.177490968257e-02 1.183049846441e-02 1.275080535561e-02 1.637097820640e-02 2.222759090364e-02 4.232322424650e-02 1.561592146754e-02 1.226243842393e-02 1.225861441344e-02 1.334204804152e-02 1.444628089666e-02 1.597976312041e-02 1.111492365599e-01 7.312149554491e-02 5.860054492950e-02 3.536413609982e-02 5.220749229193e-02 4.805836081505e-02 2.258926071227e-02 1.750298403203e-02 2.108794450760e-02 3.143856301904e-02 8.314438164234e-02 1.263603717089e-01
4.621230065823e-03 7.181230932474e-03 8.794161491096e-03 9.445817209780e-03 9.547585621476e-03 9.305246174335e-03 8.824064396322e-03 8.195021189749e-03 7.644662633538e-03 7.928600534797e-03 8.129134774208e-03 8.193391375244e-03 8.701922371984e-03 9.881623089314e-03 1.099776010960e-02 1.225288677961e-02 1.349370274693e-02 2.005926147103e-02 2.590507827699e-02 2.607851661742e-02 2.662729844451e-02 2.633937820792e-02 1.924081146717e-02 2.316827140749e-02 1.149170566350e-02 8.685912005603e-03 7.973930798471e-03 6.907904520631e-03 7.819962687790e-03 1.092725060880e-02 2.438212931156e-02 1.320127397776e-01 9.408643841743e-02 6.526640057564e-02 5.695128068328e-02 1.210676282644e-01 1.155441179872e-01 5.221984907985e-02 3.916054964066e-02 3.625400736928e-02 4.635852575302e-02 7.843550294638e-02 1.405121088028e-01
6.673885509372e-03 1.015533320606e-02 1.195073686540e-02 1.227820012718e-02 1.503752171993e-02 1.616909913719e-02 1.589141972363e-02 1.481101196259e-02 1.335724070668e-02 1.201604213566e-02 1.214008219540e-02 1.187549438328e-02 1.258696150035e-02 1.451444812119e-02 1.589781418443e-02 1.715096645057e-02 1.928931288421e-02 2.137335576117e-02 1.973199658096e-02 2.256022579968e-02 2.365296892822e-02 1.927238143981e-02 1.580625213683e-02 9.050381369889e-03 7.953919470310e-03 6.177280563861e-03 5.120646208525e-03 4.107851069421e-03 3.760391613469e-03 6.699636112899e-03 1.068436168134e-02 5.634381994605e-02 7.489751279354e-02 1.131536439061e-01 1.201100870967e-01 1.548694521189e-01 1.103255525231e-01 5.183777585626e-02 8.134783059359e-02 8.128220587969e-02 5.771234631538e-02 7.568285614252e-02 2.425272017717e-01
7.822584360838e-03 1.178647950292e-02 1.363170240074e-02 1.520996354520e-02 1.844209618866e-02 1.968512684107e-02 1.923305913806e-02 1.781412400305e-02 1.591539196670e-02 1.388035807759e-02 1.233055535704e-02 1.356526836753e-02 1.569008454680e-02 1.801271550357e-02 1.958327554166e-02 2.010263130069e-02 1.884502172470e-02 1.548889838159e-02 1.223671343178e-02 1.057868916541e-02 8.999535813928e-03 6.306665949523e-03 5.643684417009e-03 5.396915134043e-03 4.806601442397e-03 3.921152092516e-03 3.022443968803e-03 2.864383626729e-03 3.651910694316e-03 5.500343162566e-03 7.927176542580e-03 3.129553794861e-02 3.427694365382e-02 6.619720160961e-02 7.675332576036e-02 1.756909042597e-01 1.547819525003e-01 8.088225126266e-02 7.400047034025e-02 3.239594995975e-01 7.618198394775e-01 1.974351555109e-01 1.213299557567e-01
5.834860727191e-03 8.707176893950e-03 9.947412647307e-03 1.006913650781e-02 1.201830245554e-02 1.269808690995e-02 1.233503315598e-02 1.138366945088e-02 1.013644970953e-02 8.818346075714e-03 8.206721395254e-03 8.824116550386e-03 9.159221313894e-03 9.215783327818e-03 9.068923071027e-03 9.206772781909e-03 8.256329223514e-03 6.614562124014e-03 7.702159695327e-03 7.259772624820e-03 5.782860331237e-03 4.211494233459e-03 3.940764348954e-03 3.512824187055e-03 2.937441691756e-03 2.309156116098e-03 2.618154510856e-03 3.642726456746e-03 4.566765390337e-03 9.396274574101e-03 1.188698131591e-02 1.772628910840e-02 3.065172396600e-02 2.298875898123e-02 1.986255869269e-02 2.423451654613e-02 1.509028077126e-01 8.706191927195e-02 6.743710488081e-02 4.325689971447e-01 9.549377560616e-01 1.049532964826e-01 3.786244615912e-02
2.760648727417e-03 4.076910205185e-03 4.784818273038e-03 5.439330823720e-03 5.694826133549e-03 5.949487909675e-03 6.006360519677e-03 5.690951831639e-03 5.410727113485e-03 5.333433393389e-03 5.234601441771e-03 4.808994941413e-03 4.910682328045e-03 5.046823527664e-03 5.006351973861e-03 4.735883325338e-03 6.380337290466e-03 8.147167973220e-03 7.676365319639e-03 5.743194371462e-03 3.662835340947e-03 2.657425357029e-03 2.408504951745e-03 2.086049877107e-03 1.738717197441e-03 2.666060347110e-03 4.109225235879e-03 5.489036440849e-03 7.589010987431e-03 1.232564821839e-02 1.691593043506e-02 2.282073907554e-02 2.621917799115e-02 2.216316945851e-02 1.361168548465e-02 1.581387594342e-02 3.075425699353e-02 7.755614072084e-02 1.274129301310e-01 1.332501620054e-01 7.066817581654e-02 2.704897150397e-02 2.524526603520e-02
1.821769285016e-03 2.653172938153e-03 3.365267533809e-03 3.802289022133e-03 3.973047249019e-03 3.953930456191e-03 3.859344869852e-03 3.675579093397e-03 3.457977436483e-03 3.228066721931e-03 2.992647001520e-03 2.758014714345e-03 2.533316845074e-03 2.473122673109e-03 2.442051423714e-03 3.477712860331e-03 5.924599245191e-03 7.007181178778e-03 5.994798615575e-03 4.129783716053e-03 2.512657782063e-03 1.601952011697e-03 1.601667725481e-03 1.752295298502e-03 2.379598096013e-03 4.050190560520e-03 6.111562717706e-03 8.604415692389e-03 1.226506661624e-02 1.673399098217e-02 2.505258657038e-02 2.585743181407e-02 2.347195334733e-02 1.273365039378e-02 9.640979580581e-03 1.312871836126e-02 1.590405963361e-02 6.054512038827e-02 1.495308279991e-01 8.600414544344e-02 5.126471072435e-02 2.308801375329e-02 2.191174030304e-02
1.266587409191e-03 1.834382885136e-03 2.294525038451e-03 2.579970052466e-03 2.708473009989e-03 2.724788384512e-03 2.665980020538e-03 2.555903512985e-03 2.411231631413e-03 2.240149769932e-03 2.052559750155e-03 1.853179302998e-03 1.967446180061e-03 1.978892832994e-03 1.826700987294e-03 2.060720929876e-03 3.689568955451e-03 4.589873366058e-03 4.286703187972e-03 3.351899795234e-03 2.366415224969e-03 1.589862280525e-03 1.713212463073e-03 1.967957010493e-03 3.362413262948e-03 7.458556909114e-03 1.594810932875e-02 1.475588046014e-02 1.218552887440e-02 2.258067764342e-02 3.075519390404e-02 2.637698687613e-02 1.897891238332e-02 8.896846324205e-03 9.485183283687e-03 1.304486580193e-02 1.828118786216e-02 6.481955200434e-02 1.090030297637e-01 5.152226239443e-02 2.987738698721e-02 1.843134313822e-02 1.654384285212e-02
8.478434756398e-04 1.216693432070e-03 1.509230583906e-03 1.687665819190e-03 1.766290282831e-03 1.774588017724e-03 1.733209122904e-03 1.655452186242e-03 1.549172098748e-03 1.421076245606e-03 1.407587435097e-03 1.582374679856e-03 1.651258324273e-03 1.579171512276e-03 1.515404204838e-03 1.733515644446e-03 1.925287884660e-03 2.344354521483e-03 2.679500030354e-03 2.584520028904e-03 2.198487985879e-03 1.735877827741e-03 1.828527427278e-03 2.508540637791e-03 4.376475699246e-03 1.299483329058e-02 1.859093084931e-02 1.106283720583e-02 1.240464579314e-02 2.388225495815e-02 3.234114870429e-02 2.561424672604e-02 1.786400005221e-02 1.225602440536e-02 1.348336972296e-02 1.303760707378e-02 2.815546095371e-02 1.125647723675e-01 8.128583431244e-02 2.156066335738e-02 4.317123442888e-02 1.877039112151e-02 1.279043778777e-02
4.984726547264e-04 7.090535364114e-04 8.731096750125e-04 9.699976653792e-04 1.009008032270e-03 1.007332699373e-03 9.764409624040e-04 9.236454498023e-04 8.862761314958e-04 1.081925118342e-03 1.266272854991e-03 1.387056661770e-03 1.397262210958e-03 1.547772088088e-03 1.789904781617e-03 2.034984529018e-03 2.248945645988e-03 2.388107590377e-03 2.409874694422e-03 2.298091538250e-03 2.094546100125e-03 1.947703654878e-03 2.164785517380e-03 3.126003313810e-03 5.278510972857e-03 1.456890814006e-02 1.535765454173e-02 1.219010446221e-02 1.109660603106e-02 2.136431261897e-02 2.994378469884e-02 2.333033457398e-02 2.282748930156e-02 1.540289446712e-02 1.624469086528e-02 1.166137773544e-02 2.679702453315e-02 7.245817780495e-02 3.530310466886e-02 2.529703639448e-02 5.722287297249e-02 1.848267205060e-02 9.785272181034e-03
