100/SI/f195.grd
DSAA
101	101
32.816463539100	34.260883539100
35.556306596100	36.727886596100
9.346837759949e-05	1.527560043335e+01
[rows 76 to 94 of 101, columns 43 to 85 of 101]
2.357850223780e-02 2.008129656315e-02 3.668836131692e-02 9.254083782434e-02 9.883599728346e-02 1.968021243811e-01 3.138379156590e-01 3.527084290981e-01 2.184021323919e-01 6.114656478167e-02 2.222507297993e-01 4.981219768524e-01 3.720857203007e-01 9.721842408180e-02 4.363780468702e-02 6.183689087629e-02 6.528918445110e-02 3.340617194772e-02 3.126740455627e-02 3.894741460681e-02 1.435434669256e-01 3.285470306873e-01 7.736346870661e-02 5.224758386612e-02 3.800697997212e-02 2.547554299235e-02 1.292922440916e-02 1.111605949700e-02 1.083165407181e-02 1.021622307599e-02 9.701120667160e-03 1.010924484581e-02 1.064239721745e-02 1.128904614598e-02 1.140117831528e-02 1.060970965773e-02 9.731520898640e-03 9.097409434617e-03 8.653834462166e-03 8.390516974032e-03 9.354518726468e-03 1.433424185961e-02 1.955391652882e-02
3.842287510633e-02 5.179521441460e-02 6.627246737480e-02 6.916560977697e-02 9.485955536366e-02 1.309299767017e-01 1.688394248486e-01 1.594819426537e-01 2.557708919048e-01 3.733393847942e-01 3.699375092983e-01 1.773531883955e-01 1.262544244528e-01 1.122582778335e-01 7.238597422838e-02 7.652439922094e-02 2.118217945099e-02 1.309439446777e-02 1.608707755804e-02 1.801249198616e-02 1.364345755428e-02 1.633640564978e-02 2.589093148708e-02 2.598654478788e-02 2.357798255980e-02 1.445972267538e-02 7.053954061121e-03 6.333830300719e-03 7.408703677356e-03 8.534941822290e-03 9.102768264711e-03 9.300173260272e-03 9.248925372958e-03 8.843048475683e-03 7.690324913710e-03 6.171501707286e-03 4.939328879118e-03 4.893002565950e-03 5.185172427446e-03 6.025410722941e-03 7.559503428638e-03 1.289795711637e-02 1.725830882788e-02
8.127059042454e-02 1.227107942104e-01 8.144821226597e-02 3.828273341060e-02 4.451228678226e-02 1.626153439283e-01 4.560189247131e-01 6.068716645241e-01 4.540956914425e-01 2.238699197769e-01 1.210437938571e-01 7.787421345711e-02 5.634092912078e-02 9.068790078163e-02 7.503274828196e-02 2.807278186083e-02 9.333964437246e-03 8.499879390001e-03 8.861583657563e-03 1.201752573252e-02 8.963083848357e-03 8.164664730430e-03 9.449836798012e-03 1.064495090395e-02 9.644913487136e-03 8.799855597317e-03 7.130853366107e-03 7.420051842928e-03 6.243994925171e-03 7.148400414735e-03 7.482089102268e-03 6.971694994718e-03 6.656079553068e-03 6.430184468627e-03 4.524237476289e-03 4.371437709779e-03 4.643447697163e-03 4.626302979887e-03 4.530462436378e-03 4.793161991984e-03 5.862185265869e-03 1.119271758944e-02 1.641836576164e-02
1.157881766558e-01 1.348532438278e-01 4.550635442138e-02 4.721688851714e-02 1.670869588852e-01 2.990342676640e-01 3.082900643349e-01 2.640908062458e-01 2.209853976965e-01 1.048478186131e-01 9.266085177660e-02 1.121966317296e-01 6.898825615644e-02 4.346448555589e-02 1.921300590038e-02 1.034761872143e-02 6.552813574672e-03 6.227715406567e-03 5.983367562294e-03 7.532009854913e-03 6.690492387861e-03 6.695087999105e-03 6.229067686945e-03 6.152050569654e-03 5.961557850242e-03 6.085650529712e-03 5.881136283278e-03 5.979852285236e-03 6.434207316488e-03 6.163313519210e-03 6.244014482945e-03 5.144464317709e-03 5.689070094377e-03 5.968433804810e-03 4.749041516334e-03 3.625787794590e-03 4.339606966823e-03 4.618147853762e-03 4.638023208827e-03 4.557391628623e-03 4.679080564529e-03 6.014883983880e-03 1.011978834867e-02
5.059743672609e-02 8.305777609348e-02 1.199543848634e-01 1.562919616699e-01 1.720480322838e-01 1.410280019045e-01 1.588849872351e-01 1.959511190653e-01 2.794003188610e-01 1.088672429323e-01 1.129548326135e-01 6.871721148491e-02 2.767479978502e-02 1.168003864586e-02 8.082225918770e-03 6.585218012333e-03 5.904481280595e-03 5.323091521859e-03 4.878225270659e-03 4.604022018611e-03 5.117780994624e-03 3.957829438150e-03 4.011036362499e-03 3.996592480689e-03 4.213951993734e-03 4.425611346960e-03 4.465617705137e-03 4.089944064617e-03 3.518304321915e-03 4.222160670906e-03 4.101742524654e-03 3.982407040894e-03 4.468388855457e-03 4.976490978152e-03 4.577202256769e-03 3.586719743907e-03 4.031530581415e-03 4.527555312961e-03 4.649592097849e-03 4.711857065558e-03 5.463887006044e-03 6.558260880411e-03 8.268396370113e-03
5.569638311863e-02 1.694606840611e-01 3.140586316586e-01 1.841602921486e-01 1.184415370226e-01 2.062360346317e-01 2.743915617466e-01 3.689484000206e-01 1.809531897306e-01 9.308193624020e-02 4.389740526676e-02 2.541721984744e-02 1.072022877634e-02 6.872789468616e-03 4.844755865633e-03 4.090940114111e-03 3.756729653105e-03 3.492196556181e-03 3.586008446291e-03 3.821010002866e-03 3.929995931685e-03 3.642160911113e-03 3.540215548128e-03 3.800447331741e-03 4.540565889329e-03 5.288681481034e-03 5.783750209957e-03 5.620769225061e-03 4.439331125468e-03 3.436383092776e-03 3.417981788516e-03 3.154133446515e-03 3.194229910150e-03 3.994170576334e-03 4.136776085943e-03 3.856733907014e-03 3.666058648378e-03 4.295302554965e-03 4.534806590527e-03 4.580435808748e-03 5.240420810878e-03 7.259970996529e-03 9.825056418777e-03
1.047357767820e-01 3.287748694420e-01 2.520824968815e-01 2.047975212336e-01 2.243110239506e-01 2.144691795111e-01 1.502749323845e-01 1.458202302456e-01 1.143019199371e-01 5.849549546838e-02 2.121896296740e-02 1.315260212868e-02 7.135043386370e-03 4.587820731103e-03 3.654260886833e-03 3.010037820786e-03 3.006284590811e-03 3.210403956473e-03 3.135727485642e-03 3.031372092664e-03 3.293866058812e-03 3.381622489542e-03 3.280191449448e-03 3.288337262347e-03 4.138692747802e-03 5.080716684461e-03 5.769222043455e-03 5.754672456533e-03 4.672781098634e-03 3.178654471412e-03 3.321544965729e-03 3.438961459324e-03 2.811470068991e-03 2.938033547252e-03 3.505551954731e-03 3.915583249182e-03 3.956757951528e-03 3.930852748454e-03 4.297214094549e-03 4.485727287829e-03 4.444111604244e-03 5.041436757892e-03 6.375599186867e-03
1.411327123642e-01 2.394235581160e-01 1.425962150097e-01 8.702028542757e-02 5.803649127483e-02 7.123238593340e-02 6.221529468894e-02 7.430997490883e-02 6.309139728546e-02 2.195121720433e-02 1.531868614256e-02 9.123367257416e-03 7.565869949758e-03 5.612651351839e-03 3.498922567815e-03 2.843381837010e-03 3.091095713899e-03 3.117408137769e-03 2.837998094037e-03 2.716277493164e-03 3.152010496706e-03 3.451993456110e-03 3.612357424572e-03 3.485854016617e-03 3.228839021176e-03 3.858731826767e-03 4.306770395488e-03 4.268507473171e-03 3.528096014634e-03 2.857745159417e-03 2.951720729470e-03 3.239473560825e-03 3.090735524893e-03 2.615889301524e-03 2.684741979465e-03 3.198991529644e-03 3.556803800166e-03 3.486646339297e-03 3.967320546508e-03 4.308462142944e-03 4.388500936329e-03 4.617588594556e-03 5.181095562875e-03
2.012563347816e-01 1.660693734884e-01 5.374671146274e-02 4.072246327996e-02 4.318119585514e-02 2.596271410584e-02 3.659658879042e-02 5.975886806846e-02 3.980635106564e-02 1.934075541794e-02 1.448629703373e-02 8.113446645439e-03 7.902758195996e-03 7.488702423871e-03 4.683032166213e-03 3.700066357851e-03 3.139863954857e-03 2.998454263434e-03 2.584864618257e-03 2.618063474074e-03 3.168571274728e-03 3.800093429163e-03 4.177949856967e-03 3.902554977685e-03 3.332993481308e-03 2.858763094991e-03 3.096224507317e-03 3.307093633339e-03 3.298214869574e-03 3.527925116941e-03 3.170337760821e-03 2.931973198429e-03 2.968879649416e-03 2.692624460906e-03 2.601250074804e-03 3.129059448838e-03 3.420790657401e-03 3.331691725180e-03 3.572674933821e-03 4.019173327833e-03 4.214114509523e-03 4.712644964457e-03 5.952457431704e-03
3.183553516865e-01 1.397899389267e-01 2.738443762064e-02 1.957645826042e-02 1.498860027641e-02 1.843175105751e-02 1.973601989448e-02 4.475236311555e-02 4.531726241112e-02 2.761756442487e-02 1.376550272107e-02 7.861587218940e-03 6.800278089941e-03 7.103377021849e-03 5.825910717249e-03 3.581662895158e-03 3.113109152764e-03 2.883346518502e-03 2.395262243226e-03 2.587788272649e-03 3.242327598855e-03 4.233295563608e-03 4.616792779416e-03 4.100057762116e-03 3.443290479481e-03 3.032390726730e-03 3.199153579772e-03 3.563608042896e-03 3.723827656358e-03 3.691777586937e-03 3.419644432142e-03 2.839822787791e-03 3.258379176259e-03 2.700039418414e-03 2.533140592277e-03 2.754684304819e-03 3.462450578809e-03 3.811870934442e-03 4.060736857355e-03 4.615207202733e-03 5.299764219671e-03 5.501755047590e-03 5.347655620426e-03
2.734853029251e-01 8.439473062754e-02 2.085522003472e-02 1.174880657345e-02 1.076927967370e-02 1.249759830534e-02 2.313317731023e-02 2.959828823805e-02 3.559473901987e-02 2.484380081296e-02 1.632590591908e-02 9.129144251347e-03 5.981794092804e-03 5.134689621627e-03 4.914608784020e-03 4.150079563260e-03 3.610263345763e-03 3.966632299125e-03 3.310087369755e-03 2.856489969417e-03 3.561918158084e-03 4.756363574415e-03 4.951222799718e-03 4.158753901720e-03 3.530994756147e-03 3.217282705009e-03 3.342466661707e-03 3.754069097340e-03 4.058804363012e-03 3.791869385168e-03 3.374827327207e-03 2.791614970192e-03 3.323708428070e-03 2.568597672507e-03 2.484547207132e-03 2.389548113570e-03 2.601347630844e-03 3.426877316087e-03 4.365368280560e-03 5.620400886983e-03 6.861675530672e-03 7.350806612521e-03 7.433699443936e-03
1.439869403839e-01 2.645725198090e-02 1.244145445526e-02 1.081987936050e-02 9.048894979060e-03 9.241677820683e-03 1.492220070213e-02 8.266000077128e-03 2.161788940430e-02 3.267230093479e-02 2.321527153254e-02 1.766104437411e-02 8.831938728690e-03 5.428636446595e-03 4.637589678168e-03 4.683632403612e-03 4.966713953763e-03 4.465571139008e-03 3.919817041606e-03 3.485022112727e-03 4.259771201760e-03 5.231671966612e-03 5.037194583565e-03 4.241609945893e-03 3.785521956161e-03 3.561700694263e-03 3.544963663444e-03 3.941543865949e-03 4.290922544897e-03 4.118493292481e-03 3.447342896834e-03 2.740232273936e-03 3.136567538604e-03 2.842279151082e-03 2.465425757691e-03 2.450656611472e-03 2.360902959481e-03 2.468212740496e-03 3.156520891935e-03 4.825355485082e-03 6.589487195015e-03 7.682941854000e-03 8.309981785715e-03
3.897467628121e-02 1.508399471641e-02 9.762710891664e-03 9.337589144707e-03 7.293425034732e-03 6.625512614846e-03 6.706145126373e-03 6.275637075305e-03 7.864154875278e-03 2.695285342634e-02 2.987563610077e-02 4.377899691463e-02 2.801440097392e-02 1.006309222430e-02 6.242535542697e-03 5.203398410231e-03 5.608714185655e-03 6.640368141234e-03 6.181085016578e-03 4.939497448504e-03 4.854398779571e-03 5.437476560473e-03 4.888156428933e-03 4.218840971589e-03 3.970303107053e-03 3.931239247322e-03 4.006181377918e-03 4.028816241771e-03 4.392351023853e-03 4.422795027494e-03 3.820505226031e-03 2.948931185529e-03 2.941758837551e-03 2.944043138996e-03 2.749696839601e-03 2.816522261128e-03 2.788711804897e-03 2.739743795246e-03 2.703571226448e-03 2.779597183689e-03 3.750534961000e-03 4.994834307581e-03 5.888467188925e-03
1.389554701746e-02 8.696011267602e-03 8.749065920711e-03 7.628501858562e-03 6.221308838576e-03 5.645258352160e-03 4.882724490017e-03 4.873874131590e-03 5.769887007773e-03 1.117026433349e-02 4.463881999254e-02 1.095982044935e-01 7.520336657763e-02 2.397458627820e-02 1.053545810282e-02 6.539301015437e-03 5.828185006976e-03 6.995566654950e-03 6.768807303160e-03 7.170030381531e-03 6.899762898684e-03 5.687294527888e-03 5.085147917271e-03 4.561584908515e-03 4.421550314873e-03 4.453671164811e-03 4.445157479495e-03 4.329539835453e-03 4.405432380736e-03 4.659877624363e-03 4.220629110932e-03 3.085947828367e-03 2.866809954867e-03 2.827094402164e-03 2.967412583530e-03 3.185300156474e-03 3.333633765578e-03 3.379618749022e-03 3.350660670549e-03 3.228436689824e-03 3.241851925850e-03 3.410597797483e-03 3.519462188706e-03
1.259330846369e-02 7.158495020121e-03 7.788539864123e-03 5.957239773124e-03 4.865034949034e-03 4.574822261930e-03 3.985386807472e-03 4.133079200983e-03 4.162369295955e-03 7.743192836642e-03 3.381473571062e-02 9.120989590883e-02 8.246373385191e-02 5.313109233975e-02 1.286318432540e-02 7.104190997779e-03 5.406707525253e-03 7.792977150530e-03 9.248569607735e-03 8.672996424139e-03 7.091867737472e-03 5.546026397496e-03 5.489412229508e-03 5.162040702999e-03 4.987909458578e-03 4.871997050941e-03 4.663201980293e-03 4.253671504557e-03 4.447109997272e-03 4.710414446890e-03 4.157798364758e-03 3.228444838896e-03 3.343029879034e-03 3.235768992454e-03 3.068632679060e-03 2.976916264743e-03 3.180361120030e-03 3.302691271529e-03 3.267921507359e-03 3.057300113142e-03 3.397255903110e-03 4.010112490505e-03 4.445162136108e-03
1.552591472864e-02 8.144139312208e-03 6.854731589556e-03 5.299090407789e-03 3.963961731642e-03 3.740255953744e-03 3.830471076071e-03 3.752933116630e-03 3.776442958042e-03 4.841786809266e-03 1.284073386341e-02 4.684537276626e-02 1.702176630497e-01 1.313368082047e-01 2.201775275171e-02 8.302188478410e-03 9.151309728622e-03 9.760702028871e-03 8.676755242050e-03 6.903652101755e-03 5.606869701296e-03 5.720359273255e-03 6.061589345336e-03 5.868508480489e-03 5.468114744872e-03 4.960573744029e-03 4.291550721973e-03 3.920523915440e-03 4.603511653841e-03 4.744093865156e-03 4.282157402486e-03 4.756625741720e-03 4.768648184836e-03 4.510421771556e-03 4.057619720697e-03 3.155993763357e-03 2.652372000739e-03 2.639788435772e-03 2.712306566536e-03 2.914609387517e-03 3.424020484090e-03 4.266567528248e-03 5.284301470965e-03
1.643988862634e-02 9.248139336705e-03 6.935641635209e-03 4.623635206372e-03 3.464520676062e-03 3.633902641013e-03 3.588209860027e-03 3.657469525933e-03 3.291019005701e-03 3.704423317686e-03 7.256699725986e-03 2.383306808770e-02 8.270576596260e-02 7.287651300430e-02 2.432445809245e-02 1.383576914668e-02 1.136891823262e-02 8.818888105452e-03 6.792112719268e-03 5.437439773232e-03 5.415394436568e-03 5.775795318186e-03 6.138924974948e-03 5.836607422680e-03 5.040486343205e-03 4.088923800737e-03 3.377528861165e-03 3.685044823214e-03 4.635510500520e-03 4.883187357336e-03 5.075518507510e-03 5.576709285378e-03 5.537178833038e-03 5.158115644008e-03 4.385625012219e-03 3.298823721707e-03 3.379058092833e-03 3.507716115564e-03 3.715475555509e-03 3.892097854987e-03 3.940557129681e-03 4.391978494823e-03 5.665470845997e-03
1.536822412163e-02 8.269828744233e-03 5.833995994180e-03 3.630447667092e-03 3.326917067170e-03 3.588806372136e-03 3.466226160526e-03 2.997485455126e-03 2.380584599450e-03 3.341596573591e-03 6.172875873744e-03 1.054736785591e-02 2.917048148811e-02 3.462534397840e-02 2.505765855312e-02 1.533780619502e-02 9.696457535028e-03 6.888951174915e-03 6.382524035871e-03 6.195968016982e-03 5.577175877988e-03 5.271980073303e-03 5.097931716591e-03 4.477979149669e-03 3.532073926181e-03 3.146620234475e-03 3.106988267973e-03 3.324954770505e-03 4.327843431383e-03 4.849916324019e-03 3.593345638365e-03 3.920222166926e-03 3.921188879758e-03 3.667130367830e-03 3.565842751414e-03 3.896551206708e-03 4.210521467030e-03 4.626375623047e-03 5.079601425678e-03 5.334892310202e-03 5.237906239927e-03 4.880778025836e-03 5.561314057559e-03
1.372980885208e-02 6.114730145782e-03 4.191844258457e-03 2.601023763418e-03 3.114980645478e-03 3.456519218162e-03 3.310854081064e-03 2.731438726187e-03 2.016236307099e-03 3.007947001606e-03 5.546936299652e-03 8.583702147007e-03 2.029565535486e-02 2.600961178541e-02 2.020500227809e-02 1.195812877268e-02 7.400911767036e-03 6.865586154163e-03 6.753540132195e-03 5.659922026098e-03 4.498358350247e-03 3.756359685212e-03 3.286125604063e-03 2.753305481747e-03 2.575139980763e-03 2.535450970754e-03 2.546973293647e-03 2.829102799296e-03 3.773735370487e-03 4.423034377396e-03 3.433480160311e-03 2.693789545447e-03 2.574829384685e-03 3.289630636573e-03 3.890829393640e-03 4.418235737830e-03 5.029254592955e-03 5.789522081614e-03 6.502553820610e-03 6.792375817895e-03 6.460563279688e-03 5.696470849216e-03 5.483180750161e-03
