100/SI/f195.grd
DSAA
101	101
32.816463539100	34.260883539100
35.556306596100	36.727886596100
9.346837759949e-05	1.527560043335e+01
[rows 57 to 75 of 101, columns 0 to 42 of 101]
5.170431919396e-03 8.493052795529e-03 9.211951866746e-03 9.221093729138e-03 9.782539680600e-03 1.196130365133e-02 1.339062955230e-02 1.468026638031e-02 1.588584668934e-02 1.623444445431e-02 1.561833545566e-02 2.185442112386e-02 3.743604570627e-02 2.046169154346e-02 1.491141039878e-02 2.247794531286e-02 2.013152465224e-02 2.247277833521e-02 2.716002799571e-02 2.838619425893e-02 2.919946238399e-02 2.179350890219e-02 1.518386695534e-02 1.334929559380e-02 1.447655726224e-02 2.005106583238e-02 3.204952925444e-02 3.976130113006e-02 3.109817393124e-02 1.814238540828e-02 1.417972333729e-02 1.117952074856e-02 1.171262189746e-02 1.403089892119e-02 1.663812436163e-02 2.135946787894e-02 2.460844628513e-02 2.654487267137e-02 4.385603964329e-02 5.743949860334e-02 4.921572655439e-02 4.360090568662e-02 4.921369999647e-02
6.530846934766e-03 1.069031190127e-02 1.221280265599e-02 1.239442732185e-02 1.225781347603e-02 1.192137040198e-02 1.190773118287e-02 1.246809307486e-02 1.298542693257e-02 2.114301547408e-02 6.859229505062e-02 7.941772043705e-02 2.966941893101e-02 1.534951478243e-02 1.541194971651e-02 1.441338099539e-02 1.556997559965e-02 1.551011670381e-02 1.763205416501e-02 2.235701121390e-02 2.710350230336e-02 2.896007522941e-02 2.024124935269e-02 1.275031268597e-02 1.468011457473e-02 2.240008674562e-02 3.383703902364e-02 3.625472262502e-02 3.674866631627e-02 2.336004003882e-02 1.407192181796e-02 1.277348957956e-02 1.225370261818e-02 1.461918000132e-02 1.726117357612e-02 1.786668412387e-02 1.836619153619e-02 1.920269615948e-02 1.938279345632e-02 2.091771923006e-02 2.516570873559e-02 3.439661115408e-02 3.958860412240e-02
8.740105666220e-03 1.437011267990e-02 1.662727817893e-02 2.367394044995e-02 3.042494691908e-02 3.863715007901e-02 5.086137726903e-02 7.420031726360e-02 1.361525654793e-01 1.922273039818e-01 1.278303116560e-01 3.253474831581e-02 2.195729687810e-02 1.920844987035e-02 1.396626606584e-02 1.469654589891e-02 1.553555764258e-02 1.528879441321e-02 1.454875245690e-02 1.551097910851e-02 2.615974657238e-02 2.965489774942e-02 2.102349512279e-02 1.207392569631e-02 9.487475268543e-03 1.463439501822e-02 2.075556293130e-02 2.133112959564e-02 2.239989489317e-02 1.820594817400e-02 1.268839649856e-02 1.334695704281e-02 1.263054180890e-02 1.417346578091e-02 1.710588112473e-02 1.772612892091e-02 1.688798330724e-02 1.548204105347e-02 1.434438768774e-02 1.605428569019e-02 2.044709585607e-02 2.623078040779e-02 3.458810225129e-02
8.541998453438e-03 1.532189361751e-02 2.678415738046e-02 3.832989186049e-02 4.856375232339e-02 6.435132026672e-02 9.368253499269e-02 1.399453878403e-01 1.406484395266e-01 6.505052745342e-02 1.567919552326e-02 1.828450895846e-02 1.988835260272e-02 1.767248101532e-02 1.587009429932e-02 1.665984652936e-02 1.669447682798e-02 1.601810753345e-02 1.243922859430e-02 1.212722063065e-02 1.883988268673e-02 2.102642878890e-02 1.559871807694e-02 9.749040938914e-03 7.482298649848e-03 8.079575374722e-03 1.083454955369e-02 1.339961774647e-02 1.580772362649e-02 1.364884059876e-02 1.248452067375e-02 1.166723947972e-02 1.245072949678e-02 1.378909405321e-02 1.654833555222e-02 1.696011237800e-02 1.534435898066e-02 1.313212327659e-02 1.208311039954e-02 1.343168504536e-02 1.979871653020e-02 2.494228444993e-02 3.163794055581e-02
5.173481535167e-03 9.018770419061e-03 1.102625299245e-02 1.160621270537e-02 1.162594556808e-02 1.157256867737e-02 1.146800443530e-02 1.121835596859e-02 1.099924184382e-02 1.075232494622e-02 1.008444372565e-02 1.062901597470e-02 1.165674254298e-02 1.491474639624e-02 1.677406951785e-02 1.751980744302e-02 1.686138287187e-02 1.495842449367e-02 1.104575116187e-02 8.781053125858e-03 1.054095756263e-02 1.094344910234e-02 8.630384691060e-03 6.392528768629e-03 5.625450517982e-03 6.187977269292e-03 7.942786440253e-03 9.550190530717e-03 1.135162264109e-02 1.222027000040e-02 1.156401261687e-02 1.033118832856e-02 1.197349280119e-02 1.449472550303e-02 1.730083487928e-02 1.673706620932e-02 1.389496028423e-02 1.101025007665e-02 1.224812492728e-02 1.371592376381e-02 2.046035975218e-02 2.540498599410e-02 2.982580661774e-02
2.428236883134e-03 4.526649136096e-03 5.871721543372e-03 6.485771853477e-03 6.724085658789e-03 6.918838247657e-03 7.104683667421e-03 7.240842096508e-03 7.454471196979e-03 7.668388541788e-03 7.512790616602e-03 7.061372976750e-03 7.213051430881e-03 9.576975367963e-03 1.126760337502e-02 1.186190918088e-02 1.079292595387e-02 9.602949954569e-03 8.109830319881e-03 6.865821778774e-03 5.612979643047e-03 5.241475068033e-03 4.324280656874e-03 4.809169098735e-03 5.673479754478e-03 5.966064054519e-03 6.588147953153e-03 7.937707006931e-03 9.609813801944e-03 1.051229424775e-02 1.035545300692e-02 9.776314720511e-03 1.196374278516e-02 1.606585271657e-02 1.866844668984e-02 1.684728451073e-02 1.262674853206e-02 1.083606202155e-02 1.255636848509e-02 1.478753425181e-02 1.985920965672e-02 2.228591404855e-02 2.571785636246e-02
1.672513666563e-03 2.817191183567e-03 3.498941659927e-03 3.979471046478e-03 4.281644243747e-03 4.545117262751e-03 4.797799978405e-03 5.008873064071e-03 5.261381156743e-03 5.519901402295e-03 5.553963594139e-03 5.375368054956e-03 5.170760210603e-03 4.987549968064e-03 5.035899113864e-03 5.712362006307e-03 6.024590227753e-03 5.943041760474e-03 5.453118123114e-03 5.205452442169e-03 4.469216801226e-03 4.193345550448e-03 3.701578360051e-03 4.899257794023e-03 6.040409207344e-03 6.616715807468e-03 6.577997934073e-03 6.512345746160e-03 7.938144728541e-03 8.827349171042e-03 9.038680233061e-03 8.982701227069e-03 1.215277891606e-02 1.700737699866e-02 1.876361481845e-02 1.565336622298e-02 1.105464715511e-02 1.089796703309e-02 1.313210651278e-02 1.474895048887e-02 1.704587042332e-02 1.962085440755e-02 2.015633881092e-02
1.352981431410e-03 2.304835710675e-03 2.905840054154e-03 3.195931669325e-03 3.402595641091e-03 3.577773692086e-03 3.706288523972e-03 3.730412106961e-03 3.854662645608e-03 4.003197420388e-03 4.034776706249e-03 3.967489115894e-03 3.900272073224e-03 3.811315633357e-03 3.960893489420e-03 4.551628604531e-03 4.838146734983e-03 4.773595836014e-03 4.414109978825e-03 4.121079575270e-03 4.343224223703e-03 4.217498470098e-03 3.677391912788e-03 4.891131073236e-03 6.172802764922e-03 6.955855991691e-03 7.047170307487e-03 6.823467556387e-03 6.989719346166e-03 7.658890914172e-03 7.974352687597e-03 8.398153819144e-03 1.209386158735e-02 1.664493046701e-02 1.713440567255e-02 1.346815191209e-02 1.023698318750e-02 1.128707081079e-02 1.375598087907e-02 1.453197281808e-02 1.511461846530e-02 1.634983904660e-02 1.501499488950e-02
1.298150396906e-03 2.079789293930e-03 2.638616599143e-03 2.896276535466e-03 3.006735118106e-03 3.101366339251e-03 3.134370315820e-03 3.092435421422e-03 3.106525167823e-03 3.145806957036e-03 3.173349425197e-03 3.293736604974e-03 3.388673067093e-03 3.465530229732e-03 3.556900424883e-03 3.697036765516e-03 3.952824510634e-03 4.004549700767e-03 4.042479675263e-03 3.881592070684e-03 3.990387544036e-03 4.171678330749e-03 3.703288733959e-03 4.633388947695e-03 5.856783594936e-03 6.670392118394e-03 6.812087260187e-03 6.666061934084e-03 7.030650973320e-03 7.232705596834e-03 7.366766221821e-03 7.858406752348e-03 1.134891249239e-02 1.494766771793e-02 1.451610494405e-02 1.157681923360e-02 1.005154009908e-02 1.210401952267e-02 1.392983086407e-02 1.359530258924e-02 1.315380353481e-02 1.326539181173e-02 1.223874557763e-02
1.216253265738e-03 1.930989907123e-03 2.423214027658e-03 2.641385421157e-03 2.734241541475e-03 2.802331931889e-03 2.808902645484e-03 2.746582031250e-03 2.758216345683e-03 2.965932711959e-03 3.144671441987e-03 3.305639140308e-03 3.447873983532e-03 3.567219246179e-03 3.675306914374e-03 3.779907012358e-03 3.857040544972e-03 3.868680680171e-03 3.791413269937e-03 3.690899815410e-03 3.699438879266e-03 4.026643466204e-03 3.806206397712e-03 4.203126300126e-03 5.240350496024e-03 5.960847716779e-03 6.897110026330e-03 7.527552079409e-03 7.554162759334e-03 7.307694759220e-03 7.142574526370e-03 7.324130740017e-03 9.978882968426e-03 1.245819777250e-02 1.192889828235e-02 1.033074315637e-02 1.085896231234e-02 1.232011150569e-02 1.317650824785e-02 1.195202395320e-02 1.102405693382e-02 1.047766581178e-02 1.047267392278e-02
1.121985027567e-03 1.778351608664e-03 2.228076336905e-03 2.436305861920e-03 2.523785689846e-03 2.560805762187e-03 2.540874294937e-03 2.536615822464e-03 2.585896756500e-03 2.807390177622e-03 3.006766317412e-03 3.193495795131e-03 3.364903386682e-03 3.508370835334e-03 3.619370749220e-03 3.691234393045e-03 3.699921071529e-03 4.001777153462e-03 4.086324945092e-03 3.792373929173e-03 3.460470819846e-03 3.695283317938e-03 3.771192161366e-03 3.777376143262e-03 4.610818810761e-03 5.208817776293e-03 6.292664445937e-03 7.310671266168e-03 7.549968082458e-03 7.300392258912e-03 7.001597434282e-03 6.912926677614e-03 7.968129590154e-03 9.669467806816e-03 9.489575400949e-03 8.768679574132e-03 9.393984451890e-03 1.044275704771e-02 1.080138050020e-02 9.398655965924e-03 8.640351705253e-03 8.009818382561e-03 7.897448725998e-03
1.042570220307e-03 1.655211322941e-03 2.082179300487e-03 2.289459574968e-03 2.364868065342e-03 2.368723740801e-03 2.329870127141e-03 2.345220185816e-03 2.439446747303e-03 2.533984603360e-03 2.733886241913e-03 2.927613211796e-03 3.106866730377e-03 3.257708624005e-03 3.366652643308e-03 3.508610883728e-03 3.850344568491e-03 4.333985969424e-03 4.548018332571e-03 4.425043240190e-03 4.050482064486e-03 3.603308694437e-03 3.705836366862e-03 3.752104705200e-03 4.107741173357e-03 4.588212352246e-03 4.729175008833e-03 5.691564641893e-03 6.439043208957e-03 6.665401160717e-03 6.582847796381e-03 6.651301402599e-03 6.857715081424e-03 7.119385991246e-03 7.041514385492e-03 6.808699108660e-03 7.204603403807e-03 8.388186804950e-03 8.927757851779e-03 7.335717324167e-03 6.558088585734e-03 5.856565199792e-03 6.433237809688e-03
9.851256618276e-04 1.568609615788e-03 1.980890985578e-03 2.177311107516e-03 2.229130128399e-03 2.210405422375e-03 2.171268919483e-03 2.166696358472e-03 2.242762362584e-03 2.338984282687e-03 2.376450691372e-03 2.564520807937e-03 2.737366128713e-03 2.885435475037e-03 3.015028778464e-03 3.350988961756e-03 3.917094785720e-03 4.469253122807e-03 4.843799863011e-03 4.956878256053e-03 4.821610637009e-03 4.534765146673e-03 4.189026542008e-03 3.870853921399e-03 3.720533335581e-03 4.112286493182e-03 4.192971158773e-03 4.017402883619e-03 4.884118679911e-03 5.604501347989e-03 6.080098915845e-03 6.431601941586e-03 6.647496949881e-03 6.462511606514e-03 5.773075856268e-03 5.635000765324e-03 6.341796368361e-03 7.956357672811e-03 9.223018772900e-03 8.282003924251e-03 6.094492040575e-03 5.446774885058e-03 6.192135624588e-03
9.643856901675e-04 1.533157890663e-03 1.928855082951e-03 2.102201106027e-03 2.128960331902e-03 2.098000375554e-03 2.086188411340e-03 2.114297589287e-03 2.096896991134e-03 2.116923686117e-03 2.175383036956e-03 2.404315164313e-03 2.644743770361e-03 2.894181059673e-03 3.114930819720e-03 3.427036572248e-03 3.984262701124e-03 4.548890981823e-03 5.057182628661e-03 5.372304469347e-03 5.426854826510e-03 5.293218884617e-03 5.065227858722e-03 4.832637496293e-03 4.696273244917e-03 4.608396906406e-03 4.439420532435e-03 4.185780417174e-03 4.836628213525e-03 5.425465758890e-03 5.865127779543e-03 6.266789510846e-03 6.480691954494e-03 6.055234000087e-03 5.761113017797e-03 5.920791998506e-03 6.389391608536e-03 7.685616146773e-03 8.881287649274e-03 8.053669705987e-03 6.220909301192e-03 5.424711387604e-03 6.173299625516e-03
9.807407623157e-04 1.551083056256e-03 1.933936378919e-03 2.085637068376e-03 2.093889284879e-03 2.050652401522e-03 2.053764881566e-03 2.063398016617e-03 2.108576474711e-03 2.119734184816e-03 2.252593170851e-03 2.479207003489e-03 2.700803801417e-03 2.911852207035e-03 3.082596231252e-03 3.528928849846e-03 4.160227719694e-03 4.757541231811e-03 5.335073452443e-03 5.754115059972e-03 5.891233216971e-03 5.804192274809e-03 5.589643958956e-03 5.322733893991e-03 5.103075411171e-03 4.885109607130e-03 4.519580863416e-03 4.129516426474e-03 4.739156924188e-03 5.251942202449e-03 5.692019127309e-03 6.116942036897e-03 6.259112153202e-03 5.753309465945e-03 5.842417478561e-03 6.028286181390e-03 6.534166634083e-03 7.448212243617e-03 8.022314868867e-03 7.053320761770e-03 5.774969235063e-03 5.037851631641e-03 5.730435252190e-03
1.006194739603e-03 1.586453290656e-03 1.963383750990e-03 2.102288184687e-03 2.099652541801e-03 2.089645015076e-03 2.178106922656e-03 2.239817753434e-03 2.274871570989e-03 2.280230866745e-03 2.260047243908e-03 2.382938051596e-03 2.630229340866e-03 2.942897612229e-03 3.044108860195e-03 3.458497580141e-03 4.258060362190e-03 4.948201589286e-03 5.495378747582e-03 5.839843768626e-03 5.916511174291e-03 5.757600534707e-03 5.459964741021e-03 5.111017264426e-03 4.783763084561e-03 4.454056732357e-03 3.987799398601e-03 4.126013722271e-03 4.649776965380e-03 5.111761856824e-03 5.532244220376e-03 5.883513949811e-03 5.886316299438e-03 5.421677138656e-03 5.957751534879e-03 7.441770751029e-03 7.041826378554e-03 7.382732816041e-03 7.112051825970e-03 6.025349255651e-03 5.226801149547e-03 4.583982750773e-03 5.201263818890e-03
9.920692536980e-04 1.559093128890e-03 1.918165362440e-03 2.046376233920e-03 2.042876090854e-03 2.098228083923e-03 2.155334223062e-03 2.183197066188e-03 2.190384780988e-03 2.177255926654e-03 2.178052207455e-03 2.444680780172e-03 2.845012815669e-03 3.186316229403e-03 3.288405248895e-03 3.217051504180e-03 4.071845673025e-03 4.777612164617e-03 5.175560247153e-03 5.315434653312e-03 5.240940023214e-03 4.956605378538e-03 4.578119609505e-03 4.249879624695e-03 3.983952105045e-03 3.697916399688e-03 3.707820083946e-03 4.093066323549e-03 4.556122701615e-03 4.971501883119e-03 5.333724897355e-03 5.534672643989e-03 5.380515474826e-03 5.199851002544e-03 6.213232409209e-03 6.647037342191e-03 6.788796745241e-03 7.417715620250e-03 7.192394230515e-03 5.895993672311e-03 5.089845042676e-03 4.678383935243e-03 5.051261745393e-03
9.082048782147e-04 1.418199506588e-03 1.734463847242e-03 1.845810329542e-03 1.956097781658e-03 2.041242551059e-03 2.004590351135e-03 1.923123374581e-03 1.900573377497e-03 2.031919779256e-03 2.218927256763e-03 2.565537346527e-03 3.032844280824e-03 3.386423224583e-03 3.485233057290e-03 3.427090588957e-03 3.727970412001e-03 4.328108392656e-03 4.552542231977e-03 4.502267111093e-03 4.277742002159e-03 3.881361801177e-03 3.724510315806e-03 4.409919027239e-03 4.471774213016e-03 4.286267329007e-03 4.198388196528e-03 4.213763866574e-03 4.430824890733e-03 4.792459309101e-03 5.044781137258e-03 5.052367690951e-03 4.744074307382e-03 4.803026560694e-03 5.661630071700e-03 8.059157058597e-03 6.904873065650e-03 9.682980366051e-03 8.590918965638e-03 7.231201976538e-03 6.129899993539e-03 5.046604666859e-03 5.690926685929e-03
9.391548228450e-04 1.384389703162e-03 1.698945648968e-03 1.962815411389e-03 2.162707503885e-03 2.209994010627e-03 2.145846141502e-03 2.024888526648e-03 1.883913530037e-03 2.051363000646e-03 2.273700200021e-03 2.693947870284e-03 3.210970200598e-03 3.571062581614e-03 3.668338991702e-03 3.611020511016e-03 3.422502661124e-03 3.941440489143e-03 4.092743620276e-03 4.316111560911e-03 5.862700287253e-03 5.374590866268e-03 4.043933935463e-03 4.599854350090e-03 4.465364385396e-03 4.113125149161e-03 3.905664198101e-03 3.908312413841e-03 4.280047956854e-03 4.559069871902e-03 4.655657801777e-03 4.472665488720e-03 4.065184388310e-03 4.315290600061e-03 4.787477198988e-03 7.165187504143e-03 8.981403894722e-03 1.406713016331e-02 1.300945039839e-02 8.567777462304e-03 6.524570286274e-03 6.007785908878e-03 7.403582800180e-03
