100/SI/f195.grd
DSAA
101	101
32.816463539100	34.260883539100
35.556306596100	36.727886596100
9.346837759949e-05	1.527560043335e+01
[rows 0 to 18 of 101, columns 43 to 85 of 101]
2.227795496583e-02 3.801601752639e-02 4.379520565271e-02 3.470606356859e-02 2.418868802488e-02 2.435675822198e-02 2.095564827323e-02 1.914723590016e-02 1.259428355843e-02 1.827308163047e-02 2.423443086445e-02 2.870421297848e-02 3.422617912292e-02 4.888328164816e-02 2.194607071579e-02 2.704801037908e-02 3.433387726545e-02 3.747758641839e-02 2.532037533820e-02 1.683254539967e-02 1.899851113558e-02 2.469473332167e-02 2.535042911768e-02 2.767264097929e-02 2.807314880192e-02 2.012668177485e-02 1.348923612386e-02 1.360712107271e-02 2.571139670908e-02 3.857299685478e-02 3.100482746959e-02 1.520090829581e-02 1.920303143561e-02 1.252399943769e-02 1.281255204231e-02 1.100166048855e-02 9.418577887118e-03 8.561399765313e-03 6.299742031842e-03 6.356895435601e-03 8.474527858198e-03 1.416497863829e-02 1.407447457314e-02
3.861443325877e-02 6.885148584843e-02 8.597952127457e-02 7.608074694872e-02 5.703200027347e-02 5.276505276561e-02 4.378673061728e-02 3.713688999414e-02 3.450201451778e-02 4.012586176395e-02 4.467151686549e-02 5.081684887409e-02 6.768560409546e-02 9.761408716440e-02 4.179245606065e-02 5.137351900339e-02 6.485196948051e-02 7.013429701328e-02 4.815578833222e-02 3.244927525520e-02 3.745728358626e-02 4.709514230490e-02 5.016784369946e-02 4.834571853280e-02 4.966614767909e-02 4.190711677074e-02 2.501014620066e-02 2.826449088752e-02 5.810605362058e-02 9.240177273750e-02 5.516731366515e-02 2.507528290153e-02 3.757028281689e-02 2.305415086448e-02 2.479147724807e-02 2.051027119160e-02 1.683391444385e-02 1.506276614964e-02 1.213122438639e-02 1.210075803101e-02 1.874577067792e-02 2.869579568505e-02 2.673400752246e-02
4.862179234624e-02 7.029810547829e-02 9.604164958000e-02 9.442821890116e-02 7.674805074930e-02 7.672448456287e-02 5.190825834870e-02 4.572371393442e-02 6.164309009910e-02 6.162582337856e-02 4.438917711377e-02 5.627277493477e-02 7.212291657925e-02 1.020897328854e-01 4.861102253199e-02 5.842699483037e-02 7.255483418703e-02 8.025538921356e-02 5.546946451068e-02 4.344572499394e-02 4.343642666936e-02 4.728382825851e-02 5.641964077950e-02 6.061427295208e-02 7.319188863039e-02 5.633382499218e-02 3.251022100449e-02 3.494917973876e-02 7.629839330912e-02 1.193319261074e-01 5.654233694077e-02 2.914996258914e-02 4.327079653740e-02 2.543940022588e-02 2.766586653888e-02 2.425932325423e-02 2.155937999487e-02 1.713735796511e-02 1.408906467259e-02 1.723079010844e-02 2.375602535903e-02 3.176525980234e-02 2.735675312579e-02
5.601577460766e-02 6.361715495586e-02 8.588163554668e-02 9.327962249517e-02 8.317595720291e-02 1.026876121759e-01 5.440585687757e-02 6.251703947783e-02 8.815570175648e-02 9.078326076269e-02 6.036131829023e-02 5.885741114616e-02 7.388287782669e-02 1.030180230737e-01 5.104627832770e-02 6.521714478731e-02 7.440730929375e-02 8.361525833607e-02 5.997637286782e-02 5.701970681548e-02 4.665778577328e-02 5.901152268052e-02 7.136610895395e-02 7.031736522913e-02 9.719330817461e-02 6.949376314878e-02 3.664054349065e-02 4.163984209299e-02 8.903994411230e-02 1.294745951891e-01 5.327994003892e-02 3.245745971799e-02 4.589161276817e-02 2.576474100351e-02 2.825267799199e-02 3.091928549111e-02 2.610819600523e-02 1.966770179570e-02 1.682335324585e-02 2.131266519427e-02 2.836364135146e-02 3.308559581637e-02 2.620631828904e-02
5.507789924741e-02 7.626013457775e-02 6.773804128170e-02 7.883479446173e-02 7.667869329453e-02 1.304108053446e-01 5.236199125648e-02 7.717742025852e-02 1.126245781779e-01 1.209547668695e-01 8.523525297642e-02 6.140419468284e-02 7.595435529947e-02 1.035284921527e-01 5.297331139445e-02 7.141823321581e-02 7.528989017010e-02 8.639618009329e-02 6.640953570604e-02 7.013118267059e-02 5.521660670638e-02 7.460179179907e-02 9.063863009214e-02 8.816366642714e-02 1.208740249276e-01 8.035144954920e-02 4.387186467648e-02 4.463605955243e-02 9.431694447994e-02 1.251477152109e-01 5.752023681998e-02 3.866796940565e-02 4.747885093093e-02 3.051322326064e-02 3.498052060604e-02 3.630772978067e-02 2.901731245220e-02 2.052097022533e-02 2.139410749078e-02 2.323599718511e-02 3.310243040323e-02 3.355413675308e-02 2.507135458291e-02
4.775958880782e-02 8.094022423029e-02 6.072085350752e-02 6.247948855162e-02 6.665869802237e-02 1.580468416214e-01 5.916075780988e-02 8.780331909657e-02 1.342737823725e-01 1.508402228355e-01 1.112875044346e-01 6.473109871149e-02 7.876218855381e-02 1.039569750428e-01 5.873208492994e-02 7.656912505627e-02 7.510254532099e-02 8.884982764721e-02 6.801062077284e-02 8.139492571354e-02 6.691014021635e-02 9.034042805433e-02 1.079429611564e-01 1.033056676388e-01 1.420300453901e-01 8.660608530045e-02 4.826498031616e-02 5.218931660056e-02 9.028067439795e-02 1.015203446150e-01 5.715819448233e-02 4.469809681177e-02 4.793335869908e-02 3.409789875150e-02 4.094242677093e-02 4.034979641438e-02 3.042239509523e-02 2.137966454029e-02 2.411075495183e-02 2.602549269795e-02 3.782793879509e-02 3.413708508015e-02 2.404585480690e-02
4.350681975484e-02 7.748820632696e-02 6.091865152121e-02 4.882654547691e-02 6.171611696482e-02 1.834733486176e-01 6.536229699850e-02 9.283596277237e-02 1.491981744766e-01 1.736489385366e-01 1.349269300699e-01 7.135985791683e-02 8.124317228794e-02 1.039521545172e-01 5.942479521036e-02 8.158115297556e-02 7.382361590862e-02 9.055607765913e-02 6.539891660213e-02 8.608809858561e-02 7.655881345272e-02 1.015593260527e-01 1.196989566088e-01 1.117049306631e-01 1.575454920530e-01 8.719203621149e-02 4.659485071898e-02 5.845387652516e-02 7.735386490822e-02 7.058791816235e-02 5.351634323597e-02 5.066383630037e-02 4.759661853313e-02 3.634384647012e-02 4.567271098495e-02 4.271450266242e-02 3.027776442468e-02 2.516590990126e-02 2.376290224493e-02 3.537579625845e-02 4.322217032313e-02 3.500264510512e-02 2.245036140084e-02
5.017790198326e-02 7.397709786892e-02 5.884642153978e-02 5.495725199580e-02 6.949570029974e-02 2.076625674963e-01 7.462494075298e-02 8.980733156204e-02 1.507475674152e-01 1.833426505327e-01 1.534823179245e-01 9.332051873207e-02 8.444338291883e-02 1.045244261622e-01 5.926355719566e-02 8.627958595753e-02 7.164706289768e-02 9.168228507042e-02 6.739106774330e-02 8.151996880770e-02 8.233124017715e-02 1.068226769567e-01 1.225381046534e-01 1.116793677211e-01 1.664820760489e-01 8.396331220865e-02 5.342913046479e-02 6.965291500092e-02 5.872933566570e-02 5.641004070640e-02 6.024005636573e-02 5.665667355061e-02 4.627377912402e-02 4.693691805005e-02 4.867510125041e-02 4.301270097494e-02 2.861936390400e-02 2.585490234196e-02 2.969733439386e-02 4.760432615876e-02 4.731525853276e-02 3.331380710006e-02 1.877410523593e-02
5.640388652682e-02 7.419945299625e-02 5.839901790023e-02 5.950396135449e-02 7.697957754135e-02 2.301806062460e-01 8.432806283236e-02 7.891038060188e-02 1.376367509365e-01 1.785280257463e-01 1.644906252623e-01 1.137756183743e-01 8.782538771629e-02 1.198500394821e-01 6.664694100618e-02 9.094426035881e-02 7.178793847561e-02 9.246040880680e-02 6.875375658274e-02 7.203513383865e-02 8.596352487803e-02 1.046459451318e-01 1.162810474634e-01 1.123788133264e-01 1.654054373503e-01 7.424110174179e-02 6.372515112162e-02 8.162184804678e-02 5.741826072335e-02 6.948013603687e-02 7.596787810326e-02 6.243962794542e-02 5.382389947772e-02 5.840724706650e-02 5.967510864139e-02 4.101897776127e-02 2.791995927691e-02 2.494091726840e-02 4.722431674600e-02 5.756977573037e-02 4.571895301342e-02 2.642179653049e-02 2.230389416218e-02
6.053224951029e-02 7.559424638748e-02 5.783895403147e-02 5.829459428787e-02 8.414293825626e-02 2.483246475458e-01 9.282126277685e-02 6.472621858120e-02 1.171164810658e-01 1.628352850676e-01 1.656446456909e-01 1.299569308758e-01 9.091112017632e-02 1.293411403894e-01 8.379765599966e-02 9.611352533102e-02 9.528528898954e-02 9.383547306061e-02 6.945578008890e-02 8.624702692032e-02 8.415230363607e-02 9.689950197935e-02 1.025558412075e-01 1.253945827484e-01 1.535978168249e-01 5.948084592819e-02 7.423859089613e-02 9.355065971613e-02 6.596796959639e-02 8.056860417128e-02 8.949252963066e-02 7.349564880133e-02 5.985935032368e-02 6.196459755301e-02 6.472434848547e-02 3.703800961375e-02 2.600526995957e-02 4.484954848886e-02 6.340447068214e-02 5.808294937015e-02 3.530152142048e-02 2.307907678187e-02 2.185200154781e-02
6.135777011514e-02 7.823167741299e-02 5.739403888583e-02 6.268344074488e-02 9.060622006655e-02 2.628947794437e-01 1.005998030305e-01 6.459676474333e-02 9.359957277775e-02 1.373188346624e-01 1.534907668829e-01 1.383527964354e-01 1.112362816930e-01 1.287801563740e-01 1.060918197036e-01 1.011656373739e-01 1.346004456282e-01 1.007479503751e-01 6.922985613346e-02 1.143239215016e-01 9.348790347576e-02 8.529394865036e-02 1.257310211658e-01 1.335255652666e-01 1.336660534143e-01 5.968835577369e-02 8.310773968697e-02 1.018479987979e-01 6.886118650436e-02 8.703855425119e-02 1.013823896646e-01 8.564792573452e-02 5.541597679257e-02 5.383737385273e-02 6.119277328253e-02 3.181269392371e-02 4.079248011112e-02 6.632585078478e-02 6.792797148228e-02 4.505942016840e-02 2.262904495001e-02 2.081863954663e-02 2.108965627849e-02
5.959605425596e-02 8.117105811834e-02 7.469853758812e-02 7.083295285702e-02 9.643823653460e-02 2.722022831440e-01 1.055144369602e-01 6.705126911402e-02 7.810276746750e-02 1.063416898251e-01 1.310098767281e-01 1.360049694777e-01 1.239252686501e-01 1.345761567354e-01 1.286263763905e-01 1.057464107871e-01 1.801684945822e-01 1.328774690628e-01 6.982421129942e-02 1.389910429716e-01 1.042970344424e-01 1.112607046962e-01 1.655973494053e-01 1.353546231985e-01 1.082320958376e-01 6.188258156180e-02 8.688830584288e-02 1.041158363223e-01 6.592039763927e-02 8.647452294827e-02 1.075485795736e-01 9.520167857409e-02 5.602763965726e-02 4.297291487455e-02 5.671664327383e-02 3.457337245345e-02 6.553436070681e-02 7.643493264914e-02 5.434663221240e-02 2.755646407604e-02 2.439889498055e-02 2.706075459719e-02 2.867139689624e-02
6.020203232765e-02 8.409187197685e-02 9.429364651442e-02 6.498160213232e-02 1.019553765655e-01 2.797423601151e-01 1.077505797148e-01 6.919885426760e-02 7.825826853514e-02 1.005713865161e-01 1.006499230862e-01 1.207678243518e-01 1.268748492002e-01 1.498574316502e-01 1.384588778019e-01 1.171656027436e-01 2.248773574829e-01 1.623363643885e-01 7.632502168417e-02 1.582614481449e-01 1.094754934311e-01 1.350004374981e-01 1.953011453152e-01 1.262649148703e-01 7.981794327497e-02 7.371082156897e-02 8.357156068087e-02 9.851112961769e-02 6.042388826609e-02 7.915315777063e-02 1.040868014097e-01 9.764299541712e-02 5.932557582855e-02 3.710526227951e-02 5.427533760667e-02 6.045951321721e-02 8.272061496973e-02 6.555588543415e-02 3.347096219659e-02 2.638306654990e-02 2.554748766124e-02 3.482541441917e-02 3.410149738193e-02
5.375822260976e-02 8.706659823656e-02 1.022104695439e-01 7.251419126987e-02 1.076165139675e-01 2.883446812630e-01 1.092035248876e-01 7.185817509890e-02 7.150611281395e-02 9.696665406227e-02 7.959539443254e-02 9.515886753798e-02 1.366851031780e-01 1.606206595898e-01 1.284102201462e-01 1.449826806784e-01 2.604199349880e-01 1.860813051462e-01 8.970525860786e-02 1.715158671141e-01 1.096923127770e-01 1.468055248260e-01 2.045557051897e-01 1.050885170698e-01 6.976894289255e-02 9.374132007360e-02 9.685921669006e-02 8.768155425787e-02 5.994367972016e-02 6.640353798866e-02 9.210635721684e-02 9.238918870687e-02 5.923508852720e-02 3.678898885846e-02 5.482381954789e-02 8.461561799049e-02 7.859770208597e-02 4.232184588909e-02 2.982888929546e-02 2.539122290909e-02 2.764254435897e-02 3.939061984420e-02 3.628797456622e-02
7.332351058722e-02 9.055729955435e-02 1.023062169552e-01 1.182801499963e-01 1.134709641337e-01 2.935214638710e-01 1.087599694729e-01 8.585705608130e-02 6.116653233767e-02 8.872468769550e-02 7.440424710512e-02 1.045975983143e-01 1.439749002457e-01 1.713919490576e-01 1.383969038725e-01 1.722790151834e-01 2.896108925343e-01 1.999437361956e-01 9.753093123436e-02 1.827125847340e-01 1.203992143273e-01 1.431528329849e-01 1.966154128313e-01 8.712539076805e-02 7.414977997541e-02 1.122894957662e-01 1.229997947812e-01 7.660081237555e-02 6.105943024158e-02 5.581858009100e-02 7.639984041452e-02 8.285991847515e-02 5.609128624201e-02 4.137985408306e-02 8.052975684404e-02 9.086053818464e-02 5.477458238602e-02 2.869402989745e-02 3.068688325584e-02 2.370534650981e-02 3.163728863001e-02 4.184288531542e-02 4.525252059102e-02
9.680824726820e-02 9.473634511232e-02 1.007387042046e-01 1.452531665564e-01 1.178964823484e-01 2.950680851936e-01 1.055957823992e-01 9.840169548988e-02 6.470388174057e-02 9.090851247311e-02 7.708301395178e-02 1.120827421546e-01 1.507655531168e-01 1.818737536669e-01 1.336528807878e-01 1.947339028120e-01 2.951123416424e-01 1.894763410091e-01 1.156949326396e-01 1.920737624168e-01 1.207645162940e-01 1.308762878180e-01 1.700683236122e-01 8.287318050861e-02 8.109375089407e-02 1.291843205690e-01 1.324841976166e-01 6.900825351477e-02 6.642694771290e-02 5.839213728905e-02 8.047838509083e-02 6.970083713531e-02 4.991601034999e-02 7.240203022957e-02 9.762196242809e-02 7.020397484303e-02 3.935597091913e-02 2.577820979059e-02 3.093257918954e-02 2.704865485430e-02 4.087758809328e-02 5.326251313090e-02 5.304493382573e-02
1.139985173941e-01 1.235174983740e-01 1.167245134711e-01 1.342446506023e-01 1.257132291794e-01 2.926416099072e-01 1.148753091693e-01 1.081569641829e-01 6.791479885578e-02 9.225596487522e-02 8.521266281605e-02 1.159848421812e-01 1.588800698519e-01 1.921985000372e-01 1.228564083576e-01 2.090037316084e-01 2.781179249287e-01 1.681470125914e-01 1.272494643927e-01 1.990715861320e-01 1.078512966633e-01 1.044917851686e-01 1.320800334215e-01 7.670667767525e-02 9.529928863049e-02 1.293272525072e-01 1.222625896335e-01 7.307425886393e-02 7.643021643162e-02 6.470058858395e-02 8.731534332037e-02 6.083915382624e-02 6.193263828754e-02 9.773460030556e-02 8.607264608145e-02 6.035869568586e-02 3.365376219153e-02 2.809645794332e-02 3.475660830736e-02 3.913285583258e-02 5.705267190933e-02 5.853954330087e-02 4.875382035971e-02
1.493394970894e-01 1.482230126858e-01 1.600365489721e-01 1.234008222818e-01 1.490065008402e-01 2.834278345108e-01 1.307900995016e-01 1.180406510830e-01 9.215655177832e-02 9.240845590830e-02 9.937154501677e-02 1.502306014299e-01 1.655731350183e-01 2.036891579628e-01 1.329310685396e-01 2.100410163403e-01 2.473253756762e-01 1.609192937613e-01 1.310866177082e-01 2.042657434940e-01 9.689050912857e-02 8.578160405159e-02 9.948088973761e-02 8.221814036369e-02 1.036235168576e-01 1.157308369875e-01 9.045519679785e-02 8.063882589340e-02 8.910761773586e-02 7.377725094557e-02 9.026610106230e-02 5.740212649107e-02 9.239323437214e-02 9.715759754181e-02 8.662725239992e-02 5.461391806602e-02 3.913211077452e-02 3.440065309405e-02 4.160295426846e-02 5.676425620914e-02 6.344744563103e-02 5.110277608037e-02 3.792596235871e-02
1.657033860683e-01 1.639727503061e-01 1.978007107973e-01 1.841903775930e-01 1.259265094995e-01 2.674638926983e-01 1.216295957565e-01 1.364378035069e-01 1.273283958435e-01 1.056022271514e-01 1.079400256276e-01 1.810240298510e-01 1.904346346855e-01 2.164150625467e-01 1.483967900276e-01 1.977448910475e-01 2.448292970657e-01 1.962958574295e-01 1.274499148130e-01 2.049839347601e-01 9.749718755484e-02 9.253347665071e-02 1.010748744011e-01 9.141330420971e-02 9.713521599770e-02 9.108766913414e-02 8.399580419064e-02 9.395758807659e-02 9.762479364872e-02 7.652760297060e-02 8.951274305582e-02 8.678131550550e-02 1.029931604862e-01 9.689555317163e-02 9.231349080801e-02 6.728222221136e-02 4.797749966383e-02 4.438849911094e-02 5.385578796268e-02 6.362147629261e-02 5.256114900112e-02 4.322775453329e-02 3.883098810911e-02
