100/SI/f195.grd
DSAA
101	101
32.816463539100	34.260883539100
35.556306596100	36.727886596100
9.346837759949e-05	1.527560043335e+01
[rows 19 to 37 of 101, columns 0 to 42 of 101]
2.934963814914e-02 5.983328446746e-02 7.651036977768e-02 7.794985175133e-02 6.429010629654e-02 5.093707889318e-02 3.483252599835e-02 3.950185328722e-02 4.766142368317e-02 5.733236297965e-02 7.546974718571e-02 9.014265239239e-02 8.779428154230e-02 9.520017355680e-02 9.591158479452e-02 9.299809485674e-02 8.843217045069e-02 8.476270735264e-02 9.823357313871e-02 8.848343044519e-02 9.130122512579e-02 9.851595759392e-02 1.053251922131e-01 1.007646769285e-01 8.987420797348e-02 7.600564509630e-02 7.864599674940e-02 1.257743388414e-01 1.499004811049e-01 1.129163652658e-01 1.038736477494e-01 9.543699026108e-02 1.010222733021e-01 1.009966880083e-01 1.011181026697e-01 9.775313735008e-02 7.801795005798e-02 6.816937029362e-02 7.308752834797e-02 7.026356458664e-02 1.017297059298e-01 2.511637210846e-01 1.167155578732e-01
2.295222133398e-02 4.822671413422e-02 6.502866744995e-02 7.113157957792e-02 6.324255466461e-02 6.081748008728e-02 5.572568625212e-02 3.971485421062e-02 5.296295881271e-02 6.185830384493e-02 6.577200442553e-02 8.248592168093e-02 7.313478738070e-02 8.528888225555e-02 9.218819439411e-02 9.511612355709e-02 9.490975737572e-02 9.058282524347e-02 1.142897084355e-01 9.165626764297e-02 1.075746566057e-01 1.287119537592e-01 1.386622041464e-01 1.347192227840e-01 1.263963282108e-01 9.776969254017e-02 1.042006537318e-01 1.018010303378e-01 1.575293391943e-01 1.146854907274e-01 9.806010872126e-02 9.243913739920e-02 9.000083059072e-02 9.071655571461e-02 8.588705956936e-02 1.111993193626e-01 7.420147210360e-02 7.804822921753e-02 7.995020598173e-02 8.193953335285e-02 1.260111331940e-01 2.125834375620e-01 1.739788055420e-01
1.770471595228e-02 3.568032011390e-02 4.914671927691e-02 5.656274408102e-02 5.337869748473e-02 4.646952450275e-02 5.739846825600e-02 5.681965127587e-02 6.510414183140e-02 7.767452299595e-02 8.959419280291e-02 1.180784553289e-01 1.416675895452e-01 1.296967417002e-01 8.828489482403e-02 8.513232320547e-02 8.994593471289e-02 9.396296739578e-02 1.665154695511e-01 1.339970827103e-01 1.007961034775e-01 1.565386205912e-01 1.658834218979e-01 1.812008023262e-01 1.492519527674e-01 1.321604996920e-01 1.302127391100e-01 8.061902970076e-02 1.482191085815e-01 1.057786792517e-01 8.127029240131e-02 8.456768840551e-02 9.984268993139e-02 8.247347921133e-02 9.031978994608e-02 1.176469847560e-01 9.371205419302e-02 8.281200379133e-02 8.635850995779e-02 9.284157305956e-02 1.469377875328e-01 1.522166281939e-01 2.309529632330e-01
2.379630319774e-02 4.274226725101e-02 4.146565496922e-02 4.343442618847e-02 5.072755366564e-02 6.420049816370e-02 7.497835159302e-02 8.976379036903e-02 1.090441793203e-01 1.370822638273e-01 1.745601743460e-01 2.189968675375e-01 2.461528331041e-01 2.139566540718e-01 1.344979256392e-01 8.229377865791e-02 1.135689392686e-01 1.595359891653e-01 2.018281519413e-01 1.641214936972e-01 1.294813603163e-01 1.699607968330e-01 1.808514893055e-01 2.034891396761e-01 1.484434455633e-01 1.505045443773e-01 1.546540558338e-01 9.705717116594e-02 1.210318952799e-01 8.765181899071e-02 8.316535502672e-02 8.236581087112e-02 1.035478785634e-01 1.052845939994e-01 1.047893911600e-01 9.984559565783e-02 1.317873746157e-01 9.204201400280e-02 9.279534965754e-02 1.019490882754e-01 1.637946069241e-01 1.420273035765e-01 2.681972384453e-01
2.310210280120e-02 4.764979332685e-02 5.171996355057e-02 4.954932630062e-02 6.358673423529e-02 8.637230098248e-02 9.468500316143e-02 1.001466810703e-01 1.109822690487e-01 1.284805834293e-01 1.551559418440e-01 1.770187020302e-01 1.813363283873e-01 1.551741063595e-01 1.137101277709e-01 1.012594401836e-01 1.104882881045e-01 1.487845629454e-01 1.982545852661e-01 1.259832233191e-01 1.213287934661e-01 1.713738888502e-01 1.805997490883e-01 1.951266825199e-01 1.556402295828e-01 1.500149965286e-01 1.743313074112e-01 1.486779302359e-01 1.501261591911e-01 1.279314160347e-01 1.105714365840e-01 1.631208360195e-01 1.524363607168e-01 1.136384755373e-01 1.107315346599e-01 1.107863485813e-01 1.461007893085e-01 1.070877313614e-01 1.013957411051e-01 1.076354309916e-01 1.732420623302e-01 1.439926773310e-01 2.739417552948e-01
4.607173427939e-02 7.955825328827e-02 5.179134383798e-02 5.190949514508e-02 5.849257856607e-02 7.516621053219e-02 8.510064333677e-02 8.423601090908e-02 8.377271890640e-02 8.719693124294e-02 9.219001233578e-02 9.766428917646e-02 9.307698160410e-02 1.025738716125e-01 1.038353741169e-01 9.299735724926e-02 9.267824143171e-02 1.706282347441e-01 1.952028274536e-01 1.036635190248e-01 1.046703159809e-01 1.586653292179e-01 1.713730543852e-01 1.662704497576e-01 1.516359001398e-01 1.372557133436e-01 1.876766085625e-01 1.644425392151e-01 1.373242586851e-01 1.329104304314e-01 1.302645206451e-01 2.099257856607e-01 3.124946355820e-01 2.975468933582e-01 2.693588137627e-01 2.570633292198e-01 2.670696377754e-01 1.646170318127e-01 1.395939588547e-01 1.151809543371e-01 1.772403270006e-01 1.390776932240e-01 2.424672096968e-01
8.541883528233e-02 1.809886991978e-01 1.864337325096e-01 1.635149270296e-01 1.021646782756e-01 5.887900292873e-02 5.686775967479e-02 5.962517112494e-02 6.490702182055e-02 8.391263335943e-02 1.006184518337e-01 1.124799549580e-01 1.161302849650e-01 1.113388091326e-01 1.016525924206e-01 1.052706986666e-01 1.107834205031e-01 1.662416160107e-01 1.638664603233e-01 9.645648300648e-02 1.043955758214e-01 1.294332444668e-01 1.481720060110e-01 1.379970610142e-01 1.560608744621e-01 1.505085527897e-01 1.947340369225e-01 2.071764767170e-01 2.203297615051e-01 1.972592324018e-01 1.487951129675e-01 1.248266771436e-01 2.530324459076e-01 2.764066457748e-01 3.047395050526e-01 3.686431050301e-01 4.607638418674e-01 2.809917330742e-01 2.060963809490e-01 1.750085949898e-01 1.740566194057e-01 1.297371834517e-01 1.814700365067e-01
9.125252068043e-02 1.967376619577e-01 2.270573526621e-01 2.680535018444e-01 2.935347557068e-01 2.547392845154e-01 1.428335160017e-01 7.807950675488e-02 1.065024957061e-01 1.243822202086e-01 1.277787983418e-01 1.208758354187e-01 1.131130829453e-01 1.523797810078e-01 1.679424196482e-01 1.667863428593e-01 1.642289310694e-01 1.597827523947e-01 1.578361839056e-01 1.524503231049e-01 1.490115672350e-01 1.490074396133e-01 1.445468962193e-01 1.810555905104e-01 2.179944962263e-01 1.885627508163e-01 2.131219506264e-01 2.736895084381e-01 2.767450809479e-01 2.458633184433e-01 1.836014688015e-01 1.343931704760e-01 1.484074443579e-01 2.334425449371e-01 3.479549288750e-01 3.063008785248e-01 3.115837574005e-01 2.358365356922e-01 2.512450516224e-01 2.558948397636e-01 2.082000225782e-01 1.340160369873e-01 1.614922583103e-01
5.860112607479e-02 1.293091028929e-01 1.503873914480e-01 1.846056729555e-01 2.402457743883e-01 3.159541487694e-01 3.571318387985e-01 2.778388559818e-01 1.451437175274e-01 1.344693899155e-01 1.197251006961e-01 1.544496268034e-01 1.821808367968e-01 1.897870898247e-01 1.803996562958e-01 1.803039461374e-01 1.784851700068e-01 1.731387525797e-01 1.813646703959e-01 1.830175966024e-01 1.880949586630e-01 2.043696641922e-01 1.932170838118e-01 1.779100745916e-01 1.718721538782e-01 2.218063920736e-01 2.125650495291e-01 2.624926269054e-01 2.887448668480e-01 2.592094540596e-01 1.937345117331e-01 2.101559489965e-01 2.711746394634e-01 3.629449009895e-01 4.328825175762e-01 3.133711516857e-01 2.180727869272e-01 1.820722073317e-01 2.253734767437e-01 2.889486253262e-01 3.155783414841e-01 2.144106179476e-01 1.612383872271e-01
4.029696807265e-02 7.912179082632e-02 9.876725077629e-02 9.094990044832e-02 1.045446842909e-01 1.565028429031e-01 2.447702288628e-01 3.321005403996e-01 3.312980830669e-01 2.280024588108e-01 1.727474033833e-01 1.824107319117e-01 1.849233061075e-01 1.766444891691e-01 1.736481934786e-01 1.707631349564e-01 1.618969291449e-01 1.736847758293e-01 1.781811416149e-01 1.847755461931e-01 1.958187371492e-01 1.889574527740e-01 1.815595626831e-01 1.792099326849e-01 1.762397885323e-01 1.733341068029e-01 1.825321912766e-01 2.033049464226e-01 2.448051869869e-01 2.546962499619e-01 1.996077448130e-01 2.436848431826e-01 2.936303019524e-01 3.335796594620e-01 3.230427801609e-01 2.022998631001e-01 2.129805684090e-01 2.452699989080e-01 2.647691965103e-01 2.380460798740e-01 3.533095717430e-01 3.593962192535e-01 2.013299465179e-01
4.675543680787e-02 9.203592687845e-02 9.140721708536e-02 1.122543588281e-01 9.214109182358e-02 7.966516911983e-02 9.371224045753e-02 1.724239289761e-01 2.768394351006e-01 3.217719495296e-01 2.621910274029e-01 1.745211482048e-01 1.658589392900e-01 1.622024476528e-01 1.517481207848e-01 1.473977565765e-01 1.521006822586e-01 1.652017086744e-01 1.608218103647e-01 1.605327278376e-01 1.448851078749e-01 1.188666000962e-01 1.503393203020e-01 1.334233582020e-01 2.020129561424e-01 1.804256737232e-01 2.065745443106e-01 2.270263135433e-01 1.898911893368e-01 2.048771232367e-01 2.273129224777e-01 2.446992844343e-01 2.118503302336e-01 2.609862387180e-01 1.936046928167e-01 1.657618582249e-01 2.149605154991e-01 2.964991927147e-01 3.551938831806e-01 3.363596498966e-01 2.859160304070e-01 4.442360103130e-01 3.345563113689e-01
6.038800626993e-02 1.160905808210e-01 1.079616919160e-01 1.109496429563e-01 1.237050145864e-01 9.278395026922e-02 1.289910525084e-01 1.567515432835e-01 1.733474731445e-01 2.421883791685e-01 3.119614422321e-01 2.828674614429e-01 1.731549352407e-01 1.392755508423e-01 1.370328515768e-01 1.402267962694e-01 1.451579034328e-01 1.433927565813e-01 1.513135433197e-01 1.488185375929e-01 1.297803819180e-01 1.076119318604e-01 1.151778772473e-01 1.842232942581e-01 2.748575210571e-01 3.701928853989e-01 4.447659850121e-01 3.620120882988e-01 2.441105395555e-01 2.281390130520e-01 2.803087532520e-01 1.975574940443e-01 1.474821865559e-01 3.250148892403e-01 1.352303326130e-01 1.923387795687e-01 1.779863238335e-01 2.492816448212e-01 3.628093004227e-01 3.903822004795e-01 3.360313773155e-01 3.741210699081e-01 5.075520277023e-01
5.486997216940e-02 1.199307963252e-01 1.267764419317e-01 1.238754764199e-01 1.308100819588e-01 1.324973851442e-01 1.589002162218e-01 1.670662164688e-01 1.659336686134e-01 1.568215936422e-01 2.167736291885e-01 3.090544044971e-01 3.016592264175e-01 2.081236094236e-01 1.314912438393e-01 1.312332451344e-01 1.265251636505e-01 1.157226413488e-01 1.549294888973e-01 1.612722724676e-01 1.630390137434e-01 1.360173523426e-01 1.246712207794e-01 2.281540930271e-01 3.873083591461e-01 5.711246728897e-01 6.702839732170e-01 6.407126188278e-01 4.171894788742e-01 2.632786333561e-01 3.021011650562e-01 2.541873753071e-01 2.364111691713e-01 3.969798684120e-01 2.049926966429e-01 3.957175314426e-01 2.864750027657e-01 2.046778351068e-01 2.772010862827e-01 3.987060785294e-01 4.088719785213e-01 3.455324769020e-01 5.444354414940e-01
6.746070832014e-02 1.373370885849e-01 1.389057785273e-01 1.348784714937e-01 1.399657428265e-01 1.586934179068e-01 1.599001437426e-01 1.616496592760e-01 1.486119627953e-01 1.369734704494e-01 1.324331611395e-01 1.864992976189e-01 2.997108697891e-01 3.159308433533e-01 2.394112348557e-01 1.134006530046e-01 1.055371388793e-01 1.182413697243e-01 1.376548111439e-01 2.194607853889e-01 1.983881592751e-01 1.818248629570e-01 1.668540537357e-01 2.277151346207e-01 3.960675299168e-01 5.651159286499e-01 7.693378925323e-01 9.014497995377e-01 7.517642974854e-01 3.630712330341e-01 3.282096683979e-01 3.560991287231e-01 3.395757675171e-01 4.694748520851e-01 2.611643075943e-01 5.294360518456e-01 4.386686980724e-01 2.886777818203e-01 2.645152807236e-01 3.836208581924e-01 8.215286731720e-01 4.170904755592e-01 4.439004957676e-01
8.859749138355e-02 1.667314767838e-01 1.548795998096e-01 1.653145700693e-01 1.754261851311e-01 1.853212565184e-01 1.967404782772e-01 2.045890241861e-01 2.090428024530e-01 2.097420990467e-01 2.034501433372e-01 1.962419599295e-01 1.879324615002e-01 2.768726646900e-01 3.214236199856e-01 2.677717208862e-01 1.340758949518e-01 1.208967119455e-01 1.331328004599e-01 2.096917331219e-01 2.222161591053e-01 2.000934928656e-01 1.845143884420e-01 1.953329294920e-01 3.279529511929e-01 4.879811406136e-01 7.555841803551e-01 1.055435180664e+00 9.968233704567e-01 6.065220832825e-01 4.714027941227e-01 5.942610502243e-01 6.378785371780e-01 5.884790420532e-01 4.872327744961e-01 5.706546902657e-01 5.434714555740e-01 4.195863306522e-01 4.766482710838e-01 4.279483556747e-01 1.173400878906e+00 9.596158266068e-01 2.594054341316e-01
9.073593467474e-02 1.885510087013e-01 1.882300674915e-01 1.825163811445e-01 1.609017997980e-01 1.453844308853e-01 1.378767341375e-01 1.524161845446e-01 1.687689125538e-01 1.880444586277e-01 2.095123380423e-01 2.344894558191e-01 2.582453787327e-01 4.091060161591e-01 4.189664721489e-01 3.180919885635e-01 2.997902631760e-01 2.854591012001e-01 2.660133540630e-01 2.439752966166e-01 2.201362997293e-01 1.907128393650e-01 2.078080028296e-01 2.032203823328e-01 2.242592126131e-01 3.694362342358e-01 5.443915128708e-01 8.609742522240e-01 1.093624353409e+00 7.568360567093e-01 3.581189811230e-01 3.721512258053e-01 5.467505455017e-01 7.258037924767e-01 8.059870004654e-01 7.471715211868e-01 5.388848781586e-01 4.542386829853e-01 3.427564203739e-01 4.904035031796e-01 1.224144577980e+00 1.470753431320e+00 3.950353562832e-01
7.712676376104e-02 1.555373519659e-01 1.619830727577e-01 1.765485554934e-01 1.853584796190e-01 1.791310459375e-01 1.503957659006e-01 1.309065371752e-01 1.316218078136e-01 1.315608024597e-01 1.307953298092e-01 1.279492527246e-01 1.238882094622e-01 1.572728753090e-01 2.359958589077e-01 2.584696412086e-01 3.097433149815e-01 2.992489039898e-01 2.440477311611e-01 2.700284123421e-01 2.856827974319e-01 2.949144244194e-01 3.059317767620e-01 3.195650279522e-01 3.073042035103e-01 2.456430941820e-01 3.672338426113e-01 6.525803804398e-01 9.212981462479e-01 6.756992936134e-01 3.379340171814e-01 2.378544211388e-01 2.113910317421e-01 3.530177175999e-01 4.263370633125e-01 6.931073665619e-01 8.798882365227e-01 8.131939172745e-01 5.059133768082e-01 5.530489087105e-01 7.859193086624e-01 1.744321227074e+00 6.337563991547e-01
6.243163719773e-02 1.207188740373e-01 1.202693581581e-01 1.151883900166e-01 1.173884943128e-01 1.313459426165e-01 1.372116357088e-01 1.350596249104e-01 1.148532852530e-01 1.244087666273e-01 1.351711899042e-01 1.460750848055e-01 1.561241298914e-01 1.661747097969e-01 1.764206290245e-01 1.852868348360e-01 1.929953992367e-01 2.906599044800e-01 3.097825646400e-01 4.012898802757e-01 3.144991993904e-01 2.587978541851e-01 2.472345978022e-01 2.402894496918e-01 2.413263618946e-01 2.736290097237e-01 3.648733496666e-01 4.182063043118e-01 5.892689228058e-01 4.800533354282e-01 2.427285462618e-01 2.868104875088e-01 2.139528840780e-01 2.832052409649e-01 3.329552412033e-01 4.028383195400e-01 4.064392745495e-01 6.828480958939e-01 9.648673534393e-01 7.819083333015e-01 6.983288526535e-01 1.427894949913e+00 1.287854909897e+00
3.938456252217e-02 7.936976104975e-02 7.813835889101e-02 7.628811150789e-02 8.611784875393e-02 1.013644710183e-01 1.110515668988e-01 1.164636984468e-01 1.183246001601e-01 1.090439110994e-01 1.013992428780e-01 1.066307127476e-01 1.127575114369e-01 1.137187778950e-01 1.152924299240e-01 1.538891941309e-01 1.713054180145e-01 2.293275743723e-01 4.338807165623e-01 4.544753432274e-01 4.026798307896e-01 3.437529206276e-01 4.022956490517e-01 4.815859794617e-01 3.390475809574e-01 3.880199790001e-01 3.779417276382e-01 3.513371348381e-01 3.663061857224e-01 4.834904670715e-01 4.541100263596e-01 2.835454046726e-01 2.951531410217e-01 3.105256557465e-01 3.361726105213e-01 3.496738076210e-01 3.621767759323e-01 4.663835167885e-01 6.829557418823e-01 7.960917949677e-01 9.509007930756e-01 1.278116822243e+00 1.056003451347e+00
