100/SI/f197_max.grd
DSAA
101	101
32.816463539100	34.260883539100
35.556306596100	36.727886596100
7.801421452314e-05	1.264706230164e+01
[rows 0 to 18 of 101, columns 43 to 85 of 101]
1.855882443488e-02 3.166511654854e-02 3.647514060140e-02 2.890389598906e-02 2.014881558716e-02 2.025854587555e-02 1.743443682790e-02 1.591237261891e-02 1.046119071543e-02 1.523791067302e-02 2.019385434687e-02 2.390849962831e-02 2.844784967601e-02 4.064413905144e-02 1.823601312935e-02 2.244677022099e-02 2.848455682397e-02 3.113863803446e-02 2.103650197387e-02 1.377872936428e-02 1.553557720035e-02 2.051917649806e-02 2.106802165508e-02 2.290647476912e-02 2.326740324497e-02 1.677458547056e-02 1.123397611082e-02 1.132149901241e-02 2.137726172805e-02 3.207316622138e-02 2.581066079438e-02 1.265221368521e-02 1.599035598338e-02 1.041879691184e-02 1.066972501576e-02 9.154749102890e-03 7.847342640162e-03 7.114562671632e-03 5.243030376732e-03 5.285293329507e-03 7.048184517771e-03 1.178090460598e-02 1.170580741018e-02
3.216784819961e-02 5.734873190522e-02 7.160679250956e-02 6.335774064064e-02 4.749964550138e-02 4.392832145095e-02 3.642430156469e-02 3.086134977639e-02 2.864533476532e-02 3.344985842705e-02 3.721688315272e-02 4.218813404441e-02 5.625571310520e-02 8.115810900927e-02 3.472596034408e-02 4.262287542224e-02 5.379094183445e-02 5.826769396663e-02 4.000410437584e-02 2.667457237840e-02 3.113051317632e-02 3.913014382124e-02 4.168647155166e-02 4.000661894679e-02 4.137355089188e-02 3.492388501763e-02 2.081048116088e-02 2.351251430809e-02 4.830493032932e-02 7.681761682034e-02 4.592189565301e-02 2.086938731372e-02 3.128362447023e-02 1.917596347630e-02 2.064479142427e-02 1.706994697452e-02 1.403331104666e-02 1.251731440425e-02 1.008407864720e-02 1.002109982073e-02 1.559041161090e-02 2.386563271284e-02 2.223446220160e-02
4.049595445395e-02 5.855577439070e-02 7.998704910278e-02 7.863426953554e-02 6.391284614801e-02 6.383987516165e-02 4.317340627313e-02 3.801160678267e-02 5.124098435044e-02 5.118745565414e-02 3.697431832552e-02 4.671375453472e-02 5.993936955929e-02 8.487390726805e-02 4.041175171733e-02 4.846199601889e-02 6.017329171300e-02 6.666988134384e-02 4.607591405511e-02 3.620607033372e-02 3.609457239509e-02 3.928358480334e-02 4.686304181814e-02 5.018273741007e-02 6.094724684954e-02 4.692813009024e-02 2.704307064414e-02 2.904720418155e-02 6.341577321291e-02 9.918643534184e-02 4.706145823002e-02 2.424134500325e-02 3.602785989642e-02 2.115680091083e-02 2.303702943027e-02 2.023413218558e-02 1.797646470368e-02 1.428310759366e-02 1.173701975495e-02 1.428253669292e-02 1.975672878325e-02 2.641759626567e-02 2.275189384818e-02
4.664943367243e-02 5.297047272325e-02 7.152550667524e-02 7.767563313246e-02 6.926093250513e-02 8.540951460600e-02 4.524523019791e-02 5.199457705021e-02 7.331378757954e-02 7.546479254961e-02 5.019625276327e-02 4.885412752628e-02 6.139802932739e-02 8.564171940088e-02 4.243090748787e-02 5.422470718622e-02 6.170286983252e-02 6.945547461510e-02 4.996317625046e-02 4.751067236066e-02 3.876641392708e-02 4.914518818259e-02 5.942872539163e-02 5.854755640030e-02 8.090820163488e-02 5.788425356150e-02 3.047351539135e-02 3.460235521197e-02 7.399449497461e-02 1.076043993235e-01 4.429334402084e-02 2.700865268707e-02 3.820804134011e-02 2.145355939865e-02 2.356071583927e-02 2.577827684581e-02 2.176125533879e-02 1.638716831803e-02 1.393606420606e-02 1.767431944609e-02 2.358780428767e-02 2.751489542425e-02 2.179479412735e-02
4.587066173553e-02 6.348911672831e-02 5.641580000520e-02 6.564756482840e-02 6.385044008493e-02 1.084432601929e-01 4.354219138622e-02 6.419851630926e-02 9.368167817593e-02 1.005772426724e-01 7.091028243303e-02 5.104229599237e-02 6.311581283808e-02 8.606183528900e-02 4.414976388216e-02 5.937715619802e-02 6.243087723851e-02 7.176044583321e-02 5.531837418675e-02 5.842163413763e-02 4.597049579024e-02 6.209599971771e-02 7.543568313122e-02 7.337031513453e-02 1.005927398801e-01 6.691505759954e-02 3.645285591483e-02 3.708690777421e-02 7.837060093880e-02 1.040009185672e-01 4.781620949507e-02 3.217410296202e-02 3.952858224511e-02 2.540539577603e-02 2.915963903069e-02 3.025941364467e-02 2.417789213359e-02 1.709357462823e-02 1.773551292717e-02 1.927267573774e-02 2.752765081823e-02 2.790394425392e-02 2.085077948868e-02
3.978282958269e-02 6.738186627626e-02 5.051245912910e-02 5.202745646238e-02 5.550621449947e-02 1.314031183720e-01 4.927611351013e-02 7.303898036480e-02 1.116969883442e-01 1.254410147667e-01 9.259184449911e-02 5.380317941308e-02 6.544578075409e-02 8.641058951616e-02 4.893832653761e-02 6.365490704775e-02 6.226936355233e-02 7.379176467657e-02 5.664468184114e-02 6.778659671545e-02 5.567349866033e-02 7.516098767519e-02 8.980233967304e-02 8.594662696123e-02 1.181647405028e-01 7.209644466639e-02 4.009789973497e-02 4.336607456207e-02 7.500855624676e-02 8.436123281717e-02 4.751202836633e-02 3.718963637948e-02 3.990691900253e-02 2.838774397969e-02 3.411746770144e-02 3.361703827977e-02 2.534146606922e-02 1.771229691803e-02 1.999334059656e-02 2.164161577821e-02 3.145633265376e-02 2.838828787208e-02 1.999833807349e-02
3.618524596095e-02 6.450653076172e-02 5.067380890250e-02 4.065718874335e-02 5.130499973893e-02 1.525248736143e-01 5.433851853013e-02 7.721949368715e-02 1.241078376770e-01 1.444061100483e-01 1.122549772263e-01 5.944142118096e-02 6.750337779522e-02 8.640148490667e-02 4.950853809714e-02 6.781571358442e-02 6.120413541794e-02 7.520341873169e-02 5.430056154728e-02 7.167760282755e-02 6.367328763008e-02 8.446682244539e-02 9.956041723490e-02 9.291949123144e-02 1.310387253761e-01 7.255123555660e-02 3.870438411832e-02 4.856453835964e-02 6.426326185465e-02 5.865673348308e-02 4.448619112372e-02 4.215170815587e-02 3.962714970112e-02 3.028245456517e-02 3.804725036025e-02 3.557714819908e-02 2.521524578333e-02 2.086001634598e-02 1.970359869301e-02 2.941581979394e-02 3.594108298421e-02 2.910804934800e-02 1.867398060858e-02
4.174386709929e-02 6.158104911447e-02 4.894574359059e-02 4.574207216501e-02 5.777280032635e-02 1.726195514202e-01 6.202704831958e-02 7.469297200441e-02 1.253795474768e-01 1.524496227503e-01 1.276804059744e-01 7.770691066980e-02 7.015629857779e-02 8.687148988247e-02 4.948498308659e-02 7.171563059092e-02 5.939780548215e-02 7.613245397806e-02 5.594664439559e-02 6.785756349564e-02 6.845239549875e-02 8.882523328066e-02 1.019078195095e-01 9.289001673460e-02 1.384428441525e-01 6.984426081181e-02 4.440448060632e-02 5.788757279515e-02 4.878775030375e-02 4.690261557698e-02 5.011841654778e-02 4.713683575392e-02 3.852815181017e-02 3.911342471838e-02 4.053666442633e-02 3.581731766462e-02 2.382983081043e-02 2.143212221563e-02 2.469242922962e-02 3.958294913173e-02 3.934412822127e-02 2.770561724901e-02 1.561196800321e-02
4.692985117435e-02 6.176299601793e-02 4.857059568167e-02 4.952500388026e-02 6.399565935135e-02 1.913271397352e-01 7.007995992899e-02 6.561572849751e-02 1.144443899393e-01 1.484132856131e-01 1.368258148432e-01 9.471461921930e-02 7.296122610569e-02 9.977881610394e-02 5.551402270794e-02 7.558727264404e-02 5.972532927990e-02 7.677232474089e-02 5.706835538149e-02 5.994244664907e-02 7.145956903696e-02 8.700545877218e-02 9.669739007950e-02 9.342490136623e-02 1.375252455473e-01 6.174480542541e-02 5.294933170080e-02 6.782193481922e-02 4.770184308290e-02 5.774455517530e-02 6.317186355591e-02 5.194649472833e-02 4.484447836876e-02 4.865984618664e-02 4.971383139491e-02 3.415106236935e-02 2.313754335046e-02 2.073604054749e-02 3.926453739405e-02 4.786834120750e-02 3.801865503192e-02 2.198005840182e-02 1.854190230370e-02
5.036512762308e-02 6.292004138231e-02 4.810100793839e-02 4.851922392845e-02 6.995438039303e-02 2.064031660557e-01 7.712843269110e-02 5.379742756486e-02 9.734179824591e-02 1.353226602077e-01 1.377727091312e-01 1.081688329577e-01 7.563609629869e-02 1.076656728983e-01 6.977951526642e-02 7.987751811743e-02 7.951053231955e-02 7.790741324425e-02 5.764358490705e-02 7.183294743299e-02 6.994842737913e-02 8.056062459946e-02 8.528063446283e-02 1.042323559523e-01 1.276866942644e-01 4.945958033204e-02 6.167385354638e-02 7.772252708673e-02 5.479295179248e-02 6.694222241640e-02 7.439325749874e-02 6.113176792860e-02 4.986174032092e-02 5.161084607244e-02 5.391550064087e-02 3.083172999322e-02 2.154598571360e-02 3.728753700852e-02 5.271658673882e-02 4.829632490873e-02 2.936189062893e-02 1.918351463974e-02 1.816278696060e-02
5.105046927929e-02 6.511085480452e-02 4.772778972983e-02 5.217923223972e-02 7.532874494791e-02 2.185094505548e-01 8.358124643564e-02 5.377591028810e-02 7.774426043034e-02 1.140582188964e-01 1.276460886002e-01 1.151435598731e-01 9.258757531643e-02 1.071876734495e-01 8.831527084112e-02 8.407007902861e-02 1.122092530131e-01 8.398316055536e-02 5.756798386574e-02 9.517485648394e-02 7.790424674749e-02 7.093773037195e-02 1.047486066818e-01 1.109769642353e-01 1.110969334841e-01 4.966587200761e-02 6.903445720673e-02 8.460837602615e-02 5.718828365207e-02 7.230479270220e-02 8.425636589527e-02 7.121656090021e-02 4.615098983049e-02 4.483274370432e-02 5.096538364887e-02 2.647719159722e-02 3.391189500690e-02 5.514184758067e-02 5.647817999125e-02 3.747227787971e-02 1.880604587495e-02 1.731683313847e-02 1.761659793556e-02
4.958183690906e-02 6.755167245865e-02 6.214338168502e-02 5.895198881626e-02 8.017809689045e-02 2.262436002493e-01 8.765586465597e-02 5.581593140960e-02 6.501222401857e-02 8.825239539146e-02 1.089294105768e-01 1.131824254990e-01 1.031353399158e-01 1.120029836893e-01 1.070538163185e-01 8.787046372890e-02 1.500950008631e-01 1.106879115105e-01 5.809389799833e-02 1.156772300601e-01 8.689405024052e-02 9.264668822289e-02 1.379580199718e-01 1.124794632196e-01 8.994218707085e-02 5.147974565625e-02 7.216935604811e-02 8.648702502251e-02 5.473729223013e-02 7.182507961988e-02 8.936379104853e-02 7.914135605097e-02 4.659969732165e-02 3.577128052711e-02 4.722112044692e-02 2.873943373561e-02 5.447943136096e-02 6.354615092278e-02 4.519106447697e-02 2.292678505182e-02 2.029225975275e-02 2.260468155146e-02 2.394938655198e-02
5.006548389792e-02 6.997624039650e-02 7.843103259802e-02 5.408183112741e-02 8.476567268372e-02 2.325064390898e-01 8.950570225716e-02 5.759992077947e-02 6.513837724924e-02 8.370726555586e-02 8.366150408983e-02 1.005041077733e-01 1.055867299438e-01 1.247354596853e-01 1.152262389660e-01 9.759445488453e-02 1.872505694628e-01 1.351667791605e-01 6.371912360191e-02 1.316884160042e-01 9.119938313961e-02 1.124020740390e-01 1.626788228750e-01 1.049104556441e-01 6.632021069527e-02 6.131896004081e-02 6.941071152687e-02 8.182755112648e-02 5.036431178451e-02 6.573718041182e-02 8.647524565458e-02 8.115505427122e-02 4.933111742139e-02 3.087214939296e-02 4.516562074423e-02 5.025669187307e-02 6.876605749130e-02 5.450596660376e-02 2.784215100110e-02 2.194071561098e-02 2.124642394483e-02 2.908967435360e-02 2.848390676081e-02
4.470132291317e-02 7.244532555342e-02 8.500535041094e-02 6.046542897820e-02 8.947364985943e-02 2.396539151669e-01 9.070602804422e-02 5.967652797699e-02 5.951610952616e-02 8.070097118616e-02 6.624360382557e-02 7.919994741678e-02 1.135720461607e-01 1.337113827467e-01 1.068601980805e-01 1.207173392177e-01 2.167716622353e-01 1.548787504435e-01 7.486823201180e-02 1.426943540573e-01 9.137382358313e-02 1.222195997834e-01 1.703676730394e-01 8.730347454548e-02 5.802597105503e-02 7.795727252960e-02 8.056145906448e-02 7.282940298319e-02 4.986922442913e-02 5.514519661665e-02 7.651392370462e-02 7.677471637726e-02 4.924243688583e-02 3.060727380216e-02 4.560192301869e-02 7.033556699753e-02 6.534139066935e-02 3.519748523831e-02 2.480099536479e-02 2.111559920013e-02 2.308975905180e-02 3.290019556880e-02 3.030904941261e-02
6.109700724483e-02 7.534237205982e-02 8.507481217384e-02 9.862779825926e-02 9.434644132853e-02 2.439574897289e-01 9.033352881670e-02 7.131348550320e-02 5.090145021677e-02 7.376962155104e-02 6.191752105951e-02 8.696296066046e-02 1.196203455329e-01 1.426861584187e-01 1.151316538453e-01 1.434036791325e-01 2.409956753254e-01 1.663659662008e-01 8.078303188086e-02 1.519864797592e-01 9.941274672747e-02 1.191828325391e-01 1.637684553862e-01 7.259412854910e-02 6.165710091591e-02 9.335868060589e-02 1.022717729211e-01 6.370535492897e-02 5.078767240047e-02 4.642720520496e-02 6.346181035042e-02 6.884712725878e-02 4.661906883121e-02 3.439020738006e-02 6.693310290575e-02 7.552727311850e-02 4.554470255971e-02 2.383926697075e-02 2.551432512701e-02 1.970002613962e-02 2.642342820764e-02 3.494576737285e-02 3.760486096144e-02
8.066558092833e-02 7.881205528975e-02 8.376236259937e-02 1.211165338755e-01 9.803152829409e-02 2.452422529459e-01 8.770196139812e-02 8.173736929893e-02 5.383980646729e-02 7.557553052902e-02 6.414353847504e-02 9.318289905787e-02 1.252618730068e-01 1.514115482569e-01 1.111848428845e-01 1.620511710644e-01 2.455161511898e-01 1.576284766197e-01 9.582445025444e-02 1.597516238689e-01 9.970410913229e-02 1.089626923203e-01 1.416628956795e-01 6.899227946997e-02 6.741492450237e-02 1.073840707541e-01 1.101324781775e-01 5.738145858049e-02 5.524429678917e-02 4.874413460493e-02 6.690739840269e-02 5.790980905294e-02 4.148175939918e-02 6.017197668552e-02 8.113901317120e-02 5.836333334446e-02 3.269479796290e-02 2.142936177552e-02 2.571876719594e-02 2.247581258416e-02 3.397543355823e-02 4.426411539316e-02 4.407431185246e-02
9.502788633108e-02 1.028553396463e-01 9.723984450102e-02 1.119341403246e-01 1.047959178686e-01 2.432204931974e-01 9.585844725370e-02 8.984275907278e-02 5.650579556823e-02 7.668568193913e-02 7.088951021433e-02 9.642127156258e-02 1.320064365864e-01 1.600024700165e-01 1.022011190653e-01 1.738902330399e-01 2.313475310802e-01 1.398726105690e-01 1.053403094411e-01 1.655542999506e-01 8.896847814322e-02 8.700399100780e-02 1.100455597043e-01 6.384062021971e-02 7.920552045107e-02 1.074847131968e-01 1.016132012010e-01 6.076727807522e-02 6.351901590824e-02 5.378357693553e-02 7.259547710419e-02 5.065062642097e-02 5.146631598473e-02 8.122517913580e-02 7.154396921396e-02 5.014415830374e-02 2.795258164406e-02 2.335578203201e-02 2.889061905444e-02 3.251856565475e-02 4.741239175200e-02 4.864237457514e-02 4.050153866410e-02
1.244588196278e-01 1.233831420541e-01 1.332255005836e-01 1.026533842087e-01 1.242109537125e-01 2.355587333441e-01 1.091247051954e-01 9.850810468197e-02 7.692947983742e-02 7.680314034224e-02 8.269561827183e-02 1.250013411045e-01 1.375676393509e-01 1.695598810911e-01 1.105936244130e-01 1.747309565544e-01 2.057175934315e-01 1.337352395058e-01 1.084233447909e-01 1.698594689369e-01 8.057544380426e-02 7.134003192186e-02 8.290496468544e-02 6.832467764616e-02 8.610835671425e-02 9.616742283106e-02 7.516660541296e-02 6.699716299772e-02 7.404965162277e-02 6.131868436933e-02 7.505603879690e-02 4.779288172722e-02 7.677942514420e-02 8.074761927128e-02 7.196604460478e-02 4.536521807313e-02 3.262457624078e-02 2.860593236983e-02 3.457408025861e-02 4.716586321592e-02 5.271786823869e-02 4.245400801301e-02 3.149858117104e-02
1.380639523268e-01 1.364713311195e-01 1.645126044750e-01 1.532168537378e-01 1.049689128995e-01 2.222844213247e-01 1.014747247100e-01 1.138421073556e-01 1.062509417534e-01 8.813389390707e-02 8.981482684612e-02 1.506012082100e-01 1.583301275969e-01 1.801383048296e-01 1.234417334199e-01 1.644939035177e-01 2.036740332842e-01 1.631096005440e-01 1.052702441812e-01 1.704449355602e-01 8.107229322195e-02 7.694555819035e-02 8.431997895241e-02 7.595133036375e-02 8.070345968008e-02 7.582653313875e-02 6.982322037220e-02 7.805855572224e-02 8.112116903067e-02 6.359541416168e-02 7.444128394127e-02 7.210993766785e-02 8.558792620897e-02 8.066251873970e-02 7.668808102608e-02 5.607279390097e-02 3.998740389943e-02 3.690374642611e-02 4.473264515400e-02 5.285499244928e-02 4.366242885590e-02 3.608318045735e-02 3.226091712713e-02
