100/SI/f197_max.grd
DSAA
101	101
32.816463539100	34.260883539100
35.556306596100	36.727886596100
7.801421452314e-05	1.264706230164e+01
[rows 0 to 18 of 101, columns 0 to 42 of 101]
1.180457510054e-02 2.110433019698e-02 1.871147938073e-02 1.121606584638e-02 9.355673566461e-03 1.224800199270e-02 2.440955862403e-02 3.403935953975e-02 3.044798411429e-02 1.818356662989e-02 1.150398515165e-02 1.321702823043e-02 1.402735058218e-02 1.354053057730e-02 1.160900201648e-02 1.767730154097e-02 2.657042443752e-02 3.074978105724e-02 2.190799824893e-02 1.426763739437e-02 1.621299237013e-02 1.731567643583e-02 1.283479481936e-02 1.151353213936e-02 1.222742814571e-02 1.669523306191e-02 2.432975731790e-02 2.779307775199e-02 3.613356500864e-02 2.879102714360e-02 2.217675931752e-02 2.084020525217e-02 1.808656752110e-02 1.435254514217e-02 1.167342253029e-02 1.131198555231e-02 1.040672231466e-02 1.410501729697e-02 1.978036016226e-02 2.267877012491e-02 1.899219304323e-02 1.606589183211e-02 1.530760433525e-02
2.184603549540e-02 4.123282805085e-02 4.045749455690e-02 2.828301489353e-02 1.991453953087e-02 2.367993630469e-02 4.697161540389e-02 6.497748941183e-02 5.749733746052e-02 3.350915014744e-02 1.975003257394e-02 2.257877402008e-02 2.384006418288e-02 2.269297093153e-02 1.980307511985e-02 2.627960778773e-02 4.184893518686e-02 5.477871373296e-02 4.945364966989e-02 2.947821654379e-02 2.956944704056e-02 4.523504525423e-02 2.375989407301e-02 2.136840485036e-02 2.520452626050e-02 3.260866180062e-02 4.078104719520e-02 4.656460508704e-02 6.871218234301e-02 5.349055305123e-02 3.604303672910e-02 3.266558423638e-02 3.037847764790e-02 2.465053647757e-02 2.651939168572e-02 2.773750200868e-02 2.790061570704e-02 3.134852647781e-02 3.941303491592e-02 3.965426236391e-02 2.933663316071e-02 2.897752821445e-02 3.166658803821e-02
2.136195823550e-02 4.385212436318e-02 4.916165396571e-02 4.212780669332e-02 2.710689604282e-02 2.733163908124e-02 5.434040725231e-02 7.385118305683e-02 6.328787654638e-02 3.469104319811e-02 2.493631280959e-02 2.810527011752e-02 2.903425134718e-02 2.686262875795e-02 2.211852371693e-02 2.130341902375e-02 2.746374905109e-02 4.103929921985e-02 4.692933335900e-02 3.814464807510e-02 4.663966968656e-02 6.994775682688e-02 3.058610484004e-02 2.647414989769e-02 3.350293263793e-02 4.052059724927e-02 4.204875603318e-02 4.223826155066e-02 8.007653802633e-02 5.998503416777e-02 3.491989895701e-02 2.994433604181e-02 4.156687483191e-02 2.211903221905e-02 2.494059130549e-02 2.864282391965e-02 3.597112372518e-02 4.555714130402e-02 4.762753471732e-02 3.945497050881e-02 4.032070934772e-02 2.688145264983e-02 3.549620881677e-02
1.895123533905e-02 4.172587022185e-02 4.973329231143e-02 5.084798857570e-02 4.089366272092e-02 2.797865308821e-02 5.678298324347e-02 7.553888857365e-02 6.114262342453e-02 2.978615462780e-02 2.758855558932e-02 3.044850565493e-02 3.031587414443e-02 2.697196789086e-02 2.144731208682e-02 2.174069546163e-02 2.075411751866e-02 2.381084114313e-02 3.100008517504e-02 3.524802997708e-02 7.824730128050e-02 8.903395384550e-02 3.425300866365e-02 2.907373756170e-02 3.694285824895e-02 4.232995212078e-02 4.048183560371e-02 3.851659595966e-02 8.020561188459e-02 5.831345170736e-02 2.956158667803e-02 2.401452697814e-02 4.791228845716e-02 2.546884864569e-02 2.798961661756e-02 3.957135975361e-02 4.894898459315e-02 5.100197345018e-02 4.316693171859e-02 4.999082535505e-02 4.868270456791e-02 2.988270670176e-02 3.254385292530e-02
1.854089461267e-02 3.992410749197e-02 4.726214706898e-02 5.224854499102e-02 5.001389980316e-02 3.536456078291e-02 5.792401358485e-02 7.543744891882e-02 5.729700624943e-02 2.525634877384e-02 2.957906760275e-02 3.148327395320e-02 3.026565723121e-02 3.012827970088e-02 2.765124104917e-02 2.333469875157e-02 2.292272821069e-02 2.267705462873e-02 3.193529695272e-02 6.475695222616e-02 1.087835654616e-01 9.782376885414e-02 3.675449639559e-02 4.139920324087e-02 3.695652261376e-02 4.135267063975e-02 3.708152845502e-02 3.833036124706e-02 7.591224461794e-02 5.492533370852e-02 3.493540734053e-02 2.730859816074e-02 5.108286440372e-02 3.133900091052e-02 4.396817460656e-02 5.262509360909e-02 5.319995433092e-02 4.490910470486e-02 3.092083334923e-02 5.128165334463e-02 5.957099422812e-02 3.989670053124e-02 2.580416575074e-02
1.733679696918e-02 3.482837229967e-02 4.208543524146e-02 4.600310325623e-02 5.105147883296e-02 4.251682385802e-02 5.785696953535e-02 7.298068702221e-02 5.161809921265e-02 2.803586982191e-02 3.140167146921e-02 3.422806411982e-02 3.649551048875e-02 3.531312569976e-02 3.175041824579e-02 2.581400983036e-02 2.107113599777e-02 2.394566871226e-02 5.086880177259e-02 9.234658628702e-02 1.265853047371e-01 9.663379937410e-02 4.161609709263e-02 6.301382929087e-02 3.875660896301e-02 3.877503424883e-02 3.321253135800e-02 4.186362028122e-02 6.789716333151e-02 5.501424521208e-02 3.530720993876e-02 2.996592223644e-02 5.922868847847e-02 4.690604656935e-02 5.566689372063e-02 5.503156036139e-02 4.568174108863e-02 3.159755095840e-02 3.489710390568e-02 4.833771660924e-02 7.292907685041e-02 4.633027315140e-02 2.510855533183e-02
2.182045392692e-02 3.877421468496e-02 3.574341535568e-02 3.536492213607e-02 4.405153170228e-02 4.268808662891e-02 5.692668631673e-02 6.972397118807e-02 4.630076512694e-02 3.090459853411e-02 3.442382439971e-02 3.919746726751e-02 3.971674665809e-02 3.691530600190e-02 3.138417750597e-02 2.977824024856e-02 2.825407125056e-02 3.521797433496e-02 6.868781149387e-02 1.103644594550e-01 1.310969740152e-01 8.825874328613e-02 5.507995560765e-02 7.985412329435e-02 5.613387376070e-02 3.530524298549e-02 3.262194618583e-02 7.753497362137e-02 1.085305064917e-01 7.005631923676e-02 3.915239870548e-02 3.324196487665e-02 6.504116952419e-02 5.497728288174e-02 5.497153475881e-02 4.564794525504e-02 3.182651475072e-02 3.497911244631e-02 5.058025196195e-02 6.377345323563e-02 7.487006485462e-02 5.483095347881e-02 2.499773539603e-02
2.212337404490e-02 4.427185654640e-02 4.576818645000e-02 3.315053880215e-02 3.157701343298e-02 3.571908921003e-02 5.611406639218e-02 6.813979893923e-02 4.310190305114e-02 3.339475020766e-02 3.889048472047e-02 4.151862859726e-02 4.013110697269e-02 3.536658734083e-02 3.322678804398e-02 3.772969543934e-02 4.205112159252e-02 4.651309177279e-02 8.423600345850e-02 1.197637841105e-01 1.286772936583e-01 7.932344824076e-02 5.976710841060e-02 8.779115974903e-02 6.825982779264e-02 4.348424077034e-02 3.123660385609e-02 1.177235767245e-01 1.519986838102e-01 8.211924880743e-02 4.278397187591e-02 4.010263457894e-02 6.423955410719e-02 5.046492815018e-02 4.669960960746e-02 3.315819054842e-02 3.348843008280e-02 4.977892339230e-02 6.568302214146e-02 7.250609248877e-02 6.581682711840e-02 6.878546625376e-02 2.874334342778e-02
1.912511512637e-02 4.182732477784e-02 5.203541368246e-02 4.739227518439e-02 3.151145949960e-02 3.094037808478e-02 5.548572540283e-02 6.752117723227e-02 4.146992042661e-02 3.705107420683e-02 4.124273359776e-02 4.163207858801e-02 3.807619214058e-02 3.296269476414e-02 3.477393090725e-02 4.011349007487e-02 5.440792813897e-02 5.585221573710e-02 9.299880266190e-02 1.179619356990e-01 1.167737841606e-01 6.883852928877e-02 6.096753850579e-02 8.393511176109e-02 7.363491505384e-02 5.020555108786e-02 3.940994292498e-02 1.517895162106e-01 1.773756444454e-01 9.045540541410e-02 4.683389142156e-02 3.822481259704e-02 6.516291201115e-02 4.349696263671e-02 5.126066505909e-02 5.143769085407e-02 4.988883435726e-02 6.682959944010e-02 7.683665305376e-02 7.261867076159e-02 5.333947017789e-02 8.535040915012e-02 3.377410769463e-02
1.931461319327e-02 3.472276777029e-02 4.902750253677e-02 5.556119233370e-02 4.742367938161e-02 3.000970184803e-02 5.560527741909e-02 6.739172339439e-02 4.050483927131e-02 3.921681270003e-02 4.135520011187e-02 3.956233710051e-02 4.340381920338e-02 4.726048186421e-02 4.941960796714e-02 5.010296776891e-02 5.906623601913e-02 6.471383571625e-02 9.577808529139e-02 1.094350442290e-01 1.011831089854e-01 5.867286771536e-02 5.507592856884e-02 7.335548847914e-02 7.112567871809e-02 5.159194767475e-02 4.260395094752e-02 1.721870154142e-01 1.883480697870e-01 9.369901567698e-02 4.107359051704e-02 3.325977176428e-02 7.061330974102e-02 4.317242279649e-02 5.247957259417e-02 5.364157631993e-02 6.925262510777e-02 7.971766591072e-02 7.798343151808e-02 6.245487928391e-02 4.461337998509e-02 9.269694983959e-02 4.693212732673e-02
1.939122751355e-02 3.885696455836e-02 4.040232673287e-02 5.311831086874e-02 5.815861001611e-02 4.680962115526e-02 5.510021373630e-02 6.630092859268e-02 3.916109353304e-02 3.961230441928e-02 4.362448304892e-02 5.107712745667e-02 5.663117393851e-02 5.970188230276e-02 6.111506745219e-02 6.163499504328e-02 6.097212433815e-02 8.034574240446e-02 1.125962585211e-01 1.193089783192e-01 1.002679392695e-01 7.410787791014e-02 5.202689394355e-02 6.256377696991e-02 6.415698677301e-02 4.595639184117e-02 4.944067075849e-02 1.816302984953e-01 1.926892101765e-01 9.174989163876e-02 3.949025645852e-02 3.752686455846e-02 6.918501853943e-02 4.610503464937e-02 6.114300712943e-02 7.411179691553e-02 8.263493329287e-02 8.104688674212e-02 6.722179055214e-02 5.189300328493e-02 5.059061199427e-02 8.903907984495e-02 6.105543673038e-02
1.640664972365e-02 3.456286713481e-02 4.138908162713e-02 4.414740204811e-02 5.738518014550e-02 6.053128093481e-02 5.342624709010e-02 6.388019770384e-02 3.878516331315e-02 4.699254408479e-02 5.470163375139e-02 6.097085028887e-02 6.525238603354e-02 6.768715381622e-02 6.849467754364e-02 6.833269447088e-02 6.758852303028e-02 1.068383455276e-01 1.460354477167e-01 1.517768949270e-01 1.307720541954e-01 1.024514213204e-01 7.494431734085e-02 5.309684947133e-02 7.488153874874e-02 7.174716144800e-02 6.069587543607e-02 1.742675304413e-01 1.704648435116e-01 8.346769958735e-02 5.126574262977e-02 6.068333983421e-02 6.548620015383e-02 7.342422008514e-02 8.322811126709e-02 8.693996071815e-02 8.336688578129e-02 7.224366068840e-02 6.879474967718e-02 7.968410104513e-02 6.016734987497e-02 7.609432190657e-02 7.324682176113e-02
1.416224427521e-02 2.694225125015e-02 3.441643342376e-02 4.074392095208e-02 4.847947880626e-02 6.148288026452e-02 6.182586774230e-02 6.041995435953e-02 4.813435673714e-02 5.600037425756e-02 6.161769852042e-02 6.517805159092e-02 6.729268282652e-02 6.844545900822e-02 6.849678605795e-02 6.810249388218e-02 6.806196272373e-02 1.175103858113e-01 1.587709784508e-01 1.621311008930e-01 1.401629447937e-01 1.141113266349e-01 8.916851133108e-02 6.518986821175e-02 1.005903854966e-01 9.726329892874e-02 8.202166855335e-02 1.517056226730e-01 1.337233483791e-01 7.096847891808e-02 8.954852074385e-02 1.010892093182e-01 1.007351428270e-01 9.745313227177e-02 9.460991621017e-02 9.199365973473e-02 8.921762555838e-02 8.465303480625e-02 7.743325829506e-02 1.079609692097e-01 6.708405166864e-02 5.784303322434e-02 9.435328841209e-02
1.759067922831e-02 3.397196158767e-02 3.339446336031e-02 3.129313141108e-02 3.838126733899e-02 5.270573496819e-02 6.576716154814e-02 6.278330087662e-02 5.353388190269e-02 5.951798707247e-02 6.249842047691e-02 6.343729048967e-02 6.294619292021e-02 6.147427484393e-02 5.982328578830e-02 5.946694687009e-02 6.093237921596e-02 1.078183054924e-01 1.428102105856e-01 1.476212292910e-01 1.325238943100e-01 1.123296543956e-01 9.269902855158e-02 7.322295755148e-02 9.933051466942e-02 1.026161313057e-01 9.065724909306e-02 1.241038590670e-01 9.752822667360e-02 7.783745974302e-02 1.050803214312e-01 1.189122721553e-01 1.135098785162e-01 1.022156924009e-01 9.215846657753e-02 8.667392283678e-02 8.186119794846e-02 7.627145946026e-02 6.971596181393e-02 1.141535192728e-01 1.045513153076e-01 5.969379097223e-02 1.071317344904e-01
2.265141718090e-02 4.531779140234e-02 4.555146396160e-02 4.471359774470e-02 4.324969649315e-02 4.111644625664e-02 5.761847645044e-02 7.025814056396e-02 6.215225905180e-02 5.815439298749e-02 5.888517200947e-02 5.757177993655e-02 5.495731905103e-02 5.148523300886e-02 4.846014454961e-02 4.908244684339e-02 4.955387488008e-02 8.511473983526e-02 1.096980050206e-01 1.156997755170e-01 1.082538887858e-01 9.719267487526e-02 8.575005084276e-02 7.348604500294e-02 7.780023664236e-02 8.486091345549e-02 8.292190730572e-02 1.261771321297e-01 7.146445661783e-02 7.899415493011e-02 1.023440063000e-01 1.137030050159e-01 1.088619902730e-01 9.003127366304e-02 6.671857833862e-02 6.875509768724e-02 5.862443149090e-02 6.206969544291e-02 6.046212837100e-02 9.405873715878e-02 1.394879072905e-01 6.050655245781e-02 1.076776832342e-01
2.295932918787e-02 4.666461050510e-02 4.835570603609e-02 5.069003254175e-02 5.246112868190e-02 5.293937772512e-02 5.249626561999e-02 6.308225542307e-02 7.340733706951e-02 5.893254652619e-02 5.280165374279e-02 5.000881478190e-02 4.642960429192e-02 4.389862716198e-02 4.725440591574e-02 5.019295960665e-02 5.347212776542e-02 6.986763328314e-02 7.675707340240e-02 8.232475072145e-02 8.062555640936e-02 7.478797435760e-02 6.981081515551e-02 6.615687906742e-02 6.331981718540e-02 6.214015930891e-02 8.220173418522e-02 1.335027813911e-01 9.112153202295e-02 8.916412293911e-02 1.059453338385e-01 1.076036393642e-01 9.039806574583e-02 9.040325134993e-02 4.894686862826e-02 8.161164075136e-02 7.778424769640e-02 7.208378612995e-02 6.186435371637e-02 6.582774966955e-02 1.582659035921e-01 8.597837388515e-02 9.538733214140e-02
2.489293739200e-02 4.297341033816e-02 4.243385791779e-02 4.437586292624e-02 4.839891567826e-02 5.324834585190e-02 5.643636733294e-02 5.803038924932e-02 6.750044971704e-02 7.146169245243e-02 6.130898743868e-02 5.910110846162e-02 5.946353822947e-02 5.390848219395e-02 4.872125014663e-02 5.527671054006e-02 6.104223057628e-02 7.185965776443e-02 7.253172248602e-02 6.114208325744e-02 5.501385033131e-02 6.427712738514e-02 8.058626204729e-02 8.381641656160e-02 7.575806975365e-02 6.119867786765e-02 9.100640565157e-02 1.357991099358e-01 9.153100848198e-02 9.619527310133e-02 1.012452095747e-01 1.040339097381e-01 1.118598580360e-01 1.005309149623e-01 6.117740273476e-02 9.187015891075e-02 8.649624884129e-02 7.157858461142e-02 5.391028523445e-02 6.436246633530e-02 1.517754048109e-01 1.321125775576e-01 7.367292046547e-02
2.839258685708e-02 5.229710415006e-02 5.631768703461e-02 4.858370497823e-02 4.448734968901e-02 4.808432608843e-02 4.909267276525e-02 4.888257011771e-02 5.287853628397e-02 6.574928015471e-02 7.164299488068e-02 7.384021580219e-02 7.399087399244e-02 6.801164150238e-02 6.693954020739e-02 6.463660299778e-02 6.071838364005e-02 7.192434370518e-02 7.548316568136e-02 6.719867885113e-02 5.547213554382e-02 5.102336406708e-02 5.615602806211e-02 6.276474148035e-02 6.445483118296e-02 6.491732597351e-02 7.964341342449e-02 1.303364485502e-01 9.304095804691e-02 8.156848698854e-02 9.347430616617e-02 1.076676100492e-01 1.203285306692e-01 1.026989892125e-01 7.037971913815e-02 1.015145778656e-01 8.284807205200e-02 6.431870162487e-02 4.838163778186e-02 5.870521813631e-02 1.219945475459e-01 1.788970977068e-01 8.178533613682e-02
2.784361876547e-02 5.459435284138e-02 6.489279866219e-02 6.112318858504e-02 4.628384485841e-02 3.558170422912e-02 4.328806698322e-02 4.916531965137e-02 5.285837501287e-02 5.339980497956e-02 7.090242207050e-02 7.879900187254e-02 7.508031278849e-02 7.534280419350e-02 7.627608627081e-02 7.525972276926e-02 6.656864285469e-02 7.123373448849e-02 7.790610194206e-02 7.186143100262e-02 5.471309646964e-02 6.600257754326e-02 6.450220942497e-02 6.619328260422e-02 5.836235359311e-02 5.684828758240e-02 5.976045504212e-02 1.205974072218e-01 1.100039184093e-01 8.719374984503e-02 8.436873555183e-02 9.104301035404e-02 1.127755939960e-01 1.007113829255e-01 8.166741579771e-02 9.806904941797e-02 7.217922061682e-02 5.768061801791e-02 5.434998124838e-02 5.345883592963e-02 8.363094925880e-02 2.092462778091e-01 8.612981438637e-02
