100/SI/f197_max.grd
DSAA
101	101
32.816463539100	34.260883539100
35.556306596100	36.727886596100
7.801421452314e-05	1.264706230164e+01
[rows 76 to 94 of 101, columns 0 to 42 of 101]
8.187924977392e-04 1.184573397040e-03 1.558240968734e-03 1.845645252615e-03 1.983851660043e-03 1.996854320168e-03 1.929176039994e-03 1.821295008995e-03 1.698621315882e-03 1.839288976043e-03 2.079079626128e-03 2.492302795872e-03 2.950906986371e-03 3.244946710765e-03 3.304008627310e-03 3.207537112758e-03 2.921314211562e-03 3.117963206023e-03 3.210196271539e-03 3.428653581068e-03 4.734767600894e-03 4.632939118892e-03 3.030155086890e-03 3.289094194770e-03 3.047143109143e-03 2.804939169437e-03 2.837385982275e-03 3.156272461638e-03 3.583684330806e-03 3.786508459598e-03 3.645039163530e-03 3.432537894696e-03 3.337062662467e-03 3.275896189734e-03 3.621854120865e-03 4.352352581918e-03 8.413027040660e-03 1.000889949501e-02 9.419477544725e-03 6.669560447335e-03 6.482408381999e-03 1.085800770670e-02 1.890718005598e-02
8.235754794441e-04 1.331865671091e-03 1.768260844983e-03 2.040107501671e-03 2.148747211322e-03 2.138145733625e-03 2.053428674117e-03 1.928084879182e-03 2.009702846408e-03 2.230695914477e-03 2.566542942077e-03 3.033832414076e-03 3.466004971415e-03 3.676485735923e-03 3.619679482654e-03 3.357549430802e-03 2.860160544515e-03 2.944833831862e-03 2.956969663501e-03 2.632584655657e-03 2.702026162297e-03 2.834040205926e-03 2.466016681865e-03 2.979030366987e-03 3.156328573823e-03 2.895642537624e-03 3.113200655207e-03 3.747581504285e-03 4.158013034612e-03 4.204648081213e-03 3.921488299966e-03 3.598272101954e-03 3.572463989258e-03 3.513942239806e-03 4.272941034287e-03 4.568683449179e-03 7.538851816207e-03 8.428351022303e-03 9.249947965145e-03 1.048622559756e-02 2.168020792305e-02 2.826169319451e-02 2.674407325685e-02
8.774732705206e-04 1.399932429194e-03 1.823857543059e-03 2.064300468192e-03 2.141255419701e-03 2.105735009536e-03 1.998606137931e-03 2.188705839217e-03 2.466091187671e-03 2.758826129138e-03 3.137233899906e-03 3.536163363606e-03 3.793733660132e-03 3.786077722907e-03 3.515016520396e-03 3.052114276215e-03 2.424507634714e-03 2.548247110099e-03 2.467679791152e-03 2.164196688682e-03 1.968997530639e-03 2.208726713434e-03 2.679711906239e-03 3.571263048798e-03 3.760487306863e-03 3.391796490178e-03 4.159912467003e-03 4.511183593422e-03 4.612706135958e-03 4.510242491961e-03 4.216511268169e-03 3.907970618457e-03 3.721298184246e-03 4.300857428461e-03 5.542519968003e-03 7.127441931516e-03 9.390702471137e-03 1.164321694523e-02 9.720227681100e-03 2.554358914495e-02 2.943035773933e-02 2.840153872967e-02 2.803273871541e-02
7.929312996566e-04 1.253444934264e-03 1.616262132302e-03 1.811081427149e-03 1.860602525994e-03 1.809283974580e-03 2.081517130136e-03 2.368778456002e-03 2.598737832159e-03 2.827095799148e-03 3.066761884838e-03 3.244316671044e-03 3.263491438702e-03 3.071712795645e-03 2.712696557865e-03 2.268393291160e-03 2.123436657712e-03 2.048484282568e-03 1.914595719427e-03 1.760234823450e-03 1.822712714784e-03 2.029167721048e-03 3.215858479962e-03 4.373395349830e-03 4.728680942208e-03 4.965514410287e-03 5.103558301926e-03 5.141730420291e-03 4.843170754611e-03 4.554238636047e-03 4.309578333050e-03 4.091151524335e-03 4.523467272520e-03 5.381800699979e-03 6.868187338114e-03 7.921389304101e-03 7.731686346233e-03 1.260584313422e-02 1.465960778296e-02 2.158747985959e-02 2.509144321084e-02 2.540423907340e-02 2.576993964612e-02
6.579520995729e-04 1.053771702573e-03 1.284854020923e-03 1.400110428222e-03 1.437395927496e-03 1.676724059507e-03 1.925826072693e-03 2.079140627757e-03 2.149921143427e-03 2.212798222899e-03 2.285789232701e-03 2.328787930310e-03 2.282832283527e-03 2.112174872309e-03 2.174887107685e-03 2.225870033726e-03 2.201817929745e-03 2.088465495035e-03 1.910474617034e-03 1.723345951177e-03 1.716449973173e-03 2.121174242347e-03 3.620827570558e-03 4.974639508873e-03 5.636997986585e-03 5.978608969599e-03 6.023278925568e-03 6.159050390124e-03 6.002922076732e-03 5.163423717022e-03 4.434429574758e-03 4.280665889382e-03 4.980736412108e-03 5.466093774885e-03 5.787614732981e-03 6.138393655419e-03 8.166280575097e-03 1.216935086995e-02 1.607422716916e-02 1.628337427974e-02 2.547042816877e-02 3.050215356052e-02 2.392352744937e-02
8.965491433628e-04 1.358402078040e-03 1.643655006774e-03 1.768165733665e-03 1.841886900365e-03 1.875341054983e-03 1.886533340439e-03 1.874500885606e-03 1.839108299464e-03 1.790147274733e-03 1.875109272078e-03 2.037721686065e-03 2.179039875045e-03 2.301179338247e-03 2.387174405158e-03 2.408667700365e-03 2.340789884329e-03 2.176048466936e-03 1.947290613316e-03 1.895492780022e-03 1.791909337044e-03 2.286790404469e-03 3.731030505151e-03 5.133500322700e-03 1.271525397897e-02 3.764259442687e-02 4.005564749241e-02 1.802882365882e-02 1.049112435430e-02 8.269022218883e-03 5.862644873559e-03 4.502727184445e-03 5.295167677104e-03 6.949085742235e-03 5.645524710417e-03 6.661729887128e-03 7.376962341368e-03 1.257034298033e-02 2.195385098457e-02 2.142918668687e-02 2.374956384301e-02 3.134284913540e-02 4.309530183673e-02
1.270893495530e-03 1.878168666735e-03 2.239596797153e-03 2.432002918795e-03 2.485787030309e-03 2.471832791343e-03 2.422035438940e-03 2.346158726141e-03 2.249907702208e-03 2.166756661609e-03 2.547545125708e-03 2.927030203864e-03 3.256442956626e-03 3.482090542093e-03 3.557786811143e-03 3.461882472038e-03 3.196028061211e-03 2.779609290883e-03 2.569515025243e-03 2.442943165079e-03 2.288195304573e-03 2.630222123116e-03 3.731413977221e-03 8.330579847097e-03 3.523101657629e-02 1.014332026243e-01 1.109018251300e-01 5.577119439840e-02 2.416367456317e-02 1.187870651484e-02 7.665291894227e-03 5.749364849180e-03 5.222589708865e-03 7.408611010760e-03 8.059553802013e-03 8.349850773811e-03 7.453349418938e-03 1.133712008595e-02 2.590235695243e-02 3.891773149371e-02 2.567942440510e-02 2.476043626666e-02 5.486033484340e-02
1.597625087015e-03 2.280839253217e-03 2.728655468673e-03 2.901914995164e-03 2.894197823480e-03 2.798850415275e-03 2.662136219442e-03 2.591484691948e-03 3.041034564376e-03 3.710323246196e-03 4.401353187859e-03 5.054139997810e-03 5.609709303826e-03 6.047869101167e-03 6.349903065711e-03 6.458945106715e-03 6.291758734733e-03 5.750885233283e-03 4.743809346110e-03 3.526965389028e-03 3.262488404289e-03 3.335967659950e-03 7.316462229937e-03 1.327169314027e-02 3.820966184139e-02 3.150259852409e-01 5.892011523247e-01 1.281246244907e-01 5.592856183648e-02 2.004734426737e-02 9.388650767505e-03 7.114808075130e-03 6.938401143998e-03 9.652840904891e-03 1.159679982811e-02 1.128785498440e-02 9.288072586060e-03 1.358686760068e-02 2.183719165623e-02 4.780842736363e-02 4.804959520698e-02 2.362777292728e-02 5.716854706407e-02
1.700648339465e-03 2.378509612754e-03 2.779409056529e-03 2.875202568248e-03 2.777584828436e-03 2.897089812905e-03 3.199900733307e-03 3.400145564228e-03 4.066699184477e-03 5.007423926145e-03 5.988805554807e-03 6.920668296516e-03 7.738469168544e-03 8.468086831272e-03 9.168275631964e-03 9.831648319960e-03 1.027441024780e-02 1.009379886091e-02 8.746604435146e-03 6.279077846557e-03 4.807874094695e-03 6.867442745715e-03 1.210721395910e-02 1.717711985111e-02 7.544698566198e-02 1.813383549452e-01 2.303912937641e-01 6.984034925699e-02 2.620472013950e-02 1.596087217331e-02 1.366251241416e-02 1.671711541712e-02 2.158632129431e-02 2.003096044064e-02 1.451630797237e-02 1.440048497170e-02 1.186496578157e-02 1.385932415724e-02 1.534672547132e-02 3.144232928753e-02 4.178870469332e-02 2.675989829004e-02 1.003488376737e-01
2.312735654414e-03 3.660421818495e-03 4.610907286406e-03 5.147649440914e-03 5.443399306387e-03 5.553838796914e-03 5.493266973644e-03 5.285685881972e-03 4.970556590706e-03 5.189646501094e-03 6.265061907470e-03 7.349155377597e-03 8.378588594496e-03 9.366654790938e-03 1.042106095701e-02 1.166303828359e-02 1.286775059998e-02 1.330611016601e-02 1.198397856206e-02 1.083010155708e-02 1.087341364473e-02 1.171249523759e-02 1.508109737188e-02 2.050775475800e-02 3.902293369174e-02 1.442616153508e-02 1.131984591484e-02 1.131278835237e-02 1.231085322797e-02 1.332837250084e-02 1.470794063061e-02 1.019046828151e-01 6.709884852171e-02 5.395087972283e-02 3.257816657424e-02 4.813087731600e-02 4.432165995240e-02 2.084440924227e-02 1.599201932549e-02 1.941653899848e-02 2.891290374100e-02 7.641410827637e-02 1.161146759987e-01
4.240118898451e-03 6.587275303900e-03 8.063155226409e-03 8.655283600092e-03 8.742528967559e-03 8.514611050487e-03 8.068108931184e-03 7.486489135772e-03 6.994810421020e-03 7.252569310367e-03 7.434616796672e-03 7.492468692362e-03 8.037761785090e-03 9.127605706453e-03 1.015736162663e-02 1.131403073668e-02 1.245648413897e-02 1.847711391747e-02 2.385812066495e-02 2.401566505432e-02 2.452358603477e-02 2.426772937179e-02 1.773853972554e-02 2.139980159700e-02 1.060268376023e-02 8.014946244657e-03 7.343327626586e-03 6.359236314893e-03 7.221065927297e-03 1.008596271276e-02 2.236337214708e-02 1.205524355173e-01 8.615219593048e-02 6.024135276675e-02 5.251318961382e-02 1.116303429008e-01 1.065653935075e-01 4.819221049547e-02 3.615493327379e-02 3.355501219630e-02 4.261615127325e-02 7.208117097616e-02 1.292006671429e-01
6.170420907438e-03 9.387589059770e-03 1.104491483420e-02 1.136462483555e-02 1.391759049147e-02 1.496414653957e-02 1.470675412565e-02 1.370634417981e-02 1.236035954207e-02 1.100847031921e-02 1.112006790936e-02 1.087574660778e-02 1.160998363048e-02 1.338511332870e-02 1.465939451009e-02 1.581445150077e-02 1.776597276330e-02 1.969155855477e-02 1.819032803178e-02 2.079344354570e-02 2.180131897330e-02 1.774850673974e-02 1.455352921039e-02 8.350173011422e-03 7.337270770222e-03 5.695575848222e-03 4.720892291516e-03 3.786423709244e-03 3.464307636023e-03 6.184929516166e-03 9.856732562184e-03 5.168369412422e-02 6.882423907518e-02 1.044764891267e-01 1.109191849828e-01 1.427129656076e-01 1.017573848367e-01 4.797049984336e-02 7.509014755487e-02 7.499602437019e-02 5.302938073874e-02 6.960291415453e-02 2.230389416218e-01
7.232666015625e-03 1.089599635452e-02 1.259955763817e-02 1.408312655985e-02 1.707366108894e-02 1.822260022163e-02 1.780269667506e-02 1.648801937699e-02 1.472974568605e-02 1.284595672041e-02 1.138066966087e-02 1.251847296953e-02 1.447567064315e-02 1.661470532417e-02 1.806188002229e-02 1.854110695422e-02 1.738195121288e-02 1.428848877549e-02 1.129059493542e-02 9.761966764927e-03 8.306466042995e-03 5.822411738336e-03 5.204136017710e-03 4.976571537554e-03 4.432762041688e-03 3.616698086262e-03 2.787838457152e-03 2.639274811372e-03 3.364791627973e-03 5.039592739195e-03 7.309594191611e-03 2.871107310057e-02 3.149080276489e-02 6.112604588270e-02 7.087526470423e-02 1.620644927025e-01 1.427004337311e-01 7.455456256866e-02 6.838286668062e-02 2.982652485371e-01 7.014110684395e-01 1.816497892141e-01 1.115979105234e-01
5.395736079663e-03 8.050731383264e-03 9.195934049785e-03 9.326930157840e-03 1.113092619926e-02 1.175899151713e-02 1.142133679241e-02 1.053914707154e-02 9.383629076183e-03 8.163111284375e-03 7.602121215314e-03 8.176548406482e-03 8.489317260683e-03 8.543785661459e-03 8.362345397472e-03 8.489297702909e-03 7.612558081746e-03 6.095927674323e-03 7.102792616934e-03 6.698475219309e-03 5.338689778000e-03 3.884711069986e-03 3.634692169726e-03 3.240030957386e-03 2.709635300562e-03 2.130279084668e-03 2.402178943157e-03 3.344814991578e-03 4.193247761577e-03 8.631401695311e-03 1.092348061502e-02 1.624362356961e-02 2.812271378934e-02 2.107323706150e-02 1.819302700460e-02 2.230573818088e-02 1.392020136118e-01 8.023896068335e-02 6.197510287166e-02 3.983711898327e-01 8.792846202850e-01 9.661366045475e-02 3.481763228774e-02
2.553607337177e-03 3.770602634177e-03 4.396514967084e-03 4.999193828553e-03 5.235107149929e-03 5.509957671165e-03 5.561854224652e-03 5.268680863082e-03 5.007875617594e-03 4.935077391565e-03 4.842556547374e-03 4.447531420738e-03 4.553602077067e-03 4.680781625211e-03 4.644019063562e-03 4.393643233925e-03 5.882457364351e-03 7.513958495110e-03 7.081662770361e-03 5.300354212523e-03 3.382550785318e-03 2.451954642311e-03 2.222036244348e-03 1.924507552758e-03 1.604122691788e-03 2.448159502819e-03 3.776571014896e-03 5.045865662396e-03 6.964474916458e-03 1.132520195097e-02 1.551546622068e-02 2.094417810440e-02 2.405826002359e-02 2.038474753499e-02 1.245594304055e-02 1.450892537832e-02 2.839101292193e-02 7.152976095676e-02 1.171636134386e-01 1.228543668985e-01 6.514455378056e-02 2.488376758993e-02 2.320857904851e-02
1.673617982306e-03 2.438309369609e-03 3.092691767961e-03 3.495141630992e-03 3.653399879113e-03 3.636984154582e-03 3.549140878022e-03 3.380031092092e-03 3.179945517331e-03 2.968621440232e-03 2.752384636551e-03 2.537018619478e-03 2.330850809813e-03 2.265726216137e-03 2.238369779661e-03 3.206046298146e-03 5.464057438076e-03 6.463298108429e-03 5.530144087970e-03 3.810547059402e-03 2.319438150153e-03 1.478360034525e-03 1.473176176660e-03 1.611890736967e-03 2.185442717746e-03 3.722897032276e-03 5.619660485536e-03 7.897599600255e-03 1.126537844539e-02 1.536058261991e-02 2.301686070859e-02 2.375393360853e-02 2.153945714235e-02 1.165927574039e-02 8.852778002620e-03 1.205661240965e-02 1.462654676288e-02 5.572517216206e-02 1.375501900911e-01 7.923108339310e-02 4.710571467876e-02 2.123036980629e-02 2.013914659619e-02
1.164622372016e-03 1.686839386821e-03 2.110151341185e-03 2.372981980443e-03 2.491467166692e-03 2.506652381271e-03 2.452561864629e-03 2.351268893108e-03 2.218143781647e-03 2.060785423964e-03 1.888202852570e-03 1.704875263385e-03 1.803805702366e-03 1.815206487663e-03 1.675976556726e-03 1.900225179270e-03 3.402941860259e-03 4.233378451318e-03 3.953719977289e-03 3.091616323218e-03 2.182940253988e-03 1.466982415877e-03 1.576083363034e-03 1.810594229028e-03 3.090206300840e-03 6.848842836916e-03 1.465543080121e-02 1.355645153672e-02 1.118020620197e-02 2.075151540339e-02 2.827917411923e-02 2.424138970673e-02 1.741797290742e-02 8.204780519009e-03 8.713968098164e-03 1.199326664209e-02 1.683031767607e-02 5.982485413551e-02 1.005581393838e-01 4.735823720694e-02 2.745967730880e-02 1.694487221539e-02 1.519879698753e-02
7.791359093972e-04 1.118202344514e-03 1.387125463225e-03 1.551184221171e-03 1.623512827791e-03 1.631173654459e-03 1.593116903678e-03 1.521571655758e-03 1.423794077709e-03 1.305942656472e-03 1.290039392188e-03 1.451505231671e-03 1.515482203104e-03 1.449709176086e-03 1.388802658767e-03 1.589501393028e-03 1.766027417034e-03 2.162064425647e-03 2.470955252647e-03 2.383231418207e-03 2.027284121141e-03 1.600813353434e-03 1.682463334873e-03 2.304711611941e-03 4.023022949696e-03 1.194210164249e-02 1.708786003292e-02 1.017530448735e-02 1.138836890459e-02 2.196034044027e-02 2.974999323487e-02 2.354160696268e-02 1.647400483489e-02 1.130166091025e-02 1.239773537964e-02 1.198705658317e-02 2.598139643669e-02 1.038698777556e-01 7.502751797438e-02 1.987273804843e-02 3.977347910404e-02 1.726357080042e-02 1.174632459879e-02
4.573789774440e-04 6.507206126116e-04 8.013126207516e-04 8.902075351216e-04 9.259573416784e-04 9.243498789147e-04 8.959037950262e-04 8.473299676552e-04 8.113528601825e-04 9.918997529894e-04 1.162009779364e-03 1.273572677746e-03 1.283344463445e-03 1.419886131771e-03 1.642538118176e-03 1.867917599156e-03 2.064682077616e-03 2.192569663748e-03 2.212217077613e-03 2.108555519953e-03 1.919904840179e-03 1.794859650545e-03 1.994765596464e-03 2.872497076169e-03 4.852678161114e-03 1.339190639555e-02 1.411528605968e-02 1.121522206813e-02 1.020913291723e-02 1.965234428644e-02 2.755134180188e-02 2.143962681293e-02 2.104938775301e-02 1.420250069350e-02 1.493641547859e-02 1.072857342660e-02 2.471159026027e-02 6.681589037180e-02 3.258758783340e-02 2.331486530602e-02 5.272230133414e-02 1.700394414365e-02 8.983017876744e-03
