100/SI/f197_max.grd
DSAA
101	101
32.816463539100	34.260883539100
35.556306596100	36.727886596100
7.801421452314e-05	1.264706230164e+01
[rows 76 to 94 of 101, columns 43 to 85 of 101]
1.959286443889e-02 1.672221161425e-02 3.046739473939e-02 7.704461365938e-02 8.205872774124e-02 1.633818745613e-01 2.605257928371e-01 2.927770614624e-01 1.812887489796e-01 5.080372095108e-02 1.848034262657e-01 4.141483306885e-01 3.091527819633e-01 8.117367327213e-02 3.626008331776e-02 5.138683319092e-02 5.429523438215e-02 2.778468653560e-02 2.600531466305e-02 3.240014240146e-02 1.194797530770e-01 2.734774649143e-01 6.437873840332e-02 4.348719865084e-02 3.155732527375e-02 2.115104533732e-02 1.070675905794e-02 9.205374866724e-03 8.973701857030e-03 8.465859107673e-03 8.078075014055e-03 8.416043594480e-03 8.858757093549e-03 9.396913461387e-03 9.490302763879e-03 8.832769468427e-03 8.104332722723e-03 7.579280063510e-03 7.211867254227e-03 6.993325892836e-03 7.773294579238e-03 1.191309187561e-02 1.625066064298e-02
3.200631961226e-02 4.313911125064e-02 5.521693080664e-02 5.766534805298e-02 7.883296161890e-02 1.087735369802e-01 1.402882933617e-01 1.324879676104e-01 2.124890536070e-01 3.103848099709e-01 3.074374198914e-01 1.472077071667e-01 1.053935661912e-01 9.359034895897e-02 6.036581099033e-02 6.366727501154e-02 1.761601120234e-02 1.088984217495e-02 1.339384075254e-02 1.500148419291e-02 1.134801749140e-02 1.359148044139e-02 2.156688831747e-02 2.162830531597e-02 1.962327212095e-02 1.203284598887e-02 5.837471224368e-03 5.244326777756e-03 6.174404639751e-03 7.112554740161e-03 7.585103157908e-03 7.748716510832e-03 7.705621886998e-03 7.368108257651e-03 6.408288609236e-03 5.143267568201e-03 4.109969362617e-03 4.075378179550e-03 4.317890387028e-03 5.015796050429e-03 6.283346097916e-03 1.072034519166e-02 1.434299256653e-02
6.761840730906e-02 1.020858958364e-01 6.786005944014e-02 3.183495625854e-02 3.705649822950e-02 1.352679729462e-01 3.792348206043e-01 5.044180154800e-01 3.768725097179e-01 1.856017410755e-01 1.008853539824e-01 6.491103023291e-02 4.697923734784e-02 7.561648637056e-02 6.244032084942e-02 2.344102971256e-02 7.768180686980e-03 7.055510766804e-03 7.367513608187e-03 1.000665500760e-02 7.454812526703e-03 6.785224191844e-03 7.858105935156e-03 8.847697637975e-03 8.015898987651e-03 7.323310710490e-03 5.933549255133e-03 6.175370421261e-03 5.198108032346e-03 5.960299633443e-03 6.239216309041e-03 5.814225878567e-03 5.525119602680e-03 5.335401743650e-03 3.749405965209e-03 3.637098008767e-03 3.864210331813e-03 3.850284265354e-03 3.770786570385e-03 3.981586545706e-03 4.869767464697e-03 9.302550926805e-03 1.364501565695e-02
9.640527516603e-02 1.122483313084e-01 3.786467388272e-02 3.933114558458e-02 1.390335559845e-01 2.487207502127e-01 2.561423778534e-01 2.186716198921e-01 1.836557984352e-01 8.736877143383e-02 7.727462053299e-02 9.352396428585e-02 5.737206339836e-02 3.618624806404e-02 1.603053323925e-02 8.624609559774e-03 5.461251828820e-03 5.127953831106e-03 4.929271992296e-03 6.265037227422e-03 5.562510341406e-03 5.568121559918e-03 5.181645043194e-03 5.114604253322e-03 4.962377250195e-03 5.066325888038e-03 4.895491525531e-03 4.977238364518e-03 5.356743000448e-03 5.131238140166e-03 5.197606980801e-03 4.281601868570e-03 4.721983335912e-03 4.953362047672e-03 3.939075861126e-03 3.016545437276e-03 3.611495718360e-03 3.843860235065e-03 3.860753029585e-03 3.793833078817e-03 3.886306192726e-03 4.999033641070e-03 8.410681039095e-03
4.213348403573e-02 6.893931329250e-02 9.957783669233e-02 1.299600601196e-01 1.430684924126e-01 1.169442832470e-01 1.324934363365e-01 1.628524661064e-01 2.319072932005e-01 9.084124118090e-02 9.395002573729e-02 5.729761347175e-02 2.308559790254e-02 9.705420583487e-03 6.729038432240e-03 5.489595234394e-03 4.922776482999e-03 4.438498057425e-03 4.068321082741e-03 3.822634462267e-03 4.252689424902e-03 3.300914773718e-03 3.345421515405e-03 3.333713160828e-03 3.512607421726e-03 3.689207369462e-03 3.722708206624e-03 3.409540979192e-03 2.935052383691e-03 3.522581886500e-03 3.420285182074e-03 3.316462039948e-03 3.720122855157e-03 4.129208158702e-03 3.797438694164e-03 2.973413560539e-03 3.355052554980e-03 3.768598427996e-03 3.870589658618e-03 3.918620757759e-03 4.544453695416e-03 5.454552359879e-03 6.877734325826e-03
4.629963263869e-02 1.409391015768e-01 2.612036168575e-01 1.535072624683e-01 9.871382266283e-02 1.713863164186e-01 2.278002947569e-01 3.062580823898e-01 1.508653759956e-01 7.760871946812e-02 3.662570193410e-02 2.121237665415e-02 8.925580419600e-03 5.714873783290e-03 4.021366126835e-03 3.410315141082e-03 3.131955862045e-03 2.912370953709e-03 2.991460030898e-03 3.187504597008e-03 3.262110752985e-03 3.020284231752e-03 2.952728420496e-03 3.167905844748e-03 3.785357577726e-03 4.409560933709e-03 4.822698887438e-03 4.686826374382e-03 3.701312467456e-03 2.866705646738e-03 2.843884984031e-03 2.624027663842e-03 2.647067420185e-03 3.312556771562e-03 3.431777702644e-03 3.198748221621e-03 3.050749888644e-03 3.575234673917e-03 3.775049466640e-03 3.813268616796e-03 4.358389414847e-03 6.039032712579e-03 8.173319511116e-03
8.710426837206e-02 2.734768688679e-01 2.100561112165e-01 1.702352911234e-01 1.865014880896e-01 1.780549585819e-01 1.249169558287e-01 1.216565668583e-01 9.535205364227e-02 4.878754541278e-02 1.771813258529e-02 1.098731253296e-02 5.941543728113e-03 3.817663528025e-03 3.016564296558e-03 2.498046495020e-03 2.492434112355e-03 2.661156235263e-03 2.598407445475e-03 2.528819721192e-03 2.747670747340e-03 2.802173839882e-03 2.736496506259e-03 2.743331016973e-03 3.450269112363e-03 4.236265551299e-03 4.810806363821e-03 4.798744805157e-03 3.896178444847e-03 2.645899076015e-03 2.764268312603e-03 2.861546352506e-03 2.339330967516e-03 2.434276742861e-03 2.906908048317e-03 3.247971413657e-03 3.282259218395e-03 3.271749941632e-03 3.577263560146e-03 3.734497353435e-03 3.694665851071e-03 4.186373669654e-03 5.302829202265e-03
1.173018813133e-01 1.989877074957e-01 1.184909194708e-01 7.240097224712e-02 4.824809730053e-02 5.925372987986e-02 5.191395804286e-02 6.200951710343e-02 5.268955975771e-02 1.829461753368e-02 1.279664970934e-02 7.622326258570e-03 6.292108446360e-03 4.665870685130e-03 2.905549714342e-03 2.356103155762e-03 2.562720095739e-03 2.583971014246e-03 2.351511968300e-03 2.265618881211e-03 2.629420021549e-03 2.880557207391e-03 3.014703746885e-03 2.908564638346e-03 2.691588364542e-03 3.217147663236e-03 3.591062268242e-03 3.559221979231e-03 2.941495971754e-03 2.379423007369e-03 2.457115100697e-03 2.696189330891e-03 2.572262194008e-03 2.161763142794e-03 2.237892011181e-03 2.651718910784e-03 2.949399873614e-03 2.901944331825e-03 3.302652621642e-03 3.586963983253e-03 3.653674852103e-03 3.834177274257e-03 4.301362205297e-03
1.677866578102e-01 1.381453275681e-01 4.474786669016e-02 3.387442603707e-02 3.592042624950e-02 2.159919776022e-02 3.055678866804e-02 4.995494335890e-02 3.326019272208e-02 1.609732955694e-02 1.209408603609e-02 6.748861167580e-03 6.575010716915e-03 6.230776663870e-03 3.893841756508e-03 3.072228049859e-03 2.607790054753e-03 2.484753960744e-03 2.140998607501e-03 2.183549804613e-03 2.643280895427e-03 3.170738695189e-03 3.486137371510e-03 3.255815943703e-03 2.780233742669e-03 2.384493127465e-03 2.538759261370e-03 2.710226457566e-03 2.745183184743e-03 2.936014439911e-03 2.638149308041e-03 2.447091508657e-03 2.471545012668e-03 2.241582609713e-03 2.172870561481e-03 2.608557697386e-03 2.851540455595e-03 2.776951296255e-03 2.974002156407e-03 3.346040844917e-03 3.508409252390e-03 3.913636319339e-03 4.946561995894e-03
2.653635740280e-01 1.165327876806e-01 2.275114320219e-02 1.627474091947e-02 1.238922309130e-02 1.532206125557e-02 1.628582552075e-02 3.728185966611e-02 3.775336220860e-02 2.300133928657e-02 1.145886443555e-02 6.540879141539e-03 5.657676607370e-03 5.910809617490e-03 4.846950061619e-03 2.977875759825e-03 2.579375170171e-03 2.387917367741e-03 1.982336165383e-03 2.158136805519e-03 2.704287646338e-03 3.530446905643e-03 3.850097535178e-03 3.419211367145e-03 2.871678909287e-03 2.529186895117e-03 2.618351252750e-03 2.917093923315e-03 3.051081206650e-03 3.073228988796e-03 2.846514806151e-03 2.369554247707e-03 2.719694050029e-03 2.248229691759e-03 2.116411458701e-03 2.296833787113e-03 2.886787988245e-03 3.177850972861e-03 3.385058371350e-03 3.846932668239e-03 4.416949581355e-03 4.584504291415e-03 4.455273039639e-03
2.275120913982e-01 7.034792751074e-02 1.733834482729e-02 9.757212363183e-03 8.964783512056e-03 1.040504500270e-02 1.926754601300e-02 2.466077916324e-02 2.969135716558e-02 2.071897126734e-02 1.360793504864e-02 7.598912343383e-03 4.987911786884e-03 4.271396435797e-03 4.088477697223e-03 3.452053060755e-03 3.003963036463e-03 3.300928743556e-03 2.754990477115e-03 2.382362494245e-03 2.970130881295e-03 3.964854869992e-03 4.126863554120e-03 3.466611262411e-03 2.943728119135e-03 2.682557795197e-03 2.731947693974e-03 3.070364939049e-03 3.326468169689e-03 3.112739650533e-03 2.810103818774e-03 2.324259141460e-03 2.774121938273e-03 2.143918303773e-03 2.069102134556e-03 1.996022183448e-03 2.169041894376e-03 2.857219427824e-03 3.639562521130e-03 4.685658030212e-03 5.719840060920e-03 6.126729771495e-03 6.194910034537e-03
1.198082938790e-01 2.206955105066e-02 1.034991163760e-02 8.990967646241e-03 7.520364597440e-03 7.687600329518e-03 1.242859568447e-02 6.882258690894e-03 1.803553476930e-02 2.725775353611e-02 1.936974003911e-02 1.473731175065e-02 7.368001155555e-03 4.526479635388e-03 3.865889273584e-03 3.897726070136e-03 4.133746959269e-03 3.717253915966e-03 3.237172495574e-03 2.905955770984e-03 3.550918074325e-03 4.359645769000e-03 4.197194706649e-03 3.534562420100e-03 3.154913429171e-03 2.968707121909e-03 2.955041360110e-03 3.222886472940e-03 3.518484067172e-03 3.385217860341e-03 2.838290994987e-03 2.282049506903e-03 2.617966150865e-03 2.373415511101e-03 2.053935779259e-03 2.041265368462e-03 1.966136274859e-03 2.054877812043e-03 2.632024232298e-03 4.023314919323e-03 5.493583157659e-03 6.404459476471e-03 6.926276721060e-03
3.242382407188e-02 1.254532858729e-02 8.112534880638e-03 7.760853972286e-03 6.073749624193e-03 5.517961457372e-03 5.580765660852e-03 5.197224672884e-03 6.560799665749e-03 2.249023504555e-02 2.492268010974e-02 3.655108809471e-02 2.338927052915e-02 8.397107012570e-03 5.205848254263e-03 4.338705912232e-03 4.634830635041e-03 5.493222735822e-03 5.108408629894e-03 4.071156028658e-03 4.045536741614e-03 4.530300386250e-03 4.072398878634e-03 3.515124553815e-03 3.308438695967e-03 3.276059171185e-03 3.338624723256e-03 3.319428069517e-03 3.604181576520e-03 3.640994196758e-03 3.151633776724e-03 2.435673493892e-03 2.454926026985e-03 2.458297414705e-03 2.289023017511e-03 2.344487002119e-03 2.321242587641e-03 2.280299318954e-03 2.249886980280e-03 2.314019482583e-03 3.127076197416e-03 4.164076875895e-03 4.908481147140e-03
1.155349239707e-02 7.251858245581e-03 7.272072136402e-03 6.340940482914e-03 5.181024782360e-03 4.701550584286e-03 4.046144895256e-03 4.042188171297e-03 4.802157636732e-03 9.321464225650e-03 3.727554157376e-02 9.152772277594e-02 6.280092149973e-02 2.001620084047e-02 8.792608976364e-03 5.455628037453e-03 4.804399795830e-03 5.772287026048e-03 5.578057374805e-03 5.973229650408e-03 5.747644696385e-03 4.737251903862e-03 4.236763808876e-03 3.800949081779e-03 3.684633178636e-03 3.711542347446e-03 3.704512491822e-03 3.608267055824e-03 3.618974704295e-03 3.842842997983e-03 3.488570684567e-03 2.552139339969e-03 2.391693415120e-03 2.359857549891e-03 2.470719162375e-03 2.651889109984e-03 2.775180386379e-03 2.813165774569e-03 2.788624260575e-03 2.686507301405e-03 2.699306001887e-03 2.839967142791e-03 2.930950606242e-03
1.046358887106e-02 5.949785932899e-03 6.474577356130e-03 4.951879847795e-03 4.051618743688e-03 3.793771611527e-03 3.281674813479e-03 3.428756492212e-03 3.467274364084e-03 6.461567245424e-03 2.823951095343e-02 7.617390900850e-02 6.876491755247e-02 4.429931566119e-02 1.073943357915e-02 5.913474597037e-03 4.500359296799e-03 6.492726039141e-03 7.705484516919e-03 7.225345354527e-03 5.907571874559e-03 4.620968829840e-03 4.573992453516e-03 4.301646724343e-03 4.156893119216e-03 4.060565494001e-03 3.886763239279e-03 3.545461688191e-03 3.659964306280e-03 3.890662221238e-03 3.440694417804e-03 2.691748784855e-03 2.788236364722e-03 2.699735341594e-03 2.561029279605e-03 2.479114569724e-03 2.648244844750e-03 2.749719657004e-03 2.720322692767e-03 2.544633811340e-03 2.829341450706e-03 3.339394927025e-03 3.701883601025e-03
1.290305238217e-02 6.776995491236e-03 5.705873016268e-03 4.410246387124e-03 3.285993589088e-03 3.101519541815e-03 3.160658059642e-03 3.121590940282e-03 3.140959655866e-03 4.039947409183e-03 1.072082389146e-02 3.907211869955e-02 1.419247090816e-01 1.094976365566e-01 1.835518516600e-02 6.911365315318e-03 7.623919285834e-03 8.132082410157e-03 7.229201029986e-03 5.751775577664e-03 4.671170376241e-03 4.766452126205e-03 5.050881300122e-03 4.890384618193e-03 4.557142965496e-03 4.134537186474e-03 3.577226074412e-03 3.221729770303e-03 3.798368386924e-03 3.925356082618e-03 3.569640684873e-03 3.965754993260e-03 3.976530861109e-03 3.762096632272e-03 3.385457443073e-03 2.634107600898e-03 2.212685067207e-03 2.199410460889e-03 2.259785775095e-03 2.428198931739e-03 2.852087840438e-03 3.553243121132e-03 4.400550387800e-03
1.366367936134e-02 7.701017893851e-03 5.775220226496e-03 3.848153632134e-03 2.876489190385e-03 3.017304465175e-03 2.978442469612e-03 3.043108154088e-03 2.737545175478e-03 3.090390935540e-03 6.055708974600e-03 1.987867243588e-02 6.895924359560e-02 6.075423210859e-02 2.027255482972e-02 1.152728684247e-02 9.471833705902e-03 7.347699720412e-03 5.659480113536e-03 4.531833343208e-03 4.513006191701e-03 4.812827799469e-03 5.115185398608e-03 4.863556474447e-03 4.200640600175e-03 3.408021992072e-03 2.772726817057e-03 3.033806569874e-03 3.833233611658e-03 4.047957714647e-03 4.231589846313e-03 4.649607464671e-03 4.617372062057e-03 4.302331712097e-03 3.659461159259e-03 2.752375788987e-03 2.818676177412e-03 2.925373846665e-03 3.098186338320e-03 3.245262429118e-03 3.285694634542e-03 3.658057656139e-03 4.718133714050e-03
1.277373265475e-02 6.887534167618e-03 4.857854917645e-03 3.020753851160e-03 2.762375399470e-03 2.980099990964e-03 2.877380000427e-03 2.486366545781e-03 1.971989404410e-03 2.787153236568e-03 5.150124896318e-03 8.797702379525e-03 2.432283759117e-02 2.886092476547e-02 2.088028937578e-02 1.277939882129e-02 8.079227060080e-03 5.740479566157e-03 5.320232361555e-03 5.164088215679e-03 4.647794645280e-03 4.392963834107e-03 4.247709177434e-03 3.731411416084e-03 2.943681553006e-03 2.583496971056e-03 2.554465783760e-03 2.741468371823e-03 3.583981189877e-03 4.025585483760e-03 2.997147385031e-03 3.269852837548e-03 3.271342720836e-03 3.060356946662e-03 2.975655021146e-03 3.250878769904e-03 3.511930117384e-03 3.857916919515e-03 4.235231783241e-03 4.447805229574e-03 4.366970621049e-03 4.069414921105e-03 4.631937947124e-03
1.141265965998e-02 5.091871600598e-03 3.489214228466e-03 2.162877004594e-03 2.586365910247e-03 2.870352705941e-03 2.748633269221e-03 2.265932038426e-03 1.670144032687e-03 2.508699893951e-03 4.627550952137e-03 7.160763721913e-03 1.692321896553e-02 2.168029919267e-02 1.683792658150e-02 9.964761324227e-03 6.167402956635e-03 5.723576992750e-03 5.629418883473e-03 4.717230331153e-03 3.748732618988e-03 3.130246186629e-03 2.738469280303e-03 2.294705947861e-03 2.108803251758e-03 2.079940633848e-03 2.094586845487e-03 2.335309050977e-03 3.128420561552e-03 3.674234962091e-03 2.851750236005e-03 2.236264757812e-03 2.149407286197e-03 2.745683770627e-03 3.246788401157e-03 3.685877658427e-03 4.194357432425e-03 4.827222786844e-03 5.420921370387e-03 5.662198644131e-03 5.385679192841e-03 4.749019164592e-03 4.567534197122e-03
