100/SI/f2.grd
DSAA
101	101
32.816463539100	34.260883539100
35.556306596100	36.727886596100
1.625813730061e-02	2.967331054688e+03
[rows 19 to 37 of 101, columns 0 to 42 of 101]
5.462746620178e+00 1.113975524902e+01 1.425825786591e+01 1.454077911377e+01 1.200273418427e+01 9.407183647156e+00 6.505033493042e+00 7.512569904327e+00 8.782802581787e+00 1.051125812531e+01 1.401559257507e+01 1.665333938599e+01 1.601361465454e+01 1.732609176636e+01 1.743297576904e+01 1.689048957825e+01 1.605375671387e+01 1.624303054810e+01 1.845444107056e+01 1.641359138489e+01 1.658448982239e+01 1.781084251404e+01 1.888002395630e+01 1.833530235291e+01 1.628351593018e+01 1.387739467621e+01 1.435301685333e+01 2.355581855774e+01 2.787324714661e+01 2.101000785828e+01 1.942676734924e+01 1.792458343506e+01 1.860427665710e+01 1.856983757019e+01 1.840547180176e+01 1.857856750488e+01 1.461302566528e+01 1.278146362305e+01 1.371490573883e+01 1.344866085052e+01 1.922779083252e+01 4.571974945068e+01 2.141256904602e+01
4.283467292786e+00 9.002735137939e+00 1.214875793457e+01 1.330122470856e+01 1.183798789978e+01 1.124354267120e+01 1.030218887329e+01 7.066631317139e+00 9.307934761047e+00 1.090017795563e+01 1.220016002655e+01 1.521010589600e+01 1.337723827362e+01 1.555656814575e+01 1.677911376953e+01 1.728421401978e+01 1.722884178162e+01 1.648842048645e+01 2.110124015808e+01 1.685944938660e+01 1.934243202209e+01 2.296729278564e+01 2.479260253906e+01 2.517020606995e+01 2.292450523376e+01 1.769216346741e+01 1.902491569519e+01 1.915285682678e+01 2.935463333130e+01 2.132811927795e+01 1.832567214966e+01 1.739509391785e+01 1.695386123657e+01 1.612620544434e+01 1.570863342285e+01 2.019705009460e+01 1.401957988739e+01 1.476081466675e+01 1.502263736725e+01 1.565577507019e+01 2.378791809082e+01 3.879630279541e+01 3.185269737244e+01
3.170776605606e+00 6.563009738922e+00 9.210416793823e+00 1.060873413086e+01 1.001997756958e+01 8.640734672546e+00 1.063933372498e+01 1.050248527527e+01 1.188085746765e+01 1.411375141144e+01 1.620235061646e+01 2.126527214050e+01 2.535617828369e+01 2.309717178345e+01 1.569487857819e+01 1.550104522705e+01 1.634735679626e+01 1.761685180664e+01 3.073195648193e+01 2.342770195007e+01 1.777583503723e+01 2.792462348938e+01 2.961765289307e+01 3.389188766479e+01 2.706432151794e+01 2.392451667786e+01 2.379411506653e+01 1.524920272827e+01 2.772831344604e+01 1.964994049072e+01 1.520514392853e+01 1.594413471222e+01 1.883094978333e+01 1.463695716858e+01 1.595979022980e+01 2.141851997375e+01 1.704451179504e+01 1.569419956207e+01 1.624957466125e+01 1.770759201050e+01 2.770703315735e+01 2.789016723633e+01 4.225218200684e+01
4.444196701050e+00 7.981717109680e+00 7.455383300781e+00 7.810550689697e+00 9.438362121582e+00 1.193026161194e+01 1.389067649841e+01 1.653326034546e+01 2.000630760193e+01 2.505699729919e+01 3.173003959656e+01 3.958753204346e+01 4.426966857910e+01 3.832246780396e+01 2.411988258362e+01 1.442804050446e+01 1.990714645386e+01 2.795495796204e+01 3.538006591797e+01 2.896257972717e+01 2.301703834534e+01 3.033307075500e+01 3.226818084717e+01 3.809582519531e+01 2.693270301819e+01 2.726421737671e+01 2.830155372620e+01 1.778387451172e+01 2.276233863831e+01 1.626581764221e+01 1.421238040924e+01 1.407044315338e+01 1.955968666077e+01 1.935767936707e+01 1.922311782837e+01 1.827361869812e+01 2.395101928711e+01 1.723632621765e+01 1.754293251038e+01 1.941867256165e+01 3.084177017212e+01 2.665887069702e+01 4.907821655273e+01
4.338533878326e+00 8.929543495178e+00 9.680010795593e+00 9.267013549805e+00 1.186055755615e+01 1.611079025269e+01 1.761795043945e+01 1.855751609802e+01 2.051437568665e+01 2.367926406860e+01 2.844741821289e+01 3.228340148926e+01 3.293804931641e+01 2.811954116821e+01 2.063200569153e+01 1.791951942444e+01 1.956348800659e+01 2.761127853394e+01 3.667042160034e+01 2.253123283386e+01 2.178830909729e+01 3.062001991272e+01 3.224235916138e+01 3.657448577881e+01 2.922052383423e+01 2.718518829346e+01 3.195052719116e+01 2.767656517029e+01 2.796211433411e+01 2.391395950317e+01 2.074775695801e+01 2.953025627136e+01 2.752618789673e+01 2.099326324463e+01 2.042023277283e+01 1.957776832581e+01 2.661214065552e+01 1.911508560181e+01 1.920149421692e+01 2.048195838928e+01 3.258699798584e+01 2.701348304749e+01 5.016991043091e+01
8.143203735352e+00 1.400309371948e+01 9.056818962097e+00 9.225999832153e+00 1.027670383453e+01 1.409990596771e+01 1.595919227600e+01 1.574867725372e+01 1.559544277191e+01 1.617379760742e+01 1.709609603882e+01 1.807909965515e+01 1.716950225830e+01 1.832462501526e+01 1.855687713623e+01 1.664474678040e+01 1.702194976807e+01 3.170370483398e+01 3.615310287476e+01 1.916094207764e+01 1.985175514221e+01 2.839259529114e+01 3.060952377319e+01 3.120636367798e+01 2.787307548523e+01 2.488223266602e+01 3.444866180420e+01 3.046370506287e+01 2.467860794067e+01 2.381073760986e+01 2.431812286377e+01 3.842185592651e+01 5.692003631592e+01 5.390275573730e+01 4.854346466064e+01 4.610579299927e+01 4.762445831299e+01 2.937983322144e+01 2.496057701111e+01 2.132047843933e+01 3.331737899780e+01 2.608552742004e+01 4.448272705078e+01
1.510502719879e+01 3.199922180176e+01 3.284234619141e+01 2.862148857117e+01 1.779533958435e+01 1.033872509003e+01 1.068716049194e+01 1.119100761414e+01 1.164737033844e+01 1.506153106689e+01 1.805551338196e+01 2.017923164368e+01 2.083456611633e+01 1.998322868347e+01 1.795728111267e+01 1.890266990662e+01 2.033800888062e+01 3.090705871582e+01 3.037409400940e+01 1.702125740051e+01 1.986958312988e+01 2.325058174133e+01 2.651665878296e+01 2.585945701599e+01 2.861934089661e+01 2.757148170471e+01 3.579392242432e+01 3.751818466187e+01 3.975602340698e+01 3.550117874146e+01 2.673126029968e+01 2.314259147644e+01 4.658371734619e+01 5.064960098267e+01 5.544348144531e+01 6.657349395752e+01 8.253667449951e+01 5.008749008179e+01 3.685070037842e+01 3.131378173828e+01 3.271204757690e+01 2.433920860291e+01 3.340813446045e+01
1.601361083984e+01 3.460533142090e+01 4.005983734131e+01 4.722923660278e+01 5.145629882812e+01 4.442102432251e+01 2.481583023071e+01 1.406380271912e+01 1.919528007507e+01 2.242900657654e+01 2.304340171814e+01 2.180114746094e+01 2.038988304138e+01 2.733929443359e+01 2.992658424377e+01 2.953082275391e+01 2.896255111694e+01 2.809983825684e+01 2.774759483337e+01 2.683943557739e+01 2.621608352661e+01 2.618242645264e+01 2.537367057800e+01 3.252629470825e+01 3.912826156616e+01 3.380733108521e+01 3.895859909058e+01 4.983075332642e+01 5.026333618164e+01 4.451185989380e+01 3.312731170654e+01 2.599644279480e+01 2.739369392395e+01 4.061660003662e+01 6.071633529663e+01 5.369031906128e+01 5.642828369141e+01 4.238649368286e+01 4.506404876709e+01 4.584934616089e+01 3.723553466797e+01 2.306255531311e+01 2.954800033569e+01
1.022030162811e+01 2.263618278503e+01 2.645917510986e+01 3.263872909546e+01 4.244823455811e+01 5.555264663696e+01 6.238011169434e+01 4.830883789062e+01 2.510904502869e+01 2.437067222595e+01 2.171510887146e+01 2.773719787598e+01 3.250322723389e+01 3.363515853882e+01 3.176496505737e+01 3.164042472839e+01 3.124429321289e+01 3.031209373474e+01 3.176652336121e+01 3.204106521606e+01 3.290550613403e+01 3.571590423584e+01 3.379654693604e+01 3.115862083435e+01 3.105887413025e+01 3.998706436157e+01 3.823944854736e+01 4.814015197754e+01 5.280595397949e+01 4.722555541992e+01 3.513834381104e+01 3.677484130859e+01 4.730904769897e+01 6.335478973389e+01 7.580435943604e+01 5.515407943726e+01 4.107338714600e+01 3.432920074463e+01 4.066066360474e+01 5.198502349854e+01 5.655106353760e+01 3.829359436035e+01 2.887265014648e+01
7.112570762634e+00 1.394472312927e+01 1.708241653442e+01 1.571463584900e+01 1.867969322205e+01 2.792464256287e+01 4.334690856934e+01 5.825106048584e+01 5.777745437622e+01 3.953697204590e+01 3.080798721313e+01 3.227902603149e+01 3.252048110962e+01 3.090897750854e+01 3.027336311340e+01 2.971405601501e+01 2.819418525696e+01 3.022900199890e+01 3.100788497925e+01 3.215324783325e+01 3.407900238037e+01 3.291358184814e+01 3.170188903809e+01 3.137499427795e+01 3.249232864380e+01 3.049907493591e+01 3.305909347534e+01 3.786558532715e+01 4.506912994385e+01 4.672204971313e+01 3.646808242798e+01 4.442689514160e+01 5.141056060791e+01 5.851447677612e+01 5.690277099609e+01 3.584449768066e+01 3.967090225220e+01 4.606296920776e+01 4.945459365845e+01 4.404177856445e+01 6.367753219604e+01 6.438397216797e+01 3.456621551514e+01
8.308939933777e+00 1.634379005432e+01 1.586935520172e+01 1.944645118713e+01 1.596260547638e+01 1.411386871338e+01 1.703225517273e+01 3.089170455933e+01 4.887471771240e+01 5.635301971436e+01 4.563462066650e+01 3.048866462708e+01 2.881542015076e+01 2.807916069031e+01 2.621471023560e+01 2.547220420837e+01 2.627359580994e+01 3.071877098083e+01 2.777591705322e+01 2.774707794189e+01 2.508364105225e+01 2.052453613281e+01 2.880145072937e+01 2.564720916748e+01 3.858389282227e+01 3.173727989197e+01 3.778142929077e+01 4.234506988525e+01 3.355649948120e+01 3.789916610718e+01 4.358617019653e+01 4.687364578247e+01 3.722703552246e+01 4.694479370117e+01 3.436976242065e+01 3.009227180481e+01 4.009590148926e+01 5.594456481934e+01 6.667131805420e+01 6.280366516113e+01 5.198457717896e+01 8.003194427490e+01 5.978482055664e+01
1.083799457550e+01 2.082845115662e+01 1.932740974426e+01 1.929109001160e+01 2.147824287415e+01 1.661481666565e+01 2.298243141174e+01 2.775544548035e+01 3.043599891663e+01 4.299604034424e+01 5.479711151123e+01 4.938390731812e+01 3.000786018372e+01 2.400457000732e+01 2.357629203796e+01 2.411429405212e+01 2.495354270935e+01 2.465811538696e+01 2.826961708069e+01 2.638319969177e+01 2.297908210754e+01 2.001757621765e+01 2.215709304810e+01 3.458774185181e+01 5.140656280518e+01 6.902488708496e+01 8.291886138916e+01 6.773227691650e+01 4.318133163452e+01 4.043758773804e+01 5.359146881104e+01 3.634577560425e+01 2.705132675171e+01 5.859583663940e+01 2.574514007568e+01 3.408182907104e+01 3.331442260742e+01 4.734344100952e+01 6.853488922119e+01 7.339543151855e+01 6.283309173584e+01 6.797833251953e+01 9.124161529541e+01
9.884885787964e+00 2.161507606506e+01 2.287820434570e+01 2.236441040039e+01 2.279607772827e+01 2.345286560059e+01 2.794011688232e+01 2.916171836853e+01 2.883082962036e+01 2.712747764587e+01 3.868974304199e+01 5.445814132690e+01 5.281295394897e+01 3.617247390747e+01 2.265536880493e+01 2.249407386780e+01 2.167162704468e+01 2.065218544006e+01 2.762957191467e+01 2.872541236877e+01 3.017073249817e+01 2.414937973022e+01 2.230797767639e+01 4.263104248047e+01 7.211803436279e+01 1.059554061890e+02 1.244536361694e+02 1.192840805054e+02 7.818263244629e+01 4.665733718872e+01 5.762912368774e+01 4.525276184082e+01 4.342745971680e+01 7.170967102051e+01 3.824952697754e+01 7.051288604736e+01 5.082690811157e+01 3.854086685181e+01 5.274708175659e+01 7.543929290771e+01 7.692285919189e+01 6.458864593506e+01 9.863269042969e+01
1.207044887543e+01 2.412894630432e+01 2.444304466248e+01 2.375448608398e+01 2.463188552856e+01 2.773288345337e+01 2.778147888184e+01 2.799829673767e+01 2.563140487671e+01 2.357256698608e+01 2.272973251343e+01 3.347475433350e+01 5.298667907715e+01 5.546426391602e+01 4.172986984253e+01 2.151364707947e+01 1.989091873169e+01 2.102910804749e+01 2.464632415771e+01 4.007033920288e+01 3.624182510376e+01 3.370718002319e+01 3.079609489441e+01 4.236754989624e+01 7.348831176758e+01 1.047677459717e+02 1.424997711182e+02 1.669773559570e+02 1.399414520264e+02 6.841462707520e+01 5.945030975342e+01 6.520515441895e+01 6.295955657959e+01 8.500591278076e+01 4.715479660034e+01 9.475275421143e+01 7.826555633545e+01 5.123172378540e+01 4.941041946411e+01 6.862870788574e+01 1.470056762695e+02 7.450685882568e+01 8.128192138672e+01
1.684897041321e+01 3.165500068665e+01 2.857379341125e+01 2.891986656189e+01 3.075227737427e+01 3.255147933960e+01 3.464040756226e+01 3.608775711060e+01 3.692592239380e+01 3.707149887085e+01 3.595297241211e+01 3.671835708618e+01 3.494290542603e+01 4.912215805054e+01 5.656658554077e+01 4.680402374268e+01 2.326112556458e+01 2.312432479858e+01 2.491888237000e+01 3.846688842773e+01 4.078890609741e+01 3.725453186035e+01 3.301841735840e+01 3.602976226807e+01 6.081741714478e+01 9.025585174561e+01 1.397341003418e+02 1.950617980957e+02 1.847318267822e+02 1.136258239746e+02 8.327167510986e+01 1.057732391357e+02 1.148600311279e+02 1.076017303467e+02 9.062150573730e+01 1.025124893188e+02 9.739076232910e+01 7.486762237549e+01 8.922701263428e+01 7.764539337158e+01 2.121093750000e+02 1.722996520996e+02 4.871553421021e+01
1.743612670898e+01 3.623851394653e+01 3.614538955688e+01 3.499877929688e+01 3.078389739990e+01 2.497686386108e+01 2.399718856812e+01 2.659664154053e+01 2.954691886902e+01 3.304278945923e+01 3.693904113770e+01 4.154916763306e+01 4.779930114746e+01 7.543849182129e+01 7.660997772217e+01 5.610635375977e+01 5.320507049561e+01 5.052033233643e+01 4.694239807129e+01 4.291477584839e+01 3.862606811523e+01 3.539327621460e+01 3.877566146851e+01 3.649288940430e+01 4.141444778442e+01 6.813306427002e+01 1.003665237427e+02 1.588673706055e+02 2.018772735596e+02 1.408832244873e+02 6.762498474121e+01 6.500772857666e+01 9.613275909424e+01 1.287585449219e+02 1.447123413086e+02 1.364165039062e+02 1.003580245972e+02 8.165136718750e+01 6.118699264526e+01 9.245737457275e+01 2.243363189697e+02 2.660571594238e+02 7.426818084717e+01
1.334589290619e+01 2.797488594055e+01 3.137293434143e+01 3.420132827759e+01 3.590515899658e+01 3.465238189697e+01 2.901399421692e+01 2.372403717041e+01 2.387929916382e+01 2.389795875549e+01 2.379761314392e+01 2.331863212585e+01 2.261150550842e+01 2.859226226807e+01 4.280857849121e+01 4.692661666870e+01 5.477333068848e+01 5.258305358887e+01 4.346994781494e+01 4.815053939819e+01 5.089086532593e+01 5.243886184692e+01 5.426596450806e+01 5.648966598511e+01 5.414686584473e+01 4.506558227539e+01 6.738017272949e+01 1.199052963257e+02 1.696444854736e+02 1.254730758667e+02 6.365919113159e+01 4.457221984863e+01 3.693261718750e+01 6.451232910156e+01 7.524534606934e+01 1.234195404053e+02 1.584429016113e+02 1.486704406738e+02 9.426422882080e+01 9.852623748779e+01 1.460303344727e+02 3.191032714844e+02 1.143677597046e+02
1.072472095490e+01 2.071872711182e+01 2.060548591614e+01 1.972472000122e+01 2.288815116882e+01 2.562890052795e+01 2.676541137695e+01 2.628437805176e+01 2.229806327820e+01 2.269948387146e+01 2.468289947510e+01 2.669365501404e+01 2.855399513245e+01 3.042074584961e+01 3.232452011108e+01 3.397729492188e+01 3.542742919922e+01 5.154541397095e+01 5.458592224121e+01 6.993849945068e+01 5.481707382202e+01 4.650444030762e+01 4.409346389771e+01 4.373350524902e+01 4.380725479126e+01 4.916303253174e+01 6.499987030029e+01 7.639080810547e+01 1.080794296265e+02 8.889510345459e+01 4.567370223999e+01 5.394172286987e+01 4.017181777954e+01 5.244020462036e+01 6.091543579102e+01 7.212379455566e+01 7.301055145264e+01 1.223869476318e+02 1.745711669922e+02 1.429687652588e+02 1.244577255249e+02 2.644705200195e+02 2.335559082031e+02
6.741011142731e+00 1.359114360809e+01 1.338766479492e+01 1.359299659729e+01 1.597077274323e+01 1.823510932922e+01 1.973524093628e+01 2.015869522095e+01 2.040950965881e+01 1.873853302002e+01 1.923108863831e+01 1.916885375977e+01 1.995790290833e+01 2.090380859375e+01 2.118954467773e+01 2.723689651489e+01 3.043705558777e+01 4.204822158813e+01 7.916474151611e+01 8.255571746826e+01 7.268356323242e+01 6.161936950684e+01 7.020458984375e+01 8.375112152100e+01 5.885467147827e+01 7.075721740723e+01 6.908735656738e+01 6.435878753662e+01 6.681344604492e+01 8.635911560059e+01 8.064649963379e+01 5.353507614136e+01 5.487979125977e+01 5.838672256470e+01 6.224044799805e+01 6.675643157959e+01 6.514293670654e+01 8.389890289307e+01 1.237982177734e+02 1.435536346436e+02 1.724493103027e+02 2.300656280518e+02 1.965058441162e+02
