100/SI/f2.grd
DSAA
101	101
32.816463539100	34.260883539100
35.556306596100	36.727886596100
1.625813730061e-02	2.967331054688e+03
[rows 0 to 18 of 101, columns 0 to 42 of 101]
2.523376464844e+00 4.504387378693e+00 3.986155271530e+00 2.385251283646e+00 2.083600521088e+00 2.750425338745e+00 5.449400901794e+00 7.559310436249e+00 6.730439186096e+00 3.997965097427e+00 2.472290277481e+00 2.839713811874e+00 3.013470172882e+00 2.908494472504e+00 2.493584871292e+00 3.761251926422e+00 5.645049095154e+00 6.545514583588e+00 4.690109729767e+00 3.025235414505e+00 3.500987291336e+00 3.793076992035e+00 2.711968183517e+00 2.430053710938e+00 2.624702453613e+00 3.585262298584e+00 5.361683368683e+00 6.130443572998e+00 8.150396347046e+00 6.511118888855e+00 4.766302108765e+00 4.482549667358e+00 3.894747018814e+00 3.094063758850e+00 2.489524841309e+00 2.417634963989e+00 2.229809522629e+00 3.019295692444e+00 4.220107555389e+00 4.826616287231e+00 4.038424015045e+00 3.498194932938e+00 3.330285310745e+00
4.673962593079e+00 8.812587738037e+00 8.633507728577e+00 6.024680614471e+00 4.344549655914e+00 5.317728996277e+00 1.048958778381e+01 1.443407630920e+01 1.270924758911e+01 7.366635322571e+00 4.249584197998e+00 4.856887340546e+00 5.127184391022e+00 4.879801273346e+00 4.171953678131e+00 5.612347126007e+00 8.910184860229e+00 1.166014003754e+01 1.055688762665e+01 6.324848175049e+00 6.388589859009e+00 9.899345397949e+00 5.227669715881e+00 4.741595745087e+00 5.416228771210e+00 7.010435104370e+00 8.992559432983e+00 1.028296470642e+01 1.549770832062e+01 1.209496212006e+01 7.756747245789e+00 7.034297466278e+00 7.085222721100e+00 5.250087261200e+00 5.652916908264e+00 5.917691230774e+00 5.961833000183e+00 6.700956344604e+00 8.402559280396e+00 8.440868377686e+00 6.242628574371e+00 6.315999031067e+00 6.892890453339e+00
4.585854053497e+00 9.399272918701e+00 1.052626800537e+01 9.003515243530e+00 5.785457134247e+00 6.145303726196e+00 1.215067958832e+01 1.642401313782e+01 1.400139713287e+01 7.633580684662e+00 5.376296043396e+00 6.057857036591e+00 6.256426811218e+00 5.787714481354e+00 4.765983581543e+00 4.489467144012e+00 5.890942096710e+00 8.772265434265e+00 1.001846122742e+01 8.160350799561e+00 1.023801898956e+01 1.531445693970e+01 6.739458560944e+00 5.886960983276e+00 7.218051910400e+00 8.733669281006e+00 9.066283226013e+00 9.359360694885e+00 1.808256149292e+01 1.357908821106e+01 7.538288593292e+00 6.468538761139e+00 9.679679870605e+00 5.169672012329e+00 5.311985969543e+00 6.103688716888e+00 7.705128192902e+00 9.736779212952e+00 1.016389942169e+01 8.415081024170e+00 8.510167121887e+00 5.872230052948e+00 7.739356994629e+00
4.137215614319e+00 9.074678421021e+00 1.068250465393e+01 1.090172290802e+01 8.753270149231e+00 6.300086021423e+00 1.271433639526e+01 1.682344818115e+01 1.354890346527e+01 6.568702697754e+00 5.962487697601e+00 6.578131675720e+00 6.548013210297e+00 5.826066970825e+00 4.634078502655e+00 4.593318462372e+00 4.374200820923e+00 5.128540515900e+00 6.652302742004e+00 7.783648014069e+00 1.717567634583e+01 1.950126457214e+01 7.598660469055e+00 6.481555461884e+00 7.982908248901e+00 9.149010658264e+00 8.755436897278e+00 8.729854583740e+00 1.813849830627e+01 1.322264194489e+01 6.762560367584e+00 5.561566352844e+00 1.114978408813e+01 5.948637485504e+00 6.019971847534e+00 8.490631103516e+00 1.048237895966e+01 1.090892791748e+01 9.229439735413e+00 1.068566417694e+01 1.028706836700e+01 6.397447586060e+00 7.110686302185e+00
4.052737712860e+00 8.697492599487e+00 1.026835250854e+01 1.123766994476e+01 1.073665809631e+01 7.582997322083e+00 1.299382591248e+01 1.683473587036e+01 1.272758293152e+01 5.551080226898e+00 6.407692909241e+00 6.816925048828e+00 6.709361553192e+00 6.684494972229e+00 6.144653797150e+00 5.198694705963e+00 4.840903759003e+00 4.825273036957e+00 7.080810070038e+00 1.427318191528e+01 2.387341690063e+01 2.144232940674e+01 8.174770355225e+00 9.071967124939e+00 8.008313179016e+00 8.959924697876e+00 8.041604995728e+00 8.700016021729e+00 1.719271087646e+01 1.247130393982e+01 7.991411209106e+00 6.317111015320e+00 1.187993907928e+01 6.754312038422e+00 9.450341224670e+00 1.128975582123e+01 1.140161514282e+01 9.622941970825e+00 6.630123615265e+00 1.099142837524e+01 1.270384120941e+01 8.558041572571e+00 5.659600734711e+00
3.727903842926e+00 7.614995002747e+00 9.183791160583e+00 9.934370994568e+00 1.099508857727e+01 9.140264511108e+00 1.300874805450e+01 1.632947921753e+01 1.150154685974e+01 6.089966773987e+00 6.817352771759e+00 7.583647727966e+00 8.087865829468e+00 7.837842464447e+00 7.063739299774e+00 5.764792442322e+00 4.667243957520e+00 5.054965019226e+00 1.124790096283e+01 2.032780647278e+01 2.778640365601e+01 2.120465660095e+01 9.081099510193e+00 1.382321739197e+01 8.510595321655e+00 8.420731544495e+00 7.217333793640e+00 9.324154853821e+00 1.540381431580e+01 1.236907482147e+01 8.064876556396e+00 6.569857597351e+00 1.375606441498e+01 1.010164451599e+01 1.196402931213e+01 1.181563949585e+01 9.806696891785e+00 6.789669513702e+00 7.474974632263e+00 1.037066364288e+01 1.558021736145e+01 9.958790779114e+00 5.406664371490e+00
4.709583759308e+00 8.354488372803e+00 7.839614391327e+00 7.754855155945e+00 9.524873733521e+00 9.206505775452e+00 1.283215999603e+01 1.564416313171e+01 1.035018730164e+01 6.727415561676e+00 7.624017715454e+00 8.677431106567e+00 8.804156303406e+00 8.203565597534e+00 7.002000331879e+00 6.472462654114e+00 6.246750354767e+00 7.817018985748e+00 1.515965938568e+01 2.428339767456e+01 2.880044364929e+01 1.939784431458e+01 1.154495334625e+01 1.753924560547e+01 1.234388542175e+01 7.812605381012e+00 6.816808700562e+00 1.727466392517e+01 2.430147743225e+01 1.578960990906e+01 8.932399749756e+00 7.667683124542e+00 1.509183120728e+01 1.184334087372e+01 1.182699489594e+01 9.818675041199e+00 6.850286006927e+00 7.505429267883e+00 1.086983394623e+01 1.371481513977e+01 1.604555702209e+01 1.160516166687e+01 5.768502712250e+00
4.796706676483e+00 9.577610969543e+00 9.880913734436e+00 7.146119594574e+00 6.956681251526e+00 7.734197616577e+00 1.268115329742e+01 1.533086776733e+01 9.665404319763e+00 7.286470890045e+00 8.601324081421e+00 9.189308166504e+00 8.902440071106e+00 7.876941204071e+00 7.145795345306e+00 8.337239265442e+00 9.295928001404e+00 1.029350185394e+01 1.854421043396e+01 2.633691787720e+01 2.829251098633e+01 1.746298217773e+01 1.257034778595e+01 1.930692100525e+01 1.503324031830e+01 9.592496871948e+00 6.893507480621e+00 2.623820686340e+01 3.405447006226e+01 1.855633544922e+01 9.757110595703e+00 8.698687553406e+00 1.487312889099e+01 1.088618850708e+01 1.063289451599e+01 7.565943717957e+00 7.201344966888e+00 1.071953487396e+01 1.415418148041e+01 1.563103580475e+01 1.416223812103e+01 1.470792484283e+01 6.514584541321e+00
4.167091846466e+00 9.090340614319e+00 1.127734470367e+01 1.024643707275e+01 6.805448055267e+00 6.785974025726e+00 1.256841945648e+01 1.522946071625e+01 9.325297355652e+00 8.185752868652e+00 9.116125106812e+00 9.220137596130e+00 8.462531089783e+00 7.212663173676e+00 7.618387699127e+00 8.882476806641e+00 1.202846431732e+01 1.230534076691e+01 2.042086982727e+01 2.593612480164e+01 2.571039962769e+01 1.519498062134e+01 1.288191890717e+01 1.848617935181e+01 1.623459243774e+01 1.109620952606e+01 8.716010093689e+00 3.382493209839e+01 3.972338485718e+01 2.048707389832e+01 1.081231975555e+01 8.306357383728e+00 1.507337570190e+01 9.897463798523e+00 1.166629695892e+01 1.108510017395e+01 1.076655483246e+01 1.443394374847e+01 1.660299110413e+01 1.570273303986e+01 1.154949855804e+01 1.828088188171e+01 7.624632835388e+00
4.283512115479e+00 7.583304882050e+00 1.067272090912e+01 1.205598068237e+01 1.027103424072e+01 6.867331504822e+00 1.261850929260e+01 1.522978305817e+01 9.130443572998e+00 8.655928611755e+00 9.141024589539e+00 8.773633003235e+00 9.486422538757e+00 1.034101009369e+01 1.082563400269e+01 1.098817348480e+01 1.307828044891e+01 1.418485069275e+01 2.098691749573e+01 2.406918334961e+01 2.230925941467e+01 1.299523162842e+01 1.168881225586e+01 1.618157005310e+01 1.569542503357e+01 1.141927051544e+01 9.445750236511e+00 3.837917709351e+01 4.221029281616e+01 2.127243995667e+01 9.476522445679e+00 7.377290248871e+00 1.633818435669e+01 9.820167541504e+00 1.194010925293e+01 1.159925079346e+01 1.498931694031e+01 1.726443290710e+01 1.690322875977e+01 1.355298233032e+01 9.961736679077e+00 1.990122413635e+01 9.933027267456e+00
4.327346324921e+00 8.653964996338e+00 8.929169654846e+00 1.157794666290e+01 1.263984394073e+01 1.015693759918e+01 1.252250385284e+01 1.500933551788e+01 8.849309921265e+00 8.743432998657e+00 9.530389785767e+00 1.116171741486e+01 1.238780975342e+01 1.307777500153e+01 1.340668201447e+01 1.354004001617e+01 1.341300582886e+01 1.726912307739e+01 2.417766761780e+01 2.559087944031e+01 2.149638366699e+01 1.587556743622e+01 1.112560462952e+01 1.381902980804e+01 1.417005062103e+01 1.018698787689e+01 1.098041725159e+01 4.050200271606e+01 4.319670867920e+01 2.088088989258e+01 8.973643302917e+00 7.757050037384e+00 1.598947525024e+01 9.978695869446e+00 1.325003814697e+01 1.607423019409e+01 1.793803596497e+01 1.761049842834e+01 1.462463092804e+01 1.119248771667e+01 1.130137348175e+01 1.917261695862e+01 1.292799568176e+01
3.679593801498e+00 7.738946437836e+00 9.250535011292e+00 9.689015388489e+00 1.252610588074e+01 1.317710781097e+01 1.215774631500e+01 1.448401451111e+01 8.489499092102e+00 1.027682971954e+01 1.196256065369e+01 1.334297847748e+01 1.429680061340e+01 1.485160064697e+01 1.505264377594e+01 1.504370403290e+01 1.490612602234e+01 2.304028511047e+01 3.142850685120e+01 3.258372116089e+01 2.803594398499e+01 2.194645500183e+01 1.604076004028e+01 1.173380851746e+01 1.560424137115e+01 1.495905590057e+01 1.341652393341e+01 3.890141296387e+01 3.829236602783e+01 1.904499626160e+01 1.104941558838e+01 1.304804420471e+01 1.476035022736e+01 1.594671249390e+01 1.809370040894e+01 1.891699600220e+01 1.815668487549e+01 1.530362224579e+01 1.493877696991e+01 1.737249374390e+01 1.301219844818e+01 1.644704818726e+01 1.571486663818e+01
2.952819347382e+00 5.838816642761e+00 7.730870246887e+00 9.132608413696e+00 1.063858222961e+01 1.344104194641e+01 1.348723506927e+01 1.371991443634e+01 1.054489517212e+01 1.225987339020e+01 1.349519920349e+01 1.429016208649e+01 1.477310276031e+01 1.504864883423e+01 1.508670425415e+01 1.503156280518e+01 1.505544757843e+01 2.543876647949e+01 3.428771209717e+01 3.491922378540e+01 3.012628555298e+01 2.449297142029e+01 1.912648582458e+01 1.399098205566e+01 2.105140304565e+01 2.034965133667e+01 1.715493965149e+01 3.395402145386e+01 3.017356681824e+01 1.623997879028e+01 1.930744934082e+01 2.174737167358e+01 2.163351058960e+01 2.088280296326e+01 2.063432312012e+01 1.962757492065e+01 1.899560928345e+01 1.799095916748e+01 1.642985916138e+01 2.343432044983e+01 1.465332317352e+01 1.256999588013e+01 2.026343536377e+01
3.747964620590e+00 7.342790603638e+00 7.227089405060e+00 7.055866241455e+00 8.629665374756e+00 1.158297729492e+01 1.440512466431e+01 1.372759723663e+01 1.174531936646e+01 1.305488204956e+01 1.371860218048e+01 1.394011592865e+01 1.385170555115e+01 1.355371856689e+01 1.322158241272e+01 1.317776966095e+01 1.353447151184e+01 2.342672729492e+01 3.094124412537e+01 3.191400527954e+01 2.859066009521e+01 2.420242691040e+01 1.996142768860e+01 1.577565765381e+01 2.087591171265e+01 2.155629920959e+01 1.902750015259e+01 2.788371086121e+01 2.213657379150e+01 1.686257362366e+01 2.270077133179e+01 2.564520072937e+01 2.445858192444e+01 2.234325027466e+01 1.980302619934e+01 1.859048843384e+01 1.752275657654e+01 1.629469490051e+01 1.486712169647e+01 2.474595069885e+01 2.275815010071e+01 1.298777389526e+01 2.304438209534e+01
4.823891162872e+00 9.640369415283e+00 9.683055877686e+00 9.497993469238e+00 9.168422698975e+00 9.038950920105e+00 1.268269538879e+01 1.541936683655e+01 1.362358093262e+01 1.279143428802e+01 1.296644306183e+01 1.269573020935e+01 1.214229106903e+01 1.140450286865e+01 1.076600456238e+01 1.063235092163e+01 1.106309223175e+01 1.857002258301e+01 2.385776901245e+01 2.510818862915e+01 2.345329856873e+01 2.104276847839e+01 1.856951713562e+01 1.591713809967e+01 1.644507980347e+01 1.791033363342e+01 1.748255538940e+01 2.789855957031e+01 1.631309700012e+01 1.732606124878e+01 2.243466758728e+01 2.492547798157e+01 2.386224746704e+01 1.974221038818e+01 1.441126155853e+01 1.585904693604e+01 1.300776290894e+01 1.376160812378e+01 1.339658832550e+01 2.046018791199e+01 3.031749725342e+01 1.319107532501e+01 2.321841621399e+01
4.884843349457e+00 9.917747497559e+00 1.026585769653e+01 1.076424980164e+01 1.112985897064e+01 1.121437740326e+01 1.136680793762e+01 1.391195106506e+01 1.614531517029e+01 1.294684600830e+01 1.167355155945e+01 1.108321952820e+01 1.032030391693e+01 9.849425315857e+00 1.059022998810e+01 1.078975963593e+01 1.143012332916e+01 1.595551681519e+01 1.678022956848e+01 1.794950485229e+01 1.755596733093e+01 1.628793144226e+01 1.521551418304e+01 1.442082405090e+01 1.378900241852e+01 1.350663566589e+01 1.805405426025e+01 2.960529136658e+01 1.998588180542e+01 1.955464935303e+01 2.330909347534e+01 2.366368865967e+01 1.972920799255e+01 1.951531791687e+01 1.065687465668e+01 1.877570724487e+01 1.730320549011e+01 1.603118133545e+01 1.375277900696e+01 1.439088726044e+01 3.441679000854e+01 1.887212371826e+01 2.064793205261e+01
5.511248588562e+00 9.516955375671e+00 9.367671966553e+00 9.744552612305e+00 1.025983238220e+01 1.130779457092e+01 1.197880363464e+01 1.261637973785e+01 1.491395282745e+01 1.575301551819e+01 1.304020977020e+01 1.291518306732e+01 1.302578639984e+01 1.180280590057e+01 1.095863914490e+01 1.197656345367e+01 1.304536342621e+01 1.644664382935e+01 1.658345222473e+01 1.372273826599e+01 1.204919433594e+01 1.406639385223e+01 1.752670097351e+01 1.818730735779e+01 1.641057968140e+01 1.349176883698e+01 2.001796913147e+01 3.021592712402e+01 2.013044738770e+01 2.114933586121e+01 2.223657989502e+01 2.278357887268e+01 2.435430908203e+01 2.177264022827e+01 1.364982700348e+01 2.109157943726e+01 1.929556083679e+01 1.597808456421e+01 1.203924846649e+01 1.401138782501e+01 3.307118225098e+01 2.891673088074e+01 1.594517707825e+01
6.308973312378e+00 1.162479305267e+01 1.253433036804e+01 1.082502841949e+01 9.802145004272e+00 1.058994388580e+01 1.080633354187e+01 1.040512466431e+01 1.146044731140e+01 1.455267333984e+01 1.601581001282e+01 1.644363975525e+01 1.607410812378e+01 1.483237743378e+01 1.400388240814e+01 1.348767948151e+01 1.324263000488e+01 1.650068092346e+01 1.729976654053e+01 1.521412658691e+01 1.230932140350e+01 1.129384994507e+01 1.239432907104e+01 1.379604625702e+01 1.412804412842e+01 1.432778167725e+01 1.755775642395e+01 2.910968971252e+01 2.073548507690e+01 1.799006462097e+01 2.058802604675e+01 2.364311790466e+01 2.629390716553e+01 2.233766746521e+01 1.573518085480e+01 2.324944686890e+01 1.854713439941e+01 1.441859912872e+01 1.091420555115e+01 1.280913162231e+01 2.667395019531e+01 3.911148452759e+01 1.740419578552e+01
6.208697795868e+00 1.217923355103e+01 1.449229335785e+01 1.366238117218e+01 1.035525226593e+01 7.912142753601e+00 9.584646224976e+00 1.085113143921e+01 1.163455867767e+01 1.174295234680e+01 1.583773517609e+01 1.752592277527e+01 1.646155166626e+01 1.649534225464e+01 1.662198448181e+01 1.638191795349e+01 1.451502513885e+01 1.638258934021e+01 1.789768218994e+01 1.626510620117e+01 1.195060062408e+01 1.466968727112e+01 1.386921596527e+01 1.435677623749e+01 1.276516437531e+01 1.255320453644e+01 1.320527076721e+01 2.704139900208e+01 2.456493759155e+01 1.949898147583e+01 1.898107910156e+01 2.007193756104e+01 2.476504898071e+01 2.206998062134e+01 1.782542610168e+01 2.242424011230e+01 1.622462463379e+01 1.298424816132e+01 1.227567291260e+01 1.143218421936e+01 1.826787948608e+01 4.576645660400e+01 1.821986007690e+01
