100/SI/f2.grd
DSAA
101	101
32.816463539100	34.260883539100
35.556306596100	36.727886596100
1.625813730061e-02	2.967331054688e+03
[rows 76 to 94 of 101, columns 0 to 42 of 101]
1.819863766432e-01 2.631132304668e-01 3.484122455120e-01 4.117671251297e-01 4.417302608490e-01 4.439896643162e-01 4.286741912365e-01 4.047589302063e-01 3.776684105396e-01 3.886941969395e-01 4.403456151485e-01 5.284227728844e-01 6.258469223976e-01 6.880214810371e-01 6.998984813690e-01 6.784594655037e-01 6.169723868370e-01 6.557377576828e-01 6.756411194801e-01 7.132349610329e-01 9.792178869247e-01 9.548861980438e-01 6.456105113029e-01 7.023782134056e-01 6.527714133263e-01 5.976881980896e-01 6.249046325684e-01 6.944103240967e-01 7.744265794754e-01 8.197785615921e-01 7.904793024063e-01 7.453745007515e-01 7.254319190979e-01 7.211139202118e-01 7.963438630104e-01 9.359081983566e-01 1.745376944542e+00 2.142555713654e+00 2.019669771194e+00 1.479258894920e+00 1.485331177711e+00 2.439802646637e+00 4.295781135559e+00
1.840387284756e-01 2.971330583096e-01 3.937986493111e-01 4.535656869411e-01 4.770315885544e-01 4.742433428764e-01 4.553402364254e-01 4.276504814625e-01 4.215987324715e-01 4.690118432045e-01 5.405522584915e-01 6.396554112434e-01 7.312132120132e-01 7.755949497223e-01 7.631663084030e-01 7.074170112610e-01 6.023971438408e-01 6.186019778252e-01 6.219336986542e-01 5.545588135719e-01 5.588833689690e-01 5.831783413887e-01 5.355721116066e-01 6.322492957115e-01 6.704550981522e-01 6.162777543068e-01 6.703295111656e-01 8.083478212357e-01 8.983563184738e-01 9.098876714706e-01 8.498359322548e-01 7.807883620262e-01 7.794810533524e-01 7.407025098801e-01 8.837540149689e-01 9.624414443970e-01 1.563180208206e+00 1.756272196770e+00 2.002108812332e+00 2.292517662048e+00 4.756656169891e+00 6.303890705109e+00 6.048717975616e+00
1.953403055668e-01 3.112118542194e-01 4.048783183098e-01 4.576429128647e-01 4.741983413696e-01 4.660598635674e-01 4.423144161701e-01 4.564535319805e-01 5.151912570000e-01 5.772834420204e-01 6.573517918587e-01 7.417932152748e-01 7.965700030327e-01 7.953231334686e-01 7.384500503540e-01 6.414352655411e-01 5.100038647652e-01 5.342310667038e-01 5.181149840355e-01 4.550798535347e-01 4.272313117981e-01 4.786444902420e-01 5.679193139076e-01 7.573444247246e-01 7.984290719032e-01 7.295500636101e-01 8.967428207397e-01 9.740833640099e-01 9.973852634430e-01 9.763257503510e-01 9.136349558830e-01 8.476219177246e-01 8.078963756561e-01 8.870846629143e-01 1.145301938057e+00 1.492051005363e+00 1.962581753731e+00 2.411035299301e+00 2.180062532425e+00 5.502348423004e+00 6.448798179626e+00 6.065788745880e+00 6.013108730316e+00
1.760919392109e-01 2.780367136002e-01 3.581081330776e-01 4.008544683456e-01 4.114889204502e-01 3.999795317650e-01 4.324302971363e-01 4.926587939262e-01 5.412275791168e-01 5.896497964859e-01 6.405687928200e-01 6.786214113235e-01 6.835505366325e-01 6.440519690514e-01 5.692514777184e-01 4.766199886799e-01 4.412738382816e-01 4.250542223454e-01 3.967631757259e-01 3.877097368240e-01 3.939889669418e-01 4.374500215054e-01 6.812742352486e-01 9.276413321495e-01 1.004697322845e+00 1.046617031097e+00 1.101347923279e+00 1.111159801483e+00 1.047712445259e+00 9.858243465424e-01 9.332772493362e-01 8.863843083382e-01 1.057609558105e+00 1.121779918671e+00 1.431573987007e+00 1.649962067604e+00 1.608442306519e+00 2.598447561264e+00 3.216535091400e+00 5.108999252319e+00 5.688748836517e+00 5.553137779236e+00 5.612797737122e+00
1.440992355347e-01 2.302731126547e-01 2.800644338131e-01 3.097793459892e-01 3.178516030312e-01 3.475492298603e-01 3.993556201458e-01 4.315873384476e-01 4.469681382179e-01 4.609310626984e-01 4.770677983761e-01 4.869036972523e-01 4.780856668949e-01 4.429814815521e-01 4.528182148933e-01 4.628594219685e-01 4.572263658047e-01 4.330874681473e-01 3.957198262215e-01 3.805676996708e-01 3.682622313499e-01 4.479504525661e-01 7.666604518890e-01 1.055318236351e+00 1.198525547981e+00 1.258684635162e+00 1.270833253860e+00 1.320353269577e+00 1.287283778191e+00 1.112395048141e+00 9.616561532021e-01 9.442409276962e-01 1.150840520859e+00 1.190961837769e+00 1.201380848885e+00 1.379039764404e+00 1.832056641579e+00 2.497376203537e+00 3.312621831894e+00 3.538155317307e+00 5.531073570251e+00 6.932127952576e+00 5.480744361877e+00
1.951760202646e-01 2.843736410141e-01 3.489725291729e-01 3.837160170078e-01 3.993262946606e-01 4.063812792301e-01 4.087813496590e-01 4.062159061432e-01 3.985434770584e-01 3.878325223923e-01 3.910336494446e-01 4.247047603130e-01 4.538843333721e-01 4.789895415306e-01 4.964570403099e-01 5.003916025162e-01 4.856984317303e-01 4.509657323360e-01 4.278899729252e-01 4.168501496315e-01 4.001185894012e-01 4.920871555805e-01 7.891985774040e-01 1.088407158852e+00 2.696197271347e+00 7.892042636871e+00 8.381695747375e+00 3.791736602783e+00 2.222015142441e+00 1.758064150810e+00 1.256017923355e+00 9.830498099327e-01 1.152795910835e+00 1.515889048576e+00 1.191756367683e+00 1.492356657982e+00 1.656514763832e+00 2.570867300034e+00 4.493737220764e+00 4.636625289917e+00 5.137790679932e+00 6.982787132263e+00 9.748102188110e+00
2.752453088760e-01 3.983371555805e-01 4.843758344650e-01 5.254924297333e-01 5.366863012314e-01 5.334337949753e-01 5.226302146912e-01 5.062731504440e-01 4.854600131512e-01 4.619084596634e-01 5.312871336937e-01 6.102377772331e-01 6.786868572235e-01 7.255246639252e-01 7.413306236267e-01 7.216489911079e-01 6.666673421860e-01 5.804956555367e-01 5.631768703461e-01 5.340039134026e-01 4.977977871895e-01 5.867422819138e-01 7.881680130959e-01 1.780612468719e+00 7.425127506256e+00 2.118683624268e+01 2.311427307129e+01 1.241442298889e+01 5.083179473877e+00 2.506439685822e+00 1.627003788948e+00 1.287694811821e+00 1.104909181595e+00 1.610092282295e+00 1.686013460159e+00 1.751700043678e+00 1.573497414589e+00 2.425173282623e+00 5.271077632904e+00 7.939145565033e+00 5.291400432587e+00 5.417834758759e+00 1.221368408203e+01
3.447013199329e-01 4.919079840183e-01 5.880788564682e-01 6.248838305473e-01 6.227287054062e-01 6.019097566605e-01 5.724146962166e-01 5.561975240707e-01 6.330416202545e-01 7.723926305771e-01 9.161298274994e-01 1.051779747009e+00 1.167210936546e+00 1.258294105530e+00 1.321259140968e+00 1.344365000725e+00 1.310557126999e+00 1.200354456902e+00 9.942480325699e-01 7.662641406059e-01 7.050345540047e-01 7.273650169373e-01 1.566023230553e+00 2.832890510559e+00 8.857242584229e+00 7.004992675781e+01 1.371949310303e+02 3.040777206421e+01 1.370119953156e+01 4.728300571442e+00 1.981845140457e+00 1.587109923363e+00 1.451514005661e+00 2.015467882156e+00 2.423538684845e+00 2.369237661362e+00 1.965935468674e+00 2.972298860550e+00 4.429052352905e+00 9.673126220703e+00 9.772701263428e+00 5.272578716278e+00 1.250104999542e+01
3.656187951565e-01 5.111499428749e-01 5.968768596649e-01 6.168759465218e-01 5.954048633575e-01 6.160655021667e-01 6.815050244331e-01 7.247058153152e-01 8.468605279922e-01 1.043000459671e+00 1.247623682022e+00 1.441906929016e+00 1.612542271614e+00 1.764865875244e+00 1.910938382149e+00 2.049506664276e+00 2.143988847733e+00 2.113559484482e+00 1.843985676765e+00 1.336598873138e+00 1.024648785591e+00 1.456091046333e+00 2.573053598404e+00 3.656984806061e+00 1.657125663757e+01 3.931542968750e+01 5.498772430420e+01 1.669688606262e+01 7.300641536713e+00 3.955205917358e+00 3.111548662186e+00 3.645833730698e+00 4.680399894714e+00 4.324720859528e+00 3.040956735611e+00 3.068636894226e+00 2.590186357498e+00 3.032448530197e+00 3.299334049225e+00 6.323018550873e+00 8.417451858521e+00 5.934561729431e+00 2.082864761353e+01
4.903061985970e-01 7.767091989517e-01 9.797555804253e-01 1.095704555511e+00 1.160983562469e+00 1.187270998955e+00 1.177291512489e+00 1.135798573494e+00 1.071037054062e+00 1.084462285042e+00 1.310291886330e+00 1.538273096085e+00 1.755251646042e+00 1.963458895683e+00 2.184522628784e+00 2.444377422333e+00 2.700089693069e+00 2.806099653244e+00 2.552177906036e+00 3.133713483810e+00 2.261742115021e+00 2.453822851181e+00 3.253939628601e+00 4.545003414154e+00 8.389274597168e+00 2.968108415604e+00 2.398153305054e+00 2.394264459610e+00 3.430690765381e+00 2.820216178894e+00 3.316028594971e+00 2.484904479980e+01 1.700444984436e+01 1.139932537079e+01 6.822702884674e+00 1.010101222992e+01 9.275598526001e+00 4.366250991821e+00 3.529732465744e+00 3.887484312057e+00 5.793369293213e+00 1.585541057587e+01 2.404524803162e+01
8.982716202736e-01 1.396461844444e+00 1.711328387260e+00 1.839926481247e+00 1.862167239189e+00 1.817908763885e+00 1.727212429047e+00 1.607452034950e+00 1.500836133957e+00 1.568170905113e+00 1.620897531509e+00 1.647508382797e+00 1.700818777084e+00 1.934022426605e+00 2.152796506882e+00 2.397204875946e+00 2.642799139023e+00 3.872851133347e+00 5.006486892700e+00 5.051700592041e+00 5.178484916687e+00 5.173910617828e+00 3.855960607529e+00 4.568236351013e+00 2.216441869736e+00 1.684381961823e+00 1.567852497101e+00 1.361633419991e+00 1.526154041290e+00 2.131727218628e+00 5.312160968781e+00 2.940487670898e+01 2.178049087524e+01 1.247179508209e+01 1.110025691986e+01 2.343472480774e+01 2.236138916016e+01 1.017513275146e+01 7.737074375153e+00 6.959747791290e+00 8.857663154602e+00 1.496825599670e+01 2.727042007446e+01
1.269708514214e+00 1.931074976921e+00 2.271581888199e+00 2.369633436203e+00 2.918019056320e+00 3.158540725708e+00 3.129317998886e+00 2.937957763672e+00 2.665741920471e+00 2.371667861938e+00 2.413318634033e+00 2.377656459808e+00 2.413573980331e+00 2.788335323334e+00 4.237130165100e+00 5.010393619537e+00 5.564692020416e+00 5.356909275055e+00 3.976695299149e+00 4.401256084442e+00 4.637342453003e+00 3.892142534256e+00 3.097857952118e+00 1.749607086182e+00 1.536873221397e+00 1.211652159691e+00 1.006264090538e+00 8.098946809769e-01 7.547816634178e-01 1.310139060020e+00 2.086567640305e+00 1.184805393219e+01 1.444058609009e+01 2.177712249756e+01 2.325549697876e+01 3.187592506409e+01 2.155521774292e+01 9.971762657166e+00 2.229254913330e+01 1.795843124390e+01 1.222843551636e+01 1.460919952393e+01 4.662421417236e+01
1.484987139702e+00 2.236418247223e+00 2.585437297821e+00 2.938251495361e+00 3.584236860275e+00 3.852443933487e+00 3.793724536896e+00 3.537316799164e+00 3.176920413971e+00 2.783802747726e+00 2.397415637970e+00 2.596272230148e+00 3.008760690689e+00 3.462091922760e+00 3.770754337311e+00 3.883138656616e+00 3.662466526031e+00 3.032968282700e+00 2.416785001755e+00 2.108658790588e+00 1.818331360817e+00 1.293773174286e+00 1.104311585426e+00 1.057448744774e+00 9.424303174019e-01 7.695618867874e-01 5.945967435837e-01 5.750787854195e-01 7.333260774612e-01 1.081258416176e+00 1.551546573639e+00 6.398782730103e+00 6.631057739258e+00 1.285307312012e+01 1.500896930695e+01 3.574114227295e+01 3.083442878723e+01 1.713657760620e+01 1.586805820465e+01 6.239906311035e+01 1.471092071533e+02 3.781046295166e+01 2.317075920105e+01
1.106080412865e+00 1.649953126907e+00 1.884313821793e+00 1.946494221687e+00 2.337677955627e+00 2.486933708191e+00 2.433642864227e+00 2.259546518326e+00 2.021253585815e+00 1.765404224396e+00 1.598487019539e+00 1.735240340233e+00 1.815742850304e+00 1.838310122490e+00 1.804865956306e+00 1.769959568977e+00 1.595447540283e+00 1.262759208679e+00 1.470820784569e+00 1.386591911316e+00 1.104817986488e+00 8.229205012321e-01 7.717316746712e-01 6.889482736588e-01 5.766851902008e-01 4.540603160858e-01 5.293819904327e-01 7.350378632545e-01 9.198571443558e-01 1.825147390366e+00 2.321959733963e+00 3.509991884232e+00 6.080158233643e+00 4.552589893341e+00 3.936457633972e+00 4.747680187225e+00 2.945572471619e+01 1.798544311523e+01 1.298107624054e+01 8.376127624512e+01 1.846699676514e+02 2.005971908569e+01 7.213318347931e+00
5.227930545807e-01 7.718616724014e-01 9.271395802498e-01 1.052505493164e+00 1.100511193275e+00 1.133292913437e+00 1.145520329475e+00 1.087450265884e+00 1.036178112030e+00 1.023305654526e+00 1.006260395050e+00 9.275738596916e-01 9.791950583458e-01 1.011882543564e+00 1.007603764534e+00 9.560393691063e-01 1.216529726982e+00 1.555712580681e+00 1.467859029770e+00 1.099526762962e+00 7.020179629326e-01 5.200698375702e-01 4.723703563213e-01 4.098162353039e-01 3.457620143890e-01 5.389923453331e-01 8.288235664368e-01 1.105203509331e+00 1.472691774368e+00 2.385846614838e+00 3.339011430740e+00 4.501026153564e+00 5.123506546021e+00 6.165994167328e+00 3.027301311493e+00 3.145216464996e+00 6.036833286285e+00 1.487704467773e+01 2.465016937256e+01 2.668728446960e+01 1.373907375336e+01 5.160652637482e+00 4.812224388123e+00
3.542034626007e-01 5.170449018478e-01 6.530229449272e-01 7.373661994934e-01 7.717296481133e-01 7.701707482338e-01 7.482320666313e-01 7.124998569489e-01 6.708513498306e-01 6.269002556801e-01 5.817939639091e-01 5.365954041481e-01 4.929898083210e-01 4.979447424412e-01 4.911699295044e-01 6.620702147484e-01 1.130169510841e+00 1.339751124382e+00 1.149108409882e+00 7.936927676201e-01 4.840750992298e-01 3.141686022282e-01 3.222617208958e-01 3.535282313824e-01 4.815776944160e-01 8.175537586212e-01 1.230917692184e+00 1.685507774353e+00 2.375348806381e+00 3.293455839157e+00 4.924624443054e+00 5.078536033630e+00 4.533943653107e+00 2.503325939178e+00 1.915190815926e+00 2.611723423004e+00 3.187481403351e+00 1.104651451111e+01 2.923055076599e+01 1.726037025452e+01 1.011529064178e+01 4.401157855988e+00 4.177285194397e+00
2.546937167645e-01 3.678613901138e-01 4.593150913715e-01 5.159018635750e-01 5.409281849861e-01 5.436762571335e-01 5.315901041031e-01 5.096302032471e-01 4.809460639954e-01 4.472203552723e-01 4.099288284779e-01 3.704482614994e-01 3.955057263374e-01 3.973232805729e-01 3.666440248489e-01 3.924447000027e-01 7.041735649109e-01 8.784544467926e-01 8.231077194214e-01 6.457527875900e-01 4.572006165981e-01 3.078609704971e-01 3.450804650784e-01 3.973245024681e-01 6.800155043602e-01 1.479623079300e+00 3.122585535049e+00 2.873121738434e+00 2.390800952911e+00 4.434496879578e+00 6.030323982239e+00 5.167380332947e+00 3.633837699890e+00 1.709175229073e+00 1.883085846901e+00 2.583003520966e+00 3.327517509460e+00 1.379038429260e+01 2.383461952209e+01 1.009807491302e+01 5.823416709900e+00 3.511326551437e+00 3.155009984970e+00
1.740080416203e-01 2.488579452038e-01 3.081469833851e-01 3.441785573959e-01 3.598135709763e-01 3.611136078835e-01 3.524091243744e-01 3.364583551884e-01 3.149233460426e-01 2.890715003014e-01 2.835096120834e-01 3.178598582745e-01 3.311613202095e-01 3.164948821068e-01 2.932100296021e-01 3.355801701546e-01 3.728907704353e-01 4.487679302692e-01 5.147476196289e-01 4.983029663563e-01 4.252264499664e-01 3.366254568100e-01 3.684575259686e-01 5.083741545677e-01 8.849596381187e-01 2.557317972183e+00 3.631992101669e+00 2.220668554306e+00 2.432034015656e+00 4.683871269226e+00 6.334631919861e+00 5.016421794891e+00 3.423261165619e+00 2.353171586990e+00 2.664089202881e+00 2.581612110138e+00 5.829348087311e+00 2.395947074890e+01 1.840274238586e+01 4.150490760803e+00 8.342520713806e+00 3.590402603149e+00 2.440384149551e+00
1.063170880079e-01 1.505054384470e-01 1.849403679371e-01 2.052334249020e-01 2.132279276848e-01 2.125509530306e-01 2.057368010283e-01 1.944136619568e-01 1.797244697809e-01 2.181095182896e-01 2.544413506985e-01 2.780947089195e-01 2.798093855381e-01 2.990413606167e-01 3.460799455643e-01 3.937453031540e-01 4.354393780231e-01 4.627136290073e-01 4.673404395580e-01 4.461951255798e-01 4.073277413845e-01 3.798212110996e-01 4.225892722607e-01 6.335396766663e-01 1.067655324936e+00 2.857743501663e+00 2.998755216599e+00 2.444893360138e+00 2.221693277359e+00 4.186442852020e+00 5.864192485809e+00 4.572961807251e+00 4.373974800110e+00 2.955760955811e+00 3.207796096802e+00 2.397112607956e+00 5.737543106079e+00 1.380829238892e+01 7.832669258118e+00 4.901466846466e+00 1.108339023590e+01 3.541942834854e+00 1.866857290268e+00
