100/SI/f2.grd
DSAA
101	101
32.816463539100	34.260883539100
35.556306596100	36.727886596100
1.625813730061e-02	2.967331054688e+03
[rows 38 to 56 of 101, columns 43 to 85 of 101]
1.724016571045e+02 2.648403320312e+02 2.922089538574e+02 1.628935852051e+02 2.878991394043e+02 1.424849090576e+02 1.414941711426e+02 1.976963348389e+02 1.647488861084e+02 1.327885894775e+02 1.929283142090e+02 1.014884109497e+02 1.136275711060e+02 9.752339935303e+01 1.479371490479e+02 1.095581817627e+02 1.141141357422e+02 6.791392517090e+01 9.030448913574e+01 1.357931365967e+02 1.373435058594e+02 1.047234573364e+02 7.209956359863e+01 5.718068695068e+01 4.944594955444e+01 4.369697570801e+01 4.268833923340e+01 4.375461959839e+01 3.899600601196e+01 2.932022094727e+01 2.874293327332e+01 3.399541473389e+01 3.882522964478e+01 3.990445327759e+01 4.042472457886e+01 4.046944808960e+01 3.980983352661e+01 3.674816513062e+01 3.260277938843e+01 2.902105331421e+01 2.611534690857e+01 2.542470359802e+01 2.210921859741e+01
1.716709442139e+02 3.544219665527e+02 2.364819641113e+02 3.294116210938e+02 2.353164215088e+02 3.203443908691e+02 2.826708374023e+02 1.733626098633e+02 1.726319274902e+02 1.326037139893e+02 2.207627563477e+02 1.471602630615e+02 8.982453155518e+01 1.091996536255e+02 1.975579071045e+02 1.153246002197e+02 1.344596557617e+02 2.088291168213e+02 1.860695037842e+02 1.252629165649e+02 8.400164031982e+01 5.787007141113e+01 5.409156799316e+01 4.784769439697e+01 4.711838912964e+01 4.521733474731e+01 3.970763778687e+01 3.468042755127e+01 3.120971679688e+01 3.085131645203e+01 3.381214904785e+01 3.172304153442e+01 2.600732994080e+01 2.293300819397e+01 2.218827247620e+01 1.923162651062e+01 1.973243331909e+01 2.169730949402e+01 2.385597801208e+01 2.636755561829e+01 2.853107452393e+01 3.645177841187e+01 3.776024246216e+01
2.472260894775e+02 1.785245513916e+02 3.123160400391e+02 2.406160583496e+02 2.647486267090e+02 3.410503540039e+02 2.108106079102e+02 1.922649841309e+02 1.394588012695e+02 1.436228790283e+02 2.382870330811e+02 1.337454986572e+02 1.352888183594e+02 1.320968627930e+02 1.609748382568e+02 2.592827453613e+02 1.763260192871e+02 9.007828521729e+01 8.376668548584e+01 5.605493927002e+01 4.314461898804e+01 6.038924026489e+01 7.915950012207e+01 7.092556762695e+01 5.159472274780e+01 4.427339935303e+01 4.339024734497e+01 4.006077194214e+01 3.460627365112e+01 3.214322662354e+01 3.027979278564e+01 3.155886840820e+01 3.020162963867e+01 2.807269287109e+01 2.760863304138e+01 2.899828147888e+01 2.860832595825e+01 2.597000694275e+01 3.218370056152e+01 4.403536987305e+01 3.642979049683e+01 2.652267456055e+01 2.295417785645e+01
2.784795532227e+02 2.536276397705e+02 4.103840942383e+02 3.478568115234e+02 3.359751892090e+02 3.666107482910e+02 3.384338378906e+02 1.849240875244e+02 2.063241577148e+02 2.016224212646e+02 2.279835357666e+02 1.910908660889e+02 1.740308227539e+02 2.969607543945e+02 1.912396850586e+02 1.379484252930e+02 1.197894058228e+02 9.656729125977e+01 7.080081939697e+01 1.078644332886e+02 1.165028915405e+02 6.371161270142e+01 9.917536926270e+01 7.752571868896e+01 6.965880584717e+01 6.132205200195e+01 5.407650756836e+01 4.828032684326e+01 4.341885375977e+01 4.016369247437e+01 7.434245300293e+01 3.145826530457e+01 3.030501174927e+01 2.858818244934e+01 3.851086807251e+01 4.753401947021e+01 4.088840103149e+01 4.698989486694e+01 3.934381866455e+01 4.303704833984e+01 4.334070587158e+01 4.232030105591e+01 3.881792068481e+01
2.684338073730e+02 3.652234802246e+02 3.230565490723e+02 3.227081298828e+02 2.967763977051e+02 3.895742187500e+02 5.799931030273e+02 2.664975280762e+02 2.942021484375e+02 3.036863403320e+02 2.643323669434e+02 2.576413574219e+02 3.196679077148e+02 1.777997894287e+02 1.915416107178e+02 1.086144485474e+02 1.402621765137e+02 1.877086334229e+02 1.482179718018e+02 1.482301635742e+02 1.532338714600e+02 1.018684082031e+02 6.188540649414e+01 6.001018905640e+01 5.576684188843e+01 5.514894866943e+01 6.330799102783e+01 1.087901611328e+02 1.298022613525e+02 1.144226303101e+02 5.619944381714e+01 4.088639831543e+01 3.870544052124e+01 4.599820327759e+01 5.512950515747e+01 5.441119384766e+01 4.972494125366e+01 4.457831192017e+01 3.233138275146e+01 4.009626770020e+01 4.778113555908e+01 4.764579391479e+01 4.579020690918e+01
3.187680053711e+02 4.626893615723e+02 7.502673950195e+02 4.742028503418e+02 7.363095703125e+02 4.047384948730e+02 9.205223388672e+02 2.630696105957e+02 4.827738037109e+02 3.827586364746e+02 3.191799316406e+02 3.307261657715e+02 1.791550598145e+02 2.210712280273e+02 2.408804168701e+02 2.363347778320e+02 1.477887115479e+02 8.857439422607e+01 1.907259674072e+02 1.648638305664e+02 9.106572723389e+01 8.281634521484e+01 7.625242614746e+01 1.380501708984e+02 1.689831085205e+02 1.486984863281e+02 9.949887847900e+01 7.393982696533e+01 8.013124847412e+01 5.130594635010e+01 3.850439834595e+01 5.771844863892e+01 7.184690856934e+01 6.473138427734e+01 5.758225250244e+01 7.642684936523e+01 9.070294952393e+01 8.116677093506e+01 5.827268981934e+01 4.180706024170e+01 5.214540100098e+01 5.723003005981e+01 6.031413650513e+01
3.946787414551e+02 4.966665039062e+02 5.867482299805e+02 7.677122802734e+02 6.437725219727e+02 6.685365600586e+02 1.097258422852e+03 4.385260925293e+02 5.173096313477e+02 4.112530517578e+02 3.957633666992e+02 2.375439758301e+02 2.442120666504e+02 3.046584167480e+02 2.401542816162e+02 1.745555114746e+02 2.503327636719e+02 2.334997406006e+02 1.804086914062e+02 2.281679077148e+02 2.304677734375e+02 1.991682434082e+02 1.419154205322e+02 7.970753479004e+01 8.718836975098e+01 7.838447570801e+01 6.355455398560e+01 6.525872802734e+01 6.800555419922e+01 7.238644409180e+01 7.056074523926e+01 6.040168380737e+01 5.806096649170e+01 4.893698120117e+01 8.786524200439e+01 1.074821014404e+02 1.008662414551e+02 7.441121673584e+01 4.522399520874e+01 2.871854019165e+01 3.958854293823e+01 4.553805541992e+01 4.205236816406e+01
3.694857177734e+02 5.379828491211e+02 6.480995483398e+02 6.274173583984e+02 9.281762695312e+02 7.129464721680e+02 1.135445678711e+03 6.154556274414e+02 5.339565429688e+02 5.881592407227e+02 4.544762268066e+02 2.871286926270e+02 2.948207092285e+02 3.093305053711e+02 1.853367156982e+02 2.643769836426e+02 3.380891723633e+02 2.366935272217e+02 1.358902740479e+02 1.339844818115e+02 1.177787094116e+02 9.488172912598e+01 9.117351531982e+01 9.824973297119e+01 9.834442901611e+01 8.702313995361e+01 7.641361236572e+01 7.448854064941e+01 6.177072906494e+01 6.985626220703e+01 6.440714263916e+01 5.890364456177e+01 4.116345214844e+01 7.385562896729e+01 8.829280853271e+01 8.380675506592e+01 5.869742202759e+01 3.228880691528e+01 4.455514526367e+01 4.208529663086e+01 3.166604614258e+01 2.801999092102e+01 3.029150962830e+01
5.576707763672e+02 7.629938964844e+02 7.849021606445e+02 8.780729370117e+02 9.649461669922e+02 1.215337768555e+03 1.154676391602e+03 2.134947998047e+03 7.988862915039e+02 5.087590026855e+02 4.601848449707e+02 4.275003356934e+02 3.570400085449e+02 5.436022949219e+02 4.726623229980e+02 2.782767944336e+02 2.500187530518e+02 2.577977905273e+02 1.878033599854e+02 1.712010803223e+02 1.692881927490e+02 1.607186889648e+02 1.674309844971e+02 1.243213043213e+02 1.648826751709e+02 1.459986572266e+02 9.102806854248e+01 8.285327148438e+01 8.395233917236e+01 7.808845520020e+01 6.671441650391e+01 6.446669006348e+01 6.606886291504e+01 7.626747894287e+01 7.097457122803e+01 5.460821533203e+01 4.276261138916e+01 3.851376724243e+01 3.750747299194e+01 3.706962966919e+01 3.619967269897e+01 3.483772659302e+01 3.339351272583e+01
3.676749572754e+02 1.001415771484e+03 7.176280517578e+02 8.801333618164e+02 1.410676025391e+03 1.187463623047e+03 1.393449951172e+03 1.607695312500e+03 7.996347656250e+02 7.543838500977e+02 9.736624755859e+02 6.086657714844e+02 7.519233398438e+02 5.867718505859e+02 4.870011291504e+02 4.215598144531e+02 3.562503051758e+02 3.067727355957e+02 2.696319885254e+02 3.798969116211e+02 4.406879882812e+02 1.824777374268e+02 1.160337905884e+02 1.155393142700e+02 1.622323455811e+02 1.055322875977e+02 9.172564697266e+01 8.946734619141e+01 8.058753204346e+01 7.654152679443e+01 7.338721466064e+01 7.573187255859e+01 8.015767669678e+01 6.858882141113e+01 5.257060623169e+01 5.047269821167e+01 4.768763732910e+01 3.783430862427e+01 3.735581207275e+01 3.601761627197e+01 3.326584243774e+01 3.408742141724e+01 3.576624679565e+01
9.268344116211e+02 1.120472045898e+03 1.260962768555e+03 1.344807006836e+03 1.614227539062e+03 2.228612548828e+03 2.967331054688e+03 1.280477416992e+03 1.049914916992e+03 7.735220947266e+02 1.098042358398e+03 1.099558593750e+03 4.002262268066e+02 6.357363281250e+02 7.001403198242e+02 3.518062133789e+02 3.164244689941e+02 3.315473327637e+02 3.611965332031e+02 4.192373962402e+02 3.192646789551e+02 1.481447906494e+02 1.531542968750e+02 1.308654785156e+02 1.189696197510e+02 1.025082550049e+02 9.949404907227e+01 9.869773864746e+01 8.208699035645e+01 5.703848648071e+01 5.278263092041e+01 5.756438446045e+01 6.216703033447e+01 6.379032135010e+01 6.112001037598e+01 5.837636947632e+01 5.193317413330e+01 5.355025863647e+01 5.951068878174e+01 6.075426864624e+01 5.423608398438e+01 4.695123672485e+01 4.090380096436e+01
6.350710449219e+02 1.132442993164e+03 1.190307006836e+03 1.525583862305e+03 1.545921752930e+03 1.521656616211e+03 1.502458007812e+03 1.168397949219e+03 8.313056030273e+02 9.310068969727e+02 8.956076049805e+02 9.299890136719e+02 1.136225585938e+03 4.805102233887e+02 4.297734680176e+02 2.667920837402e+02 2.393393402100e+02 1.668226470947e+02 1.564858245850e+02 1.317764129639e+02 1.145198822021e+02 1.292907104492e+02 1.587985534668e+02 1.820142974854e+02 1.854082946777e+02 1.613235168457e+02 1.247773208618e+02 8.618363952637e+01 6.005184173584e+01 4.951011276245e+01 4.399374389648e+01 4.795509338379e+01 6.174516677856e+01 4.096450424194e+01 4.677462005615e+01 5.091640853882e+01 4.058203887939e+01 5.006523513794e+01 5.900548934937e+01 6.237947082520e+01 7.054889678955e+01 8.831209564209e+01 1.000438079834e+02
2.486299896240e+02 3.471811523438e+02 5.474480590820e+02 2.575699707031e+03 1.386803344727e+03 1.327258789062e+03 7.507973022461e+02 7.657913818359e+02 7.110211791992e+02 1.110190429688e+03 1.067543212891e+03 1.533005493164e+03 2.170152099609e+03 1.562376342773e+03 1.000671936035e+03 4.561340332031e+02 2.130019531250e+02 1.501901550293e+02 1.421583709717e+02 1.896766204834e+02 2.474953308105e+02 2.285340118408e+02 1.679793701172e+02 1.075644836426e+02 1.193682632446e+02 1.118649063110e+02 1.557228393555e+02 2.299031982422e+02 1.062214126587e+02 5.883269500732e+01 5.519773101807e+01 9.061167144775e+01 5.823161697388e+01 3.572806167603e+01 3.275936889648e+01 3.382403182983e+01 3.429697418213e+01 3.523488235474e+01 3.579985427856e+01 3.570794677734e+01 3.570487594604e+01 3.937628555298e+01 3.444065475464e+01
4.585654449463e+01 1.095212554932e+02 2.687330932617e+02 3.495227661133e+02 3.642071533203e+02 3.554536437988e+02 2.738240966797e+02 3.915635070801e+02 3.741647033691e+02 6.208613891602e+02 1.250008666992e+03 1.419433349609e+03 1.941148559570e+03 1.051805664062e+03 7.549640502930e+02 4.226270751953e+02 1.920179290771e+02 1.004025192261e+02 1.148478240967e+02 2.354655761719e+02 7.463099975586e+02 3.134832153320e+02 2.675693054199e+02 2.078550262451e+02 2.108144683838e+02 1.802974243164e+02 1.881382446289e+02 1.312662048340e+02 6.902706146240e+01 9.178833007812e+01 7.751410675049e+01 7.477947998047e+01 4.703511810303e+01 4.287659835815e+01 3.001957511902e+01 2.638940811157e+01 2.758119773865e+01 2.678747367859e+01 2.890021133423e+01 2.777277755737e+01 3.608806610107e+01 4.231168365479e+01 4.086644744873e+01
2.922831535339e+01 5.568999481201e+01 1.743621063232e+02 1.046853408813e+02 8.541558837891e+01 7.136355590820e+01 1.097262115479e+02 1.781461486816e+02 1.847774963379e+02 1.986529541016e+02 5.702055053711e+02 2.639196044922e+03 2.209167480469e+03 9.878608398438e+02 4.664852600098e+02 1.401116180420e+02 7.791360473633e+01 5.120177078247e+01 6.317221832275e+01 1.646141052246e+02 3.761956481934e+02 6.504439697266e+02 3.232628173828e+02 2.451644287109e+02 1.930421600342e+02 1.444618225098e+02 1.524303741455e+02 1.417006835938e+02 1.239797515869e+02 1.128364181519e+02 1.364746704102e+02 6.007115936279e+01 5.458210372925e+01 4.431278991699e+01 4.560476303101e+01 4.265523147583e+01 3.592235183716e+01 2.959935760498e+01 3.469059753418e+01 3.999985122681e+01 4.679970169067e+01 4.601613998413e+01 3.920004653931e+01
1.998621177673e+01 8.368016052246e+01 1.918959960938e+02 1.992725067139e+02 3.639372634888e+01 4.298455047607e+01 4.154626083374e+01 8.286692810059e+01 1.517885742188e+02 2.936632995605e+02 3.897760314941e+02 7.543372192383e+02 1.567316040039e+03 1.090317504883e+03 1.455147216797e+03 3.526951599121e+02 4.462970352173e+01 2.791068267822e+01 4.362374114990e+01 1.585914306641e+02 4.228456115723e+02 6.827540893555e+02 5.162780151367e+02 3.498263854980e+02 2.429447784424e+02 1.532707519531e+02 1.746973114014e+02 1.282514190674e+02 1.257192916870e+02 1.248828048706e+02 1.025334243774e+02 8.169982147217e+01 5.791384124756e+01 6.230342102051e+01 5.722174835205e+01 4.347976303101e+01 4.098278045654e+01 3.743049240112e+01 3.465428161621e+01 4.040983581543e+01 4.422619628906e+01 4.292996597290e+01 3.796916580200e+01
1.808466148376e+01 4.327136993408e+01 2.836879577637e+02 3.572737731934e+02 1.972920684814e+02 2.856949615479e+01 2.237130928040e+01 4.070379257202e+01 4.043190383911e+01 3.486037826538e+01 2.898906707764e+01 1.205322113037e+02 5.209054565430e+02 3.338107910156e+02 1.734704223633e+03 2.265672149658e+02 1.274037017822e+02 5.036758041382e+01 3.898803329468e+01 1.257764739990e+02 2.402157287598e+02 2.185958496094e+03 7.099144287109e+02 2.969468688965e+02 2.971320190430e+02 1.583737487793e+02 1.689757843018e+02 1.411226654053e+02 1.991656646729e+02 1.525597686768e+02 8.732137298584e+01 8.831615447998e+01 8.108868408203e+01 7.708594512939e+01 7.560533905029e+01 6.027119445801e+01 6.199935913086e+01 6.834482574463e+01 4.411669540405e+01 3.402008438110e+01 3.379432678223e+01 3.326957702637e+01 3.627177810669e+01
1.166138362885e+01 1.913737297058e+01 2.445893096924e+01 1.426672973633e+02 9.109442138672e+01 2.018068504333e+01 1.716226959229e+01 1.999073410034e+01 1.913268852234e+01 1.794294357300e+01 1.297969722748e+01 1.447599411011e+01 4.349158859253e+01 3.118617553711e+02 8.482738037109e+02 2.248070373535e+02 1.686217651367e+02 7.532320404053e+01 4.489274978638e+01 8.800521850586e+01 1.094919509888e+02 1.445184326172e+02 1.371421203613e+02 1.044374923706e+02 1.447420196533e+02 2.416901855469e+02 2.063851165771e+02 2.053998565674e+02 1.366779174805e+02 1.722201080322e+02 1.793544616699e+02 1.558584594727e+02 1.190384368896e+02 8.021366119385e+01 7.601513671875e+01 6.632910919189e+01 5.668260574341e+01 5.968745803833e+01 5.805136489868e+01 3.850225448608e+01 3.185538291931e+01 3.267729187012e+01 3.348249435425e+01
1.253526401520e+01 1.926861381531e+01 1.273512077332e+01 1.499537467957e+01 1.539253997803e+01 1.766906929016e+01 1.573099040985e+01 1.474111461639e+01 1.414252853394e+01 1.088848018646e+01 7.684640407562e+00 6.150438785553e+00 1.025765800476e+01 3.066292114258e+02 4.547921752930e+02 5.850137939453e+02 1.407213897705e+02 1.707302398682e+02 1.578100128174e+02 5.020489883423e+01 5.577059936523e+01 1.049181823730e+02 2.873928833008e+02 2.842976684570e+02 3.693013610840e+02 3.696074829102e+02 3.444341735840e+02 3.232052612305e+02 3.032969055176e+02 2.866803283691e+02 3.030894775391e+02 3.698963317871e+02 3.159078063965e+02 1.283466033936e+02 5.164296340942e+01 6.162432098389e+01 6.747099304199e+01 4.669252395630e+01 4.754247283936e+01 3.354493331909e+01 3.421279144287e+01 2.444364166260e+01 2.770075988770e+01
