100/SI/f20.grd
DSAA
101	101
32.816463539100	34.260883539100
35.556306596100	36.727886596100
2.885086178139e-05	4.711372852325e+00
[rows 38 to 56 of 101, columns 0 to 42 of 101]
1.129521057010e-02 2.383367903531e-02 2.577792294323e-02 2.685423567891e-02 3.175099939108e-02 3.891871869564e-02 4.494349658489e-02 5.124656856060e-02 5.631835386157e-02 5.143225193024e-02 4.220537841320e-02 3.443968296051e-02 3.402646258473e-02 3.352167084813e-02 3.566475212574e-02 4.040353372693e-02 4.572416841984e-02 8.401908725500e-02 1.361891031265e-01 1.462041735649e-01 1.178800612688e-01 9.996636211872e-02 6.637861579657e-02 7.774736732244e-02 1.554002463818e-01 2.017160952091e-01 1.940783709288e-01 1.387210041285e-01 9.924828261137e-02 1.099969074130e-01 1.163644567132e-01 1.425426900387e-01 1.953296512365e-01 1.922618299723e-01 1.803162246943e-01 1.077622398734e-01 1.474513560534e-01 1.658013314009e-01 1.640363335609e-01 2.516889870167e-01 2.759461402893e-01 4.093499481678e-01 3.304471671581e-01
1.658029481769e-02 2.952008880675e-02 2.475860714912e-02 2.441425621510e-02 3.455264866352e-02 4.202384874225e-02 5.522973090410e-02 6.948982924223e-02 7.750260084867e-02 7.257688790560e-02 5.273327603936e-02 4.144199565053e-02 3.571766242385e-02 3.634978458285e-02 3.899627178907e-02 4.213784262538e-02 4.489510133862e-02 4.730697721243e-02 7.410534471273e-02 1.037490516901e-01 1.059972792864e-01 1.041155904531e-01 1.076517328620e-01 8.910500258207e-02 8.255629986525e-02 9.171979129314e-02 1.241994798183e-01 2.336433678865e-01 3.128882348537e-01 3.173243105412e-01 2.488315850496e-01 1.226666048169e-01 1.380345374346e-01 1.174272224307e-01 2.341242730618e-01 2.097884118557e-01 1.367387771606e-01 1.650697737932e-01 2.026507407427e-01 2.304953634739e-01 3.081822693348e-01 3.712674379349e-01 4.379974305630e-01
1.929276995361e-02 3.843872621655e-02 3.644211590290e-02 3.143480047584e-02 4.151294380426e-02 5.107948929071e-02 6.199378520250e-02 8.157867193222e-02 8.842793852091e-02 8.815447241068e-02 6.030382961035e-02 4.057263955474e-02 4.088862240314e-02 3.540944308043e-02 2.953190915287e-02 3.319261968136e-02 3.849719092250e-02 4.191881045699e-02 4.462318494916e-02 5.867354944348e-02 8.654461055994e-02 1.214521825314e-01 1.460118442774e-01 1.471212655306e-01 1.437333971262e-01 9.560544043779e-02 7.584850490093e-02 8.014965057373e-02 7.769986242056e-02 9.836788475513e-02 2.073585242033e-01 3.300784230232e-01 3.910219371319e-01 3.263663649559e-01 1.651132553816e-01 1.640777885914e-01 2.870680987835e-01 2.386606633663e-01 2.478701472282e-01 2.471744865179e-01 2.300860434771e-01 3.080721795559e-01 4.660175740719e-01
2.752687223256e-02 4.659951850772e-02 5.416315793991e-02 5.564737319946e-02 5.014608055353e-02 6.013420596719e-02 6.004427745938e-02 5.748854950070e-02 5.746351182461e-02 7.052346318960e-02 7.615312933922e-02 6.611348688602e-02 4.909764602780e-02 4.358974844217e-02 4.419329389930e-02 5.468389391899e-02 6.344936788082e-02 7.097540795803e-02 6.938079744577e-02 5.045694485307e-02 5.623692646623e-02 7.415416836739e-02 8.436045050621e-02 1.131640076637e-01 1.405010223389e-01 1.668968945742e-01 1.861482858658e-01 1.805973798037e-01 1.854507178068e-01 2.023095339537e-01 2.236679643393e-01 2.193319648504e-01 3.389617204666e-01 3.827255368233e-01 2.732223272324e-01 3.455720245838e-01 3.832573592663e-01 3.254336714745e-01 3.666889369488e-01 2.970759868622e-01 2.083826512098e-01 3.641552031040e-01 3.046314716339e-01
2.827139571309e-02 4.969202727079e-02 5.489683523774e-02 5.099325999618e-02 5.535275489092e-02 6.981433928013e-02 6.935255229473e-02 6.015670299530e-02 7.260423153639e-02 6.049102172256e-02 5.731029435992e-02 7.999417930841e-02 8.306640386581e-02 6.266891211271e-02 5.797152593732e-02 5.343104526401e-02 5.454265326262e-02 7.305347174406e-02 9.850461781025e-02 1.001363396645e-01 6.438499689102e-02 7.315081357956e-02 9.310983121395e-02 7.760038226843e-02 8.963614702225e-02 1.081534177065e-01 1.428366005421e-01 2.157038897276e-01 2.904035151005e-01 2.658689022064e-01 2.513575255871e-01 1.870199143887e-01 1.860064715147e-01 3.494322896004e-01 3.360069096088e-01 4.235926568508e-01 2.800523936749e-01 3.965823650360e-01 3.476927578449e-01 5.020714402199e-01 5.187173485756e-01 4.076508879662e-01 4.593550264835e-01
5.462968349457e-02 1.059276759624e-01 7.916663587093e-02 6.627133488655e-02 6.484390050173e-02 5.835156887770e-02 5.971307680011e-02 7.265443354845e-02 7.195027917624e-02 5.828937515616e-02 7.317560166121e-02 4.996164143085e-02 6.379371136427e-02 8.941857516766e-02 7.768122851849e-02 6.724609434605e-02 8.421296626329e-02 1.852099597454e-01 2.176346480846e-01 1.171551123261e-01 1.254839301109e-01 7.397768646479e-02 8.707378804684e-02 1.233786121011e-01 8.230344951153e-02 7.531236857176e-02 7.884807139635e-02 8.632495254278e-02 1.102276220918e-01 1.253169625998e-01 1.338785141706e-01 1.462282985449e-01 1.990068107843e-01 3.134166300297e-01 2.148240357637e-01 1.989127397537e-01 2.923432588577e-01 3.327661454678e-01 2.214810550213e-01 4.588398635387e-01 4.711718261242e-01 5.131847858429e-01 6.302192211151e-01
8.729898929596e-02 1.600805073977e-01 1.297661960125e-01 1.008725240827e-01 9.300568699837e-02 7.628719508648e-02 1.051999479532e-01 9.233870357275e-02 9.164077043533e-02 7.172434031963e-02 5.607050657272e-02 6.905636936426e-02 6.198426336050e-02 4.028310999274e-02 7.568815350533e-02 8.875915408134e-02 6.469059735537e-02 5.614434927702e-02 1.023877412081e-01 6.700971722603e-02 1.165852174163e-01 1.387821286917e-01 1.377571672201e-01 1.204465106130e-01 1.653381288052e-01 1.015306115150e-01 9.431858360767e-02 1.221298128366e-01 1.430948674679e-01 1.092763543129e-01 1.391365826130e-01 1.714033931494e-01 2.031405270100e-01 2.385666966438e-01 3.027668595314e-01 2.299903035164e-01 2.559438049793e-01 2.860719263554e-01 2.710319757462e-01 3.893838822842e-01 3.624282777309e-01 5.237233042717e-01 5.329980850220e-01
3.443574532866e-02 7.173836231232e-02 8.575563877821e-02 1.011089533567e-01 1.035262122750e-01 1.151104718447e-01 1.217276081443e-01 1.050343960524e-01 9.424066543579e-02 9.039750695229e-02 8.370517194271e-02 7.746894657612e-02 7.413604110479e-02 6.914614140987e-02 7.481437921524e-02 6.382242590189e-02 4.536672309041e-02 5.356986075640e-02 5.638958886266e-02 7.751655578613e-02 7.226628065109e-02 1.189310923219e-01 1.289034187794e-01 1.386283487082e-01 1.613919138908e-01 1.821126043797e-01 1.987168639898e-01 2.068276107311e-01 2.112569212914e-01 2.275094687939e-01 2.310078591108e-01 2.429115176201e-01 2.579419314861e-01 2.141749262810e-01 1.840009242296e-01 2.590088248253e-01 3.104386031628e-01 4.782975912094e-01 5.723626613617e-01 5.288209915161e-01 5.031686425209e-01 5.221320986748e-01 4.347296655178e-01
3.329277038574e-02 6.991954147816e-02 7.963246852160e-02 8.846105635166e-02 1.004741787910e-01 1.028408855200e-01 9.460541605949e-02 7.662028074265e-02 7.208563387394e-02 8.582424372435e-02 1.007241606712e-01 9.557088464499e-02 7.233390957117e-02 4.720498621464e-02 5.076129361987e-02 2.937464788556e-02 1.707075908780e-02 1.882011629641e-02 2.507106587291e-02 3.022477775812e-02 9.025128185749e-02 1.583414375782e-01 1.349196285009e-01 1.706771999598e-01 1.643249541521e-01 2.022819668055e-01 2.085792571306e-01 1.973095685244e-01 1.838732808828e-01 2.095980048180e-01 2.231581062078e-01 2.881912589073e-01 3.683577477932e-01 4.012128710747e-01 3.427051305771e-01 2.906498908997e-01 3.219519853592e-01 2.302001565695e-01 3.505805730820e-01 3.568955957890e-01 5.581994056702e-01 5.260279178619e-01 5.661224126816e-01
8.988976478577e-03 1.806430146098e-02 1.906712912023e-02 2.058939076960e-02 2.861830778420e-02 4.001738503575e-02 5.264799296856e-02 5.660644546151e-02 5.474302172661e-02 5.047252401710e-02 5.153243988752e-02 6.548214703798e-02 6.539622694254e-02 5.323749780655e-02 3.446281328797e-02 2.683826722205e-02 1.376941613853e-02 1.171482354403e-02 1.324629411101e-02 2.814728394151e-02 6.225948035717e-02 1.321425735950e-01 3.295798301697e-01 3.098320662975e-01 2.782154381275e-01 2.611716389656e-01 2.516259849072e-01 2.445822507143e-01 2.624726891518e-01 3.027800023556e-01 3.348905444145e-01 3.790476024151e-01 6.568397879601e-01 3.638589680195e-01 8.220380544662e-01 5.607341527939e-01 4.475664794445e-01 4.796025156975e-01 5.938712954521e-01 6.899614930153e-01 7.299154400826e-01 6.858122348785e-01 6.905707120895e-01
8.137692697346e-03 1.571999862790e-02 1.711796037853e-02 1.714874431491e-02 2.892129123211e-02 4.293130338192e-02 4.492525756359e-02 3.680814430118e-02 2.715741656721e-02 2.205158397555e-02 2.792853116989e-02 3.467530384660e-02 3.321482241154e-02 2.671345509589e-02 1.973260566592e-02 1.412360556424e-02 1.038500573486e-02 7.301922421902e-03 7.604543119669e-03 2.529578283429e-02 8.084605634212e-02 1.375747323036e-01 1.352960914373e-01 2.869755625725e-01 6.897378563881e-01 3.487190008163e-01 2.171450555325e-01 1.984885036945e-01 2.044332921505e-01 2.228744029999e-01 3.829528689384e-01 5.539414286613e-01 2.943021953106e-01 4.356020390987e-01 7.869983315468e-01 1.450924277306e+00 5.931782126427e-01 4.643639326096e-01 4.119807779789e-01 4.530961811543e-01 3.877856433392e-01 7.248746752739e-01 8.442442417145e-01
4.224895033985e-03 8.775630965829e-03 1.051924005151e-02 1.167551986873e-02 1.541889272630e-02 2.485700137913e-02 2.862980775535e-02 2.493903785944e-02 1.927374489605e-02 1.437526289374e-02 1.178569439799e-02 1.122986990958e-02 8.956850506365e-03 7.888777181506e-03 9.401304647326e-03 7.161526009440e-03 6.634336430579e-03 5.580193363130e-03 6.488856859505e-03 9.894335642457e-03 1.714320853353e-02 4.579658806324e-02 4.792359843850e-02 6.512507796288e-02 2.517971992493e-01 2.657428979874e-01 9.899368882179e-02 5.407343059778e-02 5.692338198423e-02 1.838063001633e-01 2.422025054693e-01 2.620716691017e-01 2.724916636944e-01 2.238441705704e-01 3.291046321392e-01 9.529517292976e-01 5.075746774673e-01 3.085064888000e-01 2.157380729914e-01 1.947429776192e-01 1.833178102970e-01 4.794281423092e-01 6.656243801117e-01
1.876499736682e-03 3.745968453586e-03 3.896119073033e-03 4.311315715313e-03 5.431919824332e-03 6.875509396195e-03 8.179184980690e-03 8.899585343897e-03 8.609756827354e-03 7.295020855963e-03 6.219521164894e-03 7.150632794946e-03 7.381360046566e-03 6.823994684964e-03 6.982709281147e-03 7.969824597239e-03 6.048271432519e-03 4.825365729630e-03 5.410801153630e-03 8.137918077409e-03 9.282018058002e-03 1.687143743038e-02 2.935897558928e-02 6.417613476515e-02 1.562288105488e-01 9.670016914606e-02 5.979648977518e-02 4.778742790222e-02 4.595622047782e-02 1.469412352890e-02 1.287424843758e-02 1.394308544695e-02 2.177282050252e-02 4.750163480639e-02 1.100448966026e-01 1.883993506432e+00 3.591641664505e+00 4.749803841114e-01 3.234874606133e-01 1.665804833174e-01 1.173176541924e-01 1.275902539492e-01 2.466570585966e-01
1.512393588200e-03 2.749601379037e-03 3.057143883780e-03 3.058217465878e-03 3.075770800933e-03 3.965961281210e-03 5.203587003052e-03 6.401456892490e-03 7.113885600120e-03 6.965667009354e-03 5.850561428815e-03 5.378799047321e-03 5.842142272741e-03 5.649973638356e-03 5.025015212595e-03 6.205200217664e-03 7.192008662969e-03 5.711709614843e-03 4.394194111228e-03 1.419503893703e-02 1.749062910676e-02 1.243116334081e-02 1.649465784431e-02 2.881023660302e-02 5.527989193797e-02 5.547536611557e-01 1.227679476142e-01 1.058918386698e-01 4.450130462646e-02 8.709852583706e-03 7.619136944413e-03 7.978372275829e-03 9.287029504776e-03 1.144061330706e-02 1.533553097397e-02 8.226603269577e-02 5.742501616478e-01 1.483222007751e+00 3.774551749229e-01 2.119235247374e-01 6.122249364853e-02 3.915484622121e-02 4.397701472044e-02
1.412238343619e-03 3.362368093804e-03 4.546598065645e-03 5.247300025076e-03 5.464633926749e-03 5.042396951467e-03 4.482985474169e-03 4.084784071892e-03 5.107541102916e-03 5.854142829776e-03 5.833824165165e-03 5.045878700912e-03 4.362327512354e-03 5.437680985779e-03 5.679417867213e-03 5.077378824353e-03 5.938304122537e-03 7.647806778550e-03 6.031047552824e-03 1.271655596793e-02 1.404402405024e-02 1.158882677555e-02 1.289032213390e-02 1.394244842231e-02 3.168589994311e-02 1.180595159531e-01 1.148885339499e-01 2.940720692277e-02 1.362323015928e-02 8.438096381724e-03 6.323340348899e-03 5.398724228144e-03 5.325465463102e-03 6.677243392915e-03 8.668549358845e-03 2.941009774804e-02 1.514152139425e-01 5.316549539566e-01 6.434853672981e-01 9.927520900965e-02 4.273910075426e-02 2.757274731994e-02 2.609223686159e-02
2.137216040865e-03 5.031805019826e-03 6.431889254600e-03 7.233027368784e-03 7.431225851178e-03 7.100796792656e-03 6.665419321507e-03 5.995310842991e-03 5.172203294933e-03 4.227072931826e-03 4.690562374890e-03 4.923216067255e-03 4.713740665466e-03 5.515815690160e-03 6.328234914690e-03 5.980650894344e-03 5.062873940915e-03 8.031271398067e-03 8.552254177630e-03 2.251018770039e-02 1.444955449551e-02 1.037946436554e-02 7.011578418314e-03 7.246348541230e-03 1.363522000611e-02 1.075631901622e-01 1.409466117620e-01 2.664924040437e-02 1.742215640843e-02 8.838050067425e-03 5.466866772622e-03 3.765997244045e-03 3.349231788889e-03 3.543788334355e-03 5.438298918307e-03 9.001118130982e-03 6.085615605116e-02 1.887165457010e-01 4.994272589684e-01 2.425624579191e-01 1.156876236200e-01 2.306897565722e-02 1.945980452001e-02
1.466437242925e-03 3.188722534105e-03 3.978254273534e-03 4.366726148874e-03 4.235236439854e-03 4.267739132047e-03 4.779416136444e-03 5.347466096282e-03 5.881041754037e-03 5.891546141356e-03 5.075414199382e-03 3.799201920629e-03 4.472188651562e-03 4.899428226054e-03 4.907944239676e-03 4.930261988193e-03 5.174809135497e-03 8.467693813145e-03 1.164027396590e-02 1.939325593412e-02 1.496999152005e-02 1.173900812864e-02 5.761316977441e-03 5.763832945377e-03 1.159589551389e-02 4.123145341873e-02 3.116483613849e-02 2.061240747571e-02 1.631710678339e-02 9.051407687366e-03 5.022001918405e-03 4.114444367588e-03 3.629389917478e-03 3.547439118847e-03 4.542340990156e-03 7.685605902225e-03 1.612686738372e-02 8.104207366705e-02 9.542862325907e-02 5.809104442596e-02 3.498312458396e-02 1.761885359883e-02 1.589846611023e-02
1.378049375489e-03 2.496053930372e-03 3.708188654855e-03 4.739562980831e-03 5.658546928316e-03 6.691017188132e-03 7.826005108654e-03 9.052288718522e-03 1.018489990383e-02 1.050867512822e-02 9.394796565175e-03 6.978984456509e-03 4.491713363677e-03 4.670893307775e-03 5.718803033233e-03 6.209503859282e-03 7.777426857501e-03 8.990581147373e-03 1.065717916936e-02 1.855474151671e-02 1.369809824973e-02 8.712224662304e-03 4.604683723301e-03 4.483321215957e-03 8.395372889936e-03 9.743237867951e-03 1.696044951677e-01 1.411081198603e-02 1.337288785726e-02 8.006990887225e-03 4.650799557567e-03 3.707888768986e-03 3.538131015375e-03 3.736870130524e-03 4.814129788429e-03 6.542805116624e-03 1.090112701058e-02 1.343199703842e-02 2.822067029774e-02 3.749513998628e-02 2.342680469155e-02 1.405241806060e-02 1.814387738705e-02
1.398757565767e-03 2.533447463065e-03 3.398376051337e-03 4.202803596854e-03 5.014253314584e-03 6.005100440234e-03 7.052429486066e-03 8.109021000564e-03 9.096401743591e-03 9.628790430725e-03 9.123153984547e-03 1.020081993192e-02 1.061630528420e-02 1.041226647794e-02 9.946113452315e-03 9.034873917699e-03 1.071104593575e-02 7.831449620426e-03 1.060881372541e-02 3.376995772123e-02 1.231788471341e-02 6.119676399976e-03 4.318618681282e-03 3.616329748183e-03 4.997913725674e-03 1.619105786085e-02 5.473102256656e-02 1.092652045190e-02 1.421317644417e-02 5.981484428048e-03 4.395289812237e-03 3.351112594828e-03 3.393541090190e-03 3.857397008687e-03 5.103315692395e-03 6.062917876989e-03 6.744150537997e-03 1.086443476379e-02 2.381462231278e-02 2.784646674991e-02 1.733526401222e-02 1.287435926497e-02 1.681784912944e-02
