100/SI/f20.grd
DSAA
101	101
32.816463539100	34.260883539100
35.556306596100	36.727886596100
2.885086178139e-05	4.711372852325e+00
[rows 0 to 18 of 101, columns 43 to 85 of 101]
6.873385980725e-03 1.172942109406e-02 1.351160369813e-02 1.070606149733e-02 7.460747845471e-03 7.510090712458e-03 6.461762357503e-03 5.912594497204e-03 3.893065266311e-03 5.636452697217e-03 7.475711870939e-03 8.856507949531e-03 1.055842451751e-02 1.507525704801e-02 6.771607324481e-03 8.360987529159e-03 1.061320118606e-02 1.156365871429e-02 7.814736105502e-03 5.234527867287e-03 5.909279920161e-03 7.618596777320e-03 7.830657064915e-03 8.567293174565e-03 8.686299435794e-03 6.206071469933e-03 4.159886389971e-03 4.195543471724e-03 7.930384017527e-03 1.189352478832e-02 9.560951963067e-03 4.688016138971e-03 5.920514464378e-03 3.880643518642e-03 3.950809594244e-03 3.397295251489e-03 2.903980202973e-03 2.643492072821e-03 1.943366369233e-03 1.961103407666e-03 2.612997777760e-03 4.367410670966e-03 4.339516162872e-03
1.191336102784e-02 2.124303765595e-02 2.652643062174e-02 2.346984855831e-02 1.759140193462e-02 1.628025621176e-02 1.350132841617e-02 1.146717090160e-02 1.066792011261e-02 1.237640529871e-02 1.377912331372e-02 1.568838767707e-02 2.088405378163e-02 3.010753169656e-02 1.289837807417e-02 1.588419079781e-02 2.005097456276e-02 2.164353989065e-02 1.486547291279e-02 1.009455882013e-02 1.155863422900e-02 1.453099586070e-02 1.549929939210e-02 1.497040968388e-02 1.531803514808e-02 1.292375475168e-02 7.711880374700e-03 8.715370669961e-03 1.792632788420e-02 2.849897742271e-02 1.701332814991e-02 7.733981590718e-03 1.158349215984e-02 7.144695147872e-03 7.644705008715e-03 6.324429530650e-03 5.190404597670e-03 4.651297349483e-03 3.742464119568e-03 3.745828289539e-03 5.779909435660e-03 8.847546763718e-03 8.242740295827e-03
1.500467676669e-02 2.168843895197e-02 2.963021211326e-02 2.912991493940e-02 2.367300912738e-02 2.367168851197e-02 1.600505039096e-02 1.412601023912e-02 1.904351077974e-02 1.904954575002e-02 1.369109563529e-02 1.737390831113e-02 2.225576527417e-02 3.149021416903e-02 1.500814687461e-02 1.806913875043e-02 2.243551984429e-02 2.477119304240e-02 1.712568663061e-02 1.339728757739e-02 1.340441871434e-02 1.459053531289e-02 1.743565686047e-02 1.876329258084e-02 2.257802337408e-02 1.737571135163e-02 1.002493873239e-02 1.078282017261e-02 2.354148402810e-02 3.681090846658e-02 1.743921265006e-02 8.991884998977e-03 1.334121543914e-02 7.885802537203e-03 8.531227707863e-03 7.480587810278e-03 6.648185662925e-03 5.284777842462e-03 4.344923421741e-03 5.328424274921e-03 7.324617821723e-03 9.793869219720e-03 8.434791117907e-03
1.728514581919e-02 1.963022351265e-02 2.649425715208e-02 2.877440303564e-02 2.565502002835e-02 3.168041259050e-02 1.677447371185e-02 1.930699497461e-02 2.722259052098e-02 2.804280817509e-02 1.864827796817e-02 1.817246712744e-02 2.279976010323e-02 3.177736327052e-02 1.576109789312e-02 2.011412754655e-02 2.300983481109e-02 2.580999769270e-02 1.849490776658e-02 1.758332364261e-02 1.439857948571e-02 1.819942519069e-02 2.200884558260e-02 2.168513089418e-02 2.998373098671e-02 2.143584191799e-02 1.129868160933e-02 1.284732762724e-02 2.747278288007e-02 3.994082286954e-02 1.643531210721e-02 1.000853441656e-02 1.414905395359e-02 7.945133373141e-03 8.712535724044e-03 9.534914977849e-03 8.051407523453e-03 6.065417546779e-03 5.205939989537e-03 6.586873438209e-03 8.745105937123e-03 1.020086091012e-02 8.080133236945e-03
1.699498109519e-02 2.352961339056e-02 2.089574374259e-02 2.431701123714e-02 2.364963479340e-02 4.023112729192e-02 1.614352501929e-02 2.383011206985e-02 3.477083891630e-02 3.734915703535e-02 2.631851658225e-02 1.894196309149e-02 2.343983389437e-02 3.193555399776e-02 1.633812114596e-02 2.202695421875e-02 2.328286133707e-02 2.666925080121e-02 2.047863043845e-02 2.162656933069e-02 1.703039556742e-02 2.300806343555e-02 2.795316651464e-02 2.718952484429e-02 3.729002922773e-02 2.478552982211e-02 1.353725232184e-02 1.377227436751e-02 2.910085953772e-02 3.860515356064e-02 1.774221099913e-02 1.192330010235e-02 1.463811099529e-02 9.409386664629e-03 1.078783534467e-02 1.119721122086e-02 8.949019014835e-03 6.328884977847e-03 6.614509969950e-03 7.179530803114e-03 1.020599063486e-02 1.034526433796e-02 7.730226963758e-03
1.473663374782e-02 2.497223205864e-02 1.873658783734e-02 1.927117258310e-02 2.055801823735e-02 4.875449091196e-02 1.825022138655e-02 2.710906229913e-02 4.144970700145e-02 4.656835272908e-02 3.435303643346e-02 1.996861770749e-02 2.430711686611e-02 3.206883743405e-02 1.811411604285e-02 2.361596375704e-02 2.322495728731e-02 2.742795087397e-02 2.097234502435e-02 2.510001137853e-02 2.063728682697e-02 2.786222472787e-02 3.329008817673e-02 3.185960650444e-02 4.381830617785e-02 2.671611867845e-02 1.489295531064e-02 1.610614173114e-02 2.785561792552e-02 3.131653368473e-02 1.762991212308e-02 1.378239039332e-02 1.477793138474e-02 1.051475014538e-02 1.262691523880e-02 1.244423165917e-02 9.382706135511e-03 6.614438723773e-03 7.451559416950e-03 8.024279028177e-03 1.166272256523e-02 1.052490621805e-02 7.414026185870e-03
1.339828781784e-02 2.390607632697e-02 1.879698596895e-02 1.505912281573e-02 1.903960853815e-02 5.659643560648e-02 2.016946114600e-02 2.866287715733e-02 4.605464637280e-02 5.360451713204e-02 4.164282605052e-02 2.201528474689e-02 2.507384121418e-02 3.206846490502e-02 1.832740381360e-02 2.516216039658e-02 2.282955497503e-02 2.795583568513e-02 2.019623294473e-02 2.654746547341e-02 2.361321821809e-02 3.132216259837e-02 3.691579028964e-02 3.445034474134e-02 4.860743507743e-02 2.689893357456e-02 1.437867805362e-02 1.803897134960e-02 2.386753447354e-02 2.177507244051e-02 1.650600880384e-02 1.562151033431e-02 1.467376761138e-02 1.120910048485e-02 1.408616174012e-02 1.317389030010e-02 9.338365867734e-03 7.780704647303e-03 7.344086188823e-03 1.090674661100e-02 1.332546304911e-02 1.079160068184e-02 6.922021042556e-03
1.543693989515e-02 2.282153256238e-02 1.815691590309e-02 1.683854311705e-02 2.143880724907e-02 6.405639648438e-02 2.302743308246e-02 2.772944793105e-02 4.653457179666e-02 5.659556388855e-02 4.736377298832e-02 2.878552861512e-02 2.606284059584e-02 3.224606812000e-02 1.830875873566e-02 2.661174722016e-02 2.215598523617e-02 2.830521576107e-02 2.081326954067e-02 2.513918280602e-02 2.539347298443e-02 3.294569253922e-02 3.779205679893e-02 3.444297239184e-02 5.136704817414e-02 2.590467035770e-02 1.649753563106e-02 2.150321751833e-02 1.812154799700e-02 1.865365356207e-02 1.984349079430e-02 1.746881380677e-02 1.426555868238e-02 1.451447419822e-02 1.501251664013e-02 1.326615922153e-02 8.827090263367e-03 7.992702536285e-03 9.156178683043e-03 1.467617880553e-02 1.458695903420e-02 1.027081254870e-02 5.791788455099e-03
1.733588613570e-02 2.288861572742e-02 1.801812648773e-02 1.822076551616e-02 2.374681457877e-02 7.100070267916e-02 2.602112665772e-02 2.436899393797e-02 4.249297082424e-02 5.511254817247e-02 5.075737833977e-02 3.509144857526e-02 2.710780687630e-02 3.696114197373e-02 2.055307105184e-02 2.805107273161e-02 2.214206568897e-02 2.854756079614e-02 2.123646624386e-02 2.221528626978e-02 2.651415392756e-02 3.227541595697e-02 3.586313501000e-02 3.468580171466e-02 5.103749781847e-02 2.290709502995e-02 1.967637799680e-02 2.519795671105e-02 1.905862055719e-02 2.296189405024e-02 2.501221187413e-02 1.990786939859e-02 1.664574630558e-02 1.806205511093e-02 1.845273934305e-02 1.265150494874e-02 8.633363060653e-03 7.689870893955e-03 1.455881912261e-02 1.774769090116e-02 1.409459486604e-02 8.146030828357e-03 6.880168337375e-03
1.858691126108e-02 2.331714332104e-02 1.784432120621e-02 1.782675273716e-02 2.595580928028e-02 7.659584283829e-02 2.864108607173e-02 1.999523304403e-02 3.616597130895e-02 5.027450993657e-02 5.111218616366e-02 4.007944464684e-02 2.806120365858e-02 3.988796100020e-02 2.584201097488e-02 2.964613214135e-02 2.938196249306e-02 2.897420525551e-02 2.145528979599e-02 2.658966369927e-02 2.595640346408e-02 2.988688834012e-02 3.163046389818e-02 3.870401903987e-02 4.739719629288e-02 1.835490018129e-02 2.292232215405e-02 2.888037450612e-02 2.186412177980e-02 2.659207768738e-02 2.943989634514e-02 2.412501163781e-02 1.851402968168e-02 1.916260644794e-02 2.001349814236e-02 1.142392959446e-02 8.042490109801e-03 1.382655091584e-02 1.954580470920e-02 1.790538057685e-02 1.088317856193e-02 7.119548972696e-03 6.740953307599e-03
1.881764829159e-02 2.412866987288e-02 1.770573109388e-02 1.932381466031e-02 2.794921770692e-02 8.108916878700e-02 3.104081191123e-02 1.991666294634e-02 2.891555428505e-02 4.240715503693e-02 4.736290127039e-02 4.266674071550e-02 3.429830446839e-02 3.971459716558e-02 3.271699696779e-02 3.120535612106e-02 4.150576889515e-02 3.106893971562e-02 2.138818614185e-02 3.524626046419e-02 2.882233075798e-02 2.630694024265e-02 3.877417743206e-02 4.121470078826e-02 4.124983400106e-02 1.842179521918e-02 2.566058374941e-02 3.144185617566e-02 2.278955467045e-02 2.868808060884e-02 3.331406041980e-02 2.808913961053e-02 1.714017428458e-02 1.664959825575e-02 1.892133615911e-02 9.812586009502e-03 1.257586013526e-02 2.044580876827e-02 2.093943394721e-02 1.389073673636e-02 6.994215771556e-03 6.573140155524e-03 6.522256415337e-03
1.824880577624e-02 2.503343485296e-02 2.302612550557e-02 2.183630131185e-02 2.974812686443e-02 8.395978808403e-02 3.255699574947e-02 2.067227661610e-02 2.408719621599e-02 3.285674005747e-02 4.042962938547e-02 4.194185510278e-02 3.821032494307e-02 4.148874431849e-02 3.966549038887e-02 3.261930122972e-02 5.555756762624e-02 4.097739979625e-02 2.153085172176e-02 4.285198077559e-02 3.215581923723e-02 3.430643305182e-02 5.106709897518e-02 4.178019985557e-02 3.340414911509e-02 1.910062506795e-02 2.682780288160e-02 3.214200958610e-02 2.180299721658e-02 2.847424149513e-02 3.529849648476e-02 3.118471801281e-02 1.832843571901e-02 1.329080015421e-02 1.753779686987e-02 1.065891142935e-02 2.020145952702e-02 2.356089279056e-02 1.675296388566e-02 8.495486341417e-03 7.699983660132e-03 8.371734060347e-03 8.866521529853e-03
1.857913658023e-02 2.593235857785e-02 2.906619571149e-02 2.003234438598e-02 3.144999593496e-02 8.628572523594e-02 3.324698284268e-02 2.133314684033e-02 2.413515746593e-02 3.101616725326e-02 3.106752410531e-02 3.724304586649e-02 3.911959007382e-02 4.619913920760e-02 4.269676655531e-02 3.613356873393e-02 6.934363394976e-02 5.006152018905e-02 2.372000925243e-02 4.879426583648e-02 3.375337645411e-02 4.162416979671e-02 6.022589653730e-02 3.897622227669e-02 2.463770285249e-02 2.273278497159e-02 2.580440603197e-02 3.041242249310e-02 1.972983404994e-02 2.603703178465e-02 3.411998972297e-02 3.194821253419e-02 1.938785985112e-02 1.144561730325e-02 1.678471267223e-02 1.863707602024e-02 2.549770474434e-02 2.020738087595e-02 1.031849347055e-02 8.326967246830e-03 8.067606016994e-03 1.077323686332e-02 1.054500881582e-02
1.659034006298e-02 2.684780023992e-02 3.150601685047e-02 2.243529818952e-02 3.319598361850e-02 8.893863856792e-02 3.369546681643e-02 2.218055725098e-02 2.205273322761e-02 2.990439161658e-02 2.454679645598e-02 2.934657409787e-02 4.217638820410e-02 4.951656982303e-02 3.959739208221e-02 4.471138119698e-02 8.030365407467e-02 5.738414824009e-02 2.786912024021e-02 5.288201570511e-02 3.385684639215e-02 4.526322707534e-02 6.307938694954e-02 3.244216367602e-02 2.151742205024e-02 2.890955284238e-02 2.986912801862e-02 2.706942893565e-02 1.848609000444e-02 2.180475741625e-02 3.014720976353e-02 3.019105829298e-02 1.933736540377e-02 1.115033309907e-02 1.695657894015e-02 2.608131431043e-02 2.422635257244e-02 1.304638199508e-02 9.197269566357e-03 8.015581406653e-03 8.552070707083e-03 1.218352466822e-02 1.121981814504e-02
2.282373793423e-02 2.792241051793e-02 3.153459355235e-02 3.659989684820e-02 3.500095009804e-02 9.053433686495e-02 3.355883061886e-02 2.649647369981e-02 1.885521970689e-02 2.736342884600e-02 2.294566482306e-02 3.224910423160e-02 4.442680254579e-02 5.283677577972e-02 4.266767948866e-02 5.312792956829e-02 8.930517733097e-02 6.165966019034e-02 3.015446104109e-02 5.633557960391e-02 3.728052973747e-02 4.413731023669e-02 6.063156202435e-02 2.687261998653e-02 2.286904305220e-02 3.462838754058e-02 3.792796283960e-02 2.362362481654e-02 1.882993616164e-02 1.722090132535e-02 2.496840991080e-02 2.703973837197e-02 1.829225383699e-02 1.275718212128e-02 2.482200786471e-02 2.800509333611e-02 1.688422821462e-02 8.850045502186e-03 9.461771696806e-03 7.413432002068e-03 9.786568582058e-03 1.293990388513e-02 1.396116707474e-02
3.012749366462e-02 2.920907549560e-02 3.105022571981e-02 4.494529962540e-02 3.636511415243e-02 9.101050347090e-02 3.258289396763e-02 3.036402165890e-02 1.994455605745e-02 2.803755179048e-02 2.377312630415e-02 3.455556556582e-02 4.652284458280e-02 5.606781691313e-02 4.120533913374e-02 6.005244329572e-02 9.100311994553e-02 5.843292921782e-02 3.576919063926e-02 5.922324955463e-02 3.739176690578e-02 4.035265371203e-02 5.244586616755e-02 2.558011561632e-02 2.501060068607e-02 3.983614593744e-02 4.085171595216e-02 2.128199301660e-02 2.049339190125e-02 1.804936677217e-02 2.481203153729e-02 2.272501774132e-02 1.626704819500e-02 2.231737039983e-02 3.008840978146e-02 2.163903601468e-02 1.213774550706e-02 7.948226295412e-03 9.537509642541e-03 8.350574411452e-03 1.261225156486e-02 1.643073745072e-02 1.636375859380e-02
3.526718914509e-02 3.809332102537e-02 3.599113598466e-02 4.153311997652e-02 3.889602050185e-02 9.026104956865e-02 3.548876941204e-02 3.337179496884e-02 2.093310654163e-02 2.845387347043e-02 2.628128789365e-02 3.575730323792e-02 4.902660474181e-02 5.925085023046e-02 3.787698969245e-02 6.445378065109e-02 8.576466143131e-02 5.185622721910e-02 3.935097157955e-02 6.138215959072e-02 3.340398520231e-02 3.221923857927e-02 4.073203727603e-02 2.368009276688e-02 2.939020656049e-02 3.987948969007e-02 3.770010173321e-02 2.254359610379e-02 2.358676865697e-02 1.996329985559e-02 2.691786363721e-02 1.875160075724e-02 1.909059472382e-02 3.012244589627e-02 2.652809768915e-02 1.861320994794e-02 1.038088649511e-02 8.662953041494e-03 1.072756014764e-02 1.207564305514e-02 1.759997755289e-02 1.805778406560e-02 1.504055131227e-02
4.619372263551e-02 4.571340978146e-02 4.934652894735e-02 3.808226436377e-02 4.610298573971e-02 8.741778135300e-02 4.040189459920e-02 3.646388649940e-02 2.846685983241e-02 2.850168943405e-02 3.065627999604e-02 4.634356126189e-02 5.109245330095e-02 6.279375404119e-02 4.100357368588e-02 6.477521359921e-02 7.627169787884e-02 4.964523762465e-02 4.055657982826e-02 6.298487633467e-02 3.000191599131e-02 2.648496814072e-02 3.068004548550e-02 2.535836398602e-02 3.195613995194e-02 3.568742424250e-02 2.789299562573e-02 2.489250525832e-02 2.749587967992e-02 2.276134490967e-02 2.782562002540e-02 1.775860413909e-02 2.847590483725e-02 2.994295954704e-02 2.671199478209e-02 1.684310846031e-02 1.208338607103e-02 1.061651017517e-02 1.283908449113e-02 1.751239970326e-02 1.957162469625e-02 1.576446183026e-02 1.170158665627e-02
5.124494060874e-02 5.057084560394e-02 6.101257726550e-02 5.682821199298e-02 3.895775601268e-02 8.249295502901e-02 3.756386786699e-02 4.214169085026e-02 3.932934626937e-02 3.261781483889e-02 3.329868242145e-02 5.583927035332e-02 5.874961242080e-02 6.671791523695e-02 4.577366635203e-02 6.098541989923e-02 7.546596229076e-02 6.056094542146e-02 3.945710137486e-02 6.320738047361e-02 3.018610738218e-02 2.856975980103e-02 3.115136362612e-02 2.819323167205e-02 2.995595335960e-02 2.811479754746e-02 2.591303549707e-02 2.899899147451e-02 3.011911921203e-02 2.360817976296e-02 2.759138680995e-02 2.674611844122e-02 3.174035251141e-02 2.997515350580e-02 2.846519835293e-02 2.077423781157e-02 1.481185667217e-02 1.369697134942e-02 1.661861501634e-02 1.962641067803e-02 1.621450670063e-02 1.336301304400e-02 1.197785884142e-02
