100/SI/f20.grd
DSAA
101	101
32.816463539100	34.260883539100
35.556306596100	36.727886596100
2.885086178139e-05	4.711372852325e+00
[rows 57 to 75 of 101, columns 43 to 85 of 101]
1.991549693048e-02 2.376135997474e-02 1.200426649302e-02 1.331586949527e-02 1.317301020026e-02 2.122820913792e-02 2.404743432999e-02 3.257863596082e-02 2.860671095550e-02 1.549742929637e-02 1.065052580088e-02 8.955527096987e-03 6.622523069382e-03 1.191992219537e-02 4.891977459192e-02 1.641121804714e-01 3.691316843033e-01 3.558779060841e-01 5.476699471474e-01 1.731602996588e-01 4.936916753650e-02 3.825577721000e-02 6.891226768494e-02 1.222080811858e-01 2.092685103416e-01 1.897807866335e-01 2.064132541418e-01 1.680954098701e-01 2.196442037821e-01 2.018204331398e-01 2.132086008787e-01 1.589214801788e-01 1.655184477568e-01 2.322008460760e-01 1.441799104214e-01 9.053717553616e-02 1.057413890958e-01 1.492920666933e-01 1.870116293430e-01 1.351722478867e-01 5.631178617477e-02 4.914880543947e-02 4.752635583282e-02
1.592004857957e-02 3.016839921474e-02 9.704666212201e-03 1.032960414886e-02 1.023018173873e-02 1.539282035083e-02 3.028798848391e-02 9.765717387199e-02 7.783130556345e-02 1.679002307355e-02 9.840233251452e-03 6.743146572262e-03 5.161718465388e-03 5.112009122968e-03 1.020237989724e-02 9.789274632931e-02 1.146263703704e-01 1.205081567168e-01 9.979856014252e-02 1.003573313355e-01 7.180619239807e-02 5.469126999378e-02 4.228410869837e-02 2.528593875468e-02 6.538938730955e-02 1.307182610035e-01 2.275288254023e-01 2.321939319372e-01 2.529763579369e-01 1.393226534128e-01 1.836451143026e-01 1.676346659660e-01 1.437037289143e-01 1.262583583593e-01 1.283763498068e-01 9.679789841175e-02 9.487792104483e-02 1.143050789833e-01 1.125030219555e-01 1.032312437892e-01 1.072585061193e-01 1.125323772430e-01 1.053797006607e-01
1.320901885629e-02 1.273260265589e-02 8.839379996061e-03 9.403256699443e-03 9.558718651533e-03 1.401882339269e-02 4.294414445758e-02 1.333078444004e-01 1.130537018180e-01 2.459979616106e-02 1.015943847597e-02 5.760931409895e-03 4.095268901438e-03 3.719768486917e-03 3.798030316830e-03 4.770852159709e-03 6.634386256337e-03 9.042629972100e-03 1.172924879938e-02 1.457827910781e-02 1.737702265382e-02 1.991209015250e-02 1.341040339321e-02 1.349554210901e-02 3.205148130655e-02 1.491411775351e-01 2.570547163486e-01 2.915983498096e-01 2.798629701138e-01 2.825314998627e-01 1.865350902081e-01 1.617338210344e-01 1.374140828848e-01 1.248649731278e-01 1.753833889961e-01 1.511353552341e-01 1.253369003534e-01 7.847384363413e-02 8.453280478716e-02 7.110323011875e-02 6.259474903345e-02 5.940583348274e-02 5.195745453238e-02
1.218007877469e-02 1.096241082996e-02 8.558684960008e-03 9.535799734294e-03 1.084987819195e-02 1.424433011562e-02 1.459414809942e-01 1.152069419622e-01 1.371761113405e-01 1.898939535022e-02 8.912766352296e-03 5.554146133363e-03 3.707305295393e-03 3.008058993146e-03 2.874584402889e-03 3.031507134438e-03 3.711091354489e-03 4.890353418887e-03 7.121679373085e-03 8.208324201405e-03 9.453718550503e-03 1.892589218915e-02 9.735555388033e-03 8.964627049863e-03 2.735657244921e-02 6.179656088352e-02 2.199950963259e-01 2.417360991240e-01 2.577917575836e-01 2.752646207809e-01 2.285401821136e-01 1.773051321507e-01 1.231528744102e-01 1.581452935934e-01 1.100643575191e-01 9.687384963036e-02 8.034624159336e-02 6.645100563765e-02 6.250552088022e-02 6.141954660416e-02 6.536617130041e-02 9.243053942919e-02 1.288795024157e-01
1.031925342977e-02 8.037886582315e-03 8.412289433181e-03 1.012082025409e-02 1.659537851810e-02 2.696149796247e-02 8.115739375353e-02 1.795142591000e-01 6.731576472521e-02 1.060598809272e-02 6.489912979305e-03 4.733421374112e-03 3.384316107258e-03 2.541736001149e-03 2.324955072254e-03 2.329083625227e-03 2.535898005590e-03 3.390844678506e-03 4.668998997658e-03 5.339673254639e-03 5.555317737162e-03 1.156674418598e-02 6.909395568073e-03 7.525420747697e-03 1.685180328786e-02 5.760159343481e-02 1.560301035643e-01 2.122089862823e-01 2.181581854820e-01 1.662653088570e-01 1.287150979042e-01 1.835300773382e-01 1.255453675985e-01 8.869712799788e-02 9.842184931040e-02 1.241659000516e-01 1.124121248722e-01 7.972577959299e-02 7.450380176306e-02 7.266195863485e-02 7.045365869999e-02 7.784483581781e-02 9.685354679823e-02
7.489938288927e-03 6.181394215673e-03 7.730789482594e-03 1.851655915380e-02 4.550673440099e-02 1.031066253781e-01 1.449025869370e-01 9.012125432491e-02 9.408383630216e-03 6.436516530812e-03 4.574781749398e-03 3.794405609369e-03 2.961333608255e-03 2.422116929665e-03 2.131386427209e-03 2.221567556262e-03 2.324647735804e-03 2.806599717587e-03 4.050286021084e-03 4.982825834304e-03 5.292278714478e-03 5.615331698209e-03 5.642489530146e-03 8.414891548455e-03 2.047032862902e-02 5.361341312528e-02 6.588073074818e-02 6.652393937111e-02 1.263668090105e-01 1.472867578268e-01 1.716433614492e-01 1.098519787192e-01 1.422141939402e-01 1.041742712259e-01 1.162389516830e-01 1.375237405300e-01 2.748558223248e-01 1.733843237162e-01 1.020302698016e-01 8.391542732716e-02 8.637265861034e-02 8.492583036423e-02 8.206410706043e-02
4.836933221668e-03 5.066195968539e-03 6.403324194252e-03 8.091107010841e-03 1.903599314392e-02 1.155233681202e-01 7.356353849173e-02 9.587862528861e-03 5.597615614533e-03 4.889980889857e-03 4.123259335756e-03 3.485875902697e-03 2.731281099841e-03 2.330658026040e-03 2.075984142721e-03 2.290726406500e-03 2.380334073678e-03 2.322158543393e-03 3.332950407639e-03 4.253259859979e-03 4.805591888726e-03 4.779118578881e-03 5.999806802720e-03 9.748853743076e-03 3.041294030845e-02 6.031832471490e-02 3.574843332171e-02 4.658887535334e-02 4.340245202184e-02 2.261881679296e-01 3.289470374584e-01 1.768898665905e-01 9.734822064638e-02 1.332772225142e-01 5.250895395875e-02 5.531663075089e-02 2.057791501284e-01 9.908521920443e-02 8.081635087729e-02 6.191887706518e-02 6.366990506649e-02 7.103021442890e-02 7.658305019140e-02
4.076909273863e-03 4.429730586708e-03 5.188361275941e-03 6.562076508999e-03 7.452398538589e-03 1.034723501652e-02 1.144118420780e-02 7.797297555953e-03 4.021699540317e-03 4.150443244725e-03 3.642669413239e-03 3.349804319441e-03 2.742932178080e-03 2.218712819740e-03 2.269421238452e-03 2.314541954547e-03 2.476526191458e-03 2.460394753143e-03 2.808155724779e-03 3.606480779126e-03 4.294124897569e-03 4.561521112919e-03 4.834153689444e-03 8.015131577849e-03 2.250724658370e-02 1.387977600098e-02 1.343048084527e-02 2.211416885257e-02 4.955121129751e-02 9.833231568336e-02 1.029610931873e-01 1.302116215229e-01 2.119079679251e-01 1.115114316344e-01 1.062119454145e-01 8.227375149727e-02 8.463668078184e-02 7.173447310925e-02 3.816363215446e-02 4.758800938725e-02 4.647840559483e-02 5.044229701161e-02 6.336957961321e-02
3.198032733053e-03 3.612373489887e-03 4.300534725189e-03 5.272388458252e-03 5.668939556926e-03 6.315180100501e-03 6.684497464448e-03 4.175696056336e-03 3.561129095033e-03 3.670465433970e-03 3.418047213927e-03 2.957905177027e-03 2.495238790289e-03 2.238165820017e-03 2.216314896941e-03 2.539897803217e-03 2.505698241293e-03 2.154699061066e-03 2.482231473550e-03 3.151692217216e-03 3.731264732778e-03 4.368851426989e-03 6.208462174982e-03 6.489586550742e-03 6.588040385395e-03 9.197337552905e-03 8.998475968838e-03 2.206108532846e-02 3.067626245320e-02 4.143008962274e-02 8.580812066793e-02 1.512766480446e-01 1.114877387881e-01 2.082497477531e-01 1.302012503147e-01 7.318067550659e-02 6.072075664997e-02 5.520771443844e-02 6.644150614738e-02 6.260398775339e-02 7.797306776047e-02 7.702783495188e-02 8.943877369165e-02
2.953042509034e-03 2.924623666331e-03 3.292172448710e-03 3.736390033737e-03 4.027426708490e-03 3.977193031460e-03 3.801224753261e-03 3.657386172563e-03 3.956111613661e-03 3.910992760211e-03 3.644172335044e-03 3.175624413416e-03 2.597680315375e-03 2.294767880812e-03 2.074969233945e-03 2.039985265583e-03 2.301777480170e-03 2.334497170523e-03 2.351594157517e-03 2.839315449819e-03 3.289394313470e-03 3.904278622940e-03 5.975135602057e-03 6.710422690958e-03 7.241385523230e-03 1.498986873776e-02 2.062996476889e-02 2.653499133885e-02 3.726584091783e-02 4.044960066676e-02 8.809297531843e-02 1.674897223711e-01 7.906129956245e-02 8.414690941572e-02 1.523353159428e-01 1.294927597046e-01 8.716159313917e-02 7.396436482668e-02 9.288360923529e-02 4.767371341586e-02 6.334016472101e-02 7.788329571486e-02 9.290381520987e-02
2.425194717944e-03 2.753778360784e-03 2.892223885283e-03 2.931396709755e-03 3.283025696874e-03 3.523805178702e-03 3.796693636104e-03 3.370748367161e-03 3.247279906645e-03 3.351252293214e-03 3.601581323892e-03 3.585237544030e-03 3.085610223934e-03 2.600725507364e-03 2.465719589964e-03 2.229115692899e-03 1.920517883264e-03 2.137247007340e-03 2.420410979539e-03 2.677146345377e-03 2.941071288660e-03 3.373377257958e-03 5.087133497000e-03 4.964776337147e-03 5.470261443406e-03 1.358072459698e-02 2.905403450131e-02 3.921706229448e-02 5.519732832909e-02 2.901383489370e-02 8.538170158863e-02 4.268718138337e-02 4.585601389408e-02 5.277975276113e-02 8.410346508026e-02 9.222572296858e-02 1.230130493641e-01 1.124811246991e-01 8.102650940418e-02 6.926411390305e-02 5.303616821766e-02 5.715553089976e-02 4.651089385152e-02
2.380193443969e-03 2.631978830323e-03 2.619275357574e-03 2.672665519640e-03 2.856156323105e-03 3.165393369272e-03 3.426325740293e-03 3.060915507376e-03 2.398818265647e-03 2.561243250966e-03 2.779731294140e-03 3.274673130363e-03 3.400125307962e-03 2.824650844559e-03 2.650334034115e-03 3.209273796529e-03 2.845517592505e-03 2.319398801774e-03 2.525922842324e-03 2.631417242810e-03 3.210248891264e-03 3.564178477973e-03 3.993056714535e-03 4.890465177596e-03 5.675377324224e-03 9.894852526486e-03 2.092356793582e-02 2.490402944386e-02 3.422231972218e-02 1.938471384346e-02 4.110034927726e-02 3.127937018871e-02 5.196488276124e-02 3.188874199986e-02 6.289801746607e-02 4.715495184064e-02 7.496730983257e-02 9.177574515343e-02 8.402998000383e-02 1.137291416526e-01 1.037513315678e-01 8.312412351370e-02 7.038878649473e-02
2.293164841831e-03 2.479348797351e-03 2.384633757174e-03 2.433293266222e-03 2.444214886054e-03 2.371100010350e-03 2.626842120662e-03 2.483582124114e-03 2.963599748909e-03 3.207808826119e-03 2.912115771323e-03 2.937165088952e-03 3.249219385907e-03 3.381612012163e-03 3.081726375967e-03 3.979689907283e-03 3.543104510754e-03 2.710506552830e-03 2.729695290327e-03 2.714988309890e-03 3.121403744444e-03 3.386285388842e-03 3.793873591349e-03 5.044827237725e-03 5.929076112807e-03 8.877650834620e-03 1.333918608725e-02 1.538268662989e-02 1.652880199254e-02 2.087795548141e-02 3.470054641366e-02 5.315458029509e-02 3.597500547767e-02 8.894492685795e-02 2.996001951396e-02 3.908484056592e-02 8.015102148056e-02 1.120640113950e-01 5.489056184888e-02 6.207787990570e-02 3.939897939563e-02 7.447364181280e-02 6.556639820337e-02
2.046057255939e-03 2.211191924289e-03 2.126405714080e-03 2.094666240737e-03 1.944815623574e-03 1.964166294783e-03 2.073593204841e-03 2.725599333644e-03 3.386160824448e-03 3.479488426819e-03 3.041617106646e-03 3.355766413733e-03 3.736481070518e-03 3.646841039881e-03 3.618057351559e-03 3.738068742678e-03 4.013773985207e-03 4.703685175627e-03 4.220994189382e-03 3.789776703343e-03 3.895344212651e-03 4.198253620416e-03 5.018571391702e-03 5.127316806465e-03 6.223330739886e-03 7.653146516532e-03 1.257048454136e-02 1.253504678607e-02 2.242810465395e-02 4.529492557049e-02 5.621562525630e-02 2.884723804891e-02 2.893706411123e-02 8.984528481960e-02 4.614203050733e-02 5.675492063165e-02 5.030386894941e-02 6.536961346865e-02 4.775981605053e-02 1.826498284936e-02 1.738663390279e-02 2.346657961607e-02 4.658768326044e-02
1.885087694973e-03 1.886818557978e-03 1.873197034001e-03 1.847757375799e-03 1.898485585116e-03 2.009897259995e-03 2.136085880920e-03 2.542159287259e-03 2.851068973541e-03 2.713120542467e-03 3.193316515535e-03 3.435746766627e-03 3.335592802614e-03 3.507840214297e-03 4.799372982234e-03 6.682815030217e-03 7.576106581837e-03 9.606294333935e-03 9.585956111550e-03 1.031395979226e-02 7.359642069787e-03 7.039101328701e-03 8.166156709194e-03 6.838866043836e-03 7.797601632774e-03 1.078514941037e-02 3.290298953652e-02 3.070001117885e-02 2.905670180917e-02 3.912558406591e-02 2.211563847959e-02 2.335103042424e-02 3.187989443541e-02 1.782488264143e-02 9.783562272787e-02 1.353028863668e-01 1.208701580763e-01 2.787399664521e-02 1.317587587982e-02 1.088022999465e-02 1.064280420542e-02 1.259043626487e-02 1.330190803856e-02
1.752120559104e-03 1.817314303480e-03 1.748137059622e-03 1.882154145278e-03 2.012599958107e-03 2.302630105987e-03 2.303242916241e-03 2.657343633473e-03 2.908992348239e-03 3.397373715416e-03 3.516661701724e-03 4.174146335572e-03 4.374543670565e-03 4.046465270221e-03 9.773029014468e-03 3.507063165307e-02 2.771715447307e-02 1.656140759587e-02 1.861320063472e-02 2.317345142365e-02 1.712770015001e-02 9.036162868142e-03 1.051948312670e-02 1.317854318768e-02 1.279914192855e-02 2.384841628373e-02 3.355640918016e-02 3.015302307904e-02 2.424550801516e-02 2.202018909156e-02 2.493481710553e-02 2.363691106439e-02 1.749635674059e-02 1.456471905112e-02 2.479765005410e-02 1.140858530998e-01 1.189588159323e-01 2.453721500933e-02 8.696522563696e-03 8.860170841217e-03 7.963337935507e-03 7.652867585421e-03 1.259692385793e-02
1.756534213200e-03 1.892311498523e-03 2.399059711024e-03 2.681499579921e-03 2.471569692716e-03 4.097405821085e-03 4.817557055503e-03 4.875663667917e-03 4.097302444279e-03 4.020757041872e-03 4.405766725540e-03 5.536327138543e-03 5.518901161849e-03 2.023383043706e-02 1.430457979441e-01 1.802282035351e-01 8.415961265564e-02 4.836565256119e-02 3.862342610955e-02 3.077111206949e-02 1.480276603252e-02 1.433481834829e-02 3.132667392492e-02 6.684570759535e-02 5.480750277638e-02 2.923499234021e-02 3.412587940693e-02 2.779816091061e-02 2.941777557135e-02 2.085438929498e-02 5.197459831834e-02 2.071451582015e-02 1.547070220113e-02 1.093232538551e-02 7.237287238240e-03 2.348137088120e-02 2.593575604260e-02 6.347553804517e-03 4.248042125255e-03 4.999384284019e-03 6.182335317135e-03 6.912059150636e-03 6.463610101491e-03
2.158377086744e-03 3.396083600819e-03 4.631238989532e-03 5.033377557993e-03 6.513633765280e-03 8.659877814353e-03 8.507788181305e-03 7.501785177737e-03 6.445148959756e-03 4.968137945980e-03 5.948248784989e-03 6.576708517969e-03 3.635124489665e-02 2.004616260529e-01 2.742311954498e-01 9.570036828518e-02 3.054369054735e-02 1.867643743753e-02 1.892417669296e-02 1.654591225088e-02 1.589023694396e-02 3.621058166027e-02 7.137935608625e-02 9.490756690502e-02 7.636897265911e-02 3.933657705784e-02 2.707414142787e-02 1.998963393271e-02 1.800440996885e-02 1.608950644732e-02 2.226845361292e-02 9.956060908735e-03 1.124174240977e-02 9.112143889070e-03 5.722991190851e-03 3.392356447875e-03 2.792895538732e-03 2.721345517784e-03 2.857462735847e-03 3.558618482202e-03 4.778420086950e-03 6.043449509889e-03 6.182906683534e-03
3.577065421268e-03 5.351987201720e-03 7.112945895642e-03 9.480743668973e-03 1.834247633815e-02 1.825653202832e-02 2.555387280881e-02 1.835051178932e-02 2.086146175861e-02 1.239321101457e-02 6.945181172341e-03 4.743836075068e-02 1.910239011049e-01 1.901363134384e-01 4.976162314415e-02 1.516894996166e-02 2.837867848575e-02 3.750756755471e-02 2.662326022983e-02 3.085031546652e-02 3.711448237300e-02 3.723232448101e-02 5.397637188435e-02 4.408606886864e-02 2.987642586231e-02 2.325140684843e-02 1.449227798730e-02 5.653071217239e-03 5.767313763499e-03 5.726428236812e-03 7.330270949751e-03 5.359037779272e-03 4.725065082312e-03 3.261499106884e-03 3.332866588607e-03 3.393455408514e-03 3.502463689074e-03 3.676290391013e-03 3.910172730684e-03 4.211225546896e-03 4.257851280272e-03 5.073141772300e-03 6.432810798287e-03
