100/SI/f20.grd
DSAA
101	101
32.816463539100	34.260883539100
35.556306596100	36.727886596100
2.885086178139e-05	4.711372852325e+00
[rows 57 to 75 of 101, columns 0 to 42 of 101]
1.604351447895e-03 2.635920187458e-03 2.852601232007e-03 2.855237806216e-03 3.047440433875e-03 3.731403732672e-03 4.181865602732e-03 4.586958326399e-03 4.964453168213e-03 5.072482861578e-03 4.881071392447e-03 6.747196428478e-03 1.155532617122e-02 6.314844358712e-03 4.670189227909e-03 6.991052068770e-03 6.240755785257e-03 6.942444946617e-03 8.387491106987e-03 8.770947344601e-03 8.939288556576e-03 6.733372807503e-03 4.681233782321e-03 4.114553332329e-03 4.462153650820e-03 6.182894110680e-03 9.890623390675e-03 1.227858383209e-02 9.680517949164e-03 5.593344103545e-03 4.379650577903e-03 3.442505141720e-03 3.606301732361e-03 4.332271870226e-03 5.115345586091e-03 6.566266529262e-03 7.565046660602e-03 8.168756961823e-03 1.350475940853e-02 1.770360022783e-02 1.517947670072e-02 1.346620637923e-02 1.517704874277e-02
2.020993037149e-03 3.308760467917e-03 3.780302358791e-03 3.836421994492e-03 3.793580224738e-03 3.688777098432e-03 3.688666969538e-03 3.858896670863e-03 4.015943501145e-03 6.532899104059e-03 2.119349315763e-02 2.453270182014e-02 9.163487702608e-03 4.776821006089e-03 4.786268807948e-03 4.469849634916e-03 4.828061442822e-03 4.810331854969e-03 5.439968314022e-03 6.890073884279e-03 8.372044190764e-03 8.940884843469e-03 6.248540244997e-03 3.928670194000e-03 4.522821400315e-03 6.903368979692e-03 1.043437793851e-02 1.118694804609e-02 1.131514552981e-02 7.192088291049e-03 4.344971850514e-03 3.942870534956e-03 3.774144453928e-03 4.512018524110e-03 5.326699931175e-03 5.513580050319e-03 5.668342113495e-03 5.911501590163e-03 5.963157396764e-03 6.435012910515e-03 7.764733862132e-03 1.062038261443e-02 1.223161257803e-02
2.702264348045e-03 4.443596117198e-03 5.151194985956e-03 7.537679746747e-03 9.622879326344e-03 1.215230301023e-02 1.591800712049e-02 2.309665083885e-02 4.220579192042e-02 5.948803573847e-02 3.953538462520e-02 1.006343867630e-02 6.775380577892e-03 5.925187841058e-03 4.306353628635e-03 4.551708232611e-03 4.817145876586e-03 4.748999141157e-03 4.484562668949e-03 4.792471416295e-03 8.074226789176e-03 9.149669669569e-03 6.486523896456e-03 3.726678201929e-03 2.921865787357e-03 4.507771227509e-03 6.394988857210e-03 6.590859498829e-03 6.898866500705e-03 5.604973062873e-03 3.911609761417e-03 4.118354059756e-03 3.897365415469e-03 4.373147618026e-03 5.277367308736e-03 5.469204857945e-03 5.212388467044e-03 4.782049451023e-03 4.415348637849e-03 4.940870217979e-03 6.293890532106e-03 8.083594962955e-03 1.065401919186e-02
2.639875048772e-03 4.994925577193e-03 8.628381416202e-03 1.221904251724e-02 1.536862365901e-02 2.024614624679e-02 2.929816022515e-02 4.353819787502e-02 4.363137483597e-02 2.015204168856e-02 4.835422150791e-03 5.639092531055e-03 6.134648807347e-03 5.451780278236e-03 4.918095190078e-03 5.166592542082e-03 5.183585919440e-03 4.982014652342e-03 3.835174255073e-03 3.746946109459e-03 5.813322030008e-03 6.485444959253e-03 4.811143968254e-03 3.007702995092e-03 2.309564966708e-03 2.494889311492e-03 3.345759818330e-03 4.138105083257e-03 4.883108660579e-03 4.205999895930e-03 3.847243729979e-03 3.599444171414e-03 3.840891877189e-03 4.253645893186e-03 5.104843527079e-03 5.232920870185e-03 4.736833740026e-03 4.057584796101e-03 3.719871165231e-03 4.134903661907e-03 6.099967751652e-03 7.691130507737e-03 9.750047698617e-03
1.598138711415e-03 2.786135766655e-03 3.406707430258e-03 3.586135804653e-03 3.592193126678e-03 3.575580194592e-03 3.543331986293e-03 3.466367023066e-03 3.398566273972e-03 3.321921220049e-03 3.115570172668e-03 3.275273134932e-03 3.613430075347e-03 4.623135086149e-03 5.202961154282e-03 5.440107081085e-03 5.240880884230e-03 4.655079450458e-03 3.442369168624e-03 2.707677660510e-03 3.253643866628e-03 3.375658066943e-03 2.661775331944e-03 1.971784979105e-03 1.735609024763e-03 1.909083919600e-03 2.450091997162e-03 2.945627551526e-03 3.497831523418e-03 3.765303408727e-03 3.563168924302e-03 3.183439373970e-03 3.693368518725e-03 4.470747429878e-03 5.336798727512e-03 5.164698697627e-03 4.290579352528e-03 3.403525799513e-03 3.769411239773e-03 4.221493378282e-03 6.318510975689e-03 7.843128405511e-03 9.187523275614e-03
7.496288162656e-04 1.397383050062e-03 1.812666188926e-03 2.002313267440e-03 2.075950149447e-03 2.136148046702e-03 2.193653956056e-03 2.235774416476e-03 2.301647793502e-03 2.367504639551e-03 2.319355029613e-03 2.179913921282e-03 2.234058687463e-03 2.967312699184e-03 3.493916941807e-03 3.681507660076e-03 3.352486994117e-03 2.985656494275e-03 2.524764277041e-03 2.117363736033e-03 1.734223216772e-03 1.617653644644e-03 1.334063941613e-03 1.472539384849e-03 1.738092745654e-03 1.827416708693e-03 2.032903721556e-03 2.449200255796e-03 2.960885409266e-03 3.238924080506e-03 3.190760733560e-03 3.012422239408e-03 3.690457204357e-03 4.955716431141e-03 5.759325809777e-03 5.199408158660e-03 3.900063922629e-03 3.347153775394e-03 3.863296937197e-03 4.573940299451e-03 6.141236051917e-03 6.868237629533e-03 7.920595817268e-03
5.169218638912e-04 8.706892258488e-04 1.081436173990e-03 1.227907952853e-03 1.321215298958e-03 1.402593567036e-03 1.480640494265e-03 1.545773237012e-03 1.623579883017e-03 1.703195157461e-03 1.713578240015e-03 1.658331835642e-03 1.595024019480e-03 1.538266427815e-03 1.554637565278e-03 1.763072679751e-03 1.859232783318e-03 1.833975897171e-03 1.682734349743e-03 1.605464378372e-03 1.379478373565e-03 1.294152927585e-03 1.133295125328e-03 1.500381622463e-03 1.851351466030e-03 2.027973532677e-03 2.014694735408e-03 2.006417838857e-03 2.445534802973e-03 2.719525713474e-03 2.784838899970e-03 2.767704660073e-03 3.749667201191e-03 5.247456487268e-03 5.790163762867e-03 4.832399077713e-03 3.415937768295e-03 3.366196062416e-03 4.040357191116e-03 4.538937937468e-03 5.255960393697e-03 6.046654190868e-03 6.208635400981e-03
4.180865944363e-04 7.122111273929e-04 8.979590493254e-04 9.876228868961e-04 1.051458762959e-03 1.105542061850e-03 1.145235961303e-03 1.152639393695e-03 1.189179485664e-03 1.234822673723e-03 1.244475599378e-03 1.223659841344e-03 1.202804734930e-03 1.175204641186e-03 1.222728635184e-03 1.404831069522e-03 1.493139541708e-03 1.473157783039e-03 1.362170907669e-03 1.273100613616e-03 1.340372487903e-03 1.301257754676e-03 1.124709146097e-03 1.498208730482e-03 1.892638858408e-03 2.133141038939e-03 2.159951953217e-03 2.089283196256e-03 2.152971923351e-03 2.359170233831e-03 2.456592861563e-03 2.567069139332e-03 3.732842160389e-03 5.137542728335e-03 5.289643071592e-03 4.159911535680e-03 3.162000328302e-03 3.473158692941e-03 4.233066923916e-03 4.473064094782e-03 4.660317674279e-03 5.038811825216e-03 4.626833368093e-03
4.017117898911e-04 6.435580435209e-04 8.165552862920e-04 8.964752196334e-04 9.308431763202e-04 9.602223290130e-04 9.704924887046e-04 9.554256103002e-04 9.596624295227e-04 9.716669446789e-04 9.808730101213e-04 1.018043491058e-03 1.047346508130e-03 1.071050530300e-03 1.099209883250e-03 1.141200773418e-03 1.220071688294e-03 1.237305463292e-03 1.248993095942e-03 1.195745076984e-03 1.231585280038e-03 1.287058927119e-03 1.142563996837e-03 1.419005449861e-03 1.795679563656e-03 2.045952016488e-03 2.088642213494e-03 2.053113188595e-03 2.165247686207e-03 2.227596472949e-03 2.269218675792e-03 2.404673025012e-03 3.504731925204e-03 4.616129212081e-03 4.483892116696e-03 3.577566239983e-03 3.093616571277e-03 3.725162474439e-03 4.287351388484e-03 4.185435827821e-03 4.055764060467e-03 4.088207613677e-03 3.768496913835e-03
3.763735003304e-04 5.975151434541e-04 7.498790509999e-04 8.175101829693e-04 8.463335689157e-04 8.674304699525e-04 8.694892167114e-04 8.502450655214e-04 8.526422316208e-04 9.168628603220e-04 9.720905218273e-04 1.021804055199e-03 1.065719174221e-03 1.102549489588e-03 1.135881524533e-03 1.168124726973e-03 1.191896386445e-03 1.195461140014e-03 1.171564683318e-03 1.136989798397e-03 1.139603788033e-03 1.242435537279e-03 1.174372038804e-03 1.286489772610e-03 1.605930388905e-03 1.827756990679e-03 2.124407561496e-03 2.318282611668e-03 2.326334826648e-03 2.250582212582e-03 2.200112445280e-03 2.260761335492e-03 3.083750139922e-03 3.849847009405e-03 3.686858573928e-03 3.193588461727e-03 3.342263400555e-03 3.791798604652e-03 4.055566154420e-03 3.679379820824e-03 3.399330889806e-03 3.229781519622e-03 3.224602201954e-03
3.471891977824e-04 5.502588464878e-04 6.894469261169e-04 7.539518992417e-04 7.810602546670e-04 7.925236714073e-04 7.863864884712e-04 7.963116513565e-04 8.003631373867e-04 8.679301827215e-04 9.295405470766e-04 9.872179944068e-04 1.040147151798e-03 1.084431773052e-03 1.118672545999e-03 1.140817534178e-03 1.143455505371e-03 1.234939903952e-03 1.261122641154e-03 1.170592382550e-03 1.065874705091e-03 1.140436972491e-03 1.163761713542e-03 1.155133475550e-03 1.411851728335e-03 1.596048008651e-03 1.938172033988e-03 2.251495840028e-03 2.325093140826e-03 2.248367760330e-03 2.156704897061e-03 2.134396694601e-03 2.463919110596e-03 2.989957574755e-03 2.934633055702e-03 2.711681416258e-03 2.890506293625e-03 3.213024232537e-03 3.323566168547e-03 2.892412943766e-03 2.665624953806e-03 2.471361309290e-03 2.430317923427e-03
3.225972468499e-04 5.121301510371e-04 6.442574667744e-04 7.084442768246e-04 7.318130810745e-04 7.330317166634e-04 7.210553158075e-04 7.384929922409e-04 7.654651999474e-04 7.925041136332e-04 8.452453184873e-04 9.050883236341e-04 9.604456718080e-04 1.007014652714e-03 1.040632370859e-03 1.082839560695e-03 1.188409165479e-03 1.337627531029e-03 1.403741654940e-03 1.365931588225e-03 1.250490080565e-03 1.112632802688e-03 1.144421170466e-03 1.158746541478e-03 1.256454270333e-03 1.404501730576e-03 1.447906834073e-03 1.752930111252e-03 1.983086345717e-03 2.052879659459e-03 2.027723006904e-03 2.059383317828e-03 2.122431527823e-03 2.192691667005e-03 2.178957918659e-03 2.106799511239e-03 2.222375245765e-03 2.591931493953e-03 2.756937639788e-03 2.264639362693e-03 2.020566724241e-03 1.804161234759e-03 1.987775322050e-03
3.048057551496e-04 4.853084683418e-04 6.128775421530e-04 6.737003568560e-04 6.897901766934e-04 6.840438582003e-04 6.719812517986e-04 6.691710441373e-04 7.055619498715e-04 7.332711247727e-04 7.396341534331e-04 7.928820559755e-04 8.462677942589e-04 8.919922984205e-04 9.309832821600e-04 1.034632208757e-03 1.209286041558e-03 1.379641820677e-03 1.495266449638e-03 1.530280802399e-03 1.488694455475e-03 1.400337438099e-03 1.293787383474e-03 1.195743563585e-03 1.137256738730e-03 1.268351217732e-03 1.282145152800e-03 1.235321164131e-03 1.512827118859e-03 1.735447556712e-03 1.882441807538e-03 1.990900374949e-03 2.056869678199e-03 1.990640768781e-03 1.785129541531e-03 1.743125729263e-03 1.959890360013e-03 2.459131879732e-03 2.848452655599e-03 2.556843450293e-03 1.881495350972e-03 1.684171031229e-03 1.913331449032e-03
2.983598096762e-04 4.742986930069e-04 5.967380129732e-04 6.504386547022e-04 6.587950629182e-04 6.492713000625e-04 6.443284801207e-04 6.530812243000e-04 6.489402730949e-04 6.605172529817e-04 6.792446365580e-04 7.309259963222e-04 8.062181295827e-04 8.846003329381e-04 9.543563355692e-04 1.058442401700e-03 1.230378751643e-03 1.404610811733e-03 1.561524230056e-03 1.658897614107e-03 1.675905892625e-03 1.634844113141e-03 1.564635196701e-03 1.493008574471e-03 1.451103948057e-03 1.424138317816e-03 1.372136757709e-03 1.294180401601e-03 1.497780787759e-03 1.679740031250e-03 1.815648400225e-03 1.939543988556e-03 2.005000831559e-03 1.872999942861e-03 1.781387487426e-03 1.826876774430e-03 1.974719110876e-03 2.376202493906e-03 2.743504941463e-03 2.486756769940e-03 1.920671318658e-03 1.677499036305e-03 1.907876459882e-03
3.033891262021e-04 4.798029840458e-04 5.982801085338e-04 6.453057285398e-04 6.479481817223e-04 6.346272421069e-04 6.344020948745e-04 6.399623816833e-04 6.541193579324e-04 6.577338208444e-04 6.851672660559e-04 7.559055229649e-04 8.253756095655e-04 8.918521925807e-04 9.460712317377e-04 1.090259640478e-03 1.285137725063e-03 1.469551469199e-03 1.647890661843e-03 1.777328550816e-03 1.819762983359e-03 1.793007249944e-03 1.726881833747e-03 1.644599949941e-03 1.576911192387e-03 1.509710098617e-03 1.396948937327e-03 1.278993440792e-03 1.467416062951e-03 1.625923905522e-03 1.761994673871e-03 1.893082517199e-03 1.936538494192e-03 1.780004822649e-03 1.806580345146e-03 1.856624847278e-03 2.019411884248e-03 2.303444780409e-03 2.478717360646e-03 2.178460126743e-03 1.783276093192e-03 1.557502429932e-03 1.770905219018e-03
3.112591803074e-04 4.907388938591e-04 6.073925760575e-04 6.504663033411e-04 6.497418507934e-04 6.478346767835e-04 6.754164351150e-04 6.946927751414e-04 7.057048496790e-04 7.075016037561e-04 7.013540598564e-04 7.274335366674e-04 8.116533863358e-04 9.081420139410e-04 9.394098306075e-04 1.068777404726e-03 1.315758097917e-03 1.528995926492e-03 1.698006875813e-03 1.804301515222e-03 1.827892265283e-03 1.778793637641e-03 1.686921226792e-03 1.579258474521e-03 1.478298567235e-03 1.376535277814e-03 1.232615206391e-03 1.277761301026e-03 1.439662417397e-03 1.582515309565e-03 1.712535158731e-03 1.820923644118e-03 1.821546349674e-03 1.678473548964e-03 1.843229751103e-03 2.310498850420e-03 2.187459031120e-03 2.280142391101e-03 2.195851644501e-03 1.839059870690e-03 1.613981206901e-03 1.416612183675e-03 1.606924692169e-03
3.069262893405e-04 4.823308263440e-04 5.934705259278e-04 6.332267075777e-04 6.322243716568e-04 6.505165365525e-04 6.683749379590e-04 6.771503249183e-04 6.795048248023e-04 6.755467038602e-04 6.723321857862e-04 7.545847911388e-04 8.781190845184e-04 9.834498632699e-04 1.014998066239e-03 9.930991800502e-04 1.258463016711e-03 1.476624980569e-03 1.599542913027e-03 1.642513088882e-03 1.619252143428e-03 1.531317131594e-03 1.414454425685e-03 1.313207438216e-03 1.231204951182e-03 1.142923836596e-03 1.142817316577e-03 1.267480431125e-03 1.410607830621e-03 1.539018354379e-03 1.650967518799e-03 1.713009434752e-03 1.665401621722e-03 1.609899802133e-03 1.919565722346e-03 2.059394260868e-03 2.089567249641e-03 2.290797885507e-03 2.220734022558e-03 1.820597331971e-03 1.569009618834e-03 1.442257314920e-03 1.559931901284e-03
2.810583682731e-04 4.388621600810e-04 5.367760313675e-04 5.712995771319e-04 6.029305513948e-04 6.291713798419e-04 6.178573239595e-04 5.964642041363e-04 5.895834183320e-04 6.274279439822e-04 6.851084763184e-04 7.920922944322e-04 9.363375720568e-04 1.045469660312e-03 1.076006097719e-03 1.058190246113e-03 1.152220531367e-03 1.337735913694e-03 1.407048082910e-03 1.391255063936e-03 1.321612740867e-03 1.199063728563e-03 1.149222021922e-03 1.360406400636e-03 1.379140419886e-03 1.321582705714e-03 1.294208457693e-03 1.298776944168e-03 1.371679361910e-03 1.483372761868e-03 1.561331213452e-03 1.563794678077e-03 1.468793372624e-03 1.487155444920e-03 1.746765454300e-03 2.470697043464e-03 2.133544534445e-03 2.990717068315e-03 2.653968054801e-03 2.229613484815e-03 1.890035695396e-03 1.556057948619e-03 1.756525482051e-03
2.895331126638e-04 4.267858748790e-04 5.237421137281e-04 6.050065276213e-04 6.666240515187e-04 6.811908679083e-04 6.613968871534e-04 6.240773946047e-04 5.805746768601e-04 6.336055812426e-04 7.022140198387e-04 8.319793851115e-04 9.916241979226e-04 1.102803624235e-03 1.132878125645e-03 1.115306164138e-03 1.057768473402e-03 1.218153629452e-03 1.264879014343e-03 1.336018438451e-03 1.816410920583e-03 1.666343421675e-03 1.247871317901e-03 1.419143518433e-03 1.377336913720e-03 1.268375432119e-03 1.204143394716e-03 1.210076501593e-03 1.324799959548e-03 1.410912489519e-03 1.440827385522e-03 1.384568749927e-03 1.259038574062e-03 1.336300163530e-03 1.481283805333e-03 2.196380635723e-03 2.756383270025e-03 4.344918765128e-03 4.018454812467e-03 2.642313018441e-03 2.012165263295e-03 1.853959751315e-03 2.289534779266e-03
