100/SI/f201.grd
DSAA
101	101
32.816463539100	34.260883539100
35.556306596100	36.727886596100
1.111508230679e-03	3.905159378052e+01
[rows 19 to 37 of 101, columns 0 to 42 of 101]
1.107276231050e-02 2.255467325449e-02 2.891221642494e-02 3.050407394767e-02 3.383334726095e-02 2.934995479882e-02 2.099556475878e-02 2.159134298563e-02 2.596428617835e-02 4.014672338963e-02 5.754485353827e-02 6.871753185987e-02 5.398474261165e-02 5.328848212957e-02 5.360857397318e-02 5.204198136926e-02 4.960676655173e-02 4.592463374138e-02 4.032569006085e-02 3.529704734683e-02 3.205436095595e-02 5.012027174234e-02 5.774413421750e-02 4.920678958297e-02 4.349288716912e-02 6.066413968801e-02 5.846210941672e-02 5.179006233811e-02 5.013301596045e-02 5.336922034621e-02 6.314504891634e-02 8.098132163286e-02 1.066046729684e-01 1.067621111870e-01 6.048939749599e-02 7.337042689323e-02 4.018652811646e-02 3.628368675709e-02 3.625609725714e-02 4.319915547967e-02 6.240349635482e-02 1.418904066086e-01 6.868080049753e-02
8.731840178370e-03 1.830765977502e-02 2.471262589097e-02 2.709378488362e-02 2.941556461155e-02 3.483320772648e-02 3.215242177248e-02 2.134467661381e-02 2.433714643121e-02 3.487379848957e-02 4.994161054492e-02 6.256427615881e-02 5.406381562352e-02 4.776630550623e-02 5.142976716161e-02 5.300344899297e-02 5.296120792627e-02 5.075294151902e-02 5.112882331014e-02 4.096046462655e-02 3.683722019196e-02 7.011108100414e-02 7.549839466810e-02 6.448780000210e-02 6.176103278995e-02 5.343600362539e-02 4.742113128304e-02 4.051592573524e-02 3.962992876768e-02 4.151652380824e-02 4.576690122485e-02 5.442363768816e-02 6.911903619766e-02 7.604558020830e-02 6.404300034046e-02 5.095548555255e-02 4.406329244375e-02 4.128764569759e-02 3.690244257450e-02 5.039365962148e-02 7.726105302572e-02 1.204615086317e-01 1.004468277097e-01
8.185064420104e-03 1.571740210056e-02 1.881346665323e-02 2.164346911013e-02 2.047315426171e-02 2.675181813538e-02 3.299218416214e-02 3.275910392404e-02 2.446060627699e-02 3.089960850775e-02 4.403367266059e-02 5.675434321165e-02 5.332637205720e-02 3.845681995153e-02 4.362788051367e-02 4.748211428523e-02 5.008159577847e-02 5.098649486899e-02 7.423226535320e-02 4.797498881817e-02 4.802995547652e-02 8.506493270397e-02 8.982828259468e-02 8.340788632631e-02 7.318618148565e-02 6.451104581356e-02 4.765992239118e-02 3.848127648234e-02 3.916716948152e-02 3.633828461170e-02 3.807931393385e-02 4.338106513023e-02 5.240096896887e-02 5.520980432630e-02 5.422743409872e-02 5.462793260813e-02 4.422193393111e-02 4.599111527205e-02 4.185288026929e-02 5.715322121978e-02 9.004706889391e-02 8.679383248091e-02 1.322469115257e-01
9.662690572441e-03 1.741421781480e-02 1.775687001646e-02 1.735601574183e-02 1.792956702411e-02 1.893567666411e-02 2.358254790306e-02 3.027927875519e-02 3.210954740644e-02 4.036717489362e-02 5.137737840414e-02 6.447186321020e-02 7.226381450891e-02 6.238381937146e-02 3.938140720129e-02 3.786436840892e-02 4.205871373415e-02 4.811936616898e-02 8.095051348209e-02 5.423536524177e-02 5.293087661266e-02 9.222021698952e-02 9.750645607710e-02 9.359050542116e-02 7.281205058098e-02 7.361173629761e-02 6.320710480213e-02 5.811869725585e-02 5.945324897766e-02 5.427709594369e-02 4.762793332338e-02 4.357298091054e-02 5.025643110275e-02 4.943458735943e-02 5.103715136647e-02 5.237561091781e-02 5.969535186887e-02 4.600080102682e-02 4.916795343161e-02 6.290380656719e-02 1.003321334720e-01 8.703467994928e-02 1.530834436417e-01
9.710905142128e-03 1.988470181823e-02 2.450474165380e-02 2.117537148297e-02 1.878186129034e-02 2.543799765408e-02 2.781102433801e-02 2.943485043943e-02 3.267844021320e-02 3.791170194745e-02 4.569574072957e-02 5.204926803708e-02 5.321801826358e-02 4.540533199906e-02 3.625478968024e-02 3.684942051768e-02 4.605605825782e-02 6.662240624428e-02 8.805167675018e-02 5.403320118785e-02 4.995082318783e-02 9.288451820612e-02 9.706425666809e-02 8.960016071796e-02 7.201843708754e-02 7.337322086096e-02 7.167419046164e-02 7.846453785896e-02 7.993309944868e-02 7.348393648863e-02 6.699943542480e-02 1.058513224125e-01 9.843002259731e-02 6.668551266193e-02 5.376780778170e-02 5.737777799368e-02 6.679528951645e-02 4.347899556160e-02 5.000220239162e-02 6.660241633654e-02 1.061425730586e-01 8.820143342018e-02 1.562766283751e-01
1.458419859409e-02 2.061955817044e-02 2.667810581625e-02 2.878861688077e-02 2.517404966056e-02 2.921360358596e-02 2.491214126348e-02 2.462034486234e-02 2.553122676909e-02 2.671694010496e-02 3.088964894414e-02 3.546879068017e-02 4.321882128716e-02 4.674155265093e-02 4.718423262239e-02 4.215944558382e-02 5.088545382023e-02 7.626468688250e-02 8.659426122904e-02 4.926038533449e-02 5.683622509241e-02 1.016801893711e-01 9.187557548285e-02 7.615453004837e-02 7.198716700077e-02 6.994999200106e-02 8.293357491493e-02 9.362547099590e-02 9.438917785883e-02 8.673960715532e-02 8.107964694500e-02 1.370143443346e-01 2.032098472118e-01 1.920230537653e-01 1.723141074181e-01 1.627758145332e-01 1.672486811876e-01 7.535678148270e-02 5.194445699453e-02 6.800208985806e-02 1.087580472231e-01 8.518806099892e-02 1.385900378227e-01
1.838814280927e-02 3.434243053198e-02 3.543312847614e-02 3.105045855045e-02 3.181108832359e-02 2.548917010427e-02 2.018914930522e-02 2.125674299896e-02 2.994731999934e-02 3.883697092533e-02 4.652009159327e-02 5.184683576226e-02 5.332479625940e-02 5.472299829125e-02 5.232068896294e-02 4.683164134622e-02 5.262162163854e-02 7.418987154961e-02 7.257359474897e-02 4.172009229660e-02 4.399002715945e-02 9.145949780941e-02 1.152234971523e-01 1.155642196536e-01 9.523952007294e-02 7.895585149527e-02 9.013485163450e-02 9.840169548988e-02 1.010203734040e-01 8.966241031885e-02 8.410587161779e-02 8.850106596947e-02 1.653927117586e-01 1.793693304062e-01 1.958772838116e-01 2.347432672977e-01 2.902116477489e-01 1.757220774889e-01 5.656249448657e-02 8.611664175987e-02 1.070575118065e-01 7.959663122892e-02 1.042500883341e-01
1.707925461233e-02 3.699693456292e-02 4.296621307731e-02 5.091690272093e-02 5.578847229481e-02 4.834510758519e-02 2.706176787615e-02 3.651836887002e-02 4.994096979499e-02 5.821922421455e-02 5.955901369452e-02 5.606184527278e-02 4.938506707549e-02 5.569768324494e-02 6.327124685049e-02 6.598147749901e-02 6.032235547900e-02 5.674583464861e-02 4.949992895126e-02 3.518070280552e-02 3.992652148008e-02 5.406820029020e-02 8.962824195623e-02 1.638413816690e-01 1.971541643143e-01 1.702860891819e-01 1.201787516475e-01 1.282527744770e-01 1.284215450287e-01 1.129658222198e-01 1.042327880859e-01 9.122945368290e-02 1.345913410187e-01 2.421557605267e-01 3.525803685188e-01 2.867305576801e-01 1.969221085310e-01 1.479320675135e-01 8.146775513887e-02 8.604295551777e-02 1.024899706244e-01 7.412657141685e-02 7.701727002859e-02
1.536440942436e-02 2.768995426595e-02 2.824414707720e-02 3.494901955128e-02 4.573188722134e-02 6.022072210908e-02 6.796331703663e-02 5.478158965707e-02 6.410539150238e-02 6.333599239588e-02 5.616716668010e-02 4.749179258943e-02 3.925599902868e-02 5.393204838037e-02 6.943576782942e-02 7.936476171017e-02 7.847652584314e-02 6.781452149153e-02 5.299731716514e-02 4.204012453556e-02 4.610773921013e-02 5.097683519125e-02 5.793042480946e-02 9.456095844507e-02 1.557288765907e-01 2.008085548878e-01 1.920828372240e-01 1.481604427099e-01 1.360601484776e-01 1.383242160082e-01 1.492464244366e-01 1.848610639572e-01 2.470319420099e-01 3.756212890148e-01 4.405313730240e-01 2.948176264763e-01 1.365975737572e-01 9.869645535946e-02 1.037335768342e-01 7.745799422264e-02 1.261135190725e-01 1.013142094016e-01 1.650336235762e-01
1.082515716553e-02 1.697218231857e-02 1.891650073230e-02 2.142926864326e-02 2.484928630292e-02 3.127992525697e-02 4.707546532154e-02 6.366711109877e-02 6.326165795326e-02 5.203149467707e-02 4.485590383410e-02 4.550692439079e-02 4.254416748881e-02 4.196248576045e-02 5.179265886545e-02 6.230670586228e-02 6.605887413025e-02 6.211015582085e-02 6.066430732608e-02 5.968068912625e-02 4.700380563736e-02 5.890867486596e-02 7.324556261301e-02 5.854203179479e-02 8.173225820065e-02 1.128401085734e-01 1.655549705029e-01 1.759740561247e-01 1.360407918692e-01 1.423537731171e-01 1.671501398087e-01 2.137396037579e-01 2.676286995411e-01 3.477917611599e-01 3.333887755871e-01 1.924427300692e-01 1.679105311632e-01 1.414391398430e-01 1.316006183624e-01 1.155942156911e-01 1.326861381531e-01 1.660260260105e-01 2.364175170660e-01
7.677547167987e-03 1.417144667357e-02 1.788578741252e-02 2.191779203713e-02 2.173882350326e-02 2.868139185011e-02 3.992965444922e-02 4.421496763825e-02 5.369754508138e-02 6.203648820519e-02 5.026595294476e-02 5.269172042608e-02 5.460390076041e-02 4.881014302373e-02 4.261887446046e-02 4.153316840529e-02 4.561526328325e-02 5.100834742188e-02 5.360487103462e-02 5.655356869102e-02 6.471785157919e-02 6.178022548556e-02 8.587503433228e-02 6.523484736681e-02 9.745842963457e-02 7.769390940666e-02 8.594734221697e-02 1.399239003658e-01 1.677141040564e-01 1.337734460831e-01 1.339722126722e-01 1.654888391495e-01 1.924321502447e-01 2.295856326818e-01 2.050768882036e-01 1.241792738438e-01 1.694613099098e-01 1.831748336554e-01 1.755639910698e-01 1.650226563215e-01 1.342919915915e-01 1.983629167080e-01 2.647756338120e-01
8.028921671212e-03 1.620431244373e-02 1.779114268720e-02 2.389983087778e-02 3.032156452537e-02 3.459624201059e-02 3.508888185024e-02 4.280941188335e-02 4.067150875926e-02 4.750218987465e-02 6.075631082058e-02 5.473469197750e-02 5.776297673583e-02 5.608589202166e-02 4.819352924824e-02 4.661798104644e-02 4.442609846592e-02 4.791599884629e-02 4.700320959091e-02 4.843844473362e-02 5.034970864654e-02 5.833920836449e-02 9.688109904528e-02 6.798289716244e-02 8.343853056431e-02 1.124390363693e-01 1.349788755178e-01 1.490747034550e-01 1.416122913361e-01 1.924820244312e-01 1.630857139826e-01 1.227614581585e-01 1.293052881956e-01 1.529163122177e-01 1.418782770634e-01 1.063860282302e-01 1.405823677778e-01 1.921842843294e-01 1.947903335094e-01 1.929659992456e-01 1.646934300661e-01 1.977192312479e-01 2.536898851395e-01
1.089056394994e-02 2.094354480505e-02 2.722297236323e-02 3.179483115673e-02 3.341130912304e-02 3.282473981380e-02 3.036912903190e-02 3.243519365788e-02 4.109076783061e-02 3.891853615642e-02 4.294750094414e-02 6.078574433923e-02 5.895027145743e-02 5.790185555816e-02 5.322128534317e-02 5.184218659997e-02 5.079644918442e-02 4.773784801364e-02 6.466357409954e-02 7.433827966452e-02 7.159890979528e-02 6.083747744560e-02 1.074863821268e-01 6.940854340792e-02 1.177963390946e-01 1.736272424459e-01 2.037591487169e-01 1.948201209307e-01 1.415132582188e-01 1.761178374290e-01 2.253040522337e-01 1.290869116783e-01 1.013002842665e-01 1.243163049221e-01 1.159897744656e-01 9.961050003767e-02 1.227949783206e-01 1.581274271011e-01 2.107819616795e-01 1.985376775265e-01 2.022173851728e-01 1.846532672644e-01 2.207560092211e-01
1.348559465259e-02 2.871646545827e-02 3.174598515034e-02 3.181565925479e-02 3.010387904942e-02 3.069405630231e-02 2.860439382493e-02 4.018739610910e-02 5.372491851449e-02 5.568426847458e-02 4.326424002647e-02 3.733546659350e-02 5.952642112970e-02 6.234357878566e-02 5.742138251662e-02 5.515436828136e-02 5.775980278850e-02 6.023967638612e-02 4.829896241426e-02 9.856031090021e-02 8.942084759474e-02 9.680180996656e-02 1.475280672312e-01 9.442216902971e-02 1.204610317945e-01 1.719178110361e-01 2.334857136011e-01 2.733595967293e-01 2.292252629995e-01 1.726473718882e-01 2.173015326262e-01 2.219445854425e-01 1.042330712080e-01 1.481983959675e-01 9.934343397617e-02 8.296984434128e-02 9.215380996466e-02 1.319318115711e-01 1.772799342871e-01 2.221046537161e-01 4.110254049301e-01 2.082751542330e-01 2.221664935350e-01
2.297388948500e-02 3.518092259765e-02 2.983141876757e-02 2.720273658633e-02 2.368669956923e-02 3.295972943306e-02 4.116068035364e-02 4.547358676791e-02 6.201177090406e-02 8.099281787872e-02 8.858221024275e-02 7.487414777279e-02 4.679101333022e-02 5.934531241655e-02 6.403163820505e-02 5.779864266515e-02 6.185330450535e-02 6.159754842520e-02 6.791232526302e-02 9.438544511795e-02 1.004476621747e-01 9.159805625677e-02 1.725155860186e-01 1.387805193663e-01 1.035448014736e-01 1.474418640137e-01 2.283304184675e-01 3.191127479076e-01 3.028619885445e-01 1.879868209362e-01 2.043483704329e-01 2.405003458261e-01 1.929563581944e-01 1.589539796114e-01 1.014929562807e-01 8.285916596651e-02 9.048189967871e-02 1.063881963491e-01 1.708307415247e-01 2.177648395300e-01 5.956270098686e-01 4.825845360756e-01 2.493680268526e-01
5.278627201915e-02 8.750985562801e-02 7.580459862947e-02 5.709861218929e-02 4.064060002565e-02 2.913558483124e-02 3.948721289635e-02 5.345176532865e-02 6.371019035578e-02 8.044885098934e-02 1.033140718937e-01 1.161813065410e-01 1.088588610291e-01 7.997845858335e-02 6.116811558604e-02 6.397629529238e-02 6.071588397026e-02 1.170600205660e-01 1.240702718496e-01 9.918434917927e-02 7.058686017990e-02 8.286898583174e-02 1.883699446917e-01 1.591451317072e-01 1.126495823264e-01 1.114514991641e-01 1.637484431267e-01 2.590533792973e-01 3.310077786446e-01 2.338507324457e-01 1.763908714056e-01 2.202765792608e-01 2.616008222103e-01 1.725135594606e-01 1.341367363930e-01 1.256957054138e-01 9.202662855387e-02 1.061712950468e-01 1.636506766081e-01 3.611239790916e-01 6.330581903458e-01 7.478294968605e-01 2.896232604980e-01
8.407975733280e-02 1.481235474348e-01 1.445997506380e-01 1.243150457740e-01 1.015149727464e-01 7.906614243984e-02 5.884813517332e-02 4.161217436194e-02 5.479876324534e-02 6.917452812195e-02 8.993694186211e-02 1.109196916223e-01 1.298391520977e-01 1.376770734787e-01 1.210796386003e-01 8.035463094711e-02 8.565063774586e-02 1.430474668741e-01 1.697859466076e-01 1.775397956371e-01 1.756881177425e-01 1.646890342236e-01 1.974380314350e-01 1.581640243530e-01 1.027615070343e-01 7.709982991219e-02 1.096519529819e-01 1.955548524857e-01 2.791008353233e-01 2.101117670536e-01 1.176012083888e-01 1.905972212553e-01 2.251984179020e-01 2.975416183472e-01 1.358323693275e-01 1.169591397047e-01 1.495083272457e-01 1.396882534027e-01 2.315646260977e-01 4.623120427132e-01 5.056709051132e-01 9.002817869186e-01 3.184739053249e-01
9.418274462223e-02 1.753187477589e-01 1.908554136753e-01 1.861470639706e-01 1.728348731995e-01 1.546188741922e-01 1.320115327835e-01 1.065514460206e-01 8.174689114094e-02 5.946305394173e-02 7.152417302132e-02 8.866922557354e-02 1.090181916952e-01 1.323392838240e-01 1.537805646658e-01 1.583911329508e-01 1.309166699648e-01 7.811100780964e-02 8.731406927109e-02 1.536344289780e-01 1.311026662588e-01 1.502156704664e-01 1.978233158588e-01 2.917133271694e-01 1.656151562929e-01 1.269581466913e-01 9.413932263851e-02 1.273492276669e-01 1.788648515940e-01 1.547428816557e-01 1.159483194351e-01 1.269163042307e-01 1.910784840584e-01 2.145313173532e-01 3.154922425747e-01 1.179330125451e-01 1.425403207541e-01 1.579843610525e-01 3.092429041862e-01 4.874269962311e-01 5.668323040009e-01 7.465440034866e-01 4.395448267460e-01
8.031729608774e-02 1.570111662149e-01 1.870842427015e-01 1.998052895069e-01 2.026861757040e-01 2.022366672754e-01 1.963555961847e-01 1.807947605848e-01 1.587343811989e-01 1.332948803902e-01 1.055755913258e-01 7.878874987364e-02 8.239064365625e-02 1.006964072585e-01 1.254495531321e-01 1.562063246965e-01 1.844711303711e-01 1.644779443741e-01 1.503936350346e-01 1.807664036751e-01 1.741452962160e-01 1.434226334095e-01 1.618059575558e-01 3.322167992592e-01 2.918709516525e-01 1.378971785307e-01 1.485318392515e-01 1.542118489742e-01 1.542127281427e-01 1.906634718180e-01 1.768780648708e-01 1.334524601698e-01 1.252401769161e-01 1.770939677954e-01 1.956860274076e-01 3.156598210335e-01 1.530115306377e-01 2.183549702168e-01 3.639001846313e-01 4.864726662636e-01 6.007136702538e-01 6.094515919685e-01 5.575961470604e-01
