100/SI/f201.grd
DSAA
101	101
32.816463539100	34.260883539100
35.556306596100	36.727886596100
1.111508230679e-03	3.905159378052e+01
[rows 38 to 56 of 101, columns 0 to 42 of 101]
4.998841881752e-02 9.907460957766e-02 1.271593123674e-01 1.477844268084e-01 1.671922355890e-01 1.843425333500e-01 1.968617439270e-01 2.016904950142e-01 1.974047571421e-01 1.913068592548e-01 1.746123880148e-01 1.498894095421e-01 1.220745220780e-01 9.469473361969e-02 8.768821507692e-02 1.119468212128e-01 1.477250605822e-01 1.737442165613e-01 1.359478235245e-01 1.740088313818e-01 2.106091827154e-01 2.162967324257e-01 1.662799268961e-01 1.227370351553e-01 1.849901378155e-01 1.641578525305e-01 1.426663249731e-01 1.425030976534e-01 1.849858760834e-01 2.376405745745e-01 2.768795490265e-01 3.241728842258e-01 3.862718939781e-01 4.617665112019e-01 4.353851675987e-01 2.100128084421e-01 3.148009479046e-01 3.475809693336e-01 4.371910691261e-01 5.477546453476e-01 6.569908857346e-01 6.410045623779e-01 3.967583477497e-01
3.353507444263e-02 5.972496420145e-02 7.052667438984e-02 8.430348336697e-02 1.006347760558e-01 1.195646002889e-01 1.410482525826e-01 1.628566980362e-01 1.816465556622e-01 1.946100294590e-01 1.972590833902e-01 1.884051561356e-01 1.754734367132e-01 1.570403277874e-01 1.332764476538e-01 1.068580970168e-01 8.346160501242e-02 1.035712957382e-01 1.111583337188e-01 1.667767614126e-01 1.824690252542e-01 1.656288206577e-01 1.643956303596e-01 1.722849160433e-01 1.721893697977e-01 1.507219821215e-01 1.276991963387e-01 1.201287880540e-01 1.965979933739e-01 1.793670952320e-01 1.320506632328e-01 1.679475903511e-01 1.961328089237e-01 2.622217833996e-01 4.258283376694e-01 3.848716318607e-01 2.327387630939e-01 4.440006613731e-01 5.419760942459e-01 6.109838485718e-01 5.935158729553e-01 4.541897773743e-01 3.914320766926e-01
2.404571510851e-02 4.455756768584e-02 4.871039465070e-02 5.494475737214e-02 7.277181744576e-02 8.971814066172e-02 1.090052872896e-01 1.435513496399e-01 1.557883918285e-01 1.553350538015e-01 1.568054854870e-01 1.772948503494e-01 1.906124949455e-01 1.917030960321e-01 1.800026893616e-01 1.551421433687e-01 1.366969347000e-01 1.157238185406e-01 1.170198246837e-01 2.145738750696e-01 2.553127706051e-01 2.277530133724e-01 2.800698876381e-01 2.831484973431e-01 2.338489294052e-01 1.628887951374e-01 1.311434507370e-01 1.196180880070e-01 1.838196963072e-01 1.680240780115e-01 1.428676843643e-01 1.517466455698e-01 1.776659041643e-01 2.223715782166e-01 2.535933554173e-01 3.106467723846e-01 3.192233741283e-01 2.838287651539e-01 6.684129238129e-01 6.616870760918e-01 4.956428408623e-01 4.497495889664e-01 6.078230738640e-01
4.243899881840e-02 8.844652026892e-02 1.028117835522e-01 1.057124361396e-01 9.538553655148e-02 8.450047671795e-02 8.894997835159e-02 9.896217286587e-02 9.919597208500e-02 9.392861276865e-02 8.510886877775e-02 1.057864055037e-01 1.291080117226e-01 1.533626765013e-01 1.745142489672e-01 1.863351911306e-01 1.880017518997e-01 1.755100935698e-01 1.426713615656e-01 1.090090572834e-01 1.531393975019e-01 2.079442292452e-01 1.903616487980e-01 2.201285660267e-01 2.742559015751e-01 3.269191682339e-01 3.659075200558e-01 3.562517166138e-01 3.739169239998e-01 4.083192944527e-01 4.521092772484e-01 4.139271378517e-01 3.991506397724e-01 4.546980559826e-01 3.996515274048e-01 3.690212666988e-01 3.945461511612e-01 4.146357476711e-01 3.221038579941e-01 8.027228713036e-01 4.429287910461e-01 5.912098884583e-01 6.142819523811e-01
5.325327068567e-02 1.036564409733e-01 1.163516640663e-01 8.341863006353e-02 6.805400550365e-02 9.032604843378e-02 1.114850193262e-01 1.152436584234e-01 9.089849889278e-02 5.794769525528e-02 5.955527350307e-02 6.080531701446e-02 6.440164148808e-02 8.156150579453e-02 1.036512702703e-01 1.288149356842e-01 1.537675559521e-01 1.785669475794e-01 1.901507675648e-01 1.805090904236e-01 1.515105515718e-01 1.714395135641e-01 2.189913094044e-01 2.274402678013e-01 1.888526231050e-01 2.094136178493e-01 2.786087393761e-01 4.231677949429e-01 5.707215666771e-01 5.230735540390e-01 4.655447900295e-01 3.693278729916e-01 3.621717989445e-01 6.555532217026e-01 6.988437771797e-01 6.137385368347e-01 3.540813624859e-01 5.378721356392e-01 4.741971194744e-01 4.755039811134e-01 7.136726975441e-01 6.575936675072e-01 4.737762510777e-01
1.058860868216e-01 2.055533528328e-01 1.537816524506e-01 1.168579235673e-01 1.003789156675e-01 6.957549601793e-02 8.094799518585e-02 9.129472076893e-02 9.056839346886e-02 1.019690707326e-01 8.634071797132e-02 5.345288664103e-02 5.847736448050e-02 7.011251151562e-02 7.821672409773e-02 7.241035252810e-02 7.895153760910e-02 1.028607711196e-01 1.303875446320e-01 1.577439755201e-01 1.770446002483e-01 1.788068860769e-01 1.630581617355e-01 1.344166994095e-01 1.035060659051e-01 9.159703552723e-02 1.047297269106e-01 1.397520899773e-01 1.590460836887e-01 1.492843180895e-01 1.373690664768e-01 3.043650984764e-01 4.392186105251e-01 5.917446017265e-01 4.216716885567e-01 3.915340006351e-01 3.271692097187e-01 4.204055666924e-01 3.471503555775e-01 5.639022588730e-01 6.941943168640e-01 7.122153639793e-01 7.345310449600e-01
1.347660124302e-01 6.804539561272e-01 2.738253772259e-01 5.375679135323e-01 1.428884416819e-01 1.350862383842e-01 1.839718222618e-01 1.611762344837e-01 1.053322404623e-01 6.847953051329e-02 7.618638873100e-02 8.905456215143e-02 5.580168962479e-02 5.383332446218e-02 6.311000138521e-02 7.286731153727e-02 8.080714195967e-02 7.963858544827e-02 1.658251732588e-01 2.172161489725e-01 1.110713183880e-01 1.376937776804e-01 1.601290553808e-01 1.689728945494e-01 1.650241911411e-01 1.533807516098e-01 1.392671316862e-01 1.280187815428e-01 1.420205533504e-01 1.392676085234e-01 1.721943765879e-01 1.547415554523e-01 2.500756978989e-01 5.166078805923e-01 5.028247833252e-01 3.646679818630e-01 3.796466588974e-01 5.172417163849e-01 5.136371850967e-01 4.704996943474e-01 5.387668013573e-01 6.660670042038e-01 1.078922986984e+00
1.434573829174e-01 1.288474500179e-01 1.857286989689e-01 2.189821600914e-01 2.289503514767e-01 3.008374571800e-01 3.048289418221e-01 2.698596119881e-01 2.314299196005e-01 1.962233781815e-01 1.758974641562e-01 1.539840400219e-01 1.595960408449e-01 1.354679018259e-01 1.635210663080e-01 1.749059557915e-01 1.360889524221e-01 8.292885124683e-02 1.337336540222e+00 1.433833122253e+00 9.334563463926e-02 1.496458500624e-01 1.072073280811e-01 1.028963029385e-01 1.160444915295e-01 1.358342617750e-01 1.384560167789e-01 1.544188857079e-01 1.684223264456e-01 1.740830689669e-01 2.748566567898e-01 1.861506700516e-01 1.984793543816e-01 2.761771678925e-01 3.635354936123e-01 3.827870488167e-01 5.811403393745e-01 6.083210110664e-01 4.758352637291e-01 4.596897065639e-01 5.918000936508e-01 6.723808646202e-01 5.941323041916e-01
1.302573800087e+00 2.872531414032e+00 2.269497215748e-01 2.575238645077e-01 2.710608243942e-01 2.652634084225e-01 2.423162162304e-01 2.150573730469e-01 1.892057806253e-01 1.653092801571e-01 1.502793729305e-01 1.277219057083e-01 1.017866134644e-01 7.691375166178e-02 8.255309611559e-02 1.967845708132e-01 3.952930271626e-01 3.638379275799e-01 7.319315075874e-01 8.725739121437e-01 1.456788927317e-01 1.598461568356e-01 1.407992392778e-01 1.660868376493e-01 1.100359708071e-01 1.096647083759e-01 2.530573010445e-01 2.471740543842e-01 1.865299791098e-01 2.513186931610e-01 1.853380799294e-01 3.613862693310e-01 3.261784315109e-01 4.266375005245e-01 5.084732174873e-01 2.832238376141e-01 4.304468333721e-01 5.610636472702e-01 8.490422964096e-01 6.628583669662e-01 6.271008253098e-01 5.397254228592e-01 5.988529324532e-01
3.582197129726e-01 6.004945635796e-01 4.658681526780e-02 5.654820054770e-02 6.375754624605e-02 3.509728014469e-01 8.005589246750e-01 6.567294001579e-01 3.585470914841e-01 1.121435686946e-01 9.545908868313e-02 1.082254946232e-01 1.077331975102e-01 9.254585206509e-02 4.763192236423e-01 5.404385924339e-01 2.892424762249e-01 3.394439518452e-01 5.271466374397e-01 5.451528429985e-01 9.985448122025e-01 1.687889844179e-01 2.800311446190e-01 5.497626662254e-01 4.294885098934e-01 3.540248274803e-01 2.163850516081e-01 2.022186517715e-01 3.508159220219e-01 4.099059104919e-01 4.343855381012e-01 3.929076790810e-01 7.332549691200e-01 7.827659249306e-01 6.902971267700e-01 5.259919762611e-01 4.774951338768e-01 5.017302632332e-01 6.445638537407e-01 8.353475332260e-01 1.024384260178e+00 1.309226155281e+00 1.687014460564e+00
1.921957731247e-01 3.376935124397e-01 2.838256768882e-02 2.278742380440e-02 1.799472272396e-01 6.932105422020e-01 1.350788354874e+00 1.067688584328e+00 3.930440843105e-01 3.508847579360e-02 3.338530659676e-02 3.126196190715e-02 3.407131880522e-02 3.837225213647e-02 3.994544148445e-01 2.805495858192e-01 2.355448305607e-01 2.369938790798e-01 4.086533784866e-01 1.896996051073e-01 8.277396559715e-01 5.840284824371e+00 3.665499091148e-01 8.011695742607e-01 1.976774334908e+00 1.015921115875e+00 6.365590095520e-01 5.749088525772e-01 6.024245023727e-01 6.580082178116e-01 6.221945881844e-01 9.520089626312e-01 5.307316184044e-01 6.289763450623e-01 9.929706454277e-01 1.741222858429e+00 8.604137897491e-01 4.813546240330e-01 4.205888211727e-01 5.063193440437e-01 6.440042853355e-01 7.137691974640e-01 7.416173219681e-01
1.571574658155e-01 2.260046154261e-01 2.968993410468e-02 2.082833088934e-02 2.477086707950e-02 4.024813175201e-01 8.317096233368e-01 5.117679834366e-01 3.528927862644e-01 7.393772900105e-02 2.658832073212e-02 1.234517917037e-01 1.624258905649e-01 1.411471813917e-01 1.346571892500e-01 1.929928362370e-01 2.567216157913e-01 2.695742845535e-01 4.481070935726e-01 3.968451917171e-01 3.444007933140e-01 6.711871027946e-01 2.228096425533e-01 4.876936078072e-01 1.875363349915e+00 6.895669698715e-01 1.922860503197e+00 1.472690701485e+00 3.442664146423e-01 8.093918561935e-01 2.816373825073e+00 3.889382839203e+00 4.083106040955e+00 9.086803793907e-01 1.399367690086e+00 1.317934274673e+00 1.209999203682e+00 7.844958901405e-01 6.290354728699e-01 6.384534835815e-01 1.263946890831e+00 9.155559539795e-01 6.917413473129e-01
4.656710848212e-02 1.393118351698e-01 8.020018786192e-02 4.772668331861e-02 3.437674418092e-02 1.508142333478e-02 7.982294261456e-02 8.534687012434e-02 9.524211287498e-02 9.355158358812e-02 6.908276677132e-02 1.321009993553e-01 1.576596051455e-01 1.955408453941e-01 1.686379462481e-01 1.310881674290e-01 1.697594970465e-01 2.587124705315e-01 3.728638887405e-01 2.436263859272e-01 2.338838726282e-01 2.334641218185e-01 2.857953310013e-01 5.622784495354e-01 1.291224718094e+00 1.854239463806e+00 1.542008638382e+00 1.055891275406e+00 1.229976296425e+00 3.306902945042e-01 1.758764684200e-01 1.727573424578e-01 2.811254560947e-01 4.799748361111e-01 1.464377880096e+00 1.718727493286e+01 6.254766464233e+00 3.112685441971e+00 1.807004213333e+00 1.413716793060e+00 2.077886581421e+00 2.499865770340e+00 3.748030424118e+00
4.595410451293e-02 7.507344335318e-02 8.949631452560e-02 4.851061478257e-02 3.423003479838e-02 1.565902307630e-02 7.365078479052e-02 7.541253417730e-02 7.353404909372e-02 6.825616955757e-02 8.267126977444e-02 9.913054853678e-02 1.087053865194e-01 2.068089544773e-01 1.801956892014e-01 1.476719379425e-01 1.570263952017e-01 2.210364490747e-01 3.020419478416e-01 2.751300036907e-01 1.435614526272e-01 1.648345589638e-01 2.226826995611e-01 2.308109849691e-01 5.758646726608e-01 5.577407836914e+00 1.562393665314e+00 2.791739463806e+00 1.204016327858e+00 1.988226175308e-01 1.314878612757e-01 1.226145476103e-01 1.457039862871e-01 1.846534460783e-01 2.194210141897e-01 1.181135654449e+00 1.012798690796e+01 2.035062313080e+00 6.819708347321e-01 1.846341252327e+00 1.101993322372e+00 5.659937858582e-01 7.857527136803e-01
3.492052480578e-02 6.262384355068e-02 8.458034694195e-02 9.764247387648e-02 1.017919257283e-01 9.411018341780e-02 8.386587351561e-02 7.541112601757e-02 7.313392311335e-02 6.433632969856e-02 5.832497775555e-02 7.160661369562e-02 8.026550710201e-02 8.173398673534e-02 1.446778178215e-01 1.230127662420e-01 1.217181086540e-01 1.476875841618e-01 1.768662631512e-01 1.276645213366e-01 1.314890980721e-01 1.386265009642e-01 1.253521740437e-01 1.296420097351e-01 2.344920337200e-01 1.396267056465e+00 1.435268402100e+00 4.054820239544e-01 2.098207324743e-01 1.568045020103e-01 1.186632215977e-01 9.945911914110e-02 1.183373555541e-01 1.641911417246e-01 2.041830271482e-01 5.409691333771e-01 1.932047009468e+00 9.962372779846e-01 5.759809017181e-01 1.829798966646e-01 6.693789362907e-01 5.643365979195e-01 5.057543516159e-01
5.567195639014e-02 9.370639920235e-02 1.196158900857e-01 1.344644874334e-01 1.382731199265e-01 1.323684602976e-01 1.244450733066e-01 1.121626496315e-01 9.706205874681e-02 7.959275692701e-02 5.908163636923e-02 5.265804007649e-02 5.969693511724e-02 6.209327653050e-02 1.174066439271e-01 1.113472878933e-01 1.155646294355e-01 8.060345798731e-02 1.008608490229e-01 1.373298913240e-01 1.305375546217e-01 1.238407716155e-01 1.011428683996e-01 1.148917451501e-01 1.611410230398e-01 1.240904092789e+00 9.369057416916e-01 3.165875077248e-01 2.507237493992e-01 2.141176611185e-01 1.511998474598e-01 7.915425300598e-02 6.938507407904e-02 8.587858825922e-02 1.370073109865e-01 2.118931412697e-01 1.397250145674e-01 3.516438901424e-01 2.468895912170e+00 3.616493225098e+00 2.092776298523e+00 4.778600633144e-01 3.873986303806e-01
2.785885892808e-02 5.912663787603e-02 7.363836467266e-02 8.078929036856e-02 7.845532894135e-02 7.467620819807e-02 7.207989692688e-02 6.575146317482e-02 5.791781842709e-02 5.098317936063e-02 4.790737479925e-02 4.354966431856e-02 4.786521941423e-02 4.864787682891e-02 9.090527147055e-02 1.225826740265e-01 1.182412579656e-01 7.615364342928e-02 1.504399031401e-01 1.800549477339e-01 1.529402881861e-01 1.912408471107e-01 9.087353944778e-02 7.617750763893e-02 1.303143054247e-01 4.557677805424e-01 2.397224307060e-01 2.520402967930e-01 2.429724335670e-01 2.109524458647e-01 1.384151875973e-01 8.496964722872e-02 7.499537616968e-02 8.020192384720e-02 1.104532256722e-01 2.054175138474e-01 1.492261290550e-01 4.002521336079e-01 1.791956424713e+00 1.090314984322e+00 6.576939821243e-01 3.274798393250e-01 3.112664520741e-01
2.574401162565e-02 3.766697645187e-02 4.947494715452e-02 5.413121730089e-02 5.401486530900e-02 5.144656077027e-02 4.731626063585e-02 4.462634399533e-02 4.530442506075e-02 4.127873852849e-02 4.296083375812e-02 4.613702744246e-02 4.703977331519e-02 5.041249096394e-02 9.235093742609e-02 1.068265512586e-01 6.545694172382e-02 7.754810899496e-02 1.209070235491e-01 3.211201727390e-01 1.783178001642e-01 1.901884377003e-01 1.150013729930e-01 1.251058876514e-01 1.850461512804e-01 1.635529845953e-01 1.100798487663e+00 1.921350657940e-01 1.955908834934e-01 1.748701184988e-01 9.660376608372e-02 7.616177201271e-02 7.282017171383e-02 8.133847266436e-02 1.181543171406e-01 1.825633645058e-01 2.923257648945e-01 3.608476817608e-01 5.423849225044e-01 8.053581714630e-01 5.051663517952e-01 3.035030066967e-01 3.629843294621e-01
2.075358293951e-02 3.707879409194e-02 4.965551570058e-02 5.529058724642e-02 8.717334270477e-02 5.212242901325e-02 4.914191737771e-02 5.555257573724e-02 6.138178706169e-02 6.668357551098e-02 7.141411304474e-02 7.404220849276e-02 8.117719739676e-02 8.626034110785e-02 1.701504141092e-01 1.767203807831e-01 8.833079040051e-02 7.950101792812e-02 1.032336503267e-01 3.253153860569e-01 1.635947227478e-01 2.090175747871e-01 1.361619383097e-01 1.172139048576e-01 1.389775872231e-01 2.633937895298e-01 4.777521491051e-01 2.103436887264e-01 1.822433024645e-01 1.342621594667e-01 7.337846606970e-02 6.836435198784e-02 6.948094815016e-02 8.370569348335e-02 1.270070225000e-01 1.756476312876e-01 1.992816776037e-01 2.424669414759e-01 2.980518639088e-01 3.264311254025e-01 2.958402037621e-01 2.915226519108e-01 3.677271604538e-01
