100/SI/f201.grd
DSAA
101	101
32.816463539100	34.260883539100
35.556306596100	36.727886596100
1.111508230679e-03	3.905159378052e+01
[rows 19 to 37 of 101, columns 43 to 85 of 101]
7.632537186146e-02 1.085571497679e-01 1.413344889879e-01 1.446417868137e-01 9.289035946131e-02 5.495192483068e-02 4.663104191422e-02 8.861835300922e-02 5.522122606635e-02 5.633539333940e-02 5.725750327110e-02 8.012301474810e-02 7.651358842850e-02 6.351509690285e-02 7.609178870916e-02 7.097388058901e-02 6.279689818621e-02 6.146103516221e-02 6.968896836042e-02 6.991626322269e-02 7.328823953867e-02 7.290390133858e-02 5.660427734256e-02 3.856442868710e-02 3.673594444990e-02 4.432231187820e-02 3.661816567183e-02 2.189473435283e-02 2.078404463828e-02 3.285961598158e-02 4.352118447423e-02 6.623777747154e-02 7.472946494818e-02 5.784062668681e-02 3.095927648246e-02 1.791838556528e-02 1.223798654974e-02 2.459309436381e-02 2.225911617279e-02 9.666920639575e-03 1.009350270033e-02 8.322829380631e-03 7.498208899051e-03
7.605177164078e-02 1.061976030469e-01 1.507369130850e-01 1.744294762611e-01 1.274132728577e-01 5.937901511788e-02 4.950303211808e-02 9.404131770134e-02 4.819530248642e-02 6.083380058408e-02 6.396534293890e-02 9.087944775820e-02 9.119598567486e-02 7.667037099600e-02 8.596746623516e-02 8.806316554546e-02 6.781452894211e-02 6.656142324209e-02 7.602763175964e-02 7.835537195206e-02 6.909774243832e-02 6.165752187371e-02 4.422031342983e-02 4.200029745698e-02 4.448056593537e-02 4.548775404692e-02 3.617882728577e-02 2.213964611292e-02 2.259120531380e-02 4.018473252654e-02 6.711416691542e-02 8.747584372759e-02 7.802299410105e-02 4.774301499128e-02 2.193095162511e-02 2.066479437053e-02 2.210779860616e-02 2.938375622034e-02 2.843252196908e-02 1.609016954899e-02 1.340640056878e-02 1.140730641782e-02 9.403719566762e-03
8.071941137314e-02 9.191611409187e-02 1.391194760799e-01 1.823672503233e-01 1.565448492765e-01 7.374374568462e-02 5.221332982183e-02 9.982193261385e-02 4.868886247277e-02 5.748669430614e-02 6.074611097574e-02 9.692993760109e-02 1.059657186270e-01 8.933988958597e-02 9.354934841394e-02 9.366348385811e-02 7.160860300064e-02 7.151777297258e-02 8.103858679533e-02 8.360117673874e-02 7.345849275589e-02 5.031088739634e-02 4.851984977722e-02 4.735778644681e-02 5.417476966977e-02 5.489132925868e-02 3.393501415849e-02 2.215649746358e-02 3.862984478474e-02 6.701923161745e-02 9.367788583040e-02 9.063354134560e-02 6.113208085299e-02 2.867904119194e-02 2.170938067138e-02 2.231547236443e-02 2.488298155367e-02 3.375498577952e-02 3.458220139146e-02 2.138625644147e-02 1.882859319448e-02 1.663512922823e-02 1.409706752747e-02
7.665312290192e-02 7.397033274174e-02 1.180606335402e-01 1.740851998329e-01 1.730476766825e-01 9.689734131098e-02 5.974170193076e-02 1.059309318662e-01 5.176363140345e-02 5.819654464722e-02 6.424918770790e-02 9.829001128674e-02 1.204567775130e-01 1.013622656465e-01 9.903465956450e-02 8.980927616358e-02 7.558682560921e-02 7.741873711348e-02 8.375682681799e-02 8.300971984863e-02 7.246015965939e-02 5.000767484307e-02 4.427841678262e-02 4.843966662884e-02 6.099140644073e-02 5.495256930590e-02 2.977898903191e-02 4.118770360947e-02 7.076503336430e-02 9.945297986269e-02 9.754662215710e-02 6.763963401318e-02 3.458994626999e-02 2.707460336387e-02 1.856025494635e-02 1.965403743088e-02 2.120858058333e-02 3.688520938158e-02 3.971325606108e-02 2.163052186370e-02 2.132243849337e-02 2.007868699729e-02 1.811803132296e-02
6.254435330629e-02 7.653145492077e-02 9.641125053167e-02 1.543990820646e-01 1.745265126228e-01 1.166471987963e-01 7.487350702286e-02 1.116998270154e-01 5.616850405931e-02 6.947918981314e-02 6.777708977461e-02 9.607172757387e-02 1.355744898319e-01 1.137301400304e-01 9.493152052164e-02 8.343226462603e-02 7.992782443762e-02 8.291846513748e-02 8.341318368912e-02 7.919024676085e-02 6.766174733639e-02 4.597420990467e-02 4.798061028123e-02 5.369359254837e-02 5.490883812308e-02 4.204236343503e-02 4.342570528388e-02 7.571683824062e-02 1.081376373768e-01 1.048637479544e-01 7.105491310358e-02 3.762327879667e-02 2.063653059304e-02 2.556618116796e-02 1.747352629900e-02 1.775703392923e-02 1.747077703476e-02 3.865678235888e-02 4.363346844912e-02 2.104680240154e-02 1.819209195673e-02 1.894411072135e-02 1.923103630543e-02
8.610772341490e-02 8.100559562445e-02 8.714268356562e-02 1.309742182493e-01 1.664074808359e-01 1.304466724396e-01 8.527785539627e-02 1.186620965600e-01 7.024361938238e-02 8.063220977783e-02 7.923998683691e-02 9.089672565460e-02 1.506695598364e-01 1.252689361572e-01 8.833749592304e-02 8.847007900476e-02 8.487382531166e-02 8.692634850740e-02 8.141528815031e-02 7.161592692137e-02 5.851490795612e-02 5.026668682694e-02 5.649042502046e-02 5.590930953622e-02 5.211064219475e-02 4.477773979306e-02 8.249699324369e-02 1.170199438930e-01 1.111464276910e-01 7.434556633234e-02 3.973965346813e-02 1.708487235010e-02 2.756449021399e-02 2.156226709485e-02 1.698821596801e-02 1.721814833581e-02 1.836583577096e-02 3.901330381632e-02 4.642671719193e-02 2.392140217125e-02 1.317826844752e-02 1.419427245855e-02 1.596388407052e-02
1.332688629627e-01 8.182729780674e-02 9.563069045544e-02 1.097416803241e-01 1.540344506502e-01 1.383728682995e-01 8.326063305140e-02 1.269297003746e-01 8.474252372980e-02 9.052105993032e-02 9.376502037048e-02 9.504607319832e-02 1.668210476637e-01 1.354277282953e-01 9.914185851812e-02 9.399668872356e-02 1.007578969002e-01 8.642043918371e-02 8.097538352013e-02 6.189231202006e-02 5.290304869413e-02 5.942476168275e-02 6.622319668531e-02 6.065088137984e-02 5.393086373806e-02 8.666555583477e-02 1.279045492411e-01 1.195502877235e-01 7.761065661907e-02 4.060399904847e-02 2.559301815927e-02 2.232996374369e-02 3.223151713610e-02 2.266089804471e-02 1.863000169396e-02 1.581554114819e-02 2.198459021747e-02 3.772498667240e-02 4.800932854414e-02 2.685372345150e-02 1.382410153747e-02 1.022206060588e-02 1.150695886463e-02
1.771699041128e-01 8.775036036968e-02 1.030232682824e-01 1.114969700575e-01 1.395999789238e-01 1.425868868828e-01 1.027552261949e-01 1.363222450018e-01 8.596268296242e-02 9.860625863075e-02 1.026780232787e-01 1.066288053989e-01 1.844952106476e-01 1.454796940088e-01 1.083373874426e-01 9.547511488199e-02 1.169688329101e-01 1.086862981319e-01 7.850072532892e-02 6.897622346878e-02 6.438750028610e-02 6.136466935277e-02 8.287294954062e-02 6.084205955267e-02 8.770271390676e-02 1.365561634302e-01 1.314121782780e-01 8.211522549391e-02 4.162580892444e-02 3.587281703949e-02 3.943587094545e-02 2.911950647831e-02 3.155333176255e-02 2.296798862517e-02 1.893343031406e-02 1.570302061737e-02 2.677940391004e-02 3.590556979179e-02 4.826455563307e-02 2.945111505687e-02 1.617000438273e-02 1.016846578568e-02 1.034569926560e-02
1.931887716055e-01 9.397769719362e-02 1.094154119492e-01 8.429512381554e-02 1.256112456322e-01 1.452239900827e-01 1.373112052679e-01 1.451870054007e-01 9.112437069416e-02 1.044301092625e-01 1.124599501491e-01 1.190866976976e-01 2.001344561577e-01 1.531404852867e-01 1.157019212842e-01 1.048992499709e-01 1.031888872385e-01 1.240056082606e-01 1.001661196351e-01 8.204784244299e-02 5.957484245300e-02 5.800408869982e-02 8.953648060560e-02 8.427568525076e-02 1.429085135460e-01 1.455720961094e-01 9.103918820620e-02 5.565355345607e-02 4.746438935399e-02 3.468656912446e-02 6.187173724174e-02 4.208029434085e-02 2.470033988357e-02 2.181466482580e-02 1.824008300900e-02 1.595231518149e-02 3.536617010832e-02 3.743817284703e-02 4.740560427308e-02 3.157119080424e-02 1.867736503482e-02 1.173128839582e-02 1.109216734767e-02
2.522037327290e-01 1.281327456236e-01 1.163673996925e-01 7.954449951649e-02 1.127482727170e-01 1.464317291975e-01 1.427329182625e-01 1.548061072826e-01 1.052867993712e-01 1.048667356372e-01 1.251075565815e-01 1.346417814493e-01 2.164983600378e-01 1.583064794540e-01 1.179933696985e-01 1.077504754066e-01 1.026223897934e-01 1.123122647405e-01 1.229790970683e-01 9.026743471622e-02 6.906002014875e-02 5.708337202668e-02 7.951097935438e-02 1.455592364073e-01 1.610227376223e-01 1.038661152124e-01 6.410906463861e-02 7.558822631836e-02 6.331780552864e-02 5.659445375204e-02 8.209714293480e-02 4.740890115499e-02 2.142030745745e-02 1.892575994134e-02 1.796709373593e-02 1.743894070387e-02 5.337250977755e-02 5.406188219786e-02 4.608552902937e-02 3.360637277365e-02 2.142837457359e-02 1.411316730082e-02 1.189875043929e-02
2.876032590866e-01 1.914369910955e-01 1.231573596597e-01 8.268298208714e-02 1.264782547951e-01 1.460659652948e-01 1.323868334293e-01 1.662095636129e-01 1.195644438267e-01 1.117392033339e-01 1.298980116844e-01 1.568831652403e-01 2.335747331381e-01 1.615634709597e-01 1.268324851990e-01 2.231257408857e-01 1.198644116521e-01 1.276695579290e-01 1.292037069798e-01 1.111976280808e-01 8.552770316601e-02 7.836736738682e-02 1.446670144796e-01 1.715485900640e-01 1.175405308604e-01 6.787770241499e-02 7.955885678530e-02 9.125642478466e-02 8.992755413055e-02 8.272501081228e-02 8.748141676188e-02 4.110388457775e-02 1.975852064788e-02 1.911241188645e-02 1.832921057940e-02 1.899228617549e-02 8.179637789726e-02 6.455265730619e-02 4.388378933072e-02 3.500716388226e-02 2.409883774817e-02 1.673260889947e-02 1.333126705140e-02
2.968460619450e-01 2.116857618093e-01 1.300769597292e-01 1.111150532961e-01 1.494188159704e-01 1.410791873932e-01 1.459823250771e-01 1.785855591297e-01 1.336827129126e-01 1.416558176279e-01 2.237137854099e-01 2.984942495823e-01 2.635972499847e-01 1.616330593824e-01 1.987183690071e-01 2.860492765903e-01 1.279995590448e-01 1.758890151978e-01 1.746257841587e-01 1.430114805698e-01 1.134556382895e-01 1.448666602373e-01 1.810891330242e-01 1.298937499523e-01 7.814010977745e-02 8.274514228106e-02 9.882243722677e-02 1.107444092631e-01 1.085200235248e-01 9.977728873491e-02 7.517877221107e-02 2.896080538630e-02 2.154045924544e-02 1.960883289576e-02 1.876306533813e-02 3.896088898182e-02 1.129152029753e-01 6.030018627644e-02 4.404914006591e-02 3.534858301282e-02 2.640841528773e-02 1.949072070420e-02 1.277949567884e-02
2.938411533833e-01 1.677926629782e-01 1.845597028732e-01 1.211834922433e-01 1.684805899858e-01 1.341135948896e-01 1.587056517601e-01 1.920922845602e-01 1.556748747826e-01 2.378313839436e-01 2.429494112730e-01 2.168974876404e-01 2.626145184040e-01 1.582832634449e-01 1.377876549959e-01 1.846176534891e-01 1.221998631954e-01 1.745665520430e-01 1.908393353224e-01 1.594269424677e-01 1.512282788754e-01 1.902425885201e-01 1.420861929655e-01 8.699109405279e-02 8.484560996294e-02 8.093389123678e-02 9.947049617767e-02 1.189004629850e-01 1.201598644257e-01 1.073720008135e-01 6.780546158552e-02 2.864911034703e-02 2.759031951427e-02 3.352142497897e-02 3.837040439248e-02 7.858730852604e-02 1.275493800640e-01 4.689334332943e-02 3.780454397202e-02 3.533342853189e-02 2.841065265238e-02 2.238777093589e-02 1.538875419647e-02
3.059073984623e-01 1.653146147728e-01 2.061643451452e-01 1.517870873213e-01 1.834129095078e-01 1.738607883453e-01 1.939260214567e-01 2.050585299730e-01 2.248060405254e-01 1.621598005295e-01 1.220436692238e-01 2.270043939352e-01 2.701381742954e-01 1.492727249861e-01 1.080027446151e-01 1.010682508349e-01 1.434185951948e-01 1.707701086998e-01 1.649092584848e-01 1.594378054142e-01 2.027600407600e-01 1.540017426014e-01 1.013207808137e-01 8.908478170633e-02 8.222529292107e-02 6.998315453529e-02 8.959757536650e-02 1.192329749465e-01 1.282064318657e-01 1.201291233301e-01 8.296093344688e-02 5.046770349145e-02 5.258391052485e-02 5.233611911535e-02 5.681658536196e-02 1.224275827408e-01 1.051462963223e-01 3.341166302562e-02 3.624843060970e-02 3.720129281282e-02 3.460927307606e-02 2.683124318719e-02 1.849045231938e-02
2.982128560543e-01 1.661242693663e-01 1.784463524818e-01 1.986322104931e-01 1.951819062233e-01 1.788153797388e-01 1.644515693188e-01 2.173426747322e-01 1.755514591932e-01 1.492296308279e-01 1.594107747078e-01 2.595068514347e-01 2.710154950619e-01 1.345573514700e-01 1.773647218943e-01 1.800836324692e-01 1.791183203459e-01 1.692150980234e-01 1.744606941938e-01 2.179475128651e-01 1.789672523737e-01 1.290516853333e-01 1.018800511956e-01 7.756774872541e-02 7.875948399305e-02 8.846330642700e-02 9.344628453255e-02 1.197156086564e-01 1.369356662035e-01 1.323191225529e-01 9.880448877811e-02 5.811297520995e-02 5.151031538844e-02 6.024581193924e-02 1.112782508135e-01 1.271726638079e-01 5.662332102656e-02 3.794964030385e-02 3.976761177182e-02 4.053420946002e-02 3.848687186837e-02 3.229285404086e-02 2.248406410217e-02
2.786483168602e-01 1.852946430445e-01 1.936229914427e-01 2.229716926813e-01 2.022603154182e-01 2.092213332653e-01 2.128235101700e-01 2.249526381493e-01 1.972556710243e-01 1.689415723085e-01 1.896185278893e-01 2.834993004799e-01 2.600156366825e-01 1.830628216267e-01 1.660273820162e-01 1.947688460350e-01 2.144031971693e-01 1.866501122713e-01 2.427261471748e-01 1.981435865164e-01 1.083693429828e-01 1.054041311145e-01 8.457588404417e-02 8.590576052666e-02 8.384025096893e-02 1.017960980535e-01 1.097665056586e-01 1.206419095397e-01 1.448080539703e-01 1.452340483665e-01 1.131648570299e-01 4.986982047558e-02 7.625706493855e-02 1.180854290724e-01 1.277928203344e-01 7.459555566311e-02 3.342082723975e-02 3.395462781191e-02 3.404342383146e-02 3.481514379382e-02 3.489841520786e-02 3.245798870921e-02 2.603789232671e-02
2.568152844906e-01 2.060575634241e-01 1.980850994587e-01 2.810606956482e-01 2.099959403276e-01 2.584063112736e-01 2.096512913704e-01 2.274515330791e-01 3.511451780796e-01 3.061338067055e-01 3.176044821739e-01 2.996726036072e-01 2.340675294399e-01 1.725839078426e-01 2.062786668539e-01 1.928172111511e-01 3.098851740360e-01 2.792147099972e-01 2.269678264856e-01 1.434863656759e-01 1.071908921003e-01 9.760805964470e-02 8.249895274639e-02 6.748107075691e-02 7.909053564072e-02 1.106219291687e-01 1.389610171318e-01 1.222423091531e-01 1.515161246061e-01 1.587956994772e-01 1.290731430054e-01 1.030526980758e-01 1.305348873138e-01 1.205691844225e-01 6.884731352329e-02 3.318897634745e-02 3.129811584949e-02 2.926079742610e-02 2.715509384871e-02 2.756693027914e-02 3.253746777773e-02 3.225865587592e-02 2.856887504458e-02
3.150516748428e-01 2.260779291391e-01 2.660773694515e-01 3.492115736008e-01 2.782589197159e-01 3.143242001534e-01 2.450999170542e-01 4.031576216221e-01 4.896473884583e-01 2.668069601059e-01 2.846940755844e-01 3.039605319500e-01 2.699441909790e-01 2.694792747498e-01 2.067770957947e-01 1.696786582470e-01 3.609985113144e-01 3.089000284672e-01 1.698435544968e-01 1.173607185483e-01 8.065427094698e-02 7.201769202948e-02 7.299808412790e-02 9.822152554989e-02 1.106525957584e-01 1.048498973250e-01 1.361001580954e-01 1.355701386929e-01 1.715125739574e-01 1.694854348898e-01 1.345606595278e-01 1.322313696146e-01 9.898362308741e-02 4.854549467564e-02 2.324591763318e-02 2.383979409933e-02 1.775648817420e-02 1.563958637416e-02 1.741552725434e-02 2.431240864098e-02 3.141395375133e-02 3.577664121985e-02 3.725008666515e-02
2.334144264460e-01 3.987382948399e-01 2.665183246136e-01 3.961659073830e-01 3.781663179398e-01 4.356773495674e-01 5.462325215340e-01 4.230414330959e-01 4.024157524109e-01 3.164101541042e-01 4.240222871304e-01 3.777532875538e-01 2.415021657944e-01 2.274191230536e-01 2.275347709656e-01 1.563203185797e-01 3.355602920055e-01 2.801411151886e-01 1.481098234653e-01 1.178892254829e-01 7.782935351133e-02 1.054660454392e-01 1.153333857656e-01 1.122211739421e-01 1.019129157066e-01 8.973226696253e-02 1.182723119855e-01 1.683715879917e-01 1.785564273596e-01 1.491174399853e-01 1.055170446634e-01 5.986583232880e-02 3.956857696176e-02 3.402165323496e-02 3.371080011129e-02 3.079312294722e-02 3.643159195781e-02 4.228985309601e-02 4.429711773992e-02 4.256580397487e-02 3.729630634189e-02 3.590414673090e-02 3.461192175746e-02
