100/SI/f23.grd
DSAA
101	101
32.816463539100	34.260883539100
35.556306596100	36.727886596100
2.380793448538e-03	4.072359466553e+01
[rows 19 to 37 of 101, columns 0 to 42 of 101]
2.146107517183e-02 3.406631946564e-02 3.976516798139e-02 5.763296410441e-02 7.641284912825e-02 8.792860060930e-02 1.128797382116e-01 1.286219656467e-01 1.178506761789e-01 9.736184775829e-02 7.527656853199e-02 7.151404023170e-02 5.618162825704e-02 5.732373148203e-02 7.345319539309e-02 7.716051489115e-02 6.136322394013e-02 6.212340295315e-02 7.452011853456e-02 7.679178565741e-02 7.038412243128e-02 6.024360284209e-02 7.346947491169e-02 8.727068454027e-02 9.957977384329e-02 1.069901883602e-01 1.081311330199e-01 1.014620512724e-01 8.451792597771e-02 6.006916239858e-02 7.819719612598e-02 9.303785115480e-02 1.110609993339e-01 1.112246811390e-01 1.217007413507e-01 1.367723047733e-01 1.316692531109e-01 1.075836792588e-01 9.018096327782e-02 1.023010164499e-01 1.112325787544e-01 1.475767940283e-01 9.354187548161e-02
3.716481849551e-02 5.641220882535e-02 5.230058729649e-02 4.068921133876e-02 5.913469940424e-02 8.129306137562e-02 9.700192511082e-02 1.256019026041e-01 1.323091685772e-01 1.173146441579e-01 9.590221196413e-02 7.933806627989e-02 6.580930203199e-02 4.968509450555e-02 6.793445348740e-02 8.596607297659e-02 8.393081277609e-02 5.962328240275e-02 6.292290985584e-02 7.581098377705e-02 7.962901145220e-02 7.725329697132e-02 7.856388390064e-02 6.706369668245e-02 8.108411729336e-02 9.821721166372e-02 1.129914671183e-01 1.225399076939e-01 1.204425692558e-01 1.023257672787e-01 7.171027362347e-02 7.064548134804e-02 9.179709106684e-02 1.085133701563e-01 1.092596650124e-01 1.358348578215e-01 1.474711298943e-01 1.358910053968e-01 1.101226061583e-01 1.038993149996e-01 1.180216893554e-01 1.252852082253e-01 1.117943301797e-01
5.910460650921e-02 9.505955129862e-02 8.079216629267e-02 6.641272455454e-02 5.684151872993e-02 6.093635037541e-02 8.587516844273e-02 1.089019924402e-01 1.356334686279e-01 1.346377730370e-01 1.181222423911e-01 9.124271571636e-02 8.338132500648e-02 6.830459833145e-02 5.332163721323e-02 7.960080355406e-02 9.632189571857e-02 8.499494194984e-02 7.716532796621e-02 6.585783511400e-02 7.313029468060e-02 8.852229267359e-02 9.347883611917e-02 8.668761700392e-02 7.611315697432e-02 6.916758418083e-02 8.796083182096e-02 1.088132858276e-01 1.260027289391e-01 1.296796351671e-01 1.140215918422e-01 8.045308291912e-02 6.488573551178e-02 9.332965314388e-02 1.233662515879e-01 1.303179562092e-01 1.479604542255e-01 1.537526547909e-01 1.397988647223e-01 1.183679029346e-01 1.206211447716e-01 1.337842047215e-01 1.375359594822e-01
7.501087337732e-02 1.347730755806e-01 1.367774903774e-01 9.514624625444e-02 7.685773074627e-02 7.221726328135e-02 6.163918599486e-02 8.902712911367e-02 1.222902759910e-01 1.429981440306e-01 1.364908069372e-01 1.166703626513e-01 8.528306335211e-02 8.817614614964e-02 8.917839080095e-02 7.914493978024e-02 9.115596860647e-02 1.021455600858e-01 8.414785563946e-02 6.856317818165e-02 6.689904630184e-02 9.596867859364e-02 1.014712229371e-01 9.727028012276e-02 8.598702400923e-02 8.284937590361e-02 7.155431061983e-02 7.818103581667e-02 1.047966405749e-01 1.296191960573e-01 1.404990106821e-01 1.258987784386e-01 8.716418594122e-02 6.817138940096e-02 1.051674783230e-01 1.466519981623e-01 1.497143954039e-01 1.537462621927e-01 1.552142947912e-01 1.461887657642e-01 1.325727552176e-01 1.390495747328e-01 1.592059284449e-01
7.518362253904e-02 1.534771919250e-01 1.882282197475e-01 1.617608368397e-01 1.018072441220e-01 7.886748760939e-02 8.132489025593e-02 7.711826264858e-02 9.653744101524e-02 1.341861933470e-01 1.499138474464e-01 1.384320110083e-01 1.147627085447e-01 8.733643591404e-02 1.246067136526e-01 1.365721523762e-01 8.726448565722e-02 1.022555604577e-01 1.035832837224e-01 7.081314176321e-02 8.021876960993e-02 9.665944427252e-02 1.010114103556e-01 9.312231093645e-02 7.984550297260e-02 8.927892148495e-02 9.261171519756e-02 8.553614467382e-02 8.318524807692e-02 1.026710942388e-01 1.363083869219e-01 1.540035605431e-01 1.384474337101e-01 9.315692633390e-02 9.067191183567e-02 1.303257942200e-01 1.723833084106e-01 1.591793149710e-01 1.526913791895e-01 1.571977883577e-01 1.576861143112e-01 1.500051766634e-01 1.625254154205e-01
5.855514481664e-02 1.370206177235e-01 2.042930722237e-01 2.192875295877e-01 1.723560094833e-01 1.041618585587e-01 7.430703938007e-02 8.241336047649e-02 8.620703220367e-02 1.097007542849e-01 1.477930098772e-01 1.553274095058e-01 1.393815577030e-01 1.111566945910e-01 1.334605067968e-01 1.832051575184e-01 1.530762314796e-01 8.944748342037e-02 1.117847859859e-01 1.015093922615e-01 7.806819677353e-02 1.059336811304e-01 9.561200439930e-02 7.914745062590e-02 7.489451020956e-02 7.408872991800e-02 8.804600685835e-02 9.744801372290e-02 9.823800623417e-02 9.026916325092e-02 1.041885614395e-01 1.464963257313e-01 2.114400118589e-01 1.998170316219e-01 1.793250143528e-01 1.694145053625e-01 1.740882992744e-01 1.902473270893e-01 1.614834964275e-01 1.526639908552e-01 1.662347316742e-01 1.746587753296e-01 1.672248542309e-01
3.735993430018e-02 9.403640031815e-02 1.694590896368e-01 2.276951968670e-01 2.262634932995e-01 1.692999899387e-01 1.027628332376e-01 6.773196160793e-02 7.602929323912e-02 8.662711828947e-02 1.262938380241e-01 1.583540141582e-01 1.573901027441e-01 1.374525576830e-01 1.202803179622e-01 1.913193911314e-01 2.143944650888e-01 1.384198367596e-01 1.018046662211e-01 1.202335208654e-01 9.884473681450e-02 9.527521580458e-02 1.200322434306e-01 1.203695908189e-01 9.919970482588e-02 8.218128979206e-02 9.381850808859e-02 1.024213284254e-01 1.050520613790e-01 1.072954759002e-01 1.000877320766e-01 1.087768971920e-01 1.720671802759e-01 1.866183876991e-01 2.038146704435e-01 2.442841976881e-01 3.020472824574e-01 1.869022548199e-01 2.022396028042e-01 1.605514734983e-01 1.580719798803e-01 1.801676154137e-01 1.914147287607e-01
3.123835660517e-02 6.139039993286e-02 1.099797561765e-01 1.806330680847e-01 2.248236238956e-01 2.109822928905e-01 1.580611765385e-01 1.046264246106e-01 9.385768324137e-02 9.749729931355e-02 1.008499339223e-01 1.436274647713e-01 1.669014543295e-01 1.593763828278e-01 1.357243508101e-01 1.666628569365e-01 2.323881387711e-01 2.101348042488e-01 1.378415226936e-01 1.333897560835e-01 1.677595824003e-01 1.409813910723e-01 1.156770139933e-01 1.706425994635e-01 2.053425163031e-01 1.773626655340e-01 1.251783370972e-01 1.333531886339e-01 1.335347890854e-01 1.174699068069e-01 1.135294437408e-01 1.143563613296e-01 1.402448862791e-01 2.522879838943e-01 3.673250675201e-01 2.987338304520e-01 2.049201875925e-01 1.556348055601e-01 2.101349681616e-01 2.143132090569e-01 1.594518721104e-01 1.664200425148e-01 1.964990049601e-01
4.346742853522e-02 8.617044985294e-02 9.407211095095e-02 1.179941967130e-01 1.838206499815e-01 1.993726193905e-01 1.857289075851e-01 1.524223983288e-01 1.211688593030e-01 1.254584044218e-01 1.295933276415e-01 1.349411159754e-01 1.605383604765e-01 1.732308417559e-01 1.605596691370e-01 1.543081700802e-01 2.065013349056e-01 2.489949166775e-01 1.849121451378e-01 1.643286347389e-01 2.641162574291e-01 2.460433989763e-01 1.738382875919e-01 2.326259166002e-01 3.105459511280e-01 2.855709493160e-01 2.274865210056e-01 1.543188840151e-01 1.423841863871e-01 1.439901143312e-01 1.554944962263e-01 1.926178932190e-01 2.573978602886e-01 3.913185596466e-01 4.589261412621e-01 3.071395456791e-01 1.913879662752e-01 1.226043105125e-01 1.826883256435e-01 2.350949943066e-01 2.216416895390e-01 1.772075444460e-01 1.768012046814e-01
4.038206115365e-02 7.549997419119e-02 8.058685809374e-02 8.297590166330e-02 1.653590500355e-01 2.405785620213e-01 2.505570352077e-01 1.826273351908e-01 1.594548672438e-01 1.351070851088e-01 1.029125601053e-01 9.213127940893e-02 1.350609213114e-01 1.749755293131e-01 1.790174543858e-01 1.636679172516e-01 1.497427225113e-01 2.356199622154e-01 2.491330802441e-01 1.636333912611e-01 2.777611613274e-01 3.090696632862e-01 2.738702893257e-01 3.369202315807e-01 4.629808366299e-01 4.903733730316e-01 4.437489211559e-01 3.441920280457e-01 2.100223749876e-01 2.028055787086e-01 1.976385712624e-01 2.227030247450e-01 2.788431942463e-01 3.622941076756e-01 3.472731411457e-01 2.043375968933e-01 2.363386303186e-01 2.073291391134e-01 1.367982029915e-01 2.147644609213e-01 2.656074464321e-01 2.195683121681e-01 2.454479038715e-01
6.099309027195e-02 1.054835170507e-01 9.469231218100e-02 7.242624461651e-02 1.095375940204e-01 2.090794891119e-01 2.918917834759e-01 2.927795052528e-01 2.030429244041e-01 1.657631546259e-01 1.537533998489e-01 1.284745186567e-01 1.005841270089e-01 1.556353569031e-01 1.871665865183e-01 1.852022707462e-01 1.846150159836e-01 1.819497346878e-01 2.655927538872e-01 2.330522537231e-01 2.250885218382e-01 2.847109436989e-01 3.066838085651e-01 3.328733146191e-01 4.998762309551e-01 6.114468574524e-01 6.735111474991e-01 6.409327387810e-01 4.884603917599e-01 2.719196975231e-01 2.600845396519e-01 2.846792638302e-01 2.763971984386e-01 2.391314506531e-01 2.135865986347e-01 2.113753557205e-01 2.159613072872e-01 2.600125670433e-01 2.198232710361e-01 1.715269237757e-01 2.620082199574e-01 2.934840023518e-01 2.748880088329e-01
6.604672968388e-02 1.262399107218e-01 1.330535411835e-01 1.191096976399e-01 9.765426069498e-02 1.339512467384e-01 2.435418218374e-01 3.238393068314e-01 3.065298199654e-01 2.041166275740e-01 1.682150810957e-01 1.730845421553e-01 1.546263545752e-01 1.192678064108e-01 1.757307499647e-01 1.986337900162e-01 1.899475008249e-01 2.121677249670e-01 2.258713245392e-01 2.859928011894e-01 2.463760972023e-01 2.188453972340e-01 2.721112668514e-01 3.059812784195e-01 3.863431513309e-01 5.533918738365e-01 7.403294444084e-01 8.762084841728e-01 8.635532259941e-01 6.473827958107e-01 3.271501660347e-01 2.072052508593e-01 2.661451995373e-01 3.012082874775e-01 3.151215910912e-01 3.020939528942e-01 2.761160433292e-01 2.386211603880e-01 2.875839769840e-01 2.220432907343e-01 2.033496052027e-01 3.192649185658e-01 2.933968901634e-01
8.536379039288e-02 1.402308344841e-01 1.358194947243e-01 1.456246227026e-01 1.415378451347e-01 1.255551874638e-01 1.426547318697e-01 2.447375655174e-01 3.087861835957e-01 2.911048233509e-01 2.091795802116e-01 1.602905690670e-01 1.800182312727e-01 1.765037328005e-01 1.492591351271e-01 1.989221274853e-01 2.045265287161e-01 1.925974339247e-01 2.412063330412e-01 2.809863984585e-01 2.769077122211e-01 3.392610847950e-01 2.258800268173e-01 2.552535831928e-01 3.084194064140e-01 3.788808286190e-01 5.945029258728e-01 8.653826713562e-01 1.096174240112e+00 1.109294176102e+00 7.844969034195e-01 3.656605780125e-01 1.335414797068e-01 1.816826313734e-01 2.310761809349e-01 2.895746529102e-01 4.687587320805e-01 6.698861122131e-01 3.676932752132e-01 3.205099701881e-01 2.101665735245e-01 2.746089100838e-01 3.722767531872e-01
1.141775920987e-01 2.041621804237e-01 1.999805122614e-01 1.616149395704e-01 1.511358320713e-01 1.574270725250e-01 1.511387079954e-01 1.356538236141e-01 2.081357538700e-01 2.691960632801e-01 2.765493094921e-01 2.254205346107e-01 1.490879058838e-01 1.758487820625e-01 1.928813010454e-01 1.799632012844e-01 2.132196575403e-01 2.108510881662e-01 1.940556466579e-01 2.526021301746e-01 3.209642171860e-01 3.315612375736e-01 4.347594380379e-01 3.315744102001e-01 2.552602887154e-01 3.105922043324e-01 4.174072742462e-01 6.367564797401e-01 1.002383589745e+00 1.330411434174e+00 1.315476298332e+00 8.786563873291e-01 4.116907119751e-01 1.606293469667e-01 1.642296016216e-01 2.348533868790e-01 2.522914707661e-01 9.897801280022e-01 9.647101759911e-01 3.325433135033e-01 4.275086224079e-01 2.166348546743e-01 3.784966468811e-01
1.266922801733e-01 2.506538331509e-01 2.880679368973e-01 2.911982238293e-01 2.727510333061e-01 2.345004826784e-01 2.283905744553e-01 2.535465359688e-01 2.516885697842e-01 2.227046191692e-01 2.324404120445e-01 2.628892362118e-01 3.020166754723e-01 3.109721541405e-01 1.872176826000e-01 1.944897770882e-01 2.026906907558e-01 2.325685322285e-01 2.194033414125e-01 1.973260045052e-01 2.918699681759e-01 3.359940350056e-01 4.979881942272e-01 4.818621575832e-01 3.512857854366e-01 3.430890440941e-01 3.215615451336e-01 4.752436578274e-01 7.126215100288e-01 1.177684307098e+00 1.566896677017e+00 1.419455409050e+00 9.233367443085e-01 4.024875164032e-01 1.683901846409e-01 1.978814303875e-01 2.237861603498e-01 3.595756590366e-01 1.693178534508e+00 6.278136968613e-01 6.194210648537e-01 5.019147992134e-01 2.957586050034e-01
2.159025073051e-01 3.578685224056e-01 3.094156980515e-01 2.892119884491e-01 3.324179649353e-01 3.579517304897e-01 3.575298786163e-01 3.281935155392e-01 3.549434840679e-01 3.818972706795e-01 3.699814081192e-01 3.238596320152e-01 3.602106273174e-01 5.111806988716e-01 4.352585375309e-01 2.162419855595e-01 1.838329881430e-01 2.293785363436e-01 2.656492292881e-01 2.522243559361e-01 2.190024405718e-01 3.830947577953e-01 4.824254810810e-01 6.078882217407e-01 5.296884179115e-01 2.917649447918e-01 2.976525127888e-01 3.823849260807e-01 5.383789539337e-01 8.086543083191e-01 1.350790858269e+00 1.680733919144e+00 1.448212623596e+00 8.806799054146e-01 3.832255899906e-01 1.682801842690e-01 2.278488725424e-01 2.499865144491e-01 9.336376190186e-01 1.725967168808e+00 6.582158803940e-01 7.776971459389e-01 3.086327314377e-01
3.440233170986e-01 6.060590744019e-01 5.911045670509e-01 5.075856447220e-01 4.138174951077e-01 3.215163052082e-01 3.646451532841e-01 4.207217395306e-01 4.504932463169e-01 4.435048699379e-01 4.546486735344e-01 4.913188517094e-01 4.813719093800e-01 5.279986262321e-01 6.828982830048e-01 5.184071660042e-01 2.376005798578e-01 2.109459936619e-01 2.605516910553e-01 3.474541306496e-01 3.613916635513e-01 2.950027287006e-01 6.353713870049e-01 5.570665597916e-01 6.276069879532e-01 5.333766341209e-01 3.461395502090e-01 2.770030796528e-01 3.653509616852e-01 6.240082979202e-01 8.990576863289e-01 1.452080011368e+00 1.709925651550e+00 1.390438199043e+00 8.226435184479e-01 3.527333438396e-01 1.645697653294e-01 2.460288107395e-01 3.323437571526e-01 1.669969916344e+00 1.377356171608e+00 9.360837340355e-01 4.468930065632e-01
3.921661376953e-01 7.292129397392e-01 7.798192501068e-01 7.600735425949e-01 7.051707506180e-01 6.302105188370e-01 5.372698307037e-01 4.326719045639e-01 3.703365325928e-01 4.548481106758e-01 5.270285606384e-01 5.566299557686e-01 5.219056606293e-01 5.511615872383e-01 6.864649057388e-01 8.373073339462e-01 5.657638311386e-01 4.272597432137e-01 4.504791200161e-01 4.512321949005e-01 4.346976578236e-01 4.844068288803e-01 4.809226095676e-01 8.157383203506e-01 6.066514253616e-01 4.760593175888e-01 4.793249070644e-01 3.536794483662e-01 3.371838331223e-01 4.069884121418e-01 6.991840004921e-01 9.652726054192e-01 1.448508620262e+00 1.621478199959e+00 1.280531883240e+00 7.504758238792e-01 3.472146987915e-01 3.104348778725e-01 3.732825219631e-01 5.075266957283e-01 2.148005485535e+00 1.125918626785e+00 5.740432143211e-01
3.343934118748e-01 6.539204716682e-01 7.786519527435e-01 8.310068249702e-01 8.423385620117e-01 8.241232037544e-01 7.996197938919e-01 7.355529665947e-01 6.450051069260e-01 5.407089591026e-01 4.271398484707e-01 4.090580046177e-01 5.068130493164e-01 5.816599726677e-01 5.909623503685e-01 7.638015747070e-01 8.560276627541e-01 6.462824344635e-01 8.281608819962e-01 9.985644221306e-01 9.623053073883e-01 7.902076244354e-01 4.776799678802e-01 5.971034169197e-01 8.148413896561e-01 5.906112790108e-01 4.348312020302e-01 4.317643940449e-01 3.916085064411e-01 3.457624316216e-01 4.314930438995e-01 7.307825684547e-01 9.381646513939e-01 1.336377263069e+00 1.473111987114e+00 1.193643927574e+00 7.343395352364e-01 3.739431202412e-01 3.788495063782e-01 5.065055489540e-01 7.385625839233e-01 2.239317655563e+00 1.007941842079e+00
