100/SI/f23.grd
DSAA
101	101
32.816463539100	34.260883539100
35.556306596100	36.727886596100
2.380793448538e-03	4.072359466553e+01
[rows 0 to 18 of 101, columns 43 to 85 of 101]
2.704007178545e-02 1.966303214431e-02 1.856577955186e-02 2.292573451996e-02 2.527279593050e-02 2.369872294366e-02 2.121659927070e-02 1.444124523550e-02 2.960387431085e-02 4.170588031411e-02 4.614778608084e-02 3.690795600414e-02 2.888343110681e-02 2.519972622395e-02 2.557476796210e-02 7.627398520708e-02 5.901270732284e-02 3.580428287387e-02 5.531168729067e-02 4.972809925675e-02 6.268171221018e-02 6.994872540236e-02 6.784388422966e-02 1.035490259528e-01 1.047609597445e-01 7.057734578848e-02 4.458402097225e-02 3.616135194898e-02 4.250998795033e-02 8.577512949705e-02 1.023641601205e-01 5.019689351320e-02 2.924542687833e-02 3.360416367650e-02 4.272522777319e-02 3.197802230716e-02 2.109327539802e-02 1.715915463865e-02 1.478234678507e-02 1.454701647162e-02 2.031231299043e-02 1.527694333345e-02 7.551577407867e-03
5.226991698146e-02 4.030165821314e-02 2.897858060896e-02 3.720497712493e-02 4.304527863860e-02 4.164557531476e-02 3.554642200470e-02 2.799501083791e-02 5.975390225649e-02 8.661869913340e-02 8.465283364058e-02 7.400957494974e-02 5.181700363755e-02 4.567848891020e-02 5.219585448503e-02 1.583811342716e-01 1.222541034222e-01 7.059832662344e-02 1.213382408023e-01 9.647201746702e-02 1.163947954774e-01 1.266051679850e-01 1.224638149142e-01 1.810683757067e-01 1.780144423246e-01 1.386480033398e-01 8.158123493195e-02 6.003869697452e-02 8.973222970963e-02 1.657924503088e-01 1.822233796120e-01 8.284010738134e-02 5.595631897449e-02 6.149001792073e-02 8.268707990646e-02 5.317933112383e-02 3.309310600162e-02 3.238670527935e-02 2.785241231322e-02 2.819287404418e-02 3.883722051978e-02 2.775473706424e-02 1.313721016049e-02
6.872440129519e-02 5.728066712618e-02 4.144704714417e-02 4.463139548898e-02 5.127095058560e-02 5.229062214494e-02 4.401078075171e-02 3.366056084633e-02 7.419733703136e-02 1.113917976618e-01 1.000263914466e-01 1.018187254667e-01 7.033757865429e-02 6.267867237329e-02 6.254927068949e-02 1.933729946613e-01 1.521573513746e-01 7.740511745214e-02 1.670556664467e-01 1.444800645113e-01 1.407606154680e-01 1.509391218424e-01 1.574937701225e-01 2.269926518202e-01 2.425598204136e-01 1.865587532520e-01 9.313552081585e-02 6.650336086750e-02 1.199207603931e-01 1.938998252153e-01 1.868694722652e-01 7.648075371981e-02 6.052166223526e-02 6.999059766531e-02 9.229455143213e-02 4.731895029545e-02 3.663528338075e-02 3.722074627876e-02 3.253794834018e-02 3.480733931065e-02 4.439127072692e-02 2.984324283898e-02 1.380568649620e-02
7.778879255056e-02 6.997779756784e-02 5.540804192424e-02 4.643869772553e-02 5.349045991898e-02 5.865252390504e-02 4.671780019999e-02 3.918365389109e-02 8.374944329262e-02 1.312895864248e-01 1.007564440370e-01 1.231598183513e-01 8.392049372196e-02 7.596204429865e-02 6.869509816170e-02 2.172607928514e-01 1.746443808079e-01 8.371440321207e-02 1.993705332279e-01 1.897144615650e-01 1.485549807549e-01 1.567200124264e-01 1.803064346313e-01 2.499975562096e-01 3.222209215164e-01 2.302235066891e-01 1.000595241785e-01 8.923251181841e-02 1.432591527700e-01 2.008025348186e-01 1.650849282742e-01 5.943618714809e-02 5.572549998760e-02 8.596025407314e-02 9.175522625446e-02 3.627492487431e-02 3.748568892479e-02 3.940547257662e-02 3.514038026333e-02 4.006044939160e-02 4.673969373107e-02 2.893877215683e-02 1.288847345859e-02
8.135598897934e-02 7.924640178680e-02 6.793483346701e-02 5.075047165155e-02 5.401768907905e-02 6.390383094549e-02 4.587940126657e-02 4.815657064319e-02 9.103725105524e-02 1.506072878838e-01 9.369179606438e-02 1.366854310036e-01 1.121811270714e-01 8.774437755346e-02 7.321044802666e-02 2.379689365625e-01 1.929956376553e-01 1.010133549571e-01 2.207776010036e-01 2.333837151527e-01 1.505350172520e-01 1.568140238523e-01 2.005840688944e-01 2.643729448318e-01 4.008206129074e-01 2.662531137466e-01 1.023048534989e-01 1.143161058426e-01 1.648878008127e-01 1.981097161770e-01 1.371877491474e-01 5.228525027633e-02 4.974402859807e-02 1.018117219210e-01 8.540613949299e-02 3.521229326725e-02 3.847297653556e-02 4.143135622144e-02 3.794373571873e-02 4.582797363400e-02 4.873876273632e-02 2.762715891004e-02 1.186535507441e-02
7.864889502525e-02 8.382726460695e-02 7.795444130898e-02 6.395173817873e-02 5.614190921187e-02 6.855434924364e-02 4.734114557505e-02 5.470050126314e-02 9.708702564240e-02 1.700951755047e-01 9.253408759832e-02 1.377381533384e-01 1.338646709919e-01 1.098111346364e-01 9.866786748171e-02 2.551895678043e-01 2.075227349997e-01 1.129020974040e-01 2.261390984058e-01 2.709308266640e-01 2.006367892027e-01 1.579895913601e-01 2.207135260105e-01 2.745043933392e-01 4.711027145386e-01 2.870670258999e-01 1.033403724432e-01 1.384330093861e-01 1.807735264301e-01 1.831350475550e-01 1.071554571390e-01 5.183620378375e-02 6.876733154058e-02 1.137826293707e-01 7.382292300463e-02 3.531139716506e-02 3.963178768754e-02 4.341212287545e-02 4.088962450624e-02 5.207867547870e-02 5.003686621785e-02 2.593021653593e-02 1.090109907091e-02
7.105965912342e-02 8.223515003920e-02 8.428125828505e-02 7.595594227314e-02 5.749846994877e-02 7.244298607111e-02 5.431981757283e-02 5.786561593413e-02 1.017907634377e-01 1.881132274866e-01 1.040162965655e-01 1.262018233538e-01 1.387010365725e-01 1.225716695189e-01 1.114169582725e-01 2.719555199146e-01 2.179484218359e-01 1.133192852139e-01 2.096512317657e-01 2.866354584694e-01 2.440745234489e-01 2.070053219795e-01 2.407561540604e-01 2.813287675381e-01 5.227264761925e-01 2.891210913658e-01 1.236189082265e-01 1.594775170088e-01 1.833055168390e-01 1.578932851553e-01 7.882072776556e-02 4.673017561436e-02 9.093766659498e-02 1.180356740952e-01 5.904454737902e-02 3.710101544857e-02 4.105589911342e-02 4.516367986798e-02 4.384361580014e-02 5.901736766100e-02 5.046456679702e-02 2.382895350456e-02 1.576497405767e-02
6.230124086142e-02 7.573325186968e-02 8.549442887306e-02 8.513739705086e-02 7.078269869089e-02 7.522380352020e-02 6.206114217639e-02 5.605274811387e-02 1.048152521253e-01 2.052560895681e-01 1.173397749662e-01 1.046351045370e-01 1.287929564714e-01 1.298879683018e-01 1.096919029951e-01 2.876849472523e-01 2.253192067146e-01 1.228189915419e-01 1.757391393185e-01 2.715159654617e-01 2.622974812984e-01 2.502762377262e-01 2.607607543468e-01 3.253426253796e-01 5.525304675102e-01 2.784942388535e-01 1.511659920216e-01 1.760621815920e-01 1.716767698526e-01 1.267173588276e-01 5.496077239513e-02 6.195809319615e-02 1.116375178099e-01 1.126213148236e-01 4.345292225480e-02 4.314085468650e-02 4.178528115153e-02 4.669979587197e-02 4.666531458497e-02 6.666737794876e-02 4.996579885483e-02 2.158302068710e-02 2.188359759748e-02
6.382194161415e-02 6.876500695944e-02 8.280548453331e-02 9.024216234684e-02 8.234039694071e-02 7.655683904886e-02 7.055048644543e-02 4.942620918155e-02 1.059683188796e-01 2.217331528664e-01 1.313842087984e-01 8.057188242674e-02 1.376544535160e-01 1.461156308651e-01 9.457759559155e-02 3.033131361008e-01 2.312371879816e-01 1.306064128876e-01 1.404250860214e-01 2.400571107864e-01 2.661729753017e-01 2.800496518612e-01 2.795945405960e-01 3.734084963799e-01 5.491062998772e-01 2.463121116161e-01 1.763637512922e-01 1.763785630465e-01 1.490201205015e-01 9.377985447645e-02 4.950479790568e-02 8.673574030399e-02 1.273302435875e-01 9.791732579470e-02 4.155138880014e-02 4.616099968553e-02 4.268066957593e-02 4.804854467511e-02 5.081555992365e-02 7.380460202694e-02 4.809740558267e-02 1.960253529251e-02 2.752911113203e-02
6.781938672066e-02 6.969160586596e-02 7.935714721680e-02 9.269580990076e-02 9.098481386900e-02 7.575491815805e-02 7.880457490683e-02 4.376137629151e-02 1.061883270741e-01 2.374391257763e-01 1.456018537283e-01 8.118110150099e-02 1.505874395370e-01 1.637286990881e-01 9.573941677809e-02 3.206321597099e-01 2.334027439356e-01 1.360028535128e-01 1.402466744184e-01 2.029386460781e-01 2.654707431793e-01 2.941952049732e-01 2.945601344109e-01 4.167483747005e-01 5.100578665733e-01 1.974066048861e-01 1.870421320200e-01 1.620710492134e-01 1.197019070387e-01 6.364698708057e-02 7.554274797440e-02 1.136151030660e-01 1.325086504221e-01 7.598945498466e-02 4.823728278279e-02 4.632385447621e-02 4.336263984442e-02 4.958819970489e-02 6.375918537378e-02 7.903453707695e-02 4.506298527122e-02 2.579651400447e-02 3.184618800879e-02
6.912374496460e-02 7.629057765007e-02 7.630574703217e-02 9.395350515842e-02 9.784016013145e-02 7.687848061323e-02 8.499082177877e-02 5.243635550141e-02 1.055774092674e-01 2.515709996223e-01 1.600689291954e-01 1.054048836231e-01 2.243078798056e-01 1.815142929554e-01 1.075090020895e-01 3.375727832317e-01 2.352899461985e-01 1.379452198744e-01 1.402394473553e-01 1.742187887430e-01 2.607960104942e-01 2.849692702293e-01 3.050064742565e-01 4.438677132130e-01 4.440037906170e-01 1.977628767490e-01 1.818800568581e-01 1.388106197119e-01 8.657476305962e-02 8.207576721907e-02 1.072034984827e-01 1.371522843838e-01 1.215463280678e-01 5.219385400414e-02 5.242304876447e-02 4.351671412587e-02 4.396330937743e-02 5.136212334037e-02 7.679901272058e-02 8.190239965916e-02 4.123889282346e-02 3.109357692301e-02 3.457030281425e-02
6.783615052700e-02 8.103188872337e-02 8.270460367203e-02 9.482359141111e-02 1.047400757670e-01 8.737339079380e-02 8.676334470510e-02 6.310950219631e-02 1.035979315639e-01 2.643108665943e-01 1.750120669603e-01 1.261967867613e-01 2.916156947613e-01 1.957493126392e-01 1.297381818295e-01 3.529453277588e-01 2.355515658855e-01 1.370202451944e-01 1.432103216648e-01 1.680028587580e-01 2.431831061840e-01 2.386138439178e-01 3.115756511688e-01 4.500423967838e-01 3.596269786358e-01 2.050619274378e-01 1.624066531658e-01 1.060225591063e-01 1.087371557951e-01 1.191787049174e-01 1.383571773767e-01 1.444625407457e-01 9.663825482130e-02 5.539554730058e-02 5.289188772440e-02 3.790929540992e-02 4.392357170582e-02 5.295073240995e-02 8.740321546793e-02 8.171239495277e-02 3.856962919235e-02 3.509619459510e-02 3.512570634484e-02
6.436222046614e-02 8.370917290449e-02 9.280992299318e-02 9.611667692661e-02 1.115828901529e-01 9.750755876303e-02 8.247371762991e-02 7.134406268597e-02 1.002441346645e-01 2.752849459648e-01 1.918811351061e-01 1.451788395643e-01 3.451015353203e-01 2.012639492750e-01 1.508489102125e-01 3.679635226727e-01 2.345025092363e-01 1.327085196972e-01 1.421193033457e-01 1.785609424114e-01 2.108840495348e-01 2.357997298241e-01 3.178268074989e-01 4.199000895023e-01 2.652874588966e-01 1.913607418537e-01 1.577975749969e-01 1.616932749748e-01 1.580502092838e-01 1.566302031279e-01 1.561335176229e-01 1.285494267941e-01 6.534054875374e-02 5.958494171500e-02 4.808959364891e-02 3.081601858139e-02 4.333208873868e-02 5.506826937199e-02 9.491744637489e-02 7.880799472332e-02 4.253229498863e-02 3.619027137756e-02 3.531672433019e-02
5.901176482439e-02 8.373720943928e-02 1.012377589941e-01 9.816529601812e-02 1.185556575656e-01 1.076679155231e-01 7.222624123096e-02 7.364100962877e-02 9.643891453743e-02 2.847795188427e-01 2.095573246479e-01 1.633274257183e-01 3.857716321945e-01 2.183694690466e-01 1.617318987846e-01 3.843944370747e-01 2.309978008270e-01 1.461262255907e-01 1.344215571880e-01 1.858729422092e-01 1.749112010002e-01 2.511341869831e-01 3.452727496624e-01 3.495467007160e-01 2.260251939297e-01 2.032023221254e-01 2.265990525484e-01 2.221759706736e-01 2.004158794880e-01 1.749944239855e-01 1.455969959497e-01 9.394381195307e-02 6.426227092743e-02 5.727608874440e-02 3.981459140778e-02 2.427978441119e-02 4.267209768295e-02 6.595681607723e-02 9.977127611637e-02 7.382503896952e-02 4.658370465040e-02 3.602899983525e-02 3.646464273334e-02
6.804992258549e-02 8.068457245827e-02 1.072981655598e-01 1.034187078476e-01 1.257267296314e-01 1.184170097113e-01 7.185944169760e-02 7.918387651443e-02 9.052965790033e-02 2.924664616585e-01 2.298803031445e-01 1.746206879616e-01 4.064180552959e-01 2.318951040506e-01 1.637989282608e-01 4.014022052288e-01 2.280581146479e-01 1.555846035480e-01 1.496960669756e-01 1.828342825174e-01 1.724399924278e-01 2.655214667320e-01 3.252758979797e-01 2.686017155647e-01 2.087901234627e-01 2.759462893009e-01 2.946138381958e-01 2.562503814697e-01 2.041697651148e-01 1.585679203272e-01 1.097748726606e-01 6.822421401739e-02 6.442422419786e-02 4.866970703006e-02 3.092626854777e-02 2.114309929311e-02 4.231296479702e-02 7.652303576469e-02 1.026566848159e-01 7.801669836044e-02 5.037466436625e-02 3.674900159240e-02 3.844272345304e-02
7.945708930492e-02 7.453694194555e-02 1.099724322557e-01 1.172437965870e-01 1.320116668940e-01 1.291987150908e-01 8.075518161058e-02 8.749873936176e-02 8.347033709288e-02 2.997322678566e-01 2.540867924690e-01 1.886152774096e-01 4.256170392036e-01 2.300045937300e-01 1.824168413877e-01 4.131418764591e-01 2.209789752960e-01 1.570113897324e-01 1.747767776251e-01 1.695617586374e-01 1.931860297918e-01 2.758561372757e-01 2.921292185783e-01 2.747798860073e-01 2.678959667683e-01 3.339001834393e-01 3.036928772926e-01 2.308780848980e-01 1.687975674868e-01 1.151999235153e-01 7.061376422644e-02 6.952607631683e-02 5.626627430320e-02 3.734804317355e-02 2.284117974341e-02 2.421009540558e-02 4.830821976066e-02 8.623638004065e-02 1.034957543015e-01 8.900923281908e-02 5.315208435059e-02 3.890608251095e-02 4.004162177444e-02
8.902076631784e-02 8.020205050707e-02 1.083483174443e-01 1.296411454678e-01 1.378187537193e-01 1.404735743999e-01 9.079480916262e-02 9.570646286011e-02 9.083316475153e-02 3.042455613613e-01 2.809636890888e-01 2.066617757082e-01 4.484913051128e-01 2.269614189863e-01 2.357994318008e-01 4.251781105995e-01 2.120177745819e-01 1.490401178598e-01 1.855120807886e-01 1.564167439938e-01 2.171355038881e-01 2.702533900738e-01 3.172444403172e-01 2.543816566467e-01 3.121960461140e-01 3.126255273819e-01 2.439271807671e-01 1.675896495581e-01 1.109647899866e-01 7.211928069592e-02 7.258445024490e-02 6.115606799722e-02 4.271749407053e-02 3.111138753593e-02 2.991766668856e-02 3.313507512212e-02 5.913265421987e-02 9.400563687086e-02 1.142960041761e-01 9.807579964399e-02 5.276092886925e-02 4.102739691734e-02 3.886726871133e-02
9.603951126337e-02 9.491133689880e-02 1.028990671039e-01 1.387212127447e-01 1.436494737864e-01 1.525972783566e-01 1.020876169205e-01 1.049202680588e-01 1.012809500098e-01 3.048178851604e-01 3.084054589272e-01 2.194016426802e-01 4.674074053764e-01 2.195830941200e-01 2.835541963577e-01 4.330667555332e-01 2.032030820847e-01 1.619067937136e-01 1.769164949656e-01 1.752469688654e-01 2.176426202059e-01 2.847904264927e-01 3.184612989426e-01 2.546511292458e-01 2.851626276970e-01 2.286524921656e-01 1.513057649136e-01 9.262289851904e-02 7.167777419090e-02 7.380971312523e-02 6.300342082977e-02 4.588773474097e-02 3.982791677117e-02 4.459473490715e-02 3.746458888054e-02 4.305510595441e-02 6.827893108130e-02 1.130933985114e-01 1.367992758751e-01 1.015831083059e-01 4.783294722438e-02 4.152969270945e-02 3.530900925398e-02
1.005331575871e-01 1.078259050846e-01 1.207047775388e-01 1.444664150476e-01 1.493048369884e-01 1.660728901625e-01 1.151686906815e-01 1.145581007004e-01 1.131020858884e-01 3.038118183613e-01 3.400845825672e-01 2.325869351625e-01 4.857563078403e-01 2.129492163658e-01 3.226886987686e-01 4.394616186619e-01 1.948336809874e-01 1.857068538666e-01 1.708265095949e-01 1.917026787996e-01 2.222040742636e-01 3.072271049023e-01 2.826595306396e-01 2.524191439152e-01 2.115498930216e-01 1.318520754576e-01 7.342603802681e-02 7.166222482920e-02 7.246962934732e-02 6.274799257517e-02 4.676090553403e-02 4.668168723583e-02 5.811676010489e-02 5.739824101329e-02 3.917014226317e-02 5.164930224419e-02 7.478906959295e-02 1.459182053804e-01 1.545010507107e-01 9.505217522383e-02 4.397880658507e-02 3.878970444202e-02 3.196370601654e-02
