100/SI/f23.grd
DSAA
101	101
32.816463539100	34.260883539100
35.556306596100	36.727886596100
2.380793448538e-03	4.072359466553e+01
[rows 0 to 18 of 101, columns 0 to 42 of 101]
2.900461666286e-03 5.203512497246e-03 6.724368780851e-03 8.884111419320e-03 1.140408776700e-02 1.428058836609e-02 1.723536476493e-02 2.171223610640e-02 1.931187324226e-02 1.658270880580e-02 1.695026271045e-02 1.569725945592e-02 1.236655097455e-02 9.195567108691e-03 7.438769564033e-03 6.091600749642e-03 4.586858209223e-03 5.415078718215e-03 6.716663017869e-03 7.655290886760e-03 8.644933812320e-03 1.503758318722e-02 1.535934116691e-02 1.849545910954e-02 2.055961824954e-02 2.144010178745e-02 2.164602093399e-02 2.163331210613e-02 2.209351584315e-02 2.303279377520e-02 2.394024468958e-02 2.479476854205e-02 2.504220604897e-02 2.352224104106e-02 2.022963762283e-02 2.228122018278e-02 2.691649086773e-02 3.028101846576e-02 3.251142427325e-02 3.326520696282e-02 3.386371955276e-02 3.443975001574e-02 3.249464184046e-02
5.549936555326e-03 1.019789651036e-02 1.015477906913e-02 1.337879337370e-02 1.729309931397e-02 2.206736803055e-02 3.014094568789e-02 4.153126105666e-02 3.653170168400e-02 3.239663690329e-02 2.840664610267e-02 2.855123952031e-02 2.464827708900e-02 1.828843727708e-02 1.350721251220e-02 1.063498295844e-02 7.640924304724e-03 9.701464325190e-03 1.196308713406e-02 1.350775733590e-02 1.863602921367e-02 3.919434547424e-02 2.319534122944e-02 2.836816944182e-02 3.203171864152e-02 3.477695584297e-02 3.670400753617e-02 3.637870773673e-02 3.753850981593e-02 3.919377177954e-02 4.116884246469e-02 4.310784488916e-02 4.417680203915e-02 4.295495897532e-02 3.835073485970e-02 3.481581807137e-02 4.258806258440e-02 4.860554262996e-02 5.328126251698e-02 5.643042922020e-02 5.884738638997e-02 6.077634170651e-02 5.947211757302e-02
8.965739980340e-03 1.425224449486e-02 1.321681030095e-02 1.296117715538e-02 1.652506925166e-02 2.100761234760e-02 3.499151393771e-02 4.736552387476e-02 4.033751413226e-02 4.040301591158e-02 3.703652322292e-02 3.380426019430e-02 3.294652700424e-02 2.776578254998e-02 2.028944157064e-02 1.402428187430e-02 1.111124921590e-02 1.202941779047e-02 1.483456045389e-02 1.646588928998e-02 4.048969969153e-02 6.050087139010e-02 2.670566178858e-02 2.905205078423e-02 3.298158943653e-02 3.767486289144e-02 4.102491214871e-02 4.011902958155e-02 4.245934262872e-02 4.474541544914e-02 4.737025126815e-02 5.017518997192e-02 5.235443636775e-02 5.287920683622e-02 4.986565932631e-02 4.292536526918e-02 4.424016550183e-02 5.124707892537e-02 5.689220502973e-02 6.196791678667e-02 6.704024225473e-02 7.155790179968e-02 7.321075350046e-02
1.193806994706e-02 1.984963379800e-02 1.993719302118e-02 1.669382117689e-02 1.389863062650e-02 1.813567057252e-02 3.673103451729e-02 4.868542402983e-02 3.917547687888e-02 4.054654017091e-02 4.269374161959e-02 3.921233117580e-02 3.531271964312e-02 3.450101986527e-02 2.919367328286e-02 2.144533023238e-02 1.398249063641e-02 1.268829777837e-02 1.539218053222e-02 3.086223453283e-02 6.785934418440e-02 7.693079859018e-02 2.938852831721e-02 2.476431801915e-02 3.033620119095e-02 3.741853684187e-02 4.202583059669e-02 4.000056162477e-02 3.903885930777e-02 4.239878803492e-02 4.603205248713e-02 4.984620586038e-02 5.364872142673e-02 5.654946342111e-02 5.647115781903e-02 5.176166817546e-02 4.246748238802e-02 4.556471109390e-02 5.103438347578e-02 5.627953633666e-02 6.307096779346e-02 7.103418558836e-02 7.720671594143e-02
1.352826226503e-02 2.370542287827e-02 2.581180073321e-02 2.360934577882e-02 2.024477906525e-02 1.842876709998e-02 3.766249120235e-02 4.890300333500e-02 3.695408999920e-02 3.519547358155e-02 4.196370765567e-02 4.451035708189e-02 4.111868515611e-02 3.658108040690e-02 3.599673137069e-02 3.062614053488e-02 2.256867289543e-02 1.456737890840e-02 2.821391634643e-02 5.656694993377e-02 9.426613152027e-02 8.448097854853e-02 2.835771255195e-02 2.040071040392e-02 2.869214676321e-02 3.708297014236e-02 4.237127676606e-02 4.073233157396e-02 3.369590640068e-02 3.646222129464e-02 4.128243774176e-02 4.656172171235e-02 5.191958323121e-02 5.698103457689e-02 5.990089476109e-02 5.835196748376e-02 5.122101306915e-02 3.995699062943e-02 4.342777282000e-02 4.833857715130e-02 5.611533671618e-02 6.442579627037e-02 7.466053217649e-02
1.350378245115e-02 2.454468607903e-02 2.865784429014e-02 2.861187420785e-02 2.703948505223e-02 2.450241148472e-02 3.783993050456e-02 4.763594642282e-02 3.355025872588e-02 2.795298397541e-02 3.602336719632e-02 4.315498471260e-02 4.620268568397e-02 4.298405721784e-02 3.791148960590e-02 3.756651654840e-02 3.214468061924e-02 2.388578467071e-02 4.471759870648e-02 8.040566742420e-02 1.095588356256e-01 8.343066275120e-02 3.021098300815e-02 3.060010448098e-02 2.618936635554e-02 3.660216554999e-02 4.238167777658e-02 4.207663610578e-02 4.866337403655e-02 3.075101599097e-02 3.542464226484e-02 4.169070348144e-02 4.828519374132e-02 5.485511943698e-02 6.059545651078e-02 6.225848942995e-02 5.862570554018e-02 4.941932857037e-02 3.761836886406e-02 4.276625812054e-02 5.525768920779e-02 5.821537226439e-02 6.693343818188e-02
1.198822073638e-02 2.234954014421e-02 2.773026749492e-02 3.001444600523e-02 3.094477206469e-02 3.086202219129e-02 3.746861591935e-02 4.584464430809e-02 3.034236282110e-02 2.168364264071e-02 2.849974669516e-02 3.702407330275e-02 4.454252496362e-02 4.804382100701e-02 4.512735828757e-02 3.923162817955e-02 3.921337425709e-02 3.383008763194e-02 6.001787632704e-02 9.578640013933e-02 1.134047210217e-01 7.623019814491e-02 4.018018767238e-02 3.877994045615e-02 2.751092240214e-02 3.567157313228e-02 4.213782399893e-02 5.875790119171e-02 8.256544172764e-02 3.932777047157e-02 2.949537150562e-02 3.531080111861e-02 4.270722344518e-02 5.090437456965e-02 5.931304022670e-02 6.429032981396e-02 6.360709667206e-02 5.817617103457e-02 4.782764613628e-02 4.711522534490e-02 5.223374068737e-02 5.930506065488e-02 5.770453065634e-02
1.016344688833e-02 1.848415285349e-02 2.396420575678e-02 2.774311974645e-02 3.093512356281e-02 3.354329988360e-02 3.717174753547e-02 4.512204229832e-02 3.030614182353e-02 2.192203514278e-02 2.442502230406e-02 2.894681692123e-02 3.786505386233e-02 4.615792259574e-02 5.024882405996e-02 4.744881391525e-02 4.065075516701e-02 4.106026887894e-02 7.316016405821e-02 1.037203818560e-01 1.113591492176e-01 6.857892870903e-02 4.379218816757e-02 4.261131584644e-02 3.332428634167e-02 3.390593826771e-02 4.131635278463e-02 8.849982172251e-02 1.150438040495e-01 4.633040726185e-02 2.395693212748e-02 2.880433760583e-02 3.577642142773e-02 4.503398388624e-02 5.539856478572e-02 6.384063512087e-02 6.629317998886e-02 6.396356225014e-02 5.723455548286e-02 5.355861783028e-02 4.754072055221e-02 5.826042592525e-02 6.067796424031e-02
1.690535992384e-02 2.483117580414e-02 2.314448170364e-02 2.585822157562e-02 2.761922776699e-02 3.218900039792e-02 3.696919232607e-02 4.498466849327e-02 3.972741588950e-02 3.391906991601e-02 2.577611990273e-02 2.615005522966e-02 2.902560122311e-02 3.874077275395e-02 4.749913141131e-02 5.202513188124e-02 4.963596910238e-02 4.858368635178e-02 8.027824759483e-02 1.019828915596e-01 1.011041253805e-01 5.964983627200e-02 4.487833008170e-02 4.068674147129e-02 3.590252250433e-02 3.124140016735e-02 4.049129039049e-02 1.137327328324e-01 1.339134722948e-01 5.127950757742e-02 2.386479452252e-02 2.312208525836e-02 2.895477786660e-02 3.747432678938e-02 4.849975928664e-02 6.015184894204e-02 6.728620827198e-02 6.751971691847e-02 6.377848982811e-02 5.583262816072e-02 4.431377351284e-02 5.517028272152e-02 6.187161803246e-02
2.232027612627e-02 3.700344637036e-02 2.888727001846e-02 2.485486119986e-02 2.744966372848e-02 2.750316075981e-02 3.722238913178e-02 4.511735960841e-02 4.455142468214e-02 4.385546967387e-02 3.654752299190e-02 3.028210066259e-02 3.494706377387e-02 3.813487663865e-02 3.999508172274e-02 4.865591228008e-02 5.405879765749e-02 5.565867200494e-02 8.215985447168e-02 9.443815797567e-02 8.763866126537e-02 5.100568383932e-02 4.067670553923e-02 4.095243662596e-02 3.458027169108e-02 2.742011100054e-02 3.953806683421e-02 1.286838054657e-01 1.420568078756e-01 5.334727838635e-02 2.696707472205e-02 2.035020478070e-02 2.299054712057e-02 3.148266300559e-02 3.984854742885e-02 5.274251103401e-02 6.476113945246e-02 6.979423016310e-02 6.825333088636e-02 6.353955715895e-02 5.435395613313e-02 5.081826075912e-02 6.102899834514e-02
2.377736382186e-02 4.406682401896e-02 4.275057464838e-02 3.034543804824e-02 3.022766485810e-02 2.973454259336e-02 3.703498467803e-02 4.458145797253e-02 4.335308820009e-02 4.793897271156e-02 4.663405194879e-02 4.096588492393e-02 4.544433951378e-02 4.803669452667e-02 4.936134070158e-02 4.998859390616e-02 4.991689324379e-02 6.254599243402e-02 8.226665854454e-02 8.446216583252e-02 7.261044532061e-02 4.677574709058e-02 4.367042332888e-02 3.877581283450e-02 3.578101471066e-02 3.107051178813e-02 3.759931400418e-02 1.353690773249e-01 1.450952887535e-01 5.243968218565e-02 2.748779207468e-02 2.155933715403e-02 2.443334460258e-02 3.604888543487e-02 4.778778925538e-02 5.786086246371e-02 6.442259997129e-02 6.866188347340e-02 7.098226994276e-02 6.882511079311e-02 6.299340724945e-02 5.243110284209e-02 5.791122838855e-02
2.034211717546e-02 4.192475974560e-02 4.985678195953e-02 4.475207626820e-02 4.475522413850e-02 4.680922999978e-02 4.888083413243e-02 5.057124048471e-02 5.212020874023e-02 5.248179286718e-02 5.043529346585e-02 4.902968928218e-02 5.238376185298e-02 5.448706075549e-02 5.535037815571e-02 5.548280850053e-02 5.515777692199e-02 6.748499721289e-02 8.210987597704e-02 7.995516061783e-02 6.869039684534e-02 5.369624495506e-02 4.822314903140e-02 4.762486368418e-02 4.444211348891e-02 4.404827952385e-02 4.585633426905e-02 1.296168118715e-01 1.282393783331e-01 4.785291850567e-02 3.229638934135e-02 3.267574310303e-02 4.582295566797e-02 5.772438272834e-02 6.532349437475e-02 6.810716539621e-02 6.519097089767e-02 6.251157075167e-02 7.053417712450e-02 7.203860580921e-02 6.922755390406e-02 6.174299493432e-02 5.295267328620e-02
1.755235344172e-02 3.357851505280e-02 4.653145372868e-02 5.210239067674e-02 4.756149277091e-02 5.202062055469e-02 5.655733495951e-02 6.077324599028e-02 6.546450406313e-02 7.033198326826e-02 7.237428426743e-02 7.096896320581e-02 6.649492681026e-02 5.742962658405e-02 5.553483963013e-02 5.549655109644e-02 5.576647445560e-02 6.932155042887e-02 8.375316113234e-02 8.529917150736e-02 7.356386631727e-02 6.203511729836e-02 5.469916388392e-02 4.912386462092e-02 5.750269442797e-02 5.689430981874e-02 6.021412461996e-02 1.127423271537e-01 1.006889715791e-01 5.231253430247e-02 4.881612583995e-02 5.767738819122e-02 6.939338892698e-02 7.518209517002e-02 7.447772473097e-02 6.774248182774e-02 5.416437983513e-02 5.247954279184e-02 6.572219729424e-02 7.533793896437e-02 7.433045655489e-02 6.940338760614e-02 5.931433290243e-02
3.382428735495e-02 6.727009266615e-02 7.482578605413e-02 7.128429412842e-02 6.053853780031e-02 4.788450524211e-02 4.994965344667e-02 5.496130883694e-02 6.060380861163e-02 6.824055314064e-02 7.577534019947e-02 7.862281054258e-02 7.738798111677e-02 7.046896964312e-02 6.005149334669e-02 4.881207644939e-02 5.026444792747e-02 6.709028780460e-02 7.875781506300e-02 7.755376398563e-02 6.956221163273e-02 6.575068086386e-02 6.652040034533e-02 6.290744245052e-02 6.107619777322e-02 6.639286130667e-02 7.114277780056e-02 9.221351146698e-02 7.355517894030e-02 6.863208115101e-02 6.588710099459e-02 7.941020280123e-02 8.479756861925e-02 8.086475729942e-02 6.938296556473e-02 5.330866202712e-02 4.293229058385e-02 4.146994277835e-02 5.717444047332e-02 7.948794960976e-02 7.825943827629e-02 7.635513693094e-02 6.898454576731e-02
3.998482972383e-02 8.059591054916e-02 9.606490284204e-02 1.015705764294e-01 9.465249627829e-02 7.847129553556e-02 5.801710486412e-02 4.261939972639e-02 4.761099442840e-02 5.412740260363e-02 6.190391629934e-02 6.685397773981e-02 6.978521496058e-02 6.704311817884e-02 5.834146961570e-02 5.402787402272e-02 5.650266632438e-02 6.151426956058e-02 7.079781591892e-02 6.323913484812e-02 5.681306496263e-02 5.672970414162e-02 6.281908601522e-02 6.819798797369e-02 6.973781436682e-02 6.953848898411e-02 7.535184174776e-02 8.947628736496e-02 9.065416455269e-02 8.522181212902e-02 8.170935511589e-02 9.062094986439e-02 8.657291531563e-02 8.799079060555e-02 5.165595561266e-02 6.458234786987e-02 4.719263315201e-02 3.908678144217e-02 4.624798148870e-02 6.573573499918e-02 9.793958067894e-02 8.220737427473e-02 7.805890589952e-02
3.106739372015e-02 6.329631060362e-02 8.149313181639e-02 9.785890579224e-02 1.073656082153e-01 1.001025736332e-01 8.181240409613e-02 5.772610381246e-02 4.195564240217e-02 4.368689283729e-02 4.896035045385e-02 5.510649457574e-02 6.142758950591e-02 6.171999126673e-02 6.024829298258e-02 6.009715050459e-02 5.984661355615e-02 5.803487449884e-02 6.171399727464e-02 5.740934237838e-02 4.765773192048e-02 4.812124371529e-02 5.166804417968e-02 5.802984908223e-02 6.744880229235e-02 7.318773120642e-02 1.089263558388e-01 1.196899414062e-01 1.205656751990e-01 1.180387511849e-01 1.118377223611e-01 1.067125499249e-01 1.181600019336e-01 1.176967546344e-01 6.526036560535e-02 7.664926350117e-02 5.356716364622e-02 4.826007038355e-02 5.402800813317e-02 5.726652964950e-02 1.108797714114e-01 8.493823558092e-02 8.440615236759e-02
2.890095114708e-02 5.867481231689e-02 6.595864892006e-02 7.882824540138e-02 1.014070361853e-01 1.113889366388e-01 1.001420021057e-01 7.993711531162e-02 5.559272691607e-02 4.345481470227e-02 5.325687676668e-02 5.051428824663e-02 5.463692545891e-02 5.716925859451e-02 5.653799325228e-02 6.347958743572e-02 6.305722892284e-02 5.549779161811e-02 5.288917571306e-02 5.017575621605e-02 4.621731489897e-02 4.125764220953e-02 4.419801756740e-02 4.788731038570e-02 5.243547260761e-02 8.110970258713e-02 1.204176172614e-01 1.197721585631e-01 1.211007311940e-01 1.273927092552e-01 1.341006308794e-01 1.374382823706e-01 1.468158364296e-01 1.311963051558e-01 8.894157409668e-02 8.626949042082e-02 5.597559735179e-02 6.003157794476e-02 6.748868525028e-02 7.215155661106e-02 1.064426898956e-01 9.443274885416e-02 8.825843781233e-02
2.289544604719e-02 5.097926035523e-02 6.808314472437e-02 7.342407852411e-02 8.776888251305e-02 1.112582385540e-01 1.148789152503e-01 1.002005487680e-01 7.766377180815e-02 5.857070907950e-02 6.886372715235e-02 7.112243026495e-02 5.110663920641e-02 5.542624369264e-02 5.335573852062e-02 5.760185420513e-02 6.695322692394e-02 6.618626415730e-02 6.014820560813e-02 6.428926438093e-02 6.615641713142e-02 6.556300073862e-02 6.161864846945e-02 5.533802136779e-02 4.748281836510e-02 8.584819734097e-02 1.052281558514e-01 1.003686562181e-01 1.007970795035e-01 1.079933270812e-01 1.237969696522e-01 1.423815935850e-01 1.583396047354e-01 1.345123648643e-01 1.107024028897e-01 9.911552816629e-02 7.617518305779e-02 7.058637589216e-02 7.979895919561e-02 8.614610880613e-02 8.740191161633e-02 1.267988532782e-01 8.996704220772e-02
1.600313000381e-02 3.718160837889e-02 5.596590042114e-02 7.247566431761e-02 8.049505949020e-02 1.005463749170e-01 1.207051575184e-01 1.181964799762e-01 9.954009950161e-02 7.301452010870e-02 6.786610931158e-02 7.550738751888e-02 5.382123216987e-02 6.109739840031e-02 6.687971204519e-02 5.783927440643e-02 5.987752228975e-02 7.055405527353e-02 7.125238329172e-02 6.220394372940e-02 6.598302721977e-02 7.442619651556e-02 8.102831244469e-02 8.403501659632e-02 8.343473821878e-02 7.870790362358e-02 7.881503552198e-02 7.279261946678e-02 7.283645123243e-02 8.212660253048e-02 9.530296921730e-02 1.203970834613e-01 1.486767828465e-01 1.326156407595e-01 1.228725239635e-01 1.229429766536e-01 1.050640791655e-01 7.713207602501e-02 8.774811029434e-02 9.660161286592e-02 1.010314300656e-01 1.479032337666e-01 8.845888078213e-02
