100/SI/f23.grd
DSAA
101	101
32.816463539100	34.260883539100
35.556306596100	36.727886596100
2.380793448538e-03	4.072359466553e+01
[rows 57 to 75 of 101, columns 43 to 85 of 101]
1.228793263435e+00 5.130120515823e-01 2.964818775654e-01 4.897212088108e-01 7.017000317574e-01 6.086109876633e-01 4.003413915634e-01 4.580931961536e-01 4.056793153286e-01 4.067779481411e-01 2.696396708488e-01 3.544192612171e-01 5.458510518074e-01 2.593522667885e-01 4.835629165173e-01 1.430656790733e+00 5.510405540466e+00 4.078868389130e+00 3.397052288055e+00 2.103049755096e+00 8.383325338364e-01 6.357223391533e-01 1.541804432869e+00 2.345525503159e+00 9.317728877068e-01 3.785452544689e-01 5.212411880493e-01 4.400497376919e-01 4.961321055889e-01 6.067875623703e-01 3.879363834858e-01 2.772418856621e-01 2.576553523540e-01 3.656839132309e-01 2.271702587605e-01 1.984516829252e-01 1.521609276533e-01 2.139485776424e-01 2.671007514000e-01 1.944433748722e-01 1.057810187340e-01 1.142316907644e-01 1.216063722968e-01
7.803452014923e-01 6.830437183380e-01 3.793946504593e-01 2.382092475891e-01 4.497361779213e-01 6.003603339195e-01 5.600008964539e-01 1.172935962677e+00 8.877746462822e-01 5.254479646683e-01 2.783766984940e-01 1.764123737812e-01 5.332371592522e-01 7.682243585587e-01 3.220883011818e-01 1.073963642120e+00 1.524054408073e+00 1.864775657654e+00 1.647250771523e+00 1.260054588318e+00 7.589892148972e-01 5.738575458527e-01 4.611276686192e-01 5.338357686996e-01 7.315173149109e-01 1.373805642128e+00 4.261747598648e-01 5.976168513298e-01 6.338729262352e-01 4.780727028847e-01 5.512358546257e-01 3.905876874924e-01 3.160864114761e-01 2.488803714514e-01 2.005844712257e-01 1.725942045450e-01 1.802719086409e-01 1.624503731728e-01 1.391324847937e-01 1.367707550526e-01 9.868032485247e-02 1.034241914749e-01 1.141910776496e-01
6.682394742966e-01 6.968790292740e-01 4.154183566570e-01 2.156157046556e-01 2.277129590511e-01 4.040463864803e-01 5.891079902649e-01 1.477801561356e+00 1.247148513794e+00 3.683938980103e-01 2.903300523758e-01 1.652831733227e-01 1.711545437574e-01 7.469712495804e-01 9.644066095352e-01 4.103856384754e-01 3.740853369236e-01 2.546835541725e-01 3.102057874203e-01 3.807190060616e-01 4.378045201302e-01 2.645081877708e-01 2.805054187775e-01 3.639927804470e-01 6.123315095901e-01 2.781938552856e+00 1.304982066154e+00 7.521424293518e-01 6.780444383621e-01 7.073920369148e-01 5.581750869751e-01 3.890158832073e-01 3.397408127785e-01 2.786976695061e-01 2.327478230000e-01 1.911383122206e-01 1.781389266253e-01 1.818112879992e-01 1.969104409218e-01 2.071373462677e-01 1.976878792048e-01 1.752604544163e-01 1.825039237738e-01
5.335517525673e-01 5.624278783798e-01 3.383834064007e-01 2.508320510387e-01 4.648070633411e-01 4.355178475380e-01 1.102040052414e+00 7.561923265457e-01 1.741505503654e+00 3.860916793346e-01 2.270548939705e-01 1.421520560980e-01 8.992150425911e-02 2.923835813999e-01 9.911717176437e-01 1.209349155426e+00 4.183518290520e-01 3.303596675396e-01 1.872535645962e-01 2.014072537422e-01 1.810613870621e-01 2.505321204662e-01 1.906965374947e-01 2.229020297527e-01 5.108256340027e-01 9.887119531631e-01 3.922611951828e+00 6.686496734619e-01 5.806404948235e-01 5.094605088234e-01 5.720170140266e-01 5.306499600410e-01 3.330944180489e-01 2.841941714287e-01 2.409487664700e-01 2.137719839811e-01 2.126439362764e-01 2.470194399357e-01 2.779080569744e-01 3.079181611538e-01 3.218215405941e-01 3.637734949589e-01 4.054268598557e-01
3.988321721554e-01 3.731849193573e-01 2.396338880062e-01 2.186550498009e-01 2.845920026302e-01 3.330772519112e-01 5.275349020958e-01 1.239982485771e+00 9.552350640297e-01 3.696856200695e-01 2.527035772800e-01 1.433278024197e-01 8.165129274130e-02 7.058907300234e-02 4.099761545658e-01 1.220399379730e+00 1.284516930580e+00 4.281310141087e-01 1.939839124680e-01 1.257073581219e-01 1.302962899208e-01 1.570610702038e-01 1.579879224300e-01 1.979383379221e-01 2.876527011395e-01 1.300222396851e+00 3.244314670563e+00 5.327472090721e-01 6.277249455452e-01 3.945845365524e-01 3.768219947815e-01 5.487589240074e-01 3.199588656425e-01 2.865780889988e-01 3.101685047150e-01 3.801216483116e-01 4.977318048477e-01 7.960577011108e-01 7.968162894249e-01 5.734789967537e-01 4.874541759491e-01 5.414096713066e-01 5.513835549355e-01
3.075802922249e-01 2.237265557051e-01 2.070667743683e-01 2.191468775272e-01 4.151362776756e-01 2.832725942135e-01 4.249414801598e-01 3.139966726303e-01 2.079646736383e-01 2.950711250305e-01 2.794232368469e-01 2.001420855522e-01 1.156951189041e-01 7.415518909693e-02 7.949699461460e-02 5.014425516129e-01 1.334429025650e+00 1.126756310463e+00 2.749037444592e-01 1.269771456718e-01 1.210189238191e-01 1.236372143030e-01 1.427304595709e-01 1.846412420273e-01 2.677941620350e-01 4.760367572308e-01 1.005247712135e+00 1.183132767677e+00 1.012095332146e+00 4.202199280262e-01 4.139038026333e-01 4.847660362720e-01 5.034415125847e-01 5.778780579567e-01 7.284604907036e-01 8.548491597176e-01 8.968158960342e-01 1.423901796341e+00 6.055607795715e-01 4.619787335396e-01 4.552333354950e-01 4.309330880642e-01 3.746686875820e-01
2.366609573364e-01 1.444699764252e-01 1.629804074764e-01 1.705308258533e-01 2.073687613010e-01 3.280154168606e-01 2.398956418037e-01 4.308095872402e-01 2.817952036858e-01 1.569233387709e-01 2.114974260330e-01 2.046415805817e-01 1.452033072710e-01 9.170959889889e-02 6.288906931877e-02 1.048504635692e-01 6.597200632095e-01 1.464570999146e+00 8.286470174789e-01 1.797862797976e-01 1.057508587837e-01 1.222705245018e-01 1.325497329235e-01 1.775377690792e-01 2.706849575043e-01 5.241040587425e-01 3.427007794380e-01 7.780253887177e-01 1.146187543869e+00 4.302953481674e-01 6.173045635223e-01 3.044222891331e-01 4.691930115223e-01 6.574993729591e-01 6.896845698357e-01 5.633654594421e-01 4.929700493813e-01 3.608356714249e-01 2.407830357552e-01 2.363917678595e-01 2.342639416456e-01 2.466628253460e-01 2.219884395599e-01
1.944623738527e-01 1.147114858031e-01 1.227178126574e-01 1.186633557081e-01 1.394328474998e-01 1.521883457899e-01 1.278422623873e-01 1.816136687994e-01 4.120201766491e-01 3.064536452293e-01 1.082452759147e-01 1.390789747238e-01 1.366749703884e-01 1.049675717950e-01 7.079531252384e-02 7.909877598286e-02 1.808082610369e-01 8.703794479370e-01 1.466633558273e+00 4.006126523018e-01 1.159999668598e-01 1.147813349962e-01 1.300999224186e-01 1.654555648565e-01 2.029133588076e-01 2.246261835098e-01 2.542774975300e-01 3.954224586487e-01 8.219133019447e-01 2.345361232758e+00 3.065671324730e-01 3.662950098515e-01 3.324414193630e-01 8.349915146828e-01 3.855429887772e-01 6.656315922737e-01 9.602467417717e-01 5.399670004845e-01 7.291345596313e-01 4.620487093925e-01 2.255090475082e-01 9.372465610504e-01 1.182844638824e+00
1.259247064590e-01 9.612177312374e-02 9.441317617893e-02 8.303423970938e-02 9.606102108955e-02 1.013465896249e-01 9.241560101509e-02 9.346657246351e-02 1.629044562578e-01 2.857519686222e-01 3.048388361931e-01 1.794514209032e-01 7.801327109337e-02 8.079715073109e-02 6.699585914612e-02 7.698953896761e-02 1.058879792690e-01 4.881242513657e-01 1.192997097969e+00 1.106260061264e+00 2.162467390299e-01 1.028206199408e-01 1.236355677247e-01 1.438142061234e-01 1.527403593063e-01 1.719449460506e-01 2.443562448025e-01 2.948843836784e-01 5.047364234924e-01 1.259178996086e+00 1.691336750984e+00 3.749780952930e-01 3.298062980175e-01 8.308599591255e-01 6.039168238640e-01 2.318861037493e-01 7.183867692947e-01 1.064270138741e+00 1.292623996735e+00 6.819805502892e-01 8.090507984161e-01 1.437471985817e+00 1.680263280869e+00
7.756386697292e-02 8.304962515831e-02 7.694476097822e-02 6.298847496510e-02 7.139185070992e-02 7.560422271490e-02 7.878585159779e-02 7.752742618322e-02 8.680439740419e-02 1.460074186325e-01 1.765320450068e-01 2.402540147305e-01 2.176652699709e-01 6.865324825048e-02 6.227860972285e-02 6.582981348038e-02 8.469173312187e-02 3.027946949005e-01 6.850954890251e-01 1.269143939018e+00 8.955259323120e-01 1.349965482950e-01 1.065363138914e-01 1.576143056154e-01 1.692030131817e-01 2.493952512741e-01 2.251170426607e-01 2.704735696316e-01 4.296121299267e-01 5.541248917580e-01 2.002103328705e+00 4.238562881947e-01 2.827918231487e-01 3.407954931259e+00 3.358296751976e-01 2.247384488583e-01 1.621363610029e-01 1.439519226551e-01 1.799793392420e-01 1.550493240356e-01 2.891402840614e-01 1.018402948976e-01 1.142929047346e-01
6.948403269053e-02 7.308448851109e-02 6.508616358042e-02 5.405378714204e-02 6.052694097161e-02 6.583131104708e-02 6.791189312935e-02 6.720006465912e-02 7.687166333199e-02 9.317375719547e-02 1.254573762417e-01 1.146622970700e-01 1.600416004658e-01 2.036497145891e-01 6.498594582081e-02 6.381252408028e-02 6.146254017949e-02 1.346450299025e-01 5.587465167046e-01 6.502741575241e-01 1.151518464088e+00 6.356363892555e-01 9.612293541431e-02 1.048964783549e-01 1.190438568592e-01 2.920438051224e-01 4.865462183952e-01 2.832449078560e-01 3.588431775570e-01 4.295853972435e-01 1.986995577812e+00 5.182539224625e-01 2.845922708511e+00 3.584750413895e+00 2.095482796431e-01 2.737755477428e-01 2.553933560848e-01 1.541229933500e-01 1.398758143187e-01 1.347154974937e-01 2.109915316105e-01 7.264265418053e-02 9.321936964989e-02
6.315565854311e-02 6.494616717100e-02 6.104280427098e-02 5.276896059513e-02 5.808073282242e-02 5.977346375585e-02 6.308090686798e-02 6.236718222499e-02 6.815043091774e-02 8.030569553375e-02 1.182560995221e-01 9.206523746252e-02 7.673551887274e-02 1.222496181726e-01 1.455335468054e-01 6.872739642859e-02 6.754047423601e-02 4.732869192958e-02 3.826699852943e-01 6.513692140579e-01 6.511980891228e-01 9.268169403076e-01 4.595284759998e-01 1.076133698225e-01 1.382060348988e-01 1.750063151121e-01 2.533184885979e-01 4.197496771812e-01 3.736280798912e-01 5.057851672173e-01 9.694048166275e-01 2.486809492111e+00 4.115277767181e+00 1.580889463425e+00 5.517544746399e-01 1.471349298954e-01 2.190431356430e-01 2.699341773987e-01 1.006262376904e-01 1.238664165139e-01 1.119200661778e-01 8.898206800222e-02 6.840390712023e-02
5.637320876122e-02 7.455828785896e-02 6.487934291363e-02 4.901050776243e-02 5.211232602596e-02 7.335475832224e-02 5.501822754741e-02 5.752622708678e-02 6.760659813881e-02 8.144684135914e-02 9.016772359610e-02 9.929043799639e-02 9.203808754683e-02 8.023971319199e-02 1.134737655520e-01 8.345836400986e-02 7.873201370239e-02 5.417365580797e-02 2.124522775412e-01 5.866742730141e-01 5.212975740433e-01 6.080980300903e-01 7.519361972809e-01 2.989048063755e-01 1.372151970863e-01 1.988833993673e-01 2.352768033743e-01 2.995738089085e-01 7.600194215775e-01 1.255046129227e+00 2.770651578903e+00 4.229557037354e+00 1.914304018021e+00 1.241466522217e+00 7.400705814362e-01 3.801244795322e-01 2.331187278032e-01 3.275863528252e-01 1.301268190145e-01 8.094796538353e-02 7.965525239706e-02 7.515405118465e-02 7.337889820337e-02
4.918756708503e-02 7.973100244999e-02 6.820944696665e-02 5.111416056752e-02 7.622016966343e-02 4.788315668702e-02 5.261506140232e-02 5.744126066566e-02 6.862499564886e-02 8.164763450623e-02 9.897579997778e-02 1.019309684634e-01 1.113138571382e-01 9.461850672960e-02 1.336526870728e-01 1.590134054422e-01 1.217575147748e-01 1.291495859623e-01 1.124688684940e-01 4.357507228851e-01 5.239275097847e-01 3.017710447311e-01 5.868288278580e-01 6.291828751564e-01 1.722659617662e-01 2.451052963734e-01 2.275958359241e-01 5.684458613396e-01 1.824862003326e+00 3.662596940994e+00 4.536861419678e+00 2.048924207687e+00 4.940726757050e-01 1.286632180214e+00 5.145250558853e-01 2.887749075890e-01 1.420016884804e-01 1.201561689377e-01 7.350172102451e-02 5.394938215613e-02 5.138169601560e-02 6.588143855333e-02 7.228725403547e-02
5.396027117968e-02 8.094423264265e-02 7.072008401155e-02 7.074557244778e-02 4.995852708817e-02 4.396321251988e-02 5.173429846764e-02 6.017802655697e-02 8.976474404335e-02 1.602478772402e-01 1.245036348701e-01 1.165919452906e-01 1.045291796327e-01 1.202759221196e-01 1.268361955881e-01 3.300947844982e-01 3.168189525604e-01 4.128949046135e-01 4.397486150265e-01 5.710225105286e-01 5.077208280563e-01 3.754726946354e-01 2.840171456337e-01 5.688484907150e-01 5.701161623001e-01 3.032109439373e-01 5.391792058945e-01 7.067120671272e-01 2.429318428040e+00 3.247208356857e+00 1.650319933891e+00 5.725014209747e-01 4.719299077988e-01 3.052919805050e-01 1.312647908926e-01 9.448882937431e-02 6.050989031792e-02 9.245029091835e-02 3.319494426250e-01 1.511989384890e-01 3.333161771297e-02 3.923522680998e-02 4.088690504432e-02
8.791603893042e-02 9.366410225630e-02 8.590772002935e-02 7.979350537062e-02 5.767598748207e-02 4.595201835036e-02 4.946640878916e-02 6.052098795772e-02 8.786389976740e-02 1.681409180164e-01 2.242675423622e-01 1.545144319534e-01 1.566929221153e-01 1.808141916990e-01 3.357220888138e-01 8.996832966805e-01 3.928965330124e-01 6.339446306229e-01 1.035569787025e+00 1.282731771469e+00 9.511106014252e-01 4.777278304100e-01 2.403313070536e-01 3.247104287148e-01 5.210201740265e-01 6.480091810226e-01 5.068150758743e-01 5.692376494408e-01 5.312824249268e-01 4.695388078690e-01 4.366303682327e-01 3.549785614014e-01 3.170585334301e-01 1.629169434309e-01 2.479806691408e-01 2.646553218365e-01 2.709736824036e-01 1.562686711550e-01 1.500904113054e-01 6.799593567848e-02 4.702435433865e-02 4.243968427181e-02 1.694664210081e-01
1.189702153206e-01 1.354026645422e-01 1.246404200792e-01 1.115064173937e-01 9.285916388035e-02 6.330322474241e-02 8.952798694372e-02 1.013239845634e-01 1.277573555708e-01 1.259672194719e-01 2.307106256485e-01 2.187290638685e-01 1.922112554312e-01 3.553794920444e-01 1.335373401642e+00 1.920822024345e+00 1.578873634338e+00 1.389879107475e+00 2.119117736816e+00 1.336504220963e+00 7.080159187317e-01 5.731539726257e-01 5.014070868492e-01 4.185205996037e-01 8.607660531998e-01 5.660131573677e-01 5.073288679123e-01 4.063307940960e-01 3.428758978844e-01 3.571777045727e-01 7.309397459030e-01 3.042455017567e-01 2.029406577349e-01 1.528346240520e-01 1.629935204983e-01 1.059085726738e-01 1.147770062089e-01 8.054128289223e-02 8.777812123299e-02 9.683348983526e-02 4.407396912575e-02 4.322703555226e-02 4.244444891810e-02
1.132972016931e-01 1.427823454142e-01 1.307535767555e-01 9.131929278374e-02 6.378684937954e-02 6.385059952736e-01 4.163262546062e-01 3.478044867516e-01 4.302153587341e-01 2.412015050650e-01 1.905603408813e-01 1.632942855358e-01 2.331085056067e-01 6.813876032829e-01 1.432036399841e+00 1.539369225502e+00 1.044262647629e+00 7.948929071426e-01 3.956131339073e-01 5.177006125450e-01 7.279638051987e-01 6.686797142029e-01 4.278220534325e-01 2.535246312618e-01 1.192516922951e+00 6.073372364044e-01 4.381431341171e-01 3.019203841686e-01 1.903188973665e-01 2.182381749153e-01 3.193615674973e-01 1.608953922987e-01 1.329723298550e-01 1.075498983264e-01 1.159555464983e-01 1.539975553751e-01 9.740669280291e-02 4.703398421407e-02 5.892492458224e-02 7.325105369091e-02 9.824033826590e-02 4.559674113989e-02 1.124451383948e-01
1.082233041525e-01 1.484176814556e-01 2.523555457592e-01 6.039083003998e-01 1.768899559975e-01 7.632952928543e-01 2.899407863617e+00 4.371291697025e-01 1.410626411438e+00 9.788445830345e-01 3.641925156116e-01 2.769342362881e-01 6.506479978561e-01 9.461346268654e-01 8.885118365288e-01 7.577866911888e-01 8.182574510574e-01 9.782261252403e-01 5.676241517067e-01 8.520565629005e-01 1.024423480034e+00 8.866078853607e-01 5.424830913544e-01 3.733019828796e-01 4.642706811428e-01 2.579918503761e-01 3.375023603439e-01 3.433142602444e-01 1.353778839111e-01 1.192585304379e-01 1.252701431513e-01 1.261079907417e-01 1.100556328893e-01 1.017609834671e-01 9.724839031696e-02 1.024156361818e-01 1.394170969725e-01 1.013947427273e-01 7.316064834595e-02 7.904776930809e-02 8.022117614746e-02 1.042230874300e-01 1.180027574301e-01
