100/SI/f25_max.grd
DSAA
101	101
32.816463539100	34.260883539100
35.556306596100	36.727886596100
1.367947366089e-02	2.468119873047e+03
[rows 0 to 18 of 101, columns 0 to 42 of 101]
2.117492437363e+00 3.780393838882e+00 3.345918178558e+00 2.002110004425e+00 1.741752386093e+00 2.295632123947e+00 4.550991535187e+00 6.316307067871e+00 5.626399040222e+00 3.344008207321e+00 2.073025941849e+00 2.381309986115e+00 2.527150630951e+00 2.439221143723e+00 2.091306209564e+00 3.157998085022e+00 4.740355968475e+00 5.495333671570e+00 3.935009956360e+00 2.540311574936e+00 2.934477329254e+00 3.175060033798e+00 2.277958869934e+00 2.041341066360e+00 2.200617313385e+00 3.006309270859e+00 4.484766960144e+00 5.127169132233e+00 6.801324367523e+00 5.431925773621e+00 3.996650695801e+00 3.758377552032e+00 3.265095233917e+00 2.593510627747e+00 2.089421033859e+00 2.028367757797e+00 1.870092511177e+00 2.532416820526e+00 3.541357755661e+00 4.051711082458e+00 3.390480756760e+00 2.930231809616e+00 2.789780855179e+00
3.921838045120e+00 7.395205497742e+00 7.245818138123e+00 5.056696891785e+00 3.638123512268e+00 4.438475608826e+00 8.760102272034e+00 1.206051254272e+01 1.062470054626e+01 6.161803722382e+00 3.562895536423e+00 4.072396278381e+00 4.299283027649e+00 4.092006206512e+00 3.506384372711e+00 4.710530281067e+00 7.480727195740e+00 9.789708137512e+00 8.860554695129e+00 5.305469989777e+00 5.354577541351e+00 8.286989212036e+00 4.374368190765e+00 3.962840557098e+00 4.540903091431e+00 5.877951622009e+00 7.521465778351e+00 8.599240303040e+00 1.293264484406e+01 1.009045410156e+01 6.503349781036e+00 5.897184371948e+00 5.892029762268e+00 4.407542228699e+00 4.745132923126e+00 4.966618537903e+00 5.002457618713e+00 5.621850013733e+00 7.052075386047e+00 7.085771083832e+00 5.240685939789e+00 5.289960861206e+00 5.773875236511e+00
3.846548080444e+00 7.885293960571e+00 8.831629753113e+00 7.555168628693e+00 4.854855060577e+00 5.128643989563e+00 1.014619255066e+01 1.372193908691e+01 1.170418834686e+01 6.384576320648e+00 4.506674289703e+00 5.078369617462e+00 5.245136260986e+00 4.852343559265e+00 3.995767593384e+00 3.773134469986e+00 4.942196369171e+00 7.362032413483e+00 8.408998489380e+00 6.847831249237e+00 8.567483901978e+00 1.281909751892e+01 5.638303756714e+00 4.918761253357e+00 6.050187587738e+00 7.321045875549e+00 7.599834918976e+00 7.824394702911e+00 1.508782291412e+01 1.132724666595e+01 6.318111419678e+00 5.421046733856e+00 8.050993919373e+00 4.298178195953e+00 4.459784984589e+00 5.124101638794e+00 6.463015079498e+00 8.169700622559e+00 8.529831886292e+00 7.062752246857e+00 7.153059959412e+00 4.917041778564e+00 6.481717586517e+00
3.464042186737e+00 7.601014614105e+00 8.959970474243e+00 9.145547866821e+00 7.344146728516e+00 5.257129192352e+00 1.061562633514e+01 1.405396938324e+01 1.132429790497e+01 5.492744445801e+00 4.996906757355e+00 5.513266563416e+00 5.488265037537e+00 4.883199214935e+00 3.884054422379e+00 3.859502077103e+00 3.676206111908e+00 4.300848007202e+00 5.580730438232e+00 6.509603977203e+00 1.437286186218e+01 1.632269668579e+01 6.352313041687e+00 5.414000034332e+00 6.689354419708e+00 7.667074680328e+00 7.336952209473e+00 7.281170845032e+00 1.513226604462e+01 1.102805042267e+01 5.634455680847e+00 4.628249168396e+00 9.274392127991e+00 4.946235656738e+00 5.047230720520e+00 7.120995521545e+00 8.793723106384e+00 9.152997970581e+00 7.744237422943e+00 8.966159820557e+00 8.645369529724e+00 5.367113113403e+00 5.953739166260e+00
3.392710208893e+00 7.283538341522e+00 8.601694107056e+00 9.424506187439e+00 9.006078720093e+00 6.361294269562e+00 1.084724044800e+01 1.406092357635e+01 1.063540554047e+01 4.640539646149e+00 5.368833065033e+00 5.712149143219e+00 5.612964153290e+00 5.591610431671e+00 5.139347553253e+00 4.347289562225e+00 4.067678928375e+00 4.049861431122e+00 5.919490814209e+00 1.193906593323e+01 1.997788429260e+01 1.794577598572e+01 6.832029819489e+00 7.592282295227e+00 6.708636760712e+00 7.506655216217e+00 6.736891746521e+00 7.255324363708e+00 1.434118461609e+01 1.040005111694e+01 6.658316612244e+00 5.257519721985e+00 9.882424354553e+00 5.662144660950e+00 7.924965381622e+00 9.469673156738e+00 9.564601898193e+00 8.072612762451e+00 5.561443328857e+00 9.220556259155e+00 1.066203498840e+01 7.178954601288e+00 4.735337257385e+00
3.125661373138e+00 6.374313354492e+00 7.689393997192e+00 8.328090667725e+00 9.219980239868e+00 7.666011810303e+00 1.085741615295e+01 1.363561725616e+01 9.608079910278e+00 5.101102828979e+00 5.710899353027e+00 6.344923496246e+00 6.766273498535e+00 6.556152820587e+00 5.907575130463e+00 4.819941043854e+00 3.901257276535e+00 4.247698307037e+00 9.405607223511e+00 1.700559425354e+01 2.325154304504e+01 1.774459075928e+01 7.598750114441e+00 1.156789016724e+01 7.121009826660e+00 7.053096771240e+00 6.045019149780e+00 7.787555217743e+00 1.284681034088e+01 1.032302379608e+01 6.720555782318e+00 5.468596458435e+00 1.144498157501e+01 8.469783782959e+00 1.003371620178e+01 9.910376548767e+00 8.225356101990e+00 5.694018840790e+00 6.268677711487e+00 8.697840690613e+00 1.307432556152e+01 8.352524757385e+00 4.533864021301e+00
3.947518587112e+00 7.003607749939e+00 6.560059070587e+00 6.489767074585e+00 7.983951568604e+00 7.719151973724e+00 1.070750331879e+01 1.305999279022e+01 8.643630027771e+00 5.633950233459e+00 6.379161834717e+00 7.260345935822e+00 7.365335464478e+00 6.861481189728e+00 5.854859352112e+00 5.420642852783e+00 5.224452972412e+00 6.534205436707e+00 1.267872333527e+01 2.031524467468e+01 2.409776496887e+01 1.622971343994e+01 9.705975532532e+00 1.467608642578e+01 1.032736015320e+01 6.509319305420e+00 5.732145309448e+00 1.442974185944e+01 2.029266738892e+01 1.317489624023e+01 7.444647312164e+00 6.383719444275e+00 1.255763626099e+01 9.930258750916e+00 9.917977333069e+00 8.233963012695e+00 5.744060516357e+00 6.292879581451e+00 9.114689826965e+00 1.150123310089e+01 1.346073150635e+01 9.751671791077e+00 4.802733898163e+00
4.018874645233e+00 8.026082992554e+00 8.281676292419e+00 5.990033149719e+00 5.818994998932e+00 6.482074260712e+00 1.057903957367e+01 1.279524707794e+01 8.069418907166e+00 6.100771427155e+00 7.197427749634e+00 7.688624858856e+00 7.447138786316e+00 6.587348461151e+00 5.996206283569e+00 6.973186016083e+00 7.774778366089e+00 8.606641769409e+00 1.551305770874e+01 2.203420066833e+01 2.367059707642e+01 1.460820484161e+01 1.056393337250e+01 1.615325546265e+01 1.257566928864e+01 8.022938728333e+00 5.765275001526e+00 2.191893577576e+01 2.843744277954e+01 1.547973060608e+01 8.132434844971e+00 7.288123607635e+00 1.237842178345e+01 9.126535415649e+00 8.864731788635e+00 6.305939197540e+00 6.036306858063e+00 8.986598968506e+00 1.186702156067e+01 1.310574340820e+01 1.187592124939e+01 1.234058189392e+01 5.436772346497e+00
3.489647388458e+00 7.614409446716e+00 9.448791503906e+00 8.586758613586e+00 5.703264713287e+00 5.677976608276e+00 1.048276710510e+01 1.270777702332e+01 7.783494472504e+00 6.850616931915e+00 7.628449916840e+00 7.714092731476e+00 7.078319072723e+00 6.038033008575e+00 6.376902103424e+00 7.427610874176e+00 1.005997943878e+01 1.029312610626e+01 1.708704376221e+01 2.169894409180e+01 2.150701332092e+01 1.270731163025e+01 1.082020282745e+01 1.546413898468e+01 1.357917213440e+01 9.278989791870e+00 7.288144588470e+00 2.825948143005e+01 3.317414855957e+01 1.708661079407e+01 9.002253532410e+00 6.958175659180e+00 1.254646873474e+01 8.252347946167e+00 9.726953506470e+00 9.295585632324e+00 9.024091720581e+00 1.209881019592e+01 1.391726589203e+01 1.316206645966e+01 9.679548263550e+00 1.533639431000e+01 6.365353107452e+00
3.581810474396e+00 6.348901271820e+00 8.938322067261e+00 1.009996604919e+01 8.605759620667e+00 5.749856948853e+00 1.052283859253e+01 1.270587921143e+01 7.619200229645e+00 7.244455337524e+00 7.649211406708e+00 7.339853763580e+00 7.942683696747e+00 8.657197952271e+00 9.061864852905e+00 9.196837425232e+00 1.093606185913e+01 1.187107372284e+01 1.756396484375e+01 2.013590431213e+01 1.865876007080e+01 1.086356353760e+01 9.812922477722e+00 1.353387737274e+01 1.312684535980e+01 9.547692298889e+00 7.896457672119e+00 3.206521987915e+01 3.524983215332e+01 1.773740196228e+01 7.890407562256e+00 6.144484043121e+00 1.359912014008e+01 8.188259124756e+00 9.955677032471e+00 9.720416069031e+00 1.256177616119e+01 1.446842575073e+01 1.416477584839e+01 1.135603523254e+01 8.322475433350e+00 1.669214439392e+01 8.346947669983e+00
3.616099357605e+00 7.233097076416e+00 7.464856147766e+00 9.695207595825e+00 1.058734226227e+01 8.508332252502e+00 1.044142150879e+01 1.252006149292e+01 7.382955074310e+00 7.317624092102e+00 7.980721950531e+00 9.346103668213e+00 1.037147331238e+01 1.094745063782e+01 1.122107028961e+01 1.133104896545e+01 1.122321891785e+01 1.448132038116e+01 2.027884292603e+01 2.146757125854e+01 1.803397941589e+01 1.331964302063e+01 9.336161613464e+00 1.155614757538e+01 1.184982776642e+01 8.515882492065e+00 9.177252769470e+00 3.383783340454e+01 3.607289505005e+01 1.740664482117e+01 7.482551574707e+00 6.530974864960e+00 1.331039047241e+01 8.360435485840e+00 1.110193920135e+01 1.346844863892e+01 1.502948665619e+01 1.475379276276e+01 1.225073623657e+01 9.384815216064e+00 9.439624786377e+00 1.607632255554e+01 1.086301898956e+01
3.073224782944e+00 6.464707374573e+00 7.728922367096e+00 8.097414016724e+00 1.048768806458e+01 1.103552818298e+01 1.013610076904e+01 1.208016777039e+01 7.109051227570e+00 8.605736732483e+00 1.001676368713e+01 1.117141532898e+01 1.196828937531e+01 1.243073463440e+01 1.259688568115e+01 1.258716487885e+01 1.246993255615e+01 1.931500625610e+01 2.635444831848e+01 2.733103370667e+01 2.351995658875e+01 1.841285896301e+01 1.345913600922e+01 9.811710357666e+00 1.312809562683e+01 1.258503532410e+01 1.121545028687e+01 3.249705886841e+01 3.197042274475e+01 1.587204551697e+01 9.261096954346e+00 1.093927860260e+01 1.229084014893e+01 1.335922527313e+01 1.515732383728e+01 1.584606647491e+01 1.520788669586e+01 1.285255241394e+01 1.252026653290e+01 1.455425357819e+01 1.090677165985e+01 1.378562545776e+01 1.318096256256e+01
2.485542535782e+00 4.874759197235e+00 6.455883026123e+00 7.628121852875e+00 8.902639389038e+00 1.125212955475e+01 1.129303169250e+01 1.144127941132e+01 8.829744338989e+00 1.026559734344e+01 1.129892539978e+01 1.196287631989e+01 1.236527347565e+01 1.259386157990e+01 1.262338352203e+01 1.257454586029e+01 1.259181880951e+01 2.131737136841e+01 2.874148750305e+01 2.927968406677e+01 2.526629257202e+01 2.054465293884e+01 1.604431915283e+01 1.173555469513e+01 1.770452690125e+01 1.711493301392e+01 1.442833709717e+01 2.835628128052e+01 2.518005752563e+01 1.353027343750e+01 1.618577957153e+01 1.823546600342e+01 1.814289093018e+01 1.751720619202e+01 1.728061485291e+01 1.647211647034e+01 1.594521045685e+01 1.510481929779e+01 1.379660701752e+01 1.964189147949e+01 1.227488136292e+01 1.052999973297e+01 1.699508666992e+01
3.146027565002e+00 6.158227443695e+00 6.060781955719e+00 5.890223026276e+00 7.205927371979e+00 9.691655158997e+00 1.205714321136e+01 1.149202728271e+01 9.833796501160e+00 1.092986869812e+01 1.148433589935e+01 1.166823101044e+01 1.159237766266e+01 1.134070491791e+01 1.106009387970e+01 1.102042484283e+01 1.131595802307e+01 1.962334060669e+01 2.592681503296e+01 2.674851799011e+01 2.396856307983e+01 2.029254913330e+01 1.673763656616e+01 1.322706890106e+01 1.754917144775e+01 1.812239074707e+01 1.599763202667e+01 2.327690505981e+01 1.846149444580e+01 1.412903308868e+01 1.902735710144e+01 2.149914932251e+01 2.050536537170e+01 1.870753288269e+01 1.660646247864e+01 1.559284400940e+01 1.470033645630e+01 1.367287540436e+01 1.247751235962e+01 2.074438858032e+01 1.906984138489e+01 1.087924671173e+01 1.932486152649e+01
4.050308704376e+00 8.095169067383e+00 8.131217002869e+00 7.976188659668e+00 7.700818061829e+00 7.559132099152e+00 1.061031723022e+01 1.290378952026e+01 1.140241909027e+01 1.070706367493e+01 1.085230636597e+01 1.062424564362e+01 1.015922737122e+01 9.539526939392e+00 9.002818107605e+00 8.888483047485e+00 9.246338844299e+00 1.554817676544e+01 1.998274421692e+01 2.103515815735e+01 1.965233993530e+01 1.763388061523e+01 1.556104660034e+01 1.333808708191e+01 1.381531715393e+01 1.504907131195e+01 1.469143009186e+01 2.332892990112e+01 1.359663009644e+01 1.450060176849e+01 1.877796173096e+01 2.086308670044e+01 1.997354125977e+01 1.652428054810e+01 1.207714748383e+01 1.320392513275e+01 1.087507534027e+01 1.150565147400e+01 1.120097827911e+01 1.714607238770e+01 2.540769004822e+01 1.104740428925e+01 1.946624374390e+01
4.102438449860e+00 8.330039024353e+00 8.623072624207e+00 9.041193962097e+00 9.349081993103e+00 9.421513557434e+00 9.529582023621e+00 1.163669300079e+01 1.350870609283e+01 1.083381557465e+01 9.767246246338e+00 9.271493911743e+00 8.631205558777e+00 8.224344253540e+00 8.844134330750e+00 9.053238868713e+00 9.596662521362e+00 1.329839420319e+01 1.404680252075e+01 1.502992916107e+01 1.470251655579e+01 1.364037036896e+01 1.274142932892e+01 1.207603263855e+01 1.154818630219e+01 1.131387233734e+01 1.510894489288e+01 2.474877548218e+01 1.672753143311e+01 1.636673545837e+01 1.950272941589e+01 1.980039024353e+01 1.650747108459e+01 1.635912513733e+01 8.922161102295e+00 1.563661861420e+01 1.446252155304e+01 1.339916801453e+01 1.149503707886e+01 1.205430984497e+01 2.884154129028e+01 1.580131340027e+01 1.730435180664e+01
4.607388973236e+00 7.955839633942e+00 7.829809188843e+00 8.163175582886e+00 8.619939804077e+00 9.498279571533e+00 1.006251430511e+01 1.057196140289e+01 1.247280120850e+01 1.317762756348e+01 1.093045139313e+01 1.081238460541e+01 1.090706062317e+01 9.883604049683e+00 9.148354530334e+00 9.999755859375e+00 1.094777870178e+01 1.370479488373e+01 1.382024669647e+01 1.144711589813e+01 1.008441448212e+01 1.178258037567e+01 1.468907928467e+01 1.524610996246e+01 1.375924587250e+01 1.128651714325e+01 1.674929046631e+01 2.525086402893e+01 1.684359550476e+01 1.769693565369e+01 1.860868453979e+01 1.907179450989e+01 2.039829635620e+01 1.824528121948e+01 1.140669441223e+01 1.756902122498e+01 1.612329101562e+01 1.334988975525e+01 1.005818653107e+01 1.173862266541e+01 2.770841979980e+01 2.421632194519e+01 1.335591411591e+01
5.272458076477e+00 9.714601516724e+00 1.047324466705e+01 9.043905258179e+00 8.210272789001e+00 8.870531082153e+00 9.051886558533e+00 8.738171577454e+00 9.579631805420e+00 1.216863441467e+01 1.337767982483e+01 1.374130439758e+01 1.347088241577e+01 1.242106342316e+01 1.178172683716e+01 1.135091590881e+01 1.105443000793e+01 1.374662399292e+01 1.441381454468e+01 1.269133281708e+01 1.028996467590e+01 9.443956375122e+00 1.037308502197e+01 1.154987812042e+01 1.183077239990e+01 1.198394107819e+01 1.468694400787e+01 2.431728553772e+01 1.733024406433e+01 1.504835033417e+01 1.722398567200e+01 1.978602027893e+01 2.201485633850e+01 1.871067619324e+01 1.314649772644e+01 1.937125778198e+01 1.549266433716e+01 1.204204750061e+01 9.111688613892e+00 1.072891235352e+01 2.234104347229e+01 3.275708770752e+01 1.463110542297e+01
5.186899662018e+00 1.017443943024e+01 1.210546970367e+01 1.141125965118e+01 8.648080825806e+00 6.622450351715e+00 8.024848937988e+00 9.087122917175e+00 9.744464874268e+00 9.835268974304e+00 1.322948455811e+01 1.464694499969e+01 1.378269863129e+01 1.381304168701e+01 1.392572021484e+01 1.372714233398e+01 1.216233062744e+01 1.364494323730e+01 1.490850639343e+01 1.356847190857e+01 1.001670265198e+01 1.226112174988e+01 1.162478923798e+01 1.202505111694e+01 1.068402194977e+01 1.049888706207e+01 1.104336738586e+01 2.258004760742e+01 2.052655792236e+01 1.628623199463e+01 1.584379768372e+01 1.679011726379e+01 2.072404098511e+01 1.847262763977e+01 1.492468547821e+01 1.868668174744e+01 1.354771232605e+01 1.084016227722e+01 1.024722671509e+01 9.595022201538e+00 1.529336166382e+01 3.832904434204e+01 1.532414245605e+01
