100/SI/f25_max.grd
DSAA
101	101
32.816463539100	34.260883539100
35.556306596100	36.727886596100
1.367947366089e-02	2.468119873047e+03
[rows 76 to 94 of 101, columns 43 to 85 of 101]
3.740976333618e+00 3.208822727203e+00 5.705719470978e+00 1.485842323303e+01 1.593958663940e+01 3.231634140015e+01 5.216931915283e+01 5.892208862305e+01 3.642798995972e+01 1.006438827515e+01 3.237541198730e+01 7.310635375977e+01 5.502923202515e+01 1.497869873047e+01 6.585644721985e+00 9.184998512268e+00 1.049836540222e+01 5.921720027924e+00 5.362963676453e+00 6.596832275391e+00 2.281422233582e+01 5.028674697876e+01 1.158779430389e+01 7.889123439789e+00 5.730659484863e+00 3.852153062820e+00 1.975326299667e+00 1.699254035950e+00 1.654695391655e+00 1.561091899872e+00 1.459123611450e+00 1.523821473122e+00 1.606922388077e+00 1.707350492477e+00 1.727044224739e+00 1.610489249229e+00 1.479796648026e+00 1.385693550110e+00 1.321449160576e+00 1.285078525543e+00 1.444146513939e+00 2.311516046524e+00 3.125939130783e+00
5.875928401947e+00 8.027338981628e+00 1.012466239929e+01 1.091520500183e+01 1.434834384918e+01 2.074344825745e+01 2.731153106689e+01 2.391883087158e+01 3.676351165771e+01 5.381063842773e+01 5.358892059326e+01 2.588040924072e+01 1.906120872498e+01 1.506179237366e+01 9.774267196655e+00 1.323226451874e+01 3.953462600708e+00 1.917868137360e+00 2.346411466599e+00 2.618521213531e+00 1.992965459824e+00 2.390180587769e+00 3.780786991119e+00 3.964394330978e+00 3.612672090530e+00 2.220687627792e+00 1.079682946205e+00 9.687430858612e-01 1.105924725533e+00 1.276030302048e+00 1.363732814789e+00 1.396644115448e+00 1.390827059746e+00 1.331367135048e+00 1.160000562668e+00 9.331681728363e-01 7.530611157417e-01 7.252282500267e-01 7.674920558929e-01 9.219000935555e-01 1.235695362091e+00 2.099297523499e+00 2.784329175949e+00
1.277848720551e+01 1.935644721985e+01 1.237880897522e+01 5.468729019165e+00 7.069542407990e+00 2.305397415161e+01 6.476545715332e+01 8.652748107910e+01 6.541224670410e+01 3.259012603760e+01 1.817217254639e+01 1.231378650665e+01 7.964626789093e+00 1.222666072845e+01 1.372258377075e+01 4.232875347137e+00 1.403994441032e+00 1.284483551979e+00 1.325749993324e+00 1.751161813736e+00 1.312019467354e+00 1.200041532516e+00 1.387780427933e+00 1.594033598900e+00 1.446221709251e+00 1.358555436134e+00 1.083779335022e+00 1.130886197090e+00 9.492796063423e-01 1.064561367035e+00 1.115869402885e+00 1.041975736618e+00 1.020039558411e+00 9.873947501183e-01 6.970510482788e-01 6.669225096703e-01 7.081837654114e-01 7.052662968636e-01 6.904750466347e-01 7.417606711388e-01 9.067822694778e-01 1.846861839294e+00 2.685961246490e+00
1.766142463684e+01 2.071830749512e+01 7.110264301300e+00 7.541110515594e+00 2.354864311218e+01 4.226896667480e+01 4.371177291870e+01 3.793362808228e+01 3.493891525269e+01 1.569844722748e+01 1.500891590118e+01 1.762940406799e+01 1.160029792786e+01 8.674205780029e+00 2.568590641022e+00 1.561391472816e+00 9.837331771851e-01 9.522932171822e-01 9.166121482849e-01 1.101716160774e+00 1.014110207558e+00 1.014639019966e+00 9.445093274117e-01 9.199308156967e-01 9.054014086723e-01 9.253165125847e-01 8.968240618706e-01 9.138230681419e-01 9.807190299034e-01 9.417201280594e-01 9.550781250000e-01 7.865742444992e-01 8.710004091263e-01 9.142402410507e-01 7.290577292442e-01 5.541681051254e-01 6.623530983925e-01 7.042834162712e-01 7.070072293282e-01 6.948694586754e-01 7.244998812675e-01 9.961079955101e-01 1.663279771805e+00
7.666148662567e+00 1.521796894073e+01 2.157637214661e+01 2.471290016174e+01 2.426284790039e+01 2.000679969788e+01 2.513100433350e+01 3.073331260681e+01 4.425849914551e+01 1.787345123291e+01 1.799847030640e+01 1.098866367340e+01 4.682455062866e+00 1.749126553535e+00 1.209871053696e+00 9.870896935463e-01 8.879143595695e-01 8.018880486488e-01 7.351421713829e-01 6.877436041832e-01 7.501456737518e-01 5.990276932716e-01 6.077092289925e-01 6.060265302658e-01 6.348212361336e-01 6.682466864586e-01 6.763185858727e-01 6.213751435280e-01 5.201384425163e-01 6.249477863312e-01 6.265279054642e-01 6.101073026657e-01 6.868564486504e-01 7.627040147781e-01 7.011012434959e-01 5.502134561539e-01 6.157478094101e-01 6.908112168312e-01 7.091774940491e-01 7.300671339035e-01 8.466827273369e-01 1.017150998116e+00 1.254872560501e+00
9.735315322876e+00 2.614921760559e+01 4.856077194214e+01 2.965214538574e+01 2.019918823242e+01 3.092845535278e+01 4.223201370239e+01 5.750419235229e+01 2.717216873169e+01 1.552377223969e+01 7.240205287933e+00 4.472465991974e+00 1.880396485329e+00 1.028846979141e+00 7.429577708244e-01 6.148265600204e-01 5.662380456924e-01 5.269156694412e-01 5.409121513367e-01 5.763151049614e-01 5.768973827362e-01 5.416976213455e-01 5.377316474915e-01 5.717045664787e-01 6.837196350098e-01 7.980349063873e-01 8.752281665802e-01 8.531925082207e-01 6.759000420570e-01 5.076355934143e-01 5.030544400215e-01 4.653167724609e-01 4.941065013409e-01 6.156232357025e-01 6.355479359627e-01 5.912526845932e-01 5.602090954781e-01 6.557019352913e-01 6.920540332794e-01 6.991811990738e-01 8.119886517525e-01 1.123618364334e+00 1.517818450928e+00
1.612681961060e+01 4.986556243896e+01 3.813395690918e+01 2.996825218201e+01 3.328276062012e+01 3.244850921631e+01 2.228187370300e+01 2.195727348328e+01 1.702512550354e+01 8.777297973633e+00 3.865155220032e+00 2.630699157715e+00 1.074385046959e+00 6.911829710007e-01 5.682895183563e-01 4.657873809338e-01 4.603163599968e-01 4.925539195538e-01 4.824175834656e-01 4.573779702187e-01 4.974098503590e-01 4.988487362862e-01 4.983851015568e-01 5.005276799202e-01 6.235362887383e-01 7.668839097023e-01 8.730791211128e-01 8.735058903694e-01 7.116119265556e-01 4.652697741985e-01 4.872658848763e-01 5.058071017265e-01 4.150544703007e-01 4.559656977654e-01 5.423825383186e-01 6.038414239883e-01 6.081357002258e-01 6.001923084259e-01 6.559211611748e-01 6.848948001862e-01 6.781069040298e-01 7.640429139137e-01 9.852697849274e-01
2.068738365173e+01 3.491589736938e+01 2.054494285583e+01 1.248331451416e+01 8.499032020569e+00 1.201995658875e+01 1.059797191620e+01 1.264536571503e+01 9.196590423584e+00 3.719928503036e+00 3.020940780640e+00 1.898930788040e+00 1.155436992645e+00 8.623408079147e-01 5.407326221466e-01 4.436509609222e-01 4.735743701458e-01 4.787060320377e-01 4.372131526470e-01 4.102436006069e-01 4.760233163834e-01 5.220862030983e-01 5.475514531136e-01 5.303373336792e-01 4.871175587177e-01 5.831675529480e-01 6.524093151093e-01 6.485334634781e-01 5.379872322083e-01 4.214963614941e-01 4.321559071541e-01 4.752661287785e-01 4.553118646145e-01 3.984034061432e-01 4.046308398247e-01 4.970342516899e-01 5.509186387062e-01 5.320944190025e-01 6.053859591484e-01 6.577157378197e-01 6.706033349037e-01 7.246624231339e-01 7.899727225304e-01
2.981178474426e+01 2.459750366211e+01 7.913564682007e+00 6.167553901672e+00 6.576810836792e+00 3.849234580994e+00 6.510330200195e+00 8.740740776062e+00 5.847607612610e+00 2.918474435806e+00 2.678102254868e+00 1.360901236534e+00 1.216059684753e+00 1.160372734070e+00 7.303246259689e-01 5.719789266586e-01 4.870045483112e-01 4.609612226486e-01 3.988058567047e-01 3.959185183048e-01 4.791440665722e-01 5.749691128731e-01 6.334758996964e-01 5.938102602959e-01 5.091083049774e-01 4.381609857082e-01 4.699896275997e-01 5.041971802711e-01 5.031222701073e-01 5.263950824738e-01 4.742319583893e-01 4.405509531498e-01 4.359624981880e-01 3.970883786678e-01 3.821738064289e-01 4.623782932758e-01 5.067236423492e-01 4.947473406792e-01 5.448696613312e-01 6.132929325104e-01 6.437321901321e-01 7.187974452972e-01 9.022319316864e-01
4.663782119751e+01 2.056360816956e+01 4.363498210907e+00 2.962399959564e+00 2.246233940125e+00 2.735901832581e+00 2.903267860413e+00 6.621451854706e+00 6.770879268646e+00 4.169506549835e+00 2.096589088440e+00 1.209104657173e+00 1.054142355919e+00 1.110310554504e+00 9.166795611382e-01 5.655273795128e-01 4.778106510639e-01 4.438684880733e-01 3.701498806477e-01 3.917783200741e-01 4.911563396454e-01 6.418901085854e-01 7.015738487244e-01 6.248018741608e-01 5.262883305550e-01 4.648069143295e-01 4.877415597439e-01 5.443372726440e-01 5.690544843674e-01 5.493552684784e-01 5.099887847900e-01 4.281500577927e-01 4.894844889641e-01 3.967631161213e-01 3.714064061642e-01 4.062854051590e-01 5.116207003593e-01 5.643781423569e-01 6.023645997047e-01 6.860538721085e-01 7.893459796906e-01 8.198324441910e-01 7.962464690208e-01
4.017795562744e+01 1.233807563782e+01 3.268388032913e+00 1.830436944962e+00 1.659152150154e+00 1.870173454285e+00 3.377341508865e+00 4.341825485229e+00 5.161474704742e+00 3.603906869888e+00 2.404150724411e+00 1.405329704285e+00 8.884607553482e-01 8.054353594780e-01 7.764857411385e-01 6.583240628242e-01 5.375872850418e-01 5.929891467094e-01 4.964142143726e-01 4.324882328510e-01 5.400740504265e-01 7.225896120071e-01 7.537695169449e-01 6.346650719643e-01 5.403543710709e-01 4.937472939491e-01 5.116762518883e-01 5.747587680817e-01 6.194692850113e-01 5.779379606247e-01 5.019536614418e-01 4.167955815792e-01 5.005072951317e-01 3.863248825073e-01 3.652832806110e-01 3.500663042068e-01 3.840414583683e-01 5.067207813263e-01 6.465780138969e-01 8.339292407036e-01 1.019216179848e+00 1.091386318207e+00 1.102474331856e+00
2.099972152710e+01 4.070080757141e+00 1.919523954391e+00 1.681185603142e+00 1.398153901100e+00 1.348769426346e+00 2.172065496445e+00 1.211020708084e+00 3.129520177841e+00 4.728455543518e+00 3.444327354431e+00 2.636299610138e+00 1.299517393112e+00 8.100352883339e-01 6.948792338371e-01 6.984429955482e-01 7.424113750458e-01 6.693463325500e-01 5.888953208923e-01 5.260847806931e-01 6.444436311722e-01 7.937818169594e-01 7.666362524033e-01 6.473103165627e-01 5.791973471642e-01 5.464950203896e-01 5.452107191086e-01 6.040120124817e-01 6.541162133217e-01 6.252499818802e-01 5.232865810394e-01 4.147212803364e-01 4.737611413002e-01 4.276231825352e-01 3.609452843666e-01 3.604277968407e-01 3.487206995487e-01 3.654725849628e-01 4.673301279545e-01 7.151121497154e-01 9.763694405556e-01 1.136519074440e+00 1.227777242661e+00
5.664981365204e+00 2.321702480316e+00 1.522959947586e+00 1.447076082230e+00 1.083575963974e+00 9.959015846252e-01 9.784715771675e-01 9.591470360756e-01 1.137435197830e+00 3.893073081970e+00 4.320087909698e+00 6.343114852905e+00 4.070954322815e+00 1.479589939117e+00 9.266350865364e-01 7.754353880882e-01 8.416398167610e-01 9.940929412842e-01 9.275401234627e-01 7.451059222221e-01 7.324274778366e-01 8.231905698776e-01 7.430005073547e-01 6.434884071350e-01 6.071618199348e-01 6.028571724892e-01 6.159294247627e-01 6.174034476280e-01 6.687801480293e-01 6.690422296524e-01 5.763399004936e-01 4.453977048397e-01 4.462178647518e-01 4.446474313736e-01 4.146516621113e-01 4.254488646984e-01 4.218498468399e-01 4.155265390873e-01 4.114837646484e-01 4.115564823151e-01 5.546795129776e-01 7.367559075356e-01 8.675525784492e-01
2.153663396835e+00 1.293278574944e+00 1.360953330994e+00 1.179067969322e+00 9.237110614777e-01 8.386528491974e-01 7.293800115585e-01 7.421304583549e-01 8.616033196449e-01 1.612181305885e+00 6.469154834747e+00 1.586555862427e+01 1.089585590363e+01 3.488259315491e+00 1.545284152031e+00 9.684019684792e-01 8.797702789307e-01 1.053607225418e+00 1.021842241287e+00 1.080511927605e+00 1.041962862015e+00 8.605348467827e-01 7.724888324738e-01 6.953858733177e-01 6.757921576500e-01 6.826603412628e-01 6.833008527756e-01 6.677075028419e-01 6.691906452179e-01 7.024220228195e-01 6.334736347198e-01 4.642451703548e-01 4.372254610062e-01 4.300966858864e-01 4.463117420673e-01 4.799671471119e-01 5.029335618019e-01 5.108339190483e-01 5.082790255547e-01 4.917368590832e-01 4.790475070477e-01 5.044559836388e-01 5.210341811180e-01
1.836124062538e+00 1.117926120758e+00 1.207847237587e+00 9.182386398315e-01 7.223157882690e-01 6.797003149986e-01 5.962975025177e-01 6.325260400772e-01 6.324479579926e-01 1.134685993195e+00 4.903313159943e+00 1.320999717712e+01 1.190518569946e+01 7.677494525909e+00 1.879895567894e+00 1.067618250847e+00 8.148792982101e-01 1.166778326035e+00 1.389342188835e+00 1.306737422943e+00 1.071008801460e+00 8.398077487946e-01 8.349403738976e-01 7.878488898277e-01 7.635732889175e-01 7.481748461723e-01 7.183637619019e-01 6.575146913528e-01 6.728402376175e-01 7.078959345818e-01 6.231099963188e-01 4.950441718102e-01 5.123702287674e-01 4.962697625160e-01 4.713429510593e-01 4.475311040878e-01 4.786947667599e-01 4.977802336216e-01 4.937745630741e-01 4.637473523617e-01 5.006181001663e-01 5.914355516434e-01 6.562733054161e-01
2.259991168976e+00 1.191044449806e+00 1.053525209427e+00 7.775641083717e-01 5.895721912384e-01 5.564368367195e-01 5.688326358795e-01 5.632191300392e-01 5.489264726639e-01 7.124972939491e-01 1.868561506271e+00 6.759344100952e+00 2.457229423523e+01 1.897898292542e+01 3.204257488251e+00 1.244865417480e+00 1.366203784943e+00 1.461310148239e+00 1.303367972374e+00 1.040399551392e+00 8.475415110588e-01 8.673539757729e-01 9.231707453728e-01 8.973924517632e-01 8.394774198532e-01 7.643358707428e-01 6.633786559105e-01 5.956743955612e-01 6.931582093239e-01 7.105084657669e-01 6.558857560158e-01 7.301428914070e-01 7.334861159325e-01 6.952242255211e-01 6.258971691132e-01 4.880577921867e-01 3.973599374294e-01 3.948891460896e-01 3.972581028938e-01 4.282537102699e-01 5.033201575279e-01 6.272224187851e-01 7.774566411972e-01
2.391280412674e+00 1.349953293800e+00 1.014389038086e+00 6.786640286446e-01 5.305655002594e-01 5.556396245956e-01 5.481273531914e-01 5.306885838509e-01 4.791104495525e-01 5.452145934105e-01 1.059238433838e+00 3.447121858597e+00 1.197763061523e+01 1.059004116058e+01 3.577439785004e+00 2.057862758636e+00 1.697550654411e+00 1.321321606636e+00 1.021122097969e+00 8.185049295425e-01 8.195424079895e-01 8.781276345253e-01 9.372431635857e-01 8.950924277306e-01 7.764795422554e-01 6.321784853935e-01 5.126240253448e-01 5.573426485062e-01 6.946988701820e-01 7.279660105705e-01 7.769286632538e-01 8.554984331131e-01 8.516654372215e-01 7.955321669579e-01 6.774902343750e-01 4.936099648476e-01 5.071730017662e-01 5.272005796432e-01 5.577369332314e-01 5.834357142448e-01 5.889866352081e-01 6.439433097839e-01 8.307507634163e-01
2.234862804413e+00 1.206921339035e+00 8.535903692245e-01 5.334461331367e-01 5.085446238518e-01 5.476169586182e-01 5.285546779633e-01 4.571133255959e-01 3.632576763630e-01 4.897794127464e-01 9.004378914833e-01 1.530035495758e+00 4.251387596130e+00 5.082350254059e+00 3.705856323242e+00 2.281975507736e+00 1.449181437492e+00 1.033151388168e+00 9.605786800385e-01 9.367889761925e-01 8.476932048798e-01 8.045818805695e-01 7.808973193169e-01 6.888721585274e-01 5.457376241684e-01 4.768196940422e-01 4.696983397007e-01 5.001815557480e-01 6.450541019440e-01 7.192824482918e-01 5.496170520782e-01 6.007945537567e-01 6.025454401970e-01 5.649417042732e-01 5.311826467514e-01 5.828526020050e-01 6.319494247437e-01 6.956326961517e-01 7.629179954529e-01 7.997392416000e-01 7.848440408707e-01 7.289389967918e-01 8.138824701309e-01
1.995841741562e+00 9.279440045357e-01 6.143908500671e-01 3.950282931328e-01 4.754401445389e-01 5.265907049179e-01 5.040855407715e-01 4.160280823708e-01 3.074482977390e-01 4.394200444221e-01 8.084253072739e-01 1.254631996155e+00 2.962027549744e+00 3.823614835739e+00 2.990833520889e+00 1.780383229256e+00 1.106686353683e+00 1.032731652260e+00 1.019408226013e+00 8.582828640938e-01 6.856277585030e-01 5.748484730721e-01 5.047938823700e-01 4.245903193951e-01 3.937021195889e-01 3.858786523342e-01 3.854401111603e-01 4.246799647808e-01 5.603455901146e-01 6.541587710381e-01 5.113072395325e-01 4.048925936222e-01 3.801895976067e-01 4.875096082687e-01 5.791015028954e-01 6.605629920959e-01 7.547022104263e-01 8.707318902016e-01 9.783866405487e-01 1.021375775337e+00 9.699044227600e-01 8.530574440956e-01 8.008577227592e-01
