100/SI/f25_max.grd
DSAA
101	101
32.816463539100	34.260883539100
35.556306596100	36.727886596100
1.367947366089e-02	2.468119873047e+03
[rows 76 to 94 of 101, columns 0 to 42 of 101]
1.520807892084e-01 2.198931872845e-01 2.910004258156e-01 3.440001308918e-01 3.691125214100e-01 3.710594177246e-01 3.582856953144e-01 3.382943868637e-01 3.156384825706e-01 3.265918195248e-01 3.699161708355e-01 4.438756108284e-01 5.257139801979e-01 5.779708623886e-01 5.880136489868e-01 5.700961947441e-01 5.185192227364e-01 5.512137413025e-01 5.678968429565e-01 6.004076600075e-01 8.248511552811e-01 8.046703338623e-01 5.420213937759e-01 5.895381569862e-01 5.477159619331e-01 5.017120242119e-01 5.234299898148e-01 5.816722512245e-01 6.490992307663e-01 6.869952678680e-01 6.623314619064e-01 6.244496107101e-01 6.076636314392e-01 6.039599180222e-01 6.666256189346e-01 7.850537896156e-01 1.470041871071e+00 1.798859953880e+00 1.695405602455e+00 1.235037922859e+00 1.239727616310e+00 2.037130117416e+00 3.582620620728e+00
1.537186205387e-01 2.482284307480e-01 3.290497362614e-01 3.790622353554e-01 3.987376093864e-01 3.964483141899e-01 3.806587457657e-01 3.575032651424e-01 3.545222282410e-01 3.943058550358e-01 4.543829262257e-01 5.376462936401e-01 6.145811676979e-01 6.518962383270e-01 6.414927244186e-01 5.946744680405e-01 5.064112544060e-01 5.200805068016e-01 5.228079557419e-01 4.660840630531e-01 4.707630872726e-01 4.915167391300e-01 4.487302899361e-01 5.309537053108e-01 5.629874467850e-01 5.173783302307e-01 5.620314478874e-01 6.776643395424e-01 7.530180811882e-01 7.625687718391e-01 7.121357321739e-01 6.541845202446e-01 6.526776552200e-01 6.205565333366e-01 7.442243695259e-01 8.091881871223e-01 1.316650032997e+00 1.477258563042e+00 1.679022789001e+00 1.913949012756e+00 3.981801748276e+00 5.267611980438e+00 5.046932697296e+00
1.632252037525e-01 2.600895166397e-01 3.384243249893e-01 3.825861513615e-01 3.964741826057e-01 3.896966576576e-01 3.698475062847e-01 3.840855956078e-01 4.334378540516e-01 4.856015145779e-01 5.528877973557e-01 6.238487362862e-01 6.698598265648e-01 6.687822937965e-01 6.209497451782e-01 5.393466949463e-01 4.287875592709e-01 4.492491185665e-01 4.356208145618e-01 3.825470209122e-01 3.579665422440e-01 4.011219441891e-01 4.769898056984e-01 6.360684037209e-01 6.704881787300e-01 6.117821931839e-01 7.518361806870e-01 8.165595531464e-01 8.359888792038e-01 8.182491660118e-01 7.656318545341e-01 7.102354764938e-01 6.768758296967e-01 7.472378015518e-01 9.645633697510e-01 1.255316972733e+00 1.651376008987e+00 2.031052827835e+00 1.821230173111e+00 4.615228652954e+00 5.399022579193e+00 5.094499111176e+00 5.047437667847e+00
1.471793651581e-01 2.324180006981e-01 2.993912696838e-01 3.351690471172e-01 3.440927863121e-01 3.344852328300e-01 3.640305995941e-01 4.146900177002e-01 4.555081129074e-01 4.961866736412e-01 5.389565825462e-01 5.708917379379e-01 5.749580264091e-01 5.416719913483e-01 4.787151217461e-01 4.007578790188e-01 3.714793622494e-01 3.578891754150e-01 3.341220021248e-01 3.241573274136e-01 3.302654922009e-01 3.668244779110e-01 5.722331404686e-01 7.790911197662e-01 8.436587452888e-01 8.798133134842e-01 9.233378171921e-01 9.314354062080e-01 8.781609535217e-01 8.262346982956e-01 7.821561098099e-01 7.428163886070e-01 8.793365955353e-01 9.443265199661e-01 1.205050468445e+00 1.388880968094e+00 1.353980779648e+00 2.190019845963e+00 2.694554328918e+00 4.247663974762e+00 4.746673583984e+00 4.649273395538e+00 4.702429294586e+00
1.206163987517e-01 1.927933245897e-01 2.345508784056e-01 2.590268552303e-01 2.657953798771e-01 2.926501929760e-01 3.362648487091e-01 3.633641898632e-01 3.762452602386e-01 3.879129588604e-01 4.014068841934e-01 4.096052944660e-01 4.021170139313e-01 3.725329935551e-01 3.811047375202e-01 3.896138668060e-01 3.849356472492e-01 3.646744787693e-01 3.332595527172e-01 3.182575404644e-01 3.089619576931e-01 3.763528764248e-01 6.439946293831e-01 8.863139748573e-01 1.006356835365e+00 1.058227300644e+00 1.068191409111e+00 1.108738064766e+00 1.080845832825e+00 9.335916042328e-01 8.066397309303e-01 7.865210175514e-01 9.580230712891e-01 9.969567060471e-01 1.011652827263e+00 1.152674794197e+00 1.531344413757e+00 2.105798482895e+00 2.792051553726e+00 2.965008735657e+00 4.635280609131e+00 5.781949043274e+00 4.567491531372e+00
1.635393649340e-01 2.382973283529e-01 2.924621403217e-01 3.216169774532e-01 3.347308635712e-01 3.406587839127e-01 3.426694571972e-01 3.405099213123e-01 3.340714275837e-01 3.250952959061e-01 3.290408253670e-01 3.573954105377e-01 3.819763064384e-01 4.031378626823e-01 4.178836345673e-01 4.212499260902e-01 4.089408218861e-01 3.797548413277e-01 3.578840196133e-01 3.487448096275e-01 3.345950841904e-01 4.116120934486e-01 6.629964113235e-01 9.141557216644e-01 2.265523910522e+00 6.639829158783e+00 7.053555011749e+00 3.189329862595e+00 1.867524862289e+00 1.477053761482e+00 1.054574370384e+00 8.208852410316e-01 9.655717015266e-01 1.269402027130e+00 9.980528354645e-01 1.247680306435e+00 1.384750843048e+00 2.168401002884e+00 3.790358781815e+00 3.887200593948e+00 4.307487964630e+00 5.836297512054e+00 8.133901596069e+00
2.307002395391e-01 3.338908553123e-01 4.060454070568e-01 4.405565261841e-01 4.499795138836e-01 4.472755491734e-01 4.382235109806e-01 4.245063662529e-01 4.070561230183e-01 3.873212933540e-01 4.471525251865e-01 5.136163234711e-01 5.712488293648e-01 6.106926202774e-01 6.239992976189e-01 6.074093580246e-01 5.610933303833e-01 4.885050058365e-01 4.713208973408e-01 4.470314085484e-01 4.169267714024e-01 4.908764362335e-01 6.622316241264e-01 1.494839549065e+00 6.243181228638e+00 1.783262634277e+01 1.946025085449e+01 1.024321746826e+01 4.275443553925e+00 2.107189416885e+00 1.367128372192e+00 1.075688838959e+00 9.229592084885e-01 1.348846554756e+00 1.419141769409e+00 1.474265575409e+00 1.323922276497e+00 2.032569408417e+00 4.448577404022e+00 6.699266910553e+00 4.460091114044e+00 4.537255764008e+00 1.020823955536e+01
2.889948487282e-01 4.124321639538e-01 4.931052923203e-01 5.240182876587e-01 5.222595930099e-01 5.048313140869e-01 4.801059067249e-01 4.665997028351e-01 5.329101085663e-01 6.502143144608e-01 7.712212800980e-01 8.854318857193e-01 9.826233386993e-01 1.059313654900e+00 1.112318277359e+00 1.131740689278e+00 1.103194832802e+00 1.010205864906e+00 8.363726735115e-01 6.418618559837e-01 5.908944010735e-01 6.086646318436e-01 1.314688563347e+00 2.378589153290e+00 7.368473052979e+00 5.854610061646e+01 1.141679153442e+02 2.524993896484e+01 1.134413623810e+01 3.928378343582e+00 1.666119098663e+00 1.326405048370e+00 1.221752047539e+00 1.696654915810e+00 2.040155649185e+00 1.994089722633e+00 1.654053211212e+00 2.491698265076e+00 3.738787174225e+00 8.169710159302e+00 8.249664306641e+00 4.407348155975e+00 1.046814441681e+01
3.066294789314e-01 4.287022054195e-01 5.006453990936e-01 5.174778103828e-01 4.995196163654e-01 5.172653794289e-01 5.721233487129e-01 6.083479523659e-01 7.128818035126e-01 8.779639601707e-01 1.050183176994e+00 1.213701844215e+00 1.357309222221e+00 1.485503911972e+00 1.608456492424e+00 1.725083231926e+00 1.804428100586e+00 1.778166413307e+00 1.550234436989e+00 1.122527837753e+00 8.579311966896e-01 1.224095821381e+00 2.161708831787e+00 3.071296453476e+00 1.386387920380e+01 3.294776916504e+01 4.565711593628e+01 1.386161708832e+01 5.978373527527e+00 3.268232584000e+00 2.593887329102e+00 3.052846193314e+00 3.921776056290e+00 3.625384807587e+00 2.559750080109e+00 2.576127767563e+00 2.172113180161e+00 2.542159080505e+00 2.768294334412e+00 5.343556880951e+00 7.113485336304e+00 4.963029384613e+00 1.754758453369e+01
4.120981395245e-01 6.527807116508e-01 8.233680129051e-01 9.207327365875e-01 9.754839539528e-01 9.974281787872e-01 9.888781309128e-01 9.538563489914e-01 8.993016481400e-01 9.125332832336e-01 1.102452874184e+00 1.294154047966e+00 1.476564764977e+00 1.651616930962e+00 1.837594032288e+00 2.056262731552e+00 2.271117687225e+00 2.359039068222e+00 2.143340349197e+00 2.554738998413e+00 1.905111551285e+00 2.065315246582e+00 2.729121208191e+00 3.798874616623e+00 7.036455631256e+00 2.501227855682e+00 2.014047145844e+00 2.011142253876e+00 2.807084321976e+00 2.369093656540e+00 2.750140428543e+00 2.058771133423e+01 1.403356170654e+01 9.579775810242e+00 5.739223003387e+00 8.494870185852e+00 7.803229808807e+00 3.672802448273e+00 2.955753803253e+00 3.286754369736e+00 4.898845672607e+00 1.335909557343e+01 2.026460647583e+01
7.551364898682e-01 1.173907637596e+00 1.438520908356e+00 1.546511173248e+00 1.565043210983e+00 1.527627825737e+00 1.451169610023e+00 1.350303411484e+00 1.260703086853e+00 1.316148400307e+00 1.359163045883e+00 1.380182266235e+00 1.429224252701e+00 1.624970555305e+00 1.808763027191e+00 2.014222860336e+00 2.220307588577e+00 3.257749557495e+00 4.210886478424e+00 4.247945785522e+00 4.353092193604e+00 4.345076084137e+00 3.231681108475e+00 3.834460735321e+00 1.865069627762e+00 1.416525840759e+00 1.316127896309e+00 1.142722845078e+00 1.282046556473e+00 1.790861129761e+00 4.410386562347e+00 2.437723922729e+01 1.798635864258e+01 1.050524330139e+01 9.327987670898e+00 1.970895004272e+01 1.880755805969e+01 8.552390098572e+00 6.494951725006e+00 5.859166622162e+00 7.461877822876e+00 1.261157321930e+01 2.292526626587e+01
1.069691777229e+00 1.626989960670e+00 1.913997650146e+00 1.993775725365e+00 2.453805685043e+00 2.654243946075e+00 2.627495050430e+00 2.464942693710e+00 2.235128879547e+00 1.990793704987e+00 2.024111270905e+00 1.992602705956e+00 2.032118082047e+00 2.347207069397e+00 3.386972188950e+00 4.027881145477e+00 4.516044616699e+00 4.396788120270e+00 3.289978504181e+00 3.698876380920e+00 3.895398616791e+00 3.260089159012e+00 2.602836370468e+00 1.471921443939e+00 1.292978525162e+00 1.017309188843e+00 8.446845412254e-01 6.795978546143e-01 6.321272850037e-01 1.100355625153e+00 1.752747893333e+00 9.872759819031e+00 1.215019512177e+01 1.833127784729e+01 1.956387710571e+01 2.661993217468e+01 1.811102676392e+01 8.392899513245e+00 1.731051635742e+01 1.490950584412e+01 1.011373424530e+01 1.228922176361e+01 3.923884963989e+01
1.251393318176e+00 1.884748101234e+00 2.179031372070e+00 2.472018241882e+00 3.013611078262e+00 3.236796617508e+00 3.184855937958e+00 2.967541933060e+00 2.663732528687e+00 2.332961797714e+00 2.008554220200e+00 2.186650276184e+00 2.533571481705e+00 2.914632797241e+00 3.173908233643e+00 3.267433881760e+00 3.079789638519e+00 2.548408985138e+00 2.028816699982e+00 1.768425583839e+00 1.522797107697e+00 1.081813454628e+00 9.274929165840e-01 8.879712820053e-01 7.913007736206e-01 6.460657715797e-01 4.990354478359e-01 4.816129505634e-01 6.141279339790e-01 9.079502224922e-01 1.303012609482e+00 5.347915649414e+00 5.577187061310e+00 1.080929183960e+01 1.261313629150e+01 2.988404464722e+01 2.584186553955e+01 1.428383445740e+01 1.320942687988e+01 5.252042388916e+01 1.237884368896e+02 3.183698654175e+01 1.951648902893e+01
9.322491884232e-01 1.390725374222e+00 1.588358640671e+00 1.637531161308e+00 1.965360760689e+00 2.089357137680e+00 2.043027400970e+00 1.895682930946e+00 1.694946408272e+00 1.479783296585e+00 1.343741297722e+00 1.457239627838e+00 1.523560166359e+00 1.541501998901e+00 1.512740135193e+00 1.490152478218e+00 1.342509627342e+00 1.063579678535e+00 1.238731861115e+00 1.167742967606e+00 9.304010868073e-01 6.912607550621e-01 6.480855941772e-01 5.784522294998e-01 4.841239750385e-01 3.811027705669e-01 4.430751502514e-01 6.153247356415e-01 7.702164053917e-01 1.535066008568e+00 1.951860070229e+00 2.944845438004e+00 5.098563671112e+00 3.819378614426e+00 3.302376270294e+00 3.989065647125e+00 2.474244689941e+01 1.502947044373e+01 1.092786979675e+01 7.046120452881e+01 1.553714141846e+02 1.689553833008e+01 6.077862262726e+00
4.406822323799e-01 6.506597995758e-01 7.796918749809e-01 8.852530121803e-01 9.257653355598e-01 9.547631740570e-01 9.649514555931e-01 9.158349633217e-01 8.724218010902e-01 8.613828420639e-01 8.468396663666e-01 7.803115844727e-01 8.211348056793e-01 8.480642437935e-01 8.441460728645e-01 8.006988167763e-01 1.024749279022e+00 1.310195922852e+00 1.235982537270e+00 9.256889224052e-01 5.909401178360e-01 4.367602765560e-01 3.966012895107e-01 3.440093994141e-01 2.896678447723e-01 4.510966241360e-01 6.938139200211e-01 9.253537058830e-01 1.238532900810e+00 2.007292032242e+00 2.802253246307e+00 3.777584075928e+00 4.303649902344e+00 5.018300056458e+00 2.451629877090e+00 2.637131452560e+00 5.069285869598e+00 1.252236652374e+01 2.074093246460e+01 2.237137222290e+01 1.155196571350e+01 4.347634792328e+00 4.054651737213e+00
2.977663278580e-01 4.345443546772e-01 5.490841269493e-01 6.200423240662e-01 6.488175988197e-01 6.473046541214e-01 6.292002201080e-01 5.991662740707e-01 5.640954971313e-01 5.270799994469e-01 4.891005754471e-01 4.510663449764e-01 4.144032597542e-01 4.169732630253e-01 4.113337993622e-01 5.578041672707e-01 9.519252181053e-01 1.128130316734e+00 9.672996997833e-01 6.679028868675e-01 4.072330594063e-01 2.637653648853e-01 2.698168158531e-01 2.959037125111e-01 4.029915630817e-01 6.843059659004e-01 1.030538797379e+00 1.415731549263e+00 1.997952699661e+00 2.764804601669e+00 4.134402275085e+00 4.264043807983e+00 3.813528537750e+00 2.102127075195e+00 1.605964541435e+00 2.189639568329e+00 2.672323703766e+00 9.353215217590e+00 2.456872177124e+01 1.446284484863e+01 8.487385749817e+00 3.708282470703e+00 3.519714355469e+00
2.133303135633e-01 3.082070052624e-01 3.849020600319e-01 4.323690533638e-01 4.534024298191e-01 4.557520151138e-01 4.456537365913e-01 4.272464513779e-01 4.031862020493e-01 3.748790025711e-01 3.436080217361e-01 3.104874193668e-01 3.312352895737e-01 3.327904641628e-01 3.071003556252e-01 3.306218087673e-01 5.930773019791e-01 7.396116256714e-01 6.927430033684e-01 5.432631373405e-01 3.845054507256e-01 2.588398754597e-01 2.888821363449e-01 3.325295746326e-01 5.690659880638e-01 1.240908503532e+00 2.622648715973e+00 2.414805412292e+00 2.007858276367e+00 3.723273992538e+00 5.063846111298e+00 4.339806556702e+00 3.059649229050e+00 1.438421964645e+00 1.579102277756e+00 2.166432857513e+00 2.818248987198e+00 1.149004840851e+01 1.980436134338e+01 8.480365753174e+00 4.893066406250e+00 2.958835840225e+00 2.658330917358e+00
1.454441249371e-01 2.080798000097e-01 2.577005922794e-01 2.878683209419e-01 3.009803593159e-01 3.021025061607e-01 2.948465049267e-01 2.815150916576e-01 2.634929716587e-01 2.418492138386e-01 2.373958975077e-01 2.662214934826e-01 2.774011194706e-01 2.651297152042e-01 2.466464042664e-01 2.822625041008e-01 3.136193454266e-01 3.778329789639e-01 4.332011938095e-01 4.191824793816e-01 3.575745820999e-01 2.829822599888e-01 3.084340989590e-01 4.253396093845e-01 7.405761480331e-01 2.146595239639e+00 3.051262855530e+00 1.859842300415e+00 2.042564630508e+00 3.933099508286e+00 5.319888591766e+00 4.213183879852e+00 2.881804227829e+00 1.980534315109e+00 2.234977483749e+00 2.165259838104e+00 4.870441436768e+00 1.996342468262e+01 1.524213695526e+01 3.493516445160e+00 7.019598007202e+00 3.024262905121e+00 2.056150674820e+00
8.852703124285e-02 1.253807544708e-01 1.540997326374e-01 1.710286885500e-01 1.777137368917e-01 1.771781742573e-01 1.715249419212e-01 1.621040254831e-01 1.501572728157e-01 1.826127767563e-01 2.130942344666e-01 2.329512387514e-01 2.344126701355e-01 2.515799403191e-01 2.911220490932e-01 3.311854302883e-01 3.662220239639e-01 3.891271948814e-01 3.929820954800e-01 3.751610219479e-01 3.424386382103e-01 3.190970718861e-01 3.549864888191e-01 5.300535559654e-01 8.934331536293e-01 2.399629116058e+00 2.519433736801e+00 2.047791957855e+00 1.861220240593e+00 3.515686511993e+00 4.924841880798e+00 3.840417385101e+00 3.682202339172e+00 2.487868309021e+00 2.691291809082e+00 2.004494905472e+00 4.777925014496e+00 1.163499546051e+01 6.499992370605e+00 4.123012065887e+00 9.323757171631e+00 2.982879638672e+00 1.572983741760e+00
