100/SI/f25_max.grd
DSAA
101	101
32.816463539100	34.260883539100
35.556306596100	36.727886596100
1.367947366089e-02	2.468119873047e+03
[rows 57 to 75 of 101, columns 43 to 85 of 101]
9.723329544067e+00 1.169311523438e+01 6.079095363617e+00 6.818913459778e+00 6.722283840179e+00 1.051723194122e+01 1.148981475830e+01 1.766696357727e+01 1.360422325134e+01 7.372989654541e+00 5.345552921295e+00 4.445036888123e+00 3.294998884201e+00 5.652625083923e+00 2.605526924133e+01 8.648146057129e+01 1.762222900391e+02 1.764292907715e+02 3.126096496582e+02 8.534769439697e+01 2.420447731018e+01 1.917711257935e+01 3.349185180664e+01 6.138287734985e+01 1.050801544189e+02 9.591149139404e+01 1.046863327026e+02 8.430644989014e+01 1.063656005859e+02 1.002336044312e+02 1.047497634888e+02 7.824073791504e+01 8.036097717285e+01 1.133694915771e+02 7.061796569824e+01 4.453075790405e+01 5.170439147949e+01 7.094216156006e+01 8.896824645996e+01 6.452540588379e+01 2.702691650391e+01 2.490263557434e+01 2.401399040222e+01
7.732244014740e+00 1.857209205627e+01 4.919442653656e+00 5.271031856537e+00 5.199961662292e+00 7.687954902649e+00 1.453600597382e+01 4.612879943848e+01 3.651370239258e+01 7.951914787292e+00 4.971549987793e+00 3.427388429642e+00 2.666824102402e+00 2.646185636520e+00 5.493176937103e+00 5.236834716797e+01 6.026110458374e+01 6.029406356812e+01 4.881127548218e+01 4.872113800049e+01 3.398372268677e+01 2.577402305603e+01 1.990865516663e+01 1.273136425018e+01 3.268025207520e+01 6.369294738770e+01 1.130886917114e+02 1.175506744385e+02 1.276015853882e+02 6.876118469238e+01 9.103182983398e+01 8.200357055664e+01 7.043682861328e+01 6.425137329102e+01 6.521455383301e+01 4.849096679688e+01 4.771725082397e+01 5.581279754639e+01 5.450807571411e+01 4.966126632690e+01 5.136789703369e+01 5.372859191895e+01 5.016493988037e+01
6.634237289429e+00 7.490465641022e+00 4.454577445984e+00 4.776111125946e+00 4.834334850311e+00 6.970697402954e+00 2.078543090820e+01 1.095904235840e+02 8.977423858643e+01 1.281595325470e+01 5.193027973175e+00 2.948693513870e+00 2.068323135376e+00 1.891387939453e+00 1.961596846581e+00 2.414534330368e+00 3.135030508041e+00 4.367201328278e+00 8.639149665833e+00 7.249745845795e+00 8.380491256714e+00 9.654223442078e+00 6.389875888824e+00 6.447265625000e+00 1.607972717285e+01 7.432763671875e+01 1.276903533936e+02 1.476808013916e+02 1.415263824463e+02 1.422810974121e+02 9.213919067383e+01 7.958339691162e+01 6.711399078369e+01 6.369290542603e+01 8.911073303223e+01 7.695626068115e+01 6.393671035767e+01 4.002559661865e+01 4.147811889648e+01 3.466265106201e+01 3.123214530945e+01 2.847216415405e+01 2.477198982239e+01
6.095957279205e+00 5.456583023071e+00 4.297069549561e+00 4.816718578339e+00 5.372274875641e+00 7.039473056793e+00 1.435128936768e+02 6.207360839844e+01 6.853740692139e+01 9.707346916199e+00 4.544802665710e+00 2.831235647202e+00 1.883531689644e+00 1.536887168884e+00 1.469470620155e+00 1.552206158638e+00 1.860833168030e+00 2.453904151917e+00 3.359621524811e+00 4.120005607605e+00 4.540866374969e+00 9.224082946777e+00 4.757739543915e+00 4.385387420654e+00 1.340888881683e+01 2.942246627808e+01 1.054876861572e+02 1.227998886108e+02 1.255245361328e+02 1.350942535400e+02 1.150452880859e+02 8.767217254639e+01 6.145750808716e+01 7.791025543213e+01 5.352238082886e+01 4.722690963745e+01 3.908407211304e+01 3.225904464722e+01 3.025832748413e+01 3.028107833862e+01 3.127894401550e+01 4.603049468994e+01 6.248651885986e+01
5.141376972198e+00 3.981225013733e+00 4.208472251892e+00 5.084400177002e+00 8.661696434021e+00 1.363411521912e+01 3.987129592896e+01 9.212951660156e+01 3.279451751709e+01 5.231922626495e+00 3.289818525314e+00 2.408047676086e+00 1.714619159698e+00 1.287889957428e+00 1.181029558182e+00 1.182135701180e+00 1.290114402771e+00 1.727633476257e+00 2.381183385849e+00 2.727160692215e+00 2.763952255249e+00 5.668553829193e+00 3.448714494705e+00 3.933936834335e+00 8.250489234924e+00 2.767471504211e+01 7.492821502686e+01 1.008446426392e+02 1.070869216919e+02 8.334734344482e+01 6.348824691772e+01 9.080328369141e+01 6.217904281616e+01 4.287473297119e+01 4.838671112061e+01 6.335123443604e+01 5.718452453613e+01 3.857994079590e+01 3.585512924194e+01 3.482067871094e+01 3.410220336914e+01 3.971975326538e+01 4.792480850220e+01
3.712613105774e+00 3.095447778702e+00 3.856814146042e+00 8.680694580078e+00 2.514792823792e+01 5.424339675903e+01 7.046929168701e+01 4.322753143311e+01 4.675768852234e+00 3.176813125610e+00 2.317816257477e+00 1.931902170181e+00 1.509108185768e+00 1.222845673561e+00 1.076147317886e+00 1.117674112320e+00 1.170208930969e+00 1.424901723862e+00 2.057361125946e+00 2.535021781921e+00 2.696124076843e+00 2.777729749680e+00 2.797873497009e+00 4.152286529541e+00 9.992236137390e+00 2.603448104858e+01 3.184286117554e+01 3.143952178955e+01 6.305661773682e+01 7.268308258057e+01 8.559738159180e+01 5.488436508179e+01 7.037547302246e+01 5.155299377441e+01 5.933511352539e+01 6.961740875244e+01 1.383357543945e+02 8.700035858154e+01 5.125154876709e+01 4.010617828369e+01 4.119623184204e+01 4.042284774780e+01 3.901017379761e+01
2.432434797287e+00 2.523430109024e+00 3.186066389084e+00 4.014636039734e+00 9.907023429871e+00 5.679594802856e+01 3.481278610229e+01 4.756714820862e+00 2.776261091232e+00 2.475462913513e+00 2.083242416382e+00 1.758853673935e+00 1.390069127083e+00 1.173005938530e+00 1.042425990105e+00 1.144345402718e+00 1.202589154243e+00 1.171088457108e+00 1.687323451042e+00 2.156753540039e+00 2.440657377243e+00 2.429157733917e+00 2.951990365982e+00 4.751366615295e+00 1.477566051483e+01 2.943865203857e+01 1.755833816528e+01 2.302095413208e+01 2.188665199280e+01 1.101913070679e+02 1.599362792969e+02 8.783180236816e+01 4.868235397339e+01 6.529963684082e+01 2.647221374512e+01 2.754754066467e+01 1.007045059204e+02 4.860728836060e+01 3.895397186279e+01 2.945094108582e+01 3.022981071472e+01 3.368657302856e+01 3.686594390869e+01
1.998785614967e+00 2.186269760132e+00 2.569519758224e+00 3.245562076569e+00 3.581115245819e+00 5.051776885986e+00 5.586199760437e+00 3.822487115860e+00 2.038866519928e+00 2.098527669907e+00 1.835672259331e+00 1.684644460678e+00 1.377184033394e+00 1.126039862633e+00 1.136444926262e+00 1.155724406242e+00 1.227461218834e+00 1.235235929489e+00 1.417392969131e+00 1.823618054390e+00 2.148333072662e+00 2.297367811203e+00 2.438220262527e+00 3.887174367905e+00 1.087353992462e+01 6.800522804260e+00 6.818547725677e+00 1.060300159454e+01 2.427006721497e+01 4.768711471558e+01 5.052525329590e+01 6.419734954834e+01 1.011864318848e+02 5.486363220215e+01 5.245230865479e+01 3.978396224976e+01 4.125962448120e+01 3.490568542480e+01 1.920420455933e+01 2.340096664429e+01 2.282825851440e+01 2.417350769043e+01 3.054559326172e+01
1.572974920273e+00 1.769909143448e+00 2.116185903549e+00 2.596164703369e+00 2.787961483002e+00 3.087155103683e+00 3.256969451904e+00 2.056878566742e+00 1.772390246391e+00 1.853210449219e+00 1.723526835442e+00 1.491503477097e+00 1.255808353424e+00 1.135240197182e+00 1.105804681778e+00 1.262708425522e+00 1.261520028114e+00 1.083327770233e+00 1.249481439590e+00 1.589451074600e+00 1.884996294975e+00 2.188856840134e+00 3.011871814728e+00 3.188674926758e+00 3.221904516220e+00 4.496491432190e+00 4.323923587799e+00 1.054837703705e+01 1.480053138733e+01 1.980067443848e+01 4.127489089966e+01 7.192691040039e+01 5.439714431763e+01 9.965298461914e+01 6.378343200684e+01 3.617653274536e+01 3.042820549011e+01 2.712895202637e+01 3.217702102661e+01 3.050008773804e+01 3.808356857300e+01 3.707896423340e+01 4.335915374756e+01
1.447193622589e+00 1.460885405540e+00 1.639057517052e+00 1.830243110657e+00 1.971702456474e+00 1.938953042030e+00 1.856428146362e+00 1.808982491493e+00 1.957583189011e+00 1.934307575226e+00 1.803666949272e+00 1.578149914742e+00 1.298725008965e+00 1.163440227509e+00 1.049848914146e+00 1.032187461853e+00 1.159854412079e+00 1.173829913139e+00 1.180254459381e+00 1.428323388100e+00 1.657578229904e+00 1.960094690323e+00 2.873905181885e+00 3.247121095657e+00 3.493459463120e+00 7.271946430206e+00 9.964491844177e+00 1.274855327606e+01 1.781193733215e+01 1.931849670410e+01 4.243073654175e+01 7.964452362061e+01 3.789468002319e+01 4.067193222046e+01 7.302825164795e+01 6.327121734619e+01 4.289299011230e+01 3.699666595459e+01 4.453018569946e+01 2.317790412903e+01 3.104200363159e+01 3.636388397217e+01 4.319815063477e+01
1.194884300232e+00 1.370109677315e+00 1.435350298882e+00 1.422240853310e+00 1.593708515167e+00 1.768931388855e+00 1.906780362129e+00 1.693213582039e+00 1.599937200546e+00 1.650000333786e+00 1.771244406700e+00 1.767241954803e+00 1.531151652336e+00 1.315469622612e+00 1.247784495354e+00 1.142687082291e+00 9.857149124146e-01 1.065291643143e+00 1.210735559464e+00 1.342907071114e+00 1.478527069092e+00 1.712844133377e+00 2.449022769928e+00 2.411430597305e+00 2.755573749542e+00 6.533390522003e+00 1.391036033630e+01 1.875992012024e+01 2.630427551270e+01 1.383355522156e+01 4.155553436279e+01 2.092550468445e+01 2.224641227722e+01 2.621345138550e+01 4.254230117798e+01 4.610274124146e+01 5.930869674683e+01 5.494982528687e+01 3.943903350830e+01 3.356306838989e+01 2.607100486755e+01 2.806794738770e+01 2.176940727234e+01
1.182375192642e+00 1.304109692574e+00 1.295371532440e+00 1.293597340584e+00 1.383150935173e+00 1.585208177567e+00 1.717026233673e+00 1.535255432129e+00 1.225665211678e+00 1.312632560730e+00 1.420506954193e+00 1.604972004890e+00 1.674140810966e+00 1.403373122215e+00 1.335792303085e+00 1.634762048721e+00 1.451908230782e+00 1.153189897537e+00 1.259556770325e+00 1.316029191017e+00 1.601987242699e+00 1.777366638184e+00 1.928137540817e+00 2.456723213196e+00 2.858411312103e+00 4.808443546295e+00 9.963869094849e+00 1.194307804108e+01 1.635842323303e+01 9.299016952515e+00 2.027714347839e+01 1.579893779755e+01 2.576436805725e+01 1.596165561676e+01 3.182562828064e+01 2.306903648376e+01 3.593137741089e+01 4.471538543701e+01 4.049580764771e+01 5.536243057251e+01 5.107036972046e+01 4.114734268188e+01 3.531672286987e+01
1.134921789169e+00 1.223896503448e+00 1.175252318382e+00 1.175171852112e+00 1.181161880493e+00 1.184769749641e+00 1.313340783119e+00 1.243141889572e+00 1.505588293076e+00 1.628783345222e+00 1.488782405853e+00 1.471156001091e+00 1.590684413910e+00 1.666326045990e+00 1.563030242920e+00 2.017995595932e+00 1.800526380539e+00 1.364373683929e+00 1.378304362297e+00 1.355355858803e+00 1.557239770889e+00 1.686945915222e+00 1.903980135918e+00 2.532022476196e+00 2.983862876892e+00 4.296879291534e+00 6.460766315460e+00 7.383381366730e+00 8.020660400391e+00 1.015853214264e+01 1.779752349854e+01 2.674790000916e+01 1.770310211182e+01 4.446341323853e+01 1.490241718292e+01 1.980021476746e+01 3.853220748901e+01 5.437106323242e+01 2.693924522400e+01 3.035301780701e+01 2.010096549988e+01 3.638967895508e+01 3.244375228882e+01
1.009713649750e+00 1.088231205940e+00 1.044693470001e+00 1.009706974030e+00 9.380594491959e-01 9.602300524712e-01 1.012701869011e+00 1.378621578217e+00 1.710866928101e+00 1.758415341377e+00 1.554919719696e+00 1.641984462738e+00 1.818112730980e+00 1.786820888519e+00 1.786579012871e+00 1.870222091675e+00 2.008504152298e+00 2.360891342163e+00 2.109527826309e+00 1.897565126419e+00 1.896083354950e+00 2.045261144638e+00 2.439847469330e+00 2.578803777695e+00 3.042659044266e+00 3.703261137009e+00 6.127867221832e+00 6.019204616547e+00 1.190889549255e+01 2.365539360046e+01 2.882529067993e+01 1.395994186401e+01 1.407856559753e+01 4.392355346680e+01 2.268422889709e+01 2.804012870789e+01 2.505934715271e+01 3.213590240479e+01 2.341488456726e+01 9.126887321472e+00 8.731550216675e+00 1.178437519073e+01 2.265121841431e+01
9.269909262657e-01 9.265902638435e-01 9.174054265022e-01 9.027959704399e-01 9.253499507904e-01 9.894772768021e-01 1.039241313934e+00 1.282027125359e+00 1.437800407410e+00 1.389353156090e+00 1.632068276405e+00 1.750262022018e+00 1.693328142166e+00 1.768362998962e+00 2.385710000992e+00 3.314338445663e+00 3.764822721481e+00 4.747488021851e+00 4.725184440613e+00 5.143048286438e+00 3.649225473404e+00 3.412512302399e+00 3.950375556946e+00 3.312496423721e+00 3.793494939804e+00 5.238006114960e+00 1.549841690063e+01 1.445397758484e+01 1.541106033325e+01 2.052196121216e+01 1.060260963440e+01 1.116380596161e+01 1.535620784760e+01 8.819750785828e+00 4.657275390625e+01 6.419699859619e+01 5.713829803467e+01 1.365582752228e+01 6.494204044342e+00 5.425417900085e+00 5.302075862885e+00 6.245049953461e+00 6.588677406311e+00
8.591768145561e-01 8.896216154099e-01 8.529938459396e-01 9.157463312149e-01 9.993741512299e-01 1.144739389420e+00 1.147312879562e+00 1.312549471855e+00 1.473590373993e+00 1.737861037254e+00 1.795648097992e+00 2.122829914093e+00 2.215625286102e+00 2.041584730148e+00 5.105209827423e+00 1.832259178162e+01 1.449685287476e+01 8.129881858826e+00 9.119083404541e+00 1.144013214111e+01 8.485133171082e+00 4.379090785980e+00 5.085986137390e+00 6.364368438721e+00 6.204546451569e+00 1.160912132263e+01 1.626586341858e+01 1.420345592499e+01 1.179168605804e+01 1.042570495605e+01 1.187124919891e+01 1.139679622650e+01 8.498220443726e+00 7.129456043243e+00 1.205309295654e+01 5.463104248047e+01 5.670096969604e+01 1.172523498535e+01 4.302869796753e+00 4.392598628998e+00 4.033288955688e+00 3.879553794861e+00 6.319460391998e+00
8.587163686752e-01 9.232631325722e-01 1.152414321899e+00 1.286996603012e+00 1.180684685707e+00 1.953474283218e+00 2.293731212616e+00 2.351948976517e+00 2.023802995682e+00 2.053946733475e+00 2.243079423904e+00 2.806658744812e+00 2.788865566254e+00 1.009256553650e+01 7.231488037109e+01 9.203858184814e+01 4.341522216797e+01 2.309759521484e+01 1.864745330811e+01 1.484001064301e+01 7.260370731354e+00 6.973810195923e+00 1.505407142639e+01 3.207649612427e+01 2.634008979797e+01 1.405063438416e+01 1.649697113037e+01 1.345068645477e+01 1.424233341217e+01 1.007548332214e+01 2.543743896484e+01 1.016766643524e+01 7.537797451019e+00 5.362629890442e+00 3.662014722824e+00 1.132972335815e+01 1.245745372772e+01 3.066093683243e+00 2.138389348984e+00 2.518676996231e+00 3.117949008942e+00 3.491910219193e+00 3.270403623581e+00
1.033050656319e+00 1.620857596397e+00 2.205575227737e+00 2.395615816116e+00 3.106066465378e+00 4.125020027161e+00 4.050726413727e+00 3.571002006531e+00 3.066690444946e+00 2.364968776703e+00 3.016137838364e+00 3.327360630035e+00 1.774939918518e+01 9.879609680176e+01 1.365817413330e+02 4.820783996582e+01 1.443200397491e+01 8.914736747742e+00 9.319052696228e+00 8.186642646790e+00 7.675279617310e+00 1.745123481750e+01 3.441043090820e+01 4.546206283569e+01 3.655950546265e+01 1.873632049561e+01 1.311685466766e+01 9.419106483459e+00 8.728007316589e+00 7.620781421661e+00 1.081409358978e+01 4.755866527557e+00 5.462771892548e+00 4.442069530487e+00 2.804786443710e+00 1.672093749046e+00 1.396849751472e+00 1.378340840340e+00 1.433272242546e+00 1.786723732948e+00 2.400990724564e+00 3.042929649353e+00 3.119523048401e+00
1.703684449196e+00 2.540719747543e+00 3.369745016098e+00 4.854954242706e+00 9.361351966858e+00 9.207341194153e+00 1.277040863037e+01 9.888226509094e+00 1.125304508209e+01 6.692944049835e+00 3.623145341873e+00 2.291116523743e+01 9.289527893066e+01 9.309963226318e+01 2.456231307983e+01 7.243295192719e+00 1.324544906616e+01 1.750525093079e+01 1.274488353729e+01 1.464033126831e+01 1.767052650452e+01 1.799553489685e+01 2.598185539246e+01 2.130454063416e+01 1.427176380157e+01 1.121519279480e+01 7.003807544708e+00 2.753926515579e+00 2.866677761078e+00 2.724106073380e+00 3.495702266693e+00 2.564934968948e+00 2.293422222137e+00 1.602930784225e+00 1.641303181648e+00 1.675897002220e+00 1.732957363129e+00 1.822974324226e+00 1.942730307579e+00 2.097507476807e+00 2.129086256027e+00 2.546828746796e+00 3.326112031937e+00
