100/SI/f28.grd
DSAA
101	101
32.816463539100	34.260883539100
35.556306596100	36.727886596100
1.014475245029e-02	1.820515014648e+03
[rows 38 to 56 of 101, columns 43 to 85 of 101]
1.065623931885e+02 1.639680786133e+02 1.800780944824e+02 1.013285980225e+02 1.776856994629e+02 8.771682739258e+01 8.766114807129e+01 1.217519989014e+02 1.018961334229e+02 8.206686401367e+01 1.194916000366e+02 6.273239898682e+01 7.003336334229e+01 5.999351119995e+01 9.131485748291e+01 6.745722961426e+01 7.067913818359e+01 4.176593017578e+01 5.573831558228e+01 8.393399810791e+01 8.499056243896e+01 6.485650634766e+01 4.466584396362e+01 3.541699600220e+01 3.060550880432e+01 2.714371871948e+01 2.631134605408e+01 2.696332740784e+01 2.402239418030e+01 1.805765724182e+01 1.773467445374e+01 2.097918701172e+01 2.396302604675e+01 2.463153457642e+01 2.495718383789e+01 2.498897933960e+01 2.458645439148e+01 2.269841575623e+01 2.014180183411e+01 1.793365287781e+01 1.614243888855e+01 1.579311466217e+01 1.367269611359e+01
1.061468353271e+02 2.191452789307e+02 1.455202484131e+02 2.027532043457e+02 1.450182952881e+02 1.984950103760e+02 1.739272460938e+02 1.067870407104e+02 1.066512603760e+02 8.246765136719e+01 1.365616607666e+02 9.061235046387e+01 5.583602905273e+01 6.729522705078e+01 1.218360443115e+02 7.135793304443e+01 8.294506835938e+01 1.289421234131e+02 1.149971313477e+02 7.749697875977e+01 5.202804946899e+01 3.564543151855e+01 3.331768798828e+01 2.947230911255e+01 2.921088027954e+01 2.801485443115e+01 2.459445190430e+01 2.147627067566e+01 1.933434486389e+01 1.914719963074e+01 2.099062347412e+01 1.969741249084e+01 1.615114784241e+01 1.415275287628e+01 1.369102764130e+01 1.181541633606e+01 1.225126838684e+01 1.346938133240e+01 1.481137084961e+01 1.637480354309e+01 1.772079277039e+01 2.272770690918e+01 2.352778625488e+01
1.533684234619e+02 1.102253189087e+02 1.930748443604e+02 1.493993682861e+02 1.635463867188e+02 2.110023803711e+02 1.296401977539e+02 1.186351470947e+02 8.587068939209e+01 8.854170989990e+01 1.472052612305e+02 8.217720794678e+01 8.330852508545e+01 8.139745330811e+01 9.919516754150e+01 1.598452301025e+02 1.087588043213e+02 5.569145965576e+01 5.182174301147e+01 3.461709594727e+01 2.660422706604e+01 3.723590087891e+01 4.904258728027e+01 4.397961425781e+01 3.194513320923e+01 2.747509193420e+01 2.691691780090e+01 2.484646797180e+01 2.146323394775e+01 1.993853378296e+01 1.872041511536e+01 1.949158477783e+01 1.865283012390e+01 1.733894157410e+01 1.702899742126e+01 1.788838768005e+01 1.764828681946e+01 1.602110862732e+01 2.006600379944e+01 2.743997764587e+01 2.267668342590e+01 1.658907508850e+01 1.435567188263e+01
1.722657470703e+02 1.571275787354e+02 2.534019927979e+02 2.143792877197e+02 2.063698120117e+02 2.255562438965e+02 2.088358154297e+02 1.142781524658e+02 1.276775741577e+02 1.242518920898e+02 1.414474334717e+02 1.173148269653e+02 1.071718597412e+02 1.827797393799e+02 1.177291336060e+02 8.527834320068e+01 7.381022644043e+01 5.954261779785e+01 4.368173980713e+01 6.716617584229e+01 7.251416778564e+01 3.929790878296e+01 6.145386123657e+01 4.783766555786e+01 4.299469375610e+01 3.785970306396e+01 3.339435195923e+01 2.982239723206e+01 2.682627487183e+01 2.496030998230e+01 4.628115463257e+01 1.959640312195e+01 1.884169197083e+01 1.778406524658e+01 2.374384307861e+01 2.935662841797e+01 2.548044395447e+01 2.926234054565e+01 2.458077049255e+01 2.689682006836e+01 2.709351539612e+01 2.646134948730e+01 2.427438354492e+01
1.657741851807e+02 2.262034912109e+02 1.993626403809e+02 1.986295623779e+02 1.832556304932e+02 2.389085083008e+02 3.592745361328e+02 1.635836181641e+02 1.820416107178e+02 1.869990386963e+02 1.638837280273e+02 1.604543457031e+02 1.964895629883e+02 1.097218780518e+02 1.183100051880e+02 6.703936004639e+01 8.718341064453e+01 1.166614456177e+02 9.206384277344e+01 9.145182800293e+01 9.462541198730e+01 6.303804779053e+01 3.840153503418e+01 3.724290847778e+01 3.448451232910e+01 3.393833923340e+01 3.931645202637e+01 6.762734222412e+01 8.076428985596e+01 7.126378631592e+01 3.502816009521e+01 2.546400260925e+01 2.411637687683e+01 2.827903556824e+01 3.391065979004e+01 3.386595535278e+01 3.090295791626e+01 2.769729423523e+01 2.018827438354e+01 2.504809951782e+01 2.985949707031e+01 2.977900886536e+01 2.862209320068e+01
1.968764343262e+02 2.857175903320e+02 4.646862487793e+02 2.922787475586e+02 4.564826354980e+02 2.484225769043e+02 5.690469360352e+02 1.627717742920e+02 3.012645263672e+02 2.353680572510e+02 1.976728363037e+02 2.030161437988e+02 1.107407684326e+02 1.364134979248e+02 1.494632415771e+02 1.465527038574e+02 9.150025939941e+01 5.476242828369e+01 1.178719558716e+02 1.018947830200e+02 5.621923446655e+01 5.115732574463e+01 4.729108428955e+01 8.569170379639e+01 1.049662780762e+02 9.242652893066e+01 6.169388198853e+01 4.563123703003e+01 4.947470855713e+01 3.161961555481e+01 2.396359062195e+01 3.592673492432e+01 4.471286392212e+01 4.025922012329e+01 3.576517868042e+01 4.761047744751e+01 5.648795318604e+01 5.054362487793e+01 3.628038024902e+01 2.611119842529e+01 3.257706069946e+01 3.575730895996e+01 3.768849182129e+01
2.435901336670e+02 3.066281738281e+02 3.620330810547e+02 4.748040771484e+02 3.979913024902e+02 4.117893676758e+02 6.766151733398e+02 2.700220031738e+02 3.180032653809e+02 2.524815673828e+02 2.446923370361e+02 1.460451812744e+02 1.512634887695e+02 1.887412261963e+02 1.485574645996e+02 1.076949996948e+02 1.546107940674e+02 1.441211853027e+02 1.117452392578e+02 1.413398590088e+02 1.428143463135e+02 1.234840621948e+02 8.804338836670e+01 4.925434112549e+01 5.390903854370e+01 4.849096298218e+01 3.919680404663e+01 4.027911376953e+01 4.201674652100e+01 4.497366714478e+01 4.383236312866e+01 3.750289154053e+01 3.604492187500e+01 3.036111640930e+01 5.466039657593e+01 6.685337066650e+01 6.272991561890e+01 4.626718139648e+01 2.810623931885e+01 1.774214553833e+01 2.450096321106e+01 2.817438316345e+01 2.600509452820e+01
2.284519042969e+02 3.330918884277e+02 4.003584899902e+02 3.867079467773e+02 5.725357055664e+02 4.379980163574e+02 6.984926757812e+02 3.796274719238e+02 3.287091064453e+02 3.624623107910e+02 2.790525817871e+02 1.765054626465e+02 1.816203918457e+02 1.910795898438e+02 1.136717681885e+02 1.630099639893e+02 2.091287689209e+02 1.460705566406e+02 8.430953979492e+01 8.319014739990e+01 7.316375732422e+01 5.859215545654e+01 5.632748794556e+01 6.094150924683e+01 6.099484634399e+01 5.395852279663e+01 4.727597045898e+01 4.608803939819e+01 3.824892807007e+01 4.308766555786e+01 3.994505691528e+01 3.651730728149e+01 2.549524307251e+01 4.589169311523e+01 5.484479141235e+01 5.204946899414e+01 3.644044494629e+01 1.997603225708e+01 2.755456924438e+01 2.601181030273e+01 1.955627059937e+01 1.750987815857e+01 1.892918395996e+01
3.438738708496e+02 4.721099548340e+02 4.850614318848e+02 5.405191040039e+02 5.930801391602e+02 7.468112182617e+02 7.087259521484e+02 1.320459594727e+03 4.929665832520e+02 3.117756347656e+02 2.848635253906e+02 2.630339660645e+02 2.202350311279e+02 3.354093933105e+02 2.918392333984e+02 1.716158905029e+02 1.548816375732e+02 1.598696594238e+02 1.165542831421e+02 1.057390975952e+02 1.045892715454e+02 9.932446289062e+01 1.039372634888e+02 7.722444152832e+01 1.019549713135e+02 9.026747131348e+01 5.632909774780e+01 5.127363967896e+01 5.196239852905e+01 4.836063385010e+01 4.127473831177e+01 3.992434310913e+01 4.102368545532e+01 4.733533096313e+01 4.404462814331e+01 3.387541580200e+01 2.642119979858e+01 2.381814193726e+01 2.319909858704e+01 2.293148803711e+01 2.239743804932e+01 2.155843925476e+01 2.066815948486e+01
2.253997497559e+02 6.202938232422e+02 4.421116638184e+02 5.435227050781e+02 8.695120239258e+02 7.263189697266e+02 8.537847290039e+02 9.898212890625e+02 4.915354003906e+02 4.639816894531e+02 5.973955688477e+02 3.744532470703e+02 4.628858642578e+02 3.609404602051e+02 2.999481811523e+02 2.599383850098e+02 2.198648529053e+02 1.894714050293e+02 1.666380920410e+02 2.347093048096e+02 2.726003723145e+02 1.129970626831e+02 7.210614776611e+01 7.201284790039e+01 1.011288452148e+02 6.544653320312e+01 5.679947280884e+01 5.521907806396e+01 4.992349243164e+01 4.743076705933e+01 4.548807144165e+01 4.695933914185e+01 4.970356750488e+01 4.252548980713e+01 3.258788299561e+01 3.115389442444e+01 2.944654464722e+01 2.348387908936e+01 2.319449996948e+01 2.249670982361e+01 2.077529907227e+01 2.128829574585e+01 2.234068870544e+01
5.738656616211e+02 6.904843139648e+02 7.788468017578e+02 8.274888305664e+02 9.901942138672e+02 1.367448608398e+03 1.820515014648e+03 7.935891113281e+02 6.491513671875e+02 4.744049987793e+02 6.736184082031e+02 6.739824829102e+02 2.463157043457e+02 3.922274780273e+02 4.317053527832e+02 2.164899444580e+02 1.955309448242e+02 2.052395477295e+02 2.240283813477e+02 2.606370544434e+02 1.988876190186e+02 9.108576202393e+01 9.550019073486e+01 8.106716156006e+01 7.400511169434e+01 6.370972442627e+01 6.185435104370e+01 6.136407470703e+01 5.102991485596e+01 3.545318984985e+01 3.264076995850e+01 3.562404632568e+01 3.832640075684e+01 3.934283065796e+01 3.787078475952e+01 3.618629837036e+01 3.220344924927e+01 3.317566299438e+01 3.688714599609e+01 3.767689132690e+01 3.365078353882e+01 2.914286231995e+01 2.539651107788e+01
3.916526794434e+02 6.983308715820e+02 7.320511474609e+02 9.367573242188e+02 9.463062744141e+02 9.322276611328e+02 9.194517211914e+02 7.216656494141e+02 5.115334777832e+02 5.749902954102e+02 5.530479736328e+02 5.753889770508e+02 7.020264282227e+02 2.986238708496e+02 2.648170166016e+02 1.644056396484e+02 1.478460388184e+02 1.032712249756e+02 9.660177612305e+01 8.149738311768e+01 7.070068359375e+01 7.986157226562e+01 9.814205169678e+01 1.125578613281e+02 1.147420196533e+02 9.997086334229e+01 7.772712707520e+01 5.370903778076e+01 3.741675567627e+01 3.084933471680e+01 2.704075813293e+01 2.962263679504e+01 3.819879913330e+01 2.540217590332e+01 2.893809318542e+01 3.151847648621e+01 2.513109207153e+01 3.096144485474e+01 3.650675582886e+01 3.860837554932e+01 4.368880462646e+01 5.472025680542e+01 6.201230239868e+01
1.534505920410e+02 2.130947418213e+02 3.367018127441e+02 1.585542846680e+03 8.567195434570e+02 8.194391479492e+02 4.625421447754e+02 4.722638854980e+02 4.382488098145e+02 6.862604980469e+02 6.568069458008e+02 9.412536010742e+02 1.337125244141e+03 9.656074218750e+02 6.200946655273e+02 2.831141052246e+02 1.323711242676e+02 9.349707031250e+01 8.794765472412e+01 1.174650650024e+02 1.532147064209e+02 1.415377349854e+02 1.041009368896e+02 6.667704772949e+01 7.392068481445e+01 6.937650299072e+01 9.698977661133e+01 1.434120178223e+02 6.629850006104e+01 3.642273330688e+01 3.410369873047e+01 5.599619293213e+01 3.612066650391e+01 2.221340179443e+01 2.022831344604e+01 2.090571403503e+01 2.116781425476e+01 2.175328445435e+01 2.210903358459e+01 2.205929183960e+01 2.206360244751e+01 2.434482383728e+01 2.128703117371e+01
2.823148536682e+01 6.789048767090e+01 1.661493682861e+02 2.167675170898e+02 2.251269226074e+02 2.197985076904e+02 1.695891265869e+02 2.408300323486e+02 2.317628173828e+02 3.821196594238e+02 7.699661254883e+02 8.737033081055e+02 1.195780517578e+03 6.549519042969e+02 4.696384582520e+02 2.633660583496e+02 1.197547378540e+02 6.264731216431e+01 7.081004333496e+01 1.467757873535e+02 4.655731506348e+02 1.953822326660e+02 1.668175506592e+02 1.287740020752e+02 1.307075653076e+02 1.118586807251e+02 1.173323364258e+02 8.192105865479e+01 4.267354965210e+01 5.668483352661e+01 4.785501098633e+01 4.648804473877e+01 2.908632659912e+01 2.649499702454e+01 1.853971481323e+01 1.639964866638e+01 1.703307723999e+01 1.669937133789e+01 1.801964378357e+01 1.721627044678e+01 2.237700653076e+01 2.624378395081e+01 2.535276031494e+01
1.824482536316e+01 3.463953399658e+01 1.072323226929e+02 6.418118286133e+01 5.291593170166e+01 4.405085372925e+01 6.761717987061e+01 1.100399856567e+02 1.142406539917e+02 1.226180191040e+02 3.512817687988e+02 1.641577392578e+03 1.362803588867e+03 6.079644165039e+02 2.870195922852e+02 8.478965759277e+01 4.817706680298e+01 3.166630935669e+01 3.911162185669e+01 1.016247406006e+02 2.323656616211e+02 4.022358703613e+02 2.001478881836e+02 1.518761749268e+02 1.196284484863e+02 8.956679534912e+01 9.458515930176e+01 8.798276519775e+01 7.701760101318e+01 6.999687194824e+01 8.476287841797e+01 3.715131759644e+01 3.386382675171e+01 2.746836853027e+01 2.824024200439e+01 2.640030479431e+01 2.221359443665e+01 1.833519363403e+01 2.149326133728e+01 2.478730583191e+01 2.900706100464e+01 2.852719497681e+01 2.430573844910e+01
1.244391059875e+01 5.195348739624e+01 1.195977249146e+02 1.189344024658e+02 2.253966712952e+01 2.659513664246e+01 2.566406822205e+01 5.130819702148e+01 8.660718536377e+01 1.690093383789e+02 2.321273651123e+02 4.661470642090e+02 9.729008178711e+02 6.750990600586e+02 9.028422851562e+02 2.187026977539e+02 2.755075645447e+01 1.725237274170e+01 2.699584197998e+01 9.684465026855e+01 2.635335083008e+02 4.233832092285e+02 3.205963134766e+02 2.174002227783e+02 1.510021362305e+02 9.523620605469e+01 1.084619522095e+02 7.974352264404e+01 7.799639129639e+01 7.750022888184e+01 6.374673461914e+01 5.080131912231e+01 3.578329467773e+01 3.865062713623e+01 3.537179183960e+01 2.707312011719e+01 2.525604057312e+01 2.307307434082e+01 2.144175148010e+01 2.500867843628e+01 2.738107299805e+01 2.658650970459e+01 2.352076339722e+01
1.116229915619e+01 2.681609725952e+01 1.767610931396e+02 2.210298156738e+02 1.210672454834e+02 1.771514511108e+01 1.379961490631e+01 2.525830650330e+01 2.511286926270e+01 2.145330810547e+01 1.788995361328e+01 7.457604217529e+01 3.241855773926e+02 2.048578186035e+02 1.080349487305e+03 1.394764862061e+02 7.850656127930e+01 3.085266494751e+01 2.410278129578e+01 7.780031585693e+01 1.492005157471e+02 1.352182983398e+03 4.360975341797e+02 1.834873809814e+02 1.839478759766e+02 9.790086364746e+01 1.045399017334e+02 8.753123474121e+01 1.238651809692e+02 9.493013000488e+01 5.435626983643e+01 5.481297302246e+01 5.045012664795e+01 4.797454452515e+01 4.706266784668e+01 3.751873779297e+01 3.834783935547e+01 4.229883575439e+01 2.730861282349e+01 2.103952217102e+01 2.088179779053e+01 2.056867599487e+01 2.263609695435e+01
7.174498558044e+00 1.188520526886e+01 1.513562107086e+01 8.790856170654e+01 5.584098434448e+01 1.253056049347e+01 1.065933322906e+01 1.243143463135e+01 1.176876926422e+01 1.116357803345e+01 8.076521873474e+00 9.011309623718e+00 2.716120719910e+01 1.909398040771e+02 5.225436401367e+02 1.343069610596e+02 1.042682876587e+02 4.693822479248e+01 2.786880111694e+01 5.464191436768e+01 6.731901550293e+01 8.934600830078e+01 8.429354095459e+01 6.412579345703e+01 8.970265960693e+01 1.497113189697e+02 1.283262329102e+02 1.277741241455e+02 8.460442352295e+01 1.072436828613e+02 1.117171783447e+02 9.712911987305e+01 6.937532806396e+01 4.985126876831e+01 4.732336425781e+01 4.129703140259e+01 3.529170227051e+01 3.695711517334e+01 3.592534637451e+01 2.382051849365e+01 1.969406127930e+01 2.021639251709e+01 2.089135551453e+01
7.695024013519e+00 1.198654460907e+01 7.916342258453e+00 9.256590843201e+00 9.487217903137e+00 1.093055629730e+01 9.785856246948e+00 9.175176620483e+00 8.707152366638e+00 6.707659721375e+00 4.738888263702e+00 3.823790311813e+00 6.381728649139e+00 1.891212005615e+02 2.822814331055e+02 3.529113464355e+02 8.674279022217e+01 1.034684295654e+02 9.508370208740e+01 3.130715751648e+01 3.465461349487e+01 6.518198394775e+01 1.784805297852e+02 1.752395172119e+02 2.277668457031e+02 2.281500854492e+02 2.128053741455e+02 1.999032745361e+02 1.878876495361e+02 1.778585662842e+02 1.882461853027e+02 2.298800354004e+02 1.963570404053e+02 7.987358093262e+01 3.220733642578e+01 3.832931137085e+01 4.196691513062e+01 2.903457069397e+01 2.943353271484e+01 2.077457046509e+01 2.108045578003e+01 1.510630512238e+01 1.713255119324e+01
