100/SI/f28.grd
DSAA
101	101
32.816463539100	34.260883539100
35.556306596100	36.727886596100
1.014475245029e-02	1.820515014648e+03
[rows 19 to 37 of 101, columns 0 to 42 of 101]
3.373628377914e+00 6.879146099091e+00 8.803425788879e+00 8.976275444031e+00 7.408328056335e+00 5.815292358398e+00 4.014126777649e+00 4.624508857727e+00 5.433082103729e+00 6.506820678711e+00 8.657331466675e+00 1.029449939728e+01 9.920340538025e+00 1.073697280884e+01 1.080537796021e+01 1.047041606903e+01 9.952476501465e+00 9.987555503845e+00 1.138096046448e+01 1.011946773529e+01 1.027820110321e+01 1.104550933838e+01 1.172574806213e+01 1.136092185974e+01 1.009655952454e+01 8.593260765076e+00 8.888776779175e+00 1.452862739563e+01 1.721088409424e+01 1.297712516785e+01 1.198942279816e+01 1.105169868469e+01 1.149554729462e+01 1.148711013794e+01 1.140327644348e+01 1.143452358246e+01 9.015291213989e+00 7.884015560150e+00 8.458468437195e+00 8.270570755005e+00 1.184519481659e+01 2.832416534424e+01 1.324884796143e+01
2.644326448441e+00 5.557347297668e+00 7.498289585114e+00 8.208244323730e+00 7.303978443146e+00 6.949606895447e+00 6.367549896240e+00 4.348080158234e+00 5.798517227173e+00 6.787705898285e+00 7.537459850311e+00 9.405183792114e+00 8.283836364746e+00 9.637386322021e+00 1.039809894562e+01 1.071374797821e+01 1.068114757538e+01 1.019314193726e+01 1.304649257660e+01 1.042933845520e+01 1.200540637970e+01 1.427529144287e+01 1.540516567230e+01 1.553118419647e+01 1.421151161194e+01 1.097196960449e+01 1.178116607666e+01 1.180505275726e+01 1.811978721619e+01 1.317481422424e+01 1.131132125854e+01 1.072191143036e+01 1.044892215729e+01 9.984305381775e+00 9.725434303284e+00 1.251680850983e+01 8.636427879333e+00 9.091671943665e+00 9.263174057007e+00 9.630498886108e+00 1.465742874146e+01 2.402582931519e+01 1.971514129639e+01
1.963392972946e+00 4.049617290497e+00 5.682188987732e+00 6.543904781342e+00 6.179807186127e+00 5.336487770081e+00 6.573565006256e+00 6.489546298981e+00 7.357347488403e+00 8.745530128479e+00 1.004696273804e+01 1.319465446472e+01 1.574763870239e+01 1.435469055176e+01 9.755614280701e+00 9.605771064758e+00 1.013304996490e+01 1.086793804169e+01 1.900230789185e+01 1.460680007935e+01 1.106798171997e+01 1.735817718506e+01 1.840845489502e+01 2.091068267822e+01 1.677812194824e+01 1.483583068848e+01 1.473240756989e+01 9.391449928284e+00 1.710566902161e+01 1.214023685455e+01 9.384005546570e+00 9.824625968933e+00 1.160332298279e+01 9.103759765625e+00 9.932702064514e+00 1.326931667328e+01 1.056014251709e+01 9.663454055786e+00 1.001760482788e+01 1.089558124542e+01 1.707535743713e+01 1.726175689697e+01 2.615515899658e+01
2.743088483810e+00 4.926651477814e+00 4.627611637115e+00 4.847917556763e+00 5.828442096710e+00 7.368600368500e+00 8.583178520203e+00 1.022462368011e+01 1.237942409515e+01 1.551298236847e+01 1.966114425659e+01 2.455033493042e+01 2.747491264343e+01 2.379788780212e+01 1.497317600250e+01 8.991372108459e+00 1.240653610229e+01 1.742334175110e+01 2.204972457886e+01 1.803075027466e+01 1.431255054474e+01 1.885463714600e+01 2.005888175964e+01 2.350196647644e+01 1.669507217407e+01 1.690489768982e+01 1.751909446716e+01 1.096166229248e+01 1.403068637848e+01 1.005092906952e+01 8.891835212708e+00 8.803569793701e+00 1.204927921295e+01 1.197623252869e+01 1.189621543884e+01 1.131214237213e+01 1.484147739410e+01 1.063032722473e+01 1.080612277985e+01 1.195093345642e+01 1.901137924194e+01 1.643970108032e+01 3.037975311279e+01
2.675675630569e+00 5.508693218231e+00 5.972755432129e+00 5.718576908112e+00 7.321713924408e+00 9.945409774780e+00 1.087944316864e+01 1.146631622314e+01 1.267985534668e+01 1.464207935333e+01 1.760440254211e+01 1.999415206909e+01 2.041215133667e+01 1.743221855164e+01 1.278740596771e+01 1.115127372742e+01 1.217329216003e+01 1.705868148804e+01 2.266692543030e+01 1.399748516083e+01 1.352699851990e+01 1.903035354614e+01 2.004178619385e+01 2.255985069275e+01 1.801858520508e+01 1.685496711731e+01 1.977307128906e+01 1.708675956726e+01 1.726130676270e+01 1.475451850891e+01 1.279397201538e+01 1.830669403076e+01 1.707137107849e+01 1.297926712036e+01 1.262762451172e+01 1.218388271332e+01 1.648529243469e+01 1.187706851959e+01 1.182518863678e+01 1.260730266571e+01 2.009039878845e+01 1.665978813171e+01 3.105186653137e+01
5.067042827606e+00 8.719119071960e+00 5.645268440247e+00 5.688735961914e+00 6.366184711456e+00 8.697098731995e+00 9.844376564026e+00 9.718616485596e+00 9.629700660706e+00 9.992059707642e+00 1.056231498718e+01 1.117267704010e+01 1.061616420746e+01 1.138510799408e+01 1.152889823914e+01 1.033872222900e+01 1.053295135498e+01 1.958345222473e+01 2.234291839600e+01 1.184469223022e+01 1.222412967682e+01 1.764235687256e+01 1.902593803406e+01 1.924530410767e+01 1.724372100830e+01 1.542621898651e+01 2.131378936768e+01 1.882024765015e+01 1.531910228729e+01 1.478813266754e+01 1.500638294220e+01 2.378126144409e+01 3.525784683228e+01 3.341693878174e+01 3.011855506897e+01 2.862800598145e+01 2.959991455078e+01 1.825513267517e+01 1.550479602814e+01 1.317243289948e+01 2.054292297363e+01 1.608812904358e+01 2.752486038208e+01
9.398665428162e+00 1.991128921509e+01 2.044755554199e+01 1.783787918091e+01 1.109941101074e+01 6.440725803375e+00 6.589988231659e+00 6.902023792267e+00 7.231904506683e+00 9.351179122925e+00 1.121028709412e+01 1.252932167053e+01 1.293631172180e+01 1.240711498260e+01 1.114734554291e+01 1.173445320129e+01 1.258573150635e+01 1.908984756470e+01 1.876944351196e+01 1.059418010712e+01 1.222876262665e+01 1.443914508820e+01 1.647734642029e+01 1.594693660736e+01 1.771123123169e+01 1.706554603577e+01 2.214083480835e+01 2.326154518127e+01 2.466403579712e+01 2.203390312195e+01 1.659568405151e+01 1.429642486572e+01 2.880949974060e+01 3.134702491760e+01 3.435180282593e+01 4.129572677612e+01 5.126484298706e+01 3.113529968262e+01 2.289039039612e+01 1.944901084900e+01 2.017063331604e+01 1.501073551178e+01 2.066166877747e+01
9.976393699646e+00 2.155088615417e+01 2.493599700928e+01 2.940474319458e+01 3.206248474121e+01 2.770196533203e+01 1.548466014862e+01 8.727046012878e+00 1.190998649597e+01 1.391533946991e+01 1.429638385773e+01 1.352554512024e+01 1.265009403229e+01 1.697374534607e+01 1.859923934937e+01 1.837104415894e+01 1.802850151062e+01 1.749894714355e+01 1.728046798706e+01 1.671109580994e+01 1.632460784912e+01 1.630672836304e+01 1.580534648895e+01 2.018584251404e+01 2.428725433350e+01 2.098875999451e+01 2.411932754517e+01 3.087056541443e+01 3.115154075623e+01 2.760129737854e+01 2.055291748047e+01 1.596028137207e+01 1.692188453674e+01 2.533997726440e+01 3.786359024048e+01 3.345978546143e+01 3.499125671387e+01 2.631539344788e+01 2.797860145569e+01 2.847074127197e+01 2.312832641602e+01 1.441382884979e+01 1.828967475891e+01
6.373359680176e+00 1.410762023926e+01 1.647706985474e+01 2.030990600586e+01 2.641657447815e+01 3.459868621826e+01 3.889151000977e+01 3.014031410217e+01 1.567824172974e+01 1.510845851898e+01 1.346072483063e+01 1.721797752380e+01 2.019662666321e+01 2.092120361328e+01 1.977750968933e+01 1.971024703979e+01 1.947087478638e+01 1.888950538635e+01 1.979443359375e+01 1.996681976318e+01 2.050779914856e+01 2.226292037964e+01 2.106354904175e+01 1.941556549072e+01 1.925878715515e+01 2.480421257019e+01 2.372827339172e+01 2.979072189331e+01 3.269261169434e+01 2.925521659851e+01 2.178284645081e+01 2.292126083374e+01 2.950211334229e+01 3.950564956665e+01 4.724642181396e+01 3.435040283203e+01 2.531176567078e+01 2.115237045288e+01 2.522199440002e+01 3.226021575928e+01 3.511484909058e+01 2.379018592834e+01 1.786524772644e+01
4.427067279816e+00 8.681447029114e+00 1.066889762878e+01 9.816397666931e+00 1.160397624969e+01 1.735109901428e+01 2.696595573425e+01 3.629288101196e+01 3.603042602539e+01 2.467764472961e+01 1.914404487610e+01 2.008170509338e+01 2.025125694275e+01 1.926271057129e+01 1.887736129761e+01 1.853403663635e+01 1.758355903625e+01 1.885427665710e+01 1.934041404724e+01 2.005504035950e+01 2.125584411621e+01 2.052607727051e+01 1.976277732849e+01 1.955084419250e+01 2.000530242920e+01 1.899029159546e+01 2.049237823486e+01 2.337989807129e+01 2.787477874756e+01 2.891248893738e+01 2.258135032654e+01 2.730243110657e+01 3.204233169556e+01 3.645971298218e+01 3.543344116211e+01 2.230124473572e+01 2.448817062378e+01 2.839896965027e+01 3.051694488525e+01 2.720037269592e+01 3.950505828857e+01 3.997986221313e+01 2.160655784607e+01
5.166535377502e+00 1.016355609894e+01 9.902083396912e+00 1.214207553864e+01 9.966906547546e+00 8.779353141785e+00 1.055254364014e+01 1.918242645264e+01 3.041958999634e+01 3.511840438843e+01 2.846654891968e+01 1.900568199158e+01 1.797789573669e+01 1.752816772461e+01 1.636933326721e+01 1.590455245972e+01 1.640596389771e+01 1.897055244446e+01 1.734447097778e+01 1.732419776917e+01 1.565682506561e+01 1.281969356537e+01 1.770782852173e+01 1.576093959808e+01 2.373389053345e+01 1.976172828674e+01 2.335495758057e+01 2.613918876648e+01 2.088104248047e+01 2.342378616333e+01 2.679288864136e+01 2.881544876099e+01 2.318996429443e+01 2.913335227966e+01 2.137671089172e+01 1.865292739868e+01 2.474701309204e+01 3.446857452393e+01 4.111103057861e+01 3.875821685791e+01 3.220798873901e+01 4.965363693237e+01 3.713746643066e+01
6.729194164276e+00 1.293265247345e+01 1.200444698334e+01 1.203747463226e+01 1.340573024750e+01 1.031708621979e+01 1.428262996674e+01 1.726562118530e+01 1.895789337158e+01 2.673713111877e+01 3.413248062134e+01 3.079018211365e+01 1.873118019104e+01 1.497214126587e+01 1.473096370697e+01 1.506828117371e+01 1.559348201752e+01 1.540805625916e+01 1.744586753845e+01 1.641174697876e+01 1.429691982269e+01 1.236250019073e+01 1.361447048187e+01 2.132309913635e+01 3.171486473083e+01 4.260542297363e+01 5.118605041504e+01 4.179013442993e+01 2.686596870422e+01 2.515135383606e+01 3.295638656616e+01 2.234707450867e+01 1.673790931702e+01 3.635062408447e+01 1.584256649017e+01 2.119655609131e+01 2.055224609375e+01 2.914171409607e+01 4.221985626221e+01 4.524727249146e+01 3.876877975464e+01 4.212064361572e+01 5.662596893311e+01
6.133960723877e+00 1.341208839417e+01 1.419307899475e+01 1.387318229675e+01 1.421933269501e+01 1.459028244019e+01 1.739986801147e+01 1.818150901794e+01 1.798841476440e+01 1.693743133545e+01 2.403901481628e+01 3.390423583984e+01 3.291323089600e+01 2.256860923767e+01 1.410003566742e+01 1.406338310242e+01 1.355083274841e+01 1.283279514313e+01 1.717086791992e+01 1.785540390015e+01 1.864682006836e+01 1.501828193665e+01 1.385577869415e+01 2.630287551880e+01 4.452421951294e+01 6.545135498047e+01 7.687046813965e+01 7.364929199219e+01 4.822543334961e+01 2.901969909668e+01 3.544999313354e+01 2.812741279602e+01 2.686433792114e+01 4.447188949585e+01 2.359778213501e+01 4.382161331177e+01 3.160630035400e+01 2.377423858643e+01 3.245903778076e+01 4.646207427979e+01 4.741731643677e+01 3.985404586792e+01 6.114078140259e+01
7.444319248199e+00 1.502747535706e+01 1.521926498413e+01 1.478842353821e+01 1.533831882477e+01 1.728800773621e+01 1.733403587341e+01 1.747834396362e+01 1.601138687134e+01 1.473017120361e+01 1.420921325684e+01 2.078022003174e+01 3.297075653076e+01 3.455024719238e+01 2.602390289307e+01 1.324740123749e+01 1.223998069763e+01 1.307256889343e+01 1.530688571930e+01 2.481011962891e+01 2.243691635132e+01 2.082683563232e+01 1.903902626038e+01 2.615769386292e+01 4.539373397827e+01 6.472486114502e+01 8.804893493652e+01 1.031731719971e+02 8.640442657471e+01 4.216435241699e+01 3.685607910156e+01 4.035897064209e+01 3.889796447754e+01 5.269783401489e+01 2.924939537048e+01 5.884819412231e+01 4.862997055054e+01 3.185702896118e+01 3.048907089233e+01 4.261522293091e+01 9.130490112305e+01 4.629014587402e+01 5.030438232422e+01
1.037243461609e+01 1.949152374268e+01 1.759825515747e+01 1.802374076843e+01 1.915933799744e+01 2.027375030518e+01 2.156641769409e+01 2.246093177795e+01 2.297728157043e+01 2.306562042236e+01 2.237011337280e+01 2.266061019897e+01 2.158438873291e+01 3.054888916016e+01 3.522306442261e+01 2.917510795593e+01 1.451678466797e+01 1.421995735168e+01 1.532346630096e+01 2.380111312866e+01 2.523484802246e+01 2.300340652466e+01 2.050800132751e+01 2.227776908875e+01 3.757030868530e+01 5.577980041504e+01 8.636093902588e+01 1.205670318604e+02 1.141350555420e+02 7.008782958984e+01 5.181951904297e+01 6.574602508545e+01 7.126898193359e+01 6.661284637451e+01 5.596081161499e+01 6.363248443604e+01 6.047377777100e+01 4.651752090454e+01 5.504003524780e+01 4.810976791382e+01 1.315327606201e+02 1.069611053467e+02 3.003713226318e+01
1.071840667725e+01 2.227580642700e+01 2.222080802917e+01 2.151993179321e+01 1.893393325806e+01 1.561344718933e+01 1.496857547760e+01 1.658316993713e+01 1.841309356689e+01 2.057978248596e+01 2.299419784546e+01 2.584453201294e+01 2.952458763123e+01 4.665389251709e+01 4.743694305420e+01 3.492379760742e+01 3.308316802979e+01 3.142688560486e+01 2.921422386169e+01 2.672094726562e+01 2.405969810486e+01 2.183599853516e+01 2.393441772461e+01 2.265283393860e+01 2.560026359558e+01 4.212648391724e+01 6.205965805054e+01 9.822039031982e+01 1.248015975952e+02 8.698270416260e+01 4.166128540039e+01 4.052202987671e+01 5.986361694336e+01 8.007075500488e+01 8.982775878906e+01 8.446663665771e+01 6.195993423462e+01 5.067530441284e+01 3.801315689087e+01 5.697296524048e+01 1.388170166016e+02 1.649702453613e+02 4.577188110352e+01
8.333445549011e+00 1.717743110657e+01 1.926429367065e+01 2.099992561340e+01 2.204596138000e+01 2.128064918518e+01 1.782460021973e+01 1.470725440979e+01 1.480091381073e+01 1.480954837799e+01 1.474367618561e+01 1.444320392609e+01 1.400195217133e+01 1.771907043457e+01 2.653702926636e+01 2.908672332764e+01 3.408000183105e+01 3.274949264526e+01 2.701568031311e+01 2.991881561279e+01 3.162530899048e+01 3.259547805786e+01 3.374303436279e+01 3.514383697510e+01 3.370301437378e+01 2.788711547852e+01 4.169522476196e+01 7.418114471436e+01 1.049160919189e+02 7.749765014648e+01 3.923238372803e+01 2.749132919312e+01 2.302284049988e+01 3.993340301514e+01 4.682600402832e+01 7.670262908936e+01 9.830353546143e+01 9.203302764893e+01 5.819234085083e+01 6.123903656006e+01 9.017009735107e+01 1.975142059326e+02 7.091025543213e+01
6.704445362091e+00 1.295408535004e+01 1.288726139069e+01 1.233777141571e+01 1.404108333588e+01 1.572050762177e+01 1.641814231873e+01 1.612824058533e+01 1.368672847748e+01 1.405832290649e+01 1.528470897675e+01 1.652782821655e+01 1.767729568481e+01 1.883009338379e+01 2.000554466248e+01 2.102545928955e+01 2.191908836365e+01 3.205686187744e+01 3.398165893555e+01 4.362186050415e+01 3.418786621094e+01 2.886552047729e+01 2.739953613281e+01 2.708999252319e+01 2.714919662476e+01 3.050947761536e+01 4.039146041870e+01 4.730405807495e+01 6.688326263428e+01 5.493027877808e+01 2.815422439575e+01 3.325160217285e+01 2.476727294922e+01 3.239948272705e+01 3.769923019409e+01 4.478540039062e+01 4.531403350830e+01 7.598347473145e+01 1.082300949097e+02 8.849928283691e+01 7.735533142090e+01 1.633849334717e+02 1.447089843750e+02
4.216585636139e+00 8.501174926758e+00 8.373258590698e+00 8.432064056396e+00 9.866931915283e+00 1.126775646210e+01 1.219617652893e+01 1.258611679077e+01 1.274993228912e+01 1.171317958832e+01 1.184180259705e+01 1.180068206787e+01 1.241558265686e+01 1.293073844910e+01 1.310741329193e+01 1.694501686096e+01 1.892503356934e+01 2.602113723755e+01 4.902578735352e+01 5.115972900391e+01 4.508547592163e+01 3.826316833496e+01 4.377766418457e+01 5.225342178345e+01 3.672945022583e+01 4.382030105591e+01 4.276982498169e+01 3.982924270630e+01 4.138337326050e+01 5.364321517944e+01 5.013875579834e+01 3.297951126099e+01 3.388880157471e+01 3.598809051514e+01 3.845391082764e+01 4.105693817139e+01 4.042118453979e+01 5.205967712402e+01 7.673120117188e+01 8.904066467285e+01 1.068738937378e+02 1.427463226318e+02 1.213045425415e+02
