100/SI/f28.grd
DSAA
101	101
32.816463539100	34.260883539100
35.556306596100	36.727886596100
1.014475245029e-02	1.820515014648e+03
[rows 76 to 94 of 101, columns 0 to 42 of 101]
1.124529838562e-01 1.625993996859e-01 2.151291370392e-01 2.543325126171e-01 2.729193866253e-01 2.743726372719e-01 2.649317383766e-01 2.501457035542e-01 2.333868294954e-01 2.419971674681e-01 2.740754783154e-01 3.288584947586e-01 3.894834518433e-01 4.281989932060e-01 4.356500208378e-01 4.223952591419e-01 3.842021822929e-01 4.085503816605e-01 4.208950996399e-01 4.451678395271e-01 6.117433905602e-01 5.968785285950e-01 4.014468491077e-01 4.366004467010e-01 4.055778384209e-01 3.716699481010e-01 3.871261179447e-01 4.302213788033e-01 4.805004596710e-01 5.085189342499e-01 4.902325868607e-01 4.621744453907e-01 4.497369229794e-01 4.466337263584e-01 4.928207993507e-01 5.812258124352e-01 1.089871764183e+00 1.331952691078e+00 1.255276203156e+00 9.118660688400e-01 9.152168035507e-01 1.505558013916e+00 2.646632909775e+00
1.136416047812e-01 1.835235506296e-01 2.432946711779e-01 2.802918851376e-01 2.948563694954e-01 2.931725978851e-01 2.814972996712e-01 2.643695175648e-01 2.627740204334e-01 2.922351062298e-01 3.367371857166e-01 3.984240889549e-01 4.554223716259e-01 4.830690324306e-01 4.753645658493e-01 4.406777322292e-01 3.752745687962e-01 3.854911923409e-01 3.874831497669e-01 3.454094529152e-01 3.491395115852e-01 3.646267950535e-01 3.321304023266e-01 3.933869898319e-01 4.171171486378e-01 3.832993805408e-01 4.160948693752e-01 5.016786456108e-01 5.574355125427e-01 5.644740462303e-01 5.271153450012e-01 4.842001199722e-01 4.829702675343e-01 4.589622914791e-01 5.521199107170e-01 5.995565652847e-01 9.761656522751e-01 1.094692468643e+00 1.242469549179e+00 1.414059758186e+00 2.945554018021e+00 3.894212007523e+00 3.729060888290e+00
1.206872984767e-01 1.923189908266e-01 2.502567470074e-01 2.829282283783e-01 2.932104468346e-01 2.882039248943e-01 2.735241353512e-01 2.847594618797e-01 3.213255107403e-01 3.599718511105e-01 4.098270535469e-01 4.624027311802e-01 4.964830279350e-01 4.956688284874e-01 4.602097272873e-01 3.997208178043e-01 3.177703022957e-01 3.330146670341e-01 3.228833377361e-01 2.835175991058e-01 2.649597823620e-01 2.969221174717e-01 3.534259498119e-01 4.712927341461e-01 4.967793524265e-01 4.529418051243e-01 5.565906763077e-01 6.044767498970e-01 6.188354492188e-01 6.056835651398e-01 5.667182803154e-01 5.256974101067e-01 5.009905695915e-01 5.544189214706e-01 7.156067490578e-01 9.303362369537e-01 1.223898410797e+00 1.505919218063e+00 1.345656156540e+00 3.416640281677e+00 3.994190216064e+00 3.772161722183e+00 3.736673593521e+00
1.088334396482e-01 1.718724519014e-01 2.214094400406e-01 2.478788197041e-01 2.544865906239e-01 2.473847568035e-01 2.699380218983e-01 3.074883520603e-01 3.377333879471e-01 3.678699731827e-01 3.995534777641e-01 4.232008755207e-01 4.261873066425e-01 4.014916718006e-01 3.548112213612e-01 2.970143556595e-01 2.755819261074e-01 2.655153572559e-01 2.478949278593e-01 2.397213876247e-01 2.445002943277e-01 2.715993523598e-01 4.240140318871e-01 5.772665143013e-01 6.250679492950e-01 6.519638299942e-01 6.835275292397e-01 6.894921660423e-01 6.500397324562e-01 6.115964651108e-01 5.789652466774e-01 5.498398542404e-01 6.491741538048e-01 7.000116109848e-01 8.932585716248e-01 1.029518842697e+00 1.003657102585e+00 1.624075770378e+00 1.993015646935e+00 3.132805109024e+00 3.506583929062e+00 3.441107988358e+00 3.479429483414e+00
8.927531540394e-02 1.427099406719e-01 1.736363619566e-01 1.915706247091e-01 1.965814977884e-01 2.170314490795e-01 2.493715882301e-01 2.694547772408e-01 2.789858579636e-01 2.876119911671e-01 2.975909113884e-01 3.036446571350e-01 2.980706989765e-01 2.761220932007e-01 2.826986610889e-01 2.890251576900e-01 2.855708003044e-01 2.705548703671e-01 2.472597807646e-01 2.353819012642e-01 2.288044542074e-01 2.789126932621e-01 4.772079885006e-01 6.567174196243e-01 7.455929517746e-01 7.842229008675e-01 7.915236949921e-01 8.209494352341e-01 8.002958297729e-01 6.911173462868e-01 5.969511866570e-01 5.810531377792e-01 7.075771093369e-01 7.376983761787e-01 7.500073313713e-01 8.517061471939e-01 1.131591200829e+00 1.561875104904e+00 2.070573091507e+00 2.194025993347e+00 3.430182933807e+00 4.271228313446e+00 3.373025894165e+00
1.210373491049e-01 1.765664964914e-01 2.164676487446e-01 2.380559146404e-01 2.477687895298e-01 2.521581947803e-01 2.536444664001e-01 2.520425319672e-01 2.472742795944e-01 2.406301647425e-01 2.440613508224e-01 2.650975584984e-01 2.833361029625e-01 2.990407049656e-01 3.099897205830e-01 3.125010430813e-01 3.033856451511e-01 2.817482948303e-01 2.647141814232e-01 2.579782307148e-01 2.472354471684e-01 3.042231202126e-01 4.913195371628e-01 6.773756146431e-01 1.678330302238e+00 4.921258926392e+00 5.228327274323e+00 2.363516569138e+00 1.383585691452e+00 1.094105720520e+00 7.808775305748e-01 6.066437363625e-01 7.146454453468e-01 9.394286870956e-01 7.386116385460e-01 9.220248460770e-01 1.023219585419e+00 1.608470916748e+00 2.811646461487e+00 2.876976251602e+00 3.188064098358e+00 4.314750671387e+00 6.009941577911e+00
1.707822531462e-01 2.471753656864e-01 3.005979061127e-01 3.261553347111e-01 3.331375718117e-01 3.311373293400e-01 3.244334161282e-01 3.142743706703e-01 3.013533353806e-01 2.867445051670e-01 3.315867781639e-01 3.808800280094e-01 4.236266016960e-01 4.528855085373e-01 4.627562761307e-01 4.504491388798e-01 4.160938262939e-01 3.622483909130e-01 3.487126231194e-01 3.307783305645e-01 3.085695803165e-01 3.628399074078e-01 4.907910525799e-01 1.107022643089e+00 4.626288414001e+00 1.321928787231e+01 1.442717266083e+01 7.538195610046e+00 3.168407201767e+00 1.561452150345e+00 1.012780666351e+00 7.950859069824e-01 6.836267709732e-01 9.983816742897e-01 1.052627801895e+00 1.093393564224e+00 9.816358685493e-01 1.503164410591e+00 3.300568342209e+00 4.970195770264e+00 3.307695627213e+00 3.356732368469e+00 7.547282218933e+00
2.139748036861e-01 3.053713440895e-01 3.651094734669e-01 3.880067467690e-01 3.867110311985e-01 3.738081157207e-01 3.554973900318e-01 3.455166816711e-01 3.952113091946e-01 4.822097420692e-01 5.719589591026e-01 6.566712856293e-01 7.287625074387e-01 7.856495976448e-01 8.249669671059e-01 8.393715023994e-01 8.181845545769e-01 7.491643428802e-01 6.201542019844e-01 4.750864505768e-01 4.374744296074e-01 4.499345123768e-01 9.733152389526e-01 1.761646628380e+00 5.441140174866e+00 4.329967498779e+01 8.428495025635e+01 1.862563896179e+01 8.358935356140e+00 2.898435354233e+00 1.234634041786e+00 9.805724620819e-01 9.061926007271e-01 1.258579492569e+00 1.513352870941e+00 1.478917241096e+00 1.226297616959e+00 1.843033790588e+00 2.774159908295e+00 6.063015460968e+00 6.121307849884e+00 3.257933378220e+00 7.744690418243e+00
2.270736545324e-01 3.174761533737e-01 3.707600533962e-01 3.832340836525e-01 3.699412941933e-01 3.831923604012e-01 4.238050580025e-01 4.506236314774e-01 5.286932587624e-01 6.511261463165e-01 7.788539528847e-01 9.001308083534e-01 1.006640195847e+00 1.101720690727e+00 1.192919254303e+00 1.279423713684e+00 1.338227987289e+00 1.318579673767e+00 1.149261474609e+00 8.318796753883e-01 6.349213123322e-01 9.066177606583e-01 1.600934505463e+00 2.274467468262e+00 1.025865268707e+01 2.439142417908e+01 3.367551803589e+01 1.022249698639e+01 4.385863304138e+00 2.406124830246e+00 1.916211724281e+00 2.258689880371e+00 2.902247428894e+00 2.683317184448e+00 1.898601055145e+00 1.908309698105e+00 1.606760740280e+00 1.880391240120e+00 2.049310207367e+00 3.966484785080e+00 5.280300140381e+00 3.669743299484e+00 1.300910949707e+01
3.053235709667e-01 4.836198091507e-01 6.099531650543e-01 6.820153594017e-01 7.224947810173e-01 7.386640310287e-01 7.322447896004e-01 7.062243819237e-01 6.657461524010e-01 6.767349839211e-01 8.175643682480e-01 9.597099423409e-01 1.094958782196e+00 1.224754095078e+00 1.362673163414e+00 1.524842381477e+00 1.684085369110e+00 1.748931407928e+00 1.588419079781e+00 1.871248245239e+00 1.412340283394e+00 1.530570387840e+00 2.020623445511e+00 2.809786558151e+00 5.210973262787e+00 1.855984926224e+00 1.492236137390e+00 1.490159511566e+00 2.058522939682e+00 1.755433917046e+00 2.027112245560e+00 1.516630840302e+01 1.032428550720e+01 7.096830368042e+00 4.253172397614e+00 6.297277927399e+00 5.785410881042e+00 2.723037719727e+00 2.186307191849e+00 2.440116167068e+00 3.637155532837e+00 9.904041290283e+00 1.502509498596e+01
5.594990849495e-01 8.697395324707e-01 1.065716981888e+00 1.145618557930e+00 1.159225702286e+00 1.131380438805e+00 1.074617028236e+00 9.997845888138e-01 9.333100318909e-01 9.740445017815e-01 1.005525946617e+00 1.020713448524e+00 1.059569120407e+00 1.204633355141e+00 1.340865015984e+00 1.493172883987e+00 1.645828485489e+00 2.414542675018e+00 3.120837926865e+00 3.148031711578e+00 3.225588083267e+00 3.218601942062e+00 2.392181634903e+00 2.840086698532e+00 1.382844090462e+00 1.050060153008e+00 9.749384522438e-01 8.463669419289e-01 9.500028491020e-01 1.327046275139e+00 3.252160072327e+00 1.795495986938e+01 1.323268413544e+01 7.792322158813e+00 6.912912845612e+00 1.461086654663e+01 1.394334983826e+01 6.339248657227e+00 4.812077522278e+00 4.346740245819e+00 5.531622886658e+00 9.349729537964e+00 1.698507308960e+01
7.938078045845e-01 1.207385540009e+00 1.420365214348e+00 1.478782057762e+00 1.819625496864e+00 1.967771768570e+00 1.947349309921e+00 1.826368927956e+00 1.655707955360e+00 1.473612308502e+00 1.497818708420e+00 1.474056601524e+00 1.506749033928e+00 1.740257859230e+00 2.461255550385e+00 2.933659315109e+00 3.301493644714e+00 3.228457450867e+00 2.423033952713e+00 2.740699291229e+00 2.885823011398e+00 2.412389516830e+00 1.928274035454e+00 1.091242909431e+00 9.585683941841e-01 7.537282705307e-01 6.257695555687e-01 5.033797025681e-01 4.680148065090e-01 8.152886629105e-01 1.298705220222e+00 7.289730548859e+00 9.005357742310e+00 1.359412384033e+01 1.450505256653e+01 1.967853736877e+01 1.342208957672e+01 6.225816726685e+00 1.242396354675e+01 1.099912738800e+01 7.450183868408e+00 9.106903076172e+00 2.908326911926e+01
9.287742972374e-01 1.398856878281e+00 1.617268800735e+00 1.833497881889e+00 2.234694719315e+00 2.399560213089e+00 2.360339164734e+00 2.198721170425e+00 1.973224401474e+00 1.727888822556e+00 1.487454891205e+00 1.621579289436e+00 1.878704905510e+00 2.161092042923e+00 2.353189945221e+00 2.422252178192e+00 2.282617330551e+00 1.888235569000e+00 1.502751469612e+00 1.309416890144e+00 1.126979947090e+00 8.001781702042e-01 6.872724294662e-01 6.579438447952e-01 5.862994194031e-01 4.786711335182e-01 3.696925342083e-01 3.565817773342e-01 4.546981751919e-01 6.722560524940e-01 9.653370380402e-01 3.952983379364e+00 4.133063316345e+00 8.013065338135e+00 9.347571372986e+00 2.210088539124e+01 1.912780952454e+01 1.054809093475e+01 9.756369590759e+00 3.892953872681e+01 9.174674987793e+01 2.360128593445e+01 1.446940517426e+01
6.919747591019e-01 1.032288670540e+00 1.178978443146e+00 1.214569926262e+00 1.457386493683e+00 1.548925399780e+00 1.514146327972e+00 1.404612541199e+00 1.255650639534e+00 1.096086859703e+00 9.966803789139e-01 1.080504894257e+00 1.129369139671e+00 1.142435193062e+00 1.120955586433e+00 1.104911446571e+00 9.952384233475e-01 7.889613509178e-01 9.188843965530e-01 8.662181496620e-01 6.901512742043e-01 5.122659802437e-01 4.802195131779e-01 4.285916686058e-01 3.586846888065e-01 2.823355793953e-01 3.277634680271e-01 4.552537500858e-01 5.699111819267e-01 1.137487292290e+00 1.446076273918e+00 2.179802179337e+00 3.773131847382e+00 2.827353239059e+00 2.444509506226e+00 2.955406904221e+00 1.832865142822e+01 1.110923004150e+01 8.098575592041e+00 5.221715164185e+01 1.151482925415e+02 1.252621650696e+01 4.506468296051e+00
3.271269500256e-01 4.829962253571e-01 5.779290795326e-01 6.562247872353e-01 6.863034367561e-01 7.087501287460e-01 7.162588834763e-01 6.797239184380e-01 6.474213004112e-01 6.391622424126e-01 6.283070445061e-01 5.788460373878e-01 6.085847020149e-01 6.284286975861e-01 6.254489421844e-01 5.932010412216e-01 7.602139115334e-01 9.719081521034e-01 9.167892336845e-01 6.865805983543e-01 4.382690787315e-01 3.236437737942e-01 2.938547730446e-01 2.548668980598e-01 2.143618464470e-01 3.337079286575e-01 5.133509635925e-01 6.847435832024e-01 9.176858067513e-01 1.487624526024e+00 2.074769735336e+00 2.797076940536e+00 3.186757326126e+00 3.671623229980e+00 1.790078997612e+00 1.951775431633e+00 3.755001068115e+00 9.282559394836e+00 1.536844825745e+01 1.655778694153e+01 8.559260368347e+00 3.223395347595e+00 3.006212711334e+00
2.206604480743e-01 3.219977617264e-01 4.069463908672e-01 4.595564007759e-01 4.808619916439e-01 4.796930849552e-01 4.663603305817e-01 4.440995752811e-01 4.180903136730e-01 3.906391561031e-01 3.624781966209e-01 3.342851698399e-01 3.071188926697e-01 3.084397614002e-01 3.042888641357e-01 4.138367176056e-01 7.061784863472e-01 8.368016481400e-01 7.174093127251e-01 4.952867925167e-01 3.019431233406e-01 1.954342722893e-01 1.996611207724e-01 2.189416885376e-01 2.981007099152e-01 5.062925219536e-01 7.625686526299e-01 1.048541188240e+00 1.480565190315e+00 2.047467947006e+00 3.062001466751e+00 3.158097743988e+00 2.825134277344e+00 1.556618809700e+00 1.188652873039e+00 1.620651602745e+00 1.978089570999e+00 6.947566032410e+00 1.819742012024e+01 1.070426654816e+01 6.284408569336e+00 2.749453306198e+00 2.609550237656e+00
1.578690558672e-01 2.281071096659e-01 2.848931550980e-01 3.200443089008e-01 3.356331884861e-01 3.373867571354e-01 3.299197256565e-01 3.162922561169e-01 2.984757721424e-01 2.775104939938e-01 2.543584108353e-01 2.298341393471e-01 2.450442612171e-01 2.462134659290e-01 2.272122949362e-01 2.452862858772e-01 4.399579465389e-01 5.485857129097e-01 5.137379169464e-01 4.028134644032e-01 2.850539684296e-01 1.918651312590e-01 2.137531787157e-01 2.460270971060e-01 4.209760129452e-01 9.185851216316e-01 1.942580461502e+00 1.789044022560e+00 1.487122416496e+00 2.757695198059e+00 3.750967979431e+00 3.214689970016e+00 2.267443656921e+00 1.066529631615e+00 1.168860316277e+00 1.603866577148e+00 2.093625068665e+00 8.486318588257e+00 1.461239719391e+01 6.281002521515e+00 3.624882221222e+00 2.193802833557e+00 1.970818161964e+00
1.075364053249e-01 1.538690626621e-01 1.905766129494e-01 2.128972560167e-01 2.226051539183e-01 2.234451770782e-01 2.180852741003e-01 2.082275748253e-01 1.948949843645e-01 1.788806468248e-01 1.756052821875e-01 1.969588994980e-01 2.052495330572e-01 1.961780935526e-01 1.828013658524e-01 2.091962099075e-01 2.324326783419e-01 2.802419066429e-01 3.212530016899e-01 3.108004629612e-01 2.650772035122e-01 2.097493857145e-01 2.282103896141e-01 3.146018683910e-01 5.478642582893e-01 1.589625120163e+00 2.260293722153e+00 1.376507878304e+00 1.512892603874e+00 2.913305759430e+00 3.940869331360e+00 3.120962142944e+00 2.137022495270e+00 1.468547224998e+00 1.654774188995e+00 1.603011369705e+00 3.600871324539e+00 1.474459552765e+01 1.123274993896e+01 2.589360952377e+00 5.202239036560e+00 2.241966247559e+00 1.524299025536e+00
6.534951180220e-02 9.257238358259e-02 1.137859225273e-01 1.262914091349e-01 1.312335878611e-01 1.308452337980e-01 1.266765892506e-01 1.197226569057e-01 1.110452041030e-01 1.350789368153e-01 1.576548665762e-01 1.723669767380e-01 1.734600067139e-01 1.864774525166e-01 2.157816290855e-01 2.454703152180e-01 2.714310288429e-01 2.883972823620e-01 2.912397980690e-01 2.780119478703e-01 2.537362873554e-01 2.364460974932e-01 2.630251646042e-01 3.920547366142e-01 6.609439849854e-01 1.777266025543e+00 1.866363167763e+00 1.515715956688e+00 1.377746462822e+00 2.604188203812e+00 3.648211002350e+00 2.844665527344e+00 2.730624914169e+00 1.844811081886e+00 1.992696642876e+00 1.481858849525e+00 3.527694702148e+00 8.626948356628e+00 4.793642044067e+00 3.055260896683e+00 6.909457683563e+00 2.211157083511e+00 1.166076302528e+00
