100/SI/f28.grd
DSAA
101	101
32.816463539100	34.260883539100
35.556306596100	36.727886596100
1.014475245029e-02	1.820515014648e+03
[rows 76 to 94 of 101, columns 43 to 85 of 101]
2.762710809708e+00 2.370045900345e+00 4.216702461243e+00 1.096907329559e+01 1.176136302948e+01 2.382722663879e+01 3.844545745850e+01 4.341260528564e+01 2.684088706970e+01 7.419430732727e+00 2.399302864075e+01 5.415973663330e+01 4.075209426880e+01 1.108460998535e+01 4.863783359528e+00 6.803126335144e+00 7.750062942505e+00 4.354944229126e+00 3.949023246765e+00 4.860057830811e+00 1.685177230835e+01 3.720401382446e+01 8.581124305725e+00 5.840929031372e+00 4.241142749786e+00 2.850531578064e+00 1.460719704628e+00 1.256554126740e+00 1.223678708076e+00 1.154452443123e+00 1.080242276192e+00 1.127956151962e+00 1.189327359200e+00 1.263554811478e+00 1.278057694435e+00 1.191705226898e+00 1.094912767410e+00 1.025209665298e+00 9.775512814522e-01 9.504910707474e-01 1.067767500877e+00 1.706174373627e+00 2.308150291443e+00
4.347537040710e+00 5.936895847321e+00 7.492724895477e+00 8.063697814941e+00 1.061586475372e+01 1.531677913666e+01 2.014883041382e+01 1.764019012451e+01 2.726049423218e+01 3.989760971069e+01 3.972334671021e+01 1.917657470703e+01 1.411792945862e+01 1.121100521088e+01 7.273165702820e+00 9.740298271179e+00 2.901875257492e+00 1.421034693718e+00 1.740134119987e+00 1.942362189293e+00 1.477893590927e+00 1.772415518761e+00 2.804110527039e+00 2.933776855469e+00 2.672993659973e+00 1.642896771431e+00 7.983166575432e-01 7.163422107697e-01 8.191328644753e-01 9.450329542160e-01 1.009846568108e+00 1.034040212631e+00 1.029643416405e+00 9.855579733849e-01 8.586274981499e-01 6.906524896622e-01 5.572368502617e-01 5.362312793732e-01 5.688388943672e-01 6.818543076515e-01 9.115800261497e-01 1.548931956291e+00 2.055109262466e+00
9.443431854248e+00 1.430243778229e+01 9.162846565247e+00 4.056596279144e+00 5.222684383392e+00 1.710709381104e+01 4.805566787720e+01 6.418996429443e+01 4.849723052979e+01 2.414958572388e+01 1.345962715149e+01 9.100708961487e+00 5.887965679169e+00 9.052268981934e+00 1.008029460907e+01 3.135362625122e+00 1.039670109749e+00 9.506071209908e-01 9.811959266663e-01 1.298810124397e+00 9.728218913078e-01 8.895949125290e-01 1.028885722160e+00 1.180190086365e+00 1.070694923401e+00 1.004848837852e+00 8.020150065422e-01 8.367809057236e-01 7.024701237679e-01 7.885915637016e-01 8.265167474747e-01 7.716653347015e-01 7.545473575592e-01 7.302972674370e-01 5.154191255569e-01 4.934761822224e-01 5.240240097046e-01 5.218808650970e-01 5.109453201294e-01 5.483589768410e-01 6.703778505325e-01 1.361918568611e+00 1.981375694275e+00
1.307027339935e+01 1.532712459564e+01 5.255959033966e+00 5.569871425629e+00 1.747886848450e+01 3.137019157410e+01 3.243610382080e+01 2.812661170959e+01 2.579903602600e+01 1.162840175629e+01 1.108223152161e+01 1.303276920319e+01 8.547924995422e+00 6.352616310120e+00 1.912210822105e+00 1.156280040741e+00 7.285176515579e-01 7.039861679077e-01 6.775786876678e-01 8.169251084328e-01 7.504773139954e-01 7.508968710899e-01 6.989879608154e-01 6.811615228653e-01 6.700014472008e-01 6.847043037415e-01 6.635415554047e-01 6.760672926903e-01 7.256411314011e-01 6.967162489891e-01 7.065755128860e-01 5.819204449654e-01 6.443344950676e-01 6.762933731079e-01 5.392217040062e-01 4.100078344345e-01 4.900935888290e-01 5.211466550827e-01 5.231771469116e-01 5.141915678978e-01 5.355793237686e-01 7.344416975975e-01 1.226725220680e+00
5.675089836121e+00 1.117341899872e+01 1.585302257538e+01 1.825270462036e+01 1.800863647461e+01 1.484441089630e+01 1.857032394409e+01 2.270137596130e+01 3.267910766602e+01 1.319104290009e+01 1.329139518738e+01 8.117978096008e+00 3.451625823975e+00 1.295298099518e+00 8.960822820663e-01 7.310734987259e-01 6.575076580048e-01 5.937642455101e-01 5.443647503853e-01 5.092815756798e-01 5.561777353287e-01 4.435124695301e-01 4.499282836914e-01 4.486723244190e-01 4.701732695103e-01 4.948892593384e-01 5.008095502853e-01 4.600673615932e-01 3.854480385780e-01 4.630820155144e-01 4.635067284107e-01 4.513036012650e-01 5.080210566521e-01 5.641812086105e-01 5.186136960983e-01 4.069440662861e-01 4.555920660496e-01 5.111647844315e-01 5.247688889503e-01 5.396751165390e-01 6.258772015572e-01 7.518543004990e-01 9.287468194962e-01
7.144001960754e+00 1.933424377441e+01 3.590174865723e+01 2.189565849304e+01 1.487966537476e+01 2.289075469971e+01 3.122142791748e+01 4.248881912231e+01 2.012029647827e+01 1.142199325562e+01 5.342497348785e+00 3.292088747025e+00 1.380927443504e+00 7.619281411171e-01 5.496862530708e-01 4.552668631077e-01 4.192264080048e-01 3.901123404503e-01 4.005132615566e-01 4.267509281635e-01 4.276912510395e-01 4.010381996632e-01 3.980718553066e-01 4.234475493431e-01 5.064094662666e-01 5.910390615463e-01 6.481391191483e-01 6.317418217659e-01 5.004011988640e-01 3.761864900589e-01 3.727634847164e-01 3.447637856007e-01 3.653194010258e-01 4.552559554577e-01 4.700599610806e-01 4.373283386230e-01 4.144850671291e-01 4.851708114147e-01 5.120816230774e-01 5.173524022102e-01 6.002333164215e-01 8.306722044945e-01 1.122238755226e+00
1.192520809174e+01 3.689828109741e+01 2.823053550720e+01 2.216314315796e+01 2.464425468445e+01 2.400678825378e+01 1.650106620789e+01 1.626444625854e+01 1.261116504669e+01 6.501782417297e+00 2.841597557068e+00 1.927861332893e+00 7.953647375107e-01 5.106858015060e-01 4.198478460312e-01 3.442938029766e-01 3.403899967670e-01 3.641942441463e-01 3.566499054432e-01 3.386693000793e-01 3.683068156242e-01 3.695275485516e-01 3.689474165440e-01 3.705087900162e-01 4.618205428123e-01 5.679607391357e-01 6.465477347374e-01 6.467843055725e-01 5.268338918686e-01 3.448577225208e-01 3.611203730106e-01 3.748175203800e-01 3.075169920921e-01 3.370631337166e-01 4.010183513165e-01 4.465321004391e-01 4.497716724873e-01 4.440881311893e-01 4.853368699551e-01 5.067722201347e-01 5.017309784889e-01 5.653994679451e-01 7.283976674080e-01
1.533065223694e+01 2.588138771057e+01 1.523347854614e+01 9.262001991272e+00 6.299566268921e+00 8.645780563354e+00 7.810030460358e+00 9.319215774536e+00 6.818424701691e+00 2.738200664520e+00 2.214887857437e+00 1.389814853668e+00 8.549200296402e-01 6.378604769707e-01 3.998266458511e-01 3.277567923069e-01 3.501889407635e-01 3.539448082447e-01 3.232143521309e-01 3.037538230419e-01 3.524778187275e-01 3.865786194801e-01 4.054031372070e-01 3.925879597664e-01 3.607544004917e-01 4.318692088127e-01 4.831075072289e-01 4.801801145077e-01 3.982664644718e-01 3.121490180492e-01 3.203093707561e-01 3.522282242775e-01 3.373775780201e-01 2.946771681309e-01 2.990554273129e-01 3.674154877663e-01 4.073115885258e-01 3.937068879604e-01 4.479470551014e-01 4.866627156734e-01 4.961753487587e-01 5.355603098869e-01 5.844167470932e-01
2.209128570557e+01 1.822071075439e+01 5.865303993225e+00 4.564232349396e+00 4.865968704224e+00 2.852022647858e+00 4.790240764618e+00 6.479572772980e+00 4.334045886993e+00 2.156497955322e+00 1.967839121819e+00 9.979889988899e-01 8.995167016983e-01 8.580778241158e-01 5.398799180984e-01 4.229437708855e-01 3.600622415543e-01 3.408079147339e-01 2.948019206524e-01 2.931266725063e-01 3.547640740871e-01 4.257170855999e-01 4.689981639385e-01 4.395589232445e-01 3.767970800400e-01 3.242458701134e-01 3.476968407631e-01 3.729168176651e-01 3.720546662807e-01 3.898839652538e-01 3.512064516544e-01 3.263740837574e-01 3.230893313885e-01 2.942222654819e-01 2.831363976002e-01 3.427157104015e-01 3.755362331867e-01 3.666127026081e-01 4.031762480736e-01 4.537996947765e-01 4.762992560863e-01 5.317905545235e-01 6.677439808846e-01
3.457744979858e+01 1.524348831177e+01 3.221803426743e+00 2.192362070084e+00 1.662913918495e+00 2.026752710342e+00 2.150844573975e+00 4.906991481781e+00 5.015497207642e+00 3.086992263794e+00 1.551578879356e+00 8.943824172020e-01 7.795017361641e-01 8.207661509514e-01 6.774296164513e-01 4.178377091885e-01 3.532914519310e-01 3.281454443932e-01 2.735934853554e-01 2.900450825691e-01 3.636208176613e-01 4.751953780651e-01 5.193293690681e-01 4.624477028847e-01 3.894901871681e-01 3.439547121525e-01 3.607334196568e-01 4.025546610355e-01 4.208377301693e-01 4.069513678551e-01 3.777501583099e-01 3.171172142029e-01 3.626221120358e-01 2.940329015255e-01 2.755322754383e-01 3.011769652367e-01 3.792228400707e-01 4.182826876640e-01 4.463891386986e-01 5.083485245705e-01 5.848233103752e-01 6.073889136314e-01 5.899279117584e-01
2.977390480042e+01 9.148396492004e+00 2.415256500244e+00 1.352789998055e+00 1.226592779160e+00 1.384889721870e+00 2.504397153854e+00 3.218962669373e+00 3.829423904419e+00 2.673677682877e+00 1.779112935066e+00 1.039537787437e+00 6.582690477371e-01 5.952938795090e-01 5.737251639366e-01 4.863285422325e-01 3.982119560242e-01 4.391762018204e-01 3.676029741764e-01 3.201870918274e-01 3.998142480850e-01 5.348778367043e-01 5.579056739807e-01 4.697061479092e-01 3.998649716377e-01 3.653357028961e-01 3.783496618271e-01 4.249997437000e-01 4.581579864025e-01 4.274907410145e-01 3.718532323837e-01 3.087109923363e-01 3.707347214222e-01 2.861753106117e-01 2.706999480724e-01 2.597003281116e-01 2.846788465977e-01 3.755839169025e-01 4.792016744614e-01 6.179940700531e-01 7.552553415298e-01 8.087409138680e-01 8.169879317284e-01
1.556715774536e+01 3.010903596878e+00 1.419687747955e+00 1.242692351341e+00 1.033774971962e+00 1.000061988831e+00 1.610877633095e+00 8.978264331818e-01 2.322071552277e+00 3.508468151093e+00 2.552419424057e+00 1.953102946281e+00 9.633525609970e-01 6.000659465790e-01 5.146619677544e-01 5.173612833023e-01 5.498672127724e-01 4.956903755665e-01 4.358944296837e-01 3.895397186279e-01 4.771256446838e-01 5.876024365425e-01 5.674306750298e-01 4.790597558022e-01 4.286048114300e-01 4.043583273888e-01 4.033712446690e-01 4.466149508953e-01 4.838252961636e-01 4.625988006592e-01 3.871833980083e-01 3.068621456623e-01 3.508663773537e-01 3.167712092400e-01 2.675390243530e-01 2.671011984348e-01 2.583758831024e-01 2.707583606243e-01 3.463679254055e-01 5.299844741821e-01 7.236069440842e-01 8.423510789871e-01 9.100294709206e-01
4.200026512146e+00 1.717327833176e+00 1.125495791435e+00 1.069792747498e+00 8.027212619781e-01 7.368521690369e-01 7.255324721336e-01 7.094401121140e-01 8.439999818802e-01 2.888939142227e+00 3.205525636673e+00 4.706575393677e+00 3.020156621933e+00 1.096964359283e+00 6.866549253464e-01 5.744978189468e-01 6.230648159981e-01 7.360300421715e-01 6.866441965103e-01 5.514051914215e-01 5.423271656036e-01 6.094286441803e-01 5.499607920647e-01 4.762318432331e-01 4.492987692356e-01 4.460637569427e-01 4.556921720505e-01 4.565250873566e-01 4.947151243687e-01 4.951125085354e-01 4.265958070755e-01 3.296693265438e-01 3.303907811642e-01 3.293126225471e-01 3.069959580898e-01 3.149653375149e-01 3.122777938843e-01 3.075576424599e-01 3.045152127743e-01 3.049072623253e-01 4.111260473728e-01 5.461411476135e-01 6.431275010109e-01
1.592544674873e+00 9.583552479744e-01 1.005926728249e+00 8.717767596245e-01 6.843198537827e-01 6.212908625603e-01 5.393419861794e-01 5.490850806236e-01 6.382021903992e-01 1.196391701698e+00 4.800151824951e+00 1.177341747284e+01 8.085046768188e+00 2.587721109390e+00 1.145842432976e+00 7.177012562752e-01 6.510852575302e-01 7.798249125481e-01 7.561810612679e-01 8.000714778900e-01 7.714458107948e-01 6.370602846146e-01 5.718050003052e-01 5.146500468254e-01 5.000926852226e-01 5.051158666611e-01 5.055349469185e-01 4.939363300800e-01 4.950972795486e-01 5.199332237244e-01 4.690321683884e-01 3.437031209469e-01 3.236387670040e-01 3.184133172035e-01 3.304789662361e-01 3.553683459759e-01 3.723487854004e-01 3.781612217426e-01 3.762056231499e-01 3.638928234577e-01 3.549485504627e-01 3.737663626671e-01 3.860430419445e-01
1.360947966576e+00 8.261107206345e-01 8.929034471512e-01 6.790151596069e-01 5.351200699806e-01 5.035185813904e-01 4.409777820110e-01 4.678030312061e-01 4.677469432354e-01 8.413745164871e-01 3.638193607330e+00 9.802606582642e+00 8.833930969238e+00 5.696494102478e+00 1.394278645515e+00 7.904286384583e-01 6.032195687294e-01 8.642193675041e-01 1.028912067413e+00 9.676001667976e-01 7.929617762566e-01 6.217338442802e-01 6.180037260056e-01 5.830559730530e-01 5.650162100792e-01 5.535504817963e-01 5.314288139343e-01 4.863499104977e-01 4.979329407215e-01 5.240967273712e-01 4.614141881466e-01 3.663217127323e-01 3.791608512402e-01 3.672415316105e-01 3.487785160542e-01 3.313931822777e-01 3.544469773769e-01 3.685520589352e-01 3.655413985252e-01 3.432500958443e-01 3.709810078144e-01 4.382684826851e-01 4.863016307354e-01
1.675335884094e+00 8.830522894859e-01 7.789334058762e-01 5.763555169106e-01 4.367050826550e-01 4.120395183563e-01 4.207106828690e-01 4.165668785572e-01 4.071256518364e-01 5.281998515129e-01 1.386121511459e+00 5.015789985657e+00 1.823329734802e+01 1.408199214935e+01 2.376569271088e+00 9.217612743378e-01 1.012070536613e+00 1.082383632660e+00 9.652489423752e-01 7.703880071640e-01 6.275005936623e-01 6.420963406563e-01 6.832768917084e-01 6.640771627426e-01 6.211163997650e-01 5.654371976852e-01 4.906899034977e-01 4.407376348972e-01 5.131440162659e-01 5.261623263359e-01 4.853667616844e-01 5.402701497078e-01 5.426942706108e-01 5.143310427666e-01 4.630240201950e-01 3.610025942326e-01 2.943651378155e-01 2.924213707447e-01 2.944650352001e-01 3.173967599869e-01 3.730294108391e-01 4.648604094982e-01 5.761925578117e-01
1.772770881653e+00 1.000960946083e+00 7.520437836647e-01 5.030282735825e-01 3.924049735069e-01 4.109791517258e-01 4.054337441921e-01 3.936431705952e-01 3.553235828876e-01 4.041785895824e-01 7.855886816978e-01 2.557626247406e+00 8.886264801025e+00 7.855359077454e+00 2.652006864548e+00 1.524713397026e+00 1.257536411285e+00 9.786796569824e-01 7.562173604965e-01 6.061487197876e-01 6.067670583725e-01 6.499989628792e-01 6.936231851578e-01 6.622995138168e-01 5.744286775589e-01 4.676094651222e-01 3.793041110039e-01 4.124954044819e-01 5.144452452660e-01 5.392519831657e-01 5.749637484550e-01 6.330457925797e-01 6.301291584969e-01 5.885140895844e-01 5.011444091797e-01 3.656933307648e-01 3.756780028343e-01 3.904755115509e-01 4.131028056145e-01 4.321572780609e-01 4.363243877888e-01 4.773170053959e-01 6.157903671265e-01
1.656853199005e+00 8.948950767517e-01 6.328009963036e-01 3.953571319580e-01 3.761522471905e-01 4.050863385201e-01 3.909912407398e-01 3.381294012070e-01 2.686779201031e-01 3.631522655487e-01 6.678224802017e-01 1.135076642036e+00 3.153183221817e+00 3.768115997314e+00 2.746537685394e+00 1.690780997276e+00 1.073531270027e+00 7.652323842049e-01 7.113720774651e-01 6.936142444611e-01 6.274920701981e-01 5.954633951187e-01 5.778370499611e-01 5.096479058266e-01 4.036803543568e-01 3.528376221657e-01 3.476218581200e-01 3.702989220619e-01 4.778257906437e-01 5.329745411873e-01 4.067519903183e-01 4.445834457874e-01 4.458191096783e-01 4.179391264915e-01 3.936145603657e-01 4.318103790283e-01 4.680956006050e-01 5.152040123940e-01 5.650475621223e-01 5.923596024513e-01 5.813390016556e-01 5.400140285492e-01 6.033430099487e-01
1.479693531990e+00 6.861243247986e-01 4.554127156734e-01 2.920269370079e-01 3.516898155212e-01 3.895624876022e-01 3.729195892811e-01 3.077587485313e-01 2.274076044559e-01 3.258627951145e-01 5.996020436287e-01 9.304306507111e-01 2.196775197983e+00 2.834735155106e+00 2.216581106186e+00 1.319137930870e+00 8.198224306107e-01 7.648183703423e-01 7.548442482948e-01 6.354030966759e-01 5.074617862701e-01 4.253891706467e-01 3.734865784645e-01 3.140938282013e-01 2.911764979362e-01 2.854689657688e-01 2.852427661419e-01 3.144370615482e-01 4.151563942432e-01 4.847897291183e-01 3.788014054298e-01 2.998292744160e-01 2.818457186222e-01 3.613405823708e-01 4.291353523731e-01 4.893866479397e-01 5.590150952339e-01 6.448683142662e-01 7.245623469353e-01 7.564086318016e-01 7.183426618576e-01 6.318796873093e-01 5.937425494194e-01
