100/SI/f29_max.grd
DSAA
101	101
32.816463539100	34.260883539100
35.556306596100	36.727886596100
7.535610347986e-03	1.345853393555e+03
[rows 19 to 37 of 101, columns 43 to 85 of 101]
1.252131748199e+01 1.580407810211e+01 2.054075431824e+01 2.093764877319e+01 1.357156944275e+01 2.134854507446e+01 1.018985843658e+01 1.120999908447e+01 1.155808258057e+01 1.171678256989e+01 1.068946170807e+01 1.625967216492e+01 1.962547492981e+01 1.993950271606e+01 1.326087570190e+01 1.622789955139e+01 2.114481544495e+01 1.992001914978e+01 1.104637145996e+01 1.778277015686e+01 8.097701072693e+00 1.133503818512e+01 1.518210029602e+01 7.563131809235e+00 7.584601879120e+00 8.421729087830e+00 7.144348621368e+00 9.285518646240e+00 8.608640670776e+00 6.790746688843e+00 7.297079086304e+00 9.420037269592e+00 1.061498165131e+01 8.215014457703e+00 7.858706951141e+00 6.082389831543e+00 4.186829090118e+00 4.868444442749e+00 5.382291793823e+00 4.478276252747e+00 3.856907606125e+00 3.598608255386e+00 3.914086818695e+00
1.108901214600e+01 1.548777294159e+01 2.194450187683e+01 2.530272674561e+01 1.833728981018e+01 1.887604141235e+01 1.049273872375e+01 1.188754081726e+01 1.006188011169e+01 1.258286952972e+01 1.315489101410e+01 1.524897480011e+01 2.106276321411e+01 2.123990058899e+01 1.618099403381e+01 1.758094406128e+01 2.067723655701e+01 2.252544975281e+01 1.304509735107e+01 1.721233558655e+01 9.267577171326e+00 1.720046234131e+01 2.135757827759e+01 9.590795516968e+00 8.850609779358e+00 8.627349853516e+00 9.085533142090e+00 9.604178428650e+00 7.483388900757e+00 7.222475528717e+00 9.531844139099e+00 1.240472412109e+01 1.106184005737e+01 9.453989982605e+00 7.391408443451e+00 6.096851825714e+00 4.641611099243e+00 5.687926292419e+00 4.409149169922e+00 3.474363803864e+00 3.707072734833e+00 3.439016103745e+00 3.581721305847e+00
1.191088008881e+01 1.725231933594e+01 2.027269172668e+01 2.648715209961e+01 2.258418846130e+01 1.614949417114e+01 1.087670803070e+01 1.260765933990e+01 9.564421653748e+00 1.181790351868e+01 1.245291614532e+01 1.440612792969e+01 2.008173561096e+01 2.284041213989e+01 1.954356765747e+01 1.878084373474e+01 1.983708000183e+01 2.464593124390e+01 1.488442897797e+01 1.596656894684e+01 1.043110084534e+01 2.134929275513e+01 2.342838859558e+01 1.078732585907e+01 8.651893615723e+00 1.026103115082e+01 1.025148868561e+01 8.314773559570e+00 6.765061378479e+00 9.499009132385e+00 1.325765037537e+01 1.282439041138e+01 8.656575202942e+00 1.078921127319e+01 7.330423831940e+00 5.619232654572e+00 5.518296718597e+00 5.846773624420e+00 4.563220500946e+00 3.522867202759e+00 3.517032861710e+00 2.709296941757e+00 2.673402786255e+00
1.134753036499e+01 1.630593872070e+01 1.721040153503e+01 2.529884719849e+01 2.499905776978e+01 1.660499191284e+01 1.397068500519e+01 1.336857700348e+01 9.429251670837e+00 1.038303756714e+01 1.274512672424e+01 1.461893272400e+01 1.673219871521e+01 2.442747497559e+01 2.181671524048e+01 1.828291702271e+01 1.837430381775e+01 2.646747207642e+01 1.640820121765e+01 1.432387924194e+01 1.159240913391e+01 2.124660682678e+01 2.046271896362e+01 9.916748046875e+00 9.163761138916e+00 1.118991279602e+01 9.308979988098e+00 7.250882625580e+00 1.000486564636e+01 1.404013442993e+01 1.377069568634e+01 9.560701370239e+00 7.508306980133e+00 1.121667289734e+01 5.320385456085e+00 5.489746570587e+00 6.805471897125e+00 5.131432056427e+00 5.232590675354e+00 3.397305250168e+00 3.751538276672e+00 3.156713724136e+00 2.846306562424e+00
9.222186088562e+00 1.124790096283e+01 1.739644050598e+01 2.243130111694e+01 2.521797370911e+01 1.677394104004e+01 1.742180252075e+01 1.461598396301e+01 1.025478267670e+01 9.260037422180e+00 1.328917884827e+01 1.428802871704e+01 1.747530174255e+01 2.626998901367e+01 2.215361404419e+01 1.717945480347e+01 1.656180953979e+01 2.760097503662e+01 1.751833534241e+01 1.668431472778e+01 1.362594032288e+01 1.751724624634e+01 1.531111621857e+01 9.073856353760e+00 1.166939258575e+01 1.082515239716e+01 7.612861156464e+00 1.067516613007e+01 1.522972106934e+01 1.477035522461e+01 1.002127075195e+01 6.119769096375e+00 8.435905456543e+00 1.053022670746e+01 5.700497627258e+00 5.896966934204e+00 7.167665481567e+00 5.090392112732e+00 5.741580486298e+00 3.504581689835e+00 3.568177461624e+00 3.026228189468e+00 3.096023321152e+00
1.241346740723e+01 1.192743206024e+01 1.969115447998e+01 1.900470924377e+01 2.401847648621e+01 1.875832366943e+01 1.675256347656e+01 1.854931068420e+01 1.611983871460e+01 1.231940460205e+01 1.341836833954e+01 1.351145648956e+01 1.907994270325e+01 2.813784790039e+01 1.996184539795e+01 1.651200866699e+01 1.413907814026e+01 2.826618385315e+01 2.136462974548e+01 1.849404907227e+01 1.612441062927e+01 1.712097549438e+01 1.035838222504e+01 1.127616882324e+01 1.197736835480e+01 8.060660362244e+00 1.160504627228e+01 1.644146728516e+01 1.562032222748e+01 1.046257114410e+01 5.599784851074e+00 4.798362255096e+00 1.128302097321e+01 8.811577796936e+00 5.393920421600e+00 7.637618541718e+00 6.514755249023e+00 5.132909297943e+00 6.101593971252e+00 4.341461658478e+00 3.279391050339e+00 3.122772455215e+00 2.737458467484e+00
1.946781158447e+01 1.212366104126e+01 1.193098735809e+01 2.037591743469e+01 2.218169403076e+01 1.985159873962e+01 1.536497879028e+01 1.703017425537e+01 1.935295867920e+01 1.901039505005e+01 1.620629692078e+01 1.952706146240e+01 2.076971435547e+01 2.928798866272e+01 1.732876968384e+01 1.508557701111e+01 1.938168334961e+01 2.851359748840e+01 2.421546173096e+01 1.778926467896e+01 1.739496612549e+01 1.846757698059e+01 1.162053108215e+01 1.228186511993e+01 9.691693305969e+00 1.216717147827e+01 1.792903900146e+01 1.676148033142e+01 1.089615345001e+01 7.460206985474e+00 1.050961208344e+01 6.673254013062e+00 1.316471385956e+01 7.708663940430e+00 6.364030838013e+00 8.162972450256e+00 7.824374675751e+00 5.441968917847e+00 6.301466941833e+00 4.798371315002e+00 2.966146230698e+00 2.877791166306e+00 3.336263418198e+00
2.601459121704e+01 1.248126220703e+01 1.203128051758e+01 1.884489250183e+01 2.003474426270e+01 2.037420845032e+01 1.660666847229e+01 1.712946510315e+01 1.615620422363e+01 2.091334152222e+01 2.281225776672e+01 1.991428756714e+01 2.246592712402e+01 2.971789360046e+01 1.508358764648e+01 2.279153633118e+01 2.719218444824e+01 2.860285949707e+01 2.357844543457e+01 1.413988494873e+01 1.653968429565e+01 1.692220115662e+01 1.180810260773e+01 1.014963817596e+01 1.229268836975e+01 1.910017204285e+01 1.838368606567e+01 1.150251674652e+01 1.038868427277e+01 1.460593032837e+01 1.327504920959e+01 1.203682804108e+01 1.282678794861e+01 8.611590385437e+00 8.181845664978e+00 6.763757228851e+00 8.518261909485e+00 5.769419193268e+00 6.326101779938e+00 4.777184009552e+00 3.051823139191e+00 3.655976057053e+00 4.698868751526e+00
2.840316963196e+01 1.283431625366e+01 1.457832241058e+01 1.257532787323e+01 2.133614730835e+01 2.065756034851e+01 1.768430709839e+01 1.822083663940e+01 1.630111122131e+01 2.161307716370e+01 2.207987976074e+01 1.922995376587e+01 2.399881744385e+01 2.867977523804e+01 2.492304229736e+01 3.018381881714e+01 2.904866600037e+01 2.785286521912e+01 1.608911323547e+01 1.440424346924e+01 1.697082710266e+01 1.708450126648e+01 1.125006389618e+01 1.179267692566e+01 1.994917869568e+01 2.032416915894e+01 1.272689819336e+01 1.083665561676e+01 1.587994289398e+01 1.316972732544e+01 1.058659839630e+01 1.209292984009e+01 9.946914672852e+00 9.133105278015e+00 8.099918365479e+00 5.404479980469e+00 8.331554412842e+00 6.253247737885e+00 6.205240726471e+00 4.334108352661e+00 3.965144872665e+00 5.219339370728e+00 5.897234916687e+00
2.496228027344e+01 1.866717910767e+01 1.691650390625e+01 1.215514564514e+01 1.607169342041e+01 2.072748184204e+01 2.133438110352e+01 1.939840316772e+01 2.242479324341e+01 3.317119598389e+01 1.901798057556e+01 1.731536293030e+01 2.503097343445e+01 2.644214248657e+01 3.231819152832e+01 3.115609169006e+01 2.697844696045e+01 2.699258232117e+01 1.749847984314e+01 1.938805007935e+01 1.765157890320e+01 1.703367996216e+01 1.079685974121e+01 2.027787017822e+01 2.243185997009e+01 1.448788833618e+01 1.239812660217e+01 1.685272598267e+01 1.483572673798e+01 9.652939796448e+00 1.405953693390e+01 1.268030071259e+01 7.165935993195e+00 8.648848533630e+00 6.890975475311e+00 7.409183025360e+00 7.572558879852e+00 6.739831447601e+00 6.060154914856e+00 5.583984375000e+00 6.478466033936e+00 7.267017364502e+00 6.126945018768e+00
1.689271736145e+01 2.804236221313e+01 1.856563186646e+01 1.496154785156e+01 1.792378425598e+01 2.057606887817e+01 1.968876457214e+01 2.079772186279e+01 2.941040992737e+01 4.118419265747e+01 2.778775405884e+01 1.889257812500e+01 2.526479339600e+01 3.089257049561e+01 3.295108795166e+01 4.323325729370e+01 2.310228157043e+01 2.509028434753e+01 1.915726661682e+01 1.965166664124e+01 1.768218040466e+01 1.626794242859e+01 2.011699485779e+01 2.384675407410e+01 1.635940742493e+01 1.395559310913e+01 1.662555313110e+01 1.655232810974e+01 1.396117115021e+01 1.411537933350e+01 1.496629238129e+01 8.689357757568e+00 8.233747482300e+00 7.393012523651e+00 6.066031455994e+00 5.662660598755e+00 1.006080055237e+01 7.931712150574e+00 7.233864784241e+00 8.636382102966e+00 8.601157188416e+00 6.312111854553e+00 3.998828411102e+00
1.847850799561e+01 3.103631973267e+01 1.923658180237e+01 1.656346702576e+01 2.117154693604e+01 1.977593612671e+01 2.052908515930e+01 2.560560035706e+01 3.395631790161e+01 4.151427841187e+01 3.330218887329e+01 3.238045883179e+01 2.860002136230e+01 3.390247344971e+01 3.807944107056e+01 5.509486389160e+01 2.415375709534e+01 2.595501327515e+01 2.577387046814e+01 2.112818908691e+01 1.677668571472e+01 2.010714912415e+01 2.512677764893e+01 1.804186630249e+01 1.562617397308e+01 1.638052368164e+01 1.584329414368e+01 1.724257087708e+01 1.681209945679e+01 1.702206993103e+01 1.284267139435e+01 7.232294082642e+00 9.826543807983e+00 5.745862007141e+00 6.009107112885e+00 6.113404750824e+00 1.387380981445e+01 9.489791870117e+00 9.943176269531e+00 8.006798744202e+00 4.867384910583e+00 2.655873060226e+00 2.610812664032e+00
3.673342514038e+01 2.457496452332e+01 2.697145271301e+01 1.761672210693e+01 2.553922271729e+01 1.979445648193e+01 2.219245147705e+01 2.966479873657e+01 3.582635879517e+01 3.530516052246e+01 3.216423034668e+01 3.214347457886e+01 3.217847061157e+01 2.603135299683e+01 2.638934707642e+01 3.546525955200e+01 2.079338645935e+01 2.569750213623e+01 2.808840942383e+01 2.347489166260e+01 2.095150566101e+01 2.634660339355e+01 1.969747543335e+01 1.724133682251e+01 1.599033164978e+01 1.477085113525e+01 1.557755947113e+01 1.847205543518e+01 1.856904983521e+01 1.679708290100e+01 1.041485023499e+01 6.853850841522e+00 1.045146083832e+01 8.249476432800e+00 9.928083419800e+00 1.054324340820e+01 1.565807437897e+01 9.077222824097e+00 7.209748744965e+00 4.895055770874e+00 4.394054412842e+00 3.461972475052e+00 3.493788003922e+00
5.996451950073e+01 2.612780380249e+01 3.015729141235e+01 2.210961341858e+01 2.841782951355e+01 2.425597381592e+01 2.435238647461e+01 3.414068222046e+01 3.691931915283e+01 2.943700981140e+01 3.867985153198e+01 4.733842849731e+01 2.785974311829e+01 3.257123565674e+01 1.965723419189e+01 2.349455070496e+01 2.160942268372e+01 2.509699249268e+01 2.422355270386e+01 2.205241394043e+01 2.802795028687e+01 2.131064224243e+01 1.824895858765e+01 1.618269538879e+01 1.733169555664e+01 1.681484031677e+01 1.641475105286e+01 2.047002029419e+01 2.059091758728e+01 1.842934417725e+01 1.269599628448e+01 1.147703170776e+01 1.137625217438e+01 9.985554695129e+00 9.671640396118e+00 1.502554225922e+01 1.290168571472e+01 6.063289642334e+00 6.555788993835e+00 6.705486297607e+00 6.220633983612e+00 4.813967704773e+00 3.778307914734e+00
6.626306915283e+01 6.874429321289e+01 2.957633018494e+01 2.893490600586e+01 3.141479492188e+01 2.943864631653e+01 4.104902267456e+01 3.835070037842e+01 3.652225112915e+01 2.747210884094e+01 4.201518249512e+01 5.304648971558e+01 3.176357078552e+01 3.167015075684e+01 2.422259712219e+01 2.461275100708e+01 2.628284835815e+01 2.481286621094e+01 2.408551788330e+01 3.007585716248e+01 2.338977050781e+01 2.092806053162e+01 1.790749549866e+01 1.400827693939e+01 1.766152381897e+01 1.885261535645e+01 1.778572845459e+01 2.208213424683e+01 2.301026725769e+01 2.022025871277e+01 1.506409263611e+01 1.104129123688e+01 9.826266288757e+00 8.350914001465e+00 1.364545059204e+01 1.559132957458e+01 6.949691295624e+00 6.901815414429e+00 7.201414585114e+00 7.305876255035e+00 6.908299446106e+00 5.779097557068e+00 4.017529964447e+00
3.201855850220e+01 9.347926330566e+01 6.793788909912e+01 2.902336120605e+01 3.323167419434e+01 3.677000808716e+01 3.972035598755e+01 4.038235092163e+01 3.252062988281e+01 2.877432441711e+01 4.797346115112e+01 5.220562744141e+01 4.113134002686e+01 2.782918739319e+01 2.528679466248e+01 2.852851295471e+01 4.603099441528e+01 2.878751373291e+01 3.343901062012e+01 2.573405456543e+01 1.937542724609e+01 1.887227058411e+01 1.556075477600e+01 1.962581253052e+01 1.963528823853e+01 2.187845993042e+01 2.390018653870e+01 1.896997642517e+01 2.213352012634e+01 2.210788154602e+01 1.718819427490e+01 9.438813209534e+00 9.336647987366e+00 1.445594024658e+01 1.564602851868e+01 9.142453193665e+00 6.127484798431e+00 6.194118976593e+00 6.172943592072e+00 6.268839836121e+00 6.247725963593e+00 5.788885593414e+00 4.847424507141e+00
5.864966964722e+01 4.503399658203e+01 1.092360992432e+02 5.063841629028e+01 3.374773788452e+01 4.535057830811e+01 3.387455749512e+01 3.784631729126e+01 5.003720855713e+01 3.803013992310e+01 5.223443222046e+01 4.177513122559e+01 4.401771926880e+01 3.696371459961e+01 3.016494750977e+01 2.818214416504e+01 6.686710357666e+01 4.018115234375e+01 3.124591636658e+01 3.922020721436e+01 2.341935539246e+01 1.928491973877e+01 2.058043289185e+01 2.165633392334e+01 2.087666702271e+01 2.140961837769e+01 3.016840171814e+01 1.868767547607e+01 2.307089614868e+01 2.408662033081e+01 1.953234863281e+01 1.259318828583e+01 1.595295715332e+01 1.474085521698e+01 8.427824974060e+00 7.254891872406e+00 6.851220130920e+00 6.414285182953e+00 5.961336612701e+00 5.548805713654e+00 5.389776229858e+00 5.570600509644e+00 5.065860748291e+00
7.973860931396e+01 1.041221313477e+02 6.322331237793e+01 1.075601196289e+02 4.086191177368e+01 5.509252929688e+01 4.691072845459e+01 5.005404281616e+01 7.009291076660e+01 5.677042007446e+01 6.477093505859e+01 3.935599517822e+01 4.015631866455e+01 4.192137145996e+01 3.765571975708e+01 2.960524177551e+01 7.832641601562e+01 4.417173767090e+01 4.616883468628e+01 3.211256027222e+01 1.769696807861e+01 1.919720458984e+01 2.427963829041e+01 2.194577407837e+01 2.008976745605e+01 1.871487808228e+01 2.946919631958e+01 2.056155776978e+01 2.596474647522e+01 2.561597442627e+01 2.031511688232e+01 1.613232231140e+01 1.208656406403e+01 6.579891204834e+00 6.148098468781e+00 6.280196189880e+00 6.340151309967e+00 6.771522521973e+00 6.643779754639e+00 6.298114776611e+00 6.809138774872e+00 7.904093265533e+00 8.244085311890e+00
1.548607940674e+02 1.050297088623e+02 1.112053909302e+02 9.178582763672e+01 8.302509307861e+01 6.215454483032e+01 6.783841705322e+01 6.022294616699e+01 6.045608901978e+01 6.689068603516e+01 7.658704376221e+01 4.565108108521e+01 3.979743576050e+01 4.281725311279e+01 4.696685791016e+01 4.437806320190e+01 6.024735641479e+01 4.417761993408e+01 4.403376770020e+01 3.513868331909e+01 2.875747489929e+01 3.395491409302e+01 3.407521820068e+01 2.820091247559e+01 2.061178970337e+01 1.791459274292e+01 2.317156600952e+01 2.536550712585e+01 2.694071769714e+01 2.251867866516e+01 1.581029319763e+01 9.709033012390e+00 8.492270469666e+00 9.276414871216e+00 1.095460033417e+01 1.199647998810e+01 1.253200626373e+01 1.245937728882e+01 1.181533432007e+01 1.080318832397e+01 9.819108963013e+00 9.653187751770e+00 8.542508125305e+00
