100/SI/f29_max.grd
DSAA
101	101
32.816463539100	34.260883539100
35.556306596100	36.727886596100
7.535610347986e-03	1.345853393555e+03
[rows 76 to 94 of 101, columns 43 to 85 of 101]
2.043982267380e+00 1.752815842628e+00 3.122795581818e+00 8.110345840454e+00 8.694639205933e+00 1.759907722473e+01 2.837974166870e+01 3.203888320923e+01 1.981026077271e+01 5.479279041290e+00 1.782768440247e+01 4.022689819336e+01 3.025699234009e+01 8.211408615112e+00 3.593944072723e+00 5.050042629242e+00 5.729659557343e+00 3.204926729202e+00 2.910584449768e+00 3.584122419357e+00 1.246531200409e+01 2.757207870483e+01 6.366796493530e+00 4.332079410553e+00 3.146006822586e+00 2.114166498184e+00 1.082911252975e+00 9.315266609192e-01 9.071705341339e-01 8.558331727982e-01 8.013394474983e-01 8.366467952728e-01 8.820927143097e-01 9.370628595352e-01 9.477375149727e-01 8.836035728455e-01 8.117521405220e-01 7.599980831146e-01 7.245679497719e-01 7.044023275375e-01 7.910717129707e-01 1.261340379715e+00 1.707093954086e+00
3.222177028656e+00 4.397359371185e+00 5.553675651550e+00 5.966903209686e+00 7.872685909271e+00 1.133257007599e+01 1.489247131348e+01 1.303343391418e+01 2.027086830139e+01 2.966228675842e+01 2.952519798279e+01 1.424849319458e+01 1.046948814392e+01 8.367353439331e+00 5.426325798035e+00 7.176091194153e+00 2.130735635757e+00 1.055585265160e+00 1.292953968048e+00 1.443445444107e+00 1.098057031631e+00 1.316747188568e+00 2.083296537399e+00 2.174780607224e+00 1.981028437614e+00 1.217459678650e+00 5.917990803719e-01 5.310397744179e-01 6.078637838364e-01 7.012355327606e-01 7.492510676384e-01 7.671105265617e-01 7.637948989868e-01 7.310431599617e-01 6.368272304535e-01 5.121779441833e-01 4.130920469761e-01 3.979217708111e-01 4.223263561726e-01 5.053508877754e-01 6.734674572945e-01 1.144575238228e+00 1.519266247749e+00
6.989660739899e+00 1.058448696136e+01 6.793303489685e+00 3.017326831818e+00 3.863559246063e+00 1.272952175140e+01 3.575549697876e+01 4.775123596191e+01 3.605981826782e+01 1.794676589966e+01 9.985063552856e+00 6.733448028564e+00 4.358088493347e+00 6.756348609924e+00 7.407888412476e+00 2.325236797333e+00 7.712552547455e-01 7.050993442535e-01 7.277669310570e-01 9.650846123695e-01 7.227177619934e-01 6.607647538185e-01 7.642381787300e-01 8.757234811783e-01 7.944216132164e-01 7.444407343864e-01 5.946401953697e-01 6.203238964081e-01 5.208163261414e-01 5.852583646774e-01 6.133565306664e-01 5.725880265236e-01 5.592762231827e-01 5.412557721138e-01 3.819559812546e-01 3.658134937286e-01 3.884620368481e-01 3.868804574013e-01 3.787777125835e-01 4.062199592590e-01 4.966199398041e-01 1.005724072456e+00 1.463772654533e+00
9.688498497009e+00 1.135745716095e+01 3.891471862793e+00 4.119164466858e+00 1.301012706757e+01 2.334662628174e+01 2.413693428040e+01 2.091863441467e+01 1.908968162537e+01 8.627826690674e+00 8.189630508423e+00 9.645685195923e+00 6.305945873260e+00 4.651324272156e+00 1.427431941032e+00 8.575601577759e-01 5.404700636864e-01 5.220416188240e-01 5.023996233940e-01 6.069253087044e-01 5.565271377563e-01 5.568349361420e-01 5.183223485947e-01 5.054684281349e-01 4.967723786831e-01 5.076404809952e-01 4.918794929981e-01 5.011121630669e-01 5.379223227501e-01 5.164166092873e-01 5.237001180649e-01 4.313210248947e-01 4.776120185852e-01 5.012899041176e-01 3.996537327766e-01 3.039108216763e-01 3.632940351963e-01 3.863269686699e-01 3.878394365311e-01 3.811731636524e-01 3.967446386814e-01 5.422636270523e-01 9.060599207878e-01
4.208149433136e+00 8.211812973022e+00 1.166044521332e+01 1.350620841980e+01 1.340430641174e+01 1.104672622681e+01 1.373902797699e+01 1.680428504944e+01 2.417931365967e+01 9.741371154785e+00 9.830655097961e+00 6.002903461456e+00 2.545414447784e+00 9.612150192261e-01 6.649103164673e-01 5.424051880836e-01 4.877375960350e-01 4.404112994671e-01 4.037612080574e-01 3.777342140675e-01 4.131798744202e-01 3.288862705231e-01 3.336259722710e-01 3.326793909073e-01 3.487475514412e-01 3.670363128185e-01 3.713695704937e-01 3.411031663418e-01 2.861683964729e-01 3.437821865082e-01 3.435573577881e-01 3.344653546810e-01 3.764403760433e-01 4.181828200817e-01 3.844204843044e-01 3.016334176064e-01 3.377071619034e-01 3.789168000221e-01 3.890067636967e-01 3.997547626495e-01 4.636034071445e-01 5.568932890892e-01 6.886608600616e-01
5.247218608856e+00 1.432383155823e+01 2.659516334534e+01 1.618581771851e+01 1.096610260010e+01 1.698313331604e+01 2.313386726379e+01 3.146279716492e+01 1.492580509186e+01 8.410962104797e+00 3.944517850876e+00 2.423347234726e+00 1.013590097427e+00 5.654031038284e-01 4.074345231056e-01 3.377289175987e-01 3.109447360039e-01 2.893320024014e-01 2.970482110977e-01 3.165096938610e-01 3.177203238010e-01 2.973701953888e-01 2.951360940933e-01 3.141120374203e-01 3.756315112114e-01 4.383569955826e-01 4.806353449821e-01 4.684021770954e-01 3.709648251534e-01 2.793036401272e-01 2.768310010433e-01 2.560069859028e-01 2.706722319126e-01 3.373570144176e-01 3.483796119690e-01 3.241594135761e-01 3.072291314602e-01 3.596386015415e-01 3.795906007290e-01 3.834921121597e-01 4.446113705635e-01 6.153348684311e-01 8.313900232315e-01
8.835826873779e+00 2.736002922058e+01 2.093450355530e+01 1.642404937744e+01 1.829379081726e+01 1.780363655090e+01 1.224936771393e+01 1.206307506561e+01 9.359021186829e+00 4.823222637177e+00 2.088478803635e+00 1.411350607872e+00 5.899646282196e-01 3.784637451172e-01 3.110314309597e-01 2.550591230392e-01 2.523136138916e-01 2.699328958988e-01 2.643082737923e-01 2.511774003506e-01 2.731468975544e-01 2.744709551334e-01 2.735361456871e-01 2.746680080891e-01 3.425479829311e-01 4.212332665920e-01 4.794526696205e-01 4.795544445515e-01 3.905546069145e-01 2.561763525009e-01 2.682279348373e-01 2.783656716347e-01 2.283396124840e-01 2.496983259916e-01 2.971112132072e-01 3.308814167976e-01 3.333375751972e-01 3.291823267937e-01 3.597616255283e-01 3.756440281868e-01 3.718919754028e-01 4.192976951599e-01 5.396162867546e-01
1.138795948029e+01 1.923052978516e+01 1.132586669922e+01 6.887776851654e+00 4.679822444916e+00 6.190550327301e+00 5.757551670074e+00 6.870420932770e+00 5.065500736237e+00 2.015504837036e+00 1.622404694557e+00 1.015855431557e+00 6.337345242500e-01 4.726957678795e-01 2.962228357792e-01 2.426566630602e-01 2.595698833466e-01 2.623255252838e-01 2.395146042109e-01 2.252719104290e-01 2.614063918591e-01 2.866718173027e-01 3.005957901478e-01 2.910403311253e-01 2.675655782223e-01 3.202799260616e-01 3.582349419594e-01 3.560104966164e-01 2.952260077000e-01 2.316275537014e-01 2.379374355078e-01 2.616216540337e-01 2.505379319191e-01 2.185248881578e-01 2.215016335249e-01 2.721631526947e-01 3.017574548721e-01 2.918447852135e-01 3.320507705212e-01 3.607406616211e-01 3.677729666233e-01 3.963819444180e-01 4.332707822323e-01
1.639925003052e+01 1.352718067169e+01 4.355710029602e+00 3.384694099426e+00 3.607409954071e+00 2.117261409760e+00 3.524323701859e+00 4.812665462494e+00 3.218418121338e+00 1.599653005600e+00 1.445384740829e+00 7.312313914299e-01 6.665280461311e-01 6.356003880501e-01 3.997850120068e-01 3.133437335491e-01 2.667093276978e-01 2.525781393051e-01 2.184478193521e-01 2.173767089844e-01 2.630839645863e-01 3.156886994839e-01 3.477450013161e-01 3.258599340916e-01 2.792792618275e-01 2.402881532907e-01 2.579873204231e-01 2.766449749470e-01 2.759565114975e-01 2.893427014351e-01 2.606060802937e-01 2.421045005322e-01 2.399652600288e-01 2.184763550758e-01 2.102908194065e-01 2.544549405575e-01 2.787882983685e-01 2.721297442913e-01 2.988722324371e-01 3.363883793354e-01 3.530469834805e-01 3.942456543446e-01 4.951932430267e-01
2.568330383301e+01 1.131997489929e+01 2.383280754089e+00 1.625904917717e+00 1.234186768532e+00 1.504613518715e+00 1.598007559776e+00 3.643121719360e+00 3.721783161163e+00 2.289525032043e+00 1.150265693665e+00 6.627398729324e-01 5.773865580559e-01 6.076965332031e-01 5.014091134071e-01 3.092234134674e-01 2.618537545204e-01 2.431842386723e-01 2.027238011360e-01 2.150796651840e-01 2.696291208267e-01 3.523454368114e-01 3.850265145302e-01 3.428058922291e-01 2.886794805527e-01 2.548927366734e-01 2.676224410534e-01 2.986178994179e-01 3.121604919434e-01 3.020488619804e-01 2.803432941437e-01 2.351984828711e-01 2.689956724644e-01 2.183749228716e-01 2.046491503716e-01 2.236350029707e-01 2.815602123737e-01 3.105293512344e-01 3.313634991646e-01 3.773169815540e-01 4.340378344059e-01 4.507764279842e-01 4.378379285336e-01
2.211373138428e+01 6.795961380005e+00 1.788058400154e+00 1.001805901527e+00 9.086022377014e-01 1.027585983276e+00 1.860674738884e+00 2.390933513641e+00 2.845897674561e+00 1.986968278885e+00 1.319337010384e+00 7.702534198761e-01 4.886101782322e-01 4.406850039959e-01 4.245660901070e-01 3.598217666149e-01 2.955565750599e-01 3.258928954601e-01 2.727357149124e-01 2.374294251204e-01 2.964544892311e-01 3.965649306774e-01 4.135948419571e-01 3.481657505035e-01 2.963538765907e-01 2.707230746746e-01 2.806502580643e-01 3.152428567410e-01 3.398606479168e-01 3.171104192734e-01 2.760028243065e-01 2.290918529034e-01 2.749796509743e-01 2.122738361359e-01 2.010396122932e-01 1.928996741772e-01 2.113738507032e-01 2.788481116295e-01 3.557471930981e-01 4.587420821190e-01 5.606026053429e-01 6.003196835518e-01 6.064788699150e-01
1.156638908386e+01 2.230690240860e+00 1.051809906960e+00 9.203738570213e-01 7.658548951149e-01 7.430696487427e-01 1.197013139725e+00 6.669430136681e-01 1.725829482079e+00 2.607632637024e+00 1.894548058510e+00 1.449234843254e+00 7.153952121735e-01 4.453043341637e-01 3.818506002426e-01 3.839595019817e-01 4.080328345299e-01 3.677762746811e-01 3.234950900078e-01 2.889020442963e-01 3.538227379322e-01 4.356880784035e-01 4.206663072109e-01 3.551024198532e-01 3.176600039005e-01 2.996459901333e-01 2.988783121109e-01 3.312645256519e-01 3.589147627354e-01 3.432030081749e-01 2.872316241264e-01 2.276218980551e-01 2.602024674416e-01 2.349615097046e-01 1.987333893776e-01 1.983621269464e-01 1.918406635523e-01 2.010108828545e-01 2.571395337582e-01 3.934348523617e-01 5.371781587601e-01 6.253848075867e-01 6.756765842438e-01
3.121203899384e+00 1.272484183311e+00 8.334115147591e-01 7.924167513847e-01 5.958402752876e-01 5.464345216751e-01 5.390853285789e-01 5.259826779366e-01 6.273192763329e-01 2.147385120392e+00 2.382592201233e+00 3.497812271118e+00 2.244166374207e+00 8.146406412125e-01 5.096962451935e-01 4.263596534729e-01 4.624148309231e-01 5.462934374809e-01 5.095988512039e-01 4.091706871986e-01 4.022324681282e-01 4.519246518612e-01 4.077430963516e-01 3.530169129372e-01 3.330070376396e-01 3.305627405643e-01 3.376543819904e-01 3.386136591434e-01 3.670046627522e-01 3.673677146435e-01 3.165434002876e-01 2.445915937424e-01 2.449663430452e-01 2.442158609629e-01 2.277044951916e-01 2.335957139730e-01 2.315856069326e-01 2.280550897121e-01 2.257596105337e-01 2.263642847538e-01 3.052331209183e-01 4.055296778679e-01 4.775765836239e-01
1.179623603821e+00 7.112864255905e-01 7.449709177017e-01 6.458271741867e-01 5.079705715179e-01 4.611695706844e-01 4.002377688885e-01 4.071463942528e-01 4.736225306988e-01 8.893317580223e-01 3.567285299301e+00 8.750015258789e+00 6.008574008942e+00 1.922728180885e+00 8.510440587997e-01 5.327969193459e-01 4.831165373325e-01 5.786855816841e-01 5.611054897308e-01 5.934365987778e-01 5.721438527107e-01 4.724308550358e-01 4.239502251148e-01 3.815048038960e-01 3.706636428833e-01 3.743322789669e-01 3.745892941952e-01 3.659349679947e-01 3.673148155212e-01 3.858253657818e-01 3.480931520462e-01 2.550413012505e-01 2.398959398270e-01 2.360481470823e-01 2.451538592577e-01 2.635928392410e-01 2.761710584164e-01 2.804557085037e-01 2.789555490017e-01 2.697709500790e-01 2.635408341885e-01 2.774983942509e-01 2.865978479385e-01
1.011269569397e+00 6.116862893105e-01 6.613658666611e-01 5.030958652496e-01 3.972198665142e-01 3.738336563110e-01 3.268344998360e-01 3.467582762241e-01 3.467544615269e-01 6.249365806580e-01 2.703679084778e+00 7.285134792328e+00 6.566768646240e+00 4.234348297119e+00 1.035739779472e+00 5.863788127899e-01 4.474317729473e-01 6.412301063538e-01 7.632967829704e-01 7.177055478096e-01 5.881011486053e-01 4.610436856747e-01 4.581728875637e-01 4.321865439415e-01 4.187496900558e-01 4.101865589619e-01 3.937317132950e-01 3.602717518806e-01 3.694640696049e-01 3.889487683773e-01 3.424485623837e-01 2.714655995369e-01 2.809838950634e-01 2.721382081509e-01 2.584343850613e-01 2.458363473415e-01 2.629226446152e-01 2.733675837517e-01 2.711011171341e-01 2.545196413994e-01 2.754822373390e-01 3.254351615906e-01 3.610815703869e-01
1.244974136353e+00 6.560397744179e-01 5.770360231400e-01 4.281077086926e-01 3.242164552212e-01 3.059009015560e-01 3.118466138840e-01 3.087995648384e-01 3.025670945644e-01 3.922411203384e-01 1.029906630516e+00 3.728612184525e+00 1.355399513245e+01 1.046751403809e+01 1.765913963318e+00 6.838837862015e-01 7.510460019112e-01 8.031054139137e-01 7.160703539848e-01 5.714179873466e-01 4.653630256653e-01 4.761106967926e-01 5.065311789513e-01 4.921955466270e-01 4.602611958981e-01 4.189240932465e-01 3.634857535362e-01 3.269769251347e-01 3.808018863201e-01 3.905209004879e-01 3.597078025341e-01 4.003512561321e-01 4.021035134792e-01 3.810443580151e-01 3.430165052414e-01 2.673994004726e-01 2.183963656425e-01 2.169296592474e-01 2.187299281359e-01 2.357247769833e-01 2.770375907421e-01 3.452385663986e-01 4.279046356678e-01
1.317426323891e+00 7.436870336533e-01 5.586906075478e-01 3.736355006695e-01 2.908503413200e-01 3.046409785748e-01 3.005488812923e-01 2.925699055195e-01 2.640461623669e-01 3.001429736614e-01 5.836232304573e-01 1.901041626930e+00 6.604633331299e+00 5.837406158447e+00 1.969520568848e+00 1.131688117981e+00 9.331946969032e-01 7.261306047440e-01 5.609754323959e-01 4.496193528175e-01 4.499565064907e-01 4.819038808346e-01 5.141381621361e-01 4.908077716827e-01 4.255920648575e-01 3.463861644268e-01 2.814284861088e-01 3.060711920261e-01 3.818223178387e-01 4.002984762192e-01 4.261200726032e-01 4.691142439842e-01 4.668883681297e-01 4.359900057316e-01 3.712278604507e-01 2.713319659233e-01 2.786982357502e-01 2.896574437618e-01 3.064632713795e-01 3.206223249435e-01 3.237621486187e-01 3.545380234718e-01 4.573916494846e-01
1.231296539307e+00 6.648840904236e-01 4.700964391232e-01 2.936480045319e-01 2.788300514221e-01 3.003036677837e-01 2.898683845997e-01 2.506855726242e-01 1.992008835077e-01 2.697374224663e-01 4.961555302143e-01 8.435552716255e-01 2.342803478241e+00 2.798690557480e+00 2.039153099060e+00 1.254928231239e+00 7.966084480286e-01 5.677343606949e-01 5.276737809181e-01 5.143825411797e-01 4.652229845524e-01 4.413869082928e-01 4.282421171665e-01 3.776240646839e-01 2.990401983261e-01 2.618118822575e-01 2.579570412636e-01 2.748189568520e-01 3.547199368477e-01 3.957206606865e-01 3.014612197876e-01 3.294666409492e-01 3.303353190422e-01 3.096338510513e-01 2.921143472195e-01 3.203947842121e-01 3.472600877285e-01 3.821744918823e-01 4.191741645336e-01 4.394789040089e-01 4.313123822212e-01 4.007192850113e-01 4.481904506683e-01
1.099660515785e+00 5.083316564560e-01 3.382925391197e-01 2.163383662701e-01 2.607171237469e-01 2.888187766075e-01 2.764918208122e-01 2.281828671694e-01 1.686090826988e-01 2.420827597380e-01 4.454934597015e-01 6.911897063255e-01 1.632079720497e+00 2.105273962021e+00 1.645612835884e+00 9.790505766869e-01 6.083270311356e-01 5.673320889473e-01 5.598359704018e-01 4.711422622204e-01 3.761792182922e-01 3.152751326561e-01 2.767547070980e-01 2.326981574297e-01 2.159850448370e-01 2.117842584848e-01 2.116541862488e-01 2.333745509386e-01 3.082419633865e-01 3.599829673767e-01 2.811820209026e-01 2.224591076374e-01 2.092599868774e-01 2.682326734066e-01 3.184896111488e-01 3.631251156330e-01 4.147144258022e-01 4.783546924591e-01 5.374611616135e-01 5.611021518707e-01 5.329090356827e-01 4.688250422478e-01 4.411027133465e-01
