100/SI/f29_max.grd
DSAA
101	101
32.816463539100	34.260883539100
35.556306596100	36.727886596100
7.535610347986e-03	1.345853393555e+03
[rows 19 to 37 of 101, columns 0 to 42 of 101]
2.498461008072e+00 5.094536781311e+00 6.519341468811e+00 6.647055625916e+00 5.485757350922e+00 4.308563232422e+00 2.972299098969e+00 3.421784639359e+00 4.026595115662e+00 4.823177337646e+00 6.412099838257e+00 7.626485824585e+00 7.353988647461e+00 7.960101127625e+00 8.011287689209e+00 7.763257980347e+00 7.379446029663e+00 7.387285709381e+00 8.425153732300e+00 7.490699768066e+00 7.621309280396e+00 8.191967964172e+00 8.697695732117e+00 8.422211647034e+00 7.486353874207e+00 6.369521141052e+00 6.588779449463e+00 1.075664615631e+01 1.274714183807e+01 9.611041069031e+00 8.877451896667e+00 8.181248664856e+00 8.517899513245e+00 8.511851310730e+00 8.453395843506e+00 8.460325241089e+00 6.675117969513e+00 5.837235927582e+00 6.262457370758e+00 6.117475986481e+00 8.766239166260e+00 2.099850845337e+01 9.819228172302e+00
1.958120822906e+00 4.115164756775e+00 5.552225589752e+00 6.077677249908e+00 5.407881259918e+00 5.148702621460e+00 4.717513561249e+00 3.223532438278e+00 4.305210113525e+00 5.039075851440e+00 5.582936286926e+00 6.968195915222e+00 6.140123844147e+00 7.144222259521e+00 7.708836078644e+00 7.943428993225e+00 7.919674396515e+00 7.557964801788e+00 9.665905952454e+00 7.727844238281e+00 8.905300140381e+00 1.059119224548e+01 1.142840957642e+01 1.149995326996e+01 1.053704452515e+01 8.135943412781e+00 8.732581138611e+00 8.738348960876e+00 1.341888999939e+01 9.757804870605e+00 8.375747680664e+00 7.936405181885e+00 7.734123229980e+00 7.410957813263e+00 7.208045482635e+00 9.279748916626e+00 6.391933917999e+00 6.728583335876e+00 6.857868671417e+00 7.123981475830e+00 1.084815025330e+01 1.780993461609e+01 1.461256980896e+01
1.456927299500e+00 2.998317956924e+00 4.206887245178e+00 4.844703197479e+00 4.574975967407e+00 3.952655315399e+00 4.869555950165e+00 4.807498931885e+00 5.453438282013e+00 6.483624458313e+00 7.450086593628e+00 9.786045074463e+00 1.168276214600e+01 1.065157127380e+01 7.239223480225e+00 7.121356010437e+00 7.512875556946e+00 8.046023368835e+00 1.407865715027e+01 1.084774684906e+01 8.216322898865e+00 1.287875747681e+01 1.365741443634e+01 1.548264312744e+01 1.244017219543e+01 1.100091266632e+01 1.091971206665e+01 6.950085639954e+00 1.266558170319e+01 8.992010116577e+00 6.948401451111e+00 7.271596431732e+00 8.588088989258e+00 6.756336688995e+00 7.372944355011e+00 9.836677551270e+00 7.828492164612e+00 7.151043415070e+00 7.415945529938e+00 8.060502052307e+00 1.263838291168e+01 1.279373741150e+01 1.938625335693e+01
2.031530141830e+00 3.648731946945e+00 3.432759046555e+00 3.596136331558e+00 4.316473484039e+00 5.457378387451e+00 6.357775211334e+00 7.575579166412e+00 9.173688888550e+00 1.149768924713e+01 1.457596969604e+01 1.820522689819e+01 2.037859725952e+01 1.765428924561e+01 1.110663032532e+01 6.676753997803e+00 9.212903022766e+00 1.293848228455e+01 1.637352180481e+01 1.338480472565e+01 1.062093830109e+01 1.398883914948e+01 1.488241672516e+01 1.740067100525e+01 1.237826728821e+01 1.253475666046e+01 1.298433780670e+01 8.114025115967e+00 1.038630008698e+01 7.444747447968e+00 6.610614299774e+00 6.545102596283e+00 8.917511940002e+00 8.875642776489e+00 8.816813468933e+00 8.383839607239e+00 1.100293922424e+01 7.870320796967e+00 7.997746467590e+00 8.841888427734e+00 1.407227706909e+01 1.217028617859e+01 2.251720237732e+01
1.981110692024e+00 4.079057216644e+00 4.422934532166e+00 4.234896659851e+00 5.421792030334e+00 7.364619731903e+00 8.057082176208e+00 8.493233680725e+00 9.393141746521e+00 1.084814071655e+01 1.304602909088e+01 1.482056236267e+01 1.513319396973e+01 1.292523765564e+01 9.480659484863e+00 8.277046203613e+00 9.035401344299e+00 1.263551425934e+01 1.679196357727e+01 1.038433742523e+01 1.003329563141e+01 1.411856460571e+01 1.486938667297e+01 1.670226478577e+01 1.333910846710e+01 1.249751663208e+01 1.465386772156e+01 1.265418148041e+01 1.278310871124e+01 1.092491912842e+01 9.471649169922e+00 1.357377243042e+01 1.265927219391e+01 9.616998672485e+00 9.356812477112e+00 9.043977737427e+00 1.222048187256e+01 8.812693595886e+00 8.751412391663e+00 9.328041076660e+00 1.487173080444e+01 1.233352947235e+01 2.301453971863e+01
3.761242628098e+00 6.473461151123e+00 4.192621707916e+00 4.211766242981e+00 4.728296756744e+00 6.438639640808e+00 7.288049697876e+00 7.195868968964e+00 7.131340503693e+00 7.400891780853e+00 7.823383808136e+00 8.276151657104e+00 7.865167617798e+00 8.446879386902e+00 8.553404808044e+00 7.669868946075e+00 7.805295944214e+00 1.450476455688e+01 1.655093002319e+01 8.774860382080e+00 9.045824050903e+00 1.308793735504e+01 1.411542701721e+01 1.424748611450e+01 1.277953529358e+01 1.143791580200e+01 1.579459190369e+01 1.394090366364e+01 1.136266613007e+01 1.097041893005e+01 1.111202335358e+01 1.762476158142e+01 2.613625907898e+01 2.477752113342e+01 2.233682250977e+01 2.123575973511e+01 2.196261024475e+01 1.354527091980e+01 1.150354385376e+01 9.758487701416e+00 1.520729732513e+01 1.191046905518e+01 2.039896202087e+01
6.976423740387e+00 1.477993011475e+01 1.518065071106e+01 1.324723434448e+01 8.244865417480e+00 4.782451152802e+00 4.879071235657e+00 5.110435962677e+00 5.364579200745e+00 6.936550140381e+00 8.315650939941e+00 9.294153213501e+00 9.596013069153e+00 9.203261375427e+00 8.268315315247e+00 8.704559326172e+00 9.326627731323e+00 1.413878536224e+01 1.390331935883e+01 7.864956855774e+00 9.047963142395e+00 1.070978832245e+01 1.222352981567e+01 1.180540370941e+01 1.312607288361e+01 1.264813327789e+01 1.640641212463e+01 1.724809837341e+01 1.829109382629e+01 1.634247016907e+01 1.230988788605e+01 1.058914756775e+01 2.134602355957e+01 2.323104667664e+01 2.546589088440e+01 3.062376213074e+01 3.803070449829e+01 2.310295486450e+01 1.698321342468e+01 1.442947387695e+01 1.493202972412e+01 1.111282157898e+01 1.531037902832e+01
7.407876968384e+00 1.600069999695e+01 1.851153945923e+01 2.183046913147e+01 2.380946350098e+01 2.057648468018e+01 1.150366878510e+01 6.472631454468e+00 8.833084106445e+00 1.032009029388e+01 1.060258102417e+01 1.003079319000e+01 9.382021903992e+00 1.259141635895e+01 1.380152606964e+01 1.363619899750e+01 1.338440322876e+01 1.299294471741e+01 1.283094692230e+01 1.240736770630e+01 1.212079811096e+01 1.210822677612e+01 1.173646736145e+01 1.497260379791e+01 1.801567840576e+01 1.556980800629e+01 1.787679481506e+01 2.288486099243e+01 2.309570503235e+01 2.046646118164e+01 1.524230575562e+01 1.180014991760e+01 1.253366470337e+01 1.882271194458e+01 2.812182998657e+01 2.484622764587e+01 2.594550323486e+01 1.951928138733e+01 2.075541496277e+01 2.112151718140e+01 1.715958404541e+01 1.071268749237e+01 1.355573081970e+01
4.733795166016e+00 1.047661399841e+01 1.223337745667e+01 1.507576847076e+01 1.960942268372e+01 2.568923377991e+01 2.888561820984e+01 2.239064788818e+01 1.164978218079e+01 1.120245075226e+01 9.980313301086e+00 1.277186393738e+01 1.498585319519e+01 1.552823448181e+01 1.468372917175e+01 1.463609600067e+01 1.446000576019e+01 1.402819728851e+01 1.469996261597e+01 1.482832431793e+01 1.523064136505e+01 1.653494834900e+01 1.564355278015e+01 1.441879177094e+01 1.428127384186e+01 1.839552497864e+01 1.759930038452e+01 2.207753181458e+01 2.423098754883e+01 2.168685340881e+01 1.615076065063e+01 1.702161598206e+01 2.191162109375e+01 2.934065055847e+01 3.508481597900e+01 2.550278663635e+01 1.873548889160e+01 1.565602397919e+01 1.870550346375e+01 2.392835235596e+01 2.605041885376e+01 1.765176010132e+01 1.323975658417e+01
3.286362886429e+00 6.444955348969e+00 7.927259922028e+00 7.294240474701e+00 8.609174728394e+00 1.287409114838e+01 2.001533699036e+01 2.695039939880e+01 2.676263427734e+01 1.833484268188e+01 1.420490074158e+01 1.490589809418e+01 1.503606319427e+01 1.430540466309e+01 1.402162456512e+01 1.376782703400e+01 1.306126403809e+01 1.400557994843e+01 1.436682987213e+01 1.489778995514e+01 1.578977298737e+01 1.524710369110e+01 1.467853069305e+01 1.451943588257e+01 1.480317115784e+01 1.410007381439e+01 1.519455528259e+01 1.731651306152e+01 2.065446662903e+01 2.142657852173e+01 1.673758316040e+01 2.019202423096e+01 2.379425811768e+01 2.707226753235e+01 2.630541992188e+01 1.655198669434e+01 1.813636589050e+01 2.102312660217e+01 2.259685707092e+01 2.014607810974e+01 2.929971885681e+01 2.966002464294e+01 1.606042671204e+01
3.834158658981e+00 7.542724609375e+00 7.356256484985e+00 9.021262168884e+00 7.405217170715e+00 6.516083240509e+00 7.823052883148e+00 1.423042011261e+01 2.258228302002e+01 2.608020591736e+01 2.114632987976e+01 1.411547183990e+01 1.335550022125e+01 1.302353000641e+01 1.216362857819e+01 1.181804752350e+01 1.219087791443e+01 1.405054187775e+01 1.288844013214e+01 1.287293434143e+01 1.163306236267e+01 9.527343750000e+00 1.309809207916e+01 1.165610504150e+01 1.755743408203e+01 1.467319583893e+01 1.730248832703e+01 1.935847282410e+01 1.550171566010e+01 1.735318756104e+01 1.981657791138e+01 2.131317520142e+01 1.721764373779e+01 2.160880661011e+01 1.586415386200e+01 1.382984447479e+01 1.832692337036e+01 2.551130104065e+01 3.043494987488e+01 2.870005607605e+01 2.387821388245e+01 3.682734298706e+01 2.755447578430e+01
4.991631507874e+00 9.593403816223e+00 8.905733108521e+00 8.941963195801e+00 9.959162712097e+00 7.653522014618e+00 1.059785270691e+01 1.281499385834e+01 1.407652950287e+01 1.984348869324e+01 2.534460449219e+01 2.286926460266e+01 1.391722965240e+01 1.112736511230e+01 1.094811058044e+01 1.119907760620e+01 1.158963584900e+01 1.145168209076e+01 1.291869258881e+01 1.218112087250e+01 1.061207294464e+01 9.158320426941e+00 1.006863021851e+01 1.578427028656e+01 2.348185729980e+01 3.155008697510e+01 3.790516281128e+01 3.094235801697e+01 1.994429969788e+01 1.866986083984e+01 2.437821197510e+01 1.655382728577e+01 1.240524768829e+01 2.695926284790e+01 1.172314167023e+01 1.573252105713e+01 1.521818447113e+01 2.156249809265e+01 3.124688720703e+01 3.349472427368e+01 2.870608139038e+01 3.122814178467e+01 4.200276184082e+01
4.549335479736e+00 9.947059631348e+00 1.052567863464e+01 1.028820896149e+01 1.056172180176e+01 1.082943153381e+01 1.291879940033e+01 1.350373840332e+01 1.336322307587e+01 1.258503818512e+01 1.783664321899e+01 2.517150497437e+01 2.444303321838e+01 1.676622962952e+01 1.048065185547e+01 1.045374584198e+01 1.007311725616e+01 9.521721839905e+00 1.274110221863e+01 1.324982643127e+01 1.381358432770e+01 1.114615249634e+01 1.027983951569e+01 1.947532081604e+01 3.297321701050e+01 4.847950363159e+01 5.693579864502e+01 5.454353713989e+01 3.570462036133e+01 2.154149246216e+01 2.622516822815e+01 2.087527084351e+01 1.990876197815e+01 3.297948074341e+01 1.747604560852e+01 3.251802825928e+01 2.345775413513e+01 1.761026000977e+01 2.401506423950e+01 3.438408279419e+01 3.510012054443e+01 2.951010894775e+01 4.533572387695e+01
5.511020660400e+00 1.115789222717e+01 1.129950332642e+01 1.097921657562e+01 1.138777351379e+01 1.283941268921e+01 1.287703990936e+01 1.298626613617e+01 1.189862537384e+01 1.094766044617e+01 1.056167507172e+01 1.541462612152e+01 2.447476768494e+01 2.565555572510e+01 1.933064842224e+01 9.802711486816e+00 9.055530548096e+00 9.701375961304e+00 1.135586357117e+01 1.838982009888e+01 1.663023757935e+01 1.542741107941e+01 1.410564136505e+01 1.937178611755e+01 3.362253570557e+01 4.794305038452e+01 6.522256469727e+01 7.642579650879e+01 6.399015808105e+01 3.120956420898e+01 2.732889938354e+01 2.991184043884e+01 2.881307411194e+01 3.907551956177e+01 2.169258689880e+01 4.366028976440e+01 3.608394622803e+01 2.364352989197e+01 2.257638359070e+01 3.161411476135e+01 6.773957061768e+01 3.434592056274e+01 3.728256225586e+01
7.674380302429e+00 1.442244243622e+01 1.302249908447e+01 1.338535308838e+01 1.422736740112e+01 1.505354881287e+01 1.601162528992e+01 1.667438888550e+01 1.705665779114e+01 1.712187957764e+01 1.660587501526e+01 1.677826118469e+01 1.598585224152e+01 2.267330551147e+01 2.615226173401e+01 2.166861915588e+01 1.078548526764e+01 1.051831722260e+01 1.133455467224e+01 1.763828086853e+01 1.870022773743e+01 1.703645515442e+01 1.521506881714e+01 1.650566673279e+01 2.782850646973e+01 4.132160949707e+01 6.397666931152e+01 8.931941223145e+01 8.454410552979e+01 5.189152145386e+01 3.846813964844e+01 4.878970336914e+01 5.286055755615e+01 4.937310791016e+01 4.144643402100e+01 4.720225143433e+01 4.486356735229e+01 3.451628494263e+01 4.075185775757e+01 3.566803359985e+01 9.754035186768e+01 7.934349822998e+01 2.223631477356e+01
7.926816463470e+00 1.647395706177e+01 1.643385124207e+01 1.591646957397e+01 1.400515460968e+01 1.160495281219e+01 1.111925697327e+01 1.231723022461e+01 1.367441654205e+01 1.528101634979e+01 1.707125282288e+01 1.918350791931e+01 2.186623382568e+01 3.456542205811e+01 3.515888214111e+01 2.592742919922e+01 2.455430412292e+01 2.332802009583e+01 2.168865394592e+01 1.984073066711e+01 1.786686325073e+01 1.616798019409e+01 1.772426033020e+01 1.680360031128e+01 1.896577072144e+01 3.121143341064e+01 4.598060607910e+01 7.276970672607e+01 9.246159362793e+01 6.441862487793e+01 3.083416938782e+01 3.009697723389e+01 4.444946670532e+01 5.942939376831e+01 6.663465881348e+01 6.261040115356e+01 4.588702774048e+01 3.758903121948e+01 2.820519256592e+01 4.216980361938e+01 1.028780212402e+02 1.223330612183e+02 3.388152313232e+01
6.191842079163e+00 1.269917774200e+01 1.424211406708e+01 1.552506542206e+01 1.629841613770e+01 1.573356151581e+01 1.317992305756e+01 1.090534687042e+01 1.097428989410e+01 1.098011684418e+01 1.093053722382e+01 1.070702075958e+01 1.037921810150e+01 1.313606929779e+01 1.967517280579e+01 2.156493949890e+01 2.529804611206e+01 2.431748771667e+01 2.004814338684e+01 2.220130538940e+01 2.346852874756e+01 2.419048500061e+01 2.504500198364e+01 2.608884429932e+01 2.502317047119e+01 2.066662979126e+01 3.089946746826e+01 5.497043228149e+01 7.773839569092e+01 5.740107727051e+01 2.904038238525e+01 2.035410499573e+01 1.710132026672e+01 2.959792518616e+01 3.476276016235e+01 5.691958999634e+01 7.291231536865e+01 6.821501922607e+01 4.309619903564e+01 4.544220733643e+01 6.678338623047e+01 1.463910675049e+02 5.259064483643e+01
4.983095645905e+00 9.628588676453e+00 9.579764366150e+00 9.171616554260e+00 1.037762355804e+01 1.161846351624e+01 1.213420772552e+01 1.192115879059e+01 1.011757850647e+01 1.042124843597e+01 1.132995223999e+01 1.225102806091e+01 1.310257816315e+01 1.395642566681e+01 1.482697486877e+01 1.558222007751e+01 1.624370384216e+01 2.379312133789e+01 2.522918319702e+01 3.240161132812e+01 2.539372825623e+01 2.141036224365e+01 2.032943344116e+01 2.008230400085e+01 2.012884140015e+01 2.263220596313e+01 2.997464179993e+01 3.506409454346e+01 4.956748199463e+01 4.069199371338e+01 2.084267807007e+01 2.461490440369e+01 1.833512496948e+01 2.400068664551e+01 2.794017410278e+01 3.322885513306e+01 3.361652755737e+01 5.636944961548e+01 8.025801849365e+01 6.559585571289e+01 5.740065383911e+01 1.210270538330e+02 1.072953796387e+02
3.134479999542e+00 6.319473266602e+00 6.224279880524e+00 6.252707004547e+00 7.308527946472e+00 8.346570014954e+00 9.034634590149e+00 9.351861953735e+00 9.475105285645e+00 8.706151008606e+00 8.762655258179e+00 8.731637954712e+00 9.215248107910e+00 9.581592559814e+00 9.712546348572e+00 1.257778453827e+01 1.404494094849e+01 1.928409194946e+01 3.634054946899e+01 3.792952728271e+01 3.343514251709e+01 2.838419723511e+01 3.251607894897e+01 3.881777191162e+01 2.728793716431e+01 3.248297119141e+01 3.170079612732e+01 2.951843070984e+01 3.067881393433e+01 3.980403900146e+01 3.721355056763e+01 2.440885925293e+01 2.509939956665e+01 2.663996505737e+01 2.848575210571e+01 3.037393951416e+01 2.998445129395e+01 3.861771774292e+01 5.689402389526e+01 6.603826141357e+01 7.924448394775e+01 1.058713073730e+02 8.983656311035e+01
