100/SI/f29_max.grd
DSAA
101	101
32.816463539100	34.260883539100
35.556306596100	36.727886596100
7.535610347986e-03	1.345853393555e+03
[rows 57 to 75 of 101, columns 0 to 42 of 101]
4.229570925236e-01 6.941677927971e-01 7.591758966446e-01 7.604675889015e-01 7.719464302063e-01 9.471337795258e-01 1.063127040863e+00 1.168020367622e+00 1.266378521919e+00 1.296723365784e+00 1.288532614708e+00 1.817074298859e+00 3.103573322296e+00 1.696164727211e+00 1.207890987396e+00 1.810770392418e+00 1.623815178871e+00 1.878394126892e+00 2.274701833725e+00 2.316487312317e+00 2.352017641068e+00 1.839046120644e+00 1.265523672104e+00 1.117227554321e+00 1.214675784111e+00 1.680393576622e+00 2.668473482132e+00 3.294408559799e+00 2.492696762085e+00 1.493529677391e+00 1.185986161232e+00 9.404797554016e-01 9.834589958191e-01 1.204544901848e+00 1.411497354507e+00 1.791527032852e+00 2.073281526566e+00 2.217921495438e+00 3.624455928802e+00 4.876052379608e+00 4.235075950623e+00 3.793689727783e+00 4.269338607788e+00
5.374501347542e-01 8.789878487587e-01 1.002647995949e+00 1.017926692963e+00 1.008407354355e+00 9.826372265816e-01 9.728409051895e-01 1.020563125610e+00 1.064767837524e+00 1.742151260376e+00 5.628396987915e+00 6.509888172150e+00 2.432472467422e+00 1.247529864311e+00 1.252616286278e+00 1.152853012085e+00 1.264499068260e+00 1.256804466248e+00 1.474840760231e+00 1.867761850357e+00 2.274981498718e+00 2.437453985214e+00 1.710581898689e+00 1.067388057709e+00 1.231714010239e+00 1.872969388962e+00 2.813181400299e+00 3.004565000534e+00 3.053621768951e+00 1.952881813049e+00 1.177276968956e+00 1.077335119247e+00 1.025434851646e+00 1.247998237610e+00 1.473888993263e+00 1.525764107704e+00 1.564201831818e+00 1.602281928062e+00 1.614704608917e+00 1.743040680885e+00 2.157525539398e+00 2.978203535080e+00 3.447102785110e+00
7.163207530975e-01 1.176390171051e+00 1.390288233757e+00 1.983215093613e+00 2.494254350662e+00 3.122880458832e+00 4.077950477600e+00 5.942963123322e+00 1.096862220764e+01 1.555823898315e+01 1.036689281464e+01 2.638262033463e+00 1.806535840034e+00 1.583349108696e+00 1.154878258705e+00 1.188115000725e+00 1.253538489342e+00 1.230230808258e+00 1.206024885178e+00 1.301331758499e+00 2.196343183517e+00 2.493772745132e+00 1.774850010872e+00 1.027010202408e+00 7.984383106232e-01 1.226556301117e+00 1.732077598572e+00 1.818063378334e+00 1.856853365898e+00 1.523191213608e+00 1.081636548042e+00 1.123726725578e+00 1.069877266884e+00 1.203219294548e+00 1.450767040253e+00 1.502540588379e+00 1.429069876671e+00 1.308702111244e+00 1.187323808670e+00 1.330387592316e+00 1.717465996742e+00 2.181942462921e+00 2.929336309433e+00
7.001717090607e-01 1.406807780266e+00 2.342807769775e+00 3.224185466766e+00 3.988256216049e+00 5.208232402802e+00 7.512638568878e+00 1.120272159576e+01 1.128565788269e+01 5.235733032227e+00 1.296729922295e+00 1.509474873543e+00 1.637601613998e+00 1.453896284103e+00 1.277686834335e+00 1.340046763420e+00 1.340003013611e+00 1.283595085144e+00 1.028449535370e+00 1.017414331436e+00 1.580626130104e+00 1.766251087189e+00 1.315633416176e+00 8.280338644981e-01 6.393990516663e-01 6.910472512245e-01 9.241310954094e-01 1.141359686852e+00 1.304036140442e+00 1.160172343254e+00 1.062174439430e+00 9.820743203163e-01 1.050314307213e+00 1.164391160011e+00 1.395075917244e+00 1.428876399994e+00 1.291753768921e+00 1.104698777199e+00 1.027291297913e+00 1.137921333313e+00 1.652119755745e+00 2.030819654465e+00 2.681086063385e+00
4.263658225536e-01 7.424551248550e-01 9.058918952942e-01 9.524998664856e-01 9.545763731003e-01 9.516716003418e-01 9.447267055511e-01 9.258483648300e-01 9.100891351700e-01 8.923298716545e-01 8.388509750366e-01 8.831239342690e-01 9.373113512993e-01 1.198407649994e+00 1.346098423004e+00 1.404543995857e+00 1.349610090256e+00 1.196527600288e+00 8.852156400681e-01 7.235967516899e-01 8.831682205200e-01 9.177874326706e-01 7.266878485680e-01 5.412839651108e-01 4.782736003399e-01 5.118392705917e-01 6.578124761581e-01 7.915744185448e-01 9.623017311096e-01 1.037003755569e+00 9.823324084282e-01 8.782434463501e-01 1.005997180939e+00 1.217072725296e+00 1.450208425522e+00 1.402818322182e+00 1.164887428284e+00 9.321369528770e-01 1.038619399071e+00 1.158679127693e+00 1.656971693039e+00 2.058385848999e+00 2.518608808517e+00
2.020312398672e-01 3.760693073273e-01 4.865410923958e-01 5.364674329758e-01 5.561895370483e-01 5.730165243149e-01 5.891096591949e-01 6.012110114098e-01 6.202968955040e-01 6.394788026810e-01 6.272230744362e-01 5.898323059082e-01 5.810073614120e-01 7.699658870697e-01 9.042015671730e-01 9.507279992104e-01 8.637362718582e-01 7.680751085281e-01 6.494016647339e-01 5.652823448181e-01 4.702202677727e-01 4.394018054008e-01 3.639624714851e-01 4.068377614021e-01 4.795881211758e-01 5.039590001106e-01 5.445586442947e-01 6.565939784050e-01 8.133400082588e-01 8.908050656319e-01 8.785800337791e-01 8.299902677536e-01 1.000131249428e+00 1.340556859970e+00 1.556561946869e+00 1.406352281570e+00 1.055599331856e+00 9.190990924835e-01 1.061866641045e+00 1.203255891800e+00 1.601378202438e+00 1.879276156425e+00 2.161304473877e+00
1.369844377041e-01 2.306686192751e-01 2.870920300484e-01 3.305460214615e-01 3.555232882500e-01 3.777315616608e-01 3.989950120449e-01 4.169220030308e-01 4.387104213238e-01 4.609144926071e-01 4.639087319374e-01 4.489401876926e-01 4.318463802338e-01 4.163647294044e-01 4.178197979927e-01 4.738641977310e-01 4.997212588787e-01 4.929796457291e-01 4.524433910847e-01 4.285230934620e-01 3.819813430309e-01 3.582269251347e-01 3.131595551968e-01 4.130212366581e-01 5.088348984718e-01 5.569062829018e-01 5.531606078148e-01 5.493007898331e-01 6.707782149315e-01 7.469503283501e-01 7.657523751259e-01 7.614142298698e-01 1.011199355125e+00 1.411458730698e+00 1.557982802391e+00 1.303965687752e+00 9.237883090973e-01 9.214027523994e-01 1.106905817986e+00 1.238613605499e+00 1.434323668480e+00 1.648386716843e+00 1.687254190445e+00
1.114081293344e-01 1.885789185762e-01 2.375244796276e-01 2.639066874981e-01 2.780927419662e-01 2.924734354019e-01 3.031096160412e-01 3.057664334774e-01 3.208658993244e-01 3.336504697800e-01 3.363550305367e-01 3.307088911533e-01 3.251188099384e-01 3.175721466541e-01 3.279935419559e-01 3.767876327038e-01 4.005261957645e-01 3.953527212143e-01 3.657566010952e-01 3.398026525974e-01 3.699614107609e-01 3.588849008083e-01 3.094438016415e-01 4.111865162849e-01 5.185045003891e-01 5.837481617928e-01 5.908246636391e-01 5.715656280518e-01 5.895779132843e-01 6.469444036484e-01 6.742480397224e-01 7.022988200188e-01 1.001922369003e+00 1.375622391701e+00 1.418772935867e+00 1.120888352394e+00 8.668290376663e-01 9.504184722900e-01 1.155308127403e+00 1.216358304024e+00 1.268168807030e+00 1.368846416473e+00 1.254351496696e+00
1.098344698548e-01 1.758591234684e-01 2.227364927530e-01 2.439393997192e-01 2.528355121613e-01 2.607941627502e-01 2.637893557549e-01 2.584572136402e-01 2.538554370403e-01 2.572867572308e-01 2.582243084908e-01 2.682168185711e-01 2.761500775814e-01 2.826181054115e-01 2.903257608414e-01 3.051777780056e-01 3.263861238956e-01 3.274797499180e-01 3.306228220463e-01 3.248428106308e-01 3.390841484070e-01 3.538189232349e-01 3.138157129288e-01 3.886913359165e-01 4.908508658409e-01 5.585093498230e-01 5.697512626648e-01 5.595277547836e-01 5.916200280190e-01 6.095166206360e-01 6.213903427124e-01 6.536685824394e-01 9.366023540497e-01 1.231770038605e+00 1.199740767479e+00 9.620122909546e-01 8.439373373985e-01 1.015434861183e+00 1.165969252586e+00 1.134447574615e+00 1.100773811340e+00 1.106605768204e+00 1.016667604446e+00
1.025658547878e-01 1.627519875765e-01 2.039011269808e-01 2.217805087566e-01 2.292953431606e-01 2.351205050945e-01 2.359308302402e-01 2.309412509203e-01 2.244951277971e-01 2.410311251879e-01 2.556849420071e-01 2.689757943153e-01 2.807616293430e-01 2.906855046749e-01 2.997304797173e-01 3.085138499737e-01 3.149828612804e-01 3.159953355789e-01 3.097009956837e-01 3.086802363396e-01 3.088639080524e-01 3.405207097530e-01 3.216300010681e-01 3.520115315914e-01 4.383634030819e-01 4.981051683426e-01 5.760955810547e-01 6.302704811096e-01 6.338792443275e-01 6.141344904900e-01 6.009718775749e-01 6.064821481705e-01 8.212189674377e-01 1.024733662605e+00 9.842656850815e-01 8.560687899590e-01 9.079222679138e-01 1.029474139214e+00 1.099374771118e+00 9.948155879974e-01 9.197425842285e-01 8.717910647392e-01 8.683946132660e-01
9.432516247034e-02 1.494189053774e-01 1.868863254786e-01 2.039382308722e-01 2.110713571310e-01 2.143250554800e-01 2.129163444042e-01 2.087022662163e-01 2.099143117666e-01 2.279115319252e-01 2.442284673452e-01 2.596005797386e-01 2.737493813038e-01 2.856237888336e-01 2.948783934116e-01 3.009524047375e-01 3.025275170803e-01 3.330167829990e-01 3.394945561886e-01 3.145253062248e-01 2.888343334198e-01 3.117921650410e-01 3.177952468395e-01 3.158847093582e-01 3.850225210190e-01 4.344251155853e-01 5.247628092766e-01 6.107469201088e-01 6.318198442459e-01 6.118542551994e-01 5.877207517624e-01 5.863433480263e-01 6.545820236206e-01 7.942254543304e-01 7.815408706665e-01 7.245256900787e-01 7.828317880630e-01 8.697794675827e-01 8.987553119659e-01 7.808161973953e-01 7.193835377693e-01 6.674736142159e-01 6.561390161514e-01
8.737554401159e-02 1.386278420687e-01 1.741030961275e-01 1.910980045795e-01 1.972579061985e-01 1.977154910564e-01 1.946943253279e-01 1.917651146650e-01 1.978280246258e-01 2.050808072090e-01 2.218464463949e-01 2.377598583698e-01 2.525186240673e-01 2.649667263031e-01 2.740188241005e-01 2.936540246010e-01 3.197328150272e-01 3.596481382847e-01 3.769961595535e-01 3.663787245750e-01 3.349921107292e-01 2.975767850876e-01 3.035573065281e-01 3.071374297142e-01 3.423785567284e-01 3.819177746773e-01 3.931563496590e-01 4.745686352253e-01 5.376260280609e-01 5.573465824127e-01 5.514137148857e-01 5.644717812538e-01 5.809509158134e-01 5.988429188728e-01 5.793519616127e-01 5.615797042847e-01 6.068284511566e-01 6.954060196877e-01 7.449967861176e-01 6.173514127731e-01 5.439404249191e-01 4.853974282742e-01 5.425726175308e-01
8.229541033506e-02 1.309640705585e-01 1.651520282030e-01 1.812485158443e-01 1.854410320520e-01 1.839782744646e-01 1.809172481298e-01 1.817172318697e-01 1.830103397369e-01 1.897931694984e-01 1.926907598972e-01 2.081100195646e-01 2.223068922758e-01 2.344873398542e-01 2.515692710876e-01 2.770560085773e-01 3.240467905998e-01 3.696239292622e-01 4.003258943558e-01 4.093573689461e-01 3.978136777878e-01 3.736543059349e-01 3.445097506046e-01 3.176288604736e-01 3.094784021378e-01 3.418316245079e-01 3.478904068470e-01 3.373184502125e-01 4.135282933712e-01 4.747704863548e-01 5.151269435883e-01 5.445064306259e-01 5.617245435715e-01 5.431377887726e-01 4.896636903286e-01 4.773259758949e-01 5.343259572983e-01 6.577367782593e-01 7.677075266838e-01 6.954613924026e-01 5.151033401489e-01 4.574473798275e-01 5.196141004562e-01
8.034050464630e-02 1.276475638151e-01 1.603590995073e-01 1.744920015335e-01 1.765898615122e-01 1.741089075804e-01 1.750005483627e-01 1.771347373724e-01 1.751035451889e-01 1.773531436920e-01 1.764939427376e-01 1.949811130762e-01 2.143963128328e-01 2.344871908426e-01 2.521820366383e-01 2.820754647255e-01 3.282276391983e-01 3.747426569462e-01 4.164208173752e-01 4.421242475510e-01 4.462767243385e-01 4.348104894161e-01 4.154404401779e-01 3.956376612186e-01 3.839386105537e-01 3.766162991524e-01 3.629937767982e-01 3.461402058601e-01 4.087763428688e-01 4.587334692478e-01 4.958781003952e-01 5.292918682098e-01 5.463812351227e-01 5.097985267639e-01 4.878889322281e-01 4.850275218487e-01 5.379475355148e-01 6.340399980545e-01 7.374782562256e-01 6.743701696396e-01 5.237822532654e-01 4.545401930809e-01 5.166171193123e-01
8.151469379663e-02 1.288048923016e-01 1.603151112795e-01 1.725851595402e-01 1.731576919556e-01 1.697044968605e-01 1.721506118774e-01 1.708694994450e-01 1.703594177961e-01 1.707333475351e-01 1.826449632645e-01 2.009296268225e-01 2.187952101231e-01 2.357436120510e-01 2.493501156569e-01 2.891495525837e-01 3.411638736725e-01 3.901360630989e-01 4.373381137848e-01 4.715649485588e-01 4.826363623142e-01 4.752278923988e-01 4.572352468967e-01 4.348588585854e-01 4.164705872536e-01 3.985417187214e-01 3.688814342022e-01 3.482074737549e-01 3.998545110226e-01 4.432457089424e-01 4.802538156509e-01 5.155430436134e-01 5.267986059189e-01 4.839169979095e-01 4.940149188042e-01 5.170826315880e-01 5.496393442154e-01 6.134355664253e-01 6.649503111839e-01 5.886718630791e-01 4.942345321178e-01 4.211199581623e-01 4.783643782139e-01
8.344548940659e-02 1.314288824797e-01 1.623418182135e-01 1.735122650862e-01 1.732094138861e-01 1.688054203987e-01 1.752620637417e-01 1.801206618547e-01 1.828648746014e-01 1.832601130009e-01 1.816572993994e-01 1.930857151747e-01 2.164238542318e-01 2.419363260269e-01 2.499122172594e-01 2.822940647602e-01 3.477100729942e-01 4.039337337017e-01 4.484903514385e-01 4.767215549946e-01 4.831271767616e-01 4.701718688011e-01 4.457189440727e-01 4.169215857983e-01 3.899078965187e-01 3.629165291786e-01 3.250532746315e-01 3.473617732525e-01 3.916333317757e-01 4.305844902992e-01 4.658311605453e-01 4.950197935104e-01 4.948903322220e-01 4.595547616482e-01 4.960653781891e-01 6.076739430428e-01 5.728099942207e-01 6.171867251396e-01 5.923295021057e-01 5.078831315041e-01 4.461556971073e-01 3.845698237419e-01 4.331023097038e-01
8.215789496899e-02 1.289808154106e-01 1.583808809519e-01 1.686730682850e-01 1.683208495378e-01 1.687397658825e-01 1.732092797756e-01 1.753482222557e-01 1.758633106947e-01 1.747839301825e-01 1.787799596786e-01 2.008480131626e-01 2.337458729744e-01 2.616393864155e-01 2.697279453278e-01 2.634604871273e-01 3.315028846264e-01 3.887600302696e-01 4.210821688175e-01 4.327774047852e-01 4.271163046360e-01 4.041386842728e-01 3.732294738293e-01 3.462688326836e-01 3.243868350983e-01 3.035244345665e-01 3.073053061962e-01 3.440546691418e-01 3.830477893353e-01 4.179210364819e-01 4.481997191906e-01 4.649245440960e-01 4.519681632519e-01 4.403278529644e-01 5.114811062813e-01 5.532664060593e-01 5.623051524162e-01 6.195908784866e-01 5.986835360527e-01 4.899582564831e-01 4.245005846024e-01 3.905181884766e-01 4.194017648697e-01
7.523205876350e-02 1.173429787159e-01 1.432280540466e-01 1.521686017513e-01 1.664576530457e-01 1.733238548040e-01 1.699782758951e-01 1.606713980436e-01 1.525749266148e-01 1.662611663342e-01 1.818615496159e-01 2.104224562645e-01 2.487502843142e-01 2.776604592800e-01 2.855183482170e-01 2.803253233433e-01 3.030186593533e-01 3.516504168510e-01 3.698613643646e-01 3.661376833916e-01 3.483446240425e-01 3.162593543530e-01 3.052890300751e-01 3.622078895569e-01 3.682497143745e-01 3.540205061436e-01 3.476892411709e-01 3.496945202351e-01 3.718169927597e-01 4.020451605320e-01 4.230867028236e-01 4.237871468067e-01 3.982618749142e-01 4.063142240047e-01 4.663848280907e-01 6.492801904678e-01 5.701300501823e-01 7.981619238853e-01 7.094724178314e-01 6.001090407372e-01 5.093436837196e-01 4.201238453388e-01 4.707763195038e-01
7.973551750183e-02 1.174608245492e-01 1.440263390541e-01 1.671398878098e-01 1.837671846151e-01 1.874683201313e-01 1.818524599075e-01 1.715760231018e-01 1.596922129393e-01 1.675089299679e-01 1.859825551510e-01 2.205004096031e-01 2.628165185452e-01 2.922040522099e-01 2.999225258827e-01 2.948031127453e-01 2.779307067394e-01 3.200408518314e-01 3.323757648468e-01 3.474639952183e-01 4.699640274048e-01 4.299791157246e-01 3.313316404819e-01 3.775900900364e-01 3.674764037132e-01 3.394919931889e-01 3.232531547546e-01 3.275142014027e-01 3.585286140442e-01 3.817678987980e-01 3.898342847824e-01 3.747868835926e-01 3.412107527256e-01 3.646625578403e-01 4.032803177834e-01 5.749093890190e-01 7.333840727806e-01 1.154881238937e+00 1.069539308548e+00 7.089071273804e-01 5.482234358788e-01 4.959698915482e-01 6.015866398811e-01
