100/SI/f3.grd
DSAA
101	101
32.816463539100	34.260883539100
35.556306596100	36.727886596100
2.349378701183e-05	3.825677156448e+00
[rows 19 to 37 of 101, columns 43 to 85 of 101]
3.789386525750e-02 4.655262455344e-02 6.052716076374e-02 6.169204786420e-02 3.997473046184e-02 6.142327561975e-02 3.139209747314e-02 3.255486860871e-02 3.533190116286e-02 3.583616018295e-02 3.270563483238e-02 4.804717376828e-02 5.785296857357e-02 5.729215219617e-02 3.803861886263e-02 4.646993428469e-02 6.125148385763e-02 5.741149559617e-02 3.159644082189e-02 5.097672343254e-02 2.351714856923e-02 3.299697116017e-02 4.431707039475e-02 2.187397517264e-02 2.170592918992e-02 2.558288536966e-02 2.110718749464e-02 2.660304494202e-02 2.468248084188e-02 1.953661441803e-02 2.107484266162e-02 2.918335422873e-02 3.296130150557e-02 2.552989497781e-02 2.261899225414e-02 1.843026094139e-02 1.265829335898e-02 1.390916015953e-02 1.537413336337e-02 1.280313637108e-02 1.199848111719e-02 1.047154702246e-02 1.138666179031e-02
3.427220135927e-02 4.561686515808e-02 6.469681113958e-02 7.461624592543e-02 5.402628332376e-02 5.431148037314e-02 3.229627385736e-02 3.448685631156e-02 3.060288913548e-02 3.832601755857e-02 4.010550677776e-02 4.492903128266e-02 6.191232055426e-02 6.093992292881e-02 4.699127748609e-02 5.053098872304e-02 5.980716273189e-02 6.487330049276e-02 3.728351369500e-02 4.928639531136e-02 2.687331847847e-02 4.997279122472e-02 6.225129216909e-02 2.900003455579e-02 2.532058581710e-02 2.618446573615e-02 2.597397565842e-02 2.750911936164e-02 2.143755182624e-02 2.078828029335e-02 2.945715375245e-02 3.850531205535e-02 3.440107405186e-02 2.718787081540e-02 2.238482423127e-02 1.845172233880e-02 1.322310324758e-02 1.626054756343e-02 1.258892379701e-02 1.079441606998e-02 1.150948554277e-02 9.984677657485e-03 1.040414720774e-02
3.697384521365e-02 5.240622535348e-02 5.974098667502e-02 7.810509204865e-02 6.656903773546e-02 4.648282751441e-02 3.190903365612e-02 3.653553128242e-02 2.936385944486e-02 3.583441674709e-02 3.779990226030e-02 4.292726516724e-02 5.880260095000e-02 6.657511740923e-02 5.665237084031e-02 5.400543287396e-02 5.728713423014e-02 7.089671492577e-02 4.250407218933e-02 4.566245153546e-02 3.019887953997e-02 6.190115213394e-02 6.815740466118e-02 3.261220455170e-02 2.473073080182e-02 3.059249557555e-02 2.931237220764e-02 2.379132993519e-02 2.029311470687e-02 2.928738296032e-02 4.109297320247e-02 3.986366465688e-02 2.693201974034e-02 3.101313486695e-02 2.218489162624e-02 1.698553562164e-02 1.574234664440e-02 1.671932451427e-02 1.399305183440e-02 1.092629320920e-02 1.068629324436e-02 7.865751162171e-03 7.747801952064e-03
3.533210605383e-02 4.935564473271e-02 5.065256729722e-02 7.455253601074e-02 7.366561889648e-02 4.860183596611e-02 4.279530793428e-02 3.869747743011e-02 2.891828492284e-02 3.136506676674e-02 3.623341768980e-02 4.349584877491e-02 4.876489564776e-02 6.986255198717e-02 6.308904290199e-02 5.260745435953e-02 5.297100171447e-02 7.603185623884e-02 4.681102186441e-02 4.091140255332e-02 3.350637108088e-02 6.147212907672e-02 5.940280482173e-02 2.830383740366e-02 2.722140029073e-02 3.193915262818e-02 2.659731730819e-02 2.172625623643e-02 3.081719204783e-02 4.346444085240e-02 4.275356978178e-02 2.970486134291e-02 2.262511290610e-02 3.222174197435e-02 1.594638451934e-02 1.565329916775e-02 1.943239197135e-02 1.493400800973e-02 1.605037972331e-02 1.020792778581e-02 1.139174029231e-02 9.515050798655e-03 8.589593693614e-03
2.874841913581e-02 3.438361734152e-02 5.284070968628e-02 6.601571291685e-02 7.422013580799e-02 4.939154163003e-02 5.319622159004e-02 4.464188963175e-02 3.134078904986e-02 2.683899179101e-02 3.775046020746e-02 4.243801906705e-02 5.016240477562e-02 7.501593232155e-02 6.387314200401e-02 4.943944513798e-02 4.767616093159e-02 7.917206734419e-02 4.993204772472e-02 4.956803843379e-02 3.896872699261e-02 5.053771659732e-02 4.430648684502e-02 2.634914033115e-02 3.324181586504e-02 3.088543377817e-02 2.275929227471e-02 3.286797925830e-02 4.710398614407e-02 4.579361900687e-02 3.109067678452e-02 1.836884766817e-02 2.416654489934e-02 3.022523783147e-02 1.624802686274e-02 1.678929664195e-02 2.047707512975e-02 1.562977395952e-02 1.760921999812e-02 1.065694447607e-02 1.082057785243e-02 8.958190679550e-03 9.112711995840e-03
3.684338927269e-02 3.699781745672e-02 5.962251871824e-02 5.580350011587e-02 7.052723318338e-02 5.513148754835e-02 5.095545947552e-02 5.645643919706e-02 4.907277598977e-02 3.750518709421e-02 4.111983627081e-02 4.005728662014e-02 5.468724668026e-02 8.022495359182e-02 5.733622238040e-02 4.740562289953e-02 4.063543677330e-02 8.095805346966e-02 6.323578208685e-02 5.475167557597e-02 4.609097540379e-02 4.899873211980e-02 2.965281531215e-02 3.205871954560e-02 3.411585465074e-02 2.339008823037e-02 3.567796945572e-02 5.079070106149e-02 4.836650937796e-02 3.241295740008e-02 1.736238785088e-02 1.361713558435e-02 3.232714906335e-02 2.526487596333e-02 1.549520436674e-02 2.177670039237e-02 1.889371871948e-02 1.574994623661e-02 1.870560646057e-02 1.319069601595e-02 9.301355108619e-03 8.861213922501e-03 7.837211713195e-03
5.784624442458e-02 3.574136272073e-02 3.584302589297e-02 6.176215410233e-02 6.496800482273e-02 5.820355564356e-02 4.470795392990e-02 5.163986608386e-02 5.871564894915e-02 5.766237154603e-02 4.912928491831e-02 6.106896698475e-02 5.943328514695e-02 8.337684720755e-02 4.959211871028e-02 4.300456121564e-02 5.685249716043e-02 8.153656125069e-02 7.157612591982e-02 5.249909684062e-02 4.968260228634e-02 5.284984782338e-02 3.329157456756e-02 3.492164239287e-02 2.864043787122e-02 3.732683882117e-02 5.529788509011e-02 5.182835459709e-02 3.371757268906e-02 2.198753878474e-02 3.090092539787e-02 1.897230558097e-02 3.772176057100e-02 2.210346423090e-02 1.809582300484e-02 2.329289726913e-02 2.272373251617e-02 1.598190329969e-02 1.930834539235e-02 1.455778814852e-02 8.788264356554e-03 8.368800394237e-03 9.698224253953e-03
7.733590900898e-02 3.675398975611e-02 3.604880720377e-02 5.685861408710e-02 5.851261317730e-02 5.956663563848e-02 4.887067899108e-02 4.933720082045e-02 4.880860820413e-02 6.317959725857e-02 6.889946758747e-02 6.173387542367e-02 6.418229639530e-02 8.448062092066e-02 4.302931576967e-02 6.652791798115e-02 7.977017760277e-02 8.164748549461e-02 6.956503540277e-02 4.160274192691e-02 4.719618335366e-02 4.842594638467e-02 3.351475298405e-02 2.884368970990e-02 3.760825470090e-02 5.879728496075e-02 5.674026533961e-02 3.553573414683e-02 3.138997405767e-02 4.305294901133e-02 3.908072784543e-02 3.548511862755e-02 3.675293549895e-02 2.472175098956e-02 2.330387756228e-02 1.930420473218e-02 2.477827109396e-02 1.690996810794e-02 1.937591098249e-02 1.446653623134e-02 9.344593621790e-03 1.061938982457e-02 1.368466485292e-02
8.442547917366e-02 3.775332868099e-02 4.359690845013e-02 3.758308291435e-02 6.436675041914e-02 6.018060818315e-02 5.125728622079e-02 5.240887776017e-02 5.024037882686e-02 6.291298568249e-02 6.640227884054e-02 5.786035582423e-02 6.844495981932e-02 8.140996098518e-02 7.243958115578e-02 8.813976496458e-02 8.518622815609e-02 7.934463024139e-02 4.728576540947e-02 4.192020744085e-02 4.861206561327e-02 4.896683245897e-02 3.524297848344e-02 3.598361089826e-02 6.127521768212e-02 6.258571892977e-02 3.923582658172e-02 3.186425194144e-02 4.683643206954e-02 3.887044638395e-02 3.160517662764e-02 3.456055000424e-02 2.849977463484e-02 2.716435119510e-02 2.309010550380e-02 1.614645868540e-02 2.427125535905e-02 1.827361807227e-02 1.899562403560e-02 1.309647690505e-02 1.129686925560e-02 1.518282480538e-02 1.715798117220e-02
7.410968095064e-02 5.520296096802e-02 5.047534778714e-02 3.554728999734e-02 4.664658382535e-02 6.103223189712e-02 6.435132026672e-02 5.570852756500e-02 6.533303856850e-02 9.615448862314e-02 5.445633083582e-02 5.080992355943e-02 7.126814126968e-02 7.493681460619e-02 9.396926313639e-02 9.099428355694e-02 7.867693901062e-02 7.673677057028e-02 5.228648707271e-02 5.631579831243e-02 5.047406256199e-02 4.873245209455e-02 3.285132348537e-02 6.214720010757e-02 6.893973052502e-02 4.457864165306e-02 3.639196604490e-02 4.965361952782e-02 4.395338892937e-02 2.877264656126e-02 4.191343486309e-02 3.628481179476e-02 2.184975333512e-02 2.485033124685e-02 2.073285728693e-02 2.226746641099e-02 2.209701016545e-02 2.010501548648e-02 1.843199133873e-02 1.695848070085e-02 1.882848329842e-02 2.113287337124e-02 1.782187074423e-02
5.001732707024e-02 8.313679695129e-02 5.526051670313e-02 4.369655996561e-02 5.250671133399e-02 5.951784551144e-02 5.686803534627e-02 5.963809415698e-02 8.565222471952e-02 1.189898699522e-01 7.990884035826e-02 5.535763874650e-02 7.180769741535e-02 8.947547525167e-02 9.582369774580e-02 1.333746910095e-01 7.066555321217e-02 7.115112245083e-02 5.835917219520e-02 5.695750564337e-02 5.203679576516e-02 4.813670739532e-02 6.150037050247e-02 7.314205169678e-02 5.023846775293e-02 4.095909744501e-02 4.901079833508e-02 4.911809787154e-02 4.204084351659e-02 4.201610386372e-02 4.450571164489e-02 2.487536147237e-02 2.353816106915e-02 2.123421803117e-02 1.856273412704e-02 1.737086661160e-02 3.003620728850e-02 2.372479811311e-02 2.185224741697e-02 2.510477975011e-02 2.501481957734e-02 1.835873536766e-02 1.240346673876e-02
5.616555735469e-02 9.211495518684e-02 5.713845789433e-02 4.829367995262e-02 6.190628558397e-02 5.701967328787e-02 5.931844562292e-02 7.481165230274e-02 9.872908145189e-02 1.195114031434e-01 9.543394297361e-02 9.445814788342e-02 8.359637856483e-02 9.813834726810e-02 1.165900155902e-01 1.687459051609e-01 7.342734187841e-02 7.950035482645e-02 7.882696390152e-02 6.443760544062e-02 5.102101713419e-02 6.132298335433e-02 7.687932997942e-02 5.528688803315e-02 4.586309939623e-02 4.839762672782e-02 4.681267589331e-02 5.185941234231e-02 5.045550316572e-02 5.056368187070e-02 3.807279840112e-02 2.055383287370e-02 2.813716419041e-02 1.759030856192e-02 1.834637857974e-02 1.875500008464e-02 4.139030724764e-02 2.754875645041e-02 2.891140244901e-02 2.328478917480e-02 1.414793170989e-02 8.378491736948e-03 8.315484970808e-03
1.111678853631e-01 7.283352315426e-02 7.982289046049e-02 5.128085613251e-02 7.531810551882e-02 5.839364975691e-02 6.387276202440e-02 8.644866943359e-02 1.038852855563e-01 1.011942252517e-01 9.792668372393e-02 9.900670498610e-02 9.282278269529e-02 7.528810203075e-02 7.988043874502e-02 1.074708700180e-01 5.995269119740e-02 7.855888456106e-02 8.588799089193e-02 7.165628671646e-02 6.374138593674e-02 8.041895925999e-02 6.021693348885e-02 5.118636786938e-02 4.744883254170e-02 4.344596341252e-02 4.682137444615e-02 5.533368885517e-02 5.550534650683e-02 4.976004362106e-02 3.106133639812e-02 1.967366226017e-02 2.995987236500e-02 2.384152822196e-02 2.875307947397e-02 3.058369643986e-02 4.666791856289e-02 2.731626108289e-02 2.160454541445e-02 1.503852289170e-02 1.347423903644e-02 1.019164640456e-02 9.796917438507e-03
1.803382039070e-01 7.884831726551e-02 8.935125917196e-02 6.516142189503e-02 8.347749710083e-02 7.137344777584e-02 7.022182643414e-02 9.925486892462e-02 1.067140474916e-01 8.408807218075e-02 1.178295612335e-01 1.448393762112e-01 8.024114370346e-02 9.413132816553e-02 5.765500664711e-02 6.699255108833e-02 6.398834288120e-02 7.634960860014e-02 7.379605621099e-02 6.690424680710e-02 8.534298837185e-02 6.498107314110e-02 5.333819612861e-02 4.791593924165e-02 5.155387520790e-02 4.796360433102e-02 4.806891083717e-02 5.999607965350e-02 6.038210541010e-02 5.484155938029e-02 3.774499148130e-02 3.318103030324e-02 3.293250873685e-02 2.999797277153e-02 2.903323993087e-02 4.462005943060e-02 3.839996084571e-02 1.864076219499e-02 2.013543061912e-02 2.057649195194e-02 1.906896196306e-02 1.473136432469e-02 1.058114226907e-02
1.973550468683e-01 2.061728686094e-01 8.513812720776e-02 8.557406812906e-02 9.192708879709e-02 8.637534826994e-02 1.184940561652e-01 1.112131401896e-01 1.052440330386e-01 7.837431132793e-02 1.199681609869e-01 1.613138020039e-01 9.641322493553e-02 9.072850644588e-02 7.372601330280e-02 7.511945813894e-02 7.969298958778e-02 7.535383105278e-02 7.287757843733e-02 9.132074564695e-02 7.113865762949e-02 6.086717918515e-02 5.215235427022e-02 4.085377603769e-02 5.024816840887e-02 5.633794516325e-02 5.183454230428e-02 6.445025652647e-02 6.722398102283e-02 5.999269336462e-02 4.464881494641e-02 3.297317773104e-02 2.932503260672e-02 2.489534392953e-02 4.039756581187e-02 4.627355560660e-02 2.064493857324e-02 2.119100280106e-02 2.208748832345e-02 2.239379286766e-02 2.116119489074e-02 1.768368482590e-02 1.227200031281e-02
9.474455565214e-02 2.777113914490e-01 2.029312849045e-01 8.475733548403e-02 9.687267988920e-02 1.075718030334e-01 1.147321760654e-01 1.167763099074e-01 9.345928579569e-02 8.178025484085e-02 1.367876380682e-01 1.578758955002e-01 1.238901913166e-01 8.376089483500e-02 7.714900374413e-02 8.627077192068e-02 1.335476636887e-01 8.388641476631e-02 1.012199670076e-01 7.802481204271e-02 5.612384527922e-02 5.469464138150e-02 4.623591899872e-02 5.617994815111e-02 5.704156681895e-02 6.545858085155e-02 7.215150445700e-02 5.515990778804e-02 6.546664237976e-02 6.537856906652e-02 5.078927800059e-02 2.701022662222e-02 2.753565646708e-02 4.272096604109e-02 4.633212089539e-02 2.710602432489e-02 1.881166920066e-02 1.898737810552e-02 1.890031993389e-02 1.918612420559e-02 1.911748014390e-02 1.770271919668e-02 1.415236573666e-02
1.744485795498e-01 1.313414275646e-01 3.237297534943e-01 1.507547497749e-01 9.796836972237e-02 1.322440803051e-01 9.944099187851e-02 1.110305935144e-01 1.460932642221e-01 1.137579679489e-01 1.575468629599e-01 1.253894269466e-01 1.319628357887e-01 1.104433834553e-01 9.097691625357e-02 8.507365733385e-02 1.942115128040e-01 1.174084767699e-01 9.441643208265e-02 1.148948967457e-01 6.835056096315e-02 5.576350539923e-02 5.955433845520e-02 6.270580738783e-02 6.041644141078e-02 6.423126161098e-02 9.093939512968e-02 5.516191199422e-02 6.795149296522e-02 7.096516340971e-02 5.753971263766e-02 3.709264099598e-02 4.706965386868e-02 4.356549680233e-02 2.493467368186e-02 2.088269777596e-02 1.972513087094e-02 1.847048290074e-02 1.716959103942e-02 1.598486676812e-02 1.646973937750e-02 1.702037639916e-02 1.546062342823e-02
2.358630895615e-01 3.073987066746e-01 1.857216358185e-01 3.182404339314e-01 1.181991770864e-01 1.601085215807e-01 1.373475492001e-01 1.466096490622e-01 2.050012946129e-01 1.702897101641e-01 1.959678083658e-01 1.125942692161e-01 1.197178438306e-01 1.246614232659e-01 1.116145178676e-01 8.822247385979e-02 2.280444800854e-01 1.294382065535e-01 1.346758902073e-01 9.335634857416e-02 5.069922655821e-02 5.603320151567e-02 7.120905071497e-02 6.462441384792e-02 5.875093489885e-02 5.635960772634e-02 8.865016698837e-02 6.047768145800e-02 7.622098922729e-02 7.518745213747e-02 5.962969735265e-02 4.753265529871e-02 3.565770760179e-02 1.870737597346e-02 1.846484281123e-02 1.944477111101e-02 1.917141117156e-02 2.049532160163e-02 2.012778259814e-02 1.910211332142e-02 2.081078290939e-02 2.419290505350e-02 2.526986040175e-02
4.637023210526e-01 3.078675866127e-01 3.249536752701e-01 2.695917487144e-01 2.451933473349e-01 1.799884438515e-01 1.977022588253e-01 1.745173037052e-01 1.804850548506e-01 1.995932757854e-01 2.303186506033e-01 1.341443359852e-01 1.179789900780e-01 1.265988945961e-01 1.385402530432e-01 1.311404109001e-01 1.759545207024e-01 1.302558481693e-01 1.299182921648e-01 1.037421301007e-01 8.451762795448e-02 1.003753766418e-01 1.010889783502e-01 8.367733657360e-02 6.111408397555e-02 5.222647637129e-02 6.955076754093e-02 7.430915534496e-02 7.877883315086e-02 6.579312682152e-02 4.615982994437e-02 2.949918247759e-02 2.581635490060e-02 2.736008912325e-02 3.234725072980e-02 3.545932471752e-02 3.708355128765e-02 3.691138699651e-02 3.503492102027e-02 3.205652162433e-02 2.916166372597e-02 2.932603284717e-02 2.596346102655e-02
