100/SI/f3.grd
DSAA
101	101
32.816463539100	34.260883539100
35.556306596100	36.727886596100
2.349378701183e-05	3.825677156448e+00
[rows 57 to 75 of 101, columns 0 to 42 of 101]
1.302458462305e-03 2.139874035493e-03 2.315982943401e-03 2.318112412468e-03 2.474941080436e-03 3.028634702787e-03 3.393564838916e-03 3.722255118191e-03 4.028800409287e-03 4.117020871490e-03 3.962117247283e-03 5.479108076543e-03 9.383405558765e-03 5.127896554768e-03 3.788848407567e-03 5.673682782799e-03 5.065603181720e-03 5.636472254992e-03 6.809744983912e-03 7.121075876057e-03 7.258230354637e-03 5.467546172440e-03 3.801022889093e-03 3.340953728184e-03 3.623223630711e-03 5.020353477448e-03 8.030539378524e-03 9.968999773264e-03 7.854854688048e-03 4.541328642517e-03 3.555910661817e-03 2.797539345920e-03 2.930283313617e-03 3.517598146573e-03 4.153349436820e-03 5.331463646144e-03 6.142496597022e-03 6.632566452026e-03 1.096461433917e-02 1.437527127564e-02 1.232586801052e-02 1.093452982605e-02 1.232246495783e-02
1.640879316255e-03 2.686396474019e-03 3.069196827710e-03 3.114745253697e-03 3.079983638600e-03 2.994922688231e-03 2.994576236233e-03 3.132873447612e-03 3.260459983721e-03 5.304855294526e-03 1.720899529755e-02 1.992025598884e-02 7.440649904311e-03 3.876427188516e-03 3.884402802214e-03 3.627851139754e-03 3.919293172657e-03 3.905149176717e-03 4.416812676936e-03 5.594396963716e-03 6.798210553825e-03 7.260438520461e-03 5.074348300695e-03 3.190035931766e-03 3.672524122521e-03 5.605422426015e-03 8.472201414406e-03 9.082904085517e-03 9.186670184135e-03 5.839432589710e-03 3.527767024934e-03 3.201397135854e-03 3.066209610552e-03 3.663545474410e-03 4.324981011450e-03 4.476604983211e-03 4.602099768817e-03 4.799655172974e-03 4.841652698815e-03 5.224811378866e-03 6.304902955890e-03 8.623713627458e-03 9.932100772858e-03
2.194084459916e-03 3.607894061133e-03 4.175193607807e-03 6.111156661063e-03 7.804087363183e-03 9.857997298241e-03 1.291589997709e-02 1.874604821205e-02 3.426366671920e-02 4.829819872975e-02 3.209950402379e-02 8.170587010682e-03 5.501076113433e-03 4.810823593289e-03 3.496492747217e-03 3.695006482303e-03 3.910303115845e-03 3.854756709188e-03 3.641329007223e-03 3.891543252394e-03 6.556749343872e-03 7.430352270603e-03 5.267933476716e-03 3.026816062629e-03 2.372573595494e-03 3.660285845399e-03 5.192573647946e-03 5.351193714887e-03 5.601068492979e-03 4.550872836262e-03 3.176340134814e-03 3.343862714246e-03 3.164455061778e-03 3.550782101229e-03 4.284946713597e-03 4.440566059202e-03 4.231826402247e-03 3.882280318066e-03 3.584798891097e-03 4.011557437479e-03 5.113549530506e-03 6.563084200025e-03 8.653126657009e-03
2.143462887034e-03 4.045396577567e-03 6.991771049798e-03 9.906005114317e-03 1.246352307498e-02 1.642359234393e-02 2.377361990511e-02 3.533812612295e-02 3.541909158230e-02 1.636018604040e-02 3.926167730242e-03 4.578654188663e-03 4.980925936252e-03 4.426442086697e-03 3.992293495685e-03 4.193880129606e-03 4.207451827824e-03 4.043518099934e-03 3.114004852250e-03 3.042646218091e-03 4.720980767161e-03 5.267081782222e-03 3.907662816346e-03 2.443206729367e-03 1.876144786365e-03 2.026367699727e-03 2.716954331845e-03 3.360036294907e-03 3.964412957430e-03 3.415446029976e-03 3.124098759145e-03 2.922517713159e-03 3.118578111753e-03 3.453725948930e-03 4.144823178649e-03 4.248657729477e-03 3.845651634037e-03 3.294043010101e-03 3.022887511179e-03 3.359092399478e-03 4.952778108418e-03 6.243766285479e-03 7.916193455458e-03
1.297639100812e-03 2.262231661007e-03 2.766062039882e-03 2.911711344495e-03 2.916620345786e-03 2.903137588874e-03 2.876949496567e-03 2.814446343109e-03 2.759399358183e-03 2.697180723771e-03 2.529623918235e-03 2.659460529685e-03 2.933197189122e-03 3.752805758268e-03 4.223349038512e-03 4.415633622557e-03 4.253719002008e-03 3.778005950153e-03 2.793550258502e-03 2.198485890403e-03 2.642452483997e-03 2.741834148765e-03 2.162327989936e-03 1.602076925337e-03 1.410192460753e-03 1.550652319565e-03 1.990125048906e-03 2.392692258582e-03 2.840413479134e-03 3.057591617107e-03 2.893417375162e-03 2.585021546111e-03 2.998768351972e-03 3.629962913692e-03 4.333093762398e-03 4.193197004497e-03 3.483289852738e-03 2.762996125966e-03 3.063582116738e-03 3.429743926972e-03 5.129086319357e-03 6.366841495037e-03 7.459521759301e-03
6.086868816055e-04 1.134647056460e-03 1.471829134971e-03 1.625795965083e-03 1.685574417934e-03 1.734450226650e-03 1.781134749763e-03 1.815328025259e-03 1.868822844699e-03 1.922307536006e-03 1.883209566586e-03 1.769976573996e-03 1.813548849896e-03 2.408724743873e-03 2.836098894477e-03 2.988247433677e-03 2.721059834585e-03 2.423175377771e-03 2.048948546872e-03 1.719178166240e-03 1.408582902513e-03 1.314189285040e-03 1.084088115022e-03 1.206791261211e-03 1.423354144208e-03 1.496882643551e-03 1.651143422350e-03 1.989308046177e-03 2.404380356893e-03 2.630136674270e-03 2.590986434370e-03 2.446124562994e-03 2.996361581609e-03 4.023647867143e-03 4.676075186580e-03 4.221344366670e-03 3.166240639985e-03 2.717398805544e-03 3.140169894323e-03 3.712680190802e-03 4.984911996871e-03 5.576441995800e-03 6.430883891881e-03
4.197219677735e-04 7.069600396790e-04 8.780656498857e-04 9.970244718716e-04 1.072778715752e-03 1.138852094300e-03 1.202219165862e-03 1.255105598830e-03 1.318293972872e-03 1.382950227708e-03 1.391380792484e-03 1.346516073681e-03 1.295108231716e-03 1.249022549018e-03 1.262463047169e-03 1.431781449355e-03 1.509911147878e-03 1.489407150075e-03 1.366559648886e-03 1.303543685935e-03 1.121085253544e-03 1.051569939591e-03 9.292972390540e-04 1.229177811183e-03 1.515026437119e-03 1.659463043325e-03 1.649817451835e-03 1.629294478334e-03 1.985871000215e-03 2.208340447396e-03 2.261340152472e-03 2.247388707474e-03 3.044372890145e-03 4.260418470949e-03 4.701023455709e-03 3.923347685486e-03 2.773234155029e-03 2.732882043347e-03 3.283981233835e-03 3.687905380502e-03 4.267341457307e-03 4.909363575280e-03 5.040860269219e-03
3.394721425138e-04 5.782843800262e-04 7.290942594409e-04 8.018904482014e-04 8.537194225937e-04 8.976296521723e-04 9.298564400524e-04 9.358679526486e-04 9.655840694904e-04 1.002654200420e-03 1.010489533655e-03 9.935798589140e-04 9.766434086487e-04 9.542339830659e-04 9.929287480190e-04 1.140835229307e-03 1.212565344758e-03 1.196337747388e-03 1.106190029532e-03 1.033773180097e-03 1.089201541618e-03 1.057240297087e-03 9.234137251042e-04 1.227207249030e-03 1.548149972223e-03 1.744292327203e-03 1.767117646523e-03 1.710960641503e-03 1.748275361024e-03 1.915698288940e-03 1.994778867811e-03 2.103481441736e-03 3.030638443306e-03 4.171079955995e-03 4.294572398067e-03 3.377357032150e-03 2.567206043750e-03 2.823372837156e-03 3.440220607445e-03 3.634279360995e-03 3.783741500229e-03 4.091064445674e-03 3.756517544389e-03
3.261967503931e-04 5.225757486187e-04 6.630425923504e-04 7.279263809323e-04 7.558263023384e-04 7.796863792464e-04 7.880387711339e-04 7.757460698485e-04 7.791885291226e-04 7.889336557128e-04 7.965447730385e-04 8.267279481515e-04 8.505203877576e-04 8.697645389475e-04 8.926251321100e-04 9.267204441130e-04 9.907722705975e-04 1.004734425806e-03 1.014211680740e-03 9.720064117573e-04 1.000667572953e-03 1.045551267453e-03 9.280540398322e-04 1.162819680758e-03 1.469092210755e-03 1.672878628597e-03 1.708319643512e-03 1.667164848186e-03 1.758225960657e-03 1.808844157495e-03 1.842618803494e-03 1.968161901459e-03 2.845349023119e-03 3.747662762180e-03 3.640349488705e-03 2.904591616243e-03 2.514820778742e-03 3.027793020010e-03 3.484032815322e-03 3.400576533750e-03 3.292892128229e-03 3.319239011034e-03 3.060550196096e-03
3.056290152017e-04 4.851976409554e-04 6.089117377996e-04 6.638198392466e-04 6.872222875245e-04 7.043606601655e-04 7.060468196869e-04 6.904431502335e-04 6.924052140675e-04 7.445559604093e-04 7.894041482359e-04 8.297737222165e-04 8.654328412376e-04 8.953368524089e-04 9.223984670825e-04 9.485743939877e-04 9.678696515039e-04 9.707541321404e-04 9.513378026895e-04 9.243497624993e-04 9.264526888728e-04 1.009163097478e-03 9.537701262161e-04 1.055304077454e-03 1.314882305451e-03 1.495272968896e-03 1.725025242195e-03 1.882471842691e-03 1.889021368697e-03 1.827504253015e-03 1.786502776667e-03 1.836167066358e-03 2.503488911316e-03 3.125475486740e-03 2.993238391355e-03 2.592881442979e-03 2.716709161177e-03 3.081812057644e-03 3.295724978670e-03 2.989658853039e-03 2.759888302535e-03 2.622230211273e-03 2.618883736432e-03
2.819430374075e-04 4.468410334084e-04 5.598599673249e-04 6.122331251390e-04 6.342455162667e-04 6.435615941882e-04 6.385908927768e-04 6.460914737545e-04 6.494782865047e-04 7.048117695376e-04 7.548434659839e-04 8.016807259992e-04 8.446605061181e-04 8.806184632704e-04 9.084185003303e-04 9.263947722502e-04 9.285294800065e-04 1.002789707854e-03 1.024046912789e-03 9.505308698863e-04 8.666877401993e-04 9.262642124668e-04 9.450909565203e-04 9.488379582763e-04 1.157363294624e-03 1.306987134740e-03 1.573784276843e-03 1.828226144426e-03 1.888004131615e-03 1.825704006478e-03 1.751259667799e-03 1.733169076033e-03 2.000238513574e-03 2.427324187011e-03 2.382484730333e-03 2.201583003625e-03 2.349955961108e-03 2.611917909235e-03 2.701436867937e-03 2.350802998990e-03 2.164121950045e-03 2.006390132010e-03 1.973947510123e-03
2.619886654429e-04 4.158999072388e-04 5.231911200099e-04 5.753104342148e-04 5.942878196947e-04 5.952835199423e-04 5.855682538822e-04 5.990891368128e-04 6.210823194124e-04 6.431377842091e-04 6.863841554150e-04 7.349801016971e-04 7.799320737831e-04 8.177455747500e-04 8.450403111055e-04 8.799796923995e-04 9.650026913732e-04 1.086176955141e-03 1.139863627031e-03 1.109160948545e-03 1.015423214994e-03 9.034843533300e-04 9.293137700297e-04 9.409181075171e-04 1.031354768202e-03 1.151550910436e-03 1.186746056192e-03 1.423373818398e-03 1.610280130990e-03 1.666961587034e-03 1.646528835408e-03 1.671912963502e-03 1.723089371808e-03 1.780520542525e-03 1.768908230588e-03 1.710384269245e-03 1.804332248867e-03 2.104529878125e-03 2.238622866571e-03 1.838931697421e-03 1.640522852540e-03 1.464803121053e-03 1.614993670955e-03
2.475571818650e-04 3.941422037315e-04 4.977391217835e-04 5.471323966049e-04 5.602011806332e-04 5.555402603932e-04 5.457524093799e-04 5.434583872557e-04 5.724047077820e-04 5.949970800430e-04 6.002054433338e-04 6.438561249524e-04 6.872069207020e-04 7.243350264616e-04 7.564592524432e-04 8.401169907302e-04 9.819468250498e-04 1.120285596699e-03 1.214179093949e-03 1.242616097443e-03 1.208853791468e-03 1.137112267315e-03 1.050595194101e-03 9.709807927720e-04 9.341652039438e-04 1.029961393215e-03 1.052315114066e-03 1.008189166896e-03 1.228206790984e-03 1.408953452483e-03 1.528289169073e-03 1.616327208467e-03 1.669876044616e-03 1.616457826458e-03 1.449253410101e-03 1.415374921635e-03 1.591496285982e-03 1.996636157855e-03 2.312891185284e-03 2.076192758977e-03 1.527826767415e-03 1.367453602143e-03 1.553538138978e-03
2.423383411951e-04 3.852246154565e-04 4.846633819398e-04 5.282792262733e-04 5.350718274713e-04 5.273440037854e-04 5.232815747149e-04 5.303861689754e-04 5.270862602629e-04 5.358836497180e-04 5.511562339962e-04 6.053928518668e-04 6.658426136710e-04 7.285705651157e-04 7.841356564313e-04 8.594429818913e-04 9.990640683100e-04 1.140547799878e-03 1.267968327738e-03 1.347045646980e-03 1.360867172480e-03 1.327532925643e-03 1.270528533496e-03 1.212367787957e-03 1.178336329758e-03 1.156436279416e-03 1.114206505008e-03 1.050889375620e-03 1.215998316184e-03 1.363734481856e-03 1.474067103118e-03 1.574638648890e-03 1.627771183848e-03 1.520600868389e-03 1.446202979423e-03 1.487671281211e-03 1.603600918315e-03 1.929255435243e-03 2.227637451142e-03 2.019255189225e-03 1.559628755786e-03 1.362034352496e-03 1.549104694277e-03
2.464358694851e-04 3.897151909769e-04 4.859440377913e-04 5.241461913101e-04 5.263031343929e-04 5.154925747775e-04 5.152156809345e-04 5.196041893214e-04 5.310910637490e-04 5.340171046555e-04 5.671926774085e-04 6.241950322874e-04 6.799286929891e-04 7.330333464779e-04 7.760599837638e-04 8.852717583068e-04 1.043521682732e-03 1.193271484226e-03 1.338088419288e-03 1.443203887902e-03 1.477677142248e-03 1.455965684727e-03 1.402279944159e-03 1.335467444733e-03 1.280500902794e-03 1.225931569934e-03 1.134364632890e-03 1.038362388499e-03 1.191349350847e-03 1.320041716099e-03 1.430502161384e-03 1.536913565360e-03 1.572185778059e-03 1.445099012926e-03 1.466649584472e-03 1.511487062089e-03 1.639969181269e-03 1.870161737315e-03 2.012618118897e-03 1.768890069798e-03 1.447969116271e-03 1.264619058929e-03 1.437898376025e-03
2.528376644477e-04 3.986141528003e-04 4.933708696626e-04 5.283720092848e-04 5.277997115627e-04 5.260023172013e-04 5.483903223649e-04 5.640348535962e-04 5.729686236009e-04 5.744202062488e-04 5.694223800674e-04 5.999501445331e-04 6.590600823984e-04 7.374003180303e-04 7.627767627127e-04 8.678267477080e-04 1.068386132829e-03 1.241543563083e-03 1.378788379952e-03 1.465116394684e-03 1.484299078584e-03 1.444454886951e-03 1.369863166474e-03 1.282435725443e-03 1.200449652970e-03 1.117815030739e-03 1.000944874249e-03 1.037363312207e-03 1.168815302663e-03 1.284792320803e-03 1.390338176861e-03 1.478322781622e-03 1.478822086938e-03 1.362585928291e-03 1.496509299614e-03 1.875641988590e-03 1.775759272277e-03 1.851989072748e-03 1.783853047527e-03 1.509263762273e-03 1.310506719165e-03 1.150241587311e-03 1.304765697569e-03
2.493303618394e-04 3.918063885067e-04 4.820960166398e-04 5.144129972905e-04 5.136199761182e-04 5.281782359816e-04 5.426718853414e-04 5.497910897247e-04 5.516969831660e-04 5.484777502716e-04 5.459291860461e-04 6.127192755230e-04 7.130255107768e-04 7.985456613824e-04 8.241503383033e-04 8.063540444709e-04 1.021887292154e-03 1.199049991556e-03 1.298874383792e-03 1.333791995421e-03 1.314941677265e-03 1.243565464392e-03 1.148671377450e-03 1.066437806003e-03 9.998335735872e-04 9.281387319788e-04 9.279447258450e-04 1.029014820233e-03 1.145222224295e-03 1.249471912161e-03 1.340349437669e-03 1.390708959661e-03 1.352051272988e-03 1.306921243668e-03 1.558578107506e-03 1.671953243203e-03 1.696642721072e-03 1.860718359239e-03 1.804143888876e-03 1.479492289945e-03 1.274076290429e-03 1.171158393845e-03 1.266617793590e-03
2.283418143634e-04 3.565372608136e-04 4.361007304396e-04 4.641810082830e-04 4.897672333755e-04 5.110662896186e-04 5.018661613576e-04 4.842875059694e-04 4.786965728272e-04 5.094591761008e-04 5.562992882915e-04 6.431696237996e-04 7.602915284224e-04 8.488983730786e-04 8.736823801883e-04 8.592013618909e-04 9.356703376397e-04 1.086326781660e-03 1.142624067143e-03 1.129827462137e-03 1.073312363587e-03 9.738157386892e-04 9.330988395959e-04 1.104578841478e-03 1.119807362556e-03 1.073092804290e-03 1.050882041454e-03 1.054602675140e-03 1.113614533097e-03 1.204294385388e-03 1.267578685656e-03 1.269567874260e-03 1.192432944663e-03 1.207280554809e-03 1.418341649696e-03 2.006424590945e-03 1.732127158903e-03 2.428081352264e-03 2.154691377655e-03 1.810424495488e-03 1.534709939733e-03 1.263538142666e-03 1.426246482879e-03
2.351215225644e-04 3.465798799880e-04 4.253141523805e-04 4.914415767416e-04 5.414697807282e-04 5.532833747566e-04 5.371933220886e-04 5.068756290711e-04 4.715432878584e-04 5.144688766450e-04 5.701818736270e-04 6.755490321666e-04 8.051734766923e-04 8.954415097833e-04 9.198500774801e-04 9.055670816451e-04 8.590135257691e-04 9.892514208332e-04 1.027195015922e-03 1.084642834030e-03 1.474584685639e-03 1.352716470137e-03 1.013207598589e-03 1.152284326963e-03 1.118358341046e-03 1.029904349707e-03 9.777632076293e-04 9.824064327404e-04 1.075554173440e-03 1.145466929302e-03 1.169745926745e-03 1.124060363509e-03 1.022141426802e-03 1.084816060029e-03 1.202551182359e-03 1.783627434634e-03 2.238275250420e-03 3.527511144057e-03 3.262486308813e-03 2.145489444956e-03 1.633850275539e-03 1.505362801254e-03 1.858884468675e-03
