100/SI/f3.grd
DSAA
101	101
32.816463539100	34.260883539100
35.556306596100	36.727886596100
2.349378701183e-05	3.825677156448e+00
[rows 38 to 56 of 101, columns 43 to 85 of 101]
2.337671667337e-01 3.628584742546e-01 3.882413506508e-01 2.300819307566e-01 3.858700096607e-01 1.894631832838e-01 1.949166506529e-01 2.615839838982e-01 2.244192212820e-01 1.800161749125e-01 2.646732926369e-01 1.376263499260e-01 1.511235833168e-01 1.279274970293e-01 1.985843479633e-01 1.447063237429e-01 1.566567271948e-01 8.899023383856e-02 1.212125420570e-01 1.839694678783e-01 1.875175237656e-01 1.437604576349e-01 9.918302297592e-02 7.853726297617e-02 6.777422875166e-02 6.129931285977e-02 5.673168972135e-02 5.807439982891e-02 5.163820460439e-02 3.876851126552e-02 3.849365562201e-02 4.557862877846e-02 5.210179835558e-02 5.358892306685e-02 5.435656383634e-02 5.448099598289e-02 5.366443097591e-02 4.957896098495e-02 4.404349997640e-02 3.927082940936e-02 3.540127724409e-02 3.558354452252e-02 3.006527386606e-02
2.338041216135e-01 4.812466502190e-01 3.109729588032e-01 4.340696334839e-01 3.123216927052e-01 4.410313069820e-01 3.713203072548e-01 2.296382039785e-01 2.333564162254e-01 1.875520348549e-01 3.003335893154e-01 1.944321244955e-01 1.264659613371e-01 1.449547559023e-01 2.636956572533e-01 1.572531163692e-01 1.797659546137e-01 2.809125483036e-01 2.518566548824e-01 1.707174926996e-01 1.153153255582e-01 7.840113341808e-02 7.159047573805e-02 6.462465226650e-02 6.507656723261e-02 6.220553070307e-02 5.453591793776e-02 4.758222028613e-02 4.294198006392e-02 4.296591132879e-02 4.718234762549e-02 4.433107748628e-02 3.639669343829e-02 3.073675930500e-02 2.970961295068e-02 2.563382498920e-02 2.751263603568e-02 3.022953495383e-02 3.326921910048e-02 3.683625534177e-02 3.989861905575e-02 5.247564986348e-02 5.409500747919e-02
3.440744578838e-01 2.407407462597e-01 4.234474301338e-01 3.355136215687e-01 3.569559752941e-01 4.647068381310e-01 2.836354672909e-01 2.577821314335e-01 1.842876076698e-01 1.910852938890e-01 3.212927877903e-01 1.742984652519e-01 1.786679327488e-01 1.753586083651e-01 2.136869281530e-01 3.451825380325e-01 2.355406433344e-01 1.223307847977e-01 1.144503727555e-01 7.586565613747e-02 5.754298344254e-02 8.301611989737e-02 1.089946702123e-01 9.815058112144e-02 7.068740576506e-02 6.157208606601e-02 6.020646542311e-02 5.552449822426e-02 4.796904698014e-02 4.460883513093e-02 4.197711497545e-02 4.253386706114e-02 4.070178419352e-02 3.784998878837e-02 3.687848150730e-02 3.876569494605e-02 3.825106099248e-02 3.473130986094e-02 4.632523283362e-02 6.312326341867e-02 5.182896181941e-02 3.915918990970e-02 3.384810313582e-02
3.796347677708e-01 3.496542274952e-01 5.520591735840e-01 4.616977274418e-01 4.367773234844e-01 4.812389910221e-01 4.535703063011e-01 2.502617835999e-01 2.821439504623e-01 2.675577402115e-01 3.164874613285e-01 2.476434856653e-01 2.300586700439e-01 3.912192881107e-01 2.522516250610e-01 1.869260966778e-01 1.589263528585e-01 1.287140995264e-01 9.480540454388e-02 1.539238989353e-01 1.657947003841e-01 8.707751333714e-02 1.365798711777e-01 1.038633957505e-01 9.349782019854e-02 8.246646821499e-02 7.283991575241e-02 6.514240801334e-02 5.868269130588e-02 5.646524578333e-02 1.057358235121e-01 4.496715217829e-02 4.273791983724e-02 4.047712683678e-02 5.122338980436e-02 6.395590305328e-02 5.863521248102e-02 6.704666465521e-02 5.789756774902e-02 6.340554356575e-02 6.390786916018e-02 6.243679299951e-02 5.726522207260e-02
3.622772693634e-01 5.018994212151e-01 4.329840242863e-01 4.297758340836e-01 3.994167149067e-01 5.050716400146e-01 7.974032759666e-01 3.448381721973e-01 4.020566642284e-01 4.008293449879e-01 3.651290237904e-01 3.675112724304e-01 4.174643754959e-01 2.382938265800e-01 2.580832839012e-01 1.458290517330e-01 1.976684480906e-01 2.643246948719e-01 2.079890966415e-01 1.983260512352e-01 2.062523812056e-01 1.390225440264e-01 8.601654320955e-02 8.349456638098e-02 7.743991911411e-02 7.265775650740e-02 8.850955218077e-02 1.530845165253e-01 1.838364005089e-01 1.631564199924e-01 8.058765530586e-02 5.832143500447e-02 5.538745969534e-02 5.995883047581e-02 7.546404749155e-02 7.734000682831e-02 6.996431946754e-02 6.263325363398e-02 4.745587334037e-02 5.896380171180e-02 7.036650180817e-02 7.020234316587e-02 6.747321039438e-02
4.292962849140e-01 6.231065392494e-01 1.030212044716e+00 6.303393840790e-01 1.017304778099e+00 5.232869982719e-01 1.248507618904e+00 3.587756156921e-01 6.986834406853e-01 5.007196664810e-01 4.376128613949e-01 4.282200038433e-01 2.428588122129e-01 2.958891391754e-01 3.352955579758e-01 3.276515901089e-01 2.028361558914e-01 1.201812773943e-01 2.581216990948e-01 2.232608348131e-01 1.223896816373e-01 1.117855086923e-01 1.055814623833e-01 1.922350823879e-01 2.364448010921e-01 2.090249359608e-01 1.376731842756e-01 9.911141544580e-02 1.077401414514e-01 6.818299740553e-02 5.469692870975e-02 8.206479251385e-02 1.020224541426e-01 9.151716530323e-02 8.068854361773e-02 1.093106195331e-01 1.294617503881e-01 1.157650798559e-01 8.300599455833e-02 6.140103936195e-02 7.669348269701e-02 8.420371264219e-02 8.876695483923e-02
5.288443565369e-01 6.670062541962e-01 7.855058312416e-01 1.043944954872e+00 8.726096749306e-01 8.857036232948e-01 1.464157581329e+00 5.821621417999e-01 6.759254932404e-01 5.324113368988e-01 5.365582108498e-01 3.105206787586e-01 3.356343209743e-01 4.192522764206e-01 3.273259699345e-01 2.337459027767e-01 3.373712301254e-01 3.133669793606e-01 2.475043237209e-01 3.132434189320e-01 3.171679973602e-01 2.750957310200e-01 1.968925744295e-01 1.078342795372e-01 1.184204071760e-01 1.068726852536e-01 8.481252193451e-02 8.754123747349e-02 9.451185911894e-02 1.015814617276e-01 9.891707450151e-02 8.439327776432e-02 8.107032626867e-02 6.807737052441e-02 1.244466230273e-01 1.520611494780e-01 1.425749361515e-01 1.050246357918e-01 6.362469494343e-02 3.889092803001e-02 5.416867882013e-02 6.216151639819e-02 5.721314623952e-02
5.019231438637e-01 7.378002405167e-01 8.744299411774e-01 8.332417607307e-01 1.240263342857e+00 9.283390045166e-01 1.491607189178e+00 8.219998478889e-01 7.038147449493e-01 7.807860374451e-01 5.970979332924e-01 3.934677839279e-01 3.902909755707e-01 4.171769022942e-01 2.409059256315e-01 3.561617434025e-01 4.596034586430e-01 3.174902498722e-01 1.886130124331e-01 1.871579438448e-01 1.649104058743e-01 1.278029084206e-01 1.231817901134e-01 1.362442076206e-01 1.363081187010e-01 1.204089596868e-01 1.042808666825e-01 1.016945540905e-01 8.478653430939e-02 9.331898391247e-02 8.934494853020e-02 8.152709901333e-02 5.658968910575e-02 1.037498190999e-01 1.237508803606e-01 1.173357814550e-01 8.196158707142e-02 4.408227279782e-02 6.064508482814e-02 5.706030875444e-02 4.271421208978e-02 4.110057651997e-02 4.443635791540e-02
7.436533570290e-01 1.040085434914e+00 1.062342524529e+00 1.157763957977e+00 1.258386254311e+00 1.584300160408e+00 1.494561314583e+00 2.904157638550e+00 1.070255160332e+00 6.775533556938e-01 6.293276548386e-01 5.614169836044e-01 4.765692949295e-01 7.275943756104e-01 6.348648667336e-01 3.714301884174e-01 3.436381220818e-01 3.569060564041e-01 2.614540457726e-01 2.309096157551e-01 2.288089692593e-01 2.176851630211e-01 2.336797863245e-01 1.743385344744e-01 2.241227626801e-01 1.983525156975e-01 1.245238110423e-01 1.134022995830e-01 1.149031594396e-01 1.072976887226e-01 9.164223819971e-02 8.852288872004e-02 9.233985841274e-02 1.062672659755e-01 9.880952537060e-02 7.583387196064e-02 5.780567228794e-02 5.238972604275e-02 5.107502639294e-02 5.053121596575e-02 4.941047355533e-02 4.760901629925e-02 4.621386528015e-02
4.723057150841e-01 1.375073909760e+00 9.503306746483e-01 1.186970710754e+00 1.875373959541e+00 1.501090884209e+00 1.781276822090e+00 2.121783733368e+00 1.045069336891e+00 9.881315827370e-01 1.257202386856e+00 7.992939352989e-01 9.916092157364e-01 7.704929709435e-01 6.448693275452e-01 5.624768137932e-01 4.781654775143e-01 4.138088822365e-01 3.652172684669e-01 5.130402445793e-01 6.002243161201e-01 2.506422400475e-01 1.634224355221e-01 1.661813259125e-01 2.333321869373e-01 1.463238596916e-01 1.265136003494e-01 1.200411096215e-01 1.108332946897e-01 1.054832637310e-01 1.013237982988e-01 1.048428937793e-01 1.109724715352e-01 9.488996118307e-02 7.263608276844e-02 6.775544583797e-02 6.418716907501e-02 5.279719457030e-02 5.224196240306e-02 5.258307978511e-02 4.853158071637e-02 4.973403736949e-02 5.224951729178e-02
1.270228505135e+00 1.487379074097e+00 1.699294805527e+00 1.792319178581e+00 2.080715179443e+00 2.880741119385e+00 3.825677156448e+00 1.765667557716e+00 1.424311161041e+00 9.960026144981e-01 1.416356921196e+00 1.411106705666e+00 5.334871411324e-01 8.514284491539e-01 9.338072538376e-01 4.631096422672e-01 4.278598427773e-01 4.536409080029e-01 5.008392930031e-01 5.909237861633e-01 4.566466510296e-01 1.936991065741e-01 2.206535190344e-01 1.800442337990e-01 1.685125529766e-01 1.440689861774e-01 1.401297450066e-01 1.391033977270e-01 1.156122088432e-01 8.029276132584e-02 7.180662453175e-02 7.869768887758e-02 8.355160802603e-02 8.585304021835e-02 8.422188460827e-02 8.066491782665e-02 7.192682474852e-02 7.370067387819e-02 8.219525963068e-02 8.421439677477e-02 7.544103264809e-02 6.550236791372e-02 5.718316882849e-02
8.477059006691e-01 1.510487318039e+00 1.558933138847e+00 1.977428913116e+00 1.967227578163e+00 1.944911122322e+00 1.909515976906e+00 1.574949741364e+00 1.103446006775e+00 1.254293918610e+00 1.205176353455e+00 1.271463274956e+00 1.538404583931e+00 6.832007765770e-01 5.701212882996e-01 3.541421294212e-01 3.228944838047e-01 2.281620204449e-01 2.102516591549e-01 1.793306171894e-01 1.537748873234e-01 1.742218285799e-01 2.147799879313e-01 2.471895813942e-01 2.530795335770e-01 2.222363799810e-01 1.783887892962e-01 1.236827895045e-01 8.667363971472e-02 7.147875428200e-02 5.744598060846e-02 6.467580795288e-02 8.413135260344e-02 5.747258290648e-02 6.380280107260e-02 6.973033398390e-02 5.574642121792e-02 6.807085871696e-02 8.047365397215e-02 8.528900891542e-02 9.682620316744e-02 1.216841861606e-01 1.382039487362e-01
3.342059254646e-01 4.563179910183e-01 7.181822061539e-01 3.397666215897e+00 1.876293540001e+00 1.787626504898e+00 9.958600997925e-01 1.025480389595e+00 9.463529586792e-01 1.508258461952e+00 1.404752373695e+00 1.988493323326e+00 2.878473758698e+00 2.113236665726e+00 1.377689123154e+00 6.352593302727e-01 2.996079623699e-01 2.138879746199e-01 1.941731423140e-01 2.602167129517e-01 3.387077152729e-01 3.136520981789e-01 2.315576225519e-01 1.488794088364e-01 1.636610925198e-01 1.549368947744e-01 2.224119305611e-01 3.320421278477e-01 1.542677581310e-01 8.064340800047e-02 7.465386390686e-02 1.225735545158e-01 8.190616220236e-02 5.038765817881e-02 4.412241280079e-02 4.583937674761e-02 4.601218178868e-02 4.736701399088e-02 4.822881519794e-02 4.820910841227e-02 4.829734936357e-02 5.345103144646e-02 4.666183516383e-02
6.052100658417e-02 1.533071398735e-01 3.713902831078e-01 4.857265949249e-01 4.941689670086e-01 4.855572879314e-01 3.767690360546e-01 5.137664675713e-01 5.219160914421e-01 8.192992806435e-01 1.657415032387e+00 1.872245788574e+00 2.572693109512e+00 1.502283573151e+00 1.067735433578e+00 6.055981516838e-01 2.770248353481e-01 1.456376612186e-01 1.529957801104e-01 3.387318253517e-01 1.080102562904e+00 4.526273608208e-01 3.871428966522e-01 2.858853638172e-01 2.914876341820e-01 2.504307627678e-01 2.713500559330e-01 1.903353035450e-01 9.370031952858e-02 1.236161515117e-01 1.041740104556e-01 1.053771749139e-01 6.395876407623e-02 5.801551789045e-02 4.048214480281e-02 3.709490597248e-02 3.857551142573e-02 3.852628171444e-02 4.162234067917e-02 3.838532790542e-02 4.996883496642e-02 5.870546400547e-02 5.678781867027e-02
4.252152144909e-02 7.933302223682e-02 2.362669557333e-01 1.396254152060e-01 1.175683587790e-01 9.589107334614e-02 1.455468088388e-01 2.403008192778e-01 2.509196996689e-01 2.671906054020e-01 7.568766474724e-01 3.763360738754e+00 2.958355903625e+00 1.334795951843e+00 6.177687048912e-01 1.764956116676e-01 1.058153212070e-01 6.966004520655e-02 8.656398952007e-02 2.211740463972e-01 5.072411894798e-01 8.839479088783e-01 4.429565966129e-01 3.372178375721e-01 2.661724984646e-01 1.998699456453e-01 2.121797949076e-01 1.978870779276e-01 1.737595200539e-01 1.566407829523e-01 1.910617798567e-01 8.176320791245e-02 7.586296647787e-02 6.123963370919e-02 6.258916109800e-02 5.834396928549e-02 4.882189258933e-02 4.187694564462e-02 4.776033759117e-02 5.514017120004e-02 6.460696458817e-02 6.362085044384e-02 5.426623672247e-02
2.858353592455e-02 1.169250831008e-01 2.758608460426e-01 2.237324714661e-01 5.001356452703e-02 5.856887996197e-02 5.602921545506e-02 1.136720553041e-01 1.240291595459e-01 2.593963146210e-01 4.421331584454e-01 1.037980914116e+00 2.197923183441e+00 1.497833967209e+00 2.022132873535e+00 4.888786077499e-01 6.000635400414e-02 3.782645240426e-02 5.963402613997e-02 1.983585357666e-01 6.096399426460e-01 9.458864927292e-01 7.221323251724e-01 4.918366074562e-01 3.419080972672e-01 2.152533233166e-01 2.442424595356e-01 1.810640841722e-01 1.747331917286e-01 1.739186197519e-01 1.445185095072e-01 1.153067052364e-01 8.123917877674e-02 8.653869479895e-02 7.756661623716e-02 6.199096143246e-02 5.509150400758e-02 5.111398920417e-02 4.727130383253e-02 5.520842969418e-02 6.058255583048e-02 5.893125012517e-02 5.222591385245e-02
2.428382635117e-02 5.968601256609e-02 4.068874716759e-01 4.871484935284e-01 2.549007236958e-01 3.952448442578e-02 3.009403124452e-02 5.672186985612e-02 5.667063221335e-02 4.596847668290e-02 3.885902091861e-02 1.687126308680e-01 7.432371377945e-01 4.483090341091e-01 2.498123168945e+00 3.041008114815e-01 1.736921519041e-01 6.718791276217e-02 5.286720395088e-02 1.711256355047e-01 3.365316987038e-01 2.976600885391e+00 9.229899048805e-01 4.016226530075e-01 4.070283174515e-01 2.146816551685e-01 2.302584946156e-01 1.976057142019e-01 2.819059193134e-01 2.166429013014e-01 1.242863908410e-01 1.230846345425e-01 1.148767396808e-01 1.094746962190e-01 1.075360700488e-01 8.575454354286e-02 8.441227674484e-02 9.341995418072e-02 6.037101522088e-02 4.627573490143e-02 4.568613320589e-02 4.514364525676e-02 5.254665762186e-02
1.551535911858e-02 2.678912505507e-02 3.352399542928e-02 1.895506680012e-01 1.168952211738e-01 2.819484844804e-02 2.404445782304e-02 2.830024622381e-02 2.655467949808e-02 2.544960007071e-02 1.838941313326e-02 2.057883329690e-02 6.337802857161e-02 4.152221977711e-01 1.149635195732e+00 2.766558229923e-01 2.336951643229e-01 1.093266308308e-01 6.265169382095e-02 1.231002062559e-01 1.432286053896e-01 1.962558031082e-01 1.789230108261e-01 1.355483233929e-01 1.998900175095e-01 3.324472010136e-01 2.932767570019e-01 2.930899858475e-01 1.870429217815e-01 2.455445379019e-01 2.561577260494e-01 2.233366519213e-01 1.365813016891e-01 1.131087392569e-01 1.081666499376e-01 9.445785731077e-02 8.074552565813e-02 8.182286471128e-02 7.936620712280e-02 5.254194140434e-02 4.323581606150e-02 4.455760121346e-02 4.844984039664e-02
1.708114147186e-02 2.729689143598e-02 1.794915273786e-02 2.015013061464e-02 2.047734521329e-02 2.410375699401e-02 2.229482494295e-02 2.107450924814e-02 1.949500478804e-02 1.471577584743e-02 1.026182621717e-02 8.725538849831e-03 1.457705069333e-02 4.223046898842e-01 6.410120129585e-01 7.137017250061e-01 1.907000094652e-01 2.101802974939e-01 1.883786320686e-01 7.330590486526e-02 7.928618043661e-02 1.493196934462e-01 4.088131487370e-01 3.780466318130e-01 4.929659366608e-01 4.961867034435e-01 4.652405381203e-01 4.397556185722e-01 4.172123372555e-01 3.984189033508e-01 4.243730604649e-01 5.200172066689e-01 4.445820450783e-01 1.821949481964e-01 7.440071552992e-02 8.743073046207e-02 9.570764750242e-02 6.611575186253e-02 6.512901932001e-02 4.606209322810e-02 4.538752511144e-02 3.376512229443e-02 3.798185661435e-02
