100/SI/f3.grd
DSAA
101	101
32.816463539100	34.260883539100
35.556306596100	36.727886596100
2.349378701183e-05	3.825677156448e+00
[rows 57 to 75 of 101, columns 43 to 85 of 101]
1.616757549345e-02 1.928488165140e-02 9.748004376888e-03 1.081433519721e-02 1.069845817983e-02 1.723377592862e-02 1.952442526817e-02 2.644410915673e-02 2.320838160813e-02 1.257644407451e-02 8.648610673845e-03 7.271948270500e-03 5.383942741901e-03 9.669451974332e-03 3.972503170371e-02 1.332678496838e-01 2.994721233845e-01 2.884192466736e-01 4.427594542503e-01 1.403622478247e-01 4.003917425871e-02 3.100872226059e-02 5.587517097592e-02 9.922877699137e-02 1.699171364307e-01 1.540981233120e-01 1.676049977541e-01 1.364942044020e-01 1.783278286457e-01 1.638928949833e-01 1.731169670820e-01 1.290391683578e-01 1.343983411789e-01 1.885443031788e-01 1.170733720064e-01 7.351549714804e-02 8.585998415947e-02 1.211813092232e-01 1.518053710461e-01 1.097291558981e-01 4.571342468262e-02 3.991210088134e-02 3.859467059374e-02
1.292366627604e-02 2.436750009656e-02 7.880324497819e-03 8.389430120587e-03 8.308760821819e-03 1.249737013131e-02 2.458883449435e-02 7.927598804235e-02 6.317648291588e-02 1.362300664186e-02 7.990260608494e-03 5.474080797285e-03 4.207808524370e-03 4.165348131210e-03 8.284348994493e-03 7.949642837048e-02 9.308185428381e-02 9.777142852545e-02 8.091391623020e-02 8.138871937990e-02 5.827776715159e-02 4.438243433833e-02 3.431106358767e-02 2.052803523839e-02 5.308798700571e-02 1.061168834567e-01 1.847381144762e-01 1.885458528996e-01 2.054173499346e-01 1.131460145116e-01 1.491410732269e-01 1.361105889082e-01 1.166811287403e-01 1.025348529220e-01 1.042555794120e-01 7.860030978918e-02 7.703997939825e-02 9.281356632710e-02 9.134892374277e-02 8.381973206997e-02 8.709055930376e-02 9.137403964996e-02 8.556678146124e-02
1.072462741286e-02 1.033803168684e-02 7.177701219916e-03 7.637115195394e-03 7.763361558318e-03 1.138159353286e-02 3.486723080277e-02 1.073160842061e-01 9.168999642134e-02 1.997526735067e-02 8.252386003733e-03 4.680479411036e-03 3.324831603095e-03 3.020548727363e-03 3.098065033555e-03 3.873641369864e-03 5.384140182287e-03 7.338451687247e-03 9.520762600005e-03 1.183292362839e-02 1.409586705267e-02 1.616651751101e-02 1.088421326131e-02 1.095271017402e-02 2.602704614401e-02 1.210991293192e-01 2.087162286043e-01 2.367790937424e-01 2.272447347641e-01 2.294151782990e-01 1.514905840158e-01 1.313188821077e-01 1.115704476833e-01 1.014034301043e-01 1.424307823181e-01 1.227381676435e-01 1.017860099673e-01 6.372699886560e-02 6.863934546709e-02 5.773374065757e-02 5.083062872291e-02 4.823544248939e-02 4.218777269125e-02
9.889305569232e-03 8.900718763471e-03 6.949579808861e-03 7.744650822133e-03 8.808366954327e-03 1.156426873058e-02 1.168906986713e-01 9.338775277138e-02 1.113067194819e-01 1.541972346604e-02 7.239617872983e-03 4.512194544077e-03 3.010345157236e-03 2.442684723064e-03 2.334201708436e-03 2.461431547999e-03 3.013045759872e-03 3.970562014729e-03 5.780693143606e-03 6.665214430541e-03 7.674067281187e-03 1.536658499390e-02 7.903343997896e-03 7.277478929609e-03 2.221200056374e-02 5.014831945300e-02 1.785439550877e-01 1.962986588478e-01 2.092847228050e-01 2.234805077314e-01 1.855725347996e-01 1.439994722605e-01 9.999522566795e-02 1.284061819315e-01 8.936485648155e-02 7.865530997515e-02 6.523602455854e-02 5.395334959030e-02 5.074905976653e-02 4.987191408873e-02 5.306924507022e-02 7.505988329649e-02 1.046460270882e-01
8.378406055272e-03 6.526055745780e-03 6.830564700067e-03 8.219641633332e-03 1.344118267298e-02 2.184510417283e-02 6.578197330236e-02 1.455263644457e-01 5.463742464781e-02 8.611368015409e-03 5.272059701383e-03 3.845307044685e-03 2.748079830781e-03 2.063891151920e-03 1.887917285785e-03 1.891178544611e-03 2.058914164081e-03 2.755500841886e-03 3.793696872890e-03 4.338579718024e-03 4.510603379458e-03 9.391395375133e-03 5.610167980194e-03 6.117593497038e-03 1.367908343673e-02 4.675312340260e-02 1.266331374645e-01 1.722228676081e-01 1.771133542061e-01 1.349974721670e-01 1.045132353902e-01 1.490497440100e-01 1.019416749477e-01 7.215110212564e-02 7.991088926792e-02 1.008261516690e-01 9.128449112177e-02 6.473043560982e-02 6.048832461238e-02 5.899119377136e-02 5.719835683703e-02 6.321518868208e-02 7.865182310343e-02
6.081168539822e-03 5.019445903599e-03 6.277195643634e-03 1.502804458141e-02 3.680866584182e-02 8.346360921860e-02 1.174782514572e-01 7.310307025909e-02 7.639063987881e-03 5.226188804954e-03 3.743479494005e-03 3.081302857026e-03 2.404768019915e-03 1.966752344742e-03 1.730724005029e-03 1.803906518035e-03 1.887487480417e-03 2.280305372551e-03 3.290511434898e-03 4.048073664308e-03 4.299700260162e-03 4.559201188385e-03 4.581297747791e-03 6.831195205450e-03 1.661830954254e-02 4.352673515677e-02 5.348291993141e-02 5.397464334965e-02 1.026195511222e-01 1.195572093129e-01 1.393630206585e-01 8.919746428728e-02 1.154792234302e-01 8.458712697029e-02 9.438997507095e-02 1.116711944342e-01 2.231936156750e-01 1.407937407494e-01 8.285393565893e-02 6.812664121389e-02 7.012046128511e-02 6.894470751286e-02 6.662091612816e-02
3.927112091333e-03 4.113884642720e-03 5.199409555644e-03 6.569715682417e-03 1.541198790073e-02 9.360492974520e-02 5.965347960591e-02 7.784124929458e-03 4.545279312879e-03 3.997260704637e-03 3.349032951519e-03 2.831437392160e-03 2.218736335635e-03 1.892473665066e-03 1.685710041784e-03 1.860052114353e-03 1.932793878950e-03 1.887710997835e-03 2.707396633923e-03 3.454979974777e-03 3.903798060492e-03 3.882682882249e-03 4.871231969446e-03 7.914504036307e-03 2.469172328711e-02 4.897416010499e-02 2.902352437377e-02 3.782826662064e-02 3.524262830615e-02 1.836034953594e-01 2.670381367207e-01 1.436213552952e-01 7.904602587223e-02 1.082111001015e-01 4.267999529839e-02 4.491562023759e-02 1.670801043510e-01 8.044831454754e-02 6.560844182968e-02 5.026555806398e-02 5.168614163995e-02 5.766085535288e-02 6.216800585389e-02
3.310588886961e-03 3.596987342462e-03 4.212918225676e-03 5.328266881406e-03 6.054949481040e-03 8.401179686189e-03 9.289418347180e-03 6.330956704915e-03 3.289499785751e-03 3.394792787731e-03 2.976256655529e-03 2.720866585150e-03 2.228145254776e-03 1.801671111025e-03 1.842747791670e-03 1.879386953078e-03 2.010911703110e-03 1.997753977776e-03 2.280825749040e-03 2.929277485237e-03 3.486301749945e-03 3.703286871314e-03 3.923517651856e-03 6.507176905870e-03 1.827277056873e-02 1.126850862056e-02 1.091121323407e-02 1.794716343284e-02 4.023207351565e-02 7.983418554068e-02 8.359839022160e-02 1.057267338037e-01 1.718934923410e-01 9.054333716631e-02 8.624412864447e-02 6.679607927799e-02 6.871745735407e-02 5.823978409171e-02 3.098531067371e-02 3.863820061088e-02 3.773780539632e-02 4.094675555825e-02 5.144289880991e-02
2.597489627078e-03 2.933257725090e-03 3.491992829368e-03 4.281089175493e-03 4.603092093021e-03 5.127490498126e-03 5.427315365523e-03 3.390483558178e-03 2.891442272812e-03 3.003684338182e-03 2.800446236506e-03 2.428970066831e-03 2.026315778494e-03 1.817467738874e-03 1.799600431696e-03 2.062345854938e-03 2.035011304542e-03 1.749943476170e-03 2.015909645706e-03 2.559645101428e-03 3.030448919162e-03 3.546877764165e-03 5.041161086410e-03 5.269333254546e-03 5.348800681531e-03 7.467253133655e-03 7.303700782359e-03 1.790878176689e-02 2.490513399243e-02 3.363151475787e-02 6.966200470924e-02 1.228388175368e-01 9.051726758480e-02 1.689034253359e-01 1.057166829705e-01 5.942422151566e-02 4.931063205004e-02 4.483254998922e-02 5.406169220805e-02 5.083036422729e-02 6.331091374159e-02 6.253351271152e-02 7.261458784342e-02
2.398587530479e-03 2.376266522333e-03 2.674615941942e-03 3.033928107470e-03 3.270265879110e-03 3.229003166780e-03 3.085961565375e-03 2.969562308863e-03 3.212237497792e-03 3.175677731633e-03 2.959091681987e-03 2.578720916063e-03 2.109497552738e-03 1.863448531367e-03 1.684954506345e-03 1.656762440689e-03 1.869401894510e-03 1.895995694213e-03 1.909689395688e-03 2.305790083483e-03 2.671385183930e-03 3.169563133270e-03 4.850802943110e-03 5.448654294014e-03 5.879769567400e-03 1.217007637024e-02 1.674879714847e-02 2.154229767621e-02 3.025321848691e-02 3.282509744167e-02 7.153967767954e-02 1.359978765249e-01 6.417976319790e-02 6.831681728363e-02 1.235380843282e-01 1.049888804555e-01 7.076672464609e-02 6.006073579192e-02 7.552945613861e-02 3.881908953190e-02 5.143034085631e-02 6.320286542177e-02 7.539558410645e-02
1.970033394173e-03 2.237153472379e-03 2.349457237870e-03 2.380011370406e-03 2.665471052751e-03 2.862399443984e-03 3.083892632276e-03 2.737880684435e-03 2.636695047840e-03 2.721154829487e-03 2.924454631284e-03 2.911259885877e-03 2.505661454052e-03 2.118064090610e-03 2.008252777159e-03 1.810207730159e-03 1.559614553116e-03 1.735548255965e-03 1.965495524928e-03 2.173995831981e-03 2.388385124505e-03 2.739436225966e-03 4.129876382649e-03 4.030584823340e-03 4.441485740244e-03 1.102546975017e-02 2.358698472381e-02 3.183785453439e-02 4.481016844511e-02 2.355328574777e-02 6.934048980474e-02 3.466399013996e-02 3.723575174809e-02 4.284758865833e-02 6.828712671995e-02 7.490512728691e-02 9.975083917379e-02 9.119403362274e-02 6.579732894897e-02 5.635275691748e-02 4.306293278933e-02 4.640868678689e-02 3.774859383702e-02
1.933551975526e-03 2.137880772352e-03 2.127454848960e-03 2.169992774725e-03 2.318947343156e-03 2.571870572865e-03 2.783588832244e-03 2.486655954272e-03 1.948415650986e-03 2.080488717183e-03 2.257927786559e-03 2.659024670720e-03 2.760968403891e-03 2.293767407537e-03 2.157368464395e-03 2.606139518321e-03 2.310762880370e-03 1.883430290036e-03 2.051127376035e-03 2.136801369488e-03 2.608094364405e-03 2.895539626479e-03 3.241705708206e-03 3.970226738602e-03 4.607569891959e-03 8.033497259021e-03 1.698566414416e-02 2.021825313568e-02 2.778256312013e-02 1.573668234050e-02 3.338744118810e-02 2.539895847440e-02 4.219356924295e-02 2.588847279549e-02 5.106709897518e-02 3.828829899430e-02 6.085840240121e-02 7.451226562262e-02 6.813990324736e-02 9.220829606056e-02 8.410643041134e-02 6.737959384918e-02 5.715602636337e-02
1.862558186986e-03 2.013636520132e-03 1.936638029292e-03 1.975681865588e-03 1.984525471926e-03 1.927517121658e-03 2.134940354154e-03 2.018307801336e-03 2.407297492027e-03 2.605716930702e-03 2.365407533944e-03 2.396886004135e-03 2.638340927660e-03 2.745907753706e-03 2.502545481548e-03 3.231748472899e-03 2.877238439396e-03 2.200737595558e-03 2.216421300545e-03 2.205899450928e-03 2.535857958719e-03 2.750993706286e-03 3.079847665504e-03 4.095600917935e-03 4.813588690013e-03 7.207275833935e-03 1.082920841873e-02 1.248820312321e-02 1.341868005693e-02 1.694954372942e-02 2.817788906395e-02 4.316157102585e-02 2.921201661229e-02 7.209833711386e-02 2.432758733630e-02 3.176545351744e-02 6.507202982903e-02 9.098571538925e-02 4.457037150860e-02 5.040586739779e-02 3.199424967170e-02 6.046402081847e-02 5.324043333530e-02
1.661647926085e-03 1.795661519282e-03 1.726754009724e-03 1.700781402178e-03 1.579090487212e-03 1.594935776666e-03 1.683758920990e-03 2.214273670688e-03 2.750797430053e-03 2.826689975336e-03 2.470553619787e-03 2.736165653914e-03 3.045451594517e-03 2.961111487821e-03 2.937819575891e-03 3.035321831703e-03 3.259140532464e-03 3.819754347205e-03 3.427233546972e-03 3.077124478295e-03 3.169671632349e-03 3.408578457311e-03 4.074597731233e-03 4.162448924035e-03 5.052838474512e-03 6.213717162609e-03 1.020254474133e-02 1.017651613802e-02 1.821288466454e-02 3.678168356419e-02 4.564888030291e-02 2.342136204243e-02 2.349657379091e-02 7.285679131746e-02 3.749498724937e-02 4.611965268850e-02 4.087499529123e-02 5.307945981622e-02 3.877998515964e-02 1.483192481101e-02 1.411914080381e-02 1.905732788146e-02 3.782162815332e-02
1.530611654744e-03 1.532012131065e-03 1.521010533907e-03 1.500328653492e-03 1.541503355838e-03 1.631952822208e-03 1.734391786158e-03 2.065810142085e-03 2.316759666428e-03 2.206368837506e-03 2.593741519377e-03 2.790641738102e-03 2.709326567128e-03 2.848124364391e-03 3.897096728906e-03 5.426110234112e-03 6.152428220958e-03 7.800667081028e-03 7.784125860780e-03 8.375057950616e-03 5.975893232971e-03 5.714992061257e-03 6.630036048591e-03 5.552422720939e-03 6.339630112052e-03 8.764429017901e-03 2.669716998935e-02 2.490960992873e-02 2.359570190310e-02 3.177204355597e-02 1.795388013124e-02 1.895574852824e-02 2.586430869997e-02 1.447212509811e-02 7.939399033785e-02 1.098452955484e-01 9.812675416470e-02 2.263259515166e-02 1.069914828986e-02 8.839569054544e-03 8.646116591990e-03 1.022741198540e-02 1.080081146210e-02
1.422649947926e-03 1.475569210015e-03 1.419364940375e-03 1.528162858449e-03 1.634126412682e-03 1.869642175734e-03 1.870173960924e-03 2.164544537663e-03 2.369813388214e-03 2.761955140159e-03 2.856326522306e-03 3.390248166397e-03 3.552951384336e-03 3.286442253739e-03 7.936473004520e-03 2.848021686077e-02 2.250871993601e-02 1.344753708690e-02 1.511250901967e-02 1.881622150540e-02 1.390754617751e-02 7.336343638599e-03 8.540653623641e-03 1.070016808808e-02 1.039906777442e-02 1.936230622232e-02 2.724432758987e-02 2.446779981256e-02 1.968465000391e-02 1.787257008255e-02 2.024046704173e-02 1.917794719338e-02 1.420585997403e-02 1.182471588254e-02 2.013393864036e-02 9.262572973967e-02 9.658013284206e-02 1.992126740515e-02 7.062097080052e-03 7.194966543466e-03 6.466767285019e-03 6.214665248990e-03 1.023014634848e-02
1.426235307008e-03 1.536457799375e-03 1.947870710865e-03 2.177146961913e-03 2.006387338042e-03 3.326182486489e-03 3.910769708455e-03 3.958617337048e-03 3.334112698212e-03 3.268263768405e-03 3.578322241083e-03 4.496343433857e-03 4.482090473175e-03 1.643049903214e-02 1.161605641246e-01 1.463564038277e-01 6.834305822849e-02 3.926460817456e-02 3.135753795505e-02 2.496373467147e-02 1.200522296131e-02 1.163790933788e-02 2.543459646404e-02 5.427277460694e-02 4.449912160635e-02 2.373621985316e-02 2.770598791540e-02 2.256672084332e-02 2.388403750956e-02 1.693263836205e-02 4.215662926435e-02 1.681076176465e-02 1.256168074906e-02 8.876880630851e-03 5.877240095288e-03 1.906501501799e-02 2.105743438005e-02 5.153609439731e-03 3.449599491432e-03 4.059763625264e-03 5.020425189286e-03 5.613046232611e-03 5.248898174614e-03
1.752481097355e-03 2.757381414995e-03 3.760154126212e-03 4.086582921445e-03 5.287589505315e-03 7.029816973954e-03 6.906361319125e-03 6.089846137911e-03 5.232298281044e-03 4.033351782709e-03 4.830833058804e-03 5.341056268662e-03 2.951678261161e-02 1.627764701843e-01 2.226818799973e-01 7.771001756191e-02 2.479305490851e-02 1.516062673181e-02 1.536391861737e-02 1.343241520226e-02 1.290020719171e-02 2.939876727760e-02 5.795109644532e-02 7.705596089363e-02 6.200413778424e-02 3.193648159504e-02 2.197983302176e-02 1.622806675732e-02 1.461779046804e-02 1.306127198040e-02 1.806896924973e-02 8.082746528089e-03 9.127937257290e-03 7.398940622807e-03 4.647056572139e-03 2.754609333351e-03 2.268380019814e-03 2.210018690675e-03 2.320359228179e-03 2.889759372920e-03 3.880320349708e-03 4.907634109259e-03 5.020918790251e-03
2.904261695221e-03 4.345287568867e-03 5.774911493063e-03 7.699167821556e-03 1.489537209272e-02 1.482546422631e-02 2.075077034533e-02 1.490216329694e-02 1.694130524993e-02 1.006436813623e-02 5.640271119773e-03 3.851734101772e-02 1.551068574190e-01 1.543876975775e-01 4.040530323982e-02 1.231577899307e-02 2.302867360413e-02 3.043598495424e-02 2.159929648042e-02 2.503439411521e-02 3.012731857598e-02 3.022917732596e-02 4.382295534015e-02 3.579232096672e-02 2.425673790276e-02 1.887743361294e-02 1.176608167589e-02 4.589936695993e-03 4.682410042733e-03 4.648841451854e-03 5.950982216746e-03 4.350764676929e-03 3.836341900751e-03 2.648271154612e-03 2.706287661567e-03 2.755528315902e-03 2.844047266990e-03 2.985202241689e-03 3.175098448992e-03 3.419540356845e-03 3.457399085164e-03 4.119640216231e-03 5.224552936852e-03
