100/SI/f30.grd
DSAA
101	101
32.816463539100	34.260883539100
35.556306596100	36.727886596100
2.893406599469e-05	4.711372852325e+00
[rows 19 to 37 of 101, columns 43 to 85 of 101]
4.666849970818e-02 5.732078850269e-02 7.452841848135e-02 7.596444338560e-02 4.922406375408e-02 7.563066482544e-02 3.866023197770e-02 4.009043425322e-02 4.350592941046e-02 4.412755742669e-02 4.027319699526e-02 5.916213244200e-02 7.123801112175e-02 7.054891437292e-02 4.683931916952e-02 5.722039565444e-02 7.542444765568e-02 7.069397717714e-02 3.890616819263e-02 6.277070939541e-02 2.895749919116e-02 4.063332825899e-02 5.457232147455e-02 2.693350985646e-02 2.672798372805e-02 3.150467947125e-02 2.599189430475e-02 3.275837004185e-02 3.039291314781e-02 2.405648678541e-02 2.595135383308e-02 3.594293817878e-02 4.059653356671e-02 3.144365921617e-02 2.785191498697e-02 2.269325964153e-02 1.558598224074e-02 1.712719164789e-02 1.893113180995e-02 1.576519571245e-02 1.477503590286e-02 1.289412379265e-02 1.402083504945e-02
4.221672937274e-02 5.616833642125e-02 7.966219633818e-02 9.187773615122e-02 6.652751564980e-02 6.687398999929e-02 3.977377340198e-02 4.246960952878e-02 3.768203780055e-02 4.719272255898e-02 4.938470944762e-02 5.532263219357e-02 7.623648643494e-02 7.504066079855e-02 5.787166953087e-02 6.222322955728e-02 7.364647090435e-02 7.988256216049e-02 4.590901359916e-02 6.068956479430e-02 3.309004008770e-02 6.153560429811e-02 7.665430754423e-02 3.571246191859e-02 3.117871470749e-02 3.224534168839e-02 3.198446333408e-02 3.387382626534e-02 2.639721892774e-02 2.559793740511e-02 3.627965226769e-02 4.742496088147e-02 4.237033799291e-02 3.347774595022e-02 2.756263129413e-02 2.271950431168e-02 1.628271490335e-02 2.002250775695e-02 1.550159696490e-02 1.329240482301e-02 1.417282037437e-02 1.229466684163e-02 1.281108427793e-02
4.554439336061e-02 6.454413384199e-02 7.355977594852e-02 9.617308527231e-02 8.197129517794e-02 5.723460018635e-02 3.929477930069e-02 4.499248042703e-02 3.616340085864e-02 4.412403702736e-02 4.654480144382e-02 5.286489799619e-02 7.240764796734e-02 8.198262751102e-02 6.976854056120e-02 6.650142371655e-02 7.054381817579e-02 8.730006217957e-02 5.233744904399e-02 5.622747913003e-02 3.718491271138e-02 7.622269541025e-02 8.392568677664e-02 4.016132280231e-02 3.045233897865e-02 3.767313435674e-02 3.609479591250e-02 2.929580956697e-02 2.498755790293e-02 3.607014566660e-02 5.061164498329e-02 4.909843206406e-02 3.317110985518e-02 3.818808868527e-02 2.731631696224e-02 2.091407589614e-02 1.938446052372e-02 2.058742009103e-02 1.723250932992e-02 1.345476321876e-02 1.315942779183e-02 9.685720317066e-03 9.540375322104e-03
4.352294281125e-02 6.078462675214e-02 6.236897781491e-02 9.179840981960e-02 9.070904552937e-02 5.984730646014e-02 5.269995331764e-02 4.765483736992e-02 3.561448678374e-02 3.862044587731e-02 4.461552947760e-02 5.356463044882e-02 6.004858016968e-02 8.602724224329e-02 7.769504934549e-02 6.477995961905e-02 6.522956490517e-02 9.362380206585e-02 5.764098465443e-02 5.037759244442e-02 4.125754535198e-02 7.569382339716e-02 7.314518094063e-02 3.485224768519e-02 3.353100270033e-02 3.932988643646e-02 3.275128453970e-02 2.675232663751e-02 3.795424103737e-02 5.353222414851e-02 5.265751108527e-02 3.658610209823e-02 2.785836160183e-02 3.967649862170e-02 1.963456533849e-02 1.927514001727e-02 2.392813004553e-02 1.839152723551e-02 1.976622827351e-02 1.256957929581e-02 1.402816735208e-02 1.171648968011e-02 1.057697925717e-02
3.541432321072e-02 4.235350713134e-02 6.508113443851e-02 8.128674328327e-02 9.139136224985e-02 6.082120537758e-02 6.550644338131e-02 5.497387796640e-02 3.859524428844e-02 3.305386379361e-02 4.648355394602e-02 5.226161330938e-02 6.176771596074e-02 9.237256646156e-02 7.866109907627e-02 6.088664010167e-02 5.871006846428e-02 9.749115258455e-02 6.148435920477e-02 6.103686615825e-02 4.798341169953e-02 6.222936511040e-02 5.455606430769e-02 3.244327381253e-02 4.093454033136e-02 3.803182393312e-02 2.802414819598e-02 4.048015549779e-02 5.801478028297e-02 5.640149489045e-02 3.829273954034e-02 2.261754311621e-02 2.975780703127e-02 3.721839562058e-02 2.000745758414e-02 2.067371085286e-02 2.521448954940e-02 1.924843154848e-02 2.168603241444e-02 1.312336791307e-02 1.332482323050e-02 1.103069446981e-02 1.122102234513e-02
4.537697881460e-02 4.557357355952e-02 7.343001663685e-02 6.871224194765e-02 8.684388548136e-02 6.788873672485e-02 6.274566054344e-02 6.952121108770e-02 6.043047457933e-02 4.618619009852e-02 5.064644664526e-02 4.932956770062e-02 6.733924150467e-02 9.878640621901e-02 7.061219960451e-02 5.838151276112e-02 5.004072934389e-02 9.969093650579e-02 7.786649465561e-02 6.741861999035e-02 5.675328522921e-02 6.033357605338e-02 3.651243820786e-02 3.947823867202e-02 4.201008006930e-02 2.880833670497e-02 4.394081979990e-02 6.255529820919e-02 5.957017466426e-02 3.992111980915e-02 2.138422988355e-02 1.676839031279e-02 3.980657458305e-02 3.111081384122e-02 1.908153295517e-02 2.681488730013e-02 2.326473779976e-02 1.939646527171e-02 2.303631417453e-02 1.624355278909e-02 1.145391818136e-02 1.091188378632e-02 9.650163352489e-03
7.123963534832e-02 4.401307553053e-02 4.414129257202e-02 7.606867700815e-02 7.999858260155e-02 7.167144864798e-02 5.505511164665e-02 6.358898431063e-02 7.230365276337e-02 7.100732624531e-02 6.049903854728e-02 7.521816343069e-02 7.318310439587e-02 1.026672050357e-01 6.107651442289e-02 5.295743793249e-02 7.000695914030e-02 1.004040390253e-01 8.813556283712e-02 6.464397162199e-02 6.117584928870e-02 6.507553905249e-02 4.099256172776e-02 4.300276935101e-02 3.526856377721e-02 4.597123339772e-02 6.810620427132e-02 6.383362412453e-02 4.152778536081e-02 2.707727253437e-02 3.805170953274e-02 2.336244098842e-02 4.644954949617e-02 2.721897140145e-02 2.228256873786e-02 2.868179976940e-02 2.798059582710e-02 1.967932842672e-02 2.377866022289e-02 1.792702637613e-02 1.082170661539e-02 1.030475925654e-02 1.194172445685e-02
9.523899108171e-02 4.526026919484e-02 4.439203441143e-02 7.002504914999e-02 7.204999029636e-02 7.335004210472e-02 6.020583584905e-02 6.075721606612e-02 6.010277941823e-02 7.779968529940e-02 8.484303206205e-02 7.603267580271e-02 7.903073728085e-02 1.040261089802e-01 5.299504473805e-02 8.192127943039e-02 9.822627156973e-02 1.005415320396e-01 8.565829694271e-02 5.122642219067e-02 5.811439454556e-02 5.962837487459e-02 4.127081856132e-02 3.551800549030e-02 4.631731659174e-02 7.241569459438e-02 6.988286226988e-02 4.376682266593e-02 3.865502029657e-02 5.301797017455e-02 4.812552779913e-02 4.369707778096e-02 4.525714740157e-02 3.044292144477e-02 2.869540266693e-02 2.377035282552e-02 3.051026351750e-02 2.082212083042e-02 2.386194281280e-02 1.781462132931e-02 1.150673720986e-02 1.307603437454e-02 1.685088500381e-02
1.039685830474e-01 4.649120941758e-02 5.368670821190e-02 4.628101363778e-02 7.927245646715e-02 7.410639524460e-02 6.312006711960e-02 6.453989446163e-02 6.189517676830e-02 7.747072726488e-02 8.176657557487e-02 7.124837487936e-02 8.427953720093e-02 1.002450212836e-01 8.920227736235e-02 1.085327342153e-01 1.048947796226e-01 9.770686179399e-02 5.822437256575e-02 5.162191763520e-02 5.985830351710e-02 6.029610335827e-02 4.340461641550e-02 4.431603848934e-02 7.546696811914e-02 7.708152383566e-02 4.832357913256e-02 3.924013674259e-02 5.767755955458e-02 4.786760732532e-02 3.891908749938e-02 4.255771264434e-02 3.509533032775e-02 3.345121443272e-02 2.843216620386e-02 1.988345570862e-02 2.988587692380e-02 2.250076644123e-02 2.339366450906e-02 1.612747088075e-02 1.391068473458e-02 1.869583688676e-02 2.112811245024e-02
9.126455336809e-02 6.798385083675e-02 6.215664371848e-02 4.377784579992e-02 5.743920430541e-02 7.516393065453e-02 7.925469428301e-02 6.860341131687e-02 8.044823259115e-02 1.184033229947e-01 6.707061827183e-02 6.256630271673e-02 8.775595575571e-02 9.227447956800e-02 1.157124936581e-01 1.120474264026e-01 9.688132256269e-02 9.449656307697e-02 6.439146399498e-02 6.934802234173e-02 6.215134635568e-02 6.000790372491e-02 4.045800492167e-02 7.654029875994e-02 8.490663766861e-02 5.490360409021e-02 4.481558874249e-02 6.114690750837e-02 5.412830784917e-02 3.543097898364e-02 5.161252245307e-02 4.468183591962e-02 2.690708450973e-02 3.060095384717e-02 2.553294040263e-02 2.742208540440e-02 2.720866911113e-02 2.475893124938e-02 2.269956655800e-02 2.088461257517e-02 2.318519540131e-02 2.602287009358e-02 2.194592729211e-02
6.159567832947e-02 1.023820191622e-01 6.804884970188e-02 5.381296947598e-02 6.466022133827e-02 7.329129427671e-02 7.002927362919e-02 7.344264537096e-02 1.054676175117e-01 1.465221345425e-01 9.839949756861e-02 6.816608458757e-02 8.842053264380e-02 1.101808547974e-01 1.179955527186e-01 1.642566621304e-01 8.702425658703e-02 8.761995285749e-02 7.187241315842e-02 7.013764232397e-02 6.407654285431e-02 5.927461758256e-02 7.574301958084e-02 9.008166193962e-02 6.187390908599e-02 5.043994262815e-02 6.035573408008e-02 6.047984585166e-02 5.176882445812e-02 5.173879489303e-02 5.480479449034e-02 3.063277900219e-02 2.898568287492e-02 2.614807151258e-02 2.285918407142e-02 2.139190956950e-02 3.698739781976e-02 2.921661920846e-02 2.691098861396e-02 3.091388195753e-02 3.080314211547e-02 2.260700985789e-02 1.527729537338e-02
6.917136907578e-02 1.134377866983e-01 7.036114484072e-02 5.947413668036e-02 7.623513787985e-02 7.021563500166e-02 7.304678112268e-02 9.212300926447e-02 1.215694695711e-01 1.471640169621e-01 1.175165846944e-01 1.163145899773e-01 1.029396802187e-01 1.208463758230e-01 1.435824185610e-01 2.078111767769e-01 9.042428433895e-02 9.791241586208e-02 9.708249568939e-02 7.935984432697e-02 6.283580511808e-02 7.552397996187e-02 9.468371421099e-02 6.809111684561e-02 5.647931247950e-02 5.960168316960e-02 5.764112994075e-02 6.385817378759e-02 6.212965399027e-02 6.226411834359e-02 4.688367247581e-02 2.530939504504e-02 3.464860841632e-02 2.166179008782e-02 2.259275689721e-02 2.309603989124e-02 5.096920579672e-02 3.392346948385e-02 3.560141101480e-02 2.867282368243e-02 1.742181554437e-02 1.032098941505e-02 1.024327054620e-02
1.369074136019e-01 8.969315141439e-02 9.830077737570e-02 6.315287947655e-02 9.275038540363e-02 7.190947234631e-02 7.865583896637e-02 1.064525544643e-01 1.279184818268e-01 1.246085241437e-01 1.206013485789e-01 1.219378113747e-01 1.143032312393e-01 9.270812571049e-02 9.836888313293e-02 1.323449462652e-01 7.383148372173e-02 9.675320237875e-02 1.057802736759e-01 8.825178444386e-02 7.850179076195e-02 9.904236346483e-02 7.416234910488e-02 6.302944570780e-02 5.843473225832e-02 5.349579080939e-02 5.765395238996e-02 6.813547760248e-02 6.834699958563e-02 6.127476319671e-02 3.824955597520e-02 2.422503009439e-02 3.689295053482e-02 2.935850434005e-02 3.540656715631e-02 3.766077384353e-02 5.746858194470e-02 3.363908454776e-02 2.660461887717e-02 1.851803995669e-02 1.659180223942e-02 1.254972163588e-02 1.206363644451e-02
2.220880240202e-01 9.710391610861e-02 1.100341826677e-01 8.024558424950e-02 1.027978733182e-01 8.789340406656e-02 8.647879213095e-02 1.222219318151e-01 1.314016878605e-01 1.035451889038e-01 1.451098322868e-01 1.783785223961e-01 9.880960732698e-02 1.159126684070e-01 7.099884748459e-02 8.249036967754e-02 7.880491763353e-02 9.403023868799e-02 9.088657051325e-02 8.239631354809e-02 1.051059737802e-01 8.002915233374e-02 6.567737460136e-02 5.900143831968e-02 6.348185241222e-02 5.906209349632e-02 5.918960273266e-02 7.387630641460e-02 7.435186207294e-02 6.752994656563e-02 4.647914320230e-02 4.085927084088e-02 4.055323079228e-02 3.694255277514e-02 3.575389832258e-02 5.494537577033e-02 4.728784784675e-02 2.295345813036e-02 2.479407191277e-02 2.533732913435e-02 2.348112687469e-02 1.814003288746e-02 1.302933134139e-02
2.430364340544e-01 2.539020180702e-01 1.048574149609e-01 1.053830757737e-01 1.132028177381e-01 1.063673570752e-01 1.459216326475e-01 1.369471848011e-01 1.295917481184e-01 9.651082009077e-02 1.477278023958e-01 1.986627876759e-01 1.187367737293e-01 1.117293834686e-01 9.079697728157e-02 9.251336008310e-02 9.814670681953e-02 9.280404448509e-02 8.975211530924e-02 1.124669983983e-01 8.761196583509e-02 7.494830340147e-02 6.421700865030e-02 5.030428245664e-02 6.187575310469e-02 6.937289983034e-02 6.382644921541e-02 7.936073094606e-02 8.277627080679e-02 7.387275248766e-02 5.497989803553e-02 4.060560464859e-02 3.611258417368e-02 3.065732121468e-02 4.974526166916e-02 5.698257312179e-02 2.542419359088e-02 2.609361894429e-02 2.719771675766e-02 2.757523022592e-02 2.605771645904e-02 2.177578583360e-02 1.511208713055e-02
1.166755780578e-01 3.419912457466e-01 2.499073743820e-01 1.043803840876e-01 1.192928403616e-01 1.324694752693e-01 1.412862986326e-01 1.437974572182e-01 1.150808855891e-01 1.007035374641e-01 1.684395819902e-01 1.944251507521e-01 1.525709629059e-01 1.031532958150e-01 9.501691907644e-02 1.062468215823e-01 1.644541472197e-01 1.033029779792e-01 1.246573626995e-01 9.609177708626e-02 6.910768151283e-02 6.734753400087e-02 5.694198235869e-02 6.918444484472e-02 7.023999094963e-02 8.060274273157e-02 8.884644508362e-02 6.792090088129e-02 8.061245083809e-02 8.050467073917e-02 6.254087388515e-02 3.326108679175e-02 3.390688076615e-02 5.260637775064e-02 5.705437809229e-02 3.338047862053e-02 2.316360920668e-02 2.338011935353e-02 2.327319048345e-02 2.362551912665e-02 2.354132942855e-02 2.179937623441e-02 1.742755994201e-02
2.148745954037e-01 1.617399007082e-01 3.986599743366e-01 1.856512874365e-01 1.206419914961e-01 1.628518998623e-01 1.224568039179e-01 1.367278695107e-01 1.799245178699e-01 1.400953382254e-01 1.940322071314e-01 1.544138193130e-01 1.625102460384e-01 1.360091567039e-01 1.120417863131e-01 1.047726422548e-01 2.391551285982e-01 1.445805430412e-01 1.162778735161e-01 1.414809674025e-01 8.416537195444e-02 6.866637617350e-02 7.333406805992e-02 7.721432298422e-02 7.439482212067e-02 7.909056544304e-02 1.119805276394e-01 6.792379170656e-02 8.367221057415e-02 8.738382160664e-02 7.085306197405e-02 4.567543789744e-02 5.796166509390e-02 5.364780128002e-02 3.070661053061e-02 2.571441791952e-02 2.428897097707e-02 2.274398505688e-02 2.114206738770e-02 1.968320272863e-02 2.028097212315e-02 2.095910720527e-02 1.903840899467e-02
2.904984951019e-01 3.785923421383e-01 2.287036627531e-01 3.918999731541e-01 1.455609798431e-01 1.971653103828e-01 1.691362559795e-01 1.805486083031e-01 2.524717450142e-01 2.097346782684e-01 2.413460910320e-01 1.386491805315e-01 1.474283486605e-01 1.535163670778e-01 1.374498605728e-01 1.086515188217e-01 2.808169126511e-01 1.593942046165e-01 1.658385843039e-01 1.149564012885e-01 6.243469938636e-02 6.900417804718e-02 8.769486099482e-02 7.958883047104e-02 7.234642654657e-02 6.939774751663e-02 1.091610044241e-01 7.447002083063e-02 9.385550022125e-02 9.258317947388e-02 7.342646270990e-02 5.853260308504e-02 4.391069710255e-02 2.303757891059e-02 2.274046838284e-02 2.394632436335e-02 2.360549382865e-02 2.523576654494e-02 2.478335984051e-02 2.352057769895e-02 2.562868222594e-02 2.979411371052e-02 3.112077154219e-02
5.711132884026e-01 3.791660666466e-01 4.002009630203e-01 3.319854438305e-01 3.019450306892e-01 2.216461449862e-01 2.434672415257e-01 2.149287313223e-01 2.222836762667e-01 2.458226978779e-01 2.836446464062e-01 1.651941537857e-01 1.452875137329e-01 1.558999121189e-01 1.706074774265e-01 1.615070104599e-01 2.166751325130e-01 1.604018211365e-01 1.599855422974e-01 1.277518570423e-01 1.040846928954e-01 1.236165910959e-01 1.244974359870e-01 1.030548065901e-01 7.526595145464e-02 6.431736797094e-02 8.564210683107e-02 9.150227904320e-02 9.700553864241e-02 8.101534098387e-02 5.683989077806e-02 3.632932156324e-02 3.179393336177e-02 3.369323909283e-02 3.983441367745e-02 4.366641491652e-02 4.566621035337e-02 4.545381292701e-02 4.314272105694e-02 3.947474434972e-02 3.590981289744e-02 3.610981255770e-02 3.196967020631e-02
