100/SI/f30.grd
DSAA
101	101
32.816463539100	34.260883539100
35.556306596100	36.727886596100
2.893406599469e-05	4.711372852325e+00
[rows 19 to 37 of 101, columns 0 to 42 of 101]
9.050397202373e-03 1.844996586442e-02 2.359125576913e-02 2.403350919485e-02 1.982054859400e-02 1.571827940643e-02 1.073752995580e-02 1.219346653670e-02 1.476404815912e-02 1.774267107248e-02 2.327859774232e-02 2.780746482313e-02 2.711722813547e-02 2.940521948040e-02 2.962812222540e-02 2.873306348920e-02 2.732739597559e-02 2.614264748991e-02 3.029426932335e-02 2.730420976877e-02 2.823743410408e-02 3.047385253012e-02 3.250105306506e-02 3.110157884657e-02 2.774693071842e-02 2.343913167715e-02 2.425359375775e-02 3.877726569772e-02 4.620859399438e-02 3.483819589019e-02 3.204094991088e-02 2.941464819014e-02 3.116341494024e-02 3.115284442902e-02 3.120274469256e-02 3.012239746749e-02 2.406788244843e-02 2.103068865836e-02 2.253688313067e-02 2.167666330934e-02 3.137107565999e-02 7.750530540943e-02 3.607078269124e-02
7.077651098371e-03 1.487100962549e-02 2.005112171173e-02 2.193173766136e-02 1.949818618596e-02 1.876440644264e-02 1.719446107745e-02 1.227575447410e-02 1.636870764196e-02 1.911474205554e-02 2.028884179890e-02 2.544644474983e-02 2.259015664458e-02 2.634258195758e-02 2.847389131784e-02 2.938135899603e-02 2.932232059538e-02 2.799153327942e-02 3.527786955237e-02 2.827948704362e-02 3.319353237748e-02 3.972297161818e-02 4.278964176774e-02 4.152662307024e-02 3.901854157448e-02 3.018643148243e-02 3.213286399841e-02 3.138748556376e-02 4.855263233185e-02 3.538977354765e-02 3.025334142148e-02 2.848958782852e-02 2.773799560964e-02 2.803483605385e-02 2.650180272758e-02 3.431266173720e-02 2.287250012159e-02 2.407565526664e-02 2.465388178825e-02 2.527972310781e-02 3.885885328054e-02 6.560027599335e-02 5.371547490358e-02
5.481007508934e-03 1.104542706162e-02 1.515429746360e-02 1.744027808309e-02 1.645781286061e-02 1.433958020061e-02 1.770876720548e-02 1.756034605205e-02 2.008131891489e-02 2.395929023623e-02 2.763918600976e-02 3.643009066582e-02 4.371869936585e-02 4.003719612956e-02 2.725875750184e-02 2.629664354026e-02 2.778554335237e-02 2.897933311760e-02 5.138199031353e-02 4.149660468102e-02 3.119283728302e-02 4.831023141742e-02 5.119000747800e-02 5.585709959269e-02 4.607466235757e-02 4.080372303724e-02 4.015186429024e-02 2.486180514097e-02 4.568425193429e-02 3.264196962118e-02 2.508079446852e-02 2.606285363436e-02 3.076914139092e-02 2.548283711076e-02 2.791407331824e-02 3.630097955465e-02 2.891368791461e-02 2.554394677281e-02 2.662998251617e-02 2.864588424563e-02 4.531298950315e-02 4.698019102216e-02 7.127243280411e-02
7.353588007390e-03 1.320982817560e-02 1.282735448331e-02 1.343465410173e-02 1.564481854439e-02 1.980084367096e-02 2.312513440847e-02 2.768596820533e-02 3.363492339849e-02 4.228307679296e-02 5.384706705809e-02 6.756260246038e-02 7.595669478178e-02 6.604225188494e-02 4.151829332113e-02 2.545909211040e-02 3.513989970088e-02 4.937350377440e-02 6.247370317578e-02 5.078282207251e-02 4.004209861159e-02 5.245110392570e-02 5.580849945545e-02 6.273143738508e-02 4.582737386227e-02 4.646693542600e-02 4.768479615450e-02 2.997457422316e-02 3.731298819184e-02 2.704372629523e-02 2.587506175041e-02 2.563363686204e-02 3.190942853689e-02 3.251158818603e-02 3.235065937042e-02 3.080742247403e-02 4.066133871675e-02 2.835634537041e-02 2.862164936960e-02 3.146240487695e-02 5.051322653890e-02 4.379381984472e-02 8.274564892054e-02
7.139964029193e-03 1.472306996584e-02 1.597942039371e-02 1.530982274562e-02 1.961186341941e-02 2.664059586823e-02 2.920492365956e-02 3.088897839189e-02 3.423159942031e-02 3.962845355272e-02 4.785935953259e-02 5.460959300399e-02 5.595041811466e-02 4.788994044065e-02 3.509576246142e-02 3.131036460400e-02 3.417167440057e-02 4.590201377869e-02 6.116406992078e-02 3.894494473934e-02 3.749887645245e-02 5.288433656096e-02 5.572769790888e-02 6.015840917826e-02 4.797760769725e-02 4.631857201457e-02 5.374774336815e-02 4.581549018621e-02 4.625541716814e-02 3.941975533962e-02 3.407538682222e-02 5.042910203338e-02 4.713443666697e-02 3.508814424276e-02 3.418368473649e-02 3.424018993974e-02 4.507754743099e-02 3.306342288852e-02 3.127741813660e-02 3.322629630566e-02 5.343241989613e-02 4.440229013562e-02 8.450751751661e-02
1.423575915396e-02 2.458713762462e-02 1.601314172149e-02 1.607908681035e-02 1.810168661177e-02 2.318643406034e-02 2.625088021159e-02 2.598346583545e-02 2.583972923458e-02 2.689777314663e-02 2.843938209116e-02 3.012934885919e-02 2.871671877801e-02 3.166861832142e-02 3.205883875489e-02 2.871139533818e-02 2.859190106392e-02 5.263588204980e-02 6.022140383720e-02 3.197804838419e-02 3.227721154690e-02 4.895938560367e-02 5.287892371416e-02 5.126726627350e-02 4.679489508271e-02 4.238190874457e-02 5.785820633173e-02 5.066138133407e-02 4.238707199693e-02 4.103230684996e-02 4.013098031282e-02 6.481862068176e-02 9.647685289383e-02 9.190370142460e-02 8.325520157814e-02 7.950709760189e-02 8.263848721981e-02 5.081449449062e-02 4.308767616749e-02 3.554332256317e-02 5.467766150832e-02 4.289123043418e-02 7.479814440012e-02
2.641435153782e-02 5.595737695694e-02 5.763857811689e-02 5.057100579143e-02 3.161042183638e-02 1.821461133659e-02 1.756624504924e-02 1.841686852276e-02 2.002970501781e-02 2.589533478022e-02 3.105330839753e-02 3.471679612994e-02 3.584570810199e-02 3.436816111207e-02 3.144983574748e-02 3.247492387891e-02 3.417813777924e-02 5.128256976604e-02 5.055619031191e-02 2.977636642754e-02 3.220553696156e-02 3.993223980069e-02 4.571519419551e-02 4.269582033157e-02 4.814299568534e-02 4.643799737096e-02 6.003142520785e-02 6.391998380423e-02 6.799311935902e-02 6.088346242905e-02 4.593087360263e-02 3.853448852897e-02 7.808733731508e-02 8.530017733574e-02 9.408098459244e-02 1.138686016202e-01 1.424034386873e-01 8.685370534658e-02 6.360273808241e-02 5.400715768337e-02 5.371224880219e-02 4.002060741186e-02 5.599117279053e-02
2.826363220811e-02 6.091370433569e-02 7.026378065348e-02 8.292005211115e-02 9.081263095140e-02 7.884310185909e-02 4.422430694103e-02 2.408696897328e-02 3.285600617528e-02 3.837486729026e-02 3.942665085196e-02 3.729968890548e-02 3.489607945085e-02 4.701592028141e-02 5.183468386531e-02 5.149078369141e-02 5.071336403489e-02 4.934967309237e-02 4.874889180064e-02 4.708088934422e-02 4.602044820786e-02 4.601919278502e-02 4.464373737574e-02 5.583458393812e-02 6.723174452782e-02 5.816482007504e-02 6.573694199324e-02 8.442447334528e-02 8.537827432156e-02 7.586456090212e-02 5.666369572282e-02 4.145240411162e-02 4.602686315775e-02 7.220868021250e-02 1.076106503606e-01 9.469771385193e-02 9.620876610279e-02 7.283630967140e-02 7.750887423754e-02 7.894958555698e-02 6.423775106668e-02 4.154497757554e-02 4.976944997907e-02
1.816776953638e-02 4.007330164313e-02 4.658133536577e-02 5.714128538966e-02 7.432471215725e-02 9.774612635374e-02 1.105373501778e-01 8.603844046593e-02 4.497387260199e-02 4.147949069738e-02 3.693345934153e-02 4.766299948096e-02 5.623616650701e-02 5.860664322972e-02 5.573228374124e-02 5.571832880378e-02 5.516995862126e-02 5.351638793945e-02 5.605538189411e-02 5.656361952424e-02 5.813026800752e-02 6.316361576319e-02 5.970896035433e-02 5.497239157557e-02 5.299580097198e-02 6.839833408594e-02 6.556098163128e-02 8.096743375063e-02 8.906245976686e-02 7.996184378862e-02 5.977730825543e-02 6.497447937727e-02 8.385662734509e-02 1.122311279178e-01 1.338323950768e-01 9.685242921114e-02 6.718529015779e-02 5.610080808401e-02 6.950195878744e-02 8.911509066820e-02 9.734240174294e-02 6.614352017641e-02 5.001864582300e-02
1.245941780508e-02 2.446470968425e-02 3.058973141015e-02 2.817397192121e-02 3.232926875353e-02 4.837027564645e-02 7.565715909004e-02 1.027191653848e-01 1.025343164802e-01 7.061452418566e-02 5.333593115211e-02 5.634282529354e-02 5.714412406087e-02 5.461581796408e-02 5.371008813381e-02 5.283323302865e-02 5.008858069777e-02 5.373614281416e-02 5.512515082955e-02 5.716361105442e-02 6.057885289192e-02 5.844961479306e-02 5.613768473268e-02 5.537775158882e-02 5.442404001951e-02 5.350951477885e-02 5.627718940377e-02 6.277761608362e-02 7.551947236061e-02 7.856203615665e-02 6.157543137670e-02 7.532767951488e-02 9.076922386885e-02 1.031049564481e-01 9.982766211033e-02 6.249693781137e-02 6.574627012014e-02 7.556070387363e-02 8.157831430435e-02 7.339116930962e-02 1.089396253228e-01 1.108332052827e-01 6.238842383027e-02
1.444752793759e-02 2.844179235399e-02 2.829586155713e-02 3.476105630398e-02 2.853222005069e-02 2.462265267968e-02 2.892080135643e-02 5.323272198439e-02 8.555369824171e-02 9.951488673687e-02 8.114393800497e-02 5.397063493729e-02 5.132696777582e-02 5.021942779422e-02 4.699844121933e-02 4.565045982599e-02 4.711278900504e-02 5.094042047858e-02 4.982140287757e-02 4.973559081554e-02 4.488725587726e-02 3.698628768325e-02 4.638161882758e-02 4.116109013557e-02 6.230575591326e-02 5.572727322578e-02 6.379196047783e-02 7.007741183043e-02 5.863989517093e-02 6.321655958891e-02 7.007920742035e-02 7.541456818581e-02 6.546801328659e-02 8.053500950336e-02 5.979589000344e-02 5.120357498527e-02 6.633835285902e-02 9.134618192911e-02 1.094321385026e-01 1.036450788379e-01 8.813166618347e-02 1.369494646788e-01 1.031578630209e-01
1.864826306701e-02 3.585005551577e-02 3.334490582347e-02 3.433907032013e-02 3.829637542367e-02 2.865240909159e-02 3.984012454748e-02 4.843147471547e-02 5.359241738915e-02 7.480634003878e-02 9.644027054310e-02 8.749908208847e-02 5.360757187009e-02 4.317523539066e-02 4.248059168458e-02 4.347805678844e-02 4.501012712717e-02 4.447237402201e-02 4.665787890553e-02 4.596089944243e-02 4.008289426565e-02 3.327053785324e-02 3.555221855640e-02 5.680160596967e-02 8.474213629961e-02 1.141302511096e-01 1.371231526136e-01 1.116147041321e-01 7.541015744209e-02 7.046656310558e-02 8.640181273222e-02 6.100074574351e-02 4.546358436346e-02 1.002664640546e-01 4.173399507999e-02 5.935211479664e-02 5.492447689176e-02 7.681658118963e-02 1.117840632796e-01 1.202837824821e-01 1.035522818565e-01 1.152988597751e-01 1.564418375492e-01
1.694011874497e-02 3.702597692609e-02 3.913895413280e-02 3.824368491769e-02 4.047616943717e-02 4.094314202666e-02 4.912588372827e-02 5.168657749891e-02 5.136586725712e-02 4.858091846108e-02 6.692600995302e-02 9.550267457962e-02 9.327011555433e-02 6.439968198538e-02 4.080640897155e-02 4.073400795460e-02 3.928951174021e-02 3.572225943208e-02 4.782387986779e-02 4.978640004992e-02 5.027859658003e-02 4.199467971921e-02 3.847461193800e-02 7.033734023571e-02 1.193975284696e-01 1.760517060757e-01 2.066203504801e-01 1.975140869617e-01 1.286187022924e-01 8.132242411375e-02 9.310864657164e-02 7.851257920265e-02 7.284515351057e-02 1.224348545074e-01 6.327209621668e-02 1.220802813768e-01 8.839410543442e-02 6.351686269045e-02 8.542350679636e-02 1.228443533182e-01 1.259782016277e-01 1.064792796969e-01 1.677584946156e-01
2.086826041341e-02 4.247561097145e-02 4.295050725341e-02 4.169718176126e-02 4.327668249607e-02 4.909593984485e-02 4.950437322259e-02 5.008317530155e-02 4.608023166656e-02 4.250631108880e-02 4.111409559846e-02 5.755537375808e-02 9.257993847132e-02 9.764430671930e-02 7.404372841120e-02 3.496421873569e-02 3.256256878376e-02 3.648006543517e-02 4.247784614563e-02 6.763802468777e-02 6.113471463323e-02 5.606913194060e-02 5.147939920425e-02 7.019826769829e-02 1.220880672336e-01 1.741941869259e-01 2.371545433998e-01 2.778860032558e-01 2.317372709513e-01 1.119155734777e-01 1.012575849891e-01 1.098306551576e-01 1.047226935625e-01 1.447526663542e-01 8.061904460192e-02 1.633197665215e-01 1.353108733892e-01 8.908087760210e-02 8.150245249271e-02 1.183829456568e-01 2.534607052803e-01 1.287102997303e-01 1.367508471012e-01
2.733255364001e-02 5.143620446324e-02 4.794332757592e-02 5.115305632353e-02 5.426327511668e-02 5.730588361621e-02 6.081546843052e-02 6.322413682938e-02 6.458722800016e-02 6.479598581791e-02 6.285483390093e-02 6.056986749172e-02 5.800622329116e-02 8.549243956804e-02 9.930666536093e-02 8.277577906847e-02 4.148358106613e-02 3.726921603084e-02 4.106798395514e-02 6.462509930134e-02 6.847438216209e-02 6.169575825334e-02 5.692314356565e-02 6.026728451252e-02 1.010989248753e-01 1.504341065884e-01 2.329276204109e-01 3.253535330296e-01 3.072764873505e-01 1.869352906942e-01 1.455989331007e-01 1.834481954575e-01 1.967991292477e-01 1.814848482609e-01 1.502478271723e-01 1.760496646166e-01 1.676094383001e-01 1.294128447771e-01 1.468459963799e-01 1.319145560265e-01 3.617263436317e-01 2.959814071655e-01 7.992563396692e-02
2.799719385803e-02 5.817822366953e-02 5.807825550437e-02 5.631473287940e-02 4.964501410723e-02 4.511905461550e-02 4.269234836102e-02 4.717612266541e-02 5.221481621265e-02 5.815504491329e-02 6.477528065443e-02 7.250058650970e-02 7.983317971230e-02 1.263087093830e-01 1.293660551310e-01 9.824248403311e-02 9.255406260490e-02 8.813084661961e-02 8.214424550533e-02 7.535604387522e-02 6.800745427608e-02 5.893370136619e-02 6.406743079424e-02 6.266982108355e-02 6.915681064129e-02 1.139122843742e-01 1.678493916988e-01 2.654528915882e-01 3.371413946152e-01 2.332551330328e-01 1.103513389826e-01 1.150233969092e-01 1.688575893641e-01 2.239931821823e-01 2.485996186733e-01 2.303823530674e-01 1.661670207977e-01 1.400295197964e-01 1.056892722845e-01 1.510865390301e-01 3.770440816879e-01 4.533661603928e-01 1.215879768133e-01
2.391350269318e-02 4.824030026793e-02 4.999080672860e-02 5.448523536325e-02 5.720333382487e-02 5.528148263693e-02 4.641266167164e-02 4.041669517756e-02 4.063409566879e-02 4.061159864068e-02 4.037163034081e-02 3.948936611414e-02 3.823014348745e-02 4.858920350671e-02 7.291337102652e-02 7.985939830542e-02 9.562737494707e-02 9.242714941502e-02 7.541836053133e-02 8.340411633253e-02 8.819711208344e-02 9.102016687393e-02 9.440465271473e-02 9.859465062618e-02 9.482789784670e-02 7.578163594007e-02 1.132792234421e-01 2.012585401535e-01 2.840757668018e-01 2.082952558994e-01 1.041516214609e-01 7.329556345940e-02 6.547392159700e-02 1.087693423033e-01 1.315635442734e-01 2.137497812510e-01 2.712459862232e-01 2.506581246853e-01 1.559825241566e-01 1.707257777452e-01 2.420116215944e-01 5.373141765594e-01 1.952258199453e-01
1.939260400832e-02 3.751682490110e-02 3.739650920033e-02 3.584018349648e-02 3.623558953404e-02 4.054428264499e-02 4.235482215881e-02 4.168882593513e-02 3.545162826777e-02 3.841625526547e-02 4.173313826323e-02 4.509186744690e-02 4.818541929126e-02 5.127676203847e-02 5.442541837692e-02 5.714874714613e-02 5.951607227325e-02 8.970063179731e-02 9.564181417227e-02 1.242125406861e-01 9.734684228897e-02 7.987958937883e-02 7.634646445513e-02 7.408760488033e-02 7.442064583302e-02 8.437117934227e-02 1.125110834837e-01 1.290559321642e-01 1.817897111177e-01 1.480630636215e-01 7.487846165895e-02 8.837423473597e-02 6.593537330627e-02 8.725113421679e-02 1.025241017342e-01 1.241426318884e-01 1.252683997154e-01 2.104391306639e-01 2.972799837589e-01 2.409074902534e-01 2.155982702971e-01 4.396797120571e-01 3.962347805500e-01
1.225789915770e-02 2.470738627017e-02 2.433514408767e-02 2.360723912716e-02 2.654162980616e-02 3.138881921768e-02 3.440875187516e-02 3.611072897911e-02 3.671836107969e-02 3.386927768588e-02 3.127300366759e-02 3.294429183006e-02 3.483564779162e-02 3.509255126119e-02 3.554534167051e-02 4.741136729717e-02 5.279729515314e-02 7.070193439722e-02 1.337774991989e-01 1.401636600494e-01 1.242469847202e-01 1.061169132590e-01 1.247174814343e-01 1.493376642466e-01 1.051779761910e-01 1.195902749896e-01 1.164649203420e-01 1.082505658269e-01 1.130974143744e-01 1.489860564470e-01 1.399271786213e-01 8.735896646976e-02 9.098574519157e-02 9.566890448332e-02 1.035492867231e-01 1.078641042113e-01 1.115757748485e-01 1.436196863651e-01 2.103867828846e-01 2.451578229666e-01 2.927906215191e-01 3.949897587299e-01 3.250336050987e-01
