100/SI/f30.grd
DSAA
101	101
32.816463539100	34.260883539100
35.556306596100	36.727886596100
2.893406599469e-05	4.711372852325e+00
[rows 57 to 75 of 101, columns 0 to 42 of 101]
1.604351447895e-03 2.635920187458e-03 2.852601232007e-03 2.855237806216e-03 3.049749881029e-03 3.732181852683e-03 4.182094708085e-03 4.587272647768e-03 4.965072963387e-03 5.073763430119e-03 4.882938694209e-03 6.747196428478e-03 1.155532617122e-02 6.314844358712e-03 4.670195747167e-03 6.991081405431e-03 6.240856833756e-03 6.942444946617e-03 8.387491106987e-03 8.770947344601e-03 8.939288556576e-03 6.733780726790e-03 4.681233782321e-03 4.114553332329e-03 4.462153650820e-03 6.182894110680e-03 9.890623390675e-03 1.227858383209e-02 9.680517949164e-03 5.593344103545e-03 4.379800986499e-03 3.445082111284e-03 3.608615370467e-03 4.332276526839e-03 5.115345586091e-03 6.566266994923e-03 7.565047591925e-03 8.168756961823e-03 1.350570004433e-02 1.770385541022e-02 1.517977472395e-02 1.346677541733e-02 1.517759915441e-02
2.020993037149e-03 3.308760467917e-03 3.780302358791e-03 3.836421994492e-03 3.793580224738e-03 3.688777098432e-03 3.688666969538e-03 3.858896670863e-03 4.015943501145e-03 6.532899104059e-03 2.119349315763e-02 2.453270182014e-02 9.163487702608e-03 4.776821006089e-03 4.786268807948e-03 4.469858016819e-03 4.828204866499e-03 4.810876213014e-03 5.439968314022e-03 6.890073884279e-03 8.372521027923e-03 8.941523730755e-03 6.249285303056e-03 3.928670194000e-03 4.522821400315e-03 6.903368979692e-03 1.043437793851e-02 1.118694804609e-02 1.131514552981e-02 7.192088291049e-03 4.345097579062e-03 3.942946437746e-03 3.775984514505e-03 4.512023646384e-03 5.326699931175e-03 5.513580050319e-03 5.668342113495e-03 5.911501590163e-03 5.963168572634e-03 6.435028277338e-03 7.764953654259e-03 1.062084455043e-02 1.223248150200e-02
2.702264348045e-03 4.443596117198e-03 5.151194985956e-03 7.537679746747e-03 9.622879326344e-03 1.215230301023e-02 1.591800712049e-02 2.309665083885e-02 4.220579192042e-02 5.948803573847e-02 3.953538462520e-02 1.006343867630e-02 6.775380577892e-03 5.925187841058e-03 4.306353628635e-03 4.551712423563e-03 4.817184060812e-03 4.749171901494e-03 4.484562668949e-03 4.792914725840e-03 8.074897341430e-03 9.150562807918e-03 6.487560924143e-03 3.727728733793e-03 2.921865787357e-03 4.507771227509e-03 6.394988857210e-03 6.591397803277e-03 6.898866500705e-03 5.604973062873e-03 3.911609761417e-03 4.118385259062e-03 3.897377289832e-03 4.373149480671e-03 5.277367308736e-03 5.469204857945e-03 5.212388467044e-03 4.782049451023e-03 4.415356088430e-03 4.940879531205e-03 6.298098247498e-03 8.083594962955e-03 1.065798103809e-02
2.639875048772e-03 4.994925577193e-03 8.628381416202e-03 1.221904251724e-02 1.536862365901e-02 2.024614624679e-02 2.929816022515e-02 4.353819787502e-02 4.363137483597e-02 2.015204168856e-02 4.835422150791e-03 5.639092531055e-03 6.134648807347e-03 5.451780278236e-03 4.918095190078e-03 5.166592542082e-03 5.183591507375e-03 4.982042592019e-03 3.835174255073e-03 3.747492795810e-03 5.814135540277e-03 6.486522499472e-03 4.812398925424e-03 3.008986357599e-03 2.310727490112e-03 2.495849737898e-03 3.346529090777e-03 4.138752818108e-03 4.883108660579e-03 4.205999895930e-03 3.847243729979e-03 3.599449293688e-03 3.840893972665e-03 4.253645893186e-03 5.104843527079e-03 5.232920870185e-03 4.736833740026e-03 4.057584796101e-03 3.722697729245e-03 4.136763513088e-03 6.099967751652e-03 7.691130507737e-03 9.750221855938e-03
1.598138711415e-03 2.786135766655e-03 3.406707430258e-03 3.586135804653e-03 3.592193126678e-03 3.575580194592e-03 3.543331986293e-03 3.466367023066e-03 3.398566273972e-03 3.321921220049e-03 3.115570172668e-03 3.275273134932e-03 3.613430075347e-03 4.623135086149e-03 5.202961154282e-03 5.440107081085e-03 5.240881349891e-03 4.655080847442e-03 3.442372428253e-03 2.707677660510e-03 3.254493465647e-03 3.376771230251e-03 2.663081744686e-03 1.973148668185e-03 1.736878184602e-03 1.909524551593e-03 2.450740430504e-03 2.946495078504e-03 3.497831523418e-03 3.765303408727e-03 3.563168924302e-03 3.183439373970e-03 3.693368518725e-03 4.470747429878e-03 5.336798727512e-03 5.164698697627e-03 4.290579352528e-03 3.403525799513e-03 3.772824537009e-03 4.223793745041e-03 6.318510975689e-03 7.843128405511e-03 9.187650866807e-03
7.496288162656e-04 1.397383050062e-03 1.812666188926e-03 2.002313267440e-03 2.075950149447e-03 2.136148046702e-03 2.193653956056e-03 2.235774416476e-03 2.301647793502e-03 2.367504639551e-03 2.319355029613e-03 2.179913921282e-03 2.234058687463e-03 2.967312699184e-03 3.493916941807e-03 3.681507660076e-03 3.352486994117e-03 2.985656494275e-03 2.524764277041e-03 2.117363736033e-03 1.734994002618e-03 1.618644222617e-03 1.335237408057e-03 1.486137742177e-03 1.752807293087e-03 1.843379926868e-03 2.033282071352e-03 2.449721796438e-03 2.960885409266e-03 3.238924080506e-03 3.190760733560e-03 3.012422239408e-03 3.690457204357e-03 4.955716431141e-03 5.759325809777e-03 5.199408158660e-03 3.900063922629e-03 3.347429214045e-03 3.867160296068e-03 4.573940299451e-03 6.141236051917e-03 6.868332624435e-03 7.920693606138e-03
5.169218638912e-04 8.706892258488e-04 1.081436173990e-03 1.227907952853e-03 1.321215298958e-03 1.402593567036e-03 1.480640494265e-03 1.545773237012e-03 1.623579883017e-03 1.703195157461e-03 1.713578240015e-03 1.658331835642e-03 1.595024019480e-03 1.538266427815e-03 1.554718357511e-03 1.763210399076e-03 1.859418698587e-03 1.834169961512e-03 1.682888832875e-03 1.605464378372e-03 1.380763016641e-03 1.295120338909e-03 1.144464244135e-03 1.513704541139e-03 1.865684869699e-03 2.043565269560e-03 2.031738637015e-03 2.006417838857e-03 2.445534802973e-03 2.719525713474e-03 2.784838899970e-03 2.767704660073e-03 3.749667201191e-03 5.247456487268e-03 5.790163762867e-03 4.832399077713e-03 3.415937768295e-03 3.366498276591e-03 4.044282250106e-03 4.541753791273e-03 5.256044678390e-03 6.046739406884e-03 6.208712700754e-03
4.180865944363e-04 7.122111273929e-04 8.979590493254e-04 9.876228868961e-04 1.051458762959e-03 1.105542061850e-03 1.145235961303e-03 1.152639393695e-03 1.189179485664e-03 1.234822673723e-03 1.244475599378e-03 1.223659841344e-03 1.202804734930e-03 1.175204641186e-03 1.222788705491e-03 1.404925016686e-03 1.493257936090e-03 1.473274314776e-03 1.362258801237e-03 1.273100613616e-03 1.341492868960e-03 1.302099204622e-03 1.137250219472e-03 1.511299051344e-03 1.906483201310e-03 2.148027531803e-03 2.176180714741e-03 2.107084263116e-03 2.152971923351e-03 2.359170233831e-03 2.456592861563e-03 2.590562216938e-03 3.732842160389e-03 5.137542728335e-03 5.289643071592e-03 4.159911535680e-03 3.162341658026e-03 3.477032994851e-03 4.236712586135e-03 4.475727211684e-03 4.660394042730e-03 5.038884468377e-03 4.626892041415e-03
4.017216560896e-04 6.435703253374e-04 8.165696635842e-04 8.964920998551e-04 9.308649459854e-04 9.602559148334e-04 9.705490083434e-04 9.554256103002e-04 9.596624295227e-04 9.716669446789e-04 9.808730101213e-04 1.018043491058e-03 1.047346508130e-03 1.071050530300e-03 1.099209883250e-03 1.141254324466e-03 1.220133039169e-03 1.237305463292e-03 1.248993095942e-03 1.196955097839e-03 1.232457812876e-03 1.287707476877e-03 1.142993685789e-03 1.432032440789e-03 1.809141132981e-03 2.060088794678e-03 2.103768056259e-03 2.053113188595e-03 2.165247686207e-03 2.227596472949e-03 2.269218675792e-03 2.423921832815e-03 3.504731925204e-03 4.616129212081e-03 4.483892116696e-03 3.577566239983e-03 3.097065491602e-03 3.728803945705e-03 4.290689248592e-03 4.187933169305e-03 4.055820405483e-03 4.088259302080e-03 3.769505536184e-03
3.763936401810e-04 5.975405802019e-04 7.499087369069e-04 8.175440016203e-04 8.463738486171e-04 8.674840792082e-04 8.695669821464e-04 8.503612480126e-04 8.526422316208e-04 9.168628603220e-04 9.720905218273e-04 1.021804055199e-03 1.065719174221e-03 1.102549489588e-03 1.135881524533e-03 1.168124726973e-03 1.191896386445e-03 1.195461140014e-03 1.171564683318e-03 1.138267456554e-03 1.140861422755e-03 1.242902129889e-03 1.174669945613e-03 1.299660769291e-03 1.619262155145e-03 1.841383520514e-03 2.124407561496e-03 2.318282611668e-03 2.326334826648e-03 2.250582212582e-03 2.200112445280e-03 2.261129440740e-03 3.083750139922e-03 3.849847009405e-03 3.686858573928e-03 3.193588461727e-03 3.345731180161e-03 3.795373020694e-03 4.058820195496e-03 3.681899746880e-03 3.399363951758e-03 3.229811089113e-03 3.225569380447e-03
3.472247626632e-04 5.503044812940e-04 6.895009428263e-04 7.540131919086e-04 7.811301620677e-04 7.926076650620e-04 7.864932995290e-04 7.963116513565e-04 8.003631373867e-04 8.679301827215e-04 9.295405470766e-04 9.872179944068e-04 1.040147151798e-03 1.084431773052e-03 1.118672545999e-03 1.140817534178e-03 1.143455505371e-03 1.234947354533e-03 1.261132885702e-03 1.170604024082e-03 1.067263539881e-03 1.140815322287e-03 1.163991284557e-03 1.168576418422e-03 1.425312482752e-03 1.609534258023e-03 1.938172033988e-03 2.251495840028e-03 2.325093140826e-03 2.248367760330e-03 2.156704897061e-03 2.134405542165e-03 2.463919110596e-03 2.989957574755e-03 2.934633055702e-03 2.711681416258e-03 2.894111443311e-03 3.216737648472e-03 3.326983889565e-03 2.895161742344e-03 2.665639854968e-03 2.471374347806e-03 2.431201282889e-03
3.226521366742e-04 5.122018046677e-04 6.443438469432e-04 7.085429970175e-04 7.319239666685e-04 7.331573287956e-04 7.212006603368e-04 7.384929922409e-04 7.654651999474e-04 7.925041136332e-04 8.452453184873e-04 9.050883236341e-04 9.604456718080e-04 1.007014652714e-03 1.040632370859e-03 1.083481824026e-03 1.188418245874e-03 1.337640103884e-03 1.403755741194e-03 1.365945325233e-03 1.250503119081e-03 1.112645841204e-03 1.144470414147e-03 1.158768311143e-03 1.270155305974e-03 1.418137922883e-03 1.461469684727e-03 1.752930111252e-03 1.983086345717e-03 2.052879659459e-03 2.027723006904e-03 2.059385180473e-03 2.122435718775e-03 2.192691667005e-03 2.178957918659e-03 2.106799511239e-03 2.222375245765e-03 2.591931493953e-03 2.756937639788e-03 2.264639362693e-03 2.020566724241e-03 1.804161234759e-03 1.989058451727e-03
3.048815997317e-04 4.854094877373e-04 6.130015826784e-04 6.738439551555e-04 6.899507134221e-04 6.842199363746e-04 6.721731042489e-04 6.691710441373e-04 7.055619498715e-04 7.332711247727e-04 7.396341534331e-04 7.928820559755e-04 8.462677942589e-04 8.919922984205e-04 9.314178023487e-04 1.034641754813e-03 1.209298497997e-03 1.379655674100e-03 1.495278906077e-03 1.530290697701e-03 1.488702488132e-03 1.400345005095e-03 1.293794601224e-03 1.195750432089e-03 1.150469528511e-03 1.268351217732e-03 1.295924535953e-03 1.241581048816e-03 1.512830262072e-03 1.735448953696e-03 1.882442389615e-03 1.990900840610e-03 2.056870842353e-03 1.990640768781e-03 1.785163418390e-03 1.743618166074e-03 1.960471039638e-03 2.459131879732e-03 2.848452655599e-03 2.556843450293e-03 1.881495350972e-03 1.684284768999e-03 1.913435058668e-03
2.984553284477e-04 4.744285834022e-04 5.969007615931e-04 6.506296340376e-04 6.590089178644e-04 6.495016859844e-04 6.443284801207e-04 6.530812243000e-04 6.491923122667e-04 6.605172529817e-04 6.792446365580e-04 7.456185412593e-04 8.200693409890e-04 8.973281364888e-04 9.657692862675e-04 1.058452995494e-03 1.230389927514e-03 1.404621056281e-03 1.561531797051e-03 1.658902736381e-03 1.675910316408e-03 1.634849119000e-03 1.564640551805e-03 1.493014162406e-03 1.451110234484e-03 1.424146816134e-03 1.372149446979e-03 1.294198096730e-03 1.497782417573e-03 1.679740729742e-03 1.815648633055e-03 1.939544104971e-03 2.005001064390e-03 1.873000292107e-03 1.781396102160e-03 1.832379377447e-03 1.975377788767e-03 2.376202726737e-03 2.743504941463e-03 2.486756769940e-03 1.920671318658e-03 1.677621505223e-03 1.907986938022e-03
3.035013214685e-04 4.799589514732e-04 5.984795279801e-04 6.455431575887e-04 6.482143071480e-04 6.349101895466e-04 6.344020948745e-04 6.399810663424e-04 6.541381007992e-04 6.577516905963e-04 6.985645159148e-04 7.687702309340e-04 8.374137687497e-04 9.028220083565e-04 9.558224701323e-04 1.090268488042e-03 1.285147154704e-03 1.469561248086e-03 1.647900557145e-03 1.777339843102e-03 1.819778350182e-03 1.793027506210e-03 1.726903370582e-03 1.644620089792e-03 1.576931565069e-03 1.509734662250e-03 1.396981882863e-03 1.278994954191e-03 1.467416761443e-03 1.625924138352e-03 1.761994790286e-03 1.893082633615e-03 1.936538494192e-03 1.780004939064e-03 1.806580577977e-03 1.861422439106e-03 2.020158106461e-03 2.303450135514e-03 2.478720387444e-03 2.178462222219e-03 1.783277606592e-03 1.557627925649e-03 1.771017094143e-03
3.113860730082e-04 4.909195122309e-04 6.076282588765e-04 6.507504731417e-04 6.500604795292e-04 6.478491704911e-04 6.754327332601e-04 6.947101792321e-04 7.057224283926e-04 7.075184839778e-04 7.013694266789e-04 7.389025995508e-04 8.116533863358e-04 9.081420139410e-04 9.394098306075e-04 1.068790443242e-03 1.315778004937e-03 1.529023284093e-03 1.698041334748e-03 1.804345753044e-03 1.827951869927e-03 1.778866630048e-03 1.686994568445e-03 1.579322386533e-03 1.478355959989e-03 1.376593718305e-03 1.232680864632e-03 1.277761883102e-03 1.439662650228e-03 1.582515425980e-03 1.712535158731e-03 1.820923644118e-03 1.821546349674e-03 1.678473548964e-03 1.843328471296e-03 2.310601994395e-03 2.187564270571e-03 2.281242283061e-03 2.197304274887e-03 1.858792384155e-03 1.613984350115e-03 1.416736282408e-03 1.607033773325e-03
3.070697421208e-04 4.825401119888e-04 5.937487003393e-04 6.335651851259e-04 6.326024304144e-04 6.505301571451e-04 6.683903629892e-04 6.771669141017e-04 6.795217632316e-04 6.755631766282e-04 6.723321857862e-04 7.545847911388e-04 8.781190845184e-04 9.834498632699e-04 1.014998066239e-03 9.930991800502e-04 1.258521573618e-03 1.476704375818e-03 1.599640469067e-03 1.642631483264e-03 1.619398361072e-03 1.531481277198e-03 1.414607511833e-03 1.313331420533e-03 1.231305301189e-03 1.143012894318e-03 1.142817782238e-03 1.267480547540e-03 1.410607947037e-03 1.539018470794e-03 1.650967518799e-03 1.713009434752e-03 1.665401621722e-03 1.609899802133e-03 1.919681206346e-03 2.059510909021e-03 2.089567249641e-03 2.291970420629e-03 2.222292125225e-03 1.822431571782e-03 1.569050829858e-03 1.442296314053e-03 1.560036558658e-03
2.812273451127e-04 4.391141410451e-04 5.371151492000e-04 5.717134918086e-04 6.030890508555e-04 6.293209153228e-04 6.179964402691e-04 5.964806186967e-04 5.896002985537e-04 6.274279439822e-04 6.851084763184e-04 7.920922944322e-04 9.363375720568e-04 1.045469660312e-03 1.076006097719e-03 1.058190246113e-03 1.152342767455e-03 1.337886787951e-03 1.407221541740e-03 1.391452271491e-03 1.321835676208e-03 1.199291320518e-03 1.149227027781e-03 1.360411639325e-03 1.379145658575e-03 1.321587827988e-03 1.294213230722e-03 1.298781135119e-03 1.371679361910e-03 1.483372761868e-03 1.561331213452e-03 1.563794678077e-03 1.468793372624e-03 1.487155444920e-03 1.746871159412e-03 2.470757346600e-03 2.133544534445e-03 2.990717068315e-03 2.653968054801e-03 2.229633275419e-03 1.890057348646e-03 1.556078204885e-03 1.756625715643e-03
2.895331126638e-04 4.267858748790e-04 5.237421137281e-04 6.051505915821e-04 6.667581619695e-04 6.813097861595e-04 6.615006714128e-04 6.241700612009e-04 5.806629778817e-04 6.336055812426e-04 7.022140198387e-04 8.319793851115e-04 9.916241979226e-04 1.102803624235e-03 1.132878125645e-03 1.115306164138e-03 1.057937624864e-03 1.218336867169e-03 1.265070983209e-03 1.336018438451e-03 1.816410920583e-03 1.666343421675e-03 1.247885404155e-03 1.419159001671e-03 1.377352979034e-03 1.268391497433e-03 1.204158528708e-03 1.210076501593e-03 1.324799959548e-03 1.410912489519e-03 1.440827385522e-03 1.384568749927e-03 1.259038574062e-03 1.336300163530e-03 1.481283805333e-03 2.196424175054e-03 2.756400033832e-03 4.344918765128e-03 4.018454812467e-03 2.642321866006e-03 2.012174809352e-03 1.854072324932e-03 2.289768308401e-03
