100/SI/f33.grd
DSAA
101	101
32.816463539100	34.260883539100
35.556306596100	36.727886596100
5.445542410598e-05	8.859635353088e+00
[rows 57 to 75 of 101, columns 0 to 42 of 101]
3.008103929460e-03 4.940782673657e-03 5.353507585824e-03 5.358278285712e-03 5.686951335520e-03 6.954133044928e-03 7.785322610289e-03 8.535602129996e-03 9.237504564226e-03 9.440728463233e-03 9.082991629839e-03 1.271222252399e-02 2.176823094487e-02 1.189617253840e-02 8.662138134241e-03 1.305277552456e-02 1.168696675450e-02 1.303702406585e-02 1.575459167361e-02 1.648728735745e-02 1.691108942032e-02 1.265284046531e-02 8.814739994705e-03 7.749418262392e-03 8.403793908656e-03 1.164010073990e-02 1.860676333308e-02 2.308503165841e-02 1.803849078715e-02 1.053008902818e-02 8.227155543864e-03 6.495167966932e-03 6.803240161389e-03 8.139153011143e-03 9.647467173636e-03 1.238437835127e-02 1.426797825843e-02 1.539777964354e-02 2.542524784803e-02 3.333725407720e-02 2.856511436403e-02 2.530623227358e-02 2.856054529548e-02
3.796058241278e-03 6.213271524757e-03 7.097582332790e-03 7.202596869320e-03 7.122866809368e-03 6.927013397217e-03 6.920930463821e-03 7.245292887092e-03 7.544663269073e-03 1.230117864907e-02 3.989126160741e-02 4.617584869266e-02 1.724893040955e-02 8.902351371944e-03 8.936824277043e-03 8.363557979465e-03 9.047976695001e-03 9.013071656227e-03 1.022879406810e-02 1.297128107399e-02 1.573897339404e-02 1.681840792298e-02 1.175269763917e-02 7.401210721582e-03 8.521492592990e-03 1.300326362252e-02 1.964307576418e-02 2.104681916535e-02 2.130850031972e-02 1.354781258851e-02 8.164351806045e-03 7.411482278258e-03 7.119407877326e-03 8.480787277222e-03 1.001196075231e-02 1.036052312702e-02 1.064773648977e-02 1.113873254508e-02 1.124080270529e-02 1.213183254004e-02 1.460789050907e-02 1.996551826596e-02 2.297840826213e-02
5.080729722977e-03 8.352984674275e-03 9.664278477430e-03 1.378578133881e-02 1.770702376962e-02 2.247742190957e-02 2.958189882338e-02 4.315117746592e-02 7.917726039886e-02 1.117748320103e-01 7.432030141354e-02 1.891428790987e-02 1.274934783578e-02 1.115205138922e-02 8.107575587928e-03 8.538031019270e-03 9.026907384396e-03 8.884989656508e-03 8.446243591607e-03 9.004076011479e-03 1.519184000790e-02 1.722326315939e-02 1.220801193267e-02 7.007427513599e-03 5.506630521268e-03 8.494270034134e-03 1.204724330455e-02 1.236073486507e-02 1.298927422613e-02 1.055958308280e-02 7.366746664047e-03 7.744192145765e-03 7.327804807574e-03 8.222779259086e-03 9.923604317009e-03 1.028035767376e-02 9.790425188839e-03 8.974285796285e-03 8.318844251335e-03 9.311717934906e-03 1.185752917081e-02 1.521803345531e-02 2.004700340331e-02
4.965513944626e-03 8.941078558564e-03 1.561276242137e-02 2.232274226844e-02 2.826552838087e-02 3.744018450379e-02 5.449037998915e-02 8.138495683670e-02 8.178283274174e-02 3.782080486417e-02 9.104575030506e-03 1.061678677797e-02 1.154750492424e-02 1.026078965515e-02 9.219774976373e-03 9.679689072073e-03 9.701377712190e-03 9.309596382082e-03 7.221873849630e-03 7.037552539259e-03 1.093878876418e-02 1.221003197134e-02 9.056585840881e-03 5.657486151904e-03 4.339434206486e-03 4.683854058385e-03 6.279324647039e-03 7.763470988721e-03 9.177161380649e-03 7.925305515528e-03 7.248427718878e-03 6.769171915948e-03 7.223448716104e-03 7.999924011528e-03 9.600528515875e-03 9.836266748607e-03 8.895272389054e-03 7.611905224621e-03 7.014042697847e-03 7.796193938702e-03 1.148815732449e-02 1.446640305221e-02 1.833540201187e-02
3.006794257089e-03 5.241295788437e-03 6.407376844436e-03 6.743838544935e-03 6.754924077541e-03 6.723613943905e-03 6.662351079285e-03 6.516621913761e-03 6.388727109879e-03 6.244770251215e-03 5.856097210199e-03 6.170857232064e-03 6.772208493203e-03 8.664619177580e-03 9.745721705258e-03 1.018033921719e-02 9.798648767173e-03 8.693039417267e-03 6.418826989830e-03 5.097969435155e-03 6.117526907474e-03 6.352450698614e-03 5.008885636926e-03 3.708471078426e-03 3.262064186856e-03 3.600963391364e-03 4.620578140020e-03 5.554847419262e-03 6.592473015189e-03 7.095996756107e-03 6.713894195855e-03 5.996989086270e-03 6.946538109332e-03 8.409502916038e-03 1.003713533282e-02 9.706960059702e-03 8.055061101913e-03 6.381975486875e-03 7.109555881470e-03 7.960963062942e-03 1.186758931726e-02 1.473660580814e-02 1.728622615337e-02
1.410749740899e-03 2.629767870530e-03 3.410969395190e-03 3.767391433939e-03 3.905569668859e-03 4.018532112241e-03 4.126213490963e-03 4.204983823001e-03 4.328881856054e-03 4.452968481928e-03 4.362263251096e-03 4.099568352103e-03 4.189752042294e-03 5.562838166952e-03 6.545656360686e-03 6.891600787640e-03 6.270693149418e-03 5.579010583460e-03 4.711237736046e-03 3.986172378063e-03 3.255298128352e-03 3.040705341846e-03 2.508226782084e-03 2.797800349072e-03 3.300766460598e-03 3.470580093563e-03 3.833670169115e-03 4.618407692760e-03 5.580807570368e-03 6.104007828981e-03 6.011762190610e-03 5.674306768924e-03 6.940946448594e-03 9.321123361588e-03 1.083066780120e-02 9.771660901606e-03 7.320952601731e-03 6.275642197579e-03 7.288132328540e-03 8.578195236623e-03 1.152065675706e-02 1.291796192527e-02 1.490672770888e-02
9.724030387588e-04 1.637705485336e-03 2.033834345639e-03 2.311061834916e-03 2.486407989636e-03 2.639327663928e-03 2.785952528939e-03 2.908454043791e-03 3.055126173422e-03 3.205245593563e-03 3.224839922041e-03 3.120814682916e-03 3.001722274348e-03 2.895182929933e-03 2.927694935352e-03 3.321229713038e-03 3.502800362185e-03 3.455288708210e-03 3.170282812789e-03 3.022221848369e-03 2.592233940959e-03 2.432574052364e-03 2.153007779270e-03 2.850364428014e-03 3.514569951221e-03 3.849487053230e-03 3.825864521787e-03 3.781958250329e-03 4.609479568899e-03 5.125032272190e-03 5.246676970273e-03 5.213182885200e-03 7.050666958094e-03 9.867380373180e-03 1.088595483452e-02 9.080022573471e-03 6.411247421056e-03 6.312233395875e-03 7.622384931892e-03 8.560893125832e-03 9.880811907351e-03 1.137367635965e-02 1.168407779187e-02
7.865811348893e-04 1.339791459031e-03 1.688994118012e-03 1.857490162365e-03 1.977500505745e-03 2.079184399918e-03 2.153767039999e-03 2.167709870264e-03 2.238370710984e-03 2.324604662135e-03 2.342758234590e-03 2.303421963006e-03 2.264213049784e-03 2.212494844571e-03 2.302846638486e-03 2.646358450875e-03 2.812888473272e-03 2.775249537081e-03 2.566130831838e-03 2.397999633104e-03 2.519236644730e-03 2.446696860716e-03 2.138581592590e-03 2.845499198884e-03 3.591698827222e-03 4.047010559589e-03 4.099026788026e-03 3.967435099185e-03 4.058114252985e-03 4.446049686521e-03 4.628412891179e-03 4.879193380475e-03 7.016523741186e-03 9.657182730734e-03 9.941119700670e-03 7.813927717507e-03 5.930552724749e-03 6.552195176482e-03 7.985004223883e-03 8.435776457191e-03 8.761862292886e-03 9.478047490120e-03 8.704422041774e-03
7.547027780674e-04 1.209052745253e-03 1.533776870929e-03 1.683385344222e-03 1.747468486428e-03 1.802366808988e-03 1.821347163059e-03 1.797045348212e-03 1.805140171200e-03 1.827755244449e-03 1.850008382462e-03 1.919972710311e-03 1.975035527721e-03 2.019487787038e-03 2.072294242680e-03 2.150224288926e-03 2.298203064129e-03 2.331385621801e-03 2.352960873395e-03 2.257013926283e-03 2.314563374966e-03 2.420107135549e-03 2.148412866518e-03 2.695401199162e-03 3.407932119444e-03 3.881275188178e-03 3.962839487940e-03 3.870061831549e-03 4.081482533365e-03 4.198396112770e-03 4.275667015463e-03 4.566106479615e-03 6.584255490452e-03 8.672802709043e-03 8.423206396401e-03 6.719236262143e-03 5.835423246026e-03 7.026686798781e-03 8.086474612355e-03 7.892715744674e-03 7.625570986420e-03 7.690102327615e-03 7.100213784724e-03
7.071163272485e-04 1.122591667809e-03 1.408599782735e-03 1.535254647024e-03 1.589116407558e-03 1.628581667319e-03 1.632183790207e-03 1.595643698238e-03 1.608022605069e-03 1.729043317027e-03 1.833108253777e-03 1.926739001647e-03 2.009380375966e-03 2.078606048599e-03 2.141183940694e-03 2.201661933213e-03 2.246129792184e-03 2.252477221191e-03 2.207065001130e-03 2.146292943507e-03 2.151231979951e-03 2.335914177820e-03 2.208150923252e-03 2.444888930768e-03 3.049245104194e-03 3.468743525445e-03 4.004048649222e-03 4.370016511530e-03 4.385378677398e-03 4.242063965648e-03 4.145770333707e-03 4.262127447873e-03 5.789590999484e-03 7.229138631374e-03 6.923641078174e-03 5.998689681292e-03 6.304080598056e-03 7.152048870921e-03 7.649207487702e-03 6.938762962818e-03 6.390619557351e-03 6.073681171983e-03 6.075261626393e-03
6.523357587866e-04 1.033906126395e-03 1.295226044022e-03 1.416101702489e-03 1.466815010644e-03 1.488179317676e-03 1.476355944760e-03 1.477867015637e-03 1.507445937023e-03 1.636505709030e-03 1.752615440637e-03 1.861282740720e-03 1.960947411135e-03 2.044252818450e-03 2.108562504873e-03 2.150026615709e-03 2.154699992388e-03 2.325510606170e-03 2.374731004238e-03 2.204055199400e-03 2.012374345213e-03 2.143638441339e-03 2.187845064327e-03 2.197004156187e-03 2.682790858671e-03 3.031258936971e-03 3.652876242995e-03 4.244047217071e-03 4.383082967252e-03 4.238122142851e-03 4.064320586622e-03 4.022239707410e-03 4.623075947165e-03 5.611424334347e-03 5.508627276868e-03 5.092156585306e-03 5.452996119857e-03 6.061521358788e-03 6.269783247262e-03 5.455872509629e-03 5.007883068174e-03 4.642699845135e-03 4.580758512020e-03
6.061776075512e-04 9.623526711948e-04 1.210469519719e-03 1.330794068053e-03 1.374443876557e-03 1.376475673169e-03 1.353646046482e-03 1.366698648781e-03 1.421433407813e-03 1.476481673308e-03 1.593472552486e-03 1.706237555481e-03 1.810501096770e-03 1.898138201796e-03 1.961298286915e-03 2.046837005764e-03 2.237708773464e-03 2.518943976611e-03 2.643497893587e-03 2.572252415121e-03 2.354858675972e-03 2.095276257023e-03 2.156042959541e-03 2.182700671256e-03 2.389963483438e-03 2.670148154721e-03 2.752376953140e-03 3.304016077891e-03 3.738220082596e-03 3.869708627462e-03 3.821567632258e-03 3.859966527671e-03 3.979356959462e-03 4.133990965784e-03 4.086688160896e-03 3.952485043555e-03 4.178390838206e-03 4.873519763350e-03 5.187722388655e-03 4.262368194759e-03 3.805360523984e-03 3.397756256163e-03 3.735290840268e-03
5.727839306928e-04 9.120260365307e-04 1.151627860963e-03 1.265637460165e-03 1.295531517826e-03 1.284402329475e-03 1.261422643438e-03 1.262217061594e-03 1.307094353251e-03 1.363115967251e-03 1.385037321597e-03 1.494517433457e-03 1.595070585608e-03 1.681132824160e-03 1.758961589076e-03 1.947612734511e-03 2.276762621477e-03 2.597868209705e-03 2.815831452608e-03 2.881947671995e-03 2.803802723065e-03 2.637550467625e-03 2.437021117657e-03 2.252392238006e-03 2.164700534195e-03 2.390966750681e-03 2.440551994368e-03 2.338507678360e-03 2.835133345798e-03 3.253223141655e-03 3.529103472829e-03 3.732766024768e-03 3.857730887830e-03 3.753016702831e-03 3.347339574248e-03 3.263701451942e-03 3.675137413666e-03 4.621714353561e-03 5.358788184822e-03 4.812199156731e-03 3.541151992977e-03 3.162540262565e-03 3.595356596634e-03
5.607526982203e-04 8.914625504985e-04 1.121435547248e-03 1.222021994181e-03 1.237322925590e-03 1.219070749357e-03 1.215346506797e-03 1.231685746461e-03 1.217839191668e-03 1.229286659509e-03 1.268967753276e-03 1.402299618348e-03 1.542286714539e-03 1.687480835244e-03 1.815960393287e-03 1.992213772610e-03 2.316245110705e-03 2.644634805620e-03 2.940411446616e-03 3.124097827822e-03 3.156417747959e-03 3.079309826717e-03 2.947290893644e-03 2.812455408275e-03 2.733370754868e-03 2.682368736714e-03 2.584059722722e-03 2.436270937324e-03 2.807672135532e-03 3.149478929117e-03 3.404502291232e-03 3.637287765741e-03 3.761165542528e-03 3.514322685078e-03 3.340744180605e-03 3.443715861067e-03 3.702980931848e-03 4.464010242373e-03 5.159918218851e-03 4.679397679865e-03 3.614807035774e-03 3.149778116494e-03 3.584673861042e-03
5.703173228540e-04 9.019710705616e-04 1.124487840571e-03 1.212481525727e-03 1.217010314576e-03 1.191614894196e-03 1.196461729705e-03 1.202381798066e-03 1.228581415489e-03 1.234945841134e-03 1.313994871452e-03 1.445989822969e-03 1.575026311912e-03 1.697888248600e-03 1.797277946025e-03 2.052005147561e-03 2.419246127829e-03 2.766745397821e-03 3.102798247710e-03 3.346862737089e-03 3.427138552070e-03 3.377056214958e-03 3.252763533965e-03 3.097889712080e-03 2.970327157527e-03 2.843604423106e-03 2.630808856338e-03 2.397211268544e-03 2.751187887043e-03 3.048824612051e-03 3.304044017568e-03 3.550359280780e-03 3.632726147771e-03 3.339391201735e-03 3.388120559976e-03 3.502317471430e-03 3.787437453866e-03 4.326056689024e-03 4.660723265260e-03 4.098078701645e-03 3.353137755767e-03 2.925189677626e-03 3.327648621053e-03
5.851694731973e-04 9.226206457242e-04 1.141706481576e-03 1.222259830683e-03 1.220455393195e-03 1.217898679897e-03 1.269364962354e-03 1.305227284320e-03 1.325539080426e-03 1.328536658548e-03 1.316649373621e-03 1.390056218952e-03 1.528528402559e-03 1.710061216727e-03 1.768645248376e-03 2.011540578678e-03 2.476813271642e-03 2.878490369767e-03 3.196905832738e-03 3.397397696972e-03 3.442283021286e-03 3.350228769705e-03 3.177462611347e-03 2.974764909595e-03 2.784602111205e-03 2.592875156552e-03 2.321383450180e-03 2.395238494501e-03 2.699350239709e-03 2.967438660562e-03 3.211267758161e-03 3.414926584810e-03 3.416554536670e-03 3.143424866721e-03 3.463175613433e-03 4.330567084253e-03 4.098850302398e-03 4.281583707780e-03 4.125430714339e-03 3.500318154693e-03 3.035103669390e-03 2.661636564881e-03 3.020348958671e-03
5.769553245045e-04 9.067122591659e-04 1.115409308113e-03 1.189748873003e-03 1.187457120977e-03 1.222995808348e-03 1.256205490790e-03 1.272361492738e-03 1.276457216591e-03 1.268706168048e-03 1.265976810828e-03 1.420906279236e-03 1.653470215388e-03 1.851642969996e-03 1.910746796057e-03 1.869092229754e-03 2.368978690356e-03 2.779814181849e-03 3.011387772858e-03 3.092677798122e-03 3.049387130886e-03 2.884190762416e-03 2.664284780622e-03 2.473589032888e-03 2.319128019735e-03 2.152824774384e-03 2.152910456061e-03 2.376131480560e-03 2.644974971190e-03 2.885990077630e-03 3.096057334915e-03 3.212587675080e-03 3.123236587271e-03 3.015066962689e-03 3.610207000747e-03 3.865823382512e-03 3.938711714000e-03 4.302467219532e-03 4.172286484390e-03 3.420549677685e-03 2.956373617053e-03 2.717643976212e-03 2.933122916147e-03
5.281085032038e-04 8.246547076851e-04 1.008427469060e-03 1.072963699698e-03 1.136941718869e-03 1.186374458484e-03 1.164995017461e-03 1.121022389270e-03 1.107813324779e-03 1.181126688607e-03 1.289835548960e-03 1.491266302764e-03 1.762761385180e-03 1.968074357137e-03 2.025286434218e-03 1.991312485188e-03 2.169193467125e-03 2.518437569961e-03 2.648964058608e-03 2.619548933581e-03 2.488841069862e-03 2.258329186589e-03 2.162956167012e-03 2.560903085396e-03 2.596804173663e-03 2.489111153409e-03 2.438113559037e-03 2.447086153552e-03 2.572210039943e-03 2.782060066238e-03 2.928415779024e-03 2.932809293270e-03 2.754086395726e-03 2.785223769024e-03 3.288264386356e-03 4.675637464970e-03 4.006866365671e-03 5.619958508760e-03 4.986430983990e-03 4.199761431664e-03 3.560468554497e-03 2.931643044576e-03 3.304397454485e-03
5.457030492835e-04 8.043943671510e-04 9.871416259557e-04 1.140824519098e-03 1.256964635104e-03 1.284379512072e-03 1.247014966793e-03 1.176637131721e-03 1.094638486393e-03 1.192500931211e-03 1.321751391515e-03 1.566001563333e-03 1.866408274509e-03 2.075518481433e-03 2.131845569238e-03 2.098344266415e-03 1.991481753066e-03 2.293306635693e-03 2.381173195317e-03 2.508645411581e-03 3.408130956814e-03 3.124807961285e-03 2.348665613681e-03 2.671502763405e-03 2.593423705548e-03 2.388884080574e-03 2.268401440233e-03 2.268825424835e-03 2.484644297510e-03 2.646581735462e-03 2.702604746446e-03 2.596458420157e-03 2.360221697018e-03 2.502566669136e-03 2.776927547529e-03 4.156657028943e-03 5.210997536778e-03 8.165546692908e-03 7.551971357316e-03 4.976072348654e-03 3.789849346504e-03 3.488128306344e-03 4.297788720578e-03
