100/SI/f33.grd
DSAA
101	101
32.816463539100	34.260883539100
35.556306596100	36.727886596100
5.445542410598e-05	8.859635353088e+00
[rows 0 to 18 of 101, columns 0 to 42 of 101]
8.247031830251e-03 1.473988872021e-02 1.305974461138e-02 7.815111428499e-03 6.546033080667e-03 8.564073592424e-03 1.706251315773e-02 2.378655970097e-02 2.127575874329e-02 1.270692050457e-02 8.039569482207e-03 9.239095263183e-03 9.807094931602e-03 9.467738680542e-03 8.117754012346e-03 1.235039345920e-02 1.855844818056e-02 2.147443965077e-02 1.529517862946e-02 9.977485053241e-03 1.133040059358e-02 1.211665291339e-02 8.974227122962e-03 8.049737662077e-03 8.528856560588e-03 1.165839657187e-02 1.701190136373e-02 1.943076774478e-02 2.527297101915e-02 2.013722620904e-02 1.550542004406e-02 1.457270048559e-02 1.264865323901e-02 1.003821939230e-02 8.147176355124e-03 7.889530621469e-03 7.254222873598e-03 9.837886318564e-03 1.380725484341e-02 1.583745703101e-02 1.326554827392e-02 1.123057678342e-02 1.069624442607e-02
1.526351179928e-02 2.880321070552e-02 2.824730612338e-02 1.972615718842e-02 1.391486357898e-02 1.655824854970e-02 3.283552825451e-02 4.540939629078e-02 4.017937183380e-02 2.341713570058e-02 1.380331162363e-02 1.578420959413e-02 1.666825078428e-02 1.586748659611e-02 1.382138021290e-02 1.836555264890e-02 2.923614345491e-02 3.826115652919e-02 3.453638404608e-02 2.058101259172e-02 2.066470123827e-02 3.164884448051e-02 1.663403399289e-02 1.491353381425e-02 1.758884079754e-02 2.277774363756e-02 2.851701155305e-02 3.255756571889e-02 4.805865511298e-02 3.741228207946e-02 2.520227804780e-02 2.284284308553e-02 2.123644016683e-02 1.722045801580e-02 1.852115802467e-02 1.936343498528e-02 1.946828141809e-02 2.187692932785e-02 2.751890383661e-02 2.769611589611e-02 2.049270644784e-02 2.025669999421e-02 2.212835662067e-02
1.492639165372e-02 3.063830174506e-02 3.433895483613e-02 2.940919250250e-02 1.890154741704e-02 1.911224797368e-02 3.798934444785e-02 5.161569640040e-02 4.423116520047e-02 2.424454689026e-02 1.742986775935e-02 1.964949071407e-02 2.030123956501e-02 1.878379099071e-02 1.546713057905e-02 1.486701983958e-02 1.919414848089e-02 2.867211215198e-02 3.278028964996e-02 2.664214000106e-02 3.262649103999e-02 4.893469437957e-02 2.141200564802e-02 1.847136206925e-02 2.338917553425e-02 2.831160277128e-02 2.938990294933e-02 2.953958511353e-02 5.600696429610e-02 4.195500910282e-02 2.441872842610e-02 2.094084583223e-02 2.906171604991e-02 1.546104718000e-02 1.742894202471e-02 2.001323923469e-02 2.510558813810e-02 3.180963918567e-02 3.326452150941e-02 2.756186947227e-02 2.818384580314e-02 1.879151724279e-02 2.480556443334e-02
1.325903460383e-02 2.919289469719e-02 3.474743291736e-02 3.551597520709e-02 2.854793891311e-02 1.956525817513e-02 3.969956561923e-02 5.279918760061e-02 4.273399338126e-02 2.081655710936e-02 1.928586885333e-02 2.128962054849e-02 2.119871228933e-02 1.886108890176e-02 1.499804481864e-02 1.517715957016e-02 1.448140107095e-02 1.664299890399e-02 2.166029997170e-02 2.465465478599e-02 5.473231896758e-02 6.228431314230e-02 2.394545450807e-02 2.028298191726e-02 2.579676918685e-02 2.958019636571e-02 2.829853445292e-02 2.694125473499e-02 5.609711632133e-02 4.078610986471e-02 2.066630125046e-02 1.679016835988e-02 3.349784016609e-02 1.780390739441e-02 1.953188516200e-02 2.762527577579e-02 3.418277949095e-02 3.562418743968e-02 3.015553951263e-02 3.488327562809e-02 3.402929753065e-02 2.086156234145e-02 2.274161763489e-02
1.296810433269e-02 2.792626619339e-02 3.306538984179e-02 3.650499880314e-02 3.493437170982e-02 2.469031512737e-02 4.050122201443e-02 5.273334309459e-02 4.004722833633e-02 1.765171065927e-02 2.067919075489e-02 2.201431617141e-02 2.122114039958e-02 2.112298272550e-02 1.938744634390e-02 1.636371389031e-02 1.599946618080e-02 1.584715209901e-02 2.233535423875e-02 4.529229924083e-02 7.608912140131e-02 6.843203306198e-02 2.569350600243e-02 2.891577407718e-02 2.580724470317e-02 2.889778837562e-02 2.592276595533e-02 2.681081369519e-02 5.309467762709e-02 3.841664269567e-02 2.442134357989e-02 1.909045502543e-02 3.571450710297e-02 2.187949605286e-02 3.070497885346e-02 3.675749897957e-02 3.716296330094e-02 3.137337788939e-02 2.160187996924e-02 3.580088168383e-02 4.155346751213e-02 2.787195518613e-02 1.803447119892e-02
1.209215540439e-02 2.435416914523e-02 2.943713776767e-02 3.214848041534e-02 3.567035868764e-02 2.969839423895e-02 4.045709222555e-02 5.101944878697e-02 3.607875481248e-02 1.959707029164e-02 2.195481956005e-02 2.400677278638e-02 2.559101581573e-02 2.476216480136e-02 2.226851508021e-02 1.811247505248e-02 1.471270341426e-02 1.671121828258e-02 3.557746857405e-02 6.458901613951e-02 8.853993564844e-02 6.759793311357e-02 2.905905060470e-02 4.403031617403e-02 2.707116305828e-02 2.709348313510e-02 2.321610786021e-02 2.908459492028e-02 4.748961329460e-02 3.839153796434e-02 2.468145824969e-02 2.092680335045e-02 4.141717404127e-02 3.276500850916e-02 3.888923302293e-02 3.844848647714e-02 3.191599249840e-02 2.207449823618e-02 2.430851757526e-02 3.372989222407e-02 5.089169740677e-02 3.237804025412e-02 1.755144260824e-02
1.523121725768e-02 2.705430611968e-02 2.499046921730e-02 2.473351359367e-02 3.078648634255e-02 2.982638590038e-02 3.980832546949e-02 4.874481260777e-02 3.236340731382e-02 2.160481922328e-02 2.415092661977e-02 2.749069407582e-02 2.785366587341e-02 2.589354291558e-02 2.202443592250e-02 2.082048356533e-02 1.974521204829e-02 2.463253214955e-02 4.804164916277e-02 7.719258964062e-02 9.169529378414e-02 6.173816695809e-02 3.846504911780e-02 5.581054836512e-02 3.922329470515e-02 2.466348372400e-02 2.278166450560e-02 5.401009693742e-02 7.572153210640e-02 4.889974370599e-02 2.737445756793e-02 2.324428036809e-02 4.548304527998e-02 3.841177001595e-02 3.840994089842e-02 3.189641982317e-02 2.223740518093e-02 2.436012774706e-02 3.528896346688e-02 4.454157873988e-02 5.226389691234e-02 3.832514584064e-02 1.747355796397e-02
1.545165199786e-02 3.090925328434e-02 3.193685784936e-02 2.311439253390e-02 2.208068221807e-02 2.496226690710e-02 3.924246504903e-02 4.764115437865e-02 3.013010136783e-02 2.334776893258e-02 2.728043496609e-02 2.911951206625e-02 2.814997918904e-02 2.481958828866e-02 2.325006574392e-02 2.637895382941e-02 2.939852885902e-02 3.253227844834e-02 5.891759693623e-02 8.376697450876e-02 9.000129997730e-02 5.548604205251e-02 4.173424839973e-02 6.136769428849e-02 4.770786687732e-02 3.038491308689e-02 2.182190306485e-02 8.212538808584e-02 1.061537712812e-01 5.732748657465e-02 2.991524897516e-02 2.802123688161e-02 4.491952061653e-02 3.526271507144e-02 3.264792636037e-02 2.317033521831e-02 2.331465110183e-02 3.472487628460e-02 4.587066173553e-02 5.066665634513e-02 4.595597460866e-02 4.797831550241e-02 2.014272287488e-02
1.336146704853e-02 2.921479381621e-02 3.632891550660e-02 3.306697309017e-02 2.196647413075e-02 2.161465026438e-02 3.880554065108e-02 4.721350967884e-02 2.899221889675e-02 2.599582076073e-02 2.892999537289e-02 2.920501865447e-02 2.672069519758e-02 2.300296910107e-02 2.426508814096e-02 2.804767154157e-02 3.804174065590e-02 3.906344994903e-02 6.504646688700e-02 8.250471204519e-02 8.167284727097e-02 4.814819991589e-02 4.257074370980e-02 5.867728218436e-02 5.147128552198e-02 3.509043157101e-02 2.754118293524e-02 1.059709861875e-01 1.239304840565e-01 6.315136700869e-02 3.274459764361e-02 2.671226300299e-02 4.556978121400e-02 3.041527420282e-02 3.584169596434e-02 3.592535480857e-02 3.480222448707e-02 4.667204618454e-02 5.369082093239e-02 5.075881630182e-02 3.729008138180e-02 5.955282598734e-02 2.366211079061e-02
1.351644098759e-02 2.425766363740e-02 3.424021601677e-02 3.878680616617e-02 3.308359906077e-02 2.138302288949e-02 3.889201954007e-02 4.712773114443e-02 2.832076326013e-02 2.751205302775e-02 2.901045233011e-02 2.776159532368e-02 3.032260946929e-02 3.301462903619e-02 3.451819717884e-02 3.498929366469e-02 4.130010306835e-02 4.526195675135e-02 6.699048727751e-02 7.653874903917e-02 7.076029479504e-02 4.102947935462e-02 3.845199197531e-02 5.128416046500e-02 4.972025007010e-02 3.606329858303e-02 2.978033013642e-02 1.202739402652e-01 1.316435933113e-01 6.541700661182e-02 2.871122583747e-02 2.322791330516e-02 4.938723519444e-02 3.018960542977e-02 3.669651970267e-02 3.742607310414e-02 4.836725816131e-02 5.570470914245e-02 5.450748279691e-02 4.366165772080e-02 3.115436062217e-02 6.469774246216e-02 3.280247375369e-02
1.357075292617e-02 2.719223126769e-02 2.822323143482e-02 3.709369152784e-02 4.059548303485e-02 3.264688700438e-02 3.854119032621e-02 4.636924341321e-02 2.738427370787e-02 2.779115177691e-02 3.050751052797e-02 3.571541607380e-02 3.959489613771e-02 4.173490405083e-02 4.271421581507e-02 4.306975752115e-02 4.259882494807e-02 5.607416108251e-02 7.864030450583e-02 8.335418999195e-02 7.006174325943e-02 5.178567022085e-02 3.635650873184e-02 4.374116659164e-02 4.485158994794e-02 3.212472423911e-02 3.451357781887e-02 1.269098222256e-01 1.347052603960e-01 6.405723094940e-02 2.761827781796e-02 2.617907151580e-02 4.838617891073e-02 3.212969750166e-02 4.267142713070e-02 5.176536738873e-02 5.774487927556e-02 5.664952099323e-02 4.699399322271e-02 3.624861314893e-02 3.533493727446e-02 6.215957924724e-02 4.267422482371e-02
1.148183178157e-02 2.418757416308e-02 2.896466664970e-02 3.083737753332e-02 4.007047042251e-02 4.224778711796e-02 3.737120702863e-02 4.467933997512e-02 2.714837528765e-02 3.288694843650e-02 3.827565163374e-02 4.265636205673e-02 4.564587771893e-02 4.734145477414e-02 4.789681732655e-02 4.777494817972e-02 4.724719375372e-02 7.461237162352e-02 1.020255759358e-01 1.060513928533e-01 9.137966483831e-02 7.158896327019e-02 5.236528441310e-02 3.712233901024e-02 5.222671478987e-02 5.006090179086e-02 4.235604032874e-02 1.217862144113e-01 1.191803514957e-01 5.827585607767e-02 3.574228659272e-02 4.231518134475e-02 4.567711427808e-02 5.125878378749e-02 5.813937634230e-02 6.075456365943e-02 5.827187746763e-02 5.044357851148e-02 4.809900000691e-02 5.571319535375e-02 4.203006997705e-02 5.313356220722e-02 5.109111592174e-02
9.887812659144e-03 1.880946569145e-02 2.408558130264e-02 2.851288951933e-02 3.386244550347e-02 4.293070733547e-02 4.315315932035e-02 4.226039722562e-02 3.371000662446e-02 3.920835629106e-02 4.313345625997e-02 4.561997950077e-02 4.709391295910e-02 4.789429903030e-02 4.792279750109e-02 4.763828963041e-02 4.760221391916e-02 8.209642767906e-02 1.109509766102e-01 1.133043318987e-01 9.794784337282e-02 7.973643392324e-02 6.230231374502e-02 4.554257169366e-02 7.021710276604e-02 6.790211051702e-02 5.726414173841e-02 1.060333624482e-01 9.349835664034e-02 4.954939708114e-02 6.251838803291e-02 7.057515531778e-02 7.032520323992e-02 6.803952902555e-02 6.611505895853e-02 6.425083428621e-02 6.231445446610e-02 5.912843346596e-02 5.408796668053e-02 7.549497485161e-02 4.688471555710e-02 4.039765149355e-02 6.583255529404e-02
1.225394383073e-02 2.378374338150e-02 2.338628657162e-02 2.190467342734e-02 2.686221897602e-02 3.681424260139e-02 4.592518508434e-02 4.382942989469e-02 3.750553354621e-02 4.168946295977e-02 4.377116262913e-02 4.442334547639e-02 4.407356306911e-02 4.303791373968e-02 4.187729582191e-02 4.162115231156e-02 4.263895377517e-02 7.533650845289e-02 9.980683773756e-02 1.031744480133e-01 9.261979162693e-02 7.849790155888e-02 6.477060168982e-02 5.115318670869e-02 6.935795396566e-02 7.166191190481e-02 6.330550462008e-02 8.674467355013e-02 6.819169968367e-02 5.434782430530e-02 7.338473945856e-02 8.304405212402e-02 7.925961166620e-02 7.142597436905e-02 6.436091661453e-02 6.054367497563e-02 5.718425661325e-02 5.328166857362e-02 4.870555549860e-02 7.983339577913e-02 7.308498769999e-02 4.170240089297e-02 7.476656138897e-02
1.580275408924e-02 3.160907328129e-02 3.175905719399e-02 3.116687014699e-02 3.013557568192e-02 2.863025292754e-02 4.024709388614e-02 4.906557500362e-02 4.339588060975e-02 4.075147956610e-02 4.126167669892e-02 4.033988714218e-02 3.850574791431e-02 3.607064858079e-02 3.394830226898e-02 3.432596102357e-02 3.470235690475e-02 5.948279052973e-02 7.667130976915e-02 8.086639642715e-02 7.565918564796e-02 6.792251765728e-02 5.991797521710e-02 5.133754387498e-02 5.432683974504e-02 5.926186963916e-02 5.790938064456e-02 8.807037770748e-02 4.996925219893e-02 5.515630543232e-02 7.148052752018e-02 7.943101972342e-02 7.606304436922e-02 6.291507929564e-02 4.657251015306e-02 4.803997278214e-02 4.097124189138e-02 4.336953535676e-02 4.224385693669e-02 6.579822301865e-02 9.752445667982e-02 4.227279499173e-02 7.516476511955e-02
1.603000797331e-02 3.257526084781e-02 3.374413400888e-02 3.536560386419e-02 3.659456968307e-02 3.692240640521e-02 3.671558573842e-02 4.406680911779e-02 5.127116292715e-02 4.115248098969e-02 3.701689466834e-02 3.506342694163e-02 3.255790472031e-02 3.070361353457e-02 3.305179625750e-02 3.509992361069e-02 3.739156201482e-02 4.887121543288e-02 5.365399643779e-02 5.754240974784e-02 5.635078996420e-02 5.226419493556e-02 4.877881333232e-02 4.621886834502e-02 4.422964900732e-02 4.340046644211e-02 5.742117017508e-02 9.318649768829e-02 6.364160031080e-02 6.227005645633e-02 7.401029765606e-02 7.517397403717e-02 6.313113123178e-02 6.310737133026e-02 3.414247184992e-02 5.702294409275e-02 5.437855422497e-02 5.038319900632e-02 4.323402047157e-02 4.606583341956e-02 1.106700897217e-01 6.008448824286e-02 6.660076230764e-02
1.739292964339e-02 3.002025187016e-02 2.977965027094e-02 3.108864836395e-02 3.378308564425e-02 3.716260567307e-02 3.938721865416e-02 4.057296365499e-02 4.715824872255e-02 4.991509765387e-02 4.274380952120e-02 4.119823127985e-02 4.162058234215e-02 3.773103654385e-02 3.407735005021e-02 3.860122710466e-02 4.263421520591e-02 5.026505887508e-02 5.073460191488e-02 4.267895221710e-02 3.845249488950e-02 4.499525949359e-02 5.637898668647e-02 5.862794816494e-02 5.298658087850e-02 4.275991022587e-02 6.357034295797e-02 9.478729963303e-02 6.393545866013e-02 6.719206273556e-02 7.071324437857e-02 7.265442609787e-02 7.811203598976e-02 7.018706947565e-02 4.279669746757e-02 6.418477743864e-02 6.048175320029e-02 5.004107579589e-02 3.767975792289e-02 4.498662799597e-02 1.061471924186e-01 9.234155714512e-02 5.176391825080e-02
1.984400674701e-02 3.654749318957e-02 3.934908285737e-02 3.393679484725e-02 3.123340941966e-02 3.375676646829e-02 3.445632755756e-02 3.412469848990e-02 3.690442442894e-02 4.593541845679e-02 5.005678534508e-02 5.159278959036e-02 5.172875523567e-02 4.756020382047e-02 4.666466265917e-02 4.506016522646e-02 4.234128445387e-02 5.031026899815e-02 5.279912427068e-02 4.698948934674e-02 3.875433281064e-02 3.565220162272e-02 3.931917622685e-02 4.392276331782e-02 4.509339109063e-02 4.535563662648e-02 5.563576146960e-02 9.096968919039e-02 6.501463800669e-02 5.698485299945e-02 6.529720872641e-02 7.520681619644e-02 8.403993397951e-02 7.171111553907e-02 4.923719167709e-02 7.091540843248e-02 5.794237181544e-02 4.497441649437e-02 3.386192768812e-02 4.103675857186e-02 8.533630520105e-02 1.250661611557e-01 5.738310143352e-02
1.946490630507e-02 3.816349059343e-02 4.535699263215e-02 4.271519184113e-02 3.233679011464e-02 2.500705234706e-02 3.040520846844e-02 3.451329842210e-02 3.708089515567e-02 3.744517266750e-02 4.953692480922e-02 5.505538731813e-02 5.256452783942e-02 5.274807661772e-02 5.332835763693e-02 5.262990295887e-02 4.658119380474e-02 4.982680454850e-02 5.449356511235e-02 5.025307834148e-02 3.832678496838e-02 4.611149430275e-02 4.497227072716e-02 4.621639102697e-02 4.078351333737e-02 3.972380980849e-02 4.175671562552e-02 8.416192233562e-02 7.686731219292e-02 6.100509315729e-02 5.901902541518e-02 6.359985470772e-02 7.877419143915e-02 7.034256309271e-02 5.702998489141e-02 6.850161403418e-02 5.049592256546e-02 4.034435003996e-02 3.804232925177e-02 3.736675530672e-02 5.844363197684e-02 1.463069766760e-01 6.038192659616e-02
