100/SI/f33.grd
DSAA
101	101
32.816463539100	34.260883539100
35.556306596100	36.727886596100
5.445542410598e-05	8.859635353088e+00
[rows 76 to 94 of 101, columns 43 to 85 of 101]
1.369623187929e-02 1.169639918953e-02 2.129119262099e-02 5.380165576935e-02 5.738010257483e-02 1.142840161920e-01 1.822780668736e-01 2.048618644476e-01 1.268444955349e-01 3.549312055111e-02 1.287270933390e-01 2.885250449181e-01 2.155021876097e-01 5.678255110979e-02 2.536960318685e-02 3.592706844211e-02 3.801092505455e-02 1.949843764305e-02 1.823684945703e-02 2.271142601967e-02 8.360875397921e-02 1.912115514278e-01 4.499625042081e-02 3.041166253388e-02 2.206062152982e-02 1.478719431907e-02 7.497544866055e-03 6.446602754295e-03 6.282675080001e-03 5.926239769906e-03 5.640388932079e-03 5.875918082893e-03 6.184073630720e-03 6.558601278812e-03 6.623319350183e-03 6.163351237774e-03 5.652762949467e-03 5.283873993903e-03 5.025524646044e-03 4.871925804764e-03 5.432141479105e-03 8.336280472577e-03 1.137042883784e-02
2.235269360244e-02 3.016247600317e-02 3.858565166593e-02 4.018936678767e-02 5.498928949237e-02 7.596207410097e-02 9.798407554626e-02 9.237026423216e-02 1.481095552444e-01 2.162041217089e-01 2.142135053873e-01 1.026707962155e-01 7.369503378868e-02 6.514230370522e-02 4.201268404722e-02 4.463253915310e-02 1.237703301013e-02 7.585708517581e-03 9.372614324093e-03 1.049658749253e-02 7.947933860123e-03 9.520403109491e-03 1.509525440633e-02 1.512262504548e-02 1.372169796377e-02 8.415155112743e-03 4.090202972293e-03 3.673310624436e-03 4.309761337936e-03 4.963800776750e-03 5.292878020555e-03 5.406174808741e-03 5.375192966312e-03 5.138363223523e-03 4.468210507184e-03 3.585716709495e-03 2.872668672353e-03 2.851069439203e-03 3.020724281669e-03 3.496439894661e-03 4.397174343467e-03 7.501803804189e-03 1.003638934344e-02
4.729839041829e-02 7.140856981277e-02 4.741952940822e-02 2.217208407819e-02 2.592943236232e-02 9.417153149843e-02 2.641223371029e-01 3.515066802502e-01 2.629368901253e-01 1.296071261168e-01 7.050629705191e-02 4.543235525489e-02 3.265674039721e-02 5.262429639697e-02 4.382414743304e-02 1.639575324953e-02 5.438960622996e-03 4.936906043440e-03 5.159290041775e-03 7.001865655184e-03 5.220097023994e-03 4.754757508636e-03 5.505979526788e-03 6.181462667882e-03 5.600937642157e-03 5.121511407197e-03 4.144476726651e-03 4.312831442803e-03 3.628700273111e-03 4.157711751759e-03 4.351010080427e-03 4.053551703691e-03 3.870178014040e-03 3.737931372598e-03 2.628789748996e-03 2.542197937146e-03 2.700553974137e-03 2.690696390346e-03 2.635032404214e-03 2.782692201436e-03 3.403650829569e-03 6.511561572552e-03 9.550236165524e-03
6.741189956665e-02 7.849249243736e-02 2.648380026221e-02 2.750980854034e-02 9.674873203039e-02 1.731810867786e-01 1.785611063242e-01 1.529075801373e-01 1.281452029943e-01 6.105488166213e-02 5.411871895194e-02 6.545187532902e-02 4.019684717059e-02 2.543961070478e-02 1.114687323570e-02 6.036901846528e-03 3.815958043560e-03 3.610919695348e-03 3.469974268228e-03 4.386772867292e-03 3.886716673151e-03 3.889864543453e-03 3.619255963713e-03 3.573079127818e-03 3.463631728664e-03 3.535669995472e-03 3.417160594836e-03 3.475011792034e-03 3.738837549463e-03 3.581704571843e-03 3.629087936133e-03 2.989985048771e-03 3.308288520202e-03 3.470365889370e-03 2.760628005490e-03 2.108423272148e-03 2.523748204112e-03 2.685906365514e-03 2.697575371712e-03 2.650703303516e-03 2.716249553487e-03 3.499354468659e-03 5.886649247259e-03
2.945956587791e-02 4.835433512926e-02 6.981179118156e-02 9.076080471277e-02 9.964434802532e-02 8.166208118200e-02 9.263397008181e-02 1.136121749878e-01 1.620855629444e-01 6.365169584751e-02 6.574277579784e-02 4.011686891317e-02 1.618281565607e-02 6.799229420722e-03 4.706579260528e-03 3.835466690361e-03 3.438111394644e-03 3.099701832980e-03 2.841620007530e-03 2.680505625904e-03 2.980766817927e-03 2.306369598955e-03 2.337625250220e-03 2.329383045435e-03 2.456910675392e-03 2.580529777333e-03 2.604121807963e-03 2.385320141912e-03 2.047315705568e-03 2.456221031025e-03 2.384593244642e-03 2.313617151231e-03 2.596791367978e-03 2.893755910918e-03 2.661242382601e-03 2.084831474349e-03 2.344449516386e-03 2.633109688759e-03 2.704211277887e-03 2.737096976489e-03 3.174050478265e-03 3.809701418504e-03 4.807682242244e-03
3.234482556581e-02 9.838611632586e-02 1.823404431343e-01 1.073827669024e-01 6.895352154970e-02 1.195032000542e-01 1.590963751078e-01 2.139738500118e-01 1.052061095834e-01 5.424846708775e-02 2.566474489868e-02 1.488475780934e-02 6.227351259440e-03 4.001723136753e-03 2.821634756401e-03 2.382085425779e-03 2.187068574131e-03 2.033444587141e-03 2.088820096105e-03 2.226182026789e-03 2.289124531671e-03 2.121170749888e-03 2.063173800707e-03 2.215592656285e-03 2.647364512086e-03 3.083865623921e-03 3.372873878106e-03 3.278108546510e-03 2.589222043753e-03 1.999250380322e-03 1.984550617635e-03 1.831432920881e-03 1.857126015238e-03 2.322464017197e-03 2.405331935734e-03 2.242249203846e-03 2.131763612852e-03 2.497879788280e-03 2.637292724103e-03 2.663890598342e-03 3.044344019145e-03 4.218148533255e-03 5.709110759199e-03
6.081401556730e-02 1.908620446920e-01 1.466911435127e-01 1.186093613505e-01 1.299249827862e-01 1.243203878403e-01 8.716857433319e-02 8.513720333576e-02 6.644307076931e-02 3.410295024514e-02 1.244404632598e-02 7.734153419733e-03 4.145266953856e-03 2.671859925613e-03 2.118945354596e-03 1.746585243382e-03 1.743988366798e-03 1.862436532974e-03 1.819102209993e-03 1.766113331541e-03 1.919178292155e-03 1.969534205273e-03 1.911822357215e-03 1.916584325954e-03 2.412902191281e-03 2.962503116578e-03 3.364341100678e-03 3.356137080118e-03 2.725278725848e-03 1.845722435974e-03 1.928564859554e-03 1.996791223064e-03 1.632579253055e-03 1.708067487925e-03 2.038293750957e-03 2.276842482388e-03 2.300635213032e-03 2.285752445459e-03 2.498943591490e-03 2.608651760966e-03 2.581358421594e-03 2.928151283413e-03 3.703368594870e-03
8.189801871777e-02 1.389443278313e-01 8.258485049009e-02 5.054716020823e-02 3.372773900628e-02 4.138185456395e-02 3.640065342188e-02 4.347984492779e-02 3.665122389793e-02 1.277634408325e-02 9.004809893668e-03 5.370851606131e-03 4.400271922350e-03 3.263806225732e-03 2.033681608737e-03 1.651931204833e-03 1.793330186047e-03 1.808636472560e-03 1.646557124332e-03 1.582541503012e-03 1.836703508161e-03 2.011941978708e-03 2.105556894094e-03 2.031534677371e-03 1.882265205495e-03 2.249833429232e-03 2.511409809813e-03 2.489342587069e-03 2.057631267235e-03 1.659499481320e-03 1.713894191198e-03 1.880956930108e-03 1.794695388526e-03 1.518548815511e-03 1.563129830174e-03 1.860144780949e-03 2.068273257464e-03 2.027302747592e-03 2.306964481249e-03 2.505438169464e-03 2.551981015131e-03 2.682199003175e-03 3.009183332324e-03
1.171326190233e-01 9.639732539654e-02 3.125884011388e-02 2.364951185882e-02 2.508073858917e-02 1.510757301003e-02 2.145054563880e-02 3.472425043583e-02 2.313287369907e-02 1.124920230359e-02 8.496584370732e-03 4.718820564449e-03 4.597521852702e-03 4.357296507806e-03 2.724193269387e-03 2.150866901502e-03 1.825354760513e-03 1.739748171531e-03 1.499830279499e-03 1.525147701614e-03 1.846069935709e-03 2.214149804786e-03 2.434297464788e-03 2.273658290505e-03 1.941908034496e-03 1.665890216827e-03 1.799395191483e-03 1.921651302837e-03 1.917274203151e-03 2.050800016150e-03 1.842921366915e-03 1.710501499474e-03 1.723926514387e-03 1.563546364196e-03 1.520876656286e-03 1.822039484978e-03 1.991717610508e-03 1.939652021974e-03 2.077404176816e-03 2.337141660973e-03 2.450510160998e-03 2.738047624007e-03 3.460301784799e-03
1.852777004242e-01 8.137757331133e-02 1.592616550624e-02 1.136958319694e-02 8.708165958524e-03 1.071484107524e-02 1.145996246487e-02 2.604402974248e-02 2.637297660112e-02 1.606997847557e-02 8.008250966668e-03 4.573252983391e-03 3.956604748964e-03 4.133990500122e-03 3.390605794266e-03 2.083897357807e-03 1.806302811019e-03 1.673020189628e-03 1.389867393300e-03 1.507412991486e-03 1.888622762635e-03 2.465460682288e-03 2.688634674996e-03 2.387872897089e-03 2.005705377087e-03 1.766682602465e-03 1.858842209913e-03 2.070482587442e-03 2.163673518226e-03 2.146371407434e-03 1.988163217902e-03 1.656035543419e-03 1.900604809634e-03 1.567922416143e-03 1.481216400862e-03 1.604421879165e-03 2.016436541453e-03 2.219717949629e-03 2.364373067394e-03 2.686857013032e-03 3.085069358349e-03 3.202409716323e-03 3.112469566986e-03
1.587695628405e-01 4.911494255066e-02 1.213034894317e-02 6.823766510934e-03 6.257135421038e-03 7.261602673680e-03 1.346355304122e-02 1.722716167569e-02 2.074720524251e-02 1.447678636760e-02 9.504013694823e-03 5.311961751431e-03 3.483841428533e-03 2.988165244460e-03 2.860403852537e-03 2.415330847725e-03 2.098746132106e-03 2.306070644408e-03 1.924534793943e-03 1.663865172304e-03 2.074391348287e-03 2.769430400804e-03 2.882770961151e-03 2.421625191346e-03 2.056311583146e-03 1.873846049421e-03 1.941918744706e-03 2.181103220209e-03 2.358555560932e-03 2.203626791015e-03 1.962345791981e-03 1.623182091862e-03 1.938261906616e-03 1.497955410741e-03 1.442854292691e-03 1.396841253154e-03 1.515256823041e-03 1.995903672650e-03 2.542218891904e-03 3.272734349594e-03 3.995188511908e-03 4.279660992324e-03 4.327574744821e-03
8.359336853027e-02 1.540162321180e-02 7.238970138133e-03 6.284759845585e-03 5.256786942482e-03 5.377143621445e-03 8.685231208801e-03 4.810549784452e-03 1.260094530880e-02 1.904212124646e-02 1.352197583765e-02 1.028798986226e-02 5.145762115717e-03 3.162446664646e-03 2.701720921323e-03 2.723910147324e-03 2.888339571655e-03 2.596905454993e-03 2.276982413605e-03 2.029913477600e-03 2.480506431311e-03 3.045769641176e-03 2.932568080723e-03 2.469674916938e-03 2.204245189205e-03 2.074060495943e-03 2.064499072731e-03 2.290156437084e-03 2.493795705959e-03 2.394013572484e-03 2.004016656429e-03 1.593474298716e-03 1.828805427067e-03 1.657771994360e-03 1.431741518900e-03 1.423293841071e-03 1.371277961880e-03 1.433712197468e-03 1.838450436480e-03 2.810193924233e-03 3.837350290269e-03 4.473789595068e-03 4.838585387915e-03
2.262706495821e-02 8.775682188570e-03 5.669760983437e-03 5.424139555544e-03 4.238896071911e-03 3.850746899843e-03 3.902502823621e-03 3.651054808870e-03 4.583993460983e-03 1.571008563042e-02 1.740889437497e-02 2.552810125053e-02 1.633392646909e-02 5.864981561899e-03 3.637518733740e-03 3.031720174477e-03 3.259372431785e-03 3.859034972265e-03 3.591594286263e-03 2.869626739994e-03 2.826418960467e-03 3.165348898619e-03 2.845518756658e-03 2.456024987623e-03 2.311473013833e-03 2.288922434673e-03 2.332845004275e-03 2.341086277738e-03 2.553033409640e-03 2.571469172835e-03 2.221636008471e-03 1.714812940918e-03 1.714737969451e-03 1.716705388390e-03 1.599305309355e-03 1.638190238737e-03 1.621937728487e-03 1.593391178176e-03 1.572331530042e-03 1.614854205400e-03 2.184322336689e-03 2.908805850893e-03 3.429064527154e-03
8.085212670267e-03 5.067567806691e-03 5.081620067358e-03 4.431637935340e-03 3.616063389927e-03 3.281309735030e-03 2.843095222488e-03 2.837356645614e-03 3.361218608916e-03 6.510538514704e-03 2.603255212307e-02 6.392943859100e-02 4.386007785797e-02 1.397766266018e-02 6.141155026853e-03 3.810519352555e-03 3.387000644580e-03 4.065403249115e-03 3.933038562536e-03 4.172379616648e-03 4.014852456748e-03 3.309248713776e-03 2.960214158520e-03 2.655407181010e-03 2.573946490884e-03 2.592831151560e-03 2.588215051219e-03 2.521274378523e-03 2.561090514064e-03 2.709867898375e-03 2.454961417243e-03 1.794889220037e-03 1.670576864854e-03 1.647925353609e-03 1.726011862047e-03 1.852730172686e-03 1.938933506608e-03 1.965573523194e-03 1.948672928847e-03 1.877559698187e-03 1.883654040284e-03 1.982025802135e-03 2.045712433755e-03
7.308552507311e-03 4.157017916441e-03 4.524163436145e-03 3.460946492851e-03 2.827764255926e-03 2.664607716724e-03 2.314585959539e-03 2.398632233962e-03 2.425313461572e-03 4.512574058026e-03 1.971969194710e-02 5.320249125361e-02 4.802973195910e-02 3.093998879194e-02 7.500466424972e-03 4.127645399421e-03 3.141055814922e-03 4.535380750895e-03 5.382444243878e-03 5.047308746725e-03 4.127085674554e-03 3.228782210499e-03 3.195719094947e-03 3.005086444318e-03 2.903780201450e-03 2.836510306224e-03 2.715273760259e-03 2.477192319930e-03 2.586215268821e-03 2.740001073107e-03 2.418828196824e-03 1.880457042716e-03 1.947498647496e-03 1.885210163891e-03 1.788045163266e-03 1.731668016873e-03 1.849940279499e-03 1.921001938172e-03 1.900707837194e-03 1.778180012479e-03 1.973982201889e-03 2.330308780074e-03 2.583557041362e-03
9.012805297971e-03 4.737725947052e-03 3.986698575318e-03 3.080904949456e-03 2.308094874024e-03 2.178224734962e-03 2.225492149591e-03 2.184446435422e-03 2.198054688051e-03 2.821446396410e-03 7.485197391361e-03 2.728574723005e-02 9.913904964924e-02 7.648582756519e-02 1.281759794801e-02 4.823967814445e-03 5.326134152710e-03 5.680723581463e-03 5.049844738096e-03 4.018042702228e-03 3.263541497290e-03 3.330529900268e-03 3.529044566676e-03 3.416665829718e-03 3.183799795806e-03 2.888610586524e-03 2.499358262867e-03 2.280229004100e-03 2.678343327716e-03 2.760570496321e-03 2.494255313650e-03 2.770740538836e-03 2.777704037726e-03 2.627052832395e-03 2.363171195611e-03 1.837653573602e-03 1.545377890579e-03 1.533582108095e-03 1.575705129653e-03 1.693396945484e-03 1.989622600377e-03 2.479414688423e-03 3.071246668696e-03
9.544807486236e-03 5.379422102123e-03 4.033131524920e-03 2.687761792913e-03 2.011087257415e-03 2.109448891133e-03 2.082782331854e-03 2.129112370312e-03 1.915620989166e-03 2.158530987799e-03 4.228447563946e-03 1.388011220843e-02 4.816412553191e-02 4.243350774050e-02 1.415827125311e-02 8.052723482251e-03 6.617340259254e-03 5.133282393217e-03 3.953822888434e-03 3.166606184095e-03 3.153492463753e-03 3.363055875525e-03 3.574375296012e-03 3.398503176868e-03 2.935284515843e-03 2.381486352533e-03 1.964591676369e-03 2.143879188225e-03 2.697816817090e-03 2.842366229743e-03 2.956562675536e-03 3.248440800235e-03 3.225154243410e-03 3.003911348060e-03 2.553636441007e-03 1.922215335071e-03 1.968621276319e-03 2.043125452474e-03 2.163673052564e-03 2.266258932650e-03 2.294370671734e-03 2.552451100200e-03 3.292902605608e-03
8.923281915486e-03 4.809584468603e-03 3.391852136701e-03 2.109977183864e-03 1.931285485625e-03 2.083354629576e-03 2.012058161199e-03 1.739712082781e-03 1.381340902299e-03 1.946854288690e-03 3.596341004595e-03 6.142849568278e-03 1.698644459248e-02 2.015863917768e-02 1.458634156734e-02 8.928396739066e-03 5.645011551678e-03 4.010938573629e-03 3.717330051586e-03 3.608536906540e-03 3.247953951359e-03 3.070008708164e-03 2.968609798700e-03 2.607754897326e-03 2.057170029730e-03 1.830350374803e-03 1.807454391383e-03 1.934591564350e-03 2.519035479054e-03 2.823420800269e-03 2.092917449772e-03 2.283158712089e-03 2.283438341692e-03 2.135087037459e-03 2.077920595184e-03 2.270307624713e-03 2.452714834362e-03 2.694283379242e-03 2.957551507279e-03 3.105800366029e-03 3.049359889701e-03 2.841538516805e-03 3.232348710299e-03
7.972369901836e-03 3.555411007255e-03 2.436495618895e-03 1.511277747341e-03 1.808254630305e-03 2.006584312767e-03 1.921937800944e-03 1.585393911228e-03 1.169976894744e-03 1.752262702212e-03 3.231386421248e-03 5.000214558095e-03 1.181955356151e-02 1.514495164156e-02 1.176382414997e-02 6.962578278035e-03 4.309553653002e-03 3.998847212642e-03 3.933541011065e-03 3.296488197520e-03 2.619846258312e-03 2.187661128119e-03 1.913865678944e-03 1.603650744073e-03 1.497193239629e-03 1.474366872571e-03 1.481339568272e-03 1.645879470743e-03 2.196356188506e-03 2.574868034571e-03 1.998685533181e-03 1.567884581164e-03 1.500537968241e-03 1.916998415254e-03 2.267121104524e-03 2.574010286480e-03 2.929296577349e-03 3.371269209310e-03 3.785725217313e-03 3.954069688916e-03 3.760874969885e-03 3.316243411973e-03 3.186853136867e-03
