100/SI/f33.grd
DSAA
101	101
32.816463539100	34.260883539100
35.556306596100	36.727886596100
5.445542410598e-05	8.859635353088e+00
[rows 57 to 75 of 101, columns 43 to 85 of 101]
3.744144737720e-02 4.451323300600e-02 2.262297458947e-02 2.505915798247e-02 2.480595745146e-02 3.992471471429e-02 4.509297758341e-02 6.081234291196e-02 5.308621376753e-02 2.893226779997e-02 2.006630413234e-02 1.687165535986e-02 1.245390251279e-02 2.207955159247e-02 9.183434396982e-02 3.084624707699e-01 6.851187944412e-01 6.445261836052e-01 9.262452721596e-01 3.150078654289e-01 9.087619185448e-02 6.943534314632e-02 1.260850727558e-01 2.305254936218e-01 3.945580422878e-01 3.577127754688e-01 3.890348374844e-01 3.163930475712e-01 4.129467308521e-01 3.804730474949e-01 4.018801450729e-01 2.995268106461e-01 3.116637468338e-01 4.373857676983e-01 2.716090977192e-01 1.705356836319e-01 1.991246789694e-01 2.793615758419e-01 3.503075838089e-01 2.533534169197e-01 1.055235564709e-01 9.263388812542e-02 8.958187699318e-02
2.991119772196e-02 4.991957545280e-02 1.827233657241e-02 1.944112405181e-02 1.926335692406e-02 2.897285297513e-02 5.679927766323e-02 1.829541474581e-01 1.456110179424e-01 3.122462891042e-02 1.853798702359e-02 1.264293678105e-02 9.732661768794e-03 9.617973119020e-03 1.911722309887e-02 1.838781088591e-01 2.155063897371e-01 2.246520370245e-01 1.824984252453e-01 1.847631931305e-01 1.349085271358e-01 1.025114282966e-01 7.909917831421e-02 4.755316302180e-02 1.231470406055e-01 2.458884865046e-01 4.288972616196e-01 4.372913241386e-01 4.768809974194e-01 2.625386416912e-01 3.462248742580e-01 3.159081339836e-01 2.708000242710e-01 2.379822731018e-01 2.419999986887e-01 1.822476834059e-01 1.787102073431e-01 2.152553796768e-01 2.117661386728e-01 1.942248046398e-01 2.017863690853e-01 2.117445170879e-01 1.983043104410e-01
2.484556846321e-02 2.397141978145e-02 1.664598472416e-02 1.769837550819e-02 1.799804158509e-02 2.637807093561e-02 8.068000525236e-02 2.089923471212e-01 2.064008563757e-01 4.628047347069e-02 1.909761130810e-02 1.081833895296e-02 7.694137282670e-03 7.005618419498e-03 7.158878259361e-03 8.973420597613e-03 1.240317430347e-02 1.689421012998e-02 2.194174006581e-02 2.705654501915e-02 3.183406963944e-02 3.742941468954e-02 2.514601871371e-02 2.526600100100e-02 6.040582433343e-02 2.811042070389e-01 4.843486249447e-01 5.494595766068e-01 5.274382233620e-01 5.326496362686e-01 3.515891432762e-01 3.046130239964e-01 2.586849927902e-01 2.353427261114e-01 3.306283354759e-01 2.849037647247e-01 2.362570315599e-01 1.478932946920e-01 1.592301428318e-01 1.338771432638e-01 1.179608181119e-01 1.117424666882e-01 9.772711992264e-02
2.292656339705e-02 2.064962126315e-02 1.611323654652e-02 1.794822886586e-02 2.039290405810e-02 2.679216116667e-02 1.846235096455e-01 2.085500508547e-01 2.561371326447e-01 3.573202714324e-02 1.675643213093e-02 1.043966133147e-02 6.983345374465e-03 5.667164921761e-03 5.408584140241e-03 5.692448001355e-03 6.978254299611e-03 9.197209030390e-03 1.331841945648e-02 1.546576060355e-02 1.773934997618e-02 3.560539707541e-02 1.826617494226e-02 1.681024767458e-02 5.152793228626e-02 1.151384785771e-01 4.110992848873e-01 4.555076658726e-01 4.848792850971e-01 5.178923606873e-01 4.308221042156e-01 3.342370092869e-01 2.319609969854e-01 2.977767288685e-01 2.073184698820e-01 1.824459433556e-01 1.512937843800e-01 1.250923275948e-01 1.176253706217e-01 1.157064735889e-01 1.228200346231e-01 1.741990298033e-01 2.426098734140e-01
1.943020708859e-02 1.514045987278e-02 1.583486050367e-02 1.904764585197e-02 2.969856187701e-02 4.861299321055e-02 1.475207507610e-01 3.264686465263e-01 1.260253936052e-01 1.995721273124e-02 1.220108382404e-02 8.897922001779e-03 6.375503260642e-03 4.785874392837e-03 4.378786776215e-03 4.381128121167e-03 4.758991766721e-03 6.381780374795e-03 8.788283914328e-03 1.005012355745e-02 1.045598741621e-02 2.175565622747e-02 1.299072336406e-02 1.412273570895e-02 3.155216947198e-02 1.078080534935e-01 2.917724847794e-01 3.965754806995e-01 4.107111990452e-01 3.130396008492e-01 2.418650537729e-01 3.459106981754e-01 2.365355342627e-01 1.669948250055e-01 1.853684186935e-01 2.337457090616e-01 2.117470949888e-01 1.500774770975e-01 1.401561647654e-01 1.366145610809e-01 1.324438005686e-01 1.466489285231e-01 1.825310885906e-01
1.410237979144e-02 1.163398101926e-02 1.455199066550e-02 3.455234318972e-02 7.810300588608e-02 1.808530539274e-01 2.646979093552e-01 1.666898876429e-01 1.768865250051e-02 1.210168190300e-02 8.688623085618e-03 7.154339458793e-03 5.579554010183e-03 4.561453126371e-03 4.016380757093e-03 4.184104036540e-03 4.371166694909e-03 5.280947778374e-03 7.622277829796e-03 9.376398287714e-03 9.957886300981e-03 1.056595053524e-02 1.061508152634e-02 1.577751524746e-02 3.841454908252e-02 1.006960496306e-01 1.235944777727e-01 1.236523985863e-01 2.381155490875e-01 2.756173610687e-01 3.231520056725e-01 2.065288722515e-01 2.676250934601e-01 1.962476968765e-01 2.190620005131e-01 2.587814927101e-01 5.177196860313e-01 3.266446888447e-01 1.922690719366e-01 1.577689498663e-01 1.623228788376e-01 1.595340073109e-01 1.541127711535e-01
9.103922173381e-03 9.533096104860e-03 1.205480471253e-02 1.523789484054e-02 3.352985531092e-02 2.079921364784e-01 1.351558119059e-01 1.803427375853e-02 1.052222866565e-02 9.272736497223e-03 7.768906187266e-03 6.564707495272e-03 5.145584233105e-03 4.389629699290e-03 3.912735730410e-03 4.316520877182e-03 4.470902029425e-03 4.404530394822e-03 6.271244026721e-03 8.001708425581e-03 9.038881398737e-03 8.987701497972e-03 1.128573529422e-02 1.830277591944e-02 5.715748667717e-02 1.134369671345e-01 6.712921708822e-02 8.790604025126e-02 8.182366937399e-02 4.236406385899e-01 6.169235706329e-01 3.329907953739e-01 1.831140518188e-01 2.507472038269e-01 9.896086901426e-02 1.041594147682e-01 3.871674239635e-01 1.862991601229e-01 1.517195999622e-01 1.163099706173e-01 1.195411756635e-01 1.333251893520e-01 1.437011808157e-01
7.664735428989e-03 8.333903737366e-03 9.768115356565e-03 1.235948130488e-02 1.399702858180e-02 1.947802118957e-02 2.153655327857e-02 1.468028035015e-02 7.624281104654e-03 7.872894406319e-03 6.904178299010e-03 6.309849675745e-03 5.164187401533e-03 4.180733114481e-03 4.274968523532e-03 4.359866492450e-03 4.663971718401e-03 4.619704093784e-03 5.283793434501e-03 6.784182041883e-03 8.065771311522e-03 8.557050488889e-03 9.029161185026e-03 1.505635771900e-02 4.228769242764e-02 2.605596929789e-02 2.520370483398e-02 4.129660129547e-02 9.344742447138e-02 1.852707117796e-01 1.940268576145e-01 2.452129274607e-01 3.915278613567e-01 2.098379880190e-01 1.999515146017e-01 1.551925241947e-01 1.591308116913e-01 1.348013430834e-01 7.171601802111e-02 8.948093652725e-02 8.741442114115e-02 9.447795152664e-02 1.187928467989e-01
6.027007009834e-03 6.794163957238e-03 8.095276542008e-03 9.929211810231e-03 1.067663822323e-02 1.188741158694e-02 1.258074678481e-02 7.864132523537e-03 6.701981183141e-03 6.964650005102e-03 6.495642010123e-03 5.635430105031e-03 4.706637002528e-03 4.217888694257e-03 4.174605943263e-03 4.784536547959e-03 4.727961495519e-03 4.065791144967e-03 4.671040456742e-03 5.928499624133e-03 7.015553303063e-03 8.198106661439e-03 1.167279388756e-02 1.221373490989e-02 1.239367481321e-02 1.729372330010e-02 1.685303449631e-02 4.139142856002e-02 5.776401609182e-02 7.781721651554e-02 1.614739745855e-01 2.841534912586e-01 2.098316848278e-01 3.836581408978e-01 2.449819594622e-01 1.377712935209e-01 1.143946349621e-01 1.039688363671e-01 1.251610219479e-01 1.177648529410e-01 1.467518508434e-01 1.445211917162e-01 1.680356562138e-01
5.564528517425e-03 5.499727558345e-03 6.191518157721e-03 7.033989299089e-03 7.583125494421e-03 7.471310906112e-03 7.130725309253e-03 6.882783956826e-03 7.447964046150e-03 7.364092860371e-03 6.862294860184e-03 5.981101654470e-03 4.893945064396e-03 4.324938636273e-03 3.910105209798e-03 3.847515909001e-03 4.343183711171e-03 4.406256135553e-03 4.425923805684e-03 5.340704694390e-03 6.183858029544e-03 7.326814346015e-03 1.121290121228e-02 1.263054274023e-02 1.362494286150e-02 2.819579280913e-02 3.878292441368e-02 4.985560849309e-02 6.998229771852e-02 7.553140074015e-02 1.656251847744e-01 3.146007359028e-01 1.483544409275e-01 1.580914258957e-01 2.799098193645e-01 2.366677075624e-01 1.639831811190e-01 1.393486857414e-01 1.747056841850e-01 8.990854769945e-02 1.192285865545e-01 1.451020091772e-01 1.732673794031e-01
4.571330267936e-03 5.178500898182e-03 5.438948050141e-03 5.507878027856e-03 6.168566178530e-03 6.642146501690e-03 7.156211417168e-03 6.353034172207e-03 6.113443523645e-03 6.309613585472e-03 6.781023461372e-03 6.751160603017e-03 5.812014453113e-03 4.917328245938e-03 4.662446677685e-03 4.202648531646e-03 3.620584728196e-03 4.025262314826e-03 4.556497558951e-03 5.035977344960e-03 5.528424400836e-03 6.333820056170e-03 9.542404673994e-03 9.305703453720e-03 1.029076892883e-02 2.552186883986e-02 5.457845330238e-02 7.367473840714e-02 1.036474257708e-01 5.444599315524e-02 1.606411933899e-01 8.040735125542e-02 8.633688092232e-02 9.904593974352e-02 1.581250131130e-01 1.737402379513e-01 2.256236374378e-01 2.054905146360e-01 1.525778174400e-01 1.305038630962e-01 9.986124187708e-02 1.075839847326e-01 8.687178790569e-02
4.474503919482e-03 4.948557354510e-03 4.924794193357e-03 5.022943485528e-03 5.367720499635e-03 5.967936012894e-03 6.459420081228e-03 5.770171061158e-03 4.500515758991e-03 4.807956516743e-03 5.220860242844e-03 6.164676044136e-03 6.402194499969e-03 5.320120602846e-03 5.008654668927e-03 6.051757372916e-03 5.365478340536e-03 4.368351306766e-03 4.755287431180e-03 4.950158298016e-03 6.045284681022e-03 6.710600107908e-03 7.488076575100e-03 9.164019487798e-03 1.063732523471e-02 1.860080100596e-02 3.926543518901e-02 4.679441452026e-02 6.426554173231e-02 3.638035431504e-02 7.737168669701e-02 5.903058126569e-02 9.813756495714e-02 5.985049530864e-02 1.181652620435e-01 8.863986283541e-02 1.406889855862e-01 1.725063621998e-01 1.541450172663e-01 2.079181522131e-01 1.890940070152e-01 1.512552946806e-01 1.325027793646e-01
4.309487063438e-03 4.660357721150e-03 4.482592456043e-03 4.573497921228e-03 4.593849182129e-03 4.471994936466e-03 4.953560419381e-03 4.682975355536e-03 5.566584412009e-03 6.028939038515e-03 5.473097786307e-03 5.551478825510e-03 6.114534568042e-03 6.364598870277e-03 5.811786744744e-03 7.505339104682e-03 6.681555882096e-03 5.096310749650e-03 5.133232101798e-03 5.111881997436e-03 5.875546950847e-03 6.373539566994e-03 7.103628478944e-03 9.455439634621e-03 1.111456099898e-02 1.666392385960e-02 2.502812072635e-02 2.894251979887e-02 3.097496367991e-02 3.915014490485e-02 6.543372571468e-02 1.003501564264e-01 6.774140894413e-02 1.621110439301e-01 5.644639953971e-02 7.359782606363e-02 1.506400555372e-01 2.107663899660e-01 1.033233255148e-01 1.168414875865e-01 7.421914488077e-02 1.400160938501e-01 1.235009357333e-01
3.843517974019e-03 4.154910799116e-03 3.996114712209e-03 3.936673980206e-03 3.654714208096e-03 3.692471655086e-03 3.897056449205e-03 5.120504181832e-03 6.365686189383e-03 6.543019320816e-03 5.718802567571e-03 6.334789562970e-03 7.054257672280e-03 6.856792140752e-03 6.803967989981e-03 7.006919477135e-03 7.561036851257e-03 8.860520087183e-03 7.937937043607e-03 7.126480806619e-03 7.332713808864e-03 7.900806143880e-03 9.443047456443e-03 9.601507335901e-03 1.171013619751e-02 1.439874153584e-02 2.342234179378e-02 2.358412556350e-02 4.215480014682e-02 8.528430014849e-02 1.060153394938e-01 5.423406511545e-02 5.445034056902e-02 1.649152934551e-01 8.691861480474e-02 1.069490909576e-01 9.481748938560e-02 1.230648458004e-01 8.989452570677e-02 3.439123928547e-02 3.274223580956e-02 4.421133175492e-02 8.753960579634e-02
3.543672617525e-03 3.548015374690e-03 3.519103862345e-03 3.472234122455e-03 3.568503074348e-03 3.778078360483e-03 4.014101810753e-03 4.778453614563e-03 5.359505303204e-03 5.117780994624e-03 6.005671340972e-03 6.461925804615e-03 6.271777208894e-03 6.590396631509e-03 9.002042002976e-03 1.253694947809e-02 1.423381548375e-02 1.805469766259e-02 1.802526228130e-02 1.941230893135e-02 1.384224835783e-02 1.324260141701e-02 1.536031253636e-02 1.286243833601e-02 1.466791890562e-02 2.027465403080e-02 6.102627515793e-02 5.694844573736e-02 5.462236702442e-02 7.363944500685e-02 4.155687242746e-02 4.381642490625e-02 5.898683145642e-02 3.355051204562e-02 1.822838187218e-01 2.540722787380e-01 2.269017547369e-01 5.245070904493e-02 2.481581270695e-02 2.049203962088e-02 2.003267779946e-02 2.369606308639e-02 2.502897940576e-02
3.294229973108e-03 3.417537547648e-03 3.283027559519e-03 3.535976633430e-03 3.788045374677e-03 4.334544297308e-03 4.336053039879e-03 5.024161655456e-03 5.501220002770e-03 6.408822257072e-03 6.615490186960e-03 7.853154093027e-03 8.227898739278e-03 7.603656966239e-03 1.842298358679e-02 6.611751019955e-02 5.225318670273e-02 3.113547340035e-02 3.498800471425e-02 4.359668865800e-02 3.222066536546e-02 1.699600741267e-02 1.978383585811e-02 2.479855902493e-02 2.406099811196e-02 4.482902586460e-02 6.309545040131e-02 5.606073513627e-02 4.555553942919e-02 4.120681062341e-02 4.675238952041e-02 4.378500580788e-02 3.294093534350e-02 2.741490304470e-02 4.665416851640e-02 2.145049721003e-01 2.235758006573e-01 4.611157253385e-02 1.638539321721e-02 1.669340766966e-02 1.500607281923e-02 1.441997475922e-02 2.373932488263e-02
3.303586971015e-03 3.559472505003e-03 4.505893215537e-03 5.037130322307e-03 4.632501862943e-03 7.678488269448e-03 9.027595631778e-03 9.167498908937e-03 7.739222608507e-03 7.584456820041e-03 8.290472440422e-03 1.041779667139e-02 1.037842407823e-02 3.829235956073e-02 2.704921662807e-01 3.405228853226e-01 1.588400453329e-01 9.083265811205e-02 7.257324457169e-02 5.697193369269e-02 2.722762897611e-02 2.693442068994e-02 5.893131345510e-02 1.257436275482e-01 1.031063497066e-01 5.498131737113e-02 6.413172930479e-02 5.211024358869e-02 5.528927594423e-02 3.846600279212e-02 9.530205279589e-02 3.809247538447e-02 2.913163043559e-02 2.058987505734e-02 1.364047545940e-02 4.417613893747e-02 4.877750575542e-02 1.193411648273e-02 8.004712872207e-03 9.421426802874e-03 1.165080443025e-02 1.302558556199e-02 1.217983942479e-02
4.052284173667e-03 6.378300953656e-03 8.698555640876e-03 9.453469887376e-03 1.220448780805e-02 1.622460223734e-02 1.593990623951e-02 1.406054385006e-02 1.208960264921e-02 9.324032813311e-03 1.119381655008e-02 1.237099897116e-02 6.885061413050e-02 3.795920312405e-01 5.189778208733e-01 1.808683425188e-01 5.719910562038e-02 3.495403379202e-02 3.553895652294e-02 3.102681785822e-02 2.986214309931e-02 6.806625425816e-02 1.341257244349e-01 1.785082221031e-01 1.436193734407e-01 7.391707599163e-02 5.085171014071e-02 3.749798610806e-02 3.384718298912e-02 3.019353002310e-02 4.095731675625e-02 1.870878413320e-02 2.116073295474e-02 1.715699769557e-02 1.077718194574e-02 6.388271693140e-03 5.265803541988e-03 5.123015027493e-03 5.383592098951e-03 6.706023588777e-03 9.005337953568e-03 1.138947624713e-02 1.165199372917e-02
6.717187818140e-03 1.005020737648e-02 1.335556898266e-02 1.786361634731e-02 3.456732630730e-02 3.436434641480e-02 4.808645695448e-02 3.443234786391e-02 3.914140537381e-02 2.325032278895e-02 1.306748855859e-02 8.982159197330e-02 3.617931604385e-01 3.600001335144e-01 9.413662552834e-02 2.847409807146e-02 5.280179157853e-02 6.977307051420e-02 4.928526282310e-02 5.735900625587e-02 6.938509643078e-02 6.978766620159e-02 1.014708280563e-01 8.282791823149e-02 5.617195740342e-02 4.370814561844e-02 2.724018879235e-02 1.061019394547e-02 1.083007361740e-02 1.075467281044e-02 1.377247367054e-02 1.007350347936e-02 8.879850618541e-03 6.131328642368e-03 6.270759273320e-03 6.387942004949e-03 6.594825536013e-03 6.923545151949e-03 7.364208810031e-03 7.930805906653e-03 8.017737418413e-03 9.560775011778e-03 1.213180273771e-02
