100/SI/f34_max.grd
DSAA
101	101
32.816463539100	34.260883539100
35.556306596100	36.727886596100
4.469942723517e-05	7.285392761230e+00
[rows 76 to 94 of 101, columns 0 to 42 of 101]
4.695041570812e-04 6.792593048885e-04 8.941334672272e-04 1.059070229530e-03 1.138366758823e-03 1.145803951658e-03 1.106955576688e-03 1.045054872520e-03 9.746640571393e-04 1.053548534401e-03 1.191214891151e-03 1.428303075954e-03 1.691357116215e-03 1.859956886619e-03 1.893714768812e-03 1.838241238147e-03 1.674092723988e-03 1.785791246220e-03 1.838463358581e-03 1.963819144294e-03 2.711678855121e-03 2.653411589563e-03 1.735849189572e-03 1.884395605884e-03 1.746047521010e-03 1.607590354979e-03 1.634937128983e-03 1.818198594265e-03 2.053307835013e-03 2.170030260459e-03 2.089271321893e-03 1.967631513253e-03 1.912963110954e-03 1.883724471554e-03 2.075910568237e-03 2.495279069990e-03 4.822107031941e-03 5.746016744524e-03 5.408379249275e-03 3.821649821475e-03 3.744272049516e-03 6.235178094357e-03 1.086046919227e-02
4.724930040538e-04 7.641533738934e-04 1.014572684653e-03 1.170564326458e-03 1.232892856933e-03 1.226803404279e-03 1.178203732707e-03 1.106298179366e-03 1.150892698206e-03 1.277704606764e-03 1.470406423323e-03 1.738460501656e-03 1.986333401874e-03 2.106977626681e-03 2.074257936329e-03 1.923851901665e-03 1.638760324568e-03 1.686748466454e-03 1.693513127975e-03 1.507421955466e-03 1.547424588352e-03 1.623116666451e-03 1.414389698766e-03 1.706966315396e-03 1.808855682611e-03 1.659549307078e-03 1.782724168152e-03 2.146962797269e-03 2.382856095210e-03 2.410046523437e-03 2.248016651720e-03 2.062879269943e-03 2.047612098977e-03 2.012788550928e-03 2.447966719046e-03 2.617707476020e-03 4.320906475186e-03 4.831051453948e-03 5.308607593179e-03 6.016558036208e-03 1.244352664798e-02 1.622708886862e-02 1.536035072058e-02
5.033861380070e-04 8.031544275582e-04 1.046398654580e-03 1.184364198707e-03 1.228524255566e-03 1.208159606904e-03 1.146718277596e-03 1.253301976249e-03 1.412341138348e-03 1.580222509801e-03 1.797258388251e-03 2.026071073487e-03 2.173791639507e-03 2.169352024794e-03 2.013868419454e-03 1.748540089466e-03 1.388965523802e-03 1.459487713873e-03 1.413126708940e-03 1.238987431861e-03 1.128884032369e-03 1.266732579097e-03 1.535214134492e-03 2.046586479992e-03 2.155282767490e-03 1.942518749274e-03 2.383172977716e-03 2.585174748674e-03 2.643985208124e-03 2.585656708106e-03 2.417506417260e-03 2.240749541670e-03 2.133797854185e-03 2.463452517986e-03 3.174933372065e-03 4.082081839442e-03 5.375195760280e-03 6.672687828541e-03 5.581651814282e-03 1.465393975377e-02 1.689155213535e-02 1.629490964115e-02 1.608456671238e-02
4.548603610601e-04 7.190724136308e-04 9.272480383515e-04 1.039045164362e-03 1.067484961823e-03 1.038072281517e-03 1.191914430819e-03 1.356565509923e-03 1.488350098953e-03 1.619248068891e-03 1.756677287631e-03 1.858523348346e-03 1.869560568593e-03 1.759631559253e-03 1.553872250952e-03 1.299351220950e-03 1.218894496560e-03 1.175826415420e-03 1.098975772038e-03 1.010463456623e-03 1.045311219059e-03 1.164077431895e-03 1.842755242251e-03 2.506596269086e-03 2.710505854338e-03 2.845663344488e-03 2.924911910668e-03 2.947323955595e-03 2.776610199362e-03 2.611241769046e-03 2.471129177138e-03 2.345971763134e-03 2.601976273581e-03 3.083498217165e-03 3.933661617339e-03 4.534411244094e-03 4.422679077834e-03 7.223055232316e-03 8.416193537414e-03 1.241551619023e-02 1.442032586783e-02 1.458294410259e-02 1.478498522192e-02
3.779722901527e-04 6.053185206838e-04 7.380970637314e-04 8.032596088015e-04 8.247001678683e-04 9.601322235540e-04 1.102892216295e-03 1.190693350509e-03 1.231160596944e-03 1.267154002562e-03 1.308996928856e-03 1.333685126156e-03 1.307425671257e-03 1.209685695358e-03 1.248285523616e-03 1.277547911741e-03 1.263734186068e-03 1.198673737235e-03 1.096563064493e-03 9.890191722661e-04 9.845492895693e-04 1.215071766637e-03 2.075043274090e-03 2.851435914636e-03 3.231466049328e-03 3.426506882533e-03 3.452182980254e-03 3.541239304468e-03 3.450564807281e-03 2.968902932480e-03 2.551511162892e-03 2.453012391925e-03 2.864427631721e-03 3.130065044388e-03 3.312265966088e-03 3.537001088262e-03 4.703131504357e-03 6.970649585128e-03 9.210866875947e-03 9.339894168079e-03 1.461030356586e-02 1.752753369510e-02 1.374851353467e-02
5.150002543814e-04 7.806214853190e-04 9.444961906411e-04 1.015333691612e-03 1.057506538928e-03 1.076592016034e-03 1.082926406525e-03 1.075915759429e-03 1.055460423231e-03 1.027217833325e-03 1.076200976968e-03 1.169458380900e-03 1.250503351912e-03 1.320571172982e-03 1.369925215840e-03 1.382274786010e-03 1.343344687484e-03 1.248852815479e-03 1.117671490647e-03 1.086598145775e-03 1.028090482578e-03 1.310052117333e-03 2.138309879228e-03 2.942654071376e-03 7.293307222426e-03 2.158734388649e-02 2.297267876565e-02 1.034319028258e-02 6.021006498486e-03 4.746903665364e-03 3.368197241798e-03 2.590158255771e-03 3.037535818294e-03 3.985885530710e-03 3.250159556046e-03 3.837460884824e-03 4.252065438777e-03 7.195642683655e-03 1.257570087910e-02 1.228977739811e-02 1.362106390297e-02 1.800059154630e-02 2.475543320179e-02
7.292450172827e-04 1.078459550627e-03 1.284931786358e-03 1.395193394274e-03 1.425924594514e-03 1.417839201167e-03 1.389225013554e-03 1.345642260276e-03 1.290343585424e-03 1.243097241968e-03 1.461557461880e-03 1.679252251051e-03 1.868244260550e-03 1.997753279284e-03 2.041291212663e-03 1.986401854083e-03 1.833981717937e-03 1.595131121576e-03 1.472945674323e-03 1.400293665938e-03 1.311492058448e-03 1.517079421319e-03 2.138625131920e-03 4.778444766998e-03 2.020492404699e-02 5.816572159529e-02 6.359722465277e-02 3.198710829020e-02 1.386213675141e-02 6.814324762672e-03 4.399809986353e-03 3.302622353658e-03 3.007115097716e-03 4.249486606568e-03 4.639831371605e-03 4.811452236027e-03 4.303062800318e-03 6.482211872935e-03 1.482717692852e-02 2.229340933263e-02 1.471720542759e-02 1.421510428190e-02 3.149976208806e-02
9.162594797090e-04 1.308044767939e-03 1.564795151353e-03 1.664053997956e-03 1.659521833062e-03 1.604771357961e-03 1.526337000541e-03 1.485548214987e-03 1.744641456753e-03 2.128635533154e-03 2.525068353862e-03 2.899541286752e-03 3.218284575269e-03 3.469754708931e-03 3.643231699243e-03 3.706051735207e-03 3.610388608649e-03 3.300318028778e-03 2.722773002461e-03 2.021605381742e-03 1.869906554930e-03 1.911930390634e-03 4.193616565317e-03 7.611866574734e-03 2.193992771208e-02 1.806832849979e-01 3.382122218609e-01 7.347375899553e-02 3.214665129781e-02 1.151249185205e-02 5.387124139816e-03 4.087382461876e-03 3.993780352175e-03 5.554896779358e-03 6.676653400064e-03 6.507718935609e-03 5.368552170694e-03 7.824040018022e-03 1.248686388135e-02 2.737150155008e-02 2.752647362649e-02 1.358376070857e-02 3.279848769307e-02
9.751886827871e-04 1.363851362839e-03 1.593668246642e-03 1.648500678129e-03 1.592420740053e-03 1.659532426856e-03 1.833239570260e-03 1.948130549863e-03 2.333274809644e-03 2.873038407415e-03 3.436107886955e-03 3.970765043050e-03 4.440060816705e-03 4.858890082687e-03 5.260980688035e-03 5.642066244036e-03 5.896665155888e-03 5.793787539005e-03 5.021661054343e-03 3.606367856264e-03 2.761370735243e-03 3.940814640373e-03 6.938863545656e-03 9.841271676123e-03 4.326393827796e-02 1.039554625750e-01 1.323521137238e-01 4.010462388396e-02 1.510907057673e-02 9.160009212792e-03 7.838822901249e-03 9.574480354786e-03 1.236348599195e-02 1.146881002933e-02 8.365463465452e-03 8.253258652985e-03 6.834522821009e-03 7.982849143445e-03 8.801815100014e-03 1.798829063773e-02 2.393149212003e-02 1.537226047367e-02 5.753432959318e-02
1.328607089818e-03 2.103040460497e-03 2.649747068062e-03 2.959210658446e-03 3.130444791168e-03 3.195249941200e-03 3.161745145917e-03 3.043602220714e-03 2.863437170163e-03 2.978271804750e-03 3.595491172746e-03 4.217741079628e-03 4.808756522834e-03 5.376182496548e-03 5.981788039207e-03 6.695133168250e-03 7.387337740511e-03 7.640368770808e-03 6.883481517434e-03 6.245755590498e-03 6.236596964300e-03 6.718785502017e-03 8.650318719447e-03 1.175641361624e-02 2.237600088120e-02 8.265074342489e-03 6.478416733444e-03 6.476341746747e-03 7.048897445202e-03 7.632374297827e-03 8.444843813777e-03 5.866849422455e-02 3.864682093263e-02 3.089040517807e-02 1.864276081324e-02 2.759147994220e-02 2.540755830705e-02 1.194813661277e-02 9.222251363099e-03 1.110204588622e-02 1.655403338373e-02 4.380923137069e-02 6.658107787371e-02
2.436917275190e-03 3.786337561905e-03 4.635750316083e-03 4.977881908417e-03 5.030058789998e-03 4.901035688818e-03 4.646297544241e-03 4.313752520829e-03 4.023657180369e-03 4.172660410404e-03 4.277845844626e-03 4.311490338296e-03 4.615540150553e-03 5.241779610515e-03 5.833520088345e-03 6.498086731881e-03 7.154746912420e-03 1.058385148644e-02 1.366807334125e-02 1.376109290868e-02 1.405709143728e-02 1.391602959484e-02 1.017676852643e-02 1.225033681840e-02 6.077642086893e-03 4.594800062478e-03 4.213314503431e-03 3.649355378002e-03 4.132503177971e-03 5.774033255875e-03 1.286072283983e-02 6.955266743898e-02 4.968412593007e-02 3.451901674271e-02 3.010602854192e-02 6.401047855616e-02 6.111089140177e-02 2.763999253511e-02 2.075373567641e-02 1.922137103975e-02 2.443055622280e-02 4.133493825793e-02 7.406310737133e-02
3.534613875672e-03 5.378035828471e-03 6.327949929982e-03 6.509744096547e-03 7.974763400853e-03 8.577168919146e-03 8.432265371084e-03 7.860839366913e-03 7.090494502336e-03 6.327587645501e-03 6.392525509000e-03 6.252908613533e-03 6.647214759141e-03 7.665624842048e-03 8.396913297474e-03 9.059594012797e-03 1.029777340591e-02 1.136697269976e-02 1.042423397303e-02 1.191839016974e-02 1.249964442104e-02 1.019508019090e-02 8.354893885553e-03 4.786896519363e-03 4.205903038383e-03 3.265448845923e-03 2.706617116928e-03 2.170832594857e-03 1.990705961362e-03 3.540199482813e-03 5.644519813359e-03 2.969741262496e-02 3.949976712465e-02 5.988457053900e-02 6.358895450830e-02 8.175300061703e-02 5.836801603436e-02 2.748139202595e-02 4.310282692313e-02 4.318418726325e-02 3.041719645262e-02 3.989014774561e-02 1.278330087662e-01
4.144085571170e-03 6.243524607271e-03 7.220058236271e-03 8.066892623901e-03 9.783496148884e-03 1.044541690499e-02 1.020797155797e-02 9.456611238420e-03 8.449842222035e-03 7.370382081717e-03 6.515535525978e-03 7.168130483478e-03 8.291230536997e-03 9.519527666271e-03 1.035067066550e-02 1.062697824091e-02 9.964529424906e-03 8.192128501832e-03 6.473867688328e-03 5.598234944046e-03 4.764976445585e-03 3.341199364513e-03 2.984187332913e-03 2.853407990187e-03 2.541217021644e-03 2.073044190183e-03 1.597729162313e-03 1.516621909104e-03 1.933767925948e-03 2.897404832765e-03 4.186622798443e-03 1.648598723114e-02 1.807730458677e-02 3.504132851958e-02 4.063646122813e-02 9.271819889545e-02 8.166965097189e-02 4.278120398521e-02 3.929569199681e-02 1.709646433592e-01 4.020883738995e-01 1.040836274624e-01 6.395491957664e-02
3.091795369983e-03 4.613428842276e-03 5.269912071526e-03 5.342024844140e-03 6.377635989338e-03 6.739844102412e-03 6.548433564603e-03 6.044193636626e-03 5.382497794926e-03 4.683051723987e-03 4.363277927041e-03 4.694212693721e-03 4.874966107309e-03 4.907174035907e-03 4.797585308552e-03 4.866580478847e-03 4.364948719740e-03 3.497304860502e-03 4.072673618793e-03 3.838920965791e-03 3.058113390580e-03 2.227244898677e-03 2.083835657686e-03 1.857359311543e-03 1.553039997816e-03 1.220766222104e-03 1.381561742164e-03 1.923097763211e-03 2.411564812064e-03 4.959304351360e-03 6.277123000473e-03 9.340506978333e-03 1.613756641746e-02 1.211848109961e-02 1.046923920512e-02 1.280864048749e-02 7.959739863873e-02 4.601990059018e-02 3.554703667760e-02 2.283308506012e-01 5.040476918221e-01 5.534186586738e-02 1.995752379298e-02
1.463146531023e-03 2.160588745028e-03 2.527850447223e-03 2.874015830457e-03 3.009337931871e-03 3.159237559885e-03 3.189033828676e-03 3.020955482498e-03 2.871520584449e-03 2.829959616065e-03 2.777084475383e-03 2.550736535341e-03 2.615381497890e-03 2.688880776986e-03 2.668085042387e-03 2.524515613914e-03 3.373858053237e-03 4.308088216931e-03 4.058878868818e-03 3.036484820768e-03 1.936484361067e-03 1.405278453603e-03 1.273512607440e-03 1.102906186134e-03 9.191862773150e-04 1.407014555298e-03 2.169661922380e-03 2.899005543441e-03 4.001469351351e-03 6.505195517093e-03 8.919597603381e-03 1.203484926373e-02 1.380032952875e-02 1.179619692266e-02 7.174202706665e-03 8.335165679455e-03 1.621626317501e-02 4.089543595910e-02 6.719010323286e-02 7.042898982763e-02 3.730276599526e-02 1.425926294178e-02 1.330604963005e-02
9.619439369999e-04 1.401272136718e-03 1.777312252671e-03 2.008371986449e-03 2.098986646160e-03 2.089291578159e-03 2.038961276412e-03 1.941820955835e-03 1.826867810450e-03 1.705463626422e-03 1.581218326464e-03 1.457450212911e-03 1.338971545920e-03 1.303314580582e-03 1.287097693421e-03 1.838996773586e-03 3.132996615022e-03 3.705174895003e-03 3.169437404722e-03 2.183037344366e-03 1.327976933680e-03 8.470412576571e-04 8.456213399768e-04 9.251802111976e-04 1.255641924217e-03 2.138266339898e-03 3.227593842894e-03 4.535767715424e-03 6.469112820923e-03 8.827947080135e-03 1.321893651038e-02 1.364281401038e-02 1.235204283148e-02 6.713144015521e-03 5.082101095468e-03 6.922077387571e-03 8.412057533860e-03 3.189231082797e-02 7.888425141573e-02 4.545433074236e-02 2.703244797885e-02 1.217060536146e-02 1.154839806259e-02
6.692144088447e-04 9.692253661342e-04 1.212388044223e-03 1.363295014016e-03 1.431260141544e-03 1.439913641661e-03 1.408826094121e-03 1.350646605715e-03 1.274197478779e-03 1.183832413517e-03 1.084742019884e-03 9.794703219086e-04 1.037039561197e-03 1.043207012117e-03 9.630251443014e-04 1.089727855287e-03 1.951027428731e-03 2.426842693239e-03 2.266190480441e-03 1.771658309735e-03 1.250518718734e-03 8.399751386605e-04 9.043789468706e-04 1.038898248225e-03 1.774645526893e-03 3.931961953640e-03 8.410595357418e-03 7.781761232764e-03 6.429040338844e-03 1.191646419466e-02 1.623271964490e-02 1.392020005733e-02 9.986312128603e-03 4.699176643044e-03 5.001305136830e-03 6.878887303174e-03 9.630215354264e-03 3.435217589140e-02 5.779561027884e-02 2.717269398272e-02 1.575432904065e-02 9.715166874230e-03 8.717819117010e-03
4.479605704546e-04 6.428349297494e-04 7.973980391398e-04 8.916834485717e-04 9.332330082543e-04 9.376155794598e-04 9.157414897345e-04 8.746437379159e-04 8.184866746888e-04 7.508106646128e-04 7.418699678965e-04 8.341870852746e-04 8.706236258149e-04 8.326732786372e-04 7.996716303751e-04 9.148478857242e-04 1.016105990857e-03 1.239477540366e-03 1.416459912434e-03 1.366014475934e-03 1.161762862466e-03 9.171119891107e-04 9.651282452978e-04 1.323443604633e-03 2.310052746907e-03 6.852892693132e-03 9.805411100388e-03 5.844518076628e-03 6.545088719577e-03 1.260424964130e-02 1.707140728831e-02 1.351823657751e-02 9.436643682420e-03 6.474021356553e-03 7.110406644642e-03 6.875385995954e-03 1.491238642484e-02 5.966840684414e-02 4.316141828895e-02 1.137567497790e-02 2.278367802501e-02 9.896169416606e-03 6.738988216966e-03
2.634200791363e-04 3.746924339794e-04 4.613782512024e-04 5.125665338710e-04 5.331631982699e-04 5.322527722456e-04 5.159003776498e-04 4.879755724687e-04 4.670018388424e-04 5.702961934730e-04 6.676296470687e-04 7.314230315387e-04 7.368677179329e-04 8.170011569746e-04 9.448598138988e-04 1.074262894690e-03 1.187215326354e-03 1.260642311536e-03 1.272036461160e-03 1.212853239849e-03 1.105155912228e-03 1.028587343171e-03 1.143151544966e-03 1.649279380217e-03 2.786348573864e-03 7.683543022722e-03 8.099813945591e-03 6.441209465265e-03 5.864176899195e-03 1.127484533936e-02 1.580512896180e-02 1.231119967997e-02 1.205971557647e-02 8.137149736285e-03 8.566956035793e-03 6.161929108202e-03 1.419756375253e-02 3.821301460266e-02 1.873685047030e-02 1.335245091468e-02 3.020745329559e-02 9.746204130352e-03 5.154851358384e-03
