100/SI/f34_max.grd
DSAA
101	101
32.816463539100	34.260883539100
35.556306596100	36.727886596100
4.469942723517e-05	7.285392761230e+00
[rows 19 to 37 of 101, columns 0 to 42 of 101]
1.403090823442e-02 2.860053442419e-02 3.656647354364e-02 3.724814951420e-02 3.071585670114e-02 2.430641651154e-02 1.662933640182e-02 1.886707544327e-02 2.274126000702e-02 2.736238949001e-02 3.605496510863e-02 4.305952042341e-02 4.196072369814e-02 4.550300538540e-02 4.584430158138e-02 4.445080086589e-02 4.226633533835e-02 4.049649462104e-02 4.695188254118e-02 4.228208214045e-02 4.354763403535e-02 4.697767645121e-02 5.040371417999e-02 4.814814031124e-02 4.295248165727e-02 3.629475459456e-02 3.755957260728e-02 6.001223251224e-02 7.151718437672e-02 5.400101095438e-02 4.966377466917e-02 4.556605592370e-02 4.825504124165e-02 4.823493212461e-02 4.831121861935e-02 4.665953665972e-02 3.725559264421e-02 3.254972025752e-02 3.488581255078e-02 3.357342258096e-02 4.858998209238e-02 1.198732629418e-01 5.564539134502e-02
1.097317412496e-02 2.305366471410e-02 3.108044341207e-02 3.399198129773e-02 3.021770343184e-02 2.902785502374e-02 2.659087069333e-02 1.899226196110e-02 2.532787434757e-02 2.958146855235e-02 3.142714872956e-02 3.940872102976e-02 3.495664149523e-02 4.076857864857e-02 4.406885430217e-02 4.546888545156e-02 4.536856710911e-02 4.329680278897e-02 5.459927767515e-02 4.379804432392e-02 5.134276300669e-02 6.161188334227e-02 6.637905538082e-02 6.432123482227e-02 6.039092317224e-02 4.672076925635e-02 4.976109042764e-02 4.857733473182e-02 7.516461610794e-02 5.484460666776e-02 4.688299074769e-02 4.413092881441e-02 4.297208786011e-02 4.335099458694e-02 4.103547334671e-02 5.311666801572e-02 3.541164100170e-02 3.724387660623e-02 3.816028311849e-02 3.915242478251e-02 6.019071117043e-02 1.014603003860e-01 8.298925310373e-02
8.446224965155e-03 1.702173613012e-02 2.349141426384e-02 2.703203260899e-02 2.550689131021e-02 2.218135446310e-02 2.739467099309e-02 2.717733941972e-02 3.109196014702e-02 3.709075972438e-02 4.278026893735e-02 5.637607350945e-02 6.763346493244e-02 6.190705299377e-02 4.212857037783e-02 4.069913551211e-02 4.300093278289e-02 4.492102935910e-02 7.955628633499e-02 6.405965238810e-02 4.819360747933e-02 7.494527846575e-02 7.943092286587e-02 8.652776479721e-02 7.130257785320e-02 6.314472109079e-02 6.217919290066e-02 3.846867755055e-02 7.072170078754e-02 5.058609694242e-02 3.885746002197e-02 4.037029296160e-02 4.766538739204e-02 3.941335901618e-02 4.315355047584e-02 5.619805678725e-02 4.475497081876e-02 3.951639309525e-02 4.121833667159e-02 4.436074569821e-02 7.018858939409e-02 7.264684140682e-02 1.101924180984e-01
1.135263312608e-02 2.038980647922e-02 1.978664286435e-02 2.072696015239e-02 2.423736266792e-02 3.067525103688e-02 3.582229465246e-02 4.288011789322e-02 5.208498612046e-02 6.547006964684e-02 8.336612582207e-02 1.045773923397e-01 1.175358742476e-01 1.021561846137e-01 6.419654935598e-02 3.932843357325e-02 5.427617952228e-02 7.625102996826e-02 9.647303074598e-02 7.845055311918e-02 6.189336255193e-02 8.138220012188e-02 8.661590516567e-02 9.718102961779e-02 7.091583311558e-02 7.190600782633e-02 7.384554296732e-02 4.638152197003e-02 5.774161219597e-02 4.192132502794e-02 3.968566656113e-02 3.930258005857e-02 4.942914843559e-02 5.023823678493e-02 5.000897869468e-02 4.769762977958e-02 6.294000148773e-02 4.391264915466e-02 4.427195340395e-02 4.871062934399e-02 7.824134081602e-02 6.783072650433e-02 1.279772669077e-01
1.102141570300e-02 2.273348718882e-02 2.467529475689e-02 2.363805659115e-02 3.038500063121e-02 4.127439856529e-02 4.524347558618e-02 4.784705489874e-02 5.301884189248e-02 6.137037277222e-02 7.411074638367e-02 8.454762399197e-02 8.660909533501e-02 7.411496341228e-02 5.430395528674e-02 4.840346798301e-02 5.281391367316e-02 7.108606398106e-02 9.473190456629e-02 6.022141873837e-02 5.799522995949e-02 8.206957578659e-02 8.651081472635e-02 9.319594502449e-02 7.432138174772e-02 7.167219370604e-02 8.323600143194e-02 7.096098363400e-02 7.164788991213e-02 6.105731800199e-02 5.277515947819e-02 7.784360647202e-02 7.275562733412e-02 5.423062294722e-02 5.284988507628e-02 5.292156711221e-02 6.977941840887e-02 5.110984668136e-02 4.837778583169e-02 5.142537876964e-02 8.275410532951e-02 6.877056509256e-02 1.307249814272e-01
2.198903262615e-02 3.797005116940e-02 2.471788972616e-02 2.481320314109e-02 2.793047018349e-02 3.592522814870e-02 4.067605733871e-02 4.025904089212e-02 4.003054276109e-02 4.166269302368e-02 4.404874891043e-02 4.666487872601e-02 4.447257146239e-02 4.900746047497e-02 4.961453750730e-02 4.444044828415e-02 4.429433494806e-02 8.152640610933e-02 9.327862411737e-02 4.953117668629e-02 4.998362436891e-02 7.599308341742e-02 8.210156112909e-02 7.942152768373e-02 7.232538610697e-02 6.557707488537e-02 8.960139006376e-02 7.847323268652e-02 6.560806930065e-02 6.351264566183e-02 6.216454133391e-02 1.002118065953e-01 1.491940766573e-01 1.420738250017e-01 1.286301314831e-01 1.227864921093e-01 1.276171803474e-01 7.856100052595e-02 6.662017852068e-02 5.490206554532e-02 8.466270565987e-02 6.642395257950e-02 1.157067716122e-01
4.077285900712e-02 8.639063686132e-02 8.898459374905e-02 7.804142683744e-02 4.875870049000e-02 2.811899781227e-02 2.713020332158e-02 2.844402380288e-02 3.101047500968e-02 4.008578136563e-02 4.806478694081e-02 5.373359471560e-02 5.548259243369e-02 5.319959297776e-02 4.857582226396e-02 5.024876073003e-02 5.294941738248e-02 7.943513989449e-02 7.831048220396e-02 4.601858556271e-02 4.984678328037e-02 6.200123205781e-02 7.099460065365e-02 6.589189171791e-02 7.450389862061e-02 7.185498625040e-02 9.296163916588e-02 9.895591437817e-02 1.052665337920e-01 9.426312893629e-02 7.111585140228e-02 5.959597975016e-02 1.208207607269e-01 1.320069581270e-01 1.455616354942e-01 1.761166304350e-01 2.201917618513e-01 1.343143433332e-01 9.835114330053e-02 8.351670205593e-02 8.314030617476e-02 6.196233257651e-02 8.659764379263e-02
4.355805739760e-02 9.390863031149e-02 1.083829328418e-01 1.279459297657e-01 1.401015222073e-01 1.215770840645e-01 6.816478073597e-02 3.729466721416e-02 5.086678266525e-02 5.940851569176e-02 6.103578582406e-02 5.774488672614e-02 5.399690940976e-02 7.273669540882e-02 8.015330135822e-02 7.958789914846e-02 7.835938781500e-02 7.623050361872e-02 7.529815286398e-02 7.272736728191e-02 7.108303159475e-02 7.107762992382e-02 6.894624978304e-02 8.637385070324e-02 1.040065139532e-01 8.997363597155e-02 1.017602384090e-01 1.307134628296e-01 1.322051882744e-01 1.174766868353e-01 8.774287253618e-02 6.415659189224e-02 7.098381966352e-02 1.115724444389e-01 1.663105785847e-01 1.464163661003e-01 1.489370167255e-01 1.127478480339e-01 1.198949143291e-01 1.221107989550e-01 9.934893995523e-02 6.400511413813e-02 7.706876099110e-02
2.797092869878e-02 6.172160431743e-02 7.178284972906e-02 8.811926841736e-02 1.146735846996e-01 1.508034169674e-01 1.704439818859e-01 1.325915753841e-01 6.925993412733e-02 6.422543525696e-02 5.718938633800e-02 7.372841238976e-02 8.695609122515e-02 9.057325124741e-02 8.607930690050e-02 8.602432906628e-02 8.514895290136e-02 8.259395509958e-02 8.651475608349e-02 8.729734271765e-02 8.971394598484e-02 9.747195988894e-02 9.214972704649e-02 8.484779298306e-02 8.200895041227e-02 1.058360934258e-01 1.014331430197e-01 1.253468543291e-01 1.379087120295e-01 1.238259300590e-01 9.256708621979e-02 1.004101634026e-01 1.295944303274e-01 1.734710186720e-01 2.069119662046e-01 1.498069465160e-01 1.040626317263e-01 8.688418567181e-02 1.075506657362e-01 1.378833353519e-01 1.505810022354e-01 1.023040860891e-01 7.688243687153e-02
1.924454979599e-02 3.778367489576e-02 4.722191765904e-02 4.348314553499e-02 4.990062862635e-02 7.470151036978e-02 1.168274804950e-01 1.584960669279e-01 1.581020951271e-01 1.087978705764e-01 8.245671540499e-02 8.705417066813e-02 8.824068307877e-02 8.427969366312e-02 8.284091204405e-02 8.145753294230e-02 7.722346484661e-02 8.284087479115e-02 8.498034626245e-02 8.812082558870e-02 9.338348358870e-02 9.010665863752e-02 8.657568693161e-02 8.545487374067e-02 8.404056727886e-02 8.265572041273e-02 8.709928393364e-02 9.700617194176e-02 1.168925985694e-01 1.216265186667e-01 9.533714503050e-02 1.164612174034e-01 1.403494924307e-01 1.594537049532e-01 1.544270217419e-01 9.672142565250e-02 1.015557721257e-01 1.170546188951e-01 1.263880133629e-01 1.135987713933e-01 1.685886979103e-01 1.714770644903e-01 9.599751234055e-02
2.233263477683e-02 4.395774379373e-02 4.369603842497e-02 5.366159230471e-02 4.404605180025e-02 3.803729265928e-02 4.473016038537e-02 8.229630440474e-02 1.321204900742e-01 1.535522490740e-01 1.251103729010e-01 8.327720314264e-02 7.913051545620e-02 7.737523317337e-02 7.237903773785e-02 7.029858231544e-02 7.253655046225e-02 7.887221127748e-02 7.668539136648e-02 7.654074579477e-02 6.907266378403e-02 5.667652189732e-02 7.176385819912e-02 6.370257586241e-02 9.646888822317e-02 8.601743727922e-02 9.848837554455e-02 1.083336547017e-01 9.053488075733e-02 9.780523926020e-02 1.085130274296e-01 1.167801320553e-01 1.012897938490e-01 1.245742589235e-01 9.256810694933e-02 7.920109480619e-02 1.025251746178e-01 1.415156871080e-01 1.695504337549e-01 1.605841964483e-01 1.364405602217e-01 2.119600772858e-01 1.596081256866e-01
2.884976007044e-02 5.545861274004e-02 5.157018825412e-02 5.303035676479e-02 5.912682786584e-02 4.429057985544e-02 6.157468631864e-02 7.482176274061e-02 8.273369818926e-02 1.155800893903e-01 1.488626897335e-01 1.349718123674e-01 8.261284232140e-02 6.642948091030e-02 6.535455584526e-02 6.687391549349e-02 6.922001391649e-02 6.837286800146e-02 7.223699986935e-02 7.106860727072e-02 6.197464093566e-02 5.125843733549e-02 5.497236549854e-02 8.792369067669e-02 1.312280595303e-01 1.767536401749e-01 2.123977094889e-01 1.728934645653e-01 1.163631528616e-01 1.087533459067e-01 1.338013708591e-01 9.418441355228e-02 7.031291723251e-02 1.551234275103e-01 6.442204862833e-02 9.173875302076e-02 8.490745723248e-02 1.189897730947e-01 1.731813699007e-01 1.863618642092e-01 1.604403853416e-01 1.785183250904e-01 2.421450763941e-01
2.621477656066e-02 5.729782953858e-02 6.056749820709e-02 5.917789787054e-02 6.251477450132e-02 6.325510144234e-02 7.585342973471e-02 7.974418252707e-02 7.919815182686e-02 7.484077662230e-02 1.034487187862e-01 1.474696844816e-01 1.439322531223e-01 9.929323941469e-02 6.271503120661e-02 6.258486956358e-02 6.033578142524e-02 5.525579303503e-02 7.397868484259e-02 7.700651884079e-02 7.787452638149e-02 6.494250893593e-02 5.950405076146e-02 1.089091375470e-01 1.849263906479e-01 2.726876139641e-01 3.200533092022e-01 3.059588074684e-01 1.992283463478e-01 1.254823505878e-01 1.441925168037e-01 1.211587041616e-01 1.127419695258e-01 1.894520670176e-01 9.782091528177e-02 1.888089627028e-01 1.366614103317e-01 9.739030897617e-02 1.323214322329e-01 1.903179734945e-01 1.951897144318e-01 1.649785339832e-01 2.597549855709e-01
3.218616545200e-02 6.552284210920e-02 6.626901775599e-02 6.434419006109e-02 6.682960689068e-02 7.576269656420e-02 7.633043080568e-02 7.715918123722e-02 7.092720270157e-02 6.535831093788e-02 6.318581104279e-02 8.899742364883e-02 1.430056095123e-01 1.507352143526e-01 1.142161339521e-01 5.417321622372e-02 5.034992471337e-02 5.641205981374e-02 6.572075188160e-02 1.047436147928e-01 9.467242658138e-02 8.683951944113e-02 7.966680079699e-02 1.087016165257e-01 1.890954226255e-01 2.698199748993e-01 3.673465251923e-01 4.304363131523e-01 3.589706718922e-01 1.733526438475e-01 1.566417664289e-01 1.699862331152e-01 1.621353626251e-01 2.240294963121e-01 1.246391758323e-01 2.526326179504e-01 2.093030810356e-01 1.377212703228e-01 1.262423396111e-01 1.830075979233e-01 3.921304643154e-01 1.991046369076e-01 2.118107527494e-01
4.235078021884e-02 7.969269156456e-02 7.389339804649e-02 7.886853069067e-02 8.368932455778e-02 8.840622007847e-02 9.384972602129e-02 9.758893400431e-02 9.970746934414e-02 1.000338420272e-01 9.702325612307e-02 9.384732693434e-02 8.986052870750e-02 1.321031600237e-01 1.533481776714e-01 1.277412027121e-01 6.395371258259e-02 5.772459134459e-02 6.351751089096e-02 1.000918149948e-01 1.060575470328e-01 9.555362910032e-02 8.807485550642e-02 9.328607469797e-02 1.565835922956e-01 2.330066412687e-01 3.607938885689e-01 5.039657950401e-01 4.759697616100e-01 2.895789146423e-01 2.248530238867e-01 2.834888696671e-01 3.043518066406e-01 2.808538675308e-01 2.326048761606e-01 2.723126411438e-01 2.593219578266e-01 2.001918107271e-01 2.274747788906e-01 2.041158378124e-01 5.600037574768e-01 4.580466151237e-01 1.238340362906e-01
4.338494315743e-02 9.014928340912e-02 8.998695760965e-02 8.724804222584e-02 7.690552622080e-02 6.941439211369e-02 6.577768176794e-02 7.271139323711e-02 8.050997555256e-02 8.970224112272e-02 9.993815422058e-02 1.118435785174e-01 1.231662631035e-01 1.955644190311e-01 2.002426832914e-01 1.517502367496e-01 1.429510861635e-01 1.361033022404e-01 1.268167197704e-01 1.162978932261e-01 1.049241796136e-01 9.089056402445e-02 9.922723472118e-02 9.698586165905e-02 1.070775762200e-01 1.764081865549e-01 2.599533796310e-01 4.111337959766e-01 5.221792459488e-01 3.613137006760e-01 1.709279716015e-01 1.774285882711e-01 2.607057392597e-01 3.461368978024e-01 3.844576179981e-01 3.565126359463e-01 2.572267353535e-01 2.167254239321e-01 1.635158807039e-01 2.340464442968e-01 5.840833187103e-01 7.019247412682e-01 1.883921176195e-01
3.683835268021e-02 7.428434491158e-02 7.745856791735e-02 8.441684395075e-02 8.862297981977e-02 8.564027398825e-02 7.189384847879e-02 6.249257549644e-02 6.282871961594e-02 6.279466301203e-02 6.242504715919e-02 6.106234714389e-02 5.912075191736e-02 7.515869289637e-02 1.127582490444e-01 1.235005334020e-01 1.477595567703e-01 1.427446752787e-01 1.163662001491e-01 1.287506520748e-01 1.362043619156e-01 1.405889838934e-01 1.458221077919e-01 1.523034125566e-01 1.464401632547e-01 1.173035278916e-01 1.753689497709e-01 3.116229176521e-01 4.398805797100e-01 3.225401341915e-01 1.612383723259e-01 1.135272160172e-01 1.007484719157e-01 1.684026569128e-01 2.032379209995e-01 3.304927349091e-01 4.196547865868e-01 3.879610896111e-01 2.414487153292e-01 2.640732824802e-01 3.749458491802e-01 8.323237895966e-01 3.016923964024e-01
2.981584519148e-02 5.764934420586e-02 5.743468552828e-02 5.500521138310e-02 5.613726004958e-02 6.280856579542e-02 6.561011821032e-02 6.457637250423e-02 5.491020157933e-02 5.938929319382e-02 6.452386081219e-02 6.972472369671e-02 7.451741397381e-02 7.931162416935e-02 8.419910818338e-02 8.842724561691e-02 9.210169315338e-02 1.386492252350e-01 1.477628350258e-01 1.916543543339e-01 1.501785665751e-01 1.236018314958e-01 1.180841177702e-01 1.146695092320e-01 1.152093484998e-01 1.304021477699e-01 1.738830804825e-01 1.996650844812e-01 2.813272178173e-01 2.291110455990e-01 1.157220005989e-01 1.368821412325e-01 1.020832583308e-01 1.351199448109e-01 1.588358879089e-01 1.919365972281e-01 1.936674565077e-01 3.255803585052e-01 4.601525366306e-01 3.729707300663e-01 3.334882557392e-01 6.812455058098e-01 6.135519742966e-01
1.880734041333e-02 3.790321946144e-02 3.731194138527e-02 3.640163317323e-02 4.113655909896e-02 4.836961627007e-02 5.299270153046e-02 5.557522177696e-02 5.646093562245e-02 5.202980339527e-02 4.843143746257e-02 5.090228095651e-02 5.382305756211e-02 5.430065467954e-02 5.504509061575e-02 7.347045093775e-02 8.179925382137e-02 1.095000728965e-01 2.071596831083e-01 2.170051783323e-01 1.923042684793e-01 1.641974896193e-01 1.920093297958e-01 2.298426479101e-01 1.617743521929e-01 1.851971298456e-01 1.803764849901e-01 1.676683276892e-01 1.748207807541e-01 2.304237484932e-01 2.163985967636e-01 1.352966129780e-01 1.408808976412e-01 1.481384038925e-01 1.603709012270e-01 1.667284518480e-01 1.725482791662e-01 2.222375273705e-01 3.258228003979e-01 3.795569539070e-01 4.534322917461e-01 6.097387075424e-01 5.036974549294e-01
