100/SI/f34_max.grd
DSAA
101	101
32.816463539100	34.260883539100
35.556306596100	36.727886596100
4.469942723517e-05	7.285392761230e+00
[rows 0 to 18 of 101, columns 43 to 85 of 101]
1.065437775105e-02 1.817707531154e-02 2.093480154872e-02 1.658504083753e-02 1.155486330390e-02 1.163698639721e-02 1.001144945621e-02 9.147447533906e-03 6.014439277351e-03 8.726154454052e-03 1.157675590366e-02 1.372267864645e-02 1.634671166539e-02 2.334429323673e-02 1.048016641289e-02 1.291025802493e-02 1.638714037836e-02 1.790083758533e-02 1.209217589349e-02 8.002897724509e-03 9.027221240103e-03 1.179300434887e-02 1.210055127740e-02 1.319743599743e-02 1.340058725327e-02 9.610614739358e-03 6.444258149713e-03 6.499873008579e-03 1.227667089552e-02 1.841721683741e-02 1.480943243951e-02 7.261676248163e-03 9.170452132821e-03 5.993066355586e-03 6.121199112386e-03 5.254514981061e-03 4.496997687966e-03 4.089456051588e-03 3.008855273947e-03 3.035977017134e-03 4.048744682223e-03 6.766911596060e-03 6.723730824888e-03
1.846759580076e-02 3.292207419872e-02 4.110097885132e-02 3.635830059648e-02 2.724633365870e-02 2.520567923784e-02 2.091862261295e-02 1.774236187339e-02 1.647820137441e-02 1.916415244341e-02 2.134168893099e-02 2.426481992006e-02 3.232882171869e-02 4.661781713367e-02 1.995878294110e-02 2.452096715569e-02 3.095311485231e-02 3.350056335330e-02 2.299869991839e-02 1.542552374303e-02 1.788670010865e-02 2.249116264284e-02 2.394751086831e-02 2.305606938899e-02 2.371842414141e-02 2.001312002540e-02 1.194667536765e-02 1.350295171142e-02 2.774782478809e-02 4.412661120296e-02 2.635212615132e-02 1.197942532599e-02 1.794198900461e-02 1.103322207928e-02 1.184427272528e-02 9.795667603612e-03 8.036422543228e-03 7.195551879704e-03 5.793964490294e-03 5.777705460787e-03 8.955728262663e-03 1.370857469738e-02 1.277154311538e-02
2.321900054812e-02 3.361634537578e-02 4.591450840235e-02 4.513018950820e-02 3.666957095265e-02 3.665572404861e-02 2.479846589267e-02 2.184827439487e-02 2.945774979889e-02 2.944084815681e-02 2.120945602655e-02 2.687040157616e-02 3.444832935929e-02 4.875488579273e-02 2.323759905994e-02 2.788702584803e-02 3.462950512767e-02 3.833672776818e-02 2.649316377938e-02 2.075947821140e-02 2.074254862964e-02 2.258169464767e-02 2.693211287260e-02 2.891611121595e-02 3.495941683650e-02 2.690732851624e-02 1.553110033274e-02 1.669243909419e-02 3.643822669983e-02 5.699419975281e-02 2.701054327190e-02 1.391919888556e-02 2.066443488002e-02 1.217632275075e-02 1.321764197201e-02 1.158795692027e-02 1.029998715967e-02 8.189115673304e-03 6.733930669725e-03 8.227750658989e-03 1.134906522930e-02 1.517481915653e-02 1.306906901300e-02
2.675220929086e-02 3.037558123469e-02 4.106078669429e-02 4.458539932966e-02 3.974474593997e-02 4.906322434545e-02 2.599105611444e-02 2.988077700138e-02 4.213914275169e-02 4.338788986206e-02 2.884224429727e-02 2.810403145850e-02 3.528814390302e-02 4.919664934278e-02 2.440184727311e-02 3.115810267627e-02 3.551222383976e-02 3.994164615870e-02 2.866532281041e-02 2.724527195096e-02 2.228110656142e-02 2.820105478168e-02 3.410525247455e-02 3.360618278384e-02 4.642593115568e-02 3.319283574820e-02 1.750491745770e-02 1.988884061575e-02 4.252403229475e-02 6.184111163020e-02 2.544858120382e-02 1.550380792469e-02 2.191548608243e-02 1.230970956385e-02 1.349598728120e-02 1.477193366736e-02 1.247538719326e-02 9.399774484336e-03 8.032516576350e-03 1.017696317285e-02 1.354983355850e-02 1.580529659986e-02 1.251935586333e-02
2.630500681698e-02 3.641553595662e-02 3.238851949573e-02 3.768347948790e-02 3.664188832045e-02 6.231047213078e-02 2.501363493502e-02 3.689343482256e-02 5.384344980121e-02 5.781995877624e-02 4.074091836810e-02 2.933428250253e-02 3.627660125494e-02 4.943902045488e-02 2.531446702778e-02 3.411966562271e-02 3.593185916543e-02 4.126945510507e-02 3.173870965838e-02 3.350973501801e-02 2.638720534742e-02 3.565184399486e-02 4.331822693348e-02 4.213863983750e-02 5.773831903934e-02 3.837848827243e-02 2.095039002597e-02 2.131987363100e-02 4.504429176450e-02 5.977493152022e-02 2.747467532754e-02 1.846976578236e-02 2.267263457179e-02 1.457804813981e-02 1.671184785664e-02 1.734847389162e-02 1.386717148125e-02 9.808694012463e-03 1.021527592093e-02 1.109514106065e-02 1.581319049001e-02 1.602888666093e-02 1.197696849704e-02
2.280895411968e-02 3.865156695247e-02 2.899615094066e-02 2.986577525735e-02 3.185342252254e-02 7.551513612270e-02 2.826596237719e-02 4.197616130114e-02 6.419891864061e-02 7.211452722549e-02 5.320270732045e-02 3.092325106263e-02 3.761658445001e-02 4.964235052466e-02 2.806706540287e-02 3.657931089401e-02 3.584120795131e-02 4.244066029787e-02 3.250289708376e-02 3.889106959105e-02 3.197365254164e-02 4.317279532552e-02 5.158920213580e-02 4.937698692083e-02 6.784491986036e-02 4.136771336198e-02 2.304883487523e-02 2.492211572826e-02 4.311640188098e-02 4.848985746503e-02 2.730304002762e-02 2.134927175939e-02 2.288871072233e-02 1.629028469324e-02 1.956162415445e-02 1.928131096065e-02 1.453966274858e-02 1.020744070411e-02 1.151231583208e-02 1.243284344673e-02 1.807013712823e-02 1.630702614784e-02 1.148678455502e-02
2.079265192151e-02 3.700202703476e-02 2.909103035927e-02 2.333905734122e-02 2.949424460530e-02 8.766357600689e-02 3.122779726982e-02 4.438313469291e-02 7.133696973324e-02 8.302308619022e-02 6.450816988945e-02 3.411311656237e-02 3.880048170686e-02 4.963876307011e-02 2.839843370020e-02 3.897235915065e-02 3.522955253720e-02 4.325483366847e-02 3.123333863914e-02 4.113256931305e-02 3.658198192716e-02 4.853262752295e-02 5.720726400614e-02 5.339235067368e-02 7.525663822889e-02 4.165035858750e-02 2.225044369698e-02 2.791389636695e-02 3.694234415889e-02 3.371567279100e-02 2.556421980262e-02 2.419769391418e-02 2.272679284215e-02 1.736248470843e-02 2.182279154658e-02 2.041222341359e-02 1.447104662657e-02 1.201534643769e-02 1.134570688009e-02 1.689876988530e-02 2.064620517194e-02 1.671997457743e-02 1.072398666292e-02
2.398231811821e-02 3.532363101840e-02 2.810134552419e-02 2.626362629235e-02 3.321244567633e-02 9.922049939632e-02 3.565283492208e-02 4.293485730886e-02 7.207725942135e-02 8.765827864408e-02 7.338036596775e-02 4.461286962032e-02 4.032786190510e-02 4.991078376770e-02 2.836534008384e-02 4.121536761522e-02 3.418992832303e-02 4.379180073738e-02 3.218383714557e-02 3.894887864590e-02 3.933821991086e-02 5.104651302099e-02 5.856406316161e-02 5.338056758046e-02 7.952431589365e-02 4.010870680213e-02 2.552181296051e-02 3.327485918999e-02 2.804734744132e-02 2.738415636122e-02 2.924180589616e-02 2.705870382488e-02 2.209381200373e-02 2.244724705815e-02 2.325821295381e-02 2.055521309376e-02 1.367862708867e-02 1.234386861324e-02 1.418637763709e-02 2.273889444768e-02 2.260045707226e-02 1.591252349317e-02 8.967189118266e-03
2.695909515023e-02 3.542829304934e-02 2.788717299700e-02 2.843679487705e-02 3.678965196013e-02 1.099788174033e-01 4.028760641813e-02 3.772319853306e-02 6.580515205860e-02 8.535253256559e-02 7.864090800285e-02 5.439154058695e-02 4.194184020162e-02 5.729887261987e-02 3.185997158289e-02 4.344200715423e-02 3.427923470736e-02 4.416231438518e-02 3.283354267478e-02 3.441683575511e-02 4.107220470905e-02 5.000564455986e-02 5.557316169143e-02 5.367562919855e-02 7.900792360306e-02 3.546428307891e-02 3.044100850821e-02 3.899358212948e-02 2.787185460329e-02 3.372505307198e-02 3.687435016036e-02 2.981928735971e-02 2.574788033962e-02 2.793577313423e-02 2.853593975306e-02 1.960256695747e-02 1.332908216864e-02 1.191424764693e-02 2.255698293447e-02 2.749749645591e-02 2.183692157269e-02 1.261945813894e-02 1.065369881690e-02
2.893321029842e-02 3.609286621213e-02 2.761907503009e-02 2.785863913596e-02 4.021422192454e-02 1.186479181051e-01 4.434412717819e-02 3.093788214028e-02 5.598857998848e-02 7.784321904182e-02 7.918814569712e-02 6.212458387017e-02 4.342367872596e-02 6.183493137360e-02 4.005781188607e-02 4.590949788690e-02 4.550054669380e-02 4.481766745448e-02 3.316723555326e-02 4.118518158793e-02 4.020623117685e-02 4.630310460925e-02 4.901288077235e-02 5.988971516490e-02 7.336612045765e-02 2.841331809759e-02 3.546385467052e-02 4.469271749258e-02 3.201021254063e-02 3.909536451101e-02 4.343186691403e-02 3.567655757070e-02 2.863714843988e-02 2.963819168508e-02 3.095022588968e-02 1.770013570786e-02 1.241407077760e-02 2.142221666873e-02 3.028332255781e-02 2.774116210639e-02 1.686017401516e-02 1.102376170456e-02 1.043804828078e-02
2.932841517031e-02 3.735097497702e-02 2.740591950715e-02 2.992993406951e-02 4.330390319228e-02 1.256090998650e-01 4.805891215801e-02 3.084459155798e-02 4.473815858364e-02 6.563705205917e-02 7.337407767773e-02 6.613597273827e-02 5.316723138094e-02 6.156462430954e-02 5.071427300572e-02 4.832094162703e-02 6.428807973862e-02 4.812428727746e-02 3.305734694004e-02 5.459715798497e-02 4.463474825025e-02 4.073238372803e-02 6.005287170410e-02 6.377092748880e-02 6.384511291981e-02 2.849849127233e-02 3.970048576593e-02 4.865626245737e-02 3.340159356594e-02 4.222118109465e-02 4.918992891908e-02 4.156872257590e-02 2.651101164520e-02 2.574933692813e-02 2.925945818424e-02 1.520317513496e-02 1.948398537934e-02 3.167757019401e-02 3.244181349874e-02 2.151989378035e-02 1.080862060189e-02 1.004986930639e-02 1.010634563863e-02
2.848589420319e-02 3.875373676419e-02 3.566871210933e-02 3.382412344217e-02 4.609196260571e-02 1.300560832024e-01 5.040548369288e-02 3.201548382640e-02 3.734368458390e-02 5.081997439265e-02 6.262455135584e-02 6.501378118992e-02 5.923219397664e-02 6.426592171192e-02 6.148295477033e-02 5.050712078810e-02 8.606319874525e-02 6.348099559546e-02 3.336238861084e-02 6.637942045927e-02 4.979591816664e-02 5.312944576144e-02 7.909557223320e-02 6.464339792728e-02 5.169638991356e-02 2.954659424722e-02 4.150614142418e-02 4.973904043436e-02 3.196914866567e-02 4.193812981248e-02 5.216916278005e-02 4.619421437383e-02 2.719478495419e-02 2.055075764656e-02 2.711650356650e-02 1.651327125728e-02 3.129862993956e-02 3.650320321321e-02 2.595420368016e-02 1.315926481038e-02 1.177651807666e-02 1.296681724489e-02 1.373896468431e-02
2.876517735422e-02 4.014715924859e-02 4.502803459764e-02 3.103091567755e-02 4.872957244515e-02 1.336578130722e-01 5.147225409746e-02 3.303985670209e-02 3.741734847426e-02 4.808342456818e-02 4.810891300440e-02 5.773086845875e-02 6.064239889383e-02 7.155840843916e-02 6.617926806211e-02 5.596267059445e-02 1.074265241623e-01 7.755962014198e-02 3.651787713170e-02 7.558283209801e-02 5.226697772741e-02 6.447017937899e-02 9.329044818878e-02 6.030174717307e-02 3.812446817756e-02 3.521507233381e-02 3.992162644863e-02 4.706107452512e-02 2.894700132310e-02 3.837847709656e-02 5.047820881009e-02 4.736862704158e-02 2.878908440471e-02 1.772860065103e-02 2.594581246376e-02 2.887417748570e-02 3.950373455882e-02 3.130603209138e-02 1.598334312439e-02 1.273356098682e-02 1.233471836895e-02 1.668591052294e-02 1.633974350989e-02
2.568624913692e-02 4.156592860818e-02 4.880955070257e-02 3.469597175717e-02 5.143613368273e-02 1.377668678761e-01 5.216490104795e-02 3.428004309535e-02 3.418784216046e-02 4.635860025883e-02 3.805373981595e-02 4.549052193761e-02 6.528243422508e-02 7.669182121754e-02 6.137337908149e-02 6.925144046545e-02 1.244112327695e-01 8.891025185585e-02 4.291918128729e-02 8.191160112619e-02 5.236830189824e-02 7.011101394892e-02 9.771722555161e-02 5.018844082952e-02 3.333006054163e-02 4.477952048182e-02 4.626748338342e-02 4.188672825694e-02 2.862968482077e-02 3.218436613679e-02 4.465504735708e-02 4.480952396989e-02 2.873892895877e-02 1.753223687410e-02 2.620512805879e-02 4.040735214949e-02 3.753259778023e-02 2.020931057632e-02 1.424947101623e-02 1.225690823048e-02 1.324294041842e-02 1.887108013034e-02 1.738553866744e-02
3.505747392774e-02 4.323156923056e-02 4.885524883866e-02 5.658971145749e-02 5.423565581441e-02 1.402395814657e-01 5.195180326700e-02 4.096367210150e-02 2.920307777822e-02 4.237757250667e-02 3.557019680738e-02 4.993372038007e-02 6.876339018345e-02 8.182965964079e-02 6.613301485777e-02 8.229030668736e-02 1.383619010448e-01 9.553926438093e-02 4.650371149182e-02 8.725697547197e-02 5.731809884310e-02 6.836622208357e-02 9.392324835062e-02 4.162689298391e-02 3.541772812605e-02 5.363378301263e-02 5.874898284674e-02 3.658353164792e-02 2.916239760816e-02 2.665999718010e-02 3.702883794904e-02 4.017690196633e-02 2.720800414681e-02 1.976159587502e-02 3.845519945025e-02 4.338675364852e-02 2.615481056273e-02 1.370266731828e-02 1.465876214206e-02 1.133305858821e-02 1.515454612672e-02 2.004291862249e-02 2.161274850368e-02
4.628695547581e-02 4.522571340203e-02 4.810596257448e-02 6.949017196894e-02 5.635213106871e-02 1.409770548344e-01 5.043923854828e-02 4.695257917047e-02 3.089116886258e-02 4.342045262456e-02 3.680868446827e-02 5.350507423282e-02 7.200530171394e-02 8.682975918055e-02 6.386838853359e-02 9.301786124706e-02 1.409954279661e-01 9.054197371006e-02 5.515949055552e-02 9.172515571117e-02 5.749095231295e-02 6.250284612179e-02 8.124305307865e-02 3.955108299851e-02 3.872924670577e-02 6.169703230262e-02 6.327617913485e-02 3.295750543475e-02 3.172576054931e-02 2.794086560607e-02 3.843037039042e-02 3.379082307220e-02 2.420917898417e-02 3.457323461771e-02 4.661386832595e-02 3.352109715343e-02 1.879287883639e-02 1.231443881989e-02 1.477554067969e-02 1.291519496590e-02 1.952140219510e-02 2.543771080673e-02 2.533559128642e-02
5.444010347128e-02 5.900498479605e-02 5.574171990156e-02 6.422016769648e-02 6.013131514192e-02 1.398148685694e-01 5.499184504151e-02 5.160792917013e-02 3.242336958647e-02 4.406391084194e-02 4.069196060300e-02 5.536596477032e-02 7.587994635105e-02 9.175500273705e-02 5.871125683188e-02 9.983638674021e-02 1.328809708357e-01 8.035308122635e-02 6.065447255969e-02 9.506373107433e-02 5.132996290922e-02 4.990121722221e-02 6.309385597706e-02 3.660921379924e-02 4.550927132368e-02 6.176193058491e-02 5.839364230633e-02 3.489862382412e-02 3.649911284447e-02 3.089702501893e-02 4.169170930982e-02 2.903731539845e-02 2.957327663898e-02 4.666643962264e-02 4.109655693173e-02 2.882099710405e-02 1.606825552881e-02 1.342144701630e-02 1.659609377384e-02 1.868714764714e-02 2.724681049585e-02 2.795880660415e-02 2.328687720001e-02
7.132046669722e-02 7.081670314074e-02 7.643960416317e-02 5.890477076173e-02 7.126714289188e-02 1.354101598263e-01 6.260156631470e-02 5.649241060019e-02 4.410294443369e-02 4.413651302457e-02 4.748344048858e-02 7.177644968033e-02 7.907482236624e-02 9.723706543446e-02 6.348593533039e-02 1.003351882100e-01 1.181739941239e-01 7.686629146338e-02 6.246170774102e-02 9.754057973623e-02 4.629339650273e-02 4.094555601478e-02 4.752161353827e-02 3.925941884518e-02 4.948265105486e-02 5.526833236217e-02 4.320234060287e-02 3.850528225303e-02 4.255270212889e-02 3.523232787848e-02 4.309680685401e-02 2.741932496428e-02 4.411482065916e-02 4.638791456819e-02 4.136349633336e-02 2.607596851885e-02 1.871982589364e-02 1.642571017146e-02 1.986617967486e-02 2.710746973753e-02 3.030109964311e-02 2.440737932920e-02 1.811499334872e-02
7.913984358311e-02 7.834796607494e-02 9.450110793114e-02 8.795943111181e-02 6.022264808416e-02 1.277804970741e-01 5.821327865124e-02 6.528799235821e-02 6.091997027397e-02 5.052073672414e-02 5.157934501767e-02 8.649077266455e-02 9.096112847328e-02 1.033090353012e-01 7.087273895741e-02 9.446605294943e-02 1.168830245733e-01 9.376098215580e-02 6.070067733526e-02 9.787959605455e-02 4.658085852861e-02 4.416838660836e-02 4.822231829166e-02 4.364988580346e-02 4.638486728072e-02 4.349808394909e-02 4.011441022158e-02 4.486472904682e-02 4.662068188190e-02 3.654694929719e-02 4.273255541921e-02 4.143397137523e-02 4.917270317674e-02 4.627402499318e-02 4.407753422856e-02 3.218681365252e-02 2.295517548919e-02 2.119595743716e-02 2.571615949273e-02 3.038207627833e-02 2.510189451277e-02 2.069362252951e-02 1.854430697858e-02
