100/SI/f34_max.grd
DSAA
101	101
32.816463539100	34.260883539100
35.556306596100	36.727886596100
4.469942723517e-05	7.285392761230e+00
[rows 57 to 75 of 101, columns 43 to 85 of 101]
3.076675347984e-02 3.657349944115e-02 1.859764195979e-02 2.060008421540e-02 2.039123699069e-02 3.281261026859e-02 3.704351559281e-02 4.995026439428e-02 4.360609129071e-02 2.376661077142e-02 1.649262011051e-02 1.386556401849e-02 1.022923737764e-02 1.813794113696e-02 7.551462203264e-02 2.536292076111e-01 5.628404617310e-01 5.297945737839e-01 7.624534368515e-01 2.588615417480e-01 7.467901706696e-02 5.707050487399e-02 1.035822555423e-01 1.894928663969e-01 3.243196606636e-01 2.940407395363e-01 3.197976648808e-01 2.599812150002e-01 3.391999304295e-01 3.126277923584e-01 3.301998674870e-01 2.461031824350e-01 2.559847235680e-01 3.592833578587e-01 2.231151014566e-01 1.400967836380e-01 1.635690927505e-01 2.294435650110e-01 2.877086699009e-01 2.080866843462e-01 8.667660504580e-02 7.612247020006e-02 7.361073791981e-02
2.457797341049e-02 4.111332073808e-02 1.502101123333e-02 1.597979106009e-02 1.583313383162e-02 2.381286211312e-02 4.664095863700e-02 1.502019166946e-01 1.195348948240e-01 2.564776130021e-02 1.523476932198e-02 1.039463281631e-02 8.001981303096e-03 7.907629013062e-03 1.572085358202e-02 1.512036770582e-01 1.771940737963e-01 1.845965683460e-01 1.499659568071e-01 1.518172323704e-01 1.108526661992e-01 8.422961831093e-02 6.499233841896e-02 3.909320011735e-02 1.012274324894e-01 2.020581066608e-01 3.525032401085e-01 3.593889474869e-01 3.919570446014e-01 2.157095372677e-01 2.844773828983e-01 2.595493495464e-01 2.224893569946e-01 1.955507099628e-01 1.988435238600e-01 1.496915370226e-01 1.468113660812e-01 1.768159270287e-01 1.739258617163e-01 1.594948023558e-01 1.656831502914e-01 1.738446801901e-01 1.627981066704e-01
2.042164094746e-02 1.970265619457e-02 1.368277706206e-02 1.454599574208e-02 1.479178946465e-02 2.167887613177e-02 6.625465303659e-02 1.726181656122e-01 1.697656214237e-01 3.805280476809e-02 1.570178940892e-02 8.894873782992e-03 6.324795074761e-03 5.758212413639e-03 5.885446909815e-03 7.375646382570e-03 1.018918771297e-02 1.387798227370e-02 1.801950857043e-02 2.222833782434e-02 2.615436725318e-02 3.074569441378e-02 2.066027745605e-02 2.075934223831e-02 4.964731633663e-02 2.310237139463e-01 3.980472087860e-01 4.516280293465e-01 4.335496425629e-01 4.377910196781e-01 2.888731062412e-01 2.502805590630e-01 2.125198245049e-01 1.933884769678e-01 2.716671824455e-01 2.341080456972e-01 1.941464096308e-01 1.215399429202e-01 1.308079361916e-01 1.099675893784e-01 9.690973907709e-02 9.174827486277e-02 8.023098856211e-02
1.884384825826e-02 1.697166822851e-02 1.324409712106e-02 1.475030928850e-02 1.675916276872e-02 2.201789245009e-02 1.535064727068e-01 1.714981943369e-01 2.104670852423e-01 2.936767227948e-02 1.377635821700e-02 8.582854643464e-03 5.739773623645e-03 4.658256657422e-03 4.445620812476e-03 4.678985103965e-03 5.735286045820e-03 7.558888755739e-03 1.093677990139e-02 1.270893216133e-02 1.457368582487e-02 2.924830093980e-02 1.500780601054e-02 1.381256710738e-02 4.234318435192e-02 9.457224607468e-02 3.377115726471e-01 3.743757605553e-01 3.984262347221e-01 4.255714714527e-01 3.541019558907e-01 2.746134400368e-01 1.906239241362e-01 2.446586042643e-01 1.703174263239e-01 1.498817652464e-01 1.242877691984e-01 1.027603149414e-01 9.662315994501e-02 9.506095200777e-02 1.008698418736e-01 1.431021988392e-01 1.992645710707e-01
1.596952974796e-02 1.244345866144e-02 1.301459595561e-02 1.565293967724e-02 2.440557628870e-02 3.994048386812e-02 1.211826503277e-01 2.683607637882e-01 1.035452410579e-01 1.639972068369e-02 1.003008987755e-02 7.315039634705e-03 5.239939782768e-03 3.933275118470e-03 3.598897717893e-03 3.600720083341e-03 3.911363426596e-03 5.245201289654e-03 7.223240099847e-03 8.260458707809e-03 8.592195808887e-03 1.787271723151e-02 1.067347172648e-02 1.160933449864e-02 2.592748776078e-02 8.857250958681e-02 2.397098541260e-01 3.257550001144e-01 3.375233411789e-01 2.572821378708e-01 1.986951082945e-01 2.842055559158e-01 1.943458914757e-01 1.371796131134e-01 1.522812545300e-01 1.921122074127e-01 1.740175336599e-01 1.232835054398e-01 1.151273623109e-01 1.122132316232e-01 1.087842956185e-01 1.205183938146e-01 1.499284803867e-01
1.158983819187e-02 9.561556391418e-03 1.195963751525e-02 2.836067974567e-02 6.425797194242e-02 1.487158685923e-01 2.174972742796e-01 1.369461715221e-01 1.453602500260e-02 9.943695738912e-03 7.140303961933e-03 5.879869684577e-03 4.586156923324e-03 3.748700255528e-03 3.300844226032e-03 3.438491839916e-03 3.592200111598e-03 4.340118262917e-03 6.264425814152e-03 7.706194184721e-03 8.184176869690e-03 8.682065643370e-03 8.722369559109e-03 1.296643633395e-02 3.156210854650e-02 8.271992951632e-02 1.015266627073e-01 1.015693917871e-01 1.956691741943e-01 2.264667004347e-01 2.655718624592e-01 1.696735173464e-01 2.198341339827e-01 1.612472534180e-01 1.800672858953e-01 2.126591503620e-01 4.254118204117e-01 2.684021890163e-01 1.579816341400e-01 1.295873671770e-01 1.333234608173e-01 1.310284584761e-01 1.265724003315e-01
7.481408305466e-03 7.834295742214e-03 9.906811639667e-03 1.252255123109e-02 2.756954170763e-02 1.709264218807e-01 1.110320314765e-01 1.481843180954e-02 8.646147325635e-03 7.620417512953e-03 6.384928245097e-03 5.395024083555e-03 4.229297395796e-03 3.607400692999e-03 3.215523203835e-03 3.547100350261e-03 3.673313884065e-03 3.614614019170e-03 5.153748672456e-03 6.575958803296e-03 7.428415585309e-03 7.386383600533e-03 9.273000992835e-03 1.503812521696e-02 4.695494845510e-02 9.318581223488e-02 5.515198782086e-02 7.224433124065e-02 6.725606322289e-02 3.480448722839e-01 5.067881941795e-01 2.736405730247e-01 1.504390388727e-01 2.060199975967e-01 8.131769299507e-02 8.558928966522e-02 3.180616796017e-01 1.530366092920e-01 1.246289387345e-01 9.553333371878e-02 9.818411618471e-02 1.095020249486e-01 1.180201321840e-01
6.297660525888e-03 6.848046090454e-03 8.027017116547e-03 1.015647593886e-02 1.149796042591e-02 1.600230857730e-02 1.769331097603e-02 1.206104271114e-02 6.265647709370e-03 6.469686515629e-03 5.673302803189e-03 5.185413639992e-03 4.243734758347e-03 3.435889026150e-03 3.512947820127e-03 3.582534380257e-03 3.832406131551e-03 3.795322729275e-03 4.342056345195e-03 5.575059447438e-03 6.628650240600e-03 7.032794412225e-03 7.418572902679e-03 1.236943528056e-02 3.473764657974e-02 2.140791900456e-02 2.071237377822e-02 3.392657637596e-02 7.679103314877e-02 1.522258818150e-01 1.594249010086e-01 2.014833241701e-01 3.215889632702e-01 1.724008172750e-01 1.642776578665e-01 1.275201737881e-01 1.307211369276e-01 1.107382327318e-01 5.891491845250e-02 7.351109385490e-02 7.181131094694e-02 7.759466767311e-02 9.756932407618e-02
4.952432587743e-03 5.582368467003e-03 6.651812233031e-03 8.158842101693e-03 8.772784844041e-03 9.766186587512e-03 1.033527683467e-02 6.461434997618e-03 5.506657995284e-03 5.723067093641e-03 5.337406415492e-03 4.630299750715e-03 3.867250634357e-03 3.466283436865e-03 3.430376993492e-03 3.931374289095e-03 3.882923629135e-03 3.338966751471e-03 3.838383825496e-03 4.871658515185e-03 5.764927715063e-03 6.737373769283e-03 9.588041342795e-03 1.003414206207e-02 1.018260512501e-02 1.420787815005e-02 1.384394988418e-02 3.399813920259e-02 4.746129736304e-02 6.392458081245e-02 1.326602548361e-01 2.333150357008e-01 1.723948568106e-01 3.151232898235e-01 2.012730240822e-01 1.131910756230e-01 9.399437904358e-02 8.541785925627e-02 1.028110906482e-01 9.673684835434e-02 1.205499917269e-01 1.186973899603e-01 1.380190402269e-01
4.572273697704e-03 4.518630914390e-03 5.086902063340e-03 5.779390223324e-03 6.230485159904e-03 6.137396208942e-03 5.857842508703e-03 5.655129905790e-03 6.119296886027e-03 6.050060968846e-03 5.637479014695e-03 4.913340322673e-03 4.020135849714e-03 3.554091090336e-03 3.212989307940e-03 3.160192631185e-03 3.566968487576e-03 3.618550021201e-03 3.636845853180e-03 4.388476721942e-03 5.081242881715e-03 6.017294712365e-03 9.210174903274e-03 1.037539355457e-02 1.119158789515e-02 2.316319011152e-02 3.185861930251e-02 4.095115885139e-02 5.747921764851e-02 6.205480918288e-02 1.360222399235e-01 2.583318948746e-01 1.218614280224e-01 1.298783123493e-01 2.299058735371e-01 1.944127231836e-01 1.347377598286e-01 1.145017817616e-01 1.434979587793e-01 7.385380566120e-02 9.794347733259e-02 1.191353425384e-01 1.422580480576e-01
3.756278892979e-03 4.254484549165e-03 4.468371160328e-03 4.524244926870e-03 5.066920537502e-03 5.457652732730e-03 5.879951175302e-03 5.219943355769e-03 5.022887606174e-03 5.183725617826e-03 5.570568144321e-03 5.545741412789e-03 4.774183966219e-03 4.040896892548e-03 3.831319976598e-03 3.454388584942e-03 2.975926967338e-03 3.307502716780e-03 3.744011512026e-03 4.137923009694e-03 4.542472306639e-03 5.206049885601e-03 7.837925106287e-03 7.643701042980e-03 8.457660675049e-03 2.096457779408e-02 4.482967033982e-02 6.051294133067e-02 8.512684702873e-02 4.471691697836e-02 1.319437623024e-01 6.604161858559e-02 7.090462744236e-02 8.139321208000e-02 1.299610286951e-01 1.427662223577e-01 1.853166669607e-01 1.687944084406e-01 1.253357231617e-01 1.071970388293e-01 8.204457163811e-02 8.837962150574e-02 7.133148610592e-02
3.675970947370e-03 4.065364133567e-03 4.045767243952e-03 4.125691484660e-03 4.408862907439e-03 4.903589375317e-03 5.307396873832e-03 4.741085227579e-03 3.698863089085e-03 3.951703663915e-03 4.290961660445e-03 5.063905846328e-03 5.258868914098e-03 4.370098467916e-03 4.115710966289e-03 4.973953589797e-03 4.409894812852e-03 3.589287633076e-03 3.907200414687e-03 4.067245405167e-03 4.967327695340e-03 5.513814277947e-03 6.150453351438e-03 7.531827781349e-03 8.742857724428e-03 1.528046466410e-02 3.224957361817e-02 3.843588009477e-02 5.278377979994e-02 2.988150902092e-02 6.355916708708e-02 4.852510616183e-02 8.066006749868e-02 4.918868094683e-02 9.711966663599e-02 7.282165437937e-02 1.155618652701e-01 1.417121142149e-01 1.266020536423e-01 1.707771271467e-01 1.553259491920e-01 1.242474839091e-01 1.088760644197e-01
3.540272591636e-03 3.828433342278e-03 3.682326525450e-03 3.756403923035e-03 3.773094853386e-03 3.674375824630e-03 4.070043098181e-03 3.847757354379e-03 4.574872087687e-03 4.954793956131e-03 4.498154390603e-03 4.560855682939e-03 5.022608675063e-03 5.228046793491e-03 4.776493180543e-03 6.168311461806e-03 5.491315852851e-03 4.188478458673e-03 4.218286834657e-03 4.200538620353e-03 4.827813245356e-03 5.236738827080e-03 5.838463548571e-03 7.771136239171e-03 9.134887717664e-03 1.368855312467e-02 2.055933699012e-02 2.377668954432e-02 2.544620446861e-02 3.216267749667e-02 5.379601195455e-02 8.248883485794e-02 5.566130951047e-02 1.331142783165e-01 4.638598486781e-02 6.047976762056e-02 1.237337887287e-01 1.731333136559e-01 8.487565815449e-02 9.597610682249e-02 6.099684536457e-02 1.150317341089e-01 1.014627739787e-01
3.157402854413e-03 3.413113765419e-03 3.282591700554e-03 3.233273979276e-03 3.001653123647e-03 3.032881533727e-03 3.200854640454e-03 4.208112135530e-03 5.231377203017e-03 5.377060733736e-03 4.699994344264e-03 5.204267799854e-03 5.794944241643e-03 5.632519721985e-03 5.589243024588e-03 5.758704617620e-03 6.213459186256e-03 7.280353922397e-03 6.522404029965e-03 5.855743773282e-03 6.023789756000e-03 6.490847095847e-03 7.757480256259e-03 7.891471497715e-03 9.618964046240e-03 1.182726211846e-02 1.924168504775e-02 1.937430724502e-02 3.466845676303e-02 7.012759149075e-02 8.715993911028e-02 4.455646872520e-02 4.473452270031e-02 1.354009062052e-01 7.140763103962e-02 8.786538243294e-02 7.790369540453e-02 1.010951921344e-01 7.384483516216e-02 2.825582399964e-02 2.690146490932e-02 3.632425889373e-02 7.192336767912e-02
2.911106916144e-03 2.914662240073e-03 2.890711417422e-03 2.852126024663e-03 2.931108232588e-03 3.103174269199e-03 3.296982962638e-03 3.926846198738e-03 4.404304549098e-03 4.204403609037e-03 4.935671109706e-03 5.310527514666e-03 5.154105834663e-03 5.415882449597e-03 7.397749926895e-03 1.030211150646e-02 1.169597078115e-02 1.483427267522e-02 1.480933558196e-02 1.595012284815e-02 1.137343514711e-02 1.087858621031e-02 1.261763181537e-02 1.056579034775e-02 1.204865984619e-02 1.665399596095e-02 5.011780187488e-02 4.676989465952e-02 4.492132365704e-02 6.055451929569e-02 3.413581475616e-02 3.598979488015e-02 4.842677339911e-02 2.757061459124e-02 1.497113406658e-01 2.086327522993e-01 1.863137930632e-01 4.308829084039e-02 2.038634382188e-02 1.683650352061e-02 1.645853556693e-02 1.946716383100e-02 2.056105062366e-02
2.706139581278e-03 2.807417418808e-03 2.696784678847e-03 2.904483815655e-03 3.112442558631e-03 3.561465069652e-03 3.562659025192e-03 4.127615131438e-03 4.519748035818e-03 5.264896899462e-03 5.436738952994e-03 6.453722715378e-03 6.761480588466e-03 6.248234305531e-03 1.514950580895e-02 5.436969920993e-02 4.296896606684e-02 2.557997405529e-02 2.874473296106e-02 3.581808507442e-02 2.647247537971e-02 1.396178267896e-02 1.625103689730e-02 2.036969549954e-02 1.976364292204e-02 3.682681173086e-02 5.182959884405e-02 4.604108259082e-02 3.742171078920e-02 3.384429961443e-02 3.839998692274e-02 3.594747558236e-02 2.706030756235e-02 2.252678200603e-02 3.832340985537e-02 1.761687099934e-01 1.836078315973e-01 3.786956146359e-02 1.346116699278e-02 1.371434796602e-02 1.233115606010e-02 1.184949371964e-02 1.950363069773e-02
2.713797381148e-03 2.923975698650e-03 3.700936678797e-03 4.137147217989e-03 3.804189851508e-03 6.305432412773e-03 7.413208018988e-03 7.529329508543e-03 6.358313839883e-03 6.230544764549e-03 6.813093554229e-03 8.561103604734e-03 8.528500795364e-03 3.147590532899e-02 2.223674952984e-01 2.799630463123e-01 1.306022256613e-01 7.460766285658e-02 5.961496010423e-02 4.678887873888e-02 2.236345782876e-02 2.212766185403e-02 4.840395227075e-02 1.032775565982e-01 8.468581736088e-02 4.515799134970e-02 5.267884954810e-02 4.280339181423e-02 4.541481286287e-02 3.157682344317e-02 7.823505252600e-02 3.127389773726e-02 2.392982691526e-02 1.691426523030e-02 1.121050678194e-02 3.628507256508e-02 4.006210342050e-02 9.802442044020e-03 6.577666848898e-03 7.741766516119e-03 9.573608636856e-03 1.070330850780e-02 1.000841893256e-02
3.328320803121e-03 5.238384008408e-03 7.143557071686e-03 7.763317786157e-03 1.002198737115e-02 1.332308258861e-02 1.308924518526e-02 1.154592726380e-02 9.927392005920e-03 7.656400091946e-03 9.198767133057e-03 1.016591582447e-02 5.658390745521e-02 3.119890391827e-01 4.265912473202e-01 1.486859023571e-01 4.697739705443e-02 2.871022000909e-02 2.920070476830e-02 2.549464255571e-02 2.453212440014e-02 5.590899661183e-02 1.101690158248e-01 1.466112583876e-01 1.179547309875e-01 6.070340052247e-02 4.177153855562e-02 3.079001419246e-02 2.780250646174e-02 2.479655481875e-02 3.362169861794e-02 1.536626648158e-02 1.738067902625e-02 1.409237552434e-02 8.852657862008e-03 5.247845780104e-03 4.326864611357e-03 4.209661390632e-03 4.423640202731e-03 5.510267801583e-03 7.399579510093e-03 9.358661249280e-03 9.574454277754e-03
5.516619421542e-03 8.253219537437e-03 1.096698269248e-02 1.468068454415e-02 2.840898185968e-02 2.822505310178e-02 3.949222341180e-02 2.831843309104e-02 3.219199553132e-02 1.912258937955e-02 1.074173208326e-02 7.381141930819e-02 2.973242104053e-01 2.958708107471e-01 7.737344503403e-02 2.338131889701e-02 4.335926845670e-02 5.729461461306e-02 4.047385975718e-02 4.709990322590e-02 5.697345361114e-02 5.730756372213e-02 8.334395289421e-02 6.803545355797e-02 4.613252729177e-02 3.590166568756e-02 2.237525209785e-02 8.712394163013e-03 8.899003267288e-03 8.832741528749e-03 1.131163071841e-02 8.273952640593e-03 7.293691392988e-03 5.036811344326e-03 5.151381716132e-03 5.247741937637e-03 5.417818669230e-03 5.688049364835e-03 6.050287745893e-03 6.516006775200e-03 6.587711162865e-03 7.855886593461e-03 9.968693368137e-03
