100/SI/f41_max.grd
DSAA
101	101
32.816463539100	34.260883539100
35.556306596100	36.727886596100
1.185499364510e-03	1.946450195312e+02
[rows 19 to 37 of 101, columns 0 to 42 of 101]
3.727860748768e-01 7.599917054176e-01 9.718372225761e-01 9.901348352432e-01 8.166086673737e-01 6.479757428169e-01 4.427808821201e-01 5.023520588875e-01 6.086663603783e-01 7.312966585159e-01 9.584279656410e-01 1.144844532013e+00 1.116501688957e+00 1.210527539253e+00 1.219594359398e+00 1.182705163956e+00 1.124825835228e+00 1.077285528183e+00 1.247914075851e+00 1.123552322388e+00 1.162969470024e+00 1.254619717598e+00 1.334948301315e+00 1.279783487320e+00 1.141474604607e+00 9.653891324997e-01 9.992015361786e-01 1.597211837769e+00 1.905388236046e+00 1.434888005257e+00 1.319836854935e+00 1.211684346199e+00 1.283240318298e+00 1.282940506935e+00 1.283822298050e+00 1.241716861725e+00 9.922327399254e-01 8.669798374176e-01 9.300481081009e-01 8.923467993736e-01 1.291611909866e+00 3.193663835526e+00 1.485508084297e+00
2.915413677692e-01 6.125953197479e-01 8.260402083397e-01 9.035874009132e-01 8.033744096756e-01 7.735793590546e-01 7.089023590088e-01 5.037254691124e-01 6.719135046005e-01 7.848916649818e-01 8.352043628693e-01 1.047460079193e+00 9.302411675453e-01 1.084610462189e+00 1.172217249870e+00 1.209476590157e+00 1.207007169724e+00 1.152250409126e+00 1.452754020691e+00 1.163951873779e+00 1.367696285248e+00 1.631940245628e+00 1.758066654205e+00 1.710346221924e+00 1.605470895767e+00 1.241854190826e+00 1.323865771294e+00 1.292616009712e+00 2.002076864243e+00 1.457738518715e+00 1.246276140213e+00 1.173538923264e+00 1.143085479736e+00 1.151084661484e+00 1.090508937836e+00 1.411733031273e+00 9.432478547096e-01 9.921276569366e-01 1.017474770546e+00 1.040810823441e+00 1.600170731544e+00 2.703435897827e+00 2.213118076324e+00
2.251997888088e-01 4.538231194019e-01 6.243165135384e-01 7.185468673706e-01 6.781015992165e-01 5.913047790527e-01 7.301604747772e-01 7.213633656502e-01 8.265138268471e-01 9.859889745712e-01 1.137377977371e+00 1.499061822891e+00 1.798407196999e+00 1.645608305931e+00 1.119199275970e+00 1.082685112953e+00 1.143894672394e+00 1.193446755409e+00 2.116572141647e+00 1.700335264206e+00 1.278860330582e+00 1.985228300095e+00 2.103685617447e+00 2.301260948181e+00 1.895813226700e+00 1.678752183914e+00 1.654318213463e+00 1.023570299149e+00 1.883542299271e+00 1.344564437866e+00 1.033265948296e+00 1.073553800583e+00 1.267998814583e+00 1.046624541283e+00 1.145973086357e+00 1.493850111961e+00 1.189287543297e+00 1.052532315254e+00 1.099062323570e+00 1.179517984390e+00 1.866109013557e+00 1.936266422272e+00 2.937269687653e+00
3.033217191696e-01 5.449379086494e-01 5.275222659111e-01 5.524933338165e-01 6.441388726234e-01 8.151530623436e-01 9.519473910332e-01 1.139571070671e+00 1.384278297424e+00 1.740120649338e+00 2.216336965561e+00 2.780707597733e+00 3.125285387039e+00 2.715574502945e+00 1.705415129662e+00 1.044690489769e+00 1.441893458366e+00 2.025452613831e+00 2.561850547791e+00 2.082453727722e+00 1.642323017120e+00 2.155796289444e+00 2.293835639954e+00 2.584683179855e+00 1.885487675667e+00 1.911777257919e+00 1.964777827263e+00 1.232849597931e+00 1.537894368172e+00 1.113869309425e+00 1.055536508560e+00 1.045375466347e+00 1.314941406250e+00 1.341379642487e+00 1.333786368370e+00 1.267896056175e+00 1.673180937767e+00 1.168633222580e+00 1.180192470551e+00 1.295571565628e+00 2.080361604691e+00 1.803518652916e+00 3.410753726959e+00
2.944582402706e-01 6.072006821632e-01 6.590749025345e-01 6.315643787384e-01 8.075075745583e-01 1.096741557121e+00 1.202041625977e+00 1.271261334419e+00 1.408758401871e+00 1.630787014961e+00 1.969706654549e+00 2.247322797775e+00 2.302297353745e+00 1.969937324524e+00 1.443226099014e+00 1.285329818726e+00 1.402452707291e+00 1.891203999519e+00 2.519682407379e+00 1.598154187202e+00 1.538698434830e+00 2.174042701721e+00 2.290894269943e+00 2.478532075882e+00 1.976867079735e+00 1.905515074730e+00 2.214715719223e+00 1.889020800591e+00 1.907410860062e+00 1.625432372093e+00 1.404925227165e+00 2.069378614426e+00 1.933799386024e+00 1.448014616966e+00 1.409853339195e+00 1.405731201172e+00 1.855313301086e+00 1.360562562943e+00 1.289934754372e+00 1.368227958679e+00 2.200578689575e+00 1.828545331955e+00 3.483836889267e+00
5.847697257996e-01 1.009971618652e+00 6.577149033546e-01 6.582919955254e-01 7.423634529114e-01 9.544916749001e-01 1.080545663834e+00 1.069382548332e+00 1.063354611397e+00 1.106828331947e+00 1.170344471931e+00 1.239923477173e+00 1.181757569313e+00 1.301617145538e+00 1.317591071129e+00 1.180029392242e+00 1.177453279495e+00 2.168631076813e+00 2.480786323547e+00 1.317074656487e+00 1.330805301666e+00 2.012967824936e+00 2.173972368240e+00 2.111914157867e+00 1.932218432426e+00 1.743357062340e+00 2.384158611298e+00 2.089038372040e+00 1.742993235588e+00 1.687096357346e+00 1.654970884323e+00 2.664749383926e+00 3.967717409134e+00 3.777227401733e+00 3.418339252472e+00 3.261514186859e+00 3.389018535614e+00 2.091530561447e+00 1.773615002632e+00 1.465486049652e+00 2.251774311066e+00 1.766207337379e+00 3.083861589432e+00
1.084194183350e+00 2.297524452209e+00 2.367037057877e+00 2.076581954956e+00 1.297664165497e+00 7.475849390030e-01 7.245564460754e-01 7.598518729210e-01 8.241782188416e-01 1.065427541733e+00 1.277351498604e+00 1.427784323692e+00 1.474011063576e+00 1.413111686707e+00 1.290754795074e+00 1.337587952614e+00 1.407342433929e+00 2.112856149673e+00 2.082575559616e+00 1.225562214851e+00 1.327664494514e+00 1.642165541649e+00 1.879648208618e+00 1.751402974129e+00 1.984490036964e+00 1.913784980774e+00 2.473617315292e+00 2.630465030670e+00 2.797735452652e+00 2.504776477814e+00 1.889164805412e+00 1.584149599075e+00 3.213081836700e+00 3.509800434113e+00 3.868923902512e+00 4.679843425751e+00 5.849813938141e+00 3.567951440811e+00 2.618639230728e+00 2.223649024963e+00 2.211835145950e+00 1.647818326950e+00 2.308585643768e+00
1.158335924149e+00 2.497351169586e+00 2.882558345795e+00 3.403477430344e+00 3.727899551392e+00 3.235602855682e+00 1.814242601395e+00 9.916688799858e-01 1.352617263794e+00 1.579555273056e+00 1.622458219528e+00 1.534606337547e+00 1.436888813972e+00 1.935832262039e+00 2.133522987366e+00 2.118848562241e+00 2.086420059204e+00 2.029995918274e+00 2.005318164825e+00 1.936942219734e+00 1.893270373344e+00 1.893231153488e+00 1.836560606956e+00 2.297702550888e+00 2.767121315002e+00 2.393755912781e+00 2.706736564636e+00 3.476176500320e+00 3.514953374863e+00 3.122539758682e+00 2.331482410431e+00 1.708455324173e+00 1.880919694901e+00 2.961122512817e+00 4.414468765259e+00 3.887151956558e+00 3.956465005875e+00 2.994904041290e+00 3.192424774170e+00 3.251494169235e+00 2.645451545715e+00 1.701588749886e+00 2.052388668060e+00
7.437637448311e-01 1.641250967979e+00 1.908791899681e+00 2.343401908875e+00 3.050208806992e+00 4.012487411499e+00 4.536149978638e+00 3.529042720795e+00 1.843531131744e+00 1.707876443863e+00 1.520446896553e+00 1.961527943611e+00 2.313767671585e+00 2.410399436951e+00 2.291192531586e+00 2.290037870407e+00 2.267017841339e+00 2.199209928513e+00 2.303818464279e+00 2.324910163879e+00 2.389545440674e+00 2.596433877945e+00 2.454863548279e+00 2.260456323624e+00 2.181593894958e+00 2.815665483475e+00 2.698403358459e+00 3.335280656815e+00 3.668317794800e+00 3.292707920074e+00 2.460606575012e+00 2.665831804276e+00 3.439663410187e+00 4.603775501251e+00 5.491813182831e+00 3.976881265640e+00 2.770286560059e+00 2.313020467758e+00 2.863743782043e+00 3.671629190445e+00 4.009962558746e+00 2.724420070648e+00 2.047682762146e+00
5.113385915756e-01 1.003942251205e+00 1.253381967545e+00 1.154410719872e+00 1.326590538025e+00 1.986607313156e+00 3.108275651932e+00 4.218341827393e+00 4.208255767822e+00 2.896068334579e+00 2.193266153336e+00 2.315744638443e+00 2.347678422928e+00 2.242600440979e+00 2.204644203186e+00 2.168061971664e+00 2.055449485779e+00 2.205214500427e+00 2.262494087219e+00 2.346446037292e+00 2.486906051636e+00 2.399960517883e+00 2.306249856949e+00 2.276764631271e+00 2.239467144012e+00 2.202772140503e+00 2.317127704620e+00 2.588473081589e+00 3.111799240112e+00 3.236704349518e+00 2.536132574081e+00 3.090870618820e+00 3.724282503128e+00 4.231080055237e+00 4.098119735718e+00 2.567158699036e+00 2.708394765854e+00 3.114984750748e+00 3.363684892654e+00 3.024893045425e+00 4.489596366882e+00 4.566866397858e+00 2.556926965714e+00
5.934979319572e-01 1.168115615845e+00 1.159730672836e+00 1.424718260765e+00 1.169640541077e+00 1.010824680328e+00 1.189121127129e+00 2.189286231995e+00 3.516507863998e+00 4.087493419647e+00 3.330538034439e+00 2.215297222137e+00 2.105156898499e+00 2.058611154556e+00 1.925739526749e+00 1.870474815369e+00 1.930187106133e+00 2.100384473801e+00 2.041193246841e+00 2.037571907043e+00 1.838880300522e+00 1.511533975601e+00 1.912021160126e+00 1.696362376213e+00 2.568123817444e+00 2.293175220490e+00 2.626441717148e+00 2.889191865921e+00 2.415582180023e+00 2.605925559998e+00 2.888859272003e+00 3.109321117401e+00 2.686892032623e+00 3.314427852631e+00 2.456020593643e+00 2.106115341187e+00 2.734224557877e+00 3.766615152359e+00 4.513179302216e+00 4.274240016937e+00 3.633295536041e+00 5.645172119141e+00 4.251288890839e+00
7.667139768600e-01 1.473888754845e+00 1.370600104332e+00 1.407899022102e+00 1.570235729218e+00 1.176836013794e+00 1.636556148529e+00 1.989060282707e+00 2.199748039246e+00 3.076324224472e+00 3.963035821915e+00 3.593379020691e+00 2.199577569962e+00 1.766917586327e+00 1.738444209099e+00 1.779054045677e+00 1.841710686684e+00 1.819429874420e+00 1.924274444580e+00 1.890395879745e+00 1.648573637009e+00 1.374964475632e+00 1.465225458145e+00 2.336098670959e+00 3.489356040955e+00 4.701375007629e+00 5.650962829590e+00 4.600022315979e+00 3.106392860413e+00 2.903602361679e+00 3.561937093735e+00 2.514640569687e+00 1.877608299255e+00 4.127830505371e+00 1.724904894829e+00 2.442062616348e+00 2.264663696289e+00 3.166832208633e+00 4.609695911407e+00 4.960584640503e+00 4.270218849182e+00 4.754309177399e+00 6.449899673462e+00
6.967228055000e-01 1.522841215134e+00 1.609804034233e+00 1.572860717773e+00 1.660175442696e+00 1.681215167046e+00 2.016414642334e+00 2.120179891586e+00 2.105986833572e+00 1.990324974060e+00 2.753390312195e+00 3.926259994507e+00 3.832301855087e+00 2.643935918808e+00 1.668121933937e+00 1.664773941040e+00 1.605154037476e+00 1.469495415688e+00 1.968012213707e+00 2.048728227615e+00 2.072298526764e+00 1.727925419807e+00 1.584212779999e+00 2.895480155945e+00 4.919568538666e+00 7.255709648132e+00 8.516458511353e+00 8.141162872314e+00 5.301275253296e+00 3.350709199905e+00 3.838289737701e+00 3.236480712891e+00 3.008818864822e+00 5.042031764984e+00 2.609081029892e+00 5.027929782867e+00 3.638241529465e+00 2.637531280518e+00 3.521743059158e+00 5.065948963165e+00 5.195702075958e+00 4.391023635864e+00 6.918838977814e+00
8.562329411507e-01 1.743175745010e+00 1.763183712959e+00 1.712121725082e+00 1.776322007179e+00 2.013914108276e+00 2.029158353806e+00 2.051896572113e+00 1.886279106140e+00 1.738685965538e+00 1.680617690086e+00 2.368642091751e+00 3.807669639587e+00 4.013812065125e+00 3.041573047638e+00 1.441107749939e+00 1.340517640114e+00 1.502260327339e+00 1.748329639435e+00 2.787652492523e+00 2.519636869431e+00 2.311418294907e+00 2.120131254196e+00 2.890853643417e+00 5.031105518341e+00 7.180014133453e+00 9.775490760803e+00 1.145426082611e+01 9.552349090576e+00 4.613786220551e+00 4.170641422272e+00 4.525645732880e+00 4.316191673279e+00 5.963036537170e+00 3.321268558502e+00 6.728378295898e+00 5.573574066162e+00 3.666164159775e+00 3.361483812332e+00 4.863904953003e+00 1.043611717224e+01 5.299505710602e+00 5.641345500946e+00
1.125362515450e+00 2.117651224136e+00 1.966080069542e+00 2.098585844040e+00 2.227013349533e+00 2.352694511414e+00 2.497740030289e+00 2.597512722015e+00 2.654232740402e+00 2.663447856903e+00 2.583896398544e+00 2.492817878723e+00 2.387156963348e+00 3.517563819885e+00 4.083783149719e+00 3.402054071426e+00 1.703464627266e+00 1.535696148872e+00 1.691268682480e+00 2.663890361786e+00 2.822923898697e+00 2.543862581253e+00 2.344300270081e+00 2.482204437256e+00 4.165864944458e+00 6.199929237366e+00 9.600708007812e+00 1.341110134125e+01 1.266647052765e+01 7.707151412964e+00 5.989422798157e+00 7.551254272461e+00 8.106461524963e+00 7.479749679565e+00 6.193741321564e+00 7.253726959229e+00 6.906539916992e+00 5.330973625183e+00 6.057507991791e+00 5.428521633148e+00 1.490877723694e+01 1.219326400757e+01 3.296070575714e+00
1.152766704559e+00 2.395354509354e+00 2.391099691391e+00 2.318472862244e+00 2.043693542480e+00 1.845196843147e+00 1.750972270966e+00 1.935827493668e+00 2.143749713898e+00 2.388945341110e+00 2.661971092224e+00 2.980784654617e+00 3.283382415771e+00 5.195848464966e+00 5.321216106415e+00 4.041657924652e+00 3.809844970703e+00 3.627789735794e+00 3.381187438965e+00 3.101424694061e+00 2.798635005951e+00 2.424841165543e+00 2.642103672028e+00 2.581788778305e+00 2.848509073257e+00 4.694170951843e+00 6.917473316193e+00 1.094029045105e+01 1.389681339264e+01 9.617801666260e+00 4.550850391388e+00 4.728130340576e+00 6.947611808777e+00 9.224040031433e+00 1.024390506744e+01 9.497220993042e+00 6.851013660431e+00 5.772498130798e+00 4.354253292084e+00 6.233139038086e+00 1.555419540405e+01 1.868940925598e+01 5.015683650970e+00
9.787159562111e-01 1.973736524582e+00 2.058120489120e+00 2.242999792099e+00 2.354841947556e+00 2.275802850723e+00 1.910647153854e+00 1.663610816002e+00 1.672788381577e+00 1.672143340111e+00 1.662611961365e+00 1.626604080200e+00 1.574980854988e+00 1.996780037880e+00 2.995969057083e+00 3.282039165497e+00 3.935682296753e+00 3.802288293839e+00 3.102783918381e+00 3.432776927948e+00 3.631216526031e+00 3.748318910599e+00 3.888413190842e+00 4.061646461487e+00 3.906251668930e+00 3.121772289276e+00 4.667386531830e+00 8.293652534485e+00 1.170907402039e+01 8.589047431946e+00 4.296860694885e+00 3.023376226425e+00 2.690017223358e+00 4.482854843140e+00 5.417430400848e+00 8.808409690857e+00 1.118369579315e+01 1.033762073517e+01 6.433267593384e+00 7.023990154266e+00 9.984314918518e+00 2.216581726074e+01 8.059466362000e+00
7.920409440994e-01 1.531593322754e+00 1.526126503944e+00 1.461953997612e+00 1.491645693779e+00 1.668929338455e+00 1.743438959122e+00 1.716137528419e+00 1.459393858910e+00 1.581904053688e+00 1.718786716461e+00 1.857466578484e+00 1.985321879387e+00 2.113089561462e+00 2.243177175522e+00 2.355750083923e+00 2.453691482544e+00 3.693223714828e+00 3.936229705811e+00 5.094834327698e+00 3.991674900055e+00 3.284085273743e+00 3.135558605194e+00 3.051234960556e+00 3.065109491348e+00 3.479503393173e+00 4.640689373016e+00 5.318009376526e+00 7.491944789886e+00 6.105175018311e+00 3.091010332108e+00 3.645698070526e+00 2.717987537384e+00 3.599863767624e+00 4.227373600006e+00 5.128830909729e+00 5.175979614258e+00 8.679515838623e+00 1.226585769653e+01 9.941773414612e+00 8.870599746704e+00 1.814260864258e+01 1.636642265320e+01
4.995509684086e-01 1.007042050362e+00 9.915772676468e-01 9.686115384102e-01 1.093972682953e+00 1.287009000778e+00 1.410197138786e+00 1.479036569595e+00 1.502653717995e+00 1.384789347649e+00 1.288391351700e+00 1.352763772011e+00 1.430524706841e+00 1.444224357605e+00 1.464108109474e+00 1.954179406166e+00 2.175236225128e+00 2.913876771927e+00 5.512364864349e+00 5.772558212280e+00 5.112586498260e+00 4.362787246704e+00 5.109787464142e+00 6.117035388947e+00 4.306739807129e+00 4.930651187897e+00 4.802717208862e+00 4.464642047882e+00 4.661910533905e+00 6.150454044342e+00 5.776970863342e+00 3.602933168411e+00 3.751979351044e+00 3.944401264191e+00 4.273139476776e+00 4.449513912201e+00 4.611363410950e+00 5.938539028168e+00 8.677529335022e+00 1.012111854553e+01 1.209108257294e+01 1.622340965271e+01 1.341618919373e+01
