100/SI/f41_max.grd
DSAA
101	101
32.816463539100	34.260883539100
35.556306596100	36.727886596100
1.185499364510e-03	1.946450195312e+02
[rows 57 to 75 of 101, columns 0 to 42 of 101]
6.565196812153e-02 1.078422442079e-01 1.170708537102e-01 1.171856522560e-01 1.240929141641e-01 1.517266035080e-01 1.698316484690e-01 1.861802041531e-01 2.014836072922e-01 2.059080004692e-01 1.980753690004e-01 2.775632739067e-01 4.755339920521e-01 2.599485814571e-01 1.891226917505e-01 2.851805984974e-01 2.553501129150e-01 2.864952385426e-01 3.462823331356e-01 3.606265783310e-01 3.714334368706e-01 2.776904404163e-01 1.929715871811e-01 1.696772277355e-01 1.840232312679e-01 2.548672258854e-01 4.072949290276e-01 5.052390694618e-01 3.949776887894e-01 2.304694801569e-01 1.805349141359e-01 1.420833319426e-01 1.488755345345e-01 1.788329929113e-01 2.113665789366e-01 2.713504731655e-01 3.126651346684e-01 3.372385501862e-01 5.574144124985e-01 7.303339242935e-01 6.261292695999e-01 5.551571846008e-01 6.250821352005e-01
8.297902345657e-02 1.358361989260e-01 1.551743745804e-01 1.574844568968e-01 1.557629555464e-01 1.515057832003e-01 1.512368768454e-01 1.583675295115e-01 1.649495810270e-01 2.684496939182e-01 8.711062669754e-01 1.008735060692e+00 3.768946230412e-01 1.956718564034e-01 1.964388042688e-01 1.827552169561e-01 1.976193040609e-01 1.968262344599e-01 2.245935648680e-01 2.845164239407e-01 3.451951146126e-01 3.687007725239e-01 2.577808797359e-01 1.620514392853e-01 1.865910738707e-01 2.846903502941e-01 4.299898147583e-01 4.606773555279e-01 4.663332700729e-01 2.965465188026e-01 1.791400462389e-01 1.626161336899e-01 1.557488292456e-01 1.862466782331e-01 2.199535369873e-01 2.278171777725e-01 2.343844622374e-01 2.439447939396e-01 2.460566312075e-01 2.655726373196e-01 3.203235864639e-01 4.379555583000e-01 5.041894316673e-01
1.109934821725e-01 1.824968159199e-01 2.111619859934e-01 3.001306653023e-01 3.858663737774e-01 4.901732504368e-01 6.454367041588e-01 9.418597817421e-01 1.728668689728e+00 2.441111326218e+00 1.623532414436e+00 4.132467508316e-01 2.789550125599e-01 2.440336197615e-01 1.774318814278e-01 1.865459382534e-01 1.971655637026e-01 1.939931809902e-01 1.848540306091e-01 1.976951658726e-01 3.329888284206e-01 3.773595094681e-01 2.676282227039e-01 1.538924723864e-01 1.205863803625e-01 1.859866976738e-01 2.637564241886e-01 2.723984122276e-01 2.842745184898e-01 2.311597615480e-01 1.612962633371e-01 1.698703914881e-01 1.608272641897e-01 1.805174946785e-01 2.179229855537e-01 2.259874939919e-01 2.155535668135e-01 1.979256719351e-01 1.820651888847e-01 2.038195282221e-01 2.600552141666e-01 3.332050442696e-01 4.409166574478e-01
1.084600389004e-01 1.939736455679e-01 3.393256068230e-01 4.858917593956e-01 6.158825159073e-01 8.163812756538e-01 1.188881397247e+00 1.776495218277e+00 1.785839796066e+00 8.260942697525e-01 1.991919279099e-01 2.322960942984e-01 2.526765763760e-01 2.245247066021e-01 2.014413326979e-01 2.114542573690e-01 2.118653357029e-01 2.032458186150e-01 1.580375730991e-01 1.546383947134e-01 2.398322522640e-01 2.675642669201e-01 1.985795199871e-01 1.242619901896e-01 9.551168233156e-02 1.032052561641e-01 1.383812427521e-01 1.711862832308e-01 2.007278949022e-01 1.734376400709e-01 1.586614102125e-01 1.484761834145e-01 1.585036516190e-01 1.755961328745e-01 2.107898741961e-01 2.161989659071e-01 1.958781629801e-01 1.679154485464e-01 1.534030288458e-01 1.705438643694e-01 2.514905333519e-01 3.167308270931e-01 4.035089313984e-01
6.569264084101e-02 1.145262569189e-01 1.400257498026e-01 1.474035978317e-01 1.476681232452e-01 1.470067799091e-01 1.456986218691e-01 1.425543427467e-01 1.398038417101e-01 1.367038339376e-01 1.282598674297e-01 1.350377053022e-01 1.479705870152e-01 1.893179416656e-01 2.129205912352e-01 2.223759591579e-01 2.139825373888e-01 1.897934377193e-01 1.401215791702e-01 1.115542724729e-01 1.343135088682e-01 1.393488794565e-01 1.099418401718e-01 8.152079582214e-02 7.180915772915e-02 7.859291881323e-02 1.009090691805e-01 1.213440150023e-01 1.442218273878e-01 1.552715599537e-01 1.469582021236e-01 1.313240975142e-01 1.524124890566e-01 1.845536679029e-01 2.203523814678e-01 2.133606374264e-01 1.774069964886e-01 1.408034861088e-01 1.555068194866e-01 1.741590946913e-01 2.597691714764e-01 3.225941956043e-01 3.802741467953e-01
3.083935752511e-02 5.749240517616e-02 7.458121329546e-02 8.238790929317e-02 8.542140573263e-02 8.790630847216e-02 9.027801454067e-02 9.201967716217e-02 9.475355595350e-02 9.749673306942e-02 9.554104506969e-02 8.981224149466e-02 9.156754612923e-02 1.215685978532e-01 1.430357247591e-01 1.505681276321e-01 1.369655430317e-01 1.218278557062e-01 1.028596907854e-01 8.721548318863e-02 7.165454328060e-02 6.684097647667e-02 5.516107752919e-02 6.112707406282e-02 7.210043072701e-02 7.583559304476e-02 8.369653671980e-02 1.008552834392e-01 1.220865026116e-01 1.335742026567e-01 1.316162049770e-01 1.242917329073e-01 1.522754430771e-01 2.045315504074e-01 2.377581149340e-01 2.147618085146e-01 1.612169295549e-01 1.386085599661e-01 1.594238281250e-01 1.877304911613e-01 2.521364688873e-01 2.843213081360e-01 3.278709650040e-01
2.124234847724e-02 3.577846288681e-02 4.443518444896e-02 5.055240169168e-02 5.439389497042e-02 5.774696916342e-02 6.096073985100e-02 6.364589184523e-02 6.686272472143e-02 7.015893608332e-02 7.059910148382e-02 6.832768023014e-02 6.572105735540e-02 6.338787823915e-02 6.394968926907e-02 7.252021878958e-02 7.647271454334e-02 7.543465495110e-02 6.921897083521e-02 6.611713767052e-02 5.707962438464e-02 5.354779586196e-02 4.706705734134e-02 6.225726008415e-02 7.674111425877e-02 8.407107740641e-02 8.360698074102e-02 8.271862566471e-02 1.008443087339e-01 1.121683865786e-01 1.148942038417e-01 1.142171844840e-01 1.546875685453e-01 2.165153175592e-01 2.389766573906e-01 1.995572000742e-01 1.411434262991e-01 1.393743455410e-01 1.667429357767e-01 1.872953176498e-01 2.175640612841e-01 2.502923309803e-01 2.569684684277e-01
1.718154735863e-02 2.926683984697e-02 3.689673915505e-02 4.058277606964e-02 4.321233928204e-02 4.544142261147e-02 4.707717895508e-02 4.738743230700e-02 4.897119477391e-02 5.086179077625e-02 5.126508325338e-02 5.040814727545e-02 4.955063015223e-02 4.841898009181e-02 5.028486624360e-02 5.777293443680e-02 6.140333786607e-02 6.058388575912e-02 5.602557957172e-02 5.230185762048e-02 5.543928965926e-02 5.381895229220e-02 4.677193239331e-02 6.216007098556e-02 7.842060923576e-02 8.836971968412e-02 8.955208212137e-02 8.673958480358e-02 8.878950774670e-02 9.731847047806e-02 1.013682335615e-01 1.067831367254e-01 1.539481133223e-01 2.119143903255e-01 2.182569950819e-01 1.717254817486e-01 1.309005469084e-01 1.433105617762e-01 1.746773272753e-01 1.845490485430e-01 1.928846985102e-01 2.085469663143e-01 1.914227157831e-01
1.654444634914e-02 2.650399133563e-02 3.362914919853e-02 3.692303970456e-02 3.834208473563e-02 3.955658152699e-02 3.998613730073e-02 3.927341848612e-02 3.945421800017e-02 3.995073586702e-02 4.025212302804e-02 4.178176820278e-02 4.298885166645e-02 4.396680742502e-02 4.512913152575e-02 4.692279919982e-02 5.016631260514e-02 5.082004889846e-02 5.130316689610e-02 4.927381128073e-02 5.092467367649e-02 5.321069061756e-02 4.724497720599e-02 5.890327319503e-02 7.441832870245e-02 8.475099503994e-02 8.656800538301e-02 8.466356992722e-02 8.930665999651e-02 9.190008789301e-02 9.364341944456e-02 9.989342093468e-02 1.444734930992e-01 1.903209090233e-01 1.849290877581e-01 1.475954204798e-01 1.276207566261e-01 1.536943316460e-01 1.768983900547e-01 1.726615577936e-01 1.678411066532e-01 1.692022681236e-01 1.554168909788e-01
1.550025772303e-02 2.460627444088e-02 3.088010102510e-02 3.366598859429e-02 3.485605865717e-02 3.573039174080e-02 3.582312911749e-02 3.504156693816e-02 3.498020395637e-02 3.761772438884e-02 3.988795727491e-02 4.193290323019e-02 4.374023526907e-02 4.525721073151e-02 4.663154855371e-02 4.796195775270e-02 4.894411563873e-02 4.909467697144e-02 4.811589419842e-02 4.684942588210e-02 4.695893824100e-02 5.134904384613e-02 4.854344204068e-02 5.345994979143e-02 6.660899519920e-02 7.575247436762e-02 8.759196102619e-02 9.560851752758e-02 9.595928341150e-02 9.285226464272e-02 9.079093486071e-02 9.308982640505e-02 1.270411759615e-01 1.586275398731e-01 1.519613564014e-01 1.316505521536e-01 1.378859132528e-01 1.564510315657e-01 1.673425585032e-01 1.517983973026e-01 1.406827270985e-01 1.336765289307e-01 1.329857707024e-01
1.429756544530e-02 2.265881188214e-02 2.838925458491e-02 3.104546666145e-02 3.216466307640e-02 3.264291211963e-02 3.239894285798e-02 3.217549249530e-02 3.279333561659e-02 3.560566902161e-02 3.813794255257e-02 4.050990939140e-02 4.268737137318e-02 4.451034218073e-02 4.592164978385e-02 4.683667048812e-02 4.695000499487e-02 5.081214755774e-02 5.188651755452e-02 4.815649613738e-02 4.392280057073e-02 4.712517559528e-02 4.809378832579e-02 4.806714877486e-02 5.863030254841e-02 6.621174514294e-02 7.990892976522e-02 9.285333752632e-02 9.590781480074e-02 9.275846928358e-02 8.899437636137e-02 8.799770474434e-02 1.014644429088e-01 1.231263801455e-01 1.208804547787e-01 1.117177456617e-01 1.192780733109e-01 1.326081007719e-01 1.371784657240e-01 1.193686574697e-01 1.103384345770e-01 1.022509038448e-01 1.002780571580e-01
1.328378356993e-02 2.108699828386e-02 2.652623876929e-02 2.916906401515e-02 3.013418801129e-02 3.019060939550e-02 2.970624342561e-02 2.974334359169e-02 3.094305098057e-02 3.214845061302e-02 3.467541188002e-02 3.713592514396e-02 3.941275551915e-02 4.132928326726e-02 4.271471500397e-02 4.455458000302e-02 4.888154566288e-02 5.502269789577e-02 5.774278566241e-02 5.618501454592e-02 5.143390968442e-02 4.576141014695e-02 4.701961204410e-02 4.762626439333e-02 5.224349722266e-02 5.833139643073e-02 6.011530011892e-02 7.228161394596e-02 8.179260045290e-02 8.468698710203e-02 8.366479724646e-02 8.490075170994e-02 8.751858770847e-02 9.038340300322e-02 8.974085748196e-02 8.678031712770e-02 9.166254103184e-02 1.067071110010e-01 1.135348230600e-01 9.331478178501e-02 8.325787633657e-02 7.434145361185e-02 8.198492974043e-02
1.255019940436e-02 1.998060755432e-02 2.523129247129e-02 2.773518301547e-02 2.840037271380e-02 2.816968597472e-02 2.768151834607e-02 2.751775085926e-02 2.844453975558e-02 2.967145480216e-02 3.014029003680e-02 3.252855688334e-02 3.472377359867e-02 3.660511225462e-02 3.829313069582e-02 4.253556951880e-02 4.972114413977e-02 5.673186480999e-02 6.149052083492e-02 6.293161958456e-02 6.121887639165e-02 5.758048221469e-02 5.319210141897e-02 4.915099591017e-02 4.731392860413e-02 5.220141634345e-02 5.329547822475e-02 5.106032639742e-02 6.234508380294e-02 7.152605056763e-02 7.759270071983e-02 8.207630366087e-02 8.481045067310e-02 8.204783499241e-02 7.369507849216e-02 7.218741625547e-02 8.109690994024e-02 1.012233868241e-01 1.172843426466e-01 1.053272038698e-01 7.753188908100e-02 6.931262463331e-02 7.877162098885e-02
1.228358130902e-02 1.952462643385e-02 2.456272393465e-02 2.677258290350e-02 2.711905352771e-02 2.673269249499e-02 2.649329416454e-02 2.685353532434e-02 2.675047330558e-02 2.701685391366e-02 2.761881984770e-02 3.052516654134e-02 3.357790410519e-02 3.674530237913e-02 3.954849019647e-02 4.349420592189e-02 5.056645348668e-02 5.773408710957e-02 6.418887525797e-02 6.819444149733e-02 6.889157742262e-02 6.719789654016e-02 6.430420279503e-02 6.134987249970e-02 5.961817502975e-02 5.850492417812e-02 5.636783689260e-02 5.316482484341e-02 6.172319874167e-02 6.922844052315e-02 7.483884692192e-02 7.995741069317e-02 8.266528695822e-02 7.722200453281e-02 7.352463901043e-02 7.526359707117e-02 8.170256018639e-02 9.780821204185e-02 1.129624024034e-01 1.024326235056e-01 7.912943512201e-02 6.902953982353e-02 7.852701842785e-02
1.248880010098e-02 1.974780671299e-02 2.462147735059e-02 2.655583247542e-02 2.666693739593e-02 2.612454444170e-02 2.608287334442e-02 2.620262838900e-02 2.678060531616e-02 2.692754566669e-02 2.859847806394e-02 3.147511184216e-02 3.428841009736e-02 3.696817904711e-02 3.913635760546e-02 4.478145018220e-02 5.279388651252e-02 6.037392839789e-02 6.770367920399e-02 7.302508503199e-02 7.476960122585e-02 7.366896420717e-02 7.094796746969e-02 6.755910813808e-02 6.477039307356e-02 6.200580298901e-02 5.737341567874e-02 5.269921943545e-02 6.046897917986e-02 6.700860708952e-02 7.262600958347e-02 7.803904265165e-02 7.983408123255e-02 7.337477803230e-02 7.455206662416e-02 7.670187205076e-02 8.352549374104e-02 9.482356160879e-02 1.020746752620e-01 8.973404765129e-02 7.346316426992e-02 6.409084796906e-02 7.288055121899e-02
1.281125005335e-02 2.019549533725e-02 2.499346807599e-02 2.676478959620e-02 2.673723921180e-02 2.651671320200e-02 2.764379233122e-02 2.843104861677e-02 2.888029627502e-02 2.895351685584e-02 2.870256640017e-02 3.025161847472e-02 3.339340165257e-02 3.736427426338e-02 3.864894434810e-02 4.388094320893e-02 5.402779206634e-02 6.278377771378e-02 6.972520798445e-02 7.409744709730e-02 7.507444173098e-02 7.306374609470e-02 6.929226964712e-02 6.486599892378e-02 6.071282923222e-02 5.652985721827e-02 5.061839148402e-02 5.264538154006e-02 5.932262167335e-02 6.521761417389e-02 7.058496773243e-02 7.505881041288e-02 7.508260756731e-02 6.928744167089e-02 7.563684880733e-02 9.444572776556e-02 8.936329931021e-02 9.422748535872e-02 9.073399007320e-02 7.664757966995e-02 6.648684293032e-02 5.829674005508e-02 6.613275408745e-02
1.263371668756e-02 1.985068432987e-02 2.442209050059e-02 2.605693042278e-02 2.601758204401e-02 2.661999687552e-02 2.734843827784e-02 2.770600281656e-02 2.780170552433e-02 2.764013782144e-02 2.764708735049e-02 3.103432618082e-02 3.611933812499e-02 4.045437276363e-02 4.175123944879e-02 4.084681719542e-02 5.165795236826e-02 6.061041727662e-02 6.565667688847e-02 6.743273884058e-02 6.649318337440e-02 6.289191544056e-02 5.809650942683e-02 5.393699184060e-02 5.056443810463e-02 4.693606495857e-02 4.706645384431e-02 5.221900343895e-02 5.812270566821e-02 6.342268735170e-02 6.804388016462e-02 7.060296088457e-02 6.863501667976e-02 6.644816696644e-02 7.889462262392e-02 8.437822759151e-02 8.619442582130e-02 9.463559836149e-02 9.174262732267e-02 7.522420585155e-02 6.461853533983e-02 5.939371511340e-02 6.420451402664e-02
1.157323922962e-02 1.806788891554e-02 2.209642529488e-02 2.351653575897e-02 2.484297007322e-02 2.592499740422e-02 2.545985206962e-02 2.440433204174e-02 2.412291243672e-02 2.578757703304e-02 2.816450968385e-02 3.256789594889e-02 3.850388526917e-02 4.299547150731e-02 4.425153881311e-02 4.351490736008e-02 4.729254171252e-02 5.490419641137e-02 5.774847045541e-02 5.711283907294e-02 5.427156388760e-02 4.924843087792e-02 4.726513102651e-02 5.596661195159e-02 5.675784498453e-02 5.441156029701e-02 5.330317094922e-02 5.350269377232e-02 5.651594698429e-02 6.112702563405e-02 6.434497237206e-02 6.444463133812e-02 6.052201613784e-02 6.137578561902e-02 7.190059870481e-02 1.024281978607e-01 8.785735070705e-02 1.231525987387e-01 1.092893704772e-01 9.180188179016e-02 7.781867682934e-02 6.406354904175e-02 7.230387628078e-02
1.192147191614e-02 1.757364906371e-02 2.156750485301e-02 2.492790855467e-02 2.746748179197e-02 2.806854620576e-02 2.725415304303e-02 2.571830898523e-02 2.392827905715e-02 2.603245154023e-02 2.885858342052e-02 3.419788554311e-02 4.076584801078e-02 4.534047096968e-02 4.657692089677e-02 4.584947228432e-02 4.341625422239e-02 5.000021681190e-02 5.191813036799e-02 5.478359013796e-02 7.440105825663e-02 6.820163875818e-02 5.132526904345e-02 5.838493257761e-02 5.668358504772e-02 5.221838876605e-02 4.958913475275e-02 4.984901472926e-02 5.458268523216e-02 5.813826993108e-02 5.937318876386e-02 5.705098807812e-02 5.187124386430e-02 5.514559149742e-02 6.110710650682e-02 9.106789529324e-02 1.141345277429e-01 1.788513064384e-01 1.654272526503e-01 1.087662354112e-01 8.282355964184e-02 7.630828768015e-02 9.406443685293e-02
