100/SI/f41_max.grd
DSAA
101	101
32.816463539100	34.260883539100
35.556306596100	36.727886596100
1.185499364510e-03	1.946450195312e+02
[rows 19 to 37 of 101, columns 43 to 85 of 101]
1.916017532349e+00 2.361664056778e+00 3.070393323898e+00 3.128571987152e+00 2.028178930283e+00 3.116959571838e+00 1.585047602654e+00 1.652626514435e+00 1.787409067154e+00 1.812815546989e+00 1.654396057129e+00 2.437237501144e+00 2.935688257217e+00 2.905066013336e+00 1.928673624992e+00 2.355935096741e+00 3.107423305511e+00 2.913028240204e+00 1.603238463402e+00 2.586129188538e+00 1.192119717598e+00 1.673112750053e+00 2.247169256210e+00 1.109637737274e+00 1.100520133972e+00 1.296497344971e+00 1.069924116135e+00 1.349515318871e+00 1.252274513245e+00 9.916316270828e-01 1.069317579269e+00 1.475593090057e+00 1.666327953339e+00 1.290670633316e+00 1.148288965225e+00 9.332050681114e-01 6.409742832184e-01 7.053632140160e-01 7.801808118820e-01 6.497406363487e-01 6.062721610069e-01 5.315532088280e-01 5.779058933258e-01
1.732282400131e+00 2.314102649689e+00 3.281862258911e+00 3.784361124039e+00 2.738407373428e+00 2.756147623062e+00 1.630793333054e+00 1.750858664513e+00 1.548798680305e+00 1.939596295357e+00 2.029506683350e+00 2.279263019562e+00 3.142120122910e+00 3.090265512466e+00 2.389633655548e+00 2.561288356781e+00 3.033854722977e+00 3.291767358780e+00 1.891911149025e+00 2.500358104706e+00 1.362443089485e+00 2.535664319992e+00 3.158331871033e+00 1.469758272171e+00 1.284094691277e+00 1.327239990234e+00 1.317434906960e+00 1.395712971687e+00 1.087672948837e+00 1.055176615715e+00 1.489979147911e+00 1.946740984917e+00 1.738994956017e+00 1.380303740501e+00 1.133521676064e+00 9.343624114990e-01 6.708852648735e-01 8.248011469841e-01 6.389115452766e-01 5.455020070076e-01 5.816564559937e-01 5.068362355232e-01 5.280087590218e-01
1.868031382561e+00 2.648915529251e+00 3.030497789383e+00 3.961538553238e+00 3.374874830246e+00 2.358959197998e+00 1.618492126465e+00 1.855065941811e+00 1.482148408890e+00 1.814297437668e+00 1.913581848145e+00 2.178422451019e+00 2.984826326370e+00 3.382077455521e+00 2.880984306335e+00 2.737604379654e+00 2.905685901642e+00 3.597486257553e+00 2.156906127930e+00 2.316407918930e+00 1.531262993813e+00 3.141844272614e+00 3.458596229553e+00 1.652538895607e+00 1.254249095917e+00 1.552089333534e+00 1.487149715424e+00 1.207116365433e+00 1.028256297112e+00 1.481954813004e+00 2.078207969666e+00 2.015424013138e+00 1.361492633820e+00 1.574468493462e+00 1.123429894447e+00 8.601519465446e-01 7.983326911926e-01 8.481988906860e-01 7.075738310814e-01 5.522332191467e-01 5.413457155228e-01 3.985570073128e-01 3.931525051594e-01
1.784501910210e+00 2.496254682541e+00 2.569529533386e+00 3.781514883041e+00 3.735080003738e+00 2.466453790665e+00 2.163993358612e+00 1.965035200119e+00 1.460105657578e+00 1.588561534882e+00 1.838225483894e+00 2.207522392273e+00 2.475935935974e+00 3.543588399887e+00 3.208548069000e+00 2.666689872742e+00 2.686202287674e+00 3.858129262924e+00 2.375499725342e+00 2.075199842453e+00 1.699239015579e+00 3.120280027390e+00 3.014345884323e+00 1.435601711273e+00 1.372120618820e+00 1.620365619659e+00 1.349499583244e+00 1.100947976112e+00 1.559707045555e+00 2.198763132095e+00 2.162173032761e+00 1.502052307129e+00 1.146009325981e+00 1.635778903961e+00 8.075789213181e-01 7.943197488785e-01 9.857180118561e-01 7.550604343414e-01 8.116131424904e-01 5.173410773277e-01 5.771133899689e-01 4.821279942989e-01 4.352160692215e-01
1.451697587967e+00 1.738209843636e+00 2.670422792435e+00 3.348677873611e+00 3.763604164124e+00 2.502659797668e+00 2.691520452499e+00 2.257954120636e+00 1.584445357323e+00 1.355412721634e+00 1.915266156197e+00 2.154100894928e+00 2.543910503387e+00 3.805539369583e+00 3.248950719833e+00 2.516246795654e+00 2.417176008224e+00 4.017534732819e+00 2.533860445023e+00 2.514035940170e+00 1.976669311523e+00 2.565087556839e+00 2.248088359833e+00 1.336699485779e+00 1.686320543289e+00 1.567120671272e+00 1.153473734856e+00 1.663785934448e+00 2.383414983749e+00 2.316596984863e+00 1.572584033012e+00 9.305062890053e-01 1.226839423180e+00 1.534324526787e+00 8.244933485985e-01 8.513819575310e-01 1.038877844810e+00 7.902572154999e-01 8.904739618301e-01 5.398820042610e-01 5.482155084610e-01 4.539608359337e-01 4.617551863194e-01
1.869980335236e+00 1.869703292847e+00 3.015818834305e+00 2.830913305283e+00 3.576810359955e+00 2.794087171555e+00 2.579267501831e+00 2.857139825821e+00 2.482733964920e+00 1.897209644318e+00 2.075787782669e+00 2.033537149429e+00 2.773784637451e+00 4.070319652557e+00 2.917536020279e+00 2.412704229355e+00 2.059459209442e+00 4.108250141144e+00 3.208327531815e+00 2.777182102203e+00 2.338350772858e+00 2.485992670059e+00 1.504295587540e+00 1.626134753227e+00 1.730998516083e+00 1.179921507835e+00 1.806503534317e+00 2.570647239685e+00 2.447418451309e+00 1.639939308167e+00 8.783416152000e-01 6.908853650093e-01 1.641068816185e+00 1.282295227051e+00 7.852864265442e-01 1.104654788971e+00 9.580810666084e-01 7.963635921478e-01 9.459635615349e-01 6.683045625687e-01 4.719763994217e-01 4.496732056141e-01 3.975834250450e-01
2.937012195587e+00 1.815482497215e+00 1.814209699631e+00 3.122781276703e+00 3.295397043228e+00 2.950463533401e+00 2.269490242004e+00 2.614163160324e+00 2.972082614899e+00 2.919157028198e+00 2.488096237183e+00 3.083624601364e+00 3.014933824539e+00 4.230692863464e+00 2.524679422379e+00 2.180592536926e+00 2.885758876801e+00 4.137678623199e+00 3.631378650665e+00 2.662869453430e+00 2.520868778229e+00 2.681740760803e+00 1.689599394798e+00 1.771790266037e+00 1.454209685326e+00 1.890617609024e+00 2.799616813660e+00 2.623414039612e+00 1.706435918808e+00 1.113586544991e+00 1.566453695297e+00 9.628455638885e-01 1.914863109589e+00 1.120207548141e+00 9.177160859108e-01 1.181822180748e+00 1.152601003647e+00 8.111688494682e-01 9.765022993088e-01 7.376607060432e-01 4.439733326435e-01 4.245900809765e-01 4.919694066048e-01
3.927417993546e+00 1.867075562477e+00 1.829566240311e+00 2.877709627151e+00 2.968504905701e+00 3.020400047302e+00 2.457030773163e+00 2.506746292114e+00 2.471311569214e+00 3.200176000595e+00 3.491347312927e+00 3.120886087418e+00 3.256191015244e+00 4.287058353424e+00 2.191518306732e+00 3.377771377563e+00 4.049429893494e+00 4.143360614777e+00 3.529151201248e+00 2.110017776489e+00 2.394903421402e+00 2.457471847534e+00 1.700261712074e+00 1.463452339172e+00 1.905589699745e+00 2.977800846100e+00 2.873023986816e+00 1.799059033394e+00 1.587396502495e+00 2.181572198868e+00 1.980349421501e+00 1.798479795456e+00 1.865384817123e+00 1.253333568573e+00 1.182289361954e+00 9.795545339584e-01 1.257052183151e+00 8.582217097282e-01 9.799759984016e-01 7.331369519234e-01 4.727800190449e-01 5.387436151505e-01 6.945765614510e-01
4.288026332855e+00 1.918009281158e+00 2.213070154190e+00 1.907379388809e+00 3.258134126663e+00 3.052213907242e+00 2.602670431137e+00 2.663183927536e+00 2.524779558182e+00 3.187099695206e+00 3.365991592407e+00 2.933216333389e+00 3.472752809525e+00 4.131313800812e+00 3.678035974503e+00 4.475306510925e+00 4.323757171631e+00 4.026415348053e+00 2.398613929749e+00 2.131611108780e+00 2.466486454010e+00 2.483680725098e+00 1.778574466705e+00 1.823917508125e+00 3.104413747787e+00 3.170254945755e+00 1.987091660500e+00 1.614436388016e+00 2.373636484146e+00 1.969712972641e+00 1.603246212006e+00 1.753831505775e+00 1.445918202400e+00 1.376535534859e+00 1.171681642532e+00 8.179483413696e-01 1.231468439102e+00 9.266327619553e-01 9.608075618744e-01 6.637865900993e-01 5.727183222771e-01 7.705430984497e-01 8.707157969475e-01
3.764288663864e+00 2.803924560547e+00 2.562673091888e+00 1.806519746780e+00 2.367294073105e+00 3.090190172195e+00 3.256546735764e+00 2.831254005432e+00 3.313758611679e+00 4.871259212494e+00 2.772546529770e+00 2.579190492630e+00 3.616173505783e+00 3.802586317062e+00 4.771770954132e+00 4.619390010834e+00 3.996994733810e+00 3.893872499466e+00 2.647580862045e+00 2.864219188690e+00 2.560932397842e+00 2.471654176712e+00 1.665770053864e+00 3.149792432785e+00 3.493412017822e+00 2.258437395096e+00 1.844263315201e+00 2.516649007797e+00 2.227338552475e+00 1.459936976433e+00 2.126154661179e+00 1.840994596481e+00 1.104329943657e+00 1.260510206223e+00 1.049723744392e+00 1.127672314644e+00 1.121229767799e+00 1.017956018448e+00 9.323771595955e-01 8.580765724182e-01 9.555580019951e-01 1.072481751442e+00 9.042839407921e-01
2.540514469147e+00 4.223843574524e+00 2.806041955948e+00 2.220692873001e+00 2.664787530899e+00 3.019748926163e+00 2.888242244720e+00 3.031359672546e+00 4.345753192902e+00 6.028316497803e+00 4.047842979431e+00 2.810413837433e+00 3.643562793732e+00 4.543196678162e+00 4.865186691284e+00 6.750228404999e+00 3.579695701599e+00 3.609844207764e+00 2.959246158600e+00 2.896934747696e+00 2.641915082932e+00 2.443490266800e+00 3.118190288544e+00 3.707732915878e+00 2.546113252640e+00 2.076037406921e+00 2.484223365784e+00 2.490998983383e+00 2.129634857178e+00 2.132031202316e+00 2.257636308670e+00 1.261888504028e+00 1.193266510963e+00 1.077194929123e+00 9.379489421844e-01 8.773459196091e-01 1.522194743156e+00 1.201402068138e+00 1.106871604919e+00 1.274278640747e+00 1.269667506218e+00 9.316723942757e-01 6.260492205620e-01
2.851162672043e+00 4.680445194244e+00 2.901796102524e+00 2.454410791397e+00 3.142173290253e+00 2.893460750580e+00 3.009414434433e+00 3.800489187241e+00 5.010303974152e+00 6.054862022400e+00 4.834098815918e+00 4.798490524292e+00 4.246281147003e+00 4.983538627625e+00 5.906434535980e+00 8.547558784485e+00 3.722096443176e+00 4.030529022217e+00 3.996768474579e+00 3.267551660538e+00 2.587349176407e+00 3.110367298126e+00 3.898674964905e+00 2.803000926971e+00 2.324808835983e+00 2.453081130981e+00 2.374678134918e+00 2.627608776093e+00 2.556968212128e+00 2.565812349319e+00 1.931035399437e+00 1.043010234833e+00 1.427095651627e+00 8.886714577675e-01 9.268954992294e-01 9.474825859070e-01 2.097800254822e+00 1.398506760597e+00 1.467748522758e+00 1.182005763054e+00 7.180337309837e-01 4.207691550255e-01 4.176234006882e-01
5.645680427551e+00 3.700730562210e+00 4.056834220886e+00 2.606368303299e+00 3.825646877289e+00 2.965904712677e+00 3.240972518921e+00 4.391999244690e+00 5.272959709167e+00 5.127227306366e+00 4.963082313538e+00 5.014398097992e+00 4.713032722473e+00 3.823101043701e+00 4.050093650818e+00 5.448267936707e+00 3.042269945145e+00 3.983689785004e+00 4.355028629303e+00 3.633718729019e+00 3.234302282333e+00 4.079740047455e+00 3.054141998291e+00 2.597277402878e+00 2.404920339584e+00 2.204434871674e+00 2.372243165970e+00 2.804702758789e+00 2.814060211182e+00 2.524924278259e+00 1.573815584183e+00 9.983646273613e-01 1.520002126694e+00 1.210323572159e+00 1.459828972816e+00 1.552845478058e+00 2.365223646164e+00 1.384559869766e+00 1.095170617104e+00 7.607839703560e-01 6.816838383675e-01 5.155999064445e-01 4.958906471729e-01
9.161995887756e+00 4.005413055420e+00 4.541504859924e+00 3.312292814255e+00 4.240404129028e+00 3.625791311264e+00 3.562545537949e+00 5.042967796326e+00 5.417473793030e+00 4.261748790741e+00 5.974947929382e+00 7.343738079071e+00 4.074191570282e+00 4.783872127533e+00 2.930876493454e+00 3.398793220520e+00 3.247753143311e+00 3.873995780945e+00 3.743692636490e+00 3.396153450012e+00 4.331200599670e+00 3.297078371048e+00 2.707562685013e+00 2.431302070618e+00 2.615358591080e+00 2.435165882111e+00 2.437980890274e+00 3.043079376221e+00 3.062767267227e+00 2.781508207321e+00 1.913636326790e+00 1.684931278229e+00 1.672339677811e+00 1.521007061005e+00 1.472065806389e+00 2.262745857239e+00 1.945706129074e+00 9.429775476456e-01 1.018599748611e+00 1.040920376778e+00 9.646489620209e-01 7.451433539391e-01 5.354902744293e-01
1.002845668793e+01 1.047764396667e+01 4.331672668457e+00 4.350887775421e+00 4.669799804688e+00 4.388503074646e+00 6.015624046326e+00 5.650787353516e+00 5.343383312225e+00 3.974059104919e+00 6.085426807404e+00 8.183661460876e+00 4.893851757050e+00 4.603488445282e+00 3.735984325409e+00 3.805994987488e+00 4.045315742493e+00 3.824362516403e+00 3.700883865356e+00 4.636510372162e+00 3.610985517502e+00 3.090217828751e+00 2.647525072098e+00 2.073665618896e+00 2.550960779190e+00 2.856732368469e+00 2.629999160767e+00 3.270144701004e+00 3.410948276520e+00 3.043769836426e+00 2.264811754227e+00 1.672843337059e+00 1.487679123878e+00 1.262969851494e+00 2.049306631088e+00 2.345991849899e+00 1.045327186584e+00 1.071942090988e+00 1.117300152779e+00 1.132734417915e+00 1.070337176323e+00 8.943423628807e-01 6.204463839531e-01
4.822728157043e+00 1.411529827118e+01 1.031595611572e+01 4.305343627930e+00 4.921089172363e+00 5.466171264648e+00 5.827336788177e+00 5.933475017548e+00 4.745253086090e+00 4.147240638733e+00 6.938357830048e+00 8.012520790100e+00 6.292336463928e+00 4.256331443787e+00 3.908285856247e+00 4.380844593048e+00 6.782763957977e+00 4.259054183960e+00 5.141308307648e+00 3.962182998657e+00 2.849559783936e+00 2.776881933212e+00 2.347259521484e+00 2.850997924805e+00 2.895653963089e+00 3.318796873093e+00 3.654876232147e+00 2.799445152283e+00 3.322110176086e+00 3.318061590195e+00 2.577313184738e+00 1.370842933655e+00 1.397409200668e+00 2.167541027069e+00 2.349642515182e+00 1.373164772987e+00 9.514436125755e-01 9.603710174561e-01 9.559695124626e-01 9.703894853592e-01 9.668889045715e-01 8.953213691711e-01 7.156887054443e-01
8.872578620911e+00 6.672698497772e+00 1.645948982239e+01 7.666047573090e+00 4.976480960846e+00 6.720318794250e+00 5.053391933441e+00 5.643184661865e+00 7.428662300110e+00 5.773608207703e+00 8.009119033813e+00 6.366495132446e+00 6.703916072845e+00 5.613848209381e+00 4.621501445770e+00 4.321146965027e+00 9.863724708557e+00 5.960236549377e+00 4.796749591827e+00 5.836889266968e+00 3.471720218658e+00 2.831784963608e+00 3.024114608765e+00 3.183910846710e+00 3.067221641541e+00 3.255456924438e+00 4.607765674591e+00 2.799428224564e+00 3.449098587036e+00 3.602539062500e+00 2.920871496201e+00 1.882640957832e+00 2.388412475586e+00 2.209491252899e+00 1.263277053833e+00 1.060400485992e+00 1.001584053040e+00 9.378405809402e-01 8.717491626740e-01 8.115618824959e-01 8.330477476120e-01 8.609837293625e-01 7.821308374405e-01
1.200444602966e+01 1.563968658447e+01 9.442414283752e+00 1.618643569946e+01 6.003110885620e+00 8.136526107788e+00 6.981358528137e+00 7.446232318878e+00 1.042581176758e+01 8.643955230713e+00 9.967450141907e+00 5.720390796661e+00 6.082940101624e+00 6.337320327759e+00 5.675937175751e+00 4.480121612549e+00 1.158082485199e+01 6.569393157959e+00 6.842704772949e+00 4.741978645325e+00 2.573486089706e+00 2.846597671509e+00 3.617507934570e+00 3.281209945679e+00 2.984106779099e+00 2.855469942093e+00 4.492433547974e+00 3.070489645004e+00 3.870111227036e+00 3.817790985107e+00 3.027618408203e+00 2.411774873734e+00 1.808086395264e+00 9.501754641533e-01 9.363520741463e-01 9.818147420883e-01 9.709642529488e-01 1.037948131561e+00 1.019234180450e+00 9.671697020531e-01 1.053725719452e+00 1.224663138390e+00 1.278816223145e+00
2.360066604614e+01 1.566496086121e+01 1.653201675415e+01 1.371260070801e+01 1.247584342957e+01 9.146494865417e+00 1.004207229614e+01 8.874551773071e+00 9.164327621460e+00 1.013725471497e+01 1.172028827667e+01 6.821529388428e+00 5.994794845581e+00 6.436240196228e+00 7.044625282288e+00 6.662891387939e+00 8.933800697327e+00 6.618557929993e+00 6.600464820862e+00 5.269642829895e+00 4.296211719513e+00 5.102460384369e+00 5.137589931488e+00 4.250588893890e+00 3.103554010391e+00 2.651447534561e+00 3.524926185608e+00 3.774021148682e+00 4.000573635101e+00 3.340766668320e+00 2.343357324600e+00 1.493249058723e+00 1.306662797928e+00 1.388955712318e+00 1.641768932343e+00 1.799416184425e+00 1.881517410278e+00 1.872530341148e+00 1.777097702026e+00 1.625819444656e+00 1.478817105293e+00 1.484553575516e+00 1.314092874527e+00
