100/SI/f41_max.grd
DSAA
101	101
32.816463539100	34.260883539100
35.556306596100	36.727886596100
1.185499364510e-03	1.946450195312e+02
[rows 76 to 94 of 101, columns 0 to 42 of 101]
1.248473301530e-02 1.806322857738e-02 2.378062345088e-02 2.816938236356e-02 3.028064779937e-02 3.048058785498e-02 2.944917418063e-02 2.780420705676e-02 2.593295276165e-02 2.800436690450e-02 3.166906535625e-02 3.797956183553e-02 4.498238116503e-02 4.947304353118e-02 5.037565529346e-02 4.890286922455e-02 4.453737288713e-02 4.742854088545e-02 4.883207008243e-02 5.221538245678e-02 7.207752764225e-02 7.050871849060e-02 4.618285223842e-02 5.013668537140e-02 4.645675420761e-02 4.269924759865e-02 4.373157769442e-02 4.861693456769e-02 5.459431186318e-02 5.770339816809e-02 5.555761605501e-02 5.231968313456e-02 5.085974186659e-02 5.040543898940e-02 5.540832132101e-02 6.642337143421e-02 1.285996288061e-01 1.532320529222e-01 1.442297399044e-01 1.016779616475e-01 1.005287319422e-01 1.660263538361e-01 2.891472280025e-01
1.256610173732e-02 2.032442949712e-02 2.698666788638e-02 3.113774582744e-02 3.279762715101e-02 3.263755515218e-02 3.134645521641e-02 2.943495847285e-02 3.058667294681e-02 3.396169841290e-02 3.909023106098e-02 4.622451961040e-02 5.282359197736e-02 5.603822693229e-02 5.517160892487e-02 5.117289721966e-02 4.359017312527e-02 4.480525851250e-02 4.499074071646e-02 4.005027189851e-02 4.112430661917e-02 4.311685636640e-02 3.762682154775e-02 4.534319415689e-02 4.804433137178e-02 4.407458007336e-02 4.739459976554e-02 5.708679556847e-02 6.336528062820e-02 6.409170478582e-02 5.978289991617e-02 5.485606193542e-02 5.444590374827e-02 5.333071202040e-02 6.487040966749e-02 6.970886886120e-02 1.152429729700e-01 1.288172900677e-01 1.415574699640e-01 1.602677404881e-01 3.314287066460e-01 4.321214854717e-01 4.089614450932e-01
1.338886842132e-02 2.136339992285e-02 2.783503942192e-02 3.150653466582e-02 3.268282487988e-02 3.214258328080e-02 3.050935268402e-02 3.330422565341e-02 3.753503784537e-02 4.200199991465e-02 4.777745902538e-02 5.386784300208e-02 5.780255049467e-02 5.768952146173e-02 5.355723202229e-02 4.650207981467e-02 3.693929687142e-02 3.877045959234e-02 3.754353895783e-02 3.291874378920e-02 3.002375178039e-02 3.369554877281e-02 4.077555984259e-02 5.436125770211e-02 5.724522843957e-02 5.165572836995e-02 6.338091939688e-02 6.875684857368e-02 7.032278180122e-02 6.877142935991e-02 6.429737061262e-02 5.959304049611e-02 5.674434453249e-02 6.526942551136e-02 8.412952721119e-02 1.086862683296e-01 1.430928260088e-01 1.779407709837e-01 1.489356160164e-01 3.903297483921e-01 4.498771131039e-01 4.343114793301e-01 4.287905693054e-01
1.209854800254e-02 1.912727952003e-02 2.466584555805e-02 2.764084935188e-02 2.839848212898e-02 2.761699631810e-02 3.166928887367e-02 3.604811057448e-02 3.955362737179e-02 4.303631559014e-02 4.669378325343e-02 4.940630495548e-02 4.970458894968e-02 4.678528010845e-02 4.131607338786e-02 3.454920649529e-02 3.230486437678e-02 3.116386570036e-02 2.912793122232e-02 2.678327262402e-02 2.780380845070e-02 3.096850961447e-02 4.894216358662e-02 6.658167392015e-02 7.199982553720e-02 7.569076120853e-02 7.781156897545e-02 7.840779423714e-02 7.386309653521e-02 6.945943832397e-02 6.572797149420e-02 6.239492073655e-02 6.902280449867e-02 8.209659904242e-02 1.047216877341e-01 1.206942647696e-01 1.176928952336e-01 1.926384419203e-01 2.238889783621e-01 3.293614089489e-01 3.843893706799e-01 3.870960772038e-01 3.939329087734e-01
1.003273203969e-02 1.606777496636e-02 1.959534734488e-02 2.136761695147e-02 2.193870209157e-02 2.550744637847e-02 2.930308505893e-02 3.163779526949e-02 3.271425142884e-02 3.367225453258e-02 3.478655591607e-02 3.544585034251e-02 3.475140407681e-02 3.215600177646e-02 3.308194503188e-02 3.385810181499e-02 3.349225968122e-02 3.176831826568e-02 2.906288579106e-02 2.627842687070e-02 2.619005925953e-02 3.225576505065e-02 5.510735139251e-02 7.573943585157e-02 8.584293723106e-02 9.113535284996e-02 9.183153510094e-02 9.450832009315e-02 9.205167740583e-02 7.922737300396e-02 6.814511120319e-02 6.529922038317e-02 7.600461691618e-02 8.330850303173e-02 8.814149349928e-02 9.463182836771e-02 1.257558614016e-01 1.859196275473e-01 2.456286698580e-01 2.488430440426e-01 3.891963362694e-01 4.669168293476e-01 3.662087023258e-01
1.371505018324e-02 2.077759243548e-02 2.513946779072e-02 2.703907340765e-02 2.816158346832e-02 2.866946347058e-02 2.883755974472e-02 2.864969521761e-02 2.810329198837e-02 2.734973840415e-02 2.852125838399e-02 3.099310770631e-02 3.314132243395e-02 3.499893099070e-02 3.630757704377e-02 3.663501143456e-02 3.560302779078e-02 3.309863060713e-02 2.962225116789e-02 2.889362722635e-02 2.756883949041e-02 3.477349877357e-02 5.677972733974e-02 7.815326005220e-02 1.942167282104e-01 5.747089385986e-01 6.116282343864e-01 2.754864990711e-01 1.603404730558e-01 1.264480203390e-01 8.980695903301e-02 6.915815174580e-02 8.075567334890e-02 1.059688553214e-01 8.621440082788e-02 1.026388108730e-01 1.137762218714e-01 1.919032484293e-01 3.353968262672e-01 3.273758888245e-01 3.628574907780e-01 4.795040786266e-01 6.591888070107e-01
1.939837075770e-02 2.868347242475e-02 3.418247401714e-02 3.711705654860e-02 3.793640434742e-02 3.772342205048e-02 3.696397319436e-02 3.580550476909e-02 3.433451801538e-02 3.301692008972e-02 3.881651535630e-02 4.459553956985e-02 4.961166530848e-02 5.304710939527e-02 5.419996753335e-02 5.274009332061e-02 4.869133606553e-02 4.234885051847e-02 3.915488347411e-02 3.722112625837e-02 3.485143557191e-02 4.060799628496e-02 5.678097903728e-02 1.272456347942e-01 5.378493070602e-01 1.548137664795e+00 1.692687273026e+00 8.514682650566e-01 3.691124022007e-01 1.813427954912e-01 1.171617656946e-01 8.799774199724e-02 7.980398833752e-02 1.129766032100e-01 1.230328604579e-01 1.276752948761e-01 1.143661960959e-01 1.728025376797e-01 3.954303562641e-01 5.945311784744e-01 3.923851251602e-01 3.787211179733e-01 8.388669490814e-01
2.435612678528e-02 3.477276116610e-02 4.160116985440e-02 4.424370080233e-02 4.412720352411e-02 4.267536103725e-02 4.059321060777e-02 3.951629623771e-02 4.633253812790e-02 5.652281269431e-02 6.704143434763e-02 7.697639614344e-02 8.543046563864e-02 9.209591150284e-02 9.668979793787e-02 9.834645688534e-02 9.579799324274e-02 8.756065368652e-02 7.222605496645e-02 5.371160060167e-02 4.966096952558e-02 5.074768885970e-02 1.118885055184e-01 2.025687992573e-01 5.816954374313e-01 4.788197517395e+00 8.941349029541e+00 1.942338943481e+00 8.500752449036e-01 3.051964342594e-01 1.433385312557e-01 1.089135408401e-01 1.059190705419e-01 1.472367197275e-01 1.770118176937e-01 1.727298051119e-01 1.428066492081e-01 2.094991356134e-01 3.329100608826e-01 7.299748063087e-01 7.339948415756e-01 3.623440265656e-01 8.734908103943e-01
2.590985782444e-02 3.623908385634e-02 4.234956204891e-02 4.381145909429e-02 4.232604429126e-02 4.410390928388e-02 4.872450232506e-02 5.178206413984e-02 6.193441897631e-02 7.624686509371e-02 9.117408096790e-02 1.053449213505e-01 1.177787110209e-01 1.288709342480e-01 1.395191699266e-01 1.496107429266e-01 1.563490033150e-01 1.536026000977e-01 1.330985873938e-01 9.555701166391e-02 7.378387451172e-02 1.052476912737e-01 1.850542426109e-01 2.622851729393e-01 1.147831201553e+00 2.756563901901e+00 3.494854688644e+00 1.059305191040e+00 3.968700766563e-01 2.433073520660e-01 2.081653773785e-01 2.548148930073e-01 3.290931880474e-01 3.052375614643e-01 2.219479084015e-01 2.192856520414e-01 1.830928325653e-01 2.137560695410e-01 2.345625162125e-01 4.796715676785e-01 6.381993889809e-01 4.097133278847e-01 1.533157706261e+00
3.540389984846e-02 5.605431646109e-02 7.065594196320e-02 7.895192503929e-02 8.356942236423e-02 8.534679561853e-02 8.449769020081e-02 8.138537406921e-02 7.661184668541e-02 7.894831895828e-02 9.528632462025e-02 1.117509007454e-01 1.273830682039e-01 1.423938721418e-01 1.584289968014e-01 1.773309856653e-01 1.956789195538e-01 2.023714631796e-01 1.822690963745e-01 1.649978160858e-01 1.662476360798e-01 1.792207062244e-01 2.296309620142e-01 3.117373585701e-01 5.937393903732e-01 2.190039455891e-01 1.719934493303e-01 1.719596534967e-01 1.871646344662e-01 2.026575207710e-01 2.242100685835e-01 1.560770392418e+00 1.026167154312e+00 8.223298788071e-01 4.961304068565e-01 7.325237393379e-01 6.742150187492e-01 3.168292045593e-01 2.463837862015e-01 2.959945499897e-01 4.414536952972e-01 1.167058110237e+00 1.773766517639e+00
6.496572494507e-02 1.009646803141e-01 1.236643940210e-01 1.328620910645e-01 1.343326866627e-01 1.309634149075e-01 1.242335438728e-01 1.154217347503e-01 1.075951308012e-01 1.116049811244e-01 1.144355162978e-01 1.153436899185e-01 1.220295280218e-01 1.385704129934e-01 1.542285531759e-01 1.718441992998e-01 1.892628222704e-01 2.814713120461e-01 3.635143935680e-01 3.659473359585e-01 3.735975325108e-01 3.694470226765e-01 2.697622179985e-01 3.246958255768e-01 1.612041741610e-01 1.218426004052e-01 1.119488701224e-01 9.699467569590e-02 1.096701472998e-01 1.532681733370e-01 3.424584269524e-01 1.857546329498e+00 1.321899294853e+00 9.152790904045e-01 7.989668846130e-01 1.698541998863e+00 1.620869159698e+00 7.323194146156e-01 5.489715337753e-01 5.080946683884e-01 6.506109237671e-01 1.100904464722e+00 1.972643733025e+00
9.359977394342e-02 1.424325406551e-01 1.676207035780e-01 1.720551997423e-01 2.107160091400e-01 2.265601605177e-01 2.226536273956e-01 2.075056582689e-01 1.871329545975e-01 1.690276414156e-01 1.707830429077e-01 1.670700609684e-01 1.765247285366e-01 2.035674005747e-01 2.229714393616e-01 2.405423074961e-01 2.692115008831e-01 2.988505661488e-01 2.767378985882e-01 3.164185881615e-01 3.317172825336e-01 2.702437639236e-01 2.217433601618e-01 1.269583255053e-01 1.115846708417e-01 8.668608963490e-02 7.186070829630e-02 5.764945596457e-02 5.280815437436e-02 9.396176785231e-02 1.498809009790e-01 7.914252877235e-01 1.051829576492e+00 1.586384296417e+00 1.683653354645e+00 2.172732353210e+00 1.547522068024e+00 7.265315055847e-01 1.140493035316e+00 1.138108611107e+00 8.100378513336e-01 1.062423467636e+00 3.404592275620e+00
1.097132787108e-01 1.653131842613e-01 1.911990940571e-01 2.131095826626e-01 2.583922147751e-01 2.757973670959e-01 2.694487571716e-01 2.495606988668e-01 2.229563295841e-01 1.944434195757e-01 1.728829145432e-01 1.901990473270e-01 2.200041562319e-01 2.525860071182e-01 2.746121883392e-01 2.818826138973e-01 2.642252445221e-01 2.171417325735e-01 1.715243011713e-01 1.482664942741e-01 1.261111199856e-01 8.835788071156e-02 7.919579744339e-02 7.573300600052e-02 6.744700670242e-02 5.501956120133e-02 4.240795224905e-02 4.022376611829e-02 5.128462985158e-02 7.737118750811e-02 1.112151518464e-01 4.395901858807e-01 4.814216196537e-01 9.279147982597e-01 1.075750827789e+00 2.463949441910e+00 2.171265602112e+00 1.132609963417e+00 1.036086201668e+00 4.544458866119e+00 1.068614196777e+01 2.770991563797e+00 1.703059554100e+00
8.183301240206e-02 1.221203133464e-01 1.395180225372e-01 1.410612165928e-01 1.683659851551e-01 1.778841018677e-01 1.727921068668e-01 1.594623327255e-01 1.419900953770e-01 1.235244870186e-01 1.150027289987e-01 1.236335039139e-01 1.283111423254e-01 1.290896087885e-01 1.271858513355e-01 1.291169077158e-01 1.157826110721e-01 9.285894036293e-02 1.080976352096e-01 1.018659695983e-01 8.112563937902e-02 5.909387394786e-02 5.529601499438e-02 4.929080232978e-02 4.121556133032e-02 3.239852562547e-02 3.680318966508e-02 5.119194090366e-02 6.418145447969e-02 1.319602280855e-01 1.668978035450e-01 2.493476271629e-01 4.305413067341e-01 3.233096599579e-01 2.794352173805e-01 3.400635719299e-01 2.116423606873e+00 1.219554305077e+00 9.463963508606e-01 6.066995620728e+00 1.339432621002e+01 1.472637295723e+00 5.314863324165e-01
3.871500119567e-02 5.717566236854e-02 6.726888567209e-02 7.646348327398e-02 8.004957437515e-02 8.341050148010e-02 8.420718461275e-02 7.978796958923e-02 7.586500048637e-02 7.478752732277e-02 7.340680807829e-02 6.744351983070e-02 6.878285109997e-02 7.068303972483e-02 7.011139392853e-02 6.632047891617e-02 8.955519646406e-02 1.143369972706e-01 1.077164188027e-01 8.057637512684e-02 5.137677118182e-02 3.728435933590e-02 3.379268944263e-02 2.926833182573e-02 2.439447864890e-02 3.746289014816e-02 5.772462114692e-02 7.710400223732e-02 1.066396534443e-01 1.730897873640e-01 2.378748953342e-01 3.208005130291e-01 3.682601153851e-01 3.095895051956e-01 1.915831714869e-01 2.222352474928e-01 4.312169849873e-01 1.087793827057e+00 1.787391304970e+00 1.867370367050e+00 9.907828569412e-01 3.796322941780e-01 3.544114232063e-01
2.560954913497e-02 3.728979825974e-02 4.730017855763e-02 5.343803763390e-02 5.582908168435e-02 5.555145442486e-02 5.423019081354e-02 5.164875835180e-02 4.859071597457e-02 4.535928741097e-02 4.204975813627e-02 3.875083476305e-02 3.559159860015e-02 3.477605059743e-02 3.433239832520e-02 4.881512746215e-02 8.314526826143e-02 9.833117574453e-02 8.411867916584e-02 5.794228613377e-02 3.524675965309e-02 2.247431874275e-02 2.249278873205e-02 2.460650727153e-02 3.343428298831e-02 5.688970908523e-02 8.583614975214e-02 1.209076717496e-01 1.722853928804e-01 2.352492213249e-01 3.520310521126e-01 3.633475601673e-01 3.296492695808e-01 1.791874170303e-01 1.354397386312e-01 1.844320744276e-01 2.232104539871e-01 8.498164415359e-01 2.097015857697e+00 1.206173181534e+00 7.199710607529e-01 3.240961134434e-01 3.076459467411e-01
1.779141463339e-02 2.576640807092e-02 3.222891315818e-02 3.623661771417e-02 3.804017603397e-02 3.826847672462e-02 3.744258359075e-02 3.589672967792e-02 3.386507183313e-02 3.146208077669e-02 2.882784605026e-02 2.602742612362e-02 2.765839360654e-02 2.781372517347e-02 2.567234635353e-02 2.892185561359e-02 5.177678912878e-02 6.440910696983e-02 6.015326827765e-02 4.703349992633e-02 3.320241346955e-02 2.230375073850e-02 2.405607514083e-02 2.763166464865e-02 4.723001271486e-02 1.047892719507e-01 2.239896655083e-01 2.072631418705e-01 1.713605076075e-01 3.172690272331e-01 4.320127964020e-01 3.705951869488e-01 2.665215432644e-01 1.248250827193e-01 1.332270056009e-01 1.831596791744e-01 2.565737664700e-01 9.076198339462e-01 1.526216745377e+00 7.234172224998e-01 4.195777177811e-01 2.587532699108e-01 2.323279529810e-01
1.190978102386e-02 1.709052361548e-02 2.119936421514e-02 2.370548062027e-02 2.480963803828e-02 2.492616511881e-02 2.434525825083e-02 2.325367182493e-02 2.176146581769e-02 1.996297948062e-02 1.979136839509e-02 2.224102616310e-02 2.320428378880e-02 2.218887023628e-02 2.131991274655e-02 2.438308857381e-02 2.707591839135e-02 3.289852663875e-02 3.760177642107e-02 3.626855835319e-02 3.085014969110e-02 2.435692213476e-02 2.567261084914e-02 3.523929789662e-02 6.146915256977e-02 1.825112849474e-01 2.610832750797e-01 1.553677469492e-01 1.743906587362e-01 3.354732990265e-01 4.542180299759e-01 3.598835170269e-01 2.506462335587e-01 1.719636768103e-01 1.893124878407e-01 1.830571889877e-01 3.943553566933e-01 1.576110720634e+00 1.137339234352e+00 3.023279905319e-01 6.053965091705e-01 2.634532749653e-01 1.796494722366e-01
7.004342507571e-03 9.962721727788e-03 1.226761005819e-02 1.362902857363e-02 1.417747419327e-02 1.415449846536e-02 1.372127048671e-02 1.298047974706e-02 1.246738526970e-02 1.521063689142e-02 1.779547706246e-02 1.948835887015e-02 1.962921209633e-02 2.176661230624e-02 2.516819909215e-02 2.861104346812e-02 3.161669522524e-02 3.357214480639e-02 3.388024866581e-02 3.231542930007e-02 2.946543693542e-02 2.733395434916e-02 3.038074634969e-02 4.391015321016e-02 7.413609325886e-02 2.046020478010e-01 2.156850993633e-01 1.711843013763e-01 1.558320969343e-01 3.000646829605e-01 4.205147922039e-01 3.278208971024e-01 3.203039169312e-01 2.161268591881e-01 2.280869632959e-01 1.634274870157e-01 3.752159774303e-01 1.016118764877e+00 4.940349757671e-01 3.546910881996e-01 8.024073839188e-01 2.593841850758e-01 1.374660432339e-01
