100/SI/f45_max.grd
DSAA
101	101
32.816463539100	34.260883539100
35.556306596100	36.727886596100
1.640077214688e-03	2.694128112793e+02
[rows 0 to 18 of 101, columns 43 to 85 of 101]
3.913834095001e-01 6.679115891457e-01 7.694531083107e-01 6.097344756126e-01 4.248647093773e-01 4.282121062279e-01 3.683323860168e-01 3.370336592197e-01 2.217806428671e-01 3.206995129585e-01 4.255733489990e-01 5.042995810509e-01 6.018736958504e-01 8.594423532486e-01 3.859702348709e-01 4.762448668480e-01 6.047003269196e-01 6.592502593994e-01 4.454153180122e-01 2.994700074196e-01 3.382097780704e-01 4.343388676643e-01 4.457740783691e-01 4.883533120155e-01 4.949731230736e-01 3.532805740833e-01 2.369266897440e-01 2.391618490219e-01 4.520128369331e-01 6.781148910522e-01 5.446936488152e-01 2.670867145061e-01 3.373010754585e-01 2.200895249844e-01 2.250554412603e-01 1.933299154043e-01 1.653547435999e-01 1.506183892488e-01 1.107792332768e-01 1.117594987154e-01 1.490010321140e-01 2.490511536598e-01 2.474561184645e-01
6.783885955811e-01 1.209679961205e+00 1.510640501976e+00 1.336695909500e+00 1.001868605614e+00 9.268841743469e-01 7.697032690048e-01 6.536976695061e-01 6.078332662582e-01 7.043962478638e-01 7.845649719238e-01 8.946667313576e-01 1.190295338631e+00 1.716234922409e+00 7.350258231163e-01 9.047472476959e-01 1.142413735390e+00 1.233752489090e+00 8.471789360046e-01 5.774679780006e-01 6.586865782738e-01 8.283488750458e-01 8.822721242905e-01 8.533573150635e-01 8.720573186874e-01 7.356356978416e-01 4.395498335361e-01 4.968489706516e-01 1.021613121033e+00 1.624643564224e+00 9.692253470421e-01 4.406053423882e-01 6.599361896515e-01 4.051833748817e-01 4.354726076126e-01 3.603746294975e-01 2.954160273075e-01 2.649924755096e-01 2.133104801178e-01 2.132976502180e-01 3.295946419239e-01 5.045383572578e-01 4.700371026993e-01
8.541008830070e-01 1.235075116158e+00 1.687446117401e+00 1.659115433693e+00 1.348355770111e+00 1.348325133324e+00 9.125708341599e-01 8.044421672821e-01 1.084903001785e+00 1.085434198380e+00 7.797176837921e-01 9.907644987106e-01 1.268374800682e+00 1.794972777367e+00 8.552540540695e-01 1.029190778732e+00 1.278221726418e+00 1.411884546280e+00 9.759012460709e-01 7.627887129784e-01 7.639067769051e-01 8.317137956619e-01 9.924973845482e-01 1.069564104080e+00 1.285489201546e+00 9.891539216042e-01 5.714867115021e-01 6.146691441536e-01 1.341663956642e+00 2.098443269730e+00 9.934492111206e-01 5.123878121376e-01 7.600988149643e-01 4.471492767334e-01 4.859798550606e-01 4.256419539452e-01 3.783691823483e-01 3.008692860603e-01 2.474466264248e-01 3.035373687744e-01 4.176917672157e-01 5.585137605667e-01 4.809882640839e-01
9.840649366379e-01 1.117709279060e+00 1.508944034576e+00 1.638983368874e+00 1.461376905441e+00 1.805119991302e+00 9.565616250038e-01 1.099559426308e+00 1.550912261009e+00 1.597921490669e+00 1.062166213989e+00 1.036335706711e+00 1.299368381500e+00 1.811326503754e+00 8.981799483299e-01 1.146720170975e+00 1.310971021652e+00 1.471071124077e+00 1.053370714188e+00 1.001203656197e+00 8.206347227097e-01 1.036548137665e+00 1.253643631935e+00 1.235363006592e+00 1.707401633263e+00 1.220306515694e+00 6.441723108292e-01 7.324253916740e-01 1.565888643265e+00 2.276997327805e+00 9.368332624435e-01 5.703933238983e-01 8.061593174934e-01 4.525919556618e-01 4.957571327686e-01 5.426585078239e-01 4.583241343498e-01 3.453664481640e-01 2.964971661568e-01 3.753245770931e-01 4.987134933472e-01 5.817337036133e-01 4.607602059841e-01
9.675564765930e-01 1.339968085289e+00 1.190148830414e+00 1.385174036026e+00 1.347224712372e+00 2.292844057083e+00 9.206737875938e-01 1.357246518135e+00 1.981036543846e+00 2.128349781036e+00 1.499280810356e+00 1.079793334007e+00 1.335835576057e+00 1.820337533951e+00 9.301562905312e-01 1.255788564682e+00 1.326581358910e+00 1.520065784454e+00 1.166402220726e+00 1.231623172760e+00 9.700834155083e-01 1.310860037804e+00 1.592813491821e+00 1.549445033073e+00 2.123815059662e+00 1.411147236824e+00 7.717006802559e-01 7.851994633675e-01 1.658825278282e+00 2.201021909714e+00 1.011438846588e+00 6.795675754547e-01 8.340484499931e-01 5.360322594643e-01 6.139879226685e-01 6.374024748802e-01 5.095160603523e-01 3.604180812836e-01 3.768571317196e-01 4.091461598873e-01 5.820443034172e-01 5.899738669395e-01 4.408011436462e-01
8.388863205910e-01 1.422252297401e+00 1.067558765411e+00 1.097800850868e+00 1.171169400215e+00 2.779052972794e+00 1.039227247238e+00 1.544103741646e+00 2.361671209335e+00 2.653891086578e+00 1.957283258438e+00 1.138356804848e+00 1.385246634483e+00 1.827960252762e+00 1.031434297562e+00 1.346410274506e+00 1.323379278183e+00 1.563328623772e+00 1.194618940353e+00 1.429687380791e+00 1.175966024399e+00 1.587910771370e+00 1.897421002388e+00 1.815930247307e+00 2.496030330658e+00 1.521397113800e+00 8.490482568741e-01 9.178402423859e-01 1.587951183319e+00 1.785551190376e+00 1.005138635635e+00 7.855662107468e-01 8.420247435570e-01 5.990341901779e-01 7.188135385513e-01 7.085305452347e-01 5.342954397202e-01 3.767789602280e-01 4.246211647987e-01 4.576181173325e-01 6.651409268379e-01 6.002227067947e-01 4.227588474751e-01
7.652639746666e-01 1.361607432365e+00 1.071081280708e+00 8.579140901566e-01 1.085392475128e+00 3.226424217224e+00 1.149335622787e+00 1.632707715034e+00 2.624193906784e+00 3.055130243301e+00 2.372985839844e+00 1.253781318665e+00 1.428919553757e+00 1.827925324440e+00 1.043697714806e+00 1.434609174728e+00 1.300919055939e+00 1.593421220779e+00 1.150917172432e+00 1.512361168861e+00 1.345926880836e+00 1.785493731499e+00 2.104383468628e+00 1.963793158531e+00 2.769184350967e+00 1.532182812691e+00 8.197447061539e-01 1.028119087219e+00 1.360649347305e+00 1.241515874863e+00 9.410908818245e-01 8.904287219048e-01 8.360909223557e-01 6.380978226662e-01 8.020408749580e-01 7.502036094666e-01 5.318400263786e-01 4.433344900608e-01 4.185034632683e-01 6.220378875732e-01 7.599935531616e-01 6.154341101646e-01 3.946622908115e-01
8.824464678764e-01 1.299937725067e+00 1.034708142281e+00 9.660124778748e-01 1.222209811211e+00 3.652010917664e+00 1.312379121780e+00 1.579552292824e+00 2.651706218719e+00 3.225896358490e+00 2.699381351471e+00 1.639928579330e+00 1.485279798508e+00 1.838048577309e+00 1.039878845215e+00 1.517293334007e+00 1.262583255768e+00 1.613316893578e+00 1.186081647873e+00 1.432332277298e+00 1.447696805000e+00 1.878284096718e+00 2.154490709305e+00 1.963460206985e+00 2.926658153534e+00 1.475742697716e+00 9.395806193352e-01 1.224941611290e+00 1.033079028130e+00 9.889757037163e-01 1.055677413940e+00 9.957566261292e-01 8.128073215485e-01 8.246902823448e-01 8.549382686615e-01 7.555612325668e-01 5.027715563774e-01 4.554402828217e-01 5.222045183182e-01 8.370690345764e-01 8.319618701935e-01 5.857013463974e-01 3.300729990005e-01
9.918476939201e-01 1.303878784180e+00 1.026880860329e+00 1.045953392982e+00 1.353821516037e+00 4.048180580139e+00 1.483194947243e+00 1.388104081154e+00 2.421576023102e+00 3.141675233841e+00 2.893065929413e+00 1.999663352966e+00 1.544822454453e+00 2.106107234955e+00 1.170700311661e+00 1.599382996559e+00 1.261525988579e+00 1.627087235451e+00 1.210198044777e+00 1.265949606895e+00 1.511725783348e+00 1.840129137039e+00 2.044560432434e+00 1.975838541985e+00 2.908022880554e+00 1.305035591125e+00 1.120822191238e+00 1.435621857643e+00 1.007247567177e+00 1.218567609787e+00 1.331847071648e+00 1.097406506538e+00 9.458839297295e-01 1.026399374008e+00 1.048641800880e+00 7.206258177757e-01 4.919235408306e-01 4.385809004307e-01 8.304108977318e-01 1.012302398682e+00 8.038534522057e-01 4.644260108471e-01 3.922170102596e-01
1.064457893372e+00 1.328434228897e+00 1.017085313797e+00 1.024698138237e+00 1.479767084122e+00 4.367370605469e+00 1.632712125778e+00 1.138947844505e+00 2.061196088791e+00 2.866227149963e+00 2.913467645645e+00 2.284206867218e+00 1.599144339561e+00 2.273091316223e+00 1.472241401672e+00 1.690355062485e+00 1.671194553375e+00 1.651366829872e+00 1.222644925117e+00 1.514643669128e+00 1.479937314987e+00 1.703957438469e+00 1.803263187408e+00 2.204839468002e+00 2.700709104538e+00 1.045705556870e+00 1.305899977684e+00 1.645597815514e+00 1.157500386238e+00 1.413416624069e+00 1.569427609444e+00 1.288303375244e+00 1.052114248276e+00 1.089107394218e+00 1.137428045273e+00 6.507564783096e-01 4.582326710224e-01 7.886755466461e-01 1.114932179451e+00 1.021293878555e+00 6.205842494965e-01 4.058896005154e-01 3.843283057213e-01
1.079024672508e+00 1.374835371971e+00 1.009305953979e+00 1.101352095604e+00 1.593447327614e+00 4.623706340790e+00 1.769695878029e+00 1.134943366051e+00 1.648154377937e+00 2.418064355850e+00 2.699916124344e+00 2.431900739670e+00 1.954925298691e+00 2.263371229172e+00 1.864336609840e+00 1.779268860817e+00 2.362415790558e+00 1.768406391144e+00 1.218788623810e+00 2.008374214172e+00 1.641165018082e+00 1.499246358871e+00 2.207989454269e+00 2.347984790802e+00 2.350526094437e+00 1.048754453659e+00 1.462017655373e+00 1.791655659676e+00 1.208474636078e+00 1.527227997780e+00 1.778367757797e+00 1.501756906509e+00 9.741696119308e-01 9.464088082314e-01 1.075491070747e+00 5.590158104897e-01 7.173581719398e-01 1.166339159012e+00 1.194452643394e+00 7.922050952911e-01 3.980258405209e-01 3.655035197735e-01 3.700485229492e-01
1.048118948936e+00 1.426563382149e+00 1.313012242317e+00 1.244708061218e+00 1.696036696434e+00 4.787455558777e+00 1.856280326843e+00 1.178100824356e+00 1.372663378716e+00 1.873873829842e+00 2.304794073105e+00 2.390696763992e+00 2.178104162216e+00 2.364641904831e+00 2.260609865189e+00 1.859897971153e+00 3.163765430450e+00 2.333579540253e+00 1.227282404900e+00 2.442200899124e+00 1.831169009209e+00 1.954445004463e+00 2.908151626587e+00 2.380385637283e+00 1.903477430344e+00 1.087486743927e+00 1.528601050377e+00 1.831621170044e+00 1.157046079636e+00 1.517580986023e+00 1.886906147003e+00 1.669675230980e+00 9.822241663933e-01 7.556586861610e-01 9.970842599869e-01 6.080147027969e-01 1.152466416359e+00 1.344095587730e+00 9.555454254150e-01 4.843084812164e-01 4.284138083458e-01 4.748063087463e-01 5.030818581581e-01
1.058940172195e+00 1.477972030640e+00 1.657651185989e+00 1.141876339912e+00 1.793089628220e+00 4.920153617859e+00 1.895745396614e+00 1.215873479843e+00 1.375435590744e+00 1.767631888390e+00 1.771107792854e+00 2.122813463211e+00 2.229975223541e+00 2.632876157761e+00 2.433557748795e+00 2.057534456253e+00 3.950230121613e+00 2.851862192154e+00 1.338915348053e+00 2.781177759171e+00 1.922198891640e+00 2.371625661850e+00 3.430202007294e+00 2.220745086670e+00 1.403890132904e+00 1.295635223389e+00 1.470302343369e+00 1.733071923256e+00 1.061874270439e+00 1.389269113541e+00 1.826459288597e+00 1.712830901146e+00 1.040278673172e+00 6.521193385124e-01 9.545477032661e-01 1.063260674477e+00 1.454691886902e+00 1.152705311775e+00 5.883340835571e-01 4.632804393768e-01 4.485785663128e-01 6.110470890999e-01 5.983686447144e-01
9.456803202629e-01 1.530329465866e+00 1.796971678734e+00 1.273373484612e+00 1.892670631409e+00 5.071515560150e+00 1.921422362328e+00 1.265028595924e+00 1.256779670715e+00 1.704343557358e+00 1.399009823799e+00 1.672551393509e+00 2.404067993164e+00 2.821652889252e+00 2.256975889206e+00 2.546735048294e+00 4.575704574585e+00 3.269915819168e+00 1.573968648911e+00 3.014406681061e+00 1.932458281517e+00 2.579161167145e+00 3.593048572540e+00 1.848466277122e+00 1.226521134377e+00 1.648009538651e+00 1.702661633492e+00 1.542585730553e+00 1.053498625755e+00 1.165631890297e+00 1.616461873055e+00 1.620977640152e+00 1.038962364197e+00 6.472781300545e-01 9.645336270332e-01 1.488077044487e+00 1.382128596306e+00 7.440097928047e-01 5.245034694672e-01 4.458590745926e-01 4.850049316883e-01 6.911705136299e-01 6.367343068123e-01
1.287460684776e+00 1.591780304909e+00 1.798783898354e+00 2.076982975006e+00 1.995581030846e+00 5.162575721741e+00 1.913679122925e+00 1.511230468750e+00 1.074907422066e+00 1.559940814972e+00 1.307828426361e+00 1.838935375214e+00 2.532397508621e+00 3.010686874390e+00 2.432889461517e+00 3.026823043823e+00 5.089721679688e+00 3.514288902283e+00 1.719420671463e+00 3.211488723755e+00 2.127534151077e+00 2.514894008636e+00 3.453344345093e+00 1.529975295067e+00 1.303641557693e+00 1.974363327026e+00 2.162582159042e+00 1.346525549889e+00 1.073248147964e+00 9.810830354691e-01 1.340971350670e+00 1.454014062881e+00 9.840284585953e-01 7.277897596359e-01 1.416287779808e+00 1.597874164581e+00 9.630563855171e-01 5.048295855522e-01 5.395836830139e-01 4.169563353062e-01 5.551211833954e-01 7.342113852501e-01 7.959761619568e-01
1.699861764908e+00 1.665329694748e+00 1.771332740784e+00 2.550618410110e+00 2.073352336884e+00 5.189793586731e+00 1.858050584793e+00 1.731911063194e+00 1.137136578560e+00 1.598468661308e+00 1.354402780533e+00 1.970550417900e+00 2.651831150055e+00 3.194758176804e+00 2.349503993988e+00 3.421985387802e+00 5.187269210815e+00 3.330741882324e+00 2.039628982544e+00 3.376299381256e+00 2.134163379669e+00 2.299171447754e+00 2.986947298050e+00 1.455436110497e+00 1.425886154175e+00 2.271659851074e+00 2.329665660858e+00 1.213197708130e+00 1.167610049248e+00 1.024648189545e+00 1.415046334267e+00 1.223204612732e+00 8.758002519608e-01 1.273405551910e+00 1.716880917549e+00 1.234486460686e+00 6.924263238907e-01 4.533306062222e-01 5.438939332962e-01 4.758078455925e-01 7.189018130302e-01 9.367975592613e-01 9.331380724907e-01
2.001168012619e+00 2.169992685318e+00 2.049890518188e+00 2.357316732407e+00 2.207738161087e+00 5.147198200226e+00 2.016509532928e+00 1.903518915176e+00 1.193638205528e+00 1.622296690941e+00 1.497523188591e+00 2.039206743240e+00 2.794518709183e+00 3.376120805740e+00 2.159745693207e+00 3.673273563385e+00 4.889028549194e+00 2.956000804901e+00 2.244127273560e+00 3.499510526657e+00 1.907241940498e+00 1.835493922234e+00 2.319310426712e+00 1.347410798073e+00 1.675885915756e+00 2.274391412735e+00 2.150225400925e+00 1.284510254860e+00 1.344214439392e+00 1.137726426125e+00 1.535179018974e+00 1.068609237671e+00 1.089318990707e+00 1.718941569328e+00 1.513677597046e+00 1.061895370483e+00 5.921683907509e-01 4.941040277481e-01 6.111709475517e-01 6.883244514465e-01 1.003469109535e+00 1.029726147652e+00 8.577773571014e-01
2.621983528137e+00 2.604744434357e+00 2.812014818192e+00 2.169119596481e+00 2.616788864136e+00 4.985211372375e+00 2.295983076096e+00 2.071816921234e+00 1.617170572281e+00 1.625102043152e+00 1.746759653091e+00 2.640992879868e+00 2.912223577499e+00 3.578020811081e+00 2.336171627045e+00 3.691853046417e+00 4.347997188568e+00 2.830496549606e+00 2.313181638718e+00 3.590972423553e+00 1.702790975571e+00 1.507581830025e+00 1.746532678604e+00 1.445919513702e+00 1.822480916977e+00 2.035511732101e+00 1.590981960297e+00 1.418501257896e+00 1.567230820656e+00 1.297478079796e+00 1.586925268173e+00 1.008589506149e+00 1.625067114830e+00 1.708743333817e+00 1.524038910866e+00 9.609161019325e-01 6.872014999390e-01 6.047001481056e-01 7.316867113113e-01 9.985007047653e-01 1.116082906723e+00 8.990620970726e-01 6.674135327339e-01
2.909762859344e+00 2.881876230240e+00 3.478132486343e+00 3.238023042679e+00 2.211421012878e+00 4.704540729523e+00 2.135218381882e+00 2.394895315170e+00 2.234787225723e+00 1.853243827820e+00 1.897536396980e+00 3.182622909546e+00 3.349599361420e+00 3.801722526550e+00 2.608250379562e+00 3.475888013840e+00 4.302855014801e+00 3.453129291534e+00 2.251341581345e+00 3.603708028793e+00 1.713566303253e+00 1.626383185387e+00 1.772803425789e+00 1.607843160629e+00 1.708557128906e+00 1.600564956665e+00 1.476904153824e+00 1.652819037437e+00 1.717108368874e+00 1.345981478691e+00 1.573476433754e+00 1.526421308517e+00 1.811488389969e+00 1.702652215958e+00 1.624092459679e+00 1.181843757629e+00 8.427235484123e-01 7.803992629051e-01 9.476079344749e-01 1.119252204895e+00 9.247537851334e-01 7.586694955826e-01 6.832224726677e-01
