100/SI/f45_max.grd
DSAA
101	101
32.816463539100	34.260883539100
35.556306596100	36.727886596100
1.640077214688e-03	2.694128112793e+02
[rows 76 to 94 of 101, columns 0 to 42 of 101]
1.727571710944e-02 2.499496936798e-02 3.290668502450e-02 3.897965326905e-02 4.190115258098e-02 4.217788949609e-02 4.075078666210e-02 3.847469389439e-02 3.588546812534e-02 3.874735161662e-02 4.381819069386e-02 5.254990607500e-02 6.223965436220e-02 6.845347583294e-02 6.970260292292e-02 6.766487658024e-02 6.162448599935e-02 6.562010943890e-02 6.756233423948e-02 7.224498689175e-02 9.972386807203e-02 9.755135327578e-02 6.390316039324e-02 6.937437504530e-02 6.428273767233e-02 5.907814577222e-02 6.051931902766e-02 6.727976351976e-02 7.554183900356e-02 7.984423637390e-02 7.687530666590e-02 7.239483296871e-02 7.037438452244e-02 6.975603103638e-02 7.668307423592e-02 9.191270172596e-02 1.779572963715e-01 2.120403051376e-01 1.995832771063e-01 1.406940966845e-01 1.391444206238e-01 2.297554314137e-01 4.001406431198e-01
1.738847047091e-02 2.812412753701e-02 3.734305128455e-02 4.308713600039e-02 4.538404196501e-02 4.516262561083e-02 4.337617009878e-02 4.073124378920e-02 4.231958836317e-02 4.698957130313e-02 5.408577993512e-02 6.395728141069e-02 7.308834791183e-02 7.753657549620e-02 7.633772492409e-02 7.080506533384e-02 6.031330302358e-02 6.199090555310e-02 6.224801391363e-02 5.541291087866e-02 5.689768865705e-02 5.965266004205e-02 5.206402763724e-02 6.273639202118e-02 6.647323071957e-02 6.098062545061e-02 6.557940691710e-02 7.899066060781e-02 8.767841011286e-02 8.868379890919e-02 8.272179961205e-02 7.590440660715e-02 7.533697783947e-02 7.377599179745e-02 8.974026143551e-02 9.645799547434e-02 1.594751477242e-01 1.782576739788e-01 1.958924978971e-01 2.217768430710e-01 4.586353003979e-01 5.979857444763e-01 5.659434795380e-01
1.852695085108e-02 2.956176921725e-02 3.851693868637e-02 4.359739646316e-02 4.522511735559e-02 4.447762295604e-02 4.221771284938e-02 4.607892036438e-02 5.193288996816e-02 5.811364948750e-02 6.610490381718e-02 7.453199476004e-02 7.997655123472e-02 7.982053607702e-02 7.410324364901e-02 6.434169411659e-02 5.111041292548e-02 5.364134535193e-02 5.194425955415e-02 4.554581269622e-02 4.154333099723e-02 4.662399739027e-02 5.641633644700e-02 7.521320879459e-02 7.920319586992e-02 7.147604972124e-02 8.770059049129e-02 9.513939917088e-02 9.730622172356e-02 9.515958279371e-02 8.896871656179e-02 8.245918899775e-02 7.851725816727e-02 9.029146283865e-02 1.163825541735e-01 1.503896564245e-01 1.979977488518e-01 2.462354153395e-01 2.061201930046e-01 5.401294231415e-01 6.225422024727e-01 6.009876132011e-01 5.933649539948e-01
1.674142479897e-02 2.646746672690e-02 3.413147106767e-02 3.824813663960e-02 3.929651901126e-02 3.821516409516e-02 4.381634294987e-02 4.987495392561e-02 5.472535267472e-02 5.954422429204e-02 6.460497528315e-02 6.835836917162e-02 6.877147406340e-02 6.473261862993e-02 5.716555938125e-02 4.780294373631e-02 4.468930512667e-02 4.311081394553e-02 4.029432311654e-02 3.705076873302e-02 3.847138583660e-02 4.285030066967e-02 6.771511584520e-02 9.212103486061e-02 9.961766004562e-02 1.047292724252e-01 1.076694652438e-01 1.084944754839e-01 1.022056341171e-01 9.611188620329e-02 9.094829857349e-02 8.633610606194e-02 9.550016373396e-02 1.135953217745e-01 1.449013948441e-01 1.670021712780e-01 1.628488302231e-01 2.665748894215e-01 3.097743391991e-01 4.556646645069e-01 5.319587588310e-01 5.355669856071e-01 5.451279282570e-01
1.388069801033e-02 2.223041281104e-02 2.711098827422e-02 2.956743910909e-02 3.035767190158e-02 3.529070690274e-02 4.054228961468e-02 4.377266019583e-02 4.526221752167e-02 4.658792167902e-02 4.812990128994e-02 4.904236271977e-02 4.808181524277e-02 4.449105262756e-02 4.576443508267e-02 4.683807492256e-02 4.633188247681e-02 4.394694417715e-02 4.020427539945e-02 3.636279329658e-02 3.623812273145e-02 4.462730139494e-02 7.624462246895e-02 1.047912165523e-01 1.187708973885e-01 1.260983943939e-01 1.270630508661e-01 1.307766139507e-01 1.273761242628e-01 1.096321046352e-01 9.429959952831e-02 9.035108238459e-02 1.051597073674e-01 1.152702420950e-01 1.219573691487e-01 1.309688687325e-01 1.740417778492e-01 2.572783231735e-01 3.399004340172e-01 3.443506956100e-01 5.385679006577e-01 6.461570262909e-01 5.067934989929e-01
1.897748373449e-02 2.874713204801e-02 3.478207066655e-02 3.741397336125e-02 3.896722942591e-02 3.967005759478e-02 3.990272805095e-02 3.964284807444e-02 3.888684511185e-02 3.784419968724e-02 3.945547714829e-02 4.287497699261e-02 4.584675282240e-02 4.841649532318e-02 5.022678896785e-02 5.067965015769e-02 4.925189539790e-02 4.578725993633e-02 4.097804427147e-02 3.998094797134e-02 3.815560787916e-02 4.811027646065e-02 7.855774462223e-02 1.081300973892e-01 2.687393128872e-01 7.952054738998e-01 8.462868332863e-01 3.811874091625e-01 2.218580394983e-01 1.749642640352e-01 1.242685988545e-01 9.570021182299e-02 1.117391064763e-01 1.466265916824e-01 1.192616224289e-01 1.420488208532e-01 1.574640125036e-01 2.655590772629e-01 4.641221165657e-01 4.530189633369e-01 5.021179318428e-01 6.635563969612e-01 9.122204780579e-01
2.684071473777e-02 3.968459740281e-02 4.729701951146e-02 5.135759338737e-02 5.249143764377e-02 5.219691246748e-02 5.114626511931e-02 4.954348504543e-02 4.750824719667e-02 4.567910358310e-02 5.370270460844e-02 6.169780716300e-02 6.863736361265e-02 7.338994741440e-02 7.498458772898e-02 7.296463847160e-02 6.736310571432e-02 5.858838930726e-02 5.417863652110e-02 5.150260031223e-02 4.822281002998e-02 5.619949474931e-02 7.855875045061e-02 1.760730892420e-01 7.442075014114e-01 2.142067193985e+00 2.342056274414e+00 1.178126692772e+00 5.107296109200e-01 2.509121298790e-01 1.621124893427e-01 1.217748969793e-01 1.103957295418e-01 1.563219726086e-01 1.701901704073e-01 1.766143888235e-01 1.582090556622e-01 2.391264885664e-01 5.471974015236e-01 8.227019906044e-01 5.429720282555e-01 5.240758061409e-01 1.160846948624e+00
3.369985148311e-02 4.811273142695e-02 5.756089463830e-02 6.121739372611e-02 6.105643510818e-02 5.904786288738e-02 5.616715177894e-02 5.467721819878e-02 6.410071998835e-02 7.819839566946e-02 9.275019913912e-02 1.064944565296e-01 1.181898191571e-01 1.274104267359e-01 1.337649524212e-01 1.360559314489e-01 1.325294971466e-01 1.211331114173e-01 9.991836547852e-02 7.431804388762e-02 6.871163845062e-02 7.021259516478e-02 1.548317670822e-01 2.802894413471e-01 8.048366904259e-01 6.624213218689e+00 1.236838436127e+01 2.686930894852e+00 1.175988554955e+00 4.222612082958e-01 1.983253806829e-01 1.507181972265e-01 1.465181410313e-01 2.036688029766e-01 2.448563128710e-01 2.389387488365e-01 1.975551396608e-01 2.899400591850e-01 4.606797099113e-01 1.010123610497e+00 1.015672087669e+00 5.014392733574e-01 1.208735823631e+00
3.584893047810e-02 5.014061555266e-02 5.859530717134e-02 6.061824038625e-02 5.856327340007e-02 6.102242693305e-02 6.741595268250e-02 7.164682447910e-02 8.568358421326e-02 1.054832488298e-01 1.261331588030e-01 1.457364708185e-01 1.629364490509e-01 1.782801598310e-01 1.930095106363e-01 2.069686800241e-01 2.162890881300e-01 2.124886810780e-01 1.841224282980e-01 1.321876645088e-01 1.020992249250e-01 1.456402689219e-01 2.560721635818e-01 3.629392385483e-01 1.588088750839e+00 3.813570737839e+00 4.834054946899e+00 1.465248703957e+00 5.488721728325e-01 3.366113305092e-01 2.880336344242e-01 3.526116013527e-01 4.553957581520e-01 4.223794639111e-01 3.070194125175e-01 3.034026622772e-01 2.533956170082e-01 2.958299815655e-01 3.245842754841e-01 6.637563109398e-01 8.831093907356e-01 5.669781565666e-01 2.121429681778e+00
4.898796230555e-02 7.756239175797e-02 9.776800870895e-02 1.092492118478e-01 1.156407073140e-01 1.181021481752e-01 1.169290244579e-01 1.126239523292e-01 1.060198843479e-01 1.092143431306e-01 1.318142712116e-01 1.545887738466e-01 1.762113720179e-01 1.969745159149e-01 2.191552072763e-01 2.453023195267e-01 2.706835567951e-01 2.799410820007e-01 2.521307766438e-01 2.283356487751e-01 2.300294786692e-01 2.479893267155e-01 3.176925480366e-01 4.313003718853e-01 8.214387297630e-01 3.029593229294e-01 2.379627227783e-01 2.379153817892e-01 2.589520812035e-01 2.803877294064e-01 3.101809918880e-01 2.159888982773e+00 1.420064568520e+00 1.137880802155e+00 6.864900588989e-01 1.013444900513e+00 9.327469468117e-01 4.383035302162e-01 3.409529924393e-01 4.095858931541e-01 6.108583807945e-01 1.614814877510e+00 2.454286813736e+00
8.989276736975e-02 1.397054940462e-01 1.711173653603e-01 1.838473826647e-01 1.858855187893e-01 1.812263131142e-01 1.719165742397e-01 1.597256213427e-01 1.488944739103e-01 1.544467508793e-01 1.583669185638e-01 1.596264243126e-01 1.687900573015e-01 1.916680186987e-01 2.133266627789e-01 2.376948595047e-01 2.617915570736e-01 3.894484639168e-01 5.029659271240e-01 5.063286423683e-01 5.168941617012e-01 5.111218094826e-01 3.731845021248e-01 4.491898417473e-01 2.230088859797e-01 1.685548573732e-01 1.548889875412e-01 1.342005729675e-01 1.517318934202e-01 2.120526283979e-01 4.739700555801e-01 2.570847749710e+00 1.829374909401e+00 1.266172766685e+00 1.105352520943e+00 2.349849224091e+00 2.242333412170e+00 1.013048171997e+00 7.593417167664e-01 7.027990221977e-01 9.002075195312e-01 1.523246765137e+00 2.729602813721e+00
1.294806003571e-01 1.970335692167e-01 2.318786531687e-01 2.379866838455e-01 2.914580404758e-01 3.133684694767e-01 3.079603314400e-01 2.870052754879e-01 2.588255405426e-01 2.339030057192e-01 2.363363057375e-01 2.312018573284e-01 2.442206144333e-01 2.816331684589e-01 3.084774911404e-01 3.327856361866e-01 3.722533285618e-01 4.133042693138e-01 3.828621208668e-01 4.377579092979e-01 4.589131772518e-01 3.738394975662e-01 3.067622184753e-01 1.756320744753e-01 1.543672382832e-01 1.199332326651e-01 9.942270070314e-02 7.976203411818e-02 7.305897772312e-02 1.299997866154e-01 2.073690444231e-01 1.095327854156e+00 1.455370903015e+00 2.194448232651e+00 2.328941822052e+00 3.006500482559e+00 2.140836715698e+00 1.004950523376e+00 1.577549099922e+00 1.574018836021e+00 1.120782256126e+00 1.470088958740e+00 4.710934162140e+00
1.517686545849e-01 2.286816537380e-01 2.644912302494e-01 2.947662770748e-01 3.573951423168e-01 3.814639449120e-01 3.726781904697e-01 3.451676666737e-01 3.083693981171e-01 2.689320147038e-01 2.391695380211e-01 2.631246149540e-01 3.043569028378e-01 3.494293689728e-01 3.798982501030e-01 3.899520039558e-01 3.655198812485e-01 3.003818392754e-01 2.372739613056e-01 2.050984650850e-01 1.744464784861e-01 1.222196593881e-01 1.095672398806e-01 1.047776862979e-01 9.331447631121e-02 7.612121105194e-02 5.867332592607e-02 5.564828217030e-02 7.095042616129e-02 1.070667430758e-01 1.538757532835e-01 6.083782911301e-01 6.661264896393e-01 1.283566474915e+00 1.488045692444e+00 3.409449577332e+00 3.004383087158e+00 1.566760420799e+00 1.432985067368e+00 6.287343025208e+00 1.478433132172e+01 3.834107160568e+00 2.356464862823e+00
1.131997257471e-01 1.689295619726e-01 1.929965466261e-01 1.951074153185e-01 2.328709065914e-01 2.460326999426e-01 2.389874607325e-01 2.205497622490e-01 1.963835060596e-01 1.708434969187e-01 1.590497940779e-01 1.709810495377e-01 1.774454265833e-01 1.785181164742e-01 1.759483516216e-01 1.786183267832e-01 1.601701378822e-01 1.284664720297e-01 1.495480090380e-01 1.409262418747e-01 1.122323647141e-01 8.175534754992e-02 7.650201022625e-02 6.819456070662e-02 5.702279135585e-02 4.482458904386e-02 5.092572048306e-02 7.083397358656e-02 8.880587667227e-02 1.825704276562e-01 2.308983057737e-01 3.450462222099e-01 5.958402156830e-01 4.473854303360e-01 3.866760134697e-01 4.704510569572e-01 2.928444147110e+00 1.687085509300e+00 1.309427618980e+00 8.393675804138e+00 1.853102493286e+01 2.037562131882e+00 7.353904247284e-01
5.355381220579e-02 7.909032702446e-02 9.307030588388e-02 1.057905778289e-01 1.107512041926e-01 1.153683438897e-01 1.164707168937e-01 1.103596538305e-01 1.049353852868e-01 1.034466549754e-01 1.015381589532e-01 9.329120814800e-02 9.511867910624e-02 9.774459153414e-02 9.695267677307e-02 9.170942008495e-02 1.238952651620e-01 1.581802815199e-01 1.490217298269e-01 1.114748716354e-01 7.107812911272e-02 5.158284679055e-02 4.675262048841e-02 4.049350693822e-02 3.375071287155e-02 5.183829367161e-02 7.987274974585e-02 1.066858321428e-01 1.475523263216e-01 2.394757568836e-01 3.291568458080e-01 4.439008235931e-01 5.096385478973e-01 4.281476140022e-01 2.651068270206e-01 3.075245916843e-01 5.966570973396e-01 1.505124688148e+00 2.472935438156e+00 2.583279371262e+00 1.370743274689e+00 5.252725481987e-01 4.903814494610e-01
3.543304279447e-02 5.159312114120e-02 6.544311344624e-02 7.393471151590e-02 7.724205404520e-02 7.685720175505e-02 7.502958923578e-02 7.145812362432e-02 6.722719222307e-02 6.275629252195e-02 5.817719921470e-02 5.361264571548e-02 4.924124851823e-02 4.812356084585e-02 4.750933498144e-02 6.753312796354e-02 1.150274053216e-01 1.360375136137e-01 1.163762733340e-01 8.016274124384e-02 4.876411706209e-02 3.109361231327e-02 3.112296387553e-02 3.404777497053e-02 4.626427218318e-02 7.871806621552e-02 1.187687218189e-01 1.673034727573e-01 2.383793443441e-01 3.255138993263e-01 4.870989620686e-01 5.027582645416e-01 4.561968743801e-01 2.479490190744e-01 1.874169707298e-01 2.552095949650e-01 3.087765276432e-01 1.175849556923e+00 2.901225566864e+00 1.668680191040e+00 9.962636232376e-01 4.484314620495e-01 4.256753325462e-01
2.461551502347e-02 3.564933687449e-02 4.459046944976e-02 5.013515055180e-02 5.263028293848e-02 5.294604226947e-02 5.180336534977e-02 4.966462031007e-02 4.685375094414e-02 4.352905228734e-02 3.988441079855e-02 3.600974753499e-02 3.827358782291e-02 3.848828002810e-02 3.552499786019e-02 4.001182317734e-02 7.163081318140e-02 8.910797536373e-02 8.322126418352e-02 6.507118791342e-02 4.593641310930e-02 3.085820563138e-02 3.328638896346e-02 3.823399916291e-02 6.535317003727e-02 1.450039595366e-01 3.099347949028e-01 2.867858707905e-01 2.371087968349e-01 4.389949440956e-01 5.977560281754e-01 5.127776861191e-01 3.688288331032e-01 1.727006435394e-01 1.843525320292e-01 2.534478306770e-01 3.550054430962e-01 1.255402684212e+00 2.111025810242e+00 1.000986099243e+00 5.805792212486e-01 3.580212891102e-01 3.214650154114e-01
1.647804118693e-02 2.364594489336e-02 2.933078259230e-02 3.279812633991e-02 3.432576358318e-02 3.448696807027e-02 3.368325158954e-02 3.217299282551e-02 3.010844811797e-02 2.762013301253e-02 2.738734520972e-02 3.077678382397e-02 3.210948035121e-02 3.070427663624e-02 2.949878014624e-02 3.373695164919e-02 3.746274486184e-02 4.551420360804e-02 5.202173441648e-02 5.017798021436e-02 4.268215969205e-02 3.369904309511e-02 3.552345931530e-02 4.876251146197e-02 8.505576848984e-02 2.525443732738e-01 3.612569272518e-01 2.149720191956e-01 2.413001507521e-01 4.641802310944e-01 6.284754276276e-01 4.979543089867e-01 3.467763960361e-01 2.379178702831e-01 2.619600296021e-01 2.533052563667e-01 5.454766154289e-01 2.179998397827e+00 1.572995543480e+00 4.182790517807e-01 8.375647664070e-01 3.645160794258e-01 2.485776692629e-01
9.691080078483e-03 1.378421671689e-02 1.697320491076e-02 1.885683648288e-02 1.961566880345e-02 1.958390697837e-02 1.898454129696e-02 1.795964315534e-02 1.725265383720e-02 2.104839496315e-02 2.462493255734e-02 2.696726284921e-02 2.716204524040e-02 3.011632896960e-02 3.482272848487e-02 3.958623856306e-02 4.374489560723e-02 4.645057767630e-02 4.687710851431e-02 4.471241310239e-02 4.076968878508e-02 3.781914710999e-02 4.203489422798e-02 6.076069548726e-02 1.025828719139e-01 2.831089198589e-01 2.984404265881e-01 2.368537783623e-01 2.156100124121e-01 4.151865243912e-01 5.818426609039e-01 4.535939693451e-01 4.431481063366e-01 2.990175783634e-01 3.156128823757e-01 2.260799258947e-01 5.189936161041e-01 1.405858516693e+00 6.832847595215e-01 4.907099604607e-01 1.110108971596e+00 3.588811159134e-01 1.902109533548e-01
