100/SI/f45_max.grd
DSAA
101	101
32.816463539100	34.260883539100
35.556306596100	36.727886596100
1.640077214688e-03	2.694128112793e+02
[rows 57 to 75 of 101, columns 43 to 85 of 101]
1.134432435036e+00 1.353816390038e+00 6.864053010941e-01 7.610983252525e-01 7.528714537621e-01 1.212627410889e+00 1.367577672005e+00 1.841235280037e+00 1.607066035271e+00 8.767600059509e-01 6.081286072731e-01 5.111279487610e-01 3.773875236511e-01 6.698074340820e-01 2.780896663666e+00 9.344995498657e+00 2.073724555969e+01 1.948507499695e+01 2.774625778198e+01 9.516591072083e+00 2.752682209015e+00 2.100057840347e+00 3.808539628983e+00 6.988269329071e+00 1.195877933502e+01 1.084001350403e+01 1.179540061951e+01 9.592048645020e+00 1.249290180206e+01 1.152742862701e+01 1.218070888519e+01 9.078027725220e+00 9.427934646606e+00 1.323565483093e+01 8.218277931213e+00 5.163173675537e+00 6.028707027435e+00 8.459094047546e+00 1.060525321960e+01 7.671994209290e+00 3.198137283325e+00 2.803220033646e+00 2.710893392563e+00
9.059615135193e-01 1.488116145134e+00 5.547618269920e-01 5.903363823891e-01 5.847445130348e-01 8.795537352562e-01 1.718969702721e+00 5.527163028717e+00 4.395897865295e+00 9.453009963036e-01 5.618720650673e-01 3.874632418156e-01 2.963346540928e-01 2.932424843311e-01 5.787600278854e-01 5.565465450287e+00 6.526302814484e+00 6.816669464111e+00 5.520683765411e+00 5.591584205627e+00 4.091435909271e+00 3.108382940292e+00 2.398038864136e+00 1.451500892639e+00 3.747608184814e+00 7.452491283417e+00 1.299683284760e+01 1.325111865997e+01 1.445321178436e+01 7.950951099396e+00 1.048875617981e+01 9.573808670044e+00 8.206412315369e+00 7.197859764099e+00 7.319098472595e+00 5.513247013092e+00 5.410188198090e+00 6.515656471252e+00 6.407467365265e+00 5.873306274414e+00 6.097650527954e+00 6.393884658813e+00 5.984515190125e+00
7.564737796783e-01 7.291229963303e-01 5.050948262215e-01 5.374317169189e-01 5.463950037956e-01 8.008020520210e-01 2.439956903458e+00 6.113912105560e+00 6.228853225708e+00 1.401941061020e+00 5.830842852592e-01 3.309141993523e-01 2.346180081367e-01 2.126241922379e-01 2.181215286255e-01 2.731409072876e-01 3.765419125557e-01 5.129483938217e-01 6.640034914017e-01 8.231236934662e-01 9.659000039101e-01 1.135616183281e+00 7.636087536812e-01 7.673035860062e-01 1.830583095551e+00 8.516428947449e+00 1.467231369019e+01 1.664462089539e+01 1.598964309692e+01 1.614233398438e+01 1.064841747284e+01 9.236225128174e+00 7.841847419739e+00 7.118837356567e+00 1.000040912628e+01 8.618531227112e+00 7.148079395294e+00 4.474579811096e+00 4.821307182312e+00 4.052651882172e+00 3.567880392075e+00 3.377448797226e+00 2.951657772064e+00
6.976462602615e-01 6.278613805771e-01 4.889522194862e-01 5.450526475906e-01 6.194751262665e-01 8.133648633957e-01 5.244593143463e+00 6.292018890381e+00 7.762035369873e+00 1.083915114403e+00 5.113261342049e-01 3.187613785267e-01 2.119155526161e-01 1.719245016575e-01 1.643112897873e-01 1.733756065369e-01 2.124817520380e-01 2.798912227154e-01 4.028456509113e-01 4.687090516090e-01 5.387992858887e-01 1.079913258553e+00 5.557016134262e-01 5.120723247528e-01 1.562196254730e+00 3.491844177246e+00 1.245098686218e+01 1.380742549896e+01 1.468335056305e+01 1.568053150177e+01 1.305458354950e+01 1.012342643738e+01 7.031696319580e+00 9.024861335754e+00 6.281152248383e+00 5.527060031891e+00 4.582876205444e+00 3.788890838623e+00 3.562327146530e+00 3.504367828369e+00 3.716305255890e+00 5.266983509064e+00 7.340904235840e+00
5.910957455635e-01 4.603174626827e-01 4.804980456829e-01 5.785146355629e-01 8.945633172989e-01 1.464229106903e+00 4.446682929993e+00 9.860716819763e+00 3.821830987930e+00 6.053955554962e-01 3.723937571049e-01 2.715393304825e-01 1.934471875429e-01 1.452232599258e-01 1.328808814287e-01 1.331419199705e-01 1.450646221638e-01 1.939586102962e-01 2.670153677464e-01 3.053266704082e-01 3.174665272236e-01 6.606451272964e-01 3.949441909790e-01 4.271104037762e-01 9.618766307831e-01 3.267134428024e+00 8.841051101685e+00 1.201116657257e+01 1.246111106873e+01 9.493769645691e+00 7.341272354126e+00 1.047502899170e+01 7.161815643311e+00 5.056315422058e+00 5.615825176239e+00 7.083720207214e+00 6.414940834045e+00 4.545591354370e+00 4.244825839996e+00 4.137079715729e+00 4.010238647461e+00 4.440261363983e+00 5.516427993774e+00
4.290565252304e-01 3.529527187347e-01 4.414752125740e-01 1.040665864944e+00 2.346053123474e+00 5.445292949677e+00 8.007126808167e+00 5.048788070679e+00 5.370367765427e-01 3.671964108944e-01 2.634838521481e-01 2.168733924627e-01 1.692406833172e-01 1.384002566338e-01 1.218113526702e-01 1.269712299109e-01 1.329162269831e-01 1.604858636856e-01 2.315835356712e-01 2.848591506481e-01 3.025521337986e-01 3.208265304565e-01 3.223077952862e-01 4.815416336060e-01 1.168380141258e+00 3.055615425110e+00 3.752011775970e+00 3.743739843369e+00 7.216252803802e+00 8.372534751892e+00 9.796857833862e+00 6.258488178253e+00 8.099178314209e+00 5.941351413727e+00 6.635760784149e+00 7.844148635864e+00 1.567883968353e+01 9.894329071045e+00 5.823720932007e+00 4.777691841125e+00 4.914933204651e+00 4.829761028290e+00 4.664895534515e+00
2.770368158817e-01 2.891548573971e-01 3.655782639980e-01 4.619431197643e-01 1.012286782265e+00 6.283429145813e+00 4.094470500946e+00 5.459203124046e-01 3.193493783474e-01 2.812732160091e-01 2.358514368534e-01 1.993765532970e-01 1.562108993530e-01 1.331803798676e-01 1.186397746205e-01 1.309116482735e-01 1.359005123377e-01 1.325312554836e-01 1.905246675014e-01 2.430966496468e-01 2.746600806713e-01 2.731778919697e-01 3.426682949066e-01 5.568421483040e-01 1.734382629395e+00 3.439317703247e+00 2.040592432022e+00 2.666185617447e+00 2.479649782181e+00 1.284364509583e+01 1.868568611145e+01 1.009259986877e+01 5.549094676971e+00 7.591463088989e+00 2.998375892639e+00 3.157267332077e+00 1.171578884125e+01 5.641273975372e+00 4.597963333130e+00 3.521949529648e+00 3.619197130203e+00 4.035920619965e+00 4.349336147308e+00
2.324193716049e-01 2.527012228966e-01 2.961165904999e-01 3.745434582233e-01 4.245429635048e-01 5.898696184158e-01 6.522035598755e-01 4.445978105068e-01 2.313196957111e-01 2.387860566378e-01 2.093279659748e-01 1.915905922651e-01 1.568808257580e-01 1.267165690660e-01 1.296613663435e-01 1.322127431631e-01 1.413511633873e-01 1.404955536127e-01 1.604930162430e-01 2.060825228691e-01 2.451677769423e-01 2.604855597019e-01 2.753048837185e-01 4.573658406734e-01 1.282842755318e+00 7.926579117775e-01 7.623090147972e-01 1.252504706383e+00 2.834056138992e+00 5.616751670837e+00 5.882216453552e+00 7.427539348602e+00 1.183641719818e+01 6.355524539948e+00 6.054858684540e+00 4.704835891724e+00 4.817669868469e+00 4.081341743469e+00 2.172017097473e+00 2.709910154343e+00 2.647356271744e+00 2.857806682587e+00 3.593675851822e+00
1.825755685568e-01 2.059750407934e-01 2.453337609768e-01 3.008182346821e-01 3.233816921711e-01 3.599247336388e-01 3.808915019035e-01 2.381838858128e-01 2.027886360884e-01 2.112104445696e-01 1.969180554152e-01 1.707708835602e-01 1.425417661667e-01 1.277932673693e-01 1.266070753336e-01 1.450761109591e-01 1.425216645002e-01 1.225617676973e-01 1.418428421021e-01 1.800583451986e-01 2.131421118975e-01 2.494391053915e-01 3.538248240948e-01 3.701194524765e-01 3.759823739529e-01 5.246850848198e-01 5.106801986694e-01 1.254021167755e+00 1.751892328262e+00 2.357739925385e+00 4.894150257111e+00 8.583571434021e+00 6.359111309052e+00 1.159239673615e+01 7.416753292084e+00 4.170371532440e+00 3.464365959167e+00 3.150492906570e+00 3.789368152618e+00 3.565898180008e+00 4.443640232086e+00 4.372037887573e+00 5.084183692932e+00
1.685680747032e-01 1.670052409172e-01 1.879840344191e-01 2.130756676197e-01 2.296586930752e-01 2.264454066753e-01 2.164720743895e-01 2.082916945219e-01 2.253792434931e-01 2.227939814329e-01 2.075408101082e-01 1.808088421822e-01 1.478831917048e-01 1.310021281242e-01 1.184610426426e-01 1.160729676485e-01 1.309436857700e-01 1.328123807907e-01 1.343611627817e-01 1.621830612421e-01 1.878542006016e-01 2.219865918159e-01 3.402687609196e-01 3.823722600937e-01 4.123680591583e-01 8.548244833946e-01 1.175697922707e+00 1.510740876198e+00 2.120146989822e+00 2.287719011307e+00 5.009021759033e+00 9.508035659790e+00 4.492209434509e+00 4.783765792847e+00 8.453352928162e+00 7.140315055847e+00 4.966432094574e+00 4.219566345215e+00 5.288779735565e+00 2.722027301788e+00 3.610372066498e+00 4.382944107056e+00 5.234228134155e+00
1.384883970022e-01 1.571954339743e-01 1.650936603546e-01 1.668408513069e-01 1.868569999933e-01 2.009669840336e-01 2.164890468121e-01 1.921614706516e-01 1.850469857454e-01 1.909407377243e-01 2.051354199648e-01 2.041487693787e-01 1.756793409586e-01 1.487874090672e-01 1.410504132509e-01 1.273434460163e-01 1.096978336573e-01 1.221246197820e-01 1.382818967104e-01 1.529000401497e-01 1.679259091616e-01 1.928929686546e-01 2.896012961864e-01 2.827903926373e-01 3.126201927662e-01 7.736151814461e-01 1.653891324997e+00 2.231569051743e+00 3.139164686203e+00 1.649615645409e+00 4.859091758728e+00 2.431051015854e+00 2.609720230103e+00 3.014108181000e+00 4.805729866028e+00 5.264257431030e+00 6.809679031372e+00 6.197468280792e+00 4.620121479034e+00 3.950270652771e+00 3.024794340134e+00 3.257965326309e+00 2.626353502274e+00
1.358248442411e-01 1.501853466034e-01 1.494562476873e-01 1.520688831806e-01 1.625104546547e-01 1.806161850691e-01 1.954728364944e-01 1.746004521847e-01 1.371120065451e-01 1.465221494436e-01 1.590261161327e-01 1.864748299122e-01 1.935965269804e-01 1.608531475067e-01 1.515312641859e-01 1.833725422621e-01 1.625684946775e-01 1.325214058161e-01 1.442951858044e-01 1.502729058266e-01 1.830956339836e-01 2.032945901155e-01 2.272348552942e-01 2.803831100464e-01 3.252865076065e-01 5.645220279694e-01 1.189932823181e+00 1.417497396469e+00 1.946906924248e+00 1.102991223335e+00 2.341721773148e+00 1.789461016655e+00 2.975440263748e+00 1.821967244148e+00 3.595010995865e+00 2.686570405960e+00 4.262446880341e+00 5.226410388947e+00 4.650964736938e+00 6.269485950470e+00 5.698233604431e+00 4.556068897247e+00 4.017859935760e+00
1.308163255453e-01 1.414246708155e-01 1.360134631395e-01 1.384141743183e-01 1.390347182751e-01 1.353918015957e-01 1.499529778957e-01 1.417517811060e-01 1.693812757730e-01 1.833533495665e-01 1.665040254593e-01 1.684193760157e-01 1.850523352623e-01 1.926360875368e-01 1.760956645012e-01 2.274092733860e-01 2.024381905794e-01 1.548883914948e-01 1.557154953480e-01 1.547659039497e-01 1.778893768787e-01 1.930297762156e-01 2.177227735519e-01 2.891841530800e-01 3.397838473320e-01 5.064074397087e-01 7.610475420952e-01 8.768569827080e-01 9.420178532600e-01 1.190387964249e+00 1.983180046082e+00 3.042129516602e+00 2.054195880890e+00 4.864168167114e+00 1.710661053658e+00 2.232781171799e+00 4.560054779053e+00 6.381483078003e+00 3.124257564545e+00 3.532705307007e+00 2.248517990112e+00 4.238214015961e+00 3.741926908493e+00
1.167008727789e-01 1.261011809111e-01 1.212515830994e-01 1.191175729036e-01 1.105927154422e-01 1.119337677956e-01 1.181404665112e-01 1.557744294405e-01 1.935265511274e-01 1.988773345947e-01 1.738361418247e-01 1.922027170658e-01 2.138520777225e-01 2.078868001699e-01 2.063252180815e-01 2.141288369894e-01 2.294048666954e-01 2.685120105743e-01 2.407338023186e-01 2.161903381348e-01 2.226474434137e-01 2.393341958523e-01 2.860145866871e-01 2.940672338009e-01 3.544647693634e-01 4.358148872852e-01 7.190443873405e-01 7.144375443459e-01 1.276873588562e+00 2.584026336670e+00 3.213067531586e+00 1.645850181580e+00 1.651082038879e+00 4.956372737885e+00 2.630027294159e+00 3.236809968948e+00 2.870433092117e+00 3.721931934357e+00 2.718425989151e+00 1.041343450546e+00 9.912964701653e-01 1.338787078857e+00 2.647368431091e+00
1.073725745082e-01 1.075010970235e-01 1.068020164967e-01 1.053324267268e-01 1.082037016749e-01 1.145325303078e-01 1.216999292374e-01 1.453045159578e-01 1.629616469145e-01 1.548406928778e-01 1.824437081814e-01 1.963665634394e-01 1.907245516777e-01 2.005205750465e-01 2.745328545570e-01 3.819929361343e-01 4.329378306866e-01 5.485996007919e-01 5.472107529640e-01 5.892694592476e-01 4.206594824791e-01 4.010463058949e-01 4.651328027248e-01 3.895023167133e-01 4.448056817055e-01 6.148221492767e-01 1.842211842537e+00 1.719035267830e+00 1.654550313950e+00 2.231034040451e+00 1.258326530457e+00 1.326864719391e+00 1.776158571243e+00 1.018875241280e+00 5.513949871063e+00 7.679536342621e+00 6.857911109924e+00 1.586370706558e+00 7.514104843140e-01 6.209933161736e-01 6.071147918701e-01 7.178529500961e-01 7.578207850456e-01
9.979730844498e-02 1.035373806953e-01 9.966964274645e-02 1.072883978486e-01 1.147552728653e-01 1.312983781099e-01 1.313407123089e-01 1.521043330431e-01 1.665668785572e-01 1.938095986843e-01 2.008557021618e-01 2.384937256575e-01 2.500356435776e-01 2.313824146986e-01 5.583676695824e-01 2.003830432892e+00 1.583646416664e+00 9.451712369919e-01 1.063727855682e+00 1.323990821838e+00 9.786269068718e-01 5.146408677101e-01 5.990208387375e-01 7.504684925079e-01 7.294074892998e-01 1.359853982925e+00 1.912176847458e+00 1.693316578865e+00 1.381840109825e+00 1.247707843781e+00 1.415888071060e+00 1.319349884987e+00 9.977293014526e-01 8.322925567627e-01 1.411633014679e+00 6.488677978516e+00 6.762184143066e+00 1.394656300545e+00 4.960161447525e-01 5.052793622017e-01 4.544568955898e-01 4.366956055164e-01 7.183999419212e-01
1.000593900681e-01 1.078182533383e-01 1.365020871162e-01 1.525733768940e-01 1.400109827518e-01 2.320854812860e-01 2.728757560253e-01 2.773810029030e-01 2.343308925629e-01 2.293265461922e-01 2.515838742256e-01 3.162594139576e-01 3.153825998306e-01 1.161398410797e+00 8.202546119690e+00 1.032527828217e+01 4.815642356873e+00 2.756206989288e+00 2.203934192657e+00 1.719716072083e+00 8.210349678993e-01 8.177495598793e-01 1.783419251442e+00 3.805124521255e+00 3.120129346848e+00 1.663574337959e+00 1.943241238594e+00 1.582866549492e+00 1.676133751869e+00 1.156835794449e+00 2.859690904617e+00 1.145455121994e+00 8.820385336876e-01 6.234684586525e-01 4.133728444576e-01 1.336711645126e+00 1.475739002228e+00 3.611192703247e-01 2.425070554018e-01 2.853752076626e-01 3.528457283974e-01 3.944430649281e-01 3.688353896141e-01
1.227347180247e-01 1.930553019047e-01 2.631945014000e-01 2.860254347324e-01 3.688082396984e-01 4.903297722340e-01 4.817498326302e-01 4.249641299248e-01 3.653979599476e-01 2.817967236042e-01 3.396477699280e-01 3.756718337536e-01 2.088698863983e+00 1.151486110687e+01 1.574394607544e+01 5.488490581512e+00 1.735399603844e+00 1.062403440475e+00 1.080918908119e+00 9.456757307053e-01 9.053061008453e-01 2.063212633133e+00 4.067224979401e+00 5.401603221893e+00 4.345485210419e+00 2.235684156418e+00 1.541832923889e+00 1.133391380310e+00 1.026055097580e+00 9.137187600136e-01 1.230357408524e+00 5.663222074509e-01 6.403966546059e-01 5.191627144814e-01 3.261280357838e-01 1.933631151915e-01 1.593935042620e-01 1.552813798189e-01 1.630961149931e-01 2.031215280294e-01 2.727367579937e-01 3.449060618877e-01 3.528436422348e-01
2.032877057791e-01 3.040032982826e-01 4.038843512535e-01 5.405505895615e-01 1.046096444130e+00 1.036595344543e+00 1.450378894806e+00 1.043281435966e+00 1.185985684395e+00 7.044680118561e-01 3.965978026390e-01 2.725106239319e+00 1.097659873962e+01 1.092525196075e+01 2.858289480209e+00 8.625118136406e-01 1.598858356476e+00 2.111780881882e+00 1.492524981499e+00 1.735681653023e+00 2.098464250565e+00 2.109979867935e+00 3.074948072433e+00 2.512640476227e+00 1.699264407158e+00 1.324391007423e+00 8.256542682648e-01 3.207148313522e-01 3.297453224659e-01 3.254685699940e-01 4.168636202812e-01 3.049306571484e-01 2.686583101749e-01 1.855357736349e-01 1.897362917662e-01 1.932628750801e-01 1.995045244694e-01 2.094201147556e-01 2.227239012718e-01 2.398785799742e-01 2.425382435322e-01 2.895506620407e-01 3.669808506966e-01
