100/SI/f45_max.grd
DSAA
101	101
32.816463539100	34.260883539100
35.556306596100	36.727886596100
1.640077214688e-03	2.694128112793e+02
[rows 38 to 56 of 101, columns 0 to 42 of 101]
6.420357823372e-01 1.354754090309e+00 1.465224862099e+00 1.526358008385e+00 1.810848951340e+00 2.220029115677e+00 2.564063787460e+00 2.920485019684e+00 3.210085630417e+00 2.932087898254e+00 2.406516313553e+00 1.964146256447e+00 1.940264225006e+00 1.911561727524e+00 2.036449909210e+00 2.310781717300e+00 2.615757703781e+00 4.791219234467e+00 7.764929771423e+00 8.332916259766e+00 6.713772296906e+00 5.662620067596e+00 3.782680988312e+00 4.434000968933e+00 8.805644035339e+00 1.144888687134e+01 1.102965164185e+01 7.889976024628e+00 5.669219017029e+00 6.275624275208e+00 6.625639915466e+00 8.148077011108e+00 1.116809940338e+01 1.095758914948e+01 1.028117465973e+01 6.154840946198e+00 8.414820671082e+00 9.462724685669e+00 9.359148025513e+00 1.437282180786e+01 1.578571033478e+01 2.327300262451e+01 1.878232192993e+01
9.464951753616e-01 1.685265302658e+00 1.413472771645e+00 1.382437944412e+00 1.965035676956e+00 2.390976190567e+00 3.143678903580e+00 3.956858873367e+00 4.413634300232e+00 4.132993698120e+00 3.002976179123e+00 2.349345207214e+00 2.023333311081e+00 2.067326307297e+00 2.218167304993e+00 2.397225141525e+00 2.554332256317e+00 2.691891908646e+00 4.223882198334e+00 5.914034366608e+00 6.041703224182e+00 5.899138927460e+00 6.092391967773e+00 5.078538417816e+00 4.705763816833e+00 5.228032112122e+00 7.062930583954e+00 1.329895877838e+01 1.782106018066e+01 1.807997894287e+01 1.417761135101e+01 6.988443851471e+00 7.881093502045e+00 6.712855339050e+00 1.339279842377e+01 1.200603961945e+01 7.812103748322e+00 9.420961380005e+00 1.156812095642e+01 1.314908695221e+01 1.760315322876e+01 2.124826431274e+01 2.490271949768e+01
1.090898871422e+00 2.172857284546e+00 2.058608531952e+00 1.785591363907e+00 2.359242439270e+00 2.903728485107e+00 3.525544404984e+00 4.641239166260e+00 5.031814575195e+00 5.015716552734e+00 3.430318832397e+00 2.303206443787e+00 2.319174528122e+00 2.006708621979e+00 1.671820044518e+00 1.881384730339e+00 2.195967912674e+00 2.386683702469e+00 2.508778810501e+00 3.334203004837e+00 4.921279907227e+00 6.922257423401e+00 8.310757637024e+00 8.376729965210e+00 8.204645156860e+00 5.459172725677e+00 4.320546150208e+00 4.561879634857e+00 4.433058261871e+00 5.615643501282e+00 1.182624053955e+01 1.882178497314e+01 2.229989242554e+01 1.861795616150e+01 9.424846649170e+00 9.364201545715e+00 1.642817878723e+01 1.366602897644e+01 1.415144538879e+01 1.411033916473e+01 1.312570476532e+01 1.759591293335e+01 2.667762184143e+01
1.562412381172e+00 2.649391174316e+00 3.078948020935e+00 3.163200855255e+00 2.850437402725e+00 3.408037424088e+00 3.401437997818e+00 3.267295360565e+00 3.266760587692e+00 4.009120941162e+00 4.328075408936e+00 3.755133628845e+00 2.783832550049e+00 2.475203990936e+00 2.519125938416e+00 3.118280649185e+00 3.618806123734e+00 4.048408508301e+00 3.957378864288e+00 2.877571105957e+00 3.211664915085e+00 4.235135555267e+00 4.803223609924e+00 6.445797920227e+00 8.006380081177e+00 9.514739036560e+00 1.061665725708e+01 1.030441284180e+01 1.058401584625e+01 1.154756546021e+01 1.276848030090e+01 1.247521400452e+01 1.930336380005e+01 2.181543540955e+01 1.558203887939e+01 1.973232078552e+01 2.189065170288e+01 1.859335517883e+01 2.099344444275e+01 1.696262931824e+01 1.190076541901e+01 2.080289649963e+01 1.738782310486e+01
1.603234291077e+00 2.817976951599e+00 3.124946832657e+00 2.897405147552e+00 3.151857614517e+00 3.975720643997e+00 3.949014186859e+00 3.420619726181e+00 4.120413303375e+00 3.429660797119e+00 3.259840488434e+00 4.550505161285e+00 4.724927425385e+00 3.560878276825e+00 3.296418666840e+00 3.037584066391e+00 3.109157323837e+00 4.165871143341e+00 5.618450164795e+00 5.711692810059e+00 3.658457279205e+00 4.158040046692e+00 5.303143501282e+00 4.411604404449e+00 5.097194671631e+00 6.152884483337e+00 8.133332252502e+00 1.229328823090e+01 1.655615997314e+01 1.515739154816e+01 1.435477828979e+01 1.066361522675e+01 1.062155532837e+01 1.995460891724e+01 1.918047332764e+01 2.419080352783e+01 1.599654960632e+01 2.266693305969e+01 1.988053703308e+01 2.870193672180e+01 2.966050338745e+01 2.329320335388e+01 2.625819396973e+01
3.108545780182e+00 6.027297019958e+00 4.502841949463e+00 3.772699356079e+00 3.691569089890e+00 3.321992397308e+00 3.399461746216e+00 4.135934829712e+00 4.095856666565e+00 3.325181007385e+00 4.155623912811e+00 2.832214355469e+00 3.629788875580e+00 5.089509963989e+00 4.420337200165e+00 3.823360919952e+00 4.788459777832e+00 1.038305568695e+01 1.223763847351e+01 6.681826114655e+00 7.156987190247e+00 4.212552547455e+00 4.946325778961e+00 7.017752647400e+00 4.684724807739e+00 4.289082527161e+00 4.498769283295e+00 4.933423042297e+00 6.299600124359e+00 7.162405014038e+00 7.652309894562e+00 8.346579551697e+00 1.136226463318e+01 1.789501190186e+01 1.226952362061e+01 1.136764335632e+01 1.669182968140e+01 1.901609802246e+01 1.270145702362e+01 2.620451164246e+01 2.691565704346e+01 2.936397171021e+01 3.605018615723e+01
4.950211048126e+00 9.078865051270e+00 7.360633850098e+00 5.724689483643e+00 5.278399467468e+00 4.299564838409e+00 5.923723220825e+00 5.198270320892e+00 5.218966484070e+00 4.084552288055e+00 3.194617509842e+00 3.922251224518e+00 3.518814563751e+00 2.297797203064e+00 4.307565689087e+00 5.052838802338e+00 3.679284095764e+00 3.154093503952e+00 5.766141891479e+00 3.820169925690e+00 6.648257732391e+00 7.892661094666e+00 7.842554092407e+00 6.847548007965e+00 9.416608810425e+00 5.789181232452e+00 5.384309291840e+00 6.971708774567e+00 8.167729377747e+00 6.239980697632e+00 7.946608543396e+00 9.792019844055e+00 1.160669612885e+01 1.363050174713e+01 1.732666778564e+01 1.314151954651e+01 1.463411712646e+01 1.636328125000e+01 1.550663471222e+01 2.225845146179e+01 2.072336959839e+01 2.993618011475e+01 3.046242332458e+01
1.961823344231e+00 4.087898254395e+00 4.876664161682e+00 5.749088764191e+00 5.879446983337e+00 6.534018516541e+00 6.906592369080e+00 5.959816932678e+00 5.344091415405e+00 5.116958618164e+00 4.769106864929e+00 4.413360118866e+00 4.183517456055e+00 3.920861244202e+00 4.244104385376e+00 3.622530698776e+00 2.575284242630e+00 3.052384853363e+00 3.213443517685e+00 4.383207321167e+00 4.107077121735e+00 6.785342693329e+00 7.323564052582e+00 7.878367424011e+00 9.188229560852e+00 1.038211822510e+01 1.132607650757e+01 1.179442882538e+01 1.205073738098e+01 1.298335170746e+01 1.318807411194e+01 1.387380313873e+01 1.473681926727e+01 1.224137210846e+01 1.050761413574e+01 1.477677345276e+01 1.776786613464e+01 2.731564331055e+01 3.271092224121e+01 3.024590682983e+01 2.876177978516e+01 2.987439918518e+01 2.482382392883e+01
1.900078296661e+00 3.991796731949e+00 4.549698829651e+00 5.058029174805e+00 5.701387405396e+00 5.831569671631e+00 5.362233161926e+00 4.343444824219e+00 4.097126960754e+00 4.889897346497e+00 5.736722469330e+00 5.443678379059e+00 4.120917320251e+00 2.689394235611e+00 2.884065151215e+00 1.665971398354e+00 9.692561626434e-01 1.070351362228e+00 1.428243279457e+00 1.721586942673e+00 5.122144222260e+00 9.010211944580e+00 7.703573703766e+00 9.706207275391e+00 9.335359573364e+00 1.150853824615e+01 1.187800979614e+01 1.124341773987e+01 1.048282146454e+01 1.196722126007e+01 1.273558902740e+01 1.645546150208e+01 2.104253387451e+01 2.292793464661e+01 1.958901786804e+01 1.662180137634e+01 1.842154884338e+01 1.315354824066e+01 2.003731536865e+01 2.042269325256e+01 3.191062545776e+01 3.006304359436e+01 3.236207580566e+01
5.112672448158e-01 1.027604699135e+00 1.084852457047e+00 1.169512391090e+00 1.626620292664e+00 2.273308038712e+00 2.988511323929e+00 3.212529420853e+00 3.109337806702e+00 2.869196653366e+00 2.934189558029e+00 3.728921890259e+00 3.723020076752e+00 3.028775691986e+00 1.956577897072e+00 1.525036096573e+00 7.835549116135e-01 6.662474274635e-01 7.422415018082e-01 1.589273810387e+00 3.543611288071e+00 7.521389961243e+00 1.876804351807e+01 1.765454864502e+01 1.585903549194e+01 1.489147377014e+01 1.434988021851e+01 1.394986057281e+01 1.482002735138e+01 1.711995124817e+01 1.911415863037e+01 2.163974380493e+01 3.731246948242e+01 2.078063964844e+01 4.686388015747e+01 3.194846153259e+01 2.548805427551e+01 2.743071174622e+01 3.397085189819e+01 3.946979522705e+01 4.175913619995e+01 3.920442199707e+01 3.945634460449e+01
4.634426236153e-01 8.953189849854e-01 9.750448465347e-01 9.768877029419e-01 1.641357064247e+00 2.431795597076e+00 2.533825159073e+00 2.066246509552e+00 1.524884700775e+00 1.242869019508e+00 1.578542351723e+00 1.959195971489e+00 1.874900102615e+00 1.505696058273e+00 1.107497453690e+00 7.835540771484e-01 5.657426118851e-01 4.165287017822e-01 4.320057332516e-01 1.408879399300e+00 4.511132240295e+00 7.802382946014e+00 7.684422016144e+00 1.622541999817e+01 3.918156051636e+01 1.985091018677e+01 1.237226390839e+01 1.119868946075e+01 1.165942192078e+01 1.271850681305e+01 2.184172439575e+01 3.148480606079e+01 1.666238594055e+01 2.483961486816e+01 4.491315460205e+01 8.193402862549e+01 3.350911331177e+01 2.653423309326e+01 2.356195640564e+01 2.592058563232e+01 2.219037628174e+01 4.150437164307e+01 4.828874206543e+01
2.403897047043e-01 4.993753433228e-01 5.987580418587e-01 6.646828055382e-01 8.734952211380e-01 1.404299259186e+00 1.608594655991e+00 1.393500089645e+00 1.078244686127e+00 8.075424432755e-01 6.666508913040e-01 6.365649104118e-01 5.076737403870e-01 4.485769867897e-01 5.350888967514e-01 4.076299667358e-01 3.772798478603e-01 3.173040449619e-01 3.702187240124e-01 5.624273419380e-01 9.640648961067e-01 2.603615760803e+00 2.728060245514e+00 3.719623804092e+00 1.425684070587e+01 1.508466911316e+01 5.624217033386e+00 3.091553688049e+00 3.237608671188e+00 1.037695884705e+01 1.374811363220e+01 1.489022731781e+01 1.554317665100e+01 1.276537132263e+01 1.876415824890e+01 5.411160659790e+01 2.904560089111e+01 1.764561462402e+01 1.232403469086e+01 1.113187694550e+01 1.047338008881e+01 2.743742561340e+01 3.809267425537e+01
1.072587519884e-01 2.140655964613e-01 2.226580083370e-01 2.449122071266e-01 3.094432651997e-01 3.918427526951e-01 4.662484228611e-01 5.074036121368e-01 4.910109341145e-01 4.161890149117e-01 3.544215261936e-01 4.074850082397e-01 4.205898344517e-01 3.887372612953e-01 3.961711525917e-01 4.528568983078e-01 3.439100086689e-01 2.744369506836e-01 3.087380528450e-01 4.586683809757e-01 5.240702033043e-01 9.585573077202e-01 1.667295694351e+00 3.636724948883e+00 8.827588081360e+00 5.512353897095e+00 3.413092136383e+00 2.706865549088e+00 2.591836214066e+00 8.374988436699e-01 7.338156104088e-01 7.971427440643e-01 1.245021700859e+00 2.707004070282e+00 6.281974792480e+00 1.066226806641e+02 2.031807861328e+02 2.710822868347e+01 1.847737121582e+01 9.518576622009e+00 6.708826065063e+00 7.254755496979e+00 1.405525302887e+01
8.624500781298e-02 1.567971408367e-01 1.743539273739e-01 1.744263768196e-01 1.752047091722e-01 2.256533801556e-01 2.963038384914e-01 3.646780252457e-01 4.054029285908e-01 3.971197009087e-01 3.337213993073e-01 3.064641952515e-01 3.328468501568e-01 3.218460381031e-01 2.861614525318e-01 3.514367938042e-01 4.082628190517e-01 3.247928619385e-01 2.507236599922e-01 7.242770791054e-01 9.211717247963e-01 7.074878215790e-01 9.392267465591e-01 1.644217848778e+00 3.114538192749e+00 3.090158271790e+01 6.685777664185e+00 5.954710483551e+00 2.517736673355e+00 4.966702163219e-01 4.346030354500e-01 4.552160203457e-01 5.296894907951e-01 6.525118947029e-01 8.800126314163e-01 4.704513072968e+00 3.279943847656e+01 8.419194030762e+01 2.153654098511e+01 1.206814002991e+01 3.472553253174e+00 2.237706422806e+00 2.460525751114e+00
8.030726015568e-02 1.912112236023e-01 2.585493624210e-01 2.983894646168e-01 3.107402622700e-01 2.867006957531e-01 2.548458874226e-01 2.326539754868e-01 2.906676828861e-01 3.333691060543e-01 3.324619233608e-01 2.877645790577e-01 2.485124617815e-01 3.094857037067e-01 3.232049643993e-01 2.888344824314e-01 3.368327915668e-01 4.349404275417e-01 3.433766067028e-01 7.265906333923e-01 7.657557725906e-01 6.562004685402e-01 7.310431003571e-01 7.926397919655e-01 1.809023618698e+00 6.208433151245e+00 6.507731437683e+00 1.668392896652e+00 7.768759727478e-01 4.810125827789e-01 3.605335354805e-01 3.078604340553e-01 3.037250638008e-01 3.809562027454e-01 4.944435954094e-01 1.678672909737e+00 8.587337493896e+00 3.034635543823e+01 3.671205520630e+01 5.680251598358e+00 2.430253982544e+00 1.575888633728e+00 1.490361809731e+00
1.216308921576e-01 2.863380014896e-01 3.659487366676e-01 4.114648699760e-01 4.226890206337e-01 4.038729071617e-01 3.790641725063e-01 3.409213423729e-01 2.940812408924e-01 2.402644008398e-01 2.669660449028e-01 2.805399298668e-01 2.687728404999e-01 3.139980137348e-01 3.602293431759e-01 3.403346836567e-01 2.874076068401e-01 4.567138552666e-01 4.891571402550e-01 1.281507134438e+00 8.213395476341e-01 5.917283296585e-01 4.001936614513e-01 4.144646525383e-01 7.794610857964e-01 5.535948276520e+00 7.939921379089e+00 1.510702967644e+00 9.918392300606e-01 5.035024285316e-01 3.120229244232e-01 2.154303342104e-01 1.915767043829e-01 2.019078582525e-01 3.100776076317e-01 5.146194696426e-01 3.477474927902e+00 1.074446487427e+01 2.852387046814e+01 1.381322383881e+01 6.579339504242e+00 1.317162632942e+00 1.112637996674e+00
8.328778296709e-02 1.813896894455e-01 2.262344658375e-01 2.482548803091e-01 2.407369613647e-01 2.416390925646e-01 2.702494859695e-01 3.020690381527e-01 3.319813013077e-01 3.324166834354e-01 2.862441539764e-01 2.162297666073e-01 2.547622621059e-01 2.792081236839e-01 2.795073390007e-01 2.807673513889e-01 2.937651872635e-01 4.814511835575e-01 6.649292707443e-01 1.108483433723e+00 8.506489396095e-01 6.683248281479e-01 3.286588191986e-01 3.295086026192e-01 6.624326705933e-01 2.003890991211e+00 1.759405136108e+00 1.171551227570e+00 9.285899996758e-01 5.152497291565e-01 2.865504026413e-01 2.352323085070e-01 2.075008451939e-01 2.028049379587e-01 2.593457996845e-01 4.389176070690e-01 9.213127493858e-01 4.625031471252e+00 5.441730976105e+00 3.312423229218e+00 1.987588882446e+00 1.004101395607e+00 9.093560576439e-01
7.826389372349e-02 1.421690732241e-01 2.109452039003e-01 2.692441642284e-01 3.211298882961e-01 3.794029355049e-01 4.433690011501e-01 5.125396847725e-01 5.764825940132e-01 5.947724580765e-01 5.317546129227e-01 3.950985074043e-01 2.544334530830e-01 2.643952667713e-01 3.256823718548e-01 3.538311421871e-01 4.405826330185e-01 5.105177760124e-01 5.994668602943e-01 1.047795295715e+00 7.432186007500e-01 4.956972002983e-01 2.626873850822e-01 2.561686635017e-01 4.794135093689e-01 5.562241673470e-01 5.305999279022e+00 8.022261857986e-01 7.582318186760e-01 4.554728865623e-01 2.652593851089e-01 2.119354456663e-01 2.022565603256e-01 2.136302590370e-01 2.749534249306e-01 3.740314543247e-01 6.230406165123e-01 7.677636742592e-01 1.613411545753e+00 2.142549753189e+00 1.339322566986e+00 8.034520745277e-01 1.033137321472e+00
7.771652191877e-02 1.405875384808e-01 1.935444325209e-01 2.391772717237e-01 2.852164506912e-01 3.414460420609e-01 4.008476734161e-01 4.607875943184e-01 5.168622136116e-01 5.472233295441e-01 5.187255740166e-01 5.607152581215e-01 5.848590731621e-01 5.873606801033e-01 5.602848529816e-01 5.080724358559e-01 6.047354340553e-01 4.399638473988e-01 5.951558351517e-01 1.894461512566e+00 6.957612037659e-01 3.487940728664e-01 2.463588863611e-01 2.063574045897e-01 2.853365242481e-01 6.112553477287e-01 2.218938589096e+00 6.239265799522e-01 8.042064309120e-01 3.400396108627e-01 2.507244348526e-01 1.914716660976e-01 1.939297020435e-01 2.204656898975e-01 2.910859584808e-01 3.461039662361e-01 3.852988779545e-01 6.209043860435e-01 1.361180305481e+00 1.592467188835e+00 9.890848994255e-01 7.341834902763e-01 9.593250751495e-01
