100/SI/f47_max.grd
DSAA
101	101
32.816463539100	34.260883539100
35.556306596100	36.727886596100
2.281540771946e-03	3.905159378052e+01
[rows 57 to 75 of 101, columns 43 to 85 of 101]
1.173811316490e+00 4.936856627464e-01 2.854397594929e-01 4.684729278088e-01 6.712402105331e-01 5.823355913162e-01 3.844258487225e-01 4.402592182159e-01 3.902259171009e-01 3.908135294914e-01 2.589932382107e-01 3.397375643253e-01 5.232338905334e-01 2.488849610090e-01 4.645583927631e-01 1.377816677094e+00 5.286196231842e+00 3.918377399445e+00 3.262945175171e+00 2.020134925842e+00 8.053302168846e-01 6.105337738991e-01 1.479328274727e+00 2.250507116318e+00 8.962191343307e-01 3.621127009392e-01 5.010823011398e-01 4.208063185215e-01 4.764664471149e-01 5.827900767326e-01 3.727582395077e-01 2.665170133114e-01 2.477523684502e-01 3.516609072685e-01 2.184686660767e-01 1.905841976404e-01 1.461716294289e-01 2.056630104780e-01 2.567654550076e-01 1.869351714849e-01 1.013961136341e-01 1.094910502434e-01 1.165545061231e-01
7.454121708870e-01 6.572418212891e-01 3.649916052818e-01 2.288625687361e-01 4.301840364933e-01 5.742343068123e-01 5.354729890823e-01 1.127753019333e+00 8.534263968468e-01 5.047486424446e-01 2.674082219601e-01 1.694238185883e-01 5.111297965050e-01 7.363628745079e-01 3.087251782417e-01 1.034479022026e+00 1.467681527138e+00 1.791806459427e+00 1.581796050072e+00 1.210801959038e+00 7.298974394798e-01 5.517784953117e-01 4.414286017418e-01 5.131730437279e-01 7.028719186783e-01 1.320687532425e+00 4.098553955555e-01 5.744232535362e-01 6.093053221703e-01 4.571570158005e-01 5.294203162193e-01 3.734089136124e-01 3.021480441093e-01 2.378826737404e-01 1.917050331831e-01 1.649444550276e-01 1.731341779232e-01 1.560089737177e-01 1.336534470320e-01 1.315371990204e-01 9.490528702736e-02 9.911810606718e-02 1.094310432673e-01
6.428954005241e-01 6.703705191612e-01 3.995159566402e-01 2.071400433779e-01 2.177641391754e-01 3.863868117332e-01 5.632233023643e-01 1.417608976364e+00 1.196615338326e+00 3.547140955925e-01 2.788494527340e-01 1.587415784597e-01 1.640539169312e-01 7.159665822983e-01 9.243565201759e-01 3.933357596397e-01 3.587753772736e-01 2.442827522755e-01 2.977840304375e-01 3.654353618622e-01 4.200449287891e-01 2.544308602810e-01 2.689072787762e-01 3.484281301498e-01 5.882725119591e-01 2.675377845764e+00 1.254953980446e+00 7.229710817337e-01 6.517030000687e-01 6.799622774124e-01 5.360612273216e-01 3.719783425331e-01 3.248243033886e-01 2.664334774017e-01 2.237309962511e-01 1.826939731836e-01 1.702583581209e-01 1.737599223852e-01 1.881847232580e-01 1.979521363974e-01 1.889150142670e-01 1.674796044827e-01 1.748293638229e-01
5.132042169571e-01 5.408987998962e-01 3.253325223923e-01 2.409570813179e-01 4.467452764511e-01 4.187871217728e-01 1.057422041893e+00 7.260807752609e-01 1.673976778984e+00 3.710186779499e-01 2.183227092028e-01 1.366831511259e-01 8.640309423208e-02 2.802382111549e-01 9.499676823616e-01 1.159041523933e+00 4.009413123131e-01 3.168456852436e-01 1.797410398722e-01 1.933509409428e-01 1.740158498287e-01 2.410034686327e-01 1.833151876926e-01 2.137259542942e-01 4.911369383335e-01 9.504804611206e-01 3.771280050278e+00 6.422370672226e-01 5.581275820732e-01 4.898376464844e-01 5.498384237289e-01 5.096311569214e-01 3.185276389122e-01 2.717335224152e-01 2.303611189127e-01 2.054863721132e-01 2.038689553738e-01 2.367836534977e-01 2.663284540176e-01 2.959272563457e-01 3.092172741890e-01 3.494441509247e-01 3.893860876560e-01
3.835655152798e-01 3.588310182095e-01 2.302171438932e-01 2.100481092930e-01 2.735064327717e-01 3.194773793221e-01 5.071243047714e-01 1.190345883369e+00 9.167746305466e-01 3.536306917667e-01 2.417383044958e-01 1.371164470911e-01 7.811868935823e-02 6.777130812407e-02 3.929173350334e-01 1.169568777084e+00 1.230976819992e+00 4.105903506279e-01 1.860586553812e-01 1.207677274942e-01 1.252126991749e-01 1.511043161154e-01 1.517139822245e-01 1.900811493397e-01 2.762296795845e-01 1.248796820641e+00 3.115834951401e+00 5.117019414902e-01 6.029198765755e-01 3.784761428833e-01 3.614079058170e-01 5.270293354988e-01 3.060313463211e-01 2.740660607815e-01 2.974023520947e-01 3.644216954708e-01 4.770767986774e-01 7.625607252121e-01 7.631682753563e-01 5.493041872978e-01 4.682672619820e-01 5.200442671776e-01 5.295535922050e-01
2.957764565945e-01 2.150869965553e-01 1.989229470491e-01 2.105464190245e-01 3.989406824112e-01 2.721900343895e-01 4.085924625397e-01 3.009523451328e-01 1.989336162806e-01 2.822445333004e-01 2.672737240791e-01 1.914464384317e-01 1.106745153666e-01 7.094213366508e-02 7.618726044893e-02 4.805367588997e-01 1.278734564781e+00 1.079701304436e+00 2.636504173279e-01 1.217950880527e-01 1.162599176168e-01 1.187788695097e-01 1.370526850224e-01 1.773020923138e-01 2.571439743042e-01 4.581671059132e-01 9.659211635590e-01 1.137462735176e+00 9.721879959106e-01 4.036643207073e-01 3.970188498497e-01 4.649169445038e-01 4.827742278576e-01 5.540868043900e-01 6.983705163002e-01 8.194205164909e-01 8.595111966133e-01 1.363452434540e+00 5.801908969879e-01 4.436919987202e-01 4.372814297676e-01 4.139213263988e-01 3.597867488861e-01
2.275558859110e-01 1.387841552496e-01 1.565654724836e-01 1.638809293509e-01 1.991654187441e-01 3.152366578579e-01 2.303349971771e-01 4.129119515419e-01 2.700694203377e-01 1.501033604145e-01 2.022972404957e-01 1.957357525826e-01 1.388875991106e-01 8.772505074739e-02 6.041540578008e-02 1.004764735699e-01 6.321584582329e-01 1.403320431709e+00 7.939807772636e-01 1.724337786436e-01 1.015864610672e-01 1.174590885639e-01 1.272689104080e-01 1.704672127962e-01 2.605280578136e-01 5.044559240341e-01 3.296343982220e-01 7.483518123627e-01 1.100677609444e+00 4.135760068893e-01 5.933239459991e-01 2.924146652222e-01 4.499987959862e-01 6.305167675018e-01 6.613171100616e-01 5.401567816734e-01 4.712824225426e-01 3.449817001820e-01 2.308257967234e-01 2.270670086145e-01 2.250401526690e-01 2.368314117193e-01 2.131941765547e-01
1.869580149651e-01 1.102009862661e-01 1.178833469748e-01 1.140296459198e-01 1.339834332466e-01 1.462382972240e-01 1.228000670671e-01 1.740715801716e-01 3.948853313923e-01 2.936892807484e-01 1.039957478642e-01 1.330266892910e-01 1.307238936424e-01 1.003979146481e-01 6.771623343229e-02 7.619346678257e-02 1.733506321907e-01 8.339422345161e-01 1.405179858208e+00 3.838275372982e-01 1.112577021122e-01 1.102746874094e-01 1.249925717711e-01 1.588565558195e-01 1.948297470808e-01 2.156859487295e-01 2.441702038050e-01 3.798300325871e-01 7.904519438744e-01 2.251919984818e+00 2.944029569626e-01 3.518514931202e-01 3.193320035934e-01 8.020417094231e-01 3.685822486877e-01 6.363353133202e-01 9.179962873459e-01 5.189508199692e-01 6.964632868767e-01 4.442394077778e-01 2.155476063490e-01 9.005698561668e-01 1.136670351028e+00
1.210421845317e-01 9.233857691288e-02 9.069050103426e-02 7.978669553995e-02 9.230444580317e-02 9.738273918629e-02 8.883278816938e-02 8.984234929085e-02 1.561379879713e-01 2.738618254662e-01 2.921344339848e-01 1.719658672810e-01 7.461792230606e-02 7.727854698896e-02 6.407777220011e-02 7.414997369051e-02 1.019753292203e-01 4.679746627808e-01 1.142954230309e+00 1.059827208519e+00 2.071731537580e-01 9.876435995102e-02 1.187956035137e-01 1.381764113903e-01 1.466527432203e-01 1.650910079479e-01 2.346272319555e-01 2.834633290768e-01 4.852978885174e-01 1.208799839020e+00 1.623724222183e+00 3.600212335587e-01 3.166877329350e-01 7.982781529427e-01 5.773597955704e-01 2.216829508543e-01 6.902039647102e-01 1.022680163383e+00 1.242276906967e+00 6.561651825905e-01 7.774735093117e-01 1.381380796432e+00 1.614930152893e+00
7.451213151217e-02 7.977837324142e-02 7.390823960304e-02 6.052163243294e-02 6.859771907330e-02 7.264498621225e-02 7.572796195745e-02 7.451815903187e-02 8.340046554804e-02 1.399413496256e-01 1.691839545965e-01 2.302361726761e-01 2.085811495781e-01 6.578700244427e-02 5.982362478971e-02 6.339517235756e-02 8.155452460051e-02 2.902677655220e-01 6.568063497543e-01 1.215808033943e+00 8.578730225563e-01 1.293246299028e-01 1.023318544030e-01 1.514249444008e-01 1.625499278307e-01 2.397902607918e-01 2.165828496218e-01 2.598823904991e-01 4.126204550266e-01 5.321645140648e-01 1.923208594322e+00 4.070669114590e-01 2.715879380703e-01 3.258442163467e+00 3.224235773087e-01 2.158172130585e-01 1.557620167732e-01 1.383039057255e-01 1.729446500540e-01 1.488176137209e-01 2.782238721848e-01 9.738790988922e-02 1.099887862802e-01
6.675022095442e-02 7.020404189825e-02 6.251594424248e-02 5.196068808436e-02 5.818356573582e-02 6.327295303345e-02 6.527262181044e-02 6.458818912506e-02 7.398021221161e-02 8.930523693562e-02 1.202419027686e-01 1.098867207766e-01 1.533641666174e-01 1.951457858086e-01 6.242479383945e-02 6.129629909992e-02 5.903724581003e-02 1.290633976460e-01 5.356177091599e-01 6.229321956635e-01 1.103040456772e+00 6.088690757751e-01 9.208093583584e-02 1.007663011551e-01 1.143576875329e-01 2.807413637638e-01 4.677757620811e-01 2.723087072372e-01 3.446303308010e-01 4.125904738903e-01 1.909011244774e+00 4.975052177906e-01 2.721655368805e+00 3.427478551865e+00 2.011753469706e-01 2.628947198391e-01 2.452232092619e-01 1.480691432953e-01 1.344825327396e-01 1.294733434916e-01 2.029540687799e-01 6.995156407356e-02 8.973544090986e-02
6.066927313805e-02 6.218456849456e-02 5.844860523939e-02 5.071732401848e-02 5.582123622298e-02 5.744746327400e-02 6.097032502294e-02 5.993929877877e-02 6.548575311899e-02 7.716381549835e-02 1.133434772491e-01 8.823418617249e-02 7.353632152081e-02 1.171447113156e-01 1.394532024860e-01 6.601714342833e-02 6.487485766411e-02 4.564496874809e-02 3.667932152748e-01 6.244072318077e-01 6.237703561783e-01 8.877388238907e-01 4.401525855064e-01 1.033672913909e-01 1.327501833439e-01 1.680969595909e-01 2.435330599546e-01 4.035371541977e-01 3.576374948025e-01 4.840796887875e-01 9.315523505211e-01 2.378750085831e+00 3.935469865799e+00 1.511667609215e+00 5.298582911491e-01 1.412661820650e-01 2.102696895599e-01 2.591887712479e-01 9.666373580694e-02 1.189790815115e-01 1.074991673231e-01 8.546428382397e-02 6.579694896936e-02
5.415243655443e-02 7.138704508543e-02 6.212156265974e-02 4.710258916020e-02 5.036185309291e-02 7.088870555162e-02 5.287373811007e-02 5.528336390853e-02 6.496264040470e-02 7.826015353203e-02 8.663690835238e-02 9.516212344170e-02 8.837366849184e-02 7.704119384289e-02 1.087317839265e-01 8.026251941919e-02 7.562324404716e-02 5.203218013048e-02 2.036195099354e-01 5.623312592506e-01 4.997313618660e-01 5.824449658394e-01 7.201901078224e-01 2.862885892391e-01 1.317954212427e-01 1.910210400820e-01 2.259789407253e-01 2.867931127548e-01 7.275035381317e-01 1.201134562492e+00 2.650815725327e+00 4.045596599579e+00 1.830828785896e+00 1.191400766373e+00 7.109099626541e-01 3.651881814003e-01 2.237984538078e-01 3.145291209221e-01 1.249926909804e-01 7.776127010584e-02 7.646357268095e-02 7.214335352182e-02 7.044027000666e-02
4.709333926439e-02 7.633865624666e-02 6.530947238207e-02 4.894248768687e-02 7.364734262228e-02 4.605349898338e-02 5.059228092432e-02 5.521670356393e-02 6.600382179022e-02 7.845266908407e-02 9.536789357662e-02 9.769535064697e-02 1.068769693375e-01 9.084283560514e-02 1.284805685282e-01 1.528520584106e-01 1.169448047876e-01 1.240888908505e-01 1.080062389374e-01 4.176302850246e-01 5.022027492523e-01 2.892973721027e-01 5.620385408401e-01 6.025894880295e-01 1.649867296219e-01 2.341434657574e-01 2.184677422047e-01 5.442280769348e-01 1.746784329414e+00 3.505092382431e+00 4.340719699860e+00 1.960082530975e+00 4.726972281933e-01 1.235035777092e+00 4.942790567875e-01 2.774274349213e-01 1.363627612591e-01 1.153855100274e-01 7.059317082167e-02 5.182160064578e-02 4.935845360160e-02 6.329797208309e-02 6.945611536503e-02
5.166196450591e-02 7.749909907579e-02 6.771264970303e-02 6.834944337606e-02 4.826170578599e-02 4.222362488508e-02 4.974070191383e-02 5.784601345658e-02 8.567636460066e-02 1.529394984245e-01 1.199660003185e-01 1.123150289059e-01 1.006585285068e-01 1.157911792397e-01 1.221013814211e-01 3.172658979893e-01 3.042709231377e-01 3.966614603996e-01 4.224784076214e-01 5.485953688622e-01 4.866172671318e-01 3.599153757095e-01 2.720197439194e-01 5.447897315025e-01 5.459904670715e-01 2.912181913853e-01 5.178240537643e-01 6.766549944878e-01 2.325487136841e+00 3.107920169830e+00 1.579377055168e+00 5.483788847923e-01 4.531779885292e-01 2.932108044624e-01 1.262098848820e-01 9.085537493229e-02 5.813293531537e-02 8.882604539394e-02 3.187443912029e-01 1.452058255672e-01 3.200968727469e-02 3.767655417323e-02 3.926163911819e-02
8.401518315077e-02 8.950818330050e-02 8.209700137377e-02 7.625492662191e-02 5.511646717787e-02 4.400160163641e-02 4.736788198352e-02 5.817459523678e-02 8.467429876328e-02 1.604610383511e-01 2.140290737152e-01 1.474769711494e-01 1.508502215147e-01 1.740693300962e-01 3.205715119839e-01 8.590133190155e-01 3.751470148563e-01 6.088643074036e-01 9.946641921997e-01 1.232191205025e+00 9.136933684349e-01 4.578895866871e-01 2.303833514452e-01 3.120489716530e-01 4.989551603794e-01 6.223472952843e-01 4.867515861988e-01 5.466390252113e-01 5.088363289833e-01 4.497369825840e-01 4.189184606075e-01 3.409159183502e-01 3.046119213104e-01 1.568957120180e-01 2.383052706718e-01 2.547714114189e-01 2.608284652233e-01 1.501250416040e-01 1.443391442299e-01 6.539063155651e-02 4.497456923127e-02 4.058932512999e-02 1.627903282642e-01
1.136759668589e-01 1.293785274029e-01 1.190932020545e-01 1.065393388271e-01 8.871587365866e-02 6.047086417675e-02 8.551508933306e-02 9.674434363842e-02 1.219737008214e-01 1.209958046675e-01 2.201569229364e-01 2.087405622005e-01 1.835959106684e-01 3.392970263958e-01 1.274803876877e+00 1.833662509918e+00 1.515733003616e+00 1.334458708763e+00 2.034970760345e+00 1.283691525459e+00 6.783767342567e-01 5.493019223213e-01 4.820603728294e-01 4.023604989052e-01 8.275475502014e-01 5.420179963112e-01 4.872431159019e-01 3.902788460255e-01 3.295065462589e-01 3.426912128925e-01 7.014455795288e-01 2.920713126659e-01 1.949832588434e-01 1.470092982054e-01 1.569724529982e-01 1.019672378898e-01 1.104960739613e-01 7.737327367067e-02 8.440886437893e-02 9.311714023352e-02 4.215294122696e-02 4.134277999401e-02 4.059349745512e-02
1.082410663366e-01 1.364123076200e-01 1.249172762036e-01 8.723783493042e-02 6.107711791992e-02 6.102743744850e-01 3.974235653877e-01 3.320411741734e-01 4.107007682323e-01 2.302449047565e-01 1.828361153603e-01 1.566659510136e-01 2.231532931328e-01 6.523807048798e-01 1.379528522491e+00 1.477472782135e+00 9.990317821503e-01 7.605785131454e-01 3.788599669933e-01 4.959821701050e-01 6.975320577621e-01 6.408151984215e-01 4.100419282913e-01 2.430150061846e-01 1.146420121193e+00 5.838035345078e-01 4.195568859577e-01 2.901578843594e-01 1.829044371843e-01 2.094941288233e-01 3.065221905708e-01 1.547112017870e-01 1.271485537291e-01 1.028434783220e-01 1.116933226585e-01 1.483109593391e-01 9.382560849190e-02 4.522598907351e-02 5.666057765484e-02 7.043668627739e-02 9.446629881859e-02 4.384614899755e-02 1.081306934357e-01
1.033826619387e-01 1.417832076550e-01 2.410019934177e-01 5.767309665680e-01 1.690255701542e-01 7.284237742424e-01 2.766595602036e+00 4.182721078396e-01 1.350218057632e+00 9.374907016754e-01 3.492348790169e-01 2.641007900238e-01 6.228777766228e-01 9.056648015976e-01 8.501563668251e-01 7.249764800072e-01 7.828201651573e-01 9.385192394257e-01 5.435566902161e-01 8.161384463310e-01 9.815341830254e-01 8.496178984642e-01 5.199077129364e-01 3.588768243790e-01 4.463087916374e-01 2.479782998562e-01 3.231861889362e-01 3.287447690964e-01 1.300360858440e-01 1.145549938083e-01 1.197661980987e-01 1.205711513758e-01 1.052296757698e-01 9.814190864563e-02 9.365864843130e-02 9.864707291126e-02 1.342644542456e-01 9.766332805157e-02 7.035222649574e-02 7.601591199636e-02 7.714868336916e-02 1.002178564668e-01 1.134707257152e-01
