100/SI/f47_max.grd
DSAA
101	101
32.816463539100	34.260883539100
35.556306596100	36.727886596100
2.281540771946e-03	3.905159378052e+01
[rows 76 to 94 of 101, columns 0 to 42 of 101]
5.868897773325e-03 2.164818719029e-02 3.077699802816e-02 2.969711646438e-02 2.939354069531e-02 2.947237156332e-02 3.012450784445e-02 2.573777921498e-02 2.401433326304e-02 2.622855268419e-02 2.854305878282e-02 2.703448385000e-02 3.096233122051e-02 3.625658527017e-02 3.612073510885e-02 3.192378208041e-02 2.538849972188e-02 2.436769567430e-02 3.151351213455e-02 8.848038502038e-03 1.073037181050e-02 1.443131268024e-02 4.279254004359e-02 3.840311616659e-02 3.169307857752e-02 2.744437195361e-02 2.148242294788e-02 1.981260254979e-02 2.203741483390e-02 2.332982979715e-02 2.247890457511e-02 2.356905676425e-02 3.456211090088e-02 4.499388486147e-02 4.970785975456e-02 5.042517557740e-02 3.592753782868e-02 1.623800583184e-02 7.503950595856e-02 5.923892185092e-02 6.510604918003e-02 6.371090561152e-02 2.804765105247e-01
6.934278644621e-03 1.670082286000e-02 2.777948975563e-02 2.719354629517e-02 2.724258415401e-02 2.676735445857e-02 2.790698595345e-02 2.444688230753e-02 2.198237553239e-02 2.337990328670e-02 2.615506760776e-02 2.493761293590e-02 2.703830786049e-02 3.202198818326e-02 3.378929570317e-02 2.880771830678e-02 2.543869055808e-02 1.978118158877e-02 1.703652739525e-02 8.213222958148e-03 2.859808132052e-02 3.076711855829e-02 3.349152952433e-02 3.323534131050e-02 2.944591082633e-02 2.791872806847e-02 2.311618439853e-02 2.305133081973e-02 2.560376375914e-02 2.591754868627e-02 2.417969889939e-02 2.507373131812e-02 2.823586016893e-02 3.946672752500e-02 5.052461475134e-02 5.521773174405e-02 5.569395795465e-02 4.978415369987e-02 8.038260042667e-02 7.642871141434e-02 7.993474602699e-02 1.402993798256e-01 8.013866543770e-01
7.382359355688e-03 1.277427747846e-02 2.529482729733e-02 2.562938444316e-02 2.582603693008e-02 2.518512122333e-02 2.632555365562e-02 2.387949451804e-02 2.080792002380e-02 2.137977071106e-02 2.420304901898e-02 2.371711842716e-02 2.459539286792e-02 2.889472991228e-02 3.182772547007e-02 2.878163568676e-02 2.545122802258e-02 1.634705998003e-02 1.493746973574e-02 7.261601742357e-03 1.459120213985e-02 1.683055423200e-02 2.152735739946e-02 2.608951181173e-02 2.787223458290e-02 2.806493267417e-02 2.569977939129e-02 2.787744998932e-02 2.850039303303e-02 2.785927616060e-02 2.602980472147e-02 2.847786433995e-02 3.164114430547e-02 3.333232924342e-02 4.726848751307e-02 5.591495707631e-02 5.902520194650e-02 5.901999399066e-02 1.293426305056e-01 3.367543220520e-01 4.875373542309e-01 6.572083234787e-01 6.667006611824e-01
6.665693596005e-03 1.053581200540e-02 2.363266050816e-02 2.506451494992e-02 2.500051259995e-02 2.457846142352e-02 2.528539113700e-02 2.371807582676e-02 2.033607475460e-02 2.036713995039e-02 2.301601320505e-02 2.345327474177e-02 2.369640767574e-02 2.722583338618e-02 3.050816804171e-02 2.951586432755e-02 2.580166421831e-02 1.626773178577e-02 1.520079839975e-02 1.432952191681e-02 1.994761638343e-02 2.628076262772e-02 3.205908462405e-02 2.733826637268e-02 3.495684638619e-02 3.935030102730e-02 3.447480872273e-02 3.190387785435e-02 3.080615960062e-02 3.012828715146e-02 3.092044033110e-02 3.329876065254e-02 3.872910141945e-02 6.026146188378e-02 7.499296963215e-02 6.841354072094e-02 6.046914309263e-02 1.478675007820e-01 3.845303654671e-01 5.832285284996e-01 4.520885050297e-01 2.959958016872e-01 7.811967134476e-01
5.178984254599e-03 9.148656390607e-03 2.325306646526e-02 2.523755095899e-02 2.516091428697e-02 2.491334266961e-02 2.544118463993e-02 2.414433099329e-02 2.051404304802e-02 2.029134146869e-02 2.252191677690e-02 2.354442141950e-02 2.356263995171e-02 2.673144638538e-02 3.008740395308e-02 3.013053536415e-02 2.627380006015e-02 1.657788455486e-02 1.515802089125e-02 1.884197816253e-02 2.798290550709e-02 3.908023983240e-02 4.922935739160e-02 4.420237243176e-02 9.244301915169e-02 1.126093715429e-01 8.182476460934e-02 5.352680757642e-02 5.195412412286e-02 4.495986178517e-02 3.910122811794e-02 3.721015527844e-02 4.620828852057e-02 8.197460323572e-02 1.162122040987e-01 1.183886900544e-01 7.950913906097e-02 8.782707154751e-02 2.915137708187e-01 4.758931696415e-01 3.410960733891e-01 2.073464542627e-01 3.971772491932e-01
7.014523725957e-03 1.023100875318e-02 2.359862066805e-02 2.568176388741e-02 2.562573365867e-02 2.526632323861e-02 2.584595046937e-02 2.450994029641e-02 2.091968804598e-02 2.065663598478e-02 2.260844968259e-02 2.371475473046e-02 2.357140928507e-02 2.655492164195e-02 2.983246929944e-02 3.070552460849e-02 2.667417563498e-02 1.727760210633e-02 1.880268752575e-02 2.202814072371e-02 3.345090523362e-02 4.756535962224e-02 5.990375578403e-02 7.674723863602e-02 4.822266846895e-02 3.473608791828e-01 2.430899441242e-01 1.355031728745e-01 8.850038796663e-02 7.013715803623e-02 5.045792087913e-02 3.949440643191e-02 4.261212795973e-02 8.406478166580e-02 1.410868614912e-01 1.570693999529e-01 1.051883623004e-01 1.737696230412e-01 3.895299434662e-01 4.676698148251e-01 2.609264552593e-01 1.800601929426e-01 2.584020793438e-01
9.789387695491e-03 1.418391894549e-02 2.428287267685e-02 2.589534968138e-02 2.569582499564e-02 2.549576014280e-02 2.638824470341e-02 2.465710043907e-02 2.107830159366e-02 2.081342600286e-02 2.267063595355e-02 2.364375069737e-02 2.369389496744e-02 2.663367241621e-02 2.984691411257e-02 3.107939660549e-02 2.705776132643e-02 2.158215455711e-02 2.241344004869e-02 2.654930949211e-02 3.957611322403e-02 5.276850983500e-02 5.783022940159e-02 1.863444298506e-01 3.404370844364e-01 7.549781203270e-01 5.734325051308e-01 2.447811812162e-01 1.270940452814e-01 9.916259348392e-02 6.463435292244e-02 4.297186434269e-02 4.130007699132e-02 9.209065884352e-02 1.684124618769e-01 1.805951595306e-01 1.092378497124e-01 2.010415941477e-01 4.160826802254e-01 3.606268763542e-01 1.748709231615e-01 1.865575611591e-01 4.886581897736e-01
1.217149011791e-02 1.739442162216e-02 2.445330284536e-02 2.554346621037e-02 2.530578710139e-02 2.508712932467e-02 2.621316909790e-02 2.402622625232e-02 2.105202339590e-02 2.068043686450e-02 2.234007790685e-02 2.298637852073e-02 2.524783648551e-02 2.711993642151e-02 2.890570461750e-02 3.036094643176e-02 2.824450097978e-02 2.649277262390e-02 2.591024525464e-02 3.262040391564e-02 4.687638953328e-02 5.614202469587e-02 8.019348978996e-02 3.188713192940e-01 7.629774808884e-01 1.070130944252e+00 1.032723665237e+00 3.668771982193e-01 1.415754109621e-01 1.163489669561e-01 7.805947214365e-02 5.099445581436e-02 7.255633920431e-02 1.433973759413e-01 2.280630618334e-01 1.971110850573e-01 1.001610979438e-01 2.403191328049e-01 3.463201820850e-01 2.451411783695e-01 1.960971951485e-01 3.083366453648e-01 1.125534057617e+00
7.198742125183e-03 1.154303923249e-02 2.397985942662e-02 2.474394068122e-02 2.464776858687e-02 2.447700500488e-02 2.548621036112e-02 2.659331262112e-02 2.043968066573e-02 2.011133730412e-02 2.659752592444e-02 3.059780970216e-02 3.406239300966e-02 3.710171580315e-02 3.999465331435e-02 4.272071644664e-02 4.452188313007e-02 4.364647343755e-02 4.687418043613e-02 4.101369529963e-02 5.584440752864e-02 5.870672315359e-02 1.059443280101e-01 3.736412823200e-01 7.965890765190e-01 9.982532858849e-01 7.403637170792e-01 3.252310752869e-01 1.219767183065e-01 1.120235696435e-01 1.087480261922e-01 3.546160459518e-01 3.992263078690e-01 2.017758041620e-01 3.215197622776e-01 2.036968618631e-01 1.663318574429e-01 2.482713609934e-01 2.568281590939e-01 1.788726300001e-01 2.164496630430e-01 8.263175487518e-01 3.320576906204e+00
1.067398115993e-02 1.565807312727e-02 2.297611534595e-02 2.342152409256e-02 2.946931496263e-02 3.096382319927e-02 3.182741999626e-02 3.188463672996e-02 3.075773268938e-02 2.856774255633e-02 2.678161859512e-02 3.120146878064e-02 3.534338623285e-02 3.932566940784e-02 4.367160424590e-02 4.890580475330e-02 8.619913458824e-02 5.719147995114e-02 9.055651724339e-02 5.703365057707e-02 5.480390042067e-02 5.448180809617e-02 9.794907271862e-02 2.844720184803e-01 5.387967228889e-01 5.914083123207e-01 3.966858983040e-01 1.835487633944e-01 8.469291776419e-02 9.071892499924e-02 3.698032200336e-01 1.300760746002e+00 1.402639031410e+00 8.383734822273e-01 6.238259077072e-01 3.666786253452e-01 2.836511433125e-01 3.006167411804e-01 3.030411601067e-01 1.979069858789e-01 4.005710780621e-01 2.521254539490e+00 3.828985214233e+00
4.572711884975e-02 9.127296507359e-02 1.034381389618e-01 1.069419234991e-01 1.056135520339e-01 9.583933651447e-02 8.966901153326e-02 9.152194857597e-02 9.469965100288e-02 9.402040392160e-02 8.989287912846e-02 8.895682543516e-02 8.886044472456e-02 9.267615526915e-02 9.415163099766e-02 9.559675306082e-02 1.117284148932e-01 1.308684349060e-01 1.110036224127e-01 1.057807728648e-01 9.373867511749e-02 8.188163489103e-02 7.600492984056e-02 1.175476983190e-01 1.931789666414e-01 1.942905932665e-01 1.259302049875e-01 6.786663085222e-02 5.033285543323e-02 6.339805573225e-02 3.637320697308e-01 1.365950822830e+00 1.882254481316e+00 1.979300260544e+00 1.646493911743e+00 5.419045090675e-01 4.071903228760e-01 7.476158142090e-01 1.257360219955e+00 6.347562670708e-01 1.403500437737e+00 2.372876167297e+00 8.555970191956e-01
4.409927129745e-02 6.719020754099e-02 7.928005605936e-02 7.909150421619e-02 7.185410708189e-02 6.195300444961e-02 5.208791792393e-02 4.673327505589e-02 5.101569369435e-02 5.300235003233e-02 5.588439479470e-02 6.054261326790e-02 6.541778892279e-02 7.187350094318e-02 7.762859016657e-02 7.837074249983e-02 7.259184122086e-02 6.742151081562e-02 7.105486094952e-02 7.869207113981e-02 7.830847799778e-02 6.457461416721e-02 6.476692110300e-02 7.102530449629e-02 6.268128007650e-02 4.179942607880e-02 2.970571443439e-02 2.402025088668e-02 2.805590815842e-02 3.977914527059e-02 1.615530103445e-01 6.325148940086e-01 2.270266056061e+00 3.414047479630e+00 2.832527875900e+00 1.263997852802e-01 4.406140744686e-01 1.235527515411e+00 2.602025985718e+00 1.378117918968e+00 1.007174253464e+00 6.718577146530e-01 7.177043557167e-01
5.129421874881e-02 7.738202065229e-02 8.970250934362e-02 8.705946803093e-02 7.621814310551e-02 6.274745613337e-02 5.137197673321e-02 5.600856989622e-02 6.233276054263e-02 6.523340195417e-02 6.610681861639e-02 6.598554551601e-02 6.374908983707e-02 5.856252834201e-02 5.811760202050e-02 5.927633121610e-02 5.516371130943e-02 4.501274973154e-02 4.665705934167e-02 4.516227543354e-02 3.616797924042e-02 3.595823049545e-02 3.986031562090e-02 3.987372666597e-02 3.299610689282e-02 2.259401045740e-02 1.750022731721e-02 1.510870084167e-02 1.804743520916e-02 2.434329129755e-02 9.073701500893e-02 2.521527111530e-01 1.045103549957e+00 1.994926333427e+00 2.291960239410e+00 1.138685107231e+00 5.101667642593e-01 9.312450289726e-01 1.915936470032e+00 1.611067891121e+00 2.148527801037e-01 5.748454332352e-01 4.327041506767e-01
3.801171109080e-02 5.679998546839e-02 6.503497809172e-02 6.206484884024e-02 5.318360403180e-02 4.718112573028e-02 5.141566693783e-02 5.452925339341e-02 5.733807012439e-02 5.846085771918e-02 5.557400733232e-02 4.828169569373e-02 3.907998278737e-02 3.135628625751e-02 2.786703221500e-02 2.829301171005e-02 2.712544053793e-02 3.840059414506e-02 4.459692537785e-02 4.197106137872e-02 3.337919712067e-02 2.397222258151e-02 2.298969589174e-02 2.367659471929e-02 2.062970772386e-02 1.614917814732e-02 1.630322821438e-02 1.705426536500e-02 2.293975092471e-02 3.410992398858e-02 7.599850744009e-02 2.155274003744e-01 1.978430747986e-01 3.689100444317e-01 4.677290320396e-01 4.508356153965e-01 4.746093153954e-01 7.188829779625e-01 2.036900997162e+00 1.105582952499e+00 2.596333503723e+00 4.731062650681e-01 4.132941067219e-01
1.787675358355e-02 1.177503354847e-02 2.998382039368e-02 2.932839095592e-02 3.056697919965e-02 1.224200800061e-02 3.150324895978e-02 3.563226386905e-02 3.670804947615e-02 3.686820343137e-02 3.488367050886e-02 3.049816749990e-02 2.507679536939e-02 2.009780332446e-02 1.098046172410e-02 2.122953347862e-02 3.686271235347e-02 4.712406173348e-02 4.451323300600e-02 3.339435905218e-02 2.134082652628e-02 2.219226025045e-02 3.724864125252e-02 3.956712409854e-02 2.749002352357e-02 1.823256909847e-02 1.958379708230e-02 2.167740836740e-02 2.799262851477e-02 4.322221130133e-02 7.300176471472e-02 1.069179102778e-01 1.535673290491e-01 1.662418097258e-01 1.279035955667e-01 9.895723313093e-02 2.020412087440e-01 9.069133996964e-01 3.833227872849e+00 1.745071649551e+00 2.403942197561e-01 4.186678230762e-01 3.239410817623e-01
1.127783767879e-02 8.495103567839e-03 2.073348499835e-02 2.345309220254e-02 1.671463251114e-02 9.305507875979e-03 2.225630916655e-02 2.345709875226e-02 2.242942154408e-02 2.128412015736e-02 2.004447020590e-02 1.877043955028e-02 1.755514368415e-02 1.759030483663e-02 1.737583987415e-02 2.006034925580e-02 3.418417274952e-02 4.058443754911e-02 3.490732237697e-02 2.419962920249e-02 2.697019651532e-02 5.017715692520e-02 7.493479549885e-02 6.298260390759e-02 3.262537717819e-02 2.203462645411e-02 2.458778209984e-02 3.014537505805e-02 4.114868119359e-02 6.597808748484e-02 7.550835609436e-02 1.229976266623e-01 1.188221126795e-01 6.012479588389e-02 5.850457400084e-02 7.486318051815e-02 1.543415933847e-01 1.500024914742e+00 4.486937522888e+00 2.407935857773e+00 4.944986104965e-01 3.913530707359e-01 1.525635570288e-01
1.078184600919e-02 1.552337873727e-02 1.943836919963e-02 1.682571507990e-02 1.825056038797e-02 1.974577084184e-02 2.346070110798e-02 2.535531483591e-02 2.719318680465e-02 2.775999531150e-02 3.080303221941e-02 3.253191336989e-02 3.407013416290e-02 3.517885506153e-02 3.564553707838e-02 3.539970517159e-02 3.450514748693e-02 3.435916081071e-02 3.652735054493e-02 4.026830196381e-02 7.074084877968e-02 9.973534196615e-02 1.034514233470e-01 6.803146004677e-02 2.748469449580e-02 2.646546624601e-02 5.468905344605e-02 5.027646198869e-02 3.709281235933e-02 6.936924159527e-02 9.071344137192e-02 1.047600209713e-01 7.692682743073e-02 5.349871516228e-02 6.143301725388e-02 8.921436965466e-02 4.506885707378e-01 2.039057731628e+00 3.211383581161e+00 1.817435860634e+00 1.071290016174e+00 3.232840001583e-01 1.055088266730e-01
7.633000612259e-03 1.096416078508e-02 1.372895948589e-02 1.557297259569e-02 1.659429445863e-02 1.707726344466e-02 1.848716475070e-02 2.025635540485e-02 2.155710756779e-02 2.260302007198e-02 2.623342536390e-02 2.833069115877e-02 3.033329732716e-02 3.198673948646e-02 3.299986198545e-02 3.318104147911e-02 3.252638131380e-02 3.239121660590e-02 3.434231877327e-02 5.586335435510e-02 9.328149259090e-02 1.242190673947e-01 1.205773726106e-01 7.351256161928e-02 2.786070294678e-02 4.492968320847e-02 6.324751675129e-02 3.505701944232e-02 4.791016504169e-02 7.918876409531e-02 9.471507370472e-02 1.046526283026e-01 8.113954216242e-02 7.365042716265e-02 6.910376250744e-02 2.385789006948e-01 9.526210427284e-01 3.662968635559e+00 2.448034286499e+00 6.983779072762e-01 4.283247888088e-01 2.768455147743e-01 1.079224050045e-01
5.071594845504e-03 7.279410492629e-03 9.144496172667e-03 1.043586246669e-02 1.173676736653e-02 1.328122708946e-02 1.487715076655e-02 1.666513830423e-02 1.837511919439e-02 2.080966904759e-02 2.306508459151e-02 2.539659850299e-02 2.766380459070e-02 2.959457226098e-02 3.084772452712e-02 3.117254748940e-02 3.055827505887e-02 3.032661974430e-02 3.529525548220e-02 6.746950745583e-02 1.069318726659e-01 1.355369985104e-01 1.254894882441e-01 7.229550927877e-02 2.673202008009e-02 5.001504346728e-02 5.233002826571e-02 3.392612934113e-02 7.271492481232e-02 8.567507565022e-02 8.797103166580e-02 9.951547533274e-02 1.033426001668e-01 8.188880980015e-02 1.457621157169e-01 3.479410111904e-01 5.770273804665e-01 2.039484977722e+00 6.966817378998e-01 3.404591083527e-01 2.036153376102e-01 2.137186229229e-01 1.473934948444e-01
