100/SI/f47_max.grd
DSAA
101	101
32.816463539100	34.260883539100
35.556306596100	36.727886596100
2.281540771946e-03	3.905159378052e+01
[rows 76 to 94 of 101, columns 43 to 85 of 101]
3.822341561317e-01 4.126419126987e-01 1.122749686241e+00 3.136061191559e+00 2.006948709488e+00 3.744799137115e+00 3.646918058395e+00 1.009266734123e+00 8.628383874893e-01 1.834442496300e+00 1.002020239830e+00 3.486757755280e+00 5.102723598480e+00 3.312789678574e+00 1.427815794945e+00 5.202921628952e-01 5.415318012238e-01 6.080124974251e-01 6.218014955521e-01 5.772586464882e-01 1.084331512451e+00 2.489295721054e+00 5.936838984489e-01 2.533183991909e-01 2.134242504835e-01 1.571930348873e-01 1.178813502192e-01 2.918057143688e-01 3.321856856346e-01 9.248983114958e-02 7.946760952473e-02 8.282247930765e-02 9.342479705811e-02 7.322570681572e-02 7.532449066639e-02 8.129542320967e-02 8.391777426004e-02 1.164822429419e-01 1.007306203246e-01 4.649976640940e-02 5.687502399087e-02 8.062054216862e-02 9.810321778059e-02
1.280851960182e+00 1.185729026794e+00 1.212787628174e+00 2.336295604706e+00 3.569715261459e+00 3.713943958282e+00 1.408016681671e+00 1.072299242020e+00 6.158450841904e-01 1.019891858101e+00 2.646733999252e+00 5.005062580109e+00 4.210407257080e+00 2.402064800262e+00 1.810361385345e+00 8.229485154152e-01 4.069589078426e-01 4.571247994900e-01 4.152797162533e-01 3.713019788265e-01 2.769004106522e-01 1.516036391258e-01 1.535338014364e-01 1.454661637545e-01 1.160489246249e-01 8.319953083992e-02 6.462948769331e-02 6.472103297710e-02 2.660322189331e-01 2.899701595306e-01 6.192724406719e-02 6.793009489775e-02 7.789251953363e-02 8.125062286854e-02 6.000884994864e-02 5.780614167452e-02 6.972959637642e-02 7.458586990833e-02 9.972173720598e-02 1.028933301568e-01 6.668982654810e-02 6.160061433911e-02 7.837016880512e-02
2.312146186829e+00 3.523201942444e+00 2.713853120804e+00 1.634550571442e+00 1.461745381355e+00 2.137473821640e+00 3.259325921535e-01 2.725443542004e-01 2.177399545908e-01 4.242199957371e-01 1.869168877602e+00 2.311280727386e+00 1.292209625244e+00 5.744917988777e-01 5.619238615036e-01 2.586729526520e-01 2.676702141762e-01 2.971296608448e-01 3.006295561790e-01 2.633790969849e-01 1.732934862375e-01 9.726492315531e-02 5.771382153034e-02 5.790664255619e-02 5.250483378768e-02 4.349436610937e-02 3.590864315629e-02 3.731356188655e-02 6.597400456667e-02 2.369020283222e-01 2.193776220083e-01 8.375665545464e-02 9.052239358425e-02 7.963791489601e-02 7.045979797840e-02 5.152733623981e-02 4.379558190703e-02 5.943084880710e-02 6.557978689671e-02 7.965068519115e-02 9.549207985401e-02 8.506712317467e-02 5.829343572259e-02
3.619929552078e+00 4.205663681030e+00 1.386524796486e+00 1.312033534050e+00 1.704668402672e+00 5.389114618301e-01 3.245324790478e-01 3.878180086613e-01 1.922897547483e-01 2.686292648315e+00 2.569709539413e+00 2.078953742981e+00 1.523680925369e+00 3.233691751957e-01 1.460264772177e-01 1.476029753685e-01 1.714841127396e-01 1.657486259937e-01 1.792101114988e-01 1.685361117125e-01 1.254826635122e-01 7.767900824547e-02 4.307739809155e-02 3.325590491295e-02 3.468772768974e-02 3.613347932696e-02 2.976950816810e-02 3.023073822260e-02 4.485167562962e-02 9.367519617081e-02 2.111589610577e-01 1.420305967331e-01 9.769697487354e-02 8.988006412983e-02 7.165436446667e-02 6.077026948333e-02 4.449588805437e-02 3.109718300402e-02 4.845174774528e-02 5.510256811976e-02 6.609170138836e-02 7.527129352093e-02 8.366841822863e-02
1.547035455704e+00 1.285793185234e+00 2.394145011902e+00 2.600173950195e+00 2.273348093033e+00 1.962444663048e+00 2.728780746460e+00 3.622183799744e+00 4.446600914001e+00 3.348838567734e+00 2.224983453751e+00 3.077992796898e-01 6.970835328102e-01 1.454264521599e-01 7.383879274130e-02 4.747767746449e-02 9.357907623053e-02 7.573930174112e-02 1.082900390029e-01 1.220849975944e-01 1.014379262924e-01 6.994851678610e-02 4.396909102798e-02 2.819756045938e-02 2.872354350984e-02 3.647498413920e-02 3.332032263279e-02 2.728678658605e-02 3.082836046815e-02 8.576600253582e-02 6.910879909992e-02 1.350191980600e-01 9.268772602081e-02 9.471732378006e-02 8.393592387438e-02 6.861802935600e-02 5.790111050010e-02 4.663659259677e-02 3.689174726605e-02 3.647268190980e-02 4.320751875639e-02 4.660087078810e-02 5.336061492562e-02
9.836635589600e-01 3.200247526169e+00 5.365311622620e+00 2.801522970200e+00 1.251893281937e+00 2.043806552887e+00 5.039502143860e+00 4.219864368439e+00 5.950828552246e+00 3.062528371811e+00 7.987838983536e-01 1.852171421051e-01 2.496459633112e-01 7.357640564442e-02 4.322915896773e-02 3.887720033526e-02 4.528152197599e-02 5.876003950834e-02 8.359641581774e-02 9.370389580727e-02 8.589432388544e-02 6.810097396374e-02 4.749032109976e-02 3.200607374310e-02 2.697223611176e-02 3.297845274210e-02 3.621494770050e-02 3.063870221376e-02 2.578389085829e-02 6.648454070091e-02 8.991914242506e-02 4.815290495753e-02 7.499447464943e-02 8.707518130541e-02 9.146885573864e-02 9.024324268103e-02 8.395674079657e-02 6.841826438904e-02 4.837063327432e-02 3.151497989893e-02 2.622200176120e-02 2.931086160243e-02 3.398756682873e-02
2.181679248810e+00 6.951295375824e+00 4.913090705872e+00 1.374673247337e+00 1.737530231476e+00 4.329593181610e+00 4.740156173706e+00 2.421103000641e+00 3.627680063248e+00 1.918122529984e+00 5.282491445541e-01 3.263452947140e-01 1.103653684258e-01 5.204826593399e-02 3.837747126818e-02 3.955987095833e-02 3.429253026843e-02 4.013959690928e-02 6.435099244118e-02 8.008012175560e-02 7.738847285509e-02 6.868652254343e-02 5.137060210109e-02 3.693767637014e-02 2.760026231408e-02 2.856049500406e-02 3.482794761658e-02 3.227389976382e-02 2.573708444834e-02 4.804211482406e-02 9.635357558727e-02 5.239634215832e-02 4.718742519617e-02 6.812024861574e-02 8.999431133270e-02 1.070973649621e-01 1.000658199191e-01 7.963683456182e-02 5.460473150015e-02 3.433825820684e-02 2.499780058861e-02 2.845121733844e-02 3.197985887527e-02
3.902636051178e+00 6.608162879944e+00 2.371425390244e+00 1.263633489609e+00 1.075448274612e+00 2.179577589035e+00 1.552205562592e+00 1.851917266846e+00 1.664015412331e+00 6.615350842476e-01 3.800684809685e-01 2.261295467615e-01 6.427109986544e-02 4.797387123108e-02 3.516895696521e-02 3.826442733407e-02 3.764935955405e-02 3.021555207670e-02 5.149008706212e-02 7.055380195379e-02 7.258458435535e-02 7.068070024252e-02 5.645826086402e-02 4.122424125671e-02 2.987749315798e-02 2.585889585316e-02 2.987437695265e-02 3.472836315632e-02 2.840632386506e-02 3.380563110113e-02 8.432129025459e-02 7.633665204048e-02 2.686929330230e-02 4.911299422383e-02 7.720752805471e-02 9.759595245123e-02 9.603353589773e-02 7.852137833834e-02 4.729175195098e-02 2.981398813426e-02 2.290499024093e-02 2.606949023902e-02 2.939887717366e-02
5.100690841675e+00 2.761693000793e+00 7.488529682159e-01 8.526145815849e-01 5.425904989243e-01 4.658753573895e-01 9.084270000458e-01 1.037471413612e+00 6.930655837059e-01 4.092663824558e-01 3.618801832199e-01 1.731298416853e-01 6.699394434690e-02 6.353593617678e-02 4.007108509541e-02 3.743892163038e-02 3.746259212494e-02 3.005898930132e-02 4.098710790277e-02 6.347991526127e-02 7.229644060135e-02 7.387041300535e-02 6.283167749643e-02 4.458137229085e-02 3.184908255935e-02 2.466958016157e-02 2.446471340954e-02 3.200420364738e-02 3.214912116528e-02 2.562194876373e-02 6.324539333582e-02 9.014283120632e-02 4.040225967765e-02 3.943407535553e-02 5.678224936128e-02 5.962880328298e-02 8.369228988886e-02 1.154651269317e-01 5.830925703049e-02 2.681669965386e-02 2.277649566531e-02 1.816933415830e-02 2.051503397524e-02
1.608219027519e+00 7.024823427200e-01 6.580095291138e-01 4.477645754814e-01 2.380195111036e-01 2.867254316807e-01 3.983439505100e-01 4.533178508282e-01 3.749580085278e-01 2.952276766300e-01 2.232904136181e-01 8.747313916683e-02 5.775004252791e-02 6.029771268368e-02 4.961290955544e-02 3.722361847758e-02 3.622147813439e-02 2.992187999189e-02 3.286288678646e-02 5.679245293140e-02 7.309610396624e-02 7.420694082975e-02 7.035627961159e-02 5.124826729298e-02 3.497026860714e-02 2.594001218677e-02 2.340885624290e-02 2.649869583547e-02 3.256852179766e-02 2.889397554100e-02 4.277005046606e-02 8.444137871265e-02 5.869963392615e-02 2.346487902105e-02 3.003739193082e-02 3.109616972506e-02 3.404820337892e-02 9.387123584747e-02 9.562077373266e-02 2.728367224336e-02 2.118734456599e-02 2.034267596900e-02 2.147425897419e-02
1.249267339706e+00 7.415961027145e-01 4.848834276199e-01 1.941755712032e-01 1.923057883978e-01 1.774636954069e-01 1.895261555910e-01 2.425244748592e-01 2.585677206516e-01 1.816708147526e-01 1.706841737032e-01 7.707067579031e-02 4.781009256840e-02 4.372989758849e-02 4.191051796079e-02 3.797922655940e-02 3.466724231839e-02 2.983753196895e-02 2.559284679592e-02 4.926754906774e-02 7.258750498295e-02 7.379854470491e-02 7.498895376921e-02 5.960409343243e-02 4.009481891990e-02 2.953077293932e-02 2.477291785181e-02 2.769656106830e-02 2.941796742380e-02 3.183078393340e-02 2.616529911757e-02 6.692780554295e-02 7.147975265980e-02 3.088769875467e-02 1.815580949187e-02 2.690906077623e-02 3.134097903967e-02 3.333063051105e-02 8.401304483414e-02 4.393215104938e-02 2.113761939108e-02 2.068067342043e-02 3.044888377190e-02
7.346553802490e-01 6.712484955788e-01 2.491696625948e-01 1.171104833484e-01 8.835984766483e-02 7.638721913099e-02 1.219957396388e-01 7.379916310310e-02 1.568157970905e-01 2.374447882175e-01 1.225975528359e-01 9.816567599773e-02 5.698286369443e-02 3.734488785267e-02 3.723152354360e-02 4.091414064169e-02 3.668675199151e-02 3.257206082344e-02 2.695044502616e-02 3.867753967643e-02 6.335896253586e-02 7.269672304392e-02 7.168240100145e-02 6.783384084702e-02 4.972098395228e-02 3.421110287309e-02 2.633868716657e-02 2.913853526115e-02 3.093646094203e-02 3.148179501295e-02 2.845575101674e-02 4.700410366058e-02 7.175560295582e-02 4.188209399581e-02 1.919598132372e-02 2.062408067286e-02 2.999947778881e-02 3.010048903525e-02 3.263308107853e-02 4.741059616208e-02 5.036712810397e-02 2.881509810686e-02 2.919067442417e-02
4.849007427692e-01 3.485253751278e-01 1.629348695278e-01 6.679316610098e-02 4.591083154082e-02 4.332055523992e-02 5.791722610593e-02 6.695331633091e-02 5.712670087814e-02 1.953480541706e-01 2.179805636406e-01 2.256451696157e-01 1.450130045414e-01 5.314264819026e-02 3.552188351750e-02 4.641960188746e-02 4.301181063056e-02 4.470311477780e-02 4.205447807908e-02 3.443908691406e-02 4.946629330516e-02 6.737197935581e-02 6.506908684969e-02 6.578979641199e-02 5.886973068118e-02 4.086104780436e-02 2.965222671628e-02 2.975047007203e-02 3.147482499480e-02 3.074998967350e-02 3.071538731456e-02 3.089557215571e-02 6.325249373913e-02 5.203971266747e-02 2.531120367348e-02 2.032284066081e-02 2.723298594356e-02 2.838397584856e-02 2.629776857793e-02 2.781539782882e-02 4.547276720405e-02 4.955685511231e-02 2.805736288428e-02
3.532451391220e-01 2.225478291512e-01 1.118251755834e-01 4.911905154586e-02 3.132476285100e-02 3.466694429517e-02 4.651941359043e-02 5.422877892852e-02 5.188059434295e-02 6.367357075214e-02 2.291596978903e-01 5.592859387398e-01 3.857984840870e-01 1.246350929141e-01 4.691478982568e-02 4.752031713724e-02 5.316599085927e-02 5.389676615596e-02 4.712186381221e-02 5.510819703341e-02 5.314256250858e-02 5.361274257302e-02 5.902031064034e-02 5.777100473642e-02 6.242940202355e-02 4.921405762434e-02 3.332316502929e-02 2.976507507265e-02 3.123647719622e-02 3.187977522612e-02 3.123603574932e-02 2.875071205199e-02 5.144089832902e-02 5.750485509634e-02 2.988938987255e-02 2.094687707722e-02 2.325475029647e-02 2.807339839637e-02 2.410299144685e-02 2.356579527259e-02 2.349124848843e-02 3.989701345563e-02 4.794552549720e-02
2.140398323536e-01 1.314010024071e-01 7.412055134773e-02 3.157166019082e-02 2.651792205870e-02 2.752503193915e-02 3.312246128917e-02 3.832518309355e-02 4.615542665124e-02 4.132405295968e-02 1.737385392189e-01 4.661658704281e-01 6.086189150810e-01 3.936788439751e-01 7.948545366526e-02 3.528187051415e-02 5.058600381017e-02 5.682548135519e-02 7.086410373449e-02 6.659504771233e-02 5.454818531871e-02 4.215068370104e-02 5.099483579397e-02 5.454273521900e-02 5.799867212772e-02 5.411932244897e-02 3.773430734873e-02 2.887425199151e-02 3.093080595136e-02 3.170553967357e-02 3.167870640755e-02 3.565940633416e-02 3.931327909231e-02 5.579040944576e-02 3.758371621370e-02 2.888262458146e-02 2.095922641456e-02 2.679635398090e-02 2.641523070633e-02 2.266114205122e-02 2.097366377711e-02 2.354262024164e-02 3.543680533767e-02
1.098242551088e-01 7.511176168919e-02 4.560271650553e-02 2.461030706763e-02 2.588752098382e-02 2.067610062659e-02 2.363124862313e-02 2.717827446759e-02 3.564648330212e-02 4.178991541266e-02 6.691117584705e-02 3.453392684460e-01 1.257679104805e+00 9.726437330246e-01 1.669491082430e-01 1.936948858202e-02 3.554653003812e-02 7.464028894901e-02 6.644672900438e-02 5.292788892984e-02 4.646676033735e-02 3.764144703746e-02 3.897050768137e-02 5.204053223133e-02 5.637390911579e-02 5.749000608921e-02 4.514373466372e-02 3.110615536571e-02 3.117921948433e-02 4.004315286875e-02 4.729885235429e-02 5.254041031003e-02 5.268734693527e-02 4.986932501197e-02 4.485315084457e-02 3.494034335017e-02 1.977665349841e-02 2.435725927353e-02 3.598224744201e-02 2.959638647735e-02 2.159502357244e-02 2.241182513535e-02 2.401230484247e-02
5.255931615829e-02 2.129295654595e-02 3.500147536397e-02 2.600047551095e-02 2.913268841803e-02 2.698026038706e-02 2.380012534559e-02 2.526997402310e-02 2.598938345909e-02 3.481574356556e-02 4.071538522840e-02 1.764692366123e-01 6.138041615486e-01 5.433129668236e-01 1.837726980448e-01 1.911325007677e-02 8.673586696386e-02 6.733642518520e-02 5.187373980880e-02 5.017186328769e-02 5.133318901062e-02 4.704570025206e-02 3.436281159520e-02 4.142776504159e-02 5.436366051435e-02 5.683769658208e-02 5.270203202963e-02 3.747260197997e-02 3.605896234512e-02 4.854959622025e-02 5.599726364017e-02 6.158042699099e-02 6.121267378330e-02 5.710396543145e-02 4.858025908470e-02 3.441024571657e-02 2.149970829487e-02 2.007614448667e-02 3.933397680521e-02 4.144205152988e-02 3.484947234392e-02 2.581817284226e-02 2.428166009486e-02
2.010450884700e-02 1.896508596838e-02 1.906041987240e-02 2.791637741029e-02 2.819283120334e-02 2.690158784389e-02 2.267652004957e-02 1.906541921198e-02 1.998915337026e-02 2.632014639676e-02 3.723116964102e-02 7.826972752810e-02 2.177494466305e-01 2.605820894241e-01 1.899083107710e-01 1.166326403618e-01 7.379309087992e-02 5.242242664099e-02 4.089460149407e-02 4.397216066718e-02 5.197311565280e-02 5.606446787715e-02 4.116176068783e-02 2.740569971502e-02 4.421026632190e-02 5.456551536918e-02 5.584708228707e-02 4.515386000276e-02 3.213496878743e-02 3.629622608423e-02 3.961647301912e-02 4.327129200101e-02 4.334064200521e-02 4.059265926480e-02 4.850751161575e-02 2.676498331130e-02 2.025295048952e-02 2.238779515028e-02 4.355590417981e-02 5.358429253101e-02 4.931988194585e-02 3.753727674484e-02 2.807242609560e-02
4.512596502900e-02 2.169848233461e-02 1.393642928451e-02 2.071585506201e-02 2.642037346959e-02 2.606157958508e-02 2.172213606536e-02 1.737690716982e-02 1.534320879728e-02 2.072383463383e-02 2.956513129175e-02 5.152267962694e-02 1.514660269022e-01 1.955337524414e-01 1.527910530567e-01 9.066197276115e-02 5.614912509918e-02 4.025850817561e-02 3.716136142612e-02 3.279533237219e-02 4.644938558340e-02 5.654801428318e-02 5.515833944082e-02 3.299627080560e-02 3.061381913722e-02 4.852817580104e-02 5.447944253683e-02 5.113833397627e-02 3.397032618523e-02 2.796714566648e-02 2.182761020958e-02 2.049021795392e-02 2.536569163203e-02 2.894479222596e-02 4.761106520891e-02 3.402898833156e-02 2.371244691312e-02 2.764080837369e-02 3.943805769086e-02 5.814035981894e-02 6.210567802191e-02 5.186589062214e-02 4.056942462921e-02
