100/SI/f47_max.grd
DSAA
101	101
32.816463539100	34.260883539100
35.556306596100	36.727886596100
2.281540771946e-03	3.905159378052e+01
[rows 38 to 56 of 101, columns 43 to 85 of 101]
1.118883967400e+00 7.177215218544e-01 9.249047636986e-01 7.574120759964e-01 5.250454545021e-01 5.636301636696e-01 8.129804730415e-01 9.860039949417e-01 1.818630218506e+00 1.267039179802e+00 9.364596605301e-01 6.608223319054e-01 4.509395956993e-01 4.107855260372e-01 8.131899237633e-01 1.496454834938e+00 1.132362842560e+00 4.557072520256e-01 2.900211215019e-01 3.389167189598e-01 3.674986660480e-01 4.890296757221e-01 4.027857780457e-01 3.287160694599e-01 2.209601998329e-01 1.870774924755e-01 2.081649899483e-01 2.141271829605e-01 2.052908390760e-01 1.969820261002e-01 1.784025877714e-01 1.516413092613e-01 1.290615797043e-01 1.096857264638e-01 9.077623486519e-02 7.078767567873e-02 5.670573562384e-02 4.770040139556e-02 4.422525689006e-02 3.941298648715e-02 3.556757047772e-02 3.744695708156e-02 3.907898440957e-02
1.935856819153e+00 1.360344171524e+00 1.101562261581e+00 8.335331082344e-01 8.315940499306e-01 7.210782766342e-01 1.055492758751e+00 1.067085623741e+00 1.694189786911e+00 1.409902453423e+00 1.738793849945e+00 6.689261198044e-01 5.914221405983e-01 1.478018641472e+00 1.429005622864e+00 6.814537048340e-01 4.455888569355e-01 3.653727173805e-01 3.026684820652e-01 5.446555614471e-01 5.070369243622e-01 3.259331583977e-01 1.659537106752e-01 1.661223769188e-01 1.936385780573e-01 1.590021401644e-01 1.756137013435e-01 1.806248277426e-01 1.712867468596e-01 1.604518592358e-01 1.481808125973e-01 1.289313733578e-01 1.096551269293e-01 9.113612025976e-02 7.505372166634e-02 5.832294747233e-02 4.636805877090e-02 3.787064924836e-02 3.377494588494e-02 3.286291658878e-02 7.045955955982e-02 1.222945898771e-01 1.262785047293e-01
1.039577126503e+00 1.943858146667e+00 1.476593375206e+00 1.096296668053e+00 9.325516819954e-01 9.614869952202e-01 8.447390198708e-01 1.171282887459e+00 1.399973154068e+00 1.031430602074e+00 2.786430358887e+00 2.177965164185e+00 1.653340935707e+00 8.269684910774e-01 6.309925317764e-01 4.846389889717e-01 3.541424870491e-01 5.342412590981e-01 6.488043069839e-01 3.809767961502e-01 1.613963991404e-01 2.701671719551e-01 3.548027276993e-01 2.707618176937e-01 1.125585511327e-01 1.226151958108e-01 1.314122080803e-01 1.344842165709e-01 1.228958368301e-01 1.068188846111e-01 9.659041464329e-02 8.669765293598e-02 7.596096396446e-02 6.343035399914e-02 5.214912071824e-02 3.942868113518e-02 3.823506459594e-02 6.763695925474e-02 1.087456792593e-01 1.481280028820e-01 1.220676824450e-01 1.046226471663e-01 9.082800894976e-02
1.558198809624e+00 1.350630998611e+00 2.100769519806e+00 1.563894271851e+00 1.161308288574e+00 1.266145586967e+00 9.335470795631e-01 1.367839336395e+00 1.379343271255e+00 1.118131279945e+00 1.937868475914e+00 3.096157789230e+00 8.810632228851e-01 9.292629957199e-01 4.908631742001e-01 6.956992745399e-01 7.241023182869e-01 6.026148796082e-01 2.926679849625e-01 4.265438318253e-01 4.582540988922e-01 2.628237903118e-01 2.077833563089e-01 1.653872728348e-01 1.569948196411e-01 1.416942775249e-01 1.144626736641e-01 1.159947216511e-01 9.600821882486e-02 6.922268122435e-02 1.274654120207e-01 5.415117368102e-02 5.389388278127e-02 5.729155987501e-02 6.074862554669e-02 6.401851773262e-02 1.383647322655e-01 1.584862470627e-01 1.525331139565e-01 1.680401861668e-01 1.700805574656e-01 1.668231785297e-01 1.536275893450e-01
1.423033952713e+00 2.012897253036e+00 1.699208021164e+00 2.503347635269e+00 1.870991230011e+00 1.363393545151e+00 1.651739120483e+00 1.666270136833e+00 1.662541031837e+00 2.074546337128e+00 1.019323825836e+00 2.152152061462e+00 8.715695738792e-01 7.963338494301e-01 6.513874530792e-01 8.742626905441e-01 5.587128400803e-01 7.421368360519e-01 5.849125385284e-01 4.054175019264e-01 5.259224176407e-01 6.104132533073e-01 6.503067016602e-01 6.448338031769e-01 6.301866173744e-01 6.230796575546e-01 5.921757221222e-01 5.154276490211e-01 4.026741683483e-01 2.804027199745e-01 1.724774539471e-01 9.638192504644e-02 6.566148251295e-02 9.213274717331e-02 1.792464405298e-01 1.839999109507e-01 1.161991655827e-01 1.024378165603e-01 1.251409947872e-01 1.563286334276e-01 1.875178366899e-01 1.875223666430e-01 1.807792633772e-01
1.411418914795e+00 1.615468978882e+00 2.486954927444e+00 1.369271636009e+00 2.855473041534e+00 2.063893079758e+00 1.902794718742e+00 2.689846038818e+00 2.264155626297e+00 1.706297039986e+00 1.084002017975e+00 1.701147556305e+00 9.740073084831e-01 7.788634300232e-01 9.521427750587e-01 9.281856417656e-01 6.063228249550e-01 1.218165993690e+00 1.466271281242e+00 1.245482683182e+00 9.110688567162e-01 5.913115739822e-01 3.882306814194e-01 2.917566597462e-01 3.381111621857e-01 3.813850879669e-01 4.179355502129e-01 4.554840028286e-01 4.726213514805e-01 4.628878235817e-01 4.441669285297e-01 3.905583620071e-01 3.038069903851e-01 2.193928658962e-01 1.462579220533e-01 2.778538763523e-01 3.287009000778e-01 2.936115860939e-01 2.103016674519e-01 1.635907143354e-01 2.047284841537e-01 2.250556200743e-01 2.376884967089e-01
1.480006933212e+00 1.384735584259e+00 1.863330245018e+00 3.122846603394e+00 2.026587486267e+00 2.595816373825e+00 1.927790999413e+00 4.795947074890e+00 4.443467617035e+00 1.598803639412e+00 1.841753363609e+00 1.326327085495e+00 1.024531245232e+00 1.195482730865e+00 1.020750284195e+00 1.754216909409e+00 1.970249891281e+00 1.542694807053e+00 1.038595557213e+00 6.477989554405e-01 4.925414919853e-01 4.899937510490e-01 4.465703964233e-01 3.721100986004e-01 3.094258010387e-01 2.855835556984e-01 2.944240868092e-01 3.290957212448e-01 3.635012209415e-01 4.020980000496e-01 4.373652935028e-01 4.744038581848e-01 4.942127466202e-01 4.645838439465e-01 3.973155021667e-01 3.921424150467e-01 3.670082986355e-01 2.697662711143e-01 1.630938500166e-01 1.187553107738e-01 1.162604466081e-01 1.344394087791e-01 1.497323811054e-01
1.778261303902e+00 2.335107564926e+00 2.373569250107e+00 2.582216262817e+00 3.901422023773e+00 3.433524608612e+00 2.680003643036e+00 6.725750446320e+00 5.614373207092e+00 1.855739235878e+00 2.276782512665e+00 1.275725245476e+00 2.227040052414e+00 2.669385671616e+00 2.183384656906e+00 1.365536689758e+00 1.167404532433e+00 9.319898486137e-01 6.856883764267e-01 8.340991735458e-01 8.125210404396e-01 6.912899017334e-01 5.416926145554e-01 3.981076776981e-01 3.517674505711e-01 3.360189199448e-01 3.359501659870e-01 3.739979863167e-01 4.064371883869e-01 4.279410839081e-01 4.426861107349e-01 4.311435520649e-01 4.013536274433e-01 3.521732091904e-01 3.584952652454e-01 3.740766942501e-01 3.674801290035e-01 3.465287387371e-01 3.088188469410e-01 2.770327925682e-01 2.503014802933e-01 2.217599749565e-01 1.930629909039e-01
2.677678346634e+00 3.561121463776e+00 3.404613018036e+00 3.076456069946e+00 3.173456192017e+00 4.526371955872e+00 7.841463088989e+00 7.889033317566e+00 4.408773422241e+00 3.133600950241e+00 2.621115684509e+00 2.979342460632e+00 1.759495139122e+00 1.680230021477e+00 1.584171414375e+00 1.092374920845e+00 1.070099473000e+00 1.105077624321e+00 9.252387881279e-01 9.657437801361e-01 9.250403642654e-01 7.849811315536e-01 6.689268350601e-01 5.662350058556e-01 4.984555244446e-01 4.327634871006e-01 4.052594602108e-01 4.329266846180e-01 4.712010622025e-01 4.870311021805e-01 4.574404656887e-01 3.756769001484e-01 3.088520765305e-01 3.041778206825e-01 2.924417853355e-01 2.816999554634e-01 2.761615514755e-01 2.704477012157e-01 2.537532448769e-01 2.387813776731e-01 2.486606240273e-01 2.657762467861e-01 2.749714255333e-01
3.122593164444e+00 3.732091426849e+00 4.184274196625e+00 3.798832416534e+00 4.075462818146e+00 4.213573455811e+00 1.147149753571e+01 1.524857807159e+01 4.583206653595e+00 4.036171913147e+00 2.562681674957e+00 1.738578081131e+00 1.659161686897e+00 1.599289894104e+00 1.821412920952e+00 1.687379956245e+00 1.500037670135e+00 1.375695228577e+00 1.344007253647e+00 1.275995731354e+00 1.265948295593e+00 9.006667733192e-01 8.517138361931e-01 7.169711589813e-01 5.355877876282e-01 3.754593729973e-01 3.395844101906e-01 3.179551661015e-01 2.981631457806e-01 2.831338942051e-01 3.432383239269e-01 4.454314410686e-01 5.220375657082e-01 5.307249426842e-01 4.934334754944e-01 4.237765967846e-01 3.598396480083e-01 2.956959605217e-01 2.344528585672e-01 2.094315141439e-01 2.198040634394e-01 2.356154173613e-01 2.345691025257e-01
2.068190097809e+00 3.083054065704e+00 4.688074111938e+00 6.846532344818e+00 9.177958488464e+00 6.765057086945e+00 5.356295108795e+00 9.703066825867e+00 3.875135898590e+00 3.273155927658e+00 3.429209709167e+00 3.604592323303e+00 2.918683052063e+00 1.803353548050e+00 1.940990209579e+00 1.275773644447e+00 1.211588025093e+00 1.274344325066e+00 1.392985463142e+00 1.622041344643e+00 1.236716389656e+00 9.300451278687e-01 8.009357452393e-01 7.790560126305e-01 8.393563628197e-01 9.055386185646e-01 8.819812536240e-01 7.450895905495e-01 5.650037527084e-01 4.065984785557e-01 3.003554642200e-01 2.816428840160e-01 2.982636094093e-01 3.056614696980e-01 2.990131974220e-01 2.855768203735e-01 2.787057757378e-01 2.979904711246e-01 3.194345533848e-01 3.268492817879e-01 3.099874258041e-01 2.763634026051e-01 2.271229326725e-01
1.796627163887e+00 2.469971895218e+00 4.138191699982e+00 5.285315990448e+00 6.904109001160e+00 9.127792358398e+00 9.000175476074e+00 1.791651153564e+01 1.036403656006e+01 1.419154548645e+01 4.032547950745e+00 2.668514728546e+00 2.430204629898e+00 1.972188115120e+00 1.478558063507e+00 1.058734178543e+00 8.922708034515e-01 7.289286255836e-01 6.362484693527e-01 5.859820842743e-01 5.262846350670e-01 4.865289628506e-01 4.623287916183e-01 4.714428186417e-01 5.292701125145e-01 6.147070527077e-01 6.660447120667e-01 6.724888682365e-01 7.696631550789e-01 8.381381630898e-01 8.937548398972e-01 9.369079470634e-01 9.989639520645e-01 1.030034184456e+00 9.921063184738e-01 8.565021157265e-01 6.585142016411e-01 4.674682915211e-01 3.309560120106e-01 3.089591562748e-01 2.926308810711e-01 2.858847379684e-01 2.761540412903e-01
6.497651100159e+00 2.370691061020e+00 2.911630392075e+00 5.553117752075e+00 3.459897756577e+00 3.656744718552e+00 3.536680984497e+01 3.164749526978e+01 2.729779243469e+01 3.805034637451e+01 3.385617017746e+00 3.573703289032e+00 2.870703697205e+00 2.210098266602e+00 1.759074211121e+00 1.020079255104e+00 8.564591407776e-01 4.460838794708e+00 5.732864856720e+00 7.791870832443e-01 1.013671636581e+00 9.365117549896e-01 6.898159384727e-01 4.424090981483e-01 3.214903473854e-01 3.256512284279e-01 5.985555052757e-01 8.825330138206e-01 4.326079785824e-01 4.674255251884e-01 5.153142213821e-01 6.286467313766e-01 7.832415699959e-01 9.377274513245e-01 1.080955505371e+00 1.184713125229e+00 1.154841780663e+00 1.026085019112e+00 8.236750960350e-01 6.072731018066e-01 4.329437017441e-01 3.213186264038e-01 2.335329353809e-01
4.002924919128e+00 3.576862573624e+00 8.095770478249e-01 1.114488124847e+00 1.297466850281e+01 8.601826667786e+00 6.604326725006e+00 8.507139205933e+00 8.382060050964e+00 2.172963714600e+01 2.705559349060e+01 4.673743247986e+00 4.693235874176e+00 3.202642440796e+00 2.666959047318e+00 1.478797674179e+00 6.691998839378e-01 3.537140846252e+00 5.086113214493e-01 6.425163745880e-01 8.439123034477e-01 1.075503110886e+00 9.170315861702e-01 8.514013886452e-01 8.658217787743e-01 7.419169545174e-01 7.156243324280e-01 5.000053644180e-01 3.004582524300e-01 3.265461921692e-01 3.565489947796e-01 3.983313441277e-01 4.551401138306e-01 5.331777930260e-01 6.155730485916e-01 6.970320343971e-01 7.372422218323e-01 7.331778407097e-01 7.927120327950e-01 7.800356149673e-01 7.191640138626e-01 6.595436334610e-01 5.588983893394e-01
9.498778581619e-01 1.836759686470e+00 4.448797702789e+00 7.943715572357e+00 3.345187664032e+00 2.033280372620e+00 2.908019542694e+00 3.434532642365e+00 4.277966976166e+00 5.921893119812e+00 1.243315124512e+01 1.913789176941e+01 4.000950336456e+00 3.085008859634e+00 2.029514789581e+00 6.386026740074e-01 8.309798240662e-01 1.966156005859e+00 3.110873103142e-01 3.456477522850e-01 5.074023008347e-01 8.728603124619e-01 6.388424038887e-01 4.826675951481e-01 3.891451358795e-01 4.860412180424e-01 6.082475185394e-01 5.840291976929e-01 5.115853548050e-01 3.694071173668e-01 2.496994584799e-01 2.750124335289e-01 2.982097268105e-01 3.232128620148e-01 3.527706861496e-01 3.900168836117e-01 4.404394328594e-01 4.940238595009e-01 5.499994158745e-01 5.727292895317e-01 5.987864732742e-01 7.018424272537e-01 7.506653666496e-01
8.560813069344e-01 2.661319971085e+00 7.397829532623e+00 4.348774433136e+00 1.236875891685e+00 1.109794855118e+00 1.098926424980e+00 1.495024681091e+00 4.913124442101e-01 8.233986854553e+00 1.580739116669e+01 3.905159378052e+01 3.900731801987e+00 2.742368936539e+00 3.965869426727e+00 8.209428191185e-01 1.674435257912e+00 4.989452362061e-01 2.549449205399e-01 5.728265643120e-01 7.355136275291e-01 1.663013100624e+00 1.256623864174e+00 8.494074344635e-01 5.879418253899e-01 3.699166774750e-01 4.217784404755e-01 4.370717406273e-01 3.872298896313e-01 4.232621788979e-01 4.237421751022e-01 3.374418914318e-01 2.373694032431e-01 2.053647488356e-01 2.111204415560e-01 2.248580157757e-01 2.530353963375e-01 2.870001494884e-01 3.303543627262e-01 3.743822276592e-01 4.167295098305e-01 4.599022567272e-01 4.960412681103e-01
1.070927023888e+00 1.628515720367e+00 1.097163677216e+01 1.338199138641e+01 7.088404178619e+00 7.254751324654e-01 5.563797354698e-01 9.070267081261e-01 1.130690813065e+00 1.643443346024e+00 1.171478152275e+00 6.813121318817e+00 1.657255554199e+01 2.220792770386e+01 6.395851135254e+00 2.643001079559e+00 2.968622684479e+00 9.225134253502e-01 8.420385718346e-01 3.058149814606e+00 8.953151106834e-01 5.111362934113e+00 1.621245265007e+00 1.433794617653e+00 1.441741704941e+00 6.687390804291e-01 4.016545414925e-01 4.228657782078e-01 4.781367778778e-01 3.852458596230e-01 2.315452098846e-01 3.270183801651e-01 3.354567587376e-01 3.187575340271e-01 3.123289346695e-01 2.487473189831e-01 2.022321820259e-01 1.814111322165e-01 2.243044823408e-01 2.369590997696e-01 2.578928172588e-01 2.953091859818e-01 3.364592790604e-01
2.132186651230e+00 1.522194147110e+00 9.237209558487e-01 5.242143154144e+00 3.258421659470e+00 5.352303385735e-01 4.541487097740e-01 5.362716913223e-01 6.404682993889e-01 7.471851110458e-01 6.055404543877e-01 5.622950792313e-01 9.959996938705e-01 4.251084327698e+00 1.256223773956e+01 8.696853637695e+00 3.296916007996e+00 1.593130588531e+00 9.805890321732e-01 2.202268362045e+00 1.152838706970e+00 4.054834842682e-01 3.697451949120e-01 3.352358341217e-01 7.021265029907e-01 1.173083186150e+00 8.932369947433e-01 5.571810603142e-01 4.928465187550e-01 4.488810598850e-01 4.660278558731e-01 4.027434587479e-01 2.703757882118e-01 2.789144515991e-01 3.145100176334e-01 2.742942869663e-01 2.342073470354e-01 1.970184594393e-01 1.530314981937e-01 1.783303618431e-01 1.888363957405e-01 1.847585737705e-01 2.016424685717e-01
1.464604854584e+00 8.891621828079e-01 4.946009218693e-01 7.531923651695e-01 6.337298750877e-01 4.615036249161e-01 4.096540212631e-01 4.106161892414e-01 4.530516564846e-01 4.301140904427e-01 3.707061707973e-01 3.687315285206e-01 3.227286338806e-01 4.351438045502e+00 7.000626087189e+00 7.415245056152e+00 3.153741359711e+00 2.323300600052e+00 4.748185157776e+00 1.190143108368e+00 8.333943486214e-01 4.071249663830e-01 1.105092883110e+00 7.607176303864e-01 9.812117815018e-01 9.783807992935e-01 9.123723506927e-01 8.540511131287e-01 7.961382865906e-01 7.508209347725e-01 7.932268977165e-01 9.652706384659e-01 8.232705593109e-01 3.317824602127e-01 1.885592788458e-01 1.990020275116e-01 1.841071248055e-01 1.584135740995e-01 1.325308829546e-01 1.245543211699e-01 1.361298114061e-01 1.414114981890e-01 1.443784832954e-01
