100/SI/f4_max.grd
DSAA
101	101
32.816463539100	34.260883539100
35.556306596100	36.727886596100
1.832664944232e-02	4.109201660156e+02
[rows 38 to 56 of 101, columns 43 to 85 of 101]
5.852156639099e+00 8.761796951294e+00 9.405692100525e+00 5.481527805328e+00 9.362783432007e+00 4.540040016174e+00 3.662257671356e+00 4.669032573700e+00 5.389654636383e+00 4.311820983887e+00 6.395218849182e+00 3.319708824158e+00 2.578209638596e+00 3.048186779022e+00 4.551176548004e+00 3.347095489502e+00 2.789665937424e+00 1.573671936989e+00 2.744752407074e+00 4.163524150848e+00 4.242100715637e+00 3.251275539398e+00 2.242192983627e+00 1.773965358734e+00 1.526268959045e+00 1.352538585663e+00 1.230220437050e+00 1.259493708611e+00 1.120164155960e+00 8.411953449249e-01 8.006883263588e-01 8.678976893425e-01 9.879283905029e-01 1.016069293022e+00 1.030472040176e+00 1.032673120499e+00 1.017003536224e+00 9.394246935844e-01 8.344767093658e-01 7.643152475357e-01 8.464876413345e-01 8.558128476143e-01 7.011260390282e-01
5.861916542053e+00 1.164327621460e+01 6.527975559235e+00 1.052229976654e+01 7.581181526184e+00 1.055995273590e+01 7.268963336945e+00 5.368387222290e+00 5.602757453918e+00 3.793965816498e+00 7.260781288147e+00 3.318697929382e+00 2.173887014389e+00 3.301939487457e+00 6.047685146332e+00 2.802741765976e+00 4.071369647980e+00 6.359975814819e+00 5.699799060822e+00 3.861284971237e+00 2.605447053909e+00 1.769539356232e+00 1.528159856796e+00 1.457336783409e+00 1.467646241188e+00 1.403378963470e+00 1.230584025383e+00 1.073959350586e+00 9.692745804787e-01 1.013653039932e+00 1.113051891327e+00 1.045927643776e+00 8.590248227119e-01 6.960515975952e-01 6.909841299057e-01 6.855709552765e-01 7.026718854904e-01 7.545021772385e-01 8.225309252739e-01 9.059437513351e-01 9.753846526146e-01 9.230160117149e-01 9.527152776718e-01
7.746737003326e+00 5.438961505890e+00 1.024523544312e+01 8.006655693054e+00 8.145976066589e+00 1.113381385803e+01 5.066304206848e+00 6.189028739929e+00 3.716872930527e+00 4.625386238098e+00 7.771053791046e+00 4.404683113098e+00 3.688458681107e+00 4.023632526398e+00 4.840416908264e+00 7.816938877106e+00 5.333712577820e+00 2.699616670609e+00 2.522230625153e+00 1.773607969284e+00 1.172711253166e+00 1.634788751602e+00 2.360696554184e+00 2.025450944901e+00 1.460124731064e+00 1.387612819672e+00 1.357142686844e+00 1.251712560654e+00 1.081507444382e+00 1.005914092064e+00 1.006687045097e+00 1.048690676689e+00 1.003748059273e+00 9.335942268372e-01 8.869015574455e-01 8.566058874130e-01 8.271285295486e-01 7.634523510933e-01 9.283812642097e-01 1.111509561539e+00 9.621193408966e-01 8.834788799286e-01 7.646266818047e-01
9.022610664368e+00 7.880456924438e+00 1.336785697937e+01 1.038965988159e+01 1.056759929657e+01 1.168102169037e+01 7.902324199677e+00 5.340400695801e+00 5.643228530884e+00 6.475921630859e+00 7.314146041870e+00 6.260979652405e+00 4.052309036255e+00 8.860839843750e+00 5.713861465454e+00 3.334100484848e+00 2.849947929382e+00 2.225191116333e+00 2.027044057846e+00 3.366188049316e+00 3.629970312119e+00 1.966785669327e+00 2.820145606995e+00 2.377237081528e+00 2.116675138474e+00 1.846897363663e+00 1.617833852768e+00 1.460503935814e+00 1.358132719994e+00 1.357839345932e+00 2.539905309677e+00 1.079772949219e+00 9.619274139404e-01 9.106265902519e-01 1.127660751343e+00 1.406522393227e+00 1.032465696335e+00 1.182054162025e+00 1.297190427780e+00 1.422795772552e+00 1.436003088951e+00 1.404954910278e+00 1.290586829185e+00
8.595541954041e+00 1.135022163391e+01 9.134764671326e+00 1.026864433289e+01 9.720757484436e+00 1.225758838654e+01 1.672303581238e+01 8.430667877197e+00 7.097240447998e+00 9.700502395630e+00 6.302933692932e+00 8.383817672729e+00 9.454492568970e+00 5.247634887695e+00 4.605907440186e+00 5.252098083496e+00 5.291593551636e+00 5.790081977844e+00 4.558661460876e+00 2.596029758453e+00 2.937150239944e+00 2.873179197311e+00 2.318298339844e+00 2.087203741074e+00 1.744395494461e+00 1.724514603615e+00 2.130827903748e+00 3.682999134064e+00 4.418490409851e+00 3.917331218719e+00 1.933212399483e+00 1.309682846069e+00 1.243205785751e+00 1.321350455284e+00 1.589819312096e+00 1.364818453789e+00 1.506035923958e+00 1.348925471306e+00 1.061669230461e+00 1.321077823639e+00 1.578866958618e+00 1.576374769211e+00 1.516695499420e+00
9.419450759888e+00 1.481580543518e+01 2.328476333618e+01 1.526471614838e+01 2.212043190002e+01 1.268587779999e+01 2.619211196899e+01 8.151672363281e+00 1.506482124329e+01 1.211641693115e+01 7.760512828827e+00 9.695824623108e+00 5.471358299255e+00 5.737266540527e+00 8.694262504578e+00 7.197715759277e+00 4.460853099823e+00 3.353982210159e+00 6.066632747650e+00 5.239597320557e+00 2.804514646530e+00 2.475723981857e+00 2.543093681335e+00 4.630461692810e+00 5.692554950714e+00 5.029073238373e+00 3.284454345703e+00 1.894262075424e+00 2.058705568314e+00 1.276612281799e+00 1.229965806007e+00 1.448323965073e+00 1.800857186317e+00 1.616934418678e+00 1.737786769867e+00 1.846788048744e+00 2.188359975815e+00 1.957125186920e+00 1.403655171394e+00 1.375402569771e+00 1.718803405762e+00 1.887955784798e+00 1.991925358772e+00
1.274107837677e+01 1.614454269409e+01 1.868343353271e+01 2.362339782715e+01 1.900335311890e+01 1.623119735718e+01 3.072119903564e+01 1.261577224731e+01 1.554058742523e+01 1.287905120850e+01 1.150169467926e+01 5.826208591461e+00 7.385139465332e+00 9.233867645264e+00 7.221445083618e+00 5.144589424133e+00 7.745448112488e+00 7.221576690674e+00 5.969209194183e+00 7.554070949554e+00 7.647180080414e+00 6.630559921265e+00 4.742985725403e+00 2.220327377319e+00 2.620267391205e+00 2.365021467209e+00 2.052850008011e+00 2.118406295776e+00 2.221890211105e+00 2.017757415771e+00 1.750861644745e+00 1.494625687599e+00 1.746063470840e+00 1.467934846878e+00 2.107620716095e+00 2.575868368149e+00 2.415457010269e+00 1.779802918434e+00 1.078924655914e+00 7.664874792099e-01 1.027027606964e+00 1.179717779160e+00 1.241215944290e+00
8.660390853882e+00 1.674090957642e+01 2.019013595581e+01 2.017193984985e+01 2.808471107483e+01 1.845030021667e+01 3.130349731445e+01 1.889278602600e+01 1.402885055542e+01 1.389663410187e+01 1.297711944580e+01 8.256824493408e+00 6.974378108978e+00 7.752344131470e+00 5.989435195923e+00 8.596611976624e+00 1.109121131897e+01 7.635121822357e+00 4.231418132782e+00 4.232948780060e+00 4.545289039612e+00 2.859043836594e+00 2.483641862869e+00 2.416687250137e+00 2.417906522751e+00 2.201127052307e+00 2.260288715363e+00 2.223350763321e+00 1.862990617752e+00 2.227886915207e+00 1.922965049744e+00 1.756115794182e+00 1.132778406143e+00 1.760339856148e+00 2.100737094879e+00 1.992038369179e+00 1.392097592354e+00 9.404900074005e-01 1.151164054871e+00 1.082824349403e+00 8.674063682556e-01 9.284384846687e-01 1.003592014313e+00
1.525779724121e+01 2.019535636902e+01 2.062787437439e+01 2.578793525696e+01 3.042877388000e+01 3.585702896118e+01 3.137252235413e+01 6.333243942261e+01 2.412308883667e+01 1.573779010773e+01 1.515860366821e+01 1.051705360413e+01 1.068008804321e+01 1.342113780975e+01 1.532437419891e+01 7.217961311340e+00 7.792403221130e+00 8.089166641235e+00 5.235909461975e+00 4.980006217957e+00 4.933548927307e+00 4.692636489868e+00 4.146385669708e+00 3.601834297180e+00 5.412103176117e+00 4.789100170135e+00 2.694194078445e+00 2.461966276169e+00 2.466653347015e+00 2.083296060562e+00 1.819705843925e+00 1.694256663322e+00 1.697567224503e+00 1.806129455566e+00 1.679564833641e+00 1.319921374321e+00 1.174930453300e+00 1.132367253304e+00 1.103839635849e+00 1.092096328735e+00 1.075614452362e+00 1.066163063049e+00 1.045109987259e+00
1.086789608002e+01 2.882292747498e+01 1.926575851440e+01 2.621084022522e+01 4.466415786743e+01 3.576554107666e+01 3.966968536377e+01 4.632325744629e+01 2.476953315735e+01 1.807116699219e+01 2.830638694763e+01 1.931693649292e+01 2.397009277344e+01 1.729143142700e+01 1.446493339539e+01 1.261209297180e+01 1.071958065033e+01 9.276323318481e+00 8.189559936523e+00 8.735139846802e+00 1.020593261719e+01 4.253647804260e+00 3.256388902664e+00 2.969691514969e+00 3.921886444092e+00 2.940806627274e+00 2.543189287186e+00 2.970640659332e+00 2.379388332367e+00 1.827803373337e+00 1.756209731102e+00 1.783890724182e+00 1.888106822968e+00 1.614683747292e+00 1.236255645752e+00 1.466763019562e+00 1.389140844345e+00 1.061978459358e+00 1.125187039375e+00 1.191164612770e+00 1.099249243736e+00 1.126393675804e+00 1.183073997498e+00
2.713353347778e+01 3.332139968872e+01 3.398842239380e+01 3.710003662109e+01 4.361602783203e+01 6.846960449219e+01 8.607111358643e+01 4.757637023926e+01 3.379496765137e+01 1.880693817139e+01 3.418674850464e+01 3.167693710327e+01 1.174387168884e+01 1.383826065063e+01 1.518623256683e+01 8.253159523010e+00 7.928722381592e+00 8.059037208557e+00 8.878913879395e+00 1.044270610809e+01 8.041207313538e+00 4.797649383545e+00 4.757419586182e+00 4.039478302002e+00 3.370571613312e+00 3.029491901398e+00 2.945538759232e+00 2.923494100571e+00 2.430196285248e+00 1.688568949699e+00 1.454850196838e+00 1.593596220016e+00 1.791423201561e+00 1.842949151993e+00 1.703499674797e+00 1.630796074867e+00 1.453624725342e+00 1.281285405159e+00 1.395709872246e+00 1.429061770439e+00 1.279374837875e+00 1.172570824623e+00 1.133090138435e+00
1.804458808899e+01 3.220696258545e+01 3.240348052979e+01 4.107255935669e+01 4.489297485352e+01 4.028884124756e+01 4.218476867676e+01 7.426706695557e+01 6.330776214600e+01 8.196144104004e+01 2.426711845398e+01 2.918352127075e+01 3.539649200439e+01 1.493103122711e+01 1.087117958069e+01 7.065077304840e+00 6.288421630859e+00 4.958333969116e+00 4.722717285156e+00 4.028286933899e+00 3.430631160736e+00 3.885637998581e+00 4.788622379303e+00 5.509727001190e+00 5.639123439789e+00 4.947361946106e+00 3.571382761002e+00 2.472151756287e+00 2.137191057205e+00 2.329124450684e+00 2.485297441483e+00 2.606738567352e+00 2.781232357025e+00 2.870150089264e+00 2.767388105392e+00 2.391798734665e+00 1.840706706047e+00 1.307631611824e+00 1.368947744370e+00 1.450352907181e+00 1.645597338676e+00 2.066726446152e+00 2.346197366714e+00
4.217422866821e+01 1.003682231903e+01 1.567908763885e+01 7.018840789795e+01 3.335221099854e+01 3.895278167725e+01 1.055393981934e+02 1.759640350342e+02 2.094331665039e+02 4.109201660156e+02 3.236006164551e+01 4.252862548828e+01 6.161002349854e+01 4.516637420654e+01 2.940949249268e+01 1.353404521942e+01 6.361522197723e+00 2.754581642151e+01 3.540361785889e+01 5.963749885559e+00 7.763956546783e+00 7.190299510956e+00 5.306280136108e+00 3.409758329391e+00 3.644684314728e+00 3.446222543716e+00 4.456892013550e+00 6.637390613556e+00 3.078115463257e+00 1.811010003090e+00 1.678728818893e+00 2.043695211411e+00 2.179185628891e+00 2.611426353455e+00 3.013528823853e+00 3.306568861008e+00 3.227044105530e+00 2.870401382446e+00 2.306315660477e+00 1.701630234718e+00 1.213729023933e+00 9.892483949661e-01 9.636948108673e-01
1.499106597900e+01 3.068235588074e+01 7.698370456696e+00 8.526760101318e+00 7.971946716309e+01 1.036232223511e+02 8.002599334717e+01 1.134729309082e+02 1.136511154175e+02 1.656589965820e+02 2.293685913086e+02 4.112719345093e+01 5.643222808838e+01 3.420522308350e+01 2.407501983643e+01 1.363348197937e+01 6.223614692688e+00 3.302973556519e+01 4.596928119659e+00 7.154090404510e+00 2.276463127136e+01 1.010336685181e+01 8.643165588379e+00 6.556208610535e+00 6.680213451385e+00 5.735038757324e+00 5.424759387970e+00 3.799734115601e+00 1.825342059135e+00 2.061191082001e+00 1.737739443779e+00 1.662279725075e+00 1.535814762115e+00 1.472046136856e+00 1.701648116112e+00 1.929725050926e+00 2.044597864151e+00 2.048788309097e+00 2.218071222305e+00 2.185194253922e+00 2.016597509384e+00 1.850669026375e+00 1.569001317024e+00
8.878146171570e+00 1.399588871002e+01 3.438279342651e+01 2.793590736389e+01 2.001878547668e+01 1.950393867493e+01 2.960634803772e+01 5.312719726562e+01 3.670864486694e+01 5.600784683228e+01 1.269117355347e+02 3.277282409668e+02 6.560821533203e+01 3.055127906799e+01 1.385238838196e+01 3.583186626434e+00 7.017458438873e+00 1.369859790802e+01 1.743271112442e+00 4.734086036682e+00 1.085311412811e+01 1.890442848206e+01 9.467698097229e+00 7.203870296478e+00 5.684025287628e+00 4.266702651978e+00 4.163466453552e+00 4.529960632324e+00 3.974674224854e+00 2.874349117279e+00 3.018741607666e+00 1.592280030251e+00 1.527164936066e+00 1.375202775002e+00 1.406696796417e+00 1.312005043030e+00 1.581266641617e+00 1.558093428612e+00 1.526189684868e+00 1.592535018921e+00 1.677388668060e+00 1.968530535698e+00 2.107488870621e+00
5.999477386475e+00 2.471860885620e+01 5.158917236328e+01 4.230253601074e+01 1.142749214172e+01 1.193126201630e+01 1.139780330658e+01 2.243855094910e+01 3.191569328308e+00 3.817410278320e+01 7.386559295654e+01 1.809214782715e+02 4.987969589233e+01 3.428368377686e+01 4.001570510864e+01 1.093869590759e+01 9.407312393188e+00 3.492399930954e+00 1.311220765114e+00 4.379023075104e+00 1.331935501099e+01 1.992241096497e+01 1.519351959229e+01 1.034401702881e+01 7.191212177277e+00 4.529231071472e+00 5.474305152893e+00 4.045801162720e+00 3.727466583252e+00 3.709194898605e+00 3.303382158279e+00 2.634230852127e+00 1.855250000954e+00 1.917351484299e+00 1.975162744522e+00 1.462902426720e+00 1.255944728851e+00 1.387814164162e+00 1.260955214500e+00 1.235752820969e+00 1.355720043182e+00 1.318543672562e+00 1.383213400841e+00
5.164556503296e+00 1.267956542969e+01 7.629788208008e+01 9.227790832520e+01 4.847910690308e+01 8.045597076416e+00 6.559014797211e+00 1.250082683563e+01 1.178768157959e+01 9.345351219177e+00 8.053589820862e+00 3.159218788147e+01 1.585660552979e+02 1.370840759277e+02 1.400612640381e+02 1.843857574463e+01 3.715868377686e+01 1.312586402893e+01 1.030669116974e+01 3.582904434204e+01 1.064811420441e+01 6.550808715820e+01 2.036865425110e+01 8.143571853638e+00 8.241232872009e+00 4.167685508728e+00 5.175131320953e+00 4.237646579742e+00 6.311391830444e+00 4.837858676910e+00 2.773206710815e+00 2.624855279922e+00 3.149632692337e+00 3.773956060410e+00 2.537959575653e+00 1.956130504608e+00 1.930354952812e+00 2.134645700455e+00 1.378919839859e+00 1.135892391205e+00 1.189463496208e+00 1.153043031693e+00 1.100763797760e+00
5.362324714661e+00 6.329166889191e+00 6.392538547516e+00 3.607854080200e+01 2.231695938110e+01 5.727333068848e+00 4.918672561646e+00 6.213897705078e+00 5.498162746429e+00 5.289504528046e+00 3.941203355789e+00 4.262397289276e+00 1.403231620789e+01 8.348645019531e+01 2.316785430908e+02 6.083563613892e+01 5.057631301880e+01 2.232145118713e+01 1.213567256927e+01 2.557413291931e+01 1.169860172272e+01 3.697817087173e+00 3.778302431107e+00 2.890861988068e+00 4.046100616455e+00 6.729245185852e+00 6.335456371307e+00 6.318622589111e+00 3.709203004837e+00 5.147548198700e+00 5.371637344360e+00 4.682662963867e+00 6.990994453430e+00 4.573141574860e+00 2.468955755234e+00 2.155373811722e+00 1.842146873474e+00 1.555624961853e+00 1.815821409225e+00 1.202058434486e+00 1.072814941406e+00 1.174239516258e+00 1.250658392906e+00
3.693172454834e+00 5.647184371948e+00 3.714371442795e+00 4.151540279388e+00 3.965139627457e+00 4.464293003082e+00 4.515182495117e+00 4.234718799591e+00 4.006567955017e+00 3.048709392548e+00 2.609258413315e+00 1.796984434128e+00 2.994956254959e+00 8.418844604492e+01 1.315690917969e+02 1.388525543213e+02 3.861684417725e+01 4.330666732788e+01 3.149465560913e+01 1.506371212006e+01 5.834747791290e+00 2.863783359528e+00 7.815381050110e+00 7.987565517426e+00 1.041751003265e+01 1.048480796814e+01 9.826446533203e+00 9.283719062805e+00 8.798228263855e+00 8.390473365784e+00 8.928861618042e+00 1.093857383728e+01 9.350135803223e+00 3.826281309128e+00 1.558260321617e+00 1.904930591583e+00 2.086470127106e+00 1.441052794456e+00 1.238248705864e+00 8.753750920296e-01 1.018562674522e+00 1.015842437744e+00 8.067177534103e-01
