100/SI/f4_max.grd
DSAA
101	101
32.816463539100	34.260883539100
35.556306596100	36.727886596100
1.832664944232e-02	4.109201660156e+02
[rows 57 to 75 of 101, columns 43 to 85 of 101]
5.048192024231e+00 4.742355346680e+00 2.807244539261e+00 2.251157045364e+00 2.228304147720e+00 3.188464164734e+00 3.944514989853e+00 5.308505058289e+00 4.741878986359e+00 3.140426158905e+00 1.608974575996e+00 1.351355433464e+00 1.156111001968e+00 2.012274026871e+00 5.420460224152e+00 1.838946533203e+01 5.802001953125e+01 6.035034179688e+01 8.572054290771e+01 2.645272445679e+01 7.350479125977e+00 5.592298507690e+00 1.055463314056e+01 1.916397476196e+01 7.770093917847e+00 2.988850116730e+00 3.304934978485e+00 2.651005029678e+00 3.479642152786e+00 3.320703268051e+00 3.886943101883e+00 3.567875862122e+00 4.122414588928e+00 3.971901655197e+00 2.467533111572e+00 1.391437649727e+00 1.690250992775e+00 2.633200168610e+00 3.303451776505e+00 2.390400648117e+00 9.960791468620e-01 7.990498542786e-01 7.324162125587e-01
6.481018066406e+00 6.347180366516e+00 3.537905216217e+00 1.745510339737e+00 1.728954672813e+00 2.399231433868e+00 4.996431827545e+00 1.802560806274e+01 1.393248748779e+01 3.644825935364e+00 1.520481824875e+00 1.012488245964e+00 1.129878997803e+00 1.627805590630e+00 1.446426391602e+00 1.393055629730e+01 1.971095657349e+01 1.858876800537e+01 1.468606758118e+01 1.636921501160e+01 1.207049560547e+01 9.162759780884e+00 7.070983886719e+00 4.189735889435e+00 9.085026741028e+00 1.158657455444e+01 3.578059673309e+00 3.669316768646e+00 4.048908233643e+00 2.291525363922e+00 3.021340131760e+00 3.054666996002e+00 2.619034528732e+00 2.349052190781e+00 2.387886285782e+00 1.774628758430e+00 1.734482645988e+00 1.754569530487e+00 1.724350929260e+00 1.579920768738e+00 1.640166997910e+00 1.720333099365e+00 1.610406279564e+00
6.230598449707e+00 6.514358043671e+00 3.901303768158e+00 1.691230416298e+00 1.950545907021e+00 2.638169527054e+00 7.109252929688e+00 1.824273681641e+01 1.567371845245e+01 4.745005607605e+00 1.597787141800e+00 9.049609303474e-01 6.519085168839e-01 1.583422303200e+00 2.044606447220e+00 8.701900839806e-01 1.762325763702e+00 2.417740821838e+00 2.489930152893e+00 2.319810390472e+00 2.713703632355e+00 3.383725643158e+00 2.106381893158e+00 2.116193056107e+00 5.198017597198e+00 2.410714530945e+01 1.133302402496e+01 4.613568782806e+00 4.963518142700e+00 4.522098541260e+00 3.068114280701e+00 2.527496576309e+00 2.405937433243e+00 2.323183536530e+00 3.261931657791e+00 2.811413288116e+00 2.332081317902e+00 1.460821747780e+00 1.298806667328e+00 1.090995550156e+00 1.036004066467e+00 9.147703647614e-01 9.076570868492e-01
4.997065544128e+00 5.285244464874e+00 3.197941541672e+00 1.962592959404e+00 3.486215353012e+00 3.497029781342e+00 1.531483554840e+01 1.572190761566e+01 2.297684288025e+01 3.381619691849e+00 1.401806354523e+00 8.733044862747e-01 5.911905765533e-01 6.978530287743e-01 2.102281332016e+00 2.565680027008e+00 9.583684206009e-01 1.620327472687e+00 2.213114261627e+00 2.110262393951e+00 1.710699677467e+00 3.221194505692e+00 2.297972202301e+00 1.620541930199e+00 4.410602569580e+00 1.094274902344e+01 5.936272048950e+01 3.813571929932e+00 4.175168514252e+00 4.463961124420e+00 3.658736944199e+00 2.916467428207e+00 1.929515361786e+00 2.471894025803e+00 2.003997087479e+00 1.763732910156e+00 1.462686896324e+00 1.209237337112e+00 1.136831760406e+00 1.087944746017e+00 1.163336038589e+00 1.599789857864e+00 2.334816455841e+00
3.747139453888e+00 3.520751476288e+00 1.844286918640e+00 1.706813812256e+00 2.777934551239e+00 4.562780857086e+00 1.387776947021e+01 2.443080139160e+01 9.385715484619e+00 1.596443891525e+00 1.034656882286e+00 7.442824840546e-01 6.285883784294e-01 1.088465094566e+00 1.332388877869e+00 2.590233564377e+00 2.727054595947e+00 1.141229867935e+00 1.563736438751e+00 2.136335849762e+00 1.795178890228e+00 1.970208525658e+00 1.642690181732e+00 2.212114810944e+00 3.010286808014e+00 9.275338172913e+00 2.317868232727e+01 4.619615554810e+00 3.566785573959e+00 2.848153591156e+00 2.199087858200e+00 3.019314765930e+00 2.045209646225e+00 1.437319755554e+00 1.791528344154e+00 1.909960389137e+00 1.729194760323e+00 3.612355232239e+00 2.722824096680e+00 1.494809269905e+00 1.278639793396e+00 1.375564694405e+00 1.589131474495e+00
2.896915912628e+00 2.117427110672e+00 1.381116151810e+00 3.145569801331e+00 5.991267681122e+00 1.344444084167e+01 1.982056236267e+01 1.157528591156e+01 1.271205425262e+00 1.078374743462e+00 7.382255792618e-01 5.824958086014e-01 9.540666341782e-01 1.523861050606e+00 1.557197690010e+00 1.113164782524e+00 2.834438085556e+00 2.393772840500e+00 1.860814452171e+00 1.552451848984e+00 1.898366093636e+00 1.605241894722e+00 1.178105950356e+00 1.641160011292e+00 3.668216228485e+00 9.613673210144e+00 1.177952575684e+01 1.209218597412e+01 5.649368762970e+00 2.390140295029e+00 2.938391685486e+00 1.835353851318e+00 2.192127704620e+00 1.697363853455e+00 2.022654294968e+00 2.212319374084e+00 4.223081111908e+00 1.431752014160e+01 1.575864076614e+00 1.522922754288e+00 1.566516399384e+00 1.539242744446e+00 1.486789107323e+00
2.234982013702e+00 1.222527742386e+00 1.144304513931e+00 1.446818351746e+00 2.505288362503e+00 1.550232219696e+01 1.014487266541e+01 1.560169696808e+00 1.330406546593e+00 1.178770303726e+00 6.651836037636e-01 7.615016698837e-01 1.328456401825e+00 1.804198384285e+00 1.478176116943e+00 9.327037334442e-01 1.401991128922e+00 3.113012313843e+00 2.017839908600e+00 1.665484786034e+00 1.470545887947e+00 1.601090908051e+00 1.487422943115e+00 1.750535249710e+00 5.465040206909e+00 1.084398841858e+01 6.411090850830e+00 8.107698440552e+00 6.511440753937e+00 3.572579860687e+00 5.206059455872e+00 3.026645421982e+00 1.501403570175e+00 2.159551382065e+00 1.783877491951e+00 1.459235310555e+00 3.214441537857e+00 1.616921305656e+00 1.315237402916e+00 1.122363686562e+00 1.153290987015e+00 1.286082863808e+00 1.385910034180e+00
1.843297123909e+00 9.056472182274e-01 9.271807670593e-01 1.173596024513e+00 1.360257387161e+00 1.536694884300e+00 1.699048995972e+00 1.158802151680e+00 1.541710853577e+00 1.069653272629e+00 8.158027529716e-01 1.007958173752e+00 1.576585292816e+00 1.647397518158e+00 1.035496711731e+00 1.092416167259e+00 1.597360610962e+00 1.851002573967e+00 3.119510412216e+00 1.493562817574e+00 1.179120302200e+00 1.462691307068e+00 1.620137572289e+00 1.442092180252e+00 4.047805786133e+00 2.493300914764e+00 2.511753559113e+00 3.752246618271e+00 8.610089302063e+00 1.290386581421e+01 1.684726476669e+00 2.053606033325e+00 3.843765497208e+00 4.694194316864e+00 1.674303650856e+00 1.719231963158e+00 4.145681381226e+00 4.674705982208e+00 5.753510951996e+00 3.981964111328e+00 1.184999942780e+00 8.139073371887e+00 1.024003505707e+01
1.199332356453e+00 6.439290642738e-01 7.680969834328e-01 9.426122307777e-01 1.013720035553e+00 9.159297347069e-01 9.688830375671e-01 1.343300700188e+00 1.812851428986e+00 1.005023360252e+00 1.063946127892e+00 1.329954385757e+00 1.656472086906e+00 1.273261904716e+00 8.544163107872e-01 1.067358255386e+00 1.475470066071e+00 1.526896119118e+00 2.538740634918e+00 2.354498386383e+00 8.158811926842e-01 9.757575392723e-01 1.339160561562e+00 1.541146755219e+00 1.142522096634e+00 1.378440856934e+00 1.667822122574e+00 3.092782020569e+00 5.316359043121e+00 6.969026565552e+00 9.344541549683e+00 2.413062810898e+00 1.873936772346e+00 1.316046237946e+01 2.109446525574e+00 1.154379010201e+00 4.031919956207e+00 9.451680183411e+00 1.029275035858e+01 9.087793350220e+00 8.978119850159e+00 1.246356773376e+01 1.450778007507e+01
6.349853277206e-01 4.925411641598e-01 5.543400645256e-01 6.674073934555e-01 7.196617126465e-01 6.396389603615e-01 9.465225934982e-01 2.103720188141e+00 1.363159418106e+00 1.255383729935e+00 1.174245476723e+00 1.614660501480e+00 1.485284328461e+00 8.498831987381e-01 7.276222705841e-01 9.133466482162e-01 1.180498361588e+00 1.085679888725e+00 1.748906135559e+00 2.702443599701e+00 1.907224893570e+00 6.630061864853e-01 1.088036298752e+00 1.352462649345e+00 1.367339730263e+00 2.245855331421e+00 3.086971521378e+00 3.895216464996e+00 5.462960720062e+00 6.906096458435e+00 1.385185241699e+01 2.968584299088e+00 1.899842023849e+00 1.090084362030e+01 2.742846012115e+00 2.316739320755e+00 1.490198969841e+00 1.176823616028e+00 1.438508868217e+00 7.415987849236e-01 3.839778900146e+00 1.306853294373e+00 1.561326742172e+00
4.775287508965e-01 4.636721313000e-01 4.868471026421e-01 4.599784016609e-01 5.092073082924e-01 7.420774698257e-01 2.451044082642e+00 2.344163894653e+00 1.079704523087e+00 1.122609972954e+00 1.641903281212e+00 1.670685410500e+00 1.078175425529e+00 5.141777396202e-01 4.325706660748e-01 6.623514890671e-01 8.308081626892e-01 9.076669216156e-01 1.427541494370e+00 1.618806004524e+00 2.453476190567e+00 1.354462623596e+00 9.257828593254e-01 1.031040549278e+00 1.356094717979e+00 2.030781269073e+00 4.338895320892e+00 5.752825260162e+00 8.087767601013e+00 4.248391628265e+00 1.366833591461e+01 4.282168865204e+00 7.322774887085e+00 9.242637634277e+00 1.781323552132e+00 1.475393772125e+00 2.209915637970e+00 2.010814428329e+00 1.388417124748e+00 1.076312065125e+00 2.204393386841e+00 8.322631120682e-01 7.836088538170e-01
4.221056997776e-01 4.429424405098e-01 4.407025277615e-01 4.145453274250e-01 6.313711404800e-01 2.593956947327e+00 2.964255332947e+00 9.954857230186e-01 1.059352874756e+00 1.562982320786e+00 1.762971282005e+00 1.273591399193e+00 6.590988039970e-01 4.609389007092e-01 4.502742290497e-01 6.134612560272e-01 7.969983816147e-01 9.043534398079e-01 9.910306334496e-01 1.664510250092e+00 1.387935280800e+00 1.975807070732e+00 9.796368479729e-01 7.923240661621e-01 1.080929756165e+00 1.755908131599e+00 3.118934392929e+00 3.655751705170e+00 5.017592906952e+00 2.841484069824e+00 6.595338821411e+00 6.385168075562e+00 1.059199142456e+01 5.619735717773e+00 9.781025886536e+00 1.040592789650e+00 1.217956423759e+00 1.496212720871e+00 1.509954810143e+00 2.034550905228e+00 1.849016427994e+00 1.478497505188e+00 1.087834477425e+00
3.856613636017e-01 4.170060455799e-01 4.010191559792e-01 5.146767497063e-01 2.465936660767e+00 3.471096754074e+00 1.388167023659e+00 1.038214325905e+00 1.525303006172e+00 1.753798961639e+00 1.400742530823e+00 7.793294787407e-01 5.289754271507e-01 5.508779287338e-01 5.320273637772e-01 6.875879764557e-01 6.226761341095e-01 5.095607638359e-01 6.203967928886e-01 1.500478744507e+00 1.331971526146e+00 1.296775698662e+00 1.603805184364e+00 8.125669360161e-01 1.034001827240e+00 1.570608854294e+00 2.357488870621e+00 2.543544769287e+00 2.801973342896e+00 3.542762517929e+00 7.101131916046e+00 1.086547183990e+01 6.143793582916e+00 1.297854900360e+01 4.888030052185e+00 2.643698215485e+00 1.305779576302e+00 1.828226447105e+00 1.037755012512e+00 1.173162460327e+00 7.286394834518e-01 1.272117614746e+00 1.163674354553e+00
3.438062965870e-01 3.716315031052e-01 4.092398285866e-01 2.010925769806e+00 3.628221035004e+00 1.831384778023e+00 8.670473694801e-01 1.286850333214e+00 1.550028800964e+00 1.329302072525e+00 8.464374542236e-01 7.724270820618e-01 6.521353125572e-01 7.050206065178e-01 1.037227630615e+00 9.781565070152e-01 8.097129464149e-01 8.090041875839e-01 6.574262976646e-01 1.115263700485e+00 1.339873552322e+00 7.710191011429e-01 1.252023577690e+00 1.342646002769e+00 1.154493212700e+00 1.419478178024e+00 2.188691139221e+00 2.155285835266e+00 4.658417701721e+00 9.367645263672e+00 1.162788581848e+01 5.258662223816e+00 4.934480667114e+00 1.324488830566e+01 3.120226144791e+00 1.747599601746e+00 8.666458129883e-01 1.235916137695e+00 9.028283953667e-01 3.313581645489e-01 2.850179970264e-01 3.707100152969e-01 7.971894145012e-01
3.177534639835e-01 3.680331110954e-01 1.707044243813e+00 3.385298967361e+00 2.396254062653e+00 7.312787175179e-01 1.157727241516e+00 1.400191307068e+00 1.248203516006e+00 8.469250202179e-01 1.034745693207e+00 9.691619277000e-01 8.694730997086e-01 9.736918807030e-01 1.049060940742e+00 2.090511322021e+00 2.338288307190e+00 2.993236541748e+00 3.198962688446e+00 3.297566652298e+00 1.299603819847e+00 1.279905915260e+00 1.692010760307e+00 1.373485922813e+00 1.241387248039e+00 1.978935122490e+00 5.742362976074e+00 5.361709117889e+00 6.199329853058e+00 8.297641754150e+00 4.221763610840e+00 4.081120491028e+00 4.756957054138e+00 3.112462043762e+00 2.291613817215e+00 1.802846074104e+00 1.609278798103e+00 9.022641181946e-01 1.831689357758e+00 8.419260978699e-01 3.915112614632e-01 3.077442049980e-01 2.167744487524e-01
2.964092195034e-01 1.466200947762e+00 3.261285305023e+00 2.791273117065e+00 8.016614317894e-01 1.096890807152e+00 1.402249097824e+00 1.261695384979e+00 8.537830710411e-01 9.606378674507e-01 9.127802848816e-01 9.140014648438e-01 9.822781682014e-01 1.129092454910e+00 1.071790575981e+00 3.181764125824e+00 2.552217483521e+00 4.423741340637e+00 5.928133010864e+00 7.399342060089e+00 5.476536273956e+00 2.105920076370e+00 2.052508592606e+00 3.010877132416e+00 2.035767555237e+00 4.870846748352e+00 5.215034961700e+00 5.280836105347e+00 3.705595493317e+00 3.832044124603e+00 4.352219581604e+00 3.535416126251e+00 3.076904535294e+00 2.587147712708e+00 1.745121717453e+00 8.182980537415e+00 8.522473335266e+00 3.278332948685e+00 1.303107380867e+00 5.918289422989e-01 3.437529206276e-01 3.895695209503e-01 9.446570277214e-01
1.375309705734e+00 3.290569305420e+00 3.024197578430e+00 9.590935111046e-01 9.633065462112e-01 1.423330068588e+00 1.493476152420e+00 1.102856040001e+00 7.506803870201e-01 6.817649602890e-01 7.043586373329e-01 8.844512104988e-01 1.099719405174e+00 1.192575454712e+00 2.396079063416e+00 5.948116779327e+00 9.307182312012e+00 8.127800941467e+00 1.228314208984e+01 1.084691143036e+01 5.179328441620e+00 2.338560581207e+00 4.894642829895e+00 4.097253799438e+00 8.421701431274e+00 4.489937782288e+00 5.220640182495e+00 4.232977390289e+00 4.495418071747e+00 3.647637128830e+00 9.013756752014e+00 3.608921289444e+00 2.722622156143e+00 1.997593641281e+00 2.589836835861e+00 3.146277427673e+00 3.471372365952e+00 9.030528664589e-01 7.636274099350e-01 8.443126678467e-01 3.710837960243e-01 3.665392100811e-01 3.542220890522e-01
3.304583072662e+00 3.732152938843e+00 1.393129348755e+00 7.612361311913e-01 1.134636759758e+00 1.714693188667e+00 1.684433460236e+00 1.486044526100e+00 2.074536085129e+00 9.861976504326e-01 4.802969098091e-01 5.436325073242e-01 6.813944578171e-01 1.762734770775e+00 4.262217998505e+00 9.119332313538e+00 4.844616413116e+00 3.267709732056e+00 1.073151230812e+00 1.330452919006e+00 2.004867315292e+00 1.713991165161e+00 1.604539513588e+00 2.172204256058e+00 1.172370624542e+01 6.028595447540e+00 1.743748664856e+00 3.052304744720e+00 2.752773523331e+00 3.036694049835e+00 3.880011320114e+00 2.383318662643e+00 2.167282342911e+00 1.778693914413e+00 1.946041703224e+00 2.448014497757e+00 1.540478467941e+00 8.986742496490e-01 7.091189026833e-01 6.397130489349e-01 8.590583801270e-01 3.990584909916e-01 9.840724468231e-01
4.049458026886e+00 2.000611782074e+00 1.128818511963e+00 1.149492740631e+00 1.089570522308e+00 1.379097700119e+00 5.244513988495e+00 1.120251536369e+00 3.605637550354e+00 2.507467031479e+00 9.223432540894e-01 7.045860886574e-01 1.684895753860e+00 2.451503276825e+00 2.967072725296e+00 2.313420057297e+00 4.450642108917e+00 5.877585887909e+00 1.468014955521e+00 4.504824161530e+00 4.602751731873e+00 2.274419546127e+00 1.390712261200e+00 4.458398818970e+00 4.584765434265e+00 3.547549962997e+00 2.211372613907e+00 8.642601966858e-01 8.917826414108e-01 1.298946022987e+00 1.932264924049e+00 2.329421043396e+00 1.954242348671e+00 2.026007413864e+00 1.754112124443e+00 1.790982961655e+00 2.219789743423e+00 1.606028676033e+00 6.934772133827e-01 6.883466839790e-01 6.961461901665e-01 9.196475744247e-01 1.373649239540e+00
