100/SI/f4_max.grd
DSAA
101	101
32.816463539100	34.260883539100
35.556306596100	36.727886596100
1.832664944232e-02	4.109201660156e+02
[rows 0 to 18 of 101, columns 0 to 42 of 101]
5.543585866690e-02 9.906969964504e-02 8.778217434883e-02 7.481726258993e-02 6.553121656179e-02 6.764880567789e-02 1.347222626209e-01 1.877427697182e-01 1.678454279900e-01 1.001785248518e-01 5.167722702026e-02 5.963300913572e-02 6.385728716850e-02 6.204973161221e-02 5.415788665414e-02 9.450794756413e-02 1.420066654682e-01 1.643792241812e-01 1.171914711595e-01 1.151281446218e-01 1.767103970051e-01 2.426216751337e-01 2.473559826612e-01 1.681296825409e-01 8.392471075058e-02 1.145751476288e-01 1.369682997465e-01 1.487412750721e-01 2.535152137280e-01 2.020331621170e-01 1.522102952003e-01 1.430526077747e-01 1.241699382663e-01 9.854975342751e-02 7.055409252644e-02 1.008837074041e-01 7.553101330996e-02 9.356731921434e-02 1.314076930285e-01 1.474476307631e-01 1.350600123405e-01 8.271601796150e-02 7.879376411438e-02
1.026128306985e-01 1.936232894659e-01 1.898909211159e-01 1.334046274424e-01 1.440238207579e-01 1.307944357395e-01 2.592657506466e-01 3.584072887897e-01 3.169669806957e-01 1.846129447222e-01 1.177667155862e-01 1.035990342498e-01 1.100934445858e-01 1.052360832691e-01 9.276144951582e-02 1.405893564224e-01 2.237570136786e-01 2.928558290005e-01 2.644779682159e-01 1.878733187914e-01 2.917644381523e-01 4.263392984867e-01 4.814539253712e-01 3.645428419113e-01 1.947669833899e-01 2.237900048494e-01 2.514991462231e-01 2.620668113232e-01 4.820746481419e-01 3.753469884396e-01 2.474034577608e-01 2.242430597544e-01 1.887315511703e-01 1.415759772062e-01 1.416091918945e-01 1.889414638281e-01 1.489709913731e-01 2.082423567772e-01 2.620888650417e-01 2.626224756241e-01 2.708567380905e-01 1.492124050856e-01 1.630131602287e-01
1.004013866186e-01 2.060481607914e-01 2.309373766184e-01 1.977864503860e-01 1.625768691301e-01 1.557760834694e-01 2.999941706657e-01 4.074275493622e-01 3.489460051060e-01 1.911522597075e-01 1.600787043571e-01 1.317193657160e-01 1.365798413754e-01 1.265975981951e-01 1.042601540685e-01 9.979669004679e-02 1.470204144716e-01 2.195603102446e-01 2.510080337524e-01 2.100092172623e-01 2.860767841339e-01 4.391633570194e-01 5.628680586815e-01 5.043624043465e-01 3.179129064083e-01 2.781345546246e-01 2.886307537556e-01 2.862631678581e-01 5.618454813957e-01 4.209552705288e-01 2.397542446852e-01 2.056155502796e-01 2.582135796547e-01 1.374360024929e-01 1.408543735743e-01 2.129869163036e-01 2.466768622398e-01 3.028661310673e-01 3.167867660522e-01 2.786054611206e-01 3.097867071629e-01 1.384546309710e-01 1.827648729086e-01
8.924009650946e-02 1.963460743427e-01 2.337860763073e-01 2.389335483313e-01 1.920651346445e-01 1.834443062544e-01 3.135409653187e-01 4.168264865875e-01 3.371940255165e-01 1.641690284014e-01 1.928975731134e-01 1.690311878920e-01 1.454555988312e-01 1.293474733829e-01 1.032140925527e-01 1.019119098783e-01 1.228669807315e-01 1.616182178259e-01 1.958400905132e-01 2.141290903091e-01 4.063006937504e-01 4.621943533421e-01 5.604537129402e-01 5.998939871788e-01 4.605921804905e-01 2.906104624271e-01 2.779377102852e-01 2.703373730183e-01 5.627920031548e-01 4.092645049095e-01 2.020176500082e-01 1.497348248959e-01 2.976123690605e-01 1.582410335541e-01 1.920067816973e-01 2.713743746281e-01 3.356077969074e-01 3.392210602760e-01 2.870621085167e-01 2.795278131962e-01 3.339930772781e-01 2.007577717304e-01 1.675994396210e-01
8.730378746986e-02 1.878830790520e-01 2.223488092422e-01 2.456885725260e-01 2.350924462080e-01 2.007365971804e-01 3.199253976345e-01 4.163857102394e-01 3.160825669765e-01 1.400557905436e-01 1.653645485640e-01 2.061672061682e-01 1.672592014074e-01 1.480703502893e-01 1.359475553036e-01 1.148040294647e-01 1.200418919325e-01 1.555182039738e-01 1.848187893629e-01 3.364323377609e-01 5.648190379143e-01 5.078481435776e-01 5.172646045685e-01 6.450489759445e-01 5.941398143768e-01 4.349360466003e-01 2.797034680843e-01 2.690374553204e-01 5.326975584030e-01 3.855038583279e-01 2.167330086231e-01 1.695629507303e-01 3.172874152660e-01 2.149872332811e-01 3.015305399895e-01 3.608291149139e-01 3.647426962852e-01 2.987052798271e-01 2.054730653763e-01 2.764787971973e-01 3.604580163956e-01 2.674842476845e-01 1.726284772158e-01
8.138179779053e-02 1.639569997787e-01 1.980996727943e-01 2.164873182774e-01 2.401413023472e-01 2.126087546349e-01 3.196506798267e-01 4.029634296894e-01 2.848620712757e-01 1.428842544556e-01 1.552935689688e-01 1.748822033405e-01 2.179833948612e-01 1.735682785511e-01 1.561544686556e-01 1.290085613728e-01 1.183109134436e-01 1.402464210987e-01 2.643969357014e-01 4.796600639820e-01 6.572350263596e-01 5.017139911652e-01 4.491713047028e-01 6.365296840668e-01 6.842606663704e-01 5.802574753761e-01 4.270543754101e-01 2.786915302277e-01 4.764947891235e-01 3.441881239414e-01 2.190129011869e-01 1.765439957380e-01 3.678470253944e-01 3.216975033283e-01 3.817071616650e-01 3.773236870766e-01 3.132298588753e-01 2.101279646158e-01 2.354225516319e-01 3.203560709953e-01 3.895106613636e-01 3.102297484875e-01 1.677539646626e-01
1.025334820151e-01 1.821087300777e-01 1.683291494846e-01 1.666037589312e-01 2.073698937893e-01 2.207816541195e-01 3.146102428436e-01 3.851151466370e-01 2.556198835373e-01 1.832076013088e-01 1.692033708096e-01 1.925872117281e-01 1.951750218868e-01 2.273885011673e-01 1.544949114323e-01 1.574470996857e-01 1.518252938986e-01 1.831500977278e-01 3.568942248821e-01 5.731790065765e-01 6.807043552399e-01 4.583043158054e-01 3.685894012451e-01 5.700259804726e-01 6.988091468811e-01 6.786094903946e-01 5.581259131432e-01 4.087274074554e-01 5.645672082901e-01 3.805676698685e-01 2.428434044123e-01 2.221219539642e-01 4.039134979248e-01 3.770299553871e-01 3.769501149654e-01 3.130228817463e-01 2.182755470276e-01 2.357186228037e-01 3.399353027344e-01 4.210295975208e-01 4.233848154545e-01 3.115666806698e-01 1.773165613413e-01
1.040663942695e-01 2.081360816956e-01 2.150494605303e-01 1.556694209576e-01 1.871941238642e-01 2.229226082563e-01 3.102191686630e-01 3.764997124672e-01 2.380555868149e-01 2.363152354956e-01 1.910632252693e-01 2.039676159620e-01 1.972518563271e-01 2.091763913631e-01 2.366708964109e-01 2.027391046286e-01 2.259689867496e-01 2.417703568935e-01 4.375019669533e-01 6.219215989113e-01 6.681909561157e-01 4.119730591774e-01 3.579137921333e-01 6.127139329910e-01 6.417484879494e-01 7.087385654449e-01 6.501760482788e-01 6.118923425674e-01 7.910019755363e-01 4.462525248528e-01 2.653576433659e-01 2.751875817776e-01 3.988542258739e-01 3.461112678051e-01 3.038997054100e-01 2.524868547916e-01 2.297431975603e-01 3.340994417667e-01 4.403187334538e-01 4.771801829338e-01 4.351158142090e-01 3.673610389233e-01 1.836098134518e-01
9.848177433014e-02 1.968318074942e-01 2.447189688683e-01 2.227366119623e-01 1.751259267330e-01 2.160869985819e-01 3.068366348743e-01 3.732054531574e-01 2.366297096014e-01 2.735829949379e-01 2.231446802616e-01 2.045659869909e-01 1.872720867395e-01 1.633934527636e-01 2.311739921570e-01 2.431310862303e-01 2.923639118671e-01 2.901051640511e-01 4.828067421913e-01 6.125147342682e-01 6.064539551735e-01 3.576147854328e-01 3.224295973778e-01 5.858811736107e-01 5.344461202621e-01 6.559585332870e-01 6.621294617653e-01 7.891824245453e-01 9.231638908386e-01 4.916925132275e-01 2.405691146851e-01 2.623327672482e-01 4.045563936234e-01 2.830428481102e-01 3.335645496845e-01 2.754984796047e-01 3.422048091888e-01 4.476312100887e-01 5.144406557083e-01 4.771148562431e-01 4.539301097393e-01 4.560092985630e-01 1.869244873524e-01
1.415925174952e-01 2.491837739944e-01 2.307740151882e-01 2.613578438759e-01 2.229406535625e-01 1.931928992271e-01 3.075720369816e-01 3.725893199444e-01 2.238660454750e-01 2.876819074154e-01 2.744705975056e-01 1.944795846939e-01 2.130184620619e-01 2.319715917110e-01 2.425932437181e-01 2.556201815605e-01 3.174405992031e-01 3.358596563339e-01 4.970482289791e-01 5.682193040848e-01 5.255253911018e-01 3.048952221870e-01 2.914793789387e-01 5.121191143990e-01 4.965361952782e-01 5.359481573105e-01 5.902758836746e-01 8.954433202744e-01 9.805109500885e-01 5.094574689865e-01 2.886384427547e-01 2.079593986273e-01 4.384091198444e-01 2.809223830700e-01 3.414857983589e-01 3.679601252079e-01 4.750170111656e-01 5.335513949394e-01 5.218504071236e-01 4.099922776222e-01 4.689446389675e-01 4.954946041107e-01 2.496381402016e-01
1.422184705734e-01 2.849351167679e-01 2.945614159107e-01 2.500858008862e-01 2.736475169659e-01 2.200981378555e-01 3.048390746117e-01 3.666462898254e-01 2.165099978447e-01 2.798257172108e-01 3.090385794640e-01 2.511456906796e-01 2.780650556087e-01 2.931705713272e-01 3.001520335674e-01 3.027542233467e-01 3.177997469902e-01 3.820967078209e-01 5.284381508827e-01 5.599500536919e-01 4.705812036991e-01 3.477658629417e-01 2.440720498562e-01 4.368461370468e-01 4.479464292526e-01 4.187061786652e-01 4.763671457767e-01 9.446781277657e-01 1.003200173378e+00 4.989908337593e-01 3.713806569576e-01 2.439598441124e-01 4.294969439507e-01 3.163014650345e-01 4.194280207157e-01 5.083802342415e-01 5.668727159500e-01 5.422769784927e-01 4.496826529503e-01 2.985714375973e-01 4.769451916218e-01 4.762043654919e-01 3.248114287853e-01
1.203706711531e-01 2.535418570042e-01 3.035624027252e-01 3.186543583870e-01 2.837133109570e-01 2.848909199238e-01 2.956251502037e-01 3.533326089382e-01 2.062746733427e-01 2.558614611626e-01 3.196263313293e-01 3.087909221649e-01 3.205675184727e-01 3.325640261173e-01 3.365844190121e-01 3.358673453331e-01 3.322944939137e-01 5.016410350800e-01 6.856573224068e-01 7.124041914940e-01 6.136894226074e-01 4.807102680206e-01 3.515820801258e-01 3.707785308361e-01 4.077254533768e-01 3.789654672146e-01 3.697041571140e-01 9.065100550652e-01 8.877011537552e-01 4.540706574917e-01 4.217491149902e-01 3.318707346916e-01 3.993755578995e-01 5.036805272102e-01 5.709577798843e-01 5.964682102203e-01 5.720135569572e-01 4.609775543213e-01 3.683503568172e-01 4.269526898861e-01 4.774651825428e-01 4.072265028954e-01 3.914034664631e-01
1.013692691922e-01 1.927201151848e-01 2.525084614754e-01 2.988759577274e-01 3.286381065845e-01 3.182030022144e-01 2.911124527454e-01 3.342525660992e-01 2.367800772190e-01 2.753194570541e-01 3.066210448742e-01 3.452767729759e-01 3.308015763760e-01 3.365179598331e-01 3.368437290192e-01 3.350000977516e-01 3.349105715752e-01 5.521324276924e-01 7.458769679070e-01 7.613761425018e-01 6.579824090004e-01 5.355480909348e-01 4.184285402298e-01 3.383440077305e-01 5.317788720131e-01 5.141763091087e-01 4.335666000843e-01 7.893936634064e-01 6.967288851738e-01 3.861869871616e-01 4.754430055618e-01 5.365439057350e-01 6.021750569344e-01 6.538006067276e-01 6.491556763649e-01 5.917348265648e-01 4.740623533726e-01 4.485733807087e-01 4.102237522602e-01 5.780705213547e-01 4.723228514194e-01 3.574774563313e-01 5.043158531189e-01
1.262614279985e-01 2.425032705069e-01 2.380364090204e-01 2.296154946089e-01 2.815743982792e-01 3.224991559982e-01 3.367917537689e-01 3.089993894100e-01 2.634442150593e-01 2.927892804146e-01 3.074353635311e-01 3.522581458092e-01 3.484012782574e-01 3.296307325363e-01 3.227971792221e-01 2.928646802902e-01 3.001734018326e-01 5.068529248238e-01 6.711747646332e-01 6.935942173004e-01 6.224663257599e-01 5.274960398674e-01 4.352588355541e-01 3.438289165497e-01 5.255153775215e-01 5.428817272186e-01 4.795151054859e-01 6.460267901421e-01 5.084735155106e-01 4.135319590569e-01 5.678610205650e-01 6.855376362801e-01 7.337100505829e-01 7.014082074165e-01 6.032738685608e-01 4.645190238953e-01 4.342139065266e-01 4.044585525990e-01 3.696136176586e-01 6.110987663269e-01 5.600545406342e-01 3.948732018471e-01 5.728018283844e-01
1.624755263329e-01 3.250459432602e-01 3.267414569855e-01 3.207382261753e-01 3.102079331875e-01 2.948763072491e-01 2.970925271511e-01 3.312662243843e-01 3.138199746609e-01 2.863054573536e-01 2.899476885796e-01 3.294528126717e-01 3.786806464195e-01 3.213417828083e-01 3.451296389103e-01 3.532299697399e-01 2.445993721485e-01 4.003613293171e-01 5.158031582832e-01 5.438617467880e-01 5.087453722954e-01 4.567289054394e-01 4.029836058617e-01 3.453611433506e-01 4.119483530521e-01 4.492488503456e-01 4.389116764069e-01 6.362174749374e-01 3.864719271660e-01 5.421454310417e-01 7.023504376411e-01 7.803233265877e-01 7.471231222153e-01 6.179414391518e-01 4.479601681232e-01 4.003104269505e-01 3.034472763538e-01 3.019719719887e-01 2.941718697548e-01 5.038149952888e-01 7.469642758369e-01 4.325746297836e-01 5.759779810905e-01
1.646027714014e-01 3.345405459404e-01 3.466697633266e-01 3.634341657162e-01 3.761132657528e-01 3.795077204704e-01 3.759564757347e-01 3.732625544071e-01 3.658570349216e-01 3.396134078503e-01 3.048918843269e-01 2.858869433403e-01 3.693396151066e-01 3.779850900173e-01 2.728597819805e-01 3.615061342716e-01 3.848806619644e-01 3.413910865784e-01 3.920904099941e-01 3.872191905975e-01 4.210291206837e-01 5.169048905373e-01 4.766619205475e-01 3.673273324966e-01 3.124787211418e-01 3.276489973068e-01 4.638401269913e-01 6.734466552734e-01 5.140625238419e-01 5.870993733406e-01 7.272481918335e-01 7.386271357536e-01 6.156513690948e-01 5.090350508690e-01 2.767606675625e-01 4.750469624996e-01 3.786045014858e-01 3.508393168449e-01 3.011046051979e-01 3.528935611248e-01 8.475560545921e-01 4.688079953194e-01 5.105636119843e-01
1.260083317757e-01 2.715141475201e-01 3.023583889008e-01 3.179760873318e-01 3.468690812588e-01 3.817093968391e-01 4.045398533344e-01 4.155765473843e-01 4.483985006809e-01 4.562912881374e-01 4.391608238220e-01 4.232138097286e-01 4.098125696182e-01 3.992104828358e-01 3.559319078922e-01 3.075421154499e-01 3.771262168884e-01 4.238996803761e-01 3.309075832367e-01 3.295629024506e-01 3.201810419559e-01 4.582486450672e-01 5.743809342384e-01 5.973101258278e-01 5.397863984108e-01 4.002195894718e-01 5.135871171951e-01 6.853718757629e-01 5.165466070175e-01 5.428529381752e-01 6.209205389023e-01 6.111476421356e-01 6.305283904076e-01 5.662997961044e-01 3.320382833481e-01 5.346378087997e-01 4.211971461773e-01 3.485776185989e-01 2.625569105148e-01 3.453045785427e-01 8.130281567574e-01 7.081888318062e-01 3.948067128658e-01
1.393344551325e-01 2.645044028759e-01 2.743382155895e-01 2.727331519127e-01 3.170091807842e-01 3.426257967949e-01 3.498295247555e-01 3.504203855991e-01 3.790151178837e-01 4.126059412956e-01 4.714068174362e-01 5.209366679192e-01 5.276572704315e-01 4.849404096603e-01 4.792099297047e-01 4.625692665577e-01 4.343625903130e-01 4.016471803188e-01 4.552026689053e-01 3.654106557369e-01 4.014230072498e-01 3.691167235374e-01 4.005597233772e-01 4.476694166660e-01 4.596687853336e-01 4.568917751312e-01 4.495715200901e-01 6.581737995148e-01 4.702490568161e-01 5.425094962120e-01 5.391249060631e-01 6.075305342674e-01 6.785739660263e-01 5.788193345070e-01 4.266896545887e-01 5.906029939651e-01 4.036810398102e-01 3.134534060955e-01 2.928185462952e-01 3.203343451023e-01 6.538454294205e-01 9.586948752403e-01 4.373463690281e-01
1.373506039381e-01 2.678584158421e-01 3.170219361782e-01 3.195113241673e-01 2.573225796223e-01 2.536108493805e-01 3.085100054741e-01 3.503963649273e-01 3.767444789410e-01 3.806304335594e-01 3.680478930473e-01 4.088721573353e-01 4.424425661564e-01 5.119745731354e-01 5.440086126328e-01 5.366190671921e-01 4.745517671108e-01 4.537506699562e-01 4.423546195030e-01 5.020757913589e-01 3.896580338478e-01 4.776509702206e-01 4.396603703499e-01 3.738120198250e-01 3.281700313091e-01 3.358252644539e-01 3.505048751831e-01 6.092913150787e-01 5.561307072639e-01 6.149762868881e-01 5.952080488205e-01 5.710807442665e-01 6.363508701324e-01 5.681435465813e-01 4.828395247459e-01 5.704520344734e-01 3.519867360592e-01 2.879883348942e-01 3.145695030689e-01 3.684043586254e-01 4.487713277340e-01 1.121347784996e+00 4.599048793316e-01
