100/SI/f4_max.grd
DSAA
101	101
32.816463539100	34.260883539100
35.556306596100	36.727886596100
1.832664944232e-02	4.109201660156e+02
[rows 76 to 94 of 101, columns 0 to 42 of 101]
5.504119396210e-02 7.962406426668e-02 9.552095830441e-02 1.014400348067e-01 1.048371940851e-01 1.045858412981e-01 1.158710047603e-01 1.264187246561e-01 1.341944783926e-01 1.388020962477e-01 1.405989676714e-01 1.404776275158e-01 1.389389038086e-01 9.395065158606e-02 1.553547531366e-01 1.684055179358e-01 1.964710950851e-01 2.250824123621e-01 2.317557036877e-01 1.334583312273e-01 1.606485247612e-01 1.668261289597e-01 1.981757432222e-01 2.151601314545e-01 1.996251791716e-01 1.763198971748e-01 1.969312727451e-01 2.188557088375e-01 2.480939924717e-01 2.621640861034e-01 2.524003982544e-01 2.377163916826e-01 2.352039217949e-01 2.269243896008e-01 2.487788200378e-01 2.922426760197e-01 1.204155907035e-01 1.960146725178e-01 6.403403878212e-01 5.556350946426e-01 6.853740811348e-01 2.538986921310e+00 3.514322042465e+00
5.486444011331e-02 7.754544913769e-02 9.162839502096e-02 1.056976690888e-01 1.113099977374e-01 1.107508540154e-01 1.079235672951e-01 1.178826093674e-01 1.253539770842e-01 1.297148615122e-01 1.311100572348e-01 1.424899697304e-01 1.628236770630e-01 1.727170944214e-01 1.700259596109e-01 1.684548258781e-01 1.899210363626e-01 2.125421762466e-01 1.455317735672e-01 1.191519647837e-01 1.590795964003e-01 1.673920750618e-01 1.838493049145e-01 1.827165633440e-01 1.892302036285e-01 1.853929907084e-01 2.154742628336e-01 2.594015300274e-01 2.878372073174e-01 2.910976707935e-01 2.715254426003e-01 2.491763830185e-01 2.586997449398e-01 2.324870675802e-01 2.806615829468e-01 3.233767151833e-01 5.000755190849e-01 4.943857192993e-01 5.844131112099e-01 6.749563813210e-01 2.003693342209e+00 3.129001379013e+00 1.721210956573e+00
5.126127973199e-02 7.252441346645e-02 9.447441995144e-02 1.069156676531e-01 1.108900606632e-01 1.090454831719e-01 1.034990847111e-01 1.025318577886e-01 1.155755445361e-01 1.293479800224e-01 1.471443027258e-01 1.659085154533e-01 1.780360490084e-01 1.776927560568e-01 1.649665683508e-01 1.569305062294e-01 1.714224517345e-01 1.838774234056e-01 1.693217754364e-01 1.079407110810e-01 1.660879254341e-01 2.007280737162e-01 2.242871373892e-01 2.132035344839e-01 1.970264464617e-01 2.347079366446e-01 2.879029214382e-01 3.122508227825e-01 3.193106055260e-01 3.122461438179e-01 2.919366955757e-01 2.705994248390e-01 2.673884630203e-01 2.824112772942e-01 3.639959096909e-01 5.040976405144e-01 6.640774607658e-01 6.720935106277e-01 6.153411269188e-01 1.204991817474e+00 2.890571355820e+00 1.792446613312e+00 1.813676357269e+00
4.385407269001e-02 6.846886128187e-02 8.489786833525e-02 9.378300607204e-02 9.634127467871e-02 9.368222206831e-02 9.743131697178e-02 1.109104454517e-01 5.294268950820e-02 5.299887061119e-02 1.361630856991e-01 1.521040499210e-01 1.530490070581e-01 1.440833806992e-01 1.272588372231e-01 1.313867866993e-01 7.622587680817e-02 1.445086449385e-01 1.414149254560e-01 1.826426535845e-01 2.551403045654e-01 3.367504775524e-01 4.097230434418e-01 3.460788428783e-01 3.114051520824e-01 3.540583252907e-01 3.531930148602e-01 3.558795750141e-01 3.352504670620e-01 3.152749538422e-01 2.983556091785e-01 2.832484245300e-01 2.910678088665e-01 3.803650140762e-01 4.854512214661e-01 5.599070787430e-01 5.465206503868e-01 4.958496987820e-01 1.054851531982e+00 2.108407258987e+00 2.158048152924e+00 1.861620664597e+00 1.774151325226e+00
4.480111971498e-02 7.173945009708e-02 8.744956552982e-02 9.163832664490e-02 8.907833695412e-02 8.838926255703e-02 9.014218300581e-02 9.730128943920e-02 6.856964528561e-02 5.282089114189e-02 9.088129550219e-02 1.114541888237e-01 1.154113933444e-01 1.222566440701e-01 1.279795616865e-01 1.309527605772e-01 1.387858241796e-01 1.503718644381e-01 1.855556368828e-01 2.407223582268e-01 3.593327105045e-01 5.035327076912e-01 6.337118744850e-01 5.019870400429e-01 3.740732073784e-01 4.262562990189e-01 4.295184612274e-01 4.247074127197e-01 4.140026569366e-01 3.562150299549e-01 3.060143291950e-01 3.023352324963e-01 3.423093557358e-01 3.942398726940e-01 4.089049398899e-01 3.694435358047e-01 5.277431011200e-01 5.550929903984e-01 8.547900915146e-01 2.318848371506e+00 1.753245353699e+00 2.054206848145e+00 1.522197484970e+00
5.026646330953e-02 7.937470823526e-02 9.559132158756e-02 9.813538193703e-02 6.718638539314e-02 8.800366520882e-02 9.967035800219e-02 1.071059629321e-01 1.103022396564e-01 5.378813296556e-02 5.883438885212e-02 1.280115991831e-01 1.373330950737e-01 1.532825976610e-01 1.722572743893e-01 1.862808167934e-01 1.926892697811e-01 2.028506547213e-01 2.404554337263e-01 2.819706201553e-01 4.303514957428e-01 6.143139004707e-01 7.744411826134e-01 5.501300096512e-01 2.109077721834e-01 2.447933673859e+00 2.604364156723e+00 1.174263834953e+00 7.231149673462e-01 5.701043009758e-01 4.043503999710e-01 3.106266260147e-01 3.833799362183e-01 5.031986832619e-01 3.960981965065e-01 4.111303687096e-01 4.601385295391e-01 5.991954803467e-01 1.593273043633e+00 1.624485731125e+00 1.634263515472e+00 1.988265037537e+00 2.738657951355e+00
6.806773692369e-02 9.989372640848e-02 1.199235767126e-01 1.302053034306e-01 7.731129229069e-02 6.872820854187e-02 1.236494928598e-01 1.306042373180e-01 8.566337823868e-02 1.560872644186e-01 1.835135519505e-01 2.108378559351e-01 2.345444560051e-01 2.507659494877e-01 2.693535685539e-01 2.832680344582e-01 2.858963906765e-01 2.793689966202e-01 2.890393435955e-01 3.419034779072e-01 5.107734799385e-01 6.827640533447e-01 7.494462132454e-01 5.164508819580e-01 1.433316946030e+00 6.588231563568e+00 7.199563026428e+00 3.622110843658e+00 1.571516036987e+00 8.186111450195e-01 5.284228324890e-01 3.446275293827e-01 3.548796474934e-01 5.363078117371e-01 5.464252233505e-01 5.660332441330e-01 5.051645040512e-01 9.508759379387e-01 1.986590623856e+00 1.431061983109e+00 1.125944375992e+00 1.567195773125e+00 3.480907201767e+00
8.549372851849e-02 1.220467537642e-01 1.459946185350e-01 1.552446037531e-01 9.279052168131e-02 1.439847350121e-01 1.423813402653e-01 1.741634607315e-01 1.103206053376e-01 1.365780085325e-01 3.168738484383e-01 3.638373613358e-01 4.037853181362e-01 4.352607131004e-01 4.569241702557e-01 4.647044837475e-01 4.526326656342e-01 4.137056767941e-01 3.412694036961e-01 4.223772585392e-01 6.067464947701e-01 7.272487282753e-01 6.383954286575e-01 8.638685345650e-01 2.635481119156e+00 2.150182723999e+01 3.990744018555e+01 8.711933135986e+00 3.805180072784e+00 1.371719121933e+00 6.469694375992e-01 4.165899753571e-01 4.704321920872e-01 6.543970108032e-01 7.860775589943e-01 7.650215625763e-01 6.293470263481e-01 1.982615947723e+00 1.194299459457e+00 1.525329113007e+00 1.531907796860e+00 1.260182142258e+00 3.620833635330e+00
6.484580785036e-02 8.174343407154e-02 1.209473386407e-01 1.032347008586e-01 1.702268123627e-01 1.856479495764e-01 1.952233612537e-01 2.312560975552e-01 1.830640584230e-01 1.696571558714e-01 4.308743178844e-01 4.978449344635e-01 5.565814375877e-01 6.089482307434e-01 6.591772437096e-01 7.067500352859e-01 7.384927868843e-01 7.254697084427e-01 7.822573184967e-01 5.323280692101e-01 7.244226932526e-01 7.618451118469e-01 8.312214016914e-01 1.179684996605e+00 5.173894882202e+00 1.236467361450e+01 1.558679103851e+01 4.715577125549e+00 1.767594099045e+00 1.076057434082e+00 9.366505742073e-01 8.061006665230e-01 9.065620899200e-01 5.433472990990e-01 9.838179349899e-01 1.040282011032e+00 1.774043321609e+00 1.451111793518e+00 1.055307269096e+00 1.074336647987e+00 1.330280303955e+00 1.865306377411e+00 7.520198822021e+00
1.421202123165e-01 2.092333734035e-01 2.516651153564e-01 2.774909138680e-01 3.735770881176e-01 3.811799585819e-01 3.770540952682e-01 3.628359138966e-01 3.412328362465e-01 3.730639219284e-01 4.502731859684e-01 5.280616283417e-01 6.018830537796e-01 6.727259159088e-01 7.483519911766e-01 8.374715447426e-01 1.472489237785e+00 9.554558396339e-01 1.451620101929e+00 7.053927779198e-01 7.442289590836e-01 8.024972081184e-01 9.769829511642e-01 1.407052397728e+00 2.663099050522e+00 1.096099615097e+00 7.685300707817e-01 7.677512764931e-01 8.353137373924e-01 9.042518734932e-01 9.516575932503e-01 2.958149194717e+00 3.187918663025e+00 1.904832124710e+00 2.018354892731e+00 3.468426465988e+00 3.191087961197e+00 1.499323844910e+00 1.085011839867e+00 1.177049279213e+00 1.267388939857e+00 5.719790935516e+00 8.687715530396e+00
2.909207940102e-01 4.519451260567e-01 5.531836152077e-01 5.937879681587e-01 5.997777581215e-01 5.841754674911e-01 5.535841584206e-01 5.137165188789e-01 4.795690178871e-01 4.977183043957e-01 5.106698870659e-01 5.150697827339e-01 5.764319300652e-01 6.544807553291e-01 7.283096909523e-01 8.113378286362e-01 8.934287428856e-01 1.200485944748e+00 1.550119638443e+00 1.559915065765e+00 1.590538978577e+00 1.570672869682e+00 1.145960927010e+00 1.454302430153e+00 7.004884481430e-01 5.293123722076e-01 3.739127814770e-01 3.636814057827e-01 4.898755550385e-01 6.841675639153e-01 8.586986660957e-01 3.107344865799e+00 4.284843444824e+00 4.521867275238e+00 3.782737731934e+00 6.823634147644e+00 7.533744812012e+00 3.462010145187e+00 2.919120311737e+00 2.262294292450e+00 3.188200712204e+00 5.389390468597e+00 8.151931762695e+00
3.303163647652e-01 5.223313570023e-01 6.138336062431e-01 6.458858251572e-01 6.576733589172e-01 6.905335783958e-01 7.004750967026e-01 7.179286479950e-01 7.373226881027e-01 7.552072405815e-01 7.635135650635e-01 7.473098039627e-01 7.517860531807e-01 8.666487336159e-01 9.490916132927e-01 1.023863673210e+00 1.191648960114e+00 1.324366450310e+00 1.177941799164e+00 1.345911741257e+00 1.410037994385e+00 1.200855135918e+00 9.865434169769e-01 5.562961697578e-01 4.886924028397e-01 3.235442638397e-01 2.402528375387e-01 1.928131133318e-01 2.343628406525e-01 4.195201098919e-01 6.685515046120e-01 1.440656542778e+00 5.178919315338e+00 7.827083110809e+00 6.504191875458e+00 9.346168041229e-01 6.570918560028e+00 3.234888553619e+00 6.038263320923e+00 4.809135913849e+00 2.287539005280e+00 4.388219833374e+00 1.404580593109e+01
3.834026157856e-01 5.775250792503e-01 6.676918268204e-01 6.498947739601e-01 7.875204682350e-01 8.400244712830e-01 8.202348351479e-01 7.594504356384e-01 6.784148216248e-01 6.640251874924e-01 7.354871630669e-01 8.088983893394e-01 9.352090954781e-01 1.073214411736e+00 1.166476368904e+00 1.197005748749e+00 1.121660351753e+00 9.217007160187e-01 7.281491160393e-01 6.294979453087e-01 5.354269146919e-01 3.750976622105e-01 3.074955344200e-01 3.038636744022e-01 2.461264878511e-01 1.839875876904e-01 1.418966352940e-01 1.610285192728e-01 2.156313806772e-01 3.464975357056e-01 4.958429336548e-01 9.461814165115e-01 2.381724596024e+00 4.577171802521e+00 5.262161731720e+00 1.038802433014e+01 9.279510498047e+00 3.630328893661e+00 4.951702117920e+00 1.726665115356e+01 4.543581962585e+00 1.142467880249e+01 7.020005702972e+00
2.859022319317e-01 4.265273809433e-01 4.870952367783e-01 4.631175696850e-01 5.129074454308e-01 5.415848493576e-01 5.258218646049e-01 4.851283729076e-01 4.319421052933e-01 4.208659827709e-01 4.108780026436e-01 4.111241400242e-01 4.456174373627e-01 4.989755749702e-01 4.938661754131e-01 5.479519963264e-01 4.911582171917e-01 3.484651148319e-01 3.598320186138e-01 3.391786515713e-01 2.701512575150e-01 1.975828260183e-01 1.846818476915e-01 1.647356152534e-01 1.770181059837e-01 1.162623912096e-01 1.632760614157e-01 2.273081988096e-01 2.848646342754e-01 5.578622817993e-01 1.046828389168e+00 1.235644817352e+00 1.124201893806e+00 1.122766494751e+00 1.070661783218e+00 1.441303849220e+00 9.048180580139e+00 2.899817466736e+00 4.629327297211e+00 1.705169677734e+01 5.503234481812e+01 6.071127414703e+00 2.188759803772e+00
1.526478827000e-01 1.000917479396e-01 2.892887592316e-01 3.289434313774e-01 3.443706631660e-01 9.775982052088e-02 3.000954985619e-01 3.060311079025e-01 2.897877693176e-01 2.857871651649e-01 2.806043624878e-01 2.579105794430e-01 2.285241633654e-01 2.338635921478e-01 9.708331525326e-02 2.202127873898e-01 2.980540692806e-01 3.807811737061e-01 3.589021265507e-01 2.685796618462e-01 1.713135987520e-01 2.025389522314e-01 4.117240011692e-01 4.329282939434e-01 2.947049438953e-01 1.664466112852e-01 2.567412555218e-01 3.429609239101e-01 4.518567323685e-01 1.022404193878e+00 1.271604061127e+00 1.114372611046e+00 1.092270851135e+00 1.366690278053e+00 6.642083525658e-01 9.844462275505e-01 1.844712615013e+00 4.637907028198e+00 8.740892410278e+00 5.881450176239e+00 1.175702571869e+00 1.563947081566e+00 1.458787918091e+00
1.181955859065e-01 8.429376780987e-02 2.187685519457e-01 2.480561882257e-01 1.715270429850e-01 1.173735857010e-01 2.331012487411e-01 2.460507601500e-01 2.338560223579e-01 2.206714302301e-01 2.184349298477e-01 2.261113673449e-01 2.312283068895e-01 2.323489040136e-01 2.288125753403e-01 2.216128259897e-01 2.768403291702e-01 3.276087343693e-01 2.804268598557e-01 2.497043311596e-01 3.014135956764e-01 5.611815452576e-01 8.352254033089e-01 6.933080554008e-01 3.490664958954e-01 2.531431317329e-01 3.820649981499e-01 5.141703486443e-01 8.735656142235e-01 1.399355173111e+00 1.223322153091e+00 1.262453675270e+00 9.412947893143e-01 6.211445927620e-01 6.006832122803e-01 8.182840347290e-01 9.425719380379e-01 3.427175760269e+00 1.025193595886e+01 5.531901359558e+00 9.637683033943e-01 1.334026694298e+00 1.003970026970e+00
1.054319664836e-01 1.544053405523e-01 2.006318718195e-01 2.279257029295e-01 2.467033267021e-01 2.665360867977e-01 3.170792162418e-01 3.421168029308e-01 3.661659657955e-01 3.725675642490e-01 4.129444658756e-01 4.351603090763e-01 4.547594487667e-01 4.685928523540e-01 4.738575518131e-01 4.696497321129e-01 4.568902254105e-01 4.542093276978e-01 4.824151098728e-01 4.944213032722e-01 7.965122461319e-01 1.120513796806e+00 1.156654715538e+00 7.501744031906e-01 2.924923598766e-01 4.470078051090e-01 9.541922211647e-01 8.814836740494e-01 1.330490112305e+00 1.102636218071e+00 1.501817584038e+00 1.287701249123e+00 7.560849189758e-01 5.531981587410e-01 5.913066267967e-01 8.079869151115e-01 1.045193552971e+00 4.740082263947e+00 7.453602313995e+00 3.551776170731e+00 2.090943574905e+00 1.064577937126e+00 9.555438160896e-01
7.722657173872e-02 1.138719990849e-01 1.495697051287e-01 1.806025058031e-01 2.063445001841e-01 2.287217825651e-01 2.505774497986e-01 2.740351557732e-01 2.907540202141e-01 3.038069009781e-01 3.525231182575e-01 3.798948824406e-01 4.059450626373e-01 4.272755980492e-01 4.400050044060e-01 4.415952265263e-01 4.320668578148e-01 4.295280575752e-01 4.548663794994e-01 6.312564015388e-01 1.052358627319e+00 1.398549437523e+00 1.352130055428e+00 8.141039013863e-01 2.994157969952e-01 7.783550024033e-01 1.112095475197e+00 1.195470333099e+00 6.459791064262e-01 1.166266202927e+00 1.579393029213e+00 1.250580430031e+00 1.110606908798e+00 7.620198130608e-01 8.350908160210e-01 8.076031804085e-01 2.214695692062e+00 8.526705741882e+00 5.708460330963e+00 1.367648124695e+00 2.488382577896e+00 1.083476305008e+00 5.483536124229e-01
5.661379173398e-02 8.412730693817e-02 1.119399741292e-01 1.374226808548e-01 1.599300205708e-01 1.807522326708e-01 2.021452784538e-01 2.259806245565e-01 2.484770566225e-01 2.808870673180e-01 3.106446266174e-01 3.413625359535e-01 3.711621463299e-01 3.963979780674e-01 4.124920964241e-01 4.161057770252e-01 4.071552455425e-01 4.033282697201e-01 4.247416257858e-01 7.636117339134e-01 1.208211064339e+00 1.528567075729e+00 1.410283923149e+00 8.025909662247e-01 6.215909123421e-01 9.583714008331e-01 9.305005669594e-01 7.624315023422e-01 6.939032673836e-01 1.043385982513e+00 1.462503194809e+00 1.363870739937e+00 1.419096350670e+00 9.575898051262e-01 1.006057024002e+00 7.981336712837e-01 1.537059187889e+00 4.751244544983e+00 1.624618530273e+00 1.458986639977e+00 2.288974046707e+00 8.889423608780e-01 4.797757267952e-01
