100/SI/f51.grd
DSAA
101	101
32.816463539100	34.260883539100
35.556306596100	36.727886596100
1.996239181608e-03	3.627457580566e+02
[rows 57 to 75 of 101, columns 0 to 42 of 101]
1.124158278108e-01 1.844789236784e-01 2.021384835243e-01 2.025166600943e-01 2.051440328360e-01 2.503433525562e-01 2.811398506165e-01 3.089946210384e-01 3.351192474365e-01 3.432649672031e-01 3.435705602169e-01 4.843493998051e-01 8.269773125648e-01 4.519829452038e-01 3.207243084908e-01 4.803643524647e-01 4.309036433697e-01 5.017384886742e-01 6.078336834908e-01 6.158483624458e-01 6.245987415314e-01 4.918546974659e-01 3.386057615280e-01 2.984094619751e-01 3.245811760426e-01 4.489341676235e-01 7.120926976204e-01 8.783664107323e-01 6.610534787178e-01 3.978074491024e-01 3.168093264103e-01 2.513344287872e-01 2.627628743649e-01 3.232197165489e-01 3.789138793945e-01 4.789587557316e-01 5.547141432762e-01 5.924515128136e-01 9.665503501892e-01 1.305716395378e+00 1.136672854424e+00 1.020097970963e+00 1.149143934250e+00
1.430524140596e-01 2.339320182800e-01 2.667806148529e-01 2.708726227283e-01 2.684254944324e-01 2.616611421108e-01 2.586205899715e-01 2.714193165302e-01 2.832827866077e-01 4.635991454124e-01 1.496929287910e+00 1.731237173080e+00 6.469423770905e-01 3.316475749016e-01 3.330242335796e-01 3.055248558521e-01 3.358233571053e-01 3.336472213268e-01 3.939960598946e-01 4.988379180431e-01 6.078329086304e-01 6.515329480171e-01 4.575992226601e-01 2.851194143295e-01 3.291406631470e-01 5.001939535141e-01 7.505391240120e-01 8.011552691460e-01 8.150244951248e-01 5.217384696007e-01 3.145012557507e-01 2.881947755814e-01 2.747446894646e-01 3.345565199852e-01 3.951513469219e-01 4.091078937054e-01 4.192574322224e-01 4.293108582497e-01 4.311337769032e-01 4.654082357883e-01 5.786826014519e-01 8.001390099525e-01 9.270037412643e-01
1.905107051134e-01 3.128154277802e-01 3.731551766396e-01 5.292890667915e-01 6.632574796677e-01 8.283939361572e-01 1.080204367638e+00 1.573889970779e+00 2.907805442810e+00 4.128108501434e+00 2.751810550690e+00 7.003182768822e-01 4.810478389263e-01 4.217770099640e-01 3.078265786171e-01 3.153117895126e-01 3.325398266315e-01 3.261760771275e-01 3.215906918049e-01 3.477068543434e-01 5.868368148804e-01 6.664687395096e-01 4.746898412704e-01 2.750901579857e-01 2.134816050529e-01 3.277142643929e-01 4.624359309673e-01 4.874804317951e-01 4.953819811344e-01 4.069809317589e-01 2.897980809212e-01 3.005135059357e-01 2.864188253880e-01 3.222383260727e-01 3.884778320789e-01 4.023503661156e-01 3.826209008694e-01 3.503357172012e-01 3.166659772396e-01 3.548735082150e-01 4.592225253582e-01 5.823517441750e-01 7.845389842987e-01
1.862191557884e-01 3.809623122215e-01 6.296787261963e-01 8.610682487488e-01 1.060839533806e+00 1.381850838661e+00 1.990012764931e+00 2.966538667679e+00 2.989862918854e+00 1.387903213501e+00 3.455992937088e-01 4.021834433079e-01 4.361315071583e-01 3.871508836746e-01 3.388313353062e-01 3.552953600883e-01 3.551265597343e-01 3.400609791279e-01 2.741074264050e-01 2.718798220158e-01 4.223072826862e-01 4.719796478748e-01 3.518354892731e-01 2.217469364405e-01 1.714492738247e-01 1.853591650724e-01 2.477949112654e-01 3.060134053230e-01 3.474331498146e-01 3.106719553471e-01 2.844881117344e-01 2.626261115074e-01 2.809841334820e-01 3.115550279617e-01 3.731755316257e-01 3.822221457958e-01 3.455519080162e-01 2.954820096493e-01 2.751390635967e-01 3.045984804630e-01 4.411520361900e-01 5.408222079277e-01 7.181589603424e-01
1.135151535273e-01 1.976386159658e-01 2.410693466663e-01 2.534330785275e-01 2.540133893490e-01 2.533148527145e-01 2.515527904034e-01 2.466175556183e-01 2.425395548344e-01 2.379404157400e-01 2.237836420536e-01 2.355756759644e-01 2.485071867704e-01 3.176960051060e-01 3.567549884319e-01 3.721603751183e-01 3.574898540974e-01 3.169037103653e-01 2.345425933599e-01 1.927452385426e-01 2.359495162964e-01 2.452220022678e-01 1.943095922470e-01 1.448981165886e-01 1.281412690878e-01 1.367340534925e-01 1.752146780491e-01 2.108870595694e-01 2.575487494469e-01 2.776069343090e-01 2.630352079868e-01 2.352119386196e-01 2.689419090748e-01 3.253319561481e-01 3.875415325165e-01 3.749162554741e-01 3.113900721073e-01 2.496794164181e-01 2.780542969704e-01 3.100061714649e-01 4.401949942112e-01 5.468655824661e-01 6.742158532143e-01
5.388676375151e-02 1.002834960818e-01 1.296867430210e-01 1.429549753666e-01 1.482150554657e-01 1.527352780104e-01 1.570618599653e-01 1.603313684464e-01 1.654872000217e-01 1.706714034081e-01 1.674395948648e-01 1.574814766645e-01 1.541017591953e-01 2.041516304016e-01 2.396520376205e-01 2.519187033176e-01 2.288039624691e-01 2.034492045641e-01 1.720588058233e-01 1.505497843027e-01 1.256551444530e-01 1.174225658178e-01 9.733606129885e-02 1.087617948651e-01 1.281914412975e-01 1.346963495016e-01 1.449794769287e-01 1.754843443632e-01 2.176230996847e-01 2.384151220322e-01 2.352114319801e-01 2.222486734390e-01 2.671397328377e-01 3.579502999783e-01 4.155779778957e-01 3.755839467049e-01 2.820205688477e-01 2.462790608406e-01 2.841510772705e-01 3.217743933201e-01 4.250712990761e-01 5.029147267342e-01 5.780691504478e-01
3.642481938004e-02 6.133618578315e-02 7.659283280373e-02 8.815456926823e-02 9.481252729893e-02 1.007518917322e-01 1.064374893904e-01 1.112383455038e-01 1.170869469643e-01 1.230432167649e-01 1.238525882363e-01 1.198593005538e-01 1.153004541993e-01 1.111617609859e-01 1.113558784127e-01 1.262847036123e-01 1.331729888916e-01 1.313791573048e-01 1.205839738250e-01 1.141240671277e-01 1.024174392223e-01 9.603550285101e-02 8.393141627312e-02 1.103463247418e-01 1.359220892191e-01 1.487483233213e-01 1.477444767952e-01 1.468891054392e-01 1.794377863407e-01 1.998748034239e-01 2.049653828144e-01 2.038394063711e-01 2.698753178120e-01 3.765263259411e-01 4.156523346901e-01 3.480978608131e-01 2.467561364174e-01 2.467510551214e-01 2.960342466831e-01 3.310490250587e-01 3.836883008480e-01 4.408346414566e-01 4.509548842907e-01
2.980800531805e-02 5.013864487410e-02 6.314390897751e-02 7.056243717670e-02 7.397056370974e-02 7.775884121656e-02 8.059455454350e-02 8.155903965235e-02 8.560862392187e-02 8.903954923153e-02 8.976764231920e-02 8.826334029436e-02 8.677510172129e-02 8.475620299578e-02 8.738406002522e-02 1.003769710660e-01 1.067027971148e-01 1.053344309330e-01 9.745956212282e-02 9.070508927107e-02 9.913743287325e-02 9.614755213261e-02 8.272910118103e-02 1.098057031631e-01 1.384352296591e-01 1.558356285095e-01 1.577168405056e-01 1.525778919458e-01 1.576785743237e-01 1.730725914240e-01 1.804194748402e-01 1.874886900187e-01 2.671941518784e-01 3.666951656342e-01 3.783207833767e-01 2.991487085819e-01 2.321742922068e-01 2.541246712208e-01 3.087780177593e-01 3.249000012875e-01 3.390643596649e-01 3.658491373062e-01 3.351237773895e-01
2.936996705830e-02 4.702138155699e-02 5.954074859619e-02 6.518633663654e-02 6.754711270332e-02 6.967546790838e-02 7.048930972815e-02 6.908201426268e-02 6.749025732279e-02 6.841646879911e-02 6.850010156631e-02 7.116389274597e-02 7.328304648399e-02 7.501497119665e-02 7.708030194044e-02 8.125821501017e-02 8.691105991602e-02 8.700238168240e-02 8.784786611795e-02 8.670008927584e-02 9.082635492086e-02 9.473796933889e-02 8.401370048523e-02 1.037630066276e-01 1.309990286827e-01 1.490328311920e-01 1.520190089941e-01 1.495181322098e-01 1.581668406725e-01 1.629986912012e-01 1.662091314793e-01 1.743361502886e-01 2.496062070131e-01 3.281736671925e-01 3.197883367538e-01 2.566331028938e-01 2.255328148603e-01 2.713309526443e-01 3.114362061024e-01 3.028467595577e-01 2.941696345806e-01 2.955725193024e-01 2.712798714638e-01
2.741044573486e-02 4.349216446280e-02 5.447544157505e-02 5.923306196928e-02 6.122925132513e-02 6.279219686985e-02 6.302417814732e-02 6.170774251223e-02 6.000754237175e-02 6.392485648394e-02 6.781966239214e-02 7.135809957981e-02 7.449933886528e-02 7.714787125587e-02 7.956642657518e-02 8.191776275635e-02 8.365134149790e-02 8.393038809299e-02 8.226649463177e-02 8.237398415804e-02 8.239900320768e-02 9.113287180662e-02 8.606416732073e-02 9.394782781601e-02 1.169529855251e-01 1.328630000353e-01 1.538176387548e-01 1.683533042669e-01 1.693825870752e-01 1.641532629728e-01 1.606747210026e-01 1.621892005205e-01 2.187434732914e-01 2.729110121727e-01 2.622465491295e-01 2.282145321369e-01 2.424582690001e-01 2.748953402042e-01 2.934842109680e-01 2.654540240765e-01 2.456653416157e-01 2.327537238598e-01 2.316493541002e-01
2.519444189966e-02 3.990692645311e-02 4.990143328905e-02 5.443837866187e-02 5.633614957333e-02 5.721456930041e-02 5.685441195965e-02 5.574504658580e-02 5.566186830401e-02 6.043596938252e-02 6.477095186710e-02 6.886047869921e-02 7.262777537107e-02 7.579285651445e-02 7.826516032219e-02 7.989443093538e-02 8.070248365402e-02 8.881632983685e-02 9.051667153835e-02 8.383139967918e-02 7.704999297857e-02 8.341265469790e-02 8.499785512686e-02 8.428825438023e-02 1.026929393411e-01 1.158360764384e-01 1.400770694017e-01 1.630762964487e-01 1.687512248755e-01 1.634621620178e-01 1.570618152618e-01 1.570738703012e-01 1.742994040251e-01 2.114580720663e-01 2.081505060196e-01 1.930408477783e-01 2.089430689812e-01 2.321342080832e-01 2.398249357939e-01 2.082919329405e-01 1.920939534903e-01 1.782581806183e-01 1.750982403755e-01
2.332540787756e-02 3.700377792120e-02 4.646207764745e-02 5.098481476307e-02 5.262518301606e-02 5.275706574321e-02 5.196523666382e-02 5.116426944733e-02 5.246913433075e-02 5.437323078513e-02 5.882611498237e-02 6.305758655071e-02 6.698491424322e-02 7.030037790537e-02 7.285904884338e-02 7.826459407806e-02 8.523843437433e-02 9.586557000875e-02 1.004679501057e-01 9.761482477188e-02 8.922940492630e-02 7.923668622971e-02 8.069407194853e-02 8.164045214653e-02 9.129159152508e-02 1.018000319600e-01 1.047695055604e-01 1.266742497683e-01 1.435352116823e-01 1.488368660212e-01 1.473005712032e-01 1.511465013027e-01 1.555190980434e-01 1.600685566664e-01 1.542867422104e-01 1.496029198170e-01 1.623304039240e-01 1.853576451540e-01 1.987920403481e-01 1.649766862392e-01 1.450882256031e-01 1.294650286436e-01 1.450939178467e-01
2.195685170591e-02 3.493873402476e-02 4.405042156577e-02 4.833387583494e-02 4.945005849004e-02 4.906842857599e-02 4.826496914029e-02 4.847865924239e-02 4.859078675508e-02 5.033922940493e-02 5.108945816755e-02 5.518800765276e-02 5.896392837167e-02 6.220570951700e-02 6.701121479273e-02 7.380282878876e-02 8.632703870535e-02 9.846141189337e-02 1.066229492426e-01 1.090073958039e-01 1.059076637030e-01 9.944364428520e-02 9.164715558290e-02 8.445497602224e-02 8.248981833458e-02 9.113070368767e-02 9.267068654299e-02 9.026408195496e-02 1.106705665588e-01 1.270741820335e-01 1.378829032183e-01 1.457353085279e-01 1.503015160561e-01 1.451501995325e-01 1.311481446028e-01 1.278633773327e-01 1.429742872715e-01 1.752450466156e-01 2.047707885504e-01 1.857800334692e-01 1.377537101507e-01 1.222478225827e-01 1.388404369354e-01
2.142452262342e-02 3.403666988015e-02 4.275006800890e-02 4.650808498263e-02 4.706566035748e-02 4.641264677048e-02 4.668786749244e-02 4.724755883217e-02 4.673773050308e-02 4.736767336726e-02 4.695525020361e-02 5.168351158500e-02 5.682978406549e-02 6.215331330895e-02 6.683816760778e-02 7.507402449846e-02 8.736925572157e-02 9.974849969149e-02 1.108287572861e-01 1.176504641771e-01 1.187296882272e-01 1.156464442611e-01 1.104542687535e-01 1.051468327641e-01 1.020078808069e-01 1.000535711646e-01 9.644261002541e-02 9.259641170502e-02 1.093638837337e-01 1.227392777801e-01 1.326804459095e-01 1.416025906801e-01 1.461350619793e-01 1.363174766302e-01 1.306326091290e-01 1.289560794830e-01 1.439213156700e-01 1.688770949841e-01 1.966295838356e-01 1.800591647625e-01 1.399793028831e-01 1.214219331741e-01 1.379702389240e-01
2.172803692520e-02 3.432838246226e-02 4.271517321467e-02 4.597377404571e-02 4.612551257014e-02 4.521562159061e-02 4.592147096992e-02 4.556854814291e-02 4.545871913433e-02 4.556021839380e-02 4.840897768736e-02 5.325404182076e-02 5.798795819283e-02 6.247618421912e-02 6.607455760241e-02 7.688591629267e-02 9.072786569595e-02 1.037483587861e-01 1.162901520729e-01 1.253794580698e-01 1.283065974712e-01 1.263147294521e-01 1.215032786131e-01 1.155240461230e-01 1.106134876609e-01 1.058425754309e-01 9.797355532646e-02 9.312146157026e-02 1.069441288710e-01 1.185568124056e-01 1.284542530775e-01 1.378735601902e-01 1.408535540104e-01 1.293707489967e-01 1.322344690561e-01 1.386446803808e-01 1.470185369253e-01 1.633421629667e-01 1.772374957800e-01 1.570888012648e-01 1.325030028820e-01 1.127384081483e-01 1.276965886354e-01
2.223328314722e-02 3.501182422042e-02 4.323432594538e-02 4.619815200567e-02 4.611797630787e-02 4.495765268803e-02 4.640637710690e-02 4.768951982260e-02 4.841456934810e-02 4.851976782084e-02 4.809868335724e-02 5.116952955723e-02 5.760649964213e-02 6.439009308815e-02 6.650047004223e-02 7.500370591879e-02 9.238794445992e-02 1.073166057467e-01 1.191472411156e-01 1.266510784626e-01 1.283550262451e-01 1.249073594809e-01 1.183971241117e-01 1.107266917825e-01 1.035321131349e-01 9.635626524687e-02 8.631049841642e-02 9.286913275719e-02 1.047133877873e-01 1.151323691010e-01 1.245539560914e-01 1.323451399803e-01 1.322944462299e-01 1.230700761080e-01 1.327521204948e-01 1.614469587803e-01 1.520622819662e-01 1.648783236742e-01 1.581224799156e-01 1.357794106007e-01 1.195562034845e-01 1.030188575387e-01 1.155633702874e-01
2.188471145928e-02 3.435104340315e-02 4.216899722815e-02 4.489914700389e-02 4.480665549636e-02 4.492961615324e-02 4.585045203567e-02 4.641330987215e-02 4.654831066728e-02 4.626321047544e-02 4.756221547723e-02 5.344256386161e-02 6.219858676195e-02 6.961712241173e-02 7.175923138857e-02 7.007558643818e-02 8.802621811628e-02 1.032168194652e-01 1.117949485779e-01 1.149163916707e-01 1.134314388037e-01 1.073343455791e-01 9.911742806435e-02 9.194263070822e-02 8.611692488194e-02 8.088795095682e-02 8.193225413561e-02 9.196022897959e-02 1.023860424757e-01 1.117079406977e-01 1.197973713279e-01 1.242627054453e-01 1.207979768515e-01 1.178973913193e-01 1.361699849367e-01 1.479403525591e-01 1.499569416046e-01 1.654883623123e-01 1.597999781370e-01 1.307362020016e-01 1.132852882147e-01 1.042275056243e-01 1.118532195687e-01
2.004178054631e-02 3.125409036875e-02 3.813753277063e-02 4.056832939386e-02 4.456286877394e-02 4.638474434614e-02 4.548009857535e-02 4.298817738891e-02 4.037925601006e-02 4.420553892851e-02 4.836743697524e-02 5.597152188420e-02 6.616890430450e-02 7.385823875666e-02 7.594056427479e-02 7.454227656126e-02 8.043475449085e-02 9.333597868681e-02 9.816934168339e-02 9.720072150230e-02 9.250043332577e-02 8.398777991533e-02 8.123014122248e-02 9.641125053167e-02 9.806506335735e-02 9.432453662157e-02 9.268055856228e-02 9.324862807989e-02 9.935275465250e-02 1.074266135693e-01 1.130456253886e-01 1.132363528013e-01 1.064278408885e-01 1.087671145797e-01 1.242005527020e-01 1.722957491875e-01 1.519462466240e-01 2.126416116953e-01 1.890711486340e-01 1.600178331137e-01 1.358391940594e-01 1.120749041438e-01 1.254763901234e-01
2.134039066732e-02 3.143400698900e-02 3.853807225823e-02 4.475088417530e-02 4.918554797769e-02 5.016290023923e-02 4.865370690823e-02 4.590462893248e-02 4.272937029600e-02 4.451986774802e-02 4.944476857781e-02 5.862921848893e-02 6.988304108381e-02 7.769650965929e-02 7.974100857973e-02 7.836270332336e-02 7.376238703728e-02 8.493907004595e-02 8.821772783995e-02 9.212087094784e-02 1.244940608740e-01 1.138544604182e-01 8.814953267574e-02 1.004905104637e-01 9.784203022718e-02 9.043763577938e-02 8.615309745073e-02 8.749403804541e-02 9.577346593142e-02 1.019764021039e-01 1.041313409805e-01 1.001236140728e-01 9.117503464222e-02 9.759617596865e-02 1.078666001558e-01 1.524531692266e-01 1.953142881393e-01 3.074416816235e-01 2.847869396210e-01 1.889289617538e-01 1.471749842167e-01 1.321477741003e-01 1.598477810621e-01
