100/SI/f51.grd
DSAA
101	101
32.816463539100	34.260883539100
35.556306596100	36.727886596100
1.996239181608e-03	3.627457580566e+02
[rows 0 to 18 of 101, columns 0 to 42 of 101]
3.094765543938e-01 5.524886250496e-01 4.889860153198e-01 2.926238775253e-01 2.551938295364e-01 3.363422453403e-01 6.665934920311e-01 9.249138832092e-01 8.236637711525e-01 4.893670082092e-01 3.029685616493e-01 3.480184376240e-01 3.693315386772e-01 3.564797043800e-01 3.056347370148e-01 4.614296853542e-01 6.926200985909e-01 8.030561804771e-01 5.752526521683e-01 3.708528280258e-01 4.290713071823e-01 4.646015465260e-01 3.324587941170e-01 2.978966832161e-01 3.216706216335e-01 4.394064247608e-01 6.565342545509e-01 7.506173253059e-01 9.970172643661e-01 7.963952422142e-01 5.840510129929e-01 5.492327809334e-01 4.771564304829e-01 3.790191113949e-01 3.053511083126e-01 2.964817285538e-01 2.733996212482e-01 3.701530098915e-01 5.175028443336e-01 5.919800400734e-01 4.953334927559e-01 4.287722110748e-01 4.082334041595e-01
5.732145905495e-01 1.080850720406e+00 1.059004783630e+00 7.390781641006e-01 5.324324965477e-01 6.503052711487e-01 1.283144116402e+00 1.766096234322e+00 1.555389165878e+00 9.017289876938e-01 5.207526087761e-01 5.952095985413e-01 6.283656358719e-01 5.980681180954e-01 5.121139287949e-01 6.884142160416e-01 1.093141555786e+00 1.430606603622e+00 1.295089364052e+00 7.757241725922e-01 7.829682230949e-01 1.212548732758e+00 6.402562260628e-01 5.805860757828e-01 6.637801527977e-01 8.591697812080e-01 1.101126074791e+00 1.259014129639e+00 1.895828127861e+00 1.479394555092e+00 9.504383802414e-01 8.618466854095e-01 8.653963208199e-01 6.440218091011e-01 6.934064030647e-01 7.258411049843e-01 7.311779856682e-01 8.216442465782e-01 1.030482888222e+00 1.035283565521e+00 7.656699419022e-01 7.741048336029e-01 8.449198007584e-01
5.623220205307e-01 1.152664422989e+00 1.290987253189e+00 1.104376316071e+00 7.097035646439e-01 7.514888048172e-01 1.486299395561e+00 2.009542226791e+00 1.713519334793e+00 9.343888759613e-01 6.587791442871e-01 7.423312664032e-01 7.666971087456e-01 7.092767357826e-01 5.840725302696e-01 5.511018037796e-01 7.224820256233e-01 1.076082825661e+00 1.229088664055e+00 1.001051783562e+00 1.253828763962e+00 1.875706672668e+00 8.252989053726e-01 7.207338213921e-01 8.845095634460e-01 1.070242285728e+00 1.110961437225e+00 1.145779371262e+00 2.211918592453e+00 1.660825014114e+00 9.235240817070e-01 7.923996448517e-01 1.182389259338e+00 6.313892602921e-01 6.516523957253e-01 7.487611770630e-01 9.447064995766e-01 1.193983554840e+00 1.246472716331e+00 1.032022237778e+00 1.044514656067e+00 7.196113467216e-01 9.485737681389e-01
5.067209005356e-01 1.111603260040e+00 1.309967517853e+00 1.337036132812e+00 1.073668718338e+00 7.703979015350e-01 1.555219173431e+00 2.058380842209e+00 1.658100128174e+00 8.039906024933e-01 7.305561900139e-01 8.060215711594e-01 8.023523092270e-01 7.138959765434e-01 5.678371191025e-01 5.637843012810e-01 5.369684696198e-01 6.288960576057e-01 8.159233331680e-01 9.530482292175e-01 2.103419065475e+00 2.388390064240e+00 9.305222630501e-01 7.934147715569e-01 9.781036376953e-01 1.120998620987e+00 1.072715401649e+00 1.067618727684e+00 2.218638896942e+00 1.617111921310e+00 8.266124725342e-01 6.794859170914e-01 1.362017512321e+00 7.265622615814e-01 7.379640936852e-01 1.040999531746e+00 1.285348296165e+00 1.337731361389e+00 1.131779193878e+00 1.310631990433e+00 1.262514710426e+00 7.845724821091e-01 8.713974952698e-01
4.963358342648e-01 1.065299868584e+00 1.257861018181e+00 1.378041982651e+00 1.316790819168e+00 9.301019906998e-01 1.589348196983e+00 2.059683561325e+00 1.557499408722e+00 6.793792843819e-01 7.850582003593e-01 8.352224230766e-01 8.220061063766e-01 8.189352154732e-01 7.527859807014e-01 6.368836164474e-01 5.942000150681e-01 5.913968682289e-01 8.669223785400e-01 1.747755765915e+00 2.923646211624e+00 2.625969409943e+00 1.000943660736e+00 1.111324667931e+00 9.810808300972e-01 1.097707509995e+00 9.851410388947e-01 1.063937783241e+00 2.102848291397e+00 1.525157451630e+00 9.768278002739e-01 7.718315720558e-01 1.451270580292e+00 8.279641866684e-01 1.158653020859e+00 1.384314298630e+00 1.398075342178e+00 1.179940581322e+00 8.128976821899e-01 1.347974181175e+00 1.558418393135e+00 1.049495458603e+00 6.932275295258e-01
4.570585787296e-01 9.325475692749e-01 1.124778628349e+00 1.217987298965e+00 1.348282456398e+00 1.120986104012e+00 1.591084480286e+00 1.997741580009e+00 1.407353043556e+00 7.460596561432e-01 8.352019190788e-01 9.291097521782e-01 9.908438920975e-01 9.601791501045e-01 8.653279542923e-01 7.061855792999e-01 5.717321634293e-01 6.205024123192e-01 1.377203106880e+00 2.489190101624e+00 3.402721405029e+00 2.596669912338e+00 1.112331151962e+00 1.693300843239e+00 1.042479753494e+00 1.031539201736e+00 8.840950131416e-01 1.141948223114e+00 1.883920311928e+00 1.513499021530e+00 9.858862757683e-01 8.027725219727e-01 1.680607199669e+00 1.238453149796e+00 1.466943860054e+00 1.448796987534e+00 1.202422142029e+00 8.323967456818e-01 9.165554642677e-01 1.271681785583e+00 1.911152362823e+00 1.221175670624e+00 6.629169583321e-01
5.773190259933e-01 1.024220466614e+00 9.599168896675e-01 9.496316909790e-01 1.167771339417e+00 1.128934383392e+00 1.569384694099e+00 1.913773894310e+00 1.266366004944e+00 8.241069316864e-01 9.340435862541e-01 1.063066482544e+00 1.078544378281e+00 1.004923701286e+00 8.577026128769e-01 7.932004332542e-01 7.652412056923e-01 9.569927453995e-01 1.856157779694e+00 2.973461389542e+00 3.526686668396e+00 2.375193357468e+00 1.416316390038e+00 2.148370265961e+00 1.511944532394e+00 9.551584720612e-01 8.361237645149e-01 2.115116596222e+00 2.974943161011e+00 1.931870937347e+00 1.092032670975e+00 9.370155334473e-01 1.843905210495e+00 1.452027440071e+00 1.450108051300e+00 1.203842759132e+00 8.398149013519e-01 9.202145338058e-01 1.332789897919e+00 1.681684970856e+00 1.967935681343e+00 1.424288034439e+00 7.051164507866e-01
5.878774523735e-01 1.173957586288e+00 1.211290717125e+00 8.761231303215e-01 8.517689704895e-01 9.482075572014e-01 1.550819635391e+00 1.875325441360e+00 1.182485342026e+00 8.925241231918e-01 1.053732275963e+00 1.125719428062e+00 1.090525627136e+00 9.648532867432e-01 8.769455552101e-01 1.021243810654e+00 1.138706088066e+00 1.260240316391e+00 2.270656108856e+00 3.224889516830e+00 3.464339017868e+00 2.138095140457e+00 1.541867613792e+00 2.364718675613e+00 1.841203570366e+00 1.174820661545e+00 8.442888259888e-01 3.212308883667e+00 4.168563365936e+00 2.270167350769e+00 1.192901253700e+00 1.066094994545e+00 1.817406654358e+00 1.334609270096e+00 1.300438165665e+00 9.252012372017e-01 8.828528523445e-01 1.314260005951e+00 1.735419273376e+00 1.916505217552e+00 1.736596703529e+00 1.804114341736e+00 7.972044348717e-01
5.105936527252e-01 1.113995909691e+00 1.382240653038e+00 1.256071686745e+00 8.343133330345e-01 8.309829235077e-01 1.536943554878e+00 1.862805724144e+00 1.140790343285e+00 1.002841472626e+00 1.116762995720e+00 1.129449725151e+00 1.036587476730e+00 8.839778304100e-01 9.336813092232e-01 1.087905287743e+00 1.473354935646e+00 1.506699204445e+00 2.500548839569e+00 3.175738573074e+00 3.147926330566e+00 1.860181331635e+00 1.579726815224e+00 2.263971805573e+00 1.988198518753e+00 1.358848333359e+00 1.067397594452e+00 4.141102313995e+00 4.862504005432e+00 2.506164073944e+00 1.321745872498e+00 1.017928004265e+00 1.841990113258e+00 1.210536479950e+00 1.426881909370e+00 1.359681129456e+00 1.319945573807e+00 1.769587397575e+00 2.035494327545e+00 1.925045728683e+00 1.415768384933e+00 2.242251873016e+00 9.331526756287e-01
5.246284604073e-01 9.290931820869e-01 1.307862162590e+00 1.477668404579e+00 1.259038329124e+00 8.438643217087e-01 1.543003082275e+00 1.862760305405e+00 1.116883993149e+00 1.060415267944e+00 1.119776248932e+00 1.074708819389e+00 1.162485122681e+00 1.267179369926e+00 1.326554179192e+00 1.346471905708e+00 1.601762056351e+00 1.737008690834e+00 2.569887876511e+00 2.946973562241e+00 2.731266975403e+00 1.590635657310e+00 1.433053135872e+00 1.981498360634e+00 1.922015786171e+00 1.398277044296e+00 1.156614184380e+00 4.698524951935e+00 5.166707038879e+00 2.601984739304e+00 1.158489465714e+00 9.017286896706e-01 1.996541738510e+00 1.201111197472e+00 1.460406661034e+00 1.421991229057e+00 1.837572097778e+00 2.116428136826e+00 2.072027683258e+00 1.661219716072e+00 1.219946861267e+00 2.440746307373e+00 1.219194650650e+00
5.298306345940e-01 1.059688687325e+00 1.093531131744e+00 1.418777108192e+00 1.549187183380e+00 1.244987368584e+00 1.531216144562e+00 1.835722804070e+00 1.082420349121e+00 1.071112036705e+00 1.167849421501e+00 1.367666006088e+00 1.517828822136e+00 1.602317810059e+00 1.642593860626e+00 1.658923268318e+00 1.643365621567e+00 2.117487430573e+00 2.964864492416e+00 3.138353109360e+00 2.636248826981e+00 1.946963787079e+00 1.364514350891e+00 1.692013263702e+00 1.735056519508e+00 1.247230291367e+00 1.344520807266e+00 4.958137512207e+00 5.287265300751e+00 2.553822994232e+00 1.097361445427e+00 9.523908495903e-01 1.954048752785e+00 1.223295688629e+00 1.624324321747e+00 1.970490574837e+00 2.198852300644e+00 2.158542394638e+00 1.792396545410e+00 1.372650742531e+00 1.383849620819e+00 2.351052284241e+00 1.586738586426e+00
4.504173099995e-01 9.473993182182e-01 1.132564783096e+00 1.186422109604e+00 1.534940123558e+00 1.614990830421e+00 1.486573219299e+00 1.771400690079e+00 1.040350675583e+00 1.259271502495e+00 1.465736269951e+00 1.634780287743e+00 1.751555085182e+00 1.819458961487e+00 1.844048857689e+00 1.842927217484e+00 1.826061606407e+00 2.824562072754e+00 3.853429079056e+00 3.995591640472e+00 3.438113927841e+00 2.691412687302e+00 1.967224121094e+00 1.436607122421e+00 1.915998458862e+00 1.836679577827e+00 1.642781734467e+00 4.761784076691e+00 4.686348438263e+00 2.329002857208e+00 1.354439496994e+00 1.599612951279e+00 1.804129481316e+00 1.954866051674e+00 2.217935800552e+00 2.318700551987e+00 2.225335359573e+00 1.877231240273e+00 1.832159399986e+00 2.130364179611e+00 1.595421910286e+00 2.016449213028e+00 1.927427768707e+00
3.629481494427e-01 7.146213054657e-01 9.462860226631e-01 1.117988109589e+00 1.303316831589e+00 1.647030115128e+00 1.652927160263e+00 1.677876114845e+00 1.292102456093e+00 1.502145051956e+00 1.653403401375e+00 1.750704050064e+00 1.809783697128e+00 1.843471765518e+00 1.848077654839e+00 1.841266632080e+00 1.844146251678e+00 3.117853164673e+00 4.203058242798e+00 4.281082153320e+00 3.693836212158e+00 3.003327131271e+00 2.345378160477e+00 1.715606331825e+00 2.584385395050e+00 2.498209476471e+00 2.105929136276e+00 4.155500411987e+00 3.691806077957e+00 1.985681772232e+00 2.367085218430e+00 2.666464090347e+00 2.652572393417e+00 2.560638427734e+00 2.529030323029e+00 2.406996011734e+00 2.329641103745e+00 2.206571102142e+00 2.015234470367e+00 2.874265909195e+00 1.797246932983e+00 1.540680170059e+00 2.485265016556e+00
4.600417017937e-01 9.008254408836e-01 8.866252899170e-01 8.635569810867e-01 1.056301951408e+00 1.418999791145e+00 1.765111565590e+00 1.682308554649e+00 1.439078092575e+00 1.599456667900e+00 1.680695414543e+00 1.707762718201e+00 1.696856260300e+00 1.660268664360e+00 1.619493603706e+00 1.614023566246e+00 1.657631158829e+00 2.870546579361e+00 3.791987657547e+00 3.911670446396e+00 3.504748821259e+00 2.967073917389e+00 2.447284460068e+00 1.934126496315e+00 2.562257051468e+00 2.645828008652e+00 2.335470676422e+00 3.411770343781e+00 2.707567930222e+00 2.066839694977e+00 2.782920360565e+00 3.144101858139e+00 2.998537302017e+00 2.738315105438e+00 2.427713155746e+00 2.279158592224e+00 2.148377895355e+00 1.997943639755e+00 1.823040008545e+00 3.035343647003e+00 2.791296243668e+00 1.591939210892e+00 2.826174259186e+00
5.921825170517e-01 1.183527708054e+00 1.188802719116e+00 1.166126012802e+00 1.125787496567e+00 1.107079267502e+00 1.553698182106e+00 1.889323592186e+00 1.669461846352e+00 1.567063927650e+00 1.588459730148e+00 1.555259585381e+00 1.487409114838e+00 1.396950840950e+00 1.318647623062e+00 1.302170991898e+00 1.354829430580e+00 2.274837017059e+00 2.923128128052e+00 3.076713085175e+00 2.874224662781e+00 2.579005479813e+00 2.275987148285e+00 1.950995802879e+00 2.017713546753e+00 2.197704553604e+00 2.145332098007e+00 3.417659282684e+00 1.994657754898e+00 2.123234272003e+00 2.749373197556e+00 3.054563283920e+00 2.924203634262e+00 2.419175148010e+00 1.766125440598e+00 1.938605427742e+00 1.593266367912e+00 1.685563206673e+00 1.640841126442e+00 2.509275197983e+00 3.718484401703e+00 1.616755843163e+00 2.847197294235e+00
5.997320413589e-01 1.217714190483e+00 1.260521531105e+00 1.321698069572e+00 1.366672396660e+00 1.377178788185e+00 1.394197940826e+00 1.704226374626e+00 1.978181600571e+00 1.586448669434e+00 1.429947614670e+00 1.357613205910e+00 1.264129281044e+00 1.205376744270e+00 1.296154022217e+00 1.324020504951e+00 1.403097748756e+00 1.950926303864e+00 2.055318355560e+00 2.198873519897e+00 2.150860548019e+00 1.995584368706e+00 1.864270567894e+00 1.767045259476e+00 1.689796447754e+00 1.655357241631e+00 2.212439537048e+00 3.626307487488e+00 2.449266910553e+00 2.396468639374e+00 2.856029033661e+00 2.899500131607e+00 2.417281627655e+00 2.392852067947e+00 1.305409789085e+00 2.295492172241e+00 2.119062662125e+00 1.963221907616e+00 1.684178352356e+00 1.764578461647e+00 4.221055030823e+00 2.314385414124e+00 2.531489610672e+00
6.747627854347e-01 1.165217757225e+00 1.146914362907e+00 1.195332050323e+00 1.259956002235e+00 1.388502478600e+00 1.470960021019e+00 1.547109842300e+00 1.826914191246e+00 1.929994344711e+00 1.599397897720e+00 1.582786321640e+00 1.596464514732e+00 1.446635007858e+00 1.341020584106e+00 1.465733766556e+00 1.600255727768e+00 2.010821342468e+00 2.027651548386e+00 1.678626418114e+00 1.475723028183e+00 1.725071191788e+00 2.149870872498e+00 2.231131553650e+00 2.013389825821e+00 1.652962923050e+00 2.452747106552e+00 3.700675725937e+00 2.466545581818e+00 2.591521501541e+00 2.724936723709e+00 2.792261838913e+00 2.985296964645e+00 2.669270277023e+00 1.671578288078e+00 2.578934431076e+00 2.362723588943e+00 1.956368803978e+00 1.474018692970e+00 1.718082666397e+00 4.055614948273e+00 3.545905828476e+00 1.954390168190e+00
7.723011970520e-01 1.423056006432e+00 1.534376978874e+00 1.325138688087e+00 1.202312469482e+00 1.298964500427e+00 1.325483918190e+00 1.277544856071e+00 1.403535723686e+00 1.782592892647e+00 1.960637569427e+00 2.013581514359e+00 1.971387743950e+00 1.817898273468e+00 1.721207141876e+00 1.658052802086e+00 1.620567560196e+00 2.017256021500e+00 2.115051269531e+00 1.861045956612e+00 1.507618188858e+00 1.383483767509e+00 1.519443511963e+00 1.691430926323e+00 1.732303977013e+00 1.755129814148e+00 2.150889635086e+00 3.564711332321e+00 2.540167570114e+00 2.203937292099e+00 2.522454738617e+00 2.897197246552e+00 3.222549200058e+00 2.738089084625e+00 1.926743149757e+00 2.843180179596e+00 2.270740032196e+00 1.765129327774e+00 1.336194157600e+00 1.570494294167e+00 3.270597934723e+00 4.795901298523e+00 2.138120889664e+00
7.599022984505e-01 1.490680217743e+00 1.773786544800e+00 1.672238707542e+00 1.267449855804e+00 9.702875018120e-01 1.175467252731e+00 1.330829977989e+00 1.426879286766e+00 1.440122604370e+00 1.938763856888e+00 2.146049261093e+00 2.017328739166e+00 2.021580696106e+00 2.038358926773e+00 2.009178400040e+00 1.780296444893e+00 2.002641201019e+00 2.187966108322e+00 1.989608287811e+00 1.466690182686e+00 1.796601533890e+00 1.699312448502e+00 1.758604526520e+00 1.563226222992e+00 1.537558197975e+00 1.617371678352e+00 3.310848474503e+00 3.009041309357e+00 2.386001348495e+00 2.322145223618e+00 2.458948612213e+00 3.034370899200e+00 2.704415559769e+00 2.184276103973e+00 2.742515325546e+00 1.986120223999e+00 1.589342474937e+00 1.502820134163e+00 1.402583479881e+00 2.239469051361e+00 5.611650466919e+00 2.238655328751e+00
