100/SI/f51.grd
DSAA
101	101
32.816463539100	34.260883539100
35.556306596100	36.727886596100
1.996239181608e-03	3.627457580566e+02
[rows 76 to 94 of 101, columns 0 to 42 of 101]
2.228495664895e-02 3.222075849771e-02 4.265275597572e-02 5.041538551450e-02 5.409055575728e-02 5.437236651778e-02 5.249954760075e-02 4.957123473287e-02 4.625312611461e-02 4.772258177400e-02 5.405962094665e-02 6.487203389406e-02 7.683502137661e-02 8.447306603193e-02 8.593862503767e-02 8.331523090601e-02 7.577227056026e-02 8.050762116909e-02 8.295036107302e-02 8.765974640846e-02 1.203826889396e-01 1.174074634910e-01 7.925382256508e-02 8.621202409267e-02 8.010899275541e-02 7.332938909531e-02 7.666765898466e-02 8.519363403320e-02 9.497265517712e-02 1.005263105035e-01 9.692493081093e-02 9.138588607311e-02 8.893224596977e-02 8.847186714411e-02 9.769390523434e-02 1.148493438959e-01 2.146854400635e-01 2.631123960018e-01 2.479985952377e-01 1.812917739153e-01 1.820042133331e-01 2.987060844898e-01 5.256101489067e-01
2.253067493439e-02 3.637986257672e-02 4.822042584419e-02 5.554466694593e-02 5.842368304729e-02 5.808595195413e-02 5.577231943607e-02 5.238085612655e-02 5.178209766746e-02 5.760016664863e-02 6.638248264790e-02 7.855186611414e-02 8.979660272598e-02 9.525061398745e-02 9.372986108065e-02 8.688780665398e-02 7.399094104767e-02 7.595711946487e-02 7.636416703463e-02 6.808790564537e-02 6.870394945145e-02 7.170465588570e-02 6.566956639290e-02 7.758959382772e-02 8.227083832026e-02 7.561233639717e-02 8.222185075283e-02 9.914422780275e-02 1.101757064462e-01 1.115810945630e-01 1.042082607746e-01 9.573291242123e-02 9.554498642683e-02 9.088755398989e-02 1.085433065891e-01 1.182618364692e-01 1.922805756330e-01 2.158669531345e-01 2.457840591669e-01 2.807589471340e-01 5.831489562988e-01 7.721046209335e-01 7.402690052986e-01
2.391955815256e-02 3.811151906848e-02 4.958640038967e-02 5.605321750045e-02 5.808494612575e-02 5.709053575993e-02 5.418269708753e-02 5.608031898737e-02 6.329274177551e-02 7.091672718525e-02 8.074960112572e-02 9.112017601728e-02 9.784731268883e-02 9.769458323717e-02 9.070985764265e-02 7.879193127155e-02 6.264402717352e-02 6.560617685318e-02 6.362439692020e-02 5.588032677770e-02 5.238455161452e-02 5.869448557496e-02 6.969779729843e-02 9.294272214174e-02 9.797602146864e-02 8.949726819992e-02 1.099966913462e-01 1.194730624557e-01 1.223215162754e-01 1.197306066751e-01 1.120352745056e-01 1.039328798652e-01 9.905446320772e-02 1.089647486806e-01 1.406726986170e-01 1.834037899971e-01 2.412610501051e-01 2.965845167637e-01 2.671070694923e-01 6.752722263336e-01 7.906422615051e-01 7.452205419540e-01 7.385085225105e-01
2.156549878418e-02 3.405296057463e-02 4.386291652918e-02 4.910185933113e-02 5.040706694126e-02 4.899862781167e-02 5.313896760345e-02 6.053815037012e-02 6.650288403034e-02 7.244856655598e-02 7.870055735111e-02 8.337149024010e-02 8.397304266691e-02 7.911786437035e-02 6.992675364017e-02 5.854393914342e-02 5.417693406343e-02 5.219073966146e-02 4.872137680650e-02 4.749260470271e-02 4.831878468394e-02 5.365821719170e-02 8.360937982798e-02 1.138407960534e-01 1.232861801982e-01 1.285522133112e-01 1.350961476564e-01 1.362880766392e-01 1.284962296486e-01 1.208988726139e-01 1.144492030144e-01 1.086936444044e-01 1.291045099497e-01 1.379243284464e-01 1.760118007660e-01 2.028655111790e-01 1.977671831846e-01 3.197250962257e-01 3.946749567986e-01 6.244363188744e-01 6.964045166969e-01 6.803169250488e-01 6.884745955467e-01
1.764790900052e-02 2.820524200797e-02 3.430991619825e-02 3.794606029987e-02 3.893626481295e-02 4.271245002747e-02 4.907948523760e-02 5.303861573339e-02 5.492466688156e-02 5.663491785526e-02 5.861209332943e-02 5.981583893299e-02 5.872851982713e-02 5.441306158900e-02 5.558750405908e-02 5.682469531894e-02 5.613794550300e-02 5.317885801196e-02 4.859432950616e-02 4.662178829312e-02 4.518160596490e-02 5.497639253736e-02 9.408836066723e-02 1.295066922903e-01 1.470670253038e-01 1.546066403389e-01 1.560859382153e-01 1.621517688036e-01 1.580722630024e-01 1.365723013878e-01 1.180467009544e-01 1.153713315725e-01 1.405752152205e-01 1.459490954876e-01 1.477347612381e-01 1.690425127745e-01 2.245558649302e-01 3.073665201664e-01 4.076027572155e-01 4.340624213219e-01 6.785318851471e-01 8.483229875565e-01 6.704092025757e-01
2.393312007189e-02 3.487261012197e-02 4.279718920588e-02 4.706133529544e-02 4.897871613503e-02 4.984565824270e-02 5.014033615589e-02 4.982523992658e-02 4.888387769461e-02 4.757060483098e-02 4.799825325608e-02 5.213339626789e-02 5.571763589978e-02 5.880242586136e-02 6.095034256577e-02 6.143737584352e-02 5.963758379221e-02 5.537683889270e-02 5.241952836514e-02 5.107457935810e-02 4.906705394387e-02 6.034294888377e-02 9.685517102480e-02 1.335659772158e-01 3.311676084995e-01 9.699460268021e-01 1.030272722244e+00 4.659937322140e-01 2.729250788689e-01 2.159083485603e-01 1.542220562696e-01 1.203732490540e-01 1.413082629442e-01 1.857972741127e-01 1.460840553045e-01 1.829462200403e-01 2.030651718378e-01 3.164660036564e-01 5.531594753265e-01 5.689257979393e-01 6.304297447205e-01 8.554283380508e-01 1.193062067032e+00
3.375163301826e-02 4.884778708220e-02 5.940222367644e-02 6.444904953241e-02 6.582617759705e-02 6.543037295341e-02 6.410694122314e-02 6.210144609213e-02 5.954943597317e-02 5.666229128838e-02 6.526217609644e-02 7.496060431004e-02 8.336941152811e-02 8.912317454815e-02 9.106373786926e-02 8.864323049784e-02 8.188574016094e-02 7.129611074924e-02 6.900898367167e-02 6.544251739979e-02 6.101632118225e-02 7.195422798395e-02 9.673216938972e-02 2.186103761196e-01 9.122589230537e-01 2.604361057281e+00 2.841709375381e+00 1.510141849518e+00 6.246744990349e-01 3.078716993332e-01 1.998127102852e-01 1.577024757862e-01 1.353198736906e-01 1.973826438189e-01 2.069588750601e-01 2.150278240442e-01 1.931653171778e-01 2.977606654167e-01 6.490576267242e-01 9.774786233902e-01 6.510744690895e-01 6.644191145897e-01 1.496129870415e+00
4.226979985833e-02 6.032398343086e-02 7.212220877409e-02 7.664182037115e-02 7.638330757618e-02 7.383421808481e-02 7.021905481815e-02 6.823931634426e-02 7.777016609907e-02 9.488674253225e-02 1.125423088670e-01 1.292052716017e-01 1.433842480183e-01 1.545708775520e-01 1.623017489910e-01 1.651340425014e-01 1.609715074301e-01 1.474163532257e-01 1.220734715462e-01 9.392337501049e-02 8.643261343241e-02 8.921068906784e-02 1.923313289881e-01 3.478012681007e-01 1.081488728523e+00 8.575184822083e+00 1.676094055176e+01 3.711196660995e+00 1.669724106789e+00 5.772231221199e-01 2.434155493975e-01 1.944154053926e-01 1.781839877367e-01 2.473992109299e-01 2.974922955036e-01 2.908432483673e-01 2.413606047630e-01 3.649420142174e-01 5.454497933388e-01 1.191551804543e+00 1.203452944756e+00 6.460319161415e-01 1.532882571220e+00
4.483736306429e-02 6.268743425608e-02 7.320616394281e-02 7.566572725773e-02 7.303867489100e-02 7.560478150845e-02 8.363091200590e-02 8.893091231585e-02 1.040266156197e-01 1.281133443117e-01 1.532407850027e-01 1.770980060101e-01 1.980494409800e-01 2.167506664991e-01 2.346850633621e-01 2.516969442368e-01 2.632827758789e-01 2.594944536686e-01 2.263070940971e-01 1.639459878206e-01 1.255704760551e-01 1.789687126875e-01 3.161028921604e-01 4.491471946239e-01 2.029322624207e+00 4.819590568542e+00 6.710787296295e+00 2.037862062454e+00 8.848848342896e-01 4.815672636032e-01 3.805128037930e-01 4.470204710960e-01 5.740842223167e-01 5.305900573730e-01 3.733009696007e-01 3.765595555305e-01 3.181017637253e-01 3.723234236240e-01 4.050392806530e-01 7.791450619698e-01 1.037185549736e+00 7.272458076477e-01 2.562628746033e+00
6.022613495588e-02 9.540791809559e-02 1.203535571694e-01 1.346034109592e-01 1.426279991865e-01 1.458585560322e-01 1.446310877800e-01 1.395317167044e-01 1.315737515688e-01 1.331527382135e-01 1.608663946390e-01 1.888405382633e-01 2.154601961374e-01 2.410051673651e-01 2.681393623352e-01 3.000432550907e-01 3.314179182053e-01 3.443406522274e-01 3.130098581314e-01 3.788369596004e-01 2.781750261784e-01 3.017177879810e-01 3.991691172123e-01 5.563423037529e-01 1.028792142868e+00 3.646887242794e-01 2.943093478680e-01 2.938606739044e-01 4.156849384308e-01 3.461493551731e-01 4.045992195606e-01 3.030844211578e+00 2.069427728653e+00 1.400379538536e+00 8.385729789734e-01 1.240417957306e+00 1.139153003693e+00 5.361527204514e-01 4.329093396664e-01 4.791448712349e-01 7.140794992447e-01 1.950877547264e+00 2.958920955658e+00
1.103543490171e-01 1.715632826090e-01 2.102555632591e-01 2.260669469833e-01 2.288081049919e-01 2.233725637197e-01 2.122283577919e-01 1.975131034851e-01 1.844339966774e-01 1.926296353340e-01 1.990185081959e-01 2.021920830011e-01 2.085951119661e-01 2.371765822172e-01 2.640087306499e-01 2.940036356449e-01 3.241226375103e-01 4.758816063404e-01 6.151487231255e-01 6.206254959106e-01 6.360540390015e-01 6.351162195206e-01 4.727772176266e-01 5.604947209358e-01 2.722332179546e-01 2.068126052618e-01 1.923587322235e-01 1.670462042093e-01 1.873073726892e-01 2.616441547871e-01 6.485337615013e-01 3.589251518250e+00 2.652094841003e+00 1.532576441765e+00 1.362572073936e+00 2.877636909485e+00 2.745736598969e+00 1.248812317848e+00 9.488294124603e-01 8.543737530708e-01 1.089770317078e+00 1.841711521149e+00 3.350769996643e+00
1.559375524521e-01 2.371776103973e-01 2.790224552155e-01 2.908263802528e-01 3.580182492733e-01 3.873862028122e-01 3.836336731911e-01 3.600305318832e-01 3.265637159348e-01 2.912971973419e-01 2.962942719460e-01 2.918007075787e-01 2.966604828835e-01 3.426878750324e-01 5.074648261070e-01 6.017295122147e-01 6.714289188385e-01 6.500029563904e-01 4.844790697098e-01 5.404636263847e-01 5.692915916443e-01 4.771222770214e-01 3.803514540195e-01 2.148712724447e-01 1.887570917606e-01 1.486497372389e-01 1.234421953559e-01 9.934117645025e-02 9.244201332331e-02 1.607842743397e-01 2.561056911945e-01 1.449355959892e+00 1.774861812592e+00 2.674967050552e+00 2.855571985245e+00 3.901991128922e+00 2.645303964615e+00 1.224014163017e+00 2.632220983505e+00 2.190423727036e+00 1.488693118095e+00 1.795683264732e+00 5.732115745544e+00
1.823855042458e-01 2.746930122375e-01 3.175882697105e-01 3.605718910694e-01 4.396955668926e-01 4.724212884903e-01 4.650259017944e-01 4.334429800510e-01 3.891724348068e-01 3.409274816513e-01 2.935636639595e-01 3.191331923008e-01 3.698014318943e-01 4.254640638828e-01 4.633451104164e-01 4.770648777485e-01 4.497987627983e-01 3.723283112049e-01 2.965400815010e-01 2.585982084274e-01 2.228213399649e-01 1.584058701992e-01 1.354956775904e-01 1.297363340855e-01 1.156184524298e-01 9.440403431654e-02 7.293248921633e-02 7.042834162712e-02 8.980485796928e-02 1.328120082617e-01 1.904328316450e-01 7.840356826782e-01 8.148456215858e-01 1.578069329262e+00 1.842102766037e+00 4.378118515015e+00 3.781641244888e+00 2.096322298050e+00 1.937799572945e+00 7.670842647552e+00 1.808193206787e+01 4.649650573730e+00 2.849915981293e+00
1.358497738838e-01 2.026605308056e-01 2.314646840096e-01 2.388412952423e-01 2.867417335510e-01 3.049378097057e-01 2.982892394066e-01 2.768642902374e-01 2.476066648960e-01 2.162183523178e-01 1.959388256073e-01 2.125753313303e-01 2.223240882158e-01 2.249970138073e-01 2.208364158869e-01 2.175148874521e-01 1.960135698318e-01 1.551528275013e-01 1.807056963444e-01 1.703522354364e-01 1.357304602861e-01 1.009723544121e-01 9.468106180429e-02 8.451801538467e-02 7.074133306742e-02 5.569428578019e-02 6.488008052111e-02 9.008155018091e-02 1.127357259393e-01 2.242917865515e-01 2.852441668510e-01 4.308790862560e-01 7.463661432266e-01 5.587818026543e-01 4.831713736057e-01 5.829135775566e-01 3.617003917694e+00 2.203057289124e+00 1.596546530724e+00 1.029381275177e+01 2.269689178467e+01 2.467120647430e+00 8.874076604843e-01
6.420911848545e-02 9.480468928814e-02 1.138526573777e-01 1.292520016432e-01 1.351528167725e-01 1.390788555145e-01 1.405796706676e-01 1.334481984377e-01 1.271481662989e-01 1.255603283644e-01 1.234599500895e-01 1.137910708785e-01 1.198420450091e-01 1.237994357944e-01 1.232449933887e-01 1.169146969914e-01 1.494736373425e-01 1.911292225122e-01 1.803231686354e-01 1.350676417351e-01 8.623293042183e-02 6.380508095026e-02 5.794733390212e-02 5.026952922344e-02 4.238991811872e-02 6.605368107557e-02 1.015692129731e-01 1.354404389858e-01 1.810003817081e-01 2.932323515415e-01 4.098661541939e-01 5.524891614914e-01 6.295263171196e-01 7.453688383102e-01 3.651058077812e-01 3.859423100948e-01 7.408974170685e-01 1.828957915306e+00 3.030804157257e+00 3.273528337479e+00 1.688082337379e+00 6.348231434822e-01 5.920332670212e-01
4.349707067013e-02 6.348177790642e-02 8.019561320543e-02 9.055294096470e-02 9.475913643837e-02 9.454848617315e-02 9.188354760408e-02 8.749759942293e-02 8.237991482019e-02 7.697810977697e-02 7.143398374319e-02 6.587927788496e-02 6.052184104919e-02 6.106480211020e-02 6.023436039686e-02 8.135553449392e-02 1.388546526432e-01 1.645844876766e-01 1.411485224962e-01 9.748163074255e-02 5.944908410311e-02 3.853888064623e-02 3.949586302042e-02 4.332080110908e-02 5.901625752449e-02 1.001857146621e-01 1.508433818817e-01 2.070187926292e-01 2.919234037399e-01 4.042701423168e-01 6.044790148735e-01 6.234155893326e-01 5.575049519539e-01 3.073978722095e-01 2.350118607283e-01 3.204341232777e-01 3.909201025963e-01 1.362445950508e+00 3.591960430145e+00 2.116454124451e+00 1.241485357285e+00 5.414419174194e-01 5.139337182045e-01
3.121736831963e-02 4.509403556585e-02 5.630926415324e-02 6.324869394302e-02 6.632024049759e-02 6.666006147861e-02 6.518076360226e-02 6.248858943582e-02 5.897064507008e-02 5.483254790306e-02 5.025903135538e-02 4.541544616222e-02 4.850271716714e-02 4.872622340918e-02 4.496365785599e-02 4.822199791670e-02 8.651417493820e-02 1.079112961888e-01 1.010975837708e-01 7.930333167315e-02 5.614193528891e-02 3.780131414533e-02 4.229146987200e-02 4.868729785085e-02 8.332996070385e-02 1.815815418959e-01 3.834493458271e-01 3.529503345490e-01 2.935208380222e-01 5.443172454834e-01 7.402174472809e-01 6.343626976013e-01 4.470919072628e-01 2.099895477295e-01 2.310583442450e-01 3.169595301151e-01 4.104599952698e-01 1.685780763626e+00 2.909569740295e+00 1.239951848984e+00 7.152406573296e-01 4.320080876350e-01 3.881798386574e-01
2.130731567740e-02 3.047780878842e-02 3.774218261242e-02 4.215766489506e-02 4.407511651516e-02 4.423683881760e-02 4.317253828049e-02 4.121968150139e-02 3.858127444983e-02 3.541323542595e-02 3.476594015956e-02 3.898013010621e-02 4.061251506209e-02 3.881413489580e-02 3.602445125580e-02 4.122719168663e-02 4.580835625529e-02 5.512842163444e-02 6.322316080332e-02 6.119355931878e-02 5.221280083060e-02 4.133005812764e-02 4.515689983964e-02 6.229791045189e-02 1.084415242076e-01 3.139404058456e-01 4.460470080376e-01 2.721508145332e-01 2.985837161541e-01 5.749483704567e-01 7.775865197182e-01 6.158358454704e-01 4.206238687038e-01 2.891113758087e-01 3.269448280334e-01 3.167836666107e-01 7.136080861092e-01 2.928871154785e+00 2.242671966553e+00 5.102804899216e-01 1.025460600853e+00 4.416422843933e-01 3.002646565437e-01
1.299482863396e-02 1.840007118881e-02 2.261228114367e-02 2.509501203895e-02 2.607439085841e-02 2.599396556616e-02 2.516293711960e-02 2.377983927727e-02 2.199678495526e-02 2.674372866750e-02 3.120097331703e-02 3.410341218114e-02 3.431465849280e-02 3.673947975039e-02 4.251560196280e-02 4.836846888065e-02 5.348783358932e-02 5.683619901538e-02 5.740324407816e-02 5.480552837253e-02 5.003216490149e-02 4.662533476949e-02 5.187349766493e-02 7.763441652060e-02 1.308240145445e-01 3.508754968643e-01 3.682939112186e-01 2.996251285076e-01 2.722876966000e-01 5.139186978340e-01 7.198552489281e-01 5.613971948624e-01 5.374276041985e-01 3.631452023983e-01 3.936780393124e-01 2.937636077404e-01 7.012964487076e-01 1.698683023453e+00 9.554715156555e-01 6.023852825165e-01 1.362141013145e+00 4.356262683868e-01 2.297128885984e-01
