100/SI/f51.grd
DSAA
101	101
32.816463539100	34.260883539100
35.556306596100	36.727886596100
1.996239181608e-03	3.627457580566e+02
[rows 19 to 37 of 101, columns 0 to 42 of 101]
6.685135364532e-01 1.363281846046e+00 1.744927048683e+00 1.779507040977e+00 1.468903899193e+00 1.152563571930e+00 7.962085008621e-01 9.187921881676e-01 1.076896429062e+00 1.288845062256e+00 1.715693593025e+00 2.039237022400e+00 1.962276697159e+00 2.123270034790e+00 2.136499881744e+00 2.070152282715e+00 1.967725515366e+00 1.985405683517e+00 2.257531404495e+00 2.007771253586e+00 2.034434318542e+00 2.185528278351e+00 2.313422203064e+00 2.246848583221e+00 1.995761990547e+00 1.700571298599e+00 1.758918404579e+00 2.883398771286e+00 3.413761615753e+00 2.571069002151e+00 2.376854419708e+00 2.193243980408e+00 2.278214216232e+00 2.274657964706e+00 2.255332469940e+00 2.272227764130e+00 1.788675904274e+00 1.564444184303e+00 1.678929924965e+00 1.643707275391e+00 2.351684331894e+00 5.605421543121e+00 2.625263214111e+00
5.241200327873e-01 1.101595997810e+00 1.486569404602e+00 1.627596616745e+00 1.448535919189e+00 1.377372026443e+00 1.262163877487e+00 8.641961216927e-01 1.142219305038e+00 1.337456345558e+00 1.493458271027e+00 1.862556338310e+00 1.638991951942e+00 1.906187057495e+00 2.056148529053e+00 2.118224620819e+00 2.111618518829e+00 2.016979694366e+00 2.584240198135e+00 2.064691066742e+00 2.372955560684e+00 2.814848661423e+00 3.038158893585e+00 3.080626964569e+00 2.809832334518e+00 2.168663978577e+00 2.331430673599e+00 2.343766927719e+00 3.594526290894e+00 2.610199451447e+00 2.242321014404e+00 2.128275632858e+00 2.074245452881e+00 1.974999070168e+00 1.924383163452e+00 2.475285768509e+00 1.715427637100e+00 1.806090116501e+00 1.838933944702e+00 1.913681507111e+00 2.909631729126e+00 4.756027698517e+00 3.904837846756e+00
3.879660069942e-01 8.029337525368e-01 1.126823544502e+00 1.297910332680e+00 1.225877642632e+00 1.058237075806e+00 1.303214192390e+00 1.286587715149e+00 1.455793261528e+00 1.729824900627e+00 1.986374378204e+00 2.607762575150e+00 3.110519886017e+00 2.834116697311e+00 1.925907731056e+00 1.899491310120e+00 2.003380298615e+00 2.155078887939e+00 3.763664484024e+00 2.876398324966e+00 2.181258201599e+00 3.422404289246e+00 3.629535436630e+00 4.147878646851e+00 3.317425251007e+00 2.932732105255e+00 2.915796995163e+00 1.865556120872e+00 3.394616365433e+00 2.404950857162e+00 1.860459685326e+00 1.950585484505e+00 2.303813219070e+00 1.795730829239e+00 1.958573102951e+00 2.624708175659e+00 2.088767051697e+00 1.920061230659e+00 1.988997817039e+00 2.164750814438e+00 3.389221429825e+00 3.418503046036e+00 5.179459095001e+00
5.443906784058e-01 9.777772426605e-01 9.147941470146e-01 9.583387970924e-01 1.155212759972e+00 1.460277676582e+00 1.700527191162e+00 2.024713754654e+00 2.450595140457e+00 3.069938421249e+00 3.888839960098e+00 4.853505611420e+00 5.429121017456e+00 4.700652599335e+00 2.958195209503e+00 1.771434783936e+00 2.444220304489e+00 3.432320833206e+00 4.343635082245e+00 3.554188013077e+00 2.823226690292e+00 3.717426538467e+00 3.954318284988e+00 4.662118911743e+00 3.301192045212e+00 3.342051744461e+00 3.467934846878e+00 2.176137208939e+00 2.785974025726e+00 1.990741133690e+00 1.748706459999e+00 1.731323003769e+00 2.392820835114e+00 2.372867107391e+00 2.356224536896e+00 2.238674402237e+00 2.935444831848e+00 2.109803438187e+00 2.146768331528e+00 2.374210596085e+00 3.772984027863e+00 3.261872529984e+00 6.015931129456e+00
5.312860608101e-01 1.093561291695e+00 1.185551643372e+00 1.135077834129e+00 1.451464891434e+00 1.971544384956e+00 2.156230926514e+00 2.271760225296e+00 2.511696338654e+00 2.899722576141e+00 3.484686136246e+00 3.955799579620e+00 4.036940574646e+00 3.446744441986e+00 2.528801441193e+00 2.198758125305e+00 2.400439023972e+00 3.380498886108e+00 4.490160942078e+00 2.762767314911e+00 2.670977115631e+00 3.752299785614e+00 3.950869083405e+00 4.475560188293e+00 3.575552463531e+00 3.332293987274e+00 3.914811134338e+00 3.388808250427e+00 3.423719644547e+00 2.927489519119e+00 2.539365053177e+00 3.620757818222e+00 3.375327110291e+00 2.572662830353e+00 2.502291202545e+00 2.402740478516e+00 3.261265754700e+00 2.345889091492e+00 2.349579095840e+00 2.504474401474e+00 3.986757516861e+00 3.305354118347e+00 6.149435043335e+00
9.997379183769e-01 1.719631910324e+00 1.112701296806e+00 1.129701495171e+00 1.258480906487e+00 1.724897623062e+00 1.952310800552e+00 1.926860094070e+00 1.908585309982e+00 1.979797959328e+00 2.092751979828e+00 2.213302612305e+00 2.102359771729e+00 2.247459411621e+00 2.275823831558e+00 2.041075944901e+00 2.084784269333e+00 3.881179809570e+00 4.426416397095e+00 2.346196413040e+00 2.428237438202e+00 3.478961229324e+00 3.750571489334e+00 3.818285942078e+00 3.417148113251e+00 3.049910068512e+00 4.220637321472e+00 3.731092214584e+00 3.025919675827e+00 2.919842004776e+00 2.977218389511e+00 4.707992553711e+00 6.976377010345e+00 6.608104705811e+00 5.952325820923e+00 5.654335975647e+00 5.841846942902e+00 3.605734825134e+00 3.063040256500e+00 2.612833738327e+00 4.076382160187e+00 3.191857337952e+00 5.451925754547e+00
1.854388237000e+00 3.928532123566e+00 4.033030033112e+00 3.516215324402e+00 2.186920166016e+00 1.269563674927e+00 1.308598875999e+00 1.370452880859e+00 1.428328752518e+00 1.847038984299e+00 2.214200496674e+00 2.474588871002e+00 2.554841756821e+00 2.450276613235e+00 2.201605796814e+00 2.318933486938e+00 2.490917205811e+00 3.783465147018e+00 3.718625068665e+00 2.090508937836e+00 2.430168628693e+00 2.848212003708e+00 3.248616456985e+00 3.163871049881e+00 3.507152557373e+00 3.378888607025e+00 4.385250091553e+00 4.598942279816e+00 4.873868465424e+00 4.352571010590e+00 3.277419328690e+00 2.833590745926e+00 5.706094264984e+00 6.205210208893e+00 6.794600963593e+00 8.161339759827e+00 1.012198925018e+01 6.143802165985e+00 4.522249698639e+00 3.842610120773e+00 4.002528667450e+00 2.978214025497e+00 4.094009399414e+00
1.966902136803e+00 4.249887943268e+00 4.918914318085e+00 5.799810409546e+00 6.321065425873e+00 5.458748340607e+00 3.050269842148e+00 1.724510431290e+00 2.353706598282e+00 2.750077962875e+00 2.825259447098e+00 2.672781229019e+00 2.500683307648e+00 3.353960275650e+00 3.672947645187e+00 3.625891208649e+00 3.557074308395e+00 3.451816082001e+00 3.408694744110e+00 3.296902179718e+00 3.220529556274e+00 3.216678619385e+00 3.117558240891e+00 3.990023612976e+00 4.800153255463e+00 4.147589206696e+00 4.773852348328e+00 6.106968879700e+00 6.160310745239e+00 5.455932617188e+00 4.060914039612e+00 3.176887750626e+00 3.354111433029e+00 4.987926006317e+00 7.455190181732e+00 6.590914249420e+00 6.915555953979e+00 5.196576595306e+00 5.529243946075e+00 5.625983715057e+00 4.569511413574e+00 2.835381031036e+00 3.621518373489e+00
1.255791664124e+00 2.780754089355e+00 3.249429464340e+00 4.007200717926e+00 5.211860656738e+00 6.823097229004e+00 7.665013313293e+00 5.937769889832e+00 3.087248086929e+00 2.987418651581e+00 2.661646604538e+00 3.402375221252e+00 3.988618850708e+00 4.129292488098e+00 3.901366710663e+00 3.887011289597e+00 3.839057683945e+00 3.724598169327e+00 3.903305768967e+00 3.937269687653e+00 4.043787002563e+00 4.389542102814e+00 4.153523921967e+00 3.829097747803e+00 3.808677911758e+00 4.904217243195e+00 4.690349578857e+00 5.898135662079e+00 6.470242023468e+00 5.787197113037e+00 4.306631088257e+00 4.515205383301e+00 5.809054374695e+00 7.778773784637e+00 9.305746078491e+00 6.768880367279e+00 5.026220321655e+00 4.200710773468e+00 4.987320899963e+00 6.377427101135e+00 6.939245700836e+00 4.699833869934e+00 3.538310289383e+00
8.730520009995e-01 1.711842417717e+00 2.098517417908e+00 1.930698156357e+00 2.291878700256e+00 3.426564693451e+00 5.321634769440e+00 7.155878543854e+00 7.100325107574e+00 4.860526561737e+00 3.780424594879e+00 3.962834119797e+00 3.994109630585e+00 3.797493457794e+00 3.720390796661e+00 3.652215719223e+00 3.465313673019e+00 3.715662717819e+00 3.811572790146e+00 3.952525854111e+00 4.189364433289e+00 4.046032905579e+00 3.896631002426e+00 3.855918645859e+00 3.973961830139e+00 3.747244119644e+00 4.053477764130e+00 4.638035297394e+00 5.521196842194e+00 5.724399089813e+00 4.468655109406e+00 5.431180953979e+00 6.310950279236e+00 7.182127952576e+00 6.982754707336e+00 4.397211551666e+00 4.859835624695e+00 5.637205600739e+00 6.053894996643e+00 5.392612934113e+00 7.811198711395e+00 7.900705337524e+00 4.253044128418e+00
1.019516229630e+00 2.005485773087e+00 1.948491215706e+00 2.388892889023e+00 1.960985541344e+00 1.732181429863e+00 2.087687492371e+00 3.789908170700e+00 6.001772403717e+00 6.923614501953e+00 5.608922481537e+00 3.745918989182e+00 3.541674613953e+00 3.452073812485e+00 3.223368406296e+00 3.132081747055e+00 3.230814218521e+00 3.761523723602e+00 3.415882349014e+00 3.412326812744e+00 3.084588766098e+00 2.525419473648e+00 3.521684169769e+00 3.135143518448e+00 4.717727661133e+00 3.899853467941e+00 4.627255439758e+00 5.185835838318e+00 4.122757911682e+00 4.642414569855e+00 5.328577041626e+00 5.731063842773e+00 4.568405628204e+00 5.758051395416e+00 4.215534687042e+00 3.688302278519e+00 4.911128520966e+00 6.844984054565e+00 8.159596443176e+00 7.688124179840e+00 6.373660564423e+00 9.817831039429e+00 7.337589263916e+00
1.329077839851e+00 2.554287672043e+00 2.370547294617e+00 2.369323730469e+00 2.638325691223e+00 2.037948369980e+00 2.819908618927e+00 3.406895160675e+00 3.737902879715e+00 5.278222560883e+00 6.731436252594e+00 6.068745613098e+00 3.689387798309e+00 2.946978092194e+00 2.899631738663e+00 2.965998411179e+00 3.069414854050e+00 3.033167600632e+00 3.460960388184e+00 3.238287210464e+00 2.820697307587e+00 2.454555273056e+00 2.708878040314e+00 4.231897354126e+00 6.291387557983e+00 8.449311256409e+00 1.015030097961e+01 8.289662361145e+00 5.305640220642e+00 4.967986106873e+00 6.552750110626e+00 4.444205760956e+00 3.316910982132e+00 7.186476707458e+00 3.152021408081e+00 4.184663772583e+00 4.079590320587e+00 5.790548324585e+00 8.384917259216e+00 8.981657981873e+00 7.691012859344e+00 8.335111618042e+00 1.119465923309e+01
1.211948037148e+00 2.650088787079e+00 2.804787397385e+00 2.741758108139e+00 2.799638271332e+00 2.878638982773e+00 3.430863380432e+00 3.582548141479e+00 3.543015956879e+00 3.334736347198e+00 4.748138427734e+00 6.688684463501e+00 6.489189624786e+00 4.446608066559e+00 2.774544477463e+00 2.767287015915e+00 2.666356325150e+00 2.533892393112e+00 3.390260696411e+00 3.525027275085e+00 3.694691181183e+00 2.964086055756e+00 2.737321138382e+00 5.217673301697e+00 8.828773498535e+00 1.297410583496e+01 1.523851299286e+01 1.460323905945e+01 9.568140983582e+00 5.732499122620e+00 7.047236919403e+00 5.558702945709e+00 5.323696136475e+00 8.794211387634e+00 4.687580108643e+00 8.655119895935e+00 6.240160465240e+00 4.729401111603e+00 6.450827121735e+00 9.228878974915e+00 9.413025856018e+00 7.906023979187e+00 1.209619522095e+01
1.476656079292e+00 2.963797807693e+00 3.002159595490e+00 2.917505025864e+00 3.024312496185e+00 3.406544923782e+00 3.413806438446e+00 3.441379547119e+00 3.151404857635e+00 2.898947238922e+00 2.795754194260e+00 4.106819629669e+00 6.506816864014e+00 6.813999176025e+00 5.128974437714e+00 2.630999803543e+00 2.432153224945e+00 2.581538915634e+00 3.023605108261e+00 4.911148071289e+00 4.441885948181e+00 4.127584934235e+00 3.771991252899e+00 5.186812400818e+00 8.998442649841e+00 1.282929420471e+01 1.745053482056e+01 2.044792747498e+01 1.713259315491e+01 8.370841979980e+00 7.290293216705e+00 7.990954399109e+00 7.710246562958e+00 1.042380905151e+01 5.784189701080e+00 1.162768936157e+01 9.606005668640e+00 6.289623260498e+00 6.049178123474e+00 8.419439315796e+00 1.803710174561e+01 9.142645835876e+00 9.962269783020e+00
2.059777736664e+00 3.870187520981e+00 3.493861198425e+00 3.553311586380e+00 3.778052568436e+00 3.998689651489e+00 4.254768371582e+00 4.432171344757e+00 4.534864902496e+00 4.552769660950e+00 4.415691852570e+00 4.492031097412e+00 4.276354312897e+00 6.031105041504e+00 6.948590278625e+00 5.751780033112e+00 2.859979867935e+00 2.827023744583e+00 3.046400785446e+00 4.713382720947e+00 4.997897624969e+00 4.561161518097e+00 4.051312446594e+00 4.412914276123e+00 7.447016716003e+00 1.105337333679e+01 1.711303901672e+01 2.388995552063e+01 2.262174415588e+01 1.390687751770e+01 1.022758865356e+01 1.298536777496e+01 1.409117317200e+01 1.318885326385e+01 1.109666347504e+01 1.257758808136e+01 1.195061588287e+01 9.188954353333e+00 1.092277717590e+01 9.519564628601e+00 2.601254653931e+01 2.113740730286e+01 5.961802005768e+00
2.130356311798e+00 4.427650928497e+00 4.416537761688e+00 4.276825904846e+00 3.762281417847e+00 3.071239948273e+00 2.949616432190e+00 3.268712282181e+00 3.630685091019e+00 4.059501647949e+00 4.537445545197e+00 5.102805137634e+00 5.849711418152e+00 9.236823081970e+00 9.384936332703e+00 6.891322135925e+00 6.533874511719e+00 6.205370426178e+00 5.767225742340e+00 5.273694515228e+00 4.747618198395e+00 4.332273483276e+00 4.747053146362e+00 4.476970195770e+00 5.072177410126e+00 8.345367431641e+00 1.229374694824e+01 1.945846366882e+01 2.472668838501e+01 1.724931144714e+01 8.274155616760e+00 7.990717887878e+00 1.181185340881e+01 1.581195354462e+01 1.775812339783e+01 1.672334671021e+01 1.228881645203e+01 1.001778602600e+01 7.509751796722e+00 1.131416511536e+01 2.749376296997e+01 3.262784957886e+01 9.089969635010e+00
1.640080094337e+00 3.416528940201e+00 3.831636667252e+00 4.177072048187e+00 4.385244369507e+00 4.232611656189e+00 3.544486284256e+00 2.908890247345e+00 2.927858352661e+00 2.930058002472e+00 2.917616128922e+00 2.858746528625e+00 2.771889686584e+00 3.503677606583e+00 5.246592044830e+00 5.751196384430e+00 6.726726531982e+00 6.460208892822e+00 5.337807178497e+00 5.912123203278e+00 6.248939514160e+00 6.439893722534e+00 6.665548801422e+00 6.940357208252e+00 6.654267787933e+00 5.521524906158e+00 8.255552291870e+00 1.468995857239e+01 2.078222656250e+01 1.536571121216e+01 7.791400432587e+00 5.456076622009e+00 4.541763782501e+00 7.907323837280e+00 9.244023323059e+00 1.515371513367e+01 1.944072914124e+01 1.822529220581e+01 1.154326057434e+01 1.209002685547e+01 1.788390731812e+01 3.911167526245e+01 1.403950786591e+01
1.318584203720e+00 2.547577857971e+00 2.534031152725e+00 2.425972700119e+00 2.794455528259e+00 3.128989934921e+00 3.267832517624e+00 3.209543704987e+00 2.723173856735e+00 2.782515764236e+00 3.025569200516e+00 3.271983623505e+00 3.499936103821e+00 3.728588342667e+00 3.961721658707e+00 4.164102077484e+00 4.341626644135e+00 6.329358577728e+00 6.705304622650e+00 8.591890335083e+00 6.734208583832e+00 5.702530384064e+00 5.408517837524e+00 5.361001968384e+00 5.370346546173e+00 6.035151958466e+00 7.983288764954e+00 9.363268852234e+00 1.324421310425e+01 1.088938713074e+01 5.593064785004e+00 6.601938724518e+00 4.916882038116e+00 6.423787117004e+00 7.465689182281e+00 8.857108116150e+00 8.964588165283e+00 1.502202796936e+01 2.141493225098e+01 1.752750587463e+01 1.527149391174e+01 3.239471435547e+01 2.865382003784e+01
8.290283083916e-01 1.671508550644e+00 1.646542429924e+00 1.665600061417e+00 1.955309152603e+00 2.232702255249e+00 2.416506767273e+00 2.478463649750e+00 2.509909391403e+00 2.305023908615e+00 2.351956605911e+00 2.344211339951e+00 2.449717760086e+00 2.560685396194e+00 2.595781087875e+00 3.343139410019e+00 3.734950065613e+00 5.151994705200e+00 9.702251434326e+00 1.011965179443e+01 8.911540985107e+00 7.556849479675e+00 8.627141952515e+00 1.029421329498e+01 7.235717773438e+00 8.673321723938e+00 8.467707633972e+00 7.887416839600e+00 8.192082405090e+00 1.060478782654e+01 9.906932830811e+00 6.550903797150e+00 6.720342636108e+00 7.145981311798e+00 7.624616146088e+00 8.167014122009e+00 7.997896671295e+00 1.030013751984e+01 1.518172073364e+01 1.761477661133e+01 2.115324020386e+01 2.822277832031e+01 2.406515312195e+01
