100/SI/f52.grd
DSAA
101	101
32.816463539100	34.260883539100
35.556306596100	36.727886596100
1.785387983546e-03	3.250804443359e+02
[rows 19 to 37 of 101, columns 43 to 85 of 101]
2.986103296280e+00 3.787060022354e+00 4.922018051147e+00 5.018136501312e+00 3.253015041351e+00 5.140422344208e+00 2.421566963196e+00 2.695657968521e+00 2.748014926910e+00 2.785692691803e+00 2.541421175003e+00 3.894011259079e+00 4.702993392944e+00 4.804059505463e+00 3.195623636246e+00 3.911772251129e+00 5.085946559906e+00 4.795527935028e+00 2.663410425186e+00 4.285965919495e+00 1.949197769165e+00 2.724030017853e+00 3.646234035492e+00 1.819109559059e+00 1.828906774521e+00 2.006343603134e+00 1.723337054253e+00 2.238359212875e+00 2.074712514877e+00 1.635484457016e+00 1.756264090538e+00 2.235906839371e+00 2.518440246582e+00 1.948687434196e+00 1.892529964447e+00 1.448666095734e+00 9.975748658180e-01 1.174202799797e+00 1.298176288605e+00 1.079906225204e+00 9.136588573456e-01 8.646858930588e-01 9.404988884926e-01
2.634974241257e+00 3.711232185364e+00 5.257666110992e+00 6.062825202942e+00 4.396317005157e+00 4.545069217682e+00 2.494125127792e+00 2.859181404114e+00 2.394654035568e+00 2.994100093842e+00 3.129888057709e+00 3.654150485992e+00 5.050382137299e+00 5.118880748749e+00 3.892152309418e+00 4.235346794128e+00 4.975180149078e+00 5.423706531525e+00 3.145888805389e+00 4.149517059326e+00 2.228067159653e+00 4.134622097015e+00 5.130238533020e+00 2.287006616592e+00 2.134247779846e+00 2.055671930313e+00 2.191326141357e+00 2.315227270126e+00 1.803830981255e+00 1.739362001419e+00 2.263517141342e+00 2.943339586258e+00 2.623741388321e+00 2.277065515518e+00 1.760694861412e+00 1.452423691750e+00 1.120233535767e+00 1.371646285057e+00 1.063577294350e+00 8.233189582825e-01 8.785449266434e-01 8.267303705215e-01 8.609212040901e-01
2.827388048172e+00 4.111925125122e+00 4.857460975647e+00 6.346422672272e+00 5.413378238678e+00 3.888285160065e+00 2.609979152679e+00 3.033057689667e+00 2.275618553162e+00 2.814636468887e+00 2.965411424637e+00 3.446048021317e+00 4.819046497345e+00 5.489206790924e+00 4.702378749847e+00 4.523921012878e+00 4.774723529816e+00 5.935864925385e+00 3.590134859085e+00 3.850268363953e+00 2.508633375168e+00 5.133656501770e+00 5.629488945007e+00 2.572600603104e+00 2.086699485779e+00 2.453916788101e+00 2.472300291061e+00 2.004804134369e+00 1.614998936653e+00 2.256746053696e+00 3.146613836288e+00 3.042130708694e+00 2.053087234497e+00 2.598930597305e+00 1.746375560760e+00 1.338945508003e+00 1.331340670586e+00 1.409866929054e+00 1.084961533546e+00 8.351306319237e-01 8.376846313477e-01 6.517981290817e-01 6.429579854012e-01
2.691995620728e+00 3.888668775558e+00 4.124726772308e+00 6.062369823456e+00 5.992211818695e+00 3.985295295715e+00 3.321633338928e+00 3.216834545135e+00 2.243879556656e+00 2.474816799164e+00 3.076812982559e+00 3.497933864594e+00 4.019407272339e+00 5.890776634216e+00 5.251754760742e+00 4.403395652771e+00 4.424416065216e+00 6.376527786255e+00 3.958505868912e+00 3.455184221268e+00 2.788874149323e+00 5.111027717590e+00 4.918877124786e+00 2.392500877380e+00 2.212382078171e+00 2.699738264084e+00 2.245284557343e+00 1.731413364410e+00 2.377424240112e+00 3.333176136017e+00 3.267393112183e+00 2.268131971359e+00 1.790437817574e+00 2.702294349670e+00 1.284158468246e+00 1.324674606323e+00 1.641544580460e+00 1.237429738045e+00 1.244071006775e+00 8.107829689980e-01 8.936685323715e-01 7.528915405273e-01 6.787028908730e-01
2.187493324280e+00 2.694947719574e+00 4.146881103516e+00 5.376626491547e+00 6.046021938324e+00 4.022522926331e+00 4.144586563110e+00 3.477271795273e+00 2.439601898193e+00 2.240949869156e+00 3.208688497543e+00 3.419909715652e+00 4.210606575012e+00 6.336998939514e+00 5.336160659790e+00 4.139662265778e+00 3.989380598068e+00 6.651778697968e+00 4.227223873138e+00 3.991948604584e+00 3.285359382629e+00 4.216260910034e+00 3.682797670364e+00 2.180445432663e+00 2.816712141037e+00 2.611815929413e+00 1.818674325943e+00 2.536985397339e+00 3.616296768188e+00 3.505562782288e+00 2.378091573715e+00 1.460536003113e+00 2.033574581146e+00 2.537430286407e+00 1.375639081001e+00 1.423307538033e+00 1.728723764420e+00 1.210051417351e+00 1.365153074265e+00 8.346032500267e-01 8.502318859100e-01 7.311483621597e-01 7.478709220886e-01
2.973034620285e+00 2.831761121750e+00 4.695950984955e+00 4.557441711426e+00 5.761124610901e+00 4.499924182892e+00 3.988241672516e+00 4.415962696075e+00 3.837899446487e+00 2.933189868927e+00 3.240441799164e+00 3.235225677490e+00 4.598607540131e+00 6.789633274078e+00 4.812292098999e+00 3.980556964874e+00 3.407200574875e+00 6.814376354218e+00 5.115631103516e+00 4.427806854248e+00 3.888192653656e+00 4.127424716949e+00 2.497006416321e+00 2.723052501678e+00 2.890911340714e+00 1.945199728012e+00 2.758819103241e+00 3.904994726181e+00 3.708266496658e+00 2.483537197113e+00 1.329005956650e+00 1.159116148949e+00 2.719840049744e+00 2.123901605606e+00 1.300012350082e+00 1.842852234840e+00 1.566346406937e+00 1.220343828201e+00 1.450904607773e+00 1.034099817276e+00 7.922842502594e-01 7.543630599976e-01 6.612713336945e-01
4.660223960876e+00 2.905868530273e+00 2.849419593811e+00 4.859103202820e+00 5.323382377625e+00 4.764553070068e+00 3.692866802216e+00 4.057233333588e+00 4.610611915588e+00 4.529479026794e+00 3.861710071564e+00 4.626342773438e+00 5.007519721985e+00 7.069290637970e+00 4.180974483490e+00 3.641189336777e+00 4.649671077728e+00 6.876504898071e+00 5.799605846405e+00 4.261562824249e+00 4.195303440094e+00 4.452107429504e+00 2.800836086273e+00 2.965604066849e+00 2.321779012680e+00 2.893670797348e+00 4.259683132172e+00 3.980278253555e+00 2.587056159973e+00 1.788565039635e+00 2.520251512527e+00 1.611318826675e+00 3.173458099365e+00 1.858503103256e+00 1.536467432976e+00 1.969275474548e+00 1.880618333817e+00 1.305073022842e+00 1.498622179031e+00 1.143281817436e+00 7.166103720665e-01 6.914830803871e-01 8.017106056213e-01
6.226068019867e+00 2.992309808731e+00 2.874212503433e+00 4.497187614441e+00 4.811074733734e+00 4.892924308777e+00 3.992935180664e+00 4.125894546509e+00 3.852160453796e+00 4.986668109894e+00 5.439737319946e+00 4.725968360901e+00 5.418296813965e+00 7.175101757050e+00 3.641827583313e+00 5.473268032074e+00 6.522998332977e+00 6.900818824768e+00 5.648922443390e+00 3.389289140701e+00 3.989843130112e+00 4.079621315002e+00 2.852393150330e+00 2.450942039490e+00 2.925093889236e+00 4.539654731750e+00 4.367088794708e+00 2.731908082962e+00 2.477009773254e+00 3.501364469528e+00 3.182918310165e+00 2.885004520416e+00 3.092212438583e+00 2.075593233109e+00 1.974604964256e+00 1.631664633751e+00 2.046688079834e+00 1.384172081947e+00 1.504639744759e+00 1.138675093651e+00 7.254540920258e-01 8.786959648132e-01 1.128891348839e+00
6.797633171082e+00 3.077685594559e+00 3.483980178833e+00 3.005639076233e+00 5.091991424561e+00 4.964821338654e+00 4.253605842590e+00 4.389979362488e+00 3.879205942154e+00 5.193017959595e+00 5.269454479218e+00 4.588859081268e+00 5.790045261383e+00 6.926573753357e+00 5.990789413452e+00 7.247630596161e+00 6.968666553497e+00 6.723100185394e+00 3.857548713684e+00 3.461772203445e+00 4.090665817261e+00 4.117895126343e+00 2.662902355194e+00 2.807566404343e+00 4.743508815765e+00 4.830211639404e+00 3.023957490921e+00 2.599288463593e+00 3.806419134140e+00 3.156290769577e+00 2.530650138855e+00 2.916934490204e+00 2.398310184479e+00 2.185164690018e+00 1.954488039017e+00 1.291868925095e+00 2.001197814941e+00 1.501000642776e+00 1.476082682610e+00 1.033532381058e+00 9.569380879402e-01 1.254281282425e+00 1.417165040970e+00
5.975589275360e+00 4.472790718079e+00 4.044559955597e+00 2.919505596161e+00 3.864498376846e+00 4.985665798187e+00 5.092298984528e+00 4.675193786621e+00 5.386804580688e+00 7.976731300354e+00 4.589024543762e+00 4.153667926788e+00 6.041224002838e+00 6.388383865356e+00 7.767350673676e+00 7.480745315552e+00 6.479967117310e+00 6.518796443939e+00 4.197190284729e+00 4.661057949066e+00 4.256409645081e+00 4.107334136963e+00 2.571910619736e+00 4.823748111725e+00 5.333191871643e+00 3.443706989288e+00 2.974798917770e+00 4.040493011475e+00 3.553134441376e+00 2.308193683624e+00 3.361790418625e+00 3.058098077774e+00 1.705351233482e+00 2.084088563919e+00 1.645237207413e+00 1.769148826599e+00 1.818272352219e+00 1.617349147797e+00 1.445072650909e+00 1.330497980118e+00 1.557207584381e+00 1.746554017067e+00 1.472531437874e+00
4.046295166016e+00 6.714869976044e+00 4.441006660461e+00 3.594228744507e+00 4.302371501923e+00 4.952990531921e+00 4.739077568054e+00 5.013978004456e+00 7.065214633942e+00 9.910195350647e+00 6.693367481232e+00 4.533314704895e+00 6.099951267242e+00 7.431252479553e+00 7.919089794159e+00 1.026801776886e+01 5.495966434479e+00 6.063562393188e+00 4.562374114990e+00 4.726388454437e+00 4.265447616577e+00 3.895680665970e+00 4.787817001343e+00 5.671802520752e+00 3.890059709549e+00 3.348598718643e+00 3.985719919205e+00 3.960357189178e+00 3.331094503403e+00 3.376162052155e+00 3.580487489700e+00 2.095666646957e+00 1.986346960068e+00 1.781643271446e+00 1.442414879799e+00 1.345893740654e+00 2.405194997787e+00 1.895823597908e+00 1.725538969040e+00 2.075855016708e+00 2.067185163498e+00 1.517059445381e+00 9.491175413132e-01
4.402758598328e+00 7.429926872253e+00 4.603423118591e+00 3.980345487595e+00 5.083781719208e+00 4.763804912567e+00 4.942944049835e+00 6.148207664490e+00 8.159959793091e+00 9.996846199036e+00 8.027182579041e+00 7.777154445648e+00 6.866398811340e+00 8.155700683594e+00 9.057837486267e+00 1.310367488861e+01 5.753346443176e+00 6.174994468689e+00 6.133701801300e+00 5.030881881714e+00 3.997016668320e+00 4.787718296051e+00 5.979115009308e+00 4.291929721832e+00 3.749506235123e+00 3.925447940826e+00 3.794107437134e+00 4.114655971527e+00 4.013906478882e+00 4.073125839233e+00 3.074531793594e+00 1.746324539185e+00 2.369639635086e+00 1.366169452667e+00 1.451209306717e+00 1.452887296677e+00 3.317272901535e+00 2.281632900238e+00 2.389842748642e+00 1.924371361732e+00 1.169982433319e+00 6.297226548195e-01 6.160373687744e-01
8.759493827820e+00 5.884960174561e+00 6.460613727570e+00 4.234848499298e+00 6.121437072754e+00 4.744368553162e+00 5.348216056824e+00 7.126561641693e+00 8.614130973816e+00 8.509120941162e+00 7.759179592133e+00 7.638638973236e+00 7.747268199921e+00 6.263205528259e+00 6.290935039520e+00 8.452485084534e+00 5.007819175720e+00 6.116269111633e+00 6.685134887695e+00 5.589000701904e+00 4.991145133972e+00 6.272315502167e+00 4.687951087952e+00 4.125807285309e+00 3.828926563263e+00 3.540675401688e+00 3.717518568039e+00 4.411553859711e+00 4.436857223511e+00 4.021646022797e+00 2.490276575089e+00 1.651368021965e+00 2.519688606262e+00 1.985275745392e+00 2.388198375702e+00 2.535332202911e+00 3.744770050049e+00 2.166762113571e+00 1.722318410873e+00 1.162724852562e+00 1.044143795967e+00 8.380955457687e-01 8.458721041679e-01
1.431664466858e+01 6.233924865723e+00 7.221920967102e+00 5.300627231598e+00 6.816846847534e+00 5.816695690155e+00 5.865635395050e+00 8.205821990967e+00 8.882759094238e+00 7.099952220917e+00 9.210834503174e+00 1.126360034943e+01 6.709607124329e+00 7.838149070740e+00 4.736985206604e+00 5.668387413025e+00 5.210931301117e+00 5.978924751282e+00 5.769444465637e+00 5.256241798401e+00 6.675768375397e+00 5.074425697327e+00 4.380465984344e+00 3.874348163605e+00 4.145722866058e+00 4.057492733002e+00 3.938767910004e+00 4.911045551300e+00 4.939590930939e+00 4.407755374908e+00 3.037497282028e+00 2.761821031570e+00 2.736832380295e+00 2.384742259979e+00 2.309968948364e+00 3.595799684525e+00 3.086651802063e+00 1.439868450165e+00 1.557212948799e+00 1.593150854111e+00 1.478340387344e+00 1.144518375397e+00 9.150011539459e-01
1.585057067871e+01 1.642172431946e+01 7.129254341125e+00 6.931816101074e+00 7.541664600372e+00 7.063617229462e+00 9.883526802063e+00 9.222473144531e+00 8.792806625366e+00 6.628306865692e+00 1.013603782654e+01 1.263683414459e+01 7.569811344147e+00 7.637336254120e+00 5.769657135010e+00 5.859268665314e+00 6.265447139740e+00 5.913394451141e+00 5.743811607361e+00 7.167459487915e+00 5.572263717651e+00 5.028745651245e+00 4.301642417908e+00 3.363895893097e+00 4.264227867126e+00 4.505135536194e+00 4.271993160248e+00 5.302346229553e+00 5.524152755737e+00 4.839052200317e+00 3.606175661087e+00 2.639882802963e+00 2.349588871002e+00 1.997177481651e+00 3.267453670502e+00 3.731966495514e+00 1.663594365120e+00 1.639411926270e+00 1.711060166359e+00 1.736248850822e+00 1.642107486725e+00 1.374094486237e+00 9.556882381439e-01
7.668990135193e+00 2.237206268311e+01 1.624199104309e+01 6.971782684326e+00 7.984084129333e+00 8.827917098999e+00 9.561574935913e+00 9.716610908508e+00 7.833847522736e+00 6.948531150818e+00 1.157695198059e+01 1.245011138916e+01 9.816929817200e+00 6.643292903900e+00 6.021259784698e+00 6.804322242737e+00 1.106967449188e+01 6.917440891266e+00 7.973713874817e+00 6.134467124939e+00 4.659556865692e+00 4.537991523743e+00 3.725517034531e+00 4.734027385712e+00 4.719984054565e+00 5.226527214050e+00 5.699286460876e+00 4.558523178101e+00 5.300066471100e+00 5.294385910034e+00 4.117180824280e+00 2.276484012604e+00 2.237370729446e+00 3.462833404541e+00 3.746703386307e+00 2.189218521118e+00 1.455395460129e+00 1.471783638000e+00 1.467239022255e+00 1.490323185921e+00 1.485504150391e+00 1.376663804054e+00 1.166316866875e+00
1.404530525208e+01 1.081878662109e+01 2.615574073792e+01 1.211409187317e+01 8.115010261536e+00 1.089518642426e+01 8.126920700073e+00 9.107408523560e+00 1.202374172211e+01 9.117190361023e+00 1.257236862183e+01 9.977208137512e+00 1.051558113098e+01 8.836336135864e+00 7.198337554932e+00 6.724140644073e+00 1.607619476318e+01 9.648789405823e+00 7.453291416168e+00 9.411912918091e+00 5.624121189117e+00 4.640258789062e+00 4.951133728027e+00 5.209199428558e+00 5.022071838379e+00 5.111206054688e+00 7.196032524109e+00 4.476744651794e+00 5.529392242432e+00 5.772721290588e+00 4.681604385376e+00 3.018618106842e+00 3.822798013687e+00 3.531477212906e+00 2.019007921219e+00 1.747209310532e+00 1.649901390076e+00 1.544607758522e+00 1.435463666916e+00 1.336057782173e+00 1.281928300858e+00 1.325013875961e+00 1.205260038376e+00
1.911108207703e+01 2.496187973022e+01 1.516487979889e+01 2.576273536682e+01 9.834883689880e+00 1.324481391907e+01 1.126034450531e+01 1.201563358307e+01 1.683536148071e+01 1.356845474243e+01 1.544587898254e+01 9.491166114807e+00 9.603641510010e+00 1.003090858459e+01 9.016242027283e+00 7.083032608032e+00 1.882166671753e+01 1.060080337524e+01 1.108896350861e+01 7.717839241028e+00 4.267469882965e+00 4.611677169800e+00 5.827259540558e+00 5.263549327850e+00 4.822871685028e+00 4.464215278625e+00 7.032166481018e+00 4.929516315460e+00 6.227441310883e+00 6.144085407257e+00 4.872808933258e+00 3.867124080658e+00 2.896876096725e+00 1.588984727859e+00 1.468453407288e+00 1.489859938622e+00 1.510610103607e+00 1.613119959831e+00 1.582412719727e+00 1.499754309654e+00 1.620241880417e+00 1.880283236504e+00 1.960659384727e+00
3.701852416992e+01 2.521612930298e+01 2.671338653564e+01 2.201645660400e+01 1.989328575134e+01 1.495355033875e+01 1.630144882202e+01 1.449306774139e+01 1.446235466003e+01 1.600362777710e+01 1.828500175476e+01 1.101410198212e+01 9.529163360596e+00 1.025688171387e+01 1.125693035126e+01 1.063569355011e+01 1.446867847443e+01 1.058869838715e+01 1.055267238617e+01 8.419988632202e+00 6.898848056793e+00 8.136488914490e+00 8.159817695618e+00 6.753230571747e+00 4.936566829681e+00 4.306000709534e+00 5.531846046448e+00 6.086533546448e+00 6.466848850250e+00 5.406317234039e+00 3.796416759491e+00 2.313403129578e+00 2.023284435272e+00 2.223387241364e+00 2.624955415726e+00 2.873968124390e+00 3.001528739929e+00 2.983353853226e+00 2.828538894653e+00 2.585780858994e+00 2.349772214890e+00 2.298018455505e+00 2.033494472504e+00
