100/SI/f52.grd
DSAA
101	101
32.816463539100	34.260883539100
35.556306596100	36.727886596100
1.785387983546e-03	3.250804443359e+02
[rows 57 to 75 of 101, columns 43 to 85 of 101]
1.273571491241e+00 1.548777818680e+00 7.985122799873e-01 8.965010643005e-01 8.835028409958e-01 1.379190564156e+00 1.502405643463e+00 2.411618709564e+00 1.779637813568e+00 9.640768170357e-01 7.016253471375e-01 5.829055905342e-01 4.337109327316e-01 7.394062280655e-01 3.436590433121e+00 1.139662933350e+01 2.306164932251e+01 2.320833778381e+01 4.172873306274e+01 1.121670150757e+01 3.176733016968e+00 2.524145841599e+00 4.394156455994e+00 8.057069778442e+00 1.379276371002e+01 1.259588336945e+01 1.375210475922e+01 1.106372261047e+01 1.391934108734e+01 1.314273738861e+01 1.372313499451e+01 1.025195407867e+01 1.051640892029e+01 1.484333229065e+01 9.248323440552e+00 5.834074497223e+00 6.770533084869e+00 9.272771835327e+00 1.162883949280e+01 8.436126708984e+00 3.535426378250e+00 3.270511388779e+00 3.153025865555e+00
1.012394309044e+00 2.493324041367e+00 6.462604403496e-01 6.927630305290e-01 6.831767559052e-01 1.008765339851e+00 1.900568604469e+00 6.023231506348e+00 4.765383720398e+00 1.039690852165e+00 6.538692712784e-01 4.504172801971e-01 3.508239686489e-01 3.482031524181e-01 7.252009510994e-01 6.909168243408e+00 7.939774036407e+00 8.123867988586e+00 6.408399581909e+00 6.389364719391e+00 4.440431594849e+00 3.367158174515e+00 2.601122140884e+00 1.671639204025e+00 4.288122653961e+00 8.341074943542e+00 1.483168315887e+01 1.543875217438e+01 1.675405502319e+01 9.011635780334e+00 1.193416500092e+01 1.073942184448e+01 9.226075172424e+00 8.440553665161e+00 8.565633773804e+00 6.371960639954e+00 6.271512031555e+00 7.307594776154e+00 7.131886959076e+00 6.493470668793e+00 6.713504791260e+00 7.019648551941e+00 6.551974773407e+00
8.709052801132e-01 1.018913984299e+00 5.849132537842e-01 6.274644732475e-01 6.348706483841e-01 9.143315553665e-01 2.719362258911e+00 1.495617485046e+01 1.225252246857e+01 1.687367320061e+00 6.826980113983e-01 3.877090513706e-01 2.716579735279e-01 2.485047876835e-01 2.580356895924e-01 3.171491026878e-01 4.096766412258e-01 5.733682513237e-01 1.176988005638e+00 9.917774200439e-01 1.098731040955e+00 1.263494133949e+00 8.354298472404e-01 8.432317376137e-01 2.110412359238e+00 9.749956130981e+00 1.674578285217e+01 1.939750289917e+01 1.858712768555e+01 1.867908859253e+01 1.207598304749e+01 1.042796802521e+01 8.788662910461e+00 8.368890762329e+00 1.170443534851e+01 1.010997009277e+01 8.401079177856e+00 5.259467601776e+00 5.433106422424e+00 4.537780284882e+00 4.096326351166e+00 3.721335887909e+00 3.236006736755e+00
7.999870777130e-01 7.157230973244e-01 5.640650987625e-01 6.325101256371e-01 7.044762372971e-01 9.229139685631e-01 1.983586502075e+01 8.215921401978e+00 9.026748657227e+00 1.276028871536e+00 5.973581671715e-01 3.721235692501e-01 2.474523484707e-01 2.019984126091e-01 1.931580007076e-01 2.040818333626e-01 2.442410886288e-01 3.220959901810e-01 4.409404098988e-01 5.407024025917e-01 5.939879417419e-01 1.207631707191e+00 6.239314675331e-01 5.745263099670e-01 1.756620883942e+00 3.847636461258e+00 1.380151367188e+01 1.613212203979e+01 1.643723297119e+01 1.770133018494e+01 1.510331153870e+01 1.149125766754e+01 8.062545776367e+00 1.020973873138e+01 7.006043910980e+00 6.188330650330e+00 5.116218566895e+00 4.222136020660e+00 3.959411144257e+00 3.968119382858e+00 4.089093208313e+00 6.036026000977e+00 8.176456451416e+00
6.744593381882e-01 5.220061540604e-01 5.522764325142e-01 6.673674583435e-01 1.144514203072e+00 1.796261191368e+00 5.237877845764e+00 1.214634895325e+01 4.295956611633e+00 6.857804656029e-01 4.321983754635e-01 3.164452016354e-01 2.252066284418e-01 1.691618114710e-01 1.551550328732e-01 1.552986055613e-01 1.695378124714e-01 2.270172834396e-01 3.129234611988e-01 3.584349453449e-01 3.625142574310e-01 7.424833774567e-01 4.523992538452e-01 5.181154012680e-01 1.081098437309e+00 3.621157646179e+00 9.804409027100e+00 1.318380928040e+01 1.403227519989e+01 1.093919086456e+01 8.320160865784e+00 1.190239906311e+01 8.151384353638e+00 5.609515666962e+00 6.344632625580e+00 8.325770378113e+00 7.512950897217e+00 5.048142433167e+00 4.689628124237e+00 4.552851676941e+00 4.482400894165e+00 5.219636917114e+00 6.280752658844e+00
4.868212938309e-01 4.062396287918e-01 5.060089826584e-01 1.132975935936e+00 3.346508741379e+00 7.183463096619e+00 9.248478889465e+00 5.661043167114e+00 6.132740378380e-01 4.170430600643e-01 3.043990731239e-01 2.538152635098e-01 1.983016282320e-01 1.605688631535e-01 1.413027942181e-01 1.467152535915e-01 1.536315381527e-01 1.871818304062e-01 2.702775299549e-01 3.330754935741e-01 3.542841374874e-01 3.641519248486e-01 3.668622970581e-01 5.443965196609e-01 1.308725118637e+00 3.407970666885e+00 4.166995525360e+00 4.110200881958e+00 8.271725654602e+00 9.530776023865e+00 1.122954273224e+01 7.200193405151e+00 9.224161148071e+00 6.758110523224e+00 7.798234939575e+00 9.143372535706e+00 1.815857505798e+01 1.141720771790e+01 6.726102828979e+00 5.242786407471e+00 5.384443759918e+00 5.282543182373e+00 5.097414016724e+00
3.194015324116e-01 3.310244679451e-01 4.179074168205e-01 5.264586210251e-01 1.310565710068e+00 7.468964099884e+00 4.556523323059e+00 6.237527728081e-01 3.640644848347e-01 3.249373435974e-01 2.735542058945e-01 2.309346050024e-01 1.826402246952e-01 1.539845317602e-01 1.368134021759e-01 1.501263976097e-01 1.579121649265e-01 1.537525504827e-01 2.216028720140e-01 2.832971811295e-01 3.206346631050e-01 3.191481232643e-01 3.868309557438e-01 6.222200393677e-01 1.934200048447e+00 3.854773044586e+00 2.300601720810e+00 3.017494678497e+00 2.873739957809e+00 1.443313789368e+01 2.094160270691e+01 1.151852416992e+01 6.387028217316e+00 8.554256439209e+00 3.475067377090e+00 3.613235712051e+00 1.318954563141e+01 6.370278358459e+00 5.096605777740e+00 3.848687171936e+00 3.949963331223e+00 4.401226997375e+00 4.831782341003e+00
2.618677020073e-01 2.865791320801e-01 3.369008004665e-01 4.254837930202e-01 4.683882594109e-01 6.615214347839e-01 7.315036654472e-01 5.007128119469e-01 2.676614522934e-01 2.754189968109e-01 2.408654838800e-01 2.211307585239e-01 1.807497739792e-01 1.479062885046e-01 1.491207778454e-01 1.516135036945e-01 1.609369218349e-01 1.621182709932e-01 1.861045211554e-01 2.394804060459e-01 2.819504737854e-01 3.016969263554e-01 3.208064138889e-01 5.088088512421e-01 1.422759652138e+00 8.909240365028e-01 8.959589600563e-01 1.387308716774e+00 3.178999900818e+00 6.241303920746e+00 6.618854522705e+00 8.413465499878e+00 1.324535942078e+01 7.189114570618e+00 6.874876499176e+00 5.205515384674e+00 5.402226448059e+00 4.569950580597e+00 2.524498939514e+00 3.066228151321e+00 2.990796566010e+00 3.161435365677e+00 3.996487855911e+00
2.061054706573e-01 2.318646013737e-01 2.773145437241e-01 3.402223587036e-01 3.653142750263e-01 4.042995274067e-01 4.264196455479e-01 2.695388495922e-01 2.324594259262e-01 2.431840002537e-01 2.261104583740e-01 1.956251263618e-01 1.648148298264e-01 1.491040736437e-01 1.450584232807e-01 1.655894368887e-01 1.655069142580e-01 1.421076506376e-01 1.640196740627e-01 2.086817771196e-01 2.475240677595e-01 2.873182892799e-01 3.941836953163e-01 4.177710711956e-01 4.219861924648e-01 5.889123678207e-01 5.680378079414e-01 1.379161715508e+00 1.936407566071e+00 2.588829278946e+00 5.398760318756e+00 9.396413803101e+00 7.123161792755e+00 1.304985904694e+01 8.355183601379e+00 4.742004871368e+00 3.992702960968e+00 3.554235219955e+00 4.210218429565e+00 3.993115425110e+00 4.986799716949e+00 4.850325107574e+00 5.674650669098e+00
1.895695924759e-01 1.916592121124e-01 2.149736583233e-01 2.397473752499e-01 2.582602798939e-01 2.538907527924e-01 2.431457638741e-01 2.371450066566e-01 2.566206753254e-01 2.535475790501e-01 2.364251613617e-01 2.069183588028e-01 1.703516393900e-01 1.527980864048e-01 1.378528624773e-01 1.354881525040e-01 1.521805375814e-01 1.539766639471e-01 1.548938006163e-01 1.874871253967e-01 2.176142781973e-01 2.576071619987e-01 3.759315311909e-01 4.248785376549e-01 4.569953083992e-01 9.517914056778e-01 1.303750872612e+00 1.667288064957e+00 2.328513860703e+00 2.527093887329e+00 5.549420356750e+00 1.040539360046e+01 4.956244468689e+00 5.322601795197e+00 9.566596031189e+00 8.304899215698e+00 5.621041774750e+00 4.853981494904e+00 5.822315216064e+00 3.033384561539e+00 4.065858840942e+00 4.746666431427e+00 5.636263847351e+00
1.567452847958e-01 1.796897500753e-01 1.882049441338e-01 1.861496418715e-01 2.086007297039e-01 2.321311086416e-01 2.502276003361e-01 2.222033590078e-01 2.096690535545e-01 2.162066996098e-01 2.320595234632e-01 2.315642386675e-01 2.007241249084e-01 1.726984977722e-01 1.638141423464e-01 1.502178609371e-01 1.295941621065e-01 1.397263109684e-01 1.588489711285e-01 1.762320846319e-01 1.940678656101e-01 2.250760793686e-01 3.203834593296e-01 3.157098293304e-01 3.618056476116e-01 8.545659184456e-01 1.818745613098e+00 2.452577352524e+00 3.437843799591e+00 1.808111190796e+00 5.439597129822e+00 2.740356206894e+00 2.910837173462e+00 3.438196182251e+00 5.587567329407e+00 6.048665523529e+00 7.773900032043e+00 7.212559700012e+00 5.162719249725e+00 4.391625881195e+00 3.415823698044e+00 3.676962375641e+00 2.848769903183e+00
1.550513803959e-01 1.709765791893e-01 1.698021441698e-01 1.692701131105e-01 1.809959858656e-01 2.079787254333e-01 2.252856045961e-01 2.014507204294e-01 1.611281037331e-01 1.726060211658e-01 1.867411881685e-01 2.102110087872e-01 2.193398326635e-01 1.839893311262e-01 1.753197014332e-01 2.147940993309e-01 1.907934546471e-01 1.512237936258e-01 1.652112156153e-01 1.726609766483e-01 2.101495265961e-01 2.331403195858e-01 2.523019015789e-01 3.225575089455e-01 3.753684163094e-01 6.294400691986e-01 1.302220940590e+00 1.561702251434e+00 2.138519287109e+00 1.216050863266e+00 2.657243013382e+00 2.074594974518e+00 3.377932786942e+00 2.094911098480e+00 4.180284023285e+00 3.021654129028e+00 4.698769092560e+00 5.854750633240e+00 5.307580947876e+00 7.263985157013e+00 6.708437919617e+00 5.408030033112e+00 4.634763240814e+00
1.487862914801e-01 1.604125946760e-01 1.540133953094e-01 1.537424176931e-01 1.545332968235e-01 1.554083973169e-01 1.722835004330e-01 1.630914807320e-01 1.978234946728e-01 2.139922529459e-01 1.957097202539e-01 1.933416277170e-01 2.083209604025e-01 2.183336913586e-01 2.052957266569e-01 2.650468647480e-01 2.365247905254e-01 1.791346967220e-01 1.809931993484e-01 1.778092682362e-01 2.042813152075e-01 2.212648987770e-01 2.499769628048e-01 3.324137628078e-01 3.918128013611e-01 5.623261928558e-01 8.455795049667e-01 9.655616879463e-01 1.050055146217e+00 1.330172419548e+00 2.340025424957e+00 3.511189460754e+00 2.319755315781e+00 5.845525264740e+00 1.954481124878e+00 2.600392341614e+00 5.039524555206e+00 7.116184711456e+00 3.528830528259e+00 3.974752187729e+00 2.641522884369e+00 4.766076087952e+00 4.252626895905e+00
1.323445588350e-01 1.425989270210e-01 1.368705034256e-01 1.320740282536e-01 1.227078288794e-01 1.257400959730e-01 1.326009184122e-01 1.810752749443e-01 2.246849834919e-01 2.309278249741e-01 2.043948173523e-01 2.149999439716e-01 2.379455417395e-01 2.340360879898e-01 2.341423630714e-01 2.454813718796e-01 2.635391652584e-01 3.098242580891e-01 2.767796814442e-01 2.490082085133e-01 2.482137382030e-01 2.677792012691e-01 3.193828761578e-01 3.386307656765e-01 3.996076285839e-01 4.845618903637e-01 8.027800917625e-01 7.871785163879e-01 1.570357799530e+00 3.114955663681e+00 3.789864301682e+00 1.826923608780e+00 1.843112349510e+00 5.761137008667e+00 2.971932411194e+00 3.674973964691e+00 3.286471605301e+00 4.210143566132e+00 3.066942453384e+00 1.197306752205e+00 1.145878672600e+00 1.546482443810e+00 2.965832948685e+00
1.214565932751e-01 1.213890835643e-01 1.201663911343e-01 1.182247176766e-01 1.211490631104e-01 1.298046112061e-01 1.360370367765e-01 1.683401018381e-01 1.887922137976e-01 1.825650930405e-01 2.145260274410e-01 2.300021201372e-01 2.224618941545e-01 2.322018444538e-01 3.129665553570e-01 4.346969127655e-01 4.938160479069e-01 6.223950982094e-01 6.192994713783e-01 6.746144890785e-01 4.784812033176e-01 4.466082155704e-01 5.169020295143e-01 4.334822297096e-01 4.965783655643e-01 6.856055855751e-01 2.025666952133e+00 1.889094591141e+00 2.031968593597e+00 2.703316211700e+00 1.386462211609e+00 1.459601163864e+00 2.010439395905e+00 1.156334161758e+00 6.090359687805e+00 8.385869979858e+00 7.461569309235e+00 1.788675546646e+00 8.509629964828e-01 7.116178274155e-01 6.954023838043e-01 8.187820911407e-01 8.647321462631e-01
1.125442832708e-01 1.165150254965e-01 1.117000281811e-01 1.198839172721e-01 1.310486495495e-01 1.501224786043e-01 1.504805088043e-01 1.719728559256e-01 1.936818361282e-01 2.283366024494e-01 2.360046952963e-01 2.789169251919e-01 2.910187840462e-01 2.680894136429e-01 6.722207069397e-01 2.412613391876e+00 1.909021615982e+00 1.065197706223e+00 1.194517493248e+00 1.499393582344e+00 1.112422585487e+00 5.730963349342e-01 6.654665470123e-01 8.326105475426e-01 8.119850754738e-01 1.519904017448e+00 2.128756284714e+00 1.856083869934e+00 1.543678879738e+00 1.362286210060e+00 1.551634192467e+00 1.492094278336e+00 1.112283587456e+00 9.339188337326e-01 1.577669143677e+00 7.141799926758e+00 7.409579753876e+00 1.532588481903e+00 5.639908909798e-01 5.758458971977e-01 5.296810269356e-01 5.095273852348e-01 8.292006850243e-01
1.124547645450e-01 1.208873689175e-01 1.507130265236e-01 1.682964116335e-01 1.543472856283e-01 2.553315758705e-01 2.997716963291e-01 3.076572716236e-01 2.651874423027e-01 2.698360085487e-01 2.947368025780e-01 3.686661124229e-01 3.662484586239e-01 1.323687911034e+00 9.495327949524e+00 1.209567642212e+01 5.710597991943e+00 3.019350290298e+00 2.439737796783e+00 1.943550348282e+00 9.526907801628e-01 9.130700230598e-01 1.968627452850e+00 4.194091796875e+00 3.444464445114e+00 1.837405800819e+00 2.158558845520e+00 1.760311722755e+00 1.863719940186e+00 1.319567799568e+00 3.336465120316e+00 1.333713650703e+00 9.867691993713e-01 7.024042010307e-01 4.809143841267e-01 1.482068181038e+00 1.628974318504e+00 4.011386036873e-01 2.806955277920e-01 3.306309580803e-01 4.093289375305e-01 4.584837555885e-01 4.294534623623e-01
1.350670307875e-01 2.118538618088e-01 2.882144749165e-01 3.130268156528e-01 4.059906899929e-01 5.391302108765e-01 5.293985605240e-01 4.666775166988e-01 4.007280468941e-01 3.090288341045e-01 3.961853682995e-01 4.369989335537e-01 2.323676109314e+00 1.294427871704e+01 1.791140747070e+01 6.328611373901e+00 1.885267853737e+00 1.165584206581e+00 1.221394419670e+00 1.073495745659e+00 1.004328370094e+00 2.282797813416e+00 4.501385688782e+00 5.943407058716e+00 4.779300212860e+00 2.448338985443e+00 1.716680288315e+00 1.229769229889e+00 1.142235040665e+00 9.955247044563e-01 1.417182326317e+00 6.219147443771e-01 7.149490714073e-01 5.815029740334e-01 3.673330545425e-01 2.190947234631e-01 1.832531988621e-01 1.810223609209e-01 1.880850493908e-01 2.344813197851e-01 3.151109814644e-01 3.994246721268e-01 4.095448851585e-01
2.226427793503e-01 3.319186866283e-01 4.401331245899e-01 6.381601095200e-01 1.230204582214e+00 1.208478212357e+00 1.674891471863e+00 1.305409193039e+00 1.485715270042e+00 8.837396502495e-01 4.770080149174e-01 2.996745347977e+00 1.215741348267e+01 1.219171047211e+01 3.218983650208e+00 9.465917944908e-01 1.729303836823e+00 2.285468339920e+00 1.668029427528e+00 1.913993120193e+00 2.309667110443e+00 2.354587793350e+00 3.398225307465e+00 2.787542343140e+00 1.865363240242e+00 1.467156052589e+00 9.163754582405e-01 3.610790669918e-01 3.760019242764e-01 3.559719920158e-01 4.568876922131e-01 3.353323340416e-01 3.001556694508e-01 2.100071758032e-01 2.150582373142e-01 2.196354120970e-01 2.271466851234e-01 2.389892935753e-01 2.547343373299e-01 2.750889956951e-01 2.793236076832e-01 3.342266678810e-01 4.374440312386e-01
