100/SI/f52.grd
DSAA
101	101
32.816463539100	34.260883539100
35.556306596100	36.727886596100
1.785387983546e-03	3.250804443359e+02
[rows 76 to 94 of 101, columns 43 to 85 of 101]
4.919315576553e-01 4.219644665718e-01 7.492281198502e-01 1.955384492874e+00 2.098989248276e+00 4.261319160461e+00 6.885421276093e+00 7.779536247253e+00 4.809108257294e+00 1.327467918396e+00 4.229591369629e+00 9.556963920593e+00 7.198785781860e+00 1.962758183479e+00 8.662431836128e-01 1.201124548912e+00 1.381489515305e+00 7.847146391869e-01 7.090234160423e-01 8.713550567627e-01 2.999067306519e+00 6.590881824493e+00 1.516109347343e+00 1.032669067383e+00 7.504798173904e-01 5.045947432518e-01 2.590125799179e-01 2.228194475174e-01 2.169584631920e-01 2.046851515770e-01 1.909718513489e-01 1.994888186455e-01 2.104121148586e-01 2.236054390669e-01 2.262212634087e-01 2.109936028719e-01 1.939040273428e-01 1.816038638353e-01 1.732257306576e-01 1.685035377741e-01 1.894886493683e-01 3.042787909508e-01 4.112105369568e-01
7.701067328453e-01 1.053001284599e+00 1.326573610306e+00 1.434626340866e+00 1.880207300186e+00 2.728093147278e+00 3.597614765167e+00 3.152530431747e+00 4.797259330750e+00 7.023636817932e+00 6.998067855835e+00 3.382107973099e+00 2.493669986725e+00 1.951914072037e+00 1.267402172089e+00 1.750530481339e+00 5.257176756859e-01 2.506607472897e-01 3.061203360558e-01 3.415100276470e-01 2.600549161434e-01 3.119089901447e-01 4.932571351528e-01 5.194189548492e-01 4.735068678856e-01 2.911178767681e-01 1.415934711695e-01 1.270329952240e-01 1.446349769831e-01 1.669134348631e-01 1.784254014492e-01 1.827786862850e-01 1.820482760668e-01 1.742914766073e-01 1.518851518631e-01 1.222100406885e-01 9.867131710052e-02 9.515193849802e-02 1.002691909671e-01 1.208942085505e-01 1.628310233355e-01 2.765408456326e-01 3.665345013142e-01
1.678472757339e+00 2.543217182159e+00 1.621234893799e+00 7.132291197777e-01 9.292119145393e-01 3.004688978195e+00 8.442140579224e+00 1.128250503540e+01 8.537369728088e+00 4.257796287537e+00 2.377225160599e+00 1.617507934570e+00 1.045676350594e+00 1.610568761826e+00 1.822380185127e+00 5.536040067673e-01 1.836592853069e-01 1.682101339102e-01 1.736132502556e-01 2.284461259842e-01 1.712429225445e-01 1.566873937845e-01 1.811679899693e-01 2.086129337549e-01 1.892896741629e-01 1.781741231680e-01 1.419902890921e-01 1.481955945492e-01 1.243751645088e-01 1.392037570477e-01 1.459365636110e-01 1.363003849983e-01 1.337099075317e-01 1.294576823711e-01 9.142078459263e-02 8.739101141691e-02 9.279447793961e-02 9.240834414959e-02 9.046800434589e-02 9.735099226236e-02 1.190023347735e-01 2.435368597507e-01 3.539575338364e-01
2.313849449158e+00 2.716108798981e+00 9.334595203400e-01 9.916204810143e-01 3.067628860474e+00 5.507517814636e+00 5.696973800659e+00 4.949737071991e+00 4.594740390778e+00 2.053273677826e+00 1.975000381470e+00 2.314578533173e+00 1.531652331352e+00 1.158386230469e+00 3.327726125717e-01 2.042583227158e-01 1.289785653353e-01 1.248488724232e-01 1.201867461205e-01 1.437822580338e-01 1.328408867121e-01 1.329064071178e-01 1.237254366279e-01 1.203728839755e-01 1.186218336225e-01 1.212439611554e-01 1.175373941660e-01 1.197833567858e-01 1.285259872675e-01 1.234382241964e-01 1.251964122057e-01 1.031038463116e-01 1.141606867313e-01 1.198359578848e-01 9.558343887329e-02 7.262828946114e-02 8.679589629173e-02 9.228327870369e-02 9.263624250889e-02 9.104757010937e-02 9.509133547544e-02 1.313883215189e-01 2.192663401365e-01
1.003766298294e+00 2.021878480911e+00 2.863150119781e+00 3.248984813690e+00 3.160683870316e+00 2.607860565186e+00 3.301697492599e+00 4.039182186127e+00 5.820723056793e+00 2.354000806808e+00 2.366840839386e+00 1.444599509239e+00 6.181549429893e-01 2.287415266037e-01 1.582133173943e-01 1.290993392467e-01 1.161699667573e-01 1.049304306507e-01 9.619259089231e-02 8.998809009790e-02 9.791617840528e-02 7.840481400490e-02 7.954646646976e-02 7.933063805103e-02 8.304811269045e-02 8.743721991777e-02 8.851467072964e-02 8.134391158819e-02 6.796219199896e-02 8.167131245136e-02 8.212850987911e-02 7.999335229397e-02 9.007520973682e-02 9.997501969337e-02 9.189743548632e-02 7.213009893894e-02 8.069444447756e-02 9.052292257547e-02 9.292613714933e-02 9.580951929092e-02 1.111136898398e-01 1.334952116013e-01 1.643726378679e-01
1.294656872749e+00 3.431135416031e+00 6.372892379761e+00 3.901152372360e+00 2.669492959976e+00 4.050302982330e+00 5.541846752167e+00 7.553311347961e+00 3.556125164032e+00 2.055344820023e+00 9.539256691933e-01 5.920367836952e-01 2.500043511391e-01 1.345381736755e-01 9.735310822725e-02 8.043380826712e-02 7.410007715225e-02 6.895821541548e-02 7.078339904547e-02 7.541283220053e-02 7.530887424946e-02 7.091015577316e-02 7.040232419968e-02 7.478352636099e-02 8.944223076105e-02 1.044137179852e-01 1.145396232605e-01 1.116835698485e-01 8.849768340588e-02 6.632708758116e-02 6.574198603630e-02 6.082205474377e-02 6.481607258320e-02 8.073266595602e-02 8.332386612892e-02 7.750329375267e-02 7.342034578323e-02 8.592721074820e-02 9.068802744150e-02 9.162349253893e-02 1.065589040518e-01 1.474379599094e-01 1.991313099861e-01
2.115633010864e+00 6.533764362335e+00 4.992999553680e+00 3.931326866150e+00 4.355062007904e+00 4.252188682556e+00 2.914551734924e+00 2.871678113937e+00 2.226678133011e+00 1.147984862328e+00 5.128152370453e-01 3.511379957199e-01 1.406640857458e-01 9.071470797062e-02 7.461428642273e-02 6.113454326987e-02 6.036475300789e-02 6.460264325142e-02 6.328697502613e-02 5.985108762980e-02 6.509379297495e-02 6.529827415943e-02 6.525115668774e-02 6.554213166237e-02 8.157438039780e-02 1.003416255116e-01 1.142597198486e-01 1.143432408571e-01 9.317641705275e-02 6.077402085066e-02 6.366045027971e-02 6.609740853310e-02 5.425467714667e-02 5.982894822955e-02 7.114966958761e-02 7.919001579285e-02 7.973176985979e-02 7.865569740534e-02 8.595593273640e-02 8.975457400084e-02 8.887095749378e-02 1.000876277685e-01 1.292739808559e-01
2.702943325043e+00 4.559880733490e+00 2.681515932083e+00 1.627529263496e+00 1.109915018082e+00 1.658131599426e+00 1.399662137032e+00 1.669901132584e+00 1.200722217560e+00 4.923951923847e-01 4.028693735600e-01 2.540743649006e-01 1.514131277800e-01 1.130644828081e-01 7.093708962202e-02 5.828465148807e-02 6.210539862514e-02 6.278976798058e-02 5.736171454191e-02 5.368779227138e-02 6.229427829385e-02 6.832768023014e-02 7.167323678732e-02 6.944461911917e-02 6.373620778322e-02 7.631289958954e-02 8.538868278265e-02 8.490124344826e-02 7.045049220324e-02 5.514632165432e-02 5.645021796227e-02 6.209275498986e-02 5.950633436441e-02 5.220885574818e-02 5.310933664441e-02 6.522142887115e-02 7.227424532175e-02 6.972949951887e-02 7.933259010315e-02 8.619257807732e-02 8.788882195950e-02 9.518469125032e-02 1.035370305181e-01
3.896149396896e+00 3.216491222382e+00 1.033826231956e+00 8.079274296761e-01 8.619300723076e-01 5.031046867371e-01 8.623412251472e-01 1.141499280930e+00 7.639424800873e-01 3.865855336189e-01 3.556943535805e-01 1.814287453890e-01 1.594507098198e-01 1.522324830294e-01 9.586727619171e-02 7.503863424063e-02 6.390772759914e-02 6.046650186181e-02 5.232745781541e-02 5.182027071714e-02 6.271214038134e-02 7.525721192360e-02 8.293069899082e-02 7.776308804750e-02 6.669236719608e-02 5.741283297539e-02 6.154654175043e-02 6.605152785778e-02 6.593145430088e-02 6.885524094105e-02 6.204557046294e-02 5.761350318789e-02 5.696164816618e-02 5.190154165030e-02 5.007736384869e-02 6.040662527084e-02 6.621573865414e-02 6.466615945101e-02 7.139946520329e-02 8.036866039038e-02 8.436509966850e-02 9.420512616634e-02 1.181654706597e-01
6.089261054993e+00 2.685714721680e+00 5.738006234169e-01 3.880251348019e-01 2.939193844795e-01 3.576780557632e-01 3.793044388294e-01 8.652472496033e-01 8.855332732201e-01 5.458167791367e-01 2.746723294258e-01 1.585343927145e-01 1.383013576269e-01 1.457637697458e-01 1.204079240561e-01 7.430730760098e-02 6.266785413027e-02 5.822944641113e-02 4.857248440385e-02 5.128420516849e-02 6.429759413004e-02 8.404111117125e-02 9.187433868647e-02 8.183915913105e-02 6.895045191050e-02 6.090782582760e-02 6.389477103949e-02 7.132120430470e-02 7.456324249506e-02 7.183924317360e-02 6.670400500298e-02 5.601359158754e-02 6.401418149471e-02 5.184235423803e-02 4.843366146088e-02 5.306663736701e-02 6.683749705553e-02 7.374422252178e-02 7.872277498245e-02 8.967931568623e-02 1.032013520598e-01 1.071936786175e-01 1.041045784950e-01
5.249994754791e+00 1.610633015633e+00 4.292183816433e-01 2.403393238783e-01 2.177403271198e-01 2.447126358747e-01 4.407926201820e-01 5.669139623642e-01 6.730392575264e-01 4.699816703796e-01 3.150018155575e-01 1.842681318521e-01 1.161077916622e-01 1.057696938515e-01 1.020261272788e-01 8.652900159359e-02 7.030617445707e-02 7.757696509361e-02 6.495922058821e-02 5.661453679204e-02 7.071069628000e-02 9.462830424309e-02 9.873037785292e-02 8.314503729343e-02 7.080457359552e-02 6.471130251884e-02 6.705253571272e-02 7.532066851854e-02 8.115959167480e-02 7.571147382259e-02 6.563591212034e-02 5.451890453696e-02 6.547293812037e-02 5.053065344691e-02 4.773067682981e-02 4.565078392625e-02 5.016443133354e-02 6.620006263256e-02 8.448628336191e-02 1.089864596725e-01 1.332169771194e-01 1.426469385624e-01 1.440849155188e-01
2.742229223251e+00 5.336623787880e-01 2.517465353012e-01 2.206941097975e-01 1.834507584572e-01 1.760301291943e-01 2.834054529667e-01 1.581029295921e-01 4.080132842064e-01 6.164788603783e-01 4.501299560070e-01 3.447071909904e-01 1.696774959564e-01 1.058969721198e-01 9.087427705526e-02 9.134586155415e-02 9.711758047342e-02 8.758045732975e-02 7.706912606955e-02 6.885038316250e-02 8.436243981123e-02 1.039437651634e-01 1.004155874252e-01 8.480345457792e-02 7.589561492205e-02 7.162648439407e-02 7.147098332644e-02 7.915908098221e-02 8.568891882896e-02 8.188076317310e-02 6.852944940329e-02 5.431663244963e-02 6.199294328690e-02 5.593236908317e-02 4.714648053050e-02 4.709675163031e-02 4.558321088552e-02 4.778240993619e-02 6.106058508158e-02 9.344534575939e-02 1.275841891766e-01 1.484923958778e-01 1.604011505842e-01
7.395282387733e-01 3.044397830963e-01 1.999942809343e-01 1.899193823338e-01 1.416899859905e-01 1.304029673338e-01 1.276955008507e-01 1.256492584944e-01 1.482799947262e-01 5.074639916420e-01 5.632184147835e-01 8.269714117050e-01 5.308918356895e-01 1.931661516428e-01 1.210803538561e-01 1.013606563210e-01 1.101288869977e-01 1.300537139177e-01 1.213720664382e-01 9.754074364901e-02 9.586112201214e-02 1.077765300870e-01 9.731141477823e-02 8.430200070143e-02 7.955948263407e-02 7.901251316071e-02 8.074113726616e-02 8.091329038143e-02 8.760059624910e-02 8.758793771267e-02 7.543575763702e-02 5.830562114716e-02 5.841379612684e-02 5.818178504705e-02 5.428117513657e-02 5.570255219936e-02 5.523865669966e-02 5.442326143384e-02 5.391000956297e-02 5.380520597100e-02 7.246747612953e-02 9.623450785875e-02 1.133086234331e-01
2.825614809990e-01 1.690274178982e-01 1.786751300097e-01 1.547090262175e-01 1.207771301270e-01 1.096603944898e-01 9.558437764645e-02 9.718044847250e-02 1.126373857260e-01 2.101344019175e-01 8.434010148048e-01 2.068136692047e+00 1.420470118523e+00 4.549577236176e-01 2.016941457987e-01 1.265132725239e-01 1.151702553034e-01 1.379029899836e-01 1.337706297636e-01 1.414234489202e-01 1.364043653011e-01 1.126728206873e-01 1.011684164405e-01 9.109798073769e-02 8.855021744967e-02 8.947052061558e-02 8.957345038652e-02 8.755055069923e-02 8.763591200113e-02 9.192946553230e-02 8.287648856640e-02 6.075111031532e-02 5.726696550846e-02 5.631744861603e-02 5.841201171279e-02 6.282680481672e-02 6.584052741528e-02 6.688637286425e-02 6.657267361879e-02 6.442854553461e-02 6.261608004570e-02 6.594023108482e-02 6.810966134071e-02
2.397676706314e-01 1.468197554350e-01 1.585318297148e-01 1.204558163881e-01 9.444390982389e-02 8.881019055843e-02 7.820346951485e-02 8.294127881527e-02 8.292423933744e-02 1.480963379145e-01 6.392933726311e-01 1.722051382065e+00 1.552042007446e+00 1.001013755798e+00 2.452733516693e-01 1.397490948439e-01 1.066948100924e-01 1.526249200106e-01 1.817914247513e-01 1.710276603699e-01 1.402037441730e-01 1.099526360631e-01 1.093577668071e-01 1.032203659415e-01 1.000649631023e-01 9.807144105434e-02 9.418620914221e-02 8.622995764017e-02 8.808123320341e-02 9.261954575777e-02 8.150906115770e-02 6.487635523081e-02 6.714197248220e-02 6.503430008888e-02 6.177387014031e-02 5.856825411320e-02 6.265367567539e-02 6.515994668007e-02 6.464999169111e-02 6.073883920908e-02 6.541947275400e-02 7.729138433933e-02 8.576924353838e-02
2.950607836246e-01 1.554867923260e-01 1.382406800985e-01 1.015515550971e-01 7.704514265060e-02 7.297059148550e-02 7.458784431219e-02 7.384589314461e-02 7.161275297403e-02 9.302905946970e-02 2.437201142311e-01 8.811383247375e-01 3.203402757645e+00 2.474513530731e+00 4.180758297443e-01 1.629175394773e-01 1.786649823189e-01 1.911502629519e-01 1.705396026373e-01 1.361684203148e-01 1.109539568424e-01 1.135701760650e-01 1.209256947041e-01 1.175891980529e-01 1.100352257490e-01 1.002141833305e-01 8.699829876423e-02 7.800334692001e-02 9.070016443729e-02 9.293016791344e-02 8.594663441181e-02 9.569396823645e-02 9.614901244640e-02 9.115126729012e-02 8.206792175770e-02 6.401100009680e-02 5.196777358651e-02 5.167617648840e-02 5.188704654574e-02 5.594993010163e-02 6.575770676136e-02 8.194432407618e-02 1.015760898590e-01
3.121718764305e-01 1.762090921402e-01 1.324392706156e-01 8.864045143127e-02 6.957300752401e-02 7.285122573376e-02 7.186126708984e-02 6.922066211700e-02 6.251259893179e-02 7.118940353394e-02 1.382076889277e-01 4.494701623917e-01 1.561972022057e+00 1.381490349770e+00 4.672183692455e-01 2.690277099609e-01 2.219959646463e-01 1.728448122740e-01 1.336121857166e-01 1.071007028222e-01 1.072881147265e-01 1.150055229664e-01 1.227923184633e-01 1.173133626580e-01 1.018035113811e-01 8.290690928698e-02 6.711909174919e-02 7.295388728380e-02 9.086313098669e-02 9.517300128937e-02 1.018013879657e-01 1.121175959706e-01 1.116419509053e-01 1.043110042810e-01 8.884828537703e-02 6.454740464687e-02 6.634135544300e-02 6.897264719009e-02 7.296338677406e-02 7.631816715002e-02 7.702568918467e-02 8.410800248384e-02 1.085062101483e-01
2.917411327362e-01 1.575427353382e-01 1.114537268877e-01 6.968248635530e-02 6.667441874743e-02 7.178643345833e-02 6.928434967995e-02 5.992096662521e-02 4.762110486627e-02 6.393004953861e-02 1.174850240350e-01 1.995515823364e-01 5.547321438789e-01 6.636095046997e-01 4.842157363892e-01 2.983232438564e-01 1.895221322775e-01 1.351518332958e-01 1.256858110428e-01 1.226232424378e-01 1.110127121210e-01 1.054051890969e-01 1.023347750306e-01 9.030650556087e-02 7.156675308943e-02 6.242198869586e-02 6.147813051939e-02 6.544227153063e-02 8.433080464602e-02 9.399537742138e-02 7.201373577118e-02 7.873354852200e-02 7.898292690516e-02 7.407266646624e-02 6.943263858557e-02 7.621660828590e-02 8.266502618790e-02 9.101491421461e-02 9.981375932693e-02 1.046169027686e-01 1.026642769575e-01 9.532364457846e-02 1.062847450376e-01
2.605271339417e-01 1.217442825437e-01 8.023727685213e-02 5.184160545468e-02 6.232626736164e-02 6.902070343494e-02 6.606781482697e-02 5.452891439199e-02 4.030195251107e-02 5.734168365598e-02 1.054737493396e-01 1.637343168259e-01 3.865316212177e-01 4.993037283421e-01 3.908016383648e-01 2.327518910170e-01 1.447301805019e-01 1.351183652878e-01 1.334164291620e-01 1.123744323850e-01 8.980884402990e-02 7.532422244549e-02 6.616542488337e-02 5.567021667957e-02 5.158189311624e-02 5.053769797087e-02 5.045699700713e-02 5.555668100715e-02 7.323542982340e-02 8.546634018421e-02 6.684400141239e-02 5.297647416592e-02 4.965644702315e-02 6.369479745626e-02 7.569198310375e-02 8.637661486864e-02 9.872341901064e-02 1.139298453927e-01 1.280261725187e-01 1.336474716663e-01 1.268949061632e-01 1.115821152925e-01 1.045661121607e-01
