100/SI/f52.grd
DSAA
101	101
32.816463539100	34.260883539100
35.556306596100	36.727886596100
1.785387983546e-03	3.250804443359e+02
[rows 0 to 18 of 101, columns 43 to 85 of 101]
4.459252953529e-01 7.588642239571e-01 8.747455477715e-01 6.946908831596e-01 4.847134053707e-01 5.024571418762e-01 4.348180294037e-01 3.912816345692e-01 2.585844099522e-01 3.646112978458e-01 4.841013848782e-01 5.729994773865e-01 7.259369492531e-01 1.029618978500e+00 4.681540727615e-01 5.834820866585e-01 7.401672601700e-01 7.933605909348e-01 5.367946624756e-01 3.736062347889e-01 4.216338396072e-01 5.245718359947e-01 5.445048213005e-01 5.765284895897e-01 5.808007717133e-01 4.196933209896e-01 2.831335663795e-01 2.891457676888e-01 5.452283024788e-01 8.116084933281e-01 6.476510763168e-01 3.179461061954e-01 3.964923024178e-01 2.794054746628e-01 2.749733626842e-01 2.439799755812e-01 1.967110335827e-01 1.770704686642e-01 1.352422982454e-01 1.401588320732e-01 1.732495725155e-01 2.887568771839e-01 2.873076796532e-01
7.736971974373e-01 1.375572323799e+00 1.717582225800e+00 1.522218942642e+00 1.142454504967e+00 1.120566248894e+00 9.073487520218e-01 7.587377429008e-01 7.046089172363e-01 8.029010295868e-01 8.954854011536e-01 1.073546409607e+00 1.440197587013e+00 2.062108516693e+00 8.945971131325e-01 1.110815167427e+00 1.401202559471e+00 1.489294052124e+00 1.024269580841e+00 7.221851944923e-01 7.990301847458e-01 1.002190709114e+00 1.079552173615e+00 1.011822700500e+00 1.045121073723e+00 8.787142038345e-01 5.182285904884e-01 5.842288136482e-01 1.236996412277e+00 1.954302906990e+00 1.155825734138e+00 5.268521904945e-01 7.765339612961e-01 5.159962177277e-01 5.158861279488e-01 4.292078018188e-01 3.522708415985e-01 3.129881024361e-01 2.580368816853e-01 2.582800388336e-01 3.833221793175e-01 5.855542421341e-01 5.464297533035e-01
9.671118259430e-01 1.407557845116e+00 1.921319961548e+00 1.890673279762e+00 1.538238883018e+00 1.626646518707e+00 1.074536561966e+00 9.326369762421e-01 1.252638816833e+00 1.251670598984e+00 8.941978216171e-01 1.191194772720e+00 1.538053274155e+00 2.160803794861e+00 1.024323344231e+00 1.266364932060e+00 1.570700883865e+00 1.709572553635e+00 1.183599114418e+00 9.007140398026e-01 9.273331761360e-01 1.007511496544e+00 1.216094255447e+00 1.272080183029e+00 1.548396706581e+00 1.187913179398e+00 6.750251650810e-01 7.329404354095e-01 1.627277016640e+00 2.531131744385e+00 1.188690900803e+00 6.193444132805e-01 8.954054117203e-01 5.718938112259e-01 5.764131546021e-01 5.044977664948e-01 4.478839933872e-01 3.555931448936e-01 2.960748374462e-01 3.671788275242e-01 4.860202968121e-01 6.491523385048e-01 5.603551864624e-01
1.115688204765e+00 1.266853213310e+00 1.722941160202e+00 1.872145891190e+00 1.670032143593e+00 2.173399209976e+00 1.124767780304e+00 1.272566795349e+00 1.788660526276e+00 1.841917872429e+00 1.223819851875e+00 1.247148990631e+00 1.577151417732e+00 2.182770252228e+00 1.076207160950e+00 1.371628999710e+00 1.612312674522e+00 1.783714771271e+00 1.242335915565e+00 1.185095787048e+00 9.962190389633e-01 1.231889843941e+00 1.488662481308e+00 1.464661121368e+00 2.059464693069e+00 1.468189120293e+00 7.612063288689e-01 8.743454813957e-01 1.899324059486e+00 2.747518062592e+00 1.127282381058e+00 6.750895977020e-01 9.497751593590e-01 5.371486544609e-01 5.906972289085e-01 6.457763314247e-01 5.448063015938e-01 4.099883139133e-01 3.591918349266e-01 4.534414708614e-01 5.804392695427e-01 6.769844293594e-01 5.378053188324e-01
1.099336028099e+00 1.520707130432e+00 1.363276720047e+00 1.586993217468e+00 1.543536186218e+00 2.755990028381e+00 1.080913662910e+00 1.569955587387e+00 2.284351825714e+00 2.452815294266e+00 1.726788043976e+00 1.300049185753e+00 1.622833490372e+00 2.195817232132e+00 1.117606520653e+00 1.503553390503e+00 1.632085919380e+00 1.844601273537e+00 1.373471260071e+00 1.458119750023e+00 1.155205130577e+00 1.560407400131e+00 1.892768025398e+00 1.837453484535e+00 2.562812805176e+00 1.698795437813e+00 9.229791164398e-01 9.381298422813e-01 2.012172937393e+00 2.654428958893e+00 1.215156555176e+00 8.037298321724e-01 9.826662540436e-01 6.362574100494e-01 7.331074476242e-01 7.602629065514e-01 6.072477698326e-01 4.291777014732e-01 4.558199346066e-01 4.938713908195e-01 6.778284311295e-01 6.876512765884e-01 5.154132843018e-01
9.555149674416e-01 1.617124795914e+00 1.215576767921e+00 1.260730624199e+00 1.344877004623e+00 3.335968494415e+00 1.202185869217e+00 1.786182403564e+00 2.723644733429e+00 3.058652639389e+00 2.254665851593e+00 1.371347665787e+00 1.684205412865e+00 2.207069158554e+00 1.186960697174e+00 1.613673329353e+00 1.628703474998e+00 1.898515224457e+00 1.407273292542e+00 1.693183660507e+00 1.402949452400e+00 1.891514182091e+00 2.254975080490e+00 2.153325557709e+00 3.013912677765e+00 1.832693219185e+00 1.016180992126e+00 1.118278145790e+00 1.926592230797e+00 2.152857542038e+00 1.223683118820e+00 9.287235140800e-01 9.922795295715e-01 7.111469507217e-01 8.590382337570e-01 8.459380865097e-01 6.375960111618e-01 4.563016891479e-01 5.130493640900e-01 5.346471071243e-01 7.753863930702e-01 7.006452083588e-01 4.951426088810e-01
8.888092637062e-01 1.550423860550e+00 1.221858739853e+00 9.883106946945e-01 1.301941990852e+00 3.869761466980e+00 1.390304088593e+00 1.890097618103e+00 3.028070211411e+00 3.523700714111e+00 2.737234115601e+00 1.447569012642e+00 1.738946318626e+00 2.209264039993e+00 1.242688417435e+00 1.721030950546e+00 1.601608872414e+00 1.936366796494e+00 1.402038097382e+00 1.792463660240e+00 1.607896566391e+00 2.127581834793e+00 2.501303911209e+00 2.329591035843e+00 3.346811294556e+00 1.847410559654e+00 9.818230271339e-01 1.252200365067e+00 1.651545286179e+00 1.568297028542e+00 1.635462760925e+00 1.257172465324e+00 9.854522943497e-01 7.641825079918e-01 9.589449763298e-01 8.961541652679e-01 6.351375579834e-01 5.361785888672e-01 5.054018497467e-01 7.265923619270e-01 8.866698741913e-01 7.192444205284e-01 4.629903137684e-01
1.021849274635e+00 1.481889486313e+00 1.182185769081e+00 1.121887445450e+00 1.464126586914e+00 4.377472400665e+00 1.587375521660e+00 1.830770015717e+00 3.063741683960e+00 3.725737810135e+00 3.118883848190e+00 1.897506952286e+00 1.809146881104e+00 2.223642349243e+00 1.316014051437e+00 1.822066426277e+00 1.554741740227e+00 1.961935877800e+00 1.446060895920e+00 1.699373364449e+00 1.731430649757e+00 2.240008115768e+00 2.562783002853e+00 2.330350399017e+00 3.540167093277e+00 1.780594468117e+00 1.188145875931e+00 1.495592355728e+00 1.708856940269e+00 2.036075115204e+00 2.173778057098e+00 1.692832708359e+00 9.583320021629e-01 9.094905257225e-01 1.022584319115e+00 9.029651284218e-01 6.008224487305e-01 5.504568219185e-01 6.121745705605e-01 9.773437976837e-01 9.711692929268e-01 6.853957176208e-01 3.931525051594e-01
1.145467281342e+00 1.487191796303e+00 1.173798203468e+00 1.212586402893e+00 1.619741320610e+00 4.849736213684e+00 1.793694615364e+00 1.612732887268e+00 2.804716110229e+00 3.635888814926e+00 3.348002433777e+00 2.318142890930e+00 1.883095622063e+00 2.449929237366e+00 1.389321804047e+00 1.922786712646e+00 1.518260121346e+00 1.980232715607e+00 1.476637721062e+00 1.505207061768e+00 1.810691595078e+00 2.197988271713e+00 2.434372663498e+00 2.403933048248e+00 3.520956993103e+00 1.575918197632e+00 1.499304056168e+00 1.764218091965e+00 2.064494132996e+00 2.493288278580e+00 2.728131771088e+00 2.187403440475e+00 1.228869915009e+00 1.129927754402e+00 1.155004739761e+00 8.616915941238e-01 5.950931906700e-01 5.160372257233e-01 9.714320898056e-01 1.181493639946e+00 9.392161369324e-01 5.447977781296e-01 4.666198492050e-01
1.227011322975e+00 1.515760660172e+00 1.163288116455e+00 1.187142848969e+00 1.768203139305e+00 5.229568481445e+00 1.974198341370e+00 1.328318357468e+00 2.395513772964e+00 3.326315402985e+00 3.378188133240e+00 2.652571678162e+00 1.950624465942e+00 2.644726514816e+00 1.725856900215e+00 2.034412145615e+00 1.979847908020e+00 2.011180400848e+00 1.493066668510e+00 1.794817447662e+00 1.775008559227e+00 2.037333250046e+00 2.148494005203e+00 2.684488058090e+00 3.273480892181e+00 1.451532840729e+00 1.757043719292e+00 2.022913932800e+00 2.346691131592e+00 2.863859176636e+00 3.192808389664e+00 2.640678644180e+00 1.532729387283e+00 1.198573231697e+00 1.252860426903e+00 7.787337303162e-01 6.639230251312e-01 9.247127771378e-01 1.302454948425e+00 1.192395091057e+00 7.269412279129e-01 5.336188673973e-01 4.904129207134e-01
1.241974711418e+00 1.569541931152e+00 1.155190587044e+00 1.269596695900e+00 1.901553511620e+00 5.533713817596e+00 2.139226913452e+00 1.301731467247e+00 1.923794150352e+00 2.816837072372e+00 3.138690471649e+00 2.829016685486e+00 2.279080390930e+00 2.633985757828e+00 2.185856580734e+00 2.144015312195e+00 2.796175241470e+00 2.087486267090e+00 1.489822268486e+00 2.379851102829e+00 1.943370223045e+00 1.804054260254e+00 2.544502258301e+00 2.860884666443e+00 2.852247714996e+00 1.662048220634e+00 1.943560481071e+00 2.187188863754e+00 2.424334287643e+00 3.064431667328e+00 3.587811708450e+00 3.057325839996e+00 1.798367619514e+00 1.043547868729e+00 1.186649322510e+00 8.162192106247e-01 8.462184667587e-01 1.364459395409e+00 1.394768118858e+00 9.269248843193e-01 6.485458016396e-01 6.178016066551e-01 5.789959430695e-01
1.204892992973e+00 1.629933595657e+00 1.514260172844e+00 1.438795566559e+00 2.021483182907e+00 5.727687835693e+00 2.243550777435e+00 1.352777719498e+00 1.598233580589e+00 2.193624734879e+00 2.687362909317e+00 2.786136150360e+00 2.543280601501e+00 2.787204980850e+00 2.647834777832e+00 2.243768930435e+00 3.742285966873e+00 2.753278255463e+00 1.483277082443e+00 2.895186901093e+00 2.170015096664e+00 2.265183210373e+00 3.352984428406e+00 2.902318477631e+00 2.312484025955e+00 1.821601629257e+00 1.990287661552e+00 2.236168622971e+00 2.307534694672e+00 3.023512840271e+00 3.776669979095e+00 3.370600700378e+00 2.002083063126e+00 9.045192599297e-01 1.102779269218e+00 9.716252088547e-01 1.350677847862e+00 1.570898890495e+00 1.117848634720e+00 7.480456829071e-01 7.206878662109e-01 6.854372620583e-01 6.475954055786e-01
1.211191654205e+00 1.690148591995e+00 1.915819525719e+00 1.324826002121e+00 2.134629487991e+00 5.885023117065e+00 2.290832996368e+00 1.397770166397e+00 1.601966977119e+00 2.058860778809e+00 2.071724653244e+00 2.477862834930e+00 2.607544183731e+00 3.108625888824e+00 2.847870111465e+00 2.447077274323e+00 4.669669151306e+00 3.361573457718e+00 1.467361927032e+00 3.300039529800e+00 2.280443668365e+00 2.752885818481e+00 3.960894823074e+00 2.709307193756e+00 1.708421230316e+00 1.868882775307e+00 1.908302307129e+00 2.116608619690e+00 2.074925422668e+00 2.748629570007e+00 3.628517866135e+00 3.432322025299e+00 2.104063034058e+00 9.283795356750e-01 1.057795763016e+00 1.248948454857e+00 1.702575922012e+00 1.348924279213e+00 8.049328923225e-01 7.785314321518e-01 7.612167000771e-01 7.359991669655e-01 7.027742862701e-01
1.084905266762e+00 1.751590967178e+00 2.080901145935e+00 1.394974470139e+00 2.250063180923e+00 6.062807083130e+00 2.321432828903e+00 1.484095692635e+00 1.464571237564e+00 1.986739516258e+00 1.632619261742e+00 1.991310596466e+00 2.915574312210e+00 3.337593793869e+00 2.645929336548e+00 3.028642416000e+00 5.407494544983e+00 3.851524114609e+00 1.704251289368e+00 3.580790281296e+00 2.339605331421e+00 2.999769210815e+00 4.157234668732e+00 2.256728172302e+00 1.792193651199e+00 1.964565992355e+00 2.027122735977e+00 1.884271502495e+00 1.660330653191e+00 2.281580209732e+00 3.182985782623e+00 3.223050355911e+00 2.084695100784e+00 9.193222522736e-01 1.072172880173e+00 1.744724154472e+00 1.618158698082e+00 9.276480078697e-01 7.878496646881e-01 7.528084516525e-01 7.415004968643e-01 7.463293671608e-01 7.228206992149e-01
1.420359969139e+00 1.823543667793e+00 2.087076663971e+00 2.271386623383e+00 2.369000434875e+00 6.167701721191e+00 2.312225818634e+00 1.773177504539e+00 1.235467910767e+00 1.871534466743e+00 1.527978777885e+00 2.200660943985e+00 3.072792053223e+00 3.567357540131e+00 2.862655162811e+00 3.599013805389e+00 6.014976978302e+00 4.139817714691e+00 2.074836254120e+00 3.819615840912e+00 2.574098110199e+00 2.930664062500e+00 3.999994277954e+00 1.786609768867e+00 1.670474171638e+00 2.358694553375e+00 2.577971935272e+00 1.614878177643e+00 1.284446954727e+00 1.752829909325e+00 2.616641759872e+00 2.866595745087e+00 1.960090994835e+00 8.692309856415e-01 1.664259433746e+00 1.872506141663e+00 1.130449175835e+00 8.409505486488e-01 7.200869321823e-01 7.019450068474e-01 6.969323754311e-01 8.110064268112e-01 9.568721055984e-01
1.877175927162e+00 1.909043550491e+00 2.058480262756e+00 2.789710044861e+00 2.457952260971e+00 6.197453498840e+00 2.245396614075e+00 2.033206939697e+00 1.308363795280e+00 1.919444918633e+00 1.628265380859e+00 2.358620405197e+00 3.218437910080e+00 3.791755914688e+00 2.767209529877e+00 4.069391250610e+00 6.132890701294e+00 3.925503969193e+00 2.459942817688e+00 4.021105766296e+00 2.582547664642e+00 2.685531854630e+00 3.468134164810e+00 1.770255446434e+00 1.711607336998e+00 2.717436313629e+00 2.780340909958e+00 1.455118536949e+00 1.392600059509e+00 1.255983233452e+00 2.024825334549e+00 2.399101495743e+00 1.736179232597e+00 1.500152468681e+00 2.015108823776e+00 1.448894977570e+00 8.228358626366e-01 6.948294043541e-01 6.454004049301e-01 6.116099357605e-01 8.663862943649e-01 1.125550031662e+00 1.119621753693e+00
2.241889715195e+00 2.483087062836e+00 2.350412130356e+00 2.582869291306e+00 2.505597352982e+00 6.143544673920e+00 2.221887350082e+00 2.236354827881e+00 1.374907255173e+00 1.949867606163e+00 1.801892399788e+00 2.441504478455e+00 3.390372037888e+00 4.013808727264e+00 2.546834230423e+00 4.369817256927e+00 5.781526565552e+00 3.483235836029e+00 2.708467245102e+00 4.173570632935e+00 2.311234951019e+00 2.151207685471e+00 2.701688289642e+00 1.638923048973e+00 2.015036582947e+00 2.724444150925e+00 2.569447517395e+00 1.534235596657e+00 1.607487201691e+00 1.360001444817e+00 1.822768926620e+00 1.883591294289e+00 1.427924036980e+00 2.021692514420e+00 1.777164936066e+00 1.261453151703e+00 7.057353258133e-01 5.859098434448e-01 7.356349825859e-01 8.304423093796e-01 1.206069350243e+00 1.235573291779e+00 1.028687715530e+00
2.939306974411e+00 2.983338832855e+00 3.228885650635e+00 2.523488521576e+00 2.868911266327e+00 5.946263790131e+00 2.536321163177e+00 2.386520147324e+00 1.786766171455e+00 1.955053806305e+00 2.005090475082e+00 3.033898830414e+00 3.533540725708e+00 4.261191368103e+00 2.798249959946e+00 4.392503261566e+00 5.142291545868e+00 3.365840435028e+00 2.797217369080e+00 4.288565158844e+00 2.137127637863e+00 1.866616010666e+00 2.056437015533e+00 1.744694948196e+00 2.191878557205e+00 2.441286802292e+00 1.903962731361e+00 1.698552608490e+00 1.875413298607e+00 1.551276922226e+00 1.883839249611e+00 1.334966659546e+00 1.915391564369e+00 2.008941173553e+00 1.811151385307e+00 1.143772721291e+00 7.692049741745e-01 7.286574244499e-01 8.799325227737e-01 1.201021552086e+00 1.339379668236e+00 1.078010201454e+00 7.999835610390e-01
3.267581224442e+00 3.316751956940e+00 4.034465312958e+00 3.758579730988e+00 2.491458177567e+00 5.607867717743e+00 2.368328094482e+00 2.652549743652e+00 2.474425315857e+00 2.052671909332e+00 2.184433221817e+00 3.664344787598e+00 3.867728471756e+00 4.535183429718e+00 3.123693704605e+00 4.134585380554e+00 5.080209255219e+00 4.106118679047e+00 2.729620456696e+00 4.309808254242e+00 2.147563219070e+00 1.988121509552e+00 2.078004598618e+00 1.939433455467e+00 2.056466341019e+00 1.793393969536e+00 1.767482876778e+00 1.980779051781e+00 2.055216789246e+00 1.609968543053e+00 1.867585301399e+00 1.802662611008e+00 2.133157968521e+00 1.861886382103e+00 1.931675314903e+00 1.324317216873e+00 9.471138715744e-01 9.397796988487e-01 1.141362786293e+00 1.344013690948e+00 1.109224438667e+00 8.274255990982e-01 8.022599220276e-01
