100/SI/f55.grd
DSAA
101	101
32.816463539100	34.260883539100
35.556306596100	36.727886596100
2.168855862692e-03	3.707317352295e+01
[rows 19 to 37 of 101, columns 43 to 85 of 101]
9.330011904240e-02 1.077812463045e-01 1.375542134047e-01 1.368995457888e-01 1.407728940248e-01 1.642653197050e-01 1.180620044470e-01 1.138270497322e-01 1.172619313002e-01 2.728480994701e-01 3.411243557930e-01 2.306328117847e-01 4.524731040001e-01 1.815896332264e-01 3.159025609493e-01 3.967621028423e-01 1.683924198151e-01 1.726053655148e-01 1.816912144423e-01 1.846792250872e-01 2.310646325350e-01 2.617682218552e-01 1.994708031416e-01 1.720574498177e-01 1.091598495841e-01 5.585583299398e-02 6.555270403624e-02 6.408782303333e-02 5.557902529836e-02 4.149341210723e-02 4.122351109982e-02 6.274667382240e-02 7.079332321882e-02 5.479462444782e-02 4.093214496970e-02 5.295636132360e-02 9.570908546448e-02 1.662046760321e-01 1.445779800415e-01 7.198783755302e-02 3.894679248333e-02 3.200923278928e-02 2.532218024135e-02
9.132914245129e-02 1.445914506912e-01 1.890338510275e-01 1.735834181309e-01 1.563033014536e-01 1.773813366890e-01 1.326300948858e-01 1.242255493999e-01 1.347631365061e-01 2.636279761791e-01 3.728768825531e-01 2.498324364424e-01 4.737288951874e-01 2.142214626074e-01 3.139095008373e-01 3.856305181980e-01 1.657761633396e-01 1.696865260601e-01 2.002422809601e-01 2.084526121616e-01 2.367557287216e-01 2.248277217150e-01 1.554339379072e-01 1.050343289971e-01 5.934295058250e-02 6.685040146112e-02 6.187940388918e-02 5.271938070655e-02 3.994498774409e-02 3.805954754353e-02 6.357389688492e-02 8.286766707897e-02 7.391502708197e-02 4.522958397865e-02 4.611159861088e-02 5.738151445985e-02 1.377905756235e-01 1.943068802357e-01 1.309400051832e-01 5.337220802903e-02 3.578919172287e-02 2.825925871730e-02 1.946426928043e-02
9.305981546640e-02 1.916609406471e-01 2.541615366936e-01 2.370308339596e-01 2.150101661682e-01 1.897804141045e-01 1.477452516556e-01 1.352078467607e-01 1.550693064928e-01 2.508014738560e-01 4.036925435066e-01 2.625165581703e-01 4.759778380394e-01 2.487153559923e-01 2.941271960735e-01 3.692788779736e-01 1.770750433207e-01 1.862976104021e-01 2.153449356556e-01 2.251754254103e-01 2.422574162483e-01 2.536137104034e-01 1.108908876777e-01 6.332476437092e-02 6.907805055380e-02 6.195881217718e-02 4.968122020364e-02 3.663903102279e-02 3.658465296030e-02 6.348104774952e-02 8.874016255140e-02 8.586052060127e-02 5.791360512376e-02 4.515855759382e-02 5.124248191714e-02 8.355049043894e-02 1.881554722786e-01 1.998057067394e-01 1.015445515513e-01 4.138816148043e-02 3.239848464727e-02 2.276171557605e-02 1.560118142515e-02
1.101152226329e-01 2.302648723125e-01 3.081288337708e-01 2.991714179516e-01 2.836892902851e-01 2.469932734966e-01 1.977703422308e-01 1.554670631886e-01 1.841194033623e-01 2.323748469353e-01 4.350549280643e-01 2.766554653645e-01 4.675316214561e-01 2.808252871037e-01 2.955981194973e-01 3.384408056736e-01 1.918769627810e-01 2.042511999607e-01 2.245411723852e-01 2.261032462120e-01 2.690376937389e-01 2.787022292614e-01 1.177829205990e-01 7.234241813421e-02 6.287197023630e-02 5.206669494510e-02 3.746855258942e-02 4.190763086081e-02 6.702760607004e-02 9.420819580555e-02 9.240692108870e-02 6.407672911882e-02 4.577160999179e-02 4.817957803607e-02 5.881821364164e-02 1.349625736475e-01 2.322582453489e-01 1.753583550453e-01 6.936355680227e-02 3.746187314391e-02 2.727333083749e-02 1.900892890990e-02 1.715299487114e-02
1.255195885897e-01 2.509943246841e-01 3.334849178791e-01 3.363933563232e-01 3.353676795959e-01 3.064920902252e-01 2.569834887981e-01 2.091663181782e-01 2.245849519968e-01 2.083172500134e-01 4.533560276031e-01 2.936074435711e-01 4.299947321415e-01 3.135088980198e-01 3.184220790863e-01 2.952813506126e-01 2.057190239429e-01 2.207183241844e-01 2.256737649441e-01 2.178174853325e-01 2.941646575928e-01 3.022125363350e-01 1.242384463549e-01 6.416484713554e-02 5.202268064022e-02 4.082074388862e-02 4.703426361084e-02 7.171696424484e-02 1.024327203631e-01 9.933552145958e-02 6.731000542641e-02 4.672099277377e-02 4.543931782246e-02 4.914598539472e-02 8.224663883448e-02 2.007462084293e-01 2.447542995214e-01 1.286117285490e-01 4.382191970944e-02 3.279501572251e-02 2.046449668705e-02 1.793400757015e-02 1.820619218051e-02
1.401708573103e-01 2.525076270103e-01 3.393639326096e-01 3.525242507458e-01 3.627799153328e-01 3.454395830631e-01 3.031676411629e-01 2.576028108597e-01 2.771316468716e-01 2.243107557297e-01 4.574779272079e-01 3.458588719368e-01 4.251033961773e-01 3.433652520180e-01 3.303635120392e-01 2.438935190439e-01 2.246014922857e-01 2.334975302219e-01 2.225406616926e-01 2.451805174351e-01 3.189093768597e-01 3.269466757774e-01 1.316160112619e-01 5.293313413858e-02 4.933675751090e-02 5.161359161139e-02 7.813662290573e-02 1.108435094357e-01 1.052840873599e-01 7.042508572340e-02 4.936104267836e-02 4.746665805578e-02 4.892351105809e-02 6.438322365284e-02 1.412325799465e-01 2.603645026684e-01 2.114451527596e-01 7.919348776340e-02 4.398550838232e-02 2.606801129878e-02 1.467546448112e-02 1.668224856257e-02 2.984448708594e-02
1.665265113115e-01 2.290508449078e-01 3.140113651752e-01 3.409506380558e-01 3.687328994274e-01 3.677832186222e-01 3.358013033867e-01 2.941082715988e-01 3.397380113602e-01 2.658998072147e-01 4.514855146408e-01 4.014510810375e-01 4.685542583466e-01 3.691436946392e-01 3.236319720745e-01 2.408272475004e-01 2.446772009134e-01 2.340676039457e-01 2.193048149347e-01 2.739281058311e-01 3.441137969494e-01 3.505343794823e-01 1.378642171621e-01 5.742127448320e-02 5.469233915210e-02 8.208155632019e-02 1.211496740580e-01 1.132412925363e-01 7.351606339216e-02 5.279746279120e-02 5.173390358686e-02 5.273317545652e-02 5.486484244466e-02 1.018822640181e-01 2.164443433285e-01 2.784938812256e-01 1.457096487284e-01 4.821962490678e-02 4.548446089029e-02 2.543982677162e-02 3.270623087883e-02 5.257827416062e-02 7.384194433689e-02
1.931047141552e-01 1.800950020552e-01 2.514072060585e-01 2.932029962540e-01 3.409379720688e-01 3.610490560532e-01 3.435206413269e-01 3.067893087864e-01 4.224870800972e-01 2.971821427345e-01 4.307375252247e-01 4.305049777031e-01 5.157113075256e-01 3.946814537048e-01 2.966259717941e-01 2.523075342178e-01 2.540767788887e-01 2.226793318987e-01 2.664539515972e-01 2.731963396072e-01 3.706764280796e-01 3.749147057533e-01 1.455501466990e-01 5.766673758626e-02 8.305969834328e-02 1.293395757675e-01 1.244726628065e-01 7.778033614159e-02 5.914080515504e-02 5.854151397943e-02 5.707245692611e-02 5.713215842843e-02 8.740000426769e-02 1.736074239016e-01 2.787151634693e-01 2.308271378279e-01 8.153170347214e-02 4.275164380670e-02 4.572586342692e-02 5.763657763600e-02 8.098196238279e-02 9.981881082058e-02 1.080784723163e-01
1.969309449196e-01 2.084280699492e-01 1.846994608641e-01 2.337464392185e-01 2.817608416080e-01 3.122595846653e-01 3.084420561790e-01 2.848592102528e-01 5.067272186279e-01 3.002395033836e-01 4.003424644470e-01 4.397045373917e-01 5.563298463821e-01 4.133527576923e-01 3.330535292625e-01 2.710108757019e-01 2.514334321022e-01 1.996592879295e-01 2.928056120872e-01 2.403057962656e-01 3.921055793762e-01 3.948645889759e-01 1.566072255373e-01 7.981029152870e-02 1.353505998850e-01 1.378787755966e-01 8.622972667217e-02 6.711133569479e-02 6.594693660736e-02 6.378960609436e-02 6.062819808722e-02 8.717545866966e-02 1.543944478035e-01 2.524781823158e-01 2.761623263359e-01 1.432097703218e-01 5.389554798603e-02 6.378501653671e-02 9.153494983912e-02 1.115765199065e-01 1.178040876985e-01 1.117218062282e-01 9.377410262823e-02
2.382994443178e-01 2.114126831293e-01 2.106144577265e-01 2.330304980278e-01 2.400822192430e-01 2.636759877205e-01 2.978514134884e-01 2.962971925735e-01 5.551899671555e-01 2.908177375793e-01 3.703289926052e-01 4.392121136189e-01 5.982391834259e-01 4.504706859589e-01 4.001571238041e-01 3.186933100224e-01 2.472587525845e-01 2.564050555229e-01 2.838170230389e-01 1.847727000713e-01 4.074367284775e-01 3.932794630527e-01 1.630137115717e-01 1.378553658724e-01 1.525069773197e-01 9.837540239096e-02 7.617767155170e-02 7.556620240211e-02 7.195825874805e-02 6.899505853653e-02 9.416364133358e-02 1.573583781719e-01 2.352707982063e-01 2.749134004116e-01 1.912785023451e-01 6.719838827848e-02 1.015226840973e-01 1.270700246096e-01 1.342294365168e-01 1.215877458453e-01 9.752610325813e-02 7.239138334990e-02 5.099177360535e-02
2.717717587948e-01 1.882358193398e-01 2.147291451693e-01 2.177556902170e-01 2.832250297070e-01 2.671216130257e-01 3.256638646126e-01 3.197592794895e-01 5.829459428787e-01 3.065111339092e-01 3.367299437523e-01 4.348773658276e-01 6.417928934097e-01 4.680145680904e-01 4.450215697289e-01 3.763525784016e-01 3.105118870735e-01 2.938662767410e-01 2.384256124496e-01 2.231915593147e-01 4.077504277229e-01 3.642695248127e-01 1.544845998287e-01 1.624699532986e-01 1.113227084279e-01 8.587799221277e-02 8.621206879616e-02 8.639540523291e-02 8.513357490301e-02 1.051577404141e-01 1.708534955978e-01 2.393557280302e-01 2.574134767056e-01 1.943973004818e-01 1.069568619132e-01 1.430384218693e-01 1.559921354055e-01 1.406451463699e-01 1.087162122130e-01 7.548262923956e-02 5.091221630573e-02 3.478093072772e-02 2.414377033710e-02
2.805490791798e-01 2.003397941589e-01 2.055253833532e-01 2.214132696390e-01 3.212463259697e-01 2.675983011723e-01 3.567069768906e-01 3.785329461098e-01 6.009639501572e-01 3.232211470604e-01 2.984210848808e-01 4.738141000271e-01 6.794240474701e-01 4.391825795174e-01 4.474588632584e-01 4.053555727005e-01 3.581890165806e-01 3.060699105263e-01 2.557092607021e-01 2.690238952637e-01 3.805529177189e-01 3.063168823719e-01 1.714979857206e-01 1.230175495148e-01 9.036877006292e-02 9.461226314306e-02 9.355890005827e-02 1.048398986459e-01 1.186830103397e-01 1.891674399376e-01 2.478260844946e-01 2.460103631020e-01 1.716514378786e-01 1.537994295359e-01 1.781348288059e-01 1.673520654440e-01 1.282119750977e-01 8.418535441160e-02 5.299601703882e-02 3.450098633766e-02 2.760405279696e-02 1.907078176737e-02 1.739749126136e-02
2.777667939663e-01 2.701771259308e-01 1.959437578917e-01 2.496097832918e-01 3.438103795052e-01 2.642374336720e-01 3.846691548824e-01 4.531199634075e-01 6.292751431465e-01 3.398047983646e-01 2.771106660366e-01 5.413941740990e-01 7.142304778099e-01 4.225409924984e-01 3.984560072422e-01 3.951274156570e-01 3.775615990162e-01 3.449049293995e-01 3.031912446022e-01 2.972125709057e-01 3.105437159538e-01 2.150670289993e-01 1.439070552588e-01 1.202299445868e-01 1.035870686173e-01 1.039982661605e-01 9.566625207663e-02 1.403854340315e-01 2.102689743042e-01 2.621881663799e-01 2.318791747093e-01 1.543390303850e-01 1.983176618814e-01 1.967640370131e-01 1.560232490301e-01 1.017370000482e-01 1.207977235317e-01 4.765379801393e-02 4.581362009048e-02 3.347214311361e-02 2.691337652504e-02 2.120692841709e-02 1.911799050868e-02
3.418871462345e-01 2.868935763836e-01 2.119778394699e-01 2.624540925026e-01 3.361975252628e-01 3.220195472240e-01 4.149968326092e-01 5.137643814087e-01 6.411628127098e-01 3.620157837868e-01 3.473265171051e-01 6.202589273453e-01 7.312858104706e-01 3.974281847477e-01 3.191096782684e-01 3.525718152523e-01 3.659573793411e-01 3.555386960506e-01 3.272338211536e-01 2.821299731731e-01 2.309343516827e-01 1.866667866707e-01 1.561475992203e-01 1.346203088760e-01 1.209693178535e-01 1.167572140694e-01 1.706420779228e-01 2.342665940523e-01 2.673173844814e-01 2.190286964178e-01 2.052981257439e-01 2.254901081324e-01 1.912080645561e-01 1.277334690094e-01 7.309217751026e-02 1.159419789910e-01 9.957734495401e-02 7.711608707905e-02 6.635449826717e-02 3.522270545363e-02 3.276768699288e-02 2.540256828070e-02 2.100755088031e-02
4.289412200451e-01 2.782198488712e-01 3.597770035267e-01 2.553808689117e-01 2.959682345390e-01 4.116689562798e-01 4.451514482498e-01 5.632127523422e-01 7.563725709915e-01 4.106462597847e-01 4.502581655979e-01 7.049121856689e-01 7.309290170670e-01 3.580379486084e-01 2.523574829102e-01 2.937927842140e-01 3.223462402821e-01 3.318956494331e-01 3.171164691448e-01 2.822120785713e-01 2.321006953716e-01 1.861453205347e-01 1.565172821283e-01 1.411358267069e-01 1.558297723532e-01 2.096346467733e-01 2.521633505821e-01 2.538454234600e-01 2.072116136551e-01 2.458408027887e-01 2.438846826553e-01 1.912295371294e-01 1.096713542938e-01 7.991353422403e-02 1.053786128759e-01 1.204330697656e-01 6.779679656029e-02 5.827331170440e-02 4.537239670753e-02 3.837752342224e-02 3.643829002976e-02 3.965686261654e-02 5.193533003330e-02
4.139822125435e-01 4.318414926529e-01 3.812361955643e-01 2.381370812654e-01 3.299816250801e-01 4.811960458755e-01 4.685491323471e-01 6.123825311661e-01 8.950394392014e-01 4.434103369713e-01 5.358625054359e-01 7.643345594406e-01 6.984280943871e-01 3.178016245365e-01 3.159470558167e-01 2.350750565529e-01 2.839332520962e-01 2.928061783314e-01 2.803696990013e-01 4.009477198124e-01 4.343477785587e-01 1.752885431051e-01 1.538710594177e-01 2.050472050905e-01 2.451270371675e-01 2.515895366669e-01 2.100422829390e-01 2.598864734173e-01 2.690550982952e-01 2.813461720943e-01 1.918174624443e-01 9.306520223618e-02 7.221000641584e-02 1.118213534355e-01 1.210162118077e-01 7.063943147659e-02 4.008325934410e-02 5.062447860837e-02 6.312981247902e-02 7.710848748684e-02 9.167277067900e-02 1.023500710726e-01 1.067912951112e-01
4.643481373787e-01 5.470151901245e-01 3.340571522713e-01 4.470078647137e-01 3.643418550491e-01 4.987709522247e-01 4.854071438313e-01 6.413062214851e-01 1.079780697823e+00 4.942807257175e-01 6.069046854973e-01 8.016538619995e-01 6.251012682915e-01 2.943099737167e-01 2.988218665123e-01 3.188492059708e-01 3.385048508644e-01 4.147518277168e-01 8.036409616470e-01 1.226915359497e+00 7.302581071854e-01 2.065413445234e-01 2.484090477228e-01 2.482899874449e-01 2.224806696177e-01 2.822390794754e-01 2.756667733192e-01 3.190642595291e-01 2.546816468239e-01 1.502757817507e-01 1.221464425325e-01 9.758096188307e-02 1.236065253615e-01 1.141713932157e-01 1.095428913832e-01 1.162728890777e-01 1.209842860699e-01 1.226594448090e-01 1.223753839731e-01 1.173077970743e-01 1.071783155203e-01 9.370274841785e-02 7.914473861456e-02
4.851066470146e-01 6.032878160477e-01 5.586918592453e-01 4.519415199757e-01 3.967649340630e-01 4.247909188271e-01 5.833091735840e-01 6.586943864822e-01 1.337995529175e+00 5.738761425018e-01 7.135891318321e-01 8.061016798019e-01 5.102258324623e-01 3.596487939358e-01 2.573122680187e-01 3.411685526371e-01 3.412495553493e-01 8.736377358437e-01 1.439754247665e+00 9.983316659927e-01 3.354850411415e-01 2.521485388279e-01 2.413158267736e-01 3.081527352333e-01 3.013255894184e-01 3.555689752102e-01 2.872325181961e-01 1.770542412996e-01 1.647756099701e-01 1.813775151968e-01 1.785295605659e-01 1.647783368826e-01 1.470540314913e-01 1.304138451815e-01 1.160073205829e-01 1.026580557227e-01 9.034381061792e-02 7.830764353275e-02 6.638848036528e-02 5.540827289224e-02 4.499616101384e-02 3.581953048706e-02 3.524600714445e-02
5.721431374550e-01 7.919819355011e-01 6.750051379204e-01 4.699471890926e-01 5.687166452408e-01 5.004581809044e-01 7.015054225922e-01 7.569164633751e-01 1.611396789551e+00 6.801252961159e-01 8.194087743759e-01 7.421537041664e-01 3.999872505665e-01 3.285178840160e-01 3.731429278851e-01 3.668670952320e-01 1.145250916481e+00 1.346627593040e+00 7.345587015152e-01 2.813770473003e-01 2.419456392527e-01 3.356328010559e-01 3.325873315334e-01 4.050391614437e-01 3.226067721844e-01 2.649914324284e-01 2.504506707191e-01 2.022408694029e-01 1.807546317577e-01 1.644024401903e-01 1.388704478741e-01 1.161813884974e-01 1.023129001260e-01 9.334991872311e-02 8.128711581230e-02 6.626465171576e-02 5.246903002262e-02 4.297629371285e-02 4.191104322672e-02 4.027354717255e-02 3.528821095824e-02 3.400991857052e-02 3.278479725122e-02
