100/SI/f55.grd
DSAA
101	101
32.816463539100	34.260883539100
35.556306596100	36.727886596100
2.168855862692e-03	3.707317352295e+01
[rows 76 to 94 of 101, columns 0 to 42 of 101]
5.557207390666e-03 2.058497630060e-02 2.926577627659e-02 2.823878638446e-02 2.794976718724e-02 2.802446857095e-02 2.864449471235e-02 2.447303198278e-02 2.283293567598e-02 2.493739500642e-02 2.713689953089e-02 2.570055611432e-02 2.943300083280e-02 3.446425497532e-02 3.433348610997e-02 3.035168536007e-02 2.413799241185e-02 2.327956445515e-02 3.010743297637e-02 8.368399925530e-03 1.021641492844e-02 1.373959425837e-02 4.087152332067e-02 3.667818382382e-02 3.026844002306e-02 2.612840011716e-02 2.034199610353e-02 1.876674965024e-02 2.085915766656e-02 2.208202145994e-02 2.127621881664e-02 2.232187427580e-02 3.295950219035e-02 4.290619865060e-02 4.739994555712e-02 4.808280244470e-02 3.420264646411e-02 1.545841060579e-02 7.157503813505e-02 5.650237202644e-02 6.151275336742e-02 6.020188331604e-02 2.677432298660e-01
6.566322408617e-03 1.588100939989e-02 2.641624398530e-02 2.585896663368e-02 2.590535208583e-02 2.545313350856e-02 2.653674967587e-02 2.324634790421e-02 2.090170606971e-02 2.222987078130e-02 2.486759610474e-02 2.370817959309e-02 2.570383250713e-02 3.044024854898e-02 3.211855888367e-02 2.738997340202e-02 2.418648079038e-02 1.889898814261e-02 1.627720333636e-02 7.846957072616e-03 2.731952816248e-02 2.938815578818e-02 3.198925405741e-02 3.174409642816e-02 2.812384255230e-02 2.658027224243e-02 2.200814522803e-02 2.181926928461e-02 2.423493564129e-02 2.453153207898e-02 2.288627251983e-02 2.374787442386e-02 2.674375846982e-02 3.763651475310e-02 4.817973822355e-02 5.265306681395e-02 5.310589447618e-02 4.748582094908e-02 7.667264342308e-02 7.290636003017e-02 7.552470266819e-02 1.338814944029e-01 7.650516629219e-01
6.990905385464e-03 1.214750856161e-02 2.405417338014e-02 2.437225915492e-02 2.455910854042e-02 2.394929341972e-02 2.503367327154e-02 2.270751632750e-02 1.978561095893e-02 2.032879367471e-02 2.301254123449e-02 2.254886552691e-02 2.338236570358e-02 2.746858447790e-02 3.025528602302e-02 2.735881321132e-02 2.419913373888e-02 1.550179813057e-02 1.427145209163e-02 6.937531754375e-03 1.393887680024e-02 1.607663929462e-02 2.056232839823e-02 2.491980791092e-02 2.662217617035e-02 2.671982347965e-02 2.432613261044e-02 2.638705447316e-02 2.697639912367e-02 2.636931277812e-02 2.463748119771e-02 2.697340026498e-02 2.997063100338e-02 3.157339990139e-02 4.507603496313e-02 5.331902205944e-02 5.628278478980e-02 5.627692863345e-02 1.233708336949e-01 3.211814165115e-01 4.649312794209e-01 6.266329288483e-01 6.355322599411e-01
6.312404759228e-03 9.977542795241e-03 2.247411943972e-02 2.383574657142e-02 2.377472072840e-02 2.337304502726e-02 2.404519356787e-02 2.255466580391e-02 1.933756843209e-02 1.936654746532e-02 2.188468910754e-02 2.229907549918e-02 2.252864651382e-02 2.588316798210e-02 2.900223992765e-02 2.805740199983e-02 2.453305944800e-02 1.542675495148e-02 1.441536098719e-02 1.354976464063e-02 1.885925792158e-02 2.484489791095e-02 3.030627034605e-02 2.584762685001e-02 3.339982032776e-02 3.759688511491e-02 3.293218836188e-02 3.019787743688e-02 2.918218448758e-02 2.853917889297e-02 2.928872779012e-02 3.154168277979e-02 3.696032240987e-02 5.750513449311e-02 7.156129181385e-02 6.528269499540e-02 5.766096711159e-02 1.410602927208e-01 3.668050467968e-01 5.564643740654e-01 4.314418733120e-01 2.822512090206e-01 7.461987137794e-01
4.904553294182e-03 8.700187318027e-03 2.211371809244e-02 2.400093153119e-02 2.392791025341e-02 2.369217574596e-02 2.419401146472e-02 2.296062000096e-02 1.950807124376e-02 1.929506659508e-02 2.141556516290e-02 2.238660305738e-02 2.240222506225e-02 2.541406825185e-02 2.860342524946e-02 2.864263579249e-02 2.498267404735e-02 1.572104729712e-02 1.437495462596e-02 1.781348697841e-02 2.645192854106e-02 3.694001585245e-02 4.653210192919e-02 4.225308448076e-02 8.838070929050e-02 1.076567471027e-01 7.820601761341e-02 5.071739479899e-02 4.922736063600e-02 4.259742051363e-02 3.704311326146e-02 3.538889437914e-02 4.409867152572e-02 7.822922617197e-02 1.109001711011e-01 1.129761189222e-01 7.587511837482e-02 8.377546072006e-02 2.780572474003e-01 4.539407789707e-01 3.253405690193e-01 1.977244615555e-01 3.794085979462e-01
6.643256172538e-03 9.689556434751e-03 2.244293875992e-02 2.442403137684e-02 2.437061630189e-02 2.402848750353e-02 2.457958832383e-02 2.330891601741e-02 1.989434473217e-02 1.964301057160e-02 2.149843052030e-02 2.254923246801e-02 2.241128124297e-02 2.524719759822e-02 2.836217172444e-02 2.919031679630e-02 2.536407113075e-02 1.638476178050e-02 1.777758635581e-02 2.082583680749e-02 3.162116184831e-02 4.496133700013e-02 5.662298575044e-02 7.338624447584e-02 4.611388221383e-02 3.321520984173e-01 2.324066758156e-01 1.293003857136e-01 8.387136459351e-02 6.646482646465e-02 4.781049862504e-02 3.741788491607e-02 4.066826030612e-02 8.022624254227e-02 1.346418261528e-01 1.498947441578e-01 1.003850996494e-01 1.657552719116e-01 3.715879321098e-01 4.461104869843e-01 2.488728761673e-01 1.717096120119e-01 2.463792264462e-01
9.271802380681e-03 1.343403477222e-02 2.309430763125e-02 2.462780475616e-02 2.443788386881e-02 2.424732781947e-02 2.509599365294e-02 2.344948053360e-02 2.004503831267e-02 1.979260146618e-02 2.155815064907e-02 2.248238585889e-02 2.252848260105e-02 2.532305382192e-02 2.837700583041e-02 2.954680658877e-02 2.572952955961e-02 2.040752582252e-02 2.119283750653e-02 2.510155178607e-02 3.741287812591e-02 4.988214373589e-02 5.466691404581e-02 1.781826317310e-01 3.255317509174e-01 7.218822836876e-01 5.482358932495e-01 2.339800745249e-01 1.204596906900e-01 9.398269653320e-02 6.125273928046e-02 4.071845486760e-02 3.941731527448e-02 8.788934350014e-02 1.607262343168e-01 1.723518222570e-01 1.042516902089e-01 1.917865276337e-01 3.969326019287e-01 3.440081477165e-01 1.667897552252e-01 1.780439317226e-01 4.660014212132e-01
1.152854505926e-02 1.647561602294e-02 2.325702458620e-02 2.429380081594e-02 2.406754903495e-02 2.385932020843e-02 2.493015490472e-02 2.285008877516e-02 2.002057805657e-02 1.966661214828e-02 2.124440856278e-02 2.185794711113e-02 2.390662021935e-02 2.567989006639e-02 2.748310193419e-02 2.886472269893e-02 2.670724876225e-02 2.505210228264e-02 2.450160123408e-02 3.084308654070e-02 4.431537166238e-02 5.307317152619e-02 7.666198909283e-02 3.048449158669e-01 7.294200062752e-01 1.023045182228e+00 9.772469401360e-01 3.506764769554e-01 1.341935247183e-01 1.102800518274e-01 7.398397475481e-02 4.832771047950e-02 6.925304979086e-02 1.368615031242e-01 2.176637500525e-01 1.881188154221e-01 9.558924287558e-02 2.292634248734e-01 3.303941488266e-01 2.338499724865e-01 1.871539354324e-01 2.940658330917e-01 1.073805451393e+00
6.818863097578e-03 1.097847241908e-02 2.280733175576e-02 2.353399805725e-02 2.344231866300e-02 2.327966876328e-02 2.423941344023e-02 2.519403211772e-02 1.943875476718e-02 1.912590675056e-02 2.518636174500e-02 2.897519804537e-02 3.225698322058e-02 3.513628989458e-02 3.787711262703e-02 4.045994207263e-02 4.216644912958e-02 4.133730009198e-02 4.439379274845e-02 3.877803683281e-02 5.279297009110e-02 5.549826472998e-02 1.012679785490e-01 3.571350276470e-01 7.613775730133e-01 9.541178345680e-01 7.076158523560e-01 3.108147680759e-01 1.156213581562e-01 1.061859652400e-01 1.038208305836e-01 3.385488688946e-01 3.811081051826e-01 1.925925314426e-01 3.068678379059e-01 1.944047510624e-01 1.586889475584e-01 2.368574738503e-01 2.450309693813e-01 1.707175821066e-01 2.065724432468e-01 7.885182499886e-01 3.169687986374e+00
1.011586375535e-02 1.483945734799e-02 2.185322716832e-02 2.227678894997e-02 2.792712859809e-02 2.934193983674e-02 3.015878982842e-02 3.021197952330e-02 2.914373949170e-02 2.706861309707e-02 2.536546997726e-02 2.955286204815e-02 3.347733244300e-02 3.725060820580e-02 4.136805981398e-02 4.632656276226e-02 8.165229856968e-02 5.454391986132e-02 8.637604862452e-02 5.438678711653e-02 5.180966854095e-02 5.161138623953e-02 9.362566471100e-02 2.718827426434e-01 5.149132013321e-01 5.651618242264e-01 3.790601193905e-01 1.753737330437e-01 8.028189092875e-02 8.599381893873e-02 3.530621826649e-01 1.241874814034e+00 1.339071869850e+00 8.003341555595e-01 5.955447554588e-01 3.500171601772e-01 2.706504762173e-01 2.868898212910e-01 2.892843186855e-01 1.888804584742e-01 3.823237121105e-01 2.407065629959e+00 3.655666351318e+00
4.364919289947e-02 8.712441474199e-02 9.872853010893e-02 1.020611822605e-01 1.007884517312e-01 9.146843105555e-02 8.558973670006e-02 8.737010508776e-02 9.041163325310e-02 8.976666629314e-02 8.582740277052e-02 8.493230491877e-02 8.483950048685e-02 8.847308903933e-02 8.987149596214e-02 9.124082326889e-02 1.066225543618e-01 1.248627677560e-01 1.058755740523e-01 1.008913889527e-01 8.940274268389e-02 7.750523090363e-02 7.208728045225e-02 1.123454719782e-01 1.846053302288e-01 1.856494247913e-01 1.203172430396e-01 6.483452022076e-02 4.771042987704e-02 6.009433791041e-02 3.472616970539e-01 1.304121255875e+00 1.797127962112e+00 1.890234112740e+00 1.572697758675e+00 5.172834992409e-01 3.885900974274e-01 7.140305042267e-01 1.201169729233e+00 6.063505411148e-01 1.340072274208e+00 2.265702724457e+00 8.168054223061e-01
4.180813208222e-02 6.370025128126e-02 7.516314089298e-02 7.498513907194e-02 6.812325865030e-02 5.873451009393e-02 4.937936365604e-02 4.469218105078e-02 4.878459498286e-02 5.068164318800e-02 5.332471430302e-02 5.776327848434e-02 6.240828335285e-02 6.856359541416e-02 7.405152171850e-02 7.475753873587e-02 6.924214214087e-02 6.430626660585e-02 6.776750087738e-02 7.504995167255e-02 7.468214631081e-02 6.157723441720e-02 6.143688037992e-02 6.737393885851e-02 5.945432186127e-02 3.964373841882e-02 2.813189849257e-02 2.274619787931e-02 2.659165672958e-02 3.770245239139e-02 1.542307436466e-01 6.039140224457e-01 2.166574954987e+00 3.261291027069e+00 2.706094026566e+00 1.207518577576e-01 4.205270707607e-01 1.180184602737e+00 2.485785722733e+00 1.316410660744e+00 9.617365598679e-01 6.414445638657e-01 6.788762211800e-01
4.863259196281e-02 7.336777448654e-02 8.505064249039e-02 8.254629373550e-02 7.226778566837e-02 5.949455499649e-02 4.874001070857e-02 5.356249585748e-02 5.960734933615e-02 6.237840279937e-02 6.321068853140e-02 6.309137493372e-02 6.094936653972e-02 5.598697438836e-02 5.503183230758e-02 5.613134428859e-02 5.223943293095e-02 4.262800887227e-02 4.429153725505e-02 4.286661744118e-02 3.432412818074e-02 3.410378843546e-02 3.780541941524e-02 3.781222552061e-02 3.128275647759e-02 2.139750123024e-02 1.657244376838e-02 1.432618498802e-02 1.708301529288e-02 2.306933887303e-02 8.662384003401e-02 2.407785207033e-01 9.973137378693e-01 1.905794024467e+00 2.189700603485e+00 1.087747931480e+00 4.870363771915e-01 8.892133235931e-01 1.829711675644e+00 1.538406014442e+00 2.033792734146e-01 5.438430905342e-01 4.128411710262e-01
3.604114428163e-02 5.385618284345e-02 6.166555732489e-02 5.885072425008e-02 5.043035745621e-02 4.476184025407e-02 4.878017678857e-02 5.173338949680e-02 5.439668521285e-02 5.546033382416e-02 5.271928384900e-02 4.579773917794e-02 3.706494346261e-02 2.973277308047e-02 2.642529830337e-02 2.683011628687e-02 2.575174905360e-02 3.638597205281e-02 4.225686565042e-02 3.976899757981e-02 3.162847831845e-02 2.270707674325e-02 2.178569696844e-02 2.242526970804e-02 1.953122951090e-02 1.531267073005e-02 1.545807067305e-02 1.616952195764e-02 2.172235026956e-02 3.229887783527e-02 7.256174832582e-02 2.057979702950e-01 1.889685690403e-01 3.523892164230e-01 4.467805922031e-01 4.304384887218e-01 4.488523602486e-01 6.862511038780e-01 1.945165872574e+00 1.055766820908e+00 2.457745075226e+00 4.514174759388e-01 3.942990601063e-01
1.695069484413e-02 1.116520818323e-02 2.843150496483e-02 2.777450345457e-02 2.894839830697e-02 1.164461392909e-02 2.988751046360e-02 3.380439803004e-02 3.482400625944e-02 3.497457876801e-02 3.308981657028e-02 2.892656996846e-02 2.378074452281e-02 1.905573345721e-02 1.044209022075e-02 2.011636644602e-02 3.492866083980e-02 4.464988037944e-02 4.217473417521e-02 3.163925185800e-02 2.021901123226e-02 2.099954336882e-02 3.519396856427e-02 3.738212585449e-02 2.597356960177e-02 1.728728786111e-02 1.856771297753e-02 2.055196650326e-02 2.650799974799e-02 4.125808924437e-02 6.971794366837e-02 1.020942628384e-01 1.466275453568e-01 1.587162613869e-01 1.221048980951e-01 9.443489462137e-02 1.927997320890e-01 8.661443591118e-01 3.661159992218e+00 1.665654659271e+00 2.294510602951e-01 3.995037674904e-01 3.090703785419e-01
1.067381631583e-02 8.036661893129e-03 1.962427236140e-02 2.219891361892e-02 1.581733301282e-02 8.851509541273e-03 2.106545679271e-02 2.220257371664e-02 2.122918702662e-02 2.014452591538e-02 1.897070184350e-02 1.776443608105e-02 1.661381684244e-02 1.662766560912e-02 1.642531901598e-02 1.900845393538e-02 3.239015489817e-02 3.845242783427e-02 3.307160362601e-02 2.292568609118e-02 2.548843435943e-02 4.741930961609e-02 7.081196457148e-02 5.950903892517e-02 3.082904405892e-02 2.089167200029e-02 2.331161312759e-02 2.851345390081e-02 3.893676772714e-02 6.296248733997e-02 7.139707356691e-02 1.174447387457e-01 1.134441420436e-01 5.739440396428e-02 5.582061782479e-02 7.143647968769e-02 1.474249213934e-01 1.432882070541e+00 4.286066532135e+00 2.299049139023e+00 4.720534682274e-01 3.735603690147e-01 1.455730497837e-01
1.020081434399e-02 1.468710601330e-02 1.839133724570e-02 1.590717770159e-02 1.725349947810e-02 1.866705715656e-02 2.218214608729e-02 2.397390082479e-02 2.571172267199e-02 2.624627389014e-02 2.912499569356e-02 3.075998835266e-02 3.221492469311e-02 3.326406329870e-02 3.370643779635e-02 3.347516059875e-02 3.263021633029e-02 3.249273076653e-02 3.454300388694e-02 3.806542232633e-02 6.686502695084e-02 9.426394850016e-02 9.776920825243e-02 6.428405642509e-02 2.597758546472e-02 2.503083646297e-02 5.172872915864e-02 4.756161570549e-02 3.515639528632e-02 6.617195904255e-02 8.578039705753e-02 9.971040487289e-02 7.321663200855e-02 5.104560032487e-02 5.861505866051e-02 8.514924347401e-02 4.305373132229e-01 1.948264241219e+00 3.068114519119e+00 1.735398530960e+00 1.022793173790e+00 3.086293935776e-01 1.007201001048e-01
7.220985367894e-03 1.037245057523e-02 1.298801321536e-02 1.473245024681e-02 1.569864898920e-02 1.615554094315e-02 1.748142577708e-02 1.915495470166e-02 2.038469910622e-02 2.137295901775e-02 2.480807155371e-02 2.679184637964e-02 2.868631668389e-02 3.025077842176e-02 3.120990283787e-02 3.138219565153e-02 3.076368011534e-02 3.063600696623e-02 3.248082101345e-02 5.281253904104e-02 8.817895501852e-02 1.174151301384e-01 1.139646396041e-01 6.946721673012e-02 2.633629366755e-02 4.249312728643e-02 5.982743203640e-02 3.323670849204e-02 4.568259418011e-02 7.551345229149e-02 8.956689387560e-02 9.961022436619e-02 7.682544738054e-02 7.000357657671e-02 6.576601415873e-02 2.279506474733e-01 9.102300405502e-01 3.500380039215e+00 2.339577674866e+00 6.669992804527e-01 4.090152084827e-01 2.643448710442e-01 1.030356138945e-01
4.796922206879e-03 6.885216105729e-03 8.649249561131e-03 9.870616719127e-03 1.109819207340e-02 1.255938783288e-02 1.406943704933e-02 1.576111838222e-02 1.737862080336e-02 1.968188211322e-02 2.181546762586e-02 2.402115240693e-02 2.616609632969e-02 2.799297869205e-02 2.917905896902e-02 2.948696911335e-02 2.890627644956e-02 2.868701145053e-02 3.337457776070e-02 6.378985941410e-02 1.010904014111e-01 1.281227618456e-01 1.186161935329e-01 6.831919401884e-02 2.534563653171e-02 4.730519279838e-02 4.950031265616e-02 3.207380324602e-02 6.931216269732e-02 8.168416470289e-02 8.318929374218e-02 9.422375261784e-02 9.784871339798e-02 7.783415168524e-02 1.392704993486e-01 3.324697017670e-01 5.513810515404e-01 1.949086546898e+00 6.658178567886e-01 3.251757025719e-01 1.944504678249e-01 2.040913701057e-01 1.407391577959e-01
