100/SI/f55.grd
DSAA
101	101
32.816463539100	34.260883539100
35.556306596100	36.727886596100
2.168855862692e-03	3.707317352295e+01
[rows 0 to 18 of 101, columns 43 to 85 of 101]
2.462692372501e-02 1.790824905038e-02 1.690893061459e-02 2.087978459895e-02 2.302070893347e-02 2.158690989017e-02 1.932610198855e-02 1.314471103251e-02 2.696571685374e-02 3.798935189843e-02 4.203501343727e-02 3.361863642931e-02 2.630567178130e-02 2.295079641044e-02 2.329535782337e-02 6.947591155767e-02 5.375329405069e-02 3.261544927955e-02 5.038175359368e-02 4.528751224279e-02 5.708465725183e-02 6.370260566473e-02 6.178455054760e-02 9.430216997862e-02 9.540652483702e-02 6.427533179522e-02 4.061084240675e-02 3.293868526816e-02 3.872179239988e-02 7.813125848770e-02 9.324177354574e-02 4.572350531816e-02 2.663886733353e-02 3.060904145241e-02 3.891736641526e-02 2.912785299122e-02 1.921331509948e-02 1.562995463610e-02 1.346502546221e-02 1.325080264360e-02 1.850185543299e-02 1.391537114978e-02 6.878615356982e-03
4.760516807437e-02 3.670500591397e-02 2.639246545732e-02 3.388469666243e-02 3.920944780111e-02 3.793448209763e-02 3.237904235721e-02 2.548165060580e-02 5.442892387509e-02 7.889987528324e-02 7.710855454206e-02 6.741378456354e-02 4.719255119562e-02 4.160199314356e-02 4.754384607077e-02 1.442652791739e-01 1.113585233688e-01 6.431067734957e-02 1.105238944292e-01 8.787409216166e-02 1.060015559196e-01 1.152997687459e-01 1.115262508392e-01 1.648990660906e-01 1.621188819408e-01 1.262928247452e-01 7.431118190289e-02 5.468820780516e-02 8.173601329327e-02 1.510179936886e-01 1.659843921661e-01 7.545773684978e-02 5.096914619207e-02 5.600947886705e-02 7.531768083572e-02 4.843956232071e-02 3.014367818832e-02 2.950045838952e-02 2.537036314607e-02 2.567996270955e-02 3.537562489510e-02 2.528108656406e-02 1.196649391204e-02
6.259121000767e-02 5.216873809695e-02 3.774818032980e-02 4.064835608006e-02 4.670211672783e-02 4.763092473149e-02 4.008916020393e-02 3.063852898777e-02 6.758522987366e-02 1.014653965831e-01 9.111221134663e-02 9.274473786354e-02 6.406032294035e-02 5.708507075906e-02 5.697455629706e-02 1.761386245489e-01 1.385968476534e-01 7.050652056932e-02 1.521673053503e-01 1.316040456295e-01 1.281922757626e-01 1.374610960484e-01 1.434284895658e-01 2.067233622074e-01 2.209449410439e-01 1.699343621731e-01 8.482113480568e-02 6.056687980890e-02 1.092344671488e-01 1.766207814217e-01 1.702166348696e-01 6.966518610716e-02 5.512761697173e-02 6.375282257795e-02 8.406891673803e-02 4.310156777501e-02 3.337028250098e-02 3.390371426940e-02 2.963836863637e-02 3.170486912131e-02 4.043466597795e-02 2.718348987401e-02 1.257541961968e-02
7.084668427706e-02 6.373273581266e-02 5.046323314309e-02 4.229437187314e-02 4.872383549809e-02 5.342588946223e-02 4.255494847894e-02 3.566314652562e-02 7.628607749939e-02 1.195899769664e-01 9.177730977535e-02 1.121840402484e-01 7.643108069897e-02 6.918299943209e-02 6.257265061140e-02 1.978974640369e-01 1.590798199177e-01 7.625354826450e-02 1.816022694111e-01 1.728072166443e-01 1.352907419205e-01 1.427255123854e-01 1.642046719790e-01 2.276748716831e-01 2.935070693493e-01 2.097081393003e-01 9.112738072872e-02 8.128094673157e-02 1.304930895567e-01 1.829083114862e-01 1.503734141588e-01 5.413954705000e-02 5.075886100531e-02 7.829917967319e-02 8.357764780521e-02 3.304187580943e-02 3.414493054152e-02 3.589375317097e-02 3.200889006257e-02 3.648975864053e-02 4.257379099727e-02 2.635966241360e-02 1.173996552825e-02
7.409556955099e-02 7.217420637608e-02 6.187209114432e-02 4.622131586075e-02 4.919696971774e-02 5.820920690894e-02 4.179124534130e-02 4.383015260100e-02 8.292440325022e-02 1.371861547232e-01 8.534230291843e-02 1.245043501258e-01 1.021836921573e-01 7.991378754377e-02 6.668556481600e-02 2.167599946260e-01 1.757955998182e-01 9.201067686081e-02 2.011014074087e-01 2.125844210386e-01 1.370934695005e-01 1.428101211786e-01 1.826719641685e-01 2.407669723034e-01 3.651020824909e-01 2.425269335508e-01 9.317251294851e-02 1.041292399168e-01 1.501942127943e-01 1.804553121328e-01 1.249622330070e-01 4.762624949217e-02 4.531074687839e-02 9.273786842823e-02 7.779441028833e-02 3.207387775183e-02 3.504425659776e-02 3.773910924792e-02 3.456242009997e-02 4.174321144819e-02 4.439469799399e-02 2.516498044133e-02 1.080803666264e-02
7.163012027740e-02 7.634628564119e-02 7.099752128124e-02 5.824445188046e-02 5.113160237670e-02 6.244527176023e-02 4.312250018120e-02 4.978628456593e-02 8.843503892422e-02 1.549373418093e-01 8.428851515055e-02 1.254633218050e-01 1.219349429011e-01 1.000249385834e-01 8.987466245890e-02 2.324458062649e-01 1.890280395746e-01 1.028399616480e-01 2.059849351645e-01 2.467849552631e-01 1.827559471130e-01 1.439095884562e-01 2.010042369366e-01 2.499937862158e-01 4.291205704212e-01 2.614856660366e-01 9.411577880383e-02 1.260969489813e-01 1.646641641855e-01 1.668149530888e-01 9.760620445013e-02 4.721725359559e-02 6.263861060143e-02 1.036418378353e-01 6.724354624748e-02 3.216421976686e-02 3.609981760383e-02 3.954337164760e-02 3.724575787783e-02 4.743678122759e-02 4.557713121176e-02 2.361930906773e-02 9.929718449712e-03
6.471823900938e-02 7.489631325006e-02 7.675974071026e-02 6.917736679316e-02 5.236708000302e-02 6.598733365536e-02 4.947924986482e-02 5.266703292727e-02 9.271957725286e-02 1.713496744633e-01 9.474753588438e-02 1.149551346898e-01 1.263404041529e-01 1.116483956575e-01 1.014876738191e-01 2.477174401283e-01 1.985245794058e-01 1.032010912895e-01 1.909663677216e-01 2.610896825790e-01 2.223221063614e-01 1.885567158461e-01 2.192574441433e-01 2.562086880207e-01 4.761433899403e-01 2.633562088013e-01 1.126029416919e-01 1.452659815550e-01 1.669703423977e-01 1.438224762678e-01 7.179649174213e-02 4.256627336144e-02 8.283299952745e-02 1.075157970190e-01 5.378230288625e-02 3.379509970546e-02 3.739764541388e-02 4.113883897662e-02 3.993646055460e-02 5.375701189041e-02 4.596673324704e-02 2.170534245670e-02 1.436071842909e-02
5.674149841070e-02 6.897472590208e-02 7.786469161510e-02 7.753945142031e-02 6.446577608585e-02 6.852029263973e-02 5.653067305684e-02 5.101696029305e-02 9.547452628613e-02 1.869648098946e-01 1.068837642670e-01 9.531041234732e-02 1.173153370619e-01 1.182959005237e-01 9.991637617350e-02 2.620449364185e-01 2.052384912968e-01 1.118522286415e-01 1.600765138865e-01 2.473174482584e-01 2.389207184315e-01 2.279709279537e-01 2.374759465456e-01 2.963495850563e-01 5.032909512520e-01 2.536760270596e-01 1.376950889826e-01 1.603725403547e-01 1.563776880503e-01 1.154247000813e-01 5.006340146065e-02 5.643629282713e-02 1.016879454255e-01 1.025839745998e-01 3.958029672503e-02 3.929678723216e-02 3.806142881513e-02 4.253803566098e-02 4.250664263964e-02 6.072516366839e-02 4.551244899631e-02 1.965960115194e-02 1.993431150913e-02
5.812617763877e-02 6.262840330601e-02 7.541577517986e-02 8.218868821859e-02 7.499203085899e-02 6.973448395729e-02 6.426343321800e-02 4.498555883765e-02 9.652481973171e-02 2.019734382629e-01 1.196767017245e-01 7.339165359735e-02 1.253692507744e-01 1.330751478672e-01 8.614903688431e-02 2.762802541256e-01 2.106290459633e-01 1.189438104630e-01 1.278841197491e-01 2.186621278524e-01 2.424505650997e-01 2.550906240940e-01 2.546281218529e-01 3.401317894459e-01 5.001716017723e-01 2.243616282940e-01 1.606471985579e-01 1.606605350971e-01 1.357399076223e-01 8.542235195637e-02 4.509292915463e-02 7.900565117598e-02 1.159820035100e-01 8.919048309326e-02 3.784893453121e-02 4.204788431525e-02 3.887700289488e-02 4.376652836800e-02 4.628619179130e-02 6.722623109818e-02 4.381062462926e-02 1.785644143820e-02 2.507694624364e-02
6.176684796810e-02 6.347203254700e-02 7.227522879839e-02 8.442340046167e-02 8.286500722170e-02 6.900397688150e-02 7.178187370300e-02 3.985593467951e-02 9.672520309687e-02 2.162797152996e-01 1.326273977757e-01 7.388913631439e-02 1.371760070324e-01 1.491161435843e-01 8.720660209656e-02 2.920556664467e-01 2.126015871763e-01 1.238576844335e-01 1.277206838131e-01 1.848516911268e-01 2.418106943369e-01 2.679753303528e-01 2.682572901249e-01 3.796091675758e-01 4.646027684212e-01 1.798142790794e-01 1.703737527132e-01 1.476277709007e-01 1.090342551470e-01 5.797472968698e-02 6.881032139063e-02 1.034893468022e-01 1.206988245249e-01 6.921693682671e-02 4.393912851810e-02 4.219629243016e-02 3.949812799692e-02 4.516891390085e-02 5.807609483600e-02 7.199003547430e-02 4.104670137167e-02 2.349868044257e-02 2.900948747993e-02
6.295478343964e-02 6.948203593493e-02 6.949619203806e-02 8.556889742613e-02 8.910857886076e-02 7.001752406359e-02 7.741674780846e-02 4.775666445494e-02 9.616869688034e-02 2.291521281004e-01 1.458052545786e-01 9.601721912622e-02 2.043303698301e-01 1.653142422438e-01 9.791301190853e-02 3.074864745140e-01 2.143205702305e-01 1.256255954504e-01 1.277411282063e-01 1.586914956570e-01 2.375525087118e-01 2.595716118813e-01 2.777706384659e-01 4.043115079403e-01 4.044350087643e-01 1.801392287016e-01 1.656713932753e-01 1.264399439096e-01 7.885914295912e-02 7.476109266281e-02 9.764923155308e-02 1.249286606908e-01 1.107134893537e-01 4.754215851426e-02 4.775198549032e-02 3.963933140039e-02 4.004519805312e-02 4.678472876549e-02 6.995362788439e-02 7.460229843855e-02 3.756348788738e-02 2.832390740514e-02 3.149095177650e-02
6.178210675716e-02 7.380017638206e-02 7.532370835543e-02 8.636137098074e-02 9.539273381233e-02 7.957582920790e-02 7.903124392033e-02 5.748543143272e-02 9.436560422182e-02 2.407565712929e-01 1.594167500734e-01 1.149572283030e-01 2.656431496143e-01 1.782786548138e-01 1.181579604745e-01 3.214888870716e-01 2.145588696003e-01 1.247820407152e-01 1.304472386837e-01 1.530296057463e-01 2.215094715357e-01 2.173477411270e-01 2.837532162666e-01 4.099356532097e-01 3.275775313377e-01 1.867875605822e-01 1.479330807924e-01 9.657365828753e-02 9.904626011848e-02 1.085571497679e-01 1.260261982679e-01 1.315872520208e-01 8.802533149719e-02 5.045958980918e-02 4.817909747362e-02 3.453158587217e-02 4.000903666019e-02 4.823178797960e-02 7.961263507605e-02 7.442926615477e-02 3.513194620609e-02 3.196999430656e-02 3.199687972665e-02
5.861822143197e-02 7.623851299286e-02 8.452711999416e-02 8.753909915686e-02 1.016248986125e-01 8.880558609962e-02 7.512386888266e-02 6.498605757952e-02 9.131067246199e-02 2.507525980473e-01 1.747825145721e-01 1.322485804558e-01 3.143649697304e-01 1.833010315895e-01 1.373842060566e-01 3.351686000824e-01 2.136033028364e-01 1.208815351129e-01 1.294534206390e-01 1.626467108727e-01 1.920892447233e-01 2.147407978773e-01 2.895029783249e-01 3.824793398380e-01 2.416452914476e-01 1.743070781231e-01 1.437339931726e-01 1.472825109959e-01 1.439641267061e-01 1.426706016064e-01 1.422180235386e-01 1.170923113823e-01 5.951706692576e-02 5.427573621273e-02 4.380474239588e-02 2.807035855949e-02 3.947032615542e-02 5.016065016389e-02 8.645711094141e-02 7.178378850222e-02 3.874145820737e-02 3.296661749482e-02 3.217088058591e-02
5.374529212713e-02 7.626403868198e-02 9.220275282860e-02 8.940491825342e-02 1.079754233360e-01 9.805919975042e-02 6.578963249922e-02 6.707824766636e-02 8.784454315901e-02 2.594009339809e-01 1.908834427595e-01 1.487807333469e-01 3.514125049114e-01 1.989205628633e-01 1.472953855991e-01 3.501350581646e-01 2.104108929634e-01 1.331035196781e-01 1.224417462945e-01 1.693070977926e-01 1.593227088451e-01 2.287062257528e-01 3.145028054714e-01 3.183955252171e-01 2.058833390474e-01 1.850918382406e-01 2.064032852650e-01 2.023743987083e-01 1.825536787510e-01 1.593979001045e-01 1.326204687357e-01 8.557095378637e-02 5.853625759482e-02 5.217263475060e-02 3.626709803939e-02 2.211651019752e-02 3.886922821403e-02 6.007780507207e-02 9.087830781937e-02 6.724502891302e-02 4.243182763457e-02 3.281970694661e-02 3.321655094624e-02
6.197716295719e-02 7.348383963108e-02 9.772224724293e-02 9.418918937445e-02 1.145065501332e-01 1.078490167856e-01 6.544637680054e-02 7.212831825018e-02 8.246189355850e-02 2.664027512074e-01 2.093952000141e-01 1.590681523085e-01 3.702199161053e-01 2.112413644791e-01 1.491773277521e-01 3.656269907951e-01 2.077331840992e-01 1.417190134525e-01 1.363544017076e-01 1.665394008160e-01 1.570370793343e-01 2.418589293957e-01 2.962879240513e-01 2.446661740541e-01 1.901838928461e-01 2.513521909714e-01 2.683558464050e-01 2.334116101265e-01 1.859727799892e-01 1.444352716208e-01 9.999097138643e-02 6.214512884617e-02 5.868379399180e-02 4.433314874768e-02 2.817076072097e-02 1.925884373486e-02 3.854216262698e-02 6.970220804214e-02 9.350654482841e-02 7.106351107359e-02 4.588493704796e-02 3.347557783127e-02 3.501843661070e-02
7.236634194851e-02 6.788488477468e-02 1.001578345895e-01 1.067803725600e-01 1.202306449413e-01 1.176685243845e-01 7.354822754860e-02 7.970216870308e-02 7.603167742491e-02 2.730209529400e-01 2.314443588257e-01 1.718163043261e-01 3.877089023590e-01 2.095192223787e-01 1.661607921124e-01 3.763203322887e-01 2.012849897146e-01 1.430186629295e-01 1.591998636723e-01 1.544499993324e-01 1.759699285030e-01 2.512724399567e-01 2.660442292690e-01 2.502935528755e-01 2.440194785595e-01 3.041405975819e-01 2.766254544258e-01 2.103004902601e-01 1.537530422211e-01 1.049324125051e-01 6.432171911001e-02 6.333100795746e-02 5.125279724598e-02 3.402031958103e-02 2.080605551600e-02 2.205213159323e-02 4.400229826570e-02 7.854976505041e-02 9.427085518837e-02 8.107635378838e-02 4.841481149197e-02 3.544051200151e-02 3.647491335869e-02
8.107654750347e-02 7.304482161999e-02 9.867866337299e-02 1.180712357163e-01 1.255195438862e-01 1.279371976852e-01 8.269187808037e-02 8.717845380306e-02 8.273988962173e-02 2.771319448948e-01 2.559259533882e-01 1.882554292679e-01 4.085457921028e-01 2.067470699549e-01 2.147857844830e-01 3.872838616371e-01 1.931225508451e-01 1.357577592134e-01 1.689785569906e-01 1.424448788166e-01 1.977850347757e-01 2.461202889681e-01 2.889735102654e-01 2.317126393318e-01 2.843710780144e-01 2.847620248795e-01 2.221864461899e-01 1.526526957750e-01 1.010746732354e-01 6.569307297468e-02 6.611683219671e-02 5.570685863495e-02 3.891131281853e-02 2.831556834280e-02 2.722910046577e-02 3.018159978092e-02 5.386190861464e-02 8.562651276588e-02 1.041100025177e-01 8.933480829000e-02 4.805848002434e-02 3.737287223339e-02 3.540517389774e-02
8.746894448996e-02 8.644143491983e-02 9.371575713158e-02 1.263408809900e-01 1.308299601078e-01 1.389789581299e-01 9.297686815262e-02 9.557113796473e-02 9.225668013096e-02 2.776531875134e-01 2.809220254421e-01 1.998605579138e-01 4.257770478725e-01 2.000258713961e-01 2.582845091820e-01 3.944694697857e-01 1.850935518742e-01 1.474769115448e-01 1.611492782831e-01 1.595942974091e-01 1.982056647539e-01 2.594113945961e-01 2.900815606117e-01 2.319552302361e-01 2.597470581532e-01 2.082732617855e-01 1.378201544285e-01 8.436755836010e-02 6.529088318348e-02 6.723290681839e-02 5.738959461451e-02 4.179905354977e-02 3.624871745706e-02 4.058708623052e-02 3.409773483872e-02 3.921741992235e-02 6.219292804599e-02 1.030150130391e-01 1.246076673269e-01 9.252940863371e-02 4.356964305043e-02 3.783043473959e-02 3.216389194131e-02
9.156158566475e-02 9.820349514484e-02 1.098588928580e-01 1.315733045340e-01 1.359806805849e-01 1.512519866228e-01 1.048905327916e-01 1.043500527740e-01 1.030243635178e-01 2.767367064953e-01 3.097777962685e-01 2.118714898825e-01 4.424916207790e-01 1.939827650785e-01 2.939312160015e-01 4.002944529057e-01 1.774701625109e-01 1.691558808088e-01 1.555647999048e-01 1.745818853378e-01 2.023613005877e-01 2.798484265804e-01 2.574698626995e-01 2.299221456051e-01 1.926951855421e-01 1.201004385948e-01 6.688172370195e-02 6.527670472860e-02 6.601221114397e-02 5.715692043304e-02 4.259441047907e-02 4.248651489615e-02 5.289378017187e-02 5.223981291056e-02 3.564991056919e-02 4.704556241632e-02 6.812277436256e-02 1.329145282507e-01 1.407316923141e-01 8.658039569855e-02 4.006138443947e-02 3.533452749252e-02 2.911660447717e-02
