100/SI/f55.grd
DSAA
101	101
32.816463539100	34.260883539100
35.556306596100	36.727886596100
2.168855862692e-03	3.707317352295e+01
[rows 38 to 56 of 101, columns 43 to 85 of 101]
1.067518115044e+00 6.845024824142e-01 8.811161518097e-01 7.217046618462e-01 4.967362582684e-01 5.375013351440e-01 7.753461003304e-01 9.403413534164e-01 1.733971714973e+00 1.208424091339e+00 8.930343389511e-01 6.301553845406e-01 4.288878440857e-01 3.907151818275e-01 7.751062512398e-01 1.426376819611e+00 1.079297065735e+00 4.343167245388e-01 2.764931917191e-01 3.229935169220e-01 3.501732051373e-01 4.659195244312e-01 3.837563097477e-01 3.134377300739e-01 2.106878012419e-01 1.785336732864e-01 1.986479908228e-01 2.043281048536e-01 1.958843469620e-01 1.879366785288e-01 1.701924055815e-01 1.446511447430e-01 1.231033727527e-01 1.046156957746e-01 8.657746016979e-02 6.751380860806e-02 5.408294871449e-02 4.549238085747e-02 4.217582941055e-02 3.758458420634e-02 3.391651436687e-02 3.547102585435e-02 3.701597079635e-02
1.846484303474e+00 1.297708153725e+00 1.049363017082e+00 7.942059636116e-01 7.931517362595e-01 6.850907802582e-01 9.990503191948e-01 1.017543792725e+00 1.615252733231e+00 1.344585895538e+00 1.658164501190e+00 6.371708512306e-01 5.636825561523e-01 1.408714056015e+00 1.361968636513e+00 6.494462490082e-01 4.221307337284e-01 3.461472392082e-01 2.883458435535e-01 5.189003348351e-01 4.830695092678e-01 3.107751011848e-01 1.582322418690e-01 1.572694331408e-01 1.834840178490e-01 1.517437249422e-01 1.675934344530e-01 1.723708659410e-01 1.634503751993e-01 1.530945599079e-01 1.413687765598e-01 1.229920238256e-01 1.045932471752e-01 8.692029118538e-02 7.157851755619e-02 5.562279373407e-02 4.422102123499e-02 3.611529618502e-02 3.220785036683e-02 3.117527440190e-02 6.675301492214e-02 1.158560290933e-01 1.196217909455e-01
9.918599128723e-01 1.853962779045e+00 1.408391833305e+00 1.044339656830e+00 8.885347247124e-01 9.170187711716e-01 8.054414391518e-01 1.116778731346e+00 1.334682345390e+00 9.837341904640e-01 2.657093286514e+00 2.076794624329e+00 1.575682520866e+00 7.880824804306e-01 5.977326035500e-01 4.587366580963e-01 3.353301286697e-01 5.093950033188e-01 6.181177496910e-01 3.629609346390e-01 1.527837514877e-01 2.560103535652e-01 3.361993134022e-01 2.565480172634e-01 1.074278950691e-01 1.170214340091e-01 1.254191696644e-01 1.283509731293e-01 1.172860637307e-01 1.019333153963e-01 9.216088056564e-02 8.271091431379e-02 7.245754450560e-02 6.049428507686e-02 4.973006248474e-02 3.759860247374e-02 3.627962991595e-02 6.417416036129e-02 1.031728237867e-01 1.403195858002e-01 1.156203523278e-01 9.923806041479e-02 8.614773303270e-02
1.486495733261e+00 1.288545966148e+00 2.003544569016e+00 1.491937160492e+00 1.107455849648e+00 1.207522511482e+00 8.903464078903e-01 1.304067611694e+00 1.315026521683e+00 1.066252827644e+00 1.846765160561e+00 2.952152252197e+00 8.400243520737e-01 8.858625292778e-01 4.668868184090e-01 6.633265018463e-01 6.898273825645e-01 5.741040110588e-01 2.773109972477e-01 4.041947424412e-01 4.342296123505e-01 2.490104138851e-01 1.964966207743e-01 1.565000861883e-01 1.485583782196e-01 1.340784430504e-01 1.083096265793e-01 1.097722128034e-01 9.085758030415e-02 6.545247137547e-02 1.205441132188e-01 5.121321976185e-02 5.094832926989e-02 5.416082218289e-02 5.742992460728e-02 6.052231043577e-02 1.310703158379e-01 1.501204520464e-01 1.447194814682e-01 1.594211608171e-01 1.613480001688e-01 1.582486480474e-01 1.457217484713e-01
1.356346607208e+00 1.920201659203e+00 1.620026230812e+00 2.387437343597e+00 1.784780621529e+00 1.300132274628e+00 1.575237751007e+00 1.588453173637e+00 1.584884524345e+00 1.976925730705e+00 9.712730646133e-01 2.051917791367e+00 8.308061361313e-01 7.592622637749e-01 6.210495233536e-01 8.328679203987e-01 5.293319225311e-01 7.031131982803e-01 5.541260838509e-01 3.856340050697e-01 5.003107786179e-01 5.807195901871e-01 6.186645030975e-01 6.134321689606e-01 5.994660258293e-01 5.926874876022e-01 5.632877945900e-01 4.902931749821e-01 3.830519616604e-01 2.667499482632e-01 1.640867888927e-01 9.169637411833e-02 6.206989288330e-02 8.727239817381e-02 1.697869300842e-01 1.742767989635e-01 1.100422218442e-01 9.720043092966e-02 1.187335476279e-01 1.483152657747e-01 1.778950095177e-01 1.778938919306e-01 1.714893430471e-01
1.345261096954e+00 1.539724588394e+00 2.372315883636e+00 1.295904040337e+00 2.723201751709e+00 1.968652367592e+00 1.814560413361e+00 2.563606262207e+00 2.157876968384e+00 1.625853180885e+00 1.033511877060e+00 1.621791720390e+00 9.286348223686e-01 7.419435381889e-01 9.019281268120e-01 8.791962265968e-01 5.764676332474e-01 1.158253192902e+00 1.394262909889e+00 1.184423685074e+00 8.664736151695e-01 5.623993277550e-01 3.692431151867e-01 2.771969139576e-01 3.211960196495e-01 3.622502088547e-01 3.969326615334e-01 4.325818717480e-01 4.488674998283e-01 4.396444261074e-01 4.224985539913e-01 3.715303540230e-01 2.890243530273e-01 2.077829539776e-01 1.385831236839e-01 2.632737755775e-01 3.114452958107e-01 2.781963050365e-01 1.992577463388e-01 1.552009433508e-01 1.942259520292e-01 2.135066241026e-01 2.254840433598e-01
1.410821199417e+00 1.319741010666e+00 1.777251124382e+00 2.978729724884e+00 1.930195927620e+00 2.475890159607e+00 1.824422121048e+00 4.570282936096e+00 4.234419822693e+00 1.523462533951e+00 1.755844116211e+00 1.264324069023e+00 9.759469628334e-01 1.132273554802e+00 9.703528285027e-01 1.667631030083e+00 1.873002171516e+00 1.466545581818e+00 9.873289465904e-01 6.158390045166e-01 4.677155911922e-01 4.653377532959e-01 4.241182804108e-01 3.533921837807e-01 2.938367426395e-01 2.711639106274e-01 2.795304358006e-01 3.124310970306e-01 3.450915217400e-01 3.817474246025e-01 4.152600765228e-01 4.504682123661e-01 4.693251252174e-01 4.412380158901e-01 3.773927390575e-01 3.715021014214e-01 3.476888835430e-01 2.555621564388e-01 1.545009315014e-01 1.129917129874e-01 1.102775782347e-01 1.275193989277e-01 1.420233845711e-01
1.695463061333e+00 2.212238788605e+00 2.248872280121e+00 2.462760686874e+00 3.721099853516e+00 3.274287462234e+00 2.535875797272e+00 6.408172607422e+00 5.349318027496e+00 1.756889700890e+00 2.170394182205e+00 1.215198993683e+00 2.116864204407e+00 2.537322759628e+00 2.075319290161e+00 1.297890901566e+00 1.105400085449e+00 8.824701309204e-01 6.538245081902e-01 7.916684746742e-01 7.712026238441e-01 6.561666727066e-01 5.141949057579e-01 3.779154717922e-01 3.354391455650e-01 3.183231949806e-01 3.193929493427e-01 3.557081222534e-01 3.865545690060e-01 4.069998264313e-01 4.210197329521e-01 4.100455939770e-01 3.817215263844e-01 3.349577784538e-01 3.403917551041e-01 3.552303314209e-01 3.490085601807e-01 3.291486203671e-01 2.933606505394e-01 2.631839811802e-01 2.377998828888e-01 2.106932997704e-01 1.834351569414e-01
2.553465127945e+00 3.374447345734e+00 3.224945545197e+00 2.931736469269e+00 3.025034189224e+00 4.316792011261e+00 7.479767322540e+00 7.515209674835e+00 4.199768066406e+00 2.987108469009e+00 2.491474390030e+00 2.831804990768e+00 1.672156333923e+00 1.590845584869e+00 1.499950051308e+00 1.034285306931e+00 1.013790249825e+00 1.047026872635e+00 8.795502185822e-01 9.181209802628e-01 8.794990181923e-01 7.464193701744e-01 6.361312270164e-01 5.385187864304e-01 4.740782082081e-01 4.116048216820e-01 3.860006630421e-01 4.122811853886e-01 4.486452043056e-01 4.636467397213e-01 4.354362487793e-01 3.576001822948e-01 2.937272191048e-01 2.892880737782e-01 2.781367599964e-01 2.679336965084e-01 2.626789808273e-01 2.572570145130e-01 2.413878589869e-01 2.267818748951e-01 2.361860424280e-01 2.524601221085e-01 2.612103819847e-01
2.977360486984e+00 3.557454586029e+00 3.988377094269e+00 3.624694824219e+00 3.883387088776e+00 4.016319751740e+00 1.094056510925e+01 1.454144668579e+01 4.369383811951e+00 3.836111068726e+00 2.435395479202e+00 1.657593131065e+00 1.581896066666e+00 1.520078420639e+00 1.731324672699e+00 1.604011416435e+00 1.425967693329e+00 1.307770967484e+00 1.277645111084e+00 1.213018774986e+00 1.197735309601e+00 8.563100099564e-01 8.092723488808e-01 6.812663078308e-01 5.089280605316e-01 3.555519580841e-01 3.215613365173e-01 3.010861575603e-01 2.823502123356e-01 2.681255936623e-01 3.266687393188e-01 4.239075183868e-01 4.968099594116e-01 5.051069259644e-01 4.696530997753e-01 4.033866226673e-01 3.425379693508e-01 2.814775407314e-01 2.231726944447e-01 1.992195546627e-01 2.090967893600e-01 2.241415828466e-01 2.231492698193e-01
1.959115386009e+00 2.938343286514e+00 4.468627452850e+00 6.525403976440e+00 8.746955871582e+00 6.447728157043e+00 5.107560634613e+00 9.250599861145e+00 3.693586826324e+00 3.102337598801e+00 3.249488592148e+00 3.425496339798e+00 2.773719549179e+00 1.713799834251e+00 1.835704088211e+00 1.207838535309e+00 1.147199988365e+00 1.206814408302e+00 1.319404482841e+00 1.536709785461e+00 1.171910762787e+00 8.835262060165e-01 7.608885765076e-01 7.401406168938e-01 7.974858880043e-01 8.604269027710e-01 8.380893468857e-01 7.080413103104e-01 5.369279980659e-01 3.864029645920e-01 2.854427099228e-01 2.669461667538e-01 2.827100753784e-01 2.897329926491e-01 2.834438979626e-01 2.707186639309e-01 2.652268111706e-01 2.836059927940e-01 3.040373623371e-01 3.111114799976e-01 2.950798869133e-01 2.630914449692e-01 2.162374407053e-01
1.712918400764e+00 2.354494810104e+00 3.914360284805e+00 4.998784065247e+00 6.581517219543e+00 8.696005821228e+00 8.576083183289e+00 1.707698249817e+01 9.820469856262e+00 1.343957328796e+01 3.819187164307e+00 2.527127742767e+00 2.297768115997e+00 1.867205023766e+00 1.399887561798e+00 1.003023862839e+00 8.453900814056e-01 6.947084069252e-01 6.064915657043e-01 5.585370659828e-01 5.016180276871e-01 4.637158513069e-01 4.406820833683e-01 4.494109153748e-01 5.045568943024e-01 5.859900712967e-01 6.349023580551e-01 6.389789581299e-01 7.313767671585e-01 7.965049743652e-01 8.494077920914e-01 8.904650807381e-01 9.494981765747e-01 9.791040420532e-01 9.431359767914e-01 8.143036365509e-01 6.261271834373e-01 4.445119500160e-01 3.151080906391e-01 2.941782176495e-01 2.786414921284e-01 2.722202241421e-01 2.629570960999e-01
6.191630363464e+00 2.258605003357e+00 2.774017333984e+00 5.248322010040e+00 3.296326160431e+00 3.485090017319e+00 3.369295501709e+01 3.018164825439e+01 2.584588050842e+01 3.604279708862e+01 3.207100629807e+00 3.381817340851e+00 2.718383550644e+00 2.091561794281e+00 1.664944767952e+00 9.726101756096e-01 8.166441321373e-01 4.253652095795e+00 5.466974735260e+00 7.380789518356e-01 9.601594209671e-01 8.871028423309e-01 6.534607410431e-01 4.191195368767e-01 3.064962327480e-01 3.093113303185e-01 5.671523213387e-01 8.363854885101e-01 4.110040962696e-01 4.441374838352e-01 4.896974563599e-01 5.974264740944e-01 7.444067001343e-01 8.913080692291e-01 1.027541518211e+00 1.126285552979e+00 1.098002552986e+00 9.756823182106e-01 7.832863330841e-01 5.775386095047e-01 4.117669761181e-01 3.056092560291e-01 2.221190184355e-01
3.814732789993e+00 3.392445325851e+00 7.666183710098e-01 1.055153250694e+00 1.235993099213e+01 8.193190574646e+00 6.254728317261e+00 8.048115730286e+00 7.926149845123e+00 2.057348823547e+01 2.562857055664e+01 4.428726196289e+00 4.447391986847e+00 3.032425642014e+00 2.525722026825e+00 1.400831460953e+00 6.340021491051e-01 3.351715803146e+00 4.820588231087e-01 6.091237664223e-01 7.980340123177e-01 1.019140362740e+00 8.689862489700e-01 8.064954280853e-01 8.202146291733e-01 7.028835415840e-01 6.782037019730e-01 4.738999903202e-01 2.853400707245e-01 3.101451992989e-01 3.386802077293e-01 3.784114718437e-01 4.324271082878e-01 5.066226720810e-01 5.849823355675e-01 6.624886989594e-01 7.008253931999e-01 6.970918774605e-01 7.537863254547e-01 7.418131828308e-01 6.839866042137e-01 6.273212432861e-01 5.316160917282e-01
9.000133872032e-01 1.750204801559e+00 4.217359542847e+00 7.569437026978e+00 3.187303781509e+00 1.923280239105e+00 2.748756170273e+00 3.250400781631e+00 4.050553798676e+00 5.611065864563e+00 1.178457927704e+01 1.811026382446e+01 3.781268358231e+00 2.921239852905e+00 1.922796487808e+00 6.050946712494e-01 7.868586182594e-01 1.861998319626e+00 2.952154874802e-01 3.280726969242e-01 4.809601008892e-01 8.275611400604e-01 6.040821075439e-01 4.573851525784e-01 3.685632944107e-01 4.604246020317e-01 5.762346386909e-01 5.533385872841e-01 4.847291111946e-01 3.500289916992e-01 2.371035367250e-01 2.611631751060e-01 2.832234203815e-01 3.070055842400e-01 3.351216018200e-01 3.705565333366e-01 4.185338020325e-01 4.695422351360e-01 5.228482484818e-01 5.445670485497e-01 5.694451332092e-01 6.675224304199e-01 7.140181660652e-01
8.160324096680e-01 2.519791126251e+00 7.011691570282e+00 4.124081134796e+00 1.172106862068e+00 1.049471020699e+00 1.038977622986e+00 1.415142416954e+00 4.666555523872e-01 7.826704978943e+00 1.502463912964e+01 3.707317352295e+01 3.692138433456e+00 2.594479084015e+00 3.752521038055e+00 7.779257893562e-01 1.586765408516e+00 4.725005030632e-01 2.418918311596e-01 5.427085161209e-01 6.968678832054e-01 1.573244929314e+00 1.188944339752e+00 8.037100434303e-01 5.563150048256e-01 3.500052392483e-01 3.990388810635e-01 4.141321778297e-01 3.668640553951e-01 4.010523855686e-01 4.015277624130e-01 3.197613358498e-01 2.249355763197e-01 1.944687366486e-01 2.000881582499e-01 2.135802358389e-01 2.403806746006e-01 2.726930081844e-01 3.139431476593e-01 3.558534979820e-01 3.961880505085e-01 4.373241066933e-01 4.717756807804e-01
1.020935058594e+00 1.552266836166e+00 1.039745044708e+01 1.267252731323e+01 6.708425998688e+00 6.862134933472e-01 5.262330770493e-01 8.586780428886e-01 1.069398283958e+00 1.555737495422e+00 1.109426021576e+00 6.471401214600e+00 1.573028373718e+01 2.107506179810e+01 6.051212787628e+00 2.505683660507e+00 2.810865163803e+00 8.742195367813e-01 7.969107627869e-01 2.892294883728e+00 8.471222519875e-01 4.833912849426e+00 1.532526731491e+00 1.358770966530e+00 1.366529583931e+00 6.338709592819e-01 3.798674643040e-01 4.005829691887e-01 4.524372220039e-01 3.650029897690e-01 2.194005548954e-01 3.098843097687e-01 3.178933262825e-01 3.020828068256e-01 2.959975898266e-01 2.357427477837e-01 1.916593313217e-01 1.723951846361e-01 2.131678014994e-01 2.252083867788e-01 2.451019287109e-01 2.807175517082e-01 3.198983669281e-01
2.032835483551e+00 1.451094508171e+00 8.747299313545e-01 4.962612628937e+00 3.083481073380e+00 5.068208575249e-01 4.296542406082e-01 5.077461004257e-01 6.071516871452e-01 7.074801325798e-01 5.737950205803e-01 5.327500700951e-01 9.428936839104e-01 4.026123046875e+00 1.188762378693e+01 8.247038841248e+00 3.122681856155e+00 1.508789420128e+00 9.298092126846e-01 2.083671331406e+00 1.089946985245e+00 3.845134973526e-01 3.495601713657e-01 3.173015415668e-01 6.655614376068e-01 1.111944198608e+00 8.466167449951e-01 5.277785658836e-01 4.668512642384e-01 4.249061644077e-01 4.411529898643e-01 3.812692165375e-01 2.535202205181e-01 2.643214464188e-01 2.980614602566e-01 2.599534988403e-01 2.219645678997e-01 1.867217272520e-01 1.454247087240e-01 1.694738864899e-01 1.794693917036e-01 1.756087392569e-01 1.916525959969e-01
1.396478533745e+00 8.476954698563e-01 4.709465205669e-01 7.170017361641e-01 6.032837629318e-01 4.370432794094e-01 3.883333802223e-01 3.884414136410e-01 4.286041855812e-01 4.074938297272e-01 3.512978255749e-01 3.504450917244e-01 3.061275482178e-01 4.119789600372e+00 6.622772216797e+00 7.030087947845e+00 2.985555887222e+00 2.203640222549e+00 4.505316734314e+00 1.126184225082e+00 7.901753187180e-01 3.860635161400e-01 1.048033714294e+00 7.193848490715e-01 9.279618263245e-01 9.253638386726e-01 8.630012869835e-01 8.079163432121e-01 7.532469034195e-01 7.104673981667e-01 7.506701350212e-01 9.135391712189e-01 7.791634798050e-01 3.140496611595e-01 1.787440478802e-01 1.885974258184e-01 1.744876652956e-01 1.501382440329e-01 1.254941970110e-01 1.183636039495e-01 1.293697357178e-01 1.343973428011e-01 1.372263282537e-01
