100/SI/f56.grd
DSAA
101	101
32.816463539100	34.260883539100
35.556306596100	36.727886596100
3.360061673447e-04	5.508023452759e+01
[rows 57 to 75 of 101, columns 0 to 42 of 101]
1.860979199409e-02 3.056959249079e-02 3.318016603589e-02 3.321249783039e-02 3.519213199615e-02 4.303029179573e-02 4.816721007228e-02 5.280480161309e-02 5.714478716254e-02 5.839896202087e-02 5.617812648416e-02 7.865662127733e-02 1.347593665123e-01 7.366485148668e-02 5.364112928510e-02 8.086235821247e-02 7.239587605000e-02 8.112920075655e-02 9.805691987276e-02 1.022034436464e-01 1.052137985826e-01 7.863532006741e-02 5.467546358705e-02 4.807237535715e-02 5.213419720531e-02 7.220624387264e-02 1.154045015574e-01 1.431692838669e-01 1.120105162263e-01 6.531447172165e-02 5.113377049565e-02 4.025074094534e-02 4.217478260398e-02 5.062627419829e-02 5.988181009889e-02 7.687153667212e-02 8.856863528490e-02 9.555228054523e-02 1.579378992319e-01 2.068855315447e-01 1.773257553577e-01 1.571867465973e-01 1.771399676800e-01
2.351771295071e-02 3.849874436855e-02 4.398016631603e-02 4.463490843773e-02 4.414612054825e-02 4.293812066317e-02 4.286779463291e-02 4.488685354590e-02 4.675052687526e-02 7.608056068420e-02 2.468827664852e-01 2.858875989914e-01 1.068150028586e-01 5.543548241258e-02 5.565030872822e-02 5.181924998760e-02 5.602362751961e-02 5.580084770918e-02 6.360749155283e-02 8.059115707874e-02 9.776213020086e-02 1.044256463647e-01 7.300363481045e-02 4.591220244765e-02 5.286272242665e-02 8.065923303366e-02 1.218369677663e-01 1.305399537086e-01 1.321533173323e-01 8.402895182371e-02 5.073944479227e-02 4.605482891202e-02 4.412322863936e-02 5.273167788982e-02 6.227046996355e-02 6.448623538017e-02 6.633291393518e-02 6.912393122911e-02 6.972326338291e-02 7.525189965963e-02 9.071218222380e-02 1.240046545863e-01 1.427446901798e-01
3.145708143711e-02 5.172269046307e-02 5.984802916646e-02 8.518870174885e-02 1.094938591123e-01 1.390588581562e-01 1.830639243126e-01 2.670633494854e-01 4.900462925434e-01 6.919392943382e-01 4.601780474186e-01 1.171321347356e-01 7.905435562134e-02 6.915594637394e-02 5.027979612350e-02 5.288268625736e-02 5.589712038636e-02 5.500347167253e-02 5.238230898976e-02 5.597787350416e-02 9.431400895119e-02 1.068880781531e-01 7.579834014177e-02 4.357223957777e-02 3.416187688708e-02 5.269287899137e-02 7.473087310791e-02 7.710094749928e-02 8.056189119816e-02 6.549917161465e-02 4.568970203400e-02 4.811120778322e-02 4.554275423288e-02 5.111455544829e-02 6.170289963484e-02 6.397537887096e-02 6.100483983755e-02 5.599609762430e-02 5.159590020776e-02 5.775823444128e-02 7.366060465574e-02 9.442041069269e-02 1.248278319836e-01
3.073864057660e-02 5.510973185301e-02 9.635962545872e-02 1.379218101501e-01 1.747673898935e-01 2.316032350063e-01 3.371846973896e-01 5.037084817886e-01 5.062802433968e-01 2.341766804457e-01 5.644658207893e-02 6.582853198051e-02 7.160581648350e-02 6.362846493721e-02 5.710763856769e-02 5.994894355536e-02 6.006971001625e-02 5.763126909733e-02 4.478474706411e-02 4.378146678209e-02 6.792733073235e-02 7.578784227371e-02 5.624104291201e-02 3.518199175596e-02 2.703240886331e-02 2.920618467033e-02 3.916310518980e-02 4.844487830997e-02 5.688897892833e-02 4.913338646293e-02 4.494564607739e-02 4.205139726400e-02 4.488762468100e-02 4.972456395626e-02 5.968810990453e-02 6.120884418488e-02 5.543733015656e-02 4.750625416636e-02 4.346022382379e-02 4.831632599235e-02 7.126244902611e-02 8.977385610342e-02 1.142250970006e-01
1.861700229347e-02 3.245644271374e-02 3.968342021108e-02 4.177416861057e-02 4.184826463461e-02 4.165967181325e-02 4.128797724843e-02 4.039606824517e-02 3.961519151926e-02 3.873422369361e-02 3.633869439363e-02 3.826434910297e-02 4.194876551628e-02 5.367166176438e-02 6.036560982466e-02 6.304989755154e-02 6.067401170731e-02 5.381923541427e-02 3.973714634776e-02 3.161336109042e-02 3.803389519453e-02 3.946534916759e-02 3.113302774727e-02 2.307841926813e-02 2.032411284745e-02 2.226819843054e-02 2.859043329954e-02 3.438008204103e-02 4.085940867662e-02 4.398843273520e-02 4.163108393550e-02 3.719963878393e-02 4.316439852118e-02 5.226523056626e-02 6.240028142929e-02 6.040791794658e-02 5.021017044783e-02 3.983656689525e-02 4.405707120895e-02 4.934184253216e-02 7.363709807396e-02 9.144389629364e-02 1.076588407159e-01
8.738907985389e-03 1.629167608917e-02 2.113433368504e-02 2.334648743272e-02 2.420573867857e-02 2.490919269621e-02 2.558062784374e-02 2.607368305326e-02 2.684755437076e-02 2.762352302670e-02 2.706812135875e-02 2.544450573623e-02 2.595792897046e-02 3.446438908577e-02 4.055215418339e-02 4.268993809819e-02 3.883573412895e-02 3.454590216279e-02 2.916959486902e-02 2.471655048430e-02 2.028229460120e-02 1.892413385212e-02 1.561579667032e-02 1.731545850635e-02 2.042471244931e-02 2.148233912885e-02 2.371395379305e-02 2.857524901628e-02 3.458902984858e-02 3.784181922674e-02 3.728441148996e-02 3.520682454109e-02 4.312784597278e-02 5.792766809464e-02 6.733320653439e-02 6.080730259418e-02 4.562967643142e-02 3.921195119619e-02 4.516801238060e-02 5.321985110641e-02 7.147889584303e-02 8.048769086599e-02 9.283053874969e-02
6.020104512572e-03 1.013976335526e-02 1.259322371334e-02 1.432450022548e-02 1.541290897876e-02 1.636267453432e-02 1.727309264243e-02 1.803381927311e-02 1.894497126341e-02 1.987846195698e-02 2.000282518566e-02 1.935923472047e-02 1.862101815641e-02 1.796017400920e-02 1.812176965177e-02 2.055140212178e-02 2.167196199298e-02 2.137787640095e-02 1.961628161371e-02 1.873772777617e-02 1.615163497627e-02 1.515302993357e-02 1.333191804588e-02 1.763653755188e-02 2.174058184028e-02 2.381704188883e-02 2.368462271988e-02 2.343690022826e-02 2.857116237283e-02 3.177743777633e-02 3.254687786102e-02 3.235278651118e-02 4.381235316396e-02 6.132468208671e-02 6.768018752337e-02 5.650235339999e-02 3.994877263904e-02 3.943201899529e-02 4.724318906665e-02 5.306694656610e-02 6.158533319831e-02 7.085865736008e-02 7.275962084532e-02
4.869365133345e-03 8.294492959976e-03 1.045694760978e-02 1.150150597095e-02 1.224649511278e-02 1.287799887359e-02 1.334140822291e-02 1.342921145260e-02 1.387635618448e-02 1.441185548902e-02 1.452594995499e-02 1.428309269249e-02 1.404024194926e-02 1.371969096363e-02 1.425018906593e-02 1.637271605432e-02 1.740180701017e-02 1.716958917677e-02 1.587763428688e-02 1.482284814119e-02 1.568962261081e-02 1.523236278445e-02 1.324809808284e-02 1.760894991457e-02 2.221663109958e-02 2.503543347120e-02 2.536979503930e-02 2.457202039659e-02 2.515618875623e-02 2.757067792118e-02 2.871543541551e-02 3.024768270552e-02 4.360368102789e-02 6.002265587449e-02 6.181158497930e-02 4.862058535218e-02 3.703444078565e-02 4.060541838408e-02 4.949295520782e-02 5.229088664055e-02 5.460255593061e-02 5.904349312186e-02 5.420236289501e-02
4.684331826866e-03 7.504414767027e-03 9.521842934191e-03 1.045427937061e-02 1.085590198636e-02 1.119972672313e-02 1.132110692561e-02 1.113034877926e-02 1.118153519928e-02 1.132230646908e-02 1.140708476305e-02 1.184059400111e-02 1.218271814287e-02 1.245993375778e-02 1.278942357749e-02 1.329812780023e-02 1.421746611595e-02 1.440264005214e-02 1.453971955925e-02 1.396155543625e-02 1.441280264407e-02 1.506185438484e-02 1.337281521410e-02 1.668577454984e-02 2.108244039118e-02 2.401008829474e-02 2.452445589006e-02 2.398896217346e-02 2.530326694250e-02 2.603624202311e-02 2.652778103948e-02 2.829842455685e-02 4.092063009739e-02 5.390649288893e-02 5.237152799964e-02 4.178916290402e-02 3.616138175130e-02 4.354892298579e-02 5.012380331755e-02 4.892427474260e-02 4.751556366682e-02 4.790583997965e-02 4.404053092003e-02
4.388823173940e-03 6.967317778617e-03 8.743803948164e-03 9.532590396702e-03 9.869544766843e-03 1.011704467237e-02 1.014293078333e-02 9.920891374350e-03 9.913249872625e-03 1.066069304943e-02 1.130405068398e-02 1.188358012587e-02 1.239579916000e-02 1.282576471567e-02 1.321533322334e-02 1.359247043729e-02 1.387092843652e-02 1.391372550279e-02 1.363647077233e-02 1.327490899712e-02 1.330608129501e-02 1.453585177660e-02 1.374150067568e-02 1.514294836670e-02 1.886931806803e-02 2.146027795970e-02 2.482009306550e-02 2.709063142538e-02 2.718883752823e-02 2.630686201155e-02 2.572060376406e-02 2.637393958867e-02 3.598291426897e-02 4.492918029428e-02 4.303483292460e-02 3.727775439620e-02 3.907115012407e-02 4.433134198189e-02 4.741740599275e-02 4.301355779171e-02 3.982720524073e-02 3.784675896168e-02 3.768513724208e-02
4.048443399370e-03 6.416124291718e-03 8.038820698857e-03 8.790986612439e-03 9.107910096645e-03 9.243161417544e-03 9.173583239317e-03 9.125826880336e-03 9.293641895056e-03 1.009062491357e-02 1.080823317170e-02 1.148042641580e-02 1.209752820432e-02 1.261420361698e-02 1.301424019039e-02 1.327364426106e-02 1.330586243421e-02 1.439828146249e-02 1.470287702978e-02 1.364596653730e-02 1.244600024074e-02 1.334037818015e-02 1.361477561295e-02 1.361470483243e-02 1.660831272602e-02 1.875692233443e-02 2.264349907637e-02 2.631050720811e-02 2.717497386038e-02 2.628121711314e-02 2.521267160773e-02 2.491191960871e-02 2.873681858182e-02 3.487269952893e-02 3.423272073269e-02 3.163528442383e-02 3.379945829511e-02 3.757629171014e-02 3.887106850743e-02 3.382476419210e-02 3.123355098069e-02 2.894683554769e-02 2.841577492654e-02
3.761523868889e-03 5.971253383905e-03 7.511552888900e-03 8.259958587587e-03 8.533195592463e-03 8.548891171813e-03 8.411191403866e-03 8.437087759376e-03 8.775943890214e-03 9.116287343204e-03 9.827070869505e-03 1.052435487509e-02 1.116961147636e-02 1.171278767288e-02 1.210547331721e-02 1.262108236551e-02 1.385161280632e-02 1.559199113399e-02 1.636285148561e-02 1.592138223350e-02 1.457491330802e-02 1.296732760966e-02 1.332559436560e-02 1.349711697549e-02 1.479893364012e-02 1.652434468269e-02 1.703003793955e-02 2.048196643591e-02 2.317613549531e-02 2.399511262774e-02 2.370374463499e-02 2.403661236167e-02 2.477837167680e-02 2.561053633690e-02 2.541146054864e-02 2.457227744162e-02 2.596447989345e-02 3.022729046643e-02 3.216300532222e-02 2.643240056932e-02 2.359434589744e-02 2.106780931354e-02 2.321745269001e-02
3.553894581273e-03 5.658142734319e-03 7.145141251385e-03 7.854227907956e-03 8.042459376156e-03 7.976790890098e-03 7.838035933673e-03 7.797092199326e-03 8.068199269474e-03 8.414736948907e-03 8.541919291019e-03 9.218736551702e-03 9.840864688158e-03 1.037405803800e-02 1.084709912539e-02 1.205375045538e-02 1.409010030329e-02 1.607690379024e-02 1.742541976273e-02 1.783364824951e-02 1.734809763730e-02 1.631689630449e-02 1.507332175970e-02 1.392830722034e-02 1.340299006552e-02 1.479260809720e-02 1.509822811931e-02 1.446501072496e-02 1.765039190650e-02 2.025058679283e-02 2.196859940886e-02 2.323814108968e-02 2.401310019195e-02 2.324879914522e-02 2.085988223553e-02 2.041522599757e-02 2.294589392841e-02 2.867407165468e-02 3.322584182024e-02 2.983662486076e-02 2.196084521711e-02 1.963471993804e-02 2.231539227068e-02
3.478520782664e-03 5.529275629669e-03 6.956183817238e-03 7.582028862089e-03 7.679962087423e-03 7.570184767246e-03 7.506808731705e-03 7.608857005835e-03 7.573532406241e-03 7.648242171854e-03 7.826640270650e-03 8.650345727801e-03 9.515541605651e-03 1.041326113045e-02 1.120780035853e-02 1.232590340078e-02 1.433015149087e-02 1.636144332588e-02 1.819067262113e-02 1.932564005256e-02 1.952296495438e-02 1.904280297458e-02 1.822275668383e-02 1.738571934402e-02 1.689509488642e-02 1.657946780324e-02 1.597329974174e-02 1.506471075118e-02 1.747525669634e-02 1.960096135736e-02 2.118963748217e-02 2.263918519020e-02 2.340687252581e-02 2.186656370759e-02 2.081289514899e-02 2.132649533451e-02 2.311792597175e-02 2.770576253533e-02 3.200066089630e-02 2.901647239923e-02 2.241421677172e-02 1.955535635352e-02 2.224709838629e-02
3.536805976182e-03 5.592793226242e-03 6.973231676966e-03 7.521072402596e-03 7.552330382168e-03 7.398334331810e-03 7.390473969281e-03 7.425189483911e-03 7.588976062834e-03 7.630552165210e-03 8.104273118079e-03 8.919567801058e-03 9.716915898025e-03 1.047644205391e-02 1.109101064503e-02 1.269109081477e-02 1.496177818626e-02 1.710998825729e-02 1.918729767203e-02 2.069529518485e-02 2.118946053088e-02 2.087726444006e-02 2.010602504015e-02 1.914573274553e-02 1.835548691452e-02 1.757186837494e-02 1.625862531364e-02 1.492019370198e-02 1.712079532444e-02 1.897290162742e-02 2.056349068880e-02 2.209658548236e-02 2.260582707822e-02 2.077747695148e-02 2.110462822020e-02 2.172425389290e-02 2.363619394600e-02 2.685882523656e-02 2.891452237964e-02 2.541820518672e-02 2.080906741321e-02 1.815702579916e-02 2.064815722406e-02
3.628225997090e-03 5.719766952097e-03 7.078816182911e-03 7.580511271954e-03 7.572511676699e-03 7.514852564782e-03 7.834242656827e-03 8.057345636189e-03 8.184645324945e-03 8.205333724618e-03 8.134146220982e-03 8.572746999562e-03 9.464084170759e-03 1.058952603489e-02 1.095374021679e-02 1.243614684790e-02 1.531178783625e-02 1.779331266880e-02 1.976063661277e-02 2.099973149598e-02 2.127640694380e-02 2.070622332394e-02 1.963709294796e-02 1.838258467615e-02 1.720551587641e-02 1.601987704635e-02 1.434422098100e-02 1.490548346192e-02 1.679665222764e-02 1.846607401967e-02 1.998589374125e-02 2.125310525298e-02 2.126062288880e-02 1.960823871195e-02 2.143754437566e-02 2.677243389189e-02 2.533249370754e-02 2.667525224388e-02 2.568879723549e-02 2.170687168837e-02 1.883372850716e-02 1.651622354984e-02 1.873713731766e-02
3.577825613320e-03 5.621935240924e-03 6.916778627783e-03 7.379841990769e-03 7.368559949100e-03 7.544426247478e-03 7.750855758786e-03 7.852154783905e-03 7.879216223955e-03 7.833343930542e-03 7.835743948817e-03 8.795628324151e-03 1.023673731834e-02 1.146535482258e-02 1.183297671378e-02 1.157672423869e-02 1.464031822979e-02 1.717756688595e-02 1.860777661204e-02 1.911108382046e-02 1.884459145367e-02 1.782364584506e-02 1.646425761282e-02 1.528517622501e-02 1.432920526713e-02 1.330069825053e-02 1.333865616471e-02 1.478520222008e-02 1.645736768842e-02 1.795833744109e-02 1.926701515913e-02 1.999197155237e-02 1.943506672978e-02 1.880509220064e-02 2.235991321504e-02 2.391673438251e-02 2.442552149296e-02 2.679385244846e-02 2.597615867853e-02 2.129789814353e-02 1.831214874983e-02 1.683145202696e-02 1.819201372564e-02
3.277074545622e-03 5.116396583617e-03 6.257351487875e-03 6.659581791610e-03 7.038963027298e-03 7.345596328378e-03 7.213818840683e-03 6.916331592947e-03 6.836469285190e-03 7.308977190405e-03 7.982465438545e-03 9.230331517756e-03 1.091261301190e-02 1.218556892127e-02 1.254159212112e-02 1.233291067183e-02 1.340310275555e-02 1.556040253490e-02 1.636653020978e-02 1.618628762662e-02 1.538081746548e-02 1.395697426051e-02 1.339668128639e-02 1.586262695491e-02 1.608633995056e-02 1.542071718723e-02 1.510603167117e-02 1.516217924654e-02 1.600309461355e-02 1.730911806226e-02 1.822053268552e-02 1.824876107275e-02 1.713773235679e-02 1.736970059574e-02 2.037692628801e-02 2.902327664196e-02 2.489213272929e-02 3.489542752504e-02 3.096610121429e-02 2.601675875485e-02 2.205372601748e-02 1.815537735820e-02 2.048901654780e-02
3.378039924428e-03 4.979627672583e-03 6.111313123256e-03 7.063032593578e-03 7.782645989209e-03 7.952990941703e-03 7.722239475697e-03 7.287024054676e-03 6.779763381928e-03 7.378499023616e-03 8.179269731045e-03 9.692370891571e-03 1.155376061797e-02 1.285025943071e-02 1.320074871182e-02 1.299473270774e-02 1.230459008366e-02 1.417064107955e-02 1.471419632435e-02 1.552934851497e-02 2.109163627028e-02 1.933478750288e-02 1.454736106098e-02 1.654793135822e-02 1.606520265341e-02 1.479912362993e-02 1.405350770801e-02 1.411530841142e-02 1.545638032258e-02 1.646355353296e-02 1.681330241263e-02 1.615530066192e-02 1.468779519200e-02 1.560645923018e-02 1.729836128652e-02 2.580478414893e-02 3.234305232763e-02 5.068220198154e-02 4.687692597508e-02 3.082540631294e-02 2.347278036177e-02 2.162514068186e-02 2.665803022683e-02
