100/SI/f56.grd
DSAA
101	101
32.816463539100	34.260883539100
35.556306596100	36.727886596100
3.360061673447e-04	5.508023452759e+01
[rows 38 to 56 of 101, columns 0 to 42 of 101]
1.315184384584e-01 2.775171697140e-01 3.001490831375e-01 3.126747906208e-01 3.707747459412e-01 4.545450806618e-01 5.249765515327e-01 5.980813503265e-01 6.573855876923e-01 6.004427075386e-01 4.928005039692e-01 4.021983742714e-01 3.971819281578e-01 3.912954926491e-01 4.168036282063e-01 4.726094901562e-01 5.349068045616e-01 9.810987710953e-01 1.590077996254e+00 1.706459999084e+00 1.374985337257e+00 1.160220503807e+00 7.746785879135e-01 9.079594016075e-01 1.804525136948e+00 2.345904588699e+00 2.259699821472e+00 1.616300463676e+00 1.160298824310e+00 1.284995794296e+00 1.357066392899e+00 1.667732357979e+00 2.286216259003e+00 2.244182109833e+00 2.105555295944e+00 1.259890317917e+00 1.722380280495e+00 1.936899423599e+00 1.916377544403e+00 2.942882776260e+00 3.231365203857e+00 4.767263412476e+00 3.847019672394e+00
1.937664598227e-01 3.450073897839e-01 2.893638610840e-01 2.832303345203e-01 4.024922251701e-01 4.897228479385e-01 6.438736915588e-01 8.104002475739e-01 9.039465785027e-01 8.464688062668e-01 6.150155663490e-01 4.813635349274e-01 4.145891666412e-01 4.234660565853e-01 4.543591737747e-01 4.910335540771e-01 5.232144594193e-01 5.513897538185e-01 8.649550080299e-01 1.211055278778e+00 1.237212657928e+00 1.208626866341e+00 1.248326063156e+00 1.040202140808e+00 9.636647701263e-01 1.070613622665e+00 1.446646571159e+00 2.723665237427e+00 3.649436235428e+00 3.702353954315e+00 2.903559207916e+00 1.431301236153e+00 1.613531231880e+00 1.373787879944e+00 2.741485595703e+00 2.457565546036e+00 1.599432945251e+00 1.928830027580e+00 2.368462800980e+00 2.692423820496e+00 3.604060649872e+00 4.349379062653e+00 5.100883007050e+00
2.235115617514e-01 4.451973438263e-01 4.218001961708e-01 3.657778501511e-01 4.832730889320e-01 5.948013067245e-01 7.221492528915e-01 9.506448507309e-01 1.030626654625e+00 1.027341961861e+00 7.026183009148e-01 4.718471765518e-01 4.751591682434e-01 4.111719727516e-01 3.425836861134e-01 3.854542374611e-01 4.496287405491e-01 4.888387918472e-01 5.142380595207e-01 6.830389499664e-01 1.008110761642e+00 1.417518973351e+00 1.702311754227e+00 1.715786457062e+00 1.679688453674e+00 1.117480754852e+00 8.849770426750e-01 9.345168471336e-01 9.072251915932e-01 1.148939609528e+00 2.421360015869e+00 3.854321241379e+00 4.566738605499e+00 3.812627553940e+00 1.929795742035e+00 1.917459845543e+00 3.362802982330e+00 2.797192573547e+00 2.897154808044e+00 2.888889312744e+00 2.687910795212e+00 3.602312803268e+00 5.460623741150e+00
3.200352787971e-01 5.426943898201e-01 6.306968331337e-01 6.479600071907e-01 5.838942527771e-01 6.981809735298e-01 6.968384981155e-01 6.692742109299e-01 6.691483259201e-01 8.211863636971e-01 8.865497708321e-01 7.692256569862e-01 5.703257322311e-01 5.070632696152e-01 5.157763361931e-01 6.384118199348e-01 7.408599853516e-01 8.287869095802e-01 8.101393580437e-01 5.890684723854e-01 6.571450233459e-01 8.666899204254e-01 9.837582111359e-01 1.320146203041e+00 1.639714717865e+00 1.948565483093e+00 2.174168348312e+00 2.110154390335e+00 2.166762590408e+00 2.364007472992e+00 2.613925218582e+00 2.555535078049e+00 3.953778505325e+00 4.467905521393e+00 3.191109895706e+00 4.040249824524e+00 4.482060432434e+00 3.806819438934e+00 4.296884536743e+00 3.472513914108e+00 2.436608314514e+00 4.259314060211e+00 3.560534715652e+00
3.284247815609e-01 5.772646665573e-01 6.396766901016e-01 5.928640961647e-01 6.453590393066e-01 8.140305876732e-01 8.085637092590e-01 7.006837129593e-01 8.440476655960e-01 7.025718092918e-01 6.676709651947e-01 9.320400357246e-01 9.677697420120e-01 7.293832302094e-01 6.752203702927e-01 6.222133040428e-01 6.365916132927e-01 8.528995513916e-01 1.150251984596e+00 1.169325232506e+00 7.494246363640e-01 8.516310453415e-01 1.086075663567e+00 9.036125540733e-01 1.043990015984e+00 1.260135889053e+00 1.665579319000e+00 2.517294168472e+00 3.390188217163e+00 3.103731155396e+00 2.939016819000e+00 2.183501482010e+00 2.174857378006e+00 4.085032463074e+00 3.927438497543e+00 4.953201293945e+00 3.275331497192e+00 4.640786647797e+00 4.070038795471e+00 5.875696659088e+00 6.071769714355e+00 4.767893314362e+00 5.375556945801e+00
6.366527080536e-01 1.234433293343e+00 9.222434163094e-01 7.725307345390e-01 7.559132575989e-01 6.802295446396e-01 6.959794163704e-01 8.467467427254e-01 8.385578989983e-01 6.807191371918e-01 8.512136936188e-01 5.801800489426e-01 7.434280514717e-01 1.042395710945e+00 9.053605794907e-01 7.832209467888e-01 9.809240698814e-01 2.128896474838e+00 2.508754730225e+00 1.368018269539e+00 1.465299725533e+00 8.627352714539e-01 1.013277769089e+00 1.437507629395e+00 9.594174623489e-01 8.783167004585e-01 9.207754135132e-01 1.010097980499e+00 1.289833545685e+00 1.466490626335e+00 1.566811442375e+00 1.707982897758e+00 2.325322151184e+00 3.663092136383e+00 2.512044191360e+00 2.327237606049e+00 3.418118238449e+00 3.892878055573e+00 2.595878601074e+00 5.362720489502e+00 5.510822772980e+00 6.010175704956e+00 7.378799438477e+00
1.014150381088e+00 1.859964251518e+00 1.507937073708e+00 1.172760128975e+00 1.081330060959e+00 8.808358907700e-01 1.213759541512e+00 1.065145611763e+00 1.068578958511e+00 8.363119959831e-01 6.542009115219e-01 8.034380674362e-01 7.208030223846e-01 4.703924655914e-01 8.822902441025e-01 1.034922957420e+00 7.536846399307e-01 6.466964483261e-01 1.182041049004e+00 7.821682095528e-01 1.361209750175e+00 1.616854429245e+00 1.606447815895e+00 1.402686834335e+00 1.928690791130e+00 1.185590863228e+00 1.102047204971e+00 1.426970481873e+00 1.671742439270e+00 1.277018547058e+00 1.626972675323e+00 2.004754304886e+00 2.376229763031e+00 2.790474653244e+00 3.546780347824e+00 2.690192937851e+00 2.995769977570e+00 3.349700927734e+00 3.174252748489e+00 4.557229042053e+00 4.237545013428e+00 6.124128818512e+00 6.235688686371e+00
4.012560844421e-01 8.360417485237e-01 9.987523555756e-01 1.177423357964e+00 1.204164028168e+00 1.338159322739e+00 1.414401173592e+00 1.220397233963e+00 1.094333171844e+00 1.047982811928e+00 9.766384959221e-01 9.038105607033e-01 8.569797277451e-01 8.032552599907e-01 8.694925904274e-01 7.421203851700e-01 5.276050567627e-01 6.250587701797e-01 6.580384373665e-01 8.983722925186e-01 8.413776159286e-01 1.389080643654e+00 1.500263214111e+00 1.613845705986e+00 1.881952404976e+00 2.126221895218e+00 2.319583177567e+00 2.415387392044e+00 2.467853069305e+00 2.658743381500e+00 2.700546264648e+00 2.840554952621e+00 3.017124652863e+00 2.505970239639e+00 2.151152372360e+00 3.025917530060e+00 3.636480331421e+00 5.592569351196e+00 6.695871353149e+00 6.189456462860e+00 5.885880470276e+00 6.114243030548e+00 5.078253746033e+00
3.888347744942e-01 8.166787624359e-01 9.303321838379e-01 1.033784747124e+00 1.168007135391e+00 1.194711208344e+00 1.098551630974e+00 8.897641301155e-01 8.391785621643e-01 1.000956058502e+00 1.174338817596e+00 1.114349722862e+00 8.435692191124e-01 5.505284667015e-01 5.907720923424e-01 3.412861227989e-01 1.985405087471e-01 2.192236036062e-01 2.924672961235e-01 3.525348305702e-01 1.049547791481e+00 1.845679163933e+00 1.576507210732e+00 1.988217949867e+00 1.912648677826e+00 2.357641458511e+00 2.433137893677e+00 2.303010940552e+00 2.147089481354e+00 2.449137210846e+00 2.608065366745e+00 3.369583845139e+00 4.308701992035e+00 4.694649696350e+00 4.010684013367e+00 3.402739286423e+00 3.770654439926e+00 2.691352844238e+00 4.100284576416e+00 4.179043292999e+00 6.529670238495e+00 6.153970241547e+00 6.624171733856e+00
1.047130748630e-01 2.104585021734e-01 2.221733629704e-01 2.395230680704e-01 3.328117430210e-01 4.651597440243e-01 6.115362644196e-01 6.572533845901e-01 6.359715461731e-01 5.867833495140e-01 6.008914113045e-01 7.636432647705e-01 7.624727487564e-01 6.203480958939e-01 4.008195400238e-01 3.123852908611e-01 1.604713499546e-01 1.364616900682e-01 1.520231366158e-01 3.254514932632e-01 7.256929278374e-01 1.540611267090e+00 3.844381809235e+00 3.615901947021e+00 3.247978210449e+00 3.049706697464e+00 2.938703298569e+00 2.856685400009e+00 3.037340402603e+00 3.508492708206e+00 3.913752555847e+00 4.430688858032e+00 7.642825603485e+00 4.254213333130e+00 9.596467018127e+00 6.541776657104e+00 5.218360900879e+00 5.615528583527e+00 6.953535079956e+00 8.078299522400e+00 8.546141624451e+00 8.024740219116e+00 8.078511238098e+00
9.490674734116e-02 1.833469867706e-01 1.996688097715e-01 2.000426799059e-01 3.362430036068e-01 4.982325434685e-01 5.192658901215e-01 4.235465526581e-01 3.125703632832e-01 2.547402083874e-01 3.234859406948e-01 4.015035033226e-01 3.842526972294e-01 3.086116611958e-01 2.270455509424e-01 1.607221961021e-01 1.161374002695e-01 8.527518808842e-02 8.849171549082e-02 2.888710796833e-01 9.247921705246e-01 1.597894549370e+00 1.573284983635e+00 3.324985504150e+00 8.027042388916e+00 4.065885066986e+00 2.533870220184e+00 2.294651031494e+00 2.387628793716e+00 2.604281663895e+00 4.472308158875e+00 6.450080871582e+00 3.414274215698e+00 5.087499141693e+00 9.195656776428e+00 1.679200744629e+01 6.866116046906e+00 5.430411815643e+00 4.824581623077e+00 5.307277202606e+00 4.543257236481e+00 8.490308761597e+00 9.881714820862e+00
4.923378676176e-02 1.022744327784e-01 1.226232051849e-01 1.361208260059e-01 1.789617389441e-01 2.877609729767e-01 3.297233879566e-01 2.857139706612e-01 2.210623174906e-01 1.655463874340e-01 1.366129964590e-01 1.304294615984e-01 1.040201708674e-01 9.184482693672e-02 1.095577329397e-01 8.345182240009e-02 7.728163152933e-02 6.499841809273e-02 7.578053325415e-02 1.152021512389e-01 1.974116116762e-01 5.332875251770e-01 5.586647391319e-01 7.607774734497e-01 2.920536756516e+00 3.090235948563e+00 1.152100443840e+00 6.325919628143e-01 6.621533036232e-01 2.126676559448e+00 2.816767215729e+00 3.050704479218e+00 3.183058500290e+00 2.613766193390e+00 3.841913938522e+00 1.108621883392e+01 5.938867568970e+00 3.612552165985e+00 2.522254705429e+00 2.278784513474e+00 2.143674135208e+00 5.616888046265e+00 7.797373771667e+00
2.193844690919e-02 4.378839954734e-02 4.554639011621e-02 5.016893893480e-02 6.333569437265e-02 8.020635694265e-02 9.544119238853e-02 1.038671806455e-01 1.005080342293e-01 8.518461138010e-02 7.258243113756e-02 8.345001190901e-02 8.613550662994e-02 7.961484044790e-02 8.114857971668e-02 9.275151789188e-02 7.042964547873e-02 5.621822178364e-02 6.320005655289e-02 9.400599449873e-02 1.073988005519e-01 1.963538676500e-01 3.415397703648e-01 7.450990080833e-01 1.809020042419e+00 1.127536535263e+00 6.984243392944e-01 5.542268157005e-01 5.311163067818e-01 1.715092957020e-01 1.502678394318e-01 1.632006019354e-01 2.548774778843e-01 5.544488430023e-01 1.286371231079e+00 2.184877586365e+01 4.163668823242e+01 5.551120758057e+00 3.782981395721e+00 1.948655724525e+00 1.373433113098e+00 1.485653519630e+00 2.877729177475e+00
1.765431277454e-02 3.209659084678e-02 3.568844124675e-02 3.570165857673e-02 3.586017340422e-02 4.619376361370e-02 6.065936014056e-02 7.465966045856e-02 8.299818634987e-02 8.129972964525e-02 6.831438094378e-02 6.276327371597e-02 6.816756725311e-02 6.591656059027e-02 5.861062929034e-02 7.200346887112e-02 8.363230526447e-02 6.652056425810e-02 5.132797360420e-02 1.490572839975e-01 1.893278658390e-01 1.447737365961e-01 1.922111660242e-01 3.366074860096e-01 6.382956504822e-01 6.336537361145e+00 1.372346758842e+00 1.220554947853e+00 5.158634185791e-01 1.017113029957e-01 8.899749070406e-02 9.321550279856e-02 1.084348484874e-01 1.335684657097e-01 1.799521595240e-01 9.632665514946e-01 6.715378284454e+00 1.724946212769e+01 4.409448146820e+00 2.469892263412e+00 7.112064957619e-01 4.580033719540e-01 5.045260787010e-01
1.644634641707e-02 3.916021436453e-02 5.295228213072e-02 6.111260876060e-02 6.364257633686e-02 5.871966108680e-02 5.219658836722e-02 4.764704033732e-02 5.951616913080e-02 6.825879961252e-02 6.806927919388e-02 5.891279503703e-02 5.089693889022e-02 6.338416039944e-02 6.619452685118e-02 5.915639549494e-02 6.900737434626e-02 8.908619731665e-02 7.031992822886e-02 1.487833410501e-01 1.571803390980e-01 1.344239860773e-01 1.497552990913e-01 1.623591631651e-01 3.704107701778e-01 1.276291728020e+00 1.333383321762e+00 3.417587280273e-01 1.590427607298e-01 9.851112216711e-02 7.383476942778e-02 6.304622441530e-02 6.219854578376e-02 7.798964530230e-02 1.012263000011e-01 3.437345921993e-01 1.759342193604e+00 6.210797309875e+00 7.516026020050e+00 1.161974549294e+00 4.972892403603e-01 3.225575089455e-01 3.051403462887e-01
2.490855380893e-02 5.864065140486e-02 7.494672387838e-02 8.427073061466e-02 8.657088130713e-02 8.271767944098e-02 7.763765752316e-02 6.982664763927e-02 6.023486703634e-02 4.921555891633e-02 5.466566979885e-02 5.744031444192e-02 5.502764508128e-02 6.430689990520e-02 7.377523928881e-02 6.970207393169e-02 5.888021364808e-02 9.355023503304e-02 1.001577824354e-01 2.624099552631e-01 1.681750118732e-01 1.211093068123e-01 8.189692348242e-02 8.475740998983e-02 1.594383120537e-01 1.139110088348e+00 1.627431154251e+00 3.095125555992e-01 2.031054049730e-01 1.031252369285e-01 6.388448178768e-02 4.409224167466e-02 3.920851275325e-02 4.135089740157e-02 6.348879635334e-02 1.053078845143e-01 7.120078802109e-01 2.200464963913e+00 5.839302062988e+00 2.826417207718e+00 1.346093058586e+00 2.695851624012e-01 2.276036441326e-01
1.705848239362e-02 3.714899718761e-02 4.633506387472e-02 5.084678158164e-02 4.930774867535e-02 4.949937015772e-02 5.536596849561e-02 6.189015880227e-02 6.802321970463e-02 6.811511516571e-02 5.865450203419e-02 4.427561908960e-02 5.216332152486e-02 5.716784670949e-02 5.724011361599e-02 5.749771744013e-02 6.018339097500e-02 9.862011671066e-02 1.361310333014e-01 2.269178628922e-01 1.742013841867e-01 1.368514001369e-01 6.729003041983e-02 6.740250438452e-02 1.355460435152e-01 4.133724272251e-01 3.605968654156e-01 2.400034666061e-01 1.901421695948e-01 1.055397167802e-01 5.867257714272e-02 4.814827442169e-02 4.247101023793e-02 4.150772467256e-02 5.310500413179e-02 8.987228572369e-02 1.884976476431e-01 9.467707276344e-01 1.113845229149e+00 6.779822111130e-01 4.066563248634e-01 2.056397497654e-01 1.860546916723e-01
1.602996885777e-02 2.910803072155e-02 4.319718480110e-02 5.514427646995e-02 6.577824056149e-02 7.772075384855e-02 9.083095192909e-02 1.050076633692e-01 1.181121841073e-01 1.218602359295e-01 1.089465245605e-01 8.094315230846e-02 5.211822688580e-02 5.416044220328e-02 6.668612360954e-02 7.244309037924e-02 9.027168899775e-02 1.045819893479e-01 1.228070631623e-01 2.147307991982e-01 1.525940895081e-01 1.015225201845e-01 5.378223955631e-02 5.241486802697e-02 9.811888635159e-02 1.138448491693e-01 1.123636960983e+00 1.643470525742e-01 1.553646326065e-01 9.330130368471e-02 5.428595095873e-02 4.338209331036e-02 4.139984399080e-02 4.372569918633e-02 5.630160123110e-02 7.658517360687e-02 1.274763643742e-01 1.570844501257e-01 3.302306234837e-01 4.386681914330e-01 2.741945385933e-01 1.644919067621e-01 2.114811837673e-01
1.593717932701e-02 2.883190289140e-02 3.962989151478e-02 4.897941648960e-02 5.841192230582e-02 6.993152201176e-02 8.210175484419e-02 9.438291192055e-02 1.058708205819e-01 1.120882183313e-01 1.062453761697e-01 1.150641292334e-01 1.200031340122e-01 1.203643530607e-01 1.148207709193e-01 1.041254326701e-01 1.239274963737e-01 9.014715254307e-02 1.220020875335e-01 3.883774280548e-01 1.425713300705e-01 7.142125815153e-02 5.043970420957e-02 4.224632307887e-02 5.840465798974e-02 1.277282834053e-01 4.618960916996e-01 1.277338415384e-01 1.648060828447e-01 6.965866684914e-02 5.131156370044e-02 3.919563814998e-02 3.969809412956e-02 4.512842372060e-02 5.960940569639e-02 7.087357342243e-02 7.889934629202e-02 1.271086484194e-01 2.786554098129e-01 3.259972035885e-01 2.023854702711e-01 1.501830071211e-01 1.964400410652e-01
