100/SI/f56.grd
DSAA
101	101
32.816463539100	34.260883539100
35.556306596100	36.727886596100
3.360061673447e-04	5.508023452759e+01
[rows 19 to 37 of 101, columns 43 to 85 of 101]
5.430409908295e-01 6.690794825554e-01 8.698870539665e-01 8.864260315895e-01 5.746511816978e-01 8.828868269920e-01 4.493719041348e-01 4.680367112160e-01 5.065239071846e-01 5.137344002724e-01 4.688467681408e-01 6.905193328857e-01 8.316562771797e-01 8.229830265045e-01 5.463167428970e-01 6.673969030380e-01 8.803420662880e-01 8.251301050186e-01 4.541021883488e-01 7.325511574745e-01 3.377592563629e-01 4.740550518036e-01 6.367186307907e-01 3.143577873707e-01 3.117722570896e-01 3.674232959747e-01 3.031975030899e-01 3.822571635246e-01 3.547178506851e-01 2.808896899223e-01 3.029252290726e-01 4.182420670986e-01 4.723121821880e-01 3.658338487148e-01 3.252492547035e-01 2.644374668598e-01 1.816264390945e-01 1.998048275709e-01 2.209602594376e-01 1.840208917856e-01 1.718104332685e-01 1.505730450153e-01 1.637102365494e-01
4.907273054123e-01 6.555987596512e-01 9.298001527786e-01 1.072221636772e+00 7.759622335434e-01 7.806715965271e-01 4.623468518257e-01 4.958460330963e-01 4.388939738274e-01 5.496500730515e-01 5.751408934593e-01 6.457378864288e-01 8.900973796844e-01 8.754184246063e-01 6.763622760773e-01 7.256070971489e-01 8.594928383827e-01 9.323892593384e-01 5.358543395996e-01 7.082396745682e-01 3.860059380531e-01 7.183741331100e-01 8.948182463646e-01 4.165225028992e-01 3.637630939484e-01 3.761299252510e-01 3.731501996517e-01 3.953370153904e-01 3.080867528915e-01 2.988904118538e-01 4.223116338253e-01 5.517946481705e-01 4.929151535034e-01 3.909603059292e-01 3.212011456490e-01 2.647626399994e-01 1.899981349707e-01 2.336313128471e-01 1.809431910515e-01 1.545908302069e-01 1.648351550102e-01 1.435641348362e-01 1.495708823204e-01
5.292426943779e-01 7.507933378220e-01 8.585699200630e-01 1.122403621674e+00 9.562822580338e-01 6.681547760963e-01 4.585449099541e-01 5.253427028656e-01 4.202858507633e-01 5.141298770905e-01 5.422743558884e-01 6.169488430023e-01 8.454703688622e-01 9.577161073685e-01 8.154639601707e-01 7.755545973778e-01 8.231754302979e-01 1.018958806992e+00 6.108963489532e-01 6.561196446419e-01 4.338234961033e-01 8.900591731071e-01 9.798492193222e-01 4.683336317539e-01 3.553009629250e-01 4.397873580456e-01 4.212167859077e-01 3.419096171856e-01 2.913683056831e-01 4.200299382210e-01 5.890513658524e-01 5.712677836418e-01 3.859136998653e-01 4.459536075592e-01 3.183397352695e-01 2.437325268984e-01 2.261345535517e-01 2.402533292770e-01 2.005378752947e-01 1.564992517233e-01 1.534123569727e-01 1.129223629832e-01 1.113633885980e-01
5.055859684944e-01 7.074866890907e-01 7.279493808746e-01 1.071374893188e+00 1.058321595192e+00 6.987830400467e-01 6.133183240891e-01 5.564697980881e-01 4.140100181103e-01 4.501530826092e-01 5.206251740456e-01 6.252102255821e-01 7.012196183205e-01 1.003746747971e+00 9.081584215164e-01 7.554705142975e-01 7.609947323799e-01 1.092755436897e+00 6.727923154831e-01 5.877836942673e-01 4.813976287842e-01 8.839202523232e-01 8.539698123932e-01 4.066487550735e-01 3.889051675797e-01 4.589225053787e-01 3.822238743305e-01 3.119636476040e-01 4.420650005341e-01 6.232163906097e-01 6.128576397896e-01 4.257512092590e-01 3.247361481190e-01 4.633137285709e-01 2.288357615471e-01 2.249579429626e-01 2.792072892189e-01 2.139977067709e-01 2.300251126289e-01 1.465743333101e-01 1.635486483574e-01 1.366003155708e-01 1.233057752252e-01
4.112677276134e-01 4.924413859844e-01 7.569036483765e-01 9.487129449844e-01 1.066372275352e+00 7.091842293739e-01 7.627922296524e-01 6.399461627007e-01 4.490819871426e-01 3.843162357807e-01 5.424299836159e-01 6.100938320160e-01 7.206355929375e-01 1.077891588211e+00 9.195163846016e-01 7.119920849800e-01 6.847802996635e-01 1.137870669365e+00 7.176259160042e-01 7.123643755913e-01 5.599133372307e-01 7.266230583191e-01 6.368718743324e-01 3.786650002003e-01 4.775735139847e-01 4.438404738903e-01 3.268452286720e-01 4.715634286404e-01 6.755502223969e-01 6.566215753555e-01 4.457385838032e-01 2.636705636978e-01 3.474639058113e-01 4.345708489418e-01 2.335042655468e-01 2.411523312330e-01 2.942599952221e-01 2.239733934402e-01 2.523759007454e-01 1.529974341393e-01 1.553589105606e-01 1.286140978336e-01 1.308214366436e-01
5.295853614807e-01 5.297368168831e-01 8.547360301018e-01 8.019894361496e-01 1.013406872749e+00 7.917403578758e-01 7.309470176697e-01 8.097285628319e-01 7.036533355713e-01 5.377157330513e-01 5.884073972702e-01 5.759578943253e-01 7.857206463814e-01 1.152829647064e+00 8.255644440651e-01 6.826781034470e-01 5.834472775459e-01 1.163527011871e+00 9.090563654900e-01 7.868996858597e-01 6.623404622078e-01 7.041761279106e-01 4.261129796505e-01 4.604994356632e-01 4.902280271053e-01 3.344448208809e-01 5.120083093643e-01 7.286127209663e-01 6.936955451965e-01 4.648250937462e-01 2.489584535360e-01 1.956321001053e-01 4.647869467735e-01 3.631832897663e-01 2.224803566933e-01 3.128851354122e-01 2.714471817017e-01 2.257040441036e-01 2.681027054787e-01 1.893905550241e-01 1.336377859116e-01 1.273230165243e-01 1.126424744725e-01
8.319340348244e-01 5.143153667450e-01 5.141423344612e-01 8.850721120834e-01 9.336311221123e-01 8.360174298286e-01 6.428660154343e-01 7.408452033997e-01 8.423082232475e-01 8.273110389709e-01 7.051204442978e-01 8.740969300270e-01 8.539909720421e-01 1.198191046715e+00 7.142369151115e-01 6.176205277443e-01 8.175941109657e-01 1.171816468239e+00 1.028909206390e+00 7.544929385185e-01 7.140153646469e-01 7.596076130867e-01 4.786015152931e-01 5.017515420914e-01 4.119753837585e-01 5.358392000198e-01 7.935013771057e-01 7.435712218285e-01 4.836684465408e-01 3.155725896358e-01 4.438557922840e-01 2.726509571075e-01 5.423373579979e-01 3.173586428165e-01 2.599290609360e-01 3.347362875938e-01 3.265528976917e-01 2.298220694065e-01 2.767578959465e-01 2.090438753366e-01 1.258186846972e-01 1.202919855714e-01 1.393832266331e-01
1.112571120262e+00 5.289140343666e-01 5.184217095375e-01 8.155254721642e-01 8.409720063210e-01 8.557843565941e-01 6.966559886932e-01 7.097495794296e-01 7.003645300865e-01 9.069077372551e-01 9.893935918808e-01 8.846076726913e-01 9.222867488861e-01 1.214096665382e+00 6.198533773422e-01 9.569247364998e-01 1.147260665894e+00 1.173371195793e+00 9.999330639839e-01 5.978392958641e-01 6.783155202866e-01 6.960728764534e-01 4.814660847187e-01 4.144361913204e-01 5.400698184967e-01 8.439907431602e-01 8.143074512482e-01 5.099142193794e-01 4.498641490936e-01 6.181793808937e-01 5.611549615860e-01 5.096166133881e-01 5.283354520798e-01 3.550664186478e-01 3.348583579063e-01 2.774415016174e-01 3.561424612999e-01 2.431515455246e-01 2.777425944805e-01 2.077598869801e-01 1.339801251888e-01 1.526326537132e-01 1.967748999596e-01
1.214767217636e+00 5.433224439621e-01 6.270796656609e-01 5.404437780380e-01 9.233224987984e-01 8.647562265396e-01 7.371775507927e-01 7.540041804314e-01 7.159904837608e-01 9.029614925385e-01 9.538324475288e-01 8.311865925789e-01 9.835805892944e-01 1.169938802719e+00 1.041930556297e+00 1.267840147018e+00 1.224983572960e+00 1.140200495720e+00 6.796005368233e-01 6.038399338722e-01 6.986393332481e-01 7.035511136055e-01 5.040792822838e-01 5.169110298157e-01 8.798593282700e-01 8.985335826874e-01 5.631990432739e-01 4.574754536152e-01 6.725912094116e-01 5.581428408623e-01 4.542266726494e-01 4.967213869095e-01 4.095434546471e-01 3.900776505470e-01 3.318483233452e-01 2.317933738232e-01 3.488924801350e-01 2.625461518764e-01 2.723098695278e-01 1.881041377783e-01 1.622229367495e-01 2.182959914207e-01 2.466784715652e-01
1.066405296326e+00 7.941521406174e-01 7.261263728142e-01 5.115702748299e-01 6.705693602562e-01 8.757658004761e-01 9.229828715324e-01 8.015388250351e-01 9.388785362244e-01 1.380082964897e+00 7.842722535133e-01 7.307429313660e-01 1.024155497551e+00 1.076803207397e+00 1.351744890213e+00 1.308670282364e+00 1.132270812988e+00 1.102635979652e+00 7.501636743546e-01 8.113208413124e-01 7.253736257553e-01 7.001274824142e-01 4.720784127712e-01 8.927016258240e-01 9.901061654091e-01 6.400957703590e-01 5.225762128830e-01 7.130961418152e-01 6.311460137367e-01 4.136115610600e-01 6.023948192596e-01 5.214298963547e-01 3.129702806473e-01 3.570767343044e-01 2.975013256073e-01 3.195817172527e-01 3.176591694355e-01 2.884904146194e-01 2.642518579960e-01 2.431922852993e-01 2.707089781761e-01 3.038370311260e-01 2.561917603016e-01
7.196973562241e-01 1.196465253830e+00 7.950662374496e-01 6.288790702820e-01 7.549980282784e-01 8.554670214653e-01 8.179928064346e-01 8.581396937370e-01 1.231218338013e+00 1.707842111588e+00 1.146696329117e+00 7.962335348129e-01 1.031867265701e+00 1.286949872971e+00 1.378217101097e+00 1.913139700890e+00 1.014490365982e+00 1.022192120552e+00 8.386517167091e-01 8.205472826958e-01 7.485097646713e-01 6.923202872276e-01 8.837239146233e-01 1.050828456879e+00 7.216163277626e-01 5.882361531258e-01 7.039040923119e-01 7.058211565018e-01 6.035161018372e-01 6.040390729904e-01 6.396424174309e-01 3.574093878269e-01 3.380225598812e-01 3.051416277885e-01 2.658169269562e-01 2.486471235752e-01 4.313734173775e-01 3.404977619648e-01 3.136872649193e-01 3.609984517097e-01 3.596960902214e-01 2.639468014240e-01 1.774704456329e-01
8.079838156700e-01 1.325881838799e+00 8.221791386604e-01 6.950591802597e-01 8.902269005775e-01 8.196391463280e-01 8.524982333183e-01 1.076647162437e+00 1.419435739517e+00 1.715292096138e+00 1.369389891624e+00 1.359339594841e+00 1.202946782112e+00 1.411662697792e+00 1.673906683922e+00 2.422405719757e+00 1.054796576500e+00 1.142298460007e+00 1.132718443871e+00 9.260340929031e-01 7.332530617714e-01 8.814850449562e-01 1.104917645454e+00 7.944065332413e-01 6.587131619453e-01 6.950879096985e-01 6.728390455246e-01 7.446078062057e-01 7.245889306068e-01 7.269483804703e-01 5.471076965332e-01 2.953768074512e-01 4.042464196682e-01 2.518519759178e-01 2.626836001873e-01 2.685183882713e-01 5.944898724556e-01 3.961802721024e-01 4.158020317554e-01 3.348568975925e-01 2.034188210964e-01 1.192701607943e-01 1.183783710003e-01
1.599839806557e+00 1.048355460167e+00 1.149100661278e+00 7.380739450455e-01 1.083895206451e+00 8.403174877167e-01 9.180585741997e-01 1.244170069695e+00 1.493769884109e+00 1.452398657799e+00 1.406584620476e+00 1.421248435974e+00 1.334994196892e+00 1.082940459251e+00 1.147706151009e+00 1.543926477432e+00 8.616768121719e-01 1.129007458687e+00 1.234255075455e+00 1.029817461967e+00 9.165831208229e-01 1.156203866005e+00 8.655617833138e-01 7.359219789505e-01 6.814590692520e-01 6.245781779289e-01 6.722260117531e-01 7.947626709938e-01 7.974099516869e-01 7.153633832932e-01 4.460058510303e-01 2.827996015549e-01 4.305538833141e-01 3.428481519222e-01 4.135331213474e-01 4.398899972439e-01 6.702784895897e-01 3.923542797565e-01 3.103351891041e-01 2.155941724777e-01 1.931797266006e-01 1.461157649755e-01 1.404411643744e-01
2.596111297607e+00 1.134995341301e+00 1.286459207535e+00 9.381084442139e-01 1.201354503632e+00 1.027241230011e+00 1.009154796600e+00 1.428522825241e+00 1.534617781639e+00 1.207106947899e+00 1.693269610405e+00 2.081261634827e+00 1.154003739357e+00 1.354939579964e+00 8.302872776985e-01 9.626533985138e-01 9.203634858131e-01 1.097863912582e+00 1.060958147049e+00 9.624203443527e-01 1.227435350418e+00 9.343856573105e-01 7.670556306839e-01 6.888802051544e-01 7.410606741905e-01 6.896057128906e-01 6.907607913017e-01 8.622086048126e-01 8.677896261215e-01 7.881635427475e-01 5.422722101212e-01 4.772765338421e-01 4.737183749676e-01 4.310094714165e-01 4.171413779259e-01 6.411886811256e-01 5.514081716537e-01 2.672197818756e-01 2.886531054974e-01 2.949824333191e-01 2.733721435070e-01 2.111713141203e-01 1.516555547714e-01
2.841382265091e+00 2.968803882599e+00 1.225957751274e+00 1.232355237007e+00 1.322950124741e+00 1.243277549744e+00 1.703958630562e+00 1.600635170937e+00 1.513545751572e+00 1.125490307808e+00 1.723467707634e+00 2.319160223007e+00 1.386841416359e+00 1.303853869438e+00 1.058802127838e+00 1.078652858734e+00 1.146372914314e+00 1.083781957626e+00 1.048741579056e+00 1.313914895058e+00 1.023315906525e+00 8.754053115845e-01 7.500237226486e-01 5.874727368355e-01 7.223532795906e-01 8.094822764397e-01 7.451133131981e-01 9.264866709709e-01 9.663871526718e-01 8.624474406242e-01 6.417485475540e-01 4.739901125431e-01 4.215247631073e-01 3.578436374664e-01 5.806802511215e-01 6.648007035255e-01 2.962665855885e-01 3.037664890289e-01 3.166251778603e-01 3.210060596466e-01 3.033295869827e-01 2.534599900246e-01 1.758451014757e-01
1.366161584854e+00 3.999168157578e+00 2.922848463058e+00 1.219222426414e+00 1.394074082375e+00 1.548513889313e+00 1.650546193123e+00 1.680634021759e+00 1.344055294991e+00 1.174460530281e+00 1.964965701103e+00 2.270545482635e+00 1.783003449440e+00 1.206062316895e+00 1.107735395432e+00 1.241415381432e+00 1.921041965485e+00 1.206281304359e+00 1.456912517548e+00 1.122801065445e+00 8.071765303612e-01 7.866144180298e-01 6.650322079659e-01 8.074573874474e-01 8.203171491623e-01 9.404059052467e-01 1.035715699196e+00 7.930865287781e-01 9.412800669670e-01 9.401318430901e-01 7.302619814873e-01 3.882574439049e-01 3.959386050701e-01 6.141698360443e-01 6.658111810684e-01 3.891590535641e-01 2.696176767349e-01 2.721519470215e-01 2.709105610847e-01 2.750040888786e-01 2.740180492401e-01 2.537399530411e-01 2.028353065252e-01
2.512988328934e+00 1.890138149261e+00 4.663133144379e+00 2.171941041946e+00 1.409691214561e+00 1.903709292412e+00 1.431615352631e+00 1.598709583282e+00 2.103663682938e+00 1.636049270630e+00 2.269598007202e+00 1.803981661797e+00 1.899539709091e+00 1.590593934059e+00 1.309566497803e+00 1.224474191666e+00 2.793802499771e+00 1.688354611397e+00 1.359243512154e+00 1.653576374054e+00 9.835053086281e-01 8.021372556686e-01 8.566322922707e-01 9.019125103951e-01 8.688666820526e-01 9.224610924721e-01 1.305722832680e+00 7.931608557701e-01 9.772210717201e-01 1.020693421364e+00 8.275673389435e-01 5.334159135818e-01 6.767451763153e-01 6.260902881622e-01 3.580117225647e-01 3.003540337086e-01 2.836970686913e-01 2.656441330910e-01 2.469260543585e-01 2.298800647259e-01 2.360886931419e-01 2.440064549446e-01 2.216597497463e-01
3.399342298508e+00 4.429947376251e+00 2.674892902374e+00 4.585591793060e+00 1.700444340706e+00 2.304765939713e+00 1.977702498436e+00 2.109488964081e+00 2.952506542206e+00 2.448547124863e+00 2.824369430542e+00 1.619895815849e+00 1.723497748375e+00 1.795490264893e+00 1.608046770096e+00 1.269405007362e+00 3.280403375626e+00 1.861101984978e+00 1.938405752182e+00 1.343292117119e+00 7.287866473198e-01 8.063927888870e-01 1.024858117104e+00 9.296855926514e-01 8.453682065010e-01 8.091362714767e-01 1.273029208183e+00 8.699225783348e-01 1.096456766129e+00 1.081632375717e+00 8.577733635902e-01 6.833682060242e-01 5.123562812805e-01 2.689640522003e-01 2.652747929096e-01 2.782648503780e-01 2.751319706440e-01 2.941151857376e-01 2.888150811195e-01 2.740647792816e-01 2.986402809620e-01 3.470936715603e-01 3.624500930309e-01
6.686615467072e+00 4.436210155487e+00 4.681978702545e+00 3.884433031082e+00 3.534228563309e+00 2.590705633163e+00 2.844709396362e+00 2.512643575668e+00 2.596273660660e+00 2.871348619461e+00 3.320794820786e+00 1.932210445404e+00 1.698484778404e+00 1.823414325714e+00 1.995734333992e+00 1.887853145599e+00 2.530775308609e+00 1.875123262405e+00 1.870023846626e+00 1.493009567261e+00 1.217100501060e+00 1.445630550385e+00 1.455676794052e+00 1.204403519630e+00 8.793920278549e-01 7.510620355606e-01 9.988558292389e-01 1.069191455841e+00 1.133371472359e+00 9.464502334595e-01 6.638901829720e-01 4.231779277325e-01 3.702997863293e-01 3.934416174889e-01 4.650930762291e-01 5.097856521606e-01 5.330784916878e-01 5.305591821671e-01 5.035386085510e-01 4.606867432594e-01 4.190410971642e-01 4.206832051277e-01 3.723867833614e-01
