100/SI/f56.grd
DSAA
101	101
32.816463539100	34.260883539100
35.556306596100	36.727886596100
3.360061673447e-04	5.508023452759e+01
[rows 76 to 94 of 101, columns 43 to 85 of 101]
8.488289266825e-02 7.224638015032e-02 1.321142613888e-01 3.328263163567e-01 3.558219671249e-01 7.084210515022e-01 1.129608273506e+00 1.269465684891e+00 7.860711812973e-01 2.199636846781e-01 7.999052405357e-01 1.792786955833e+00 1.339643001556e+00 3.494020700455e-01 1.572919934988e-01 2.228019833565e-01 2.350822985172e-01 1.202401369810e-01 1.125584766269e-01 1.401912868023e-01 5.166251063347e-01 1.182586908340e+00 2.785273194313e-01 1.880869269371e-01 1.369574069977e-01 9.180111438036e-02 4.665647819638e-02 4.011361673474e-02 3.907754272223e-02 3.685223683715e-02 3.490594401956e-02 3.637707978487e-02 3.829636052251e-02 4.062173515558e-02 4.102402180433e-02 3.817186877131e-02 3.500426933169e-02 3.271435946226e-02 3.111237287521e-02 3.016214631498e-02 3.368646651506e-02 5.161119997501e-02 7.041020691395e-02
1.382175832987e-01 1.863594502211e-01 2.384127825499e-01 2.485569268465e-01 3.414375483990e-01 4.711996018887e-01 6.074656844139e-01 5.744746327400e-01 9.212027788162e-01 1.343957901001e+00 1.331960558891e+00 6.390182375908e-01 4.538470804691e-01 4.038343727589e-01 2.603499889374e-01 2.753871381283e-01 7.622838020325e-02 4.712169244885e-02 5.792619660497e-02 6.484974920750e-02 4.915858432651e-02 5.885359644890e-02 9.320671856403e-02 9.354110807180e-02 8.487027883530e-02 5.205222219229e-02 2.546602115035e-02 2.285907790065e-02 2.664703689516e-02 3.069769404829e-02 3.274013847113e-02 3.345050290227e-02 3.326576203108e-02 3.180302307010e-02 2.765499800444e-02 2.219123579562e-02 1.778063550591e-02 1.761205680668e-02 1.866532675922e-02 2.167171798646e-02 2.721377275884e-02 4.643380641937e-02 6.213909387589e-02
2.925249040127e-01 4.416960775852e-01 2.930179238319e-01 1.378013938665e-01 1.601784527302e-01 5.852841734886e-01 1.641560912132e+00 2.185306787491e+00 1.636588454247e+00 8.073271512985e-01 4.354353845119e-01 2.800997793674e-01 2.026956230402e-01 3.262127935886e-01 2.699263095856e-01 1.009046658874e-01 3.361254185438e-02 3.064408898354e-02 3.193356841803e-02 4.326987266541e-02 3.229366242886e-02 2.943161875010e-02 3.405338525772e-02 3.833928331733e-02 3.473859652877e-02 3.167588263750e-02 2.566725388169e-02 2.670459635556e-02 2.246783487499e-02 2.570315264165e-02 2.690018154681e-02 2.506255730987e-02 2.399771660566e-02 2.318838983774e-02 1.632686704397e-02 1.573693379760e-02 1.671417430043e-02 1.665172725916e-02 1.630615629256e-02 1.726517640054e-02 2.111514098942e-02 4.029228538275e-02 5.910914018750e-02
4.167229235172e-01 4.853718876839e-01 1.638020873070e-01 1.698461622000e-01 6.012798547745e-01 1.076390981674e+00 1.110486268997e+00 9.533078670502e-01 7.949931621552e-01 3.772152662277e-01 3.331809341908e-01 4.035553634167e-01 2.483546733856e-01 1.562639474869e-01 6.908234953880e-02 3.723252937198e-02 2.357242442667e-02 2.256250753999e-02 2.166998945177e-02 2.713618613780e-02 2.409486286342e-02 2.410669997334e-02 2.242555096745e-02 2.215507626534e-02 2.145263738930e-02 2.189692854881e-02 2.116229198873e-02 2.151867747307e-02 2.315032109618e-02 2.217549830675e-02 2.246853336692e-02 1.851417869329e-02 2.051314711571e-02 2.152138389647e-02 1.713008433580e-02 1.305270008743e-02 1.561987772584e-02 1.662121340632e-02 1.669196039438e-02 1.640119962394e-02 1.685569435358e-02 2.165251784027e-02 3.643105551600e-02
1.820968240499e-01 2.988256216049e-01 4.316108226776e-01 5.624324679375e-01 6.194195151329e-01 5.086450576782e-01 5.712870359421e-01 7.049728631973e-01 1.005958318710e+00 3.913379907608e-01 4.066732525826e-01 2.471187710762e-01 9.948183596134e-02 4.210071265697e-02 2.911438606679e-02 2.368655800819e-02 2.123434841633e-02 1.914206705987e-02 1.754117757082e-02 1.660587824881e-02 1.845042221248e-02 1.423148903996e-02 1.442256290466e-02 1.436978019774e-02 1.515962649137e-02 1.592057384551e-02 1.606400869787e-02 1.471252553165e-02 1.264819875360e-02 1.517690904438e-02 1.475289091468e-02 1.432546041906e-02 1.607690379024e-02 1.794739067554e-02 1.650847122073e-02 1.294210180640e-02 1.451089698821e-02 1.629453897476e-02 1.673279143870e-02 1.696161739528e-02 1.966764032841e-02 2.360668219626e-02 2.976959571242e-02
2.004907876253e-01 6.098696589470e-01 1.130226612091e+00 6.622338891029e-01 4.260564744473e-01 7.423052787781e-01 9.880232810974e-01 1.328485488892e+00 6.506398320198e-01 3.348067104816e-01 1.577996611595e-01 9.133372455835e-02 3.856952115893e-02 2.476211637259e-02 1.747377775609e-02 1.471360586584e-02 1.351004559547e-02 1.255646627396e-02 1.289228536189e-02 1.373761519790e-02 1.417872402817e-02 1.314814109355e-02 1.272937562317e-02 1.367201469839e-02 1.633333601058e-02 1.902308128774e-02 2.080274373293e-02 2.021632529795e-02 1.596790924668e-02 1.235358975828e-02 1.230355352163e-02 1.135448552668e-02 1.152848824859e-02 1.440872531384e-02 1.492071337998e-02 1.391265261918e-02 1.319563016295e-02 1.545852422714e-02 1.631938852370e-02 1.648296229541e-02 1.886397600174e-02 2.613161131740e-02 3.536377102137e-02
3.769637644291e-01 1.183302760124e+00 9.067679047585e-01 7.371701002121e-01 8.071388006210e-01 7.723613381386e-01 5.411098003387e-01 5.244213938713e-01 4.108544588089e-01 2.103677690029e-01 7.621829211712e-02 4.721527546644e-02 2.566934749484e-02 1.652169227600e-02 1.321409363300e-02 1.084686722606e-02 1.084170397371e-02 1.157897245139e-02 1.131173782051e-02 1.089849974960e-02 1.184259913862e-02 1.221368182451e-02 1.179272867739e-02 1.182181201875e-02 1.488768216223e-02 1.827464438975e-02 2.074982784688e-02 2.069717645645e-02 1.680690422654e-02 1.143980771303e-02 1.195515971631e-02 1.237868890166e-02 1.012004073709e-02 1.060492359102e-02 1.264693774283e-02 1.412354968488e-02 1.427180785686e-02 1.414704695344e-02 1.546414755285e-02 1.614172197878e-02 1.601653732359e-02 1.816840469837e-02 2.294923178852e-02
5.083054900169e-01 8.623913526535e-01 5.134409666061e-01 3.133449256420e-01 2.090940624475e-01 2.563907504082e-01 2.236091643572e-01 2.670733034611e-01 2.266405224800e-01 7.896228134632e-02 5.499508976936e-02 3.274333104491e-02 2.724577672780e-02 2.021580003202e-02 1.260985899717e-02 1.026106439531e-02 1.114779058844e-02 1.124403905123e-02 1.023847889155e-02 9.766574017704e-03 1.133251935244e-02 1.240876875818e-02 1.298417057842e-02 1.253048609942e-02 1.161494851112e-02 1.387971919030e-02 1.549038477242e-02 1.535254064947e-02 1.269026938826e-02 1.028358936310e-02 1.062269881368e-02 1.165923569351e-02 1.112398039550e-02 9.456245228648e-03 9.657761082053e-03 1.154354494065e-02 1.283184904605e-02 1.254851929843e-02 1.427685096860e-02 1.550360955298e-02 1.579125411808e-02 1.664167270064e-02 1.867333054543e-02
7.238504886627e-01 5.978125929832e-01 1.934486627579e-01 1.465935707092e-01 1.554365307093e-01 9.350650012493e-02 1.314716786146e-01 2.145456373692e-01 1.429519057274e-01 6.962082535028e-02 5.203601717949e-02 2.921395935118e-02 2.845123969018e-02 2.695921249688e-02 1.686467230320e-02 1.333562564105e-02 1.131439302117e-02 1.081694755703e-02 9.327694773674e-03 9.413672611117e-03 1.139165740460e-02 1.366031356156e-02 1.501793880016e-02 1.402897667140e-02 1.198242418468e-02 1.027800049633e-02 1.125541888177e-02 1.202551461756e-02 1.195721607655e-02 1.269910950214e-02 1.141236349940e-02 1.053969096392e-02 1.068389602005e-02 9.689401835203e-03 9.350556880236e-03 1.125548686832e-02 1.230508089066e-02 1.198505423963e-02 1.285703945905e-02 1.446285285056e-02 1.516396272928e-02 1.698307693005e-02 2.144757099450e-02
1.145227789879e+00 5.028468966484e-01 9.864281117916e-02 7.050088047981e-02 5.419064685702e-02 6.640621274710e-02 7.144712656736e-02 1.610364615917e-01 1.630542725325e-01 9.937794506550e-02 4.954463243484e-02 2.830254659057e-02 2.448167279363e-02 2.556967921555e-02 2.097276411951e-02 1.289828959852e-02 1.123206038028e-02 1.040599122643e-02 8.648282848299e-03 9.305164217949e-03 1.165782101452e-02 1.522124558687e-02 1.660010777414e-02 1.474189106375e-02 1.238005049527e-02 1.090224646032e-02 1.164287794381e-02 1.296761725098e-02 1.354244630784e-02 1.328734215349e-02 1.230807602406e-02 1.020924281329e-02 1.171237416565e-02 9.715240448713e-03 9.104647673666e-03 9.908271953464e-03 1.245415396988e-02 1.371132861823e-02 1.460679247975e-02 1.660161279142e-02 1.906509324908e-02 1.979353465140e-02 1.924119703472e-02
9.845497012138e-01 3.035964667797e-01 7.510124146938e-02 4.232325404882e-02 3.875510022044e-02 4.496978595853e-02 8.326362073421e-02 1.065059900284e-01 1.280223280191e-01 8.936361223459e-02 5.873257666826e-02 3.285777941346e-02 2.151388674974e-02 1.848618313670e-02 1.769272424281e-02 1.494098082185e-02 1.299749035388e-02 1.427902095020e-02 1.191432587802e-02 1.027099881321e-02 1.280846912414e-02 1.710613816977e-02 1.780760847032e-02 1.495662052184e-02 1.269781962037e-02 1.156867016107e-02 1.217469107360e-02 1.366810686886e-02 1.475824695081e-02 1.377327833325e-02 1.214496325701e-02 1.004638522863e-02 1.194693520665e-02 9.232720360160e-03 8.939122781157e-03 8.589473553002e-03 9.356647729874e-03 1.232606638223e-02 1.570165902376e-02 2.021601423621e-02 2.468202449381e-02 2.644351124763e-02 2.674400806427e-02
5.183300375938e-01 9.510630369186e-02 4.479241743684e-02 3.896360099316e-02 3.258546441793e-02 3.329116106033e-02 5.371173843741e-02 2.975871972740e-02 7.774566859007e-02 1.174993813038e-01 8.346569538116e-02 6.349039822817e-02 3.175843879580e-02 1.952490396798e-02 1.668216101825e-02 1.686108671129e-02 1.787847466767e-02 1.607258059084e-02 1.418214663863e-02 1.253285072744e-02 1.532090175897e-02 1.881920360029e-02 1.812019385397e-02 1.525741722435e-02 1.361558679491e-02 1.280956808478e-02 1.286610215902e-02 1.435309182853e-02 1.559756509960e-02 1.494787726551e-02 1.249827817082e-02 9.889592416584e-03 1.127376779914e-02 1.021385658532e-02 8.868662640452e-03 8.816299960017e-03 8.494193665683e-03 8.881841786206e-03 1.135296653956e-02 1.735555008054e-02 2.370219677687e-02 2.763725630939e-02 2.989515103400e-02
1.403287798166e-01 5.431473627687e-02 3.515509888530e-02 3.362247347832e-02 2.624260447919e-02 2.383809909225e-02 2.415150962770e-02 2.266626805067e-02 2.828344888985e-02 9.692190587521e-02 1.074444204569e-01 1.573756486177e-01 1.007023900747e-01 3.618155419827e-02 2.245164662600e-02 1.871516183019e-02 2.028466388583e-02 2.399943955243e-02 2.235316857696e-02 1.789445057511e-02 1.746240444481e-02 1.956188119948e-02 1.758561469615e-02 1.517646573484e-02 1.428120862693e-02 1.414017006755e-02 1.440949272364e-02 1.467041205615e-02 1.595943793654e-02 1.603687740862e-02 1.383461151272e-02 1.066956855357e-02 1.057416200638e-02 1.057926099747e-02 9.896256960928e-03 1.013704761863e-02 1.003696117550e-02 9.860885329545e-03 9.731182828546e-03 1.000290550292e-02 1.349013857543e-02 1.796704716980e-02 2.118317224085e-02
5.004371330142e-02 3.127516433597e-02 3.150121867657e-02 2.746796049178e-02 2.238518185914e-02 2.031168155372e-02 1.763159409165e-02 1.758893206716e-02 2.077826671302e-02 4.016666859388e-02 1.604507714510e-01 3.939329981804e-01 2.703079581261e-01 8.617957681417e-02 3.787717223167e-02 2.351290918887e-02 2.111175842583e-02 2.532478421926e-02 2.452379837632e-02 2.579604089260e-02 2.482417225838e-02 2.046252787113e-02 1.829377189279e-02 1.640872843564e-02 1.590380631387e-02 1.601886004210e-02 1.598811894655e-02 1.557203289121e-02 1.599596068263e-02 1.687824726105e-02 1.526479609311e-02 1.115641184151e-02 1.030591968447e-02 1.016020309180e-02 1.067894324660e-02 1.146348472685e-02 1.199759263545e-02 1.216352730989e-02 1.206004898995e-02 1.162077393383e-02 1.166567113250e-02 1.227270718664e-02 1.266390085220e-02
4.537810012698e-02 2.577400580049e-02 2.804163098335e-02 2.145077474415e-02 1.750493422151e-02 1.651293598115e-02 1.444750092924e-02 1.490023080260e-02 1.498115155846e-02 2.784032374620e-02 1.215365678072e-01 3.278300762177e-01 2.966301143169e-01 1.911276727915e-01 4.623721167445e-02 2.556651644409e-02 1.945732720196e-02 2.803765609860e-02 3.327367454767e-02 3.120367601514e-02 2.551603689790e-02 1.995203271508e-02 1.974705047905e-02 1.856772787869e-02 1.794015616179e-02 1.752238906920e-02 1.677085831761e-02 1.529793068767e-02 1.612892560661e-02 1.704459637403e-02 1.502648368478e-02 1.160934846848e-02 1.201914902776e-02 1.163100730628e-02 1.102823391557e-02 1.071200892329e-02 1.144460681826e-02 1.188556570560e-02 1.176131702960e-02 1.100389752537e-02 1.222353521734e-02 1.442968286574e-02 1.599492132664e-02
5.593965947628e-02 2.932902611792e-02 2.467911504209e-02 1.907892152667e-02 1.431085355580e-02 1.350073516369e-02 1.386845204979e-02 1.354353874922e-02 1.360531896353e-02 1.740898750722e-02 4.615626111627e-02 1.684863269329e-01 6.123340129852e-01 4.724796712399e-01 7.920421659946e-02 2.987668104470e-02 3.292691707611e-02 3.511747717857e-02 3.121629729867e-02 2.483710087836e-02 2.017198689282e-02 2.057868055999e-02 2.180507965386e-02 2.110889740288e-02 1.966729387641e-02 1.784068904817e-02 1.543373148888e-02 1.423292979598e-02 1.666962169111e-02 1.714781671762e-02 1.540052145720e-02 1.710522919893e-02 1.714617572725e-02 1.621479354799e-02 1.458390895277e-02 1.134023070335e-02 9.536483325064e-03 9.496248327196e-03 9.756932035089e-03 1.048493012786e-02 1.231900509447e-02 1.535225007683e-02 1.901533827186e-02
5.923112481833e-02 3.328938037157e-02 2.496436424553e-02 1.664654724300e-02 1.248425245285e-02 1.309400051832e-02 1.293182652444e-02 1.317402161658e-02 1.185552310199e-02 1.332087628543e-02 2.609065733850e-02 8.571576327085e-02 2.975104749203e-01 2.621668279171e-01 8.750953525305e-02 4.978140816092e-02 4.090533778071e-02 3.172871842980e-02 2.443524263799e-02 1.955971121788e-02 1.948064751923e-02 2.077751047909e-02 2.208362147212e-02 2.099482342601e-02 1.812958344817e-02 1.470591686666e-02 1.226994674653e-02 1.336277741939e-02 1.676219888031e-02 1.763009466231e-02 1.825256459415e-02 2.005418203771e-02 1.990950293839e-02 1.854293048382e-02 1.576140895486e-02 1.185996085405e-02 1.214961055666e-02 1.261338219047e-02 1.336139533669e-02 1.399700716138e-02 1.417141500860e-02 1.580306515098e-02 2.038722671568e-02
5.536865815520e-02 2.976392954588e-02 2.099863439798e-02 1.307267323136e-02 1.198826543987e-02 1.293116994202e-02 1.249200943857e-02 1.080794353038e-02 8.591037243605e-03 1.201776135713e-02 2.219663746655e-02 3.793229162693e-02 1.049255356193e-01 1.245649307966e-01 9.015445411205e-02 5.518528074026e-02 3.488665074110e-02 2.478396333754e-02 2.295777387917e-02 2.228765562177e-02 2.006234973669e-02 1.896504685283e-02 1.833900436759e-02 1.610777713358e-02 1.270383782685e-02 1.143041253090e-02 1.127656456083e-02 1.204572152346e-02 1.563548482955e-02 1.749577373266e-02 1.295974757522e-02 1.409349124879e-02 1.409463305026e-02 1.317823212594e-02 1.281910669059e-02 1.400935836136e-02 1.513979025185e-02 1.663662493229e-02 1.826766878366e-02 1.918642595410e-02 1.883766613901e-02 1.755326800048e-02 2.001131884754e-02
4.946428909898e-02 2.200890146196e-02 1.509088091552e-02 9.369302541018e-03 1.122487988323e-02 1.245451159775e-02 1.193173136562e-02 9.848240762949e-03 7.276436779648e-03 1.081832498312e-02 1.994669809937e-02 3.086657077074e-02 7.300242036581e-02 9.356907010078e-02 7.269351184368e-02 4.302311316133e-02 2.662612497807e-02 2.469370141625e-02 2.429214864969e-02 2.035935595632e-02 1.618145406246e-02 1.351227518171e-02 1.182030234486e-02 9.902865625918e-03 9.369276463985e-03 9.214881807566e-03 9.242275729775e-03 1.024172455072e-02 1.362439244986e-02 1.594755426049e-02 1.238027028739e-02 9.715455584228e-03 9.255036711693e-03 1.182513684034e-02 1.398753002286e-02 1.588546298444e-02 1.808467693627e-02 2.082066051662e-02 2.338637970388e-02 2.442938648164e-02 2.323601208627e-02 2.048758976161e-02 1.972867548466e-02
