100/SI/f57.grd
DSAA
101	101
32.816463539100	34.260883539100
35.556306596100	36.727886596100
4.512252635323e-04	7.403141021729e+01
[rows 57 to 75 of 101, columns 0 to 42 of 101]
2.499754913151e-02 4.106295481324e-02 4.457695782185e-02 4.462091997266e-02 4.727349430323e-02 5.780204758048e-02 6.470187753439e-02 7.093098014593e-02 7.676026970148e-02 7.844456285238e-02 7.546063512564e-02 1.056579425931e-01 1.810286939144e-01 9.896008670330e-02 7.206372171640e-02 1.086378619075e-01 9.726387262344e-02 1.090415343642e-01 1.317955553532e-01 1.373148560524e-01 1.414163112640e-01 1.056763678789e-01 7.346507906914e-02 6.459364295006e-02 7.005192339420e-02 9.702181816101e-02 1.550630480051e-01 1.923667192459e-01 1.505173295736e-01 8.775973320007e-02 6.871938705444e-02 5.407829210162e-02 5.666534230113e-02 6.804419308901e-02 8.047001808882e-02 1.033019945025e-01 1.190221607685e-01 1.283991187811e-01 2.122506052256e-01 2.780010402203e-01 2.382894456387e-01 2.112394124269e-01 2.380163669586e-01
3.159446269274e-02 5.172115191817e-02 5.908557400107e-02 5.996580049396e-02 5.930981785059e-02 5.768768489361e-02 5.758952349424e-02 6.030350178480e-02 6.280867755413e-02 1.021928861737e-01 3.316384255886e-01 3.840480744839e-01 1.434930860996e-01 7.451160252094e-02 7.480088621378e-02 6.962137669325e-02 7.526189833879e-02 7.496197521687e-02 8.548665046692e-02 1.083040237427e-01 1.313730925322e-01 1.403226852417e-01 9.810360521078e-02 6.169121339917e-02 7.103072106838e-02 1.083792820573e-01 1.637065112591e-01 1.753994226456e-01 1.775769144297e-01 1.129114851356e-01 6.818909198046e-02 6.189315766096e-02 5.928121134639e-02 7.087133824825e-02 8.369418233633e-02 8.667872846127e-02 8.916844427586e-02 9.288554638624e-02 9.368891268969e-02 1.011177524924e-01 1.219010055065e-01 1.666448861361e-01 1.918333619833e-01
4.225857555866e-02 6.948352605104e-02 8.039972931147e-02 1.144182980061e-01 1.470714360476e-01 1.867906451225e-01 2.459063380957e-01 3.587445318699e-01 6.582792997360e-01 9.295012950897e-01 6.181834936142e-01 1.573525518179e-01 1.062169298530e-01 9.291870892048e-02 6.755740195513e-02 7.104465365410e-02 7.509244978428e-02 7.388987392187e-02 7.038232684135e-02 7.523012906313e-02 1.267337948084e-01 1.436253935099e-01 1.018550917506e-01 5.855953320861e-02 4.590327665210e-02 7.080256938934e-02 1.004140004516e-01 1.036534607410e-01 1.082522869110e-01 8.801271021366e-02 6.139185652137e-02 6.465554982424e-02 6.120652705431e-02 6.869596242905e-02 8.292812108994e-02 8.598957210779e-02 8.200719207525e-02 7.528330385685e-02 6.932994723320e-02 7.761033624411e-02 9.899243712425e-02 1.268749386072e-01 1.677926927805e-01
4.129306972027e-02 7.400314509869e-02 1.294089108706e-01 1.852426379919e-01 2.347444593906e-01 3.110975027084e-01 4.529305696487e-01 6.766296625137e-01 6.800984740257e-01 3.145813345909e-01 7.584055513144e-02 8.844673633575e-02 9.620971232653e-02 8.549150079489e-02 7.672068476677e-02 8.053661137819e-02 8.069687336683e-02 7.741940021515e-02 6.017338484526e-02 5.884313583374e-02 9.127949178219e-02 1.018379703164e-01 7.557623833418e-02 4.728401079774e-02 3.633741289377e-02 3.926318511367e-02 5.264993384480e-02 6.513170152903e-02 7.643514871597e-02 6.601632386446e-02 6.039091572165e-02 5.651192367077e-02 6.032518297434e-02 6.682696938515e-02 8.021900802851e-02 8.227021992207e-02 7.452382147312e-02 6.387022882700e-02 5.839258432388e-02 6.491824984550e-02 9.575492888689e-02 1.206323876977e-01 1.535470634699e-01
2.501002512872e-02 4.360239580274e-02 5.331195145845e-02 5.612159892917e-02 5.622187629342e-02 5.596923083067e-02 5.547088384628e-02 5.427396297455e-02 5.322626233101e-02 5.204411596060e-02 4.882742092013e-02 5.141251534224e-02 5.635569989681e-02 7.210486382246e-02 8.109708130360e-02 8.470194786787e-02 8.150861412287e-02 7.229910045862e-02 5.338170006871e-02 4.247602075338e-02 5.111523717642e-02 5.303529649973e-02 4.184005036950e-02 3.101923875511e-02 2.732046134770e-02 2.991096861660e-02 3.840534016490e-02 4.618367552757e-02 5.489754304290e-02 5.910292267799e-02 5.593726783991e-02 4.998498409986e-02 5.800889432430e-02 7.024046778679e-02 8.386336266994e-02 8.119370043278e-02 6.749773025513e-02 5.355914682150e-02 5.919492244720e-02 6.629642844200e-02 9.894729405642e-02 1.228745877743e-01 1.447159796953e-01
1.174050383270e-02 2.188762277365e-02 2.839399687946e-02 3.136648610234e-02 3.252131864429e-02 3.346687182784e-02 3.436951339245e-02 3.503256291151e-02 3.607295826077e-02 3.711630031466e-02 3.637095913291e-02 3.419022634625e-02 3.487380594015e-02 4.630188271403e-02 5.448009073734e-02 5.735128745437e-02 5.217256024480e-02 4.640910401940e-02 3.918645903468e-02 3.320908546448e-02 2.726383879781e-02 2.543549053371e-02 2.098965458572e-02 2.326052077115e-02 2.743682824075e-02 2.885836921632e-02 3.185360133648e-02 3.838441520929e-02 4.647277668118e-02 5.084461718798e-02 5.009775981307e-02 4.730835184455e-02 5.795931816101e-02 7.784950733185e-02 9.049249440432e-02 8.172956109047e-02 6.133909150958e-02 5.272558331490e-02 6.068793684244e-02 7.151119410992e-02 9.604577720165e-02 1.081950366497e-01 1.247813031077e-01
8.087145164609e-03 1.362147461623e-02 1.691753976047e-02 1.924579963088e-02 2.070835418999e-02 2.198467031121e-02 2.320809103549e-02 2.423034422100e-02 2.545472048223e-02 2.670922875404e-02 2.687669545412e-02 2.601224184036e-02 2.502048946917e-02 2.413259819150e-02 2.434397302568e-02 2.760706469417e-02 2.911201119423e-02 2.871699072421e-02 2.635087072849e-02 2.517575956881e-02 2.171182073653e-02 2.036885917187e-02 1.791016571224e-02 2.369128912687e-02 2.920353971422e-02 3.199338167906e-02 3.181727975607e-02 3.148869425058e-02 3.838773816824e-02 4.269713908434e-02 4.373307153583e-02 4.347415640950e-02 5.887929722667e-02 8.241467177868e-02 9.095889329910e-02 7.594291865826e-02 5.370056256652e-02 5.302003398538e-02 6.347621977329e-02 7.130150496960e-02 8.278781920671e-02 9.524992853403e-02 9.780126065016e-02
6.541273090988e-03 1.114253979176e-02 1.404762733728e-02 1.545104570687e-02 1.645209454000e-02 1.730069518089e-02 1.792344450951e-02 1.804157346487e-02 1.864399760962e-02 1.936358958483e-02 1.951712556183e-02 1.919104717672e-02 1.886484771967e-02 1.843417994678e-02 1.914259791374e-02 2.199347876012e-02 2.337575703859e-02 2.306392602623e-02 2.132866531610e-02 1.990943960845e-02 2.108988165855e-02 2.047442644835e-02 1.779821701348e-02 2.365450561047e-02 2.984282746911e-02 3.362954780459e-02 3.408033028245e-02 3.301085531712e-02 3.379990532994e-02 3.704532235861e-02 3.858529403806e-02 4.064018279314e-02 5.859909206629e-02 8.066513389349e-02 8.307219296694e-02 6.534853577614e-02 4.979461058974e-02 5.455679073930e-02 6.649875640869e-02 7.025809586048e-02 7.339966297150e-02 7.936664670706e-02 7.285657525063e-02
6.294279824942e-03 1.008360274136e-02 1.279462408274e-02 1.404795516282e-02 1.458801329136e-02 1.505032647401e-02 1.521385181695e-02 1.495284028351e-02 1.502174325287e-02 1.521101500839e-02 1.531753875315e-02 1.589994132519e-02 1.635969989002e-02 1.673237420619e-02 1.717535406351e-02 1.786322705448e-02 1.909817568958e-02 1.934377290308e-02 1.952842809260e-02 1.875454559922e-02 1.937332190573e-02 2.024464122951e-02 1.797457784414e-02 2.241499163210e-02 2.831949479878e-02 3.225205466151e-02 3.294426947832e-02 3.223135322332e-02 3.399781882763e-02 3.498372808099e-02 3.564574569464e-02 3.801999613643e-02 5.499365180731e-02 7.244563847780e-02 7.038462907076e-02 5.616381391883e-02 4.858530312777e-02 5.851159244776e-02 6.734606623650e-02 6.573417782784e-02 6.387197971344e-02 6.439509242773e-02 5.917709693313e-02
5.897164810449e-03 9.361823089421e-03 1.174902822822e-02 1.280921604484e-02 1.326225511730e-02 1.359509676695e-02 1.363032311201e-02 1.333260536194e-02 1.331142336130e-02 1.431523822248e-02 1.517935283482e-02 1.595783606172e-02 1.664600335062e-02 1.722378842533e-02 1.774741709232e-02 1.825442723930e-02 1.862893067300e-02 1.868690550327e-02 1.831500232220e-02 1.783192157745e-02 1.787383668125e-02 1.953739300370e-02 1.846972666681e-02 2.034328877926e-02 2.534723281860e-02 2.882704138756e-02 3.334802016616e-02 3.639897704124e-02 3.653134778142e-02 3.534715622663e-02 3.456081077456e-02 3.542748838663e-02 4.835791140795e-02 6.038035824895e-02 5.783478170633e-02 5.009643733501e-02 5.249514058232e-02 5.956317111850e-02 6.370993703604e-02 5.779267475009e-02 5.353770405054e-02 5.087478086352e-02 5.063764378428e-02
5.439740605652e-03 8.621077984571e-03 1.080157421529e-02 1.181248389184e-02 1.223857235163e-02 1.242062356323e-02 1.232762448490e-02 1.225587353110e-02 1.247949711978e-02 1.354982797056e-02 1.451364066452e-02 1.541654113680e-02 1.624553278089e-02 1.693973504007e-02 1.747738756239e-02 1.782623119652e-02 1.786995865405e-02 1.934288442135e-02 1.975200884044e-02 1.833205297589e-02 1.671833172441e-02 1.793066598475e-02 1.829930394888e-02 1.829100400209e-02 2.231072634459e-02 2.519595436752e-02 3.042366728187e-02 3.535083308816e-02 3.651259839535e-02 3.531234338880e-02 3.387777879834e-02 3.348524495959e-02 3.862030804157e-02 4.686520248652e-02 4.600468650460e-02 4.251255840063e-02 4.541264474392e-02 5.048774555326e-02 5.222769454122e-02 4.544720053673e-02 4.198846220970e-02 3.891326487064e-02 3.818279504776e-02
5.054154898971e-03 8.023209869862e-03 1.009293273091e-02 1.109875738621e-02 1.146618835628e-02 1.148766931146e-02 1.130315940827e-02 1.133062969893e-02 1.178578566760e-02 1.224286668003e-02 1.319615542889e-02 1.413272507489e-02 1.499949302524e-02 1.572925224900e-02 1.625698804855e-02 1.694768667221e-02 1.860808767378e-02 2.094595134258e-02 2.198141440749e-02 2.138820849359e-02 1.957919076085e-02 1.741939224303e-02 1.789843663573e-02 1.812954992056e-02 1.988046243787e-02 2.219711430371e-02 2.287600934505e-02 2.751950733364e-02 3.113954514265e-02 3.224033117294e-02 3.184973821044e-02 3.230779618025e-02 3.330475091934e-02 3.440847247839e-02 3.415200859308e-02 3.302343189716e-02 3.489415720105e-02 4.061393812299e-02 4.321315884590e-02 3.551467135549e-02 3.170238062739e-02 2.830790169537e-02 3.120149113238e-02
4.775125067681e-03 7.602396421134e-03 9.600440971553e-03 1.055342145264e-02 1.080669369549e-02 1.071889884770e-02 1.053295098245e-02 1.047181244940e-02 1.083509158343e-02 1.130050700158e-02 1.147046685219e-02 1.237952895463e-02 1.321520656347e-02 1.393151748925e-02 1.456565968692e-02 1.619258709252e-02 1.892800815403e-02 2.159685641527e-02 2.340822666883e-02 2.395636960864e-02 2.330373227596e-02 2.191805467010e-02 2.024707384408e-02 1.870855130255e-02 1.800503768027e-02 1.987100951374e-02 2.028071694076e-02 1.942991465330e-02 2.372337132692e-02 2.721790783107e-02 2.952710725367e-02 3.123374097049e-02 3.227513656020e-02 3.123504482210e-02 2.804111130536e-02 2.745347842574e-02 3.085077740252e-02 3.852816671133e-02 4.464151337743e-02 4.008796066046e-02 2.950688451529e-02 2.638422511518e-02 2.998565882444e-02
4.673760849983e-03 7.429085206240e-03 9.346342645586e-03 1.018748246133e-02 1.031946390867e-02 1.017241831869e-02 1.008187606931e-02 1.021904125810e-02 1.017830893397e-02 1.027917582542e-02 1.050966139883e-02 1.161593571305e-02 1.277798321098e-02 1.398375630379e-02 1.505096256733e-02 1.655761525035e-02 1.924985460937e-02 2.197839505970e-02 2.443542145193e-02 2.595969103277e-02 2.622427046299e-02 2.557874470949e-02 2.447663992643e-02 2.335179783404e-02 2.269252575934e-02 2.226851321757e-02 2.145451866090e-02 2.023475989699e-02 2.348745986819e-02 2.634425647557e-02 2.847968041897e-02 3.042811527848e-02 3.145964816213e-02 2.938891947269e-02 2.797714434564e-02 2.864957600832e-02 3.108172304928e-02 3.722826763988e-02 4.299628734589e-02 3.898636251688e-02 3.011554107070e-02 2.627745084465e-02 2.989349141717e-02
4.751938395202e-03 7.514208555222e-03 9.368995204568e-03 1.010533981025e-02 1.014775782824e-02 9.941312484443e-03 9.925663471222e-03 9.971959516406e-03 1.019215770066e-02 1.024826429784e-02 1.088245678693e-02 1.197741553187e-02 1.304831542075e-02 1.406845822930e-02 1.489391829818e-02 1.704746484756e-02 2.009746991098e-02 2.298290468752e-02 2.577306330204e-02 2.779838629067e-02 2.846174500883e-02 2.804195322096e-02 2.700555324554e-02 2.571525610983e-02 2.465355582535e-02 2.360097318888e-02 2.183736115694e-02 2.005333639681e-02 2.301068231463e-02 2.549989707768e-02 2.763797715306e-02 2.969861589372e-02 3.038272075355e-02 2.792494185269e-02 2.836879715323e-02 2.918971143663e-02 3.177723661065e-02 3.609121218324e-02 3.885081410408e-02 3.415244817734e-02 2.796157822013e-02 2.439800836146e-02 2.774452790618e-02
4.874673206359e-03 7.684653159231e-03 9.510680101812e-03 1.018502283841e-02 1.017469726503e-02 1.009167358279e-02 1.052078697830e-02 1.082059927285e-02 1.099177915603e-02 1.101981941611e-02 1.092447526753e-02 1.151144970208e-02 1.271399669349e-02 1.422611065209e-02 1.471561845392e-02 1.670435257256e-02 2.056675963104e-02 2.389967627823e-02 2.654200978577e-02 2.820626273751e-02 2.857770211995e-02 2.781158871949e-02 2.637530118227e-02 2.469000779092e-02 2.310876175761e-02 2.151618152857e-02 1.926585286856e-02 2.003326639533e-02 2.257481776178e-02 2.481865137815e-02 2.686163038015e-02 2.856483124197e-02 2.857462130487e-02 2.636072598398e-02 2.879851870239e-02 3.596007823944e-02 3.402478620410e-02 3.585701435804e-02 3.452920168638e-02 2.916615083814e-02 2.530691958964e-02 2.219274267554e-02 2.517629042268e-02
4.807015415281e-03 7.553297560662e-03 9.293084964156e-03 9.915511123836e-03 9.900741279125e-03 1.013115327805e-02 1.040853559971e-02 1.054475363344e-02 1.058130059391e-02 1.051992364228e-02 1.052613556385e-02 1.181570999324e-02 1.375182997435e-02 1.540256477892e-02 1.589666865766e-02 1.555264741182e-02 1.966419257224e-02 2.307184785604e-02 2.499272860587e-02 2.566886320710e-02 2.531100250781e-02 2.393963374197e-02 2.211363054812e-02 2.052979357541e-02 1.924555934966e-02 1.786402612925e-02 1.792075112462e-02 1.987142674625e-02 2.211868762970e-02 2.413612231612e-02 2.589519508183e-02 2.686954103410e-02 2.612087875605e-02 2.528062462807e-02 3.003926575184e-02 3.212686255574e-02 3.281970694661e-02 3.601485490799e-02 3.491477295756e-02 2.862686663866e-02 2.460200898349e-02 2.261244133115e-02 2.444340474904e-02
4.403204657137e-03 6.874488666654e-03 8.407606743276e-03 8.948297239840e-03 9.456199593842e-03 9.868198074400e-03 9.691247716546e-03 9.287767112255e-03 9.180704131722e-03 9.818304330111e-03 1.072310097516e-02 1.239954493940e-02 1.465966273099e-02 1.636997051537e-02 1.684850081801e-02 1.656838320196e-02 1.800207793713e-02 2.089952304959e-02 2.198224887252e-02 2.174036763608e-02 2.065874822438e-02 1.874634623528e-02 1.799801737070e-02 2.131111733615e-02 2.161184512079e-02 2.071776054800e-02 2.029512263834e-02 2.037062682211e-02 2.150795049965e-02 2.326325885952e-02 2.448828704655e-02 2.452630549669e-02 2.303309179842e-02 2.335066348314e-02 2.737678028643e-02 3.899926319718e-02 3.345071151853e-02 4.689106717706e-02 4.161136597395e-02 3.495330363512e-02 2.962864004076e-02 2.439085952938e-02 2.752906456590e-02
4.538097418845e-03 6.689713336527e-03 8.210080675781e-03 9.488549083471e-03 1.045534014702e-02 1.068425830454e-02 1.037434954196e-02 9.789760224521e-03 9.108372963965e-03 9.911579079926e-03 1.098737027496e-02 1.302012987435e-02 1.552086044103e-02 1.726279407740e-02 1.773387752473e-02 1.745731756091e-02 1.652657426894e-02 1.903306320310e-02 1.976326107979e-02 2.086139284074e-02 2.833267301321e-02 2.597217634320e-02 1.954386755824e-02 2.223169803619e-02 2.158327400684e-02 1.988244242966e-02 1.888082362711e-02 1.897079311311e-02 2.077294327319e-02 2.212651260197e-02 2.259668335319e-02 2.171255275607e-02 1.974037848413e-02 2.098016068339e-02 2.325223013759e-02 3.467482328415e-02 4.345955699682e-02 6.810210645199e-02 6.298914551735e-02 4.141352698207e-02 3.153482452035e-02 2.905525825918e-02 3.581886738539e-02
