100/SI/f57.grd
DSAA
101	101
32.816463539100	34.260883539100
35.556306596100	36.727886596100
4.512252635323e-04	7.403141021729e+01
[rows 19 to 37 of 101, columns 0 to 42 of 101]
1.418738216162e-01 2.892406880856e-01 3.698739409447e-01 3.768462836742e-01 3.108087480068e-01 2.466042488813e-01 1.684275120497e-01 1.911864578724e-01 2.315738052130e-01 2.782540321350e-01 3.647970855236e-01 4.357624650002e-01 4.248856306076e-01 4.606682062149e-01 4.641149342060e-01 4.500731527805e-01 4.280424714088e-01 4.099734425545e-01 4.749309122562e-01 4.276385605335e-01 4.426650404930e-01 4.775708019733e-01 5.079660415649e-01 4.871269464493e-01 4.344731271267e-01 3.674921393394e-01 3.803541660309e-01 6.080049872398e-01 7.253044843674e-01 5.460127592087e-01 5.022702813148e-01 4.612139165401e-01 4.884107112885e-01 4.883095324039e-01 4.886811673641e-01 4.726016223431e-01 3.776350617409e-01 3.299630880356e-01 3.539308011532e-01 3.396103978157e-01 4.916104078293e-01 1.215712308884e+00 5.653491616249e-01
1.109521538019e-01 2.331403791904e-01 3.143798708916e-01 3.439001739025e-01 3.057648241520e-01 2.944103181362e-01 2.697921395302e-01 1.917193382978e-01 2.557305395603e-01 2.987288832664e-01 3.178889453411e-01 3.986879587173e-01 3.539862930775e-01 4.127352237701e-01 4.460736513138e-01 4.602510929108e-01 4.593092501163e-01 4.384669065475e-01 5.529302358627e-01 4.430132806301e-01 5.206394195557e-01 6.209381818771e-01 6.689141988754e-01 6.510446667671e-01 6.111140847206e-01 4.726956784725e-01 5.039435029030e-01 4.920325577259e-01 7.620718479156e-01 5.546882152557e-01 4.742604494095e-01 4.466957747936e-01 4.350832998753e-01 4.381755292416e-01 4.150884449482e-01 5.373942255974e-01 3.589838445187e-01 3.776038587093e-01 3.871926665306e-01 3.961104750633e-01 6.090468764305e-01 1.029099583626e+00 8.423386812210e-01
8.572379499674e-02 1.727533191442e-01 2.376016676426e-01 2.734689712524e-01 2.580802440643e-01 2.250214815140e-01 2.778799533844e-01 2.745340168476e-01 3.146275579929e-01 3.753478527069e-01 4.329879283905e-01 5.706936717033e-01 6.846800446510e-01 6.265488266945e-01 4.261586070061e-01 4.119817316532e-01 4.352726638317e-01 4.541909694672e-01 8.055785894394e-01 6.472620368004e-01 4.867906868458e-01 7.553274631500e-01 8.003637790680e-01 8.759402036667e-01 7.216516137123e-01 6.390169262886e-01 6.297376155853e-01 3.896162807941e-01 7.169356346130e-01 5.116177797318e-01 3.931706249714e-01 4.086370766163e-01 4.826318025589e-01 3.984028995037e-01 4.362490177155e-01 5.686433911324e-01 4.527354836464e-01 4.005923569202e-01 4.182351827621e-01 4.488960802555e-01 7.102625966072e-01 7.370582222939e-01 1.118021607399e+00
1.154306754470e-01 2.073792815208e-01 2.007950395346e-01 2.103053629398e-01 2.451708912849e-01 3.102626800537e-01 3.623370826244e-01 4.337693452835e-01 5.269302725792e-01 6.624021530151e-01 8.436932563782e-01 1.058567047119e+00 1.189781665802e+00 1.033842444420e+00 6.493176221848e-01 3.976907432079e-01 5.488976240158e-01 7.710390090942e-01 9.752234816551e-01 7.927169799805e-01 6.251591444016e-01 8.201956748962e-01 8.726624846458e-01 9.837986230850e-01 7.177239060402e-01 7.277232408524e-01 7.479211688042e-01 4.692740738392e-01 5.853671431541e-01 4.238459765911e-01 4.020866751671e-01 3.982262909412e-01 5.005016326904e-01 5.104439854622e-01 5.076219439507e-01 4.826182425022e-01 6.369351744652e-01 4.448428750038e-01 4.490908384323e-01 4.930573701859e-01 7.918075323105e-01 6.864661574364e-01 1.298286795616e+00
1.120481267571e-01 2.310640066862e-01 2.508111596107e-01 2.403424233198e-01 3.073430955410e-01 4.174277484417e-01 4.575173556805e-01 4.838789999485e-01 5.362259745598e-01 6.207566261292e-01 7.497734427452e-01 8.554700613022e-01 8.764056563377e-01 7.498912811279e-01 5.494005084038e-01 4.892587065697e-01 5.338497757912e-01 7.197865247726e-01 9.589882493019e-01 6.083317995071e-01 5.857008099556e-01 8.271097540855e-01 8.715033531189e-01 9.433799386024e-01 7.524456381798e-01 7.253399491310e-01 8.430663943291e-01 7.190563678741e-01 7.260546684265e-01 6.187058687210e-01 5.347570180893e-01 7.879768610001e-01 7.363394498825e-01 5.509840250015e-01 5.365242958069e-01 5.351579189301e-01 7.062513828278e-01 5.180289149284e-01 4.908307492733e-01 5.207020640373e-01 8.375599384308e-01 6.959895491600e-01 1.326134085655e+00
2.226623892784e-01 3.845740258694e-01 2.504498958588e-01 2.505977451801e-01 2.826532125473e-01 3.632718920708e-01 4.112441241741e-01 4.070062935352e-01 4.047278761864e-01 4.212836623192e-01 4.454560279846e-01 4.719383418560e-01 4.498016536236e-01 4.954814910889e-01 5.015535354614e-01 4.491786360741e-01 4.481370151043e-01 8.253725171089e-01 9.441743493080e-01 5.012852549553e-01 5.064809322357e-01 7.658037543297e-01 8.269967436790e-01 8.038271665573e-01 7.352055311203e-01 6.636124849319e-01 9.075769782066e-01 7.952256202698e-01 6.634770631790e-01 6.421766877174e-01 6.299573779106e-01 1.014514327049e+00 1.510543346405e+00 1.438045263290e+00 1.301443934441e+00 1.241729259491e+00 1.290188074112e+00 7.963455319405e-01 6.752930879593e-01 5.578593611717e-01 8.570386171341e-01 6.722589135170e-01 1.173892140388e+00
4.128349125385e-01 8.748334646225e-01 9.013140201569e-01 7.907432317734e-01 4.941558837891e-01 2.846197187901e-01 2.757208645344e-01 2.891514003277e-01 3.137232065201e-01 4.055678844452e-01 4.862473011017e-01 5.435109138489e-01 5.610998868942e-01 5.379062891006e-01 4.913727343082e-01 5.092374086380e-01 5.356317162514e-01 8.041350245476e-01 7.926015853882e-01 4.666691720486e-01 5.052875876427e-01 6.247116327286e-01 7.150103449821e-01 6.668634414673e-01 7.553554177284e-01 7.284521460533e-01 9.416584968567e-01 1.001316070557e+00 1.064946889877e+00 9.534021019936e-01 7.190577983856e-01 6.030685901642e-01 1.223155498505e+00 1.336080789566e+00 1.472800731659e+00 1.781502604485e+00 2.226812601089e+00 1.358120799065e+00 9.970350265503e-01 8.466401696205e-01 8.418269753456e-01 6.271922588348e-01 8.787726163864e-01
4.411043822765e-01 9.509961605072e-01 1.097645163536e+00 1.295995473862e+00 1.419561028481e+00 1.232148408890e+00 6.909063458443e-01 3.774896860123e-01 5.148994922638e-01 6.012871861458e-01 6.176140904427e-01 5.841627120972e-01 5.470325946808e-01 7.370048761368e-01 8.123190999031e-01 8.067809939384e-01 7.944660782814e-01 7.730082273483e-01 7.636201381683e-01 7.375806570053e-01 7.209619879723e-01 7.209564447403e-01 6.993879675865e-01 8.748757243156e-01 1.053591012955e+00 9.114187359810e-01 1.030367255211e+00 1.323230624199e+00 1.337944984436e+00 1.188543677330e+00 8.874194025993e-01 6.501045823097e-01 7.159492969513e-01 1.127189159393e+00 1.680402040482e+00 1.479619503021e+00 1.505921244621e+00 1.139901757240e+00 1.215472579002e+00 1.237977743149e+00 1.007245421410e+00 6.479129195213e-01 7.813014388084e-01
2.832501828671e-01 6.250267028809e-01 7.268890738487e-01 8.923492431641e-01 1.161475539207e+00 1.527920722961e+00 1.727412223816e+00 1.343958735466e+00 7.021085619926e-01 6.501250863075e-01 5.787677168846e-01 7.467891573906e-01 8.809367418289e-01 9.177836775780e-01 8.724535107613e-01 8.720520138741e-01 8.633171319962e-01 8.375037908554e-01 8.773460388184e-01 8.853916525841e-01 9.100171327591e-01 9.888224601746e-01 9.349061846733e-01 8.608651757240e-01 8.306132555008e-01 1.072033286095e+00 1.027385950089e+00 1.269573211670e+00 1.396324992180e+00 1.253329277039e+00 9.365804195404e-01 1.014832735062e+00 1.309359908104e+00 1.752456068993e+00 2.090452432632e+00 1.513728141785e+00 1.054444074631e+00 8.803884387016e-01 1.090290307999e+00 1.397898793221e+00 1.526761651039e+00 1.037325263023e+00 7.800673246384e-01
1.946722716093e-01 3.822194039822e-01 4.771089851856e-01 4.394414722919e-01 5.051301121712e-01 7.564243674278e-01 1.183540463448e+00 1.606326103210e+00 1.602572917938e+00 1.102939128876e+00 8.350622653961e-01 8.817570209503e-01 8.939708471298e-01 8.540111184120e-01 8.395993113518e-01 8.256983160973e-01 7.828193306923e-01 8.398723006248e-01 8.616985678673e-01 8.936814665794e-01 9.471835494041e-01 9.140725731850e-01 8.783644437790e-01 8.671029210091e-01 8.528552055359e-01 8.388559222221e-01 8.821959495544e-01 9.850239157677e-01 1.184464693069e+00 1.232025980949e+00 9.653491377831e-01 1.176549792290e+00 1.417624473572e+00 1.610511779785e+00 1.559872269630e+00 9.770956039429e-01 1.031132578850e+00 1.185674667358e+00 1.280332088470e+00 1.151609778404e+00 1.709307789803e+00 1.738804340363e+00 9.740094542503e-01
2.259366065264e-01 4.446960389614e-01 4.414677917957e-01 5.423471927643e-01 4.452478289604e-01 3.848431110382e-01 4.527271687984e-01 8.335543870926e-01 1.339005351067e+00 1.556528449059e+00 1.268353223801e+00 8.435985445976e-01 8.017210960388e-01 7.840446829796e-01 7.334761023521e-01 7.124392986298e-01 7.352010011673e-01 7.994321584702e-01 7.775086760521e-01 7.761420011520e-01 7.004691958427e-01 5.758317708969e-01 7.275979518890e-01 6.455429196358e-01 9.773237109184e-01 8.732987642288e-01 1.000171542168e+00 1.099498152733e+00 9.197910428047e-01 9.918655157089e-01 1.099384665489e+00 1.183293938637e+00 1.022660732269e+00 1.261861443520e+00 9.347743391991e-01 8.016629219055e-01 1.040830016136e+00 1.433631300926e+00 1.717799663544e+00 1.626878142357e+00 1.383209586143e+00 2.149278163910e+00 1.618685007095e+00
2.918575108051e-01 5.610571503639e-01 5.217522382736e-01 5.359511375427e-01 5.977551937103e-01 4.480681419373e-01 6.231089234352e-01 7.573495507240e-01 8.376238346100e-01 1.171359419823e+00 1.509114146233e+00 1.368420720100e+00 8.377012014389e-01 6.730179786682e-01 6.621857285500e-01 6.776708960533e-01 7.015518546104e-01 6.930777430534e-01 7.323665618896e-01 7.196902036667e-01 6.276327967644e-01 5.231812000275e-01 5.575245618820e-01 8.892952203751e-01 1.328195810318e+00 1.789518356323e+00 2.150873184204e+00 1.750807166100e+00 1.182875990868e+00 1.105610609055e+00 1.355574846268e+00 9.574156999588e-01 7.147290110588e-01 1.571537256241e+00 6.562982797623e-01 9.299146533012e-01 8.619818091393e-01 1.205291032791e+00 1.754476189613e+00 1.888052940369e+00 1.625320553780e+00 1.809994697571e+00 2.455705404282e+00
2.652081251144e-01 5.796734690666e-01 6.127757430077e-01 5.987201333046e-01 6.319995522499e-01 6.401153802872e-01 7.677778601646e-01 8.073347210884e-01 8.019676804543e-01 7.579731941223e-01 1.048367857933e+00 1.495084047318e+00 1.459381461143e+00 1.006910324097e+00 6.354262232780e-01 6.341745257378e-01 6.114827990532e-01 5.594537854195e-01 7.492350339890e-01 7.799698114395e-01 7.887306213379e-01 6.578530073166e-01 6.031387448311e-01 1.102185487747e+00 1.872553586960e+00 2.761788845062e+00 3.241618394852e+00 3.098696708679e+00 2.017701625824e+00 1.275930881500e+00 1.460790991783e+00 1.232328653336e+00 1.145242810249e+00 1.919594287872e+00 9.923499822617e-01 1.914371967316e+00 1.385347843170e+00 1.001986622810e+00 1.340340256691e+00 1.928098320961e+00 1.977524042130e+00 1.671300292015e+00 2.634106159210e+00
3.260728418827e-01 6.638378500938e-01 6.714520454407e-01 6.520066857338e-01 6.763199567795e-01 7.668318152428e-01 7.726850509644e-01 7.813814282417e-01 7.183653712273e-01 6.622072458267e-01 6.401263475418e-01 9.018502831459e-01 1.449900031090e+00 1.528478860855e+00 1.158319592476e+00 5.484589934349e-01 5.104147791862e-01 5.719980001450e-01 6.656086444855e-01 1.061236619949e+00 9.592235088348e-01 8.797316551208e-01 8.069243431091e-01 1.100419878960e+00 1.915035486221e+00 2.732951641083e+00 3.720862865448e+00 4.359848976135e+00 3.635831356049e+00 1.756003022194e+00 1.587800264359e+00 1.722788810730e+00 1.642887115479e+00 2.270228624344e+00 1.264338254929e+00 2.561684846878e+00 2.122115612030e+00 1.395966529846e+00 1.279514074326e+00 1.852092623711e+00 3.973255157471e+00 2.017609834671e+00 2.147585868835e+00
4.282762110233e-01 8.059246540070e-01 7.487621903419e-01 7.992156147957e-01 8.481156826019e-01 8.959695100784e-01 9.511942863464e-01 9.891823530197e-01 1.010779142380e+00 1.014284253120e+00 9.840131402016e-01 9.486817717552e-01 9.085032343864e-01 1.339406132698e+00 1.555105209351e+00 1.295574903488e+00 6.487657427788e-01 5.844609141350e-01 6.439533829689e-01 1.014080882072e+00 1.074629902840e+00 9.681901335716e-01 8.925215601921e-01 9.446918964386e-01 1.585677742958e+00 2.359901189804e+00 3.654338121414e+00 5.104713439941e+00 4.821232318878e+00 2.933432102203e+00 2.280757188797e+00 2.875288963318e+00 3.086371183395e+00 2.847385168076e+00 2.357501029968e+00 2.761587381363e+00 2.629522085190e+00 2.029747724533e+00 2.305686473846e+00 2.066939592361e+00 5.675848484039e+00 4.642104625702e+00 1.254520058632e+00
4.386757314205e-01 9.115406870842e-01 9.099367260933e-01 8.823107481003e-01 7.777618765831e-01 7.026795744896e-01 6.668596863747e-01 7.372457385063e-01 8.164094686508e-01 9.097524881363e-01 1.013716936111e+00 1.135077953339e+00 1.250299453735e+00 1.977587461472e+00 2.025401115417e+00 1.539045214653e+00 1.450843095779e+00 1.381553649902e+00 1.287681937218e+00 1.181194424629e+00 1.065925240517e+00 9.236125349998e-01 1.005583405495e+00 9.829502701759e-01 1.084255814552e+00 1.786754727364e+00 2.633013486862e+00 4.164221763611e+00 5.289630413055e+00 3.660778522491e+00 1.732060313225e+00 1.800674200058e+00 2.645754575729e+00 3.512347698212e+00 3.900296926498e+00 3.615509271622e+00 2.607673645020e+00 2.197735548019e+00 1.657880187035e+00 2.372384548187e+00 5.921217441559e+00 7.115063667297e+00 1.909182786942e+00
3.726611435413e-01 7.515492439270e-01 7.831727266312e-01 8.535355925560e-01 8.961036801338e-01 8.660328984261e-01 7.270921468735e-01 6.332861781120e-01 6.367802023888e-01 6.365300416946e-01 6.328878998756e-01 6.191685199738e-01 5.995184779167e-01 7.600703239441e-01 1.140463948250e+00 1.249347209930e+00 1.498670458794e+00 1.447947263718e+00 1.181578397751e+00 1.307228922844e+00 1.382827639580e+00 1.427467942238e+00 1.480888962746e+00 1.546931147575e+00 1.487797379494e+00 1.188241362572e+00 1.776545643806e+00 3.156841039658e+00 4.456911563873e+00 3.269244909286e+00 1.635435104370e+00 1.150816202164e+00 1.024485707283e+00 1.706689715385e+00 2.063006639481e+00 3.354051351547e+00 4.258063316345e+00 3.935392379761e+00 2.448604583740e+00 2.674065589905e+00 3.800613880157e+00 8.438136100769e+00 3.068583965302e+00
3.016143143177e-01 5.832535028458e-01 5.811871886253e-01 5.567526817322e-01 5.675946474075e-01 6.350576877594e-01 6.634140014648e-01 6.530331373215e-01 5.553433895111e-01 6.021426320076e-01 6.542472839355e-01 7.070339322090e-01 7.556923627853e-01 8.043220043182e-01 8.538482189178e-01 8.967093825340e-01 9.339966177940e-01 1.406323432922e+00 1.498930931091e+00 1.939843058586e+00 1.519879102707e+00 1.250211119652e+00 1.193701386452e+00 1.161626338959e+00 1.166864752769e+00 1.324900150299e+00 1.767075181007e+00 2.024219274521e+00 2.851730823517e+00 2.323833227158e+00 1.176504731178e+00 1.387667179108e+00 1.034594893456e+00 1.370251536369e+00 1.609348058701e+00 1.952611804008e+00 1.970631241798e+00 3.304749965668e+00 4.669841289520e+00 3.784595489502e+00 3.376998424530e+00 6.906151294708e+00 6.231737136841e+00
1.902537792921e-01 3.835209906101e-01 3.776278793812e-01 3.688610494137e-01 4.163868427277e-01 4.901228845119e-01 5.370514988899e-01 5.632900595665e-01 5.723157525063e-01 5.274540185928e-01 4.903472363949e-01 5.150689482689e-01 5.446844100952e-01 5.497645139694e-01 5.573446750641e-01 7.438930273056e-01 8.280372619629e-01 1.109195590019e+00 2.098400592804e+00 2.197486877441e+00 1.946268796921e+00 1.660822629929e+00 1.945902466774e+00 2.329596996307e+00 1.640317201614e+00 1.877022147179e+00 1.828301310539e+00 1.699590802193e+00 1.774397492409e+00 2.341722011566e+00 2.199603080750e+00 1.371408343315e+00 1.428071498871e+00 1.501419425011e+00 1.626536965370e+00 1.693163514137e+00 1.755443811417e+00 2.260714769363e+00 3.303682565689e+00 3.853322982788e+00 4.603019714355e+00 6.177829265594e+00 5.106903076172e+00
