100/SI/f57.grd
DSAA
101	101
32.816463539100	34.260883539100
35.556306596100	36.727886596100
4.512252635323e-04	7.403141021729e+01
[rows 38 to 56 of 101, columns 0 to 42 of 101]
1.766697019339e-01 3.727927803993e-01 4.031980037689e-01 4.200278222561e-01 4.980939626694e-01 6.106359958649e-01 7.052592039108e-01 8.034924268723e-01 8.831750154495e-01 8.066817522049e-01 6.620751619339e-01 5.403582453728e-01 5.336116552353e-01 5.257088541985e-01 5.600476264954e-01 6.353527903557e-01 7.191125154495e-01 1.318031072617e+00 2.136137485504e+00 2.292433261871e+00 1.847038030624e+00 1.558283448219e+00 1.040778875351e+00 1.219813585281e+00 2.424570798874e+00 3.152139186859e+00 3.036437988281e+00 2.171976089478e+00 1.559209465981e+00 1.726426005363e+00 1.823196172714e+00 2.241313934326e+00 3.072405338287e+00 3.015182256699e+00 2.829004049301e+00 1.692920088768e+00 2.314341306686e+00 2.602636337280e+00 2.574657201767e+00 3.954122066498e+00 4.343152523041e+00 6.404940128326e+00 5.168485641479e+00
2.603364586830e-01 4.635391235352e-01 3.887800276279e-01 3.805054426193e-01 5.406786799431e-01 6.578664779663e-01 8.649575710297e-01 1.088677406311e+00 1.214362502098e+00 1.137157797813e+00 8.262314796448e-01 6.467025876045e-01 5.569951534271e-01 5.689300298691e-01 6.104385852814e-01 6.597149372101e-01 7.029553055763e-01 7.408146262169e-01 1.161949634552e+00 1.626906394958e+00 1.662044525146e+00 1.623211979866e+00 1.676496505737e+00 1.397657275200e+00 1.294552803040e+00 1.438232541084e+00 1.943907737732e+00 3.659713268280e+00 4.903704643250e+00 4.974844932556e+00 3.901418209076e+00 1.923310399055e+00 2.167923450470e+00 1.846411585808e+00 3.684243202209e+00 3.302745819092e+00 2.149091959000e+00 2.591568946838e+00 3.182153701782e+00 3.617218017578e+00 4.842626571655e+00 5.845742225647e+00 6.853232860565e+00
3.002561926842e-01 5.980609059334e-01 5.666314363480e-01 4.912995696068e-01 6.491287946701e-01 7.989464998245e-01 9.700190424919e-01 1.276962995529e+00 1.384416460991e+00 1.380017638206e+00 9.438236951828e-01 6.339222788811e-01 6.383751630783e-01 5.524106621742e-01 4.602632820606e-01 5.177307128906e-01 6.040853261948e-01 6.567417979240e-01 6.907649636269e-01 9.175593852997e-01 1.354277968407e+00 1.904363512993e+00 2.286959171295e+00 2.305113792419e+00 2.256798267365e+00 1.501476168633e+00 1.189077019691e+00 1.255655050278e+00 1.219145059586e+00 1.544413208961e+00 3.253851890564e+00 5.179040908813e+00 6.136195182800e+00 5.122981071472e+00 2.592895746231e+00 2.576346635818e+00 4.519215106964e+00 3.759183883667e+00 3.892643928528e+00 3.881367683411e+00 3.612192630768e+00 4.840344429016e+00 7.339395046234e+00
4.296918213367e-01 7.289783358574e-01 8.471961617470e-01 8.703929781914e-01 7.843418717384e-01 9.379412531853e-01 9.361406564713e-01 8.989292383194e-01 8.987738490105e-01 1.103298187256e+00 1.191126227379e+00 1.033506512642e+00 7.662799358368e-01 6.812468767166e-01 6.930039525032e-01 8.577679991722e-01 9.954084753990e-01 1.113533854485e+00 1.088469743729e+00 7.914642691612e-01 8.831381201744e-01 1.164672136307e+00 1.321609020233e+00 1.773568391800e+00 2.202956199646e+00 2.617963790894e+00 2.921138763428e+00 2.835191488266e+00 2.911221981049e+00 3.176247596741e+00 3.512062311172e+00 3.433233022690e+00 5.311874866486e+00 6.002771854401e+00 4.287436485291e+00 5.429010391235e+00 6.022682189941e+00 5.115388870239e+00 5.774727821350e+00 4.665733814240e+00 3.273872613907e+00 5.723037719727e+00 4.785159587860e+00
4.409466683865e-01 7.750439643860e-01 8.592932820320e-01 7.968853712082e-01 8.669203519821e-01 1.093514323235e+00 1.086191534996e+00 9.412487149239e-01 1.133924007416e+00 9.438629150391e-01 8.970404267311e-01 1.252238988876e+00 1.300261497498e+00 9.800025224686e-01 9.071850776672e-01 8.359693288803e-01 8.553098440170e-01 1.145917415619e+00 1.545396804810e+00 1.571017026901e+00 1.006573557854e+00 1.144239902496e+00 1.458884596825e+00 1.213775396347e+00 1.402377367020e+00 1.692771077156e+00 2.237485408783e+00 3.381771326065e+00 4.554531097412e+00 4.169719696045e+00 3.948979616165e+00 2.933501720428e+00 2.922253608704e+00 5.488690853119e+00 5.276996135712e+00 6.655333042145e+00 4.400901794434e+00 6.235820770264e+00 5.468974113464e+00 7.895590305328e+00 8.159066200256e+00 6.406701087952e+00 7.223102092743e+00
8.549011349678e-01 1.657612204552e+00 1.238405466080e+00 1.037786126137e+00 1.015470266342e+00 9.138095974922e-01 9.349538683891e-01 1.137514591217e+00 1.126535058022e+00 9.145707488060e-01 1.143572449684e+00 7.794531583786e-01 9.988300204277e-01 1.400513052940e+00 1.216420292854e+00 1.052318692207e+00 1.317951679230e+00 2.860261917114e+00 3.370575189590e+00 1.837917327881e+00 1.968617320061e+00 1.158843755722e+00 1.361137866974e+00 1.931173920631e+00 1.289110660553e+00 1.180166721344e+00 1.237204194069e+00 1.357294082642e+00 1.733191370964e+00 1.970577359200e+00 2.105387449265e+00 2.295318365097e+00 3.124799728394e+00 4.921820163727e+00 3.375377893448e+00 3.127106428146e+00 4.593150615692e+00 5.230968952179e+00 3.490166187286e+00 7.206398010254e+00 7.404847621918e+00 8.076225280762e+00 9.915578842163e+00
1.362171769142e+00 2.498249053955e+00 2.025424480438e+00 1.575372576714e+00 1.452582001686e+00 1.182731747627e+00 1.629664182663e+00 1.430119633675e+00 1.435533523560e+00 1.123526334763e+00 8.787453770638e-01 1.079421401024e+00 9.684157371521e-01 6.319772005081e-01 1.185413837433e+00 1.390493988991e+00 1.012656807899e+00 8.689129352570e-01 1.588217616081e+00 1.050821304321e+00 1.828725218773e+00 2.172477960587e+00 2.158523082733e+00 1.884335637093e+00 2.591194391251e+00 1.592920064926e+00 1.480733394623e+00 1.917299628258e+00 2.246200323105e+00 1.715904831886e+00 2.186305761337e+00 2.693967580795e+00 3.193196058273e+00 3.750037193298e+00 4.765994548798e+00 3.615381956100e+00 4.025772094727e+00 4.501375675201e+00 4.265630722046e+00 6.123977184296e+00 5.696062564850e+00 8.230406761169e+00 8.379092216492e+00
5.393555760384e-01 1.123811602592e+00 1.341601610184e+00 1.581652641296e+00 1.617662072182e+00 1.797759413719e+00 1.900260806084e+00 1.639693379402e+00 1.470335125923e+00 1.408049225807e+00 1.311856746674e+00 1.214023947716e+00 1.151437520981e+00 1.079156279564e+00 1.168166995049e+00 9.970691204071e-01 7.088941931725e-01 8.398474454880e-01 8.841501474380e-01 1.207117080688e+00 1.130530238152e+00 1.866265773773e+00 2.015370607376e+00 2.168543815613e+00 2.528341531754e+00 2.856689929962e+00 3.116994619370e+00 3.245749235153e+00 3.316248416901e+00 3.572804689407e+00 3.629012584686e+00 3.817224264145e+00 4.054550647736e+00 3.367714881897e+00 2.890517711639e+00 4.065719604492e+00 4.886586189270e+00 7.514515876770e+00 8.997420310974e+00 8.317755699158e+00 7.909011363983e+00 8.216436386108e+00 6.824608325958e+00
5.225564837456e-01 1.097640752792e+00 1.250687837601e+00 1.390082240105e+00 1.569101572037e+00 1.604969501495e+00 1.475801348686e+00 1.195348143578e+00 1.127297520638e+00 1.344887375832e+00 1.577835083008e+00 1.497230887413e+00 1.133443951607e+00 7.397199273109e-01 7.937418222427e-01 4.585602581501e-01 2.667602300644e-01 2.945489883423e-01 3.929700851440e-01 4.736678898335e-01 1.410261273384e+00 2.479911327362e+00 2.118427753448e+00 2.670972585678e+00 2.570014715195e+00 3.167995691299e+00 3.269487142563e+00 3.094675779343e+00 2.885201454163e+00 3.291033744812e+00 3.504775047302e+00 4.528175830841e+00 5.790174484253e+00 6.308745384216e+00 5.389666080475e+00 4.572886943817e+00 5.067573547363e+00 3.617084026337e+00 5.510374546051e+00 5.615772247314e+00 8.774603843689e+00 8.269564628601e+00 8.901444435120e+00
1.406771093607e-01 2.827417850494e-01 2.984822392464e-01 3.218118846416e-01 4.473074674606e-01 6.251847147942e-01 8.219072818756e-01 8.833777308464e-01 8.548064827919e-01 7.886909246445e-01 8.071251511574e-01 1.025749683380e+00 1.024178385735e+00 8.332672119141e-01 5.383977890015e-01 4.196941852570e-01 2.155645340681e-01 1.833052039146e-01 2.042320966721e-01 4.373819530010e-01 9.749853014946e-01 2.069917678833e+00 5.165479183197e+00 4.858555316925e+00 4.364201068878e+00 4.097786426544e+00 3.948645830154e+00 3.838460206985e+00 4.080308914185e+00 4.713423252106e+00 5.258883953094e+00 5.953517913818e+00 1.026949024200e+01 5.716572284698e+00 1.289445781708e+01 8.790395736694e+00 7.012501716614e+00 7.546506404877e+00 9.344954490662e+00 1.085696601868e+01 1.148592758179e+01 1.078339290619e+01 1.085499954224e+01
1.274858117104e-01 2.462868243456e-01 2.682138383389e-01 2.687188386917e-01 4.515973031521e-01 6.691576242447e-01 6.974018216133e-01 5.688325166702e-01 4.197835326195e-01 3.421900272369e-01 4.345897436142e-01 5.394083261490e-01 5.162301063538e-01 4.146012961864e-01 3.050115108490e-01 2.158966958523e-01 1.559850126505e-01 1.145713850856e-01 1.188453212380e-01 3.880591094494e-01 1.242391705513e+00 2.147125482559e+00 2.114149093628e+00 4.466488838196e+00 1.078442382812e+01 5.463139533997e+00 3.404733896255e+00 3.083252191544e+00 3.208225250244e+00 3.499372005463e+00 6.008639812469e+00 8.666548728943e+00 4.587486743927e+00 6.835855484009e+00 1.235605239868e+01 2.256177711487e+01 9.226490020752e+00 7.297443389893e+00 6.483357429504e+00 7.132045745850e+00 6.105369567871e+00 1.141286849976e+01 1.328134059906e+01
6.613276153803e-02 1.373799294233e-01 1.647147834301e-01 1.828476339579e-01 2.403492331505e-01 3.864682018757e-01 4.428210854530e-01 3.837054669857e-01 2.968784868717e-01 2.223701775074e-01 1.835018098354e-01 1.751925945282e-01 1.397190541029e-01 1.234145835042e-01 1.472115069628e-01 1.121345683932e-01 1.038044467568e-01 8.730666339397e-02 1.018214151263e-01 1.547219604254e-01 2.653386294842e-01 7.165098190308e-01 7.506076693535e-01 1.022798895836e+00 3.923858165741e+00 4.152269363403e+00 1.548112988472e+00 8.501931428909e-01 8.902218341827e-01 2.857646942139e+00 3.785052061081e+00 4.099520206451e+00 4.277362346649e+00 3.512341737747e+00 5.162281990051e+00 1.489721870422e+01 7.982813835144e+00 4.854608535767e+00 3.389276266098e+00 3.062121152878e+00 2.880606174469e+00 7.548114299774e+00 1.047828578949e+01
2.948695234954e-02 5.885335803032e-02 6.121599674225e-02 6.738811731339e-02 8.510823547840e-02 1.077750027180e-01 1.282435357571e-01 1.395638883114e-01 1.350509077311e-01 1.144637018442e-01 9.749445319176e-02 1.120928153396e-01 1.156992688775e-01 1.069382205606e-01 1.090278774500e-01 1.246170178056e-01 9.462692588568e-02 7.551407814026e-02 8.491752296686e-02 1.263007074594e-01 1.442976295948e-01 2.638548910618e-01 4.589597582817e-01 1.001145601273e+00 2.430598974228e+00 1.515860199928e+00 9.388138651848e-01 7.448357939720e-01 7.134984731674e-01 2.304374575615e-01 2.018964737654e-01 2.193009257317e-01 3.424923121929e-01 7.450484037399e-01 1.728568673134e+00 2.935667991638e+01 5.594404983521e+01 7.459805965424e+00 5.083694458008e+00 2.618677616119e+00 1.845694065094e+00 1.996528744698e+00 3.867202281952e+00
2.372082695365e-02 4.312589019537e-02 4.795337840915e-02 4.797231033444e-02 4.818781837821e-02 6.207305938005e-02 8.150815963745e-02 1.003178581595e-01 1.115206778049e-01 1.092390641570e-01 9.179348498583e-02 8.430467545986e-02 9.156392514706e-02 8.853910118341e-02 7.872395217419e-02 9.673567116261e-02 1.123607158661e-01 8.937318623066e-02 6.896514445543e-02 2.001308202744e-01 2.542710602283e-01 1.945912241936e-01 2.583446800709e-01 4.523403048515e-01 8.576668500900e-01 8.513714790344e+00 1.843225121498e+00 1.639745712280e+00 6.930377483368e-01 1.366570889950e-01 1.195762827992e-01 1.252449899912e-01 1.456994861364e-01 1.794707030058e-01 2.419638186693e-01 1.294486165047e+00 9.023868560791e+00 2.317723083496e+01 5.925039768219e+00 3.318531274796e+00 9.556063413620e-01 6.154681444168e-01 6.780184507370e-01
2.208666317165e-02 5.259032920003e-02 7.111267745495e-02 8.207207918167e-02 8.547050505877e-02 7.886017113924e-02 7.010084390640e-02 6.400663405657e-02 7.996899634600e-02 9.171514958143e-02 9.146131575108e-02 7.915985584259e-02 6.836559623480e-02 8.514745533466e-02 8.892312645912e-02 7.946825027466e-02 9.271098673344e-02 1.196895688772e-01 9.448052197695e-02 1.999566853046e-01 2.111108452082e-01 1.806072890759e-01 2.012110501528e-01 2.181541174650e-01 4.977692365646e-01 1.713728785515e+00 1.791679501534e+00 4.592457711697e-01 2.137418389320e-01 1.323568075895e-01 9.920281171799e-02 8.470819890499e-02 8.357027173042e-02 1.047954857349e-01 1.360144168139e-01 4.618686139584e-01 2.364043951035e+00 8.345561981201e+00 1.009942626953e+01 1.561897039413e+00 6.681380867958e-01 4.335246086121e-01 4.100395441055e-01
3.345025330782e-02 7.875022292137e-02 1.006489247084e-01 1.131715029478e-01 1.162616685033e-01 1.110881641507e-01 1.042669340968e-01 9.377773106098e-02 8.089686930180e-02 6.609893590212e-02 7.345174252987e-02 7.718083262444e-02 7.394012808800e-02 8.638613671064e-02 9.910569339991e-02 9.363400191069e-02 7.910548895597e-02 1.256861537695e-01 1.346098780632e-01 3.526428043842e-01 2.260003536940e-01 1.627607196569e-01 1.100627928972e-01 1.139414235950e-01 2.143189311028e-01 1.529237627983e+00 2.186710357666e+00 4.159067571163e-01 2.729443311691e-01 1.385551840067e-01 8.584428578615e-02 5.924413725734e-02 5.268244072795e-02 5.555103346705e-02 8.530849963427e-02 1.415198594332e-01 9.567231535912e-01 2.956784009933e+00 7.846621990204e+00 3.797767877579e+00 1.808693289757e+00 3.623910844326e-01 3.059126138687e-01
2.291627973318e-02 4.988865926862e-02 6.222550198436e-02 6.828530132771e-02 6.621928513050e-02 6.650097668171e-02 7.438084483147e-02 8.314403891563e-02 9.138171374798e-02 9.150463342667e-02 7.879623770714e-02 5.949337780476e-02 7.009195536375e-02 7.681644707918e-02 7.689387351274e-02 7.724042236805e-02 8.085685223341e-02 1.324983537197e-01 1.829596161842e-01 3.049946427345e-01 2.340929955244e-01 1.838907152414e-01 9.041263163090e-02 9.060218185186e-02 1.821794062853e-01 5.546345710754e-01 4.845319986343e-01 3.224835991859e-01 2.555324435234e-01 1.417976319790e-01 7.883969694376e-02 6.469355523586e-02 5.706563964486e-02 5.577230080962e-02 7.135643064976e-02 1.207612454891e-01 2.533173561096e-01 1.272156000137e+00 1.496619701385e+00 9.109637141228e-01 5.464017987251e-01 2.763259112835e-01 2.500728368759e-01
2.153455093503e-02 3.910852596164e-02 5.803609266877e-02 7.408569008112e-02 8.837144076824e-02 1.044149473310e-01 1.220267787576e-01 1.410712599754e-01 1.586754918098e-01 1.637112796307e-01 1.463647633791e-01 1.087475493550e-01 7.002571970224e-02 7.276447117329e-02 8.960683643818e-02 9.734506160021e-02 1.212781146169e-01 1.405088752508e-01 1.650010496378e-01 2.885036766529e-01 2.049214243889e-01 1.364105939865e-01 7.226461917162e-02 7.044893503189e-02 1.318635791540e-01 1.529926061630e-01 1.498647809029e+00 2.208275198936e-01 2.087774872780e-01 1.253528296947e-01 7.295489311218e-02 5.828842148185e-02 5.562588572502e-02 5.875286459923e-02 7.564934343100e-02 1.029048934579e-01 1.713164895773e-01 2.111117392778e-01 4.437877535820e-01 5.895382165909e-01 3.685120344162e-01 2.210456430912e-01 2.841024100780e-01
2.140017412603e-02 3.871510550380e-02 5.324572324753e-02 6.580676883459e-02 7.847926020622e-02 9.395593404770e-02 1.103067249060e-01 1.268065720797e-01 1.422412991524e-01 1.505960524082e-01 1.427488476038e-01 1.545362025499e-01 1.611761152744e-01 1.616933196783e-01 1.542440801859e-01 1.398760974407e-01 1.664887666702e-01 1.211117506027e-01 1.639174818993e-01 5.217924714088e-01 1.915707290173e-01 9.596302360296e-02 6.777383387089e-02 5.676554515958e-02 7.848835736513e-02 1.708846688271e-01 6.184849739075e-01 1.716358363628e-01 2.214614450932e-01 9.358618408442e-02 6.895832717419e-02 5.266206711531e-02 5.333865433931e-02 6.063750386238e-02 8.009439706802e-02 9.523090720177e-02 1.060169860721e-01 1.708025336266e-01 3.744743764400e-01 4.381233155727e-01 2.719741761684e-01 2.018360644579e-01 2.639559805393e-01
