100/SI/f57.grd
DSAA
101	101
32.816463539100	34.260883539100
35.556306596100	36.727886596100
4.512252635323e-04	7.403141021729e+01
[rows 38 to 56 of 101, columns 43 to 85 of 101]
4.529360771179e+00 7.034348487854e+00 7.516686439514e+00 4.457479476929e+00 7.473312854767e+00 3.668147563934e+00 3.767304420471e+00 5.062598228455e+00 4.340297222137e+00 3.482116937637e+00 5.129357337952e+00 2.660269260406e+00 2.922860622406e+00 2.473618030548e+00 3.843173027039e+00 2.796804666519e+00 3.033088684082e+00 1.722359180450e+00 2.346427679062e+00 3.562668323517e+00 3.631585359573e+00 2.783844947815e+00 1.920282602310e+00 1.520641684532e+00 1.308645129204e+00 1.181752800941e+00 1.096636056900e+00 1.122339487076e+00 9.977108240128e-01 7.488843798637e-01 7.440944910049e-01 8.809812068939e-01 1.006945490837e+00 1.035533905029e+00 1.050245165825e+00 1.052516579628e+00 1.036620616913e+00 9.575591087341e-01 8.504942059517e-01 7.582132220268e-01 6.834007501602e-01 6.854940652847e-01 5.802301168442e-01
4.505413532257e+00 9.328601837158e+00 6.018532276154e+00 8.401234626770e+00 6.047245502472e+00 8.547028541565e+00 7.184619426727e+00 4.444832801819e+00 4.514694690704e+00 3.624439239502e+00 5.821370124817e+00 3.760300874710e+00 2.443145513535e+00 2.805075883865e+00 5.102420806885e+00 3.045324563980e+00 3.480945587158e+00 5.440849781036e+00 4.878746032715e+00 3.307214975357e+00 2.234201431274e+00 1.519064784050e+00 1.384596228600e+00 1.251903772354e+00 1.260315299034e+00 1.204242825508e+00 1.055395603180e+00 9.203874468803e-01 8.303443193436e-01 8.299345374107e-01 9.112587571144e-01 8.560049533844e-01 7.025402188301e-01 5.944006443024e-01 5.744407176971e-01 4.955779314041e-01 5.301594138145e-01 5.825595855713e-01 6.410973072052e-01 7.097386121750e-01 7.686774730682e-01 1.010122776031e+00 1.041841268539e+00
6.634152412415e+00 4.640391349792e+00 8.211618423462e+00 6.506577491760e+00 6.916145324707e+00 9.007891654968e+00 5.486011028290e+00 4.987733364105e+00 3.563540220261e+00 3.700173139572e+00 6.227528095245e+00 3.366780042648e+00 3.457474231720e+00 3.392704248428e+00 4.137320041656e+00 6.684240818024e+00 4.561391353607e+00 2.366088151932e+00 2.209530591965e+00 1.465658783913e+00 1.113426566124e+00 1.604996323586e+00 2.107416391373e+00 1.898931026459e+00 1.367425084114e+00 1.192102432251e+00 1.165234327316e+00 1.074190139771e+00 9.277588129044e-01 8.624821901321e-01 8.112845420837e-01 8.219578266144e-01 7.863874435425e-01 7.311590313911e-01 7.131345868111e-01 7.495787143707e-01 7.395498752594e-01 6.714215278625e-01 8.919870257378e-01 1.216003179550e+00 9.991288185120e-01 7.474731206894e-01 6.466892957687e-01
7.363861083984e+00 6.747147560120e+00 1.070311260223e+01 8.943243980408e+00 8.451581954956e+00 9.316376686096e+00 8.773990631104e+00 4.839619636536e+00 5.458416938782e+00 5.182178497314e+00 6.129863739014e+00 4.782763004303e+00 4.453699111938e+00 7.571750164032e+00 4.881766796112e+00 3.620916128159e+00 3.074924230576e+00 2.490228652954e+00 1.833372354507e+00 2.967032194138e+00 3.195136308670e+00 1.678049325943e+00 2.643145084381e+00 2.007432699203e+00 1.806616306305e+00 1.593142986298e+00 1.406968951225e+00 1.258122682571e+00 1.133239269257e+00 1.092075586319e+00 2.043919086456e+00 8.684805631638e-01 8.251735568047e-01 7.811274528503e-01 9.874408245087e-01 1.232884287834e+00 1.129897713661e+00 1.292618393898e+00 1.099503755569e+00 1.205774307251e+00 1.216691851616e+00 1.190074086189e+00 1.092782020569e+00
7.021362304688e+00 9.713112831116e+00 8.384248733521e+00 8.339483261108e+00 7.733431339264e+00 9.772810935974e+00 1.544843101501e+01 6.661828041077e+00 7.782141208649e+00 7.763203144073e+00 7.075994014740e+00 7.097328662872e+00 8.074078559875e+00 4.621162891388e+00 4.999926567078e+00 2.818890333176e+00 3.816707372665e+00 5.102029800415e+00 4.013270854950e+00 3.836048603058e+00 3.989416122437e+00 2.690679550171e+00 1.666566252708e+00 1.617344260216e+00 1.499740839005e+00 1.404861450195e+00 1.714231491089e+00 2.963849544525e+00 3.557370901108e+00 3.155225753784e+00 1.557195305824e+00 1.125710725784e+00 1.068522572517e+00 1.156110286713e+00 1.455265045166e+00 1.492046117783e+00 1.350510597229e+00 1.208527445793e+00 9.002258777618e-01 1.120183944702e+00 1.338525652885e+00 1.336177706718e+00 1.285264015198e+00
8.315916061401e+00 1.208439922333e+01 1.995556259155e+01 1.221653842926e+01 1.969963073730e+01 1.011792659760e+01 2.419303894043e+01 6.946959972382e+00 1.346123123169e+01 9.693075180054e+00 8.483772277832e+00 8.275547981262e+00 4.697587966919e+00 5.732387065887e+00 6.480906963348e+00 6.331192970276e+00 3.918350458145e+00 2.327613115311e+00 4.998035907745e+00 4.321993827820e+00 2.368011474609e+00 2.162321329117e+00 2.047023534775e+00 3.726667404175e+00 4.582329750061e+00 4.049249172211e+00 2.663271665573e+00 1.917071580887e+00 2.083696365356e+00 1.316710472107e+00 1.056016445160e+00 1.584182143211e+00 1.969387650490e+00 1.766947507858e+00 1.558317184448e+00 2.104798793793e+00 2.493090629578e+00 2.229243755341e+00 1.598359346390e+00 1.166700482368e+00 1.458038210869e+00 1.601444602013e+00 1.689236879349e+00
1.026706314087e+01 1.292872905731e+01 1.523703861237e+01 2.023049163818e+01 1.690773010254e+01 1.713672256470e+01 2.836303710938e+01 1.126076316833e+01 1.307982444763e+01 1.029759025574e+01 1.040280628204e+01 6.008360862732e+00 6.497632026672e+00 8.112704277039e+00 6.329996585846e+00 4.527245521545e+00 6.531468391418e+00 6.064252376556e+00 4.803346633911e+00 6.077768325806e+00 6.152881622314e+00 5.335712909698e+00 3.817884683609e+00 2.085654973984e+00 2.290207862854e+00 2.066163301468e+00 1.640835046768e+00 1.693541407585e+00 1.827216625214e+00 1.963576555252e+00 1.911834597588e+00 1.631089210510e+00 1.566763877869e+00 1.314778804779e+00 2.399936199188e+00 2.932285070419e+00 2.749002218246e+00 2.024774789810e+00 1.226591825485e+00 7.526566982269e-01 1.046928644180e+00 1.201333522797e+00 1.105486154556e+00
9.715296745300e+00 1.426783752441e+01 1.693479919434e+01 1.615386199951e+01 2.402833747864e+01 1.794899940491e+01 2.886940574646e+01 1.592502784729e+01 1.362222957611e+01 1.511163997650e+01 1.157096862793e+01 7.612503051758e+00 7.559639930725e+00 8.083437919617e+00 4.664226055145e+00 6.914264202118e+00 8.920578956604e+00 6.142115116119e+00 3.654613733292e+00 3.618414402008e+00 3.192567825317e+00 2.472018718719e+00 2.382469415665e+00 2.637833356857e+00 2.638554334641e+00 2.330351352692e+00 2.017121553421e+00 1.968893885612e+00 1.640365481377e+00 1.804462194443e+00 1.727769136429e+00 1.575733661652e+00 1.093862771988e+00 2.003146171570e+00 2.389389038086e+00 2.265250682831e+00 1.582137107849e+00 8.523261547089e-01 1.172613024712e+00 1.103161215782e+00 8.256111145020e-01 7.868649959564e-01 8.505463004112e-01
1.439549636841e+01 2.015657043457e+01 2.056672096252e+01 2.242042922974e+01 2.437520408630e+01 3.063952064514e+01 2.888621902466e+01 5.627683639526e+01 2.072195243835e+01 1.312921714783e+01 1.220207786560e+01 1.087038612366e+01 9.247865676880e+00 1.408495712280e+01 1.231938648224e+01 7.185656070709e+00 6.653963565826e+00 6.908226013184e+00 5.057869911194e+00 4.472557544708e+00 4.431299686432e+00 4.215184211731e+00 4.515115261078e+00 3.366279363632e+00 4.329726219177e+00 3.830623388290e+00 2.408442974091e+00 2.192930936813e+00 2.220734119415e+00 2.072866439819e+00 1.769878625870e+00 1.710143327713e+00 1.784462928772e+00 2.053521871567e+00 1.909192323685e+00 1.465101957321e+00 1.118169665337e+00 1.012653708458e+00 9.870755672455e-01 9.763899445534e-01 9.545711278915e-01 9.195989370346e-01 8.855257630348e-01
9.120592117310e+00 2.666722488403e+01 1.841240501404e+01 2.300238609314e+01 3.635646438599e+01 2.910523986816e+01 3.457490539551e+01 4.108290100098e+01 2.024482727051e+01 1.913421440125e+01 2.428120803833e+01 1.547597694397e+01 1.920450401306e+01 1.491843414307e+01 1.249315738678e+01 1.090027236938e+01 9.267911911011e+00 8.020933151245e+00 7.078822612762e+00 9.938607215881e+00 1.162042903900e+01 4.848567485809e+00 3.162869215012e+00 3.198923587799e+00 4.492903709412e+00 2.827467679977e+00 2.443835496902e+00 2.323775291443e+00 2.145051479340e+00 2.041099786758e+00 1.960221409798e+00 2.027744054794e+00 2.145841836929e+00 1.834572434425e+00 1.404134988785e+00 1.310214996338e+00 1.241049289703e+00 1.018177866936e+00 1.007375597954e+00 1.009273290634e+00 9.313211441040e-01 9.542342424393e-01 1.002298593521e+00
2.462238502502e+01 2.879475021362e+01 3.293225097656e+01 3.472382736206e+01 4.019753646851e+01 5.568220138550e+01 7.403141021729e+01 3.426577377319e+01 2.761507606506e+01 1.923511314392e+01 2.736675834656e+01 2.725029563904e+01 1.031668186188e+01 1.647569084167e+01 1.807315826416e+01 8.964035034180e+00 8.287074089050e+00 8.784954071045e+00 9.692016601562e+00 1.141903781891e+01 8.807108879089e+00 3.744515895844e+00 4.243784904480e+00 3.487459659576e+00 3.257976293564e+00 2.788016557693e+00 2.710810661316e+00 2.690119504929e+00 2.235286474228e+00 1.551682829857e+00 1.387915492058e+00 1.521002650261e+00 1.614667534828e+00 1.659025669098e+00 1.627332806587e+00 1.558426141739e+00 1.389343738556e+00 1.424828290939e+00 1.588427066803e+00 1.626703619957e+00 1.456524491310e+00 1.264062643051e+00 1.103109002113e+00
1.645267486572e+01 2.930939483643e+01 3.025535583496e+01 3.835192108154e+01 3.793764114380e+01 3.754991149902e+01 3.683847045898e+01 3.055952072144e+01 2.138855743408e+01 2.441208076477e+01 2.340759086609e+01 2.456573486328e+01 2.972977066040e+01 1.305149078369e+01 1.104099559784e+01 6.858794212341e+00 6.249591827393e+00 4.420936584473e+00 4.071098327637e+00 3.471667051315e+00 2.980878829956e+00 3.377125978470e+00 4.162984371185e+00 4.790586948395e+00 4.903628826141e+00 4.304204940796e+00 3.443006753922e+00 2.384904146194e+00 1.655080556870e+00 1.364607334137e+00 1.108500242233e+00 1.251191973686e+00 1.627381443977e+00 1.090075612068e+00 1.232455015182e+00 1.346614003181e+00 1.075975656509e+00 1.316279053688e+00 1.555846571922e+00 1.648629426956e+00 1.871132493019e+00 2.350730657578e+00 2.668910264969e+00
6.458991050720e+00 8.821538925171e+00 1.390366077423e+01 6.573754882812e+01 3.621762466431e+01 3.454909133911e+01 1.930354881287e+01 1.980888938904e+01 1.831612968445e+01 2.917333030701e+01 2.714284515381e+01 3.843393325806e+01 5.575511550903e+01 4.098353576660e+01 2.671671295166e+01 1.230585575104e+01 5.790903091431e+00 4.128355979919e+00 3.764184951782e+00 5.042085170746e+00 6.562005519867e+00 6.076467037201e+00 4.485204696655e+00 2.882821321487e+00 3.170701026917e+00 3.000155210495e+00 4.289974212646e+00 6.393591403961e+00 2.964770793915e+00 1.560239672661e+00 1.443684935570e+00 2.370693206787e+00 1.553261995316e+00 9.723691940308e-01 8.538048267365e-01 8.851351737976e-01 8.897268772125e-01 9.158214926720e-01 9.323704838753e-01 9.318693280220e-01 9.334416389465e-01 1.032917857170e+00 9.013942480087e-01
1.170940756798e+00 2.919970273972e+00 7.032500743866e+00 9.378570556641e+00 9.561397552490e+00 9.349473953247e+00 7.288689136505e+00 9.942960739136e+00 9.938845634460e+00 1.581986427307e+01 3.211451339722e+01 3.625028991699e+01 4.988352966309e+01 2.896873283386e+01 2.069002723694e+01 1.170556735992e+01 5.343393802643e+00 2.801382303238e+00 2.961520671844e+00 6.526760101318e+00 2.078656768799e+01 8.676877021790e+00 7.419936656952e+00 5.538313388824e+00 5.645592689514e+00 4.848655700684e+00 5.221622467041e+00 3.658970594406e+00 1.810819387436e+00 2.388674736023e+00 2.013866901398e+00 2.034992933273e+00 1.237132430077e+00 1.121928453445e+00 7.825393080711e-01 7.164166569710e-01 7.430618405342e-01 7.422638535500e-01 8.016809225082e-01 7.413994669914e-01 9.650592803955e-01 1.133600473404e+00 1.096464037895e+00
8.177801370621e-01 1.522017002106e+00 4.426791191101e+00 2.571964263916e+00 2.278015136719e+00 1.857411623001e+00 2.828776121140e+00 4.657465457916e+00 4.871521472931e+00 5.164795875549e+00 1.462904453278e+01 7.206929779053e+01 5.717878723145e+01 2.581407928467e+01 1.185037803650e+01 3.412754297256e+00 2.050342082977e+00 1.347891330719e+00 1.675504446030e+00 4.284221649170e+00 9.824334144592e+00 1.712039947510e+01 8.576375961304e+00 6.527141571045e+00 5.150744915009e+00 3.866604089737e+00 4.097558975220e+00 3.830275774002e+00 3.361831426620e+00 3.029940366745e+00 3.692957878113e+00 1.579964637756e+00 1.466040849686e+00 1.184220671654e+00 1.210170388222e+00 1.127864837646e+00 9.444753527641e-01 8.072254657745e-01 9.230362176895e-01 1.065529942513e+00 1.248254776001e+00 1.228944897652e+00 1.048155307770e+00
5.497791767120e-01 2.261380434036e+00 5.313768386841e+00 3.917936086655e+00 9.687829017639e-01 1.137348651886e+00 1.088396549225e+00 2.200927495956e+00 2.402967453003e+00 3.910778760910e+00 7.529881477356e+00 1.971310043335e+01 4.222592926025e+01 2.892273139954e+01 3.916664505005e+01 9.444317817688e+00 1.160759329796e+00 7.317885756493e-01 1.153465270996e+00 3.815349817276e+00 1.169830989838e+01 1.830244064331e+01 1.396478366852e+01 9.508304595947e+00 6.609031200409e+00 4.160832405090e+00 4.719970226288e+00 3.497618913651e+00 3.378561496735e+00 3.362451553345e+00 2.794756174088e+00 2.228699922562e+00 1.569480180740e+00 1.672532320023e+00 1.501148462296e+00 1.196077585220e+00 1.062779307365e+00 9.858029484749e-01 9.139160513878e-01 1.067252874374e+00 1.171003103256e+00 1.138909816742e+00 1.009200334549e+00
4.687563776970e-01 1.154216170311e+00 7.848407745361e+00 9.428839683533e+00 4.919136524200e+00 7.665590643883e-01 5.832589864731e-01 1.096725463867e+00 1.096208214760e+00 8.901780247688e-01 7.529453635216e-01 3.172713279724e+00 1.429618835449e+01 8.262457847595e+00 4.773416137695e+01 5.761656284332e+00 3.251352071762e+00 1.228085517883e+00 1.024278759956e+00 3.317737817764e+00 6.510481357574e+00 5.761874389648e+01 1.781866264343e+01 7.768305301666e+00 7.869770050049e+00 4.154790878296e+00 4.459431648254e+00 3.805269718170e+00 5.439714908600e+00 4.179587364197e+00 2.397851705551e+00 2.379253864288e+00 2.220201492310e+00 2.114510536194e+00 2.076348066330e+00 1.655427575111e+00 1.632680416107e+00 1.806939601898e+00 1.167558789253e+00 8.949335813522e-01 8.832210898399e-01 8.726541399956e-01 1.009838819504e+00
3.007203042507e-01 5.194466114044e-01 6.468398571014e-01 3.662354707718e+00 2.253835678101e+00 5.462970733643e-01 4.651136994362e-01 5.459457635880e-01 5.118024945259e-01 4.916755855083e-01 3.560969233513e-01 3.981090486050e-01 1.220513582230e+00 7.585700511932e+00 2.161885070801e+01 5.292239665985e+00 4.416479587555e+00 2.079904317856e+00 1.212587237358e+00 2.380847454071e+00 2.773426532745e+00 3.796138525009e+00 3.463931798935e+00 2.619337320328e+00 3.859614133835e+00 6.424776554108e+00 5.635087490082e+00 5.624794483185e+00 3.617037773132e+00 4.734249591827e+00 4.938899040222e+00 4.304435729980e+00 2.629760742188e+00 2.180879592896e+00 2.089430093765e+00 1.824110388756e+00 1.558892488480e+00 1.583012461662e+00 1.533955812454e+00 1.015341281891e+00 8.360360860825e-01 8.616240024567e-01 9.307374954224e-01
3.300132751465e-01 5.281372070312e-01 3.473430871964e-01 3.906776010990e-01 3.967250883579e-01 4.667036533356e-01 4.305342733860e-01 4.040859937668e-01 3.735758662224e-01 2.836246788502e-01 1.984157264233e-01 1.685835272074e-01 2.811438143253e-01 7.871362209320e+00 1.223868274689e+01 1.263797187805e+01 3.608050107956e+00 3.846581459045e+00 3.373696565628e+00 1.394256949425e+00 1.511205792427e+00 2.837683677673e+00 7.748592376709e+00 7.320607662201e+00 9.544249534607e+00 9.605755805969e+00 9.006198883057e+00 8.510360717773e+00 8.067423820496e+00 7.698505401611e+00 8.196877479553e+00 1.004235935211e+01 8.584403038025e+00 3.513818740845e+00 1.432196140289e+00 1.684181809425e+00 1.843763470650e+00 1.273656368256e+00 1.259764075279e+00 8.908009529114e-01 8.776274323463e-01 6.481672525406e-01 7.295066714287e-01
