100/SI/f60_max.grd
DSAA
101	101
32.816463539100	34.260883539100
35.556306596100	36.727886596100
2.188329381170e-04	3.589744949341e+01
[rows 57 to 75 of 101, columns 43 to 85 of 101]
1.514075249434e-01 1.806337982416e-01 9.155304729939e-02 1.014803797007e-01 1.003963500261e-01 1.617635935545e-01 1.825415045023e-01 2.458562105894e-01 2.146360874176e-01 1.170640662313e-01 8.112540841103e-02 6.819932907820e-02 5.036755651236e-02 8.943863958120e-02 3.707854747772e-01 1.246065616608e+00 2.769923210144e+00 2.605096101761e+00 3.716067552567e+00 1.272044777870e+00 3.677070736885e-01 2.806461155415e-01 5.089433789253e-01 9.322915077209e-01 1.595439791679e+00 1.446066260338e+00 1.573289036751e+00 1.279214143753e+00 1.667301893234e+00 1.537856817245e+00 1.625224471092e+00 1.211210131645e+00 1.257996201515e+00 1.766036987305e+00 1.096542000771e+00 6.888220310211e-01 8.043038845062e-01 1.129229903221e+00 1.415676474571e+00 1.024056077003e+00 4.268481433392e-01 3.739329278469e-01 3.616178333759e-01
1.209290027618e-01 1.994031816721e-01 7.398912310600e-02 7.871448993683e-02 7.797504216433e-02 1.173226013780e-01 2.292792797089e-01 7.374660968781e-01 5.866205692291e-01 1.262476444244e-01 7.496581971645e-02 5.158690363169e-02 3.949889540672e-02 3.907829895616e-02 7.716683298349e-02 7.420034408569e-01 8.703067302704e-01 9.105071425438e-01 7.377443313599e-01 7.470521926880e-01 5.463881492615e-01 4.151696562767e-01 3.203232288361e-01 1.934071034193e-01 4.996628761292e-01 9.946938753128e-01 1.734202742577e+00 1.767349720001e+00 1.927952289581e+00 1.060856699944e+00 1.399332165718e+00 1.277469515800e+00 1.094981312752e+00 9.600546956062e-01 9.762166738510e-01 7.355553507805e-01 7.218132019043e-01 8.693131208420e-01 8.548799753189e-01 7.835896611214e-01 8.135021924973e-01 8.530420064926e-01 7.984311580658e-01
1.008478030562e-01 9.722238779068e-02 6.737414747477e-02 7.166233658791e-02 7.286351174116e-02 1.068225651979e-01 3.254853785038e-01 8.205258250237e-01 8.312814235687e-01 1.869540214539e-01 7.768027484417e-02 4.407139867544e-02 3.126614540815e-02 2.835184894502e-02 2.907026559114e-02 3.640773519874e-02 5.026533454657e-02 6.847143918276e-02 8.864394575357e-02 1.098519638181e-01 1.289874613285e-01 1.514870822430e-01 1.019323617220e-01 1.024252995849e-01 2.442128658295e-01 1.136308670044e+00 1.957792997360e+00 2.220349073410e+00 2.132855892181e+00 2.153369903564e+00 1.420732736588e+00 1.232223272324e+00 1.046275258064e+00 9.494896531105e-01 1.333836078644e+00 1.149512171745e+00 9.533932209015e-01 5.968443155289e-01 6.432431936264e-01 5.406746864319e-01 4.759782850742e-01 4.505252242088e-01 3.937260508537e-01
9.301888942719e-02 8.373250812292e-02 6.522365659475e-02 7.268193364143e-02 8.263500034809e-02 1.085077524185e-01 7.076846957207e-01 8.404096364975e-01 1.036792039871e+00 1.445338726044e-01 6.813012063503e-02 4.246633872390e-02 2.826100401580e-02 2.292426861823e-02 2.190462313592e-02 2.310398221016e-02 2.832470647991e-02 3.731296584010e-02 5.377713963389e-02 6.251852959394e-02 7.189249992371e-02 1.440506428480e-01 7.411187887192e-02 6.827313452959e-02 2.084638327360e-01 4.660480320454e-01 1.662396907806e+00 1.841436624527e+00 1.959972023964e+00 2.092862367630e+00 1.741547346115e+00 1.350639700890e+00 9.380329847336e-01 1.204041004181e+00 8.381768465042e-01 7.375420928001e-01 6.115466356277e-01 5.056082606316e-01 4.753923118114e-01 4.675307571888e-01 4.959932267666e-01 7.026516199112e-01 9.795018434525e-01
7.882125675678e-02 6.139515340328e-02 6.409852206707e-02 7.714772224426e-02 1.195633709431e-01 1.957177966833e-01 5.943367481232e-01 1.317491412163e+00 5.100904107094e-01 8.076635003090e-02 4.961673170328e-02 3.617964312434e-02 2.579898759723e-02 1.936723105609e-02 1.771825924516e-02 1.774936355650e-02 1.932961866260e-02 2.585688233376e-02 3.559802472591e-02 4.070578515530e-02 4.233982414007e-02 8.810049295425e-02 5.264404043555e-02 5.697019025683e-02 1.282360553741e-01 4.361698925495e-01 1.180364370346e+00 1.603788375854e+00 1.662893414497e+00 1.266414403915e+00 9.788342118263e-01 1.397578001022e+00 9.555501341820e-01 6.748486757278e-01 7.494260668755e-01 9.447158575058e-01 8.555569648743e-01 6.066168546677e-01 5.665186643600e-01 5.521705746651e-01 5.352436900139e-01 5.922207832336e-01 7.359446883202e-01
5.721616744995e-02 4.708310216665e-02 5.889512598515e-02 1.389058828354e-01 3.140326440334e-01 7.285643219948e-01 1.070106506348e+00 6.744169592857e-01 7.163168489933e-02 4.898407310247e-02 3.513961657882e-02 2.891755104065e-02 2.256667241454e-02 1.845802739263e-02 1.624475605786e-02 1.693198643625e-02 1.771920546889e-02 2.139510586858e-02 3.087505511940e-02 3.797817602754e-02 4.033626243472e-02 4.278974235058e-02 4.298472031951e-02 6.418626010418e-02 1.558141410351e-01 4.076129794121e-01 5.004992485046e-01 5.000415444374e-01 9.626507759094e-01 1.116912126541e+00 1.306986331940e+00 8.346509933472e-01 1.080273270607e+00 7.927565574646e-01 8.850779533386e-01 1.046123504639e+00 2.091333150864e+00 1.319800257683e+00 7.767959833145e-01 6.376948952675e-01 6.560287475586e-01 6.446768045425e-01 6.226787567139e-01
3.694349899888e-02 3.857514634728e-02 4.877230525017e-02 6.163256242871e-02 1.353757232428e-01 8.402037620544e-01 5.471330881119e-01 7.283898442984e-02 4.259591922164e-02 3.751165047288e-02 3.144810721278e-02 2.658309973776e-02 2.082630433142e-02 1.776249706745e-02 1.582363620400e-02 1.746067032218e-02 1.811286062002e-02 1.766388118267e-02 2.540148422122e-02 3.241061791778e-02 3.661762923002e-02 3.641874343157e-02 4.570542648435e-02 7.426423579454e-02 2.313767969608e-01 4.588162899017e-01 2.720978260040e-01 3.557236790657e-01 3.307862877846e-01 1.713974356651e+00 2.493646383286e+00 1.346552729607e+00 7.400460243225e-01 1.013128876686e+00 3.998854756355e-01 4.211702346802e-01 1.563360810280e+00 7.527533769608e-01 6.135566830635e-01 4.701426327229e-01 4.831357598305e-01 5.387668013573e-01 5.806100368500e-01
3.101206943393e-02 3.371599689126e-02 3.950820118189e-02 4.997470602393e-02 5.665541440248e-02 7.871121913195e-02 8.702839910984e-02 5.932335928082e-02 3.084889613092e-02 3.184601292014e-02 2.791805937886e-02 2.554657869041e-02 2.091684192419e-02 1.689764484763e-02 1.729458384216e-02 1.763570494950e-02 1.885786838830e-02 1.872481592000e-02 2.139832265675e-02 2.747625485063e-02 3.269337117672e-02 3.472583740950e-02 3.670399636030e-02 6.101259216666e-02 1.711594015360e-01 1.056992039084e-01 1.017125025392e-01 1.671892851591e-01 3.781682848930e-01 7.495809793472e-01 7.848331332207e-01 9.910410642624e-01 1.581158638000e+00 8.479641675949e-01 8.078150153160e-01 6.279549002647e-01 6.428329944611e-01 5.446279048920e-01 2.897821366787e-01 3.615405857563e-01 3.531883060932e-01 3.814460039139e-01 4.796290695667e-01
2.436299808323e-02 2.748417481780e-02 3.273567557335e-02 4.014025256038e-02 4.315236210823e-02 4.802785441279e-02 5.082699283957e-02 3.177998214960e-02 2.705602347851e-02 2.816918306053e-02 2.626385726035e-02 2.277704514563e-02 1.900877058506e-02 1.704200170934e-02 1.688827760518e-02 1.935292035341e-02 1.900722458959e-02 1.634416542947e-02 1.891260966659e-02 2.400717884302e-02 2.841674908996e-02 3.325708210468e-02 4.720528796315e-02 4.938035085797e-02 5.015916004777e-02 6.999867409468e-02 6.817746907473e-02 1.673685461283e-01 2.338147461414e-01 3.147353231907e-01 6.532259583473e-01 1.145522832870e+00 8.485486507416e-01 1.548745989799e+00 9.897638559341e-01 5.564111471176e-01 4.621103405952e-01 4.203304052353e-01 5.057162642479e-01 4.757846891880e-01 5.928806066513e-01 5.834953784943e-01 6.784634590149e-01
2.249504812062e-02 2.226934395730e-02 2.506845444441e-02 2.843359299004e-02 3.064711019397e-02 3.021024726331e-02 2.887548692524e-02 2.779297344387e-02 3.007200546563e-02 2.972640097141e-02 2.769019082189e-02 2.412159740925e-02 1.972671784461e-02 1.747019588947e-02 1.579658687115e-02 1.547985896468e-02 1.746289804578e-02 1.771120913327e-02 1.791611313820e-02 2.162442728877e-02 2.504559792578e-02 2.962140552700e-02 4.539920389652e-02 5.102947354317e-02 5.503390729427e-02 1.140633970499e-01 1.568845063448e-01 2.016104012728e-01 2.829484641552e-01 3.055073916912e-01 6.684160232544e-01 1.268963217735e+00 5.996172428131e-01 6.385829448700e-01 1.129488110542e+00 9.541723728180e-01 6.627395153046e-01 5.628989338875e-01 7.059099078178e-01 3.632429838181e-01 4.816789627075e-01 5.852512717247e-01 6.989182233810e-01
1.848102360964e-02 2.096262387931e-02 2.201671898365e-02 2.226028777659e-02 2.493044175208e-02 2.680809609592e-02 2.887860871851e-02 2.563340216875e-02 2.469208650291e-02 2.547777444124e-02 2.737109549344e-02 2.723781764507e-02 2.343674376607e-02 1.984850689769e-02 1.881614699960e-02 1.698242872953e-02 1.462899241596e-02 1.628705859184e-02 1.844019256532e-02 2.038742601871e-02 2.238886803389e-02 2.571357972920e-02 3.863751888275e-02 3.771540895104e-02 4.168781265616e-02 1.032356992364e-01 2.207220196724e-01 2.978291213512e-01 4.189717769623e-01 2.201478183270e-01 6.483562588692e-01 3.243519067764e-01 3.482251465321e-01 4.018578231335e-01 6.407281756401e-01 7.022566199303e-01 9.098943471909e-01 8.281804919243e-01 6.164934635162e-01 5.271700620651e-01 4.035914838314e-01 4.346504509449e-01 3.506562709808e-01
1.811234280467e-02 2.002878673375e-02 1.993207447231e-02 2.029025927186e-02 2.168301306665e-02 2.409366890788e-02 2.607548981905e-02 2.329105697572e-02 1.827241852880e-02 1.952272653580e-02 2.119100652635e-02 2.488109469414e-02 2.582897432148e-02 2.145706489682e-02 2.021517418325e-02 2.445631101727e-02 2.168121002614e-02 1.767407543957e-02 1.924271881580e-02 2.003762125969e-02 2.442642301321e-02 2.711947634816e-02 3.031501173973e-02 3.734356537461e-02 4.332643002272e-02 7.530234009027e-02 1.588067710400e-01 1.891748756170e-01 2.598321437836e-01 1.471811383963e-01 3.124038577080e-01 2.387032359838e-01 3.970013856888e-01 2.428839653730e-01 4.792145490646e-01 3.584302365780e-01 5.689184665680e-01 6.974121928215e-01 6.214370131493e-01 8.377797007561e-01 7.615051865578e-01 6.088927388191e-01 5.358656644821e-01
1.744503527880e-02 1.886117085814e-02 1.813999004662e-02 1.846916042268e-02 1.855139620602e-02 1.806050539017e-02 2.000308223069e-02 1.890904642642e-02 2.257877402008e-02 2.444269135594e-02 2.219065651298e-02 2.246793173254e-02 2.468864247203e-02 2.569627389312e-02 2.348705567420e-02 3.033108264208e-02 2.699979767203e-02 2.065258845687e-02 2.076506614685e-02 2.064917422831e-02 2.373332157731e-02 2.575128525496e-02 2.899019420147e-02 3.851864114404e-02 4.526021704078e-02 6.753429025412e-02 1.014822572470e-01 1.170407608151e-01 1.256686896086e-01 1.587951481342e-01 2.644947171211e-01 4.058209359646e-01 2.740693092346e-01 6.498116254807e-01 2.282389253378e-01 2.977698445320e-01 6.086117029190e-01 8.515985012054e-01 4.169169068336e-01 4.714323878288e-01 2.998805940151e-01 5.656232833862e-01 4.991450309753e-01
1.556268800050e-02 1.681776531041e-02 1.617167145014e-02 1.589489728212e-02 1.475661434233e-02 1.493030600250e-02 1.575813256204e-02 2.076717838645e-02 2.580253966153e-02 2.651609480381e-02 2.317034825683e-02 2.564169093966e-02 2.853411436081e-02 2.772654965520e-02 2.751303091645e-02 2.852815203369e-02 3.059804625809e-02 3.581332415342e-02 3.210684284568e-02 2.883180230856e-02 2.969984523952e-02 3.193632513285e-02 3.816542774439e-02 3.916108980775e-02 4.730382189155e-02 5.816069990396e-02 9.572009742260e-02 9.535940736532e-02 1.702277660370e-01 3.445578217506e-01 4.285270571709e-01 2.196149230003e-01 2.203103899956e-01 6.619834899902e-01 3.509514629841e-01 4.318779408932e-01 3.829425573349e-01 4.966595172882e-01 3.627692461014e-01 1.389098763466e-01 1.322261393070e-01 1.785611659288e-01 3.534078299999e-01
1.432378124446e-02 1.434137672186e-02 1.424484793097e-02 1.404977124184e-02 1.443366892636e-02 1.527828909457e-02 1.623409427702e-02 1.937325485051e-02 2.172749117017e-02 2.064489945769e-02 2.431979030371e-02 2.617559768260e-02 2.542194910347e-02 2.673046477139e-02 3.659150004387e-02 5.092387646437e-02 5.772739648819e-02 7.316163182259e-02 7.298538088799e-02 7.857900857925e-02 5.608901754022e-02 5.351812019944e-02 6.207035854459e-02 5.197589099407e-02 5.934105813503e-02 8.202584087849e-02 2.460923045874e-01 2.296445369720e-01 2.205808162689e-01 2.974739670753e-01 1.679583042860e-01 1.771061122417e-01 2.371413707733e-01 1.358986794949e-01 7.362693548203e-01 1.024933338165e+00 9.153168797493e-01 2.117178738117e-01 1.002479419112e-01 8.283106237650e-02 8.097825944424e-02 9.575637429953e-02 1.010969951749e-01
1.331383921206e-02 1.381315570325e-02 1.329419203103e-02 1.431183237582e-02 1.530840899795e-02 1.751512847841e-02 1.751990057528e-02 2.029378525913e-02 2.222280018032e-02 2.584189362824e-02 2.677660435438e-02 3.179487958550e-02 3.333234786987e-02 3.084106743336e-02 7.444703578949e-02 2.671717405319e-01 2.111438810825e-01 1.260743886232e-01 1.418385058641e-01 1.765535622835e-01 1.304898858070e-01 6.867776066065e-02 7.993770390749e-02 1.001530885696e-01 9.731762856245e-02 1.814110875130e-01 2.551370263100e-01 2.261760532856e-01 1.843523681164e-01 1.665761470795e-01 1.889980882406e-01 1.761342585087e-01 1.331375241280e-01 1.110292524099e-01 1.883659660816e-01 8.659547567368e-01 9.024983644485e-01 1.861311644316e-01 6.617426127195e-02 6.740959733725e-02 6.061318144202e-02 5.824341624975e-02 9.582390636206e-02
1.334979198873e-02 1.438526436687e-02 1.821422763169e-02 2.035875432193e-02 1.868793554604e-02 3.097800351679e-02 3.642281144857e-02 3.701626509428e-02 3.126448392868e-02 3.057805821300e-02 3.354322165251e-02 4.216662049294e-02 4.204526916146e-02 1.549341231585e-01 1.094069004059e+00 1.377038002014e+00 6.421693563461e-01 3.677484393120e-01 2.939736843109e-01 2.296652793884e-01 1.096715405583e-01 1.090868264437e-01 2.380145937204e-01 5.078310370445e-01 4.164025783539e-01 2.220118939877e-01 2.592965066433e-01 2.111484557390e-01 2.236291170120e-01 1.544459015131e-01 3.818987309933e-01 1.529223769903e-01 1.176895797253e-01 8.318170905113e-02 5.513530224562e-02 1.783858984709e-01 1.969469785690e-01 4.819082096219e-02 3.234551846981e-02 3.806361928582e-02 4.706289619207e-02 5.261049419641e-02 4.919385910034e-02
1.637834683061e-02 2.576367184520e-02 3.512448072433e-02 3.817072883248e-02 4.922768473625e-02 6.544835865498e-02 6.430300325155e-02 5.672223493457e-02 4.876992478967e-02 3.761040791869e-02 4.528810083866e-02 5.008683353662e-02 2.787117362022e-01 1.536345243454e+00 2.100323438644e+00 7.320968508720e-01 2.315794229507e-01 1.417063772678e-01 1.441499739885e-01 1.260738521814e-01 1.208264157176e-01 2.752909958363e-01 5.426713228226e-01 7.209053635597e-01 5.799535512924e-01 2.983876466751e-01 2.057093530893e-01 1.512835472822e-01 1.368910074234e-01 1.219690442085e-01 1.642813235521e-01 7.558880746365e-02 8.544732630253e-02 6.926952302456e-02 4.351285845041e-02 2.579784393311e-02 2.126357518137e-02 2.070767804980e-02 2.175455726683e-02 2.709359116852e-02 3.637931123376e-02 4.600499197841e-02 4.706259444356e-02
2.713010646403e-02 4.057199880481e-02 5.390213057399e-02 7.209683954716e-02 1.395356953144e-01 1.382706910372e-01 1.934764981270e-01 1.390378773212e-01 1.580523848534e-01 9.388080239296e-02 5.287835001945e-02 3.636874854565e-01 1.464768171310e+00 1.457777619362e+00 3.813456594944e-01 1.150262430310e-01 2.134782969952e-01 2.819835543633e-01 1.992057859898e-01 2.316749691963e-01 2.800531983376e-01 2.815314531326e-01 4.103014469147e-01 3.352333605289e-01 2.267904132605e-01 1.767178177834e-01 1.101637333632e-01 4.280738905072e-02 4.395760968328e-02 4.344347864389e-02 5.564120411873e-02 4.069934785366e-02 3.584710881114e-02 2.476228959858e-02 2.531964145601e-02 2.578815631568e-02 2.661967836320e-02 2.794215828180e-02 2.971734479070e-02 3.200524672866e-02 3.235824406147e-02 3.862247988582e-02 4.893361404538e-02
