100/SI/f60_max.grd
DSAA
101	101
32.816463539100	34.260883539100
35.556306596100	36.727886596100
2.188329381170e-04	3.589744949341e+01
[rows 76 to 94 of 101, columns 0 to 42 of 101]
2.304691588506e-03 3.334497101605e-03 4.389553796500e-03 5.199703853577e-03 5.589482840151e-03 5.626454018056e-03 5.436104722321e-03 5.132469814271e-03 4.787055309862e-03 5.170976743102e-03 5.847468506545e-03 7.012543268502e-03 8.305552415550e-03 9.134828113019e-03 9.301702491939e-03 9.030021727085e-03 8.224101737142e-03 8.756063878536e-03 9.015296585858e-03 9.643009863794e-03 1.331155095249e-02 1.302188448608e-02 8.528413251042e-03 9.258340112865e-03 8.578496985137e-03 7.882617413998e-03 8.068489842117e-03 8.970435708761e-03 1.007981225848e-02 1.065353956074e-02 1.025711931288e-02 9.659095667303e-03 9.389360435307e-03 9.299952536821e-03 1.022085919976e-02 1.226536370814e-02 2.374819852412e-02 2.829323709011e-02 2.663036435843e-02 1.877530850470e-02 1.853532902896e-02 3.064587898552e-02 5.336716026068e-02
2.319565974176e-03 3.751683281735e-03 4.981494508684e-03 5.747791379690e-03 6.054246798158e-03 6.024741567671e-03 5.786427296698e-03 5.433573387563e-03 5.648109130561e-03 6.271176040173e-03 7.218009326607e-03 8.535252884030e-03 9.753766469657e-03 1.034748461097e-02 1.018770039082e-02 9.449537843466e-03 8.049411699176e-03 8.271995000541e-03 8.306392468512e-03 7.394402287900e-03 7.594847586006e-03 7.962821051478e-03 6.946213077754e-03 8.371163159609e-03 8.869489654899e-03 8.136426098645e-03 8.751216344535e-03 1.054031401873e-02 1.169909723103e-02 1.183289010078e-02 1.103712525219e-02 1.012730225921e-02 1.005212031305e-02 9.845130145550e-03 1.197524182498e-02 1.287520769984e-02 2.128120698035e-02 2.378801070154e-02 2.614795602858e-02 2.959237247705e-02 6.118847802281e-02 7.976730167866e-02 7.548350095749e-02
2.471504500136e-03 3.943568095565e-03 5.138220731169e-03 5.815995391458e-03 6.033165846020e-03 5.933455657214e-03 5.631962325424e-03 6.150121800601e-03 6.931314710528e-03 7.756082341075e-03 8.822456933558e-03 9.947013109922e-03 1.067359466106e-02 1.065285038203e-02 9.889956563711e-03 8.587218821049e-03 6.821289658546e-03 7.158069405705e-03 6.931679323316e-03 6.077919155359e-03 5.542793776840e-03 6.220488343388e-03 7.527928799391e-03 1.003580261022e-02 1.056794263422e-02 9.538169950247e-03 1.170278154314e-02 1.269488316029e-02 1.298353634775e-02 1.269677188247e-02 1.187050342560e-02 1.100177876651e-02 1.047567557544e-02 1.204910781235e-02 1.553076785058e-02 2.007648907602e-02 2.643418870866e-02 3.285993635654e-02 2.749252133071e-02 7.207455486059e-02 8.305690437555e-02 8.024201542139e-02 7.920710742474e-02
2.233356004581e-03 3.530845744535e-03 4.553260281682e-03 5.102450028062e-03 5.242311861366e-03 5.098044872284e-03 5.848262924701e-03 6.656849756837e-03 7.304179482162e-03 7.947263307869e-03 8.622588589787e-03 9.123425930738e-03 9.178492240608e-03 8.639457635581e-03 7.629546802491e-03 6.379907019436e-03 5.961133632809e-03 5.750700831413e-03 5.375084932894e-03 4.942417144775e-03 5.132791586220e-03 5.716835614294e-03 9.035346098244e-03 1.229168009013e-02 1.329175010324e-02 1.397756021470e-02 1.436696667224e-02 1.447659824044e-02 1.363706961274e-02 1.282370928675e-02 1.213456410915e-02 1.151904650033e-02 1.273485831916e-02 1.516477018595e-02 1.934488117695e-02 2.229687012732e-02 2.174415439367e-02 3.557467460632e-02 4.139088839293e-02 6.090927124023e-02 7.095550745726e-02 7.145021110773e-02 7.273527234793e-02
1.851149136201e-03 2.964731771499e-03 3.615645458922e-03 3.944409545511e-03 4.049811512232e-03 4.710360430181e-03 5.411280784756e-03 5.842450540513e-03 6.041263695806e-03 6.218141876161e-03 6.423841230571e-03 6.545512005687e-03 6.417206954211e-03 5.937913432717e-03 6.104580592364e-03 6.247868295759e-03 6.180426105857e-03 5.862364545465e-03 5.363145377487e-03 4.851375240833e-03 4.834743216634e-03 5.954707972705e-03 1.017327234149e-02 1.398209296167e-02 1.584720984101e-02 1.682945154607e-02 1.695799827576e-02 1.744480803609e-02 1.699183136225e-02 1.462386362255e-02 1.257707923651e-02 1.206209044904e-02 1.402369700372e-02 1.538998167962e-02 1.628386229277e-02 1.746202446520e-02 2.320657297969e-02 3.433471545577e-02 4.536117985845e-02 4.595024511218e-02 7.186504453421e-02 8.618156611919e-02 6.758919358253e-02
2.531070960686e-03 3.835616633296e-03 4.640940111130e-03 4.990378860384e-03 5.197742953897e-03 5.291638430208e-03 5.322780460119e-03 5.288220476359e-03 5.187521688640e-03 5.048608407378e-03 5.262974649668e-03 5.719198379666e-03 6.115705240518e-03 6.458578631282e-03 6.700130179524e-03 6.760589778423e-03 6.570167373866e-03 6.108007393777e-03 5.466438364238e-03 5.334181711078e-03 5.085827317089e-03 6.419364828616e-03 1.048175804317e-02 1.442737877369e-02 3.586539626122e-02 1.061402633786e-01 1.129612475634e-01 5.087729170918e-02 2.960372716188e-02 2.334507182240e-02 1.657834835351e-02 1.276440825313e-02 1.490765064955e-02 1.956224255264e-02 1.590128615499e-02 1.894025504589e-02 2.099414169788e-02 3.544194996357e-02 6.194205582142e-02 6.045363843441e-02 6.700442731380e-02 8.852018415928e-02 1.216707751155e-01
3.580450313166e-03 5.295566283166e-03 6.309428717941e-03 6.851266138256e-03 7.002692669630e-03 6.963541265577e-03 6.823485251516e-03 6.609762553126e-03 6.338371429592e-03 6.095305085182e-03 7.165926974267e-03 8.232781663537e-03 9.158812463284e-03 9.793010540307e-03 1.000578049570e-02 9.736167266965e-03 8.988603018224e-03 7.817617617548e-03 7.228378206491e-03 6.871432065964e-03 6.433873903006e-03 7.493274286389e-03 1.048178877681e-02 2.349710091949e-02 9.932895004749e-02 2.859315276146e-01 3.126395344734e-01 1.572638005018e-01 6.816973537207e-02 3.348281607032e-02 2.163038030267e-02 1.624229364097e-02 1.471959426999e-02 2.085610479116e-02 2.269150130451e-02 2.354540303349e-02 2.108708955348e-02 3.191808238626e-02 7.303470373154e-02 1.098049655557e-01 7.246501743793e-02 6.992834061384e-02 1.548555791378e-01
4.495811648667e-03 6.418664008379e-03 7.679236121476e-03 8.167199790478e-03 8.145894855261e-03 7.878074422479e-03 7.493865210563e-03 7.294804323465e-03 8.553695864975e-03 1.043488830328e-02 1.237669587135e-02 1.421080436558e-02 1.577153429389e-02 1.700200699270e-02 1.784997060895e-02 1.815561391413e-02 1.768490672112e-02 1.616397500038e-02 1.333278883249e-02 9.915360249579e-03 9.167287498713e-03 9.367401711643e-03 2.065617591143e-02 3.740910440683e-02 1.073368638754e-01 8.842647671700e-01 1.652418136597e+00 3.589565753937e-01 1.570525318384e-01 5.635863915086e-02 2.646382525563e-02 2.010321430862e-02 1.953615993261e-02 2.715637162328e-02 3.264620155096e-02 3.185236826539e-02 2.632820606232e-02 3.866127133369e-02 6.149486079812e-02 1.348316520452e-01 1.355700641870e-01 6.687641888857e-02 1.612795442343e-01
4.782633855939e-03 6.689374335110e-03 7.817451842129e-03 8.087501861155e-03 7.813517004251e-03 8.142194710672e-03 8.995347656310e-03 9.559991769493e-03 1.143381278962e-02 1.407593954355e-02 1.683156751096e-02 1.944762282073e-02 2.174299955368e-02 2.379062213004e-02 2.575618959963e-02 2.761890925467e-02 2.886251732707e-02 2.835507690907e-02 2.456931397319e-02 1.763833500445e-02 1.361741777509e-02 1.942670159042e-02 3.416567668319e-02 4.842912778258e-02 2.118707746267e-01 5.091012716293e-01 6.460877656937e-01 1.958671808243e-01 7.341455668211e-02 4.494446143508e-02 3.843208774924e-02 4.705148190260e-02 6.077013164759e-02 5.637063831091e-02 4.092967882752e-02 4.048822820187e-02 3.378654271364e-02 3.944569081068e-02 4.331727698445e-02 8.860754966736e-02 1.178862228990e-01 7.562919706106e-02 2.832691371441e-01
6.535447668284e-03 1.034737005830e-02 1.304240245372e-02 1.457309164107e-02 1.542448811233e-02 1.575145497918e-02 1.559359207749e-02 1.501811388880e-02 1.413614489138e-02 1.457369979471e-02 1.758960261941e-02 2.062891423702e-02 2.351453527808e-02 2.628538198769e-02 2.924527972937e-02 3.273442760110e-02 3.612123057246e-02 3.735610097647e-02 3.364421054721e-02 3.042626753449e-02 3.069300390780e-02 3.308607265353e-02 4.241672158241e-02 5.755233764648e-02 1.096297875047e-01 4.043382033706e-02 3.175716474652e-02 3.175034001470e-02 3.455745428801e-02 3.741786256433e-02 4.141806811094e-02 2.880724072456e-01 1.893588602543e-01 1.518910825253e-01 9.165450930595e-02 1.352578997612e-01 1.244945824146e-01 5.850542336702e-02 4.546194896102e-02 5.468249693513e-02 8.154851943254e-02 2.156557887793e-01 3.277652263641e-01
1.199175510556e-02 1.863648928702e-02 2.282591909170e-02 2.452259697020e-02 2.479261904955e-02 2.416906505823e-02 2.292515709996e-02 2.129706367850e-02 1.986042223871e-02 2.059873379767e-02 2.111969143152e-02 2.128600515425e-02 2.252401411533e-02 2.557702548802e-02 2.846716344357e-02 3.171881660819e-02 3.493410348892e-02 5.198889225721e-02 6.714192032814e-02 6.759146600962e-02 6.900838017464e-02 6.824769079685e-02 4.983639344573e-02 5.998645722866e-02 2.976698428392e-02 2.249733917415e-02 2.066322974861e-02 1.790275052190e-02 2.024979330599e-02 2.829940989614e-02 6.317912042141e-02 3.426778018475e-01 2.438658028841e-01 1.690428256989e-01 1.475317627192e-01 3.136374354362e-01 2.992990016937e-01 1.352299749851e-01 1.013837382197e-01 9.380020201206e-02 1.202342659235e-01 2.034471482038e-01 3.643431663513e-01
1.727491803467e-02 2.628800272942e-02 3.093795292079e-02 3.176640346646e-02 3.890399634838e-02 4.182951152325e-02 4.110855981708e-02 3.831173852086e-02 3.455001115799e-02 3.120114281774e-02 3.152310848236e-02 3.083592280746e-02 3.261096030474e-02 3.760616108775e-02 4.119041189551e-02 4.443613439798e-02 4.981726035476e-02 5.527133867145e-02 5.112189427018e-02 5.845286324620e-02 6.128041818738e-02 4.993506148458e-02 4.096611589193e-02 2.344315126538e-02 2.060439065099e-02 1.600134931505e-02 1.326460950077e-02 1.064155437052e-02 9.741175919771e-03 1.734951883554e-02 2.767423540354e-02 1.460524052382e-01 1.942508369684e-01 2.930198609829e-01 3.109992146492e-01 4.011203050613e-01 2.857542335987e-01 1.341251581907e-01 2.106267511845e-01 2.102958858013e-01 1.496988385916e-01 1.962445229292e-01 6.288877725601e-01
2.024772390723e-02 3.050936385989e-02 3.528809919953e-02 3.934620320797e-02 4.770618677139e-02 5.092000961304e-02 4.974848404527e-02 4.607674852014e-02 4.116455838084e-02 3.589987754822e-02 3.194069489837e-02 3.514003381133e-02 4.064640402794e-02 4.666518419981e-02 5.073405802250e-02 5.207762122154e-02 4.881638288498e-02 4.011839628220e-02 3.169071674347e-02 2.739365026355e-02 2.330018393695e-02 1.632489450276e-02 1.461881119758e-02 1.397953368723e-02 1.244996301830e-02 1.015599444509e-02 7.828151807189e-03 7.419625297189e-03 9.459552355111e-03 1.428132504225e-02 2.053556218743e-02 8.114484697580e-02 8.890251815319e-02 1.714069098234e-01 1.987278163433e-01 4.549735784531e-01 4.009594321251e-01 2.094416618347e-01 1.914080828428e-01 8.397631645203e-01 1.974723696709e+00 5.119174122810e-01 3.146236538887e-01
1.510178670287e-02 2.253706939518e-02 2.574883215129e-02 2.604370564222e-02 3.108453750610e-02 3.284201025963e-02 3.190227597952e-02 2.944141253829e-02 2.621548250318e-02 2.280603721738e-02 2.121982164681e-02 2.281164377928e-02 2.367381192744e-02 2.381646633148e-02 2.349720336497e-02 2.385405637324e-02 2.139092236757e-02 1.714025810361e-02 1.995446532965e-02 1.880528964102e-02 1.497723627836e-02 1.090807467699e-02 1.020698715001e-02 9.098486974835e-03 7.607917767018e-03 5.980462301522e-03 6.791173946112e-03 9.446317330003e-03 1.184246223420e-02 2.437540516257e-02 3.083119727671e-02 4.601588845253e-02 7.949909567833e-02 5.966695025563e-02 5.156673863530e-02 6.281545758247e-02 3.909209966660e-01 2.254993319511e-01 1.749143153429e-01 1.121164202690e+00 2.475225210190e+00 2.720935642719e-01 9.819371998310e-02
7.144411094487e-03 1.055137347430e-02 1.241063512862e-02 1.410707924515e-02 1.476873457432e-02 1.538795698434e-02 1.553582213819e-02 1.472106017172e-02 1.399745233357e-02 1.379860099405e-02 1.354380790144e-02 1.244367472827e-02 1.268966495991e-02 1.303980220109e-02 1.293393690139e-02 1.223425287753e-02 1.653105206788e-02 2.110639773309e-02 1.988509111106e-02 1.487572584301e-02 9.485669434071e-03 6.882291752845e-03 6.237767171115e-03 5.402639508247e-03 4.503019619733e-03 6.913613528013e-03 1.065302547067e-02 1.422900613397e-02 1.969388872385e-02 3.197198733687e-02 4.389812052250e-02 5.920830741525e-02 6.801157444715e-02 5.729868635535e-02 3.535122424364e-02 4.102687910199e-02 7.966831326485e-02 2.009616941214e-01 3.303970098495e-01 3.451645374298e-01 1.831120401621e-01 7.014162838459e-02 6.547895073891e-02
4.725650418550e-03 6.881204433739e-03 8.728344924748e-03 9.861011989415e-03 1.030241977423e-02 1.025144197047e-02 1.000740658492e-02 9.531029500067e-03 8.966705761850e-03 8.370360359550e-03 7.759572472423e-03 7.150699850172e-03 6.567550823092e-03 6.418718956411e-03 6.337058264762e-03 9.010847657919e-03 1.534852106124e-02 1.815226115286e-02 1.552908774465e-02 1.069724466652e-02 6.507709156722e-03 4.148541018367e-03 4.151581320912e-03 4.541731439531e-03 6.170492619276e-03 1.049949228764e-02 1.584149897099e-02 2.232508175075e-02 3.181796520948e-02 4.341443628073e-02 6.497583538294e-02 6.706612557173e-02 6.089122593403e-02 3.306525945663e-02 2.500609308481e-02 3.404986858368e-02 4.122848436236e-02 1.570269763470e-01 3.876820206642e-01 2.228302806616e-01 1.329304128885e-01 5.987907573581e-02 5.683781579137e-02
3.283702069893e-03 4.755671601743e-03 5.948464386165e-03 6.688178982586e-03 7.021064870059e-03 7.063216995448e-03 6.910784635693e-03 6.625459529459e-03 6.250445265323e-03 5.806881468743e-03 5.320590455085e-03 4.803618416190e-03 5.105156451464e-03 5.134022794664e-03 4.738824442029e-03 5.338921677321e-03 9.558163583279e-03 1.189030893147e-02 1.110488642007e-02 8.683147840202e-03 6.130024325103e-03 4.118143115193e-03 4.440397955477e-03 5.100390873849e-03 8.717020973563e-03 1.934696361423e-02 4.136016964912e-02 3.827354311943e-02 3.161997348070e-02 5.855976790190e-02 7.974516600370e-02 6.840580701828e-02 4.923870041966e-02 2.304992638528e-02 2.459784224629e-02 3.381945937872e-02 4.741055518389e-02 1.677646040916e-01 2.820929884911e-01 1.335974782705e-01 7.747650146484e-02 4.780632629991e-02 4.292079061270e-02
2.198232105002e-03 3.154513891786e-03 3.912936430424e-03 4.375518765301e-03 4.579323343933e-03 4.600826185197e-03 4.493582528085e-03 4.292060621083e-03 4.016581922770e-03 3.684554249048e-03 3.652903018519e-03 4.105340223759e-03 4.283325280994e-03 4.095970187336e-03 3.933914005756e-03 4.499360453337e-03 4.996471107006e-03 6.073354743421e-03 6.941680330783e-03 6.695674266666e-03 5.695548839867e-03 4.496991634369e-03 4.739022348076e-03 6.504130549729e-03 1.134518999606e-02 3.369954600930e-02 4.821108281612e-02 2.867329120636e-02 3.218232840300e-02 6.192484498024e-02 8.384762704372e-02 6.642821431160e-02 4.628266021609e-02 3.175348415971e-02 3.495598584414e-02 3.380029276013e-02 7.289021462202e-02 2.913464009762e-01 2.102616131306e-01 5.587570369244e-02 1.118893548846e-01 4.867910966277e-02 3.318763896823e-02
1.292712986469e-03 1.838761847466e-03 2.264193492010e-03 2.515480387956e-03 2.616707235575e-03 2.612452255562e-03 2.532456303015e-03 2.395674586296e-03 2.300836611539e-03 2.807462122291e-03 3.284829668701e-03 3.597495844588e-03 3.623593132943e-03 4.016629420221e-03 4.644481465220e-03 5.279963836074e-03 5.834761075675e-03 6.195694208145e-03 6.252481136471e-03 5.963419098407e-03 5.436963401735e-03 5.046700593084e-03 5.609271116555e-03 8.104626089334e-03 1.368309278041e-02 3.777949139476e-02 3.982765227556e-02 3.159229457378e-02 2.875847369432e-02 5.539155006409e-02 7.762853056192e-02 6.050951033831e-02 5.914322286844e-02 3.990708291531e-02 4.211523011327e-02 3.022040799260e-02 6.937024742365e-02 1.877835988998e-01 9.133148938417e-02 6.555593013763e-02 1.483004838228e-01 4.792838543653e-02 2.539385110140e-02
