100/SI/f60_max.grd
DSAA
101	101
32.816463539100	34.260883539100
35.556306596100	36.727886596100
2.188329381170e-04	3.589744949341e+01
[rows 0 to 18 of 101, columns 0 to 42 of 101]
3.318137675524e-02 5.930828303099e-02 5.255402997136e-02 3.144944831729e-02 2.641195990145e-02 3.441780433059e-02 6.857251375914e-02 9.558650851250e-02 8.548294007778e-02 5.103874579072e-02 3.228437155485e-02 3.710804507136e-02 3.939500823617e-02 3.803578019142e-02 3.261497989297e-02 4.969524219632e-02 7.468777894974e-02 8.644039928913e-02 6.157512217760e-02 3.999560326338e-02 4.555942118168e-02 4.875747859478e-02 3.595145419240e-02 3.223958238959e-02 3.425247967243e-02 4.682860150933e-02 6.846187263727e-02 7.819023728371e-02 1.018000468612e-01 8.111939579248e-02 6.224555149674e-02 5.849067494273e-02 5.075746402144e-02 4.027330875397e-02 3.276428952813e-02 3.172450140119e-02 2.916808426380e-02 3.953593596816e-02 5.550216510892e-02 6.367061287165e-02 5.333023518324e-02 4.525729268789e-02 4.311494529247e-02
6.141561269760e-02 1.159015148878e-01 1.136784777045e-01 7.939207553864e-02 5.606742948294e-02 6.655149906874e-02 1.319768130779e-01 1.824992299080e-01 1.614523828030e-01 9.406471997499e-02 5.543743818998e-02 6.340307742357e-02 6.696226447821e-02 6.375041604042e-02 5.562124028802e-02 7.391209900379e-02 1.176737844944e-01 1.540286540985e-01 1.390568614006e-01 8.288062363863e-02 8.310227096081e-02 1.273339986801e-01 6.697009503841e-02 6.010608002543e-02 7.065020501614e-02 9.150281548500e-02 1.147742122412e-01 1.310274451971e-01 1.935923695564e-01 1.507133841515e-01 1.011782437563e-01 9.168885648251e-02 8.561156690121e-02 6.926356256008e-02 7.449659705162e-02 7.788231223822e-02 7.830137759447e-02 8.794465661049e-02 1.106404513121e-01 1.113564521074e-01 8.238896727562e-02 8.163020014763e-02 8.919513970613e-02
6.006648018956e-02 1.233016923070e-01 1.382133066654e-01 1.183879673481e-01 7.609502971172e-02 7.682780176401e-02 1.527162343264e-01 2.074767798185e-01 1.777627766132e-01 9.740060567856e-02 7.001443207264e-02 7.893992960453e-02 8.156505227089e-02 7.547169178724e-02 6.214806437492e-02 5.983872339129e-02 7.727555930614e-02 1.154439300299e-01 1.320066750050e-01 1.073048710823e-01 1.312684267759e-01 1.968471854925e-01 8.618658781052e-02 7.443960011005e-02 9.396041929722e-02 1.137437075377e-01 1.180662438273e-01 1.189027875662e-01 2.256206274033e-01 1.690129339695e-01 9.803531318903e-02 8.405575156212e-02 1.171619445086e-01 6.234100461006e-02 7.011689990759e-02 8.051760494709e-02 1.009415015578e-01 1.279075890779e-01 1.337591856718e-01 1.108218058944e-01 1.132812425494e-01 7.571867108345e-02 9.997829794884e-02
5.330235138535e-02 1.173257008195e-01 1.398760080338e-01 1.429922133684e-01 1.149543076754e-01 7.866548746824e-02 1.596256345510e-01 2.122835367918e-01 1.717871576548e-01 8.364614099264e-02 7.748758792877e-02 8.554436266422e-02 8.518170565367e-02 7.578945904970e-02 6.026818975806e-02 6.109256297350e-02 5.829508975148e-02 6.702939420938e-02 8.724080026150e-02 9.923759102821e-02 2.201868593693e-01 2.505220770836e-01 9.653593599796e-02 8.173770457506e-02 1.036416441202e-01 1.188510358334e-01 1.136908978224e-01 1.085132509470e-01 2.260044664145e-01 1.643135249615e-01 8.323293924332e-02 6.766416132450e-02 1.350489109755e-01 7.179230451584e-02 7.854738086462e-02 1.111049354076e-01 1.374804824591e-01 1.432720571756e-01 1.212666928768e-01 1.403608024120e-01 1.367828547955e-01 8.395083993673e-02 9.164996445179e-02
5.213144049048e-02 1.122347638011e-01 1.328768879175e-01 1.469914466143e-01 1.406890749931e-01 9.944883733988e-02 1.628877520561e-01 2.120757997036e-01 1.610323488712e-01 7.093419134617e-02 8.310680836439e-02 8.847367018461e-02 8.567591011524e-02 8.528549969196e-02 7.829938083887e-02 6.611750274897e-02 6.440832465887e-02 6.352642178535e-02 8.995137363672e-02 1.822825819254e-01 3.060862720013e-01 2.752297222614e-01 1.035876274109e-01 1.164315491915e-01 1.036889478564e-01 1.161187663674e-01 1.041568070650e-01 1.080076098442e-01 2.139312922955e-01 1.547847986221e-01 9.835900366306e-02 7.693129032850e-02 1.439911574125e-01 8.801699429750e-02 1.235297024250e-01 1.478768289089e-01 1.494933962822e-01 1.261847019196e-01 8.686640113592e-02 1.440687775612e-01 1.672230064869e-01 1.121848970652e-01 7.259328663349e-02
4.865762963891e-02 9.788695722818e-02 1.183137372136e-01 1.294627636671e-01 1.436672210693e-01 1.196327209473e-01 1.627522110939e-01 2.052450925112e-01 1.451222747564e-01 7.877393066883e-02 8.825379610062e-02 9.690427780151e-02 1.032896563411e-01 9.996274858713e-02 8.993204683065e-02 7.319724559784e-02 5.923228338361e-02 6.727974861860e-02 1.432378143072e-01 2.598901391029e-01 3.561357259750e-01 2.718572020531e-01 1.165073141456e-01 1.773046106100e-01 1.090209111571e-01 1.088762357831e-01 9.329384565353e-02 1.174389421940e-01 1.913640946150e-01 1.547357738018e-01 9.940929710865e-02 8.372364938259e-02 1.669957935810e-01 1.318494826555e-01 1.564928293228e-01 1.547048836946e-01 1.283970624208e-01 8.878158032894e-02 9.777723997831e-02 1.357357501984e-01 2.048285752535e-01 1.303372979164e-01 7.065232843161e-02
6.129503995180e-02 1.088767647743e-01 1.004543676972e-01 9.945397824049e-02 1.240070015192e-01 1.201568469405e-01 1.601861417294e-01 1.961572617292e-01 1.302236765623e-01 8.686453104019e-02 9.747055917978e-02 1.109281703830e-01 1.124060675502e-01 1.045310050249e-01 8.897015452385e-02 8.400350809097e-02 7.965928316116e-02 9.919949620962e-02 1.933410614729e-01 3.105321526527e-01 3.688017427921e-01 2.482833713293e-01 1.542451828718e-01 2.247438281775e-01 1.579700857401e-01 9.911708533764e-02 9.123502671719e-02 2.178448289633e-01 3.055008947849e-01 1.971193701029e-01 1.102673113346e-01 9.368389844894e-02 1.833967715502e-01 1.545988172293e-01 1.545836329460e-01 1.283519417048e-01 8.946277201176e-02 9.799118340015e-02 1.420199126005e-01 1.792993396521e-01 2.103709280491e-01 1.541026383638e-01 7.051582634449e-02
6.219037622213e-02 1.244064494967e-01 1.285542398691e-01 9.305150061846e-02 8.882518857718e-02 1.005689501762e-01 1.579536944628e-01 1.917766183615e-01 1.212778389454e-01 9.389041364193e-02 1.100515127182e-01 1.174716427922e-01 1.135934740305e-01 1.002150997519e-01 9.389400482178e-02 1.063703596592e-01 1.185704320669e-01 1.309582442045e-01 2.370215505362e-01 3.369304239750e-01 3.619890809059e-01 2.231422960758e-01 1.673787087202e-01 2.471141070127e-01 1.921396702528e-01 1.224074438214e-01 8.792876452208e-02 3.311214148998e-01 4.281782805920e-01 2.311302423477e-01 1.205099672079e-01 1.127846390009e-01 1.811341643333e-01 1.419370323420e-01 1.316733956337e-01 9.343606978655e-02 9.379876405001e-02 1.397704333067e-01 1.846733689308e-01 2.039978653193e-01 1.849936097860e-01 1.931295692921e-01 8.133554458618e-02
5.378400161862e-02 1.176015362144e-01 1.462523043156e-01 1.331341862679e-01 8.844923228025e-02 8.691985905170e-02 1.562349200249e-01 1.901070177555e-01 1.167306005955e-01 1.048523709178e-01 1.166769415140e-01 1.178119182587e-01 1.078454703093e-01 9.273597598076e-02 9.783661365509e-02 1.130963936448e-01 1.534011214972e-01 1.571622043848e-01 2.615783810616e-01 3.318096697330e-01 3.284859955311e-01 1.936456859112e-01 1.707548499107e-01 2.362605780363e-01 2.072836756706e-01 1.413622051477e-01 1.109796464443e-01 4.272159636021e-01 4.998323023319e-01 2.546494007111e-01 1.321974992752e-01 1.075220033526e-01 1.837686449289e-01 1.226692721248e-01 1.445630937815e-01 1.448649168015e-01 1.401144415140e-01 1.879362016916e-01 2.162069529295e-01 2.043950259686e-01 1.501512527466e-01 2.397509366274e-01 9.551284462214e-02
5.451460555196e-02 9.765680134296e-02 1.378598064184e-01 1.561855077744e-01 1.332321017981e-01 8.790999650955e-02 1.566162258387e-01 1.898040920496e-01 1.140568405390e-01 1.109357997775e-01 1.169869080186e-01 1.120017766953e-01 1.221616789699e-01 1.330247819424e-01 1.391092240810e-01 1.410383582115e-01 1.665174812078e-01 1.819762289524e-01 2.692867815495e-01 3.077675700188e-01 2.845853567123e-01 1.650308519602e-01 1.542371660471e-01 2.064639031887e-01 2.002051919699e-01 1.452697366476e-01 1.200016960502e-01 4.848283231258e-01 5.309184193611e-01 2.638156414032e-01 1.159155145288e-01 9.313575178385e-02 1.991684287786e-01 1.217618063092e-01 1.480158120394e-01 1.507243961096e-01 1.948089301586e-01 2.243601679802e-01 2.195242941380e-01 1.758314669132e-01 1.258008927107e-01 2.604898810387e-01 1.319463253021e-01
5.473710969090e-02 1.096809208393e-01 1.136463135481e-01 1.493849754333e-01 1.635083258152e-01 1.315013915300e-01 1.552326977253e-01 1.867870092392e-01 1.103119626641e-01 1.120530962944e-01 1.228946372867e-01 1.438458561897e-01 1.594719737768e-01 1.681169718504e-01 1.721021831036e-01 1.735802292824e-01 1.717308461666e-01 2.256987839937e-01 3.165633082390e-01 3.355325460434e-01 2.820050716400e-01 2.084205895662e-01 1.463008224964e-01 1.760685294867e-01 1.805636882782e-01 1.293798089027e-01 1.391238570213e-01 5.115033388138e-01 5.432189702988e-01 2.583557367325e-01 1.112744957209e-01 1.050023511052e-01 1.951346844435e-01 1.294181197882e-01 1.719096750021e-01 2.085533440113e-01 2.326312214136e-01 2.281956523657e-01 1.892810165882e-01 1.461116969585e-01 1.424257457256e-01 2.502909004688e-01 1.716533899307e-01
4.631757363677e-02 9.757141768932e-02 1.168455779552e-01 1.242032051086e-01 1.614138633013e-01 1.702060103416e-01 1.505445986986e-01 1.800092160702e-01 1.094291135669e-01 1.324904859066e-01 1.541597992182e-01 1.717900633812e-01 1.838383525610e-01 1.906953901052e-01 1.929774880409e-01 1.925443112850e-01 1.904799640179e-01 3.002844154835e-01 4.106442630291e-01 4.268356859684e-01 3.677569031715e-01 2.880873084068e-01 2.107150554657e-01 1.494039297104e-01 2.099126279354e-01 2.011856436729e-01 1.703194379807e-01 4.907843172550e-01 4.805553257465e-01 2.350503504276e-01 1.437836736441e-01 1.702112257481e-01 1.837011575699e-01 2.065831571817e-01 2.343025356531e-01 2.448168098927e-01 2.347846776247e-01 2.027009427547e-01 1.941779553890e-01 2.250003963709e-01 1.693480908871e-01 2.139622569084e-01 2.057292610407e-01
3.989882022142e-02 7.590414583683e-02 9.717448800802e-02 1.150365173817e-01 1.364235877991e-01 1.729826778173e-01 1.739021986723e-01 1.702865362167e-01 1.358481049538e-01 1.579432040453e-01 1.737290471792e-01 1.837457269430e-01 1.896990388632e-01 1.929550319910e-01 1.931172609329e-01 1.920304000378e-01 1.919512152672e-01 3.303595483303e-01 4.465050995350e-01 4.559657871723e-01 3.941476345062e-01 3.208543360233e-01 2.507031559944e-01 1.832723766565e-01 2.822859585285e-01 2.729503810406e-01 2.301359921694e-01 4.272484779358e-01 3.769675195217e-01 1.998526155949e-01 2.516558468342e-01 2.840519845486e-01 2.829686105251e-01 2.736884057522e-01 2.664839327335e-01 2.583156228065e-01 2.504777908325e-01 2.376363426447e-01 2.173562347889e-01 3.048211932182e-01 1.895701587200e-01 1.626856625080e-01 2.651229202747e-01
4.942770302296e-02 9.602636098862e-02 9.444420039654e-02 8.840139955282e-02 1.083989813924e-01 1.483575999737e-01 1.851020157337e-01 1.766824275255e-01 1.511417478323e-01 1.679635643959e-01 1.763455122709e-01 1.789861023426e-01 1.775988042355e-01 1.734608709812e-01 1.688314527273e-01 1.678494513035e-01 1.720045059919e-01 3.031005561352e-01 4.015794694424e-01 4.151295125484e-01 3.726706802845e-01 3.158673942089e-01 2.606553137302e-01 2.058886736631e-01 2.788431346416e-01 2.880987823009e-01 2.544679045677e-01 3.494759798050e-01 2.749078869820e-01 2.187798917294e-01 2.954397201538e-01 3.342956304550e-01 3.189669549465e-01 2.879615426064e-01 2.588234841824e-01 2.434130758047e-01 2.298565506935e-01 2.141354829073e-01 1.957238167524e-01 3.223261535168e-01 2.952670156956e-01 1.680424660444e-01 3.011328577995e-01
6.375803798437e-02 1.275326758623e-01 1.281365901232e-01 1.257491856813e-01 1.215898096561e-01 1.155117452145e-01 1.622370034456e-01 1.978164017200e-01 1.749869585037e-01 1.642311811447e-01 1.663075834513e-01 1.626271456480e-01 1.552737951279e-01 1.455005109310e-01 1.369863897562e-01 1.385881453753e-01 1.400899887085e-01 2.392737716436e-01 3.084304630756e-01 3.253130912781e-01 3.043828904629e-01 2.733008861542e-01 2.411499768496e-01 2.066706866026e-01 2.183897793293e-01 2.382363229990e-01 2.327937483788e-01 3.553425669670e-01 2.014261335135e-01 2.224662303925e-01 2.883094251156e-01 3.203493654728e-01 3.067296147346e-01 2.536692619324e-01 1.872528642416e-01 1.938842833042e-01 1.653305590153e-01 1.749645173550e-01 1.703937351704e-01 2.656981348991e-01 3.938804864883e-01 1.703719198704e-01 3.027610182762e-01
6.468288600445e-02 1.314462274313e-01 1.361621767282e-01 1.427085697651e-01 1.476744562387e-01 1.490048468113e-01 1.481797397137e-01 1.776821464300e-01 2.067665010691e-01 1.659859418869e-01 1.492701619864e-01 1.414562910795e-01 1.314162015915e-01 1.237567961216e-01 1.332385241985e-01 1.416909098625e-01 1.509632468224e-01 1.970166265965e-01 2.158048152924e-01 2.314547747374e-01 2.266816943884e-01 2.102850973606e-01 1.963284015656e-01 1.860917210579e-01 1.781189292669e-01 1.747791171074e-01 2.316633909941e-01 3.760403394699e-01 2.567231655121e-01 2.512072622776e-01 2.985353767872e-01 3.032082617283e-01 2.541490197182e-01 2.542172968388e-01 1.372611075640e-01 2.301605343819e-01 2.194117754698e-01 2.032556086779e-01 1.743887513876e-01 1.860711425543e-01 4.469295442104e-01 2.430791854858e-01 2.682806253433e-01
7.003372162580e-02 1.208962351084e-01 1.205588877201e-01 1.259216070175e-01 1.363448053598e-01 1.499848067760e-01 1.589737385511e-01 1.637488752604e-01 1.901990920305e-01 2.013462930918e-01 1.725462079048e-01 1.663190573454e-01 1.678869277239e-01 1.522066593170e-01 1.373860538006e-01 1.554019451141e-01 1.716632694006e-01 2.026663124561e-01 2.045583873987e-01 1.708970516920e-01 1.546755284071e-01 1.819163709879e-01 2.278215736151e-01 2.368875741959e-01 2.141058295965e-01 1.724878400564e-01 2.564032673836e-01 3.825894892216e-01 2.578752934933e-01 2.710480093956e-01 2.852698564529e-01 2.930420637131e-01 3.148765265942e-01 2.827868759632e-01 1.727586835623e-01 2.590822577477e-01 2.440437823534e-01 2.018886059523e-01 1.519996970892e-01 1.815775334835e-01 4.286764860153e-01 3.732135593891e-01 2.095759212971e-01
7.990967482328e-02 1.471971422434e-01 1.585174053907e-01 1.367508918047e-01 1.265084594488e-01 1.367247104645e-01 1.395346671343e-01 1.377470791340e-01 1.489708125591e-01 1.853114366531e-01 2.018764764071e-01 2.081376910210e-01 2.088537663221e-01 1.920672655106e-01 1.884220689535e-01 1.819603592157e-01 1.710050553083e-01 2.028807252645e-01 2.129157930613e-01 1.894095689058e-01 1.563543826342e-01 1.438601464033e-01 1.590261012316e-01 1.775530725718e-01 1.822473108768e-01 1.828944236040e-01 2.243331074715e-01 3.672718703747e-01 2.627363204956e-01 2.298319488764e-01 2.633846402168e-01 3.033411800861e-01 3.388304412365e-01 2.890082299709e-01 1.987568885088e-01 2.862712144852e-01 2.338315844536e-01 1.814888715744e-01 1.368581354618e-01 1.656471192837e-01 3.446758985519e-01 5.052824020386e-01 2.320232242346e-01
7.838895171881e-02 1.537181288004e-01 1.827364414930e-01 1.721400618553e-01 1.303422898054e-01 1.014026775956e-01 1.232123598456e-01 1.397837251425e-01 1.500871926546e-01 1.515163183212e-01 1.997143626213e-01 2.220202833414e-01 2.119731605053e-01 2.126945108175e-01 2.153654396534e-01 2.125974148512e-01 1.882623732090e-01 2.009639441967e-01 2.197844088078e-01 2.025524079800e-01 1.553490310907e-01 1.860566884279e-01 1.805037409067e-01 1.856401711702e-01 1.639285385609e-01 1.601193100214e-01 1.683163642883e-01 3.398337066174e-01 3.106702566147e-01 2.455877810717e-01 2.377007752657e-01 2.564758956432e-01 3.176017105579e-01 2.835912108421e-01 2.297024577856e-01 2.765388488770e-01 2.038427889347e-01 1.628679782152e-01 1.537714302540e-01 1.505456119776e-01 2.359223663807e-01 5.910245180130e-01 2.439699918032e-01
