100/SI/f60_max.grd
DSAA
101	101
32.816463539100	34.260883539100
35.556306596100	36.727886596100
2.188329381170e-04	3.589744949341e+01
[rows 76 to 94 of 101, columns 43 to 85 of 101]
5.530318617821e-02 4.704922065139e-02 8.609112352133e-02 2.168064713478e-01 2.318561077118e-01 4.615956842899e-01 7.360181808472e-01 8.271444439888e-01 5.121871829033e-01 1.433351486921e-01 5.214139223099e-01 1.168610453606e+00 8.732412457466e-01 2.274632751942e-01 1.024725586176e-01 1.451549828053e-01 1.530937254429e-01 7.826501876116e-02 7.327635586262e-02 9.127002954483e-02 3.364264369011e-01 7.702286839485e-01 1.814305931330e-01 1.225070506334e-01 8.924216777086e-02 5.981801450253e-02 3.040595352650e-02 2.614167146385e-02 2.546585723758e-02 2.401532419026e-02 2.273927070200e-02 2.369853295386e-02 2.494980394840e-02 2.646543830633e-02 2.672776766121e-02 2.486962266266e-02 2.280608937144e-02 2.131442353129e-02 2.027101814747e-02 1.965225301683e-02 2.194856479764e-02 3.361871838570e-02 4.586523398757e-02
9.003083407879e-02 1.213705688715e-01 1.552778482437e-01 1.619263291359e-01 2.225362360477e-01 3.070705831051e-01 3.958538472652e-01 3.744682073593e-01 6.005004644394e-01 8.760706186295e-01 8.682602643967e-01 4.165665805340e-01 2.954910099506e-01 2.631684839725e-01 1.696580052376e-01 1.792760193348e-01 4.960573837161e-02 3.071528486907e-02 3.772705793381e-02 4.223513975739e-02 3.201703727245e-02 3.832915052772e-02 6.069812178612e-02 6.092768907547e-02 5.527932569385e-02 3.390356153250e-02 1.659630611539e-02 1.489697303623e-02 1.735799945891e-02 1.999716833234e-02 2.132823690772e-02 2.179173752666e-02 2.167201228440e-02 2.071955986321e-02 1.801730878651e-02 1.445765886456e-02 1.158240810037e-02 1.147015579045e-02 1.215636637062e-02 1.412188075483e-02 1.772595010698e-02 3.024557046592e-02 4.047669842839e-02
1.905272156000e-01 2.876889109612e-01 1.908435374498e-01 8.982592821121e-02 1.043117046356e-01 3.815219998360e-01 1.070042133331e+00 1.424472451210e+00 1.066838502884e+00 5.262746214867e-01 2.835866510868e-01 1.823655068874e-01 1.321194022894e-01 2.125850915909e-01 1.756702363491e-01 6.569331884384e-02 2.189048193395e-02 1.996559463441e-02 2.080005966127e-02 2.818129584193e-02 2.103360183537e-02 1.916951872408e-02 2.217822335660e-02 2.498053759336e-02 2.263434790075e-02 2.063144184649e-02 1.672133244574e-02 1.739691384137e-02 1.463717315346e-02 1.674352400005e-02 1.752366870642e-02 1.632687449455e-02 1.563279144466e-02 1.510606613010e-02 1.063683629036e-02 1.025124080479e-02 1.088772434741e-02 1.084697712213e-02 1.062182150781e-02 1.124946679920e-02 1.375784352422e-02 2.624399960041e-02 3.850128501654e-02
2.714101374149e-01 3.161308169365e-01 1.066877022386e-01 1.106034815311e-01 3.919553756714e-01 7.016484737396e-01 7.238590717316e-01 6.214290857315e-01 5.181304216385e-01 2.456792145967e-01 2.168839871883e-01 2.627483606339e-01 1.617078483105e-01 1.016519591212e-01 4.502055794001e-02 2.424382604659e-02 1.535285543650e-02 1.470390614122e-02 1.412178017199e-02 1.767444796860e-02 1.569807343185e-02 1.570550911129e-02 1.461014524102e-02 1.443513575941e-02 1.397636532784e-02 1.426583714783e-02 1.378701906651e-02 1.401889696717e-02 1.508200541139e-02 1.444673258811e-02 1.463734451681e-02 1.206126436591e-02 1.336264051497e-02 1.401962246746e-02 1.115942001343e-02 8.502773940563e-03 1.017493940890e-02 1.082712039351e-02 1.087314076722e-02 1.068372372538e-02 1.098276209086e-02 1.410306710750e-02 2.372951619327e-02
1.185986697674e-01 1.946220695972e-01 2.811183333397e-01 3.664506375790e-01 4.037647247314e-01 3.315618932247e-01 3.719750642776e-01 4.594704508781e-01 6.555920839310e-01 2.546986043453e-01 2.648526430130e-01 1.608745157719e-01 6.474279612303e-02 2.742252126336e-02 1.896894909441e-02 1.542687695473e-02 1.383015513420e-02 1.246731728315e-02 1.142410561442e-02 1.081633288413e-02 1.201715506613e-02 9.268072433770e-03 9.392366744578e-03 9.357894770801e-03 9.871949441731e-03 1.036731712520e-02 1.046052761376e-02 9.580286219716e-03 8.238818496466e-03 9.886306710541e-03 9.611665271223e-03 9.333012625575e-03 1.047357078642e-02 1.169134676456e-02 1.075419876724e-02 8.431258611381e-03 9.452607482672e-03 1.061437837780e-02 1.089978683740e-02 1.105055585504e-02 1.281346753240e-02 1.537980511785e-02 1.939277723432e-02
1.306283473969e-01 3.973743021488e-01 7.364227175713e-01 4.311864972115e-01 2.776542901993e-01 4.838459789753e-01 6.439536213875e-01 8.658221364021e-01 4.238480031490e-01 2.180315703154e-01 1.027021631598e-01 5.942405015230e-02 2.512873895466e-02 1.612837612629e-02 1.138050667942e-02 9.583177044988e-03 8.799453265965e-03 8.178122341633e-03 8.396427147090e-03 8.946713991463e-03 9.234844706953e-03 8.563739247620e-03 8.289723657072e-03 8.903344161808e-03 1.063622813672e-02 1.238756440580e-02 1.354621816427e-02 1.316415611655e-02 1.039763260633e-02 8.047099225223e-03 8.016712032259e-03 7.398275658488e-03 7.510071154684e-03 9.386205114424e-03 9.719774127007e-03 9.063264355063e-03 8.595907129347e-03 1.006987690926e-02 1.063057873398e-02 1.073709316552e-02 1.228981465101e-02 1.702434383333e-02 2.303867228329e-02
2.456150054932e-01 7.710235714912e-01 5.906208753586e-01 4.805354177952e-01 5.261369347572e-01 5.034134387970e-01 3.526203632355e-01 3.414286077023e-01 2.676518857479e-01 1.369881778955e-01 4.957687854767e-02 3.069504909217e-02 1.672372408211e-02 1.076072640717e-02 8.611471392214e-03 7.068142294884e-03 7.064966019243e-03 7.545385509729e-03 7.371242623776e-03 7.097729481757e-03 7.712506223470e-03 7.955057546496e-03 7.679671980441e-03 7.698584347963e-03 9.694881737232e-03 1.190022379160e-02 1.351177785546e-02 1.347729470581e-02 1.094399299473e-02 7.453832775354e-03 7.789701689035e-03 8.065633475780e-03 6.593869533390e-03 6.908473558724e-03 8.238552138209e-03 9.200383909047e-03 9.297072887421e-03 9.215665049851e-03 1.007356215268e-02 1.051489170641e-02 1.043528970331e-02 1.183737628162e-02 1.495162397623e-02
3.312318325043e-01 5.619629025459e-01 3.346947729588e-01 2.041586786509e-01 1.362220793962e-01 1.670394986868e-01 1.455110460520e-01 1.737935543060e-01 1.476596146822e-01 5.143240094185e-02 3.575540706515e-02 2.128172852099e-02 1.774801127613e-02 1.316887233406e-02 8.214793168008e-03 6.685138214380e-03 7.264330051839e-03 7.327018305659e-03 6.671728566289e-03 6.360538769513e-03 7.380222436041e-03 8.080903440714e-03 8.455537259579e-03 8.160196244717e-03 7.563755847514e-03 9.038368239999e-03 1.008700206876e-02 9.997077286243e-03 8.263417519629e-03 6.700403988361e-03 6.921461783350e-03 7.596855983138e-03 7.248026318848e-03 6.161590106785e-03 6.290324963629e-03 7.519698701799e-03 8.358892984688e-03 8.174438029528e-03 9.300217032433e-03 1.009928714484e-02 1.028665341437e-02 1.084249839187e-02 1.216634083539e-02
4.714753329754e-01 3.895355463028e-01 1.260170489550e-01 9.551171213388e-02 1.012710034847e-01 6.090654805303e-02 8.552665263414e-02 1.397730112076e-01 9.312920272350e-02 4.535131528974e-02 3.384590521455e-02 1.903001405299e-02 1.853232271969e-02 1.755995862186e-02 1.098516490310e-02 8.687443099916e-03 7.370614912361e-03 7.048612926155e-03 6.078121718019e-03 6.130781956017e-03 7.418863009661e-03 8.896280080080e-03 9.780433960259e-03 9.136424399912e-03 7.803514599800e-03 6.693332456052e-03 7.333020213991e-03 7.834882475436e-03 7.790426257998e-03 8.272968232632e-03 7.434708066285e-03 6.862989626825e-03 6.961285136640e-03 6.313271820545e-03 6.087340414524e-03 7.330853026360e-03 8.014552295208e-03 7.806194480509e-03 8.375368081033e-03 9.421362541616e-03 9.878062643111e-03 1.106452383101e-02 1.397198438644e-02
7.459490895271e-01 3.275175690651e-01 6.425257027149e-02 4.593395441771e-02 3.530629351735e-02 4.326118901372e-02 4.655303806067e-02 1.048932224512e-01 1.062063202262e-01 6.473109871149e-02 3.227218240499e-02 1.843563653529e-02 1.594626903534e-02 1.665420830250e-02 1.365999225527e-02 8.401248604059e-03 7.319081109017e-03 6.780753377825e-03 5.635335110128e-03 6.060145329684e-03 7.592390291393e-03 9.913357906044e-03 1.081147138029e-02 9.601121768355e-03 8.062697015703e-03 7.100061513484e-03 7.585665676743e-03 8.448814041913e-03 8.823245763779e-03 8.656003512442e-03 8.018057793379e-03 6.648161914200e-03 7.626746315509e-03 6.330069620162e-03 5.927167832851e-03 6.453210022300e-03 8.111424744129e-03 8.930318988860e-03 9.513663128018e-03 1.081308908761e-02 1.241776347160e-02 1.289234776050e-02 1.253273151815e-02
6.415230035782e-01 1.977502107620e-01 4.891866818070e-02 2.757479436696e-02 2.524914033711e-02 2.929797023535e-02 5.423512309790e-02 6.937349587679e-02 8.337314426899e-02 5.819922313094e-02 3.825446218252e-02 2.140198834240e-02 1.401195395738e-02 1.204055827111e-02 1.152348890901e-02 9.731268510222e-03 8.467307314277e-03 9.302044287324e-03 7.761462591588e-03 6.689181551337e-03 8.341955021024e-03 1.114126760513e-02 1.159819029272e-02 9.741173125803e-03 8.269884623587e-03 7.534343749285e-03 7.932260632515e-03 8.905228227377e-03 9.615234099329e-03 8.973379619420e-03 7.911669090390e-03 6.544590461999e-03 7.779689505696e-03 6.014219485223e-03 5.824334453791e-03 5.591988563538e-03 6.093858741224e-03 8.027898147702e-03 1.022653188556e-02 1.316690910608e-02 1.607582531869e-02 1.722329109907e-02 1.741921901703e-02
3.377369344234e-01 6.194121018052e-02 2.917562425137e-02 2.538560889661e-02 2.122977003455e-02 2.168570458889e-02 3.498590365052e-02 1.938396506011e-02 5.063091591001e-02 7.652128487825e-02 5.435902625322e-02 4.134871810675e-02 2.068331837654e-02 1.271602697670e-02 1.086450926960e-02 1.098359841853e-02 1.164642535150e-02 1.047000009567e-02 9.240109473467e-03 8.162310346961e-03 9.978441521525e-03 1.225722022355e-02 1.180191524327e-02 9.937183000147e-03 8.867764845490e-03 8.342704735696e-03 8.382711559534e-03 9.351441636682e-03 1.016185991466e-02 9.738315828145e-03 8.142326027155e-03 6.442753132433e-03 7.341454271227e-03 6.650985684246e-03 5.778431892395e-03 5.744230933487e-03 5.534289870411e-03 5.786796100438e-03 7.394105195999e-03 1.130365300924e-02 1.543734595180e-02 1.800047233701e-02 1.947126537561e-02
9.143620729446e-02 3.537859395146e-02 2.290473319590e-02 2.190553396940e-02 1.709657534957e-02 1.553007960320e-02 1.573183387518e-02 1.476502604783e-02 1.841931603849e-02 6.311965733767e-02 6.997484713793e-02 1.024842262268e-01 6.557884067297e-02 2.356293052435e-02 1.462169550359e-02 1.218838710338e-02 1.321538351476e-02 1.563542895019e-02 1.456316094846e-02 1.165859121829e-02 1.137341093272e-02 1.274108979851e-02 1.145389862359e-02 9.884670376778e-03 9.301477111876e-03 9.209481999278e-03 9.384701959789e-03 9.558051824570e-03 1.039744447917e-02 1.044744718820e-02 9.012524038553e-03 6.950623355806e-03 6.886068731546e-03 6.889098789543e-03 6.446452811360e-03 6.603292189538e-03 6.538137793541e-03 6.423470564187e-03 6.338980048895e-03 6.517053116113e-03 8.786090649664e-03 1.170202717185e-02 1.379680540413e-02
3.259581699967e-02 2.036760374904e-02 2.052380517125e-02 1.789560914040e-02 1.458338089287e-02 1.323251705617e-02 1.148460991681e-02 1.145653799176e-02 1.353261806071e-02 2.615847624838e-02 1.044851243496e-01 2.565211653709e-01 1.760224848986e-01 5.612187832594e-02 2.466683648527e-02 1.531283743680e-02 1.375419460237e-02 1.649885252118e-02 1.597727276385e-02 1.680243574083e-02 1.616951078176e-02 1.332853455096e-02 1.191512774676e-02 1.068733818829e-02 1.035840902478e-02 1.043320633471e-02 1.041296031326e-02 1.014171633869e-02 1.042096968740e-02 1.099523250014e-02 9.943833574653e-03 7.267543580383e-03 6.711570080370e-03 6.616448052227e-03 6.956262979656e-03 7.467319257557e-03 7.815281860530e-03 7.923427969217e-03 7.856032811105e-03 7.569876499474e-03 7.600235287100e-03 7.995533756912e-03 8.250142447650e-03
2.956912666559e-02 1.679274439812e-02 1.826957426965e-02 1.397526077926e-02 1.140400860459e-02 1.075556222349e-02 9.413380175829e-03 9.709208272398e-03 9.756667539477e-03 1.813104562461e-02 7.914454489946e-02 2.134769409895e-01 1.931974589825e-01 1.244856193662e-01 3.011001460254e-02 1.665664277971e-02 1.267664786428e-02 1.826238259673e-02 2.167282253504e-02 2.032456174493e-02 1.661992073059e-02 1.299506425858e-02 1.286156289279e-02 1.209343597293e-02 1.168461050838e-02 1.141235418618e-02 1.092265825719e-02 9.963111020625e-03 1.050708163530e-02 1.110316533595e-02 9.788337163627e-03 7.560779806226e-03 7.827516645193e-03 7.574638817459e-03 7.181976456195e-03 6.977735087276e-03 7.454988546669e-03 7.742281071842e-03 7.661370094866e-03 7.167973089963e-03 7.963672280312e-03 9.400856681168e-03 1.042033825070e-02
3.644995018840e-02 1.910522580147e-02 1.607672311366e-02 1.242913492024e-02 9.321639314294e-03 8.793745189905e-03 9.035666473210e-03 8.823670446873e-03 8.862043730915e-03 1.133770309389e-02 3.005850128829e-02 1.097358614206e-01 3.988186419010e-01 3.077340424061e-01 5.158925801516e-02 1.946460083127e-02 2.144696190953e-02 2.287374809384e-02 2.033265866339e-02 1.617746427655e-02 1.313870772719e-02 1.340304780751e-02 1.420183759183e-02 1.374833006412e-02 1.280921511352e-02 1.161932665855e-02 1.005149912089e-02 9.271834976971e-03 1.085864473134e-02 1.116985175759e-02 1.002980209887e-02 1.113991811872e-02 1.116657909006e-02 1.056011579931e-02 9.498065337539e-03 7.385753095150e-03 6.210692692548e-03 6.187014281750e-03 6.356844678521e-03 6.831045262516e-03 8.025825954974e-03 1.000187546015e-02 1.238811481744e-02
3.859385848045e-02 2.168529853225e-02 1.626284979284e-02 1.084475498646e-02 8.134574629366e-03 8.531892672181e-03 8.426329120994e-03 8.580954745412e-03 7.722218520939e-03 8.675361052155e-03 1.699193567038e-02 5.582792684436e-02 1.937738209963e-01 1.707566529512e-01 5.699948221445e-02 3.242514282465e-02 2.664340287447e-02 2.066609822214e-02 1.591538265347e-02 1.273903530091e-02 1.268762163818e-02 1.353236380965e-02 1.438303943723e-02 1.367375999689e-02 1.180740632117e-02 9.577423334122e-03 7.993036881089e-03 8.704651147127e-03 1.091845985502e-02 1.148352026939e-02 1.188712008297e-02 1.306043751538e-02 1.296631060541e-02 1.207652129233e-02 1.026519201696e-02 7.723780814558e-03 7.912565954030e-03 8.214824832976e-03 8.702244609594e-03 9.116369299591e-03 9.230042807758e-03 1.029550004750e-02 1.328183431178e-02
3.607678040862e-02 1.938916184008e-02 1.367974840105e-02 8.516701869667e-03 7.811364252120e-03 8.425750769675e-03 8.139697834849e-03 7.042530458421e-03 5.598175805062e-03 7.826860994101e-03 1.445619855076e-02 2.470574155450e-02 6.834016740322e-02 8.113331347704e-02 5.872124806046e-02 3.594415634871e-02 2.272254973650e-02 1.614215970039e-02 1.495198067278e-02 1.451554801315e-02 1.306628156453e-02 1.235168892890e-02 1.194393634796e-02 1.049063727260e-02 8.273543789983e-03 7.446107454598e-03 7.345788646489e-03 7.846602238715e-03 1.018440071493e-02 1.139580272138e-02 8.441333658993e-03 9.178703650832e-03 9.179566986859e-03 8.582921698689e-03 8.348405361176e-03 9.123678319156e-03 9.860115125775e-03 1.083529088646e-02 1.189794857055e-02 1.249657757580e-02 1.226940937340e-02 1.143284142017e-02 1.303695514798e-02
3.222943469882e-02 1.433772034943e-02 9.831416420639e-03 6.104215048254e-03 7.313958834857e-03 8.115153759718e-03 7.774581667036e-03 6.417123600841e-03 4.741510376334e-03 7.045828737319e-03 1.299101673067e-02 2.010305412114e-02 4.754738882184e-02 6.094337999821e-02 4.734700173140e-02 2.802166529000e-02 1.734175533056e-02 1.608247309923e-02 1.582091860473e-02 1.325956359506e-02 1.053860317916e-02 8.800217881799e-03 7.698210421950e-03 6.449356209487e-03 6.103798747063e-03 6.003093440086e-03 6.020779255778e-03 6.671573501080e-03 8.874529972672e-03 1.038739178330e-02 8.063853718340e-03 6.328188348562e-03 6.027324590832e-03 7.701115682721e-03 9.109438396990e-03 1.034564152360e-02 1.177822053432e-02 1.356052514166e-02 1.523196604103e-02 1.591150835156e-02 1.513427589089e-02 1.334409322590e-02 1.285286992788e-02
