100/SI/f61.grd
DSAA
101	101
32.816463539100	34.260883539100
35.556306596100	36.727886596100
2.078919351334e-04	3.408944320679e+01
[rows 0 to 18 of 101, columns 0 to 42 of 101]
3.152044489980e-02 5.633951723576e-02 4.992325603962e-02 2.987512759864e-02 2.508689276874e-02 3.269412741065e-02 6.513874977827e-02 9.080079942942e-02 8.120390772820e-02 4.848463833332e-02 3.066971711814e-02 3.525196760893e-02 3.742437437177e-02 3.613302484155e-02 3.098330646753e-02 4.720783233643e-02 7.094912230968e-02 8.211275190115e-02 5.849172174931e-02 3.799791261554e-02 4.327910766006e-02 4.631546139717e-02 3.415648639202e-02 3.063019737601e-02 3.253936022520e-02 4.448633268476e-02 6.503216177225e-02 7.427323609591e-02 9.669478237629e-02 7.705081254244e-02 5.913315713406e-02 5.556627362967e-02 4.821993410587e-02 3.826010972261e-02 3.112467937171e-02 3.013691864908e-02 2.770837210119e-02 3.755797818303e-02 5.272530019283e-02 6.048507615924e-02 5.066212639213e-02 4.298900440335e-02 4.095375910401e-02
5.834122002125e-02 1.100995317101e-01 1.079875230789e-01 7.541745156050e-02 5.325729399920e-02 6.321836262941e-02 1.253676414490e-01 1.733614653349e-01 1.533700823784e-01 8.935730159283e-02 5.266455933452e-02 6.023151427507e-02 6.361242383718e-02 6.056107580662e-02 5.283753201365e-02 7.021196931601e-02 1.117827743292e-01 1.463167816401e-01 1.320934593678e-01 7.872944325209e-02 7.894256711006e-02 1.209570989013e-01 6.361491978168e-02 5.709175765514e-02 6.711630523205e-02 8.692567795515e-02 1.090240478516e-01 1.244630292058e-01 1.838833987713e-01 1.431541740894e-01 9.611886739731e-02 8.710439503193e-02 8.131231367588e-02 6.579731404781e-02 7.076834887266e-02 7.398457080126e-02 7.438255101442e-02 8.354431390762e-02 1.051045060158e-01 1.057848185301e-01 7.826688885689e-02 7.753886282444e-02 8.472411334515e-02
5.705922842026e-02 1.171284839511e-01 1.312931329012e-01 1.124601140618e-01 7.228469848633e-02 7.297957688570e-02 1.450675874949e-01 1.970871835947e-01 1.688630282879e-01 9.252581000328e-02 6.651200354099e-02 7.499077916145e-02 7.748436182737e-02 7.169570028782e-02 5.903854966164e-02 5.684366077185e-02 7.340589910746e-02 1.096629649401e-01 1.253958344460e-01 1.019303500652e-01 1.246938854456e-01 1.869897842407e-01 8.186896890402e-02 7.070637494326e-02 8.926001191139e-02 1.080534756184e-01 1.121600344777e-01 1.129449382424e-01 2.143047600985e-01 1.605356633663e-01 9.313270449638e-02 7.985262572765e-02 1.112784445286e-01 5.920977145433e-02 6.660759449005e-02 7.648758590221e-02 9.589016437531e-02 1.215068921447e-01 1.270658969879e-01 1.052765771747e-01 1.076155751944e-01 7.192364335060e-02 9.496679157019e-02
5.063439160585e-02 1.114544421434e-01 1.328716576099e-01 1.358314156532e-01 1.091972738504e-01 7.472461462021e-02 1.516297459602e-01 2.016515433788e-01 1.631851345301e-01 7.945906370878e-02 7.361066341400e-02 8.126422762871e-02 8.091960847378e-02 7.199718803167e-02 5.725240334868e-02 5.803445726633e-02 5.537705123425e-02 6.367184966803e-02 8.287101238966e-02 9.426539391279e-02 2.091593891382e-01 2.379773706198e-01 9.169416129589e-02 7.763828337193e-02 9.845637530088e-02 1.129046753049e-01 1.080029606819e-01 1.030708476901e-01 2.146683335304e-01 1.560713499784e-01 7.905764877796e-02 6.426756083965e-02 1.282672137022e-01 6.818629056215e-02 7.461588084698e-02 1.055439263582e-01 1.305996328592e-01 1.361017376184e-01 1.151980683208e-01 1.333343237638e-01 1.299414634705e-01 7.974783331156e-02 8.705598860979e-02
4.952201619744e-02 1.066180169582e-01 1.262278705835e-01 1.396294385195e-01 1.336423456669e-01 9.446739405394e-02 1.547270566225e-01 2.014521658421e-01 1.529671549797e-01 6.738457083702e-02 7.894797623158e-02 8.404631912708e-02 8.137727528811e-02 8.100615441799e-02 7.436989247799e-02 6.279847025871e-02 6.118410825729e-02 6.035308167338e-02 8.544262498617e-02 1.731504946947e-01 2.907572984695e-01 2.614480853081e-01 9.839171916246e-02 1.105974763632e-01 9.850085526705e-02 1.103085279465e-01 9.894526749849e-02 1.025898084044e-01 2.031996995211e-01 1.470198482275e-01 9.342484921217e-02 7.306968420744e-02 1.367603689432e-01 8.361058682203e-02 1.173455864191e-01 1.404742747545e-01 1.420105248690e-01 1.198691055179e-01 8.251909911633e-02 1.368559002876e-01 1.588515192270e-01 1.065675914288e-01 6.895822286606e-02
4.622150585055e-02 9.298758208752e-02 1.123923659325e-01 1.229777932167e-01 1.364704817533e-01 1.136396452785e-01 1.545967161655e-01 1.949612945318e-01 1.378520876169e-01 7.483123987913e-02 8.383665233850e-02 9.204311668873e-02 9.810822457075e-02 9.494748711586e-02 8.541889488697e-02 6.952243298292e-02 5.626688897610e-02 6.391164660454e-02 1.360597610474e-01 2.468718588352e-01 3.383011519909e-01 2.582445740700e-01 1.106892153621e-01 1.684198677540e-01 1.035574302077e-01 1.034278944135e-01 8.862528949976e-02 1.115456819534e-01 1.817636638880e-01 1.469729989767e-01 9.442256391048e-02 7.954811304808e-02 1.586097478867e-01 1.252477467060e-01 1.486575901508e-01 1.469597667456e-01 1.219696626067e-01 8.433781564236e-02 9.288285672665e-02 1.289396882057e-01 1.945734918118e-01 1.238104030490e-01 6.711418181658e-02
5.822580307722e-02 1.034250333905e-01 9.542585909367e-02 9.447474777699e-02 1.177943423390e-01 1.141368970275e-01 1.521575301886e-01 1.863264292479e-01 1.236981153488e-01 8.251619338989e-02 9.258171916008e-02 1.053646877408e-01 1.067678779364e-01 9.928663820028e-02 8.450470119715e-02 7.979084551334e-02 7.566362619400e-02 9.422716498375e-02 1.836547553539e-01 2.949792444706e-01 3.503332138062e-01 2.358508855104e-01 1.465412378311e-01 2.134816199541e-01 1.500530987978e-01 9.415668994188e-02 8.668166399002e-02 2.069168686867e-01 2.901708483696e-01 1.872288882732e-01 1.047357693315e-01 8.898138999939e-02 1.741871535778e-01 1.468572914600e-01 1.468433290720e-01 1.219256222248e-01 8.498405665159e-02 9.308569878340e-02 1.349086463451e-01 1.703203767538e-01 1.998371779919e-01 1.463933587074e-01 6.697329133749e-02
5.907581001520e-02 1.181761771441e-01 1.221161410213e-01 8.839125931263e-02 8.437656611204e-02 9.552977234125e-02 1.500352621078e-01 1.821630299091e-01 1.151989847422e-01 8.918965607882e-02 1.045330762863e-01 1.115808188915e-01 1.078959852457e-01 9.518677741289e-02 8.918425440788e-02 1.010362133384e-01 1.126236915588e-01 1.243959367275e-01 2.251499891281e-01 3.200569152832e-01 3.438613116741e-01 2.119682133198e-01 1.590175181627e-01 2.347308099270e-01 1.825100034475e-01 1.162713542581e-01 8.352044969797e-02 3.145131468773e-01 4.066938459873e-01 2.195314168930e-01 1.144644469023e-01 1.071359440684e-01 1.720383614302e-01 1.348289996386e-01 1.250634193420e-01 8.874562382698e-02 8.910251408815e-02 1.327708661556e-01 1.754241734743e-01 1.937804818153e-01 1.757294237614e-01 1.834591627121e-01 7.725223898888e-02
5.108999833465e-02 1.117110997438e-01 1.389267891645e-01 1.264656186104e-01 8.401874452829e-02 8.256760239601e-02 1.484010964632e-01 1.805751174688e-01 1.108783707023e-01 9.959541261196e-02 1.108270660043e-01 1.119041293859e-01 1.024357080460e-01 8.808700740337e-02 9.293123334646e-02 1.074247956276e-01 1.457080990076e-01 1.492899805307e-01 2.484802901745e-01 3.151938021183e-01 3.120355904102e-01 1.839476674795e-01 1.622235774994e-01 2.244213521481e-01 1.968951672316e-01 1.342757344246e-01 1.054152920842e-01 4.057889878750e-01 4.747539162636e-01 2.418684065342e-01 1.255544424057e-01 1.021365150809e-01 1.745404154062e-01 1.165114492178e-01 1.373059153557e-01 1.376031041145e-01 1.330964118242e-01 1.785221099854e-01 2.053765803576e-01 1.941564232111e-01 1.426298767328e-01 2.277449369431e-01 9.071896225214e-02
5.177994444966e-02 9.276459366083e-02 1.309535652399e-01 1.483611315489e-01 1.265574693680e-01 8.346389979124e-02 1.487620174885e-01 1.802857518196e-01 1.083374992013e-01 1.053746044636e-01 1.111217737198e-01 1.063848659396e-01 1.160404160619e-01 1.263583451509e-01 1.321368068457e-01 1.339679658413e-01 1.581669002771e-01 1.728655099869e-01 2.558063268661e-01 2.923568487167e-01 2.703332006931e-01 1.567647308111e-01 1.465303152800e-01 1.961182504892e-01 1.901719868183e-01 1.379874944687e-01 1.139847114682e-01 4.605129063129e-01 5.042806863785e-01 2.505728602409e-01 1.100906133652e-01 8.848442882299e-02 1.891667097807e-01 1.156495213509e-01 1.405852288008e-01 1.431733369827e-01 1.850488036871e-01 2.131195962429e-01 2.085262835026e-01 1.670226007700e-01 1.194840297103e-01 2.474440336227e-01 1.253440976143e-01
5.199087411165e-02 1.041781902313e-01 1.079521477222e-01 1.419000923634e-01 1.553156375885e-01 1.249123290181e-01 1.474467664957e-01 1.774185299873e-01 1.047793328762e-01 1.064359620214e-01 1.167380064726e-01 1.366398185492e-01 1.514825224876e-01 1.596931815147e-01 1.634771823883e-01 1.648794859648e-01 1.631209403276e-01 2.143970578909e-01 3.007111847401e-01 3.187312185764e-01 2.678848505020e-01 1.979856491089e-01 1.389769911766e-01 1.672464907169e-01 1.715156883001e-01 1.228945776820e-01 1.321481317282e-01 4.858515858650e-01 5.159650444984e-01 2.453854531050e-01 1.056923195720e-01 9.975863993168e-02 1.853356957436e-01 1.229334101081e-01 1.632951945066e-01 1.981025338173e-01 2.209741473198e-01 2.167613357306e-01 1.797969937325e-01 1.387898623943e-01 1.352735459805e-01 2.377545237541e-01 1.630643457174e-01
4.399342089891e-02 9.267552196980e-02 1.109825372696e-01 1.179789602757e-01 1.533248275518e-01 1.616761535406e-01 1.429928839207e-01 1.709795147181e-01 1.039460450411e-01 1.258531808853e-01 1.464374810457e-01 1.631844043732e-01 1.746283173561e-01 1.811404973269e-01 1.833065003157e-01 1.828929781914e-01 1.809298992157e-01 2.852477133274e-01 3.900814950466e-01 4.054637253284e-01 3.493444323540e-01 2.736645042896e-01 2.001663893461e-01 1.419184803963e-01 1.994162797928e-01 1.911262422800e-01 1.617818027735e-01 4.661726951599e-01 4.564457237720e-01 2.232489138842e-01 1.365851014853e-01 1.616904288530e-01 1.745065003633e-01 1.962285637856e-01 2.225588560104e-01 2.325467467308e-01 2.230180650949e-01 1.925631016493e-01 1.844375431538e-01 2.137115448713e-01 1.608626991510e-01 2.032442241907e-01 1.954252719879e-01
3.789947181940e-02 7.210078835487e-02 9.229780733585e-02 1.092635244131e-01 1.295856535435e-01 1.643122136593e-01 1.651853024960e-01 1.617435812950e-01 1.290418207645e-01 1.500310301781e-01 1.650262475014e-01 1.745405793190e-01 1.801946610212e-01 1.832861155272e-01 1.834384053946e-01 1.824038475752e-01 1.823263168335e-01 3.138168156147e-01 4.241467416286e-01 4.331353604794e-01 3.744138777256e-01 3.047908842564e-01 2.381518781185e-01 1.740965992212e-01 2.681679427624e-01 2.593001425266e-01 2.186283916235e-01 4.058231115341e-01 3.580539822578e-01 1.898176223040e-01 2.390527278185e-01 2.698281109333e-01 2.688016593456e-01 2.599890530109e-01 2.531253397465e-01 2.453907579184e-01 2.379471212626e-01 2.257495224476e-01 2.064848542213e-01 2.895298898220e-01 1.800539493561e-01 1.545350402594e-01 2.518430650234e-01
4.694995284081e-02 9.121009707451e-02 8.970680087805e-02 8.396402001381e-02 1.029581576586e-01 1.409200280905e-01 1.758221536875e-01 1.678241789341e-01 1.435690820217e-01 1.595486849546e-01 1.675104051828e-01 1.700179576874e-01 1.686991304159e-01 1.647671014071e-01 1.603679060936e-01 1.594331711531e-01 1.633779555559e-01 2.879231870174e-01 3.814714550972e-01 3.943440020084e-01 3.540116846561e-01 3.000523149967e-01 2.476041018963e-01 1.955785900354e-01 2.648958265781e-01 2.736889123917e-01 2.417413145304e-01 3.319503962994e-01 2.611138522625e-01 2.078217267990e-01 2.806421816349e-01 3.175534307957e-01 3.029952943325e-01 2.735234498978e-01 2.458693683147e-01 2.312324345112e-01 2.183561772108e-01 2.034230828285e-01 1.859334558249e-01 3.061569929123e-01 2.804504334927e-01 1.596208661795e-01 2.860479950905e-01
6.056168675423e-02 1.211391910911e-01 1.217128708959e-01 1.194451525807e-01 1.154944449663e-01 1.097214892507e-01 1.541020125151e-01 1.878970265388e-01 1.662117391825e-01 1.560018956661e-01 1.579734534025e-01 1.544762849808e-01 1.474901288748e-01 1.382051855326e-01 1.301162689924e-01 1.316391080618e-01 1.330615133047e-01 2.272925972939e-01 2.929870784283e-01 3.090249300003e-01 2.891426980495e-01 2.596159279346e-01 2.290732115507e-01 1.963190436363e-01 2.074655145407e-01 2.263194918633e-01 2.211495935917e-01 3.375137746334e-01 1.913183778524e-01 2.113078534603e-01 2.738488912582e-01 3.042827546597e-01 2.913473248482e-01 2.409490644932e-01 1.778806149960e-01 1.841433942318e-01 1.570348292589e-01 1.661867350340e-01 1.618463397026e-01 2.523674666882e-01 3.741179704666e-01 1.618323624134e-01 2.875931859016e-01
6.144011020660e-02 1.248564720154e-01 1.293360888958e-01 1.355540901423e-01 1.402709335089e-01 1.415346413851e-01 1.407484859228e-01 1.687708795071e-01 1.963961273432e-01 1.576603651047e-01 1.417877525091e-01 1.343637555838e-01 1.248251348734e-01 1.175491660833e-01 1.265549659729e-01 1.345856636763e-01 1.433932930231e-01 1.871287524700e-01 2.049989998341e-01 2.198656797409e-01 2.153313159943e-01 1.997544467449e-01 1.864946037531e-01 1.767687499523e-01 1.691945046186e-01 1.660223752260e-01 2.200419753790e-01 3.571703135967e-01 2.438459396362e-01 2.386062741280e-01 2.835600972176e-01 2.879994213581e-01 2.414181828499e-01 2.414807528257e-01 1.303900480270e-01 2.185972183943e-01 2.084020227194e-01 1.930577307940e-01 1.656402051449e-01 1.767330020666e-01 4.245053827763e-01 2.308719605207e-01 2.548386752605e-01
6.652371585369e-02 1.148364767432e-01 1.145033389330e-01 1.195949912071e-01 1.295091509819e-01 1.424649208784e-01 1.510029435158e-01 1.555358320475e-01 1.806581169367e-01 1.912457942963e-01 1.638957858086e-01 1.579810976982e-01 1.594682335854e-01 1.445742100477e-01 1.304934769869e-01 1.476208716631e-01 1.630667597055e-01 1.924933642149e-01 1.942907869816e-01 1.623630374670e-01 1.469298899174e-01 1.727817952633e-01 2.163865715265e-01 2.249986529350e-01 2.033603638411e-01 1.638351976871e-01 2.435422986746e-01 3.633870482445e-01 2.449405789375e-01 2.574515640736e-01 2.709597945213e-01 2.783447504044e-01 2.990913391113e-01 2.686162889004e-01 1.640872210264e-01 2.460661083460e-01 2.317968755960e-01 1.917579770088e-01 1.443731635809e-01 1.724684685469e-01 4.071663320065e-01 3.544792234898e-01 1.990535408258e-01
7.590421289206e-02 1.398181170225e-01 1.505695432425e-01 1.298930644989e-01 1.201521158218e-01 1.298552155495e-01 1.325246393681e-01 1.308397799730e-01 1.415009647608e-01 1.760139167309e-01 1.917473226786e-01 1.976935565472e-01 1.983757764101e-01 1.824302673340e-01 1.789753884077e-01 1.728377193213e-01 1.624314934015e-01 1.926954090595e-01 2.022269815207e-01 1.799058318138e-01 1.485087126493e-01 1.366412788630e-01 1.510377973318e-01 1.686372011900e-01 1.730972975492e-01 1.737213730812e-01 2.130822539330e-01 3.488345444202e-01 2.495417296886e-01 2.183036357164e-01 2.501728236675e-01 2.881264388561e-01 3.218413591385e-01 2.745219767094e-01 1.887798607349e-01 2.718892991543e-01 2.220952212811e-01 1.723797917366e-01 1.299827843904e-01 1.573364883661e-01 3.273779749870e-01 4.799222946167e-01 2.203833907843e-01
7.445924729109e-02 1.460112631321e-01 1.735731661320e-01 1.635065376759e-01 1.238041073084e-01 9.630430489779e-02 1.170196682215e-01 1.327603161335e-01 1.425485312939e-01 1.439067274332e-01 1.896957308054e-01 2.108822613955e-01 2.013451457024e-01 2.020311802626e-01 2.045583575964e-01 2.019280791283e-01 1.788115054369e-01 1.908731907606e-01 2.087489962578e-01 1.923896819353e-01 1.475400179625e-01 1.767196208239e-01 1.714784353971e-01 1.763527691364e-01 1.557230204344e-01 1.520903259516e-01 1.598761379719e-01 3.227711319923e-01 2.950667440891e-01 2.332784980536e-01 2.257816940546e-01 2.436122149229e-01 3.016753196716e-01 2.693713605404e-01 2.181918323040e-01 2.626460194588e-01 1.936089992523e-01 1.546909660101e-01 1.460457444191e-01 1.430042088032e-01 2.240853905678e-01 5.613613128662e-01 2.317369133234e-01
