100/SI/f61.grd
DSAA
101	101
32.816463539100	34.260883539100
35.556306596100	36.727886596100
2.078919351334e-04	3.408944320679e+01
[rows 38 to 56 of 101, columns 0 to 42 of 101]
8.138450235128e-02 1.717305630445e-01 1.857375800610e-01 1.934910863638e-01 2.294137924910e-01 2.812456190586e-01 3.248242437840e-01 3.700960874557e-01 4.067957699299e-01 3.715598583221e-01 3.049513995647e-01 2.488862574100e-01 2.457573711872e-01 2.421166598797e-01 2.579170167446e-01 2.925278544426e-01 3.310850560665e-01 6.070726513863e-01 9.838992357254e-01 1.055911183357e+00 8.507912158966e-01 7.178999781609e-01 4.794107675552e-01 5.618360638618e-01 1.116815567017e+00 1.451890826225e+00 1.398561000824e+00 1.000365972519e+00 7.180899381638e-01 7.951809763908e-01 8.398443460464e-01 1.032216548920e+00 1.415045976639e+00 1.388914465904e+00 1.303153991699e+00 7.797130346298e-01 1.065838813782e+00 1.198592424393e+00 1.185885548592e+00 1.821251511574e+00 2.000215768814e+00 2.950299263000e+00 2.380764484406e+00
1.199019774795e-01 2.134902626276e-01 1.790585666895e-01 1.752764582634e-01 2.490730434656e-01 3.030502498150e-01 3.984358012676e-01 5.014775991440e-01 5.593665242195e-01 5.238041281700e-01 3.805831968784e-01 2.979092895985e-01 2.565874755383e-01 2.620595991611e-01 2.811787426472e-01 3.038762807846e-01 3.237939178944e-01 3.412326872349e-01 5.351970791817e-01 7.493585944176e-01 7.655508518219e-01 7.478124499321e-01 7.723943591118e-01 6.437820196152e-01 5.962689518929e-01 6.624482870102e-01 8.953346014023e-01 1.685620546341e+00 2.258548974991e+00 2.291307210922e+00 1.796963334084e+00 8.858510255814e-01 9.985066056252e-01 8.502831459045e-01 1.696825265884e+00 1.521127581596e+00 9.898518323898e-01 1.193717002869e+00 1.465678334236e+00 1.666078448296e+00 2.230523586273e+00 2.692244052887e+00 3.156768798828e+00
1.383078098297e-01 2.754857540131e-01 2.610075771809e-01 2.263399064541e-01 2.990419566631e-01 3.680557906628e-01 4.468500018120e-01 5.882262587547e-01 6.377127766609e-01 6.356859803200e-01 4.347611367702e-01 2.920170724392e-01 2.940732240677e-01 2.544791698456e-01 2.120351940393e-01 2.385031282902e-01 2.782274186611e-01 3.025182485580e-01 3.182058632374e-01 4.227079153061e-01 6.238694787025e-01 8.771538138390e-01 1.053455471992e+00 1.061802983284e+00 1.039417743683e+00 6.915199756622e-01 5.477231144905e-01 5.784232616425e-01 5.614587664604e-01 7.111312747002e-01 1.498588323593e+00 2.385398149490e+00 2.826299428940e+00 2.359608650208e+00 1.194300532341e+00 1.186716794968e+00 2.081387042999e+00 1.731344103813e+00 1.792959809303e+00 1.787714242935e+00 1.663651585579e+00 2.229496240616e+00 3.380120515823e+00
1.979632079601e-01 3.358035683632e-01 3.902623057365e-01 4.009479582310e-01 3.613078892231e-01 4.320399463177e-01 4.312075972557e-01 4.141059517860e-01 4.140254855156e-01 5.082141757011e-01 5.486673116684e-01 4.760622382164e-01 3.529739379883e-01 3.138098120689e-01 3.191755115986e-01 3.950571119785e-01 4.584470689297e-01 5.128501057625e-01 5.013077855110e-01 3.645175397396e-01 4.066689908504e-01 5.363454222679e-01 6.087870001793e-01 8.169632554054e-01 1.014736175537e+00 1.205880284309e+00 1.345513224602e+00 1.305912613869e+00 1.340839743614e+00 1.462905764580e+00 1.617577433586e+00 1.581573963165e+00 2.446841239929e+00 2.764975786209e+00 1.974819064140e+00 2.500511169434e+00 2.773946762085e+00 2.356055021286e+00 2.659530162811e+00 2.149032831192e+00 1.507896780968e+00 2.635986566544e+00 2.203820228577e+00
2.031626552343e-01 3.570916950703e-01 3.957290649414e-01 3.669041097164e-01 3.992949426174e-01 5.036559104919e-01 5.002864003181e-01 4.335801601410e-01 5.223055481911e-01 4.347557127476e-01 4.132086634636e-01 5.768188834190e-01 5.989311933517e-01 4.514093697071e-01 4.178710877895e-01 3.850694000721e-01 3.939255177975e-01 5.277680158615e-01 7.117542624474e-01 7.235558629036e-01 4.637040793896e-01 5.270430445671e-01 6.719828844070e-01 5.591325163841e-01 6.460031270981e-01 7.797549366951e-01 1.030618071556e+00 1.557628393173e+00 2.097777843475e+00 1.920529246330e+00 1.818907976151e+00 1.351135969162e+00 1.346018314362e+00 2.527961969376e+00 2.430616617203e+00 3.065438747406e+00 2.027022838593e+00 2.872156381607e+00 2.518932580948e+00 3.636504888535e+00 3.757860898972e+00 2.950881481171e+00 3.326856851578e+00
3.938305079937e-01 7.636143565178e-01 5.705063343048e-01 4.779947102070e-01 4.677151441574e-01 4.208893477917e-01 4.306164681911e-01 5.239126682281e-01 5.188632607460e-01 4.212217628956e-01 5.267418026924e-01 3.590211272240e-01 4.600926339626e-01 6.451095342636e-01 5.603069067001e-01 4.847303032875e-01 6.070878505707e-01 1.317521333694e+00 1.552621841431e+00 8.464785814285e-01 9.066747426987e-01 5.337855815887e-01 6.270102262497e-01 8.895618915558e-01 5.937621593475e-01 5.435713529587e-01 5.698229074478e-01 6.251592636108e-01 7.982935309410e-01 9.076300859451e-01 9.697237610817e-01 1.057038784027e+00 1.439081192017e+00 2.266870021820e+00 1.554733514786e+00 1.440340042114e+00 2.115755319595e+00 2.409335851669e+00 1.606729745865e+00 3.318983554840e+00 3.410779953003e+00 3.719730854034e+00 4.566802501678e+00
6.274974942207e-01 1.150837779045e+00 9.330235719681e-01 7.257074117661e-01 6.691409945488e-01 5.448907017708e-01 7.508438229561e-01 6.589097380638e-01 6.611724495888e-01 5.174701213837e-01 4.047482013702e-01 4.971920847893e-01 4.460534453392e-01 2.910704016685e-01 5.460365414619e-01 6.404880881310e-01 4.664501547813e-01 4.002454876900e-01 7.315881252289e-01 4.839671254158e-01 8.422470688820e-01 1.000686287880e+00 9.942448139191e-01 8.680024147034e-01 1.193551301956e+00 7.337058782578e-01 6.819511651993e-01 8.830255270004e-01 1.034516215324e+00 7.902846336365e-01 1.007019758224e+00 1.240829944611e+00 1.470735669136e+00 1.727104663849e+00 2.195138454437e+00 1.665090799332e+00 1.854317665100e+00 2.073423624039e+00 1.964839935303e+00 2.820867776871e+00 2.622753143311e+00 3.790279626846e+00 3.859463691711e+00
2.483097761869e-01 5.173664689064e-01 6.179725527763e-01 7.285313010216e-01 7.451018691063e-01 8.280216455460e-01 8.752096295357e-01 7.551715373993e-01 6.771804094315e-01 6.485236287117e-01 6.042422056198e-01 5.591877102852e-01 5.303574800491e-01 4.971086680889e-01 5.381146073341e-01 4.592986106873e-01 3.265388011932e-01 3.868218362331e-01 4.072317183018e-01 5.560377836227e-01 5.207423567772e-01 8.595561981201e-01 9.283719062805e-01 9.988432526588e-01 1.164612770081e+00 1.315807223320e+00 1.435650944710e+00 1.494953274727e+00 1.527418255806e+00 1.645573496819e+00 1.671449899673e+00 1.758121609688e+00 1.867400765419e+00 1.551024198532e+00 1.331399202347e+00 1.872796893120e+00 2.250640153885e+00 3.461172580719e+00 4.144041061401e+00 3.830709457397e+00 3.642590522766e+00 3.784617900848e+00 3.143032073975e+00
2.406378239393e-01 5.054155588150e-01 5.757516622543e-01 6.397790312767e-01 7.228001356125e-01 7.393195033073e-01 6.798086166382e-01 5.505999922752e-01 5.192509293556e-01 6.193529963493e-01 7.266551852226e-01 6.895406842232e-01 5.219998955727e-01 3.406644761562e-01 3.655988872051e-01 2.112102508545e-01 1.228707209229e-01 1.356730312109e-01 1.809947192669e-01 2.181644588709e-01 6.496078372002e-01 1.142316818237e+00 9.755652546883e-01 1.230340957642e+00 1.183933854103e+00 1.459367513657e+00 1.506109714508e+00 1.425583481789e+00 1.329088568687e+00 1.515705227852e+00 1.614421606064e+00 2.085748434067e+00 2.666990041733e+00 2.905856609344e+00 2.482509136200e+00 2.106084585190e+00 2.333811283112e+00 1.665725469589e+00 2.537745714188e+00 2.586422681808e+00 4.041186332703e+00 3.808960437775e+00 4.100020885468e+00
6.479641050100e-02 1.302308887243e-01 1.374791711569e-01 1.482223719358e-01 2.059273868799e-01 2.878304421902e-01 3.784111440182e-01 4.066862165928e-01 3.934998810291e-01 3.630501925945e-01 3.717740476131e-01 4.724762141705e-01 4.717633426189e-01 3.838396072388e-01 2.480243593454e-01 1.933151036501e-01 9.928765147924e-02 8.443478494883e-02 9.407266974449e-02 2.014275938272e-01 4.490748643875e-01 9.534615874290e-01 2.379399299622e+00 2.237950801849e+00 2.010233879089e+00 1.887525796890e+00 1.818832755089e+00 1.768076539040e+00 1.879676222801e+00 2.171338319778e+00 2.422299146652e+00 2.742220163345e+00 4.730240345001e+00 2.632918834686e+00 5.939111232758e+00 4.048595428467e+00 3.229538202286e+00 3.475974082947e+00 4.304147243500e+00 5.000297546387e+00 5.289863586426e+00 4.966971397400e+00 4.999703407288e+00
5.872157216072e-02 1.134421899915e-01 1.235406100750e-01 1.237722709775e-01 2.080387622118e-01 3.082703649998e-01 3.212862014771e-01 2.620527148247e-01 1.933889985085e-01 1.576540917158e-01 2.001962661743e-01 2.484816461802e-01 2.378075122833e-01 1.909931451082e-01 1.405085921288e-01 9.945087134838e-02 7.184251397848e-02 5.277066305280e-02 5.474926903844e-02 1.787375509739e-01 5.722242593765e-01 9.889142513275e-01 9.736394286156e-01 2.057631254196e+00 4.967876911163e+00 2.516396045685e+00 1.568237900734e+00 1.420166969299e+00 1.477716922760e+00 1.611752510071e+00 2.767507553101e+00 3.992078781128e+00 2.113139152527e+00 3.148710966110e+00 5.690831661224e+00 1.039255142212e+01 4.249763011932e+00 3.360805511475e+00 2.986501932144e+00 3.285303354263e+00 2.812357664108e+00 5.255218029022e+00 6.116427421570e+00
3.046372905374e-02 6.328278779984e-02 7.587245106697e-02 8.422382920980e-02 1.107267290354e-01 1.780454367399e-01 2.040061354637e-01 1.767678111792e-01 1.367695778608e-01 1.024508327246e-01 8.454653620720e-02 8.071607351303e-02 6.437130272388e-02 5.683968961239e-02 6.780051440001e-02 5.164353176951e-02 4.781859368086e-02 4.021899029613e-02 4.689747095108e-02 7.127506285906e-02 1.221575662494e-01 3.300360739231e-01 3.457309007645e-01 4.708592891693e-01 1.807291507721e+00 1.912583231926e+00 7.130744457245e-01 3.915011882782e-01 4.097831845284e-01 1.316330790520e+00 1.743543028831e+00 1.888695955276e+00 1.970301032066e+00 1.617834806442e+00 2.377731323242e+00 6.862089157104e+00 3.675280570984e+00 2.236068010330e+00 1.560980677605e+00 1.410472512245e+00 1.326799273491e+00 3.476894855499e+00 4.826559066772e+00
1.357690431178e-02 2.709894254804e-02 2.818678505719e-02 3.104598447680e-02 3.919498249888e-02 4.963477700949e-02 5.906236171722e-02 6.427635997534e-02 6.219731271267e-02 5.271448940039e-02 4.490779712796e-02 5.163212865591e-02 5.329395830631e-02 4.925966635346e-02 5.022008717060e-02 5.740040913224e-02 4.358576238155e-02 3.478645160794e-02 3.911219537258e-02 5.817816779017e-02 6.646873801947e-02 1.215349435806e-01 2.114026993513e-01 4.611474275589e-01 1.119598150253e+00 6.978703141212e-01 4.322848618031e-01 3.430271446705e-01 3.286551237106e-01 1.061408296227e-01 9.299463033676e-02 1.010156124830e-01 1.577579081059e-01 3.431837260723e-01 7.961845397949e-01 1.352267169952e+01 2.576975059509e+01 3.436286211014e+00 2.341711521149e+00 1.206239342690e+00 8.501837849617e-01 9.196246266365e-01 1.781289100647e+00
1.092403754592e-02 1.986064575613e-02 2.208316884935e-02 2.209128625691e-02 2.219140715897e-02 2.858738787472e-02 3.753879293799e-02 4.620238393545e-02 5.136238038540e-02 5.031115934253e-02 4.227525368333e-02 3.883286938071e-02 4.217695444822e-02 4.078443720937e-02 3.626437112689e-02 4.456070438027e-02 5.175719037652e-02 4.116695746779e-02 3.176509588957e-02 9.210517257452e-02 1.170636340976e-01 8.960027247667e-02 1.189606562257e-01 2.083383649588e-01 3.950475752354e-01 3.921205759048e+00 8.488368988037e-01 7.553275227547e-01 3.192331194878e-01 6.294575333595e-02 5.507737398148e-02 5.768790841103e-02 6.710357964039e-02 8.265719562769e-02 1.114069819450e-01 5.962927937508e-01 4.156287193298e+00 1.067685317993e+01 2.729135036469e+00 1.528433203697e+00 4.401152133942e-01 2.834911942482e-01 3.123150467873e-01
1.017384137958e-02 2.422532439232e-02 3.275788202882e-02 3.780655562878e-02 3.937207534909e-02 3.632706403732e-02 3.229214996099e-02 2.948293834925e-02 3.683140873909e-02 4.224158823490e-02 4.212413355708e-02 3.645754605532e-02 3.149142116308e-02 3.922164067626e-02 4.096102714539e-02 3.660611808300e-02 4.270646721125e-02 5.513201653957e-02 4.351891577244e-02 9.209460020065e-02 9.722388535738e-02 8.318755775690e-02 9.268075972795e-02 1.004874035716e-01 2.292743623257e-01 7.889016866684e-01 8.252873420715e-01 2.115314900875e-01 9.843452274799e-02 6.096521392465e-02 4.569358751178e-02 3.901705890894e-02 3.849287331104e-02 4.826530441642e-02 6.264550238848e-02 2.127330899239e-01 1.088892459869e+00 3.843738794327e+00 4.652060508728e+00 7.192815542221e-01 3.077110052109e-01 1.996640712023e-01 1.888612210751e-01
1.540821790695e-02 3.627535328269e-02 4.636339843273e-02 5.213253945112e-02 5.355631932616e-02 5.117313191295e-02 4.803109541535e-02 4.319930449128e-02 3.726563975215e-02 3.044889681041e-02 3.383004292846e-02 3.554677218199e-02 3.405361622572e-02 3.979216143489e-02 4.565117135644e-02 4.313107579947e-02 3.643978014588e-02 5.789554491639e-02 6.199761107564e-02 1.624094545841e-01 1.040888279676e-01 7.495366781950e-02 5.068545788527e-02 5.245666578412e-02 9.867684543133e-02 7.037791609764e-01 1.007270455360e+00 1.915797889233e-01 1.257076710463e-01 6.382107734680e-02 3.953639417887e-02 2.728625014424e-02 2.426372841001e-02 2.558918297291e-02 3.929174318910e-02 6.517291069031e-02 4.406594336033e-01 1.361888170242e+00 3.614377975464e+00 1.749092817307e+00 8.329827785492e-01 1.668833047152e-01 1.408779323101e-01
1.055531296879e-02 2.298114635050e-02 2.866460382938e-02 3.145652264357e-02 3.050487861037e-02 3.063013218343e-02 3.426031023264e-02 3.829744458199e-02 4.209255054593e-02 4.214943200350e-02 3.629525750875e-02 2.740055322647e-02 3.228163719177e-02 3.537855297327e-02 3.541932255030e-02 3.557894006371e-02 3.724724799395e-02 6.103454902768e-02 8.426143229008e-02 1.404591798782e-01 1.078216582537e-01 8.469614386559e-02 4.164212942123e-02 4.171482473612e-02 8.388723433018e-02 2.550413012505e-01 2.232116460800e-01 1.485491842031e-01 1.176853701472e-01 6.531582772732e-02 3.631100058556e-02 2.979648858309e-02 2.628298848867e-02 2.568690292537e-02 3.286773711443e-02 5.562382563949e-02 1.166634410620e-01 5.859686732292e-01 6.893361806870e-01 4.195683300495e-01 2.516343295574e-01 1.272765994072e-01 1.151646152139e-01
9.918968193233e-03 1.801131106913e-02 2.672996185720e-02 3.412344679236e-02 4.070435091853e-02 4.809485375881e-02 5.620784685016e-02 6.498088687658e-02 7.309042662382e-02 7.541007548571e-02 6.741903722286e-02 5.009013414383e-02 3.225272521377e-02 3.351552411914e-02 4.126954451203e-02 4.483211413026e-02 5.586791038513e-02 6.472481787205e-02 7.598801702261e-02 1.328946501017e-01 9.437685459852e-02 6.283198297024e-02 3.328363224864e-02 3.243909031153e-02 6.072338670492e-02 7.045509666204e-02 6.826510429382e-01 1.017269864678e-01 9.616824984550e-02 5.774196982384e-02 3.359600156546e-02 2.684650383890e-02 2.561989799142e-02 2.705966494977e-02 3.484355658293e-02 4.739709943533e-02 7.889741659164e-02 9.722466021776e-02 2.044020295143e-01 2.715472579002e-01 1.697338074446e-01 1.018196791410e-01 1.308357566595e-01
9.858901612461e-03 1.783551089466e-02 2.452299371362e-02 3.030920773745e-02 3.614673390985e-02 4.327580705285e-02 5.080759897828e-02 5.840814858675e-02 6.551781296730e-02 6.936585903168e-02 6.575047224760e-02 7.118652760983e-02 7.424392551184e-02 7.448223233223e-02 7.104974240065e-02 6.442984193563e-02 7.669515162706e-02 5.577881634235e-02 7.550202310085e-02 2.403485178947e-01 8.823875337839e-02 4.420014843345e-02 3.121553547680e-02 2.614482119679e-02 3.614572063088e-02 7.822145521641e-02 2.835106253624e-01 7.905655354261e-02 1.020114794374e-01 4.310990124941e-02 3.175579756498e-02 2.425535582006e-02 2.456676959991e-02 2.792812325060e-02 3.689141571522e-02 4.386327043176e-02 4.883176460862e-02 7.867110520601e-02 1.724827587605e-01 2.017952054739e-01 1.252444386482e-01 9.293641149998e-02 1.215792819858e-01
