100/SI/f61.grd
DSAA
101	101
32.816463539100	34.260883539100
35.556306596100	36.727886596100
2.078919351334e-04	3.408944320679e+01
[rows 57 to 75 of 101, columns 43 to 85 of 101]
1.438035219908e-01 1.715534031391e-01 8.694856613874e-02 9.637369960546e-02 9.534598141909e-02 1.536287814379e-01 1.733750551939e-01 2.335201054811e-01 2.038645446301e-01 1.111872717738e-01 7.704886794090e-02 6.477367132902e-02 4.783959686756e-02 8.494703471661e-02 3.521321713924e-01 1.183391094208e+00 2.630892753601e+00 2.474167108536e+00 3.528959989548e+00 1.208163022995e+00 3.492269814014e-01 2.665384411812e-01 4.834045469761e-01 8.854305744171e-01 1.515253901482e+00 1.373386144638e+00 1.494194626808e+00 1.214950799942e+00 1.583670735359e+00 1.460618734360e+00 1.543596982956e+00 1.150376081467e+00 1.194904446602e+00 1.677434802055e+00 1.041527390480e+00 6.542509794235e-01 7.639440298080e-01 1.072576165199e+00 1.344659566879e+00 9.726754426956e-01 4.054199755192e-01 3.551561534405e-01 3.434609472752e-01
1.148573011160e-01 1.893560737371e-01 7.026675343513e-02 7.475440204144e-02 7.405297458172e-02 1.114227920771e-01 2.177866846323e-01 7.005379796028e-01 5.572577118874e-01 1.199127137661e-01 7.119965553284e-02 4.898440092802e-02 3.750867396593e-02 3.710806742311e-02 7.328390330076e-02 7.046839594841e-01 8.265424370766e-01 8.647591471672e-01 7.006854414940e-01 7.095322608948e-01 5.189451575279e-01 3.943191170692e-01 3.042366504669e-01 1.836636364460e-01 4.745191931725e-01 9.447313547134e-01 1.647073388100e+00 1.678546190262e+00 1.831061959267e+00 1.007594585419e+00 1.329058051109e+00 1.213318228722e+00 1.039993643761e+00 9.118586182594e-01 9.272134900093e-01 6.986621618271e-01 6.855875253677e-01 8.256958723068e-01 8.120062947273e-01 7.443129420280e-01 7.727473378181e-01 8.103253245354e-01 7.584643363953e-01
9.577023983002e-02 9.232940524817e-02 6.398605555296e-02 6.805752962828e-02 6.919890642166e-02 1.014513596892e-01 3.091705143452e-01 7.790188193321e-01 7.894529700279e-01 1.775526106358e-01 7.376492768526e-02 4.184871539474e-02 2.969145402312e-02 2.692596241832e-02 2.760532125831e-02 3.457512333989e-02 4.774055629969e-02 6.503198295832e-02 8.419895172119e-02 1.043290197849e-01 1.225053220987e-01 1.438797861338e-01 9.681005030870e-02 9.727758169174e-02 2.319418042898e-01 1.079225301743e+00 1.859452724457e+00 2.108779430389e+00 2.025642633438e+00 2.045156717300e+00 1.349399328232e+00 1.170324802399e+00 9.937332272530e-01 9.018180966377e-01 1.266878604889e+00 1.091799378395e+00 9.055191278458e-01 5.668724179268e-01 6.109589934349e-01 5.135481357574e-01 4.520940482616e-01 4.279545545578e-01 3.740115165710e-01
8.833689242601e-02 7.951948791742e-02 6.194394081831e-02 6.902626156807e-02 7.847912609577e-02 1.030525416136e-01 6.714385151863e-01 7.981403470039e-01 9.847237467766e-01 1.372661143541e-01 6.469686329365e-02 4.032613337040e-02 2.683959342539e-02 2.177144214511e-02 2.080244757235e-02 2.194025367498e-02 2.689908817410e-02 3.543535992503e-02 5.108133330941e-02 5.937740951777e-02 6.828054785728e-02 1.368174552917e-01 7.038588821888e-02 6.483877450228e-02 1.979920417070e-01 4.426532387733e-01 1.578948974609e+00 1.748886108398e+00 1.861573219299e+00 1.987786173820e+00 1.654034614563e+00 1.282823324203e+00 8.909025788307e-01 1.143571734428e+00 7.960978150368e-01 7.005172371864e-01 5.808486342430e-01 4.802303314209e-01 4.515337347984e-01 4.440593719482e-01 4.711194634438e-01 6.674025058746e-01 9.303725957870e-01
7.485464960337e-02 5.830641835928e-02 6.087569519877e-02 7.326771318913e-02 1.135596930981e-01 1.858988553286e-01 5.645334124565e-01 1.251275658607e+00 4.844632148743e-01 7.670783251524e-02 4.711692407727e-02 3.435667976737e-02 2.450159937143e-02 1.839327998459e-02 1.682729460299e-02 1.685636304319e-02 1.835591159761e-02 2.455578930676e-02 3.380689024925e-02 3.865763917565e-02 4.021157324314e-02 8.367455005646e-02 4.999743774533e-02 5.410765483975e-02 1.217839196324e-01 4.142672419548e-01 1.121093988419e+00 1.523298263550e+00 1.579314470291e+00 1.202758669853e+00 9.296714663506e-01 1.327410578728e+00 9.075761437416e-01 6.409840583801e-01 7.118058204651e-01 8.972366452217e-01 8.125689029694e-01 5.761707425117e-01 5.380889177322e-01 5.244647264481e-01 5.083900094032e-01 5.624697804451e-01 6.990410089493e-01
5.433706939220e-02 4.471608996391e-02 5.593449622393e-02 1.319600045681e-01 2.982272803783e-01 6.919295191765e-01 1.016356706619e+00 6.405473351479e-01 6.803028285503e-02 4.652254283428e-02 3.337351605296e-02 2.746417745948e-02 2.143220230937e-02 1.752993836999e-02 1.542820967734e-02 1.608078740537e-02 1.682773046196e-02 2.031870372593e-02 2.932177856565e-02 3.606748953462e-02 3.830679133534e-02 4.063915461302e-02 4.082435369492e-02 6.095489487052e-02 1.479815840721e-01 3.871431648731e-01 4.753637909889e-01 4.749475717545e-01 9.142901897430e-01 1.060746192932e+00 1.241309285164e+00 7.927315831184e-01 1.026068687439e+00 7.529573440552e-01 8.405970335007e-01 9.935570359230e-01 1.986299872398e+00 1.253512024879e+00 7.377817034721e-01 6.056992411613e-01 6.231169700623e-01 6.123383641243e-01 5.914472937584e-01
3.508458659053e-02 3.663633391261e-02 4.632122442126e-02 5.853592231870e-02 1.285644471645e-01 7.979958653450e-01 5.196546316147e-01 6.918199360371e-02 4.045492783189e-02 3.562604635954e-02 2.986678853631e-02 2.524626627564e-02 1.977882906795e-02 1.686947792768e-02 1.502842642367e-02 1.658323593438e-02 1.720207929611e-02 1.677581667900e-02 2.412375621498e-02 3.078022226691e-02 3.477536141872e-02 3.458623215556e-02 4.340864345431e-02 7.053060829639e-02 2.197566926479e-01 4.357804656029e-01 2.584229707718e-01 3.378473520279e-01 3.141620755196e-01 1.627888798714e+00 2.368473529816e+00 1.278901696205e+00 7.028782963753e-01 9.622720479965e-01 3.797975480556e-01 4.000113606453e-01 1.484917521477e+00 7.149754762650e-01 5.827602744102e-01 4.465554952621e-01 4.588997066021e-01 5.117430686951e-01 5.514909029007e-01
2.945416048169e-02 3.202204406261e-02 3.752332553267e-02 4.746448248625e-02 5.381038784981e-02 7.476011663675e-02 8.265986293554e-02 5.634517967701e-02 2.929801680148e-02 3.024538792670e-02 2.651523612440e-02 2.426212839782e-02 1.986503973603e-02 1.604862883687e-02 1.642533391714e-02 1.674945093691e-02 1.791063137352e-02 1.778320595622e-02 2.032215893269e-02 2.609429135919e-02 3.104887716472e-02 3.297789022326e-02 3.485701233149e-02 5.794724449515e-02 1.625651121140e-01 1.003854796290e-01 9.660509973764e-02 1.587937027216e-01 3.591681718826e-01 7.119356393814e-01 7.454105019569e-01 9.412804245949e-01 1.501844286919e+00 8.053949475288e-01 7.672621607780e-01 5.964173674583e-01 6.105754375458e-01 5.172966122627e-01 2.752364873886e-01 3.433917760849e-01 3.354597687721e-01 3.623174428940e-01 4.555730819702e-01
2.313955873251e-02 2.610368281603e-02 3.109153918922e-02 3.812449052930e-02 4.098567366600e-02 4.561717435718e-02 4.827612638474e-02 3.018431179225e-02 2.569799497724e-02 2.675353363156e-02 2.494430355728e-02 2.163301035762e-02 1.805421151221e-02 1.618590950966e-02 1.603954471648e-02 1.838050410151e-02 1.805528998375e-02 1.552570145577e-02 1.796165108681e-02 2.279989980161e-02 2.698745392263e-02 3.158359602094e-02 4.483556002378e-02 4.690119251609e-02 4.763968288898e-02 6.648213416338e-02 6.475529819727e-02 1.589691042900e-01 2.220708876848e-01 2.989372909069e-01 6.204290390015e-01 1.088141560555e+00 8.059383034706e-01 1.471067428589e+00 9.400830268860e-01 5.284839272499e-01 4.389045536518e-01 3.992236852646e-01 4.803408980370e-01 4.519082307816e-01 5.631264448166e-01 5.542318820953e-01 6.444306373596e-01
2.136548422277e-02 2.114986442029e-02 2.380838803947e-02 2.700600400567e-02 2.910858020186e-02 2.869346737862e-02 2.742461301386e-02 2.639800310135e-02 2.856274694204e-02 2.823473140597e-02 2.630099840462e-02 2.291170135140e-02 1.873742230237e-02 1.659273542464e-02 1.500321645290e-02 1.470414176583e-02 1.658822409809e-02 1.682433485985e-02 1.701544970274e-02 2.053713239729e-02 2.378604002297e-02 2.813519351184e-02 4.311959072948e-02 4.846897348762e-02 5.227306485176e-02 1.083358675241e-01 1.490079015493e-01 1.914908438921e-01 2.687497735023e-01 2.901704907417e-01 6.349044442177e-01 1.205378770828e+00 5.695338845253e-01 6.065434217453e-01 1.072845458984e+00 9.063168764114e-01 6.294625997543e-01 5.346316695213e-01 6.704979538918e-01 3.450165987015e-01 4.575038850307e-01 5.559356808662e-01 6.639111042023e-01
1.755296438932e-02 1.990909688175e-02 2.091027051210e-02 2.114308252931e-02 2.367921732366e-02 2.546245791018e-02 2.742914482951e-02 2.434693463147e-02 2.345275878906e-02 2.419923990965e-02 2.599789947271e-02 2.587161026895e-02 2.226135693491e-02 1.885195262730e-02 1.787152886391e-02 1.612880080938e-02 1.389368157834e-02 1.546864397824e-02 1.751339808106e-02 1.936251483858e-02 2.126307599247e-02 2.441860176623e-02 3.669745102525e-02 3.582058474422e-02 3.959075734019e-02 9.805336594582e-02 2.096443474293e-01 2.828844487667e-01 3.979510962963e-01 2.091011404991e-01 6.158406734467e-01 3.080877065659e-01 3.307689428329e-01 3.816426396370e-01 6.084964871407e-01 6.669802069664e-01 8.642715215683e-01 7.866526246071e-01 5.855541229248e-01 5.007222890854e-01 3.833281397820e-01 4.128341972828e-01 3.330838680267e-01
1.720214635134e-02 1.902238093317e-02 1.893057301641e-02 1.927226968110e-02 2.059513702989e-02 2.288422361016e-02 2.476659789681e-02 2.212196402252e-02 1.735204458237e-02 1.853954792023e-02 2.012403309345e-02 2.363302931190e-02 2.453354746103e-02 2.038089372218e-02 1.920036785305e-02 2.322719618678e-02 2.059156820178e-02 1.678607426584e-02 1.827574893832e-02 1.903047226369e-02 2.319977991283e-02 2.575752884150e-02 2.879292145371e-02 3.546105325222e-02 4.114260151982e-02 7.152034342289e-02 1.508374214172e-01 1.796816140413e-01 2.467934787273e-01 1.397926062346e-01 2.967285811901e-01 2.267039269209e-01 3.770511746407e-01 2.306628376245e-01 4.550997614861e-01 3.404332995415e-01 5.403630137444e-01 6.623979210854e-01 5.902839303017e-01 7.957803010941e-01 7.233284115791e-01 5.783681273460e-01 5.089391469955e-01
1.656843721867e-02 1.791355758905e-02 1.722867786884e-02 1.754274033010e-02 1.762084104121e-02 1.715384982526e-02 1.899893581867e-02 1.795982196927e-02 2.144217118621e-02 2.321255765855e-02 2.107393182814e-02 2.133930101991e-02 2.345013432205e-02 2.440716512501e-02 2.230679802597e-02 2.880692295730e-02 2.564301900566e-02 1.961377076805e-02 1.972142234445e-02 1.961234770715e-02 2.254169434309e-02 2.445825561881e-02 2.752797864377e-02 3.657721355557e-02 4.297917336226e-02 6.414154171944e-02 9.638290852308e-02 1.111658886075e-01 1.193489283323e-01 1.508099585772e-01 2.511954009533e-01 3.854222595692e-01 2.603002488613e-01 6.173066496849e-01 2.167725563049e-01 2.827991843224e-01 5.780781507492e-01 8.088627457619e-01 3.960046470165e-01 4.477889239788e-01 2.848112881184e-01 5.372357368469e-01 4.740826487541e-01
1.478063222021e-02 1.597282476723e-02 1.535929925740e-02 1.509771030396e-02 1.401650719345e-02 1.418070215732e-02 1.496697403491e-02 1.972194761038e-02 2.450425922871e-02 2.518204040825e-02 2.200472541153e-02 2.435363642871e-02 2.710144221783e-02 2.633489668369e-02 2.613193728030e-02 2.709078416228e-02 2.906004339457e-02 3.401447087526e-02 3.049370646477e-02 2.738296054304e-02 2.820773422718e-02 3.033307939768e-02 3.624972701073e-02 3.718612343073e-02 4.493043944240e-02 5.524275451899e-02 9.089422971010e-02 9.057316184044e-02 1.616633534431e-01 3.272276222706e-01 4.069802761078e-01 2.085817307234e-01 2.092453986406e-01 6.288669109344e-01 3.333415091038e-01 4.102029204369e-01 3.637176156044e-01 4.717440307140e-01 3.445723056793e-01 1.319349706173e-01 1.255866289139e-01 1.695954650640e-01 3.356790840626e-01
1.360461954027e-02 1.362134888768e-02 1.352922804654e-02 1.334412302822e-02 1.370892394334e-02 1.451123971492e-02 1.541903614998e-02 1.839842833579e-02 2.063423953950e-02 1.960868015885e-02 2.309665642679e-02 2.485900186002e-02 2.414295263588e-02 2.538528107107e-02 3.474929928780e-02 4.836076870561e-02 5.482370778918e-02 6.948352605104e-02 6.931775063276e-02 7.463049143553e-02 5.326981097460e-02 5.083210393786e-02 5.895548686385e-02 4.936753213406e-02 5.636126548052e-02 7.790692895651e-02 2.337626516819e-01 2.181391417980e-01 2.094833254814e-01 2.825108468533e-01 1.595306396484e-01 1.682196408510e-01 2.252740859985e-01 1.290666460991e-01 6.993411183357e-01 9.735732078552e-01 8.694546222687e-01 2.010962963104e-01 9.521619230509e-02 7.867086678743e-02 7.691112160683e-02 9.094830602407e-02 9.602349251509e-02
1.264548394829e-02 1.311973389238e-02 1.262625213712e-02 1.359297335148e-02 1.453963574022e-02 1.663556136191e-02 1.664009317756e-02 1.927517354488e-02 2.110720984638e-02 2.454512566328e-02 2.543023042381e-02 3.019607067108e-02 3.165587782860e-02 2.928913570940e-02 7.070203125477e-02 2.537320256233e-01 2.005223780870e-01 1.197394207120e-01 1.347101032734e-01 1.676826626062e-01 1.239328905940e-01 6.523120403290e-02 7.592650502920e-02 9.512902051210e-02 9.243176132441e-02 1.722997874022e-01 2.423287481070e-01 2.148416191339e-01 1.750931888819e-01 1.582193970680e-01 1.795153468847e-01 1.673169881105e-01 1.264551132917e-01 1.054496467113e-01 1.789164692163e-01 8.225342631340e-01 8.572531342506e-01 1.767993867397e-01 6.285292655230e-02 6.402634084225e-02 5.756855010986e-02 5.531782284379e-02 9.101394563913e-02
1.267973147333e-02 1.366322580725e-02 1.730037294328e-02 1.933738775551e-02 1.775130070746e-02 2.942540496588e-02 3.459732979536e-02 3.515971451998e-02 2.969506569207e-02 2.904378250241e-02 3.185699880123e-02 4.004666209221e-02 3.993065282702e-02 1.471462100744e-01 1.039062142372e+00 1.307790398598e+00 6.098704934120e-01 3.492859303951e-01 2.792088687420e-01 2.181541323662e-01 1.041741445661e-01 1.036059260368e-01 2.260761708021e-01 4.823607802391e-01 3.955171704292e-01 2.108772993088e-01 2.462808191776e-01 2.005377560854e-01 2.124018222094e-01 1.467217504978e-01 3.628110289574e-01 1.452720910311e-01 1.117836833000e-01 7.900678366423e-02 5.236452445388e-02 1.694383323193e-01 1.870701760054e-01 4.577360674739e-02 3.072075732052e-02 3.615174070001e-02 4.469913244247e-02 4.996813461185e-02 4.672301560640e-02
1.555676013231e-02 2.447172068059e-02 3.336347267032e-02 3.625707328320e-02 4.676068201661e-02 6.216841191053e-02 6.108041107655e-02 5.387957394123e-02 4.632589221001e-02 3.572569787502e-02 4.301167652011e-02 4.756845161319e-02 2.647071480751e-01 1.459133863449e+00 1.994739651680e+00 6.952781081200e-01 2.199562788010e-01 1.345890611410e-01 1.369007229805e-01 1.197273135185e-01 1.147584691644e-01 2.614724636078e-01 5.154249668121e-01 6.847506165504e-01 5.508696436882e-01 2.834284007549e-01 1.953806579113e-01 1.437034755945e-01 1.300186514854e-01 1.158526837826e-01 1.560684144497e-01 7.179712504148e-02 8.116089552641e-02 6.579463928938e-02 4.132969677448e-02 2.450315095484e-02 2.019598335028e-02 1.966716535389e-02 2.066191099584e-02 2.573285438120e-02 3.455226495862e-02 4.369453713298e-02 4.469897225499e-02
2.576977200806e-02 3.853830695152e-02 5.120072886348e-02 6.847579777241e-02 1.325274258852e-01 1.313415914774e-01 1.837833523750e-01 1.320395320654e-01 1.500966101885e-01 8.915509283543e-02 5.021992698312e-02 3.454164266586e-01 1.391169905663e+00 1.384508371353e+00 3.621700704098e-01 1.092617735267e-01 2.027727365494e-01 2.678449153900e-01 1.892129778862e-01 2.200591713190e-01 2.660157382488e-01 2.674188911915e-01 3.897085785866e-01 3.183979094028e-01 2.154188901186e-01 1.678484976292e-01 1.046337261796e-01 4.066237062216e-02 4.174564406276e-02 4.126472771168e-02 5.285035073757e-02 3.865770623088e-02 3.404915332794e-02 2.351938001812e-02 2.404894120991e-02 2.449400350451e-02 2.528386376798e-02 2.654003724456e-02 2.822615392506e-02 3.039911203086e-02 3.073419444263e-02 3.668285161257e-02 4.647657647729e-02
