100/SI/f61.grd
DSAA
101	101
32.816463539100	34.260883539100
35.556306596100	36.727886596100
2.078919351334e-04	3.408944320679e+01
[rows 0 to 18 of 101, columns 43 to 85 of 101]
4.958822205663e-02 8.462743461132e-02 9.749618172646e-02 7.726093381643e-02 5.383924767375e-02 5.424499511719e-02 4.665952175856e-02 4.267837479711e-02 2.808031253517e-02 4.064658656716e-02 5.393197014928e-02 6.389889866114e-02 7.622185349464e-02 1.088518872857e-01 4.887505620718e-02 6.028326228261e-02 7.653857767582e-02 8.348631858826e-02 5.640513822436e-02 3.783284500241e-02 4.273018985987e-02 5.500242486596e-02 5.644533783197e-02 6.182085722685e-02 6.266877800226e-02 4.476187005639e-02 3.001595847309e-02 3.029824793339e-02 5.724623799324e-02 8.588850498199e-02 6.900326162577e-02 3.383405134082e-02 4.273556545377e-02 2.786866575480e-02 2.851209416986e-02 2.449051849544e-02 2.095021679997e-02 1.907677389681e-02 1.402920763940e-02 1.415375806391e-02 1.887615956366e-02 3.155175596476e-02 3.134944662452e-02
8.595099300146e-02 1.532702147961e-01 1.914092600346e-01 1.693743914366e-01 1.269545257092e-01 1.174055039883e-01 9.750370681286e-02 8.277822285891e-02 7.695335149765e-02 8.927184343338e-02 9.942112118006e-02 1.132722124457e-01 1.507348120213e-01 2.173617929220e-01 9.307214617729e-02 1.145148351789e-01 1.445884108543e-01 1.562345325947e-01 1.072775349021e-01 7.295017689466e-02 8.341166377068e-02 1.048954576254e-01 1.117121726274e-01 1.080203950405e-01 1.104785576463e-01 9.320243448019e-02 5.568293109536e-02 6.294006854296e-02 1.293780207634e-01 2.057597190142e-01 1.227801591158e-01 5.581340566278e-02 8.361199498177e-02 5.130375549197e-02 5.516907572746e-02 4.565158858895e-02 3.743104636669e-02 3.356171026826e-02 2.701391652226e-02 2.700770273805e-02 4.175454005599e-02 6.391836702824e-02 5.954695120454e-02
1.082391515374e-01 1.564847230911e-01 2.138076871634e-01 2.102243006229e-01 1.708551794291e-01 1.707773804665e-01 1.156004667282e-01 1.018931716681e-01 1.373870670795e-01 1.374200880527e-01 9.880066663027e-02 1.254361718893e-01 1.606176048517e-01 2.273285537958e-01 1.083258166909e-01 1.302553415298e-01 1.617690920830e-01 1.787842959166e-01 1.235712617636e-01 9.664388000965e-02 9.673337638378e-02 1.053190305829e-01 1.256611049175e-01 1.353881061077e-01 1.628398597240e-01 1.253104507923e-01 7.239266484976e-02 7.785560190678e-02 1.699021011591e-01 2.657525241375e-01 1.258439272642e-01 6.489367783070e-02 9.630082547665e-02 5.661446601152e-02 6.156682223082e-02 5.393417924643e-02 4.794194921851e-02 3.811978548765e-02 3.134912252426e-02 3.843576833606e-02 5.291488394141e-02 7.075550407171e-02 6.093336641788e-02
1.247055679560e-01 1.416424810886e-01 1.911852359772e-01 2.076670974493e-01 1.851704567671e-01 2.286254018545e-01 1.211725771427e-01 1.392810195684e-01 1.964196711779e-01 2.023371011019e-01 1.345012038946e-01 1.312031447887e-01 1.645392477512e-01 2.293959408998e-01 1.137592494488e-01 1.452393084764e-01 1.659076362848e-01 1.862731724977e-01 1.334532946348e-01 1.268468797207e-01 1.039147526026e-01 1.313121467829e-01 1.588143259287e-01 1.564970314503e-01 2.162743955851e-01 1.545897871256e-01 8.159794658422e-02 9.276796877384e-02 1.982922106981e-01 2.883593738079e-01 1.186486706138e-01 7.225757092237e-02 1.021359562874e-01 5.733653903008e-02 6.281530857086e-02 6.875570118427e-02 5.806806683540e-02 4.375434294343e-02 3.754093125463e-02 4.752739891410e-02 6.317888945341e-02 7.369644939899e-02 5.837009102106e-02
1.226116865873e-01 1.698031872511e-01 1.507894396782e-01 1.755036115646e-01 1.707022637129e-01 2.903922498226e-01 1.166269257665e-01 1.719247400761e-01 2.509058713913e-01 2.695259153843e-01 1.898746490479e-01 1.367517113686e-01 1.691540926695e-01 2.305333018303e-01 1.178656071424e-01 1.590513437986e-01 1.678795069456e-01 1.924722045660e-01 1.477728933096e-01 1.560356616974e-01 1.228855401278e-01 1.660508662462e-01 2.017663717270e-01 1.962725967169e-01 2.690098583698e-01 1.787605434656e-01 9.774369746447e-02 9.945053607225e-02 2.100570648909e-01 2.787360846996e-01 1.280981600285e-01 8.608759194613e-02 1.056692972779e-01 6.790660321712e-02 7.779056578875e-02 8.075453341007e-02 6.454980373383e-02 4.565861821175e-02 4.771879687905e-02 5.181103199720e-02 7.373515516520e-02 7.473953813314e-02 5.584107339382e-02
1.063062995672e-01 1.802264451981e-01 1.352649629116e-01 1.390907764435e-01 1.483928412199e-01 3.519673645496e-01 1.316840499640e-01 1.955928802490e-01 2.991213202477e-01 3.360935151577e-01 2.478914260864e-01 1.441661864519e-01 1.754081696272e-01 2.314938157797e-01 1.306954324245e-01 1.705262213945e-01 1.674695760012e-01 1.979450285435e-01 1.513457149267e-01 1.811230182648e-01 1.489547640085e-01 2.011342346668e-01 2.403406202793e-01 2.300211042166e-01 3.161418437958e-01 1.927158981562e-01 1.075383126736e-01 1.162203103304e-01 2.010783702135e-01 2.261195033789e-01 1.273004710674e-01 9.951540082693e-02 1.066799685359e-01 7.588727772236e-02 9.106696397066e-02 8.976151794195e-02 6.768600642681e-02 4.770466685295e-02 5.376872047782e-02 5.797085538507e-02 8.426141738892e-02 7.603716850281e-02 5.355513095856e-02
9.692341834307e-02 1.725396215916e-01 1.357082575560e-01 1.086954921484e-01 1.374596804380e-01 4.086225628853e-01 1.455513685942e-01 2.068122327328e-01 3.323719799519e-01 3.869127035141e-01 3.005469441414e-01 1.588274687529e-01 1.809347420931e-01 2.314849793911e-01 1.322466135025e-01 1.816935539246e-01 1.646233350039e-01 2.017509639263e-01 1.457125842571e-01 1.915906816721e-01 1.704735457897e-01 2.261527478695e-01 2.665490806103e-01 2.487452179193e-01 3.507236242294e-01 1.940685510635e-01 1.038257926702e-01 1.301816999912e-01 1.722925901413e-01 1.572233140469e-01 1.191907078028e-01 1.127993538976e-01 1.059286072850e-01 8.083982765675e-02 1.016067042947e-01 9.503725171089e-02 6.737273931503e-02 5.613481625915e-02 5.299500003457e-02 7.879958301783e-02 9.627704322338e-02 7.796377688646e-02 4.999635741115e-02
1.117710322142e-01 1.647232174873e-01 1.310967653990e-01 1.223697438836e-01 1.547884643078e-01 4.625192284584e-01 1.661947220564e-01 2.000755667686e-01 3.358479142189e-01 4.085334241390e-01 3.418880105019e-01 2.077411562204e-01 1.880668401718e-01 2.327623367310e-01 1.317741125822e-01 1.921620219946e-01 1.597703248262e-01 2.042659223080e-01 1.501602828503e-01 1.814459860325e-01 1.833562552929e-01 2.378991097212e-01 2.728904187679e-01 2.486996948719e-01 3.706545531750e-01 1.869111359119e-01 1.189703494310e-01 1.551078557968e-01 1.308117061853e-01 1.247898638248e-01 1.332280784845e-01 1.261423826218e-01 1.029796078801e-01 1.044941768050e-01 1.083038300276e-01 9.571301937103e-02 6.368876248598e-02 5.766979604959e-02 6.615059077740e-02 1.060400903225e-01 1.053938865662e-01 7.419746369123e-02 4.180791601539e-02
1.256316900253e-01 1.652214378119e-01 1.301037073135e-01 1.324974745512e-01 1.714581400156e-01 5.126908421516e-01 1.878215074539e-01 1.758194863796e-01 3.066836893559e-01 3.978514969349e-01 3.664196133614e-01 2.533077895641e-01 1.956022530794e-01 2.668157815933e-01 1.483169794083e-01 2.025546729565e-01 1.597875356674e-01 2.060053050518e-01 1.532085239887e-01 1.603597104549e-01 1.914605051279e-01 2.330615222454e-01 2.589631974697e-01 2.502114176750e-01 3.682827651501e-01 1.652843207121e-01 1.419148445129e-01 1.817806214094e-01 1.270738989115e-01 1.537575870752e-01 1.680758595467e-01 1.390192508698e-01 1.198422685266e-01 1.300505995750e-01 1.328751295805e-01 9.128525853157e-02 6.228571757674e-02 5.555564537644e-02 1.051946505904e-01 1.282393038273e-01 1.018334627151e-01 5.883554369211e-02 4.967753589153e-02
1.348290145397e-01 1.683317571878e-01 1.288607418537e-01 1.298041045666e-01 1.874110847712e-01 5.531145930290e-01 2.067515701056e-01 1.442514359951e-01 2.610204219818e-01 3.629456162453e-01 3.690013289452e-01 2.893509268761e-01 2.024768441916e-01 2.879671454430e-01 1.865134090185e-01 2.140716016293e-01 2.117775678635e-01 2.090755552053e-01 1.547810584307e-01 1.918965578079e-01 1.874314248562e-01 2.158124893904e-01 2.283991426229e-01 2.792035341263e-01 3.420160412788e-01 1.324347555637e-01 1.653447151184e-01 2.083638906479e-01 1.460376828909e-01 1.783502846956e-01 1.980591714382e-01 1.625956445932e-01 1.333000361919e-01 1.379923820496e-01 1.441251188517e-01 8.243265748024e-02 5.802182853222e-02 9.990548342466e-02 1.412389725447e-01 1.293789595366e-01 7.861758023500e-02 5.140829831362e-02 4.867691546679e-02
1.366726607084e-01 1.742097437382e-01 1.278731971979e-01 1.395539790392e-01 2.018094658852e-01 5.855780839920e-01 2.240936607122e-01 1.438158452511e-01 2.086871713400e-01 3.061613142490e-01 3.419456481934e-01 3.080576062202e-01 2.476448565722e-01 2.867338359356e-01 2.361790537834e-01 2.253271490335e-01 2.993333637714e-01 2.240684032440e-01 1.542889475822e-01 2.544340193272e-01 2.079422920942e-01 1.898877024651e-01 2.797963023186e-01 2.973219156265e-01 2.976577877998e-01 1.328326761723e-01 1.851084679365e-01 2.268545329571e-01 1.524782478809e-01 1.927211880684e-01 2.244340032339e-01 1.895370185375e-01 1.234202012420e-01 1.199070289731e-01 1.362733542919e-01 7.080966979265e-02 9.086908400059e-02 1.477488577366e-01 1.513138860464e-01 1.003581956029e-01 5.041091516614e-02 4.620097950101e-02 4.688937962055e-02
1.327555030584e-01 1.807617396116e-01 1.663611382246e-01 1.577113568783e-01 2.148026376963e-01 6.063155531883e-01 2.350538820028e-01 1.492830663919e-01 1.738924384117e-01 2.372148185968e-01 2.918896973133e-01 3.028346300125e-01 2.759107947350e-01 2.995713353157e-01 2.863777875900e-01 2.355330139399e-01 4.008348286152e-01 2.956524491310e-01 1.554660946131e-01 3.093814551830e-01 2.320092767477e-01 2.476482689381e-01 3.685168325901e-01 3.014150261879e-01 2.410369217396e-01 1.377341002226e-01 1.935364603996e-01 2.319125831127e-01 1.459919363260e-01 1.915101110935e-01 2.381406277418e-01 2.107372283936e-01 1.239764243364e-01 9.573175013065e-02 1.263306140900e-01 7.701605558395e-02 1.459884345531e-01 1.702684760094e-01 1.210494711995e-01 6.135520339012e-02 5.415328219533e-02 6.016562879086e-02 6.374646723270e-02
1.341408640146e-01 1.872732341290e-01 2.100191712379e-01 1.446780711412e-01 2.270946502686e-01 6.231188178062e-01 2.400473058224e-01 1.540676057339e-01 1.742429286242e-01 2.239272445440e-01 2.242839634418e-01 2.688992619514e-01 2.824782133102e-01 3.335555791855e-01 3.082875311375e-01 2.606657147408e-01 5.004466772079e-01 3.612973690033e-01 1.697473078966e-01 3.523119986057e-01 2.435379922390e-01 3.005031347275e-01 4.346542060375e-01 2.811919450760e-01 1.777682155371e-01 1.641102731228e-01 1.861531138420e-01 2.194324433804e-01 1.345162093639e-01 1.753247827291e-01 2.305215597153e-01 2.161912918091e-01 1.313077211380e-01 8.259943872690e-02 1.209303960204e-01 1.346849650145e-01 1.842752248049e-01 1.460239589214e-01 7.453219592571e-02 5.856011062860e-02 5.669893696904e-02 7.743038982153e-02 7.582091540098e-02
1.197889000177e-01 1.939048916101e-01 2.276640087366e-01 1.613748669624e-01 2.397072911263e-01 6.422877907753e-01 2.432947307825e-01 1.601984202862e-01 1.592110991478e-01 2.159081250429e-01 1.772262305021e-01 2.118621319532e-01 3.044201731682e-01 3.574740588665e-01 2.859195470810e-01 3.226247727871e-01 5.796609520912e-01 4.142406284809e-01 1.995396912098e-01 3.818460404873e-01 2.445662319660e-01 3.267915546894e-01 4.552748799324e-01 2.340465784073e-01 1.553508341312e-01 2.087344676256e-01 2.156625539064e-01 1.953126341105e-01 1.334427297115e-01 1.471132934093e-01 2.040292024612e-01 2.046056240797e-01 1.311447620392e-01 8.200410753489e-02 1.221861466765e-01 1.885002404451e-01 1.750842332840e-01 9.425176680088e-02 6.643661856651e-02 5.635626614094e-02 6.146035343409e-02 8.758385479450e-02 8.068309724331e-02
1.632321327925e-01 2.016878426075e-01 2.278875261545e-01 2.632248699665e-01 2.527440190315e-01 6.538220643997e-01 2.423115372658e-01 1.913838088512e-01 1.362024694681e-01 1.975731551647e-01 1.656738519669e-01 2.329108566046e-01 3.206642866135e-01 3.814217746258e-01 3.081600070000e-01 3.834283351898e-01 6.447505354881e-01 4.451794624329e-01 2.177006155252e-01 4.067996144295e-01 2.692840099335e-01 3.186468482018e-01 4.375752806664e-01 1.938723623753e-01 1.651117056608e-01 2.500612437725e-01 2.739076614380e-01 1.705490201712e-01 1.359409540892e-01 1.242893487215e-01 1.692676693201e-01 1.835402399302e-01 1.242140009999e-01 9.218382090330e-02 1.794013977051e-01 2.024102360010e-01 1.219981312752e-01 6.393548101187e-02 6.834652274847e-02 5.280375480652e-02 7.034619152546e-02 9.303901344538e-02 1.008027344942e-01
2.155124992132e-01 2.110041081905e-01 2.244047522545e-01 3.232548236847e-01 2.625972628593e-01 6.572698354721e-01 2.352655678988e-01 2.193345874548e-01 1.440852731466e-01 2.024478018284e-01 1.715581417084e-01 2.495794445276e-01 3.357857465744e-01 4.047371745110e-01 2.975924313068e-01 4.334687292576e-01 6.570830345154e-01 4.219153821468e-01 2.582494914532e-01 4.276643097401e-01 2.701162993908e-01 2.913112044334e-01 3.784747123718e-01 1.843459904194e-01 1.805854886770e-01 2.877077758312e-01 2.950612306595e-01 1.536582857370e-01 1.479164361954e-01 1.298578232527e-01 1.792350709438e-01 1.544103771448e-01 1.105546206236e-01 1.612973213196e-01 2.174800187349e-01 1.563790142536e-01 8.769588917494e-02 5.742006748915e-02 6.889223307371e-02 6.025496870279e-02 9.104291349649e-02 1.186389848590e-01 1.181727200747e-01
2.536721527576e-01 2.749672830105e-01 2.597661912441e-01 2.987562417984e-01 2.798066735268e-01 6.518738269806e-01 2.555233836174e-01 2.410694062710e-01 1.512419134378e-01 2.054602801800e-01 1.896782517433e-01 2.582728862762e-01 3.538548946381e-01 4.277071058750e-01 2.735506892204e-01 4.652832448483e-01 6.192886829376e-01 3.744398951530e-01 2.841293513775e-01 4.432602524757e-01 2.413583695889e-01 2.325618118048e-01 2.938836216927e-01 1.706566810608e-01 2.122395932674e-01 2.880456149578e-01 2.723252475262e-01 1.627212464809e-01 1.702520102262e-01 1.441027224064e-01 1.944541931152e-01 1.353850662708e-01 1.379754096270e-01 2.177350372076e-01 1.917414367199e-01 1.344917863607e-01 7.499581575394e-02 6.258409470320e-02 7.740668207407e-02 8.716683089733e-02 1.270817518234e-01 1.304066032171e-01 1.086263507605e-01
3.323576450348e-01 3.300364911556e-01 3.563064932823e-01 2.748395800591e-01 3.316549062729e-01 6.313583254814e-01 2.909392416477e-01 2.625442743301e-01 2.049361914396e-01 2.058103829622e-01 2.213041186333e-01 3.345935344696e-01 3.687581419945e-01 4.532761573792e-01 2.958979606628e-01 4.676243960857e-01 5.507460832596e-01 3.584887385368e-01 2.928480207920e-01 4.548350870609e-01 2.156001180410e-01 1.909084618092e-01 2.213074713945e-01 1.831066757441e-01 2.307992130518e-01 2.577837407589e-01 2.014912366867e-01 1.796543002129e-01 1.984950155020e-01 1.643321365118e-01 2.010118663311e-01 1.278445124626e-01 2.058382183313e-01 2.164450287819e-01 1.930222511292e-01 1.216986104846e-01 8.707848936319e-02 7.659322023392e-02 9.266642481089e-02 1.264486610889e-01 1.413418650627e-01 1.138560697436e-01 8.451596647501e-02
3.688217103481e-01 3.651387095451e-01 4.406076669693e-01 4.102468788624e-01 2.802826464176e-01 5.958098769188e-01 2.705640792847e-01 3.034855425358e-01 2.832068502903e-01 2.348610907793e-01 2.403991371393e-01 4.032020270824e-01 4.243122041225e-01 4.816035628319e-01 3.303510546684e-01 4.402620792389e-01 5.450920462608e-01 4.373368024826e-01 2.849632203579e-01 4.564386308193e-01 2.169625610113e-01 2.059486806393e-01 2.246799319983e-01 2.036073356867e-01 2.163654118776e-01 2.028492242098e-01 1.870750784874e-01 2.093270719051e-01 2.174737304449e-01 1.704704463482e-01 1.993131190538e-01 1.933379620314e-01 2.294532060623e-01 2.158307582140e-01 2.056912034750e-01 1.497509628534e-01 1.067772731185e-01 9.884326905012e-02 1.199953928590e-01 1.417395025492e-01 1.171081066132e-01 9.614271670580e-02 8.653948456049e-02
