100/SI/f63_max.grd
DSAA
101	101
32.816463539100	34.260883539100
35.556306596100	36.727886596100
2.218579174951e-03	3.793301391602e+01
[rows 0 to 18 of 101, columns 43 to 85 of 101]
2.520554885268e-02 1.832900382578e-02 1.730618253350e-02 2.137039043009e-02 2.355401962996e-02 2.208703197539e-02 1.977414637804e-02 1.344577874988e-02 2.759602107108e-02 3.887748718262e-02 4.301910474896e-02 3.440573439002e-02 2.692448720336e-02 2.349075302482e-02 2.383999899030e-02 7.110037654638e-02 5.501011013985e-02 3.337328508496e-02 5.156248807907e-02 4.634913802147e-02 5.842393636703e-02 6.519815325737e-02 6.323451548815e-02 9.651697427034e-02 9.764828532934e-02 6.578588485718e-02 4.156045988202e-02 3.370894864202e-02 3.962665796280e-02 7.995750755072e-02 9.542149305344e-02 4.679227620363e-02 2.726203948259e-02 3.132510185242e-02 3.982780873775e-02 2.980924956501e-02 1.966271921992e-02 1.599506847560e-02 1.377953961492e-02 1.355727761984e-02 1.893475465477e-02 1.424090284854e-02 7.039488758892e-03
4.872365668416e-02 3.756737709045e-02 2.701250836253e-02 3.468086570501e-02 4.011778160930e-02 3.881332650781e-02 3.312969580293e-02 2.606529742479e-02 5.570106208324e-02 8.074421435595e-02 7.891329377890e-02 6.899167597294e-02 4.830239340663e-02 4.258044436574e-02 4.865515977144e-02 1.476377546787e-01 1.139617711306e-01 6.580483168364e-02 1.131122633815e-01 8.993156254292e-02 1.084878966212e-01 1.180058270693e-01 1.141426041722e-01 1.687706112862e-01 1.659269630909e-01 1.292446255684e-01 7.604835182428e-02 5.596678331494e-02 8.364559710026e-02 1.545471101999e-01 1.698637604713e-01 7.722117751837e-02 5.216122791171e-02 5.731945112348e-02 7.707951962948e-02 4.957249015570e-02 3.084858879447e-02 3.018956072628e-02 2.596294879913e-02 2.628085017204e-02 3.620331361890e-02 2.587248012424e-02 1.224634330720e-02
6.406170874834e-02 5.339435860515e-02 3.863499686122e-02 4.160339757800e-02 4.778394848108e-02 4.873433709145e-02 4.101850837469e-02 3.134025633335e-02 6.916472315788e-02 1.038369163871e-01 9.324400871992e-02 9.491482377052e-02 6.556625664234e-02 5.842709168792e-02 5.830604583025e-02 1.802554279566e-01 1.418363302946e-01 7.215693593025e-02 1.557287722826e-01 1.346832364798e-01 1.311986446381e-01 1.406862884760e-01 1.467926651239e-01 2.115757614374e-01 2.261055707932e-01 1.739044785500e-01 8.681108057499e-02 6.198786199093e-02 1.117860004306e-01 1.807472705841e-01 1.741939187050e-01 7.129281014204e-02 5.641668289900e-02 6.524396687746e-02 8.603528141975e-02 4.410935938358e-02 3.414978832006e-02 3.469563275576e-02 3.033060953021e-02 3.244670107961e-02 4.138065129519e-02 2.781932055950e-02 1.286947168410e-02
7.251101732254e-02 6.522993743420e-02 5.164868384600e-02 4.328801855445e-02 4.985240846872e-02 5.466346070170e-02 4.354138672352e-02 3.647935763001e-02 7.806884497404e-02 1.223849877715e-01 9.392421692610e-02 1.148084476590e-01 7.822719961405e-02 7.080883532763e-02 6.403482705355e-02 2.025224119425e-01 1.627977639437e-01 7.803826779127e-02 1.858520060778e-01 1.768496632576e-01 1.384631544352e-01 1.460733413696e-01 1.680556088686e-01 2.330179065466e-01 3.003616929054e-01 2.146068066359e-01 9.326496720314e-02 8.317909389734e-02 1.335410773754e-01 1.871813535690e-01 1.538866013288e-01 5.540422350168e-02 5.194561183453e-02 8.013050258160e-02 8.553246408701e-02 3.381428122520e-02 3.494252264500e-02 3.673215582967e-02 3.275649622083e-02 3.734352067113e-02 4.356977343559e-02 2.697617933154e-02 1.201445795596e-02
7.583606988192e-02 7.386960089207e-02 6.332546472549e-02 4.730704799294e-02 5.035285279155e-02 5.955749377608e-02 4.275990277529e-02 4.483335092664e-02 8.486222475767e-02 1.403923034668e-01 8.733841031790e-02 1.274165511131e-01 1.045738086104e-01 8.179136365652e-02 6.824372708797e-02 2.218254059553e-01 1.799039393663e-01 9.416040778160e-02 2.058073878288e-01 2.175572216511e-01 1.403078734875e-01 1.461592018604e-01 1.869557946920e-01 2.464165389538e-01 3.736283481121e-01 2.481919229031e-01 9.535793215036e-02 1.065610051155e-01 1.537023931742e-01 1.846708655357e-01 1.278815120459e-01 4.872766882181e-02 4.637041315436e-02 9.490685909986e-02 7.961390167475e-02 3.282308205962e-02 3.586285933852e-02 3.862062469125e-02 3.536966815591e-02 4.271985962987e-02 4.543322697282e-02 2.575351670384e-02 1.106072310358e-02
7.331252098083e-02 7.813956588507e-02 7.266516983509e-02 5.961253121495e-02 5.233286693692e-02 6.389158219099e-02 4.412127286196e-02 5.092580989003e-02 9.050153940916e-02 1.585582047701e-01 8.625835925341e-02 1.283975392580e-01 1.247864663601e-01 1.023638173938e-01 9.197580814362e-02 2.378773689270e-01 1.934452652931e-01 1.052422150970e-01 2.108050286770e-01 2.525575459003e-01 1.870284676552e-01 1.472725123167e-01 2.057181298733e-01 2.558595836163e-01 4.391412138939e-01 2.675930559635e-01 9.632328897715e-02 1.290417760611e-01 1.685102581978e-01 1.707116812468e-01 9.988623112440e-02 4.830916970968e-02 6.410348415375e-02 1.060658171773e-01 6.881618499756e-02 3.291555121541e-02 3.694308549166e-02 4.046704247594e-02 3.811568021774e-02 4.854659363627e-02 4.664326459169e-02 2.417165599763e-02 1.016185339540e-02
6.623811274767e-02 7.665538042784e-02 7.856263220310e-02 7.080215215683e-02 5.359704047441e-02 6.751557439566e-02 5.062517896295e-02 5.387240275741e-02 9.488608688116e-02 1.753538846970e-01 9.696171432734e-02 1.176432892680e-01 1.292944997549e-01 1.142585352063e-01 1.038598120213e-01 2.535054385662e-01 2.031633853912e-01 1.056202352047e-01 1.954347640276e-01 2.671964466572e-01 2.275193780661e-01 1.929630041122e-01 2.243996709585e-01 2.622201144695e-01 4.872611761093e-01 2.695066630840e-01 1.152321994305e-01 1.486584395170e-01 1.708701550961e-01 1.471819430590e-01 7.347346097231e-02 4.355056583881e-02 8.477011322975e-02 1.100303530693e-01 5.504005402327e-02 3.457659855485e-02 3.826244175434e-02 4.209978505969e-02 4.086923599243e-02 5.501465499401e-02 4.704193398356e-02 2.221289463341e-02 1.469519175589e-02
5.807387456298e-02 7.059455662966e-02 7.969340682030e-02 7.936052978039e-02 6.597981601954e-02 7.010708004236e-02 5.783982574940e-02 5.218442901969e-02 9.770526736975e-02 1.913336813450e-01 1.093814298511e-01 9.753898531199e-02 1.200581565499e-01 1.210742667317e-01 1.022515818477e-01 2.681672573090e-01 2.100337892771e-01 1.144738420844e-01 1.638217121363e-01 2.531015574932e-01 2.445056736469e-01 2.332981377840e-01 2.430456876755e-01 3.032662868500e-01 5.150417685509e-01 2.596000134945e-01 1.409102529287e-01 1.641176939011e-01 1.600299775600e-01 1.181206703186e-01 5.122102797031e-02 5.775588005781e-02 1.040659695864e-01 1.049831137061e-01 4.050587117672e-02 4.020548984408e-02 3.895054012537e-02 4.353165626526e-02 4.349944368005e-02 6.214579194784e-02 4.657697305083e-02 2.011928148568e-02 2.039862982929e-02
5.949154123664e-02 6.409902870655e-02 7.718683034182e-02 8.411882817745e-02 7.675318419933e-02 7.134927064180e-02 6.575156748295e-02 4.601476341486e-02 9.877995401621e-02 2.066927552223e-01 1.224731653929e-01 7.510756701231e-02 1.283134818077e-01 1.362002640963e-01 8.816235512495e-02 2.827346324921e-01 2.155498266220e-01 1.217312589288e-01 1.308798342943e-01 2.237751781940e-01 2.481173127890e-01 2.610512971878e-01 2.606003880501e-01 3.480698168278e-01 5.118486881256e-01 2.296006679535e-01 1.643982529640e-01 1.644123196602e-01 1.389100700617e-01 8.741738647223e-02 4.614712670445e-02 8.085296303034e-02 1.186942979693e-01 9.127628058195e-02 3.872413933277e-02 4.302017390728e-02 3.978516161442e-02 4.478882998228e-02 4.736906662583e-02 6.879890710115e-02 4.483527690172e-02 1.827232539654e-02 2.566103264689e-02
6.321760267019e-02 6.496301293373e-02 7.397238165140e-02 8.640588819981e-02 8.481092751026e-02 7.060173153877e-02 7.344400137663e-02 4.079227149487e-02 9.898486733437e-02 2.213330119848e-01 1.357262879610e-01 7.558005303144e-02 1.403641998768e-01 1.526175439358e-01 8.924346417189e-02 2.988780140877e-01 2.175679951906e-01 1.267597526312e-01 1.307120025158e-01 1.891729682684e-01 2.474613785744e-01 2.742366194725e-01 2.745492458344e-01 3.884680271149e-01 4.754485189915e-01 1.840126812458e-01 1.743518412113e-01 1.510751098394e-01 1.115805581212e-01 5.932854861021e-02 7.041902840137e-02 1.059092134237e-01 1.235213652253e-01 7.083553075790e-02 4.495512321591e-02 4.317198321223e-02 4.042078554630e-02 4.622395336628e-02 5.943477898836e-02 7.367407530546e-02 4.200663790107e-02 2.404598332942e-02 2.968510054052e-02
6.443330645561e-02 7.111405581236e-02 7.112795859575e-02 8.757815510035e-02 9.120099246502e-02 7.166167348623e-02 7.920922338963e-02 4.887855052948e-02 9.841523319483e-02 2.345058768988e-01 1.492118537426e-01 9.824823588133e-02 2.090789228678e-01 1.691955775023e-01 1.002109497786e-01 3.146686255932e-01 2.193266302347e-01 1.285682618618e-01 1.307228505611e-01 1.623997092247e-01 2.431026399136e-01 2.656359672546e-01 2.842855453491e-01 4.137462675571e-01 4.138753414154e-01 1.843448430300e-01 1.695396006107e-01 1.293924152851e-01 8.070058375597e-02 7.650870084763e-02 9.993223845959e-02 1.278498619795e-01 1.133024245501e-01 4.865382239223e-02 4.885610938072e-02 4.055585339665e-02 4.098062217236e-02 4.787750169635e-02 7.159016281366e-02 7.634735852480e-02 3.844189271331e-02 2.898355014622e-02 3.222430124879e-02
6.323295086622e-02 7.553346455097e-02 7.709301263094e-02 8.838912844658e-02 9.763260185719e-02 8.144433796406e-02 8.086097240448e-02 5.881629884243e-02 9.656988084316e-02 2.463811039925e-01 1.631411164999e-01 1.176282465458e-01 2.718160152435e-01 1.824639290571e-01 1.209307909012e-01 3.289974927902e-01 2.195699810982e-01 1.277040541172e-01 1.334919631481e-01 1.566039621830e-01 2.266836464405e-01 2.224252074957e-01 2.904081940651e-01 4.195011258125e-01 3.352231383324e-01 1.911483258009e-01 1.513870358467e-01 9.882858395576e-02 1.013612747192e-01 1.110948771238e-01 1.289727091789e-01 1.346640884876e-01 9.008358418941e-02 5.162628367543e-02 4.929305985570e-02 3.532994538546e-02 4.094361886382e-02 4.935833811760e-02 8.147507160902e-02 7.617018371820e-02 3.595209494233e-02 3.271448984742e-02 3.274196758866e-02
5.999462679029e-02 7.802891731262e-02 8.651243895292e-02 8.959439396858e-02 1.040109694004e-01 9.089069813490e-02 7.686299830675e-02 6.649051606655e-02 9.344343841076e-02 2.566102445126e-01 1.788655817509e-01 1.353211998940e-01 3.216692209244e-01 1.876036524773e-01 1.406078785658e-01 3.429959714413e-01 2.185915857553e-01 1.237026304007e-01 1.324747949839e-01 1.664445400238e-01 1.965754330158e-01 2.197746932507e-01 2.962561249733e-01 3.914036750793e-01 2.472847700119e-01 1.783764362335e-01 1.470921933651e-01 1.507243663073e-01 1.473290473223e-01 1.460058093071e-01 1.455430537462e-01 1.198300719261e-01 6.090861186385e-02 5.553061887622e-02 4.481749981642e-02 2.871926501393e-02 4.039233177900e-02 5.133222788572e-02 8.847956359386e-02 7.346270233393e-02 3.964585438371e-02 3.373426198959e-02 3.291997686028e-02
5.500712618232e-02 7.805488258600e-02 9.436818212271e-02 9.150389581919e-02 1.105104461312e-01 1.003614589572e-01 6.731250882149e-02 6.863105297089e-02 8.989622443914e-02 2.654602229595e-01 1.953423023224e-01 1.522372066975e-01 3.595768213272e-01 2.035412490368e-01 1.507510244846e-01 3.583112657070e-01 2.153241187334e-01 1.362097859383e-01 1.252993196249e-01 1.732598841190e-01 1.630432307720e-01 2.340677976608e-01 3.218390345573e-01 3.258242011070e-01 2.106895744801e-01 1.894155293703e-01 2.112258821726e-01 2.071038186550e-01 1.868206113577e-01 1.631240993738e-01 1.357209831476e-01 8.757153898478e-02 5.988960340619e-02 5.337882041931e-02 3.710550069809e-02 2.262770384550e-02 3.977720066905e-02 6.148318946362e-02 9.300407022238e-02 6.881766766310e-02 4.342238232493e-02 3.358388319612e-02 3.398993238807e-02
6.343200057745e-02 7.520922273397e-02 1.000171229243e-01 9.640140831470e-02 1.171947717667e-01 1.103809997439e-01 6.698285043240e-02 7.381575554609e-02 8.438772708178e-02 2.726251780987e-01 2.142861038446e-01 1.627634912729e-01 3.788208365440e-01 2.161480039358e-01 1.526762843132e-01 3.741642236710e-01 2.125834226608e-01 1.450262218714e-01 1.395370066166e-01 1.704273670912e-01 1.607160717249e-01 2.474994957447e-01 3.031990528107e-01 2.503768801689e-01 1.946235746145e-01 2.572239637375e-01 2.746261656284e-01 2.388663887978e-01 1.903195977211e-01 1.478115767241e-01 1.023284718394e-01 6.358186155558e-02 6.004045158625e-02 4.535799473524e-02 2.882190048695e-02 1.970884203911e-02 3.944246098399e-02 7.133266329765e-02 9.569367021322e-02 7.272271811962e-02 4.695613309741e-02 3.425496444106e-02 3.583371639252e-02
7.406494766474e-02 6.947863101959e-02 1.025096923113e-01 1.092881113291e-01 1.230531185865e-01 1.204308941960e-01 7.527481764555e-02 8.156675845385e-02 7.780719548464e-02 2.793975174427e-01 2.368498295546e-01 1.758076697588e-01 3.967159986496e-01 2.143856436014e-01 1.700389683247e-01 3.851065337658e-01 2.059841901064e-01 1.463560760021e-01 1.629156619310e-01 1.580556482077e-01 1.800732612610e-01 2.571325302124e-01 2.722826898098e-01 2.561354935169e-01 2.497188150883e-01 3.112456798553e-01 2.830889523029e-01 2.152150571346e-01 1.573466509581e-01 1.073851287365e-01 6.580871343613e-02 6.479503959417e-02 5.243755131960e-02 3.480665385723e-02 2.128688059747e-02 2.256794460118e-02 4.503152146935e-02 8.038707822561e-02 9.647571295500e-02 8.296937495470e-02 4.954509064555e-02 3.626560792327e-02 3.732405602932e-02
8.297947794199e-02 7.475930452347e-02 1.009955629706e-01 1.208439096808e-01 1.284659951925e-01 1.309404373169e-01 8.463300019503e-02 8.921790122986e-02 8.467602729797e-02 2.836040258408e-01 2.619027197361e-01 1.926285922527e-01 4.180372655392e-01 2.115491032600e-01 2.197988629341e-01 3.963252902031e-01 1.976307481527e-01 1.389255523682e-01 1.729224920273e-01 1.457809507847e-01 2.023970931768e-01 2.518904805183e-01 2.957167327404e-01 2.371207773685e-01 2.910129427910e-01 2.914143204689e-01 2.273778766394e-01 1.562199443579e-01 1.034368649125e-01 6.721169501543e-02 6.764519959688e-02 5.699451640248e-02 3.981066867709e-02 2.896712906659e-02 2.785567566752e-02 3.088749200106e-02 5.512167885900e-02 8.762925863266e-02 1.065408810973e-01 9.142071008682e-02 4.918043315411e-02 3.824289515615e-02 3.622935712337e-02
8.952177315950e-02 8.847025036812e-02 9.591590613127e-02 1.293075084686e-01 1.339008957148e-01 1.422412246466e-01 9.515929222107e-02 9.780680388212e-02 9.441535919905e-02 2.841369807720e-01 2.874820232391e-01 2.045031189919e-01 4.356687664986e-01 2.046718746424e-01 2.643128037453e-01 4.036778509617e-01 1.894138902426e-01 1.509183794260e-01 1.649104207754e-01 1.633330285549e-01 2.028512060642e-01 2.654635608196e-01 2.968505322933e-01 2.373717725277e-01 2.658136785030e-01 2.131386250257e-01 1.410402059555e-01 8.633889257908e-02 6.680013984442e-02 6.878700852394e-02 5.871608108282e-02 4.276510700583e-02 3.708297759295e-02 4.152133315802e-02 3.488255292177e-02 4.013458266854e-02 6.364750862122e-02 1.054201945662e-01 1.275172680616e-01 9.468995779753e-02 4.458673298359e-02 3.871104121208e-02 3.291254490614e-02
9.371033310890e-02 1.005082428455e-01 1.123726218939e-01 1.346625089645e-01 1.391723603010e-01 1.548021733761e-01 1.073524802923e-01 1.067908853292e-01 1.054346039891e-01 2.831986248493e-01 3.170110583305e-01 2.167929261923e-01 4.527718424797e-01 1.984886676073e-01 3.007913827896e-01 4.096379876137e-01 1.816122084856e-01 1.731031984091e-01 1.592075079679e-01 1.786727011204e-01 2.071045786142e-01 2.863773703575e-01 2.634777724743e-01 2.352911829948e-01 1.971956938505e-01 1.229058578610e-01 6.844408810139e-02 6.678553670645e-02 6.753800064325e-02 5.847796425223e-02 4.357879981399e-02 4.346441105008e-02 5.411159619689e-02 5.344263464212e-02 3.647071123123e-02 4.814579337835e-02 6.971598416567e-02 1.360178887844e-01 1.440179497004e-01 8.860197663307e-02 4.099388793111e-02 3.615696355700e-02 2.979425713420e-02
