100/SI/f63_max.grd
DSAA
101	101
32.816463539100	34.260883539100
35.556306596100	36.727886596100
2.218579174951e-03	3.793301391602e+01
[rows 19 to 37 of 101, columns 43 to 85 of 101]
9.548950940371e-02 1.103106141090e-01 1.407942026854e-01 1.400322020054e-01 1.440768539906e-01 1.681207567453e-01 1.208329722285e-01 1.164893209934e-01 1.200047135353e-01 2.792188227177e-01 3.490889668465e-01 2.359895706177e-01 4.629846811295e-01 1.858076751232e-01 3.232752978802e-01 4.060223400593e-01 1.723222732544e-01 1.766331195831e-01 1.859467327595e-01 1.890072226524e-01 2.364545166492e-01 2.678753137589e-01 2.041251510382e-01 1.760752201080e-01 1.117091774940e-01 5.714682117105e-02 6.706783175468e-02 6.556902825832e-02 5.686350539327e-02 4.245229437947e-02 4.217188060284e-02 6.419128179550e-02 7.242365181446e-02 5.605660006404e-02 4.188932105899e-02 5.419475585222e-02 9.794318675995e-02 1.700855493546e-01 1.479540914297e-01 7.366853952408e-02 3.985329344869e-02 3.275420889258e-02 2.591145411134e-02
9.347209334373e-02 1.479987651110e-01 1.934851557016e-01 1.776703745127e-01 1.599840670824e-01 1.815444231033e-01 1.357428282499e-01 1.271307170391e-01 1.379147022963e-01 2.697829902172e-01 3.815821409225e-01 2.556346356869e-01 4.847338497639e-01 2.192478477955e-01 3.212354183197e-01 3.946302235126e-01 1.696541905403e-01 1.736598759890e-01 2.049330323935e-01 2.133368551731e-01 2.422784417868e-01 2.300345152617e-01 1.590628623962e-01 1.074869036674e-01 6.071445345879e-02 6.839541345835e-02 6.330947577953e-02 5.393768846989e-02 4.086802527308e-02 3.893451765180e-02 6.503708660603e-02 8.477600663900e-02 7.561758160591e-02 4.627142474055e-02 4.718979448080e-02 5.872330069542e-02 1.410072296858e-01 1.988441944122e-01 1.339975595474e-01 5.461809411645e-02 3.662214055657e-02 2.891689538956e-02 1.991714164615e-02
9.521687030792e-02 1.961763799191e-01 2.601449191570e-01 2.426101714373e-01 2.200722545385e-01 1.942342668772e-01 1.512125432491e-01 1.383694410324e-01 1.586950272322e-01 2.566565871239e-01 4.131165444851e-01 2.686128914356e-01 4.870346486568e-01 2.545501589775e-01 3.009910285473e-01 3.778962790966e-01 1.812184751034e-01 1.906605362892e-01 2.203900665045e-01 2.304525226355e-01 2.478668838739e-01 2.594862878323e-01 1.134583353996e-01 6.478821486235e-02 7.067444175482e-02 6.339062750340e-02 5.082924291492e-02 3.748561814427e-02 3.742537274957e-02 6.494165211916e-02 9.078332781792e-02 8.783810585737e-02 5.924763530493e-02 4.621437564492e-02 5.244060978293e-02 8.550010621548e-02 1.925483494997e-01 2.044715285301e-01 1.039154753089e-01 4.235139861703e-02 3.315245360136e-02 2.329133264720e-02 1.596555300057e-02
1.126672327518e-01 2.356888353825e-01 3.153814375401e-01 3.062122762203e-01 2.903670370579e-01 2.528082728386e-01 2.024266123772e-01 1.591268926859e-01 1.884233802557e-01 2.377993315458e-01 4.452103972435e-01 2.830794751644e-01 4.783918559551e-01 2.874121963978e-01 3.024955093861e-01 3.463380038738e-01 1.963689625263e-01 2.090353071690e-01 2.298022955656e-01 2.314028739929e-01 2.752663195133e-01 2.851546704769e-01 1.205095052719e-01 7.401416450739e-02 6.432479619980e-02 5.326689407229e-02 3.834432736039e-02 4.288719221950e-02 6.856963038445e-02 9.637690335512e-02 9.453492611647e-02 6.555245816708e-02 4.684167727828e-02 4.930598661304e-02 6.018737703562e-02 1.381124556065e-01 2.376812547445e-01 1.794532090425e-01 7.098280638456e-02 3.833365812898e-02 2.790794707835e-02 1.944481953979e-02 1.754637248814e-02
1.284281313419e-01 2.569053173065e-01 3.413325250149e-01 3.443087041378e-01 3.432606160641e-01 3.137066662312e-01 2.630327045918e-01 2.140892744064e-01 2.298336178064e-01 2.131797671318e-01 4.639379084110e-01 3.004243373871e-01 4.399822354317e-01 3.208611607552e-01 3.258516788483e-01 3.021709322929e-01 2.105362266302e-01 2.258886843920e-01 2.309619039297e-01 2.229234576225e-01 3.009739220142e-01 3.092081844807e-01 1.271140724421e-01 6.564746797085e-02 5.322147160769e-02 4.177475720644e-02 4.813355952501e-02 7.336680591106e-02 1.047905087471e-01 1.016226634383e-01 6.885991245508e-02 4.781316220760e-02 4.650153219700e-02 5.028995871544e-02 8.416541665792e-02 2.054322212934e-01 2.504693269730e-01 1.316147595644e-01 4.484169185162e-02 3.355812653899e-02 2.094059623778e-02 1.834510453045e-02 1.862362027168e-02
1.434183716774e-01 2.584522962570e-01 3.473472297192e-01 3.608171641827e-01 3.713167011738e-01 3.535701334476e-01 3.103034794331e-01 2.636652290821e-01 2.836074531078e-01 2.295721173286e-01 4.681552350521e-01 3.539291024208e-01 4.350759983063e-01 3.514159917831e-01 3.380712568760e-01 2.495836168528e-01 2.298619896173e-01 2.389677762985e-01 2.277560383081e-01 2.508524954319e-01 3.262901604176e-01 3.345137238503e-01 1.346620172262e-01 5.414382740855e-02 5.046518892050e-02 5.281978845596e-02 7.993384450674e-02 1.133945062757e-01 1.077078059316e-01 7.204642146826e-02 5.051482468843e-02 4.857617616653e-02 5.006705597043e-02 6.588179618120e-02 1.445282697678e-01 2.664429843426e-01 2.163824290037e-01 8.104229718447e-02 4.499742761254e-02 2.667450159788e-02 1.501682866365e-02 1.707021147013e-02 3.053861670196e-02
1.704360842705e-01 2.344417273998e-01 3.213963508606e-01 3.489697277546e-01 3.774084746838e-01 3.764386475086e-01 3.437044024467e-01 3.010290265083e-01 3.476763367653e-01 2.721529901028e-01 4.620221555233e-01 4.108181595802e-01 4.795440733433e-01 3.777969479561e-01 3.311821818352e-01 2.464653402567e-01 2.504084706306e-01 2.395516037941e-01 2.243765890598e-01 2.802644968033e-01 3.520765006542e-01 3.586461246014e-01 1.410544812679e-01 5.873450636864e-02 5.597034841776e-02 8.396902680397e-02 1.239373385906e-01 1.158477291465e-01 7.520830631256e-02 5.403142422438e-02 5.294304341078e-02 5.396566912532e-02 5.614718422294e-02 1.042589768767e-01 2.214962244034e-01 2.849961221218e-01 1.491117477417e-01 4.934162274003e-02 4.653082042933e-02 2.602479979396e-02 3.346684575081e-02 5.380114912987e-02 7.555946707726e-02
1.976376622915e-01 1.843227148056e-01 2.573190331459e-01 3.000983595848e-01 3.489589691162e-01 3.695454299450e-01 3.516045510769e-01 3.140072822571e-01 4.323584735394e-01 3.041699826717e-01 4.407891929150e-01 4.405493438244e-01 5.278049111366e-01 4.039315283298e-01 3.035457134247e-01 2.582161724567e-01 2.600284516811e-01 2.278968393803e-01 2.726157605648e-01 2.795150578022e-01 3.792524039745e-01 3.835892975330e-01 1.489178985357e-01 5.899578332901e-02 8.496904373169e-02 1.323149949312e-01 1.273369640112e-01 7.957036048174e-02 6.052283570170e-02 5.990957841277e-02 5.840621888638e-02 5.846739187837e-02 8.943852037191e-02 1.776585429907e-01 2.852214872837e-01 2.362165451050e-01 8.343502879143e-02 4.374631494284e-02 4.677774012089e-02 5.897694826126e-02 8.286536484957e-02 1.021403744817e-01 1.105920374393e-01
2.015531659126e-01 2.133202552795e-01 1.890348941088e-01 2.392295300961e-01 2.883901000023e-01 3.196083009243e-01 3.157004714012e-01 2.915606200695e-01 5.185661911964e-01 3.072978258133e-01 4.096841812134e-01 4.499626755714e-01 5.693731307983e-01 4.230383932590e-01 3.408737778664e-01 2.773580253124e-01 2.573232650757e-01 2.042751759291e-01 2.995762526989e-01 2.458631247282e-01 4.011758863926e-01 4.039993882179e-01 1.602303236723e-01 8.164437860250e-02 1.384634822607e-01 1.410506814718e-01 8.821370452642e-02 6.867940723896e-02 6.748788058758e-02 6.528022140265e-02 6.204505637288e-02 8.920858800411e-02 1.579967588186e-01 2.583710849285e-01 2.826095521450e-01 1.465532630682e-01 5.514949560165e-02 6.526822596788e-02 9.366363286972e-02 1.141713410616e-01 1.205436363816e-01 1.143197640777e-01 9.595453739166e-02
2.436982989311e-01 2.163743227720e-01 2.155574709177e-01 2.384963780642e-01 2.457140386105e-01 2.698610126972e-01 3.048382699490e-01 3.032174706459e-01 5.681608915329e-01 2.976371347904e-01 3.789697885513e-01 4.494578242302e-01 6.122618913651e-01 4.610493779182e-01 4.095503091812e-01 3.261719644070e-01 2.530606091022e-01 2.623326778412e-01 2.903791666031e-01 1.890452206135e-01 4.168602228165e-01 4.023760855198e-01 1.667844653130e-01 1.410250365734e-01 1.560145765543e-01 1.006383225322e-01 7.795738428831e-02 7.733172178268e-02 7.363961637020e-02 7.060729712248e-02 9.635962545872e-02 1.610295325518e-01 2.407614737749e-01 2.813307940960e-01 1.957440227270e-01 6.876186281443e-02 1.038833782077e-01 1.300248801708e-01 1.373507231474e-01 1.244148910046e-01 9.979357570410e-02 7.407431304455e-02 5.217710882425e-02
2.779330909252e-01 1.926529556513e-01 2.197681367397e-01 2.228628098965e-01 2.898684740067e-01 2.733870148659e-01 3.333025872707e-01 3.272271454334e-01 5.965647101402e-01 3.136670589447e-01 3.445861041546e-01 4.450212121010e-01 6.568332910538e-01 4.790026247501e-01 4.554642140865e-01 3.851810693741e-01 3.177951872349e-01 3.006594479084e-01 2.439376413822e-01 2.283523082733e-01 4.171797633171e-01 3.726936876774e-01 1.580574065447e-01 1.662058234215e-01 1.138828620315e-01 8.788409829140e-02 8.822610974312e-02 8.837693184614e-02 8.708569407463e-02 1.076100319624e-01 1.748393476009e-01 2.449413686991e-01 2.634218037128e-01 1.989352554083e-01 1.094435602427e-01 1.463641971350e-01 1.596190929413e-01 1.439150720835e-01 1.112435981631e-01 7.723724097013e-02 5.209554731846e-02 3.558924421668e-02 2.470481209457e-02
2.869170010090e-01 2.049276530743e-01 2.102833688259e-01 2.265400737524e-01 3.287810981274e-01 2.738744616508e-01 3.650732338428e-01 3.873791992664e-01 6.150032281876e-01 3.307667672634e-01 3.053827881813e-01 4.849170744419e-01 6.953428387642e-01 4.494927227497e-01 4.579558670521e-01 4.148610830307e-01 3.665876090527e-01 3.132469952106e-01 2.617066800594e-01 2.752438187599e-01 3.893520236015e-01 3.133995234966e-01 1.754403412342e-01 1.258459687233e-01 9.247954189777e-02 9.682228416204e-02 9.570463001728e-02 1.072435826063e-01 1.214506775141e-01 1.935804039240e-01 2.536090612411e-01 2.517521083355e-01 1.756580173969e-01 1.573750078678e-01 1.822762191296e-01 1.712426245213e-01 1.311923414469e-01 8.614205569029e-02 5.422764644027e-02 3.530270233750e-02 2.823495864868e-02 1.950659789145e-02 1.779520139098e-02
2.840817868710e-01 2.763970494270e-01 2.004788964987e-01 2.553885281086e-01 3.518736958504e-01 2.704344093800e-01 3.936905860901e-01 4.637081325054e-01 6.439752578735e-01 3.477375805378e-01 2.836045026779e-01 5.540781617165e-01 7.309613227844e-01 4.324352741241e-01 4.078035950661e-01 4.043917357922e-01 3.864124119282e-01 3.529907763004e-01 3.103010058403e-01 3.040835261345e-01 3.177227675915e-01 2.200386375189e-01 1.472866088152e-01 1.230539530516e-01 1.060203462839e-01 1.064274609089e-01 9.790090471506e-02 1.436592638493e-01 2.151740640402e-01 2.683060169220e-01 2.372906953096e-01 1.579266339540e-01 2.029277831316e-01 2.013379782438e-01 1.596498787403e-01 1.041014865041e-01 1.235681921244e-01 4.877344518900e-02 4.689347371459e-02 3.424181044102e-02 2.753213606775e-02 2.169432863593e-02 1.956466212869e-02
3.498541414738e-01 2.934959828854e-01 2.168557941914e-01 2.685291171074e-01 3.440815210342e-01 3.295718729496e-01 4.247287809849e-01 5.257678627968e-01 6.561470627785e-01 3.705089986324e-01 3.554735779762e-01 6.347876787186e-01 7.484126091003e-01 4.067324101925e-01 3.265999853611e-01 3.608400821686e-01 3.745364248753e-01 3.638735115528e-01 3.349070549011e-01 2.887480854988e-01 2.363540083170e-01 1.910495162010e-01 1.598147302866e-01 1.377822756767e-01 1.238107830286e-01 1.194794401526e-01 1.746217310429e-01 2.397315204144e-01 2.735547125340e-01 2.241400480270e-01 2.100698053837e-01 2.307312786579e-01 1.956522315741e-01 1.307020187378e-01 7.479063421488e-02 1.186001151800e-01 1.018608063459e-01 7.892832159996e-02 6.791920959949e-02 3.603170439601e-02 3.352019563317e-02 2.598581276834e-02 2.149828895926e-02
4.389347434044e-01 2.847173213959e-01 3.680551052094e-01 2.612909972668e-01 3.029080033302e-01 4.213230907917e-01 4.555897712708e-01 5.763688683510e-01 7.740459442139e-01 4.202791154385e-01 4.608179628849e-01 7.214205265045e-01 7.480439543724e-01 3.663521409035e-01 2.581875324249e-01 3.005806505680e-01 3.299058079720e-01 3.396781086922e-01 3.245535790920e-01 2.888321578503e-01 2.375474274158e-01 1.905158311129e-01 1.601934731007e-01 1.444508135319e-01 1.594634056091e-01 2.145240455866e-01 2.580458819866e-01 2.597681581974e-01 2.120271176100e-01 2.515543103218e-01 2.495584040880e-01 1.956784278154e-01 1.122226715088e-01 8.179930597544e-02 1.077938452363e-01 1.231940239668e-01 6.939094513655e-02 5.964499711990e-02 4.644524306059e-02 3.925886750221e-02 3.727502375841e-02 4.058319702744e-02 5.314852297306e-02
4.236246347427e-01 4.419023692608e-01 3.900053799152e-01 2.436469942331e-01 3.376187682152e-01 4.924795925617e-01 4.795352220535e-01 6.266841292381e-01 9.159486889839e-01 4.538102447987e-01 5.484273433685e-01 7.822300791740e-01 7.147781252861e-01 3.251814842224e-01 3.232457637787e-01 2.405056059361e-01 2.904945313931e-01 2.995726764202e-01 2.869462966919e-01 4.103057980537e-01 4.444845020771e-01 1.794033199549e-01 1.574839949608e-01 2.098289430141e-01 2.508445978165e-01 2.574587464333e-01 2.149228453636e-01 2.659256756306e-01 2.753135859966e-01 2.878909111023e-01 1.962794363499e-01 9.522981196642e-02 7.386440783739e-02 1.143838167191e-01 1.237899363041e-01 7.225868105888e-02 4.101944714785e-02 5.180691555142e-02 6.460438668728e-02 7.890962809324e-02 9.381416440010e-02 1.047409102321e-01 1.092858985066e-01
4.751496911049e-01 5.597563982010e-01 3.418393135071e-01 4.572926461697e-01 3.727729022503e-01 5.104652047157e-01 4.967877268791e-01 6.562795639038e-01 1.105000853539e+00 5.058721899986e-01 6.211174130440e-01 8.204183578491e-01 6.397308111191e-01 3.011077344418e-01 3.057973980904e-01 3.262919485569e-01 3.464058041573e-01 4.244308173656e-01 8.223930597305e-01 1.255542278290e+00 7.472904920578e-01 2.113573998213e-01 2.542023956776e-01 2.540813982487e-01 2.276495248079e-01 2.887967526913e-01 2.820717990398e-01 3.264854848385e-01 2.606054842472e-01 1.537141799927e-01 1.249412074685e-01 9.981638193130e-02 1.264386326075e-01 1.167877316475e-01 1.121013686061e-01 1.189885959029e-01 1.238100528717e-01 1.255243569613e-01 1.252336800098e-01 1.200477182865e-01 1.096816062927e-01 9.589125216007e-02 8.099317550659e-02
4.963872432709e-01 6.173201799393e-01 5.717042088509e-01 4.623362123966e-01 4.059447646141e-01 4.347491264343e-01 5.969851613045e-01 6.740692257881e-01 1.369240045547e+00 5.873323678970e-01 7.302964329720e-01 8.249649405479e-01 5.221626758575e-01 3.679552376270e-01 2.632566690445e-01 3.490504622459e-01 3.490351140499e-01 8.940149545670e-01 1.473333835602e+00 1.021607875824e+00 3.433013856411e-01 2.580291628838e-01 2.469223290682e-01 3.153117895126e-01 3.083257973194e-01 3.638380467892e-01 2.939126193523e-01 1.812075972557e-01 1.686235517263e-01 1.856132149696e-01 1.826987564564e-01 1.686263829470e-01 1.504881232977e-01 1.334593147039e-01 1.187163442373e-01 1.050553172827e-01 9.245347231627e-02 8.013620972633e-02 6.793867051601e-02 5.670201778412e-02 4.604673013091e-02 3.665577992797e-02 3.605468571186e-02
5.855349898338e-01 8.103979229927e-01 6.907218098640e-01 4.808913171291e-01 5.818116664886e-01 5.121789574623e-01 7.179502844810e-01 7.746387720108e-01 1.649015903473e+00 6.960705518723e-01 8.385882973671e-01 7.595139741898e-01 4.092738628387e-01 3.361045718193e-01 3.817624449730e-01 3.754203915596e-01 1.171952247620e+00 1.378018736839e+00 7.516742348671e-01 2.879385352135e-01 2.475717365742e-01 3.434337973595e-01 3.403149843216e-01 4.144571125507e-01 3.301085233688e-01 2.711789011955e-01 2.562985122204e-01 2.069629430771e-01 1.849918812513e-01 1.682534217834e-01 1.421210318804e-01 1.188996806741e-01 1.047056317329e-01 9.553202241659e-02 8.318680524826e-02 6.781320273876e-02 5.369516462088e-02 4.398038610816e-02 4.287229478359e-02 4.119733721018e-02 3.609772026539e-02 3.479164093733e-02 3.353818878531e-02
