100/SI/f63_max.grd
DSAA
101	101
32.816463539100	34.260883539100
35.556306596100	36.727886596100
2.218579174951e-03	3.793301391602e+01
[rows 38 to 56 of 101, columns 0 to 42 of 101]
1.933480799198e-01 3.835034072399e-01 4.920534491539e-01 5.717343091965e-01 6.467131972313e-01 7.128890156746e-01 7.610022425652e-01 7.791474461555e-01 7.523050904274e-01 7.243093848228e-01 6.605039834976e-01 5.662219524384e-01 4.602561295033e-01 3.560338020325e-01 3.792791962624e-01 4.277542531490e-01 6.376878023148e-01 6.744059324265e-01 5.825344920158e-01 8.795325160027e-01 1.068981051445e+00 1.099799990654e+00 8.466495871544e-01 5.562409162521e-01 4.332387149334e-01 5.356779098511e-01 4.977737665176e-01 5.260717868805e-01 4.780838489532e-01 4.364144504070e-01 3.995682597160e-01 3.740803003311e-01 6.252950429916e-01 7.991790771484e-01 1.060979843140e+00 1.269504785538e+00 1.141258955002e+00 8.432296514511e-01 5.053590536118e-01 5.310652852058e-01 6.370515227318e-01 6.216313242912e-01 1.994000315666e+00
1.074971258640e-01 2.087274193764e-01 2.714345753193e-01 3.245895206928e-01 3.877318799496e-01 4.609493613243e-01 5.440543889999e-01 6.283374428749e-01 7.008347511292e-01 7.507410049438e-01 7.606542706490e-01 7.259672284126e-01 6.633643507957e-01 5.933011174202e-01 5.030025243759e-01 4.026349782944e-01 4.185339808464e-01 6.391303539276e-01 6.680895090103e-01 9.469056725502e-01 1.086380243301e+00 9.706377983093e-01 8.149823546410e-01 7.161207795143e-01 5.477001070976e-01 4.739935696125e-01 4.231762588024e-01 4.483820796013e-01 4.407091140747e-01 5.281289815903e-01 5.471101999283e-01 8.202939629555e-01 6.509817242622e-01 4.799461066723e-01 6.697817444801e-01 8.288751840591e-01 1.131676554680e+00 1.176288008690e+00 1.081863641739e+00 1.085483789444e+00 8.093504905701e-01 4.730036854744e-01 6.776118278503e-01
7.497488707304e-02 1.407355219126e-01 1.583923846483e-01 1.798028796911e-01 2.100197821856e-01 2.521165311337e-01 3.036797344685e-01 3.636849522591e-01 4.339747726917e-01 5.152097344398e-01 6.041267514229e-01 6.832316517830e-01 7.345089912415e-01 7.384459972382e-01 6.928341984749e-01 5.963017940521e-01 5.159802436829e-01 4.362131059170e-01 6.655210852623e-01 1.218786239624e+00 1.447008609772e+00 1.260914087296e+00 8.321213722229e-01 5.946974754333e-01 4.514268934727e-01 5.516053438187e-01 6.659588813782e-01 5.209777951241e-01 3.923036754131e-01 4.762777090073e-01 4.247011542320e-01 9.331397414207e-01 1.297061920166e+00 9.997133612633e-01 5.195106267929e-01 6.703131794930e-01 1.114905953407e+00 1.479319930077e+00 1.496489644051e+00 1.439752459526e+00 1.530277848244e+00 1.518475651741e+00 1.021158576012e+00
6.980412453413e-02 1.365156620741e-01 1.630146801472e-01 1.760754585266e-01 1.875586658716e-01 1.958666145802e-01 2.010808736086e-01 2.035107016563e-01 2.211132943630e-01 2.656659185886e-01 3.288652002811e-01 4.063953757286e-01 4.965754449368e-01 5.903427600861e-01 6.719461679459e-01 7.224745750427e-01 7.473730444908e-01 7.078285217285e-01 7.837919592857e-01 6.849227547646e-01 7.592661976814e-01 9.069159626961e-01 9.951037764549e-01 9.661502838135e-01 8.782072663307e-01 7.437978982925e-01 6.253650188446e-01 7.480633854866e-01 8.935992121696e-01 6.839107871056e-01 5.291714668274e-01 5.416319966316e-01 8.711548447609e-01 1.314491271973e+00 1.266205430031e+00 7.112935781479e-01 6.391628980637e-01 6.820259094238e-01 8.216303586960e-01 1.141571640968e+00 1.137379646301e+00 8.016510009766e-01 1.391272902489e+00
1.144414693117e-01 2.191756963730e-01 2.438994795084e-01 2.514380216599e-01 2.574461698532e-01 2.636701464653e-01 2.665921747684e-01 2.648209631443e-01 2.585161328316e-01 2.458739131689e-01 2.425549775362e-01 2.475720345974e-01 2.504638135433e-01 3.127353489399e-01 3.980762362480e-01 4.951223731041e-01 5.912677645683e-01 6.867588162422e-01 9.661647677422e-01 1.072314858437e+00 6.739804148674e-01 5.569744706154e-01 6.406922340393e-01 6.754924058914e-01 7.541870474815e-01 8.466517925262e-01 9.209920763969e-01 9.631360173225e-01 9.662300944328e-01 9.773681163788e-01 9.518367648125e-01 8.539273142815e-01 7.104463577271e-01 7.218866944313e-01 9.602215886116e-01 1.380737900734e+00 1.192795395851e+00 8.265179991722e-01 8.072639107704e-01 8.072520494461e-01 1.078338861465e+00 1.293937444687e+00 1.120983004570e+00
1.025877371430e-01 1.991475671530e-01 1.489875763655e-01 1.448497623205e-01 1.595940142870e-01 1.760487407446e-01 1.947629749775e-01 2.172297537327e-01 2.419654875994e-01 2.674437165260e-01 2.916106879711e-01 3.118353188038e-01 3.216512203217e-01 3.196159303188e-01 3.037923276424e-01 2.768526971340e-01 3.024400770664e-01 3.946009278297e-01 5.332056879997e-01 1.134559035301e+00 1.115690588951e+00 6.853031516075e-01 6.244344711304e-01 6.099368333817e-01 6.656211018562e-01 6.393937468529e-01 6.071566939354e-01 6.027485728264e-01 6.332637667656e-01 6.967464685440e-01 7.996575832367e-01 8.696470856667e-01 8.052434325218e-01 8.070836663246e-01 8.839609026909e-01 9.714148640633e-01 1.123371005058e+00 1.617094278336e+00 1.248801827431e+00 1.093112349510e+00 1.099570631981e+00 1.132723569870e+00 1.230854630470e+00
1.305611580610e-01 6.592049002647e-01 2.652668952942e-01 5.207601189613e-01 1.383663713932e-01 1.310369819403e-01 1.784761548042e-01 1.563668996096e-01 1.842187792063e-01 2.137420177460e-01 2.412774711847e-01 2.590684890747e-01 2.663686871529e-01 2.713889181614e-01 2.799429893494e-01 2.924266159534e-01 3.072930574417e-01 3.216929435730e-01 7.527805566788e-01 1.426331281662e+00 1.017198920250e+00 5.260145068169e-01 6.122028827667e-01 6.462655663490e-01 6.309915184975e-01 5.860406756401e-01 6.496692895889e-01 7.300595045090e-01 7.966274023056e-01 8.275187015533e-01 7.717292904854e-01 6.857362985611e-01 8.094781041145e-01 9.872152805328e-01 1.063469171524e+00 1.116625905037e+00 1.118053078651e+00 1.064016461372e+00 1.434064745903e+00 2.001570940018e+00 1.505000114441e+00 1.174811601639e+00 1.347598075867e+00
1.387297362089e-01 1.248349025846e-01 1.799403429031e-01 2.121811062098e-01 2.223325073719e-01 2.922054529190e-01 2.961215376854e-01 2.622079849243e-01 2.249089628458e-01 1.946657150984e-01 2.348386496305e-01 2.679147124290e-01 2.892068326473e-01 2.985464632511e-01 2.989850938320e-01 2.945139408112e-01 2.933470606804e-01 3.067741692066e-01 6.313866138458e+00 5.620084762573e+00 2.909564077854e-01 2.613261044025e-01 3.079563975334e-01 3.666433691978e-01 4.190302789211e-01 4.685286581516e-01 5.235422253609e-01 5.833154320717e-01 6.353333592415e-01 6.555108428001e-01 8.848576545715e-01 1.130556821823e+00 1.292116999626e+00 1.307794570923e+00 1.162728309631e+00 1.088229298592e+00 9.238953590393e-01 1.168080329895e+00 1.332595586777e+00 1.617185831070e+00 1.848149895668e+00 2.329219102859e+00 1.824466347694e+00
1.262521982193e+00 2.784015417099e+00 2.199305891991e-01 2.495464980602e-01 2.626620531082e-01 2.570431232452e-01 2.348000407219e-01 2.083741426468e-01 1.833173632622e-01 1.601622402668e-01 1.456011831760e-01 1.237511709332e-01 9.862774610519e-02 7.436508685350e-02 7.981414347887e-02 4.317949414253e-01 8.467404842377e-01 9.475895762444e-01 2.308252811432e+00 2.573232412338e+00 1.950633972883e-01 2.003509551287e-01 3.311015069485e-01 2.179254442453e-01 2.190694212914e-01 2.345360368490e-01 2.491081953049e-01 3.643769621849e-01 3.646510541439e-01 4.845492839813e-01 6.242624521255e-01 7.334300875664e-01 7.588855028152e-01 9.954347610474e-01 1.319853067398e+00 1.585272312164e+00 1.753245472908e+00 1.887008070946e+00 1.969417333603e+00 1.952459931374e+00 1.756945252419e+00 2.451447010040e+00 2.780887842178e+00
3.471506536007e-01 5.819253325462e-01 4.514423385262e-02 5.479846149683e-02 6.178855895996e-02 3.400445580482e-01 7.756924033165e-01 6.362202763557e-01 3.472556769848e-01 1.085936725140e-01 9.242976456881e-02 1.047693639994e-01 1.043019518256e-01 8.961211889982e-02 4.613598585129e-01 5.236513614655e-01 2.802625000477e-01 3.812685310841e-01 7.503908276558e-01 1.062470555305e+00 2.124047517776e+00 2.067526578903e-01 2.712436020374e-01 5.325171351433e-01 4.161425828934e-01 3.429509401321e-01 2.092330157757e-01 1.959652155638e-01 3.399382829666e-01 3.971486091614e-01 5.064964890480e-01 4.202494621277e-01 7.095887660980e-01 7.588009834290e-01 6.719367504120e-01 6.831259131432e-01 1.204130411148e+00 1.682409882545e+00 1.580326914787e+00 1.148838400841e+00 1.368684649467e+00 1.942072391510e+00 2.626745700836e+00
1.862457394600e-01 3.272308707237e-01 2.877772226930e-02 2.719089761376e-02 1.743343770504e-01 6.717423200607e-01 1.309410452843e+00 1.035229086876e+00 3.810750544071e-01 3.399616852403e-02 3.233316540718e-02 3.027440235019e-02 3.298602625728e-02 3.715272247791e-02 3.880846798420e-01 3.413412570953e-01 4.003939628601e-01 7.625534534454e-01 1.314059257507e+00 3.179091215134e-01 8.045002222061e-01 5.674013614655e+00 3.559789955616e-01 7.778347730637e-01 1.918380498886e+00 9.856621623039e-01 6.175155043602e-01 5.576531291008e-01 5.842967629433e-01 6.381907463074e-01 6.034550070763e-01 9.223955273628e-01 5.147204399109e-01 6.089560389519e-01 9.612745046616e-01 1.686569571495e+00 8.335185050964e-01 5.434464812279e-01 1.171357393265e+00 1.671035766602e+00 1.939685463905e+00 2.101877927780e+00 2.131492614746e+00
1.522858291864e-01 2.189960181713e-01 2.876843698323e-02 2.271032333374e-02 2.400366961956e-02 3.901119530201e-01 8.064523339272e-01 4.963547587395e-01 3.419378399849e-01 7.164193689823e-02 2.576324902475e-02 1.196199432015e-01 1.573011875153e-01 1.366996765137e-01 1.810497492552e-01 3.012828528881e-01 5.023705959320e-01 8.675047755241e-01 1.441877245903e+00 1.277389049530e+00 1.108501315117e+00 9.685883522034e-01 2.163458317518e-01 4.736184179783e-01 1.821056723595e+00 6.692627072334e-01 1.862422466278e+00 1.426239967346e+00 3.331070840359e-01 7.837249040604e-01 2.726369857788e+00 3.765807151794e+00 3.952269554138e+00 8.814349174500e-01 1.357565164566e+00 1.278198480606e+00 1.173003673553e+00 7.603346109390e-01 6.096296310425e-01 1.031479001045e+00 2.786205768585e+00 1.610799670219e+00 1.269971489906e+00
4.512267559767e-02 1.349909305573e-01 7.771189510822e-02 4.619542881846e-02 3.327163681388e-02 2.757417596877e-02 7.726132124662e-02 8.269435167313e-02 9.228519350290e-02 9.064734727144e-02 6.690265983343e-02 1.279340535402e-01 1.526913046837e-01 2.187118083239e-01 2.669616043568e-01 2.434586435556e-01 4.181370437145e-01 8.331226110458e-01 1.201424360275e+00 7.857840657234e-01 7.546145915985e-01 5.429723858833e-01 3.761245906353e-01 5.441004633904e-01 1.249831557274e+00 1.799967050552e+00 1.496347665787e+00 1.052152276039e+00 1.191094279289e+00 5.074281692505e-01 2.865501344204e-01 2.948870062828e-01 3.627561330795e-01 4.686933159828e-01 1.417581677437e+00 1.665847587585e+01 6.062602519989e+00 3.021030664444e+00 1.772033214569e+00 4.197893619537e+00 2.014761209488e+00 2.423569917679e+00 3.632643461227e+00
4.449633881450e-02 7.275307178497e-02 8.672951906919e-02 4.700259864330e-02 3.314077109098e-02 3.076202794909e-02 7.131282240152e-02 7.302039116621e-02 7.120260596275e-02 6.609269976616e-02 8.166937530041e-02 9.928764402866e-02 1.180888190866e-01 2.715106308460e-01 3.048982024193e-01 3.236058950424e-01 4.776354730129e-01 7.127122282982e-01 9.749294519424e-01 8.891357779503e-01 4.642889201641e-01 3.148142099380e-01 3.347586393356e-01 3.096343278885e-01 5.574367642403e-01 5.401516914368e+00 1.515010476112e+00 2.704729080200e+00 1.165899276733e+00 2.794253826141e-01 1.640833765268e-01 1.383385509253e-01 1.549341380596e-01 1.789377629757e-01 2.126136124134e-01 1.142971396446e+00 9.806115150452e+00 1.969709634781e+00 8.002930283546e-01 1.783223986626e+00 1.395623445511e+00 1.377954125404e+00 2.182167768478e+00
3.382446244359e-02 6.066333130002e-02 8.193657547235e-02 9.459207206964e-02 9.861283749342e-02 9.117085486650e-02 8.124600350857e-02 7.302497327328e-02 7.082176953554e-02 7.129390537739e-02 8.474601805210e-02 9.825146198273e-02 1.121046170592e-01 1.284244507551e-01 2.685366570950e-01 2.636610567570e-01 3.816981613636e-01 4.768258333206e-01 5.717275142670e-01 4.132632017136e-01 3.018506169319e-01 2.098062038422e-01 1.655176579952e-01 1.808404922485e-01 2.416770160198e-01 1.354587197304e+00 1.391497373581e+00 4.311906397343e-01 2.580289542675e-01 1.768962144852e-01 1.210133880377e-01 1.257186830044e-01 1.146927773952e-01 1.591245085001e-01 1.978699266911e-01 5.238752961159e-01 1.872322559357e+00 9.639020562172e-01 5.566301345825e-01 1.774548590183e-01 1.093441247940e+00 8.499502539635e-01 6.644624471664e-01
5.392177030444e-02 9.076765179634e-02 1.158728376031e-01 1.302629858255e-01 1.339550018311e-01 1.282340288162e-01 1.205582544208e-01 1.086573228240e-01 9.402360022068e-02 7.993030548096e-02 9.191818535328e-02 1.043908819556e-01 1.165365353227e-01 1.284945011139e-01 2.532999813557e-01 2.343485206366e-01 3.139783442020e-01 2.604956030846e-01 3.264344334602e-01 3.016202449799e-01 2.072040438652e-01 1.520665585995e-01 1.303002536297e-01 1.123320534825e-01 1.561941206455e-01 1.203982830048e+00 9.066647887230e-01 3.202930092812e-01 2.431037276983e-01 2.076324373484e-01 1.466275900602e-01 1.022640839219e-01 1.168087124825e-01 8.323908597231e-02 1.327847987413e-01 2.052255570889e-01 1.352947056293e-01 3.402184844017e-01 2.388382911682e+00 3.497860908508e+00 2.023802042007e+00 6.875436306000e-01 4.438938200474e-01
2.698644250631e-02 5.728009343147e-02 7.134476304054e-02 7.827787101269e-02 7.601786404848e-02 7.235560566187e-02 6.983920931816e-02 6.596368551254e-02 7.792241126299e-02 8.982635289431e-02 1.032625064254e-01 1.162610426545e-01 1.281591206789e-01 1.344890892506e-01 2.264172285795e-01 2.317865788937e-01 2.251760512590e-01 2.082869857550e-01 3.056690394878e-01 2.078475803137e-01 1.633250117302e-01 2.248970270157e-01 1.088510230184e-01 7.396987825632e-02 1.265307962894e-01 4.423504769802e-01 2.941038608551e-01 2.539095580578e-01 2.356034368277e-01 2.045753896236e-01 1.342408508062e-01 8.226552605629e-02 1.114640012383e-01 8.660617470741e-02 1.071238815784e-01 1.989703774452e-01 1.445337831974e-01 3.873537778854e-01 1.734007239342e+00 1.055054187775e+00 6.359530687332e-01 5.140978693962e-01 6.024141907692e-01
2.492938749492e-02 3.812307119370e-02 4.791117832065e-02 5.242349207401e-02 5.231479927897e-02 4.983061552048e-02 5.669536814094e-02 7.001540064812e-02 8.237615972757e-02 9.673105180264e-02 1.110920757055e-01 1.238477081060e-01 1.349801123142e-01 1.376653760672e-01 2.251003086567e-01 2.281897068024e-01 1.130148917437e-01 1.365886777639e-01 1.421539187431e-01 3.112578988075e-01 1.728031784296e-01 1.910455077887e-01 1.307601630688e-01 1.230158805847e-01 1.796811521053e-01 2.019958198071e-01 1.068663835526e+00 1.997088193893e-01 1.896870881319e-01 1.695926934481e-01 9.368634223938e-02 7.374355942011e-02 8.402755856514e-02 1.265597194433e-01 1.146037504077e-01 1.770721971989e-01 2.831599414349e-01 3.495368659496e-01 5.255519747734e-01 7.801299095154e-01 4.893589615822e-01 5.543150305748e-01 8.589192628860e-01
2.140749990940e-02 3.899751231074e-02 4.808597639203e-02 5.354669690132e-02 8.443075418472e-02 5.048567801714e-02 5.455614998937e-02 6.794267892838e-02 8.237886428833e-02 9.827560931444e-02 1.117389723659e-01 1.235144808888e-01 1.321247071028e-01 1.307400017977e-01 2.096558064222e-01 2.120137512684e-01 1.241021677852e-01 1.242762356997e-01 1.050887778401e-01 3.150945603848e-01 1.584143191576e-01 2.023633569479e-01 1.318115144968e-01 1.354238986969e-01 1.605293750763e-01 2.847668230534e-01 4.638110995293e-01 2.041451036930e-01 1.768855452538e-01 1.302217841148e-01 7.555270195007e-02 7.699172198772e-02 6.728128343821e-02 1.011344268918e-01 1.232036575675e-01 1.703807711601e-01 1.932998597622e-01 2.350934147835e-01 2.888206541538e-01 3.160527050495e-01 4.193938970566e-01 6.445012688637e-01 1.073760628700e+00
