100/SI/f63_max.grd
DSAA
101	101
32.816463539100	34.260883539100
35.556306596100	36.727886596100
2.218579174951e-03	3.793301391602e+01
[rows 0 to 18 of 101, columns 0 to 42 of 101]
2.699347911403e-03 4.842721391469e-03 6.268360186368e-03 8.281657472253e-03 1.063078362495e-02 1.331228017807e-02 1.606675423682e-02 2.021359093487e-02 1.797906309366e-02 1.545847300440e-02 1.580170914531e-02 1.463362853974e-02 1.152860093862e-02 8.570143952966e-03 6.933196447790e-03 5.677589681000e-03 4.268510732800e-03 5.039228126407e-03 6.253438070416e-03 7.127352524549e-03 8.058368228376e-03 1.400225702673e-02 1.431723032147e-02 1.724057830870e-02 1.916468329728e-02 1.998541876674e-02 2.017735876143e-02 2.016550488770e-02 2.059448510408e-02 2.147004567087e-02 2.231594361365e-02 2.311250567436e-02 2.334317006171e-02 2.192636393011e-02 1.885719038546e-02 2.076957002282e-02 2.509035170078e-02 2.822659537196e-02 3.030568361282e-02 3.100834414363e-02 3.156626597047e-02 3.210321441293e-02 3.029006347060e-02
5.173536948860e-03 9.490796364844e-03 9.466129355133e-03 1.247152406722e-02 1.612043008208e-02 2.057102322578e-02 2.806023880839e-02 3.866458311677e-02 3.401042893529e-02 3.020021505654e-02 2.648176997900e-02 2.661661058664e-02 2.297812327743e-02 1.704920455813e-02 1.258855778724e-02 9.912181645632e-03 7.121611386538e-03 9.028073400259e-03 1.113804057240e-02 1.257620938122e-02 1.735283620656e-02 3.649603202939e-02 2.162154205143e-02 2.644341811538e-02 2.985840290785e-02 3.241574019194e-02 3.421185910702e-02 3.391040861607e-02 3.499151393771e-02 3.653448820114e-02 3.837557137012e-02 4.018303379416e-02 4.117948561907e-02 4.004059731960e-02 3.574882447720e-02 3.245376050472e-02 3.969867527485e-02 4.530787095428e-02 4.966634511948e-02 5.260187387466e-02 5.485488101840e-02 5.665298551321e-02 5.543724074960e-02
8.357615210116e-03 1.328557729721e-02 1.232043188065e-02 1.208220329136e-02 1.540442928672e-02 1.958304829895e-02 3.257584199309e-02 4.409598559141e-02 3.755346313119e-02 3.766364604235e-02 3.452550247312e-02 3.151360526681e-02 3.071403689682e-02 2.588435448706e-02 1.891459897161e-02 1.307111512870e-02 1.035607047379e-02 1.119976770133e-02 1.381146814674e-02 1.533031649888e-02 3.770212084055e-02 5.633587762713e-02 2.486657537520e-02 2.708084695041e-02 3.074377588928e-02 3.511687368155e-02 3.823935613036e-02 3.739689290524e-02 3.957841172814e-02 4.170938581228e-02 4.415614157915e-02 4.677077382803e-02 4.880217835307e-02 4.929138720036e-02 4.648238047957e-02 4.001304879785e-02 4.123865067959e-02 4.777013882995e-02 5.303223058581e-02 5.776356160641e-02 6.249176338315e-02 6.670294702053e-02 6.824368983507e-02
1.112827938050e-02 1.850320212543e-02 1.858486421406e-02 1.556155458093e-02 1.293881423771e-02 1.688345521688e-02 3.419512510300e-02 4.532456398010e-02 3.647144138813e-02 3.779728338122e-02 3.979900851846e-02 3.655373677611e-02 3.291979804635e-02 3.216315060854e-02 2.721545472741e-02 1.999213360250e-02 1.303215418011e-02 1.181319076568e-02 1.433061342686e-02 2.873712219298e-02 6.318760663271e-02 7.163483649492e-02 2.736465260386e-02 2.308398112655e-02 2.827657572925e-02 3.487794101238e-02 3.917229920626e-02 3.728444501758e-02 3.638993576169e-02 3.952188789845e-02 4.290864244103e-02 4.646401852369e-02 5.000853538513e-02 5.271247774363e-02 5.263954401016e-02 4.824967682362e-02 3.958620131016e-02 4.247325658798e-02 4.757178947330e-02 5.246103182435e-02 5.879166349769e-02 6.621462106705e-02 7.196841388941e-02
1.261054910719e-02 2.209734730422e-02 2.406086958945e-02 2.200786210597e-02 1.887158863246e-02 1.715623028576e-02 3.506208956242e-02 4.552685841918e-02 3.440314903855e-02 3.280888870358e-02 3.911829739809e-02 4.149238765240e-02 3.833078593016e-02 3.410215675831e-02 3.355745971203e-02 2.855080738664e-02 2.103931829333e-02 1.358019281179e-02 2.627087011933e-02 5.267211422324e-02 8.777656406164e-02 7.866527140141e-02 2.640468440950e-02 1.901642046869e-02 2.674413844943e-02 3.456515446305e-02 3.949427232146e-02 3.796650096774e-02 3.140778839588e-02 3.398804366589e-02 3.848119452596e-02 4.340228438377e-02 4.839661717415e-02 5.311464518309e-02 5.583641678095e-02 5.439266189933e-02 4.774567112327e-02 3.724604099989e-02 4.048123210669e-02 4.505880549550e-02 5.230785161257e-02 6.005447357893e-02 6.959483772516e-02
1.258767768741e-02 2.287958189845e-02 2.671373449266e-02 2.667092345655e-02 2.520525455475e-02 2.284035272896e-02 3.522706404328e-02 4.434695839882e-02 3.123403340578e-02 2.605737186968e-02 3.358057513833e-02 4.022872447968e-02 4.306989908218e-02 4.006962105632e-02 3.534235805273e-02 3.502081334591e-02 2.996639534831e-02 2.226713672280e-02 4.163827002048e-02 7.486978173256e-02 1.020165830851e-01 7.768721133471e-02 2.813302539289e-02 2.848340012133e-02 2.441127412021e-02 3.411699086428e-02 3.950395435095e-02 3.921950235963e-02 4.530397802591e-02 2.862386405468e-02 3.302079066634e-02 3.886167705059e-02 4.500871896744e-02 5.113286897540e-02 5.648372694850e-02 5.803396180272e-02 5.464778095484e-02 4.606622457504e-02 3.506609052420e-02 3.986433893442e-02 5.150828883052e-02 5.426543951035e-02 6.239189952612e-02
1.117488928139e-02 2.083327062428e-02 2.584897726774e-02 2.797823213041e-02 2.884549647570e-02 2.876842021942e-02 3.488115966320e-02 4.267901927233e-02 2.824736200273e-02 2.021307870746e-02 2.656700834632e-02 3.451336175203e-02 4.152210056782e-02 4.478611797094e-02 4.206752404571e-02 3.657298162580e-02 3.655601292849e-02 3.153754398227e-02 5.588533729315e-02 8.919183909893e-02 1.055976748466e-01 7.098231464624e-02 3.741608560085e-02 3.609734773636e-02 2.561859227717e-02 3.324957937002e-02 3.927664831281e-02 5.470253154635e-02 7.686644792557e-02 3.660714998841e-02 2.749379910529e-02 3.291460499167e-02 3.980913758278e-02 4.745008423924e-02 5.528821051121e-02 5.992780625820e-02 5.929100885987e-02 5.422873422503e-02 4.458253458142e-02 4.386955872178e-02 4.868943244219e-02 5.528106540442e-02 5.378910154104e-02
9.474223479629e-03 1.722237654030e-02 2.233833260834e-02 2.586089447141e-02 2.883638255298e-02 3.126766532660e-02 3.460456058383e-02 4.200600832701e-02 2.825036272407e-02 2.043512463570e-02 2.273638360202e-02 2.698370814323e-02 3.529724851251e-02 4.302789270878e-02 4.684153571725e-02 4.423150420189e-02 3.789587691426e-02 3.827769681811e-02 6.812322884798e-02 9.657981991768e-02 1.036928147078e-01 6.385762989521e-02 4.077927768230e-02 3.966363146901e-02 3.101891279221e-02 3.160383179784e-02 3.851094841957e-02 8.239229768515e-02 1.071034446359e-01 4.312513023615e-02 2.233115956187e-02 2.684961073101e-02 3.334857150912e-02 4.197794198990e-02 5.163923650980e-02 5.950850248337e-02 6.179469451308e-02 5.962327122688e-02 5.335101485252e-02 4.986882582307e-02 4.431477561593e-02 5.430719628930e-02 5.656083673239e-02
1.575890928507e-02 2.314724028111e-02 2.153798565269e-02 2.406291291118e-02 2.574534714222e-02 3.000512346625e-02 3.441578894854e-02 4.187785089016e-02 3.703231364489e-02 3.161813318729e-02 2.399417012930e-02 2.434213086963e-02 2.705709636211e-02 3.611351922154e-02 4.427807778120e-02 4.849731177092e-02 4.627029597759e-02 4.523868486285e-02 7.475183904171e-02 9.496211260557e-02 9.414360672235e-02 5.554300546646e-02 4.179028421640e-02 3.787214681506e-02 3.341876342893e-02 2.912020497024e-02 3.774190694094e-02 1.058840751648e-01 1.246709674597e-01 4.773160815239e-02 2.221557870507e-02 2.155292779207e-02 2.698979526758e-02 3.493120148778e-02 4.520846158266e-02 5.606989189982e-02 6.272020190954e-02 6.293796747923e-02 5.945075303316e-02 5.204420909286e-02 4.130700975657e-02 5.142663791776e-02 5.767337605357e-02
2.080654352903e-02 3.449395671487e-02 2.692820318043e-02 2.312920801342e-02 2.554335817695e-02 2.563709020615e-02 3.465133160353e-02 4.200116172433e-02 4.152886196971e-02 4.088023304939e-02 3.406821936369e-02 2.819508314133e-02 3.253861889243e-02 3.550669550896e-02 3.723860904574e-02 4.535632580519e-02 5.039298906922e-02 5.182731896639e-02 7.650447636843e-02 8.793687075377e-02 8.160502463579e-02 4.749369621277e-02 3.787739574909e-02 3.813423588872e-02 3.218798711896e-02 2.555836550891e-02 3.685341402888e-02 1.198035776615e-01 1.322521418333e-01 4.965609312057e-02 2.510363422334e-02 1.896819099784e-02 2.143027074635e-02 2.930850535631e-02 3.714424371719e-02 4.916322231293e-02 6.036632880569e-02 6.505800038576e-02 6.362179666758e-02 5.922803655267e-02 5.066581442952e-02 4.736983403563e-02 5.688781663775e-02
2.216470614076e-02 4.107815772295e-02 3.985122591257e-02 2.828745543957e-02 2.817749604583e-02 2.771768532693e-02 3.447673097253e-02 4.150208458304e-02 4.041166976094e-02 4.468648880720e-02 4.347022250295e-02 3.814264759421e-02 4.231251776218e-02 4.472614079714e-02 4.595934227109e-02 4.654318094254e-02 4.653170704842e-02 5.824156105518e-02 7.660471647978e-02 7.864796370268e-02 6.761142611504e-02 4.360561817884e-02 4.071074724197e-02 3.614783659577e-02 3.331843018532e-02 2.896311320364e-02 3.504630178213e-02 1.260278373957e-01 1.350810825825e-01 4.881108179688e-02 2.558822929859e-02 2.006912231445e-02 2.274969778955e-02 3.356464207172e-02 4.449446499348e-02 5.387328937650e-02 5.998278781772e-02 6.400233507156e-02 6.616540253162e-02 6.415478140116e-02 5.871892347932e-02 4.887335374951e-02 5.398149043322e-02
1.896232925355e-02 3.908115625381e-02 4.647532850504e-02 4.171693697572e-02 4.171971604228e-02 4.363417997956e-02 4.556503146887e-02 4.714053496718e-02 4.858419299126e-02 4.892110824585e-02 4.701340943575e-02 4.570324346423e-02 4.877348616719e-02 5.073174461722e-02 5.153539776802e-02 5.165847390890e-02 5.135558173060e-02 6.284175813198e-02 7.645982503891e-02 7.443121075630e-02 6.394488364458e-02 4.998669028282e-02 4.495479539037e-02 4.439706355333e-02 4.143001884222e-02 4.106039553881e-02 4.274579510093e-02 1.206726282835e-01 1.193883642554e-01 4.454152286053e-02 3.010577149689e-02 3.041877597570e-02 4.266478121281e-02 5.374588444829e-02 6.082120910287e-02 6.341302394867e-02 6.069780886173e-02 5.826925858855e-02 6.574756652117e-02 6.715008616447e-02 6.452992558479e-02 5.755328014493e-02 4.935931414366e-02
1.636195182800e-02 3.130122646689e-02 4.337533935905e-02 4.856860637665e-02 4.433545097709e-02 4.849190637469e-02 5.272064357996e-02 5.665031075478e-02 6.102309003472e-02 6.556022912264e-02 6.746390461922e-02 6.615390628576e-02 6.198357418180e-02 5.353340506554e-02 5.170667544007e-02 5.167078971863e-02 5.192183330655e-02 6.455269455910e-02 7.796616852283e-02 7.940572500229e-02 6.848148256540e-02 5.782826244831e-02 5.098985135555e-02 4.579158872366e-02 5.353653430939e-02 5.303485691547e-02 5.612943693995e-02 1.049623712897e-01 9.373895823956e-02 4.876387119293e-02 4.544380307198e-02 5.370170623064e-02 6.461015343666e-02 6.999987363815e-02 6.934405863285e-02 6.307307630777e-02 5.043084546924e-02 4.891794919968e-02 6.126201897860e-02 7.013676315546e-02 6.928642839193e-02 6.469375640154e-02 5.528935417533e-02
3.153159469366e-02 6.271036714315e-02 6.975385546684e-02 6.645242869854e-02 5.643502250314e-02 4.463867098093e-02 4.656090214849e-02 5.123238265514e-02 5.649200081825e-02 6.361061334610e-02 7.063421607018e-02 7.328854501247e-02 7.213769853115e-02 6.568818539381e-02 5.597753077745e-02 4.544636234641e-02 4.679838940501e-02 6.247546523809e-02 7.334011793137e-02 7.219514995813e-02 6.475596129894e-02 6.129152700305e-02 6.200914084911e-02 5.864127725363e-02 5.693295970559e-02 6.188890337944e-02 6.631655246019e-02 8.584988117218e-02 6.847755610943e-02 6.397611647844e-02 6.134500354528e-02 7.393591105938e-02 7.895199209452e-02 7.529037445784e-02 6.460009515285e-02 4.963380843401e-02 3.996759280562e-02 3.865544125438e-02 5.329423397779e-02 7.400068640709e-02 7.294864952564e-02 7.117365300655e-02 6.430325657129e-02
3.727424517274e-02 7.513244450092e-02 8.955283463001e-02 9.468541294336e-02 8.823636174202e-02 7.315196841955e-02 5.408429726958e-02 3.972746804357e-02 4.438038542867e-02 5.045469850302e-02 5.770370736718e-02 6.231808662415e-02 6.505073606968e-02 6.249482929707e-02 5.438360199332e-02 5.036326497793e-02 5.267010256648e-02 5.728347599506e-02 6.592835485935e-02 5.888913571835e-02 5.288738384843e-02 5.281661078334e-02 5.855848640203e-02 6.357268244028e-02 6.500820070505e-02 6.482100486755e-02 7.023992389441e-02 8.333949744701e-02 8.443677425385e-02 7.937697321177e-02 7.607601583004e-02 8.437330275774e-02 8.060447126627e-02 8.195919543505e-02 4.809471219778e-02 6.013049557805e-02 4.393928498030e-02 3.638524934649e-02 4.310920462012e-02 6.119733676314e-02 9.117744863033e-02 7.662863284349e-02 7.276170700788e-02
2.896073460579e-02 5.900466814637e-02 7.596805691719e-02 9.122464060783e-02 1.000871807337e-01 9.331660717726e-02 7.626632601023e-02 5.381290614605e-02 3.906228020787e-02 4.067412391305e-02 4.563811421394e-02 5.136742815375e-02 5.726003274322e-02 5.753285437822e-02 5.616017803550e-02 5.601946264505e-02 5.578711628914e-02 5.409818142653e-02 5.746978893876e-02 5.346095561981e-02 4.437923058867e-02 4.485677182674e-02 4.816290736198e-02 5.409380421042e-02 6.287404149771e-02 6.822389364243e-02 1.014554426074e-01 1.114811375737e-01 1.122968271375e-01 1.099430993199e-01 1.041674241424e-01 9.939439594746e-02 1.100585386157e-01 1.096286401153e-01 6.083309650421e-02 7.136578112841e-02 4.987449944019e-02 4.497900605202e-02 5.035463720560e-02 5.337282642722e-02 1.032245978713e-01 7.917403429747e-02 7.867810130119e-02
2.694131433964e-02 5.469629913568e-02 6.148612126708e-02 7.348319143057e-02 9.453169256449e-02 1.038372591138e-01 9.335292875767e-02 7.451789081097e-02 5.182211101055e-02 4.050766676664e-02 4.958942160010e-02 4.703554511070e-02 5.093005672097e-02 5.329089611769e-02 5.270300433040e-02 5.917210504413e-02 5.877857282758e-02 5.173310264945e-02 4.930458962917e-02 4.677515104413e-02 4.308504238725e-02 3.845867142081e-02 4.119951650500e-02 4.463847726583e-02 4.887863621116e-02 7.554628700018e-02 1.121587306261e-01 1.115576252341e-01 1.127949506044e-01 1.186552420259e-01 1.249031573534e-01 1.280126571655e-01 1.367490440607e-01 1.222019493580e-01 8.290735632181e-02 8.032307028770e-02 5.211700126529e-02 5.594982579350e-02 6.289973855019e-02 6.724540889263e-02 9.909363090992e-02 8.791019767523e-02 8.226884156466e-02
2.134304679930e-02 4.752260446548e-02 6.346656382084e-02 6.844519823790e-02 8.181712031364e-02 1.037145107985e-01 1.070901304483e-01 9.340708702803e-02 7.239842414856e-02 5.459786206484e-02 6.412208825350e-02 6.622526049614e-02 4.764014109969e-02 5.166505649686e-02 4.973650351167e-02 5.369298160076e-02 6.240992248058e-02 6.169515475631e-02 5.607143789530e-02 5.993198603392e-02 6.167271733284e-02 6.111963465810e-02 5.744267255068e-02 5.158771574497e-02 4.426483437419e-02 7.995995879173e-02 9.801099449396e-02 9.348472207785e-02 9.388360381126e-02 1.005861312151e-01 1.153059303761e-01 1.326164752245e-01 1.474816352129e-01 1.252895146608e-01 1.031915172935e-01 9.239089488983e-02 7.100722193718e-02 6.578660756350e-02 7.437258213758e-02 8.028797060251e-02 8.145830780268e-02 1.180425062776e-01 8.386135101318e-02
1.491809450090e-02 3.466060012579e-02 5.217107012868e-02 6.756113469601e-02 7.503654807806e-02 9.372781962156e-02 1.125204414129e-01 1.101822406054e-01 9.279099106789e-02 6.806414574385e-02 6.319351494312e-02 7.030881941319e-02 5.011508613825e-02 5.695126950741e-02 6.234112009406e-02 5.391408875585e-02 5.581412091851e-02 6.576626747847e-02 6.641735136509e-02 5.798306688666e-02 6.151082739234e-02 6.938191503286e-02 7.553672045469e-02 7.833975553513e-02 7.778023183346e-02 7.337375730276e-02 7.340936362743e-02 6.779965758324e-02 6.784017384052e-02 7.655584067106e-02 8.876583725214e-02 1.121393516660e-01 1.384804844856e-01 1.235210373998e-01 1.145356595516e-01 1.146013885736e-01 9.793569147587e-02 7.189904898405e-02 8.178083598614e-02 9.003209322691e-02 9.416054934263e-02 1.376901566982e-01 8.245538920164e-02
