100/SI/f68.grd
DSAA
101	101
32.816463539100	34.260883539100
35.556306596100	36.727886596100
5.354066961445e-04	8.784990692139e+01
[rows 76 to 94 of 101, columns 43 to 85 of 101]
1.353026181459e-01 1.151044443250e-01 2.106380909681e-01 5.303728580475e-01 5.672085285187e-01 1.129168272018e+00 1.800387859344e+00 2.023250579834e+00 1.252845287323e+00 3.505975008011e-01 1.275841116905e+00 2.859395503998e+00 2.136765956879e+00 5.564531683922e-01 2.508728206158e-01 3.552629947662e-01 3.746050894260e-01 1.914726793766e-01 1.792815327644e-01 2.233029901981e-01 8.231408596039e-01 1.884648442268e+00 4.439738988876e-01 2.997688651085e-01 2.184023559093e-01 1.463913023472e-01 7.443197071552e-02 6.399329751730e-02 6.233577430248e-02 5.878364667296e-02 5.563636496663e-02 5.798323452473e-02 6.104461848736e-02 6.475270539522e-02 6.539458036423e-02 6.084756925702e-02 5.579740554094e-02 5.214631557465e-02 4.959234967828e-02 4.807819798589e-02 5.370629951358e-02 8.225394785404e-02 1.122203245759e-01
2.202713042498e-01 2.969494163990e-01 3.799113929272e-01 3.960973620415e-01 5.444727540016e-01 7.512059211731e-01 9.683222174644e-01 9.164681434631e-01 1.469626188278e+00 2.143774986267e+00 2.124688386917e+00 1.019469976425e+00 7.229148745537e-01 6.440210938454e-01 4.151707291603e-01 4.385775923729e-01 1.213452219963e-01 7.515332847834e-02 9.233838319778e-02 1.033688038588e-01 7.837104052305e-02 9.381770342588e-02 1.485482752323e-01 1.490815281868e-01 1.352592408657e-01 8.295715600252e-02 4.063038527966e-02 3.646805509925e-02 4.246883094311e-02 4.892580956221e-02 5.218205600977e-02 5.331553891301e-02 5.302257463336e-02 5.069178342819e-02 4.408026114106e-02 3.537122905254e-02 2.834149450064e-02 2.806848846376e-02 2.974781766534e-02 3.454907238483e-02 4.336704313755e-02 7.399792969227e-02 9.903286397457e-02
4.661566019058e-01 7.038757205009e-01 4.669357538223e-01 2.198047041893e-01 2.552147507668e-01 9.336005449295e-01 2.618472576141e+00 3.485990285873e+00 2.611224889755e+00 1.288227319717e+00 6.938572525978e-01 4.461543262005e-01 3.233511745930e-01 5.202301144600e-01 4.296941459179e-01 1.607273072004e-01 5.357817187905e-02 4.887187853456e-02 5.091613903642e-02 6.897325813770e-02 5.148526281118e-02 4.692592099309e-02 5.428764596581e-02 6.113078817725e-02 5.538909509778e-02 5.048150941730e-02 4.091548547149e-02 4.256731271744e-02 3.581406548619e-02 4.096453636885e-02 4.287245497108e-02 3.994341567159e-02 3.826472908258e-02 3.697711974382e-02 2.604142948985e-02 2.508435025811e-02 2.664125338197e-02 2.654136531055e-02 2.599024027586e-02 2.752927877009e-02 3.366690129042e-02 6.420508772135e-02 9.419523924589e-02
6.640858054161e-01 7.735024094582e-01 2.610374987125e-01 2.705897986889e-01 9.591265320778e-01 1.716996312141e+00 1.771525144577e+00 1.521449804306e+00 1.267460107803e+00 6.011198759079e-01 5.305626392365e-01 6.428180336952e-01 3.956483006477e-01 2.485871911049e-01 1.101677790284e-01 5.932906270027e-02 3.756484389305e-02 3.602528572083e-02 3.459560498595e-02 4.326269775629e-02 3.841710463166e-02 3.843368589878e-02 3.575207665563e-02 3.532436117530e-02 3.419815376401e-02 3.490556403995e-02 3.373385965824e-02 3.430109098554e-02 3.690162673593e-02 3.534712269902e-02 3.581411764026e-02 2.951199002564e-02 3.270861133933e-02 3.431696817279e-02 2.731793746352e-02 2.080591209233e-02 2.489690296352e-02 2.649239264429e-02 2.660477906466e-02 2.614112384617e-02 2.687726542354e-02 3.450255095959e-02 5.805466324091e-02
2.901906669140e-01 4.759537577629e-01 6.875208616257e-01 8.965224623680e-01 9.880921244621e-01 8.116157054901e-01 9.100032448769e-01 1.123994350433e+00 1.603863835335e+00 6.230320930481e-01 6.480696201324e-01 3.935618102551e-01 1.583626121283e-01 6.713072210550e-02 4.642460867763e-02 3.774622082710e-02 3.383727371693e-02 3.050219640136e-02 2.794956415892e-02 2.648154832423e-02 2.941880188882e-02 2.267440035939e-02 2.297841757536e-02 2.289391309023e-02 2.415451779962e-02 2.536631748080e-02 2.559409663081e-02 2.344023622572e-02 2.015683986247e-02 2.418722957373e-02 2.351639419794e-02 2.283511124551e-02 2.562612108886e-02 2.861893735826e-02 2.632540278137e-02 2.064121514559e-02 2.312934212387e-02 2.597160078585e-02 2.666969969869e-02 2.703797444701e-02 3.135088086128e-02 3.762952238321e-02 4.745257273316e-02
3.196035027504e-01 9.722347259521e-01 1.801747918129e+00 1.054828166962e+00 6.794056296349e-01 1.183814287186e+00 1.575520396233e+00 2.118284463882e+00 1.036979079247e+00 5.334597229958e-01 2.512243390083e-01 1.453362405300e-01 6.148270890117e-02 3.947833552957e-02 2.786087617278e-02 2.344711683691e-02 2.152866125107e-02 2.000789158046e-02 2.054169401526e-02 2.188805490732e-02 2.261094003916e-02 2.097011730075e-02 2.028068527579e-02 2.178453467786e-02 2.602414600551e-02 3.030873090029e-02 3.314316645265e-02 3.220818564296e-02 2.543964423239e-02 1.968780532479e-02 1.961661688983e-02 1.810336671770e-02 1.838681288064e-02 2.297771908343e-02 2.379360795021e-02 2.218725346029e-02 2.103311009705e-02 2.463920041919e-02 2.601085603237e-02 2.627127058804e-02 3.006977960467e-02 4.165333509445e-02 5.636885017157e-02
6.009454727173e-01 1.886506915092e+00 1.445059061050e+00 1.175802111626e+00 1.287274003029e+00 1.231740117073e+00 8.628888130188e-01 8.353979587555e-01 6.548183560371e-01 3.351629972458e-01 1.212389618158e-01 7.504431158304e-02 4.091811552644e-02 2.633600682020e-02 2.108996175230e-02 1.729783602059e-02 1.729294285178e-02 1.846898533404e-02 1.804323308170e-02 1.736447587609e-02 1.886855810881e-02 1.948157511652e-02 1.878789067268e-02 1.883414946496e-02 2.372081950307e-02 2.911617420614e-02 3.305869549513e-02 3.297413513064e-02 2.677622996271e-02 1.823909766972e-02 1.906103827059e-02 1.973628439009e-02 1.613483019173e-02 1.691439002752e-02 2.016871608794e-02 2.252233773470e-02 2.275894582272e-02 2.254912629724e-02 2.464786916971e-02 2.572745084763e-02 2.554036304355e-02 2.897123247385e-02 3.658214583993e-02
8.105637431145e-01 1.375223398209e+00 8.190029859543e-01 4.996140897274e-01 3.334113061428e-01 4.087159633636e-01 3.559138476849e-01 4.250912964344e-01 3.612433671951e-01 1.258424371481e-01 8.741940557957e-02 5.202440917492e-02 4.343216493726e-02 3.222730383277e-02 2.010578103364e-02 1.636588387191e-02 1.778091304004e-02 1.793457753956e-02 1.633118465543e-02 1.556112151593e-02 1.805564947426e-02 1.976937428117e-02 2.068564668298e-02 1.996328122914e-02 1.850651018322e-02 2.211414836347e-02 2.467953972518e-02 2.445940673351e-02 2.021791599691e-02 1.639538444579e-02 1.693633198738e-02 1.858905702829e-02 1.773535832763e-02 1.508936658502e-02 1.539118587971e-02 1.840967312455e-02 2.046311087906e-02 2.000152878463e-02 2.275565452874e-02 2.471050992608e-02 2.516876719892e-02 2.653659507632e-02 2.977626211941e-02
1.153577446938e+00 9.531733989716e-01 3.083563745022e-01 2.337191849947e-01 2.478045374155e-01 1.490601748228e-01 2.091659009457e-01 3.419255316257e-01 2.278267443180e-01 1.109753027558e-01 8.276723325253e-02 4.656824097037e-02 4.534872621298e-02 4.296854138374e-02 2.688205242157e-02 2.126217074692e-02 1.803855411708e-02 1.725368574262e-02 1.487885415554e-02 1.499906089157e-02 1.815011911094e-02 2.176425978541e-02 2.392712607980e-02 2.235172130167e-02 1.909095793962e-02 1.640176214278e-02 1.798156462610e-02 1.921333745122e-02 1.910496875644e-02 2.024322375655e-02 1.819204911590e-02 1.679031364620e-02 1.703357324004e-02 1.544775255024e-02 1.489568687975e-02 1.793704740703e-02 1.960988156497e-02 1.910010352731e-02 2.049289830029e-02 2.305187471211e-02 2.416911721230e-02 2.707953378558e-02 3.419742360711e-02
1.825217843056e+00 8.013749718666e-01 1.572138965130e-01 1.124104186893e-01 8.646698296070e-02 1.058849021792e-01 1.140510067344e-01 2.566684484482e-01 2.598713934422e-01 1.583869755268e-01 7.896730303764e-02 4.511209204793e-02 3.902019932866e-02 4.075101763010e-02 3.342474251986e-02 2.055863477290e-02 1.791630126536e-02 1.659925468266e-02 1.379630900919e-02 1.482630334795e-02 1.857483386993e-02 2.425319328904e-02 2.645037695765e-02 2.348913624883e-02 1.972525753081e-02 1.737004145980e-02 1.860538125038e-02 2.072184719145e-02 2.163751982152e-02 2.118032798171e-02 1.961927674711e-02 1.626478135586e-02 1.865871809423e-02 1.548882480711e-02 1.450339332223e-02 1.578958705068e-02 1.984682679176e-02 2.185046859086e-02 2.327776327729e-02 2.645711787045e-02 3.038344904780e-02 3.154494985938e-02 3.066546656191e-02
1.569810152054e+00 4.838660955429e-01 1.196944043040e-01 6.747501343489e-02 6.178160384297e-02 7.168659567833e-02 1.327217668295e-01 1.697566211224e-01 2.040029615164e-01 1.424079388380e-01 9.360409528017e-02 5.236856639385e-02 3.428449109197e-02 2.946290187538e-02 2.819698303938e-02 2.381165884435e-02 2.071940340102e-02 2.276148460805e-02 1.899142190814e-02 1.636522635818e-02 2.040897309780e-02 2.725806087255e-02 2.837601676583e-02 2.383244782686e-02 2.023256197572e-02 1.843276619911e-02 1.945875026286e-02 2.184363827109e-02 2.357881702483e-02 2.200021035969e-02 1.935875415802e-02 1.601361855865e-02 1.903275772929e-02 1.471587922424e-02 1.425122190267e-02 1.368345133960e-02 1.491029374301e-02 1.964239776134e-02 2.502184361219e-02 3.221613541245e-02 3.933366388083e-02 4.214164242148e-02 4.262154176831e-02
8.264582157135e-01 1.515355557203e-01 7.138838618994e-02 6.211469694972e-02 5.194598436356e-02 5.307845398784e-02 8.561760187149e-02 4.743874445558e-02 1.238865852356e-01 1.872341930866e-01 1.329974383116e-01 1.011638566852e-01 5.060675740242e-02 3.111274354160e-02 2.658255398273e-02 2.687662653625e-02 2.849796786904e-02 2.561879903078e-02 2.263551391661e-02 1.996976695955e-02 2.441343478858e-02 2.998913824558e-02 2.887512929738e-02 2.431252785027e-02 2.169574610889e-02 2.041086554527e-02 2.056567370892e-02 2.293889597058e-02 2.491770684719e-02 2.387158200145e-02 1.995476707816e-02 1.578618958592e-02 1.796047203243e-02 1.627099886537e-02 1.413872838020e-02 1.405506115407e-02 1.354140788317e-02 1.415946055204e-02 1.809148676693e-02 2.765711583197e-02 3.777145221829e-02 4.404327273369e-02 4.764250665903e-02
2.237618118525e-01 8.656992763281e-02 5.604436621070e-02 5.359877645969e-02 4.183202236891e-02 3.799883276224e-02 3.850388526917e-02 3.616334497929e-02 4.507084563375e-02 1.544414907694e-01 1.712164133787e-01 2.507448792458e-01 1.604482829571e-01 5.765069648623e-02 3.577494621277e-02 2.982108481228e-02 3.236981481314e-02 3.829235211015e-02 3.567089512944e-02 2.856643684208e-02 2.782710082829e-02 3.117359988391e-02 2.802402898669e-02 2.418425679207e-02 2.275707013905e-02 2.253180183470e-02 2.296036109328e-02 2.344543300569e-02 2.549322322011e-02 2.560482360423e-02 2.208185754716e-02 1.702685467899e-02 1.684641651809e-02 1.685336790979e-02 1.577335968614e-02 1.615710556507e-02 1.599762216210e-02 1.571698673069e-02 1.551022939384e-02 1.594640314579e-02 2.149745076895e-02 2.863239496946e-02 3.375823050737e-02
7.976280152798e-02 4.983277618885e-02 5.021774023771e-02 4.378730058670e-02 3.568281978369e-02 3.237731009722e-02 2.812545560300e-02 2.805504016578e-02 3.312271460891e-02 6.400556117296e-02 2.556370198727e-01 6.276103258133e-01 4.306602180004e-01 1.373090445995e-01 6.035040318966e-02 3.746434673667e-02 3.369976580143e-02 4.041908308864e-02 3.914728015661e-02 4.111137241125e-02 3.956269100308e-02 3.261156752706e-02 2.915246039629e-02 2.614800445735e-02 2.534290775657e-02 2.552570588887e-02 2.547603473067e-02 2.481223084033e-02 2.554734982550e-02 2.694156393409e-02 2.435762062669e-02 1.780021935701e-02 1.641960255802e-02 1.618640311062e-02 1.702071167529e-02 1.827117055655e-02 1.912255212665e-02 1.938715390861e-02 1.922224648297e-02 1.852204836905e-02 1.859675906599e-02 1.956394128501e-02 2.018681354821e-02
7.237423956394e-02 4.108886048198e-02 4.470198974013e-02 3.419528156519e-02 2.790346182883e-02 2.633819356561e-02 2.306887321174e-02 2.376394718885e-02 2.387768775225e-02 4.436220973730e-02 1.936357766390e-01 5.222947597504e-01 4.727292656898e-01 3.046020567417e-01 7.366627454758e-02 4.075738042593e-02 3.101862035692e-02 4.468419030309e-02 5.302821099758e-02 4.972919076681e-02 4.066487401724e-02 3.179496526718e-02 3.146782144904e-02 2.958798594773e-02 2.858738042414e-02 2.792098373175e-02 2.672267146409e-02 2.437494136393e-02 2.575237490237e-02 2.720064856112e-02 2.397325821221e-02 1.849763095379e-02 1.914981380105e-02 1.853066124022e-02 1.756962016225e-02 1.707305200398e-02 1.824082247913e-02 1.894383504987e-02 1.874592714012e-02 1.753866486251e-02 1.948590949178e-02 2.300263755023e-02 2.549710310996e-02
8.921353518963e-02 4.675939306617e-02 3.934530913830e-02 3.041847422719e-02 2.282790094614e-02 2.153422869742e-02 2.213831059635e-02 2.161880768836e-02 2.169007807970e-02 2.774033509195e-02 7.354190945625e-02 2.685063779354e-01 9.758648276329e-01 7.529926896095e-01 1.262320727110e-01 4.762793332338e-02 5.247696489096e-02 5.596724152565e-02 4.974916949868e-02 3.958217427135e-02 3.214701265097e-02 3.279301151633e-02 3.474688902497e-02 3.363677114248e-02 3.133865818381e-02 2.842713519931e-02 2.459109947085e-02 2.272918075323e-02 2.660533413291e-02 2.735791727901e-02 2.453858777881e-02 2.725414559245e-02 2.731885761023e-02 2.583452127874e-02 2.323568798602e-02 1.806758344173e-02 1.519492641091e-02 1.513865124434e-02 1.555404718965e-02 1.671427674592e-02 1.963794417679e-02 2.447337098420e-02 3.031235747039e-02
9.445999562740e-02 5.306930094957e-02 3.979903832078e-02 2.654092945158e-02 1.990846730769e-02 2.088047191501e-02 2.062281779945e-02 2.100140042603e-02 1.889995858073e-02 2.122640423477e-02 4.157393425703e-02 1.366014480591e-01 4.741388857365e-01 4.178195297718e-01 1.394690722227e-01 7.933912426233e-02 6.519153714180e-02 5.056553706527e-02 3.894105181098e-02 3.116851300001e-02 3.104253485799e-02 3.310914337635e-02 3.519014641643e-02 3.345428779721e-02 2.888755314052e-02 2.343141287565e-02 1.959705539048e-02 2.133382856846e-02 2.674430049956e-02 2.811951190233e-02 2.908245101571e-02 3.195276856422e-02 3.172187507153e-02 2.954421192408e-02 2.511204406619e-02 1.889669522643e-02 1.935869455338e-02 2.009837143123e-02 2.129111625254e-02 2.230446785688e-02 2.258273400366e-02 2.519189566374e-02 3.249945864081e-02
8.829885721207e-02 4.744903743267e-02 3.347761556506e-02 2.084410749376e-02 1.911740377545e-02 2.062063850462e-02 1.992131397128e-02 1.723777689040e-02 1.370496489108e-02 1.915068365633e-02 3.537034243345e-02 6.045061349869e-02 1.672169566154e-01 1.985207796097e-01 1.436820775270e-01 8.794947713614e-02 5.559774860740e-02 3.949624300003e-02 3.658248856664e-02 3.551471605897e-02 3.196869418025e-02 3.022020868957e-02 2.922239527106e-02 2.566632069647e-02 2.024157531559e-02 1.825608499348e-02 1.800689846277e-02 1.922736130655e-02 2.494173496962e-02 2.790005318820e-02 2.066646143794e-02 2.245533093810e-02 2.245690859854e-02 2.099659480155e-02 2.042487077415e-02 2.232172712684e-02 2.412363886833e-02 2.650970220566e-02 2.910989709198e-02 3.057475015521e-02 3.001899272203e-02 2.797237038612e-02 3.190019354224e-02
7.888206839561e-02 3.508779779077e-02 2.406088635325e-02 1.494090072811e-02 1.790024153888e-02 1.986060105264e-02 1.902770251036e-02 1.570691168308e-02 1.160787511617e-02 1.723982207477e-02 3.178565204144e-02 4.918644204736e-02 1.163403764367e-01 1.491190046072e-01 1.158508881927e-01 6.856423616409e-02 4.243183881044e-02 3.934796527028e-02 3.870828449726e-02 3.244154155254e-02 2.578416094184e-02 2.153078839183e-02 1.883438602090e-02 1.577868126333e-02 1.496992632747e-02 1.471992116421e-02 1.475860178471e-02 1.634590886533e-02 2.173116803169e-02 2.542869001627e-02 1.974052190781e-02 1.549193356186e-02 1.474615465850e-02 1.884121261537e-02 2.228683792055e-02 2.531145885587e-02 2.881664037704e-02 3.317750990391e-02 3.726714476943e-02 3.892990946770e-02 3.702840954065e-02 3.264854475856e-02 3.144961223006e-02
