100/SI/f68.grd
DSAA
101	101
32.816463539100	34.260883539100
35.556306596100	36.727886596100
5.354066961445e-04	8.784990692139e+01
[rows 19 to 37 of 101, columns 0 to 42 of 101]
1.683194488287e-01 3.431567549706e-01 4.388210177422e-01 4.470935761929e-01 3.687460720539e-01 2.926523685455e-01 1.999344676733e-01 2.268349975348e-01 2.749136686325e-01 3.302932977676e-01 4.328069984913e-01 5.170158147812e-01 5.041894316673e-01 5.466474294662e-01 5.507408976555e-01 5.340868234634e-01 5.079542398453e-01 4.863702058792e-01 5.634495019913e-01 5.073807239532e-01 5.253975987434e-01 5.668366551399e-01 6.026496887207e-01 5.779731869698e-01 5.155043601990e-01 4.360300600529e-01 4.512960314751e-01 7.213895320892e-01 8.606321215630e-01 6.478162407875e-01 5.958994626999e-01 5.471745133400e-01 5.795040726662e-01 5.793883800507e-01 5.798116326332e-01 5.606785416603e-01 4.480763673782e-01 3.915146291256e-01 4.199805855751e-01 4.028836488724e-01 5.832215547562e-01 1.442618012428e+00 6.710187792778e-01
1.316329091787e-01 2.765970528126e-01 3.729801177979e-01 4.080036580563e-01 3.627597987652e-01 3.493716716766e-01 3.201687633991e-01 2.274801433086e-01 3.034327030182e-01 3.544516563416e-01 3.771522343159e-01 4.730253815651e-01 4.200614988804e-01 4.897698163986e-01 5.293283462524e-01 5.461560487747e-01 5.450474619865e-01 5.203280448914e-01 6.560706496239e-01 5.256190896034e-01 6.178364753723e-01 7.366956472397e-01 7.936089634895e-01 7.723971605301e-01 7.250948548317e-01 5.608613491058e-01 5.979364514351e-01 5.837736725807e-01 9.042325019836e-01 6.581287980080e-01 5.626845359802e-01 5.299464464188e-01 5.161768794060e-01 5.199154019356e-01 4.924896657467e-01 6.376141905785e-01 4.259293973446e-01 4.480249583721e-01 4.594526588917e-01 4.699184000492e-01 7.225498557091e-01 1.221168994904e+00 9.996608495712e-01
1.017414629459e-01 2.050309330225e-01 2.818876802921e-01 3.244409561157e-01 3.061840534210e-01 2.670348882675e-01 3.297574222088e-01 3.257938325405e-01 3.732980787754e-01 4.453457593918e-01 5.137445926666e-01 6.771453022957e-01 8.124073743820e-01 7.434289455414e-01 5.056428313255e-01 4.888825714588e-01 5.165235996246e-01 5.388403534889e-01 9.558340907097e-01 7.680231928825e-01 5.775925517082e-01 8.961443901062e-01 9.495698809624e-01 1.039221405983e+00 8.562527894974e-01 7.582078576088e-01 7.471916079521e-01 4.622531235218e-01 8.506597876549e-01 6.070309877396e-01 4.664927423000e-01 4.847913980484e-01 5.725852251053e-01 4.727213978767e-01 5.176317691803e-01 6.746913194656e-01 5.371590852737e-01 4.752930700779e-01 4.962871968746e-01 5.325509905815e-01 8.426355123520e-01 8.746262788773e-01 1.326755285263e+00
1.369997859001e-01 2.461340576410e-01 2.383048087358e-01 2.495862245560e-01 2.908720076084e-01 3.680969178677e-01 4.298817515373e-01 5.146387815475e-01 6.251756548882e-01 7.859150171280e-01 1.001037478447e+00 1.256011486053e+00 1.411719799042e+00 1.226689815521e+00 7.704069614410e-01 4.718976318836e-01 6.513226032257e-01 9.149140715599e-01 1.157184481621e+00 9.405909180641e-01 7.417485713959e-01 9.731088280678e-01 1.035350084305e+00 1.167186617851e+00 8.515901565552e-01 8.634593486786e-01 8.874139785767e-01 5.568062663078e-01 6.945465207100e-01 5.028778910637e-01 4.771640002728e-01 4.725836813450e-01 5.937816500664e-01 6.058464050293e-01 6.024369001389e-01 5.726153850555e-01 7.557217478752e-01 5.277748703957e-01 5.329028964043e-01 5.849580764771e-01 9.393873810768e-01 8.144134879112e-01 1.540627598763e+00
1.329862326384e-01 2.742346227169e-01 2.976686954498e-01 2.852493226528e-01 3.646309673786e-01 4.952319860458e-01 5.427936911583e-01 5.740754604340e-01 6.361852288246e-01 7.364804148674e-01 8.895704150200e-01 1.014993786812e+00 1.039849400520e+00 8.897427916527e-01 6.518540382385e-01 5.805302858353e-01 6.334387660027e-01 8.540238738060e-01 1.137830972672e+00 7.217741608620e-01 6.949064135551e-01 9.813120961189e-01 1.033973574638e+00 1.119228482246e+00 8.927006721497e-01 8.606297969818e-01 1.000300168991e+00 8.531317114830e-01 8.614342808723e-01 7.340607047081e-01 6.344527602196e-01 9.349285960197e-01 8.736638426781e-01 6.539607644081e-01 6.367444396019e-01 6.349963545799e-01 8.379668593407e-01 6.147004365921e-01 5.824389457703e-01 6.177731752396e-01 9.936792254448e-01 8.257151842117e-01 1.573644518852e+00
2.642100453377e-01 4.563431441784e-01 2.971994578838e-01 2.973560392857e-01 3.354056477547e-01 4.309743940830e-01 4.878847002983e-01 4.828588664532e-01 4.801609814167e-01 4.998092651367e-01 5.284903049469e-01 5.599135756493e-01 5.336576700211e-01 5.878960490227e-01 5.950980782509e-01 5.329504013062e-01 5.317062735558e-01 9.792869091034e-01 1.120245099068e+00 5.947616696358e-01 6.009068489075e-01 9.085729122162e-01 9.811679720879e-01 9.536551237106e-01 8.726504445076e-01 7.873862981796e-01 1.076835870743e+00 9.435153603554e-01 7.872286438942e-01 7.619612812996e-01 7.474126219749e-01 1.203695774078e+00 1.792259812355e+00 1.706250309944e+00 1.544170737267e+00 1.473316311836e+00 1.530835390091e+00 9.449579119682e-01 8.013104200363e-01 6.620305776596e-01 1.016807198524e+00 7.975654006004e-01 1.392977595329e+00
4.898664057255e-01 1.038076519966e+00 1.069519162178e+00 9.383432865143e-01 5.864083766937e-01 3.377409279346e-01 3.272244334221e-01 3.431703448296e-01 3.722433447838e-01 4.812195897102e-01 5.769454240799e-01 6.448869109154e-01 6.657528877258e-01 6.382292509079e-01 5.830784440041e-01 6.042585372925e-01 6.355143785477e-01 9.540851116180e-01 9.404050111771e-01 5.537822246552e-01 5.994950532913e-01 7.411677837372e-01 8.482978940010e-01 7.913156151772e-01 8.963185548782e-01 8.643937110901e-01 1.117263793945e+00 1.188076615334e+00 1.263585090637e+00 1.131238222122e+00 8.531806468964e-01 7.154899835587e-01 1.451230883598e+00 1.585225343704e+00 1.747457981110e+00 2.113758563995e+00 2.642175674438e+00 1.611472964287e+00 1.183096528053e+00 1.004633665085e+00 9.987816810608e-01 7.441079020500e-01 1.042781233788e+00
5.234249234200e-01 1.128467202187e+00 1.302477717400e+00 1.537859082222e+00 1.684530377388e+00 1.462169647217e+00 8.198974728584e-01 4.479067027569e-01 6.109480261803e-01 7.134458422661e-01 7.328119277954e-01 6.931149959564e-01 6.490901112556e-01 8.745209574699e-01 9.639107584953e-01 9.573616385460e-01 9.427632093430e-01 9.173113107681e-01 9.061738848686e-01 8.752710223198e-01 8.555532097816e-01 8.555511832237e-01 8.299597501755e-01 1.038076281548e+00 1.250142812729e+00 1.081453561783e+00 1.222549080849e+00 1.570038557053e+00 1.587495684624e+00 1.410230517387e+00 1.052942037582e+00 7.712693214417e-01 8.495210409164e-01 1.337494611740e+00 1.993921041489e+00 1.755674362183e+00 1.786763310432e+00 1.352515220642e+00 1.442287087440e+00 1.468997359276e+00 1.195214867592e+00 7.688736319542e-01 9.270536303520e-01
3.361158967018e-01 7.416743040085e-01 8.625341653824e-01 1.058860421181e+00 1.378219246864e+00 1.813097119331e+00 2.049881458282e+00 1.594871044159e+00 8.332031965256e-01 7.713865637779e-01 6.867129802704e-01 8.861151337624e-01 1.045314431190e+00 1.089063167572e+00 1.035297751427e+00 1.034835934639e+00 1.024482250214e+00 9.938532114029e-01 1.041135430336e+00 1.050688266754e+00 1.079918384552e+00 1.173444747925e+00 1.109462499619e+00 1.021595478058e+00 9.855438470840e-01 1.272008895874e+00 1.219040155411e+00 1.506391048431e+00 1.656768798828e+00 1.487099170685e+00 1.111272692680e+00 1.204166650772e+00 1.553643465042e+00 2.079399347305e+00 2.480445384979e+00 1.796122431755e+00 1.251005291939e+00 1.044501423836e+00 1.293722391129e+00 1.658743381500e+00 1.811675548553e+00 1.230916738510e+00 9.257593750954e-01
2.309958487749e-01 4.535381793976e-01 5.661419630051e-01 5.214520096779e-01 5.993578433990e-01 8.975467085838e-01 1.404405951500e+00 1.906170368195e+00 1.901754856110e+00 1.308868408203e+00 9.908665418625e-01 1.046297669411e+00 1.060814857483e+00 1.013416290283e+00 9.963298439980e-01 9.798428416252e-01 9.289575219154e-01 9.966668486595e-01 1.022574067116e+00 1.060534715652e+00 1.124032616615e+00 1.084742784500e+00 1.042366504669e+00 1.029001832008e+00 1.012093544006e+00 9.954810142517e-01 1.046744585037e+00 1.169047832489e+00 1.405440449715e+00 1.461853981018e+00 1.145424008369e+00 1.396031856537e+00 1.682078003883e+00 1.910937190056e+00 1.850840687752e+00 1.159349322319e+00 1.223649859428e+00 1.406691908836e+00 1.519034981728e+00 1.366466045380e+00 2.028254270554e+00 2.063295841217e+00 1.155916094780e+00
2.680909335613e-01 5.276638865471e-01 5.238415598869e-01 6.435576081276e-01 5.283421874046e-01 4.566467106342e-01 5.371512770653e-01 9.890673160553e-01 1.588922142982e+00 1.847097516060e+00 1.505155205727e+00 1.001054644585e+00 9.513766169548e-01 9.304108023643e-01 8.704065680504e-01 8.454423546791e-01 8.724569678307e-01 9.485545754433e-01 9.226766824722e-01 9.210585951805e-01 8.312550783157e-01 6.834499835968e-01 8.632647991180e-01 7.658702135086e-01 1.159497857094e+00 1.036388278008e+00 1.186975717545e+00 1.304830193520e+00 1.091620564461e+00 1.176968932152e+00 1.304285049438e+00 1.403832674026e+00 1.213411211967e+00 1.497281432152e+00 1.109110355377e+00 9.512125849724e-01 1.235154628754e+00 1.700860977173e+00 2.038046121597e+00 1.930208206177e+00 1.641263008118e+00 2.550331354141e+00 1.920780777931e+00
3.463015556335e-01 6.657187342644e-01 6.190866827965e-01 6.359581351280e-01 7.093074321747e-01 5.316368341446e-01 7.393447160721e-01 8.986507058144e-01 9.939316511154e-01 1.389963507652e+00 1.790822267532e+00 1.623896360397e+00 9.941183924675e-01 7.986606955528e-01 7.858076691628e-01 8.041882514954e-01 8.325334191322e-01 8.224838376045e-01 8.689858317375e-01 8.539920449257e-01 7.447594404221e-01 6.211799979210e-01 6.615027785301e-01 1.054995536804e+00 1.575760841370e+00 2.123122692108e+00 2.551883697510e+00 2.077212095261e+00 1.403889298439e+00 1.312194705009e+00 1.608226776123e+00 1.136312723160e+00 8.482462763786e-01 1.864727258682e+00 7.790513038635e-01 1.103465080261e+00 1.022916316986e+00 1.429925799370e+00 2.081513404846e+00 2.240029811859e+00 1.928351044655e+00 2.147680521011e+00 2.913966655731e+00
3.146784305573e-01 6.878003478050e-01 7.270759344101e-01 7.103971242905e-01 7.499317526817e-01 7.595399618149e-01 9.110434651375e-01 9.580076932907e-01 9.516577124596e-01 8.994655609131e-01 1.243997573853e+00 1.774161696434e+00 1.731830716133e+00 1.194916605949e+00 7.540582418442e-01 7.525759935379e-01 7.256547808647e-01 6.638329029083e-01 8.890367746353e-01 9.255131483078e-01 9.358390569687e-01 7.806183695793e-01 7.156977653503e-01 1.307614922523e+00 2.221664667130e+00 3.276750087738e+00 3.846053361893e+00 3.676453590393e+00 2.393861055374e+00 1.514337778091e+00 1.733054757118e+00 1.462616801262e+00 1.359096884727e+00 2.277713775635e+00 1.178178071976e+00 2.271669387817e+00 1.643900632858e+00 1.190823554993e+00 1.590137958527e+00 2.287489652634e+00 2.346178531647e+00 1.982906341553e+00 3.125585317612e+00
3.869276642799e-01 7.877289056778e-01 7.967630624771e-01 7.736888527870e-01 8.025188446045e-01 9.099378585815e-01 9.169002771378e-01 9.272451400757e-01 8.524763584137e-01 7.858521342278e-01 7.596450448036e-01 1.070118188858e+00 1.720530986786e+00 1.813819646835e+00 1.374590039253e+00 6.506787538528e-01 6.056703329086e-01 6.787573695183e-01 7.897945046425e-01 1.259177327156e+00 1.138131618500e+00 1.043822526932e+00 9.574768543243e-01 1.305558204651e+00 2.272105216980e+00 3.242560148239e+00 4.414706230164e+00 5.172842979431e+00 4.313749313354e+00 2.083354234695e+00 1.884056925774e+00 2.044172763824e+00 1.949299454689e+00 2.693752765656e+00 1.500355243683e+00 3.039790153503e+00 2.518168926239e+00 1.656495690346e+00 1.518092513084e+00 2.197530269623e+00 4.714648246765e+00 2.394119262695e+00 2.548200845718e+00
5.080790519714e-01 9.561002850533e-01 8.885247111320e-01 9.483909606934e-01 1.006414413452e+00 1.063196301460e+00 1.128723025322e+00 1.173799514771e+00 1.199428677559e+00 1.203600049019e+00 1.167690277100e+00 1.125500679016e+00 1.077855944633e+00 1.589399218559e+00 1.845410227776e+00 1.537465095520e+00 7.699156999588e-01 6.933655142784e-01 7.641300559044e-01 1.203212380409e+00 1.275053620338e+00 1.148775339127e+00 1.059067130089e+00 1.120942831039e+00 1.881341814995e+00 2.799966096878e+00 4.335795402527e+00 6.056653022766e+00 5.720263957977e+00 3.480334281921e+00 2.706540822983e+00 3.411992073059e+00 3.662354946136e+00 3.378624677658e+00 2.797206401825e+00 3.277012586594e+00 3.120262622833e+00 2.408560276031e+00 2.735593080521e+00 2.452409029007e+00 6.734809398651e+00 5.508303165436e+00 1.488393545151e+00
5.203999876976e-01 1.081356763840e+00 1.079456329346e+00 1.046689987183e+00 9.226692318916e-01 8.338602185249e-01 7.913581132889e-01 8.748854398727e-01 9.688267707825e-01 1.079599261284e+00 1.202967882156e+00 1.347020387650e+00 1.483760237694e+00 2.346283435822e+00 2.403084278107e+00 1.826347589493e+00 1.721691966057e+00 1.639486074448e+00 1.528123617172e+00 1.401776552200e+00 1.264999032021e+00 1.096119999886e+00 1.193140864372e+00 1.166359186172e+00 1.286455035210e+00 2.119987487793e+00 3.124073743820e+00 4.940820693970e+00 6.276109695435e+00 4.343403339386e+00 2.054957628250e+00 2.136958837509e+00 3.139801502228e+00 4.168097496033e+00 4.628285884857e+00 4.290104866028e+00 3.094054698944e+00 2.607868909836e+00 1.967282176018e+00 2.814677476883e+00 7.025713920593e+00 8.442568778992e+00 2.265065670013e+00
4.422142803669e-01 8.918284177780e-01 9.290540814400e-01 1.012520432472e+00 1.063017606735e+00 1.027353405952e+00 8.625407814980e-01 7.514695525169e-01 7.556189298630e-01 7.553272247314e-01 7.510135769844e-01 7.347408533096e-01 7.114210128784e-01 9.018107652664e-01 1.353147268295e+00 1.482345819473e+00 1.778426408768e+00 1.718268513680e+00 1.402192950249e+00 1.551289677620e+00 1.640990734100e+00 1.693974256516e+00 1.757389664650e+00 1.835791468620e+00 1.765668749809e+00 1.409923076630e+00 2.107976675034e+00 3.745715141296e+00 5.288272857666e+00 3.879047632217e+00 1.940493106842e+00 1.365395784378e+00 1.215998291969e+00 2.025020360947e+00 2.448239088058e+00 3.980206489563e+00 5.052802562714e+00 4.669704437256e+00 2.905380964279e+00 3.173013210297e+00 4.509337902069e+00 1.001219654083e+01 3.641961574554e+00
3.579132556915e-01 6.921311616898e-01 6.896876692772e-01 6.607078909874e-01 6.733088493347e-01 7.533338665962e-01 7.869723439217e-01 7.746661901474e-01 6.587883234024e-01 7.145340442657e-01 7.763630151749e-01 8.390031456947e-01 8.967472314835e-01 9.544501304626e-01 1.013206720352e+00 1.064054608345e+00 1.108292222023e+00 1.668828129768e+00 1.778758525848e+00 2.301895618439e+00 1.803530693054e+00 1.483384370804e+00 1.416329145432e+00 1.378294587135e+00 1.384517908096e+00 1.572357058525e+00 2.097191333771e+00 2.402069330215e+00 3.383904933929e+00 2.757523775101e+00 1.396276473999e+00 1.646395802498e+00 1.227486252785e+00 1.625858306885e+00 1.909492492676e+00 2.317528486252e+00 2.338867902756e+00 3.921678781509e+00 5.541425228119e+00 4.490859508514e+00 4.007117271423e+00 8.194097518921e+00 7.394917964935e+00
2.257681638002e-01 4.551213383675e-01 4.481388330460e-01 4.377067387104e-01 4.940190911293e-01 5.816181302071e-01 6.373184323311e-01 6.684651374817e-01 6.791843771935e-01 6.259548664093e-01 5.817364454269e-01 6.111589074135e-01 6.463016271591e-01 6.522803306580e-01 6.612741351128e-01 8.827405571938e-01 9.825544357300e-01 1.316071629524e+00 2.489800214767e+00 2.607370376587e+00 2.309288024902e+00 1.970598578453e+00 2.309198856354e+00 2.764549970627e+00 1.946613669395e+00 2.227169513702e+00 2.169349193573e+00 2.016619205475e+00 2.105883359909e+00 2.779189109802e+00 2.610584735870e+00 1.627065062523e+00 1.694432139397e+00 1.781330585480e+00 1.929954648018e+00 2.009138345718e+00 2.083534955978e+00 2.683161258698e+00 3.920058012009e+00 4.572649955750e+00 5.462218761444e+00 7.330295562744e+00 6.059222698212e+00
