100/SI/f68.grd
DSAA
101	101
32.816463539100	34.260883539100
35.556306596100	36.727886596100
5.354066961445e-04	8.784990692139e+01
[rows 19 to 37 of 101, columns 43 to 85 of 101]
8.655018806458e-01 1.066395521164e+00 1.386466264725e+00 1.412891149521e+00 9.159222245216e-01 1.407178997993e+00 7.161898016930e-01 7.462784051895e-01 8.070594072342e-01 8.185711503029e-01 7.470628023148e-01 1.100587964058e+00 1.325698971748e+00 1.311677575111e+00 8.706993460655e-01 1.063635587692e+00 1.403161406517e+00 1.315207481384e+00 7.237871885300e-01 1.167584300041e+00 5.382710695267e-01 7.555700540543e-01 1.014816641808e+00 5.010022521019e-01 4.969264864922e-01 5.856649279594e-01 4.832644760609e-01 6.092955470085e-01 5.653858184814e-01 4.477175176144e-01 4.828350543976e-01 6.666821837425e-01 7.528784275055e-01 5.831500887871e-01 5.184690356255e-01 4.213584959507e-01 2.893973886967e-01 3.184579610825e-01 3.522235453129e-01 2.933358550072e-01 2.737395167351e-01 2.400339096785e-01 2.609620392323e-01
7.826439142227e-01 1.044898748398e+00 1.481935381889e+00 1.708992004395e+00 1.236911296844e+00 1.244276404381e+00 7.368849515915e-01 7.906255125999e-01 6.993049979210e-01 8.758178949356e-01 9.164600968361e-01 1.029230356216e+00 1.418890833855e+00 1.395263195038e+00 1.079125881195e+00 1.156437993050e+00 1.369929075241e+00 1.486195445061e+00 8.540987968445e-01 1.128843784332e+00 6.151698827744e-01 1.145013451576e+00 1.426214694977e+00 6.639121770859e-01 5.798024535179e-01 5.995494127274e-01 5.948033928871e-01 6.301432251930e-01 4.910616576672e-01 4.764133691788e-01 6.731742024422e-01 8.795866966248e-01 7.857328653336e-01 6.232140064240e-01 5.118161439896e-01 4.218731224537e-01 3.028786480427e-01 3.723782896996e-01 2.884455919266e-01 2.463120371103e-01 2.626290321350e-01 2.288668900728e-01 2.384281754494e-01
8.439610600471e-01 1.196666359901e+00 1.368402242661e+00 1.788956165314e+00 1.524306058884e+00 1.064954161644e+00 7.309387922287e-01 8.376668691635e-01 6.699115633965e-01 8.192400932312e-01 8.640978932381e-01 9.837875366211e-01 1.347824454308e+00 1.527225136757e+00 1.300977110863e+00 1.236045718193e+00 1.312040448189e+00 1.624206066132e+00 9.737167358398e-01 1.045777916908e+00 6.913881301880e-01 1.418678164482e+00 1.561745643616e+00 7.464954257011e-01 5.663217902184e-01 7.010441422462e-01 6.714141368866e-01 5.449843406677e-01 4.643324613571e-01 6.695455908775e-01 9.389880895615e-01 9.106439352036e-01 6.151726245880e-01 7.108705639839e-01 5.072529911995e-01 3.883605003357e-01 3.604207336903e-01 3.829395771027e-01 3.195990920067e-01 2.493550926447e-01 2.445131838322e-01 1.799810379744e-01 1.775341480970e-01
8.062207698822e-01 1.127643227577e+00 1.160223126411e+00 1.707621216774e+00 1.686933040619e+00 1.113793134689e+00 9.773156642914e-01 8.873082399368e-01 6.599335074425e-01 7.173139452934e-01 8.298050165176e-01 9.969348907471e-01 1.117994666100e+00 1.599834561348e+00 1.448850989342e+00 1.204032063484e+00 1.212922692299e+00 1.741857647896e+00 1.072381973267e+00 9.368647933006e-01 7.672226428986e-01 1.408893823624e+00 1.361101746559e+00 6.481748223305e-01 6.199024319649e-01 7.315388917923e-01 6.092560291290e-01 4.971613287926e-01 7.046827673912e-01 9.934663772583e-01 9.769566655159e-01 6.786844730377e-01 5.174614191055e-01 7.385448217392e-01 3.646267652512e-01 3.586046397686e-01 4.450180530548e-01 3.410552144051e-01 3.665980398655e-01 2.336110025644e-01 2.606707513332e-01 2.177137136459e-01 1.965291202068e-01
6.558638811111e-01 7.853614687920e-01 1.206443548203e+00 1.512129545212e+00 1.699769735336e+00 1.130491495132e+00 1.215535998344e+00 1.019773125648e+00 7.156060934067e-01 6.126362681389e-01 8.645663261414e-01 9.728134274483e-01 1.148545980453e+00 1.718035459518e+00 1.467046141624e+00 1.136116266251e+00 1.091439962387e+00 1.813795685768e+00 1.143853068352e+00 1.135408401489e+00 8.923895955086e-01 1.158165335655e+00 1.015064477921e+00 6.034553647041e-01 7.612896561623e-01 7.074849605560e-01 5.208791494370e-01 7.517207264900e-01 1.076910018921e+00 1.046736836433e+00 7.105566859245e-01 4.201580584049e-01 5.538988709450e-01 6.927343010902e-01 3.722231686115e-01 3.843579292297e-01 4.690171778202e-01 3.569567501545e-01 4.022239148617e-01 2.438564151525e-01 2.476187497377e-01 2.049858123064e-01 2.085062861443e-01
8.446162939072e-01 8.447483181953e-01 1.362390637398e+00 1.278294086456e+00 1.615370512009e+00 1.262098550797e+00 1.164798974991e+00 1.290363788605e+00 1.121329665184e+00 8.568907976151e-01 9.378381371498e-01 9.183697700500e-01 1.252297878265e+00 1.837502717972e+00 1.317342996597e+00 1.089310646057e+00 9.299162030220e-01 1.854718923569e+00 1.448937773705e+00 1.254185318947e+00 1.055659413338e+00 1.122336506844e+00 6.791434884071e-01 7.340927720070e-01 7.814431190491e-01 5.329947471619e-01 8.162067532539e-01 1.161517381668e+00 1.105854511261e+00 7.409936189651e-01 3.968695700169e-01 3.118899762630e-01 7.409094572067e-01 5.789456367493e-01 3.546213805676e-01 4.986996352673e-01 4.326147735119e-01 3.597177267075e-01 4.272931814194e-01 3.018655776978e-01 2.130618542433e-01 2.029947787523e-01 1.795265376568e-01
1.326575398445e+00 8.199240565300e-01 8.194938302040e-01 1.410796761513e+00 1.488249301910e+00 1.332717537880e+00 1.024814844131e+00 1.180598378181e+00 1.342321157455e+00 1.318461179733e+00 1.123764753342e+00 1.393252372742e+00 1.361129641533e+00 1.909828424454e+00 1.139898419380e+00 9.844332933426e-01 1.303208351135e+00 1.867972016335e+00 1.639945507050e+00 1.202505826950e+00 1.138038754463e+00 1.210701465607e+00 7.628020048141e-01 7.998295426369e-01 6.567599773407e-01 8.542073965073e-01 1.264979720116e+00 1.185383319855e+00 7.710451483727e-01 5.029599666595e-01 7.074331045151e-01 4.346605241299e-01 8.645249009132e-01 5.058369040489e-01 4.142915010452e-01 5.335360765457e-01 5.204496979713e-01 3.663149774075e-01 4.410925209522e-01 3.331936001778e-01 2.004511356354e-01 1.917210221291e-01 2.221452444792e-01
1.773934841156e+00 8.432127833366e-01 8.264112472534e-01 1.299951195717e+00 1.340599536896e+00 1.364292263985e+00 1.110396981239e+00 1.131801605225e+00 1.116111040115e+00 1.445345997810e+00 1.576878190041e+00 1.409998536110e+00 1.470003724098e+00 1.935202717781e+00 9.894087314606e-01 1.525331735611e+00 1.828687667847e+00 1.870502710342e+00 1.593729853630e+00 9.528120160103e-01 1.081153392792e+00 1.109449028969e+00 7.675118446350e-01 6.606282591820e-01 8.609601855278e-01 1.345488548279e+00 1.298168897629e+00 8.128976225853e-01 7.168726325035e-01 9.852963089943e-01 8.943863511086e-01 8.122398257256e-01 8.422021269798e-01 5.659465193748e-01 5.337308049202e-01 4.422211647034e-01 5.676179528236e-01 3.875581622124e-01 4.426672160625e-01 3.311495780945e-01 2.134919315577e-01 2.432654201984e-01 3.136461079121e-01
1.936831474304e+00 8.662043213844e-01 9.996246695518e-01 8.615142107010e-01 1.471816539764e+00 1.378664255142e+00 1.175193905830e+00 1.202398896217e+00 1.141291618347e+00 1.439121365547e+00 1.520211935043e+00 1.324758410454e+00 1.567719221115e+00 1.864832758904e+00 1.660861849785e+00 2.020931482315e+00 1.952542304993e+00 1.817691683769e+00 1.083148002625e+00 9.625898599625e-01 1.113536834717e+00 1.121342301369e+00 8.032851219177e-01 8.240495324135e-01 1.402688622475e+00 1.432460784912e+00 8.978555798531e-01 7.291554808617e-01 1.072054505348e+00 8.896223306656e-01 7.240734100342e-01 7.918121218681e-01 6.528443098068e-01 6.217228174210e-01 5.289429426193e-01 3.694367408752e-01 5.560708642006e-01 4.184235930443e-01 4.340133666992e-01 2.998229563236e-01 2.585546374321e-01 3.479492366314e-01 3.931874930859e-01
1.700276494026e+00 1.266375541687e+00 1.157516479492e+00 8.158835172653e-01 1.069036006927e+00 1.395962953568e+00 1.471231102943e+00 1.278238892555e+00 1.496376514435e+00 2.199521541595e+00 1.251810073853e+00 1.164774894714e+00 1.632410049438e+00 1.716386318207e+00 2.154722213745e+00 2.085985660553e+00 1.804929256439e+00 1.757889628410e+00 1.195866465569e+00 1.293353676796e+00 1.156154394150e+00 1.115891456604e+00 7.525849342346e-01 1.423181533813e+00 1.578471541405e+00 1.020460486412e+00 8.329334259033e-01 1.136634707451e+00 1.006031036377e+00 6.593463420868e-01 9.602385163307e-01 8.311942219734e-01 4.987095296383e-01 5.691739320755e-01 4.741844236851e-01 5.093689560890e-01 5.062993168831e-01 4.598049223423e-01 4.211749732494e-01 3.876027762890e-01 4.314945340157e-01 4.842983782291e-01 4.083512723446e-01
1.147519707680e+00 1.907745718956e+00 1.267415165901e+00 1.002904295921e+00 1.203514456749e+00 1.364000678062e+00 1.304061055183e+00 1.368537902832e+00 1.962355852127e+00 2.721891164780e+00 1.827607870102e+00 1.269174933434e+00 1.644716978073e+00 2.051449060440e+00 2.196897029877e+00 3.049474000931e+00 1.617075920105e+00 1.629780054092e+00 1.336984753609e+00 1.308066248894e+00 1.193110942841e+00 1.103544235229e+00 1.408885598183e+00 1.675302386284e+00 1.150440454483e+00 9.376097917557e-01 1.122003793716e+00 1.124876260757e+00 9.618179798126e-01 9.628863930702e-01 1.019610047340e+00 5.697543621063e-01 5.387994647026e-01 4.864030480385e-01 4.235537946224e-01 3.961921334267e-01 6.875271797180e-01 5.426738858223e-01 4.999977350235e-01 5.754201412201e-01 5.733425021172e-01 4.207178652287e-01 2.828576266766e-01
1.288198709488e+00 2.114039182663e+00 1.310641169548e+00 1.108426213264e+00 1.419078826904e+00 1.306955099106e+00 1.359273195267e+00 1.716266155243e+00 2.262388229370e+00 2.733775138855e+00 2.182523012161e+00 2.166889667511e+00 1.917576789856e+00 2.250239372253e+00 2.668255567551e+00 3.861285686493e+00 1.681381821632e+00 1.821140170097e+00 1.805861353874e+00 1.476334452629e+00 1.168976306915e+00 1.405333638191e+00 1.761556744576e+00 1.266504287720e+00 1.049965023994e+00 1.107979774475e+00 1.072336673737e+00 1.186662793159e+00 1.154793500900e+00 1.158793449402e+00 8.721041083336e-01 4.708239138126e-01 6.443689465523e-01 4.012979567051e-01 4.185536801815e-01 4.278520643711e-01 9.475132226944e-01 6.315072178841e-01 6.627863049507e-01 5.337562561035e-01 3.242416083813e-01 1.900258213282e-01 1.886006891727e-01
2.550677537918e+00 1.671543598175e+00 1.832264184952e+00 1.177021145821e+00 1.727876305580e+00 1.339587211609e+00 1.463894844055e+00 1.983317017555e+00 2.380913734436e+00 2.314829111099e+00 2.242282867432e+00 2.265693426132e+00 2.128037214279e+00 1.726251602173e+00 1.829441547394e+00 2.460984945297e+00 1.373669028282e+00 1.799980163574e+00 1.967779994011e+00 1.641832232475e+00 1.461308002472e+00 1.843345522881e+00 1.379963397980e+00 1.172999382019e+00 1.086295843124e+00 9.954469203949e-01 1.071272015572e+00 1.266614675522e+00 1.270875692368e+00 1.140323638916e+00 7.108215093613e-01 4.507465064526e-01 6.863152980804e-01 5.464996695518e-01 6.591765880585e-01 7.011919021606e-01 1.068309783936e+00 6.254109740257e-01 4.946591258049e-01 3.435344994068e-01 3.078187406063e-01 2.328237295151e-01 2.238211035728e-01
4.139016151428e+00 1.809567451477e+00 2.051225900650e+00 1.495902419090e+00 1.915115237236e+00 1.637582063675e+00 1.608742833138e+00 2.277200937271e+00 2.446068525314e+00 1.924008011818e+00 2.699328899384e+00 3.317965030670e+00 1.839557051659e+00 2.159977674484e+00 1.323712468147e+00 1.534324049950e+00 1.467338323593e+00 1.750339746475e+00 1.691506505013e+00 1.534402728081e+00 1.956935048103e+00 1.489707231522e+00 1.222599864006e+00 1.097993254662e+00 1.181165575981e+00 1.099374890327e+00 1.100913167000e+00 1.374175190926e+00 1.383080840111e+00 1.256195425987e+00 8.642798662186e-01 7.607978582382e-01 7.551264166832e-01 6.870803833008e-01 6.649517416954e-01 1.021969914436e+00 8.788406252861e-01 4.257812500000e-01 4.599387943745e-01 4.700297415257e-01 4.355990886688e-01 3.364848792553e-01 2.416909486055e-01
4.529887676239e+00 4.733239173889e+00 1.956202864647e+00 1.965066075325e+00 2.108945369720e+00 1.981984972954e+00 2.716373920441e+00 2.551571130753e+00 2.412515878677e+00 1.794095993042e+00 2.747096776962e+00 3.697240829468e+00 2.211006402969e+00 2.078461885452e+00 1.687833309174e+00 1.719478607178e+00 1.827692627907e+00 1.727910161018e+00 1.672046899796e+00 2.094835758209e+00 1.631510734558e+00 1.395319938660e+00 1.195456981659e+00 9.363485574722e-01 1.151597976685e+00 1.290165424347e+00 1.187585592270e+00 1.476666450500e+00 1.540267467499e+00 1.374629259109e+00 1.022862434387e+00 7.556213736534e-01 6.719664931297e-01 5.704516172409e-01 9.255431890488e-01 1.059597015381e+00 4.721743762493e-01 4.840039312840e-01 5.045009255409e-01 5.114912986755e-01 4.833330512047e-01 4.038712382317e-01 2.801926732063e-01
2.178258180618e+00 6.375746726990e+00 4.659975528717e+00 1.944183111191e+00 2.222317457199e+00 2.468589782715e+00 2.631328344345e+00 2.679098367691e+00 2.142378568649e+00 1.871994733810e+00 3.132046699524e+00 3.619733572006e+00 2.842593193054e+00 1.922868728638e+00 1.765861749649e+00 1.979241609573e+00 3.062743425369e+00 1.923280477524e+00 2.322849273682e+00 1.790141105652e+00 1.286576509476e+00 1.253794670105e+00 1.060364127159e+00 1.287304639816e+00 1.307558536530e+00 1.498784780502e+00 1.650602340698e+00 1.264075160027e+00 1.500277519226e+00 1.498486995697e+00 1.163976311684e+00 6.189488768578e-01 6.310998201370e-01 9.789377450943e-01 1.061227679253e+00 6.202405691147e-01 4.295718669891e-01 4.336182177067e-01 4.316514432430e-01 4.381887316704e-01 4.366297125816e-01 4.043238162994e-01 3.232084810734e-01
4.008648395538e+00 3.013297319412e+00 7.434381008148e+00 3.462806701660e+00 2.247198581696e+00 3.034831285477e+00 2.282256603241e+00 2.548653364182e+00 3.355093955994e+00 2.608230590820e+00 3.618850708008e+00 2.875898599625e+00 3.028370380402e+00 2.535894870758e+00 2.087916851044e+00 1.952255487442e+00 4.453969478607e+00 2.691543579102e+00 2.167139291763e+00 2.635948657990e+00 1.567751407623e+00 1.278627872467e+00 1.365482926369e+00 1.437644600868e+00 1.384944796562e+00 1.470104336739e+00 2.080942869186e+00 1.264191031456e+00 1.557596325874e+00 1.626929640770e+00 1.319108724594e+00 8.502424955368e-01 1.078691124916e+00 9.979258179665e-01 5.706028342247e-01 4.787688553333e-01 4.522149264812e-01 4.234360456467e-01 3.935970067978e-01 3.664236068726e-01 3.761984705925e-01 3.888241350651e-01 3.532168567181e-01
5.422428607941e+00 7.064681053162e+00 4.264408588409e+00 7.310897827148e+00 2.710824728012e+00 3.674180030823e+00 3.152855396271e+00 3.362900733948e+00 4.708562374115e+00 3.905054092407e+00 4.503429889679e+00 2.582381010056e+00 2.747675657272e+00 2.862528800964e+00 2.563718318939e+00 2.023843526840e+00 5.229473114014e+00 2.966748714447e+00 3.090005874634e+00 2.141261577606e+00 1.161859393120e+00 1.285525560379e+00 1.633817911148e+00 1.482076048851e+00 1.347568154335e+00 1.289452910423e+00 2.028857469559e+00 1.386608839035e+00 1.747709989548e+00 1.724098086357e+00 1.367275238037e+00 1.089254021645e+00 8.166415095329e-01 4.289108812809e-01 4.229421913624e-01 4.433831870556e-01 4.383943974972e-01 4.686457514763e-01 4.602007567883e-01 4.366949200630e-01 4.760084152222e-01 5.532345771790e-01 5.777052640915e-01
1.066313076019e+01 7.075154781342e+00 7.466385841370e+00 6.192888736725e+00 5.634787082672e+00 4.130000591278e+00 4.534936428070e+00 4.007536888123e+00 4.140227794647e+00 4.579460144043e+00 5.294945240021e+00 3.080924272537e+00 2.707781553268e+00 2.906993865967e+00 3.181751012802e+00 3.009684562683e+00 4.034367084503e+00 2.989256143570e+00 2.981093168259e+00 2.380054235458e+00 1.940373897552e+00 2.304756879807e+00 2.320775270462e+00 1.920122981071e+00 1.401943564415e+00 1.197687268257e+00 1.591905236244e+00 1.704301238060e+00 1.806579828262e+00 1.508615016937e+00 1.058207511902e+00 6.745399236679e-01 5.902535915375e-01 6.272679567337e-01 7.414600849152e-01 8.126720190048e-01 8.497666120529e-01 8.457179665565e-01 8.026185035706e-01 7.342925071716e-01 6.678988337517e-01 6.703165769577e-01 5.933555364609e-01
