100/SI/f68.grd
DSAA
101	101
32.816463539100	34.260883539100
35.556306596100	36.727886596100
5.354066961445e-04	8.784990692139e+01
[rows 38 to 56 of 101, columns 0 to 42 of 101]
2.096326202154e-01 4.423490464687e-01 4.784284830093e-01 4.983997046947e-01 5.909490585327e-01 7.244764566422e-01 8.367454409599e-01 9.533755779266e-01 1.047937393188e+00 9.571740031242e-01 7.855871915817e-01 6.411591172218e-01 6.330634355545e-01 6.236857771873e-01 6.645827889442e-01 7.544057965279e-01 8.538928031921e-01 1.563853740692e+00 2.534567117691e+00 2.720021009445e+00 2.191550254822e+00 1.849084019661e+00 1.234899640083e+00 1.447349309921e+00 2.877245187759e+00 3.740743875504e+00 3.603484392166e+00 2.577615737915e+00 1.850188732147e+00 2.048411846161e+00 2.163345575333e+00 2.660065889359e+00 3.646371126175e+00 3.577699184418e+00 3.356752634048e+00 2.008721351624e+00 2.746010780334e+00 3.088107824326e+00 3.054949283600e+00 4.691779136658e+00 5.154727458954e+00 7.600184917450e+00 6.132385253906e+00
3.088795542717e-01 5.499738454819e-01 4.612746238708e-01 4.515629112720e-01 6.414771080017e-01 7.805344462395e-01 1.026277184486e+00 1.291750311852e+00 1.440903067589e+00 1.349299788475e+00 9.803525209427e-01 7.674441933632e-01 6.609974503517e-01 6.751373410225e-01 7.243931293488e-01 7.828664183617e-01 8.341789245605e-01 8.791056275368e-01 1.378654003143e+00 1.930342912674e+00 1.972045421600e+00 1.926123738289e+00 1.989338040352e+00 1.658615827560e+00 1.536013603210e+00 1.706489443779e+00 2.307032823563e+00 4.343208789825e+00 5.819576263428e+00 5.904004096985e+00 4.629896163940e+00 2.282498359680e+00 2.572237730026e+00 2.191408872604e+00 4.372352123260e+00 3.919745206833e+00 2.550001859665e+00 3.074865341187e+00 3.775706291199e+00 4.291973114014e+00 5.745882987976e+00 6.937866210938e+00 8.131993293762e+00
3.562874495983e-01 7.096670269966e-01 6.723747253418e-01 5.828982591629e-01 7.701699137688e-01 9.479390978813e-01 1.150947451591e+00 1.515186429024e+00 1.642710566521e+00 1.637509942055e+00 1.119926810265e+00 7.522503733635e-01 7.575483322144e-01 6.555434465408e-01 5.461966395378e-01 6.143621206284e-01 7.167547941208e-01 7.792783975601e-01 8.196367025375e-01 1.088687300682e+00 1.606923460960e+00 2.259552955627e+00 2.713760852814e+00 2.735335588455e+00 2.677663087845e+00 1.781456232071e+00 1.411057591438e+00 1.490060687065e+00 1.446660876274e+00 1.833609938622e+00 3.861750841141e+00 6.146035194397e+00 7.281693935394e+00 6.079312324524e+00 3.076536417007e+00 3.056885957718e+00 5.363049983978e+00 4.461305141449e+00 4.618560791016e+00 4.605296611786e+00 4.287006378174e+00 5.742964267731e+00 8.710409164429e+00
5.097948312759e-01 8.649649620056e-01 1.005244612694e+00 1.032774686813e+00 9.306724667549e-01 1.112960577011e+00 1.110824823380e+00 1.066639423370e+00 1.066465020180e+00 1.309240937233e+00 1.413504362106e+00 1.226494193077e+00 9.093949198723e-01 8.084084391594e-01 8.221385478973e-01 1.017623782158e+00 1.180928468704e+00 1.321083426476e+00 1.291366815567e+00 9.390202164650e-01 1.048205018044e+00 1.382247567177e+00 1.568090081215e+00 2.104393005371e+00 2.613922834396e+00 3.106400012970e+00 3.466179847717e+00 3.364221572876e+00 3.454094648361e+00 3.768527507782e+00 4.166958332062e+00 4.073791503906e+00 6.303084373474e+00 7.123018264771e+00 5.087603092194e+00 6.442474842072e+00 7.146872043610e+00 6.070212841034e+00 6.853001117706e+00 5.535765171051e+00 3.884623050690e+00 6.790783405304e+00 5.679175853729e+00
5.231457948685e-01 9.195114374161e-01 1.019284367561e+00 9.461862444878e-01 1.028428435326e+00 1.297250270844e+00 1.288571000099e+00 1.116829037666e+00 1.345504760742e+00 1.119975805283e+00 1.064413785934e+00 1.485931277275e+00 1.542966604233e+00 1.162990212440e+00 1.076516270638e+00 9.920075535774e-01 1.014682888985e+00 1.359466552734e+00 1.833423018456e+00 1.863834023476e+00 1.194361805916e+00 1.357981324196e+00 1.731000304222e+00 1.440158009529e+00 1.663902282715e+00 2.008416652679e+00 2.654724121094e+00 4.012482643127e+00 5.404087543488e+00 4.947507858276e+00 4.685517311096e+00 3.480714797974e+00 3.467426300049e+00 6.512193202972e+00 6.261455059052e+00 7.897054195404e+00 5.222063064575e+00 7.399342536926e+00 6.489363670349e+00 9.369209289551e+00 9.681724548340e+00 7.601354598999e+00 8.570531845093e+00
1.014237999916e+00 1.966553211212e+00 1.469201207161e+00 1.231296777725e+00 1.204823613167e+00 1.084216237068e+00 1.109111666679e+00 1.349407196045e+00 1.336408376694e+00 1.085060000420e+00 1.356943488121e+00 9.248827099800e-01 1.185177564621e+00 1.661842942238e+00 1.443450093269e+00 1.248792409897e+00 1.564018011093e+00 3.394258975983e+00 3.999874591827e+00 2.180487394333e+00 2.335560321808e+00 1.374988794327e+00 1.615142464638e+00 2.291591644287e+00 1.529895901680e+00 1.400627136230e+00 1.467794060707e+00 1.610595107079e+00 2.056668281555e+00 2.338372468948e+00 2.498359203339e+00 2.723612785339e+00 3.707709789276e+00 5.839400768280e+00 4.004938125610e+00 3.710406064987e+00 5.450485229492e+00 6.206851959229e+00 4.144095420837e+00 8.550992012024e+00 8.786092758179e+00 9.582644462585e+00 1.176575660706e+01
1.616354942322e+00 2.964415311813e+00 2.403354883194e+00 1.869228005409e+00 1.723546624184e+00 1.403527379036e+00 1.933788776398e+00 1.697001099586e+00 1.703189611435e+00 1.333040952682e+00 1.042605042458e+00 1.280827999115e+00 1.149096250534e+00 7.497791647911e-01 1.406558156013e+00 1.649927616119e+00 1.201638340950e+00 1.031132459641e+00 1.884768366814e+00 1.246698260307e+00 2.169632196426e+00 2.578182697296e+00 2.561583518982e+00 2.235982179642e+00 3.074783802032e+00 1.890182495117e+00 1.756785631180e+00 2.274713277817e+00 2.664902448654e+00 2.035719871521e+00 2.594264984131e+00 3.196652889252e+00 3.789049386978e+00 4.449907779694e+00 5.655164718628e+00 4.290090084076e+00 4.776893615723e+00 5.341218471527e+00 5.061460494995e+00 7.266736507416e+00 6.760438919067e+00 9.766259193420e+00 9.941597938538e+00
6.403848528862e-01 1.334349870682e+00 1.591761708260e+00 1.876665115356e+00 1.919516921043e+00 2.133337259293e+00 2.255091667175e+00 1.946007966995e+00 1.745076656342e+00 1.671174645424e+00 1.556477785110e+00 1.440422534943e+00 1.366659164429e+00 1.280574321747e+00 1.386200547218e+00 1.183163404465e+00 8.411101102829e-01 9.967104792595e-01 1.049261212349e+00 1.432519793510e+00 1.341563582420e+00 2.214200258255e+00 2.391492605209e+00 2.573610067368e+00 3.000159502029e+00 3.389781236649e+00 3.699298858643e+00 3.852084159851e+00 3.935599327087e+00 4.240068912506e+00 4.306767463684e+00 4.530324935913e+00 4.811928749084e+00 3.996751308441e+00 3.429531812668e+00 4.824062347412e+00 5.798011779785e+00 8.916250228882e+00 1.067572116852e+01 9.869816780090e+00 9.383494377136e+00 9.748669624329e+00 8.097193717957e+00
6.201941370964e-01 1.302861332893e+00 1.484891891479e+00 1.650804638863e+00 1.861992478371e+00 1.904596686363e+00 1.751349449158e+00 1.418567419052e+00 1.337670087814e+00 1.595794796944e+00 1.872151613235e+00 1.776530981064e+00 1.344971060753e+00 8.778038024902e-01 9.418624043465e-01 5.441343784332e-01 3.165600001812e-01 3.495215177536e-01 4.663681089878e-01 5.621139407158e-01 1.673606514931e+00 2.942718744278e+00 2.513912677765e+00 3.169429540634e+00 3.049876213074e+00 3.759494304657e+00 3.879888057709e+00 3.672396898270e+00 3.423783540726e+00 3.904784917831e+00 4.159057617188e+00 5.373562812805e+00 6.871127128601e+00 7.486376285553e+00 6.395723342896e+00 5.427039623260e+00 6.014231204987e+00 4.292358398438e+00 6.538825511932e+00 6.662956237793e+00 1.041081714630e+01 9.812283515930e+00 1.056175041199e+01
1.669283658266e-01 3.355006575584e-01 3.541759848595e-01 3.819015026093e-01 5.310397744179e-01 7.422244548798e-01 9.757653474808e-01 1.048743605614e+00 1.014824151993e+00 9.363173842430e-01 9.576000571251e-01 1.216996312141e+00 1.215152978897e+00 9.886690974236e-01 6.388360261917e-01 4.980115890503e-01 2.557885646820e-01 2.175106704235e-01 2.423448711634e-01 5.192116498947e-01 1.156844377518e+00 2.456294059753e+00 6.129322528839e+00 5.765146732330e+00 5.178521156311e+00 4.862366676331e+00 4.685377120972e+00 4.554615020752e+00 4.842202663422e+00 5.593532562256e+00 6.239955425262e+00 7.064142227173e+00 1.218694114685e+01 6.783101558685e+00 1.530115604401e+01 1.043201637268e+01 8.322790145874e+00 8.954941749573e+00 1.108929061890e+01 1.288373851776e+01 1.363010692596e+01 1.279423999786e+01 1.288058185577e+01
1.512465924025e-01 2.921895980835e-01 3.182022571564e-01 3.188016116619e-01 5.358415246010e-01 7.940067052841e-01 8.275282382965e-01 6.749461293221e-01 4.980857968330e-01 4.060061573982e-01 5.157043933868e-01 6.400899887085e-01 6.125837564468e-01 4.919827282429e-01 3.619308769703e-01 2.561568021774e-01 1.850245743990e-01 1.359300911427e-01 1.410134732723e-01 4.604799151421e-01 1.474308967590e+00 2.548149824142e+00 2.509022235870e+00 5.300309181213e+00 1.279781436920e+01 6.483218669891e+00 4.040400505066e+00 3.658824443817e+00 3.807006120682e+00 4.152518272400e+00 7.129443645477e+00 1.028480911255e+01 5.444090366364e+00 8.112134933472e+00 1.466182899475e+01 2.677492904663e+01 1.095022106171e+01 8.658965110779e+00 7.693276405334e+00 8.462948799133e+00 7.244611263275e+00 1.354770088196e+01 1.575999069214e+01
7.845535874367e-02 1.629782617092e-01 1.954067945480e-01 2.169191092253e-01 2.851904034615e-01 4.585762321949e-01 5.254397988319e-01 4.552730023861e-01 3.522527217865e-01 2.638471126556e-01 2.177222967148e-01 2.078627645969e-01 1.657778620720e-01 1.464650630951e-01 1.746962517500e-01 1.330667585135e-01 1.231682673097e-01 1.035942137241e-01 1.207998991013e-01 1.835791617632e-01 3.149929642677e-01 8.502088785172e-01 8.906240463257e-01 1.214381337166e+00 4.656385898590e+00 4.927456378937e+00 1.837185025215e+00 1.009038448334e+00 1.057007551193e+00 3.391156435013e+00 4.491767883301e+00 4.864562988281e+00 5.075659275055e+00 4.167748928070e+00 6.125123500824e+00 1.767891693115e+01 9.476333618164e+00 5.760725975037e+00 4.021288871765e+00 3.633175849915e+00 3.417682170868e+00 8.956254959106e+00 1.243269062042e+01
3.500686958432e-02 6.986740231514e-02 7.267052680254e-02 7.993733882904e-02 1.009949445724e-01 1.278903484344e-01 1.521770507097e-01 1.656083762646e-01 1.602524816990e-01 1.358237117529e-01 1.156754493713e-01 1.329966485500e-01 1.372760683298e-01 1.268809884787e-01 1.293821781874e-01 1.478760987520e-01 1.122834533453e-01 8.960249274969e-02 1.007474437356e-01 1.498786807060e-01 1.712359786034e-01 3.131193220615e-01 5.446677207947e-01 1.188076257706e+00 2.884443044662e+00 1.799928545952e+00 1.114515304565e+00 8.840212821960e-01 8.465840816498e-01 2.734341621399e-01 2.395649999380e-01 2.602095305920e-01 4.063768088818e-01 8.841481804848e-01 2.051194906235e+00 3.483843231201e+01 6.639097595215e+01 8.851949691772e+00 6.032120704651e+00 3.107186079025e+00 2.190048217773e+00 2.369240045547e+00 4.588827610016e+00
2.814784459770e-02 5.117434635758e-02 5.690444633365e-02 5.692793428898e-02 5.718650668859e-02 7.366082817316e-02 9.672141820192e-02 1.190400943160e-01 1.323326975107e-01 1.296250075102e-01 1.089242622256e-01 1.000267192721e-01 1.086403429508e-01 1.050516664982e-01 9.340603649616e-02 1.147938072681e-01 1.333308219910e-01 1.060483902693e-01 8.182268589735e-02 2.371351271868e-01 3.014764785767e-01 2.310097217560e-01 3.066836595535e-01 5.368109345436e-01 1.017712950706e+00 1.010156059265e+01 2.186285018921e+00 1.945730566978e+00 8.223500847816e-01 1.621554791927e-01 1.418878734112e-01 1.486140191555e-01 1.728726625443e-01 2.129353284836e-01 2.872889935970e-01 1.536064267159e+00 1.070798778534e+01 2.750349998474e+01 7.030404567719e+00 3.936577320099e+00 1.133924841881e+00 7.302412986755e-01 8.046132922173e-01
2.620419487357e-02 6.239544600248e-02 8.437208086252e-02 9.737527370453e-02 1.014078259468e-01 9.356515109539e-02 8.317253738642e-02 7.594295591116e-02 9.489436447620e-02 1.088319644332e-01 1.085306853056e-01 9.393372386694e-02 8.111616224051e-02 1.010297238827e-01 1.055108681321e-01 9.429325163364e-02 1.100166216493e-01 1.420250833035e-01 1.121087893844e-01 2.373496592045e-01 2.504225075245e-01 2.142882049084e-01 2.387459725142e-01 2.588628530502e-01 5.907145142555e-01 2.031405210495e+00 2.126229047775e+00 5.450385212898e-01 2.536976635456e-01 1.570577323437e-01 1.177162155509e-01 1.005162447691e-01 9.916581958532e-02 1.243522912264e-01 1.613852679729e-01 5.480609536171e-01 2.805471420288e+00 9.901273727417e+00 1.198265266418e+01 1.853956222534e+00 7.925081253052e-01 5.144908428192e-01 4.865566492081e-01
3.968533501029e-02 9.343074262142e-02 1.194139048457e-01 1.342727541924e-01 1.379398554564e-01 1.318018734455e-01 1.237089261413e-01 1.112633049488e-01 9.597914665937e-02 7.842064648867e-02 8.716155588627e-02 9.158682078123e-02 8.774213492870e-02 1.024972349405e-01 1.175906583667e-01 1.110998690128e-01 9.387192875147e-02 1.491417735815e-01 1.597849577665e-01 4.185252189636e-01 2.682268917561e-01 1.931846886873e-01 1.306296736002e-01 1.352768689394e-01 2.544298470020e-01 1.811866760254e+00 2.594964504242e+00 4.935895800591e-01 3.239576220512e-01 1.644167304039e-01 1.018778309226e-01 7.029470056295e-02 6.251012533903e-02 6.591534614563e-02 1.012270897627e-01 1.679249554873e-01 1.135259866714e+00 3.508581399918e+00 9.309896469116e+00 4.505095005035e+00 2.145453691483e+00 4.301716387272e-01 3.630337417126e-01
2.719240449369e-02 5.919089168310e-02 7.382954657078e-02 8.102060854435e-02 7.856980711222e-02 7.891850918531e-02 8.826946467161e-02 9.866879135370e-02 1.084444671869e-01 1.085901707411e-01 9.350894391537e-02 7.060116529465e-02 8.317851275206e-02 9.115895628929e-02 9.123249351978e-02 9.164451062679e-02 9.595059603453e-02 1.572270542383e-01 2.171702831984e-01 3.620483875275e-01 2.778256237507e-01 2.182368785143e-01 1.072868406773e-01 1.075553745031e-01 2.162467539310e-01 6.562944054604e-01 5.749884843826e-01 3.826868534088e-01 3.033030927181e-01 1.682662665844e-01 9.356603026390e-02 7.676024734974e-02 6.771019101143e-02 6.617638468742e-02 8.467021584511e-02 1.432932615280e-01 3.005674183369e-01 1.509296536446e+00 1.775511145592e+00 1.080725550652e+00 6.481109857559e-01 3.279048502445e-01 2.967883646488e-01
2.555294893682e-02 4.640828073025e-02 6.887000799179e-02 8.791723847389e-02 1.048707962036e-01 1.239099875093e-01 1.448103338480e-01 1.674109697342e-01 1.883023530245e-01 1.942783147097e-01 1.736928522587e-01 1.290524154902e-01 8.310188353062e-02 8.635041117668e-02 1.063420996070e-01 1.155278459191e-01 1.439160704613e-01 1.667362153530e-01 1.958335191011e-01 3.423632979393e-01 2.430091202259e-01 1.618793904781e-01 8.575202524662e-02 8.362209051847e-02 1.565061211586e-01 1.815764605999e-01 1.747554540634e+00 2.620478570461e-01 2.477814406157e-01 1.487521827221e-01 8.658653497696e-02 6.916126608849e-02 6.600284576416e-02 6.971412897110e-02 8.976169675589e-02 1.221012175083e-01 2.032828330994e-01 2.505074143410e-01 5.265988111496e-01 6.996201276779e-01 4.373442530632e-01 2.622865438461e-01 3.370172381401e-01
2.538950368762e-02 4.593166708946e-02 6.318423897028e-02 7.809141278267e-02 9.313041716814e-02 1.114968508482e-01 1.309007108212e-01 1.504817306995e-01 1.687988042831e-01 1.787135452032e-01 1.694009900093e-01 1.833295673132e-01 1.912155747414e-01 1.918679326773e-01 1.830261349678e-01 1.659771800041e-01 1.975637376308e-01 1.437299996614e-01 1.945322304964e-01 6.192197203636e-01 2.273557037115e-01 1.138754934072e-01 8.042280375957e-02 6.735958904028e-02 9.315291047096e-02 2.007753998041e-01 7.282352447510e-01 2.036483734846e-01 2.628316879272e-01 1.110554039478e-01 8.184379339218e-02 6.248627603054e-02 6.329015642405e-02 7.195191085339e-02 9.503770619631e-02 1.129977107048e-01 1.257965862751e-01 2.026641517878e-01 4.443673193455e-01 5.199333429337e-01 3.227158784866e-01 2.395020276308e-01 3.132155239582e-01
