100/SI/f6_max.grd
DSAA
101	101
32.816463539100	34.260883539100
35.556306596100	36.727886596100
8.250092505477e-04	2.918355369568e+01
[rows 57 to 75 of 101, columns 0 to 42 of 101]
1.372889615595e-02 2.415411919355e-02 3.203823789954e-02 3.549288585782e-02 2.995699085295e-02 4.037734121084e-02 4.561337828636e-02 5.054786801338e-02 5.568547546864e-02 5.980273336172e-02 6.086304783821e-02 5.961097031832e-02 6.088371574879e-02 6.103486195207e-02 7.279668003321e-02 1.076592728496e-01 6.371677666903e-02 5.287676677108e-02 5.615052208304e-02 9.311554580927e-02 1.170927062631e-01 1.986623257399e-01 1.457648575306e-01 9.505670517683e-02 8.104924857616e-02 7.522846013308e-02 1.164481639862e-01 2.225083559752e-01 2.306843847036e-01 1.344428062439e-01 1.081823930144e-01 6.742455810308e-02 5.427094921470e-02 6.299267709255e-02 7.475934177637e-02 9.641806781292e-02 1.116534695029e-01 1.184316873550e-01 1.437170654535e-01 2.149620652199e-01 2.892852127552e-01 3.483886718750e-01 3.845541775227e-01
1.752451434731e-02 3.899145126343e-02 5.113881826401e-02 3.137870877981e-02 2.879597432911e-02 2.575827948749e-02 2.722749300301e-02 3.205800801516e-02 3.572034463286e-02 3.759485855699e-02 9.390763193369e-02 1.114733517170e-01 4.223833233118e-02 2.514058724046e-02 3.561383113265e-02 6.998505443335e-02 4.457927867770e-02 3.827188909054e-02 4.485575109720e-02 8.381607383490e-02 1.292120814323e-01 1.615446358919e-01 1.163053363562e-01 6.762971729040e-02 5.080898851156e-02 6.813082844019e-02 1.096076071262e-01 2.823033034801e-01 2.374339103699e-01 1.476244181395e-01 1.089046448469e-01 9.396764636040e-02 5.625946074724e-02 6.277372688055e-02 6.808107346296e-02 7.550414651632e-02 8.249706029892e-02 8.779482543468e-02 1.234742626548e-01 2.878429591656e-01 3.905529081821e-01 4.485581517220e-01 4.925969541073e-01
1.275717001408e-02 3.579400479794e-02 4.726186394691e-02 3.069857321680e-02 3.774946555495e-02 4.875579103827e-02 6.499437987804e-02 9.611272811890e-02 1.797115504742e-01 2.599765360355e-01 7.333274930716e-02 4.635614901781e-02 2.486287057400e-02 2.512658946216e-02 3.178033977747e-02 3.343836218119e-02 3.840798139572e-02 3.722720965743e-02 4.853697121143e-02 7.509988546371e-02 1.237632334232e-01 1.396370828152e-01 1.001094207168e-01 5.928546190262e-02 8.511260151863e-03 4.769736528397e-02 8.422185480595e-02 2.215043455362e-01 1.969742178917e-01 1.218431591988e-01 9.415537863970e-02 5.115665122867e-02 5.345053598285e-02 5.650624260306e-02 6.651977449656e-02 7.011928409338e-02 7.065898180008e-02 7.081844657660e-02 1.273161321878e-01 3.180825710297e-01 4.116582572460e-01 4.189433455467e-01 4.579320847988e-01
1.406463328749e-02 2.485269866884e-02 6.268249452114e-02 5.199087411165e-02 5.994767695665e-02 8.061584830284e-02 1.191279441118e-01 1.813853681087e-01 1.866723746061e-01 8.820676058531e-02 2.740498073399e-02 2.155073545873e-02 2.695259638131e-02 3.470560908318e-02 3.956412151456e-02 3.425517305732e-02 4.078928008676e-02 3.866959735751e-02 7.206407189369e-02 9.593863040209e-02 8.956160396338e-02 9.929415583611e-02 7.450933009386e-02 2.143354341388e-02 6.776434369385e-03 4.174345359206e-02 5.614419281483e-02 9.702762961388e-02 9.147053211927e-02 5.290148407221e-02 4.910494387150e-02 4.728703945875e-02 5.241014063358e-02 5.305173620582e-02 6.381750106812e-02 6.660086661577e-02 6.270876526833e-02 6.147619336843e-02 1.245054453611e-01 3.134156167507e-01 3.788302838802e-01 3.340183496475e-01 3.617102205753e-01
6.591109558940e-03 1.121265441179e-02 2.995290420949e-02 3.698942065239e-02 4.018976166844e-02 2.057115174830e-02 1.988759450614e-02 1.950715854764e-02 1.909454353154e-02 1.851629093289e-02 1.768148504198e-02 2.195444889367e-02 2.902900055051e-02 3.714552894235e-02 4.153977707028e-02 4.303197190166e-02 4.101504385471e-02 3.614994511008e-02 5.867401510477e-02 8.131319284439e-02 9.347242116928e-02 1.142720319331e-02 4.730723332614e-03 3.175973892212e-02 2.857534401119e-02 3.086173161864e-02 3.628671914339e-02 4.219291731715e-02 4.642953351140e-02 4.691797122359e-02 4.544432088733e-02 4.379754140973e-02 4.563422128558e-02 5.533971637487e-02 6.628518551588e-02 6.543771922588e-02 5.723852664232e-02 5.587496981025e-02 1.191052645445e-01 2.760452330112e-01 3.161114156246e-01 2.531583905220e-01 2.819839417934e-01
5.938441958278e-03 1.005214359611e-02 1.379322260618e-02 1.952294632792e-02 2.846024557948e-02 3.441634401679e-02 1.874997094274e-02 1.859947107732e-02 1.827037148178e-02 1.775520667434e-02 1.163330674171e-02 1.624611020088e-02 1.818185299635e-02 2.405721135437e-02 2.811438590288e-02 2.937146276236e-02 2.651088871062e-02 2.348327822983e-02 3.468634188175e-02 4.210508614779e-02 2.818269282579e-02 2.587154321373e-02 1.731734164059e-02 2.153958007693e-02 2.531662583351e-02 2.675933204591e-02 2.867505513132e-02 3.473649546504e-02 3.924455866218e-02 4.120460525155e-02 4.138667136431e-02 4.123976826668e-02 4.533656314015e-02 6.088170409203e-02 7.111870497465e-02 6.546548753977e-02 5.545578896999e-02 5.757670849562e-02 1.018364876509e-01 2.058115601540e-01 2.335327267647e-01 1.968843340874e-01 2.405210435390e-01
6.009030621499e-03 1.002649124712e-02 1.341932453215e-02 1.562310103327e-02 1.683510653675e-02 2.002631872892e-02 1.787622831762e-02 1.777773909271e-02 1.736297830939e-02 4.206904210150e-03 4.459686111659e-03 8.871032856405e-03 5.964150186628e-03 1.447433978319e-02 1.426949352026e-02 1.414035353810e-02 1.499871257693e-02 1.698958873749e-02 1.858947426081e-02 2.170925959945e-02 2.283037640154e-02 2.131002396345e-02 1.001771818846e-02 5.474790930748e-03 4.703223705292e-02 2.937153354287e-02 2.950985729694e-02 2.897681482136e-02 3.148299455643e-02 3.466903790832e-02 3.678869456053e-02 3.844935819507e-02 4.588759690523e-02 6.413677334785e-02 7.122901082039e-02 6.060278043151e-02 5.588399246335e-02 5.754414200783e-02 8.427737653255e-02 1.381866782904e-01 1.591253578663e-01 1.532536745071e-01 2.096355259418e-01
6.212519947439e-03 1.014511846006e-02 1.319515332580e-02 1.486378628761e-02 1.233277376741e-02 3.359098685905e-03 1.627492904663e-02 1.653311029077e-02 1.485064253211e-02 4.247711971402e-03 6.887364666909e-03 7.699465844780e-03 6.427699234337e-03 6.946166045964e-03 1.310100778937e-02 1.357317622751e-02 1.477531995624e-02 1.619890145957e-02 1.721863448620e-02 1.795487292111e-02 2.198908478022e-02 2.119702473283e-02 8.179853670299e-03 5.777718033642e-03 4.034157469869e-02 2.414536848664e-02 3.141308575869e-02 3.080926463008e-02 3.067981638014e-02 3.168797865510e-02 2.281322889030e-02 3.870974481106e-02 4.553077742457e-02 6.257747858763e-02 6.493416428566e-02 5.191111192107e-02 5.379231274128e-02 5.776191875339e-02 8.822719752789e-02 9.715969860554e-02 1.032060980797e-01 1.099883392453e-01 1.765612065792e-01
6.112299393862e-03 9.792391210794e-03 1.245262008160e-02 1.372258830816e-02 6.228294223547e-03 2.041757339612e-03 5.783691536635e-03 1.485695317388e-02 1.612786017358e-02 4.464040044695e-03 2.508176863194e-02 2.573399059474e-02 1.238829270005e-02 9.003718383610e-03 1.357925776392e-02 1.422267034650e-02 1.499890815467e-02 1.569480635226e-02 1.625208556652e-02 1.489579677582e-02 2.012522704899e-02 2.082070708275e-02 9.737316519022e-03 6.821081507951e-03 1.624323241413e-02 4.575407598168e-03 3.022082522511e-02 2.945245988667e-02 2.874792553484e-02 2.907114103436e-02 3.121891617775e-02 3.587454184890e-02 4.263173788786e-02 5.604635924101e-02 5.478228256106e-02 4.433478787541e-02 4.921875894070e-02 5.758542940021e-02 7.861209660769e-02 8.397835493088e-02 8.454650640488e-02 5.595025420189e-02 1.188802719116e-01
5.706679541618e-03 9.057055227458e-03 1.138825807720e-02 1.245167013258e-02 1.292698457837e-02 1.329974643886e-02 1.341878436506e-02 1.365490071476e-02 1.804234459996e-02 2.541182376444e-02 2.418599463999e-02 2.416545152664e-02 2.599231526256e-02 1.353061106056e-02 1.404158957303e-02 1.455468870699e-02 1.496270112693e-02 1.510666310787e-02 1.535729411989e-02 1.631646044552e-02 1.761554367840e-02 2.001758106053e-02 1.891092956066e-02 1.318919844925e-02 2.144842036068e-02 2.219214104116e-02 2.699901536107e-02 2.609390579164e-02 2.476191520691e-02 2.461432851851e-02 2.840910665691e-02 3.202835842967e-02 9.993311949074e-03 3.338759392500e-02 4.458155483007e-02 4.085260629654e-02 5.023207142949e-02 5.707100778818e-02 7.119812071323e-02 7.367452979088e-02 3.793022781610e-02 2.543054521084e-02 6.483478844166e-02
5.241831764579e-03 8.301679976285e-03 1.041808910668e-02 1.142231281847e-02 1.186918932945e-02 1.210412476212e-02 1.210638321936e-02 2.147583849728e-02 2.379168570042e-02 2.266488038003e-02 1.178674958646e-02 1.197785418481e-02 1.959652453661e-02 1.330910343677e-02 1.382330246270e-02 1.151245180517e-02 1.432594656944e-02 1.469331048429e-02 1.497119944543e-02 1.501822564751e-02 1.525322534144e-02 1.835903339088e-02 1.868787221611e-02 1.711480878294e-02 2.048738487065e-02 2.292626537383e-02 2.360096760094e-02 2.267158217728e-02 2.094404771924e-02 2.454789355397e-02 2.816424332559e-02 3.033596090972e-02 1.168897841126e-02 3.045251779258e-02 3.522633388638e-02 3.691498190165e-02 4.344493150711e-02 4.838341847062e-02 5.080606043339e-02 5.242007225752e-02 2.025793492794e-02 4.136792570353e-02 4.981219768524e-02
4.849105142057e-03 7.689247373492e-03 9.685647673905e-03 1.068058237433e-02 1.108026411384e-02 1.117279473692e-02 1.956731453538e-02 2.203148044646e-02 2.215375564992e-02 1.263107638806e-02 1.132862176746e-02 1.134824194014e-02 1.171630527824e-02 1.235673297197e-02 1.329523231834e-02 9.612605907023e-03 1.091090869159e-02 1.520609389991e-02 1.651744358242e-02 1.602421700954e-02 1.470098923892e-02 1.579837314785e-02 1.696930080652e-02 1.617622002959e-02 1.829288713634e-02 2.019136026502e-02 2.071887999773e-02 1.982850581408e-02 2.089008875191e-02 2.479855343699e-02 2.739829383790e-02 2.907987497747e-02 2.630118094385e-02 2.903062291443e-02 2.793274074793e-02 3.183502331376e-02 3.457170352340e-02 3.490223735571e-02 3.407471254468e-02 3.397959098220e-02 3.060920163989e-02 3.506322950125e-02 4.317291080952e-02
4.563232883811e-03 7.253025192767e-03 9.168072603643e-03 1.011057198048e-02 6.071291398257e-03 1.040654256940e-02 1.031753327698e-02 1.961924135685e-02 1.304080896080e-02 1.074011903256e-02 1.085987780243e-02 1.081192772835e-02 1.057561673224e-02 8.891604840755e-03 1.227467693388e-02 1.020244788378e-02 1.131369266659e-02 1.274082250893e-02 1.743627712131e-02 1.778071187437e-02 1.720111817122e-02 1.606452092528e-02 9.624662809074e-03 1.587381586432e-02 1.651882007718e-02 1.793101429939e-02 1.827735640109e-02 1.744996756315e-02 2.112168818712e-02 2.419908158481e-02 2.627738565207e-02 2.783823385835e-02 2.211935445666e-02 2.231459133327e-02 1.654586754739e-02 9.980648756027e-03 3.301452100277e-02 3.389770537615e-02 3.277773410082e-02 2.965620905161e-02 2.524708211422e-02 2.178850211203e-02 1.921916007996e-02
4.443394485861e-03 7.047730963677e-03 8.874169550836e-03 9.709285572171e-03 8.214542642236e-03 9.841819293797e-03 9.774177335203e-03 1.598745770752e-02 1.451623253524e-02 1.031401846558e-02 1.053651049733e-02 1.094460766762e-02 1.126148644835e-02 8.283339440823e-03 9.521574713290e-03 1.037274301052e-02 1.144471485168e-02 1.622844673693e-02 1.799928583205e-02 1.904578879476e-02 1.912788115442e-02 8.569573983550e-03 1.033291593194e-02 1.664844900370e-02 1.610388234258e-02 1.592001691461e-02 1.607067137957e-02 1.768441684544e-02 2.080223336816e-02 2.330479957163e-02 2.523086778820e-02 2.697785757482e-02 1.169642806053e-02 2.122707851231e-02 1.602858118713e-02 2.255315706134e-02 3.318627551198e-02 3.475017473102e-02 3.331338241696e-02 2.920102886856e-02 2.718825824559e-02 1.237428095192e-02 7.331417873502e-03
1.289515290409e-03 6.686898879707e-03 8.836121298373e-03 9.571146219969e-03 9.681305848062e-03 9.570293128490e-03 1.041175052524e-02 1.223097182810e-02 1.082365866750e-02 1.315446011722e-02 1.370331272483e-02 1.417342294008e-02 1.355055905879e-02 1.117934379727e-02 1.346706785262e-02 1.385697070509e-02 1.464163605124e-02 1.671405322850e-02 1.870444789529e-02 2.011529169977e-02 2.050395682454e-02 1.882752776146e-02 1.924103684723e-02 1.821038685739e-02 1.738549768925e-02 1.661730930209e-02 1.541496254504e-02 1.772585138679e-02 2.029413171113e-02 2.248962037265e-02 2.358058281243e-02 6.089558359236e-03 1.055986713618e-02 1.995726488531e-02 2.660429477692e-02 2.981734089553e-02 3.371048346162e-02 3.609300777316e-02 3.447088971734e-02 2.987458184361e-02 2.767999097705e-02 2.365166693926e-02 2.570523880422e-02
2.570569748059e-03 2.527134492993e-03 8.924155496061e-03 9.598564356565e-03 9.660259820521e-03 8.383155800402e-03 1.065309718251e-02 1.120082568377e-02 1.256143394858e-02 1.314727216959e-02 1.359373703599e-02 1.397778932005e-02 1.322475727648e-02 1.065332535654e-02 1.177992485464e-02 1.251401007175e-02 1.476690173149e-02 1.710464060307e-02 1.896569877863e-02 2.014704234898e-02 2.037914656103e-02 1.451480854303e-02 1.868710480630e-02 1.741664856672e-02 1.622986420989e-02 1.507503539324e-02 1.530154701322e-02 1.763789728284e-02 1.984998397529e-02 2.184938825667e-02 1.332045532763e-02 5.678891669959e-03 2.410266734660e-02 2.330304868519e-02 1.536985207349e-02 2.930751070380e-02 3.381179645658e-02 3.079721704125e-02 3.515593335032e-02 2.906567789614e-02 2.494388073683e-02 2.158311009407e-02 2.320773527026e-02
4.305903334171e-03 6.544042844325e-03 8.728514425457e-03 9.352085180581e-03 9.404502809048e-03 6.130928639323e-03 9.321024641395e-03 1.020241994411e-02 1.084759831429e-02 1.128815207630e-02 1.159976795316e-02 1.185441855341e-02 1.192037109286e-02 1.161817554384e-02 1.163472142071e-02 7.767917122692e-03 1.395746227354e-02 1.631889492273e-02 1.766030490398e-02 1.817540079355e-02 2.068765088916e-02 2.342427149415e-02 2.187292650342e-02 1.615704782307e-02 1.349160820246e-02 1.333857048303e-02 1.542136073112e-02 1.744689419866e-02 1.940346695483e-02 2.120104432106e-02 2.169357053936e-02 2.132027968764e-02 2.285084500909e-02 2.227249555290e-02 2.265859954059e-02 2.809319086373e-02 3.308543190360e-02 3.545288741589e-02 3.543952479959e-02 2.902108989656e-02 2.316113188863e-02 2.124598994851e-02 2.414947561920e-02
4.186852369457e-03 6.515846122056e-03 7.979483343661e-03 8.527132682502e-03 8.920052088797e-03 5.985640455037e-03 7.894145324826e-03 9.869808331132e-03 1.045979373157e-02 1.084035541862e-02 1.010627299547e-02 1.001173350960e-02 7.147667463869e-03 1.120864693075e-02 9.905160404742e-03 6.829013582319e-03 1.269103400409e-02 1.471349503845e-02 1.547680981457e-02 1.753122173250e-02 2.118537388742e-02 2.339992485940e-02 2.201766520739e-02 1.687858812511e-02 1.261099148542e-02 1.351456250995e-02 1.526263542473e-02 1.706722192466e-02 1.881422847509e-02 2.035771124065e-02 2.144959568977e-02 2.150394953787e-02 2.020594850183e-02 2.136585116386e-02 2.323425747454e-02 2.565385773778e-02 3.116815537214e-02 3.585197404027e-02 3.565476462245e-02 3.285720571876e-02 1.669100299478e-02 2.760187722743e-02 3.137697651982e-02
3.680790076032e-03 5.697431042790e-03 7.363083772361e-03 8.957326412201e-03 6.635474506766e-03 8.686343207955e-03 8.751994930208e-03 1.091388612986e-02 1.155388727784e-02 1.194047462195e-02 1.107377000153e-02 9.179716929793e-03 7.764447014779e-03 1.185585837811e-02 7.558564655483e-03 9.892612695694e-03 1.162986364216e-02 1.342348847538e-02 1.396737154573e-02 1.274168957025e-02 1.334280055016e-02 1.399440597743e-02 1.491573825479e-02 1.304891426116e-02 1.329973991960e-02 1.395426504314e-02 1.491568796337e-02 1.657853834331e-02 1.811528205872e-02 1.928982697427e-02 1.972553879023e-02 1.900073699653e-02 1.803074777126e-02 2.018158510327e-02 2.113353088498e-02 2.266336604953e-02 2.850993908942e-02 3.461693599820e-02 4.161006584764e-02 3.882403299212e-02 3.541644662619e-02 3.552634641528e-02 5.563480779529e-02
