100/SI/f6_max.grd
DSAA
101	101
32.816463539100	34.260883539100
35.556306596100	36.727886596100
8.250092505477e-04	2.918355369568e+01
[rows 76 to 94 of 101, columns 43 to 85 of 101]
6.044125184417e-02 8.322279900312e-02 1.321461051702e-01 3.689170479774e-01 2.353531420231e-01 4.460777342319e-01 4.362211525440e-01 1.141821891069e-01 9.770967811346e-02 2.072403132915e-01 5.163660049438e-01 1.111399769783e+00 7.873307466507e-01 3.179964125156e-01 1.642641574144e-01 2.748493850231e-01 2.823074460030e-01 1.412604898214e-01 1.300683766603e-01 5.982160568237e-02 6.056502461433e-01 1.392149925232e+00 3.332648277283e-01 2.255765497684e-01 1.782665252686e-01 1.196623966098e-01 6.389066576958e-02 6.194543838501e-02 7.334175705910e-02 4.980898275971e-02 4.279340431094e-02 4.477691277862e-02 4.527091234922e-02 5.457861721516e-02 6.944733858109e-02 6.206664815545e-02 7.696066796780e-02 1.075385808945e-01 9.298504889011e-02 4.084072634578e-02 4.370247572660e-02 6.193719804287e-02 7.535775005817e-02
1.439837664366e-01 1.614984720945e-01 2.048255205154e-01 2.730323076248e-01 3.971407711506e-01 4.163028001785e-01 1.590286940336e-01 1.212984547019e-01 1.086882054806e-01 7.467606663704e-01 7.684129476547e-01 5.074207186699e-01 4.094951450825e-01 2.238636910915e-01 2.409649789333e-01 3.238645493984e-01 8.924464136362e-02 4.770572483540e-02 5.327382683754e-02 3.985222801566e-02 5.710292980075e-02 6.745580583811e-02 1.041003838181e-01 1.137391477823e-01 1.033477857709e-01 6.354455649853e-02 3.516260907054e-02 3.502574190497e-02 7.687132805586e-02 5.215218663216e-02 4.498776793480e-02 6.264569610357e-02 7.183518260717e-02 6.382733583450e-02 4.905669018626e-02 4.848786443472e-02 5.192925781012e-02 6.741864234209e-02 9.207205474377e-02 9.499394148588e-02 6.156015768647e-02 4.734363779426e-02 6.022216007113e-02
1.129525303841e-01 3.102743625641e-01 2.923684120178e-01 1.799587458372e-01 1.918134987354e-01 4.255204200745e-01 2.076236009598e-01 1.973871141672e-01 1.596658080816e-01 1.095480769873e-01 1.967217326164e-01 3.113453984261e-01 2.062529772520e-01 3.247623443604e-01 3.139486014843e-01 1.057560518384e-01 3.979174047709e-02 3.967407345772e-02 3.993872180581e-02 4.941365122795e-02 3.786666318774e-02 3.484838828444e-02 3.953331708908e-02 4.878424108028e-02 4.423444718122e-02 3.873450309038e-02 3.215141221881e-02 3.340585529804e-02 6.081282719970e-02 7.564017176628e-02 6.001387163997e-02 7.724932581186e-02 8.349258452654e-02 7.346065342426e-02 5.549878254533e-02 3.752047568560e-02 3.360240533948e-02 4.433766007423e-02 5.788183957338e-02 7.354353368282e-02 8.817216753960e-02 7.853746414185e-02 4.982117190957e-02
1.808259934187e-01 2.289540320635e-01 1.467395722866e-01 2.017640918493e-01 4.152420461178e-01 3.255101740360e-01 1.152618452907e-01 7.621110230684e-02 6.722027808428e-02 2.851975560188e-01 3.485934436321e-01 3.273107111454e-01 2.974610328674e-01 1.799272596836e-01 5.773890018463e-02 4.107598587871e-02 2.746721543372e-02 1.799576357007e-02 1.838845200837e-02 2.246851474047e-02 3.069460578263e-02 3.053684718907e-02 2.128452807665e-02 2.799874171615e-02 2.701708115637e-02 2.757205255330e-02 2.665756270289e-02 2.706825733185e-02 4.134442657232e-02 8.635548502207e-02 5.415233597159e-02 7.499171048403e-02 9.012398123741e-02 8.292071521282e-02 6.611265987158e-02 4.755162447691e-02 3.536335751414e-02 2.710760943592e-02 3.689352050424e-02 4.476031661034e-02 6.099968776107e-02 6.950625777245e-02 7.725789397955e-02
8.498699218035e-02 1.840462535620e-01 3.009948432446e-01 4.159923195839e-01 3.943868279457e-01 2.913520634174e-01 4.893927872181e-01 4.990009963512e-01 4.971937537193e-01 4.095260202885e-01 4.462229609489e-01 4.783890768886e-02 1.062800213695e-01 5.098444595933e-02 2.925859019160e-02 9.352296590805e-03 2.070378139615e-02 7.759881671518e-03 1.112490613014e-02 1.521475426853e-02 1.734684780240e-02 1.245215069503e-02 4.538632929325e-03 1.600308157504e-02 1.852661930025e-02 2.014575898647e-02 1.824612542987e-02 1.670511811972e-02 2.841871045530e-02 7.906921207905e-02 6.371386349201e-02 6.232854351401e-02 8.551363646984e-02 8.739519119263e-02 7.745572924614e-02 6.332702934742e-02 5.344098806381e-02 4.304647445679e-02 3.405400365591e-02 2.833135239780e-02 3.279370442033e-02 4.301019757986e-02 4.925557598472e-02
1.471623778343e-01 3.586772084236e-01 8.226530551910e-01 7.648373246193e-01 4.933783710003e-01 4.323289394379e-01 6.336139440536e-01 6.877893805504e-01 6.686666011810e-01 3.787202537060e-01 1.207245960832e-01 2.759126573801e-02 4.585791751742e-02 2.965540066361e-02 5.130658857524e-03 4.358021076769e-03 1.227602176368e-02 1.459250878543e-02 1.483798306435e-02 9.631912223995e-03 1.699201948941e-02 9.962723590434e-03 4.996682051569e-03 1.555267907679e-02 1.854847371578e-02 2.157814800739e-02 2.358064614236e-02 2.291861735284e-02 2.096585743129e-02 6.129607930779e-02 8.290785551071e-02 4.442705586553e-02 6.877009570599e-02 8.035352081060e-02 8.441758900881e-02 8.329457789660e-02 7.750011235476e-02 6.316184252501e-02 4.465734958649e-02 2.909692935646e-02 1.922589540482e-02 2.246336825192e-02 3.139248490334e-02
3.164778351784e-01 8.483318686485e-01 1.078434348106e+00 8.187385797501e-01 3.997018635273e-01 3.197528719902e-01 3.958711028099e-01 5.234546065331e-01 4.058300852776e-01 1.949673295021e-01 7.675410807133e-02 4.622925445437e-02 2.956627681851e-02 1.967693679035e-02 1.403259299695e-02 7.859068922698e-03 9.945030324161e-03 1.039208471775e-02 1.099122315645e-02 1.248273719102e-02 1.357043813914e-02 1.238768361509e-02 1.346571184695e-02 1.352775283158e-02 1.695109345019e-02 2.075611613691e-02 2.353124693036e-02 2.346928603947e-02 1.909711584449e-02 4.429489746690e-02 8.884654194117e-02 4.831494390965e-02 4.354361444712e-02 6.286775320768e-02 8.306568861008e-02 9.886301308870e-02 9.238180518150e-02 7.352826744318e-02 5.041998624802e-02 3.170839697123e-02 2.056176587939e-02 2.340952306986e-02 2.632832899690e-02
5.395195484161e-01 8.152396678925e-01 5.446851849556e-01 2.952499091625e-01 2.570114135742e-01 2.288109362125e-01 2.336430400610e-01 2.780743539333e-01 2.196961343288e-01 9.317250549793e-02 5.391525477171e-02 3.893750533462e-02 3.388170897961e-02 2.540312148631e-02 1.621630787849e-02 1.353999041021e-02 1.291179656982e-02 1.111377775669e-02 9.309548884630e-03 1.120428554714e-02 1.295809540898e-02 1.410281565040e-02 1.475432980806e-02 1.436401251704e-02 1.327686384320e-02 1.581319980323e-02 1.760455220938e-02 1.743171177804e-02 1.493301801383e-02 3.117030672729e-02 7.775601744652e-02 7.039756327868e-02 2.479616552591e-02 4.532980546355e-02 7.127023488283e-02 9.010103344917e-02 8.226837962866e-02 6.355754286051e-02 4.367174953222e-02 2.753338404000e-02 1.953125931323e-02 2.144795842469e-02 2.420121431351e-02
8.408044576645e-01 5.820194482803e-01 2.265959829092e-01 1.369581669569e-01 1.305775791407e-01 1.107039675117e-01 1.711911857128e-01 1.513649225235e-01 1.438778787851e-01 8.511448651552e-02 5.289142578840e-02 3.625307604671e-02 3.519184887409e-02 3.335625305772e-02 2.117688208818e-02 1.712169125676e-02 1.449747942388e-02 1.105790119618e-02 9.201804175973e-03 1.084878109396e-02 1.309430412948e-02 1.567908376455e-02 1.727772317827e-02 1.624538935721e-02 1.392242778093e-02 1.450881268829e-02 1.608917675912e-02 1.735464297235e-02 1.734444312751e-02 2.101466059685e-02 5.832392722368e-02 8.313532918692e-02 3.726158291101e-02 3.640060499310e-02 5.242050811648e-02 5.505443364382e-02 4.850551486015e-02 3.815414011478e-02 2.755558118224e-02 1.833354681730e-02 1.876168139279e-02 1.049433462322e-02 1.683004945517e-02
1.324898719788e+00 5.783578157425e-01 1.246231645346e-01 8.370546996593e-02 7.216912508011e-02 8.474115282297e-02 9.641613811255e-02 1.906087100506e-01 1.940365731716e-01 1.197867095470e-01 6.061327457428e-02 3.504737466574e-02 3.034106269479e-02 3.161642700434e-02 2.606064826250e-02 1.625567302108e-02 1.158308889717e-02 1.055023726076e-02 9.859140031040e-03 1.075813733041e-02 1.351914927363e-02 1.777509972453e-02 1.946747861803e-02 1.730029843748e-02 1.449462398887e-02 1.500864885747e-02 1.700626313686e-02 1.895699836314e-02 1.963366009295e-02 1.776035316288e-02 3.944346308708e-02 7.788149267435e-02 5.414203926921e-02 2.166186645627e-02 2.773267775774e-02 2.538448572159e-02 2.186373621225e-02 1.798713579774e-02 1.763970404863e-02 1.607619971037e-02 1.025228388608e-02 9.054416790605e-03 1.371084433049e-02
9.063480496407e-01 3.515333235264e-01 9.373303502798e-02 5.585188418627e-02 4.939888417721e-02 5.583619326353e-02 9.774380922318e-02 1.248792409897e-01 1.412602066994e-01 9.966394305229e-02 8.888723701239e-02 4.032799974084e-02 2.512814290822e-02 2.298304252326e-02 2.202474139631e-02 1.868005283177e-02 1.591547578573e-02 1.748559065163e-02 1.457763370126e-02 1.189466472715e-02 1.497336756438e-02 2.020624279976e-02 7.636027410626e-03 1.740604639053e-02 1.583097130060e-02 1.622776314616e-02 1.806360669434e-02 2.016699500382e-02 2.130525559187e-02 1.956592872739e-02 2.413091249764e-02 6.173144280910e-02 6.593420356512e-02 2.849034219980e-02 1.091793365777e-02 9.478388354182e-03 8.361025713384e-03 1.193446107209e-02 1.353399921209e-02 1.611636392772e-02 7.530240807682e-03 7.373290602118e-03 2.378867194057e-02
3.544884622097e-01 1.146458461881e-01 5.499515682459e-02 4.022295773029e-02 3.981349989772e-02 3.977397084236e-02 6.284837424755e-02 3.632447123528e-02 8.556422591209e-02 1.296937912703e-01 9.391799569130e-02 7.137758284807e-02 3.568234667182e-02 2.229368872941e-02 1.913613267243e-02 2.041599527001e-02 2.170949615538e-02 1.953167095780e-02 1.920326240361e-02 1.695300452411e-02 1.800241693854e-02 2.235430106521e-02 7.281947415322e-03 1.827774755657e-02 1.794116944075e-02 1.755198091269e-02 1.924010924995e-02 2.122846245766e-02 2.236806973815e-02 2.087621763349e-02 1.716819405556e-02 4.335622489452e-02 6.619223952293e-02 3.863543272018e-02 1.516494806856e-02 9.920767508447e-03 9.580945596099e-03 1.004082523286e-02 1.057244557887e-02 1.155331451446e-02 5.896196234971e-03 2.425591833889e-02 2.630583383143e-02
9.573619812727e-02 6.695271283388e-02 3.656928986311e-02 2.990729175508e-02 2.942393906415e-02 2.959777787328e-02 2.881439775229e-02 2.875013649464e-02 3.119384683669e-02 1.064765080810e-01 1.193224564195e-01 1.702404320240e-01 1.094739288092e-01 4.025228321552e-02 2.538818679750e-02 2.129015512764e-02 2.703036740422e-02 3.162009641528e-02 2.985326200724e-02 2.464402653277e-02 2.098167128861e-02 2.328915335238e-02 2.067920006812e-02 2.028040960431e-02 1.964005455375e-02 1.881142519414e-02 1.983256824315e-02 2.166544459760e-02 2.271299622953e-02 2.197834849358e-02 1.851236633956e-02 2.849861793220e-02 5.835114046931e-02 4.800904914737e-02 2.089999616146e-02 8.174842223525e-03 1.230163499713e-02 1.213092543185e-02 1.203489489853e-02 1.176442019641e-02 4.892883356661e-03 1.566230691969e-02 1.849989965558e-02
6.187346577644e-02 3.671595081687e-02 2.830079756677e-02 2.460394054651e-02 2.305230312049e-02 2.378705330193e-02 2.196963876486e-02 2.223641797900e-02 2.409402094781e-02 3.472980111837e-02 1.727297306061e-01 4.210090041161e-01 2.906680703163e-01 9.410594403744e-02 3.527064248919e-02 2.643295191228e-02 2.883304283023e-02 3.838458657265e-02 3.369643911719e-02 3.097019717097e-02 2.990298159420e-02 2.471282891929e-02 2.183507755399e-02 2.026639692485e-02 2.015120722353e-02 1.967890188098e-02 2.017938345671e-02 2.160712890327e-02 2.246479317546e-02 2.266439050436e-02 1.991362869740e-02 1.826943829656e-02 4.745676368475e-02 5.305386334658e-02 2.757389098406e-02 1.396075636148e-02 1.463690586388e-02 1.488698087633e-02 1.028608437628e-02 1.246175635606e-02 1.362238824368e-02 1.367066893727e-02 1.401427853853e-02
4.008770734072e-02 2.720294892788e-02 2.229895256460e-02 1.926522143185e-02 2.013891190290e-02 1.545184850693e-02 1.861654967070e-02 1.987784542143e-02 2.024058066308e-02 1.366786286235e-02 1.309429556131e-01 3.509081006050e-01 3.352344930172e-01 2.174090743065e-01 4.012859985232e-02 8.106453344226e-03 1.193884015083e-02 3.019213490188e-02 3.975104913116e-02 3.739774227142e-02 3.066155128181e-02 2.370773814619e-02 2.353923581541e-02 2.217308245599e-02 2.144747041166e-02 2.095555327833e-02 2.006834745407e-02 2.085289359093e-02 2.210595645010e-02 2.241494692862e-02 1.931903138757e-02 1.409521698952e-02 3.626973181963e-02 5.147449672222e-02 3.467517718673e-02 1.295448280871e-02 9.709694422781e-03 1.285641454160e-02 1.078260596842e-02 8.851660415530e-03 1.361726876348e-02 1.605615578592e-02 1.771116442978e-02
3.885990381241e-02 2.079448848963e-02 1.920024864376e-02 1.873414777219e-02 1.969992369413e-02 1.496581733227e-02 1.800930686295e-02 1.781299710274e-02 1.689818128943e-02 1.939902454615e-02 5.055819079280e-02 1.899429708719e-01 6.931030154228e-01 5.369131565094e-01 9.143471717834e-02 3.667388577014e-03 1.786911115050e-02 4.183198884130e-02 3.725786879659e-02 2.968646585941e-02 2.412108331919e-02 2.441500872374e-02 2.596613205969e-02 2.518256939948e-02 2.347022853792e-02 2.127822674811e-02 1.857647672296e-02 1.978125050664e-02 2.208486013114e-02 2.198678068817e-02 1.816148869693e-02 2.015632577240e-02 2.633741684258e-02 4.494415596128e-02 4.073302447796e-02 1.343880593777e-02 8.507254533470e-03 4.626574460417e-03 5.398091394454e-03 8.439922705293e-03 1.366593502462e-02 1.701924391091e-02 2.102067507803e-02
4.041148349643e-02 1.149540860206e-02 1.897234283388e-02 1.977226138115e-02 2.213981002569e-02 2.051581442356e-02 1.780586503446e-02 1.604267582297e-02 1.402817759663e-02 1.489194575697e-02 2.907066233456e-02 9.724371880293e-02 3.388935923576e-01 3.008318245411e-01 1.024703904986e-01 6.921948865056e-03 4.854567721486e-02 3.768651932478e-02 2.901990339160e-02 2.314692549407e-02 2.295250818133e-02 2.463351935148e-02 2.628518827260e-02 2.502828836441e-02 2.160545065999e-02 1.774361729622e-02 1.717627421021e-02 1.813416928053e-02 2.155918627977e-02 2.200534939766e-02 2.145833522081e-02 2.361621521413e-02 2.350321970880e-02 3.743601590395e-02 4.333040490746e-02 1.802144385874e-02 1.417604275048e-02 1.424921397120e-02 8.265543729067e-03 1.314965821803e-02 1.638189703226e-02 1.744331046939e-02 2.246045134962e-02
8.703942410648e-03 6.011447869241e-03 1.026914827526e-02 1.782725937665e-02 2.141905017197e-02 2.044750936329e-02 1.726551726460e-02 1.455128937960e-02 1.175065245479e-02 1.348903682083e-02 2.489107102156e-02 4.314313828945e-02 1.204377263784e-01 1.448179185390e-01 1.059452667832e-01 6.515440344810e-02 4.121030122042e-02 2.925416827202e-02 2.674397081137e-02 2.611872181296e-02 9.187427349389e-03 1.082920189947e-02 2.180373854935e-02 1.917074248195e-02 1.594242639840e-02 1.597899384797e-02 1.552113890648e-02 1.605050824583e-02 1.972469873726e-02 2.141822874546e-02 1.594887301326e-02 1.659705303609e-02 1.665071770549e-02 3.197390213609e-02 4.476124793291e-02 2.469646185637e-02 1.738477498293e-02 1.944049820304e-02 7.468181662261e-03 7.676767650992e-03 2.177524380386e-02 1.994693465531e-02 2.199932746589e-02
1.604528911412e-02 7.646424230188e-03 6.990643683821e-03 1.575919240713e-02 2.007146924734e-02 1.980508863926e-02 1.653305441141e-02 1.325716171414e-02 9.975443594158e-03 1.217697281390e-02 2.243895083666e-02 3.489369153976e-02 8.371299505234e-02 1.085122004151e-01 8.506280183792e-02 5.051704496145e-02 3.127650171518e-02 2.865775674582e-02 2.833773382008e-02 2.387157455087e-02 1.906840503216e-02 1.597261242568e-02 1.399287488312e-02 1.377986464649e-02 1.359992939979e-02 1.310515403748e-02 1.277008373290e-02 1.353307627141e-02 1.700769551098e-02 1.934336498380e-02 1.511570811272e-02 1.201476622373e-02 1.062834355980e-02 2.670913189650e-02 4.393588379025e-02 3.140118345618e-02 2.058138512075e-02 2.400706522167e-02 1.462847273797e-02 1.365655288100e-02 1.271655876189e-02 2.342385612428e-02 2.165014110506e-02
