100/SI/f6_max.grd
DSAA
101	101
32.816463539100	34.260883539100
35.556306596100	36.727886596100
8.250092505477e-04	2.918355369568e+01
[rows 38 to 56 of 101, columns 0 to 42 of 101]
2.205248363316e-02 3.929562866688e-02 4.039213806391e-02 4.175179451704e-02 4.669302701950e-02 5.076291784644e-02 6.588226556778e-02 7.524403184652e-02 8.276502788067e-02 7.577463984489e-02 7.672502100468e-02 8.412324637175e-02 8.559568226337e-02 8.050317317247e-02 8.080268651247e-02 1.031354963779e-01 1.360706537962e-01 1.600088030100e-01 1.255713999271e-01 1.603235006332e-01 1.940259486437e-01 1.992455124855e-01 1.531573832035e-01 1.131805703044e-01 1.706129461527e-01 1.514357030392e-01 1.262345761061e-01 1.261051297188e-01 1.183160170913e-01 1.461843103170e-01 1.705326139927e-01 1.999297291040e-01 2.385637909174e-01 2.857081294060e-01 2.700498104095e-01 1.559817343950e-01 1.797477155924e-01 1.950553655624e-01 2.440709918737e-01 3.039731085300e-01 3.624801337719e-01 3.512474596500e-01 2.878540456295e-01
2.511917613447e-02 4.474151879549e-02 4.244662448764e-02 4.241845756769e-02 5.002249777317e-02 6.085321679711e-02 7.996752858162e-02 1.007157564163e-01 1.124609485269e-01 1.054912209511e-01 7.707180827856e-02 5.589517578483e-02 6.637421995401e-02 7.617350667715e-02 8.225303888321e-02 8.309486508369e-02 7.694458216429e-02 9.538625180721e-02 1.024572551250e-01 1.536934226751e-01 1.680861413479e-01 1.525592207909e-01 1.514178663492e-01 1.325553506613e-01 1.209693327546e-01 1.333311945200e-01 1.129770651460e-01 9.681418538094e-02 1.306224614382e-01 1.334121525288e-01 1.097282618284e-01 1.156328320503e-01 1.540675759315e-01 1.824161708355e-01 2.648659348488e-01 2.398732006550e-01 1.458541303873e-01 2.500088810921e-01 3.039513826370e-01 3.406591713428e-01 3.287562727928e-01 4.195941388607e-01 3.616713881493e-01
2.218640781939e-02 4.111096262932e-02 4.493934288621e-02 4.489971324801e-02 5.835644155741e-02 7.197508215904e-02 8.747506141663e-02 1.152270287275e-01 1.250840872526e-01 1.247444152832e-01 8.539970964193e-02 5.217115953565e-02 5.457803234458e-02 5.460781976581e-02 5.438081175089e-02 6.450904905796e-02 7.283316552639e-02 6.975307315588e-02 1.078473851085e-01 1.977341026068e-01 2.352474331856e-01 2.055264711380e-01 2.110663652420e-01 2.135738432407e-01 1.765896528959e-01 1.231390237808e-01 9.120526164770e-02 8.355074375868e-02 1.013550087810e-01 1.042663753033e-01 1.272067129612e-01 1.400589197874e-01 1.638832837343e-01 1.887754499912e-01 1.628249585629e-01 1.976253688335e-01 1.993826031685e-01 1.901797950268e-01 3.768433928490e-01 3.711907565594e-01 2.761165201664e-01 4.154375791550e-01 5.615354180336e-01
3.044287860394e-02 6.573392450809e-02 7.643031328917e-02 7.861253619194e-02 7.096152752638e-02 6.753816455603e-02 7.113292813301e-02 7.917981594801e-02 7.940340042114e-02 7.521585375071e-02 5.126345530152e-02 3.980085998774e-02 4.157701507211e-02 4.840258136392e-02 5.515859648585e-02 6.022864207625e-02 6.246229261160e-02 7.135266810656e-02 8.022969216108e-02 9.297560155392e-02 1.410637348890e-01 1.915085762739e-01 1.752632707357e-01 1.662319153547e-01 2.073036581278e-01 2.473373860121e-01 2.770813703537e-01 2.699931859970e-01 2.814240455627e-01 3.073759973049e-01 3.404641747475e-01 3.118789494038e-01 3.688830137253e-01 4.202056229115e-01 3.247560560703e-01 2.008134275675e-01 3.646258115768e-01 2.645776867867e-01 2.192280143499e-01 4.530602097511e-01 2.774111032486e-01 4.467685818672e-01 5.088744759560e-01
3.622731193900e-02 7.344221323729e-02 8.246106654406e-02 5.916351079941e-02 6.285230070353e-02 7.951205223799e-02 8.303407579660e-02 8.586159348488e-02 6.775316596031e-02 4.384744912386e-02 4.403894394636e-02 4.357624053955e-02 4.292122274637e-02 4.680179059505e-02 5.289057269692e-02 5.804060772061e-02 6.123257428408e-02 7.006062567234e-02 9.942977130413e-02 1.093908473849e-01 9.381238371134e-02 1.578755825758e-01 2.016127109528e-01 2.093285769224e-01 1.737684905529e-01 1.561694443226e-01 2.080971300602e-01 3.165129125118e-01 4.271606802940e-01 3.916156888008e-01 3.486695885658e-01 2.767884433270e-01 2.821568548679e-01 5.330768823624e-01 3.818242847919e-01 4.820854365826e-01 3.272080719471e-01 4.970028698444e-01 4.381428956985e-01 3.739680647850e-01 6.050543189049e-01 6.076222658157e-01 4.097931087017e-01
7.245355844498e-02 1.407129019499e-01 1.053281426430e-01 8.286451548338e-02 7.122156023979e-02 5.062418058515e-02 6.887523084879e-02 8.430568873882e-02 8.363886922598e-02 7.604433596134e-02 6.441853195429e-02 4.654629155993e-02 5.080673843622e-02 6.475170701742e-02 7.223857194185e-02 6.687615066767e-02 5.970637872815e-02 8.024875819683e-02 9.382738918066e-02 1.154145076871e-01 1.134711429477e-01 1.045255288482e-01 1.176198869944e-01 8.448238670826e-02 8.557399362326e-02 7.291706651449e-02 7.817149907351e-02 1.094343066216e-01 1.285275965929e-01 1.312661916018e-01 1.148667111993e-01 1.951996833086e-01 2.817178368568e-01 4.815107285976e-01 3.289052248001e-01 3.055466711521e-01 2.648280262947e-01 3.883405923843e-01 3.206114470959e-01 5.207090973854e-01 5.787208676338e-01 6.579307317734e-01 6.784927248955e-01
1.196173802018e-01 6.039893031120e-01 2.430641353130e-01 4.959143400192e-01 1.321396827698e-01 1.008264049888e-01 1.287043988705e-01 1.127084717155e-01 8.053763955832e-02 6.323176622391e-02 6.693993508816e-02 6.647267192602e-02 5.157310143113e-02 4.982869327068e-02 5.841444805264e-02 6.744446605444e-02 7.479114830494e-02 7.370647042990e-02 1.532495021820e-01 1.471607536077e-01 1.025598570704e-01 1.112877577543e-01 1.007827669382e-01 7.673856616020e-02 1.108757108450e-01 7.029497623444e-02 8.606336265802e-02 1.113497763872e-01 1.310912966728e-01 1.011943072081e-01 1.392276287079e-01 1.250955313444e-01 1.742793470621e-01 3.306040763855e-01 4.420974552631e-01 2.915466725826e-01 2.983246445656e-01 4.049591124058e-01 4.020381271839e-01 4.345670044422e-01 4.980329573154e-01 6.149202585220e-01 6.784294843674e-01
1.325070261955e-01 8.531460165977e-02 1.230351179838e-01 1.452122926712e-01 1.492668837309e-01 1.671561151743e-01 1.775815933943e-01 1.541615277529e-01 1.380229443312e-01 1.312689483166e-01 1.176612973213e-01 1.030486896634e-01 1.067531034350e-01 9.078249335289e-02 7.801689952612e-02 7.420132309198e-02 5.937694013119e-02 6.364902853966e-02 1.147167325020e+00 1.079839587212e+00 8.610779792070e-02 1.382188498974e-01 8.596448600292e-02 8.160891383886e-02 1.071780174971e-01 1.254408061504e-01 1.187454909086e-01 1.242862641811e-01 1.269462257624e-01 1.308455765247e-01 2.005656361580e-01 1.605401486158e-01 1.615680158138e-01 2.018636465073e-01 2.666955888271e-01 2.990171909332e-01 4.575994610786e-01 3.968762159348e-01 4.392054080963e-01 4.242310822010e-01 5.090724229813e-01 5.532118082047e-01 5.110331177711e-01
7.428280711174e-01 1.650540113449e+00 1.326959878206e-01 1.529673039913e-01 1.621964573860e-01 1.589755117893e-01 1.448374539614e-01 1.283214986324e-01 1.132532060146e-01 9.979303926229e-02 1.132056936622e-01 1.071933880448e-01 8.116486668587e-02 5.356197431684e-02 5.749079212546e-02 1.355173140764e-01 2.218386381865e-01 2.487012147903e-01 5.511921644211e-01 6.924418807030e-01 1.343232244253e-01 1.473860591650e-01 1.286620199680e-01 1.122592017055e-01 1.016322821379e-01 1.012769117951e-01 2.012646049261e-01 1.923621743917e-01 1.466157138348e-01 1.831486523151e-01 1.256836354733e-01 1.889323592186e-01 2.620544433594e-01 3.941891789436e-01 3.400419652462e-01 1.974778771400e-01 3.660165369511e-01 3.691510856152e-01 5.569353103638e-01 5.315699577332e-01 4.890447258949e-01 4.617635905743e-01 4.960096478462e-01
2.118236720562e-01 3.565849661827e-01 2.796771004796e-02 3.421505540609e-02 4.508675634861e-02 2.531042397022e-01 5.769093632698e-01 4.743078351021e-01 2.596502602100e-01 8.124516904354e-02 7.346046715975e-02 9.352071583271e-02 9.308867901564e-02 7.994849979877e-02 4.114955365658e-01 4.669944047928e-01 1.967854648829e-01 2.183493077755e-01 2.355636209249e-01 3.701138794422e-01 9.228415489197e-01 1.560294181108e-01 2.013399899006e-01 3.931059539318e-01 2.727520465851e-01 2.747545540333e-01 1.998592764139e-01 1.871169656515e-01 3.245941102505e-01 3.792296946049e-01 4.004945755005e-01 2.805316746235e-01 6.776841878891e-01 4.088062644005e-01 6.374702453613e-01 4.864815771580e-01 3.573427796364e-01 3.976739645004e-01 4.876077473164e-01 6.321684718132e-01 7.756139636040e-01 9.918830990791e-01 1.050317645073e+00
1.585589945316e-01 2.653360366821e-01 2.194676175714e-02 1.888223364949e-02 1.498077064753e-01 5.769278407097e-01 1.123995661736e+00 8.882598876953e-01 3.269109129906e-01 3.079433366656e-02 2.929004468024e-02 2.741989493370e-02 2.943691611290e-02 3.316531330347e-02 2.661579549313e-01 1.969740837812e-01 1.701637804508e-01 1.638663858175e-01 1.787172108889e-01 8.116250485182e-02 3.719370365143e-01 3.106036663055e+00 2.069317102432e-01 3.965424001217e-01 9.962857961655e-01 5.183734893799e-01 3.260446190834e-01 2.945666909218e-01 3.091133832932e-01 3.380115032196e-01 5.443530678749e-01 8.130480647087e-01 4.274723529816e-01 5.815539956093e-01 9.180334806442e-01 1.610504746437e+00 7.959229946136e-01 4.447894692421e-01 3.812787830830e-01 4.249308407307e-01 5.838339328766e-01 6.470848917961e-01 6.841252446175e-01
8.938699960709e-02 1.284683197737e-01 1.688992790878e-02 1.306750532240e-02 2.059915103018e-02 3.346586823463e-01 6.915535330772e-01 4.254570901394e-01 2.487862259150e-01 4.394709691405e-02 1.640249416232e-02 1.029839888215e-01 1.254535615444e-01 1.088930144906e-01 1.017260178924e-01 1.390405893326e-01 1.850482076406e-01 1.556806713343e-01 1.741664409637e-01 1.579097658396e-01 1.965277045965e-01 3.536762595177e-01 1.408492028713e-01 2.144005149603e-01 8.155344128609e-01 4.687405526638e-01 1.311858654022e+00 1.003033995628e+00 3.181420862675e-01 7.484111785889e-01 2.603639841080e+00 3.596280336380e+00 3.774548053741e+00 7.350381016731e-01 1.007241606712e+00 1.107828736305e+00 8.288455009460e-01 4.089095592499e-01 3.283963799477e-01 3.379874527454e-01 6.617762446404e-01 4.798799157143e-01 6.133253574371e-01
3.327020257711e-02 1.042948514223e-01 6.585983932018e-02 3.461661934853e-02 2.365495823324e-02 1.037786807865e-02 6.568401306868e-02 7.584524899721e-02 7.712101191282e-02 6.991726160049e-02 5.332760140300e-02 1.019996628165e-01 1.216909140348e-01 1.507853865623e-01 1.298709213734e-01 9.444094449282e-02 1.223881840706e-01 1.349121034145e-01 1.407636106014e-01 9.100044518709e-02 1.095938831568e-01 1.769931763411e-01 2.557082176208e-01 5.196270346642e-01 1.193556666374e+00 8.198740482330e-01 8.902702927589e-01 6.621509194374e-01 1.137453794479e+00 2.968733608723e-01 1.525174826384e-01 1.381090432405e-01 2.403491884470e-01 4.070006608963e-01 1.254062175751e+00 1.430356693268e+01 5.204420089722e+00 2.350826501846e+00 1.669515371323e+00 1.307804703712e+00 1.429962396622e+00 1.526229977608e+00 2.287737607956e+00
3.222751989961e-02 6.437224894762e-02 8.070254325867e-02 4.409089311957e-02 2.879958041012e-02 1.230977661908e-02 5.790675058961e-02 5.930478498340e-02 5.784400552511e-02 5.370806902647e-02 6.375725567341e-02 7.649390399456e-02 8.387918025255e-02 1.594736576080e-01 1.388025730848e-01 1.135903820395e-01 1.133967563510e-01 1.093129664660e-01 1.039483398199e-01 1.151023656130e-01 1.038325652480e-01 1.065217778087e-01 1.808415800333e-01 2.132470905781e-01 5.323398709297e-01 5.157892704010e+00 1.446430683136e+00 2.582701683044e+00 1.113402009010e+00 1.221017464995e-01 7.303043454885e-02 7.223434746265e-02 8.330806344748e-02 1.125830933452e-01 1.810853630304e-01 1.091615200043e+00 8.453722000122e+00 1.881096005440e+00 5.507777929306e-01 1.703563094139e+00 9.111676216125e-01 4.034735262394e-01 6.413843035698e-01
2.543492615223e-02 4.559344425797e-02 6.157298013568e-02 7.109545916319e-02 7.414729148149e-02 6.859731674194e-02 6.117928400636e-02 5.924441665411e-02 5.746381729841e-02 5.055256560445e-02 4.494716227055e-02 5.522840842605e-02 6.192065775394e-02 6.303125619888e-02 1.114844232798e-01 9.469621628523e-02 9.287369251251e-02 1.013869121671e-01 8.116017282009e-02 9.191606193781e-02 1.113289296627e-01 9.838125109673e-02 1.063518747687e-01 1.161545962095e-01 2.164975255728e-01 1.293151617050e+00 1.328548789024e+00 3.743962943554e-01 1.464565396309e-01 8.678020536900e-02 6.563121825457e-02 5.519035458565e-02 6.583413481712e-02 9.129866212606e-02 1.135999634862e-01 4.411892890930e-01 1.575445413589e+00 8.320581912994e-01 5.317075848579e-01 1.241336986423e-01 5.201156139374e-01 4.389512538910e-01 3.936434090137e-01
4.051678627729e-02 6.818407773972e-02 8.703693002462e-02 9.786053001881e-02 1.006765663624e-01 9.643507748842e-02 9.071309864521e-02 8.180851489305e-02 7.084845751524e-02 5.815071240067e-02 4.321159422398e-02 4.059520736337e-02 4.603755846620e-02 4.832390695810e-02 1.084512695670e-01 1.029145270586e-01 1.068045794964e-01 6.722061336040e-02 8.275203406811e-02 1.269467324018e-01 1.157609373331e-01 8.100119233131e-02 6.332477927208e-02 6.457201391459e-02 1.140142604709e-01 1.149355530739e+00 8.658514022827e-01 2.923652231693e-01 1.820123493671e-01 1.179036423564e-01 8.306327462196e-02 5.784154683352e-02 5.147092044353e-02 5.164418742061e-02 7.622369378805e-02 1.270044147968e-01 1.139978840947e-01 2.936526834965e-01 2.061904191971e+00 3.021189451218e+00 1.748792409897e+00 3.733087182045e-01 3.029296994209e-01
2.026402577758e-02 4.299816116691e-02 5.355170369148e-02 5.876947194338e-02 5.710488557816e-02 5.438702926040e-02 5.252211913466e-02 4.794003069401e-02 4.543083906174e-02 3.998038545251e-02 3.580735996366e-02 3.253791108727e-02 3.690069541335e-02 3.783844783902e-02 8.401704579592e-02 1.132903546095e-01 1.092723980546e-01 7.035215198994e-02 1.389576196671e-01 1.494777649641e-01 1.296053975821e-01 1.718346178532e-01 5.109585821629e-02 4.949089884758e-02 1.090290546417e-01 4.222548902035e-01 2.221017628908e-01 2.329980731010e-01 1.720727533102e-01 1.159866079688e-01 7.589341700077e-02 6.298936158419e-02 5.560517683625e-02 5.454920232296e-02 6.338597834110e-02 1.228358298540e-01 8.907337486744e-02 3.269455134869e-01 1.463760495186e+00 8.904246091843e-01 5.495353937149e-01 2.261773198843e-01 1.814606040716e-01
1.744629070163e-02 2.549580857158e-02 3.346380963922e-02 3.661242127419e-02 3.656171634793e-02 3.487414494157e-02 3.214085847139e-02 3.498734533787e-02 3.551518172026e-02 3.575199097395e-02 3.972212597728e-02 4.265522211790e-02 4.348518699408e-02 4.659670218825e-02 8.536817878485e-02 9.871983528137e-02 6.048760935664e-02 7.164656370878e-02 1.118015497923e-01 2.665780484676e-01 1.481290906668e-01 1.361385434866e-01 7.490747421980e-02 6.609544157982e-02 1.294170469046e-01 1.137889027596e-01 1.020075321198e+00 1.600724905729e-01 1.479149013758e-01 9.104441851377e-02 6.126957014203e-02 5.639063194394e-02 5.394909530878e-02 5.736476927996e-02 7.101725041866e-02 9.803184866905e-02 1.746060699224e-01 2.158498317003e-01 3.896532654762e-01 5.868806242943e-01 3.686506748199e-01 2.064397037029e-01 2.706946730614e-01
1.407591160387e-02 2.511876262724e-02 3.361415490508e-02 3.742326050997e-02 5.904014036059e-02 3.820179402828e-02 4.545783996582e-02 5.138945952058e-02 5.678298696876e-02 6.168497353792e-02 6.605488806963e-02 6.848879158497e-02 7.508750259876e-02 7.978522777557e-02 1.573514640331e-01 1.634342968464e-01 8.163929730654e-02 6.569765508175e-02 9.547350555658e-02 3.008771836758e-01 1.335181742907e-01 1.595216393471e-01 1.042323261499e-01 7.898461073637e-02 1.132592558861e-01 2.440628260374e-01 4.427193403244e-01 1.233165711164e-01 1.589017808437e-01 7.050743699074e-02 5.419281870127e-02 5.053693056107e-02 5.142117664218e-02 5.895694345236e-02 7.261518388987e-02 8.876316994429e-02 9.855143725872e-02 1.366119533777e-01 2.549403607845e-01 3.015258312225e-01 1.943124681711e-01 2.248987257481e-01 2.571763992310e-01
