100/SI/f6_max.grd
DSAA
101	101
32.816463539100	34.260883539100
35.556306596100	36.727886596100
8.250092505477e-04	2.918355369568e+01
[rows 0 to 18 of 101, columns 0 to 42 of 101]
2.578235929832e-03 4.625426605344e-03 4.143478814512e-03 3.433589823544e-03 3.303196746856e-03 6.238662172109e-03 1.240049395710e-02 1.721617579460e-02 1.530272699893e-02 9.044071659446e-03 3.762163221836e-03 4.192071966827e-03 4.499794915318e-03 4.379469435662e-03 3.769567003474e-03 2.869694726542e-03 4.077048040926e-03 4.813222680241e-03 5.788310896605e-03 6.596973165870e-03 6.776289548725e-03 8.872547186911e-03 6.616532802582e-03 5.858457647264e-03 5.844940897077e-03 7.974698208272e-03 1.257749181241e-02 1.436179224402e-02 1.052792835981e-02 1.056428905576e-02 1.041401363909e-02 9.747802279890e-03 8.423237130046e-03 6.654197350144e-03 4.742454737425e-03 3.009223612025e-03 4.261062480509e-03 6.502517964691e-03 9.137171320617e-03 1.024237088859e-02 8.582703769207e-03 8.473468013108e-03 8.120240643620e-03
4.788100719452e-03 9.064968675375e-03 8.976086042821e-03 7.298475131392e-03 7.547117769718e-03 1.208325289190e-02 2.391495555639e-02 3.293969854712e-02 2.895427867770e-02 1.669080927968e-02 6.733462680131e-03 7.323278579861e-03 7.793442346156e-03 7.453744765371e-03 6.299806758761e-03 5.171529483050e-03 6.485569756478e-03 8.623171597719e-03 1.030982192606e-02 1.164066605270e-02 1.172877382487e-02 2.309891954064e-02 1.293416228145e-02 1.011140644550e-02 1.207969058305e-02 1.560898683965e-02 2.112887799740e-02 2.412571012974e-02 1.816370338202e-02 1.781528443098e-02 1.695547439158e-02 1.530394516885e-02 1.268375106156e-02 9.573665447533e-03 6.577144842595e-03 6.237138062716e-03 1.020119898021e-02 1.452533528209e-02 1.827034167945e-02 1.795596815646e-02 1.327715255320e-02 1.528953108937e-02 1.679753139615e-02
4.730524960905e-03 9.725021198392e-03 1.098695024848e-02 1.028839685023e-02 1.078695617616e-02 1.399892941117e-02 2.777555026114e-02 3.758295625448e-02 3.198313340545e-02 1.733232662082e-02 8.257315494120e-03 9.378301911056e-03 9.725325740874e-03 9.007428772748e-03 8.066130802035e-03 6.969278678298e-03 7.719027809799e-03 1.036690175533e-02 1.278484985232e-02 1.419046800584e-02 2.388457953930e-02 3.561976179481e-02 1.579396985471e-02 1.372136175632e-02 1.610293611884e-02 1.944876834750e-02 2.012244984508e-02 2.199430949986e-02 1.918566972017e-02 1.814645342529e-02 1.646816544235e-02 1.406234968454e-02 1.164887845516e-02 8.042538538575e-03 7.434853818268e-03 1.184054091573e-02 1.729542948306e-02 2.120156027377e-02 2.213689871132e-02 1.788181997836e-02 1.099207904190e-02 1.417824998498e-02 1.881733536720e-02
5.537286866456e-03 1.010939665139e-02 1.120641920716e-02 1.154687162489e-02 1.235717907548e-02 1.440592110157e-02 2.917289175093e-02 3.865390270948e-02 3.108237124979e-02 1.496898196638e-02 9.479241445661e-03 1.090379059315e-02 1.260044705123e-02 1.265388634056e-02 1.151416543871e-02 9.944397024810e-03 8.445368148386e-03 1.093543693423e-02 1.326628401875e-02 1.828694902360e-02 4.000810906291e-02 4.526555910707e-02 1.737520843744e-02 1.644317246974e-02 1.781086251140e-02 2.038394100964e-02 1.943696103990e-02 1.797727681696e-02 1.831414736807e-02 1.493709068745e-02 1.277640741318e-02 1.028201077133e-02 1.342777721584e-02 8.543001487851e-03 1.356472633779e-02 1.914989575744e-02 2.363286726177e-02 2.381919883192e-02 2.009871602058e-02 1.308433804661e-02 1.340204197913e-02 1.491421461105e-02 1.724347472191e-02
6.404446437955e-03 1.203770190477e-02 1.251330412924e-02 1.194865535945e-02 1.294961944222e-02 1.464782375842e-02 2.993155643344e-02 3.885443508625e-02 2.934404276311e-02 1.270394679159e-02 1.190522406250e-02 1.490300521255e-02 1.658966206014e-02 1.654320582747e-02 1.526709459722e-02 1.299986150116e-02 1.075654663146e-02 1.055005006492e-02 1.679876819253e-02 3.347982466221e-02 5.555344372988e-02 4.969007894397e-02 1.677731797099e-02 1.785911060870e-02 1.786941848695e-02 1.998190395534e-02 1.787385717034e-02 1.521341223270e-02 1.982072740793e-02 1.968174800277e-02 1.075758039951e-02 1.038643252105e-02 1.432778034359e-02 1.528727542609e-02 2.141754142940e-02 2.556975744665e-02 2.576560899615e-02 2.101504430175e-02 1.439812034369e-02 1.577067375183e-02 2.031329832971e-02 1.992669329047e-02 1.364321354777e-02
7.195224054158e-03 1.385883148760e-02 1.504656020552e-02 1.367059536278e-02 1.319701503962e-02 1.489684917033e-02 3.009409829974e-02 3.787956386805e-02 2.666670456529e-02 1.174729876220e-02 1.560195721686e-02 1.868945173919e-02 1.990171521902e-02 1.933620125055e-02 1.752701215446e-02 1.444256678224e-02 1.181748695672e-02 1.182824652642e-02 2.655640803277e-02 4.750574380159e-02 6.451945751905e-02 4.906060919166e-02 1.920491643250e-02 2.720481343567e-02 1.916544139385e-02 1.880318671465e-02 1.608271896839e-02 2.361810021102e-02 3.545168787241e-02 2.734018117189e-02 1.246927585453e-02 1.308493409306e-02 1.661008596420e-02 2.297511138022e-02 2.720993570983e-02 2.681856229901e-02 2.217482030392e-02 1.479785051197e-02 1.747281849384e-02 2.386415377259e-02 2.741044946015e-02 2.316528558731e-02 1.252525858581e-02
7.510508876294e-03 1.483236439526e-02 1.743831299245e-02 1.686137914658e-02 1.481398008764e-02 1.513600163162e-02 2.982184663415e-02 3.648781403899e-02 2.414127066731e-02 1.492899004370e-02 1.873093843460e-02 2.125746384263e-02 2.160441502929e-02 2.022686786950e-02 1.742613688111e-02 1.391113922000e-02 1.149898860604e-02 1.853327266872e-02 3.552497550845e-02 5.648989602923e-02 6.675954908133e-02 4.483117908239e-02 2.558279596269e-02 3.447705134749e-02 2.436736971140e-02 1.931848563254e-02 1.606085337698e-02 4.264770075679e-02 5.995465070009e-02 3.496562317014e-02 1.334987580776e-02 1.594827324152e-02 2.273628301919e-02 2.700613811612e-02 2.694371342659e-02 2.230205573142e-02 1.548223663121e-02 1.754999719560e-02 2.540691383183e-02 3.150041773915e-02 3.168351948261e-02 2.331861108541e-02 1.367818657309e-02
7.568452507257e-03 1.504721026868e-02 1.891536265612e-02 1.983717083931e-02 1.852970011532e-02 1.570289768279e-02 2.960852533579e-02 3.594344109297e-02 2.266651019454e-02 1.781497709453e-02 2.097296342254e-02 2.240954153240e-02 2.180418372154e-02 1.946195028722e-02 1.570405066013e-02 1.230529136956e-02 1.107855234295e-02 2.422947995365e-02 4.316237568855e-02 6.109552830458e-02 6.556801497936e-02 4.034943506122e-02 2.792961336672e-02 3.788334876299e-02 2.962676994503e-02 2.031119912863e-02 1.882327347994e-02 6.408304721117e-02 8.341106772423e-02 4.119155555964e-02 1.406480371952e-02 1.981083117425e-02 2.431730553508e-02 2.484922483563e-02 2.581100352108e-02 1.833857409656e-02 1.720313169062e-02 2.508934214711e-02 3.309231996536e-02 3.583840280771e-02 3.123406320810e-02 1.969391107559e-02 1.607977040112e-02
7.289827335626e-03 1.446627266705e-02 1.883300021291e-02 2.107652835548e-02 2.144648507237e-02 1.920040138066e-02 2.946762926877e-02 3.585985675454e-02 2.196569740772e-02 1.990102417767e-02 2.212903089821e-02 2.245411463082e-02 2.076623216271e-02 1.745880581439e-02 1.846191659570e-02 1.840289682150e-02 1.755153387785e-02 2.868792600930e-02 4.720431938767e-02 6.001333147287e-02 5.954014882445e-02 3.513627126813e-02 2.866965346038e-02 3.617238625884e-02 3.191897645593e-02 2.199487574399e-02 1.929307542741e-02 8.227129280567e-02 9.702265262604e-02 4.559173434973e-02 1.754715852439e-02 1.892042718828e-02 2.039652876556e-02 2.401206083596e-02 2.834254875779e-02 2.167392708361e-02 2.586292102933e-02 3.381858766079e-02 3.882763162255e-02 3.595738485456e-02 2.639257721603e-02 1.927434839308e-02 1.873379200697e-02
1.045036409050e-02 1.840928383172e-02 1.725935563445e-02 2.025049738586e-02 2.240334637463e-02 2.206217497587e-02 2.968592941761e-02 3.598626330495e-02 2.159355022013e-02 2.093720808625e-02 2.213321998715e-02 2.138739638031e-02 2.269301563501e-02 2.478427439928e-02 2.602462656796e-02 2.650465257466e-02 2.588442154229e-02 3.266394510865e-02 4.814166575670e-02 5.551363527775e-02 5.161902308464e-02 3.009572811425e-02 2.601272426546e-02 3.153587505221e-02 3.074349090457e-02 2.257294952869e-02 2.058900147676e-02 9.301287680864e-02 1.028856709599e-01 4.743020236492e-02 1.979481242597e-02 1.502980571240e-02 1.982404105365e-02 2.383390255272e-02 2.902207896113e-02 2.799971215427e-02 3.611526265740e-02 4.048129171133e-02 3.952555358410e-02 3.100206702948e-02 1.899149641395e-02 2.023279666901e-02 2.103741839528e-02
1.054987218231e-02 2.112031728029e-02 2.183668501675e-02 1.794547960162e-02 2.098680101335e-02 2.299233525991e-02 2.955077588558e-02 3.557705506682e-02 2.100516855717e-02 2.111232094467e-02 2.275225892663e-02 2.655021473765e-02 2.945864014328e-02 3.117308765650e-02 3.208290785551e-02 3.254581242800e-02 3.239059075713e-02 3.789267688990e-02 5.303132906556e-02 5.605276301503e-02 4.698762297630e-02 3.462149575353e-02 2.419059351087e-02 2.681310847402e-02 2.760200947523e-02 2.161400020123e-02 2.666405960917e-02 9.776705503464e-02 1.050369143486e-01 4.662333428860e-02 2.017674222589e-02 1.743641123176e-02 1.941498741508e-02 2.427412010729e-02 3.215579316020e-02 3.890547901392e-02 4.328604042530e-02 4.129417613149e-02 3.417553007603e-02 2.650512196124e-02 1.845903880894e-02 1.972018927336e-02 2.295531332493e-02
8.983388543129e-03 1.889718696475e-02 2.260960824788e-02 2.373074553907e-02 2.115767076612e-02 2.127341553569e-02 2.876840718091e-02 3.441896289587e-02 2.045008540154e-02 2.453122101724e-02 2.842929959297e-02 3.166627138853e-02 3.395336866379e-02 3.535603731871e-02 3.597296401858e-02 3.612828627229e-02 3.598966449499e-02 5.025756359100e-02 6.860221922398e-02 7.108460366726e-02 6.106954813004e-02 4.773890599608e-02 3.486328944564e-02 2.505079284310e-02 3.662314638495e-02 3.496736288071e-02 3.222804889083e-02 9.355584532022e-02 9.280329197645e-02 4.254538565874e-02 2.464571222663e-02 2.905114181340e-02 3.114264272153e-02 3.891572728753e-02 4.400053247809e-02 4.583588987589e-02 4.383856058121e-02 3.522416204214e-02 3.752677515149e-02 4.393965750933e-02 2.363865077496e-02 2.104217000306e-02 2.458040416241e-02
6.462746299803e-03 1.430721953511e-02 1.891405880451e-02 2.235348336399e-02 2.456045895815e-02 2.380476705730e-02 2.736903540790e-02 3.267253935337e-02 2.526333555579e-02 2.917894721031e-02 3.204049542546e-02 3.393343463540e-02 3.513494879007e-02 3.589284792542e-02 3.613073006272e-02 3.617899492383e-02 3.643298894167e-02 5.517724156380e-02 7.446174323559e-02 7.583604753017e-02 6.540255993605e-02 5.317667126656e-02 4.155859723687e-02 3.143140673637e-02 4.942410811782e-02 4.765354096889e-02 3.997866809368e-02 8.134802430868e-02 7.286921888590e-02 3.625445812941e-02 4.340079426765e-02 4.878622666001e-02 4.827702790499e-02 5.072805657983e-02 5.020501464605e-02 4.562505707145e-02 4.146423935890e-02 3.915627673268e-02 3.712289780378e-02 5.900932475924e-02 3.800290450454e-02 2.690539695323e-02 2.804044820368e-02
4.891738295555e-03 9.867824614048e-03 1.345481723547e-02 1.733074337244e-02 2.118098922074e-02 2.419084310532e-02 2.524842880666e-02 3.029191866517e-02 2.809193730354e-02 3.110718168318e-02 3.267369419336e-02 3.324463218451e-02 3.310611844063e-02 3.250404447317e-02 3.185461834073e-02 3.190134465694e-02 3.291415795684e-02 5.052163824439e-02 6.682230532169e-02 6.895026564598e-02 6.184512749314e-02 5.246402695775e-02 4.339755326509e-02 3.563212603331e-02 4.893622919917e-02 5.048402398825e-02 4.445416107774e-02 6.652246415615e-02 5.324269086123e-02 3.788814321160e-02 5.109702423215e-02 5.763572454453e-02 5.731266364455e-02 5.460219457746e-02 4.680555686355e-02 4.067587107420e-02 3.816990181804e-02 3.538192436099e-02 3.221343830228e-02 6.224129721522e-02 5.805040150881e-02 2.942280098796e-02 2.817629091442e-02
5.957500543445e-03 1.090720295906e-02 1.215242687613e-02 1.302273944020e-02 1.522214245051e-02 1.905638538301e-02 2.276226505637e-02 2.679092623293e-02 2.860972471535e-02 3.058023564517e-02 3.105932101607e-02 3.051838465035e-02 2.931407839060e-02 2.767077833414e-02 2.625937201083e-02 2.603635936975e-02 2.716567181051e-02 3.981842845678e-02 5.122850835323e-02 5.396996438503e-02 5.051060020924e-02 4.550544917583e-02 4.038951545954e-02 3.662079945207e-02 3.839438036084e-02 4.184909537435e-02 4.083640128374e-02 5.125764757395e-02 3.908164799213e-02 4.278213530779e-02 5.535350739956e-02 6.134811788797e-02 5.855854228139e-02 4.826742038131e-02 3.487589955330e-02 3.898044675589e-02 3.221394494176e-02 3.395475074649e-02 3.296216577291e-02 5.149487406015e-02 7.678322494030e-02 3.143238276243e-02 3.216264769435e-02
7.417584303766e-03 1.237415987998e-02 1.296081952751e-02 1.366738602519e-02 1.436727400869e-02 1.794387213886e-02 2.159532718360e-02 2.486831508577e-02 2.729230746627e-02 2.843578904867e-02 2.814003638923e-02 2.690283954144e-02 2.525034733117e-02 2.338552474976e-02 2.188630588353e-02 2.142109349370e-02 2.191396616399e-02 3.065088205040e-02 3.584600985050e-02 3.841832280159e-02 3.767571225762e-02 3.513060137630e-02 3.308623284101e-02 3.369481489062e-02 3.266774117947e-02 3.089192509651e-02 4.473812133074e-02 4.908949136734e-02 4.943657293916e-02 4.844272509217e-02 5.749029666185e-02 5.828056856990e-02 4.844172298908e-02 4.732273146510e-02 2.456198446453e-02 4.626992717385e-02 4.268042743206e-02 3.944837301970e-02 3.377432003617e-02 3.631896525621e-02 8.689672499895e-02 4.940315708518e-02 3.690160065889e-02
1.020566280931e-02 1.764903776348e-02 1.744249276817e-02 1.399991195649e-02 1.441059354693e-02 1.754757575691e-02 2.063991688192e-02 2.314995974302e-02 2.467820793390e-02 2.507789991796e-02 3.037835471332e-02 3.172140195966e-02 3.194938972592e-02 2.899039164186e-02 2.507343143225e-02 2.335538528860e-02 2.592748217285e-02 2.588040754199e-02 2.942075394094e-02 2.809095010161e-02 2.578776702285e-02 2.532702311873e-02 2.598811499774e-02 2.734175510705e-02 2.915494516492e-02 3.328400105238e-02 4.933878034353e-02 4.904010146856e-02 4.961294680834e-02 5.226763337851e-02 5.504916235805e-02 5.624873563647e-02 5.959817394614e-02 5.288672819734e-02 3.385185077786e-02 5.208338424563e-02 4.753604531288e-02 3.928783535957e-02 2.956761606038e-02 2.249013632536e-02 8.342657238245e-02 7.422014325857e-02 4.157016798854e-02
1.170381717384e-02 2.158139459789e-02 2.335693687201e-02 2.028852701187e-02 1.469086483121e-02 1.652480848134e-02 1.888810098171e-02 2.056755684316e-02 2.131851948798e-02 2.680355496705e-02 3.915462642908e-02 4.050970822573e-02 3.701012581587e-02 3.627585247159e-02 3.373432531953e-02 3.008476644754e-02 2.558327838778e-02 2.213957533240e-02 3.048157133162e-02 3.033966943622e-02 2.245463430882e-02 1.983801275492e-02 2.184582315385e-02 2.872454375029e-02 3.048776276410e-02 3.511026129127e-02 4.299953952432e-02 4.101922735572e-02 4.123739898205e-02 4.424932226539e-02 5.076850205660e-02 5.830740928650e-02 6.445386260748e-02 5.445049330592e-02 3.898330405354e-02 5.755541846156e-02 4.573728889227e-02 3.553870320320e-02 2.438511885703e-02 2.206261269748e-02 6.732853502035e-02 9.953543543816e-02 4.493859782815e-02
1.157081872225e-02 2.268512733281e-02 2.705990895629e-02 2.563180401921e-02 1.997004635632e-02 1.514034904540e-02 1.675375737250e-02 1.810524798930e-02 2.085444517434e-02 2.663731947541e-02 3.848403692245e-02 4.286663979292e-02 4.013232141733e-02 4.016757011414e-02 3.895035386086e-02 3.698310628533e-02 3.421415388584e-02 2.983873151243e-02 3.403197601438e-02 3.237975016236e-02 2.804603427649e-02 2.770012617111e-02 3.138631209731e-02 3.275033831596e-02 2.935687266290e-02 3.050387278199e-02 3.209427744150e-02 2.970467135310e-02 2.979570440948e-02 3.261542692780e-02 3.904957696795e-02 4.925401881337e-02 6.060815602541e-02 5.399642512202e-02 4.040538892150e-02 5.560489743948e-02 4.014974460006e-02 3.216770663857e-02 2.707781270146e-02 2.792810648680e-02 4.627300798893e-02 1.160514652729e-01 4.657138139009e-02
