100/SI/f71.grd
DSAA
101	101
32.816463539100	34.260883539100
35.556306596100	36.727886596100
9.283264516853e-04	3.282691192627e+01
[rows 0 to 18 of 101, columns 0 to 42 of 101]
2.900461666286e-03 5.203512497246e-03 4.661344457418e-03 3.862181445584e-03 3.715243656188e-03 7.016618270427e-03 1.394687965512e-02 1.936314068735e-02 1.721110939980e-02 1.017196103930e-02 4.231343977153e-03 4.715502262115e-03 5.061651580036e-03 4.926304798573e-03 4.240250214934e-03 3.228016896173e-03 4.586858209223e-03 5.415078718215e-03 6.510304752737e-03 7.419844623655e-03 7.621529512107e-03 9.979387745261e-03 7.443620823324e-03 6.589374504983e-03 6.574023980647e-03 8.969479240477e-03 1.414631959051e-02 1.615315489471e-02 1.184119377285e-02 1.188207883388e-02 1.171304285526e-02 1.096370536834e-02 9.473891928792e-03 7.484172936529e-03 5.333962384611e-03 3.384541021660e-03 4.792596213520e-03 7.313773967326e-03 1.027720700949e-02 1.152039784938e-02 9.653648361564e-03 9.530653245747e-03 9.133382700384e-03
5.386510398239e-03 1.019789651036e-02 1.009793020785e-02 8.208898827434e-03 8.488561026752e-03 1.359003782272e-02 2.689726278186e-02 3.704753145576e-02 3.256516903639e-02 1.877234503627e-02 7.573406212032e-03 8.237664587796e-03 8.766539394855e-03 8.384429849684e-03 7.086412981153e-03 5.817337427288e-03 7.296573836356e-03 9.701464325190e-03 1.159580424428e-02 1.309266407043e-02 1.319176144898e-02 2.598039619625e-02 1.455091033131e-02 1.137294806540e-02 1.358650531620e-02 1.755610294640e-02 2.376437373459e-02 2.713496424258e-02 2.042946591973e-02 2.003756165504e-02 1.907046698034e-02 1.721289381385e-02 1.426582690328e-02 1.076777745038e-02 7.397479377687e-03 7.015161216259e-03 1.147382054478e-02 1.633761636913e-02 2.054998092353e-02 2.019650861621e-02 1.493386831135e-02 1.719710044563e-02 1.889330148697e-02
5.321737844497e-03 1.094043906778e-02 1.236010435969e-02 1.157177612185e-02 1.213254034519e-02 1.574460789561e-02 3.123931400478e-02 4.226987808943e-02 3.597179800272e-02 1.949387975037e-02 9.288292378187e-03 1.054925285280e-02 1.093961112201e-02 1.013207994401e-02 9.073053486645e-03 7.839296944439e-03 8.681779727340e-03 1.165996491909e-02 1.437954138964e-02 1.596050150692e-02 2.686390094459e-02 4.006298258901e-02 1.776434481144e-02 1.543631125242e-02 1.811160892248e-02 2.187485434115e-02 2.263256907463e-02 2.473774179816e-02 2.157887443900e-02 2.040999941528e-02 1.852233149111e-02 1.581638678908e-02 1.310373842716e-02 9.045648388565e-03 8.362316526473e-03 1.331769675016e-02 1.945322565734e-02 2.384691312909e-02 2.489901147783e-02 2.011309377849e-02 1.236363872886e-02 1.594713702798e-02 2.116505987942e-02
6.231071893126e-03 1.137608010322e-02 1.260699424893e-02 1.299002859741e-02 1.389863062650e-02 1.620236784220e-02 3.281095251441e-02 4.347443953156e-02 3.495874255896e-02 1.683580130339e-02 1.066275592893e-02 1.226501259953e-02 1.417327485979e-02 1.423333212733e-02 1.295137498528e-02 1.118570566177e-02 9.499606676400e-03 1.229940727353e-02 1.492101978511e-02 2.056797221303e-02 4.499852657318e-02 5.091186985373e-02 1.954280957580e-02 1.849814131856e-02 2.003255859017e-02 2.292665652931e-02 2.186153456569e-02 2.021974138916e-02 2.060241997242e-02 1.680027507246e-02 1.437004934996e-02 1.156448666006e-02 1.510482002050e-02 9.608748368919e-03 1.525704190135e-02 2.153910323977e-02 2.658146433532e-02 2.679121494293e-02 2.260650880635e-02 1.471695490181e-02 1.507401373237e-02 1.677493564785e-02 1.939478144050e-02
7.206678856164e-03 1.354566216469e-02 1.408078894019e-02 1.344201061875e-02 1.456496771425e-02 1.647445373237e-02 3.366426005960e-02 4.370003566146e-02 3.300365060568e-02 1.428828388453e-02 1.339156739414e-02 1.676325686276e-02 1.866028457880e-02 1.860799826682e-02 1.717264764011e-02 1.462250016630e-02 1.209925860167e-02 1.186594553292e-02 1.889418065548e-02 3.765590861440e-02 6.248284503818e-02 5.588818714023e-02 1.887032575905e-02 2.008799463511e-02 2.009837888181e-02 2.247443795204e-02 2.010342851281e-02 1.711108908057e-02 2.229340188205e-02 2.213712595403e-02 1.209973450750e-02 1.168231107295e-02 1.611724123359e-02 1.719454117119e-02 2.408972941339e-02 2.876006253064e-02 2.898035943508e-02 2.363716438413e-02 1.619458384812e-02 1.773810014129e-02 2.284762822092e-02 2.241283468902e-02 1.534531079233e-02
8.096237666905e-03 1.559448987246e-02 1.693096198142e-02 1.538256835192e-02 1.484321802855e-02 1.675454899669e-02 3.384710103273e-02 4.260363057256e-02 2.999243512750e-02 1.321410574019e-02 1.754958555102e-02 2.102220989764e-02 2.238566800952e-02 2.174957655370e-02 1.971466839314e-02 1.624538190663e-02 1.329274475574e-02 1.330367941409e-02 2.986893057823e-02 5.343128368258e-02 7.256712019444e-02 5.518009141088e-02 2.160089276731e-02 3.060010448098e-02 2.156006731093e-02 2.114865742624e-02 1.808885298669e-02 2.656460553408e-02 3.987445682287e-02 3.075101599097e-02 1.402472425252e-02 1.471718680114e-02 1.868464052677e-02 2.584166638553e-02 3.060492686927e-02 3.016472980380e-02 2.494154497981e-02 1.664418540895e-02 1.965251937509e-02 2.684145607054e-02 3.083033673465e-02 2.605550363660e-02 1.408796664327e-02
8.450699038804e-03 1.668943464756e-02 1.962176151574e-02 1.897252723575e-02 1.666853204370e-02 1.702411286533e-02 3.354092314839e-02 4.103834927082e-02 2.715206705034e-02 1.679271645844e-02 2.106893621385e-02 2.391065284610e-02 2.430088259280e-02 2.275147289038e-02 1.960135251284e-02 1.564786955714e-02 1.293477509171e-02 2.084503136575e-02 3.995610028505e-02 6.353593617678e-02 7.508650422096e-02 5.042300745845e-02 2.877432666719e-02 3.877994045615e-02 2.740851603448e-02 2.173180505633e-02 1.806697621942e-02 4.796779155731e-02 6.743370741606e-02 3.932777047157e-02 1.501508057117e-02 1.793800853193e-02 2.557302452624e-02 3.037569671869e-02 3.030551224947e-02 2.508468367159e-02 1.741390302777e-02 1.973930001259e-02 2.857658825815e-02 3.543056920171e-02 3.563658893108e-02 2.622793428600e-02 1.538548618555e-02
8.515603840351e-03 1.693066023290e-02 2.128325775266e-02 2.232058905065e-02 2.084929309785e-02 1.766819320619e-02 3.330102562904e-02 4.042612761259e-02 2.549340389669e-02 2.003874070942e-02 2.359066344798e-02 2.520646154881e-02 2.452560886741e-02 2.189122512937e-02 1.766458898783e-02 1.384191215038e-02 1.246262528002e-02 2.725170925260e-02 4.854606464505e-02 6.871596723795e-02 7.374629378319e-02 4.538217559457e-02 3.141383081675e-02 4.261131584644e-02 3.332428634167e-02 2.284830249846e-02 2.117426134646e-02 7.207694649696e-02 9.381606429815e-02 4.633040726185e-02 1.581949926913e-02 2.228249795735e-02 2.735132537782e-02 2.794966474175e-02 2.903024479747e-02 2.062573656440e-02 1.934907771647e-02 2.821938507259e-02 3.722096234560e-02 4.030986502767e-02 3.513104841113e-02 2.215097472072e-02 1.808672025800e-02
8.199452422559e-03 1.627658680081e-02 2.119019813836e-02 2.371490187943e-02 2.413129620254e-02 2.160375565290e-02 3.314258158207e-02 4.033215343952e-02 2.470520325005e-02 2.238501049578e-02 2.489095926285e-02 2.525663189590e-02 2.335824072361e-02 1.963695883751e-02 2.076516300440e-02 2.069873735309e-02 1.974112167954e-02 3.226621821523e-02 5.309208109975e-02 6.749870628119e-02 6.696647405624e-02 3.951870650053e-02 3.224606439471e-02 4.068674147129e-02 3.590252250433e-02 2.473989874125e-02 2.170251868665e-02 9.253415465355e-02 1.091256961226e-01 5.127950757742e-02 1.973699033260e-02 2.128098905087e-02 2.294133603573e-02 2.700696326792e-02 3.187757730484e-02 2.437713742256e-02 2.908938005567e-02 3.803784400225e-02 4.367189481854e-02 4.044368118048e-02 2.968547306955e-02 2.169105596840e-02 2.107190154493e-02
1.175423804671e-02 2.070622332394e-02 1.941929757595e-02 2.278534509242e-02 2.520808950067e-02 2.482422254980e-02 3.338813036680e-02 4.047435894608e-02 2.428666315973e-02 2.355043217540e-02 2.489565312862e-02 2.405686490238e-02 2.552418038249e-02 2.787628769875e-02 2.927135117352e-02 2.981123700738e-02 2.911359630525e-02 3.673808649182e-02 5.414623022079e-02 6.243765726686e-02 5.805725604296e-02 3.384938836098e-02 2.925751730800e-02 3.547149896622e-02 3.458027169108e-02 2.539007551968e-02 2.315801568329e-02 1.046156734228e-01 1.157201752067e-01 5.334727838635e-02 2.226504310966e-02 1.690492965281e-02 2.230013348162e-02 2.680660039186e-02 3.264188393950e-02 3.149279579520e-02 4.062092304230e-02 4.553188011050e-02 4.445688053966e-02 3.487006202340e-02 2.136096172035e-02 2.276957593858e-02 2.366297692060e-02
1.186612155288e-02 2.375539951026e-02 2.456118911505e-02 2.018458023667e-02 2.361433766782e-02 2.587127871811e-02 3.323614597321e-02 4.001414403319e-02 2.362491562963e-02 2.374739944935e-02 2.559113502502e-02 2.986274845898e-02 3.313389047980e-02 3.506214544177e-02 3.608542680740e-02 3.660606592894e-02 3.643147274852e-02 4.262114688754e-02 5.964908376336e-02 6.304765492678e-02 5.285128951073e-02 3.894199803472e-02 2.720943652093e-02 3.015926294029e-02 3.104665316641e-02 2.431113645434e-02 2.999060042202e-02 1.099626570940e-01 1.181396469474e-01 5.243968218565e-02 2.269472926855e-02 1.961184851825e-02 2.184001170099e-02 2.730236388743e-02 3.616745397449e-02 4.375929012895e-02 4.868637025356e-02 4.644615948200e-02 3.843931481242e-02 2.981385588646e-02 2.076646871865e-02 2.219274640083e-02 2.582018077374e-02
1.010419055820e-02 2.125486172736e-02 2.543046884239e-02 2.669152989984e-02 2.379750087857e-02 2.393735013902e-02 3.235622122884e-02 3.871163353324e-02 2.300222776830e-02 2.759232558310e-02 3.197654336691e-02 3.561719879508e-02 3.818950057030e-02 3.976706415415e-02 4.046088457108e-02 4.063554853201e-02 4.047962650657e-02 5.652881786227e-02 7.716281712055e-02 7.995516061783e-02 6.869039684534e-02 5.369624495506e-02 3.921391069889e-02 2.817636169493e-02 4.119282215834e-02 3.933041915298e-02 3.624843433499e-02 1.052258685231e-01 1.043796613812e-01 4.785291850567e-02 2.772061340511e-02 3.267574310303e-02 3.502822667360e-02 4.377084970474e-02 4.949005693197e-02 5.155435949564e-02 4.930778592825e-02 3.961877897382e-02 4.221029207110e-02 4.942383244634e-02 2.658824250102e-02 2.366777509451e-02 2.764809317887e-02
7.269102148712e-03 1.609227620065e-02 2.127382718027e-02 2.514234930277e-02 2.762470208108e-02 2.677481062710e-02 3.078233636916e-02 3.674740344286e-02 2.841614373028e-02 3.282006084919e-02 3.603843972087e-02 3.816740959883e-02 3.951871395111e-02 4.037109017372e-02 4.063858464360e-02 4.069280624390e-02 4.097844660282e-02 6.206211820245e-02 8.375316113234e-02 8.529917150736e-02 7.356386631727e-02 5.981242284179e-02 4.674461483955e-02 3.535308316350e-02 5.559100583196e-02 5.359950289130e-02 4.496691748500e-02 9.149494022131e-02 8.195862919092e-02 4.077709093690e-02 4.881612583995e-02 5.487357825041e-02 5.430077388883e-02 5.705695971847e-02 5.646859481931e-02 5.131717771292e-02 4.663788154721e-02 4.404196515679e-02 4.175623133779e-02 6.637407094240e-02 4.274728894234e-02 3.026239201427e-02 3.153906390071e-02
5.502372980118e-03 1.109911967069e-02 1.513359323144e-02 1.949302665889e-02 2.382359094918e-02 2.720892243087e-02 2.839849889278e-02 3.406987711787e-02 3.159780800343e-02 3.498909249902e-02 3.675092384219e-02 3.739299252629e-02 3.723710030317e-02 3.655983880162e-02 3.582933172584e-02 3.588181361556e-02 3.702090308070e-02 5.682532861829e-02 7.516011595726e-02 7.755376398563e-02 6.956221163273e-02 5.901064351201e-02 4.881290718913e-02 4.007736220956e-02 5.504205822945e-02 5.678302422166e-02 5.000077560544e-02 7.481972873211e-02 5.988360568881e-02 4.261548072100e-02 5.747267231345e-02 6.482728570700e-02 6.446307152510e-02 6.141438707709e-02 5.264495313168e-02 4.575093090534e-02 4.293229058385e-02 3.979647532105e-02 3.623269870877e-02 7.000932097435e-02 6.529623270035e-02 3.309379890561e-02 3.169989958405e-02
6.701093167067e-03 1.226864662021e-02 1.367043983191e-02 1.464943401515e-02 1.712142489851e-02 2.143398299813e-02 2.560103870928e-02 3.013224340975e-02 3.218032047153e-02 3.439661860466e-02 3.493544831872e-02 3.432700410485e-02 3.297240659595e-02 3.112402185798e-02 2.953645028174e-02 2.928552031517e-02 3.055562451482e-02 4.478644952178e-02 5.762030929327e-02 6.070394441485e-02 5.681306496263e-02 5.118350684643e-02 4.542931541800e-02 4.118943586946e-02 4.318457841873e-02 4.707042500377e-02 4.593143984675e-02 5.765065178275e-02 4.395601153374e-02 4.811960458755e-02 6.225945055485e-02 6.900193542242e-02 6.586430221796e-02 5.428919941187e-02 3.922686353326e-02 4.384190589190e-02 3.623322397470e-02 3.819110244513e-02 3.707463666797e-02 5.792167782784e-02 8.636648952961e-02 3.535863012075e-02 3.618348017335e-02
8.343389257789e-03 1.391861401498e-02 1.457978598773e-02 1.537458505481e-02 1.616144925356e-02 2.018409036100e-02 2.429096959531e-02 2.797222137451e-02 3.069859929383e-02 3.198475390673e-02 3.165215998888e-02 3.026067838073e-02 2.840206399560e-02 2.630458958447e-02 2.461830154061e-02 2.409496530890e-02 2.464921399951e-02 3.447329625487e-02 4.031832516193e-02 4.321167245507e-02 4.237648844719e-02 3.951388970017e-02 3.721451386809e-02 3.789871931076e-02 3.674340248108e-02 3.474522754550e-02 5.032011121511e-02 5.521436035633e-02 5.560475960374e-02 5.448697879910e-02 6.466269493103e-02 6.555157154799e-02 5.448517948389e-02 5.322730913758e-02 2.762673050165e-02 5.204065889120e-02 4.800532013178e-02 4.436997324228e-02 3.798802569509e-02 4.085184633732e-02 9.774179011583e-02 5.557105690241e-02 4.151316732168e-02
1.147945318371e-02 1.985187828541e-02 1.961955986917e-02 1.574731059372e-02 1.621024683118e-02 1.973840966821e-02 2.321640588343e-02 2.603952214122e-02 2.775841392577e-02 2.820801921189e-02 3.416815772653e-02 3.568020090461e-02 3.593665361404e-02 3.260850533843e-02 2.820290438831e-02 2.627083472908e-02 2.916398085654e-02 2.910779789090e-02 3.308949619532e-02 3.159381821752e-02 2.900516428053e-02 2.848698571324e-02 2.923157624900e-02 3.075371496379e-02 3.279149904847e-02 3.743674606085e-02 5.549448356032e-02 5.515852198005e-02 5.580289661884e-02 5.878892913461e-02 6.191761046648e-02 6.326690316200e-02 6.703422218561e-02 5.948548018932e-02 3.807547688484e-02 5.857928469777e-02 5.346658825874e-02 4.418930411339e-02 3.325644135475e-02 2.529605850577e-02 9.383833408356e-02 8.348430693150e-02 4.676352813840e-02
1.316457241774e-02 2.427501417696e-02 2.627219818532e-02 2.282084152102e-02 1.652451604605e-02 1.858819648623e-02 2.124617807567e-02 2.313506603241e-02 2.397968806326e-02 3.014698438346e-02 4.403899610043e-02 4.556356370449e-02 4.162885248661e-02 4.080306738615e-02 3.794450685382e-02 3.383971378207e-02 2.877658419311e-02 2.490218728781e-02 3.428524732590e-02 3.412567824125e-02 2.525667287409e-02 2.231258340180e-02 2.457044459879e-02 3.230724483728e-02 3.429048508406e-02 3.949064388871e-02 4.836411774158e-02 4.613676294684e-02 4.638221487403e-02 4.976998269558e-02 5.710261687636e-02 6.558227539062e-02 7.249563187361e-02 6.124426424503e-02 4.384707286954e-02 6.473395228386e-02 5.144340917468e-02 3.997245803475e-02 2.742739021778e-02 2.481461875141e-02 7.573118805885e-02 1.119581982493e-01 5.055164918303e-02
1.301494427025e-02 2.551645413041e-02 3.043730743229e-02 2.883101440966e-02 2.246267534792e-02 1.703121140599e-02 1.884579658508e-02 2.036697790027e-02 2.346058748662e-02 2.995992079377e-02 4.328458011150e-02 4.821429029107e-02 4.514051601291e-02 4.518022388220e-02 4.381125792861e-02 4.159870743752e-02 3.848445788026e-02 3.356323018670e-02 3.827869519591e-02 3.642033040524e-02 3.154880180955e-02 3.115984424949e-02 3.530081361532e-02 3.683510422707e-02 3.301845490932e-02 3.430943191051e-02 3.609821200371e-02 3.341050073504e-02 3.351291641593e-02 3.668447583914e-02 4.392138868570e-02 5.539898946881e-02 6.816975772381e-02 6.073337793350e-02 4.544682428241e-02 6.254024803638e-02 4.515889659524e-02 3.618102893233e-02 3.045791387558e-02 3.141171857715e-02 5.204811692238e-02 1.305348426104e-01 5.238778516650e-02
