100/SI/f71.grd
DSAA
101	101
32.816463539100	34.260883539100
35.556306596100	36.727886596100
9.283264516853e-04	3.282691192627e+01
[rows 38 to 56 of 101, columns 43 to 85 of 101]
2.787387371063e-01 3.370383381844e-01 3.522828221321e-01 3.704103827477e-01 4.376795887947e-01 4.066190123558e-01 3.395578265190e-01 5.835090279579e-01 3.840292990208e-01 3.818289637566e-01 4.064956903458e-01 2.413271218538e-01 2.921991646290e-01 2.175097018480e-01 1.617137789726e-01 2.417267262936e-01 3.305511772633e-01 1.860869675875e-01 1.225901916623e-01 1.488226354122e-01 1.503311842680e-01 1.296129971743e-01 1.188319399953e-01 1.241461485624e-01 1.250676512718e-01 1.206723898649e-01 1.193504258990e-01 1.218769252300e-01 1.082210540771e-01 8.117138594389e-02 5.282756686211e-02 4.881018400192e-02 5.459766462445e-02 6.265690177679e-02 6.416787207127e-02 5.926758050919e-02 5.004995316267e-02 3.899642452598e-02 2.832366153598e-02 2.513081952929e-02 2.777729742229e-02 2.928539924324e-02 3.497158735991e-02
3.265384435654e-01 3.815078437328e-01 3.607391417027e-01 5.294002890587e-01 5.781404376030e-01 3.662828207016e-01 8.048670291901e-01 5.088559389114e-01 3.906686007977e-01 2.567577958107e-01 4.650484621525e-01 3.780014514923e-01 2.217460274696e-01 2.085153311491e-01 2.486231774092e-01 3.337971270084e-01 3.163664937019e-01 2.309408783913e-01 2.053388059139e-01 1.815544962883e-01 1.678936928511e-01 1.451250463724e-01 1.207033172250e-01 1.244806498289e-01 1.242105662823e-01 9.246306121349e-02 6.942322105169e-02 6.396471709013e-02 5.155038461089e-02 6.940588355064e-02 7.609562575817e-02 7.135645300150e-02 5.843294784427e-02 4.772115498781e-02 3.993137180805e-02 3.425969928503e-02 3.029748238623e-02 2.748178318143e-02 2.685081958771e-02 2.951882407069e-02 5.994820967317e-02 1.040255352855e-01 1.074024736881e-01
5.318439006805e-01 3.582505881786e-01 4.645364582539e-01 4.954257011414e-01 6.399536728859e-01 5.532403588295e-01 6.220994591713e-01 5.042536258698e-01 2.976737320423e-01 3.006792664528e-01 5.014936327934e-01 3.191989660263e-01 3.125925362110e-01 3.514311313629e-01 3.967219889164e-01 4.203404784203e-01 2.662747800350e-01 2.618371248245e-01 2.434747517109e-01 1.619671583176e-01 1.212694346905e-01 1.736616194248e-01 2.279760539532e-01 1.738797128201e-01 1.115204840899e-01 7.907867431641e-02 5.850747972727e-02 6.806743144989e-02 6.943302601576e-02 6.556623429060e-02 5.371846631169e-02 4.026697948575e-02 3.331847488880e-02 2.817100845277e-02 3.194741159678e-02 3.013382293284e-02 2.952609583735e-02 4.613982886076e-02 9.249998629093e-02 1.261650472879e-01 1.039830595255e-01 7.184720784426e-02 6.246433034539e-02
4.493696391582e-01 3.903027474880e-01 6.252828836441e-01 4.930116534233e-01 7.295926213264e-01 7.156882882118e-01 7.107303738594e-01 4.553836286068e-01 5.595788955688e-01 4.234945476055e-01 4.756093025208e-01 4.547667503357e-01 5.100829005241e-01 3.601718246937e-01 4.260720014572e-01 3.993468880653e-01 2.355956286192e-01 2.134850472212e-01 1.888869404793e-01 3.144294023514e-01 3.372547030449e-01 1.790073961020e-01 2.159489393234e-01 1.467252224684e-01 1.392379850149e-01 1.256500482559e-01 1.051271408796e-01 1.088353842497e-01 9.005122631788e-02 7.194002717733e-02 1.324923932552e-01 5.628982558846e-02 5.599018186331e-02 5.952052772045e-02 6.311309337616e-02 6.651142239571e-02 1.180198937654e-01 1.351701617241e-01 1.044789254665e-01 1.153497695923e-01 1.169046685100e-01 1.147904023528e-01 1.058222502470e-01
6.304152607918e-01 4.619269967079e-01 6.952075362206e-01 7.346010208130e-01 6.952479481697e-01 9.011731743813e-01 8.221698999405e-01 6.204876303673e-01 4.856138229370e-01 6.361820101738e-01 5.166197419167e-01 7.567546963692e-01 6.197944879532e-01 5.454063415527e-01 5.543646216393e-01 2.746163010597e-01 4.150513708591e-01 5.494618415833e-01 4.332442283630e-01 2.043583095074e-01 2.262611538172e-01 2.210450172424e-01 9.745958447456e-02 1.305001676083e-01 1.376271694899e-01 1.276981532574e-01 1.224542856216e-01 1.957355439663e-01 2.329679876566e-01 2.050571739674e-01 1.008065715432e-01 7.958202809095e-02 6.821192800999e-02 7.872164994478e-02 1.530845314264e-01 1.571258306503e-01 9.926060587168e-02 7.012035697699e-02 8.586590737104e-02 1.074607521296e-01 1.291293352842e-01 1.292334794998e-01 1.246966868639e-01
7.523503303528e-01 8.060597181320e-01 9.534938335419e-01 1.220851421356e+00 1.807745218277e+00 8.532329797745e-01 1.011258959770e+00 6.323034167290e-01 1.221021294594e+00 8.004872202873e-01 9.187062382698e-01 6.460489630699e-01 4.068304300308e-01 6.390511989594e-01 7.075356245041e-01 6.886116862297e-01 4.297403395176e-01 2.456856817007e-01 5.325427651405e-01 4.590891003609e-01 2.450369596481e-01 1.702065616846e-01 1.396890878677e-01 2.509328126907e-01 3.061954081059e-01 2.691586911678e-01 1.751830130816e-01 1.661949008703e-01 1.794618070126e-01 7.620508968830e-02 1.126297935843e-01 1.684242635965e-01 2.089982777834e-01 1.876146197319e-01 1.205379739404e-01 2.147559970617e-01 2.538584768772e-01 2.266402393579e-01 1.622379720211e-01 1.127773448825e-01 1.412383913994e-01 1.553130447865e-01 1.640978157520e-01
6.530790328979e-01 9.174288511276e-01 9.631177783012e-01 1.025244951248e+00 1.580472230911e+00 1.951846122742e+00 1.579327940941e+00 1.056753993034e+00 1.413028120995e+00 1.017442703247e+00 7.732842564583e-01 6.828590035439e-01 7.194337248802e-01 8.884627223015e-01 6.933600902557e-01 5.218141078949e-01 6.809259653091e-01 6.340361237526e-01 3.470773994923e-01 4.158890843391e-01 4.194849729538e-01 3.626309037209e-01 2.589259445667e-01 1.385668665171e-01 1.417365074158e-01 1.395414918661e-01 1.447331160307e-01 1.741161495447e-01 1.969931423664e-01 2.111994624138e-01 2.053071856499e-01 1.751454323530e-01 1.323476582766e-01 1.351613700390e-01 2.497838139534e-01 3.043712973595e-01 2.846333682537e-01 2.090002894402e-01 1.262027621269e-01 6.452624499798e-02 8.076151460409e-02 9.335697442293e-02 1.039394512773e-01
1.076576590538e+00 1.562693238258e+00 1.760500669479e+00 1.193099021912e+00 1.482858300209e+00 2.071594476700e+00 2.197283744812e+00 1.795371651649e+00 1.338502287865e+00 1.396110177040e+00 1.347823858261e+00 8.597516417503e-01 8.498581051826e-01 5.671694874763e-01 5.068634152412e-01 7.140262126923e-01 8.510331511497e-01 6.796033978462e-01 3.218579888344e-01 2.962313592434e-01 2.820119261742e-01 2.730939984322e-01 2.623986601830e-01 2.884958386421e-01 2.881104648113e-01 2.541716992855e-01 2.261842787266e-01 2.270713448524e-01 1.855502873659e-01 1.392547935247e-01 1.385483741760e-01 1.300362795591e-01 1.122133806348e-01 2.117444723845e-01 2.522743642330e-01 2.388162016869e-01 1.664132475853e-01 8.780322968960e-02 7.910752296448e-02 7.435436546803e-02 7.425133138895e-02 7.944310456514e-02 8.578017354012e-02
1.611734986305e+00 2.223945856094e+00 2.293406963348e+00 1.984420537949e+00 2.435292243958e+00 2.011712312698e+00 2.600827217102e+00 5.499351501465e+00 1.641315817833e+00 1.450810313225e+00 1.261240959167e+00 1.229029536247e+00 1.013093352318e+00 1.226573348045e+00 1.155648946762e+00 7.969049215317e-01 7.284144163132e-01 7.502784729004e-01 4.823089838028e-01 3.845390677452e-01 4.371669590473e-01 4.473020732403e-01 4.857724010944e-01 3.612511754036e-01 3.107940852642e-01 2.749477326870e-01 2.214429229498e-01 2.424006611109e-01 2.428309023380e-01 2.242235392332e-01 1.904306262732e-01 1.570538729429e-01 1.912472844124e-01 2.194125652313e-01 2.036580741405e-01 1.560897678137e-01 1.141905635595e-01 1.099876463413e-01 1.071001887321e-01 1.057603284717e-01 1.031825914979e-01 9.911040216684e-02 9.477089345455e-02
7.979730367661e-01 1.577336311340e+00 2.076198577881e+00 2.104870080948e+00 3.383346557617e+00 2.954631567001e+00 3.459334135056e+00 4.094967842102e+00 1.991165518761e+00 1.775349378586e+00 1.846290946007e+00 1.024095773697e+00 1.336588740349e+00 1.440010905266e+00 1.206775307655e+00 1.050622105598e+00 8.902077674866e-01 7.667482495308e-01 7.190042734146e-01 1.118116021156e+00 1.292902231216e+00 5.452808141708e-01 3.746750652790e-01 3.430883288383e-01 4.739765226841e-01 3.049267232418e-01 2.673294246197e-01 2.501779794693e-01 2.344737797976e-01 2.225130051374e-01 2.131788879633e-01 2.198054641485e-01 2.318246066570e-01 1.976698189974e-01 1.509146690369e-01 1.427319049835e-01 1.345568299294e-01 9.265349060297e-02 9.806316345930e-02 1.036995798349e-01 9.558496624231e-02 9.782233834267e-02 1.025771945715e-01
1.688998579979e+00 2.805341243744e+00 3.706633806229e+00 3.927969694138e+00 3.169308900833e+00 4.499693870544e+00 4.781578540802e+00 3.924553394318e+00 2.022317171097e+00 2.203149080276e+00 2.038446426392e+00 2.611640214920e+00 1.078139781952e+00 1.831596016884e+00 2.017255783081e+00 1.025508284569e+00 9.231194853783e-01 9.686853885651e-01 1.055850982666e+00 1.225020289421e+00 9.306322336197e-01 2.943581342697e-01 3.966190218925e-01 3.405092954636e-01 3.657189607620e-01 2.987486124039e-01 2.408276647329e-01 2.381533384323e-01 1.975350379944e-01 1.380558460951e-01 1.511947363615e-01 1.649294644594e-01 1.766938269138e-01 1.809469610453e-01 1.740015894175e-01 1.658152192831e-01 1.471052914858e-01 1.530765891075e-01 1.695073843002e-01 1.725346893072e-01 1.535745114088e-01 1.325178742409e-01 1.150109320879e-01
1.065360665321e+00 1.944769144058e+00 3.685956954956e+00 4.712844371796e+00 3.523920536041e+00 4.342520236969e+00 3.046449899673e+00 8.260518074036e+00 5.938475608826e+00 1.001634311676e+01 2.782701253891e+00 2.091820955276e+00 2.525255441666e+00 1.443502306938e+00 1.051598191261e+00 7.193358540535e-01 6.900399923325e-01 4.608378708363e-01 3.513933420181e-01 3.348761796951e-01 3.136409223080e-01 2.962805628777e-01 3.273692429066e-01 3.747498989105e-01 3.807115554810e-01 3.304192423820e-01 3.705456852913e-01 2.576288878918e-01 1.570192873478e-01 1.348189711571e-01 1.131497472525e-01 1.035069003701e-01 1.083873435855e-01 1.016074120998e-01 1.318753659725e-01 1.434436291456e-01 1.140566244721e-01 1.423297226429e-01 1.675605773926e-01 1.768273413181e-01 1.996005922556e-01 2.492282837629e-01 2.812171876431e-01
4.283502101898e+00 7.278901934624e-01 1.174244284630e+00 5.767768383026e+00 2.073243379593e+00 2.857838869095e+00 8.333271980286e+00 1.442523479462e+01 2.045369529724e+01 3.282691192627e+01 2.893567800522e+00 3.062585353851e+00 2.789695262909e+00 2.294974327087e+00 1.459227561951e+00 7.803709506989e-01 5.406509637833e-01 2.882275581360e+00 4.196521759033e+00 5.607414841652e-01 7.290650010109e-01 6.728910803795e-01 4.953092634678e-01 3.174542784691e-01 2.453011125326e-01 2.293687313795e-01 4.542807936668e-01 6.675006151199e-01 3.092713356018e-01 1.544852852821e-01 1.306389719248e-01 1.123253703117e-01 1.055973544717e-01 1.023712083697e-01 1.152650192380e-01 1.226299032569e-01 1.160551905632e-01 9.873681515455e-02 8.894389122725e-02 8.587490767241e-02 9.449829906225e-02 1.107188984752e-01 9.618761390448e-02
1.013226866722e+00 2.838507890701e+00 7.556574940681e-01 1.040598988533e+00 9.814241409302e+00 5.649923324585e+00 6.164125919342e+00 7.264816284180e+00 8.374574661255e+00 1.732587242126e+01 1.818984222412e+01 3.379701137543e+00 3.155968189240e+00 2.797132015228e+00 2.323159694672e+00 1.283187985420e+00 5.797929167747e-01 3.063584327698e+00 4.513284862041e-01 4.999872446060e-01 8.772643804550e-01 9.303357005119e-01 7.926979064941e-01 6.108496785164e-01 6.208002567291e-01 5.316227674484e-01 5.393596887589e-01 3.766100406647e-01 1.962770968676e-01 1.799820065498e-01 1.625745743513e-01 1.377311795950e-01 1.225350722671e-01 1.030309870839e-01 8.279059082270e-02 7.416254281998e-02 9.480731934309e-02 1.051030158997e-01 9.122250229120e-02 7.571300864220e-02 7.908624410629e-02 8.507132530212e-02 8.696459233761e-02
8.739252686501e-01 1.654101848602e+00 3.399419307709e+00 2.622670888901e+00 2.566711664200e+00 2.113470315933e+00 3.021159887314e+00 2.927312850952e+00 3.260170698166e+00 4.866672039032e+00 1.115607929230e+01 1.990578460693e+01 4.155873775482e+00 2.476953983307e+00 1.346408843994e+00 3.830351233482e-01 6.993784308434e-01 1.452872037888e+00 1.863432675600e-01 2.691859006882e-01 4.567971825600e-01 5.885860919952e-01 6.638550162315e-01 4.153194725513e-01 3.680268526077e-01 3.494282066822e-01 4.358292222023e-01 4.178903102875e-01 3.658408224583e-01 2.640156447887e-01 2.546459138393e-01 1.709607392550e-01 1.568989604712e-01 1.149088069797e-01 1.066780239344e-01 9.916738420725e-02 1.079760417342e-01 1.060624346137e-01 9.741905331612e-02 7.653772830963e-02 7.577461004257e-02 7.437214255333e-02 8.214388042688e-02
5.889728665352e-01 2.446734905243e+00 5.658151626587e+00 3.983778953552e+00 8.566336035728e-01 1.153425216675e+00 1.141937255859e+00 1.272416114807e+00 2.624665498734e-01 4.220857620239e+00 8.016324996948e+00 1.979122924805e+01 4.057497024536e+00 2.851166248322e+00 4.123795032501e+00 5.404367446899e-01 1.002967238426e+00 3.677539825439e-01 1.189021468163e-01 3.708928227425e-01 6.825832724571e-01 1.728936195374e+00 1.306607842445e+00 8.832485675812e-01 6.113690137863e-01 3.846417963505e-01 4.385326206684e-01 3.220680952072e-01 2.444751858711e-01 3.024366796017e-01 3.026052117348e-01 2.408446669579e-01 1.693301200867e-01 1.792881786823e-01 1.501404345036e-01 1.274606734514e-01 1.130814626813e-01 1.047340184450e-01 9.470330178738e-02 9.267162531614e-02 8.194038271904e-02 6.980437785387e-02 7.925289869308e-02
4.977114498615e-01 1.237412452698e+00 8.403367042542e+00 1.025251483917e+01 5.436420917511e+00 7.541668415070e-01 5.783497095108e-01 7.712292671204e-01 1.071350932121e+00 1.133142709732e+00 7.375825047493e-01 3.467508077621e+00 8.717015266418e+00 1.239356231689e+01 6.651652336121e+00 1.735785126686e+00 2.433117389679e+00 9.608950614929e-01 7.774243354797e-01 3.178539037704e+00 9.309749007225e-01 5.312215328217e+00 1.684091091156e+00 8.526049256325e-01 8.532130122185e-01 3.961193561554e-01 4.174576103687e-01 3.172747492790e-01 4.972146451473e-01 3.798447549343e-01 2.171679884195e-01 2.333529591560e-01 2.392376214266e-01 2.271310687065e-01 2.223132997751e-01 1.769537329674e-01 1.437824815512e-01 1.252883672714e-01 1.044560745358e-01 8.281856030226e-02 8.481216430664e-02 8.274821937084e-02 1.010498553514e-01
5.056054592133e-01 4.531343579292e-01 7.076084613800e-01 4.015789985657e+00 2.497017383575e+00 5.341777205467e-01 4.463163614273e-01 4.556341171265e-01 5.748828053474e-01 5.274764299393e-01 3.925700783730e-01 4.364034533501e-01 1.036297082901e+00 4.425867080688e+00 1.306674575806e+01 5.710834503174e+00 2.699856996536e+00 1.658325314522e+00 9.172479510307e-01 2.290010213852e+00 1.197812199593e+00 3.742113411427e-01 3.841413259506e-01 2.749273478985e-01 4.130750298500e-01 6.923758983612e-01 5.298254489899e-01 3.875614404678e-01 3.429399430752e-01 4.669307172298e-01 4.847804307938e-01 4.189716875553e-01 2.785227894783e-01 2.080348432064e-01 2.239320874214e-01 1.952116638422e-01 1.666085124016e-01 1.400846689939e-01 1.180190816522e-01 9.768380224705e-02 7.344681769609e-02 7.736323773861e-02 9.245650470257e-02
3.469556570053e-01 3.727535605431e-01 3.726951777935e-01 4.600728154182e-01 4.645407795906e-01 4.108954668045e-01 4.061498343945e-01 3.748890459538e-01 4.127099812031e-01 3.154691755772e-01 2.361342608929e-01 1.899284869432e-01 3.150489926338e-01 4.528576374054e+00 7.279630661011e+00 6.034667968750e+00 3.281309604645e+00 2.184092760086e+00 3.492000102997e+00 1.237833619118e+00 6.163317561150e-01 3.005914390087e-01 8.142184615135e-01 7.905352115631e-01 1.019730329514e+00 1.016869544983e+00 9.483422636986e-01 8.878085613251e-01 8.277308344841e-01 7.807239294052e-01 8.249036073685e-01 1.003874778748e+00 8.562103509903e-01 3.451035618782e-01 1.370061188936e-01 1.598805338144e-01 1.736875921488e-01 1.202871128917e-01 1.008994430304e-01 7.112043350935e-02 7.195166498423e-02 7.067774236202e-02 7.205026596785e-02
