100/SI/f71.grd
DSAA
101	101
32.816463539100	34.260883539100
35.556306596100	36.727886596100
9.283264516853e-04	3.282691192627e+01
[rows 19 to 37 of 101, columns 43 to 85 of 101]
6.600935757160e-02 9.384870529175e-02 1.222253069282e-01 1.252027153969e-01 8.061426877975e-02 5.134499073029e-02 4.835335537791e-02 7.017693668604e-02 5.743294954300e-02 5.859159678221e-02 5.369221791625e-02 7.407442480326e-02 5.342277511954e-02 4.860292375088e-02 6.369592994452e-02 5.966557189822e-02 5.201596766710e-02 4.120924696326e-02 4.773456975818e-02 4.199110344052e-02 2.654138766229e-02 2.754904702306e-02 3.260382264853e-02 3.257032483816e-02 3.103889897466e-02 4.609023034573e-02 3.807432949543e-02 2.276118844748e-02 1.614857278764e-02 2.479328401387e-02 3.719299659133e-02 5.661294609308e-02 6.386744230986e-02 4.942677915096e-02 2.645124122500e-02 1.862255297601e-02 1.271858997643e-02 1.894197799265e-02 1.715152338147e-02 8.629015646875e-03 1.049441937357e-02 8.652991615236e-03 6.538242567331e-03
6.967791914940e-02 9.177329391241e-02 1.302940845490e-01 1.508920043707e-01 1.104388907552e-01 5.305106937885e-02 5.132831260562e-02 7.451220601797e-02 5.012168362737e-02 6.326594948769e-02 6.652303040028e-02 8.397268503904e-02 6.573009490967e-02 5.153411999345e-02 7.204597443342e-02 7.378859072924e-02 5.051970109344e-02 4.051339998841e-02 4.270450770855e-02 3.620226308703e-02 3.056072443724e-02 3.777418658137e-02 4.589994996786e-02 4.365946725011e-02 3.757267817855e-02 4.730138555169e-02 3.761678189039e-02 2.231114171445e-02 1.859034411609e-02 3.437204658985e-02 5.739988759160e-02 7.479752600193e-02 6.669915467501e-02 4.080449044704e-02 2.279249951243e-02 1.905093900859e-02 2.037337608635e-02 2.264270000160e-02 2.191901206970e-02 1.482715271413e-02 1.235560793430e-02 1.051433477551e-02 8.669733069837e-03
7.378473132849e-02 7.942944020033e-02 1.202350556850e-01 1.577144265175e-01 1.356031149626e-01 6.547132134438e-02 5.413525924087e-02 7.914107292891e-02 4.131504148245e-02 5.978074669838e-02 6.317087262869e-02 8.955066651106e-02 7.824868708849e-02 5.571050569415e-02 7.851583510637e-02 7.834419608116e-02 5.302116647363e-02 3.790376335382e-02 4.132340103388e-02 3.470033034682e-02 3.540024906397e-02 4.703368991613e-02 5.036164820194e-02 4.922798648477e-02 4.578129574656e-02 4.637208580971e-02 3.281801193953e-02 2.129674144089e-02 3.307477384806e-02 5.736484751105e-02 8.015412837267e-02 7.752197980881e-02 5.227143317461e-02 2.692707069218e-02 2.256203070283e-02 2.057659253478e-02 2.293298207223e-02 2.602388523519e-02 2.667323686182e-02 1.969812996686e-02 1.734256185591e-02 1.532236579806e-02 1.298638992012e-02
7.001597434282e-02 6.665973365307e-02 1.020487099886e-01 1.505486369133e-01 1.498577445745e-01 8.404912054539e-02 6.212054193020e-02 8.403479307890e-02 4.393509775400e-02 5.282944068313e-02 5.471294000745e-02 9.080877900124e-02 8.972059190273e-02 6.177335605025e-02 8.323019742966e-02 7.502463459969e-02 5.372631177306e-02 3.791109099984e-02 3.703773766756e-02 4.110001772642e-02 4.390039667487e-02 4.693250358105e-02 4.602602496743e-02 4.099134728312e-02 5.156096071005e-02 4.643461853266e-02 2.517933771014e-02 3.529081866145e-02 6.061608716846e-02 8.516021072865e-02 8.349385112524e-02 5.787161365151e-02 2.958311326802e-02 2.809774875641e-02 1.713080517948e-02 1.813390664756e-02 1.955850794911e-02 2.845173887908e-02 3.064733743668e-02 1.992434076965e-02 1.963602006435e-02 1.848683692515e-02 1.668182387948e-02
5.716476961970e-02 7.014055550098e-02 8.336473256350e-02 1.335637122393e-01 1.511613428593e-01 1.011383831501e-01 7.785158604383e-02 8.867974579334e-02 4.663343355060e-02 4.564671218395e-02 6.443980336189e-02 8.877313137054e-02 9.885182976723e-02 7.083751261234e-02 7.993926852942e-02 6.528802216053e-02 5.255187675357e-02 4.118574038148e-02 4.552613943815e-02 5.766348168254e-02 4.924707859755e-02 4.388419166207e-02 4.061775654554e-02 4.543206468225e-02 4.644287005067e-02 3.555968403816e-02 3.723702952266e-02 6.490569561720e-02 9.266233444214e-02 8.982200920582e-02 6.083795800805e-02 3.219879791141e-02 2.141511999071e-02 2.653173170984e-02 1.751063019037e-02 1.829712092876e-02 1.612534373999e-02 2.983413636684e-02 3.369237855077e-02 1.625922322273e-02 1.676111482084e-02 1.744498685002e-02 1.770589500666e-02
7.943625748158e-02 7.407210767269e-02 6.643257290125e-02 1.133765950799e-01 1.442205458879e-01 1.131366342306e-01 7.499030232430e-02 9.427088499069e-02 7.303191721439e-02 6.080106645823e-02 8.158980309963e-02 8.401072770357e-02 1.048595532775e-01 8.564521372318e-02 7.197738438845e-02 5.058443546295e-02 5.544755607843e-02 5.773209407926e-02 7.453217357397e-02 6.370560079813e-02 4.833885282278e-02 4.785404726863e-02 4.132585600019e-02 4.003595933318e-02 3.730346262455e-02 3.771572560072e-02 7.077126950026e-02 1.003473624587e-01 9.527143836021e-02 6.370121240616e-02 3.403486311436e-02 1.776434481144e-02 2.860454842448e-02 2.237588167191e-02 1.714462414384e-02 1.742448098958e-02 1.877873949707e-02 3.012612648308e-02 3.587198257446e-02 1.849344000220e-02 1.215652003884e-02 1.308447122574e-02 1.470929104835e-02
1.226802915335e-01 7.492698729038e-02 6.850603967905e-02 9.507554769516e-02 1.336231380701e-01 1.201212629676e-01 6.888660788536e-02 1.009100750089e-01 8.810219913721e-02 8.716627955437e-02 9.653263539076e-02 9.552123397589e-02 1.073745638132e-01 9.879938513041e-02 5.964300408959e-02 7.016089558601e-02 8.376246690750e-02 8.590886741877e-02 8.411627262831e-02 6.101132184267e-02 5.323875322938e-02 5.169544368982e-02 4.737991467118e-02 4.345716536045e-02 3.862411528826e-02 7.440523058176e-02 1.097667217255e-01 1.025517955422e-01 6.654632091522e-02 3.480049595237e-02 2.657492458820e-02 2.322051674128e-02 3.344751149416e-02 2.356469258666e-02 1.937292888761e-02 1.463036518544e-02 2.080006338656e-02 2.914869971573e-02 3.712007030845e-02 2.077646553516e-02 1.254288200289e-02 9.105224162340e-03 1.062134187669e-02
1.629541516304e-01 7.729281485081e-02 7.390664517879e-02 8.145985007286e-02 1.212517246604e-01 1.239476278424e-01 8.063832670450e-02 1.084632277489e-01 7.358864694834e-02 9.633599221706e-02 1.059085205197e-01 1.024288386106e-01 1.069071441889e-01 1.099833175540e-01 7.391759753227e-02 8.250176161528e-02 9.732828289270e-02 9.475244581699e-02 8.154378086329e-02 7.151888310909e-02 5.621943622828e-02 5.569483339787e-02 5.933188274503e-02 4.353734478354e-02 7.535430788994e-02 1.172834634781e-01 1.128152906895e-01 7.046198099852e-02 3.570232167840e-02 3.725048899651e-02 4.082690551877e-02 3.023809753358e-02 3.274326398969e-02 2.388309314847e-02 1.968769729137e-02 1.452110521495e-02 2.078683115542e-02 2.776013500988e-02 3.734309598804e-02 2.280361577868e-02 1.303662545979e-02 8.508253842592e-03 8.995851501822e-03
1.916814744473e-01 8.565505594015e-02 7.866507768631e-02 7.198113948107e-02 1.092431098223e-01 1.264399886131e-01 9.164926409721e-02 1.156117096543e-01 6.594242900610e-02 8.366260677576e-02 1.157646775246e-01 9.740336984396e-02 1.033046841621e-01 1.189727187157e-01 9.135925024748e-02 1.089430674911e-01 1.030667647719e-01 1.034537404776e-01 8.376888185740e-02 8.506494760513e-02 5.869641527534e-02 5.909337103367e-02 6.412973999977e-02 7.246580719948e-02 1.228349804878e-01 1.250692307949e-01 7.817985117435e-02 5.786145851016e-02 4.934865608811e-02 3.590990230441e-02 6.405276060104e-02 4.356333985925e-02 2.563112787902e-02 2.265585958958e-02 1.894424669445e-02 1.475817617029e-02 2.604847215116e-02 2.758678793907e-02 3.670373931527e-02 2.446342632174e-02 1.447757706046e-02 1.037221401930e-02 1.012215018272e-02
2.618347406387e-01 1.201892197132e-01 8.850633352995e-02 7.024155557156e-02 9.817983210087e-02 1.277055591345e-01 1.029205620289e-01 1.233933493495e-01 7.712906599045e-02 8.930610865355e-02 1.287706792355e-01 8.363910764456e-02 9.534031897783e-02 1.201752722263e-01 1.181113272905e-01 1.119052916765e-01 1.065844371915e-01 9.588505327702e-02 1.028766110539e-01 9.357988834381e-02 7.176964730024e-02 5.925969406962e-02 6.649686396122e-02 1.252118051052e-01 1.384533047676e-01 8.926661312580e-02 6.664878129959e-02 7.858517765999e-02 6.583017855883e-02 5.858925729990e-02 8.498904854059e-02 4.907821863890e-02 2.226989530027e-02 1.940095052123e-02 1.702139712870e-02 1.811459288001e-02 3.933978453279e-02 3.985488042235e-02 3.570595011115e-02 2.605949342251e-02 1.662304811180e-02 1.192725729197e-02 1.097236108035e-02
2.986145317554e-01 1.761833578348e-01 9.727378934622e-02 8.591753989458e-02 1.107997298241e-01 1.275921314955e-01 1.154873594642e-01 1.326057910919e-01 1.003657728434e-01 1.150373220444e-01 1.336908489466e-01 1.047824323177e-01 8.691378682852e-02 1.163963004947e-01 1.319201141596e-01 2.320851087570e-01 1.246588826180e-01 1.167164221406e-01 1.181433424354e-01 9.323682636023e-02 8.855073899031e-02 8.144462108612e-02 1.245415583253e-01 1.476192623377e-01 1.010985225439e-01 7.056253403425e-02 8.250857889652e-02 9.319043159485e-02 8.220753073692e-02 8.563897758722e-02 9.056044369936e-02 4.254947230220e-02 2.012924477458e-02 1.769610680640e-02 1.696776412427e-02 1.511501520872e-02 6.033516675234e-02 4.761325195432e-02 3.868324309587e-02 2.716498635709e-02 1.870869845152e-02 1.299132686108e-02 1.110173389316e-02
3.082619309425e-01 1.947677731514e-01 1.063203662634e-01 9.525465965271e-02 1.309375315905e-01 1.234314739704e-01 1.275965720415e-01 1.426384896040e-01 1.135308071971e-01 1.458240896463e-01 1.498149633408e-01 1.995830237865e-01 1.760438978672e-01 1.247831135988e-01 2.066687792540e-01 2.974965274334e-01 1.314440667629e-01 1.608749777079e-01 1.597370952368e-01 1.308338791132e-01 1.038085967302e-01 1.248105391860e-01 1.559507101774e-01 1.118111461401e-01 8.122593164444e-02 8.271325379610e-02 9.018391370773e-02 1.012038514018e-01 9.926935285330e-02 1.032891422510e-01 7.782198488712e-02 2.997804433107e-02 2.234863489866e-02 1.816360838711e-02 1.737770438194e-02 2.876961231232e-02 8.335233479738e-02 4.641897976398e-02 4.579702019691e-02 2.792404592037e-02 2.051666565239e-02 1.514496840537e-02 1.122954953462e-02
3.052092790604e-01 1.690231859684e-01 1.699395328760e-01 1.040336415172e-01 1.499706208706e-01 1.174930855632e-01 1.389735937119e-01 1.536113023758e-01 1.189507767558e-01 1.671234816313e-01 1.628960222006e-01 1.451788693666e-01 1.310776323080e-01 1.012910306454e-01 1.432735472918e-01 1.919720321894e-01 1.118344143033e-01 1.597589254379e-01 1.746554821730e-01 1.459196209908e-01 1.303927153349e-01 1.639623045921e-01 1.224023923278e-01 9.042058885098e-02 8.819211274385e-02 8.412804454565e-02 9.082631766796e-02 1.087385863066e-01 1.100031211972e-01 1.020821332932e-01 6.214743852615e-02 2.977438829839e-02 2.868329919875e-02 3.485016152263e-02 3.989194706082e-02 5.808670446277e-02 9.422920644283e-02 4.875312745571e-02 3.853602707386e-02 2.769058197737e-02 2.489780634642e-02 1.888947933912e-02 1.337794773281e-02
3.177868723869e-01 1.716752946377e-01 1.897811293602e-01 1.398893296719e-01 1.670558303595e-01 1.429565548897e-01 1.483810395002e-01 1.638567149639e-01 1.704958975315e-01 1.669501513243e-01 1.194846779108e-01 1.070075482130e-01 1.435864269733e-01 1.374409347773e-01 9.970527887344e-02 9.325403720140e-02 1.313574165106e-01 1.563897132874e-01 1.510180830956e-01 1.375789046288e-01 1.748877614737e-01 1.327722221613e-01 1.053066700697e-01 9.259188920259e-02 8.546263724566e-02 7.274175435305e-02 8.886748552322e-02 1.109853833914e-01 1.174718290567e-01 1.101470440626e-01 7.610387355089e-02 5.246565863490e-02 5.466635152698e-02 5.440919101238e-02 5.243037641048e-02 9.056563675404e-02 7.773790508509e-02 3.405312076211e-02 3.694704547524e-02 3.792091459036e-02 3.528074547648e-02 2.735267952085e-02 1.749704591930e-02
3.098197281361e-01 1.674536913633e-01 1.476364135742e-01 1.829914152622e-01 1.848788857460e-01 1.737998127937e-01 1.643144935369e-01 1.743752509356e-01 1.806960105896e-01 1.467227935791e-01 1.517765820026e-01 1.791562885046e-01 1.489954888821e-01 1.282173693180e-01 1.480679959059e-01 1.502293497324e-01 1.641221493483e-01 1.550444215536e-01 1.506648361683e-01 1.881383806467e-01 1.461129337549e-01 1.213470399380e-01 1.035219728947e-01 8.061733096838e-02 8.185834437609e-02 9.195341169834e-02 9.710882604122e-02 1.204907968640e-01 1.255964934826e-01 1.214316412807e-01 9.071586281061e-02 6.040974333882e-02 5.354591086507e-02 4.542569443583e-02 8.243820071220e-02 9.414798021317e-02 4.189151152968e-02 3.867623209953e-02 4.053272679448e-02 4.131823033094e-02 3.923463076353e-02 3.292215615511e-02 2.292270585895e-02
2.895023822784e-01 1.616628468037e-01 1.614668667316e-01 1.834773868322e-01 1.957948207855e-01 2.174364775419e-01 1.591144204140e-01 1.809109151363e-01 1.936104744673e-01 1.567238271236e-01 1.652539521456e-01 2.027864903212e-01 1.865171790123e-01 1.529981642962e-01 1.522176563740e-01 1.785532981157e-01 2.227187752724e-01 1.613168567419e-01 2.097036838531e-01 1.611310839653e-01 1.126150935888e-01 1.095354706049e-01 8.790866285563e-02 8.929082751274e-02 8.714454621077e-02 1.058153137565e-01 1.141162961721e-01 1.106359362602e-01 1.329305619001e-01 1.334049403667e-01 1.039905920625e-01 4.583643376827e-02 5.660910904408e-02 8.760498464108e-02 9.474044293165e-02 5.526035279036e-02 3.405455499887e-02 3.460221365094e-02 3.469720855355e-02 3.548915311694e-02 3.557839989662e-02 3.309293091297e-02 2.654814720154e-02
2.668124735355e-01 1.696884185076e-01 1.855907440186e-01 2.322269231081e-01 1.990072280169e-01 2.685380578041e-01 1.944623142481e-01 2.107175737619e-01 3.249451518059e-01 2.368490546942e-01 2.455662786961e-01 1.639030724764e-01 1.515466719866e-01 1.583033800125e-01 1.891964823008e-01 1.768508255482e-01 3.219107687473e-01 2.414290606976e-01 1.961725503206e-01 1.490292996168e-01 1.114054173231e-01 1.014459356666e-01 8.574150502682e-02 7.013296335936e-02 8.186998218298e-02 1.149730831385e-01 1.444650292397e-01 1.122373417020e-01 1.392268389463e-01 1.459935754538e-01 1.187097802758e-01 7.660412788391e-02 9.697324037552e-02 8.950743079185e-02 5.106922239065e-02 3.447213768959e-02 3.250838443637e-02 3.039246052504e-02 2.820548228920e-02 2.696903049946e-02 3.081520460546e-02 3.197462856770e-02 2.913139201701e-02
2.908660769463e-01 2.165893316269e-01 2.039446085691e-01 2.933123409748e-01 2.288623154163e-01 3.266296982765e-01 2.476219534874e-01 3.126026093960e-01 4.527233541012e-01 2.772624492645e-01 2.959003746510e-01 2.228792458773e-01 2.105098515749e-01 2.045560926199e-01 1.897472739220e-01 1.637036055326e-01 3.750230371952e-01 2.672280371189e-01 1.763917058706e-01 1.218802705407e-01 8.382672071457e-02 5.289144068956e-02 7.296622544527e-02 1.020782515407e-01 1.149961203337e-01 1.085304915905e-01 1.414866149426e-01 1.246644854546e-01 1.577886343002e-01 1.559628099203e-01 1.238444373012e-01 9.836441278458e-02 7.357600331306e-02 3.605425730348e-02 2.278412878513e-02 2.160735800862e-02 1.845276169479e-02 1.625038869679e-02 1.689386926591e-02 2.465339377522e-02 3.209687396884e-02 3.720039501786e-02 3.873324766755e-02
2.424801737070e-01 3.405469357967e-01 2.361219823360e-01 3.469639122486e-01 3.127414584160e-01 3.688209950924e-01 4.241465330124e-01 3.918328583241e-01 3.721271753311e-01 3.287829160690e-01 3.507529199123e-01 2.878904044628e-01 2.217070162296e-01 2.087872624397e-01 2.196001708508e-01 1.623624861240e-01 2.905268967152e-01 2.424700111151e-01 1.538306474686e-01 1.224440783262e-01 8.078927546740e-02 1.096002236009e-01 1.198523566127e-01 1.161564737558e-01 1.054872199893e-01 8.330009877682e-02 1.114285588264e-01 1.550413072109e-01 1.644146144390e-01 1.373017132282e-01 9.631425887346e-02 4.920290410519e-02 4.113858193159e-02 3.537188097835e-02 2.927146106958e-02 2.903736941516e-02 3.787826746702e-02 4.397025704384e-02 4.605797678232e-02 4.425838589668e-02 3.877969831228e-02 3.115870803595e-02 3.299689292908e-02
