100/SI/f71.grd
DSAA
101	101
32.816463539100	34.260883539100
35.556306596100	36.727886596100
9.283264516853e-04	3.282691192627e+01
[rows 76 to 94 of 101, columns 0 to 42 of 101]
4.300807602704e-03 7.069008424878e-03 9.614510461688e-03 1.138405781239e-02 1.223738770932e-02 1.232582610101e-02 1.192385517061e-02 1.256012544036e-02 1.331140100956e-02 1.374869514257e-02 1.390833593905e-02 1.387817971408e-02 1.370726898313e-02 8.932927623391e-03 1.261817384511e-02 1.225339621305e-02 1.249217893928e-02 1.438542827964e-02 1.487803552300e-02 8.769466541708e-03 1.060524396598e-02 1.106023322791e-02 1.361652556807e-02 1.562220137566e-02 1.657380908728e-02 1.642731949687e-02 1.640382595360e-02 1.814874820411e-02 2.158339507878e-02 2.285088412464e-02 2.201774716377e-02 2.071087807417e-02 2.008626423776e-02 2.187844552100e-02 2.242026105523e-02 2.326928265393e-02 8.882424794137e-03 9.448018856347e-03 4.576322063804e-02 5.417831242085e-02 6.648033112288e-02 6.506419181824e-02 7.136318087578e-02
5.081851035357e-03 8.216771297157e-03 1.090592052788e-02 1.258072443306e-02 1.325367949903e-02 1.319802459329e-02 1.269065123051e-02 1.193383056670e-02 1.243533845991e-02 1.284604799002e-02 1.296269800514e-02 1.286748237908e-02 1.301022991538e-02 1.386190112680e-02 1.369121670723e-02 1.272698957473e-02 1.210514828563e-02 1.363387331367e-02 9.394166991115e-03 7.791288197041e-03 1.173414662480e-02 1.377648208290e-02 1.521724741906e-02 1.671641506255e-02 1.788995787501e-02 1.770283840597e-02 1.872946321964e-02 2.257790602744e-02 2.507838793099e-02 2.538626268506e-02 2.368357591331e-02 2.170976065099e-02 2.083744108677e-02 2.243845164776e-02 2.272362075746e-02 2.319785952568e-02 3.050110302866e-02 3.146619722247e-02 4.422419890761e-02 6.505972892046e-02 8.160720765591e-02 9.225964546204e-02 1.036028712988e-01
5.410078447312e-03 8.630386553705e-03 1.124144531786e-02 1.272202469409e-02 1.319881156087e-02 1.298758666962e-02 1.233834587038e-02 1.142557058483e-02 1.038835570216e-02 1.039359439164e-02 1.156183984131e-02 1.310236752033e-02 1.413240004331e-02 1.416830718517e-02 1.319782715291e-02 1.148729864508e-02 1.127099152654e-02 1.180366519839e-02 1.094230823219e-02 7.025454659015e-03 1.358247920871e-02 1.644410938025e-02 1.848020218313e-02 1.776904240251e-02 1.813183538616e-02 2.048831060529e-02 2.517972327769e-02 2.731233835220e-02 2.792111039162e-02 2.729154750705e-02 2.549765631557e-02 2.360874786973e-02 2.332240343094e-02 2.457592636347e-02 2.943497709930e-02 2.615851536393e-02 3.019521571696e-02 4.227554798126e-02 4.530240222812e-02 8.126697689295e-02 9.474670141935e-02 8.414550870657e-02 8.667253702879e-02
4.884084220976e-03 7.719979621470e-03 9.952266700566e-03 1.114968024194e-02 1.145478431135e-02 1.114230137318e-02 1.042090915143e-02 9.451377205551e-03 4.232374485582e-03 3.545946208760e-03 1.064032129943e-02 1.194372400641e-02 1.207868382335e-02 1.142342481762e-02 1.107765734196e-02 1.115946192294e-02 5.886488594115e-03 1.076373923570e-02 1.152846217155e-02 1.488909963518e-02 2.072309143841e-02 2.730007842183e-02 3.330119699240e-02 2.840262092650e-02 2.061496302485e-02 2.603297866881e-02 3.104196488857e-02 3.126467764378e-02 2.940613031387e-02 2.759741246700e-02 2.606642805040e-02 2.470795810223e-02 2.630703710020e-02 2.693735808134e-02 3.170174732804e-02 2.950257807970e-02 3.336761891842e-02 4.598454385996e-02 4.806376993656e-02 7.191284000874e-02 9.261409193277e-02 1.047114133835e-01 6.641556322575e-02
4.042231477797e-03 5.966144613922e-03 7.680802140385e-03 8.608974516392e-03 8.836841210723e-03 8.781126700342e-03 9.029981680214e-03 9.175777435303e-03 6.265532691032e-03 2.106410451233e-03 7.868867367506e-03 9.840597398579e-03 1.039979699999e-02 1.093050185591e-02 1.144539751112e-02 1.170817390084e-02 1.157204434276e-02 1.222646608949e-02 1.510122045875e-02 1.957402378321e-02 2.906574122608e-02 4.058985784650e-02 5.112969130278e-02 4.078865051270e-02 2.488894946873e-02 2.909690700471e-02 3.437883034348e-02 3.889948502183e-02 3.768132627010e-02 3.268766775727e-02 2.857861854136e-02 2.731164917350e-02 2.740270644426e-02 2.717059664428e-02 2.841170132160e-02 3.114343062043e-02 3.587659075856e-02 4.455072805285e-02 5.861040949821e-02 6.148508191109e-02 8.521860092878e-02 1.143068447709e-01 8.737109601498e-02
5.493290256709e-03 8.013772778213e-03 9.844810701907e-03 1.083719450980e-02 7.014771457762e-03 1.007378473878e-02 1.141514442861e-02 1.150558330119e-02 1.079206261784e-02 3.891193773597e-03 4.552115220577e-03 1.084896270186e-02 1.149146724492e-02 1.236815191805e-02 1.390233915299e-02 1.504094433039e-02 1.557328924537e-02 1.643443480134e-02 1.953469775617e-02 2.288409508765e-02 3.474578633904e-02 4.940372705460e-02 6.221745163202e-02 4.434403032064e-02 1.725084334612e-02 1.431954801083e-01 1.522617489100e-01 6.961727142334e-02 6.348159909248e-02 5.042527988553e-02 3.650656342506e-02 2.880793996155e-02 2.598254568875e-02 2.672243118286e-02 2.971666306257e-02 3.210726380348e-02 3.511754423380e-02 4.613079130650e-02 8.009103685617e-02 6.812747567892e-02 6.055212765932e-02 1.116835027933e-01 1.540221273899e-01
7.626477163285e-03 1.105344016105e-02 1.346291694790e-02 1.463379431516e-02 5.057972855866e-03 3.798057092354e-03 1.396556664258e-02 1.420295890421e-02 6.795607507229e-03 1.298998203129e-02 1.276764925569e-02 1.504639908671e-02 1.742972992361e-02 1.968757808208e-02 2.152608148754e-02 2.265927940607e-02 2.289733849466e-02 2.242440544069e-02 2.328738942742e-02 2.758231200278e-02 4.110981523991e-02 5.481088533998e-02 6.006832420826e-02 4.151886329055e-02 8.398314565420e-02 3.811215758324e-01 4.154261946678e-01 2.101654261351e-01 9.246625006199e-02 7.079063355923e-02 4.634333401918e-02 3.107504174113e-02 2.782014198601e-02 3.479848057032e-02 4.194704070687e-02 4.405631497502e-02 4.057159274817e-02 4.665968567133e-02 9.460318833590e-02 1.410276293755e-01 9.268003702164e-02 9.000879526138e-02 1.938573718071e-01
9.446309879422e-03 1.350591797382e-02 1.618322543800e-02 1.724291034043e-02 5.123216193169e-03 1.606931909919e-02 1.593014784157e-02 1.555676944554e-02 8.682324551046e-03 1.076850853860e-02 2.073523029685e-02 2.373955957592e-02 2.627115696669e-02 2.821981720626e-02 2.951334975660e-02 2.990369126201e-02 2.934645861387e-02 2.752788737416e-02 2.692311257124e-02 3.389118984342e-02 4.869433864951e-02 5.831736326218e-02 5.111202225089e-02 5.082263424993e-02 1.025190576911e-01 5.970218181610e-01 1.074199557304e+00 2.503384351730e-01 1.130931675434e-01 8.269514143467e-02 5.561069399118e-02 3.656479343772e-02 3.632770106196e-02 4.976719245315e-02 5.998305976391e-02 5.972956493497e-02 5.132556706667e-02 5.628412961960e-02 7.979068905115e-02 1.730575561523e-01 1.725096851587e-01 1.021325364709e-01 2.818166017532e-01
5.567406304181e-03 4.481748677790e-03 1.130605582148e-02 5.694251507521e-03 1.635572127998e-02 1.698915101588e-02 1.881615445018e-02 2.003785967827e-02 1.270551048219e-02 1.221537217498e-02 2.767747081816e-02 3.184102848172e-02 3.544739633799e-02 3.861148655415e-02 4.162341356277e-02 4.446174576879e-02 4.633708298206e-02 4.542597755790e-02 4.878483712673e-02 4.261013865471e-02 5.800947174430e-02 6.098202615976e-02 4.063849151134e-02 5.664678290486e-02 1.469828039408e-01 3.419374823570e-01 4.116879999638e-01 1.300818771124e-01 8.642914891243e-02 7.937335968018e-02 6.110069900751e-02 6.726276129484e-02 8.664593100548e-02 4.823257401586e-02 7.611458003521e-02 7.247702777386e-02 6.723092496395e-02 6.893708556890e-02 6.804557144642e-02 1.135993152857e-01 1.495968997478e-01 1.135874539614e-01 3.192762732506e-01
9.596293792129e-03 1.307852473110e-02 1.564594358206e-02 1.715686358511e-02 2.192503772676e-02 2.310245111585e-02 2.380483411252e-02 2.389018982649e-02 2.307368256152e-02 2.325297333300e-02 2.787419967353e-02 3.247571736574e-02 3.678831830621e-02 4.093479365110e-02 4.545953124762e-02 5.090853944421e-02 8.972840011120e-02 5.829885601997e-02 8.825263381004e-02 4.540437832475e-02 5.692906677723e-02 5.564480274916e-02 6.817655265331e-02 5.126654729247e-02 7.392770797014e-02 5.243544653058e-02 5.683349445462e-02 5.373996496201e-02 5.989229306579e-02 6.417749077082e-02 5.994661152363e-02 3.397027254105e-01 2.206405252218e-01 2.111833840609e-01 1.257372200489e-01 1.682824492455e-01 1.514677852392e-01 8.342163264751e-02 8.242003619671e-02 9.893738478422e-02 1.031476706266e-01 1.154357716441e-01 5.713533759117e-01
1.858233474195e-02 2.872311882675e-02 3.497505933046e-02 3.677265718579e-02 3.588594123721e-02 3.372644260526e-02 3.114375658333e-02 2.846283838153e-02 2.551783435047e-02 2.661251835525e-02 2.696879394352e-02 2.859079465270e-02 3.322005644441e-02 3.759368881583e-02 4.195382818580e-02 4.711719602346e-02 5.240016803145e-02 6.858608126640e-02 8.873406052589e-02 8.903064578772e-02 8.902838826180e-02 8.518357574940e-02 5.979027971625e-02 5.973376333714e-02 5.837563052773e-02 4.482199624181e-02 4.242164641619e-02 3.705059364438e-02 3.559050336480e-02 4.491752013564e-02 5.542725697160e-02 4.426883459091e-01 2.955124080181e-01 1.000473499298e-01 1.823567152023e-01 3.236137032509e-01 3.504325449467e-01 1.551821529865e-01 1.770477294922e-01 1.257802397013e-01 9.621357917786e-02 1.066904664040e-01 4.792474806309e-01
3.201893717051e-02 4.882411286235e-02 5.769876018167e-02 5.769887566566e-02 5.257661640644e-02 4.548544809222e-02 4.044949263334e-02 3.743812814355e-02 3.696331009269e-02 3.954357281327e-02 4.086020961404e-02 4.083825647831e-02 4.063434898853e-02 4.678202420473e-02 5.116109177470e-02 5.514330044389e-02 5.849838629365e-02 6.004274636507e-02 6.372814625502e-02 7.274182140827e-02 7.530939579010e-02 5.794184654951e-02 4.264634847641e-02 4.665831476450e-02 4.128626361489e-02 3.230664506555e-02 2.691137604415e-02 2.178592979908e-02 1.990028470755e-02 2.833313494921e-02 3.678039461374e-02 1.062706112862e-01 2.216414660215e-01 2.771816551685e-01 2.932690978050e-01 5.206258967519e-02 3.036606907845e-01 2.475839406252e-01 4.213608503342e-01 3.596088588238e-01 8.307185769081e-02 2.345988750458e-01 7.461774945259e-01
3.711457177997e-02 5.603610724211e-02 6.505029648542e-02 6.326685100794e-02 5.553377047181e-02 4.966557025909e-02 4.819511249661e-02 4.444734007120e-02 3.960280865431e-02 4.053384065628e-02 4.295537620783e-02 4.400579258800e-02 4.881448298693e-02 5.586736276746e-02 6.048388779163e-02 6.169233843684e-02 5.741487815976e-02 4.685122519732e-02 3.676994889975e-02 3.162191808224e-02 2.949329093099e-02 2.919095195830e-02 2.920229174197e-02 2.805205807090e-02 2.502624876797e-02 2.044581994414e-02 1.584616862237e-02 1.338687539101e-02 1.703109405935e-02 2.213025093079e-02 4.190219193697e-02 9.896460175514e-02 1.270632147789e-01 1.779787391424e-01 1.594526320696e-01 5.784634947777e-01 5.095791220665e-01 2.627206742764e-01 4.670373797417e-01 8.533980250359e-01 2.235445529222e-01 5.977604985237e-01 3.686660826206e-01
2.742128632963e-02 4.101076349616e-02 4.702279716730e-02 4.496512562037e-02 3.862416371703e-02 3.772760927677e-02 3.845422714949e-02 3.696908801794e-02 3.572529926896e-02 3.617100045085e-02 3.492224216461e-02 3.255980461836e-02 3.321003913879e-02 3.267076238990e-02 2.903639338911e-02 2.948115020990e-02 2.565976232290e-02 3.372132405639e-02 3.913862258196e-02 3.682343289256e-02 2.927841059864e-02 2.166267484426e-02 2.038233540952e-02 1.825039833784e-02 1.666008494794e-02 1.207407284528e-02 1.198402233422e-02 1.442115847021e-02 1.968543045223e-02 3.163843974471e-02 4.035373777151e-02 8.254691958427e-02 8.682739734650e-02 7.666222751141e-02 7.006776332855e-02 7.654680311680e-02 4.933211505413e-01 2.848325967789e-01 3.191685378551e-01 8.367587327957e-01 2.701434850693e+00 3.123890161514e-01 1.146166771650e-01
1.344835106283e-02 8.739710785449e-03 2.521786652505e-02 2.851485274732e-02 2.971059083939e-02 8.406855165958e-03 2.581184916198e-02 2.636903338134e-02 2.456796169281e-02 2.402464114130e-02 2.376645989716e-02 2.208034135401e-02 1.886509358883e-02 1.751756109297e-02 7.194215897471e-03 1.864548400044e-02 3.233599290252e-02 4.133971780539e-02 3.906553238630e-02 2.932274341583e-02 1.874717883766e-02 1.875033043325e-02 3.800126537681e-02 4.037129133940e-02 2.806196734309e-02 1.415744982660e-02 1.424168515950e-02 1.903993450105e-02 2.695798315108e-02 4.145782440901e-02 5.548168718815e-02 7.402326166630e-02 7.263509929180e-02 5.898156389594e-02 5.396498367190e-02 6.234532594681e-02 1.009433418512e-01 2.523955106735e-01 3.020339310169e-01 2.766127586365e-01 5.782302469015e-02 8.144447207451e-02 7.668456435204e-02
1.101035624743e-02 8.319447748363e-03 2.023371122777e-02 2.288467250764e-02 1.633883453906e-02 9.195678867400e-03 2.173118107021e-02 2.290218323469e-02 2.190718054771e-02 2.079578489065e-02 1.958987861872e-02 1.834850758314e-02 1.813446916640e-02 1.827025599778e-02 1.804800331593e-02 1.759347692132e-02 2.997505106032e-02 3.560797125101e-02 3.065506182611e-02 2.127599902451e-02 2.751698531210e-02 5.119197815657e-02 7.644964754581e-02 6.426054239273e-02 3.330982849002e-02 1.561617199332e-02 1.991442590952e-02 3.133935481310e-02 4.279588535428e-02 5.324411392212e-02 7.847470790148e-02 8.114583045244e-02 6.158175319433e-02 4.200334101915e-02 4.208272695541e-02 4.322813078761e-02 5.348461493850e-02 1.921807825565e-01 3.710788488388e-01 2.481519579887e-01 2.922600135207e-02 6.958760321140e-02 5.295896157622e-02
1.059060636908e-02 1.524567883462e-02 1.908984966576e-02 1.747839711607e-02 1.895767264068e-02 2.051087468863e-02 2.437338232994e-02 2.634219452739e-02 2.825173921883e-02 2.883906103671e-02 3.200231865048e-02 3.379891812801e-02 3.539769351482e-02 3.655060380697e-02 3.703682497144e-02 3.678285330534e-02 3.585455939174e-02 3.570359572768e-02 3.795650601387e-02 4.109004884958e-02 7.217795401812e-02 1.017562225461e-01 1.055483892560e-01 6.941533088684e-02 2.807237766683e-02 2.750610001385e-02 5.685391277075e-02 5.227451026440e-02 3.855089843273e-02 7.007207721472e-02 9.428221732378e-02 8.140511810780e-02 5.747639015317e-02 4.232216998935e-02 3.550296276808e-02 4.405729845166e-02 5.771300941706e-02 1.934323012829e-01 3.065586984158e-01 1.211220026016e-01 7.900360226631e-02 5.571672320366e-02 5.092347040772e-02
7.507084868848e-03 1.078292541206e-02 1.350350677967e-02 1.532018370926e-02 1.632912456989e-02 1.750594004989e-02 1.920840330422e-02 2.104732953012e-02 2.239858917892e-02 2.348447963595e-02 2.725915051997e-02 2.943900972605e-02 3.152076154947e-02 3.323991224170e-02 3.429393470287e-02 3.448338061571e-02 3.380385413766e-02 3.366363793612e-02 3.569077700377e-02 5.700733512640e-02 9.518333524466e-02 1.267443448305e-01 1.230273619294e-01 7.500667870045e-02 2.845545113087e-02 4.670310020447e-02 6.575488299131e-02 3.364356607199e-02 3.902127221227e-02 7.362205535173e-02 9.844342619181e-02 8.326369524002e-02 8.442240953445e-02 5.808692425489e-02 3.829481080174e-02 4.456893354654e-02 9.020171314478e-02 3.428827524185e-01 2.248947173357e-01 7.321842014790e-02 1.229227632284e-01 5.618718639016e-02 2.948186919093e-02
4.998993128538e-03 7.175623439252e-03 9.016253985465e-03 1.046712696552e-02 1.219452917576e-02 1.380013581365e-02 1.545944251120e-02 1.731833629310e-02 1.909570768476e-02 2.162662707269e-02 2.397110313177e-02 2.639481611550e-02 2.875179238617e-02 3.075929358602e-02 3.206268697977e-02 3.240112215281e-02 3.176312521100e-02 3.152224421501e-02 3.602498397231e-02 6.885536760092e-02 1.091186851263e-01 1.383002102375e-01 1.280452907085e-01 7.376394420862e-02 2.710871025920e-02 5.199182033539e-02 5.440470203757e-02 3.525145724416e-02 3.298605233431e-02 6.597886234522e-02 9.143383800983e-02 1.035410240293e-01 1.075244322419e-01 7.270009815693e-02 4.728028550744e-02 4.569651558995e-02 6.743834167719e-02 2.308791130781e-01 6.407688558102e-02 7.161222398281e-02 1.116100177169e-01 4.572248831391e-02 2.602024935186e-02
