100/SI/f74.grd
DSAA
101	101
32.816463539100	34.260883539100
35.556306596100	36.727886596100
2.365274121985e-03	4.368380126953e+02
[rows 0 to 18 of 101, columns 0 to 42 of 101]
3.668486773968e-01 6.550242900848e-01 5.799451470375e-01 3.472168743610e-01 3.031350672245e-01 3.975645601749e-01 7.880936861038e-01 1.093561291695e+00 9.737665653229e-01 5.783941745758e-01 3.581848144531e-01 4.115054607391e-01 4.367584884167e-01 4.216007888317e-01 3.614962399006e-01 5.471473932266e-01 8.215046525002e-01 9.527126550674e-01 6.825274825096e-01 4.378350079060e-01 5.080199837685e-01 5.504211783409e-01 3.923274874687e-01 3.514741957188e-01 3.804911375046e-01 5.197388529778e-01 7.777524590492e-01 8.891260623932e-01 1.182616233826e+00 9.447976350784e-01 6.902151703835e-01 6.489109992981e-01 5.635945200920e-01 4.475522041321e-01 3.618947267532e-01 3.513450026512e-01 3.239692747593e-01 4.382404983044e-01 6.128532290459e-01 7.011448144913e-01 5.866617560387e-01 5.091969966888e-01 4.850619733334e-01
6.795065999031e-01 1.281447529793e+00 1.255947947502e+00 8.768743872643e-01 6.321668624878e-01 7.687718272209e-01 1.517221808434e+00 2.088413238525e+00 1.839092016220e+00 1.065884947777e+00 6.157295107841e-01 7.038518190384e-01 7.431324124336e-01 7.073490619659e-01 6.076223254204e-01 8.164056539536e-01 1.296664357185e+00 1.697436690331e+00 1.536929726601e+00 9.207611680031e-01 9.271581172943e-01 1.436198115349e+00 7.590985298157e-01 6.897974610329e-01 7.852205038071e-01 1.016291022301e+00 1.304586887360e+00 1.491502523422e+00 2.248986721039e+00 1.755178928375e+00 1.123204350471e+00 1.018264532089e+00 1.028516769409e+00 7.632943391800e-01 8.218733668327e-01 8.603348731995e-01 8.666538000107e-01 9.730862379074e-01 1.220593690872e+00 1.226307153702e+00 9.068618416786e-01 9.192648530006e-01 1.003879189491e+00
6.666395664215e-01 1.366675972939e+00 1.531087756157e+00 1.310261130333e+00 8.423652648926e-01 8.885508775711e-01 1.757769346237e+00 2.376739978790e+00 2.026436090469e+00 1.104642868042e+00 7.790231704712e-01 8.779025077820e-01 9.067734479904e-01 8.388844132423e-01 6.908180117607e-01 6.540316343307e-01 8.571252822876e-01 1.276898622513e+00 1.458882093430e+00 1.188440442085e+00 1.484991431236e+00 2.221086025238e+00 9.781011939049e-01 8.562743663788e-01 1.046325445175e+00 1.265939593315e+00 1.313877701759e+00 1.357538104057e+00 2.624168395996e+00 1.970428705215e+00 1.091313242912e+00 9.361308217049e-01 1.405241012573e+00 7.508615255356e-01 7.724997997284e-01 8.876773715019e-01 1.118994474411e+00 1.414377927780e+00 1.476554274559e+00 1.222400903702e+00 1.237511873245e+00 8.544250726700e-01 1.126854777336e+00
5.995943546295e-01 1.315029144287e+00 1.553667545319e+00 1.586292505264e+00 1.274297237396e+00 9.111586809158e-01 1.839771389961e+00 2.435195446014e+00 1.961462855339e+00 9.507065415382e-01 8.640561699867e-01 9.533519744873e-01 9.490163922310e-01 8.443746566772e-01 6.716167330742e-01 6.690670251846e-01 6.374042034149e-01 7.463924884796e-01 9.685492515564e-01 1.129393100739e+00 2.490907192230e+00 2.827723026276e+00 1.105535030365e+00 9.425963759422e-01 1.157010912895e+00 1.325971841812e+00 1.268615722656e+00 1.266276597977e+00 2.632548093796e+00 1.918761730194e+00 9.802172780037e-01 8.067816495895e-01 1.618796467781e+00 8.641366362572e-01 8.742843866348e-01 1.233403086662e+00 1.522916674614e+00 1.584878206253e+00 1.340686559677e+00 1.554294347763e+00 1.495775699615e+00 9.303405284882e-01 1.035002589226e+00
5.873101353645e-01 1.260263442993e+00 1.488023638725e+00 1.634977340698e+00 1.562822699547e+00 1.104288935661e+00 1.880697011948e+00 2.437532901764e+00 1.843095302582e+00 8.035814166069e-01 9.287226200104e-01 9.880538582802e-01 9.777411818504e-01 9.741888046265e-01 8.958209156990e-01 7.583424448967e-01 7.052787542343e-01 6.982070207596e-01 1.028135657310e+00 2.070919752121e+00 3.462000370026e+00 3.108642578125e+00 1.189300298691e+00 1.318143129349e+00 1.160500764847e+00 1.298454284668e+00 1.165092110634e+00 1.262304186821e+00 2.495621204376e+00 1.810017824173e+00 1.158427596092e+00 9.163959026337e-01 1.725023388863e+00 9.811823964119e-01 1.373211383820e+00 1.640625119209e+00 1.656724452972e+00 1.397943019867e+00 9.628183841705e-01 1.598532199860e+00 1.848762631416e+00 1.244572162628e+00 8.223466873169e-01
5.420078635216e-01 1.103316903114e+00 1.330741167068e+00 1.445092082024e+00 1.600188136101e+00 1.330880761147e+00 1.883373379707e+00 2.365128993988e+00 1.666096210480e+00 8.827835321426e-01 9.882517457008e-01 1.104830980301e+00 1.178109169006e+00 1.141909599304e+00 1.029617428780e+00 8.409672379494e-01 6.815071105957e-01 7.366139888763e-01 1.632763266563e+00 2.948740720749e+00 4.028734683990e+00 3.073619604111e+00 1.319085240364e+00 2.008387804031e+00 1.236744403839e+00 1.220238566399e+00 1.045714139938e+00 1.362645626068e+00 2.236152410507e+00 1.798512578011e+00 1.169222831726e+00 9.532349109650e-01 1.997767686844e+00 1.468114137650e+00 1.738999962807e+00 1.717287421227e+00 1.424922108650e+00 9.860733151436e-01 1.086701989174e+00 1.508032798767e+00 2.267293691635e+00 1.448207378387e+00 7.860825657845e-01
6.845160722733e-01 1.214591622353e+00 1.135814785957e+00 1.124055147171e+00 1.385929346085e+00 1.340275287628e+00 1.858369827271e+00 2.266689777374e+00 1.499877214432e+00 9.753446578979e-01 1.110486865044e+00 1.263572454453e+00 1.282136201859e+00 1.195083618164e+00 1.020796775818e+00 9.437531828880e-01 9.102551937103e-01 1.134971022606e+00 2.199518442154e+00 3.521389722824e+00 4.175076484680e+00 2.811271429062e+00 1.673854947090e+00 2.547947645187e+00 1.793646693230e+00 1.135314345360e+00 9.870278239250e-01 2.517554998398e+00 3.541289091110e+00 2.296248197556e+00 1.295266628265e+00 1.112706303596e+00 2.192023515701e+00 1.721590280533e+00 1.719231963158e+00 1.427000761032e+00 9.951788783073e-01 1.091164946556e+00 1.580667376518e+00 1.994560241699e+00 2.334585189819e+00 1.688085913658e+00 8.401638865471e-01
6.969934701920e-01 1.392067074776e+00 1.436782956123e+00 1.039633631706e+00 1.008669734001e+00 1.125696659088e+00 1.837106347084e+00 2.222121477127e+00 1.401159644127e+00 1.058367848396e+00 1.252114534378e+00 1.337628841400e+00 1.296229124069e+00 1.147647261620e+00 1.045014142990e+00 1.213628649712e+00 1.353685617447e+00 1.493923544884e+00 2.689557075500e+00 3.818516016006e+00 4.101296424866e+00 2.530655860901e+00 1.822272181511e+00 2.804225444794e+00 2.184031724930e+00 1.394286632538e+00 1.002428531647e+00 3.819565296173e+00 4.958731651306e+00 2.699217319489e+00 1.416414499283e+00 1.263870239258e+00 2.160779953003e+00 1.582484126091e+00 1.546491384506e+00 1.100203394890e+00 1.047117590904e+00 1.559021353722e+00 2.058641910553e+00 2.273339509964e+00 2.060030460358e+00 2.140920877457e+00 9.495426416397e-01
6.053608059883e-01 1.320943355560e+00 1.639508962631e+00 1.490394473076e+00 1.005049586296e+00 9.837213158607e-01 1.821347713470e+00 2.208148479462e+00 1.352295756340e+00 1.191506028175e+00 1.326639890671e+00 1.342003703117e+00 1.232365727425e+00 1.050342082977e+00 1.109478116035e+00 1.292726635933e+00 1.750916719437e+00 1.785027265549e+00 2.960632324219e+00 3.759777784348e+00 3.726645946503e+00 2.201939344406e+00 1.866926312447e+00 2.684299945831e+00 2.358062982559e+00 1.612511038780e+00 1.267273068428e+00 4.922002315521e+00 5.782559871674e+00 2.980815649033e+00 1.576561570168e+00 1.206785798073e+00 2.190221309662e+00 1.439419507980e+00 1.696976900101e+00 1.616981863976e+00 1.566244482994e+00 2.099682807922e+00 2.414936065674e+00 2.283596992493e+00 1.679205179214e+00 2.661004781723e+00 1.110959410667e+00
6.235333681107e-01 1.101688265800e+00 1.551287531853e+00 1.753335237503e+00 1.494453907013e+00 1.028007507324e+00 1.829117774963e+00 2.208828449249e+00 1.324462294579e+00 1.259509086609e+00 1.330049872398e+00 1.277144670486e+00 1.379939317703e+00 1.504361867905e+00 1.575173735619e+00 1.599230527878e+00 1.903043389320e+00 2.056391954422e+00 3.041368722916e+00 3.488342761993e+00 3.233357429504e+00 1.883224487305e+00 1.693343281746e+00 2.348808050156e+00 2.279053211212e+00 1.659025073051e+00 1.373053312302e+00 5.582747459412e+00 6.143230438232e+00 3.095688819885e+00 1.382041573524e+00 1.071021318436e+00 2.374016284943e+00 1.428252220154e+00 1.736921191216e+00 1.688003063202e+00 2.181030035019e+00 2.511585235596e+00 2.458432197571e+00 1.970663666725e+00 1.454798579216e+00 2.896632671356e+00 1.445707082748e+00
6.297433972359e-01 1.259603738785e+00 1.300030112267e+00 1.683468818665e+00 1.838888883591e+00 1.478328824043e+00 1.815683960915e+00 2.177443742752e+00 1.284064292908e+00 1.272156238556e+00 1.386347174644e+00 1.622891664505e+00 1.800891637802e+00 1.901394367218e+00 1.949733138084e+00 1.969772219658e+00 1.952015519142e+00 2.511681079865e+00 3.516834259033e+00 3.722420930862e+00 3.126589775085e+00 2.308894634247e+00 1.618007659912e+00 2.005125284195e+00 2.056671142578e+00 1.479354739189e+00 1.598052859306e+00 5.889164447784e+00 6.285194396973e+00 3.039162635803e+00 1.301997661591e+00 1.126582503319e+00 2.323593854904e+00 1.453071594238e+00 1.929062724113e+00 2.339683055878e+00 2.610221147537e+00 2.561733722687e+00 2.126691102982e+00 1.631348133087e+00 1.650230765343e+00 2.790172338486e+00 1.881447315216e+00
5.354704260826e-01 1.126296877861e+00 1.346515297890e+00 1.410760402679e+00 1.822023272514e+00 1.917772173882e+00 1.763223767281e+00 2.101699113846e+00 1.236300587654e+00 1.495137214661e+00 1.739426970482e+00 1.939607143402e+00 2.078087091446e+00 2.158927917480e+00 2.188699007034e+00 2.188192367554e+00 2.169100522995e+00 3.349148035049e+00 4.569448471069e+00 4.738073348999e+00 4.076796054840e+00 3.191273689270e+00 2.332628965378e+00 1.702068209648e+00 2.270852565765e+00 2.176387310028e+00 1.950519680977e+00 5.654234886169e+00 5.569489479065e+00 2.772093534470e+00 1.605710506439e+00 1.896167755127e+00 2.145639419556e+00 2.322785139084e+00 2.634595155716e+00 2.753474235535e+00 2.641856908798e+00 2.222603797913e+00 2.182147026062e+00 2.538845777512e+00 1.894728183746e+00 2.393025636673e+00 2.288218975067e+00
4.324492216110e-01 8.499025702477e-01 1.125266671181e+00 1.329476833344e+00 1.547135829926e+00 1.955926895142e+00 1.963663458824e+00 1.991196990013e+00 1.534861803055e+00 1.783191919327e+00 1.962145566940e+00 2.077441930771e+00 2.147633314133e+00 2.187964200974e+00 2.194054841995e+00 2.186807155609e+00 2.191196203232e+00 3.695575714111e+00 4.982410907745e+00 5.075153350830e+00 4.379117488861e+00 3.560727596283e+00 2.780989646912e+00 2.034597158432e+00 3.062895774841e+00 2.960392713547e+00 2.494917631149e+00 4.933001995087e+00 4.386653423309e+00 2.363604545593e+00 2.807611942291e+00 3.162312984467e+00 3.144801378250e+00 3.034665107727e+00 3.004396200180e+00 2.850823879242e+00 2.758634805679e+00 2.612553358078e+00 2.385809659958e+00 3.424182653427e+00 2.146374940872e+00 1.828283905983e+00 2.950767278671e+00
5.479994416237e-01 1.072811722755e+00 1.056265592575e+00 1.027347445488e+00 1.256549000740e+00 1.685233712196e+00 2.097106933594e+00 1.999494194984e+00 1.709338188171e+00 1.899062514305e+00 1.995268821716e+00 2.027463197708e+00 2.014737129211e+00 1.971732854843e+00 1.923959732056e+00 1.918160438538e+00 1.970701932907e+00 3.401196718216e+00 4.493535518646e+00 4.635680198669e+00 4.153996467590e+00 3.517393350601e+00 2.901904106140e+00 2.294171810150e+00 3.036206007004e+00 3.135145664215e+00 2.767089366913e+00 4.048996448517e+00 3.216490983963e+00 2.451371908188e+00 3.301099300385e+00 3.729178428650e+00 3.555251836777e+00 3.254427909851e+00 2.875734329224e+00 2.698926687241e+00 2.543491363525e+00 2.365039825439e+00 2.157814264297e+00 3.615845918655e+00 3.329107999802e+00 1.890618443489e+00 3.355735301971e+00
7.054026722908e-01 1.409960865974e+00 1.416418313980e+00 1.389565825462e+00 1.341723561287e+00 1.314994335175e+00 1.846062302589e+00 2.245738983154e+00 1.985163927078e+00 1.861291885376e+00 1.886894464493e+00 1.847913742065e+00 1.767869591713e+00 1.661013245583e+00 1.568575143814e+00 1.549448728561e+00 1.612432241440e+00 2.694394350052e+00 3.462686300278e+00 3.645014286041e+00 3.405724048615e+00 3.056865215302e+00 2.698818922043e+00 2.314546585083e+00 2.390161514282e+00 2.603598117828e+00 2.541592359543e+00 4.068476676941e+00 2.369097948074e+00 2.526362657547e+00 3.270950317383e+00 3.633063077927e+00 3.476950168610e+00 2.875421762466e+00 2.091506719589e+00 2.310963869095e+00 1.896196961403e+00 2.005264520645e+00 1.951447486877e+00 2.989525318146e+00 4.432530403137e+00 1.920553684235e+00 3.380754470825e+00
7.144044637680e-01 1.450667500496e+00 1.501829743385e+00 1.574890255928e+00 1.628728389740e+00 1.641504168510e+00 1.659824728966e+00 2.025840520859e+00 2.352464199066e+00 1.887329459190e+00 1.699707388878e+00 1.614648222923e+00 1.504480481148e+00 1.431190371513e+00 1.539338469505e+00 1.577201962471e+00 1.671952486038e+00 2.317192077637e+00 2.433907032013e+00 2.604330539703e+00 2.548008918762e+00 2.364918231964e+00 2.210516691208e+00 2.096475601196e+00 2.005647897720e+00 1.965040326118e+00 2.633746623993e+00 4.317987442017e+00 2.915052890778e+00 2.852473497391e+00 3.398074388504e+00 3.449165821075e+00 2.874621629715e+00 2.841688394547e+00 1.545717120171e+00 2.736900329590e+00 2.521358728409e+00 2.335295677185e+00 2.002863645554e+00 2.102969884872e+00 5.030591964722e+00 2.766784429550e+00 3.005727529526e+00
8.001341819763e-01 1.382131218910e+00 1.365406990051e+00 1.429338455200e+00 1.501558303833e+00 1.654825329781e+00 1.753324389458e+00 1.841989040375e+00 2.172711133957e+00 2.296159505844e+00 1.905051946640e+00 1.882073402405e+00 1.898185372353e+00 1.720361232758e+00 1.592886805534e+00 1.741413593292e+00 1.898894548416e+00 2.389153957367e+00 2.409104585648e+00 1.993963241577e+00 1.747890830040e+00 2.058931350708e+00 2.564548015594e+00 2.661442041397e+00 2.402178525925e+00 1.967233061790e+00 2.918661594391e+00 4.408248424530e+00 2.934864759445e+00 3.084158420563e+00 3.243225097656e+00 3.322183370590e+00 3.548582315445e+00 3.170652866364e+00 1.990116477013e+00 3.075295925140e+00 2.811261415482e+00 2.327271461487e+00 1.753159403801e+00 2.046127557755e+00 4.833392143250e+00 4.232320785522e+00 2.321161270142e+00
9.158040285110e-01 1.687994718552e+00 1.820874094963e+00 1.573450922966e+00 1.437693595886e+00 1.553282141685e+00 1.584794640541e+00 1.525547981262e+00 1.669431924820e+00 2.120966434479e+00 2.331279516220e+00 2.395564079285e+00 2.348823785782e+00 2.161132574081e+00 2.054238557816e+00 1.979266762733e+00 1.926159858704e+00 2.397722721100e+00 2.513898372650e+00 2.210368394852e+00 1.794317603111e+00 1.646972060204e+00 1.814411878586e+00 2.018615961075e+00 2.067070960999e+00 2.087785959244e+00 2.558278560638e+00 4.248111248016e+00 3.031089305878e+00 2.621957063675e+00 3.001410245895e+00 3.447068214417e+00 3.831715822220e+00 3.253853082657e+00 2.293860912323e+00 3.391040086746e+00 2.702362298965e+00 2.100536823273e+00 1.594518184662e+00 1.870554447174e+00 3.898354530334e+00 5.720568180084e+00 2.552020788193e+00
9.011231064796e-01 1.768254160881e+00 2.105026245117e+00 1.985601902008e+00 1.505671977997e+00 1.161849260330e+00 1.406467914581e+00 1.591408729553e+00 1.705076217651e+00 1.720383048058e+00 2.303954124451e+00 2.551458835602e+00 2.397427082062e+00 2.402396917343e+00 2.429671525955e+00 2.395758390427e+00 2.124279975891e+00 2.381356716156e+00 2.601645946503e+00 2.362732648849e+00 1.758087277412e+00 2.138771533966e+00 2.008900165558e+00 2.079797267914e+00 1.849565625191e+00 1.827841997147e+00 1.922648549080e+00 3.946772336960e+00 3.591629981995e+00 2.827501296997e+00 2.753878116608e+00 2.924653768539e+00 3.608026981354e+00 3.215602159500e+00 2.592475891113e+00 3.271399974823e+00 2.364690542221e+00 1.892523646355e+00 1.793789863586e+00 1.665542721748e+00 2.670403480530e+00 6.692027568817e+00 2.669899225235e+00
