100/SI/f74.grd
DSAA
101	101
32.816463539100	34.260883539100
35.556306596100	36.727886596100
2.365274121985e-03	4.368380126953e+02
[rows 76 to 94 of 101, columns 0 to 42 of 101]
2.651352621615e-02 3.833813965321e-02 5.073991790414e-02 5.998409911990e-02 6.436873972416e-02 6.471788883209e-02 6.250308454037e-02 5.903041735291e-02 5.509144067764e-02 5.675213783979e-02 6.429649889469e-02 7.717333734035e-02 9.142956882715e-02 1.005450561643e-01 1.023146435618e-01 9.921284019947e-02 9.024263173342e-02 9.563674777746e-02 9.855447709560e-02 1.043541878462e-01 1.432610303164e-01 1.396708190441e-01 9.444954991341e-02 1.027434319258e-01 9.546696394682e-02 8.708962798119e-02 9.186806529760e-02 1.020591184497e-01 1.130577251315e-01 1.196768358350e-01 1.153893098235e-01 1.087773218751e-01 1.058273166418e-01 1.063366606832e-01 1.173679158092e-01 1.383522301912e-01 2.569943964481e-01 3.146150410175e-01 2.965180575848e-01 2.187878191471e-01 2.196127176285e-01 3.565397560596e-01 6.272567510605e-01
2.680120058358e-02 4.328316450119e-02 5.737858638167e-02 6.610316038132e-02 6.954060494900e-02 6.915108114481e-02 6.640917807817e-02 6.238233298063e-02 6.157523021102e-02 6.850120425224e-02 7.895727455616e-02 9.345130622387e-02 1.068542897701e-01 1.133706718683e-01 1.115838438272e-01 1.034552156925e-01 8.810551464558e-02 9.024905413389e-02 9.075357019901e-02 8.093581348658e-02 8.173987269402e-02 8.526133745909e-02 7.814187556505e-02 9.218697994947e-02 9.771387279034e-02 8.978167176247e-02 9.789057075977e-02 1.180354729295e-01 1.311668455601e-01 1.328399181366e-01 1.240571513772e-01 1.139515191317e-01 1.136646494269e-01 1.089645922184e-01 1.285391598940e-01 1.412689387798e-01 2.302076220512e-01 2.579752504826e-01 2.941631972790e-01 3.356927037239e-01 6.963105797768e-01 9.216325283051e-01 8.833597302437e-01
2.845970913768e-02 4.535248875618e-02 5.901443585753e-02 6.671839952469e-02 6.914543360472e-02 6.797102093697e-02 6.451801210642e-02 6.668092310429e-02 7.526572048664e-02 8.434232324362e-02 9.605091065168e-02 1.084059625864e-01 1.164319366217e-01 1.162724196911e-01 1.079765632749e-01 9.379854053259e-02 7.457486540079e-02 7.796005904675e-02 7.562334090471e-02 6.643325090408e-02 6.231398135424e-02 6.982874870300e-02 8.279931545258e-02 1.104018315673e-01 1.163527071476e-01 1.065971255302e-01 1.310122162104e-01 1.422853320837e-01 1.456628143787e-01 1.425645053387e-01 1.333883106709e-01 1.237272694707e-01 1.179028600454e-01 1.290317177773e-01 1.665889024734e-01 2.190733999014e-01 2.882257401943e-01 3.549922406673e-01 3.200989961624e-01 8.064340353012e-01 9.438762068748e-01 8.934331536293e-01 8.854800462723e-01
2.566108107567e-02 4.052552580833e-02 5.220486596227e-02 5.844490602612e-02 6.000362336636e-02 5.833232775331e-02 6.317545473576e-02 7.198083400726e-02 7.908200472593e-02 8.616185188293e-02 9.360843151808e-02 9.917785972357e-02 9.990840405226e-02 9.414546936750e-02 8.321708440781e-02 6.967210024595e-02 6.409515440464e-02 6.175095960498e-02 5.765157938004e-02 5.656469985843e-02 5.747530236840e-02 6.383574754000e-02 9.930291026831e-02 1.352107375860e-01 1.464140713215e-01 1.531441807747e-01 1.609636843204e-01 1.623644381762e-01 1.530536562204e-01 1.439746767282e-01 1.362693309784e-01 1.293991506100e-01 1.525900959969e-01 1.646856665611e-01 2.101845741272e-01 2.422705590725e-01 2.361961901188e-01 3.828009665012e-01 4.721565246582e-01 7.440683245659e-01 8.321403861046e-01 8.060547709465e-01 8.225350379944e-01
2.088601514697e-02 3.338418528438e-02 4.061973467469e-02 4.516150057316e-02 4.634216055274e-02 5.077052116394e-02 5.834554135799e-02 6.305807083845e-02 6.530524790287e-02 6.734254956245e-02 6.969827413559e-02 7.113684713840e-02 6.985206156969e-02 6.472665816545e-02 6.575539708138e-02 6.722439080477e-02 6.641658395529e-02 6.292007118464e-02 5.749975144863e-02 5.551632121205e-02 5.374428629875e-02 6.525830179453e-02 1.117200031877e-01 1.537887752056e-01 1.746456176043e-01 1.841502487659e-01 1.859656274319e-01 1.938386708498e-01 1.888553798199e-01 1.632229238749e-01 1.412233859301e-01 1.364146322012e-01 1.662337929010e-01 1.734770387411e-01 1.763647347689e-01 2.027865201235e-01 2.692345678806e-01 3.681164383888e-01 4.879015088081e-01 5.185344219208e-01 8.103225231171e-01 1.012638568878e+00 8.001332283020e-01
2.848782204092e-02 4.151330515742e-02 5.095134302974e-02 5.603317916393e-02 5.832235887647e-02 5.936054140329e-02 5.971547588706e-02 5.934263393283e-02 5.822364613414e-02 5.666272342205e-02 5.676702409983e-02 6.166399270296e-02 6.590937077999e-02 6.956434249878e-02 7.211061567068e-02 7.269061356783e-02 7.056380808353e-02 6.552450358868e-02 6.238451227546e-02 6.079704314470e-02 5.898003280163e-02 7.242653518915e-02 1.149667203426e-01 1.585590541363e-01 3.951534330845e-01 1.156999826431e+00 1.229104399681e+00 5.562086105347e-01 3.254009783268e-01 2.575067877769e-01 1.841413080692e-01 1.437060385942e-01 1.679231673479e-01 2.208150923252e-01 1.737072467804e-01 2.193879336119e-01 2.435816824436e-01 3.791101276875e-01 6.624019145966e-01 6.794303059578e-01 7.529199719429e-01 1.021315336227e+00 1.423320531845e+00
4.012687131763e-02 5.808111652732e-02 7.063958793879e-02 7.665289938450e-02 7.830474525690e-02 7.784794270992e-02 7.628547400236e-02 7.390895485878e-02 7.088039815426e-02 6.745263189077e-02 7.748094946146e-02 8.899009972811e-02 9.896714240313e-02 1.057896167040e-01 1.080857291818e-01 1.052053272724e-01 9.717748314142e-02 8.460420370102e-02 8.208939433098e-02 7.784926146269e-02 7.256396114826e-02 8.632066100836e-02 1.147864535451e-01 2.608425021172e-01 1.087946057320e+00 3.105591297150e+00 3.388784170151e+00 1.778294086456e+00 7.453253865242e-01 3.667194247246e-01 2.381715178490e-01 1.882184743881e-01 1.615725308657e-01 2.345775812864e-01 2.450102716684e-01 2.547084093094e-01 2.291036248207e-01 3.580994009972e-01 7.775291204453e-01 1.170366406441e+00 7.789089679718e-01 7.936159372330e-01 1.785378336906e+00
5.021316558123e-02 7.167034596205e-02 8.570262044668e-02 9.109254926443e-02 9.080681204796e-02 8.779721707106e-02 8.351687341928e-02 8.119793236256e-02 9.233214706182e-02 1.126352921128e-01 1.335746198893e-01 1.533360481262e-01 1.701466590166e-01 1.833990812302e-01 1.925468146801e-01 1.958793997765e-01 1.909119188786e-01 1.748009473085e-01 1.447075605392e-01 1.116321012378e-01 1.026756390929e-01 1.070018187165e-01 2.301651686430e-01 4.146402776241e-01 1.277794837952e+00 1.015007019043e+01 1.979956436157e+01 4.383357524872e+00 1.970247626305e+00 6.830067038536e-01 2.898076772690e-01 2.320328652859e-01 2.109905481339e-01 2.927864491940e-01 3.521272540092e-01 3.445730805397e-01 2.864533960819e-01 4.385133087635e-01 6.534954905510e-01 1.427257895470e+00 1.440576434135e+00 7.725805640221e-01 1.830071210861e+00
5.322718620300e-02 7.442966103554e-02 8.693682402372e-02 8.988071978092e-02 8.678490668535e-02 8.986511081457e-02 9.941253066063e-02 1.057244464755e-01 1.234374046326e-01 1.519831120968e-01 1.817557066679e-01 2.100179195404e-01 2.348273992538e-01 2.569604814053e-01 2.781828641891e-01 2.983091771603e-01 3.119963109493e-01 3.074330985546e-01 2.679934203625e-01 1.940364539623e-01 1.492355465889e-01 2.143536806107e-01 3.780281841755e-01 5.367094278336e-01 2.403057098389e+00 5.711922645569e+00 7.919237136841e+00 2.406527757645e+00 1.037417888641e+00 5.677820444107e-01 4.513265490532e-01 5.335130095482e-01 6.853979229927e-01 6.335248947144e-01 4.421082437038e-01 4.474948048592e-01 3.823985159397e-01 4.472284018993e-01 4.838924109936e-01 9.335060119629e-01 1.242102742195e+00 8.687579035759e-01 3.067231178284e+00
7.181561738253e-02 1.138100102544e-01 1.436505913734e-01 1.607772409916e-01 1.704889386892e-01 1.744681000710e-01 1.731102764606e-01 1.671142876148e-01 1.576878279448e-01 1.577536463737e-01 1.905344724655e-01 2.236099839211e-01 2.550693154335e-01 2.852608561516e-01 3.173609972000e-01 3.551324307919e-01 3.922733366489e-01 4.074882864952e-01 3.702051043510e-01 4.485056102276e-01 3.323294818401e-01 3.607601225376e-01 4.743312895298e-01 6.584377288818e-01 1.219603180885e+00 4.320397973061e-01 3.495383262634e-01 3.490773439407e-01 4.872597754002e-01 4.112743437290e-01 4.844006597996e-01 3.622259378433e+00 2.467404127121e+00 1.672572612762e+00 1.001440525055e+00 1.472710132599e+00 1.351892709732e+00 6.358799338341e-01 5.177088975906e-01 5.741137862206e-01 8.552972078323e-01 2.334272384644e+00 3.540149927139e+00
1.316472887993e-01 2.047402709723e-01 2.510517537594e-01 2.701185941696e-01 2.735923528671e-01 2.672793865204e-01 2.541265487671e-01 2.366911470890e-01 2.210420519114e-01 2.309102565050e-01 2.386037856340e-01 2.424281686544e-01 2.464018911123e-01 2.801183462143e-01 3.118303716183e-01 3.473438024521e-01 3.830114901066e-01 5.669674277306e-01 7.329270243645e-01 7.393391728401e-01 7.571253776550e-01 7.548952102661e-01 5.607489943504e-01 6.645879745483e-01 3.230854868889e-01 2.453779578209e-01 2.285169064999e-01 1.985226869583e-01 2.224252820015e-01 3.107877969742e-01 7.766829133034e-01 4.311886310577e+00 3.169491291046e+00 1.817906737328e+00 1.616902828217e+00 3.414133071899e+00 3.256045103073e+00 1.479099869728e+00 1.121654033661e+00 1.010070204735e+00 1.303434848785e+00 2.202797889709e+00 4.002584457397e+00
1.845325082541e-01 2.807122766972e-01 3.303231596947e-01 3.437014520168e-01 4.229263663292e-01 4.573942124844e-01 4.527089297771e-01 4.246473312378e-01 3.850252628326e-01 3.486795723438e-01 3.546938598156e-01 3.493483662605e-01 3.528924584389e-01 4.075953960419e-01 5.875007510185e-01 6.985961198807e-01 7.832452654839e-01 7.625775337219e-01 5.708103775978e-01 6.424784660339e-01 6.763570904732e-01 5.655898451805e-01 4.516381919384e-01 2.549909353256e-01 2.240921407938e-01 1.764112710953e-01 1.465202122927e-01 1.179600730538e-01 1.093250662088e-01 1.909896731377e-01 3.043678104877e-01 1.737733721733e+00 2.117007255554e+00 3.169985294342e+00 3.382033109665e+00 4.641591072083e+00 3.134829759598e+00 1.447288751602e+00 3.041254281998e+00 2.576469421387e+00 1.748335957527e+00 2.145219802856e+00 6.847669124603e+00
2.157661318779e-01 3.250141441822e-01 3.758549988270e-01 4.259368479252e-01 5.191808938980e-01 5.575656294823e-01 5.485631823540e-01 5.110980272293e-01 4.587487578392e-01 4.017582237720e-01 3.458932936192e-01 3.792493045330e-01 4.394316673279e-01 5.054802894592e-01 5.503766536713e-01 5.664987564087e-01 5.338777303696e-01 4.416921138763e-01 3.515878915787e-01 3.064353764057e-01 2.637843489647e-01 1.873213052750e-01 1.607438772917e-01 1.539263278246e-01 1.371715068817e-01 1.119967922568e-01 8.653713762760e-02 8.327034115791e-02 1.061661392450e-01 1.587897688150e-01 2.264495491982e-01 9.408929944038e-01 9.729494452477e-01 1.869435787201e+00 2.181634426117e+00 5.210989475250e+00 4.503218650818e+00 2.486145019531e+00 2.279799699783e+00 9.140353202820e+00 2.154068183899e+01 5.552597999573e+00 3.404316425323e+00
1.606712192297e-01 2.397226542234e-01 2.738550007343e-01 2.820252478123e-01 3.384430706501e-01 3.597652316093e-01 3.517702221870e-01 3.263963162899e-01 2.918311953545e-01 2.547759711742e-01 2.307258695364e-01 2.500885426998e-01 2.613500952721e-01 2.643210887909e-01 2.593013942242e-01 2.583691179752e-01 2.327535450459e-01 1.841272264719e-01 2.143810093403e-01 2.020669132471e-01 1.609846353531e-01 1.197479367256e-01 1.123011112213e-01 1.002557054162e-01 8.391427993774e-02 6.606831401587e-02 7.731183618307e-02 1.072473898530e-01 1.341746747494e-01 2.673142850399e-01 3.396079838276e-01 5.151125788689e-01 8.966724276543e-01 6.671993136406e-01 5.770401954651e-01 6.924645304680e-01 4.310692787170e+00 2.616375684738e+00 1.908405184746e+00 1.226011943817e+01 2.703479766846e+01 2.944780826569e+00 1.060112953186e+00
7.592181116343e-02 1.121143698692e-01 1.353808641434e-01 1.536658555269e-01 1.606668829918e-01 1.640637069941e-01 1.658602356911e-01 1.574777066708e-01 1.500745266676e-01 1.482243984938e-01 1.457646340132e-01 1.343728601933e-01 1.407581567764e-01 1.453259289265e-01 1.446150392294e-01 1.371421962976e-01 1.773232966661e-01 2.267001420259e-01 2.138840556145e-01 1.602193564177e-01 1.023002937436e-01 7.566368579865e-02 6.872610747814e-02 5.962567403913e-02 5.049692094326e-02 7.866748422384e-02 1.208408400416e-01 1.610599011183e-01 2.161234617233e-01 3.494653999805e-01 4.892333745956e-01 6.591187715530e-01 7.567020654678e-01 8.745187520981e-01 4.279404878616e-01 4.609353244305e-01 8.791028261185e-01 2.181977748871e+00 3.619692802429e+00 3.887886285782e+00 2.010293483734e+00 7.581325769424e-01 7.073762416840e-01
5.176354572177e-02 7.551594078541e-02 9.540158510208e-02 1.077042743564e-01 1.126779839396e-01 1.124019175768e-01 1.092699617147e-01 1.040654852986e-01 9.798398613930e-02 9.155963361263e-02 8.496041595936e-02 7.834406942129e-02 7.195947319269e-02 7.292850315571e-02 7.191870361567e-02 9.652024507523e-02 1.646812707186e-01 1.951948106289e-01 1.674205809832e-01 1.156514286995e-01 7.054952532053e-02 4.569999501109e-02 4.695061966777e-02 5.149220302701e-02 7.030182331800e-02 1.192011907697e-01 1.793456524611e-01 2.472146749496e-01 3.482645750046e-01 4.819990992546e-01 7.201977968216e-01 7.428069114685e-01 6.704079508781e-01 3.669533133507e-01 2.805827856064e-01 3.823620080948e-01 4.639707505703e-01 1.630647897720e+00 4.286356449127e+00 2.511839151382e+00 1.481144070625e+00 6.467023491859e-01 6.141580343246e-01
3.712795674801e-02 5.362746864557e-02 6.696006655693e-02 7.520531862974e-02 7.885367423296e-02 7.925733923912e-02 7.750214636326e-02 7.430478185415e-02 7.012448459864e-02 6.520381569862e-02 5.976603552699e-02 5.400388315320e-02 5.789798125625e-02 5.814917013049e-02 5.365429073572e-02 5.719926953316e-02 1.026025488973e-01 1.279851049185e-01 1.199226379395e-01 9.409353137016e-02 6.663356721401e-02 4.488228634000e-02 5.029230937362e-02 5.789212137461e-02 9.920433163643e-02 2.167392075062e-01 4.573485851288e-01 4.210574626923e-01 3.499724566936e-01 6.482740044594e-01 8.811371922493e-01 7.553299069405e-01 5.378066897392e-01 2.495934665203e-01 2.756654322147e-01 3.781300187111e-01 4.911986291409e-01 1.990725755692e+00 3.431061506271e+00 1.478928565979e+00 8.533242940903e-01 5.161000490189e-01 4.640729725361e-01
2.535665594041e-02 3.626735135913e-02 4.490986466408e-02 5.016268044710e-02 5.244367569685e-02 5.263673141599e-02 5.137230083346e-02 4.905134066939e-02 4.591429606080e-02 4.214711859822e-02 4.150610417128e-02 4.651342332363e-02 4.844674840569e-02 4.629527032375e-02 4.291226342320e-02 4.909665510058e-02 5.454293265939e-02 6.538959592581e-02 7.500167191029e-02 7.260881364346e-02 6.196961179376e-02 4.907052218914e-02 5.371800810099e-02 7.423126697540e-02 1.290661394596e-01 3.744276463985e-01 5.318745374680e-01 3.232651352882e-01 3.558815419674e-01 6.845294833183e-01 9.252843260765e-01 7.330963611603e-01 4.998128414154e-01 3.435711860657e-01 3.899828493595e-01 3.778595924377e-01 8.440130949020e-01 3.458118438721e+00 2.638485431671e+00 6.082643270493e-01 1.221837282181e+00 5.273700952530e-01 3.590979874134e-01
1.547728385776e-02 2.191312797368e-02 2.692900784314e-02 2.988635189831e-02 3.105431422591e-02 3.096102923155e-02 2.997462265193e-02 2.833119779825e-02 2.627306059003e-02 3.191769495606e-02 3.721762821078e-02 4.066660627723e-02 4.091140255332e-02 4.373424127698e-02 5.060111358762e-02 5.756025016308e-02 6.364925950766e-02 6.763611733913e-02 6.832184642553e-02 6.525280326605e-02 5.960574373603e-02 5.540575832129e-02 6.165105104446e-02 9.249125421047e-02 1.556746661663e-01 4.183992743492e-01 4.391815364361e-01 3.557351529598e-01 3.232128918171e-01 6.118670701981e-01 8.566019535065e-01 6.684338450432e-01 6.384900808334e-01 4.314611554146e-01 4.695141017437e-01 3.493160009384e-01 8.288662433624e-01 2.027157068253e+00 1.125291347504e+00 7.174792289734e-01 1.622095346451e+00 5.199835896492e-01 2.748273909092e-01
