100/SI/f74.grd
DSAA
101	101
32.816463539100	34.260883539100
35.556306596100	36.727886596100
2.365274121985e-03	4.368380126953e+02
[rows 38 to 56 of 101, columns 0 to 42 of 101]
9.453854560852e-01 1.994058966637e+00 2.155707597733e+00 2.244602441788e+00 2.798105955124e+00 3.430274724960e+00 3.961154937744e+00 4.401497364044e+00 4.827585220337e+00 4.414743423462e+00 3.632006406784e+00 2.993337631226e+00 3.057855844498e+00 3.017952203751e+00 3.144395112991e+00 3.519338607788e+00 3.978934764862e+00 7.284012794495e+00 1.176082324982e+01 1.257653903961e+01 1.007358455658e+01 8.148601531982e+00 5.716635227203e+00 6.716617107391e+00 1.287491607666e+01 1.681500625610e+01 1.630756568909e+01 1.175335788727e+01 8.804418563843e+00 9.580838203430e+00 9.874764442444e+00 1.231835842133e+01 1.672112083435e+01 1.641349601746e+01 1.546472167969e+01 9.495099067688e+00 1.314581584930e+01 1.477363586426e+01 1.416385936737e+01 2.182865715027e+01 2.389529037476e+01 3.451437377930e+01 2.846858215332e+01
1.467228055000e+00 2.610943555832e+00 2.190815925598e+00 2.092317342758e+00 2.976269721985e+00 3.608075618744e+00 4.721817493439e+00 5.930868148804e+00 6.601187705994e+00 6.180399894714e+00 4.512298583984e+00 3.401453971863e+00 2.988918542862e+00 3.034528970718e+00 3.258980989456e+00 3.524493932724e+00 3.755600690842e+00 3.970905542374e+00 6.403552532196e+00 8.952414512634e+00 9.127741813660e+00 8.479318618774e+00 8.896113395691e+00 7.448314189911e+00 7.106504440308e+00 8.039362907410e+00 1.044432163239e+01 1.967853355408e+01 2.644065093994e+01 2.684384155273e+01 2.103167915344e+01 1.038018894196e+01 1.211293125153e+01 1.026357078552e+01 2.018641090393e+01 1.801307678223e+01 1.191380023956e+01 1.444634532928e+01 1.764387893677e+01 1.991204833984e+01 2.692791175842e+01 3.227751159668e+01 3.713561248779e+01
1.609373450279e+00 3.205453872681e+00 3.036574125290e+00 2.669190168381e+00 3.522001028061e+00 4.326211452484e+00 5.237720966339e+00 6.876211643219e+00 7.445304393768e+00 7.405223369598e+00 5.065751075745e+00 3.373640298843e+00 3.376446008682e+00 2.907616853714e+00 2.473659276962e+00 2.715561151505e+00 3.370315074921e+00 3.550496816635e+00 3.886813163757e+00 4.958565711975e+00 7.414712429047e+00 1.050910472870e+01 1.224145030975e+01 1.257750129700e+01 1.266998004913e+01 8.504324913025e+00 6.384749889374e+00 6.681000232697e+00 6.992162227631e+00 8.465958595276e+00 1.770254898071e+01 2.806904220581e+01 3.324020767212e+01 2.781378364563e+01 1.436022472382e+01 1.436775302887e+01 2.488262176514e+01 2.063122367859e+01 2.178498077393e+01 2.158499526978e+01 1.938035583496e+01 2.715538787842e+01 4.069335174561e+01
2.304370641708e+00 3.925874233246e+00 4.552434921265e+00 4.672584533691e+00 4.209889888763e+00 5.052101612091e+00 5.045565605164e+00 4.791831016541e+00 4.792913913727e+00 5.918460369110e+00 6.351329326630e+00 5.479546070099e+00 4.034854888916e+00 3.636659145355e+00 3.983162641525e+00 4.919112682343e+00 5.700550556183e+00 6.368643760681e+00 6.210969924927e+00 4.511662006378e+00 4.956876277924e+00 6.522631645203e+00 7.237617492676e+00 9.686594009399e+00 1.201825428009e+01 1.427282905579e+01 1.592193317413e+01 1.546182537079e+01 1.636532783508e+01 1.786943244934e+01 1.976889228821e+01 1.844218635559e+01 2.861666870117e+01 3.240705490112e+01 2.318259048462e+01 2.968807792664e+01 3.300529479980e+01 2.807975959778e+01 3.198172378540e+01 2.620438194275e+01 1.811538505554e+01 3.157362937927e+01 2.623052215576e+01
2.350318908691e+00 4.529809951782e+00 5.084519386292e+00 4.291651725769e+00 4.960116863251e+00 6.253756046295e+00 6.206043720245e+00 5.084004402161e+00 6.132325172424e+00 5.114203453064e+00 4.875855922699e+00 6.766373634338e+00 6.991289138794e+00 5.228353500366e+00 4.867727279663e+00 4.482573032379e+00 4.906594276428e+00 6.557477474213e+00 8.817556381226e+00 8.951708793640e+00 5.645816802979e+00 6.076067924500e+00 7.952211856842e+00 6.579048156738e+00 7.658191680908e+00 9.311220169067e+00 1.236146259308e+01 1.869049263000e+01 2.508921241760e+01 2.297797012329e+01 2.197089004517e+01 1.617414093018e+01 1.609749603271e+01 3.090627861023e+01 2.905922698975e+01 3.660915756226e+01 2.418380165100e+01 3.439243316650e+01 3.027823448181e+01 4.370621490479e+01 4.525325775146e+01 3.624532699585e+01 4.021280288696e+01
4.673345088959e+00 9.072300910950e+00 6.784700393677e+00 5.797825336456e+00 5.673220634460e+00 5.102756023407e+00 5.403172492981e+00 6.576956272125e+00 6.484375476837e+00 5.197843551636e+00 6.210198402405e+00 4.240661144257e+00 5.448050498962e+00 7.605043888092e+00 6.568329334259e+00 5.587405204773e+00 6.998727798462e+00 1.506905174255e+01 1.769305419922e+01 1.043811130524e+01 1.117185211182e+01 6.308625698090e+00 7.242779731750e+00 1.031952667236e+01 6.886295318604e+00 6.561794281006e+00 7.129565715790e+00 7.445936679840e+00 9.486521720886e+00 1.077673721313e+01 1.149652099609e+01 1.314334583282e+01 1.784682273865e+01 2.798065185547e+01 1.878460884094e+01 1.741871833801e+01 2.494752120972e+01 2.915596771240e+01 1.987918472290e+01 4.094004058838e+01 4.179716873169e+01 4.541748809814e+01 5.551939392090e+01
7.216686725616e+00 1.325389957428e+01 1.076022434235e+01 8.504745483398e+00 7.841208457947e+00 6.128925800323e+00 8.425193786621e+00 7.384897232056e+00 8.089647293091e+00 6.307648658752e+00 4.852788925171e+00 5.869199275970e+00 5.296130180359e+00 3.593508958817e+00 6.465314388275e+00 7.567281723022e+00 5.463670730591e+00 4.579227447510e+00 8.348626136780e+00 5.947782516479e+00 1.031962680817e+01 1.148473167419e+01 1.147846031189e+01 1.006644821167e+01 1.394378376007e+01 8.646409988403e+00 8.477161407471e+00 1.097826004028e+01 1.288428115845e+01 9.903105735779e+00 1.208905506134e+01 1.490787220001e+01 1.769455718994e+01 2.081476402283e+01 2.653738784790e+01 2.016757965088e+01 2.238203811646e+01 2.501002693176e+01 2.373642730713e+01 3.369860076904e+01 3.307022476196e+01 4.753902816772e+01 4.720849990845e+01
3.001838684082e+00 6.268691062927e+00 7.408380031586e+00 8.676844596863e+00 8.814115524292e+00 9.783999443054e+00 1.031693172455e+01 8.870700836182e+00 7.910914421082e+00 7.516863822937e+00 7.391930580139e+00 6.667891502380e+00 6.229377746582e+00 5.776645183563e+00 6.243187427521e+00 5.342372417450e+00 3.865730285645e+00 4.506030082703e+00 4.758287906647e+00 6.348840236664e+00 6.063092231750e+00 1.054939746857e+01 1.071849155426e+01 1.147682571411e+01 1.361670875549e+01 1.550013542175e+01 1.659507560730e+01 1.732256317139e+01 1.779113769531e+01 1.920128822327e+01 1.954498291016e+01 2.058220291138e+01 2.195293235779e+01 1.836962318420e+01 1.623988342285e+01 2.243677711487e+01 2.757084465027e+01 4.173501586914e+01 5.051416015625e+01 4.717348098755e+01 4.538455200195e+01 4.650045013428e+01 3.990510177612e+01
2.914036512375e+00 6.152954578400e+00 7.063737392426e+00 7.878817081451e+00 8.327598571777e+00 8.484981536865e+00 7.793149948120e+00 6.592884540558e+00 6.076961517334e+00 7.650098800659e+00 8.993628501892e+00 8.512837409973e+00 6.383794784546e+00 4.137163639069e+00 4.326725959778e+00 2.517114400864e+00 1.485658288002e+00 1.601298451424e+00 2.112363576889e+00 2.666755676270e+00 7.440536975861e+00 1.336917304993e+01 1.195903205872e+01 1.428812503815e+01 1.358149909973e+01 1.681484603882e+01 1.743772506714e+01 1.657353210449e+01 1.551684093475e+01 1.892474746704e+01 2.000043106079e+01 2.459388351440e+01 3.151387977600e+01 3.440677261353e+01 2.950045585632e+01 2.490603256226e+01 2.779468727112e+01 2.058525085449e+01 3.124573898315e+01 3.211489105225e+01 5.044830322266e+01 4.628277587891e+01 5.009619522095e+01
7.793812751770e-01 1.537067651749e+00 1.628647446632e+00 1.763610124588e+00 2.512775897980e+00 3.477723836899e+00 4.555264472961e+00 4.967548847198e+00 4.894922733307e+00 4.560596466064e+00 4.468462944031e+00 5.669004440308e+00 5.626393318176e+00 4.532669067383e+00 2.882935285568e+00 2.277825117111e+00 1.170045137405e+00 9.850255846977e-01 1.116432428360e+00 2.345498800278e+00 5.387031078339e+00 1.107816982269e+01 2.796644973755e+01 2.642873954773e+01 2.380042266846e+01 2.238435554504e+01 2.160524940491e+01 2.104470825195e+01 2.116829872131e+01 2.449209022522e+01 2.905599021912e+01 3.298339843750e+01 5.520636749268e+01 3.185044288635e+01 7.042859649658e+01 4.774969482422e+01 3.803636169434e+01 4.168831634521e+01 5.188168334961e+01 6.058189010620e+01 6.438295745850e+01 6.088270187378e+01 6.130474090576e+01
7.143453955650e-01 1.381240725517e+00 1.507493853569e+00 1.511891841888e+00 2.405660629272e+00 3.533874273300e+00 3.663742542267e+00 3.006961107254e+00 2.224254846573e+00 1.832331299782e+00 2.303250789642e+00 2.856464624405e+00 2.730862140656e+00 2.191303730011e+00 1.615695714951e+00 1.171103715897e+00 8.967601656914e-01 6.474539041519e-01 6.342942714691e-01 2.098767280579e+00 6.720452785492e+00 1.168624210358e+01 1.169752502441e+01 2.327978897095e+01 5.696643829346e+01 2.923320960999e+01 1.835700416565e+01 1.667538261414e+01 1.749193572998e+01 1.913855934143e+01 3.322512054443e+01 4.588182449341e+01 2.424059486389e+01 3.650940322876e+01 6.824345397949e+01 1.187424850464e+02 4.887183380127e+01 4.125036621094e+01 3.542350006104e+01 3.908766555786e+01 3.358685302734e+01 6.348114013672e+01 7.531916046143e+01
3.710943460464e-01 7.715888619423e-01 9.272338747978e-01 1.030411124229e+00 1.268684983253e+00 2.028463363647e+00 2.323343038559e+00 2.032951831818e+00 1.570180773735e+00 1.180911540985e+00 9.797331094742e-01 9.382470250130e-01 7.560189962387e-01 6.756004095078e-01 8.095473647118e-01 6.237779855728e-01 5.575476884842e-01 4.675444960594e-01 5.825325250626e-01 8.829812407494e-01 1.448185920715e+00 3.891066074371e+00 4.140853404999e+00 5.670315265656e+00 2.121150207520e+01 2.227979278564e+01 8.291305541992e+00 4.760159969330e+00 5.006572246552e+00 1.524487590790e+01 2.017516517639e+01 2.202193832397e+01 2.330507469177e+01 1.937950897217e+01 2.885396385193e+01 7.936562347412e+01 4.593726730347e+01 2.666789436340e+01 1.932184219360e+01 1.718691825867e+01 1.638874626160e+01 4.192259979248e+01 5.870101165771e+01
1.650790572166e-01 3.250944912434e-01 3.392503857613e-01 3.811012506485e-01 4.799341559410e-01 6.050747632980e-01 7.177582979202e-01 7.805209159851e-01 7.568427324295e-01 6.558657884598e-01 5.564101338387e-01 6.148777008057e-01 6.334329843521e-01 5.839168429375e-01 5.866729021072e-01 6.751055121422e-01 5.191435217857e-01 4.038166999817e-01 4.827939569950e-01 6.705778241158e-01 7.670392990112e-01 1.417791962624e+00 2.458059310913e+00 5.328865051270e+00 1.285231113434e+01 8.261374473572e+00 5.112902164459e+00 4.095549583435e+00 3.891628742218e+00 1.260803103447e+00 1.107523679733e+00 1.216210126877e+00 1.908055901527e+00 4.005359649658e+00 9.429614067078e+00 1.550116119385e+02 2.946568298340e+02 4.082214736938e+01 2.820399475098e+01 1.459024333954e+01 1.024605178833e+01 1.096842765808e+01 2.147397422791e+01
1.333855390549e-01 2.423261255026e-01 2.695931196213e-01 2.700943350792e-01 2.710344791412e-01 3.470346629620e-01 4.542758464813e-01 5.574696063995e-01 6.187465190887e-01 6.067971587181e-01 5.122728943825e-01 4.612137973309e-01 5.000429153442e-01 4.821894466877e-01 4.271833598614e-01 5.141232013702e-01 6.036447882652e-01 4.878706634045e-01 3.897633850574e-01 1.453914284706e+00 1.642011642456e+00 1.061882853508e+00 1.405783057213e+00 2.480891466141e+00 4.673338413239e+00 4.722690582275e+01 1.081570816040e+01 8.782608985901e+00 3.743358373642e+00 7.454746961594e-01 6.533754467964e-01 6.857453584671e-01 8.238735795021e-01 1.023136377335e+00 1.368283510208e+00 7.089505672455e+00 4.967941665649e+01 1.235717620850e+02 3.373700714111e+01 1.952857398987e+01 5.302819252014e+00 3.486722707748e+00 3.646584033966e+00
1.215196102858e-01 2.876090705395e-01 3.874549567699e-01 4.465240538120e-01 4.646238982677e-01 4.285790920258e-01 3.809668719769e-01 3.520533442497e-01 4.410133361816e-01 5.054260492325e-01 5.049285292625e-01 4.386676847935e-01 3.723438978195e-01 4.640147686005e-01 4.832793772221e-01 4.305723011494e-01 4.936071932316e-01 6.469367146492e-01 5.174318552017e-01 1.048035979271e+00 1.215582251549e+00 1.006494879723e+00 1.106633543968e+00 1.186537265778e+00 2.708716392517e+00 1.146420860291e+01 9.722057342529e+00 2.449144363403e+00 1.154406309128e+00 7.162162661552e-01 5.377738475800e-01 4.600523412228e-01 4.544329345226e-01 5.842058658600e-01 7.634447813034e-01 2.528490304947e+00 1.263260841370e+01 4.802207946777e+01 5.673945999146e+01 8.749062538147e+00 4.016910076141e+00 2.405241250992e+00 2.260729074478e+00
1.846295893192e-01 4.322650134563e-01 5.496420860291e-01 6.158176064491e-01 6.317388415337e-01 6.037054657936e-01 5.664474964142e-01 5.099402666092e-01 4.411807358265e-01 3.614746332169e-01 4.031600356102e-01 4.246452152729e-01 4.073243439198e-01 4.729140996933e-01 5.410026907921e-01 5.093213319778e-01 4.202554523945e-01 6.761625409126e-01 7.059479951859e-01 1.913793563843e+00 1.226962447166e+00 8.924533128738e-01 6.106119155884e-01 6.371485590935e-01 1.190704941750e+00 1.117185401917e+01 1.163125896454e+01 2.206873893738e+00 1.458637237549e+00 7.442393898964e-01 4.661656618118e-01 3.351398110390e-01 2.980712056160e-01 3.034834563732e-01 4.725996255875e-01 8.052195906639e-01 5.247212886810e+00 1.699973869324e+01 4.403729248047e+01 2.253953742981e+01 1.088097381592e+01 1.979572057724e+00 1.751209616661e+00
1.243164092302e-01 2.713436484337e-01 3.364469110966e-01 3.676350116730e-01 3.560525774956e-01 3.545698523521e-01 3.951092362404e-01 4.400810599327e-01 4.821961820126e-01 4.823063313961e-01 4.160549640656e-01 3.253497183323e-01 3.833620846272e-01 4.196976423264e-01 4.239557385445e-01 4.252456426620e-01 4.289125800133e-01 7.106001377106e-01 9.773662686348e-01 1.623703598976e+00 1.263330459595e+00 9.941366910934e-01 4.970015883446e-01 5.054991841316e-01 1.007539987564e+00 5.008773326874e+00 3.774581193924e+00 1.719159960747e+00 1.366707563400e+00 7.712760567665e-01 4.259365499020e-01 3.646873831749e-01 3.217772841454e-01 3.149614036083e-01 3.916694223881e-01 6.917929053307e-01 1.465664625168e+00 7.235230922699e+00 8.625521659851e+00 5.259628295898e+00 3.311780452728e+00 1.499820351601e+00 1.406982541084e+00
1.165746673942e-01 2.154584079981e-01 3.151896297932e-01 3.978517949581e-01 4.716690182686e-01 5.552183389664e-01 6.468682289124e-01 7.456440329552e-01 8.371024131775e-01 8.637676239014e-01 7.742128372192e-01 5.786885023117e-01 3.760957419872e-01 3.921930193901e-01 4.859862327576e-01 5.293984413147e-01 6.435509324074e-01 7.505605816841e-01 8.924393057823e-01 1.529560923576e+00 1.238609313965e+00 7.337807416916e-01 3.975141048431e-01 3.914482295513e-01 7.276769876480e-01 1.545184493065e+00 4.252918243408e+01 1.177789807320e+00 1.094925999641e+00 6.674938201904e-01 4.050028920174e-01 3.269278705120e-01 3.119424283504e-01 3.300244510174e-01 4.186730980873e-01 5.711346268654e-01 9.842203855515e-01 1.211699843407e+00 2.490255832672e+00 3.225638151169e+00 2.012231349945e+00 1.224074602127e+00 1.666590809822e+00
1.156217306852e-01 2.099121809006e-01 2.918288707733e-01 3.570409417152e-01 4.232656955719e-01 5.048905611038e-01 5.908527970314e-01 6.770876646042e-01 7.582558989525e-01 8.034396171570e-01 7.642987966537e-01 8.539713025093e-01 8.858786225319e-01 8.656023144722e-01 8.291665911674e-01 7.547414898872e-01 8.831825256348e-01 6.577205657959e-01 8.668014407158e-01 2.757385492325e+00 1.016973018646e+00 5.227753520012e-01 3.728054761887e-01 3.139358162880e-01 4.319320321083e-01 3.166963100433e+00 9.652696609497e+00 9.578648209572e-01 1.161765575409e+00 4.971531331539e-01 3.823409378529e-01 2.937206327915e-01 2.972027957439e-01 3.411408364773e-01 4.409098923206e-01 5.255130529404e-01 6.058227419853e-01 9.531521201134e-01 2.072990894318e+00 2.408754587173e+00 1.565347909927e+00 1.176679134369e+00 1.443830013275e+00
