100/SI/f74.grd
DSAA
101	101
32.816463539100	34.260883539100
35.556306596100	36.727886596100
2.365274121985e-03	4.368380126953e+02
[rows 19 to 37 of 101, columns 0 to 42 of 101]
7.927401661873e-01 1.617166757584e+00 2.070832252502e+00 2.112930297852e+00 1.744941473007e+00 1.375717043877e+00 9.476380944252e-01 1.093908071518e+00 1.289595723152e+00 1.540995597839e+00 2.037778615952e+00 2.422943830490e+00 2.331327915192e+00 2.522131681442e+00 2.537955284119e+00 2.459822893143e+00 2.339016437531e+00 2.361925363541e+00 2.679308414459e+00 2.383916139603e+00 2.433661699295e+00 2.615657806396e+00 2.734136104584e+00 2.668939352036e+00 2.369574069977e+00 2.022664070129e+00 2.092035770416e+00 3.437196493149e+00 4.074606418610e+00 3.047833204269e+00 2.819262266159e+00 2.610278844833e+00 2.738325834274e+00 2.705785989761e+00 2.677568674088e+00 2.710571050644e+00 2.130652904510e+00 1.864030718803e+00 2.004299163818e+00 1.952555537224e+00 2.795364141464e+00 6.684479713440e+00 3.141154289246e+00
6.214611530304e-01 1.306673049927e+00 1.764159917831e+00 1.932460904121e+00 1.720609664917e+00 1.642828226089e+00 1.506692409515e+00 1.029657602310e+00 1.353093743324e+00 1.584494352341e+00 1.772876024246e+00 2.211700439453e+00 1.947186708450e+00 2.264005184174e+00 2.441763877869e+00 2.515748739243e+00 2.508696079254e+00 2.395416975021e+00 3.072108507156e+00 2.450405597687e+00 2.829144716263e+00 3.326331853867e+00 3.589813709259e+00 3.665273666382e+00 3.338391542435e+00 2.575478553772e+00 2.773459196091e+00 2.793468952179e+00 4.289573192596e+00 3.095303535461e+00 2.660491228104e+00 2.533659458160e+00 2.469940662384e+00 2.378470182419e+00 2.284591674805e+00 2.940075397491e+00 2.048394441605e+00 2.156214237213e+00 2.195867538452e+00 2.273570775986e+00 3.458621501923e+00 5.672513961792e+00 4.664717197418e+00
4.632516801357e-01 9.523019790649e-01 1.337062120438e+00 1.540811896324e+00 1.455905795097e+00 1.262326955795e+00 1.554733514786e+00 1.535910367966e+00 1.730236649513e+00 2.056337594986e+00 2.361862421036e+00 3.101650238037e+00 3.700152635574e+00 3.371340036392e+00 2.290703535080e+00 2.255802631378e+00 2.379356384277e+00 2.555557250977e+00 4.473409175873e+00 3.411327123642e+00 2.585404872894e+00 4.043802261353e+00 4.287596702576e+00 4.934788703918e+00 3.942596435547e+00 3.484340667725e+00 3.469288587570e+00 2.223687887192e+00 4.051262855530e+00 2.851870775223e+00 2.207991600037e+00 2.322713851929e+00 2.744407415390e+00 2.130365133286e+00 2.324427127838e+00 3.117865324020e+00 2.481283187866e+00 2.292384147644e+00 2.375477790833e+00 2.572394609451e+00 4.028728485107e+00 4.078801631927e+00 6.183265686035e+00
6.513963937759e-01 1.170467615128e+00 1.091974735260e+00 1.143677711487e+00 1.371633648872e+00 1.733656406403e+00 2.019155025482e+00 2.404772043228e+00 2.911263465881e+00 3.647874593735e+00 4.622426033020e+00 5.771049022675e+00 6.456429958344e+00 5.589332103729e+00 3.517226696014e+00 2.102717161179e+00 2.901527166367e+00 4.073815345764e+00 5.153779506683e+00 4.215119361877e+00 3.346598148346e+00 4.391875267029e+00 4.670271873474e+00 5.545820713043e+00 3.923223972321e+00 3.971121549606e+00 4.127042293549e+00 2.594347715378e+00 3.326020479202e+00 2.359572887421e+00 2.084216117859e+00 2.063750982285e+00 2.851398944855e+00 2.835668802261e+00 2.812101125717e+00 2.669065713882e+00 3.488365173340e+00 2.517521619797e+00 2.565797805786e+00 2.822257041931e+00 4.485061168671e+00 3.878846168518e+00 7.180002689362e+00
6.356741786003e-01 1.308076143265e+00 1.418254256248e+00 1.358502864838e+00 1.723105907440e+00 2.340065240860e+00 2.559192895889e+00 2.696965217590e+00 2.982490301132e+00 3.444193840027e+00 4.139898300171e+00 4.700677871704e+00 4.797666549683e+00 4.095966339111e+00 3.005753755569e+00 2.608034610748e+00 2.847401380539e+00 4.018107414246e+00 5.334813117981e+00 3.274903774261e+00 3.165335416794e+00 4.432452678680e+00 4.665137290955e+00 5.322633266449e+00 4.255290985107e+00 3.959504604340e+00 4.659778594971e+00 4.041611671448e+00 4.084286689758e+00 3.492486476898e+00 3.029470205307e+00 4.310103893280e+00 4.016055107117e+00 3.074166536331e+00 2.986785173416e+00 2.852863073349e+00 3.875942468643e+00 2.795555353165e+00 2.808850049973e+00 2.978231906891e+00 4.739591598511e+00 3.930514335632e+00 7.339006423950e+00
1.189893960953e+00 2.047338724136e+00 1.325365304947e+00 1.351830244064e+00 1.505582213402e+00 2.046604156494e+00 2.315816164017e+00 2.285776853561e+00 2.264834403992e+00 2.350000619888e+00 2.484390020370e+00 2.627664566040e+00 2.496300220490e+00 2.667141675949e+00 2.700138330460e+00 2.420929908752e+00 2.474277496338e+00 4.612261295319e+00 5.258204936981e+00 2.786731243134e+00 2.893666505814e+00 4.108796119690e+00 4.427841663361e+00 4.539431571960e+00 4.091798305511e+00 3.623778820038e+00 5.024801731110e+00 4.450688838959e+00 3.591778516769e+00 3.464563369751e+00 3.552713155746e+00 5.602516651154e+00 8.300408363342e+00 7.857798576355e+00 7.073549270630e+00 6.714399814606e+00 6.932170391083e+00 4.297957420349e+00 3.650989532471e+00 3.130326986313e+00 4.847162246704e+00 3.795602083206e+00 6.507411956787e+00
2.206711769104e+00 4.675542831421e+00 4.801496505737e+00 4.188162803650e+00 2.605716705322e+00 1.509366154671e+00 1.565877079964e+00 1.640536189079e+00 1.696564316750e+00 2.194202184677e+00 2.630008220673e+00 2.938496351242e+00 3.032798051834e+00 2.907646179199e+00 2.611602306366e+00 2.762474775314e+00 2.955761432648e+00 4.495429515839e+00 4.416639804840e+00 2.494057178497e+00 2.898066997528e+00 3.362842798233e+00 3.834355592728e+00 3.760078191757e+00 4.178873062134e+00 4.025357723236e+00 5.221897125244e+00 5.463992595673e+00 5.787398338318e+00 5.165951728821e+00 3.888005733490e+00 3.370102405548e+00 6.787834167480e+00 7.376517772675e+00 8.071698188782e+00 9.690471649170e+00 1.201210975647e+01 7.288352012634e+00 5.391639709473e+00 4.581207752228e+00 4.760652065277e+00 3.542167663574e+00 4.888158321381e+00
2.341207981110e+00 5.058633327484e+00 5.855074405670e+00 6.905199050903e+00 7.528879642487e+00 6.504155158997e+00 3.635250329971e+00 2.050068855286e+00 2.798278331757e+00 3.268706083298e+00 3.356739759445e+00 3.174184083939e+00 2.977397203445e+00 3.994424104691e+00 4.376232147217e+00 4.322426795959e+00 4.241946697235e+00 4.117883205414e+00 4.067247390747e+00 3.934288263321e+00 3.843912363052e+00 3.839922904968e+00 3.722264766693e+00 4.754465579987e+00 5.719594001770e+00 4.941050529480e+00 5.678760528564e+00 7.260187625885e+00 7.318863868713e+00 6.478266716003e+00 4.819162845612e+00 3.794601917267e+00 3.990070104599e+00 5.917000293732e+00 8.842978477478e+00 7.816902160645e+00 8.202070236206e+00 6.162051677704e+00 6.592963695526e+00 6.708790302277e+00 5.449213027954e+00 3.372055768967e+00 4.319599151611e+00
1.494950056076e+00 3.310167551041e+00 3.867813110352e+00 4.769572734833e+00 6.204836368561e+00 8.126409530640e+00 9.133193969727e+00 7.076975345612e+00 3.680641651154e+00 3.551372766495e+00 3.162823200226e+00 4.050038337708e+00 4.749613285065e+00 4.919414043427e+00 4.650291919708e+00 4.634967803955e+00 4.579361438751e+00 4.443875789642e+00 4.658007144928e+00 4.699813842773e+00 4.828214168549e+00 5.242194175720e+00 4.961235046387e+00 4.574269294739e+00 4.537011623383e+00 5.842458724976e+00 5.586663722992e+00 7.017758369446e+00 7.693642139435e+00 6.877138614655e+00 5.114204406738e+00 5.360109329224e+00 6.892423152924e+00 9.226483345032e+00 1.103590679169e+01 8.026056289673e+00 6.001144409180e+00 5.016030788422e+00 5.947022438049e+00 7.605631828308e+00 8.276897430420e+00 5.606136798859e+00 4.220811843872e+00
1.037236094475e+00 2.033997774124e+00 2.488849163055e+00 2.290373325348e+00 2.726954221725e+00 4.078243732452e+00 6.337216854095e+00 8.526490211487e+00 8.462713241577e+00 5.794807434082e+00 4.499526500702e+00 4.718592166901e+00 4.758052349091e+00 4.525797843933e+00 4.435748577118e+00 4.355863571167e+00 4.133655548096e+00 4.433449268341e+00 4.549232006073e+00 4.718816757202e+00 5.002832889557e+00 4.833042144775e+00 4.655769824982e+00 4.608047962189e+00 4.733271598816e+00 4.479142189026e+00 4.828888416290e+00 5.539739131927e+00 6.573514461517e+00 6.812204360962e+00 5.314173221588e+00 6.488569259644e+00 7.484520435333e+00 8.515604972839e+00 8.277805328369e+00 5.239151477814e+00 5.809979915619e+00 6.723978519440e+00 7.216600894928e+00 6.423437595367e+00 9.317462921143e+00 9.426101684570e+00 5.081893444061e+00
1.211033821106e+00 2.382332801819e+00 2.313667774200e+00 2.834217309952e+00 2.326911211014e+00 2.058705568314e+00 2.483584642410e+00 4.512270927429e+00 7.151347637177e+00 8.252662658691e+00 6.687243938446e+00 4.461912155151e+00 4.220551490784e+00 4.115348815918e+00 3.843824148178e+00 3.735695362091e+00 3.854393243790e+00 4.482597827911e+00 4.077687740326e+00 4.074687480927e+00 3.684378385544e+00 3.020220041275e+00 4.205920219421e+00 3.741719007492e+00 5.624201774597e+00 4.665084362030e+00 5.504563808441e+00 6.191054821014e+00 4.934844493866e+00 5.534588336945e+00 6.359850883484e+00 6.847755432129e+00 5.414311885834e+00 6.855104446411e+00 4.994585514069e+00 4.400942802429e+00 5.870544910431e+00 8.167057991028e+00 9.731643676758e+00 9.163111686707e+00 7.602295875549e+00 1.171439647675e+01 8.757279396057e+00
1.578183531761e+00 3.033263683319e+00 2.815629005432e+00 2.811007738113e+00 3.131100654602e+00 2.422508239746e+00 3.353089332581e+00 4.052569389343e+00 4.448289394379e+00 6.289538383484e+00 8.025018692017e+00 7.236351966858e+00 4.400754451752e+00 3.513425588608e+00 3.457718372345e+00 3.537728548050e+00 3.662163019180e+00 3.620037317276e+00 4.126904964447e+00 3.851397275925e+00 3.355107784271e+00 2.956574678421e+00 3.237584590912e+00 5.035806179047e+00 7.487710475922e+00 1.005853843689e+01 1.208315086365e+01 9.867648124695e+00 6.356801509857e+00 5.952406883240e+00 7.821217060089e+00 5.331157207489e+00 3.973015069962e+00 8.558659553528e+00 3.794826507568e+00 4.991582393646e+00 4.876812934875e+00 6.908950805664e+00 1.000374698639e+01 1.071084117889e+01 9.164889335632e+00 9.944952011108e+00 1.336189460754e+01
1.439020752907e+00 3.146684646606e+00 3.330546855927e+00 3.255964517593e+00 3.322612762451e+00 3.422575712204e+00 4.080760002136e+00 4.262946605682e+00 4.217378139496e+00 3.971002340317e+00 5.658057689667e+00 7.975226879120e+00 7.738908767700e+00 5.304595470428e+00 3.308428287506e+00 3.300720691681e+00 3.181246042252e+00 3.013566732407e+00 4.033156871796e+00 4.193964004517e+00 4.394890308380e+00 3.527368783951e+00 3.261655092239e+00 6.211096763611e+00 1.051242160797e+01 1.545164775848e+01 1.814757347107e+01 1.738828086853e+01 1.139415073395e+01 6.872302532196e+00 8.411254882812e+00 6.665177345276e+00 6.374454021454e+00 1.047748470306e+01 5.647983074188e+00 1.032242870331e+01 7.442261219025e+00 5.755042552948e+00 7.697446346283e+00 1.101202297211e+01 1.122610759735e+01 9.420802116394e+00 1.443848800659e+01
1.752611041069e+00 3.532019138336e+00 3.578271865845e+00 3.478024244308e+00 3.595564842224e+00 4.051439285278e+00 4.061523437500e+00 4.096633911133e+00 3.752818822861e+00 3.454619169235e+00 3.331804990768e+00 4.894028663635e+00 7.759538173676e+00 8.127684593201e+00 6.119453430176e+00 3.129918575287e+00 2.895879507065e+00 3.079509258270e+00 3.597807407379e+00 5.851482868195e+00 5.294251918793e+00 4.912089347839e+00 4.490123748779e+00 6.176071643829e+00 1.071718120575e+01 1.528120613098e+01 2.078338432312e+01 2.435177421570e+01 2.040419006348e+01 9.977546691895e+00 8.690274238586e+00 9.522222518921e+00 9.184149742126e+00 1.242371368408e+01 6.898622989655e+00 1.386737537384e+01 1.145685768127e+01 7.499855995178e+00 7.219282627106e+00 1.002160167694e+01 2.148250007629e+01 1.088799667358e+01 1.189080810547e+01
2.443676948547e+00 4.592214584351e+00 4.146572589874e+00 4.235766410828e+00 4.504241943359e+00 4.767951011658e+00 5.074041843414e+00 5.286642074585e+00 5.410445690155e+00 5.433618545532e+00 5.272212982178e+00 5.322844982147e+00 5.068846225739e+00 7.193275451660e+00 8.289919853210e+00 6.863586902618e+00 3.414209127426e+00 3.369203329086e+00 3.630699396133e+00 5.615278720856e+00 5.956772327423e+00 5.431096076965e+00 4.825505256653e+00 5.250875473022e+00 8.867944717407e+00 1.316231727600e+01 2.037814521790e+01 2.844997787476e+01 2.694359016418e+01 1.657503700256e+01 1.221043872833e+01 1.549996566772e+01 1.681434059143e+01 1.573024082184e+01 1.322757244110e+01 1.500142097473e+01 1.425475311279e+01 1.096086692810e+01 1.304045200348e+01 1.134762954712e+01 3.100871467590e+01 2.518293190002e+01 7.110038280487e+00
2.526422023773e+00 5.251504898071e+00 5.239345550537e+00 5.074676036835e+00 4.465192794800e+00 3.654180526733e+00 3.518046855927e+00 3.899399280548e+00 4.332000732422e+00 4.844780445099e+00 5.416441917419e+00 6.095451354980e+00 6.934167861938e+00 1.095481872559e+01 1.113585090637e+01 8.223536491394e+00 7.809913635254e+00 7.419392585754e+00 6.898598194122e+00 6.310787677765e+00 5.683159828186e+00 5.161978721619e+00 5.655183315277e+00 5.335289001465e+00 6.037829875946e+00 9.936680793762e+00 1.463833808899e+01 2.316830635071e+01 2.945092010498e+01 2.056290817261e+01 9.876649856567e+00 9.552830696106e+00 1.411869144440e+01 1.889528656006e+01 2.121210479736e+01 1.996341133118e+01 1.465943908691e+01 1.195406532288e+01 8.960710525513e+00 1.351470184326e+01 3.281714630127e+01 3.890100097656e+01 1.087450599670e+01
1.949095845222e+00 4.050902843475e+00 4.543955326080e+00 4.954372882843e+00 5.202220439911e+00 5.022217750549e+00 4.206792354584e+00 3.463863134384e+00 3.487469434738e+00 3.491147041321e+00 3.477409362793e+00 3.408316135406e+00 3.305485725403e+00 4.157417297363e+00 6.227960586548e+00 6.827957153320e+00 8.028849601746e+00 7.711853504181e+00 6.382902145386e+00 7.069953441620e+00 7.473387718201e+00 7.703717708588e+00 7.976511478424e+00 8.307934761047e+00 7.969136238098e+00 6.572265625000e+00 9.827813148499e+00 1.748986625671e+01 2.475652885437e+01 1.832569885254e+01 9.312738418579e+00 6.510003566742e+00 5.441188812256e+00 9.434327125549e+00 1.105878639221e+01 1.812028884888e+01 2.323707199097e+01 2.177264785767e+01 1.378254699707e+01 1.438531684875e+01 2.136204147339e+01 4.668008422852e+01 1.689213943481e+01
1.567542552948e+00 3.029345750809e+00 3.013888835907e+00 2.886559486389e+00 3.314181804657e+00 3.711462020874e+00 3.876735210419e+00 3.808399438858e+00 3.232047796249e+00 3.315522432327e+00 3.605762004852e+00 3.900199174881e+00 4.172774314880e+00 4.445978641510e+00 4.724351882935e+00 4.966326236725e+00 5.179067611694e+00 7.556058406830e+00 8.006030082703e+00 1.021457958221e+01 8.006820678711e+00 6.773178577423e+00 6.420135021210e+00 6.388140201569e+00 6.391923904419e+00 7.229280948639e+00 9.566142082214e+00 1.115541934967e+01 1.578140068054e+01 1.299469661713e+01 6.704780578613e+00 7.881529808044e+00 5.869973659515e+00 7.673658847809e+00 8.911378860474e+00 1.064065837860e+01 1.077074909210e+01 1.797405624390e+01 2.561350250244e+01 2.095838928223e+01 1.816603851318e+01 3.869562530518e+01 3.438654708862e+01
9.858327507973e-01 1.988093495369e+00 1.959243178368e+00 1.972428083420e+00 2.324069261551e+00 2.654188394547e+00 2.872963190079e+00 2.954316139221e+00 2.992416143417e+00 2.748805522919e+00 2.799220323563e+00 2.790927410126e+00 2.913217544556e+00 3.045916318893e+00 3.088625669479e+00 3.974892139435e+00 4.439670562744e+00 6.132504940033e+00 1.154858970642e+01 1.203958511353e+01 1.059273242950e+01 8.974439620972e+00 1.027901935577e+01 1.226764011383e+01 8.628355026245e+00 1.033903217316e+01 1.009721183777e+01 9.408222198486e+00 9.775471687317e+00 1.271278095245e+01 1.188060665131e+01 7.824797630310e+00 8.018595695496e+00 8.536972999573e+00 9.113418579102e+00 9.797028541565e+00 9.612958908081e+00 1.237572765350e+01 1.812099075317e+01 2.109100532532e+01 2.532332992554e+01 3.364948654175e+01 2.877796936035e+01
