100/SI/f80.grd
DSAA
101	101
32.816463539100	34.260883539100
35.556306596100	36.727886596100
1.574376074132e-05	2.572816371918e+00
[rows 38 to 56 of 101, columns 0 to 42 of 101]
6.148779299110e-03 1.297395955771e-02 1.403097901493e-02 1.461542025208e-02 1.734551042318e-02 2.126301638782e-02 2.455630712211e-02 2.795395627618e-02 3.072176873684e-02 2.805969119072e-02 2.302883192897e-02 1.879502087831e-02 1.858237385750e-02 1.830701529980e-02 1.946244016290e-02 2.195439487696e-02 2.484417892992e-02 4.587079957128e-02 7.434059679508e-02 7.979030162096e-02 6.430874764919e-02 5.429369956255e-02 3.620341792703e-02 4.243871197104e-02 8.418520539999e-02 1.094039753079e-01 1.053620874882e-01 7.534488290548e-02 5.416788160801e-02 6.005875393748e-02 6.340453773737e-02 7.774626463652e-02 1.065982058644e-01 1.048305034637e-01 9.835094213486e-02 5.885693430901e-02 8.047258853912e-02 9.047591686249e-02 8.957307040691e-02 1.374751925468e-01 1.505376547575e-01 2.226542085409e-01 1.797959208488e-01
9.058976545930e-03 1.612922362983e-02 1.352777425200e-02 1.322459336370e-02 1.882752403617e-02 2.290362119675e-02 3.010605275631e-02 3.788673505187e-02 4.225379228592e-02 3.956443071365e-02 2.874698117375e-02 2.247449010611e-02 1.935455575585e-02 1.977379247546e-02 2.121602743864e-02 2.292811498046e-02 2.442982420325e-02 2.574444003403e-02 4.045264795423e-02 5.663423985243e-02 5.785680934787e-02 5.658390000463e-02 5.845041945577e-02 4.854194819927e-02 4.506218805909e-02 5.006226152182e-02 6.745767593384e-02 1.270713806152e-01 1.702585220337e-01 1.727229207754e-01 1.354895532131e-01 6.675282865763e-02 7.540971040726e-02 6.401575356722e-02 1.278560608625e-01 1.145890355110e-01 7.471598684788e-02 9.016077965498e-02 1.107044145465e-01 1.258583217859e-01 1.683808863163e-01 2.026892751455e-01 2.382536828518e-01
1.044658850878e-02 2.080747485161e-02 1.971338130534e-02 1.712175086141e-02 2.261675707996e-02 2.783105522394e-02 3.378258645535e-02 4.446299746633e-02 4.819752648473e-02 4.803816229105e-02 3.285358101130e-02 2.203441224992e-02 2.218548022211e-02 1.919550262392e-02 1.599191874266e-02 1.802900619805e-02 2.101515047252e-02 2.283872105181e-02 2.404478937387e-02 3.193457797170e-02 4.711876809597e-02 6.626487523317e-02 7.952728867531e-02 8.014332503080e-02 7.851117849350e-02 5.223681777716e-02 4.130425304174e-02 4.361016675830e-02 4.235990345478e-02 5.342239513993e-02 1.129036322236e-01 1.798586398363e-01 2.131482809782e-01 1.779467016459e-01 9.016261249781e-02 8.958085626364e-02 1.568719893694e-01 1.304575651884e-01 1.354274898767e-01 1.350405514240e-01 1.252760142088e-01 1.683413386345e-01 2.544900178909e-01
1.502764690667e-02 2.538251876831e-02 2.949511259794e-02 3.029977902770e-02 2.730184607208e-02 3.262699395418e-02 3.256386145949e-02 3.131957352161e-02 3.130964189768e-02 3.834224864841e-02 4.138582572341e-02 3.590089455247e-02 2.661133185029e-02 2.367767319083e-02 2.411742694676e-02 2.985322289169e-02 3.464498743415e-02 3.875838592649e-02 3.788639605045e-02 2.754294127226e-02 3.063192404807e-02 4.042601957917e-02 4.598728939891e-02 6.169717386365e-02 7.661623507738e-02 9.103073179722e-02 1.015544384718e-01 9.855330735445e-02 1.012900099158e-01 1.105119958520e-01 1.221933066845e-01 1.193978264928e-01 1.846925169230e-01 2.086773812771e-01 1.490292847157e-01 1.885670870543e-01 2.092098444700e-01 1.776915788651e-01 2.004218548536e-01 1.623373180628e-01 1.138317137957e-01 1.989446282387e-01 1.658884584904e-01
1.542366482317e-02 2.711059525609e-02 2.997176349163e-02 2.755298838019e-02 3.021580167115e-02 3.810912370682e-02 3.784815222025e-02 3.276000544429e-02 3.944110870361e-02 3.283075243235e-02 3.118639998138e-02 4.352640360594e-02 4.518415778875e-02 3.403884917498e-02 3.152920305729e-02 2.905363216996e-02 2.977084740996e-02 3.988970443606e-02 5.380049347878e-02 5.469309166074e-02 3.507235646248e-02 3.973445296288e-02 5.080789327621e-02 4.227445647120e-02 4.883945733309e-02 5.894827470183e-02 7.790197432041e-02 1.177071556449e-01 1.584845483303e-01 1.450878530741e-01 1.373208463192e-01 1.020575165749e-01 1.015815436840e-01 1.909463554621e-01 1.834597289562e-01 2.313480824232e-01 1.529672890902e-01 2.167267948389e-01 1.900853514671e-01 2.743003070354e-01 2.834873199463e-01 2.228401452303e-01 2.511196136475e-01
2.986939437687e-02 5.791379511356e-02 4.326676949859e-02 3.613365441561e-02 3.535453602672e-02 3.181139007211e-02 3.258818387985e-02 3.964344412088e-02 3.925187140703e-02 3.183519095182e-02 3.977414965630e-02 2.710953168571e-02 3.472708165646e-02 4.868567362428e-02 4.227330163121e-02 3.655626997352e-02 4.578382149339e-02 9.936495870352e-02 1.170972287655e-01 6.398728489876e-02 6.853573024273e-02 4.036876931787e-02 4.736913740635e-02 6.716282665730e-02 4.475871473551e-02 4.096995666623e-02 4.306479543447e-02 4.715809971094e-02 6.021201610565e-02 6.845546513796e-02 7.313406467438e-02 7.973507791758e-02 1.086019426584e-01 1.712720692158e-01 1.173596531153e-01 1.087197512388e-01 1.595082581043e-01 1.818231195211e-01 1.205919831991e-01 2.504408359528e-01 2.574210464954e-01 2.808177769184e-01 3.445954918861e-01
4.744553938508e-02 8.701509982347e-02 7.054559141397e-02 5.484176427126e-02 5.055850744247e-02 4.130948334932e-02 5.695564299822e-02 4.998351633549e-02 4.997818171978e-02 3.910548239946e-02 3.061609901488e-02 3.753239288926e-02 3.367195278406e-02 2.200356498361e-02 4.120950028300e-02 4.833359271288e-02 3.518338501453e-02 3.017064742744e-02 5.514514073730e-02 3.658156469464e-02 6.366446614265e-02 7.543108612299e-02 7.494907826185e-02 6.555116921663e-02 9.008739143610e-02 5.537114664912e-02 5.153226479888e-02 6.673251837492e-02 7.818328589201e-02 5.973280593753e-02 7.594943791628e-02 9.358638525009e-02 1.109163612127e-01 1.301932185888e-01 1.656631529331e-01 1.255093514919e-01 1.398764550686e-01 1.564182043076e-01 1.482336968184e-01 2.127444595098e-01 1.974818855524e-01 2.859769165516e-01 2.914085388184e-01
1.865255273879e-02 3.885485604405e-02 4.673158377409e-02 5.506980046630e-02 5.628468841314e-02 6.251551210880e-02 6.604791432619e-02 5.695740878582e-02 5.106218531728e-02 4.889605566859e-02 4.570559784770e-02 4.229550808668e-02 3.997204825282e-02 3.751586377621e-02 4.060344025493e-02 3.465103358030e-02 2.463495731354e-02 2.916529588401e-02 3.070999681950e-02 4.190105199814e-02 3.925335034728e-02 6.496413052082e-02 7.011653482914e-02 7.525376975536e-02 8.792060613632e-02 9.930755943060e-02 1.081462427974e-01 1.126195415854e-01 1.150892525911e-01 1.239879801869e-01 1.259374171495e-01 1.324486583471e-01 1.406853497028e-01 1.168525144458e-01 1.005157828331e-01 1.413560062647e-01 1.699271798134e-01 2.612605690956e-01 3.128098845482e-01 2.890065908432e-01 2.752308249474e-01 2.857347726822e-01 2.373824566603e-01
1.812647469342e-02 3.803854435682e-02 4.323189705610e-02 4.792562499642e-02 5.456617102027e-02 5.580939725041e-02 5.131065472960e-02 4.154793173075e-02 3.922862932086e-02 4.675996676087e-02 5.486870557070e-02 5.206476151943e-02 3.939354792237e-02 2.570343017578e-02 2.758821099997e-02 1.593366079032e-02 9.267111308873e-03 1.023513916880e-02 1.364613417536e-02 1.645496487617e-02 4.895359650254e-02 8.615023642778e-02 7.359676808119e-02 9.290341287851e-02 8.921421319246e-02 1.099748015404e-01 1.135030910373e-01 1.074369102716e-01 1.001652628183e-01 1.144598871469e-01 1.216586455703e-01 1.571719050407e-01 2.009961009026e-01 2.190461009741e-01 1.871445477009e-01 1.586629301310e-01 1.757736802101e-01 1.255655437708e-01 1.913869082928e-01 1.953618377447e-01 3.052134811878e-01 2.874197959900e-01 3.094627261162e-01
4.892761353403e-03 9.834215044975e-03 1.038187928498e-02 1.118096150458e-02 1.548829488456e-02 2.164572849870e-02 2.846082113683e-02 3.058922104537e-02 2.959863469005e-02 2.731347456574e-02 2.812848985195e-02 3.574243187904e-02 3.568319603801e-02 2.902751415968e-02 1.874803379178e-02 1.459146197885e-02 7.502250373363e-03 6.380916573107e-03 7.103303913027e-03 1.515133492649e-02 3.391385078430e-02 7.192803174257e-02 1.794638037682e-01 1.688006967306e-01 1.516379863024e-01 1.423948854208e-01 1.372191160917e-01 1.333944946527e-01 1.418565213680e-01 1.638225466013e-01 1.827880740166e-01 2.069424688816e-01 3.566361665726e-01 1.986743509769e-01 4.479794204235e-01 3.051652908325e-01 2.432565689087e-01 2.620729506016e-01 3.244459331036e-01 3.768385052681e-01 3.986662626266e-01 3.750109374523e-01 3.772316277027e-01
4.442150238901e-03 8.581430651248e-03 9.345267899334e-03 9.362319484353e-03 1.574193686247e-02 2.332341857255e-02 2.430737949908e-02 1.983243599534e-02 1.463830284774e-02 1.191234309226e-02 1.510861795396e-02 1.875073090196e-02 1.794534176588e-02 1.441451255232e-02 1.060789916664e-02 7.516772951931e-03 5.443213041872e-03 3.987757954746e-03 4.144768696278e-03 1.350034121424e-02 4.320197924972e-02 7.453634589911e-02 7.338178157806e-02 1.553722769022e-01 3.747424781322e-01 1.896993219852e-01 1.182214766741e-01 1.070888713002e-01 1.114445477724e-01 1.215616017580e-01 2.090156674385e-01 3.009855449200e-01 1.593270748854e-01 2.374199628830e-01 4.293766617775e-01 7.835385799408e-01 3.200736045837e-01 2.536306083202e-01 2.251798212528e-01 2.477307915688e-01 2.120901346207e-01 3.950856626034e-01 4.610225856304e-01
2.304997527972e-03 4.788085352629e-03 5.740618798882e-03 6.372142583132e-03 8.379887789488e-03 1.347339898348e-02 1.543888077140e-02 1.338329166174e-02 1.035522669554e-02 7.741826586425e-03 6.390626542270e-03 6.102531682700e-03 4.866654984653e-03 4.284760914743e-03 5.113423336297e-03 3.895711153746e-03 3.616065951064e-03 3.040906041861e-03 3.544128267094e-03 5.395163781941e-03 9.180305525661e-03 2.490777149796e-02 2.610395848751e-02 3.532830998302e-02 1.363636702299e-01 1.442097425461e-01 5.374579131603e-02 2.948804758489e-02 3.075113892555e-02 9.921506047249e-02 1.313879191875e-01 1.423367857933e-01 1.485612094402e-01 1.220314800739e-01 1.794728338718e-01 5.171219706535e-01 2.765145599842e-01 1.686035245657e-01 1.179038658738e-01 1.064762398601e-01 1.002036780119e-01 2.623062729836e-01 3.642540872097e-01
1.020888914354e-03 2.038314705715e-03 2.120419405401e-03 2.349581103772e-03 2.956414828077e-03 3.744783112779e-03 4.456841386855e-03 4.850886296481e-03 4.694171715528e-03 3.978285938501e-03 3.396588610485e-03 3.904922632501e-03 4.030686337501e-03 3.726055379957e-03 3.788886126131e-03 4.331583157182e-03 3.290065098554e-03 2.629714785144e-03 2.955192001536e-03 4.388538189232e-03 5.013138521463e-03 9.156689979136e-03 1.592385582626e-02 3.477084636688e-02 8.442413061857e-02 5.234686285257e-02 3.247948735952e-02 2.583557367325e-02 2.482761256397e-02 8.012428879738e-03 7.021149154752e-03 7.622410077602e-03 1.190597563982e-02 2.586785890162e-02 6.004382669926e-02 1.019459724426e+00 1.942654967308e+00 2.591007649899e-01 1.766619384289e-01 9.101368486881e-02 6.413546204567e-02 6.931830197573e-02 1.343554109335e-01
8.244629134424e-04 1.498924568295e-03 1.666202326305e-03 1.666473574005e-03 1.672971644439e-03 2.155817346647e-03 2.831860678270e-03 3.486179979518e-03 3.875978058204e-03 3.796724835411e-03 3.190022194758e-03 2.936939708889e-03 3.189702983946e-03 3.084569703788e-03 2.743042306975e-03 3.362605581060e-03 3.906254190952e-03 3.107668599114e-03 2.399701625109e-03 7.040506694466e-03 8.899192325771e-03 6.735242903233e-03 8.944688364863e-03 1.570271514356e-02 2.979801595211e-02 2.960519492626e-01 6.433842331171e-02 5.702000111341e-02 2.410232648253e-02 4.750889260322e-03 4.156953655183e-03 4.353907424957e-03 5.066534969956e-03 6.242662202567e-03 8.363039232790e-03 4.496085271239e-02 3.134663701057e-01 8.050224184990e-01 2.059486806393e-01 1.156360283494e-01 3.321416676044e-02 2.140365913510e-02 2.352727204561e-02
7.708914345130e-04 1.835403381847e-03 2.481615170836e-03 2.863870700821e-03 2.982165897265e-03 2.751166466624e-03 2.445200225338e-03 2.228409983218e-03 2.778766211122e-03 3.187315538526e-03 3.178444225341e-03 2.750690793619e-03 2.381343627349e-03 2.964139916003e-03 3.095381660387e-03 2.766232471913e-03 3.222704632208e-03 4.161231219769e-03 3.284836187959e-03 6.926052737981e-03 7.366021163762e-03 6.282396614552e-03 6.995762698352e-03 7.580978330225e-03 1.727727428079e-02 6.012574955821e-02 6.220533698797e-02 1.593536324799e-02 7.408929523081e-03 4.600568208843e-03 3.448233008385e-03 2.944398438558e-03 2.904684981331e-03 3.641203278676e-03 4.728739149868e-03 1.604942232370e-02 8.207727968693e-02 2.903857231140e-01 3.512339293957e-01 5.411704629660e-02 2.330205775797e-02 1.503726281226e-02 1.424724329263e-02
1.167857903056e-03 2.749071689323e-03 3.512978088111e-03 3.949508536607e-03 4.056870006025e-03 3.875948488712e-03 3.637558547780e-03 3.271360648796e-03 2.821825910360e-03 2.305300906301e-03 2.552011981606e-03 2.681476762518e-03 2.568606520072e-03 3.007769118994e-03 3.450399963185e-03 3.259788500145e-03 2.749540843070e-03 4.369503352791e-03 4.661768209189e-03 1.223223749548e-02 7.840031757951e-03 5.643557291478e-03 3.817813005298e-03 3.939437214285e-03 7.415692321956e-03 5.384711548686e-02 7.593692094088e-02 1.443336624652e-02 9.463757276535e-03 4.815394058824e-03 2.980106975883e-03 2.061223378405e-03 1.832801499404e-03 1.933270250447e-03 2.964306389913e-03 4.917433019727e-03 3.324470669031e-02 1.027307510376e-01 2.728466391563e-01 1.323308050632e-01 6.305382400751e-02 1.254004240036e-02 1.061799935997e-02
7.972612511367e-04 1.741228392348e-03 2.171426545829e-03 2.382464008406e-03 2.310049952939e-03 2.311637392268e-03 2.585969865322e-03 2.891001524404e-03 3.177775535733e-03 3.182163694873e-03 2.740034367889e-03 2.065990353003e-03 2.434181282297e-03 2.667712047696e-03 2.677468350157e-03 2.689407207072e-03 2.810098463669e-03 4.605603404343e-03 6.337913218886e-03 1.055794861168e-02 8.121872320771e-03 6.383897271007e-03 3.142406698316e-03 3.135527018458e-03 6.311409175396e-03 1.973004639149e-02 1.682225428522e-02 1.120022684336e-02 8.856332860887e-03 4.927884321660e-03 2.736897207797e-03 2.250747522339e-03 1.985282171518e-03 1.940082176588e-03 2.479885006323e-03 4.196794237942e-03 8.807044476271e-03 4.426418617368e-02 5.210303142667e-02 3.171652927995e-02 1.905268244445e-02 9.597785770893e-03 8.672907948494e-03
7.491494761780e-04 1.359413494356e-03 2.017510356382e-03 2.575424034148e-03 3.072003833950e-03 3.629823680967e-03 4.242258612067e-03 4.904480651021e-03 5.516619421542e-03 5.691590718925e-03 5.088123492897e-03 3.779594553635e-03 2.432751003653e-03 2.529110526666e-03 3.111035795882e-03 3.378950525075e-03 4.215620923787e-03 4.883063025773e-03 5.729749798775e-03 1.002398319542e-02 7.166832685471e-03 4.738074261695e-03 2.511366270483e-03 2.440507290885e-03 4.572688601911e-03 5.307594314218e-03 5.905691534281e-02 7.669710088521e-03 7.241601124406e-03 4.356578458101e-03 2.530758734792e-03 2.027878537774e-03 1.934991450980e-03 2.043293090537e-03 2.630185335875e-03 3.577825380489e-03 5.952602252364e-03 7.333896588534e-03 1.541690435261e-02 2.045566961169e-02 1.278085913509e-02 7.680922280997e-03 9.904255159199e-03
7.476521423087e-04 1.352592720650e-03 1.850669272244e-03 2.287075156346e-03 2.727447310463e-03 3.265309380367e-03 3.833514871076e-03 4.406802821904e-03 4.942952189595e-03 5.232984665781e-03 4.959849175066e-03 5.390726029873e-03 5.619626957923e-03 5.625088699162e-03 5.366924684495e-03 4.867209121585e-03 5.788594018668e-03 4.209213424474e-03 5.693319719285e-03 1.813000813127e-02 6.649788469076e-03 3.334754845127e-03 2.355258679017e-03 1.972749363631e-03 2.722661476582e-03 6.405330728740e-03 2.282647043467e-02 5.968109704554e-03 7.682782132179e-03 3.252987051383e-03 2.391862915829e-03 1.832178095356e-03 1.855236710981e-03 2.108390210196e-03 2.784152049571e-03 3.310311818495e-03 3.684894647449e-03 5.937725771219e-03 1.300424709916e-02 1.520276721567e-02 9.452136233449e-03 7.012309040874e-03 9.172279387712e-03
