100/SI/f80.grd
DSAA
101	101
32.816463539100	34.260883539100
35.556306596100	36.727886596100
1.574376074132e-05	2.572816371918e+00
[rows 76 to 94 of 101, columns 43 to 85 of 101]
3.970640711486e-03 3.386811818928e-03 6.173850037158e-03 1.558641158044e-02 1.665344461799e-02 3.318306058645e-02 5.294236913323e-02 5.951226502657e-02 3.684880211949e-02 1.030594855547e-02 3.727921843529e-02 8.357141911983e-02 6.243446096778e-02 1.642390899360e-02 7.337688468397e-03 1.039713807404e-02 1.100689638406e-02 5.650880280882e-03 5.283459555358e-03 6.579027976841e-03 2.420445904136e-02 5.533681809902e-02 1.301974151284e-02 8.800752460957e-03 6.389446090907e-03 4.283220507205e-03 2.172816311941e-03 1.868252991699e-03 1.820656005293e-03 1.717295846902e-03 1.632361090742e-03 1.700688153505e-03 1.790003618225e-03 1.898498972878e-03 1.917298650369e-03 1.784143736586e-03 1.636252738535e-03 1.529367174953e-03 1.454528071918e-03 1.410052180290e-03 1.573699992150e-03 2.415947616100e-03 3.294863039628e-03
6.469354033470e-03 8.730199187994e-03 1.116538885981e-02 1.163586415350e-02 1.593845523894e-02 2.203827910125e-02 2.843825891614e-02 2.674051746726e-02 4.288170859218e-02 6.259969621897e-02 6.203349307179e-02 2.974011376500e-02 2.131228893995e-02 1.882158219814e-02 1.213867496699e-02 1.293314713985e-02 3.589154919609e-03 2.197003224865e-03 2.710371045396e-03 3.035190282390e-03 2.298662904650e-03 2.753446577117e-03 4.365105647594e-03 4.377061501145e-03 3.971817437559e-03 2.435908652842e-03 1.185407047160e-03 1.064516603947e-03 1.246898085810e-03 1.436178921722e-03 1.531470566988e-03 1.564351841807e-03 1.555445254780e-03 1.486920053139e-03 1.292990404181e-03 1.037607900798e-03 8.314988808706e-04 8.247199584730e-04 8.738400647417e-04 1.012628315948e-03 1.274620415643e-03 2.174424473196e-03 2.908743917942e-03
1.369761396199e-02 2.068156190217e-02 1.372078806162e-02 6.418751087040e-03 7.507361005992e-03 2.725487574935e-02 7.644836604595e-02 1.017522588372e-01 7.613384723663e-02 3.753771260381e-02 2.039667218924e-02 1.314779277891e-02 9.429927915335e-03 1.520421728492e-02 1.270551141351e-02 4.740859847516e-03 1.573337125592e-03 1.429064897820e-03 1.492375275120e-03 2.024821238592e-03 1.509839319624e-03 1.375450752676e-03 1.592605491169e-03 1.789716654457e-03 1.621729228646e-03 1.482563558966e-03 1.199647667818e-03 1.248389831744e-03 1.050260849297e-03 1.202740473673e-03 1.258645555936e-03 1.172593911178e-03 1.120470231399e-03 1.082262024283e-03 7.612250628881e-04 7.358699804172e-04 7.816752768122e-04 7.787997019477e-04 7.626745500602e-04 8.060053805821e-04 9.859323035926e-04 1.887851976790e-03 2.768479054794e-03
1.950934343040e-02 2.272037789226e-02 7.668262347579e-03 7.964390330017e-03 2.799552306533e-02 5.011945590377e-02 5.168607085943e-02 4.428014159203e-02 3.718300908804e-02 1.766253821552e-02 1.566304638982e-02 1.893976517022e-02 1.164466515183e-02 7.381032221019e-03 3.219961654395e-03 1.745946821757e-03 1.103889080696e-03 1.046390039846e-03 1.005595317110e-03 1.268812222406e-03 1.125001814216e-03 1.125881681219e-03 1.047550933436e-03 1.034416258335e-03 1.002470380627e-03 1.023341086693e-03 9.891210356727e-04 1.005923259072e-03 1.082207309082e-03 1.036746660247e-03 1.050485530868e-03 8.654752164148e-04 9.577761520632e-04 1.004726625979e-03 7.992997998372e-04 6.103356718086e-04 7.305095787160e-04 7.774148834869e-04 7.807734073140e-04 7.672035717405e-04 7.867478416301e-04 1.014588400722e-03 1.706548617221e-03
8.524540811777e-03 1.406486704946e-02 2.029727026820e-02 2.630453184247e-02 2.883572690189e-02 2.364190295339e-02 2.680382505059e-02 3.296063467860e-02 4.704821482301e-02 1.842204853892e-02 1.903521083295e-02 1.160950399935e-02 4.685168620199e-03 1.966994022951e-03 1.361403963529e-03 1.109403441660e-03 9.945670608431e-04 8.966860477813e-04 8.219862356782e-04 7.754738908261e-04 8.622289751656e-04 6.671771407127e-04 6.762213306502e-04 6.738282972947e-04 7.107400451787e-04 7.465092930943e-04 7.533475873061e-04 6.900685839355e-04 5.921028787270e-04 7.103556417860e-04 6.896262057126e-04 6.696373457089e-04 7.516667828895e-04 8.377899066545e-04 7.704768795520e-04 6.036382401362e-04 6.786269368604e-04 7.621433469467e-04 7.827028748579e-04 7.926177349873e-04 9.191446006298e-04 1.103269518353e-03 1.391793717630e-03
9.372601285577e-03 2.850090898573e-02 5.282348021865e-02 3.108351305127e-02 1.994585990906e-02 3.463852405548e-02 4.615088179708e-02 6.208766624331e-02 3.043400868773e-02 1.569066569209e-02 7.428197655827e-03 4.310495685786e-03 1.802445854992e-03 1.157627906650e-03 8.166395127773e-04 6.890702061355e-04 6.327016744763e-04 5.882195546292e-04 6.041891756468e-04 6.439193966798e-04 6.622211658396e-04 6.137119489722e-04 5.968437762931e-04 6.409241468646e-04 7.658132817596e-04 8.920794352889e-04 9.756935760379e-04 9.483051835559e-04 7.490523857996e-04 5.781811778434e-04 5.743454094045e-04 5.300677730702e-04 5.377549678087e-04 6.724416161887e-04 6.963929627091e-04 6.491754902527e-04 6.170781562105e-04 7.230159244500e-04 7.633478380740e-04 7.710416102782e-04 8.815856417641e-04 1.221453887410e-03 1.653141458519e-03
1.761539839208e-02 5.527110397816e-02 4.244160652161e-02 3.435862436891e-02 3.764871507883e-02 3.605049848557e-02 2.523962967098e-02 2.461923100054e-02 1.921582594514e-02 9.863173589110e-03 3.604499157518e-03 2.242208924145e-03 1.199684687890e-03 7.729200297035e-04 6.141748744994e-04 5.060920957476e-04 5.052441265434e-04 5.396063206717e-04 5.270973779261e-04 5.108448676765e-04 5.551340291277e-04 5.698720342480e-04 5.530440830626e-04 5.544276209548e-04 6.979968748055e-04 8.569732308388e-04 9.732192265801e-04 9.708685684018e-04 7.884061196819e-04 5.340508650988e-04 5.580777651630e-04 5.778676713817e-04 4.724932659883e-04 4.946121480316e-04 5.901796976104e-04 6.592195713893e-04 6.660922081210e-04 6.616248865612e-04 7.233111537062e-04 7.550597074442e-04 7.473993464373e-04 8.478986565024e-04 1.072403974831e-03
2.371047995985e-02 4.022191464901e-02 2.391989342868e-02 1.462244708091e-02 9.757009334862e-03 1.198270078748e-02 1.053848024458e-02 1.258780248463e-02 1.059409044683e-02 3.695918945596e-03 2.610190538689e-03 1.557680312544e-03 1.273579313420e-03 9.447816992179e-04 5.888321902603e-04 4.783626645803e-04 5.195372505113e-04 5.240131868050e-04 4.770921077579e-04 4.577627405524e-04 5.312748835422e-04 5.819486686960e-04 6.090373499319e-04 5.876700161025e-04 5.445105489343e-04 6.508343503810e-04 7.265033200383e-04 7.201342959888e-04 5.952731589787e-04 4.801058094017e-04 4.959044745192e-04 5.442872061394e-04 5.193631513976e-04 4.399241297506e-04 4.520943330135e-04 5.386333796196e-04 5.988754564896e-04 5.868115695193e-04 6.677409983240e-04 7.251843344420e-04 7.386666839011e-04 7.766901399009e-04 8.714897558093e-04
3.387631475925e-02 2.790306694806e-02 9.044097736478e-03 6.845706608146e-03 7.260798942298e-03 4.370334092528e-03 6.212034262717e-03 1.003473531455e-02 6.686091888696e-03 3.255066229030e-03 2.461515599862e-03 1.365740667097e-03 1.330707222223e-03 1.261279569007e-03 7.886824314483e-04 6.227556150407e-04 5.285316728987e-04 5.040543037467e-04 4.345779889263e-04 4.411689296830e-04 5.339850322343e-04 6.404501036741e-04 7.041527424008e-04 6.577315507457e-04 5.617963033728e-04 4.819624591619e-04 5.212693940848e-04 5.567366024479e-04 5.548011395149e-04 5.934869404882e-04 5.333642475307e-04 4.943630192429e-04 4.988181171939e-04 4.524392716121e-04 4.395964497235e-04 5.269623361528e-04 5.760619533248e-04 5.610333173536e-04 6.012906087562e-04 6.764687714167e-04 7.092952728271e-04 7.928603445180e-04 1.001414493658e-03
5.358029901981e-02 2.353351563215e-02 4.613435827196e-03 3.291199682280e-03 2.521944465116e-03 3.098457120359e-03 3.317553317174e-03 7.533102296293e-03 7.629306055605e-03 4.649628885090e-03 2.317484235391e-03 1.323666074313e-03 1.145291025750e-03 1.196734141558e-03 9.816366946325e-04 6.033967365511e-04 5.233074771240e-04 4.847361706197e-04 4.027338873129e-04 4.360455786809e-04 5.463204579428e-04 7.132273749448e-04 7.778293802403e-04 6.908377399668e-04 5.802799132653e-04 5.111318896525e-04 5.385847180150e-04 5.999142304063e-04 6.268786382861e-04 6.210684077814e-04 5.753214354627e-04 4.785988712683e-04 5.494417273439e-04 4.536510678008e-04 4.281243018340e-04 4.639973631129e-04 5.831720191054e-04 6.419891142286e-04 6.838531699032e-04 7.771610398777e-04 8.923911373131e-04 9.263779502362e-04 9.003946324810e-04
4.594989866018e-02 1.420298125595e-02 3.512901952490e-03 1.977233216166e-03 1.810624729842e-03 2.101427176967e-03 3.893507877365e-03 4.982148297131e-03 5.998250562698e-03 4.185575526208e-03 2.748471451923e-03 1.537369447760e-03 1.007491489872e-03 8.650860399939e-04 8.281750488095e-04 6.993650458753e-04 6.073771510273e-04 6.673898897134e-04 5.569749628194e-04 4.812914703507e-04 6.000930443406e-04 8.012586040422e-04 8.341033826582e-04 7.006825180724e-04 5.949801416136e-04 5.421841051430e-04 5.627286154777e-04 6.320110987872e-04 6.833152729087e-04 6.383531144820e-04 5.677769659087e-04 4.696799442172e-04 5.602983292192e-04 4.330578667577e-04 4.174470086582e-04 4.037426260766e-04 4.382125043776e-04 5.772339645773e-04 7.352539105341e-04 9.465634939261e-04 1.155563280918e-03 1.237879623659e-03 1.251768553630e-03
2.418792620301e-02 4.455126821995e-03 2.095737494528e-03 1.820829580538e-03 1.522832084447e-03 1.555037219077e-03 2.511519938707e-03 1.391126425005e-03 3.642851253971e-03 5.505138076842e-03 3.909920342267e-03 2.974886912853e-03 1.487872679718e-03 9.146258817054e-04 7.814595592208e-04 7.882566424087e-04 8.358537452295e-04 7.515166071244e-04 6.591882556677e-04 5.871872999705e-04 7.176137878560e-04 8.812645100988e-04 8.485711296089e-04 7.146399002522e-04 6.378330290318e-04 6.001628935337e-04 5.973916267976e-04 6.636140751652e-04 7.224444998428e-04 6.934072007425e-04 5.803981330246e-04 4.610415489879e-04 5.285765510052e-04 4.791343817487e-04 4.141637764405e-04 4.117640201002e-04 3.967575321440e-04 4.148684674874e-04 5.316930473782e-04 8.127510081977e-04 1.109850709327e-03 1.293936860748e-03 1.399469911121e-03
6.546430289745e-03 2.540601650253e-03 1.642691786401e-03 1.571355387568e-03 1.226532738656e-03 1.114216633141e-03 1.128515112214e-03 1.056580804288e-03 1.325101940893e-03 4.541566129774e-03 5.033052060753e-03 7.379498332739e-03 4.721807781607e-03 1.695793471299e-03 1.051975530572e-03 8.768414845690e-04 9.436584659852e-04 1.117120729759e-03 1.039766357280e-03 8.309701224789e-04 8.177162962966e-04 9.158809552900e-04 8.233991684392e-04 7.107090204954e-04 6.688794819638e-04 6.623622030020e-04 6.750790635124e-04 6.783570279367e-04 7.395311258733e-04 7.446705130860e-04 6.432796944864e-04 4.965112893842e-04 4.954971373081e-04 4.960246151313e-04 4.628400201909e-04 4.741173761431e-04 4.694349190686e-04 4.612055490725e-04 4.551512538455e-04 4.672835930251e-04 6.317284423858e-04 8.412567549385e-04 9.917377028614e-04
2.340908860788e-03 1.465651555918e-03 1.472150092013e-03 1.283733639866e-03 1.046290388331e-03 9.494343539700e-04 8.227369398810e-04 8.209383813664e-04 9.721185197122e-04 1.881967880763e-03 7.525087799877e-03 1.847949996591e-02 1.267842296511e-02 4.040785599500e-03 1.775619108230e-03 1.101924804971e-03 9.808879112825e-04 1.177220721729e-03 1.139023224823e-03 1.207206747495e-03 1.161685679108e-03 9.575641015545e-04 8.565678144805e-04 7.683843723498e-04 7.448141695932e-04 7.502908702008e-04 7.489679264836e-04 7.296110270545e-04 7.417630404234e-04 7.845824584365e-04 7.106717093848e-04 5.196158308536e-04 4.825454670936e-04 4.759172734339e-04 4.994687042199e-04 5.361703224480e-04 5.611460655928e-04 5.688940291293e-04 5.640548188239e-04 5.435208440758e-04 5.450191674754e-04 5.734773003496e-04 5.918869283050e-04
2.114672912285e-03 1.204304629937e-03 1.310545019805e-03 1.002479693852e-03 8.181934244931e-04 7.709922501817e-04 6.701610400341e-04 6.948528462090e-04 7.013821741566e-04 1.304627745412e-03 5.700201727450e-03 1.537878904492e-02 1.388698443770e-02 8.946062065661e-03 2.168442355469e-03 1.194508513436e-03 9.090304374695e-04 1.312094274908e-03 1.557219075039e-03 1.460345345549e-03 1.194159267470e-03 9.342211997136e-04 9.247023263015e-04 8.695570868440e-04 8.402508101426e-04 8.207942009903e-04 7.857214659452e-04 7.168466108851e-04 7.488999399357e-04 7.931656436995e-04 7.001109188423e-04 5.431088502519e-04 5.624009645544e-04 5.442894762382e-04 5.161280860193e-04 5.010820459574e-04 5.353381857276e-04 5.559394485317e-04 5.501096020453e-04 5.146909970790e-04 5.710959085263e-04 6.742088589817e-04 7.474697777070e-04
2.607696456835e-03 1.370276440866e-03 1.153053366579e-03 8.911400800571e-04 6.678575882688e-04 6.302646943368e-04 6.441846489906e-04 6.318245432340e-04 6.357904057950e-04 8.157572010532e-04 2.163836732507e-03 7.888711057603e-03 2.866512909532e-02 2.211575210094e-02 3.706470131874e-03 1.395960338414e-03 1.540823956020e-03 1.643447205424e-03 1.460982370190e-03 1.162519445643e-03 9.442644659430e-04 9.636591421440e-04 1.021153642796e-03 9.886645711958e-04 9.212973527610e-04 8.358869235963e-04 7.232524803840e-04 6.604067166336e-04 7.753881509416e-04 7.989765726961e-04 7.206504233181e-04 8.005319396034e-04 8.024054113775e-04 7.587059517391e-04 6.823068251833e-04 5.303064826876e-04 4.469650739338e-04 4.435734881554e-04 4.557843785733e-04 4.898542538285e-04 5.755721940659e-04 7.172961486503e-04 8.885296992958e-04
2.761579817161e-03 1.555734430440e-03 1.166422851384e-03 7.774092373438e-04 5.824791733176e-04 6.109751411714e-04 6.032755482011e-04 6.158084142953e-04 5.541014252231e-04 6.241190712899e-04 1.222512219101e-03 4.012980032712e-03 1.392657030374e-02 1.227041706443e-02 4.094866570085e-03 2.329465933144e-03 1.914344378747e-03 1.485059619881e-03 1.143863308243e-03 9.160820045508e-04 9.123689378612e-04 9.730847086757e-04 1.034296699800e-03 9.834440425038e-04 8.494157809764e-04 6.891606608406e-04 5.690347752534e-04 6.208047270775e-04 7.808582158759e-04 8.224893826991e-04 8.544341544621e-04 9.387509198859e-04 9.318524971604e-04 8.677199366502e-04 7.373988628387e-04 5.559301935136e-04 5.693982820958e-04 5.909845349379e-04 6.258658831939e-04 6.555379368365e-04 6.636446923949e-04 7.383728516288e-04 9.525992209092e-04
2.581717213616e-03 1.390904188156e-03 9.809511248022e-04 6.102984189056e-04 5.593448295258e-04 6.033862591721e-04 5.827593267895e-04 5.039132083766e-04 4.001465567853e-04 5.629219231196e-04 1.039800117724e-03 1.776006189175e-03 4.911835305393e-03 5.830005742610e-03 4.219049122185e-03 2.582737244666e-03 1.633016974665e-03 1.160325133242e-03 1.075368258171e-03 1.043979311362e-03 9.397447574884e-04 8.883287082426e-04 8.590383222327e-04 7.546405540779e-04 5.953147192486e-04 5.301248747855e-04 5.234318668954e-04 5.601039738394e-04 7.289919303730e-04 8.168886997737e-04 6.050998927094e-04 6.596015882678e-04 6.595384329557e-04 6.165190716274e-04 6.009111530147e-04 6.566084921360e-04 7.094295579009e-04 7.793573313393e-04 8.555306121707e-04 8.984087035060e-04 8.820731891319e-04 8.219158044085e-04 9.350243490189e-04
2.306544920430e-03 1.028228783980e-03 7.046835380606e-04 4.371522809379e-04 5.236919387244e-04 5.811237497255e-04 5.566264735535e-04 4.591885663103e-04 3.389058983885e-04 5.066504236311e-04 9.342883713543e-04 1.445783302188e-03 3.417778527364e-03 4.380014259368e-03 3.402575151995e-03 2.014002297074e-03 1.246633590199e-03 1.156770391390e-03 1.137956278399e-03 9.537375299260e-04 7.580368546769e-04 6.330239120871e-04 5.538175464608e-04 4.640572587959e-04 4.337478603702e-04 4.270509816706e-04 4.289688367862e-04 4.764448385686e-04 6.355159566738e-04 7.448942051269e-04 5.782683729194e-04 4.537088389043e-04 4.338685830589e-04 5.543216830119e-04 6.556219304912e-04 7.444509537891e-04 8.472976624034e-04 9.752177284099e-04 1.095153158531e-03 1.143860630691e-03 1.087946468033e-03 9.592788410373e-04 9.218001505360e-04
