100/SI/f80.grd
DSAA
101	101
32.816463539100	34.260883539100
35.556306596100	36.727886596100
1.574376074132e-05	2.572816371918e+00
[rows 76 to 94 of 101, columns 0 to 42 of 101]
1.654595689615e-04 2.393821487203e-04 3.150944248773e-04 3.732373297680e-04 4.011979617644e-04 4.038333136123e-04 3.901571035385e-04 3.683560935315e-04 3.435593680479e-04 3.711003228091e-04 4.196170193609e-04 5.031626205891e-04 5.958558758721e-04 6.552643608302e-04 6.671543233097e-04 6.475996924564e-04 5.897615919821e-04 6.289602606557e-04 6.474952679127e-04 6.917162099853e-04 9.551001130603e-04 9.345636353828e-04 6.115559372120e-04 6.639155908488e-04 6.152032292448e-04 5.663479678333e-04 5.763891385868e-04 6.410182104446e-04 7.234516669996e-04 7.646292215213e-04 7.362060132436e-04 6.933542317711e-04 6.740860990249e-04 6.641652435064e-04 7.315229740925e-04 8.793570450507e-04 1.699410495348e-03 2.025255700573e-03 1.906316145323e-03 1.346553443000e-03 1.320782583207e-03 2.198912901804e-03 3.830564208329e-03
1.664829032961e-04 2.692818234209e-04 3.575504233595e-04 4.125405102968e-04 4.345207998995e-04 4.323892644607e-04 4.152761248406e-04 3.899470320903e-04 4.053615848534e-04 4.500485665631e-04 5.179520812817e-04 6.124046049081e-04 6.997465388849e-04 7.422548369505e-04 7.307196501642e-04 6.777224480174e-04 5.772846634500e-04 5.940903793089e-04 5.964547744952e-04 5.308836116455e-04 5.450152675621e-04 5.716667510569e-04 4.983510007150e-04 6.013318779878e-04 6.372393690981e-04 5.846418207511e-04 6.280248635449e-04 7.564231054857e-04 8.396009798162e-04 8.492267807014e-04 7.921594078653e-04 7.269317866303e-04 7.214596262202e-04 7.088879356161e-04 8.621865417808e-04 9.223750093952e-04 1.522778766230e-03 1.702563022263e-03 1.871455460787e-03 2.120966324583e-03 4.387278109789e-03 5.722232162952e-03 5.417334381491e-03
1.773769326974e-04 2.830334415194e-04 3.687723365147e-04 4.174080095254e-04 4.329839721322e-04 4.258200933691e-04 4.041787178721e-04 4.414175346028e-04 4.974511684850e-04 5.566027248278e-04 6.330745527521e-04 7.136978092603e-04 7.657495443709e-04 7.641855627298e-04 7.094031316228e-04 6.159305921756e-04 4.892656579614e-04 5.140368593857e-04 4.976871423423e-04 4.363229963928e-04 3.977075975854e-04 4.463073273655e-04 5.408015567809e-04 7.209836621769e-04 7.592879119329e-04 6.843510200270e-04 8.396607590839e-04 9.108956437558e-04 9.316705982201e-04 9.111508843489e-04 8.519166149199e-04 7.896397146396e-04 7.519545033574e-04 8.676004363224e-04 1.118195476010e-03 1.438164385036e-03 1.893496490084e-03 2.351514296606e-03 1.967968884856e-03 5.165505222976e-03 5.955357104540e-03 5.745399277657e-03 5.671715829521e-03
1.602803240530e-04 2.534038794693e-04 3.267812717240e-04 3.661926020868e-04 3.762266132981e-04 3.658712666947e-04 4.197901289444e-04 4.777959547937e-04 5.242219776846e-04 5.703378701583e-04 6.187580875121e-04 6.546443910338e-04 6.585379596800e-04 6.198119372129e-04 5.473272176459e-04 4.576732462738e-04 4.293797246646e-04 4.142023681197e-04 3.871283552144e-04 3.559548640624e-04 3.682791430037e-04 4.101511731278e-04 6.491580861621e-04 8.830550359562e-04 9.549073292874e-04 1.002600765787e-03 1.030648476444e-03 1.038589747623e-03 9.784632129595e-04 9.202029905282e-04 8.708335808478e-04 8.267313824035e-04 9.172892314382e-04 1.086383825168e-03 1.385812647641e-03 1.597262802534e-03 1.557649695314e-03 2.545370487496e-03 2.967445179820e-03 4.378981422633e-03 5.085832439363e-03 5.138774868101e-03 5.211522337049e-03
1.331963285338e-04 2.133104426321e-04 2.601019514259e-04 2.830927842297e-04 2.906586159952e-04 3.381532442290e-04 3.884440811817e-04 4.193701315671e-04 4.336192505434e-04 4.462962388061e-04 4.610372125171e-04 4.697369877249e-04 4.604916612152e-04 4.260645364411e-04 4.397220036481e-04 4.500327922869e-04 4.451652930584e-04 4.222434072290e-04 3.862731973641e-04 3.483963082545e-04 3.468762151897e-04 4.279964487068e-04 7.309929351322e-04 1.004542456940e-03 1.138453371823e-03 1.207249588333e-03 1.216333825141e-03 1.247863168828e-03 1.215868745930e-03 1.046157558449e-03 8.991354261525e-04 8.642245084047e-04 1.009751111269e-03 1.102605485357e-03 1.166640431620e-03 1.247446751222e-03 1.658704597503e-03 2.456248970702e-03 3.245834726840e-03 3.291939385235e-03 5.149675998837e-03 6.181775592268e-03 4.849195014685e-03
1.814584684325e-04 2.751002321020e-04 3.328503516968e-04 3.577375609893e-04 3.725926217157e-04 3.793170035351e-04 3.815521777142e-04 3.790853079408e-04 3.718792868312e-04 3.619294438977e-04 3.790566697717e-04 4.119174554944e-04 4.404749197420e-04 4.651655326597e-04 4.825583018828e-04 4.869124677498e-04 4.731992958114e-04 4.399124591146e-04 3.937038418371e-04 3.829121123999e-04 3.626882971730e-04 4.614517383743e-04 7.532715098932e-04 1.036667381413e-03 2.570196520537e-03 7.606887724251e-03 8.095075376332e-03 3.644946962595e-03 2.121333731338e-03 1.672434038483e-03 1.186730689369e-03 9.126876830123e-04 1.070365775377e-03 1.404532697052e-03 1.145526184700e-03 1.353364437819e-03 1.499722013250e-03 2.535164589062e-03 4.431219305843e-03 4.331470001489e-03 4.800639115274e-03 6.347439717501e-03 8.730322122574e-03
2.569193311501e-04 3.800189006142e-04 4.526870616246e-04 4.915288882330e-04 5.023536505178e-04 4.995078779757e-04 4.894332378171e-04 4.740846925415e-04 4.546062846202e-04 4.379973979667e-04 5.149698699825e-04 5.916713271290e-04 6.582608912140e-04 7.038943585940e-04 7.192391785793e-04 6.999047473073e-04 6.462045130320e-04 5.620491574518e-04 5.190270021558e-04 4.934193566442e-04 4.621128318831e-04 5.351136787795e-04 7.533727330156e-04 1.684000948444e-03 7.119937334210e-03 2.049557678401e-02 2.240933105350e-02 1.127147860825e-02 4.884930793196e-03 2.400670433417e-03 1.550044398755e-03 1.164420973510e-03 1.059879432432e-03 1.497397432104e-03 1.635334920138e-03 1.696045743302e-03 1.517234719358e-03 2.283213194460e-03 5.223731510341e-03 7.855162955821e-03 5.186172667891e-03 5.011762492359e-03 1.110694091767e-02
3.227918059565e-04 4.608134622686e-04 5.512624629773e-04 5.862275138497e-04 5.846291896887e-04 5.653433618136e-04 5.377176566981e-04 5.232795374468e-04 6.147048552521e-04 7.500015199184e-04 8.896775543690e-04 1.021614763886e-03 1.133918296546e-03 1.222522463650e-03 1.283651450649e-03 1.305793644860e-03 1.272094552405e-03 1.162852160633e-03 9.593741851859e-04 7.122997776605e-04 6.588233518414e-04 6.735976203345e-04 1.476884121075e-03 2.682365244254e-03 7.731471210718e-03 6.365150213242e-02 1.191510558128e-01 2.587902545929e-02 1.132875401527e-02 4.057050216943e-03 1.897788257338e-03 1.441123778932e-03 1.407583244145e-03 1.957751577720e-03 2.353267511353e-03 2.294166944921e-03 1.893248409033e-03 2.758339047432e-03 4.398119170219e-03 9.643137454987e-03 9.698823094368e-03 4.790030419827e-03 1.156188547611e-02
3.435508115217e-04 4.804724012502e-04 5.614328547381e-04 5.807462148368e-04 5.609865766019e-04 5.844670231454e-04 6.456896080635e-04 6.861929432489e-04 8.221078314818e-04 1.012286753394e-03 1.210674759932e-03 1.399051281624e-03 1.564401551150e-03 1.711975783110e-03 1.853658235632e-03 1.987942261621e-03 2.077660756186e-03 2.041438594460e-03 1.769430586137e-03 1.270803739317e-03 9.724666015245e-04 1.387810218148e-03 2.443666337058e-03 3.466130001470e-03 1.524146553129e-02 3.661828488111e-02 4.663192108274e-02 1.412905752659e-02 5.325966048986e-03 3.227456472814e-03 2.762169577181e-03 3.373860148713e-03 4.356643185019e-03 4.040984436870e-03 2.948907669634e-03 2.907555317506e-03 2.409349894151e-03 2.814327599481e-03 3.101749811321e-03 6.336234975606e-03 8.431338705122e-03 5.420151166618e-03 2.027625963092e-02
4.682129074354e-04 7.411399274133e-04 9.338287636638e-04 1.042924472131e-03 1.103314338252e-03 1.126200193539e-03 1.114438869990e-03 1.072840415873e-03 1.009371248074e-03 1.049387035891e-03 1.266860985197e-03 1.486108987592e-03 1.694356673397e-03 1.894299290143e-03 2.107697771862e-03 2.359056612477e-03 2.602972788736e-03 2.692181384191e-03 2.425582613796e-03 2.206807490438e-03 2.196313813329e-03 2.366194967180e-03 3.047837410122e-03 4.141265060753e-03 7.882640697062e-03 2.911050571129e-03 2.281289547682e-03 2.280703745782e-03 2.482503419742e-03 2.688170876354e-03 2.975533716381e-03 2.070735208690e-02 1.364673115313e-02 1.088297553360e-02 6.566756404936e-03 9.720024652779e-03 8.950493298471e-03 4.208899103105e-03 3.252807073295e-03 3.910034429282e-03 5.831782706082e-03 1.543808728456e-02 2.346348203719e-02
8.588153286837e-04 1.334392931312e-03 1.633783103898e-03 1.754419412464e-03 1.772877410986e-03 1.727472292259e-03 1.637755776756e-03 1.520607387647e-03 1.417769934051e-03 1.470361370593e-03 1.507497741841e-03 1.519432640634e-03 1.626378856599e-03 1.847062725574e-03 2.055587945506e-03 2.289766678587e-03 2.521166577935e-03 3.728267503902e-03 4.814935848117e-03 4.847924225032e-03 4.952403716743e-03 4.902810789645e-03 3.585489001125e-03 4.313764628023e-03 2.140612574294e-03 1.618329784833e-03 1.484535052441e-03 1.285870559514e-03 1.455236459151e-03 2.033527242020e-03 4.541211295873e-03 2.454886958003e-02 1.754256710410e-02 1.215826254338e-02 1.060585305095e-02 2.255039662123e-02 2.152889221907e-02 9.737291373312e-03 7.311867550015e-03 6.769563537091e-03 8.608597330749e-03 1.456626318395e-02 2.609929256141e-02
1.244918094017e-03 1.894227927551e-03 2.228837693110e-03 2.292595105246e-03 2.808722900227e-03 3.021056530997e-03 2.970163943246e-03 2.769004786387e-03 2.497736364603e-03 2.229489386082e-03 2.252508420497e-03 2.203453332186e-03 2.340983599424e-03 2.699813339859e-03 2.957497257739e-03 3.190997522324e-03 3.632768522948e-03 4.007800482213e-03 3.672020975500e-03 4.198541864753e-03 4.403485916555e-03 3.592411521822e-03 2.943800995126e-03 1.685964874923e-03 1.481338636950e-03 1.150428433903e-03 9.535507415421e-04 7.648032624274e-04 7.014772854745e-04 1.246769563295e-03 1.988125033677e-03 1.048217620701e-02 1.392059959471e-02 2.109321206808e-02 2.239848859608e-02 2.880449965596e-02 2.056330628693e-02 9.678968228400e-03 1.518574729562e-02 1.522045768797e-02 1.071903109550e-02 1.405574474484e-02 4.504361376166e-02
1.459664432332e-03 2.199183218181e-03 2.543178619817e-03 2.840972272679e-03 3.445766400546e-03 3.679117653519e-03 3.595669986680e-03 3.331148996949e-03 2.976602409035e-03 2.596408594400e-03 2.294456120580e-03 2.524363575503e-03 2.920073689893e-03 3.352909581736e-03 3.645796794444e-03 3.743226174265e-03 3.509993897751e-03 2.885696478188e-03 2.280437620357e-03 1.972032943740e-03 1.678572501987e-03 1.177055994049e-03 1.051330007613e-03 1.005252939649e-03 8.952505886555e-04 7.302995654754e-04 5.628473591059e-04 5.344219971448e-04 6.814330117777e-04 1.021026284434e-03 1.474717166275e-03 5.817125085741e-03 6.371099967510e-03 1.234291400760e-02 1.431413833052e-02 3.265763074160e-02 2.876640483737e-02 1.507298275828e-02 1.384538598359e-02 6.023015081882e-02 1.416560858488e-01 3.667096421123e-02 2.253343723714e-02
1.089038327336e-03 1.625033793971e-03 1.856288989075e-03 1.881288480945e-03 2.246159594506e-03 2.373876050115e-03 2.306584734470e-03 2.129066269845e-03 1.896040746942e-03 1.649688929319e-03 1.537360250950e-03 1.654028194025e-03 1.717783859931e-03 1.729185110889e-03 1.690606819466e-03 1.714229816571e-03 1.537588192150e-03 1.232048962265e-03 1.434623496607e-03 1.352152670734e-03 1.077007735148e-03 7.846155785955e-04 7.341041346081e-04 6.543151685037e-04 5.470959004015e-04 4.300345317461e-04 4.870481207035e-04 6.779321702197e-04 8.501582196914e-04 1.747568370774e-03 2.211929298937e-03 3.291786182672e-03 5.692396778613e-03 4.271128680557e-03 3.690142184496e-03 4.513282794505e-03 2.802968397737e-02 1.621297560632e-02 1.252588350326e-02 8.043736219406e-02 1.775745898485e-01 1.949551329017e-02 7.031552493572e-03
5.153655074537e-04 7.610364700668e-04 8.907195879146e-04 1.012683496810e-03 1.060351147316e-03 1.112948404625e-03 1.123442547396e-03 1.064228010364e-03 1.011590706185e-03 9.969639359042e-04 9.783514542505e-04 8.986231405288e-04 9.216057369485e-04 9.475308470428e-04 9.402208961546e-04 8.896437939256e-04 1.188544440083e-03 1.517580705695e-03 1.429703552276e-03 1.069461577572e-03 6.819215486757e-04 4.950204165652e-04 4.486113612074e-04 3.885118057951e-04 3.237898636144e-04 4.959737416357e-04 7.647672900930e-04 1.021847710945e-03 1.410142867826e-03 2.292282879353e-03 3.143350360915e-03 4.241185262799e-03 4.867140669376e-03 4.160492680967e-03 2.528843702748e-03 2.938042161986e-03 5.708336830139e-03 1.439919881523e-02 2.367562800646e-02 2.480900846422e-02 1.313799526542e-02 5.023430101573e-03 4.688099492341e-03
3.389250196051e-04 4.937209887430e-04 6.262122769840e-04 7.076170877554e-04 7.395371794701e-04 7.361202151515e-04 7.183821289800e-04 6.841560825706e-04 6.436551921070e-04 6.008830387145e-04 5.571094225161e-04 5.135019891895e-04 4.717574047390e-04 4.594745696522e-04 4.537400382105e-04 6.478562136181e-04 1.103667891584e-03 1.305188634433e-03 1.116413506679e-03 7.688934565522e-04 4.676631360780e-04 2.983629819937e-04 2.979895507451e-04 3.260250668973e-04 4.425970546436e-04 7.536755292676e-04 1.137612969615e-03 1.598538248800e-03 2.279698150232e-03 3.110953839496e-03 4.658168181777e-03 4.807574208826e-03 4.355780780315e-03 2.366195665672e-03 1.791141577996e-03 2.439758041874e-03 2.964353887364e-03 1.123290788382e-02 2.779580280185e-02 1.601288467646e-02 9.528658352792e-03 4.287918098271e-03 4.068871028721e-03
2.357931371080e-04 3.415016981307e-04 4.271795914974e-04 4.803492920473e-04 5.042932461947e-04 5.073408829048e-04 4.963884712197e-04 4.758914874401e-04 4.489577841014e-04 4.171213950031e-04 3.822100406978e-04 3.451200027484e-04 3.655624459498e-04 3.677236090880e-04 3.394552040845e-04 3.838889533654e-04 6.872897502035e-04 8.548899786547e-04 7.982765091583e-04 6.240477669053e-04 4.404511419125e-04 2.958220138680e-04 3.186889516655e-04 3.660928341560e-04 6.255016196519e-04 1.385757233948e-03 2.963978797197e-03 2.742359181866e-03 2.265610732138e-03 4.199062008411e-03 5.719773937017e-03 4.905047826469e-03 3.521163715050e-03 1.655108411796e-03 1.762625412084e-03 2.424468519166e-03 3.391671692953e-03 1.210191752762e-02 2.036407776177e-02 9.576498530805e-03 5.552528891712e-03 3.422794397920e-03 3.071616869420e-03
1.578462251928e-04 2.265133225592e-04 2.809773723129e-04 3.142018686049e-04 3.288435400464e-04 3.303886041977e-04 3.226822300348e-04 3.082027251367e-04 2.884174173232e-04 2.645734639373e-04 2.615094708744e-04 2.940333506558e-04 3.068666555919e-04 2.934861986432e-04 2.818459179252e-04 3.224234969821e-04 3.580945485737e-04 4.366287030280e-04 4.989693989046e-04 4.811903636437e-04 4.092265735380e-04 3.230331640225e-04 3.400864661671e-04 4.664606240112e-04 8.141957223415e-04 2.415006514639e-03 3.455421654508e-03 2.059935359284e-03 2.306320471689e-03 4.441014956683e-03 6.014824844897e-03 4.763182252645e-03 3.323788288981e-03 2.280323533341e-03 2.505967626348e-03 2.423208905384e-03 5.253368988633e-03 2.102288417518e-02 1.520937308669e-02 4.006169736385e-03 8.024975657463e-03 3.486282890663e-03 2.374405739829e-03
9.284079715144e-05 1.320562441833e-04 1.626084849704e-04 1.806515065255e-04 1.879128976725e-04 1.875936286524e-04 1.818315067794e-04 1.719907158986e-04 1.646292075748e-04 2.010191965383e-04 2.353113959543e-04 2.577871200629e-04 2.597023267299e-04 2.879291132558e-04 3.329789033160e-04 3.785711305682e-04 4.183652636129e-04 4.442332428880e-04 4.482498043217e-04 4.274097736925e-04 3.894899273291e-04 3.623384109233e-04 4.026998067275e-04 5.812934250571e-04 9.820578852668e-04 2.707605017349e-03 2.854313934222e-03 2.270178403705e-03 2.066838555038e-03 3.972152248025e-03 5.568176973611e-03 4.337653983384e-03 4.247860051692e-03 2.866225084290e-03 3.019313327968e-03 2.171692904085e-03 5.002552177757e-03 1.345356367528e-02 6.602143403143e-03 4.702687729150e-03 1.064010057598e-02 3.433257807046e-03 1.816259929910e-03
