100/SI/f80.grd
DSAA
101	101
32.816463539100	34.260883539100
35.556306596100	36.727886596100
1.574376074132e-05	2.572816371918e+00
[rows 19 to 37 of 101, columns 0 to 42 of 101]
4.945392720401e-03 1.008082274348e-02 1.288885530084e-02 1.312945131212e-02 1.082703471184e-02 8.566461503506e-03 5.861136130989e-03 6.653255783021e-03 8.019468747079e-03 9.647627361119e-03 1.270663458854e-02 1.517485268414e-02 1.478918921202e-02 1.603726856411e-02 1.615748926997e-02 1.566659659147e-02 1.489692647010e-02 1.428204495460e-02 1.655123010278e-02 1.489876303822e-02 1.535047776997e-02 1.655755378306e-02 1.775011420250e-02 1.696959510446e-02 1.513807568699e-02 1.279191207141e-02 1.323906704783e-02 2.114990726113e-02 2.521213330328e-02 1.903463713825e-02 1.750711537898e-02 1.606107503176e-02 1.700607314706e-02 1.699915714562e-02 1.702311076224e-02 1.645457372069e-02 1.313643623143e-02 1.147679705173e-02 1.230345107615e-02 1.183534879237e-02 1.712641678751e-02 4.225672036409e-02 1.960586011410e-02
3.867775667459e-03 8.126001805067e-03 1.095557399094e-02 1.198221649975e-02 1.065200939775e-02 1.023146416992e-02 9.371935389936e-03 6.689399946481e-03 8.921682834625e-03 1.042063441128e-02 1.107518374920e-02 1.388745289296e-02 1.232093852013e-02 1.436899416149e-02 1.553187426180e-02 1.602532155812e-02 1.599023677409e-02 1.526050549001e-02 1.924533769488e-02 1.543397922069e-02 1.809605024755e-02 2.170050702989e-02 2.337975054979e-02 2.266978099942e-02 2.128469571471e-02 1.646631211042e-02 1.753999851644e-02 1.711988449097e-02 2.649831213057e-02 1.933243498206e-02 1.652718149126e-02 1.555533520877e-02 1.514991279691e-02 1.527048461139e-02 1.445997133851e-02 1.871578022838e-02 1.248792931437e-02 1.313274446875e-02 1.345876138657e-02 1.380253210664e-02 2.121649682522e-02 3.576864302158e-02 2.924755029380e-02
2.976034767926e-03 5.997681990266e-03 8.280774578452e-03 9.529152885079e-03 8.991715498269e-03 7.819009013474e-03 9.656163863838e-03 9.573460556567e-03 1.095593534410e-02 1.306890044361e-02 1.507372315973e-02 1.986430585384e-02 2.382949739695e-02 2.180701866746e-02 1.483479980379e-02 1.434457208961e-02 1.515584439039e-02 1.583369076252e-02 2.804423496127e-02 2.256681956351e-02 1.697703823447e-02 2.639956958592e-02 2.798007428646e-02 3.050082921982e-02 2.513054944575e-02 2.225515246391e-02 2.191731892526e-02 1.355725526810e-02 2.493187971413e-02 1.783121190965e-02 1.369849592447e-02 1.422999985516e-02 1.680474355817e-02 1.388417091221e-02 1.520030014217e-02 1.980310305953e-02 1.576728373766e-02 1.393403485417e-02 1.453784201294e-02 1.563904061913e-02 2.474129386246e-02 2.561321109533e-02 3.884084150195e-02
4.003368318081e-03 7.190524134785e-03 6.973209325224e-03 7.304739672691e-03 8.542106486857e-03 1.081066299230e-02 1.262414176017e-02 1.511045452207e-02 1.835350506008e-02 2.306917123497e-02 2.937675639987e-02 3.685121610761e-02 4.141533002257e-02 3.599062561989e-02 2.260871976614e-02 1.385620329529e-02 1.912352256477e-02 2.686607651412e-02 3.398877382278e-02 2.763574570417e-02 2.180045098066e-02 2.866910956800e-02 3.051338344812e-02 3.425803408027e-02 2.499398589134e-02 2.534320391715e-02 2.602971345186e-02 1.634639874101e-02 2.035486139357e-02 1.477644778788e-02 1.398004498333e-02 1.384506747127e-02 1.742666959763e-02 1.771038770676e-02 1.762738265097e-02 1.680853404105e-02 2.217760868371e-02 1.547921448946e-02 1.560832653195e-02 1.717317663133e-02 2.758012525737e-02 2.390873432159e-02 4.511477798223e-02
3.886276157573e-03 8.016126230359e-03 8.701259270310e-03 8.335972204804e-03 1.070939656347e-02 1.454675663263e-02 1.594405807555e-02 1.686063222587e-02 1.868267357349e-02 2.162481471896e-02 2.611514553428e-02 2.979254536331e-02 3.051929175854e-02 2.611553855240e-02 1.913359947503e-02 1.705351471901e-02 1.860737614334e-02 2.505990117788e-02 3.339419513941e-02 2.121283300221e-02 2.042678743601e-02 2.891328372061e-02 3.047825954854e-02 3.285356238484e-02 2.620078995824e-02 2.526068128645e-02 2.934006974101e-02 2.502065896988e-02 2.526338770986e-02 2.153009548783e-02 1.861074008048e-02 2.742239460349e-02 2.562915161252e-02 1.911911927164e-02 1.863058097661e-02 1.864114217460e-02 2.459002099931e-02 1.801404729486e-02 1.705770939589e-02 1.813094131649e-02 2.917106263340e-02 2.424009516835e-02 4.608735069633e-02
7.746458053589e-03 1.337706018239e-02 8.709318004549e-03 8.738775737584e-03 9.838264435530e-03 1.266204752028e-02 1.433593314141e-02 1.418777741492e-02 1.410623639822e-02 1.468122750521e-02 1.552281621844e-02 1.644509658217e-02 1.567274704576e-02 1.726389117539e-02 1.747759804130e-02 1.565485820174e-02 1.561189442873e-02 2.874029800296e-02 3.288183361292e-02 1.745847426355e-02 1.762865297496e-02 2.677364461124e-02 2.892587706447e-02 2.799725346267e-02 2.549898810685e-02 2.311214059591e-02 3.158403933048e-02 2.766693197191e-02 2.311334945261e-02 2.237572148442e-02 2.192004397511e-02 3.531207144260e-02 5.257540941238e-02 5.006026849151e-02 4.531633853912e-02 4.325279965997e-02 4.495704174042e-02 2.768981270492e-02 2.348147518933e-02 1.935488171875e-02 2.984440885484e-02 2.341288328171e-02 4.079588502645e-02
1.436403673142e-02 3.043637983501e-02 3.135180100799e-02 2.749838866293e-02 1.718127727509e-02 9.906142950058e-03 9.567233733833e-03 1.003106310964e-02 1.092748343945e-02 1.412482745945e-02 1.693515665829e-02 1.893156394362e-02 1.954713463783e-02 1.874240115285e-02 1.711518689990e-02 1.771124824882e-02 1.866179518402e-02 2.800315804780e-02 2.760552614927e-02 1.621912419796e-02 1.758255250752e-02 2.184476889670e-02 2.501302957535e-02 2.321130968630e-02 2.626461163163e-02 2.532994002104e-02 3.276842460036e-02 3.486759960651e-02 3.709220141172e-02 3.321463242173e-02 2.505704946816e-02 2.099921368062e-02 4.258114099503e-02 4.652048647404e-02 5.129102244973e-02 6.205340847373e-02 7.758410274982e-02 4.732753708959e-02 3.466627374291e-02 2.943764813244e-02 2.930846065283e-02 2.184052020311e-02 3.053547069430e-02
1.534563302994e-02 3.308456391096e-02 3.818599879742e-02 4.508044570684e-02 4.936697706580e-02 4.284100607038e-02 2.401958405972e-02 1.314336247742e-02 1.792603172362e-02 2.093533053994e-02 2.150738798082e-02 2.034660242498e-02 1.903071440756e-02 2.563558891416e-02 2.824867144227e-02 2.804884128273e-02 2.761589549482e-02 2.686582319438e-02 2.653766609728e-02 2.563226409256e-02 2.505294606090e-02 2.505102753639e-02 2.429987676442e-02 3.042966127396e-02 3.664482757449e-02 3.170133382082e-02 3.585989400744e-02 4.606490582228e-02 4.659033194184e-02 4.139835387468e-02 3.091802634299e-02 2.263461612165e-02 2.499612793326e-02 3.929715603590e-02 5.858052521944e-02 5.157916620374e-02 5.248241871595e-02 3.973061963916e-02 4.226161539555e-02 4.304244369268e-02 3.501867502928e-02 2.254958264530e-02 2.717131003737e-02
9.853557683527e-03 2.174381539226e-02 2.528874576092e-02 3.104599192739e-02 4.040379449725e-02 5.313813313842e-02 6.006123498082e-02 4.672233387828e-02 2.440504170954e-02 2.263456210494e-02 2.015399932861e-02 2.598174102604e-02 3.064260073006e-02 3.191663697362e-02 3.033253923059e-02 3.031331114471e-02 3.000520169735e-02 2.910563908517e-02 3.048828057945e-02 3.076478093863e-02 3.161721304059e-02 3.435207903385e-02 3.247737511992e-02 2.990464307368e-02 2.889512293041e-02 3.729129955173e-02 3.573950007558e-02 4.417923837900e-02 4.860553890467e-02 4.363996535540e-02 3.262062743306e-02 3.536612540483e-02 4.564461112022e-02 6.109877675772e-02 7.288171350956e-02 5.277416855097e-02 3.669792413712e-02 3.064097650349e-02 3.791236504912e-02 4.860440641642e-02 5.307888984680e-02 3.606055304408e-02 2.708979696035e-02
6.778336130083e-03 1.330788712949e-02 1.663534156978e-02 1.531934272498e-02 1.757892221212e-02 2.631911076605e-02 4.116610065103e-02 5.585241690278e-02 5.571308359504e-02 3.833776712418e-02 2.905295230448e-02 3.067076765001e-02 3.108833730221e-02 2.969262376428e-02 2.918600663543e-02 2.869888953865e-02 2.720718085766e-02 2.918698079884e-02 2.994199097157e-02 3.104985132813e-02 3.290550410748e-02 3.175226226449e-02 3.050990775228e-02 3.011736832559e-02 2.962162904441e-02 2.913472056389e-02 3.069057315588e-02 3.419111296535e-02 4.120346531272e-02 4.286999627948e-02 3.360118716955e-02 4.101926088333e-02 4.943246766925e-02 5.616140738130e-02 5.439446493983e-02 3.407291695476e-02 3.579840809107e-02 4.127113893628e-02 4.456296190619e-02 4.004670307040e-02 5.943022295833e-02 6.044567003846e-02 3.382561728358e-02
7.867355830967e-03 1.548465248197e-02 1.539176050574e-02 1.890448853374e-02 1.551795378327e-02 1.339716557413e-02 1.575843431056e-02 2.899836190045e-02 4.655957221985e-02 5.411178991199e-02 4.408739134669e-02 2.933703549206e-02 2.787492424250e-02 2.725576050580e-02 2.549476921558e-02 2.476176433265e-02 2.555034309626e-02 2.780877798796e-02 2.701352909207e-02 2.696278877556e-02 2.433170750737e-02 1.997375674546e-02 2.531511336565e-02 2.247183956206e-02 3.402595594525e-02 3.031821176410e-02 3.471774980426e-02 3.818416967988e-02 3.191711008549e-02 3.447953984141e-02 3.827584534883e-02 4.119390249252e-02 3.567552939057e-02 4.389818757772e-02 3.260604292154e-02 2.791220508516e-02 3.614491596818e-02 4.990467429161e-02 5.979062989354e-02 5.662491917610e-02 4.810127615929e-02 7.472080737352e-02 5.626190826297e-02
1.016464736313e-02 1.953946240246e-02 1.816870458424e-02 1.868059113622e-02 2.083049155772e-02 1.559908688068e-02 2.168873324990e-02 2.635582163930e-02 2.914244681597e-02 4.073165357113e-02 5.246086046100e-02 4.756402596831e-02 2.911149151623e-02 2.339589782059e-02 2.301723882556e-02 2.355289086699e-02 2.437961474061e-02 2.408159337938e-02 2.547220326960e-02 2.504462189972e-02 2.183985523880e-02 1.807711645961e-02 1.939185895026e-02 3.097656182945e-02 4.625277593732e-02 6.230713427067e-02 7.488498836756e-02 6.096130982041e-02 4.102631285787e-02 3.834477812052e-02 4.719306901097e-02 3.320838510990e-02 2.479252964258e-02 5.466613918543e-02 2.272524684668e-02 3.232296928763e-02 2.993799746037e-02 4.196452349424e-02 6.107578426600e-02 6.572145968676e-02 5.657531321049e-02 6.293693929911e-02 8.536228537560e-02
9.236752986908e-03 2.018899098039e-02 2.134132571518e-02 2.085107378662e-02 2.202265150845e-02 2.228100225329e-02 2.671903371811e-02 2.808959782124e-02 2.789781987667e-02 2.636268921196e-02 3.645689785480e-02 5.197167024016e-02 5.072343721986e-02 3.499056398869e-02 2.208752185106e-02 2.204122394323e-02 2.124950289726e-02 1.947011426091e-02 2.607080340385e-02 2.713850885630e-02 2.745255827904e-02 2.288673631847e-02 2.097274176776e-02 3.838123381138e-02 6.519245356321e-02 9.613616019487e-02 1.128407493234e-01 1.078752726316e-01 7.025007903576e-02 4.424360767007e-02 5.085408687592e-02 4.272400215268e-02 3.975767269731e-02 6.676683574915e-02 3.448118269444e-02 6.654574722052e-02 4.815667867661e-02 3.435061499476e-02 4.666902124882e-02 6.712234020233e-02 6.883655488491e-02 5.817561224103e-02 9.157773107290e-02
1.133871916682e-02 2.308313734829e-02 2.334674634039e-02 2.266905829310e-02 2.354122884572e-02 2.668725885451e-02 2.688648737967e-02 2.718025259674e-02 2.498422749341e-02 2.302197180688e-02 2.225491963327e-02 3.136390447617e-02 5.040000006557e-02 5.312276631594e-02 4.025070741773e-02 1.910329423845e-02 1.774368248880e-02 1.988200098276e-02 2.315987832844e-02 3.691962361336e-02 3.336878493428e-02 3.061469644308e-02 2.807437069714e-02 3.831208497286e-02 6.666229665279e-02 9.512868523598e-02 1.295151859522e-01 1.517589986324e-01 1.265679746866e-01 6.113342195749e-02 5.521538853645e-02 5.992543697357e-02 5.716387555003e-02 7.895673811436e-02 4.393892362714e-02 8.904851973057e-02 7.377037405968e-02 4.852990806103e-02 4.452004283667e-02 6.444581598043e-02 1.381981670856e-01 7.017437368631e-02 7.468272000551e-02
1.492908038199e-02 2.809140644968e-02 2.603268623352e-02 2.778596244752e-02 2.948504127562e-02 3.114757686853e-02 3.306629136205e-02 3.438471257687e-02 3.513213247061e-02 3.524818643928e-02 3.418862819672e-02 3.307949006557e-02 3.167260438204e-02 4.655884578824e-02 5.404550582170e-02 4.501864314079e-02 2.253773994744e-02 2.035677991807e-02 2.238582074642e-02 3.528290987015e-02 3.738661482930e-02 3.368951007724e-02 3.104232065380e-02 3.287577256560e-02 5.519983917475e-02 8.214648067951e-02 1.272021234035e-01 1.776808053255e-01 1.678162366152e-01 1.021138504148e-01 7.924580574036e-02 9.992010146379e-02 1.072853431106e-01 9.901518374681e-02 8.201635628939e-02 9.599197655916e-02 9.140914678574e-02 7.055916637182e-02 8.022581785917e-02 7.190436869860e-02 1.973985284567e-01 1.614507734776e-01 4.367005079985e-02
1.529604289681e-02 3.178317844868e-02 3.172495588660e-02 3.075896576047e-02 2.711124904454e-02 2.445141226053e-02 2.317722328007e-02 2.562143094838e-02 2.837070263922e-02 3.161140531301e-02 3.522052988410e-02 3.942072018981e-02 4.341454431415e-02 6.892388314009e-02 7.057078182697e-02 5.348426476121e-02 5.038751289248e-02 4.797368124127e-02 4.470120742917e-02 4.099439457059e-02 3.698593750596e-02 3.204017132521e-02 3.498733416200e-02 3.418346866965e-02 3.774275630713e-02 6.219071522355e-02 9.164599329233e-02 1.449470371008e-01 1.841023117304e-01 1.274055242538e-01 6.028499454260e-02 6.252300739288e-02 9.188085049391e-02 1.220048740506e-01 1.355295181274e-01 1.256971061230e-01 9.070637822151e-02 7.639833539724e-02 5.763106793165e-02 8.255848288536e-02 2.059300243855e-01 2.474430501461e-01 6.643410027027e-02
1.297610439360e-02 2.616573125124e-02 2.731198444963e-02 2.976478450000e-02 3.124763257802e-02 3.019627928734e-02 2.534847706556e-02 2.202386036515e-02 2.214267663658e-02 2.213113196194e-02 2.200146950781e-02 2.152175270021e-02 2.083794586360e-02 2.648307010531e-02 3.973028063774e-02 4.351970180869e-02 5.207953602076e-02 5.030992627144e-02 4.102100804448e-02 4.538682848215e-02 4.801317676902e-02 4.955772310495e-02 5.140257254243e-02 5.368699133396e-02 5.161996558309e-02 4.134904593229e-02 6.182103976607e-02 1.098582819104e-01 1.550833731890e-01 1.137326732278e-01 5.687121674418e-02 4.003854840994e-02 3.551300615072e-02 5.935404449701e-02 7.162848860025e-02 1.164992824197e-01 1.479509770870e-01 1.367976069450e-01 8.515027910471e-02 9.305922687054e-02 1.322095096111e-01 2.934588491917e-01 1.063384264708e-01
1.050126645714e-02 2.030429802835e-02 2.022995427251e-02 1.937462016940e-02 1.979575119913e-02 2.214825153351e-02 2.313621528447e-02 2.277167700231e-02 1.936284452677e-02 2.093343995512e-02 2.274382114410e-02 2.457747235894e-02 2.626736648381e-02 2.795789949596e-02 2.968140877783e-02 3.117273747921e-02 3.246909007430e-02 4.887006431818e-02 5.208061262965e-02 6.752293556929e-02 5.290364846587e-02 4.354194551706e-02 4.158752411604e-02 4.041200503707e-02 4.060358181596e-02 4.597063735127e-02 6.130058318377e-02 7.038352638483e-02 9.917812049389e-02 8.078512549400e-02 4.082081839442e-02 4.827941209078e-02 3.599397093058e-02 4.764705896378e-02 5.598609149456e-02 6.768881529570e-02 6.831163167953e-02 1.147830486298e-01 1.622501164675e-01 1.315237879753e-01 1.175276413560e-01 2.402238696814e-01 2.163300365210e-01
6.623502820730e-03 1.334979850799e-02 1.314128004014e-02 1.282537076622e-02 1.450030039996e-02 1.704117842019e-02 1.867073960602e-02 1.958111487329e-02 1.989298686385e-02 1.833149604499e-02 1.707768067718e-02 1.792867854238e-02 1.895758695900e-02 1.913793012500e-02 1.939996704459e-02 2.588217705488e-02 2.881863154471e-02 3.860021755099e-02 7.302104681730e-02 7.648064196110e-02 6.776055693626e-02 5.784595012665e-02 6.765588372946e-02 8.098873496056e-02 5.700296536088e-02 6.528883427382e-02 6.359265744686e-02 5.911464244127e-02 6.162281334400e-02 8.124279230833e-02 7.629661262035e-02 4.771849140525e-02 4.967822134495e-02 5.223569646478e-02 5.655403807759e-02 5.881381407380e-02 6.085103750229e-02 7.838759571314e-02 1.148617491126e-01 1.338337361813e-01 1.598991751671e-01 2.148479521275e-01 1.776339262724e-01
