100/SI/f81.grd
DSAA
101	101
32.816463539100	34.260883539100
35.556306596100	36.727886596100
1.642170536797e-05	2.687149524689e+00
[rows 57 to 75 of 101, columns 0 to 42 of 101]
9.080281597562e-04 1.491434522904e-03 1.616671564989e-03 1.618181006052e-03 1.714635873213e-03 2.096840646118e-03 2.347504720092e-03 2.573809586465e-03 2.785597229376e-03 2.846999559551e-03 2.739269053563e-03 3.838904434815e-03 6.574144121259e-03 3.593011526391e-03 2.613088814542e-03 3.937950823456e-03 3.526063403115e-03 3.940748982131e-03 4.762910306454e-03 4.978058859706e-03 5.108229350299e-03 3.824252635241e-03 2.664387226105e-03 2.342883497477e-03 2.540970919654e-03 3.519387682900e-03 5.624571349472e-03 6.977153476328e-03 5.446447059512e-03 3.181930398569e-03 2.486830344424e-03 1.963720424101e-03 2.056955825537e-03 2.462673466653e-03 2.918411279097e-03 3.747111419216e-03 4.318006802350e-03 4.657658748329e-03 7.686688564718e-03 1.008674968034e-02 8.648000657558e-03 7.665272336453e-03 8.632078766823e-03
1.146211405285e-03 1.876091817394e-03 2.143023535609e-03 2.174829598516e-03 2.150959800929e-03 2.092008711770e-03 2.089844783768e-03 2.188092330471e-03 2.278788713738e-03 3.713389160112e-03 1.204276643693e-02 1.394103746861e-02 5.207980051637e-03 2.687796717510e-03 2.698527416214e-03 2.522648079321e-03 2.730905544013e-03 2.720087999478e-03 3.092365805060e-03 3.921828698367e-03 4.755828995258e-03 5.082920193672e-03 3.552754875273e-03 2.237742068246e-03 2.576727885753e-03 3.931472077966e-03 5.937871988863e-03 6.361574400216e-03 6.441700272262e-03 4.096977412701e-03 2.467870712280e-03 2.241001697257e-03 2.152069471776e-03 2.565480303019e-03 3.028827719390e-03 3.134357975796e-03 3.220629878342e-03 3.368530888110e-03 3.399024950340e-03 3.668625839055e-03 4.421813413501e-03 6.046228576452e-03 6.960752885789e-03
1.533725298941e-03 2.521509304643e-03 2.917279489338e-03 4.161663353443e-03 5.343300290406e-03 6.781198084354e-03 8.923529647291e-03 1.301725674421e-02 2.388997748494e-02 3.373219072819e-02 2.243151143193e-02 5.708952900022e-03 3.852259367704e-03 3.370033111423e-03 2.450444037095e-03 2.576797502115e-03 2.724028890952e-03 2.680753823370e-03 2.552769845352e-03 2.720397664234e-03 4.590861033648e-03 5.205431021750e-03 3.690370125696e-03 2.118993317708e-03 1.665365183726e-03 2.568559022620e-03 3.642436116934e-03 3.739986568689e-03 3.926384728402e-03 3.193539567292e-03 2.228569472209e-03 2.341394778341e-03 2.215988468379e-03 2.486881334335e-03 3.001288278028e-03 3.109078621492e-03 2.960342681035e-03 2.712702611461e-03 2.514584921300e-03 2.815020736307e-03 3.586230333894e-03 4.601724445820e-03 6.066002417356e-03
1.498895464465e-03 2.704153768718e-03 4.717161413282e-03 6.739273667336e-03 8.529647253454e-03 1.129549369216e-02 1.643734797835e-02 2.455118671060e-02 2.467463165522e-02 1.141250226647e-02 2.751343417913e-03 3.208240726963e-03 3.489274065942e-03 3.100415226072e-03 2.782145747915e-03 2.920820144936e-03 2.927010646090e-03 2.808469347656e-03 2.182397292927e-03 2.126296982169e-03 3.305751597509e-03 3.690383862704e-03 2.737780334428e-03 1.710723037831e-03 1.312507316470e-03 1.416863757186e-03 1.899576978758e-03 2.348588313907e-03 2.772982697934e-03 2.397140022367e-03 2.192628104240e-03 2.046465640888e-03 2.184107201174e-03 2.419031923637e-03 2.902855863795e-03 2.973866881803e-03 2.688891487196e-03 2.300302032381e-03 2.121940953657e-03 2.358530648053e-03 3.473840653896e-03 4.370149690658e-03 5.548709537834e-03
9.077962022275e-04 1.582439872436e-03 1.934460597113e-03 2.036049030721e-03 2.039454411715e-03 2.030115574598e-03 2.011763630435e-03 1.967952586710e-03 1.929603749886e-03 1.886403770186e-03 1.769189373590e-03 1.865251804702e-03 2.043408341706e-03 2.614431781694e-03 2.940583275631e-03 3.071568906307e-03 2.956099342555e-03 2.622330794111e-03 1.936303451657e-03 1.540368772112e-03 1.848632353358e-03 1.919918111525e-03 1.514119328931e-03 1.121259760112e-03 9.864551248029e-04 1.087314798497e-03 1.395402243361e-03 1.677683903836e-03 1.993633573875e-03 2.146145561710e-03 2.030793577433e-03 1.814138726331e-03 2.100007142872e-03 2.542368834838e-03 3.034174442291e-03 2.934048417956e-03 2.434353344142e-03 1.928174518980e-03 2.150654094294e-03 2.408107742667e-03 3.583953948691e-03 4.450681153685e-03 5.230638664216e-03
4.260689602233e-04 7.942335796542e-04 1.030133222230e-03 1.137754763477e-03 1.179496408440e-03 1.213665003888e-03 1.246236613952e-03 1.270116190426e-03 1.307711470872e-03 1.345370546915e-03 1.318056136370e-03 1.238727592863e-03 1.264313352294e-03 1.678602653556e-03 1.975109102204e-03 2.079366473481e-03 1.891808933578e-03 1.682965201326e-03 1.421149121597e-03 1.204337808304e-03 9.835413657129e-04 9.189005941153e-04 7.581415702589e-04 8.450465975329e-04 9.969625389203e-04 1.048314967193e-03 1.157577382401e-03 1.394614344463e-03 1.687617623247e-03 1.846035709605e-03 1.818340970203e-03 1.716451719403e-03 2.097836928442e-03 2.817234490067e-03 3.273252397776e-03 2.952996175736e-03 2.212092280388e-03 1.897887559608e-03 2.204432385042e-03 2.589789684862e-03 3.478374797851e-03 3.908062819391e-03 4.509796854109e-03
2.935234806500e-04 4.943443345837e-04 6.138998433016e-04 6.980420439504e-04 7.510029245168e-04 7.972161401995e-04 8.415210177191e-04 8.785680984147e-04 9.229754796252e-04 9.684247779660e-04 9.743790142238e-04 9.429435012862e-04 9.069764637388e-04 8.748029358685e-04 8.840377558954e-04 1.002875040285e-03 1.057703513652e-03 1.043378375471e-03 9.573608986102e-04 9.130451944657e-04 7.836573058739e-04 7.354692206718e-04 6.502537289634e-04 8.608266944066e-04 1.061410643160e-03 1.162617118098e-03 1.155627192929e-03 1.143469824456e-03 1.393859623931e-03 1.549932756461e-03 1.586895668879e-03 1.576912356541e-03 2.130492357537e-03 2.981546334922e-03 3.289189422503e-03 2.743459306657e-03 1.936887507327e-03 1.908704638481e-03 2.305190078914e-03 2.588823670521e-03 2.988431835547e-03 3.440262749791e-03 3.534119809046e-03
2.374223840889e-04 4.043960070703e-04 5.097815883346e-04 5.606433842331e-04 5.968892364763e-04 6.275994819589e-04 6.501341704279e-04 6.543695344590e-04 6.761818658561e-04 7.022877107374e-04 7.077807094902e-04 6.958821904846e-04 6.840477581136e-04 6.684428080916e-04 6.953040719964e-04 7.990163867362e-04 8.492991910316e-04 8.379635401070e-04 7.748671923764e-04 7.237418321893e-04 7.614951464348e-04 7.396623841487e-04 6.458933348767e-04 8.593206875958e-04 1.084630144760e-03 1.222174614668e-03 1.238023280166e-03 1.198468846269e-03 1.227115397342e-03 1.344565767795e-03 1.399844186381e-03 1.474531833082e-03 2.119650831446e-03 2.917322795838e-03 3.003053599969e-03 2.360409358516e-03 1.793180941604e-03 1.981236971915e-03 2.414443530142e-03 2.550498349592e-03 2.649631351233e-03 2.866360126063e-03 2.632418181747e-03
2.278792380821e-04 3.650728031062e-04 4.631156625692e-04 5.082786665298e-04 5.276394658722e-04 5.442590918392e-04 5.500330589712e-04 5.424327682704e-04 5.449067684822e-04 5.517542012967e-04 5.580307333730e-04 5.791618605144e-04 5.958022084087e-04 6.092459661886e-04 6.252183811739e-04 6.489607621916e-04 6.938421865925e-04 7.035320741124e-04 7.100777584128e-04 6.817827234045e-04 6.995402509347e-04 7.315326365642e-04 6.494338158518e-04 8.139810524881e-04 1.029090723023e-03 1.172044780105e-03 1.196776633151e-03 1.170030445792e-03 1.234127557836e-03 1.269598142244e-03 1.293058041483e-03 1.379607710987e-03 1.988569973037e-03 2.619347767904e-03 2.543902490288e-03 2.029169118032e-03 1.764173037373e-03 2.124393125996e-03 2.444754121825e-03 2.385914325714e-03 2.305694855750e-03 2.325204433873e-03 2.146613318473e-03
2.134973910870e-04 3.389424236957e-04 4.252847575117e-04 4.635135992430e-04 4.797925648745e-04 4.917532787658e-04 4.928786074743e-04 4.818660963792e-04 4.849964752793e-04 5.215132259764e-04 5.529246409424e-04 5.811959854327e-04 6.061559543014e-04 6.270722951740e-04 6.459894939326e-04 6.642783991992e-04 6.777351954952e-04 6.796832894906e-04 6.660096114501e-04 6.482782191597e-04 6.497582653537e-04 7.059879135340e-04 6.674154428765e-04 7.383291958831e-04 9.207544499077e-04 1.047410769388e-03 1.210300601088e-03 1.321104937233e-03 1.325906603597e-03 1.282679033466e-03 1.253643422388e-03 1.286894897930e-03 1.748132519424e-03 2.182805445045e-03 2.090461319312e-03 1.811063499190e-03 1.905618584715e-03 2.162027405575e-03 2.312302822247e-03 2.097348216921e-03 1.931996201165e-03 1.836181385443e-03 1.836619805545e-03
1.969455042854e-04 3.121435875073e-04 3.910230880138e-04 4.275040409993e-04 4.428311367519e-04 4.493203887250e-04 4.457826435100e-04 4.457792965695e-04 4.546476702671e-04 4.935886245221e-04 5.286329542287e-04 5.614394322038e-04 5.915336660109e-04 6.166957318783e-04 6.361326668411e-04 6.486804340966e-04 6.501245079562e-04 7.022492936812e-04 7.170908502303e-04 6.655163015239e-04 6.077804137021e-04 6.477893330157e-04 6.611899007112e-04 6.634716992266e-04 8.100880659185e-04 9.152684942819e-04 1.104085589759e-03 1.282920595258e-03 1.325077726506e-03 1.281346892938e-03 1.228885492310e-03 1.214449875988e-03 1.395600382239e-03 1.693951664492e-03 1.662850612774e-03 1.537076663226e-03 1.648201956414e-03 1.832233974710e-03 1.895215478726e-03 1.649087993428e-03 1.513791736215e-03 1.403528498486e-03 1.384961069562e-03
1.829941029428e-04 2.905144938268e-04 3.654027532320e-04 4.017171449959e-04 4.149070882704e-04 4.155492351856e-04 4.086834669579e-04 4.122969112359e-04 4.287442425266e-04 4.453244036995e-04 4.806186479982e-04 5.146585172042e-04 5.461372784339e-04 5.726037197746e-04 5.916911177337e-04 6.177643663250e-04 6.756388465874e-04 7.605637074448e-04 7.981598027982e-04 7.766200578772e-04 7.109516300261e-04 6.325484719127e-04 6.506567005999e-04 6.587745156139e-04 7.216519443318e-04 8.061979897320e-04 8.310005068779e-04 9.986615041271e-04 1.130007905886e-03 1.169844879769e-03 1.155380974524e-03 1.166905160062e-03 1.203057239763e-03 1.249644672498e-03 1.233467832208e-03 1.192963565700e-03 1.263705664314e-03 1.471396069974e-03 1.566696679220e-03 1.287580118515e-03 1.150116324425e-03 1.026907353662e-03 1.128809177317e-03
1.728939969325e-04 2.752932487056e-04 3.476088459138e-04 3.820171114057e-04 3.910484956577e-04 3.877086273860e-04 3.807957109530e-04 3.811029309873e-04 3.942939802073e-04 4.111626185477e-04 4.177413647994e-04 4.507866688073e-04 4.811423423234e-04 5.071304040030e-04 5.308410036378e-04 5.879321251996e-04 6.873217644170e-04 7.842781487852e-04 8.500802796334e-04 8.700228645466e-04 8.463945123367e-04 7.961582159624e-04 7.355731213465e-04 6.797891110182e-04 6.536040455103e-04 7.221449632198e-04 7.367904763669e-04 7.059507188387e-04 8.567634504288e-04 9.832297218964e-04 1.066714990884e-03 1.128355273977e-03 1.166169880889e-03 1.134397927672e-03 1.011931453831e-03 9.863792220131e-04 1.110834884457e-03 1.395267667249e-03 1.618202077225e-03 1.453520497307e-03 1.069761812687e-03 9.557469165884e-04 1.086598727852e-03
1.692462392384e-04 2.690619730856e-04 3.384669835214e-04 3.688202996273e-04 3.734418423846e-04 3.679480869323e-04 3.669404250104e-04 3.718734369613e-04 3.676827182062e-04 3.711823956110e-04 3.827285254374e-04 4.229311307427e-04 4.651378258131e-04 5.089100450277e-04 5.476344376802e-04 6.012876983732e-04 6.991187692620e-04 7.982593961060e-04 8.875424391590e-04 9.429759811610e-04 9.526953799650e-04 9.293677285314e-04 8.894641650841e-04 8.487129234709e-04 8.248028461821e-04 8.093917858787e-04 7.797225844115e-04 7.351341773756e-04 8.484398713335e-04 9.518318693154e-04 1.028988976032e-03 1.099407440051e-03 1.136878039688e-03 1.062265131623e-03 1.009855302982e-03 1.039514900185e-03 1.119201770052e-03 1.347596873529e-03 1.558014424518e-03 1.413236837834e-03 1.091836951673e-03 9.518217993900e-04 1.083230716176e-03
1.721206936054e-04 2.722134813666e-04 3.393613442313e-04 3.659092471935e-04 3.672778548207e-04 3.596291644499e-04 3.612309519667e-04 3.625864337664e-04 3.704933624249e-04 3.724204725586e-04 3.963099152315e-04 4.361110914033e-04 4.750161606353e-04 5.120530840941e-04 5.420027882792e-04 6.192233995534e-04 7.300765719265e-04 8.349556010216e-04 9.363706922159e-04 1.010020379908e-03 1.034224056639e-03 1.019073533826e-03 9.815238881856e-04 9.347410523333e-04 8.962086285464e-04 8.579519344494e-04 7.937458576635e-04 7.242879364640e-04 8.313351427205e-04 9.213643497787e-04 9.985649958253e-04 1.073057996109e-03 1.097973203287e-03 1.009316183627e-03 1.024102908559e-03 1.059242640622e-03 1.144716050476e-03 1.305904937908e-03 1.407182193361e-03 1.237496966496e-03 1.014315639623e-03 8.838654030114e-04 1.005437574349e-03
1.765912020346e-04 2.784269745462e-04 3.445337642916e-04 3.688336873893e-04 3.682924725581e-04 3.672368184198e-04 3.827589680441e-04 3.935768036172e-04 3.997073217761e-04 4.006201343145e-04 3.970484249294e-04 4.192310734652e-04 4.615123616531e-04 5.163265741430e-04 5.340039497241e-04 6.069140508771e-04 7.473198347725e-04 8.685099892318e-04 9.645763784647e-04 1.025079982355e-03 1.038630376570e-03 1.010849257000e-03 9.587080567144e-04 8.975208620541e-04 8.401075610891e-04 7.822373299859e-04 7.003263453953e-04 7.236631936394e-04 8.156324620359e-04 8.967203903012e-04 9.704680996947e-04 1.032060245052e-03 1.032571308315e-03 9.500471642241e-04 1.045938115567e-03 1.307195983827e-03 1.236979966052e-03 1.293977024034e-03 1.246630330570e-03 1.058304449543e-03 9.179898770526e-04 8.041458204389e-04 9.124931530096e-04
1.741027081152e-04 2.736119495239e-04 3.365803568158e-04 3.590050328057e-04 3.583191137295e-04 3.687604039442e-04 3.787757304963e-04 3.836499236058e-04 3.848903288599e-04 3.825621388387e-04 3.821666177828e-04 4.289614735171e-04 4.991912283003e-04 5.590304499492e-04 5.768684786744e-04 5.642764735967e-04 7.146891439334e-04 8.386127883568e-04 9.084585472010e-04 9.330082102679e-04 9.199875639752e-04 8.701658225618e-04 8.038199157454e-04 7.462729699910e-04 6.996431620792e-04 6.494472618215e-04 6.503632175736e-04 7.178636151366e-04 7.991680759005e-04 8.720643236302e-04 9.355985675938e-04 9.708496509120e-04 9.438641718589e-04 9.111988474615e-04 1.090458943509e-03 1.167163718492e-03 1.190387760289e-03 1.300293137319e-03 1.260791555978e-03 1.033485750668e-03 8.931909687817e-04 8.210518863052e-04 8.860802045092e-04
1.593573833816e-04 2.488412719686e-04 3.042860480491e-04 3.237526107114e-04 3.435965918470e-04 3.585355880205e-04 3.520837053657e-04 3.380092384759e-04 3.340321127325e-04 3.564904618543e-04 3.893313405570e-04 4.501585499384e-04 5.321359494701e-04 5.941307754256e-04 6.114018033259e-04 6.011301302351e-04 6.543729687110e-04 7.597092189826e-04 7.990631274879e-04 7.902189390734e-04 7.508423877880e-04 6.813232903369e-04 6.530397222377e-04 7.732671801932e-04 7.842115592211e-04 7.518063066527e-04 7.365069468506e-04 7.392924162559e-04 7.771535892971e-04 8.406214765273e-04 8.848920115270e-04 8.862452232279e-04 8.322494104505e-04 8.416728815064e-04 9.933260735124e-04 1.412118319422e-03 1.210454502143e-03 1.697759376839e-03 1.506461063400e-03 1.268665539101e-03 1.075548469089e-03 8.855913765728e-04 9.981845505536e-04
1.649255282246e-04 2.431081229588e-04 2.983385347761e-04 3.447797789704e-04 3.798800171353e-04 3.881700686179e-04 3.768918977585e-04 3.556456358638e-04 3.308897139505e-04 3.598848124966e-04 3.989233809989e-04 4.726706829388e-04 5.633694818243e-04 6.265064002946e-04 6.435101968236e-04 6.333813071251e-04 6.007447955199e-04 6.917943246663e-04 7.182885310613e-04 7.568553555757e-04 1.028063823469e-03 9.425161988474e-04 7.091131992638e-04 8.066580630839e-04 7.831747643650e-04 7.215080549940e-04 6.852076039650e-04 6.854116800241e-04 7.506727124564e-04 7.996496860869e-04 8.166132611223e-04 7.845584186725e-04 7.131845923141e-04 7.561917882413e-04 8.391265291721e-04 1.255228300579e-03 1.573515357450e-03 2.466413425282e-03 2.281193155795e-03 1.502996077761e-03 1.144698821008e-03 1.053624320775e-03 1.297185779549e-03
