100/SI/f81.grd
DSAA
101	101
32.816463539100	34.260883539100
35.556306596100	36.727886596100
1.642170536797e-05	2.687149524689e+00
[rows 19 to 37 of 101, columns 43 to 85 of 101]
2.650372870266e-02 3.267050161958e-02 4.247265681624e-02 4.326929152012e-02 2.805777080357e-02 4.314074292779e-02 2.193374373019e-02 2.281460911036e-02 2.476878650486e-02 2.511630579829e-02 2.291863039136e-02 3.371022641659e-02 4.057883471251e-02 4.021957516670e-02 2.670853585005e-02 3.262766450644e-02 4.300156980753e-02 4.029933363199e-02 2.219160087407e-02 3.579825162888e-02 1.650463975966e-02 2.315394766629e-02 3.109670430422e-02 1.535999123007e-02 1.523257419467e-02 1.792131550610e-02 1.479456946254e-02 1.867285743356e-02 1.732949540019e-02 1.372301485389e-02 1.479822769761e-02 2.039355784655e-02 2.302805334330e-02 1.783629134297e-02 1.588157191873e-02 1.292705070227e-02 8.880718611181e-03 9.764068759978e-03 1.079165283591e-02 8.987793698907e-03 8.404096588492e-03 7.346866652369e-03 7.989910431206e-03
2.385936677456e-02 3.201454132795e-02 4.540163278580e-02 5.234522745013e-02 3.786151111126e-02 3.814546018839e-02 2.256426401436e-02 2.417072653770e-02 2.146164327860e-02 2.686871774495e-02 2.810936048627e-02 3.152308240533e-02 4.342777654529e-02 4.278409853578e-02 3.287089988589e-02 3.546314314008e-02 4.198650270700e-02 4.553675279021e-02 2.618760056794e-02 3.461175411940e-02 1.886165887117e-02 3.508460894227e-02 4.369953647256e-02 2.031984180212e-02 1.777229271829e-02 1.834524795413e-02 1.822637952864e-02 1.931320130825e-02 1.505201775581e-02 1.460214704275e-02 2.059152722359e-02 2.690134383738e-02 2.402990683913e-02 1.909161172807e-02 1.570000499487e-02 1.294376142323e-02 9.278730489314e-03 1.141642872244e-02 8.835579268634e-03 7.560022175312e-03 8.062179200351e-03 7.004400249571e-03 7.299362681806e-03
2.575155533850e-02 3.663321956992e-02 4.192557930946e-02 5.479941889644e-02 4.666751623154e-02 3.264629095793e-02 2.237895503640e-02 2.560881339014e-02 2.049826830626e-02 2.512889541686e-02 2.650188282132e-02 3.004580549896e-02 4.124296456575e-02 4.665608331561e-02 3.964618965983e-02 3.790349513292e-02 4.021605849266e-02 4.976505413651e-02 2.985614351928e-02 3.206645324826e-02 2.119764685631e-02 4.347047209740e-02 4.785424843431e-02 2.284735813737e-02 1.735861040652e-02 2.145345695317e-02 2.057672850788e-02 1.670398376882e-02 1.423212140799e-02 2.047920972109e-02 2.871582843363e-02 2.784739434719e-02 1.881239376962e-02 2.177893929183e-02 1.556095853448e-02 1.191635802388e-02 1.105262152851e-02 1.173924282193e-02 9.790403768420e-03 7.652754895389e-03 7.486870046705e-03 5.511648952961e-03 5.433262325823e-03
2.460442297161e-02 3.452160581946e-02 3.554817661643e-02 5.231053009629e-02 5.165266618133e-02 3.412253409624e-02 2.996789850295e-02 2.712661027908e-02 2.018927596509e-02 2.199892885983e-02 2.545256912708e-02 3.045262955129e-02 3.419046849012e-02 4.906072095037e-02 4.415789246559e-02 3.692198544741e-02 3.718281537294e-02 5.337065830827e-02 3.288274630904e-02 2.872845344245e-02 2.352161891758e-02 4.317379370332e-02 4.171020910144e-02 1.986915990710e-02 1.896834000945e-02 2.241811342537e-02 1.867369003594e-02 1.523696910590e-02 2.155158482492e-02 3.037867881358e-02 2.987231314182e-02 2.075315080583e-02 1.587058790028e-02 2.262772060931e-02 1.118756178766e-02 1.098715513945e-02 1.364547852427e-02 1.044651307166e-02 1.122904010117e-02 7.155572995543e-03 7.981210015714e-03 6.668568588793e-03 6.018903106451e-03
2.000802569091e-02 2.394327707589e-02 3.692458942533e-02 4.632214084268e-02 5.204807594419e-02 3.460047021508e-02 3.726615011692e-02 3.126409277320e-02 2.194269746542e-02 1.873579062521e-02 2.651950158179e-02 2.971981465816e-02 3.521787002683e-02 5.268734320998e-02 4.470394924283e-02 3.459683805704e-02 3.346276655793e-02 5.557583272457e-02 3.507570549846e-02 3.477200493217e-02 2.736732736230e-02 3.549545258284e-02 3.111127763987e-02 1.851285994053e-02 2.332950010896e-02 2.168488688767e-02 1.596376858652e-02 2.298713475466e-02 3.292675316334e-02 3.200308233500e-02 2.172583714128e-02 1.288570184261e-02 1.696821488440e-02 2.122423052788e-02 1.140609476715e-02 1.178823318332e-02 1.438026968390e-02 1.093293167651e-02 1.231923978776e-02 7.465785834938e-03 7.581430021673e-03 6.278915330768e-03 6.386245600879e-03
2.577157132328e-02 2.577450126410e-02 4.169820249081e-02 3.915784507990e-02 4.946304485202e-02 3.863010555506e-02 3.571003302932e-02 3.955312073231e-02 3.436961397529e-02 2.626510150731e-02 2.870555035770e-02 2.805991098285e-02 3.839955851436e-02 5.635362118483e-02 4.011396691203e-02 3.318062424660e-02 2.851551771164e-02 5.683096498251e-02 4.437248781323e-02 3.841628879309e-02 3.237304836512e-02 3.441513702273e-02 2.082558348775e-02 2.249580994248e-02 2.395233325660e-02 1.632937230170e-02 2.495701052248e-02 3.551023826003e-02 3.380751609802e-02 2.265455015004e-02 1.213421765715e-02 9.552877396345e-03 2.270079031587e-02 1.773779280484e-02 1.086663454771e-02 1.529297046363e-02 1.326210331172e-02 1.101692672819e-02 1.308605447412e-02 9.241066873074e-03 6.524074822664e-03 6.215413101017e-03 5.502212792635e-03
4.052242636681e-02 2.508768066764e-02 2.508698031306e-02 4.316885024309e-02 4.556736722589e-02 4.078839346766e-02 3.137719631195e-02 3.618854656816e-02 4.113744199276e-02 4.039784520864e-02 3.442621976137e-02 4.263027012348e-02 4.173776879907e-02 5.857498198748e-02 3.468143194914e-02 3.019748814404e-02 3.991185128689e-02 5.723642930388e-02 5.022786557674e-02 3.684068843722e-02 3.489904105663e-02 3.712312877178e-02 2.338975109160e-02 2.451653406024e-02 2.009454742074e-02 2.611753717065e-02 3.867010027170e-02 3.623549267650e-02 2.357103489339e-02 1.540907658637e-02 2.167196385562e-02 1.331646274775e-02 2.649034559727e-02 1.550535764545e-02 1.270696148276e-02 1.635993644595e-02 1.595228910446e-02 1.121955178678e-02 1.350761298090e-02 1.019964553416e-02 6.157311145216e-03 5.875671748072e-03 6.808656267822e-03
5.421242490411e-02 2.579868398607e-02 2.528405562043e-02 3.977858275175e-02 4.104148969054e-02 4.174794256687e-02 3.398257866502e-02 3.459734469652e-02 3.420747444034e-02 4.428075626493e-02 4.829620197415e-02 4.314659163356e-02 4.507815837860e-02 5.935687944293e-02 3.008309006691e-02 4.671810939908e-02 5.600374191999e-02 5.731153860688e-02 4.881965368986e-02 2.919621951878e-02 3.315500915051e-02 3.401747718453e-02 2.352610602975e-02 2.025356516242e-02 2.632349915802e-02 4.112847521901e-02 3.968027606606e-02 2.484848350286e-02 2.198054268956e-02 3.017962537706e-02 2.739897556603e-02 2.488194592297e-02 2.580778673291e-02 1.734660565853e-02 1.636798866093e-02 1.355884876102e-02 1.739571243525e-02 1.187129411846e-02 1.355471555144e-02 1.013676542789e-02 6.547968834639e-03 7.455659564584e-03 9.608468040824e-03
5.919968336821e-02 2.649954706430e-02 3.058443404734e-02 2.635970152915e-02 4.503159224987e-02 4.218036308885e-02 3.598273172975e-02 3.675401210785e-02 3.490881249309e-02 4.410550370812e-02 4.656105861068e-02 4.057110100985e-02 4.807740449905e-02 5.720341205597e-02 5.087544769049e-02 6.189519912004e-02 5.980179086328e-02 5.568841099739e-02 3.318610414863e-02 2.948598377407e-02 3.414116427302e-02 3.438400849700e-02 2.462441660464e-02 2.519453875721e-02 4.287492483854e-02 4.378296807408e-02 2.744389325380e-02 2.233579196036e-02 3.283162042499e-02 2.724582143128e-02 2.215519919991e-02 2.426599152386e-02 2.000511437654e-02 1.904087513685e-02 1.621946133673e-02 1.131453737617e-02 1.703972555697e-02 1.282528694719e-02 1.328872703016e-02 9.177530184388e-03 7.930629886687e-03 1.065996382385e-02 1.204608008265e-02
5.197070538998e-02 3.868229687214e-02 3.541699051857e-02 2.490385621786e-02 3.272163867950e-02 4.271971806884e-02 4.502014815807e-02 3.906954079866e-02 4.585909098387e-02 6.742291897535e-02 3.807048499584e-02 3.567106276751e-02 5.006501078606e-02 5.265617743134e-02 6.599929183722e-02 6.388991326094e-02 5.527241155505e-02 5.384894087911e-02 3.657199442387e-02 3.961885720491e-02 3.545138239861e-02 3.422032669187e-02 2.300957776606e-02 4.349934682250e-02 4.824281856418e-02 3.118937835097e-02 2.551371790469e-02 3.480778634548e-02 3.080069273710e-02 2.017222531140e-02 2.938669547439e-02 2.547370456159e-02 1.529500540346e-02 1.744212955236e-02 1.451683882624e-02 1.559609360993e-02 1.551226899028e-02 1.407958753407e-02 1.289468165487e-02 1.186868827790e-02 1.321985851973e-02 1.483735255897e-02 1.251099538058e-02
3.506883978844e-02 5.830150842667e-02 3.878188133240e-02 3.062838688493e-02 3.685011714697e-02 4.171640425920e-02 3.993117809296e-02 4.182747378945e-02 6.013340130448e-02 8.344383537769e-02 5.602820962667e-02 3.886866196990e-02 5.044742673635e-02 6.284929811954e-02 6.729111820459e-02 9.330787509680e-02 4.947994276881e-02 4.990711808205e-02 4.087451845407e-02 4.007299244404e-02 3.653289377689e-02 3.378707170486e-02 4.306141287088e-02 5.119952186942e-02 3.516001999378e-02 2.871730923653e-02 3.435648977757e-02 3.447009250522e-02 2.946985512972e-02 2.946384996176e-02 3.120543621480e-02 1.745797879994e-02 1.651545614004e-02 1.490371488035e-02 1.299422234297e-02 1.215544342995e-02 2.105707302690e-02 1.662241108716e-02 1.530329324305e-02 1.762828975916e-02 1.756446249783e-02 1.288927718997e-02 8.658619597554e-03
3.936750069261e-02 6.461469084024e-02 4.010613262653e-02 3.385781124234e-02 4.345429688692e-02 3.996280580759e-02 4.157390072942e-02 5.255357176065e-02 6.932543963194e-02 8.381576836109e-02 6.691867113113e-02 6.635659933090e-02 5.871779844165e-02 6.893940269947e-02 8.162767440081e-02 1.181444078684e-01 5.143984034657e-02 5.565670132637e-02 5.519222840667e-02 4.512622207403e-02 3.573622554541e-02 4.295195266604e-02 5.383428931236e-02 3.870549798012e-02 3.215608000755e-02 3.392111510038e-02 3.285819664598e-02 3.636332228780e-02 3.537968546152e-02 3.546341508627e-02 2.669273875654e-02 1.443938072771e-02 1.974944211543e-02 1.231240574270e-02 1.284261606634e-02 1.312760077417e-02 2.901839092374e-02 1.934690214694e-02 2.030342631042e-02 1.635107770562e-02 9.933597408235e-03 5.834713578224e-03 5.791975185275e-03
7.795887440443e-02 5.108930170536e-02 5.599363893270e-02 3.595717623830e-02 5.288453400135e-02 4.099954292178e-02 4.476452991366e-02 6.073737144470e-02 7.295901328325e-02 7.097395509481e-02 6.856622546911e-02 6.926824897528e-02 6.521170586348e-02 5.288523435593e-02 5.598239228129e-02 7.531277090311e-02 4.207206517458e-02 5.500724539161e-02 6.013429537416e-02 5.017728731036e-02 4.466215148568e-02 5.633259564638e-02 4.217178374529e-02 3.591764345765e-02 3.324766457081e-02 3.050060383976e-02 3.283730521798e-02 3.881127759814e-02 3.893336281180e-02 3.490009531379e-02 2.177613228559e-02 1.381858158857e-02 2.103281021118e-02 1.674612239003e-02 2.019613608718e-02 2.148147113621e-02 3.271790593863e-02 1.913889311254e-02 1.514126174152e-02 1.053809747100e-02 9.442366659641e-03 7.142189890146e-03 6.872147787362e-03
1.265351474285e-01 5.531113594770e-02 6.269407272339e-02 4.570879042149e-02 5.862576514482e-02 5.012416467071e-02 4.928101971745e-02 6.974457949400e-02 7.495982944965e-02 5.897906050086e-02 8.254394680262e-02 1.014318168163e-01 5.637053400278e-02 6.616612523794e-02 4.049440473318e-02 4.705899953842e-02 4.484906792641e-02 5.349394679070e-02 5.169332399964e-02 4.689674079418e-02 5.980319157243e-02 4.552509635687e-02 3.745860606432e-02 3.362715616822e-02 3.617037460208e-02 3.367765992880e-02 3.373862430453e-02 4.210961982608e-02 4.238006472588e-02 3.847517073154e-02 2.647287771106e-02 2.331081591547e-02 2.313535287976e-02 2.101697586477e-02 2.034427784383e-02 3.129695728421e-02 2.691758237779e-02 1.306487713009e-02 1.411131769419e-02 1.441931445152e-02 1.336202863604e-02 1.032180897892e-02 7.421623449773e-03
1.385507136583e-01 1.447098702192e-01 5.958637222648e-02 6.004728749394e-02 6.457182019949e-02 6.067328527570e-02 8.320908993483e-02 7.815754413605e-02 7.393824309111e-02 5.497375875711e-02 8.425277471542e-02 1.130374670029e-01 6.758746504784e-02 6.370298564434e-02 5.162156000733e-02 5.258707329631e-02 5.586039647460e-02 5.280752852559e-02 5.110415816307e-02 6.401821970940e-02 4.985834285617e-02 4.275584593415e-02 3.662970289588e-02 2.869058400393e-02 3.528139367700e-02 3.951686620712e-02 3.639280423522e-02 4.524860158563e-02 4.719478636980e-02 4.209828004241e-02 3.132608532906e-02 2.311212942004e-02 2.055647782981e-02 1.745095476508e-02 2.834328636527e-02 3.245084360242e-02 1.446566544473e-02 1.485364884138e-02 1.548035442829e-02 1.569217257202e-02 1.482623349875e-02 1.238802541047e-02 8.595064282417e-03
6.661515682936e-02 1.950200051069e-01 1.424898058176e-01 5.941602587700e-02 6.805708259344e-02 7.557964324951e-02 8.058083057404e-02 8.207649737597e-02 6.566601246595e-02 5.743724480271e-02 9.606569260359e-02 1.106822043657e-01 8.691085129976e-02 5.878131836653e-02 5.400082468987e-02 6.049371138215e-02 9.371225535870e-02 5.881679803133e-02 7.098861783743e-02 5.470785871148e-02 3.943166881800e-02 3.842348977923e-02 3.240138664842e-02 3.942443802953e-02 4.005843400955e-02 4.591675102711e-02 5.057987943292e-02 3.873497992754e-02 4.595041647553e-02 4.588827118278e-02 3.564464300871e-02 1.896170154214e-02 1.932584494352e-02 2.997725270689e-02 3.249918296933e-02 1.899954304099e-02 1.318831089884e-02 1.331023499370e-02 1.324693951756e-02 1.344375219196e-02 1.339281629771e-02 1.240030862391e-02 9.912573732436e-03
1.221921443939e-01 9.224227070808e-02 2.274133712053e-01 1.058945730329e-01 6.883603334427e-02 9.293242543936e-02 6.985989212990e-02 7.800729572773e-02 1.024424880743e-01 7.975510507822e-02 1.105430647731e-01 8.795876801014e-02 9.260507673025e-02 7.754511386156e-02 6.381767243147e-02 5.966893211007e-02 1.363246738911e-01 8.237293362617e-02 6.623206287622e-02 8.070411533117e-02 4.801085591316e-02 3.917634114623e-02 4.183654487133e-02 4.404714703560e-02 4.243548959494e-02 4.505439847708e-02 6.375934928656e-02 3.872447460890e-02 4.770527780056e-02 4.982091858983e-02 4.039309546351e-02 2.603563666344e-02 3.303141519427e-02 3.056087531149e-02 1.747916452587e-02 1.467211451381e-02 1.385833229870e-02 1.297640893608e-02 1.206203456968e-02 1.122933998704e-02 1.153759937733e-02 1.192269753665e-02 1.083032786846e-02
1.653545349836e-01 2.157713472843e-01 1.305104792118e-01 2.236388772726e-01 8.303690701723e-02 1.125331968069e-01 9.651781618595e-02 1.029495969415e-01 1.438489407301e-01 1.191502586007e-01 1.375859677792e-01 7.915385067463e-02 8.404128253460e-02 8.755241334438e-02 7.842157036066e-02 6.189384311438e-02 1.600985825062e-01 9.082264453173e-02 9.462201595306e-02 6.558572500944e-02 3.559224307537e-02 3.936853632331e-02 5.002132803202e-02 4.537140950561e-02 4.126895591617e-02 3.952630609274e-02 6.215943396091e-02 4.246658086777e-02 5.352339521050e-02 5.279729887843e-02 4.186983779073e-02 3.335566446185e-02 2.501118183136e-02 1.311815157533e-02 1.292525511235e-02 1.360286306590e-02 1.345125865191e-02 1.437848340720e-02 1.411917246878e-02 1.339843496680e-02 1.456836424768e-02 1.693245768547e-02 1.768226176500e-02
3.256533741951e-01 2.160538136959e-01 2.281770855188e-01 1.895173341036e-01 1.723738908768e-01 1.265235543251e-01 1.388728022575e-01 1.223746314645e-01 1.264149099588e-01 1.397300660610e-01 1.618079543114e-01 9.417406469584e-02 8.283693343401e-02 8.893845975399e-02 9.735514223576e-02 9.210608899593e-02 1.235132440925e-01 9.148444980383e-02 9.123546630144e-02 7.284203916788e-02 5.939391255379e-02 7.052338123322e-02 7.100173085928e-02 5.874916911125e-02 4.289885610342e-02 3.658920153975e-02 4.877156391740e-02 5.219206213951e-02 5.532926693559e-02 4.620654135942e-02 3.241420537233e-02 2.064042165875e-02 1.806112192571e-02 1.918286271393e-02 2.268161252141e-02 2.486584149301e-02 2.600656636059e-02 2.588761970401e-02 2.457286044955e-02 2.248451486230e-02 2.045360021293e-02 2.056604251266e-02 1.820568367839e-02
