100/SI/f81.grd
DSAA
101	101
32.816463539100	34.260883539100
35.556306596100	36.727886596100
1.642170536797e-05	2.687149524689e+00
[rows 57 to 75 of 101, columns 43 to 85 of 101]
1.131968386471e-02 1.344889122993e-02 6.851006299257e-03 7.589124608785e-03 7.512252777815e-03 1.207607984543e-02 1.362344343215e-02 1.836572773755e-02 1.603434979916e-02 8.739650249481e-03 6.071191281080e-03 5.102051422000e-03 3.761390922591e-03 6.667969748378e-03 2.784508652985e-02 9.349174797535e-02 2.070005089045e-01 1.950994580984e-01 2.819359302521e-01 9.529218077660e-02 2.748849242926e-02 2.101530320942e-02 3.810715302825e-02 6.978077441454e-02 1.194220334291e-01 1.082831397653e-01 1.177749857306e-01 9.567151963711e-02 1.247087121010e-01 1.150605380535e-01 1.215132102370e-01 9.056767821312e-02 9.412699192762e-02 1.321361064911e-01 8.206032216549e-02 5.153549835086e-02 6.016149744391e-02 8.434002846479e-02 1.057615876198e-01 7.649650424719e-02 3.186481073499e-02 2.801679447293e-02 2.709105052054e-02
9.039790369570e-03 1.522926799953e-02 5.533132236451e-03 5.885912105441e-03 5.831903312355e-03 8.766884915531e-03 1.714026369154e-02 5.519068613648e-02 4.391847550869e-02 9.429925121367e-03 5.606099497527e-03 3.824828425422e-03 2.948627807200e-03 2.913856180385e-03 5.797840189189e-03 5.575205013156e-02 6.529801338911e-02 6.788823008537e-02 5.520162731409e-02 5.586804449558e-02 4.076775163412e-02 3.097440302372e-02 2.389986626804e-02 1.438841968775e-02 3.725912794471e-02 7.434434443712e-02 1.297414898872e-01 1.323067247868e-01 1.443159282207e-01 7.935918122530e-02 1.046924144030e-01 9.549992531538e-02 8.186572790146e-02 7.197375595570e-02 7.318352907896e-02 5.504555627704e-02 5.400414019823e-02 6.503257900476e-02 6.395428627729e-02 5.863381177187e-02 6.090154871345e-02 6.389720737934e-02 5.983332544565e-02
7.519856095314e-03 7.255297154188e-03 5.038796458393e-03 5.356885492802e-03 5.447378382087e-03 7.979780435562e-03 2.435353957117e-02 6.424555927515e-02 6.266404688358e-02 1.402507629246e-02 5.780974868685e-03 3.274176036939e-03 2.327975118533e-03 2.121069468558e-03 2.168052829802e-03 2.715597860515e-03 3.745190100744e-03 5.101467482746e-03 6.621914915740e-03 8.171385154128e-03 9.618256241083e-03 1.130675245076e-02 7.600246462971e-03 7.637138478458e-03 1.827504485846e-02 8.502654731274e-02 1.464809924364e-01 1.662736833096e-01 1.596558392048e-01 1.611814945936e-01 1.062864437699e-01 9.209708124399e-02 7.818491756916e-02 7.118520140648e-02 9.998913109303e-02 8.617265522480e-02 7.146852463484e-02 4.473869875073e-02 4.811786487699e-02 4.044380038977e-02 3.565133735538e-02 3.372467309237e-02 2.948753908277e-02
6.938144098967e-03 6.248545367271e-03 4.876472987235e-03 5.431210622191e-03 6.167931947857e-03 8.102900348604e-03 5.829204991460e-02 6.326026469469e-02 7.740705460310e-02 1.081747654825e-02 5.071755032986e-03 3.159284358844e-03 2.114624949172e-03 1.716214115731e-03 1.637736801058e-03 1.723586465232e-03 2.110900357366e-03 2.782125258818e-03 4.018806852400e-03 4.678633064032e-03 5.359265021980e-03 1.075682044029e-02 5.519251804799e-03 5.079786758870e-03 1.557804923505e-02 3.476425260305e-02 1.242143809795e-01 1.378697901964e-01 1.465229988098e-01 1.565259695053e-01 1.303557455540e-01 1.010464653373e-01 7.015141844749e-02 9.001573920250e-02 6.265343725681e-02 5.513446405530e-02 4.571779072285e-02 3.779625520110e-02 3.553557395935e-02 3.497226908803e-02 3.708313778043e-02 5.263804644346e-02 7.327513396740e-02
5.879000760615e-03 4.580384586006e-03 4.791282583028e-03 5.762678105384e-03 8.985701948404e-03 1.469856128097e-02 4.457829892635e-02 9.887834638357e-02 3.810115903616e-02 6.034002639353e-03 3.691747318953e-03 2.692443318665e-03 1.930197933689e-03 1.448770402931e-03 1.325514283963e-03 1.326050842181e-03 1.440382562578e-03 1.932062092237e-03 2.660838887095e-03 3.043064381927e-03 3.161857835948e-03 6.573283579201e-03 3.926391247660e-03 4.276445135474e-03 9.533631615341e-03 3.258682414889e-02 8.819126337767e-02 1.197921261191e-01 1.241940706968e-01 9.472525119781e-02 7.303833961487e-02 1.045667529106e-01 7.150577753782e-02 5.044673755765e-02 5.601368844509e-02 7.072896510363e-02 6.406800448895e-02 4.534250497818e-02 4.233760014176e-02 4.126122966409e-02 3.999813646078e-02 4.436926171184e-02 5.513808131218e-02
4.266067873687e-03 3.519889665768e-03 4.402293357998e-03 1.042044442147e-02 2.373497746885e-02 5.485232919455e-02 8.004777878523e-02 5.038083344698e-02 5.349381826818e-03 3.658251836896e-03 2.628125483170e-03 2.165809273720e-03 1.688634976745e-03 1.380587927997e-03 1.215486670844e-03 1.265995437279e-03 1.322521362454e-03 1.598367816769e-03 2.307180082425e-03 2.838343381882e-03 3.014545422047e-03 3.194331657141e-03 3.209211630747e-03 4.768645856529e-03 1.160709280521e-02 3.041892126203e-02 3.732823953032e-02 3.734818473458e-02 7.202699035406e-02 8.335117250681e-02 9.776485711336e-02 6.243302300572e-02 8.086086809635e-02 5.932205542922e-02 6.631658971310e-02 7.826953381300e-02 1.565649658442e-01 9.878125041723e-02 5.814617499709e-02 4.764757677913e-02 4.901814833283e-02 4.817118495703e-02 4.653039202094e-02
2.753530628979e-03 2.883425680920e-03 3.646078752354e-03 4.608176648617e-03 1.016487460583e-02 6.293532252312e-02 4.084023460746e-02 5.453320685774e-03 3.181322943419e-03 2.804774791002e-03 2.351080998778e-03 1.986383693293e-03 1.557015930302e-03 1.328398240730e-03 1.183841959573e-03 1.305714598857e-03 1.351480255835e-03 1.328618964180e-03 1.897808047943e-03 2.421647310257e-03 2.735736779869e-03 2.720359712839e-03 3.411189187318e-03 5.530263297260e-03 1.726843975484e-02 3.427245467901e-02 2.028209716082e-02 2.659229002893e-02 2.476337179542e-02 1.280352473259e-01 1.863944232464e-01 1.007209718227e-01 5.535081028938e-02 7.577729970217e-02 2.993747778237e-02 3.150266408920e-02 1.169587224722e-01 5.627727508545e-02 4.581314325333e-02 3.512179106474e-02 3.609408065677e-02 4.025301709771e-02 4.338233545423e-02
2.316860482097e-03 2.519713249058e-03 2.953646238893e-03 3.736903425306e-03 4.227891098708e-03 5.887145176530e-03 6.509220227599e-03 4.437584429979e-03 2.305740257725e-03 2.380759688094e-03 2.087412402034e-03 1.908931299113e-03 1.562099554576e-03 1.264596125111e-03 1.293351524509e-03 1.318832742982e-03 1.410024706274e-03 1.396220410243e-03 1.598690869287e-03 2.052765805274e-03 2.439349656925e-03 2.588322851807e-03 2.727549290285e-03 4.548557568341e-03 1.277398224920e-02 7.872776128352e-03 7.623625453562e-03 1.247353851795e-02 2.825898490846e-02 5.600079894066e-02 5.866900086403e-02 7.411243766546e-02 1.182568818331e-01 6.340214610100e-02 6.042484194040e-02 4.690808057785e-02 4.806444421411e-02 4.071404784918e-02 2.167412824929e-02 2.704660966992e-02 2.641975693405e-02 2.852679416537e-02 3.587589040399e-02
1.822214224376e-03 2.053539035842e-03 2.447080798447e-03 3.001404693350e-03 3.226977773011e-03 3.592718159780e-03 3.801708575338e-03 2.377585042268e-03 2.025951165706e-03 2.105702180415e-03 1.963617280126e-03 1.703252783045e-03 1.423612353392e-03 1.275669084862e-03 1.262771198526e-03 1.447043963708e-03 1.427886425517e-03 1.227767555974e-03 1.413071528077e-03 1.793545088731e-03 2.122511621565e-03 2.479235874489e-03 3.525787498802e-03 3.691243473440e-03 3.745337948203e-03 5.226657260209e-03 5.089993588626e-03 1.249937247485e-02 1.745756715536e-02 2.350836992264e-02 4.878994822502e-02 8.574458211660e-02 6.342434883118e-02 1.158806085587e-01 7.403290271759e-02 4.162554070354e-02 3.458589687943e-02 3.142806887627e-02 3.780663758516e-02 3.558210656047e-02 4.434345290065e-02 4.364241659641e-02 5.075505003333e-02
1.682168338448e-03 1.662526628934e-03 1.871617743745e-03 2.125715604052e-03 2.291503595188e-03 2.257030457258e-03 2.154361456633e-03 2.080187899992e-03 2.250881865621e-03 2.225270261988e-03 2.073395298794e-03 1.807073014788e-03 1.478667370975e-03 1.307906815782e-03 1.182221225463e-03 1.162347500212e-03 1.311745843850e-03 1.330561935902e-03 1.338716596365e-03 1.615469576791e-03 1.870550331660e-03 2.211911836639e-03 3.385952441022e-03 3.815070493147e-03 4.114763345569e-03 8.519216440618e-03 1.171598769724e-02 1.506019569933e-02 2.113542146981e-02 2.281977236271e-02 5.000014975667e-02 9.494062513113e-02 4.478824883699e-02 4.774633422494e-02 8.454395085573e-02 7.151338458061e-02 4.957030341029e-02 4.214100539684e-02 5.275378376245e-02 2.715803310275e-02 3.602970391512e-02 4.377508535981e-02 5.226616188884e-02
1.381975715049e-03 1.565197715536e-03 1.643895404413e-03 1.663551200181e-03 1.863125362433e-03 2.008090028539e-03 2.163426717743e-03 1.920491107740e-03 1.847401959822e-03 1.906486228108e-03 2.048608148471e-03 2.039431128651e-03 1.755811972544e-03 1.487122965045e-03 1.409935997799e-03 1.272639026865e-03 1.096363062970e-03 1.217219862156e-03 1.377992331982e-03 1.523045357317e-03 1.672005048022e-03 1.916768611409e-03 2.881321124732e-03 2.809995319694e-03 3.114214166999e-03 7.708575576544e-03 1.648234575987e-02 2.225134149194e-02 3.129906952381e-02 1.644101738930e-02 4.850835725665e-02 2.428465709090e-02 2.606813609600e-02 2.994273975492e-02 4.784727469087e-02 5.254589021206e-02 6.814932078123e-02 6.208597868681e-02 4.610108584166e-02 3.941446170211e-02 3.018526732922e-02 3.251310065389e-02 2.621152810752e-02
1.352199469693e-03 1.495467848144e-03 1.488280249760e-03 1.516874530353e-03 1.621004426852e-03 1.804053317755e-03 1.952631981112e-03 1.744261709973e-03 1.362353446893e-03 1.454654033296e-03 1.579677336849e-03 1.862101373263e-03 1.933832303621e-03 1.607173471712e-03 1.514457166195e-03 1.832086476497e-03 1.624358934350e-03 1.320797484368e-03 1.437870669179e-03 1.496829325333e-03 1.827508327551e-03 2.028614748269e-03 2.260919660330e-03 2.770790364593e-03 3.216640092432e-03 5.619137082249e-03 1.185519713908e-02 1.413373649120e-02 1.940837502480e-02 1.098798029125e-02 2.337095700204e-02 1.787258684635e-02 2.969220839441e-02 1.809807494283e-02 3.575355187058e-02 2.678185328841e-02 4.249083250761e-02 5.212667956948e-02 4.655410349369e-02 6.280820071697e-02 5.713508278131e-02 4.570629447699e-02 4.007073491812e-02
1.302179647610e-03 1.408180454746e-03 1.354457577690e-03 1.381003065035e-03 1.387152005918e-03 1.351687591523e-03 1.497276360169e-03 1.415527542122e-03 1.684712711722e-03 1.824651262723e-03 1.655935659073e-03 1.674730330706e-03 1.846733735874e-03 1.922343508340e-03 1.759088947438e-03 2.271645003930e-03 2.022403758019e-03 1.541649224237e-03 1.552217756398e-03 1.545114442706e-03 1.775909098797e-03 1.926416414790e-03 2.147421939299e-03 2.858777064830e-03 3.360836068168e-03 5.032259970903e-03 7.558050099760e-03 8.743947371840e-03 9.360552765429e-03 1.183220837265e-02 1.982271112502e-02 3.037808649242e-02 2.048245258629e-02 4.896152764559e-02 1.707220822573e-02 2.226792462170e-02 4.549090191722e-02 6.367194652557e-02 3.120916150510e-02 3.528770059347e-02 2.245942503214e-02 4.230408370495e-02 3.732879459858e-02
1.161297550425e-03 1.255341339856e-03 1.207340275869e-03 1.188605907373e-03 1.103468937799e-03 1.115440158173e-03 1.177180209197e-03 1.549403881654e-03 1.926158322021e-03 1.979846740142e-03 1.730178599246e-03 1.911309896968e-03 2.128283958882e-03 2.070680726320e-03 2.054905286059e-03 2.118060830981e-03 2.287460491061e-03 2.679401542991e-03 2.399517921731e-03 2.154430374503e-03 2.214663662016e-03 2.387625398114e-03 2.853431971744e-03 2.902976702899e-03 3.537249984220e-03 4.349189344794e-03 7.069057784975e-03 7.124856114388e-03 1.278806198388e-02 2.585421688855e-02 3.211560845375e-02 1.638817973435e-02 1.645611040294e-02 4.978597909212e-02 2.625704742968e-02 3.231798484921e-02 2.866350673139e-02 3.717643022537e-02 2.715289965272e-02 1.039770804346e-02 9.900135919452e-03 1.336514204741e-02 2.643336169422e-02
1.070689409971e-03 1.072028651834e-03 1.063169795088e-03 1.048962003551e-03 1.077986904420e-03 1.141246291809e-03 1.212502713315e-03 1.445701927878e-03 1.621515024453e-03 1.546675106511e-03 1.816845498979e-03 1.954908017069e-03 1.897346810438e-03 1.993731362745e-03 2.720914315432e-03 3.789807902649e-03 4.303076770157e-03 5.457500461489e-03 5.448261741549e-03 5.868383217603e-03 4.183621145785e-03 4.000929649919e-03 4.640359431505e-03 3.885881509632e-03 4.430827684700e-03 6.124488543719e-03 1.841233670712e-02 1.718103140593e-02 1.656932756305e-02 2.232776209712e-02 1.255158428103e-02 1.323260739446e-02 1.780212670565e-02 1.014570333064e-02 5.504568293691e-02 7.668801397085e-02 6.847600638866e-02 1.584334485233e-02 7.499204482883e-03 6.195480935276e-03 6.056320853531e-03 7.162745110691e-03 7.559868041426e-03
9.952252730727e-04 1.032496569678e-03 9.918352589011e-04 1.068198471330e-03 1.145128859207e-03 1.310381339863e-03 1.310910214670e-03 1.518553937785e-03 1.662986702286e-03 1.936803106219e-03 2.001168904826e-03 2.375602256507e-03 2.488887868822e-03 2.299957443029e-03 5.586056504399e-03 2.004728838801e-02 1.584414578974e-02 9.409713558853e-03 1.057050470263e-02 1.317432802171e-02 9.737012907863e-03 5.134452600032e-03 5.976265762001e-03 7.489691488445e-03 7.267705164850e-03 1.354620419443e-02 1.906341314316e-02 1.691551506519e-02 1.376456953585e-02 1.244056411088e-02 1.411715522408e-02 1.321484986693e-02 9.952381253242e-03 8.287007920444e-03 1.409428566694e-02 6.476811319590e-02 6.749449670315e-02 1.392041984946e-02 4.952040500939e-03 5.045199301094e-03 4.539663903415e-03 4.362398292869e-03 7.176486309618e-03
9.979882743210e-04 1.075295847841e-03 1.360371243209e-03 1.520778983831e-03 1.398389111273e-03 2.317802980542e-03 2.724988153204e-03 2.768594771624e-03 2.339304657653e-03 2.292014891282e-03 2.507626311854e-03 3.151122014970e-03 3.139135660604e-03 1.158989034593e-02 8.191103488207e-02 1.031571328640e-01 4.813698306680e-02 2.742757275701e-02 2.191781625152e-02 1.720321923494e-02 8.224923163652e-03 8.137820288539e-03 1.779566891491e-02 3.797008842230e-02 3.113644197583e-02 1.660371944308e-02 1.937493309379e-02 1.574237272143e-02 1.670202799141e-02 1.160880643874e-02 2.876734174788e-02 1.149966195226e-02 8.800788782537e-03 6.221471354365e-03 4.128297325224e-03 1.334150508046e-02 1.472850423306e-02 3.603895427659e-03 2.421119250357e-03 2.849699230865e-03 3.524045459926e-03 3.940009977669e-03 3.684341441840e-03
1.223169034347e-03 1.925201271661e-03 2.625426976010e-03 2.853249898180e-03 3.683818271384e-03 4.897253122181e-03 4.811335355043e-03 4.244023002684e-03 3.648974467069e-03 2.814198378474e-03 3.385511925444e-03 3.741624299437e-03 2.082216553390e-02 1.148389875889e-01 1.570712774992e-01 5.476462841034e-02 1.726498454809e-02 1.055093668401e-02 1.074081938714e-02 9.378643706441e-03 9.023878723383e-03 2.055779471993e-02 4.051306843758e-02 5.389983579516e-02 4.336432740092e-02 2.231427282095e-02 1.536255422980e-02 1.131568476558e-02 1.022475957870e-02 9.115069173276e-03 1.236118562520e-02 5.649553146213e-03 6.391183938831e-03 5.182294175029e-03 3.255687886849e-03 1.930195838213e-03 1.592344488017e-03 1.549722277559e-03 1.627982710488e-03 2.028018236160e-03 2.723472891375e-03 3.444703528658e-03 3.524292726070e-03
2.027312060818e-03 3.032981418073e-03 4.030229523778e-03 5.404851399362e-03 1.045796740800e-02 1.038184948266e-02 1.452407799661e-02 1.045445352793e-02 1.188526302576e-02 7.060305215418e-03 3.958375193179e-03 2.715328335762e-02 1.093988716602e-01 1.088865846395e-01 2.848217450082e-02 8.589141070843e-03 1.593318581581e-02 2.105457149446e-02 1.487554516643e-02 1.731018722057e-02 2.094041369855e-02 2.106764726341e-02 3.064650669694e-02 2.502143941820e-02 1.695850864053e-02 1.320137921721e-02 8.228048682213e-03 3.201958024874e-03 3.274384420365e-03 3.247003071010e-03 4.158582072705e-03 3.042028052732e-03 2.682126592845e-03 1.852798741311e-03 1.894928514957e-03 1.930400030687e-03 1.992892473936e-03 2.092210110277e-03 2.225360833108e-03 2.396707423031e-03 2.423203317448e-03 2.891302807257e-03 3.669791389257e-03
