100/SI/f81.grd
DSAA
101	101
32.816463539100	34.260883539100
35.556306596100	36.727886596100
1.642170536797e-05	2.687149524689e+00
[rows 76 to 94 of 101, columns 43 to 85 of 101]
4.146018996835e-03 3.535656258464e-03 6.445763166994e-03 1.627550274134e-02 1.739596948028e-02 3.467158973217e-02 5.532748624682e-02 6.219888478518e-02 3.851206600666e-02 1.076979190111e-02 3.889557346702e-02 8.720374107361e-02 6.515201926231e-02 1.713699102402e-02 7.650936953723e-03 1.084440015256e-02 1.148833427578e-02 5.902917589992e-03 5.517410114408e-03 6.869793403894e-03 2.526156790555e-02 5.773619189858e-02 1.358172763139e-02 9.181844070554e-03 6.666779983789e-03 4.469323437661e-03 2.267129253596e-03 1.949344296008e-03 1.899725524709e-03 1.791907707229e-03 1.703317975625e-03 1.774698495865e-03 1.867961953394e-03 1.981224864721e-03 2.000862266868e-03 1.861942582764e-03 1.707650488243e-03 1.596150221303e-03 1.518104691058e-03 1.471736119129e-03 1.642524264753e-03 2.522588474676e-03 3.439949825406e-03
6.751023232937e-03 9.110949933529e-03 1.165084354579e-02 1.214870158583e-02 1.663697138429e-02 2.301743067801e-02 2.971031889319e-02 2.788957580924e-02 4.472832009196e-02 6.530389189720e-02 6.471689045429e-02 3.102713637054e-02 2.223392017186e-02 1.961815543473e-02 1.265321485698e-02 1.350808423012e-02 3.751147538424e-03 2.292478689924e-03 2.826299285516e-03 3.164951223880e-03 2.396814990789e-03 2.871088217944e-03 4.551899153739e-03 4.567217081785e-03 4.144554492086e-03 2.541881520301e-03 1.236796961166e-03 1.110692741349e-03 1.300976960920e-03 1.498502912000e-03 1.597992377356e-03 1.632385072298e-03 1.623125281185e-03 1.551651977934e-03 1.349306781776e-03 1.082824659534e-03 8.676326251589e-04 8.602054440416e-04 9.114561253227e-04 1.057001063600e-03 1.331115607172e-03 2.270681783557e-03 3.037175629288e-03
1.429754495621e-02 2.158829942346e-02 1.431642565876e-02 6.695467047393e-03 7.836001925170e-03 2.842707373202e-02 7.973682135344e-02 1.061283797026e-01 7.940663397312e-02 3.915321081877e-02 2.127921953797e-02 1.372142322361e-02 9.824535809457e-03 1.584772765636e-02 1.327738817781e-02 4.945499822497e-03 1.640991889872e-03 1.490697846748e-03 1.556187518872e-03 2.111435169354e-03 1.574378693476e-03 1.434220001101e-03 1.660676556639e-03 1.867310027592e-03 1.692070043646e-03 1.547141931951e-03 1.251787412912e-03 1.302704913542e-03 1.095947460271e-03 1.254885806702e-03 1.313259010203e-03 1.223540864885e-03 1.168919727206e-03 1.129054813646e-03 7.940768264234e-04 7.678532856517e-04 8.156548719853e-04 8.126522880048e-04 7.958273054101e-04 8.411931921728e-04 1.028993632644e-03 1.971746794879e-03 2.891202690080e-03
2.035608887672e-02 2.370880730450e-02 8.003382012248e-03 8.313641883433e-03 2.919789031148e-02 5.227261036634e-02 5.390410125256e-02 4.617249593139e-02 3.883870691061e-02 1.842631585896e-02 1.634932495654e-02 1.976488344371e-02 1.215875428170e-02 7.719922810793e-03 3.356277476996e-03 1.821137499064e-03 1.151713542640e-03 1.091046840884e-03 1.048620208167e-03 1.323046511970e-03 1.173754455522e-03 1.174702891149e-03 1.093005528674e-03 1.079246751033e-03 1.046057557687e-03 1.067870762199e-03 1.032192609273e-03 1.049745944329e-03 1.129340496846e-03 1.081922324374e-03 1.096248743124e-03 9.031507652253e-04 9.991618571803e-04 1.048147794791e-03 8.338182233274e-04 6.368770264089e-04 7.622772827744e-04 8.112195064314e-04 8.147237240337e-04 8.005694835447e-04 8.210826781578e-04 1.059714937583e-03 1.782293315046e-03
8.893836289644e-03 1.471512857825e-02 2.123000845313e-02 2.746555767953e-02 3.007239289582e-02 2.465278282762e-02 2.797392755747e-02 3.442464768887e-02 4.914136603475e-02 1.923094131052e-02 1.986652798951e-02 1.211685966700e-02 4.892260301858e-03 2.051318762824e-03 1.420090324245e-03 1.157423597760e-03 1.037715002894e-03 9.356170194224e-04 8.576686959714e-04 8.085360750556e-04 8.990151109174e-04 6.961652543396e-04 7.056063623168e-04 7.031146087684e-04 7.415075669996e-04 7.788365473971e-04 7.859885809012e-04 7.199837709777e-04 6.177300820127e-04 7.411164697260e-04 7.196640362963e-04 6.988384993747e-04 7.844511419535e-04 8.739703334868e-04 8.037391235121e-04 6.296610226855e-04 7.081478834152e-04 7.952951709740e-04 8.167492924258e-04 8.273458224721e-04 9.594273287803e-04 1.151648466475e-03 1.452254597098e-03
9.784696623683e-03 2.975009381771e-02 5.514033138752e-02 3.244745358825e-02 2.081672661006e-02 3.615513443947e-02 4.818595200777e-02 6.483588367701e-02 3.175456076860e-02 1.636830717325e-02 7.754669059068e-03 4.502511583269e-03 1.880833762698e-03 1.207350753248e-03 8.517660317011e-04 7.189546013251e-04 6.601872737519e-04 6.137832533568e-04 6.304360576905e-04 6.718818331137e-04 6.904039182700e-04 6.398010882549e-04 6.227957201190e-04 6.686645210721e-04 7.989613222890e-04 9.307084837928e-04 1.017968286760e-03 9.894170798361e-04 7.815393619239e-04 6.032019737177e-04 5.991620710120e-04 5.529834888875e-04 5.609511281364e-04 7.014800212346e-04 7.264615851454e-04 6.771782063879e-04 6.439276621677e-04 7.544746040367e-04 7.965625263751e-04 8.045962895267e-04 9.202189976349e-04 1.274957205169e-03 1.725487876683e-03
1.838654652238e-02 5.768147110939e-02 4.428251832724e-02 3.585021942854e-02 3.929340466857e-02 3.763164952397e-02 2.633230946958e-02 2.568010985851e-02 2.004839107394e-02 1.028913538903e-02 3.766210051253e-03 2.344929380342e-03 1.251817680895e-03 8.062100387178e-04 6.406732718460e-04 5.281974445097e-04 5.271875415929e-04 5.630530649796e-04 5.500053521246e-04 5.330347921699e-04 5.792480660602e-04 5.940568516962e-04 5.770958960056e-04 5.785446846858e-04 7.282136939466e-04 8.940863190219e-04 1.015389803797e-03 1.012961845845e-03 8.226057398133e-04 5.570922512561e-04 5.821717786603e-04 6.028318312019e-04 4.929232527502e-04 5.159519496374e-04 6.156734307297e-04 6.876995321363e-04 6.948536611162e-04 6.904161418788e-04 7.547897403128e-04 7.879261975177e-04 7.797355647199e-04 8.846393902786e-04 1.119389082305e-03
2.473445609212e-02 4.195577278733e-02 2.495433017612e-02 1.524922437966e-02 1.017521414906e-02 1.250592619181e-02 1.100472919643e-02 1.314459089190e-02 1.105115842074e-02 3.855699440464e-03 2.729373984039e-03 1.629705424421e-03 1.328831422143e-03 9.858068078756e-04 6.143976352178e-04 4.990519373678e-04 5.421017995104e-04 5.467806477100e-04 4.978227079846e-04 4.776475543622e-04 5.543483421206e-04 6.072326796129e-04 6.355108926073e-04 6.132313283160e-04 5.680913454853e-04 6.790280458517e-04 7.579895318486e-04 7.513617747463e-04 6.211001309566e-04 5.008029402234e-04 5.173039389774e-04 5.677871522494e-04 5.418103537522e-04 4.588098672684e-04 4.715945106000e-04 5.619020666927e-04 6.247553392313e-04 6.123437196948e-04 6.968009402044e-04 7.567518623546e-04 7.708325865678e-04 8.103537256829e-04 9.093133849092e-04
3.533779457211e-02 2.911130711436e-02 9.434135630727e-03 7.143006660044e-03 7.576704025269e-03 4.558069631457e-03 6.489325314760e-03 1.046805549413e-02 6.974958349019e-03 3.395988605917e-03 2.572316210717e-03 1.425015274435e-03 1.388568780385e-03 1.316210138611e-03 8.230470120907e-04 6.498149596155e-04 5.515285884030e-04 5.259424215183e-04 4.534459148999e-04 4.603376437444e-04 5.571834044531e-04 6.682779639959e-04 7.347625796683e-04 6.863418966532e-04 5.862478865311e-04 5.029487074353e-04 5.430383025669e-04 5.799839273095e-04 5.788006819785e-04 6.191771826707e-04 5.564677412622e-04 5.157769774087e-04 5.203614709899e-04 4.720027209260e-04 4.584169364534e-04 5.496901576407e-04 6.009232020006e-04 5.852605099790e-04 6.274524494074e-04 7.059116032906e-04 7.401789771393e-04 8.272513514385e-04 1.044653821737e-03
5.588532984257e-02 2.454648911953e-02 4.816309548914e-03 3.433878999203e-03 2.629637485370e-03 3.231670474634e-03 3.457689657807e-03 7.857881486416e-03 7.959141395986e-03 4.851148463786e-03 2.418094780296e-03 1.381220063195e-03 1.195169752464e-03 1.248962478712e-03 1.024531666189e-03 6.297565996647e-04 5.460060201585e-04 5.057594971731e-04 4.201903939247e-04 4.549939767458e-04 5.700608599000e-04 7.442250498571e-04 8.116516983137e-04 7.208937895484e-04 6.055389530957e-04 5.333921872079e-04 5.610025255010e-04 6.249072030187e-04 6.530564860441e-04 6.479313597083e-04 6.002211594023e-04 4.993536276743e-04 5.732447607443e-04 4.732479283120e-04 4.464580561034e-04 4.839982721023e-04 6.083232583478e-04 6.696914206259e-04 7.133772014640e-04 8.107337052934e-04 9.309608722106e-04 9.664191748016e-04 9.393024956807e-04
4.793443158269e-02 1.481369324028e-02 3.666712203994e-03 2.063855994493e-03 1.889098435640e-03 2.192558720708e-03 4.060628358275e-03 5.196457263082e-03 6.255402229726e-03 4.365041851997e-03 2.866696333513e-03 1.604250515811e-03 1.050996244885e-03 9.028471540660e-04 8.643915061839e-04 7.299750577658e-04 6.336388760246e-04 6.962800398469e-04 5.811077426188e-04 5.022023688070e-04 6.261685048230e-04 8.360849460587e-04 8.703735657036e-04 7.311673252843e-04 6.208834238350e-04 5.658047739416e-04 5.860971286893e-04 6.582986097783e-04 7.118602516130e-04 6.651185685769e-04 5.923328571953e-04 4.900140338577e-04 5.845911218785e-04 4.518261994235e-04 4.354823613539e-04 4.210283805151e-04 4.571048193611e-04 6.021317676641e-04 7.669841288589e-04 9.874341776595e-04 1.205471926369e-03 1.291335793212e-03 1.305807381868e-03
2.523018419743e-02 4.648862872273e-03 2.187037141994e-03 1.900599221699e-03 1.589436316863e-03 1.621557283215e-03 2.619210397825e-03 1.450801035389e-03 3.798975609243e-03 5.741169210523e-03 4.078547935933e-03 3.103355411440e-03 1.551983063109e-03 9.541771141812e-04 8.152895607054e-04 8.223307668231e-04 8.720212499611e-04 7.840656908229e-04 6.871885852888e-04 6.126689841039e-04 7.487663533539e-04 9.195446618833e-04 8.854570332915e-04 7.457243045792e-04 6.655966863036e-04 6.263052346185e-04 6.234262837097e-04 6.912006647326e-04 7.526474073529e-04 7.225434528664e-04 6.048933137208e-04 4.809948732145e-04 5.515124648809e-04 4.999046796001e-04 4.320407751948e-04 4.295550170355e-04 4.139157244936e-04 4.328160139266e-04 5.546351894736e-04 8.478320087306e-04 1.157752703875e-03 1.349760917947e-03 1.459826366045e-03
6.827948149294e-03 2.651123097166e-03 1.714749494568e-03 1.640153699555e-03 1.279628137127e-03 1.162459608167e-03 1.176821417175e-03 1.101597095840e-03 1.381844514981e-03 4.736219067127e-03 5.248865578324e-03 7.696213666350e-03 4.924648441374e-03 1.768870628439e-03 1.097419997677e-03 9.147677919827e-04 9.838112164289e-04 1.164740417153e-03 1.084009185433e-03 8.661483298056e-04 8.531825151294e-04 9.556359727867e-04 8.591767400503e-04 7.416197913699e-04 6.979915779084e-04 6.912080571055e-04 7.044922676869e-04 7.065593963489e-04 7.704851450399e-04 7.760453736410e-04 6.705115665682e-04 5.176109843887e-04 5.170191871002e-04 5.175502155907e-04 4.829174722545e-04 4.946931148879e-04 4.898176994175e-04 4.812466213480e-04 4.749470390379e-04 4.874922451563e-04 6.589803379029e-04 8.775240276009e-04 1.034477725625e-03
2.442809287459e-03 1.528925145976e-03 1.536680851132e-03 1.339891110547e-03 1.091569429263e-03 9.905316401273e-04 8.577611297369e-04 8.559834095649e-04 1.013828907162e-03 1.962594455108e-03 7.848083041608e-03 1.927240565419e-02 1.322264503688e-02 4.214501008391e-03 1.852132380009e-03 1.149540534243e-03 1.022447366267e-03 1.227193628438e-03 1.187266549096e-03 1.259543001652e-03 1.212077564560e-03 9.991206461564e-04 8.937811362557e-04 8.018016815186e-04 7.772294338793e-04 7.829647511244e-04 7.816009456292e-04 7.614205824211e-04 7.728706696071e-04 8.177379495464e-04 7.408533710986e-04 5.417419015430e-04 5.035310750827e-04 4.966069245711e-04 5.211210227571e-04 5.594252143055e-04 5.854943883605e-04 5.935927038081e-04 5.885653081350e-04 5.671624094248e-04 5.685743526556e-04 5.982634611428e-04 6.174679729156e-04
2.205421449617e-03 1.257153344341e-03 1.367935445160e-03 1.046290039085e-03 8.536006789654e-04 8.038213709369e-04 6.983431521803e-04 7.250441121869e-04 7.315474213101e-04 1.360754948109e-03 5.944961681962e-03 1.603883691132e-02 1.448252797127e-02 9.329812601209e-03 2.261807676405e-03 1.246309024282e-03 9.484809124842e-04 1.368876313791e-03 1.624671276659e-03 1.523648155853e-03 1.245951396413e-03 9.747688891366e-04 9.648875566199e-04 9.073843248188e-04 8.768321131356e-04 8.565538446419e-04 8.199750445783e-04 7.481180364266e-04 7.804110646248e-04 8.267767843790e-04 7.299080025405e-04 5.667551304214e-04 5.868875887245e-04 5.679980968125e-04 5.386236589402e-04 5.228036316112e-04 5.585534963757e-04 5.800575600006e-04 5.739891203120e-04 5.370535072871e-04 5.957622779533e-04 7.033288711682e-04 7.797542493790e-04
2.719572046772e-03 1.429008203559e-03 1.202540006489e-03 9.294185438193e-04 6.962836487219e-04 6.571105332114e-04 6.713446346112e-04 6.588320829906e-04 6.629866547883e-04 8.508991450071e-04 2.256867475808e-03 8.227026090026e-03 2.989435754716e-02 2.306437119842e-02 3.865762846544e-03 1.456469413824e-03 1.607445534319e-03 1.714566722512e-03 1.524262013845e-03 1.212909584865e-03 9.852196089923e-04 1.005494967103e-03 1.065540593117e-03 1.031686901115e-03 9.614267619327e-04 8.723261416890e-04 7.548037101515e-04 6.881185108796e-04 8.081683772616e-04 8.329390548170e-04 7.520073559135e-04 8.353859302588e-04 8.373658056371e-04 7.917922339402e-04 7.120802765712e-04 5.534762749448e-04 4.663159779739e-04 4.626907757483e-04 4.754483816214e-04 5.110023776069e-04 6.004158058204e-04 7.482495275326e-04 9.268696885556e-04
2.880031941459e-03 1.622500247322e-03 1.216520206071e-03 8.108076872304e-04 6.078080041334e-04 6.375458906405e-04 6.294941413216e-04 6.421518046409e-04 5.778188933618e-04 6.510111270472e-04 1.275117741898e-03 4.185204859823e-03 1.452433224767e-02 1.279752422124e-02 4.271304234862e-03 2.430093009025e-03 1.997116487473e-03 1.549326814711e-03 1.193406176753e-03 9.557788143866e-04 9.519545128569e-04 1.015355112031e-03 1.079275389202e-03 1.026260317303e-03 8.864369010553e-04 7.192222401500e-04 5.928430473432e-04 6.469382788055e-04 8.140026475303e-04 8.575607207604e-04 8.916055085137e-04 9.796146769077e-04 9.724529227242e-04 9.055687696673e-04 7.695960812271e-04 5.799919599667e-04 5.940606351942e-04 6.165914237499e-04 6.529787788168e-04 6.839279667474e-04 6.923660985194e-04 7.702115108259e-04 9.936653077602e-04
2.692447276786e-03 1.450624899007e-03 1.023091259412e-03 6.365101435222e-04 5.836565396748e-04 6.296136416495e-04 6.080726743676e-04 5.257660523057e-04 4.174461646471e-04 5.871545872651e-04 1.084535382688e-03 1.852274406701e-03 5.123013630509e-03 6.081060506403e-03 4.401042126119e-03 2.694295486435e-03 1.703626243398e-03 1.210538204759e-03 1.121973618865e-03 1.089263707399e-03 9.805583395064e-04 9.269494912587e-04 8.964204462245e-04 7.875152514316e-04 6.212771404535e-04 5.522945430130e-04 5.453859921545e-04 5.837351200171e-04 7.600013050251e-04 8.517867536284e-04 6.310036987998e-04 6.883229361847e-04 6.882863817737e-04 6.434237584472e-04 6.268942379393e-04 6.850261124782e-04 7.401583134197e-04 8.131324429996e-04 8.926015580073e-04 9.373225620948e-04 9.202735964209e-04 8.574813255109e-04 9.753148187883e-04
2.405463019386e-03 1.072383369319e-03 7.349488441832e-04 4.559120570775e-04 5.464407149702e-04 6.063697510399e-04 5.807933048345e-04 4.790945677087e-04 3.535503929015e-04 5.284454091452e-04 9.744759299792e-04 1.508023240604e-03 3.564754966646e-03 4.568664822727e-03 3.549347631633e-03 2.100988989696e-03 1.300530508161e-03 1.206911751069e-03 1.187305431813e-03 9.951365645975e-04 7.909818086773e-04 6.605646922253e-04 5.779351340607e-04 4.842860798817e-04 4.518150526565e-04 4.448906693142e-04 4.469748528209e-04 4.965889384039e-04 6.625905516557e-04 7.767550414428e-04 6.030424847268e-04 4.731801454909e-04 4.525947733782e-04 5.782647058368e-04 6.839665002190e-04 7.766679627821e-04 8.839977672324e-04 1.017484115437e-03 1.142626977526e-03 1.193441217765e-03 1.135084894486e-03 1.000815536827e-03 9.615049930289e-04
