100/SI/f85_max.grd
DSAA
101	101
32.816463539100	34.260883539100
35.556306596100	36.727886596100
1.243565657205e-05	2.051699161530e+00
[rows 19 to 37 of 101, columns 43 to 85 of 101]
2.011607587337e-02 2.481732890010e-02 3.226570039988e-02 3.287870809436e-02 2.132718451321e-02 3.281795606017e-02 1.663290709257e-02 1.737025566399e-02 1.876269280910e-02 1.902848668396e-02 1.736518740654e-02 2.560646459460e-02 3.083978779614e-02 3.061018325388e-02 2.032382600009e-02 2.482503280044e-02 3.271800652146e-02 3.066166304052e-02 1.689326018095e-02 2.724841050804e-02 1.254366151989e-02 1.761274598539e-02 2.364734373987e-02 1.167817693204e-02 1.159548293799e-02 1.360592711717e-02 1.123269833624e-02 1.421457901597e-02 1.318994164467e-02 1.044548396021e-02 1.126255933195e-02 1.547200419009e-02 1.747009344399e-02 1.353098917753e-02 1.208869833499e-02 9.796906262636e-03 6.729921791703e-03 7.432430516928e-03 8.217001333833e-03 6.842760834843e-03 6.360716652125e-03 5.588306114078e-03 6.076503545046e-03
1.812214218080e-02 2.431747131050e-02 3.448768705130e-02 3.976969420910e-02 2.878015302122e-02 2.901879698038e-02 1.711319945753e-02 1.840454712510e-02 1.626047678292e-02 2.036079391837e-02 2.130333520472e-02 2.394903264940e-02 3.301124647260e-02 3.256630152464e-02 2.505998872221e-02 2.698234096169e-02 3.194975107908e-02 3.465090692043e-02 1.993757486343e-02 2.634860947728e-02 1.433721370995e-02 2.669029682875e-02 3.323227912188e-02 1.542911399156e-02 1.352946273983e-02 1.392886135727e-02 1.387900486588e-02 1.470255758613e-02 1.145717501640e-02 1.111536845565e-02 1.562426425517e-02 2.041014470160e-02 1.823050901294e-02 1.453290600330e-02 1.189971715212e-02 9.809563867748e-03 7.066993042827e-03 8.690395392478e-03 6.728412117809e-03 5.723012145609e-03 6.102737039328e-03 5.328607745469e-03 5.551900714636e-03
1.955003663898e-02 2.780695632100e-02 3.184672817588e-02 4.163209721446e-02 3.546874225140e-02 2.483552694321e-02 1.702239178121e-02 1.950166374445e-02 1.555616501719e-02 1.904732547700e-02 2.008883468807e-02 2.284533344209e-02 3.136003389955e-02 3.551475703716e-02 3.022375330329e-02 2.883855812252e-02 3.060632757843e-02 3.787404298782e-02 2.273326367140e-02 2.441416680813e-02 1.611558534205e-02 3.307259082794e-02 3.639333322644e-02 1.734949462116e-02 1.321565080434e-02 1.630535162985e-02 1.566835492849e-02 1.271708309650e-02 1.079738419503e-02 1.554144639522e-02 2.178945951164e-02 2.112859115005e-02 1.427261903882e-02 1.657926850021e-02 1.179418619722e-02 9.030967019498e-03 8.414248004556e-03 8.936524391174e-03 7.423860952258e-03 5.793895106763e-03 5.681060254574e-03 4.183755721897e-03 4.133660346270e-03
1.867613568902e-02 2.620627917349e-02 2.700361795723e-02 3.974155336618e-02 3.925558924675e-02 2.594842389226e-02 2.271384559572e-02 2.065972611308e-02 1.532326079905e-02 1.667888648808e-02 1.938235387206e-02 2.315568365157e-02 2.601039223373e-02 3.735436871648e-02 3.366684913635e-02 2.809038385749e-02 2.830144576728e-02 4.062456637621e-02 2.504082210362e-02 2.187579870224e-02 1.788567937911e-02 3.284963592887e-02 3.172231093049e-02 1.512970495969e-02 1.438134908676e-02 1.707464642823e-02 1.421964075416e-02 1.156103517860e-02 1.635739579797e-02 2.305434457958e-02 2.266779914498e-02 1.574681326747e-02 1.203272771090e-02 1.722673326731e-02 8.479876443744e-03 8.368318900466e-03 1.038836780936e-02 7.921270094812e-03 8.515172637999e-03 5.429334472865e-03 6.056608632207e-03 5.059085320681e-03 4.566110670567e-03
1.518902182579e-02 1.818781718612e-02 2.803366258740e-02 3.519471362233e-02 3.955809772015e-02 2.630527690053e-02 2.825036272407e-02 2.370206080377e-02 1.663462072611e-02 1.422335486859e-02 2.019681595266e-02 2.260039374232e-02 2.679828181863e-02 4.012138023973e-02 3.409257903695e-02 2.639573812485e-02 2.547304891050e-02 4.231028631330e-02 2.671411819756e-02 2.641454152763e-02 2.082828618586e-02 2.700980193913e-02 2.366293966770e-02 1.407038606703e-02 1.777307875454e-02 1.651585288346e-02 1.211391016841e-02 1.744914613664e-02 2.499120123684e-02 2.428789809346e-02 1.648704521358e-02 9.771616198123e-03 1.292127836496e-02 1.616002991796e-02 8.687757886946e-03 8.975903503597e-03 1.094816904515e-02 8.290578611195e-03 9.342447854578e-03 5.665322765708e-03 5.753748118877e-03 4.763789474964e-03 4.844855982810e-03
1.961679197848e-02 1.956965960562e-02 3.165934607387e-02 2.975612878799e-02 3.759934008121e-02 2.937160804868e-02 2.707413211465e-02 2.999202348292e-02 2.606452815235e-02 1.991914212704e-02 2.176187001169e-02 2.134050056338e-02 2.922390401363e-02 4.291950166225e-02 3.060901351273e-02 2.531627006829e-02 2.170971408486e-02 4.327352717519e-02 3.371678292751e-02 2.918364852667e-02 2.464134618640e-02 2.619308978319e-02 1.584910787642e-02 1.714220456779e-02 1.824667491019e-02 1.236978452653e-02 1.894716732204e-02 2.695570141077e-02 2.566069737077e-02 1.719410344958e-02 9.208749048412e-03 7.280047517270e-03 1.728662662208e-02 1.350741367787e-02 8.273569867015e-03 1.164458878338e-02 1.008368749171e-02 8.354796096683e-03 9.924646466970e-03 7.013143505901e-03 4.972355440259e-03 4.736898466945e-03 4.182808101177e-03
3.083083592355e-02 1.908430643380e-02 1.905077882111e-02 3.278192132711e-02 3.464567288756e-02 3.101948834956e-02 2.388170734048e-02 2.744439430535e-02 3.120271489024e-02 3.064698912203e-02 2.611995302141e-02 3.232575580478e-02 3.176983818412e-02 4.461782053113e-02 2.648030407727e-02 2.300737798214e-02 3.034997917712e-02 4.359107464552e-02 3.816427290440e-02 2.798664569855e-02 2.656774967909e-02 2.825613692403e-02 1.779552549124e-02 1.868061348796e-02 1.528105046600e-02 1.983136869967e-02 2.935874462128e-02 2.750746719539e-02 1.789202913642e-02 1.171198487282e-02 1.647171378136e-02 1.014673057944e-02 2.017330005765e-02 1.180568058044e-02 9.677246212959e-03 1.245731674135e-02 1.212876848876e-02 8.528831414878e-03 1.024512574077e-02 7.741450797766e-03 4.660695791245e-03 4.467287566513e-03 5.176413804293e-03
4.123974591494e-02 1.962754130363e-02 1.921423897147e-02 3.020991943777e-02 3.121349029243e-02 3.175909817219e-02 2.578013949096e-02 2.636320330203e-02 2.594949863851e-02 3.359956666827e-02 3.665323182940e-02 3.272851184011e-02 3.431855142117e-02 4.521980136633e-02 2.298153005540e-02 3.554038330913e-02 4.258425533772e-02 4.365836828947e-02 3.709292039275e-02 2.217970415950e-02 2.524373121560e-02 2.589411847293e-02 1.792998984456e-02 1.543218456209e-02 1.999114267528e-02 3.123009391129e-02 3.012716025114e-02 1.886446028948e-02 1.666769757867e-02 2.293973974884e-02 2.082434296608e-02 1.890865713358e-02 1.965514011681e-02 1.320731081069e-02 1.246527489275e-02 1.032497920096e-02 1.322557777166e-02 9.025030769408e-03 1.028162054718e-02 7.694649510086e-03 4.961564671248e-03 5.669046193361e-03 7.308724801987e-03
4.503258317709e-02 2.016350813210e-02 2.324469015002e-02 2.003182843328e-02 3.420353680849e-02 3.210034966469e-02 2.739587612450e-02 2.801070548594e-02 2.649848349392e-02 3.352233394980e-02 3.534262254834e-02 3.079673834145e-02 3.660859167576e-02 4.358550161123e-02 3.871931880713e-02 4.708244279027e-02 4.546765238047e-02 4.243375733495e-02 2.521597035229e-02 2.245821058750e-02 2.598642557859e-02 2.617111243308e-02 1.864823140204e-02 1.913702115417e-02 3.256155177951e-02 3.324756026268e-02 2.083812095225e-02 1.698151789606e-02 2.495826408267e-02 2.070984989405e-02 1.683087833226e-02 1.848428323865e-02 1.523801032454e-02 1.446463819593e-02 1.235253270715e-02 8.592472411692e-03 1.295422855765e-02 9.745667688549e-03 1.008063741028e-02 6.967447232455e-03 6.038268562406e-03 8.109471760690e-03 9.163945913315e-03
3.953638672829e-02 2.944028377533e-02 2.692078053951e-02 1.897274330258e-02 2.490057609975e-02 3.244845569134e-02 3.419882804155e-02 2.978050522506e-02 3.486698865891e-02 5.125462636352e-02 2.908419258893e-02 2.712549641728e-02 3.812896832824e-02 4.012686014175e-02 5.022506788373e-02 4.859405383468e-02 4.206204414368e-02 4.104570671916e-02 2.775437943637e-02 3.017801418900e-02 2.698898501694e-02 2.605162560940e-02 1.748043298721e-02 3.304133191705e-02 3.664026036859e-02 2.368593215942e-02 1.940015517175e-02 2.646358869970e-02 2.341303229332e-02 1.532686315477e-02 2.232529409230e-02 1.940499432385e-02 1.159188058227e-02 1.328090671450e-02 1.102484110743e-02 1.184313464910e-02 1.179233286530e-02 1.068828999996e-02 9.782474488020e-03 9.006901644170e-03 1.005814876407e-02 1.128854043782e-02 9.518498554826e-03
2.668399922550e-02 4.436072707176e-02 2.948229387403e-02 2.333172783256e-02 2.804064005613e-02 3.177268430591e-02 3.041145391762e-02 3.188801556826e-02 4.572458192706e-02 6.344523280859e-02 4.261502996087e-02 2.956033311784e-02 3.842724487185e-02 4.784661903977e-02 5.120209231973e-02 7.078909873962e-02 3.755264356732e-02 3.805951029062e-02 3.105255402625e-02 3.052641823888e-02 2.777463197708e-02 2.568224817514e-02 3.271438926458e-02 3.889232501388e-02 2.670572511852e-02 2.183827199042e-02 2.612256444991e-02 2.617214992642e-02 2.236322127283e-02 2.238783985376e-02 2.370999194682e-02 1.330094318837e-02 1.257961150259e-02 1.134932413697e-02 9.844840504229e-03 9.208254516125e-03 1.599316112697e-02 1.262473315001e-02 1.162050105631e-02 1.341358572245e-02 1.336450036615e-02 9.807017631829e-03 6.566905416548e-03
2.992388978601e-02 4.916162416339e-02 3.049288876355e-02 2.579362876713e-02 3.306964784861e-02 3.044901788235e-02 3.166860714555e-02 3.999271616340e-02 5.272338166833e-02 6.374019384384e-02 5.090608820319e-02 5.049697309732e-02 4.467726126313e-02 5.247911810875e-02 6.195997446775e-02 8.966420590878e-02 3.905655443668e-02 4.228226467967e-02 4.193146154284e-02 3.428641706705e-02 2.715410850942e-02 3.263698890805e-02 4.090091586113e-02 2.940366044641e-02 2.445547468960e-02 2.579279989004e-02 2.495622448623e-02 2.759301662445e-02 2.685309015214e-02 2.694905921817e-02 2.028451487422e-02 1.100124139339e-02 1.504214666784e-02 9.327667765319e-03 9.728907607496e-03 9.944133460522e-03 2.204181626439e-02 1.472375541925e-02 1.545040495694e-02 1.244216971099e-02 7.558688521385e-03 4.412447102368e-03 4.379755817354e-03
5.926897749305e-02 3.887484967709e-02 4.261285066605e-02 2.739614993334e-02 4.023557156324e-02 3.119488991797e-02 3.411566466093e-02 4.622799903154e-02 5.550070852041e-02 5.398903414607e-02 5.206563323736e-02 5.259466543794e-02 4.966130480170e-02 4.025798663497e-02 4.250875115395e-02 5.717971548438e-02 3.204822912812e-02 4.179647937417e-02 4.569226875901e-02 3.812844678760e-02 3.394262120128e-02 4.280668124557e-02 3.204257413745e-02 2.729079686105e-02 2.528093941510e-02 2.317413128912e-02 2.491386234760e-02 2.945721149445e-02 2.955731563270e-02 2.652508579195e-02 1.653734967113e-02 1.051743701100e-02 1.601964235306e-02 1.274868380278e-02 1.537369843572e-02 1.635071262717e-02 2.485426515341e-02 1.453650090843e-02 1.150007080287e-02 7.983006536961e-03 7.153633981943e-03 5.411464720964e-03 5.234307609499e-03
9.622246026993e-02 4.205757752061e-02 4.770931974053e-02 3.479631617665e-02 4.461308568716e-02 3.814466297626e-02 3.754606470466e-02 5.309241637588e-02 5.703904852271e-02 4.488371685147e-02 6.269670277834e-02 7.704461365938e-02 4.293240606785e-02 5.039380863309e-02 3.081465139985e-02 3.582864627242e-02 3.408911451697e-02 4.065699130297e-02 3.928733989596e-02 3.564767166972e-02 4.545230045915e-02 3.459683060646e-02 2.848142199218e-02 2.554983273149e-02 2.747713774443e-02 2.566249854863e-02 2.564197406173e-02 3.200446441770e-02 3.221065551043e-02 2.922232821584e-02 2.010934613645e-02 1.774866878986e-02 1.761362142861e-02 1.597053185105e-02 1.545748766512e-02 2.377911284566e-02 2.045009657741e-02 9.895107708871e-03 1.068891026080e-02 1.092346291989e-02 1.012357417494e-02 7.820981554687e-03 5.653036292642e-03
1.053887978196e-01 1.100634410977e-01 4.549431428313e-02 4.570608586073e-02 4.914856329560e-02 4.618167504668e-02 6.338808685541e-02 5.950702726841e-02 5.627654120326e-02 4.185608401895e-02 6.417146325111e-02 8.588400483131e-02 5.136869102716e-02 4.854364693165e-02 3.920589387417e-02 3.993337601423e-02 4.246402531862e-02 4.014210402966e-02 3.885363787413e-02 4.866542667150e-02 3.789705410600e-02 3.252182528377e-02 2.785676345229e-02 2.181395143270e-02 2.689149230719e-02 3.000681847334e-02 2.767184376717e-02 3.440263494849e-02 3.588125854731e-02 3.198276832700e-02 2.380227670074e-02 1.756812818348e-02 1.562397368252e-02 1.326317060739e-02 2.153913117945e-02 2.465814910829e-02 1.099113747478e-02 1.124968659133e-02 1.172600872815e-02 1.188816782087e-02 1.123361103237e-02 9.387291967869e-03 6.513753440231e-03
5.072199553251e-02 1.483697891235e-01 1.083982959390e-01 4.524706676602e-02 5.181292444468e-02 5.753925815225e-02 6.138394400477e-02 6.250193715096e-02 4.999183490872e-02 4.376126825809e-02 7.317786663771e-02 8.411499112844e-02 6.607650220394e-02 4.470420256257e-02 4.101950302720e-02 4.599483683705e-02 7.134885340929e-02 4.477244615555e-02 5.397566035390e-02 4.159162193537e-02 3.000206686556e-02 2.923171967268e-02 2.465735934675e-02 3.005085326731e-02 3.048074990511e-02 3.485800325871e-02 3.837662935257e-02 2.945911139250e-02 3.491381555796e-02 3.487222641706e-02 2.709117718041e-02 1.444805692881e-02 1.469048298895e-02 2.278495579958e-02 2.469936758280e-02 1.443837210536e-02 9.986394084990e-03 1.008045114577e-02 1.003444008529e-02 1.018555555493e-02 1.014861091971e-02 9.397659450769e-03 7.513071876019e-03
9.315091371536e-02 7.022931426764e-02 1.730518192053e-01 8.057645708323e-02 5.241825059056e-02 7.076494395733e-02 5.317466706038e-02 5.937260389328e-02 7.809434086084e-02 6.062781438231e-02 8.407474309206e-02 6.686499714851e-02 7.041975110769e-02 5.898756906390e-02 4.853110015392e-02 4.537560045719e-02 1.037788093090e-01 6.267788261175e-02 5.036471411586e-02 6.140410900116e-02 3.652963414788e-02 2.982438355684e-02 3.184586763382e-02 3.352428600192e-02 3.229450806975e-02 3.418946638703e-02 4.838094860315e-02 2.942683920264e-02 3.625924140215e-02 3.787242621183e-02 3.070892579854e-02 1.979435421526e-02 2.511081285775e-02 2.323044836521e-02 1.328529417515e-02 1.117166224867e-02 1.055143866688e-02 9.879427030683e-03 9.182772599161e-03 8.548364043236e-03 8.744080550969e-03 9.036903269589e-03 8.209619671106e-03
1.260443031788e-01 1.644195765257e-01 9.934222698212e-02 1.702164560556e-01 6.327029317617e-02 8.570904284716e-02 7.348151504993e-02 7.837393879890e-02 1.096384599805e-01 9.067864716053e-02 1.046675890684e-01 6.032983586192e-02 6.392052024603e-02 6.661176681519e-02 5.968276783824e-02 4.709666222334e-02 1.218525394797e-01 6.908987462521e-02 7.201310247183e-02 4.991179332137e-02 2.712485194206e-02 2.998110838234e-02 3.808864578605e-02 3.454342111945e-02 3.140217065811e-02 2.998377382755e-02 4.717203974724e-02 3.228556364775e-02 4.069720581174e-02 4.014788940549e-02 3.184000775218e-02 2.536180056632e-02 1.901521347463e-02 1.000253669918e-02 9.824011474848e-03 1.030207984149e-02 1.019456703216e-02 1.089732535183e-02 1.070051454008e-02 1.015370525420e-02 1.105595473200e-02 1.284911949188e-02 1.341708283871e-02
2.480454593897e-01 1.647000163794e-01 1.739266663790e-01 1.442872583866e-01 1.312266737223e-01 9.638565033674e-02 1.057539060712e-01 9.332698583603e-02 9.622131288052e-02 1.063771396875e-01 1.231276765466e-01 7.168667763472e-02 6.302469968796e-02 6.767987459898e-02 7.410766929388e-02 7.012612372637e-02 9.399183094501e-02 6.960674375296e-02 6.940895318985e-02 5.541179329157e-02 4.523066058755e-02 5.369781330228e-02 5.405348166823e-02 4.472037777305e-02 3.265125676990e-02 2.787246555090e-02 3.701558709145e-02 3.969760984182e-02 4.208398610353e-02 3.514504060149e-02 2.465450391173e-02 1.566912606359e-02 1.371054910123e-02 1.459100469947e-02 1.724900491536e-02 1.890697702765e-02 1.977111771703e-02 1.967748627067e-02 1.867517270148e-02 1.708550378680e-02 1.554016489536e-02 1.558506954461e-02 1.379608362913e-02
