100/SI/f85_max.grd
DSAA
101	101
32.816463539100	34.260883539100
35.556306596100	36.727886596100
1.243565657205e-05	2.051699161530e+00
[rows 38 to 56 of 101, columns 43 to 85 of 101]
1.250772178173e-01 1.941789537668e-01 2.079118490219e-01 1.228553801775e-01 2.066504508257e-01 1.012471020222e-01 1.039434671402e-01 1.399737149477e-01 1.197564378381e-01 9.601719677448e-02 1.416166871786e-01 7.348875701427e-02 8.086602389812e-02 6.848039478064e-02 1.062665283680e-01 7.737004756927e-02 8.372167497873e-02 4.759573563933e-02 6.490928679705e-02 9.848629683256e-02 1.003371402621e-01 7.688551396132e-02 5.302340537310e-02 4.198404401541e-02 3.613555058837e-02 3.257558122277e-02 3.032429330051e-02 3.103412501514e-02 2.759040705860e-02 2.071112208068e-02 2.056133933365e-02 2.434104867280e-02 2.781877294183e-02 2.860615774989e-02 2.900868095458e-02 2.906791493297e-02 2.862520143390e-02 2.643930539489e-02 2.348140627146e-02 2.093289233744e-02 1.886739954352e-02 1.891134493053e-02 1.601803116500e-02
1.244214400649e-01 2.577749788761e-01 1.666966229677e-01 2.325713485479e-01 1.673507541418e-01 2.360315173864e-01 1.989614665508e-01 1.229478493333e-01 1.246107965708e-01 9.985753893852e-02 1.608228236437e-01 1.040967553854e-01 6.733071058989e-02 7.761073857546e-02 1.411682367325e-01 8.410132676363e-02 9.633576124907e-02 1.505036354065e-01 1.348887532949e-01 9.138812869787e-02 6.169771403074e-02 4.192894324660e-02 3.830839693546e-02 3.454451635480e-02 3.477748110890e-02 3.323653712869e-02 2.913037687540e-02 2.540555223823e-02 2.291676029563e-02 2.288251183927e-02 2.512265183032e-02 2.359839901328e-02 1.936742663383e-02 1.642749272287e-02 1.587641797960e-02 1.369694247842e-02 1.463093515486e-02 1.607578992844e-02 1.769001409411e-02 1.958296447992e-02 2.120828442276e-02 2.781010046601e-02 2.868921495974e-02
1.829737275839e-01 1.282282173634e-01 2.269482165575e-01 1.794892400503e-01 1.911785453558e-01 2.489564567804e-01 1.515621542931e-01 1.377468854189e-01 9.859316051006e-02 1.023869663477e-01 1.721637845039e-01 9.329351782799e-02 9.571452438831e-02 9.391820430756e-02 1.145809367299e-01 1.850633621216e-01 1.262492537498e-01 6.531549990177e-02 6.098068505526e-02 4.043883085251e-02 3.076046518981e-02 4.429306834936e-02 5.816621333361e-02 5.238443240523e-02 3.774105757475e-02 3.287989646196e-02 3.214207291603e-02 2.963175810874e-02 2.559179626405e-02 2.378963492811e-02 2.237434498966e-02 2.270433306694e-02 2.172167226672e-02 2.019541710615e-02 1.971189118922e-02 2.071783132851e-02 2.044051326811e-02 1.855692826211e-02 2.455757744610e-02 3.348352015018e-02 2.752102538943e-02 2.057226747274e-02 1.779806613922e-02
2.031967490911e-01 1.861947774887e-01 2.960354387760e-01 2.475391179323e-01 2.341066151857e-01 2.581181526184e-01 2.426142543554e-01 1.336838006973e-01 1.506632119417e-01 1.434437185526e-01 1.691039949656e-01 1.326410025358e-01 1.231372579932e-01 2.098374068737e-01 1.352670043707e-01 1.000488996506e-01 8.505133539438e-02 6.885246932507e-02 5.065504834056e-02 8.166663348675e-02 8.797163516283e-02 4.621452093124e-02 7.293849438429e-02 5.549282580614e-02 4.993426427245e-02 4.402695223689e-02 3.887623175979e-02 3.475844487548e-02 3.130406513810e-02 3.010148741305e-02 5.630479380488e-02 2.391570620239e-02 2.273981273174e-02 2.152218855917e-02 2.729696035385e-02 3.406549617648e-02 3.111213445663e-02 3.560024127364e-02 3.027180768549e-02 3.319204598665e-02 3.348866477609e-02 3.275282308459e-02 3.007316775620e-02
1.938176900148e-01 2.682225406170e-01 2.319565713406e-01 2.302813082933e-01 2.138732820749e-01 2.709705233574e-01 4.265929162502e-01 1.847651004791e-01 2.147781848907e-01 2.150072902441e-01 1.952814906836e-01 1.954784244299e-01 2.239358276129e-01 1.274095177650e-01 1.382208615541e-01 7.788794487715e-02 1.050720363855e-01 1.405082345009e-01 1.105377599597e-01 1.060166284442e-01 1.102229133248e-01 7.429476827383e-02 4.598484560847e-02 4.462190717459e-02 4.137082397938e-02 3.882460296154e-02 4.726869612932e-02 8.170083165169e-02 9.802472591400e-02 8.690752089024e-02 4.287542775273e-02 3.100224211812e-02 2.942317537963e-02 3.198706731200e-02 4.007785394788e-02 4.110047221184e-02 3.722276911139e-02 3.331284970045e-02 2.478729933500e-02 3.083759173751e-02 3.684241324663e-02 3.677545115352e-02 3.537215292454e-02
2.298999279737e-01 3.338372707367e-01 5.510844588280e-01 3.382614254951e-01 5.435996055603e-01 2.807047665119e-01 6.686604619026e-01 1.918354332447e-01 3.704879879951e-01 2.686851620674e-01 2.342682182789e-01 2.297094017267e-01 1.296929419041e-01 1.585632413626e-01 1.786336302757e-01 1.745647490025e-01 1.080856472254e-01 6.432823836803e-02 1.381473392248e-01 1.194573268294e-01 6.546264141798e-02 5.976056680083e-02 5.647658184171e-02 1.027986928821e-01 1.263662278652e-01 1.116297468543e-01 7.345880568027e-02 5.298471823335e-02 5.757524445653e-02 3.640797361732e-02 2.909413911402e-02 4.364100843668e-02 5.425418540835e-02 4.868713021278e-02 4.296009615064e-02 5.796615779400e-02 6.866656988859e-02 6.140237674117e-02 4.402864351869e-02 3.211648389697e-02 4.013203456998e-02 4.407735913992e-02 4.649182781577e-02
2.836651504040e-01 3.574690222740e-01 4.211685657501e-01 5.592102408409e-01 4.672013223171e-01 4.741477072239e-01 7.848232984543e-01 3.105351328850e-01 3.626942932606e-01 2.857303619385e-01 2.875035405159e-01 1.665287166834e-01 1.792857050896e-01 2.238979786634e-01 1.748182773590e-01 1.250794976950e-01 1.805968135595e-01 1.677031815052e-01 1.326545029879e-01 1.678405702114e-01 1.698797196150e-01 1.472719460726e-01 1.053355932236e-01 5.760372057557e-02 6.325425207615e-02 5.705298483372e-02 4.537126049399e-02 4.680824652314e-02 5.037496984005e-02 5.413246527314e-02 5.270733684301e-02 4.497471451759e-02 4.319891706109e-02 3.626089170575e-02 6.611758470535e-02 8.078820258379e-02 7.574251294136e-02 5.579280108213e-02 3.380458056927e-02 2.067831158638e-02 2.885205857456e-02 3.312302008271e-02 3.048995323479e-02
2.685289382935e-01 3.938295245171e-01 4.680226743221e-01 4.471265673637e-01 6.651696562767e-01 4.974032044411e-01 7.999352216721e-01 4.404740333557e-01 3.772577643394e-01 4.181805551052e-01 3.201704025269e-01 2.099324166775e-01 2.093209028244e-01 2.229733914137e-01 1.289601922035e-01 1.911394000053e-01 2.465668171644e-01 1.698341667652e-01 1.008246839046e-01 9.976144880056e-02 8.802212774754e-02 6.830993294716e-02 6.581913679838e-02 7.278697192669e-02 7.280555367470e-02 6.430523097515e-02 5.559928342700e-02 5.418503656983e-02 4.516141116619e-02 4.989173635840e-02 4.763825982809e-02 4.345387965441e-02 3.014306537807e-02 5.520861968398e-02 6.586045026779e-02 6.244168058038e-02 4.361720010638e-02 2.348904311657e-02 3.233473375440e-02 3.041795268655e-02 2.275768667459e-02 2.164798229933e-02 2.340025641024e-02
3.984190821648e-01 5.567603707314e-01 5.683271884918e-01 6.206027865410e-01 6.755370497704e-01 8.500128388405e-01 8.016991019249e-01 1.555726885796e+00 5.732949376106e-01 3.627366423607e-01 3.372126519680e-01 3.012312948704e-01 2.555209398270e-01 3.894442319870e-01 3.408621251583e-01 1.987832337618e-01 1.836053878069e-01 1.905452609062e-01 1.394908279181e-01 1.235643401742e-01 1.223945692182e-01 1.163974106312e-01 1.244437843561e-01 9.274351596832e-02 1.195666939020e-01 1.057888418436e-01 6.642720103264e-02 6.047444418073e-02 6.125273182988e-02 5.717560648918e-02 4.880871623755e-02 4.718831181526e-02 4.919463768601e-02 5.662261694670e-02 5.264510586858e-02 4.040409252048e-02 3.085996210575e-02 2.794259227812e-02 2.723302692175e-02 2.693539112806e-02 2.633067034185e-02 2.536429837346e-02 2.436413615942e-02
2.529776394367e-01 7.367385029793e-01 5.098660588264e-01 6.345818042755e-01 1.005886912346e+00 8.046408891678e-01 9.537271857262e-01 1.138628721237e+00 5.602089166641e-01 5.304419994354e-01 6.740362048149e-01 4.291283786297e-01 5.323027372360e-01 4.130271077156e-01 3.455570936203e-01 3.012748062611e-01 2.560169696808e-01 2.214828729630e-01 1.954295039177e-01 2.745497524738e-01 3.207963705063e-01 1.336635947227e-01 8.683569729328e-02 8.793468773365e-02 1.235669255257e-01 7.798638939857e-02 6.740631163120e-02 6.416419148445e-02 5.920433998108e-02 5.632552504539e-02 5.408425629139e-02 5.593440309167e-02 5.918896198273e-02 5.060523375869e-02 3.873511776328e-02 3.620252385736e-02 3.428238630295e-02 2.807683311403e-02 2.777579426765e-02 2.776879817247e-02 2.562508359551e-02 2.625575289130e-02 2.757698111236e-02
6.794483661652e-01 7.971475720406e-01 9.101202487946e-01 9.603378176689e-01 1.116436243057e+00 1.543685317039e+00 2.051699161530e+00 9.458350539207e-01 7.635752558708e-01 5.342624783516e-01 7.600986957550e-01 7.564371228218e-01 2.848269641399e-01 4.553015232086e-01 4.996159076691e-01 2.479604631662e-01 2.291341423988e-01 2.426435798407e-01 2.674190104008e-01 3.147307038307e-01 2.425426095724e-01 1.037197336555e-01 1.168387308717e-01 9.619261324406e-02 8.958825469017e-02 7.685923576355e-02 7.471892237663e-02 7.414311915636e-02 6.160936504602e-02 4.277166351676e-02 3.833483532071e-02 4.199622198939e-02 4.457240551710e-02 4.578680172563e-02 4.490168020129e-02 4.299117624760e-02 3.832039237022e-02 3.931824490428e-02 4.382171854377e-02 4.486818611622e-02 4.016720503569e-02 3.485476225615e-02 3.041381575167e-02
4.537256360054e-01 8.091021180153e-01 8.357291817665e-01 1.060069799423e+00 1.054345726967e+00 1.043034791946e+00 1.022006034851e+00 8.450925946236e-01 5.923753976822e-01 6.718004941940e-01 6.460856795311e-01 6.791019439697e-01 8.221628665924e-01 3.599674701691e-01 3.057892620564e-01 1.899668723345e-01 1.727415472269e-01 1.220866739750e-01 1.125137656927e-01 9.583609551191e-02 8.246023207903e-02 9.338953346014e-02 1.150812581182e-01 1.323835104704e-01 1.354477256536e-01 1.188067421317e-01 9.474505484104e-02 6.559775024652e-02 4.557394608855e-02 3.757550194860e-02 3.068969398737e-02 3.457141295075e-02 4.493400827050e-02 3.006256185472e-02 3.402516618371e-02 3.716894611716e-02 2.969535440207e-02 3.634823858738e-02 4.295405000448e-02 4.550708457828e-02 5.163592472672e-02 6.485506892204e-02 7.362192869186e-02
1.786321401596e-01 2.435214817524e-01 3.848314583302e-01 1.821944594383e+00 1.000842452049e+00 9.552665948868e-01 5.335085988045e-01 5.482962131500e-01 5.075268149376e-01 8.069440722466e-01 7.524519562721e-01 1.067008495331e+00 1.544941544533e+00 1.133616089821e+00 7.379300594330e-01 3.395876288414e-01 1.596908718348e-01 1.137577146292e-01 1.035453453660e-01 1.392744928598e-01 1.812734901905e-01 1.678324192762e-01 1.238422170281e-01 7.957345992327e-02 8.754702657461e-02 8.277757465839e-02 1.181003302336e-01 1.759462654591e-01 8.155945688486e-02 4.304319620132e-02 3.986195847392e-02 6.548829376698e-02 4.283013567328e-02 2.678956277668e-02 2.357110939920e-02 2.444405667484e-02 2.458593063056e-02 2.530275657773e-02 2.575542405248e-02 2.573650330305e-02 2.577593736351e-02 2.852216921747e-02 2.489197254181e-02
3.244177997112e-02 8.055061101913e-02 1.941777318716e-01 2.588933110237e-01 2.643712460995e-01 2.585968375206e-01 2.013701051474e-01 2.754765152931e-01 2.741121053696e-01 4.384932219982e-01 8.882937431335e-01 1.003798723221e+00 1.379398941994e+00 7.983331084251e-01 5.702930092812e-01 3.225360810757e-01 1.471760272980e-01 7.714026421309e-02 8.192753046751e-02 1.797609925270e-01 5.722945928574e-01 2.389813214540e-01 2.043238133192e-01 1.529257297516e-01 1.558313220739e-01 1.337927430868e-01 1.437169909477e-01 1.006802245975e-01 5.002880096436e-02 6.598963588476e-02 5.564859509468e-02 5.608193576336e-02 3.414423018694e-02 3.097412362695e-02 2.160637266934e-02 1.972647011280e-02 2.045563980937e-02 2.043548040092e-02 2.206995151937e-02 2.043670602143e-02 2.660056762397e-02 3.124427795410e-02 3.021689131856e-02
2.251804061234e-02 4.193406924605e-02 1.218819171190e-01 7.122265547514e-02 6.292549520731e-02 5.139805376530e-02 7.807490229607e-02 1.287435591221e-01 1.344312578440e-01 1.428575217724e-01 4.049182236195e-01 1.986528515816e+00 1.582566976547e+00 7.122389078140e-01 3.280613422394e-01 9.447839856148e-02 5.660843849182e-02 3.721714392304e-02 4.621547088027e-02 1.185173168778e-01 2.716926932335e-01 4.731532931328e-01 2.368615269661e-01 1.802075654268e-01 1.421780884266e-01 1.067046970129e-01 1.129868775606e-01 1.056476235390e-01 9.270555526018e-02 8.358494192362e-02 1.018214970827e-01 4.364027455449e-02 4.042547941208e-02 3.265793249011e-02 3.338775411248e-02 3.112372756004e-02 2.608874812722e-02 2.222846075892e-02 2.546056173742e-02 2.938803844154e-02 3.442487120628e-02 3.388891369104e-02 2.890019118786e-02
1.514990441501e-02 6.239859014750e-02 1.463587880135e-01 1.098017543554e-01 2.674749307334e-02 3.136780112982e-02 3.000660240650e-02 6.074024364352e-02 6.630740314722e-02 1.131658628583e-01 2.117461860180e-01 5.451049804688e-01 1.164497494698e+00 7.988895177841e-01 1.080302357674e+00 2.605876326561e-01 3.210861980915e-02 2.021185122430e-02 3.186310827732e-02 1.060226857662e-01 3.221575915813e-01 5.051705241203e-01 3.851659297943e-01 2.621374428272e-01 1.821758449078e-01 1.146907657385e-01 1.301659047604e-01 9.637255966663e-02 9.320323169231e-02 9.274537861347e-02 7.703796029091e-02 6.142939999700e-02 4.325854033232e-02 4.612417519093e-02 4.147440940142e-02 3.294550254941e-02 2.927283942699e-02 2.715192735195e-02 2.522428333759e-02 2.945381775498e-02 3.231208398938e-02 3.142239153385e-02 2.783993259072e-02
1.295075565577e-02 3.185766190290e-02 2.162720710039e-01 2.605183422565e-01 1.364022940397e-01 2.113579586148e-02 1.608137600124e-02 3.023303858936e-02 3.022293001413e-02 2.460533566773e-02 2.083917334676e-02 8.757923543453e-02 3.942114710808e-01 2.288113087416e-01 1.314879655838e+00 1.594715267420e-01 8.987500518560e-02 3.402261063457e-02 2.830315381289e-02 9.166718274355e-02 1.795799285173e-01 1.591686129570e+00 4.935050606728e-01 2.147300541401e-01 2.173276543617e-01 1.147873401642e-01 1.231727227569e-01 1.043053567410e-01 1.499162018299e-01 1.151345670223e-01 6.603144109249e-02 6.562049686909e-02 6.118024140596e-02 5.825889110565e-02 5.720082670450e-02 4.560325294733e-02 4.509354010224e-02 4.988776892424e-02 3.222975507379e-02 2.471720986068e-02 2.438763529062e-02 2.409205771983e-02 2.780337072909e-02
8.294149301946e-03 1.428205706179e-02 1.787513680756e-02 1.013635620475e-01 6.251851469278e-02 1.505060307682e-02 1.281815394759e-02 1.503575872630e-02 1.410016324371e-02 1.354552060366e-02 9.815236553550e-03 1.097074057907e-02 3.357557207346e-02 2.103517353535e-01 5.977957844734e-01 1.460337787867e-01 1.219566911459e-01 5.727173760533e-02 3.344726935029e-02 6.563115864992e-02 7.669015228748e-02 1.047584041953e-01 9.587472677231e-02 7.257838547230e-02 1.065368950367e-01 1.773640066385e-01 1.550921797752e-01 1.547018140554e-01 9.985025972128e-02 1.303460896015e-01 1.360001266003e-01 1.185312792659e-01 7.239850610495e-02 6.005578860641e-02 5.755935609341e-02 5.024773254991e-02 4.294100776315e-02 4.369022324681e-02 4.235502704978e-02 2.803665772080e-02 2.309363521636e-02 2.379238605499e-02 2.563000097871e-02
9.109916165471e-03 1.452936511487e-02 9.559803642333e-03 1.078360155225e-02 1.096548140049e-02 1.288455259055e-02 1.185928657651e-02 1.113079953939e-02 1.028813142329e-02 7.810496259481e-03 5.489300470799e-03 4.640301689506e-03 7.737519219518e-03 2.174933254719e-01 3.375687897205e-01 3.526077568531e-01 9.966284036636e-02 1.069936007261e-01 9.407778829336e-02 3.840843588114e-02 4.165085032582e-02 7.821144163609e-02 2.135748863220e-01 2.024814337492e-01 2.639568150043e-01 2.655695080757e-01 2.488621175289e-01 2.350478619337e-01 2.226738780737e-01 2.123301327229e-01 2.259544581175e-01 2.767862081528e-01 2.365964949131e-01 9.681053459644e-02 3.943334892392e-02 4.636237397790e-02 5.076184123755e-02 3.506357967854e-02 3.476379066706e-02 2.457757294178e-02 2.424317970872e-02 1.785141229630e-02 2.013145945966e-02
