100/SI/f85_max.grd
DSAA
101	101
32.816463539100	34.260883539100
35.556306596100	36.727886596100
1.243565657205e-05	2.051699161530e+00
[rows 76 to 94 of 101, columns 43 to 85 of 101]
3.155913436785e-03 2.684096805751e-03 4.909251816571e-03 1.237577386200e-02 1.326001156121e-02 2.643759734929e-02 4.219896718860e-02 4.744748398662e-02 2.937954477966e-02 8.214541710913e-03 2.961337566376e-02 6.640575826168e-02 4.963311925530e-02 1.296479534358e-02 5.808820016682e-03 8.236778900027e-03 8.723656646907e-03 4.482590127736e-03 4.189302679151e-03 5.215456243604e-03 1.916744187474e-02 4.380305483937e-02 1.030641887337e-02 6.966025568545e-03 5.071616731584e-03 3.400237997994e-03 1.727653434500e-03 1.485406304710e-03 1.447244780138e-03 1.364924944937e-03 1.293189241551e-03 1.347784651443e-03 1.418984960765e-03 1.505293301307e-03 1.520353136584e-03 1.414857688360e-03 1.297650509514e-03 1.212954754010e-03 1.153753371909e-03 1.118675339967e-03 1.249615219422e-03 1.918733236380e-03 2.616219222546e-03
5.124085582793e-03 6.912656594068e-03 8.837540633976e-03 9.234565310180e-03 1.267254073173e-02 1.754421927035e-02 2.265265956521e-02 2.122697234154e-02 3.405396640301e-02 4.971276968718e-02 4.927991330624e-02 2.364068664610e-02 1.682271808386e-02 1.487564481795e-02 9.593617171049e-03 1.025722362101e-02 2.849481301382e-03 1.745428307913e-03 2.141496399418e-03 2.397404983640e-03 1.816609641537e-03 2.175363013521e-03 3.446639748290e-03 3.466437570751e-03 3.145830007270e-03 1.929506543092e-03 9.427149780095e-04 8.463640115224e-04 9.870446519926e-04 1.137129962444e-03 1.212881295942e-03 1.239306060597e-03 1.232519280165e-03 1.178409205750e-03 1.024819212034e-03 8.224564953707e-04 6.588544347323e-04 6.518177688122e-04 6.907879142091e-04 8.041377877817e-04 1.012639026158e-03 1.727347262204e-03 2.310264855623e-03
1.085863076150e-02 1.639877073467e-02 1.085828524083e-02 5.095158237964e-03 5.947237368673e-03 2.162805013359e-02 6.066533178091e-02 8.075946569443e-02 6.047290936112e-02 2.983329445124e-02 1.612873189151e-02 1.039713807404e-02 7.447866257280e-03 1.201637648046e-02 1.008303463459e-02 3.740392392501e-03 1.244052196853e-03 1.133456011303e-03 1.180267194286e-03 1.599734299816e-03 1.193544245325e-03 1.087584998459e-03 1.258649397641e-03 1.419465523213e-03 1.286296523176e-03 1.174491597340e-03 9.509510709904e-04 9.896015981212e-04 8.325276430696e-04 9.520292514935e-04 9.964385535568e-04 9.284770931117e-04 8.883804548532e-04 8.583515300415e-04 6.041096639819e-04 5.831412272528e-04 6.193792796694e-04 6.170592969283e-04 6.042546592653e-04 6.401248392649e-04 7.829834357835e-04 1.500194310211e-03 2.199574373662e-03
1.544139627367e-02 1.799239590764e-02 6.077112630010e-03 6.308673880994e-03 2.221127599478e-02 3.976643458009e-02 4.101584479213e-02 3.517701104283e-02 2.961575426161e-02 1.396882627159e-02 1.238258555532e-02 1.497492473572e-02 9.235155768692e-03 5.864540580660e-03 2.544688526541e-03 1.379048684612e-03 8.732064161450e-04 8.323443471454e-04 7.997822831385e-04 1.002991804853e-03 8.920889813453e-04 8.926622685976e-04 8.305262308568e-04 8.202299359255e-04 7.947972044349e-04 8.113789372146e-04 7.842915365472e-04 7.975994958542e-04 8.580097346567e-04 8.219780866057e-04 8.328263647854e-04 6.861509173177e-04 7.592986803502e-04 7.966121193022e-04 6.339563406073e-04 4.837249580305e-04 5.788680864498e-04 6.159716867842e-04 6.185931852087e-04 6.078374572098e-04 6.248772842810e-04 8.063364075497e-04 1.356047810987e-03
6.745005492121e-03 1.123072952032e-02 1.619746349752e-02 2.090509422123e-02 2.287505567074e-02 1.876798272133e-02 2.120072022080e-02 2.624700963497e-02 3.747446835041e-02 1.455567218363e-02 1.508507225662e-02 9.177956730127e-03 3.705218201503e-03 1.556761329994e-03 1.076799351722e-03 8.773592417128e-04 7.867782260291e-04 7.093542371877e-04 6.500761373900e-04 6.134107243270e-04 6.816991372034e-04 5.275662988424e-04 5.346914986148e-04 5.327764083631e-04 5.617513670586e-04 5.900185788050e-04 5.954254302196e-04 5.454168422148e-04 4.683638690040e-04 5.620185984299e-04 5.468623712659e-04 5.310464184731e-04 5.960433627479e-04 6.642517982982e-04 6.109388195910e-04 4.788119695149e-04 5.377951310948e-04 6.038999999873e-04 6.201483774930e-04 6.290659657679e-04 7.294618408196e-04 8.756535244174e-04 1.102963346057e-03
7.445544470102e-03 2.263244055212e-02 4.194993898273e-02 2.460563927889e-02 1.577914319932e-02 2.754634805024e-02 3.672992810607e-02 4.943067952991e-02 2.409800887108e-02 1.239885203540e-02 5.870282184333e-03 3.408798249438e-03 1.428970717825e-03 9.159518522210e-04 6.466344930232e-04 5.451152101159e-04 5.006405990571e-04 4.653602954932e-04 4.778313741554e-04 5.091693601571e-04 5.236344877630e-04 4.854352446273e-04 4.719735297840e-04 5.065860459581e-04 6.052466924302e-04 7.050116546452e-04 7.710896898061e-04 7.494652527384e-04 5.920311668888e-04 4.573930928018e-04 4.552007885650e-04 4.201427509543e-04 4.266092146281e-04 5.332955624908e-04 5.522212013602e-04 5.148049676791e-04 4.890603013337e-04 5.729373660870e-04 6.048545474187e-04 6.109389360063e-04 6.996346637607e-04 9.691944578663e-04 1.311522559263e-03
1.398551929742e-02 4.386416822672e-02 3.359229117632e-02 2.730215713382e-02 2.993503212929e-02 2.867727912962e-02 2.002535574138e-02 1.942726224661e-02 1.521150209010e-02 7.791585754603e-03 2.850203076378e-03 1.774844829924e-03 9.508895454928e-04 6.114033167250e-04 4.887282848358e-04 4.022333014291e-04 4.014886799268e-04 4.288387135603e-04 4.189620958641e-04 4.039503692184e-04 4.389668174554e-04 4.507902485784e-04 4.373012052383e-04 4.384128551465e-04 5.516817327589e-04 6.772836786695e-04 7.691367645748e-04 7.672980427742e-04 6.231474690139e-04 4.231088387314e-04 4.422294732649e-04 4.579634114634e-04 3.744808491319e-04 3.924518823624e-04 4.681305726990e-04 5.227934452705e-04 5.282131023705e-04 5.243295454420e-04 5.731659475714e-04 5.983079900034e-04 5.928019527346e-04 6.726552383043e-04 8.510739426129e-04
1.880367845297e-02 3.188998252153e-02 1.900043524802e-02 1.157472562045e-02 7.724754977971e-03 9.507621638477e-03 8.331131190062e-03 9.950279258192e-03 8.382180705667e-03 2.923778723925e-03 2.065634820610e-03 1.233666087501e-03 1.009217347018e-03 7.489467388950e-04 4.671186616179e-04 3.797068493441e-04 4.128248256166e-04 4.164249112364e-04 3.791925555561e-04 3.619912313297e-04 4.200682742521e-04 4.600717802532e-04 4.814943822566e-04 4.647120658774e-04 4.304220492486e-04 5.144182941876e-04 5.741974455304e-04 5.691705737263e-04 4.705291357823e-04 3.802815626841e-04 3.928986843675e-04 4.312878591008e-04 4.115845658816e-04 3.494246921036e-04 3.574498987291e-04 4.273082013242e-04 4.750191001222e-04 4.650593036786e-04 5.291489069350e-04 5.746524548158e-04 5.853558541276e-04 6.161717465147e-04 6.915605627000e-04
2.678786218166e-02 2.212603576481e-02 7.157559040934e-03 5.429496522993e-03 5.759353749454e-03 3.457379061729e-03 4.910290706903e-03 7.936715148389e-03 5.288963671774e-03 2.577782608569e-03 1.947262091562e-03 1.082195085473e-03 1.054426538758e-03 9.995076106861e-04 6.252958555706e-04 4.940178478137e-04 4.192787455395e-04 4.005578812212e-04 3.453970130067e-04 3.489100781735e-04 4.222667193972e-04 5.064381402917e-04 5.568540655077e-04 5.202410393395e-04 4.444064397831e-04 3.812491195276e-04 4.138860676903e-04 4.421839839779e-04 4.396866424941e-04 4.701117286459e-04 4.225390730426e-04 3.905052435584e-04 3.952329570893e-04 3.585332888179e-04 3.464207402430e-04 4.165985446889e-04 4.554883635137e-04 4.436805320438e-04 4.764958575834e-04 5.360544892028e-04 5.620864685625e-04 6.289401790127e-04 7.936181500554e-04
4.235714301467e-02 1.860183663666e-02 3.661557100713e-03 2.610333031043e-03 2.000593813136e-03 2.453881315887e-03 2.631169278175e-03 5.958697292954e-03 6.036640144885e-03 3.680826164782e-03 1.835560775362e-03 1.048875506967e-03 9.076297283173e-04 9.484398178756e-04 7.781428284943e-04 4.785149649251e-04 4.158231604379e-04 3.852293884847e-04 3.201148356311e-04 3.448836796451e-04 4.321181331761e-04 5.642358446494e-04 6.154258153401e-04 5.466180155054e-04 4.591228789650e-04 4.043892840855e-04 4.278521228116e-04 4.766117781401e-04 4.979645600542e-04 4.918248741888e-04 4.556416242849e-04 3.782286657952e-04 4.340481536929e-04 3.594161826186e-04 3.373386571184e-04 3.667275013868e-04 4.609848547261e-04 5.075520602986e-04 5.407322314568e-04 6.146206869744e-04 7.058632909320e-04 7.328216452152e-04 7.123164250515e-04
3.642072528601e-02 1.122753880918e-02 2.786059398204e-03 1.570364111103e-03 1.434855978005e-03 1.665275660343e-03 3.078339155763e-03 3.939344547689e-03 4.734949674457e-03 3.304899903014e-03 2.172526903450e-03 1.217904733494e-03 7.964631658979e-04 6.857173866592e-04 6.565541261807e-04 5.545392050408e-04 4.810707469005e-04 5.286312079988e-04 4.411811823957e-04 3.806698077824e-04 4.747388884425e-04 6.340642576106e-04 6.601391360164e-04 5.545404274017e-04 4.708776832558e-04 4.290844080970e-04 4.471967695281e-04 5.022088880651e-04 5.427179276012e-04 5.068510654382e-04 4.495509783737e-04 3.719453525264e-04 4.427306121215e-04 3.421660803724e-04 3.307136357762e-04 3.181883948855e-04 3.463331668172e-04 4.562677640934e-04 5.812531453557e-04 7.484109955840e-04 9.137637680396e-04 9.789209580049e-04 9.899555006996e-04
1.916452497244e-02 3.525306005031e-03 1.660630572587e-03 1.445795875043e-03 1.208778820001e-03 1.229879329912e-03 1.985415816307e-03 1.100055291317e-03 2.875341102481e-03 4.345686640590e-03 3.089602570981e-03 2.350900787860e-03 1.175456563942e-03 7.230381015688e-04 6.178619805723e-04 6.241273367777e-04 6.618925835937e-04 5.951459752396e-04 5.229517701082e-04 4.644066793844e-04 5.677478038706e-04 6.974513526075e-04 6.716595962644e-04 5.656487774104e-04 5.048645543866e-04 4.750551597681e-04 4.728527565021e-04 5.273313727230e-04 5.736806197092e-04 5.503182183020e-04 4.605119174812e-04 3.650381695479e-04 4.177464288659e-04 3.785036387853e-04 3.280378296040e-04 3.261780075263e-04 3.143291396555e-04 3.287075960543e-04 4.202775016893e-04 6.425051833503e-04 8.774250745773e-04 1.022983691655e-03 1.106456387788e-03
5.185954272747e-03 2.013167832047e-03 1.304658828303e-03 1.247466891073e-03 9.714852785692e-04 8.825221448205e-04 8.923787390813e-04 8.373855380341e-04 1.045889221132e-03 3.584522055462e-03 3.973586484790e-03 5.822887644172e-03 3.726425813511e-03 1.339334063232e-03 8.313187863678e-04 6.930706440471e-04 7.483616936952e-04 8.857058128342e-04 8.246073266491e-04 6.594320875593e-04 6.469764048234e-04 7.248576148413e-04 6.517707952298e-04 5.626046331599e-04 5.295017035678e-04 5.243484629318e-04 5.344021483324e-04 5.390065489337e-04 5.871251923963e-04 5.907280137762e-04 5.100702983327e-04 3.936504654121e-04 3.917361900676e-04 3.919585433323e-04 3.665656840894e-04 3.755235229619e-04 3.718531224877e-04 3.653877065517e-04 3.606493701227e-04 3.701897221617e-04 4.993580514565e-04 6.649752031080e-04 7.839387981221e-04
1.855200855061e-03 1.158130471595e-03 1.168941380456e-03 1.018949318677e-03 8.286481024697e-04 7.519409991801e-04 6.513317930512e-04 6.500955205411e-04 7.686320459470e-04 1.485380809754e-03 5.937113892287e-03 1.457697059959e-02 1.000250224024e-02 3.189352340996e-03 1.402148860507e-03 8.706662920304e-04 7.782579050399e-04 9.338412783109e-04 9.038347634487e-04 9.555480792187e-04 9.196370956488e-04 7.581236422993e-04 6.779984105378e-04 6.082623731345e-04 5.896306247450e-04 5.939809489064e-04 5.929225590080e-04 5.775863537565e-04 5.886934814043e-04 6.220876821317e-04 5.631690728478e-04 4.117854114156e-04 3.816524695139e-04 3.762698324863e-04 3.955104039051e-04 4.246136231814e-04 4.444361547939e-04 4.506335826591e-04 4.468788101804e-04 4.306863993406e-04 4.316806152929e-04 4.541701928247e-04 4.686717584264e-04
1.675963751040e-03 9.565019863658e-04 1.040399423800e-03 7.955799228512e-04 6.479900330305e-04 6.101064500399e-04 5.317598115653e-04 5.519341793843e-04 5.544174928218e-04 1.030288753100e-03 4.497454036027e-03 1.213152054697e-02 1.096809096634e-02 7.066936232150e-03 1.711654011160e-03 9.467114578001e-04 7.205845904537e-04 1.038254820742e-03 1.232358510606e-03 1.155850826763e-03 9.452705853619e-04 7.393237319775e-04 7.319119176827e-04 6.883360329084e-04 6.651768344454e-04 6.497906288132e-04 6.220205104910e-04 5.674877902493e-04 5.939995171502e-04 6.285824929364e-04 5.546181346290e-04 4.298013227526e-04 4.449861298781e-04 4.306120390538e-04 4.083044477738e-04 3.967457450926e-04 4.239134723321e-04 4.402796912473e-04 4.357258148957e-04 4.077387857251e-04 4.522618546616e-04 5.339049967006e-04 5.918479873799e-04
2.066149376333e-03 1.083960989490e-03 9.122854098678e-04 7.053199806251e-04 5.286512314342e-04 4.988123546354e-04 5.107799079269e-04 4.995109629817e-04 5.027078441344e-04 6.443579331972e-04 1.708067953587e-03 6.230066530406e-03 2.264076471329e-02 1.746987737715e-02 2.929327543825e-03 1.106225652620e-03 1.219113823026e-03 1.300423638895e-03 1.156163052656e-03 9.200486238115e-04 7.473531295545e-04 7.625975995325e-04 8.082381100394e-04 7.826074142940e-04 7.293153321370e-04 6.617089966312e-04 5.725356750190e-04 5.239428137429e-04 6.145281950012e-04 6.328189047053e-04 5.702733760700e-04 6.334882928059e-04 6.349988398142e-04 6.004770402797e-04 5.400300724432e-04 4.198081442155e-04 3.533248673193e-04 3.511720569804e-04 3.608897386584e-04 3.878827556036e-04 4.557343199849e-04 5.679366877303e-04 7.034653099254e-04
2.187759149820e-03 1.230569439940e-03 9.228944545612e-04 6.153727881610e-04 4.624981374945e-04 4.851134435739e-04 4.790418606717e-04 4.868025425822e-04 4.381168691907e-04 4.930280265398e-04 9.654685272835e-04 3.169787349179e-03 1.100182067603e-02 9.695795364678e-03 3.237899625674e-03 1.842814730480e-03 1.514546107501e-03 1.174997654743e-03 9.050759836100e-04 7.246051682159e-04 7.218486862257e-04 7.700685528107e-04 8.186487830244e-04 7.784764748067e-04 6.724039558321e-04 5.455369246192e-04 4.514698230196e-04 4.922416992486e-04 6.184609374031e-04 6.510547827929e-04 6.760632386431e-04 7.428339449689e-04 7.374613778666e-04 6.868182099424e-04 5.837308708578e-04 4.394016868901e-04 4.501626826823e-04 4.673392395489e-04 4.949935828336e-04 5.184868932702e-04 5.248662200756e-04 5.845281993970e-04 7.540773949586e-04
2.045125002041e-03 1.100287190638e-03 7.762626628391e-04 4.831931146327e-04 4.440867342055e-04 4.790312959813e-04 4.626969457604e-04 4.001808993053e-04 3.178897022735e-04 4.446897946764e-04 8.212824468501e-04 1.402946421877e-03 3.881291020662e-03 4.608791787177e-03 3.336560912430e-03 2.042923122644e-03 1.291794353165e-03 9.178956388496e-04 8.505180012435e-04 8.258482557721e-04 7.435650913976e-04 7.030249107629e-04 6.799399270676e-04 5.973553052172e-04 4.712429363281e-04 4.205569857731e-04 4.151194007136e-04 4.439185140654e-04 5.771326250397e-04 6.463447934948e-04 4.788863880094e-04 5.219544400461e-04 5.219776649028e-04 4.880132037215e-04 4.748576029669e-04 5.190091906115e-04 5.609294166788e-04 6.163895595819e-04 6.767421728000e-04 7.106907432899e-04 6.977498414926e-04 6.500753224827e-04 7.400985341519e-04
1.827038475312e-03 8.135736570694e-04 5.578008713201e-04 3.462237946223e-04 4.157569201197e-04 4.613186756615e-04 4.418998432811e-04 3.646194818430e-04 2.692184934858e-04 4.002369241789e-04 7.379807648249e-04 1.142163877375e-03 2.700640354306e-03 3.462297841907e-03 2.690523862839e-03 1.592794549651e-03 9.859782876447e-04 9.148397366516e-04 9.000815916806e-04 7.545094122179e-04 5.998167325743e-04 5.009731394239e-04 4.383285413496e-04 3.673058527056e-04 3.444240719546e-04 3.389410267118e-04 3.402516304050e-04 3.775603545364e-04 5.030226893723e-04 5.892724147998e-04 4.575849452522e-04 3.591874556150e-04 3.427293559071e-04 4.379540914670e-04 5.181090091355e-04 5.884830607101e-04 6.700057419948e-04 7.713850354776e-04 8.664107299410e-04 9.050010703504e-04 8.607214549556e-04 7.588292937726e-04 7.295729010366e-04
