100/SI/f85_max.grd
DSAA
101	101
32.816463539100	34.260883539100
35.556306596100	36.727886596100
1.243565657205e-05	2.051699161530e+00
[rows 57 to 75 of 101, columns 43 to 85 of 101]
8.615539409220e-03 1.024648919702e-02 5.222646985203e-03 5.787018686533e-03 5.726528819650e-03 9.202839806676e-03 1.036467682570e-02 1.395982783288e-02 1.218912377954e-02 6.646689493209e-03 4.623646382242e-03 3.884053789079e-03 2.859548199922e-03 5.073572508991e-03 2.122641354799e-02 7.126508653164e-02 1.574056893587e-01 1.485511213541e-01 2.148920297623e-01 7.248136401176e-02 2.092638611794e-02 1.599936932325e-02 2.895884402096e-02 5.316724255681e-02 9.097713232040e-02 8.249014616013e-02 8.974439650774e-02 7.281652092934e-02 9.475999325514e-02 8.755265176296e-02 9.246447682381e-02 6.891565024853e-02 7.150460779667e-02 1.004188135266e-01 6.236517801881e-02 3.918205201626e-02 4.572997987270e-02 6.409037113190e-02 8.035946637392e-02 5.813303962350e-02 2.422767505050e-02 2.131339907646e-02 2.060647867620e-02
6.878634914756e-03 1.160513889045e-02 4.218891263008e-03 4.486371763051e-03 4.444352351129e-03 6.680759135634e-03 1.301450747997e-02 4.185895621777e-02 3.329563885927e-02 7.167916744947e-03 4.268336575478e-03 2.926311921328e-03 2.251351717860e-03 2.225802280009e-03 4.420040640980e-03 4.249296709895e-02 4.976398497820e-02 5.169966444373e-02 4.200275614858e-02 4.250667616725e-02 3.103772550821e-02 2.357878163457e-02 1.819225400686e-02 1.099131908268e-02 2.842528931797e-02 5.659415945411e-02 9.879745543003e-02 1.007345914841e-01 1.099121123552e-01 6.036610156298e-02 7.965332269669e-02 7.265717536211e-02 6.228337064385e-02 5.473255738616e-02 5.564541742206e-02 4.181736335158e-02 4.105703160167e-02 4.942630603909e-02 4.858206585050e-02 4.451329261065e-02 4.620790854096e-02 4.845757409930e-02 4.535769298673e-02
5.737060680985e-03 5.532992538065e-03 3.840153338388e-03 4.082146100700e-03 4.150437191129e-03 6.079971790314e-03 1.848958432674e-02 4.899964481592e-02 4.775256291032e-02 1.069045905024e-02 4.417794290930e-03 2.503768540919e-03 1.777302473783e-03 1.616379013285e-03 1.655379543081e-03 2.071447437629e-03 2.850358374417e-03 3.882351331413e-03 5.029629915953e-03 6.224974058568e-03 7.321876473725e-03 8.600720204413e-03 5.787476897240e-03 5.816116463393e-03 1.391681935638e-02 6.473261862993e-02 1.115060448647e-01 1.266236156225e-01 1.216373145580e-01 1.227515637875e-01 8.084863424301e-02 7.008884102106e-02 5.947791785002e-02 5.414026975632e-02 7.602997124195e-02 6.553594768047e-02 5.436534434557e-02 3.403769806027e-02 3.658409416676e-02 3.073731623590e-02 2.709752134979e-02 2.558893896639e-02 2.236114628613e-02
5.291827023029e-03 4.764077253640e-03 3.715907456353e-03 4.138087853789e-03 4.699891898781e-03 6.172778550535e-03 4.488135129213e-02 4.818136617541e-02 5.891994386911e-02 8.240308612585e-03 3.874699119478e-03 2.413949230686e-03 1.611316576600e-03 1.307792495936e-03 1.248526154086e-03 1.315162982792e-03 1.610030303709e-03 2.121485536918e-03 3.051326610148e-03 3.561199177057e-03 4.079875070602e-03 8.181968703866e-03 4.204829223454e-03 3.872400848195e-03 1.185948774219e-02 2.643738873303e-02 9.445690363646e-02 1.049955412745e-01 1.114826053381e-01 1.190983429551e-01 9.927297383547e-02 7.686224579811e-02 5.340904742479e-02 6.848879158497e-02 4.765105992556e-02 4.192920401692e-02 3.476497158408e-02 2.873814851046e-02 2.701577357948e-02 2.659765444696e-02 2.816810086370e-02 3.999606892467e-02 5.566793307662e-02
4.483133554459e-03 3.491881303489e-03 3.650435712188e-03 4.390164744109e-03 6.827850360423e-03 1.116201654077e-02 3.384505957365e-02 7.526116073132e-02 2.899906784296e-02 4.594454076141e-03 2.819729968905e-03 2.056650584564e-03 1.470535644330e-03 1.103640650399e-03 1.009903149679e-03 1.010732026771e-03 1.099099521525e-03 1.472847070545e-03 2.028288086876e-03 2.319641876966e-03 2.408193424344e-03 5.002854391932e-03 2.990421606228e-03 3.255576128140e-03 7.270619273186e-03 2.479344606400e-02 6.709443777800e-02 9.107552468777e-02 9.459179639816e-02 7.215369492769e-02 5.557538568974e-02 7.953448593616e-02 5.438867583871e-02 3.835097700357e-02 4.259771108627e-02 5.385724082589e-02 4.876908659935e-02 3.447481244802e-02 3.218508139253e-02 3.136194497347e-02 3.039801865816e-02 3.376690670848e-02 4.187531769276e-02
3.252671565861e-03 2.681270940229e-03 3.353356849402e-03 7.890944369137e-03 1.808122918010e-02 4.175678640604e-02 6.089698150754e-02 3.832613676786e-02 4.074728116393e-03 2.785135759041e-03 2.001312794164e-03 1.649318030104e-03 1.286560553126e-03 1.051560975611e-03 9.257326601073e-04 9.642434888519e-04 1.007985789329e-03 1.218182267621e-03 1.758334576152e-03 2.163189928979e-03 2.297604223713e-03 2.432609209791e-03 2.443839795887e-03 3.639176953584e-03 8.841695263982e-03 2.314325049520e-02 2.840118482709e-02 2.839213795960e-02 5.482319742441e-02 6.348464637995e-02 7.444349676371e-02 4.748767241836e-02 6.145026162267e-02 4.512205719948e-02 5.050936713815e-02 5.958078056574e-02 1.191181614995e-01 7.515930384398e-02 4.423705115914e-02 3.621492907405e-02 3.725161030889e-02 3.660279884934e-02 3.535142913461e-02
2.099185250700e-03 2.195802517235e-03 2.776551293209e-03 3.508624620736e-03 7.743428461254e-03 4.787946119905e-02 3.106761910021e-02 4.148458596319e-03 2.422411693260e-03 2.136098686606e-03 1.791281509213e-03 1.513459254056e-03 1.185994478874e-03 1.011721673422e-03 9.014485403895e-04 9.941295720637e-04 1.029170467518e-03 1.004234421998e-03 1.446065609343e-03 1.845288788900e-03 2.084833104163e-03 2.073328942060e-03 2.597335260361e-03 4.213243722916e-03 1.313888747245e-02 2.606684342027e-02 1.544448360801e-02 2.025360427797e-02 1.886228471994e-02 9.741337597370e-02 1.417258828878e-01 7.667481154203e-02 4.210183024406e-02 5.763500183821e-02 2.278273552656e-02 2.397775650024e-02 8.890502154827e-02 4.278244450688e-02 3.483581170440e-02 2.669370546937e-02 2.742869965732e-02 3.058494254947e-02 3.295796737075e-02
1.763272448443e-03 1.918045338243e-03 2.248504431918e-03 2.844405826181e-03 3.216133452952e-03 4.477264825255e-03 4.950183443725e-03 3.375152125955e-03 1.756118028425e-03 1.812841161154e-03 1.589011750184e-03 1.454192213714e-03 1.190044684336e-03 9.628325933591e-04 9.847467299551e-04 1.003946643323e-03 1.073104678653e-03 1.063255593181e-03 1.217905548401e-03 1.563890720718e-03 1.859085285105e-03 1.973906299099e-03 2.079635392874e-03 3.462521592155e-03 9.717145934701e-03 5.997206550092e-03 5.799590144306e-03 9.490808472037e-03 2.151699550450e-02 4.261831939220e-02 4.465188831091e-02 5.638502538204e-02 8.984087407589e-02 4.822232574224e-02 4.595430567861e-02 3.570431098342e-02 3.653730079532e-02 3.095282800496e-02 1.648064702749e-02 2.056708373129e-02 2.008880302310e-02 2.166812866926e-02 2.725470438600e-02
1.386640942656e-03 1.562737976201e-03 1.862272736616e-03 2.283937530592e-03 2.455196343362e-03 2.732094144449e-03 2.890556585044e-03 1.808692933992e-03 1.540668425150e-03 1.603118376806e-03 1.494557363912e-03 1.295985188335e-03 1.083014998585e-03 9.710158919916e-04 9.613600559533e-04 1.101421192288e-03 1.082984963432e-03 9.310987079516e-04 1.076292013749e-03 1.366145559587e-03 1.616899273358e-03 1.890092273243e-03 2.680806210265e-03 2.807522425428e-03 2.850367454812e-03 3.977508284152e-03 3.870714921504e-03 9.501981548965e-03 1.328773144633e-02 1.787731796503e-02 3.711764141917e-02 6.505097448826e-02 4.825237393379e-02 8.801962435246e-02 5.630009248853e-02 3.165210038424e-02 2.631071768701e-02 2.390723302960e-02 2.873753942549e-02 2.704839222133e-02 3.370989486575e-02 3.315194696188e-02 3.856304660439e-02
1.279976684600e-03 1.265709404834e-03 1.424753456376e-03 1.617162139155e-03 1.743069849908e-03 1.716426573694e-03 1.639439840801e-03 1.581933698617e-03 1.711524208076e-03 1.691660028882e-03 1.575750531629e-03 1.372942002490e-03 1.123156631365e-03 9.953294647858e-04 8.995865355246e-04 8.820896619000e-04 9.949892992154e-04 1.009005471133e-03 1.019462943077e-03 1.230309717357e-03 1.424708752893e-03 1.680868095718e-03 2.575360937044e-03 2.899983664975e-03 3.127008210868e-03 6.480451207608e-03 8.910438045859e-03 1.145008299500e-02 1.606484688818e-02 1.735855266452e-02 3.796957433224e-02 7.205279916525e-02 3.404457122087e-02 3.629826754332e-02 6.420534104109e-02 5.430956929922e-02 3.771146386862e-02 3.206017985940e-02 4.008984565735e-02 2.064299769700e-02 2.739188633859e-02 3.320861235261e-02 3.964941576123e-02
1.051650266163e-03 1.191297778860e-03 1.251123030670e-03 1.264647580683e-03 1.416355255060e-03 1.527125248685e-03 1.645094016567e-03 1.460220315494e-03 1.404894283041e-03 1.449447241612e-03 1.556961215101e-03 1.549524487928e-03 1.333751832135e-03 1.131327007897e-03 1.072439714335e-03 9.692889871076e-04 8.349785930477e-04 9.266531560570e-04 1.049154787324e-03 1.159717212431e-03 1.273278263398e-03 1.462371088564e-03 2.191482577473e-03 2.138278912753e-03 2.373396418989e-03 5.861978046596e-03 1.253056060523e-02 1.691254600883e-02 2.378565259278e-02 1.249577943236e-02 3.684903681278e-02 1.844316907227e-02 1.979123055935e-02 2.282473444939e-02 3.647096455097e-02 3.998915106058e-02 5.174294486642e-02 4.713847488165e-02 3.504652157426e-02 2.995461225510e-02 2.295952104032e-02 2.472029067576e-02 1.989453472197e-02
1.029069651850e-03 1.137992599979e-03 1.132457284257e-03 1.152753946371e-03 1.231882022694e-03 1.372013008222e-03 1.484940876253e-03 1.326443394646e-03 1.039286376908e-03 1.109842211008e-03 1.204961910844e-03 1.414918224327e-03 1.469122827984e-03 1.220918493345e-03 1.151885371655e-03 1.395141123794e-03 1.236921409145e-03 1.005370751955e-03 1.094567356631e-03 1.139566767961e-03 1.390402438119e-03 1.543388585560e-03 1.719463383779e-03 2.116815885529e-03 2.457081573084e-03 4.275584593415e-03 9.011320769787e-03 1.074372231960e-02 1.475189998746e-02 8.354685269296e-03 1.776370592415e-02 1.361861918122e-02 2.261712774634e-02 1.380103733391e-02 2.726313844323e-02 2.037211880088e-02 3.230378031731e-02 3.964000940323e-02 3.533865883946e-02 4.767486453056e-02 4.336719959974e-02 3.468980640173e-02 3.049940802157e-02
9.909094078466e-04 1.071409205906e-03 1.030443701893e-03 1.049274578691e-03 1.053939457051e-03 1.028058351949e-03 1.138734514825e-03 1.076561049558e-03 1.284528989345e-03 1.390928402543e-03 1.262489473447e-03 1.274470123462e-03 1.403383561410e-03 1.460866653360e-03 1.339363167062e-03 1.729580224492e-03 1.539805554785e-03 1.175000914373e-03 1.181850209832e-03 1.175513374619e-03 1.350923324935e-03 1.465385081246e-03 1.641580951400e-03 2.183576580137e-03 2.566816750914e-03 3.830105997622e-03 5.753712262958e-03 6.650113500655e-03 7.128308061510e-03 9.010232053697e-03 1.510899420828e-02 2.314606867731e-02 1.559046190232e-02 3.707305714488e-02 1.299565937370e-02 1.695602573454e-02 3.457161784172e-02 4.840135946870e-02 2.371256612241e-02 2.680757641792e-02 1.709808968008e-02 3.216670081019e-02 2.839195542037e-02
8.837301866151e-04 9.550898685120e-04 9.184396476485e-04 9.029702050611e-04 8.382799569517e-04 8.480526157655e-04 8.949555922300e-04 1.181158237159e-03 1.468001282774e-03 1.508775050752e-03 1.318635186180e-03 1.454459154047e-03 1.618809881620e-03 1.574626658112e-03 1.562780700624e-03 1.617282279767e-03 1.741969957948e-03 2.038717269897e-03 1.826325082220e-03 1.640027505346e-03 1.685420749709e-03 1.815905678086e-03 2.169787418097e-03 2.218625508249e-03 2.688436536118e-03 3.305309219286e-03 5.399971734732e-03 5.418204236776e-03 9.753460995853e-03 1.971276849508e-02 2.447842806578e-02 1.247285585850e-02 1.252118684351e-02 3.770503774285e-02 1.996057108045e-02 2.457154355943e-02 2.179911546409e-02 2.825052849948e-02 2.063157968223e-02 7.907825522125e-03 7.529363501817e-03 1.016469486058e-02 2.009502053261e-02
8.142168517224e-04 8.152225054801e-04 8.088047034107e-04 7.978132925928e-04 8.196934359148e-04 8.676725556143e-04 9.218417108059e-04 1.101810135879e-03 1.235743984580e-03 1.175575191155e-03 1.384320319630e-03 1.489625079557e-03 1.446030335501e-03 1.519787590951e-03 2.075680065900e-03 2.889870665967e-03 3.278884803876e-03 4.156134556979e-03 4.147240892053e-03 4.467517137527e-03 3.186114598066e-03 3.042036434636e-03 3.527629887685e-03 2.954109339043e-03 3.369813319296e-03 4.657759796828e-03 1.397426705807e-02 1.304021105170e-02 1.263708248734e-02 1.702524162829e-02 9.541160427034e-03 1.005778461695e-02 1.348793134093e-02 7.728554774076e-03 4.181604087353e-02 5.820729583502e-02 5.196732655168e-02 1.204054150730e-02 5.701608490199e-03 4.713410977274e-03 4.607251379639e-03 5.447352305055e-03 5.747077520937e-03
7.567451102659e-04 7.850897382013e-04 7.546273409389e-04 8.125116582960e-04 8.712155395187e-04 9.968976955861e-04 9.972554398701e-04 1.154698198661e-03 1.264731865376e-03 1.471753465012e-03 1.524385414086e-03 1.809692941606e-03 1.896292786114e-03 1.753013231792e-03 4.260139539838e-03 1.528876740485e-02 1.208342611790e-02 7.162233814597e-03 8.049196563661e-03 1.002869103104e-02 7.412815466523e-03 3.903536358848e-03 4.542803857476e-03 5.691635888070e-03 5.526160355657e-03 1.030585821718e-02 1.449646800756e-02 1.284160651267e-02 1.047040708363e-02 9.454130195081e-03 1.072945818305e-02 1.001547463238e-02 7.567291613668e-03 6.310673430562e-03 1.071115117520e-02 4.919249191880e-02 5.125305429101e-02 1.057143881917e-02 3.764993743971e-03 3.835728624836e-03 3.454387187958e-03 3.319432260469e-03 5.456252489239e-03
7.587691070512e-04 8.175564580597e-04 1.033954904415e-03 1.155732548796e-03 1.061499468051e-03 1.759380567819e-03 2.068440895528e-03 2.103130565956e-03 1.778965699486e-03 1.741476124153e-03 1.909725600854e-03 2.399989636615e-03 2.391544170678e-03 8.831697516143e-03 6.243323534727e-02 7.864300906658e-02 3.670415654778e-02 2.086052857339e-02 1.667785830796e-02 1.305711269379e-02 6.242485716939e-03 6.193851586431e-03 1.352157630026e-02 2.884749136865e-02 2.365656010807e-02 1.261404808611e-02 1.473108306527e-02 1.197894476354e-02 1.270025223494e-02 8.790290914476e-03 2.176772989333e-02 8.710009977221e-03 6.689807400107e-03 4.729999694973e-03 3.143407870084e-03 1.013703458011e-02 1.118857320398e-02 2.738339593634e-03 1.842424506322e-03 2.168391598389e-03 2.681294688955e-03 2.997693372890e-03 2.803230425343e-03
9.295635973103e-04 1.462476328015e-03 1.993884099647e-03 2.166734077036e-03 2.795989159495e-03 3.717008046806e-03 3.651824314147e-03 3.221215680242e-03 2.769497921690e-03 2.135837217793e-03 2.578000538051e-03 2.849842887372e-03 1.586022228003e-02 8.749090880156e-02 1.196985393763e-01 4.175012186170e-02 1.312744244933e-02 8.028948679566e-03 8.182906545699e-03 7.151450030506e-03 6.864521652460e-03 1.563068851829e-02 3.080744855106e-02 4.094671085477e-02 3.294075280428e-02 1.694497838616e-02 1.168359909207e-02 8.587539196014e-03 7.774974685162e-03 6.923667620867e-03 9.356258437037e-03 4.292865283787e-03 4.856176208705e-03 3.937599249184e-03 2.474146196619e-03 1.467234338634e-03 1.211266964674e-03 1.179480110295e-03 1.238706172444e-03 1.542992191389e-03 2.072035800666e-03 2.620696322992e-03 2.681271638721e-03
1.539913238958e-03 2.302903914824e-03 3.059413516894e-03 4.112451802939e-03 7.958188652992e-03 7.878268137574e-03 1.101885270327e-02 7.975455373526e-03 9.067581035197e-03 5.386653356254e-03 3.014752641320e-03 2.067790739238e-02 8.332398533821e-02 8.295743167400e-02 2.170830406249e-02 6.522573996335e-03 1.210259832442e-02 1.598954945803e-02 1.130107417703e-02 1.314393710345e-02 1.589562743902e-02 1.599247381091e-02 2.329695597291e-02 1.903103291988e-02 1.288010738790e-02 1.003628782928e-02 6.256221793592e-03 2.430190565065e-03 2.495898166671e-03 2.466682810336e-03 3.159656189382e-03 2.311638789251e-03 2.037853235379e-03 1.408365438692e-03 1.440325635485e-03 1.467288937420e-03 1.514811301604e-03 1.590338302776e-03 1.691621611826e-03 1.822070102207e-03 1.842490979470e-03 2.199629088864e-03 2.790667116642e-03
