100/SI/f86.grd
DSAA
101	101
32.816463539100	34.260883539100
35.556306596100	36.727886596100
2.963729639305e-05	4.820261001587e+00
[rows 76 to 94 of 101, columns 43 to 85 of 101]
7.439418230206e-03 6.348947528750e-03 1.157876104116e-02 2.926732599735e-02 3.119802847505e-02 6.222142279148e-02 9.933587163687e-02 1.116869822145e-01 6.913519650698e-02 1.932070404291e-02 6.968735158443e-02 1.560589969158e-01 1.165683642030e-01 3.159641101956e-02 1.386071834713e-02 1.994847320020e-02 2.153336443007e-02 1.130787096918e-02 1.047742273659e-02 1.299385167658e-02 4.729123786092e-02 1.072078570724e-01 2.494327910244e-02 1.658036932349e-02 1.200766023248e-02 8.046139031649e-03 4.084488376975e-03 3.511725692078e-03 3.421617904678e-03 3.227476263419e-03 3.069211496040e-03 3.197986865416e-03 3.365806303918e-03 3.568792948499e-03 3.602882381529e-03 3.352019470185e-03 3.074085805565e-03 2.873524790630e-03 2.733568660915e-03 2.650780603290e-03 2.950733760372e-03 4.523270297796e-03 6.168699357659e-03
1.227129157633e-02 1.638945750892e-02 2.097924053669e-02 2.187788859010e-02 2.975796908140e-02 4.119266569614e-02 5.322920903563e-02 5.017566308379e-02 8.038821071386e-02 1.171948462725e-01 1.160110235214e-01 5.561081320047e-02 4.079834371805e-02 3.556448593736e-02 2.295051701367e-02 2.577764540911e-02 7.283839862794e-03 4.079632926732e-03 5.137228406966e-03 5.749780684710e-03 4.362079314888e-03 5.234831478447e-03 8.308269083500e-03 8.216071873903e-03 7.451711688191e-03 4.569788463414e-03 2.229320816696e-03 2.001345623285e-03 2.344482345507e-03 2.700201002881e-03 2.879426116124e-03 2.941684797406e-03 2.924972446635e-03 2.796136541292e-03 2.431423170492e-03 1.951222540811e-03 1.562297111377e-03 1.552145928144e-03 1.644778414629e-03 1.899943337776e-03 2.386840991676e-03 4.071712959558e-03 5.446446593851e-03
2.584304660559e-02 3.896447643638e-02 2.589326165617e-02 1.202575303614e-02 1.431720610708e-02 5.110907927155e-02 1.433243304491e-01 1.908299326897e-01 1.429803073406e-01 7.068364322186e-02 3.851728513837e-02 2.526698447764e-02 1.775963604450e-02 2.873052656651e-02 2.562707848847e-02 9.115512482822e-03 3.007743274793e-03 2.690269378945e-03 2.825667150319e-03 3.830132540315e-03 2.858540508896e-03 2.608960494399e-03 3.024534322321e-03 3.364523407072e-03 3.047763369977e-03 2.780503360555e-03 2.252612728626e-03 2.343539847061e-03 1.972438301891e-03 2.261831425130e-03 2.367233624682e-03 2.206020522863e-03 2.106572734192e-03 2.035554731265e-03 1.432963763364e-03 1.382578862831e-03 1.468391157687e-03 1.462958287448e-03 1.432618941180e-03 1.513499650173e-03 1.850427826867e-03 3.535597119480e-03 5.184174515307e-03
3.710918873549e-02 4.305147007108e-02 1.448991522193e-02 1.521227974445e-02 5.260122939944e-02 9.406032413244e-02 9.706144779921e-02 8.342161774635e-02 6.935140490532e-02 3.334572166204e-02 3.037704527378e-02 3.642600029707e-02 2.303203754127e-02 1.513896323740e-02 6.081390660256e-03 3.349940292537e-03 2.079588826746e-03 1.979684922844e-03 1.901118899696e-03 2.398089971393e-03 2.115084091201e-03 2.116202842444e-03 1.968712545931e-03 1.944773481227e-03 1.883591292426e-03 1.922354334965e-03 1.857382361777e-03 1.888282247819e-03 2.031891141087e-03 1.946291304193e-03 1.971877180040e-03 1.625047181733e-03 1.801016274840e-03 1.889650593512e-03 1.504104468040e-03 1.146543072537e-03 1.372055732645e-03 1.460084458813e-03 1.466363901272e-03 1.440812833607e-03 1.477609039284e-03 1.900319359265e-03 3.196058329195e-03
1.622336544096e-02 2.672674693167e-02 3.848534449935e-02 4.930939897895e-02 5.435864254832e-02 4.464914649725e-02 5.224364250898e-02 6.143419072032e-02 8.768420666456e-02 3.602502867579e-02 3.731339797378e-02 2.242740988731e-02 9.120550006628e-03 3.715746803209e-03 2.572997473180e-03 2.091466682032e-03 1.873535802588e-03 1.688479213044e-03 1.546902465634e-03 1.466019544750e-03 1.629252335988e-03 1.253911061212e-03 1.270577544346e-03 1.265905448236e-03 1.333978376351e-03 1.400545239449e-03 1.412832876667e-03 1.293853740208e-03 1.114903716370e-03 1.337401103228e-03 1.298488117754e-03 1.257835305296e-03 1.411144039594e-03 1.576107111759e-03 1.449862378649e-03 1.136614824645e-03 1.274453359656e-03 1.431202632375e-03 1.469795475714e-03 1.489315996878e-03 1.726879505441e-03 2.072470728308e-03 2.610930241644e-03
1.757240854204e-02 5.343998968601e-02 9.901853650808e-02 5.974179878831e-02 3.897783905268e-02 6.444052606821e-02 8.586438745260e-02 1.155880466104e-01 5.753109231591e-02 2.998180687428e-02 1.449167355895e-02 8.469349704683e-03 3.390617202967e-03 2.190537285060e-03 1.533658592962e-03 1.301546348259e-03 1.194091746584e-03 1.109401346184e-03 1.138066058047e-03 1.211416907609e-03 1.251683104783e-03 1.160128857009e-03 1.121246721596e-03 1.203280757181e-03 1.436929684132e-03 1.672955928370e-03 1.828942098655e-03 1.777104684152e-03 1.403785543516e-03 1.089142053388e-03 1.083505689166e-03 9.993234416470e-04 1.012098742649e-03 1.265287282877e-03 1.310582971200e-03 1.222169492394e-03 1.158783445135e-03 1.357614411972e-03 1.433344674297e-03 1.447779126465e-03 1.656352193095e-03 2.293984638527e-03 3.103728406131e-03
3.304041177034e-02 1.037068217993e-01 8.050122857094e-02 6.396089494228e-02 7.005558907986e-02 6.703171133995e-02 4.846193641424e-02 4.752585291862e-02 3.637132793665e-02 1.887740567327e-02 7.143018767238e-03 4.508244805038e-03 2.257555723190e-03 1.464959117584e-03 1.157663878985e-03 9.503031033091e-04 9.506514761597e-04 1.015145564452e-03 9.916833369061e-04 9.615115122870e-04 1.043843338266e-03 1.077294582501e-03 1.038608141243e-03 1.041046343744e-03 1.309660961851e-03 1.606974867173e-03 1.824106089771e-03 1.819194410928e-03 1.477365149185e-03 1.009764033370e-03 1.053811400197e-03 1.089966739528e-03 8.909853058867e-04 9.310935856774e-04 1.110697514378e-03 1.240681973286e-03 1.253793132491e-03 1.242358004674e-03 1.358129666187e-03 1.417705789208e-03 1.404512091540e-03 1.592772197910e-03 2.014826051891e-03
4.470288380980e-02 7.588654011488e-02 4.456064105034e-02 2.764608897269e-02 1.859771460295e-02 2.307595312595e-02 2.073659747839e-02 2.479142695665e-02 2.023282647133e-02 7.071517873555e-03 5.238290876150e-03 3.152083605528e-03 2.391059650108e-03 1.773573574610e-03 1.105878385715e-03 8.992865914479e-04 9.775724029168e-04 9.859210113063e-04 8.977947290987e-04 8.615862461738e-04 9.986527729779e-04 1.092863851227e-03 1.143085537478e-03 1.102911308408e-03 1.021874719299e-03 1.220640027896e-03 1.361930859275e-03 1.349648227915e-03 1.115730730817e-03 9.090629755519e-04 9.373192442581e-04 1.027377322316e-03 9.796939557418e-04 8.301577763632e-04 8.505814475939e-04 1.013969653286e-03 1.127192750573e-03 1.101958448999e-03 1.253807567991e-03 1.361590344459e-03 1.386891584843e-03 1.458783284761e-03 1.636608154513e-03
6.460704654455e-02 5.248431116343e-02 1.707180589437e-02 1.288101263344e-02 1.365072093904e-02 8.353907614946e-03 1.232224609703e-02 1.928748935461e-02 1.283559855074e-02 6.120092235506e-03 4.872036632150e-03 2.564251888543e-03 2.496577333659e-03 2.365266671404e-03 1.479364000261e-03 1.169048598967e-03 9.918982395902e-04 9.486826602370e-04 8.181818411686e-04 8.302889182232e-04 1.003607874736e-03 1.202626619488e-03 1.321513322182e-03 1.234239665791e-03 1.054195687175e-03 9.043816244230e-04 9.878188138828e-04 1.054700813256e-03 1.048385631293e-03 1.115827704780e-03 1.002441276796e-03 9.254945325665e-04 9.416995453648e-04 8.536085369997e-04 8.249637321569e-04 9.913037065417e-04 1.083485898562e-03 1.055032946169e-03 1.129104290158e-03 1.270149252377e-03 1.331744017079e-03 1.488585839979e-03 1.884657191113e-03
1.022212058306e-01 4.496438428760e-02 8.713124319911e-03 6.193394772708e-03 4.770345985889e-03 5.849761422724e-03 6.322839763016e-03 1.419811788946e-02 1.436310820282e-02 8.742121979594e-03 4.352423828095e-03 2.484386088327e-03 2.148090628907e-03 2.243125578389e-03 1.839687465690e-03 1.131276716478e-03 9.853653609753e-04 9.129493846558e-04 7.589122978970e-04 8.206625352614e-04 1.026800251566e-03 1.339380512945e-03 1.460061990656e-03 1.296529080719e-03 1.088890247047e-03 9.589817491360e-04 1.020970288664e-03 1.136911916547e-03 1.187447458506e-03 1.168176066130e-03 1.081837574020e-03 8.961348212324e-04 1.028685946949e-03 8.566204342060e-04 8.033711928874e-04 8.727746899240e-04 1.096779480577e-03 1.207216409966e-03 1.285755424760e-03 1.460942905396e-03 1.677263760939e-03 1.741040381603e-03 1.692351885140e-03
8.658994734287e-02 2.707749791443e-02 6.621068809181e-03 3.711356315762e-03 3.408952616155e-03 3.953756298870e-03 7.357017602772e-03 9.400129318237e-03 1.143076270819e-02 7.967606186867e-03 5.235426127911e-03 2.884830348194e-03 1.912450068630e-03 1.621623872779e-03 1.551864203066e-03 1.310452003963e-03 1.142678200267e-03 1.254742383026e-03 1.046696095727e-03 9.055969421752e-04 1.127722673118e-03 1.504410291091e-03 1.565491780639e-03 1.314950175583e-03 1.116498722695e-03 1.017252448946e-03 1.066831406206e-03 1.197874080390e-03 1.294174580835e-03 1.208233414218e-03 1.068097539246e-03 8.831141167320e-04 1.049096812494e-03 8.148183114827e-04 7.883075741120e-04 7.580533856526e-04 8.240641909651e-04 1.085353782400e-03 1.382296904922e-03 1.779266167432e-03 2.171843079850e-03 2.326697576791e-03 2.353222575039e-03
4.572387412190e-02 8.570921607316e-03 3.946951124817e-03 3.415188053623e-03 2.855841303244e-03 2.945780288428e-03 4.749370738864e-03 2.631953451782e-03 6.941493134946e-03 1.048041880131e-02 7.479365915060e-03 5.695492494851e-03 2.823876217008e-03 1.731254393235e-03 1.476403791457e-03 1.483768224716e-03 1.571953063831e-03 1.412666169927e-03 1.247417414561e-03 1.104385592043e-03 1.348331337795e-03 1.654615509324e-03 1.592618296854e-03 1.341040246189e-03 1.196792232804e-03 1.125922310166e-03 1.126890419982e-03 1.257740543224e-03 1.367969671264e-03 1.311787869781e-03 1.097031054087e-03 8.682675543241e-04 9.898296557367e-04 8.971978095360e-04 7.829462410882e-04 7.777745486237e-04 7.490414427593e-04 7.828261004761e-04 9.996104054153e-04 1.527711749077e-03 2.086038235575e-03 2.432551933452e-03 2.631516894326e-03
1.241992413998e-02 4.786099772900e-03 3.082260955125e-03 2.947127213702e-03 2.302729291841e-03 2.108168555424e-03 2.137408591807e-03 2.019685227424e-03 2.525509800762e-03 8.645522408187e-03 9.569405578077e-03 1.403993181884e-02 8.975505828857e-03 3.212994895875e-03 1.988109201193e-03 1.655240077525e-03 1.781941973604e-03 2.109294291586e-03 1.964817754924e-03 1.572396140546e-03 1.536531606689e-03 1.719962456264e-03 1.545799081214e-03 1.333982567303e-03 1.255223993212e-03 1.242660800926e-03 1.266147824936e-03 1.285463338718e-03 1.400007167831e-03 1.407966134138e-03 1.214988064021e-03 9.370672050864e-04 9.280210360885e-04 9.289422305301e-04 8.691696566530e-04 8.902043919079e-04 8.813597960398e-04 8.657408179715e-04 8.541259448975e-04 8.817452471703e-04 1.187607529573e-03 1.581992604770e-03 1.865324564278e-03
4.416543059051e-03 2.776063978672e-03 2.762039192021e-03 2.407969674096e-03 1.964556751773e-03 1.782710198313e-03 1.559544587508e-03 1.569677260704e-03 1.852880232036e-03 3.582363016903e-03 1.431939937174e-02 3.516656532884e-02 2.409851923585e-02 7.657951209694e-03 3.358025336638e-03 2.081298502162e-03 1.852745190263e-03 2.223858842626e-03 2.153878333047e-03 2.267611911520e-03 2.181779127568e-03 1.798310317099e-03 1.608162303455e-03 1.442363951355e-03 1.397862797603e-03 1.407745294273e-03 1.404844340868e-03 1.368169207126e-03 1.403636648320e-03 1.482623745687e-03 1.341302995570e-03 9.799990803003e-04 9.037849376909e-04 8.912764023989e-04 9.382548741996e-04 1.007001264952e-03 1.053823856637e-03 1.068245386705e-03 1.058824243955e-03 1.019948511384e-03 1.029205392115e-03 1.083515351638e-03 1.119595952332e-03
4.021481610835e-03 2.261114306748e-03 2.458798233420e-03 1.880668569356e-03 1.536405761726e-03 1.461116131395e-03 1.277315313928e-03 1.303659402765e-03 1.336847199127e-03 2.478966489434e-03 1.083705760539e-02 2.923007681966e-02 2.630254812539e-02 1.693863421679e-02 4.104964435101e-03 2.245975425467e-03 1.709044794552e-03 2.466016216204e-03 2.925385255367e-03 2.742709359154e-03 2.242502756417e-03 1.754325698130e-03 1.735757337883e-03 1.631961320527e-03 1.576683018357e-03 1.539796707220e-03 1.473603304476e-03 1.344069023617e-03 1.415882958099e-03 1.497789751738e-03 1.320631243289e-03 1.017433824018e-03 1.053470303304e-03 1.019492279738e-03 9.665519464761e-04 9.414172382094e-04 1.005615224130e-03 1.044196775183e-03 1.033039065078e-03 9.662089869380e-04 1.079198671505e-03 1.274001551792e-03 1.413682010025e-03
4.958324134350e-03 2.591231372207e-03 2.179617760703e-03 1.683999085799e-03 1.265596132725e-03 1.194686861709e-03 1.226100721397e-03 1.197779900394e-03 1.201046281494e-03 1.548962434754e-03 4.103937186301e-03 1.493376959115e-02 5.425203964114e-02 4.185925051570e-02 7.008825894445e-03 2.625113818794e-03 2.896614139900e-03 3.088263329118e-03 2.744623692706e-03 2.183442004025e-03 1.773124677129e-03 1.809319364838e-03 1.916406094097e-03 1.854952308349e-03 1.728160306811e-03 1.567595871165e-03 1.356089604087e-03 1.248304382898e-03 1.464001368731e-03 1.507236040197e-03 1.350083039142e-03 1.499519101344e-03 1.502979081124e-03 1.421244931407e-03 1.278253970668e-03 9.937788126990e-04 8.385939872824e-04 8.393015014008e-04 8.618318242952e-04 9.260458755307e-04 1.088239951059e-03 1.356102409773e-03 1.680566696450e-03
5.250507500023e-03 2.941002603620e-03 2.204580698162e-03 1.469089067541e-03 1.093439408578e-03 1.146289752796e-03 1.131723285653e-03 1.163738663308e-03 1.046004355885e-03 1.184331602417e-03 2.313977340236e-03 7.585290819407e-03 2.632303163409e-02 2.318398840725e-02 7.718538865447e-03 4.380931146443e-03 3.597980132326e-03 2.790187019855e-03 2.148554427549e-03 1.722011831589e-03 1.713739242405e-03 1.826709951274e-03 1.940733054653e-03 1.844731392339e-03 1.593016902916e-03 1.292371074669e-03 1.076304703020e-03 1.172660733573e-03 1.472894917242e-03 1.550342189148e-03 1.600768300705e-03 1.758566475473e-03 1.745642977767e-03 1.625690842047e-03 1.381818437949e-03 1.043237978593e-03 1.068343524821e-03 1.108838012442e-03 1.174454926513e-03 1.230536843650e-03 1.246236264706e-03 1.396710402332e-03 1.802342245355e-03
4.907565657049e-03 2.629612572491e-03 1.854202128015e-03 1.153474557213e-03 1.049880869687e-03 1.131993369199e-03 1.093261642382e-03 9.457128471695e-04 7.516132900491e-04 1.067202887498e-03 1.966472249478e-03 3.352680942044e-03 9.260159917176e-03 1.097930315882e-02 7.937563583255e-03 4.855735693127e-03 3.068603342399e-03 2.179553732276e-03 2.021769294515e-03 1.961290836334e-03 1.764553249814e-03 1.667406177148e-03 1.611878280528e-03 1.415676902980e-03 1.116783008911e-03 1.003417070024e-03 9.898899588734e-04 1.057953224517e-03 1.374980900437e-03 1.539603807032e-03 1.139631727710e-03 1.236157491803e-03 1.236097770743e-03 1.155675505288e-03 1.128000905737e-03 1.232203911059e-03 1.331115025096e-03 1.462327665649e-03 1.605413737707e-03 1.686211442575e-03 1.656089443713e-03 1.543590333313e-03 1.769625116140e-03
4.383299034089e-03 1.944391173311e-03 1.332324929535e-03 8.264844655059e-04 9.830100461841e-04 1.090303063393e-03 1.044301781803e-03 8.618159336038e-04 6.366441957653e-04 9.598223841749e-04 1.765960711055e-03 2.728336490691e-03 6.439827848226e-03 8.244088850915e-03 6.399761419743e-03 3.785840002820e-03 2.342306310311e-03 2.175822155550e-03 2.138693351299e-03 1.791671034880e-03 1.423642155714e-03 1.188655034639e-03 1.039683818817e-03 8.711193222553e-04 8.221700554714e-04 8.087491150945e-04 8.114869706333e-04 9.000595309772e-04 1.198977581225e-03 1.404077978805e-03 1.089001307264e-03 8.536173263565e-04 8.150671492331e-04 1.040995586663e-03 1.230781548657e-03 1.397085376084e-03 1.589803723618e-03 1.829790649936e-03 2.054971409962e-03 2.146644052118e-03 2.042077714577e-03 1.800988335162e-03 1.744955428876e-03
