100/SI/f86.grd
DSAA
101	101
32.816463539100	34.260883539100
35.556306596100	36.727886596100
2.963729639305e-05	4.820261001587e+00
[rows 0 to 18 of 101, columns 0 to 42 of 101]
4.478093702346e-03 8.005624637008e-03 7.096906658262e-03 4.250959958881e-03 3.559506265447e-03 4.635263700038e-03 9.236830286682e-03 1.287844497710e-02 1.151884160936e-02 6.878836546093e-03 4.352394025773e-03 5.002256948501e-03 5.310339853168e-03 5.127057898790e-03 4.396519623697e-03 6.711327470839e-03 1.008750032634e-02 1.167301088572e-02 8.313159458339e-03 5.404768045992e-03 6.145104765892e-03 6.569101009518e-03 4.859530832618e-03 4.358119331300e-03 4.625099245459e-03 6.319660693407e-03 9.221423417330e-03 1.053270883858e-02 1.370227243751e-02 1.091809570789e-02 8.395696990192e-03 7.888615131378e-03 6.844994612038e-03 5.430691409856e-03 4.438391886652e-03 4.296092316508e-03 3.948374651372e-03 5.340165924281e-03 7.495600264519e-03 8.598390966654e-03 7.201961241663e-03 6.098005454987e-03 5.810097791255e-03
8.287527598441e-03 1.564154401422e-02 1.534623838961e-02 1.072404440492e-02 7.551908493042e-03 8.962607942522e-03 1.777664758265e-02 2.458691969514e-02 2.175481617451e-02 1.267749164253e-02 7.473118603230e-03 8.546185679734e-03 9.025743231177e-03 8.592902682722e-03 7.521400228143e-03 9.979764930904e-03 1.589055545628e-02 2.079938352108e-02 1.877414621413e-02 1.118884049356e-02 1.120841130614e-02 1.715577766299e-02 9.021606296301e-03 8.094653487206e-03 9.537138044834e-03 1.234616246074e-02 1.545846927911e-02 1.764870248735e-02 2.605693414807e-02 2.028466016054e-02 1.364565454423e-02 1.236508879811e-02 1.152715925127e-02 9.375282563269e-03 1.008558459580e-02 1.054578553885e-02 1.060226466507e-02 1.187647040933e-02 1.494050770998e-02 1.503679994494e-02 1.112516596913e-02 1.099863182753e-02 1.201899349689e-02
8.103812113404e-03 1.663593575358e-02 1.865028962493e-02 1.598047092557e-02 1.027787104249e-02 1.034607831389e-02 2.056870050728e-02 2.794966660440e-02 2.395042590797e-02 1.312632393092e-02 9.436761960387e-03 1.063885819167e-02 1.099260523915e-02 1.017168443650e-02 8.376378566027e-03 8.092075586319e-03 1.043139863759e-02 1.558500900865e-02 1.782183162868e-02 1.448553334922e-02 1.768287643790e-02 2.652046270669e-02 1.160964369774e-02 1.002632826567e-02 1.267991680652e-02 1.534353196621e-02 1.592382043600e-02 1.601293683052e-02 3.036691248417e-02 2.274741791189e-02 1.321963500232e-02 1.133403088897e-02 1.577336527407e-02 8.394652046263e-03 9.489068761468e-03 1.089624874294e-02 1.362842321396e-02 1.726851612329e-02 1.805834472179e-02 1.496151182801e-02 1.543786749244e-02 1.020237337798e-02 1.347115263343e-02
7.183625828475e-03 1.581344194710e-02 1.886855810881e-02 1.929219625890e-02 1.551390904933e-02 1.059296168387e-02 2.149763517082e-02 2.859460189939e-02 2.314322069287e-02 1.127191819251e-02 1.044246554375e-02 1.152728777379e-02 1.147850975394e-02 1.021335087717e-02 8.122289553285e-03 8.258712477982e-03 7.883869111538e-03 9.045923128724e-03 1.177497860044e-02 1.336410269141e-02 2.966013364494e-02 3.375162556767e-02 1.299106609076e-02 1.100965775549e-02 1.398303266615e-02 1.602945476770e-02 1.533080171794e-02 1.460492704064e-02 3.041714802384e-02 2.211423031986e-02 1.120588276535e-02 9.109443053603e-03 1.818105019629e-02 9.666542522609e-03 1.060225814581e-02 1.499624643475e-02 1.855626143515e-02 1.933818869293e-02 1.636818051338e-02 1.899529621005e-02 1.862904615700e-02 1.132950838655e-02 1.234922464937e-02
7.026673294604e-03 1.512814592570e-02 1.791061274707e-02 1.982491649687e-02 1.897785812616e-02 1.341833919287e-02 2.193476073444e-02 2.856320887804e-02 2.169195748866e-02 9.559416212142e-03 1.119837444276e-02 1.192075293511e-02 1.154462061822e-02 1.149090379477e-02 1.054868288338e-02 8.906542323530e-03 8.707344532013e-03 8.585223928094e-03 1.211053133011e-02 2.454854547977e-02 4.123147577047e-02 3.708023577929e-02 1.393921393901e-02 1.568759419024e-02 1.398756913841e-02 1.565923914313e-02 1.404348760843e-02 1.453599333763e-02 2.879091724753e-02 2.083079144359e-02 1.324260607362e-02 1.035755686462e-02 1.938412152231e-02 1.187613140792e-02 1.666804589331e-02 1.995409280062e-02 2.017341554165e-02 1.702879555523e-02 1.172286830842e-02 1.948700286448e-02 2.263715118170e-02 1.513298600912e-02 9.790085256100e-03
6.568806711584e-03 1.319528091699e-02 1.594721153378e-02 1.745568402112e-02 1.937288604677e-02 1.613492891192e-02 2.191439084709e-02 2.763976715505e-02 1.954635232687e-02 1.061450969428e-02 1.189078111202e-02 1.305797602981e-02 1.391704380512e-02 1.346770860255e-02 1.211542822421e-02 9.860146790743e-03 8.003935217857e-03 9.095664136112e-03 1.928676478565e-02 3.500276803970e-02 4.797469824553e-02 3.662594035268e-02 1.579921506345e-02 2.388442680240e-02 1.468685828149e-02 1.468207966536e-02 1.257837191224e-02 1.585019379854e-02 2.575255557895e-02 2.083791233599e-02 1.338361576200e-02 1.135739125311e-02 2.247741445899e-02 1.778610423207e-02 2.111149393022e-02 2.087142877281e-02 1.732361130416e-02 1.197938714176e-02 1.320844423026e-02 1.831872947514e-02 2.771645970643e-02 1.757675223053e-02 9.526432491839e-03
8.269847370684e-03 1.469274237752e-02 1.354102231562e-02 1.340360380709e-02 1.671707443893e-02 1.620044372976e-02 2.156681753695e-02 2.641274221241e-02 1.753729023039e-02 1.170325279236e-02 1.313495915383e-02 1.494718715549e-02 1.514502242208e-02 1.408283598721e-02 1.198555342853e-02 1.131215132773e-02 1.073213666677e-02 1.335513964295e-02 2.603671699762e-02 4.182619601488e-02 4.968108236790e-02 3.344937041402e-02 2.089611999691e-02 3.027118556201e-02 2.127700485289e-02 1.336650550365e-02 1.236126944423e-02 2.936866506934e-02 4.114335030317e-02 2.654037624598e-02 1.484330557287e-02 1.260986458510e-02 2.468333952129e-02 2.085170522332e-02 2.085073664784e-02 1.731320656836e-02 1.206840202212e-02 1.323670521379e-02 1.916560903192e-02 2.418378926814e-02 2.845220267773e-02 2.098935097456e-02 9.486384689808e-03
8.386538363993e-03 1.677973940969e-02 1.734434813261e-02 1.255998946726e-02 1.196967158467e-02 1.355596445501e-02 2.126392908394e-02 2.581923455000e-02 1.632999256253e-02 1.264834124595e-02 1.482998579741e-02 1.582888700068e-02 1.530514750630e-02 1.350146159530e-02 1.265706866980e-02 1.432750560343e-02 1.596904918551e-02 1.763357035816e-02 3.192361071706e-02 4.538421705365e-02 4.876301437616e-02 3.006161004305e-02 2.266924828291e-02 3.328184038401e-02 2.587626129389e-02 1.648356020451e-02 1.184016466141e-02 4.461228847504e-02 5.764176324010e-02 3.111470490694e-02 1.622109487653e-02 1.520674861968e-02 2.437724359334e-02 1.914155110717e-02 1.771357841790e-02 1.257333531976e-02 1.266971416771e-02 1.885998621583e-02 2.490555122495e-02 2.750457078218e-02 2.500861883163e-02 2.613617666066e-02 1.094685494900e-02
7.250550668687e-03 1.585563831031e-02 1.972303539515e-02 1.795990020037e-02 1.193769369274e-02 1.171497814357e-02 2.103035151958e-02 2.559086680412e-02 1.571543142200e-02 1.413039211184e-02 1.572294160724e-02 1.587488502264e-02 1.453098002821e-02 1.251461915672e-02 1.320267561823e-02 1.523255370557e-02 2.065771631896e-02 2.116715162992e-02 3.523667529225e-02 4.469663649797e-02 4.424953460693e-02 2.608690969646e-02 2.311761491001e-02 3.181938454509e-02 2.791476994753e-02 1.903368718922e-02 1.494134962559e-02 5.754249915481e-02 6.727866083384e-02 3.427667543292e-02 1.777651719749e-02 1.449560653418e-02 2.472945116460e-02 1.650070585310e-02 1.944566331804e-02 1.952976919711e-02 1.890228129923e-02 2.534068189561e-02 2.914591692388e-02 2.755051851273e-02 2.023780532181e-02 3.243442997336e-02 1.285617239773e-02
7.340761367232e-03 1.316303387284e-02 1.858483068645e-02 2.105985581875e-02 1.797088235617e-02 1.178345736116e-02 2.107969112694e-02 2.554698660970e-02 1.535327453166e-02 1.495094224811e-02 1.576542481780e-02 1.509244367480e-02 1.647474989295e-02 1.793859153986e-02 1.875879988074e-02 1.901953108609e-02 2.242297120392e-02 2.451596036553e-02 3.628027066588e-02 4.145997762680e-02 3.833730146289e-02 2.223170921206e-02 2.087032422423e-02 2.780682779849e-02 2.696244232357e-02 1.955952681601e-02 1.615405082703e-02 6.529084593058e-02 7.145597040653e-02 3.550801798701e-02 1.558769308031e-02 1.259216573089e-02 2.680015005171e-02 1.637806184590e-02 1.990900561213e-02 2.032769843936e-02 2.626127563417e-02 3.023947589099e-02 2.958539687097e-02 2.369590289891e-02 1.692950539291e-02 3.522782772779e-02 1.796996220946e-02
7.369883824140e-03 1.476735714823e-02 1.531649846584e-02 2.013588510454e-02 2.204406075180e-02 1.773580349982e-02 2.089174278080e-02 2.513812296093e-02 1.484714634717e-02 1.510210800916e-02 1.656635850668e-02 1.938985846937e-02 2.149532921612e-02 2.266037091613e-02 2.319755032659e-02 2.339649759233e-02 2.314737439156e-02 3.045261837542e-02 4.269958660007e-02 4.525544866920e-02 3.803623840213e-02 2.811386249959e-02 1.973861455917e-02 2.371401339769e-02 2.431891299784e-02 1.742129400373e-02 1.875282451510e-02 6.887682527304e-02 7.310851663351e-02 3.477157279849e-02 1.497533544898e-02 1.423489768058e-02 2.625679038465e-02 1.745918579400e-02 2.317626774311e-02 2.810703404248e-02 3.134732693434e-02 3.074819594622e-02 2.550467476249e-02 1.970241963863e-02 1.919837854803e-02 3.383626043797e-02 2.337150834501e-02
6.236192770302e-03 1.313619967550e-02 1.573024503887e-02 1.673690602183e-02 2.175396680832e-02 2.294328622520e-02 2.025957778096e-02 2.422391995788e-02 1.474685966969e-02 1.785456947982e-02 2.077433466911e-02 2.314934693277e-02 2.477189525962e-02 2.569528669119e-02 2.600251510739e-02 2.594327740371e-02 2.566410228610e-02 4.049976915121e-02 5.537931248546e-02 5.756727606058e-02 4.960288107395e-02 3.886007890105e-02 2.842662855983e-02 2.012387104332e-02 2.842551469803e-02 2.723844908178e-02 2.304115332663e-02 6.608679145575e-02 6.467851251364e-02 3.163471817970e-02 1.941443979740e-02 2.298404462636e-02 2.480631507933e-02 2.783941850066e-02 3.156818076968e-02 3.298212960362e-02 3.162959963083e-02 2.738755196333e-02 2.616960741580e-02 3.031969815493e-02 2.283075265586e-02 2.891587466002e-02 2.783075533807e-02
5.393952131271e-03 1.026996597648e-02 1.308156363666e-02 1.548478659242e-02 1.838075183332e-02 2.330870181322e-02 2.343566715717e-02 2.291427366436e-02 1.830199547112e-02 2.127974480391e-02 2.340633235872e-02 2.475479617715e-02 2.555585093796e-02 2.599344775081e-02 2.601408027112e-02 2.586612477899e-02 2.585350535810e-02 4.454293847084e-02 6.020160019398e-02 6.148441508412e-02 5.315576493740e-02 4.327518492937e-02 3.381549939513e-02 2.472085691988e-02 3.819046542048e-02 3.692829608917e-02 3.113770112395e-02 5.753115564585e-02 5.073928087950e-02 2.689892984927e-02 3.395113721490e-02 3.832766786218e-02 3.818884119391e-02 3.694275394082e-02 3.589297458529e-02 3.487677127123e-02 3.382447734475e-02 3.209490701556e-02 2.935949712992e-02 4.106931015849e-02 2.556123957038e-02 2.197847701609e-02 3.585701808333e-02
6.677510216832e-03 1.295667141676e-02 1.274062599987e-02 1.189940422773e-02 1.458976324648e-02 1.998499780893e-02 2.493554912508e-02 2.380263619125e-02 2.035829983652e-02 2.262485399842e-02 2.375340647995e-02 2.410827763379e-02 2.392067387700e-02 2.336216717958e-02 2.273682504892e-02 2.260233834386e-02 2.315955981612e-02 4.086128622293e-02 5.413784831762e-02 5.596806108952e-02 5.024861544371e-02 4.259255528450e-02 3.514874726534e-02 2.776276506484e-02 3.770485520363e-02 3.895689919591e-02 3.441460803151e-02 4.705992341042e-02 3.700489923358e-02 2.950967475772e-02 3.984718397260e-02 4.509199038148e-02 4.303312301636e-02 3.877800703049e-02 3.492983803153e-02 3.285287320614e-02 3.102817200124e-02 2.890977263451e-02 2.642661519349e-02 4.342409223318e-02 3.979030996561e-02 2.264589443803e-02 4.071703925729e-02
8.613143116236e-03 1.722895726562e-02 1.731113158166e-02 1.698755845428e-02 1.642733812332e-02 1.561155728996e-02 2.184993214905e-02 2.664113789797e-02 2.356663532555e-02 2.211748622358e-02 2.239598333836e-02 2.189909294248e-02 2.090745978057e-02 1.958969235420e-02 1.844150014222e-02 1.867797970772e-02 1.885560341179e-02 3.225193545222e-02 4.157539084554e-02 4.385412484407e-02 4.103462025523e-02 3.684406727552e-02 3.250763937831e-02 2.785828150809e-02 2.951555512846e-02 3.220112249255e-02 3.146862611175e-02 4.784062877297e-02 2.711641415954e-02 2.995102666318e-02 3.881277516484e-02 4.312676936388e-02 4.129586368799e-02 3.415599837899e-02 2.527232654393e-02 2.608335018158e-02 2.225245349109e-02 2.355318516493e-02 2.294053696096e-02 3.578673675656e-02 5.306097492576e-02 2.295532822609e-02 4.092530161142e-02
8.741172030568e-03 1.776333153248e-02 1.840003952384e-02 1.928216964006e-02 1.995241828263e-02 2.013073489070e-02 1.997778937221e-02 2.392389811575e-02 2.783825993538e-02 2.234810777009e-02 2.009736374021e-02 1.904266141355e-02 1.768819428980e-02 1.665504463017e-02 1.792917028069e-02 1.908749341965e-02 2.034150809050e-02 2.650705352426e-02 2.908506989479e-02 3.119686245918e-02 3.055424243212e-02 2.834274433553e-02 2.645844593644e-02 2.507607266307e-02 2.400117926300e-02 2.355254068971e-02 3.119068965316e-02 5.061930790544e-02 3.457205742598e-02 3.383025899529e-02 4.018098860979e-02 4.081294685602e-02 3.427075222135e-02 3.429567441344e-02 1.852504163980e-02 3.095846436918e-02 2.952451445162e-02 2.735598012805e-02 2.347508817911e-02 2.505777776241e-02 6.019157543778e-02 3.276814520359e-02 3.625164553523e-02
9.431018494070e-03 1.628041453660e-02 1.624687016010e-02 1.696701347828e-02 1.842447184026e-02 2.026143297553e-02 2.147226408124e-02 2.207151614130e-02 2.560237236321e-02 2.710200846195e-02 2.331549301744e-02 2.247875370085e-02 2.262168563902e-02 2.051124349236e-02 1.848644390702e-02 2.097338438034e-02 2.316153980792e-02 2.726695314050e-02 2.752088569105e-02 2.307143621147e-02 2.084470167756e-02 2.449193969369e-02 3.067263215780e-02 3.189052641392e-02 2.882085554302e-02 2.322359941900e-02 3.452385962009e-02 5.149529129267e-02 3.472508117557e-02 3.649782016873e-02 3.841475769877e-02 3.947256505489e-02 4.243856668472e-02 3.813887760043e-02 2.323763445020e-02 3.484573960304e-02 3.283412754536e-02 2.716791070998e-02 2.045951038599e-02 2.444300986826e-02 5.772159993649e-02 5.027470737696e-02 2.835033275187e-02
1.075881253928e-02 1.981741376221e-02 2.134036086500e-02 1.840904168785e-02 1.704380102456e-02 1.841922104359e-02 1.879580505192e-02 1.860504411161e-02 2.012084797025e-02 2.493974193931e-02 2.717726491392e-02 2.802356518805e-02 2.813201583922e-02 2.586724422872e-02 2.546182088554e-02 2.459165267646e-02 2.311112545431e-02 2.729528397322e-02 2.864491008222e-02 2.548668347299e-02 2.103388123214e-02 1.935021951795e-02 2.140542119741e-02 2.389696426690e-02 2.452630363405e-02 2.462950535119e-02 3.021114319563e-02 4.942928254604e-02 3.533481806517e-02 3.094748221338e-02 3.546526655555e-02 4.085162281990e-02 4.565130546689e-02 3.896094113588e-02 2.673337049782e-02 3.849812969565e-02 3.145666420460e-02 2.441962808371e-02 1.839186251163e-02 2.229467965662e-02 4.640281945467e-02 6.803632527590e-02 3.139839693904e-02
1.055230945349e-02 2.069155126810e-02 2.459564991295e-02 2.316736616194e-02 1.754160597920e-02 1.365762110800e-02 1.659532450140e-02 1.882601343095e-02 2.021333761513e-02 2.040634676814e-02 2.688925899565e-02 2.989518642426e-02 2.855747565627e-02 2.865793742239e-02 2.899986505508e-02 2.862366288900e-02 2.534358203411e-02 2.703639864922e-02 2.956785447896e-02 2.725535631180e-02 2.094674855471e-02 2.502677589655e-02 2.437863871455e-02 2.504461631179e-02 2.209979109466e-02 2.156833745539e-02 2.267154119909e-02 4.573614895344e-02 4.177306964993e-02 3.306579589844e-02 3.199549019337e-02 3.453848138452e-02 4.277851060033e-02 3.820678964257e-02 3.096321783960e-02 3.718721866608e-02 2.741914428771e-02 2.191078290343e-02 2.066393196583e-02 2.031318098307e-02 3.175026923418e-02 7.955855131149e-02 3.302922472358e-02
