100/SI/f86.grd
DSAA
101	101
32.816463539100	34.260883539100
35.556306596100	36.727886596100
2.963729639305e-05	4.820261001587e+00
[rows 57 to 75 of 101, columns 0 to 42 of 101]
1.643861993216e-03 2.700984477997e-03 2.921746345237e-03 2.924458123744e-03 3.128791227937e-03 3.829323686659e-03 4.291579127312e-03 4.707703832537e-03 5.095471628010e-03 5.206907168031e-03 5.011289380491e-03 6.906901951879e-03 1.182930078357e-02 6.464549805969e-03 4.794690292329e-03 7.170056924224e-03 6.397603079677e-03 7.108313031495e-03 8.587519638240e-03 8.983634412289e-03 9.153694845736e-03 6.892927456647e-03 4.792726598680e-03 4.212210886180e-03 4.567869938910e-03 6.329768802971e-03 1.012755744159e-02 1.257469225675e-02 9.933370165527e-03 5.728219170123e-03 4.484684672207e-03 3.526340238750e-03 3.693893086165e-03 4.433984402567e-03 5.237654782832e-03 6.722858641297e-03 7.744893431664e-03 8.364104665816e-03 1.383336819708e-02 1.812223158777e-02 1.553633064032e-02 1.378304883838e-02 1.554505992681e-02
2.069800859317e-03 3.388817887753e-03 3.871955210343e-03 3.929462749511e-03 3.885446581990e-03 3.777932841331e-03 3.779191058129e-03 3.953135572374e-03 4.113608039916e-03 6.688877940178e-03 2.170125208795e-02 2.512060478330e-02 9.382938966155e-03 4.898309241980e-03 4.906862508506e-03 4.583163652569e-03 4.948432091624e-03 4.931036382914e-03 5.569566972554e-03 7.053937297314e-03 8.570711128414e-03 9.152516722679e-03 6.396474782377e-03 4.021863918751e-03 4.629872739315e-03 7.067319937050e-03 1.068388111889e-02 1.145597174764e-02 1.158818230033e-02 7.364482153207e-03 4.449058324099e-03 4.036593716592e-03 3.865305101499e-03 4.618248436600e-03 5.452156066895e-03 5.643594078720e-03 5.802394822240e-03 6.053606513888e-03 6.106317508966e-03 6.589354947209e-03 7.948181591928e-03 1.087087299675e-02 1.252052467316e-02
2.767410129309e-03 4.550916608423e-03 5.305301398039e-03 7.754334714264e-03 9.890856221318e-03 1.248124521226e-02 1.633712276816e-02 2.368416264653e-02 4.324781894684e-02 6.093807145953e-02 4.049510881305e-02 1.030805055052e-02 6.938721518964e-03 6.067803129554e-03 4.409737884998e-03 4.664440173656e-03 4.937399178743e-03 4.869115073234e-03 4.591604694724e-03 4.906583577394e-03 8.265615440905e-03 9.366224519908e-03 6.640221923590e-03 3.815324977040e-03 2.990880282596e-03 4.614580422640e-03 6.547161843628e-03 6.747982930392e-03 7.065673358738e-03 5.739090498537e-03 4.003340844065e-03 4.216231405735e-03 3.989565186203e-03 4.476382862777e-03 5.401979200542e-03 5.598593503237e-03 5.336141213775e-03 4.895798861980e-03 4.522074479610e-03 5.059952847660e-03 6.448426283896e-03 8.278364315629e-03 1.091146748513e-02
2.703402889892e-03 5.153615027666e-03 8.889604359865e-03 1.257230341434e-02 1.579783670604e-02 2.079486660659e-02 3.006574697793e-02 4.464194551110e-02 4.471612349153e-02 2.064815908670e-02 4.951180424541e-03 5.774360150099e-03 6.282234564424e-03 5.583106074482e-03 5.040489137173e-03 5.295750685036e-03 5.314159207046e-03 5.108927842230e-03 3.926942124963e-03 3.836488816887e-03 5.951571743935e-03 6.639539264143e-03 4.925733897835e-03 3.079742193222e-03 2.365050604567e-03 2.554656937718e-03 3.425682894886e-03 4.236916080117e-03 5.001847166568e-03 4.304653033614e-03 3.937487490475e-03 3.684981493279e-03 3.931960090995e-03 4.354353062809e-03 5.225800909102e-03 5.357192829251e-03 4.849700257182e-03 4.154474474490e-03 3.810425056145e-03 4.234413616359e-03 6.246102042496e-03 7.879866287112e-03 9.981353767216e-03
1.636449131183e-03 2.853014273569e-03 3.488674294204e-03 3.672544611618e-03 3.678744425997e-03 3.661650698632e-03 3.628564765677e-03 3.549705725163e-03 3.480163868517e-03 3.401525551453e-03 3.190161194652e-03 3.353308653459e-03 3.703454742208e-03 4.738406278193e-03 5.333247128874e-03 5.577213130891e-03 5.373844876885e-03 4.774191882461e-03 3.531328868121e-03 2.772665349767e-03 3.331696381792e-03 3.456686623394e-03 2.726003061980e-03 2.019714331254e-03 1.777856261469e-03 1.954847946763e-03 2.508904086426e-03 3.016405506060e-03 3.579897340387e-03 3.853652160615e-03 3.646799828857e-03 3.258215263486e-03 3.781154518947e-03 4.576951730996e-03 5.463716574013e-03 5.287770647556e-03 4.393118899316e-03 3.485075430945e-03 3.861825447530e-03 4.323640838265e-03 6.475108675659e-03 8.036998100579e-03 9.405613876879e-03
7.674914086238e-04 1.430711010471e-03 1.855986425653e-03 2.050245646387e-03 2.125671831891e-03 2.187286503613e-03 2.246158896014e-03 2.289269817993e-03 2.356636803597e-03 2.423969097435e-03 2.374631119892e-03 2.231871942058e-03 2.289461903274e-03 3.041166812181e-03 3.581309923902e-03 3.774114884436e-03 3.437340725213e-03 3.061796538532e-03 2.589767565951e-03 2.168218838051e-03 1.776348333806e-03 1.657117740251e-03 1.366917975247e-03 1.521287835203e-03 1.794226001948e-03 1.886988524348e-03 2.081546001136e-03 2.507855184376e-03 3.030410734937e-03 3.314983565360e-03 3.265722887591e-03 3.083262825385e-03 3.778464859352e-03 5.073960404843e-03 5.896788090467e-03 5.323588848114e-03 3.993404563516e-03 3.427410731092e-03 3.958500921726e-03 4.688265733421e-03 6.294591352344e-03 7.031187880784e-03 8.108926005661e-03
5.293508875184e-04 8.916500955820e-04 1.107512274757e-03 1.257205032744e-03 1.352763734758e-03 1.436078222468e-03 1.515989075415e-03 1.582659198903e-03 1.662257476710e-03 1.743708155118e-03 1.754321972840e-03 1.697771251202e-03 1.632964587770e-03 1.574861118570e-03 1.591673120856e-03 1.805089181289e-03 1.903577125631e-03 1.877732458524e-03 1.722856075503e-03 1.644033123739e-03 1.413151621819e-03 1.325463410467e-03 1.171672251076e-03 1.549556734972e-03 1.909810467623e-03 2.091926056892e-03 2.079912228510e-03 2.053636126220e-03 2.503044903278e-03 2.783476142213e-03 2.850352087989e-03 2.832869533449e-03 3.839411307126e-03 5.373190622777e-03 5.928812548518e-03 4.947959445417e-03 3.497640136629e-03 3.447059774771e-03 4.139939323068e-03 4.649379290640e-03 5.380869843066e-03 6.190395448357e-03 6.356651429087e-03
4.281379515305e-04 7.293560192920e-04 9.196093888022e-04 1.011452754028e-03 1.076826360077e-03 1.132212462835e-03 1.172862015665e-03 1.180434017442e-03 1.217507175170e-03 1.264193211682e-03 1.274073962122e-03 1.252781134099e-03 1.231435686350e-03 1.203178311698e-03 1.251888927072e-03 1.438348088413e-03 1.528780325316e-03 1.508315792307e-03 1.394649501890e-03 1.303629484028e-03 1.373025937937e-03 1.332675339654e-03 1.164369750768e-03 1.547171152197e-03 1.951639424078e-03 2.198915928602e-03 2.227816265076e-03 2.157180802897e-03 2.203698502854e-03 2.414739923552e-03 2.514472696930e-03 2.652277005836e-03 3.822527825832e-03 5.261098966002e-03 5.416629835963e-03 4.259433597326e-03 3.237838391215e-03 3.559303935617e-03 4.337080288678e-03 4.581937566400e-03 4.771189298481e-03 5.158809479326e-03 4.737435374409e-03
4.111798480153e-04 6.587291718461e-04 8.358279592358e-04 9.176713065244e-04 9.528839727864e-04 9.829747723415e-04 9.935073321685e-04 9.784750873223e-04 9.827970061451e-04 9.950876701623e-04 1.004365389235e-03 1.042417483404e-03 1.072416431271e-03 1.096684834920e-03 1.125514856540e-03 1.168455579318e-03 1.249208464287e-03 1.266936305910e-03 1.278929412365e-03 1.225208048709e-03 1.261474331841e-03 1.318013411947e-03 1.169885625131e-03 1.466091489419e-03 1.852048328146e-03 2.108940389007e-03 2.153722103685e-03 2.101644640788e-03 2.216355409473e-03 2.280149608850e-03 2.322759013623e-03 2.481842413545e-03 3.589315107092e-03 4.727520979941e-03 4.591733682901e-03 3.663158975542e-03 3.170471871272e-03 3.817193908617e-03 4.392496310174e-03 4.287458490580e-03 4.152338951826e-03 4.185699857771e-03 3.860062453896e-03
3.852695226669e-04 6.116375443526e-04 7.676254026592e-04 8.368922863156e-04 8.664230117574e-04 8.880295208655e-04 8.901555556804e-04 8.704942883924e-04 8.730990812182e-04 9.388565667905e-04 9.953988483176e-04 1.046292833053e-03 1.091251615435e-03 1.128959353082e-03 1.163086504675e-03 1.196100143716e-03 1.220445730723e-03 1.224110252224e-03 1.199663849548e-03 1.165140885860e-03 1.167820300907e-03 1.272216672078e-03 1.202357932925e-03 1.330649247393e-03 1.657732413150e-03 1.885091303848e-03 2.174807013944e-03 2.373170340434e-03 2.381327562034e-03 2.303745597601e-03 2.252076985314e-03 2.314759884030e-03 3.158496925607e-03 3.943040035665e-03 3.775683464482e-03 3.270057495683e-03 3.425215370953e-03 3.885557409376e-03 4.155315924436e-03 3.769535105675e-03 3.480403218418e-03 3.306918544695e-03 3.303208854049e-03
3.554253780749e-04 5.633067921735e-04 7.058166083880e-04 7.718866690993e-04 7.996613276191e-04 8.114071097225e-04 8.051430340856e-04 8.175196126103e-04 8.213086402975e-04 8.887773146853e-04 9.518550941721e-04 1.010902924463e-03 1.065090764314e-03 1.110430923291e-03 1.145488931797e-03 1.168163609691e-03 1.170869334601e-03 1.264292746782e-03 1.291138236411e-03 1.198493642733e-03 1.092484686524e-03 1.167767099105e-03 1.191479736008e-03 1.196514349431e-03 1.459255348891e-03 1.647799974307e-03 1.984233036637e-03 2.304885536432e-03 2.380135701969e-03 2.301539527252e-03 2.207682700828e-03 2.185410587117e-03 2.523805946112e-03 3.062543459237e-03 3.005554666743e-03 2.776829991490e-03 2.963069593534e-03 3.293399466202e-03 3.406287869439e-03 2.964220242575e-03 2.729328349233e-03 2.530535915866e-03 2.489605685696e-03
3.302865661681e-04 5.243259365670e-04 6.596177699976e-04 7.253670482896e-04 7.493193261325e-04 7.505834219046e-04 7.383406045847e-04 7.585042039864e-04 7.857940508984e-04 8.131149224937e-04 8.655613637529e-04 9.268279536627e-04 9.835030650720e-04 1.031182473525e-03 1.065602526069e-03 1.108905067667e-03 1.216701581143e-03 1.369469799101e-03 1.437172875740e-03 1.398479100317e-03 1.280295080505e-03 1.139163738117e-03 1.171954674646e-03 1.186592504382e-03 1.300472416915e-03 1.451924210414e-03 1.496286015026e-03 1.794573152438e-03 2.030103467405e-03 2.101483289152e-03 2.075687516481e-03 2.108622342348e-03 2.173271961510e-03 2.244516042992e-03 2.231828169897e-03 2.157707232982e-03 2.275546779856e-03 2.653820207343e-03 2.822329988703e-03 2.318014856428e-03 2.069276291877e-03 1.847717445344e-03 2.036212245002e-03
3.121104964521e-04 4.969221772626e-04 6.275600753725e-04 6.898749852553e-04 7.063852972351e-04 7.005248917267e-04 6.881885929033e-04 6.848698249087e-04 7.245785091072e-04 7.526151021011e-04 7.589767337777e-04 8.119501871988e-04 8.666091598570e-04 9.134252904914e-04 9.533485281281e-04 1.059365575202e-03 1.238160999492e-03 1.412560581230e-03 1.530930516310e-03 1.566768274643e-03 1.524184481241e-03 1.433728495613e-03 1.324659446254e-03 1.224313396960e-03 1.177968690172e-03 1.298416755162e-03 1.326842466369e-03 1.271216548048e-03 1.548962784000e-03 1.776876393706e-03 1.927398378029e-03 2.038519363850e-03 2.106157829985e-03 2.037682104856e-03 1.827831845731e-03 1.785398693755e-03 2.007463946939e-03 2.518082503229e-03 2.916187047958e-03 2.617213176563e-03 1.925723860040e-03 1.724726054817e-03 1.959284069017e-03
3.055433335248e-04 4.857000603806e-04 6.111038965173e-04 6.661425577477e-04 6.747458246537e-04 6.650201394223e-04 6.594518199563e-04 6.684233085252e-04 6.646441179328e-04 6.782424170524e-04 6.971766706556e-04 7.637585513294e-04 8.399763610214e-04 9.190664859489e-04 9.891340741888e-04 1.083825132810e-03 1.259841024876e-03 1.438213977963e-03 1.598856993951e-03 1.698532374576e-03 1.715933089145e-03 1.673895283602e-03 1.602026051842e-03 1.528720022179e-03 1.485854038037e-03 1.458271173760e-03 1.405042479746e-03 1.325262477621e-03 1.533565344289e-03 1.719848834909e-03 1.859033014625e-03 1.985967857763e-03 2.053081756458e-03 1.917988993227e-03 1.823995960876e-03 1.876855851151e-03 2.022735774517e-03 2.433320041746e-03 2.808875171468e-03 2.545582829043e-03 1.965913688764e-03 1.717965118587e-03 1.953783677891e-03
3.107181400992e-04 4.913785378449e-04 6.127459346317e-04 6.609673728235e-04 6.637283950113e-04 6.501133320853e-04 6.493098335341e-04 6.556659354828e-04 6.701868260279e-04 6.739062373526e-04 7.155867060646e-04 7.874806760810e-04 8.577645057812e-04 9.247337584384e-04 9.790034964681e-04 1.116476487368e-03 1.315992907621e-03 1.504812971689e-03 1.687417388894e-03 1.819934346713e-03 1.863363781013e-03 1.835959265009e-03 1.768253277987e-03 1.684019574896e-03 1.614738372155e-03 1.545954146422e-03 1.430520787835e-03 1.309597981162e-03 1.502491184510e-03 1.664777053520e-03 1.804144005291e-03 1.938446424901e-03 1.983022317290e-03 1.822787104174e-03 1.849816297181e-03 1.905227894895e-03 2.068598987535e-03 2.358886413276e-03 2.537833759561e-03 2.230099868029e-03 1.825422281399e-03 1.595104928128e-03 1.813566545025e-03
3.188000991940e-04 5.026159342378e-04 6.221347721294e-04 6.663243984804e-04 6.656439509243e-04 6.637308979407e-04 6.920104497112e-04 7.117782952264e-04 7.230775081553e-04 7.249311311170e-04 7.186392904259e-04 7.568803266622e-04 8.310436969623e-04 9.298651129939e-04 9.619264747016e-04 1.094552106224e-03 1.347452984191e-03 1.565823797137e-03 1.738901599310e-03 1.847727224231e-03 1.871853135526e-03 1.821552868932e-03 1.727459486574e-03 1.617211382836e-03 1.513841212727e-03 1.409653574228e-03 1.262313220650e-03 1.308353734203e-03 1.474102726206e-03 1.620378810912e-03 1.753559685312e-03 1.864611171186e-03 1.865308848210e-03 1.718668849207e-03 1.888491562568e-03 2.368375426158e-03 2.242353977636e-03 2.336057601497e-03 2.250214340165e-03 1.903089694679e-03 1.652177073993e-03 1.450823037885e-03 1.645660377108e-03
3.143898211420e-04 4.940507933497e-04 6.079421727918e-04 6.487473729067e-04 6.477863062173e-04 6.664968677796e-04 6.848153425381e-04 6.938237347640e-04 6.962493644096e-04 6.922025931999e-04 6.884231115691e-04 7.726314361207e-04 8.991247159429e-04 1.006997656077e-03 1.039342605509e-03 1.016972935759e-03 1.288896426558e-03 1.512346207164e-03 1.638242974877e-03 1.682223402895e-03 1.658366527408e-03 1.568290870637e-03 1.448589842767e-03 1.344881718978e-03 1.260894699953e-03 1.170490751974e-03 1.170103321783e-03 1.297851675190e-03 1.444391789846e-03 1.575890928507e-03 1.690566423349e-03 1.754149445333e-03 1.705442671664e-03 1.648463075981e-03 1.966321840882e-03 2.110346918926e-03 2.139534335583e-03 2.347050467506e-03 2.275819890201e-03 1.866447040811e-03 1.606350764632e-03 1.476560719311e-03 1.597543829121e-03
2.879379899241e-04 4.496011824813e-04 5.499727558345e-04 5.854339106008e-04 6.170088890940e-04 6.438899436034e-04 6.323395646177e-04 6.111440598033e-04 6.041034357622e-04 6.424903403968e-04 7.015295559540e-04 8.110670023598e-04 9.587729000486e-04 1.070537138730e-03 1.101841568016e-03 1.083653769456e-03 1.180191407911e-03 1.370225218125e-03 1.441236585379e-03 1.425041817129e-03 1.353682600893e-03 1.228153123520e-03 1.176933059469e-03 1.393147162162e-03 1.412244746462e-03 1.353208208457e-03 1.325096818618e-03 1.329716644250e-03 1.404567854479e-03 1.518950215541e-03 1.598814851604e-03 1.601381460205e-03 1.504124607891e-03 1.522783655673e-03 1.788978464901e-03 2.529191086069e-03 2.185186371207e-03 3.063052194193e-03 2.718082861975e-03 2.282858127728e-03 1.935121021233e-03 1.593120745383e-03 1.798875047825e-03
2.963197766803e-04 4.367929941509e-04 5.360271898098e-04 6.191226420924e-04 6.821986753494e-04 6.971287075430e-04 6.768932216801e-04 6.387174944393e-04 5.942111602053e-04 6.488497019745e-04 7.190803880803e-04 8.519513648935e-04 1.015433575958e-03 1.129299751483e-03 1.160133164376e-03 1.142196473666e-03 1.083522685803e-03 1.247798209079e-03 1.295664580539e-03 1.368844532408e-03 1.861350261606e-03 1.707763876766e-03 1.277958624996e-03 1.453295000829e-03 1.410396071151e-03 1.298730261624e-03 1.232888898812e-03 1.239126897417e-03 1.356594031677e-03 1.444782479666e-03 1.475447788835e-03 1.417870400473e-03 1.289331703447e-03 1.368320430629e-03 1.516796764918e-03 2.248483709991e-03 2.822061302140e-03 4.450255073607e-03 4.115756135434e-03 2.705557970330e-03 2.060250379145e-03 1.898709102534e-03 2.345800632611e-03
