100/SI/f86.grd
DSAA
101	101
32.816463539100	34.260883539100
35.556306596100	36.727886596100
2.963729639305e-05	4.820261001587e+00
[rows 38 to 56 of 101, columns 0 to 42 of 101]
1.156716886908e-02 2.440773136914e-02 2.639945968986e-02 2.750240638852e-02 3.248726949096e-02 3.982089459896e-02 4.598512127995e-02 5.245970934629e-02 5.765253305435e-02 5.264984071255e-02 4.320368915796e-02 3.525312244892e-02 3.481433540583e-02 3.429754078388e-02 3.649743646383e-02 4.136019200087e-02 4.680977761745e-02 8.598833531141e-02 1.393887698650e-01 1.496462374926e-01 1.206637173891e-01 1.024215146899e-01 6.795430928469e-02 7.957668602467e-02 1.592447459698e-01 2.066631913185e-01 1.988003253937e-01 1.420730501413e-01 1.015795990825e-01 1.125816479325e-01 1.191524788737e-01 1.459627449512e-01 2.000354081392e-01 1.968607455492e-01 1.846249103546e-01 1.103035286069e-01 1.508906781673e-01 1.696716845036e-01 1.679124385118e-01 2.576370835304e-01 2.825635671616e-01 4.193086028099e-01 3.384149372578e-01
1.696637272835e-02 3.020773082972e-02 2.533537708223e-02 2.502501942217e-02 3.537415713072e-02 4.302240163088e-02 5.654216185212e-02 7.113985717297e-02 7.934509217739e-02 7.430428266525e-02 5.398783087730e-02 4.247315600514e-02 3.661205247045e-02 3.723350912333e-02 3.994373604655e-02 4.316105693579e-02 4.598542675376e-02 4.845578968525e-02 7.584430277348e-02 1.061865612864e-01 1.084915325046e-01 1.066635623574e-01 1.103071495891e-01 9.127005189657e-02 8.449707180262e-02 9.387586265802e-02 1.272248774767e-01 2.393110096455e-01 3.204534649849e-01 3.249871730804e-01 2.548384666443e-01 1.256296187639e-01 1.412693411112e-01 1.202344745398e-01 2.397364974022e-01 2.148335427046e-01 1.399655193090e-01 1.689739972353e-01 2.074265480042e-01 2.359344661236e-01 3.154581487179e-01 3.801392316818e-01 4.486406445503e-01
1.977447420359e-02 3.940043970942e-02 3.735808283091e-02 3.218602761626e-02 4.250322654843e-02 5.229765921831e-02 6.347142159939e-02 8.352141827345e-02 9.053393453360e-02 9.025837481022e-02 6.174565851688e-02 4.157021641731e-02 4.190204292536e-02 3.629355877638e-02 3.027540072799e-02 3.400641307235e-02 3.939723223448e-02 4.292453825474e-02 4.577635973692e-02 6.008644029498e-02 8.862692862749e-02 1.243123933673e-01 1.495241224766e-01 1.506607532501e-01 1.470926105976e-01 9.783256053925e-02 7.769355922937e-02 8.211644738913e-02 7.962643355131e-02 1.007312685251e-01 2.123380303383e-01 3.380161225796e-01 4.004231989384e-01 3.342007696629e-01 1.690153032541e-01 1.679680645466e-01 2.939217090607e-01 2.443723231554e-01 2.537102103233e-01 2.529885470867e-01 2.357221841812e-01 3.153294920921e-01 4.771279096603e-01
2.818251959980e-02 4.771366715431e-02 5.546120554209e-02 5.698258802295e-02 5.135034397244e-02 6.161427125335e-02 6.152642890811e-02 5.886445939541e-02 5.883722752333e-02 7.224327325821e-02 7.801873981953e-02 6.774450838566e-02 5.032626539469e-02 4.466005787253e-02 4.521767795086e-02 5.595042929053e-02 6.491824239492e-02 7.261800020933e-02 7.098712027073e-02 5.162704363465e-02 5.755208060145e-02 7.588731497526e-02 8.636625111103e-02 1.158570945263e-01 1.438460499048e-01 1.708712577820e-01 1.905822753906e-01 1.848980933428e-01 1.898048371077e-01 2.070522010326e-01 2.289068847895e-01 2.246298193932e-01 3.471023440361e-01 3.918848037720e-01 2.797481417656e-01 3.538241386414e-01 3.923928737640e-01 3.331818282604e-01 3.754226565361e-01 3.040644228458e-01 2.132954448462e-01 3.727677166462e-01 3.120952248573e-01
2.894975244999e-02 5.088320747018e-02 5.615044012666e-02 5.225674062967e-02 5.663599073887e-02 7.143314927816e-02 7.096452265978e-02 6.159674003720e-02 7.437550276518e-02 6.197519972920e-02 5.869545042515e-02 8.193258941174e-02 8.508656919003e-02 6.421181559563e-02 5.938289687037e-02 5.473414435983e-02 5.580623820424e-02 7.474434375763e-02 1.007836386561e-01 1.024538874626e-01 6.595482677221e-02 7.493770122528e-02 9.530176967382e-02 7.946771383286e-02 9.178379923105e-02 1.107319742441e-01 1.462203562260e-01 2.207914143801e-01 2.972555458546e-01 2.721458375454e-01 2.572823166847e-01 1.914421916008e-01 1.904220581055e-01 3.576286435127e-01 3.439764380455e-01 4.336353838444e-01 2.866901457310e-01 4.059792459011e-01 3.559114336967e-01 5.139673352242e-01 5.309930443764e-01 4.172140061855e-01 4.701760113239e-01
5.590379610658e-02 1.083982884884e-01 8.101751655340e-02 6.782779097557e-02 6.636718660593e-02 5.972347781062e-02 6.109480559826e-02 7.433789968491e-02 7.362334430218e-02 5.964378267527e-02 7.495226711035e-02 5.118777602911e-02 6.533131003380e-02 9.157437086105e-02 7.956416904926e-02 6.889664381742e-02 8.627960085869e-02 1.901458799839e-01 2.233376801014e-01 1.198675781488e-01 1.283904761076e-01 7.571927458048e-02 8.918087184429e-02 1.263571232557e-01 8.430305868387e-02 7.713899761438e-02 8.068018406630e-02 8.838179707527e-02 1.128585860133e-01 1.283093839884e-01 1.370773166418e-01 1.496612131596e-01 2.036695480347e-01 3.207468092442e-01 2.199070155621e-01 2.036087214947e-01 2.994194924831e-01 3.406294286251e-01 2.266863137484e-01 4.696143269539e-01 4.823437035084e-01 5.252242088318e-01 6.450579762459e-01
8.942686021328e-02 1.639766842127e-01 1.329209655523e-01 1.033177897334e-01 9.526280313730e-02 7.822217047215e-02 1.078799739480e-01 9.469501674175e-02 9.378420561552e-02 7.340744137764e-02 5.737933516502e-02 7.073066383600e-02 6.348793208599e-02 4.121810570359e-02 7.751030474901e-02 9.089513868093e-02 6.626412272453e-02 5.762577429414e-02 1.050607934594e-01 6.856714189053e-02 1.192923337221e-01 1.422069817781e-01 1.411328166723e-01 1.233553066850e-01 1.693101823330e-01 1.039578616619e-01 9.650395065546e-02 1.249604895711e-01 1.464135199785e-01 1.118080839515e-01 1.424691379070e-01 1.755008697510e-01 2.079927176237e-01 2.442767024040e-01 3.099136352539e-01 2.355020791292e-01 2.620550096035e-01 2.928967177868e-01 2.774922251701e-01 3.987277448177e-01 3.709192574024e-01 5.359355211258e-01 5.455479025841e-01
3.526239469647e-02 7.345839589834e-02 8.778716623783e-02 1.035159230232e-01 1.060239225626e-01 1.179046854377e-01 1.246994286776e-01 1.076079383492e-01 9.656593948603e-02 9.265961498022e-02 8.566024154425e-02 7.928220927715e-02 7.603669166565e-02 7.085619121790e-02 7.666541635990e-02 6.540095806122e-02 4.650913923979e-02 5.486065149307e-02 5.774503201246e-02 7.949966192245e-02 7.403986901045e-02 1.216984763741e-01 1.320277601480e-01 1.420729160309e-01 1.652678251266e-01 1.864649802446e-01 2.035862654448e-01 2.118815332651e-01 2.164064496756e-01 2.330463379622e-01 2.366201132536e-01 2.488013505936e-01 2.641816437244e-01 2.193362116814e-01 1.883454918861e-01 2.651764154434e-01 3.177227377892e-01 4.895944595337e-01 5.858166217804e-01 5.412179827690e-01 5.148488283157e-01 5.344502329826e-01 4.448334872723e-01
3.408303856850e-02 7.157710939646e-02 8.152010291815e-02 9.056118130684e-02 1.029374748468e-01 1.053749322891e-01 9.694372862577e-02 7.851162552834e-02 7.381758093834e-02 8.782695978880e-02 1.030779108405e-01 9.780639410019e-02 7.403463870287e-02 4.832033813000e-02 5.198945105076e-02 3.009055927396e-02 1.749606244266e-02 1.928227953613e-02 2.567536197603e-02 3.095116652548e-02 9.251393377781e-02 1.621931493282e-01 1.380712538958e-01 1.747944056988e-01 1.684326380491e-01 2.072989940643e-01 2.137264758348e-01 2.021643072367e-01 1.883879452944e-01 2.144619226456e-01 2.286073565483e-01 2.952012419701e-01 3.772795498371e-01 4.108935594559e-01 3.509582877159e-01 2.976401150227e-01 3.296683430672e-01 2.356749922037e-01 3.588932454586e-01 3.652307689190e-01 5.711949467659e-01 5.384935736656e-01 5.794996619225e-01
9.205230511725e-03 1.849802397192e-02 1.952392607927e-02 2.109123580158e-02 2.931015565991e-02 4.099271073937e-02 5.393879488111e-02 5.798923969269e-02 5.606529116631e-02 5.168092250824e-02 5.273862555623e-02 6.701604276896e-02 6.693470478058e-02 5.449988692999e-02 3.529679030180e-02 2.748809382319e-02 1.409806311131e-02 1.199621893466e-02 1.360895577818e-02 2.887484803796e-02 6.374581158161e-02 1.353549957275e-01 3.375655114651e-01 3.173104524612e-01 2.849149703979e-01 2.674516737461e-01 2.576704919338e-01 2.504539787769e-01 2.691601216793e-01 3.104466497898e-01 3.428816497326e-01 3.880714178085e-01 6.730957627296e-01 3.724958598614e-01 8.417695164680e-01 5.742800235748e-01 4.584312438965e-01 4.911083877087e-01 6.081124544144e-01 7.065051198006e-01 7.473948597908e-01 7.019887566566e-01 7.069788575172e-01
8.327404968441e-03 1.608630642295e-02 1.751639880240e-02 1.754776388407e-02 2.961860410869e-02 4.398268461227e-02 4.605939984322e-02 3.776454180479e-02 2.786155045033e-02 2.261377871037e-02 2.863472513855e-02 3.555478900671e-02 3.406212851405e-02 2.740026637912e-02 2.025156281888e-02 1.451652497053e-02 1.069704070687e-02 7.472546771169e-03 7.786735892296e-03 2.598824352026e-02 8.303631097078e-02 1.409898102283e-01 1.386052966118e-01 2.941882312298e-01 7.066841721535e-01 3.572051823139e-01 2.224009782076e-01 2.035789489746e-01 2.093388140202e-01 2.282042801380e-01 3.919737339020e-01 5.676791667938e-01 3.017698526382e-01 4.461688101292e-01 8.057077527046e-01 1.488260149956e+00 6.085045933723e-01 4.753213524818e-01 4.219156205654e-01 4.639997184277e-01 3.970922529697e-01 7.422138452530e-01 8.643795251846e-01
4.323757719249e-03 8.980826474726e-03 1.076464541256e-02 1.194767281413e-02 1.579570211470e-02 2.547687850893e-02 2.937010861933e-02 2.560493908823e-02 1.978481002152e-02 1.474957633764e-02 1.207859721035e-02 1.150465849787e-02 9.176834486425e-03 8.080949075520e-03 9.627974592149e-03 7.333315443248e-03 6.798618938774e-03 5.720525979996e-03 6.640166975558e-03 1.012990809977e-02 1.759782433510e-02 4.691194370389e-02 4.907303676009e-02 6.669916957617e-02 2.580745816231e-01 2.723593413830e-01 1.014621704817e-01 5.535478889942e-02 5.832725763321e-02 1.885624974966e-01 2.483128011227e-01 2.686943411827e-01 2.791461348534e-01 2.292672693729e-01 3.369314372540e-01 9.769732356071e-01 5.193046331406e-01 3.158892989159e-01 2.207913398743e-01 1.993472427130e-01 1.876321285963e-01 4.908606708050e-01 6.814129948616e-01
1.920980634168e-03 3.834753762931e-03 3.988266922534e-03 4.412845242769e-03 5.560653749853e-03 7.038202136755e-03 8.372578769922e-03 9.109769947827e-03 8.812633343041e-03 7.466332055628e-03 6.370000075549e-03 7.324239239097e-03 7.561664097011e-03 6.992254406214e-03 7.155175786465e-03 8.164172992110e-03 6.194425281137e-03 4.948510788381e-03 5.537323188037e-03 8.347866125405e-03 9.519404731691e-03 1.729182340205e-02 3.009491227567e-02 6.579229235649e-02 1.602313369513e-01 9.915664792061e-02 6.125799566507e-02 4.898773878813e-02 4.711836203933e-02 1.505717076361e-02 1.318676210940e-02 1.427459344268e-02 2.228858880699e-02 4.866935685277e-02 1.127024218440e-01 1.931944847107e+00 3.683240175247e+00 4.866053164005e-01 3.313011229038e-01 1.705885976553e-01 1.201413497329e-01 1.307668983936e-01 2.526736259460e-01
1.547759165987e-03 2.813943661749e-03 3.128702053800e-03 3.129790537059e-03 3.148573217914e-03 4.060994833708e-03 5.327686201781e-03 6.553770508617e-03 7.282856386155e-03 7.130691315979e-03 5.988647695631e-03 5.509102251381e-03 5.984536372125e-03 5.789004731923e-03 5.150331184268e-03 6.360288243741e-03 7.368678227067e-03 5.849960725754e-03 4.497207701206e-03 1.472164224833e-02 1.808041892946e-02 1.273614075035e-02 1.689848303795e-02 2.950312383473e-02 5.671959370375e-02 5.699473619461e-01 1.264380514622e-01 1.086393669248e-01 4.561116173863e-02 8.917735889554e-03 7.800726685673e-03 8.168283849955e-03 9.504919871688e-03 1.170799043030e-02 1.569571532309e-02 8.425860852003e-02 5.879620313644e-01 1.520261168480e+00 3.864608407021e-01 2.168185263872e-01 6.272047758102e-02 4.008079320192e-02 4.518809914589e-02
1.445417641662e-03 3.441449254751e-03 4.653671290725e-03 5.370959173888e-03 5.593512207270e-03 5.161470733583e-03 4.589040298015e-03 4.181260243058e-03 5.230136215687e-03 5.994153674692e-03 5.972716957331e-03 5.165449809283e-03 4.468569532037e-03 5.567133426666e-03 5.814936012030e-03 5.198974628001e-03 6.085333880037e-03 7.833338342607e-03 6.176187656820e-03 1.302858721465e-02 1.446279045194e-02 1.187995821238e-02 1.321256253868e-02 1.428718399256e-02 3.245211765170e-02 1.220670714974e-01 1.178075596690e-01 3.014645166695e-02 1.395578775555e-02 8.640511892736e-03 6.474814377725e-03 5.527947098017e-03 5.452931392938e-03 6.835146807134e-03 8.873037062585e-03 3.011444024742e-02 1.552291959524e-01 5.440408587456e-01 6.587860584259e-01 1.016539782286e-01 4.371647909284e-02 2.824286930263e-02 2.671829238534e-02
2.187034580857e-03 5.149356555194e-03 6.582595873624e-03 7.402917835861e-03 7.606049999595e-03 7.267970591784e-03 6.822558119893e-03 6.136760115623e-03 5.294241011143e-03 4.326927475631e-03 4.803348332644e-03 5.040743853897e-03 4.825891926885e-03 5.646579433233e-03 6.478529889137e-03 6.123202852905e-03 5.187715403736e-03 8.226385340095e-03 8.761631324887e-03 2.306328900158e-02 1.480643171817e-02 1.062995288521e-02 7.178950123489e-03 7.418584544212e-03 1.396016310900e-02 1.114737838507e-01 1.446367651224e-01 2.732495963573e-02 1.785220764577e-02 9.051346220076e-03 5.602399818599e-03 3.864143975079e-03 3.436831291765e-03 3.629332408309e-03 5.567675456405e-03 9.212507866323e-03 6.230527535081e-02 1.933239847422e-01 5.113052725792e-01 2.481474131346e-01 1.183402314782e-01 2.364468574524e-02 1.991988532245e-02
1.501780119725e-03 3.263663267717e-03 4.072136711329e-03 4.470151383430e-03 4.335759673268e-03 4.373755306005e-03 4.899246618152e-03 5.482460372150e-03 6.030201911926e-03 6.041441112757e-03 5.204901564866e-03 3.890859661624e-03 4.579530563205e-03 5.016829818487e-03 5.023761186749e-03 5.046794191003e-03 5.302507895976e-03 8.673888631165e-03 1.192522328347e-02 1.986930891871e-02 1.534117572010e-02 1.202438771725e-02 5.898004863411e-03 5.900660064071e-03 1.187199261039e-02 4.298453405499e-02 3.197407722473e-02 2.112379297614e-02 1.672109588981e-02 9.271120652556e-03 5.146958399564e-03 4.217744339257e-03 3.720845095813e-03 3.636830952018e-03 4.650797694921e-03 7.868984714150e-03 1.650571264327e-02 8.294799923897e-02 9.765814989805e-02 5.944633111358e-02 3.578391298652e-02 1.804857142270e-02 1.627822406590e-02
1.411297591403e-03 2.555212005973e-03 3.797160694376e-03 4.854713566601e-03 5.797200836241e-03 6.856102962047e-03 8.020409382880e-03 9.278208948672e-03 1.043976377696e-02 1.077187247574e-02 9.630141779780e-03 7.153729908168e-03 4.603928420693e-03 4.787287209183e-03 5.856873933226e-03 6.358910351992e-03 7.971618324518e-03 9.211680851877e-03 1.093264669180e-02 1.903049647808e-02 1.412169914693e-02 8.924685418606e-03 4.714097827673e-03 4.589854739606e-03 8.595108985901e-03 1.008075196296e-02 1.836394816637e-01 1.446059066802e-02 1.371471676975e-02 8.202156983316e-03 4.761835560203e-03 3.799685742706e-03 3.625625511631e-03 3.829066175967e-03 4.940192215145e-03 6.716797128320e-03 1.115933060646e-02 1.375021040440e-02 2.889561653137e-02 3.840955346823e-02 2.399993874133e-02 1.438904739916e-02 1.856298558414e-02
1.437306869775e-03 2.603754401207e-03 3.479306586087e-03 4.303785972297e-03 5.135431885719e-03 6.150858942419e-03 7.224303670228e-03 8.307260461152e-03 9.319126605988e-03 9.864433668554e-03 9.345928207040e-03 1.049789041281e-02 1.092228479683e-02 1.067663077265e-02 1.020019780844e-02 9.267707355320e-03 1.098374463618e-02 8.034748956561e-03 1.089028641582e-02 3.466629236937e-02 1.263386849314e-02 6.266185548156e-03 4.421359393746e-03 3.702087793499e-03 5.117056891322e-03 1.726139523089e-02 5.801698192954e-02 1.118531543761e-02 1.458045467734e-02 6.127661094069e-03 4.500413779169e-03 3.433420090005e-03 3.476659534499e-03 3.951564431190e-03 5.232472904027e-03 6.219774950296e-03 6.923617329448e-03 1.112226024270e-02 2.438809163868e-02 2.852119319141e-02 1.774286292493e-02 1.317762024701e-02 1.722422428429e-02
