100/SI/f92.grd
DSAA
101	101
32.816463539100	34.260883539100
35.556306596100	36.727886596100
3.591042477638e-04	5.990845489502e+01
[rows 57 to 75 of 101, columns 0 to 42 of 101]
1.993698440492e-02 3.274907916784e-02 3.564533591270e-02 3.568638116121e-02 3.757070749998e-02 4.593447223306e-02 5.140995234251e-02 5.635600164533e-02 6.098760664463e-02 6.233143061399e-02 6.032663956285e-02 8.447953313589e-02 1.447785645723e-01 7.916325330734e-02 5.733502656221e-02 8.659242838621e-02 7.760910689831e-02 8.757408708334e-02 1.058908626437e-01 1.097845211625e-01 1.135256737471e-01 8.484905213118e-02 5.891906842589e-02 5.183381214738e-02 5.623106285930e-02 7.786532491446e-02 1.243373975158e-01 1.541455984116e-01 1.200574412942e-01 7.030417770147e-02 5.516843125224e-02 4.338508099318e-02 4.546887427568e-02 5.480511859059e-02 6.468068808317e-02 8.307926356792e-02 9.577943384647e-02 1.031378731132e-01 1.703718155622e-01 2.235116809607e-01 1.918883323669e-01 1.703354567289e-01 1.907792240381e-01
2.525657974184e-02 4.134585708380e-02 4.722908139229e-02 4.793852195144e-02 4.742642492056e-02 4.614295065403e-02 4.599584639072e-02 4.819114506245e-02 5.021889507771e-02 8.161123842001e-02 2.648965120316e-01 3.068399727345e-01 1.146684512496e-01 5.958516523242e-02 5.985548719764e-02 5.552677810192e-02 6.004883721471e-02 5.979161337018e-02 6.866334378719e-02 8.697368949652e-02 1.053938865662e-01 1.125968694687e-01 7.877741008997e-02 4.951215907931e-02 5.702419579029e-02 8.697114884853e-02 1.312762945890e-01 1.405903548002e-01 1.425232291222e-01 9.068299084902e-02 5.474703013897e-02 4.973349347711e-02 4.753579199314e-02 5.704254284501e-02 6.738342344761e-02 6.981734931469e-02 7.182588428259e-02 7.456137239933e-02 7.522653788328e-02 8.119419962168e-02 9.812950342894e-02 1.343026757240e-01 1.547171175480e-01
3.376358747482e-02 5.551351234317e-02 6.422957032919e-02 9.064456075430e-02 1.166205331683e-01 1.482585817575e-01 1.953849941492e-01 2.854768633842e-01 5.246601104736e-01 7.415119409561e-01 4.933806061745e-01 1.255922019482e-01 8.505233377218e-02 7.443188130856e-02 5.414536595345e-02 5.669654533267e-02 5.988882854581e-02 5.887792631984e-02 5.641717091203e-02 6.037513539195e-02 1.016681119800e-01 1.152277588844e-01 8.177247643471e-02 4.708626866341e-02 3.687010332942e-02 5.684242397547e-02 8.057677745819e-02 8.354673534632e-02 8.685459941626e-02 7.069254666567e-02 4.934963211417e-02 5.194269120693e-02 4.921263456345e-02 5.525384098291e-02 6.670544296503e-02 6.919431686401e-02 6.601139903069e-02 6.060246750712e-02 5.561682209373e-02 6.226881965995e-02 7.957999408245e-02 1.018064469099e-01 1.351477503777e-01
3.299252316356e-02 5.849750712514e-02 1.023901998997e-01 1.467271149158e-01 1.861210912466e-01 2.469051927328e-01 3.599402606487e-01 5.385090708733e-01 5.418614149094e-01 2.508175969124e-01 6.076002120972e-02 7.085238397121e-02 7.705433666706e-02 6.846477836370e-02 6.119774654508e-02 6.421768665314e-02 6.430381536484e-02 6.164683401585e-02 4.821554943919e-02 4.724415391684e-02 7.324142754078e-02 8.171311020851e-02 6.068320572376e-02 3.802083432674e-02 2.926285006106e-02 3.164097294211e-02 4.243155941367e-02 5.250504240394e-02 6.120411679149e-02 5.303896963596e-02 4.853410273790e-02 4.540023952723e-02 4.848332703114e-02 5.372030287981e-02 6.448023021221e-02 6.615094840527e-02 5.995176732540e-02 5.138754472136e-02 4.693344607949e-02 5.217419937253e-02 7.684777677059e-02 9.657777100801e-02 1.237531825900e-01
1.999677531421e-02 3.486219793558e-02 4.262237623334e-02 4.486948251724e-02 4.495558515191e-02 4.476329684258e-02 4.437654092908e-02 4.343305155635e-02 4.261248931289e-02 4.168585687876e-02 3.912726044655e-02 4.122265800834e-02 4.494574666023e-02 5.750451609492e-02 6.465345621109e-02 6.749513745308e-02 6.491751223803e-02 5.755614861846e-02 4.248495027423e-02 3.402321040630e-02 4.103384166956e-02 4.257027432323e-02 3.360736370087e-02 2.494576014578e-02 2.199405059218e-02 2.390545047820e-02 3.071087226272e-02 3.694004938006e-02 4.408158361912e-02 4.747422039509e-02 4.494787380099e-02 4.018128663301e-02 4.660164564848e-02 5.642931535840e-02 6.736662238836e-02 6.524579226971e-02 5.427228659391e-02 4.307054355741e-02 4.756886139512e-02 5.326753482223e-02 7.913827151060e-02 9.828682243824e-02 1.165831014514e-01
9.399312548339e-03 1.752223446965e-02 2.272814698517e-02 2.510651014745e-02 2.603307366371e-02 2.679476886988e-02 2.752258442342e-02 2.806000411510e-02 2.890279702842e-02 2.974892966449e-02 2.915936149657e-02 2.741703763604e-02 2.782726660371e-02 3.693627938628e-02 4.344148933887e-02 4.571112990379e-02 4.156574234366e-02 3.696146607399e-02 3.120008297265e-02 2.659540437162e-02 2.190552651882e-02 2.043182216585e-02 1.687199063599e-02 1.862456649542e-02 2.196589857340e-02 2.310778573155e-02 2.545814774930e-02 3.068438917398e-02 3.731166198850e-02 4.083688184619e-02 4.025489836931e-02 3.803013637662e-02 4.653512686491e-02 6.249702721834e-02 7.264613360167e-02 6.563957780600e-02 4.929446801543e-02 4.251030832529e-02 4.875710606575e-02 5.714452266693e-02 7.675200700760e-02 8.713288605213e-02 1.004627197981e-01
6.460698787123e-03 1.088277529925e-02 1.351587101817e-02 1.541464775801e-02 1.658665388823e-02 1.761120744050e-02 1.859310269356e-02 1.941454038024e-02 2.040008641779e-02 2.141011133790e-02 2.154721319675e-02 2.085595391691e-02 2.006252855062e-02 1.935140974820e-02 1.947160810232e-02 2.207878977060e-02 2.328136377037e-02 2.296630479395e-02 2.108763717115e-02 2.015978284180e-02 1.747624576092e-02 1.639423705637e-02 1.435885298997e-02 1.896204985678e-02 2.337001636624e-02 2.560556493700e-02 2.547471597791e-02 2.527106553316e-02 3.081993944943e-02 3.429375216365e-02 3.514207527041e-02 3.494756296277e-02 4.724757000804e-02 6.611914187670e-02 7.298200577497e-02 6.096728518605e-02 4.313585162163e-02 4.272614419460e-02 5.097843334079e-02 5.724754557014e-02 6.664659827948e-02 7.667034119368e-02 7.869496941566e-02
5.225521046668e-03 8.901704102755e-03 1.122236903757e-02 1.234416943043e-02 1.314561720937e-02 1.382532343268e-02 1.432453654706e-02 1.442043017596e-02 1.493802573532e-02 1.551743596792e-02 1.564224436879e-02 1.538209244609e-02 1.512182597071e-02 1.477712579072e-02 1.530679967254e-02 1.758503727615e-02 1.869027689099e-02 1.844252832234e-02 1.705725491047e-02 1.589040271938e-02 1.696753129363e-02 1.647049747407e-02 1.425217837095e-02 1.893020607531e-02 2.387590706348e-02 2.690712362528e-02 2.727713435888e-02 2.643444202840e-02 2.713711932302e-02 2.975444123149e-02 3.100392967463e-02 3.258226066828e-02 4.699694365263e-02 6.468054652214e-02 6.662583351135e-02 5.244009941816e-02 4.012059047818e-02 4.379885271192e-02 5.338119715452e-02 5.638087540865e-02 5.906482040882e-02 6.385467201471e-02 5.859679356217e-02
5.043813493103e-03 8.080371655524e-03 1.025271881372e-02 1.125692855567e-02 1.169008389115e-02 1.206226460636e-02 1.219624187797e-02 1.194836478680e-02 1.200519222766e-02 1.215858198702e-02 1.219625305384e-02 1.266224123538e-02 1.303100585938e-02 1.333089265972e-02 1.368765439838e-02 1.427841279656e-02 1.526627130806e-02 1.542933005840e-02 1.558004226536e-02 1.501358114183e-02 1.558162644506e-02 1.627890579402e-02 1.445410680026e-02 1.793788559735e-02 2.265359647572e-02 2.579861134291e-02 2.635899372399e-02 2.586469240487e-02 2.729322575033e-02 2.809437736869e-02 2.863603085279e-02 3.046011365950e-02 4.408220201731e-02 5.806233361363e-02 5.642379820347e-02 4.503712430596e-02 3.898616507649e-02 4.695420339704e-02 5.403796210885e-02 5.272654443979e-02 5.137861147523e-02 5.178752914071e-02 4.748164862394e-02
4.724226891994e-03 7.499764207751e-03 9.411989711225e-03 1.026109140366e-02 1.062455121428e-02 1.089326571673e-02 1.092462893575e-02 1.068981830031e-02 1.059677638113e-02 1.139672938734e-02 1.208628527820e-02 1.270839665085e-02 1.325905695558e-02 1.372224930674e-02 1.414297707379e-02 1.455098018050e-02 1.485318876803e-02 1.490247901529e-02 1.460870355368e-02 1.427170541137e-02 1.430385932326e-02 1.570479571819e-02 1.484679803252e-02 1.628109067678e-02 2.027469500899e-02 2.305418439209e-02 2.674737758934e-02 2.920421771705e-02 2.931964397430e-02 2.837748266757e-02 2.775540761650e-02 2.831365913153e-02 3.874394670129e-02 4.836933314800e-02 4.633574560285e-02 4.013509303331e-02 4.210813716054e-02 4.778085276484e-02 5.110388994217e-02 4.634434357285e-02 4.305419325829e-02 4.090550541878e-02 4.062365740538e-02
4.356496036053e-03 6.904192734510e-03 8.650187402964e-03 9.459613822401e-03 9.801668114960e-03 9.949857369065e-03 9.878640994430e-03 9.723014198244e-03 9.934079833329e-03 1.078690588474e-02 1.155574247241e-02 1.227679569274e-02 1.293947175145e-02 1.349522732198e-02 1.392681896687e-02 1.420826464891e-02 1.424619648606e-02 1.548015046865e-02 1.580502465367e-02 1.466560736299e-02 1.337707415223e-02 1.440952159464e-02 1.470489520580e-02 1.463982556015e-02 1.784594543278e-02 2.014737389982e-02 2.439913526177e-02 2.835722081363e-02 2.929565310478e-02 2.833939902484e-02 2.719706669450e-02 2.692442201078e-02 3.093309514225e-02 3.752794489264e-02 3.683971613646e-02 3.404151648283e-02 3.641950339079e-02 4.049336537719e-02 4.188767820597e-02 3.644217178226e-02 3.376835212111e-02 3.129160404205e-02 3.064413927495e-02
4.046448972076e-03 6.423298269510e-03 8.080048486590e-03 8.885382674634e-03 9.180734865367e-03 9.200461208820e-03 9.055868722498e-03 8.983754552901e-03 9.349993430078e-03 9.719212539494e-03 1.050624158233e-02 1.125388499349e-02 1.194638852030e-02 1.253017783165e-02 1.295348070562e-02 1.352160889655e-02 1.488662790507e-02 1.675567030907e-02 1.758182421327e-02 1.710436679423e-02 1.565422676504e-02 1.392350438982e-02 1.428659260273e-02 1.447433140129e-02 1.590113714337e-02 1.774690672755e-02 1.828646473587e-02 2.207036502659e-02 2.497761137784e-02 2.586589194834e-02 2.556057646871e-02 2.596832066774e-02 2.677057124674e-02 2.760373428464e-02 2.735029160976e-02 2.644677646458e-02 2.804895304143e-02 3.250797465444e-02 3.460444882512e-02 2.846436202526e-02 2.541874535382e-02 2.269880473614e-02 2.504481934011e-02
3.821876598522e-03 6.084471940994e-03 7.683395873755e-03 8.446398191154e-03 8.650512434542e-03 8.582708425820e-03 8.436775766313e-03 8.371845819056e-03 8.591495454311e-03 8.966562338173e-03 9.132115170360e-03 9.857611730695e-03 1.052503474057e-02 1.109772175550e-02 1.161868218333e-02 1.294737216085e-02 1.513496600091e-02 1.726832799613e-02 1.871475949883e-02 1.914995908737e-02 1.862394437194e-02 1.751131750643e-02 1.617032848299e-02 1.493570301682e-02 1.439824420959e-02 1.589862816036e-02 1.620721817017e-02 1.555441506207e-02 1.905462704599e-02 2.186419442296e-02 2.372245863080e-02 2.509665861726e-02 2.593310177326e-02 2.505196817219e-02 2.256102859974e-02 2.212273888290e-02 2.483137883246e-02 3.083574399352e-02 3.574190288782e-02 3.212056308985e-02 2.365623973310e-02 2.116403542459e-02 2.405194565654e-02
3.739594481885e-03 5.943844560534e-03 7.477576378733e-03 8.150886744261e-03 8.257948793471e-03 8.142705075443e-03 8.053522557020e-03 8.162925951183e-03 8.157781325281e-03 8.242869749665e-03 8.358475752175e-03 9.239138104022e-03 1.016441173851e-02 1.112446375191e-02 1.197375170887e-02 1.323086302727e-02 1.538313552737e-02 1.756343059242e-02 1.952523738146e-02 2.074011787772e-02 2.094684913754e-02 2.042561769485e-02 1.953927427530e-02 1.863521523774e-02 1.810503751040e-02 1.776521280408e-02 1.711647771299e-02 1.614587754011e-02 1.886122673750e-02 2.115736715496e-02 2.287523448467e-02 2.444222569466e-02 2.526974491775e-02 2.360322698951e-02 2.250225096941e-02 2.287821471691e-02 2.501246146858e-02 2.979365363717e-02 3.442014381289e-02 3.123073466122e-02 2.413359843194e-02 2.107288315892e-02 2.396846562624e-02
3.800936276093e-03 6.009882315993e-03 7.492978591472e-03 8.082181215286e-03 8.117636665702e-03 7.955054752529e-03 7.928332313895e-03 7.935347966850e-03 8.111117407680e-03 8.156587369740e-03 8.655040524900e-03 9.526570327580e-03 1.037906389683e-02 1.119098812342e-02 1.184738054872e-02 1.361303683370e-02 1.604938134551e-02 1.835311576724e-02 2.057982049882e-02 2.219488471746e-02 2.272108197212e-02 2.238175645471e-02 2.154975570738e-02 2.051510289311e-02 1.966440677643e-02 1.882329210639e-02 1.741754263639e-02 1.609891466796e-02 1.847460493445e-02 2.047526463866e-02 2.219480276108e-02 2.385095134377e-02 2.439890056849e-02 2.242241427302e-02 2.281121164560e-02 2.345276251435e-02 2.556436322629e-02 2.888227254152e-02 3.109981305897e-02 2.735219523311e-02 2.247700281441e-02 1.956005953252e-02 2.223787270486e-02
3.898020600900e-03 6.144401151687e-03 7.603977806866e-03 8.143384009600e-03 8.136722259223e-03 8.027452975512e-03 8.368964307010e-03 8.607747033238e-03 8.744408376515e-03 8.767517283559e-03 8.692740462720e-03 9.154652245343e-03 1.016600243747e-02 1.137549616396e-02 1.176689844579e-02 1.333111245185e-02 1.641342602670e-02 1.907151937485e-02 2.117900364101e-02 2.250717952847e-02 2.280296944082e-02 2.218990027905e-02 2.104134857655e-02 1.969351805747e-02 1.842898689210e-02 1.715721003711e-02 1.536367740482e-02 1.607983373106e-02 1.812134496868e-02 1.992487162352e-02 2.156759425998e-02 2.293612807989e-02 2.294264361262e-02 2.120816893876e-02 2.301367931068e-02 2.866297215223e-02 2.710204571486e-02 2.880861237645e-02 2.772479504347e-02 2.341430075467e-02 2.033509500325e-02 1.778720319271e-02 2.017367444932e-02
3.843598766252e-03 6.038847845048e-03 7.429365999997e-03 7.927196100354e-03 7.916904985905e-03 8.056925609708e-03 8.277576416731e-03 8.386144414544e-03 8.415701799095e-03 8.367638103664e-03 8.412226103246e-03 9.444300085306e-03 1.099307835102e-02 1.231355033815e-02 1.270882971585e-02 1.243331935257e-02 1.568555645645e-02 1.840153150260e-02 1.993294432759e-02 2.047440782189e-02 2.019107155502e-02 1.909716427326e-02 1.763904839754e-02 1.637339405715e-02 1.534645259380e-02 1.424333546311e-02 1.435336377472e-02 1.594736613333e-02 1.775220222771e-02 1.937349326909e-02 2.078740857542e-02 2.157027833164e-02 2.096845954657e-02 2.033506520092e-02 2.402337826788e-02 2.576576545835e-02 2.632246352732e-02 2.892706170678e-02 2.802968397737e-02 2.297597937286e-02 1.970750093460e-02 1.811260730028e-02 1.958140917122e-02
3.521602833644e-03 5.497432313859e-03 6.723034195602e-03 7.155599538237e-03 7.582501508296e-03 7.912332192063e-03 7.770613301545e-03 7.385092787445e-03 7.300445344299e-03 7.842914201319e-03 8.567386306822e-03 9.908279404044e-03 1.171571109444e-02 1.308383885771e-02 1.346682570875e-02 1.324234437197e-02 1.435598637909e-02 1.666546240449e-02 1.752870157361e-02 1.733859628439e-02 1.647921465337e-02 1.495450735092e-02 1.439377106726e-02 1.704821176827e-02 1.729456149042e-02 1.658519357443e-02 1.625218242407e-02 1.631645485759e-02 1.725901663303e-02 1.866903901100e-02 1.965343579650e-02 1.968469470739e-02 1.848623901606e-02 1.877864450216e-02 2.191117964685e-02 3.124431148171e-02 2.680725418031e-02 3.756513819098e-02 3.334045037627e-02 2.798857539892e-02 2.372475713491e-02 1.953029632568e-02 2.204638533294e-02
3.639189293608e-03 5.364549346268e-03 6.583658047020e-03 7.608986925334e-03 8.383627049625e-03 8.566987700760e-03 8.318963460624e-03 7.851294241846e-03 7.306225597858e-03 7.915053516626e-03 8.776055648923e-03 1.040127873421e-02 1.240053307265e-02 1.379359327257e-02 1.417048275471e-02 1.394876744598e-02 1.317805703729e-02 1.517733745277e-02 1.576043665409e-02 1.663815230131e-02 2.258066460490e-02 2.069026976824e-02 1.562871038914e-02 1.778239943087e-02 1.726887375116e-02 1.591351255774e-02 1.511668693274e-02 1.522022671998e-02 1.666647568345e-02 1.775334216654e-02 1.813161745667e-02 1.742324233055e-02 1.584134623408e-02 1.686891727149e-02 1.868457347155e-02 2.777285315096e-02 3.479360789061e-02 5.452469363809e-02 5.043691024184e-02 3.315043821931e-02 2.524260245264e-02 2.326448634267e-02 2.863105386496e-02
