100/SI/f92.grd
DSAA
101	101
32.816463539100	34.260883539100
35.556306596100	36.727886596100
3.591042477638e-04	5.990845489502e+01
[rows 57 to 75 of 101, columns 43 to 85 of 101]
2.503824234009e-01 2.984750866890e-01 1.521386504173e-01 1.687646508217e-01 1.668804436922e-01 2.682064473629e-01 3.011543750763e-01 4.046345055103e-01 3.528955280781e-01 1.928328275681e-01 1.345349848270e-01 1.129574924707e-01 8.306561410427e-02 1.471124887466e-01 6.176030635834e-01 2.074264764786e+00 4.556746482849e+00 4.277697563171e+00 6.073177814484e+00 2.087102890015e+00 6.054458022118e-01 4.612619280815e-01 8.346422314644e-01 1.547480463982e+00 2.647423505783e+00 2.400377035141e+00 2.612985610962e+00 2.118987083435e+00 2.750116586685e+00 2.545920372009e+00 2.688954591751e+00 2.004134416580e+00 2.075305461884e+00 2.915897846222e+00 1.810877680779e+00 1.138374924660e+00 1.328384637833e+00 1.859562516212e+00 2.331485509872e+00 1.687355518341e+00 7.039614915848e-01 6.194038987160e-01 5.988144278526e-01
1.998415440321e-01 3.250827193260e-01 1.229721456766e-01 1.307926476002e-01 1.295159310102e-01 1.946555376053e-01 3.775341212749e-01 1.211547493935e+00 9.626767039299e-01 2.076051384211e-01 1.241767406464e-01 8.601409941912e-02 6.580898910761e-02 6.514122337103e-02 1.285625398159e-01 1.236038684845e+00 1.448037385941e+00 1.500613331795e+00 1.211896300316e+00 1.228448510170e+00 9.017047882080e-01 6.845611929893e-01 5.279068946838e-01 3.218730092049e-01 8.300788998604e-01 1.645128965378e+00 2.874029397964e+00 2.930969476700e+00 3.198630571365e+00 1.754653215408e+00 2.315916538239e+00 2.112517118454e+00 1.810909986496e+00 1.589835166931e+00 1.616188049316e+00 1.213842272758e+00 1.192743539810e+00 1.435411572456e+00 1.410049319267e+00 1.290957212448e+00 1.338964223862e+00 1.403030633926e+00 1.312401294708e+00
1.676356792450e-01 1.615187227726e-01 1.118636876345e-01 1.189970597625e-01 1.209475621581e-01 1.771371811628e-01 5.362142324448e-01 1.332633852959e+00 1.377773761749e+00 3.110999166965e-01 1.294440180063e-01 7.348484545946e-02 5.200413241982e-02 4.709709063172e-02 4.841606318951e-02 6.050931662321e-02 8.288180083036e-02 1.128907576203e-01 1.458584815264e-01 1.810865849257e-01 2.119936496019e-01 2.502559125423e-01 1.683045923710e-01 1.691230386496e-01 4.049395620823e-01 1.882782340050e+00 3.242576122284e+00 3.683768749237e+00 3.540828704834e+00 3.572047233582e+00 2.350059509277e+00 2.039028406143e+00 1.729619741440e+00 1.572846889496e+00 2.208395242691e+00 1.903919816017e+00 1.579745650291e+00 9.891594648361e-01 1.062923073769e+00 8.926557898521e-01 7.868217229843e-01 7.416096329689e-01 6.474900841713e-01
1.545452922583e-01 1.390218287706e-01 1.082408726215e-01 1.206208467484e-01 1.369920969009e-01 1.798142492771e-01 1.147352814674e+00 1.386481642723e+00 1.709056615829e+00 2.399580031633e-01 1.134716123343e-01 7.073138654232e-02 4.693982005119e-02 3.809295594692e-02 3.641207143664e-02 3.844280540943e-02 4.703706130385e-02 6.194901838899e-02 8.843902498484e-02 1.036067754030e-01 1.187592968345e-01 2.380339950323e-01 1.226182505488e-01 1.130748093128e-01 3.450046479702e-01 7.675652503967e-01 2.739426374435e+00 3.055788278580e+00 3.239253520966e+00 3.460805416107e+00 2.888638734818e+00 2.234251737595e+00 1.554253220558e+00 1.991834640503e+00 1.384915590286e+00 1.218517303467e+00 1.010228037834e+00 8.349888920784e-01 7.848053574562e-01 7.730692625046e-01 8.172363638878e-01 1.160903811455e+00 1.615824222565e+00
1.308908164501e-01 1.018888577819e-01 1.063250526786e-01 1.279700249434e-01 1.955574303865e-01 3.200510442257e-01 9.724055528641e-01 2.167924165726e+00 8.424956202507e-01 1.337423175573e-01 8.257459849119e-02 6.023018062115e-02 4.283225908875e-02 3.214693814516e-02 2.942147478461e-02 2.948188968003e-02 3.214640170336e-02 4.296377673745e-02 5.915203690529e-02 6.764534860849e-02 7.016395032406e-02 1.457226723433e-01 8.722818642855e-02 9.452691674232e-02 2.124530673027e-01 7.196336984634e-01 1.946824073792e+00 2.641129970551e+00 2.753802776337e+00 2.100282430649e+00 1.618661999702e+00 2.311658382416e+00 1.580634832382e+00 1.113512158394e+00 1.237915158272e+00 1.567466616631e+00 1.418765306473e+00 1.001570820808e+00 9.348164796829e-01 9.106828570366e-01 8.825637698174e-01 9.818930029869e-01 1.214734196663e+00
9.496298432350e-02 7.808227837086e-02 9.764772653580e-02 2.274693697691e-01 5.131874680519e-01 1.191697955132e+00 1.756719827652e+00 1.109284043312e+00 1.187189072371e-01 8.108589798212e-02 5.825477838516e-02 4.800023883581e-02 3.747285529971e-02 3.062563948333e-02 2.695300616324e-02 2.808615192771e-02 2.941212244332e-02 3.552956134081e-02 5.127432569861e-02 6.307873874903e-02 6.700460612774e-02 7.086935639381e-02 7.119613140821e-02 1.064906641841e-01 2.578352391720e-01 6.734103560448e-01 8.265599608421e-01 8.221987485886e-01 1.594589114189e+00 1.848561167717e+00 2.165825128555e+00 1.381161451340e+00 1.784774661064e+00 1.311264395714e+00 1.469546794891e+00 1.734061002731e+00 3.463547229767e+00 2.185663938522e+00 1.286338925362e+00 1.051540613174e+00 1.081412076950e+00 1.062330961227e+00 1.025807499886e+00
6.128773465753e-02 6.392503529787e-02 8.082041889429e-02 1.020944491029e-01 2.217326164246e-01 1.376045584679e+00 8.981462121010e-01 1.204801127315e-01 7.055024057627e-02 6.219522282481e-02 5.219981446862e-02 4.411788284779e-02 3.455683588982e-02 2.946270816028e-02 2.623875625432e-02 2.893845364451e-02 3.001899458468e-02 2.926561422646e-02 4.216321557760e-02 5.380526557565e-02 6.080163270235e-02 6.048032268882e-02 7.565476745367e-02 1.229031011462e-01 3.823220133781e-01 7.580505609512e-01 4.502418637276e-01 5.895530581474e-01 5.489248037338e-01 2.830615758896e+00 4.115596294403e+00 2.229970693588e+00 1.224632620811e+00 1.674333810806e+00 6.625764966011e-01 6.975277066231e-01 2.581873893738e+00 1.242867231369e+00 1.012601375580e+00 7.748890519142e-01 7.960300445557e-01 8.874611258507e-01 9.561121463776e-01
5.129722505808e-02 5.581054836512e-02 6.542102992535e-02 8.273437619209e-02 9.352277219296e-02 1.300815045834e-01 1.438188999891e-01 9.807491302490e-02 5.114377290010e-02 5.277660116553e-02 4.624199494720e-02 4.237977415323e-02 3.469469770789e-02 2.802229113877e-02 2.866672165692e-02 2.921902388334e-02 3.121792897582e-02 3.102299384773e-02 3.550251200795e-02 4.559249803424e-02 5.422862991691e-02 5.765924602747e-02 6.074725836515e-02 1.008562147617e-01 2.826452851295e-01 1.749401688576e-01 1.683248281479e-01 2.757048010826e-01 6.261289715767e-01 1.239367127419e+00 1.298754930496e+00 1.639322757721e+00 2.595736742020e+00 1.401809930801e+00 1.335656046867e+00 1.038458347321e+00 1.061382651329e+00 8.992038369179e-01 4.787669181824e-01 5.975188612938e-01 5.836390256882e-01 6.281791925430e-01 7.903675436974e-01
4.031141847372e-02 4.545649141073e-02 5.416141822934e-02 6.641028076410e-02 7.137364149094e-02 7.936847209930e-02 8.395907282829e-02 5.256805941463e-02 4.474261775613e-02 4.666396975517e-02 4.348716884851e-02 3.769282996655e-02 3.148451074958e-02 2.824998088181e-02 2.798260003328e-02 3.205100446939e-02 3.134115040302e-02 2.694399282336e-02 3.136575967073e-02 3.981938585639e-02 4.714211076498e-02 5.518162250519e-02 7.794521749020e-02 8.162173628807e-02 8.294950425625e-02 1.157596856356e-01 1.123790815473e-01 2.760055065155e-01 3.864958286285e-01 5.191766023636e-01 1.078853845596e+00 1.883951663971e+00 1.402758479118e+00 2.540538549423e+00 1.635438561440e+00 9.197731018066e-01 7.649782896042e-01 6.950762867928e-01 8.344099521637e-01 7.856312990189e-01 9.792308807373e-01 9.615119099617e-01 1.118975877762e+00
3.720754012465e-02 3.688393160701e-02 4.150978103280e-02 4.701017960906e-02 5.066094547510e-02 4.990342631936e-02 4.773351922631e-02 4.594658687711e-02 4.971149563789e-02 4.912521690130e-02 4.574412852526e-02 3.984057530761e-02 3.258043900132e-02 2.894924208522e-02 2.616728655994e-02 2.554923295975e-02 2.879924699664e-02 2.919612824917e-02 2.970091253519e-02 3.585396707058e-02 4.153237491846e-02 4.883514344692e-02 7.492598146200e-02 8.422976732254e-02 9.079224616289e-02 1.884562671185e-01 2.590637505054e-01 3.326766192913e-01 4.665729701519e-01 5.034555792809e-01 1.101399898529e+00 2.087891817093e+00 9.885748624802e-01 1.053695559502e+00 1.851411104202e+00 1.563305139542e+00 1.095885992050e+00 9.319409132004e-01 1.163630127907e+00 5.994608402252e-01 7.957949638367e-01 9.601091146469e-01 1.146667122841e+00
3.057373501360e-02 3.470155224204e-02 3.644023463130e-02 3.674489632249e-02 4.115344956517e-02 4.436429217458e-02 4.778511822224e-02 4.240951687098e-02 4.081530496478e-02 4.209880530834e-02 4.520403593779e-02 4.497103393078e-02 3.869666904211e-02 3.287262469530e-02 3.115569613874e-02 2.820463478565e-02 2.429485693574e-02 2.698054164648e-02 3.055601567030e-02 3.378928080201e-02 3.711248189211e-02 4.274376481771e-02 6.375899165869e-02 6.229216232896e-02 6.920558214188e-02 1.704020649195e-01 3.640932440758e-01 4.911366999149e-01 6.905841827393e-01 3.629025816917e-01 1.069405436516e+00 5.350974202156e-01 5.739535689354e-01 6.663617491722e-01 1.063883781433e+00 1.163034558296e+00 1.490733265877e+00 1.356267929077e+00 1.018058419228e+00 8.696970343590e-01 6.673021316528e-01 7.182421088219e-01 5.759948492050e-01
2.997509203851e-02 3.313998878002e-02 3.297530114651e-02 3.347462415695e-02 3.577332943678e-02 3.986748680472e-02 4.314577206969e-02 3.853848204017e-02 3.038171865046e-02 3.245865926147e-02 3.522249683738e-02 4.107215255499e-02 4.263472557068e-02 3.543090075254e-02 3.346385434270e-02 4.059250652790e-02 3.598767518997e-02 2.926871180534e-02 3.187297284603e-02 3.319603204727e-02 4.041999951005e-02 4.487460479140e-02 5.002114921808e-02 6.211142987013e-02 7.206430286169e-02 1.244477033615e-01 2.618004679680e-01 3.120489716530e-01 4.284482598305e-01 2.428338974714e-01 5.159924626350e-01 3.964517414570e-01 6.583091616631e-01 4.030928611755e-01 7.959724068642e-01 5.923878550529e-01 9.383647441864e-01 1.151992678642e+00 1.017842292786e+00 1.371542692184e+00 1.246227741241e+00 9.961912631989e-01 8.877552151680e-01
2.886163443327e-02 3.119581378996e-02 2.999802865088e-02 3.045835532248e-02 3.059487976134e-02 2.988154813647e-02 3.309522941709e-02 3.128713369370e-02 3.750859200954e-02 4.059574007988e-02 3.686328604817e-02 3.709542378783e-02 4.075343161821e-02 4.242935776711e-02 3.896595910192e-02 5.031800270081e-02 4.479593783617e-02 3.427511826158e-02 3.441867232323e-02 3.416392952204e-02 3.925888985395e-02 4.259435459971e-02 4.824076965451e-02 6.404642760754e-02 7.526249438524e-02 1.115951612592e-01 1.677284389734e-01 1.932072937489e-01 2.078424394131e-01 2.626838088036e-01 4.398702979088e-01 6.738144755363e-01 4.536114633083e-01 1.059899210930e+00 3.780517876148e-01 4.938131272793e-01 1.003719449043e+00 1.405746698380e+00 6.881654262543e-01 7.778626084328e-01 4.974503517151e-01 9.341797232628e-01 8.255562186241e-01
2.574426122010e-02 2.781023085117e-02 2.673548646271e-02 2.620536088943e-02 2.432926371694e-02 2.466108836234e-02 2.602507919073e-02 3.448205068707e-02 4.283015429974e-02 4.401123151183e-02 3.847442567348e-02 4.233513772488e-02 4.707571864128e-02 4.579903185368e-02 4.546755924821e-02 4.740103706717e-02 5.072415247560e-02 5.930003523827e-02 5.316467210650e-02 4.775591194630e-02 4.908642172813e-02 5.277417227626e-02 6.304486840963e-02 6.515880674124e-02 7.806184887886e-02 9.596404433250e-02 1.587346643209e-01 1.574029326439e-01 2.839190959930e-01 5.738821625710e-01 7.126480340958e-01 3.630136251450e-01 3.641917109489e-01 1.081200003624e+00 5.797333717346e-01 7.137827873230e-01 6.334635019302e-01 8.200347423553e-01 5.987898707390e-01 2.298367470503e-01 2.188341319561e-01 2.955029010773e-01 5.833166241646e-01
2.367225289345e-02 2.370011992753e-02 2.354729361832e-02 2.321613579988e-02 2.384116873145e-02 2.523024939001e-02 2.680717222393e-02 3.215120360255e-02 3.605649620295e-02 3.415163606405e-02 4.036898538470e-02 4.344922304153e-02 4.220091924071e-02 4.437110200524e-02 6.071861088276e-02 8.446063101292e-02 9.568208456039e-02 1.211506426334e-01 1.207823157310e-01 1.301266849041e-01 9.289208799601e-02 8.837658911943e-02 1.024635285139e-01 8.580765873194e-02 9.801959991455e-02 1.354759037495e-01 4.036405384541e-01 3.766881823540e-01 3.678641915321e-01 4.956353306770e-01 2.770095765591e-01 2.919587194920e-01 3.881134688854e-01 2.252307236195e-01 1.210733056068e+00 1.686593532562e+00 1.505600214005e+00 3.495169878006e-01 1.656760722399e-01 1.370865106583e-01 1.339947879314e-01 1.583513915539e-01 1.670112311840e-01
2.199683338404e-02 2.282065339386e-02 2.197457104921e-02 2.364618703723e-02 2.533255890012e-02 2.898464351892e-02 2.899404242635e-02 3.354915603995e-02 3.675261884928e-02 4.273182526231e-02 4.443137720227e-02 5.275504291058e-02 5.530634522438e-02 5.118346959352e-02 1.240822598338e-01 4.453051388264e-01 3.519519269466e-01 2.085687816143e-01 2.346950024366e-01 2.921764850616e-01 2.160125076771e-01 1.133910343051e-01 1.319366842508e-01 1.652380228043e-01 1.606817245483e-01 2.998414933681e-01 4.213642179966e-01 3.713065981865e-01 3.046225607395e-01 2.742517590523e-01 3.114235997200e-01 2.884851694107e-01 2.198846936226e-01 1.838155239820e-01 3.109231591225e-01 1.427021861076e+00 1.486429214478e+00 3.066262006760e-01 1.093872785568e-01 1.114347130060e-01 1.004455164075e-01 9.651898592710e-02 1.585176140070e-01
2.205040678382e-02 2.375926263630e-02 3.004012629390e-02 3.357171639800e-02 3.074861876667e-02 5.096325278282e-02 5.991608649492e-02 6.102415174246e-02 5.169451236725e-02 5.055413022637e-02 5.563680082560e-02 6.993690878153e-02 6.974693387747e-02 2.572584152222e-01 1.818690419197e+00 2.290997028351e+00 1.069201707840e+00 6.067644357681e-01 4.856259524822e-01 3.768929243088e-01 1.798054277897e-01 1.803815215826e-01 3.925009071827e-01 8.372734189034e-01 6.866323947906e-01 3.660488426685e-01 4.280637800694e-01 3.488737046719e-01 3.692634403706e-01 2.523289620876e-01 6.227259039879e-01 2.498789280653e-01 1.943349391222e-01 1.374344378710e-01 9.146096557379e-02 2.942406237125e-01 3.246804177761e-01 7.948978245258e-02 5.358741059899e-02 6.305764615536e-02 7.796148955822e-02 8.715480566025e-02 8.150295913219e-02
2.700104750693e-02 4.244914650917e-02 5.784931406379e-02 6.285890191793e-02 8.097258955240e-02 1.076486930251e-01 1.057645380497e-01 9.330239146948e-02 8.023148030043e-02 6.187827885151e-02 7.509360462427e-02 8.306505531073e-02 4.619231224060e-01 2.548430204391e+00 3.487302064896e+00 1.216770887375e+00 3.815706670284e-01 2.338109016418e-01 2.387382537127e-01 2.090565860271e-01 1.995787620544e-01 4.544032514095e-01 8.959037661552e-01 1.188327670097e+00 9.558638334274e-01 4.914254844189e-01 3.397647440434e-01 2.487708032131e-01 2.260587066412e-01 2.008243650198e-01 2.681185305119e-01 1.245948970318e-01 1.409946829081e-01 1.143203228712e-01 7.184499502182e-02 4.262078180909e-02 3.520076721907e-02 3.432052582502e-02 3.602597489953e-02 4.486817494035e-02 6.024577468634e-02 7.619250565767e-02 7.795301824808e-02
4.469004273415e-02 6.679103523493e-02 8.870231360197e-02 1.195224002004e-01 2.313271462917e-01 2.280536293983e-01 3.188681900501e-01 2.321776747704e-01 2.639847993851e-01 1.568225473166e-01 8.769726753235e-02 6.021102070808e-01 2.426800966263e+00 2.417047977448e+00 6.328336596489e-01 1.893973797560e-01 3.506251871586e-01 4.630018472672e-01 3.271924853325e-01 3.805342018604e-01 4.604415595531e-01 4.633873701096e-01 6.770595908165e-01 5.536540746689e-01 3.736638426781e-01 2.916581928730e-01 1.818674355745e-01 7.041360437870e-02 7.289973646402e-02 7.156686484814e-02 9.169454872608e-02 6.710017472506e-02 5.913631990552e-02 4.089161008596e-02 4.182019084692e-02 4.260408878326e-02 4.398486390710e-02 4.617779701948e-02 4.911926388741e-02 5.291503667831e-02 5.351850390434e-02 6.395319849253e-02 8.107971400023e-02
