100/SI/f92.grd
DSAA
101	101
32.816463539100	34.260883539100
35.556306596100	36.727886596100
3.591042477638e-04	5.990845489502e+01
[rows 0 to 18 of 101, columns 43 to 85 of 101]
8.602610230446e-02 1.468223929405e-01 1.692077070475e-01 1.341547816992e-01 9.352319687605e-02 9.449441730976e-02 8.131692558527e-02 7.426713407040e-02 4.890427738428e-02 7.057584077120e-02 9.364533424377e-02 1.108720153570e-01 1.332750618458e-01 1.901887953281e-01 8.555830270052e-02 1.056871563196e-01 1.341827064753e-01 1.459358036518e-01 9.863095730543e-02 6.689688563347e-02 7.558163255453e-02 9.622754156590e-02 9.892407059669e-02 1.079891994596e-01 1.093045920134e-01 7.803411781788e-02 5.230349302292e-02 5.277900770307e-02 1.001287177205e-01 1.501019895077e-01 1.203284934163e-01 5.899888649583e-02 7.445856183767e-02 4.872069880366e-02 4.967342317104e-02 4.272131621838e-02 3.653982654214e-02 3.325784951448e-02 2.453233674169e-02 2.475154027343e-02 3.285952657461e-02 5.491743236780e-02 5.457057058811e-02
1.491174101830e-01 2.659203708172e-01 3.321920931339e-01 2.940841913223e-01 2.205178290606e-01 2.049994021654e-01 1.699225306511e-01 1.440467834473e-01 1.339683830738e-01 1.550383418798e-01 1.726705580950e-01 1.980030685663e-01 2.636306583881e-01 3.798738420010e-01 1.629745811224e-01 2.008251100779e-01 2.535533308983e-01 2.731722891331e-01 1.876431703568e-01 1.290429830551e-01 1.459967941046e-01 1.835429519415e-01 1.958201229572e-01 1.887761354446e-01 1.927789896727e-01 1.625413447618e-01 9.704443067312e-02 1.096656247973e-01 2.263482064009e-01 3.596900701523e-01 2.141507714987e-01 9.734466671944e-02 1.456911861897e-01 8.970823138952e-02 9.612448513508e-02 7.964685559273e-02 6.529125571251e-02 5.852676928043e-02 4.724270477891e-02 4.729096591473e-02 7.268993556499e-02 1.112636774778e-01 1.036660075188e-01
1.879650801420e-01 2.715173661709e-01 3.710753023624e-01 3.650053143501e-01 2.967647016048e-01 2.981770634651e-01 2.014607042074e-01 1.772066652775e-01 2.388972640038e-01 2.390718162060e-01 1.716470420361e-01 2.193150371313e-01 2.809967696667e-01 3.973995745182e-01 1.883402764797e-01 2.285096347332e-01 2.837527692318e-01 3.126909434795e-01 2.162098735571e-01 1.682469099760e-01 1.693347543478e-01 1.843132823706e-01 2.203303128481e-01 2.365778684616e-01 2.842651605606e-01 2.186335772276e-01 1.261907219887e-01 1.358790248632e-01 2.972955703735e-01 4.646424949169e-01 2.195529639721e-01 1.134962216020e-01 1.678226441145e-01 9.902089834213e-02 1.072848215699e-01 9.391294419765e-02 8.346535265446e-02 6.635308265686e-02 5.455746874213e-02 6.728174537420e-02 9.212753176689e-02 1.231836304069e-01 1.060994863510e-01
2.165756076574e-01 2.460556030273e-01 3.318551480770e-01 3.606013953686e-01 3.216508924961e-01 3.991639018059e-01 2.111686766148e-01 2.421172708273e-01 3.413891792297e-01 3.517906963825e-01 2.338540703058e-01 2.294433116913e-01 2.879196405411e-01 4.011016488075e-01 1.978250890970e-01 2.535081803799e-01 2.910754978657e-01 3.258605599403e-01 2.322397977114e-01 2.208903133869e-01 1.819217205048e-01 2.287647873163e-01 2.766604125500e-01 2.725779116154e-01 3.776368200779e-01 2.697865664959e-01 1.422485411167e-01 1.619279086590e-01 3.470047712326e-01 5.041871666908e-01 2.073371112347e-01 1.259753406048e-01 1.780057698488e-01 9.991567581892e-02 1.094291433692e-01 1.197570860386e-01 1.011246219277e-01 7.618297636509e-02 6.574170291424e-02 8.318244665861e-02 1.100073680282e-01 1.283223032951e-01 1.016545519233e-01
2.129650712013e-01 2.950001060963e-01 2.617791891098e-01 3.048030436039e-01 2.965663671494e-01 5.069895386696e-01 2.032419592142e-01 2.988022565842e-01 4.360044002533e-01 4.684718251228e-01 3.299942016602e-01 2.389176785946e-01 2.960574030876e-01 4.031789302826e-01 2.047289907932e-01 2.776688337326e-01 2.945846617222e-01 3.367705643177e-01 2.571855783463e-01 2.717644870281e-01 2.141727954149e-01 2.894052863121e-01 3.515805006027e-01 3.419176638126e-01 4.698152244091e-01 3.120318651199e-01 1.706896275282e-01 1.736155003309e-01 3.676310777664e-01 4.873547554016e-01 2.238099128008e-01 1.500921100378e-01 1.841780245304e-01 1.183465570211e-01 1.355476081371e-01 1.406873017550e-01 1.124377027154e-01 7.951708883047e-02 8.354177325964e-02 9.067439287901e-02 1.284024715424e-01 1.301602274179e-01 9.726715087891e-02
1.846721321344e-01 3.131537735462e-01 2.351143658161e-01 2.416087836027e-01 2.578596770763e-01 6.144858002663e-01 2.287694811821e-01 3.399184346199e-01 5.197502374649e-01 5.841074585915e-01 4.307663142681e-01 2.519078850746e-01 3.070668578148e-01 4.049475789070e-01 2.270430624485e-01 2.977630198002e-01 2.939157187939e-01 3.464154899120e-01 2.634417116642e-01 3.155228495598e-01 2.597561180592e-01 3.506709933281e-01 4.188826084137e-01 4.007588624954e-01 5.522629618645e-01 3.364706337452e-01 1.878143399954e-01 2.035614103079e-01 3.519626557827e-01 3.953644335270e-01 2.223732024431e-01 1.735129207373e-01 1.859561949968e-01 1.322678476572e-01 1.587074548006e-01 1.564035117626e-01 1.179195716977e-01 8.355018496513e-02 9.412313252687e-02 1.009766757488e-01 1.467538177967e-01 1.324422806501e-01 9.330117702484e-02
1.685714423656e-01 2.998462021351e-01 2.359233796597e-01 1.888600140810e-01 2.398859113455e-01 7.134113311768e-01 2.543550431728e-01 3.594393432140e-01 5.775430798531e-01 6.724523305893e-01 5.223147273064e-01 2.759726643562e-01 3.168146014214e-01 4.050237834454e-01 2.297676801682e-01 3.173326849937e-01 2.889687120914e-01 3.531413078308e-01 2.552135288715e-01 3.338392376900e-01 2.974237203598e-01 3.943954408169e-01 4.646306931973e-01 4.334255158901e-01 6.128408312798e-01 3.389262557030e-01 1.813569068909e-01 2.280301749706e-01 3.016225099564e-01 2.748995423317e-01 2.081574797630e-01 1.966881752014e-01 1.846625953913e-01 1.409416794777e-01 1.771013289690e-01 1.656185388565e-01 1.173897385597e-01 9.829442948103e-02 9.277170151472e-02 1.372686028481e-01 1.677036434412e-01 1.358183622360e-01 8.711448311806e-02
1.943233013153e-01 2.863122820854e-01 2.279457896948e-01 2.128221988678e-01 2.700935304165e-01 8.075252771378e-01 2.904771268368e-01 3.477711379528e-01 5.836696028709e-01 7.101347446442e-01 5.942665934563e-01 3.610784411430e-01 3.293783962727e-01 4.073495864868e-01 2.276988774538e-01 3.356928825378e-01 2.804878354073e-01 3.576113879681e-01 2.630700170994e-01 3.162547051907e-01 3.200156390667e-01 4.149768352509e-01 4.757526218891e-01 4.333798885345e-01 6.478427648544e-01 3.265046775341e-01 2.083098590374e-01 2.714277505875e-01 2.290409356356e-01 2.241776883602e-01 2.391135543585e-01 2.199730575085e-01 1.795386672020e-01 1.807882487774e-01 1.888017356396e-01 1.668182313442e-01 1.109854280949e-01 1.009803935885e-01 1.152725443244e-01 1.847348362207e-01 1.836058348417e-01 1.292756944895e-01 7.296457141638e-02
2.183575928211e-01 2.872158586979e-01 2.262421548367e-01 2.304077297449e-01 2.991377711296e-01 8.951284885406e-01 3.283306956291e-01 3.056885898113e-01 5.331476926804e-01 6.917570233345e-01 6.370399594307e-01 4.404066801071e-01 3.426479101181e-01 4.638532400131e-01 2.579415440559e-01 3.539342880249e-01 2.792342901230e-01 3.607281446457e-01 2.684781253338e-01 2.796235680580e-01 3.342580795288e-01 4.066280722618e-01 4.515322148800e-01 4.377829134464e-01 6.438750028610e-01 2.887925505638e-01 2.485102564096e-01 3.181326389313e-01 2.284691631794e-01 2.761430740356e-01 3.015907704830e-01 2.424498796463e-01 2.072841972113e-01 2.249793410301e-01 2.299202084541e-01 1.591227352619e-01 1.090918406844e-01 9.684581309557e-02 1.833046823740e-01 2.234230190516e-01 1.774253845215e-01 1.025284677744e-01 8.669793605804e-02
2.343005090952e-01 2.926586568356e-01 2.241086214781e-01 2.257116883993e-01 3.269135355949e-01 9.656882882118e-01 3.614713549614e-01 2.509270608425e-01 4.539729952812e-01 6.313167214394e-01 6.416900157928e-01 5.032039880753e-01 3.547588586807e-01 5.006788372993e-01 3.244530856609e-01 3.741521537304e-01 3.688478767872e-01 3.661754727364e-01 2.713035047054e-01 3.345810770988e-01 3.272848725319e-01 3.765861988068e-01 3.982781767845e-01 4.886478483677e-01 5.981271862984e-01 2.314589768648e-01 2.895681858063e-01 3.646932840347e-01 2.624132037163e-01 3.201467990875e-01 3.552682995796e-01 2.915495634079e-01 2.305384576321e-01 2.387267500162e-01 2.493977844715e-01 1.437129527330e-01 1.016334816813e-01 1.741363406181e-01 2.461136430502e-01 2.254303246737e-01 1.370033472776e-01 8.972887694836e-02 8.495357632637e-02
2.374720424414e-01 3.029175102711e-01 2.224207371473e-01 2.428396791220e-01 3.519750535488e-01 1.022336840630e+00 3.918326497078e-01 2.501264810562e-01 3.631940484047e-01 5.328431725502e-01 5.948207974434e-01 5.358650088310e-01 4.309530258179e-01 4.985868334770e-01 4.109283685684e-01 3.939267396927e-01 5.214235782623e-01 3.901747465134e-01 2.705208361149e-01 4.436801075935e-01 3.625264763832e-01 3.318658471107e-01 4.864381849766e-01 5.205004811287e-01 5.207004547119e-01 2.322895377874e-01 3.242132067680e-01 3.970972001553e-01 2.738340198994e-01 3.457594811916e-01 4.023973643780e-01 3.397350013256e-01 2.134827375412e-01 2.074873894453e-01 2.358625382185e-01 1.234706640244e-01 1.584330499172e-01 2.575148046017e-01 2.636843323708e-01 1.748974472284e-01 8.800093829632e-02 8.166199177504e-02 8.082919567823e-02
2.306482195854e-01 3.143546581268e-01 2.895730733871e-01 2.744934260845e-01 3.745819330215e-01 1.058516740799e+00 4.110378026962e-01 2.596809566021e-01 3.023170828819e-01 4.131857156754e-01 5.079163312912e-01 5.268720984459e-01 4.802370369434e-01 5.222634673119e-01 4.983102083206e-01 4.118754863739e-01 6.983427405357e-01 5.149005055428e-01 2.709158658981e-01 5.395864844322e-01 4.045566916466e-01 4.309677481651e-01 6.407139301300e-01 5.278007388115e-01 4.217674732208e-01 2.408891618252e-01 3.390020430088e-01 4.059854447842e-01 2.621183693409e-01 3.434554934502e-01 4.267757534981e-01 3.775514066219e-01 2.220889776945e-01 1.665661036968e-01 2.187286168337e-01 1.343249976635e-01 2.545134127140e-01 2.967726886272e-01 2.109820544720e-01 1.069555133581e-01 9.570733457804e-02 1.036981642246e-01 1.098971366882e-01
2.330939769745e-01 3.257304131985e-01 3.656386435032e-01 2.518789172173e-01 3.959629535675e-01 1.087853670120e+00 4.198045730591e-01 2.680520117283e-01 3.029473125935e-01 3.893676102161e-01 3.904259800911e-01 4.678812026978e-01 4.917335510254e-01 5.816264152527e-01 5.364584922791e-01 4.544883966446e-01 8.720145821571e-01 6.292812228203e-01 2.926874458790e-01 6.145887970924e-01 4.247476160526e-01 5.230139493942e-01 7.557871937752e-01 4.924980401993e-01 3.111337721348e-01 2.863034605980e-01 3.260966241360e-01 3.841710984707e-01 2.373542934656e-01 3.143073618412e-01 4.129312038422e-01 3.871517777443e-01 2.351219654083e-01 1.441441923380e-01 2.094595432281e-01 2.348780035973e-01 3.212628364563e-01 2.545539140701e-01 1.299431174994e-01 1.035027578473e-01 1.002415567636e-01 1.334735155106e-01 1.307319700718e-01
2.082071155310e-01 3.373231291771e-01 3.964412212372e-01 2.788759469986e-01 4.178897440434e-01 1.121288418770e+00 4.255120456219e-01 2.795631885529e-01 2.768387496471e-01 3.754735887051e-01 3.082385361195e-01 3.686707019806e-01 5.327985286713e-01 6.234738826752e-01 4.975470304489e-01 5.626336336136e-01 1.010167598724e+00 7.215394377708e-01 3.441173434258e-01 6.662665605545e-01 4.292547702789e-01 5.688629150391e-01 7.917539477348e-01 4.100053012371e-01 2.711200416088e-01 3.643635511398e-01 3.764006197453e-01 3.419691920280e-01 2.329817265272e-01 2.635644674301e-01 3.652746677399e-01 3.662301898003e-01 2.347263544798e-01 1.425146311522e-01 2.116934657097e-01 3.287185430527e-01 3.052706122398e-01 1.643461436033e-01 1.158794760704e-01 9.962569177151e-02 1.059475615621e-01 1.510141640902e-01 1.391447931528e-01
2.819624245167e-01 3.509193062782e-01 3.969254195690e-01 4.548454284668e-01 4.405386745930e-01 1.141372084618e+00 4.238285124302e-01 3.339563906193e-01 2.370168864727e-01 3.451339900494e-01 2.882016599178e-01 4.071822166443e-01 5.613175630569e-01 6.653991341591e-01 5.371032357216e-01 6.687909960747e-01 1.123758912086e+00 7.755146026611e-01 3.812465667725e-01 7.099884152412e-01 4.725149571896e-01 5.547680258751e-01 7.610126733780e-01 3.369693756104e-01 2.883686125278e-01 4.367270767689e-01 4.782515168190e-01 2.979255616665e-01 2.373761832714e-01 2.168133854866e-01 3.028706312180e-01 3.283531367779e-01 2.222305387259e-01 1.608787477016e-01 3.129498660564e-01 3.529960811138e-01 2.127593010664e-01 1.116296052933e-01 1.192275732756e-01 9.229445457458e-02 1.213006004691e-01 1.604673117399e-01 1.761393100023e-01
3.723081350327e-01 3.671809434891e-01 3.909478783607e-01 5.586133599281e-01 4.576381146908e-01 1.147379875183e+00 4.115417301655e-01 3.827392756939e-01 2.507799863815e-01 3.537171781063e-01 2.997102439404e-01 4.363838732243e-01 5.878385901451e-01 7.062526941299e-01 5.187346339226e-01 7.562115192413e-01 1.145418643951e+00 7.350534796715e-01 4.522814452648e-01 7.466057538986e-01 4.740263223648e-01 5.072743296623e-01 6.583198308945e-01 3.227333128452e-01 3.156279921532e-01 5.026784539223e-01 5.153405070305e-01 2.684530913830e-01 2.580984830856e-01 2.243817150593e-01 3.129449784756e-01 2.761478126049e-01 1.977388262749e-01 2.814658880234e-01 3.793822228909e-01 2.727658152580e-01 1.531250178814e-01 1.001666784286e-01 1.201974973083e-01 1.053215935826e-01 1.591380387545e-01 2.073153108358e-01 2.064636498690e-01
4.397608041763e-01 4.778383672237e-01 4.516008794308e-01 5.163744091988e-01 4.837135672569e-01 1.137975573540e+00 4.415956139565e-01 4.207113683224e-01 2.632862329483e-01 3.590517342091e-01 3.314408063889e-01 4.516568481922e-01 6.194610595703e-01 7.465324401855e-01 4.768942594528e-01 8.118490576744e-01 1.079613327980e+00 6.523362398148e-01 4.977927207947e-01 7.740432024002e-01 4.238028228283e-01 4.050693213940e-01 5.112626552582e-01 2.988087832928e-01 3.711287379265e-01 5.034347176552e-01 4.757536649704e-01 2.840216159821e-01 2.973780632019e-01 2.516870200634e-01 3.395403027534e-01 2.363010197878e-01 2.408530563116e-01 3.799455165863e-01 3.345175981522e-01 2.348472476006e-01 1.310021281242e-01 1.091903671622e-01 1.352896839380e-01 1.524001806974e-01 2.221007496119e-01 2.278632223606e-01 1.897784322500e-01
5.762360095978e-01 5.735824704170e-01 6.195803880692e-01 4.785761237144e-01 5.733847022057e-01 1.102158069611e+00 5.029627084732e-01 4.538775384426e-01 3.542748689651e-01 3.597351610661e-01 3.846234679222e-01 5.816787481308e-01 6.455967426300e-01 7.913803458214e-01 5.168617963791e-01 8.160039186478e-01 9.601454138756e-01 6.256716847420e-01 5.133997201920e-01 7.944692373276e-01 3.780213892460e-01 3.346277177334e-01 3.850907087326e-01 3.203920423985e-01 4.036690890789e-01 4.506595134735e-01 3.520864844322e-01 3.139120042324e-01 3.467753529549e-01 2.870586812496e-01 3.510226607323e-01 2.213998436928e-01 3.593028783798e-01 3.777206540108e-01 3.370951414108e-01 2.125740647316e-01 1.507806330919e-01 1.338706463575e-01 1.619660407305e-01 2.210423052311e-01 2.470103800297e-01 1.989400088787e-01 1.476532965899e-01
6.395838260651e-01 6.346258521080e-01 7.667358517647e-01 7.140708565712e-01 4.846808612347e-01 1.040109872818e+00 4.679069817066e-01 5.248450636864e-01 4.898065328598e-01 4.062127172947e-01 4.178980290890e-01 7.011115550995e-01 7.383899092674e-01 8.410814404488e-01 5.771085023880e-01 7.682466506958e-01 9.511830806732e-01 7.634047865868e-01 5.000540018082e-01 7.974884510040e-01 3.804379999638e-01 3.610271811485e-01 3.915331661701e-01 3.563048541546e-01 3.784922361374e-01 3.520466089249e-01 3.266971111298e-01 3.658418059349e-01 3.799826800823e-01 2.978202402592e-01 3.480869531631e-01 3.375914394855e-01 4.005396962166e-01 3.737356364727e-01 3.592801988125e-01 2.593533396721e-01 1.849372833967e-01 1.727700680494e-01 2.098329961300e-01 2.477611750364e-01 2.046670317650e-01 1.660147309303e-01 1.508776396513e-01
