100/SI/f92.grd
DSAA
101	101
32.816463539100	34.260883539100
35.556306596100	36.727886596100
3.591042477638e-04	5.990845489502e+01
[rows 38 to 56 of 101, columns 0 to 42 of 101]
1.410939395428e-01 2.977268397808e-01 3.220176398754e-01 3.354673981667e-01 3.995256423950e-01 4.898453652859e-01 5.657898783684e-01 6.434636116028e-01 7.072349190712e-01 6.460981369019e-01 5.304375290871e-01 4.330835938454e-01 4.289924800396e-01 4.227534234524e-01 4.497607648373e-01 5.106079578400e-01 5.778903961182e-01 1.056074619293e+00 1.711053252220e+00 1.835421204567e+00 1.477549672127e+00 1.240626811981e+00 8.339123725891e-01 9.773908853531e-01 1.935804724693e+00 2.518934011459e+00 2.428764343262e+00 1.738848209381e+00 1.254074811935e+00 1.384780764580e+00 1.459056258202e+00 1.799854278564e+00 2.465250253677e+00 2.415236949921e+00 2.267491102219e+00 1.360887885094e+00 1.861284136772e+00 2.093182325363e+00 2.063801527023e+00 3.172713756561e+00 3.490435123444e+00 5.122139930725e+00 4.139791965485e+00
2.091337442398e-01 3.723696172237e-01 3.123373389244e-01 3.035603165627e-01 4.327813982964e-01 5.265141129494e-01 6.921179890633e-01 8.711019754410e-01 9.716165065765e-01 9.099001288414e-01 6.614278554916e-01 5.158911943436e-01 4.446988105774e-01 4.546145498753e-01 4.878481030464e-01 5.272912979126e-01 5.618904829025e-01 5.922029018402e-01 9.305253028870e-01 1.302897930145e+00 1.330873489380e+00 1.291898250580e+00 1.333656311035e+00 1.117954492569e+00 1.036339640617e+00 1.151472926140e+00 1.555086016655e+00 2.928015947342e+00 3.924841165543e+00 3.982498645782e+00 3.122931003571e+00 1.540037274361e+00 1.740794301033e+00 1.484620809555e+00 2.958396434784e+00 2.651468753815e+00 1.725553750992e+00 2.081248044968e+00 2.553392171860e+00 2.899099111557e+00 3.889320135117e+00 4.699922561646e+00 5.483446121216e+00
2.395297735929e-01 4.770700037479e-01 4.519248306751e-01 3.925192952156e-01 5.186586976051e-01 6.383667588234e-01 7.750052809715e-01 1.020165205002e+00 1.106004834175e+00 1.102370142937e+00 7.539546489716e-01 5.062894821167e-01 5.095506310463e-01 4.407330453396e-01 3.670422136784e-01 4.124177098274e-01 4.846107363701e-01 5.254478454590e-01 5.522596240044e-01 7.334903478622e-01 1.082500815392e+00 1.525864243507e+00 1.827961325645e+00 1.842792630196e+00 1.812631964684e+00 1.207278609276e+00 9.511768221855e-01 1.004114270210e+00 9.811778068542e-01 1.239662528038e+00 2.607787609100e+00 4.148553848267e+00 4.915184974670e+00 4.104904174805e+00 2.080876588821e+00 2.067593812943e+00 3.631084203720e+00 3.020162343979e+00 3.127392292023e+00 3.115093231201e+00 2.893948793411e+00 3.891205072403e+00 5.903855800629e+00
3.420450389385e-01 5.822959542274e-01 6.766533255577e-01 6.951712369919e-01 6.264725923538e-01 7.490738630295e-01 7.475904822350e-01 7.171658873558e-01 7.171362042427e-01 8.821775913239e-01 9.519497156143e-01 8.255603909492e-01 6.115868687630e-01 5.442731380463e-01 5.576449632645e-01 6.900808215141e-01 8.006963133812e-01 8.955605030060e-01 8.751909136772e-01 6.364208459854e-01 7.095605134964e-01 9.355146288872e-01 1.058174610138e+00 1.420093417168e+00 1.764193892479e+00 2.096946954727e+00 2.340293169022e+00 2.272035837173e+00 2.338741540909e+00 2.551941871643e+00 2.822169303894e+00 2.744922637939e+00 4.249313831329e+00 4.804238319397e+00 3.432467699051e+00 4.354218959808e+00 4.831696987152e+00 4.104936599731e+00 4.643607616425e+00 3.750003337860e+00 2.627339363098e+00 4.593026161194e+00 3.836502313614e+00
3.508160114288e-01 6.167575716972e-01 6.913428902626e-01 6.377140283585e-01 6.958343386650e-01 8.777994513512e-01 8.720214366913e-01 7.522811293602e-01 9.062495231628e-01 7.542757987976e-01 7.180578112602e-01 1.001964926720e+00 1.040043830872e+00 7.833606004715e-01 7.253140807152e-01 6.683340072632e-01 6.880196928978e-01 9.215452671051e-01 1.242371916771e+00 1.262846589088e+00 8.028942346573e-01 9.141017794609e-01 1.166586279869e+00 9.700407385826e-01 1.121639251709e+00 1.354954957962e+00 1.792092323303e+00 2.709600448608e+00 3.649074792862e+00 3.341037988663e+00 3.171298265457e+00 2.351140737534e+00 2.344967365265e+00 4.410880088806e+00 4.233295440674e+00 5.339479923248e+00 3.530665874481e+00 5.006291866302e+00 4.392918109894e+00 6.342165470123e+00 6.555671215057e+00 5.156210422516e+00 5.803739547729e+00
6.821621656418e-01 1.322790265083e+00 9.883033037186e-01 8.315132856369e-01 8.136815428734e-01 7.322492003441e-01 7.512926459312e-01 9.143075942993e-01 9.053610563278e-01 7.350179553032e-01 9.144768118858e-01 6.231245994568e-01 7.998364567757e-01 1.121171116829e+00 9.734098315239e-01 8.408428430557e-01 1.053138732910e+00 2.275230646133e+00 2.682717561722e+00 1.476512432098e+00 1.581435918808e+00 9.263625741005e-01 1.086358428001e+00 1.542901277542e+00 1.030810952187e+00 9.440180063248e-01 9.965415596962e-01 1.089290022850e+00 1.390740513802e+00 1.581159234047e+00 1.689176678658e+00 1.849058508873e+00 2.516507148743e+00 3.959119558334e+00 2.711597919464e+00 2.512873411179e+00 3.683609247208e+00 4.203873634338e+00 2.814665317535e+00 5.799831867218e+00 5.947527408600e+00 6.499565124512e+00 7.975643634796e+00
1.085734128952e+00 1.991548299789e+00 1.614843249321e+00 1.258332490921e+00 1.160377144814e+00 9.384689331055e-01 1.292345523834e+00 1.133944749832e+00 1.151236176491e+00 9.008926749229e-01 7.031770944595e-01 8.634365797043e-01 7.749121785164e-01 5.078951120377e-01 9.493693113327e-01 1.113474011421e+00 8.103422522545e-01 6.917999386787e-01 1.265135049820e+00 8.437811136246e-01 1.467944979668e+00 1.735835671425e+00 1.725975036621e+00 1.505051016808e+00 2.072531938553e+00 1.275573253632e+00 1.191570520401e+00 1.542994022369e+00 1.808230876923e+00 1.383003115654e+00 1.756291627884e+00 2.164377212524e+00 2.566018342972e+00 3.014579534531e+00 3.831897497177e+00 2.908437728882e+00 3.237351655960e+00 3.620033264160e+00 3.431354999542e+00 4.919065475464e+00 4.598990917206e+00 6.640025615692e+00 6.742477416992e+00
4.328079223633e-01 9.020639061928e-01 1.073514938354e+00 1.265161395073e+00 1.293307304382e+00 1.437236905098e+00 1.518946290016e+00 1.310542821884e+00 1.174605369568e+00 1.123750567436e+00 1.049735188484e+00 9.711045622826e-01 9.177164435387e-01 8.619371056557e-01 9.331312179565e-01 7.968806028366e-01 5.677825212479e-01 6.718657016754e-01 7.074745297432e-01 9.627941250801e-01 9.043638110161e-01 1.499418854713e+00 1.608792901039e+00 1.733088850975e+00 2.021952629089e+00 2.287284612656e+00 2.493972539902e+00 2.597858667374e+00 2.655892133713e+00 2.862207174301e+00 2.908143043518e+00 3.059371232986e+00 3.251185178757e+00 2.702709674835e+00 2.324436903000e+00 3.262306213379e+00 3.934361696243e+00 6.034362792969e+00 7.235356807709e+00 6.698925971985e+00 6.374708175659e+00 6.620901107788e+00 5.513306140900e+00
4.197454452515e-01 8.822840452194e-01 1.006605148315e+00 1.119900584221e+00 1.252325057983e+00 1.280342817307e+00 1.177097201347e+00 9.536955356598e-01 9.005084633827e-01 1.079995751381e+00 1.267250418663e+00 1.202307581902e+00 9.096467494965e-01 5.934771895409e-01 6.351954936981e-01 3.670497238636e-01 2.133146822453e-01 2.357884049416e-01 3.144019246101e-01 3.790963590145e-01 1.126196146011e+00 1.984885692596e+00 1.702482461929e+00 2.133886337280e+00 2.053922891617e+00 2.533568859100e+00 2.616490364075e+00 2.478022575378e+00 2.311596870422e+00 2.651129484177e+00 2.810673713684e+00 3.632603645325e+00 4.646055221558e+00 5.063205242157e+00 4.327366352081e+00 3.669955730438e+00 4.070598602295e+00 2.913965940475e+00 4.437656402588e+00 4.528242588043e+00 7.076308250427e+00 6.650542736053e+00 7.163720130920e+00
1.125153899193e-01 2.261970937252e-01 2.388707548380e-01 2.572841942310e-01 3.585801124573e-01 5.008475780487e-01 6.582245826721e-01 7.081687450409e-01 6.862896680832e-01 6.336593627930e-01 6.459273695946e-01 8.209013342857e-01 8.192946910858e-01 6.660502552986e-01 4.297877550125e-01 3.357054293156e-01 1.723184585571e-01 1.463962942362e-01 1.632915884256e-01 3.492065370083e-01 7.813131213188e-01 1.655411481857e+00 4.136807918549e+00 3.893182992935e+00 3.498123168945e+00 3.285257101059e+00 3.166350126266e+00 3.078740358353e+00 3.247435808182e+00 3.754012584686e+00 4.221695423126e+00 4.780796527863e+00 8.213771820068e+00 4.593767642975e+00 1.033443927765e+01 7.041899681091e+00 5.617335796356e+00 6.066136360168e+00 7.516467094421e+00 8.738364219666e+00 9.249645233154e+00 8.681926727295e+00 8.710869789124e+00
1.021415293217e-01 1.973478496075e-01 2.149668931961e-01 2.154080867767e-01 3.600170910358e-01 5.329374670982e-01 5.546301603317e-01 4.519059658051e-01 3.335407078266e-01 2.727894186974e-01 3.465508520603e-01 4.300953745842e-01 4.114908576012e-01 3.303136229515e-01 2.427185177803e-01 1.714369952679e-01 1.235812902451e-01 9.205923974514e-02 9.475794434547e-02 3.083693683147e-01 9.879506826401e-01 1.717836260796e+00 1.694305181503e+00 3.556555032730e+00 8.611106872559e+00 4.370131015778e+00 2.726020336151e+00 2.462703466415e+00 2.571589708328e+00 2.805992841721e+00 4.817817211151e+00 6.924492359161e+00 3.660886287689e+00 5.470201492310e+00 9.914275169373e+00 1.798413658142e+01 7.363740444183e+00 5.874133110046e+00 5.205963134766e+00 5.729044914246e+00 4.906522750854e+00 9.182994842529e+00 1.070988464355e+01
5.297701060772e-02 1.100644245744e-01 1.319960802794e-01 1.465533971786e-01 1.913907229900e-01 3.074336946011e-01 3.517245650291e-01 3.044271767139e-01 2.355909496546e-01 1.769907325506e-01 1.463615298271e-01 1.398044675589e-01 1.114545464516e-01 9.886031597853e-02 1.179848462343e-01 8.995477855206e-02 8.287438750267e-02 6.968941539526e-02 8.196304738522e-02 1.239537447691e-01 2.120857834816e-01 5.734722018242e-01 6.017180085182e-01 8.223699927330e-01 3.134289979935e+00 3.320078611374e+00 1.238260149956e+00 6.837469935417e-01 7.156209349632e-01 2.281188249588e+00 3.026170969009e+00 3.282875776291e+00 3.431074142456e+00 2.820241689682e+00 4.146087169647e+00 1.191037273407e+01 6.430319309235e+00 3.899079799652e+00 2.729844808578e+00 2.463742971420e+00 2.320645093918e+00 6.071494102478e+00 8.435423851013e+00
2.366737276316e-02 4.723735526204e-02 4.914756491780e-02 5.400271713734e-02 6.837841123343e-02 8.656000345945e-02 1.029745116830e-01 1.120603159070e-01 1.084650084376e-01 9.198562055826e-02 7.797592878342e-02 8.965148776770e-02 9.251792728901e-02 8.548194169998e-02 8.714652806520e-02 9.969864040613e-02 7.579385489225e-02 6.027306988835e-02 6.831552088261e-02 1.006674766541e-01 1.150936111808e-01 2.111905217171e-01 3.672430515289e-01 7.996059656143e-01 1.938525199890e+00 1.216880679131e+00 7.532591223717e-01 5.967342257500e-01 5.694702863693e-01 1.846255660057e-01 1.618163287640e-01 1.762572824955e-01 2.753956615925e-01 5.966416001320e-01 1.386468529701e+00 2.342410087585e+01 4.462397384644e+01 5.988685131073e+00 4.087139606476e+00 2.106431245804e+00 1.484504342079e+00 1.601589202881e+00 3.106968164444e+00
1.903986185789e-02 3.461509197950e-02 3.849602118134e-02 3.851957246661e-02 3.868714347482e-02 4.982363060117e-02 6.541079282761e-02 8.048933744431e-02 8.947147428989e-02 8.766043186188e-02 7.370451092720e-02 6.740587949753e-02 7.320073992014e-02 7.076077163219e-02 6.288878619671e-02 7.720518112183e-02 8.980515599251e-02 7.155511528254e-02 5.544679239392e-02 1.580375581980e-01 2.011575549841e-01 1.560076475143e-01 2.070927172899e-01 3.629668951035e-01 6.850823163986e-01 6.783929824829e+00 1.461692333221e+00 1.306468605995e+00 5.533884763718e-01 1.094958707690e-01 9.583275020123e-02 1.004045233130e-01 1.171016693115e-01 1.443542391062e-01 1.952234357595e-01 1.039842367172e+00 7.244319915771e+00 1.852692604065e+01 4.758447170258e+00 2.676371812820e+00 7.654561400414e-01 4.957950711250e-01 5.404570102692e-01
1.765104196966e-02 4.198687523603e-02 5.676373094320e-02 6.550861150026e-02 6.822151690722e-02 6.294895708561e-02 5.596134066582e-02 5.123965814710e-02 6.410826742649e-02 7.352943718433e-02 7.335148006678e-02 6.352015584707e-02 5.464110150933e-02 6.812445819378e-02 7.113449275494e-02 6.355539709330e-02 7.403077185154e-02 9.575230628252e-02 7.569900900126e-02 1.599809527397e-01 1.672729700804e-01 1.446043848991e-01 1.610581874847e-01 1.746628880501e-01 3.992680907249e-01 1.355031728745e+00 1.431322813034e+00 3.670876920223e-01 1.712602078915e-01 1.059712618589e-01 7.944250851870e-02 6.785041838884e-02 6.695260852575e-02 8.413867652416e-02 1.092588230968e-01 3.703897893429e-01 1.889179706573e+00 6.724544048309e+00 8.121889114380e+00 1.257145762444e+00 5.396842360497e-01 3.486298322678e-01 3.292661011219e-01
2.671980671585e-02 6.288541853428e-02 8.035068213940e-02 9.033248573542e-02 9.279593825340e-02 8.867301791906e-02 8.323123306036e-02 7.486667484045e-02 6.459901481867e-02 5.279540643096e-02 5.886649340391e-02 6.188494339585e-02 5.930346250534e-02 6.913521140814e-02 7.930185645819e-02 7.490379363298e-02 6.317415088415e-02 1.005139425397e-01 1.077386066318e-01 2.825006842613e-01 1.810013651848e-01 1.305455267429e-01 8.839167654514e-02 9.167113155127e-02 1.722893714905e-01 1.207913637161e+00 1.743619680405e+00 3.322487473488e-01 2.184077352285e-01 1.108517050743e-01 6.878604739904e-02 4.763795807958e-02 4.236187040806e-02 4.444220662117e-02 6.844621896744e-02 1.140216290951e-01 7.676835656166e-01 2.374874830246e+00 6.312960147858e+00 3.067342042923e+00 1.462352991104e+00 2.910906672478e-01 2.467785626650e-01
1.832389272749e-02 3.981567919254e-02 4.964515566826e-02 5.446792393923e-02 5.281865969300e-02 5.307656526566e-02 5.932334437966e-02 6.627316772938e-02 7.280576229095e-02 7.288752496243e-02 6.276753544807e-02 4.767329990864e-02 5.617623776197e-02 6.156480684876e-02 6.157960370183e-02 6.185559555888e-02 6.457234919071e-02 1.059413328767e-01 1.465849280357e-01 2.443855404854e-01 1.873783618212e-01 1.472384482622e-01 7.249328494072e-02 7.285099476576e-02 1.463158279657e-01 4.367343783379e-01 3.866855204105e-01 2.578538656235e-01 2.044894993305e-01 1.133755519986e-01 6.313820183277e-02 5.200527980924e-02 4.587488994002e-02 4.484634846449e-02 5.725244060159e-02 9.691281616688e-02 2.043863683939e-01 1.023911356926e+00 1.205591201782e+00 7.337819933891e-01 4.419227242470e-01 2.214254736900e-01 2.014222443104e-01
1.721599325538e-02 3.133619204164e-02 4.643657058477e-02 5.920996889472e-02 7.057914137840e-02 8.335040509701e-02 9.736192226410e-02 1.125132367015e-01 1.265243142843e-01 1.305410265923e-01 1.167382448912e-01 8.678838610649e-02 5.594439059496e-02 5.809507146478e-02 7.176502794027e-02 7.799350470304e-02 9.678951650858e-02 1.122795790434e-01 1.315215677023e-01 2.300749421120e-01 1.624876558781e-01 1.091543734074e-01 5.795489251614e-02 5.660666897893e-02 1.058487370610e-01 1.228046417236e-01 1.157327294350e+00 1.766150295734e-01 1.666834354401e-01 1.001801863313e-01 5.857905372977e-02 4.682856798172e-02 4.469446837902e-02 4.722490161657e-02 6.069013103843e-02 8.259612321854e-02 1.381355822086e-01 1.702418625355e-01 3.571659326553e-01 4.734149277210e-01 2.959348559380e-01 1.776804625988e-01 2.285391688347e-01
1.708164438605e-02 3.066759556532e-02 4.265271499753e-02 5.266722291708e-02 6.277485936880e-02 7.512760907412e-02 8.817319571972e-02 1.013332307339e-01 1.136546432972e-01 1.203490868211e-01 1.141306385398e-01 1.224041655660e-01 1.277207881212e-01 1.288811117411e-01 1.229158714414e-01 1.114306077361e-01 1.327252238989e-01 9.650871902704e-02 1.304357349873e-01 4.151447713375e-01 1.528275161982e-01 7.687888294458e-02 5.435739457607e-02 4.555425420403e-02 6.298270076513e-02 1.332515031099e-01 4.834745824337e-01 1.379435658455e-01 1.767004430294e-01 7.476234436035e-02 5.537015199661e-02 4.227746278048e-02 4.282737523317e-02 4.870804026723e-02 6.422490626574e-02 7.639113068581e-02 8.505879342556e-02 1.373206526041e-01 3.009794950485e-01 3.520659804344e-01 2.191585004330e-01 1.628622263670e-01 2.116852849722e-01
