100/SI/f94_max.grd
DSAA
101	101
32.816463539100	34.260883539100
35.556306596100	36.727886596100
4.893856748822e-05	7.967878341675e+00
[rows 0 to 18 of 101, columns 0 to 42 of 101]
7.357971742749e-03 1.315883919597e-02 1.167335454375e-02 7.001091726124e-03 5.818770732731e-03 7.570906542242e-03 1.509586814791e-02 2.105903625488e-02 1.884317211807e-02 1.125761866570e-02 7.132235448807e-03 8.196624927223e-03 8.701123297215e-03 8.400744758546e-03 7.203862536699e-03 1.103966683149e-02 1.659902185202e-02 1.920569315553e-02 1.367118116468e-02 8.885412476957e-03 1.008164044470e-02 1.075630728155e-02 7.991759106517e-03 7.167794276029e-03 7.596028968692e-03 1.037229411304e-02 1.509322319180e-02 1.723971031606e-02 2.238853275776e-02 1.783618889749e-02 1.376694254577e-02 1.293294131756e-02 1.121929474175e-02 8.899208158255e-03 7.325171958655e-03 7.086431607604e-03 6.508854217827e-03 8.778179995716e-03 1.232248265296e-02 1.413711905479e-02 1.184146013111e-02 1.000260096043e-02 9.534189477563e-03
1.361528411508e-02 2.570288628340e-02 2.523156441748e-02 1.764776557684e-02 1.238060742617e-02 1.463884860277e-02 2.905178628862e-02 4.020374268293e-02 3.558779880404e-02 2.074788697064e-02 1.224507018924e-02 1.400238834321e-02 1.478767767549e-02 1.407838519663e-02 1.239903550595e-02 1.641023531556e-02 2.614112757146e-02 3.422205522656e-02 3.088273294270e-02 1.840068213642e-02 1.838820055127e-02 2.809129282832e-02 1.476762536913e-02 1.325851306319e-02 1.565798744559e-02 2.025835029781e-02 2.530043944716e-02 2.888372726738e-02 4.257621616125e-02 3.313837200403e-02 2.237200178206e-02 2.026914060116e-02 1.879713870585e-02 1.545967347920e-02 1.663485169411e-02 1.739689894021e-02 1.748816855252e-02 1.952245272696e-02 2.456190623343e-02 2.484512515366e-02 1.828978024423e-02 1.803907006979e-02 1.972042582929e-02
1.330868620425e-02 2.732630446553e-02 3.064495511353e-02 2.627461962402e-02 1.691373065114e-02 1.689738407731e-02 3.361171856523e-02 4.569829627872e-02 3.917638584971e-02 2.148115821183e-02 1.545981783420e-02 1.742791011930e-02 1.800698786974e-02 1.666198484600e-02 1.372092962265e-02 1.334172487259e-02 1.714808680117e-02 2.563077211380e-02 2.931790612638e-02 2.382714115083e-02 2.894548885524e-02 4.341998696327e-02 1.899955980480e-02 1.642188988626e-02 2.080821059644e-02 2.516718022525e-02 2.611196041107e-02 2.619821764529e-02 4.961449280381e-02 3.715825080872e-02 2.166619896889e-02 1.857296004891e-02 2.572254464030e-02 1.368917990476e-02 1.564582437277e-02 1.796555519104e-02 2.239603549242e-02 2.838056162000e-02 2.968023531139e-02 2.458961680532e-02 2.566216699779e-02 1.673012040555e-02 2.209799550474e-02
1.176516339183e-02 2.590393275023e-02 3.098876401782e-02 3.169844299555e-02 2.550503984094e-02 1.729943789542e-02 3.512691333890e-02 4.674881696701e-02 3.785270825028e-02 1.844452507794e-02 1.710422150791e-02 1.887986995280e-02 1.879939995706e-02 1.672670245171e-02 1.330157089978e-02 1.360951550305e-02 1.300091110170e-02 1.486627943814e-02 1.936038210988e-02 2.186729200184e-02 4.854939505458e-02 5.525537580252e-02 2.126260474324e-02 1.802941597998e-02 2.293718419969e-02 2.628343552351e-02 2.513059228659e-02 2.385339327157e-02 4.969203099608e-02 3.611978515983e-02 1.829164847732e-02 1.485942862928e-02 2.965069003403e-02 1.576364226639e-02 1.741667278111e-02 2.463741041720e-02 3.048888035119e-02 3.177472949028e-02 2.689369209111e-02 3.132085874677e-02 3.094352409244e-02 1.861820928752e-02 2.025389857590e-02
1.150886155665e-02 2.478086203337e-02 2.934261225164e-02 3.255705162883e-02 3.117948211730e-02 2.205670811236e-02 3.583672270179e-02 4.669122397900e-02 3.547438606620e-02 1.565719768405e-02 1.833972148597e-02 1.952165365219e-02 1.892318576574e-02 1.883242651820e-02 1.728633791208e-02 1.459333486855e-02 1.435130648315e-02 1.411276683211e-02 1.981292292476e-02 4.017348960042e-02 6.749083846807e-02 6.070021167397e-02 2.280993014574e-02 2.570667676628e-02 2.293799631298e-02 2.567062899470e-02 2.301498502493e-02 2.373965457082e-02 4.703153669834e-02 3.402120247483e-02 2.161734737456e-02 1.689779013395e-02 3.161415830255e-02 1.950208097696e-02 2.737628296018e-02 3.277758136392e-02 3.313956409693e-02 2.797271125019e-02 1.925400085747e-02 3.210817277431e-02 3.734844177961e-02 2.485506236553e-02 1.607448607683e-02
1.079611759633e-02 2.161340042949e-02 2.612071856856e-02 2.865149267018e-02 3.181155398488e-02 2.650692686439e-02 3.579853475094e-02 4.517462849617e-02 3.196043148637e-02 1.738299429417e-02 1.947144791484e-02 2.140566892922e-02 2.281006425619e-02 2.207094989717e-02 1.985335908830e-02 1.615661196411e-02 1.318280771375e-02 1.499341335148e-02 3.155858442187e-02 5.728532001376e-02 7.852605730295e-02 5.995089933276e-02 2.610534429550e-02 3.912712261081e-02 2.406248636544e-02 2.406573481858e-02 2.061217464507e-02 2.602216042578e-02 4.206330329180e-02 3.409815579653e-02 2.184969373047e-02 1.877264678478e-02 3.665907680988e-02 2.920479513705e-02 3.467076271772e-02 3.427840769291e-02 2.845133468509e-02 1.967163011432e-02 2.172738686204e-02 3.010287508368e-02 4.570432379842e-02 2.885783649981e-02 1.563610881567e-02
1.357957907021e-02 2.413605526090e-02 2.217657677829e-02 2.195018157363e-02 2.743645943701e-02 2.660081163049e-02 3.522588685155e-02 4.316287115216e-02 2.867064625025e-02 1.916342973709e-02 2.153264731169e-02 2.449995465577e-02 2.482139319181e-02 2.307849749923e-02 1.964091137052e-02 1.856565661728e-02 1.759186945856e-02 2.184840291739e-02 4.260568320751e-02 6.845076382160e-02 8.131214976311e-02 5.474432185292e-02 3.448039293289e-02 4.957807064056e-02 3.484923392534e-02 2.203567698598e-02 2.039678767323e-02 4.814318194985e-02 6.736776977777e-02 4.341715201735e-02 2.423269860446e-02 2.057361043990e-02 4.025875777006e-02 3.423522040248e-02 3.423712775111e-02 2.842779457569e-02 1.981432549655e-02 2.177236415446e-02 3.149178251624e-02 3.971440345049e-02 4.688326269388e-02 3.486792370677e-02 1.548671815544e-02
1.376040000468e-02 2.754259295762e-02 2.848578430712e-02 2.064361236989e-02 1.959784701467e-02 2.224760502577e-02 3.472618013620e-02 4.218602553010e-02 2.669175714254e-02 2.070774883032e-02 2.430815435946e-02 2.594272792339e-02 2.508249506354e-02 2.212582342327e-02 2.081417851150e-02 2.347088977695e-02 2.616196870804e-02 2.885205671191e-02 5.224533751607e-02 7.427520304918e-02 7.980529963970e-02 4.919437319040e-02 3.738918155432e-02 5.449781194329e-02 4.237110912800e-02 2.699255570769e-02 1.939157210290e-02 7.307167351246e-02 9.432731568813e-02 5.088859796524e-02 2.648219466209e-02 2.494772151113e-02 3.976723551750e-02 3.142238408327e-02 2.893391624093e-02 2.053879573941e-02 2.083926461637e-02 3.098662942648e-02 4.089407995343e-02 4.514667391777e-02 4.117880761623e-02 4.310848936439e-02 1.790412701666e-02
1.188922859728e-02 2.600836381316e-02 3.236962109804e-02 2.949542552233e-02 1.962054334581e-02 1.918687298894e-02 3.434009104967e-02 4.180595651269e-02 2.568250894547e-02 2.316281758249e-02 2.576940506697e-02 2.601619064808e-02 2.381311357021e-02 2.052194811404e-02 2.164755202830e-02 2.494728192687e-02 3.383528441191e-02 3.464341163635e-02 5.767621099949e-02 7.315065711737e-02 7.241186499596e-02 4.268405586481e-02 3.810353949666e-02 5.209320038557e-02 4.570120945573e-02 3.115911222994e-02 2.446212433279e-02 9.421696513891e-02 1.100795790553e-01 5.605070292950e-02 2.901656366885e-02 2.377631701529e-02 4.034308344126e-02 2.695074118674e-02 3.176223114133e-02 3.210062906146e-02 3.105089440942e-02 4.160101339221e-02 4.783200472593e-02 4.520349204540e-02 3.319844976068e-02 5.347349122167e-02 2.103118039668e-02
1.202139537781e-02 2.157972380519e-02 3.048321604729e-02 3.456309810281e-02 2.951251715422e-02 1.930271275342e-02 3.441682085395e-02 4.172863811255e-02 2.508638985455e-02 2.450614795089e-02 2.583749778569e-02 2.473254688084e-02 2.700215578079e-02 2.939834073186e-02 3.074141778052e-02 3.116858564317e-02 3.671738132834e-02 4.013611003757e-02 5.939055234194e-02 6.785175204277e-02 6.273463368416e-02 3.637172654271e-02 3.436988219619e-02 4.551530256867e-02 4.413644596934e-02 3.201390430331e-02 2.643869817257e-02 1.068717390299e-01 1.168895438313e-01 5.805551633239e-02 2.544786036015e-02 2.072670310736e-02 4.371770471334e-02 2.675062976778e-02 3.251873701811e-02 3.338613733649e-02 4.310452193022e-02 4.961840808392e-02 4.853409156203e-02 3.886504471302e-02 2.774748019874e-02 5.805016681552e-02 2.985139004886e-02
1.206367183477e-02 2.417592331767e-02 2.510856464505e-02 3.302656486630e-02 3.617687895894e-02 2.912661246955e-02 3.410701826215e-02 4.105589911342e-02 2.425512671471e-02 2.475260756910e-02 2.714540995657e-02 3.176817670465e-02 3.521359711885e-02 3.711950033903e-02 3.799831122160e-02 3.832347691059e-02 3.791556134820e-02 5.002671107650e-02 7.012768089771e-02 7.432267069817e-02 6.246583908796e-02 4.617467522621e-02 3.242726624012e-02 3.880971670151e-02 3.980335965753e-02 2.850928716362e-02 3.072410449386e-02 1.127134710550e-01 1.195759475231e-01 5.684256553650e-02 2.445312775671e-02 2.352559566498e-02 4.283580183983e-02 2.869340777397e-02 3.805493563414e-02 4.612671211362e-02 5.142696574330e-02 5.043227970600e-02 4.182446002960e-02 3.236625716090e-02 3.153130039573e-02 5.572593584657e-02 3.881406039000e-02
1.020599436015e-02 2.149934321642e-02 2.574692480266e-02 2.743531949818e-02 3.567919135094e-02 3.765094280243e-02 3.307300060987e-02 3.955879807472e-02 2.415991574526e-02 2.924796566367e-02 3.402783721685e-02 3.791442140937e-02 4.056788608432e-02 4.207707196474e-02 4.257800430059e-02 4.247843101621e-02 4.201939702034e-02 6.648054718971e-02 9.091094881296e-02 9.452284872532e-02 8.145526796579e-02 6.382075697184e-02 4.669401049614e-02 3.293196111917e-02 4.693784192204e-02 4.496293887496e-02 3.803233057261e-02 1.081258580089e-01 1.057642102242e-01 5.170546844602e-02 3.191416710615e-02 3.778574615717e-02 4.078084602952e-02 4.569959267974e-02 5.179677531123e-02 5.410049483180e-02 5.186973512173e-02 4.505626112223e-02 4.300018772483e-02 4.981197789311e-02 3.748263046145e-02 4.759573936462e-02 4.588707908988e-02
8.919989690185e-03 1.700500771403e-02 2.140659280121e-02 2.534046582878e-02 3.012867830694e-02 3.822696954012e-02 3.845333680511e-02 3.741703927517e-02 2.997331321239e-02 3.484871238470e-02 3.832830116153e-02 4.053244367242e-02 4.184066504240e-02 4.255417734385e-02 4.258457571268e-02 4.233797267079e-02 4.231249168515e-02 7.306755334139e-02 9.876995533705e-02 1.009041219950e-01 8.725867420435e-02 7.105313241482e-02 5.553009733558e-02 4.059919714928e-02 6.298270821571e-02 6.090043857694e-02 5.134996026754e-02 9.409919381142e-02 8.293720334768e-02 4.395604506135e-02 5.576816201210e-02 6.296988576651e-02 6.274925172329e-02 6.070778146386e-02 5.886615440249e-02 5.732332170010e-02 5.560404807329e-02 5.276969075203e-02 4.828006029129e-02 6.747607141733e-02 4.204951226711e-02 3.615112230182e-02 5.910494923592e-02
1.102016028017e-02 2.132075466216e-02 2.096316777170e-02 1.946975290775e-02 2.387274801731e-02 3.275669738650e-02 4.088979959488e-02 3.904702514410e-02 3.333142399788e-02 3.704147413373e-02 3.888621926308e-02 3.946419805288e-02 3.915430232882e-02 3.823645040393e-02 3.720805421472e-02 3.698200732470e-02 3.788780793548e-02 6.699298322201e-02 8.878019452095e-02 9.180146455765e-02 8.244318515062e-02 6.989853829145e-02 5.769361928105e-02 4.557551816106e-02 6.212962418795e-02 6.419470906258e-02 5.671964585781e-02 7.694400101900e-02 6.045769900084e-02 4.844935238361e-02 6.542918086052e-02 7.405062764883e-02 7.067503035069e-02 6.359218806028e-02 5.736745521426e-02 5.395826697350e-02 5.096973478794e-02 4.749736189842e-02 4.342378675938e-02 7.134603708982e-02 6.540772318840e-02 3.715461120009e-02 6.709381937981e-02
1.421346049756e-02 2.843651920557e-02 2.857751958072e-02 2.804591320455e-02 2.713110111654e-02 2.580169029534e-02 3.581054136157e-02 4.368039220572e-02 3.865125775337e-02 3.620060160756e-02 3.665356710553e-02 3.583749756217e-02 3.421116247773e-02 3.204983472824e-02 3.016591072083e-02 3.072642534971e-02 3.083309344947e-02 5.284960567951e-02 6.814581155777e-02 7.189799100161e-02 6.729055196047e-02 6.042985618114e-02 5.332473292947e-02 4.570646211505e-02 4.858913272619e-02 5.302222073078e-02 5.182541534305e-02 7.842268794775e-02 4.428315907717e-02 4.912864789367e-02 6.365644186735e-02 7.072123885155e-02 6.771178543568e-02 5.599908530712e-02 4.149394854903e-02 4.258885234594e-02 3.645338863134e-02 3.858485817909e-02 3.758041560650e-02 5.877272412181e-02 8.718775957823e-02 3.765544295311e-02 6.740708649158e-02
1.443057507277e-02 2.932859957218e-02 3.038374520838e-02 3.183832019567e-02 3.294956311584e-02 3.324882686138e-02 3.294664993882e-02 3.920399770141e-02 4.563495889306e-02 3.664646670222e-02 3.288196027279e-02 3.115163184702e-02 2.893051691353e-02 2.723006345332e-02 2.931532636285e-02 3.136735409498e-02 3.345539048314e-02 4.327080771327e-02 4.764503613114e-02 5.111954361200e-02 5.007638037205e-02 4.645717144012e-02 4.337327927351e-02 4.111475124955e-02 3.936249017715e-02 3.863690793514e-02 5.115497857332e-02 8.295559883118e-02 5.671066790819e-02 5.549769103527e-02 6.587269157171e-02 6.690928339958e-02 5.623989179730e-02 5.634674057364e-02 3.040271066129e-02 5.055949464440e-02 4.834191873670e-02 4.479370266199e-02 3.844094648957e-02 4.113551229239e-02 9.887122362852e-02 5.390024185181e-02 5.967107415199e-02
1.543407980353e-02 2.664657123387e-02 2.670067176223e-02 2.792406454682e-02 3.043130598962e-02 3.345257416368e-02 3.545053303242e-02 3.643089532852e-02 4.194843769073e-02 4.442098364234e-02 3.855646774173e-02 3.719580173492e-02 3.708637878299e-02 3.373732790351e-02 3.028399683535e-02 3.448732197285e-02 3.807060420513e-02 4.450903460383e-02 4.492570087314e-02 3.785449266434e-02 3.414266929030e-02 4.021217301488e-02 5.037877336144e-02 5.238876119256e-02 4.735591635108e-02 3.807131201029e-02 5.660859867930e-02 8.436732739210e-02 5.693971365690e-02 5.985151231289e-02 6.300523132086e-02 6.475774198771e-02 6.965632736683e-02 6.263604760170e-02 3.803585469723e-02 5.691997334361e-02 5.374227091670e-02 4.446880519390e-02 3.349118307233e-02 4.012738913298e-02 9.478336572647e-02 8.261343091726e-02 4.684944078326e-02
1.759945414960e-02 3.242006525397e-02 3.491409122944e-02 3.012230619788e-02 2.800497226417e-02 3.026802651584e-02 3.088534809649e-02 3.071158379316e-02 3.322269767523e-02 4.085963219404e-02 4.448883607984e-02 4.590358212590e-02 4.622226208448e-02 4.250192269683e-02 4.214052483439e-02 4.071841761470e-02 3.827778622508e-02 4.455166682601e-02 4.675732553005e-02 4.163846746087e-02 3.444630280137e-02 3.169492632151e-02 3.512237593532e-02 3.921383991838e-02 4.025259986520e-02 4.036976769567e-02 4.952377080917e-02 8.095833659172e-02 5.786902084947e-02 5.072761327028e-02 5.814357474446e-02 6.699535250664e-02 7.489781081676e-02 6.395494937897e-02 4.374849796295e-02 6.290129572153e-02 5.147352069616e-02 3.996012732387e-02 3.008711896837e-02 3.659128025174e-02 7.616909593344e-02 1.117417663336e-01 5.191385746002e-02
1.725496910512e-02 3.383605554700e-02 4.022220522165e-02 3.789031878114e-02 2.869305759668e-02 2.243287488818e-02 2.726216986775e-02 3.092660568655e-02 3.320347890258e-02 3.351921588182e-02 4.401337727904e-02 4.896232485771e-02 4.680486395955e-02 4.697639122605e-02 4.763653129339e-02 4.702509567142e-02 4.163733497262e-02 4.412376880646e-02 4.825857281685e-02 4.452653229237e-02 3.449759632349e-02 4.098092019558e-02 4.003607481718e-02 4.106867685914e-02 3.620167449117e-02 3.534712642431e-02 3.715181350708e-02 7.489050179720e-02 6.839933246374e-02 5.405338108540e-02 5.228238925338e-02 5.661376565695e-02 7.014390081167e-02 6.266749650240e-02 5.080186575651e-02 6.077041476965e-02 4.485690966249e-02 3.584883734584e-02 3.380482643843e-02 3.340426087379e-02 5.211402103305e-02 1.306181848049e-01 5.464646965265e-02
