100/SI/f94_max.grd
DSAA
101	101
32.816463539100	34.260883539100
35.556306596100	36.727886596100
4.893856748822e-05	7.967878341675e+00
[rows 57 to 75 of 101, columns 43 to 85 of 101]
3.374735638499e-02 4.046365618706e-02 2.017283812165e-02 2.233210764825e-02 2.210424654186e-02 3.584544360638e-02 4.093305021524e-02 5.578610673547e-02 4.930830001831e-02 2.651276439428e-02 1.791656576097e-02 1.509381458163e-02 1.124276220798e-02 2.060742676258e-02 8.327128738165e-02 2.739956676960e-01 6.361722946167e-01 6.275396943092e-01 1.016019463539e+00 3.044609725475e-01 8.564723283052e-02 6.723586469889e-02 1.204705163836e-01 2.054641544819e-01 3.519271612167e-01 3.187683820724e-01 3.464286029339e-01 2.822190821171e-01 3.710723221302e-01 3.392170369625e-01 3.590660393238e-01 2.675343453884e-01 2.788962125778e-01 3.909952044487e-01 2.426852583885e-01 1.523220539093e-01 1.780307441950e-01 2.541242837906e-01 3.178628981113e-01 2.294542640448e-01 9.550781548023e-02 8.235014230013e-02 7.964304089546e-02
2.701464854181e-02 5.710385739803e-02 1.631223782897e-02 1.732342317700e-02 1.716714911163e-02 2.594576217234e-02 5.127973854542e-02 1.659462153912e-01 1.326456665993e-01 2.886808849871e-02 1.658946648240e-02 1.131582353264e-02 8.696702308953e-03 8.614369668067e-03 1.704025641084e-02 1.632005572319e-01 1.914979815483e-01 2.074529379606e-01 1.744912862778e-01 1.744132190943e-01 1.226593032479e-01 9.370025247335e-02 7.259254902601e-02 4.253292828798e-02 1.100896224380e-01 2.214122563601e-01 3.832263648510e-01 3.894747793674e-01 4.246344864368e-01 2.344729602337e-01 3.087369203568e-01 2.825090885162e-01 2.420797049999e-01 2.112895697355e-01 2.148345112801e-01 1.628809869289e-01 1.596475392580e-01 1.924839317799e-01 1.896356940269e-01 1.741597354412e-01 1.810205280781e-01 1.899617016315e-01 1.779457926750e-01
2.220173180103e-02 2.140877209604e-02 1.487093977630e-02 1.577490195632e-02 1.604722626507e-02 2.364923432469e-02 7.250555604696e-02 2.734122872353e-01 2.226681262255e-01 4.118031263351e-02 1.705799624324e-02 9.674784727395e-03 6.879049353302e-03 6.238139234483e-03 6.404077168554e-03 8.004842326045e-03 1.133440528065e-02 1.545163616538e-02 2.319828979671e-02 2.509209141135e-02 3.032623976469e-02 3.359511867166e-02 2.286345697939e-02 2.303032018244e-02 5.388808622956e-02 2.509518861771e-01 4.328694641590e-01 4.894063770771e-01 4.698377251625e-01 4.743756651878e-01 3.138011395931e-01 2.723967134953e-01 2.316665947437e-01 2.089045941830e-01 2.934715151787e-01 2.528712451458e-01 2.097161859274e-01 1.313748359680e-01 1.422766596079e-01 1.197846606374e-01 1.050354614854e-01 1.002620458603e-01 8.774353563786e-02
2.047766372561e-02 1.844466663897e-02 1.440801564604e-02 1.600775495172e-02 1.832994632423e-02 2.406063675880e-02 3.211440742016e-01 2.014696896076e-01 2.355325818062e-01 3.181488066912e-02 1.496976986527e-02 9.329973720014e-03 6.218186579645e-03 5.039408802986e-03 4.817817360163e-03 5.084164440632e-03 6.236850749701e-03 8.223167620599e-03 1.213008910418e-02 1.378368958831e-02 1.603202708066e-02 3.188801556826e-02 1.646632514894e-02 1.514507271349e-02 4.619860276580e-02 1.056428253651e-01 3.755660355091e-01 4.050728380680e-01 4.362891614437e-01 4.650453329086e-01 3.838262259960e-01 2.981643378735e-01 2.071058154106e-01 2.662875056267e-01 1.856448352337e-01 1.633770614862e-01 1.354972720146e-01 1.121096760035e-01 1.055149659514e-01 1.033232286572e-01 1.106039062142e-01 1.551003307104e-01 2.172328829765e-01
1.735915429890e-02 1.353675033897e-02 1.416928786784e-02 1.700310967863e-02 2.979521639645e-02 4.801019653678e-02 1.431990712881e-01 3.142022192478e-01 1.144924014807e-01 1.790471933782e-02 1.091320626438e-02 7.952633313835e-03 5.677650216967e-03 4.264318849891e-03 3.897823393345e-03 3.907196689397e-03 4.257219843566e-03 5.693291313946e-03 7.835947908461e-03 8.959150873125e-03 9.341659024358e-03 1.947233080864e-02 1.159959286451e-02 1.265236921608e-02 2.848138660192e-02 9.825744479895e-02 2.664123177528e-01 3.625445961952e-01 3.684044480324e-01 2.796674966812e-01 2.167289853096e-01 3.086296617985e-01 2.111410200596e-01 1.504403203726e-01 1.660956591368e-01 2.080227732658e-01 1.882849037647e-01 1.345932781696e-01 1.259400695562e-01 1.229510679841e-01 1.192236617208e-01 1.303324401379e-01 1.626123040915e-01
1.260709390044e-02 1.040714047849e-02 1.302463747561e-02 3.173230588436e-02 8.357921987772e-02 1.865105330944e-01 2.536389529705e-01 1.558370590210e-01 1.587212830782e-02 1.086995750666e-02 7.740794215351e-03 6.353839766234e-03 4.964581225067e-03 4.065291490406e-03 3.575578797609e-03 3.729207441211e-03 3.904519835487e-03 4.713451955467e-03 6.800227332860e-03 8.364070206881e-03 8.882319554687e-03 9.452784433961e-03 9.494156576693e-03 1.417431421578e-02 3.454652056098e-02 9.051495790482e-02 1.113932430744e-01 1.144508495927e-01 2.124046981335e-01 2.493769526482e-01 2.889370620251e-01 1.846254467964e-01 2.390644997358e-01 1.752832680941e-01 1.947652548552e-01 2.305865883827e-01 4.609416723251e-01 2.908809781075e-01 1.710715144873e-01 1.420593559742e-01 1.462945938110e-01 1.439252346754e-01 1.391192078590e-01
8.145746774971e-03 8.535840548575e-03 1.078907679766e-02 1.363627426326e-02 3.427812084556e-02 2.048991918564e-01 1.282058358192e-01 1.619634963572e-02 9.444671683013e-03 8.270122110844e-03 6.918571889400e-03 5.851356778294e-03 4.587675444782e-03 3.913545515388e-03 3.485393477604e-03 3.848442342132e-03 3.990257624537e-03 3.906324040145e-03 5.597324110568e-03 7.141861598939e-03 8.068769238889e-03 8.025224320590e-03 1.011062599719e-02 1.644272729754e-02 5.131715163589e-02 1.016452983022e-01 6.021255999804e-02 7.847210764885e-02 7.290516048670e-02 3.836860656738e-01 5.570834875107e-01 2.979674935341e-01 1.635382771492e-01 2.249870598316e-01 8.820701390505e-02 9.300543367863e-02 3.468705117702e-01 1.671860814095e-01 1.367505937815e-01 1.050217822194e-01 1.080516278744e-01 1.205657869577e-01 1.300322413445e-01
6.887563504279e-03 7.473108358681e-03 8.745541796088e-03 1.106064487249e-02 1.264499593526e-02 1.745234057307e-02 1.929544284940e-02 1.314046420157e-02 6.809178274125e-03 7.025464437902e-03 6.158393807709e-03 5.624555051327e-03 4.608179908246e-03 3.720635315403e-03 3.812714945525e-03 3.889458021149e-03 4.169869236648e-03 4.127594176680e-03 4.716577939689e-03 6.056880578399e-03 7.228062488139e-03 7.674129679799e-03 8.201399818063e-03 1.352427154779e-02 3.801940381527e-02 2.338272891939e-02 2.265594527125e-02 3.771855682135e-02 8.359868824482e-02 1.661836504936e-01 1.735316365957e-01 2.193082273006e-01 3.666630983353e-01 1.878246366978e-01 1.787090003490e-01 1.390954703093e-01 1.427891701460e-01 1.211397200823e-01 6.437344849110e-02 8.020064979792e-02 7.830756157637e-02 8.567969501019e-02 1.074657812715e-01
5.393374711275e-03 6.101399194449e-03 7.255282253027e-03 8.891003206372e-03 9.559731930494e-03 1.064894814044e-02 1.127607095987e-02 7.031799759716e-03 6.000267807394e-03 6.217627320439e-03 5.796554032713e-03 5.027112551033e-03 4.182618577033e-03 3.752853022888e-03 3.725904505700e-03 4.271106328815e-03 4.199463874102e-03 3.611963707954e-03 4.169402644038e-03 5.293766502291e-03 6.267735268921e-03 7.353671826422e-03 1.047359220684e-02 1.092088874429e-02 1.111144479364e-02 1.551300380379e-02 1.532241702080e-02 3.740706294775e-02 5.193392187357e-02 7.032354921103e-02 1.453020423651e-01 2.561390399933e-01 1.881774514914e-01 3.616011440754e-01 2.196917831898e-01 1.231149360538e-01 1.018861606717e-01 9.348654747009e-02 1.125879064202e-01 1.055638194084e-01 1.313651651144e-01 1.304859668016e-01 1.511396616697e-01
4.984212107956e-03 4.918050020933e-03 5.538356956095e-03 6.305719260126e-03 6.795702502131e-03 6.722840480506e-03 6.427093874663e-03 6.167579907924e-03 6.662740837783e-03 6.582363042980e-03 6.129578687251e-03 5.336085800081e-03 4.359730053693e-03 3.846975741908e-03 3.479273524135e-03 3.417138010263e-03 3.856858471408e-03 3.911949228495e-03 3.950374666601e-03 4.769807215780e-03 5.526816006750e-03 6.613334640861e-03 1.010163500905e-02 1.132852677256e-02 1.223099511117e-02 2.530909143388e-02 3.486140817404e-02 4.489678144455e-02 6.312407553196e-02 6.921859830618e-02 1.488162279129e-01 2.836021184921e-01 1.341132521629e-01 1.425415426493e-01 2.653810083866e-01 2.268379032612e-01 1.470340192318e-01 1.241938248277e-01 1.576533764601e-01 8.074942231178e-02 1.066495031118e-01 1.335638910532e-01 1.591486632824e-01
4.093091934919e-03 4.631738178432e-03 4.866425879300e-03 4.957565106452e-03 5.551343783736e-03 5.917110480368e-03 6.373468320817e-03 5.657834000885e-03 5.472416523844e-03 5.644601769745e-03 6.063716020435e-03 6.031347438693e-03 5.183896515518e-03 4.376823548228e-03 4.149119369686e-03 3.729848656803e-03 3.212711075321e-03 3.592004301026e-03 4.066573921591e-03 4.498076625168e-03 4.942613188177e-03 5.673998501152e-03 8.599672466516e-03 8.379784412682e-03 9.194233454764e-03 2.296944893897e-02 4.918254539371e-02 6.639908999205e-02 9.353351593018e-02 4.919006675482e-02 1.439694762230e-01 7.173489779234e-02 7.719262689352e-02 8.900590986013e-02 1.412012875080e-01 1.549625396729e-01 2.147619575262e-01 1.972300708294e-01 1.365917921066e-01 1.172634512186e-01 8.932616561651e-02 9.621739387512e-02 7.946007698774e-02
4.003537818789e-03 4.428247455508e-03 4.408194683492e-03 4.519971553236e-03 4.829639568925e-03 5.316931754351e-03 5.753331817687e-03 5.139001179487e-03 4.027689341456e-03 4.291380289942e-03 4.658395890146e-03 5.514596123248e-03 5.719462409616e-03 4.743758589029e-03 4.459064919502e-03 5.374043248594e-03 4.763544537127e-03 3.898548660800e-03 4.244750831276e-03 4.422130528837e-03 5.403228569776e-03 5.997501313686e-03 6.747037172318e-03 8.217442780733e-03 9.532698430121e-03 1.669777929783e-02 3.546567633748e-02 4.214376211166e-02 5.795698985457e-02 3.282807022333e-02 6.918124854565e-02 5.250313878059e-02 8.746709674597e-02 5.370306596160e-02 1.056857034564e-01 7.956927269697e-02 1.270468831062e-01 1.549227386713e-01 1.467289477587e-01 1.993667334318e-01 1.825169324875e-01 1.465254127979e-01 1.181384697556e-01
3.858551383018e-03 4.172855522484e-03 4.014430101961e-03 4.115893505514e-03 4.133855458349e-03 3.986143507063e-03 4.414109047502e-03 4.172296728939e-03 4.978619515896e-03 5.386928562075e-03 4.878772422671e-03 4.974445328116e-03 5.471573676914e-03 5.686553660780e-03 5.163243506104e-03 6.667560897768e-03 5.934100598097e-03 4.553760867566e-03 4.583893343806e-03 4.574017133564e-03 5.256817210466e-03 5.700997542590e-03 6.375420838594e-03 8.476314134896e-03 9.958373382688e-03 1.499263290316e-02 2.252656966448e-02 2.605004049838e-02 2.795311436057e-02 3.528659045696e-02 5.812051519752e-02 8.925770968199e-02 6.063522771001e-02 1.575626581907e-01 5.039173737168e-02 6.558635085821e-02 1.355606615543e-01 1.891894936562e-01 9.239917248487e-02 1.045526042581e-01 6.596696376801e-02 1.257739961147e-01 1.101745739579e-01
3.443961264566e-03 3.722794586793e-03 3.580852877349e-03 3.544366452843e-03 3.290517255664e-03 3.310165368021e-03 3.495702054352e-03 4.583081696182e-03 5.691950209439e-03 5.847167223692e-03 5.095147993416e-03 5.683942697942e-03 6.328757386655e-03 6.138720549643e-03 6.080849096179e-03 6.290090736002e-03 6.740913260728e-03 7.889806292951e-03 7.097757887095e-03 6.370178423822e-03 6.589883938432e-03 7.086380850524e-03 8.472441695631e-03 8.614084683359e-03 1.050531491637e-02 1.292030327022e-02 2.124540880322e-02 2.122144773602e-02 3.741198033094e-02 7.569596916437e-02 9.415457397699e-02 4.878298193216e-02 4.886414855719e-02 1.575475335121e-01 7.778445631266e-02 9.556294232607e-02 8.456297218800e-02 1.100103706121e-01 8.041367679834e-02 3.066720999777e-02 2.916393056512e-02 3.934184461832e-02 7.883016765118e-02
3.177864244208e-03 3.180645639077e-03 3.155956976116e-03 3.114110790193e-03 3.200683975592e-03 3.389368765056e-03 3.603119868785e-03 4.277308471501e-03 4.796260036528e-03 4.545534029603e-03 5.349206272513e-03 5.757421720773e-03 5.592446774244e-03 5.889956839383e-03 8.084908127785e-03 1.126360241324e-02 1.274917647243e-02 1.617323234677e-02 1.614105142653e-02 1.731646619737e-02 1.236893516034e-02 1.188988052309e-02 1.379599142820e-02 1.155259367079e-02 1.318710483611e-02 1.853272132576e-02 5.683155357838e-02 5.302564427257e-02 4.847389087081e-02 6.535103172064e-02 3.747168928385e-02 3.962129354477e-02 5.523297190666e-02 3.002307005227e-02 1.675305515528e-01 2.293009459972e-01 2.049478739500e-01 4.695203155279e-02 2.215246111155e-02 1.828349754214e-02 1.788961514831e-02 2.117373049259e-02 2.238017506897e-02
2.954430878162e-03 3.064599120989e-03 2.947460860014e-03 3.174625337124e-03 3.389654215425e-03 3.876562230289e-03 3.875561291352e-03 4.484173841774e-03 4.907630849630e-03 5.689600016922e-03 5.891501437873e-03 6.995893083513e-03 7.336147595197e-03 6.791438907385e-03 1.631533168256e-02 5.854324623942e-02 4.625727608800e-02 2.790599688888e-02 3.134021162987e-02 3.896074369550e-02 2.877847105265e-02 1.526603661478e-02 1.777402125299e-02 2.225020341575e-02 2.163879200816e-02 4.023778811097e-02 5.664783343673e-02 5.189995467663e-02 4.091097041965e-02 3.753523156047e-02 4.236855357885e-02 4.085396975279e-02 2.951029874384e-02 2.457837201655e-02 4.183930903673e-02 1.928894519806e-01 2.012854963541e-01 4.150717705488e-02 1.461230404675e-02 1.488255988806e-02 1.333888340741e-02 1.281696837395e-02 2.112135849893e-02
2.962419530377e-03 3.191960044205e-03 4.056756384671e-03 4.533798899502e-03 4.195128101856e-03 6.957346107811e-03 8.181428536773e-03 8.234962821007e-03 6.905885413289e-03 6.733194924891e-03 7.383716292679e-03 9.282815270126e-03 9.258993901312e-03 3.397284448147e-02 2.397425174713e-01 3.016850650311e-01 1.407310664654e-01 8.187499642372e-02 6.521750241518e-02 5.311333760619e-02 2.575697749853e-02 2.419474348426e-02 5.293263494968e-02 1.129495128989e-01 9.258661419153e-02 4.940413683653e-02 5.765836313367e-02 4.700491204858e-02 4.966213181615e-02 3.647999837995e-02 9.163949638605e-02 3.634736314416e-02 2.606398053467e-02 1.839914172888e-02 1.214043796062e-02 3.964362666011e-02 4.381860792637e-02 1.071935798973e-02 7.122473325580e-03 8.380482904613e-03 1.036125235260e-02 1.158116385341e-02 1.082738675177e-02
3.653118386865e-03 5.748333409429e-03 7.839780300856e-03 8.520160801709e-03 1.106275338680e-02 1.471023261547e-02 1.445160992444e-02 1.273578777909e-02 1.093031652272e-02 8.418879471719e-03 9.974284097552e-03 1.103166397661e-02 6.122267618775e-02 3.371550738811e-01 4.605878591537e-01 1.605921387672e-01 5.193238705397e-02 3.170493617654e-02 3.188207373023e-02 2.787268720567e-02 2.689091116190e-02 6.116202846169e-02 1.205752640963e-01 1.604072600603e-01 1.290975213051e-01 6.658390909433e-02 4.591868445277e-02 3.393770009279e-02 3.038473054767e-02 2.730705961585e-02 3.909299150109e-02 1.686010695994e-02 1.894268393517e-02 1.534338295460e-02 9.629784151912e-03 5.704177077860e-03 4.690038505942e-03 4.564254544675e-03 4.793346393853e-03 5.967987235636e-03 8.012448437512e-03 1.013039797544e-02 1.036091055721e-02
6.057089660317e-03 9.064937010407e-03 1.204973738641e-02 1.586485467851e-02 3.071275539696e-02 3.066520951688e-02 4.297919198871e-02 3.053973242640e-02 3.471121191978e-02 2.061765454710e-02 1.165092457086e-02 8.006849884987e-02 3.219259083271e-01 3.201294243336e-01 8.372583240271e-02 2.560170739889e-02 4.873961210251e-02 6.444632261992e-02 4.591883346438e-02 5.295240879059e-02 6.322285532951e-02 6.313212215900e-02 9.116814285517e-02 7.445055246353e-02 5.052622035146e-02 3.927887603641e-02 2.447332441807e-02 9.591236710548e-03 9.700781665742e-03 9.705920703709e-03 1.241666264832e-02 9.070169180632e-03 7.977571338415e-03 5.492020398378e-03 5.608332343400e-03 5.707202013582e-03 5.889564752579e-03 6.180481053889e-03 6.573603488505e-03 7.078851107508e-03 7.154812570661e-03 8.507745340466e-03 1.073316577822e-02
