100/SI/f94_max.grd
DSAA
101	101
32.816463539100	34.260883539100
35.556306596100	36.727886596100
4.893856748822e-05	7.967878341675e+00
[rows 0 to 18 of 101, columns 43 to 85 of 101]
1.151930540800e-02 1.966617256403e-02 2.265800535679e-02 1.795494556427e-02 1.251761801541e-02 1.255497429520e-02 1.079994067550e-02 9.903252124786e-03 6.528583820909e-03 9.469405747950e-03 1.254856679589e-02 1.485250517726e-02 1.761734113097e-02 2.517285011709e-02 1.129700802267e-02 1.395724993199e-02 1.771625690162e-02 1.929930411279e-02 1.304796338081e-02 8.721710182726e-03 9.838243015110e-03 1.271479204297e-02 1.308031938970e-02 1.434436533600e-02 1.455233525485e-02 1.038417685777e-02 6.954857613891e-03 7.018685806543e-03 1.323917042464e-02 1.986739784479e-02 1.598014310002e-02 7.833609357476e-03 9.907882660627e-03 6.467145867646e-03 6.604596972466e-03 5.669032689184e-03 4.857521038502e-03 4.429639782757e-03 3.246621694416e-03 3.272107103840e-03 4.371721763164e-03 7.309295702726e-03 7.261754013598e-03
1.996348425746e-02 3.561253100634e-02 4.448055103421e-02 3.936011716723e-02 2.951075881720e-02 2.717852219939e-02 2.256652154028e-02 1.920496858656e-02 1.788530126214e-02 2.077981084585e-02 2.311592362821e-02 2.621040865779e-02 3.483666479588e-02 5.026052519679e-02 2.151199989021e-02 2.651141211390e-02 3.346429765224e-02 3.611293807626e-02 2.481365948915e-02 1.681362837553e-02 1.928896270692e-02 2.424702420831e-02 2.588426880538e-02 2.505733631551e-02 2.560390718281e-02 2.161106467247e-02 1.289657037705e-02 1.457238383591e-02 2.991283684969e-02 4.757421091199e-02 2.842729911208e-02 1.292006298900e-02 1.938262209296e-02 1.190251484513e-02 1.277821697295e-02 1.056865416467e-02 8.684344589710e-03 7.790445815772e-03 6.243519019336e-03 6.265168543905e-03 9.670076891780e-03 1.480586454272e-02 1.379179395735e-02
2.521492540836e-02 3.634892776608e-02 4.967409372330e-02 4.884383827448e-02 3.970343992114e-02 3.950604051352e-02 2.675138600171e-02 2.365534380078e-02 3.191041573882e-02 3.194693475962e-02 2.295152284205e-02 2.902085892856e-02 3.711840510368e-02 5.256116390228e-02 2.513625100255e-02 3.015268221498e-02 3.743774071336e-02 4.132061451674e-02 2.857802063227e-02 2.240538038313e-02 2.236601524055e-02 2.434391528368e-02 2.911406755447e-02 3.139455243945e-02 3.770978376269e-02 2.903220430017e-02 1.675616018474e-02 1.800347119570e-02 3.927073255181e-02 6.142349168658e-02 2.912910282612e-02 1.500917971134e-02 2.232105471194e-02 1.313156075776e-02 1.425826642662e-02 1.251677609980e-02 1.112109702080e-02 8.837278001010e-03 7.263089530170e-03 8.905276656151e-03 1.225418597460e-02 1.638742908835e-02 1.411062292755e-02
2.903711982071e-02 3.298301249743e-02 4.440013319254e-02 4.823042824864e-02 4.301344975829e-02 5.286370217800e-02 2.803919650614e-02 3.232410177588e-02 4.559702426195e-02 4.699297994375e-02 3.127418085933e-02 3.035226650536e-02 3.802321478724e-02 5.303774029016e-02 2.639514580369e-02 3.357288986444e-02 3.839429095387e-02 4.304922372103e-02 3.092165477574e-02 2.939828857780e-02 2.402319572866e-02 3.040774352849e-02 3.677145391703e-02 3.622920066118e-02 5.006301775575e-02 3.580963239074e-02 1.888199150562e-02 2.144558727741e-02 4.582398012280e-02 6.663712859154e-02 2.743134088814e-02 1.672993972898e-02 2.367253601551e-02 1.327758934349e-02 1.457032933831e-02 1.594244502485e-02 1.345881074667e-02 1.013584248722e-02 8.705296553671e-03 1.100488658994e-02 1.463075168431e-02 1.706686429679e-02 1.351547986269e-02
2.854393050075e-02 3.952067345381e-02 3.500479459763e-02 4.074443504214e-02 3.963904455304e-02 6.712939590216e-02 2.698773518205e-02 3.989014402032e-02 5.822381004691e-02 6.255994737148e-02 4.410567134619e-02 3.160275891423e-02 3.908856585622e-02 5.329879373312e-02 2.738735824823e-02 3.676353022456e-02 3.884928673506e-02 4.448068514466e-02 3.423825651407e-02 3.615390509367e-02 2.844881638885e-02 3.842644393444e-02 4.668388143182e-02 4.540913552046e-02 6.225061789155e-02 4.140049591660e-02 2.259576320648e-02 2.298579178751e-02 4.853650927544e-02 6.440781056881e-02 2.961326017976e-02 1.993172802031e-02 2.449147216976e-02 1.572423055768e-02 1.803190819919e-02 1.871237345040e-02 1.495171431452e-02 1.057092007250e-02 1.105404552072e-02 1.199421845376e-02 1.707430556417e-02 1.730645447969e-02 1.292873080820e-02
2.475077100098e-02 4.193311557174e-02 3.144815936685e-02 3.228270635009e-02 3.445038199425e-02 8.135177195072e-02 3.060540929437e-02 4.537316039205e-02 6.939439475536e-02 7.798006385565e-02 5.754312872887e-02 3.331361338496e-02 4.053306952119e-02 5.351740121841e-02 3.035785630345e-02 3.941303491592e-02 3.875058516860e-02 4.574522748590e-02 3.506150469184e-02 4.195436835289e-02 3.446098417044e-02 4.652052000165e-02 5.558450892568e-02 5.319991335273e-02 7.313467562199e-02 4.461350291967e-02 2.485467121005e-02 2.685941569507e-02 4.645704105496e-02 5.224744230509e-02 2.942610159516e-02 2.304073795676e-02 2.472622692585e-02 1.757099851966e-02 2.109900489450e-02 2.078963443637e-02 1.567141897976e-02 1.106011960655e-02 1.245034392923e-02 1.342025399208e-02 1.950998604298e-02 1.760519482195e-02 1.239878777415e-02
2.248623967171e-02 4.013921692967e-02 3.154325857759e-02 2.522050216794e-02 3.176256641746e-02 9.443708509207e-02 3.364089876413e-02 4.796755686402e-02 7.709219306707e-02 8.974205702543e-02 6.972721964121e-02 3.688050433993e-02 4.180917888880e-02 5.351342260838e-02 3.070952929556e-02 4.199077188969e-02 3.808953985572e-02 4.662508144975e-02 3.369344770908e-02 4.436681419611e-02 3.942020237446e-02 5.228945985436e-02 6.163154914975e-02 5.751876533031e-02 8.111374825239e-02 4.490414634347e-02 2.399340271950e-02 3.008088096976e-02 3.980401530862e-02 3.632924333215e-02 2.755245007575e-02 2.611669898033e-02 2.455330453813e-02 1.872875541449e-02 2.353153005242e-02 2.200362645090e-02 1.559417787939e-02 1.300442032516e-02 1.227163523436e-02 1.824202015996e-02 2.229061722755e-02 1.805026642978e-02 1.157610956579e-02
2.593732625246e-02 3.831632062793e-02 3.046450577676e-02 2.839133143425e-02 3.576785698533e-02 1.068857014179e-01 3.840460255742e-02 4.639994725585e-02 7.788401097059e-02 9.473050385714e-02 7.928187400103e-02 4.819427430630e-02 4.345520213246e-02 5.380623415112e-02 3.083868697286e-02 4.440708085895e-02 3.696480765939e-02 4.720749333501e-02 3.472195565701e-02 4.200633615255e-02 4.238405823708e-02 5.499223619699e-02 6.308697164059e-02 5.750145390630e-02 8.570920675993e-02 4.323819652200e-02 2.749875374138e-02 3.584329038858e-02 3.022024780512e-02 3.068271651864e-02 3.265896439552e-02 2.920649573207e-02 2.387209609151e-02 2.445665188134e-02 2.526892349124e-02 2.215392887592e-02 1.473815087229e-02 1.335796527565e-02 1.530902087688e-02 2.454856783152e-02 2.440073341131e-02 1.717904955149e-02 9.681330993772e-03
2.916019596159e-02 3.842818364501e-02 3.023077733815e-02 3.074107319117e-02 3.962149471045e-02 1.184749826789e-01 4.339533299208e-02 4.077023640275e-02 7.110608369112e-02 9.223122894764e-02 8.494584262371e-02 5.872878804803e-02 4.519537091255e-02 6.181465089321e-02 3.436949104071e-02 4.680589959025e-02 3.698167204857e-02 4.761167988181e-02 3.542789816856e-02 3.710941970348e-02 4.424741491675e-02 5.386517941952e-02 5.986157432199e-02 5.786195769906e-02 8.515305072069e-02 3.823310509324e-02 3.279216215014e-02 4.199709370732e-02 3.132947906852e-02 3.776645660400e-02 4.116112366319e-02 3.277652338147e-02 2.804530225694e-02 3.043131902814e-02 3.109098598361e-02 2.112463675439e-02 1.443171128631e-02 1.285323034972e-02 2.434819377959e-02 2.968879416585e-02 2.357752248645e-02 1.362604182214e-02 1.149809081107e-02
3.129877895117e-02 3.914675116539e-02 2.993737719953e-02 3.012020140886e-02 4.331057891250e-02 1.278138011694e-01 4.776338487864e-02 3.344609960914e-02 6.050596013665e-02 8.411855250597e-02 8.552615344524e-02 6.706121563911e-02 4.687469452620e-02 6.670518219471e-02 4.320375248790e-02 4.946424067020e-02 4.920531064272e-02 4.832362756133e-02 3.579214587808e-02 4.447115957737e-02 4.331135749817e-02 4.987531155348e-02 5.279421433806e-02 6.456143409014e-02 7.907340675592e-02 3.063382953405e-02 3.819735720754e-02 4.813047498465e-02 3.594535961747e-02 4.374020919204e-02 4.844698682427e-02 3.971573710442e-02 3.119396790862e-02 3.228095918894e-02 3.371789678931e-02 1.907236874104e-02 1.344557013363e-02 2.311912178993e-02 3.269461542368e-02 2.995415963233e-02 1.820532046258e-02 1.189850084484e-02 1.126531139016e-02
3.173094987869e-02 4.050636664033e-02 2.970247715712e-02 3.239287808537e-02 4.664082452655e-02 1.353159844875e-01 5.176498740911e-02 3.340686485171e-02 4.836650192738e-02 7.093945890665e-02 7.923701405525e-02 7.137612253428e-02 5.737610906363e-02 6.641282141209e-02 5.468768998981e-02 5.206211656332e-02 6.945858895779e-02 5.200092867017e-02 3.567920625210e-02 5.893079563975e-02 4.823798686266e-02 4.392023384571e-02 6.500149518251e-02 6.874417513609e-02 6.881076097488e-02 3.078519925475e-02 4.275794699788e-02 5.239708721638e-02 3.747131302953e-02 4.719259962440e-02 5.482535064220e-02 4.624152556062e-02 2.887457609177e-02 2.804286032915e-02 3.187308087945e-02 1.637939363718e-02 2.102381363511e-02 3.419639170170e-02 3.503009304404e-02 2.323744818568e-02 1.166797522455e-02 1.085833087564e-02 1.101316325366e-02
3.082919493318e-02 4.202039539814e-02 3.858288377523e-02 3.658810630441e-02 4.964686930180e-02 1.401095837355e-01 5.429326742887e-02 3.467082604766e-02 4.027470573783e-02 5.495224520564e-02 6.762430816889e-02 7.014989107847e-02 6.390649825335e-02 6.939909607172e-02 6.630437076092e-02 5.441748723388e-02 9.292939305305e-02 6.854783743620e-02 3.597971796989e-02 7.163405418396e-02 5.381080508232e-02 5.748340114951e-02 8.560321480036e-02 6.967908143997e-02 5.571941286325e-02 3.192078694701e-02 4.470135271549e-02 5.356274545193e-02 3.584972023964e-02 4.684366658330e-02 5.809564888477e-02 5.134122446179e-02 3.018283285201e-02 2.238051407039e-02 2.953525446355e-02 1.781535148621e-02 3.378297016025e-02 3.941331058741e-02 2.802620641887e-02 1.421295106411e-02 1.271696761250e-02 1.414611004293e-02 1.496987603605e-02
3.113567829132e-02 4.352453351021e-02 4.868638142943e-02 3.355343267322e-02 5.249127000570e-02 1.439940035343e-01 5.544462054968e-02 3.577531129122e-02 4.035373404622e-02 5.186038464308e-02 5.195796117187e-02 6.228326633573e-02 6.541804969311e-02 7.727843523026e-02 7.137685269117e-02 6.042590737343e-02 1.159554868937e-01 8.372266590595e-02 4.037500917912e-02 8.155632764101e-02 5.648175626993e-02 6.972324103117e-02 1.009223386645e-01 6.499793380499e-02 4.109652340412e-02 3.797562047839e-02 4.299420490861e-02 5.067894607782e-02 3.244361281395e-02 4.283769801259e-02 5.616137757897e-02 5.260185152292e-02 3.192906826735e-02 1.910324953496e-02 2.826123870909e-02 3.116165660322e-02 4.264870285988e-02 3.380442410707e-02 1.726210489869e-02 1.375099457800e-02 1.332264952362e-02 1.820161379874e-02 1.780072227120e-02
2.779400348663e-02 4.505695402622e-02 5.275974050164e-02 3.785571828485e-02 5.541075021029e-02 1.484282314777e-01 5.619388818741e-02 3.715559840202e-02 3.687119483948e-02 4.999807849526e-02 4.103725776076e-02 4.907299578190e-02 7.033877819777e-02 8.282870799303e-02 6.620130687952e-02 7.475095987320e-02 1.342550814152e-01 9.594751894474e-02 4.740354791284e-02 8.837983012199e-02 5.659489706159e-02 7.579749822617e-02 1.056706979871e-01 5.409952998161e-02 3.593866899610e-02 4.828216880560e-02 4.989426583052e-02 4.510821774602e-02 3.087414242327e-02 3.588094934821e-02 4.962865263224e-02 4.971241205931e-02 3.184675052762e-02 1.844852976501e-02 2.854851819575e-02 4.361952841282e-02 4.052609577775e-02 2.182514220476e-02 1.536377519369e-02 1.323529612273e-02 1.445219200104e-02 2.057651989162e-02 1.893494464457e-02
3.886530548334e-02 4.685516282916e-02 5.279597267509e-02 6.177902594209e-02 5.842944607139e-02 1.510995626450e-01 5.596649646759e-02 4.437709599733e-02 3.161850199103e-02 4.567841812968e-02 3.835712745786e-02 5.388239398599e-02 7.408791780472e-02 8.837984502316e-02 7.132617384195e-02 8.880785852671e-02 1.492751836777e-01 1.030723601580e-01 5.037709698081e-02 9.414271265268e-02 6.227212771773e-02 7.390340417624e-02 1.015687659383e-01 4.502530023456e-02 3.846215456724e-02 5.782335251570e-02 6.334531307220e-02 3.944493457675e-02 3.144590556622e-02 2.876753546298e-02 4.110934585333e-02 4.452829807997e-02 3.012651763856e-02 2.132238075137e-02 4.150702804327e-02 4.684421047568e-02 2.824526093900e-02 1.478269975632e-02 1.580549404025e-02 1.223943568766e-02 1.653223112226e-02 2.184577472508e-02 2.330294251442e-02
5.128705874085e-02 4.900953173637e-02 5.197629705071e-02 7.586466521025e-02 6.071254611015e-02 1.519007831812e-01 5.433880165219e-02 5.084609240294e-02 3.344117850065e-02 4.679840058088e-02 3.970657289028e-02 5.773609876633e-02 7.758408784866e-02 9.377750009298e-02 6.887508183718e-02 1.003663986921e-01 1.520866453648e-01 9.766208380461e-02 5.975809320807e-02 9.895849972963e-02 6.245037913322e-02 6.755480915308e-02 8.783966302872e-02 4.277142509818e-02 4.175280779600e-02 6.651350855827e-02 6.821800023317e-02 3.553207591176e-02 3.423006087542e-02 3.044005669653e-02 4.146010056138e-02 3.742552921176e-02 2.679167501628e-02 3.731271624565e-02 5.032335594296e-02 3.619871661067e-02 2.027354203165e-02 1.327576767653e-02 1.593181863427e-02 1.395764201880e-02 2.105255611241e-02 2.742645516992e-02 2.731252647936e-02
5.955893546343e-02 6.388115882874e-02 6.038082763553e-02 7.008315622807e-02 6.562312692404e-02 1.506578922272e-01 5.973630398512e-02 5.587846413255e-02 3.509404137731e-02 4.748766124249e-02 4.388610646129e-02 5.974277108908e-02 8.176349848509e-02 9.909214824438e-02 6.330416351557e-02 1.077072545886e-01 1.433185040951e-01 8.666608482599e-02 6.574142724276e-02 1.025576964021e-01 5.578166991472e-02 5.392885580659e-02 6.821440160275e-02 3.959784656763e-02 4.905732348561e-02 6.657769531012e-02 6.294294446707e-02 3.765162453055e-02 3.942354023457e-02 3.336691856384e-02 4.498637467623e-02 3.138222545385e-02 3.191182389855e-02 5.037122592330e-02 4.437348619103e-02 3.108877688646e-02 1.733574084938e-02 1.446921657771e-02 1.792389340699e-02 2.015681937337e-02 2.937897667289e-02 3.014175966382e-02 2.510227635503e-02
7.797595858574e-02 7.662500441074e-02 8.272500336170e-02 6.376700103283e-02 7.778604328632e-02 1.459218561649e-01 6.798716634512e-02 6.137898191810e-02 4.792755842209e-02 4.756225273013e-02 5.137049034238e-02 7.765449583530e-02 8.521039038897e-02 1.050056815147e-01 6.852191686630e-02 1.082357466221e-01 1.274482905865e-01 8.295983821154e-02 6.775205582380e-02 1.052273511887e-01 5.000945925713e-02 4.423217475414e-02 5.136664211750e-02 4.231899604201e-02 5.333677306771e-02 5.956941843033e-02 4.656079038978e-02 4.161505028605e-02 4.594676569104e-02 3.803304955363e-02 4.651113972068e-02 2.999348007143e-02 4.760986939073e-02 5.007770657539e-02 4.461321607232e-02 2.812820114195e-02 2.030249498785e-02 1.773584447801e-02 2.144767530262e-02 2.923326380551e-02 3.267073631287e-02 2.631325833499e-02 1.953001134098e-02
8.644585311413e-02 8.474190533161e-02 1.021121740341e-01 9.513755142689e-02 6.570824235678e-02 1.377103030682e-01 6.317468732595e-02 7.090879976749e-02 6.619529426098e-02 5.490844324231e-02 5.578084662557e-02 9.353423118591e-02 9.840220957994e-02 1.115536615252e-01 7.648736983538e-02 1.019015982747e-01 1.262493878603e-01 1.012067422271e-01 6.590995192528e-02 1.055914983153e-01 5.031788349152e-02 4.771281778812e-02 5.225813761353e-02 4.704694449902e-02 4.999122023582e-02 4.729541391134e-02 4.326933249831e-02 4.846524819732e-02 5.031633377075e-02 3.943858295679e-02 4.612964764237e-02 4.471180588007e-02 5.307604745030e-02 5.065646395087e-02 4.754059761763e-02 3.488918393850e-02 2.486453019083e-02 2.287632599473e-02 2.774074301124e-02 3.276318684220e-02 2.706650272012e-02 2.253412082791e-02 2.002226561308e-02
