100/SI/f94_max.grd
DSAA
101	101
32.816463539100	34.260883539100
35.556306596100	36.727886596100
4.893856748822e-05	7.967878341675e+00
[rows 19 to 37 of 101, columns 0 to 42 of 101]
1.513713132590e-02 3.086039796472e-02 3.946198523045e-02 4.020411893725e-02 3.315971791744e-02 2.636151015759e-02 1.799024082720e-02 2.038565650582e-02 2.481994405389e-02 2.982496656477e-02 3.899242356420e-02 4.660868272185e-02 4.547775536776e-02 4.932671040297e-02 4.970923811197e-02 4.821468517184e-02 4.586313664913e-02 4.364021122456e-02 5.064081773162e-02 4.580328240991e-02 4.752096161246e-02 5.134681239724e-02 5.463211610913e-02 5.223479121923e-02 4.661721363664e-02 3.933060914278e-02 4.068565741181e-02 6.496986001730e-02 7.742289453745e-02 5.827821046114e-02 5.357409641147e-02 4.924235120416e-02 5.225565657020e-02 5.225128680468e-02 5.239341035485e-02 5.037209391594e-02 4.028473049402e-02 3.520585596561e-02 3.772859275341e-02 3.621232509613e-02 5.247854813933e-02 1.302143335342e-01 6.071151420474e-02
1.183409523219e-02 2.486673370004e-02 3.353090956807e-02 3.667756542563e-02 3.260920941830e-02 3.145656734705e-02 2.883419021964e-02 2.070433087647e-02 2.759283035994e-02 3.220374137163e-02 3.398519009352e-02 4.265344142914e-02 3.787531703711e-02 4.417589679360e-02 4.775965213776e-02 4.929182305932e-02 4.920204356313e-02 4.697600379586e-02 5.913303419948e-02 4.741748049855e-02 5.581275001168e-02 6.676913797855e-02 7.190750539303e-02 6.955321133137e-02 6.556078046560e-02 5.072608962655e-02 5.390457808971e-02 5.257998406887e-02 8.134948462248e-02 5.921512842178e-02 5.059812217951e-02 4.769275337458e-02 4.641152173281e-02 4.726817086339e-02 4.447903856635e-02 5.763956531882e-02 3.828439116478e-02 4.032775387168e-02 4.127281159163e-02 4.223646968603e-02 6.499958038330e-02 1.101787984371e-01 9.030893445015e-02
9.264192543924e-03 1.867007277906e-02 2.533341385424e-02 2.915638312697e-02 2.751542627811e-02 2.402306906879e-02 2.968121506274e-02 2.959640882909e-02 3.371116146445e-02 4.024710506201e-02 4.645510390401e-02 6.126619130373e-02 7.359405606985e-02 6.748878210783e-02 4.601082578301e-02 4.410493373871e-02 4.661217704415e-02 4.844801500440e-02 8.608832210302e-02 7.019528746605e-02 5.268463492393e-02 8.117728680372e-02 8.600371330976e-02 9.350857138634e-02 7.743112742901e-02 6.857752799988e-02 6.735701113939e-02 4.163940623403e-02 7.653208822012e-02 5.462377890944e-02 4.195436835289e-02 4.362815618515e-02 5.148680135608e-02 4.293745383620e-02 4.708375409245e-02 6.095705926418e-02 4.858487844467e-02 4.278253391385e-02 4.457905143499e-02 4.787124320865e-02 7.579608261585e-02 7.887862622738e-02 1.197548508644e-01
1.232721656561e-02 2.214642800391e-02 2.163874730468e-02 2.266203053296e-02 2.619428187609e-02 3.315999358892e-02 3.874373063445e-02 4.642141237855e-02 5.642814189196e-02 7.097285240889e-02 9.042544662952e-02 1.135390773416e-01 1.277503520250e-01 1.111863702536e-01 6.998057663441e-02 4.299318417907e-02 5.934781581163e-02 8.340990543365e-02 1.055784448981e-01 8.576823025942e-02 6.756550818682e-02 8.811035007238e-02 9.374577552080e-02 1.049888283014e-01 7.701897621155e-02 7.809518277645e-02 7.998986542225e-02 5.038766190410e-02 6.250094622374e-02 4.524892941117e-02 4.423917457461e-02 4.384908080101e-02 5.339699238539e-02 5.452779307961e-02 5.428146570921e-02 5.170543864369e-02 6.830716878176e-02 4.753258824348e-02 4.793684929609e-02 5.259439721704e-02 8.450420200825e-02 7.330103218555e-02 1.389782875776e-01
1.196605432779e-02 2.467576414347e-02 2.678344212472e-02 2.566455677152e-02 3.282505273819e-02 4.459448903799e-02 4.891079664230e-02 5.176054313779e-02 5.738351866603e-02 6.646107882261e-02 8.029796928167e-02 9.168209880590e-02 9.397748857737e-02 8.048113435507e-02 5.900260806084e-02 5.279592424631e-02 5.764040350914e-02 7.685841619968e-02 1.024322062731e-01 6.564383953810e-02 6.319006532431e-02 8.880662918091e-02 9.358312934637e-02 1.006636768579e-01 8.028965443373e-02 7.785207033157e-02 9.015435725451e-02 7.677396386862e-02 7.750786840916e-02 6.603312492371e-02 5.706132203341e-02 8.516238629818e-02 7.961116731167e-02 5.881198123097e-02 5.731645226479e-02 5.776586011052e-02 7.569907605648e-02 5.572406947613e-02 5.236835032701e-02 5.556335300207e-02 8.940281718969e-02 7.432325184345e-02 1.418991684914e-01
2.403958886862e-02 4.154099896550e-02 2.707914635539e-02 2.724510990083e-02 3.062515519559e-02 3.878849744797e-02 4.391657188535e-02 4.349066317081e-02 4.327739030123e-02 4.507219791412e-02 4.765519872308e-02 5.049335211515e-02 4.814330488443e-02 5.329034477472e-02 5.394055321813e-02 4.829471558332e-02 4.790623858571e-02 8.811581134796e-02 1.008378192782e-01 5.356895178556e-02 5.395337566733e-02 8.219072967768e-02 8.878473937511e-02 8.577382564545e-02 7.856112718582e-02 7.124246656895e-02 9.704340994358e-02 8.494210243225e-02 7.125902920961e-02 6.899097561836e-02 6.723754853010e-02 1.090703234076e-01 1.623009592295e-01 1.547439843416e-01 1.403660327196e-01 1.341908276081e-01 1.395200788975e-01 8.563315123320e-02 7.259447872639e-02 5.973082780838e-02 9.150992333889e-02 7.180103659630e-02 1.255656629801e-01
4.464349523187e-02 9.454707801342e-02 9.740948677063e-02 8.554265648127e-02 5.351944267750e-02 3.077232837677e-02 2.943809889257e-02 3.086417913437e-02 3.367078676820e-02 4.353743419051e-02 5.221856012940e-02 5.838144570589e-02 6.027670204639e-02 5.778494477272e-02 5.312421917915e-02 5.463050678372e-02 5.727016180754e-02 8.584092557430e-02 8.464463055134e-02 5.026395991445e-02 5.384171381593e-02 6.699842959642e-02 7.673457264900e-02 7.223033905029e-02 8.075889945030e-02 7.791862636805e-02 1.006870940328e-01 1.073604449630e-01 1.142117679119e-01 1.022799834609e-01 7.717178016901e-02 6.475198268890e-02 1.311495155096e-01 1.432552933693e-01 1.581348180771e-01 1.915866434574e-01 2.397990375757e-01 1.462641805410e-01 1.071522310376e-01 9.097653627396e-02 8.992331475019e-02 6.700953841209e-02 9.396583586931e-02
4.789782688022e-02 1.031645163894e-01 1.188779026270e-01 1.402369290590e-01 1.536595076323e-01 1.335401386023e-01 7.497070729733e-02 4.047535359859e-02 5.521170794964e-02 6.448318809271e-02 6.625113636255e-02 6.267482042313e-02 5.868291109800e-02 7.911382615566e-02 8.733496069908e-02 8.686032146215e-02 8.562310039997e-02 8.338040858507e-02 8.238060027361e-02 7.955040037632e-02 7.777915894985e-02 7.779520750046e-02 7.549323886633e-02 9.404867887497e-02 1.132297366858e-01 9.796165674925e-02 1.103314086795e-01 1.416987180710e-01 1.432984024286e-01 1.273554116488e-01 9.515292197466e-02 6.920225173235e-02 7.820851355791e-02 1.220501586795e-01 1.817535310984e-01 1.597586274147e-01 1.616034358740e-01 1.224110201001e-01 1.304968893528e-01 1.329570710659e-01 1.082100272179e-01 7.049275934696e-02 8.354848623276e-02
3.084730729461e-02 6.798344850540e-02 7.894107699394e-02 9.670174121857e-02 1.256974637508e-01 1.653572618961e-01 1.872179210186e-01 1.458900570869e-01 7.636401802301e-02 6.965287029743e-02 6.201202794909e-02 8.021333068609e-02 9.474348276854e-02 9.886757284403e-02 9.415288269520e-02 9.421344846487e-02 9.335634857416e-02 9.057059884071e-02 9.486915916204e-02 9.574732184410e-02 9.841760993004e-02 1.069721505046e-01 1.011117249727e-01 9.307740628719e-02 8.916718512774e-02 1.151106432080e-01 1.103620007634e-01 1.357993036509e-01 1.493869125843e-01 1.341557353735e-01 1.003322899342e-01 1.097653135657e-01 1.416868269444e-01 1.895660310984e-01 2.258778959513e-01 1.632634252310e-01 1.125004068017e-01 9.393972158432e-02 1.169081926346e-01 1.499643027782e-01 1.639187186956e-01 1.114355623722e-01 8.531209081411e-02
2.103800885379e-02 4.132092744112e-02 5.177358165383e-02 4.769349098206e-02 5.461531132460e-02 8.164668083191e-02 1.277772337198e-01 1.737679392099e-01 1.736926138401e-01 1.198047921062e-01 8.988738805056e-02 9.509798884392e-02 9.657959640026e-02 9.243392199278e-02 9.099603444338e-02 8.957868814468e-02 8.493340015411e-02 9.114064276218e-02 9.350970387459e-02 9.698089212179e-02 1.027866005898e-01 9.917185455561e-02 9.519580751657e-02 9.382070600986e-02 9.209987521172e-02 9.049794822931e-02 9.465575963259e-02 1.051939800382e-01 1.266120672226e-01 1.317494511604e-01 1.032961681485e-01 1.271771788597e-01 1.532329767942e-01 1.739727556705e-01 1.683007031679e-01 1.052340418100e-01 1.101967170835e-01 1.265366375446e-01 1.366163194180e-01 1.233681514859e-01 1.832736134529e-01 1.866269707680e-01 1.062444821000e-01
2.435100078583e-02 4.795627668500e-02 4.786150157452e-02 5.881505832076e-02 4.826817288995e-02 4.155974835157e-02 4.866446182132e-02 8.969735354185e-02 1.445057839155e-01 1.683765500784e-01 1.375015676022e-01 9.135247766972e-02 8.702795952559e-02 8.525695651770e-02 7.986520975828e-02 7.758904248476e-02 8.010632544756e-02 8.532957732677e-02 8.476064354181e-02 8.464073389769e-02 7.640451937914e-02 6.308721750975e-02 7.755882292986e-02 6.876698136330e-02 1.041062250733e-01 9.436173737049e-02 1.079615056515e-01 1.174135357141e-01 9.917819499969e-02 1.059562414885e-01 1.170827224851e-01 1.260523051023e-01 1.104177534580e-01 1.355380713940e-01 1.006659120321e-01 8.603041619062e-02 1.111428141594e-01 1.528678238392e-01 1.831631660461e-01 1.735184639692e-01 1.480840742588e-01 2.304016798735e-01 1.737598627806e-01
3.136901929975e-02 6.031304970384e-02 5.612955242395e-02 5.806139856577e-02 6.476514786482e-02 4.830501973629e-02 6.719134747982e-02 8.175820857286e-02 9.061793982983e-02 1.262297779322e-01 1.630740016699e-01 1.481543183327e-01 9.094227850437e-02 7.348830252886e-02 7.232304662466e-02 7.405214756727e-02 7.668633759022e-02 7.580533623695e-02 7.813203334808e-02 7.742444425821e-02 6.753500550985e-02 5.580878257751e-02 5.947671085596e-02 9.524216502905e-02 1.419585645199e-01 1.911829113960e-01 2.295802533627e-01 1.867850124836e-01 1.276019066572e-01 1.191754266620e-01 1.444040834904e-01 1.030781790614e-01 7.629190385342e-02 1.686924695969e-01 7.050625234842e-02 1.001849025488e-01 9.197071939707e-02 1.284746080637e-01 1.870142072439e-01 2.012750059366e-01 1.733232885599e-01 1.937441676855e-01 2.632676661015e-01
2.847443707287e-02 6.223501637578e-02 6.578040868044e-02 6.428400427103e-02 6.840637326241e-02 6.911080330610e-02 8.302406221628e-02 8.749050647020e-02 8.705044537783e-02 8.245923370123e-02 1.128333881497e-01 1.613850146532e-01 1.578201651573e-01 1.091620251536e-01 6.958223134279e-02 6.950078904629e-02 6.708732247353e-02 6.014055013657e-02 8.049707859755e-02 8.381692320108e-02 8.420798927546e-02 7.073254883289e-02 6.478610634804e-02 1.178901568055e-01 1.999981850386e-01 2.949571907520e-01 3.460881412029e-01 3.307103216648e-01 2.152265459299e-01 1.375969499350e-01 1.556663364172e-01 1.327171474695e-01 1.222750172019e-01 2.059404700994e-01 1.065575182438e-01 2.057058215141e-01 1.491099148989e-01 1.064385175705e-01 1.428353190422e-01 2.054824233055e-01 2.107839286327e-01 1.782220602036e-01 2.820078730583e-01
3.533949702978e-02 7.191202789545e-02 7.269032299519e-02 7.055619359016e-02 7.311347872019e-02 8.306910842657e-02 8.389314264059e-02 8.496731519699e-02 7.830744236708e-02 7.233949750662e-02 7.005490362644e-02 9.695751965046e-02 1.563504785299e-01 1.651261746883e-01 1.254143416882e-01 5.841303616762e-02 5.489299073815e-02 6.149574369192e-02 7.147736847401e-02 1.135474517941e-01 1.026523485780e-01 9.389304369688e-02 8.634878695011e-02 1.176724806428e-01 2.045768648386e-01 2.918438315392e-01 3.973155915737e-01 4.655383527279e-01 3.880287408829e-01 1.872103512287e-01 1.703027337790e-01 1.844030916691e-01 1.755277961493e-01 2.434079796076e-01 1.356873661280e-01 2.750055491924e-01 2.279458940029e-01 1.502587795258e-01 1.365509331226e-01 1.996859759092e-01 4.265838861465e-01 2.166344076395e-01 2.295671850443e-01
4.566009342670e-02 8.595044165850e-02 8.129747211933e-02 8.668871223927e-02 9.191302210093e-02 9.702276438475e-02 1.029098406434e-01 1.069432348013e-01 1.092191115022e-01 1.095599085093e-01 1.062936931849e-01 1.020494922996e-01 9.713165462017e-02 1.442914903164e-01 1.678573191166e-01 1.401070505381e-01 7.035468518734e-02 6.227124854922e-02 6.919869035482e-02 1.084148958325e-01 1.148837655783e-01 1.032836735249e-01 9.578751027584e-02 1.010597124696e-01 1.694086790085e-01 2.520804703236e-01 3.902744650841e-01 5.451543331146e-01 5.147440433502e-01 3.128618896008e-01 2.460859715939e-01 3.095769584179e-01 3.314103782177e-01 3.048803210258e-01 2.518159151077e-01 2.963395416737e-01 2.821582555771e-01 2.180169522762e-01 2.459734678268e-01 2.220767140388e-01 6.080129742622e-01 4.978193044662e-01 1.337646096945e-01
4.671610891819e-02 9.708243608475e-02 9.693521261215e-02 9.401208162308e-02 8.291199803352e-02 7.674905657768e-02 7.243601232767e-02 7.998962700367e-02 8.846214413643e-02 9.844730049372e-02 1.095840185881e-01 1.225743815303e-01 1.349062770605e-01 2.117962092161e-01 2.171328961849e-01 1.659849733114e-01 1.563698947430e-01 1.489893049002e-01 1.389707028866e-01 1.275847405195e-01 1.152128577232e-01 9.988965094090e-02 1.072349697351e-01 1.054343059659e-01 1.159427165985e-01 1.909231543541e-01 2.813109755516e-01 4.448388814926e-01 5.649912953377e-01 3.906275331974e-01 1.846186667681e-01 1.949950009584e-01 2.857487201691e-01 3.783023059368e-01 4.189484119415e-01 3.872434794903e-01 2.785575985909e-01 2.356308698654e-01 1.780720204115e-01 2.528930306435e-01 6.329243779182e-01 7.618860006332e-01 2.037913054228e-01
4.058782011271e-02 8.193461596966e-02 8.335904777050e-02 9.086178243160e-02 9.540149569511e-02 9.221018850803e-02 7.744794338942e-02 6.796286255121e-02 6.832542270422e-02 6.828299164772e-02 6.787291169167e-02 6.638332456350e-02 6.425593793392e-02 8.168175816536e-02 1.226387694478e-01 1.342934370041e-01 1.614872664213e-01 1.562608033419e-01 1.274982988834e-01 1.409267783165e-01 1.489961147308e-01 1.537797152996e-01 1.595296412706e-01 1.666586846113e-01 1.604018360376e-01 1.270600706339e-01 1.899013966322e-01 3.373562991619e-01 4.761192798615e-01 3.488603532314e-01 1.742354035378e-01 1.226954832673e-01 1.112007349730e-01 1.827957183123e-01 2.225540578365e-01 3.608275651932e-01 4.569529294968e-01 4.213151037693e-01 2.615492045879e-01 2.874972820282e-01 4.058246314526e-01 9.019934535027e-01 3.298152387142e-01
3.303001448512e-02 6.395277380943e-02 6.379548460245e-02 6.119703873992e-02 6.038955971599e-02 6.757084280252e-02 7.059294730425e-02 6.949854642153e-02 5.914856866002e-02 6.455182284117e-02 7.011522352695e-02 7.574804872274e-02 8.093500882387e-02 8.611274510622e-02 9.138158708811e-02 9.593831002712e-02 9.989857673645e-02 1.514010280371e-01 1.616098433733e-01 2.101506143808e-01 1.647741496563e-01 1.343812495470e-01 1.286242157221e-01 1.245288550854e-01 1.250033974648e-01 1.422965824604e-01 1.899889707565e-01 2.163971066475e-01 3.047356009483e-01 2.479708045721e-01 1.251776218414e-01 1.479065716267e-01 1.104910895228e-01 1.464074552059e-01 1.722802966833e-01 2.095769345760e-01 2.113345116377e-01 3.548924624920e-01 5.004807114601e-01 4.049656987190e-01 3.629538118839e-01 7.373533248901e-01 6.676286458969e-01
2.094959095120e-02 4.222499206662e-02 4.161522164941e-02 4.022241383791e-02 4.497792199254e-02 5.323563516140e-02 5.841155722737e-02 6.137043237686e-02 6.249554455280e-02 5.774052813649e-02 5.229623243213e-02 5.560685321689e-02 5.880410596728e-02 5.924157798290e-02 5.962381139398e-02 7.966196537018e-02 8.870250731707e-02 1.185701191425e-01 2.244937568903e-01 2.353623509407e-01 2.088319659233e-01 1.785350739956e-01 2.116353511810e-01 2.535791993141e-01 1.787223368883e-01 2.007675915956e-01 1.954786628485e-01 1.816655546427e-01 1.896513700485e-01 2.514661550522e-01 2.364045977592e-01 1.462173759937e-01 1.524401009083e-01 1.603211164474e-01 1.737943291664e-01 1.806165277958e-01 1.882853209972e-01 2.421598732471e-01 3.536373674870e-01 4.130552113056e-01 4.927723705769e-01 6.672305464745e-01 5.450390577316e-01
