100/SI/f96.grd
DSAA
101	101
32.816463539100	34.260883539100
35.556306596100	36.727886596100
4.893376626569e-06	8.200147747993e-01
[rows 0 to 18 of 101, columns 43 to 85 of 101]
1.173441763967e-03 2.002260880545e-03 2.307472750545e-03 1.829637913033e-03 1.275700516999e-03 1.290643704124e-03 1.111283665523e-03 1.012330641970e-03 6.665235850960e-04 9.628970874473e-04 1.277287723497e-03 1.511916168965e-03 1.824798411690e-03 2.602684311569e-03 1.172275980935e-03 1.447648508474e-03 1.837331335992e-03 1.997187966481e-03 1.349929952994e-03 9.099489543587e-04 1.027197809890e-03 1.317738089710e-03 1.356367603876e-03 1.470559742302e-03 1.489145914093e-03 1.067710341886e-03 7.152441539802e-04 7.209149189293e-04 1.371342688799e-03 2.054272219539e-03 1.645753509365e-03 8.069239556789e-04 1.017655245960e-03 6.697760545649e-04 6.791494088247e-04 5.861668614671e-04 4.999944358133e-04 4.541300586425e-04 3.359324182384e-04 3.390138444956e-04 4.485125245992e-04 7.494533783756e-04 7.447950192727e-04
2.034156350419e-03 3.626609686762e-03 4.530086647719e-03 4.010609351099e-03 3.007711842656e-03 2.807619050145e-03 2.321843290702e-03 1.963505987078e-03 1.825020182878e-03 2.115286421031e-03 2.355455653742e-03 2.706563565880e-03 3.610539482906e-03 5.199723411351e-03 2.233657520264e-03 2.750921063125e-03 3.472015261650e-03 3.739325096831e-03 2.568806055933e-03 1.755199395120e-03 2.000355394557e-03 2.513770945370e-03 2.685171086341e-03 2.571034245193e-03 2.639175159857e-03 2.224799944088e-03 1.326137688011e-03 1.498175319284e-03 3.100773319602e-03 4.924075212330e-03 2.929537789896e-03 1.331599196419e-03 1.991346245632e-03 1.233477261849e-03 1.314352150075e-03 1.089497003704e-03 8.937772363424e-04 7.994320476428e-04 6.470040534623e-04 6.464305915870e-04 9.921888122335e-04 1.518502831459e-03 1.414983998984e-03
2.562455367297e-03 3.703490598127e-03 5.060784984380e-03 4.977972246706e-03 4.047609865665e-03 4.082247149199e-03 2.752423984930e-03 2.416610019282e-03 3.256418043748e-03 3.256712574512e-03 2.341970102862e-03 2.998355776072e-03 3.849190426990e-03 5.440651904792e-03 2.568092197180e-03 3.130345139652e-03 3.886026330292e-03 4.281272646040e-03 2.960663056001e-03 2.300503896549e-03 2.320184838027e-03 2.524564042687e-03 3.021118231118e-03 3.223662730306e-03 3.892571432516e-03 2.993348753080e-03 1.724513364024e-03 1.857538823970e-03 4.072980955243e-03 6.361635401845e-03 3.004092257470e-03 1.554670277983e-03 2.294000703841e-03 1.361921778880e-03 1.467057853006e-03 1.284831087105e-03 1.141622429714e-03 9.072854300030e-04 7.457462488674e-04 9.201377979480e-04 1.257547992282e-03 1.681348890997e-03 1.448413939215e-03
2.952620852739e-03 3.354133805260e-03 4.526670090854e-03 4.918572492898e-03 4.387396853417e-03 5.463244393468e-03 2.884676447138e-03 3.302409546450e-03 4.654763732105e-03 4.794713109732e-03 3.187709953636e-03 3.137059975415e-03 3.944498021156e-03 5.492047872394e-03 2.697574673221e-03 3.467574249953e-03 3.986524883658e-03 4.462160170078e-03 3.174189012498e-03 3.020680975169e-03 2.492605010048e-03 3.128765383735e-03 3.783330786973e-03 3.726755501702e-03 5.171279422939e-03 3.694184357300e-03 1.943902112544e-03 2.213717205450e-03 4.753880202770e-03 6.902947556227e-03 2.838009968400e-03 1.722171786241e-03 2.433213638142e-03 1.366336713545e-03 1.497594173998e-03 1.638596295379e-03 1.383359311149e-03 1.041885116138e-03 8.988530607894e-04 1.137826009654e-03 1.501636696048e-03 1.751641742885e-03 1.387926982716e-03
2.903832122684e-03 4.021490924060e-03 3.571525914595e-03 4.158281721175e-03 4.045907873660e-03 6.937680300325e-03 2.776053035632e-03 4.075956065208e-03 5.945747718215e-03 6.386600434780e-03 4.499712493271e-03 3.269935725257e-03 4.056469537318e-03 5.521211773157e-03 2.794438274577e-03 3.798406571150e-03 4.034764599055e-03 4.612005781382e-03 3.515121061355e-03 3.716164501384e-03 2.929514739662e-03 3.957959357649e-03 4.807190038264e-03 4.674022551626e-03 6.433378905058e-03 4.272710997611e-03 2.333859913051e-03 2.373533323407e-03 5.036446265876e-03 6.672064773738e-03 3.062952077016e-03 2.051743213087e-03 2.517619170249e-03 1.618368318304e-03 1.855044625700e-03 1.925015472807e-03 1.538202981465e-03 1.087601413019e-03 1.142632798292e-03 1.240374753252e-03 1.752810319886e-03 1.776932738721e-03 1.328204292804e-03
2.518595429137e-03 4.269391298294e-03 3.204430686310e-03 3.296651877463e-03 3.518381854519e-03 8.407498709857e-03 3.121032845229e-03 4.636968020350e-03 7.088399492204e-03 7.964093238115e-03 5.874780472368e-03 3.447895636782e-03 4.207819234580e-03 5.546005908400e-03 3.098870627582e-03 4.073677584529e-03 4.025707021356e-03 4.744474776089e-03 3.600605996326e-03 4.314306657761e-03 3.552981419489e-03 4.795441403985e-03 5.726751405746e-03 5.477829836309e-03 7.562346290797e-03 4.607119131833e-03 2.568067749962e-03 2.790441503748e-03 4.821900278330e-03 5.412538535893e-03 3.042727941647e-03 2.371844369918e-03 2.542021451518e-03 1.808736589737e-03 2.171871485189e-03 2.139955759048e-03 1.613177242689e-03 1.142444787547e-03 1.287515042350e-03 1.378722721711e-03 2.003471832722e-03 1.808293978684e-03 1.274227630347e-03
2.299408195540e-03 4.088305402547e-03 3.215750912204e-03 2.577361650765e-03 3.281201235950e-03 9.760163724422e-03 3.482629312202e-03 4.903320223093e-03 7.876915857196e-03 9.169407188892e-03 7.124282419682e-03 3.767131827772e-03 4.341986496001e-03 5.547781474888e-03 3.136090002954e-03 4.341820254922e-03 3.958092536777e-03 4.837001208216e-03 3.496448509395e-03 4.564753267914e-03 4.068217705935e-03 5.393059924245e-03 6.351865362376e-03 5.924196448177e-03 8.392179384828e-03 4.640501458198e-03 2.479768823832e-03 3.125704126433e-03 4.132480360568e-03 3.763369983062e-03 2.847759518772e-03 2.688623499125e-03 2.524445997551e-03 1.929091988131e-03 2.423410536721e-03 2.265902701765e-03 1.605887897313e-03 1.344393822365e-03 1.268972759135e-03 1.874235924333e-03 2.289626281708e-03 1.854573609307e-03 1.189955975860e-03
2.650607610121e-03 3.904001321644e-03 3.107200376689e-03 2.904767170548e-03 3.694035811350e-03 1.104709412903e-02 3.977131098509e-03 4.744282457978e-03 7.960592396557e-03 9.683706797659e-03 8.106570690870e-03 4.929112736136e-03 4.514684434980e-03 5.580331664532e-03 3.104575909674e-03 4.593515302986e-03 3.842159872875e-03 4.898629616946e-03 3.604384372011e-03 4.324481822550e-03 4.377318080515e-03 5.674556829035e-03 6.504020653665e-03 5.923619493842e-03 8.872026577592e-03 4.470407497138e-03 2.856031758711e-03 3.719798754901e-03 3.138317493722e-03 3.254918381572e-03 3.470096737146e-03 3.006963524967e-03 2.454580506310e-03 2.461965195835e-03 2.583344699815e-03 2.282221801579e-03 1.518260687590e-03 1.381158945151e-03 1.574297901243e-03 2.522283699363e-03 2.506870776415e-03 1.765480730683e-03 9.977894369513e-04
2.978225704283e-03 3.916439600289e-03 3.084035823122e-03 3.144471207634e-03 4.090869333595e-03 1.224495284259e-02 4.495311994106e-03 4.170333035290e-03 7.271533366293e-03 9.433244355023e-03 8.690847083926e-03 6.012363824993e-03 4.697071854025e-03 6.332898512483e-03 3.523894818500e-03 4.843716975302e-03 3.823510836810e-03 4.941752180457e-03 3.678696462885e-03 3.824024228379e-03 4.572514910251e-03 5.560926627368e-03 6.173251196742e-03 5.999048240483e-03 8.818488568068e-03 3.954231739044e-03 3.407004056498e-03 4.359657876194e-03 3.317097667605e-03 4.005659837276e-03 4.373062867671e-03 3.487445181236e-03 2.822524402291e-03 3.063344396651e-03 3.130471799523e-03 2.176912035793e-03 1.492005772889e-03 1.322989352047e-03 2.503096358851e-03 3.050482133403e-03 2.422739053145e-03 1.400624169037e-03 1.185361179523e-03
3.195354714990e-03 3.990731667727e-03 3.055006032810e-03 3.080302616581e-03 4.470312502235e-03 1.320965215564e-02 4.949007183313e-03 3.423205809668e-03 6.191490683705e-03 8.608927950263e-03 8.755151182413e-03 6.870212499052e-03 4.863583948463e-03 6.835420615971e-03 4.432421177626e-03 5.121052730829e-03 5.047577433288e-03 5.016756244004e-03 3.717725398019e-03 4.575893748552e-03 4.477533511817e-03 5.150433164090e-03 5.445415619761e-03 6.696793250740e-03 8.192788809538e-03 3.169473260641e-03 3.969751298428e-03 4.997626878321e-03 3.804241539910e-03 4.637635778636e-03 5.146146286279e-03 4.225673153996e-03 3.138772444800e-03 3.250144887716e-03 3.395570442080e-03 1.966115087271e-03 1.389859709889e-03 2.378294942901e-03 3.360512200743e-03 3.078063018620e-03 1.871303888038e-03 1.226755906828e-03 1.161369727924e-03
3.238280769438e-03 4.130728542805e-03 3.032086184248e-03 3.314126050100e-03 4.812438506633e-03 1.398389041424e-02 5.364468786865e-03 3.412532387301e-03 4.952799063176e-03 7.265606895089e-03 8.116535842419e-03 7.316818460822e-03 5.886511877179e-03 6.806710734963e-03 5.613164976239e-03 5.392462946475e-03 7.132494356483e-03 5.335682071745e-03 3.707279451191e-03 6.067051552236e-03 4.958897363394e-03 4.543725401163e-03 6.639775820076e-03 7.134096696973e-03 7.132950238883e-03 3.182679181919e-03 4.444702528417e-03 5.441731773317e-03 3.964218311012e-03 5.001970101148e-03 5.821963306516e-03 4.919064231217e-03 2.906364621595e-03 2.824687864631e-03 3.211179049686e-03 1.689220662229e-03 2.164216944948e-03 3.516568103805e-03 3.600431839004e-03 2.388622844592e-03 1.225630636327e-03 1.152701792307e-03 1.102079986595e-03
3.144866088405e-03 4.286848008633e-03 3.951243590564e-03 3.746518865228e-03 5.120940040797e-03 1.447831839323e-02 5.627283826470e-03 3.543127793819e-03 4.127498716116e-03 5.632836837322e-03 6.931305397302e-03 7.194823119789e-03 6.560146808624e-03 7.138484623283e-03 6.805884186178e-03 5.638953298330e-03 9.549827314913e-03 7.039245218039e-03 3.702583257109e-03 7.378144189715e-03 5.533849354833e-03 5.883885081857e-03 8.745866827667e-03 7.234771270305e-03 5.778288934380e-03 3.300280775875e-03 4.647458437830e-03 5.563606042415e-03 3.791673574597e-03 4.963794723153e-03 6.167743820697e-03 5.460008047521e-03 3.214811440557e-03 2.279317006469e-03 2.977537456900e-03 1.835297793150e-03 3.476056735963e-03 4.052503500134e-03 2.881385385990e-03 1.461457461119e-03 1.350171398371e-03 1.413791556843e-03 1.498391153291e-03
3.176459111273e-03 4.442153498530e-03 4.989559762180e-03 3.438731189817e-03 5.412652157247e-03 1.487924158573e-02 5.747119430453e-03 3.657596884295e-03 4.136119969189e-03 5.316025111824e-03 5.328129045665e-03 6.390084046870e-03 6.717867217958e-03 7.951488718390e-03 7.326263468713e-03 6.218159571290e-03 1.192241162062e-02 8.601064793766e-03 3.992225509137e-03 8.403921499848e-03 5.810505710542e-03 7.141188252717e-03 1.031697820872e-02 6.751340348274e-03 4.262997303158e-03 3.915974404663e-03 4.470665473491e-03 5.264828447253e-03 3.430227749050e-03 4.538249690086e-03 5.961350165308e-03 5.592917092144e-03 3.399739041924e-03 1.972548663616e-03 2.850624499843e-03 3.208448179066e-03 4.387395922095e-03 3.476510290056e-03 1.775456708856e-03 1.459982711822e-03 1.415409264155e-03 1.819677650928e-03 1.782415900379e-03
2.837596228346e-03 4.600451793522e-03 5.410433746874e-03 3.799707395956e-03 5.711703561246e-03 1.533588208258e-02 5.825045052916e-03 3.813006682321e-03 3.779763821512e-03 5.126481410116e-03 4.208921920508e-03 5.042047705501e-03 7.299660705030e-03 8.525508455932e-03 6.794525776058e-03 7.696970831603e-03 1.380958501250e-02 9.860249236226e-03 4.692594520748e-03 9.111180901527e-03 5.846542306244e-03 7.768074050546e-03 1.080882363021e-02 5.620879586786e-03 3.708600997925e-03 4.984387196600e-03 5.148764699697e-03 4.686561413109e-03 3.188097616658e-03 3.800104139373e-03 5.266849882901e-03 5.284772254527e-03 3.390121739358e-03 1.923510804772e-03 2.880302490667e-03 4.489845130593e-03 4.169282037765e-03 2.245367504656e-03 1.583842444234e-03 1.405946910381e-03 1.444328110665e-03 2.058726036921e-03 1.897095353343e-03
3.847158746794e-03 4.786057397723e-03 5.417649168521e-03 6.196903996170e-03 6.020712666214e-03 1.560985855758e-02 5.802064668387e-03 4.555877763778e-03 3.233901457861e-03 4.723041318357e-03 3.935519605875e-03 5.572904832661e-03 7.690936326981e-03 9.100586175919e-03 7.341750897467e-03 9.148636832833e-03 1.536114513874e-02 1.059687510133e-02 5.205950234085e-03 9.709917008877e-03 6.438382901251e-03 7.576787844300e-03 1.039029099047e-02 4.600421991199e-03 3.945962525904e-03 5.975148174912e-03 6.542119663209e-03 4.077431280166e-03 3.248105058447e-03 2.964868908748e-03 4.361655097455e-03 4.732585512102e-03 3.206312656403e-03 2.198647940531e-03 4.275215789676e-03 4.821439739317e-03 2.906626556069e-03 1.525628496893e-03 1.629747450352e-03 1.301110722125e-03 1.653527724557e-03 2.187522593886e-03 2.409815089777e-03
5.079860333353e-03 5.007989704609e-03 5.336575210094e-03 7.610489614308e-03 6.253889761865e-03 1.569166034460e-02 5.633999127895e-03 5.222245119512e-03 3.421866334975e-03 4.840810317546e-03 4.103533923626e-03 5.972954910249e-03 8.054775185883e-03 9.661009535193e-03 7.091513369232e-03 1.034412253648e-02 1.565683819354e-02 1.004382781684e-02 6.175851449370e-03 1.021180953830e-02 6.458899471909e-03 6.929355673492e-03 8.989818394184e-03 4.426235798746e-03 4.320422187448e-03 6.878141313791e-03 7.049729581922e-03 3.673992119730e-03 3.529840614647e-03 3.058725036681e-03 4.279501270503e-03 3.977255895734e-03 2.851025434211e-03 3.845898434520e-03 5.182480439544e-03 3.726300550625e-03 2.092668088153e-03 1.369056873955e-03 1.643171650358e-03 1.440851716325e-03 2.177991904318e-03 2.836555242538e-03 2.824161667377e-03
5.996783263981e-03 6.518604233861e-03 6.162909790874e-03 7.035286631435e-03 6.589752621949e-03 1.556260325015e-02 6.020031869411e-03 5.741158965975e-03 3.592719323933e-03 4.914162680507e-03 4.538053181022e-03 6.182412151247e-03 8.487997576594e-03 1.021376810968e-02 6.520458962768e-03 1.110523939133e-02 1.475726906210e-02 8.913272991776e-03 6.795703433454e-03 1.058842707425e-02 5.771938711405e-03 5.534796975553e-03 6.983831059188e-03 4.097799304873e-03 5.080819595605e-03 6.889206357300e-03 6.508484948426e-03 3.884939709678e-03 4.066910594702e-03 3.442416200414e-03 4.643288906664e-03 3.232412505895e-03 3.291677916422e-03 5.191075149924e-03 4.569997079670e-03 3.209694055840e-03 1.790547627024e-03 1.492493669502e-03 1.851422013715e-03 2.085754880682e-03 3.039052942768e-03 3.117220476270e-03 2.595551079139e-03
7.857352495193e-03 7.823969237506e-03 8.453626185656e-03 6.531736813486e-03 7.811140734702e-03 1.507218647748e-02 6.856641732156e-03 6.187872961164e-03 4.830707330257e-03 4.923895001411e-03 5.245711654425e-03 7.933181710541e-03 8.846497163177e-03 1.082922238857e-02 7.075491826981e-03 1.116213668138e-02 1.312431879342e-02 8.552506566048e-03 7.006305735558e-03 1.086934842169e-02 5.197090096772e-03 4.591289442033e-03 5.262454971671e-03 4.387975204736e-03 5.526348948479e-03 6.167482119054e-03 4.817094188184e-03 4.292984493077e-03 4.742961376905e-03 3.926272038370e-03 4.800645634532e-03 3.014567773789e-03 4.909972660244e-03 5.160793196410e-03 4.607499111444e-03 2.905548084527e-03 2.055661752820e-03 1.832651556470e-03 2.216234104708e-03 3.024609992281e-03 3.379305126145e-03 2.721067052335e-03 2.018959028646e-03
8.721029385924e-03 8.656567893922e-03 1.046248525381e-02 9.744847193360e-03 6.603194866329e-03 1.422306615859e-02 6.379480473697e-03 7.155378814787e-03 6.677659228444e-03 5.538404453546e-03 5.700095556676e-03 9.562962688506e-03 1.006992720068e-02 1.151120010763e-02 7.900116033852e-03 1.050882786512e-02 1.300420053303e-02 1.043488457799e-02 6.819682661444e-03 1.091231871396e-02 5.229796748608e-03 4.953450523317e-03 5.354958586395e-03 4.879536107183e-03 5.181873217225e-03 4.796408582479e-03 4.469082690775e-03 5.003946833313e-03 5.197533406317e-03 4.073595628142e-03 4.760971758515e-03 4.614134784788e-03 5.473340861499e-03 5.086741875857e-03 4.911212250590e-03 3.535477211699e-03 2.521566813812e-03 2.364990301430e-03 2.870973199606e-03 3.389637451619e-03 2.799556823447e-03 2.262665890157e-03 2.059580292553e-03
