100/SI/f96.grd
DSAA
101	101
32.816463539100	34.260883539100
35.556306596100	36.727886596100
4.893376626569e-06	8.200147747993e-01
[rows 76 to 94 of 101, columns 43 to 85 of 101]
1.255038077943e-03 1.063787727617e-03 1.952016726136e-03 4.918475169688e-03 5.290329921991e-03 1.056540943682e-02 1.688422448933e-02 1.899535581470e-02 1.176175381988e-02 3.285742131993e-03 1.172869838774e-02 2.631787210703e-02 1.968570984900e-02 5.111127626151e-03 2.290562959388e-03 3.253630828112e-03 3.460664069280e-03 1.788541674614e-03 1.667818170972e-03 2.074577379972e-03 7.592962123454e-03 1.731374487281e-02 4.069266375154e-03 2.750250278041e-03 2.008490730077e-03 1.346950535662e-03 6.858963752165e-04 5.896880757064e-04 5.743922083639e-04 5.416495841928e-04 5.110505153425e-04 5.328663391992e-04 5.612438544631e-04 5.955739761703e-04 6.016634870321e-04 5.600347649306e-04 5.137550178915e-04 4.803365736734e-04 4.570474848151e-04 4.433204303496e-04 4.957053461112e-04 7.626315345988e-04 1.039183232933e-03
2.026431960985e-03 2.733317669481e-03 3.491015406325e-03 3.666019299999e-03 5.032685119659e-03 6.992875132710e-03 9.045236743987e-03 8.391771465540e-03 1.347325742245e-02 1.967289298773e-02 1.951207593083e-02 9.368191473186e-03 6.625073961914e-03 5.837045609951e-03 3.765479661524e-03 4.087172914296e-03 1.141179352999e-03 6.914464756846e-04 8.426880813204e-04 9.429611964151e-04 7.149548619054e-04 8.559538400732e-04 1.355419051833e-03 1.369944773614e-03 1.243599574082e-03 7.629063329659e-04 3.743341076188e-04 3.359852998983e-04 3.896482230630e-04 4.490374703892e-04 4.791218088940e-04 4.897712497041e-04 4.872453282587e-04 4.659806436393e-04 4.053393204231e-04 3.253686882090e-04 2.605432528071e-04 2.566886541899e-04 2.721129858401e-04 3.190228308085e-04 4.029167466797e-04 6.870799697936e-04 9.183578076772e-04
4.302524961531e-03 6.500095594674e-03 4.287819843739e-03 2.014585537836e-03 2.356039360166e-03 8.545743301511e-03 2.397087216377e-02 3.192027285695e-02 2.392954379320e-02 1.181679405272e-02 6.360361818224e-03 4.110153298825e-03 2.913728356361e-03 4.714975133538e-03 4.032188095152e-03 1.472417032346e-03 4.906242247671e-04 4.484412202146e-04 4.649919865187e-04 6.294194026850e-04 4.699047130998e-04 4.283264861442e-04 4.954357282259e-04 5.615111440420e-04 5.088920006528e-04 4.645517619792e-04 3.761955304071e-04 3.915472188964e-04 3.293766349088e-04 3.757979720831e-04 3.934305568691e-04 3.667021810543e-04 3.515174321365e-04 3.397742984816e-04 2.393124304945e-04 2.306373207830e-04 2.449426683597e-04 2.440020325594e-04 2.389231522102e-04 2.539779816289e-04 3.106410149485e-04 5.973433726467e-04 8.752641733736e-04
6.099953316152e-03 7.113660220057e-03 2.406300511211e-03 2.499776426703e-03 8.772606030107e-03 1.570769958198e-02 1.620309427381e-02 1.391475182027e-02 1.181278750300e-02 5.508692469448e-03 4.899568390101e-03 5.917217116803e-03 3.674371633679e-03 2.359312027693e-03 9.983973577619e-04 5.434149061330e-04 3.444679605309e-04 3.301694523543e-04 3.172328288201e-04 3.948684898205e-04 3.529814421199e-04 3.531615075190e-04 3.285825951025e-04 3.243652754463e-04 3.145111841150e-04 3.211117582396e-04 3.104429342784e-04 3.157239989378e-04 3.395788371563e-04 3.253550385125e-04 3.296293434687e-04 2.715637092479e-04 3.003806050401e-04 3.151891287416e-04 2.509448677301e-04 1.913621381391e-04 2.289461990586e-04 2.435846254230e-04 2.445995633025e-04 2.403477265034e-04 2.479492977727e-04 3.211592265870e-04 5.398134235293e-04
2.662843093276e-03 4.525436554104e-03 6.515312939882e-03 8.311774581671e-03 9.033109992743e-03 7.415501400828e-03 8.386216126382e-03 1.046214997768e-02 1.494618691504e-02 5.760532338172e-03 5.981842521578e-03 3.629121696576e-03 1.469575683586e-03 6.142483907752e-04 4.246522730682e-04 3.460068546701e-04 3.104373172391e-04 2.799117937684e-04 2.564383321442e-04 2.416539646219e-04 2.683969505597e-04 2.081032725982e-04 2.109119814122e-04 2.101578138536e-04 2.213986153947e-04 2.325631212443e-04 2.347263944102e-04 2.150432119379e-04 1.846853410825e-04 2.216853026766e-04 2.165381592931e-04 2.102981379721e-04 2.360264916206e-04 2.628147194628e-04 2.417412906652e-04 1.895352615975e-04 2.127262705471e-04 2.388313732808e-04 2.452362386975e-04 2.493572246749e-04 2.891473122872e-04 3.471419331618e-04 4.361263709143e-04
2.957060933113e-03 8.979883044958e-03 1.664764247835e-02 9.747044183314e-03 6.266938988119e-03 1.093819737434e-02 1.461445167661e-02 1.968793570995e-02 9.519383311272e-03 4.886137787253e-03 2.323972759768e-03 1.354665611871e-03 5.653311382048e-04 3.613274311647e-04 2.554404200055e-04 2.150876825908e-04 1.976167259272e-04 1.836634619394e-04 1.885086094262e-04 2.008263109019e-04 2.061663544737e-04 1.911930303322e-04 1.862134231487e-04 1.996526843868e-04 2.385298867011e-04 2.778651250992e-04 3.039460279979e-04 2.954688388854e-04 2.334458695259e-04 1.803706545616e-04 1.798320881790e-04 1.660100970184e-04 1.689432974672e-04 2.111049980158e-04 2.185451739933e-04 2.037291415036e-04 1.934713072842e-04 2.266103110742e-04 2.392146707280e-04 2.416199422441e-04 2.773083106149e-04 3.840772842523e-04 5.196224665269e-04
5.546921398491e-03 1.737820729613e-02 1.326684094965e-02 1.081704348326e-02 1.187979243696e-02 1.139420084655e-02 7.927958853543e-03 7.647790014744e-03 6.005791947246e-03 3.069928148761e-03 1.134644960985e-03 7.108584977686e-04 3.760597028304e-04 2.411314781057e-04 1.942380040418e-04 1.597366062924e-04 1.593011693330e-04 1.701845903881e-04 1.663074508542e-04 1.593309279997e-04 1.731436932459e-04 1.775415730663e-04 1.725307956804e-04 1.729929208523e-04 2.174405526603e-04 2.669499081094e-04 3.031809756067e-04 3.025018377230e-04 2.457248338033e-04 1.670555357123e-04 1.746537309373e-04 1.809045934351e-04 1.479620259488e-04 1.554668706376e-04 1.853738503996e-04 2.069546899293e-04 2.090600173688e-04 2.074046497000e-04 2.267012750963e-04 2.366441331105e-04 2.345366810914e-04 2.662460028660e-04 3.373014624231e-04
7.432547397912e-03 1.259829662740e-02 7.520639337599e-03 4.560747649521e-03 3.046903060749e-03 3.767902962863e-03 3.304800484329e-03 3.946618642658e-03 3.305683843791e-03 1.153128221631e-03 8.264837670140e-04 4.954818286933e-04 3.991049889009e-04 2.963697188534e-04 1.850284024840e-04 1.504377141828e-04 1.637892419240e-04 1.652492501307e-04 1.505124528194e-04 1.427880197298e-04 1.656761305640e-04 1.814507413656e-04 1.899296476040e-04 1.833844435168e-04 1.696805265965e-04 2.027893497143e-04 2.263654168928e-04 2.244134084322e-04 1.855653245002e-04 1.500936778029e-04 1.551351451781e-04 1.703262096271e-04 1.625918666832e-04 1.384385395795e-04 1.408405951224e-04 1.692614459898e-04 1.881078642327e-04 1.839636097429e-04 2.092975628329e-04 2.272953570355e-04 2.315498859389e-04 2.439122472424e-04 2.738813636824e-04
1.056029740721e-02 8.748192340136e-03 2.822827314958e-03 2.149086212739e-03 2.280485583469e-03 1.363290823065e-03 1.951874233782e-03 3.129889722914e-03 2.086252439767e-03 1.018193317577e-03 7.760620210320e-04 4.279503191356e-04 4.171017208137e-04 3.955354040954e-04 2.476374793332e-04 1.956728083314e-04 1.661040296312e-04 1.589469611645e-04 1.370913669234e-04 1.376514992444e-04 1.665785093792e-04 1.997941144509e-04 2.197305584559e-04 2.053542120848e-04 1.754654367687e-04 1.505460386397e-04 1.636071247049e-04 1.748719369061e-04 1.739385770634e-04 1.856793678598e-04 1.669299672358e-04 1.538438955322e-04 1.560852833791e-04 1.416390005033e-04 1.360322494293e-04 1.641257258598e-04 1.794967829483e-04 1.748934009811e-04 1.884679513751e-04 2.120261488017e-04 2.223438496003e-04 2.489749749657e-04 3.137363237329e-04
1.668448932469e-02 7.327666971833e-03 1.452931319363e-03 1.033059903421e-03 7.907975232229e-04 9.685987606645e-04 1.038655755110e-03 2.348989713937e-03 2.381508471444e-03 1.453518867493e-03 7.254909141921e-04 4.149126762059e-04 3.591959830374e-04 3.755013749469e-04 3.082385228481e-04 1.896589383250e-04 1.649681362323e-04 1.528643624624e-04 1.270563807338e-04 1.360781461699e-04 1.705160248093e-04 2.227114309790e-04 2.429818996461e-04 2.158522838727e-04 1.813184208004e-04 1.597136724740e-04 1.692068472039e-04 1.885294914246e-04 1.969771255972e-04 1.941758237081e-04 1.799276215024e-04 1.491048606113e-04 1.710128126433e-04 1.419346372131e-04 1.324471959379e-04 1.444273948437e-04 1.815905561671e-04 1.999818050535e-04 2.131073997589e-04 2.422949910397e-04 2.783322997857e-04 2.889953320846e-04 2.809155848809e-04
1.438786089420e-02 4.421871621162e-03 1.103961723857e-03 6.232117302716e-04 5.676746950485e-04 6.582528585568e-04 1.212189788930e-03 1.551722176373e-03 1.861404860392e-03 1.299566589296e-03 8.556891116314e-04 4.816715954803e-04 3.138936881442e-04 2.715671434999e-04 2.601431042422e-04 2.198063157266e-04 1.899645576486e-04 2.087932807626e-04 1.742834865581e-04 1.501996594016e-04 1.873763831099e-04 2.503609284759e-04 2.607190981507e-04 2.190382219851e-04 1.860155607574e-04 1.695253886282e-04 1.769234950189e-04 1.986909919651e-04 2.146439073840e-04 2.004259877140e-04 1.774550182745e-04 1.468730333727e-04 1.744982728269e-04 1.348450896330e-04 1.305955665885e-04 1.249455381185e-04 1.363939081784e-04 1.797265722416e-04 2.290099073434e-04 2.949361805804e-04 3.601558855735e-04 3.858527052216e-04 3.902007883880e-04
7.565563544631e-03 1.393291284330e-03 6.569951656274e-04 5.736093735322e-04 4.792795516551e-04 4.844007780775e-04 7.816026918590e-04 4.333075485192e-04 1.130179152824e-03 1.708253636025e-03 1.217246986926e-03 9.265494882129e-04 4.627657472156e-04 2.849742013495e-04 2.435786300339e-04 2.463755663484e-04 2.613462565932e-04 2.350408612983e-04 2.066918823402e-04 1.832035050029e-04 2.240738103865e-04 2.753967419267e-04 2.652849070728e-04 2.234428247903e-04 1.994624180952e-04 1.877139147837e-04 1.869570987765e-04 2.086351014441e-04 2.268443058711e-04 2.175124391215e-04 1.820077886805e-04 1.441353815608e-04 1.647069293540e-04 1.491440634709e-04 1.294891408179e-04 1.287935301661e-04 1.241509598913e-04 1.298507268075e-04 1.655630767345e-04 2.531430509407e-04 3.457144484855e-04 4.030441923533e-04 4.359205486253e-04
2.046477282420e-03 7.963989628479e-04 5.178243736736e-04 4.947681445628e-04 3.836375544779e-04 3.485170891508e-04 3.514137933962e-04 3.311804612167e-04 4.110702720936e-04 1.408728188835e-03 1.562130753882e-03 2.288222778589e-03 1.464794739150e-03 5.270841065794e-04 3.274351474829e-04 2.730761771090e-04 2.956710522994e-04 3.498634905554e-04 3.258163633291e-04 2.606808266137e-04 2.553216763772e-04 2.861900429707e-04 2.574272511993e-04 2.222628099844e-04 2.092159265885e-04 2.072067145491e-04 2.111942449119e-04 2.132383378921e-04 2.321186620975e-04 2.333836455364e-04 2.014546189457e-04 1.554899063194e-04 1.545327249914e-04 1.545191626064e-04 1.448164548492e-04 1.483775704401e-04 1.469551643822e-04 1.444409426767e-04 1.426141097909e-04 1.462122600060e-04 1.967069110833e-04 2.619116858114e-04 3.087544755545e-04
7.342345779762e-04 4.562028625514e-04 4.637958481908e-04 4.040029598400e-04 3.271863679402e-04 2.969121269416e-04 2.570002106950e-04 2.568605123088e-04 3.030171792489e-04 5.837489152327e-04 2.332912525162e-03 5.726372357458e-03 3.930048085749e-03 1.253836322576e-03 5.516352248378e-04 3.428602067288e-04 3.075962886214e-04 3.690313897096e-04 3.572724235710e-04 3.772622148972e-04 3.631691215560e-04 2.994450915139e-04 2.677686570678e-04 2.402967948001e-04 2.329767157789e-04 2.347299887333e-04 2.343319647480e-04 2.282941277372e-04 2.326635876670e-04 2.456691872794e-04 2.222977345809e-04 1.625769655220e-04 1.506507396698e-04 1.484610547777e-04 1.562075194670e-04 1.677328109508e-04 1.755929552019e-04 1.780835882528e-04 1.766594214132e-04 1.703190937405e-04 1.704459427856e-04 1.793115225155e-04 1.850130793173e-04
6.616283790208e-04 3.796649107244e-04 4.126456624363e-04 3.153385478072e-04 2.558512787800e-04 2.406042185612e-04 2.100794081343e-04 2.188808721257e-04 2.191573148593e-04 4.053903685417e-04 1.767306705005e-03 4.765926394612e-03 4.312913399190e-03 2.779482398182e-03 6.730543100275e-04 3.742990666069e-04 2.849922457244e-04 4.096648190171e-04 4.863788490184e-04 4.563064430840e-04 3.732544719242e-04 2.918823156506e-04 2.890696341638e-04 2.719364420045e-04 2.628409711178e-04 2.568030904513e-04 2.458576345816e-04 2.243291091872e-04 2.346262335777e-04 2.481228148099e-04 2.188660873799e-04 1.697890693322e-04 1.757553836796e-04 1.700746361166e-04 1.612714404473e-04 1.566779246787e-04 1.674352097325e-04 1.739322324283e-04 1.721769513097e-04 1.611715706531e-04 1.785243512131e-04 2.107486507157e-04 2.336005563848e-04
8.153977105394e-04 4.270987701602e-04 3.608053084463e-04 2.781413495541e-04 2.085497835651e-04 1.967501011677e-04 2.016443904722e-04 1.968592405319e-04 1.978937943932e-04 2.536270185374e-04 6.715817144141e-04 2.449578139931e-03 8.902836591005e-03 6.870681419969e-03 1.153061166406e-03 4.372612747829e-04 4.809030215256e-04 5.130900535733e-04 4.562908725347e-04 3.631899016909e-04 2.950706984848e-04 3.010760992765e-04 3.192217554897e-04 3.091937105637e-04 2.882052212954e-04 2.615332196001e-04 2.263154892717e-04 2.069978654617e-04 2.425654238323e-04 2.496595843695e-04 2.252447593492e-04 2.502409042791e-04 2.508801117074e-04 2.373024472035e-04 2.134449023288e-04 1.659968838794e-04 1.392741978634e-04 1.385254145134e-04 1.424035872333e-04 1.530808804091e-04 1.798467710614e-04 2.241124893771e-04 2.775770262815e-04
8.632358512841e-04 4.848362004850e-04 3.637716581579e-04 2.427042199997e-04 1.833472779253e-04 1.923004747368e-04 1.898983173305e-04 1.915818720590e-04 1.724784233375e-04 1.940698566614e-04 3.798018442467e-04 1.246662810445e-03 4.327579867095e-03 3.815325209871e-03 1.275673857890e-03 7.267005275935e-04 5.973972729407e-04 4.635720688384e-04 3.571510605980e-04 2.858389052562e-04 2.848943113349e-04 3.040636947844e-04 3.233643656131e-04 3.075924760196e-04 2.657447766978e-04 2.156365517294e-04 1.783388433978e-04 1.943649695022e-04 2.439733361825e-04 2.567053888924e-04 2.669891982805e-04 2.934108197223e-04 2.913689822890e-04 2.714566653594e-04 2.307778486283e-04 1.731722441036e-04 1.774820557330e-04 1.843092904892e-04 1.952343300218e-04 2.044995781034e-04 2.069768379442e-04 2.305922389496e-04 2.974541857839e-04
8.068872266449e-04 4.335626435932e-04 3.060338494834e-04 1.906179677462e-04 1.760152226780e-04 1.898465852719e-04 1.833790738601e-04 1.586249272805e-04 1.260373392142e-04 1.750055525918e-04 3.231031296309e-04 5.518809775822e-04 1.527501735836e-03 1.815099967644e-03 1.314967870712e-03 8.055008947849e-04 5.094757652842e-04 3.620783681981e-04 3.354724904057e-04 3.258709912188e-04 2.935416996479e-04 2.776455075946e-04 2.686115913093e-04 2.360532671446e-04 1.862598874141e-04 1.661052083364e-04 1.639158290345e-04 1.752001553541e-04 2.275597362313e-04 2.547237381805e-04 1.889572449727e-04 2.061803097604e-04 2.062542916974e-04 1.929044665303e-04 1.870726846391e-04 2.045558358077e-04 2.211767859990e-04 2.431334287394e-04 2.669712121133e-04 2.803542593028e-04 2.752366708592e-04 2.563575399108e-04 2.918902027886e-04
7.207859889604e-04 3.206827677786e-04 2.199857844971e-04 1.366360811517e-04 1.647633762332e-04 1.827950909501e-04 1.751023519319e-04 1.445015950594e-04 1.067260818672e-04 1.574863272253e-04 2.903310523834e-04 4.494576714933e-04 1.062875729986e-03 1.363541698083e-03 1.060243346728e-03 6.279249209911e-04 3.888010396622e-04 3.608110710047e-04 3.550923138391e-04 2.977783733513e-04 2.368320856476e-04 1.978712825803e-04 1.731739903335e-04 1.451501739211e-04 1.361790637020e-04 1.339449081570e-04 1.343853655271e-04 1.490005379310e-04 1.982944959309e-04 2.321882202523e-04 1.803999766707e-04 1.417240855517e-04 1.349239464616e-04 1.724649773678e-04 2.041122497758e-04 2.319488412468e-04 2.642107428983e-04 3.043097385671e-04 3.418692504056e-04 3.571109555196e-04 3.395976673346e-04 2.993231755681e-04 2.876936341636e-04
