100/SI/f96.grd
DSAA
101	101
32.816463539100	34.260883539100
35.556306596100	36.727886596100
4.893376626569e-06	8.200147747993e-01
[rows 57 to 75 of 101, columns 0 to 42 of 101]
2.718062896747e-04 4.464720550459e-04 4.853297141381e-04 4.859224136453e-04 5.116525571793e-04 6.258375942707e-04 7.007803651504e-04 7.684273296036e-04 8.317072642967e-04 8.501443662681e-04 8.216401329264e-04 1.151512144133e-03 1.972774975002e-03 1.078578527085e-03 7.829160895199e-04 1.180141465738e-03 1.057303394191e-03 1.190683804452e-03 1.439859508537e-03 1.494533149526e-03 1.541065983474e-03 1.154611469246e-03 8.031749166548e-04 7.067746482790e-04 7.668383768760e-04 1.061932183802e-03 1.695455517620e-03 2.101619262248e-03 1.636439934373e-03 9.580024052411e-04 7.510790019296e-04 5.919375689700e-04 6.202484364621e-04 7.469808333553e-04 8.827848359942e-04 1.134299207479e-03 1.308117876761e-03 1.407643198036e-03 2.321922918782e-03 3.051023930311e-03 2.621349878609e-03 2.327949041501e-03 2.608074340969e-03
3.438970597927e-04 5.629191873595e-04 6.429899367504e-04 6.526693468913e-04 6.457273266278e-04 6.282710237429e-04 6.267966818996e-04 6.566830561496e-04 6.843009614386e-04 1.112110679969e-03 3.608088707551e-03 4.178505390882e-03 1.561394310556e-03 8.095125085674e-04 8.130861679092e-04 7.562064565718e-04 8.183856843971e-04 8.148997440003e-04 9.343605488539e-04 1.184477237985e-03 1.434063189663e-03 1.532984315418e-03 1.072645303793e-03 6.751829641871e-04 7.777261780575e-04 1.185999484733e-03 1.789814559743e-03 1.916720997542e-03 1.945329946466e-03 1.238092780113e-03 7.453900761902e-04 6.775546935387e-04 6.482632597908e-04 7.773967809044e-04 9.182235808112e-04 9.509290102869e-04 9.773448109627e-04 1.017273520119e-03 1.026844722219e-03 1.108274329454e-03 1.339617767371e-03 1.834742142819e-03 2.114508301020e-03
4.598024243023e-04 7.559410878457e-04 8.745582890697e-04 1.246295403689e-03 1.598053844646e-03 2.026522299275e-03 2.665709005669e-03 3.889211919159e-03 7.143078371882e-03 1.009377557784e-02 6.715675815940e-03 1.709454692900e-03 1.158931292593e-03 1.014368492179e-03 7.380960742012e-04 7.721966831014e-04 8.158513228409e-04 8.023190894164e-04 7.689259364270e-04 8.208809304051e-04 1.384109607898e-03 1.569422660396e-03 1.113770878874e-03 6.410599453375e-04 5.029924795963e-04 7.752993260510e-04 1.098808948882e-03 1.136168255471e-03 1.185218221508e-03 9.651061263867e-04 6.737835356034e-04 7.076897309162e-04 6.705417181365e-04 7.528419955634e-04 9.086414938793e-04 9.419393609278e-04 8.975521195680e-04 8.227136568166e-04 7.588555454277e-04 8.495666552335e-04 1.085063559003e-03 1.389136770740e-03 1.840624492615e-03
4.493596788961e-04 8.151843794622e-04 1.416849205270e-03 2.018692903221e-03 2.551168901846e-03 3.375542350113e-03 4.909978713840e-03 7.335021626204e-03 7.376119028777e-03 3.413629019633e-03 8.281302871183e-04 9.655784815550e-04 1.049936399795e-03 9.328654268757e-04 8.333091973327e-04 8.745674276724e-04 8.758983458392e-04 8.399941143580e-04 6.570414989255e-04 6.420863210224e-04 9.970216779038e-04 1.112897065468e-03 8.264713687822e-04 5.175799014978e-04 3.980523906648e-04 4.302039451431e-04 5.768949631602e-04 7.136510685086e-04 8.346844697371e-04 7.241795537993e-04 6.626951508224e-04 6.185587262735e-04 6.605029921047e-04 7.317285053432e-04 8.779893978499e-04 9.000755962916e-04 8.146457257681e-04 6.971870898269e-04 6.415536627173e-04 7.129862206057e-04 1.048620557413e-03 1.315722591244e-03 1.684563234448e-03
2.724250371102e-04 4.748998908326e-04 5.805245018564e-04 6.110554677434e-04 6.121983751655e-04 6.095768767409e-04 6.042976747267e-04 5.914128851146e-04 5.802202504128e-04 5.675944848917e-04 5.326773389243e-04 5.620075971819e-04 6.119021563791e-04 7.828965899535e-04 8.803048403934e-04 9.191829594783e-04 8.842548122630e-04 7.842468330637e-04 5.792199517600e-04 4.635546647478e-04 5.580611759797e-04 5.793964373879e-04 4.574011545628e-04 3.393584338482e-04 2.990517241415e-04 3.258736105636e-04 4.185693978798e-04 5.034429486841e-04 6.017819396220e-04 6.481437594630e-04 6.136511801742e-04 5.485300207511e-04 6.346991867758e-04 7.683844305575e-04 9.169374825433e-04 8.873303886503e-04 7.370672537945e-04 5.846843123436e-04 6.500519230030e-04 7.277083350345e-04 1.077976194210e-03 1.338688191026e-03 1.586905913427e-03
1.280996220885e-04 2.387778804405e-04 3.096551517956e-04 3.420000430197e-04 3.545999061316e-04 3.649659629446e-04 3.748669696506e-04 3.821776190307e-04 3.936550347134e-04 4.051667056046e-04 3.970915277023e-04 3.733279881999e-04 3.788154863287e-04 5.028374143876e-04 5.914230714552e-04 6.224230746739e-04 5.660982569680e-04 5.035563954152e-04 4.252824874129e-04 3.623400698416e-04 2.973913215101e-04 2.776980109047e-04 2.293401194038e-04 2.540047280490e-04 2.996059774887e-04 3.151173295919e-04 3.469348885119e-04 4.181202675682e-04 5.093154613860e-04 5.574407987297e-04 5.494556971826e-04 5.190233932808e-04 6.335606449284e-04 8.506588055752e-04 9.883836610243e-04 8.923714631237e-04 6.692702299915e-04 5.770498537458e-04 6.660941871814e-04 7.782640750520e-04 1.045267796144e-03 1.185072818771e-03 1.366984564811e-03
8.796624751994e-05 1.481768995291e-04 1.840206386987e-04 2.100138954120e-04 2.259667671751e-04 2.399180521024e-04 2.532921207603e-04 2.644884516485e-04 2.779273199849e-04 2.916867379099e-04 2.935368975159e-04 2.841163368430e-04 2.733263245318e-04 2.636523277033e-04 2.653620904312e-04 3.009675419889e-04 3.174035518896e-04 3.131268604193e-04 2.873689227272e-04 2.746646932792e-04 2.375322656007e-04 2.228741068393e-04 1.954916660907e-04 2.586017071735e-04 3.187651745975e-04 3.492214600556e-04 3.473413817119e-04 3.449078067206e-04 4.206708399579e-04 4.680612473749e-04 4.795651475433e-04 4.768371873070e-04 6.429735221900e-04 8.995508542284e-04 9.925466729328e-04 8.285909425467e-04 5.855761701241e-04 5.799073260278e-04 6.961766630411e-04 7.815242279321e-04 9.058013674803e-04 1.042507938109e-03 1.070414087735e-03
7.115010521375e-05 1.212064235006e-04 1.527998829260e-04 1.680624118308e-04 1.789605303202e-04 1.882009964902e-04 1.949919096660e-04 1.962911337614e-04 2.035373909166e-04 2.114424569299e-04 2.131367218681e-04 2.095912204823e-04 2.060580591206e-04 2.013675984927e-04 2.086253953166e-04 2.397144271526e-04 2.548040938564e-04 2.514379157219e-04 2.325510286028e-04 2.165621262975e-04 2.306601818418e-04 2.239739842480e-04 1.942033704836e-04 2.581062435638e-04 3.256234049331e-04 3.669494471978e-04 3.719142987393e-04 3.603266086429e-04 3.703827969730e-04 4.060672072228e-04 4.230214690324e-04 4.441601340659e-04 6.392812938429e-04 8.796064648777e-04 9.057364659384e-04 7.124716066755e-04 5.446393042803e-04 5.980296991765e-04 7.286897744052e-04 7.693906663917e-04 8.026282885112e-04 8.680171449669e-04 7.968926220201e-04
6.859448330943e-05 1.098940047086e-04 1.394078426529e-04 1.530026347609e-04 1.588367158547e-04 1.638709654799e-04 1.656711538089e-04 1.626526936889e-04 1.634287036723e-04 1.655314408708e-04 1.662967697484e-04 1.726433692966e-04 1.776624558261e-04 1.817404117901e-04 1.865926897153e-04 1.946155680344e-04 2.080922859022e-04 2.102842699969e-04 2.123269223375e-04 2.048657479463e-04 2.118058328051e-04 2.213877887698e-04 1.965420087799e-04 2.444832643960e-04 3.088735975325e-04 3.517610894050e-04 3.593345463742e-04 3.529208479449e-04 3.724609850906e-04 3.833556547761e-04 3.906427882612e-04 4.151603789069e-04 5.994048551656e-04 7.893308065832e-04 7.667817990296e-04 6.118043093011e-04 5.321611533873e-04 6.408639019355e-04 7.373815169558e-04 7.192773045972e-04 6.980623584241e-04 7.037154864520e-04 6.477844435722e-04
6.423696322599e-05 1.019829724100e-04 1.279639982386e-04 1.394668506691e-04 1.443745422876e-04 1.480126811657e-04 1.484183303546e-04 1.451880525565e-04 1.444966474082e-04 1.553929032525e-04 1.647854514886e-04 1.732590171741e-04 1.807573571568e-04 1.870615378721e-04 1.927857520059e-04 1.983350084629e-04 2.024391287705e-04 2.030957548413e-04 1.990811724681e-04 1.947343989741e-04 1.951500744326e-04 2.135619579349e-04 2.018818631768e-04 2.217876754003e-04 2.763288794085e-04 3.142499190290e-04 3.648370620795e-04 3.984053037129e-04 4.000178887509e-04 3.871339722537e-04 3.785564040300e-04 3.856629482470e-04 5.266545340419e-04 6.574111757800e-04 6.295844214037e-04 5.452735931613e-04 5.745409871452e-04 6.519028102048e-04 6.971305119805e-04 6.320614484139e-04 5.847155116498e-04 5.555708194152e-04 5.541597492993e-04
5.923091521254e-05 9.387598402100e-05 1.175993966172e-04 1.285736798309e-04 1.332006504526e-04 1.352003891952e-04 1.342068862868e-04 1.329331862507e-04 1.354538981104e-04 1.470705756219e-04 1.575430651428e-04 1.673648512224e-04 1.763902400853e-04 1.839564210968e-04 1.898285408970e-04 1.936527842190e-04 1.941563532455e-04 2.110174391419e-04 2.154271351174e-04 1.998712832574e-04 1.825028011808e-04 1.958940410987e-04 1.999107771553e-04 1.993323821807e-04 2.431215689285e-04 2.745419915300e-04 3.327876329422e-04 3.867842315231e-04 3.995964652859e-04 3.865300968755e-04 3.708808217198e-04 3.659457725007e-04 4.203171411064e-04 5.099509726278e-04 5.004967097193e-04 4.624750581570e-04 4.968270077370e-04 5.523688159883e-04 5.713141872548e-04 4.969668225385e-04 4.582244728226e-04 4.248423792887e-04 4.181027179584e-04
5.501109262696e-05 8.733010326978e-05 1.098420834751e-04 1.207664317917e-04 1.247592299478e-04 1.250066416105e-04 1.230109628523e-04 1.229942427017e-04 1.278199779335e-04 1.327163918177e-04 1.432297722204e-04 1.534143520985e-04 1.628466852708e-04 1.707951014396e-04 1.765537163010e-04 1.845336664701e-04 2.029172173934e-04 2.283868379891e-04 2.396275085630e-04 2.330963034183e-04 2.133090019925e-04 1.896978646982e-04 1.947393611772e-04 1.972297759494e-04 2.165679761674e-04 2.417759678792e-04 2.491443301551e-04 3.010068903677e-04 3.406422038097e-04 3.527363587637e-04 3.485276247375e-04 3.529665118549e-04 3.639239585027e-04 3.768055757973e-04 3.713826008607e-04 3.591261920519e-04 3.823418810498e-04 4.423115169629e-04 4.711855726782e-04 3.877021372318e-04 3.467499336693e-04 3.096606233157e-04 3.406758769415e-04
5.195259291213e-05 8.271738624899e-05 1.044468008331e-04 1.147983275587e-04 1.175471697934e-04 1.165992944152e-04 1.145850401372e-04 1.141026441474e-04 1.175838260679e-04 1.225580635946e-04 1.244943850907e-04 1.343778567389e-04 1.434687437722e-04 1.512656890554e-04 1.585202990100e-04 1.764543412719e-04 2.062795683742e-04 2.353503805352e-04 2.550451026764e-04 2.609526272863e-04 2.537634863984e-04 2.385828702245e-04 2.202953619417e-04 2.034640492639e-04 1.960941881407e-04 2.168329810956e-04 2.208038495155e-04 2.115089300787e-04 2.588848583400e-04 2.971426874865e-04 3.224347310606e-04 3.411328652874e-04 3.525648789946e-04 3.419260319788e-04 3.066346980631e-04 2.997523988597e-04 3.368969773874e-04 4.194419889245e-04 4.865922965109e-04 4.375046410132e-04 3.222585073672e-04 2.882446860895e-04 3.276681236457e-04
5.083361975267e-05 8.080693078227e-05 1.016515016090e-04 1.107823554776e-04 1.122086760006e-04 1.106142080971e-04 1.098569700844e-04 1.113286853069e-04 1.107466523536e-04 1.118863074225e-04 1.139657979365e-04 1.259592972929e-04 1.385569921695e-04 1.516243646620e-04 1.631815393921e-04 1.802954357117e-04 2.096367825288e-04 2.393480826868e-04 2.660697209649e-04 2.826054114848e-04 2.854050835595e-04 2.782876836136e-04 2.661982143763e-04 2.538704720791e-04 2.466362202540e-04 2.419980737614e-04 2.331422438147e-04 2.198732545367e-04 2.562862064224e-04 2.875470090657e-04 3.109133685939e-04 3.322393167764e-04 3.435492399149e-04 3.209363494534e-04 3.058546863031e-04 3.115517320111e-04 3.393369261175e-04 4.051183350384e-04 4.684290324803e-04 4.252510552760e-04 3.286983119324e-04 2.869578893296e-04 3.264703846071e-04
5.167194103706e-05 8.171088120434e-05 1.018650291371e-04 1.098491338780e-04 1.103007307393e-04 1.080630390788e-04 1.081396258087e-04 1.080543443095e-04 1.104283001041e-04 1.110254743253e-04 1.180015606224e-04 1.298718998441e-04 1.414796715835e-04 1.525306724943e-04 1.614615321159e-04 1.854826114140e-04 2.186887868447e-04 2.500836562831e-04 2.804211690091e-04 3.024173493031e-04 3.095748543274e-04 3.049372171517e-04 2.935893426184e-04 2.794856554829e-04 2.678876917344e-04 2.564217138570e-04 2.372553135501e-04 2.187044010498e-04 2.510430931579e-04 2.782638184726e-04 3.016382979695e-04 3.241774975322e-04 3.316810762044e-04 3.048366343137e-04 3.100488102064e-04 3.200106439181e-04 3.468982176855e-04 3.925649798475e-04 4.230489721522e-04 3.722558612935e-04 3.067138895858e-04 2.663662016857e-04 3.028841456398e-04
5.299153417582e-05 8.353855810128e-05 1.033701119013e-04 1.106760901166e-04 1.105563133024e-04 1.093766404665e-04 1.140088061220e-04 1.172426564153e-04 1.190847979160e-04 1.193778225570e-04 1.183387576020e-04 1.248099724762e-04 1.384909992339e-04 1.549565640744e-04 1.602751144674e-04 1.816346630221e-04 2.236358268419e-04 2.598571300041e-04 2.885734138545e-04 3.066669742111e-04 3.106900840066e-04 3.023248573299e-04 2.866622235160e-04 2.682898484636e-04 2.510569465812e-04 2.337264886592e-04 2.092782669934e-04 2.184568147641e-04 2.462371194270e-04 2.707591338549e-04 2.930838090833e-04 3.117116284557e-04 3.118395688944e-04 2.878973318730e-04 3.139352775179e-04 3.911554231308e-04 3.697690845001e-04 3.913168038707e-04 3.766583395191e-04 3.193385491613e-04 2.774274616968e-04 2.422531251796e-04 2.747825346887e-04
5.223888365435e-05 8.208413782995e-05 1.009727493511e-04 1.077152046491e-04 1.075503532775e-04 1.097956628655e-04 1.127847135649e-04 1.142456239904e-04 1.146289869212e-04 1.139537489507e-04 1.145957357949e-04 1.286548504140e-04 1.497454068158e-04 1.677211403148e-04 1.730906951707e-04 1.693170343060e-04 2.137213741662e-04 2.507284807507e-04 2.715960436035e-04 2.789716527332e-04 2.751045394689e-04 2.601908636279e-04 2.403089019936e-04 2.230490063084e-04 2.090508205583e-04 1.940185320564e-04 1.956881460501e-04 2.166576305171e-04 2.412112808088e-04 2.632515679579e-04 2.824727853294e-04 2.931327617262e-04 2.849647717085e-04 2.760351926554e-04 3.275510680396e-04 3.499591257423e-04 3.588993567973e-04 3.930422535632e-04 3.808411129285e-04 3.120855253655e-04 2.687856613193e-04 2.470495237503e-04 2.667380031198e-04
4.783505573869e-05 7.468368858099e-05 9.132338163909e-05 9.718050569063e-05 1.035284221871e-04 1.080135698430e-04 1.060692738974e-04 1.006199017866e-04 9.944764315151e-05 1.068323254003e-04 1.167021691799e-04 1.349623489659e-04 1.595707144588e-04 1.781931496225e-04 1.833943533711e-04 1.803159684641e-04 1.956083142431e-04 2.270728728035e-04 2.388356806478e-04 2.362425730098e-04 2.245233190479e-04 2.037405647570e-04 1.961130910786e-04 2.323036605958e-04 2.356881304877e-04 2.260484179715e-04 2.215356944362e-04 2.224374038633e-04 2.345114771742e-04 2.536869142205e-04 2.670730755199e-04 2.674967690837e-04 2.511903585400e-04 2.548870979808e-04 2.986283507198e-04 4.244209267199e-04 3.646727127489e-04 5.111893988214e-04 4.536642227322e-04 3.816039825324e-04 3.235002513975e-04 2.663469058461e-04 3.003547317348e-04
4.969174915459e-05 7.324651960516e-05 8.988461195258e-05 1.038951013470e-04 1.144521593233e-04 1.169408860733e-04 1.135488491855e-04 1.071662773029e-04 9.973115083994e-05 1.078076384147e-04 1.195332006318e-04 1.416593004251e-04 1.688743650448e-04 1.878333278000e-04 1.929521386046e-04 1.899164490169e-04 1.795536081772e-04 2.067815657938e-04 2.147233899450e-04 2.264612267027e-04 3.073587722611e-04 2.816493506543e-04 2.129170607077e-04 2.422781253699e-04 2.353074232815e-04 2.168688079109e-04 2.060397673631e-04 2.067847963190e-04 2.264700451633e-04 2.412565081613e-04 2.463937562425e-04 2.367398847127e-04 2.152031229343e-04 2.289316762472e-04 2.537969849072e-04 3.771370975301e-04 4.726146871690e-04 7.420182810165e-04 6.863725138828e-04 4.518970672507e-04 3.441480512265e-04 3.169728734065e-04 3.895261615980e-04
