100/SI/f96.grd
DSAA
101	101
32.816463539100	34.260883539100
35.556306596100	36.727886596100
4.893376626569e-06	8.200147747993e-01
[rows 57 to 75 of 101, columns 43 to 85 of 101]
3.417434636503e-03 4.061236046255e-03 2.079721773043e-03 2.305600326508e-03 2.280563581735e-03 3.656615735963e-03 4.102255217731e-03 5.519398022443e-03 4.822239279747e-03 2.629889640957e-03 1.837940770201e-03 1.542296377011e-03 1.130524557084e-03 2.008442068473e-03 8.480028249323e-03 2.844566479325e-02 6.232662498951e-02 5.916468054056e-02 8.701271563768e-02 2.880407869816e-02 8.312914520502e-03 6.370773073286e-03 1.147822663188e-02 2.115191891789e-02 3.618695214391e-02 3.282239660621e-02 3.572243452072e-02 2.890087850392e-02 3.747646883130e-02 3.472971171141e-02 3.665607795119e-02 2.732256799936e-02 2.826784737408e-02 3.973095864058e-02 2.468119747937e-02 1.551652885973e-02 1.809721998870e-02 2.532397583127e-02 3.174868598580e-02 2.297405153513e-02 9.581689722836e-03 8.462153375149e-03 8.178269490600e-03
2.727123443037e-03 4.729474429041e-03 1.680190092884e-03 1.785734784789e-03 1.768362475559e-03 2.655924530700e-03 5.137798376381e-03 1.649516820908e-02 1.311223488301e-02 2.834559883922e-03 1.694789854810e-03 1.167484326288e-03 8.983272709884e-04 8.883676491678e-04 1.767090987414e-03 1.697857864201e-02 1.985697820783e-02 2.049401588738e-02 1.668379269540e-02 1.686792448163e-02 1.229733321816e-02 9.339875541627e-03 7.206338457763e-03 4.379402380437e-03 1.131133548915e-02 2.245031483471e-02 3.925061970949e-02 4.003648832440e-02 4.370112717152e-02 2.392856962979e-02 3.158709779382e-02 2.879051864147e-02 2.468172833323e-02 2.172410860658e-02 2.207940258086e-02 1.653668284416e-02 1.625751331449e-02 1.955626159906e-02 1.920159347355e-02 1.757346466184e-02 1.822569966316e-02 1.910058408976e-02 1.786882802844e-02
2.282998524606e-03 2.200892195106e-03 1.527912449092e-03 1.623634248972e-03 1.650197780691e-03 2.415779978037e-03 7.301967591047e-03 2.052607573569e-02 1.915228739381e-02 4.265572410077e-03 1.762469648384e-03 9.992267005146e-04 7.077903137542e-04 6.431766087189e-04 6.602191133425e-04 8.243600605056e-04 1.127945142798e-03 1.536076539196e-03 1.985521521419e-03 2.466509351507e-03 2.904094522819e-03 3.403647569939e-03 2.293050289154e-03 2.305146539584e-03 5.531064700335e-03 2.571041695774e-02 4.427436739206e-02 5.035898089409e-02 4.839772731066e-02 4.879964143038e-02 3.204711526632e-02 2.778838761151e-02 2.355855703354e-02 2.149587869644e-02 3.016874007881e-02 2.601486630738e-02 2.159045264125e-02 1.352228410542e-02 1.448585744947e-02 1.216007210314e-02 1.073555368930e-02 1.009319256991e-02 8.812084794044e-03
2.104946877807e-03 1.893965760246e-03 1.477739773691e-03 1.644850475714e-03 1.866800594144e-03 2.451237291098e-03 2.006343565881e-02 1.928769238293e-02 2.335401624441e-02 3.277800278738e-03 1.545164268464e-03 9.625701350160e-04 6.410587811843e-04 5.205910420045e-04 4.970514564775e-04 5.238453159109e-04 6.402240251191e-04 8.434788323939e-04 1.203976920806e-03 1.413883408532e-03 1.615716144443e-03 3.238722914830e-03 1.666971947998e-03 1.536386553198e-03 4.705017432570e-03 1.045547984540e-02 3.738659992814e-02 4.174886271358e-02 4.419536516070e-02 4.723690822721e-02 3.946596384048e-02 3.046663105488e-02 2.120772749186e-02 2.714908495545e-02 1.886738464236e-02 1.660029403865e-02 1.376229804009e-02 1.137370802462e-02 1.068886555731e-02 1.053850632161e-02 1.112671755254e-02 1.583744212985e-02 2.200614102185e-02
1.782448845915e-03 1.387676224113e-03 1.451023155823e-03 1.744127599522e-03 2.718884265050e-03 4.433182533830e-03 1.341287419200e-02 3.000299446285e-02 1.149639766663e-02 1.823312370107e-03 1.123451511376e-03 8.197685237974e-04 5.848047439940e-04 4.387819208205e-04 4.016891180072e-04 4.020253254566e-04 4.374764685053e-04 5.860418896191e-04 8.071307674982e-04 9.231661097147e-04 9.560445323586e-04 1.981828594580e-03 1.186382141896e-03 1.296892995015e-03 2.885906724259e-03 9.821755811572e-03 2.657678164542e-02 3.602083399892e-02 3.754872083664e-02 2.868026494980e-02 2.201764658093e-02 3.152536973357e-02 2.156200818717e-02 1.517412438989e-02 1.686224155128e-02 2.141550555825e-02 1.937969774008e-02 1.364172715694e-02 1.272968482226e-02 1.239925716072e-02 1.201547030360e-02 1.341771706939e-02 1.656533591449e-02
1.292456407100e-03 1.065532560460e-03 1.332350075245e-03 3.104737726972e-03 7.285639643669e-03 1.672578044236e-02 2.417515590787e-02 1.518699899316e-02 1.618029782549e-03 1.104777795263e-03 7.951210136525e-04 6.558318273164e-04 5.119221750647e-04 4.179180541541e-04 3.679516958073e-04 3.831083013210e-04 4.006062808912e-04 4.844288632739e-04 6.992838461883e-04 8.604209870100e-04 9.139878093265e-04 9.652215521783e-04 9.697049972601e-04 1.445777714252e-03 3.505173372105e-03 9.162110276520e-03 1.124048512429e-02 1.122912298888e-02 2.176132053137e-02 2.519478090107e-02 2.956912666559e-02 1.882463321090e-02 2.432484179735e-02 1.788932085037e-02 2.010075375438e-02 2.366555295885e-02 4.727404937148e-02 2.982435002923e-02 1.755110919476e-02 1.431557442993e-02 1.472153142095e-02 1.446133106947e-02 1.396396383643e-02
8.336864993908e-04 8.719915058464e-04 1.102646812797e-03 1.393025275320e-03 3.099292283878e-03 1.904302090406e-02 1.230602525175e-02 1.645631622523e-03 9.613076108508e-04 8.487679297104e-04 7.121392409317e-04 6.015404942445e-04 4.717387200799e-04 4.019708721898e-04 3.581107011996e-04 3.946938377339e-04 4.083977837581e-04 3.981141780969e-04 5.747996619903e-04 7.335983100347e-04 8.289602701552e-04 8.244564523920e-04 1.030048588291e-03 1.670228550211e-03 5.202074535191e-03 1.031921897084e-02 6.121622864157e-03 8.043193258345e-03 7.502051535994e-03 3.859620168805e-02 5.610386282206e-02 3.043810650706e-02 1.668956503272e-02 2.283968403935e-02 9.044944308698e-03 9.515627287328e-03 3.519747033715e-02 1.693089306355e-02 1.378155313432e-02 1.055002026260e-02 1.083778496832e-02 1.208213064820e-02 1.301646977663e-02
6.990332622081e-04 7.609097519889e-04 8.923575514928e-04 1.128713251092e-03 1.272600842640e-03 1.773475785740e-03 1.960662659258e-03 1.337322639301e-03 6.977888406254e-04 7.200316176750e-04 6.308215670288e-04 5.777666228823e-04 4.727040941361e-04 3.826484607998e-04 3.910042578354e-04 3.984536742792e-04 4.257070540916e-04 4.217108071316e-04 4.839030734729e-04 6.214388413355e-04 7.387330988422e-04 7.849623216316e-04 8.249280508608e-04 1.371275982819e-03 3.845357336104e-03 2.377468626946e-03 2.303927205503e-03 3.757902653888e-03 8.537341840565e-03 1.688920147717e-02 1.770565100014e-02 2.235629223287e-02 3.553526103497e-02 1.910757645965e-02 1.821050979197e-02 1.415191311389e-02 1.446078903973e-02 1.225200574845e-02 6.526726298034e-03 8.147164247930e-03 7.955857552588e-03 8.561916649342e-03 1.077428460121e-02
5.499663529918e-04 6.194771267474e-04 7.385182543658e-04 9.057671995834e-04 9.734546183608e-04 1.082190778106e-03 1.144473906606e-03 7.170289172791e-04 6.109116948210e-04 6.364963483065e-04 5.931299529038e-04 5.140646826476e-04 4.297395644244e-04 3.857633855660e-04 3.815938835032e-04 4.369855450932e-04 4.281591682229e-04 3.680077206809e-04 4.274843959138e-04 5.426423740573e-04 6.423158338293e-04 7.511677686125e-04 1.060511800461e-03 1.112006022595e-03 1.129547483288e-03 1.575952628627e-03 1.531117828563e-03 3.756933612749e-03 5.265229381621e-03 7.072848733515e-03 1.469656638801e-02 2.565182931721e-02 1.911816187203e-02 3.481842949986e-02 2.230396308005e-02 1.254178863019e-02 1.043742522597e-02 9.472871199250e-03 1.136798784137e-02 1.070375461131e-02 1.334191299975e-02 1.310196425766e-02 1.524903252721e-02
5.075060180388e-04 5.020668031648e-04 5.650183884427e-04 6.409163470380e-04 6.907110800967e-04 6.794553482905e-04 6.493129767478e-04 6.270762532949e-04 6.782897398807e-04 6.701582460664e-04 6.240044021979e-04 5.435767234303e-04 4.446578677744e-04 3.952808037866e-04 3.571087145247e-04 3.490461385809e-04 3.934188280255e-04 3.987789677922e-04 4.047682741657e-04 4.885161761194e-04 5.657376605086e-04 6.651580333710e-04 1.018465380184e-03 1.147281727754e-03 1.236524316482e-03 2.565743867308e-03 3.526060609147e-03 4.528401885182e-03 6.349804345518e-03 6.874314509332e-03 1.499785110354e-02 2.842448465526e-02 1.346157211810e-02 1.436800323427e-02 2.539960294962e-02 2.151574380696e-02 1.495141722262e-02 1.272026728839e-02 1.584700495005e-02 8.166518062353e-03 1.084415335208e-02 1.308901514858e-02 1.562346518040e-02
4.170483152848e-04 4.723161691800e-04 4.959438811056e-04 5.003305268474e-04 5.603451863863e-04 6.057687569410e-04 6.524940254167e-04 5.791063886136e-04 5.567225161940e-04 5.741252680309e-04 6.163662765175e-04 6.132367416285e-04 5.278587923385e-04 4.491576110013e-04 4.256851389073e-04 3.857258125208e-04 3.322630655020e-04 3.677007334772e-04 4.163924313616e-04 4.603142442647e-04 5.054163630120e-04 5.820560036227e-04 8.665792411193e-04 8.460069075227e-04 9.436522959732e-04 2.318967832252e-03 4.954279400408e-03 6.685353349894e-03 9.398390538990e-03 4.937762860209e-03 1.456883456558e-02 7.291314192116e-03 7.817405276000e-03 9.064633399248e-03 1.450402941555e-02 1.587070897222e-02 2.047237940133e-02 1.866903901100e-02 1.386883854866e-02 1.184680406004e-02 9.097746573389e-03 9.788503870368e-03 7.845331914723e-03
4.078823840246e-04 4.509742720984e-04 4.487113037612e-04 4.558492219076e-04 4.871367709711e-04 5.441317334771e-04 5.889073363505e-04 5.260640173219e-04 4.135930794291e-04 4.417390737217e-04 4.794656997547e-04 5.598478601314e-04 5.812531453557e-04 4.832092963625e-04 4.570952733047e-04 5.548347835429e-04 4.919313942082e-04 3.988036769442e-04 4.342464671936e-04 4.521421797108e-04 5.515774246305e-04 6.121513433754e-04 6.799008697271e-04 8.423434919678e-04 9.778640232980e-04 1.692881225608e-03 3.560926299542e-03 4.247933160514e-03 5.830729380250e-03 3.303607692942e-03 7.032303605229e-03 5.420198198408e-03 8.986868895590e-03 5.485845729709e-03 1.084432937205e-02 8.069617673755e-03 1.277482323349e-02 1.569369249046e-02 1.397745311260e-02 1.887076720595e-02 1.717934198678e-02 1.374656427652e-02 1.210421137512e-02
3.926272038370e-04 4.244229930919e-04 4.081277584191e-04 4.147975705564e-04 4.166362923570e-04 4.076516488567e-04 4.515366745181e-04 4.269209748600e-04 5.108728073537e-04 5.530971684493e-04 5.021860124543e-04 5.049459869042e-04 5.552145885304e-04 5.780824576505e-04 5.324030644260e-04 6.874740938656e-04 6.121069891378e-04 4.670862108469e-04 4.693776718341e-04 4.664063162636e-04 5.358428461477e-04 5.810783477500e-04 6.533584091812e-04 8.686826331541e-04 1.021313015372e-03 1.516016898677e-03 2.277669962496e-03 2.631912939250e-03 2.823567716405e-03 3.569579683244e-03 6.021918263286e-03 9.209018200636e-03 6.183171644807e-03 1.465748343617e-02 5.158451851457e-03 6.735859438777e-03 1.366860419512e-02 1.915092766285e-02 9.383145719767e-03 1.060390379280e-02 6.796485744417e-03 1.273981761187e-02 1.125010102987e-02
3.500962920953e-04 3.782525309362e-04 3.636619367171e-04 3.568785323296e-04 3.312972839922e-04 3.355231601745e-04 3.540276666172e-04 4.695616953541e-04 5.834875046276e-04 5.996481631882e-04 5.243823979981e-04 5.761283100583e-04 6.407882319763e-04 6.232067826204e-04 6.187439430505e-04 6.431223591790e-04 6.917782593518e-04 8.087754831649e-04 7.246073218994e-04 6.508263759315e-04 6.673773168586e-04 7.191660115495e-04 8.590020006523e-04 8.830350707285e-04 1.063408446498e-03 1.307251979597e-03 2.141713164747e-03 2.144102007151e-03 3.900597803295e-03 7.870434783399e-03 9.755942039192e-03 4.940461367369e-03 4.960126243532e-03 1.488461066037e-02 7.904618047178e-03 9.734058752656e-03 8.642159402370e-03 1.118156779557e-02 8.164017461240e-03 3.135230159387e-03 2.985909814015e-03 4.030539654195e-03 7.958107627928e-03
3.224475076422e-04 3.228206187487e-04 3.202052030247e-04 3.157583705615e-04 3.243135288358e-04 3.432222292759e-04 3.646172699519e-04 4.378261801321e-04 4.910189891234e-04 4.660630365834e-04 5.503846914507e-04 5.921645206399e-04 5.747444811277e-04 6.039775325917e-04 8.246051729657e-04 1.147559378296e-03 1.301478245296e-03 1.648334437050e-03 1.643977593631e-03 1.772076939233e-03 1.263692858629e-03 1.204011030495e-03 1.395701663569e-03 1.168869668618e-03 1.333554042503e-03 1.843045698479e-03 5.517278332263e-03 5.148889962584e-03 5.053154658526e-03 6.800178904086e-03 3.773341421038e-03 3.976276144385e-03 5.319247953594e-03 3.068216610700e-03 1.652534492314e-02 2.296644821763e-02 2.049654349685e-02 4.765687976032e-03 2.257805084810e-03 1.868985360488e-03 1.826567691751e-03 2.158470917493e-03 2.275323029608e-03
2.996151451953e-04 3.108106902801e-04 2.987351326738e-04 3.215426404495e-04 3.455033001956e-04 3.953487903345e-04 3.954886342399e-04 4.574217309710e-04 5.012034089305e-04 5.833413451910e-04 6.059317383915e-04 7.191964541562e-04 7.534664473496e-04 6.964412750676e-04 1.701430766843e-03 6.106162909418e-03 4.826309159398e-03 2.838349202648e-03 3.189561888576e-03 3.974903374910e-03 2.938863122836e-03 1.544808736071e-03 1.797108212486e-03 2.250806195661e-03 2.186076948419e-03 4.080986604095e-03 5.736933089793e-03 5.070703104138e-03 4.144733306020e-03 3.735462902114e-03 4.240493290126e-03 3.950679209083e-03 2.994961338118e-03 2.503021620214e-03 4.237945191562e-03 1.943182572722e-02 2.023574151099e-02 4.174843896180e-03 1.491315895692e-03 1.519466750324e-03 1.371662481688e-03 1.318085589446e-03 2.162812976167e-03
3.003533638548e-04 3.235915501136e-04 4.087095148861e-04 4.567574651446e-04 4.190278123133e-04 6.944195483811e-04 8.163251332007e-04 8.310998091474e-04 7.048289407976e-04 6.901154993102e-04 7.588611915708e-04 9.534817072563e-04 9.500283631496e-04 3.512080293149e-03 2.485833503306e-02 3.134184330702e-02 1.464142743498e-02 8.247748948634e-03 6.599838845432e-03 5.160368978977e-03 2.470423001796e-03 2.453475957736e-03 5.344717763364e-03 1.139992289245e-02 9.349800646305e-03 4.985237959772e-03 5.828060675412e-03 4.740819800645e-03 5.024410318583e-03 3.466017311439e-03 8.587257005274e-03 3.438689047471e-03 2.646961249411e-03 1.872559660114e-03 1.249433727935e-03 4.007732495666e-03 4.421224351972e-03 1.082717324607e-03 7.313474779949e-04 8.607139461674e-04 1.064264331944e-03 1.189920352772e-03 1.112839556299e-03
3.673523897305e-04 5.776346661150e-04 7.872079731897e-04 8.553179795854e-04 1.103473827243e-03 1.466873218305e-03 1.441105618142e-03 1.271113636903e-03 1.092753023840e-03 8.426904678345e-04 1.024082535878e-03 1.132001401857e-03 6.294856313616e-03 3.475498408079e-02 4.759667068720e-02 1.662027090788e-02 5.186135880649e-03 3.175120102242e-03 3.245684783906e-03 2.838912652805e-03 2.717555034906e-03 6.181813776493e-03 1.218494214118e-02 1.617801375687e-02 1.301353238523e-02 6.690266542137e-03 4.623574204743e-03 3.386539174244e-03 3.076129360124e-03 2.733787987381e-03 3.689551958814e-03 1.696458086371e-03 1.920171082020e-03 1.557216863148e-03 9.789413306862e-04 5.808827118017e-04 4.805484204553e-04 4.683140432462e-04 4.915014142171e-04 6.122504128143e-04 8.221802418120e-04 1.039991620928e-03 1.064157229848e-03
6.081135361455e-04 9.088704246096e-04 1.206982764415e-03 1.634207437746e-03 3.162592649460e-03 3.117135260254e-03 4.356408026069e-03 3.192936303094e-03 3.630857449025e-03 2.157230162993e-03 1.200946280733e-03 8.199054747820e-03 3.305937722325e-02 3.293731808662e-02 8.626499213278e-03 2.573452889919e-03 4.775746725500e-03 6.308712996542e-03 4.465308971703e-03 5.188160575926e-03 6.272118538618e-03 6.314492318779e-03 9.211060591042e-03 7.529334165156e-03 5.086961202323e-03 3.969377372414e-03 2.474806038663e-03 9.585633524694e-04 9.909191867337e-04 9.743202826940e-04 1.248393091373e-03 9.136662702076e-04 8.059090469033e-04 5.575137329288e-04 5.702181952074e-04 5.810100701638e-04 5.999354762025e-04 6.299890810624e-04 6.702729733661e-04 7.221666746773e-04 7.305442704819e-04 8.727140957490e-04 1.108101336285e-03
