100/SI/f98_max.grd
DSAA
101	101
32.816463539100	34.260883539100
35.556306596100	36.727886596100
5.085004431749e-06	8.539572954178e-01
[rows 57 to 75 of 101, columns 43 to 85 of 101]
3.555210074410e-03 4.223322961479e-03 2.164884936064e-03 2.399487188086e-03 2.373574301600e-03 3.804140724242e-03 4.265753552318e-03 5.738331936300e-03 5.013436544687e-03 2.734444569796e-03 1.912475330755e-03 1.604581717402e-03 1.175334327854e-03 2.087952103466e-03 8.828500285745e-03 2.961136400700e-02 6.481131911278e-02 6.155478581786e-02 9.062506258488e-02 2.995908260345e-02 8.646611124277e-03 6.626632064581e-03 1.193378027529e-02 2.201636508107e-02 3.766323626041e-02 3.416134044528e-02 3.717966005206e-02 3.005746752024e-02 3.896065801382e-02 3.612566739321e-02 3.812836855650e-02 2.841963060200e-02 2.938673086464e-02 4.130904003978e-02 2.566237375140e-02 1.613479852676e-02 1.881634816527e-02 2.632195688784e-02 3.300043195486e-02 2.388015016913e-02 9.959361515939e-03 8.801902644336e-03 8.506158366799e-03
2.836704719812e-03 4.927060566843e-03 1.748794573359e-03 1.858088886365e-03 1.840085722506e-03 2.763546537608e-03 5.339129362255e-03 1.714050769806e-02 1.362480130047e-02 2.946896478534e-03 1.763223437592e-03 1.214199466631e-03 9.349856991321e-04 9.244767716154e-04 1.839673495851e-03 1.767669618130e-02 2.066909149289e-02 2.131858281791e-02 1.735323853791e-02 1.754443161190e-02 1.279378123581e-02 9.716319851577e-03 7.496578618884e-03 4.556351341307e-03 1.176969800144e-02 2.335643395782e-02 4.084205254912e-02 4.165248945355e-02 4.547448828816e-02 2.488612756133e-02 3.285508602858e-02 2.994453907013e-02 2.567083016038e-02 2.259451523423e-02 2.296309359372e-02 1.719061657786e-02 1.690506376326e-02 2.033313922584e-02 1.996122673154e-02 1.826574839652e-02 1.894186809659e-02 1.985035464168e-02 1.856971904635e-02
2.375264652073e-03 2.290033502504e-03 1.590069732629e-03 1.689171651378e-03 1.716862665489e-03 2.513370476663e-03 7.588868029416e-03 2.140877023339e-02 1.994100771844e-02 4.441126249731e-03 1.833767513745e-03 1.039451337419e-03 7.362707401626e-04 6.693149916828e-04 6.869772914797e-04 8.575812098570e-04 1.172639778815e-03 1.596856978722e-03 2.063327701762e-03 2.564141293988e-03 3.019005293027e-03 3.538325196132e-03 2.385134575889e-03 2.397696953267e-03 5.755044054240e-03 2.674986980855e-02 4.606185108423e-02 5.240195989609e-02 5.036878213286e-02 5.077905580401e-02 3.333015367389e-02 2.890211343765e-02 2.449864894152e-02 2.235830947757e-02 3.137647360563e-02 2.705806866288e-02 2.245796285570e-02 1.406635623425e-02 1.506299246103e-02 1.264294330031e-02 1.116292551160e-02 1.048976834863e-02 9.157631546259e-03
2.190023194999e-03 1.970586134121e-03 1.537674688734e-03 1.711061224341e-03 1.941911992617e-03 2.549988450482e-03 2.103579975665e-02 2.007553540170e-02 2.429489046335e-02 3.410378238186e-03 1.607613987289e-03 1.001367578283e-03 6.671218434349e-04 5.418086075224e-04 5.172155797482e-04 5.449792370200e-04 6.659087375738e-04 8.773247245699e-04 1.251136534847e-03 1.470820745453e-03 1.679945504293e-03 3.367062658072e-03 1.733141019940e-03 1.597291673534e-03 4.894424229860e-03 1.086711511016e-02 3.887679800391e-02 4.344022274017e-02 4.596727713943e-02 4.913252592087e-02 4.106584936380e-02 3.168648481369e-02 2.206121757627e-02 2.823486737907e-02 1.962084695697e-02 1.726263202727e-02 1.431084610522e-02 1.182644162327e-02 1.111373398453e-02 1.095927413553e-02 1.156593952328e-02 1.646645925939e-02 2.287730202079e-02
1.854408532381e-03 1.443711225875e-03 1.509725465439e-03 1.814166782424e-03 2.826486947015e-03 4.608479328454e-03 1.394275948405e-02 3.121612966061e-02 1.195694506168e-02 1.896582543850e-03 1.168667338789e-03 8.527797181159e-04 6.085315835662e-04 4.565325798467e-04 4.179690731689e-04 4.182455304544e-04 4.550245357677e-04 6.097293808125e-04 8.397987112403e-04 9.605459054001e-04 9.943591430783e-04 2.060357481241e-03 1.233400194906e-03 1.349505386315e-03 2.999986987561e-03 1.021588128060e-02 2.764249965549e-02 3.745294362307e-02 3.906171768904e-02 2.984235621989e-02 2.288500778377e-02 3.278651088476e-02 2.242516726255e-02 1.577764935791e-02 1.753502152860e-02 2.227879688144e-02 2.016013301909e-02 1.418473850936e-02 1.323544885963e-02 1.289105322212e-02 1.249148882926e-02 1.395769789815e-02 1.722101494670e-02
1.344492076896e-03 1.108550583012e-03 1.386144082062e-03 3.226158907637e-03 7.584115024656e-03 1.740419305861e-02 2.514202147722e-02 1.579309441149e-02 1.682996284217e-03 1.148985931650e-03 8.273074636236e-04 6.824662559666e-04 5.326750106178e-04 4.348027869128e-04 3.828442713711e-04 3.985584189650e-04 4.166884173173e-04 5.039437673986e-04 7.274896488525e-04 8.951462223195e-04 9.508788934909e-04 1.003811252303e-03 1.008444116451e-03 1.502997009084e-03 3.643977222964e-03 9.524717926979e-03 1.168406195939e-02 1.167494431138e-02 2.263814955950e-02 2.620073221624e-02 3.076451644301e-02 1.957305707037e-02 2.528904005885e-02 1.860540360212e-02 2.091885544360e-02 2.461346052587e-02 4.916787520051e-02 3.101949021220e-02 1.825404912233e-02 1.488326024264e-02 1.530458219349e-02 1.503335591406e-02 1.451572868973e-02
8.671519462951e-04 9.070797823370e-04 1.147079630755e-03 1.449161558412e-03 3.224357729778e-03 1.980590634048e-02 1.279522571713e-02 1.711888588034e-03 9.997739689425e-04 8.830979350023e-04 7.409223471768e-04 6.257792701945e-04 4.908256814815e-04 4.181961994618e-04 3.725808928721e-04 4.105908155907e-04 4.245245072525e-04 4.138192743994e-04 5.979187553748e-04 7.631139014848e-04 8.623124449514e-04 8.576154359616e-04 1.071141101420e-03 1.736324978992e-03 5.408253520727e-03 1.072829309851e-02 6.363577209413e-03 8.369357325137e-03 7.807201240212e-03 4.013368114829e-02 5.833187699318e-02 3.166587278247e-02 1.735273748636e-02 2.375273965299e-02 9.408759884536e-03 9.898135438561e-03 3.659560158849e-02 1.760223694146e-02 1.432596333325e-02 1.096811238676e-02 1.126672700047e-02 1.255978271365e-02 1.353048067540e-02
7.269639172591e-04 7.914116140455e-04 9.282231330872e-04 1.174097997136e-03 1.323034404777e-03 1.844435115345e-03 2.039070241153e-03 1.390869729221e-03 7.259431295097e-04 7.490711286664e-04 6.562216440216e-04 6.010201759636e-04 4.916711477563e-04 3.980567853432e-04 4.067492263857e-04 4.144678823650e-04 4.427700187080e-04 4.383213818073e-04 5.033320048824e-04 6.463817553595e-04 7.682993309572e-04 8.163192542270e-04 8.574101375416e-04 1.425510155968e-03 3.997568506747e-03 2.471381565556e-03 2.396494615823e-03 3.906858619303e-03 8.882239460945e-03 1.756770722568e-02 1.841790601611e-02 2.325074374676e-02 3.694021701813e-02 1.986812427640e-02 1.893620379269e-02 1.472190767527e-02 1.503379456699e-02 1.273749675602e-02 6.786737125367e-03 8.472211658955e-03 8.272904902697e-03 8.899920620024e-03 1.120048481971e-02
5.720964982174e-04 6.442316225730e-04 7.681108545512e-04 9.420911665075e-04 1.012453227304e-03 1.125458395109e-03 1.190145616420e-03 7.457963656634e-04 6.353734061122e-04 6.621062639169e-04 6.169685511850e-04 5.346912657842e-04 4.470252897590e-04 4.012712161057e-04 3.969373647124e-04 4.545290139504e-04 4.450758860912e-04 3.825312596746e-04 4.446287930477e-04 5.643833428621e-04 6.680249935016e-04 7.811362156644e-04 1.102425623685e-03 1.156230573542e-03 1.174559351057e-03 1.638690475374e-03 1.591906766407e-03 3.905500518158e-03 5.476537626237e-03 7.354758679867e-03 1.528434455395e-02 2.665830217302e-02 1.988334208727e-02 3.619384765625e-02 2.319437824190e-02 1.304066739976e-02 1.085495017469e-02 9.851469658315e-03 1.181925274432e-02 1.112920790911e-02 1.387255266309e-02 1.361972838640e-02 1.585307531059e-02
5.279019242153e-04 5.219841259532e-04 5.874452181160e-04 6.665391265415e-04 7.183097768575e-04 7.063905941322e-04 6.749856984243e-04 6.521493196487e-04 7.053681183606e-04 6.968547822908e-04 6.488094222732e-04 5.651513929479e-04 4.622932174243e-04 4.111431480851e-04 3.713965124916e-04 3.628628328443e-04 4.089661815669e-04 4.145167768002e-04 4.209855687805e-04 5.080575356260e-04 5.883324192837e-04 6.918670260347e-04 1.058520632796e-03 1.192834926769e-03 1.285521895625e-03 2.667797729373e-03 3.665978554636e-03 4.708014894277e-03 6.601129192859e-03 7.148967590183e-03 1.558853499591e-02 2.954084426165e-02 1.399360969663e-02 1.493928395212e-02 2.640209905803e-02 2.236661501229e-02 1.555043552071e-02 1.323086488992e-02 1.647408306599e-02 8.490511216223e-03 1.127571891993e-02 1.360132731497e-02 1.623471826315e-02
4.338222206570e-04 4.910332500003e-04 5.156021215953e-04 5.201450549066e-04 5.825337721035e-04 6.300259847194e-04 6.786036537960e-04 6.022604648024e-04 5.789402057417e-04 5.969906342216e-04 6.408500485122e-04 6.375531083904e-04 5.487757152878e-04 4.672307404689e-04 4.427911189850e-04 4.014359146822e-04 3.457857528701e-04 3.824304149020e-04 4.330594674684e-04 4.787007928826e-04 5.255619762465e-04 6.053891847841e-04 9.005950414576e-04 8.790933061391e-04 9.817256359383e-04 2.410858636722e-03 5.150259472430e-03 6.950175389647e-03 9.770018979907e-03 5.132815800607e-03 1.514402311295e-02 7.579129189253e-03 8.125360123813e-03 9.425530210137e-03 1.508747972548e-02 1.650818809867e-02 2.127980999649e-02 1.940630748868e-02 1.442055869848e-02 1.231613941491e-02 9.461457841098e-03 1.017830614001e-02 8.152910508215e-03
4.240105045028e-04 4.688198678195e-04 4.664713633247e-04 4.738852730952e-04 5.064074066468e-04 5.658856243826e-04 6.124466890469e-04 5.470877513289e-04 4.301571461838e-04 4.593460762408e-04 4.986135172658e-04 5.820370861329e-04 6.042651948519e-04 5.023362464271e-04 4.754443070851e-04 5.773755838163e-04 5.119112902321e-04 4.147561849095e-04 4.516004410107e-04 4.701732250396e-04 5.736491875723e-04 6.366136367433e-04 7.065410027280e-04 8.756932220422e-04 1.016645110212e-03 1.759980688803e-03 3.701332258061e-03 4.416304640472e-03 6.061366759241e-03 3.434213809669e-03 7.310574408621e-03 5.642091389745e-03 9.352729655802e-03 5.704826675355e-03 1.127986703068e-02 8.390343748033e-03 1.328040193766e-02 1.631755009294e-02 1.452804636210e-02 1.961482316256e-02 1.785744167864e-02 1.428934186697e-02 1.258823461831e-02
4.081317456439e-04 4.411934642121e-04 4.242579743732e-04 4.311983357184e-04 4.331055388320e-04 4.239240079187e-04 4.695620737039e-04 4.439681943040e-04 5.313530564308e-04 5.752962315455e-04 5.222637555562e-04 5.250262911431e-04 5.771687719971e-04 6.009189528413e-04 5.539903650060e-04 7.153399055824e-04 6.369191687554e-04 4.858289903495e-04 4.881289787591e-04 4.850708064623e-04 5.572533118539e-04 6.042603054084e-04 6.791201303713e-04 9.030615328811e-04 1.061797258444e-03 1.575732720084e-03 2.367273904383e-03 2.736986847594e-03 2.934990683571e-03 3.710719291121e-03 6.269600242376e-03 9.585594758391e-03 6.431318819523e-03 1.523529551923e-02 5.366085097194e-03 7.005925290287e-03 1.420960575342e-02 1.991144195199e-02 9.754792787135e-03 1.102343481034e-02 7.070552557707e-03 1.324723754078e-02 1.169839780778e-02
3.639047790784e-04 3.931801475119e-04 3.780177503359e-04 3.709788143169e-04 3.443809109740e-04 3.487668000162e-04 3.679873188958e-04 4.883572109975e-04 6.068781949580e-04 6.236972403713e-04 5.453547346406e-04 5.990045028739e-04 6.662334199063e-04 6.477594724856e-04 6.431073998101e-04 6.685515982099e-04 7.196330698207e-04 8.411039016210e-04 7.534744217992e-04 6.767606828362e-04 6.937441648915e-04 7.478814222850e-04 8.932527271099e-04 9.179008775391e-04 1.105622155592e-03 1.359110930935e-03 2.224189462140e-03 2.229629317299e-03 4.062733612955e-03 8.195891976357e-03 1.015711948276e-02 5.137233063579e-03 5.158132407814e-03 1.546950638294e-02 8.218640461564e-03 1.012166682631e-02 8.987439796329e-03 1.162496861070e-02 8.487399667501e-03 3.260376863182e-03 3.105124458671e-03 4.191188141704e-03 8.274173364043e-03
3.352310450282e-04 3.356279048603e-04 3.328369057272e-04 3.282210091129e-04 3.371190687176e-04 3.567721578293e-04 3.789987822529e-04 4.553367034532e-04 5.106586031616e-04 4.845031071454e-04 5.723962094635e-04 6.158524774946e-04 5.977092660032e-04 6.281162495725e-04 8.572534425184e-04 1.193069270812e-03 1.353195868433e-03 1.713830395602e-03 1.709339790978e-03 1.842607860453e-03 1.313852379099e-03 1.251950277947e-03 1.451198128052e-03 1.215351745486e-03 1.386282499880e-03 1.915897359140e-03 5.733910482377e-03 5.351069383323e-03 5.263103637844e-03 7.081718184054e-03 3.923228010535e-03 4.133806098253e-03 5.527747329324e-03 3.191439900547e-03 1.717832125723e-02 2.387147024274e-02 2.130261994898e-02 4.954545293003e-03 2.347564557567e-03 1.943571376614e-03 1.899355207570e-03 2.244380535558e-03 2.365309046581e-03
3.114903811365e-04 3.231361915823e-04 3.105186624452e-04 3.342354029883e-04 3.593294823077e-04 4.111716989428e-04 4.113154136576e-04 4.757007700391e-04 5.212654359639e-04 6.064284825698e-04 6.301630637608e-04 7.479701889679e-04 7.835798896849e-04 7.241913699545e-04 1.772023388185e-03 6.359506864101e-03 5.026580765843e-03 2.951086498797e-03 3.315680660307e-03 4.132510162890e-03 3.055365290493e-03 1.606250996701e-03 1.868497347459e-03 2.340080216527e-03 2.272452227771e-03 4.243140574545e-03 5.964850541204e-03 5.270030815154e-03 4.308932926506e-03 3.882969031110e-03 4.408197477460e-03 4.105460364372e-03 3.114118706435e-03 2.603322500363e-03 4.406504798681e-03 2.020006068051e-02 2.103404328227e-02 4.339527338743e-03 1.550687244162e-03 1.579951960593e-03 1.426807371899e-03 1.371063059196e-03 2.249046228826e-03
3.122624184471e-04 3.364269214217e-04 4.248088225722e-04 4.747519560624e-04 4.355219716672e-04 7.217443780974e-04 8.484392892569e-04 8.639555890113e-04 7.330060470849e-04 7.174224010669e-04 7.892134017311e-04 9.916236158460e-04 9.879579301924e-04 3.655831329525e-03 2.587995491922e-02 3.263343125582e-02 1.524634845555e-02 8.573288097978e-03 6.860379595309e-03 5.363589152694e-03 2.567885676399e-03 2.550772391260e-03 5.556324962527e-03 1.185096055269e-02 9.719967842102e-03 5.182653665543e-03 6.059337407351e-03 4.927593283355e-03 5.223270971328e-03 3.602190408856e-03 8.925464935601e-03 3.574021859095e-03 2.752046100795e-03 1.947015989572e-03 1.300047733821e-03 4.166524391621e-03 4.596041515470e-03 1.125555718318e-03 7.607073057443e-04 8.952748030424e-04 1.106989919208e-03 1.237691845745e-03 1.157522085123e-03
3.818008699454e-04 6.003607413732e-04 8.181675220840e-04 8.889428572729e-04 1.146874856204e-03 1.524561550468e-03 1.497777993791e-03 1.321097020991e-03 1.135714817792e-03 8.758184849285e-04 1.065030111931e-03 1.177212456241e-03 6.550727412105e-03 3.617222234607e-02 4.954349249601e-02 1.730160787702e-02 5.389933008701e-03 3.299573436379e-03 3.374308347702e-03 2.951142378151e-03 2.825758885592e-03 6.426286417991e-03 1.266659796238e-02 1.681761629879e-02 1.352789811790e-02 6.954194512218e-03 4.806800745428e-03 3.519624937326e-03 3.197935875505e-03 2.841670531780e-03 3.834634786472e-03 1.763628213666e-03 1.996152568609e-03 1.618871232495e-03 1.017741975375e-03 6.039363215677e-04 4.998513613828e-04 4.870869452134e-04 5.111841019243e-04 6.367900059558e-04 8.551469072700e-04 1.081706373952e-03 1.106851384975e-03
6.320245447569e-04 9.445774485357e-04 1.254362403415e-03 1.700010965578e-03 3.290031105280e-03 3.240455873311e-03 4.528477787971e-03 3.326219739392e-03 3.782575484365e-03 2.247413853183e-03 1.249848282896e-03 8.531001396477e-03 3.440103307366e-02 3.427645936608e-02 8.977741003036e-03 2.673568902537e-03 4.962862469256e-03 6.555973086506e-03 4.639750812203e-03 5.391092505306e-03 6.517880130559e-03 6.562436930835e-03 9.575177915394e-03 7.827059365809e-03 5.287780892104e-03 4.126512445509e-03 2.572759054601e-03 9.962506592274e-04 1.030293409713e-03 1.012814929709e-03 1.297777052969e-03 9.498569997959e-04 8.378369384445e-04 5.795916658826e-04 5.928370519541e-04 6.040885928087e-04 6.237869383767e-04 6.550546968356e-04 6.969575188123e-04 7.509363931604e-04 7.596695213579e-04 9.076889255084e-04 1.152400509454e-03
