100/SI/f98_max.grd
DSAA
101	101
32.816463539100	34.260883539100
35.556306596100	36.727886596100
5.085004431749e-06	8.539572954178e-01
[rows 57 to 75 of 101, columns 0 to 42 of 101]
2.825006376952e-04 4.640405823011e-04 5.044245626777e-04 5.050522158854e-04 5.316123715602e-04 6.502605392598e-04 7.281333091669e-04 7.984265103005e-04 8.641839376651e-04 8.833514293656e-04 8.543523726985e-04 1.196954166517e-03 2.050686161965e-03 1.121205859818e-03 8.135748212226e-04 1.226460328326e-03 1.098872744478e-03 1.237927819602e-03 1.497079967521e-03 1.553544541821e-03 1.602638396434e-03 1.200341968797e-03 8.352608419955e-04 7.350707892329e-04 7.975657354109e-04 1.104477792978e-03 1.763263950124e-03 2.185548655689e-03 1.701240544207e-03 9.962250478566e-04 7.809725939296e-04 6.156590534374e-04 6.451238295995e-04 7.769554504193e-04 9.185819653794e-04 1.180398860015e-03 1.361400471069e-03 1.464575296268e-03 2.415277296677e-03 3.174115205184e-03 2.727610059083e-03 2.422650111839e-03 2.714535919949e-03
3.574253059924e-04 5.850609159097e-04 6.682793027721e-04 6.783521967009e-04 6.711561582051e-04 6.530299433507e-04 6.515631102957e-04 6.826707976870e-04 7.114210748114e-04 1.155878999270e-03 3.750154981390e-03 4.343134816736e-03 1.622941228561e-03 8.412686293013e-04 8.450626046397e-04 7.858920725994e-04 8.506211452186e-04 8.469808381051e-04 9.715925552882e-04 1.231847913004e-03 1.490769907832e-03 1.593759516254e-03 1.115251565352e-03 7.022423669696e-04 8.089262410067e-04 1.233531394973e-03 1.861432217993e-03 1.993354642764e-03 2.023657551035e-03 1.288069877774e-03 7.750696968287e-04 7.046168320812e-04 6.741987308487e-04 8.085598237813e-04 9.550633258186e-04 9.890806395561e-04 1.016453024931e-03 1.058314694092e-03 1.068301848136e-03 1.153034041636e-03 1.393815269694e-03 1.909263781272e-03 2.200624905527e-03
4.778940638062e-04 7.856829906814e-04 9.089625673369e-04 1.295184716582e-03 1.660613575950e-03 2.105771563947e-03 2.769930986688e-03 4.041410051286e-03 7.423146627843e-03 1.049015484750e-02 6.979642901570e-03 1.776662305929e-03 1.205098000355e-03 1.054839114659e-03 7.676082896069e-04 8.026025025174e-04 8.479428361170e-04 8.338287007064e-04 7.996198255569e-04 8.532759384252e-04 1.438965555280e-03 1.631741295569e-03 1.158058061264e-03 6.665878463537e-04 5.232135299593e-04 8.064294815995e-04 1.142880413681e-03 1.181586063467e-03 1.232880167663e-03 1.004075864330e-03 7.008952670731e-04 7.359562441707e-04 6.973620038480e-04 7.829770329408e-04 9.450129582547e-04 9.796115336940e-04 9.333394700661e-04 8.553274674341e-04 7.893837173469e-04 8.837675559334e-04 1.128754694946e-03 1.445072819479e-03 1.914824708365e-03
4.670496855397e-04 8.474904461764e-04 1.472684554756e-03 2.097912365571e-03 2.651054877788e-03 3.507561050355e-03 5.101968068630e-03 7.622083649039e-03 7.665155455470e-03 3.547546686605e-03 8.611548691988e-04 1.004081335850e-03 1.091783517040e-03 9.700422524475e-04 8.660717867315e-04 9.089387021959e-04 9.102805051953e-04 8.729279506952e-04 6.832325598225e-04 6.674239994027e-04 1.036568894051e-03 1.157126505859e-03 8.593600359745e-04 5.381983355619e-04 4.139149386901e-04 4.473543376662e-04 5.999174900353e-04 7.421387126669e-04 8.679854217917e-04 7.532911258750e-04 6.893653771840e-04 6.432613590732e-04 6.869033095427e-04 7.609810563736e-04 9.130588732660e-04 9.359670802951e-04 8.470197790302e-04 7.247388712130e-04 6.674983887933e-04 7.418317254633e-04 1.090812380426e-03 1.368222758174e-03 1.752467011102e-03
2.831667370629e-04 4.936270997860e-04 6.034141988494e-04 6.351498304866e-04 6.363419815898e-04 6.336235092022e-04 6.281416863203e-04 6.147551466711e-04 6.031368393451e-04 5.900342366658e-04 5.537469987758e-04 5.844854749739e-04 6.359319086187e-04 8.136502583511e-04 9.148743702099e-04 9.552563424222e-04 9.189264965244e-04 8.149778586812e-04 6.019206484780e-04 4.820144386031e-04 5.801585502923e-04 6.024036556482e-04 4.755882546306e-04 3.528615052346e-04 3.109555400442e-04 3.387693141121e-04 4.351481329650e-04 5.233925767243e-04 6.259264773689e-04 6.741836550646e-04 6.383334402926e-04 5.706177907996e-04 6.600335473195e-04 7.990559097379e-04 9.534892742522e-04 9.226214606315e-04 7.662739371881e-04 6.082424079068e-04 6.763176061213e-04 7.571149617434e-04 1.120840082876e-03 1.391940633766e-03 1.650847494602e-03
1.331645471510e-04 2.482201089151e-04 3.218977071811e-04 3.555201983545e-04 3.686188138090e-04 3.793965734076e-04 3.896899870597e-04 3.972937702201e-04 4.092362651136e-04 4.212159838062e-04 4.128258442506e-04 3.881225129589e-04 3.937066649087e-04 5.226008361205e-04 6.146559026092e-04 6.468578358181e-04 5.883053527214e-04 5.233005504124e-04 4.419570323080e-04 3.767565940507e-04 3.091123362537e-04 2.886895090342e-04 2.384347462794e-04 2.640392631292e-04 3.114462015219e-04 3.275741764810e-04 3.606517857406e-04 4.346549685579e-04 5.297442548908e-04 5.798257770948e-04 5.715437000617e-04 5.399105721153e-04 6.587978568859e-04 8.845345000736e-04 1.027687569149e-03 9.277831995860e-04 6.957281730138e-04 6.000224966556e-04 6.929773953743e-04 8.090951014310e-04 1.086704549380e-03 1.232625567354e-03 1.421963446774e-03
9.142560156761e-05 1.540051016491e-04 1.912584702950e-04 2.183284959756e-04 2.349125861656e-04 2.494167129043e-04 2.633205440361e-04 2.749632403720e-04 2.889420720749e-04 3.032542008441e-04 3.051802341361e-04 2.953872317448e-04 2.841738169082e-04 2.741219068412e-04 2.758346090559e-04 3.128533426207e-04 3.299435193185e-04 3.255028859712e-04 2.988032356370e-04 2.855851489585e-04 2.469403552823e-04 2.317158359801e-04 2.032076154137e-04 2.688152308110e-04 3.313598572277e-04 3.630270948634e-04 3.610866842791e-04 3.587257524487e-04 4.375473945402e-04 4.868580435868e-04 4.988405271433e-04 4.960190854035e-04 6.685205735266e-04 9.352759807371e-04 1.031914842315e-03 8.613910758868e-04 6.086663343012e-04 6.029651267454e-04 7.242236169986e-04 8.129897760227e-04 9.420020505786e-04 1.084271352738e-03 1.113367034122e-03
7.394795829896e-05 1.259731798200e-04 1.588089653524e-04 1.746725174598e-04 1.860009942902e-04 1.956063933903e-04 2.026662841672e-04 2.040185645455e-04 2.116044051945e-04 2.198283327743e-04 2.215910062660e-04 2.179049915867e-04 2.142352313967e-04 2.093633374898e-04 2.168579812860e-04 2.491782361176e-04 2.648665104061e-04 2.613711985759e-04 2.417426003376e-04 2.250920952065e-04 2.397944772383e-04 2.328624395886e-04 2.018660597969e-04 2.682980266400e-04 3.384870651644e-04 3.814543888438e-04 3.866307088174e-04 3.746049187612e-04 3.852490626741e-04 4.223790892866e-04 4.400223842822e-04 4.618812527042e-04 6.646126857959e-04 9.144446812570e-04 9.415632812306e-04 7.405882352032e-04 5.662821931764e-04 6.220697541721e-04 7.579835946672e-04 8.002890390344e-04 8.346628746949e-04 9.027253254317e-04 8.288041572087e-04
7.127659773687e-05 1.141923057730e-04 1.448586554034e-04 1.589805906406e-04 1.650399935897e-04 1.702721929178e-04 1.721437147353e-04 1.690538920229e-04 1.698635023786e-04 1.720525469864e-04 1.728286006255e-04 1.794253330445e-04 1.846425730037e-04 1.888819533633e-04 1.939266803674e-04 2.022943226621e-04 2.163046301575e-04 2.185564808315e-04 2.206822973676e-04 2.130057400791e-04 2.201856259489e-04 2.301704225829e-04 2.043424465228e-04 2.541315916460e-04 3.210688882973e-04 3.656563931145e-04 3.735405916814e-04 3.670657752082e-04 3.874102258123e-04 3.987513773609e-04 4.063329542987e-04 4.316997656133e-04 6.230908911675e-04 8.205077028833e-04 7.970178849064e-04 6.358682876453e-04 5.535045056604e-04 6.665799883194e-04 7.669677142985e-04 7.481017382815e-04 7.258846308105e-04 7.317957351916e-04 6.738345255144e-04
6.674762698822e-05 1.059702481143e-04 1.329656079179e-04 1.449152186979e-04 1.500142097939e-04 1.537968200864e-04 1.542192330817e-04 1.508611312602e-04 1.501704828115e-04 1.614945940673e-04 1.712564408081e-04 1.800636237022e-04 1.878574985312e-04 1.944105024450e-04 2.003612316912e-04 2.061304403469e-04 2.103976148646e-04 2.110817149514e-04 2.069115435006e-04 2.024634595728e-04 2.028952148976e-04 2.220259193564e-04 2.098889235640e-04 2.305316011189e-04 2.872294571716e-04 3.266515268479e-04 3.794336225837e-04 4.143660480622e-04 4.160603275523e-04 4.026664537378e-04 3.937446745113e-04 4.008804971818e-04 5.474065546878e-04 6.833043880761e-04 6.543362396769e-04 5.666676443070e-04 5.975528620183e-04 6.780276307836e-04 7.250673952512e-04 6.573643768206e-04 6.079775630496e-04 5.776914185844e-04 5.764341331087e-04
6.154528819025e-05 9.754528582562e-05 1.221947604790e-04 1.335960696451e-04 1.384042552672e-04 1.404841023032e-04 1.394520077156e-04 1.381313340971e-04 1.407715753885e-04 1.528443390271e-04 1.637285022298e-04 1.739368162816e-04 1.833176793298e-04 1.911822182592e-04 1.972864702111e-04 2.012625191128e-04 2.017872466240e-04 2.193569525843e-04 2.239393943455e-04 2.077645331156e-04 1.897401671158e-04 2.036448859144e-04 2.078284451272e-04 2.071832859656e-04 2.527037577238e-04 2.853672485799e-04 3.460987063590e-04 4.022683715448e-04 4.156045615673e-04 4.020197375212e-04 3.857441479340e-04 3.804060397670e-04 4.368334193714e-04 5.299842450768e-04 5.201285239309e-04 4.805924254470e-04 5.167184863240e-04 5.744997761212e-04 5.942065618001e-04 5.168652860448e-04 4.764049372170e-04 4.417235613801e-04 4.349356750026e-04
5.715980296372e-05 9.074228728423e-05 1.141331013059e-04 1.254830858670e-04 1.296320551774e-04 1.298898423556e-04 1.278156123590e-04 1.278066483792e-04 1.328183716396e-04 1.379061141051e-04 1.488525012974e-04 1.594377827132e-04 1.692415244179e-04 1.775032287696e-04 1.834893191699e-04 1.918037887663e-04 2.109273773385e-04 2.374036703259e-04 2.490865299478e-04 2.422934048809e-04 2.217200963059e-04 1.971725869225e-04 2.024129789788e-04 2.050035982393e-04 2.250991674373e-04 2.513035142329e-04 2.589647483546e-04 3.130480181426e-04 3.542747581378e-04 3.668572171591e-04 3.624824457802e-04 3.669107973110e-04 3.783287247643e-04 3.918951260857e-04 3.859209537040e-04 3.731753677130e-04 3.976836742368e-04 4.596981452778e-04 4.897598410025e-04 4.030100535601e-04 3.606473037507e-04 3.220775106456e-04 3.541274054442e-04
5.398077701102e-05 8.594794053352e-05 1.085259282263e-04 1.192809431814e-04 1.221365091624e-04 1.211511480506e-04 1.190573384520e-04 1.185943547171e-04 1.221841666847e-04 1.273522066185e-04 1.293812529184e-04 1.396535662934e-04 1.491023431299e-04 1.572064793436e-04 1.647620083531e-04 1.834099966800e-04 2.144135214621e-04 2.446321595926e-04 2.651024551596e-04 2.712392888498e-04 2.637612633407e-04 2.479765971657e-04 2.289637632202e-04 2.114654926118e-04 2.038181119133e-04 2.254332357552e-04 2.295028243680e-04 2.198421570938e-04 2.690651162993e-04 3.088485100307e-04 3.351535415277e-04 3.546083171386e-04 3.665176627692e-04 3.556029696483e-04 3.187867405359e-04 3.115620056633e-04 3.502214094624e-04 4.359175509308e-04 5.057593807578e-04 4.547685675789e-04 3.349788021296e-04 2.996716357302e-04 3.406802134123e-04
5.281762059894e-05 8.396226621699e-05 1.056207984220e-04 1.151070755441e-04 1.165876674349e-04 1.149298841483e-04 1.141813700087e-04 1.157098813565e-04 1.150682728621e-04 1.162537373602e-04 1.184432549053e-04 1.309067883994e-04 1.439980842406e-04 1.575772039359e-04 1.695865503279e-04 1.873936416814e-04 2.178930153605e-04 2.487764286343e-04 2.765502722468e-04 2.937343087979e-04 2.966390748043e-04 2.892355842050e-04 2.766649704427e-04 2.638474688865e-04 2.563248563092e-04 2.515019441489e-04 2.422953693895e-04 2.284999063704e-04 2.663687628228e-04 2.988754713442e-04 3.231760056224e-04 3.453618846834e-04 3.571404668037e-04 3.336441295687e-04 3.179697087035e-04 3.238428907935e-04 3.527483495418e-04 4.210168262944e-04 4.868591786362e-04 4.420095356181e-04 3.416566178203e-04 2.983239828609e-04 3.394157974981e-04
5.368875281420e-05 8.490150503349e-05 1.058421839844e-04 1.141362590715e-04 1.146036156570e-04 1.122773683164e-04 1.123953770730e-04 1.122781977756e-04 1.147429575212e-04 1.153613193310e-04 1.226367166964e-04 1.349721715087e-04 1.470346323913e-04 1.585181162227e-04 1.677979307715e-04 1.927764387801e-04 2.272911078762e-04 2.599225845188e-04 2.914537326433e-04 3.143133944832e-04 3.217486664653e-04 3.169238916598e-04 3.051254898310e-04 2.904632710852e-04 2.784060197882e-04 2.664875355549e-04 2.465665456839e-04 2.272961137351e-04 2.609202638268e-04 2.892246702686e-04 3.135318111163e-04 3.369772166479e-04 3.447937779129e-04 3.168923431076e-04 3.223228559364e-04 3.328021848574e-04 3.606090322137e-04 4.079551144969e-04 4.396708100103e-04 3.868997155223e-04 3.190043789800e-04 2.769147977233e-04 3.148854593746e-04
5.505951776286e-05 8.679994789418e-05 1.074049505405e-04 1.149940653704e-04 1.148677329184e-04 1.136573700933e-04 1.184690045193e-04 1.218275938299e-04 1.237399119418e-04 1.240424317075e-04 1.229609624716e-04 1.297115813941e-04 1.439581537852e-04 1.610747858649e-04 1.666035241215e-04 1.887712278403e-04 2.324245142518e-04 2.700694603845e-04 2.999140706379e-04 3.187186084688e-04 3.228985588066e-04 3.142022469547e-04 2.979217097163e-04 2.788246492855e-04 2.609116781969e-04 2.428986335872e-04 2.174889523303e-04 2.270400727866e-04 2.559243002906e-04 2.814217295963e-04 3.046366036870e-04 3.240130026825e-04 3.241557569709e-04 2.992438676301e-04 3.263991966378e-04 4.066058027092e-04 3.843388403766e-04 4.068130801897e-04 3.915731795132e-04 3.321528783999e-04 2.885288267862e-04 2.518489200156e-04 2.856697246898e-04
5.427602809505e-05 8.528654143447e-05 1.049112324836e-04 1.119148437283e-04 1.117420251830e-04 1.140938256867e-04 1.171982366941e-04 1.187146481243e-04 1.191112824017e-04 1.184079228551e-04 1.191121627926e-04 1.337275170954e-04 1.556515635457e-04 1.743377797538e-04 1.799194724299e-04 1.759957667673e-04 2.221163013019e-04 2.605755871627e-04 2.822616661433e-04 2.899281389546e-04 2.859105006792e-04 2.704107901081e-04 2.497463719919e-04 2.318061160622e-04 2.172553213313e-04 2.016307262238e-04 2.034684584942e-04 2.251702098874e-04 2.506998134777e-04 2.736174501479e-04 2.936061937362e-04 3.046955971513e-04 2.962074649986e-04 2.869078307413e-04 3.405630122870e-04 3.637926129159e-04 3.732723416761e-04 4.086128901690e-04 3.959202731494e-04 3.244233666919e-04 2.794750325847e-04 2.568714553490e-04 2.773107553367e-04
4.969763176632e-05 7.759309664834e-05 9.488022624282e-05 1.009639599943e-04 1.076551634469e-04 1.123182883020e-04 1.102971800719e-04 1.045570170390e-04 1.033373191603e-04 1.110371595132e-04 1.212975985254e-04 1.402786583640e-04 1.658583350945e-04 1.852163841249e-04 1.906231773319e-04 1.874223235063e-04 2.032907650573e-04 2.359889913350e-04 2.482120471541e-04 2.455185167491e-04 2.333413576707e-04 2.117428666679e-04 2.038678940153e-04 2.414985938231e-04 2.450280007906e-04 2.350180875510e-04 2.303368964931e-04 2.312823635293e-04 2.437371585984e-04 2.636776189320e-04 2.775995817501e-04 2.780426002573e-04 2.610883966554e-04 2.649187226780e-04 3.104997158516e-04 4.412946873344e-04 3.790978807956e-04 5.314319860190e-04 4.716233233921e-04 3.967618104070e-04 3.363488358445e-04 2.769236452878e-04 3.122687339783e-04
5.167086783331e-05 7.616382936249e-05 9.346472506877e-05 1.080368965631e-04 1.190136172227e-04 1.216014352394e-04 1.180755571113e-04 1.114411861636e-04 1.037127149175e-04 1.120471497416e-04 1.242357684532e-04 1.472340227338e-04 1.755220728228e-04 1.952292950591e-04 2.005504065892e-04 1.973943581106e-04 1.866047241492e-04 2.149003848899e-04 2.231527323602e-04 2.353440650040e-04 3.194009477738e-04 2.926770539489e-04 2.213338739239e-04 2.518633846194e-04 2.446262515150e-04 2.254676801385e-04 2.142187731806e-04 2.149111387553e-04 2.353814925300e-04 2.507592434995e-04 2.561030560173e-04 2.460652613081e-04 2.236707659904e-04 2.379321958870e-04 2.638034056872e-04 3.921172174159e-04 4.913669545203e-04 7.713836967014e-04 7.135356427170e-04 4.698267148342e-04 3.578005416784e-04 3.295471251477e-04 4.048412665725e-04
