100/SI/f98_max.grd
DSAA
101	101
32.816463539100	34.260883539100
35.556306596100	36.727886596100
5.085004431749e-06	8.539572954178e-01
[rows 38 to 56 of 101, columns 0 to 42 of 101]
1.997427083552e-03 4.214734770358e-03 4.558534361422e-03 4.748870152980e-03 5.671622231603e-03 6.953379604965e-03 8.030948229134e-03 9.119258262217e-03 1.002094801515e-02 9.155288338661e-03 7.517667487264e-03 6.139410659671e-03 6.100839003921e-03 6.013253703713e-03 6.375388707966e-03 7.199919316918e-03 8.146830834448e-03 1.497335731983e-02 2.425495535135e-02 2.601439133286e-02 2.093761041760e-02 1.755630970001e-02 1.182519271970e-02 1.385449990630e-02 2.738987281919e-02 3.563357889652e-02 3.436089679599e-02 2.460398711264e-02 1.780154556036e-02 1.964538171887e-02 2.067121677101e-02 2.548687346280e-02 3.490470722318e-02 3.423292562366e-02 3.215223550797e-02 1.932485401630e-02 2.643706835806e-02 2.972442843020e-02 2.926591970026e-02 4.500135034323e-02 4.943715035915e-02 7.256159186363e-02 5.875612795353e-02
2.970203524455e-03 5.288342013955e-03 4.436007235199e-03 4.308365751058e-03 6.140865851194e-03 7.467309478670e-03 9.810316376388e-03 1.234313938767e-02 1.376433670521e-02 1.289017032832e-02 9.374075569212e-03 7.298628799617e-03 6.296687293798e-03 6.432560272515e-03 6.903220433742e-03 7.461796980351e-03 7.951591163874e-03 8.380751125515e-03 1.319324225187e-02 1.847152598202e-02 1.886708103120e-02 1.828209310770e-02 1.887735538185e-02 1.581809855998e-02 1.468646898866e-02 1.631929166615e-02 2.199626900256e-02 4.142676666379e-02 5.553095415235e-02 5.634764581919e-02 4.419965296984e-02 2.179312519729e-02 2.471117116511e-02 2.102852612734e-02 4.191433638334e-02 3.755251318216e-02 2.448547072709e-02 2.956416271627e-02 3.623457998037e-02 4.110963642597e-02 5.521516129375e-02 6.660415977240e-02 7.771434634924e-02
3.394514322281e-03 6.761196535081e-03 6.405502092093e-03 5.566669162363e-03 7.352988701314e-03 9.047624655068e-03 1.097921933979e-02 1.444571278989e-02 1.565782912076e-02 1.560392789543e-02 1.067296322435e-02 7.166730705649e-03 7.211394142359e-03 6.236802786589e-03 5.194073542953e-03 5.834280978888e-03 6.874660030007e-03 7.441921625286e-03 7.829980924726e-03 1.039604563266e-02 1.533289905638e-02 2.163534983993e-02 2.587060444057e-02 2.607826702297e-02 2.573673613369e-02 1.715501584113e-02 1.346351020038e-02 1.421491988003e-02 1.393258199096e-02 1.749429851770e-02 3.689976036549e-02 5.873771384358e-02 6.960814446211e-02 5.814200267196e-02 2.952651306987e-02 2.934245392680e-02 5.147790536284e-02 4.280316457152e-02 4.443193972111e-02 4.421423003078e-02 4.093332588673e-02 5.529860407114e-02 8.370184898376e-02
4.853658378124e-03 8.246622048318e-03 9.581714868546e-03 9.843251667917e-03 8.870319463313e-03 1.061466708779e-02 1.059494912624e-02 1.015209034085e-02 1.015027612448e-02 1.248790044338e-02 1.346975844353e-02 1.167730707675e-02 8.649520576000e-03 7.705742958933e-03 7.935480214655e-03 9.817116893828e-03 1.138859242201e-02 1.273563597351e-02 1.244293805212e-02 9.046993218362e-03 1.004050299525e-02 1.324653159827e-02 1.500383391976e-02 2.012925408781e-02 2.500261552632e-02 2.971515245736e-02 3.316221013665e-02 3.219603374600e-02 3.321756049991e-02 3.624938055873e-02 4.009217023849e-02 3.887685388327e-02 6.017268076539e-02 6.802508234978e-02 4.860084503889e-02 6.169956550002e-02 6.848291307688e-02 5.819067358971e-02 6.585202366114e-02 5.329657346010e-02 3.726688027382e-02 6.514483690262e-02 5.427562445402e-02
4.978739656508e-03 8.787267841399e-03 9.856169112027e-03 8.983382023871e-03 9.896349161863e-03 1.248307619244e-02 1.240094471723e-02 1.065562199801e-02 1.284220814705e-02 1.069210935384e-02 1.017599273473e-02 1.419218536466e-02 1.472452096641e-02 1.108429115266e-02 1.026932336390e-02 9.462892077863e-03 9.788840077817e-03 1.310737151653e-02 1.766469143331e-02 1.795404776931e-02 1.136664859951e-02 1.291863806546e-02 1.652723923326e-02 1.374722644687e-02 1.590355299413e-02 1.922013238072e-02 2.542063221335e-02 3.842525929213e-02 5.173014849424e-02 4.736411571503e-02 4.501968249679e-02 3.333305194974e-02 3.326376900077e-02 6.265883147717e-02 6.004301458597e-02 7.571998238564e-02 5.005924403667e-02 7.101688534021e-02 6.233747303486e-02 8.996672928333e-02 9.302251040936e-02 7.333079725504e-02 8.239202201366e-02
9.680014103651e-03 1.877185702324e-02 1.402798015624e-02 1.179723441601e-02 1.154407765716e-02 1.038783602417e-02 1.069474872202e-02 1.301699038595e-02 1.288620661944e-02 1.044722832739e-02 1.296074688435e-02 8.835732936859e-03 1.133838109672e-02 1.588632352650e-02 1.378595735878e-02 1.189730130136e-02 1.490168180317e-02 3.228229284286e-02 3.802581876516e-02 2.098239772022e-02 2.247222699225e-02 1.312405522913e-02 1.537453755736e-02 2.183588966727e-02 1.457326952368e-02 1.334581710398e-02 1.419055275619e-02 1.544591784477e-02 1.971697434783e-02 2.241456508636e-02 2.394258975983e-02 2.627518773079e-02 3.576901927590e-02 5.629974603653e-02 3.850576654077e-02 3.568303957582e-02 5.222019180655e-02 5.968651175499e-02 3.977137058973e-02 8.240658044815e-02 8.444003760815e-02 9.238182753325e-02 1.132718622684e-01
1.536976359785e-02 2.819379605353e-02 2.286205999553e-02 1.783418841660e-02 1.644540764391e-02 1.329606771469e-02 1.832295954227e-02 1.607769913971e-02 1.634198240936e-02 1.278380211443e-02 9.969983249903e-03 1.223717071116e-02 1.098775118589e-02 7.220337167382e-03 1.345858443528e-02 1.578029245138e-02 1.147813815624e-02 9.812106378376e-03 1.793246716261e-02 1.198533456773e-02 2.084601297975e-02 2.455286495388e-02 2.441911771894e-02 2.130243368447e-02 2.934100292623e-02 1.806849613786e-02 1.694652810693e-02 2.194925770164e-02 2.573125250638e-02 1.970044709742e-02 2.492564357817e-02 3.071668744087e-02 3.641400113702e-02 4.276247322559e-02 5.441086739302e-02 4.127796739340e-02 4.598421603441e-02 5.142853409052e-02 4.875927790999e-02 6.982158124447e-02 6.531090289354e-02 9.446909278631e-02 9.588477760553e-02
6.103652529418e-03 1.271935366094e-02 1.522953528911e-02 1.793647930026e-02 1.832524128258e-02 2.035583183169e-02 2.150316722691e-02 1.853946410120e-02 1.661097444594e-02 1.589270494878e-02 1.488385535777e-02 1.376482937485e-02 1.297997590154e-02 1.220675092191e-02 1.321428362280e-02 1.128629036248e-02 8.050451986492e-03 9.499795734882e-03 1.000672765076e-02 1.363625563681e-02 1.280102320015e-02 2.130654640496e-02 2.276557870209e-02 2.450656145811e-02 2.862844429910e-02 3.239805996418e-02 3.526738658547e-02 3.674316778779e-02 3.758299723268e-02 4.050629213452e-02 4.116120189428e-02 4.329563304782e-02 4.602154344320e-02 3.827318176627e-02 3.303937241435e-02 4.629851877689e-02 5.593999475241e-02 8.564750850201e-02 1.027820259333e-01 9.519051015377e-02 9.076698124409e-02 9.425366669893e-02 7.861679047346e-02
5.942957475781e-03 1.248300820589e-02 1.421141251922e-02 1.577317528427e-02 1.772093772888e-02 1.811295375228e-02 1.664936542511e-02 1.348636671901e-02 1.274909172207e-02 1.532399747521e-02 1.799000240862e-02 1.706562936306e-02 1.289872732013e-02 8.411405608058e-03 9.002495557070e-03 5.205716006458e-03 3.020977834240e-03 3.340635914356e-03 4.445853177458e-03 5.364240612835e-03 1.594139449298e-02 2.811445109546e-02 2.414326183498e-02 3.020215407014e-02 2.907535806298e-02 3.587008267641e-02 3.705570101738e-02 3.510622680187e-02 3.275932744145e-02 3.771863132715e-02 3.983990475535e-02 5.148520320654e-02 6.585256010294e-02 7.178425043821e-02 6.136855110526e-02 5.196823552251e-02 5.765128135681e-02 4.138197004795e-02 6.304044276476e-02 6.447350233793e-02 1.007597446442e-01 9.448801726103e-02 1.018552929163e-01
1.593654858880e-03 3.204355249181e-03 3.384527983144e-03 3.640186740085e-03 5.066148936749e-03 7.074110675603e-03 9.298593737185e-03 1.001184247434e-02 9.709236212075e-03 8.967549540102e-03 9.163723327219e-03 1.164441090077e-02 1.161772944033e-02 9.439961053431e-03 6.087988149375e-03 4.756777547300e-03 2.439136616886e-03 2.071858150885e-03 2.311313292012e-03 4.938236903399e-03 1.108524762094e-02 2.343411929905e-02 5.862390622497e-02 5.518082156777e-02 4.959184676409e-02 4.658308625221e-02 4.490484297276e-02 4.367017373443e-02 4.594241082668e-02 5.310431495309e-02 5.991892516613e-02 6.786694377661e-02 1.163577437401e-01 6.521698832512e-02 1.464333236217e-01 9.967282414436e-02 7.944016158581e-02 8.610907942057e-02 1.066974028945e-01 1.240443810821e-01 1.313393712044e-01 1.235245913267e-01 1.236772462726e-01
1.450318610296e-03 2.802283968776e-03 3.052846295759e-03 3.059257287532e-03 5.098781548440e-03 7.546977605671e-03 7.859506644309e-03 6.414057221264e-03 4.734881222248e-03 3.871966619045e-03 4.910241812468e-03 6.094156298786e-03 5.831518676132e-03 4.682357423007e-03 3.444494679570e-03 2.443584613502e-03 1.776648568921e-03 1.308513339609e-03 1.342214993201e-03 4.386038053781e-03 1.404263824224e-02 2.433568052948e-02 2.400912716985e-02 5.032019317150e-02 1.218053549528e-01 6.182486191392e-02 3.858338296413e-02 3.495323285460e-02 3.643519803882e-02 3.976037725806e-02 6.832576543093e-02 9.801469743252e-02 5.185703188181e-02 7.741907984018e-02 1.405823379755e-01 2.547669708729e-01 1.042915210128e-01 8.347430825233e-02 7.388231158257e-02 8.132824301720e-02 6.967411935329e-02 1.299078613520e-01 1.522081643343e-01
7.526816916652e-04 1.563789905049e-03 1.875463174656e-03 2.082317601889e-03 2.710500266403e-03 4.355152137578e-03 4.988855216652e-03 4.326739348471e-03 3.347225021571e-03 2.512444043532e-03 2.075582044199e-03 1.981964334846e-03 1.579539384693e-03 1.400051871315e-03 1.671771518886e-03 1.275615417399e-03 1.174037344754e-03 9.871443035081e-04 1.166679547168e-03 1.764699001797e-03 2.997928997502e-03 8.130501955748e-03 8.539177477360e-03 1.159973628819e-02 4.441205412149e-02 4.705025628209e-02 1.754295825958e-02 9.687350131571e-03 1.010713353753e-02 3.237002715468e-02 4.289874434471e-02 4.660527035594e-02 4.869245365262e-02 4.005324095488e-02 5.888016894460e-02 1.688330620527e-01 9.103727340698e-02 5.531427636743e-02 3.885314986110e-02 3.503324836493e-02 3.304275125265e-02 8.628866076469e-02 1.199797540903e-01
3.340645635035e-04 6.670544971712e-04 6.942593026906e-04 7.684735464863e-04 9.701127419248e-04 1.227943459526e-03 1.460747094825e-03 1.589723047800e-03 1.538916490972e-03 1.305394573137e-03 1.105599687435e-03 1.271069864742e-03 1.311629894190e-03 1.211886992678e-03 1.234412542544e-03 1.412699231878e-03 1.074936590157e-03 8.536448585801e-04 9.718377259560e-04 1.427262322977e-03 1.631362247281e-03 2.990822307765e-03 5.200034007430e-03 1.132847834378e-02 2.746813185513e-02 1.715029031038e-02 1.063721440732e-02 8.464292623103e-03 8.087418973446e-03 2.619032282382e-03 2.295811660588e-03 2.503390191123e-03 3.912750165910e-03 8.455906063318e-03 1.966428942978e-02 3.317981362343e-01 6.319684386253e-01 8.506534993649e-02 5.811667442322e-02 2.996334806085e-02 2.110845595598e-02 2.275395020843e-02 4.417105391622e-02
2.699083415791e-04 4.907044931315e-04 5.455710925162e-04 5.458313971758e-04 5.481675616466e-04 7.065466488712e-04 9.275763877667e-04 1.141349552199e-03 1.268688240089e-03 1.243065344170e-03 1.045315293595e-03 9.555462165736e-04 1.037595677190e-03 1.002948265523e-03 8.913548663259e-04 1.093410188332e-03 1.272330409847e-03 1.014667795971e-03 7.883171201684e-04 2.351401606575e-03 2.939552767202e-03 2.203193493187e-03 2.925159642473e-03 5.143997725099e-03 9.741902351379e-03 9.683233499527e-02 2.104301936924e-02 1.854363642633e-02 7.847902365029e-03 1.551895868033e-03 1.358355395496e-03 1.423361361958e-03 1.663313014433e-03 2.052110619843e-03 2.760968171060e-03 1.476697158068e-02 1.027448698878e-01 2.625405192375e-01 6.756789982319e-02 3.820155188441e-02 1.086820848286e-02 7.058303803205e-03 7.700039073825e-03
2.502276620362e-04 5.954160005786e-04 8.047886658460e-04 9.286990389228e-04 9.670838480815e-04 8.923066779971e-04 7.932516746223e-04 7.265756139532e-04 9.087317739613e-04 1.042261370458e-03 1.039740978740e-03 9.004434105009e-04 7.743850583211e-04 9.657159680501e-04 1.008262857795e-03 9.007813059725e-04 1.048305188306e-03 1.356701133773e-03 1.073506544344e-03 2.256958279759e-03 2.403344260529e-03 2.056942787021e-03 2.288125921041e-03 2.478254958987e-03 5.657868459821e-03 1.988429948688e-02 2.029040455818e-02 5.198052152991e-03 2.421266632155e-03 1.501017948613e-03 1.125375158153e-03 9.613072033972e-04 9.487065835856e-04 1.193337258883e-03 1.551278284751e-03 5.251099355519e-03 2.677233517170e-02 9.574984014034e-02 1.155210882425e-01 1.782043837011e-02 7.718197535723e-03 4.946352448314e-03 4.674479831010e-03
3.791273920797e-04 8.919932297431e-04 1.139368279837e-03 1.280643162318e-03 1.315449131653e-03 1.256986754015e-03 1.179825281724e-03 1.061336020939e-03 9.159810724668e-04 7.487938273698e-04 8.341572829522e-04 8.768637781031e-04 8.402030798607e-04 9.803172433749e-04 1.124278758653e-03 1.061798655428e-03 8.942665881477e-04 1.423710375093e-03 1.519840792753e-03 3.999918233603e-03 2.562889829278e-03 1.846743165515e-03 1.251664012671e-03 1.294297515415e-03 2.433605259284e-03 1.796048134565e-02 2.474290318787e-02 4.706005565822e-03 3.087701974437e-03 1.569416141137e-03 9.734714985825e-04 6.771820480935e-04 6.021118024364e-04 6.299368105829e-04 9.706022101454e-04 1.620411057957e-03 1.088410802186e-02 3.383434936404e-02 8.979997038841e-02 4.381832107902e-02 2.091818302870e-02 4.119582008570e-03 3.507631132379e-03
2.595112018753e-04 5.644496995956e-04 7.035610615276e-04 7.717225234956e-04 7.482870714739e-04 7.512315060012e-04 8.398100617342e-04 9.382864227518e-04 1.030816230923e-03 1.032050698996e-03 8.889180608094e-04 6.751349428669e-04 7.954803877510e-04 8.716726442799e-04 8.735993178561e-04 8.774843881838e-04 9.139222675003e-04 1.500159851275e-03 2.070770366117e-03 3.449600655586e-03 2.653078641742e-03 2.083956263959e-03 1.027341233566e-03 1.029356382787e-03 2.068383153528e-03 6.729926913977e-03 5.485207773745e-03 3.652676474303e-03 2.889954484999e-03 1.604765304364e-03 8.932561613619e-04 7.390771643259e-04 6.519234157167e-04 6.373382057063e-04 8.121155551635e-04 1.377900480293e-03 2.910231938586e-03 1.457234378904e-02 1.717758737504e-02 1.045459229499e-02 6.324925459921e-03 3.139977576211e-03 2.858055289835e-03
2.437789953547e-04 4.438030882739e-04 6.573601858690e-04 8.379361825064e-04 9.987610392272e-04 1.179535756819e-03 1.377923763357e-03 1.592352986336e-03 1.790629816242e-03 1.847573788837e-03 1.652491395362e-03 1.228886540048e-03 7.923744851723e-04 8.229274535552e-04 1.015535439365e-03 1.103494549170e-03 1.370553043671e-03 1.589550985955e-03 1.863047946244e-03 3.261249046773e-03 2.348993206397e-03 1.545471255668e-03 8.214307017624e-04 8.004728588276e-04 1.497502904385e-03 1.738159917295e-03 2.461853995919e-02 2.502276562154e-03 2.359026810154e-03 1.417848165147e-03 8.294443832710e-04 6.651720032096e-04 6.347994785756e-04 6.707661668770e-04 8.615923579782e-04 1.172918709926e-03 1.964755123481e-03 2.421262906864e-03 5.075303837657e-03 6.713638547808e-03 4.194790031761e-03 2.524428302422e-03 3.256455063820e-03
2.418478252366e-04 4.374171257950e-04 6.040707812645e-04 7.456036400981e-04 8.885421557352e-04 1.063332660124e-03 1.247917418368e-03 1.434030011296e-03 1.608291757293e-03 1.703091198578e-03 1.615365850739e-03 1.751146628521e-03 1.825221814215e-03 1.827493659221e-03 1.743866247125e-03 1.581676071510e-03 1.880808849819e-03 1.368879107758e-03 1.849511521868e-03 5.888985935599e-03 2.164838835597e-03 1.089036231861e-03 7.705359021202e-04 6.459703436121e-04 8.912990451790e-04 2.441459335387e-03 8.426364511251e-03 1.959834946319e-03 2.502325689420e-03 1.058058813214e-03 7.839588797651e-04 6.002114387229e-04 6.079337326810e-04 6.914122495800e-04 9.114801068790e-04 1.084477873519e-03 1.207779278047e-03 1.951273181476e-03 4.272500984371e-03 4.993890412152e-03 3.115999512374e-03 2.316598314792e-03 3.002647310495e-03
