100/SI/f98_max.grd
DSAA
101	101
32.816463539100	34.260883539100
35.556306596100	36.727886596100
5.085004431749e-06	8.539572954178e-01
[rows 19 to 37 of 101, columns 0 to 42 of 101]
1.612155814655e-03 3.287452738732e-03 4.205552395433e-03 4.286686889827e-03 3.536996897310e-03 2.801643684506e-03 1.918732537888e-03 2.181391697377e-03 2.622024621814e-03 3.151006530970e-03 4.147360101342e-03 4.950927570462e-03 4.810288548470e-03 5.214217584580e-03 5.252229515463e-03 5.092494655401e-03 4.842669703066e-03 4.687079228461e-03 5.406170152128e-03 4.851258359849e-03 5.013927351683e-03 5.407547112554e-03 5.744254682213e-03 5.524116102606e-03 4.922824911773e-03 4.171610809863e-03 4.316549282521e-03 6.933889351785e-03 8.263143710792e-03 6.199765484780e-03 5.710212979466e-03 5.261697340757e-03 5.547198932618e-03 5.547161214054e-03 5.540248472244e-03 5.410210229456e-03 4.300408530980e-03 3.758339677006e-03 4.036075901240e-03 3.878772025928e-03 5.608126986772e-03 1.379539817572e-02 6.417441647500e-03
1.261170720682e-03 2.650683047250e-03 3.575687296689e-03 3.913054708391e-03 3.480592509732e-03 3.345335833728e-03 3.065918106586e-03 2.162689575925e-03 2.885091584176e-03 3.371011698619e-03 3.612584201619e-03 4.527589771897e-03 4.008337389678e-03 4.672427661717e-03 5.048746243119e-03 5.208147224039e-03 5.196664948016e-03 4.960454069078e-03 6.277387030423e-03 5.027758888900e-03 5.896975751966e-03 7.016419898719e-03 7.560424506664e-03 7.419552188367e-03 6.926959380507e-03 5.354981403798e-03 5.720151588321e-03 5.615659989417e-03 8.686898276210e-03 6.297153886408e-03 5.390442442149e-03 5.098884925246e-03 4.966804292053e-03 4.948898218572e-03 4.708755295724e-03 6.092353258282e-03 4.103598650545e-03 4.315488040447e-03 4.416641779244e-03 4.522484261543e-03 6.945861503482e-03 1.168200373650e-02 9.564611129463e-03
9.694393374957e-04 1.953758765012e-03 2.703403122723e-03 3.112707752734e-03 2.938674064353e-03 2.558138919994e-03 3.158910200000e-03 3.121101530269e-03 3.570853499696e-03 4.258175380528e-03 4.909229464829e-03 6.467578001320e-03 7.753534242511e-03 7.092400453985e-03 4.825113341212e-03 4.662408027798e-03 4.925036337227e-03 5.166589282453e-03 9.146574884653e-03 7.298562210053e-03 5.494413897395e-03 8.533399552107e-03 9.043178521097e-03 9.981772862375e-03 8.180556818843e-03 7.240724749863e-03 7.149862591177e-03 4.450662527233e-03 8.178574033082e-03 5.807122215629e-03 4.468145314604e-03 4.666914232075e-03 5.512595176697e-03 4.501202143729e-03 4.927312955260e-03 6.448383908719e-03 5.134994164109e-03 4.580723587424e-03 4.772408399731e-03 5.123263224959e-03 8.098171092570e-03 8.370561525226e-03 1.269752159715e-02
1.312393113039e-03 2.357634715736e-03 2.272853162140e-03 2.380854682997e-03 2.788296900690e-03 3.527954686433e-03 4.118756856769e-03 4.927727393806e-03 5.983698647469e-03 7.519325707108e-03 9.570195339620e-03 1.199996750802e-02 1.347937900573e-02 1.170769985765e-02 7.358703762293e-03 4.486379679292e-03 6.191634107381e-03 8.696544915438e-03 1.100014243275e-02 8.949548937380e-03 7.064734585583e-03 9.265714325011e-03 9.858164936304e-03 1.121045928448e-02 8.136640302837e-03 8.247110061347e-03 8.494766429067e-03 5.313519388437e-03 6.683691870421e-03 4.810472950339e-03 4.526971373707e-03 4.483447410166e-03 5.719915032387e-03 5.789834074676e-03 5.758735816926e-03 5.476394202560e-03 7.223158143461e-03 5.081380251795e-03 5.130354315042e-03 5.625295452774e-03 9.025433100760e-03 7.824409753084e-03 1.474797446281e-02
1.274878974073e-03 2.628864021972e-03 2.853373531252e-03 2.733959583566e-03 3.496157005429e-03 4.748244304210e-03 5.203010048717e-03 5.500672850758e-03 6.094555836171e-03 7.053670473397e-03 8.513602428138e-03 9.707583114505e-03 9.939832612872e-03 8.502607233822e-03 6.232334300876e-03 5.524773616344e-03 6.028796546161e-03 8.179833181202e-03 1.089216023684e-02 6.879445631057e-03 6.627440452576e-03 9.344000369310e-03 9.844730608165e-03 1.074993610382e-02 8.581082336605e-03 8.220641873777e-03 9.578946977854e-03 8.200714364648e-03 8.283009752631e-03 7.062693592161e-03 6.108045112342e-03 8.942697197199e-03 8.351436816156e-03 6.253401748836e-03 6.090180482715e-03 6.045317277312e-03 8.011180907488e-03 5.866305902600e-03 5.608218722045e-03 5.938734393567e-03 9.544578380883e-03 7.931955158710e-03 1.506777759641e-02
2.517665736377e-03 4.346108064055e-03 2.827826421708e-03 2.822246402502e-03 3.188563277945e-03 4.134580027312e-03 4.679978359491e-03 4.630429204553e-03 4.603017121553e-03 4.789621103555e-03 5.064354278147e-03 5.364123266190e-03 5.110315512866e-03 5.604160018265e-03 5.672542378306e-03 5.080626346171e-03 5.083710886538e-03 9.381772018969e-03 1.072558108717e-02 5.693975370377e-03 5.785051267594e-03 8.652262389660e-03 9.341881610453e-03 9.159640409052e-03 8.350235410035e-03 7.521558552980e-03 1.031585969031e-02 9.064545854926e-03 7.509160321206e-03 7.263562176377e-03 7.191385142505e-03 1.152665819973e-02 1.714634895325e-02 1.630668528378e-02 1.474399771541e-02 1.405470259488e-02 1.458601839840e-02 9.019183926284e-03 7.650131825358e-03 6.354103330523e-03 9.764133952558e-03 7.660679519176e-03 1.334172766656e-02
4.667561501265e-03 9.890761226416e-03 1.018582191318e-02 8.928992785513e-03 5.576475523412e-03 3.212164388970e-03 3.140327520669e-03 3.292733337730e-03 3.551176516339e-03 4.591200966388e-03 5.504196509719e-03 6.151604000479e-03 6.349883507937e-03 6.086906418204e-03 5.538609344512e-03 5.770538467914e-03 6.075738463551e-03 9.140639565885e-03 9.003830142319e-03 5.279341712594e-03 5.775293800980e-03 7.060696370900e-03 8.078308776021e-03 7.585103623569e-03 8.577305823565e-03 8.269699290395e-03 1.070743519813e-02 1.134779118001e-02 1.205907855183e-02 1.078979764134e-02 8.134398609400e-03 6.863506510854e-03 1.390375662595e-02 1.517120655626e-02 1.670151948929e-02 2.017683908343e-02 2.518515661359e-02 1.534695457667e-02 1.129663456231e-02 9.593404829502e-03 9.588613174856e-03 7.146366871893e-03 9.991686791182e-03
4.981836304069e-03 1.074414514005e-02 1.240576989949e-02 1.464574597776e-02 1.603189483285e-02 1.390643324703e-02 7.794518023729e-03 4.276363644749e-03 5.833561066538e-03 6.812015548348e-03 6.996078416705e-03 6.616231985390e-03 6.201213225722e-03 8.350055664778e-03 9.196502156556e-03 9.128011763096e-03 8.985161781311e-03 8.740476332605e-03 8.634722791612e-03 8.342443965375e-03 8.154546841979e-03 8.153721690178e-03 7.909440435469e-03 9.923689067364e-03 1.194739434868e-02 1.033164467663e-02 1.169585529715e-02 1.500848866999e-02 1.516585052013e-02 1.346309576184e-02 1.004545856267e-02 7.465289905667e-03 8.122022263706e-03 1.270843483508e-02 1.894880644977e-02 1.669014617801e-02 1.705119386315e-02 1.289220899343e-02 1.377887651324e-02 1.403233502060e-02 1.141418796033e-02 7.295146118850e-03 8.884332142770e-03
3.196635516360e-03 7.057143840939e-03 8.212858811021e-03 1.008852384984e-02 1.313066016883e-02 1.726264134049e-02 1.950075849891e-02 1.516385097057e-02 7.917364127934e-03 7.370525039732e-03 6.561229471117e-03 8.461046032608e-03 9.973417036235e-03 1.038315426558e-02 9.863817133009e-03 9.856301359832e-03 9.755648672581e-03 9.465103968978e-03 9.916822426021e-03 1.000840030611e-02 1.028683222830e-02 1.117697544396e-02 1.056976709515e-02 9.735030122101e-03 9.427039884031e-03 1.216268073767e-02 1.165109686553e-02 1.441422570497e-02 1.584569178522e-02 1.421272009611e-02 1.061150897294e-02 1.145343575627e-02 1.476921793073e-02 1.976527459919e-02 2.358201891184e-02 1.708226278424e-02 1.206118147820e-02 1.007275003940e-02 1.237103715539e-02 1.585578545928e-02 1.730871573091e-02 1.175460126251e-02 8.793887682259e-03
2.198914298788e-03 4.316889215261e-03 5.372788757086e-03 4.947726149112e-03 5.719832610339e-03 8.563489653170e-03 1.338543463498e-02 1.814472675323e-02 1.808959431946e-02 1.244151685387e-02 9.452639147639e-03 9.972904808819e-03 1.010443177074e-02 9.647852741182e-03 9.481810964644e-03 9.323618374765e-03 8.841359987855e-03 9.485960938036e-03 9.733352810144e-03 1.009549386799e-02 1.070088800043e-02 1.032922603190e-02 9.930214844644e-03 9.807297959924e-03 9.650615043938e-03 9.494630619884e-03 1.001580059528e-02 1.119443401694e-02 1.345322839916e-02 1.398793980479e-02 1.095226872712e-02 1.328007597476e-02 1.599602028728e-02 1.817394606769e-02 1.760789193213e-02 1.103444769979e-02 1.174301467836e-02 1.354762725532e-02 1.460657175630e-02 1.307690236717e-02 1.939566805959e-02 1.971490681171e-02 1.098508294672e-02
2.553737023845e-03 5.026379134506e-03 4.974158480763e-03 6.108743604273e-03 5.014823749661e-03 4.349984228611e-03 5.139044020325e-03 9.443029761314e-03 1.513939443976e-02 1.758085563779e-02 1.431505288929e-02 9.526269510388e-03 9.048664011061e-03 8.846553973854e-03 8.275082334876e-03 8.039042353630e-03 8.296213112772e-03 9.100537747145e-03 8.774963207543e-03 8.761407807469e-03 7.910125888884e-03 6.487012840807e-03 8.334033191204e-03 7.398043759167e-03 1.118142902851e-02 9.884634986520e-03 1.132057327777e-02 1.250444911420e-02 1.041249372065e-02 1.127197407186e-02 1.260210759938e-02 1.357711944729e-02 1.154270395637e-02 1.430060621351e-02 1.056025456637e-02 9.080123156309e-03 1.185615640134e-02 1.639470271766e-02 1.961892284453e-02 1.855392195284e-02 1.571591198444e-02 2.439100854099e-02 1.835016161203e-02
3.302380908281e-03 6.348466500640e-03 5.902595352381e-03 6.040116306394e-03 6.734835449606e-03 5.074400920421e-03 7.051748223603e-03 8.564404211938e-03 9.462868794799e-03 1.325518079102e-02 1.705394499004e-02 1.545189414173e-02 9.450770914555e-03 7.588839158416e-03 7.467477116734e-03 7.642142008990e-03 7.911819033325e-03 7.817036472261e-03 8.344599977136e-03 8.134474046528e-03 7.093093823642e-03 5.943031981587e-03 6.390540860593e-03 1.015182025731e-02 1.514456048608e-02 2.039434388280e-02 2.450493164361e-02 1.995605416596e-02 1.339251734316e-02 1.251973211765e-02 1.553367264569e-02 1.084584090859e-02 8.126189932227e-03 1.781934499741e-02 7.504635956138e-03 1.052899006754e-02 9.822920896113e-03 1.379824802279e-02 2.006494253874e-02 2.156662568450e-02 1.853764988482e-02 2.056726068258e-02 2.786580473185e-02
3.002141835168e-03 6.562417373061e-03 6.938382517546e-03 6.780097261071e-03 7.124662399292e-03 7.236869074404e-03 8.673369884491e-03 9.112367406487e-03 9.046831168234e-03 8.546711876988e-03 1.187324803323e-02 1.690428145230e-02 1.648675091565e-02 1.136493124068e-02 7.162189111114e-03 7.148330565542e-03 6.892089731991e-03 6.330408621579e-03 8.476576767862e-03 8.822898380458e-03 8.964878506958e-03 7.438999600708e-03 6.831167265773e-03 1.257010176778e-02 2.133735269308e-02 3.145365789533e-02 3.691917285323e-02 3.530100360513e-02 2.301048859954e-02 1.445200946182e-02 1.673461310565e-02 1.396198011935e-02 1.303467527032e-02 2.177720703185e-02 1.130243111402e-02 2.168233878911e-02 1.568517461419e-02 1.132921874523e-02 1.535000093281e-02 2.205864898860e-02 2.259221300483e-02 1.906045898795e-02 2.992658503354e-02
3.685400122777e-03 7.504366803914e-03 7.592590060085e-03 7.374241948128e-03 7.638905663043e-03 8.654708974063e-03 8.715297095478e-03 8.809202350676e-03 8.095504716039e-03 7.460767403245e-03 7.211125455797e-03 1.022320706397e-02 1.640256121755e-02 1.727555319667e-02 1.308000646532e-02 6.261266302317e-03 5.781971849501e-03 6.477762013674e-03 7.536308839917e-03 1.205977424979e-02 1.090507674962e-02 1.000322867185e-02 9.168770164251e-03 1.254159864038e-02 2.181273512542e-02 3.112351335585e-02 4.236275330186e-02 4.963570088148e-02 4.142514988780e-02 2.005652338266e-02 1.801888458431e-02 1.957655698061e-02 1.869717426598e-02 2.577026747167e-02 1.433379948139e-02 2.902737632394e-02 2.404139749706e-02 1.580451615155e-02 1.460637710989e-02 2.099180966616e-02 4.500166326761e-02 2.284115366638e-02 2.443929202855e-02
4.882430192083e-03 9.186759591103e-03 8.456205949187e-03 9.029587730765e-03 9.585535153747e-03 1.013003475964e-02 1.075894571841e-02 1.119235716760e-02 1.143982168287e-02 1.148085203022e-02 1.113825663924e-02 1.078177895397e-02 1.031806506217e-02 1.516173128039e-02 1.758448779583e-02 1.463688071817e-02 7.322608493268e-03 6.692811381072e-03 7.296518888324e-03 1.153053343296e-02 1.222414523363e-02 1.101957447827e-02 1.010842993855e-02 1.073134597391e-02 1.805764250457e-02 2.686056680977e-02 4.159092530608e-02 5.809407681227e-02 5.489607900381e-02 3.347380086780e-02 2.581135556102e-02 3.257155418396e-02 3.501447290182e-02 3.236511722207e-02 2.685364522040e-02 3.130457550287e-02 2.980721183121e-02 2.299819886684e-02 2.633766084909e-02 2.349238842726e-02 6.441459804773e-02 5.260692164302e-02 1.432947907597e-02
5.006917752326e-03 1.040556281805e-02 1.038765534759e-02 1.007164642215e-02 8.877011947334e-03 7.912615314126e-03 7.528630550951e-03 8.326455950737e-03 9.224957786500e-03 1.028490439057e-02 1.146589871496e-02 1.284398976713e-02 1.415357738733e-02 2.244253642857e-02 2.296400628984e-02 1.741066388786e-02 1.643699221313e-02 1.564831659198e-02 1.457964256406e-02 1.336866058409e-02 1.206050533801e-02 1.044826395810e-02 1.145250815898e-02 1.114238984883e-02 1.233513280749e-02 2.032356336713e-02 2.994864434004e-02 4.737077280879e-02 6.019038707018e-02 4.173478111625e-02 1.981149800122e-02 2.035693824291e-02 2.993701770902e-02 3.979036211967e-02 4.425567016006e-02 4.111209511757e-02 2.972353622317e-02 2.493250742555e-02 1.879242621362e-02 2.714156359434e-02 6.740453094244e-02 8.076043426991e-02 2.187670581043e-02
4.199129994959e-03 8.466178551316e-03 8.948999457061e-03 9.754871018231e-03 1.024276856333e-02 9.898269549012e-03 8.308350108564e-03 7.178687956184e-03 7.220155559480e-03 7.219298277050e-03 7.180205080658e-03 7.026898209006e-03 6.806436926126e-03 8.612150326371e-03 1.292194705456e-02 1.415645238012e-02 1.696259714663e-02 1.637440547347e-02 1.338869892061e-02 1.481829676777e-02 1.567749306560e-02 1.618294604123e-02 1.678561791778e-02 1.752915419638e-02 1.685271784663e-02 1.349523477256e-02 2.017914317548e-02 3.587361425161e-02 5.068218708038e-02 3.724721446633e-02 1.869534142315e-02 1.313767675310e-02 1.157196611166e-02 1.941777579486e-02 2.336839400232e-02 3.803826123476e-02 4.836047440767e-02 4.478008672595e-02 2.792470529675e-02 3.025942854583e-02 4.338854923844e-02 9.601860493422e-02 3.493504226208e-02
3.395946696401e-03 6.566123571247e-03 6.541131995618e-03 6.265003234148e-03 6.492099724710e-03 7.265561725944e-03 7.590554654598e-03 7.470129523426e-03 6.351265124977e-03 6.830372381955e-03 7.423218339682e-03 8.024139329791e-03 8.578628301620e-03 9.133541025221e-03 9.699414484203e-03 1.018990483135e-02 1.061749737710e-02 1.592648774385e-02 1.696025207639e-02 2.187654189765e-02 1.714446954429e-02 1.415676437318e-02 1.350381039083e-02 1.319751795381e-02 1.324012037367e-02 1.504645124078e-02 2.004491165280e-02 2.296465076506e-02 3.238913416862e-02 2.644610777497e-02 1.343181822449e-02 1.585800014436e-02 1.182183995843e-02 1.562529616058e-02 1.832801848650e-02 2.217852324247e-02 2.239044196904e-02 3.752972558141e-02 5.309714749455e-02 4.308782890439e-02 3.820520266891e-02 7.879935950041e-02 7.102981209755e-02
2.141274278983e-03 4.315930418670e-03 4.249456338584e-03 4.169284831733e-03 4.735332448035e-03 5.531901959330e-03 6.058567669243e-03 6.351717747748e-03 6.450698245317e-03 5.942278541625e-03 5.599896423519e-03 5.823955871165e-03 6.159171462059e-03 6.247562356293e-03 6.335088517517e-03 8.405554108322e-03 9.361630305648e-03 1.260202936828e-02 2.382505498827e-02 2.493053115904e-02 2.205460518599e-02 1.879752986133e-02 2.195788733661e-02 2.627782151103e-02 1.850027963519e-02 2.132861874998e-02 2.078744210303e-02 1.933490484953e-02 2.011318504810e-02 2.658242732286e-02 2.495298162103e-02 1.569306477904e-02 1.627852581441e-02 1.717234589159e-02 1.855619996786e-02 1.941642351449e-02 1.995803602040e-02 2.570486813784e-02 3.754160553217e-02 4.381982237101e-02 5.238337442279e-02 7.009970396757e-02 5.837048962712e-02
