VariationalSeries/SI/f100.grd
DSAA
101	101
32.816463539100	34.260883539100
35.556306596100	36.727886596100
4.450123469724e-06	7.486081719398e-01
[rows 38 to 56 of 101, columns 0 to 42 of 101]
1.748471637256e-03 3.689423203468e-03 3.990381956100e-03 4.157006274909e-03 4.966790787876e-03 6.089342292398e-03 7.033079396933e-03 7.984834723175e-03 8.774343878031e-03 8.016538806260e-03 6.582826841623e-03 5.376180633903e-03 5.344097502530e-03 5.267550703138e-03 5.583462305367e-03 6.304512731731e-03 7.133641745895e-03 1.311133336276e-02 2.123811095953e-02 2.277771569788e-02 1.833102107048e-02 1.536455284804e-02 1.035476382822e-02 1.213173754513e-02 2.397523634136e-02 3.119347244501e-02 3.008165396750e-02 2.154121175408e-02 1.559368707240e-02 1.720459759235e-02 1.809862256050e-02 2.232299931347e-02 3.057065419853e-02 2.997583337128e-02 2.815590612590e-02 1.692846603692e-02 2.315822988749e-02 2.603765763342e-02 2.562907338142e-02 3.941316157579e-02 4.330403730273e-02 6.352942436934e-02 5.144994705915e-02
2.601621905342e-03 4.632101859897e-03 3.885573707521e-03 3.772141179070e-03 5.376552231610e-03 6.537849083543e-03 8.589114062488e-03 1.080666389316e-02 1.205094065517e-02 1.128568779677e-02 8.207648061216e-03 6.388559006155e-03 5.512445699424e-03 5.631330888718e-03 6.043451838195e-03 6.532547529787e-03 6.961409933865e-03 7.337204646319e-03 1.155204139650e-02 1.617385819554e-02 1.652009971440e-02 1.599949225783e-02 1.651986502111e-02 1.384971104562e-02 1.285892818123e-02 1.428875979036e-02 1.925742067397e-02 3.627017885447e-02 4.862054437399e-02 4.933656379580e-02 3.870050236583e-02 1.908180862665e-02 2.164393849671e-02 1.841975748539e-02 3.671323508024e-02 3.289234638214e-02 2.144676633179e-02 2.589611522853e-02 3.173556923866e-02 3.600022196770e-02 4.836426675320e-02 5.834518000484e-02 6.804444640875e-02
2.971332287416e-03 5.918285809457e-03 5.606885999441e-03 4.872996825725e-03 6.436774507165e-03 7.920252159238e-03 9.611141867936e-03 1.264565810561e-02 1.370676234365e-02 1.365946698934e-02 9.343002922833e-03 6.273712031543e-03 6.312523968518e-03 5.459199659526e-03 4.546300973743e-03 5.106123629957e-03 6.020422093570e-03 6.515589542687e-03 6.858104839921e-03 9.101045317948e-03 1.342293433845e-02 1.894477382302e-02 2.264830470085e-02 2.283062785864e-02 2.254256419837e-02 1.502784434706e-02 1.178808137774e-02 1.244567707181e-02 1.220585219562e-02 1.531855762005e-02 3.231137245893e-02 5.143396183848e-02 6.095373630524e-02 5.091489478946e-02 2.586024813354e-02 2.569916099310e-02 4.509386047721e-02 3.749498724937e-02 3.892093151808e-02 3.872521221638e-02 3.584498167038e-02 4.844281077385e-02 7.332727313042e-02
4.248077981174e-03 7.218914572150e-03 8.387548848987e-03 8.616484701633e-03 7.764842826873e-03 9.292201139033e-03 9.274950250983e-03 8.886039257050e-03 8.884553797543e-03 1.093284506351e-02 1.179199479520e-02 1.022238191217e-02 7.571362890303e-03 6.745853926986e-03 6.951732560992e-03 8.599972352386e-03 9.976489469409e-03 1.115631125867e-02 1.089961081743e-02 7.924873381853e-03 8.792662993073e-03 1.160053070635e-02 1.313705276698e-02 1.762498170137e-02 2.189261838794e-02 2.601973712444e-02 2.903904765844e-02 2.819402888417e-02 2.909604460001e-02 3.175213932991e-02 3.511891141534e-02 3.403525799513e-02 5.268257111311e-02 5.956097692251e-02 4.255519434810e-02 5.403567478061e-02 5.997873470187e-02 5.096627771854e-02 5.769019573927e-02 4.668838903308e-02 3.263963013887e-02 5.705721676350e-02 4.753241688013e-02
4.357380326837e-03 7.697465829551e-03 8.633912540972e-03 7.863291539252e-03 8.667023852468e-03 1.093257591128e-02 1.086081191897e-02 9.328173473477e-03 1.124292798340e-02 9.360618889332e-03 8.909786120057e-03 1.242584176362e-02 1.289154682308e-02 9.703887626529e-03 8.990728296340e-03 8.284683339298e-03 8.575079031289e-03 1.148188021034e-02 1.547350548208e-02 1.572686061263e-02 9.948961436749e-03 1.130835432559e-02 1.446909550577e-02 1.203467883170e-02 1.392340287566e-02 1.682830788195e-02 2.225863747299e-02 3.364709392190e-02 4.529747366905e-02 4.147476330400e-02 3.943291679025e-02 2.918932959437e-02 2.913368493319e-02 5.488648638129e-02 5.258596688509e-02 6.631709635258e-02 4.384277388453e-02 6.220422312617e-02 5.460535362363e-02 7.880609482527e-02 8.148629218340e-02 6.424828618765e-02 7.217384874821e-02
8.473366498947e-03 1.643198914826e-02 1.227944716811e-02 1.032963860780e-02 1.010803598911e-02 9.095643647015e-03 9.367463178933e-03 1.140187308192e-02 1.128723565489e-02 9.151110425591e-03 1.134727895260e-02 7.735718041658e-03 9.927987121046e-03 1.390992291272e-02 1.207043416798e-02 1.041554473341e-02 1.304586138576e-02 2.825450152159e-02 3.328161686659e-02 1.837818324566e-02 1.968304626644e-02 1.148939691484e-02 1.345772668719e-02 1.911550946534e-02 1.275809574872e-02 1.168393436819e-02 1.243350841105e-02 1.352875959128e-02 1.726948283613e-02 1.963214576244e-02 2.097029797733e-02 2.302014641464e-02 3.133800998330e-02 4.932178929448e-02 3.372926265001e-02 3.125802800059e-02 4.573538899422e-02 5.228470638394e-02 3.483920544386e-02 7.219237089157e-02 7.396471500397e-02 8.094232529402e-02 9.923710674047e-02
1.345231570303e-02 2.467676438391e-02 2.001035027206e-02 1.561195868999e-02 1.439636759460e-02 1.163432653993e-02 1.603275910020e-02 1.406804937869e-02 1.431025750935e-02 1.119426358491e-02 8.728949353099e-03 1.071394048631e-02 9.620388038456e-03 6.324613466859e-03 1.178464759141e-02 1.381750963628e-02 1.004983019084e-02 8.588396012783e-03 1.569656096399e-02 1.049711741507e-02 1.825701445341e-02 2.149533666670e-02 2.137968316674e-02 1.864791102707e-02 2.568861469626e-02 1.582138612866e-02 1.484641712159e-02 1.922953128815e-02 2.254381403327e-02 1.726308278739e-02 2.183383516967e-02 2.690700627863e-02 3.189825639129e-02 3.745995461941e-02 4.766784235835e-02 3.616243600845e-02 4.028633609414e-02 4.505718126893e-02 4.272023588419e-02 6.116284057498e-02 5.722793936729e-02 8.278355002403e-02 8.400887250900e-02
5.343512631953e-03 1.113545801491e-02 1.333378348500e-02 1.570326834917e-02 1.604284904897e-02 1.782018691301e-02 1.882403343916e-02 1.622913219035e-02 1.454029977322e-02 1.391060091555e-02 1.303407084197e-02 1.205106079578e-02 1.136001572013e-02 1.068568043411e-02 1.156789809465e-02 9.880630299449e-03 7.049131672829e-03 8.316967636347e-03 8.761010132730e-03 1.193706132472e-02 1.120740547776e-02 1.866293512285e-02 1.992766000330e-02 2.145464532077e-02 2.506421506405e-02 2.836834080517e-02 3.087928518653e-02 3.217267990112e-02 3.291046619415e-02 3.547149896622e-02 3.604624420404e-02 3.791555017233e-02 4.030476510525e-02 3.352162614465e-02 2.894414030015e-02 4.054935649037e-02 4.901576787233e-02 7.501880824566e-02 9.004162251949e-02 8.340299129486e-02 7.953961938620e-02 8.259744197130e-02 6.890668720007e-02
5.204689223319e-03 1.093239709735e-02 1.244587451220e-02 1.381298340857e-02 1.551161333919e-02 1.585406064987e-02 1.457268651575e-02 1.180426124483e-02 1.116033270955e-02 1.341969706118e-02 1.575475931168e-02 1.494506374002e-02 1.129516307265e-02 7.365754805505e-03 7.882161997259e-03 4.557960201055e-03 2.644863445312e-03 2.924962667748e-03 3.892315551639e-03 4.696557298303e-03 1.395616494119e-02 2.461652643979e-02 2.114602364600e-02 2.643923833966e-02 2.545526251197e-02 3.140649572015e-02 3.244695812464e-02 3.074187971652e-02 2.868845686316e-02 3.304752707481e-02 3.489249572158e-02 4.509303718805e-02 5.767820030451e-02 6.287562847137e-02 5.375494062901e-02 4.551700130105e-02 5.049832910299e-02 3.625623136759e-02 5.523239076138e-02 5.650324746966e-02 8.830064535141e-02 8.277808129787e-02 8.924105018377e-02
1.395259518176e-03 2.805507276207e-03 2.963343635201e-03 3.186702728271e-03 4.435173701495e-03 6.192809902132e-03 8.140107616782e-03 8.765240199864e-03 8.501257747412e-03 7.852206937969e-03 8.023191243410e-03 1.019516494125e-02 1.017139665782e-02 8.264142088592e-03 5.329102743417e-03 4.164660815150e-03 2.135235816240e-03 1.813598209992e-03 2.023484790698e-03 4.322480875999e-03 9.707276709378e-03 2.051726356149e-02 5.133371800184e-02 4.832174628973e-02 4.342914372683e-02 4.079544544220e-02 3.932673111558e-02 3.824650868773e-02 4.020712152123e-02 4.647755622864e-02 5.248268321157e-02 5.944645777345e-02 1.018793284893e-01 5.712936073542e-02 1.282313317060e-01 8.727589249611e-02 6.955622136593e-02 7.543631643057e-02 9.347747266293e-02 1.086809784174e-01 1.150790005922e-01 1.082339882851e-01 1.083805933595e-01
1.269927015528e-03 2.453763736412e-03 2.673226408660e-03 2.678888617083e-03 4.462737590075e-03 6.605094298720e-03 6.878069601953e-03 5.612925626338e-03 4.143530037254e-03 3.389060497284e-03 4.298084415495e-03 5.334381479770e-03 5.104375071824e-03 4.098350182176e-03 3.014684189111e-03 2.138546667993e-03 1.554910442792e-03 1.146177528426e-03 1.174806966446e-03 3.838476026431e-03 1.228991430253e-02 2.130644768476e-02 2.102304063737e-02 4.403901472688e-02 1.066244542599e-01 5.412789434195e-02 3.378304839134e-02 3.060193173587e-02 3.190650045872e-02 3.482029587030e-02 5.983485281467e-02 8.581251651049e-02 4.539782926440e-02 6.778890639544e-02 1.231241226196e-01 2.230124175549e-01 9.129967540503e-02 7.313646376133e-02 6.472001969814e-02 7.124580442905e-02 6.103958934546e-02 1.137920618057e-01 1.333828568459e-01
6.590469856746e-04 1.369269448332e-03 1.642215531319e-03 1.823379192501e-03 2.372199203819e-03 3.811346367002e-03 4.365609958768e-03 3.786101471633e-03 2.928996924311e-03 2.198859350756e-03 1.816712436266e-03 1.734820893034e-03 1.382541377097e-03 1.225884770975e-03 1.463901484385e-03 1.117105595767e-03 1.027714344673e-03 8.641032036394e-04 1.022171345539e-03 1.546130166389e-03 2.624326618388e-03 7.119265850633e-03 7.478238549083e-03 1.015822775662e-02 3.887950628996e-02 4.119646921754e-02 1.536093745381e-02 8.485623635352e-03 8.851191028953e-03 2.834068611264e-02 3.756317868829e-02 4.081531986594e-02 4.264970123768e-02 3.508563339710e-02 5.157300829887e-02 1.478372216225e-01 7.974004745483e-02 4.845378547907e-02 3.404514864087e-02 3.069411963224e-02 2.895487286150e-02 7.560261338949e-02 1.051311492920e-01
2.925090375356e-04 5.840890808031e-04 6.079302402213e-04 6.728891748935e-04 8.496535592712e-04 1.075460109860e-03 1.279348158278e-03 1.392319216393e-03 1.347861369140e-03 1.143394270912e-03 9.679610957392e-04 1.112828613259e-03 1.148318755440e-03 1.060962909833e-03 1.080698566511e-03 1.236891723238e-03 9.412706131116e-04 7.472383440472e-04 8.514056098647e-04 1.249329885468e-03 1.428052317351e-03 2.618783852085e-03 4.553098697215e-03 9.918064810336e-03 2.404562756419e-02 1.501752529293e-02 9.314811788499e-03 7.412246894091e-03 7.079809438437e-03 2.293606521562e-03 2.010610653087e-03 2.193057211116e-03 3.427885007113e-03 7.405200041831e-03 1.722339913249e-02 2.904649972916e-01 5.532214045525e-01 7.451896369457e-02 5.091903358698e-02 2.625399455428e-02 1.849514804780e-02 1.993094384670e-02 3.869657963514e-02
2.363630046602e-04 4.297189880162e-04 4.777676949743e-04 4.780007293448e-04 4.800204769708e-04 6.187544786371e-04 8.123276638798e-04 9.995399741456e-04 1.111063291319e-03 1.088652294129e-03 9.155158768408e-04 8.365637040697e-04 9.083844488487e-04 8.780275820754e-04 7.803040207364e-04 9.571460541338e-04 1.113908365369e-03 8.884708513506e-04 6.905748159625e-04 2.059025922790e-03 2.573357196525e-03 1.929050893523e-03 2.561216708273e-03 4.505199380219e-03 8.530214428902e-03 8.477975428104e-02 1.841872930527e-02 1.623136736453e-02 6.870227400213e-03 1.358980545774e-03 1.189534552395e-03 1.246503554285e-03 1.456933678128e-03 1.797647331841e-03 2.418908290565e-03 1.293683890253e-02 8.999357372522e-02 2.298657447100e-01 5.918526649475e-02 3.347624838352e-02 9.517245925963e-03 6.185119971633e-03 6.742288358510e-03
2.190454106312e-04 5.212036776356e-04 7.044684607536e-04 8.129285415635e-04 8.465270511806e-04 7.810724200681e-04 6.943665794097e-04 6.361634586938e-04 7.957600755617e-04 9.127051453106e-04 9.105306817219e-04 7.885833038017e-04 6.779370014556e-04 8.455289062113e-04 8.827746496536e-04 7.886607781984e-04 9.177002939396e-04 1.187869813293e-03 9.400606504641e-04 1.976008294150e-03 2.103375503793e-03 1.801359816454e-03 2.003731438890e-03 2.170231891796e-03 4.955213516951e-03 1.740836165845e-02 1.776520349085e-02 4.551054444164e-03 2.120158402249e-03 1.314333756454e-03 9.854345116764e-04 8.417908684351e-04 8.307773969136e-04 1.045139506459e-03 1.358733279631e-03 4.598908592016e-03 2.344092540443e-02 8.389820158482e-02 1.012064740062e-01 1.561145670712e-02 6.764590274543e-03 4.333267454058e-03 4.094821866602e-03
3.318901872262e-04 7.808351074345e-04 9.973578853533e-04 1.121005159803e-03 1.151465810835e-03 1.100294641219e-03 1.032751868479e-03 9.290386224166e-04 8.018147782423e-04 6.554736173712e-04 7.304387399927e-04 7.678708061576e-04 7.357855211012e-04 8.583287126385e-04 9.843680309132e-04 9.296503849328e-04 7.828478119336e-04 1.246486208402e-03 1.330702099949e-03 3.502655541524e-03 2.244117902592e-03 1.617148867808e-03 1.096205902286e-03 1.133540295996e-03 2.131275134161e-03 1.572748832405e-02 2.166074141860e-02 4.120137542486e-03 2.703432459384e-03 1.374127343297e-03 8.524316945113e-04 5.932353669778e-04 5.274681025185e-04 5.515686352737e-04 8.500128169544e-04 1.419832115062e-03 9.532878175378e-03 2.964758872986e-02 7.867850363255e-02 3.840485960245e-02 1.833589188755e-02 3.608341561630e-03 3.073721658438e-03
2.271894773003e-04 4.940853687003e-04 6.158365868032e-04 6.754848873243e-04 6.549685494974e-04 6.575895240530e-04 7.350948289968e-04 8.212602697313e-04 9.022211306728e-04 9.032892994583e-04 7.780209416524e-04 5.911699263379e-04 6.965651409701e-04 7.632851484232e-04 7.649383042008e-04 7.683464791626e-04 8.000410743989e-04 1.313371933065e-03 1.813266659155e-03 3.020605538040e-03 2.322988817468e-03 1.824702601880e-03 8.996659889817e-04 9.014934184961e-04 1.811356982216e-03 5.896489601582e-03 4.802094772458e-03 3.198197809979e-03 2.530230674893e-03 1.404992886819e-03 7.821463514119e-04 6.474416004494e-04 5.710936966352e-04 5.583304446191e-04 7.112898165360e-04 1.207400229760e-03 2.550349570811e-03 1.276733167470e-02 1.505118049681e-02 9.160413406789e-03 5.544235929847e-03 2.749977866188e-03 2.504063537344e-03
2.134118694812e-04 3.885949554387e-04 5.755242309533e-04 7.335579721257e-04 8.743093931116e-04 1.032526604831e-03 1.206152839586e-03 1.393814804032e-03 1.567345694639e-03 1.617196830921e-03 1.446478650905e-03 1.075746724382e-03 6.936950958334e-04 7.203596178442e-04 8.891958859749e-04 9.662346565165e-04 1.199718448333e-03 1.391540281475e-03 1.630568876863e-03 2.854866907001e-03 2.056242665276e-03 1.353169209324e-03 7.193670608103e-04 7.010301924311e-04 1.311410684139e-03 1.522177364677e-03 2.167688868940e-02 2.190956147388e-03 2.065282315016e-03 1.241286168806e-03 7.264022715390e-04 5.826620617881e-04 5.560634308495e-04 5.875908536837e-04 7.546286797151e-04 1.027367659844e-03 1.721621840261e-03 2.121669007465e-03 4.446723032743e-03 5.880733951926e-03 3.674392588437e-03 2.211621263996e-03 2.852706471458e-03
2.117205440300e-04 3.827562613878e-04 5.289256223477e-04 6.528072408400e-04 7.779266452417e-04 9.309378219768e-04 1.092518563382e-03 1.255429815501e-03 1.407978474163e-03 1.490996219218e-03 1.414260594174e-03 1.532358815894e-03 1.597198541276e-03 1.599584240466e-03 1.526374602690e-03 1.384385977872e-03 1.646261429414e-03 1.198093406856e-03 1.618726411834e-03 5.154225509614e-03 1.895074732602e-03 9.536182042211e-04 6.748058367521e-04 5.657492438331e-04 7.805305649526e-04 2.145161153749e-03 7.397894747555e-03 1.716852304526e-03 2.190677216277e-03 9.262609528378e-04 6.865691975690e-04 5.257159937173e-04 5.324895028025e-04 6.056333659217e-04 7.982864044607e-04 9.498489089310e-04 1.057883142494e-03 1.709482283331e-03 3.742836415768e-03 4.374728538096e-03 2.730161650106e-03 2.029987983406e-03 2.629837021232e-03
