VariationalSeries/SI/f100.grd
DSAA
101	101
32.816463539100	34.260883539100
35.556306596100	36.727886596100
4.450123469724e-06	7.486081719398e-01
[rows 76 to 94 of 101, columns 43 to 85 of 101]
1.143976463936e-03 9.684768738225e-04 1.779865706339e-03 4.480652976781e-03 4.827840253711e-03 9.645390324295e-03 1.541825011373e-02 1.734896562994e-02 1.074270345271e-02 3.000430064276e-03 1.068720035255e-02 2.398488856852e-02 1.794257014990e-02 4.649187438190e-03 2.082513412461e-03 2.959388773888e-03 3.148717340082e-03 1.627963967621e-03 1.517816446722e-03 1.887946506031e-03 6.907433737069e-03 1.574789732695e-02 3.701241454110e-03 2.502223709598e-03 1.828713458963e-03 1.226496999152e-03 6.247551064007e-04 5.371122388169e-04 5.231702816673e-04 4.933281452395e-04 4.650974005926e-04 4.849791293964e-04 5.108377663419e-04 5.421209498309e-04 5.476964288391e-04 5.098252440803e-04 4.677107208408e-04 4.373012343422e-04 4.161138203926e-04 4.036308964714e-04 4.515213367995e-04 6.947918445803e-04 9.466338669881e-04
1.844158046879e-03 2.487492980435e-03 3.176505211741e-03 3.338721580803e-03 4.588801879436e-03 6.380903068930e-03 8.256495930254e-03 7.641821634024e-03 1.227169204503e-02 1.792155206203e-02 1.777699030936e-02 8.535548113286e-03 6.025387905538e-03 5.305179394782e-03 3.422437002882e-03 3.720134263858e-03 1.039031310938e-03 6.301554385573e-04 7.662406424060e-04 8.573888917454e-04 6.500411545858e-04 7.782317115925e-04 1.232351874933e-03 1.246662810445e-03 1.131745520979e-03 6.943008047529e-04 3.409415076021e-04 3.060116141569e-04 3.545634681359e-04 4.086195258424e-04 4.360137972981e-04 4.457245813683e-04 4.434466245584e-04 4.241114365868e-04 3.689316799864e-04 2.961523423437e-04 2.371141890762e-04 2.334784367122e-04 2.475120127201e-04 2.906292793341e-04 3.671495651361e-04 6.260520312935e-04 8.366919937544e-04
3.916992805898e-03 5.918119568378e-03 3.901143092662e-03 1.834978582337e-03 2.144501078874e-03 7.781954016536e-03 2.182894758880e-02 2.906829677522e-02 2.179243974388e-02 1.076170708984e-02 5.785879679024e-03 3.739504609257e-03 2.647137502208e-03 4.285295028239e-03 3.671252867207e-03 1.339102163911e-03 4.462093638722e-04 4.080206854269e-04 4.228439356666e-04 5.723368958570e-04 4.272769438103e-04 3.894553810824e-04 4.504554963205e-04 5.111331702210e-04 4.632597265299e-04 4.227976023685e-04 3.423950111028e-04 3.563801292330e-04 2.997847623192e-04 3.419514978305e-04 3.580027841963e-04 3.336845256854e-04 3.198639024049e-04 3.091855905950e-04 2.177666028729e-04 2.099042321788e-04 2.229207020719e-04 2.220604801551e-04 2.174355904572e-04 2.312844444532e-04 2.829051518347e-04 5.443929112516e-04 7.975869812071e-04
5.549654364586e-03 6.473171990365e-03 2.190189668909e-03 2.275398466736e-03 7.987387478352e-03 1.430252194405e-02 1.475267671049e-02 1.266690716147e-02 1.078314054757e-02 5.010996479541e-03 4.457948263735e-03 5.383148789406e-03 3.343926044181e-03 2.149232663214e-03 9.073805995286e-04 4.942066734657e-04 3.133786085527e-04 3.003575257026e-04 2.886088332161e-04 3.590659471229e-04 3.212298615836e-04 3.213981690351e-04 2.990380453411e-04 2.952446811832e-04 2.862566616386e-04 2.922770217992e-04 2.825801784638e-04 2.873942139558e-04 3.090986574534e-04 2.961557183880e-04 3.000397991855e-04 2.471755142324e-04 2.733189903665e-04 2.867975563277e-04 2.283417707076e-04 1.741680753184e-04 2.083680592477e-04 2.216853899881e-04 2.226057113148e-04 2.187368809246e-04 2.257872401970e-04 2.927016466856e-04 4.919345374219e-04
2.422311576083e-03 4.135735332966e-03 5.952293518931e-03 7.575112860650e-03 8.223454467952e-03 6.749718450010e-03 7.627990096807e-03 9.549008682370e-03 1.364471204579e-02 5.241109989583e-03 5.442102905363e-03 3.301790449768e-03 1.337560359389e-03 5.586235783994e-04 3.862435114570e-04 3.147556271870e-04 2.824347175192e-04 2.546694595367e-04 2.333036536584e-04 2.197298745159e-04 2.440407552058e-04 1.893346197903e-04 1.918928464875e-04 1.912091684062e-04 2.014093042817e-04 2.115719398716e-04 2.135468093911e-04 1.956462219823e-04 1.680189307081e-04 2.016857906710e-04 1.971087913262e-04 1.914274616865e-04 2.148478815798e-04 2.391338784946e-04 2.199583977927e-04 1.724537141854e-04 1.936110056704e-04 2.173645916628e-04 2.231908292742e-04 2.270074910484e-04 2.632325922605e-04 3.160453052260e-04 3.969478129875e-04
2.694239141420e-03 8.180435746908e-03 1.516638882458e-02 8.870704099536e-03 5.704689305276e-03 9.975427761674e-03 1.333522237837e-02 1.796850375831e-02 8.660865016282e-03 4.443746991456e-03 2.114567440003e-03 1.233226037584e-03 5.145881441422e-04 3.286146384198e-04 2.323550143046e-04 1.956771302503e-04 1.797990844352e-04 1.670998462941e-04 1.714998652460e-04 1.827038795454e-04 1.874380541267e-04 1.738160353852e-04 1.694266975392e-04 1.816245057853e-04 2.169947110815e-04 2.527849283069e-04 2.765198296402e-04 2.688156673685e-04 2.123933227267e-04 1.640870614210e-04 1.636581728235e-04 1.510872243671e-04 1.537233474664e-04 1.920876093209e-04 1.988539006561e-04 1.853680732893e-04 1.760900049703e-04 2.062466082862e-04 2.177158457926e-04 2.199055015808e-04 2.524495648686e-04 3.496502758935e-04 4.730454238597e-04
5.052466876805e-03 1.582600548863e-02 1.207019854337e-02 9.860021062195e-03 1.083284988999e-02 1.039372757077e-02 7.216997444630e-03 6.953962147236e-03 5.463417153805e-03 2.791865495965e-03 1.033124979585e-03 6.477341521531e-04 3.422719892114e-04 2.193098334828e-04 1.768470538082e-04 1.455168676330e-04 1.450617419323e-04 1.549806620460e-04 1.514549512649e-04 1.449522824259e-04 1.575225469423e-04 1.613925996935e-04 1.569830783410e-04 1.574074849486e-04 1.978118525585e-04 2.428568841424e-04 2.758246555459e-04 2.752141153906e-04 2.235647407360e-04 1.520024961792e-04 1.589307648828e-04 1.646298915148e-04 1.346579665551e-04 1.414637808921e-04 1.686790928943e-04 1.883142394945e-04 1.902264339151e-04 1.887692196760e-04 2.063302672468e-04 2.153806854039e-04 2.134500828106e-04 2.423392579658e-04 3.070638340432e-04
6.765989121050e-03 1.146681327373e-02 6.853788159788e-03 4.148222971708e-03 2.770721446723e-03 3.430692944676e-03 3.007490653545e-03 3.591475309804e-03 3.006044076756e-03 1.049088314176e-03 7.529945578426e-04 4.516272456385e-04 3.631902218331e-04 2.697217278183e-04 1.684075396042e-04 1.369468664052e-04 1.491453585913e-04 1.504805259174e-04 1.370625395793e-04 1.299014256801e-04 1.507287233835e-04 1.650909107411e-04 1.728166826069e-04 1.668692420935e-04 1.543667167425e-04 1.844905054895e-04 2.059427934000e-04 2.041715488303e-04 1.688321935944e-04 1.365538919345e-04 1.411580014974e-04 1.549911685288e-04 1.479631464463e-04 1.259719283553e-04 1.281027216464e-04 1.540210651001e-04 1.711704971967e-04 1.674333470874e-04 1.904907112475e-04 2.068730682367e-04 2.107495529344e-04 2.220082387794e-04 2.493151114322e-04
9.604058228433e-03 7.962994277477e-03 2.568040741608e-03 1.956113381311e-03 2.075938507915e-03 1.239690580405e-03 1.776760327630e-03 2.845799317583e-03 1.897027832456e-03 9.264124673791e-04 7.067432161421e-04 3.894389374182e-04 3.795870288741e-04 3.599823976401e-04 2.253942948300e-04 1.781064202078e-04 1.512002927484e-04 1.447325194022e-04 1.248297776328e-04 1.252286019735e-04 1.515512849437e-04 1.817830052460e-04 1.999354572035e-04 1.868630351964e-04 1.596713118488e-04 1.369982637698e-04 1.486437686253e-04 1.588811865076e-04 1.580352691235e-04 1.689652999630e-04 1.519133802503e-04 1.399839675287e-04 1.420284825144e-04 1.288923813263e-04 1.237409887835e-04 1.492807205068e-04 1.632679486647e-04 1.590876345290e-04 1.715304388199e-04 1.929744903464e-04 2.023699198617e-04 2.266147348564e-04 2.854142221622e-04
1.517159491777e-02 6.663184147328e-03 1.322690979578e-03 9.402256691828e-04 7.192897028290e-04 8.809860446490e-04 9.439876885153e-04 2.136532450095e-03 2.166432095692e-03 1.322458032519e-03 6.601595086977e-04 3.775900113396e-04 3.269067674410e-04 3.417714906391e-04 2.805690746754e-04 1.726400805637e-04 1.502011582488e-04 1.391805999447e-04 1.156779326266e-04 1.237964024767e-04 1.551355526317e-04 2.026391302934e-04 2.210970560554e-04 1.964185066754e-04 1.649985497352e-04 1.453423028579e-04 1.537159841973e-04 1.712783850962e-04 1.789689558791e-04 1.766792847775e-04 1.637243694859e-04 1.356812281301e-04 1.556039496791e-04 1.291481166845e-04 1.204809377668e-04 1.313594257226e-04 1.651647908147e-04 1.818982709665e-04 1.938432105817e-04 2.204003249062e-04 2.531899372116e-04 2.628947549965e-04 2.555463288445e-04
1.309380121529e-02 4.020830616355e-03 1.004901947454e-03 5.676462315023e-04 5.170367076062e-04 5.990974605083e-04 1.102281385101e-03 1.411179546267e-03 1.692395308055e-03 1.181605271995e-03 7.781250169501e-04 4.383275518194e-04 2.854801714420e-04 2.471751649864e-04 2.367966808379e-04 2.000907552429e-04 1.728526549414e-04 1.899926865008e-04 1.585959107615e-04 1.366418437101e-04 1.704780006548e-04 2.278041938553e-04 2.372434391873e-04 1.993220939767e-04 1.692767837085e-04 1.542746467749e-04 1.607162994333e-04 1.805022329791e-04 1.950244040927e-04 1.821287878556e-04 1.614591456018e-04 1.336442364845e-04 1.587790757185e-04 1.226963649970e-04 1.188278329209e-04 1.136523715104e-04 1.240535930265e-04 1.634696818655e-04 2.083004656015e-04 2.682724152692e-04 3.276028728578e-04 3.509787493385e-04 3.549331740942e-04
6.883526686579e-03 1.267416402698e-03 5.979497218505e-04 5.224669002928e-04 4.365085333120e-04 4.404116189107e-04 7.106908597052e-04 3.940020978916e-04 1.027540303767e-03 1.553159672767e-03 1.106911222450e-03 8.426044951193e-04 4.208355676383e-04 2.591921074782e-04 2.215508866357e-04 2.241688198410e-04 2.377998316661e-04 2.138718846254e-04 1.879034971353e-04 1.666639145697e-04 2.038648235612e-04 2.505844458938e-04 2.413997863187e-04 2.033324708464e-04 1.815153082134e-04 1.708277122816e-04 1.700504799373e-04 1.895336172311e-04 2.061145496555e-04 1.976694329642e-04 1.654298102949e-04 1.311215019086e-04 1.498700294178e-04 1.357010041829e-04 1.178077509394e-04 1.171839248855e-04 1.129679367295e-04 1.181607949547e-04 1.505885593360e-04 2.302512293682e-04 3.144529182464e-04 3.665943222586e-04 3.964948409703e-04
1.861560391262e-03 7.248097099364e-04 4.716539988294e-04 4.506304976530e-04 3.490960225463e-04 3.171430143993e-04 3.195026074536e-04 3.011679218616e-04 3.737255756278e-04 1.280792756006e-03 1.420330721885e-03 2.080541569740e-03 1.331893843599e-03 4.793261468876e-04 2.977969124913e-04 2.483686257619e-04 2.688338863663e-04 3.181215142831e-04 2.962283906527e-04 2.369598805672e-04 2.322921063751e-04 2.604005567264e-04 2.342474181205e-04 2.022592234425e-04 1.903909287648e-04 1.885659148684e-04 1.921961084008e-04 1.937161432579e-04 2.109125925926e-04 2.121094585164e-04 1.831220724853e-04 1.413596910425e-04 1.406149240211e-04 1.405943039572e-04 1.317830756307e-04 1.350289821858e-04 1.337406865787e-04 1.314610854024e-04 1.298075076193e-04 1.330452214461e-04 1.789139787434e-04 2.382150414633e-04 2.808174176607e-04
6.682525272481e-04 4.149409360252e-04 4.224235890433e-04 3.679367364384e-04 2.977181284223e-04 2.701753983274e-04 2.337237674510e-04 2.335699973628e-04 2.755486930255e-04 5.307230749168e-04 2.121174242347e-03 5.206595174968e-03 3.573399502784e-03 1.140136271715e-03 5.016581271775e-04 3.118247259408e-04 2.796365879476e-04 3.354998189025e-04 3.247745917179e-04 3.432559024077e-04 3.304467536509e-04 2.724747173488e-04 2.436535432935e-04 2.186660276493e-04 2.120093558915e-04 2.136088005500e-04 2.132490189979e-04 2.077574172290e-04 2.114175877068e-04 2.232923870906e-04 2.020868560066e-04 1.478112535551e-04 1.370879617753e-04 1.350914681097e-04 1.421395572834e-04 1.526341948193e-04 1.597942173248e-04 1.620698749321e-04 1.607847952982e-04 1.550247689011e-04 1.550844026497e-04 1.631479681237e-04 1.683288865024e-04
6.017225678079e-04 3.457905841060e-04 3.758147649933e-04 2.871665928978e-04 2.328064874746e-04 2.188100479543e-04 1.909189304570e-04 1.993168989429e-04 1.995470083784e-04 3.686286217999e-04 1.606929581612e-03 4.333426244557e-03 3.921563737094e-03 2.527327043936e-03 6.120580947027e-04 3.406282048672e-04 2.593680692371e-04 3.727004514076e-04 4.425103543326e-04 4.151700995862e-04 3.396198153496e-04 2.655766147655e-04 2.630359958857e-04 2.474559878465e-04 2.391850721324e-04 2.336950856261e-04 2.237379667349e-04 2.041502011707e-04 2.132221270585e-04 2.255392028019e-04 1.989774173126e-04 1.545104460092e-04 1.599366951268e-04 1.547689316794e-04 1.467625552323e-04 1.425646769349e-04 1.523606188130e-04 1.582803961355e-04 1.566911669215e-04 1.466846442781e-04 1.624225988053e-04 1.917415502248e-04 2.125263417838e-04
7.415688014589e-04 3.883775207214e-04 3.285794809926e-04 2.529669436626e-04 1.896560133900e-04 1.789281086531e-04 1.832636917243e-04 1.789043744793e-04 1.799429446692e-04 2.306359820068e-04 6.106713553891e-04 2.227283315733e-03 8.095017634332e-03 6.247356068343e-03 1.048577949405e-03 3.979128086939e-04 4.374938143883e-04 4.667910689022e-04 4.151350294705e-04 3.304459096398e-04 2.684782957658e-04 2.739417832345e-04 2.904718276113e-04 2.813600294758e-04 2.622691099532e-04 2.380026853643e-04 2.059570106212e-04 1.881017087726e-04 2.204709744547e-04 2.269575052196e-04 2.049663307844e-04 2.277142339153e-04 2.283001231262e-04 2.159515133826e-04 1.942454109667e-04 1.510715228505e-04 1.266995241167e-04 1.260085991817e-04 1.295452384511e-04 1.392639242113e-04 1.636140950723e-04 2.038851380348e-04 2.525211602915e-04
7.850716938265e-04 4.408961976878e-04 3.308242303319e-04 2.207346988143e-04 1.669355406193e-04 1.750981173245e-04 1.729128271108e-04 1.741997548379e-04 1.568378502270e-04 1.764774642652e-04 3.453688696027e-04 1.133581507020e-03 3.935113083571e-03 3.469492308795e-03 1.160262734629e-03 6.610642885789e-04 5.434665363282e-04 4.217399109621e-04 3.249340807088e-04 2.600386505947e-04 2.592015953269e-04 2.766638062894e-04 2.942438877653e-04 2.799065841828e-04 2.418343356112e-04 1.962388196262e-04 1.620449620532e-04 1.766397617757e-04 2.217795117758e-04 2.333850134164e-04 2.429438609397e-04 2.669910900295e-04 2.651408722159e-04 2.470304025337e-04 2.100182173308e-04 1.575328788022e-04 1.614606590010e-04 1.676764368312e-04 1.776153658284e-04 1.860417978605e-04 1.882881915662e-04 2.097651886288e-04 2.705860533752e-04
7.338226423599e-04 3.942769544665e-04 2.783173695207e-04 1.733598764986e-04 1.602563716006e-04 1.728570059640e-04 1.669682969805e-04 1.444230292691e-04 1.147408256656e-04 1.591365726199e-04 2.938103862107e-04 5.018443916924e-04 1.389111741446e-03 1.650819904171e-03 1.196081284434e-03 7.327344501391e-04 4.634770448320e-04 3.294001799077e-04 3.051862295251e-04 2.964724262711e-04 2.670804678928e-04 2.526332391426e-04 2.444257261232e-04 2.148088387912e-04 1.695026876405e-04 1.509257417638e-04 1.489493879490e-04 1.592314947629e-04 2.068706380669e-04 2.315957681276e-04 1.719376596157e-04 1.876134629129e-04 1.876863243524e-04 1.755440607667e-04 1.701682631392e-04 1.860816992121e-04 2.012121258304e-04 2.211952087237e-04 2.428830048302e-04 2.550546778366e-04 2.503951545805e-04 2.332089206902e-04 2.655122661963e-04
6.555134896189e-04 2.916312951129e-04 2.000628883252e-04 1.242616708623e-04 1.500062062405e-04 1.664287265157e-04 1.594243367435e-04 1.315581321251e-04 9.715575288283e-05 1.432026474504e-04 2.640086167958e-04 4.087346605957e-04 9.665938559920e-04 1.240141456947e-03 9.643775410950e-04 5.711903795600e-04 3.536908188835e-04 3.282298857812e-04 3.230462607462e-04 2.709227846935e-04 2.154883695766e-04 1.800480968086e-04 1.575817586854e-04 1.320861192653e-04 1.237199467141e-04 1.216987220687e-04 1.221151323989e-04 1.354247215204e-04 1.802699698601e-04 2.111112844432e-04 1.640367991058e-04 1.288823405048e-04 1.227199827554e-04 1.568713196320e-04 1.856668095570e-04 2.110008790623e-04 2.403633843642e-04 2.768552512862e-04 3.110321704298e-04 3.248984867241e-04 3.089580277447e-04 2.723064972088e-04 2.616829297040e-04
