VariationalSeries/SI/f100.grd
DSAA
101	101
32.816463539100	34.260883539100
35.556306596100	36.727886596100
4.450123469724e-06	7.486081719398e-01
[rows 76 to 94 of 101, columns 0 to 42 of 101]
4.736024493468e-05 6.851836951682e-05 9.025059262058e-05 1.068816854968e-04 1.148731680587e-04 1.156252692454e-04 1.117218562285e-04 1.055023676599e-04 9.842629515333e-05 1.054532549460e-04 1.192754716612e-04 1.430563133908e-04 1.694471575320e-04 1.863740326371e-04 1.897748443298e-04 1.842150377342e-04 1.677485561231e-04 1.784125197446e-04 1.837176387198e-04 1.962830720004e-04 2.707237727009e-04 2.646784996614e-04 1.743145985529e-04 1.892958389362e-04 1.754716649884e-04 1.609074970474e-04 1.650214544497e-04 1.835219300119e-04 2.064132859232e-04 2.182143507525e-04 2.101417194353e-04 1.979117805604e-04 1.923904637806e-04 1.902914809762e-04 2.093539224006e-04 2.510866615921e-04 4.845805233344e-04 5.784053937532e-04 5.444992566481e-04 3.844072925858e-04 3.816819516942e-04 6.319885142148e-04 1.102447393350e-03
4.768567669089e-05 7.711643411312e-05 1.023760414682e-04 1.181037805509e-04 1.243868318852e-04 1.237791730091e-04 1.188946916955e-04 1.116641724366e-04 1.150741154561e-04 1.278006820939e-04 1.471217838116e-04 1.739923027344e-04 1.988545700442e-04 2.109744091285e-04 2.077217359329e-04 1.926717086462e-04 1.641219132580e-04 1.685221941443e-04 1.692592632025e-04 1.507184206275e-04 1.544514816487e-04 1.617932430236e-04 1.421152119292e-04 1.708291820250e-04 1.809821842471e-04 1.660465641180e-04 1.791508693714e-04 2.157920534955e-04 2.395458286628e-04 2.423307450954e-04 2.260744658997e-04 2.074651856674e-04 2.059676044155e-04 1.999870582949e-04 2.433022455079e-04 2.629981609061e-04 4.342620959505e-04 4.854810249526e-04 5.360055365600e-04 6.067026406527e-04 1.257166033611e-03 1.642973045819e-03 1.558013493195e-03
5.078719186713e-05 8.102716674330e-05 1.055574903148e-04 1.194653668790e-04 1.239164703293e-04 1.218692123075e-04 1.156868893304e-04 1.252004440175e-04 1.411338162143e-04 1.579582749400e-04 1.797035074560e-04 2.026396978181e-04 2.174760593334e-04 2.170817897422e-04 2.015550417127e-04 1.750239316607e-04 1.390476099914e-04 1.457926118746e-04 1.412180572515e-04 1.238616241608e-04 1.133815676440e-04 1.272144581890e-04 1.535943301860e-04 2.047429006780e-04 2.156005939469e-04 1.952529710252e-04 2.396112395218e-04 2.599501167424e-04 2.658837765921e-04 2.600334992167e-04 2.431319444440e-04 2.253616403323e-04 2.146045299014e-04 2.447440056130e-04 3.155185549986e-04 4.097190394532e-04 5.394937470555e-04 6.703518447466e-04 5.659784073941e-04 1.476637902670e-03 1.705850590952e-03 1.645078184083e-03 1.625560456887e-03
4.587940202327e-05 7.252640352817e-05 9.351596963825e-05 1.047833357006e-04 1.076480039046e-04 1.046852994477e-04 1.189873219118e-04 1.354577543680e-04 1.486589608248e-04 1.617796078790e-04 1.755600969773e-04 1.857933821157e-04 1.869532134151e-04 1.760070008459e-04 1.554571354063e-04 1.300172298215e-04 1.210760747199e-04 1.167818554677e-04 1.091362792067e-04 1.013593646348e-04 1.049177735695e-04 1.168042290374e-04 1.843051286414e-04 2.507368917577e-04 2.711673732847e-04 2.851739409380e-04 2.942096907645e-04 2.964852901641e-04 2.792999730445e-04 2.626339846756e-04 2.485123695806e-04 2.359107602388e-04 2.623860200401e-04 3.091362304986e-04 3.944338532165e-04 4.546967684291e-04 4.434834118001e-04 7.254269439727e-04 8.498757379130e-04 1.260833349079e-03 1.463603461161e-03 1.460782950744e-03 1.492191571742e-03
3.782644125749e-05 6.056746497052e-05 7.384048512904e-05 8.099175465759e-05 8.315002924064e-05 9.580046025803e-05 1.100611625588e-04 1.188501119032e-04 1.229251065524e-04 1.265592582058e-04 1.307798083872e-04 1.332875690423e-04 1.307031197939e-04 1.209651454701e-04 1.240230776602e-04 1.269160566153e-04 1.255256065633e-04 1.190451584989e-04 1.088893113774e-04 9.965682693291e-05 9.871076326817e-05 1.214139119838e-04 2.074662625091e-04 2.851806057151e-04 3.232910530642e-04 3.432614903431e-04 3.460416628513e-04 3.557795425877e-04 3.466169582680e-04 2.984677266795e-04 2.568560594227e-04 2.456101938151e-04 2.885051362682e-04 3.138229949400e-04 3.318414965179e-04 3.588766849134e-04 4.770931554958e-04 6.999145844020e-04 9.247777052224e-04 9.422692237422e-04 1.473555108532e-03 1.778626698069e-03 1.396596664563e-03
5.170436270419e-05 7.789106894052e-05 9.424237214262e-05 1.019364499371e-04 1.061763032340e-04 1.081050650100e-04 1.087580822059e-04 1.080723086488e-04 1.060349604813e-04 1.032126529026e-04 1.069355057552e-04 1.162048210972e-04 1.242579746759e-04 1.312170497840e-04 1.361119793728e-04 1.373228587909e-04 1.334343833150e-04 1.240270066774e-04 1.121357490774e-04 1.094950348488e-04 1.042774238158e-04 1.308424543822e-04 2.136898401659e-04 2.941872517113e-04 7.322584860958e-04 2.163446275517e-03 2.301717642695e-03 1.037260517478e-03 6.034290418029e-04 4.760370356962e-04 3.382669528946e-04 2.605694171507e-04 3.050776140299e-04 4.004907968920e-04 3.227498091292e-04 3.891606756952e-04 4.313287790865e-04 7.224285509437e-04 1.261989586055e-03 1.238860189915e-03 1.372994622216e-03 1.821827143431e-03 2.509706653655e-03
7.314413960557e-05 1.075316977222e-04 1.288915082114e-04 1.399595494149e-04 1.430566189811e-04 1.422668137820e-04 1.394215942128e-04 1.350740640191e-04 1.295464462601e-04 1.239632692887e-04 1.457354810555e-04 1.674258091953e-04 1.862478675321e-04 1.991322787944e-04 2.034505596384e-04 1.979670923902e-04 1.827701926231e-04 1.589746389072e-04 1.482540246798e-04 1.408924290445e-04 1.318320282735e-04 1.536552299513e-04 2.136144466931e-04 4.803030751646e-04 2.026124158874e-03 5.824576131999e-03 6.366332061589e-03 3.203423693776e-03 1.389738521539e-03 6.822508876212e-04 4.409361281432e-04 3.342223353684e-04 2.987390907947e-04 4.267312178854e-04 4.604971036315e-04 4.777289577760e-04 4.276904801372e-04 6.509124068543e-04 1.487441593781e-03 2.235627966002e-03 1.476620906033e-03 1.435332116671e-03 3.186871763319e-03
9.182837675326e-05 1.311042142333e-04 1.568498701090e-04 1.668146578595e-04 1.663818111410e-04 1.609206374269e-04 1.530883018859e-04 1.489678834332e-04 1.739125145832e-04 2.121575817000e-04 2.516305248719e-04 2.889094757847e-04 3.206263063475e-04 3.456244885456e-04 3.628455160651e-04 3.690450976137e-04 3.594798617996e-04 3.286145802122e-04 2.711608249228e-04 2.030542673310e-04 1.875793532236e-04 1.914324093377e-04 4.219111287966e-04 7.642861455679e-04 2.210320672020e-03 1.810999587178e-02 3.399117290974e-02 7.407017983496e-03 3.251860151067e-03 1.163076143712e-03 5.390541628003e-04 4.133916809224e-04 3.964735951740e-04 5.511158960871e-04 6.624394445680e-04 6.461421144195e-04 5.338051123545e-04 7.911738939583e-04 1.252416404895e-03 2.742971759290e-03 2.758231945336e-03 1.375413732603e-03 3.311020089313e-03
9.764945571078e-05 1.365810167044e-04 1.596103975317e-04 1.651200436754e-04 1.595264620846e-04 1.660847046878e-04 1.835401926655e-04 1.951012091013e-04 2.324539091205e-04 2.861689717975e-04 3.421902365517e-04 3.953706764150e-04 4.420267941896e-04 4.836368316319e-04 5.235627177171e-04 5.613894318230e-04 5.866806604899e-04 5.765294190496e-04 4.998728982173e-04 3.591837012209e-04 2.768642152660e-04 3.957106382586e-04 6.971160182729e-04 9.889949578792e-04 4.335557576269e-03 1.039743237197e-02 1.332134846598e-02 4.040462896228e-03 1.541545148939e-03 9.203879162669e-04 7.904803496785e-04 9.663808159530e-04 1.247183885425e-03 1.156252808869e-03 8.303116192110e-04 8.264143834822e-04 6.908281357028e-04 8.068839670159e-04 8.863203111105e-04 1.801719190553e-03 2.395818475634e-03 1.554696820676e-03 5.775388795882e-03
1.331569364993e-04 2.108452172251e-04 2.657851146068e-04 2.969989436679e-04 3.143747162540e-04 3.210726135876e-04 3.178902552463e-04 3.061879251618e-04 2.882299304474e-04 2.963313309010e-04 3.576751623768e-04 4.194984794594e-04 4.781974130310e-04 5.345466779545e-04 5.946982419118e-04 6.655834149569e-04 7.344832411036e-04 7.599332020618e-04 6.850587669760e-04 6.526811630465e-04 6.236411281861e-04 6.729835295118e-04 8.664736524224e-04 1.178836449981e-03 2.237075939775e-03 8.209899533540e-04 6.477762944996e-04 6.475022528321e-04 7.178260129876e-04 7.632768247277e-04 8.445503190160e-04 6.012765225023e-03 3.979647997767e-03 3.104859963059e-03 1.871015876532e-03 2.753695473075e-03 2.533360617235e-03 1.190551323816e-03 9.307119180448e-04 1.111428020522e-03 1.656279317103e-03 4.394644871354e-03 6.676606833935e-03
2.442127151880e-04 3.795543161687e-04 4.648996691685e-04 4.994769115001e-04 5.050058243796e-04 4.923423985019e-04 4.670327471104e-04 4.338788276073e-04 4.045997047797e-04 4.201218253002e-04 4.312887031119e-04 4.352641990408e-04 4.583942063618e-04 5.205694469623e-04 5.793747841381e-04 6.454965332523e-04 7.109917351045e-04 1.059580128640e-03 1.368646509945e-03 1.378083950840e-03 1.406953088008e-03 1.392040867358e-03 1.018063165247e-03 1.223344705068e-03 6.053310935386e-04 4.577525833156e-04 4.216172383167e-04 3.654160245787e-04 4.130160959903e-04 5.772425211035e-04 1.320220530033e-03 7.140891626477e-03 5.115832202137e-03 3.434082260355e-03 3.005740698427e-03 6.382995750755e-03 6.089775357395e-03 2.752634231001e-03 2.064750762656e-03 1.906639081426e-03 2.449814695865e-03 4.144196864218e-03 7.441616151482e-03
3.508996451274e-04 5.339353810996e-04 6.283437251113e-04 6.459607393481e-04 7.914644666016e-04 8.514676592313e-04 8.373931632377e-04 7.809451199137e-04 7.046712562442e-04 6.364337168634e-04 6.437331903726e-04 6.304166745394e-04 6.634016172029e-04 7.651260239072e-04 8.382747182623e-04 9.046960039996e-04 1.060774084181e-03 1.155681209639e-03 1.042130868882e-03 1.191344112158e-03 1.249335589819e-03 1.019489718601e-03 8.339809719473e-04 4.767866339535e-04 4.191014450043e-04 3.264452388976e-04 2.706931845751e-04 2.172929380322e-04 1.988568983506e-04 3.540371835697e-04 5.646761856042e-04 3.034979803488e-03 3.957966808230e-03 5.954917520285e-03 6.323263049126e-03 8.251600898802e-03 5.819426383823e-03 2.727192128077e-03 4.286821931601e-03 4.330254159868e-03 3.049790626392e-03 4.004871938378e-03 1.282631698996e-02
4.111514426768e-04 6.194769521244e-04 7.164597045630e-04 8.001220412552e-04 9.706300916150e-04 1.036642002873e-03 1.013506203890e-03 9.392767678946e-04 8.395570912398e-04 7.325185579248e-04 6.491569220088e-04 7.142770919017e-04 8.263156632893e-04 9.488085051998e-04 1.031659077853e-03 1.059245318174e-03 9.934506379068e-04 8.170306100510e-04 6.459646974690e-04 5.589202628471e-04 4.760367446579e-04 3.340153780300e-04 2.980531135108e-04 2.851063909475e-04 2.539583074395e-04 2.072087954730e-04 1.597876544110e-04 1.514647447038e-04 1.931047008839e-04 2.911874616984e-04 4.192008054815e-04 1.678911154158e-03 1.812102622353e-03 3.486593952402e-03 4.045260138810e-03 9.348249994218e-03 8.212286047637e-03 4.306020215154e-03 3.931383602321e-03 1.709675602615e-02 4.021004587412e-02 1.043167803437e-02 6.408910732716e-03
3.066025674343e-04 4.575258062687e-04 5.226967623457e-04 5.296409362927e-04 6.324936985038e-04 6.686543347314e-04 6.499469745904e-04 6.001413566992e-04 5.346135585569e-04 4.652630013879e-04 4.317335842643e-04 4.645500739571e-04 4.824893840123e-04 4.856970917899e-04 4.775501147378e-04 4.848369571846e-04 4.349623923190e-04 3.480838495307e-04 4.053455195390e-04 3.820745914709e-04 3.043412289117e-04 2.223358460469e-04 2.081287966575e-04 1.855841401266e-04 1.552174653625e-04 1.220530029968e-04 1.391163677908e-04 1.934573811013e-04 2.424230042379e-04 4.957740893587e-04 6.272253813222e-04 9.395275264978e-04 1.637407229282e-03 1.218067831360e-03 1.052274019457e-03 1.279049552977e-03 7.986648939550e-03 4.623982589692e-03 3.563959849998e-03 2.283648401499e-02 5.040721222758e-02 5.540730897337e-03 1.998674124479e-03
1.450356794521e-04 2.141870645573e-04 2.522265422158e-04 2.866783470381e-04 3.000968426932e-04 3.125274961349e-04 3.155595040880e-04 2.990682260133e-04 2.844363625627e-04 2.804560645018e-04 2.753380103968e-04 2.530684869271e-04 2.587797644082e-04 2.660664322320e-04 2.640089078341e-04 2.498030080460e-04 3.357197274454e-04 4.287860356271e-04 4.040990315843e-04 3.023922035936e-04 1.928831770783e-04 1.403297501383e-04 1.272327353945e-04 1.102323149098e-04 9.190446871798e-05 1.416548766429e-04 2.181989839301e-04 2.913323405664e-04 4.008820105810e-04 6.502422038466e-04 8.957271929830e-04 1.208433648571e-03 1.397643703967e-03 1.215613912791e-03 7.203482091427e-04 8.394396281801e-04 1.624875469133e-03 4.095423035324e-03 6.734918337315e-03 7.050764281303e-03 3.732125507668e-03 1.427728333510e-03 1.332538551651e-03
9.609272092348e-05 1.399759203196e-04 1.774661359377e-04 2.004951529671e-04 2.095293893944e-04 2.085794840241e-04 2.035012730630e-04 1.938163622981e-04 1.823645725381e-04 1.702639565337e-04 1.578670635354e-04 1.455010497011e-04 1.336457644356e-04 1.314081164310e-04 1.297519775108e-04 1.829556276789e-04 3.117697197013e-04 3.688638971653e-04 3.156954480801e-04 2.175738336518e-04 1.324309851043e-04 8.462244295515e-05 8.497080125380e-05 9.299896919401e-05 1.264754246222e-04 2.151074440917e-04 3.243842802476e-04 4.554840852506e-04 6.478183204308e-04 8.854591287673e-04 1.325586345047e-03 1.368033699691e-03 1.249122200534e-03 6.734352791682e-04 5.116437096149e-04 6.968281813897e-04 8.404656546190e-04 3.182590706274e-03 7.909588515759e-03 4.551495425403e-03 2.720000920817e-03 1.218461664394e-03 1.156510086730e-03
6.704860425089e-05 9.707885328680e-05 1.214081494254e-04 1.364967320114e-04 1.432784338249e-04 1.441307103960e-04 1.410151744494e-04 1.351979590254e-04 1.275550166611e-04 1.185195724247e-04 1.086013871827e-04 9.806132584345e-05 1.045079698088e-04 1.051094150171e-04 9.702879469842e-05 1.084175237338e-04 1.941742084455e-04 2.416534844087e-04 2.258029126097e-04 1.766565983417e-04 1.247814070666e-04 8.387248090003e-05 9.093289554585e-05 1.044892560458e-04 1.786791253835e-04 3.956034779549e-04 8.442686521448e-04 7.804197375663e-04 6.442925659940e-04 1.194453216158e-03 1.626448705792e-03 1.394576043822e-03 1.008695922792e-03 4.691248468589e-04 5.032420740463e-04 6.924584740773e-04 9.605563827790e-04 3.444116096944e-03 5.808414891362e-03 2.728939754888e-03 1.582230092026e-03 9.725384879857e-04 8.732152055018e-04
4.498212729231e-05 6.452955130953e-05 8.003127732081e-05 8.948402683018e-05 9.364417201141e-05 9.407624020241e-05 9.187806426780e-05 8.775554306339e-05 8.212628017645e-05 7.534282485722e-05 7.476955943275e-05 8.403578976868e-05 8.768431871431e-05 8.385548426304e-05 7.990279118530e-05 9.141262125922e-05 1.015356756398e-04 1.234359369846e-04 1.411560951965e-04 1.362291513942e-04 1.159444218501e-04 9.159434557660e-05 9.708605648484e-05 1.333932304988e-04 2.325411333004e-04 6.884148460813e-04 9.837818797678e-04 5.865800194442e-04 6.558283348568e-04 1.263015321456e-03 1.709799049422e-03 1.353824744001e-03 9.415116510354e-04 6.461502052844e-04 7.154171471484e-04 6.919932784513e-04 1.492166891694e-03 5.980377085507e-03 4.344260785729e-03 1.137699349783e-03 2.278413623571e-03 9.904919425026e-04 6.751133478247e-04
2.655483331182e-05 3.775438744924e-05 4.648042158806e-05 5.163351670490e-05 5.370477447286e-05 5.360878276406e-05 5.195867197472e-05 4.914563396596e-05 4.709286076832e-05 5.746852548327e-05 6.724197737640e-05 7.364292832790e-05 7.417939923471e-05 8.159270510077e-05 9.436836990062e-05 1.073023158824e-04 1.185979490401e-04 1.259514538106e-04 1.271158253076e-04 1.212376446347e-04 1.105186238419e-04 1.028972110362e-04 1.143910267274e-04 1.662231661612e-04 2.804513787851e-04 7.714058738202e-04 8.125763852149e-04 6.461333250627e-04 5.879485397600e-04 1.129655865952e-03 1.582911121659e-03 1.233115093783e-03 1.202997984365e-03 8.119191043079e-04 8.617629646324e-04 6.192923174240e-04 1.425354741514e-03 3.819668898359e-03 1.882889773697e-03 1.335161621682e-03 3.019836731255e-03 9.752355981618e-04 5.164669710211e-04
