VariationalSeries/SI/f100.grd
DSAA
101	101
32.816463539100	34.260883539100
35.556306596100	36.727886596100
4.450123469724e-06	7.486081719398e-01
[rows 0 to 18 of 101, columns 43 to 85 of 101]
1.067755976692e-03 1.821924117394e-03 2.099747071043e-03 1.665059593506e-03 1.161031424999e-03 1.175329904072e-03 1.012103632092e-03 9.212586446665e-04 6.065688212402e-04 8.762668003328e-04 1.162372529507e-03 1.375735620968e-03 1.663522562012e-03 2.372147049755e-03 1.069088350050e-03 1.320171868429e-03 1.675406470895e-03 1.820419798605e-03 1.230523455888e-03 8.294130675495e-04 9.360454278067e-04 1.201496110298e-03 1.237276475877e-03 1.338389585726e-03 1.355336047709e-03 9.725145064294e-04 6.513803964481e-04 6.565072108060e-04 1.250306377187e-03 1.872504246421e-03 1.499101053923e-03 7.350065279752e-04 9.267937857658e-04 6.104639614932e-04 6.184832309373e-04 5.342112272047e-04 4.554737242870e-04 4.136030038353e-04 3.062453761231e-04 3.090596001130e-04 4.083770036232e-04 6.823695148341e-04 6.781424162909e-04
1.850972417742e-03 3.299996955320e-03 4.122273065150e-03 3.649823367596e-03 2.737333532423e-03 2.558242762461e-03 2.114616800100e-03 1.786895561963e-03 1.660656998865e-03 1.925052492879e-03 2.143630059436e-03 2.466246951371e-03 3.291661618277e-03 4.739466588944e-03 2.037204569206e-03 2.508792094886e-03 3.166154026985e-03 3.408582182601e-03 2.341757761315e-03 1.599851297215e-03 1.824158243835e-03 2.292110351846e-03 2.449505962431e-03 2.340087434277e-03 2.404438331723e-03 2.026608912274e-03 1.207795343362e-03 1.364390598610e-03 2.827245742083e-03 4.488605074584e-03 2.668617526069e-03 1.212972216308e-03 1.813587849028e-03 1.124295289628e-03 1.196972443722e-03 9.925556369126e-04 8.142180158757e-04 7.281338912435e-04 5.898436647840e-04 5.892115295865e-04 9.034140384756e-04 1.382610877044e-03 1.288387924433e-03
2.331846160814e-03 3.370013786480e-03 4.605238791555e-03 4.530169535428e-03 3.683748887852e-03 3.719620173797e-03 2.506775781512e-03 2.199070062488e-03 2.963201841339e-03 2.963347360492e-03 2.131483051926e-03 2.732304623351e-03 3.509544534609e-03 4.959490615875e-03 2.337251557037e-03 2.854991471395e-03 3.543896134943e-03 3.902890020981e-03 2.699231263250e-03 2.094663213938e-03 2.115894109011e-03 2.302058041096e-03 2.756068017334e-03 2.934358082712e-03 3.546698950231e-03 2.726973267272e-03 1.570685533807e-03 1.692135003395e-03 3.713853890076e-03 5.799229722470e-03 2.736703259870e-03 1.417388790287e-03 2.089292975143e-03 1.241444842890e-03 1.336079556495e-03 1.169895171188e-03 1.039454946294e-03 8.260509930551e-04 6.789429462515e-04 8.387609850615e-04 1.145057845861e-03 1.530937734060e-03 1.318884198554e-03
2.686958760023e-03 3.052425570786e-03 4.119317047298e-03 4.476218484342e-03 3.993064630777e-03 4.977914970368e-03 2.627227455378e-03 3.005162347108e-03 4.235714673996e-03 4.362985491753e-03 2.900666324422e-03 2.858866006136e-03 3.596704220399e-03 5.006704945117e-03 2.455166075379e-03 3.159354673699e-03 3.635739907622e-03 4.068068694323e-03 2.889893949032e-03 2.750573214144e-03 2.273201011121e-03 2.849293174222e-03 3.445293055847e-03 3.393606748432e-03 4.712099675089e-03 3.365672891960e-03 1.770539674908e-03 2.016670536250e-03 4.334851168096e-03 6.292737554759e-03 2.586678834632e-03 1.568635925651e-03 2.216134686023e-03 1.244356972165e-03 1.363770919852e-03 1.492109615356e-03 1.259636017494e-03 9.486556518823e-04 8.193646790460e-04 1.037240843289e-03 1.367344404571e-03 1.594998408109e-03 1.263861078769e-03
2.642628969625e-03 3.659858833998e-03 3.250239649788e-03 3.784448374063e-03 3.682407317683e-03 6.321371067315e-03 2.528295619413e-03 3.709118813276e-03 5.410578101873e-03 5.811711307615e-03 4.094718489796e-03 2.980094403028e-03 3.699072869495e-03 5.033671390265e-03 2.543218201026e-03 3.460973734036e-03 3.679919056594e-03 4.204965196550e-03 3.200364531949e-03 3.383998060599e-03 2.668153028935e-03 3.604781115428e-03 4.377946257591e-03 4.256362095475e-03 5.862490739673e-03 3.892979817465e-03 2.126309322193e-03 2.162316115573e-03 4.592678975314e-03 6.082255858928e-03 2.791551407427e-03 1.868851017207e-03 2.293063560501e-03 1.473925658502e-03 1.689365366474e-03 1.753007294610e-03 1.400697743520e-03 9.903287282214e-04 1.041651004925e-03 1.130746677518e-03 1.596102025360e-03 1.618093345314e-03 1.209528651088e-03
2.292107557878e-03 3.885595593601e-03 2.916380763054e-03 3.000403521582e-03 3.202423686162e-03 7.660655770451e-03 2.840528497472e-03 4.219674970955e-03 6.450491957366e-03 7.247412577271e-03 5.346266552806e-03 3.142421133816e-03 3.837367752567e-03 5.056633148342e-03 2.820344874635e-03 3.712020814419e-03 3.671838203445e-03 4.326024558395e-03 3.278304124251e-03 3.928872756660e-03 3.236462362111e-03 4.367905203253e-03 5.215660203248e-03 4.988490138203e-03 6.891773547977e-03 4.197943955660e-03 2.339762402698e-03 2.545250812545e-03 4.397238604724e-03 4.934113472700e-03 2.772955223918e-03 2.160459989682e-03 2.315351739526e-03 1.647345256060e-03 1.977971754968e-03 1.948810997419e-03 1.469021546654e-03 1.041486393660e-03 1.173762138933e-03 1.255534240045e-03 1.824419246987e-03 1.646719872952e-03 1.160423620604e-03
2.092706272379e-03 3.720913315192e-03 2.926781540737e-03 2.345878630877e-03 2.989261411130e-03 8.893261663616e-03 3.174106590450e-03 4.462097771466e-03 7.168162614107e-03 8.344521746039e-03 6.483721081167e-03 3.428738098592e-03 3.960045520216e-03 5.058644805104e-03 2.854288788512e-03 3.956625238061e-03 3.610345534980e-03 4.410667810589e-03 3.188791684806e-03 4.157206974924e-03 3.706258255988e-03 4.912584088743e-03 5.785205401480e-03 5.395112093538e-03 7.648657541722e-03 4.228688310832e-03 2.259357599542e-03 2.851129975170e-03 3.768737195060e-03 3.430718556046e-03 2.595087513328e-03 2.449064049870e-03 2.299406100065e-03 1.757048768923e-03 2.207130892202e-03 2.063573105261e-03 1.462428132072e-03 1.225644838996e-03 1.156863407232e-03 1.706816139631e-03 2.085074782372e-03 1.688929507509e-03 1.083721290343e-03
2.412259113044e-03 3.553299466148e-03 2.828082535416e-03 2.644073450938e-03 3.365277312696e-03 1.006600353867e-02 3.625006880611e-03 4.317404702306e-03 7.244427222759e-03 8.812821470201e-03 7.378102280200e-03 4.486739169806e-03 4.117868375033e-03 5.088712088764e-03 2.823716960847e-03 4.186287987977e-03 3.504779189825e-03 4.467139486223e-03 3.287488594651e-03 3.938706591725e-03 3.988234326243e-03 5.169305950403e-03 5.923991557211e-03 5.394683219492e-03 8.086675778031e-03 4.073974676430e-03 2.604617504403e-03 3.391661681235e-03 2.862240653485e-03 2.986836014315e-03 3.183406777680e-03 2.739114454016e-03 2.235835418105e-03 2.239065710455e-03 2.352874260396e-03 2.078499877825e-03 1.382670365274e-03 1.259177108295e-03 1.433786004782e-03 2.297029597685e-03 2.282985020429e-03 1.607854850590e-03 9.090636740439e-04
2.710336819291e-03 3.564739599824e-03 2.807073993608e-03 2.862237626687e-03 3.726664697751e-03 1.115755923092e-02 4.097536206245e-03 3.795130411163e-03 6.617482285947e-03 8.585148490965e-03 7.910273969173e-03 5.473175086081e-03 4.284534137696e-03 5.764447618276e-03 3.207840956748e-03 4.414647351950e-03 3.484999295324e-03 4.506742581725e-03 3.355506341904e-03 3.483320120722e-03 4.166397266090e-03 5.066066514701e-03 5.622899625450e-03 5.469805561006e-03 8.038586005569e-03 3.603820689023e-03 3.107209922746e-03 3.975213039666e-03 3.044709563255e-03 3.675527637824e-03 4.011565353721e-03 3.198641818017e-03 2.566954586655e-03 2.786009572446e-03 2.847098279744e-03 1.982654910535e-03 1.360283000395e-03 1.205018605106e-03 2.279691398144e-03 2.778116846457e-03 2.206442877650e-03 1.275632763281e-03 1.079954789020e-03
2.907868241891e-03 3.632484469563e-03 2.780735492706e-03 2.803829498589e-03 4.072156734765e-03 1.203657593578e-02 4.511301405728e-03 3.115251427516e-03 5.634699948132e-03 7.835204713047e-03 7.969195023179e-03 6.254478823394e-03 4.436717368662e-03 6.221990101039e-03 4.035083111376e-03 4.667791072279e-03 4.596492275596e-03 4.575412720442e-03 3.391356905922e-03 4.168029408902e-03 4.080040846020e-03 4.692263901234e-03 4.960065241903e-03 6.106593180448e-03 7.468922995031e-03 2.888837363571e-03 3.620573785156e-03 4.557093605399e-03 3.491402370855e-03 4.254924133420e-03 4.720360506326e-03 3.875521710142e-03 2.854563528672e-03 2.955904463306e-03 3.088225377724e-03 1.790732378140e-03 1.267148880288e-03 2.166183898225e-03 3.060608636588e-03 2.803315408528e-03 1.704325783066e-03 1.117701525800e-03 1.058096997440e-03
2.946868073195e-03 3.760047722608e-03 2.759964670986e-03 3.017390845343e-03 4.383619409055e-03 1.274196337909e-02 4.890172742307e-03 3.106642747298e-03 4.507476929575e-03 6.612830795348e-03 7.388270460069e-03 6.661437451839e-03 5.360118113458e-03 6.195981986821e-03 5.110171157867e-03 4.915592260659e-03 6.495313253254e-03 4.858539905399e-03 3.382082097232e-03 5.526473745704e-03 4.516830202192e-03 4.141601733863e-03 6.043842993677e-03 6.505977828056e-03 6.503318436444e-03 2.901436295360e-03 4.053897690028e-03 4.962229635566e-03 3.637771354988e-03 4.588632844388e-03 5.339703522623e-03 4.511069040745e-03 2.643206389621e-03 2.568972995505e-03 2.920550061390e-03 1.538599957712e-03 1.971354475245e-03 3.202931489795e-03 3.279185853899e-03 2.175522502512e-03 1.119841937907e-03 1.053352374583e-03 1.002342789434e-03
2.861795015633e-03 3.902302123606e-03 3.597731469199e-03 3.411220153794e-03 4.664434120059e-03 1.319239940494e-02 5.129908211529e-03 3.225670894608e-03 3.757045371458e-03 5.126881413162e-03 6.309635937214e-03 6.550638005137e-03 5.973786581308e-03 6.502169650048e-03 6.196114700288e-03 5.140722729266e-03 8.697033859789e-03 6.409979891032e-03 3.372123232111e-03 6.721050012857e-03 5.040768068284e-03 5.356878042221e-03 7.961049675941e-03 6.598377134651e-03 5.268694832921e-03 3.008744912222e-03 4.238943103701e-03 5.073510576040e-03 3.479249309748e-03 4.553210921586e-03 5.656223744154e-03 5.006567575037e-03 2.947638044134e-03 2.076449338347e-03 2.708064392209e-03 1.671896316111e-03 3.166259732097e-03 3.691124264151e-03 2.624420914799e-03 1.331169973128e-03 1.233758055605e-03 1.285810256377e-03 1.362789189443e-03
2.890472766012e-03 4.043839406222e-03 4.543355200440e-03 3.131173551083e-03 4.929948132485e-03 1.355771627277e-02 5.239262711257e-03 3.330033505335e-03 3.764943685383e-03 4.839076660573e-03 4.850365687162e-03 5.818110890687e-03 6.117618642747e-03 7.243113126606e-03 6.669937632978e-03 5.664131604135e-03 1.085818652064e-02 7.832372561097e-03 3.630263265222e-03 7.655915804207e-03 5.293078720570e-03 6.501851603389e-03 9.391403757036e-03 6.157946307212e-03 3.887329716235e-03 3.567811567336e-03 4.077790770680e-03 4.801176022738e-03 3.147347597405e-03 4.162494093180e-03 5.466338712722e-03 5.127894226462e-03 3.116884268820e-03 1.797060598619e-03 2.592607866973e-03 2.922742627561e-03 3.996420186013e-03 3.166631096974e-03 1.617240952328e-03 1.334119355306e-03 1.293482026085e-03 1.654950669035e-03 1.621111412533e-03
2.582195680588e-03 4.188128281385e-03 4.926842637360e-03 3.455800004303e-03 5.202112719417e-03 1.397370733321e-02 5.310377571732e-03 3.471885807812e-03 3.440632484853e-03 4.666661843657e-03 3.831538371742e-03 4.596181213856e-03 6.656762212515e-03 7.766501512378e-03 6.188577972353e-03 7.011625450104e-03 1.257736422122e-02 8.979181759059e-03 4.267152864486e-03 8.300784975290e-03 5.323967430741e-03 7.072917185724e-03 9.839402511716e-03 5.127184092999e-03 3.379188477993e-03 4.541891161352e-03 4.691505338997e-03 4.273928701878e-03 2.905033994466e-03 3.484939923510e-03 4.828864708543e-03 4.844809416682e-03 3.107737749815e-03 1.749784918502e-03 2.619559876621e-03 4.090054426342e-03 3.797868499532e-03 2.045367145911e-03 1.442809822038e-03 1.284795813262e-03 1.313560525887e-03 1.872366410680e-03 1.725418376736e-03
3.498799400404e-03 4.357281606644e-03 4.933712538332e-03 5.635945126414e-03 5.483336746693e-03 1.422320958227e-02 5.289565771818e-03 4.148561041802e-03 2.944448729977e-03 4.304344300181e-03 3.582791192457e-03 5.080339498818e-03 7.013972848654e-03 8.290956728160e-03 6.688149645925e-03 8.334527723491e-03 1.399107370526e-02 9.650268591940e-03 4.742857068777e-03 8.846925571561e-03 5.863336380571e-03 6.898998282850e-03 9.458513930440e-03 4.187263548374e-03 3.596201073378e-03 5.445439368486e-03 5.961718037724e-03 3.716014325619e-03 2.959840698168e-03 2.700663404539e-03 3.998402040452e-03 4.338043276221e-03 2.938949503005e-03 2.003266708925e-03 3.894879482687e-03 4.392227623612e-03 2.647854154930e-03 1.389978453517e-03 1.484688487835e-03 1.189094153233e-03 1.503822859377e-03 1.989511772990e-03 2.196084242314e-03
4.619965329766e-03 4.559510853142e-03 4.860170185566e-03 6.921574939042e-03 5.695504136384e-03 1.429776940495e-02 5.136490333825e-03 4.755646921694e-03 3.115734551102e-03 4.411932546645e-03 3.739872248843e-03 5.445326212794e-03 7.346034981310e-03 8.802182972431e-03 6.460476201028e-03 9.424204938114e-03 1.426102034748e-02 9.146861732006e-03 5.626515485346e-03 9.304960258305e-03 5.882161203772e-03 6.309761665761e-03 8.183864876628e-03 4.036736674607e-03 3.938298672438e-03 6.269084289670e-03 6.424787919968e-03 3.348467638716e-03 3.215556964278e-03 2.782014431432e-03 3.899741917849e-03 3.645383985713e-03 2.613115590066e-03 3.504096763209e-03 4.721508827060e-03 3.394745290279e-03 1.906636985950e-03 1.247198553756e-03 1.496983342804e-03 1.313051441684e-03 1.985037466511e-03 2.585107693449e-03 2.573625650257e-03
5.455894861370e-03 5.933260545135e-03 5.610102787614e-03 6.398535799235e-03 5.993315950036e-03 1.418029237539e-02 5.475653335452e-03 5.228507332504e-03 3.271463327110e-03 4.479061346501e-03 4.136166069657e-03 5.636621266603e-03 7.741138804704e-03 9.306542575359e-03 5.940587725490e-03 1.011822093278e-02 1.344201993197e-02 8.117297664285e-03 6.191135849804e-03 9.648930281401e-03 5.256348289549e-03 5.040155723691e-03 6.357913836837e-03 3.737342776731e-03 4.632084164768e-03 6.279765628278e-03 5.931922234595e-03 3.539390163496e-03 3.705817973241e-03 3.136819228530e-03 4.231377504766e-03 2.945397747681e-03 2.999438904226e-03 4.729771986604e-03 4.163657315075e-03 2.924481872469e-03 1.631465274841e-03 1.359704649076e-03 1.687305164523e-03 1.901039388031e-03 2.769795246422e-03 2.840857021511e-03 2.365233143792e-03
7.148812524974e-03 7.121484726667e-03 7.695680949837e-03 5.945939105004e-03 7.104151882231e-03 1.373350061476e-02 6.236707791686e-03 5.628378596157e-03 4.393949173391e-03 4.488212987781e-03 4.774346947670e-03 7.220668718219e-03 8.068317547441e-03 9.868157096207e-03 6.448791828007e-03 1.017043367028e-02 1.195480953902e-02 7.791817188263e-03 6.382842548192e-03 9.905751794577e-03 4.741615150124e-03 4.189019091427e-03 4.791009239852e-03 4.001255147159e-03 5.038602743298e-03 5.622307769954e-03 4.390638321638e-03 3.912050742656e-03 4.322173073888e-03 3.577928058803e-03 4.374939016998e-03 2.742204349488e-03 4.474086221308e-03 4.702321719378e-03 4.198309499770e-03 2.647507470101e-03 1.870020991191e-03 1.670290133916e-03 2.019837033004e-03 2.756749978289e-03 3.079868853092e-03 2.479760209098e-03 1.839707605541e-03
7.934876717627e-03 7.879393175244e-03 9.524695575237e-03 8.871033787727e-03 6.005616392940e-03 1.295988913625e-02 5.802880972624e-03 6.508542224765e-03 6.073989439756e-03 5.037760362029e-03 5.188113544136e-03 8.704512380064e-03 9.166762232780e-03 1.049054879695e-02 7.200702559203e-03 9.575282223523e-03 1.184859778732e-02 9.507172740996e-03 6.212523672730e-03 9.945774450898e-03 4.771628417075e-03 4.519619047642e-03 4.877341911197e-03 4.449671600014e-03 4.724789410830e-03 4.364577122033e-03 4.072214942425e-03 4.560379311442e-03 4.736743867397e-03 3.712380537763e-03 4.338951315731e-03 4.204927477986e-03 4.987558349967e-03 4.627035930753e-03 4.475299734622e-03 3.216271521524e-03 2.293954603374e-03 2.155557740480e-03 2.616801066324e-03 3.089440753683e-03 2.551453653723e-03 2.057886915281e-03 1.875610905699e-03
