VariationalSeries/SI/f104.grd
DSAA
101	101
32.816463539100	34.260883539100
35.556306596100	36.727886596100
1.511545618996e-03	2.805142211914e+02
[rows 0 to 18 of 101, columns 0 to 42 of 101]
2.346564680338e-01 4.189829528332e-01 3.709666430950e-01 2.221204191446e-01 1.942786872387e-01 2.546200752258e-01 5.046546459198e-01 7.001489996910e-01 6.233440041542e-01 3.701656460762e-01 2.290607988834e-01 2.631627917290e-01 2.793175876141e-01 2.696275115013e-01 2.311931997538e-01 3.499447703362e-01 5.254189968109e-01 6.094020605087e-01 4.366768598557e-01 2.797712683678e-01 3.250118792057e-01 3.523186445236e-01 2.506360113621e-01 2.245547026396e-01 2.433568090200e-01 3.324024081230e-01 4.979450404644e-01 5.692651271820e-01 7.578013539314e-01 6.054671406746e-01 4.413504302502e-01 4.149306118488e-01 3.603721559048e-01 2.861683666706e-01 2.314840108156e-01 2.247546762228e-01 2.072625905275e-01 2.803068459034e-01 3.919468224049e-01 4.483733475208e-01 3.751459717751e-01 3.259778320789e-01 3.105437159538e-01
4.346634447575e-01 8.197033405304e-01 8.034057021141e-01 5.609461069107e-01 4.047203660011e-01 4.923667609692e-01 9.715747833252e-01 1.337132453918e+00 1.177287220955e+00 6.821601390839e-01 3.937844336033e-01 4.501451849937e-01 4.752738475800e-01 4.523943960667e-01 3.885495066643e-01 5.222291946411e-01 8.293873667717e-01 1.085777163506e+00 9.832369685173e-01 5.891762971878e-01 5.931833386421e-01 9.192404747009e-01 4.860022068024e-01 4.419023692608e-01 5.022311806679e-01 6.499976515770e-01 8.352713584900e-01 9.549868106842e-01 1.441126823425e+00 1.124795079231e+00 7.182535529137e-01 6.511322259903e-01 6.598399281502e-01 4.881919920444e-01 5.256850123405e-01 5.503156185150e-01 5.543983578682e-01 6.223860383034e-01 7.806168794632e-01 7.842181921005e-01 5.799154639244e-01 5.885118246078e-01 6.427035331726e-01
4.264859855175e-01 8.743093013763e-01 9.795024394989e-01 8.382437229156e-01 5.389431118965e-01 5.691158175468e-01 1.125684618950e+00 1.521826863289e+00 1.297277331352e+00 7.069988846779e-01 4.982593953609e-01 5.615015029907e-01 5.799714922905e-01 5.365552306175e-01 4.418593645096e-01 4.182484745979e-01 5.483903288841e-01 8.168981075287e-01 9.333254694939e-01 7.603873014450e-01 9.505648016930e-01 1.421583533287e+00 6.262140870094e-01 5.485925078392e-01 6.692841649055e-01 8.097302913666e-01 8.403648138046e-01 8.693214058876e-01 1.681614041328e+00 1.262779116631e+00 6.979283094406e-01 5.986708402634e-01 9.014796614647e-01 4.817597270012e-01 4.940865337849e-01 5.677728652954e-01 7.157728075981e-01 9.046393632889e-01 9.443445205688e-01 7.817640900612e-01 7.912677526474e-01 5.470309853554e-01 7.214579582214e-01
3.836865127087e-01 8.413513898849e-01 9.940499067307e-01 1.014918208122e+00 8.153184056282e-01 5.836439728737e-01 1.178289771080e+00 1.559383273125e+00 1.255798101425e+00 6.085413098335e-01 5.527065992355e-01 6.098173856735e-01 6.070442199707e-01 5.401172041893e-01 4.300786852837e-01 4.278940558434e-01 4.076345264912e-01 4.776359498501e-01 6.197438836098e-01 7.231373190880e-01 1.594436764717e+00 1.809843540192e+00 7.081785798073e-01 6.039450764656e-01 7.401525378227e-01 8.482072353363e-01 8.114975094795e-01 8.115155696869e-01 1.687086462975e+00 1.229741096497e+00 6.283851861954e-01 5.174435377121e-01 1.038461089134e+00 5.544295907021e-01 5.593410134315e-01 7.890242338181e-01 9.741503000259e-01 1.013722300529e+00 8.574970364571e-01 9.943607449532e-01 9.564281702042e-01 5.951731204987e-01 6.626834869385e-01
3.758474886417e-01 8.063686490059e-01 9.519883394241e-01 1.046167969704e+00 9.999899864197e-01 7.066150903702e-01 1.204612970352e+00 1.561042666435e+00 1.180163383484e+00 5.144354701042e-01 5.941396355629e-01 6.320791244507e-01 6.264618039131e-01 6.242104768753e-01 5.740540623665e-01 4.860360622406e-01 4.510596394539e-01 4.462233185768e-01 6.584563851357e-01 1.325875639915e+00 2.215997219086e+00 1.989661216736e+00 7.619037628174e-01 8.439283370972e-01 7.424554824829e-01 8.306812644005e-01 7.453516721725e-01 8.090307116508e-01 1.599435806274e+00 1.160115599632e+00 7.426359653473e-01 5.877285003662e-01 1.106591224670e+00 6.277868747711e-01 8.785372376442e-01 1.049539685249e+00 1.059777736664e+00 8.942045569420e-01 6.158627271652e-01 1.022729039192e+00 1.182725787163e+00 7.962339520454e-01 5.265681147575e-01
3.468177020550e-01 7.060593962669e-01 8.515214920044e-01 9.247850179672e-01 1.023994207382e+00 8.516561388969e-01 1.206463098526e+00 1.514872431755e+00 1.066991925240e+00 5.648284554482e-01 6.322907209396e-01 7.078440785408e-01 7.547859549522e-01 7.316536307335e-01 6.597999930382e-01 5.390365719795e-01 4.369369745255e-01 4.711062014103e-01 1.045529723167e+00 1.887736439705e+00 2.578728199005e+00 1.967290759087e+00 8.445492386818e-01 1.285871148109e+00 7.918835282326e-01 7.807168364525e-01 6.690457463264e-01 8.737717270851e-01 1.433237075806e+00 1.152653455734e+00 7.495267391205e-01 6.113378405571e-01 1.281503200531e+00 9.393345117569e-01 1.112571954727e+00 1.098620772362e+00 9.115479588509e-01 6.307994127274e-01 6.952748298645e-01 9.648424983025e-01 1.450543165207e+00 9.265672564507e-01 5.029554367065e-01
4.380345940590e-01 7.772251367569e-01 7.269501686096e-01 7.194460630417e-01 8.869919180870e-01 8.577442765236e-01 1.190593719482e+00 1.452024817467e+00 9.606972932816e-01 6.241142153740e-01 7.114323973656e-01 8.094680905342e-01 8.214113712311e-01 7.657438516617e-01 6.542239189148e-01 6.042526364326e-01 5.831721425056e-01 7.268899679184e-01 1.408255219460e+00 2.254206657410e+00 2.672434091568e+00 1.799454689026e+00 1.069402813911e+00 1.631360054016e+00 1.148497581482e+00 7.279673814774e-01 6.303679347038e-01 1.613600254059e+00 2.269870758057e+00 1.471770286560e+00 8.302993178368e-01 7.135734558105e-01 1.406077861786e+00 1.101539850235e+00 1.099972128868e+00 9.129686355591e-01 6.366851329803e-01 6.981877684593e-01 1.011392116547e+00 1.276199817657e+00 1.493722200394e+00 1.079533576965e+00 5.389207601547e-01
4.460722208023e-01 8.908796906471e-01 9.194931387901e-01 6.653581261635e-01 6.457484960556e-01 7.205067873001e-01 1.177116155624e+00 1.423666357994e+00 8.976013660431e-01 6.780157089233e-01 8.020615577698e-01 8.568600416183e-01 8.304394483566e-01 7.354139685631e-01 6.690111160278e-01 7.774115204811e-01 8.671705126762e-01 9.566180706024e-01 1.721745848656e+00 2.444301843643e+00 2.625282287598e+00 1.619927644730e+00 1.164391398430e+00 1.795483708382e+00 1.398504495621e+00 8.929104804993e-01 6.420035362244e-01 2.447635173798e+00 3.178048372269e+00 1.730215549469e+00 9.086082577705e-01 8.088474273682e-01 1.385963201523e+00 1.012585878372e+00 9.914900660515e-01 7.054183483124e-01 6.700826287270e-01 9.976432919502e-01 1.317325949669e+00 1.454682826996e+00 1.318208217621e+00 1.369814276695e+00 6.088483929634e-01
3.874871432781e-01 8.454754352570e-01 1.049335837364e+00 9.538921713829e-01 6.463298797607e-01 6.296762824059e-01 1.167148828506e+00 1.414878606796e+00 8.664088845253e-01 7.631872892380e-01 8.497414588928e-01 8.596651554108e-01 7.895852327347e-01 6.727920174599e-01 7.107266187668e-01 8.281257152557e-01 1.121577978134e+00 1.142749786377e+00 1.894991993904e+00 2.406635046005e+00 2.385567426682e+00 1.409653186798e+00 1.193129420280e+00 1.718739867210e+00 1.509961366653e+00 1.032701134682e+00 8.116629719734e-01 3.153811216354e+00 3.705792903900e+00 1.910891056061e+00 1.011338233948e+00 7.723590731621e-01 1.404814362526e+00 9.228131771088e-01 1.087954759598e+00 1.035019159317e+00 1.002373695374e+00 1.343728303909e+00 1.545446753502e+00 1.461388230324e+00 1.074628114700e+00 1.702659130096e+00 7.122228145599e-01
3.994446098804e-01 7.052496671677e-01 9.930033087730e-01 1.122286319733e+00 9.565928578377e-01 6.611986160278e-01 1.172230005264e+00 1.415442824364e+00 8.486706614494e-01 8.066764473915e-01 8.519021868706e-01 8.181598186493e-01 8.836319446564e-01 9.633685946465e-01 1.008802533150e+00 1.024314403534e+00 1.219045162201e+00 1.316094756126e+00 1.946392178535e+00 2.232851505280e+00 2.069893121719e+00 1.205785274506e+00 1.082353711128e+00 1.503956675529e+00 1.459367990494e+00 1.062514424324e+00 8.794634342194e-01 3.576994657516e+00 3.936888217926e+00 1.984708189964e+00 8.865545988083e-01 6.867728829384e-01 1.522705316544e+00 9.156445264816e-01 1.113553524017e+00 1.080409646034e+00 1.395933747292e+00 1.607464909554e+00 1.573438286781e+00 1.261271238327e+00 9.324610829353e-01 1.853552937508e+00 9.246106147766e-01
4.035035669804e-01 8.070355653763e-01 8.328939676285e-01 1.077710032463e+00 1.177166223526e+00 9.463794827461e-01 1.163705825806e+00 1.395444154739e+00 8.228745460510e-01 8.147618770599e-01 8.876229524612e-01 1.039035439491e+00 1.153038263321e+00 1.217493891716e+00 1.248584866524e+00 1.261562705040e+00 1.250341534615e+00 1.607123732567e+00 2.250123500824e+00 2.381512641907e+00 2.000236988068e+00 1.477048993111e+00 1.034990310669e+00 1.283906221390e+00 1.316949963570e+00 9.474558234215e-01 1.023915290833e+00 3.773163318634e+00 4.027769565582e+00 1.948636889458e+00 8.345276117325e-01 7.195206880569e-01 1.490321755409e+00 9.301808476448e-01 1.234835267067e+00 1.497637033463e+00 1.670779943466e+00 1.639733552933e+00 1.361279487610e+00 1.044203877449e+00 1.057784080505e+00 1.785583734512e+00 1.203286409378e+00
3.431616127491e-01 7.217583060265e-01 8.628327250481e-01 9.039440751076e-01 1.166517972946e+00 1.227787256241e+00 1.130156755447e+00 1.346997618675e+00 7.916710376740e-01 9.572778940201e-01 1.113620758057e+00 1.241785764694e+00 1.330508947372e+00 1.382384419441e+00 1.401605486870e+00 1.401466250420e+00 1.389428496361e+00 2.143051385880e+00 2.923659086227e+00 3.031268119812e+00 2.608045816422e+00 2.041475057602e+00 1.492150306702e+00 1.089843392372e+00 1.451322674751e+00 1.390897035599e+00 1.249468445778e+00 3.622616052628e+00 3.569242715836e+00 1.777547955513e+00 1.027485966682e+00 1.213225364685e+00 1.376086950302e+00 1.487029552460e+00 1.686606526375e+00 1.762677669525e+00 1.691208004951e+00 1.421009540558e+00 1.397374987602e+00 1.626127123833e+00 1.212764263153e+00 1.531602859497e+00 1.464300632477e+00
2.765749990940e-01 5.447611808777e-01 7.211868762970e-01 8.520050644875e-01 9.906896948814e-01 1.252367734909e+00 1.257305622101e+00 1.276260614395e+00 9.827927350998e-01 1.141684293747e+00 1.256235718727e+00 1.330097794533e+00 1.375122070312e+00 1.401065230370e+00 1.405126214027e+00 1.400683283806e+00 1.403705596924e+00 2.364870548248e+00 3.188076019287e+00 3.247121810913e+00 2.801600456238e+00 2.277928829193e+00 1.779081940651e+00 1.301644682884e+00 1.957734704018e+00 1.892146587372e+00 1.594542622566e+00 3.160675525665e+00 2.811547994614e+00 1.515743255615e+00 1.796614646912e+00 2.023408412933e+00 2.011999607086e+00 1.941281080246e+00 1.923530697823e+00 1.823204398155e+00 1.764055967331e+00 1.670495629311e+00 1.525400638580e+00 2.192719936371e+00 1.375262856483e+00 1.170343995094e+00 1.888347506523e+00
3.507392108440e-01 6.868644952774e-01 6.763170361519e-01 6.585354208946e-01 8.053702712059e-01 1.079221129417e+00 1.342903733253e+00 1.280389189720e+00 1.094532012939e+00 1.215949773788e+00 1.277570724487e+00 1.298249959946e+00 1.290194392204e+00 1.262787342072e+00 1.232360601425e+00 1.228830814362e+00 1.262669324875e+00 2.176640033722e+00 2.875427722931e+00 2.966172218323e+00 2.657810211182e+00 2.250451803207e+00 1.856680035591e+00 1.467934489250e+00 1.940898180008e+00 2.004086256027e+00 1.768727779388e+00 2.594501256943e+00 2.061888456345e+00 1.568890094757e+00 2.112535953522e+00 2.386319398880e+00 2.274863243103e+00 2.083852767944e+00 1.839641213417e+00 1.726328611374e+00 1.626732230186e+00 1.512458801270e+00 1.379823446274e+00 2.315305709839e+00 2.132377147675e+00 1.210361480713e+00 2.147612094879e+00
4.514530897141e-01 9.023510217667e-01 9.064863324165e-01 8.892962932587e-01 8.586474061012e-01 8.422723412514e-01 1.182325959206e+00 1.438230395317e+00 1.271359682083e+00 1.191915988922e+00 1.208380222321e+00 1.183522105217e+00 1.132385969162e+00 1.064095973969e+00 1.005040049553e+00 9.929223656654e-01 1.033391952515e+00 1.724457025528e+00 2.215953826904e+00 2.332483291626e+00 2.179275274277e+00 1.956074833870e+00 1.727067708969e+00 1.481265068054e+00 1.528146505356e+00 1.664530277252e+00 1.624825358391e+00 2.606663465500e+00 1.518912196159e+00 1.618039369583e+00 2.094841718674e+00 2.326686620712e+00 2.226630687714e+00 1.841368794441e+00 1.338182568550e+00 1.482399582863e+00 1.214955329895e+00 1.284770250320e+00 1.250235915184e+00 1.914481401443e+00 2.838728666306e+00 1.229636311531e+00 2.163779258728e+00
4.571914374828e-01 9.283521175385e-01 9.610801935196e-01 1.007858872414e+00 1.042302966118e+00 1.050447702408e+00 1.062707304955e+00 1.297592401505e+00 1.506735444069e+00 1.208831667900e+00 1.088729023933e+00 1.034411549568e+00 9.640164375305e-01 9.170560240746e-01 9.863358736038e-01 1.009643197060e+00 1.070141196251e+00 1.485577344894e+00 1.557782411575e+00 1.666740179062e+00 1.630662202835e+00 1.513567686081e+00 1.414885997772e+00 1.341999053955e+00 1.283882617950e+00 1.257824659348e+00 1.686957240105e+00 2.766842365265e+00 1.867039918900e+00 1.826989531517e+00 2.176495313644e+00 2.209156274796e+00 1.841139793396e+00 1.818827629089e+00 9.892570376396e-01 1.755510926247e+00 1.615552425385e+00 1.496307134628e+00 1.283282160759e+00 1.346998572350e+00 3.221654891968e+00 1.773257374763e+00 1.923967242241e+00
5.124245285988e-01 8.851923346519e-01 8.750211596489e-01 9.161418080330e-01 9.608808159828e-01 1.059021592140e+00 1.122049808502e+00 1.179505586624e+00 1.391795992851e+00 1.470826983452e+00 1.219836473465e+00 1.205408573151e+00 1.215634822845e+00 1.101763129234e+00 1.020779132843e+00 1.115928888321e+00 1.214809060097e+00 1.531852006912e+00 1.544595718384e+00 1.278040409088e+00 1.118800044060e+00 1.319060802460e+00 1.642531752586e+00 1.704443335533e+00 1.538341283798e+00 1.260141491890e+00 1.869440674782e+00 2.825121879578e+00 1.879820227623e+00 1.975480675697e+00 2.077341079712e+00 2.127675533295e+00 2.272061109543e+00 2.029622554779e+00 1.275322079659e+00 1.972470760345e+00 1.801431059837e+00 1.491322994232e+00 1.123460531235e+00 1.310255050659e+00 3.095524072647e+00 2.711579561234e+00 1.486561775208e+00
5.865634679794e-01 1.081195235252e+00 1.166417360306e+00 1.008022546768e+00 9.215275645256e-01 9.956008791924e-01 1.015761137009e+00 9.777726531029e-01 1.069592118263e+00 1.358775854111e+00 1.493903756142e+00 1.535027503967e+00 1.504106879234e+00 1.383941650391e+00 1.314230799675e+00 1.266188144684e+00 1.234443187714e+00 1.537495970726e+00 1.611941933632e+00 1.416723608971e+00 1.149601101875e+00 1.055130839348e+00 1.162784337997e+00 1.293372273445e+00 1.324258923531e+00 1.337330102921e+00 1.638636112213e+00 2.722967624664e+00 1.942975878716e+00 1.679518699646e+00 1.922546267509e+00 2.207805156708e+00 2.453650951385e+00 2.083223819733e+00 1.470047712326e+00 2.174867391586e+00 1.731857061386e+00 1.346243262291e+00 1.022343039513e+00 1.197914958000e+00 2.496979951859e+00 3.664507389069e+00 1.633666038513e+00
5.772200226784e-01 1.132721066475e+00 1.348565340042e+00 1.272166132927e+00 9.647561907768e-01 7.450587749481e-01 9.017137885094e-01 1.020097255707e+00 1.092757940292e+00 1.102485775948e+00 1.476270794868e+00 1.634736180305e+00 1.535272121429e+00 1.538367986679e+00 1.556088924408e+00 1.534369945526e+00 1.360674738884e+00 1.527155399323e+00 1.668370127678e+00 1.514345288277e+00 1.126908779144e+00 1.370378971100e+00 1.284833073616e+00 1.330587625504e+00 1.183680534363e+00 1.170749783516e+00 1.231505990028e+00 2.530215263367e+00 2.302458763123e+00 1.811151742935e+00 1.764460444450e+00 1.873353362083e+00 2.310729265213e+00 2.059283494949e+00 1.659729957581e+00 2.098061561584e+00 1.515699744225e+00 1.213143467903e+00 1.150169253349e+00 1.065616846085e+00 1.710810780525e+00 4.286643981934e+00 1.708620429039e+00
