VariationalSeries/SI/f104.grd
DSAA
101	101
32.816463539100	34.260883539100
35.556306596100	36.727886596100
1.511545618996e-03	2.805142211914e+02
[rows 19 to 37 of 101, columns 43 to 85 of 101]
2.537343025208e+00 3.219027757645e+00 4.184850692749e+00 4.269685745239e+00 2.770465850830e+00 4.380160808563e+00 2.055691719055e+00 2.306253671646e+00 2.324232339859e+00 2.357045888901e+00 2.151002883911e+00 3.310395240784e+00 4.004603385925e+00 4.098595619202e+00 2.725106239319e+00 3.333334684372e+00 4.338238716125e+00 4.088592052460e+00 2.273283481598e+00 3.657470464706e+00 1.664612293243e+00 2.322633266449e+00 3.106521368027e+00 1.547682762146e+00 1.560534358025e+00 1.706889629364e+00 1.472446203232e+00 1.910742521286e+00 1.770238995552e+00 1.396214485168e+00 1.499165534973e+00 1.901771783829e+00 2.142323255539e+00 1.657635450363e+00 1.615726947784e+00 1.225838184357e+00 8.438180685043e-01 1.001876235008e+00 1.108890056610e+00 9.221624732018e-01 7.722993493080e-01 7.371435761452e-01 8.013497591019e-01
2.251273632050e+00 3.154021739960e+00 4.469230175018e+00 5.156740188599e+00 3.744978427887e+00 3.873369932175e+00 2.117844820023e+00 2.446773529053e+00 2.025451421738e+00 2.534019231796e+00 2.649960994720e+00 3.107374191284e+00 4.302057743073e+00 4.368669509888e+00 3.348117113113e+00 3.609907388687e+00 4.244976043701e+00 4.625875473022e+00 2.686037778854e+00 3.542231798172e+00 1.894512176514e+00 3.525971651077e+00 4.371073722839e+00 1.945613622665e+00 1.821385025978e+00 1.749152064323e+00 1.872231245041e+00 1.976585149765e+00 1.539306282997e+00 1.485293745995e+00 1.925567507744e+00 2.504288911819e+00 2.232369184494e+00 1.944269299507e+00 1.490244746208e+00 1.228884816170e+00 9.575727581978e-01 1.170515418053e+00 9.088717699051e-01 6.962045431137e-01 7.427247166634e-01 7.049921154976e-01 7.336914539337e-01
2.412432432175e+00 3.496189117432e+00 4.128842353821e+00 5.397185802460e+00 4.609495162964e+00 3.313965559006e+00 2.226767539978e+00 2.596310377121e+00 1.935183763504e+00 2.382889032364e+00 2.511025428772e+00 2.944243192673e+00 4.107996463776e+00 4.694720745087e+00 4.043154716492e+00 3.855853557587e+00 4.075051307678e+00 5.064764022827e+00 3.066408395767e+00 3.287910461426e+00 2.133973598480e+00 4.378548145294e+00 4.796389102936e+00 2.188962697983e+00 1.781164526939e+00 2.091249227524e+00 2.112192153931e+00 1.711803674698e+00 1.369387388229e+00 1.920277714729e+00 2.677853345871e+00 2.588946342468e+00 1.747063398361e+00 2.219360113144e+00 1.477988004684e+00 1.132760524750e+00 1.136252760887e+00 1.203362584114e+00 9.204953908920e-01 7.062845826149e-01 7.115340232849e-01 5.562002062798e-01 5.482972860336e-01
2.296138525009e+00 3.306203603745e+00 3.506332159042e+00 5.155673980713e+00 5.101563930511e+00 3.397063016891e+00 2.813932895660e+00 2.754408121109e+00 1.908647894859e+00 2.095908403397e+00 2.627884387970e+00 2.988255739212e+00 3.431103944778e+00 5.031076431274e+00 4.515916824341e+00 3.752749443054e+00 3.777041673660e+00 5.443092823029e+00 3.382208585739e+00 2.951614618301e+00 2.373479366302e+00 4.359688758850e+00 4.190818786621e+00 2.043271541595e+00 1.893086314201e+00 2.308094263077e+00 1.918301820755e+00 1.468442082405e+00 2.023590087891e+00 2.837460279465e+00 2.781390666962e+00 1.930466532707e+00 1.516022086143e+00 2.308124780655e+00 1.097831249237e+00 1.132463455200e+00 1.401248812675e+00 1.056440114975e+00 1.055671811104e+00 6.879534721375e-01 7.592076659203e-01 6.387700438499e-01 5.758926868439e-01
1.866760373116e+00 2.300231456757e+00 3.528014183044e+00 4.573362827301e+00 5.147872924805e+00 3.428495168686e+00 3.511899471283e+00 2.947022676468e+00 2.067425966263e+00 1.919946789742e+00 2.741297245026e+00 2.921675443649e+00 3.589725971222e+00 5.414261341095e+00 4.591640472412e+00 3.566862821579e+00 3.406571626663e+00 5.680676460266e+00 3.613105058670e+00 3.395323514938e+00 2.801761388779e+00 3.596587896347e+00 3.137457847595e+00 1.854671716690e+00 2.409690380096e+00 2.232720136642e+00 1.542659878731e+00 2.160165309906e+00 3.079402685165e+00 2.984953880310e+00 2.024595737457e+00 1.236931800842e+00 1.738006591797e+00 2.167969942093e+00 1.176143050194e+00 1.215298652649e+00 1.475945472717e+00 1.026897668839e+00 1.158607363701e+00 7.090759277344e-01 7.224094867706e-01 6.260212659836e-01 6.401948332787e-01
2.546375274658e+00 2.416727066040e+00 3.994761228561e+00 3.878021955490e+00 4.907030105591e+00 3.836040258408e+00 3.379539728165e+00 3.743548631668e+00 3.254547357559e+00 2.487656831741e+00 2.769176959991e+00 2.764195919037e+00 3.922167062759e+00 5.803283691406e+00 4.147693634033e+00 3.429337501526e+00 2.910161018372e+00 5.822394371033e+00 4.353476047516e+00 3.765183687210e+00 3.317351341248e+00 3.520573616028e+00 2.129383325577e+00 2.331174850464e+00 2.472784519196e+00 1.662979722023e+00 2.349780082703e+00 3.326265573502e+00 3.158455371857e+00 2.114943742752e+00 1.131564617157e+00 9.922769069672e-01 2.324593067169e+00 1.815353989601e+00 1.110417366028e+00 1.573820590973e+00 1.333089947701e+00 1.035759925842e+00 1.231585502625e+00 8.787465691566e-01 6.785089969635e-01 6.459656953812e-01 5.663212537766e-01
3.985494136810e+00 2.481579780579e+00 2.423565626144e+00 4.136250495911e+00 4.536626338959e+00 4.063794612885e+00 3.155212402344e+00 3.439643144608e+00 3.910751819611e+00 3.843828439713e+00 3.278362035751e+00 3.932467460632e+00 4.272880077362e+00 6.044732570648e+00 3.610621452332e+00 3.116211414337e+00 3.963399648666e+00 5.878834247589e+00 4.934240341187e+00 3.622748851776e+00 3.580888271332e+00 3.798495531082e+00 2.388946771622e+00 2.538257360458e+00 1.980832695961e+00 2.465374946594e+00 3.629555225372e+00 3.391186714172e+00 2.203756332397e+00 1.522685050964e+00 2.145097970963e+00 1.379019260406e+00 2.712777376175e+00 1.587355136871e+00 1.312643766403e+00 1.682085156441e+00 1.600649356842e+00 1.111331105232e+00 1.272309899330e+00 9.717066884041e-01 6.141312122345e-01 5.885956287384e-01 6.822906732559e-01
5.321735382080e+00 2.556168317795e+00 2.449684858322e+00 3.827732563019e+00 4.103003025055e+00 4.176602840424e+00 3.412915706635e+00 3.537872314453e+00 3.267344236374e+00 4.232922077179e+00 4.620159626007e+00 4.017685890198e+00 4.625637531281e+00 6.137625217438e+00 3.150217294693e+00 4.669984340668e+00 5.559373855591e+00 5.903535366058e+00 4.804646968842e+00 2.880550146103e+00 3.406993627548e+00 3.481578350067e+00 2.442915678024e+00 2.097584486008e+00 2.492840290070e+00 3.869350194931e+00 3.721919059753e+00 2.327854156494e+00 2.098906040192e+00 2.981637716293e+00 2.709336757660e+00 2.454959869385e+00 2.644070148468e+00 1.772912859917e+00 1.687223315239e+00 1.394018054008e+00 1.742004632950e+00 1.178789615631e+00 1.277653813362e+00 9.679732918739e-01 6.141321063042e-01 7.480810284615e-01 9.625849127769e-01
5.809807300568e+00 2.630050182343e+00 2.969928503036e+00 2.561158657074e+00 4.335639476776e+00 4.241962432861e+00 3.637164354324e+00 3.765886068344e+00 3.304075002670e+00 4.416784763336e+00 4.476200103760e+00 3.898618936539e+00 4.945472240448e+00 5.927372932434e+00 5.116985321045e+00 6.182582378387e+00 5.936999797821e+00 5.756126403809e+00 3.280369520187e+00 2.965159416199e+00 3.490383386612e+00 3.513609409332e+00 2.255946159363e+00 2.393393993378e+00 4.044380187988e+00 4.117870330811e+00 2.577480554581e+00 2.214564323425e+00 3.242888212204e+00 2.688247919083e+00 2.153851032257e+00 2.495253086090e+00 2.051684141159e+00 1.858815312386e+00 1.670371174812e+00 1.098284959793e+00 1.703240633011e+00 1.275909423828e+00 1.253629207611e+00 8.787718415260e-01 8.169811367989e-01 1.069790482521e+00 1.208719372749e+00
5.108029365540e+00 3.827734947205e+00 3.448470115662e+00 2.504714965820e+00 3.300501823425e+00 4.264073848724e+00 4.337217807770e+00 4.012513637543e+00 4.586080551147e+00 6.785981178284e+00 3.972372770309e+00 3.540808439255e+00 5.162578105927e+00 5.469025135040e+00 6.632776260376e+00 6.378935813904e+00 5.535121917725e+00 5.586462974548e+00 3.580255270004e+00 3.992833614349e+00 3.633718729019e+00 3.506397008896e+00 2.193151473999e+00 4.114177703857e+00 4.548233985901e+00 2.936262607574e+00 2.535285711288e+00 3.443390846252e+00 3.027961969376e+00 1.965262293816e+00 2.861111164093e+00 2.616632461548e+00 1.444079995155e+00 1.780848145485e+00 1.399778962135e+00 1.504527211189e+00 1.547518134117e+00 1.374951601028e+00 1.227886915207e+00 1.130378246307e+00 1.328614711761e+00 1.490120530128e+00 1.256283164024e+00
3.460708856583e+00 5.742742538452e+00 3.787273645401e+00 3.082083225250e+00 3.675493955612e+00 4.240297317505e+00 4.055452346802e+00 4.305324077606e+00 6.017107009888e+00 8.433317184448e+00 5.700061321259e+00 3.865407228470e+00 5.215361595154e+00 6.352016925812e+00 6.759620189667e+00 8.729796409607e+00 4.674118041992e+00 5.203307151794e+00 3.890963792801e+00 4.049275875092e+00 3.643312215805e+00 3.319167852402e+00 4.084901809692e+00 4.838717937469e+00 3.317999601364e+00 2.854884862900e+00 3.397856950760e+00 3.362913370132e+00 2.827460050583e+00 2.874618768692e+00 3.047717332840e+00 1.794181942940e+00 1.698430418968e+00 1.522933840752e+00 1.220706462860e+00 1.138918876648e+00 2.045286893845e+00 1.612183451653e+00 1.467950344086e+00 1.771790385246e+00 1.764222383499e+00 1.294607281685e+00 8.064767122269e-01
3.761029720306e+00 6.353807449341e+00 3.926713228226e+00 3.413449525833e+00 4.343976974487e+00 4.082502365112e+00 4.233918190002e+00 5.252392768860e+00 6.952710151672e+00 8.509672164917e+00 6.837222099304e+00 6.643192291260e+00 5.863218784332e+00 6.969110965729e+00 7.707732677460e+00 1.114538955688e+01 4.896551132202e+00 5.269081115723e+00 5.233913898468e+00 4.292699813843e+00 3.410422563553e+00 4.086282730103e+00 5.102654933929e+00 3.662065029144e+00 3.197733402252e+00 3.347815513611e+00 3.223736524582e+00 3.491955041885e+00 3.408060789108e+00 3.468359231949e+00 2.617605924606e+00 1.494206786156e+00 2.026269197464e+00 1.156027317047e+00 1.240329980850e+00 1.229271531105e+00 2.821486473083e+00 1.948336839676e+00 2.040454149246e+00 1.642767786980e+00 9.986237883568e-01 5.357831120491e-01 5.207809805870e-01
7.484392642975e+00 5.033879756927e+00 5.528124809265e+00 3.632622241974e+00 5.230013370514e+00 4.054328918457e+00 4.586545467377e+00 6.090233325958e+00 7.344264030457e+00 7.247199535370e+00 6.611144542694e+00 6.509803771973e+00 6.627135276794e+00 5.351298332214e+00 5.353301048279e+00 7.190608501434e+00 4.287807464600e+00 5.221229553223e+00 5.707015991211e+00 4.771196842194e+00 4.261505603790e+00 5.354866504669e+00 4.001410961151e+00 3.511634349823e+00 3.267028808594e+00 3.010713100433e+00 3.153828382492e+00 3.745211839676e+00 3.768604278564e+00 3.425377607346e+00 2.116651773453e+00 1.409062147141e+00 2.154907464981e+00 1.696545720100e+00 2.040608644485e+00 2.166004419327e+00 3.185737848282e+00 1.844115734100e+00 1.465234518051e+00 9.839813113213e-01 8.836911916733e-01 7.155418395996e-01 7.220431566238e-01
1.223516654968e+01 5.327991962433e+00 6.178998947144e+00 4.538561344147e+00 5.826299667358e+00 4.972850322723e+00 5.024390697479e+00 7.015187263489e+00 7.578615665436e+00 6.054162025452e+00 7.850500106812e+00 9.604835510254e+00 5.740402221680e+00 6.709564208984e+00 4.059257984161e+00 4.839454174042e+00 4.446290016174e+00 5.105935573578e+00 4.927251815796e+00 4.489568710327e+00 5.701529979706e+00 4.332908630371e+00 3.731910705566e+00 3.296542882919e+00 3.526832580566e+00 3.474917650223e+00 3.350901842117e+00 4.178538799286e+00 4.203287124634e+00 3.747415781021e+00 2.583237171173e+00 2.361407041550e+00 2.339641809464e+00 2.032392263412e+00 1.967761278152e+00 3.059896945953e+00 2.626283168793e+00 1.217953801155e+00 1.317486166954e+00 1.348169088364e+00 1.251223921776e+00 9.687677025795e-01 7.810509204865e-01
1.354619216919e+01 1.403953838348e+01 6.157670021057e+00 5.934791564941e+00 6.448368072510e+00 6.041497707367e+00 8.464460372925e+00 7.887362957001e+00 7.506689548492e+00 5.661133766174e+00 8.667831420898e+00 1.077951145172e+01 6.463244438171e+00 6.543487548828e+00 4.915165424347e+00 4.990568637848e+00 5.352560043335e+00 5.052068233490e+00 4.908161163330e+00 6.123939514160e+00 4.759902000427e+00 4.288001060486e+00 3.665894746780e+00 2.864721775055e+00 3.654505252838e+00 3.829349756241e+00 3.638362646103e+00 4.515218257904e+00 4.704014301300e+00 4.116585731506e+00 3.068738698959e+00 2.250947952271e+00 2.002648591995e+00 1.701929330826e+00 2.781513452530e+00 3.176452636719e+00 1.415561318398e+00 1.386495471001e+00 1.447473406792e+00 1.469232797623e+00 1.389942526817e+00 1.163298487663e+00 8.091283440590e-01
6.574298858643e+00 1.912758445740e+01 1.389105796814e+01 5.973172187805e+00 6.829598903656e+00 7.553904056549e+00 8.188549995422e+00 8.313098907471e+00 6.691757678986e+00 5.946368217468e+00 9.903087615967e+00 1.062316226959e+01 8.384795188904e+00 5.679939746857e+00 5.133145332336e+00 5.815214633942e+00 9.469000816345e+00 5.916106224060e+00 6.815825462341e+00 5.242255210876e+00 3.975934743881e+00 3.870560407639e+00 3.187642335892e+00 4.059405326843e+00 4.028343200684e+00 4.439865589142e+00 4.837288379669e+00 3.884399414062e+00 4.509583473206e+00 4.506873130798e+00 3.505875110626e+00 1.949567675591e+00 1.905729055405e+00 2.949116945267e+00 3.190287590027e+00 1.863555669785e+00 1.230204224586e+00 1.244424462318e+00 1.241054534912e+00 1.261181473732e+00 1.257606506348e+00 1.165759921074e+00 9.957632422447e-01
1.210015678406e+01 9.257577896118e+00 2.237471580505e+01 1.036552333832e+01 6.944666862488e+00 9.327062606812e+00 6.951690196991e+00 7.797700405121e+00 1.033663749695e+01 7.793479442596e+00 1.076250171661e+01 8.515102386475e+00 8.983577728271e+00 7.555473327637e+00 6.154359817505e+00 5.749220848083e+00 1.374600028992e+01 8.241030693054e+00 6.372422695160e+00 8.037715911865e+00 4.801355838776e+00 3.965646743774e+00 4.229872703552e+00 4.448574542999e+00 4.287045478821e+00 4.337848663330e+00 6.108367919922e+00 3.810195207596e+00 4.707969188690e+00 4.917365550995e+00 3.989207983017e+00 2.572364091873e+00 3.257112741470e+00 3.008248329163e+00 1.719304323196e+00 1.493499159813e+00 1.410063385963e+00 1.319839119911e+00 1.226354002953e+00 1.141219615936e+00 1.085558056831e+00 1.122359395027e+00 1.021044373512e+00
1.645352935791e+01 2.145273971558e+01 1.297501754761e+01 2.205256652832e+01 8.431174278259e+00 1.134389686584e+01 9.637229919434e+00 1.028087902069e+01 1.446627712250e+01 1.163180637360e+01 1.322758865356e+01 8.138652801514e+00 8.205761909485e+00 8.578234672546e+00 7.716367721558e+00 6.061789989471e+00 1.608489418030e+01 9.047801971436e+00 9.475191116333e+00 6.591042995453e+00 3.657292842865e+00 3.949980497360e+00 4.990924835205e+00 4.507442951202e+00 4.119493484497e+00 3.799050092697e+00 5.969851016998e+00 4.200485706329e+00 5.307520389557e+00 5.237527370453e+00 4.154447555542e+00 3.296349048615e+00 2.468603849411e+00 1.363296627998e+00 1.252366304398e+00 1.260799288750e+00 1.278222441673e+00 1.365070581436e+00 1.339088916779e+00 1.269055485725e+00 1.377502918243e+00 1.598424315453e+00 1.666562914848e+00
3.181505966187e+01 2.169027328491e+01 2.295972633362e+01 1.885174560547e+01 1.703935623169e+01 1.281326961517e+01 1.395672702789e+01 1.246923542023e+01 1.239577102661e+01 1.372856330872e+01 1.566498565674e+01 9.458852767944e+00 8.146359443665e+00 8.772764205933e+00 9.636507987976e+00 9.111823081970e+00 1.236090183258e+01 9.048564910889e+00 9.014472961426e+00 7.191167354584e+00 5.912837505341e+00 6.973450660706e+00 6.991669654846e+00 5.783831596375e+00 4.225889682770e+00 3.689615249634e+00 4.696381568909e+00 5.192241191864e+00 5.515555381775e+00 4.610524654388e+00 3.237316131592e+00 1.967947721481e+00 1.721073031425e+00 1.897815108299e+00 2.239398241043e+00 2.450716257095e+00 2.558361768723e+00 2.541772365570e+00 2.408807039261e+00 2.201133728027e+00 1.999512314796e+00 1.944656133652e+00 1.720735669136e+00
