VariationalSeries/SI/f104.grd
DSAA
101	101
32.816463539100	34.260883539100
35.556306596100	36.727886596100
1.511545618996e-03	2.805142211914e+02
[rows 38 to 56 of 101, columns 0 to 42 of 101]
6.048900485039e-01 1.275861263275e+00 1.379289388657e+00 1.436166882515e+00 1.793141722679e+00 2.198283910751e+00 2.538505315781e+00 2.818689107895e+00 3.091388463974e+00 2.827157735825e+00 2.326108217239e+00 1.919467449188e+00 1.960962414742e+00 1.935494661331e+00 2.015755653381e+00 2.257362365723e+00 2.552162647247e+00 4.665739059448e+00 7.532399177551e+00 8.053668022156e+00 6.449162006378e+00 5.208528995514e+00 3.661390066147e+00 4.301998138428e+00 8.241281509399e+00 1.076569366455e+01 1.044360160828e+01 7.529479026794e+00 5.645674228668e+00 6.138335704803e+00 6.321803569794e+00 7.893706798553e+00 1.071073627472e+01 1.051015758514e+01 9.904177665710e+00 6.086241245270e+00 8.429981231689e+00 9.474033355713e+00 9.071664810181e+00 1.398410701752e+01 1.531594657898e+01 2.209419822693e+01 1.823606681824e+01
9.404891729355e-01 1.673584580421e+00 1.404311656952e+00 1.340047836304e+00 1.906073331833e+00 2.310459136963e+00 3.023258209229e+00 3.797186613083e+00 4.226141452789e+00 3.956784248352e+00 2.889335393906e+00 2.175749063492e+00 1.912920355797e+00 1.941868066788e+00 2.085574388504e+00 2.255550622940e+00 2.403470277786e+00 2.545948743820e+00 4.101123809814e+00 5.733323574066e+00 5.845218181610e+00 5.419126033783e+00 5.694163799286e+00 4.766693592072e+00 4.550816059113e+00 5.153469085693e+00 6.687908172607e+00 1.259893989563e+01 1.692965316772e+01 1.718824386597e+01 1.346577453613e+01 6.647500038147e+00 7.762536048889e+00 6.580297470093e+00 1.293283271790e+01 1.153897285461e+01 7.633474826813e+00 9.256973266602e+00 1.130369567871e+01 1.275330162048e+01 1.725497817993e+01 2.068958663940e+01 2.377658462524e+01
1.029970645905e+00 2.051450729370e+00 1.943397521973e+00 1.708372473717e+00 2.254171848297e+00 2.768780946732e+00 3.351919412613e+00 4.400180816650e+00 4.764240741730e+00 4.738339424133e+00 3.241449117661e+00 2.158751726151e+00 2.160168170929e+00 1.859969377518e+00 1.586590051651e+00 1.736125349998e+00 2.159762859344e+00 2.272863149643e+00 2.492747306824e+00 3.173851251602e+00 4.750212669373e+00 6.731521606445e+00 7.833713054657e+00 8.059338569641e+00 8.120711326599e+00 5.452381134033e+00 4.094178676605e+00 4.275525569916e+00 4.485992908478e+00 5.427263736725e+00 1.133944892883e+01 1.797449302673e+01 2.128463172913e+01 1.781152534485e+01 9.200474739075e+00 9.216130256653e+00 1.594346523285e+01 1.321831703186e+01 1.396124362946e+01 1.382983493805e+01 1.240921401978e+01 1.740549468994e+01 2.608814430237e+01
1.473157048225e+00 2.512272834778e+00 2.913074493408e+00 2.989912509918e+00 2.693872213364e+00 3.233808279037e+00 3.229735374451e+00 3.064897775650e+00 3.065704345703e+00 3.788256883621e+00 4.064619541168e+00 3.506179332733e+00 2.581336736679e+00 2.327335596085e+00 2.555242538452e+00 3.155282497406e+00 3.656251907349e+00 4.084468841553e+00 3.982996463776e+00 2.893302917480e+00 3.178905248642e+00 4.182088375092e+00 4.634840488434e+00 6.202792644501e+00 7.695837497711e+00 9.139610290527e+00 1.019579696655e+01 9.901527404785e+00 1.048946857452e+01 1.145383930206e+01 1.267161941528e+01 1.180333900452e+01 1.831737899780e+01 2.074548339844e+01 1.484140586853e+01 1.901633071899e+01 2.114220237732e+01 1.798809051514e+01 2.049701499939e+01 1.679529571533e+01 1.160604286194e+01 2.022703361511e+01 1.688030624390e+01
1.502167701721e+00 2.907222986221e+00 3.263342618942e+00 2.750023841858e+00 3.180256366730e+00 4.009704589844e+00 3.979106426239e+00 3.254052639008e+00 3.925783634186e+00 3.274283885956e+00 3.122144699097e+00 4.331927776337e+00 4.475337982178e+00 3.346248626709e+00 3.115694284439e+00 2.869120359421e+00 3.147308111191e+00 4.205669879913e+00 5.654352188110e+00 5.740069866180e+00 3.621095657349e+00 3.888296842575e+00 5.090662479401e+00 4.210881233215e+00 4.902956962585e+00 5.962860107422e+00 7.917598247528e+00 1.197200679779e+01 1.606945037842e+01 1.471751689911e+01 1.407868194580e+01 1.036008930206e+01 1.031214046478e+01 1.981111907959e+01 1.861491584778e+01 2.345074653625e+01 1.549106121063e+01 2.203326416016e+01 1.939982032776e+01 2.800579071045e+01 2.899840354919e+01 2.323799896240e+01 2.576900291443e+01
2.990142107010e+00 5.805012702942e+00 4.341480255127e+00 3.714977264404e+00 3.635177373886e+00 3.269660234451e+00 3.465520143509e+00 4.218548297882e+00 4.158704757690e+00 3.332614660263e+00 3.976245641708e+00 2.715495347977e+00 3.488931417465e+00 4.869585514069e+00 4.205176353455e+00 3.575302362442e+00 4.478407382965e+00 9.642651557922e+00 1.131945991516e+01 6.692354679108e+00 7.162621974945e+00 4.038136959076e+00 4.633358955383e+00 6.603332519531e+00 4.407745838165e+00 4.209794521332e+00 4.573379993439e+00 4.769568443298e+00 6.076309680939e+00 6.902567863464e+00 7.363270282745e+00 8.432261466980e+00 1.144775962830e+01 1.794095802307e+01 1.203734588623e+01 1.116244029999e+01 1.597645187378e+01 1.868520927429e+01 1.276279544830e+01 2.625608253479e+01 2.680796051025e+01 2.911338615417e+01 3.558710861206e+01
4.615304946899e+00 8.476719856262e+00 6.882201671600e+00 5.443338394165e+00 5.018806457520e+00 3.914667129517e+00 5.380277633667e+00 4.715729713440e+00 5.185099601746e+00 4.042582035065e+00 3.107736825943e+00 3.758385896683e+00 3.392221927643e+00 2.303935766220e+00 4.140561580658e+00 4.845986366272e+00 3.498228073120e+00 2.930588245392e+00 5.341958522797e+00 3.813030481339e+00 6.614889144897e+00 7.348440170288e+00 7.345814228058e+00 6.441058635712e+00 8.925081253052e+00 5.536156177521e+00 5.436673641205e+00 7.040632247925e+00 8.263487815857e+00 6.352649688721e+00 7.746310234070e+00 9.552705764771e+00 1.133913707733e+01 1.334071636200e+01 1.700598144531e+01 1.292834472656e+01 1.434370422363e+01 1.602705764771e+01 1.521153163910e+01 2.158886909485e+01 2.123332786560e+01 3.050613594055e+01 3.026307678223e+01
1.925544977188e+00 4.021546840668e+00 4.744740486145e+00 5.556296348572e+00 5.643721580505e+00 6.265241622925e+00 6.606616020203e+00 5.680415153503e+00 5.065093517303e+00 4.811668395996e+00 4.738418102264e+00 4.269340991974e+00 3.995189666748e+00 3.697189807892e+00 3.995646476746e+00 3.419497489929e+00 2.476152658463e+00 2.884500980377e+00 3.046193838120e+00 4.062415122986e+00 3.881819248199e+00 6.762476444244e+00 6.857090950012e+00 7.344566822052e+00 8.715703964233e+00 9.924249649048e+00 1.062201786041e+01 1.108840274811e+01 1.139002990723e+01 1.229359149933e+01 1.251451301575e+01 1.317936134338e+01 1.405906772614e+01 1.176725673676e+01 1.040994167328e+01 1.437383937836e+01 1.767504882812e+01 2.674252128601e+01 3.238001251221e+01 3.025221061707e+01 2.910881614685e+01 2.981371688843e+01 2.561367607117e+01
1.868289351463e+00 3.946232795715e+00 4.533517360687e+00 5.059480667114e+00 5.327727317810e+00 5.427796363831e+00 4.985209465027e+00 4.235236644745e+00 3.889413118362e+00 4.906136035919e+00 5.768052101135e+00 5.459245681763e+00 4.092948913574e+00 2.651982545853e+00 2.771176338196e+00 1.612771630287e+00 9.529831409454e-01 1.025478839874e+00 1.352325081825e+00 1.714151024818e+00 4.761045455933e+00 8.559729576111e+00 7.668462753296e+00 9.142953872681e+00 8.690546989441e+00 1.076085186005e+01 1.116113662720e+01 1.060941696167e+01 9.934397697449e+00 1.214054107666e+01 1.283370399475e+01 1.575155258179e+01 2.018449592590e+01 2.203786468506e+01 1.889744758606e+01 1.595353984833e+01 1.780913734436e+01 1.320528316498e+01 2.003942680359e+01 2.059638404846e+01 3.236148834229e+01 2.966622161865e+01 3.211509704590e+01
4.993913769722e-01 9.841393828392e-01 1.042905569077e+00 1.131606221199e+00 1.612162232399e+00 2.230564355850e+00 2.921278476715e+00 3.187275648117e+00 3.142570257187e+00 2.928749561310e+00 2.861761808395e+00 3.630499601364e+00 3.602541685104e+00 2.901324510574e+00 1.844508767128e+00 1.458541631699e+00 7.490205168724e-01 6.303296685219e-01 7.158453464508e-01 1.502433180809e+00 3.451103210449e+00 7.090253829956e+00 1.790793228149e+01 1.692576599121e+01 1.524340629578e+01 1.433682346344e+01 1.383838558197e+01 1.348014831543e+01 1.356038093567e+01 1.565990352631e+01 1.861600303650e+01 2.113401222229e+01 3.534439468384e+01 2.041260147095e+01 4.510915756226e+01 3.058210945129e+01 2.436367797852e+01 2.671277236938e+01 3.325180816650e+01 3.883670043945e+01 4.127989196777e+01 3.903205871582e+01 3.931126403809e+01
4.577028155327e-01 8.850342631340e-01 9.660067558289e-01 9.688690900803e-01 1.538539052010e+00 2.259497165680e+00 2.342301607132e+00 1.922932624817e+00 1.422465205193e+00 1.172578096390e+00 1.473675489426e+00 1.827631115913e+00 1.747228384018e+00 1.401972532272e+00 1.033813476562e+00 7.500025033951e-01 5.754316449165e-01 4.150442481041e-01 4.056434333324e-01 1.344055533409e+00 4.304040431976e+00 7.485969543457e+00 7.497540950775e+00 1.488393402100e+01 3.644389724731e+01 1.871247291565e+01 1.175357341766e+01 1.067945003510e+01 1.120309352875e+01 1.225883483887e+01 2.128456497192e+01 2.935777282715e+01 1.551052856445e+01 2.336650848389e+01 4.372414398193e+01 7.597187042236e+01 3.128192520142e+01 2.644958305359e+01 2.268909835815e+01 2.503826141357e+01 2.151704788208e+01 4.070990371704e+01 4.831087112427e+01
2.377762645483e-01 4.944084584713e-01 5.941880345345e-01 6.603369116783e-01 8.111080527306e-01 1.296679258347e+00 1.485319495201e+00 1.300196528435e+00 1.004127621651e+00 7.555169463158e-01 6.268060207367e-01 6.002810597420e-01 4.840647280216e-01 4.328376948833e-01 5.186780691147e-01 3.998031616211e-01 3.567261695862e-01 2.991195023060e-01 3.735845088959e-01 5.662980079651e-01 9.284574985504e-01 2.491554498672e+00 2.652715682983e+00 3.637416601181e+00 1.358185005188e+01 1.426311016083e+01 5.307852745056e+00 3.052340745926e+00 3.213590860367e+00 9.759073257446e+00 1.291395854950e+01 1.409912586212e+01 1.492624855042e+01 1.241687488556e+01 1.849360466003e+01 5.079985427856e+01 2.949108886719e+01 1.708435058594e+01 1.239080429077e+01 1.101657676697e+01 1.050938510895e+01 2.686444473267e+01 3.762540817261e+01
1.059000790119e-01 2.084183096886e-01 2.175129801035e-01 2.442501038313e-01 3.077588975430e-01 3.879225552082e-01 4.600961208344e-01 5.002999305725e-01 4.851520359516e-01 4.206632375717e-01 3.569060266018e-01 3.936830163002e-01 4.055344164371e-01 3.737891316414e-01 3.755786418915e-01 4.322650134563e-01 3.325319588184e-01 2.583444416523e-01 3.095640242100e-01 4.291496872902e-01 4.908998608589e-01 9.078071713448e-01 1.573780536652e+00 3.410566329956e+00 8.224060058594e+00 5.296797752380e+00 3.276978492737e+00 2.625021457672e+00 2.492218971252e+00 8.074792623520e-01 7.093513607979e-01 7.793004512787e-01 1.222767233849e+00 2.564293861389e+00 6.039421081543e+00 9.918592071533e+01 1.885252990723e+02 2.614905738831e+01 1.807325935364e+01 9.350615501404e+00 6.565811157227e+00 7.027939319611e+00 1.376229572296e+01
8.551303297281e-02 1.553504467010e-01 1.728434115648e-01 1.731809675694e-01 1.738010942936e-01 2.224850952625e-01 2.911795377731e-01 3.572670817375e-01 3.965025842190e-01 3.888569474220e-01 3.283401429653e-01 2.952674329281e-01 3.201090991497e-01 3.086465001106e-01 2.733961343765e-01 3.289787471294e-01 3.863863348961e-01 3.124386966228e-01 2.498679459095e-01 9.393515586853e-01 1.057632207870e+00 6.806272864342e-01 9.009003043175e-01 1.589478492737e+00 2.993666410446e+00 3.027344703674e+01 6.944650650024e+00 5.621808052063e+00 2.396534204483e+00 4.773900508881e-01 4.184357523918e-01 4.391981363297e-01 5.282448530197e-01 6.561570763588e-01 8.782888054848e-01 4.541264533997e+00 3.182825088501e+01 7.908914947510e+01 2.164795684814e+01 1.253391838074e+01 3.398401498795e+00 2.235632419586e+00 2.335645198822e+00
7.778616249561e-02 1.840650886297e-01 2.479356676340e-01 2.857235372066e-01 2.973020672798e-01 2.742431461811e-01 2.437861412764e-01 2.254575043917e-01 2.825691103935e-01 3.238189816475e-01 3.235164284706e-01 2.811004221439e-01 2.383405864239e-01 2.970702350140e-01 3.093781173229e-01 2.756091654301e-01 3.158613741398e-01 4.141689538956e-01 3.314088284969e-01 6.706272959709e-01 7.800750136375e-01 6.450546979904e-01 7.089449167252e-01 7.598693966866e-01 1.735012769699e+00 7.389445304871e+00 6.236879348755e+00 1.567884445190e+00 7.394229769707e-01 4.585384428501e-01 3.443151116371e-01 2.945722341537e-01 2.909895181656e-01 3.744441866875e-01 4.893922507763e-01 1.619522690773e+00 8.086606979370e+00 3.080497550964e+01 3.637063598633e+01 5.611305713654e+00 2.579662561417e+00 1.541809439659e+00 1.448392868042e+00
1.181885823607e-01 2.766622900963e-01 3.517336845398e-01 3.940424323082e-01 4.042196571827e-01 3.862926661968e-01 3.624570667744e-01 3.263177871704e-01 2.823561728001e-01 2.313832342625e-01 2.582772374153e-01 2.720595300198e-01 2.609760463238e-01 3.028062880039e-01 3.463726341724e-01 3.260515332222e-01 2.689017355442e-01 4.328103363514e-01 4.517445862293e-01 1.225893259048e+00 7.859663963318e-01 5.719116330147e-01 3.914217054844e-01 4.087648689747e-01 7.636283040047e-01 7.217411994934e+00 7.445090293884e+00 1.412501692772e+00 9.339141845703e-01 4.763693511486e-01 2.985592782497e-01 2.148603349924e-01 1.910998523235e-01 1.950166225433e-01 3.028447031975e-01 5.164423584938e-01 3.361047506332e+00 1.090539646149e+01 2.822761154175e+01 1.447068405151e+01 6.988461017609e+00 1.268838524818e+00 1.123641967773e+00
7.958951592445e-02 1.736171096563e-01 2.152352184057e-01 2.351600080729e-01 2.277477532625e-01 2.269158512354e-01 2.528229653835e-01 2.815605998039e-01 3.084679841995e-01 3.085270822048e-01 2.661710381508e-01 2.084233462811e-01 2.455800175667e-01 2.688436806202e-01 2.715217471123e-01 2.723364531994e-01 2.744323611259e-01 4.548190534115e-01 6.258243322372e-01 1.039680004120e+00 8.090761303902e-01 6.366224884987e-01 3.183721601963e-01 3.242276012897e-01 6.459231972694e-01 3.251028776169e+00 2.463008642197e+00 1.100286722183e+00 8.751640915871e-01 4.941419363022e-01 2.727457880974e-01 2.337743341923e-01 2.062720507383e-01 2.019181996584e-01 2.508853077888e-01 4.438938498497e-01 9.404925107956e-01 4.639387607574e+00 5.532925128937e+00 3.373993635178e+00 2.127538204193e+00 9.604647755623e-01 9.023621082306e-01
7.462824881077e-02 1.380335837603e-01 2.018245607615e-01 2.546592950821e-01 3.018486201763e-01 3.552711606026e-01 4.138712584972e-01 4.770198166370e-01 5.354931950569e-01 5.525560975075e-01 4.953218698502e-01 3.703271448612e-01 2.407783865929e-01 2.510924637318e-01 3.112441599369e-01 3.390906155109e-01 4.117740094662e-01 4.803587794304e-01 5.716047286987e-01 9.787979722023e-01 7.958588600159e-01 4.697696268559e-01 2.546537816525e-01 2.509976923466e-01 4.663925468922e-01 1.009537458420e+00 2.797306632996e+01 7.538102269173e-01 7.005665302277e-01 4.271232783794e-01 2.596271634102e-01 2.095319926739e-01 1.999310702085e-01 2.115418612957e-01 2.682483196259e-01 3.659653067589e-01 6.314672231674e-01 7.774179577827e-01 1.596476793289e+00 2.066564321518e+00 1.289176464081e+00 7.843390703201e-01 1.069435238838e+00
7.401833683252e-02 1.345125585794e-01 1.869293302298e-01 2.286244034767e-01 2.709747254848e-01 3.231898248196e-01 3.781744241714e-01 4.333234429359e-01 4.852459728718e-01 5.141801834106e-01 4.891991615295e-01 5.471729040146e-01 5.675349831581e-01 5.539867281914e-01 5.307441353798e-01 4.831832647324e-01 5.651054382324e-01 4.212737679482e-01 5.547426342964e-01 1.764527916908e+00 6.509315371513e-01 3.347917497158e-01 2.388261705637e-01 2.011495083570e-01 2.767980992794e-01 2.076321363449e+00 6.317138195038e+00 6.138643622398e-01 7.433453202248e-01 3.180914819241e-01 2.450936436653e-01 1.882110089064e-01 1.904443502426e-01 2.189411222935e-01 2.824550271034e-01 3.366809189320e-01 3.889333307743e-01 6.108592748642e-01 1.328433275223e+00 1.543434262276e+00 1.004365086555e+00 7.553648352623e-01 9.247689247131e-01
