VariationalSeries/SI/f104.grd
DSAA
101	101
32.816463539100	34.260883539100
35.556306596100	36.727886596100
1.511545618996e-03	2.805142211914e+02
[rows 76 to 94 of 101, columns 0 to 42 of 101]
1.698792539537e-02 2.456393279135e-02 3.251554816961e-02 3.843719512224e-02 4.124480858445e-02 4.146728292108e-02 4.004797711968e-02 3.782357648015e-02 3.530061617494e-02 3.630512207747e-02 4.113460704684e-02 4.937532171607e-02 5.849850922823e-02 6.433204561472e-02 6.546428799629e-02 6.347842514515e-02 5.773732066154e-02 6.115883961320e-02 6.302842497826e-02 6.673088669777e-02 9.158944338560e-02 8.928010612726e-02 6.044863164425e-02 6.576108932495e-02 6.110897660255e-02 5.571309477091e-02 5.889775976539e-02 6.542561948299e-02 7.237833738327e-02 7.661979645491e-02 7.387791574001e-02 6.964588165283e-02 6.775741279125e-02 6.822852045298e-02 7.528324425220e-02 8.878372609615e-02 1.643826961517e-01 2.014562189579e-01 1.898754537106e-01 1.405050158501e-01 1.410471796989e-01 2.285553961992e-01 4.022133350372e-01
1.717486791313e-02 2.773562446237e-02 3.676610440016e-02 4.235458001494e-02 4.455552995205e-02 4.430519044399e-02 4.254856705666e-02 3.996923938394e-02 3.938099369407e-02 4.381407424808e-02 5.050524324179e-02 5.977957323194e-02 6.835625320673e-02 7.252676039934e-02 7.138428092003e-02 6.618414074183e-02 5.636432394385e-02 5.771294981241e-02 5.804069340229e-02 5.176698789001e-02 5.225646868348e-02 5.449428036809e-02 5.003446340561e-02 5.896915495396e-02 6.250339746475e-02 5.743153765798e-02 6.266400218010e-02 7.556226104498e-02 8.397145569324e-02 8.504584431648e-02 7.942551374435e-02 7.295692712069e-02 7.278827577829e-02 6.985879689455e-02 8.211567252874e-02 9.040012955666e-02 1.472466439009e-01 1.650730967522e-01 1.884678900242e-01 2.153081297874e-01 4.460722208023e-01 5.906804203987e-01 5.663595199585e-01
1.823586411774e-02 2.905894815922e-02 3.781115263700e-02 4.274563863873e-02 4.429945722222e-02 4.354656115174e-02 4.133450984955e-02 4.263774305582e-02 4.813032597303e-02 5.393799766898e-02 6.142931431532e-02 6.933481991291e-02 7.447203248739e-02 7.437296956778e-02 6.906839460135e-02 6.000082939863e-02 4.770538583398e-02 4.985228925943e-02 4.836287721992e-02 4.248988628387e-02 3.989828750491e-02 4.470778256655e-02 5.296098068357e-02 7.061646878719e-02 7.442370057106e-02 6.823775172234e-02 8.387181162834e-02 9.109128266573e-02 9.325543791056e-02 9.127335995436e-02 8.539964258671e-02 7.921531051397e-02 7.548701018095e-02 8.242180198431e-02 1.064206361771e-01 1.401658207178e-01 1.844086050987e-01 2.270486503839e-01 2.053266614676e-01 5.163575410843e-01 6.046386957169e-01 5.721343755722e-01 5.670794248581e-01
1.644151285291e-02 2.596455998719e-02 3.344637528062e-02 3.744310140610e-02 3.844087198377e-02 3.736981004477e-02 4.039040207863e-02 4.602222517133e-02 5.056544765830e-02 5.509569123387e-02 5.986099317670e-02 6.342652440071e-02 6.389778852463e-02 6.021538376808e-02 5.322797968984e-02 4.456629231572e-02 4.094188660383e-02 3.944310173392e-02 3.682362288237e-02 3.624084964395e-02 3.679504245520e-02 4.086322709918e-02 6.351415067911e-02 8.648467808962e-02 9.365525096655e-02 9.797310084105e-02 1.030515357852e-01 1.039507016540e-01 9.799005091190e-02 9.217668324709e-02 8.724271506071e-02 8.284393697977e-02 9.785693138838e-02 1.053503677249e-01 1.344594508410e-01 1.549871712923e-01 1.511011868715e-01 2.448029369116e-01 3.026566505432e-01 4.779936671257e-01 5.337198972702e-01 5.159720182419e-01 5.269024372101e-01
1.336751412600e-02 2.136532217264e-02 2.599458210170e-02 2.893242798746e-02 2.968825399876e-02 3.245624527335e-02 3.729970753193e-02 4.031430184841e-02 4.175368696451e-02 4.305943101645e-02 4.456898942590e-02 4.549213871360e-02 4.467367380857e-02 4.139846935868e-02 4.200480133295e-02 4.294181242585e-02 4.242418706417e-02 4.018926620483e-02 3.672602400184e-02 3.556600585580e-02 3.439761325717e-02 4.173176363111e-02 7.145261764526e-02 9.836652129889e-02 1.117165759206e-01 1.178020387888e-01 1.189745888114e-01 1.241367608309e-01 1.209384202957e-01 1.045440211892e-01 9.048321843147e-02 8.743885904551e-02 1.065738052130e-01 1.110887378454e-01 1.128125116229e-01 1.301020830870e-01 1.727083772421e-01 2.353839129210e-01 3.120105266571e-01 3.321557939053e-01 5.190208554268e-01 6.494225859642e-01 5.132522583008e-01
1.824396289885e-02 2.658534608781e-02 3.262867033482e-02 3.588204458356e-02 3.734733909369e-02 3.801197931170e-02 3.823935985565e-02 3.800074383616e-02 3.728420659900e-02 3.628445789218e-02 3.626476228237e-02 3.939288109541e-02 4.210460186005e-02 4.443892091513e-02 4.606452956796e-02 4.643354564905e-02 4.507319629192e-02 4.185261577368e-02 3.996189683676e-02 3.894248604774e-02 3.784916922450e-02 4.646025598049e-02 7.352384924889e-02 1.014123782516e-01 2.528940141201e-01 7.401864528656e-01 7.862814068794e-01 3.558972477913e-01 2.082411944866e-01 1.648198813200e-01 1.179073899984e-01 9.213904291391e-02 1.075113266706e-01 1.413860768080e-01 1.112272068858e-01 1.407337188721e-01 1.562715619802e-01 2.423963546753e-01 4.235259294510e-01 4.351469874382e-01 4.822133183479e-01 6.546098589897e-01 9.125854372978e-01
2.568949572742e-02 3.718383982778e-02 4.522336274385e-02 4.907254502177e-02 5.012987554073e-02 4.983774572611e-02 4.883808642626e-02 4.731727018952e-02 4.537872970104e-02 4.318419471383e-02 4.952758550644e-02 5.688333511353e-02 6.325946748257e-02 6.761900335550e-02 6.908601522446e-02 6.724511831999e-02 6.211446970701e-02 5.407939478755e-02 5.257168039680e-02 4.985160380602e-02 4.645765200257e-02 5.536764487624e-02 7.340269535780e-02 1.669782847166e-01 6.961040496826e-01 1.986503005028e+00 2.167530059814e+00 1.143567562103e+00 4.768951535225e-01 2.346270084381e-01 1.524256020784e-01 1.206597611308e-01 1.035862267017e-01 1.501797288656e-01 1.565353870392e-01 1.627595126629e-01 1.464561074972e-01 2.296615242958e-01 4.970665574074e-01 7.482324242592e-01 4.980945587158e-01 5.084300637245e-01 1.144226193428e+00
3.213921189308e-02 4.587326943874e-02 5.485476925969e-02 5.830462276936e-02 5.812199786305e-02 5.619638413191e-02 5.345773324370e-02 5.197387188673e-02 5.901774391532e-02 7.199360430241e-02 8.537528663874e-02 9.800379723310e-02 1.087461560965e-01 1.172139495611e-01 1.230585724115e-01 1.251873075962e-01 1.220132485032e-01 1.117219179869e-01 9.249784052372e-02 7.146332412958e-02 6.571277976036e-02 6.863080710173e-02 1.474279612303e-01 2.654060125351e-01 8.192606568336e-01 6.501879692078e+00 1.270334053040e+01 2.814083337784e+00 1.265874505043e+00 4.383541047573e-01 1.854117512703e-01 1.487281471491e-01 1.348084062338e-01 1.870364844799e-01 2.249534726143e-01 2.201891690493e-01 1.831490695477e-01 2.811702787876e-01 4.177529215813e-01 9.122712016106e-01 9.208958148956e-01 4.953030943871e-01 1.172332882881e+00
3.406077250838e-02 4.762899130583e-02 5.563283339143e-02 5.751694366336e-02 5.553638190031e-02 5.749728158116e-02 6.360901892185e-02 6.764965504408e-02 7.889451831579e-02 9.713691473007e-02 1.161628514528e-01 1.342231780291e-01 1.500767320395e-01 1.642192751169e-01 1.777792125940e-01 1.906391382217e-01 1.993901729584e-01 1.964927464724e-01 1.713170409203e-01 1.240719929338e-01 9.556341171265e-02 1.372802406549e-01 2.420638352633e-01 3.436435163021e-01 1.538466691971e+00 3.656325101852e+00 5.085066318512e+00 1.545578837395e+00 6.689139604568e-01 3.650632500648e-01 2.893823087215e-01 3.417336940765e-01 4.389568269253e-01 4.056987464428e-01 2.824815213680e-01 2.863147854805e-01 2.451973557472e-01 2.867559492588e-01 3.098948001862e-01 5.965890288353e-01 7.938117980957e-01 5.567880272865e-01 1.962316870689e+00
4.595902562141e-02 7.283931970596e-02 9.194864332676e-02 1.029267832637e-01 1.091614589095e-01 1.117268428206e-01 1.108749285340e-01 1.070522293448e-01 1.010311916471e-01 1.008162349463e-01 1.217646524310e-01 1.429014652967e-01 1.630059480667e-01 1.823003888130e-01 2.028136402369e-01 2.269524037838e-01 2.507011890411e-01 2.604673802853e-01 2.367023974657e-01 2.893277108669e-01 2.126342058182e-01 2.309016883373e-01 3.036621809006e-01 4.216943085194e-01 7.804195284843e-01 2.759736776352e-01 2.235952019691e-01 2.232949435711e-01 3.142919838428e-01 2.630701363087e-01 3.110993206501e-01 2.328213691711e+00 1.587158322334e+00 1.070428252220e+00 6.407647132874e-01 9.416885375977e-01 8.643098473549e-01 4.065264463425e-01 3.318110108376e-01 3.668687939644e-01 5.465307235718e-01 1.493450403214e+00 2.264782428741e+00
8.425190299749e-02 1.310392320156e-01 1.606975048780e-01 1.729268282652e-01 1.751783490181e-01 1.711643636227e-01 1.627701222897e-01 1.516321897507e-01 1.416405439377e-01 1.479995399714e-01 1.529708802700e-01 1.554632186890e-01 1.574710458517e-01 1.790239810944e-01 1.992962360382e-01 2.220009565353e-01 2.448202520609e-01 3.626935184002e-01 4.688754379749e-01 4.730085432529e-01 4.844259917736e-01 4.831067919731e-01 3.590324521065e-01 4.252801239491e-01 2.065661400557e-01 1.569047272205e-01 1.462001651525e-01 1.270297318697e-01 1.422635167837e-01 1.987810730934e-01 4.986791908741e-01 2.773046255112e+00 2.039222240448e+00 1.161859750748e+00 1.034109473228e+00 2.182964086533e+00 2.081738948822e+00 9.457395672798e-01 7.174165248871e-01 6.451622247696e-01 8.339956402779e-01 1.409389734268e+00 2.561507701874e+00
1.178363785148e-01 1.792561858892e-01 2.109456956387e-01 2.195800244808e-01 2.702324986458e-01 2.923107147217e-01 2.893831729889e-01 2.715022861958e-01 2.462124228477e-01 2.234131246805e-01 2.273168861866e-01 2.239408195019e-01 2.256718724966e-01 2.606665194035e-01 3.815600275993e-01 4.529308676720e-01 5.063884854317e-01 4.913830757141e-01 3.669856488705e-01 4.110729694366e-01 4.328013658524e-01 3.622833192348e-01 2.890280783176e-01 1.630443781614e-01 1.432918161154e-01 1.128341555595e-01 9.372396022081e-02 7.546805590391e-02 6.994561851025e-02 1.221681162715e-01 1.946934908628e-01 1.114732742310e+00 1.354381322861e+00 2.026350259781e+00 2.162236928940e+00 2.974562168121e+00 2.004765510559e+00 9.245095252991e-01 1.993216395378e+00 1.653695106506e+00 1.123473763466e+00 1.372683286667e+00 4.381061553955e+00
1.377591639757e-01 2.075135260820e-01 2.399837076664e-01 2.721058428288e-01 3.317288458347e-01 3.563275337219e-01 3.506574630737e-01 3.267740607262e-01 2.933494448662e-01 2.569407224655e-01 2.212318331003e-01 2.424906939268e-01 2.809892594814e-01 3.232421278954e-01 3.519659340382e-01 3.623049259186e-01 3.415004611015e-01 2.825925052166e-01 2.249977886677e-01 1.961526274681e-01 1.689106971025e-01 1.199958249927e-01 1.028015017509e-01 9.844642877579e-02 8.773142099380e-02 7.163172960281e-02 5.535370483994e-02 5.327361077070e-02 6.791985034943e-02 1.017083153129e-01 1.448756903410e-01 6.031350493431e-01 6.235364675522e-01 1.195355534554e+00 1.395318746567e+00 3.338528633118e+00 2.883354902267e+00 1.595330595970e+00 1.461699724197e+00 5.847897529602e+00 1.378249454498e+01 3.552100658417e+00 2.177679300308e+00
1.025704517961e-01 1.530390679836e-01 1.748365312815e-01 1.801597177982e-01 2.162367701530e-01 2.299073785543e-01 2.248495966196e-01 2.086704969406e-01 1.865989863873e-01 1.629243642092e-01 1.473249346018e-01 1.597214341164e-01 1.669408977032e-01 1.688574552536e-01 1.656626164913e-01 1.652208417654e-01 1.488636285067e-01 1.176650151610e-01 1.369934976101e-01 1.291233152151e-01 1.028717160225e-01 7.657601684332e-02 7.182028144598e-02 6.412048637867e-02 5.367061123252e-02 4.225903376937e-02 4.952878132463e-02 6.869169324636e-02 8.592844009399e-02 1.710940301418e-01 2.173880785704e-01 3.299653232098e-01 5.743403434753e-01 4.273185729980e-01 3.696111440659e-01 4.431190490723e-01 2.758614063263e+00 1.677698493004e+00 1.221453905106e+00 7.845071792603e+00 1.729858207703e+01 1.883733868599e+00 6.781372427940e-01
4.846246540546e-02 7.156686484814e-02 8.658575266600e-02 9.827142953873e-02 1.027409657836e-01 1.046899557114e-01 1.058474555612e-01 1.005115509033e-01 9.579974412918e-02 9.462904185057e-02 9.306823462248e-02 8.580983430147e-02 8.991442620754e-02 9.284184128046e-02 9.239335358143e-02 8.762317150831e-02 1.133046001196e-01 1.448597460985e-01 1.366785168648e-01 1.023920774460e-01 6.538192927837e-02 4.838681966066e-02 4.395429417491e-02 3.813669830561e-02 3.233928978443e-02 5.039326474071e-02 7.739046216011e-02 1.031339839101e-01 1.383443027735e-01 2.236369848251e-01 3.132814168930e-01 4.220196902752e-01 4.845009446144e-01 5.652410984039e-01 2.770532369614e-01 2.952353954315e-01 5.626168847084e-01 1.395822882652e+00 2.316982984543e+00 2.490181684494e+00 1.286559343338e+00 4.849873483181e-01 4.525341689587e-01
3.311698883772e-02 4.831307381392e-02 6.102665513754e-02 6.889206916094e-02 7.207299768925e-02 7.189928740263e-02 6.988874077797e-02 6.656060367823e-02 6.267282366753e-02 5.856537818909e-02 5.434502661228e-02 5.011226609349e-02 4.602625593543e-02 4.673406481743e-02 4.608273506165e-02 6.167089194059e-02 1.052246391773e-01 1.247326359153e-01 1.069973334670e-01 7.392245531082e-02 4.510060325265e-02 2.922695502639e-02 3.006562776864e-02 3.297612443566e-02 4.503749310970e-02 7.634364068508e-02 1.148435920477e-01 1.582778394222e-01 2.228763103485e-01 3.085643351078e-01 4.609823524952e-01 4.754520356655e-01 4.291256070137e-01 2.349831014872e-01 1.797036230564e-01 2.448772042990e-01 2.971408963203e-01 1.041667580605e+00 2.744594812393e+00 1.608611345291e+00 9.481877088547e-01 4.137051999569e-01 3.929165303707e-01
2.377732656896e-02 3.434023261070e-02 4.287445545197e-02 4.815104976296e-02 5.048405006528e-02 5.074051767588e-02 4.961591213942e-02 4.756917059422e-02 4.489358887076e-02 4.174433276057e-02 3.826322779059e-02 3.457451611757e-02 3.709738329053e-02 3.725459799170e-02 3.437358513474e-02 3.654664382339e-02 6.556023657322e-02 8.178847283125e-02 7.664766907692e-02 6.014923006296e-02 4.260229691863e-02 2.869977429509e-02 3.220782428980e-02 3.707689046860e-02 6.354603916407e-02 1.388067454100e-01 2.927441895008e-01 2.694829106331e-01 2.240251004696e-01 4.149108827114e-01 5.638799667358e-01 4.833905398846e-01 3.441767096519e-01 1.595806777477e-01 1.765321791172e-01 2.420975267887e-01 3.137541413307e-01 1.276891589165e+00 2.202385425568e+00 9.466292858124e-01 5.460796952248e-01 3.301683962345e-01 2.969237267971e-01
1.625123992562e-02 2.324113808572e-02 2.877760306001e-02 3.214206546545e-02 3.360220789909e-02 3.372465074062e-02 3.291375190020e-02 3.142650797963e-02 2.941701188684e-02 2.700415626168e-02 2.659765072167e-02 2.980058826506e-02 3.103553876281e-02 2.965562231839e-02 2.745516598225e-02 3.141103312373e-02 3.489502146840e-02 4.178815707564e-02 4.793835058808e-02 4.641668498516e-02 3.962172567844e-02 3.137911856174e-02 3.440335020423e-02 4.755896329880e-02 8.267112821341e-02 2.397040873766e-01 3.404128849506e-01 2.069560140371e-01 2.277927398682e-01 4.380806386471e-01 5.920907855034e-01 4.691561460495e-01 3.195205628872e-01 2.196547687054e-01 2.496671378613e-01 2.419211715460e-01 5.409553647041e-01 2.218126058578e+00 1.695170521736e+00 3.892013728619e-01 7.818717360497e-01 3.374238312244e-01 2.297788262367e-01
9.932809509337e-03 1.406083814800e-02 1.727816276252e-02 1.917504146695e-02 1.992380619049e-02 1.986326463521e-02 1.922991313040e-02 1.817542687058e-02 1.684089750051e-02 2.045305259526e-02 2.384407445788e-02 2.604994550347e-02 2.620463445783e-02 2.797628380358e-02 3.236882761121e-02 3.682067990303e-02 4.071638360620e-02 4.326811060309e-02 4.370932281017e-02 4.175013303757e-02 3.814316540956e-02 3.544123843312e-02 3.943826630712e-02 5.925684422255e-02 9.971354156733e-02 2.678194046021e-01 2.810867726803e-01 2.277229130268e-01 2.068853527308e-01 3.915761113167e-01 5.481511354446e-01 4.278125166893e-01 4.081593155861e-01 2.758303582668e-01 3.005735576153e-01 2.239942103624e-01 5.318561196327e-01 1.296798825264e+00 7.225841879845e-01 4.591585099697e-01 1.038025021553e+00 3.327105641365e-01 1.758686751127e-01
