VariationalSeries/SI/f107_max.grd
DSAA
101	101
32.816463539100	34.260883539100
35.556306596100	36.727886596100
1.584040932357e-03	2.953372802734e+02
[rows 76 to 94 of 101, columns 0 to 42 of 101]
1.784621365368e-02 2.580428123474e-02 3.416574373841e-02 4.038424417377e-02 4.333064705133e-02 4.356196522713e-02 4.207007959485e-02 3.973379358649e-02 3.708432987332e-02 3.806115314364e-02 4.312731698155e-02 5.176849290729e-02 6.133382394910e-02 6.744891405106e-02 6.863333284855e-02 6.654743105173e-02 6.052501499653e-02 6.411013752222e-02 6.607133150101e-02 6.991256028414e-02 9.593562036753e-02 9.350556135178e-02 6.339379400015e-02 6.897145509720e-02 6.410048156977e-02 5.843265727162e-02 6.180701777339e-02 6.865829229355e-02 7.595330476761e-02 8.040960133076e-02 7.753723859787e-02 7.309962809086e-02 7.112090289593e-02 7.161799073219e-02 7.902081310749e-02 9.316666424274e-02 1.721886545420e-01 2.112637311220e-01 1.991312503815e-01 1.476370394230e-01 1.482227742672e-01 2.402129173279e-01 4.229184091091e-01
1.804622821510e-02 2.914068661630e-02 3.862577304244e-02 4.449379816651e-02 4.680322110653e-02 4.653863608837e-02 4.469315707684e-02 4.198441281915e-02 4.127399623394e-02 4.592372477055e-02 5.293986573815e-02 6.266297399998e-02 7.165426760912e-02 7.602553814650e-02 7.482624799013e-02 6.937365233898e-02 5.907981842756e-02 6.049386039376e-02 6.083983182907e-02 5.426676571369e-02 5.473720282316e-02 5.707112327218e-02 5.250839889050e-02 6.183799356222e-02 6.554631888866e-02 6.023231148720e-02 6.575087457895e-02 7.928822189569e-02 8.811665326357e-02 8.924933522940e-02 8.335606008768e-02 7.657160609961e-02 7.640819996595e-02 7.330685853958e-02 8.603708446026e-02 9.476019442081e-02 1.542353928089e-01 1.730092614889e-01 1.977353245020e-01 2.262709736824e-01 4.683611094952e-01 6.206176877022e-01 5.954008102417e-01
1.915808394551e-02 3.052664361894e-02 3.971851617098e-02 4.489945247769e-02 4.652957618237e-02 4.573776200414e-02 4.341436177492e-02 4.467682912946e-02 5.043509602547e-02 5.652397498488e-02 6.437714397907e-02 7.266452908516e-02 7.805076986551e-02 7.794816792011e-02 7.238898426294e-02 6.288655847311e-02 5.000166594982e-02 5.224983394146e-02 5.069140717387e-02 4.453844577074e-02 4.187022149563e-02 4.691418260336e-02 5.553507059813e-02 7.404921203852e-02 7.804490625858e-02 7.159506529570e-02 8.800463378429e-02 9.558505564928e-02 9.786064922810e-02 9.578468650579e-02 8.962421119213e-02 8.313761651516e-02 7.922818511724e-02 8.635037392378e-02 1.114997193217e-01 1.468889862299e-01 1.932470500469e-01 2.378126531839e-01 2.157192975283e-01 5.417426228523e-01 6.348123550415e-01 6.001370549202e-01 5.949435830116e-01
1.727128773928e-02 2.727354131639e-02 3.513082861900e-02 3.932711482048e-02 4.037376493216e-02 3.924822434783e-02 4.231557622552e-02 4.821755364537e-02 5.298012122512e-02 5.772974342108e-02 6.272605806589e-02 6.646554172039e-02 6.696262955666e-02 6.310611963272e-02 5.578518658876e-02 4.670976847410e-02 4.290429130197e-02 4.133107513189e-02 3.858405724168e-02 3.806635364890e-02 3.860679268837e-02 4.286972060800e-02 6.659949570894e-02 9.068836271763e-02 9.821306914091e-02 1.027023121715e-01 1.081315800548e-01 1.090807169676e-01 1.028298959136e-01 9.673172980547e-02 9.155563265085e-02 8.694136142731e-02 1.030003651977e-01 1.103797927499e-01 1.408817917109e-01 1.623906195164e-01 1.583172082901e-01 2.563597857952e-01 3.178362846375e-01 5.034959316254e-01 5.610291361809e-01 5.416885018349e-01 5.530285239220e-01
1.403416413814e-02 2.242885157466e-02 2.728537656367e-02 3.038770519197e-02 3.118075989187e-02 3.400038182735e-02 3.907456994057e-02 4.223423078656e-02 4.374493658543e-02 4.511643573642e-02 4.670161381364e-02 4.767203330994e-02 4.681710898876e-02 4.338704049587e-02 4.402176663280e-02 4.500143602490e-02 4.445648938417e-02 4.211211204529e-02 3.848123177886e-02 3.735438734293e-02 3.607965260744e-02 4.375554993749e-02 7.492163777351e-02 1.031473502517e-01 1.171547845006e-01 1.234820410609e-01 1.247220635414e-01 1.301582902670e-01 1.268121153116e-01 1.096383631229e-01 9.490939974785e-02 9.197220951319e-02 1.121237203479e-01 1.166235208511e-01 1.181849688292e-01 1.366422772408e-01 1.813974082470e-01 2.464526295662e-01 3.267348706722e-01 3.485828042030e-01 5.446904301643e-01 6.827703714371e-01 5.397793650627e-01
1.914376951754e-02 2.789577655494e-02 3.423566743731e-02 3.764778375626e-02 3.918404132128e-02 3.988095000386e-02 4.011981561780e-02 3.987016156316e-02 3.911899775267e-02 3.807026892900e-02 3.800856694579e-02 4.128611087799e-02 4.412703216076e-02 4.657205566764e-02 4.827390238643e-02 4.865850880742e-02 4.723071306944e-02 4.385383799672e-02 4.196875169873e-02 4.089446738362e-02 3.974075242877e-02 4.878115281463e-02 7.709028571844e-02 1.063385680318e-01 2.651381790638e-01 7.756684422493e-01 8.238996267319e-01 3.729895651340e-01 2.182903587818e-01 1.727950870991e-01 1.236382499337e-01 9.682185202837e-02 1.128427609801e-01 1.484103798866e-01 1.167505085468e-01 1.477977633476e-01 1.641193777323e-01 2.537665963173e-01 4.433879852295e-01 4.565960466862e-01 5.059764385223e-01 6.876993179321e-01 9.593229293823e-01
2.695479802787e-02 3.901444375515e-02 4.744826629758e-02 5.148503184319e-02 5.259279534221e-02 5.228545516729e-02 5.123659968376e-02 4.964140057564e-02 4.760784655809e-02 4.530521482229e-02 5.189773440361e-02 5.960522964597e-02 6.628605723381e-02 7.085400074720e-02 7.239181548357e-02 7.046435773373e-02 6.509003788233e-02 5.667293071747e-02 5.519971251488e-02 5.233887583017e-02 4.876783117652e-02 5.812918022275e-02 7.695882022381e-02 1.751219183207e-01 7.296409606934e-01 2.081438541412e+00 2.270908355713e+00 1.207719922066e+00 4.998145699501e-01 2.459293454885e-01 1.597953438759e-01 1.267746835947e-01 1.088367775083e-01 1.576165258884e-01 1.640714406967e-01 1.705972403288e-01 1.535125970840e-01 2.409532219172e-01 5.202636718750e-01 7.831999659538e-01 5.215888619423e-01 5.337376594543e-01 1.202069401741e+00
3.371984139085e-02 4.812843725085e-02 5.754973366857e-02 6.116684526205e-02 6.097320839763e-02 5.895182862878e-02 5.607845261693e-02 5.451716110110e-02 6.183769926429e-02 7.543493062258e-02 8.945719152689e-02 1.026898697019e-01 1.139464378357e-01 1.228203922510e-01 1.289466917515e-01 1.311804652214e-01 1.278597116470e-01 1.170864328742e-01 9.695740789175e-02 7.501213252544e-02 6.896411627531e-02 7.204513251781e-02 1.545906513929e-01 2.783483564854e-01 8.620797991753e-01 6.831757545471e+00 1.337418651581e+01 2.964779853821e+00 1.335068464279e+00 4.615757465363e-01 1.943465620279e-01 1.562392115593e-01 1.412951797247e-01 1.960377395153e-01 2.357802391052e-01 2.307889461517e-01 1.919695883989e-01 2.949770092964e-01 4.372122585773e-01 9.545847773552e-01 9.637984633446e-01 5.202865004539e-01 1.230720996857e+00
3.573265299201e-02 4.996586218476e-02 5.836044251919e-02 6.033438444138e-02 5.825446546078e-02 6.029359623790e-02 6.670639663935e-02 7.094580680132e-02 8.267066627741e-02 1.017897352576e-01 1.217305734754e-01 1.406598538160e-01 1.572774052620e-01 1.721024215221e-01 1.863162666559e-01 1.997968554497e-01 2.089783698320e-01 2.059728354216e-01 1.796371936798e-01 1.301527470350e-01 1.002320349216e-01 1.438691914082e-01 2.537576258183e-01 3.603043854237e-01 1.615520954132e+00 3.837847948074e+00 5.358948230743e+00 1.628872036934e+00 7.088168263435e-01 3.853137493134e-01 3.042647242546e-01 3.587536811829e-01 4.607070684433e-01 4.257348477840e-01 2.960741519928e-01 3.002800047398e-01 2.571952044964e-01 3.008277714252e-01 3.250514268875e-01 6.241160631180e-01 8.304483890533e-01 5.847842097282e-01 2.055647611618e+00
4.817430302501e-02 7.635135948658e-02 9.638349711895e-02 1.078925281763e-01 1.144303083420e-01 1.171236261725e-01 1.162356808782e-01 1.122332587838e-01 1.059257462621e-01 1.056751012802e-01 1.276415437460e-01 1.498079299927e-01 1.708945035934e-01 1.911305636168e-01 2.126378268003e-01 2.379414290190e-01 2.628491818905e-01 2.731441855431e-01 2.483284473419e-01 3.069147467613e-01 2.227006405592e-01 2.418914139271e-01 3.186733424664e-01 4.429726302624e-01 8.188053369522e-01 2.890986502171e-01 2.344647943974e-01 2.341382205486e-01 3.331462144852e-01 2.758510708809e-01 3.278965353966e-01 2.454746961594e+00 1.675980091095e+00 1.122245311737e+00 6.715500354767e-01 9.870660305023e-01 9.059067964554e-01 4.261462390423e-01 3.482910096645e-01 3.837325870991e-01 5.716267228127e-01 1.564464449883e+00 2.372241020203e+00
8.830504119396e-02 1.373437792063e-01 1.684299856424e-01 1.812492161989e-01 1.836124360561e-01 1.794110089540e-01 1.706190705299e-01 1.589504629374e-01 1.484736949205e-01 1.551867276430e-01 1.604526787996e-01 1.631239801645e-01 1.651999801397e-01 1.878231763840e-01 2.090907096863e-01 2.328992187977e-01 2.568416297436e-01 3.801117837429e-01 4.914145469666e-01 4.958009123802e-01 5.078731775284e-01 5.067351460457e-01 3.769379556179e-01 4.461319446564e-01 2.165127992630e-01 1.645022034645e-01 1.533407568932e-01 1.332447081804e-01 1.491761803627e-01 2.084373533726e-01 5.253871083260e-01 2.922725439072e+00 2.152734279633e+00 1.217329621315e+00 1.084308385849e+00 2.288290739059e+00 2.182250499725e+00 9.917752146721e-01 7.528706192970e-01 6.763187050819e-01 8.737244606018e-01 1.476443290710e+00 2.685146093369e+00
1.234528869390e-01 1.877945959568e-01 2.209868282080e-01 2.302314490080e-01 2.834140956402e-01 3.066629469395e-01 3.037005960941e-01 2.850261032581e-01 2.585436701775e-01 2.342656105757e-01 2.384297251701e-01 2.349583804607e-01 2.364578992128e-01 2.731478512287e-01 4.082037508488e-01 4.835036695004e-01 5.385721325874e-01 5.202704071999e-01 3.873298168182e-01 4.310513138771e-01 4.539417028427e-01 3.804363608360e-01 3.031130433083e-01 1.709129512310e-01 1.502002924681e-01 1.183409392834e-01 9.830444306135e-02 7.916604727507e-02 7.342509180307e-02 1.281178295612e-01 2.041602283716e-01 1.172802925110e+00 1.419273853302e+00 2.123912811279e+00 2.267014026642e+00 3.125666618347e+00 2.102447271347e+00 9.692342877388e-01 2.157354354858e+00 1.743321537971e+00 1.186167716980e+00 1.438598513603e+00 4.590670585632e+00
1.443168371916e-01 2.173856198788e-01 2.513929009438e-01 2.853308022022e-01 3.479486107826e-01 3.738664686680e-01 3.680444061756e-01 3.430750072002e-01 3.080515265465e-01 2.698720991611e-01 2.323930859566e-01 2.540739774704e-01 2.944362163544e-01 3.387460112572e-01 3.688789606094e-01 3.797723054886e-01 3.580648601055e-01 2.964004874229e-01 2.360821366310e-01 2.058993577957e-01 1.774094402790e-01 1.261168420315e-01 1.078100726008e-01 1.032476648688e-01 9.201236814260e-02 7.512988895178e-02 5.806225538254e-02 5.592533200979e-02 7.130159437656e-02 1.066335514188e-01 1.519311070442e-01 6.338361501694e-01 6.550312042236e-01 1.253411293030e+00 1.463557481766e+00 3.506504774094e+00 3.025781154633e+00 1.678659796715e+00 1.539149761200e+00 6.128506660461e+00 1.444554901123e+01 3.721467494965e+00 2.281206846237e+00
1.074502095580e-01 1.603159606457e-01 1.831450313330e-01 1.889301389456e-01 2.268275469542e-01 2.412413954735e-01 2.360093444586e-01 2.190830856562e-01 1.959476470947e-01 1.711154133081e-01 1.545867174864e-01 1.676723808050e-01 1.753202080727e-01 1.773871034384e-01 1.740706712008e-01 1.731485724449e-01 1.560429781675e-01 1.232621818781e-01 1.435146927834e-01 1.352730691433e-01 1.077743321657e-01 8.030280470848e-02 7.532180845737e-02 6.725016236305e-02 5.629227682948e-02 4.432590305805e-02 5.200092121959e-02 7.211802899837e-02 9.020960330963e-02 1.793470382690e-01 2.279380261898e-01 3.460760712624e-01 6.028222441673e-01 4.481930732727e-01 3.876563906670e-01 4.647291898727e-01 2.892436265945e+00 1.763517498970e+00 1.280007362366e+00 8.223519325256e+00 1.813201522827e+01 1.973395228386e+00 7.102802991867e-01
5.076764523983e-02 7.496953010559e-02 9.074509888887e-02 1.029887199402e-01 1.076693683863e-01 1.097273603082e-01 1.109444797039e-01 1.053566634655e-01 1.004227399826e-01 9.919986128807e-02 9.756865352392e-02 8.996846526861e-02 9.445829689503e-02 9.755977243185e-02 9.710692614317e-02 9.210709482431e-02 1.186902746558e-01 1.517550945282e-01 1.431926637888e-01 1.072777956724e-01 6.850552558899e-02 5.074448138475e-02 4.609961807728e-02 4.000048339367e-02 3.394114971161e-02 5.290948227048e-02 8.125081658363e-02 1.082730367780e-01 1.449981927872e-01 2.343915402889e-01 3.285518884659e-01 4.425925314426e-01 5.082069635391e-01 6.004200577736e-01 2.948416769505e-01 3.097525537014e-01 5.902439951897e-01 1.462426543236e+00 2.428703308105e+00 2.614212989807e+00 1.348861217499e+00 5.080049633980e-01 4.739820659161e-01
3.471127524972e-02 5.064580217004e-02 6.396140903234e-02 7.220488041639e-02 7.554685324430e-02 7.537660002708e-02 7.325265556574e-02 6.976401805878e-02 6.569175422192e-02 6.138981133699e-02 5.696947872639e-02 5.253541097045e-02 4.825391247869e-02 4.905062168837e-02 4.836657643318e-02 6.459823995829e-02 1.102292761207e-01 1.306766271591e-01 1.121069341898e-01 7.746035605669e-02 4.726374149323e-02 3.065323270857e-02 3.156033903360e-02 3.461974114180e-02 4.728813469410e-02 8.015385270119e-02 1.205665543675e-01 1.659555435181e-01 2.335884273052e-01 3.235794603825e-01 4.834136366844e-01 4.985637664795e-01 4.499013721943e-01 2.463596165180e-01 1.885333359241e-01 2.569302916527e-01 3.119314610958e-01 1.089016556740e+00 2.878268003464e+00 1.688710927963e+00 9.946181178093e-01 4.333151876926e-01 4.115330278873e-01
2.496033161879e-02 3.604483604431e-02 4.499968141317e-02 5.053624510765e-02 5.298270657659e-02 5.325025320053e-02 5.206878483295e-02 4.992097616196e-02 4.711395874619e-02 4.381093755364e-02 4.015848413110e-02 3.628906235099e-02 3.893503919244e-02 3.909946978092e-02 3.607594966888e-02 3.828217089176e-02 6.867968291044e-02 8.568909019232e-02 8.031284064054e-02 6.303327530622e-02 4.464984685183e-02 3.008182719350e-02 3.381105884910e-02 3.892659395933e-02 6.672168523073e-02 1.456183940172e-01 3.069587349892e-01 2.824997007847e-01 2.348893135786e-01 4.350868761539e-01 5.912734270096e-01 5.068345665932e-01 3.607041239738e-01 1.672130376101e-01 1.852058172226e-01 2.539937496185e-01 3.279808461666e-01 1.343919754028e+00 2.320418834686e+00 9.927131533623e-01 5.725175738335e-01 3.458015322685e-01 3.109848797321e-01
1.707413606346e-02 2.441463060677e-02 3.022856265306e-02 3.376121819019e-02 3.529349341989e-02 3.542066738009e-02 3.456790372729e-02 3.300535306334e-02 3.089519031346e-02 2.836187556386e-02 2.791623584926e-02 3.127637878060e-02 3.257156535983e-02 3.112317062914e-02 2.876742370427e-02 3.291379660368e-02 3.656582906842e-02 4.378120601177e-02 5.023138225079e-02 4.864353686571e-02 4.152759909630e-02 3.289181739092e-02 3.611690551043e-02 4.993857815862e-02 8.680232614279e-02 2.513945102692e-01 3.569125235081e-01 2.172383368015e-01 2.388367205858e-01 4.593634009361e-01 6.208283901215e-01 4.918922185898e-01 3.347663283348e-01 2.301549315453e-01 2.619100511074e-01 2.538076043129e-01 5.687339305878e-01 2.334674119949e+00 1.788531303406e+00 4.078553318977e-01 8.195005059242e-01 3.534681200981e-01 2.406569719315e-01
1.045178156346e-02 1.479274872690e-02 1.817606575787e-02 2.017062343657e-02 2.095721289515e-02 2.089219167829e-02 2.022475376725e-02 1.911478489637e-02 1.767790876329e-02 2.146790362895e-02 2.502543665469e-02 2.733925729990e-02 2.750095911324e-02 2.931323088706e-02 3.391718491912e-02 3.858351334929e-02 4.266718402505e-02 4.534251615405e-02 4.580608382821e-02 4.375391080976e-02 3.997449949384e-02 3.715771436691e-02 4.135005176067e-02 6.222213432193e-02 1.046974062920e-01 2.808443605900e-01 2.947010993958e-01 2.390305697918e-01 2.171436697245e-01 4.105819761753e-01 5.747464299202e-01 4.485464990139e-01 4.276335537434e-01 2.890099585056e-01 3.153032064438e-01 2.354038804770e-01 5.599007606506e-01 1.358321905136e+00 7.618053555489e-01 4.813103973866e-01 1.088103771210e+00 3.485608398914e-01 1.841873079538e-01
