VariationalSeries/SI/f107_max.grd
DSAA
101	101
32.816463539100	34.260883539100
35.556306596100	36.727886596100
1.584040932357e-03	2.953372802734e+02
[rows 57 to 75 of 101, columns 43 to 85 of 101]
1.147090315819e+00 1.396665692329e+00 7.220301032066e-01 8.111264705658e-01 7.985436916351e-01 1.246783494949e+00 1.352963209152e+00 2.177186489105e+00 1.599608778954e+00 8.674039244652e-01 6.323525905609e-01 5.248726010323e-01 3.951896429062e-01 6.670954227448e-01 3.098806619644e+00 1.027959156036e+01 2.074668312073e+01 2.098696327209e+01 3.777045822144e+01 1.010562324524e+01 2.868644475937e+00 2.279895782471e+00 3.946128129959e+00 7.274406433105e+00 1.244644737244e+01 1.136170101166e+01 1.241420555115e+01 9.951193809509e+00 1.246184825897e+01 1.181271362305e+01 1.234162521362e+01 9.218336105347e+00 9.406242370605e+00 1.329088401794e+01 8.281199455261e+00 5.231123447418e+00 6.067648410797e+00 8.315580368042e+00 1.042229938507e+01 7.563578128815e+00 3.174645423889e+00 2.933767080307e+00 2.827423810959e+00
9.111935496330e-01 2.249967575073e+00 5.848000645638e-01 6.258892416954e-01 6.169185042381e-01 9.113517403603e-01 1.700805425644e+00 5.373468875885e+00 4.247116088867e+00 9.341416358948e-01 5.983462929726e-01 4.125246405602e-01 3.188190162182e-01 3.168696463108e-01 6.536763906479e-01 6.225938796997e+00 7.156982421875e+00 7.370678901672e+00 5.780909538269e+00 5.760568618774e+00 4.011348247528e+00 3.041563987732e+00 2.349520921707e+00 1.523571848869e+00 3.890931606293e+00 7.518020153046e+00 1.336817169189e+01 1.389576816559e+01 1.509779262543e+01 8.091584205627e+00 1.072216033936e+01 9.653897285461e+00 8.292253494263e+00 7.560824394226e+00 7.670157432556e+00 5.710431098938e+00 5.624070167542e+00 6.546347618103e+00 6.380776405334e+00 5.800496578217e+00 5.987509250641e+00 6.252044677734e+00 5.829399585724e+00
7.900674343109e-01 9.194722771645e-01 5.284081101418e-01 5.664897561073e-01 5.729605555534e-01 8.256719112396e-01 2.430036783218e+00 1.335768985748e+01 1.093675708771e+01 1.523154973984e+00 6.226736903191e-01 3.544240593910e-01 2.469345778227e-01 2.243161499500e-01 2.344670146704e-01 2.874713242054e-01 3.695523440838e-01 5.185890197754e-01 1.068495392799e+00 9.000840783119e-01 9.930996298790e-01 1.135937333107e+00 7.551077604294e-01 7.624242305756e-01 1.901360988617e+00 8.778644561768e+00 1.507337188721e+01 1.747060585022e+01 1.677102661133e+01 1.683063125610e+01 1.084238243103e+01 9.381823539734e+00 7.898313045502e+00 7.499470710754e+00 1.048197364807e+01 9.058870315552e+00 7.532847881317e+00 4.718541622162e+00 4.872045516968e+00 4.065613746643e+00 3.665836334229e+00 3.320248126984e+00 2.882936716080e+00
7.250438332558e-01 6.479405164719e-01 5.093593597412e-01 5.708242058754e-01 6.364588737488e-01 8.331456184387e-01 1.795247840881e+01 7.405606269836e+00 8.131041526794e+00 1.149875998497e+00 5.442790389061e-01 3.392345309258e-01 2.233324050903e-01 1.823195964098e-01 1.746024340391e-01 1.850671321154e-01 2.214027345181e-01 2.916994392872e-01 3.964921832085e-01 4.862058460712e-01 5.359075069427e-01 1.085096716881e+00 5.619761347771e-01 5.206114053726e-01 1.582696557045e+00 3.462306022644e+00 1.240577125549e+01 1.452951240540e+01 1.478289985657e+01 1.591563987732e+01 1.360728168488e+01 1.031662178040e+01 7.259145259857e+00 9.176724433899e+00 6.291656017303e+00 5.539578914642e+00 4.591686248779e+00 3.788174629211e+00 3.551303148270e+00 3.561158418655e+00 3.658927202225e+00 5.396397590637e+00 7.315825462341e+00
6.109157800674e-01 4.724504053593e-01 4.984886646271e-01 6.021876931190e-01 1.026690602303e+00 1.609148621559e+00 4.690372467041e+00 1.094717216492e+01 3.870425224304e+00 6.180409789085e-01 3.934646844864e-01 2.881659269333e-01 2.031476050615e-01 1.525210440159e-01 1.399750709534e-01 1.403207629919e-01 1.537859588861e-01 2.052194476128e-01 2.827876508236e-01 3.238712847233e-01 3.269672095776e-01 6.685017347336e-01 4.080322682858e-01 4.655875563622e-01 9.811257123947e-01 3.261564254761e+00 8.828942298889e+00 1.184634876251e+01 1.266360282898e+01 9.867435455322e+00 7.480330467224e+00 1.068240547180e+01 7.316072940826e+00 5.032967090607e+00 5.706080913544e+00 7.493492126465e+00 6.754407882690e+00 4.529473781586e+00 4.206664562225e+00 4.082614421844e+00 4.027854919434e+00 4.688073158264e+00 5.607803821564e+00
4.407886564732e-01 3.663978278637e-01 4.564095139503e-01 1.006336212158e+00 3.027013540268e+00 6.489002704620e+00 8.339074134827e+00 5.100958824158e+00 5.532526969910e-01 3.760324418545e-01 2.773595154285e-01 2.286495119333e-01 1.788782924414e-01 1.447254717350e-01 1.273341774940e-01 1.322505325079e-01 1.388242095709e-01 1.690980046988e-01 2.441124767065e-01 3.008140921593e-01 3.199943304062e-01 3.283752799034e-01 3.307250738144e-01 4.949035346508e-01 1.182514429092e+00 3.066024065018e+00 3.750867366791e+00 3.694715738297e+00 7.441261768341e+00 8.605404853821e+00 1.011878108978e+01 6.461140155792e+00 8.256494522095e+00 6.065927505493e+00 7.024590492249e+00 8.223823547363e+00 1.630344963074e+01 1.025388717651e+01 6.038063049316e+00 4.701316356659e+00 4.826590538025e+00 4.733464241028e+00 4.565831184387e+00
2.882269918919e-01 2.983047366142e-01 3.765943944454e-01 4.741884469986e-01 1.186723828316e+00 6.740766525269e+00 4.110648155212e+00 5.604951381683e-01 3.280273377895e-01 2.927520871162e-01 2.468559294939e-01 2.084236443043e-01 1.646114885807e-01 1.387654244900e-01 1.232238039374e-01 1.351820230484e-01 1.422097682953e-01 1.383877843618e-01 2.000449150801e-01 2.557396292686e-01 2.895135283470e-01 2.882522940636e-01 3.487059175968e-01 5.624010562897e-01 1.740149140358e+00 3.462418556213e+00 2.075323343277e+00 2.722511768341e+00 2.590898752213e+00 1.298579978943e+01 1.879690933228e+01 1.037132072449e+01 5.730134487152e+00 7.680878162384e+00 3.123679637909e+00 3.250528812408e+00 1.181908416748e+01 5.713927268982e+00 4.575537681580e+00 3.451753616333e+00 3.541150808334e+00 3.944046020508e+00 4.329824924469e+00
2.356487512589e-01 2.579796016216e-01 3.032907247543e-01 3.828863799572e-01 4.211900830269e-01 5.940149426460e-01 6.567535996437e-01 4.496515989304e-01 2.411409020424e-01 2.479714155197e-01 2.171674370766e-01 1.994665116072e-01 1.630863994360e-01 1.331183910370e-01 1.342703849077e-01 1.364315599203e-01 1.447234451771e-01 1.460479497910e-01 1.679052710533e-01 2.160637825727e-01 2.547590732574e-01 2.731322050095e-01 2.954428792000e-01 4.585674703121e-01 1.279296875000e+00 8.047606348991e-01 8.040692806244e-01 1.249693632126e+00 2.866441488266e+00 5.619548797607e+00 5.957576274872e+00 7.560081005096e+00 1.188001346588e+01 6.453958511353e+00 6.168908596039e+00 4.690112590790e+00 4.843029499054e+00 4.098761558533e+00 2.279192924500e+00 2.751469850540e+00 2.683068513870e+00 2.829649925232e+00 3.577882051468e+00
1.853922903538e-01 2.085731476545e-01 2.494288384914e-01 3.059155344963e-01 3.283061385155e-01 3.629033863544e-01 3.825874626637e-01 2.421561628580e-01 2.085103541613e-01 2.188197076321e-01 2.032995969057e-01 1.757214963436e-01 1.480144113302e-01 1.340727210045e-01 1.305814981461e-01 1.489758640528e-01 1.471251100302e-01 1.263018101454e-01 1.478964984417e-01 1.881752163172e-01 2.232639193535e-01 2.602005302906e-01 3.537101447582e-01 3.750219345093e-01 3.798068165779e-01 5.299021601677e-01 5.097327232361e-01 1.237923622131e+00 1.744981884956e+00 2.326476335526e+00 4.856680393219e+00 8.378180503845e+00 6.404094696045e+00 1.169974803925e+01 7.498192310333e+00 4.252202987671e+00 3.583747148514e+00 3.192642211914e+00 3.774906396866e+00 3.579892396927e+00 4.470595359802e+00 4.340783119202e+00 5.080010414124e+00
1.704988330603e-01 1.725565791130e-01 1.935136616230e-01 2.154195457697e-01 2.319566905499e-01 2.279294729233e-01 2.187732607126e-01 2.127584666014e-01 2.300951033831e-01 2.271495461464e-01 2.115918695927e-01 1.849724352360e-01 1.521310508251e-01 1.372818350792e-01 1.238317787647e-01 1.206167712808e-01 1.353116333485e-01 1.368293464184e-01 1.395872384310e-01 1.689889878035e-01 1.961909085512e-01 2.335933148861e-01 3.378002345562e-01 3.808796703815e-01 4.093759953976e-01 8.554055094719e-01 1.171186208725e+00 1.496696949005e+00 2.088815689087e+00 2.274804115295e+00 4.960004806519e+00 9.287116050720e+00 4.432729721069e+00 4.774219989777e+00 8.573217391968e+00 7.440515995026e+00 5.050813198090e+00 4.358251094818e+00 5.218378067017e+00 2.719048261642e+00 3.645428180695e+00 4.237583160400e+00 5.031560420990e+00
1.410287618637e-01 1.616550385952e-01 1.693076789379e-01 1.669637113810e-01 1.870858520269e-01 2.081401646137e-01 2.242814153433e-01 1.990931034088e-01 1.880967319012e-01 1.937889605761e-01 2.077607363462e-01 2.070896327496e-01 1.793378442526e-01 1.550012677908e-01 1.469438076019e-01 1.352893710136e-01 1.166795194149e-01 1.258030086756e-01 1.430598497391e-01 1.587654054165e-01 1.748849600554e-01 2.040279805660e-01 2.878343760967e-01 2.839958071709e-01 3.267788589001e-01 7.674848437309e-01 1.632271289825e+00 2.199752330780e+00 3.082266092300e+00 1.621788024902e+00 4.864672183990e+00 2.447472333908e+00 2.598184347153e+00 3.109959363937e+00 5.049304008484e+00 5.437301635742e+00 6.961109161377e+00 6.457149982452e+00 4.628710746765e+00 3.934710025787e+00 3.067110061646e+00 3.297393560410e+00 2.555682420731e+00
1.394386142492e-01 1.537328362465e-01 1.526668369770e-01 1.516723781824e-01 1.621679663658e-01 1.865059733391e-01 2.019834369421e-01 1.805897057056e-01 1.458770781755e-01 1.563251316547e-01 1.690342128277e-01 1.880966722965e-01 1.960959434509e-01 1.647141128778e-01 1.572546660900e-01 1.933753043413e-01 1.717350333929e-01 1.360978931189e-01 1.487186253071e-01 1.554768532515e-01 1.887353658676e-01 2.093765288591e-01 2.265607714653e-01 2.940445244312e-01 3.419692516327e-01 5.662491321564e-01 1.168365716934e+00 1.401028394699e+00 1.918232321739e+00 1.091997623444e+00 2.379602670670e+00 1.873105406761e+00 3.048442840576e+00 1.896790742874e+00 3.782065153122e+00 2.714957475662e+00 4.217330932617e+00 5.255613803864e+00 4.749302864075e+00 6.498657703400e+00 6.000200271606e+00 4.835697650909e+00 4.167772769928e+00
1.337807923555e-01 1.441815197468e-01 1.384057104588e-01 1.376753151417e-01 1.383738666773e-01 1.394080072641e-01 1.545114666224e-01 1.462589800358e-01 1.788418889046e-01 1.933263093233e-01 1.768309772015e-01 1.747525632381e-01 1.864960044622e-01 1.954286545515e-01 1.847608834505e-01 2.385153472424e-01 2.128214985132e-01 1.618240773678e-01 1.628611385822e-01 1.596677154303e-01 1.833590716124e-01 1.985987573862e-01 2.283585369587e-01 3.027904927731e-01 3.567345142365e-01 5.064280033112e-01 7.620381712914e-01 8.677398562431e-01 9.472039937973e-01 1.199630856514e+00 2.113580942154e+00 3.169854402542e+00 2.088457584381e+00 5.193691730499e+00 1.758787393570e+00 2.341420888901e+00 4.515669345856e+00 6.379917144775e+00 3.156019210815e+00 3.553747415543e+00 2.375043869019e+00 4.275619506836e+00 3.816653490067e+00
1.190244182944e-01 1.281718015671e-01 1.229793876410e-01 1.182275861502e-01 1.098343357444e-01 1.127863004804e-01 1.189213171601e-01 1.636386364698e-01 2.028911858797e-01 2.084580808878e-01 1.844518482685e-01 1.932235807180e-01 2.135396450758e-01 2.100377380848e-01 2.101452499628e-01 2.232296913862e-01 2.374767810106e-01 2.782189249992e-01 2.488524019718e-01 2.239774167538e-01 2.234493196011e-01 2.404857575893e-01 2.866760790348e-01 3.090381622314e-01 3.643493354321e-01 4.340996444225e-01 7.316417098045e-01 7.071581482887e-01 1.419594883919e+00 2.814677238464e+00 3.422949314117e+00 1.645479202271e+00 1.658018350601e+00 5.120987415314e+00 2.662905454636e+00 3.293903112411e+00 2.947588682175e+00 3.766934394836e+00 2.743424892426e+00 1.073708176613e+00 1.027373552322e+00 1.386657714844e+00 2.658873558044e+00
1.089957877994e-01 1.089331582189e-01 1.080016568303e-01 1.061862334609e-01 1.087324544787e-01 1.165812909603e-01 1.220278441906e-01 1.520147323608e-01 1.704564392567e-01 1.632706671953e-01 1.934153586626e-01 2.074657678604e-01 2.008377462626e-01 2.098196744919e-01 2.837615311146e-01 3.935891985893e-01 4.459955692291e-01 5.611447095871e-01 5.575357675552e-01 6.071614623070e-01 4.313439130783e-01 4.007637798786e-01 4.636166095734e-01 3.887971043587e-01 4.459126889706e-01 6.156188845634e-01 1.811010599136e+00 1.689061522484e+00 1.836784124374e+00 2.442897081375e+00 1.243817806244e+00 1.309152126312e+00 1.788619041443e+00 1.043610692024e+00 5.457583904266e+00 7.490915775299e+00 6.662614822388e+00 1.600933313370e+00 7.627741694450e-01 6.391112804413e-01 6.244913339615e-01 7.346742749214e-01 7.749927043915e-01
1.009668409824e-01 1.045368313789e-01 1.004485115409e-01 1.077220365405e-01 1.177063733339e-01 1.348116844893e-01 1.351014226675e-01 1.542515605688e-01 1.744530946016e-01 2.040531337261e-01 2.126062959433e-01 2.513650059700e-01 2.624794542789e-01 2.421756237745e-01 6.079406738281e-01 2.181840181351e+00 1.726381182671e+00 9.588804244995e-01 1.077134132385e+00 1.349905490875e+00 1.001693964005e+00 5.140980482101e-01 5.966876149178e-01 7.458133697510e-01 7.286595702171e-01 1.366930723190e+00 1.911516785622e+00 1.660393118858e+00 1.387487888336e+00 1.221886396408e+00 1.391680598259e+00 1.328520059586e+00 9.978982210159e-01 8.422706127167e-01 1.413467764854e+00 6.389211177826e+00 6.625392913818e+00 1.370537519455e+00 5.054270029068e-01 5.159487128258e-01 4.756437540054e-01 4.574958086014e-01 7.426847815514e-01
1.008584648371e-01 1.084337234497e-01 1.351327598095e-01 1.508430540562e-01 1.378605663776e-01 2.280644476414e-01 2.677637338638e-01 2.752426564693e-01 2.379155457020e-01 2.410658746958e-01 2.653374671936e-01 3.320693969727e-01 3.302815556526e-01 1.195933461189e+00 8.581800460815e+00 1.093525695801e+01 5.163976192474e+00 2.714575767517e+00 2.196036815643e+00 1.736794948578e+00 8.512874841690e-01 8.222755789757e-01 1.762908339500e+00 3.754688978195e+00 3.083887100220e+00 1.644844889641e+00 1.937574267387e+00 1.584690213203e+00 1.673230171204e+00 1.173714756966e+00 2.961690664291e+00 1.187057971954e+00 8.842755556107e-01 6.296287775040e-01 4.329595565796e-01 1.326970338821e+00 1.457747340202e+00 3.591755330563e-01 2.521821260452e-01 2.969467937946e-01 3.674992918968e-01 4.115545451641e-01 3.854994475842e-01
1.210676133633e-01 1.896612346172e-01 2.578304708004e-01 2.799673378468e-01 3.625144064426e-01 4.814333021641e-01 4.727615118027e-01 4.167294204235e-01 3.577821850777e-01 2.758581340313e-01 3.565991818905e-01 3.937101066113e-01 2.098132848740e+00 1.169206047058e+01 1.618743324280e+01 5.724896907806e+00 1.694535136223e+00 1.050351738930e+00 1.102714061737e+00 9.720460772514e-01 9.028143882751e-01 2.048963308334e+00 4.042211532593e+00 5.319684505463e+00 4.277022361755e+00 2.189386844635e+00 1.541875958443e+00 1.098180055618e+00 1.025411725044e+00 8.912812471390e-01 1.259110212326e+00 5.570145845413e-01 6.398642659187e-01 5.203419923782e-01 3.287906348705e-01 1.962219476700e-01 1.644823253155e-01 1.626495420933e-01 1.689252704382e-01 2.105390727520e-01 2.828850746155e-01 3.585156500340e-01 3.675783872604e-01
1.992783397436e-01 2.967569231987e-01 3.932605683804e-01 5.726070404053e-01 1.104412078857e+00 1.075927615166e+00 1.490666270256e+00 1.180405616760e+00 1.343715786934e+00 7.993167042732e-01 4.291636943817e-01 2.705100297928e+00 1.097676277161e+01 1.101562500000e+01 2.911607027054e+00 8.476033806801e-01 1.550738930702e+00 2.048051595688e+00 1.496270179749e+00 1.713725209236e+00 2.064371109009e+00 2.102803230286e+00 3.048083305359e+00 2.504692077637e+00 1.668600797653e+00 1.316364645958e+00 8.225271701813e-01 3.244901895523e-01 3.401503562927e-01 3.187482059002e-01 4.092641770840e-01 3.004688620567e-01 2.688121497631e-01 1.881114989519e-01 1.926088631153e-01 1.966949105263e-01 2.034216374159e-01 2.140236645937e-01 2.281369268894e-01 2.464315444231e-01 2.503081262112e-01 3.000103235245e-01 3.914956450462e-01
