VariationalSeries/SI/f107_max.grd
DSAA
101	101
32.816463539100	34.260883539100
35.556306596100	36.727886596100
1.584040932357e-03	2.953372802734e+02
[rows 0 to 18 of 101, columns 43 to 85 of 101]
3.965303003788e-01 6.751306653023e-01 7.787781953812e-01 6.190026402473e-01 4.322578012943e-01 4.491565823555e-01 3.888254463673e-01 3.500017523766e-01 2.322984784842e-01 3.250806033611e-01 4.315085113049e-01 5.099033117294e-01 6.519072055817e-01 9.240189790726e-01 4.211083352566e-01 5.267556905746e-01 6.684058308601e-01 7.122703194618e-01 4.822635054588e-01 3.449799120426e-01 3.899315893650e-01 4.715364277363e-01 4.907458126545e-01 5.205482244492e-01 5.222716331482e-01 3.754505813122e-01 2.529249489307e-01 2.582462728024e-01 4.899861812592e-01 7.287964224815e-01 5.794913172722e-01 2.844230830669e-01 3.546207845211e-01 2.498871982098e-01 2.458700239658e-01 2.181139737368e-01 1.761089563370e-01 1.585478335619e-01 1.207663118839e-01 1.251396536827e-01 1.548077017069e-01 2.580295801163e-01 2.567468881607e-01
6.879997253418e-01 1.223736166954e+00 1.529067754745e+00 1.356277346611e+00 1.018704295158e+00 1.003597617149e+00 8.114355206490e-01 6.786430478096e-01 6.320791840553e-01 7.158877849579e-01 7.982223033905e-01 9.651520252228e-01 1.293550729752e+00 1.850911855698e+00 8.048471808434e-01 1.003318786621e+00 1.265897154808e+00 1.337318778038e+00 9.204398989677e-01 6.673639416695e-01 7.327525615692e-01 9.009467959404e-01 9.731718301773e-01 9.140632748604e-01 9.357488751411e-01 7.861899137497e-01 4.632962048054e-01 5.223793387413e-01 1.111693859100e+00 1.754769682884e+00 1.034287095070e+00 4.732613861561e-01 6.945759057999e-01 4.614987969398e-01 4.609932303429e-01 3.843454122543e-01 3.154069185257e-01 2.802546322346e-01 2.317323088646e-01 2.326861321926e-01 3.425474166870e-01 5.232875347137e-01 4.883484840393e-01
8.630065917969e-01 1.252058625221e+00 1.710245013237e+00 1.684333920479e+00 1.371405839920e+00 1.456827521324e+00 9.610421657562e-01 8.336539864540e-01 1.120075821877e+00 1.121585726738e+00 7.971144914627e-01 1.071146726608e+00 1.381895184517e+00 1.940121054649e+00 9.218255281448e-01 1.144503235817e+00 1.419509172440e+00 1.535482645035e+00 1.063860893250e+00 8.038545846939e-01 8.341020345688e-01 9.058814048767e-01 1.096763968468e+00 1.147910356522e+00 1.386639952660e+00 1.063075661659e+00 6.038113236427e-01 6.567447185516e-01 1.462586998940e+00 2.272673845291e+00 1.063865780830e+00 5.564043521881e-01 8.010063767433e-01 5.115222930908e-01 5.151378512383e-01 4.503888189793e-01 3.997289240360e-01 3.172534406185e-01 2.659305930138e-01 3.305545747280e-01 4.343837201595e-01 5.802077651024e-01 5.008706450462e-01
9.955111742020e-01 1.131238937378e+00 1.533549904823e+00 1.667682051659e+00 1.488764047623e+00 1.946560144424e+00 1.006071448326e+00 1.136091470718e+00 1.597117662430e+00 1.646891951561e+00 1.094737768173e+00 1.121783256531e+00 1.417465448380e+00 1.960473895073e+00 9.688566923141e-01 1.228496313095e+00 1.457681894302e+00 1.602508783340e+00 1.116991996765e+00 1.057974457741e+00 8.961887359619e-01 1.100133895874e+00 1.329359531403e+00 1.307634711266e+00 1.844827055931e+00 1.314292073250e+00 6.809571981430e-01 7.835453152657e-01 1.707345128059e+00 2.466974020004e+00 1.011412262917e+00 6.040322780609e-01 8.497707843781e-01 4.800356030464e-01 5.275443196297e-01 5.765565037727e-01 4.862579405308e-01 3.657985925674e-01 3.236233294010e-01 4.080817401409e-01 5.188533663750e-01 6.051830053329e-01 4.807969331741e-01
9.809308648109e-01 1.357817530632e+00 1.213382124901e+00 1.413673162460e+00 1.376042485237e+00 2.468484640121e+00 9.669485092163e-01 1.400745987892e+00 2.038289785385e+00 2.190705299377e+00 1.542183876038e+00 1.165751338005e+00 1.458977222443e+00 1.972819685936e+00 1.006469130516e+00 1.347022414207e+00 1.476014852524e+00 1.657666921616e+00 1.225252866745e+00 1.302068591118e+00 1.032250165939e+00 1.394317507744e+00 1.690831542015e+00 1.640833973885e+00 2.296430587769e+00 1.521195888519e+00 8.278071284294e-01 8.408514857292e-01 1.809103250504e+00 2.383422851562e+00 1.090024948120e+00 7.192346453667e-01 8.793382048607e-01 5.687034130096e-01 6.548134684563e-01 6.788443326950e-01 5.420395135880e-01 3.829508721828e-01 4.104469418526e-01 4.444428384304e-01 6.060119867325e-01 6.148256659508e-01 4.608598351479e-01
8.527010679245e-01 1.443997144699e+00 1.086198091507e+00 1.123187065125e+00 1.199147701263e+00 2.988202095032e+00 1.077796816826e+00 1.593333244324e+00 2.429394006729e+00 2.730283498764e+00 2.012094020844e+00 1.229947686195e+00 1.514623880386e+00 1.983582496643e+00 1.057563424110e+00 1.446115374565e+00 1.473414659500e+00 1.706632971764e+00 1.255702733994e+00 1.512475609779e+00 1.254710197449e+00 1.691082596779e+00 2.015056133270e+00 1.923289656639e+00 2.701605081558e+00 1.641627073288e+00 9.114992618561e-01 1.006508469582e+00 1.732528448105e+00 1.933153271675e+00 1.097593426704e+00 8.312192559242e-01 8.880907297134e-01 6.357491612434e-01 7.674130201340e-01 7.554467320442e-01 5.692008733749e-01 4.112184047699e-01 4.619034230709e-01 4.780828058720e-01 6.933605074883e-01 6.265601515770e-01 4.428136348724e-01
7.937906384468e-01 1.384711146355e+00 1.091945886612e+00 8.869403004646e-01 1.165368199348e+00 3.466703653336e+00 1.246824979782e+00 1.686141848564e+00 2.700733423233e+00 3.144876718521e+00 2.442191600800e+00 1.290599107742e+00 1.564385294914e+00 1.986207365990e+00 1.114792346954e+00 1.542837023735e+00 1.449336886406e+00 1.741144895554e+00 1.262083649635e+00 1.601760625839e+00 1.439080476761e+00 1.902995705605e+00 2.235739707947e+00 2.081001758575e+00 3.001199960709e+00 1.655402421951e+00 8.808933496475e-01 1.127199769020e+00 1.485540151596e+00 1.408396244049e+00 1.467123627663e+00 1.126702666283e+00 8.821355700493e-01 6.831024289131e-01 8.568109869957e-01 8.004167079926e-01 5.670910477638e-01 4.830140471458e-01 4.550912976265e-01 6.498488783836e-01 7.930273413658e-01 6.433133482933e-01 4.141311943531e-01
9.121425151825e-01 1.323847174644e+00 1.056687593460e+00 1.001334547997e+00 1.310377120972e+00 3.921880245209e+00 1.423972487450e+00 1.633537650108e+00 2.733177900314e+00 3.325616359711e+00 2.782770395279e+00 1.691984176636e+00 1.628107666969e+00 1.999792933464e+00 1.180910706520e+00 1.633972406387e+00 1.407217860222e+00 1.764655113220e+00 1.302242755890e+00 1.519251108170e+00 1.550512552261e+00 2.004254817963e+00 2.291122913361e+00 2.081866741180e+00 3.175894737244e+00 1.596087694168e+00 1.070158362389e+00 1.343505144119e+00 1.536563634872e+00 1.828715801239e+00 1.950249791145e+00 1.517330884933e+00 8.580151200294e-01 8.079933524132e-01 9.138446450233e-01 8.066397905350e-01 5.365406870842e-01 4.959014654160e-01 5.476692318916e-01 8.742926120758e-01 8.687679767609e-01 6.131471395493e-01 3.522693514824e-01
1.022155761719e+00 1.328874707222e+00 1.049355387688e+00 1.082194209099e+00 1.449415564537e+00 4.345260620117e+00 1.609561085701e+00 1.439728736877e+00 2.503562688828e+00 3.246880531311e+00 2.987739801407e+00 2.067521572113e+00 1.695213317871e+00 2.182941198349e+00 1.247054696083e+00 1.724921107292e+00 1.362517237663e+00 1.781665563583e+00 1.330345749855e+00 1.346469163895e+00 1.622152566910e+00 1.967173337936e+00 2.176671981812e+00 2.159626245499e+00 3.159996271133e+00 1.413100838661e+00 1.350615382195e+00 1.588047146797e+00 1.856585860252e+00 2.239549875259e+00 2.447724342346e+00 1.960739970207e+00 1.100590944290e+00 1.003705501556e+00 1.026401758194e+00 7.699124217033e-01 5.363822579384e-01 4.618213176727e-01 8.692312240601e-01 1.057111859322e+00 8.403356075287e-01 4.874557852745e-01 4.181101918221e-01
1.094794273376e+00 1.354686498642e+00 1.040163874626e+00 1.059532046318e+00 1.581909537315e+00 4.685616016388e+00 1.771999001503e+00 1.187077760696e+00 2.140290260315e+00 2.972627878189e+00 3.015590429306e+00 2.366431713104e+00 1.756536245346e+00 2.356942176819e+00 1.538642644882e+00 1.825744628906e+00 1.768672704697e+00 1.810090184212e+00 1.345748186111e+00 1.606157660484e+00 1.590536475182e+00 1.823711276054e+00 1.921292304993e+00 2.412790298462e+00 2.939178943634e+00 1.308636188507e+00 1.582996964455e+00 1.821122288704e+00 2.110569000244e+00 2.572590351105e+00 2.864744424820e+00 2.367064952850e+00 1.372772693634e+00 1.064779281616e+00 1.113439083099e+00 6.959292888641e-01 5.922203063965e-01 8.276838660240e-01 1.165629267693e+00 1.067057251930e+00 6.505305171013e-01 4.754911065102e-01 4.369097650051e-01
1.108142852783e+00 1.403033256531e+00 1.033132553101e+00 1.134989619255e+00 1.700932502747e+00 4.958115100861e+00 1.920579791069e+00 1.163186192513e+00 1.721366405487e+00 2.520173788071e+00 2.802940607071e+00 2.524481773376e+00 2.034737348557e+00 2.347800731659e+00 1.949358701706e+00 1.924840569496e+00 2.498386144638e+00 1.864264369011e+00 1.343544602394e+00 2.130086183548e+00 1.739175438881e+00 1.619158744812e+00 2.270756483078e+00 2.572466611862e+00 2.562016963959e+00 1.498652458191e+00 1.751292228699e+00 1.965725779533e+00 2.180603504181e+00 2.752899885178e+00 3.219265222549e+00 2.740572929382e+00 1.610700726509e+00 9.273843169212e-01 1.054938673973e+00 7.282609939575e-01 7.549187541008e-01 1.221482038498e+00 1.248471260071e+00 8.296527862549e-01 5.779398083687e-01 5.504350662231e-01 5.157642364502e-01
1.075245976448e+00 1.457290053368e+00 1.354316830635e+00 1.286342978477e+00 1.807940363884e+00 5.131880283356e+00 2.014668703079e+00 1.209084987640e+00 1.423966050148e+00 1.966198682785e+00 2.401115655899e+00 2.486561298370e+00 2.271071910858e+00 2.494904518127e+00 2.361940145493e+00 2.015169382095e+00 3.344495058060e+00 2.459305524826e+00 1.338632106781e+00 2.591940402985e+00 1.942481637001e+00 2.024445056915e+00 2.992317438126e+00 2.610766410828e+00 2.077980518341e+00 1.642748713493e+00 1.793655037880e+00 2.010041952133e+00 2.075768470764e+00 2.716235160828e+00 3.388689517975e+00 3.021356105804e+00 1.793175578117e+00 8.093988895416e-01 9.809247255325e-01 8.669331669807e-01 1.209546923637e+00 1.406543731689e+00 1.000797510147e+00 6.666905879974e-01 6.421583294868e-01 6.106224060059e-01 5.767988562584e-01
1.080957651138e+00 1.511466503143e+00 1.713676333427e+00 1.184629797935e+00 1.908871412277e+00 5.273040294647e+00 2.057533025742e+00 1.249596834183e+00 1.427443504333e+00 1.834919929504e+00 1.852467775345e+00 2.211571931839e+00 2.342156171799e+00 2.783349037170e+00 2.540836572647e+00 2.189158201218e+00 4.174362182617e+00 3.003195524216e+00 1.325580835342e+00 2.955245971680e+00 2.041934251785e+00 2.460267066956e+00 3.534849643707e+00 2.437982320786e+00 1.541817784309e+00 1.685584783554e+00 1.720003485680e+00 1.902820706367e+00 1.866718411446e+00 2.469346284866e+00 3.255609512329e+00 3.076575040817e+00 1.884532809258e+00 8.308841586113e-01 9.416297674179e-01 1.118852853775e+00 1.524942040443e+00 1.208039045334e+00 7.175319790840e-01 6.938030123711e-01 6.782006621361e-01 6.555852890015e-01 6.258627772331e-01
9.684482216835e-01 1.566802144051e+00 1.861696481705e+00 1.237283706665e+00 2.011786937714e+00 5.432391166687e+00 2.085379600525e+00 1.334697246552e+00 1.305204987526e+00 1.770969271660e+00 1.455479145050e+00 1.789080619812e+00 2.621489524841e+00 2.989270448685e+00 2.366892337799e+00 2.710348129272e+00 4.834926605225e+00 3.441323518753e+00 1.511140346527e+00 3.207742929459e+00 2.129432678223e+00 2.681088209152e+00 3.710192203522e+00 2.031304121017e+00 1.617627501488e+00 1.760599732399e+00 1.816415548325e+00 1.694183230400e+00 1.493786931038e+00 2.049726247787e+00 2.855702161789e+00 2.888839006424e+00 1.867171406746e+00 8.228265643120e-01 9.608702659607e-01 1.563254237175e+00 1.449624180794e+00 8.271840214729e-01 7.022553086281e-01 6.708172559738e-01 6.605619788170e-01 6.598362326622e-01 6.436335444450e-01
1.263089895248e+00 1.631521821022e+00 1.867706298828e+00 2.014784336090e+00 2.117672920227e+00 5.526264667511e+00 2.077461481094e+00 1.593916773796e+00 1.104957938194e+00 1.678532123566e+00 1.362559437752e+00 1.977639198303e+00 2.763517379761e+00 3.196083545685e+00 2.561240434647e+00 3.221815586090e+00 5.379291534424e+00 3.699434757233e+00 1.874421596527e+00 3.422939777374e+00 2.341019868851e+00 2.619600057602e+00 3.569920301437e+00 1.613668799400e+00 1.507957220078e+00 2.115445375443e+00 2.311480998993e+00 1.448473811150e+00 1.151455879211e+00 1.574730753899e+00 2.347458839417e+00 2.569199085236e+00 1.755544304848e+00 7.780359983444e-01 1.491735458374e+00 1.678073644638e+00 1.012943744659e+00 7.498458027840e-01 6.417942047119e-01 6.254228949547e-01 6.207864880562e-01 7.280993461609e-01 8.588438630104e-01
1.669263243675e+00 1.708373069763e+00 1.842626929283e+00 2.474861860275e+00 2.196763038635e+00 5.553088665009e+00 2.017754316330e+00 1.827309846878e+00 1.170443296432e+00 1.721961498260e+00 1.460544466972e+00 2.120126008987e+00 2.894936323166e+00 3.398306608200e+00 2.476067543030e+00 3.643988609314e+00 5.485819339752e+00 3.508223772049e+00 2.222896575928e+00 3.604893922806e+00 2.349318265915e+00 2.400860309601e+00 3.095390796661e+00 1.592996716499e+00 1.536639571190e+00 2.438767671585e+00 2.494036197662e+00 1.305445194244e+00 1.247255802155e+00 1.128360629082e+00 1.816398382187e+00 2.150080442429e+00 1.554974675179e+00 1.345196604729e+00 1.806557655334e+00 1.298735857010e+00 7.383547425270e-01 6.195339560509e-01 5.780742168427e-01 5.448750853539e-01 7.779515981674e-01 1.010283350945e+00 1.004761099815e+00
1.998442292213e+00 2.215388774872e+00 2.098614692688e+00 2.291701793671e+00 2.238950967789e+00 5.505261421204e+00 1.968262553215e+00 2.009994268417e+00 1.230286717415e+00 1.749732136726e+00 1.616775155067e+00 2.195243597031e+00 3.049627542496e+00 3.598611593246e+00 2.279216051102e+00 3.914003849030e+00 5.172006130219e+00 3.112895250320e+00 2.450051069260e+00 3.743049383163e+00 2.105867385864e+00 1.923523902893e+00 2.411448478699e+00 1.475152254105e+00 1.810380458832e+00 2.446253776550e+00 2.305645704269e+00 1.374760508537e+00 1.442267179489e+00 1.220075964928e+00 1.635363340378e+00 1.687963247299e+00 1.278853893280e+00 1.813176751137e+00 1.593576669693e+00 1.132043480873e+00 6.336877346039e-01 5.247879028320e-01 6.605254411697e-01 7.460353970528e-01 1.082814216614e+00 1.108982801437e+00 9.231563210487e-01
2.620329618454e+00 2.661585092545e+00 2.883409500122e+00 2.259861946106e+00 2.546869277954e+00 5.328856945038e+00 2.247609376907e+00 2.145401716232e+00 1.583466529846e+00 1.754871487617e+00 1.788771510124e+00 2.708130598068e+00 3.178824901581e+00 3.821824312210e+00 2.510176181793e+00 3.934830665588e+00 4.600243568420e+00 3.016394376755e+00 2.534609556198e+00 3.847678899765e+00 1.923040032387e+00 1.688221931458e+00 1.852323532104e+00 1.568886756897e+00 1.969988465309e+00 2.192767858505e+00 1.708944797516e+00 1.524989128113e+00 1.683091640472e+00 1.391925930977e+00 1.690561175346e+00 1.196195840836e+00 1.718555331230e+00 1.802114844322e+00 1.625631690025e+00 1.026950836182e+00 6.828427314758e-01 6.541774868965e-01 7.901427745819e-01 1.078740477562e+00 1.202521681786e+00 9.676280021667e-01 7.180311679840e-01
2.913237333298e+00 2.962976932526e+00 3.605219841003e+00 3.361982584000e+00 2.225229501724e+00 5.026088714600e+00 2.099218845367e+00 2.351764440536e+00 2.194339513779e+00 1.820543646812e+00 1.961292266846e+00 3.271433115005e+00 3.458793163300e+00 4.069172382355e+00 2.802706480026e+00 3.703716039658e+00 4.555410385132e+00 3.680983066559e+00 2.479527950287e+00 3.868280887604e+00 1.932902455330e+00 1.792202711105e+00 1.860881447792e+00 1.744404315948e+00 1.848724484444e+00 1.604525804520e+00 1.584948897362e+00 1.778890132904e+00 1.844763875008e+00 1.444802522659e+00 1.676391124725e+00 1.618103027344e+00 1.914323687553e+00 1.659528851509e+00 1.734224438667e+00 1.175874471664e+00 8.407311439514e-01 8.437831401825e-01 1.025915741920e+00 1.207226514816e+00 9.960656762123e-01 7.327287793159e-01 7.186554670334e-01
