VariationalSeries/SI/f107_max.grd
DSAA
101	101
32.816463539100	34.260883539100
35.556306596100	36.727886596100
1.584040932357e-03	2.953372802734e+02
[rows 38 to 56 of 101, columns 0 to 42 of 101]
6.342961788177e-01 1.337856054306e+00 1.446269750595e+00 1.505865693092e+00 1.884320735931e+00 2.310052156448e+00 2.667542695999e+00 2.958642721176e+00 3.244549989700e+00 2.967375040054e+00 2.441723346710e+00 2.018618583679e+00 2.062402009964e+00 2.035769701004e+00 2.117753744125e+00 2.368741035461e+00 2.677888154984e+00 4.899386405945e+00 7.908321857452e+00 8.454420089722e+00 6.768551826477e+00 5.456884860992e+00 3.843594312668e+00 4.516623497009e+00 8.635842323303e+00 1.128289318085e+01 1.094828891754e+01 7.895570755005e+00 5.932852268219e+00 6.446729660034e+00 6.635191917419e+00 8.284651756287e+00 1.123709201813e+01 1.102856159210e+01 1.039459896088e+01 6.394734859467e+00 8.861588478088e+00 9.958566665649e+00 9.524161338806e+00 1.468306541443e+01 1.607360839844e+01 2.317353057861e+01 1.914609336853e+01
9.884126782417e-01 1.758817672729e+00 1.475859045982e+00 1.407118082047e+00 2.001255035400e+00 2.425418853760e+00 3.172994613647e+00 3.984854936600e+00 4.434540271759e+00 4.151845455170e+00 3.032412528992e+00 2.279503822327e+00 2.006165742874e+00 2.035761833191e+00 2.186505794525e+00 2.364778995514e+00 2.519859552383e+00 2.675065994263e+00 4.306126594543e+00 6.019500255585e+00 6.136477947235e+00 5.677596092224e+00 5.970607757568e+00 4.996812820435e+00 4.777407169342e+00 5.415374755859e+00 7.011881351471e+00 1.321127319336e+01 1.775475692749e+01 1.802652359009e+01 1.412227249146e+01 6.971146583557e+00 8.154936790466e+00 6.908976078033e+00 1.357278919220e+01 1.210742473602e+01 8.016516685486e+00 9.724394798279e+00 1.187159252167e+01 1.338986873627e+01 1.812338447571e+01 2.171755218506e+01 2.494433212280e+01
1.080107688904e+00 2.151305437088e+00 2.037976264954e+00 1.792816877365e+00 2.365410566330e+00 2.905110120773e+00 3.516465663910e+00 4.615559101105e+00 4.997101306915e+00 4.969398021698e+00 3.399541139603e+00 2.262907028198e+00 2.263744592667e+00 1.948707342148e+00 1.669016718864e+00 1.819046378136e+00 2.268702745438e+00 2.384271860123e+00 2.619514942169e+00 3.329554319382e+00 4.988880634308e+00 7.068041801453e+00 8.214093208313e+00 8.465678215027e+00 8.532948493958e+00 5.731353282928e+00 4.304556846619e+00 4.481604099274e+00 4.720187664032e+00 5.693452358246e+00 1.189602088928e+01 1.885559272766e+01 2.232818603516e+01 1.868650245667e+01 9.661734580994e+00 9.695185661316e+00 1.673654747009e+01 1.387377166748e+01 1.466868019104e+01 1.452656555176e+01 1.301020812988e+01 1.828884696960e+01 2.738902091980e+01
1.545777201653e+00 2.635240793228e+00 3.055328130722e+00 3.135758161545e+00 2.825230836868e+00 3.391881704330e+00 3.387703895569e+00 3.213710784912e+00 3.214567422867e+00 3.972328901291e+00 4.260927200317e+00 3.674515008926e+00 2.704383611679e+00 2.439954280853e+00 2.687366008759e+00 3.318221092224e+00 3.844905138016e+00 4.295046329498e+00 4.187962055206e+00 3.041977882385e+00 3.338823556900e+00 4.392542362213e+00 4.864960193634e+00 6.509890556335e+00 8.076351165771e+00 9.591127395630e+00 1.069929599762e+01 1.039069461823e+01 1.102277946472e+01 1.203660964966e+01 1.331666183472e+01 1.237843418121e+01 1.921213150024e+01 2.176070213318e+01 1.556867218018e+01 1.995694351196e+01 2.219040298462e+01 1.888130950928e+01 2.152157402039e+01 1.764918136597e+01 1.218738651276e+01 2.123735046387e+01 1.776054191589e+01
1.575837492943e+00 3.061722755432e+00 3.436902284622e+00 2.882334709167e+00 3.344713211060e+00 4.216941833496e+00 4.184554576874e+00 3.413584947586e+00 4.118369102478e+00 3.435205221176e+00 3.275851011276e+00 4.543966770172e+00 4.693282604218e+00 3.507842063904e+00 3.267201662064e+00 3.008547544479e+00 3.309846639633e+00 4.422572612762e+00 5.945415019989e+00 6.035249710083e+00 3.807989358902e+00 4.074976444244e+00 5.342759132385e+00 4.418358802795e+00 5.146142482758e+00 6.260513305664e+00 8.314257621765e+00 1.257172966003e+01 1.687172508240e+01 1.545249652863e+01 1.478756332397e+01 1.087761116028e+01 1.082648468018e+01 2.081967926025e+01 1.954317855835e+01 2.461887741089e+01 1.626188659668e+01 2.313355064392e+01 2.037217712402e+01 2.940768432617e+01 3.045306396484e+01 2.442641067505e+01 2.706735992432e+01
3.139670372009e+00 6.095593929291e+00 4.558975219727e+00 3.902810335159e+00 3.818957805634e+00 3.434851646423e+00 3.646238565445e+00 4.438585758209e+00 4.374762535095e+00 3.503717660904e+00 4.172014713287e+00 2.849411487579e+00 3.661274671555e+00 5.109109401703e+00 4.410819053650e+00 3.747290849686e+00 4.693880081177e+00 1.010330486298e+01 1.185815334320e+01 7.035527706146e+00 7.529674053192e+00 4.237984657288e+00 4.857402324677e+00 6.923546314240e+00 4.620593070984e+00 4.427544116974e+00 4.811044216156e+00 5.006473541260e+00 6.377456665039e+00 7.244371414185e+00 7.727341651917e+00 8.866111755371e+00 1.203626155853e+01 1.886236381531e+01 1.264363384247e+01 1.172515296936e+01 1.676213645935e+01 1.962716102600e+01 1.340852165222e+01 2.759964942932e+01 2.818092346191e+01 3.059465026855e+01 3.738842010498e+01
4.838008880615e+00 8.886274337769e+00 7.215138435364e+00 5.710313796997e+00 5.264854431152e+00 4.100962162018e+00 5.636240482330e+00 4.941327571869e+00 5.449185371399e+00 4.247710704803e+00 3.263552665710e+00 3.943428277969e+00 3.560065984726e+00 2.422332763672e+00 4.344964981079e+00 5.084700584412e+00 3.668955087662e+00 3.070347070694e+00 5.596230983734e+00 4.007911682129e+00 6.952223300934e+00 7.700174331665e+00 7.699474334717e+00 6.753457546234e+00 9.360562324524e+00 5.808456897736e+00 5.717504024506e+00 7.404476165771e+00 8.691231727600e+00 6.683428287506e+00 8.133642196655e+00 1.003074169159e+01 1.190707683563e+01 1.400897407532e+01 1.786314392090e+01 1.357879543304e+01 1.506520557404e+01 1.683320236206e+01 1.597788238525e+01 2.266457366943e+01 2.233372497559e+01 3.208927917480e+01 3.180541992188e+01
2.021034479141e+00 4.221267223358e+00 4.982493400574e+00 5.832854747772e+00 5.922480583191e+00 6.573923110962e+00 6.930993080139e+00 5.957997322083e+00 5.311225891113e+00 5.043787002563e+00 4.980736255646e+00 4.482364654541e+00 4.195872783661e+00 3.876559734344e+00 4.189177036285e+00 3.585485458374e+00 2.598072528839e+00 3.024433612823e+00 3.194470167160e+00 4.255708694458e+00 4.069777011871e+00 7.108167171478e+00 7.188309669495e+00 7.695903778076e+00 9.141420364380e+00 1.041223144531e+01 1.113321208954e+01 1.162342929840e+01 1.194260787964e+01 1.289101409912e+01 1.312395000458e+01 1.382171916962e+01 1.474700355530e+01 1.234702014923e+01 1.093878078461e+01 1.509205818176e+01 1.857716560364e+01 2.808654975891e+01 3.402323913574e+01 3.179905319214e+01 3.061716461182e+01 3.134038162231e+01 2.695973205566e+01
1.961910605431e+00 4.144412040710e+00 4.761272430420e+00 5.312860488892e+00 5.584294319153e+00 5.688148975372e+00 5.223963737488e+00 4.448988914490e+00 4.079730510712e+00 5.157227039337e+00 6.063873291016e+00 5.738636970520e+00 4.300502300262e+00 2.785652875900e+00 2.907753229141e+00 1.692650914192e+00 1.001865625381e+00 1.075906157494e+00 1.418031215668e+00 1.801757454872e+00 4.988347053528e+00 8.977128982544e+00 8.058094978333e+00 9.586845397949e+00 9.106210708618e+00 1.127791404724e+01 1.170010185242e+01 1.112386798859e+01 1.041809940338e+01 1.276912117004e+01 1.349945926666e+01 1.652526283264e+01 2.117816162109e+01 2.312555694580e+01 1.983340644836e+01 1.673856544495e+01 1.869054412842e+01 1.388067150116e+01 2.106270027161e+01 2.166064071655e+01 3.403957748413e+01 3.116723823547e+01 3.374920272827e+01
5.247544646263e-01 1.032642364502e+00 1.094479441643e+00 1.188421964645e+00 1.692946910858e+00 2.341383457184e+00 3.066011667252e+00 3.347203493118e+00 3.302668571472e+00 3.079187631607e+00 3.005650281906e+00 3.812717914581e+00 3.782352685928e+00 3.044814109802e+00 1.934348106384e+00 1.530221581459e+00 7.858846783638e-01 6.610882878304e-01 7.510567903519e-01 1.574839949608e+00 3.623774528503e+00 7.434175491333e+00 1.878512382507e+01 1.775866317749e+01 1.599562931061e+01 1.504572772980e+01 1.452385902405e+01 1.414922714233e+01 1.423506546021e+01 1.639813804626e+01 1.954701232910e+01 2.219368553162e+01 3.706439971924e+01 2.144083786011e+01 4.733795166016e+01 3.208243942261e+01 2.555457305908e+01 2.804747962952e+01 3.491941833496e+01 4.079167175293e+01 4.336613082886e+01 4.102542877197e+01 4.133285522461e+01
4.809460639954e-01 9.300103187561e-01 1.015188574791e+00 1.018235802650e+00 1.613291025162e+00 2.368374347687e+00 2.454641103745e+00 2.015821456909e+00 1.491356968880e+00 1.229670286179e+00 1.544563651085e+00 1.915461540222e+00 1.831114053726e+00 1.469245672226e+00 1.083574414253e+00 7.870280742645e-01 6.054610610008e-01 4.362539649010e-01 4.254110455513e-01 1.410074830055e+00 4.515216350555e+00 7.853738307953e+00 7.871104717255e+00 1.558882427216e+01 3.818845367432e+01 1.961802291870e+01 1.232650852203e+01 1.120230865479e+01 1.175557041168e+01 1.286527729034e+01 2.235038566589e+01 3.076644897461e+01 1.625358772278e+01 2.449724388123e+01 4.590787124634e+01 7.959647369385e+01 3.277961349487e+01 2.779916191101e+01 2.381240653992e+01 2.628168106079e+01 2.258950996399e+01 4.273879623413e+01 5.077727508545e+01
2.498708218336e-01 5.195749402046e-01 6.244918704033e-01 6.940415501595e-01 8.502029180527e-01 1.358843564987e+00 1.556548118591e+00 1.363227248192e+00 1.052723884583e+00 7.920321822166e-01 6.572543978691e-01 6.295350193977e-01 5.082072019577e-01 4.542137384415e-01 5.444320440292e-01 4.198658466339e-01 3.741686940193e-01 3.137010335922e-01 3.928852975368e-01 5.956187248230e-01 9.738087654114e-01 2.614197492599e+00 2.785273551941e+00 3.817040681839e+00 1.424660968781e+01 1.495639419556e+01 5.565253734589e+00 3.205937623978e+00 3.374117136002e+00 1.023083305359e+01 1.353758144379e+01 1.478567409515e+01 1.566315937042e+01 1.303716087341e+01 1.942774200439e+01 5.325257873535e+01 3.100245285034e+01 1.793377113342e+01 1.302901458740e+01 1.157612991333e+01 1.104978561401e+01 2.821593093872e+01 3.953387069702e+01
1.113608255982e-01 2.187294065952e-01 2.283093035221e-01 2.567621171474e-01 3.233731985092e-01 4.075462222099e-01 4.833231568336e-01 5.255507230759e-01 5.096853971481e-01 4.426481425762e-01 3.756041526794e-01 4.133090376854e-01 4.257174134254e-01 3.923543095589e-01 3.938838839531e-01 4.534779489040e-01 3.490496873856e-01 2.709165513515e-01 3.254675865173e-01 4.498123824596e-01 5.145533084869e-01 9.518861174583e-01 1.649930953979e+00 3.575087785721e+00 8.618354797363e+00 5.554144382477e+00 3.436878442764e+00 2.755036592484e+00 2.615572214127e+00 8.475437760353e-01 7.446395158768e-01 8.184357285500e-01 1.284439206123e+00 2.689197540283e+00 6.337890148163e+00 1.039327621460e+02 1.975233917236e+02 2.744629096985e+01 1.898188591003e+01 9.822649955750e+00 6.896127223969e+00 7.377282142639e+00 1.445390796661e+01
8.984454721212e-02 1.632150113583e-01 1.815908402205e-01 1.819512546062e-01 1.825816184282e-01 2.336821109056e-01 3.058114051819e-01 3.751876354218e-01 4.163727760315e-01 4.083665013313e-01 3.448769450188e-01 3.099539279938e-01 3.360041081905e-01 3.239365816116e-01 2.868999242783e-01 3.448389768600e-01 4.052113294601e-01 3.278939127922e-01 2.626352310181e-01 9.972558021545e-01 1.118005275726e+00 7.138927578926e-01 9.448609352112e-01 1.668195605278e+00 3.141547918320e+00 3.179627227783e+01 7.313172340393e+00 5.895154953003e+00 2.513954639435e+00 5.009866356850e-01 4.391503334045e-01 4.609817266464e-01 5.551868081093e-01 6.898769140244e-01 9.225059151649e-01 4.766733646393e+00 3.341325759888e+01 8.291051483154e+01 2.278554534912e+01 1.319746875763e+01 3.568848848343e+00 2.350169181824e+00 2.449550390244e+00
8.168777823448e-02 1.932474225760e-01 2.602610886097e-01 2.999071478844e-01 3.120460808277e-01 2.878357470036e-01 2.558631300926e-01 2.367069721222e-01 2.966426908970e-01 3.399445414543e-01 3.396538496017e-01 2.951668202877e-01 2.501455843449e-01 3.117721378803e-01 3.246507644653e-01 2.891778647900e-01 3.311155736446e-01 4.344649016857e-01 3.478491902351e-01 7.022783160210e-01 8.208051919937e-01 6.776257753372e-01 7.442929744720e-01 7.973356246948e-01 1.820325732231e+00 7.822735309601e+00 6.559207439423e+00 1.643458485603e+00 7.753867506981e-01 4.810276031494e-01 3.612319827080e-01 3.090708553791e-01 3.053275644779e-01 3.932767808437e-01 5.141887664795e-01 1.699806094170e+00 8.478031158447e+00 3.240316009521e+01 3.821928024292e+01 5.893391609192e+00 2.718670368195e+00 1.618925690651e+00 1.520728707314e+00
1.241380944848e-01 2.905184328556e-01 3.692638874054e-01 4.136122763157e-01 4.242637753487e-01 4.054451286793e-01 3.804172873497e-01 3.424963355064e-01 2.963856756687e-01 2.428975850344e-01 2.710841298103e-01 2.855795323849e-01 2.739574611187e-01 3.178574442863e-01 3.635441958904e-01 3.421643376350e-01 2.818568348885e-01 4.539225995541e-01 4.730745851994e-01 1.285929203033e+00 8.244521021843e-01 6.001200079918e-01 4.109542071819e-01 4.291461408138e-01 8.015612959862e-01 7.664504528046e+00 7.804097652435e+00 1.480310797691e+00 9.789168834686e-01 4.995655119419e-01 3.132022917271e-01 2.258471399546e-01 2.008704245090e-01 2.051525264978e-01 3.179937303066e-01 5.429198145866e-01 3.527966499329e+00 1.147275638580e+01 2.966144943237e+01 1.524198722839e+01 7.365050792694e+00 1.331067442894e+00 1.181408286095e+00
8.350303024054e-02 1.822388768196e-01 2.258626520634e-01 2.467212527990e-01 2.389274388552e-01 2.378778606653e-01 2.650012969971e-01 2.950830757618e-01 3.232441246510e-01 3.232918381691e-01 2.789283096790e-01 2.187102735043e-01 2.577064335346e-01 2.821075320244e-01 2.851060330868e-01 2.859442234039e-01 2.876286506653e-01 4.769271612167e-01 6.559322476387e-01 1.089452505112e+00 8.484891653061e-01 6.677154302597e-01 3.342033326626e-01 3.403971195221e-01 6.779687404633e-01 3.474627494812e+00 2.651466846466e+00 1.153448939323e+00 9.173070192337e-01 5.184757113457e-01 2.860585749149e-01 2.456933557987e-01 2.167896479368e-01 2.122243493795e-01 2.633569538593e-01 4.668672382832e-01 9.894376397133e-01 4.877798557281e+00 5.820639133453e+00 3.549722671509e+00 2.242813110352e+00 1.007700204849e+00 9.479989409447e-01
7.829004526138e-02 1.449024975300e-01 2.117430865765e-01 2.670470774174e-01 3.164491057396e-01 3.723993599415e-01 4.337717592716e-01 4.998965859413e-01 5.611300468445e-01 5.790130496025e-01 5.190938711166e-01 3.881945014000e-01 2.524860799313e-01 2.633477449417e-01 3.264868557453e-01 3.557289838791e-01 4.315893948078e-01 5.036036968231e-01 5.995264053345e-01 1.025873541832e+00 8.392463922501e-01 4.926396012306e-01 2.673229575157e-01 2.634994983673e-01 4.895390570164e-01 1.088505983353e+00 3.043681907654e+01 7.902457118034e-01 7.337924838066e-01 4.477475583553e-01 2.725864350796e-01 2.201682776213e-01 2.100759446621e-01 2.222860902548e-01 2.816918194294e-01 3.843560218811e-01 6.640956997871e-01 8.175446987152e-01 1.677386164665e+00 2.168731689453e+00 1.352739453316e+00 8.236797451973e-01 1.125908136368e+00
7.764811068773e-02 1.412496268749e-01 1.961901783943e-01 2.398472875357e-01 2.842057049274e-01 3.389197289944e-01 3.965275287628e-01 4.542905986309e-01 5.086874365807e-01 5.390367507935e-01 5.129255056381e-01 5.747641921043e-01 5.959847569466e-01 5.809219479561e-01 5.566611886024e-01 5.068617463112e-01 5.923122167587e-01 4.419743418694e-01 5.813257694244e-01 1.849123001099e+00 6.822014451027e-01 3.512976765633e-01 2.507084310055e-01 2.112064063549e-01 2.905125021935e-01 2.249318122864e+00 6.827355384827e+00 6.448727846146e-01 7.786309123039e-01 3.334187567234e-01 2.573119997978e-01 1.977181732655e-01 2.000518143177e-01 2.301679104567e-01 2.965377867222e-01 3.535073399544e-01 4.089115560055e-01 6.417191624641e-01 1.394915580750e+00 1.620100021362e+00 1.056312322617e+00 7.948037981987e-01 9.706002473831e-01
