VariationalSeries/SI/f108_max.grd
DSAA
101	101
32.816463539100	34.260883539100
35.556306596100	36.727886596100
1.403975766152e-03	2.625372924805e+02
[rows 0 to 18 of 101, columns 43 to 85 of 101]
3.518223166466e-01 5.989782214165e-01 6.909517645836e-01 5.492303371429e-01 3.835529983044e-01 3.988208174706e-01 3.452997803688e-01 3.106604814529e-01 2.065227329731e-01 2.884272933006e-01 3.828576207161e-01 4.523876905441e-01 5.792979598045e-01 8.209589123726e-01 3.759652078152e-01 4.682547152042e-01 5.941521525383e-01 6.328871250153e-01 4.285316467285e-01 3.066831529140e-01 3.466142714024e-01 4.190458953381e-01 4.362526834011e-01 4.621629118919e-01 4.636532068253e-01 3.334722518921e-01 2.247561514378e-01 2.294973880053e-01 4.354276359081e-01 6.475170850754e-01 5.147120952606e-01 2.526325583458e-01 3.148973882198e-01 2.222459018230e-01 2.186624705791e-01 1.939730942249e-01 1.564275920391e-01 1.407888829708e-01 1.081427410245e-01 1.120570152998e-01 1.374298036098e-01 2.290506064892e-01 2.279192805290e-01
6.104428768158e-01 1.085722684860e+00 1.356630682945e+00 1.203387618065e+00 9.039102792740e-01 8.917503356934e-01 7.205824851990e-01 6.023615598679e-01 5.609897375107e-01 6.352074146271e-01 7.082794308662e-01 8.574755787849e-01 1.149559140205e+00 1.644585609436e+00 7.154020071030e-01 8.919329643250e-01 1.125318527222e+00 1.188357114792e+00 8.179495930672e-01 5.933001637459e-01 6.513798832893e-01 8.006874322891e-01 8.651428222656e-01 8.116152882576e-01 8.313065171242e-01 6.983720660210e-01 4.114447534084e-01 4.638625681400e-01 9.879890084267e-01 1.559226870537e+00 9.187285900116e-01 4.205728471279e-01 6.167869567871e-01 4.104759395123e-01 4.094101786613e-01 3.414038717747e-01 2.801731228828e-01 2.488886117935e-01 2.059348076582e-01 2.067703306675e-01 3.040972352028e-01 4.645291566849e-01 4.335298538208e-01
7.656330466270e-01 1.110903859138e+00 1.517421245575e+00 1.494482874870e+00 1.216876387596e+00 1.294414043427e+00 8.534204363823e-01 7.398862242699e-01 9.940363168716e-01 9.953518509865e-01 7.073716521263e-01 9.516937136650e-01 1.228144288063e+00 1.723945736885e+00 8.194469213486e-01 1.017496466637e+00 1.261930465698e+00 1.364547848701e+00 9.454755783081e-01 7.138311862946e-01 7.413521409035e-01 8.050996065140e-01 9.750440120697e-01 1.019346356392e+00 1.232012510300e+00 9.444448351860e-01 5.362322926521e-01 5.833603739738e-01 1.299887895584e+00 2.019531726837e+00 9.450749158859e-01 4.944632351398e-01 7.113184928894e-01 4.550082981586e-01 4.575097560883e-01 3.999820351601e-01 3.549789786339e-01 2.817244827747e-01 2.363348305225e-01 2.937415242195e-01 3.856311440468e-01 5.150770545006e-01 4.446693360806e-01
8.832135200500e-01 1.003633856773e+00 1.360732436180e+00 1.479784369469e+00 1.321060180664e+00 1.729481458664e+00 8.933839201927e-01 1.008282303810e+00 1.417376160622e+00 1.461540222168e+00 9.715238213539e-01 9.967141747475e-01 1.259801268578e+00 1.742095232010e+00 8.612967133522e-01 1.091349005699e+00 1.295901417732e+00 1.424171805382e+00 9.927429556847e-01 9.395490288734e-01 7.965408563614e-01 9.770865440369e-01 1.180646657944e+00 1.161302924156e+00 1.639172434807e+00 1.167685866356e+00 6.047514081001e-01 6.960126161575e-01 1.517431259155e+00 2.192207336426e+00 8.986792564392e-01 5.364570617676e-01 7.546289563179e-01 4.263397753239e-01 4.685603380203e-01 5.120744705200e-01 4.318605661392e-01 3.248642086983e-01 2.875893414021e-01 3.626317977905e-01 4.606254696846e-01 5.372663736343e-01 4.268680512905e-01
8.703206777573e-01 1.204691767693e+00 1.076721072197e+00 1.254480004311e+00 1.221109032631e+00 2.193133115768e+00 8.586182594299e-01 1.243157982826e+00 1.808901786804e+00 1.944156050682e+00 1.368615031242e+00 1.035802364349e+00 1.296739339828e+00 1.753130316734e+00 8.947661519051e-01 1.196681141853e+00 1.312223792076e+00 1.473237872124e+00 1.087956905365e+00 1.156334996223e+00 9.168559312820e-01 1.238432526588e+00 1.501722097397e+00 1.457233071327e+00 2.040477514267e+00 1.351543426514e+00 7.353684306145e-01 7.469317317009e-01 1.607886195183e+00 2.117940425873e+00 9.684892296791e-01 6.387651562691e-01 7.808912396431e-01 5.050937533379e-01 5.816286206245e-01 6.029541492462e-01 4.814302623272e-01 3.401201963425e-01 3.647429943085e-01 3.949396908283e-01 5.380129814148e-01 5.458487868309e-01 4.091853201389e-01
7.565932273865e-01 1.281210541725e+00 9.637740850449e-01 9.967619180679e-01 1.064191222191e+00 2.654815435410e+00 9.577391743660e-01 1.414085149765e+00 2.156005859375e+00 2.423027515411e+00 1.785663604736e+00 1.092865943909e+00 1.346241474152e+00 1.762755274773e+00 9.385600686073e-01 1.284757852554e+00 1.309935569763e+00 1.516800642014e+00 1.115012526512e+00 1.343216776848e+00 1.114523768425e+00 1.502068638802e+00 1.789707899094e+00 1.708092212677e+00 2.400561571121e+00 1.458582282066e+00 8.097305297852e-01 8.946893811226e-01 1.539851188660e+00 1.717821121216e+00 9.837028980255e-01 7.402988076210e-01 7.886727452278e-01 5.646455883980e-01 6.816603541374e-01 6.710102558136e-01 5.055703520775e-01 3.654362261295e-01 4.104658067226e-01 4.244706332684e-01 6.155779361725e-01 5.562885999680e-01 3.931792378426e-01
7.045917510986e-01 1.228654265404e+00 9.689173698425e-01 7.872648835182e-01 1.035294413567e+00 3.079892873764e+00 1.107946872711e+00 1.496477484703e+00 2.396843671799e+00 2.791023969650e+00 2.167446851730e+00 1.145463347435e+00 1.390522241592e+00 1.765154004097e+00 9.925184249878e-01 1.370734453201e+00 1.288552284241e+00 1.547516345978e+00 1.121823191643e+00 1.422552108765e+00 1.278365135193e+00 1.690334439278e+00 1.985735177994e+00 1.848181724548e+00 2.666869163513e+00 1.470872402191e+00 7.825535535812e-01 1.001972317696e+00 1.320358514786e+00 1.262232065201e+00 1.314850330353e+00 1.009814381599e+00 7.833924889565e-01 6.068102121353e-01 7.610808610916e-01 7.109654545784e-01 5.037066936493e-01 4.292348027229e-01 4.044087827206e-01 5.769764780998e-01 7.040812373161e-01 5.711812973022e-01 3.677270710468e-01
8.095915317535e-01 1.174687504768e+00 9.376681447029e-01 8.888455629349e-01 1.164082288742e+00 3.484251499176e+00 1.265377759933e+00 1.449823260307e+00 2.425702810287e+00 2.951524019241e+00 2.469823360443e+00 1.501804590225e+00 1.447212934494e+00 1.777291893959e+00 1.051414370537e+00 1.451756238937e+00 1.251126289368e+00 1.568455696106e+00 1.157558321953e+00 1.349326968193e+00 1.377412676811e+00 1.780330538750e+00 2.034970283508e+00 1.848974704742e+00 2.822204589844e+00 1.418210744858e+00 9.592645168304e-01 1.194178223610e+00 1.377123355865e+00 1.638880610466e+00 1.747749447823e+00 1.359829068184e+00 7.619830369949e-01 7.163345813751e-01 8.117542862892e-01 7.165040969849e-01 4.765801131725e-01 4.406833648682e-01 4.862977564335e-01 7.762503027916e-01 7.713415622711e-01 5.444164872169e-01 3.129158914089e-01
9.071829319000e-01 1.179171919823e+00 9.311769604683e-01 9.605869650841e-01 1.287557125092e+00 3.860357046127e+00 1.430311441422e+00 1.277864336967e+00 2.222025871277e+00 2.881775617599e+00 2.651856184006e+00 1.835230946541e+00 1.506909608841e+00 1.937757849693e+00 1.110335469246e+00 1.532623171806e+00 1.210666894913e+00 1.583621025085e+00 1.182576179504e+00 1.195953845978e+00 1.441120624542e+00 1.747465848923e+00 1.933365106583e+00 1.919468879700e+00 2.808184862137e+00 1.255656361580e+00 1.210557818413e+00 1.423249483109e+00 1.663828969002e+00 2.006923198700e+00 2.193435192108e+00 1.757112383842e+00 9.863414764404e-01 8.898131847382e-01 9.099466800690e-01 6.838929057121e-01 4.766685068607e-01 4.101077020168e-01 7.717961668968e-01 9.385672807693e-01 7.461174726486e-01 4.328399598598e-01 3.713928163052e-01
9.716106057167e-01 1.202095866203e+00 9.230388402939e-01 9.404599666595e-01 1.405208230019e+00 4.162692546844e+00 1.574673414230e+00 1.053686022758e+00 1.899728417397e+00 2.638517618179e+00 2.676707983017e+00 2.100659608841e+00 1.561465144157e+00 2.092234373093e+00 1.366073250771e+00 1.622271776199e+00 1.570755124092e+00 1.608928918839e+00 1.196307420731e+00 1.426515698433e+00 1.413083791733e+00 1.620069622993e+00 1.706562280655e+00 2.144559383392e+00 2.612062454224e+00 1.172970652580e+00 1.418714046478e+00 1.631964325905e+00 1.891199588776e+00 2.305103063583e+00 2.566922187805e+00 2.121119499207e+00 1.230211138725e+00 9.439504742622e-01 9.871119260788e-01 6.181894540787e-01 5.298110246658e-01 7.349509000778e-01 1.034945726395e+00 9.474109411240e-01 5.776292085648e-01 4.248553514481e-01 3.904662728310e-01
9.834245443344e-01 1.245021700859e+00 9.168198704720e-01 1.007408618927e+00 1.510883212090e+00 4.404731273651e+00 1.706712961197e+00 1.032306313515e+00 1.528008341789e+00 2.237086296082e+00 2.488105773926e+00 2.241065502167e+00 1.806457996368e+00 2.084138393402e+00 1.730744600296e+00 1.710397124290e+00 2.218785285950e+00 1.655503630638e+00 1.194392442703e+00 1.891858458519e+00 1.544634103775e+00 1.438712716103e+00 2.015360355377e+00 2.286568164825e+00 2.276973009109e+00 1.343188405037e+00 1.569422125816e+00 1.747279524803e+00 1.953709959984e+00 2.466375350952e+00 2.884296655655e+00 2.455617904663e+00 1.443344831467e+00 8.221792578697e-01 9.352827668190e-01 6.513043642044e-01 6.752988696098e-01 1.084582805634e+00 1.108497858047e+00 7.366658449173e-01 5.163698792458e-01 4.919017255306e-01 4.610221982002e-01
9.542027711868e-01 1.293201208115e+00 1.202113270760e+00 1.141820430756e+00 1.605881094933e+00 4.559065818787e+00 1.790333032608e+00 1.073076605797e+00 1.264053940773e+00 1.745496392250e+00 2.131551980972e+00 2.207500219345e+00 2.016360521317e+00 2.215634584427e+00 2.097025156021e+00 1.790737986565e+00 2.970190525055e+00 2.183904409409e+00 1.190065145493e+00 2.302101612091e+00 1.725242853165e+00 1.797042489052e+00 2.655805826187e+00 2.320688962936e+00 1.846866726875e+00 1.472204089165e+00 1.607246160507e+00 1.786686062813e+00 1.859654903412e+00 2.433316469193e+00 3.035795927048e+00 2.706927061081e+00 1.606716275215e+00 7.201493382454e-01 8.697059154510e-01 7.753079533577e-01 1.074041724205e+00 1.248886585236e+00 8.886345028877e-01 5.957301259041e-01 5.738317966461e-01 5.457770824432e-01 5.156641006470e-01
9.591596722603e-01 1.341314673424e+00 1.521165132523e+00 1.051625847816e+00 1.695477843285e+00 4.684449195862e+00 1.828427791595e+00 1.109069228172e+00 1.267152905464e+00 1.628884553909e+00 1.644600987434e+00 1.963443398476e+00 2.081572055817e+00 2.471907377243e+00 2.255824327469e+00 1.944461345673e+00 3.707170724869e+00 2.666852474213e+00 1.178494334221e+00 2.624862670898e+00 1.813637137413e+00 2.183997392654e+00 3.137435674667e+00 2.167166233063e+00 1.381830811501e+00 1.510430455208e+00 1.541124939919e+00 1.691400408745e+00 1.672223806381e+00 2.211954116821e+00 2.916302442551e+00 2.756147861481e+00 1.688415288925e+00 7.444230914116e-01 8.348954916000e-01 9.935709834099e-01 1.354073405266e+00 1.072670102119e+00 6.412109732628e-01 6.199738979340e-01 6.061158776283e-01 5.860664844513e-01 5.596259236336e-01
8.593834638596e-01 1.390461325645e+00 1.652639627457e+00 1.096793293953e+00 1.786823749542e+00 4.825957298279e+00 1.853173613548e+00 1.185087084770e+00 1.158658623695e+00 1.572149157524e+00 1.292117238045e+00 1.589571714401e+00 2.329931020737e+00 2.654923439026e+00 2.101869821548e+00 2.407426118851e+00 4.293817043304e+00 3.055879831314e+00 1.339208006859e+00 2.849238395691e+00 1.891622304916e+00 2.380137681961e+00 3.293212652206e+00 1.805713891983e+00 1.449629068375e+00 1.564004540443e+00 1.613536357880e+00 1.505956768990e+00 1.337952256203e+00 1.835826754570e+00 2.557788133621e+00 2.587711572647e+00 1.672696590424e+00 7.371455430984e-01 8.533413410187e-01 1.388166069984e+00 1.287214159966e+00 7.401302456856e-01 6.275784969330e-01 5.994749665260e-01 5.904116034508e-01 5.881530046463e-01 5.756045579910e-01
1.119842648506e+00 1.447937607765e+00 1.658061861992e+00 1.785941123962e+00 1.880800843239e+00 4.909282207489e+00 1.846151351929e+00 1.415274977684e+00 9.807069301605e-01 1.491325378418e+00 1.209665417671e+00 1.757125139236e+00 2.456219434738e+00 2.838747501373e+00 2.274544477463e+00 2.861762285233e+00 4.777305603027e+00 3.285109043121e+00 1.665274977684e+00 3.040510177612e+00 2.079594135284e+00 2.325658321381e+00 3.168782234192e+00 1.446173191071e+00 1.351211667061e+00 1.879364848137e+00 2.053405761719e+00 1.286922335625e+00 1.022961735725e+00 1.410241484642e+00 2.102322816849e+00 2.301142930984e+00 1.572553277016e+00 6.969757676125e-01 1.324742555618e+00 1.490121364594e+00 8.995159268379e-01 6.709523200989e-01 5.735612511635e-01 5.589788556099e-01 5.549445748329e-01 6.469468474388e-01 7.630752325058e-01
1.479992985725e+00 1.516175985336e+00 1.635871767998e+00 2.193766832352e+00 1.950978040695e+00 4.933073997498e+00 1.793110370636e+00 1.622550725937e+00 1.038861989975e+00 1.529957652092e+00 1.297713041306e+00 1.883757114410e+00 2.573056936264e+00 3.018512010574e+00 2.198970556259e+00 3.236810445786e+00 4.872001647949e+00 3.115359783173e+00 1.974836826324e+00 3.202279806137e+00 2.086983680725e+00 2.131580591202e+00 2.747719526291e+00 1.415940403938e+00 1.365349292755e+00 2.166717767715e+00 2.215666770935e+00 1.159859061241e+00 1.107880592346e+00 1.010458350182e+00 1.626623272896e+00 1.925624728203e+00 1.392806768417e+00 1.194693684578e+00 1.604294538498e+00 1.153319597244e+00 6.558440923691e-01 5.543515682220e-01 5.134529471397e-01 4.870254397392e-01 6.912534832954e-01 8.976304531097e-01 8.926851153374e-01
1.772498965263e+00 1.965933561325e+00 1.862440347672e+00 2.031488895416e+00 1.988364934921e+00 4.890553474426e+00 1.745013356209e+00 1.784816145897e+00 1.092015147209e+00 1.554681181908e+00 1.436571836472e+00 1.950540423393e+00 2.710531473160e+00 3.196595907211e+00 2.024225711823e+00 3.476726770401e+00 4.593350410461e+00 2.764294147491e+00 2.176630020142e+00 3.325158357620e+00 1.870737910271e+00 1.707911729813e+00 2.140745639801e+00 1.311205625534e+00 1.608679533005e+00 2.173474311829e+00 2.048383951187e+00 1.221202611923e+00 1.281281352043e+00 1.083889007568e+00 1.452674865723e+00 1.511683940887e+00 1.145420908928e+00 1.610272049904e+00 1.415181636810e+00 1.005542993546e+00 5.629100799561e-01 4.661163985729e-01 5.868890285492e-01 6.629126667976e-01 9.620916247368e-01 9.852969646454e-01 8.201695084572e-01
2.324118137360e+00 2.361932039261e+00 2.559007167816e+00 2.006021738052e+00 2.257693290710e+00 4.733794689178e+00 1.992785334587e+00 1.905120015144e+00 1.403949260712e+00 1.559297800064e+00 1.587416529655e+00 2.403354644775e+00 2.825387954712e+00 3.395052433014e+00 2.230206251144e+00 3.495266675949e+00 4.085582733154e+00 2.679315090179e+00 2.251765251160e+00 3.418264627457e+00 1.710386991501e+00 1.513081789017e+00 1.646613597870e+00 1.394251823425e+00 1.750542283058e+00 1.948333144188e+00 1.518325686455e+00 1.354820489883e+00 1.495271921158e+00 1.236579060555e+00 1.501716852188e+00 1.071253299713e+00 1.526338219643e+00 1.600450396538e+00 1.444007754326e+00 9.122400283813e-01 6.056006550789e-01 5.812703371048e-01 7.020503282547e-01 9.584955573082e-01 1.068420171738e+00 8.596898913383e-01 6.379130482674e-01
2.584020376205e+00 2.630157232285e+00 3.200217962265e+00 2.984269380569e+00 1.975988030434e+00 4.464791774750e+00 1.861385703087e+00 2.085251331329e+00 1.945654034615e+00 1.614236474037e+00 1.742806315422e+00 2.903424978256e+00 3.069953918457e+00 3.614972352982e+00 2.490130424500e+00 3.289965391159e+00 4.045938968658e+00 3.269669294357e+00 2.202855348587e+00 3.436730623245e+00 1.719131112099e+00 1.593318462372e+00 1.652407169342e+00 1.550237774849e+00 1.642831087112e+00 1.425725460052e+00 1.408028006554e+00 1.580453634262e+00 1.638938426971e+00 1.283581614494e+00 1.489142060280e+00 1.437209963799e+00 1.700192809105e+00 1.471104860306e+00 1.540514707565e+00 1.042888998985e+00 7.456965446472e-01 7.497441172600e-01 9.115874767303e-01 1.072625398636e+00 8.849755525589e-01 6.494718194008e-01 6.381254196167e-01
