VariationalSeries/SI/f108_max.grd
DSAA
101	101
32.816463539100	34.260883539100
35.556306596100	36.727886596100
1.403975766152e-03	2.625372924805e+02
[rows 76 to 94 of 101, columns 0 to 42 of 101]
1.584113575518e-02 2.290480397642e-02 3.033079206944e-02 3.584961593151e-02 3.846366330981e-02 3.866802901030e-02 3.734353184700e-02 3.527015075088e-02 3.291897103190e-02 3.374569490552e-02 3.823905810714e-02 4.590165615082e-02 5.438332632184e-02 5.980528891087e-02 6.085456907749e-02 5.900349840522e-02 5.366212129593e-02 5.683535337448e-02 5.857491120696e-02 6.196428090334e-02 8.501754701138e-02 8.285740762949e-02 5.622030794621e-02 6.117000803351e-02 5.685402825475e-02 5.181781575084e-02 5.483228713274e-02 6.091126427054e-02 6.738045811653e-02 7.133655995131e-02 6.879083812237e-02 6.485548615456e-02 6.310108304024e-02 6.354796141386e-02 7.011567801237e-02 8.266028016806e-02 1.526265591383e-01 1.873627007008e-01 1.766083687544e-01 1.310832798481e-01 1.316100060940e-01 2.132975310087e-01 3.756220638752e-01
1.602050103247e-02 2.586862444878e-02 3.428735956550e-02 3.949488699436e-02 4.154369235039e-02 4.130823165178e-02 3.967020660639e-02 3.726636245847e-02 3.658832609653e-02 4.071205109358e-02 4.693349078298e-02 5.555457621813e-02 6.352677196264e-02 6.740242987871e-02 6.633870303631e-02 6.150403246284e-02 5.237760767341e-02 5.362776294351e-02 5.393596738577e-02 4.811057448387e-02 4.850783571601e-02 5.057005956769e-02 4.658165946603e-02 5.483352765441e-02 5.812225118279e-02 5.341209471226e-02 5.832568928599e-02 7.033608108759e-02 7.816995680332e-02 7.917738705873e-02 7.395148277283e-02 6.793430447578e-02 6.779494881630e-02 6.503414362669e-02 7.624650746584e-02 8.402100205421e-02 1.367120295763e-01 1.533911824226e-01 1.754167824984e-01 2.009096741676e-01 4.156598746777e-01 5.509863495827e-01 5.287587046623e-01
1.700617559254e-02 2.709692157805e-02 3.525498509407e-02 3.985258191824e-02 4.129862785339e-02 4.059547558427e-02 3.853340819478e-02 3.959952667356e-02 4.470504075289e-02 5.010383948684e-02 5.706656724215e-02 6.441437453032e-02 6.919057667255e-02 6.910056620836e-02 6.417284905910e-02 5.574961379170e-02 4.432793706656e-02 4.631731659174e-02 4.493737220764e-02 3.948436304927e-02 3.714346885681e-02 4.161657392979e-02 4.924313724041e-02 6.565973907709e-02 6.920393556356e-02 6.350865215063e-02 7.806792855263e-02 8.479477465153e-02 8.681554347277e-02 8.497563749552e-02 7.951188832521e-02 7.375872880220e-02 7.029174268246e-02 7.652024179697e-02 9.881006181240e-02 1.302231252193e-01 1.713187396526e-01 2.107861638069e-01 1.915137171745e-01 4.805816709995e-01 5.633593201637e-01 5.323722958565e-01 5.278255343437e-01
1.533050090075e-02 2.420815639198e-02 3.118154034019e-02 3.490530326962e-02 3.583369404078e-02 3.483448922634e-02 3.750323131680e-02 4.273501411080e-02 4.695751518011e-02 5.116888135672e-02 5.559912323952e-02 5.891555920243e-02 5.935800448060e-02 5.594089999795e-02 4.945226386189e-02 4.140830412507e-02 3.802465274930e-02 3.662913665175e-02 3.419359773397e-02 3.378778323531e-02 3.424499183893e-02 3.802367672324e-02 5.905276536942e-02 8.041328191757e-02 8.708796650171e-02 9.105741232634e-02 9.592437744141e-02 9.676881879568e-02 9.122500568628e-02 8.581569045782e-02 8.122412115335e-02 7.713121175766e-02 9.150771796703e-02 9.784296900034e-02 1.248826384544e-01 1.439494788647e-01 1.403380036354e-01 2.272039502859e-01 2.820950150490e-01 4.475579261780e-01 4.982056021690e-01 4.805927872658e-01 4.906997084618e-01
1.245107874274e-02 1.989791542292e-02 2.420497126877e-02 2.697067148983e-02 2.767418511212e-02 3.013206832111e-02 3.462921828032e-02 3.743032366037e-02 3.877066448331e-02 3.998801112175e-02 4.139479994774e-02 4.225657880306e-02 4.150024056435e-02 3.846092149615e-02 3.901682049036e-02 3.988399356604e-02 3.939981013536e-02 3.732093051076e-02 3.410219401121e-02 3.315410017967e-02 3.199756890535e-02 3.879500180483e-02 6.643038988113e-02 9.145995974541e-02 1.038845852017e-01 1.094772890210e-01 1.105831190944e-01 1.154140010476e-01 1.124500259757e-01 9.722997993231e-02 8.417732268572e-02 8.168022334576e-02 9.958898276091e-02 1.034793481231e-01 1.047541722655e-01 1.212864592671e-01 1.610157787800e-01 2.184047549963e-01 2.895700931549e-01 3.092739284039e-01 4.832658171654e-01 6.063655018806e-01 4.794567823410e-01
1.698119193316e-02 2.474423684180e-02 3.036735020578e-02 3.339335694909e-02 3.475563228130e-02 3.537374734879e-02 3.558594360948e-02 3.536500781775e-02 3.469920158386e-02 3.376924619079e-02 3.368851915002e-02 3.659309819341e-02 3.911057859659e-02 4.127698764205e-02 4.278448969126e-02 4.312432557344e-02 4.185779020190e-02 3.886398673058e-02 3.724772855639e-02 3.629269823432e-02 3.526867553592e-02 4.329141974449e-02 6.835099309683e-02 9.428736567497e-02 2.351013720036e-01 6.876157522202e-01 7.303361892700e-01 3.306660950184e-01 1.935337632895e-01 1.532091498375e-01 1.096378788352e-01 8.596216142178e-02 1.001116558909e-01 1.316733211279e-01 1.035841405392e-01 1.311830133200e-01 1.456712931395e-01 2.248746305704e-01 3.928984701633e-01 4.050698578358e-01 4.488745331764e-01 6.104937195778e-01 8.519072532654e-01
2.390885353088e-02 3.460545465350e-02 4.208563268185e-02 4.566552862525e-02 4.664759710431e-02 4.637486487627e-02 4.544479772449e-02 4.403033107519e-02 4.222697392106e-02 4.018469899893e-02 4.599807411432e-02 5.282916128635e-02 5.875016003847e-02 6.279848515987e-02 6.416153162718e-02 6.245371699333e-02 5.769110471010e-02 5.023204535246e-02 4.898374527693e-02 4.644272103906e-02 4.326974600554e-02 5.158504098654e-02 6.823159009218e-02 1.553118973970e-01 6.468938589096e-01 1.844998002052e+00 2.012839555740e+00 1.074775695801e+00 4.431037008762e-01 2.180255949497e-01 1.416785120964e-01 1.125467717648e-01 9.662298858166e-02 1.398290693760e-01 1.454171836376e-01 1.512025594711e-01 1.360636055470e-01 2.137544006109e-01 4.609704017639e-01 6.939501762390e-01 4.622448384762e-01 4.736288487911e-01 1.067113161087e+00
2.990805916488e-02 4.268759489059e-02 5.104323104024e-02 5.425063520670e-02 5.407825857401e-02 5.228519439697e-02 4.973689466715e-02 4.834981635213e-02 5.480584129691e-02 6.685718894005e-02 7.928507030010e-02 9.101294726133e-02 1.009894162416e-01 1.088543534279e-01 1.142844036222e-01 1.162649989128e-01 1.133236512542e-01 1.037798970938e-01 8.594653010368e-02 6.655178964138e-02 6.117900833488e-02 6.392966210842e-02 1.370895653963e-01 2.468539625406e-01 7.657712697983e-01 6.063737869263e+00 1.188238906860e+01 2.635137796402e+00 1.187292814255e+00 4.101650714874e-01 1.722938865423e-01 1.386918276548e-01 1.252298802137e-01 1.737466305494e-01 2.089701294899e-01 2.045491933823e-01 1.701482385397e-01 2.616702616215e-01 3.873678147793e-01 8.456583023071e-01 8.538922071457e-01 4.618478119373e-01 1.092131972313e+00
3.169140592217e-02 4.431458562613e-02 5.175903812051e-02 5.350881442428e-02 5.166345462203e-02 5.346300080419e-02 5.915160477161e-02 6.291234493256e-02 7.327143847942e-02 9.021780639887e-02 1.078927144408e-01 1.246710866690e-01 1.394007056952e-01 1.525415927172e-01 1.651403158903e-01 1.770891398191e-01 1.852309256792e-01 1.825807094574e-01 1.592604964972e-01 1.154139265418e-01 8.892970532179e-02 1.275390833616e-01 2.249947786331e-01 3.194963037968e-01 1.433477759361e+00 3.404565334320e+00 4.763560771942e+00 1.447953224182e+00 6.318327784538e-01 3.427962064743e-01 2.701769769192e-01 3.183550238609e-01 4.087763726711e-01 3.777133524418e-01 2.624078094959e-01 2.662850618362e-01 2.281324714422e-01 2.668525278568e-01 2.883090972900e-01 5.528321862221e-01 7.355878949165e-01 5.190572738647e-01 1.822108268738e+00
4.270965978503e-02 6.769141554832e-02 8.545285463333e-02 9.565825015306e-02 1.014567241073e-01 1.038474664092e-01 1.030633077025e-01 9.951747953892e-02 9.392742067575e-02 9.367150068283e-02 1.131458282471e-01 1.327982395887e-01 1.514942944050e-01 1.694357693195e-01 1.885013282299e-01 2.109303623438e-01 2.330148965120e-01 2.421671152115e-01 2.202136963606e-01 2.738264501095e-01 1.973458677530e-01 2.143852859735e-01 2.826824486256e-01 3.931245207787e-01 7.262034416199e-01 2.561743855476e-01 2.078969627619e-01 2.076017260551e-01 2.970102131367e-01 2.445926368237e-01 2.916337251663e-01 2.183330297470e+00 1.491858720779e+00 9.951495528221e-01 5.953754186630e-01 8.750118017197e-01 8.030242919922e-01 3.777661919594e-01 3.090352714062e-01 3.398731946945e-01 5.062696933746e-01 1.386689186096e+00 2.102558851242e+00
7.828427851200e-02 1.217591091990e-01 1.493194848299e-01 1.606862843037e-01 1.627843976021e-01 1.590635180473e-01 1.512728631496e-01 1.409312039614e-01 1.316369324923e-01 1.376128643751e-01 1.423092335463e-01 1.447069197893e-01 1.464872211218e-01 1.665528416634e-01 1.854116022587e-01 2.065194994211e-01 2.277531623840e-01 3.369653522968e-01 4.356458783150e-01 4.395580887794e-01 4.502972364426e-01 4.493829309940e-01 3.344205617905e-01 3.956370949745e-01 1.919191032648e-01 1.458349078894e-01 1.359813660383e-01 1.181664392352e-01 1.322703361511e-01 1.848162263632e-01 4.671828746796e-01 2.599129915237e+00 1.915946125984e+00 1.078825235367e+00 9.613798856735e-01 2.028529882431e+00 1.934521555901e+00 8.793318867683e-01 6.677171587944e-01 5.994771122932e-01 7.744596600533e-01 1.308661103249e+00 2.380872726440e+00
1.093970686197e-01 1.664109677076e-01 1.958216130733e-01 2.040951102972e-01 2.512724697590e-01 2.719262242317e-01 2.693481445312e-01 2.528269886971e-01 2.293667346239e-01 2.077358812094e-01 2.114642858505e-01 2.084206640720e-01 2.095775902271e-01 2.421069443226e-01 3.656169176102e-01 4.325854480267e-01 4.809551239014e-01 4.635566771030e-01 3.445523679256e-01 3.822048902512e-01 4.025444090366e-01 3.375492095947e-01 2.687638401985e-01 1.515061408281e-01 1.331440955400e-01 1.049402579665e-01 8.717616647482e-02 7.020985335112e-02 6.513576954603e-02 1.136063560843e-01 1.810311526060e-01 1.042124032974e+00 1.258139848709e+00 1.882582902908e+00 2.009706974030e+00 2.774859905243e+00 1.864176273346e+00 8.591558337212e-01 1.943720579147e+00 1.549739122391e+00 1.055268287659e+00 1.275410532951e+00 4.069550037384e+00
1.278799474239e-01 1.926242709160e-01 2.227554470301e-01 2.529474794865e-01 3.085017502308e-01 3.315335214138e-01 3.264280557632e-01 3.043266534805e-01 2.732901275158e-01 2.394435554743e-01 2.062028646469e-01 2.251784950495e-01 2.609618008137e-01 3.002492785454e-01 3.269710540771e-01 3.366513252258e-01 3.174524903297e-01 2.628269195557e-01 2.093814313412e-01 1.826500147581e-01 1.574238091707e-01 1.119460389018e-01 9.559579938650e-02 9.155339747667e-02 8.159208297729e-02 6.662305444479e-02 5.149095132947e-02 4.961203411222e-02 6.325275450945e-02 9.455080330372e-02 1.347268372774e-01 5.628787279129e-01 5.815886855125e-01 1.111220836639e+00 1.297741651535e+00 3.112218618393e+00 2.684275865555e+00 1.491093993187e+00 1.367451906204e+00 5.432604789734e+00 1.280594539642e+01 3.298668384552e+00 2.021900415421e+00
9.520987421274e-02 1.420519053936e-01 1.622786074877e-01 1.674920916557e-01 2.011179178953e-01 2.139312624931e-01 2.093256115913e-01 1.943386942148e-01 1.738335341215e-01 1.518168598413e-01 1.370771080256e-01 1.487145125866e-01 1.555275022984e-01 1.573843210936e-01 1.544588357210e-01 1.534701436758e-01 1.383246928453e-01 1.092294231057e-01 1.271786391735e-01 1.198767274618e-01 9.550903737545e-02 7.120224833488e-02 6.678929179907e-02 5.963418632746e-02 4.991850256920e-02 3.930853679776e-02 4.614278301597e-02 6.399133056402e-02 8.004058152437e-02 1.589933186769e-01 2.020941376686e-01 3.069250881672e-01 5.349875688553e-01 3.974882960320e-01 3.437924385071e-01 4.120825231075e-01 2.564835071564e+00 1.565659046173e+00 1.134719729424e+00 7.290584564209e+00 1.607450675964e+01 1.749074220657e+00 6.294864416122e-01
4.498374462128e-02 6.642782688141e-02 8.043430745602e-02 9.128476679325e-02 9.543152898550e-02 9.724589437246e-02 9.832688421011e-02 9.337779879570e-02 8.900821954012e-02 8.792722970247e-02 8.648443967104e-02 7.975288480520e-02 8.380704373121e-02 8.657004684210e-02 8.617608249187e-02 8.174490928650e-02 1.051759943366e-01 1.344812661409e-01 1.268980801105e-01 9.507330507040e-02 6.071394309402e-02 4.499534144998e-02 4.087875783443e-02 3.547175601125e-02 3.011027909815e-02 4.694944992661e-02 7.209500670433e-02 9.606815874577e-02 1.285416781902e-01 2.077775001526e-01 2.913618981838e-01 3.924971818924e-01 4.508689641953e-01 5.358805060387e-01 2.633983194828e-01 2.747696936131e-01 5.234458446503e-01 1.296258449554e+00 2.153294563293e+00 2.319310665131e+00 1.195945739746e+00 4.502282440662e-01 4.200633764267e-01
3.076959587634e-02 4.489761218429e-02 5.669642612338e-02 6.400325894356e-02 6.696904450655e-02 6.682331115007e-02 6.493315100670e-02 6.184069439769e-02 5.823224410415e-02 5.442038550973e-02 5.050347000360e-02 4.657393693924e-02 4.277898743749e-02 4.351892694831e-02 4.291194677353e-02 5.724094435573e-02 9.768003970385e-02 1.158058047295e-01 9.935528784990e-02 6.865400075912e-02 4.189302399755e-02 2.718160860240e-02 2.800130471587e-02 3.071778453887e-02 4.196265712380e-02 7.112318277359e-02 1.069766059518e-01 1.471579670906e-01 2.070742100477e-01 2.869343459606e-01 4.286695420742e-01 4.420933425426e-01 3.990374207497e-01 2.184303253889e-01 1.672365516424e-01 2.279170453548e-01 2.767183184624e-01 9.642225503922e-01 2.552448034286e+00 1.498212337494e+00 8.822136521339e-01 3.840204179287e-01 3.647142946720e-01
2.214356325567e-02 3.197535872459e-02 3.991778939962e-02 4.482831433415e-02 4.699745029211e-02 4.723403602839e-02 4.618552699685e-02 4.428051412106e-02 4.179110005498e-02 3.886217996478e-02 3.562273085117e-02 3.219117596745e-02 3.454339504242e-02 3.468910232186e-02 3.200678154826e-02 3.392251580954e-02 6.086153164506e-02 7.593954354525e-02 7.118032872677e-02 5.587002635002e-02 3.957853466272e-02 2.666677162051e-02 2.999962493777e-02 3.454050421715e-02 5.920734256506e-02 1.291639804840e-01 2.721967399120e-01 2.504722476006e-01 2.082663923502e-01 3.858058452606e-01 5.242878794670e-01 4.493943750858e-01 3.198596835136e-01 1.482078433037e-01 1.642833352089e-01 2.253090888262e-01 2.903774380684e-01 1.193783879280e+00 2.062320947647e+00 8.803663253784e-01 5.076652765274e-01 3.064529001713e-01 2.756017446518e-01
1.515397522599e-02 2.166744135320e-02 2.682623080909e-02 2.996061742306e-02 3.131976351142e-02 3.143198415637e-02 3.067478910089e-02 2.928799577057e-02 2.741565555334e-02 2.516802027822e-02 2.476774528623e-02 2.774825505912e-02 2.889697067440e-02 2.761195600033e-02 2.549676224589e-02 2.917243354023e-02 3.241003304720e-02 3.880003094673e-02 4.451993852854e-02 4.311625286937e-02 3.681171685457e-02 2.915858104825e-02 3.204641118646e-02 4.431670531631e-02 7.702606171370e-02 2.229504585266e-01 3.164774775505e-01 1.927317678928e-01 2.117654532194e-01 4.073225557804e-01 5.504783987999e-01 4.361325800419e-01 2.966971397400e-01 2.039921283722e-01 2.323178201914e-01 2.251423448324e-01 5.049161911011e-01 2.073883771896e+00 1.590684175491e+00 3.615322709084e-01 7.264870405197e-01 3.132731318474e-01 2.132736444473e-01
9.283670224249e-03 1.313824299723e-02 1.614248566329e-02 1.791349239647e-02 1.861160248518e-02 1.855327002704e-02 1.795999519527e-02 1.697391644120e-02 1.569469273090e-02 1.904697902501e-02 2.220257744193e-02 2.425483241677e-02 2.439804375172e-02 2.598023228347e-02 3.006145171821e-02 3.419808298349e-02 3.781837224960e-02 4.019039869308e-02 4.060196131468e-02 3.878352046013e-02 3.543386980891e-02 3.294510394335e-02 3.666316345334e-02 5.521753057837e-02 9.290578216314e-02 2.490495443344e-01 2.613088786602e-01 2.120602726936e-01 1.926339715719e-01 3.640588819981e-01 5.096131563187e-01 3.977008163929e-01 3.790012001991e-01 2.561523020267e-01 2.796723246574e-01 2.089734226465e-01 4.974153935909e-01 1.203762412071e+00 6.772721409798e-01 4.267021417618e-01 9.646458625793e-01 3.089337348938e-01 1.632256805897e-01
