VariationalSeries/SI/f108_max.grd
DSAA
101	101
32.816463539100	34.260883539100
35.556306596100	36.727886596100
1.403975766152e-03	2.625372924805e+02
[rows 57 to 75 of 101, columns 0 to 42 of 101]
7.951779663563e-02 1.305158287287e-01 1.435030549765e-01 1.438209116459e-01 1.462285071611e-01 1.767644137144e-01 1.985418945551e-01 2.182352840900e-01 2.366981357336e-01 2.428417503834e-01 2.449962794781e-01 3.429756164551e-01 5.860495567322e-01 3.204743564129e-01 2.274478822947e-01 3.406158685684e-01 3.055891096592e-01 3.597053885460e-01 4.360084831715e-01 4.373410046101e-01 4.472739100456e-01 3.518047332764e-01 2.425726056099e-01 2.129786610603e-01 2.317586392164e-01 3.205124437809e-01 5.079331398010e-01 6.261252164841e-01 4.711584746838e-01 2.834161818027e-01 2.268551737070e-01 1.791776567698e-01 1.874502152205e-01 2.325102537870e-01 2.729737162590e-01 3.434642553329e-01 3.981083333492e-01 4.239709079266e-01 6.920732855797e-01 9.346506595612e-01 8.153861165047e-01 7.333697080612e-01 8.271749615669e-01
1.014585569501e-01 1.659474819899e-01 1.892600655556e-01 1.922165453434e-01 1.905553489923e-01 1.858370453119e-01 1.834316104650e-01 1.926439106464e-01 2.011923193932e-01 3.277727365494e-01 1.059289813042e+00 1.225883603096e+00 4.582762718201e-01 2.374184876680e-01 2.384803742170e-01 2.166762351990e-01 2.379767596722e-01 2.363584935665e-01 2.822445333004e-01 3.569388389587e-01 4.340281784534e-01 4.651404321194e-01 3.271550536156e-01 2.035305500031e-01 2.350344359875e-01 3.570111393929e-01 5.353224277496e-01 5.712506771088e-01 5.824834108353e-01 3.731319904327e-01 2.251851409674e-01 2.065139859915e-01 1.972800940275e-01 2.403643578291e-01 2.841225564480e-01 2.945984303951e-01 3.022415935993e-01 3.097452223301e-01 3.083006739616e-01 3.328209221363e-01 4.150570631027e-01 5.748049616814e-01 6.667219400406e-01
1.349609643221e-01 2.216320335865e-01 2.649540305138e-01 3.751017153263e-01 4.694966971874e-01 5.859058499336e-01 7.635337114334e-01 1.112074255943e+00 2.055026531219e+00 2.919305801392e+00 1.947082281113e+00 4.956608116627e-01 3.424057364464e-01 3.003878891468e-01 2.193962484598e-01 2.234676629305e-01 2.355377078056e-01 2.308719605207e-01 2.291459143162e-01 2.486447244883e-01 4.187644124031e-01 4.754440486431e-01 3.391111195087e-01 1.972366720438e-01 1.525489836931e-01 2.340400218964e-01 3.300940692425e-01 3.520250618458e-01 3.539091050625e-01 2.910802960396e-01 2.072108387947e-01 2.152329981327e-01 2.054271399975e-01 2.312492132187e-01 2.788792550564e-01 2.892782688141e-01 2.756277024746e-01 2.527348101139e-01 2.262056618929e-01 2.535286843777e-01 3.292816579342e-01 4.162028729916e-01 5.652230381966e-01
1.319018602371e-01 2.712815999985e-01 4.472858309746e-01 6.103453636169e-01 7.509591579437e-01 9.772977828979e-01 1.406370520592e+00 2.095974683762e+00 2.113171815872e+00 9.814382791519e-01 2.460461407900e-01 2.863466143608e-01 3.104943335056e-01 2.756204307079e-01 2.400409430265e-01 2.516247630119e-01 2.513512670994e-01 2.405738532543e-01 1.952087730169e-01 1.946677118540e-01 3.015342354774e-01 3.368337452412e-01 2.514503002167e-01 1.590190827847e-01 1.234235912561e-01 1.337115317583e-01 1.788511127234e-01 2.211240530014e-01 2.474319189787e-01 2.218813598156e-01 2.033131271601e-01 1.880950778723e-01 2.013940662146e-01 2.234003692865e-01 2.676187157631e-01 2.745171785355e-01 2.487663626671e-01 2.130600064993e-01 1.966680288315e-01 2.177606076002e-01 3.151545822620e-01 3.865187466145e-01 5.178517699242e-01
8.048550784588e-02 1.401538848877e-01 1.709759533405e-01 1.797872930765e-01 1.802517324686e-01 1.798223257065e-01 1.786617487669e-01 1.752705425024e-01 1.725015938282e-01 1.693687140942e-01 1.594444811344e-01 1.678963601589e-01 1.769647449255e-01 2.250255346298e-01 2.526307106018e-01 2.634534835815e-01 2.529552876949e-01 2.241929471493e-01 1.659795343876e-01 1.372168213129e-01 1.688075065613e-01 1.752803474665e-01 1.390878111124e-01 1.040206924081e-01 9.223449975252e-02 9.859465807676e-02 1.242006644607e-01 1.495611369610e-01 1.837421506643e-01 1.981892436743e-01 1.879437863827e-01 1.682375818491e-01 1.926493644714e-01 2.330716401339e-01 2.776871919632e-01 2.690720260143e-01 2.240556925535e-01 1.796548515558e-01 1.987145096064e-01 2.215620130301e-01 3.135612010956e-01 3.895571529865e-01 4.857133626938e-01
3.828132897615e-02 7.124490290880e-02 9.213661402464e-02 1.015787348151e-01 1.053426638246e-01 1.085926890373e-01 1.117126867175e-01 1.140901595354e-01 1.178216710687e-01 1.215812936425e-01 1.193473711610e-01 1.123118177056e-01 1.092142090201e-01 1.446594744921e-01 1.697615236044e-01 1.783904880285e-01 1.619619131088e-01 1.439961791039e-01 1.218012869358e-01 1.071407645941e-01 9.021288156509e-02 8.418305963278e-02 6.987264007330e-02 7.723284512758e-02 9.099686145782e-02 9.566461294889e-02 1.026616916060e-01 1.250847131014e-01 1.552308946848e-01 1.702018380165e-01 1.680951863527e-01 1.590139567852e-01 1.912162005901e-01 2.561994493008e-01 2.975367307663e-01 2.693231999874e-01 2.027431726456e-01 1.783642619848e-01 2.030186504126e-01 2.298803478479e-01 3.025166094303e-01 3.622038662434e-01 4.160359799862e-01
2.579292282462e-02 4.344277083874e-02 5.446926876903e-02 6.269387155771e-02 6.744117289782e-02 7.168564945459e-02 7.574794441462e-02 7.918120920658e-02 8.336786180735e-02 8.763696253300e-02 8.824023604393e-02 8.541657030582e-02 8.218403160572e-02 7.924248278141e-02 7.894733548164e-02 8.948757499456e-02 9.435227513313e-02 9.308730810881e-02 8.545809239149e-02 8.119758218527e-02 7.363983988762e-02 6.902620941401e-02 6.034485995770e-02 7.830871641636e-02 9.640714526176e-02 1.055397987366e-01 1.049442589283e-01 1.047115325928e-01 1.280107796192e-01 1.427233964205e-01 1.465295106173e-01 1.458778977394e-01 1.930603832006e-01 2.692993283272e-01 2.974107861519e-01 2.494606524706e-01 1.772067397833e-01 1.785368770361e-01 2.114055305719e-01 2.363636046648e-01 2.762651443481e-01 3.172528445721e-01 3.242973387241e-01
2.123941667378e-02 3.550449758768e-02 4.495142027736e-02 5.030187219381e-02 5.275083705783e-02 5.511081591249e-02 5.713484063745e-02 5.802779272199e-02 6.091793254018e-02 6.337473541498e-02 6.391078978777e-02 6.285548210144e-02 6.180631369352e-02 6.037314981222e-02 6.191589310765e-02 7.110075652599e-02 7.557755708694e-02 7.461947202682e-02 6.905922293663e-02 6.439148634672e-02 7.121352851391e-02 6.903006136417e-02 5.941263213754e-02 7.792877405882e-02 9.816191345453e-02 1.105181053281e-01 1.119598373771e-01 1.084632501006e-01 1.125150620937e-01 1.236116439104e-01 1.289984136820e-01 1.336693763733e-01 1.910412907600e-01 2.621259689331e-01 2.705855667591e-01 2.142353206873e-01 1.678608208895e-01 1.813483536243e-01 2.203639596701e-01 2.317898422480e-01 2.439518123865e-01 2.630881071091e-01 2.408763617277e-01
2.091634646058e-02 3.348837047815e-02 4.241292178631e-02 4.644876718521e-02 4.814578592777e-02 4.967991262674e-02 5.028810352087e-02 4.932779818773e-02 4.784202203155e-02 4.851387441158e-02 4.838170111179e-02 5.005070194602e-02 5.156085640192e-02 5.280285328627e-02 5.428618192673e-02 5.753492563963e-02 6.154031679034e-02 6.138632446527e-02 6.201510503888e-02 6.151947751641e-02 6.521071493626e-02 6.796649098396e-02 6.028365716338e-02 7.366507500410e-02 9.288520365953e-02 1.056649610400e-01 1.078639253974e-01 1.066209673882e-01 1.128653809428e-01 1.164047569036e-01 1.188120990992e-01 1.241529956460e-01 1.783889979124e-01 2.344820648432e-01 2.285838723183e-01 1.835180372000e-01 1.608273684978e-01 1.935251355171e-01 2.221288979053e-01 2.159104347229e-01 2.115060836077e-01 2.124118655920e-01 1.937573254108e-01
1.951394602656e-02 3.096325322986e-02 3.878940269351e-02 4.218766465783e-02 4.362077638507e-02 4.475164785981e-02 4.494626075029e-02 4.404795169830e-02 4.288581758738e-02 4.493821412325e-02 4.768786951900e-02 5.019206181169e-02 5.242085084319e-02 5.430706590414e-02 5.603693053126e-02 5.772385001183e-02 5.897568911314e-02 5.919995903969e-02 5.805334448814e-02 5.842244997621e-02 5.843639373779e-02 6.534673273563e-02 6.171498447657e-02 6.673745810986e-02 8.294626325369e-02 9.418855607510e-02 1.096254363656e-01 1.200407594442e-01 1.208348348737e-01 1.171785369515e-01 1.147974506021e-01 1.160736307502e-01 1.562709510326e-01 1.948908567429e-01 1.872694790363e-01 1.628771424294e-01 1.728365421295e-01 1.960002630949e-01 2.092540711164e-01 1.891968548298e-01 1.765866130590e-01 1.672568917274e-01 1.654398590326e-01
1.792907156050e-02 2.839824743569e-02 3.551592305303e-02 3.875396028161e-02 4.011666029692e-02 4.076250642538e-02 4.053726419806e-02 3.978499025106e-02 3.919158875942e-02 4.248658567667e-02 4.554507881403e-02 4.843584820628e-02 5.110391229391e-02 5.335229262710e-02 5.511776357889e-02 5.629242584109e-02 5.728682130575e-02 6.303627789021e-02 6.423203647137e-02 5.947316065431e-02 5.462463945150e-02 5.979625508189e-02 6.092419847846e-02 5.991326272488e-02 7.286342233419e-02 8.211924135685e-02 9.982796758413e-02 1.162527278066e-01 1.203366592526e-01 1.166206449270e-01 1.121450662613e-01 1.127864941955e-01 1.245146840811e-01 1.509523242712e-01 1.485460847616e-01 1.376658231020e-01 1.489381194115e-01 1.655147075653e-01 1.710048466921e-01 1.484777480364e-01 1.381874978542e-01 1.282270550728e-01 1.251201182604e-01
1.659196428955e-02 2.632010355592e-02 3.305198997259e-02 3.627877682447e-02 3.746115788817e-02 3.757900744677e-02 3.704670816660e-02 3.651205077767e-02 3.698185458779e-02 3.822468593717e-02 4.136509820819e-02 4.435421526432e-02 4.713308438659e-02 4.948525503278e-02 5.134522542357e-02 5.516291782260e-02 6.045956537127e-02 6.798645853996e-02 7.123840600252e-02 6.919823586941e-02 6.323167681694e-02 5.612633377314e-02 5.702657252550e-02 5.773191526532e-02 6.478597223759e-02 7.216577231884e-02 7.424308359623e-02 9.027934819460e-02 1.023164242506e-01 1.061342582107e-01 1.051124930382e-01 1.084519177675e-01 1.116012483835e-01 1.140549108386e-01 1.102103888988e-01 1.068104654551e-01 1.163624227047e-01 1.318344622850e-01 1.413702815771e-01 1.174524277449e-01 1.034895852208e-01 9.236857295036e-02 1.037267297506e-01
1.561221946031e-02 2.484002709389e-02 3.132125735283e-02 3.437722846866e-02 3.518972545862e-02 3.494402021170e-02 3.440168127418e-02 3.422976285219e-02 3.458914905787e-02 3.547007218003e-02 3.592681512237e-02 3.882100433111e-02 4.149139299989e-02 4.378914088011e-02 4.723278805614e-02 5.231401696801e-02 6.118600070477e-02 6.977682560682e-02 7.554616034031e-02 7.721398770809e-02 7.498713582754e-02 7.037427276373e-02 6.481732428074e-02 5.969332531095e-02 5.852326005697e-02 6.462056189775e-02 6.563694775105e-02 6.468547880650e-02 7.930845022202e-02 9.106853604317e-02 9.883794188499e-02 1.044988706708e-01 1.077731028199e-01 1.033783406019e-01 9.434165060520e-02 9.260743111372e-02 1.031933352351e-01 1.246816366911e-01 1.456105560064e-01 1.321987956762e-01 9.810412675142e-02 8.728304505348e-02 9.909500181675e-02
1.522611547261e-02 2.418541908264e-02 3.037949465215e-02 3.306131437421e-02 3.347814455628e-02 3.303991258144e-02 3.296202421188e-02 3.335950523615e-02 3.336137905717e-02 3.384460508823e-02 3.358650580049e-02 3.634097054601e-02 3.996650874615e-02 4.371796175838e-02 4.701868072152e-02 5.316334217787e-02 6.186782568693e-02 7.062712311745e-02 7.845768332481e-02 8.326205611229e-02 8.399051427841e-02 8.176917582750e-02 7.805401086807e-02 7.426237314939e-02 7.202135026455e-02 7.063426822424e-02 6.809552013874e-02 6.633070111275e-02 7.833486795425e-02 8.791866898537e-02 9.506464004517e-02 1.014814898372e-01 1.047233790159e-01 9.765897691250e-02 9.390246123075e-02 9.194093197584e-02 1.038333252072e-01 1.201957315207e-01 1.398388147354e-01 1.281108707190e-01 9.962439537048e-02 8.666234463453e-02 9.841297566891e-02
1.543231680989e-02 2.437676489353e-02 3.033488430083e-02 3.266120329499e-02 3.279059380293e-02 3.217097744346e-02 3.242032974958e-02 3.217362985015e-02 3.242947906256e-02 3.253300487995e-02 3.403064608574e-02 3.744182363153e-02 4.077597334981e-02 4.393766447902e-02 4.647127166390e-02 5.438778176904e-02 6.417581439018e-02 7.337760180235e-02 8.223536610603e-02 8.864322304726e-02 9.068351238966e-02 8.924331516027e-02 8.580877631903e-02 8.155114203691e-02 7.806145399809e-02 7.468691468239e-02 6.914768368006e-02 6.667765229940e-02 7.657116651535e-02 8.489609509706e-02 9.201253950596e-02 9.877829253674e-02 1.009012684226e-01 9.264816343784e-02 9.500449895859e-02 9.903810918331e-02 1.059703752398e-01 1.162923723459e-01 1.260819584131e-01 1.117705106735e-01 9.474777430296e-02 8.061362802982e-02 9.103065729141e-02
1.578352786601e-02 2.484944462776e-02 3.068805672228e-02 3.280418738723e-02 3.276929631829e-02 3.197341039777e-02 3.264398872852e-02 3.355384990573e-02 3.407265245914e-02 3.415717557073e-02 3.387204930186e-02 3.596439957619e-02 4.083306342363e-02 4.565192013979e-02 4.715810343623e-02 5.300764366984e-02 6.528480350971e-02 7.581822574139e-02 8.416630327702e-02 8.946206420660e-02 9.065347164869e-02 8.820071071386e-02 8.358362317085e-02 7.814597338438e-02 7.304715365171e-02 6.797417998314e-02 6.090157851577e-02 6.647309660912e-02 7.495202869177e-02 8.242780715227e-02 8.920236676931e-02 9.479444473982e-02 9.474456310272e-02 8.859377354383e-02 9.534282982349e-02 1.142149940133e-01 1.074484810233e-01 1.184441819787e-01 1.134653463960e-01 9.702589362860e-02 8.543706685305e-02 7.362049072981e-02 8.233764022589e-02
1.553684286773e-02 2.438128367066e-02 2.993321418762e-02 3.188286349177e-02 3.183786198497e-02 3.171701356769e-02 3.223904594779e-02 3.264122828841e-02 3.274394571781e-02 3.255249187350e-02 3.368238359690e-02 3.785675764084e-02 4.407155886292e-02 4.934128746390e-02 5.087108537555e-02 4.968617111444e-02 6.215900927782e-02 7.286769151688e-02 7.891630381346e-02 8.112798631191e-02 8.008567243814e-02 7.577607780695e-02 6.996445357800e-02 6.488656997681e-02 6.075794622302e-02 5.749380588531e-02 5.826050043106e-02 6.580523401499e-02 7.326912134886e-02 7.995793968439e-02 8.576894551516e-02 8.897281438112e-02 8.648350834846e-02 8.483287692070e-02 9.672100096941e-02 1.064047440886e-01 1.069577857852e-01 1.187772974372e-01 1.146158576012e-01 9.377573430538e-02 8.054035156965e-02 7.408494502306e-02 7.965485006571e-02
1.424152497202e-02 2.220280840993e-02 2.709592133760e-02 2.886024303734e-02 3.168618306518e-02 3.298181295395e-02 3.234297037125e-02 3.057936765254e-02 2.839328348637e-02 3.128440678120e-02 3.423912078142e-02 3.963306173682e-02 4.686802253127e-02 5.232983082533e-02 5.381783097982e-02 5.283499136567e-02 5.677745491266e-02 6.587473303080e-02 6.928358972073e-02 6.861358880997e-02 6.531184166670e-02 5.930428579450e-02 5.764417722821e-02 6.844405829906e-02 6.964828073978e-02 6.702316552401e-02 6.588280200958e-02 6.630598753691e-02 7.107853144407e-02 7.686524838209e-02 8.089851588011e-02 8.104322850704e-02 7.616947591305e-02 7.822933793068e-02 8.829617500305e-02 1.225878596306e-01 1.084381788969e-01 1.516066193581e-01 1.348310559988e-01 1.137324795127e-01 9.653183072805e-02 7.962482422590e-02 8.929997682571e-02
1.517479121685e-02 2.235288172960e-02 2.740584500134e-02 3.182241693139e-02 3.497496992350e-02 3.567216172814e-02 3.460509702563e-02 3.265924006701e-02 3.041087463498e-02 3.149421885610e-02 3.498891741037e-02 4.150062426925e-02 4.948215186596e-02 5.503047630191e-02 5.649085342884e-02 5.552130192518e-02 5.207164585590e-02 5.995335057378e-02 6.227327138186e-02 6.514903157949e-02 8.797364681959e-02 8.041972666979e-02 6.254605948925e-02 7.132458686829e-02 6.946919858456e-02 6.423865258694e-02 6.121992319822e-02 6.257976591587e-02 6.849676370621e-02 7.293738424778e-02 7.448997348547e-02 7.163562625647e-02 6.523810327053e-02 7.017160207033e-02 7.742008566856e-02 1.084481626749e-01 1.392330378294e-01 2.189616113901e-01 2.028518468142e-01 1.342292875051e-01 1.062391698360e-01 9.522640705109e-02 1.136037707329e-01
