VariationalSeries/SI/f108_max.grd
DSAA
101	101
32.816463539100	34.260883539100
35.556306596100	36.727886596100
1.403975766152e-03	2.625372924805e+02
[rows 57 to 75 of 101, columns 43 to 85 of 101]
1.017904758453e+00 1.243345141411e+00 6.413081288338e-01 7.205425500870e-01 7.093276977539e-01 1.106667637825e+00 1.199863910675e+00 1.954770088196e+00 1.418719768524e+00 7.692313194275e-01 5.614793896675e-01 4.659118354321e-01 3.511474132538e-01 5.916233062744e-01 2.755412578583e+00 9.138086318970e+00 1.840395164490e+01 1.864674949646e+01 3.370151519775e+01 8.975876808167e+00 2.546891689301e+00 2.025795698166e+00 3.502886533737e+00 6.459867954254e+00 1.105252265930e+01 1.009061813354e+01 1.102607631683e+01 8.833889007568e+00 1.105314445496e+01 1.048476600647e+01 1.095160770416e+01 8.180412292480e+00 8.342975616455e+00 1.179049682617e+01 7.346954822540e+00 4.641561508179e+00 5.382911205292e+00 7.372751712799e+00 9.240661621094e+00 6.706486701965e+00 2.815219640732e+00 2.605039358139e+00 2.510405302048e+00
8.084567785263e-01 2.010740280151e+00 5.194058418274e-01 5.559070110321e-01 5.478994846344e-01 8.091129064560e-01 1.508045315742e+00 4.762857913971e+00 3.764027833939e+00 8.283814191818e-01 5.314634442329e-01 3.662784099579e-01 2.832552194595e-01 2.815205752850e-01 5.813695192337e-01 5.536579132080e+00 6.361784934998e+00 6.594608783722e+00 5.133172035217e+00 5.113468647003e+00 3.557423353195e+00 2.697219610214e+00 2.083563089371e+00 1.352734446526e+00 3.454341411591e+00 6.671100616455e+00 1.186743736267e+01 1.233960628510e+01 1.340695190430e+01 7.180602550507e+00 9.516222000122e+00 8.565575599670e+00 7.357716560364e+00 6.714015960693e+00 6.810720920563e+00 5.071368217468e+00 4.995032310486e+00 5.807389259338e+00 5.659236907959e+00 5.143483161926e+00 5.308591365814e+00 5.542659759521e+00 5.167572021484e+00
7.014612555504e-01 8.247418999672e-01 4.692420065403e-01 5.030704140663e-01 5.087742805481e-01 7.329453825951e-01 2.155050754547e+00 1.199023342133e+01 9.816737174988e+00 1.353805303574e+00 5.530360341072e-01 3.147693872452e-01 2.192520052195e-01 1.992293298244e-01 2.082868814468e-01 2.552644908428e-01 3.280999362469e-01 4.605824053288e-01 9.589240550995e-01 8.086966276169e-01 8.812866210938e-01 1.007506489754e+00 6.697032451630e-01 6.762533187866e-01 1.688194751740e+00 7.793210029602e+00 1.338024616241e+01 1.551549434662e+01 1.489447116852e+01 1.494514274597e+01 9.621878623962e+00 8.325241088867e+00 7.007268428802e+00 6.659996509552e+00 9.307523727417e+00 8.044444084167e+00 6.689775466919e+00 4.190555572510e+00 4.322717666626e+00 3.606552124023e+00 3.253612995148e+00 2.943825483322e+00 2.555722951889e+00
6.436812281609e-01 5.751686692238e-01 4.522710740566e-01 5.068396329880e-01 5.649012327194e-01 7.394590973854e-01 1.617472457886e+01 6.591376304626e+00 7.226650238037e+00 1.021345615387e+00 4.833782017231e-01 3.012627363205e-01 1.983528882265e-01 1.619527488947e-01 1.550881713629e-01 1.643744707108e-01 1.965468525887e-01 2.589566707611e-01 3.520238399506e-01 4.316549599171e-01 4.752795696259e-01 9.625280499458e-01 4.987103939056e-01 4.618627727032e-01 1.404459714890e+00 3.070078372955e+00 1.100389194489e+01 1.290381622314e+01 1.311605358124e+01 1.412354850769e+01 1.208275318146e+01 9.155467987061e+00 6.443977832794e+00 8.143235206604e+00 5.581388950348e+00 4.915244102478e+00 4.073255538940e+00 3.360265254974e+00 3.149910926819e+00 3.160055160522e+00 3.244313001633e+00 4.789206027985e+00 6.488691329956e+00
5.422990918159e-01 4.193342030048e-01 4.425693750381e-01 5.346072912216e-01 9.131219387054e-01 1.430019736290e+00 4.164922714233e+00 9.732354164124e+00 3.434332132339e+00 5.484985709190e-01 3.493758141994e-01 2.558956444263e-01 1.804095059633e-01 1.354443877935e-01 1.243131384254e-01 1.246091648936e-01 1.365606337786e-01 1.822566986084e-01 2.511568367481e-01 2.876561582088e-01 2.902111411095e-01 5.930533409119e-01 3.621190488338e-01 4.137881696224e-01 8.704004287720e-01 2.893331527710e+00 7.832155704498e+00 1.050514984131e+01 1.123816967010e+01 8.761259078979e+00 6.636453628540e+00 9.480126380920e+00 6.492954730988e+00 4.464023113251e+00 5.064280509949e+00 6.655270576477e+00 5.998327732086e+00 4.017563819885e+00 3.730733156204e+00 3.620329141617e+00 3.577470064163e+00 4.163540363312e+00 4.975887298584e+00
3.912204504013e-01 3.252927958965e-01 4.051756262779e-01 8.919481039047e-01 2.698339462280e+00 5.776350498199e+00 7.403654098511e+00 4.525871276855e+00 4.910677075386e-01 3.339028656483e-01 2.462650835514e-01 2.030810266733e-01 1.588743925095e-01 1.285092979670e-01 1.130702346563e-01 1.174204573035e-01 1.232494115829e-01 1.501588225365e-01 2.167785465717e-01 2.671429216862e-01 2.841846048832e-01 2.914156317711e-01 2.935124635696e-01 4.391070306301e-01 1.048992753029e+00 2.719519138336e+00 3.326544284821e+00 3.276408433914e+00 6.605711460114e+00 7.637175083160e+00 8.983162879944e+00 5.734664440155e+00 7.326360702515e+00 5.383398532867e+00 6.239746570587e+00 7.302031993866e+00 1.447416782379e+01 9.102788925171e+00 5.360258579254e+00 4.168722152710e+00 4.279564857483e+00 4.196760177612e+00 4.047976970673e+00
2.559166550636e-01 2.647972404957e-01 3.342922031879e-01 4.208998084068e-01 1.055979847908e+00 5.988198757172e+00 3.646519899368e+00 4.975234568119e-01 2.911307811737e-01 2.599345445633e-01 2.191993147135e-01 1.850585341454e-01 1.461958140135e-01 1.232072636485e-01 1.094052121043e-01 1.200033724308e-01 1.262340098619e-01 1.228354498744e-01 1.776256412268e-01 2.270879596472e-01 2.570863664150e-01 2.559688389301e-01 3.094140887260e-01 4.988662004471e-01 1.543516755104e+00 3.071464538574e+00 1.841153860092e+00 2.416509389877e+00 2.300819635391e+00 1.152138519287e+01 1.667507362366e+01 9.206237792969e+00 5.085897922516e+00 6.815289974213e+00 2.773404121399e+00 2.885341644287e+00 1.048571300507e+01 5.070442676544e+00 4.057831764221e+00 3.060438156128e+00 3.139547109604e+00 3.496618032455e+00 3.842244625092e+00
2.090903073549e-01 2.289458066225e-01 2.691863477230e-01 3.398243784904e-01 3.735111057758e-01 5.270282030106e-01 5.826875567436e-01 3.989822566509e-01 2.141067534685e-01 2.201564908028e-01 1.928165555000e-01 1.770907491446e-01 1.447795778513e-01 1.182101368904e-01 1.191994324327e-01 1.211074069142e-01 1.284452378750e-01 1.296187341213e-01 1.490750610828e-01 1.918391734362e-01 2.261463552713e-01 2.424826771021e-01 2.623612582684e-01 4.067176878452e-01 1.134587645531e+00 7.139071226120e-01 7.140907049179e-01 1.108362674713e+00 2.543666362762e+00 4.985357284546e+00 5.286611080170e+00 6.708884239197e+00 1.053831481934e+01 5.726673603058e+00 5.474220752716e+00 4.160655498505e+00 4.296145915985e+00 3.635835647583e+00 2.024280309677e+00 2.441498756409e+00 2.380682229996e+00 2.509306907654e+00 3.173269271851e+00
1.645237356424e-01 1.850633770227e-01 2.213420122862e-01 2.714747488499e-01 2.913325726986e-01 3.219847679138e-01 3.394159376621e-01 2.148960381746e-01 1.850778460503e-01 1.942604631186e-01 1.804693490267e-01 1.559765785933e-01 1.314116865396e-01 1.190532743931e-01 1.159135177732e-01 1.322285979986e-01 1.305907666683e-01 1.121022030711e-01 1.313009262085e-01 1.670639663935e-01 1.982203125954e-01 2.310793995857e-01 3.137162923813e-01 3.327421545982e-01 3.369642198086e-01 4.701144397259e-01 4.526608884335e-01 1.097684979439e+00 1.547876358032e+00 2.063156604767e+00 4.307628154755e+00 7.427125453949e+00 5.681841373444e+00 1.037955379486e+01 6.652983665466e+00 3.773349523544e+00 3.181285858154e+00 2.832890987396e+00 3.348154783249e+00 3.175737142563e+00 3.966087341309e+00 3.849630117416e+00 4.505928039551e+00
1.512925475836e-01 1.531466841698e-01 1.717353612185e-01 1.911376267672e-01 2.058063298464e-01 2.021935433149e-01 1.940701603889e-01 1.888197064400e-01 2.041998803616e-01 2.015759199858e-01 1.877660453320e-01 1.641537398100e-01 1.350236088037e-01 1.218984350562e-01 1.099455729127e-01 1.070759445429e-01 1.201072484255e-01 1.214458197355e-01 1.239149570465e-01 1.500190347433e-01 1.741694808006e-01 2.074365019798e-01 2.995346784592e-01 3.378215134144e-01 3.630637526512e-01 7.587618827820e-01 1.038737535477e+00 1.327294588089e+00 1.852144837379e+00 2.017711400986e+00 4.398376464844e+00 8.233016967773e+00 3.930572271347e+00 4.234758853912e+00 7.606551170349e+00 6.605389118195e+00 4.482174396515e+00 3.868871688843e+00 4.627351284027e+00 2.411777496338e+00 3.234298467636e+00 3.755672454834e+00 4.458773136139e+00
1.251590251923e-01 1.434575319290e-01 1.502407640219e-01 1.480943560600e-01 1.659438759089e-01 1.847750097513e-01 1.991042792797e-01 1.767424196005e-01 1.669117808342e-01 1.719541251659e-01 1.843393296003e-01 1.837472766638e-01 1.591437608004e-01 1.376253813505e-01 1.304696202278e-01 1.201830804348e-01 1.036527007818e-01 1.116625890136e-01 1.269872337580e-01 1.409318447113e-01 1.552428752184e-01 1.811702251434e-01 2.552273273468e-01 2.518571913242e-01 2.901470959187e-01 6.806234121323e-01 1.447357416153e+00 1.950568318367e+00 2.732829570770e+00 1.437924742699e+00 4.314925193787e+00 2.171138763428e+00 2.304260969162e+00 2.759969711304e+00 4.483427047729e+00 4.826737880707e+00 6.177212715149e+00 5.732329368591e+00 4.106025695801e+00 3.489807605743e+00 2.721566677094e+00 2.925673961639e+00 2.267872571945e+00
1.237347573042e-01 1.364129036665e-01 1.354615837336e-01 1.345223039389e-01 1.438322961330e-01 1.655554175377e-01 1.792965978384e-01 1.603086590767e-01 1.295460313559e-01 1.388254612684e-01 1.501068472862e-01 1.668740212917e-01 1.739841103554e-01 1.462384015322e-01 1.396753042936e-01 1.717540025711e-01 1.525380015373e-01 1.207914948463e-01 1.319986730814e-01 1.380009204149e-01 1.675278991461e-01 1.858423501253e-01 2.009027302265e-01 2.609867751598e-01 3.035480976105e-01 5.022631287575e-01 1.035846114159e+00 1.242397785187e+00 1.700875401497e+00 9.683243036270e-01 2.111349821091e+00 1.663579583168e+00 2.706140279770e+00 1.683668613434e+00 3.358126401901e+00 2.408696413040e+00 3.739753007889e+00 4.662292480469e+00 4.214352607727e+00 5.768513202667e+00 5.327828407288e+00 4.294525146484e+00 3.699731349945e+00
1.187030375004e-01 1.279253065586e-01 1.227965056896e-01 1.221011057496e-01 1.227216646075e-01 1.237376332283e-01 1.371458470821e-01 1.298249065876e-01 1.588040590286e-01 1.716665178537e-01 1.570345908403e-01 1.551781743765e-01 1.654436141253e-01 1.733882427216e-01 1.640831381083e-01 2.118193656206e-01 1.890100240707e-01 1.436694413424e-01 1.445917189121e-01 1.417296230793e-01 1.627534329891e-01 1.762694716454e-01 2.026667743921e-01 2.687425613403e-01 3.166465163231e-01 4.491212368011e-01 6.758029460907e-01 7.695873379707e-01 8.400822281837e-01 1.064049363136e+00 1.877898335457e+00 2.814991235733e+00 1.853296041489e+00 4.613348007202e+00 1.561165571213e+00 2.078939437866e+00 4.004509925842e+00 5.659075260162e+00 2.799977302551e+00 3.152537107468e+00 2.109345674515e+00 3.793394565582e+00 3.386888504028e+00
1.056018173695e-01 1.137116253376e-01 1.091010868549e-01 1.048482060432e-01 9.740533679724e-02 1.000463739038e-01 1.054844334722e-01 1.452876329422e-01 1.801382601261e-01 1.850825846195e-01 1.638032048941e-01 1.714065521955e-01 1.894070357084e-01 1.863193660975e-01 1.864424347878e-01 1.981146037579e-01 2.108185589314e-01 2.469752132893e-01 2.208800911903e-01 1.988089680672e-01 1.981902718544e-01 2.133488804102e-01 2.543108165264e-01 2.742879986763e-01 3.234074711800e-01 3.850233554840e-01 6.487228274345e-01 6.271665096283e-01 1.262425422668e+00 2.501981258392e+00 3.041230440140e+00 1.459527254105e+00 1.470860362053e+00 4.545537471771e+00 2.362674713135e+00 2.922910213470e+00 2.616169452667e+00 3.342143297195e+00 2.433875799179e+00 9.530332684517e-01 9.120020866394e-01 1.230913162231e+00 2.358712196350e+00
9.670447558165e-02 9.664685279131e-02 9.580643475056e-02 9.419159591198e-02 9.644540399313e-02 1.034844070673e-01 1.082318350673e-01 1.349566727877e-01 1.513290554285e-01 1.449720263481e-01 1.717626452446e-01 1.842276602983e-01 1.783253103495e-01 1.862728595734e-01 2.518107891083e-01 3.492656648159e-01 3.958033919334e-01 4.979373216629e-01 4.947111606598e-01 5.388667583466e-01 3.827646970749e-01 3.554903268814e-01 4.112158417702e-01 3.448631763458e-01 3.955110311508e-01 5.460188984871e-01 1.605687379837e+00 1.497547864914e+00 1.633374691010e+00 2.171740055084e+00 1.103037357330e+00 1.160874128342e+00 1.586695790291e+00 9.262194633484e-01 4.839765548706e+00 6.640777587891e+00 5.905830860138e+00 1.420283555984e+00 6.768070459366e-01 5.672543048859e-01 5.542597174644e-01 6.519830822945e-01 6.879828572273e-01
8.957520872355e-02 9.273949265480e-02 8.909919112921e-02 9.554578363895e-02 1.044696569443e-01 1.196543872356e-01 1.199159398675e-01 1.368748247623e-01 1.549297720194e-01 1.811813116074e-01 1.888017654419e-01 2.232029587030e-01 2.330478280783e-01 2.149926573038e-01 5.404167175293e-01 1.939505696297e+00 1.534669637680e+00 8.507478833199e-01 9.555268287659e-01 1.197745203972e+00 8.888469934464e-01 4.560125172138e-01 5.292336940765e-01 6.614649891853e-01 6.462521553040e-01 1.212571859360e+00 1.695509076118e+00 1.472072601318e+00 1.230719804764e+00 1.083276629448e+00 1.233926892281e+00 1.178510308266e+00 8.851675391197e-01 7.473409771919e-01 1.253850102425e+00 5.665367603302e+00 5.874034404755e+00 1.215179800987e+00 4.485095441341e-01 4.578655958176e-01 4.223492443562e-01 4.062409996986e-01 6.592535376549e-01
8.947376161814e-02 9.619017690420e-02 1.198256015778e-01 1.337536126375e-01 1.222372502089e-01 2.022091299295e-01 2.373998016119e-01 2.440981566906e-01 2.111193537712e-01 2.140391618013e-01 2.356156855822e-01 2.948459982872e-01 2.932294309139e-01 1.061816573143e+00 7.622107028961e+00 9.714923858643e+00 4.588897705078e+00 2.406817674637e+00 1.947491049767e+00 1.540815114975e+00 7.556561231613e-01 7.293910980225e-01 1.563323497772e+00 3.329466342926e+00 2.734750032425e+00 1.458645224571e+00 1.718506336212e+00 1.405374765396e+00 1.484010934830e+00 1.041427254677e+00 2.629176616669e+00 1.053734064102e+00 7.844020128250e-01 5.586071610451e-01 3.844831287861e-01 1.176856637001e+00 1.292677402496e+00 3.185479342937e-01 2.238922417164e-01 2.636404335499e-01 3.262859284878e-01 3.654139041901e-01 3.422915339470e-01
1.073439866304e-01 1.681518554688e-01 2.285774946213e-01 2.481975704432e-01 3.214178681374e-01 4.268446862698e-01 4.191510081291e-01 3.694667220116e-01 3.171941936016e-01 2.445626854897e-01 3.166267871857e-01 3.495543301105e-01 1.861771225929e+00 1.037753677368e+01 1.437150955200e+01 5.084175586700e+00 1.502065777779e+00 9.312134981155e-01 9.783633947372e-01 8.624802827835e-01 8.007662296295e-01 1.817060232162e+00 3.584686279297e+00 4.716994762421e+00 3.792407989502e+00 1.941076517105e+00 1.367579936981e+00 9.733764529228e-01 9.094823598862e-01 7.901270389557e-01 1.117433428764e+00 4.939691722393e-01 5.675370097160e-01 4.615589082241e-01 2.916838526726e-01 1.741001307964e-01 1.460126340389e-01 1.444189995527e-01 1.499587446451e-01 1.869060993195e-01 2.511366307735e-01 3.182947337627e-01 3.263558149338e-01
1.766693592072e-01 2.630662322044e-01 3.485938012600e-01 5.085823535919e-01 9.808676838875e-01 9.551145434380e-01 1.323003649712e+00 1.050089240074e+00 1.195411801338e+00 7.111188173294e-01 3.813905119896e-01 2.399666786194e+00 9.739109039307e+00 9.775352478027e+00 2.584323167801e+00 7.513466477394e-01 1.374413371086e+00 1.815206289291e+00 1.326977968216e+00 1.519414424896e+00 1.830240249634e+00 1.864883899689e+00 2.702994823456e+00 2.221310377121e+00 1.479447364807e+00 1.167424440384e+00 7.294862270355e-01 2.879917025566e-01 3.018657863140e-01 2.826001048088e-01 3.628744184971e-01 2.664352357388e-01 2.384344488382e-01 1.668872684240e-01 1.708900779486e-01 1.745303124189e-01 1.805099248886e-01 1.899301856756e-01 2.024664580822e-01 2.187169790268e-01 2.221785336733e-01 2.663331031799e-01 3.477417826653e-01
