VariationalSeries/SI/f113_max.grd
DSAA
101	101
32.816463539100	34.260883539100
35.556306596100	36.727886596100
3.197822297807e-05	5.283891201019e+00
[rows 57 to 75 of 101, columns 43 to 85 of 101]
2.221479080617e-02 2.649663016200e-02 1.345607731491e-02 1.491563580930e-02 1.475435215980e-02 2.375126257539e-02 2.676110155880e-02 3.602412715554e-02 3.145629912615e-02 1.715897582471e-02 1.191179826856e-02 1.000916026533e-02 7.379654329270e-03 1.311107724905e-02 5.455323308706e-02 1.832703799009e-01 4.061180055141e-01 3.828599154949e-01 5.492796897888e-01 1.867480278015e-01 5.398475378752e-02 4.123271256685e-02 7.463201880455e-02 1.369620263577e-01 2.343571484089e-01 2.124331593513e-01 2.311548441648e-01 1.876807212830e-01 2.442619949579e-01 2.256228029728e-01 2.384071201086e-01 1.776761114597e-01 1.842675507069e-01 2.587829828262e-01 1.606928408146e-01 1.009734421968e-01 1.178686618805e-01 1.653955131769e-01 2.073409557343e-01 1.500018835068e-01 6.254217028618e-02 5.486612021923e-02 5.305118858814e-02
1.773791201413e-02 2.953457087278e-02 1.087472401559e-02 1.156459189951e-02 1.145474519581e-02 1.723030023277e-02 3.355559334159e-02 1.078545153141e-01 8.577096462250e-02 1.849964447320e-02 1.100243534893e-02 7.584877312183e-03 5.809349473566e-03 5.747865419835e-03 1.135643571615e-02 1.091590821743e-01 1.279739141464e-01 1.335944086313e-01 1.083018481731e-01 1.096291169524e-01 8.015426248312e-02 6.089882925153e-02 4.698600992560e-02 2.842713706195e-02 7.340781390667e-02 1.459587216377e-01 2.546019256115e-01 2.594610154629e-01 2.831243574619e-01 1.555803418159e-01 2.052736878395e-01 1.873566061258e-01 1.605941802263e-01 1.408364027739e-01 1.431890279055e-01 1.077481955290e-01 1.058063283563e-01 1.273862570524e-01 1.252088546753e-01 1.147040799260e-01 1.190301403403e-01 1.247766688466e-01 1.167575195432e-01
1.481691468507e-02 1.428255066276e-02 9.898305870593e-03 1.052517909557e-02 1.070052944124e-02 1.568445563316e-02 4.764473810792e-02 1.226087436080e-01 1.224482357502e-01 2.749308198690e-02 1.142278313637e-02 6.481071002781e-03 4.594288766384e-03 4.165181424469e-03 4.274186212569e-03 5.348604172468e-03 7.367853540927e-03 1.003593765199e-02 1.297959592193e-02 1.610818505287e-02 1.891906186938e-02 2.220207266510e-02 1.495327334851e-02 1.502719521523e-02 3.585608303547e-02 1.667951941490e-01 2.873393893242e-01 3.260675370693e-01 3.133222460747e-01 3.162107169628e-01 2.083638310432e-01 1.807554662228e-01 1.534154713154e-01 1.393071413040e-01 1.956493109465e-01 1.686423122883e-01 1.398991048336e-01 8.759133517742e-02 9.429050236940e-02 7.922273129225e-02 6.977464258671e-02 6.591794639826e-02 5.758274719119e-02
1.366452127695e-02 1.229813043028e-02 9.580272249877e-03 1.067220978439e-02 1.213136874139e-02 1.592799648643e-02 1.088794693351e-01 1.237047612667e-01 1.521051675081e-01 2.122884243727e-02 1.001693587750e-02 6.243011914194e-03 4.151940811425e-03 3.368320176378e-03 3.218534169719e-03 3.395355073735e-03 4.159737378359e-03 5.479328799993e-03 7.871632464230e-03 9.175511077046e-03 1.054170168936e-02 2.111358940601e-02 1.087076496333e-02 1.001706719398e-02 3.058776259422e-02 6.828670203686e-02 2.437049746513e-01 2.704174518585e-01 2.874632477760e-01 3.069976270199e-01 2.557279169559e-01 1.980856806040e-01 1.376683115959e-01 1.765920519829e-01 1.228857710958e-01 1.081249788404e-01 8.964729309082e-02 7.410908490419e-02 6.967068463564e-02 6.855288892984e-02 7.263452559710e-02 1.029757708311e-01 1.434779614210e-01
1.157679874450e-02 9.015836752951e-03 9.413084015250e-03 1.132559590042e-02 1.755280792713e-02 2.870859578252e-02 8.712270110846e-02 1.936437785625e-01 7.483095675707e-02 1.185130141675e-02 7.292174268514e-03 5.318007897586e-03 3.789489157498e-03 2.844353439286e-03 2.602409105748e-03 2.606931608170e-03 2.839763183147e-03 3.798546036705e-03 5.229863803834e-03 5.980532616377e-03 6.213627289981e-03 1.291656401008e-02 7.721896283329e-03 8.369692601264e-03 1.881843991578e-02 6.397132575512e-02 1.731127798557e-01 2.350441068411e-01 2.440748810768e-01 1.859663277864e-01 1.434532850981e-01 2.049583792686e-01 1.401421278715e-01 9.890232235193e-02 1.098625063896e-01 1.387090086937e-01 1.255895048380e-01 8.890988677740e-02 8.301721513271e-02 8.090095221996e-02 7.841208577156e-02 8.692728728056e-02 1.078069806099e-01
8.401622995734e-03 6.913322955370e-03 8.647155016661e-03 2.029972523451e-02 4.633112624288e-02 1.072623953223e-01 1.570559442043e-01 9.891927987337e-02 1.051349379122e-02 7.185982074589e-03 5.156787578017e-03 4.246696829796e-03 3.314500674605e-03 2.710365923122e-03 2.385285217315e-03 2.485772827640e-03 2.601635642350e-03 3.142181783915e-03 4.534692503512e-03 5.578318610787e-03 5.925002507865e-03 6.278225220740e-03 6.306703202426e-03 9.423780255020e-03 2.285461500287e-02 5.974970757961e-02 7.335500419140e-02 7.328318804502e-02 1.412739902735e-01 1.639072000980e-01 1.918684393167e-01 1.223890855908e-01 1.582998931408e-01 1.162662431598e-01 1.300149410963e-01 1.535232961178e-01 3.068194687366e-01 1.936279535294e-01 1.139573454857e-01 9.342665225267e-02 9.610094130039e-02 9.442622959614e-02 9.119427949190e-02
5.423657596111e-03 5.662276875228e-03 7.159174419940e-03 9.045753628016e-03 1.992566883564e-02 1.233939975500e-01 8.024077117443e-02 1.068546343595e-02 6.249805446714e-03 5.505140870810e-03 4.618060309440e-03 3.903159173205e-03 3.057402092963e-03 2.607913222164e-03 2.322941320017e-03 2.562642330304e-03 2.656745491549e-03 2.590514486656e-03 3.729858202860e-03 4.759371280670e-03 5.377561319619e-03 5.348622333258e-03 6.704560481012e-03 1.089394744486e-02 3.392005711794e-02 6.725347042084e-02 3.990262374282e-02 5.222313478589e-02 4.858353361487e-02 2.513439357281e-01 3.655104339123e-01 1.976289600134e-01 1.085155680776e-01 1.485628038645e-01 5.868219956756e-02 6.180168688297e-02 2.291223704815e-01 1.103137657046e-01 8.990157395601e-02 6.887428462505e-02 7.076904177666e-02 7.890890538692e-02 8.502753078938e-02
4.548911005259e-03 4.946856759489e-03 5.797517951578e-03 7.332842331380e-03 8.304049260914e-03 1.154113095254e-02 1.276022288948e-02 8.699369616807e-03 4.526731092483e-03 4.672425333411e-03 4.095057025552e-03 3.750336822122e-03 3.070289967582e-03 2.480280352756e-03 2.538485219702e-03 2.588059753180e-03 2.766496501863e-03 2.746036043391e-03 3.141410648823e-03 4.033870995045e-03 4.799592774361e-03 5.099486559629e-03 5.384201649576e-03 8.946252986789e-03 2.508755400777e-02 1.550380885601e-02 1.492681447417e-02 2.451096847653e-02 5.549833923578e-02 1.099460721016e-01 1.151421591640e-01 1.453466862440e-01 2.316837757826e-01 1.243195086718e-01 1.184392720461e-01 9.211678802967e-02 9.419941902161e-02 7.981275022030e-02 4.248214885592e-02 5.300816893578e-02 5.177811905742e-02 5.586405470967e-02 7.025718688965e-02
3.574213013053e-03 4.031189251691e-03 4.802097100765e-03 5.888207349926e-03 6.329238880426e-03 7.041796576232e-03 7.450869772583e-03 4.661305341870e-03 3.967879340053e-03 4.132102243602e-03 3.851838409901e-03 3.339591436088e-03 2.788730198517e-03 2.501018578187e-03 2.478486159816e-03 2.839643508196e-03 2.782461699098e-03 2.392266876996e-03 2.776018111035e-03 3.523878054693e-03 4.171337466687e-03 4.882527515292e-03 6.917023565620e-03 7.240169215947e-03 7.355663459748e-03 1.026487629861e-02 9.991987608373e-03 2.452087774873e-02 3.429459780455e-02 4.613224789500e-02 9.577595442533e-02 1.675991863012e-01 1.244401410222e-01 2.269306331873e-01 1.451187580824e-01 8.156692981720e-02 6.778035312891e-02 6.163913384080e-02 7.410548627377e-02 6.972918659449e-02 8.689563721418e-02 8.546199649572e-02 9.939495474100e-02
3.299780422822e-03 3.266432555392e-03 3.676784923300e-03 4.169763531536e-03 4.493970423937e-03 4.427707288414e-03 4.233174026012e-03 4.075509961694e-03 4.409217741340e-03 4.357701633126e-03 4.058346152306e-03 3.534740768373e-03 2.890444360673e-03 2.563416725025e-03 2.317337552086e-03 2.267117612064e-03 2.556557999924e-03 2.592289587483e-03 2.629321767017e-03 3.173590637743e-03 3.675741842017e-03 4.337880760431e-03 6.652422714978e-03 7.477667648345e-03 8.062699809670e-03 1.672151125968e-02 2.299398556352e-02 2.954346127808e-02 4.145195707679e-02 4.479629546404e-02 9.786660224199e-02 1.857010573149e-01 8.784165978432e-02 9.358970075846e-02 1.654935181141e-01 1.398668587208e-01 9.720632433891e-02 8.258171379566e-02 1.034080982208e-01 5.322735011578e-02 7.060361653566e-02 8.561944961548e-02 1.022387444973e-01
2.711170120165e-03 3.074143081903e-03 3.228575456887e-03 3.261679084972e-03 3.652916057035e-03 3.931820858270e-03 4.235218744725e-03 3.759007435292e-03 3.620408009738e-03 3.734830999747e-03 4.011272452772e-03 3.990980330855e-03 3.433801932260e-03 2.912289695814e-03 2.760480390862e-03 2.494836924598e-03 2.149017527699e-03 2.389680128545e-03 2.705767750740e-03 2.991523128003e-03 3.285221522674e-03 3.777823178098e-03 5.661366973072e-03 5.527174565941e-03 6.122317630798e-03 1.512863393873e-02 3.233833238482e-02 4.363337904215e-02 6.137055158615e-02 3.224734216928e-02 9.496305137873e-02 4.750788584352e-02 5.098678916693e-02 5.898195132613e-02 9.410011768341e-02 1.030448973179e-01 1.333140283823e-01 1.213773787022e-01 9.035455435514e-02 7.723661512136e-02 5.918384343386e-02 6.371545046568e-02 5.131346359849e-02
2.655743155628e-03 2.936636330560e-03 2.922336803749e-03 2.972356276587e-03 3.176370635629e-03 3.533458337188e-03 3.824041457847e-03 3.415667684749e-03 2.684467704967e-03 2.867665141821e-03 3.112545702606e-03 3.645549062639e-03 3.784049302340e-03 3.143720561638e-03 2.965433988720e-03 3.591860411689e-03 3.184286411852e-03 2.592814387754e-03 2.823031274602e-03 2.939662896097e-03 3.582803299651e-03 3.977603279054e-03 4.441680852324e-03 5.484951194376e-03 6.364015396684e-03 1.103839278221e-02 2.326134964824e-02 2.771763503551e-02 3.806473314762e-02 2.156523615122e-02 4.577893763781e-02 3.507343679667e-02 5.829607695341e-02 3.566159307957e-02 7.038460671902e-02 5.254722014070e-02 8.336206525564e-02 1.022335290909e-01 9.103453904390e-02 1.227532923222e-01 1.116030812263e-01 8.924378454685e-02 7.862307876348e-02
2.557569649071e-03 2.764994045720e-03 2.659134101123e-03 2.705179853365e-03 2.717197174206e-03 2.648492576554e-03 2.933353884146e-03 2.772992942482e-03 3.316240850836e-03 3.589774016291e-03 3.258805954829e-03 3.289280459285e-03 3.617101116106e-03 3.764802357182e-03 3.448829287663e-03 4.453686065972e-03 3.964648116380e-03 3.032497595996e-03 3.047103760764e-03 3.028690814972e-03 3.480690764263e-03 3.776354016736e-03 4.258253145963e-03 5.656964145601e-03 6.647520232946e-03 9.897762909532e-03 1.487376261503e-02 1.715693622828e-02 1.843023486435e-02 2.328940480947e-02 3.888395428658e-02 5.962066724896e-02 4.020935297012e-02 9.510724991560e-02 3.349709138274e-02 4.370853304863e-02 8.916181325912e-02 1.248004287481e-01 6.108855828643e-02 6.906516849995e-02 4.402685910463e-02 8.291817456484e-02 7.318732887506e-02
2.281469525769e-03 2.465211320668e-03 2.370328409597e-03 2.327876165509e-03 2.161113079637e-03 2.187653444707e-03 2.308803377673e-03 3.049605991691e-03 3.788756439462e-03 3.893422894180e-03 3.402215195820e-03 3.754477249458e-03 4.177208524197e-03 4.062769934535e-03 4.031795077026e-03 4.189033992589e-03 4.491485189646e-03 5.253884010017e-03 4.709607921541e-03 4.229628015310e-03 4.353123717010e-03 4.682272206992e-03 5.594675429165e-03 5.752365570515e-03 6.931347306818e-03 8.521683514118e-03 1.403688639402e-02 1.397769059986e-02 2.505757659674e-02 5.068703368306e-02 6.299744546413e-02 3.220411017537e-02 3.230656310916e-02 9.684894233942e-02 5.143847689033e-02 6.331297010183e-02 5.615861713886e-02 7.278178632259e-02 5.315588787198e-02 2.037211321294e-02 1.939308643341e-02 2.618455141783e-02 5.179537832737e-02
2.099567092955e-03 2.102156402543e-03 2.087844302878e-03 2.059015678242e-03 2.115014940500e-03 2.238585846499e-03 2.378537785262e-03 2.844384638593e-03 3.189976792783e-03 3.026091959327e-03 3.570571076125e-03 3.843028098345e-03 3.732344368473e-03 3.924557939172e-03 5.371123552322e-03 7.474108133465e-03 8.471134118736e-03 1.073257531971e-02 1.070448197424e-02 1.152694784105e-02 8.227622136474e-03 7.844214327633e-03 9.096387773752e-03 7.617205381393e-03 8.696587756276e-03 1.202088594437e-02 3.602216392756e-02 3.361491113901e-02 3.246789053082e-02 4.376726970077e-02 2.461104653776e-02 2.594831958413e-02 3.468636423349e-02 1.994524709880e-02 1.078492477536e-01 1.500114500523e-01 1.339456439018e-01 3.102767281234e-02 1.469522342086e-02 1.214875839651e-02 1.187600102276e-02 1.404019072652e-02 1.481502410024e-02
1.951338141225e-03 2.024529036134e-03 1.948555815034e-03 2.097457880154e-03 2.245277166367e-03 2.568942494690e-03 2.569628646597e-03 2.975409384817e-03 3.258796641603e-03 3.787480993196e-03 3.930790815502e-03 4.667419474572e-03 4.893015138805e-03 4.527335986495e-03 1.095389295369e-02 3.931066021323e-02 3.106772899628e-02 1.848902925849e-02 2.079840749502e-02 2.589041180909e-02 1.913685724139e-02 1.006533484906e-02 1.171390432864e-02 1.467325352132e-02 1.426022313535e-02 2.659568935633e-02 3.739505261183e-02 3.311062604189e-02 2.702280692756e-02 2.439961768687e-02 2.768705226481e-02 2.576627023518e-02 1.951450295746e-02 1.628936640918e-02 2.760232053697e-02 1.268105953932e-01 1.321338415146e-01 2.725281752646e-02 9.701280854642e-03 9.882543236017e-03 8.895089849830e-03 8.547278121114e-03 1.405045669526e-02
1.956477528438e-03 2.108226064593e-03 2.667939988896e-03 2.981865778565e-03 2.735641552135e-03 4.534553270787e-03 5.331421270967e-03 5.421624518931e-03 4.584257956594e-03 4.481301177293e-03 4.923468455672e-03 6.189160980284e-03 6.171424407512e-03 2.275949344039e-02 1.607915610075e-01 2.024506032467e-01 9.444382041693e-02 5.388100072742e-02 4.308428242803e-02 3.363246470690e-02 1.606706902385e-02 1.599440723658e-02 3.486477956176e-02 7.438150048256e-02 6.099348142743e-02 3.251878172159e-02 3.799996152520e-02 3.094767406583e-02 3.277122974396e-02 2.258463203907e-02 5.584584176540e-02 2.237095311284e-02 1.724700629711e-02 1.219254266471e-02 8.095709607005e-03 2.613193169236e-02 2.884468995035e-02 7.059362251312e-03 4.746229853481e-03 5.585183855146e-03 6.905470974743e-03 7.719547022134e-03 7.218475453556e-03
2.398695796728e-03 3.772380528972e-03 5.142169538885e-03 5.587791092694e-03 7.205466274172e-03 9.579611942172e-03 9.411945939064e-03 8.302213624120e-03 7.137930486351e-03 5.504449829459e-03 6.646642461419e-03 7.351160515100e-03 4.091171175241e-02 2.255943119526e-01 3.085294067860e-01 1.075913161039e-01 3.391785174608e-02 2.076118253171e-02 2.114783227444e-02 1.850231923163e-02 1.771507412195e-02 4.033651202917e-02 7.951880991459e-02 1.055815815926e-01 8.493409305811e-02 4.368691891432e-02 3.014906495810e-02 2.213768288493e-02 2.006075903773e-02 1.785980351269e-02 2.402144670486e-02 1.107230409980e-02 1.251774746925e-02 1.014825794846e-02 6.376044359058e-03 3.781218314543e-03 3.119308501482e-03 3.038766793907e-03 3.191557945684e-03 3.974889405072e-03 5.337214563042e-03 6.749601569027e-03 6.905041169375e-03
3.972129430622e-03 5.938637536019e-03 7.888536900282e-03 1.058213412762e-02 2.048131078482e-02 2.025085315108e-02 2.832800149918e-02 2.047724276781e-02 2.327968552709e-02 1.382851414382e-02 7.760174572468e-03 5.336506292224e-02 2.149827778339e-01 2.140208780766e-01 5.600747838616e-02 1.683194935322e-02 3.125114366412e-02 4.127717018127e-02 2.916917018592e-02 3.391177952290e-02 4.098699614406e-02 4.121098667383e-02 6.011230126023e-02 4.912935942411e-02 3.320871293545e-02 2.589319273829e-02 1.614278554916e-02 6.264576222748e-03 6.450912915170e-03 6.362212821841e-03 8.149630390108e-03 5.962000228465e-03 5.251933820546e-03 3.630481194705e-03 3.711856668815e-03 3.780480241403e-03 3.902323544025e-03 4.096254706383e-03 4.356647375971e-03 4.692453891039e-03 4.744871985167e-03 5.666010547429e-03 7.178834639490e-03
