VariationalSeries/SI/f113_max.grd
DSAA
101	101
32.816463539100	34.260883539100
35.556306596100	36.727886596100
3.197822297807e-05	5.283891201019e+00
[rows 76 to 94 of 101, columns 43 to 85 of 101]
8.120728656650e-03 6.894864607602e-03 1.264489721507e-02 3.181410580873e-02 3.409969434142e-02 6.793210655451e-02 1.083690002561e-01 1.218165606260e-01 7.543280720711e-02 2.110143564641e-02 7.647605240345e-02 1.714455783367e-01 1.281555593014e-01 3.325358405709e-02 1.499088481069e-02 2.125600352883e-02 2.244706638157e-02 1.149544306099e-02 1.075489819050e-02 1.339212805033e-02 4.929850250483e-02 1.127881556749e-01 2.655839920044e-02 1.792987994850e-02 1.308483351022e-02 8.771733380854e-03 4.462502896786e-03 3.836575895548e-03 3.737047547475e-03 3.524055937305e-03 3.330198582262e-03 3.471591509879e-03 3.655637847260e-03 3.878200193867e-03 3.916847985238e-03 3.644670592621e-03 3.342332318425e-03 3.123779315501e-03 2.971094101667e-03 2.880732063204e-03 3.219642443582e-03 4.933914169669e-03 6.729700136930e-03
1.318563707173e-02 1.777160540223e-02 2.272813022137e-02 2.374858409166e-02 3.267328441143e-02 4.514588415623e-02 5.823669955134e-02 5.488397553563e-02 8.803942799568e-02 1.284544318914e-01 1.273408234119e-01 6.111896038055e-02 4.318621754646e-02 3.844180330634e-02 2.478346228600e-02 2.632302604616e-02 7.295173127204e-03 4.505232907832e-03 5.513735115528e-03 6.171218119562e-03 4.679637961090e-03 5.601607263088e-03 8.868253789842e-03 8.920866064727e-03 8.094696328044e-03 4.964921157807e-03 2.435876056552e-03 2.186215948313e-03 2.540601883084e-03 2.927305875346e-03 3.122728783637e-03 3.191345604137e-03 3.174252109602e-03 3.035034751520e-03 2.639361191541e-03 2.117994939908e-03 1.696371007711e-03 1.676907180808e-03 1.777467783540e-03 2.071579452604e-03 2.602464053780e-03 4.440070595592e-03 5.940719041973e-03
2.792521752417e-02 4.217258468270e-02 2.793102525175e-02 1.316666416824e-02 1.528423186392e-02 5.590557679534e-02 1.568009257317e-01 2.087625414133e-01 1.564222723246e-01 7.719743996859e-02 4.148112609982e-02 2.669372223318e-02 1.928095333278e-02 3.105220757425e-02 2.582253701985e-02 9.598570875823e-03 3.201913321391e-03 2.924926811829e-03 3.041561925784e-03 4.118365701288e-03 3.074859268963e-03 2.802895614877e-03 3.241966012865e-03 3.660729154944e-03 3.317068330944e-03 3.021650947630e-03 2.449550200254e-03 2.548624295741e-03 2.144235651940e-03 2.450433559716e-03 2.564887050539e-03 2.390083158389e-03 2.290080767125e-03 2.213313244283e-03 1.558945863508e-03 1.501508057117e-03 1.594644389115e-03 1.588606508449e-03 1.555589609779e-03 1.650145044550e-03 2.018105238676e-03 3.854084992781e-03 5.652884487063e-03
3.973213955760e-02 4.629530385137e-02 1.563330367208e-02 1.620637997985e-02 5.742412805557e-02 1.028030663729e-01 1.060680001974e-01 9.110993891954e-02 7.620345056057e-02 3.593821823597e-02 3.175168111920e-02 3.845395892859e-02 2.373264729977e-02 1.497010607272e-02 6.575518287718e-03 3.544257255271e-03 2.246218267828e-03 2.157437382266e-03 2.072120085359e-03 2.583701862022e-03 2.299814485013e-03 2.300771418959e-03 2.140310592949e-03 2.115034498274e-03 2.047597896308e-03 2.090118359774e-03 2.020118292421e-03 2.054133219644e-03 2.209738362581e-03 2.116719959304e-03 2.144582569599e-03 1.767099136487e-03 1.957347849384e-03 2.053731819615e-03 1.635023858398e-03 1.245531369932e-03 1.490312744863e-03 1.585728372447e-03 1.592407003045e-03 1.564670819789e-03 1.611054991372e-03 2.071324503049e-03 3.484498476610e-03
1.735745184124e-02 2.872333675623e-02 4.146102443337e-02 5.380119010806e-02 5.915180593729e-02 4.859315603971e-02 5.446250736713e-02 6.755951792002e-02 9.642957150936e-02 3.728447854519e-02 3.882880508900e-02 2.354761399329e-02 9.484612382948e-03 4.011760931462e-03 2.776400418952e-03 2.256627427414e-03 2.023582113907e-03 1.824231818318e-03 1.671292120591e-03 1.581674441695e-03 1.756781479344e-03 1.355806482024e-03 1.373952021822e-03 1.368872006424e-03 1.443607150577e-03 1.516031334177e-03 1.529674394988e-03 1.400981796905e-03 1.205226872116e-03 1.446387497708e-03 1.408439129591e-03 1.367636839859e-03 1.534741953947e-03 1.712620607577e-03 1.575400936417e-03 1.235289848410e-03 1.384590170346e-03 1.554631046019e-03 1.596367452294e-03 1.620724797249e-03 1.879260293208e-03 2.255803905427e-03 2.840552944690e-03
1.917109638453e-02 5.829581990838e-02 1.080423966050e-01 6.316467374563e-02 4.073644801974e-02 7.104295492172e-02 9.463245421648e-02 1.272865384817e-01 6.204558908939e-02 3.188173472881e-02 1.503589935601e-02 8.709729649127e-03 3.681561211124e-03 2.359379548579e-03 1.665557618253e-03 1.402240479365e-03 1.287806197070e-03 1.196739845909e-03 1.228391309269e-03 1.308744773269e-03 1.350050442852e-03 1.252153073438e-03 1.212743576616e-03 1.301977201365e-03 1.555270282552e-03 1.811308669858e-03 1.980745000765e-03 1.924944692291e-03 1.520496327430e-03 1.177211990580e-03 1.174099394120e-03 1.083602895960e-03 1.100444002077e-03 1.375159597956e-03 1.423908630386e-03 1.327719655819e-03 1.259178156033e-03 1.474958611652e-03 1.557018607855e-03 1.572608831339e-03 1.802440034226e-03 2.496467437595e-03 3.377920947969e-03
3.602652624249e-02 1.130469590425e-01 8.644933998585e-02 7.049832493067e-02 7.723467797041e-02 7.394047081470e-02 5.169942602515e-02 4.988932237029e-02 3.917114809155e-02 2.002848684788e-02 7.269463501871e-03 4.509130027145e-03 2.449738094583e-03 1.574180671014e-03 1.264144084416e-03 1.037318026647e-03 1.036487985402e-03 1.107073388994e-03 1.081640366465e-03 1.038309652358e-03 1.128223259002e-03 1.163145992905e-03 1.123433001339e-03 1.126217073761e-03 1.417664694600e-03 1.740065519698e-03 1.975703286007e-03 1.970728393644e-03 1.600413001142e-03 1.091357553378e-03 1.140689593740e-03 1.181201660074e-03 9.657404152676e-04 1.012399559841e-03 1.207133289427e-03 1.347916666418e-03 1.362008508295e-03 1.349906902760e-03 1.475495984778e-03 1.540121040307e-03 1.529106055386e-03 1.734872930683e-03 2.192809712142e-03
4.853215068579e-02 8.232141286135e-02 4.908623918891e-02 2.987026982009e-02 1.993355527520e-02 2.448868006468e-02 2.131681703031e-02 2.545883879066e-02 2.160043641925e-02 7.523984648287e-03 5.250775720924e-03 3.129026154056e-03 2.599160186946e-03 1.929066842422e-03 1.203895662911e-03 9.798220125958e-04 1.065707067028e-03 1.074997708201e-03 9.789492469281e-04 9.305034182034e-04 1.079556299374e-03 1.181940664537e-03 1.236745738424e-03 1.193730626255e-03 1.106124487706e-03 1.321691088378e-03 1.475005410612e-03 1.461896346882e-03 1.208477886394e-03 9.808763861656e-04 1.013424713165e-03 1.112417085096e-03 1.061448012479e-03 9.034294052981e-04 9.198270272464e-04 1.101900823414e-03 1.224767067470e-03 1.197407022119e-03 1.362245297059e-03 1.479272032157e-03 1.506764208898e-03 1.589097431861e-03 1.783497165889e-03
6.896106153727e-02 5.707024037838e-02 1.843941025436e-02 1.399584114552e-02 1.484186109155e-02 8.910130709410e-03 1.253538578749e-02 2.044363692403e-02 1.362315844744e-02 6.638742983341e-03 4.964763764292e-03 2.786858007312e-03 2.714183414355e-03 2.572114579380e-03 1.609571743757e-03 1.273066154681e-03 1.080190762877e-03 1.034119864926e-03 8.918121457100e-04 8.969556074589e-04 1.085284748115e-03 1.301351236179e-03 1.430750475265e-03 1.336711575277e-03 1.141794491559e-03 9.796769591048e-04 1.074137166142e-03 1.147856353782e-03 1.141477492638e-03 1.211231341586e-03 1.088610966690e-03 1.002437435091e-03 1.019305316731e-03 9.245272958651e-04 8.881801040843e-04 1.071906648576e-03 1.172011601739e-03 1.141680520959e-03 1.226772903465e-03 1.379973138683e-03 1.446916605346e-03 1.621592673473e-03 2.046013483778e-03
1.090791225433e-01 4.789124429226e-02 9.426341392100e-03 6.730589084327e-03 5.172265693545e-03 6.328606512398e-03 6.816552020609e-03 1.534223742783e-02 1.553864870220e-02 9.474103339016e-03 4.725046921521e-03 2.700060373172e-03 2.335790544748e-03 2.439785515890e-03 2.001526998356e-03 1.231300411746e-03 1.073695602827e-03 9.948128135875e-04 8.268371457234e-04 8.866607677191e-04 1.110816723667e-03 1.450513722375e-03 1.582060591318e-03 1.405000220984e-03 1.179864979349e-03 1.038979040459e-03 1.111362362280e-03 1.237909309566e-03 1.292755128816e-03 1.267058076337e-03 1.173772849143e-03 9.712208993733e-04 1.114332582802e-03 9.268294088542e-04 8.647567010485e-04 9.434201056138e-04 1.185959903523e-03 1.305823097937e-03 1.391269266605e-03 1.581490389071e-03 1.816391595639e-03 1.885942183435e-03 1.833409303799e-03
9.395719319582e-02 2.891501970589e-02 7.171869743615e-03 4.046036861837e-03 3.697468433529e-03 4.290631506592e-03 7.929392158985e-03 1.014380436391e-02 1.217962708324e-02 8.503207936883e-03 5.593425594270e-03 3.134124679491e-03 2.049150411040e-03 1.764106331393e-03 1.688629155979e-03 1.426212955266e-03 1.239633071236e-03 1.361924107186e-03 1.136405975558e-03 9.786686860025e-04 1.220606965944e-03 1.630478887819e-03 1.697495114058e-03 1.425719354302e-03 1.210393267684e-03 1.102744368836e-03 1.162298722193e-03 1.304850680754e-03 1.408673007973e-03 1.314558438025e-03 1.157978666015e-03 9.580188198015e-04 1.136772567406e-03 8.804136305116e-04 8.527466561645e-04 8.159390999936e-04 8.908683666959e-04 1.173718366772e-03 1.495312666520e-03 1.925443764776e-03 2.351011149585e-03 2.518922090530e-03 2.547642914578e-03
4.945037141442e-02 9.067261591554e-03 4.274016246200e-03 3.724117996171e-03 3.113600891083e-03 3.170809242874e-03 5.114492960274e-03 2.834195271134e-03 7.395822554827e-03 1.117846928537e-02 7.947705686092e-03 6.046095397323e-03 3.023365046829e-03 1.859704032540e-03 1.589131890796e-03 1.607718877494e-03 1.704885973595e-03 1.532759633847e-03 1.353257219307e-03 1.194107695483e-03 1.460069091991e-03 1.793883158825e-03 1.727418042719e-03 1.454511424527e-03 1.298019895330e-03 1.221198821440e-03 1.228344393894e-03 1.370198675431e-03 1.488586072810e-03 1.426310744137e-03 1.192559837364e-03 9.436713298783e-04 1.072713988833e-03 9.716471540742e-04 8.458683732897e-04 8.409616420977e-04 8.103222353384e-04 8.473686757497e-04 1.081073540263e-03 1.652794308029e-03 2.257298678160e-03 2.632098272443e-03 2.847205847502e-03
1.338605675846e-02 5.182423163205e-03 3.360863775015e-03 3.213096177205e-03 2.502881688997e-03 2.273562829942e-03 2.300050342456e-03 2.161680255085e-03 2.690348075703e-03 9.219712577760e-03 1.022279262543e-02 1.496816053987e-02 9.579109959304e-03 3.443697700277e-03 2.137867035344e-03 1.782395062037e-03 1.935247913934e-03 2.289375988767e-03 2.132579451427e-03 1.707628485747e-03 1.664185547270e-03 1.864677527919e-03 1.676519284956e-03 1.446927781217e-03 1.361599890515e-03 1.348167541437e-03 1.373820123263e-03 1.400390756316e-03 1.522924052551e-03 1.529834233224e-03 1.319587230682e-03 1.017765607685e-03 1.006132224575e-03 1.006321050227e-03 9.438009001315e-04 9.668269776739e-04 9.573677671142e-04 9.406918543391e-04 9.284474654123e-04 9.542279294692e-04 1.284596160986e-03 1.710890675895e-03 2.017170190811e-03
4.775450099260e-03 2.977854805067e-03 3.010943066329e-03 2.624539658427e-03 2.134824870154e-03 1.937094959430e-03 1.680221990682e-03 1.676636165939e-03 1.978952204809e-03 3.820693818852e-03 1.525948010385e-02 3.745897486806e-02 2.570611052215e-02 8.198233321309e-03 3.604644443840e-03 2.238727873191e-03 2.014524303377e-03 2.416287548840e-03 2.340160775930e-03 2.459052484483e-03 2.366660628468e-03 1.950994716026e-03 1.743976026773e-03 1.564414124005e-03 1.516332733445e-03 1.527333166450e-03 1.524382387288e-03 1.484694425017e-03 1.526115229353e-03 1.609679777175e-03 1.455523306504e-03 1.063930103555e-03 9.804494911805e-04 9.662762167864e-04 1.018315786496e-03 1.093219849281e-03 1.144253648818e-03 1.160213840194e-03 1.150513300672e-03 1.108770724386e-03 1.112662255764e-03 1.170472707599e-03 1.207647495903e-03
4.330001305789e-03 2.464081160724e-03 2.679758938029e-03 2.049307804555e-03 1.669390010647e-03 1.573180663399e-03 1.378425979055e-03 1.424151821993e-03 1.426825416274e-03 2.649578265846e-03 1.155878230929e-02 3.117375448346e-02 2.822994254529e-02 1.819166541100e-02 4.398959688842e-03 2.439551521093e-03 1.856869203039e-03 2.672063419595e-03 3.171376651153e-03 2.974413568154e-03 2.432470442727e-03 1.901770010591e-03 1.882492331788e-03 1.770226634108e-03 1.710479264148e-03 1.670683268458e-03 1.599023002200e-03 1.458579907194e-03 1.538317534141e-03 1.625113189220e-03 1.432544551790e-03 1.104638213292e-03 1.143424538895e-03 1.106247073039e-03 1.048694248311e-03 1.021392527036e-03 1.091344631277e-03 1.133509562351e-03 1.121795154177e-03 1.049695536494e-03 1.165719702840e-03 1.376091502607e-03 1.525239087641e-03
5.336672533303e-03 2.794055966660e-03 2.351453294978e-03 1.818366930820e-03 1.363652176224e-03 1.286358572543e-03 1.322637079284e-03 1.291350461543e-03 1.295643043704e-03 1.657138695009e-03 4.391194786876e-03 1.603338494897e-02 5.827607586980e-02 4.497013613582e-02 7.541358005255e-03 2.850540447980e-03 3.137729130685e-03 3.346734913066e-03 2.975208917633e-03 2.367377979681e-03 1.922800438479e-03 1.961462432519e-03 2.078658202663e-03 2.012477256358e-03 1.875118352473e-03 1.700986642390e-03 1.471489318646e-03 1.357578323223e-03 1.589267980307e-03 1.634448883124e-03 1.465807668865e-03 1.628092955798e-03 1.631817431189e-03 1.542993122712e-03 1.387543161400e-03 1.078625209630e-03 9.081799071282e-04 9.053972316906e-04 9.303571423516e-04 9.998166933656e-04 1.174672506750e-03 1.463882741518e-03 1.813087495975e-03
5.650021601468e-03 3.171292133629e-03 2.378733828664e-03 1.586659927852e-03 1.192947616801e-03 1.251186360605e-03 1.235739327967e-03 1.254397211596e-03 1.129016745836e-03 1.268089516088e-03 2.483050571755e-03 8.157700300217e-03 2.831789106131e-02 2.495834231377e-02 8.335173130035e-03 4.743272904307e-03 3.897829679772e-03 3.023583441973e-03 2.328640548512e-03 1.863673212938e-03 1.856491435319e-03 1.980453729630e-03 2.105240942910e-03 2.001618733630e-03 1.728510716930e-03 1.402089023031e-03 1.170282717794e-03 1.274223905057e-03 1.597592025064e-03 1.679898938164e-03 1.737604849041e-03 1.909140613861e-03 1.895231893286e-03 1.765008433722e-03 1.499987789430e-03 1.129332813434e-03 1.157144200988e-03 1.201530569233e-03 1.272916328162e-03 1.333516906016e-03 1.350061036646e-03 1.506668166257e-03 1.943651470356e-03
5.281257443130e-03 2.835656283423e-03 2.001071814448e-03 1.246174098924e-03 1.145454007201e-03 1.235501025803e-03 1.193590811454e-03 1.032780855894e-03 8.210542728193e-04 1.144020352513e-03 2.112633781508e-03 3.610178828239e-03 9.988772682846e-03 1.186230499297e-02 8.587916381657e-03 5.257656797767e-03 3.323948010802e-03 2.361438469961e-03 2.187324222177e-03 2.123758895323e-03 1.912062871270e-03 1.807781169191e-03 1.748308190145e-03 1.535708550364e-03 1.211206777953e-03 1.090117264539e-03 1.075330423191e-03 1.148398150690e-03 1.489895745181e-03 1.666733413003e-03 1.234864117578e-03 1.341461087577e-03 1.341465744190e-03 1.254136906937e-03 1.220465870574e-03 1.334062195383e-03 1.442044274881e-03 1.584950368851e-03 1.740538631566e-03 1.828128588386e-03 1.794864190742e-03 1.672301092185e-03 1.907668658532e-03
4.717815667391e-03 2.097157295793e-03 1.438357052393e-03 8.933205972426e-04 1.072447048500e-03 1.189866103232e-03 1.139948493801e-03 9.409782942384e-04 6.953646661714e-04 1.029816572554e-03 1.898530870676e-03 2.938152058050e-03 6.949560716748e-03 8.910045959055e-03 6.923905108124e-03 4.098380450159e-03 2.536541316658e-03 2.352657495067e-03 2.314584562555e-03 1.940134330653e-03 1.542276702821e-03 1.288044266403e-03 1.126846065745e-03 9.441010770388e-04 8.939835825004e-04 8.790559368208e-04 8.814476896077e-04 9.763890993781e-04 1.298148999922e-03 1.519114477560e-03 1.179568702355e-03 9.259915677831e-04 8.808856946416e-04 1.125653740019e-03 1.331736799330e-03 1.512790098786e-03 1.722668181174e-03 1.983733149245e-03 2.228496130556e-03 2.327990485355e-03 2.214179141447e-03 1.952077844180e-03 1.880592084490e-03
