VariationalSeries/SI/f113_max.grd
DSAA
101	101
32.816463539100	34.260883539100
35.556306596100	36.727886596100
3.197822297807e-05	5.283891201019e+00
[rows 57 to 75 of 101, columns 0 to 42 of 101]
1.773980911821e-03 2.914160024375e-03 3.165698843077e-03 3.169090021402e-03 3.351921448484e-03 4.098687786609e-03 4.588158335537e-03 5.030015949160e-03 5.443466827273e-03 5.563073325902e-03 5.351797677577e-03 7.502034772187e-03 1.285546459258e-02 7.028297055513e-03 5.114930681884e-03 7.711713667959e-03 6.905475165695e-03 7.755585480481e-03 9.375572204590e-03 9.752519428730e-03 1.005767192692e-02 7.514287251979e-03 5.224259570241e-03 4.594412632287e-03 4.983168095350e-03 6.901418790221e-03 1.102727465332e-02 1.367748621851e-02 1.069478411227e-02 6.239162292331e-03 4.887735936791e-03 3.845572471619e-03 4.029979463667e-03 4.845136776567e-03 5.729389376938e-03 7.356707938015e-03 8.478176780045e-03 9.139715693891e-03 1.510368846357e-02 1.979001984000e-02 1.697295345366e-02 1.505370531231e-02 1.692662946880e-02
2.243387745693e-03 3.672569058836e-03 4.195467103273e-03 4.258257802576e-03 4.212107509375e-03 4.097334109247e-03 4.089451860636e-03 4.282997921109e-03 4.461711738259e-03 7.252787705511e-03 2.354027889669e-02 2.726393751800e-02 1.018754579127e-02 5.294315982610e-03 5.315782967955e-03 4.942510742694e-03 5.342861637473e-03 5.321131087840e-03 6.081323605031e-03 7.704963441938e-03 9.338573552668e-03 9.976207278669e-03 6.976642645895e-03 4.388316534460e-03 5.053172353655e-03 7.709115743637e-03 1.164212450385e-02 1.247232686728e-02 1.263657584786e-02 8.036689832807e-03 4.850164055824e-03 4.403729923069e-03 4.214684944600e-03 5.045317113400e-03 5.958818364888e-03 6.172059569508e-03 6.348798051476e-03 6.610224954784e-03 6.667951587588e-03 7.196692284197e-03 8.680912666023e-03 1.187281124294e-02 1.367165707052e-02
2.999966498464e-03 4.932720679790e-03 5.707653239369e-03 8.121051825583e-03 1.043493673205e-02 1.325023453683e-02 1.744170114398e-02 2.544570900500e-02 4.670056700706e-02 6.595626473427e-02 4.387203976512e-02 1.116776000708e-02 7.549630012363e-03 6.605473812670e-03 4.803626798093e-03 5.043474957347e-03 5.329987034202e-03 5.243569612503e-03 5.004478152841e-03 5.347908940166e-03 9.009393863380e-03 1.021105796099e-02 7.243206724524e-03 4.166471306235e-03 3.266281913966e-03 5.037183873355e-03 7.142798043787e-03 7.382259704173e-03 7.702346891165e-03 6.264560390264e-03 4.369377158582e-03 4.599981475621e-03 4.355750977993e-03 4.889255855232e-03 5.902227014303e-03 6.120629608631e-03 5.837112199515e-03 5.357294809073e-03 4.932639189065e-03 5.521914456040e-03 7.046533748507e-03 9.027817286551e-03 1.195102930069e-02
2.931429771706e-03 5.261916667223e-03 9.192405268550e-03 1.314875669777e-02 1.665570959449e-02 2.206795290112e-02 3.212482854724e-02 4.799286276102e-02 4.824630916119e-02 2.232013642788e-02 5.391252227128e-03 6.287290249020e-03 6.838742643595e-03 6.076776422560e-03 5.445597227663e-03 5.715997889638e-03 5.726414732635e-03 5.493041593581e-03 4.277904983610e-03 4.183609504253e-03 6.489688064903e-03 7.240776438266e-03 5.374846514314e-03 3.364291973412e-03 2.586634363979e-03 2.795599400997e-03 3.749138442799e-03 4.638489335775e-03 5.433716345578e-03 4.697618540376e-03 4.297893960029e-03 4.020540975034e-03 4.292413126677e-03 4.755279049277e-03 5.707892589271e-03 5.854134913534e-03 5.303042475134e-03 4.544037394226e-03 4.156661685556e-03 4.621115513146e-03 6.813190877438e-03 8.576341904700e-03 1.093748118728e-02
1.775960554369e-03 3.096263157204e-03 3.785741282627e-03 3.985342103988e-03 3.992650657892e-03 3.974991384894e-03 3.939967602491e-03 3.855413058773e-03 3.781572449952e-03 3.698199754581e-03 3.470144700259e-03 3.655905835330e-03 3.999742679298e-03 5.117601249367e-03 5.755432881415e-03 6.010693963617e-03 5.783401429653e-03 5.129622295499e-03 3.787688678131e-03 3.019359195605e-03 3.634512191638e-03 3.771240590140e-03 2.975881099701e-03 2.207073150203e-03 1.944524701685e-03 2.123243175447e-03 2.726890146732e-03 3.279560245574e-03 3.905498189852e-03 4.205322358757e-03 3.980692941695e-03 3.557692747563e-03 4.126900807023e-03 4.997079726309e-03 5.965801887214e-03 5.776104517281e-03 4.801988136023e-03 3.809621324763e-03 4.213416017592e-03 4.718684591353e-03 7.032474037260e-03 8.733192458749e-03 1.030698698014e-02
8.341066422872e-04 1.555011025630e-03 2.017195802182e-03 2.228362718597e-03 2.310480922461e-03 2.377792960033e-03 2.442076802254e-03 2.489404054359e-03 2.563644666225e-03 2.638107631356e-03 2.585360547528e-03 2.430558903143e-03 2.475504996255e-03 3.286588937044e-03 3.866721410304e-03 4.070123657584e-03 3.702257992700e-03 3.293162910268e-03 2.780759474263e-03 2.360445447266e-03 1.938789384440e-03 1.808903412893e-03 1.493106130511e-03 1.652041566558e-03 1.948616001755e-03 2.049722010270e-03 2.261110814288e-03 2.724952762946e-03 3.306001890451e-03 3.617579583079e-03 3.565070684999e-03 3.367154160514e-03 4.122435115278e-03 5.536927841604e-03 6.435795687139e-03 5.812868475914e-03 4.362827166915e-03 3.754627425224e-03 4.319250583649e-03 5.080930422992e-03 6.824300624430e-03 7.703874725848e-03 8.885065093637e-03
5.740443593822e-04 9.669331484474e-04 1.200922182761e-03 1.367605407722e-03 1.471559517086e-03 1.562320278026e-03 1.649319077842e-03 1.722055021673e-03 1.809222507291e-03 1.898538088426e-03 1.910536084324e-03 1.849165186286e-03 1.778770005330e-03 1.715719001368e-03 1.728757517412e-03 1.960446592420e-03 2.067325636744e-03 2.039337297902e-03 1.871413202025e-03 1.789374160580e-03 1.544959959574e-03 1.449414296076e-03 1.272030174732e-03 1.682411995716e-03 2.073777373880e-03 2.272039651871e-03 2.259951783344e-03 2.239723689854e-03 2.730889711529e-03 3.037946764380e-03 3.112192731351e-03 3.094231011346e-03 4.186884034425e-03 5.860107019544e-03 6.467516999692e-03 5.400188267231e-03 3.818564815447e-03 3.774902550504e-03 4.516949411482e-03 5.073256790638e-03 5.893296562135e-03 6.780831608921e-03 6.962295621634e-03
4.643121210393e-04 7.909509004094e-04 9.971797699109e-04 1.096833730116e-03 1.167952548712e-03 1.228249981068e-03 1.272519933991e-03 1.280961441807e-03 1.325049088337e-03 1.376289757900e-03 1.387263648212e-03 1.364137395285e-03 1.341020222753e-03 1.310451771133e-03 1.359267858788e-03 1.561690238304e-03 1.659868867137e-03 1.637802342884e-03 1.514675328508e-03 1.412687241100e-03 1.500515732914e-03 1.456753816456e-03 1.264101942070e-03 1.679723500274e-03 2.118990290910e-03 2.387987682596e-03 2.420412609354e-03 2.345029264688e-03 2.404613886029e-03 2.635880606249e-03 2.745831385255e-03 2.888869261369e-03 4.165974445641e-03 5.734378471971e-03 5.905498750508e-03 4.645667038858e-03 3.544923150912e-03 3.881539218128e-03 4.731045104563e-03 4.997833166271e-03 5.224153865129e-03 5.648983642459e-03 5.185598973185e-03
4.470107669476e-04 7.161430548877e-04 9.086815989576e-04 9.976781439036e-04 1.036039902829e-03 1.068940968253e-03 1.080656773411e-03 1.061569899321e-03 1.066531636752e-03 1.080063753761e-03 1.085573923774e-03 1.126941875555e-03 1.159638399258e-03 1.186185050756e-03 1.217753509991e-03 1.268275664188e-03 1.355996006168e-03 1.372104045004e-03 1.385369338095e-03 1.332323998213e-03 1.378231798299e-03 1.440241932869e-03 1.278753625229e-03 1.591659616679e-03 2.010665135458e-03 2.289904514328e-03 2.339361235499e-03 2.292613033205e-03 2.418651012704e-03 2.489082282409e-03 2.536448882893e-03 2.701919293031e-03 3.908790647984e-03 5.148937460035e-03 5.002273246646e-03 3.991224803030e-03 3.455951344222e-03 4.162157420069e-03 4.790402948856e-03 4.675061441958e-03 4.545334260911e-03 4.582480061799e-03 4.210230894387e-03
4.187660815660e-04 6.648138514720e-04 8.343387162313e-04 9.096200228669e-04 9.418166591786e-04 9.655349422246e-04 9.681404917501e-04 9.471016819589e-04 9.433297673240e-04 1.014499808662e-03 1.075801090337e-03 1.131064258516e-03 1.179948332720e-03 1.221030252054e-03 1.258303760551e-03 1.294422778301e-03 1.321142539382e-03 1.325397752225e-03 1.299158553593e-03 1.266647479497e-03 1.269587199204e-03 1.389765297063e-03 1.313829561695e-03 1.444530091248e-03 1.799524412490e-03 2.046485431492e-03 2.371596405283e-03 2.588909352198e-03 2.598633291200e-03 2.514631254598e-03 2.458919072524e-03 2.514594933018e-03 3.436372848228e-03 4.290413577110e-03 4.109097179025e-03 3.558621741831e-03 3.733518067747e-03 4.236360546201e-03 4.531174898148e-03 4.109818954021e-03 3.809389425442e-03 3.619870170951e-03 3.602529643103e-03
3.862475859933e-04 6.121478509158e-04 7.669747574255e-04 8.387570851482e-04 8.690514951013e-04 8.820674265735e-04 8.755659800954e-04 8.688140078448e-04 8.843741379678e-04 9.602546924725e-04 1.028617029078e-03 1.092692022212e-03 1.151551026851e-03 1.200877595693e-03 1.239132019691e-03 1.264015212655e-03 1.267253304832e-03 1.374011975713e-03 1.402991008945e-03 1.302014687099e-03 1.187427900732e-03 1.275320537388e-03 1.301533891819e-03 1.298795803450e-03 1.583896460943e-03 1.788550522178e-03 2.163569675758e-03 2.514157677069e-03 2.596973674372e-03 2.511783037335e-03 2.409965265542e-03 2.382006961852e-03 2.743882825598e-03 3.329364815727e-03 3.267822787166e-03 3.019289579242e-03 3.229627851397e-03 3.590737469494e-03 3.714438527822e-03 3.231914713979e-03 2.987413899973e-03 2.768801525235e-03 2.716897055507e-03
3.588333493099e-04 5.696326261386e-04 7.165780989453e-04 7.880019256845e-04 8.141394937411e-04 8.157527190633e-04 8.027469157241e-04 8.033018093556e-04 8.354253950529e-04 8.677377481945e-04 9.352378547192e-04 1.001690397970e-03 1.063216361217e-03 1.115050981753e-03 1.152585609816e-03 1.201629405841e-03 1.321612740867e-03 1.487610745244e-03 1.561067881994e-03 1.518817036413e-03 1.390204532072e-03 1.236680429429e-03 1.270037144423e-03 1.286559156142e-03 1.411321340129e-03 1.575565198436e-03 1.623668009415e-03 1.957038417459e-03 2.214564243332e-03 2.292977878824e-03 2.265403047204e-03 2.297977684066e-03 2.369074849412e-03 2.447156002745e-03 2.425844781101e-03 2.345508197322e-03 2.483665477484e-03 2.884477376938e-03 3.069751663134e-03 2.523630391806e-03 2.254769671708e-03 2.013462129980e-03 2.218255540356e-03
3.389852936380e-04 5.396956112236e-04 6.815422093496e-04 7.492163567804e-04 7.672510109842e-04 7.611003238708e-04 7.479859632440e-04 7.430592086166e-04 7.680950220674e-04 8.009863668121e-04 8.129411144182e-04 8.774354355410e-04 9.367457241751e-04 9.876111289486e-04 1.032628701068e-03 1.149818766862e-03 1.344070304185e-03 1.533553120680e-03 1.662089140154e-03 1.700866967440e-03 1.654333202168e-03 1.555735827424e-03 1.436886261217e-03 1.327475416474e-03 1.278108917177e-03 1.411402598023e-03 1.439290354028e-03 1.378826680593e-03 1.686706789769e-03 1.935376203619e-03 2.099773613736e-03 2.221339847893e-03 2.295548794791e-03 2.221188973635e-03 1.995366532356e-03 1.953881001100e-03 2.195265376940e-03 2.736319554970e-03 3.171035554260e-03 2.848339965567e-03 2.096892101690e-03 1.875842572190e-03 2.131984103471e-03
3.317533701193e-04 5.273355054669e-04 6.634351448156e-04 7.231658091769e-04 7.325886981562e-04 7.222289568745e-04 7.153747719713e-04 7.250992930494e-04 7.229552138597e-04 7.302417652681e-04 7.445176597685e-04 8.229115628637e-04 9.052600944415e-04 9.907055646181e-04 1.066316850483e-03 1.175437355414e-03 1.366591081023e-03 1.560283475555e-03 1.734633231536e-03 1.842686557211e-03 1.861249213107e-03 1.815184368752e-03 1.736713340506e-03 1.656664535403e-03 1.609739847481e-03 1.579590374604e-03 1.521836733446e-03 1.435358659364e-03 1.669855439104e-03 1.873119617812e-03 2.025119261816e-03 2.163842553273e-03 2.237307373434e-03 2.090020570904e-03 1.990586984903e-03 2.033298136666e-03 2.211529994383e-03 2.643924904987e-03 3.053947584704e-03 2.769759157673e-03 2.139763906598e-03 1.868078485131e-03 2.125090686604e-03
3.372670616955e-04 5.333190201782e-04 6.649665883742e-04 7.172509212978e-04 7.203173590824e-04 7.057459442876e-04 7.042714860290e-04 7.066283724271e-04 7.222622516565e-04 7.262747967616e-04 7.709295605309e-04 8.485222933814e-04 9.244094835594e-04 9.966923389584e-04 1.055159256794e-03 1.209868001752e-03 1.426346600056e-03 1.631106832065e-03 1.829066313803e-03 1.972689991817e-03 2.019591396675e-03 1.989601179957e-03 1.915856031701e-03 1.824116334319e-03 1.748658251017e-03 1.673927647062e-03 1.548846834339e-03 1.425509108230e-03 1.635863911361e-03 1.812967704609e-03 1.965136965737e-03 2.111806767061e-03 2.160520059988e-03 1.985687296838e-03 2.018255647272e-03 2.076525473967e-03 2.260840497911e-03 2.563034417108e-03 2.759297611192e-03 2.426000311971e-03 1.989874057472e-03 1.734312972985e-03 1.972077647224e-03
3.459430881776e-04 5.453593912534e-04 6.749500171281e-04 7.228283211589e-04 7.221548003145e-04 7.150343153626e-04 7.454515434802e-04 7.667138124816e-04 7.788697839715e-04 7.808916270733e-04 7.741790614091e-04 8.154500392266e-04 9.028740460053e-04 1.010291045532e-03 1.045079901814e-03 1.185223809443e-03 1.459255698137e-03 1.695662736893e-03 1.883091987111e-03 2.001154236495e-03 2.027444075793e-03 1.972978934646e-03 1.870952663012e-03 1.751257339492e-03 1.638958696276e-03 1.525921165012e-03 1.366341137327e-03 1.424013404176e-03 1.604787539691e-03 1.764432876371e-03 1.909823622555e-03 2.031041076407e-03 2.031762385741e-03 1.875370042399e-03 2.045452129096e-03 2.551818965003e-03 2.413744805381e-03 2.550326753408e-03 2.455400768667e-03 2.074225572869e-03 1.800655620173e-03 1.577434362844e-03 1.789378002286e-03
3.411208745092e-04 5.360058858059e-04 6.594705628231e-04 7.036637398414e-04 7.026753155515e-04 7.177868974395e-04 7.374481647275e-04 7.471127901226e-04 7.497236365452e-04 7.454042788595e-04 7.473343284801e-04 8.389431750402e-04 9.764659916982e-04 1.093728467822e-03 1.128846779466e-03 1.104421447963e-03 1.394941005856e-03 1.636586501263e-03 1.772814895958e-03 1.820841687731e-03 1.795502845198e-03 1.698185224086e-03 1.568565261550e-03 1.456106780097e-03 1.364892930724e-03 1.266830833629e-03 1.273696892895e-03 1.412448240444e-03 1.572287408635e-03 1.715821796097e-03 1.840999000706e-03 1.910349586979e-03 1.857108203694e-03 1.798366196454e-03 2.134051639587e-03 2.280708868057e-03 2.334237331524e-03 2.561399480328e-03 2.482730196789e-03 2.035282319412e-03 1.748584327288e-03 1.607109443285e-03 1.737205544487e-03
3.124701906927e-04 4.878436448053e-04 5.966458702460e-04 6.350402836688e-04 6.721509853378e-04 7.014370639808e-04 6.888863281347e-04 6.579910987057e-04 6.504218326882e-04 6.969536188990e-04 7.612307090312e-04 8.802912198007e-04 1.040805364028e-03 1.162295578979e-03 1.196310855448e-03 1.176423858851e-03 1.276892959140e-03 1.482369378209e-03 1.559158437885e-03 1.542092184536e-03 1.465467386879e-03 1.329812337644e-03 1.278434414417e-03 1.513938768767e-03 1.535494113341e-03 1.472169416957e-03 1.442313077860e-03 1.447806367651e-03 1.528813154437e-03 1.653689541854e-03 1.740863779560e-03 1.743602682836e-03 1.637400477193e-03 1.660902868025e-03 1.945377676748e-03 2.771187108010e-03 2.377651631832e-03 3.332749940455e-03 2.957556163892e-03 2.483992837369e-03 2.105544554070e-03 1.733268494718e-03 1.956420950592e-03
3.226397384424e-04 4.756094422191e-04 5.836993223056e-04 6.744768470526e-04 7.431969861500e-04 7.594836060889e-04 7.374929846264e-04 6.959963357076e-04 6.476223352365e-04 7.034903974272e-04 7.798990118317e-04 9.242382948287e-04 1.101816887967e-03 1.225540647283e-03 1.259025069885e-03 1.239394769073e-03 1.172191346996e-03 1.350000849925e-03 1.401825225912e-03 1.480211620219e-03 2.009897958487e-03 1.842203084379e-03 1.388174830936e-03 1.579229836352e-03 1.533330883831e-03 1.412675250322e-03 1.341670867987e-03 1.348354853690e-03 1.476522651501e-03 1.572811859660e-03 1.606288598850e-03 1.543439109810e-03 1.403176807798e-03 1.492133014835e-03 1.653648330830e-03 2.463655313477e-03 3.087517572567e-03 4.839420784265e-03 4.476177040488e-03 2.942727878690e-03 2.240709261969e-03 2.064832253382e-03 2.543848007917e-03
