VariationalSeries/SI/f113_max.grd
DSAA
101	101
32.816463539100	34.260883539100
35.556306596100	36.727886596100
3.197822297807e-05	5.283891201019e+00
[rows 38 to 56 of 101, columns 0 to 42 of 101]
1.253981888294e-02 2.646078355610e-02 2.861972153187e-02 2.981520257890e-02 3.541109338403e-02 4.341383278370e-02 5.014258250594e-02 5.709347873926e-02 6.275451928377e-02 5.732378363609e-02 4.705417901278e-02 3.840989619493e-02 3.797704726458e-02 3.741941601038e-02 3.983203694224e-02 4.519665241241e-02 5.114779248834e-02 9.366755187511e-02 1.517897099257e-01 1.628649085760e-01 1.311726272106e-01 1.104777380824e-01 7.397863268852e-02 8.669275790453e-02 1.722481101751e-01 2.240087836981e-01 2.158591896296e-01 1.544637382030e-01 1.109960824251e-01 1.227613538504e-01 1.295334845781e-01 1.594716310501e-01 2.185530662537e-01 2.143160700798e-01 2.011407911777e-01 1.204995959997e-01 1.647421568632e-01 1.852660328150e-01 1.830288320780e-01 2.812390923500e-01 3.092604577541e-01 4.550356566906e-01 3.674258589745e-01
1.852310076356e-02 3.298121690750e-02 2.766310423613e-02 2.700112387538e-02 3.841278702021e-02 4.673489928246e-02 6.144047901034e-02 7.732957601547e-02 8.625616133213e-02 8.077586442232e-02 5.870254337788e-02 4.590413346887e-02 3.953298181295e-02 4.040100052953e-02 4.335106164217e-02 4.685307294130e-02 4.992604628205e-02 5.261724442244e-02 8.255556970835e-02 1.155934184790e-01 1.180856823921e-01 1.150557771325e-01 1.188196241856e-01 9.930223971605e-02 9.196160733700e-02 1.021735891700e-01 1.381529122591e-01 2.600453794003e-01 3.484619855881e-01 3.535363674164e-01 2.772691547871e-01 1.367363631725e-01 1.542313843966e-01 1.314370781183e-01 2.621549069881e-01 2.349931448698e-01 1.529030501842e-01 1.844056546688e-01 2.263218015432e-01 2.571209967136e-01 3.445933461189e-01 4.163151681423e-01 4.869902431965e-01
2.131426148117e-02 4.245464876294e-02 4.022333398461e-02 3.487499430776e-02 4.607935994864e-02 5.671453848481e-02 6.885534524918e-02 9.063860028982e-02 9.826529026031e-02 9.795093536377e-02 6.699285656214e-02 4.501277580857e-02 4.532279446721e-02 3.921559453011e-02 3.267123922706e-02 3.671349957585e-02 4.295675083995e-02 4.665351286530e-02 4.902245476842e-02 6.516070663929e-02 9.616845101118e-02 1.353430598974e-01 1.623958796263e-01 1.636995673180e-01 1.605648994446e-01 1.068772599101e-01 8.448651432991e-02 8.921704441309e-02 8.681686222553e-02 1.098438799381e-01 2.313486039639e-01 3.681627511978e-01 4.362072348595e-01 3.642356395721e-01 1.844374090433e-01 1.832710653543e-01 3.216594755650e-01 2.675543725491e-01 2.770260572433e-01 2.760725617409e-01 2.568373084068e-01 3.445852994919e-01 5.228365659714e-01
3.044845536351e-02 5.174297839403e-02 6.013320758939e-02 6.178042292595e-02 5.567442625761e-02 6.660286337137e-02 6.647652387619e-02 6.376746296883e-02 6.375943869352e-02 7.836727797985e-02 8.459284156561e-02 7.338847965002e-02 5.440414696932e-02 4.838102310896e-02 4.936318844557e-02 6.108704954386e-02 7.087994366884e-02 7.928027212620e-02 7.748424261808e-02 5.634421110153e-02 6.282185018063e-02 8.284422010183e-02 9.390966594219e-02 1.260282397270e-01 1.565536707640e-01 1.860644668341e-01 2.076350599527e-01 2.015515416861e-01 2.071499526501e-01 2.260211259127e-01 2.499378472567e-01 2.438425868750e-01 3.773407042027e-01 4.264923930168e-01 3.046551942825e-01 3.861253261566e-01 4.283962845802e-01 3.639028072357e-01 4.111533761024e-01 3.321035504341e-01 2.328633964062e-01 4.070985615253e-01 3.403756022453e-01
3.124111704528e-02 5.491733551025e-02 6.117049977183e-02 5.659195408225e-02 6.165286153555e-02 7.777107506990e-02 7.725676149130e-02 6.683270633221e-02 8.053722977638e-02 6.704196333885e-02 6.374499946833e-02 8.897214382887e-02 9.237260371447e-02 6.960858404636e-02 6.444062292576e-02 5.938204750419e-02 6.091205403209e-02 8.158877491951e-02 1.100034713745e-01 1.118203476071e-01 7.139971107244e-02 8.123572915792e-02 1.035819798708e-01 8.617091178894e-02 9.959449619055e-02 1.202575415373e-01 1.589911878109e-01 2.403344362974e-01 3.236765265465e-01 2.963407337666e-01 2.809818983078e-01 2.085119783878e-01 2.078688889742e-01 3.906197249889e-01 3.753119111061e-01 4.733579158783e-01 3.130036294460e-01 4.436705410480e-01 3.891949355602e-01 5.619010925293e-01 5.807254314423e-01 4.563121199608e-01 5.140741467476e-01
6.062940135598e-02 1.175625994802e-01 8.783663064241e-02 7.374431937933e-02 7.216078788042e-02 6.493787467480e-02 6.652670353651e-02 8.095216751099e-02 8.016914129257e-02 6.508456915617e-02 8.123965561390e-02 5.537666752934e-02 7.099085301161e-02 9.952743351460e-02 8.643381297588e-02 7.473860681057e-02 9.360747784376e-02 2.030857205391e-01 2.392851412296e-01 1.307782232761e-01 1.400756388903e-01 8.226592838764e-02 9.659419208765e-02 1.371119767427e-01 9.155594557524e-02 8.382748067379e-02 8.814176917076e-02 9.655977040529e-02 1.232954412699e-01 1.401799619198e-01 1.497641056776e-01 1.635086387396e-01 2.225819975138e-01 3.504330515862e-01 2.402221560478e-01 2.225772142410e-01 3.267185688019e-01 3.723304271698e-01 2.485497444868e-01 5.131430625916e-01 5.269719362259e-01 5.752167701721e-01 7.060680389404e-01
9.661856293678e-02 1.772088259459e-01 1.436767131090e-01 1.118472293019e-01 1.031365543604e-01 8.373790979385e-02 1.153709590435e-01 1.012418493629e-01 1.020465716720e-01 7.986316084862e-02 6.240575015545e-02 7.669997215271e-02 6.883008778095e-02 4.497346654534e-02 8.426405489445e-02 9.883633255959e-02 7.197071611881e-02 6.171829625964e-02 1.127986088395e-01 7.475475966930e-02 1.300704330206e-01 1.543101519346e-01 1.533546149731e-01 1.337686330080e-01 1.840599775314e-01 1.132065653801e-01 1.054350361228e-01 1.365289688110e-01 1.599760055542e-01 1.222824826837e-01 1.556104719639e-01 1.917504072189e-01 2.273014783859e-01 2.669725120068e-01 3.393087983131e-01 2.574718296528e-01 2.866722047329e-01 3.205545842648e-01 3.038045465946e-01 4.358950853348e-01 4.060253798962e-01 5.866904258728e-01 5.967932343483e-01
3.833213448524e-02 7.987553626299e-02 9.529346227646e-02 1.123304814100e-01 1.148783788085e-01 1.276681870222e-01 1.349391937256e-01 1.164264976978e-01 1.043851599097e-01 9.994350373745e-02 9.316477924585e-02 8.620420098305e-02 8.171021938324e-02 7.663305848837e-02 8.296064287424e-02 7.082477211952e-02 5.040996521711e-02 5.965453758836e-02 6.280702352524e-02 8.575163781643e-02 8.034341782331e-02 1.327948421240e-01 1.430381536484e-01 1.540424227715e-01 1.795809268951e-01 2.030074745417e-01 2.214957475662e-01 2.306721806526e-01 2.357437163591e-01 2.540102899075e-01 2.580353319645e-01 2.714112102985e-01 2.883405387402e-01 2.395704388618e-01 2.058110535145e-01 2.892152965069e-01 3.481041789055e-01 5.346761345863e-01 6.405690312386e-01 5.925206542015e-01 5.636465549469e-01 5.856264829636e-01 4.868624806404e-01
3.717165440321e-02 7.809067517519e-02 8.899912983179e-02 9.892855584621e-02 1.113709434867e-01 1.138979569077e-01 1.047246679664e-01 8.482777327299e-02 8.002147823572e-02 9.565185755491e-02 1.122329160571e-01 1.064914017916e-01 8.059473335743e-02 5.259557813406e-02 5.641809478402e-02 3.260762616992e-02 1.895308494568e-02 2.093306370080e-02 2.791411615908e-02 3.365125507116e-02 1.001931279898e-01 1.762646138668e-01 1.507234573364e-01 1.896309405565e-01 1.825990378857e-01 2.251354008913e-01 2.324041873217e-01 2.200272679329e-01 2.051792740822e-01 2.344799190760e-01 2.493194490671e-01 3.221482634544e-01 4.119557142258e-01 4.488849937916e-01 3.835471570492e-01 3.253128528595e-01 3.606240451336e-01 2.576755583286e-01 3.925226628780e-01 4.003120958805e-01 6.254906058311e-01 5.888355374336e-01 6.340388059616e-01
9.992363862693e-03 2.008505724370e-02 2.120574377477e-02 2.285380102694e-02 3.179393708706e-02 4.442765563726e-02 5.840327218175e-02 6.279492378235e-02 6.079263240099e-02 5.610004812479e-02 5.732493847609e-02 7.285375893116e-02 7.273127883673e-02 5.915764719248e-02 3.821088001132e-02 2.982124872506e-02 1.530302967876e-02 1.300903037190e-02 1.450315397233e-02 3.106370568275e-02 6.931641697884e-02 1.470502018929e-01 3.672411143780e-01 3.454799950123e-01 3.103564977646e-01 2.914278507233e-01 2.808420956135e-01 2.730297446251e-01 2.894430160522e-01 3.344315588474e-01 3.741915524006e-01 4.236681461334e-01 7.298216819763e-01 4.069084525108e-01 9.167572259903e-01 6.248130202293e-01 4.983889162540e-01 5.373058915138e-01 6.654931306839e-01 7.733517289162e-01 8.183258175850e-01 7.682636380196e-01 7.721551656723e-01
9.059314616024e-03 1.750237122178e-02 1.906245388091e-02 1.909979432821e-02 3.202849626541e-02 4.744813218713e-02 4.944327473640e-02 4.033047333360e-02 2.976341731846e-02 2.429183013737e-02 3.085460700095e-02 3.829715773463e-02 3.665016591549e-02 2.943198382854e-02 2.165019884706e-02 1.532872673124e-02 1.108517777175e-02 8.153388276696e-03 8.428189903498e-03 2.754558064044e-02 8.819665759802e-02 1.525867283344e-01 1.503129154444e-01 3.168163895607e-01 7.656637430191e-01 3.881243169308e-01 2.419726401567e-01 2.191412150860e-01 2.281114310026e-01 2.488460987806e-01 4.271912872791e-01 6.156660318375e-01 3.258553147316e-01 4.857710897923e-01 8.788620233536e-01 1.602201819420e+00 6.555099487305e-01 5.197796821594e-01 4.614751338959e-01 5.077241659164e-01 4.347138404846e-01 8.124653697014e-01 9.467970132828e-01
4.699485376477e-03 9.762879461050e-03 1.170641276985e-02 1.299608405679e-02 1.704054884613e-02 2.739648520947e-02 3.138969093561e-02 2.720241993666e-02 2.104587107897e-02 1.578007824719e-02 1.302344538271e-02 1.243338640779e-02 9.914367459714e-03 8.772443048656e-03 1.046581007540e-02 7.974985986948e-03 7.366721052676e-03 6.195767782629e-03 7.252387236804e-03 1.097534503788e-02 1.885543763638e-02 5.092662572861e-02 5.337787047029e-02 7.277228683233e-02 2.786991894245e-01 2.951160669327e-01 1.100431606174e-01 6.051537767053e-02 6.335393339396e-02 2.031122893095e-01 2.690810561180e-01 2.916353940964e-01 3.043678998947e-01 2.500113546848e-01 3.673600554466e-01 1.059060096741e+00 5.683195590973e-01 3.455104231834e-01 2.414991557598e-01 2.180970758200e-01 2.052970826626e-01 5.376248955727e-01 7.465773224831e-01
2.095964970067e-03 4.183645360172e-03 4.352220799774e-03 4.790326580405e-03 6.055550184101e-03 7.667370606214e-03 9.122818708420e-03 9.928059764206e-03 9.607958607376e-03 8.145095780492e-03 6.922290660441e-03 7.958951406181e-03 8.214450441301e-03 7.591352798045e-03 7.744837552309e-03 8.854637853801e-03 6.726627703756e-03 5.358926951885e-03 6.046825088561e-03 8.968991227448e-03 1.024839747697e-02 1.875707507133e-02 3.262532502413e-02 7.112885266542e-02 1.726314276457e-01 1.077945306897e-01 6.676431000233e-02 5.298374965787e-02 5.068061128259e-02 1.638427376747e-02 1.435623783618e-02 1.561229769140e-02 2.438656613231e-02 5.298123508692e-02 1.229758784175e-01 2.085212469101e+00 3.973237514496e+00 5.310779809952e-01 3.621016144753e-01 1.865599006414e-01 1.314822286367e-01 1.421184837818e-01 2.753902077675e-01
1.686789793894e-03 3.066685050726e-03 3.410091390833e-03 3.411681158468e-03 3.426901763305e-03 4.415231756866e-03 5.797146819532e-03 7.134389597923e-03 7.930881343782e-03 7.769213058054e-03 6.529818754643e-03 5.985021591187e-03 6.500144954771e-03 6.284663919359e-03 5.587006453425e-03 6.868636235595e-03 7.981428876519e-03 6.352279335260e-03 4.909500014037e-03 1.430188491940e-02 1.812306046486e-02 1.383287180215e-02 1.836472935975e-02 3.217831999063e-02 6.099021434784e-02 6.054962873459e-01 1.310548186302e-01 1.164357215166e-01 4.922389984131e-02 9.714561514556e-03 8.501161821187e-03 8.905266411602e-03 1.036939676851e-02 1.277719344944e-02 1.725181005895e-02 9.216702729464e-02 6.420708894730e-01 1.647062659264e+00 4.216783344746e-01 2.365703731775e-01 6.796125322580e-02 4.386323317885e-02 4.823607578874e-02
1.567024621181e-03 3.730778815225e-03 5.044425372034e-03 5.821792408824e-03 6.062936969101e-03 5.594272632152e-03 4.973245784640e-03 4.547192249447e-03 5.685687065125e-03 6.520861759782e-03 6.503478158265e-03 5.629757884890e-03 4.852685146034e-03 6.048247683793e-03 6.316196639091e-03 5.644273478538e-03 6.583568174392e-03 8.504115976393e-03 6.716938689351e-03 1.420607324690e-02 1.500229351223e-02 1.284600049257e-02 1.430833153427e-02 1.551185548306e-02 3.541003167629e-02 1.221604123712e-01 1.273355334997e-01 3.263700753450e-02 1.519461162388e-02 9.406192228198e-03 7.050587330014e-03 6.021022796631e-03 5.940758623183e-03 7.454942911863e-03 9.678421542048e-03 3.284809738398e-02 1.680132001638e-01 5.946756005287e-01 7.192342877388e-01 1.112334206700e-01 4.766092821956e-02 3.087304718792e-02 2.918548509479e-02
2.373318886384e-03 5.586809478700e-03 7.139741443098e-03 8.027685806155e-03 8.246934972703e-03 7.880302146077e-03 7.396697066724e-03 6.653092335910e-03 5.740150343627e-03 4.691183567047e-03 5.221772007644e-03 5.487554240972e-03 5.257538519800e-03 6.136711221188e-03 7.039910182357e-03 6.650750525296e-03 5.617181304842e-03 8.928746916354e-03 9.564721956849e-03 2.507472038269e-02 1.606670208275e-02 1.157272793353e-02 7.829553447664e-03 8.107925765216e-03 1.524765603244e-02 1.092261821032e-01 1.553703695536e-01 2.955447323620e-02 1.939614303410e-02 9.844102896750e-03 6.102041341364e-03 4.217220004648e-03 3.750002710149e-03 3.946268931031e-03 6.067327689379e-03 1.008294615895e-02 6.805407255888e-02 2.103161066771e-01 5.589185357094e-01 2.709066569805e-01 1.290819793940e-01 2.579629421234e-02 2.180637046695e-02
1.627357909456e-03 3.538514720276e-03 4.413093440235e-03 4.842598456889e-03 4.696150310338e-03 4.720905795693e-03 5.279440432787e-03 5.900581832975e-03 6.484400946647e-03 6.492882501334e-03 5.591563880444e-03 4.229133017361e-03 4.982679150999e-03 5.460575688630e-03 5.463827401400e-03 5.488521419466e-03 5.741380620748e-03 9.411753155291e-03 1.300657819957e-02 2.168127521873e-02 1.663940958679e-02 1.306915190071e-02 6.428077816963e-03 6.446489132941e-03 1.295806560665e-02 3.982597216964e-02 3.443208709359e-02 2.291738241911e-02 1.815850101411e-02 1.007240545005e-02 5.602901335806e-03 4.604686051607e-03 4.061728250235e-03 3.970044665039e-03 5.076064262539e-03 8.591403253376e-03 1.806007511914e-02 9.061414748430e-02 1.066395416856e-01 6.490664929152e-02 3.900277242064e-02 1.965356618166e-02 1.781474985182e-02
1.529123634100e-03 2.779202070087e-03 4.122428596020e-03 5.260793957859e-03 6.274267099798e-03 7.412543985993e-03 8.661924861372e-03 1.001281570643e-02 1.126165036112e-02 1.161934994161e-02 1.038948725909e-02 7.721407804638e-03 4.974133800715e-03 5.166687536985e-03 6.368189584464e-03 6.918774452060e-03 8.610700257123e-03 9.978992864490e-03 1.171281561255e-02 2.049008756876e-02 1.457504462451e-02 9.693384170532e-03 5.138481967151e-03 5.011858418584e-03 9.378197602928e-03 1.088098995388e-02 1.139246597886e-01 1.569441892207e-02 1.483368501067e-02 8.902842178941e-03 5.189160350710e-03 4.147645551711e-03 3.958353772759e-03 4.181566182524e-03 5.381770897657e-03 7.322284393013e-03 1.220986712724e-02 1.504707802087e-02 3.161160275340e-02 4.196181893349e-02 2.622945234179e-02 1.574006117880e-02 2.022528275847e-02
1.517146825790e-03 2.744522877038e-03 3.783898893744e-03 4.675279371440e-03 5.574748385698e-03 6.673560012132e-03 7.834335789084e-03 9.005520492792e-03 1.010142080486e-02 1.069547329098e-02 1.014000549912e-02 1.096860971302e-02 1.143971644342e-02 1.147762220353e-02 1.094905007631e-02 9.929206222296e-03 1.181879173964e-02 8.597961626947e-03 1.163754239678e-02 3.704429790378e-02 1.360853202641e-02 6.820895243436e-03 4.819473717362e-03 4.037543199956e-03 5.581737495959e-03 1.263742148876e-02 4.532691463828e-02 1.221824530512e-02 1.573444344103e-02 6.645631976426e-03 4.904977045953e-03 3.746014554054e-03 3.794462187216e-03 4.314570222050e-03 5.697185639292e-03 6.775118876249e-03 7.543561980128e-03 1.216178480536e-02 2.666105516255e-02 3.119146078825e-02 1.937697455287e-02 1.438693702221e-02 1.877561770380e-02
