VariationalSeries/SI/f114.grd
DSAA
101	101
32.816463539100	34.260883539100
35.556306596100	36.727886596100
2.601212327136e-05	4.308080673218e+00
[rows 76 to 94 of 101, columns 43 to 85 of 101]
6.615184247494e-03 5.612730979919e-03 1.030219532549e-02 2.590896189213e-02 2.779344096780e-02 5.537977442145e-02 8.835732191801e-02 9.932964295149e-02 6.150889769197e-02 1.720453426242e-02 6.228550150990e-02 1.396437138319e-01 1.043928936124e-01 2.705387398601e-02 1.219701021910e-02 1.729988865554e-02 1.827507279813e-02 9.363029152155e-03 8.758198469877e-03 1.090503670275e-02 4.012893140316e-02 9.179300069809e-02 2.161296270788e-02 1.459071505815e-02 1.065373234451e-02 7.142271380872e-03 3.634699387476e-03 3.124842187390e-03 3.043663222343e-03 2.870107069612e-03 2.710431348532e-03 2.825669944286e-03 2.975631039590e-03 3.156933235005e-03 3.188494360074e-03 2.967000007629e-03 2.720929216594e-03 2.543058013543e-03 2.418829593807e-03 2.345348009840e-03 2.621887018904e-03 4.018263891339e-03 5.480434279889e-03
1.073215063661e-02 1.446357928216e-02 1.849563419819e-02 1.933767646551e-02 2.661855332553e-02 3.679403662682e-02 4.747191071510e-02 4.468916356564e-02 7.169359177351e-02 1.046087294817e-01 1.037087440491e-01 4.978106543422e-02 3.513130173087e-02 3.126593306661e-02 2.015733160079e-02 2.143838629127e-02 5.943834315985e-03 3.669311059639e-03 4.485268145800e-03 5.019850563258e-03 3.806812688708e-03 4.556687083095e-03 7.213468663394e-03 7.260295562446e-03 6.588091142476e-03 4.040911793709e-03 1.984033966437e-03 1.780617632903e-03 2.067508408800e-03 2.382291480899e-03 2.541433786973e-03 2.597403479740e-03 2.583597553894e-03 2.470366656780e-03 2.148359781131e-03 1.724014640786e-03 1.380719360895e-03 1.364235416986e-03 1.446091686375e-03 1.687043462880e-03 2.119718352333e-03 3.616350702941e-03 4.838309716433e-03
2.273367345333e-02 3.433385118842e-02 2.272900938988e-02 1.072146743536e-02 1.244193594903e-02 4.551835358143e-02 1.276681423187e-01 1.699807941914e-01 1.273800283670e-01 6.287078559399e-02 3.375066816807e-02 2.172340080142e-02 1.567788980901e-02 2.525555156171e-02 2.103693410754e-02 7.808008231223e-03 2.605249872431e-03 2.380870282650e-03 2.474586013705e-03 3.350137965754e-03 2.501461887732e-03 2.280290005729e-03 2.637309255078e-03 2.980080666021e-03 2.700374694541e-03 2.459375653416e-03 1.993894344196e-03 2.074561780319e-03 1.745374291204e-03 1.994103193283e-03 2.087293658406e-03 1.945081283338e-03 1.864082645625e-03 1.801685546525e-03 1.269131666049e-03 1.222143298946e-03 1.297928276472e-03 1.292995060794e-03 1.266109058633e-03 1.343733747490e-03 1.643386785872e-03 3.139408538118e-03 4.604367539287e-03
3.233413025737e-02 3.767908737063e-02 1.272568386048e-02 1.319271977991e-02 4.675211757421e-02 8.369900286198e-02 8.635790646076e-02 7.418851554394e-02 6.211580336094e-02 2.924094162881e-02 2.584097906947e-02 3.129248321056e-02 1.932656392455e-02 1.220171060413e-02 5.347905214876e-03 2.883459208533e-03 1.827683998272e-03 1.756762270816e-03 1.687272102572e-03 2.101904712617e-03 1.872055465356e-03 1.872802386060e-03 1.742191147059e-03 1.721698907204e-03 1.666761236265e-03 1.701400033198e-03 1.644451986067e-03 1.672147773206e-03 1.798778888769e-03 1.723070978187e-03 1.745730871335e-03 1.438438543119e-03 1.593201770447e-03 1.671686419286e-03 1.330939820036e-03 1.013823435642e-03 1.213026349433e-03 1.290661748499e-03 1.296080532484e-03 1.273504924029e-03 1.311905682087e-03 1.687277341262e-03 2.838286105543e-03
1.412448845804e-02 2.343273721635e-02 3.381771594286e-02 4.382425546646e-02 4.815724492073e-02 3.956339508295e-02 4.432298615575e-02 5.506606400013e-02 7.860514521599e-02 3.034330904484e-02 3.161100298166e-02 1.916309073567e-02 7.720574270934e-03 3.264327999204e-03 2.259371336550e-03 1.836071955040e-03 1.646566553973e-03 1.484366599470e-03 1.359853660688e-03 1.286828424782e-03 1.429183874279e-03 1.103138900362e-03 1.117900596000e-03 1.113765873015e-03 1.174471573904e-03 1.233405317180e-03 1.244519138709e-03 1.139831496403e-03 9.806463494897e-04 1.176909892820e-03 1.146551920101e-03 1.113339909352e-03 1.249359804206e-03 1.394023536704e-03 1.282346551307e-03 1.005552127026e-03 1.126992516220e-03 1.265365746804e-03 1.299319672398e-03 1.319508068264e-03 1.529988716356e-03 1.836591050960e-03 2.312081400305e-03
1.561387348920e-02 4.747430980206e-02 8.798851817846e-02 5.141482129693e-02 3.318156301975e-02 5.788125842810e-02 7.712028920650e-02 1.037430986762e-01 5.049316212535e-02 2.593783289194e-02 1.223710458726e-02 7.090874481946e-03 2.996876835823e-03 1.919752103277e-03 1.355385174975e-03 1.140988548286e-03 1.047925674357e-03 9.737904183567e-04 9.994842112064e-04 1.064832904376e-03 1.098292530514e-03 1.018682844006e-03 9.867564076558e-04 1.059246365912e-03 1.265311497264e-03 1.473620184697e-03 1.611482352018e-03 1.566105755046e-03 1.237075426616e-03 9.578521130607e-04 9.556611184962e-04 8.820210932754e-04 8.958146208897e-04 1.119393738918e-03 1.159048755653e-03 1.080754096620e-03 1.024929457344e-03 1.200535451062e-03 1.267311861739e-03 1.279998919927e-03 1.467431546189e-03 2.032430144027e-03 2.749994164333e-03
2.933713607490e-02 9.204635769129e-02 7.035143673420e-02 5.742376297712e-02 6.292241066694e-02 6.024826690555e-02 4.209591820836e-02 4.058223590255e-02 3.187559917569e-02 1.629399321973e-02 5.919077899307e-03 3.673477564007e-03 1.994033344090e-03 1.280827797018e-03 1.029659411870e-03 8.448697626591e-04 8.440876845270e-04 9.015959803946e-04 8.809107821435e-04 8.448000298813e-04 9.179588523693e-04 9.462620946579e-04 9.140892070718e-04 9.163673967123e-04 1.153374440037e-03 1.415667356923e-03 1.607382670045e-03 1.603354350664e-03 1.302097807638e-03 8.882337715477e-04 9.284251136705e-04 9.614255395718e-04 7.860721671022e-04 8.241680334322e-04 9.826511377469e-04 1.097219879739e-03 1.108675613068e-03 1.098764594644e-03 1.200971892104e-03 1.253570429981e-03 1.244740560651e-03 1.412328565493e-03 1.785240601748e-03
3.950925543904e-02 6.701185554266e-02 3.997870534658e-02 2.430531755090e-02 1.622028835118e-02 1.993808336556e-02 1.735179685056e-02 2.072307653725e-02 1.757511310279e-02 6.122152321041e-03 4.277271684259e-03 2.549771685153e-03 2.115511801094e-03 1.570224529132e-03 9.800738189369e-04 7.977107306942e-04 8.678713347763e-04 8.754588779993e-04 7.972586317919e-04 7.570881862193e-04 8.783537195995e-04 9.616580209695e-04 1.006271224469e-03 9.713165927678e-04 8.999343262985e-04 1.075310166925e-03 1.200043363497e-03 1.189388800412e-03 9.832310024649e-04 7.982716197148e-04 8.248098893091e-04 9.054047404788e-04 8.639474981464e-04 7.355520501733e-04 7.483428344131e-04 8.970158523880e-04 9.970100363716e-04 9.746397263370e-04 1.108797034249e-03 1.204048981890e-03 1.226438675076e-03 1.293653971516e-03 1.452007330954e-03
5.610804632306e-02 4.645739123225e-02 1.500461064279e-02 1.139348372817e-02 1.208269689232e-02 7.249779533595e-03 1.020533498377e-02 1.663309894502e-02 1.108431164175e-02 5.402710288763e-03 4.042949527502e-03 2.268264535815e-03 2.209146507084e-03 2.093578688800e-03 1.310230232775e-03 1.036391360685e-03 8.793880115263e-04 8.421542006545e-04 7.262769504450e-04 7.298035197891e-04 8.830323349684e-04 1.058849506080e-03 1.164170447737e-03 1.087695127353e-03 9.291132446378e-04 7.972663734108e-04 8.741765632294e-04 9.342160192318e-04 9.290510206483e-04 9.857789846137e-04 8.860118687153e-04 8.155427640304e-04 8.296071900986e-04 7.524940883741e-04 7.223505526781e-04 8.720557088964e-04 9.535266435705e-04 9.288812289014e-04 9.985272772610e-04 1.123224152252e-03 1.177725964226e-03 1.320088398643e-03 1.665189280175e-03
8.874189108610e-02 3.896196559072e-02 7.674854714423e-03 5.479014478624e-03 4.209992941469e-03 5.149974953383e-03 5.547199863940e-03 1.248276606202e-02 1.264356914908e-02 7.709753233939e-03 3.845495404676e-03 2.197652123868e-03 1.901228562929e-03 1.985932234675e-03 1.629282487556e-03 1.002373057418e-03 8.743524667807e-04 8.101319544949e-04 6.733500631526e-04 7.214331999421e-04 9.038361604325e-04 1.180290360935e-03 1.287377555855e-03 1.143317320384e-03 9.601190104149e-04 8.454749477096e-04 9.045151527971e-04 1.007533515804e-03 1.052173785865e-03 1.031149993651e-03 9.552604751661e-04 7.902081706561e-04 9.065812337212e-04 7.543274550699e-04 7.032900466584e-04 7.674920489080e-04 9.648281848058e-04 1.062370836735e-03 1.131918746978e-03 1.286721322685e-03 1.477883546613e-03 1.534500042908e-03 1.491772010922e-03
7.647684216499e-02 2.352358028293e-02 5.838515236974e-03 3.294913796708e-03 3.009524196386e-03 3.492366056889e-03 6.450756452978e-03 8.252497762442e-03 9.906566701829e-03 6.916503887624e-03 4.550516605377e-03 2.550836885348e-03 1.667131669819e-03 1.435983111151e-03 1.374605461024e-03 1.161037129350e-03 1.008866354823e-03 1.108408672735e-03 9.248800924979e-04 7.962938398123e-04 9.931984823197e-04 1.326791360043e-03 1.381371752359e-03 1.160220010206e-03 9.850002825260e-04 8.974028169177e-04 9.460073197260e-04 1.062036957592e-03 1.146503025666e-03 1.069886260666e-03 9.423510637134e-04 7.796596037224e-04 9.248717105947e-04 7.165075512603e-04 6.940233870409e-04 6.635957397521e-04 7.247373578139e-04 9.548630914651e-04 1.216521253809e-03 1.566496561281e-03 1.912766252644e-03 2.049396978691e-03 2.072776900604e-03
4.024636372924e-02 7.378992158920e-03 3.478874685243e-03 3.032658249140e-03 2.535325940698e-03 2.579577732831e-03 4.160634241998e-03 2.305734669790e-03 6.015432067215e-03 9.092191234231e-03 6.465778220445e-03 4.918896127492e-03 2.459450624883e-03 1.512998365797e-03 1.292894710787e-03 1.308360602707e-03 1.387464348227e-03 1.247404841706e-03 1.101351575926e-03 9.715757332742e-04 1.188054913655e-03 1.459780498408e-03 1.405743532814e-03 1.183670130558e-03 1.056330045685e-03 9.938222356141e-04 9.997804882005e-04 1.115226536058e-03 1.211517374031e-03 1.160785788670e-03 9.705469710752e-04 7.679957197979e-04 8.727765525691e-04 7.904898957349e-04 6.883858004585e-04 6.844167946838e-04 6.595040904358e-04 6.896735285409e-04 8.794970344752e-04 1.344636781141e-03 1.836448092945e-03 2.141369273886e-03 2.316378289834e-03
1.089379750192e-02 4.218284040689e-03 2.736920723692e-03 2.616412937641e-03 2.036945661530e-03 1.850326079875e-03 1.871135085821e-03 1.759421662427e-03 2.188182901591e-03 7.498792372644e-03 8.314991369843e-03 1.217405404896e-02 7.791173644364e-03 2.801253926009e-03 1.739179948345e-03 1.450044685043e-03 1.574980211444e-03 1.863137469627e-03 1.735564903356e-03 1.389784505591e-03 1.354148378596e-03 1.517385011539e-03 1.364329480566e-03 1.177517464384e-03 1.108087250032e-03 1.097163534723e-03 1.118039246649e-03 1.139790518209e-03 1.239435514435e-03 1.244978629984e-03 1.073850085959e-03 8.282437338494e-04 8.186449413188e-04 8.187337080017e-04 7.681139977649e-04 7.868696702644e-04 7.791916723363e-04 7.656477391720e-04 7.557123899460e-04 7.766272174194e-04 1.045068493113e-03 1.391863799654e-03 1.641032285988e-03
3.887188620865e-03 2.422620076686e-03 2.451861975715e-03 2.137063536793e-03 1.737371785566e-03 1.576463691890e-03 1.367281889543e-03 1.364458934404e-03 1.610085600987e-03 3.107512835413e-03 1.241084188223e-02 3.046534210443e-02 2.090711891651e-02 6.668115966022e-03 2.932085189968e-03 1.821185112931e-03 1.639554859139e-03 1.966497395188e-03 1.904583768919e-03 2.001075074077e-03 1.925945049152e-03 1.587722217664e-03 1.419211039320e-03 1.273121684790e-03 1.234007650055e-03 1.242970814928e-03 1.240571262315e-03 1.208275323734e-03 1.241985009983e-03 1.309890649281e-03 1.184396445751e-03 8.657685248181e-04 7.977986824699e-04 7.862226339057e-04 8.287254022434e-04 8.897068328224e-04 9.312641341239e-04 9.442850714549e-04 9.364290162921e-04 9.024915634654e-04 9.055322734639e-04 9.525661589578e-04 9.827957255766e-04
3.523863852024e-03 2.006592927501e-03 2.182081341743e-03 1.668605604209e-03 1.358586014248e-03 1.280097407289e-03 1.121822744608e-03 1.159712439403e-03 1.161897904240e-03 2.155245747417e-03 9.401013143361e-03 2.535367943347e-02 2.296239137650e-02 1.479758322239e-02 3.578005824238e-03 1.985645620152e-03 1.511434908025e-03 2.174270106480e-03 2.580626867712e-03 2.420427510515e-03 1.979474443942e-03 1.547552063130e-03 1.531928195618e-03 1.440605265088e-03 1.392003614455e-03 1.359629910439e-03 1.301317010075e-03 1.187027199194e-03 1.251837471500e-03 1.322379452176e-03 1.165656722151e-03 8.989298366942e-04 9.304663399234e-04 9.002050501294e-04 8.533727377653e-04 8.312139543705e-04 8.881656685844e-04 9.225074900314e-04 9.130039834417e-04 8.543565636501e-04 9.486755006947e-04 1.119877211750e-03 1.241233199835e-03
4.342979751527e-03 2.273216377944e-03 1.913201063871e-03 1.479570753872e-03 1.109641510993e-03 1.046727993526e-03 1.076322980225e-03 1.050808234140e-03 1.054036431015e-03 1.348007819615e-03 3.571661422029e-03 1.304142177105e-02 4.740208759904e-02 3.657969087362e-02 6.134883034974e-03 2.320102415979e-03 2.553121652454e-03 2.723239362240e-03 2.420990029350e-03 1.926431083120e-03 1.564688514918e-03 1.596120884642e-03 1.691557699814e-03 1.637746230699e-03 1.525988220237e-03 1.384290051647e-03 1.197525998577e-03 1.104782102630e-03 1.293202512898e-03 1.329894876108e-03 1.192816998810e-03 1.324883080088e-03 1.327929086983e-03 1.255675218999e-03 1.129185198806e-03 8.778208284639e-04 7.388807716779e-04 7.367585203610e-04 7.570958696306e-04 8.136337273754e-04 9.559243917465e-04 1.191275776364e-03 1.475437777117e-03
4.597898107022e-03 2.580115338787e-03 1.935405773111e-03 1.291047781706e-03 9.713533800095e-04 1.018784707412e-03 1.006221165881e-03 1.020447933115e-03 9.184862719849e-04 1.031538122334e-03 2.019749255851e-03 6.635582074523e-03 2.303467690945e-02 2.030280232430e-02 6.781288422644e-03 3.859388642013e-03 3.171564312652e-03 2.460263436660e-03 1.894825254567e-03 1.516393036582e-03 1.510633737780e-03 1.611585146748e-03 1.713197212666e-03 1.628917292692e-03 1.406684750691e-03 1.141045358963e-03 9.523533517495e-04 1.036889152601e-03 1.299894531257e-03 1.366790733300e-03 1.413960009813e-03 1.553569338284e-03 1.542287645862e-03 1.436361693777e-03 1.220716978423e-03 9.187854593620e-04 9.414541418664e-04 9.776036022231e-04 1.035702531226e-03 1.085012569092e-03 1.098453183658e-03 1.226045307703e-03 1.581627642736e-03
4.297757986933e-03 2.307082992047e-03 1.628162455745e-03 1.014020526782e-03 9.326636209153e-04 1.005985308439e-03 9.718721848913e-04 8.409509318881e-04 6.685692933388e-04 9.305986459367e-04 1.718465005979e-03 2.936617471278e-03 8.125584572554e-03 9.650417603552e-03 6.987119093537e-03 4.277828615159e-03 2.704557031393e-03 1.921430928633e-03 1.779702841304e-03 1.728059723973e-03 1.555887516588e-03 1.471095019951e-03 1.422744477168e-03 1.249764813110e-03 9.856981923804e-04 8.871034951881e-04 8.750456618145e-04 9.344527497888e-04 1.212206669152e-03 1.356013119221e-03 1.004699617624e-03 1.091619720683e-03 1.091652666219e-03 1.020618714392e-03 9.928859071806e-04 1.085353083909e-03 1.173265860416e-03 1.289594219998e-03 1.416216371581e-03 1.487485948019e-03 1.460411120206e-03 1.360644702800e-03 1.552309375256e-03
3.839200595394e-03 1.706304727122e-03 1.170358853415e-03 7.269291672856e-04 8.732033893466e-04 9.688043501228e-04 9.281680686399e-04 7.661782437935e-04 5.662101902999e-04 8.376893238164e-04 1.544311409816e-03 2.390034962445e-03 5.653267260641e-03 7.248593494296e-03 5.633176770061e-03 3.334514098242e-03 2.063823631033e-03 1.914197462611e-03 1.883283606730e-03 1.578676863573e-03 1.255002804101e-03 1.048161415383e-03 9.170058765449e-04 7.683064322919e-04 7.275745156221e-04 7.153846672736e-04 7.172857294790e-04 7.944764802232e-04 1.056168926880e-03 1.235887175426e-03 9.596989839338e-04 7.534540491179e-04 7.165738497861e-04 9.157146560028e-04 1.083409995772e-03 1.230770722032e-03 1.401604851708e-03 1.614092965610e-03 1.813298324123e-03 1.894269138575e-03 1.801639329642e-03 1.588328625076e-03 1.530240639113e-03
