VariationalSeries/SI/f114.grd
DSAA
101	101
32.816463539100	34.260883539100
35.556306596100	36.727886596100
2.601212327136e-05	4.308080673218e+00
[rows 38 to 56 of 101, columns 43 to 85 of 101]
2.628731131554e-01 4.081155359745e-01 4.365153312683e-01 2.581216096878e-01 4.335875213146e-01 2.126148641109e-01 2.181792557240e-01 2.940014898777e-01 2.515435516834e-01 2.018470764160e-01 2.973126173019e-01 1.541494131088e-01 1.696425229311e-01 1.435698568821e-01 2.229378223419e-01 1.622693687677e-01 1.757337301970e-01 1.000439673662e-01 1.361899971962e-01 2.066927999258e-01 2.106134146452e-01 1.614025235176e-01 1.113100647926e-01 8.813002705574e-02 7.584030926228e-02 6.829763203859e-02 6.356900185347e-02 6.505057215691e-02 5.782537162304e-02 4.340353608131e-02 4.312712699175e-02 5.105138942599e-02 5.834149196744e-02 5.999055877328e-02 6.083425134420e-02 6.095740199089e-02 6.002746149898e-02 5.543979257345e-02 4.923149943352e-02 4.388060793281e-02 3.954323008657e-02 3.955409303308e-02 3.356204926968e-02
2.609080076218e-01 5.414279103279e-01 3.497120141983e-01 4.881404936314e-01 3.510536253452e-01 4.956064224243e-01 4.172464609146e-01 2.581467926502e-01 2.617800831795e-01 2.098870277405e-01 3.375883996487e-01 2.183499187231e-01 1.413169652224e-01 1.627802699804e-01 2.961280941963e-01 1.765173375607e-01 2.021249532700e-01 3.158274888992e-01 2.831017076969e-01 1.918321996927e-01 1.295291036367e-01 8.803427219391e-02 8.034618198872e-02 7.252939790487e-02 7.301166653633e-02 6.976310908794e-02 6.113611161709e-02 5.331116914749e-02 4.808768257499e-02 4.799891635776e-02 5.269861593843e-02 4.950013011694e-02 4.062301665545e-02 3.444935008883e-02 3.329131752253e-02 2.872006967664e-02 3.059228323400e-02 3.361993655562e-02 3.699761256576e-02 4.095584899187e-02 4.435581341386e-02 5.835466831923e-02 6.019193679094e-02
3.839296996593e-01 2.688737213612e-01 4.767170846462e-01 3.770514726639e-01 4.012092947960e-01 5.226461887360e-01 3.180267214775e-01 2.893749177456e-01 2.068758159876e-01 2.147941887379e-01 3.613319098949e-01 1.956142485142e-01 2.007408142090e-01 1.969919949770e-01 2.403685003519e-01 3.882575035095e-01 2.648870944977e-01 1.371225416660e-01 1.280190050602e-01 8.491008728743e-02 6.459234654903e-02 9.295438230038e-02 1.220562830567e-01 1.099516749382e-01 7.919389754534e-02 6.903355568647e-02 6.747388839722e-02 6.219525262713e-02 5.371122062206e-02 4.992511495948e-02 4.695293679833e-02 4.760390520096e-02 4.553985223174e-02 4.233709722757e-02 4.134332388639e-02 4.345043376088e-02 4.286547377706e-02 3.891430795193e-02 5.154234543443e-02 7.026891410351e-02 5.774715915322e-02 4.310077056289e-02 3.729265555739e-02
4.276733398438e-01 3.906974792480e-01 6.216114759445e-01 5.193206667900e-01 4.915336072445e-01 5.413517951965e-01 5.090054273605e-01 2.804766893387e-01 3.165361881256e-01 3.009283542633e-01 3.550626039505e-01 2.780411243439e-01 2.585898637772e-01 4.401088058949e-01 2.837089598179e-01 2.099782228470e-01 1.784548908472e-01 1.444679647684e-01 1.063160747290e-01 1.715150773525e-01 1.847008466721e-01 9.703172743320e-02 1.530822962523e-01 1.163451224566e-01 1.046799048781e-01 9.228842705488e-02 8.148673176765e-02 7.285241037607e-02 6.560932099819e-02 6.323698908091e-02 1.182916909456e-01 5.025213211775e-02 4.771872982383e-02 4.516172781587e-02 5.706519261003e-02 7.121913880110e-02 6.530882418156e-02 7.472068816423e-02 6.340102106333e-02 6.953358650208e-02 7.016547769308e-02 6.863217055798e-02 6.302361935377e-02
4.079695940018e-01 5.631157159805e-01 4.866968095303e-01 4.836416244507e-01 4.487785995007e-01 5.681895613670e-01 8.959673047066e-01 3.872888684273e-01 4.514482021332e-01 4.510169327259e-01 4.100514948368e-01 4.106003344059e-01 4.695517122746e-01 2.681520581245e-01 2.900720238686e-01 1.633905321360e-01 2.208130061626e-01 2.951407432556e-01 2.321721911430e-01 2.224017977715e-01 2.311990708113e-01 1.558978706598e-01 9.657686948776e-02 9.371253848076e-02 8.688510209322e-02 8.156558126211e-02 9.931185096502e-02 1.716505885124e-01 2.059578001499e-01 1.826142668724e-01 9.010127931833e-02 6.507509201765e-02 6.175529584289e-02 6.685574352741e-02 8.414097130299e-02 8.627562224865e-02 7.811213284731e-02 6.989556550980e-02 5.191903561354e-02 6.460674107075e-02 7.720321416855e-02 7.706952840090e-02 7.413525879383e-02
4.824427664280e-01 7.019884586334e-01 1.157074689865e+00 7.100549340248e-01 1.141292214394e+00 5.885806679726e-01 1.404368638992e+00 4.026977717876e-01 7.779476642609e-01 5.634828209877e-01 4.918782413006e-01 4.815255105495e-01 2.722012996674e-01 3.327245712280e-01 3.752406835556e-01 3.665702641010e-01 2.269495129585e-01 1.350105851889e-01 2.899093627930e-01 2.506780326366e-01 1.373369246721e-01 1.253783255816e-01 1.186745911837e-01 2.159855663776e-01 2.655043303967e-01 2.345563918352e-01 1.542081087828e-01 1.111343502998e-01 1.207574903965e-01 7.630100101233e-02 6.109729781747e-02 9.164025634527e-02 1.139153093100e-01 1.022123992443e-01 9.016100317240e-02 1.215655133128e-01 1.439863294363e-01 1.287435442209e-01 9.230601042509e-02 6.730255484581e-02 8.410871028900e-02 9.238144010305e-02 9.744638204575e-02
5.963808894157e-01 7.504801750183e-01 8.853372931480e-01 1.174009919167e+00 9.806813001633e-01 9.953184723854e-01 1.648118734360e+00 6.517283916473e-01 7.608165740967e-01 5.990396738052e-01 6.035202741623e-01 3.492723107338e-01 3.765979707241e-01 4.700937271118e-01 3.668841719627e-01 2.628348469734e-01 3.789472877979e-01 3.518307209015e-01 2.786680757999e-01 3.525598645210e-01 3.568520545959e-01 3.093884885311e-01 2.213207632303e-01 1.208766624331e-01 1.327069550753e-01 1.196984574199e-01 9.515837579966e-02 9.817558526993e-02 1.057835966349e-01 1.136644482613e-01 1.106618195772e-01 9.441488981247e-02 9.068311005831e-02 7.609752565622e-02 1.387157142162e-01 1.694721877575e-01 1.588682532310e-01 1.170047298074e-01 7.087626308203e-02 4.361939057708e-02 6.062183901668e-02 6.956181675196e-02 6.401347368956e-02
5.635746121407e-01 8.266845941544e-01 9.824107289314e-01 9.385929703712e-01 1.395867109299e+00 1.043748855591e+00 1.679050087929e+00 9.246136546135e-01 7.912358641624e-01 8.771393299103e-01 6.718235015869e-01 4.409489333630e-01 4.391320347786e-01 4.686726331711e-01 2.706017196178e-01 4.014224708080e-01 5.178154706955e-01 3.564848899841e-01 2.117356210947e-01 2.094466239214e-01 1.848474144936e-01 1.433362066746e-01 1.381128728390e-01 1.528538912535e-01 1.528817713261e-01 1.350179165602e-01 1.168407574296e-01 1.140477061272e-01 9.498278051615e-02 1.046287864447e-01 1.000567302108e-01 9.124696254730e-02 6.332028657198e-02 1.158602461219e-01 1.381972432137e-01 1.310119032860e-01 9.149890393019e-02 4.937713965774e-02 6.792838126421e-02 6.390713155270e-02 4.783151298761e-02 4.542726278305e-02 4.910260438919e-02
8.358763456345e-01 1.168779134750e+00 1.193104743958e+00 1.303065896034e+00 1.417978882790e+00 1.782412052155e+00 1.681260228157e+00 3.265904903412e+00 1.202897667885e+00 7.617815732956e-01 7.080926895142e-01 6.318230628967e-01 5.370815396309e-01 8.171977996826e-01 7.156147956848e-01 4.169638156891e-01 3.854978084564e-01 4.000584483147e-01 2.928555011749e-01 2.596065998077e-01 2.571580708027e-01 2.445672303438e-01 2.612710595131e-01 1.947320848703e-01 2.507793307304e-01 2.218758016825e-01 1.396248191595e-01 1.271149367094e-01 1.285849064589e-01 1.199875995517e-01 1.024219393730e-01 9.896830469370e-02 1.032722443342e-01 1.188383027911e-01 1.104805693030e-01 8.478033542633e-02 6.480252742767e-02 5.863543227315e-02 5.714718624949e-02 5.652130767703e-02 5.525086820126e-02 5.321940034628e-02 5.113379657269e-02
5.308090448380e-01 1.547163605690e+00 1.069733381271e+00 1.335593581200e+00 2.112908601761e+00 1.697475671768e+00 2.013639926910e+00 2.388477087021e+00 1.174753427505e+00 1.112542748451e+00 1.413010954857e+00 9.002264142036e-01 1.116806149483e+00 8.676333427429e-01 7.262388467789e-01 6.333634853363e-01 5.383142232895e-01 4.657352268696e-01 4.109128117561e-01 5.766139030457e-01 6.737110018730e-01 2.809663116932e-01 1.832126230001e-01 1.848452389240e-01 2.595629990101e-01 1.636980026960e-01 1.414781510830e-01 1.347731500864e-01 1.242922917008e-01 1.182475909591e-01 1.135420501232e-01 1.174261271954e-01 1.242449581623e-01 1.062134504318e-01 8.128841221333e-02 7.594481110573e-02 7.191430032253e-02 5.886096507311e-02 5.822803825140e-02 5.829791724682e-02 5.379418656230e-02 5.511579662561e-02 5.788808315992e-02
1.428135633469e+00 1.672213435173e+00 1.911184668541e+00 2.016260862350e+00 2.340115070343e+00 3.241637945175e+00 4.308080673218e+00 1.989193320274e+00 1.603453397751e+00 1.119748353958e+00 1.593425989151e+00 1.586712360382e+00 5.978413224220e-01 9.561111927032e-01 1.049133896828e+00 5.209068059921e-01 4.809528291225e-01 5.094159245491e-01 5.615101456642e-01 6.609125137329e-01 5.093151926994e-01 2.174409478903e-01 2.450840026140e-01 2.022081911564e-01 1.885736137629e-01 1.614338010550e-01 1.569317430258e-01 1.557108610868e-01 1.293770223856e-01 8.980911970139e-02 8.042486011982e-02 8.810978382826e-02 9.351146966219e-02 9.605467319489e-02 9.419469535351e-02 9.018275141716e-02 8.037892729044e-02 8.250036835670e-02 9.194066375494e-02 9.412741661072e-02 8.425676077604e-02 7.310471683741e-02 6.378192454576e-02
9.556912779808e-01 1.702752232552e+00 1.759415268898e+00 2.231506586075e+00 2.210264921188e+00 2.186605691910e+00 2.146207094193e+00 1.776083230972e+00 1.243369221687e+00 1.419170260429e+00 1.360296010971e+00 1.426075577736e+00 1.725731730461e+00 7.565290331841e-01 6.415604352951e-01 3.985762000084e-01 3.624743521214e-01 2.563253641129e-01 2.362952083349e-01 2.013609260321e-01 1.730806827545e-01 1.960348039865e-01 2.415845990181e-01 2.779207825661e-01 2.843637764454e-01 2.494516670704e-01 1.991185247898e-01 1.379050612450e-01 9.564247727394e-02 7.884961366653e-02 6.431619077921e-02 7.251169532537e-02 9.426100552082e-02 6.295429915190e-02 7.135251909494e-02 7.794266194105e-02 6.226389482617e-02 7.625205814838e-02 9.010866284370e-02 9.546023607254e-02 1.083115413785e-01 1.360305249691e-01 1.543991863728e-01
3.750299215317e-01 5.110010504723e-01 8.085073232651e-01 3.821520328522e+00 2.100647211075e+00 2.005816459656e+00 1.122643709183e+00 1.151941537857e+00 1.065153598785e+00 1.695333003998e+00 1.578299760818e+00 2.237152338028e+00 3.241502046585e+00 2.380016803741e+00 1.549952268600e+00 7.134158015251e-01 3.355155885220e-01 2.390668541193e-01 2.184232175350e-01 2.925243973732e-01 3.806898593903e-01 3.524583876133e-01 2.600983977318e-01 1.671373248100e-01 1.838191747665e-01 1.738247871399e-01 2.480224967003e-01 3.694472014904e-01 1.712759882212e-01 9.042175859213e-02 8.369477838278e-02 1.373565793037e-01 8.972115069628e-02 5.621105432510e-02 4.951478168368e-02 5.124419182539e-02 5.157223343849e-02 5.307325348258e-02 5.402047932148e-02 5.397953093052e-02 5.405942350626e-02 5.981389805675e-02 5.218924582005e-02
6.804306805134e-02 1.692068129778e-01 4.077061116695e-01 5.440429449081e-01 5.552159547806e-01 5.431573390961e-01 4.232580363750e-01 5.784522891045e-01 5.765209794044e-01 9.197819232941e-01 1.868421196938e+00 2.108650445938e+00 2.901424646378e+00 1.678297996521e+00 1.199847221375e+00 6.782508492470e-01 3.094530105591e-01 1.622051596642e-01 1.719107925892e-01 3.778325617313e-01 1.202921748161e+00 5.023158788681e-01 4.294385612011e-01 3.211388885975e-01 3.272775411606e-01 2.810163199902e-01 3.016342520714e-01 2.113187760115e-01 1.049280241132e-01 1.383368819952e-01 1.166837513447e-01 1.177027896047e-01 7.168451696634e-02 6.501466780901e-02 4.535097628832e-02 4.142005369067e-02 4.296355322003e-02 4.291797801852e-02 4.635098576546e-02 4.288283362985e-02 5.581404641271e-02 6.555375456810e-02 6.340307742357e-02
4.736161231995e-02 8.817450702190e-02 2.562457025051e-01 1.493019759655e-01 1.322470307350e-01 1.079401373863e-01 1.644833683968e-01 2.705216407776e-01 2.830882668495e-01 2.998565435410e-01 8.497220873833e-01 4.175158500671e+00 3.321111440659e+00 1.496995329857e+00 6.887525916100e-01 1.982277631760e-01 1.189510598779e-01 7.813565433025e-02 9.709184616804e-02 2.487509250641e-01 5.702591538429e-01 9.932355880737e-01 4.972713291645e-01 3.783329427242e-01 2.984898090363e-01 2.240173369646e-01 2.370748072863e-01 2.219097018242e-01 1.947359144688e-01 1.754578799009e-01 2.137324661016e-01 9.153471142054e-02 8.484167605639e-02 6.857504695654e-02 7.008526474237e-02 6.531938910484e-02 5.473812296987e-02 4.668411612511e-02 5.341637507081e-02 6.165505200624e-02 7.221838086843e-02 7.109337300062e-02 6.063353270292e-02
3.184451907873e-02 1.310777515173e-01 3.076754510403e-01 2.286993116140e-01 5.622629076242e-02 6.602101773024e-02 6.321851909161e-02 1.276984959841e-01 1.394254714251e-01 2.329130768776e-01 4.414729475975e-01 1.145180940628e+00 2.445369482040e+00 1.677244901657e+00 2.270420551300e+00 5.470784306526e-01 6.738612055779e-02 4.241739213467e-02 6.689946353436e-02 2.219364047050e-01 6.771035194397e-01 1.060995459557e+00 8.090296983719e-01 5.506054759026e-01 3.826214671135e-01 2.408639937639e-01 2.734208106995e-01 2.024841010571e-01 1.956692337990e-01 1.947111487389e-01 1.618314385414e-01 1.290408521891e-01 9.086608141661e-02 9.680314362049e-02 8.703462779522e-02 6.919848918915e-02 6.148183345795e-02 5.702497437596e-02 5.291680619121e-02 6.178670376539e-02 6.778316199780e-02 6.591726839542e-02 5.840631946921e-02
2.715028822422e-02 6.686328351498e-02 4.546073973179e-01 5.468534827232e-01 2.858368754387e-01 4.445981979370e-02 3.383253514767e-02 6.357407569885e-02 6.354754418135e-02 5.177603662014e-02 4.374394193292e-02 1.841936260462e-01 8.290738463402e-01 4.798720479012e-01 2.763131141663e+00 3.346188068390e-01 1.885756701231e-01 7.132998108864e-02 5.943570658565e-02 1.925303637981e-01 3.774007260799e-01 3.340534687042e+00 1.034102201462e+00 4.504932761192e-01 4.559902846813e-01 2.408782094717e-01 2.585927546024e-01 2.209023833275e-01 3.148788213730e-01 2.418482601643e-01 1.387092620134e-01 1.377608180046e-01 1.285218149424e-01 1.223833337426e-01 1.201537773013e-01 9.578819572926e-02 9.462102502584e-02 1.046842038631e-01 6.762998551130e-02 5.185551196337e-02 5.115536972880e-02 5.053487792611e-02 5.828855186701e-02
1.745121367276e-02 3.011877462268e-02 3.751448914409e-02 2.125759422779e-01 1.309691518545e-01 3.166698664427e-02 2.695296332240e-02 3.162303194404e-02 2.964532375336e-02 2.847848273814e-02 2.063596248627e-02 2.306382358074e-02 7.063458114862e-02 4.411154687405e-01 1.254171729088e+00 3.068820238113e-01 2.560706436634e-01 1.204310059547e-01 7.029370218515e-02 1.380450427532e-01 1.612147986889e-01 2.200308293104e-01 2.013255804777e-01 1.523185372353e-01 2.234804034233e-01 3.721204102039e-01 3.265603482723e-01 3.258466124535e-01 2.095202356577e-01 2.735314071178e-01 2.853530347347e-01 2.486478537321e-01 1.518465578556e-01 1.262237876654e-01 1.209121942520e-01 1.055508852005e-01 9.019896388054e-02 9.170883893967e-02 8.886301517487e-02 5.881818383932e-02 4.844577237964e-02 4.991530254483e-02 5.371402576566e-02
1.913116499782e-02 3.060526028275e-02 2.012990787625e-02 2.268840745091e-02 2.305168472230e-02 2.708098106086e-02 2.493353560567e-02 2.337990887463e-02 2.162478119135e-02 1.642063446343e-02 1.151726022363e-02 9.767435491085e-03 1.628509536386e-02 4.563481509686e-01 7.090594768524e-01 7.368969917297e-01 2.093304246664e-01 2.241362929344e-01 1.965189874172e-01 8.075720816851e-02 8.751102536917e-02 1.642989814281e-01 4.485424757004e-01 4.250563681126e-01 5.539717674255e-01 5.573034882545e-01 5.222916007042e-01 4.932833611965e-01 4.672373831272e-01 4.455423653126e-01 4.741521179676e-01 5.807643532753e-01 4.964146912098e-01 2.030738443136e-01 8.268665522337e-02 9.745090454817e-02 1.066682413220e-01 7.368540763855e-02 7.297270745039e-02 5.159285664558e-02 5.088180303574e-02 3.739460185170e-02 4.223161935806e-02
