VariationalSeries/SI/f114.grd
DSAA
101	101
32.816463539100	34.260883539100
35.556306596100	36.727886596100
2.601212327136e-05	4.308080673218e+00
[rows 57 to 75 of 101, columns 0 to 42 of 101]
1.443559885956e-03 2.371389418840e-03 2.576533937827e-03 2.579362597317e-03 2.726829377934e-03 3.334391163662e-03 3.732634475455e-03 4.092138260603e-03 4.428526852280e-03 4.525878932327e-03 4.356532823294e-03 6.105618085712e-03 1.046303659678e-02 5.720523186028e-03 4.162330646068e-03 6.275736261159e-03 5.619890056551e-03 6.315800361335e-03 7.635471411049e-03 7.938012480736e-03 8.190615102649e-03 6.118690129369e-03 4.254006780684e-03 3.741416847333e-03 4.058143123984e-03 5.620238836855e-03 8.979426696897e-03 1.113677397370e-02 8.706326596439e-03 5.079994443804e-03 3.980353940278e-03 3.131456673145e-03 3.281745128334e-03 3.947135526687e-03 4.667377565056e-03 5.993508733809e-03 6.907708011568e-03 7.444862276316e-03 1.230170670897e-02 1.612024381757e-02 1.382826734334e-02 1.226674765348e-02 1.378335431218e-02
1.825794461183e-03 2.988958265632e-03 3.414519131184e-03 3.465694142506e-03 3.428244497627e-03 3.334944602102e-03 3.328400896862e-03 3.486143192276e-03 3.631813451648e-03 5.901974160224e-03 1.915678940713e-02 2.218793518841e-02 8.291045203805e-03 4.310118034482e-03 4.327841103077e-03 4.022234585136e-03 4.348129034042e-03 4.330330993980e-03 4.952601622790e-03 6.274972110987e-03 7.603358943015e-03 8.122842758894e-03 5.681083537638e-03 3.573677502573e-03 4.115250427276e-03 6.277940236032e-03 9.480144828558e-03 1.015582587570e-02 1.029196847230e-02 6.546060089022e-03 3.949784208089e-03 3.586579114199e-03 3.431816818193e-03 4.109894391149e-03 4.854247905314e-03 5.028252024204e-03 5.172200966626e-03 5.384014453739e-03 5.431128200144e-03 5.861824378371e-03 7.072184234858e-03 9.674066677690e-03 1.114095561206e-02
2.441413933411e-03 4.014324862510e-03 4.644969478250e-03 6.608583498746e-03 8.490630425513e-03 1.078069116920e-02 1.419052015990e-02 2.070276811719e-02 3.799810260534e-02 5.366912856698e-02 3.570063784719e-02 9.087852202356e-03 6.146538536996e-03 5.378137808293e-03 3.911369945854e-03 4.104475956410e-03 4.337430931628e-03 4.266832489520e-03 4.074799828231e-03 4.354325588793e-03 7.335449568927e-03 8.314026519656e-03 5.898063071072e-03 3.393342019990e-03 2.660213038325e-03 4.102295730263e-03 5.816832650453e-03 6.014550570399e-03 6.272981408983e-03 5.102661438286e-03 3.558847354725e-03 3.746333532035e-03 3.547749482095e-03 3.982444759458e-03 4.807590041310e-03 4.985709674656e-03 4.754872526973e-03 4.363836254925e-03 4.017240367830e-03 4.497225396335e-03 5.739912856370e-03 7.352728862315e-03 9.737171232700e-03
2.385647501796e-03 4.284201655537e-03 7.482185494155e-03 1.070012897253e-02 1.355237327516e-02 1.795497350395e-02 2.613653615117e-02 3.904720023274e-02 3.925526887178e-02 1.816153712571e-02 4.389459732920e-03 5.118985194713e-03 5.567877553403e-03 4.947487730533e-03 4.431515932083e-03 4.651451017708e-03 4.659681580961e-03 4.469573963434e-03 3.483027918264e-03 3.406525123864e-03 5.284106358886e-03 5.895745474845e-03 4.376804456115e-03 2.740047406405e-03 2.107051433995e-03 2.277479739860e-03 3.054396947846e-03 3.779118647799e-03 4.424085840583e-03 3.825942054391e-03 3.500552615151e-03 3.274414921179e-03 3.496000776067e-03 3.873068606481e-03 4.648889880627e-03 4.768148530275e-03 4.319446627051e-03 3.701103152707e-03 3.385793184862e-03 3.764127613977e-03 5.548899527639e-03 6.983076687902e-03 8.911699987948e-03
1.445425674319e-03 2.520015696064e-03 3.081175498664e-03 3.243655664846e-03 3.249656641856e-03 3.235357813537e-03 3.206941531971e-03 3.138228785247e-03 3.078271634877e-03 3.010573331267e-03 2.825069939718e-03 2.976883202791e-03 3.254813840613e-03 4.164498765022e-03 4.683448933065e-03 4.891022574157e-03 4.705889150500e-03 4.173825494945e-03 3.081988776103e-03 2.458239439875e-03 2.959481906146e-03 3.070845967159e-03 2.423410536721e-03 1.797583419830e-03 1.583939418197e-03 1.728007569909e-03 2.219449495897e-03 2.669364912435e-03 3.180546686053e-03 3.424896858633e-03 3.242130856961e-03 2.897787606344e-03 3.361016279086e-03 4.069719929248e-03 4.858574829996e-03 4.704212769866e-03 3.911037463695e-03 3.102693241090e-03 3.431931836531e-03 3.843463025987e-03 5.725410766900e-03 7.110086735338e-03 8.397564291954e-03
6.789691396989e-04 1.265792525373e-03 1.642003306188e-03 1.813896815293e-03 1.880762982182e-03 1.935592503287e-03 1.987960422412e-03 2.026539528742e-03 2.087055239826e-03 2.147761406377e-03 2.104884246364e-03 1.978905405849e-03 2.014554804191e-03 2.674576826394e-03 3.146592061967e-03 3.312015207484e-03 3.012574044988e-03 2.679649973288e-03 2.262726658955e-03 1.921722316183e-03 1.578805269673e-03 1.473052660003e-03 1.215997617692e-03 1.344718388282e-03 1.586106605828e-03 1.668445300311e-03 1.840198412538e-03 2.217754721642e-03 2.692291047424e-03 2.946190303192e-03 2.903608838096e-03 2.742589684203e-03 3.357132663950e-03 4.508986137807e-03 5.240913014859e-03 4.733788315207e-03 3.553078742698e-03 3.059084992856e-03 3.518020035699e-03 4.136144649237e-03 5.555397830904e-03 6.276175379753e-03 7.238484453410e-03
4.671517526731e-04 7.868919055909e-04 9.773160563782e-04 1.113319653086e-03 1.197952660732e-03 1.271855900995e-03 1.342694624327e-03 1.401929417625e-03 1.472931122407e-03 1.545685576275e-03 1.555480179377e-03 1.505534281023e-03 1.448244554922e-03 1.396928448230e-03 1.407035277225e-03 1.595593406819e-03 1.682581380010e-03 1.659818459302e-03 1.523533370346e-03 1.456762896851e-03 1.258358941413e-03 1.180545892566e-03 1.035408931784e-03 1.369385281578e-03 1.687906798907e-03 1.849319553003e-03 1.839596312493e-03 1.823859289289e-03 2.223954070359e-03 2.474152250215e-03 2.534778090194e-03 2.520289272070e-03 3.409361001104e-03 4.771765787154e-03 5.266358144581e-03 4.397417418659e-03 3.109568729997e-03 3.075407585129e-03 3.678843379021e-03 4.131813067943e-03 4.800757858902e-03 5.523835308850e-03 5.671603139490e-03
3.778507234529e-04 6.436718394980e-04 8.115027449094e-04 8.926099981181e-04 9.505031630397e-04 9.995897999033e-04 1.035633962601e-03 1.042518764734e-03 1.078726723790e-03 1.120468252338e-03 1.129419310018e-03 1.110604498535e-03 1.091800513677e-03 1.066925935447e-03 1.106275129132e-03 1.271016662940e-03 1.350926468149e-03 1.332985819317e-03 1.232799724676e-03 1.149525865912e-03 1.222099643201e-03 1.186466426589e-03 1.028967206366e-03 1.367185264826e-03 1.724668778479e-03 1.943640178069e-03 1.970143988729e-03 1.908939681016e-03 1.958274981007e-03 2.146726008505e-03 2.236387692392e-03 2.352186711505e-03 3.392080543563e-03 4.669040907174e-03 4.808395635337e-03 3.782698186114e-03 2.887945156544e-03 3.161123488098e-03 3.852949943393e-03 4.070060793310e-03 4.255422390997e-03 4.601493943483e-03 4.224021919072e-03
3.638494818006e-04 5.829159636050e-04 7.396353757940e-04 8.120725397021e-04 8.433001930825e-04 8.700967882760e-04 8.796587935649e-04 8.639396983199e-04 8.679954917170e-04 8.790310239419e-04 8.830706938170e-04 9.167410898954e-04 9.433617815375e-04 9.649845305830e-04 9.907007915899e-04 1.032180734910e-03 1.103579881601e-03 1.116401166655e-03 1.127231051214e-03 1.084539690055e-03 1.122460118495e-03 1.172967487946e-03 1.041458570398e-03 1.295504858717e-03 1.636471599340e-03 1.863750512712e-03 1.904087490402e-03 1.866952748969e-03 1.969698816538e-03 2.027144189924e-03 2.065803855658e-03 2.199787180871e-03 3.182448912412e-03 4.192069638520e-03 4.072636831552e-03 3.249428933486e-03 2.814320847392e-03 3.389461897314e-03 3.901045769453e-03 3.806946566328e-03 3.702278481796e-03 3.732510143891e-03 3.428866388276e-03
3.408488119021e-04 5.411187885329e-04 6.791017367505e-04 7.403749041259e-04 7.665870361961e-04 7.859123288654e-04 7.880602497607e-04 7.709648925811e-04 7.673442596570e-04 8.252440020442e-04 8.751226705499e-04 9.200961212628e-04 9.598847827874e-04 9.933310793713e-04 1.023685792461e-03 1.053106505424e-03 1.074879546650e-03 1.078372355551e-03 1.057054032572e-03 1.031038933434e-03 1.033423817717e-03 1.131810597144e-03 1.069979975000e-03 1.175755402073e-03 1.464607776143e-03 1.665582181886e-03 1.931154052727e-03 2.108203247190e-03 2.116208896041e-03 2.047871705145e-03 2.002572873607e-03 2.046440495178e-03 2.797620836645e-03 3.492831019685e-03 3.345128614455e-03 2.896847669035e-03 3.040218958631e-03 3.449739888310e-03 3.689795965329e-03 3.346551209688e-03 3.102698829025e-03 2.948325127363e-03 2.933907089755e-03
3.143714857288e-04 4.982359823771e-04 6.242513190955e-04 6.826763856225e-04 7.073428714648e-04 7.179589592852e-04 7.126945420168e-04 7.067708647810e-04 7.193855708465e-04 7.811163668521e-04 8.367380942218e-04 8.888784213923e-04 9.367802995257e-04 9.769321186468e-04 1.008082064800e-03 1.028357190080e-03 1.031020539813e-03 1.118401763961e-03 1.141972490586e-03 1.059755682945e-03 9.665217949077e-04 1.038565183990e-03 1.059917500243e-03 1.057142857462e-03 1.289107603952e-03 1.455624937080e-03 1.761746243574e-03 2.047280082479e-03 2.114773495123e-03 2.045454224572e-03 1.962607493624e-03 1.939889159985e-03 2.233727602288e-03 2.710266038775e-03 2.660076133907e-03 2.457652706653e-03 2.629860304296e-03 2.923970809206e-03 3.024701727554e-03 2.631703624502e-03 2.433172427118e-03 2.255156170577e-03 2.212767256424e-03
2.920494880527e-04 4.636165685952e-04 5.832134047523e-04 6.413473747671e-04 6.626326940022e-04 6.639679777436e-04 6.534078274854e-04 6.534982239828e-04 6.795973167755e-04 7.058636983857e-04 7.607756997459e-04 8.148482884280e-04 8.649176452309e-04 9.071073145606e-04 9.376683156006e-04 9.776493534446e-04 1.075696432963e-03 1.210798393004e-03 1.270569628105e-03 1.236153882928e-03 1.131442957558e-03 1.006457488984e-03 1.033467357047e-03 1.046945224516e-03 1.148645300418e-03 1.282263197936e-03 1.321391086094e-03 1.593575580046e-03 1.803302788176e-03 1.867194077931e-03 1.844800310209e-03 1.871383748949e-03 1.929344027303e-03 1.992716221139e-03 1.974693732336e-03 1.909252139740e-03 2.023022621870e-03 2.347831614316e-03 2.498783171177e-03 2.054431941360e-03 1.836109906435e-03 1.639637979679e-03 1.806150190532e-03
2.758862392511e-04 4.392363771331e-04 5.546805332415e-04 6.097629084252e-04 6.244541145861e-04 6.194690358825e-04 6.088183727115e-04 6.046425551176e-04 6.248416029848e-04 6.515759741887e-04 6.612931611016e-04 7.137710344978e-04 7.620354881510e-04 8.034334750846e-04 8.401313680224e-04 9.358105598949e-04 1.093909959309e-03 1.248120446689e-03 1.352715305984e-03 1.384244766086e-03 1.346330041997e-03 1.266039442271e-03 1.169268158264e-03 1.080185291357e-03 1.040208153427e-03 1.148837036453e-03 1.171298790723e-03 1.122076064348e-03 1.373405917548e-03 1.575937028974e-03 1.709855976515e-03 1.808909932151e-03 1.869389787316e-03 1.808639033698e-03 1.625211792998e-03 1.591666950844e-03 1.788140623830e-03 2.227233722806e-03 2.581178909168e-03 2.318692626432e-03 1.707068062387e-03 1.527349115349e-03 1.735927769914e-03
2.699917531572e-04 4.291627556086e-04 5.399259971455e-04 5.885420832783e-04 5.962239229120e-04 5.878123338334e-04 5.821120576002e-04 5.900231190026e-04 5.884839920327e-04 5.944484146312e-04 6.056223646738e-04 6.693970644847e-04 7.363911136054e-04 8.059052634053e-04 8.674174314365e-04 9.565888321958e-04 1.112159341574e-03 1.269788597710e-03 1.411662204191e-03 1.499565201811e-03 1.514624571428e-03 1.477084471844e-03 1.413172576576e-03 1.347983488813e-03 1.309767831117e-03 1.285222824663e-03 1.238233176991e-03 1.167887006886e-03 1.359662855975e-03 1.525206957012e-03 1.649021753110e-03 1.762036816217e-03 1.821896759793e-03 1.701954985037e-03 1.621252973564e-03 1.654795836657e-03 1.801337464713e-03 2.152020577341e-03 2.485822653398e-03 2.254648134112e-03 1.741870306432e-03 1.520977471955e-03 1.730219926685e-03
2.744703087956e-04 4.340173327364e-04 5.411524325609e-04 5.837060743943e-04 5.862147663720e-04 5.743766087107e-04 5.730733391829e-04 5.747946561314e-04 5.875160568394e-04 5.907859303989e-04 6.271022139117e-04 6.902237655595e-04 7.519593928009e-04 8.107628091238e-04 8.583243470639e-04 9.845296153799e-04 1.160693471320e-03 1.327313715592e-03 1.488391193561e-03 1.605240977369e-03 1.643369323574e-03 1.618923037313e-03 1.558871590532e-03 1.484180917032e-03 1.422752509825e-03 1.361936097965e-03 1.260173856281e-03 1.160657848231e-03 1.331960782409e-03 1.476198667660e-03 1.600147690624e-03 1.719624153338e-03 1.759313629009e-03 1.616933383048e-03 1.643732888624e-03 1.691088313237e-03 1.841436955146e-03 2.086159074679e-03 2.245948184282e-03 1.974745886400e-03 1.620677183382e-03 1.412026234902e-03 1.605574158020e-03
2.815227489918e-04 4.438022151589e-04 5.492592463270e-04 5.882255500183e-04 5.876912036911e-04 5.816144985147e-04 6.063581095077e-04 6.236557965167e-04 6.335475482047e-04 6.351977935992e-04 6.297447835095e-04 6.633086595684e-04 7.348452927545e-04 8.222813485190e-04 8.506031590514e-04 9.644101373851e-04 1.187385059893e-03 1.379732508212e-03 1.532230875455e-03 1.628292724490e-03 1.649671583436e-03 1.605332479812e-03 1.522291218862e-03 1.424870919436e-03 1.333471736871e-03 1.241486985236e-03 1.111659803428e-03 1.159421750344e-03 1.306634978391e-03 1.436656224541e-03 1.555081806146e-03 1.653820974752e-03 1.654417021200e-03 1.527383690700e-03 1.664961921051e-03 2.076586708426e-03 1.964031951502e-03 2.076973440126e-03 1.999545609578e-03 1.689209835604e-03 1.466485671699e-03 1.284271478653e-03 1.456791185774e-03
2.775948960334e-04 4.361848114058e-04 5.366555415094e-04 5.726225790568e-04 5.718317115679e-04 5.838426295668e-04 5.998363485560e-04 6.076996214688e-04 6.098267622292e-04 6.063182954676e-04 6.082080071792e-04 6.827764445916e-04 7.947142585181e-04 8.901639375836e-04 9.187549003400e-04 8.988777408376e-04 1.134994556196e-03 1.331588951871e-03 1.442421693355e-03 1.481512095779e-03 1.460906933062e-03 1.381719717756e-03 1.276239170693e-03 1.184717286378e-03 1.110478187911e-03 1.030679093674e-03 1.036936533637e-03 1.149989548139e-03 1.280153985135e-03 1.397054176778e-03 1.499012927525e-03 1.555504975840e-03 1.512150396593e-03 1.464625354856e-03 1.737182610668e-03 1.857400173321e-03 1.900799921714e-03 2.085930434987e-03 2.021763008088e-03 1.657332759351e-03 1.423557871021e-03 1.308363047428e-03 1.414292142726e-03
2.542837173678e-04 3.969978715759e-04 4.855384759139e-04 5.167872295715e-04 5.472611519508e-04 5.711004487239e-04 5.608840729110e-04 5.351976724342e-04 5.290439003147e-04 5.671739345416e-04 6.194956949912e-04 7.164018461481e-04 8.470481261611e-04 9.459381690249e-04 9.736322099343e-04 9.574488503858e-04 1.038917223923e-03 1.206086715683e-03 1.268559717573e-03 1.254693605006e-03 1.192372408696e-03 1.082000904717e-03 1.040590694174e-03 1.232326030731e-03 1.249924069270e-03 1.198431593366e-03 1.174175646156e-03 1.178683131002e-03 1.244740560651e-03 1.346442964859e-03 1.417447696440e-03 1.419689389877e-03 1.333205844276e-03 1.352628110908e-03 1.583699602634e-03 2.256004372612e-03 1.935785985552e-03 2.713317982852e-03 2.407875377685e-03 2.022187924013e-03 1.714085810818e-03 1.411007600836e-03 1.592730521224e-03
2.626864588819e-04 3.872312372550e-04 4.752360109705e-04 5.491587216966e-04 6.051034433767e-04 6.183621007949e-04 6.004631286487e-04 5.666885408573e-04 5.273165879771e-04 5.724726361223e-04 6.346655427478e-04 7.521403022110e-04 8.966700988822e-04 9.973748819903e-04 1.024636207148e-03 1.008662045933e-03 9.537200676277e-04 1.098392182030e-03 1.140562235378e-03 1.204434665851e-03 1.635328168049e-03 1.498828758486e-03 1.129900570959e-03 1.285447273403e-03 1.248130807653e-03 1.149965333752e-03 1.092209480703e-03 1.097783562727e-03 1.202153041959e-03 1.280571916141e-03 1.307844999246e-03 1.256674760953e-03 1.142457476817e-03 1.215143012814e-03 1.346631092019e-03 2.005584537983e-03 2.513359300792e-03 3.939713351429e-03 3.644027514383e-03 2.395541872829e-03 1.824041944928e-03 1.680967048742e-03 2.070466987789e-03
