VariationalSeries/SI/f114.grd
DSAA
101	101
32.816463539100	34.260883539100
35.556306596100	36.727886596100
2.601212327136e-05	4.308080673218e+00
[rows 76 to 94 of 101, columns 0 to 42 of 101]
2.750566345640e-04 3.979605971836e-04 5.238904268481e-04 6.205745157786e-04 6.670945440419e-04 6.715280469507e-04 6.488546496257e-04 6.126744556241e-04 5.715041770600e-04 6.157375755720e-04 6.963619962335e-04 8.351812139153e-04 9.892593370751e-04 1.088104792871e-03 1.108024967834e-03 1.075672218576e-03 9.796471567824e-04 1.041980460286e-03 1.072910497896e-03 1.147823059000e-03 1.583966542967e-03 1.549093401991e-03 1.016589463688e-03 1.103704096749e-03 1.022778800689e-03 9.385559824295e-04 9.629895794205e-04 1.070669735782e-03 1.201811828651e-03 1.270331093110e-03 1.223140512593e-03 1.151825417764e-03 1.119607244618e-03 1.110153039917e-03 1.220857375301e-03 1.462941407226e-03 2.831706544384e-03 3.374967956915e-03 3.176733618602e-03 2.239101566374e-03 2.218635985628e-03 3.662999486551e-03 6.381504703313e-03
2.768097037915e-04 4.477394395508e-04 5.945131415501e-04 6.859640125185e-04 7.225453737192e-04 7.190515752882e-04 6.906553753652e-04 6.485945777968e-04 6.723478436470e-04 7.465964881703e-04 8.593975799158e-04 1.016322174110e-03 1.161515479907e-03 1.232300302945e-03 1.213322975673e-03 1.125439652242e-03 9.586904197931e-04 9.843970183283e-04 9.886046173051e-04 8.801684016362e-04 9.036478586495e-04 9.470492368564e-04 8.280330803245e-04 9.967006044462e-04 1.055940985680e-03 9.686615667306e-04 1.043310854584e-03 1.256664050743e-03 1.394889201038e-03 1.410925178789e-03 1.316095353104e-03 1.207611639984e-03 1.198709243909e-03 1.169569324702e-03 1.422753441148e-03 1.535103772767e-03 2.537621418014e-03 2.836423693225e-03 3.123105969280e-03 3.531940281391e-03 7.306920830160e-03 9.531352669001e-03 9.024051949382e-03
2.949297195300e-04 4.706157196779e-04 6.131862173788e-04 6.940697785467e-04 7.199948304333e-04 7.081197109073e-04 6.721752579324e-04 7.319153519347e-04 8.249640231952e-04 9.232112206519e-04 1.050230348483e-03 1.184200868011e-03 1.270813401788e-03 1.268437015824e-03 1.177661237307e-03 1.022579614073e-03 8.123150910251e-04 8.518023532815e-04 8.249662932940e-04 7.234394433908e-04 6.606518873014e-04 7.414066931233e-04 8.962174179032e-04 1.194757409394e-03 1.258067553863e-03 1.137224026024e-03 1.395416446030e-03 1.513751572929e-03 1.548194210045e-03 1.514016534202e-03 1.415495062247e-03 1.311905682087e-03 1.249159220606e-03 1.431358861737e-03 1.845117541961e-03 2.393055474386e-03 3.150894073769e-03 3.917825408280e-03 3.286913037300e-03 8.600546047091e-03 9.917126037180e-03 9.582817554474e-03 9.461808949709e-03
2.664978674147e-04 4.213401116431e-04 5.433490150608e-04 6.088832742535e-04 6.255774060264e-04 6.083759944886e-04 6.958513986319e-04 7.921209908091e-04 8.692238479853e-04 9.458342683502e-04 1.026293961331e-03 1.086001051590e-03 1.092654885724e-03 1.028567901812e-03 9.083879413083e-04 7.596416980959e-04 7.079187780619e-04 6.829025805928e-04 6.382769206539e-04 5.887448205613e-04 6.116575095803e-04 6.811961065978e-04 1.075567444786e-03 1.463268068619e-03 1.582373399287e-03 1.665105111897e-03 1.713329111226e-03 1.726427115500e-03 1.626270823181e-03 1.529205474071e-03 1.446963404305e-03 1.373531413265e-03 1.519343699329e-03 1.806966727600e-03 2.305181231350e-03 2.657016972080e-03 2.591164084151e-03 4.241157323122e-03 4.943974781781e-03 7.287778425962e-03 8.485825732350e-03 8.508764207363e-03 8.683476597071e-03
2.203577605542e-04 3.528998640832e-04 4.303604073357e-04 4.706701438408e-04 4.832475678995e-04 5.603721947409e-04 6.437887204811e-04 6.951346294954e-04 7.188523304649e-04 7.399680325761e-04 7.645161240362e-04 7.790655945428e-04 7.638615788892e-04 7.068654522300e-04 7.249977206811e-04 7.419966859743e-04 7.339581497945e-04 6.961547769606e-04 6.368444883265e-04 5.789997521788e-04 5.759483901784e-04 7.086349069141e-04 1.210889779031e-03 1.664404408075e-03 1.886605634354e-03 2.004620619118e-03 2.020307118073e-03 2.079171361402e-03 2.025076420978e-03 1.743190572597e-03 1.499730045907e-03 1.436702790670e-03 1.672537880950e-03 1.833386952057e-03 1.939944573678e-03 2.087858738378e-03 2.774536609650e-03 4.093082156032e-03 5.407383199781e-03 5.485422443599e-03 8.578031323850e-03 1.030512806028e-02 8.084335364401e-03
3.016091650352e-04 4.562776011880e-04 5.520812119357e-04 5.946853198111e-04 6.194142042659e-04 6.306326249614e-04 6.343798013404e-04 6.302990368567e-04 6.183343357407e-04 6.018106942065e-04 6.250099977478e-04 6.792195490561e-04 7.263302686624e-04 7.670628256164e-04 7.957469788380e-04 8.029048913158e-04 7.802530890331e-04 7.253260700963e-04 6.516824942082e-04 6.364351720549e-04 6.078815204091e-04 7.638147217222e-04 1.247414504178e-03 1.717187697068e-03 4.275159444660e-03 1.264521759003e-02 1.345699653029e-02 6.062666885555e-03 3.526146989316e-03 2.781071932986e-03 1.975647872314e-03 1.521757920273e-03 1.776844146661e-03 2.331918338314e-03 1.888171653263e-03 2.264251699671e-03 2.509985584766e-03 4.224991891533e-03 7.382991723716e-03 7.214995101094e-03 7.996596395969e-03 1.057663653046e-02 1.454386021942e-02
4.265505995136e-04 6.298308144324e-04 7.516937912442e-04 8.162693120539e-04 8.343445952050e-04 8.297258755192e-04 8.130910573527e-04 7.876774179749e-04 7.553846808150e-04 7.249574409798e-04 8.522680145688e-04 9.791214251891e-04 1.089215162210e-03 1.164587913081e-03 1.189848640934e-03 1.157758990303e-03 1.068845856935e-03 9.296099306084e-04 8.621189044788e-04 8.194621768780e-04 7.670540944673e-04 8.953168289736e-04 1.247218460776e-03 2.801767084748e-03 1.183567754924e-02 3.405687212944e-02 3.723468258977e-02 1.873224787414e-02 8.122500032187e-03 3.987043630332e-03 2.576227532700e-03 1.940374262631e-03 1.748112030327e-03 2.485733013600e-03 2.693971386179e-03 2.795636421070e-03 2.504441654310e-03 3.805155865848e-03 8.704448118806e-03 1.308529078960e-02 8.636590093374e-03 8.349808864295e-03 1.849965937436e-02
5.354806198739e-04 7.645284640603e-04 9.147034725174e-04 9.728633449413e-04 9.703738032840e-04 9.385293815285e-04 8.928246097639e-04 8.690399699844e-04 1.017238246277e-03 1.240891986527e-03 1.471731229685e-03 1.689755241387e-03 1.875255955383e-03 2.021456602961e-03 2.122160745785e-03 2.158384770155e-03 2.102341270074e-03 1.921531278640e-03 1.585035235621e-03 1.181824482046e-03 1.092223566957e-03 1.115400576964e-03 2.463388023898e-03 4.459182266146e-03 1.280305255204e-02 1.053330153227e-01 1.970200389624e-01 4.283814877272e-02 1.876123622060e-02 6.729923654348e-03 3.150521544740e-03 2.401206875220e-03 2.319583203644e-03 3.223700681701e-03 3.875380847603e-03 3.781870240346e-03 3.127210307866e-03 4.618102684617e-03 7.328795734793e-03 1.606474071741e-02 1.615203171968e-02 7.990563288331e-03 1.925543881953e-02
5.694947903976e-04 7.965694530867e-04 9.309342713095e-04 9.631348657422e-04 9.305588318966e-04 9.694126201794e-04 1.071127131581e-03 1.138478750363e-03 1.359488116577e-03 1.673521008343e-03 2.001019427553e-03 2.311905380338e-03 2.584638772532e-03 2.827878575772e-03 3.061329480261e-03 3.282537916675e-03 3.430246142671e-03 3.370047546923e-03 2.920350525528e-03 2.096793847159e-03 1.622169744223e-03 2.315307036042e-03 4.072810988873e-03 5.773806478828e-03 2.523410134017e-02 6.060799583793e-02 7.707329094410e-02 2.337400615215e-02 8.794646710157e-03 5.351570434868e-03 4.586969502270e-03 5.617102608085e-03 7.253806106746e-03 6.727630272508e-03 4.859142471105e-03 4.821612965316e-03 4.035280086100e-03 4.711167421192e-03 5.168448667973e-03 1.055586896837e-02 1.404170785099e-02 9.033643640578e-03 3.376995399594e-02
7.784999324940e-04 1.232705544680e-03 1.553996582516e-03 1.736675272696e-03 1.838456257246e-03 1.877737697214e-03 1.859213458374e-03 1.790878246538e-03 1.685964642093e-03 1.732049393468e-03 2.090343972668e-03 2.451381180435e-03 2.794120227918e-03 3.123213304207e-03 3.474787808955e-03 3.889293177053e-03 4.291836638004e-03 4.439025651664e-03 3.998547792435e-03 3.669255645946e-03 3.653681837022e-03 3.940489143133e-03 5.052393302321e-03 6.856510881335e-03 1.304949726909e-02 4.803218878806e-03 3.780069760978e-03 3.779133083299e-03 4.113336093724e-03 4.454130772501e-03 4.931300878525e-03 3.454697132111e-02 2.273952774704e-02 1.811217144132e-02 1.092474441975e-02 1.609159074724e-02 1.480688154697e-02 6.956977769732e-03 5.425969138741e-03 6.513477768749e-03 9.711884893477e-03 2.570472657681e-02 3.906342759728e-02
1.428395626135e-03 2.220082795247e-03 2.719497540966e-03 2.922098618001e-03 2.954765688628e-03 2.880921121687e-03 2.733090193942e-03 2.539412351325e-03 2.368574263528e-03 2.457497874275e-03 2.520606387407e-03 2.541427966207e-03 2.675149124116e-03 3.037700429559e-03 3.381026210263e-03 3.767461283132e-03 4.149854648858e-03 6.191728636622e-03 7.996920496225e-03 8.050670847297e-03 8.218100294471e-03 8.126080967486e-03 5.933852400631e-03 7.138993125409e-03 3.539082594216e-03 2.674882300198e-03 2.459997544065e-03 2.131765009835e-03 2.410008572042e-03 3.368356497958e-03 7.580359000713e-03 4.111431539059e-02 2.928250469267e-02 2.009247802198e-02 1.755364425480e-02 3.730372339487e-02 3.559094667435e-02 1.607743091881e-02 1.204961538315e-02 1.113687269390e-02 1.432970818132e-02 2.424596436322e-02 4.344189167023e-02
2.051516668871e-03 3.121965099126e-03 3.674429375678e-03 3.772113472223e-03 4.619841463864e-03 4.967576358467e-03 4.882446024567e-03 4.550736863166e-03 4.104313906282e-03 3.721175482497e-03 3.760844469070e-03 3.680098336190e-03 3.880311036482e-03 4.474811255932e-03 4.901558626443e-03 5.288226995617e-03 5.985464435071e-03 6.614008918405e-03 6.085847970098e-03 6.958336103708e-03 7.294711191207e-03 5.945732817054e-03 4.875254351646e-03 2.787216799334e-03 2.450051251799e-03 1.904436619952e-03 1.578914350830e-03 1.267020241357e-03 1.158796017990e-03 2.065244363621e-03 3.294671187177e-03 1.750161126256e-02 2.314097061753e-02 3.482405468822e-02 3.696067631245e-02 4.788110405207e-02 3.398496285081e-02 1.592679508030e-02 2.503117173910e-02 2.505353651941e-02 1.784078963101e-02 2.339399233460e-02 7.495506852865e-02
2.404069760814e-03 3.622555406764e-03 4.190193023533e-03 4.671496804804e-03 5.664423108101e-03 6.046568509191e-03 5.908160004765e-03 5.472707562149e-03 4.889712668955e-03 4.264683462679e-03 3.798624733463e-03 4.179298412055e-03 4.834407940507e-03 5.550382658839e-03 6.034326739609e-03 6.194186862558e-03 5.806675646454e-03 4.772521555424e-03 3.770444775000e-03 3.259722841904e-03 2.773093525320e-03 1.943256938830e-03 1.739391940646e-03 1.663534669206e-03 1.481598126702e-03 1.208671368659e-03 9.317931253463e-04 8.825536351651e-04 1.125153969042e-03 1.702873851173e-03 2.445499878377e-03 9.714160114527e-03 1.059193350375e-02 2.037473022938e-02 2.362591400743e-02 5.429428815842e-02 4.781203716993e-02 2.498886734247e-02 2.278680168092e-02 9.999296069145e-02 2.351370453835e-01 6.099467352033e-02 3.748602420092e-02
1.792789669707e-03 2.675537951291e-03 3.056996036321e-03 3.091690829024e-03 3.690360113978e-03 3.899397794157e-03 3.788294736296e-03 3.496480640024e-03 3.113653510809e-03 2.708900719881e-03 2.516937674955e-03 2.705770079046e-03 2.808020915836e-03 2.824881579727e-03 2.794462256134e-03 2.836850238964e-03 2.544094575569e-03 2.037269994617e-03 2.371791284531e-03 2.235211897641e-03 1.780169899575e-03 1.297659939155e-03 1.214449410327e-03 1.082692528144e-03 9.053919930011e-04 7.117947097868e-04 8.099809638225e-04 1.126321847551e-03 1.411687466316e-03 2.902070293203e-03 3.670146921650e-03 5.487124901265e-03 9.507562033832e-03 7.113480009139e-03 6.147773005068e-03 7.475309539586e-03 4.658803716302e-02 2.689095027745e-02 2.084563858807e-02 1.335053741932e-01 2.947354912758e-01 3.241029009223e-02 1.169758290052e-02
8.480213000439e-04 1.252461690456e-03 1.476044300944e-03 1.677649444900e-03 1.756188459694e-03 1.825108774938e-03 1.842833007686e-03 1.746464520693e-03 1.660922891460e-03 1.637578592636e-03 1.607563695870e-03 1.477302401327e-03 1.504949410446e-03 1.546455314383e-03 1.533863483928e-03 1.450857380405e-03 1.964753959328e-03 2.508751582354e-03 2.363808685914e-03 1.768486690708e-03 1.127762370743e-03 8.188211359084e-04 7.422475609928e-04 6.429534987547e-04 5.359548376873e-04 8.245661738329e-04 1.270137378015e-03 1.696091610938e-03 2.346179448068e-03 3.806309541687e-03 5.231886636466e-03 7.056601345539e-03 8.129619061947e-03 6.886263377964e-03 4.213289823383e-03 4.894209094346e-03 9.491319768131e-03 2.393744699657e-02 3.937390819192e-02 4.111299291253e-02 2.180708199739e-02 8.355368860066e-03 7.800475228578e-03
5.622666212730e-04 8.187337080017e-04 1.038380782120e-03 1.173052238300e-03 1.225537038408e-03 1.219501718879e-03 1.190379611216e-03 1.133733429015e-03 1.066644443199e-03 9.957355214283e-04 9.230838040821e-04 8.506276062690e-04 7.811985560693e-04 7.659206748940e-04 7.561504608020e-04 1.070901169442e-03 1.824261853471e-03 2.157788723707e-03 1.846272032708e-03 1.272048451938e-03 7.739991415292e-04 4.936398472637e-04 4.948709392920e-04 5.414317129180e-04 7.360570598394e-04 1.251970534213e-03 1.888395403512e-03 2.661366481334e-03 3.789934562519e-03 5.172312725335e-03 7.740884087980e-03 7.989954203367e-03 7.275644689798e-03 3.939779475331e-03 2.982782432809e-03 4.061446525156e-03 4.906889982522e-03 1.868717931211e-02 4.620573297143e-02 2.653927169740e-02 1.585481502116e-02 7.132704835385e-03 6.771077401936e-03
3.910482628271e-04 5.662963376381e-04 7.082875235938e-04 7.963257376105e-04 8.359208004549e-04 8.409161237068e-04 8.227628422901e-04 7.888050167821e-04 7.441731868312e-04 6.913790712133e-04 6.334803765640e-04 5.719213513657e-04 6.090911920182e-04 6.125094951130e-04 5.653615808114e-04 6.345219444484e-04 1.136095612310e-03 1.413521124050e-03 1.320414012298e-03 1.032694592141e-03 7.292136433534e-04 4.899914492853e-04 5.294108414091e-04 6.081492756493e-04 1.039709430188e-03 2.307553309947e-03 4.929755814373e-03 4.560702014714e-03 3.766041016206e-03 6.975528318435e-03 9.498173370957e-03 8.147362619638e-03 5.881531164050e-03 2.742531243712e-03 2.933638403192e-03 4.034249112010e-03 5.641355644912e-03 1.998896151781e-02 3.363417834044e-02 1.592610031366e-02 9.235839359462e-03 5.694521591067e-03 5.113484337926e-03
2.619556908030e-04 3.758793172892e-04 4.662278806791e-04 5.213280091994e-04 5.455951322801e-04 5.481446278282e-04 5.353621672839e-04 5.113543593325e-04 4.785416531377e-04 4.389932146296e-04 4.358264268376e-04 4.897540784441e-04 5.109574995004e-04 4.886007518508e-04 4.680913989432e-04 5.353837041184e-04 5.945516750216e-04 7.220315746963e-04 8.254318381660e-04 7.963590906002e-04 6.775623187423e-04 5.351008730941e-04 5.651031970046e-04 7.760332082398e-04 1.353104249574e-03 4.017508123070e-03 5.745436996222e-03 3.416540566832e-03 3.832944668829e-03 7.375827059150e-03 9.985661134124e-03 7.910961285233e-03 5.505810026079e-03 3.777799429372e-03 4.169215448201e-03 4.031746182591e-03 8.679901249707e-03 3.471095487475e-02 2.508112788200e-02 6.653842981905e-03 1.332360040396e-02 5.798228550702e-03 3.954109270126e-03
1.542188838357e-04 2.193341642851e-04 2.700681798160e-04 3.000357828569e-04 3.121043846477e-04 3.115899453405e-04 3.020432486665e-04 2.857273793779e-04 2.745434467215e-04 3.349400358275e-04 3.918434958905e-04 4.291078657843e-04 4.322055319790e-04 4.778684524354e-04 5.525824963115e-04 6.282121175900e-04 6.942501058802e-04 7.372302934527e-04 7.440304616466e-04 7.096866029315e-04 6.470989901572e-04 6.008190684952e-04 6.678547943011e-04 9.669770952314e-04 1.631872146390e-03 4.503099713475e-03 4.746212158352e-03 3.763747401536e-03 3.425579750910e-03 6.597459781915e-03 9.244946762919e-03 7.206397596747e-03 7.035265211016e-03 4.747430328280e-03 5.022723227739e-03 3.604301949963e-03 8.269556798041e-03 2.235724963248e-02 1.088947523385e-02 7.806130219251e-03 1.765743084252e-02 5.708336830139e-03 3.025637939572e-03
