VariationalSeries/SI/f116_max.grd
DSAA
101	101
32.816463539100	34.260883539100
35.556306596100	36.727886596100
2.311947355338e-05	3.832174777985e+00
[rows 19 to 37 of 101, columns 43 to 85 of 101]
3.746547922492e-02 4.621665179729e-02 6.009342521429e-02 6.125439330935e-02 3.973487019539e-02 6.112986430526e-02 3.097555972636e-02 3.241120278835e-02 3.487116843462e-02 3.537197783589e-02 3.228440880775e-02 4.769239202142e-02 5.747019872069e-02 5.702734738588e-02 3.785204514861e-02 4.623110219836e-02 6.096649169922e-02 5.713403970003e-02 3.147614374757e-02 5.076862871647e-02 2.335366420448e-02 3.281747177243e-02 4.405667632818e-02 2.174761518836e-02 2.160892076790e-02 2.535445988178e-02 2.092613466084e-02 2.649104595184e-02 2.457826584578e-02 1.946565322578e-02 2.098844572902e-02 2.883176691830e-02 3.255686908960e-02 2.521604485810e-02 2.253438904881e-02 1.821432262659e-02 1.250997651368e-02 1.384776737541e-02 1.531622093171e-02 1.275391038507e-02 1.181594934314e-02 1.041798200458e-02 1.132560800761e-02
3.383561596274e-02 4.528212174773e-02 6.422597169876e-02 7.408178597689e-02 5.364598706365e-02 5.405446141958e-02 3.187457099557e-02 3.434229642153e-02 3.022244200110e-02 3.785484656692e-02 3.961437195539e-02 4.460869356990e-02 6.152321398258e-02 6.067411601543e-02 4.686447978020e-02 5.025783181190e-02 5.953565984964e-02 6.457263231277e-02 3.715017065406e-02 4.909400641918e-02 2.669538557529e-02 4.973585903645e-02 6.191750988364e-02 2.874970063567e-02 2.521411143243e-02 2.595780417323e-02 2.587067522109e-02 2.740018628538e-02 2.134948968887e-02 2.071513421834e-02 2.911731600761e-02 3.803909197450e-02 3.397708386183e-02 2.709016017616e-02 2.212665975094e-02 1.823698543012e-02 1.317479647696e-02 1.619243249297e-02 1.254351809621e-02 1.063377875835e-02 1.133787911385e-02 9.934653528035e-03 1.034853234887e-02
3.648022562265e-02 5.180212855339e-02 5.930509418249e-02 7.754493504763e-02 6.610140949488e-02 4.626318812370e-02 3.173206001520e-02 3.639119863510e-02 2.899899892509e-02 3.541937470436e-02 3.735934942961e-02 4.262641444802e-02 5.845835804939e-02 6.628422439098e-02 5.650850385427e-02 5.371566489339e-02 5.703249946237e-02 7.058412581682e-02 4.236120358109e-02 4.549111425877e-02 3.000967390835e-02 6.163058057427e-02 6.780618429184e-02 3.232913464308e-02 2.463063411415e-02 3.039523400366e-02 2.920423634350e-02 2.370007149875e-02 2.009344287217e-02 2.896569482982e-02 4.061348363757e-02 3.938206657767e-02 2.660205028951e-02 3.090393170714e-02 2.192950621247e-02 1.678876951337e-02 1.567649841309e-02 1.665211655200e-02 1.381875760853e-02 1.076645776629e-02 1.058008987457e-02 7.802092935890e-03 7.706983014941e-03
3.484489396214e-02 4.882019385695e-02 5.028562620282e-02 7.402116805315e-02 7.315164059401e-02 4.835098981857e-02 4.224634543061e-02 3.855388239026e-02 2.856762893498e-02 3.102073632181e-02 3.611143678427e-02 4.320327192545e-02 4.850748926401e-02 6.960082799196e-02 6.294451653957e-02 5.232084915042e-02 5.273660272360e-02 7.571518421173e-02 4.666279256344e-02 4.076264053583e-02 3.330949693918e-02 6.121451035142e-02 5.910087749362e-02 2.819862402976e-02 2.678541094065e-02 3.182951733470e-02 2.650301903486e-02 2.151662670076e-02 3.049003519118e-02 4.297605901957e-02 4.225550964475e-02 2.935221046209e-02 2.237855084240e-02 3.211129456758e-02 1.576559804380e-02 1.560067757964e-02 1.935587450862e-02 1.474566292018e-02 1.585140824318e-02 1.010714098811e-02 1.128015387803e-02 9.417477995157e-03 8.500187657773e-03
2.834549359977e-02 3.396018594503e-02 5.223565921187e-02 6.555354595184e-02 7.371462136507e-02 4.904064163566e-02 5.255217105150e-02 4.409306496382e-02 3.094210475683e-02 2.652437239885e-02 3.763010725379e-02 4.216653853655e-02 4.991962760687e-02 7.476002722979e-02 6.375207751989e-02 4.938050732017e-02 4.746559262276e-02 7.886245846748e-02 4.978277161717e-02 4.920752346516e-02 3.879868239164e-02 5.032963678241e-02 4.408219456673e-02 2.619035728276e-02 3.313493356109e-02 3.078510239720e-02 2.254671603441e-02 3.252936527133e-02 4.659191519022e-02 4.528031870723e-02 3.073517419398e-02 1.817522011697e-02 2.408951334655e-02 3.012430109084e-02 1.619555242360e-02 1.672313548625e-02 2.040018327534e-02 1.543404068798e-02 1.739272661507e-02 1.055184472352e-02 1.071658451110e-02 8.867542259395e-03 9.018527343869e-03
3.663681820035e-02 3.652053698897e-02 5.899116396904e-02 5.542733892798e-02 7.006928324699e-02 5.475832149386e-02 5.036623030901e-02 5.580346286297e-02 4.850035905838e-02 3.706531599164e-02 4.052737355232e-02 3.981602564454e-02 5.444182455540e-02 7.997739315033e-02 5.726775899529e-02 4.735452681780e-02 4.045145958662e-02 8.066363632679e-02 6.281911581755e-02 5.436029285192e-02 4.590587690473e-02 4.879652708769e-02 2.952478639781e-02 3.196215257049e-02 3.401394933462e-02 2.301657572389e-02 3.532581403852e-02 5.026000738144e-02 4.784469306469e-02 3.205654025078e-02 1.716760918498e-02 1.357678044587e-02 3.222574666142e-02 2.518101595342e-02 1.542286481708e-02 2.169715054333e-02 1.878008060157e-02 1.555445045233e-02 1.847795024514e-02 1.306327246130e-02 9.274479933083e-03 8.835408836603e-03 7.790657691658e-03
5.754535272717e-02 3.559112548828e-02 3.549498692155e-02 6.109657883644e-02 6.457288563251e-02 5.783868581057e-02 4.452986270189e-02 5.106509849429e-02 5.806972458959e-02 5.704672634602e-02 4.862760379910e-02 6.021875515580e-02 5.918863415718e-02 8.314530551434e-02 4.957339540124e-02 4.287636280060e-02 5.656290054321e-02 8.126346021891e-02 7.109853625298e-02 5.212376639247e-02 4.949830472469e-02 5.264314636588e-02 3.315310180187e-02 3.482563421130e-02 2.849369682372e-02 3.697781264782e-02 5.474657192826e-02 5.129368230700e-02 3.336141258478e-02 2.181884832680e-02 3.068617358804e-02 1.892017014325e-02 3.760675713420e-02 2.200336195529e-02 1.803094334900e-02 2.321293950081e-02 2.259062044322e-02 1.589176245034e-02 1.907608471811e-02 1.442085299641e-02 8.655629120767e-03 8.321239612997e-03 9.641444310546e-03
7.695577293634e-02 3.660701587796e-02 3.582223504782e-02 5.630181357265e-02 5.818653106689e-02 5.923071876168e-02 4.804646223783e-02 4.921034350991e-02 4.829274863005e-02 6.255108118057e-02 6.825324892998e-02 6.097167357802e-02 6.394097954035e-02 8.426994085312e-02 4.304388538003e-02 6.624566018581e-02 7.936258614063e-02 8.139901608229e-02 6.909488141537e-02 4.130400344729e-02 4.703457653522e-02 4.824515059590e-02 3.342923521996e-02 2.876706607640e-02 3.727854788303e-02 5.824212357402e-02 5.618454515934e-02 3.517829626799e-02 3.100720793009e-02 4.274215549231e-02 3.879543021321e-02 3.522467613220e-02 3.664135187864e-02 2.461654879153e-02 2.322771213949e-02 1.924086734653e-02 2.463491819799e-02 1.681597344577e-02 1.914556510746e-02 1.433455944061e-02 9.225674904883e-03 1.055990718305e-02 1.362042035908e-02
8.402901142836e-02 3.761040419340e-02 4.333774000406e-02 3.734395653009e-02 6.375287473202e-02 5.988314747810e-02 5.108828097582e-02 5.228961631656e-02 4.940927401185e-02 6.243088841438e-02 6.581622362137e-02 5.735446512699e-02 6.821148842573e-02 8.122605085373e-02 7.218000292778e-02 8.775778114796e-02 8.472772687674e-02 7.912956923246e-02 4.696604236960e-02 4.188331589103e-02 4.841657727957e-02 4.875813052058e-02 3.468078747392e-02 3.568854928017e-02 6.073084101081e-02 6.200951337814e-02 3.886245563626e-02 3.164234757423e-02 4.651036113501e-02 3.859050571918e-02 3.136748448014e-02 3.445916995406e-02 2.840867079794e-02 2.694640681148e-02 2.301938273013e-02 1.600487157702e-02 2.413055859506e-02 1.814707554877e-02 1.877273432910e-02 1.298068370670e-02 1.124922186136e-02 1.511297095567e-02 1.707798987627e-02
7.377540320158e-02 5.495648086071e-02 5.019265040755e-02 3.544249013066e-02 4.643344506621e-02 6.047730892897e-02 6.374692916870e-02 5.559886619449e-02 6.494829058647e-02 9.545271843672e-02 5.447222292423e-02 5.055472999811e-02 7.104761898518e-02 7.478094100952e-02 9.362787008286e-02 9.056787937880e-02 7.842238992453e-02 7.655970007181e-02 5.171785876155e-02 5.628108233213e-02 5.028653517365e-02 4.853735864162e-02 3.260139003396e-02 6.163148954511e-02 6.834419071674e-02 4.417819529772e-02 3.615202382207e-02 4.931954294443e-02 4.363814741373e-02 2.856819331646e-02 4.160458594561e-02 3.617612645030e-02 2.155742980540e-02 2.475695125759e-02 2.054151333869e-02 2.206304669380e-02 2.196739241481e-02 1.990829408169e-02 1.821884699166e-02 1.677456125617e-02 1.874541491270e-02 2.103854715824e-02 1.773928664625e-02
4.980092495680e-02 8.278801292181e-02 5.496955290437e-02 4.357325285673e-02 5.228364095092e-02 5.930443853140e-02 5.671729892492e-02 5.953875556588e-02 8.518268167973e-02 1.181576773524e-01 7.937493175268e-02 5.509499087930e-02 7.160581648350e-02 8.919993042946e-02 9.544306248426e-02 1.318876892328e-01 6.997248530388e-02 7.102131843567e-02 5.791606754065e-02 5.692997202277e-02 5.176490545273e-02 4.786442220211e-02 6.102675572038e-02 7.255214452744e-02 4.981568083167e-02 4.069981351495e-02 4.868881031871e-02 4.872731491923e-02 4.163133352995e-02 4.172731190920e-02 4.418557509780e-02 2.480046451092e-02 2.345002256334e-02 2.115891315043e-02 1.830270886421e-02 1.711811311543e-02 2.979066967964e-02 2.351486682892e-02 2.165209874511e-02 2.500117942691e-02 2.490939199924e-02 1.827817596495e-02 1.223065331578e-02
5.583821237087e-02 9.174371510744e-02 5.685557797551e-02 4.816776141524e-02 6.166050955653e-02 5.684996023774e-02 5.911114439368e-02 7.456783950329e-02 9.823067486286e-02 1.187091246247e-01 9.481537342072e-02 9.414891153574e-02 8.329610526562e-02 9.783215820789e-02 1.154736280441e-01 1.670774519444e-01 7.279250770807e-02 7.887903600931e-02 7.822379469872e-02 6.395874917507e-02 5.065110698342e-02 6.088754534721e-02 7.630559802055e-02 5.485351383686e-02 4.558162763715e-02 4.808096587658e-02 4.647106304765e-02 5.136228352785e-02 4.999559000134e-02 5.022738501430e-02 3.780243545771e-02 2.050345763564e-02 2.804140746593e-02 1.734003052115e-02 1.808493956923e-02 1.848491653800e-02 4.106024280190e-02 2.744509279728e-02 2.879995852709e-02 2.319172769785e-02 1.408825349063e-02 8.194789290428e-03 8.133016526699e-03
1.105958148837e-01 7.255103439093e-02 7.953353971243e-02 5.115999653935e-02 7.503570616245e-02 5.817805230618e-02 6.370090693235e-02 8.619465678930e-02 1.034156605601e-01 1.005557179451e-01 9.707611054182e-02 9.807390719652e-02 9.258434921503e-02 7.504951208830e-02 7.921731472015e-02 1.065478846431e-01 5.976572632790e-02 7.798146456480e-02 8.525105565786e-02 7.113660126925e-02 6.332858651876e-02 7.986800372601e-02 5.978177860379e-02 5.084976926446e-02 4.713614284992e-02 4.316054284573e-02 4.636425152421e-02 5.483862012625e-02 5.503754317760e-02 4.943859949708e-02 3.079791925848e-02 1.959648728371e-02 2.986546978354e-02 2.376430109143e-02 2.865855954587e-02 3.048029914498e-02 4.630127921700e-02 2.708999253809e-02 2.142766490579e-02 1.484137494117e-02 1.329999323934e-02 1.006098277867e-02 9.747074916959e-03
1.795412898064e-01 7.848168909550e-02 8.904122561216e-02 6.495379656553e-02 8.319831639528e-02 7.114200294018e-02 7.002156972885e-02 9.899538010359e-02 1.062925010920e-01 8.361931145191e-02 1.169080287218e-01 1.436915993690e-01 8.004307001829e-02 9.397511929274e-02 5.748602375388e-02 6.674966961145e-02 6.360282003880e-02 7.585979253054e-02 7.330606132746e-02 6.651460379362e-02 8.481132984161e-02 6.455257534981e-02 5.306437984109e-02 4.759961739182e-02 5.119016021490e-02 4.785835742950e-02 4.775761067867e-02 5.961092561483e-02 5.999768525362e-02 5.443065613508e-02 3.745773434639e-02 3.308857604861e-02 3.283696249127e-02 2.977561764419e-02 2.881433069706e-02 4.430274665356e-02 3.809645026922e-02 1.839156262577e-02 1.986920833588e-02 2.030740678310e-02 1.882195286453e-02 1.454134006053e-02 1.052629388869e-02
1.966075748205e-01 2.053764462471e-01 8.514296263456e-02 8.531861007214e-02 9.165495634079e-02 8.613320440054e-02 1.182148754597e-01 1.109568253160e-01 1.048789098859e-01 7.801174372435e-02 1.195812523365e-01 1.601845920086e-01 9.583274275064e-02 9.051597863436e-02 7.309395074844e-02 7.444810867310e-02 7.923591136932e-02 7.490563392639e-02 7.250239700079e-02 9.081366658211e-02 7.071615010500e-02 6.059841811657e-02 5.190252512693e-02 4.063874855638e-02 5.015298724174e-02 5.588646233082e-02 5.155026167631e-02 6.408922374249e-02 6.684524565935e-02 5.958269909024e-02 4.434493929148e-02 3.275866806507e-02 2.912966161966e-02 2.472710795701e-02 4.013315215707e-02 4.594122990966e-02 2.047327160835e-02 2.090713754296e-02 2.179546654224e-02 2.210034802556e-02 2.088628523052e-02 1.745483279228e-02 1.211164146662e-02
9.467627853155e-02 2.768036723137e-01 2.022711932659e-01 8.446238934994e-02 9.662173688412e-02 1.073178201914e-01 1.144921332598e-01 1.165402159095e-01 9.317089617252e-02 8.154114335775e-02 1.363668590784e-01 1.568872183561e-01 1.232720687985e-01 8.342098444700e-02 7.648951560259e-02 8.582994341850e-02 1.330935806036e-01 8.353134244680e-02 1.007302552462e-01 7.761535793543e-02 5.590436607599e-02 5.446831509471e-02 4.602562263608e-02 5.606099963188e-02 5.681121349335e-02 6.490660458803e-02 7.143375277519e-02 5.488646030426e-02 6.504295021296e-02 6.497633457184e-02 5.048102512956e-02 2.694486640394e-02 2.737593092024e-02 4.245879128575e-02 4.602288082242e-02 2.689819969237e-02 1.855359785259e-02 1.873143576086e-02 1.864972710609e-02 1.893526501954e-02 1.887040212750e-02 1.747621223330e-02 1.397206168622e-02
1.742273718119e-01 1.309899091721e-01 3.228738903999e-01 1.503612846136e-01 9.774682670832e-02 1.319846659899e-01 9.918113797903e-02 1.107446998358e-01 1.459213197231e-01 1.130877956748e-01 1.569724529982e-01 1.247083768249e-01 1.313729733229e-01 1.100629866123e-01 9.056805074215e-02 8.468121290207e-02 1.935522258282e-01 1.168798729777e-01 9.399423003197e-02 1.144900992513e-01 6.810031086206e-02 5.559762939811e-02 5.936336889863e-02 6.248829513788e-02 6.019030883908e-02 6.363769620657e-02 9.006467461586e-02 5.481987074018e-02 6.755951046944e-02 7.057639211416e-02 5.723122879863e-02 3.689078241587e-02 4.679711908102e-02 4.328905418515e-02 2.475179173052e-02 2.082473412156e-02 1.966804452240e-02 1.841487176716e-02 1.711580529809e-02 1.593283377588e-02 1.626103371382e-02 1.680806279182e-02 1.527025736868e-02
2.356782704592e-01 3.071781396866e-01 1.853157430887e-01 3.176154494286e-01 1.180218756199e-01 1.598547101021e-01 1.370640844107e-01 1.461803317070e-01 2.047942727804e-01 1.693881601095e-01 1.954211592674e-01 1.125020161271e-01 1.192407011986e-01 1.242810785770e-01 1.113622188568e-01 8.788635581732e-02 2.272211760283e-01 1.288077533245e-01 1.342737972736e-01 9.304636716843e-02 5.058896169066e-02 5.591974779963e-02 7.104951888323e-02 6.443683058023e-02 5.854395776987e-02 5.579466745257e-02 8.782060444355e-02 6.016449257731e-02 7.584559172392e-02 7.482672482729e-02 5.934445187449e-02 4.726812988520e-02 3.543526679277e-02 1.867002621293e-02 1.832574792206e-02 1.914995536208e-02 1.895259320736e-02 2.025998011231e-02 1.989410817623e-02 1.887677609921e-02 2.059749886394e-02 2.393712475896e-02 2.499383874238e-02
4.634467959404e-01 3.077528476715e-01 3.248562514782e-01 2.691988348961e-01 2.448836117983e-01 1.797615289688e-01 1.972416192293e-01 1.743928045034e-01 1.797076612711e-01 1.987372040749e-01 2.298790812492e-01 1.338011622429e-01 1.175723820925e-01 1.262617111206e-01 1.382659971714e-01 1.308412104845e-01 1.752588897943e-01 1.298196017742e-01 1.294422298670e-01 1.033340767026e-01 8.438927680254e-02 1.002015843987e-01 1.008683964610e-01 8.344272524118e-02 6.091576442122e-02 5.205333977938e-02 6.891476362944e-02 7.399573177099e-02 7.843890786171e-02 6.550280749798e-02 4.594813659787e-02 2.919582463801e-02 2.554597519338e-02 2.721423469484e-02 3.216519579291e-02 3.525088354945e-02 3.685597330332e-02 3.667583689094e-02 3.480225801468e-02 3.183523565531e-02 2.895257249475e-02 2.897433564067e-02 2.564751543105e-02
