VariationalSeries/SI/f116_max.grd
DSAA
101	101
32.816463539100	34.260883539100
35.556306596100	36.727886596100
2.311947355338e-05	3.832174777985e+00
[rows 38 to 56 of 101, columns 43 to 85 of 101]
2.337787747383e-01 3.629426956177e-01 3.882203996181e-01 2.295167446136e-01 3.855887651443e-01 1.890668272972e-01 1.939912885427e-01 2.614693045616e-01 2.236637175083e-01 1.794750690460e-01 2.643812298775e-01 1.370649933815e-01 1.508647501469e-01 1.276763528585e-01 1.982535272837e-01 1.442999243736e-01 1.562606543303e-01 8.897008001804e-02 1.211189702153e-01 1.838135421276e-01 1.872944086790e-01 1.435284018517e-01 9.898100793362e-02 7.836689800024e-02 6.743783503771e-02 6.071339920163e-02 5.652469396591e-02 5.784096568823e-02 5.141606926918e-02 3.859254717827e-02 3.834760189056e-02 4.539278522134e-02 5.187396332622e-02 5.333949252963e-02 5.408884957433e-02 5.419756472111e-02 5.336991325021e-02 4.929017648101e-02 4.376969486475e-02 3.901169449091e-02 3.515498712659e-02 3.515737876296e-02 2.983665466309e-02
2.319751977921e-01 4.815176129341e-01 3.110413253307e-01 4.341556131840e-01 3.122075200081e-01 4.407331347466e-01 3.710846006870e-01 2.295873314142e-01 2.327755838633e-01 1.866135895252e-01 3.002093434334e-01 1.941895931959e-01 1.256375908852e-01 1.447607427835e-01 2.633520662785e-01 1.569636315107e-01 1.797658056021e-01 2.808828949928e-01 2.517705261707e-01 1.705958098173e-01 1.151847243309e-01 7.828231900930e-02 7.145084440708e-02 6.449292600155e-02 6.492100656033e-02 6.203185021877e-02 5.436022579670e-02 4.740189388394e-02 4.275669157505e-02 4.267203062773e-02 4.684991762042e-02 4.400614649057e-02 3.611402958632e-02 3.063162043691e-02 2.960171736777e-02 2.553697675467e-02 2.719205059111e-02 2.988335490227e-02 3.288555517793e-02 3.640365600586e-02 3.942561894655e-02 5.187433958054e-02 5.350777134299e-02
3.413431048393e-01 2.390689700842e-01 4.239794909954e-01 3.352898061275e-01 3.567937910557e-01 4.648053348064e-01 2.827926278114e-01 2.573287189007e-01 1.839789897203e-01 1.910260319710e-01 3.213392496109e-01 1.739766597748e-01 1.785283982754e-01 1.751964241266e-01 2.137902528048e-01 3.453198671341e-01 2.355876415968e-01 1.219266578555e-01 1.138293668628e-01 7.549727708101e-02 5.743926763535e-02 8.265022933483e-02 1.085259616375e-01 9.776166826487e-02 7.041446119547e-02 6.138159707189e-02 5.999407544732e-02 5.529971420765e-02 4.775564372540e-02 4.438862204552e-02 4.174527153373e-02 4.232525080442e-02 4.048962518573e-02 3.764159604907e-02 3.676253557205e-02 3.863566741347e-02 3.811516612768e-02 3.460161015391e-02 4.581966251135e-02 6.246715039015e-02 5.133621022105e-02 3.830869868398e-02 3.314655274153e-02
3.803435862064e-01 3.473787605762e-01 5.528652667999e-01 4.618723988533e-01 4.372076690197e-01 4.814949035645e-01 4.526459574699e-01 2.493947893381e-01 2.814669013023e-01 2.676395177841e-01 3.157151937485e-01 2.473010718822e-01 2.299733757973e-01 3.914611637592e-01 2.523446083069e-01 1.867264956236e-01 1.586984246969e-01 1.284695267677e-01 9.453781694174e-02 1.524752527475e-01 1.641966700554e-01 8.626064658165e-02 1.361137181520e-01 1.034516990185e-01 9.307680279016e-02 8.205683529377e-02 7.245115190744e-02 6.477302312851e-02 5.833218619227e-02 5.622771754861e-02 1.051756590605e-01 4.467910528183e-02 4.242313280702e-02 4.014910012484e-02 5.072573199868e-02 6.330581009388e-02 5.805930495262e-02 6.642667204142e-02 5.635162815452e-02 6.180274486542e-02 6.236462667584e-02 6.100197881460e-02 5.601716786623e-02
3.628314733505e-01 5.007510185242e-01 4.328444898129e-01 4.301054775715e-01 3.991092741489e-01 5.053912997246e-01 7.967743277550e-01 3.444727659225e-01 4.014405012131e-01 4.011442065239e-01 3.646275401115e-01 3.650595545769e-01 4.176681935787e-01 2.384593486786e-01 2.579621672630e-01 1.452848166227e-01 1.963147222996e-01 2.623932659626e-01 2.064106166363e-01 1.977613270283e-01 2.055768072605e-01 1.386217623949e-01 8.587912470102e-02 8.333086967468e-02 7.725857943296e-02 7.253575325012e-02 8.830881118774e-02 1.526287943125e-01 1.831289529800e-01 1.623679399490e-01 8.010964840651e-02 5.785213410854e-02 5.489965528250e-02 5.943072587252e-02 7.480328530073e-02 7.670131325722e-02 6.944444030523e-02 6.213891133666e-02 4.614674672484e-02 5.742414295673e-02 6.862059235573e-02 6.850191950798e-02 6.589403748512e-02
4.290362298489e-01 6.243393421173e-01 1.028951764107e+00 6.315725445747e-01 1.014827489853e+00 5.235540270805e-01 1.248979091644e+00 3.580905795097e-01 6.915907859802e-01 5.012024641037e-01 4.374111592770e-01 4.283386766911e-01 2.420326769352e-01 2.959069311619e-01 3.336346745491e-01 3.259232938290e-01 2.017875313759e-01 1.200634688139e-01 2.578120231628e-01 2.229219675064e-01 1.221274286509e-01 1.114906594157e-01 1.055339276791e-01 1.920650601387e-01 2.360936105251e-01 2.085686177015e-01 1.371107250452e-01 9.882124513388e-02 1.073749586940e-01 6.784261018038e-02 5.432061851025e-02 8.147450536489e-02 1.012775674462e-01 9.087308496237e-02 8.015879243612e-02 1.080624237657e-01 1.279921084642e-01 1.144420206547e-01 8.205182105303e-02 5.982111021876e-02 7.475916296244e-02 8.211234211922e-02 8.661434054375e-02
5.304287075996e-01 6.674389243126e-01 7.874385118484e-01 1.044102311134e+00 8.721073865891e-01 8.852073550224e-01 1.465884566307e+00 5.794640779495e-01 6.767648458481e-01 5.328623056412e-01 5.367209911346e-01 3.106641769409e-01 3.348765671253e-01 4.180067777634e-01 3.262360990047e-01 2.337502092123e-01 3.369996845722e-01 3.128806650639e-01 2.478301972151e-01 3.135405480862e-01 3.173517584801e-01 2.751358449459e-01 1.968131214380e-01 1.074819043279e-01 1.179997771978e-01 1.064306050539e-01 8.461875468493e-02 8.729843795300e-02 9.405611455441e-02 1.010617762804e-01 9.839107096195e-02 8.394552767277e-02 8.062600344419e-02 6.765714287758e-02 1.233157813549e-01 1.506563276052e-01 1.412284970284e-01 1.040121540427e-01 6.300529837608e-02 3.878158330917e-02 5.389803647995e-02 6.184662878513e-02 5.691364407539e-02
5.011826157570e-01 7.350680828094e-01 8.736485242844e-01 8.348165750504e-01 1.241528868675e+00 9.283860325813e-01 1.493514895439e+00 8.223206400871e-01 7.037196159363e-01 7.800654768944e-01 5.975034832954e-01 3.920844197273e-01 3.905697464943e-01 4.167473316193e-01 2.406478673220e-01 3.570259213448e-01 4.605372846127e-01 3.170461058617e-01 1.882763653994e-01 1.862214654684e-01 1.643566191196e-01 1.274589747190e-01 1.228115707636e-01 1.359210610390e-01 1.359440982342e-01 1.200581863523e-01 1.038858592510e-01 1.013996303082e-01 8.444692939520e-02 9.303818643093e-02 8.896416425705e-02 8.112993091345e-02 5.629576370120e-02 1.030042916536e-01 1.228620558977e-01 1.164732947946e-01 8.134429901838e-02 4.390241205692e-02 6.039687246084e-02 5.682115256786e-02 4.252754151821e-02 4.038050025702e-02 4.364741966128e-02
7.434036731720e-01 1.039356827736e+00 1.061018943787e+00 1.158998608589e+00 1.261316657066e+00 1.585520029068e+00 1.495584607124e+00 2.904531955719e+00 1.069797992706e+00 6.774744391441e-01 6.297472119331e-01 5.619833469391e-01 4.776747822762e-01 7.267291545868e-01 6.364989280701e-01 3.708063960075e-01 3.427770733833e-01 3.557107150555e-01 2.603899240494e-01 2.308781594038e-01 2.286953926086e-01 2.174932807684e-01 2.322889864445e-01 1.731251031160e-01 2.229771316051e-01 1.972780078650e-01 1.241560354829e-01 1.130302846432e-01 1.143242269754e-01 1.066779568791e-01 9.105851501226e-02 8.798874169588e-02 9.181853383780e-02 1.056572124362e-01 9.822579473257e-02 7.537578791380e-02 5.762034654617e-02 5.213230848312e-02 5.080837756395e-02 5.025120452046e-02 4.912101104856e-02 4.731427505612e-02 4.545389488339e-02
4.721715152264e-01 1.375952601433e+00 9.514551758766e-01 1.187813758850e+00 1.879345297813e+00 1.510092854500e+00 1.791180014610e+00 2.124539375305e+00 1.044943809509e+00 9.896058440208e-01 1.256944656372e+00 8.007912039757e-01 9.934235811234e-01 7.717600464821e-01 6.459608674049e-01 5.633286237717e-01 4.787727892399e-01 4.142093658447e-01 3.654430508614e-01 5.127814412117e-01 5.990864634514e-01 2.498270124197e-01 1.628997772932e-01 1.643152087927e-01 2.307327091694e-01 1.455467790365e-01 1.257891207933e-01 1.198428049684e-01 1.105206459761e-01 1.051437258720e-01 1.009577512741e-01 1.044088602066e-01 1.104696318507e-01 9.443628787994e-02 7.227437943220e-02 6.752931326628e-02 6.394348293543e-02 5.232588201761e-02 5.176262557507e-02 5.182391777635e-02 4.782017692924e-02 4.899483174086e-02 5.145894363523e-02
1.270017623901e+00 1.487240552902e+00 1.699675559998e+00 1.793218612671e+00 2.081742525101e+00 2.883656740189e+00 3.832174777985e+00 1.769197106361e+00 1.426139116287e+00 9.961113929749e-01 1.417528152466e+00 1.411523461342e+00 5.316032171249e-01 8.502703905106e-01 9.330236911774e-01 4.632984995842e-01 4.277350306511e-01 4.530116915703e-01 4.992944002151e-01 5.876278877258e-01 4.528047740459e-01 1.933801919222e-01 2.178612053394e-01 1.798133701086e-01 1.676589101553e-01 1.435404121876e-01 1.395343542099e-01 1.384463757277e-01 1.150312647223e-01 7.985027879477e-02 7.151198387146e-02 7.834315299988e-02 8.314397931099e-02 8.540300279856e-02 8.374722301960e-02 8.017832785845e-02 7.146044075489e-02 7.335278391838e-02 8.174344152212e-02 8.368512243032e-02 7.490745931864e-02 6.499126553535e-02 5.670191347599e-02
8.499525189400e-01 1.514409065247e+00 1.564920186996e+00 1.984909772873e+00 1.966332793236e+00 1.945214509964e+00 1.909287929535e+00 1.579813599586e+00 1.105993270874e+00 1.262232661247e+00 1.209889054298e+00 1.268337368965e+00 1.534801483154e+00 6.727573871613e-01 5.706356167793e-01 3.545171916485e-01 3.223388195038e-01 2.279403209686e-01 2.101454287767e-01 1.790638566017e-01 1.539368480444e-01 1.743472963572e-01 2.148518562317e-01 2.471596896648e-01 2.528791129589e-01 2.218194603920e-01 1.770244538784e-01 1.226005852222e-01 8.502285182476e-02 7.009391486645e-02 5.719300732017e-02 6.447648257017e-02 8.381167054176e-02 5.595892295241e-02 6.343891471624e-02 6.929661333561e-02 5.535576492548e-02 6.779975444078e-02 8.011857420206e-02 8.487489074469e-02 9.629842638969e-02 1.209394186735e-01 1.372664570808e-01
3.335411250591e-01 4.543597102165e-01 7.191492319107e-01 3.399168968201e+00 1.868046164513e+00 1.783913373947e+00 9.985699653625e-01 1.024689674377e+00 9.474995136261e-01 1.507980704308e+00 1.403899908066e+00 1.990149855614e+00 2.883342981339e+00 2.116849899292e+00 1.378443241119e+00 6.344298124313e-01 2.983500957489e-01 2.125757783651e-01 1.942390799522e-01 2.601545751095e-01 3.385599851608e-01 3.134474456310e-01 2.313050925732e-01 1.486317962408e-01 1.634624004364e-01 1.545658409595e-01 2.204951345921e-01 3.284290432930e-01 1.522553265095e-01 8.040198683739e-02 7.442156970501e-02 1.221325770020e-01 7.975291460752e-02 4.997114837170e-02 4.403025656939e-02 4.556023702025e-02 4.585758224130e-02 4.719123989344e-02 4.803243279457e-02 4.799495637417e-02 4.806498065591e-02 5.318110063672e-02 4.640091583133e-02
6.052006408572e-02 1.504607796669e-01 3.625441789627e-01 4.838383793831e-01 4.938165545464e-01 4.831266701221e-01 3.764621317387e-01 5.145574212074e-01 5.126993656158e-01 8.181425333023e-01 1.662020325661e+00 1.875651955605e+00 2.580737829208e+00 1.492418885231e+00 1.067068934441e+00 6.031458377838e-01 2.751705050468e-01 1.442321836948e-01 1.528867632151e-01 3.359554409981e-01 1.069558739662e+00 4.466384649277e-01 3.818275034428e-01 2.855834662914e-01 2.910362184048e-01 2.498928606510e-01 2.681360542774e-01 1.878468692303e-01 9.329976141453e-02 1.229968518019e-01 1.037499234080e-01 1.046429425478e-01 6.373947858810e-02 5.780890583992e-02 4.032445698977e-02 3.682192042470e-02 3.819615766406e-02 3.815559297800e-02 4.120746627450e-02 3.812314942479e-02 4.961877688766e-02 5.827685073018e-02 5.636462941766e-02
4.211534187198e-02 7.840526849031e-02 2.278442233801e-01 1.327654421329e-01 1.176221519709e-01 9.601041674614e-02 1.463044732809e-01 2.406095862389e-01 2.517943084240e-01 2.666775286198e-01 7.557302713394e-01 3.712645530701e+00 2.953857660294e+00 1.331329464912e+00 6.126019954681e-01 1.763063967228e-01 1.057827621698e-01 6.947995722294e-02 8.633287996054e-02 2.212348580360e-01 5.071656703949e-01 8.832993507385e-01 4.422059655190e-01 3.364271521568e-01 2.654218971729e-01 1.991948038340e-01 2.107724696398e-01 1.973250210285e-01 1.731589585543e-01 1.560080945492e-01 1.900297403336e-01 8.138927072287e-02 7.543116062880e-02 6.097194552422e-02 6.231480836868e-02 5.807704478502e-02 4.867309331894e-02 4.150464385748e-02 4.749049991369e-02 5.481453239918e-02 6.420502811670e-02 6.320413202047e-02 5.390487238765e-02
2.831669338048e-02 1.165628656745e-01 2.735811769962e-01 2.034070044756e-01 5.000593140721e-02 5.871655791998e-02 5.622603744268e-02 1.135660260916e-01 1.239978075027e-01 2.073746323586e-01 3.928052484989e-01 1.018581748009e+00 2.174327850342e+00 1.491549611092e+00 2.018994569778e+00 4.864517450333e-01 5.993094667792e-02 3.771801292896e-02 5.949304997921e-02 1.973966658115e-01 6.020421385765e-01 9.435044527054e-01 7.193956971169e-01 4.895800650120e-01 3.402045071125e-01 2.141586244106e-01 2.431220561266e-01 1.800360083580e-01 1.739812344313e-01 1.731271892786e-01 1.438954621553e-01 1.147378012538e-01 8.079360425472e-02 8.606698364019e-02 7.739463448524e-02 6.152348965406e-02 5.466221645474e-02 5.069931223989e-02 4.704851657152e-02 5.493411049247e-02 6.026476994157e-02 5.860517174006e-02 5.192708224058e-02
2.413978800178e-02 5.945347622037e-02 4.042464196682e-01 4.863084554672e-01 2.542187273502e-01 3.953827545047e-02 3.008729778230e-02 5.653336271644e-02 5.651131272316e-02 4.605469480157e-02 3.890773281455e-02 1.638149321079e-01 7.373422980309e-01 4.267559349537e-01 2.456821918488e+00 2.975973188877e-01 1.676867008209e-01 6.343278288841e-02 5.285805463791e-02 1.712266355753e-01 3.356139957905e-01 2.970550298691e+00 9.195913076401e-01 4.006071984768e-01 4.054638743401e-01 2.141974717379e-01 2.299583852291e-01 1.963918805122e-01 2.799655497074e-01 2.150252908468e-01 1.233214363456e-01 1.224881932139e-01 1.142740920186e-01 1.088142469525e-01 1.068298593163e-01 8.516536653042e-02 8.413682132959e-02 9.308201819658e-02 6.013341620564e-02 4.610868543386e-02 4.548314213753e-02 4.493096098304e-02 5.181181058288e-02
1.551971118897e-02 2.678339555860e-02 3.336039558053e-02 1.890470236540e-01 1.164802238345e-01 2.815996855497e-02 2.396736852825e-02 2.811891585588e-02 2.636073157191e-02 2.532306872308e-02 1.835085637867e-02 2.050920017064e-02 6.280451267958e-02 3.923330307007e-01 1.115277051926e+00 2.729078531265e-01 2.277080416679e-01 1.070844754577e-01 6.251022964716e-02 1.227616071701e-01 1.433881074190e-01 1.956491321325e-01 1.790631413460e-01 1.354814171791e-01 1.987029761076e-01 3.308736085892e-01 2.903521955013e-01 2.896987199783e-01 1.862960606813e-01 2.431558668613e-01 2.536661028862e-01 2.210339158773e-01 1.349782943726e-01 1.122236251831e-01 1.075044944882e-01 9.384582191706e-02 8.019576221704e-02 8.154476433992e-02 7.901312410831e-02 5.229826644063e-02 4.307692870498e-02 4.438260197639e-02 4.774475470185e-02
1.701272837818e-02 2.721519209445e-02 1.790019869804e-02 2.017829939723e-02 2.050244621933e-02 2.408370003104e-02 2.217042632401e-02 2.078680880368e-02 1.922727935016e-02 1.460057403892e-02 1.024270616472e-02 8.685402572155e-03 1.448057405651e-02 4.057788550854e-01 6.304960250854e-01 6.554411649704e-01 1.861491501331e-01 1.993586719036e-01 1.747764945030e-01 7.180953770876e-02 7.781106978655e-02 1.460844427347e-01 3.988037407398e-01 3.780274391174e-01 4.926637709141e-01 4.956074655056e-01 4.644521176815e-01 4.386355578899e-01 4.154450297356e-01 3.961267769337e-01 4.215436875820e-01 5.163168311119e-01 4.413250982761e-01 1.805283576250e-01 7.350018620491e-02 8.663990348577e-02 9.483349323273e-02 6.550960242748e-02 6.488384306431e-02 4.587327688932e-02 4.524317756295e-02 3.323801979423e-02 3.755059838295e-02
