VariationalSeries/SI/f116_max.grd
DSAA
101	101
32.816463539100	34.260883539100
35.556306596100	36.727886596100
2.311947355338e-05	3.832174777985e+00
[rows 76 to 94 of 101, columns 0 to 42 of 101]
2.445381542202e-04 3.538059827406e-04 4.657714744098e-04 5.517285899259e-04 5.930878105573e-04 5.970312631689e-04 5.768769187853e-04 5.447150324471e-04 5.081165581942e-04 5.473314668052e-04 6.190027925186e-04 7.424055947922e-04 8.793746237643e-04 9.672470623627e-04 9.849594207481e-04 9.562026825733e-04 8.708422537893e-04 9.261823142879e-04 9.536785655655e-04 1.020288676955e-03 1.407940289937e-03 1.376917236485e-03 9.037377312779e-04 9.811889613047e-04 9.092543623410e-04 8.342858636752e-04 8.561013382860e-04 9.518410661258e-04 1.068413141184e-03 1.129335141741e-03 1.087388023734e-03 1.023986726068e-03 9.953385451809e-04 9.869617642835e-04 1.085417577997e-03 1.300611533225e-03 2.517579821870e-03 3.000467550009e-03 2.824235474691e-03 1.990611897781e-03 1.972804311663e-03 3.257091389969e-03 5.674513522536e-03
2.461012045387e-04 3.980677574873e-04 5.285575171001e-04 6.098622106947e-04 6.423858576454e-04 6.392819341272e-04 6.140395998955e-04 5.766490940005e-04 5.976409302093e-04 6.636442267336e-04 7.639170507900e-04 9.034131071530e-04 1.032483647577e-03 1.095411949791e-03 1.078547909856e-03 1.000429969281e-03 8.522034622729e-04 8.749993867241e-04 8.787450497039e-04 7.823640480638e-04 8.032195037231e-04 8.417739300057e-04 7.360883173533e-04 8.859739755280e-04 9.386243764311e-04 8.610388613306e-04 9.275004849769e-04 1.117173582315e-03 1.240059616975e-03 1.254321308807e-03 1.170020783320e-03 1.073577674106e-03 1.065646181814e-03 1.039480324835e-03 1.264508115128e-03 1.364757074043e-03 2.256129169837e-03 2.521758899093e-03 2.776775974780e-03 3.140241373330e-03 6.496807560325e-03 8.474963717163e-03 8.024151436985e-03
2.622097090352e-04 4.184042045381e-04 5.451567703858e-04 6.170663982630e-04 6.401158170775e-04 6.295601488091e-04 5.976062966511e-04 6.505786441267e-04 7.332919631153e-04 8.206268539652e-04 9.335375507362e-04 1.052629202604e-03 1.129626412876e-03 1.127521041781e-03 1.046834862791e-03 9.089844534174e-04 7.220787811093e-04 7.571380701847e-04 7.332894601859e-04 6.430490175262e-04 5.872851470485e-04 6.590721313842e-04 7.966487901285e-04 1.062017399818e-03 1.118287676945e-03 1.010998850688e-03 1.240538898855e-03 1.345740980469e-03 1.376361120492e-03 1.345977187157e-03 1.258390606381e-03 1.166298286989e-03 1.110514858738e-03 1.272149849683e-03 1.639892347157e-03 2.127455547452e-03 2.801190363243e-03 3.483190666884e-03 2.922656247392e-03 7.646598853171e-03 8.817508816719e-03 8.520917035639e-03 8.413554169238e-03
2.369309368078e-04 3.745935682673e-04 4.830653197132e-04 5.413281614892e-04 5.561703001149e-04 5.408783326857e-04 6.185140809976e-04 7.040881318972e-04 7.726267795078e-04 8.407284622081e-04 9.122524061240e-04 9.653308079578e-04 9.712515748106e-04 9.142904891632e-04 8.074664510787e-04 6.752478075214e-04 6.291773752309e-04 6.069427472539e-04 5.672799306922e-04 5.234370473772e-04 5.437234649435e-04 6.055361009203e-04 9.560644975863e-04 1.300689647906e-03 1.406560651958e-03 1.480201142840e-03 1.523186569102e-03 1.534830662422e-03 1.445785281248e-03 1.359485671856e-03 1.286365557462e-03 1.221080892719e-03 1.350624486804e-03 1.606363453902e-03 2.049279864877e-03 2.362065482885e-03 2.303526038304e-03 3.770651994273e-03 4.395919386297e-03 6.480200681835e-03 7.545401807874e-03 7.563273422420e-03 7.720480207354e-03
1.958647626452e-04 3.136741870549e-04 3.825239546131e-04 4.184473364148e-04 4.296289989725e-04 4.980867961422e-04 5.722336354665e-04 6.178756011650e-04 6.389610352926e-04 6.577339372598e-04 6.795577937737e-04 6.924943299964e-04 6.789836334065e-04 6.283238180913e-04 6.443590973504e-04 6.594661972485e-04 6.523205665872e-04 6.187207764015e-04 5.660065799020e-04 5.147664924152e-04 5.119689158164e-04 6.298881489784e-04 1.076340442523e-03 1.479467842728e-03 1.676985877566e-03 1.781998202205e-03 1.795971416868e-03 1.848275191151e-03 1.800190890208e-03 1.549632288516e-03 1.333237043582e-03 1.277158386074e-03 1.486783497967e-03 1.629816717468e-03 1.724549452774e-03 1.856385380961e-03 2.466956852004e-03 3.639009315521e-03 4.807444754988e-03 4.877015948296e-03 7.626592181623e-03 9.163120761514e-03 7.188555318862e-03
2.681022160687e-04 4.055512836203e-04 4.907046095468e-04 5.286239320412e-04 5.506084999070e-04 5.605843034573e-04 5.639193695970e-04 5.602961755358e-04 5.496646626852e-04 5.349801504053e-04 5.554948002100e-04 6.036747363396e-04 6.455453112721e-04 6.817468674853e-04 7.072397856973e-04 7.136003114283e-04 6.934665143490e-04 6.446474581026e-04 5.793721065857e-04 5.658179870807e-04 5.404590629041e-04 6.789275794290e-04 1.108791562729e-03 1.526367501356e-03 3.800559788942e-03 1.124104391783e-02 1.196261961013e-02 5.389490164816e-03 3.134481841698e-03 2.472192281857e-03 1.756263547577e-03 1.352809602395e-03 1.579531817697e-03 2.072986681014e-03 1.678089960478e-03 2.013211837038e-03 2.231695223600e-03 3.756298683584e-03 6.563843227923e-03 6.414650473744e-03 7.109538186342e-03 9.404167532921e-03 1.293197739869e-02
3.791624039877e-04 5.598077550530e-04 6.681873346679e-04 7.255920208991e-04 7.416632724926e-04 7.375623099506e-04 7.227804162540e-04 7.001948542893e-04 6.714937044308e-04 6.443691090681e-04 7.575264899060e-04 8.702769409865e-04 9.681301307864e-04 1.035121385939e-03 1.057571382262e-03 1.029047067277e-03 9.500168380328e-04 8.262601331808e-04 7.664363947697e-04 7.285113097169e-04 6.819083355367e-04 7.960141520016e-04 1.108602271415e-03 2.490787534043e-03 1.052152272314e-02 3.027458302677e-02 3.309924900532e-02 1.665189675987e-02 7.220561150461e-03 3.544126637280e-03 2.290069125593e-03 1.725221867673e-03 1.553617534228e-03 2.209697151557e-03 2.394222421572e-03 2.484573516995e-03 2.225778996944e-03 3.383055562153e-03 7.738688029349e-03 1.163325365633e-02 7.678182329983e-03 7.423884235322e-03 1.644878089428e-02
4.759872390423e-04 6.795894005336e-04 8.130828500725e-04 8.647851645947e-04 8.625770569779e-04 8.342757355422e-04 7.936538895592e-04 7.725036703050e-04 9.041533921845e-04 1.102941110730e-03 1.308114384301e-03 1.501896651462e-03 1.666770200245e-03 1.796711003408e-03 1.886212150566e-03 1.918401219882e-03 1.868582679890e-03 1.707874936983e-03 1.408796524629e-03 1.050611608662e-03 9.709344594739e-04 9.915020782501e-04 2.189902123064e-03 3.964141011238e-03 1.138108037412e-02 9.362830221653e-02 1.751307398081e-01 3.808075934649e-02 1.667846366763e-02 5.982816219330e-03 2.800484187901e-03 2.134933602065e-03 2.061496255919e-03 2.865006215870e-03 3.444169415161e-03 3.361062845215e-03 2.779248170555e-03 4.105792846531e-03 6.515660323203e-03 1.428197976202e-02 1.435936894268e-02 7.104692049325e-03 1.712012849748e-02
5.062159616500e-04 7.080617942847e-04 8.275003056042e-04 8.561270660721e-04 8.271751576103e-04 8.616939885542e-04 9.521167958155e-04 1.011994900182e-03 1.208343775943e-03 1.487458241172e-03 1.778539619409e-03 2.054854296148e-03 2.297256607562e-03 2.513441490009e-03 2.720923162997e-03 2.917521167547e-03 3.048794809729e-03 2.995291724801e-03 2.595611149445e-03 1.863643643446e-03 1.441906788386e-03 2.058119513094e-03 3.620550036430e-03 5.132776685059e-03 2.243009954691e-02 5.387191101909e-02 6.851095706224e-02 2.077775821090e-02 7.818694226444e-03 4.756916314363e-03 4.077699035406e-03 4.994202405214e-03 6.449368316680e-03 5.981477908790e-03 4.318464081734e-03 4.285980015993e-03 3.587544197217e-03 4.188447725028e-03 4.594933707267e-03 9.384388104081e-03 1.248310506344e-02 8.032030425966e-03 3.002286702394e-02
6.920187734067e-04 1.095775049180e-03 1.381387002766e-03 1.543787191622e-03 1.634276588447e-03 1.669207937084e-03 1.652751932852e-03 1.592013984919e-03 1.498757046647e-03 1.539450720884e-03 1.857897732407e-03 2.178780501708e-03 2.483396790922e-03 2.775883302093e-03 3.088349709287e-03 3.456747857854e-03 3.814521944150e-03 3.945356700569e-03 3.553888993338e-03 3.264092607424e-03 3.247596556321e-03 3.502642037347e-03 4.491156898439e-03 6.094610784203e-03 1.159908622503e-02 4.268967546523e-03 3.360013011843e-03 3.359180176631e-03 3.656271146610e-03 3.959243651479e-03 4.383257590234e-03 3.072429820895e-02 2.022519335151e-02 1.610240340233e-02 9.712180122733e-03 1.430302951485e-02 1.316088251770e-02 6.183534860611e-03 4.823880270123e-03 5.790561903268e-03 8.633796125650e-03 2.285198681056e-02 3.472784161568e-02
1.269708387554e-03 1.973453210667e-03 2.417402574793e-03 2.597515936941e-03 2.626573201269e-03 2.560947323218e-03 2.429548185319e-03 2.257389714941e-03 2.105452585965e-03 2.184553071856e-03 2.240710193291e-03 2.259279601276e-03 2.377600874752e-03 2.699821954593e-03 3.004959085956e-03 3.348415018991e-03 3.688289551064e-03 5.503993947059e-03 7.108720019460e-03 7.156506180763e-03 7.305207662284e-03 7.223234046251e-03 5.274482071400e-03 6.345399189740e-03 3.145574824885e-03 2.377470955253e-03 2.186676021665e-03 1.894933287986e-03 2.142203506082e-03 2.994092879817e-03 6.742749363184e-03 3.656475991011e-02 2.604403346777e-02 1.785807684064e-02 1.560265664011e-02 3.315681219101e-02 3.163399547338e-02 1.428974606097e-02 1.070941891521e-02 9.898037649691e-03 1.273916009814e-02 2.155466564000e-02 3.862103819847e-02
1.823321683332e-03 2.774704247713e-03 3.265726147220e-03 3.352511441335e-03 4.105948377401e-03 4.415013827384e-03 4.339367616922e-03 4.044570028782e-03 3.647815436125e-03 3.307868959382e-03 3.343213582411e-03 3.271511988714e-03 3.449043259025e-03 3.977476619184e-03 4.356809426099e-03 4.700528923422e-03 5.321582313627e-03 5.879679694772e-03 5.409627221525e-03 6.185154430568e-03 6.484108511358e-03 5.284782964736e-03 4.333235323429e-03 2.477301750332e-03 2.177648246288e-03 1.692817430012e-03 1.403477275744e-03 1.126258517615e-03 1.029961742461e-03 1.835788716562e-03 2.928653964773e-03 1.556663122028e-02 2.057120576501e-02 3.095102496445e-02 3.284990787506e-02 4.256883636117e-02 3.020671382546e-02 1.415527891368e-02 2.224702760577e-02 2.226854301989e-02 1.586033031344e-02 2.079753391445e-02 6.663525849581e-02
2.136641647667e-03 3.219585632905e-03 3.724087495357e-03 4.151820670813e-03 5.034305620939e-03 5.373959429562e-03 5.250969436020e-03 4.863973706961e-03 4.345841240138e-03 3.790345042944e-03 3.376302309334e-03 3.714662278071e-03 4.296949133277e-03 4.933327902108e-03 5.363466218114e-03 5.505548324436e-03 5.161123350263e-03 4.241950344294e-03 3.351292107254e-03 2.897366182879e-03 2.464842516929e-03 1.727251801640e-03 1.546080457047e-03 1.478666672483e-03 1.316953683272e-03 1.074359985068e-03 8.282588096336e-04 7.844287320040e-04 1.000053947791e-03 1.513730851002e-03 2.173864981160e-03 8.639670908451e-03 9.415764361620e-03 1.810885034502e-02 2.099860087037e-02 4.826994612813e-02 4.250490292907e-02 2.221404947340e-02 2.025365084410e-02 8.888453245163e-02 2.090146988630e-01 5.422284826636e-02 3.332412987947e-02
1.593350665644e-03 2.377899596468e-03 2.716927789152e-03 2.747743623331e-03 3.279823111370e-03 3.465619403869e-03 3.366890596226e-03 3.107550553977e-03 2.767316764221e-03 2.407592255622e-03 2.236889209598e-03 2.404716797173e-03 2.495596185327e-03 2.510583959520e-03 2.483761403710e-03 2.521431539208e-03 2.261228160933e-03 1.810704241507e-03 2.108032116666e-03 1.986645860597e-03 1.582206110470e-03 1.153427409008e-03 1.079477136955e-03 9.623716468923e-04 8.047788869590e-04 6.326999282464e-04 7.200696854852e-04 1.001280383207e-03 1.254946924746e-03 2.579496242106e-03 3.262149402872e-03 4.877822939306e-03 8.455435745418e-03 6.323482841253e-03 5.464938003570e-03 6.644391920418e-03 4.141546785831e-02 2.390460856259e-02 1.853133365512e-02 1.186737343669e-01 2.619917988777e-01 2.881108224392e-02 1.039859838784e-02
7.536796620116e-04 1.113127451390e-03 1.311906380579e-03 1.491089933552e-03 1.560892676935e-03 1.622033305466e-03 1.637789653614e-03 1.552151399665e-03 1.476136501878e-03 1.455397345126e-03 1.428729272448e-03 1.312969485298e-03 1.337504480034e-03 1.374394283630e-03 1.363204326481e-03 1.289434498176e-03 1.746252877638e-03 2.229766920209e-03 2.100956160575e-03 1.571842469275e-03 1.002366538160e-03 7.278149714693e-04 6.597581086680e-04 5.715035367757e-04 4.763987381011e-04 7.330363150686e-04 1.129126176238e-03 1.507767825387e-03 2.085500163957e-03 3.383253468201e-03 4.650776740164e-03 6.272871978581e-03 7.229751907289e-03 6.122668273747e-03 3.745153779164e-03 4.351055715233e-03 8.437247946858e-03 2.127892151475e-02 3.500233963132e-02 3.654498234391e-02 1.938450522721e-02 7.427447475493e-03 6.934192962945e-03
4.997514188290e-04 7.277050171979e-04 9.229273418896e-04 1.042624469846e-03 1.089275581762e-03 1.083915121853e-03 1.058028195985e-03 1.007682294585e-03 9.480555891059e-04 8.850332815200e-04 8.204610203393e-04 7.560612866655e-04 6.943506305106e-04 6.809105980210e-04 6.722278776579e-04 9.518027072772e-04 1.621391507797e-03 1.917843357660e-03 1.640983158723e-03 1.130621065386e-03 6.879533175379e-04 4.387784865685e-04 4.399156605359e-04 4.813103296328e-04 6.543602212332e-04 1.112984493375e-03 1.678721630014e-03 2.365820342675e-03 3.368874313310e-03 4.597722087055e-03 6.881009787321e-03 7.102398201823e-03 6.470139604062e-03 3.501986153424e-03 2.651743125170e-03 3.610697109252e-03 4.361338447779e-03 1.661157794297e-02 4.107541590929e-02 2.359038963914e-02 1.409554202110e-02 6.340527441353e-03 6.019080989063e-03
3.475841367617e-04 5.033529596403e-04 6.295613129623e-04 7.078138296492e-04 7.430078112520e-04 7.474484154955e-04 7.313139503822e-04 7.011321140453e-04 6.614626618102e-04 6.145380903035e-04 5.630753003061e-04 5.083586438559e-04 5.414844490588e-04 5.445256247185e-04 5.026127910241e-04 5.639563314617e-04 1.009757164866e-03 1.256343326531e-03 1.173602649942e-03 9.178859763779e-04 6.481534219347e-04 4.355300043244e-04 4.706297768280e-04 5.406296695583e-04 9.243056410924e-04 2.051389077678e-03 4.382359795272e-03 4.054188728333e-03 3.347576363012e-03 6.200611125678e-03 8.442982099950e-03 7.242153864354e-03 5.230261478573e-03 2.437733346596e-03 2.608029171824e-03 3.586637321860e-03 5.014703609049e-03 1.776743866503e-02 2.989703975618e-02 1.415822189301e-02 8.210686035454e-03 5.062029231340e-03 4.545563366264e-03
2.328450063942e-04 3.341080155224e-04 4.144160193391e-04 4.633929638658e-04 4.849635297433e-04 4.872301360592e-04 4.758687864523e-04 4.545296542346e-04 4.253641236573e-04 3.902112657670e-04 3.874472749885e-04 4.353905969765e-04 4.542421374936e-04 4.343684704509e-04 4.160463577136e-04 4.758589493576e-04 5.284507642500e-04 6.417461554520e-04 7.336574490182e-04 7.078265189193e-04 6.022452143952e-04 4.756271082442e-04 5.023670964874e-04 6.899132276885e-04 1.202909741551e-03 3.571452107280e-03 5.107424687594e-03 3.037079703063e-03 3.407052252442e-03 6.556414999068e-03 8.876223117113e-03 7.031906396151e-03 4.893837962300e-03 3.357922891155e-03 3.706581192091e-03 3.584389807656e-03 7.715092040598e-03 3.085303865373e-02 2.229432575405e-02 5.914619192481e-03 1.184332743287e-02 5.154157988727e-03 3.514936193824e-03
1.370847166982e-04 1.949651195901e-04 2.400623197900e-04 2.667005173862e-04 2.774284512270e-04 2.769713173620e-04 2.684854262043e-04 2.539824636187e-04 2.440647804178e-04 2.977582335006e-04 3.483463660814e-04 3.814754309133e-04 3.842303995043e-04 4.247357137501e-04 4.911444266327e-04 5.583674064837e-04 6.170654087327e-04 6.552691920660e-04 6.613149307668e-04 6.307897856459e-04 5.751595017500e-04 5.340616335161e-04 5.936531233601e-04 8.596664993092e-04 1.450728159398e-03 4.003089386970e-03 4.219138529152e-03 3.345680888742e-03 3.045039018616e-03 5.864492151886e-03 8.217771537602e-03 6.405599880964e-03 6.253263447434e-03 4.219756927341e-03 4.465346224606e-03 3.204077947885e-03 7.350647822022e-03 1.987318322062e-02 9.679377079010e-03 6.938798818737e-03 1.569547876716e-02 5.074194632471e-03 2.689572283998e-03
