VariationalSeries/SI/f116_max.grd
DSAA
101	101
32.816463539100	34.260883539100
35.556306596100	36.727886596100
2.311947355338e-05	3.832174777985e+00
[rows 0 to 18 of 101, columns 0 to 42 of 101]
3.509613452479e-03 6.273161619902e-03 5.559066776186e-03 3.327033016831e-03 2.800399204716e-03 3.644760232419e-03 7.260465063155e-03 1.011878903955e-02 9.047190658748e-03 5.399999674410e-03 3.412926802412e-03 3.923014272004e-03 4.164969082922e-03 4.021390806884e-03 3.448385978118e-03 5.255671683699e-03 7.899507880211e-03 9.144186042249e-03 6.515631452203e-03 4.223329946399e-03 4.819270223379e-03 5.160553380847e-03 3.795179305598e-03 3.402973758057e-03 3.621592652053e-03 4.951038397849e-03 7.249469403177e-03 8.279725909233e-03 1.079552154988e-02 8.603939786553e-03 6.578904576600e-03 6.181714590639e-03 5.364142823964e-03 4.255935549736e-03 3.465121379122e-03 3.355521941558e-03 3.085526172072e-03 4.181001335382e-03 5.868881940842e-03 6.732051726431e-03 5.638418719172e-03 4.793426953256e-03 4.567154683173e-03
6.496300920844e-03 1.225986890495e-02 1.202541682869e-02 8.399152196944e-03 5.939271301031e-03 7.047930732369e-03 1.397448498756e-02 1.932044140995e-02 1.708821952343e-02 9.952514432371e-03 5.861002951860e-03 6.703348364681e-03 7.079908624291e-03 6.740514189005e-03 5.881339311600e-03 7.817823439837e-03 1.244697999209e-02 1.629441231489e-02 1.471344940364e-02 8.771786466241e-03 8.791122585535e-03 1.347639784217e-02 7.089701946825e-03 6.373832467943e-03 7.470366079360e-03 9.674753993750e-03 1.215416379273e-02 1.387574337423e-02 2.053050510585e-02 1.598569750786e-02 1.069437246770e-02 9.690803475678e-03 9.099765680730e-03 7.324596866965e-03 7.878500968218e-03 8.237181231380e-03 8.282332681119e-03 9.300448931754e-03 1.169952470809e-02 1.177433971316e-02 8.710991591215e-03 8.646089583635e-03 9.448525495827e-03
6.354508455843e-03 1.304427627474e-02 1.462265104055e-02 1.252599246800e-02 8.052038028836e-03 8.137142285705e-03 1.617237180471e-02 2.196709625423e-02 1.881626434624e-02 1.030631922185e-02 7.402950897813e-03 8.346799761057e-03 8.624572306871e-03 7.980439811945e-03 6.571777630597e-03 6.327782757580e-03 8.175943046808e-03 1.221442036331e-02 1.396790426224e-02 1.135586854070e-02 1.389543525875e-02 2.083291672170e-02 9.123872034252e-03 7.894581183791e-03 9.935979731381e-03 1.202738564461e-02 1.248370017856e-02 1.259354222566e-02 2.392910048366e-02 1.792760565877e-02 1.036321651191e-02 8.884937502444e-03 1.245221029967e-02 6.628610659391e-03 7.415164727718e-03 8.515589870512e-03 1.067632343620e-02 1.352722756565e-02 1.414494682103e-02 1.171854883432e-02 1.197296287864e-02 8.020197972655e-03 1.059104129672e-02
5.638515111059e-03 1.240867562592e-02 1.480051968247e-02 1.513100508600e-02 1.216495968401e-02 8.333087898791e-03 1.690657064319e-02 2.247950434685e-02 1.818675175309e-02 8.852434344590e-03 8.194359950721e-03 9.046279825270e-03 9.007984772325e-03 8.014926686883e-03 6.373791955411e-03 6.460872944444e-03 6.165010854602e-03 7.093857042491e-03 9.232753887773e-03 1.051006186754e-02 2.330781333148e-02 2.651325985789e-02 1.023580506444e-02 8.669536560774e-03 1.096088532358e-02 1.256880443543e-02 1.202246453613e-02 1.150967273861e-02 2.397275157273e-02 1.743108406663e-02 8.831439539790e-03 7.186959497631e-03 1.435306668282e-02 7.633594330400e-03 8.309830911458e-03 1.175308879465e-02 1.454173959792e-02 1.515304483473e-02 1.282475423068e-02 1.484972797334e-02 1.445752289146e-02 8.882166817784e-03 9.709101170301e-03
5.515064112842e-03 1.187127549201e-02 1.405270863324e-02 1.555618830025e-02 1.488987915218e-02 1.052596513182e-02 1.725511625409e-02 2.246186882257e-02 1.705194264650e-02 7.502769585699e-03 8.790045976639e-03 9.357368573546e-03 9.077382273972e-03 9.036963805556e-03 8.298053406179e-03 7.008658722043e-03 6.811889354140e-03 6.709290202707e-03 9.531094692647e-03 1.930329203606e-02 3.240013122559e-02 2.912826277316e-02 1.098513789475e-02 1.233195606619e-02 1.096707396209e-02 1.228123623878e-02 1.101562567055e-02 1.145806815475e-02 2.269515581429e-02 1.642245054245e-02 1.043667271733e-02 8.170789107680e-03 1.530348975211e-02 9.313109330833e-03 1.306946016848e-02 1.564385183156e-02 1.581342704594e-02 1.334675028920e-02 9.187392890453e-03 1.524327881634e-02 1.769220083952e-02 1.187022030354e-02 7.681181654334e-03
5.148616153747e-03 1.035560574383e-02 1.251538749784e-02 1.370323169976e-02 1.520693115890e-02 1.266344077885e-02 1.724440231919e-02 2.174367383122e-02 1.537139248103e-02 8.333387784660e-03 9.335903450847e-03 1.026499085128e-02 1.094214525074e-02 1.059123594314e-02 9.530369192362e-03 7.759211119264e-03 6.267532240599e-03 7.115953136235e-03 1.517367921770e-02 2.751811034977e-02 3.769687935710e-02 2.877190522850e-02 1.232610363513e-02 1.877973973751e-02 1.154892239720e-02 1.151658687741e-02 9.868049062788e-03 1.246795523912e-02 2.030381187797e-02 1.641966775060e-02 1.054759416729e-02 8.830684237182e-03 1.774763315916e-02 1.395170856267e-02 1.655788347125e-02 1.636729575694e-02 1.358286570758e-02 9.391318075359e-03 1.034604385495e-02 1.436306908727e-02 2.167235873640e-02 1.379200816154e-02 7.476455997676e-03
6.486523896456e-03 1.152194757015e-02 1.062899082899e-02 1.052409037948e-02 1.312779542059e-02 1.272038184106e-02 1.697654277086e-02 2.078648097813e-02 1.379743870348e-02 9.190682321787e-03 1.032311003655e-02 1.174883171916e-02 1.190683711320e-02 1.107473857701e-02 9.428724646568e-03 8.901680819690e-03 8.443848229945e-03 1.051135361195e-02 2.047615125775e-02 3.287643194199e-02 3.903778642416e-02 2.627842500806e-02 1.628604158759e-02 2.380478754640e-02 1.673481985927e-02 1.048556342721e-02 9.628152474761e-03 2.311282604933e-02 3.242224827409e-02 2.092122845352e-02 1.169941294938e-02 9.949212893844e-03 1.949023827910e-02 1.635988801718e-02 1.635707542300e-02 1.358040329069e-02 9.464996866882e-03 1.036997139454e-02 1.502978242934e-02 1.897483319044e-02 2.226118557155e-02 1.629135385156e-02 7.498901337385e-03
6.582267582417e-03 1.316718384624e-02 1.360665727407e-02 9.849580004811e-03 9.402764961123e-03 1.064821705222e-02 1.674407534301e-02 2.032776176929e-02 1.285334303975e-02 9.935547597706e-03 1.165363565087e-02 1.244053989649e-02 1.203187461942e-02 1.061754487455e-02 9.945715777576e-03 1.127252168953e-02 1.256739813834e-02 1.387267932296e-02 2.509585395455e-02 3.566844388843e-02 3.831835463643e-02 2.361947111785e-02 1.767555251718e-02 2.617445960641e-02 2.035500854254e-02 1.297110319138e-02 9.319169446826e-03 3.512078151107e-02 4.543338716030e-02 2.453666925430e-02 1.278635952622e-02 1.193807739764e-02 1.924873888493e-02 1.502115000039e-02 1.398305036128e-02 9.923541918397e-03 9.928227402270e-03 1.479419507086e-02 1.954649016261e-02 2.159114554524e-02 1.957847177982e-02 2.043771184981e-02 8.625854738057e-03
5.693576764315e-03 1.244905497879e-02 1.548213977367e-02 1.409405190498e-02 9.364378638566e-03 9.200402535498e-03 1.656571961939e-02 2.015568315983e-02 1.237461902201e-02 1.110105868429e-02 1.235393621027e-02 1.247601583600e-02 1.142318919301e-02 9.826172143221e-03 1.036837045103e-02 1.198591571301e-02 1.625834032893e-02 1.664203032851e-02 2.768899872899e-02 3.512446209788e-02 3.477394580841e-02 2.050055190921e-02 1.803538203239e-02 2.502487972379e-02 2.195915207267e-02 1.498013269156e-02 1.176295801997e-02 4.530578479171e-02 5.302963033319e-02 2.703966945410e-02 1.406455505639e-02 1.138190273196e-02 1.952849328518e-02 1.302575599402e-02 1.535183656961e-02 1.534526329488e-02 1.483352389187e-02 1.989540271461e-02 2.288713492453e-02 2.163604833186e-02 1.589396968484e-02 2.537322603166e-02 1.012700423598e-02
5.778700113297e-03 1.033969875425e-02 1.459628436714e-02 1.653679832816e-02 1.410739403218e-02 9.334754198790e-03 1.660935021937e-02 2.012758515775e-02 1.209404878318e-02 1.174399349838e-02 1.238607894629e-02 1.186088193208e-02 1.293725427240e-02 1.408973615617e-02 1.473675016314e-02 1.494413614273e-02 1.764860749245e-02 1.926061883569e-02 2.849804982543e-02 3.257802501321e-02 3.012857772410e-02 1.747519895434e-02 1.629324443638e-02 2.186837792397e-02 2.120837010443e-02 1.539422199130e-02 1.271998975426e-02 5.140990391374e-02 5.632419511676e-02 2.801920846105e-02 1.233283895999e-02 9.832773357630e-03 2.116517350078e-02 1.292929146439e-02 1.571846939623e-02 1.596017368138e-02 2.062700688839e-02 2.375452592969e-02 2.324148453772e-02 1.861513964832e-02 1.335978601128e-02 2.757059223950e-02 1.395147014409e-02
5.803767591715e-03 1.162905618548e-02 1.203497685492e-02 1.581967249513e-02 1.731582358479e-02 1.392730325460e-02 1.646541990340e-02 1.981129124761e-02 1.169971656054e-02 1.186195481569e-02 1.301025319844e-02 1.522863190621e-02 1.688481122255e-02 1.780334860086e-02 1.822924055159e-02 1.838985644281e-02 1.819828897715e-02 2.388492226601e-02 3.349877893925e-02 3.550331667066e-02 2.983750589192e-02 2.205009385943e-02 1.547595579177e-02 1.864823512733e-02 1.912611350417e-02 1.370976679027e-02 1.474701426923e-02 5.423429980874e-02 5.762587860227e-02 2.744514308870e-02 1.180528290570e-02 1.108417753130e-02 2.073581703007e-02 1.370856259018e-02 1.820779405534e-02 2.208708971739e-02 2.463535405695e-02 2.416418120265e-02 2.004254423082e-02 1.546938251704e-02 1.512715965509e-02 2.649404667318e-02 1.814976707101e-02
4.912186414003e-03 1.034763455391e-02 1.239148061723e-02 1.315572578460e-02 1.709714345634e-02 1.802914217114e-02 1.597062125802e-02 1.909549348056e-02 1.158448401839e-02 1.402443833649e-02 1.631813123822e-02 1.818558201194e-02 1.946345716715e-02 2.019301243126e-02 2.043924294412e-02 2.039858140051e-02 2.018526010215e-02 3.177811205387e-02 4.345402121544e-02 4.516250640154e-02 3.890831395984e-02 3.047771193087e-02 2.229133248329e-02 1.582316309214e-02 2.218084596097e-02 2.125724963844e-02 1.804871298373e-02 5.203531682491e-02 5.097860097885e-02 2.497410215437e-02 1.521690655500e-02 1.801113784313e-02 1.943479292095e-02 2.188581787050e-02 2.482009865344e-02 2.593162283301e-02 2.486716024578e-02 2.142522484064e-02 2.057692222297e-02 2.384770847857e-02 1.793032698333e-02 2.265165932477e-02 2.177711762488e-02
4.223230760545e-03 8.033441379666e-03 1.030780840665e-02 1.220224890858e-02 1.445324346423e-02 1.832663826644e-02 1.842515170574e-02 1.806680671871e-02 1.437960471958e-02 1.671750843525e-02 1.838910393417e-02 1.945132948458e-02 2.008434385061e-02 2.043269760907e-02 2.045453712344e-02 2.034510485828e-02 2.034279145300e-02 3.496189787984e-02 4.725021496415e-02 4.824651405215e-02 4.170215502381e-02 3.394612297416e-02 2.652433887124e-02 1.939156837761e-02 2.983205765486e-02 2.884376794100e-02 2.431699447334e-02 4.530039057136e-02 3.999469056726e-02 2.123779244721e-02 2.663613483310e-02 3.006091341376e-02 2.994075044990e-02 2.895229309797e-02 2.823335491121e-02 2.731481753290e-02 2.648175694048e-02 2.512096241117e-02 2.297482267022e-02 3.230404481292e-02 2.009815163910e-02 1.722632907331e-02 2.806580625474e-02
5.237089470029e-03 1.017028745264e-02 1.000348664820e-02 9.379561059177e-03 1.150080841035e-02 1.572116464376e-02 1.961537078023e-02 1.872448809445e-02 1.599811576307e-02 1.777857355773e-02 1.866718567908e-02 1.894893497229e-02 1.880491897464e-02 1.837045699358e-02 1.788475178182e-02 1.778594776988e-02 1.823169924319e-02 3.207789734006e-02 4.249672964215e-02 4.392753541470e-02 3.943293541670e-02 3.342280164361e-02 2.758225239813e-02 2.178976498544e-02 2.947161160409e-02 3.044873476028e-02 2.689246647060e-02 3.705764934421e-02 2.917212992907e-02 2.316067181528e-02 3.127335011959e-02 3.538266569376e-02 3.375513106585e-02 3.051664307714e-02 2.737816795707e-02 2.574309147894e-02 2.430539391935e-02 2.263996005058e-02 2.069103904068e-02 3.415907174349e-02 3.129971027374e-02 1.779748499393e-02 3.188015520573e-02
6.754579022527e-03 1.351096574217e-02 1.357548311353e-02 1.332298573107e-02 1.288225129247e-02 1.223788969219e-02 1.719602569938e-02 2.096802368760e-02 1.854977943003e-02 1.738515496254e-02 1.760695129633e-02 1.721994765103e-02 1.644452288747e-02 1.541328709573e-02 1.451556012034e-02 1.467631291598e-02 1.485255360603e-02 2.532385103405e-02 3.264031559229e-02 3.442511335015e-02 3.220992535353e-02 2.892313152552e-02 2.552456222475e-02 2.187891490757e-02 2.308528684080e-02 2.518216520548e-02 2.460583485663e-02 3.769645839930e-02 2.137858234346e-02 2.359038218856e-02 3.056967817247e-02 3.396321088076e-02 3.251511231065e-02 2.688700146973e-02 1.981057599187e-02 2.062243223190e-02 1.753563992679e-02 1.855485700071e-02 1.806750893593e-02 2.816236205399e-02 4.175204411149e-02 1.804710179567e-02 3.205559402704e-02
6.851816549897e-03 1.392397005111e-02 1.442380435765e-02 1.511832047254e-02 1.564480550587e-02 1.578577794135e-02 1.569868251681e-02 1.883791200817e-02 2.192248962820e-02 1.760018244386e-02 1.580600626767e-02 1.498201396316e-02 1.392245572060e-02 1.312390435487e-02 1.413000095636e-02 1.500836852938e-02 1.598890684545e-02 2.091435529292e-02 2.284008264542e-02 2.449522726238e-02 2.399063110352e-02 2.225840464234e-02 2.078583650291e-02 1.970626786351e-02 1.886398158967e-02 1.850972510874e-02 2.456619963050e-02 3.990155085921e-02 2.722015231848e-02 2.663572877645e-02 3.165955469012e-02 3.215212747455e-02 2.690809033811e-02 2.691334113479e-02 1.452652364969e-02 2.447963505983e-02 2.327414974570e-02 2.155774459243e-02 1.849337667227e-02 1.972691714764e-02 4.737798497081e-02 2.578271925449e-02 2.840883471072e-02
7.420283276588e-03 1.281096786261e-02 1.278029475361e-02 1.335094310343e-02 1.444310136139e-02 1.588986814022e-02 1.684267632663e-02 1.735266111791e-02 2.017008513212e-02 2.135329507291e-02 1.827884465456e-02 1.761808991432e-02 1.778205670416e-02 1.612081378698e-02 1.457304880023e-02 1.644151285291e-02 1.816474832594e-02 2.151906676590e-02 2.171878889203e-02 1.812829449773e-02 1.637257635593e-02 1.929174922407e-02 2.415463887155e-02 2.511533349752e-02 2.270049974322e-02 1.829149574041e-02 2.718870341778e-02 4.060862213373e-02 2.734340354800e-02 2.874132245779e-02 3.024878725410e-02 3.106490522623e-02 3.336013853550e-02 2.994467131793e-02 1.833040639758e-02 2.755467593670e-02 2.589073032141e-02 2.141676843166e-02 1.612252183259e-02 1.925168931484e-02 4.544832184911e-02 3.958064317703e-02 2.218821085989e-02
8.467919193208e-03 1.560030318797e-02 1.680392585695e-02 1.450037024915e-02 1.341414730996e-02 1.449736114591e-02 1.479505375028e-02 1.459540799260e-02 1.578419096768e-02 1.965648308396e-02 2.141656540334e-02 2.207949012518e-02 2.213931456208e-02 2.036109194160e-02 1.996032893658e-02 1.927497237921e-02 1.811369508505e-02 2.154737897217e-02 2.261191047728e-02 2.009926736355e-02 1.658986322582e-02 1.526363100857e-02 1.687152124941e-02 1.883447356522e-02 1.933123357594e-02 1.939305104315e-02 2.378603443503e-02 3.899500519037e-02 2.789979241788e-02 2.437072806060e-02 2.792896330357e-02 3.216078504920e-02 3.590767830610e-02 3.061450831592e-02 2.109114639461e-02 3.044526278973e-02 2.481239102781e-02 1.925814710557e-02 1.453904900700e-02 1.756491698325e-02 3.654890507460e-02 5.358606949449e-02 2.455583959818e-02
8.308022283018e-03 1.629392057657e-02 1.937400549650e-02 1.825504004955e-02 1.382564939559e-02 1.075704768300e-02 1.306795328856e-02 1.482333336025e-02 1.591387018561e-02 1.606533490121e-02 2.118289843202e-02 2.354668080807e-02 2.245022915304e-02 2.252445928752e-02 2.283619344234e-02 2.254334278405e-02 1.996565982699e-02 2.134974114597e-02 2.334771864116e-02 2.149247564375e-02 1.647819019854e-02 1.974462904036e-02 1.908269338310e-02 1.963395439088e-02 1.734553091228e-02 1.697451807559e-02 1.784403063357e-02 3.609183058143e-02 3.299694880843e-02 2.602141350508e-02 2.520077861845e-02 2.719358354807e-02 3.366586565971e-02 3.005606308579e-02 2.433044277132e-02 2.940960787237e-02 2.163607254624e-02 1.728814281523e-02 1.633777469397e-02 1.593371108174e-02 2.502010017633e-02 6.268286705017e-02 2.581408992410e-02
