VariationalSeries/SI/f12.grd
DSAA
101	101
32.816463539100	34.260883539100
35.556306596100	36.727886596100
2.955128729809e-05	4.820261001587e+00
[rows 38 to 56 of 101, columns 43 to 85 of 101]
2.947630882263e-01 4.576040506363e-01 4.893598854542e-01 2.902298569679e-01 4.862788915634e-01 2.389975786209e-01 2.458021044731e-01 3.297012448311e-01 2.829311192036e-01 2.269632518291e-01 3.336556255817e-01 1.734882742167e-01 1.904513090849e-01 1.611654758453e-01 2.502724826336e-01 1.823057383299e-01 1.974897831678e-01 1.121360063553e-01 1.527926176786e-01 2.319269329309e-01 2.364297062159e-01 1.812766045332e-01 1.250678002834e-01 9.902116656303e-02 8.546183258295e-02 7.730107009411e-02 7.116601616144e-02 7.302222400904e-02 6.497652083635e-02 4.878298938274e-02 4.851334169507e-02 5.744133144617e-02 6.566186994314e-02 6.753686070442e-02 6.850565224886e-02 6.866367161274e-02 6.763530522585e-02 6.248597055674e-02 5.550915375352e-02 4.949311167002e-02 4.461536929011e-02 4.353670775890e-02 3.788994997740e-02
2.948639988899e-01 6.067845821381e-01 3.918655514717e-01 5.470683574677e-01 3.935489654541e-01 5.561444759369e-01 4.678195714951e-01 2.894359529018e-01 2.941753268242e-01 2.366075813770e-01 3.785652220249e-01 2.450184673071e-01 1.594966948032e-01 1.826481670141e-01 3.323416113853e-01 1.982238590717e-01 2.265906035900e-01 3.541113138199e-01 3.175095915794e-01 2.152365595102e-01 1.453921198845e-01 9.885016083717e-02 9.021219611168e-02 8.147861808538e-02 8.204677700996e-02 7.842192798853e-02 6.875128298998e-02 5.998579040170e-02 5.414024367929e-02 5.415120348334e-02 5.946717411280e-02 5.587311089039e-02 4.587231948972e-02 3.873183950782e-02 3.743715956807e-02 3.230135515332e-02 2.865106612444e-02 3.210029006004e-02 3.646542876959e-02 4.114163294435e-02 4.553220793605e-02 6.622529029846e-02 6.825603544712e-02
4.340499937534e-01 3.035677373409e-01 5.339022278786e-01 4.231136739254e-01 4.498854577541e-01 5.859051942825e-01 3.575342595577e-01 3.249534368515e-01 2.322667986155e-01 2.407948821783e-01 4.049371182919e-01 2.195868045092e-01 2.251241803169e-01 2.210024148226e-01 2.693264186382e-01 4.350706338882e-01 2.968888580799e-01 1.539027839899e-01 1.444406658411e-01 9.535143524408e-02 7.252713292837e-02 1.035870164633e-01 1.364782154560e-01 1.231065616012e-01 8.863946795464e-02 7.763649523258e-02 7.591176033020e-02 7.000723481178e-02 6.048138439655e-02 5.624658614397e-02 5.293175578117e-02 5.360002815723e-02 5.129173398018e-02 4.769846796989e-02 4.647198691964e-02 4.884986206889e-02 4.820111766458e-02 4.376626759768e-02 5.846687033772e-02 7.965378463268e-02 6.538555026054e-02 4.946846887469e-02 4.275026172400e-02
4.787140786648e-01 4.410074055195e-01 6.959658861160e-01 5.817870497704e-01 5.504301190376e-01 6.063349843025e-01 5.716946125031e-01 3.154411613941e-01 3.557361066341e-01 3.371525406837e-01 3.990546762943e-01 3.119887113571e-01 2.881390750408e-01 4.930404424667e-01 3.179085850716e-01 2.356090843678e-01 2.002662271261e-01 1.622032076120e-01 1.194908916950e-01 1.940455287695e-01 2.090086936951e-01 1.096675321460e-01 1.710550189018e-01 1.285919249058e-01 1.151947900653e-01 1.012433990836e-01 8.926153928041e-02 7.979018241167e-02 7.185947895050e-02 7.123570889235e-02 1.334199011326e-01 5.675388127565e-02 5.390166863799e-02 5.104979500175e-02 6.452251225710e-02 8.056812733412e-02 7.399591058493e-02 8.459505438805e-02 7.323053479195e-02 8.017101883888e-02 8.078296482563e-02 7.891485840082e-02 7.236742228270e-02
4.568230807781e-01 6.329762339592e-01 5.457675457001e-01 5.418624281883e-01 5.034861564636e-01 6.363177299500e-01 1.005632758141e+00 4.344256818295e-01 5.069142580032e-01 5.050604343414e-01 4.603601396084e-01 4.637448489666e-01 5.260683894157e-01 2.999082505703e-01 3.252785801888e-01 1.835162192583e-01 2.492082118988e-01 3.332708179951e-01 2.621813416481e-01 2.499258220196e-01 2.599177956581e-01 1.734569966793e-01 1.084777861834e-01 1.052983477712e-01 9.766555577517e-02 9.157247841358e-02 1.116426363587e-01 1.931138187647e-01 2.319395095110e-01 2.058821171522e-01 1.017110794783e-01 7.357171177864e-02 6.987547874451e-02 7.550569623709e-02 9.522553533316e-02 9.757502377033e-02 8.824671804905e-02 7.900024950504e-02 6.004035845399e-02 7.459071278572e-02 8.899141103029e-02 8.877229690552e-02 8.531244099140e-02
5.410684347153e-01 7.855999469757e-01 1.299085974693e+00 7.945308685303e-01 1.282670259476e+00 6.592702269554e-01 1.574201583862e+00 4.522426724434e-01 8.819218277931e-01 6.308695077896e-01 5.516911745071e-01 5.395758152008e-01 3.058079183102e-01 3.728999197483e-01 4.226065576077e-01 4.129108488560e-01 2.554489374161e-01 1.515041589737e-01 3.253813982010e-01 2.814470827579e-01 1.542597413063e-01 1.409088522196e-01 1.331648826599e-01 2.424576729536e-01 2.982380092144e-01 2.636796236038e-01 1.735849529505e-01 1.246917247772e-01 1.355727910995e-01 8.591496944427e-02 6.900966167450e-02 1.035429611802e-01 1.287181079388e-01 1.154492571950e-01 1.017668545246e-01 1.379060447216e-01 1.633140742779e-01 1.460320055485e-01 1.047040522099e-01 7.768136262894e-02 9.702232480049e-02 1.065131574869e-01 1.122736334801e-01
6.666355133057e-01 8.406694531441e-01 9.902541637421e-01 1.316294074059e+00 1.099939107895e+00 1.115943670273e+00 1.845752954483e+00 7.343704700470e-01 8.518087863922e-01 6.707320213318e-01 6.763198375702e-01 3.912561237812e-01 4.226823747158e-01 5.281347632408e-01 4.121695458889e-01 2.946762144566e-01 4.252584278584e-01 3.949674367905e-01 3.120742142200e-01 3.949649631977e-01 3.999288976192e-01 3.469043672085e-01 2.483160942793e-01 1.359243839979e-01 1.492719054222e-01 1.347292810678e-01 1.068677678704e-01 1.103109046817e-01 1.191936209798e-01 1.281113624573e-01 1.247510537505e-01 1.064285337925e-01 1.022430062294e-01 8.585660904646e-02 1.569718718529e-01 1.917935609818e-01 1.798231899738e-01 1.324552446604e-01 8.023399114609e-02 4.904726147652e-02 6.829961389303e-02 7.836961746216e-02 7.212613523006e-02
6.328524947166e-01 9.302858710289e-01 1.102231979370e+00 1.050054907799e+00 1.563444256783e+00 1.169505596161e+00 1.880005478859e+00 1.035998940468e+00 8.868107199669e-01 9.838476181030e-01 7.524684071541e-01 4.961951076984e-01 4.918129444122e-01 5.258210301399e-01 3.036681115627e-01 4.489985406399e-01 5.794110894203e-01 4.001065194607e-01 2.378280907869e-01 2.360330969095e-01 2.079686373472e-01 1.610992848873e-01 1.552788168192e-01 1.717715859413e-01 1.718501597643e-01 1.517993062735e-01 1.314821243286e-01 1.282311528921e-01 1.069096699357e-01 1.174645200372e-01 1.126766875386e-01 1.028168275952e-01 7.134050130844e-02 1.308497041464e-01 1.560629308224e-01 1.479689180851e-01 1.033516004682e-01 5.558611452579e-02 7.645758241415e-02 7.193490117788e-02 5.384924635291e-02 5.193349346519e-02 5.615044385195e-02
9.373184442520e-01 1.310826897621e+00 1.339259386063e+00 1.453671097755e+00 1.585494875908e+00 1.996539235115e+00 1.883320927620e+00 3.661777973175e+00 1.348933100700e+00 8.542648553848e-01 7.935822606087e-01 7.073945999146e-01 6.006814837456e-01 9.169619679451e-01 8.002324700356e-01 4.680192172527e-01 4.332188665867e-01 4.499912261963e-01 3.297034800053e-01 2.911574542522e-01 2.885150909424e-01 2.744973003864e-01 2.946747839451e-01 2.198697477579e-01 2.822822928429e-01 2.499189972878e-01 1.570646613836e-01 1.430375427008e-01 1.448613107204e-01 1.352778971195e-01 1.155450120568e-01 1.115882992744e-01 1.164554804564e-01 1.340055763721e-01 1.245979070663e-01 9.561973065138e-02 7.286456227303e-02 6.562554091215e-02 6.407985836267e-02 6.345623731613e-02 6.207514181733e-02 5.983379483223e-02 5.838534235954e-02
5.952106714249e-01 1.734014034271e+00 1.197261929512e+00 1.497052073479e+00 2.364065647125e+00 1.891621470451e+00 2.245489597321e+00 2.674202203751e+00 1.318033456802e+00 1.245032906532e+00 1.584236264229e+00 1.007362365723e+00 1.249817490578e+00 9.712121486664e-01 8.129597306252e-01 7.091606855392e-01 6.029074192047e-01 5.217940807343e-01 4.605381488800e-01 6.467038989067e-01 7.566815018654e-01 3.160611391068e-01 2.062937617302e-01 2.097533792257e-01 2.944574058056e-01 1.845279932022e-01 1.595458537340e-01 1.512867957354e-01 1.397449970245e-01 1.330027282238e-01 1.277609020472e-01 1.322032064199e-01 1.399281173944e-01 1.196454688907e-01 9.158191829920e-02 8.538437634706e-02 8.088506758213e-02 6.657385826111e-02 6.587442010641e-02 6.641598790884e-02 6.129890307784e-02 6.281869113445e-02 6.599868088961e-02
1.601874947548e+00 1.874389529228e+00 2.141938686371e+00 2.259030103683e+00 2.621723175049e+00 3.631083726883e+00 4.820261001587e+00 2.227643966675e+00 1.795961499214e+00 1.254987597466e+00 1.784726262093e+00 1.778158426285e+00 6.726773977280e-01 1.073178529739e+00 1.176955342293e+00 5.836625695229e-01 5.393912792206e-01 5.719711184502e-01 6.316129565239e-01 7.454616427422e-01 5.762883424759e-01 2.440292537212e-01 2.784527540207e-01 2.270721793175e-01 2.126536816359e-01 1.817250549793e-01 1.767620593309e-01 1.754680126905e-01 1.458346694708e-01 1.012879535556e-01 9.052789956331e-02 9.922058135271e-02 1.053399667144e-01 1.082392334938e-01 1.061824113131e-01 1.016972884536e-01 9.068059921265e-02 9.291639924049e-02 1.036288738251e-01 1.061805412173e-01 9.512495994568e-02 8.259756118059e-02 7.210895419121e-02
1.068808913231e+00 1.904325485229e+00 1.964920282364e+00 2.492153406143e+00 2.478868961334e+00 2.450330495834e+00 2.406698942184e+00 1.986170053482e+00 1.390956759453e+00 1.581903338432e+00 1.519616961479e+00 1.604398369789e+00 1.940418958664e+00 8.643664717674e-01 7.185547947884e-01 4.463647603989e-01 4.069913029671e-01 2.876364290714e-01 2.596809267998e-01 2.231551855803e-01 1.938260495663e-01 2.196082621813e-01 2.707458734512e-01 3.116165995598e-01 3.190595209599e-01 2.802125811577e-01 2.251253575087e-01 1.561246812344e-01 1.095805242658e-01 9.037145972252e-02 7.238204032183e-02 8.150709420443e-02 1.060366481543e-01 7.271166890860e-02 8.042544126511e-02 8.790306001902e-02 7.028108090162e-02 8.580040931702e-02 1.014372482896e-01 1.075092554092e-01 1.220573857427e-01 1.533996611834e-01 1.742284893990e-01
4.214750826359e-01 5.753645896912e-01 9.052627682686e-01 4.282347202301e+00 2.366392374039e+00 2.254511117935e+00 1.255565166473e+00 1.293883562088e+00 1.193291664124e+00 1.903160214424e+00 1.770930886269e+00 2.505708694458e+00 3.628084421158e+00 2.663469076157e+00 1.736894845963e+00 8.008492588997e-01 3.776046633720e-01 2.696048617363e-01 2.450236678123e-01 3.281074464321e-01 4.270794689655e-01 3.955056369305e-01 2.920174300671e-01 1.877670586109e-01 2.063437104225e-01 1.953761726618e-01 2.806447148323e-01 4.191259145737e-01 1.948091834784e-01 1.016898453236e-01 9.411463141441e-02 1.544769704342e-01 1.036342903972e-01 6.354817748070e-02 5.562310665846e-02 5.777470022440e-02 5.798808485270e-02 5.969581753016e-02 6.078250706196e-02 6.075858697295e-02 6.087016314268e-02 6.736810505390e-02 5.880834162235e-02
7.627452164888e-02 1.940148323774e-01 4.704139828682e-01 6.131838560104e-01 6.233254075050e-01 6.131350994110e-01 4.755554497242e-01 6.476501226425e-01 6.605501770973e-01 1.033180952072e+00 2.090027570724e+00 2.360066175461e+00 3.243062734604e+00 1.897711396217e+00 1.348033428192e+00 7.648537755013e-01 3.499782681465e-01 1.840898543596e-01 1.927791237831e-01 4.276180267334e-01 1.364448785782e+00 5.723253488541e-01 4.895128607750e-01 3.604901731014e-01 3.675990998745e-01 3.158578276634e-01 3.424876332283e-01 2.402906715870e-01 1.181187629700e-01 1.557692438364e-01 1.312733143568e-01 1.329089701176e-01 8.062898367643e-02 7.312994450331e-02 5.102956295013e-02 4.660247266293e-02 4.869966208935e-02 4.863318800926e-02 5.254482105374e-02 4.839107394218e-02 6.299502402544e-02 7.401122897863e-02 7.159658521414e-02
5.365161970258e-02 1.002872437239e-01 3.002238273621e-01 1.776286810637e-01 1.483333110809e-01 1.209124103189e-01 1.834841966629e-01 3.030137717724e-01 3.165244162083e-01 3.366939127445e-01 9.540122747421e-01 4.758480548859e+00 3.729575395584e+00 1.685196161270e+00 7.801375389099e-01 2.225313782692e-01 1.333759874105e-01 8.781793713570e-02 1.091417372227e-01 2.788128256798e-01 6.394731998444e-01 1.114474654198e+00 5.585466027260e-01 4.252344369888e-01 3.356556296349e-01 2.520580291748e-01 2.675609886646e-01 2.496116459370e-01 2.192041873932e-01 1.975264251232e-01 2.409652024508e-01 1.030765175819e-01 9.566000849009e-02 7.722270488739e-02 7.891161739826e-02 7.355401664972e-02 6.149233505130e-02 5.285818874836e-02 6.020731478930e-02 6.951092928648e-02 8.144580572844e-02 8.020532131195e-02 6.841544061899e-02
3.601373359561e-02 1.474414467812e-01 3.485088646412e-01 2.863001823425e-01 6.310606747866e-02 7.384947687387e-02 7.064691931009e-02 1.433971673250e-01 1.602013558149e-01 3.364454209805e-01 5.667093396187e-01 1.313928008080e+00 2.775950431824e+00 1.889758586884e+00 2.550739288330e+00 6.166465878487e-01 7.564723491669e-02 4.767735302448e-02 7.513776421547e-02 2.498325258493e-01 7.706096172333e-01 1.193167567253e+00 9.110510945320e-01 6.205158233643e-01 4.313350319862e-01 2.715252041817e-01 3.080569505692e-01 2.283931821585e-01 2.203736156225e-01 2.193520516157e-01 1.823353767395e-01 1.454914063215e-01 1.025112047791e-01 1.091209277511e-01 9.777835756540e-02 7.823716849089e-02 6.952982395887e-02 6.451128423214e-02 5.958247929811e-02 6.958772987127e-02 7.636458426714e-02 7.428604364395e-02 6.583731621504e-02
3.048264607787e-02 7.516113668680e-02 5.139947533607e-01 6.142734885216e-01 3.211574852467e-01 4.984476044774e-02 3.795196861029e-02 7.158290594816e-02 7.152870297432e-02 5.794739350677e-02 4.892565682530e-02 2.139991670847e-01 9.396256804466e-01 5.699390172958e-01 3.160305738449e+00 3.848692178726e-01 2.203654199839e-01 8.527911454439e-02 6.662584096193e-02 2.157301157713e-01 4.246818125248e-01 3.752366065979e+00 1.162719488144e+00 5.061590671539e-01 5.130397677422e-01 2.704399228096e-01 2.902899682522e-01 2.495221197605e-01 3.557337224483e-01 2.733735144138e-01 1.567973345518e-01 1.552390009165e-01 1.449544131756e-01 1.381516903639e-01 1.357078999281e-01 1.082207038999e-01 1.064161881804e-01 1.177707090974e-01 7.610721141100e-02 5.827376246452e-02 5.757607519627e-02 5.689600110054e-02 6.631837785244e-02
1.957097649574e-02 3.381586074829e-02 4.230431839824e-02 2.389348745346e-01 1.472734063864e-01 3.556229919195e-02 3.033075667918e-02 3.573529049754e-02 3.354096040130e-02 3.212765604258e-02 2.321068197489e-02 2.597714774311e-02 8.008297532797e-02 5.284498333931e-01 1.457917451859e+00 3.498696088791e-01 2.960951030254e-01 1.383102387190e-01 7.902614772320e-02 1.553511917591e-01 1.798795610666e-01 2.474421560764e-01 2.247997075319e-01 1.708051115274e-01 2.519631087780e-01 4.190478920937e-01 3.704858124256e-01 3.702924847603e-01 2.356690615416e-01 3.092917799950e-01 3.226829767227e-01 2.812851071358e-01 1.719468832016e-01 1.427463144064e-01 1.364967226982e-01 1.192017346621e-01 1.018999144435e-01 1.031564995646e-01 1.000644117594e-01 6.624272465706e-02 5.444689467549e-02 5.612512677908e-02 6.114545091987e-02
2.153939753771e-02 3.446761518717e-02 2.266006171703e-02 2.539837732911e-02 2.580640465021e-02 3.039620257914e-02 2.813415415585e-02 2.662125788629e-02 2.464780211449e-02 1.858584582806e-02 1.290830597281e-02 1.101961266249e-02 1.841416582465e-02 5.363174676895e-01 8.108968734741e-01 9.119890332222e-01 2.410951852798e-01 2.674151957035e-01 2.404511868954e-01 9.231460839510e-02 1.003152206540e-01 1.890164464712e-01 5.177063345909e-01 4.758959710598e-01 6.206755638123e-01 6.247614026070e-01 5.858633518219e-01 5.538226962090e-01 5.255265831947e-01 5.019666552544e-01 5.347451567650e-01 6.553580164909e-01 5.603107810020e-01 2.295370548964e-01 9.366156905890e-02 1.103650853038e-01 1.207999736071e-01 8.344223350286e-02 8.210895210505e-02 5.807388946414e-02 5.719363689423e-02 4.261339455843e-02 4.793123155832e-02
