VariationalSeries/SI/f12.grd
DSAA
101	101
32.816463539100	34.260883539100
35.556306596100	36.727886596100
2.955128729809e-05	4.820261001587e+00
[rows 76 to 94 of 101, columns 0 to 42 of 101]
3.102083574049e-04 4.487880214583e-04 5.906345322728e-04 6.996350712143e-04 7.520671933889e-04 7.570216548629e-04 7.313772803172e-04 6.904762121849e-04 6.439473945647e-04 6.982068298385e-04 7.892889552750e-04 9.463530150242e-04 1.120694796555e-03 1.232519978657e-03 1.255066716112e-03 1.218494260684e-03 1.109591219574e-03 1.100140623748e-03 1.151437638327e-03 1.296891248785e-03 1.795478863642e-03 1.761786406860e-03 1.145759131759e-03 1.243163249455e-03 1.150471158326e-03 1.013273838907e-03 1.069450518116e-03 1.187793212011e-03 1.337278401479e-03 1.414680504240e-03 1.361406524666e-03 1.280499971472e-03 1.243019942194e-03 1.237865304574e-03 1.373839913867e-03 1.651291502640e-03 3.178295446560e-03 3.813700517640e-03 3.589130239561e-03 2.511110855266e-03 2.486606594175e-03 4.121297504753e-03 7.177619729191e-03
3.120944311377e-04 5.048007587902e-04 6.702737882733e-04 7.733703241684e-04 8.145872852765e-04 8.105912711471e-04 7.784897461534e-04 7.309726206586e-04 7.630842155777e-04 8.468448068015e-04 9.743833797984e-04 1.152001088485e-03 1.316321897320e-03 1.396390027367e-03 1.374832470901e-03 1.275149872527e-03 1.085807336494e-03 1.051780069247e-03 1.069669611752e-03 9.538576705381e-04 1.022593816742e-03 1.077289110981e-03 9.361987467855e-04 1.025088015012e-03 1.094463397749e-03 1.022630021907e-03 1.155241974629e-03 1.396978390403e-03 1.554403221235e-03 1.573937479407e-03 1.468003727496e-03 1.346032135189e-03 1.354736392386e-03 1.271121087484e-03 1.399618457071e-03 1.736871083267e-03 2.845520619303e-03 3.185940440744e-03 3.530015004799e-03 3.981749992818e-03 8.229369297624e-03 1.072613056749e-02 1.015100069344e-02
3.325418219902e-04 5.306202801876e-04 6.913621909916e-04 7.825490320101e-04 8.117529796436e-04 7.983110263012e-04 7.577145588584e-04 8.314097067341e-04 9.364550933242e-04 1.047425554134e-03 1.191164716147e-03 1.342840609141e-03 1.440786989406e-03 1.437867642380e-03 1.334764994681e-03 1.158666680567e-03 9.198848856613e-04 9.181183413602e-04 8.956304518506e-04 7.831974653527e-04 7.473455625586e-04 8.385532419197e-04 9.150078985840e-04 1.221906160936e-03 1.303467899561e-03 1.256181159988e-03 1.549217849970e-03 1.685421797447e-03 1.727245165966e-03 1.691391575150e-03 1.582322642207e-03 1.466744230129e-03 1.400389824994e-03 1.394836464897e-03 1.832344685681e-03 2.712333807722e-03 3.573250258341e-03 4.394411575049e-03 3.709209384397e-03 9.701812639832e-03 1.117214933038e-02 1.088072918355e-02 1.070171594620e-02
3.005077014677e-04 4.750991065521e-04 6.126703810878e-04 6.865604664199e-04 7.053666631691e-04 6.859367713332e-04 7.910616113804e-04 8.998985867947e-04 9.869397617877e-04 1.073554391041e-03 1.164648914710e-03 1.232186681591e-03 1.239459495991e-03 1.166483853012e-03 1.029925071634e-03 8.609407814220e-04 6.984521169215e-04 7.217267411761e-04 6.740259123035e-04 6.603815709241e-04 6.920638843440e-04 7.706197211519e-04 1.077654073015e-03 1.510101370513e-03 1.667055417784e-03 1.878707087599e-03 1.905232784338e-03 1.924200681970e-03 1.815632102080e-03 1.710036769509e-03 1.620198716410e-03 1.539266086183e-03 1.723360386677e-03 2.051200717688e-03 2.616863930598e-03 3.017320763320e-03 2.944001695141e-03 4.751119296998e-03 5.727059207857e-03 8.597349748015e-03 9.543940424919e-03 9.604120627046e-03 9.786427021027e-03
2.498144749552e-04 4.001044144388e-04 4.880072956439e-04 5.307705141604e-04 5.449428572319e-04 6.371859926730e-04 7.318233256228e-04 7.898682961240e-04 8.165852050297e-04 8.404433028772e-04 8.682190673426e-04 8.845954434946e-04 8.671249961480e-04 8.022419642657e-04 7.073632441461e-04 6.703548715450e-04 6.186974351294e-04 6.047252682038e-04 6.438112468459e-04 6.453265086748e-04 6.517979199998e-04 7.490952848457e-04 1.219292404130e-03 1.743060420267e-03 2.027116948739e-03 2.260047243908e-03 2.277809660882e-03 2.337197074667e-03 2.274384489283e-03 1.952015212737e-03 1.672111684456e-03 1.634056912735e-03 1.897704205476e-03 2.084983745590e-03 2.206830075011e-03 2.348140347749e-03 3.120454261079e-03 4.579819273204e-03 6.063942797482e-03 6.186560727656e-03 9.675197303295e-03 1.159345824271e-02 9.093506261706e-03
3.413796366658e-04 5.201391177252e-04 6.294271443039e-04 6.731047760695e-04 7.010066183284e-04 7.134975749068e-04 7.174511556514e-04 7.125927368179e-04 6.989731336944e-04 6.803458090872e-04 6.664200336672e-04 7.017100579105e-04 7.228786707856e-04 7.264387095347e-04 7.087765843607e-04 6.829829071648e-04 6.911815726198e-04 6.821347051300e-04 7.230115588754e-04 7.016144809313e-04 6.853716913611e-04 8.453637128696e-04 1.270763110369e-03 1.823791535571e-03 4.829303361475e-03 1.433062367141e-02 1.525197923183e-02 6.847595795989e-03 3.971433266997e-03 3.124385140836e-03 2.207711338997e-03 1.689900876954e-03 2.009154995903e-03 2.636357676238e-03 2.074924996123e-03 2.546990523115e-03 2.823150949553e-03 4.726647399366e-03 8.279277011752e-03 8.141865953803e-03 9.023969992995e-03 1.191489491612e-02 1.636466756463e-02
4.829226527363e-04 7.183955749497e-04 8.546715253033e-04 9.241176303476e-04 9.444348397665e-04 9.389141341671e-04 9.197159088217e-04 8.906737784855e-04 8.540622075088e-04 8.130217902362e-04 8.540977723897e-04 9.763636626303e-04 1.080177607946e-03 1.144732581452e-03 1.157049671747e-03 1.116014202125e-03 1.028646016493e-03 9.211776196025e-04 9.469466167502e-04 8.900690590963e-04 8.315736777149e-04 1.010200241581e-03 1.292788074352e-03 3.145122434944e-03 1.332924887538e-02 3.849588334560e-02 4.210364818573e-02 2.112473919988e-02 9.123043157160e-03 4.485497251153e-03 2.883324865252e-03 2.185995690525e-03 1.874446053989e-03 2.810410922393e-03 2.601978834718e-03 2.158760325983e-03 2.685203216970e-03 4.260084591806e-03 9.759162552655e-03 1.469281408936e-02 9.687015786767e-03 9.425616823137e-03 2.083108574152e-02
6.049815565348e-04 8.639895240776e-04 1.033968408592e-03 1.099970540963e-03 1.097299973480e-03 1.061241957359e-03 1.009387895465e-03 9.812518255785e-04 1.023495220579e-03 1.238022348844e-03 1.456521684304e-03 1.662167487666e-03 1.829587970860e-03 1.943858573213e-03 2.001771237701e-03 2.000940032303e-03 1.946612261236e-03 1.813825918362e-03 1.519369427115e-03 1.264679245651e-03 1.123695285060e-03 1.255963696167e-03 2.786191646010e-03 4.868704825640e-03 1.445407420397e-02 1.212264075875e-01 2.317104786634e-01 5.002852529287e-02 2.169609442353e-02 7.615492679179e-03 3.526886226609e-03 2.705462276936e-03 2.106497529894e-03 2.687424654141e-03 3.143350360915e-03 2.591117052361e-03 3.340048016980e-03 5.181967280805e-03 8.218703791499e-03 1.802382431924e-02 1.812807843089e-02 8.993610739708e-03 2.171349525452e-02
6.390834460035e-04 8.947030291893e-04 1.046606223099e-03 1.083915936761e-03 1.048279227689e-03 1.074409112334e-03 1.196789322421e-03 1.277394243516e-03 1.295630936511e-03 1.552211237140e-03 1.833273214288e-03 2.093289513141e-03 2.301749540493e-03 2.459628041834e-03 2.590487943962e-03 2.720342949033e-03 2.876987680793e-03 2.957032993436e-03 2.651107264683e-03 1.889391802251e-03 1.844002050348e-03 2.625325229019e-03 4.612180404365e-03 6.534127052873e-03 2.863067016006e-02 6.968820095062e-02 9.165266156197e-02 2.764810808003e-02 1.041976828128e-02 5.997575819492e-03 5.048708524555e-03 6.327554583549e-03 8.175832219422e-03 7.594623137265e-03 5.035109817982e-03 5.411688704044e-03 4.526720847934e-03 5.281095858663e-03 5.839277058840e-03 1.184882409871e-02 1.579399779439e-02 1.017174590379e-02 3.840652853251e-02
8.798739290796e-04 1.393203972839e-03 1.756368204951e-03 1.962838228792e-03 2.077528741211e-03 2.121184021235e-03 2.099468605593e-03 2.021729014814e-03 1.902844989672e-03 1.763043459505e-03 1.652250997722e-03 1.857307623141e-03 2.052022377029e-03 2.238777000457e-03 2.421814948320e-03 2.597874728963e-03 3.025586484000e-03 3.444792004302e-03 3.951833583415e-03 4.244221374393e-03 4.164154175669e-03 4.479126539081e-03 5.286543630064e-03 7.786184549332e-03 1.489748153836e-02 4.606456961483e-03 4.180688410997e-03 4.159402567893e-03 4.746798891574e-03 4.804802592844e-03 5.260383710265e-03 3.959050774574e-02 2.615258656442e-02 2.049665339291e-02 1.240161992610e-02 1.740549691021e-02 1.544890739024e-02 6.849856115878e-03 6.126457359642e-03 7.321351673454e-03 1.093804184347e-02 2.934907376766e-02 4.459998384118e-02
1.614095177501e-03 2.508788602427e-03 3.073399886489e-03 3.302599536255e-03 3.339119721204e-03 3.254545386881e-03 3.086321288720e-03 2.866751980036e-03 2.676763804629e-03 2.779407892376e-03 2.849885728210e-03 2.871928270906e-03 2.808031393215e-03 2.936666365713e-03 3.079890739173e-03 3.310508094728e-03 4.246982745826e-03 6.923548411578e-03 8.973455987871e-03 9.052205830812e-03 9.205735288560e-03 8.749566040933e-03 5.640588700771e-03 8.227992802858e-03 3.110708668828e-03 2.574038691819e-03 2.443313598633e-03 2.143084537238e-03 2.586092334241e-03 3.592010121793e-03 8.508591912687e-03 4.691338166595e-02 3.365056589246e-02 2.097058668733e-02 1.798805780709e-02 3.782813251019e-02 3.459234163165e-02 1.430150400847e-02 9.935563430190e-03 7.648931350559e-03 1.641161181033e-02 2.776820398867e-02 4.917595162988e-02
1.834865543060e-03 2.826270880178e-03 3.414983861148e-03 3.597776871175e-03 3.584848484024e-03 3.735463134944e-03 3.854380222037e-03 3.968781325966e-03 4.097063560039e-03 4.207887221128e-03 4.255258478224e-03 4.163029603660e-03 4.388856235892e-03 5.017977673560e-03 5.436602048576e-03 5.798458587378e-03 7.116843014956e-03 7.676093839109e-03 6.423762068152e-03 7.407486904413e-03 7.633664645255e-03 6.876868661493e-03 5.581774748862e-03 2.529724035412e-03 2.181319287047e-03 1.889950828627e-03 1.591237611137e-03 1.297539914958e-03 1.247510779649e-03 2.171231666580e-03 3.468711394817e-03 1.960613578558e-02 2.633671648800e-02 3.404577448964e-02 3.828021138906e-02 5.407162010670e-02 3.072555549443e-02 1.320184487849e-02 2.157467976213e-02 1.690303348005e-02 2.047741226852e-02 2.651981264353e-02 8.501581102610e-02
1.328716403805e-03 2.019825857133e-03 2.431502565742e-03 2.551970537752e-03 2.553883939981e-03 2.897671656683e-03 2.926439745352e-03 2.783914329484e-03 3.349553560838e-03 3.953395877033e-03 4.376346245408e-03 4.797860048711e-03 5.521434824914e-03 6.299761589617e-03 6.795180961490e-03 6.911242846400e-03 6.371624767780e-03 5.055555142462e-03 3.774401033297e-03 3.058666130528e-03 2.350029768422e-03 1.859230920672e-03 1.569028128870e-03 1.579928211868e-03 1.459232298657e-03 1.221737009473e-03 9.626318933442e-04 8.716831798665e-04 1.147589064203e-03 1.885888515972e-03 2.620277227834e-03 1.087361294776e-02 1.205065101385e-02 2.063927613199e-02 2.257323078811e-02 6.135622039437e-02 5.410832166672e-02 2.956563234329e-02 2.588354423642e-02 1.152005642653e-01 2.712396681309e-01 6.942909210920e-02 4.264969006181e-02
8.802987867966e-04 1.329392543994e-03 1.651447615586e-03 1.864170422778e-03 1.916297245771e-03 1.852720393799e-03 1.728550181724e-03 1.586576923728e-03 1.818706514314e-03 2.127009676769e-03 2.264477312565e-03 2.364094834775e-03 2.649147761986e-03 2.980430377647e-03 3.190324874595e-03 3.224928397685e-03 2.867823000997e-03 2.176629612222e-03 2.504561096430e-03 2.320100786164e-03 1.804267172702e-03 1.251292997040e-03 1.125428359956e-03 1.053097308613e-03 9.142064955086e-04 7.401799666695e-04 8.825598051772e-04 1.206130487844e-03 1.537527190521e-03 3.328901017085e-03 4.219116643071e-03 6.026640068740e-03 1.064362283796e-02 7.949522696435e-03 6.902050692588e-03 8.367410860956e-03 5.282385274768e-02 3.164183348417e-02 2.400692924857e-02 1.541157066822e-01 3.402250111103e-01 3.704130649567e-02 1.334069203585e-02
7.514092721976e-04 1.107424614020e-03 1.398949301802e-03 1.565576298162e-03 1.609401428141e-03 1.568615552969e-03 1.485866610892e-03 1.387314638123e-03 1.288041472435e-03 1.190549228340e-03 1.154289580882e-03 1.148859038949e-03 1.101133180782e-03 1.045564189553e-03 1.102801761590e-03 1.250394503586e-03 2.184984507039e-03 2.786172321066e-03 2.613457385451e-03 1.938861911185e-03 1.219406840391e-03 7.666886667721e-04 7.245159940794e-04 6.525365752168e-04 5.784215172753e-04 9.059330914170e-04 1.379356952384e-03 1.815976342186e-03 2.670211717486e-03 4.368242807686e-03 5.618790164590e-03 7.695150095969e-03 9.109517559409e-03 8.515680208802e-03 4.703951533884e-03 5.522864405066e-03 1.084328070283e-02 2.722894027829e-02 4.552360251546e-02 4.802122339606e-02 2.520212344825e-02 9.542820975184e-03 8.902609348297e-03
5.878307856619e-04 8.500772528350e-04 1.066728611477e-03 1.188164460473e-03 1.222332823090e-03 1.200298545882e-03 1.162637607194e-03 1.103212824091e-03 1.035471213982e-03 9.617135510780e-04 8.813565946184e-04 7.959246868268e-04 8.157711708918e-04 8.652497781441e-04 8.540856651962e-04 1.208168338053e-03 2.061526523903e-03 2.439000410959e-03 2.085799118504e-03 1.435514888726e-03 8.719626930542e-04 5.116778193042e-04 5.550613277592e-04 6.082143518142e-04 8.152465452440e-04 1.373960403726e-03 2.055435907096e-03 3.013247391209e-03 4.320154432207e-03 5.545777268708e-03 8.421794511378e-03 8.745287545025e-03 8.164306171238e-03 4.324410576373e-03 3.363866126165e-03 4.578703548759e-03 5.611028056592e-03 2.122508361936e-02 5.367807298899e-02 2.727312594652e-02 1.787697523832e-02 8.146422915161e-03 7.729292381555e-03
4.305445181672e-04 6.204935489222e-04 7.703496958129e-04 8.579692803323e-04 8.917240775190e-04 8.895423961803e-04 8.653869736008e-04 8.267990197055e-04 7.775456178933e-04 7.185112335719e-04 6.519416929223e-04 6.343064014800e-04 6.881135632284e-04 6.918747676536e-04 6.385404267348e-04 7.213045028038e-04 1.292403321713e-03 1.608022488654e-03 1.501673250459e-03 1.173926168121e-03 8.284838986583e-04 5.563141894527e-04 5.965330055915e-04 6.856223335490e-04 1.150741707534e-03 2.606683177873e-03 5.586617626250e-03 5.178165622056e-03 3.977519925684e-03 7.629514206201e-03 1.051382906735e-02 9.019653312862e-03 6.612556986511e-03 3.108842298388e-03 3.307282924652e-03 4.553662147373e-03 6.413299124688e-03 2.011236175895e-02 2.839542739093e-02 1.805957965553e-02 1.043239701539e-02 6.506454199553e-03 5.834584124386e-03
2.952481736429e-04 4.226169548929e-04 5.222095642239e-04 5.810541915707e-04 6.048585055396e-04 6.047283532098e-04 5.883117555641e-04 5.601095035672e-04 5.223343032412e-04 4.767763603013e-04 4.925371031277e-04 5.533918738365e-04 5.772672011517e-04 5.519422702491e-04 5.324976518750e-04 6.089682574384e-04 6.761846598238e-04 8.225682540797e-04 9.395733941346e-04 9.056184208021e-04 7.697869441472e-04 6.073280819692e-04 6.378330290318e-04 8.656806894578e-04 1.496830489486e-03 4.548602737486e-03 6.518259178847e-03 3.723309142515e-03 4.116472788155e-03 8.177916519344e-03 1.117479335517e-02 8.844158612192e-03 6.258373148739e-03 4.286054056138e-03 4.707910120487e-03 4.551300778985e-03 1.014961209148e-02 3.815332427621e-02 2.103537134826e-02 7.674528751522e-03 1.540546864271e-02 6.647194270045e-03 4.510921426117e-03
1.752204552758e-04 2.490395563655e-04 3.062994219363e-04 3.397511027288e-04 3.527451190166e-04 3.514318086673e-04 3.399136185180e-04 3.207551781088e-04 3.103766066488e-04 3.786006127484e-04 4.428539541550e-04 4.849004908465e-04 4.883417859674e-04 5.437689833343e-04 6.286859861575e-04 7.146277930588e-04 7.896404131316e-04 8.384053362533e-04 8.460006210953e-04 8.067880407907e-04 7.354401168413e-04 6.806703750044e-04 7.563208346255e-04 1.076872111298e-03 1.801356556825e-03 5.102014634758e-03 5.385440308601e-03 4.100445192307e-03 3.724357113242e-03 7.362723816186e-03 1.039219927043e-02 8.094275370240e-03 7.991084828973e-03 5.381778813899e-03 5.672294646502e-03 4.251077305526e-03 9.839401580393e-03 2.571946568787e-02 1.046133134514e-02 9.036710485816e-03 2.045002207160e-02 6.554361432791e-03 3.450957126915e-03
