VariationalSeries/SI/f12.grd
DSAA
101	101
32.816463539100	34.260883539100
35.556306596100	36.727886596100
2.955128729809e-05	4.820261001587e+00
[rows 19 to 37 of 101, columns 0 to 42 of 101]
9.259852580726e-03 1.887714676559e-02 2.413769066334e-02 2.459042891860e-02 2.028011344373e-02 1.608713716269e-02 1.098832208663e-02 1.247566565871e-02 1.511447876692e-02 1.816341280937e-02 2.382135391235e-02 2.845768071711e-02 2.775027416646e-02 3.009244427085e-02 3.032093122602e-02 2.940495498478e-02 2.796640433371e-02 2.674321457744e-02 3.098797053099e-02 2.790720388293e-02 2.891051769257e-02 3.120425716043e-02 2.806562557817e-02 3.182910382748e-02 2.839502505958e-02 2.398985251784e-02 2.482263557613e-02 3.968378156424e-02 4.728858917952e-02 3.503602743149e-02 3.200004994869e-02 3.009926527739e-02 3.187634423375e-02 3.186739236116e-02 3.190962225199e-02 3.080737404525e-02 2.462554536760e-02 2.151557803154e-02 2.305578812957e-02 2.212583646178e-02 3.202679753304e-02 7.933727651834e-02 3.693172335625e-02
7.241233717650e-03 1.521487999707e-02 2.051498927176e-02 2.243930287659e-02 1.994958333671e-02 1.920379512012e-02 1.759777963161e-02 1.257031969726e-02 1.676058396697e-02 1.957122609019e-02 2.076186053455e-02 2.604147233069e-02 2.311544865370e-02 2.695591934025e-02 2.913718298078e-02 3.006529249251e-02 3.000421822071e-02 2.864133752882e-02 3.590684384108e-02 2.891340851784e-02 3.398063033819e-02 3.727654367685e-02 3.861541301012e-02 4.248009622097e-02 3.993362560868e-02 3.089287877083e-02 3.288689628243e-02 3.212077543139e-02 4.968724027276e-02 3.555680811405e-02 3.017656691372e-02 2.915271557868e-02 2.838203497231e-02 2.768949232996e-02 2.709557116032e-02 3.510301560163e-02 2.340477332473e-02 2.463787421584e-02 2.522284723818e-02 2.581937611103e-02 3.969664499164e-02 6.714878976345e-02 5.499020963907e-02
5.614164285362e-03 1.131380815059e-02 1.550434902310e-02 1.784328930080e-02 1.683826930821e-02 1.467441860586e-02 1.812312938273e-02 1.798031665385e-02 2.055410481989e-02 2.452499419451e-02 2.829338237643e-02 3.729456663132e-02 4.476049914956e-02 4.099722206593e-02 2.791652828455e-02 2.690463885665e-02 2.842549979687e-02 2.964694984257e-02 5.236370861530e-02 4.250623285770e-02 3.194664418697e-02 4.118493199348e-02 4.086528718472e-02 5.714034661651e-02 4.715839400887e-02 4.176288843155e-02 4.109414666891e-02 2.544226683676e-02 4.675128683448e-02 3.265699371696e-02 2.483689039946e-02 2.666944451630e-02 3.148389980197e-02 2.531300671399e-02 2.763286232948e-02 3.713653236628e-02 2.958042919636e-02 2.614025771618e-02 2.724247984588e-02 2.926862053573e-02 4.630716145039e-02 4.808766767383e-02 7.295866310596e-02
7.525915745646e-03 1.351954415441e-02 1.313623413444e-02 1.375806331635e-02 1.600887440145e-02 2.026204764843e-02 2.366479672492e-02 2.833432145417e-02 3.442459180951e-02 4.327802360058e-02 5.511656403542e-02 6.916045397520e-02 7.775962352753e-02 6.761693954468e-02 4.251388832927e-02 2.607390470803e-02 3.598890826106e-02 5.056783929467e-02 6.398733705282e-02 5.201003327966e-02 4.100590944290e-02 4.340057447553e-02 4.229710996151e-02 6.417257338762e-02 4.690678045154e-02 4.756144434214e-02 4.880370944738e-02 3.068185225129e-02 3.818441554904e-02 2.685965970159e-02 2.653561718762e-02 2.628953009844e-02 3.265091031790e-02 3.327453881502e-02 3.311117365956e-02 3.150853887200e-02 4.160392284393e-02 2.902054041624e-02 2.928654104471e-02 3.215131908655e-02 5.162935331464e-02 4.473011940718e-02 8.469954878092e-02
7.307151798159e-03 1.506782043725e-02 1.635368168354e-02 1.566861756146e-02 2.006751485169e-02 2.725987881422e-02 2.988532185555e-02 3.161044418812e-02 3.503251075745e-02 4.055757448077e-02 4.898333176970e-02 5.589567497373e-02 5.727074667811e-02 4.902272671461e-02 3.592752292752e-02 3.206150233746e-02 3.499279171228e-02 4.671500995755e-02 6.233689934015e-02 3.987796232104e-02 3.839634358883e-02 4.261121153831e-02 4.480639845133e-02 6.153837963939e-02 4.907532036304e-02 4.741135984659e-02 5.500866100192e-02 4.688641056418e-02 4.733645170927e-02 4.033986479044e-02 3.486964479089e-02 5.118024349213e-02 4.779218509793e-02 3.590924665332e-02 3.498478233814e-02 3.437750786543e-02 4.611882194877e-02 3.385567292571e-02 3.200265392661e-02 3.395399451256e-02 5.461445450783e-02 4.535210877657e-02 8.650046586990e-02
1.457931660116e-02 2.518198080361e-02 1.640173606575e-02 1.647311821580e-02 1.854268275201e-02 2.372396178544e-02 2.685951441526e-02 2.658724412322e-02 2.644189447165e-02 2.752601169050e-02 2.910360135138e-02 3.083338588476e-02 2.938877604902e-02 3.241949155927e-02 3.281879052520e-02 2.939118631184e-02 2.925165742636e-02 5.361428484321e-02 6.137348338962e-02 3.271906822920e-02 3.296771645546e-02 3.992914408445e-02 4.121680930257e-02 5.243934318423e-02 4.789821431041e-02 4.338324069977e-02 5.921534448862e-02 5.184845626354e-02 4.339015111327e-02 4.200364276767e-02 4.106850549579e-02 6.598072499037e-02 9.836655855179e-02 9.367988258600e-02 8.481910824776e-02 8.096423745155e-02 8.415943384171e-02 5.203156545758e-02 4.411862045527e-02 3.638581186533e-02 5.588586628437e-02 4.380515590310e-02 7.656025141478e-02
2.705482393503e-02 5.731270089746e-02 5.903587490320e-02 5.180175974965e-02 3.238264098763e-02 1.865553855896e-02 1.797741651535e-02 1.884796284139e-02 2.049960009754e-02 2.650528028607e-02 3.178662434220e-02 3.553756698966e-02 3.669327124953e-02 3.518030047417e-02 3.221010789275e-02 3.324651345611e-02 3.496288508177e-02 5.225938931108e-02 5.150569602847e-02 3.049479424953e-02 3.290572389960e-02 3.879529610276e-02 4.513899609447e-02 4.371979460120e-02 4.927049577236e-02 4.752654582262e-02 6.143965944648e-02 6.542704999447e-02 6.959639489651e-02 6.231935694814e-02 4.701444506645e-02 3.910252451897e-02 7.957749813795e-02 8.695346117020e-02 9.594295918941e-02 1.162012442946e-01 1.454192698002e-01 8.853674679995e-02 6.512413918972e-02 5.529840663075e-02 5.489552021027e-02 4.086687415838e-02 5.730864405632e-02
2.895735949278e-02 6.240500509739e-02 7.197622954845e-02 8.493752032518e-02 9.302669018507e-02 8.077373355627e-02 4.531127959490e-02 2.464938350022e-02 3.362802788615e-02 3.927829116583e-02 4.035557433963e-02 3.817855939269e-02 3.572399169207e-02 4.813442006707e-02 5.307492241263e-02 5.272940918803e-02 5.193800479174e-02 5.054520443082e-02 4.993086308241e-02 4.822173342109e-02 4.713692888618e-02 4.713678732514e-02 4.572942107916e-02 5.714962631464e-02 6.881836801767e-02 5.953529104590e-02 6.728246062994e-02 8.640907704830e-02 8.738472312689e-02 7.764849066734e-02 5.799756199121e-02 4.240359738469e-02 4.665453732014e-02 7.390649616718e-02 1.101844906807e-01 9.695832431316e-02 9.816208481789e-02 7.424075156450e-02 7.935767620802e-02 8.083495497704e-02 6.577356904745e-02 4.256995767355e-02 5.094150453806e-02
1.861719973385e-02 4.106138274074e-02 4.772477596998e-02 5.853562057018e-02 7.613307237625e-02 1.001273244619e-01 1.132441535592e-01 8.815591037273e-02 4.608734324574e-02 4.245260730386e-02 3.779948130250e-02 4.879766702652e-02 5.758131295443e-02 6.001674383879e-02 5.708177387714e-02 5.707287415862e-02 5.651568621397e-02 5.482260882854e-02 5.742370709777e-02 5.794551223516e-02 5.955160036683e-02 6.471011787653e-02 6.117027625442e-02 5.631696805358e-02 5.423666909337e-02 7.000795751810e-02 6.710472702980e-02 8.286523818970e-02 9.115026891232e-02 8.183790743351e-02 6.118184700608e-02 6.620335578918e-02 8.560456335545e-02 1.147743090987e-01 1.369757652283e-01 9.914189577103e-02 6.875143945217e-02 5.740867182612e-02 7.115308940411e-02 9.123619645834e-02 9.966614842415e-02 6.772580742836e-02 5.128218606114e-02
1.276035793126e-02 2.505637332797e-02 3.133489564061e-02 2.886092849076e-02 3.311150148511e-02 4.953679069877e-02 7.748639583588e-02 1.052208766341e-01 1.050467118621e-01 7.235648483038e-02 5.461368337274e-02 5.770166963339e-02 5.853050947189e-02 5.594905093312e-02 5.502732098103e-02 5.413339287043e-02 5.132180824876e-02 5.506062135100e-02 5.648472905159e-02 5.857433378696e-02 6.207462400198e-02 5.989272892475e-02 5.752030387521e-02 5.673604086041e-02 5.575211346149e-02 5.481176823378e-02 5.759423226118e-02 6.354232132435e-02 7.728684693575e-02 8.040259033442e-02 6.301961094141e-02 7.583331316710e-02 9.193488210440e-02 1.050024852157e-01 1.020063087344e-01 6.393514573574e-02 6.725668162107e-02 7.731919735670e-02 8.347663283348e-02 7.512965798378e-02 1.115293875337e-01 1.134783476591e-01 6.395362317562e-02
1.479365956038e-02 2.912440150976e-02 2.898232080042e-02 3.560692816973e-02 2.922598458827e-02 2.521647885442e-02 2.960786595941e-02 5.450601503253e-02 8.762251585722e-02 1.019398421049e-01 8.313430100679e-02 5.528868362308e-02 5.259016528726e-02 5.146230384707e-02 4.816661030054e-02 4.678612202406e-02 4.828692972660e-02 5.212881788611e-02 5.106629431248e-02 5.098012834787e-02 4.601156711578e-02 3.792192414403e-02 4.739852994680e-02 4.211094230413e-02 6.374384462833e-02 5.709108710289e-02 6.534943729639e-02 7.099902629852e-02 6.006762757897e-02 6.469473987818e-02 7.169281691313e-02 7.715502381325e-02 6.426900625229e-02 8.245266973972e-02 6.080763414502e-02 5.238144844770e-02 6.786025315523e-02 9.346602112055e-02 1.119735613465e-01 1.060541346669e-01 9.021551907063e-02 1.402054280043e-01 1.056233122945e-01
1.909108273685e-02 3.670189529657e-02 3.413923457265e-02 3.517205268145e-02 3.922674059868e-02 2.934009023011e-02 4.079773649573e-02 4.960039258003e-02 5.489520728588e-02 7.660686224699e-02 9.878326207399e-02 8.963726460934e-02 5.492791160941e-02 4.425615817308e-02 4.354527220130e-02 4.456977546215e-02 4.614195600152e-02 4.559304937720e-02 4.774510115385e-02 4.705918952823e-02 4.104150831699e-02 3.405350446701e-02 3.632226213813e-02 5.813408643007e-02 8.672037720680e-02 1.167935580015e-01 1.403147876263e-01 1.142070367932e-01 7.725040614605e-02 7.218226045370e-02 8.839512616396e-02 6.248033419251e-02 4.653337970376e-02 1.026507616043e-01 4.274643212557e-02 6.078435480595e-02 5.617795139551e-02 7.859376072884e-02 1.143751516938e-01 1.230743154883e-01 1.059567257762e-01 1.180257946253e-01 1.601656377316e-01
1.734103821218e-02 3.790218755603e-02 4.006482288241e-02 3.914897143841e-02 4.145562276244e-02 4.193082824349e-02 5.031733214855e-02 5.294894427061e-02 5.262698605657e-02 4.978198185563e-02 6.853009015322e-02 9.781588613987e-02 9.554225206375e-02 6.598005443811e-02 4.183623194695e-02 4.176479205489e-02 4.028711840510e-02 3.657380491495e-02 4.896269738674e-02 5.097297951579e-02 5.145001038909e-02 4.299763962626e-02 3.939276188612e-02 7.198350876570e-02 1.221829503775e-01 1.801618933678e-01 2.114387154579e-01 2.021123617887e-01 1.316055059433e-01 8.330659568310e-02 9.526024758816e-02 8.042030781507e-02 7.456088066101e-02 1.253433972597e-01 6.478346139193e-02 1.250025033951e-01 9.052069485188e-02 6.500146538019e-02 8.739796280861e-02 1.256898790598e-01 1.288995742798e-01 1.089514642954e-01 1.717330217361e-01
2.137917466462e-02 4.351435229182e-02 4.399923980236e-02 4.271449893713e-02 4.432452842593e-02 5.029259994626e-02 5.071953311563e-02 5.131862685084e-02 4.722546786070e-02 4.356973990798e-02 4.214820638299e-02 5.892929062247e-02 9.481582045555e-02 1.000166684389e-01 7.585486769676e-02 3.576773032546e-02 3.334371745586e-02 3.735498711467e-02 4.348819702864e-02 6.923091411591e-02 6.257604062557e-02 5.737479776144e-02 5.266278982162e-02 7.184176892042e-02 1.249405145645e-01 1.782607287169e-01 2.426897138357e-01 2.843707203865e-01 2.371333688498e-01 1.145111098886e-01 1.036622077227e-01 1.124190613627e-01 1.071723699570e-01 1.481870859861e-01 8.253960311413e-02 1.672172844410e-01 1.385464072227e-01 9.122333675623e-02 8.340623974800e-02 1.211289837956e-01 2.594040930271e-01 1.317017972469e-01 1.399715840816e-01
2.796238288283e-02 5.262301489711e-02 4.912392050028e-02 5.240942165256e-02 5.559307709336e-02 5.870747938752e-02 6.229944154620e-02 6.476421654224e-02 6.615865975618e-02 6.637176871300e-02 6.438450515270e-02 6.197502091527e-02 5.935607850552e-02 8.755037933588e-02 1.017139181495e-01 8.479443192482e-02 4.250312969089e-02 3.812823817134e-02 4.205105826259e-02 6.614240258932e-02 7.008292526007e-02 6.313078105450e-02 5.827729031444e-02 6.165053695440e-02 1.034610345960e-01 1.539483815432e-01 2.383662611246e-01 3.329511582851e-01 3.144450485706e-01 1.912801563740e-01 1.491326689720e-01 1.878701448441e-01 2.014991790056e-01 1.857732087374e-01 1.537620723248e-01 1.802449822426e-01 1.716049015522e-01 1.325078010559e-01 1.502729356289e-01 1.349930018187e-01 3.702282011509e-01 3.029588758945e-01 8.177877217531e-02
2.863903157413e-02 5.951245129108e-02 5.941151082516e-02 5.760881304741e-02 5.078804492950e-02 4.624495282769e-02 4.374631494284e-02 4.833735153079e-02 5.349557846785e-02 5.957655608654e-02 6.635423004627e-02 7.426315546036e-02 8.177003264427e-02 1.292665451765e-01 1.324083656073e-01 1.006178632379e-01 9.479702264071e-02 9.027243405581e-02 8.414688706398e-02 7.719945162535e-02 6.967560946941e-02 6.038254871964e-02 6.555663794279e-02 6.415947526693e-02 7.077623903751e-02 1.165758371353e-01 1.717730462551e-01 2.716547250748e-01 3.450196981430e-01 2.386910468340e-01 1.129133626819e-01 1.178527474403e-01 1.729783862829e-01 2.294118404388e-01 2.545563280582e-01 2.358404099941e-01 1.700580716133e-01 1.433615088463e-01 1.082183793187e-01 1.546018421650e-01 3.858750164509e-01 4.640554189682e-01 1.244356036186e-01
2.450436726213e-02 4.943596571684e-02 5.113366618752e-02 5.573148652911e-02 5.851227790117e-02 5.654732510448e-02 4.747738316655e-02 4.137570410967e-02 4.159815236926e-02 4.157491400838e-02 4.132892191410e-02 4.042543098330e-02 3.913574665785e-02 4.974010214210e-02 7.464479655027e-02 8.175393193960e-02 9.793344140053e-02 9.466762095690e-02 7.725179195404e-02 8.542702347040e-02 9.033425152302e-02 9.322658181190e-02 9.669512510300e-02 1.009897664189e-01 9.713866561651e-02 7.755637913942e-02 1.159300655127e-01 2.059660106897e-01 2.907176613808e-01 2.131520062685e-01 1.065696924925e-01 7.500109076500e-02 6.709886342287e-02 1.113445311785e-01 1.347692310810e-01 2.189098596573e-01 2.777355611324e-01 2.565963268280e-01 1.596395969391e-01 1.747974157333e-01 2.476481050253e-01 5.499383211136e-01 1.999621540308e-01
1.987927034497e-02 3.846182674170e-02 3.834157809615e-02 3.674967214465e-02 3.706214576960e-02 4.146923497319e-02 4.332140833139e-02 4.264115914702e-02 3.626263514161e-02 3.932504728436e-02 4.271978139877e-02 4.615731537342e-02 4.932337999344e-02 5.248682200909e-02 5.570857599378e-02 5.849511548877e-02 6.091737747192e-02 9.185845404863e-02 9.795457124710e-02 1.272380053997e-01 9.972310811281e-02 8.177644759417e-02 7.817108184099e-02 7.581982016563e-02 7.617720216513e-02 8.640160411596e-02 1.152324974537e-01 1.320793330669e-01 1.860436946154e-01 1.515155136585e-01 7.661309838295e-02 9.042917191982e-02 6.747772544622e-02 8.930315077305e-02 1.043223813176e-01 1.271416693926e-01 1.282856464386e-01 2.154977321625e-01 3.043719828129e-01 2.466172873974e-01 2.207330018282e-01 4.499689042568e-01 4.057285189629e-01
1.257021725178e-02 2.533679828048e-02 2.495686337352e-02 2.418199926615e-02 2.717909775674e-02 3.216218575835e-02 3.526001796126e-02 3.700847923756e-02 3.763691708446e-02 3.472235798836e-02 3.199737146497e-02 3.373854979873e-02 3.567585349083e-02 3.593922033906e-02 3.637946397066e-02 4.853075742722e-02 5.404337868094e-02 7.235653698444e-02 1.369198411703e-01 1.434657722712e-01 1.271861195564e-01 1.086376830935e-01 1.277984976768e-01 1.530373692513e-01 1.077924892306e-01 1.224028095603e-01 1.192009076476e-01 1.107927858829e-01 1.157489567995e-01 1.525815874338e-01 1.433181017637e-01 8.939171582460e-02 9.311074763536e-02 9.790735691786e-02 1.059871837497e-01 1.103823557496e-01 1.142668873072e-01 1.470699906349e-01 2.153694778681e-01 2.510267198086e-01 2.997660636902e-01 4.045611619949e-01 3.326473534107e-01
