VariationalSeries/SI/f12.grd
DSAA
101	101
32.816463539100	34.260883539100
35.556306596100	36.727886596100
2.955128729809e-05	4.820261001587e+00
[rows 57 to 75 of 101, columns 0 to 42 of 101]
1.643861993216e-03 2.700984477997e-03 2.921746345237e-03 2.924458123744e-03 3.124365350232e-03 3.827675711364e-03 4.291176330298e-03 4.707324318588e-03 5.094753112644e-03 5.205295514315e-03 5.008128937334e-03 6.906901951879e-03 1.182930078357e-02 6.464548874646e-03 4.794667009264e-03 7.169934455305e-03 6.397204007953e-03 7.108313031495e-03 8.587519638240e-03 8.983557112515e-03 9.153551422060e-03 6.892409641296e-03 4.792723804712e-03 4.212210886180e-03 4.567869938910e-03 6.329768802971e-03 1.012755744159e-02 1.257469225675e-02 9.932330809534e-03 5.728219170123e-03 4.482991993427e-03 3.454303834587e-03 3.476316342130e-03 4.428811836988e-03 5.176594946533e-03 6.663605105132e-03 7.688538171351e-03 8.364104665816e-03 1.380095258355e-02 1.785382069647e-02 1.528465002775e-02 1.350214798003e-02 1.553275529295e-02
2.069800859317e-03 3.388817887753e-03 3.871955210343e-03 3.929462749511e-03 3.885446581990e-03 3.777932841331e-03 3.779191058129e-03 3.953135572374e-03 4.113608039916e-03 6.688877940178e-03 2.170125208795e-02 2.512060478330e-02 9.382937103510e-03 4.898309241980e-03 4.906862508506e-03 4.583136178553e-03 4.948262590915e-03 4.929833114147e-03 5.569566972554e-03 7.053937297314e-03 8.570051752031e-03 9.151676669717e-03 6.395484786481e-03 4.021863918751e-03 4.629872739315e-03 7.067319937050e-03 1.068388111889e-02 1.145597174764e-02 1.158818230033e-02 7.364482153207e-03 4.447897896171e-03 4.034965764731e-03 3.799835918471e-03 4.612477496266e-03 5.442151799798e-03 5.627470090985e-03 5.783213302493e-03 6.053606513888e-03 6.092621013522e-03 6.575560662895e-03 7.672611158341e-03 1.055834256113e-02 1.214272342622e-02
2.767410129309e-03 4.550916608423e-03 5.305301398039e-03 7.754334714264e-03 9.890856221318e-03 1.248124521226e-02 1.633712276816e-02 2.368416264653e-02 4.324781894684e-02 6.093807145953e-02 4.049510881305e-02 1.030805055052e-02 6.938721518964e-03 6.067803129554e-03 4.409737884998e-03 4.664435517043e-03 4.937359131873e-03 4.868910647929e-03 4.591604694724e-03 4.905808717012e-03 8.264630101621e-03 9.365021251142e-03 6.638843100518e-03 3.813857212663e-03 2.990880282596e-03 4.614580422640e-03 6.547161843628e-03 6.746275816113e-03 7.065673358738e-03 5.739090498537e-03 4.003340844065e-03 4.215341992676e-03 3.986999392509e-03 4.470052663237e-03 5.389749538153e-03 5.579988937825e-03 5.317220464349e-03 4.879918415099e-03 4.509726073593e-03 5.046846345067e-03 6.416334304959e-03 8.278364315629e-03 1.074254978448e-02
2.703402889892e-03 5.153615027666e-03 8.889604359865e-03 1.257230341434e-02 1.579783670604e-02 2.079486660659e-02 3.006574697793e-02 4.464194551110e-02 4.471612349153e-02 2.064815908670e-02 4.951180424541e-03 5.774360150099e-03 6.282234564424e-03 5.583106074482e-03 5.040489137173e-03 5.295750219375e-03 5.314153619111e-03 5.108898039907e-03 3.926942124963e-03 3.835457144305e-03 5.950317252427e-03 6.638080347329e-03 4.924116190523e-03 3.078075591475e-03 2.363468287513e-03 2.553237136453e-03 3.424359485507e-03 4.235463216901e-03 4.997840151191e-03 4.304653033614e-03 3.937487490475e-03 3.684560535476e-03 3.929906990379e-03 4.347465466708e-03 5.209475755692e-03 5.334441084415e-03 4.831075202674e-03 4.139823373407e-03 3.792302450165e-03 4.220212344080e-03 6.246102042496e-03 7.879866287112e-03 9.981174021959e-03
1.636449131183e-03 2.853014273569e-03 3.488674294204e-03 3.672544611618e-03 3.678744425997e-03 3.661650698632e-03 3.628564765677e-03 3.549705725163e-03 3.480163868517e-03 3.401525551453e-03 3.190161194652e-03 3.353308653459e-03 3.703454742208e-03 4.738406278193e-03 5.333247128874e-03 5.577213130891e-03 5.373844411224e-03 4.774190485477e-03 3.531325608492e-03 2.772665349767e-03 3.330388804898e-03 3.455224912614e-03 2.724410733208e-03 2.018088474870e-03 1.776331569999e-03 1.892045838758e-03 2.199497539550e-03 2.879053819925e-03 3.579897340387e-03 3.853652160615e-03 3.646799828857e-03 3.258215263486e-03 3.778528189287e-03 4.567471798509e-03 5.442786496133e-03 5.262846592814e-03 4.374308045954e-03 3.471145639196e-03 3.844890510663e-03 4.310496151447e-03 6.475108675659e-03 8.036998100579e-03 9.405482560396e-03
7.674914086238e-04 1.430711010471e-03 1.855986425653e-03 2.050245646387e-03 2.125671831891e-03 2.187286503613e-03 2.246158896014e-03 2.289269817993e-03 2.356636803597e-03 2.423969097435e-03 2.374631119892e-03 2.231871942058e-03 2.289461903274e-03 3.041166812181e-03 3.581309923902e-03 3.774114884436e-03 3.437340725213e-03 3.061796538532e-03 2.589767565951e-03 2.168218605220e-03 1.775224111043e-03 1.655889791436e-03 1.365572097711e-03 1.444455003366e-03 1.723098685034e-03 1.818343997002e-03 1.818370190449e-03 2.447870792821e-03 3.030410734937e-03 3.314983565360e-03 3.265722887591e-03 3.083262825385e-03 3.773855045438e-03 5.059602204710e-03 5.872927140445e-03 5.301733966917e-03 3.975719213486e-03 3.405876690522e-03 3.942783921957e-03 4.688265733421e-03 6.294591352344e-03 7.031089160591e-03 8.108824491501e-03
5.293508875184e-04 8.916500955820e-04 1.107512274757e-03 1.257205032744e-03 1.352763734758e-03 1.436078222468e-03 1.515989075415e-03 1.582659198903e-03 1.662257476710e-03 1.743708155118e-03 1.754321972840e-03 1.697771251202e-03 1.632964587770e-03 1.574861118570e-03 1.585208927281e-03 1.799646415748e-03 1.898662187159e-03 1.872521243058e-03 1.718866406009e-03 1.644033007324e-03 1.411831821315e-03 1.324469340034e-03 1.159864361398e-03 1.465767272748e-03 1.833091257140e-03 2.019856125116e-03 2.010958967730e-03 2.053636126220e-03 2.503044903278e-03 2.783476142213e-03 2.850352087989e-03 2.832869533449e-03 3.831852227449e-03 5.354818422347e-03 5.906245671213e-03 4.933539777994e-03 3.484640037641e-03 3.418139182031e-03 4.125759005547e-03 4.638746380806e-03 5.380781833082e-03 6.190306507051e-03 6.356571335346e-03
4.281379515305e-04 7.293560192920e-04 9.196093888022e-04 1.011452754028e-03 1.076826360077e-03 1.132212462835e-03 1.172862015665e-03 1.180434017442e-03 1.217507175170e-03 1.264193211682e-03 1.274073962122e-03 1.252781134099e-03 1.231435686350e-03 1.203178311698e-03 1.245224848390e-03 1.433132565580e-03 1.524398452602e-03 1.503957668319e-03 1.390564022586e-03 1.242546364665e-03 1.371875288896e-03 1.331810955890e-03 1.147759379819e-03 1.457149162889e-03 1.866626669653e-03 2.117480617017e-03 2.149638021365e-03 2.080851467326e-03 2.203698502854e-03 2.414739923552e-03 2.514472696930e-03 2.585464855656e-03 3.812494687736e-03 5.242833402008e-03 5.398454610258e-03 4.250632598996e-03 3.201554995030e-03 3.545393934473e-03 4.324536304921e-03 4.572658799589e-03 4.771109670401e-03 5.158734042197e-03 4.737374372780e-03
4.111562157050e-04 6.586516974494e-04 8.356160833500e-04 9.172378922813e-04 9.522420004942e-04 9.822716237977e-04 9.929088409990e-04 9.784750873223e-04 9.827970061451e-04 9.950876701623e-04 9.913343237713e-04 9.706068667583e-04 9.367837337777e-04 8.810193976387e-04 9.910714579746e-04 1.163520384580e-03 1.245216117240e-03 1.220661564730e-03 1.133052748628e-03 1.114755985327e-03 1.260578166693e-03 1.317347167060e-03 1.169444061816e-03 1.375502906740e-03 1.762082916684e-03 2.018500585109e-03 2.063278807327e-03 2.101644640788e-03 2.216355409473e-03 2.280149608850e-03 2.322759013623e-03 2.394634298980e-03 3.578674979508e-03 4.713186062872e-03 4.579336382449e-03 3.657212713733e-03 3.158021485433e-03 3.804341424257e-03 4.381404723972e-03 4.279396962374e-03 4.152280278504e-03 4.185645841062e-03 3.858784912154e-03
3.852357331198e-04 6.115544820204e-04 7.674311054870e-04 8.365277317353e-04 8.659128216095e-04 8.874975028448e-04 8.897219668142e-04 8.701799088158e-04 8.447525324300e-04 8.313580765389e-04 8.193462854251e-04 8.087511523627e-04 8.609773940407e-04 9.099075105041e-04 9.586742962711e-04 1.008286024444e-03 1.048995763995e-03 1.112742349505e-03 1.124136033468e-03 1.072288025171e-03 1.103643677197e-03 1.271734130569e-03 1.202048268169e-03 1.245390158147e-03 1.568208914250e-03 1.789761707187e-03 2.174807013944e-03 2.373170340434e-03 2.381327562034e-03 2.303745597601e-03 2.252076985314e-03 2.270295284688e-03 3.146767849103e-03 3.930128645152e-03 3.766119712964e-03 3.265297738835e-03 3.413168247789e-03 3.873641369864e-03 4.145435988903e-03 3.762505715713e-03 3.480368759483e-03 3.306887811050e-03 3.302031895146e-03
3.553779970389e-04 5.632161628455e-04 7.056405884214e-04 7.715902174823e-04 7.992698228918e-04 8.110095513985e-04 8.048153831623e-04 8.175196126103e-04 8.213086402975e-04 8.044866845012e-04 7.462714565918e-04 7.885631639510e-04 8.466735598631e-04 8.998143021017e-04 9.471181547269e-04 9.987535886467e-04 1.138955936767e-03 1.253328635357e-03 1.277708797716e-03 1.182828680612e-03 1.015663961880e-03 1.167363370769e-03 1.191227696836e-03 1.117894658819e-03 1.372580765747e-03 1.551160705276e-03 1.984233036637e-03 2.304885536432e-03 2.380135701969e-03 2.301539527252e-03 2.207682700828e-03 2.163768280298e-03 2.508098958060e-03 3.048800397664e-03 2.995994640514e-03 2.771755214781e-03 2.951507456601e-03 3.282284364104e-03 3.397343214601e-03 2.957937074825e-03 2.729312749580e-03 2.530522178859e-03 2.488586585969e-03
3.302230034024e-04 5.242249462754e-04 6.594563601539e-04 7.251289789565e-04 7.490237476304e-04 7.502823718823e-04 7.380728493445e-04 7.585042039864e-04 7.857940508984e-04 8.131149224937e-04 7.474134908989e-04 7.213374483399e-04 7.788519142196e-04 8.314073784277e-04 8.759714546613e-04 1.033372362144e-03 1.204114290886e-03 1.356119289994e-03 1.423443551175e-03 1.382826711051e-03 1.258176169358e-03 1.104402239434e-03 1.079447334632e-03 1.057915622368e-03 1.216125441715e-03 1.356202177703e-03 1.406625029631e-03 1.794573152438e-03 2.030103467405e-03 2.101483289152e-03 2.075687516481e-03 2.088882960379e-03 2.152720466256e-03 2.210395410657e-03 2.221651375294e-03 2.150386571884e-03 2.275539329275e-03 2.642076928169e-03 2.817200031132e-03 2.316166181117e-03 2.042281208560e-03 1.824393519200e-03 2.025875961408e-03
3.120266774204e-04 4.968027351424e-04 6.273960461840e-04 6.896620034240e-04 7.061340729706e-04 7.002595230006e-04 6.879248539917e-04 6.848698249087e-04 7.245785091072e-04 7.526151021011e-04 7.589767337777e-04 6.812099018134e-04 6.970284157433e-04 7.601604447700e-04 8.677882724442e-04 1.044759643264e-03 1.224117237143e-03 1.398587133735e-03 1.515050185844e-03 1.544232130982e-03 1.487611443736e-03 1.376335159875e-03 1.244909944944e-03 1.127812545747e-03 1.095607876778e-03 1.201440347359e-03 1.227699453011e-03 1.242351485416e-03 1.525868196040e-03 1.754431985319e-03 1.906368997879e-03 2.018860541284e-03 2.087126951665e-03 2.007715869695e-03 1.823695725761e-03 1.730388263240e-03 1.944976393133e-03 2.501594135538e-03 2.909117843956e-03 2.614122582600e-03 1.923295902088e-03 1.724029774778e-03 1.958439126611e-03
3.054299741052e-04 4.855446750298e-04 6.109056412242e-04 6.659030332230e-04 6.744705024175e-04 6.647190311924e-04 6.594518199563e-04 6.684233085252e-04 6.643023807555e-04 6.782424170524e-04 6.971766706556e-04 6.646852125414e-04 7.243145955727e-04 8.011757163331e-04 8.741619531065e-04 1.067611970939e-03 1.243302132934e-03 1.418298459612e-03 1.571481465362e-03 1.658216700889e-03 1.656662323512e-03 1.592783490196e-03 1.503377337940e-03 1.422729226761e-03 1.382717280649e-03 1.364358700812e-03 1.322911004536e-03 1.272475579754e-03 1.505251508206e-03 1.692650956102e-03 1.834403024986e-03 1.964263617992e-03 2.033680677414e-03 1.899699214846e-03 1.821771729738e-03 1.724558183923e-03 1.960909459740e-03 2.409663284197e-03 2.799215028062e-03 2.540781395510e-03 1.962840324268e-03 1.717323902994e-03 1.953028375283e-03
3.105562354904e-04 4.911575233564e-04 6.124696810730e-04 6.606407114305e-04 6.633548182435e-04 6.497001159005e-04 6.493098335341e-04 6.455574766733e-04 6.470854277723e-04 6.457755807787e-04 6.508400547318e-04 6.907966453582e-04 7.694953819737e-04 8.572285878472e-04 8.878979133442e-04 1.092895516194e-03 1.287427148782e-03 1.467347145081e-03 1.638421788812e-03 1.757585210726e-03 1.786208827980e-03 1.744790235534e-03 1.668644719757e-03 1.584753626958e-03 1.522652222775e-03 1.462250133045e-03 1.352437073365e-03 1.276759314351e-03 1.467906287871e-03 1.631312537938e-03 1.774096628651e-03 1.912738895044e-03 1.961285015568e-03 1.803791034035e-03 1.848798827268e-03 1.889684703201e-03 2.015771577135e-03 2.325283829123e-03 2.524819690734e-03 2.220816910267e-03 1.824813312851e-03 1.594537170604e-03 1.812923001125e-03
3.185335372109e-04 5.022508557886e-04 6.216860492714e-04 6.658062338829e-04 6.650633295067e-04 6.475316477008e-04 6.405252497643e-04 6.277834181674e-04 6.264650146477e-04 6.266194977798e-04 6.693599862047e-04 7.293539238162e-04 8.310436969623e-04 9.298651129939e-04 9.619264747016e-04 1.050899154507e-03 1.294793095440e-03 1.502877217717e-03 1.667324570008e-03 1.769645372406e-03 1.787785091437e-03 1.731390482746e-03 1.633480656892e-03 1.525154686533e-03 1.428348943591e-03 1.329398597591e-03 1.182520412840e-03 1.271530403756e-03 1.434337114915e-03 1.581144169904e-03 1.717922394164e-03 1.834140159190e-03 1.840058946982e-03 1.718027982861e-03 1.859374344349e-03 1.931941718794e-03 2.055151155218e-03 2.268990967423e-03 2.151156077161e-03 1.779578276910e-03 1.650927821174e-03 1.450330601074e-03 1.645124051720e-03
3.139177279081e-04 4.933967720717e-04 6.071467068978e-04 6.478534778580e-04 6.468190113083e-04 6.351728807203e-04 6.316669168882e-04 6.033693789504e-04 5.899952957407e-04 6.383336149156e-04 6.884231115691e-04 7.726314361207e-04 8.991247159429e-04 1.006997656077e-03 1.039342605509e-03 1.016972819343e-03 1.206254120916e-03 1.426408882253e-03 1.552281435579e-03 1.597964437678e-03 1.574723399244e-03 1.482305349782e-03 1.359437825158e-03 1.256813178770e-03 1.177819562145e-03 1.153610879555e-03 1.164357061498e-03 1.260541146621e-03 1.403107889928e-03 1.534095965326e-03 1.651660189964e-03 1.720242318697e-03 1.677143154666e-03 1.647618133575e-03 1.826299470849e-03 2.085894346237e-03 2.139533171430e-03 2.290598349646e-03 2.188471844420e-03 1.744534820318e-03 1.587380073033e-03 1.455751364119e-03 1.597087481059e-03
2.871169708669e-04 4.484462842811e-04 5.485759465955e-04 5.839021177962e-04 6.169984117150e-04 6.438709096983e-04 6.323077832349e-04 5.979235866107e-04 5.784754757769e-04 6.424903403968e-04 7.015295559540e-04 8.110670023598e-04 9.587729000486e-04 1.070537138730e-03 1.101841335185e-03 1.083649811335e-03 1.072435174137e-03 1.271953457035e-03 1.352667110041e-03 1.344421296380e-03 1.277176430449e-03 1.150628551841e-03 1.172796939500e-03 1.388374017552e-03 1.406945404597e-03 1.347529585473e-03 1.319131115451e-03 1.323390635662e-03 1.366659533232e-03 1.479486119933e-03 1.560869277455e-03 1.567264669575e-03 1.474943011999e-03 1.521382713690e-03 1.740315230563e-03 2.528972690925e-03 2.185186371207e-03 3.063052194193e-03 2.718082861975e-03 2.265787683427e-03 1.916068373248e-03 1.573097659275e-03 1.798465498723e-03
2.962530998047e-04 4.366836510599e-04 5.358764319681e-04 6.191194988787e-04 6.821922142990e-04 6.971167749725e-04 6.768727907911e-04 6.386855384335e-04 5.941644194536e-04 6.488344515674e-04 7.190548349172e-04 8.519162656739e-04 1.015390967950e-03 1.129250507802e-03 1.160074840300e-03 1.142113585956e-03 1.073332503438e-03 1.151464297436e-03 1.215368043631e-03 1.363233895972e-03 1.855152659118e-03 1.703800866380e-03 1.273770700209e-03 1.448442810215e-03 1.404961687513e-03 1.292812870815e-03 1.226485590450e-03 1.211909926496e-03 1.325570745394e-03 1.411644625477e-03 1.442445791326e-03 1.387052820064e-03 1.261990866624e-03 1.366061740555e-03 1.514162169769e-03 2.248240169138e-03 2.821839181706e-03 4.450255073607e-03 4.115756135434e-03 2.687673782930e-03 2.040740102530e-03 1.898330519907e-03 2.332044532523e-03
