VariationalSeries/SI/f120.grd
DSAA
101	101
32.816463539100	34.260883539100
35.556306596100	36.727886596100
5.349521416065e-06	8.999425172806e-01
[rows 57 to 75 of 101, columns 43 to 85 of 101]
3.748431103304e-03 4.458902403712e-03 2.281946362928e-03 2.528984565288e-03 2.501401118934e-03 4.012188408524e-03 4.499807488173e-03 6.051467265934e-03 5.287692416459e-03 2.884410321712e-03 2.015379955992e-03 1.691115321591e-03 1.239181961864e-03 2.203775336966e-03 9.291686117649e-03 3.117444179952e-02 6.836108863354e-02 6.494270265102e-02 9.534516930580e-02 3.159196674824e-02 9.121676906943e-03 6.988370325416e-03 1.258047949523e-02 2.320562675595e-02 3.969531506300e-02 3.599711135030e-02 3.917960822582e-02 3.166720643640e-02 4.104845970869e-02 3.806491196156e-02 4.018849506974e-02 2.995315939188e-02 3.095407597721e-02 4.351573064923e-02 2.703137136996e-02 1.699750684202e-02 1.982321031392e-02 2.774971164763e-02 3.478654101491e-02 2.517267875373e-02 1.050006225705e-02 9.267932735384e-03 8.956638164818e-03
2.990893786773e-03 5.173149984330e-03 1.843584468588e-03 1.958191161975e-03 1.939199632034e-03 2.913809148595e-03 5.624231882393e-03 1.805088482797e-02 1.434744056314e-02 3.108144272119e-03 1.858550589532e-03 1.282781362534e-03 9.860096033663e-04 9.751470643096e-04 1.935757463798e-03 1.859997026622e-02 2.175963670015e-02 2.251287363470e-02 1.830536685884e-02 1.850721053779e-02 1.350537687540e-02 1.025772187859e-02 7.914462126791e-03 4.810251761228e-03 1.241818256676e-02 2.462998218834e-02 4.304962232709e-02 4.387771338224e-02 4.791595041752e-02 2.622173540294e-02 3.461844474077e-02 3.156330436468e-02 2.705683559179e-02 2.378301694989e-02 2.417055703700e-02 1.810459420085e-02 1.780901849270e-02 2.142038010061e-02 2.102670446038e-02 1.923736743629e-02 1.994475349784e-02 2.089682966471e-02 1.954536139965e-02
2.505698939785e-03 2.415401395410e-03 1.676124054939e-03 1.780226593837e-03 1.809447887354e-03 2.650178270414e-03 7.991832681000e-03 2.229711040854e-02 2.097298577428e-02 4.676816519350e-03 1.935517531820e-03 1.097570755519e-03 7.769566145726e-04 7.053296430968e-04 7.245399174280e-04 9.044497273862e-04 1.237658783793e-03 1.685329363681e-03 2.174782101065e-03 2.707835752517e-03 3.186430782080e-03 3.730276599526e-03 2.517679007724e-03 2.530925907195e-03 6.064659450203e-03 2.819037809968e-02 4.854398965836e-02 5.520569905639e-02 5.307812988758e-02 5.350659787655e-02 3.511827811599e-02 3.046469204128e-02 2.582299895585e-02 2.353451028466e-02 3.302691876888e-02 2.848232910037e-02 2.364162355661e-02 1.480886805803e-02 1.586965657771e-02 1.331925950944e-02 1.175348740071e-02 1.104510668665e-02 9.640370495617e-03
2.310156356543e-03 2.078530611470e-03 1.620971364900e-03 1.803448074497e-03 2.048018621281e-03 2.689060755074e-03 2.175369858742e-02 2.113235183060e-02 2.564220875502e-02 3.592748194933e-03 1.696661463939e-03 1.056959852576e-03 7.030052947812e-04 5.708506214432e-04 5.450936732814e-04 5.746661336161e-04 7.024806691334e-04 9.253529133275e-04 1.318514114246e-03 1.549561508000e-03 1.772481133230e-03 3.549105720595e-03 1.828840468079e-03 1.685809111223e-03 5.160564556718e-03 1.146204862744e-02 4.099708423018e-02 4.576248675585e-02 4.845974221826e-02 5.178564786911e-02 4.327150061727e-02 3.338550031185e-02 2.324935048819e-02 2.975614182651e-02 2.068099007010e-02 1.819434948266e-02 1.508250366896e-02 1.246408093721e-02 1.171298976988e-02 1.154672726989e-02 1.218737475574e-02 1.733550801873e-02 2.409957163036e-02
1.956181600690e-03 1.522938720882e-03 1.591558917426e-03 1.912333769724e-03 2.975472249091e-03 4.852771293372e-03 1.468810625374e-02 3.289335221052e-02 1.260989811271e-02 1.999549102038e-03 1.233498216607e-03 9.000292047858e-04 6.412627990358e-04 4.810676618945e-04 4.404263163451e-04 4.408551612869e-04 4.799340094905e-04 6.426762556657e-04 8.851081365719e-04 1.012321212329e-03 1.048299600370e-03 2.172227948904e-03 1.300280564465e-03 1.420343411155e-03 3.166890703142e-03 1.077509019524e-02 2.915542200208e-02 3.950005769730e-02 4.119537770748e-02 3.145375475287e-02 2.412128821015e-02 3.454256430268e-02 2.362546138465e-02 1.662988588214e-02 1.848318055272e-02 2.346578985453e-02 2.123230881989e-02 1.495059579611e-02 1.395098119974e-02 1.358835585415e-02 1.316657662392e-02 1.469704695046e-02 1.812799461186e-02
1.418396364897e-03 1.168489805423e-03 1.461231149733e-03 3.395171137527e-03 7.984649389982e-03 1.833803579211e-02 2.652308717370e-02 1.666248403490e-02 1.774409669451e-03 1.211341354065e-03 8.717613527551e-04 7.188708405010e-04 5.612509557977e-04 4.581865505315e-04 4.034001904074e-04 4.200253169984e-04 4.393216804601e-04 5.311695858836e-04 7.667559548281e-04 9.434251114726e-04 1.002157689072e-03 1.058375113644e-03 1.063164207153e-03 1.586893340573e-03 3.844290971756e-03 1.004228368402e-02 1.232105866075e-02 1.231550332159e-02 2.385413460433e-02 2.763099782169e-02 3.242475166917e-02 2.061592787504e-02 2.662969008088e-02 1.960177905858e-02 2.203411050141e-02 2.592705748975e-02 5.178418755531e-02 3.267403692007e-02 1.922626793385e-02 1.568917371333e-02 1.613294892013e-02 1.584663428366e-02 1.530033815652e-02
9.148771641776e-04 9.561238111928e-04 1.209121546708e-03 1.527511863969e-03 3.399600507692e-03 2.089270949364e-02 1.350594591349e-02 1.803588937037e-03 1.053936895914e-03 9.306147694588e-04 7.808809168637e-04 6.595816812478e-04 5.171087686904e-04 4.407064989209e-04 3.926046192646e-04 4.327012866270e-04 4.473794251680e-04 4.360738093965e-04 6.301934481598e-04 8.042841218412e-04 9.088485967368e-04 9.039391297847e-04 1.129443407990e-03 1.831997768022e-03 5.702226422727e-03 1.130743045360e-02 6.710915360600e-03 8.824317716062e-03 8.226769976318e-03 4.231329262257e-02 6.147863715887e-02 3.337441757321e-02 1.827760227025e-02 2.503132261336e-02 9.910309687257e-03 1.043028477579e-02 3.855289146304e-02 1.854784972966e-02 1.510196272284e-02 1.156344078481e-02 1.187784038484e-02 1.324033085257e-02 1.426292676479e-02
7.663652068004e-04 8.342358050868e-04 9.783783461899e-04 1.237487886101e-03 1.395217026584e-03 1.943724462762e-03 2.148797502741e-03 1.465653884225e-03 7.650147890672e-04 7.893476285972e-04 6.914411787875e-04 6.334841018543e-04 5.182834574953e-04 4.193200729787e-04 4.286390903872e-04 4.367624642327e-04 4.666139429901e-04 4.620092804544e-04 5.304897204041e-04 6.812413921580e-04 8.101541898213e-04 8.609749493189e-04 9.052102686837e-04 1.503518200479e-03 4.214997868985e-03 2.607042901218e-03 2.523489296436e-03 4.121228121221e-03 9.366174228489e-03 1.852494105697e-02 1.941547170281e-02 2.450164780021e-02 3.894518315792e-02 2.093488350511e-02 1.994991116226e-02 1.552661042660e-02 1.584025844932e-02 1.342216972262e-02 7.150778546929e-03 8.926166221499e-03 8.716084994376e-03 9.377780370414e-03 1.180109102279e-02
6.029775831848e-04 6.791267078370e-04 8.096187375486e-04 9.929288644344e-04 1.067025936209e-03 1.185943954624e-03 1.254115486518e-03 7.858726894483e-04 6.692222668789e-04 6.976840086281e-04 6.500728195533e-04 5.633200635202e-04 4.707829793915e-04 4.226571181789e-04 4.183195705991e-04 4.790082166437e-04 4.679519042838e-04 4.021830682177e-04 4.686043830588e-04 5.948058096692e-04 7.040526834317e-04 8.238368900493e-04 1.161907217465e-03 1.218419522047e-03 1.238336670212e-03 1.727607683279e-03 1.678948523477e-03 4.117341246456e-03 5.776412785053e-03 7.755813188851e-03 1.611788943410e-02 2.807391807437e-02 2.095930837095e-02 3.815421834588e-02 2.444110251963e-02 1.373719330877e-02 1.143327634782e-02 1.038183923811e-02 1.245608460158e-02 1.172628067434e-02 1.461614947766e-02 1.434968691319e-02 1.670134067535e-02
5.564374150708e-04 5.501454579644e-04 6.191538996063e-04 7.025127415545e-04 7.570323650725e-04 7.444798247889e-04 7.116545457393e-04 6.870157667436e-04 7.430135156028e-04 7.339602452703e-04 6.832340732217e-04 5.949758342467e-04 4.865474766120e-04 4.330110969022e-04 3.911611565854e-04 3.815907402895e-04 4.300006548874e-04 4.357994475868e-04 4.436745948624e-04 5.354364984669e-04 6.200512289070e-04 7.297083502635e-04 1.116181141697e-03 1.257037511095e-03 1.354625565000e-03 2.812450751662e-03 3.864793572575e-03 4.963080864400e-03 6.958715617657e-03 7.541089318693e-03 1.642038114369e-02 3.111607767642e-02 1.475192606449e-02 1.574524119496e-02 2.782916463912e-02 2.356681041420e-02 1.638781838119e-02 1.393667608500e-02 1.736399531364e-02 8.947103284299e-03 1.187953725457e-02 1.433174405247e-02 1.710759289563e-02
4.572840407491e-04 5.174991092645e-04 5.434092599899e-04 5.481473053806e-04 6.138837779872e-04 6.634312449023e-04 7.145365816541e-04 6.341123953462e-04 6.099521997385e-04 6.288887816481e-04 6.749817403033e-04 6.713565089740e-04 5.777035257779e-04 4.920283099636e-04 4.662507271860e-04 4.227976605762e-04 3.641631919891e-04 4.030435811728e-04 4.563879629131e-04 5.044899298809e-04 5.538875120692e-04 6.385047454387e-04 9.496324928477e-04 9.270476875827e-04 1.034933258779e-03 2.541714347899e-03 5.429653450847e-03 7.326326332986e-03 1.029894221574e-02 5.411029793322e-03 1.595093123615e-02 7.980201393366e-03 8.555990643799e-03 9.942444041371e-03 1.590504497290e-02 1.739273406565e-02 2.242450416088e-02 2.044494263828e-02 1.519535481930e-02 1.297814957798e-02 9.970042854548e-03 1.072324719280e-02 8.592436090112e-03
4.468572733458e-04 4.940839717165e-04 4.916159668937e-04 4.993292386644e-04 5.335886380635e-04 5.959557020105e-04 6.449610227719e-04 5.761089269072e-04 4.535882617347e-04 4.843939968850e-04 5.257648299448e-04 6.130232359283e-04 6.362861022353e-04 5.288262036629e-04 5.006696446799e-04 6.081602768973e-04 5.391733720899e-04 4.371108370833e-04 4.759281000588e-04 4.955008043908e-04 6.043475586921e-04 6.706949207000e-04 7.449259283021e-04 9.247200796381e-04 1.073376857676e-03 1.855695620179e-03 3.902345895767e-03 4.655269905925e-03 6.389636546373e-03 3.620646428317e-03 7.699994370341e-03 5.946022458375e-03 9.860411286354e-03 6.017729174346e-03 1.189402677119e-02 8.843027055264e-03 1.400071941316e-02 1.719718612731e-02 1.530757918954e-02 2.066307514906e-02 1.880740374327e-02 1.504721771926e-02 1.326278969646e-02
4.301418666728e-04 4.649745533243e-04 4.471212450881e-04 4.543192626443e-04 4.563194816001e-04 4.465102101676e-04 4.945545806549e-04 4.675814998336e-04 5.602100281976e-04 6.064668414183e-04 5.505263106897e-04 5.535260424949e-04 6.079617887735e-04 6.328856106848e-04 5.835607880726e-04 7.535198237747e-04 6.708711152896e-04 5.122171714902e-04 5.143082817085e-04 5.110161728226e-04 5.870288587175e-04 6.365710869431e-04 7.174551719800e-04 9.535313583910e-04 1.120974542573e-03 1.661957707256e-03 2.497119829059e-03 2.885900437832e-03 3.096315776929e-03 3.914280328900e-03 6.605137605220e-03 1.010276470333e-02 6.779611110687e-03 1.601768285036e-02 5.655010230839e-03 7.381285540760e-03 1.497533731163e-02 2.098239399493e-02 1.027326378971e-02 1.160951517522e-02 7.446371018887e-03 1.395925972611e-02 1.232499722391e-02
3.835672396235e-04 4.143993428443e-04 3.984023933299e-04 3.908592916559e-04 3.628267149907e-04 3.674966283143e-04 3.877516719513e-04 5.148978088982e-04 6.397768156603e-04 6.574650178663e-04 5.747490795329e-04 6.315631326288e-04 7.023432408459e-04 6.826008902863e-04 6.776074878871e-04 7.058598566800e-04 7.584608392790e-04 8.860188536346e-04 7.939499337226e-04 7.131415186450e-04 7.315543480217e-04 7.882214267738e-04 9.413935476914e-04 9.695027256384e-04 1.165038091131e-03 1.432119286619e-03 2.351128729060e-03 2.350767143071e-03 4.276775289327e-03 8.630977943540e-03 1.070072222501e-02 5.417920183390e-03 5.438168067485e-03 1.627191342413e-02 8.657842874527e-03 1.066200714558e-02 9.466537274420e-03 1.224331650883e-02 8.938989602029e-03 3.433877835050e-03 3.269912675023e-03 4.413723945618e-03 8.718758821487e-03
3.532146220095e-04 3.536425938364e-04 3.508250229061e-04 3.459326399025e-04 3.552815760486e-04 3.759750688914e-04 3.994027210865e-04 4.800538299605e-04 5.383643438108e-04 5.098659312353e-04 6.031586672179e-04 6.490342784673e-04 6.300482200459e-04 6.622964865528e-04 9.047328494489e-04 1.258881646208e-03 1.427128794603e-03 1.807103515603e-03 1.802001497708e-03 1.942039118148e-03 1.385279931128e-03 1.319447066635e-03 1.529385568574e-03 1.280793920159e-03 1.461238367483e-03 2.019518753514e-03 6.042673252523e-03 5.639337003231e-03 5.540519952774e-03 7.456895429641e-03 4.135661758482e-03 4.357727244496e-03 5.816900171340e-03 3.365265438333e-03 1.810803636909e-02 2.514678984880e-02 2.244129218161e-02 5.218819715083e-03 2.473014639691e-03 2.047547139227e-03 2.000954234973e-03 2.364309737459e-03 2.491642488167e-03
3.282038960606e-04 3.404919116292e-04 3.273573238403e-04 3.523292543832e-04 3.785890876316e-04 4.331860109232e-04 4.333047254477e-04 5.011549219489e-04 5.491627380252e-04 6.380968843587e-04 6.639505154453e-04 7.881775381975e-04 8.258777088486e-04 7.635552901775e-04 1.866217935458e-03 6.697505712509e-03 5.293583031744e-03 3.111299127340e-03 3.496949095279e-03 4.356587771326e-03 3.220892045647e-03 1.692775986157e-03 1.969101373106e-03 2.465735655278e-03 2.395201008767e-03 4.473119508475e-03 6.287061609328e-03 5.554410163313e-03 4.542242735624e-03 4.094168543816e-03 4.647436086088e-03 4.320816136897e-03 3.281945828348e-03 2.745473291725e-03 4.642275627702e-03 2.128268964589e-02 2.216164208949e-02 4.572011530399e-03 1.633368898183e-03 1.664081006311e-03 1.502579310909e-03 1.443824847229e-03 2.368072979152e-03
3.290241875220e-04 3.545079962350e-04 4.477407492232e-04 5.003548576497e-04 4.587719740812e-04 7.603068370372e-04 8.937970851548e-04 9.102171752602e-04 7.722540176474e-04 7.548611029051e-04 8.314757724293e-04 1.044895267114e-03 1.041316427290e-03 3.854205366224e-03 2.727634645998e-02 3.438699617982e-02 1.606201007962e-02 9.041709825397e-03 7.235124707222e-03 5.649734754115e-03 2.704109298065e-03 2.689785091206e-03 5.855042953044e-03 1.248780451715e-02 1.024206634611e-02 5.460732150823e-03 6.386551540345e-03 5.196361802518e-03 5.505582783371e-03 3.789404639974e-03 9.383719414473e-03 3.759237471968e-03 2.899653045461e-03 2.051277086139e-03 1.369563746266e-03 4.389943554997e-03 4.842513240874e-03 1.185885164887e-03 8.012761827558e-04 9.429543861188e-04 1.165857654996e-03 1.303426688537e-03 1.218962366693e-03
4.024205554742e-04 6.326700677164e-04 8.621118031442e-04 9.366606827825e-04 1.208072178997e-03 1.605967525393e-03 1.577780116349e-03 1.391654717736e-03 1.196343800984e-03 9.225301910192e-04 1.122111105360e-03 1.240567071363e-03 6.909222807735e-03 3.814510256052e-02 5.223669484258e-02 1.824000291526e-02 5.685248877853e-03 3.481191350147e-03 3.559222910553e-03 3.114190651104e-03 2.979373093694e-03 6.774069741368e-03 1.335321832448e-02 1.772139407694e-02 1.425447314978e-02 7.327212020755e-03 5.066899582744e-03 3.708090633154e-03 3.370669204742e-03 2.995166229084e-03 4.032703582197e-03 1.858841977082e-03 2.102859318256e-03 1.705253846012e-03 1.072006183676e-03 6.361406412907e-04 5.264707142487e-04 5.130343488418e-04 5.384674295783e-04 6.707319989800e-04 9.006864274852e-04 1.139230560511e-03 1.165652880445e-03
6.660398794338e-04 9.952628752217e-04 1.321562216617e-03 1.789661939256e-03 3.464038949460e-03 3.408070420846e-03 4.763127770275e-03 3.500264370814e-03 3.980446606874e-03 2.364913932979e-03 1.315654139034e-03 8.999843150377e-03 3.628705069423e-02 3.615419194102e-02 9.469576179981e-03 2.816884545609e-03 5.233862437308e-03 6.913162767887e-03 4.891097545624e-03 5.682001356035e-03 6.866982206702e-03 6.911172531545e-03 1.009258721024e-02 8.251851424575e-03 5.571567453444e-03 4.349443595856e-03 2.711849287152e-03 1.049575279467e-03 1.086790114641e-03 1.067465520464e-03 1.367831951939e-03 1.001113094389e-03 8.825808181427e-04 6.105233915150e-04 6.244230899028e-04 6.362243439071e-04 6.569409742951e-04 6.898352294229e-04 7.339395815507e-04 7.907788385637e-04 7.999591180123e-04 9.560307953507e-04 1.212586415932e-03
