VariationalSeries/SI/f120.grd
DSAA
101	101
32.816463539100	34.260883539100
35.556306596100	36.727886596100
5.349521416065e-06	8.999425172806e-01
[rows 76 to 94 of 101, columns 0 to 42 of 101]
5.693269122276e-05 8.236906433012e-05 1.084820105461e-04 1.284791942453e-04 1.380922767567e-04 1.390023098793e-04 1.343137264485e-04 1.268386404263e-04 1.183326894534e-04 1.268561609322e-04 1.434836012777e-04 1.720962900436e-04 2.038541133516e-04 2.242298651254e-04 2.283346548211e-04 2.216584689450e-04 2.018544328166e-04 2.145645121345e-04 2.209528756794e-04 2.362173690926e-04 3.258063225076e-04 3.185225359630e-04 2.097401302308e-04 2.277573657921e-04 2.111113135470e-04 1.934690080816e-04 1.987337163882e-04 2.209942467744e-04 2.482387062628e-04 2.624251355883e-04 2.527085016482e-04 2.379889047006e-04 2.313350269105e-04 2.291806158610e-04 2.522013674024e-04 3.021100710612e-04 5.835521151312e-04 6.963663618080e-04 6.555207073689e-04 4.624511639122e-04 4.598461673595e-04 7.598223164678e-04 1.325116958469e-03
5.731961573474e-05 9.269986185245e-05 1.230687776115e-04 1.419811742380e-04 1.495401374996e-04 1.488141278969e-04 1.429445110261e-04 1.342527684756e-04 1.384405913996e-04 1.537505740998e-04 1.769965456333e-04 2.093294897350e-04 2.392504975433e-04 2.538437838666e-04 2.499419497326e-04 2.318421029486e-04 1.974919287022e-04 2.026847359957e-04 2.035809739027e-04 1.812876143958e-04 1.858664618339e-04 1.946908305399e-04 1.709226053208e-04 2.054225769825e-04 2.176154230256e-04 1.996432110900e-04 2.154704561690e-04 2.595330879558e-04 2.880932879634e-04 2.914339420386e-04 2.718737523537e-04 2.494820510037e-04 2.476777008269e-04 2.403915859759e-04 2.924583386630e-04 3.166195529047e-04 5.229570087977e-04 5.845868145116e-04 6.453820969909e-04 7.300262222998e-04 1.512243645266e-03 1.975610619411e-03 1.872865948826e-03
6.105298234615e-05 9.740873065311e-05 1.269025669899e-04 1.436273014406e-04 1.489827991463e-04 1.465244131396e-04 1.390929683112e-04 1.506317348685e-04 1.698022824712e-04 1.900454371935e-04 2.162111049984e-04 2.438124647597e-04 2.616705605760e-04 2.612046373542e-04 2.425293496344e-04 2.106074971380e-04 1.673151564319e-04 1.753583346726e-04 1.698641717667e-04 1.489924034104e-04 1.363604678772e-04 1.530016306788e-04 1.846951345215e-04 2.461964322720e-04 2.592391683720e-04 2.348582929699e-04 2.882057160605e-04 3.126560477540e-04 3.197791520506e-04 3.127313684672e-04 2.923936990555e-04 2.710113767534e-04 2.580634318292e-04 2.941913262475e-04 3.792689240072e-04 4.933202289976e-04 6.496097194031e-04 8.072583004832e-04 6.811353377998e-04 1.776917488314e-03 2.051981166005e-03 1.981453970075e-03 1.957510132343e-03
5.515585871763e-05 8.719311881578e-05 1.124301488744e-04 1.259793061763e-04 1.294259272981e-04 1.258653937839e-04 1.431595883332e-04 1.629781036172e-04 1.788628724171e-04 1.946505508386e-04 2.112326765200e-04 2.235479478259e-04 2.249468088849e-04 2.117797703249e-04 1.870554260677e-04 1.564429403516e-04 1.454880839447e-04 1.403335627401e-04 1.311511587119e-04 1.218700781465e-04 1.261864235858e-04 1.404890499543e-04 2.216171851614e-04 3.015004913323e-04 3.260594967287e-04 3.431520308368e-04 3.538922755979e-04 3.566134837456e-04 3.359255497344e-04 3.158657927997e-04 2.988700580318e-04 2.837047795765e-04 3.149441909045e-04 3.722317633219e-04 4.749448271468e-04 5.475208163261e-04 5.340337520465e-04 8.736511808820e-04 1.023714430630e-03 1.517235301435e-03 1.760188373737e-03 1.755482167937e-03 1.795586314984e-03
4.544235343928e-05 7.276512769749e-05 8.871833415469e-05 9.737443178892e-05 9.997037705034e-05 1.152611657744e-04 1.324215409113e-04 1.429974945495e-04 1.479002530687e-04 1.522711827420e-04 1.573478075443e-04 1.603650889592e-04 1.572566106915e-04 1.455416786484e-04 1.490236318205e-04 1.525042171124e-04 1.508377608843e-04 1.430549164070e-04 1.308546779910e-04 1.198230456794e-04 1.187302332255e-04 1.459782361053e-04 2.494585933164e-04 3.429104399402e-04 3.887355269399e-04 4.130439774599e-04 4.163940902799e-04 4.283988091629e-04 4.173143242951e-04 3.593501460273e-04 3.092912374996e-04 2.957496326417e-04 3.463792672846e-04 3.775748191401e-04 3.995956794824e-04 4.321059677750e-04 5.743513465859e-04 8.429888985120e-04 1.113734906539e-03 1.133937155828e-03 1.773159252480e-03 2.138375537470e-03 1.678786706179e-03
6.219654460438e-05 9.374209912494e-05 1.134234917117e-04 1.226313470397e-04 1.277350093005e-04 1.300573203480e-04 1.308431383222e-04 1.300171570620e-04 1.275651593460e-04 1.241697318619e-04 1.284881145693e-04 1.396287698299e-04 1.493085437687e-04 1.576742652105e-04 1.635598309804e-04 1.650180347497e-04 1.603481359780e-04 1.490458816988e-04 1.348187215626e-04 1.316508278251e-04 1.256253744941e-04 1.573096087668e-04 2.569303323980e-04 3.537250740919e-04 8.813798194751e-04 2.604376291856e-03 2.771012950689e-03 1.248800661415e-03 7.262888248079e-04 5.729739787057e-04 4.072110459674e-04 3.137588500977e-04 3.668105055112e-04 4.815249121748e-04 3.878537099808e-04 4.685477470048e-04 5.193504621275e-04 8.701588376425e-04 1.520053017884e-03 1.490874448791e-03 1.652317936532e-03 2.191109349951e-03 3.017090959474e-03
8.796567999525e-05 1.293988607358e-04 1.550187589601e-04 1.683366717771e-04 1.720684813336e-04 1.711244112812e-04 1.677061809460e-04 1.624794094823e-04 1.558326039230e-04 1.490888389526e-04 1.752700918587e-04 2.013538032770e-04 2.239878522232e-04 2.394798066234e-04 2.446693833917e-04 2.380702353548e-04 2.197893772973e-04 1.911688596010e-04 1.782412873581e-04 1.693937520031e-04 1.584962592460e-04 1.850435073720e-04 2.568312629592e-04 5.780440988019e-04 2.438761992380e-03 7.011798210442e-03 7.664451375604e-03 3.856627969071e-03 1.673081074841e-03 8.210399537347e-04 5.306804669090e-04 4.019471234642e-04 3.590578271542e-04 5.131001234986e-04 5.533333169296e-04 5.741198547184e-04 5.141537985764e-04 7.840188918635e-04 1.791807124391e-03 2.692988840863e-03 1.778307952918e-03 1.727017574012e-03 3.832412417978e-03
1.104184484575e-04 1.576507347636e-04 1.886174577521e-04 2.006106515182e-04 2.001008833759e-04 1.935424807016e-04 1.841298508225e-04 1.791952236090e-04 2.091653732350e-04 2.551532525104e-04 3.026160993613e-04 3.474412369542e-04 3.855763643514e-04 4.156282520853e-04 4.363251500763e-04 4.437661264092e-04 4.322483728174e-04 3.951148537453e-04 3.260052180849e-04 2.441094402457e-04 2.254888386233e-04 2.300970227225e-04 5.081345443614e-04 9.197626495734e-04 2.653019502759e-03 2.176406979561e-02 4.084245860577e-02 8.897801861167e-03 3.904217854142e-03 1.396905863658e-03 6.486608181149e-04 4.971929010935e-04 4.764427139889e-04 6.621628999710e-04 7.959433132783e-04 7.765453774482e-04 6.418336997740e-04 9.533354896121e-04 1.508788322099e-03 3.304669866338e-03 3.322725417092e-03 1.654734718613e-03 3.983305301517e-03
1.174029312097e-04 1.642163988436e-04 1.919152855407e-04 1.985525159398e-04 1.918392808875e-04 1.997597573791e-04 2.207531360909e-04 2.346597611904e-04 2.795385662466e-04 3.441155713517e-04 4.114619223401e-04 4.753911343869e-04 5.314726731740e-04 5.814832402393e-04 6.294686463661e-04 6.749299936928e-04 7.053157896735e-04 6.930698291399e-04 6.008406635374e-04 4.316561098676e-04 3.336621448398e-04 4.767795908265e-04 8.395546465181e-04 1.190775656141e-03 5.209267139435e-03 1.250086352229e-02 1.600451208651e-02 4.855412989855e-03 1.848099171184e-03 1.104842056520e-03 9.498339495622e-04 1.162451691926e-03 1.500462298281e-03 1.391229103319e-03 9.977931622416e-04 9.938984876499e-04 8.325836970471e-04 9.722549584694e-04 1.066933735274e-03 2.170930616558e-03 2.886721631512e-03 1.870190259069e-03 6.957932375371e-03
1.602762495168e-04 2.538046101108e-04 3.199748171028e-04 3.576051385608e-04 3.785814624280e-04 3.866952320095e-04 3.829058841802e-04 3.688530414365e-04 3.472620446701e-04 3.562158381101e-04 4.299286229070e-04 5.042111151852e-04 5.747324903496e-04 6.424337625504e-04 7.147224387154e-04 7.999293156900e-04 8.827476995066e-04 9.132872801274e-04 8.231700048782e-04 7.803052430972e-04 7.511943113059e-04 8.106877794489e-04 1.042313990183e-03 1.416304148734e-03 2.689498709515e-03 9.870321955532e-04 7.790017989464e-04 7.787054055370e-04 8.605673210695e-04 9.179197950289e-04 1.016228343360e-03 7.223325315863e-03 4.774892237037e-03 3.737571183592e-03 2.252722624689e-03 3.311900887638e-03 3.046738216653e-03 1.431641285308e-03 1.120314467698e-03 1.339300302789e-03 1.995860598981e-03 5.294977221638e-03 8.044616319239e-03
2.939881524071e-04 4.569482698571e-04 5.597583949566e-04 6.014759419486e-04 6.082211621106e-04 5.930478218943e-04 5.626368219964e-04 5.227745277807e-04 4.875860176980e-04 5.062453565188e-04 5.196484271437e-04 5.243744235486e-04 5.506078596227e-04 6.252687890083e-04 6.959203747101e-04 7.754029938951e-04 8.541371207684e-04 1.275317394175e-03 1.647296361625e-03 1.658591208979e-03 1.693177386187e-03 1.674857921898e-03 1.224368927069e-03 1.471290714107e-03 7.280804566108e-04 5.505049484782e-04 5.069652688690e-04 4.394132993184e-04 4.966551205143e-04 6.941605824977e-04 1.585385180078e-03 8.587623946369e-03 6.142215337604e-03 4.130613524467e-03 3.614648245275e-03 7.676300592721e-03 7.323088590056e-03 3.309269901365e-03 2.481509000063e-03 2.290760632604e-03 2.951770788059e-03 4.993441049010e-03 8.959092199802e-03
4.216450324748e-04 6.416160613298e-04 7.551289163530e-04 7.761050947011e-04 9.508207440376e-04 1.022789743729e-03 1.005751662888e-03 9.378415415995e-04 8.461583056487e-04 7.666766759939e-04 7.753865793347e-04 7.592664333060e-04 7.984469993971e-04 9.208468836732e-04 1.008833525702e-03 1.088700722903e-03 1.269312691875e-03 1.385995070450e-03 1.253911876120e-03 1.433502067812e-03 1.503127394244e-03 1.226290012710e-03 1.003497862257e-03 5.734680453315e-04 5.041192052886e-04 3.924430930056e-04 3.254225593992e-04 2.612370299175e-04 2.388419379713e-04 4.257381660864e-04 6.791022024117e-04 3.647845471278e-03 4.764931742102e-03 7.161729503423e-03 7.603835314512e-03 9.918350726366e-03 6.996808107942e-03 3.276629839092e-03 5.152813624591e-03 5.198025610298e-03 3.674734616652e-03 4.822228569537e-03 1.544490642846e-02
4.940012004226e-04 7.443440845236e-04 8.609464275651e-04 9.612175053917e-04 1.165927038528e-03 1.245089806616e-03 1.217164797708e-03 1.127911149524e-03 1.008082879707e-03 8.794864988886e-04 7.812495459802e-04 8.596150437370e-04 9.944359771907e-04 1.141799730249e-03 1.241445424967e-03 1.274556503631e-03 1.195265213028e-03 9.828790789470e-04 7.769701769575e-04 6.721621030010e-04 5.723306094296e-04 4.014585865662e-04 3.583070647437e-04 3.427398332860e-04 3.052865795325e-04 2.490802435204e-04 1.920761278598e-04 1.819063181756e-04 2.319038467249e-04 3.507025248837e-04 5.042013945058e-04 2.019387902692e-03 2.181422431022e-03 4.192845430225e-03 4.864390473813e-03 1.123981457204e-02 9.878053329885e-03 5.179909523576e-03 4.719605669379e-03 2.058698236942e-02 4.841716960073e-02 1.256257854402e-02 7.718706503510e-03
3.683542890940e-04 5.497033707798e-04 6.280552479438e-04 6.362058338709e-04 7.596685318276e-04 8.030200260691e-04 7.804789347574e-04 7.206170121208e-04 6.418955163099e-04 5.585924373008e-04 5.180586595088e-04 5.572886439040e-04 5.786694237031e-04 5.823971587233e-04 5.747033865191e-04 5.834529292770e-04 5.233975825831e-04 4.186135774944e-04 4.874457081314e-04 4.594505589921e-04 3.659709473141e-04 2.672699629329e-04 2.501893904991e-04 2.230865793535e-04 1.865798549261e-04 1.467123656766e-04 1.673161459621e-04 2.326271933271e-04 2.914857759606e-04 5.970020429231e-04 7.551815942861e-04 1.131183351390e-03 1.971033634618e-03 1.466202083975e-03 1.266740262508e-03 1.539055374451e-03 9.611138142645e-03 5.564423743635e-03 4.294319078326e-03 2.749619074166e-02 6.069458648562e-02 6.672954652458e-03 2.407494233921e-03
1.742321474012e-04 2.573180245236e-04 3.034062101506e-04 3.448329807725e-04 3.609629347920e-04 3.751439799089e-04 3.788118483499e-04 3.590408596210e-04 3.414949460421e-04 3.367280296516e-04 3.305916325189e-04 3.038654103875e-04 3.102749178652e-04 3.189554554410e-04 3.164454828948e-04 2.993851667270e-04 4.037126491312e-04 5.156062543392e-04 4.859207547270e-04 3.636283508968e-04 2.319492778042e-04 1.686824543867e-04 1.529393484816e-04 1.325037301285e-04 1.104724360630e-04 1.703525049379e-04 2.623503387440e-04 3.502484178171e-04 4.828018136322e-04 7.829717360437e-04 1.078130095266e-03 1.454361365177e-03 1.683114329353e-03 1.457041595131e-03 8.672963012941e-04 1.010313630104e-03 1.956277294084e-03 4.930998198688e-03 8.114278316498e-03 8.484921418130e-03 4.493526648730e-03 1.719714724459e-03 1.605217461474e-03
1.156211728812e-04 1.683993614279e-04 2.135125978384e-04 2.412065223325e-04 2.520491252653e-04 2.508792968001e-04 2.448031445965e-04 2.331577707082e-04 2.193810214521e-04 2.048203023151e-04 1.898995251395e-04 1.750133960741e-04 1.607407320989e-04 1.581476681167e-04 1.561444951221e-04 2.200152812293e-04 3.748922899831e-04 4.435407463461e-04 3.796144737862e-04 2.616365673020e-04 1.592595945112e-04 1.017162867356e-04 1.021675270749e-04 1.118132495321e-04 1.521038502688e-04 2.586379996501e-04 3.899830335286e-04 5.483896238729e-04 7.800267194398e-04 1.065547228791e-03 1.594979199581e-03 1.646122196689e-03 1.504771993496e-03 8.107579778880e-04 6.157624302432e-04 8.385140099563e-04 1.011168351397e-03 3.835966810584e-03 9.528484195471e-03 5.475331097841e-03 3.272825153545e-03 1.467725844122e-03 1.393234007992e-03
8.063117275015e-05 1.167457157862e-04 1.460030325688e-04 1.641448034206e-04 1.722985762171e-04 1.733234239509e-04 1.695789105725e-04 1.625844888622e-04 1.533933391329e-04 1.425248337910e-04 1.305959449382e-04 1.179163664347e-04 1.257632102352e-04 1.264786114916e-04 1.167516238638e-04 1.303744356846e-04 2.334880846320e-04 2.905791334342e-04 2.715236623771e-04 2.124337479472e-04 1.500606012996e-04 1.008709732560e-04 1.093396931537e-04 1.256326213479e-04 2.148594503524e-04 4.761290911119e-04 1.016158261336e-03 9.394733351655e-04 7.753726677038e-04 1.437110593542e-03 1.956728752702e-03 1.677940716036e-03 1.215492142364e-03 5.643657059409e-04 6.055712583475e-04 8.331679855473e-04 1.157779246569e-03 4.139260854572e-03 6.977739278227e-03 3.284415695816e-03 1.904263161123e-03 1.171577838250e-03 1.052039558999e-03
5.409030200099e-05 7.759738946334e-05 9.623902587919e-05 1.076063272194e-04 1.126094357460e-04 1.131301178248e-04 1.104882612708e-04 1.055322500179e-04 9.876328113023e-05 9.060587035492e-05 8.998112025438e-05 1.011211425066e-04 1.055041502696e-04 1.008934341371e-04 9.617418254493e-05 1.100203007809e-04 1.221983402502e-04 1.484313543187e-04 1.697408733889e-04 1.638191752136e-04 1.394311693730e-04 1.101546004065e-04 1.167429800262e-04 1.604297722224e-04 2.796156913973e-04 8.284971700050e-04 1.184068736620e-03 7.051218417473e-04 7.892217254266e-04 1.519559766166e-03 2.056940458715e-03 1.628912286833e-03 1.132622594014e-03 7.772988174111e-04 8.608107455075e-04 8.325919625349e-04 1.794075244106e-03 7.187391631305e-03 5.215799901634e-03 1.370147103444e-03 2.743783174083e-03 1.193174161017e-03 8.134309318848e-04
3.192398071405e-05 4.538958091871e-05 5.588138083112e-05 6.207781552803e-05 6.456972914748e-05 6.445671169786e-05 6.247548299143e-05 5.909586616326e-05 5.667953882948e-05 6.915567792021e-05 8.090771734715e-05 8.860341040418e-05 8.924520079745e-05 9.819303522818e-05 1.135624261224e-04 1.291226508329e-04 1.427127281204e-04 1.515616895631e-04 1.529673172627e-04 1.459041232010e-04 1.330216182396e-04 1.237608375959e-04 1.375871652272e-04 1.999080559472e-04 3.372136270627e-04 9.283880353905e-04 9.780366672203e-04 7.766525959596e-04 7.066943217069e-04 1.359169604257e-03 1.904357341118e-03 1.483785221353e-03 1.447121729143e-03 9.766721632332e-04 1.036889618263e-03 7.455117884092e-04 1.713411649689e-03 4.601194057614e-03 2.261334564537e-03 1.607769983821e-03 3.636308712885e-03 1.174736302346e-03 6.223340169527e-04
