VariationalSeries/SI/f120.grd
DSAA
101	101
32.816463539100	34.260883539100
35.556306596100	36.727886596100
5.349521416065e-06	8.999425172806e-01
[rows 38 to 56 of 101, columns 43 to 85 of 101]
5.457594245672e-02 8.466999977827e-02 9.081609547138e-02 5.335012450814e-02 9.006066620350e-02 4.406045749784e-02 4.515695571899e-02 6.116090342402e-02 5.210101976991e-02 4.180772602558e-02 6.160718575120e-02 3.195511177182e-02 3.527810424566e-02 2.986588701606e-02 4.630344733596e-02 3.372634574771e-02 3.639170527458e-02 2.080346830189e-02 2.831517532468e-02 4.292728006840e-02 4.370414838195e-02 3.347151726484e-02 2.307314425707e-02 1.826179027557e-02 1.571538671851e-02 1.409070473164e-02 1.319344062358e-02 1.349893677980e-02 1.200041919947e-02 9.008305147290e-03 8.945316076279e-03 1.058550737798e-02 1.209400501102e-02 1.243354007602e-02 1.260526571423e-02 1.262776181102e-02 1.243170630187e-02 1.147843152285e-02 1.019014883786e-02 9.079997427762e-03 8.180411532521e-03 8.150132372975e-03 6.939785555005e-03
5.404181033373e-02 1.124611049891e-01 7.287530601025e-02 1.016863733530e-01 7.301383465528e-02 1.027785390615e-01 8.687062561512e-02 5.372153222561e-02 5.426933988929e-02 4.334160685539e-02 7.002744078636e-02 4.545166343451e-02 2.917155809700e-02 3.383841365576e-02 6.157086044550e-02 3.658671304584e-02 4.205788299441e-02 6.566707789898e-02 5.881593748927e-02 3.981721401215e-02 2.685448527336e-02 1.823510229588e-02 1.670335046947e-02 1.501395087689e-02 1.511317864060e-02 1.444344408810e-02 1.265742816031e-02 1.103743817657e-02 9.953283704817e-03 9.910648688674e-03 1.087950170040e-02 1.021835394204e-02 8.385528810322e-03 7.144738454372e-03 6.904609967023e-03 5.956486798823e-03 6.305523682386e-03 6.930062081665e-03 7.625778205693e-03 8.440570905805e-03 9.140747599304e-03 1.201888453215e-02 1.240040455014e-02
7.936509698629e-02 5.575551837683e-02 9.905923902988e-02 7.805106043816e-02 8.329835534096e-02 1.085302382708e-01 6.595138460398e-02 6.006791070104e-02 4.303757473826e-02 4.466841742396e-02 7.504041492939e-02 4.078076407313e-02 4.177192971110e-02 4.099907726049e-02 5.007416009903e-02 8.084463328123e-02 5.512708798051e-02 2.841864526272e-02 2.652077563107e-02 1.758737489581e-02 1.341149024665e-02 1.924174837768e-02 2.526880800724e-02 2.274238690734e-02 1.639194600284e-02 1.427789591253e-02 1.395599637181e-02 1.286332029849e-02 1.110730599612e-02 1.032250281423e-02 9.705058299005e-03 9.860762394965e-03 9.432475082576e-03 8.767972700298e-03 8.578955195844e-03 9.014423005283e-03 8.892244659364e-03 8.072018623352e-03 1.061889063567e-02 1.447943691164e-02 1.190513744950e-02 8.856105618179e-03 7.663189899176e-03
8.871252089739e-02 8.085491508245e-02 1.293067336082e-01 1.080580055714e-01 1.025732830167e-01 1.128172501922e-01 1.057267412543e-01 5.813693627715e-02 6.558307260275e-02 6.262054294348e-02 7.346765697002e-02 5.803645774722e-02 5.377124622464e-02 9.178387373686e-02 5.914940312505e-02 4.356317222118e-02 3.708777576685e-02 3.000263683498e-02 2.205746993423e-02 3.534840047359e-02 3.807644918561e-02 2.001846767962e-02 3.168098255992e-02 2.413713373244e-02 2.170877158642e-02 1.913148909807e-02 1.688628084958e-02 1.509204600006e-02 1.358732208610e-02 1.307266391814e-02 2.442624978721e-02 1.037211623043e-02 9.847792796791e-03 9.316521696746e-03 1.180295739323e-02 1.471612695605e-02 1.346108876169e-02 1.540501788259e-02 1.303389668465e-02 1.429298426956e-02 1.442143507302e-02 1.410491764545e-02 1.295162644237e-02
8.470594882965e-02 1.167638897896e-01 1.012091636658e-01 1.002854406834e-01 9.326565265656e-02 1.185571327806e-01 1.858404576778e-01 8.083693683147e-02 9.355239570141e-02 9.394254535437e-02 8.491621166468e-02 8.472999930382e-02 9.804524481297e-02 5.565087124705e-02 6.023339927197e-02 3.389066457748e-02 4.556233435869e-02 6.090762466192e-02 4.792565852404e-02 4.614148661494e-02 4.793199524283e-02 3.229464218020e-02 1.999812014401e-02 1.940047554672e-02 1.798161491752e-02 1.695708185434e-02 2.054740488529e-02 3.549049422145e-02 4.255469143391e-02 3.770453110337e-02 1.859285496175e-02 1.341594662517e-02 1.272685732692e-02 1.384880393744e-02 1.735093072057e-02 1.779638230801e-02 1.612707972527e-02 1.443173922598e-02 1.067704986781e-02 1.328360009938e-02 1.587150432169e-02 1.584331877530e-02 1.523958332837e-02
1.001846864820e-01 1.458591222763e-01 2.399376630783e-01 1.479628235102e-01 2.362675964832e-01 1.229502782226e-01 2.917661368847e-01 8.347800374031e-02 1.602490842342e-01 1.175299137831e-01 1.019673943520e-01 1.006719544530e-01 5.639849603176e-02 6.916064023972e-02 7.756049185991e-02 7.579145580530e-02 4.696545004845e-02 2.802578546107e-02 6.018820777535e-02 5.204020813107e-02 2.851351909339e-02 2.601948939264e-02 2.458529733121e-02 4.471933469176e-02 5.494137853384e-02 4.851046949625e-02 3.189482912421e-02 2.305653505027e-02 2.503914013505e-02 1.583189889789e-02 1.261300593615e-02 1.891269721091e-02 2.350819483399e-02 2.109832689166e-02 1.862492971122e-02 2.503705397248e-02 2.965572848916e-02 2.651633694768e-02 1.901232451200e-02 1.384049654007e-02 1.729461923242e-02 1.899469085038e-02 2.003516629338e-02
1.240038275719e-01 1.559541225433e-01 1.841226220131e-01 2.438804209232e-01 2.035159468651e-01 2.071675956249e-01 3.431300520897e-01 1.357285678387e-01 1.588732600212e-01 1.251455098391e-01 1.252876371145e-01 7.285014539957e-02 7.800063490868e-02 9.735666215420e-02 7.605401426554e-02 5.462709441781e-02 7.871723920107e-02 7.309260219336e-02 5.781576782465e-02 7.313288748264e-02 7.399629056454e-02 6.412284821272e-02 4.584330692887e-02 2.505891770124e-02 2.750450372696e-02 2.479897812009e-02 1.975772902369e-02 2.036753110588e-02 2.186515182257e-02 2.349026314914e-02 2.286851592362e-02 1.951465010643e-02 1.874241605401e-02 1.573291234672e-02 2.860243991017e-02 3.494278714061e-02 3.275546059012e-02 2.412371896207e-02 1.461437437683e-02 9.014756418765e-03 1.253637857735e-02 1.438947767019e-02 1.324532367289e-02
1.170285940170e-01 1.712529957294e-01 2.039634436369e-01 1.954188495874e-01 2.906581759453e-01 2.178243845701e-01 3.503305017948e-01 1.922591477633e-01 1.647657006979e-01 1.823991239071e-01 1.397307366133e-01 9.123691916466e-02 9.143552929163e-02 9.714280068874e-02 5.620421841741e-02 8.341401070356e-02 1.075679734349e-01 7.402841746807e-02 4.382516816258e-02 4.328495636582e-02 3.821201995015e-02 2.974401228130e-02 2.864712104201e-02 3.164947777987e-02 3.165182098746e-02 2.795373462141e-02 2.417897246778e-02 2.357963658869e-02 1.963119767606e-02 2.171936817467e-02 2.069484628737e-02 1.887564919889e-02 1.308848429471e-02 2.391659468412e-02 2.852935902774e-02 2.704597823322e-02 1.889013871551e-02 1.021761819720e-02 1.405997946858e-02 1.322837080806e-02 9.900664910674e-03 9.344117715955e-03 1.010002661496e-02
1.739365160465e-01 2.423858046532e-01 2.477071136236e-01 2.715587317944e-01 2.959467768669e-01 3.723849654198e-01 3.515464365482e-01 6.784837841988e-01 2.501403391361e-01 1.581673920155e-01 1.470570266247e-01 1.317284256220e-01 1.116754934192e-01 1.697580367327e-01 1.489017903805e-01 8.666842430830e-02 7.981022447348e-02 8.275429159403e-02 6.055705249310e-02 5.393354222178e-02 5.340249463916e-02 5.076739192009e-02 5.397306382656e-02 4.020432010293e-02 5.193889886141e-02 4.595650732517e-02 2.893292345107e-02 2.633401751518e-02 2.660558186471e-02 2.481730468571e-02 2.117430418730e-02 2.046597376466e-02 2.133725583553e-02 2.455586567521e-02 2.282848954201e-02 1.751954108477e-02 1.342725846916e-02 1.213365606964e-02 1.182312332094e-02 1.169137842953e-02 1.142618060112e-02 1.100393850356e-02 1.055484358221e-02
1.109564527869e-01 3.211441040039e-01 2.227912694216e-01 2.773759067059e-01 4.399224817753e-01 3.551153540611e-01 4.203486740589e-01 4.982500970364e-01 2.452137470245e-01 2.321155518293e-01 2.954886555672e-01 1.879758834839e-01 2.330558151007e-01 1.809835433960e-01 1.512993425131e-01 1.318068057299e-01 1.119298338890e-01 9.677168726921e-02 8.533547073603e-02 1.196923851967e-01 1.396590620279e-01 5.816341936588e-02 3.780465200543e-02 3.805328905582e-02 5.343271046877e-02 3.385378047824e-02 2.925821766257e-02 2.795598097146e-02 2.574040181935e-02 2.448017708957e-02 2.349807694554e-02 2.429114095867e-02 2.569594606757e-02 2.196543104947e-02 1.681084185839e-02 1.575017161667e-02 1.490600407124e-02 1.215184107423e-02 1.201779488474e-02 1.199912931770e-02 1.107234787196e-02 1.134408079088e-02 1.191331911832e-02
2.962028086185e-01 3.480509221554e-01 3.969664275646e-01 4.192930161953e-01 4.897303283215e-01 6.776061058044e-01 8.999425172806e-01 4.129981100559e-01 3.333162069321e-01 2.343465536833e-01 3.335352540016e-01 3.320821225643e-01 1.238525286317e-01 1.985992342234e-01 2.180511653423e-01 1.084677800536e-01 9.993035346270e-02 1.056478470564e-01 1.162337735295e-01 1.365352869034e-01 1.050487533212e-01 4.527696222067e-02 5.045782774687e-02 4.190289974213e-02 3.890475630760e-02 3.337102383375e-02 3.242874145508e-02 3.216933086514e-02 2.672851830721e-02 1.855645887554e-02 1.667024195194e-02 1.825126446784e-02 1.936066150665e-02 1.987702772021e-02 1.948185265064e-02 1.864266395569e-02 1.660887151957e-02 1.706996001303e-02 1.901173405349e-02 1.945406012237e-02 1.740633696318e-02 1.509662624449e-02 1.316709630191e-02
1.985986530781e-01 3.541067540646e-01 3.665587306023e-01 4.655061364174e-01 4.632412493229e-01 4.577624499798e-01 4.494482874870e-01 3.697779774666e-01 2.591460943222e-01 2.947014868259e-01 2.828270792961e-01 2.963964939117e-01 3.587612807751e-01 1.567328721285e-01 1.336650699377e-01 8.305226266384e-02 7.523959130049e-02 5.314301699400e-02 4.909722507000e-02 4.177287593484e-02 3.599218279123e-02 4.074186086655e-02 5.017876625061e-02 5.768960341811e-02 5.897900462151e-02 5.167267471552e-02 4.105408862233e-02 2.842217311263e-02 1.971478201449e-02 1.625157333910e-02 1.337695587426e-02 1.503487490118e-02 1.952020265162e-02 1.298718340695e-02 1.476861629635e-02 1.612564921379e-02 1.287803333253e-02 1.579514890909e-02 1.865688152611e-02 1.975672505796e-02 2.240424975753e-02 2.812212146819e-02 3.190532326698e-02
7.800416648388e-02 1.058289781213e-01 1.686007380486e-01 7.971412539482e-01 4.360151886940e-01 4.169709384441e-01 2.338147610426e-01 2.401824742556e-01 2.222300916910e-01 3.529329001904e-01 3.293959200382e-01 4.679572582245e-01 6.760478615761e-01 4.949640035629e-01 3.215979635715e-01 1.478015631437e-01 6.942579895258e-02 4.940942302346e-02 4.524400085211e-02 6.070496141911e-02 7.900296896696e-02 7.311744987965e-02 5.392884835601e-02 3.463651239872e-02 3.810166567564e-02 3.598312661052e-02 5.112989619374e-02 7.609022408724e-02 3.526488691568e-02 1.872939616442e-02 1.735523156822e-02 2.846616692841e-02 1.851038075984e-02 1.159294415265e-02 1.027079951018e-02 1.060961931944e-02 1.069706492126e-02 1.100413408130e-02 1.119612064213e-02 1.118308957666e-02 1.119558047503e-02 1.238481327891e-02 1.080503407866e-02
1.418297551572e-02 3.504895046353e-02 8.457902818918e-02 1.128412857652e-01 1.154376566410e-01 1.130261719227e-01 8.796741813421e-02 1.207729578018e-01 1.195747405291e-01 1.919172257185e-01 3.895993530750e-01 4.398122131824e-01 6.044245362282e-01 3.470959663391e-01 2.485198676586e-01 1.402832865715e-01 6.394883245230e-02 3.350864350796e-02 3.574729338288e-02 7.803636789322e-02 2.482807189226e-01 1.037795245647e-01 8.868344873190e-02 6.658008694649e-02 6.781321018934e-02 5.819854512811e-02 6.210918352008e-02 4.349452629685e-02 2.175229042768e-02 2.865778841078e-02 2.418914809823e-02 2.429598942399e-02 1.485054939985e-02 1.347360759974e-02 9.401315823197e-03 8.542103692889e-03 8.856813423336e-03 8.848217315972e-03 9.554963558912e-03 8.855964057148e-03 1.152436248958e-02 1.353265903890e-02 1.308679115027e-02
9.786562062800e-03 1.823735795915e-02 5.290662869811e-02 3.113235905766e-02 2.747092209756e-02 2.247853763402e-02 3.424031659961e-02 5.625762417912e-02 5.884137377143e-02 6.235064193606e-02 1.769274473190e-01 8.638012409210e-01 6.912320256233e-01 3.102389574051e-01 1.435836404562e-01 4.127473384142e-02 2.468140050769e-02 1.619832217693e-02 2.010566182435e-02 5.172998085618e-02 1.185262575746e-01 2.062075585127e-01 1.031153872609e-01 7.840338349342e-02 6.183239445090e-02 4.638287797570e-02 4.898079857230e-02 4.592222720385e-02 4.028334841132e-02 3.629664704204e-02 4.416742548347e-02 1.896827109158e-02 1.753257028759e-02 1.418597716838e-02 1.450506877154e-02 1.352135371417e-02 1.134776882827e-02 9.628648869693e-03 1.104245986789e-02 1.274267490953e-02 1.492249127477e-02 1.468721684068e-02 1.252518594265e-02
6.585141178221e-03 2.715333364904e-02 6.356288492680e-02 4.856527224183e-02 1.167198177427e-02 1.370168291032e-02 1.313105691224e-02 2.649146690965e-02 2.891698479652e-02 5.213413760066e-02 9.450919181108e-02 2.383673042059e-01 5.058502554893e-01 3.479059934616e-01 4.702343046665e-01 1.132350265980e-01 1.401250902563e-02 8.793884888291e-03 1.388122700155e-02 4.644395411015e-02 1.398196518421e-01 2.198480367661e-01 1.674192547798e-01 1.138429120183e-01 7.907784730196e-02 4.977599158883e-02 5.658021569252e-02 4.183565825224e-02 4.048440605402e-02 4.027535766363e-02 3.345278277993e-02 2.667005546391e-02 1.877868920565e-02 2.000871859491e-02 1.805330999196e-02 1.428150199354e-02 1.268750056624e-02 1.176673267037e-02 1.095220074058e-02 1.278360094875e-02 1.402009278536e-02 1.363092847168e-02 1.207582466304e-02
5.625666584820e-03 1.384438853711e-02 9.401057660580e-02 1.134847998619e-01 5.962820351124e-02 9.213108569384e-03 7.012820336968e-03 1.316292677075e-02 1.315720379353e-02 1.079021207988e-02 9.106502868235e-03 3.827628120780e-02 1.717628687620e-01 1.000916585326e-01 5.708490610123e-01 6.970028579235e-02 3.919382765889e-02 1.488822605461e-02 1.234133914113e-02 3.997676447034e-02 7.816199213266e-02 6.927775144577e-01 2.152024507523e-01 9.349994361401e-02 9.447413682938e-02 4.995886981487e-02 5.363187566400e-02 4.553432390094e-02 6.507091969252e-02 4.993207007647e-02 2.861945517361e-02 2.848954871297e-02 2.655094675720e-02 2.527500130236e-02 2.480729855597e-02 1.977425813675e-02 1.961366087198e-02 2.168328873813e-02 1.400330755860e-02 1.074660569429e-02 1.059406716377e-02 1.046219188720e-02 1.199379842728e-02
3.620472503826e-03 6.230193655938e-03 7.789990399033e-03 4.422444477677e-02 2.733341418207e-02 6.553826387972e-03 5.577200558037e-03 6.536934524775e-03 6.129057146609e-03 5.886921659112e-03 4.269615281373e-03 4.769462626427e-03 1.457087788731e-02 9.226588159800e-02 2.607945203781e-01 6.362754106522e-02 5.313987657428e-02 2.488351054490e-02 1.455869991332e-02 2.859194763005e-02 3.358235582709e-02 4.560735449195e-02 4.195785149932e-02 3.178805485368e-02 4.625415056944e-02 7.704598456621e-02 6.742908060551e-02 6.721112132072e-02 4.338550567627e-02 5.635207146406e-02 5.878868326545e-02 5.121314525604e-02 3.125387802720e-02 2.606609277427e-02 2.496329322457e-02 2.178916707635e-02 1.861862093210e-02 1.899033971131e-02 1.840897835791e-02 1.218519732356e-02 1.004198286682e-02 1.034035719931e-02 1.105247717351e-02
3.965086769313e-03 6.327067967504e-03 4.163501784205e-03 4.714417271316e-03 4.797355271876e-03 5.620530340821e-03 5.153225734830e-03 4.827150609344e-03 4.466959740967e-03 3.391742007807e-03 2.395292045549e-03 2.019142499194e-03 3.365274751559e-03 9.478479623795e-02 1.468121856451e-01 1.555903404951e-01 4.348900914192e-02 4.712098836899e-02 4.142466560006e-02 1.670634746552e-02 1.809713430703e-02 3.397399932146e-02 9.274036437273e-02 8.841124922037e-02 1.151565313339e-01 1.157535463572e-01 1.083819195628e-01 1.022600531578e-01 9.671987593174e-02 9.209503978491e-02 9.790869057178e-02 1.198693290353e-01 1.024482697248e-01 4.186800494790e-02 1.701807416975e-02 2.011261507869e-02 2.201217412949e-02 1.520527247339e-02 1.510798837990e-02 1.067829690874e-02 1.055775396526e-02 7.692867424339e-03 8.750385604799e-03
