VariationalSeries/SI/f120.grd
DSAA
101	101
32.816463539100	34.260883539100
35.556306596100	36.727886596100
5.349521416065e-06	8.999425172806e-01
[rows 19 to 37 of 101, columns 0 to 42 of 101]
1.695935381576e-03 3.458526218310e-03 4.424773622304e-03 4.510542377830e-03 3.722003893927e-03 2.951093483716e-03 2.019777428359e-03 2.296146471053e-03 2.764083212242e-03 3.320704912767e-03 4.364387132227e-03 5.210583098233e-03 5.062715616077e-03 5.487622227520e-03 5.527611821890e-03 5.359718576074e-03 5.097090732306e-03 4.932188428938e-03 5.687643308192e-03 5.104733165354e-03 5.284535232931e-03 5.700115114450e-03 6.038444582373e-03 5.813820753247e-03 5.180621519685e-03 4.391676280648e-03 4.544275347143e-03 7.301279809326e-03 8.703542873263e-03 6.521272473037e-03 6.006865762174e-03 5.538356490433e-03 5.838641431183e-03 5.839189048856e-03 5.830533336848e-03 5.695843137801e-03 4.527665674686e-03 3.957112319767e-03 4.250880330801e-03 4.080689046532e-03 5.901427939534e-03 1.453095953912e-02 6.763946264982e-03
1.326661091298e-03 2.788530662656e-03 3.761971835047e-03 4.117270931602e-03 3.662507748231e-03 3.523294115439e-03 3.229506080970e-03 2.274984959513e-03 3.034984460101e-03 3.546212334186e-03 3.801249433309e-03 4.764529410750e-03 4.218603949994e-03 4.917267709970e-03 5.313121713698e-03 5.480931140482e-03 5.469127092510e-03 5.220983177423e-03 6.607357878238e-03 5.290488712490e-03 6.211642641574e-03 7.375503424555e-03 7.946971803904e-03 7.809782400727e-03 7.290862500668e-03 5.635879002512e-03 6.022097542882e-03 5.912651773542e-03 9.149054065347e-03 6.624212954193e-03 5.670852027833e-03 5.367110017687e-03 5.228202790022e-03 5.208061076701e-03 4.955293610692e-03 6.412303540856e-03 4.321394953877e-03 4.544651135802e-03 4.651840310544e-03 4.758122842759e-03 7.309236563742e-03 1.230497192591e-02 1.007768604904e-02
1.021564588882e-03 2.058794489130e-03 2.844095928594e-03 3.274984192103e-03 3.092096187174e-03 2.694200724363e-03 3.327049082145e-03 3.287631552666e-03 3.758653998375e-03 4.482443910092e-03 5.168196745217e-03 6.809381302446e-03 8.163885213435e-03 7.467993535101e-03 5.080553237349e-03 4.906498361379e-03 5.182903725654e-03 5.434768740088e-03 9.626969695091e-03 7.680311333388e-03 5.780797917396e-03 8.969751186669e-03 9.504804387689e-03 1.050653029233e-02 8.610941469669e-03 7.621285971254e-03 7.527487352490e-03 4.685870837420e-03 8.613327518106e-03 6.108749192208e-03 4.700756631792e-03 4.912505391985e-03 5.803004372865e-03 4.736814647913e-03 5.185813177377e-03 6.787068210542e-03 5.404768511653e-03 4.823835566640e-03 5.026600323617e-03 5.390517879277e-03 8.521935902536e-03 8.817281574011e-03 1.337676774710e-02
1.383002032526e-03 2.484682248905e-03 2.394691342488e-03 2.508372999728e-03 2.933945972472e-03 3.712178207934e-03 4.334048368037e-03 5.185821093619e-03 6.297558546066e-03 7.914319634438e-03 1.007397659123e-02 1.263303309679e-02 1.419140771031e-02 1.232604309916e-02 7.747111842036e-03 4.722045734525e-03 6.517008412629e-03 9.153189137578e-03 1.157678011805e-02 9.417410008609e-03 7.432990241796e-03 9.739132598042e-03 1.036066282541e-02 1.179941557348e-02 8.564674295485e-03 8.680758997798e-03 8.943621069193e-03 5.592260509729e-03 7.039073389024e-03 5.059866234660e-03 4.770506173372e-03 4.724816419184e-03 6.021447014064e-03 6.100839469582e-03 6.066617090255e-03 5.763704422861e-03 7.603256031871e-03 5.350962281227e-03 5.403822287917e-03 5.919198505580e-03 9.497910737991e-03 8.234691806138e-03 1.553593389690e-02
1.343399635516e-03 2.770027611405e-03 3.006647573784e-03 2.881080145016e-03 3.678576322272e-03 4.995798692107e-03 5.474340636283e-03 5.787973292172e-03 6.413268391043e-03 7.423115428537e-03 8.960232138634e-03 1.021767966449e-02 1.046263333410e-02 8.949712850153e-03 6.560177542269e-03 5.813722498715e-03 6.344195920974e-03 8.609127253294e-03 1.146307960153e-02 7.237848825753e-03 6.972217466682e-03 9.820980019867e-03 1.034579146653e-02 1.131409592927e-02 9.032297879457e-03 8.652854710817e-03 1.008531171829e-02 8.635632693768e-03 8.722557686269e-03 7.437220774591e-03 6.431656423956e-03 9.417171590030e-03 8.793883956969e-03 6.588890217245e-03 6.415619980544e-03 6.363213993609e-03 8.432773873210e-03 6.179325748235e-03 5.907251499593e-03 6.249521858990e-03 1.004448812455e-02 8.347886614501e-03 1.587245427072e-02
2.651541261002e-03 4.577632062137e-03 2.978897187859e-03 2.969886874780e-03 3.357468405738e-03 4.349648952484e-03 4.923158790916e-03 4.871201701462e-03 4.842813126743e-03 5.039532668889e-03 5.328717175871e-03 5.644248332828e-03 5.377421621233e-03 5.897796712816e-03 5.969422869384e-03 5.346138495952e-03 5.349373444915e-03 9.873630478978e-03 1.128726452589e-02 5.992239341140e-03 6.090022157878e-03 9.093392640352e-03 9.816795587540e-03 9.639650583267e-03 8.801257237792e-03 7.916877046227e-03 1.086143683642e-02 9.546073153615e-03 7.902742363513e-03 7.643698714674e-03 7.573124021292e-03 1.213607750833e-02 1.805286668241e-02 1.716771163046e-02 1.552121620625e-02 1.479366980493e-02 1.535076741129e-02 9.500872343779e-03 8.058543317020e-03 6.697483360767e-03 1.027600467205e-02 8.062404580414e-03 1.405428722501e-02
4.915622062981e-03 1.041668001562e-02 1.072840951383e-02 9.405973367393e-03 5.874997470528e-03 3.382171504200e-03 3.308936255053e-03 3.469820134342e-03 3.737733932212e-03 4.832616075873e-03 5.793526768684e-03 6.474637892097e-03 6.682869512588e-03 6.405591499060e-03 5.830297712237e-03 6.077668629587e-03 6.393013056368e-03 9.619499556720e-03 9.474930353463e-03 5.562749691308e-03 6.080311257392e-03 7.419997360557e-03 8.488374762237e-03 7.982062175870e-03 9.032813832164e-03 8.708705194294e-03 1.127408817410e-02 1.194443274289e-02 1.269184518605e-02 1.135490741581e-02 8.559540845454e-03 7.224799599499e-03 1.463696546853e-02 1.596968993545e-02 1.757917739451e-02 2.123594842851e-02 2.650506980717e-02 1.615006476641e-02 1.190025173128e-02 1.010590419173e-02 1.009181514382e-02 7.521329447627e-03 1.052560564131e-02
5.247254390270e-03 1.131634786725e-02 1.306617632508e-02 1.542618591338e-02 1.688821800053e-02 1.465092506260e-02 8.212426677346e-03 4.501740913838e-03 6.141183432192e-03 7.170899771154e-03 7.364079821855e-03 6.963611114770e-03 6.530397105962e-03 8.794102817774e-03 9.686952456832e-03 9.616298601031e-03 9.466810151935e-03 9.209880605340e-03 9.098831564188e-03 8.790931664407e-03 8.593318983912e-03 8.592799305916e-03 8.335736580193e-03 1.045234967023e-02 1.258385740221e-02 1.088171545416e-02 1.231307443231e-02 1.579899713397e-02 1.596274413168e-02 1.416905131191e-02 1.057110913098e-02 7.859311997890e-03 8.549862541258e-03 1.337360683829e-02 1.994034461677e-02 1.756291463971e-02 1.794122718275e-02 1.356490794569e-02 1.451496221125e-02 1.478232908994e-02 1.202455628663e-02 7.682762574404e-03 9.357574395835e-03
3.367185592651e-03 7.433389779180e-03 8.650287985802e-03 1.062533631921e-02 1.382996980101e-02 1.818417571485e-02 2.054470591247e-02 1.597709953785e-02 8.342831395566e-03 7.758843712509e-03 6.906297057867e-03 8.910066448152e-03 1.050400175154e-02 1.093713846058e-02 1.039172802120e-02 1.038492191583e-02 1.027981378138e-02 9.974125772715e-03 1.045051682740e-02 1.054763700813e-02 1.084168907255e-02 1.178047992289e-02 1.114079356194e-02 1.026108488441e-02 9.928146377206e-03 1.280961930752e-02 1.227060426027e-02 1.517510227859e-02 1.668033003807e-02 1.495981588960e-02 1.116801891476e-02 1.205466222018e-02 1.554265432060e-02 2.079893834889e-02 2.481453120708e-02 1.797422394156e-02 1.270098518580e-02 1.060707028955e-02 1.303125545382e-02 1.670283451676e-02 1.823460683227e-02 1.238392386585e-02 9.271823801100e-03
2.314899582416e-03 4.544743336737e-03 5.653921514750e-03 5.206978879869e-03 6.023219786584e-03 9.018289856613e-03 1.409870106727e-02 1.911535486579e-02 1.905930787325e-02 1.310985442251e-02 9.954604320228e-03 1.050400361419e-02 1.064406521618e-02 1.016443874687e-02 9.990678168833e-03 9.824831038713e-03 9.316928684711e-03 9.996799752116e-03 1.025815587491e-02 1.064045540988e-02 1.127910614014e-02 1.088789943606e-02 1.046756934375e-02 1.033807825297e-02 1.017281692475e-02 1.000832207501e-02 1.054804399610e-02 1.179331447929e-02 1.416463404894e-02 1.472658291459e-02 1.152933202684e-02 1.397465169430e-02 1.683142967522e-02 1.912220567465e-02 1.852597855031e-02 1.160908676684e-02 1.237330120057e-02 1.426460780203e-02 1.537915971130e-02 1.377442386001e-02 2.043220028281e-02 2.077047899365e-02 1.158162299544e-02
2.688235370442e-03 5.291193723679e-03 5.234436132014e-03 6.429008673877e-03 5.277961958200e-03 4.579760599881e-03 5.410638637841e-03 9.944845922291e-03 1.594839803874e-02 1.852289400995e-02 1.508362405002e-02 1.003529969603e-02 9.533527307212e-03 9.321641176939e-03 8.720203302801e-03 8.471814915538e-03 8.743343874812e-03 9.582458995283e-03 9.249163791537e-03 9.235445410013e-03 8.338502608240e-03 6.840606685728e-03 8.775379508734e-03 7.788324262947e-03 1.177017576993e-02 1.042117085308e-02 1.193546503782e-02 1.317173149437e-02 1.097861025482e-02 1.187052670866e-02 1.326723117381e-02 1.429576333612e-02 1.214315276593e-02 1.505982037634e-02 1.110901404172e-02 9.557091630995e-03 1.249133516103e-02 1.726212166250e-02 2.065698802471e-02 1.953481324017e-02 1.655413582921e-02 2.569584921002e-02 1.933428086340e-02
3.475842764601e-03 6.682060193270e-03 6.213122513145e-03 6.356763653457e-03 7.088493555784e-03 5.342325661331e-03 7.424811366946e-03 9.018567390740e-03 9.966184385121e-03 1.396300923079e-02 1.796796731651e-02 1.628149859607e-02 9.959510527551e-03 7.996942847967e-03 7.869441993535e-03 8.054008707404e-03 8.338795974851e-03 8.239479735494e-03 8.786999620497e-03 8.565397001803e-03 7.469076663256e-03 6.270755548030e-03 6.729609332979e-03 1.068506762385e-02 1.594109646976e-02 2.146857231855e-02 2.579559572041e-02 2.100612595677e-02 1.412313431501e-02 1.320254243910e-02 1.635412685573e-02 1.143646705896e-02 8.566012606025e-03 1.876624859869e-02 7.914462126791e-03 1.109354197979e-02 1.034847274423e-02 1.452707871795e-02 2.112596295774e-02 2.270682156086e-02 1.951676048338e-02 2.166547998786e-02 2.935890853405e-02
3.159726038575e-03 6.906901486218e-03 7.302642334253e-03 7.136166095734e-03 7.498784456402e-03 7.619848940521e-03 9.133531711996e-03 9.597135707736e-03 9.529150091112e-03 9.003460407257e-03 1.250676810741e-02 1.781032234430e-02 1.737205125391e-02 1.197669655085e-02 7.547905202955e-03 7.533856201917e-03 7.264356594533e-03 6.665460299700e-03 8.925758302212e-03 9.290742687881e-03 9.436997584999e-03 7.833990268409e-03 7.195369340479e-03 1.323178317398e-02 2.246222458780e-02 3.311430290341e-02 3.886770829558e-02 3.716213628650e-02 2.422241307795e-02 1.524176448584e-02 1.761893182993e-02 1.472482644022e-02 1.373769622296e-02 2.293568104506e-02 1.192347425967e-02 2.284299209714e-02 1.652541384101e-02 1.197742857039e-02 1.616054214537e-02 2.322496473789e-02 2.378665842116e-02 2.006715908647e-02 3.152769431472e-02
3.882532473654e-03 7.905884645879e-03 7.998961023986e-03 7.769152987748e-03 8.043283596635e-03 9.113976731896e-03 9.178848937154e-03 9.279073216021e-03 8.528309874237e-03 7.860985584557e-03 7.598289754242e-03 1.076821144670e-02 1.728170923889e-02 1.820340566337e-02 1.378411613405e-02 6.589319556952e-03 6.091406568885e-03 6.824853830040e-03 7.935827597976e-03 1.270000543445e-02 1.148461550474e-02 1.053077075630e-02 9.652935899794e-03 1.320294663310e-02 2.296438813210e-02 3.276745975018e-02 4.460003972054e-02 5.225655809045e-02 4.361059889197e-02 2.111465297639e-02 1.897903159261e-02 2.061625197530e-02 1.968642137945e-02 2.714238502085e-02 1.510006189346e-02 3.057999908924e-02 2.532802708447e-02 1.665044203401e-02 1.538204681128e-02 2.210624888539e-02 4.739591851830e-02 2.405637502670e-02 2.574355900288e-02
5.135848186910e-03 9.664000011981e-03 8.909481577575e-03 9.513640776277e-03 1.009946875274e-02 1.067326776683e-02 1.133598200977e-02 1.179288234562e-02 1.205402147025e-02 1.209795754403e-02 1.173792313784e-02 1.134025957435e-02 1.085367891937e-02 1.597428880632e-02 1.852926798165e-02 1.542487274855e-02 7.718001957983e-03 7.044594269246e-03 7.687014993280e-03 1.214188802987e-02 1.287307590246e-02 1.160138193518e-02 1.064644567668e-02 1.129690092057e-02 1.901050470769e-02 2.827860042453e-02 4.378680884838e-02 6.116242334247e-02 5.779535695910e-02 3.524154797196e-02 2.720098569989e-02 3.432137146592e-02 3.688904643059e-02 3.408979251981e-02 2.827701903880e-02 3.297864273190e-02 3.140176832676e-02 2.422935329378e-02 2.773700095713e-02 2.474273368716e-02 6.784589588642e-02 5.540730431676e-02 1.508714724332e-02
5.265932530165e-03 1.094409078360e-02 1.092572323978e-02 1.059387717396e-02 9.337891824543e-03 8.334117941558e-03 7.933494634926e-03 8.774363435805e-03 9.721257723868e-03 1.083835121244e-02 1.208309736103e-02 1.353658549488e-02 1.491744909436e-02 2.361163124442e-02 2.416401915252e-02 1.834654062986e-02 1.732491329312e-02 1.649507321417e-02 1.537046208978e-02 1.409543491900e-02 1.271745003760e-02 1.101852953434e-02 1.205790322274e-02 1.173624396324e-02 1.298583950847e-02 2.139673754573e-02 3.153022378683e-02 4.987169057131e-02 6.337178498507e-02 4.394322633743e-02 2.086078003049e-02 2.146080695093e-02 3.155724331737e-02 4.193797707558e-02 4.663490876555e-02 4.330991581082e-02 3.130234777927e-02 2.626710385084e-02 1.979924365878e-02 2.858296409249e-02 7.100000232458e-02 8.506408333778e-02 2.304341830313e-02
4.421374294907e-03 8.914865553379e-03 9.411234408617e-03 1.025898288935e-02 1.077243126929e-02 1.041062269360e-02 8.739027194679e-03 7.559697609395e-03 7.603751961142e-03 7.603246252984e-03 7.562472485006e-03 7.401381619275e-03 7.169358897954e-03 9.062554687262e-03 1.359909400344e-02 1.489869318902e-02 1.787464693189e-02 1.725631579757e-02 1.411313936114e-02 1.561993081123e-02 1.652596704662e-02 1.705998368561e-02 1.769708096981e-02 1.848280243576e-02 1.777199283242e-02 1.420803461224e-02 2.124526537955e-02 3.776921704412e-02 5.336419120431e-02 3.922287374735e-02 1.969129219651e-02 1.383481640369e-02 1.220563519746e-02 2.045335993171e-02 2.463591471314e-02 4.009396582842e-02 5.096403881907e-02 4.717893525958e-02 2.941219136119e-02 3.186281770468e-02 4.570067673922e-02 1.011404246092e-01 3.685633093119e-02
3.576130140573e-03 6.914968136698e-03 6.889109965414e-03 6.598943378776e-03 6.827078294009e-03 7.640570867807e-03 7.982552051544e-03 7.856367155910e-03 6.680079270154e-03 7.193413563073e-03 7.817989215255e-03 8.451155386865e-03 9.035469032824e-03 9.620074182749e-03 1.021607685834e-02 1.073277089745e-02 1.118335407227e-02 1.678293384612e-02 1.787387952209e-02 2.303569205105e-02 1.805332675576e-02 1.490099076182e-02 1.421243138611e-02 1.389862503856e-02 1.394117157906e-02 1.586470566690e-02 2.113781496882e-02 2.418357692659e-02 3.410723432899e-02 2.785383537412e-02 1.415659673512e-02 1.670010201633e-02 1.244977675378e-02 1.645945012569e-02 1.930508948863e-02 2.339470200241e-02 2.361772209406e-02 3.955908864737e-02 5.595844611526e-02 4.540257528424e-02 4.022777453065e-02 8.300110697746e-02 7.489430904388e-02
2.255134284496e-03 4.545628558844e-03 4.476008471102e-03 4.392386879772e-03 4.983783699572e-03 5.828155204654e-03 6.383477710187e-03 6.692812312394e-03 6.797643378377e-03 6.262432783842e-03 5.893712863326e-03 6.132167298347e-03 6.485435646027e-03 6.576891988516e-03 6.669421214610e-03 8.850502781570e-03 9.856112301350e-03 1.326827704906e-02 2.508561499417e-02 2.624803595245e-02 2.321697957814e-02 1.978529989719e-02 2.313344180584e-02 2.768663875759e-02 1.949544250965e-02 2.246293798089e-02 2.189356833696e-02 2.036429569125e-02 2.118819952011e-02 2.803166210651e-02 2.631677873433e-02 1.652679778636e-02 1.714271493256e-02 1.808571629226e-02 1.954841613770e-02 2.045951224864e-02 2.105281688273e-02 2.711267396808e-02 3.954954072833e-02 4.619089514017e-02 5.521234124899e-02 7.384441047907e-02 6.148922070861e-02
