VariationalSeries/SI/f121.grd
DSAA
101	101
32.816463539100	34.260883539100
35.556306596100	36.727886596100
7.095133696566e-06	1.191780328751e+00
[rows 57 to 75 of 101, columns 0 to 42 of 101]
3.943780611735e-04 6.478487630375e-04 7.043384830467e-04 7.052276050672e-04 7.428854005411e-04 9.086331119761e-04 1.017403090373e-03 1.115572871640e-03 1.207392080687e-03 1.234105904587e-03 1.193310017698e-03 1.670295489021e-03 2.862213179469e-03 1.565020997077e-03 1.136848353781e-03 1.713804551400e-03 1.535354880616e-03 1.729931798764e-03 2.092086477205e-03 2.170048188418e-03 2.241438720375e-03 1.676443614997e-03 1.166406203993e-03 1.026428421028e-03 1.113643753342e-03 1.542209065519e-03 2.462373115122e-03 3.052388317883e-03 2.379383193329e-03 1.391614670865e-03 1.091064768843e-03 8.593263919465e-04 9.005821193568e-04 1.085029449314e-03 1.283113495447e-03 1.648701378144e-03 1.901348121464e-03 2.045594854280e-03 3.375254105777e-03 4.431382752955e-03 3.807122586295e-03 3.381108632311e-03 3.788121510297e-03
4.990424495190e-04 8.169190841727e-04 9.331686887890e-04 9.472546516918e-04 9.372000349686e-04 9.118811576627e-04 9.099313756451e-04 9.533849661238e-04 9.935452835634e-04 1.613108208403e-03 5.235003773123e-03 6.063533946872e-03 2.265929477289e-03 1.176840742119e-03 1.182116800919e-03 1.098364475183e-03 1.188065856695e-03 1.183020300232e-03 1.357519067824e-03 1.720851520076e-03 2.082009799778e-03 2.225495874882e-03 1.557354698889e-03 9.805873269215e-04 1.129501382820e-03 1.722473884001e-03 2.599557628855e-03 2.784006064758e-03 2.826576353982e-03 1.798867247999e-03 1.082792063244e-03 9.841581340879e-04 9.411567589268e-04 1.129211625084e-03 1.333919935860e-03 1.381702953950e-03 1.420361339115e-03 1.478352001868e-03 1.492101931944e-03 1.610431703739e-03 1.945731113665e-03 2.664848696440e-03 3.071284852922e-03
6.672164890915e-04 1.097001251765e-03 1.269213040359e-03 1.808374538086e-03 2.319468185306e-03 2.941874321550e-03 3.869980573654e-03 5.645640660077e-03 1.036724075675e-02 1.464935857803e-02 9.747036732733e-03 2.481224713847e-03 1.683193375356e-03 1.473306561820e-03 1.072082086466e-03 1.121168257669e-03 1.184507622384e-03 1.164827262983e-03 1.116713974625e-03 1.191989285871e-03 2.009405754507e-03 2.278315834701e-03 1.616996480152e-03 9.309597662650e-04 7.305314647965e-04 1.126046525314e-03 1.595989684574e-03 1.651530736126e-03 1.722142449580e-03 1.402227557264e-03 9.782528504729e-04 1.027921913192e-03 9.739826782607e-04 1.093551050872e-03 1.319968840107e-03 1.368625205941e-03 1.304478151724e-03 1.195881166495e-03 1.102689886466e-03 1.234495197423e-03 1.576742855832e-03 2.018483588472e-03 2.675848547369e-03
6.520558963530e-04 1.181268598884e-03 2.054600743577e-03 2.928937319666e-03 3.702720627189e-03 4.900012630969e-03 7.127789780498e-03 1.064762473106e-02 1.070693787187e-02 4.955092910677e-03 1.202600426041e-03 1.402296358719e-03 1.524912891909e-03 1.354912878014e-03 1.209954847582e-03 1.269844709896e-03 1.271729124710e-03 1.219572033733e-03 9.542039479129e-04 9.325383580290e-04 1.447628019378e-03 1.615761779249e-03 1.200018450618e-03 7.517064223066e-04 5.783014930785e-04 6.251673912629e-04 8.384801913053e-04 1.037443522364e-03 1.212282688357e-03 1.051341299899e-03 9.621552890167e-04 8.984562591650e-04 9.594338480383e-04 1.062931842171e-03 1.275474671274e-03 1.307814614847e-03 1.184028340504e-03 1.013466040604e-03 9.315378847532e-04 1.035406952724e-03 1.523408573121e-03 1.912197796628e-03 2.449075225741e-03
3.953142731916e-04 6.891679950058e-04 8.425186970271e-04 8.868909790181e-04 8.885774295777e-04 8.847804274410e-04 8.771342108957e-04 8.584647439420e-04 8.422536775470e-04 8.239644230343e-04 7.733343518339e-04 8.161937585101e-04 8.884597918950e-04 1.136780832894e-03 1.278238487430e-03 1.334673957899e-03 1.283923746087e-03 1.138704479672e-03 8.410297450610e-04 6.732311449014e-04 8.105065207928e-04 8.414060575888e-04 6.643031374551e-04 4.929765127599e-04 4.345250490587e-04 4.727167543024e-04 6.072873948142e-04 7.304791361094e-04 8.735656738281e-04 9.409473277628e-04 8.909604512155e-04 7.965151453391e-04 9.219748317264e-04 1.116227591410e-03 1.332111889496e-03 1.289334730245e-03 1.071301754564e-03 8.498344686814e-04 9.439243003726e-04 1.056826091371e-03 1.566635444760e-03 1.945528783835e-03 2.307080198079e-03
1.858930481831e-04 3.465258050710e-04 4.494250752032e-04 4.964086110704e-04 5.147157353349e-04 5.297685274854e-04 5.441495450214e-04 5.547756445594e-04 5.714503931813e-04 5.881808465347e-04 5.764892557636e-04 5.420245579444e-04 5.500555271283e-04 7.301733712666e-04 8.588267955929e-04 9.038318530656e-04 8.220251766033e-04 7.312051020563e-04 6.175534799695e-04 5.262139602564e-04 4.320855659898e-04 4.034175653942e-04 3.331945044920e-04 3.683468967211e-04 4.344693152234e-04 4.570104938466e-04 5.032902117819e-04 6.065932102501e-04 7.393556297757e-04 8.092932985164e-04 7.977981003933e-04 7.537219789810e-04 9.203418740071e-04 1.235791714862e-03 1.435940503143e-03 1.296638860367e-03 9.726986172609e-04 8.391792653129e-04 9.672564337961e-04 1.130973570980e-03 1.519044511952e-03 1.722794375382e-03 1.987353665754e-03
1.276413531741e-04 2.150188374799e-04 2.670447283890e-04 3.048428043257e-04 3.280105011072e-04 3.482659813017e-04 3.676831838675e-04 3.839385171887e-04 4.034474841319e-04 4.234288935550e-04 4.261308058631e-04 4.124707193114e-04 3.968199598603e-04 3.827904292848e-04 3.849829372484e-04 4.366190114524e-04 4.604574933182e-04 4.542615497485e-04 4.172933695372e-04 3.988676180597e-04 3.450392687228e-04 3.237450728193e-04 2.835392660927e-04 3.750157193281e-04 4.622463311534e-04 5.064576398581e-04 5.038373637944e-04 5.006905994378e-04 6.107178051025e-04 6.795857916586e-04 6.963799824007e-04 6.925119087100e-04 9.340347605757e-04 1.306854072027e-03 1.441999454983e-03 1.203892519698e-03 8.509069448337e-04 8.433028124273e-04 1.010954263620e-03 1.134983962402e-03 1.316767185926e-03 1.515529118478e-03 1.556173665449e-03
1.032410000334e-04 1.758817234077e-04 2.217368746642e-04 2.438968658680e-04 2.597236598376e-04 2.731449785642e-04 2.830093726516e-04 2.849030133802e-04 2.954535011668e-04 3.069317026529e-04 3.094015119132e-04 3.042652388103e-04 2.991453220602e-04 2.923470165115e-04 3.026623162441e-04 3.477580903564e-04 3.696483036038e-04 3.647717530839e-04 3.373844956513e-04 3.141310589854e-04 3.350442566443e-04 3.253318427596e-04 2.817126223817e-04 3.743296547327e-04 4.722114244942e-04 5.321789649315e-04 5.394843756221e-04 5.228105001152e-04 5.377643392421e-04 5.896290531382e-04 6.143210921437e-04 6.448353524320e-04 9.286847198382e-04 1.277890522033e-03 1.315849367529e-03 1.035044435412e-03 7.918971823528e-04 8.683402556926e-04 1.058162073605e-03 1.117313746363e-03 1.166746136732e-03 1.261837664060e-03 1.158480299637e-03
9.950342064258e-05 1.594171626493e-04 2.022457629209e-04 2.219905436505e-04 2.304760855623e-04 2.377953787800e-04 2.404227125226e-04 2.360731014051e-04 2.372061280767e-04 2.402653335594e-04 2.410458109807e-04 2.502550778445e-04 2.575433463790e-04 2.634710690472e-04 2.705259248614e-04 2.823371323757e-04 3.018896386493e-04 3.049616643693e-04 3.079520538449e-04 2.971993817482e-04 3.076529828832e-04 3.215706383344e-04 2.854995254893e-04 3.546076477505e-04 4.479420022108e-04 5.101569113322e-04 5.212255637161e-04 5.124319577590e-04 5.408253637142e-04 5.566835752688e-04 5.673213163391e-04 6.027240306139e-04 8.707633824088e-04 1.146704657003e-03 1.113868900575e-03 8.885873830877e-04 7.726619951427e-04 9.305538842455e-04 1.070779399015e-03 1.044507836923e-03 1.014710636809e-03 1.022986834869e-03 9.411525097676e-04
9.318584488938e-05 1.479456404923e-04 1.856485032476e-04 2.023552369792e-04 2.094925148413e-04 2.147840714315e-04 2.153879613616e-04 2.107215259457e-04 2.094424562529e-04 2.252427948406e-04 2.388649299974e-04 2.511574421078e-04 2.620393643156e-04 2.711938868742e-04 2.795116743073e-04 2.875792270061e-04 2.935536031146e-04 2.945295418613e-04 2.887317095883e-04 2.824836119544e-04 2.830988960341e-04 3.102030023001e-04 2.932512143161e-04 3.217260818928e-04 4.007712996099e-04 4.557604843285e-04 5.297592724673e-04 5.785102257505e-04 5.808631540276e-04 5.621791351587e-04 5.497653619386e-04 5.594688700512e-04 7.650538464077e-04 9.549736278132e-04 9.144181967713e-04 7.917523034848e-04 8.342518704012e-04 9.466417250223e-04 1.012368942611e-03 9.178796899505e-04 8.499785908498e-04 8.076597005129e-04 8.051626500674e-04
8.592609810876e-05 1.361878821626e-04 1.706148614176e-04 1.865527447080e-04 1.932811428560e-04 1.961960660992e-04 1.947709242813e-04 1.928343554027e-04 1.963418617379e-04 2.131864021067e-04 2.283738285769e-04 2.426202554489e-04 2.557151892688e-04 2.666983928066e-04 2.752293366939e-04 2.807936107274e-04 2.815437619574e-04 3.061775059905e-04 3.125825023744e-04 2.900129766203e-04 2.647380752023e-04 2.845410781447e-04 2.903874847107e-04 2.891848562285e-04 3.526418586262e-04 3.981862391811e-04 4.832407867070e-04 5.616520647891e-04 5.802595405839e-04 5.612979875877e-04 5.386031116359e-04 5.314907175489e-04 6.105614593253e-04 7.407082594000e-04 7.268599001691e-04 6.714844494127e-04 7.214754587039e-04 8.021896355785e-04 8.297389722429e-04 7.217579986900e-04 6.661847583018e-04 6.176398019306e-04 6.075051496737e-04
7.980618102010e-05 1.266939507332e-04 1.593627384864e-04 1.752271346049e-04 1.810361281969e-04 1.814104471123e-04 1.785318017937e-04 1.784001215128e-04 1.854070578702e-04 1.925044780364e-04 2.076310192933e-04 2.224027120974e-04 2.360867074458e-04 2.476229274180e-04 2.559878630564e-04 2.673412091099e-04 2.944080333691e-04 3.313621855341e-04 3.476735437289e-04 3.381942806300e-04 3.094761923421e-04 2.752111759037e-04 2.824809344020e-04 2.861336979549e-04 3.141488414258e-04 3.506772918627e-04 3.613607841544e-04 4.370978276711e-04 4.946518456563e-04 5.122187430970e-04 5.061266710982e-04 5.126269534230e-04 5.286012892611e-04 5.470028845593e-04 5.394124891609e-04 5.215311539359e-04 5.555094685405e-04 6.419629789889e-04 6.837726105005e-04 5.625912453979e-04 5.036898655817e-04 4.498423077166e-04 4.946021363139e-04
7.537079363829e-05 1.200037950184e-04 1.515363255749e-04 1.665693125688e-04 1.705747999949e-04 1.692160731182e-04 1.663095463300e-04 1.653779472690e-04 1.705465838313e-04 1.777605066309e-04 1.804769417504e-04 1.948116841959e-04 2.079999103444e-04 2.193153632106e-04 2.296678430866e-04 2.560127177276e-04 2.992789959535e-04 3.414544626139e-04 3.700256056618e-04 3.785868757404e-04 3.681397647597e-04 3.460985317361e-04 3.195532481186e-04 2.951250062324e-04 2.844553964678e-04 3.145939845126e-04 3.202483931091e-04 3.067662182730e-04 3.759117389563e-04 4.314756661188e-04 4.682291182689e-04 4.954317118973e-04 5.120863206685e-04 4.963403916918e-04 4.455274611246e-04 4.358723817859e-04 4.897737526335e-04 6.088466034271e-04 7.061667274684e-04 6.348490715027e-04 4.675849631894e-04 4.184856079519e-04 4.757321148645e-04
7.374728738796e-05 1.172314514406e-04 1.474800810684e-04 1.607426820556e-04 1.628300233278e-04 1.605329744052e-04 1.592202315805e-04 1.613608037587e-04 1.607642188901e-04 1.624283904675e-04 1.652185310377e-04 1.826139341574e-04 2.008876326727e-04 2.198453148594e-04 2.366143162362e-04 2.615739649627e-04 3.041361051146e-04 3.472382377367e-04 3.860003198497e-04 4.099757643417e-04 4.140154633205e-04 4.036679456476e-04 3.861107106786e-04 3.682139213197e-04 3.577143652365e-04 3.509834059514e-04 3.381388378330e-04 3.189075505361e-04 3.721378161572e-04 4.175390058663e-04 4.514984611887e-04 4.825155192520e-04 4.989830777049e-04 4.661506973207e-04 4.443680809345e-04 4.521850496531e-04 4.933023010381e-04 5.881161778234e-04 6.798530230299e-04 6.170906126499e-04 4.769247025251e-04 4.166215658188e-04 4.739800351672e-04
7.496161560994e-05 1.185402725241e-04 1.477878540754e-04 1.593876222614e-04 1.600608520675e-04 1.568300212966e-04 1.567335420987e-04 1.566939172335e-04 1.601459662197e-04 1.610220206203e-04 1.710686774459e-04 1.882848155219e-04 2.051221090369e-04 2.211545215687e-04 2.341134240851e-04 2.690828114282e-04 3.172478755005e-04 3.627874539234e-04 4.067925910931e-04 4.386890504975e-04 4.490512365010e-04 4.423030186445e-04 4.258241388015e-04 4.053521843161e-04 3.885219339281e-04 3.718885127455e-04 3.440950240474e-04 3.175661549903e-04 3.645244869404e-04 4.040641942993e-04 4.380405880511e-04 4.708155756816e-04 4.817401058972e-04 4.427462990861e-04 4.504472017288e-04 4.644215514418e-04 5.042523844168e-04 5.699339671992e-04 6.140281329863e-04 5.402190727182e-04 4.452597931959e-04 3.867255290970e-04 4.397299198899e-04
7.687521429034e-05 1.211907729157e-04 1.499709178461e-04 1.605870784260e-04 1.604309072718e-04 1.585908903508e-04 1.653169892961e-04 1.700152643025e-04 1.726958143990e-04 1.731303927954e-04 1.716323895380e-04 1.809357199818e-04 2.009796444327e-04 2.248900127597e-04 2.326265966985e-04 2.634853008203e-04 3.244048857596e-04 3.769387258217e-04 4.185889847577e-04 4.448288236745e-04 4.506511031650e-04 4.385017673485e-04 4.157708608545e-04 3.891118976753e-04 3.641067014541e-04 3.389649791643e-04 3.035138943233e-04 3.172073920723e-04 3.575505688787e-04 3.931784594897e-04 4.256319080014e-04 4.527158744168e-04 4.529115394689e-04 4.183127603028e-04 4.557059437502e-04 5.675969296135e-04 5.365036195144e-04 5.686922813766e-04 5.473596393131e-04 4.636817320716e-04 4.027335962746e-04 3.517182194628e-04 3.989354881924e-04
7.578608347103e-05 1.190850307466e-04 1.464981614845e-04 1.562961406307e-04 1.560731761856e-04 1.591947657289e-04 1.635370281292e-04 1.656635140534e-04 1.662276335992e-04 1.652568171266e-04 1.662850991124e-04 1.866900711320e-04 2.173057000618e-04 2.434074995108e-04 2.512178616598e-04 2.457589434925e-04 3.100091707893e-04 3.636796027422e-04 3.939434245694e-04 4.046420799568e-04 3.990294644609e-04 3.773890784942e-04 3.485435736366e-04 3.235026088078e-04 3.031889791600e-04 2.813787723426e-04 2.840920642484e-04 3.145990194753e-04 3.502612235025e-04 3.822883882094e-04 4.102299863007e-04 4.257291147951e-04 4.138634540141e-04 4.010608827230e-04 4.755358386319e-04 5.086520104669e-04 5.213372642174e-04 5.711534759030e-04 5.534162628464e-04 4.535027255770e-04 3.901329473592e-04 3.585607628338e-04 3.872705856338e-04
6.940425373614e-05 1.083597089746e-04 1.325121120317e-04 1.410247059539e-04 1.501867227489e-04 1.567025028635e-04 1.538908691145e-04 1.458959159208e-04 1.442030334147e-04 1.550142333144e-04 1.693358062766e-04 1.958374341484e-04 2.315587189514e-04 2.585987676866e-04 2.661644248292e-04 2.617149439175e-04 2.837291103788e-04 3.293646441307e-04 3.464241453912e-04 3.426662588026e-04 3.256714844611e-04 2.955242234748e-04 2.846925053746e-04 3.372342325747e-04 3.421496949159e-04 3.281572717242e-04 3.216074837837e-04 3.229151479900e-04 3.405406314414e-04 3.684057155624e-04 3.878656716552e-04 3.884879988618e-04 3.647932317108e-04 3.703186812345e-04 4.336067067925e-04 6.167219253257e-04 5.297004245222e-04 7.424833020195e-04 6.589086842723e-04 5.539371632040e-04 4.695623647422e-04 3.865655162372e-04 4.361004685052e-04
7.208867464215e-05 1.062626542989e-04 1.304048637394e-04 1.507177657913e-04 1.660412090132e-04 1.696610997897e-04 1.647489552852e-04 1.554966147523e-04 1.447154791094e-04 1.564263075124e-04 1.734407123877e-04 2.055528602796e-04 2.450574829709e-04 2.725861850195e-04 2.800322254188e-04 2.756442700047e-04 2.604434266686e-04 2.999429125339e-04 3.114655555692e-04 3.287076833658e-04 4.461233911570e-04 4.087980487384e-04 3.090841637459e-04 3.517078876030e-04 3.415865066927e-04 3.148178220727e-04 2.990969805978e-04 3.002759476658e-04 3.288708103355e-04 3.503581392579e-04 3.578311880119e-04 3.438100975472e-04 3.125137882307e-04 3.325983416289e-04 3.686905547511e-04 5.480580148287e-04 6.867515621707e-04 1.077724271454e-03 9.968787198886e-04 6.559858447872e-04 4.995272029191e-04 4.602402623277e-04 5.656699649990e-04
