VariationalSeries/SI/f121.grd
DSAA
101	101
32.816463539100	34.260883539100
35.556306596100	36.727886596100
7.095133696566e-06	1.191780328751e+00
[rows 38 to 56 of 101, columns 43 to 85 of 101]
7.230255007744e-02 1.121789291501e-01 1.203052997589e-01 7.070630788803e-02 1.193249449134e-01 5.838689580560e-02 5.984458699822e-02 8.101703226566e-02 6.903830170631e-02 5.539364367723e-02 8.163737505674e-02 4.234598949552e-02 4.673833027482e-02 3.956773132086e-02 6.135072559118e-02 4.468367248774e-02 4.822625964880e-02 2.755590900779e-02 3.751431405544e-02 5.687713995576e-02 5.790954455733e-02 4.435277357697e-02 3.057490102947e-02 2.419967204332e-02 2.082530222833e-02 1.868004351854e-02 1.748234033585e-02 1.788740232587e-02 1.590173877776e-02 1.193689089268e-02 1.185331866145e-02 1.402709539980e-02 1.602640748024e-02 1.647661067545e-02 1.670448295772e-02 1.673460379243e-02 1.647513546050e-02 1.521216798574e-02 1.350523997098e-02 1.203436963260e-02 1.084247976542e-02 1.080763339996e-02 9.198684245348e-03
7.162081450224e-02 1.489951908588e-01 9.653437137604e-02 1.346965879202e-01 9.673116356134e-02 1.361887753010e-01 1.150822490454e-01 7.116367667913e-02 7.190536707640e-02 5.744392797351e-02 9.278883039951e-02 6.021305546165e-02 3.866793215275e-02 4.483224079013e-02 8.157438784838e-02 4.848172143102e-02 5.571873486042e-02 8.700028806925e-02 7.792712748051e-02 5.275806039572e-02 3.558476269245e-02 2.416454255581e-02 2.212995290756e-02 1.989677920938e-02 2.002844214439e-02 1.914083771408e-02 1.677409745753e-02 1.462738867849e-02 1.319095119834e-02 1.313705276698e-02 1.442149095237e-02 1.354524958879e-02 1.111583132297e-02 9.467620402575e-03 9.149458259344e-03 7.893105968833e-03 8.361532352865e-03 9.189497679472e-03 1.011206582189e-02 1.119266543537e-02 1.212119590491e-02 1.593475602567e-02 1.644031517208e-02
1.051927134395e-01 7.388570159674e-02 1.312352120876e-01 1.034321710467e-01 1.103676706553e-01 1.437980085611e-01 8.739182353020e-02 7.958052307367e-02 5.701506882906e-02 5.917864292860e-02 9.942387789488e-02 5.402043834329e-02 5.533964931965e-02 5.431585013866e-02 6.633410602808e-02 1.070991605520e-01 7.303206622601e-02 3.765713796020e-02 3.514368087053e-02 2.330581098795e-02 1.776826195419e-02 2.550080046058e-02 3.348810225725e-02 3.014095500112e-02 2.172371186316e-02 1.892257854342e-02 1.849607564509e-02 1.704818196595e-02 1.472109835595e-02 1.368124689907e-02 1.286326255649e-02 1.306797657162e-02 1.250054314733e-02 1.162007916719e-02 1.136751938611e-02 1.194477174431e-02 1.178303640336e-02 1.069624722004e-02 1.407809648663e-02 1.919603347778e-02 1.578263752162e-02 1.174544449896e-02 1.016316656023e-02
1.175229698420e-01 1.071577072144e-01 1.712996214628e-01 1.431539207697e-01 1.358486264944e-01 1.494455784559e-01 1.400832980871e-01 7.703956961632e-02 8.690175414085e-02 8.295876532793e-02 9.736385196447e-02 7.687377929688e-02 7.123034447432e-02 1.215800866485e-01 7.835285365582e-02 5.772260576487e-02 4.913629218936e-02 3.975154459476e-02 2.922591194510e-02 4.685845598578e-02 5.047519505024e-02 2.653523534536e-02 4.198588803411e-02 3.198470920324e-02 2.876788005233e-02 2.535341866314e-02 2.237868681550e-02 2.000140212476e-02 1.800766773522e-02 1.732533238828e-02 3.237523511052e-02 1.374785229564e-02 1.305408217013e-02 1.235028449446e-02 1.564685814083e-02 1.951031014323e-02 1.784530654550e-02 2.042201720178e-02 1.728615723550e-02 1.895578764379e-02 1.912603154778e-02 1.870617084205e-02 1.717653870583e-02
1.122040972114e-01 1.547229737043e-01 1.340878605843e-01 1.328822374344e-01 1.235689818859e-01 1.570377647877e-01 2.462426871061e-01 1.070745885372e-01 1.239568293095e-01 1.244462653995e-01 1.125288382173e-01 1.123104989529e-01 1.298652887344e-01 7.371715456247e-02 7.980651408434e-02 4.490775987506e-02 6.038853898644e-02 8.073026686907e-02 6.352216005325e-02 6.113936007023e-02 6.351620703936e-02 4.279658943415e-02 2.650119736791e-02 2.570965513587e-02 2.382988482714e-02 2.246227487922e-02 2.722972631454e-02 4.703520238400e-02 5.640016868711e-02 4.997450485826e-02 2.464433945715e-02 1.778503321111e-02 1.687215454876e-02 1.835676282644e-02 2.300092391670e-02 2.359100989997e-02 2.137718722224e-02 1.913010329008e-02 1.415993645787e-02 1.761665754020e-02 2.104855515063e-02 2.101109549403e-02 2.021031454206e-02
1.327403932810e-01 1.932161003351e-01 3.179341852665e-01 1.959945559502e-01 3.131061792374e-01 1.628435850143e-01 3.865482211113e-01 1.106160879135e-01 2.124475389719e-01 1.556801944971e-01 1.351150423288e-01 1.333353668451e-01 7.473503798246e-02 9.162879735231e-02 1.027898266912e-01 1.004459112883e-01 6.223874166608e-02 3.713416680694e-02 7.974903285503e-02 6.895366311073e-02 3.778044879436e-02 3.447705134749e-02 3.257723525167e-02 5.925964564085e-02 7.280848920345e-02 6.428861618042e-02 4.227041453123e-02 3.055149875581e-02 3.318002447486e-02 2.097943797708e-02 1.671851612628e-02 2.506932802498e-02 3.116106800735e-02 2.796632796526e-02 2.468693256378e-02 3.319548442960e-02 3.931936994195e-02 3.515716642141e-02 2.520793862641e-02 1.835455931723e-02 2.293524704874e-02 2.518978901207e-02 2.656959183514e-02
1.642568260431e-01 2.066148668528e-01 2.438926547766e-01 3.231218755245e-01 2.696575224400e-01 2.744335234165e-01 4.545304477215e-01 1.797991394997e-01 2.104258984327e-01 1.657531559467e-01 1.660015136003e-01 9.649658203125e-02 1.033584177494e-01 1.290140748024e-01 1.007809415460e-01 7.236497104168e-02 1.042965501547e-01 9.684401750565e-02 7.660351693630e-02 9.689988940954e-02 9.804633259773e-02 8.496636897326e-02 6.074688583612e-02 3.320566564798e-02 3.644800558686e-02 3.286379575729e-02 2.617904916406e-02 2.698856405914e-02 2.897932752967e-02 3.113370575011e-02 3.030990995467e-02 2.586450427771e-02 2.484114095569e-02 2.085237205029e-02 3.791787102818e-02 4.632371291518e-02 4.342442750931e-02 3.198157995939e-02 1.937489025295e-02 1.194166298956e-02 1.661281473935e-02 1.906892843544e-02 1.755275391042e-02
1.550614982843e-01 2.269405126572e-01 2.702406048775e-01 2.588669955730e-01 3.850443363190e-01 2.885035872459e-01 4.640128016472e-01 2.547024190426e-01 2.182717472315e-01 2.416530847549e-01 1.851175427437e-01 1.209118738770e-01 1.211274266243e-01 1.287048906088e-01 7.446862757206e-02 1.105099320412e-01 1.425132900476e-01 9.807870537043e-02 5.807784944773e-02 5.736919492483e-02 5.064398050308e-02 3.941160812974e-02 3.795938938856e-02 4.194153100252e-02 4.194511100650e-02 3.704456612468e-02 3.203924745321e-02 3.124238550663e-02 2.601348608732e-02 2.877896837890e-02 2.742582373321e-02 2.501515857875e-02 1.734559610486e-02 3.170244768262e-02 3.781691938639e-02 3.585082665086e-02 2.503999508917e-02 1.353894453496e-02 1.863094978034e-02 1.752858050168e-02 1.311847474426e-02 1.238995511085e-02 1.339231524616e-02
2.304323017597e-01 3.211741149426e-01 3.281993567944e-01 3.596950471401e-01 3.919643759727e-01 4.932199120522e-01 4.655860364437e-01 8.989395499229e-01 3.314004540443e-01 2.095601260662e-01 1.948407888412e-01 1.744913905859e-01 1.479280143976e-01 2.249153107405e-01 1.972564756870e-01 1.148281618953e-01 1.057637631893e-01 1.096727624536e-01 8.025816828012e-02 7.145042717457e-02 7.074873149395e-02 6.725935637951e-02 7.153649628162e-02 5.328929796815e-02 6.883204728365e-02 6.090368703008e-02 3.833530843258e-02 3.489228710532e-02 3.525885567069e-02 3.289096802473e-02 2.806397713721e-02 2.712578326464e-02 2.828078530729e-02 3.254704177380e-02 3.025773912668e-02 2.322108484805e-02 1.779187656939e-02 1.608015038073e-02 1.566884480417e-02 1.549450587481e-02 1.514332275838e-02 1.458402536809e-02 1.398913282901e-02
1.469403356314e-01 4.255087375641e-01 2.951322793961e-01 3.674083948135e-01 5.827164649963e-01 4.700177609921e-01 5.563945770264e-01 6.599836945534e-01 3.247985541821e-01 3.074540197849e-01 3.913506567478e-01 2.489744722843e-01 3.086937367916e-01 2.396956533194e-01 2.003914266825e-01 1.745832711458e-01 1.482625603676e-01 1.281899213791e-01 1.130464822054e-01 1.585797518492e-01 1.850524842739e-01 7.706952095032e-02 5.008788406849e-02 5.044398456812e-02 7.083602994680e-02 4.486760869622e-02 3.877719864249e-02 3.703949600458e-02 3.411069512367e-02 3.244148939848e-02 3.114074096084e-02 3.219277039170e-02 3.405531495810e-02 2.911157906055e-02 2.228023298085e-02 2.087024226785e-02 1.975246146321e-02 1.610902324319e-02 1.593170315027e-02 1.590899564326e-02 1.468026451766e-02 1.504062488675e-02 1.579553633928e-02
3.924458026886e-01 4.610909819603e-01 5.259229540825e-01 5.554638504982e-01 6.485866308212e-01 8.973096013069e-01 1.191780328751e+00 5.471354722977e-01 4.415852129459e-01 3.103635013103e-01 4.417153000832e-01 4.397625029087e-01 1.641257256269e-01 2.631090879440e-01 2.888673245907e-01 1.436687558889e-01 1.323980987072e-01 1.399893015623e-01 1.540358066559e-01 1.809665560722e-01 1.392517685890e-01 5.998147651553e-02 6.690099835396e-02 5.552057921886e-02 5.155794322491e-02 4.422782361507e-02 4.298024997115e-02 4.263733327389e-02 3.542632237077e-02 2.459505014122e-02 2.209088578820e-02 2.418710477650e-02 2.565826289356e-02 2.634360454977e-02 2.582088299096e-02 2.470959536731e-02 2.201474085450e-02 2.262311987579e-02 2.519791387022e-02 2.578537724912e-02 2.307223528624e-02 2.001150883734e-02 1.745442301035e-02
2.630287110806e-01 4.690047502518e-01 4.854089915752e-01 6.163812279701e-01 6.134215593338e-01 6.062087416649e-01 5.950848460197e-01 4.898036122322e-01 3.432693779469e-01 3.902342915535e-01 3.745976388454e-01 3.926883935928e-01 4.753139615059e-01 2.076972723007e-01 1.770645827055e-01 1.100173965096e-01 9.969261288643e-02 7.041823863983e-02 6.504493951797e-02 5.534622445703e-02 4.768299311399e-02 5.397735163569e-02 6.648240238428e-02 7.643677294254e-02 7.814954221249e-02 6.847426295280e-02 5.441768467426e-02 3.767404332757e-02 2.613687887788e-02 2.154584228992e-02 1.772305183113e-02 1.992326788604e-02 2.586907893419e-02 1.721894741058e-02 1.957334578037e-02 2.137269452214e-02 1.706897653639e-02 2.093197964132e-02 2.472526207566e-02 2.618373371661e-02 2.969385497272e-02 3.727393597364e-02 4.229013994336e-02
1.033386737108e-01 1.402491629124e-01 2.232965379953e-01 1.055907011032e+00 5.777150988579e-01 5.524069666862e-01 3.096553683281e-01 3.181226253510e-01 2.943583428860e-01 4.675225913525e-01 4.363073706627e-01 6.197620034218e-01 8.954997658730e-01 6.557315587997e-01 4.261130392551e-01 1.958540678024e-01 9.200510382652e-02 6.548389792442e-02 5.992732197046e-02 8.043202012777e-02 1.046766191721e-01 9.688130021095e-02 7.145862281322e-02 4.589676111937e-02 5.048808827996e-02 4.768509790301e-02 6.777825206518e-02 1.008756607771e-01 4.675311595201e-02 2.481798827648e-02 2.299598418176e-02 3.772294148803e-02 2.454120293260e-02 1.536807790399e-02 1.360786240548e-02 1.406122557819e-02 1.417448278517e-02 1.458183489740e-02 1.483670901507e-02 1.481989491731e-02 1.483689341694e-02 1.641339436173e-02 1.432004384696e-02
1.878787390888e-02 4.644595831633e-02 1.120737940073e-01 1.495143473148e-01 1.529322117567e-01 1.497323811054e-01 1.165378317237e-01 1.599509716034e-01 1.584262102842e-01 2.542122006416e-01 5.159558057785e-01 5.825116634369e-01 8.005092144012e-01 4.599910378456e-01 3.292930722237e-01 1.859074831009e-01 8.475354313850e-02 4.441147670150e-02 4.735906422138e-02 1.034296676517e-01 3.290888965130e-01 1.375494897366e-01 1.175454109907e-01 8.822305500507e-02 8.986029028893e-02 7.712225615978e-02 8.234465867281e-02 5.766716971993e-02 2.882576920092e-02 3.797905147076e-02 3.205486387014e-02 3.220548108220e-02 1.967866905034e-02 1.785384118557e-02 1.245738379657e-02 1.132297422737e-02 1.174087077379e-02 1.172943972051e-02 1.266643777490e-02 1.173831988126e-02 1.527549047023e-02 1.793787255883e-02 1.734695211053e-02
1.297046896070e-02 2.416864782572e-02 7.012354582548e-02 4.124381765723e-02 3.639450669289e-02 2.977621555328e-02 4.534259065986e-02 7.452408969402e-02 7.793432474136e-02 8.260469138622e-02 2.343785315752e-01 1.144762039185e+00 9.157212972641e-01 4.110900461674e-01 1.901861578226e-01 5.467938259244e-02 3.270012885332e-02 2.146382629871e-02 2.664183452725e-02 6.853318959475e-02 1.570323109627e-01 2.732187509537e-01 1.366355568171e-01 1.038949117064e-01 8.193859457970e-02 6.146753951907e-02 6.492245197296e-02 6.085745617747e-02 5.338604375720e-02 4.810433834791e-02 5.854054167867e-02 2.513702213764e-02 2.323794737458e-02 1.880011521280e-02 1.922270841897e-02 1.791903749108e-02 1.503736991435e-02 1.276356540620e-02 1.463567651808e-02 1.688944175839e-02 1.977903954685e-02 1.946750469506e-02 1.660179905593e-02
8.727236650884e-03 3.598226979375e-02 8.424385637045e-02 6.427728384733e-02 1.546359434724e-02 1.815037429333e-02 1.739158853889e-02 3.509769961238e-02 3.831171244383e-02 6.881298869848e-02 1.250297874212e-01 3.157795071602e-01 6.704078912735e-01 4.609955251217e-01 6.230990290642e-01 1.500646322966e-01 1.856438629329e-02 1.165271922946e-02 1.839277520776e-02 6.151158362627e-02 1.853216439486e-01 2.913246452808e-01 2.218702435493e-01 1.508783102036e-01 1.048068478703e-01 6.597167253494e-02 7.498212903738e-02 5.544688925147e-02 5.365362390876e-02 5.337758362293e-02 4.433601349592e-02 3.534717485309e-02 2.488858625293e-02 2.651948481798e-02 2.392178960145e-02 1.893020980060e-02 1.681754551828e-02 1.559720095247e-02 1.451372914016e-02 1.694242283702e-02 1.858159899712e-02 1.806615293026e-02 1.600518263876e-02
7.455296348780e-03 1.834716647863e-02 1.245921924710e-01 1.503698527813e-01 7.898639887571e-02 1.220656652004e-02 9.291009046137e-03 1.744146272540e-02 1.743430458009e-02 1.428913511336e-02 1.206363085657e-02 5.070945620537e-02 2.276002168655e-01 1.325965076685e-01 7.566131353378e-01 9.233598411083e-02 5.193125456572e-02 1.972270198166e-02 1.635110378265e-02 5.296506732702e-02 1.035741046071e-01 9.179871678352e-01 2.851113080978e-01 1.238915249705e-01 1.251976788044e-01 6.619919836521e-02 7.106418162584e-02 6.031686440110e-02 8.624459058046e-02 6.618272513151e-02 3.793515637517e-02 3.775826841593e-02 3.519042581320e-02 3.350013494492e-02 3.288106620312e-02 2.621028386056e-02 2.599091455340e-02 2.873484417796e-02 1.855769753456e-02 1.424117106944e-02 1.403953973204e-02 1.386517379433e-02 1.590387523174e-02
4.796202294528e-03 8.253669366241e-03 1.032202225178e-02 5.859130248427e-02 3.620668873191e-02 8.683888241649e-03 7.390425074846e-03 8.662741631269e-03 8.122489787638e-03 7.801640313119e-03 5.658016540110e-03 6.320686079562e-03 1.931261830032e-02 1.222100853920e-01 3.455362021923e-01 8.431122452021e-02 7.041390985250e-02 3.297976031899e-02 1.929175853729e-02 3.788462653756e-02 4.447703808546e-02 6.043081730604e-02 5.557310953736e-02 4.210149869323e-02 6.130264699459e-02 1.021073162556e-01 8.935796469450e-02 8.907297253609e-02 5.749598890543e-02 7.470846176147e-02 7.794010639191e-02 6.789955496788e-02 4.144006222486e-02 3.454647213221e-02 3.308777511120e-02 2.888091839850e-02 2.467866055667e-02 2.516595646739e-02 2.439600042999e-02 1.614809408784e-02 1.330728828907e-02 1.370321493596e-02 1.465610042214e-02
5.254232790321e-03 8.383452892303e-03 5.516671575606e-03 6.244673393667e-03 6.354295182973e-03 7.446367293596e-03 6.829358171672e-03 6.398319732398e-03 5.920348223299e-03 4.495213739574e-03 3.173384815454e-03 2.675573574379e-03 4.459478892386e-03 1.255970299244e-01 1.945609301329e-01 2.059902697802e-01 5.761677026749e-02 6.238726899028e-02 5.484555661678e-02 2.214141190052e-02 2.398459054530e-02 4.502770677209e-02 1.229177042842e-01 1.171227768064e-01 1.525636613369e-01 1.533653438091e-01 1.436069458723e-01 1.355060487986e-01 1.281807571650e-01 1.220645233989e-01 1.297794729471e-01 1.588956266642e-01 1.358044445515e-01 5.550536513329e-02 2.256504446268e-02 2.665716968477e-02 2.917578816414e-02 2.015346102417e-02 2.002121880651e-02 1.415123697370e-02 1.398840546608e-02 1.020170189440e-02 1.159606873989e-02
