VariationalSeries/SI/f121.grd
DSAA
101	101
32.816463539100	34.260883539100
35.556306596100	36.727886596100
7.095133696566e-06	1.191780328751e+00
[rows 76 to 94 of 101, columns 0 to 42 of 101]
7.545777771156e-05 1.091708181775e-04 1.437751925550e-04 1.702798617771e-04 1.830217370298e-04 1.842280034907e-04 1.780129387043e-04 1.681039575487e-04 1.568286388647e-04 1.681969588390e-04 1.902394142235e-04 2.281722117914e-04 2.702740894165e-04 2.972853253596e-04 3.027254715562e-04 2.938737452496e-04 2.676186850294e-04 2.845200360753e-04 2.929868060164e-04 3.132188285235e-04 4.320387670305e-04 4.224004806019e-04 2.780444920063e-04 3.019245050382e-04 2.798524801619e-04 2.565247705206e-04 2.633572730701e-04 2.928595640697e-04 3.290686290711e-04 3.478695580270e-04 3.349859616719e-04 3.154740843456e-04 3.066560602747e-04 3.036902344320e-04 3.341580159031e-04 4.004563670605e-04 7.735578692518e-04 9.230033028871e-04 8.688587695360e-04 6.130050751381e-04 6.090564420447e-04 1.006843172945e-03 1.755804172717e-03
7.596775685670e-05 1.228594774147e-04 1.631102059036e-04 1.881772041088e-04 1.981962996069e-04 1.972338213818e-04 1.894532178994e-04 1.779317972250e-04 1.835668372223e-04 2.038632665062e-04 2.346818801016e-04 2.775480388664e-04 3.172151627950e-04 3.365599841345e-04 3.313842462376e-04 3.073852276430e-04 2.618420403451e-04 2.687660453375e-04 2.699483011384e-04 2.403814432910e-04 2.464735589456e-04 2.581947483122e-04 2.265774091939e-04 2.723755897023e-04 2.885467256419e-04 2.647165383678e-04 2.856340433937e-04 3.440425207373e-04 3.818997938652e-04 3.863247402478e-04 3.603935183492e-04 3.307111328468e-04 3.283115802333e-04 3.188718401361e-04 3.879297000822e-04 4.197171074338e-04 6.932292017154e-04 7.749311043881e-04 8.553219377063e-04 9.675779147074e-04 2.004162874073e-03 2.618011087179e-03 2.481664065272e-03
8.091716154013e-05 1.291024673264e-04 1.681937719695e-04 1.903613592731e-04 1.974599581445e-04 1.942013623193e-04 1.843508944148e-04 1.997413928621e-04 2.251580735901e-04 2.519963309169e-04 2.866870199796e-04 3.232801100239e-04 3.469532239251e-04 3.463307220954e-04 3.215660108253e-04 2.792390296236e-04 2.218373410869e-04 2.325319364900e-04 2.252407139167e-04 1.975598861463e-04 1.807646913221e-04 2.028262097156e-04 2.448963350616e-04 3.264453553129e-04 3.437411214691e-04 3.113309794571e-04 3.820442361757e-04 4.144541162532e-04 4.238958063070e-04 4.145528946538e-04 3.875934344251e-04 3.592494467739e-04 3.420864231884e-04 3.902372554876e-04 5.030820029788e-04 6.539837922901e-04 8.611716330051e-04 1.070119906217e-03 9.024357423186e-04 2.355205360800e-03 2.719522686675e-03 2.626041183248e-03 2.594196470454e-03
7.310233922908e-05 1.155644567916e-04 1.490141003160e-04 1.669728808338e-04 1.715414837236e-04 1.668222976150e-04 1.898401096696e-04 2.161180018447e-04 2.371783630224e-04 2.581092703622e-04 2.800929651130e-04 2.964179730043e-04 2.982676378451e-04 2.808044373523e-04 2.480187686160e-04 2.074271906167e-04 1.929889403982e-04 1.861526689027e-04 1.739730796544e-04 1.615212677279e-04 1.672833604971e-04 1.862472126959e-04 2.938583202194e-04 3.997779858764e-04 4.323393222876e-04 4.549544828478e-04 4.691077629104e-04 4.727141640615e-04 4.452930006664e-04 4.187056620140e-04 3.961793845519e-04 3.760782128666e-04 4.174335917924e-04 4.934876924381e-04 6.296538631432e-04 7.258670520969e-04 7.079850183800e-04 1.158147002570e-03 1.356703462079e-03 2.010176889598e-03 2.332228934392e-03 2.327539958060e-03 2.379737095907e-03
6.025381662766e-05 9.648309787735e-05 1.176370788016e-04 1.290610671276e-04 1.325022021774e-04 1.528490392957e-04 1.756041310728e-04 1.896264584502e-04 1.961247035069e-04 2.019172243308e-04 2.086453459924e-04 2.126425533788e-04 2.085170272039e-04 1.929802383529e-04 1.976764469873e-04 2.022945991484e-04 2.000855311053e-04 1.897630281746e-04 1.735804107739e-04 1.588124141563e-04 1.574078632984e-04 1.935733744176e-04 3.307815059088e-04 4.546900454443e-04 5.154435057193e-04 5.476282676682e-04 5.520527483895e-04 5.678531597368e-04 5.531692877412e-04 4.763124161400e-04 4.099248326384e-04 3.921164898202e-04 4.591247707140e-04 5.005892016925e-04 5.297807510942e-04 5.724899237975e-04 7.609677268192e-04 1.117510022596e-03 1.476434292272e-03 1.502863364294e-03 2.350098453462e-03 2.833381295204e-03 2.224314957857e-03
8.244927448686e-05 1.243096921826e-04 1.504088140791e-04 1.625634176889e-04 1.693286612863e-04 1.724064204609e-04 1.734471006785e-04 1.723511522869e-04 1.690998178674e-04 1.645980373723e-04 1.704346068436e-04 1.852123241406e-04 1.980524102692e-04 2.091497008223e-04 2.169576036977e-04 2.188933140133e-04 2.127005718648e-04 1.977099746000e-04 1.786949287634e-04 1.744973851601e-04 1.664300798438e-04 2.086046733893e-04 3.406978794374e-04 4.690399218816e-04 1.168416929431e-03 3.452855627984e-03 3.673819592223e-03 1.655580126680e-03 9.628806728870e-04 7.595923379995e-04 5.397881614044e-04 4.158621595707e-04 4.862693313044e-04 6.383290165104e-04 5.144868046045e-04 6.207902333699e-04 6.880860310048e-04 1.153529970907e-03 2.015116158873e-03 1.976012252271e-03 2.189990365878e-03 2.903604879975e-03 3.997892607003e-03
1.166179790744e-04 1.716022525216e-04 2.055106597254e-04 2.231657563243e-04 2.281118649989e-04 2.268585667480e-04 2.223250630777e-04 2.153940731660e-04 2.065809676424e-04 1.977187057491e-04 2.324411470909e-04 2.670346584637e-04 2.970538043883e-04 3.176018071827e-04 3.244862891734e-04 3.157355240546e-04 2.914915676229e-04 2.535335079301e-04 2.362652594456e-04 2.245418872917e-04 2.101077407133e-04 2.451752370689e-04 3.405757015571e-04 7.662518182769e-04 3.233196446672e-03 9.296559728682e-03 1.016203593463e-02 5.113251972944e-03 2.218101406470e-03 1.088567310944e-03 7.035505259410e-04 5.326408427209e-04 4.762738244608e-04 6.802059942856e-04 7.340216543525e-04 7.615700596943e-04 6.819695699960e-04 1.039324444719e-03 2.375404816121e-03 3.570179687813e-03 2.357512013987e-03 2.288837451488e-03 5.078724119812e-03
1.463923836127e-04 2.090117195621e-04 2.500658738427e-04 2.659647143446e-04 2.652868279256e-04 2.565894101281e-04 2.441077958792e-04 2.375653275521e-04 2.773964952212e-04 3.383893927094e-04 4.013395518996e-04 4.607918963302e-04 5.113725201227e-04 5.512342322618e-04 5.786894471385e-04 5.885636783205e-04 5.732915014960e-04 5.240407772362e-04 4.323765169829e-04 3.236121556256e-04 2.989485219587e-04 3.050907980651e-04 6.734919152223e-04 1.219299156219e-03 3.516546450555e-03 2.885480038822e-02 5.413965508342e-02 1.179266348481e-02 5.173566751182e-03 1.851251232438e-03 8.600441506132e-04 6.588753312826e-04 6.320115644485e-04 8.784122182988e-04 1.055876724422e-03 1.030084909871e-03 8.512936183251e-04 1.263225218281e-03 2.000214066356e-03 4.381232429296e-03 4.405208397657e-03 2.192674670368e-03 5.279188510031e-03
1.556612405693e-04 2.177285205107e-04 2.544518793002e-04 2.632499381434e-04 2.543468144722e-04 2.648585650604e-04 2.926883171313e-04 3.111224505119e-04 3.707394935191e-04 4.563912225422e-04 5.457173683681e-04 6.305124261416e-04 7.049005362205e-04 7.712386432104e-04 8.348922710866e-04 8.951985510066e-04 9.355045622215e-04 9.192543220706e-04 7.969111902639e-04 5.725008668378e-04 4.423012724146e-04 6.319776293822e-04 1.112852361985e-03 1.578416209668e-03 6.906653288752e-03 1.657545566559e-02 2.121324650943e-02 6.435233168304e-03 2.447738312185e-03 1.463894383051e-03 1.258910400793e-03 1.540643861517e-03 1.988673117012e-03 1.843945356086e-03 1.323603326455e-03 1.317786751315e-03 1.103227608837e-03 1.288319588639e-03 1.414170721546e-03 2.878214465454e-03 3.827319247648e-03 2.478359732777e-03 9.223849512637e-03
2.124873717548e-04 3.364758449607e-04 4.241856222507e-04 4.740524454974e-04 5.018383380957e-04 5.125731113367e-04 5.075301160105e-04 4.888839321211e-04 4.602478293236e-04 4.724731261376e-04 5.702505586669e-04 6.687857094221e-04 7.623338024132e-04 8.521412964910e-04 9.480321314186e-04 1.061054761522e-03 1.170897972770e-03 1.211378723383e-03 1.091812038794e-03 1.032633706927e-03 9.959687013179e-04 1.074744039215e-03 1.381935784593e-03 1.877730712295e-03 3.566250205040e-03 1.309280050918e-03 1.032927772030e-03 1.032540109009e-03 1.139722182415e-03 1.217130222358e-03 1.347434939817e-03 9.566792286932e-03 6.322984583676e-03 4.954494535923e-03 2.986393636093e-03 4.391958471388e-03 4.040541127324e-03 1.898698508739e-03 1.484705251642e-03 1.775678945705e-03 2.646254375577e-03 7.019530981779e-03 1.066491752863e-02
3.897550341208e-04 6.057876162231e-04 7.420636247844e-04 7.973380270414e-04 8.062468259595e-04 7.861009798944e-04 7.457584724762e-04 6.928902585059e-04 6.462610326707e-04 6.709487061016e-04 6.886659539305e-04 6.948834052309e-04 7.304000318982e-04 8.294424042106e-04 9.231590665877e-04 1.028580591083e-03 1.132993609644e-03 1.690891687758e-03 2.184062032029e-03 2.199031179771e-03 2.244956325740e-03 2.220737049356e-03 1.623421558179e-03 1.951005193405e-03 9.656097390689e-04 7.300928118639e-04 6.722005782649e-04 5.826092092320e-04 6.585684022866e-04 9.204515372403e-04 2.099726349115e-03 1.137175504118e-02 8.133176714182e-03 5.478590261191e-03 4.793338477612e-03 1.018012780696e-02 9.712090715766e-03 4.389025736600e-03 3.291366854683e-03 3.038958413526e-03 3.913206513971e-03 6.619947496802e-03 1.187628600746e-02
5.593361565843e-04 8.511362248100e-04 1.001704600640e-03 1.029566512443e-03 1.261332421564e-03 1.356787164696e-03 1.334158820100e-03 1.244048704393e-03 1.122408779338e-03 1.016181777231e-03 1.027666032314e-03 1.006243284792e-03 1.058799331076e-03 1.221105223522e-03 1.337770139799e-03 1.443658024073e-03 1.680271583609e-03 1.836049836129e-03 1.662641763687e-03 1.900785951875e-03 1.993119716644e-03 1.625981065445e-03 1.330709666945e-03 7.605525315739e-04 6.685625994578e-04 5.203859764151e-04 4.315053811297e-04 3.463797911536e-04 3.167226095684e-04 5.645154742524e-04 9.004519670270e-04 4.832150414586e-03 6.317320745438e-03 9.499125182629e-03 1.008554175496e-02 1.314524002373e-02 9.279118850827e-03 4.346723202616e-03 6.834572646767e-03 6.891294848174e-03 4.871664568782e-03 6.392627488822e-03 2.047530189157e-02
6.553473649547e-04 9.874503593892e-04 1.142123714089e-03 1.275170245208e-03 1.546723535284e-03 1.651712460443e-03 1.614630222321e-03 1.496198237874e-03 1.337219262496e-03 1.166618429124e-03 1.036090776324e-03 1.140010310337e-03 1.318798284046e-03 1.514224684797e-03 1.646373770200e-03 1.690283417702e-03 1.585110905580e-03 1.303429831751e-03 1.030341954902e-03 8.913291385397e-04 7.589223096147e-04 5.323252407834e-04 4.751439555548e-04 4.544910043478e-04 4.048227274325e-04 3.302879340481e-04 2.546911418904e-04 2.412254107185e-04 3.075295535382e-04 4.648641915992e-04 6.685087573715e-04 2.675369614735e-03 2.892059274018e-03 5.561097059399e-03 6.451618392020e-03 1.489727292210e-02 1.309407409281e-02 6.865684408695e-03 6.257905624807e-03 2.729663066566e-02 6.419710069895e-02 1.665507629514e-02 1.023327838629e-02
4.886784008704e-04 7.292618392967e-04 8.331983117387e-04 8.440258097835e-04 1.007804763503e-03 1.065296120942e-03 1.035367837176e-03 9.559344616719e-04 8.514910587110e-04 7.409768295474e-04 6.873981910758e-04 7.394496933557e-04 7.678192923777e-04 7.727680495009e-04 7.621721015312e-04 7.737788255326e-04 6.941246101633e-04 5.552102811635e-04 6.465063779615e-04 6.093770498410e-04 4.853945865761e-04 3.544316568878e-04 3.317715309095e-04 2.958246914204e-04 2.474115171935e-04 1.945420517586e-04 2.217718574684e-04 3.083593328483e-04 3.863955498673e-04 7.915759924799e-04 1.001334632747e-03 1.499339821748e-03 2.611687872559e-03 1.943500014022e-03 1.679095672444e-03 2.040835795924e-03 1.274149585515e-02 7.376018911600e-03 5.693023093045e-03 3.645737841725e-02 8.047579228878e-02 8.847230114043e-03 3.191880648956e-03
2.311519492650e-04 3.413788799662e-04 4.023415094707e-04 4.572862817440e-04 4.786845529452e-04 4.977736389264e-04 5.026307771914e-04 4.763827018905e-04 4.530861624517e-04 4.467483668122e-04 4.385953070596e-04 4.031210264657e-04 4.117050557397e-04 4.232240316924e-04 4.198951064609e-04 3.972587874159e-04 5.354579188861e-04 6.838588742539e-04 6.444756290875e-04 4.822708433494e-04 3.076235298067e-04 2.236890431959e-04 2.028068556683e-04 1.757041609380e-04 1.464869565098e-04 2.258000749862e-04 3.477664140519e-04 4.643029533327e-04 6.400821148418e-04 1.038169139065e-03 1.429166179150e-03 1.927932258695e-03 2.230350859463e-03 1.928718411364e-03 1.149670453742e-03 1.339094946161e-03 2.593561774120e-03 6.537563633174e-03 1.075739040971e-02 1.124959904701e-02 5.957848392427e-03 2.280034823343e-03 2.128205262125e-03
1.533111644676e-04 2.232957776869e-04 2.831220044754e-04 3.198496415280e-04 3.342301934026e-04 3.326789592393e-04 3.246250853408e-04 3.091814869549e-04 2.909108588938e-04 2.716012531891e-04 2.518155379221e-04 2.320774365216e-04 2.131544024451e-04 2.095967938658e-04 2.069453039439e-04 2.918168611359e-04 4.972334136255e-04 5.882706027478e-04 5.034690257162e-04 3.469862858765e-04 2.112043584930e-04 1.348822552245e-04 1.354356063530e-04 1.482197549194e-04 2.016064099735e-04 3.428396594245e-04 5.169740761630e-04 7.269579218701e-04 1.034171553329e-03 1.412594574504e-03 2.114516915753e-03 2.182322088629e-03 1.994140679017e-03 1.074784202501e-03 8.161633741111e-04 1.111426623538e-03 1.340774353594e-03 5.086647346616e-03 1.263204403222e-02 7.259291596711e-03 4.338261671364e-03 1.945951837115e-03 1.847150851972e-03
1.068984929589e-04 1.547809806652e-04 1.935729669640e-04 2.176282141590e-04 2.284412767040e-04 2.298016624991e-04 2.248374657938e-04 2.155634429073e-04 2.033765922533e-04 1.889658742584e-04 1.731499796733e-04 1.563391415402e-04 1.666823227424e-04 1.676335377852e-04 1.547422434669e-04 1.729220675770e-04 3.096818982158e-04 3.853921080008e-04 3.601053031161e-04 2.817256317940e-04 1.989988813875e-04 1.337617432000e-04 1.449385599699e-04 1.665340096224e-04 2.847946016118e-04 6.311124889180e-04 1.347093959339e-03 1.245487015694e-03 1.027949387208e-03 1.905273529701e-03 2.594238379970e-03 2.224618801847e-03 1.610859297216e-03 7.483931258321e-04 8.026852156036e-04 1.104371389374e-03 1.535299234092e-03 5.487539339811e-03 9.249382652342e-03 4.353962372988e-03 2.524398267269e-03 1.553311711177e-03 1.394772320054e-03
7.170157186920e-05 1.028644692269e-04 1.275776012335e-04 1.426476082997e-04 1.492810260970e-04 1.499721402070e-04 1.464703673264e-04 1.399003376719e-04 1.309265353484e-04 1.201119375764e-04 1.192560230265e-04 1.340254530078e-04 1.398377644364e-04 1.337278372375e-04 1.275205140701e-04 1.458802435081e-04 1.620277471375e-04 1.968614960788e-04 2.251151163364e-04 2.172522945330e-04 1.849016261986e-04 1.460712956032e-04 1.547485298943e-04 2.126346807927e-04 3.706330899149e-04 1.098274951801e-03 1.569731160998e-03 9.348029270768e-04 1.046321936883e-03 2.014617668465e-03 2.727157669142e-03 2.159648807719e-03 1.501997932792e-03 1.030775718391e-03 1.141038374044e-03 1.103616901673e-03 2.378722885624e-03 9.528748691082e-03 6.913278251886e-03 1.816667965613e-03 3.637989517301e-03 1.581952557899e-03 1.078414497897e-03
4.230811100570e-05 6.015551844030e-05 7.406135409838e-05 8.227409125539e-05 8.557708497392e-05 8.542769501219e-05 8.280209294753e-05 7.832286064513e-05 7.511630974477e-05 9.165599476546e-05 1.072361555998e-04 1.174393037218e-04 1.182916530524e-04 1.302026066696e-04 1.505821855972e-04 1.712144439807e-04 1.892337313620e-04 2.009655727306e-04 2.028265444096e-04 1.934566826094e-04 1.763693726389e-04 1.640988921281e-04 1.824287901400e-04 2.649609232321e-04 4.469829145819e-04 1.230729743838e-03 1.296595321037e-03 1.029664068483e-03 9.369419422001e-04 1.801977865398e-03 2.524851588532e-03 1.967204967514e-03 1.919087138958e-03 1.295187044889e-03 1.374454353936e-03 9.882169542834e-04 2.271357225254e-03 6.100757047534e-03 2.997552510351e-03 2.131753601134e-03 4.821483511478e-03 1.557525712997e-03 8.250562241301e-04
