VariationalSeries/SI/f121.grd
DSAA
101	101
32.816463539100	34.260883539100
35.556306596100	36.727886596100
7.095133696566e-06	1.191780328751e+00
[rows 19 to 37 of 101, columns 43 to 85 of 101]
1.152845844626e-02 1.425037067384e-02 1.852988637984e-02 1.888945326209e-02 1.226634904742e-02 1.891618967056e-02 9.509817697108e-03 1.001950353384e-02 1.071449555457e-02 1.086857635528e-02 9.920165874064e-03 1.470106933266e-02 1.772132515907e-02 1.766902208328e-02 1.172825042158e-02 1.432201638818e-02 1.886641792953e-02 1.767539232969e-02 9.754217229784e-03 1.573037169874e-02 7.215350866318e-03 1.015138719231e-02 1.361843198538e-02 6.722605787218e-03 6.694029085338e-03 7.798699196428e-03 6.440509576350e-03 8.205460384488e-03 7.611672393978e-03 6.029003765434e-03 6.499179173261e-03 8.852940052748e-03 9.995010681450e-03 7.740701083094e-03 6.974804215133e-03 5.598889198154e-03 3.846011124551e-03 4.291073419154e-03 4.745341371745e-03 3.950721584260e-03 3.625747282058e-03 3.217258490622e-03 3.497660160065e-03
1.037766970694e-02 1.396176498383e-02 1.980265602469e-02 2.284275740385e-02 1.654454879463e-02 1.672732457519e-02 9.786439128220e-03 1.061864010990e-02 9.289277717471e-03 1.163442526013e-02 1.217503752559e-02 1.375443488359e-02 1.897662319243e-02 1.880428381264e-02 1.446872763336e-02 1.556460559368e-02 1.843026839197e-02 1.998064480722e-02 1.151547487825e-02 1.521591376513e-02 8.249733597040e-03 1.538344006985e-02 1.913702860475e-02 8.847918361425e-03 7.811014540493e-03 7.984951138496e-03 8.017212152481e-03 8.488134481013e-03 6.612772122025e-03 6.416693795472e-03 8.942598477006e-03 1.167878601700e-02 1.042996533215e-02 8.386504836380e-03 6.801853887737e-03 5.606274586171e-03 4.083707928658e-03 5.017322953790e-03 3.886253573000e-03 3.263300750405e-03 3.479573642835e-03 3.068680409342e-03 3.196339821443e-03
1.118873525411e-02 1.593814417720e-02 1.828601211309e-02 2.391055412591e-02 2.038433961570e-02 1.431581843644e-02 9.804666042328e-03 1.125444378704e-02 8.904808200896e-03 1.088922284544e-02 1.148526743054e-02 1.312699913979e-02 1.803804188967e-02 2.046267129481e-02 1.745196990669e-02 1.663427427411e-02 1.766189001501e-02 2.184691466391e-02 1.313419546932e-02 1.410374324769e-02 9.276450611651e-03 1.906483806670e-02 2.095890417695e-02 9.951272979379e-03 7.631101645529e-03 9.370811283588e-03 9.050831198692e-03 7.343159057200e-03 6.183005403727e-03 8.898064494133e-03 1.247103326023e-02 1.209001895040e-02 8.165889419615e-03 9.568984620273e-03 6.741516757756e-03 5.161494016647e-03 4.859776236117e-03 5.159688182175e-03 4.245603457093e-03 3.304486395791e-03 3.253156552091e-03 2.410752698779e-03 2.380933845416e-03
1.068594120443e-02 1.502274814993e-02 1.550697069615e-02 2.282574027777e-02 2.255928330123e-02 1.494057569653e-02 1.298371609300e-02 1.192581746727e-02 8.772799745202e-03 9.539571590722e-03 1.120322663337e-02 1.330797281116e-02 1.497382670641e-02 2.158336713910e-02 1.944631151855e-02 1.620090007782e-02 1.633848622441e-02 2.344259992242e-02 1.447195932269e-02 1.264214888215e-02 1.029949355870e-02 1.894036494195e-02 1.827159151435e-02 8.740616962314e-03 8.219076320529e-03 9.868660010397e-03 8.214861154556e-03 6.621745415032e-03 9.367606602609e-03 1.319845393300e-02 1.297390274704e-02 9.011359885335e-03 6.882210727781e-03 9.944823570549e-03 4.848038312048e-03 4.836092703044e-03 5.999802611768e-03 4.529651720077e-03 4.870036616921e-03 3.108781529590e-03 3.468733979389e-03 2.895805984735e-03 2.613306045532e-03
8.691557683051e-03 1.041812542826e-02 1.607449725270e-02 2.021795883775e-02 2.273619361222e-02 1.512631960213e-02 1.615240424871e-02 1.355506107211e-02 9.514007717371e-03 8.145867846906e-03 1.167683303356e-02 1.299247704446e-02 1.545995846391e-02 2.318990603089e-02 1.970307715237e-02 1.526519656181e-02 1.471146196127e-02 2.442554198205e-02 1.544406451285e-02 1.516693457961e-02 1.202130876482e-02 1.557744853199e-02 1.363266073167e-02 8.096151985228e-03 1.027824170887e-02 9.546087123454e-03 6.940245628357e-03 9.995179250836e-03 1.431074924767e-02 1.390482578427e-02 9.437460452318e-03 5.591395311058e-03 7.462985813618e-03 9.331620298326e-03 5.021600518376e-03 5.186875816435e-03 6.323356181383e-03 4.741333425045e-03 5.343694239855e-03 3.244263352826e-03 3.295964794233e-03 2.727209823206e-03 2.773016924039e-03
1.129832211882e-02 1.120262034237e-02 1.815363019705e-02 1.709991134703e-02 2.161812782288e-02 1.689316704869e-02 1.548355538398e-02 1.715742982924e-02 1.491535548121e-02 1.140035316348e-02 1.243525650352e-02 1.227232720703e-02 1.686538383365e-02 2.481584623456e-02 1.770630665123e-02 1.464474108070e-02 1.254366803914e-02 2.499256841838e-02 1.937183551490e-02 1.675882935524e-02 1.422625407577e-02 1.511781290174e-02 9.146329015493e-03 9.919301606715e-03 1.055205613375e-02 7.102971430868e-03 1.085650827736e-02 1.543987728655e-02 1.469461992383e-02 9.844829328358e-03 5.271777044982e-03 4.212178755552e-03 9.985387325287e-03 7.802740205079e-03 4.778202623129e-03 6.728485692292e-03 5.805887281895e-03 4.778640344739e-03 5.677383858711e-03 4.016849678010e-03 2.877194667235e-03 2.740534720942e-03 2.406831365079e-03
1.774661056697e-02 1.098957005888e-02 1.092866435647e-02 1.880437694490e-02 1.992942765355e-02 1.784913241863e-02 1.377498824149e-02 1.570449024439e-02 1.786102727056e-02 1.754827238619e-02 1.495848223567e-02 1.847849786282e-02 1.834202185273e-02 2.580701000988e-02 1.533399429172e-02 1.331853400916e-02 1.746975444257e-02 2.518797665834e-02 2.192554809153e-02 1.607266999781e-02 1.534336339682e-02 1.631077378988e-02 1.026972476393e-02 1.080893911421e-02 8.792283013463e-03 1.136704906821e-02 1.682155765593e-02 1.575664989650e-02 1.024708431214e-02 6.736924871802e-03 9.472024627030e-03 5.869545508176e-03 1.165496557951e-02 6.819860078394e-03 5.594791844487e-03 7.198126520962e-03 6.982013583183e-03 4.905342590064e-03 5.861507728696e-03 4.435015842319e-03 2.658039331436e-03 2.571250312030e-03 2.979267854244e-03
2.373322658241e-02 1.130525954068e-02 1.103730406612e-02 1.733062230051e-02 1.796600781381e-02 1.828626915812e-02 1.486773043871e-02 1.523561403155e-02 1.485839579254e-02 1.924588158727e-02 2.100014872849e-02 1.872411184013e-02 1.982210762799e-02 2.616445906460e-02 1.332035940140e-02 2.047860249877e-02 2.450719662011e-02 2.524016052485e-02 2.130949497223e-02 1.273918803781e-02 1.458387169987e-02 1.494959276170e-02 1.038028486073e-02 8.929934352636e-03 1.146303582937e-02 1.789980009198e-02 1.726285740733e-02 1.080727111548e-02 9.536837227643e-03 1.319391001016e-02 1.197536662221e-02 1.086956355721e-02 1.135881710798e-02 7.628777530044e-03 7.205803878605e-03 5.966487340629e-03 7.611748296767e-03 5.192094482481e-03 5.883183330297e-03 4.409390501678e-03 2.834221580997e-03 3.263745224103e-03 4.210615996271e-03
2.591609396040e-02 1.161713525653e-02 1.335604675114e-02 1.150717772543e-02 1.962624303997e-02 1.849742233753e-02 1.581401377916e-02 1.619291305542e-02 1.518317963928e-02 1.927982270718e-02 2.025705389678e-02 1.765161752701e-02 2.115449868143e-02 2.522847987711e-02 2.233501896262e-02 2.712235413492e-02 2.616098895669e-02 2.454707771540e-02 1.448945980519e-02 1.298197824508e-02 1.500016450882e-02 1.510865055025e-02 1.063737925142e-02 1.097756624222e-02 1.866966672242e-02 1.905764080584e-02 1.194200944155e-02 9.773380123079e-03 1.435719337314e-02 1.191062200814e-02 9.660246782005e-03 1.068749092519e-02 8.809932507575e-03 8.306819945574e-03 7.140679750592e-03 4.930744878948e-03 7.453986909240e-03 5.602451972663e-03 5.769009701908e-03 3.993875812739e-03 3.489168360829e-03 4.673483315855e-03 5.281316116452e-03
2.275690250099e-02 1.695873774588e-02 1.547304634005e-02 1.095013786107e-02 1.435102988034e-02 1.862231455743e-02 1.963195390999e-02 1.722224242985e-02 2.007022686303e-02 2.949493937194e-02 1.686267182231e-02 1.561404950917e-02 2.204339392483e-02 2.323645353317e-02 2.896345034242e-02 2.798525243998e-02 2.425320446491e-02 2.376062981784e-02 1.588831469417e-02 1.744627952576e-02 1.558736991137e-02 1.504788734019e-02 1.003138534725e-02 1.895181089640e-02 2.100981771946e-02 1.357883587480e-02 1.116814278066e-02 1.522672921419e-02 1.346436049789e-02 8.799549192190e-03 1.281631179154e-02 1.122196577489e-02 6.625146605074e-03 7.671427447349e-03 6.326606031507e-03 6.794427521527e-03 6.783890537918e-03 6.127530243248e-03 5.599181633443e-03 5.159652791917e-03 5.798454396427e-03 6.507412996143e-03 5.487169604748e-03
1.536507532001e-02 2.554329670966e-02 1.695100218058e-02 1.346665807068e-02 1.616699807346e-02 1.833922043443e-02 1.756799593568e-02 1.844764687121e-02 2.632402256131e-02 3.652803599834e-02 2.455577068031e-02 1.702000573277e-02 2.222674526274e-02 2.762268483639e-02 2.951768413186e-02 4.050647094846e-02 2.150653302670e-02 2.205207943916e-02 1.781952194870e-02 1.765125058591e-02 1.597699336708e-02 1.476621534675e-02 1.877178251743e-02 2.230931259692e-02 1.531552989036e-02 1.257384940982e-02 1.503271609545e-02 1.501386705786e-02 1.281293574721e-02 1.285641361028e-02 1.361597608775e-02 7.694494910538e-03 7.273497525603e-03 6.556795910001e-03 5.623209755868e-03 5.258418153971e-03 9.180950932205e-03 7.248441223055e-03 6.665266584605e-03 7.734501734376e-03 7.705479394644e-03 5.654305219650e-03 3.756797872484e-03
1.719088293612e-02 2.830572053790e-02 1.753769256175e-02 1.489183027297e-02 1.907236315310e-02 1.758920960128e-02 1.828668452799e-02 2.305990643799e-02 3.036504238844e-02 3.671627491713e-02 2.934623323381e-02 2.911731228232e-02 2.575152739882e-02 3.029024042189e-02 3.549379855394e-02 5.134890228510e-02 2.238809503615e-02 2.425958402455e-02 2.406159229577e-02 1.967902295291e-02 1.558942347765e-02 1.873498968780e-02 2.347088791430e-02 1.686914637685e-02 1.408308651298e-02 1.484362687916e-02 1.432670187205e-02 1.580793969333e-02 1.539114024490e-02 1.548053044826e-02 1.165418233722e-02 6.366186775267e-03 8.695659227669e-03 5.327241029590e-03 5.555967800319e-03 5.677897948772e-03 1.265553105623e-02 8.493483066559e-03 8.910409174860e-03 7.174793165177e-03 4.358758684248e-03 2.511469181627e-03 2.492599887773e-03
3.406616672873e-02 2.238791435957e-02 2.454781718552e-02 1.582250930369e-02 2.318385802209e-02 1.797715760767e-02 1.971971057355e-02 2.666694298387e-02 3.198379650712e-02 3.112017922103e-02 2.984779700637e-02 3.014530800283e-02 2.869752794504e-02 2.323515899479e-02 2.437378838658e-02 3.277717903256e-02 1.852878741920e-02 2.399091981351e-02 2.622717432678e-02 2.188896015286e-02 1.949268206954e-02 2.457467094064e-02 1.839054003358e-02 1.567674428225e-02 1.454755105078e-02 1.331499405205e-02 1.427062507719e-02 1.688402332366e-02 1.694938540459e-02 1.524335239083e-02 9.492156095803e-03 6.070062983781e-03 9.260134771466e-03 7.360906340182e-03 8.873854763806e-03 9.435360319912e-03 1.427391543984e-02 8.341250009835e-03 6.599318236113e-03 4.557710606605e-03 4.085137974471e-03 3.091037971899e-03 3.028742969036e-03
5.534327402711e-02 2.418355271220e-02 2.748186141253e-02 2.005820348859e-02 2.572178840637e-02 2.199316956103e-02 2.172027714550e-02 3.064071573317e-02 3.289347141981e-02 2.589520439506e-02 3.596502915025e-02 4.419272765517e-02 2.481365576386e-02 2.912056632340e-02 1.775748655200e-02 2.069900557399e-02 1.958315446973e-02 2.335150726140e-02 2.256319299340e-02 2.048124000430e-02 2.610472589731e-02 1.986508816481e-02 1.639278233051e-02 1.467692479491e-02 1.577658765018e-02 1.484589744359e-02 1.474614627659e-02 1.840484142303e-02 1.852380484343e-02 1.677288487554e-02 1.154767535627e-02 1.025057677180e-02 1.017015799880e-02 9.172843769193e-03 8.876325562596e-03 1.366076432168e-02 1.174869574606e-02 5.647479556501e-03 6.101889535785e-03 6.237193476409e-03 5.781764630228e-03 4.467976279557e-03 3.271541325375e-03
6.066876277328e-02 6.333366781473e-02 2.636303752661e-02 2.633994817734e-02 2.835452370346e-02 2.664141543210e-02 3.665577247739e-02 3.435925394297e-02 3.247566148639e-02 2.417142130435e-02 3.710948303342e-02 4.929687082767e-02 2.950700372458e-02 2.809930592775e-02 2.248827368021e-02 2.289674989879e-02 2.440137788653e-02 2.306526340544e-02 2.233397215605e-02 2.796335145831e-02 2.176975458860e-02 1.873711869121e-02 1.604145020247e-02 1.255442667753e-02 1.556752435863e-02 1.721425913274e-02 1.593021303415e-02 1.980029791594e-02 2.064923383296e-02 1.836789771914e-02 1.367538422346e-02 1.009703986347e-02 8.978085592389e-03 7.620657794178e-03 1.237909588963e-02 1.417028345168e-02 6.317793391645e-03 6.420932244509e-03 6.694614421576e-03 6.789030507207e-03 6.416877731681e-03 5.363706964999e-03 3.723160130903e-03
2.926857210696e-02 8.545213192701e-02 6.241188570857e-02 2.610359527171e-02 2.991108596325e-02 3.321175277233e-02 3.548564389348e-02 3.610680252314e-02 2.886645868421e-02 2.533201128244e-02 4.233169183135e-02 4.831188544631e-02 3.798691555858e-02 2.571840956807e-02 2.353910915554e-02 2.644247189164e-02 4.116702824831e-02 2.581419050694e-02 3.103084862232e-02 2.390403859317e-02 1.729940250516e-02 1.684963330626e-02 1.420397218317e-02 1.739809289575e-02 1.757523790002e-02 1.998759992421e-02 2.198046445847e-02 1.696710847318e-02 2.005806937814e-02 2.004034258425e-02 1.557424571365e-02 8.358143270016e-03 8.448134176433e-03 1.310051511973e-02 1.419944688678e-02 8.301450870931e-03 5.698466673493e-03 5.754012614489e-03 5.729770287871e-03 5.818032193929e-03 5.798539612442e-03 5.370744504035e-03 4.322974476963e-03
5.382370203733e-02 4.053814709187e-02 9.972218424082e-02 4.642006009817e-02 3.028171882033e-02 4.087020829320e-02 3.067433275282e-02 3.424246236682e-02 4.515323787928e-02 3.484618291259e-02 4.835930466652e-02 3.843430429697e-02 4.050571843982e-02 3.395754843950e-02 2.791339717805e-02 2.609765529633e-02 5.987149849534e-02 3.611782938242e-02 2.896308712661e-02 3.538737818599e-02 2.105472981930e-02 1.721812784672e-02 1.837964728475e-02 1.934207230806e-02 1.862868852913e-02 1.958900317550e-02 2.771402709186e-02 1.691190153360e-02 2.084739133716e-02 2.178030088544e-02 1.766529679298e-02 1.138794142753e-02 1.444406807423e-02 1.336107403040e-02 7.641785778105e-03 6.452880334109e-03 6.093784235418e-03 5.704919341952e-03 5.301929544657e-03 4.934969823807e-03 4.997441079468e-03 5.165578797460e-03 4.693516530097e-03
7.281720638275e-02 9.499882161617e-02 5.730089917779e-02 9.814060479403e-02 3.660452365875e-02 4.953262954950e-02 4.241231083870e-02 4.523436725140e-02 6.338570266962e-02 5.219944193959e-02 6.024279817939e-02 3.493544831872e-02 3.678905218840e-02 3.836669772863e-02 3.440372273326e-02 2.713781595230e-02 7.027585059404e-02 3.979702293873e-02 4.153190925717e-02 2.878433838487e-02 1.570007950068e-02 1.732235215604e-02 2.199769578874e-02 1.994517631829e-02 1.810389757156e-02 1.716671884060e-02 2.702703699470e-02 1.857383921742e-02 2.341986633837e-02 2.310696989298e-02 1.832779683173e-02 1.459547504783e-02 1.094238925725e-02 5.790458526462e-03 5.641676951200e-03 5.879831034690e-03 5.827004555613e-03 6.228528916836e-03 6.115667056292e-03 5.802543833852e-03 6.332029588521e-03 7.358039263636e-03 7.682306226343e-03
1.431830823421e-01 9.523407369852e-02 1.005943343043e-01 8.326480537653e-02 7.570283859968e-02 5.573907122016e-02 6.109235808253e-02 5.401286855340e-02 5.543015524745e-02 6.128600984812e-02 7.092131674290e-02 4.132651910186e-02 3.630618005991e-02 3.900612518191e-02 4.274767637253e-02 4.048509895802e-02 5.418927222490e-02 4.010931402445e-02 3.998352959752e-02 3.191540390253e-02 2.612652815878e-02 3.100194968283e-02 3.119376488030e-02 2.580222301185e-02 1.883404515684e-02 1.608820073307e-02 2.121216803789e-02 2.286221459508e-02 2.423771470785e-02 2.024191245437e-02 1.420089416206e-02 8.980846963823e-03 7.857623510063e-03 8.397579193115e-03 9.924625046551e-03 1.087581552565e-02 1.136994175613e-02 1.131290849298e-02 1.073372643441e-02 9.817392565310e-03 8.927056565881e-03 8.906031027436e-03 7.883782498538e-03
