VariationalSeries/SI/f122.grd
DSAA
101	101
32.816463539100	34.260883539100
35.556306596100	36.727886596100
5.775234512839e-06	9.772937893867e-01
[rows 76 to 94 of 101, columns 0 to 42 of 101]
6.158698670333e-05 8.910276665119e-05 1.173705022666e-04 1.390009274473e-04 1.493979943916e-04 1.503828098066e-04 1.453147851862e-04 1.372349506710e-04 1.280400610995e-04 1.370311656501e-04 1.549998996779e-04 1.859160838649e-04 2.202320320066e-04 2.422514662612e-04 2.466892765369e-04 2.394757175352e-04 2.180755545851e-04 2.317340695299e-04 2.386373380432e-04 2.551018260419e-04 3.517984296195e-04 3.438967978582e-04 2.266967494506e-04 2.461868280079e-04 2.282128261868e-04 2.090259076795e-04 2.148065832444e-04 2.388896973571e-04 2.683859493118e-04 2.837404899765e-04 2.732482098509e-04 2.573356905486e-04 2.501373819541e-04 2.477646339685e-04 2.727068203967e-04 3.266642452218e-04 6.308095762506e-04 7.528109708801e-04 7.086744299158e-04 5.000049713999e-04 4.978079232387e-04 8.228024234995e-04 1.435394282453e-03
6.201572250575e-05 1.002914286801e-04 1.331430830760e-04 1.535997580504e-04 1.617756206542e-04 1.609919127077e-04 1.546470448375e-04 1.452506839996e-04 1.495196920587e-04 1.660636771703e-04 1.911793515319e-04 2.261117915623e-04 2.584414032754e-04 2.742130891420e-04 2.700026670936e-04 2.504524309188e-04 2.133450034307e-04 2.188991929870e-04 2.198739530286e-04 1.958040229511e-04 2.006892027566e-04 2.101839927491e-04 1.847365929279e-04 2.219351445092e-04 2.350997528993e-04 2.156842383556e-04 2.329416165594e-04 2.805844123941e-04 3.114716673736e-04 3.150969860144e-04 2.939595724456e-04 2.697540330701e-04 2.677807933651e-04 2.594893740024e-04 3.157012397423e-04 3.422625304665e-04 5.653179250658e-04 6.319280946627e-04 6.980882026255e-04 7.897079340182e-04 1.636501052417e-03 2.138881478459e-03 2.028385177255e-03
6.604992086068e-05 1.053785672411e-04 1.372821425321e-04 1.553719339427e-04 1.611643965589e-04 1.585068239365e-04 1.504718384240e-04 1.626636367291e-04 1.833741116570e-04 2.052440831903e-04 2.335111785214e-04 2.633311960381e-04 2.826301497407e-04 2.821361122187e-04 2.619704464450e-04 2.274945290992e-04 1.807339867810e-04 1.893785665743e-04 1.834517606767e-04 1.609165919945e-04 1.473690208513e-04 1.653512445046e-04 1.995333732339e-04 2.659706806298e-04 2.800565562211e-04 2.539090637583e-04 3.115970757790e-04 3.380390699022e-04 3.457467828412e-04 3.381322894711e-04 3.161473141517e-04 2.930327318609e-04 2.790359430946e-04 3.175605379511e-04 4.094059404451e-04 5.331712309271e-04 7.020874181762e-04 8.725849911571e-04 7.373540429398e-04 1.921908115037e-03 2.220386173576e-03 2.144508762285e-03 2.119027310982e-03
5.966669777990e-05 9.432208753424e-05 1.216199452756e-04 1.362742914353e-04 1.400016044499e-04 1.361510658171e-04 1.545790728414e-04 1.759845035849e-04 1.931447477546e-04 2.102015714627e-04 2.281174820382e-04 2.414269256406e-04 2.429477026453e-04 2.287352690473e-04 2.020371030085e-04 1.689773052931e-04 1.570625172462e-04 1.514942559879e-04 1.415784208803e-04 1.318498252658e-04 1.363561023027e-04 1.518030330772e-04 2.394093462499e-04 3.257069620304e-04 3.522397601046e-04 3.707853611559e-04 3.826427564491e-04 3.855914983433e-04 3.632222069427e-04 3.415271930862e-04 3.231458831578e-04 3.067482903134e-04 3.407107142266e-04 4.022087669000e-04 5.132123478688e-04 5.916460650042e-04 5.770737188868e-04 9.442984010093e-04 1.108107622713e-03 1.644341973588e-03 1.905886805616e-03 1.896870788187e-03 1.942466129549e-03
4.909380004392e-05 7.860955520300e-05 9.583951032255e-05 1.053280429915e-04 1.081350128516e-04 1.244468294317e-04 1.429772673873e-04 1.544011029182e-04 1.597015943844e-04 1.644289586693e-04 1.699185231701e-04 1.731839729473e-04 1.698335836409e-04 1.571869943291e-04 1.608851744095e-04 1.646393357078e-04 1.628366444493e-04 1.544312108308e-04 1.412578130839e-04 1.296237169299e-04 1.282731536776e-04 1.576819340698e-04 2.694702125154e-04 3.704260743689e-04 4.199400718790e-04 4.462787474040e-04 4.499455390032e-04 4.628259921446e-04 4.508715646807e-04 3.882894816343e-04 3.342478303239e-04 3.194882301614e-04 3.746323345695e-04 4.079235950485e-04 4.317245620769e-04 4.675488453358e-04 6.215219618753e-04 9.111178806052e-04 1.203719410114e-03 1.226526917890e-03 1.917946035974e-03 2.315643476322e-03 1.818305812776e-03
6.719544762745e-05 1.011894637486e-04 1.224344887305e-04 1.324901386397e-04 1.380068715662e-04 1.405206130585e-04 1.413760473952e-04 1.404908543918e-04 1.378484448651e-04 1.341856259387e-04 1.387198135490e-04 1.507459674031e-04 1.611946063349e-04 1.702240406303e-04 1.765752822394e-04 1.781463215593e-04 1.731015217956e-04 1.608971360838e-04 1.458252518205e-04 1.423977082595e-04 1.358605368296e-04 1.699088461464e-04 2.775196335278e-04 3.820821002591e-04 9.525344357826e-04 2.813806524500e-03 2.993686590344e-03 1.349284546450e-03 7.845826912671e-04 6.190101266839e-04 4.399899044074e-04 3.390574711375e-04 3.964728093706e-04 5.205021589063e-04 4.186670121271e-04 5.069622420706e-04 5.619159783237e-04 9.404699667357e-04 1.642708200961e-03 1.612405059859e-03 1.786984270439e-03 2.371697686613e-03 3.266949439421e-03
9.503785986453e-05 1.396794395987e-04 1.674844679656e-04 1.818754681153e-04 1.859110197984e-04 1.848963875091e-04 1.812100235838e-04 1.755700359354e-04 1.683949667495e-04 1.609803148312e-04 1.892499421956e-04 2.174131514039e-04 2.418506337563e-04 2.585760084912e-04 2.641782048158e-04 2.570524229668e-04 2.373140159762e-04 2.064141735900e-04 1.927535340656e-04 1.831791887525e-04 1.713757665129e-04 2.001309185289e-04 2.773896558210e-04 6.248387508094e-04 2.635214244947e-03 7.574814371765e-03 8.279392495751e-03 4.166318103671e-03 1.807681052014e-03 8.868720033206e-04 5.732838762924e-04 4.349993541837e-04 3.875689581037e-04 5.545765743591e-04 5.972951767035e-04 6.197137408890e-04 5.549475899898e-04 8.474093629047e-04 1.936274813488e-03 2.909884788096e-03 1.921717775986e-03 1.868510385975e-03 4.148175939918e-03
1.192933559651e-04 1.703235466266e-04 2.037812955678e-04 2.167411730625e-04 2.161943266401e-04 2.091140777338e-04 1.989512966247e-04 1.936022745213e-04 2.258393651573e-04 2.754940069281e-04 3.267402353231e-04 3.751374315470e-04 4.163103876635e-04 4.487551632337e-04 4.710991634056e-04 4.791305691469e-04 4.666948516387e-04 4.266127943993e-04 3.520174941514e-04 2.639055892359e-04 2.437388757244e-04 2.486660087015e-04 5.490771145560e-04 9.941119933501e-04 2.869456773624e-03 2.352321147919e-02 4.417733103037e-02 9.628537110984e-03 4.227244760841e-03 1.511615235358e-03 7.006180821918e-04 5.380188231356e-04 5.142879672348e-04 7.147803553380e-04 8.591814548708e-04 8.381980005652e-04 6.927219801582e-04 1.030722516589e-03 1.630390412174e-03 3.570362925529e-03 3.589795902371e-03 1.790833543055e-03 4.309660289437e-03
1.268317282666e-04 1.774063857738e-04 2.073315408779e-04 2.145038743038e-04 2.072545466945e-04 2.157694689231e-04 2.384626131970e-04 2.534997474868e-04 3.018249990419e-04 3.715529164765e-04 4.442709032446e-04 5.132986116223e-04 5.738518666476e-04 6.278483197093e-04 6.796543020755e-04 7.287316257134e-04 7.615407812409e-04 7.483536028303e-04 6.488402723335e-04 4.662148421630e-04 3.602171491366e-04 5.149109638296e-04 9.070261730812e-04 1.286729588173e-03 5.629121325910e-03 1.350560039282e-02 1.731828227639e-02 5.254446528852e-03 2.005326561630e-03 1.196610392071e-03 1.027249614708e-03 1.257704105228e-03 1.623246120289e-03 1.504921005107e-03 1.077027642168e-03 1.073814462870e-03 8.999899146147e-04 1.051041763276e-03 1.153479097411e-03 2.345244400203e-03 3.118191147223e-03 2.023847075179e-03 7.520634680986e-03
1.731213851599e-04 2.741529315244e-04 3.456370031927e-04 3.862942103297e-04 4.089633875992e-04 4.177401133347e-04 4.136573697906e-04 3.984832146671e-04 3.751619951800e-04 3.846438485198e-04 4.642473650165e-04 5.444675916806e-04 6.206270190887e-04 6.937367143109e-04 7.717880653217e-04 8.637786377221e-04 9.532079566270e-04 9.862562874332e-04 8.890838944353e-04 8.502207929268e-04 8.109178161249e-04 8.753148140386e-04 1.126428716816e-03 1.530577545054e-03 2.905163448304e-03 1.065427786671e-03 8.414401672781e-04 8.411140879616e-04 9.339394164272e-04 9.916191920638e-04 1.097827684134e-03 7.839095778763e-03 5.187998991460e-03 4.040602594614e-03 2.434696769342e-03 3.576650051400e-03 3.290058113635e-03 1.546005369164e-03 1.211389084347e-03 1.446701120585e-03 2.155656227842e-03 5.722428672016e-03 8.693442679942e-03
3.175212186761e-04 4.935346078128e-04 6.045866175555e-04 6.496557034552e-04 6.569533143193e-04 6.405767635442e-04 6.077364669181e-04 5.646801437251e-04 5.265540676191e-04 5.468201707117e-04 5.614238907583e-04 5.666664219461e-04 5.946953315288e-04 6.753452471457e-04 7.516466430388e-04 8.374692988582e-04 9.225039975718e-04 1.377682783641e-03 1.779601327144e-03 1.791883027181e-03 1.829236163758e-03 1.809536595829e-03 1.323120086454e-03 1.589088933542e-03 7.861478370614e-04 5.944703007117e-04 5.477125523612e-04 4.747617640533e-04 5.364921526052e-04 7.498865597881e-04 1.721848151647e-03 9.316884912550e-03 6.671500392258e-03 4.459150135517e-03 3.904108889401e-03 8.289483375847e-03 7.907796651125e-03 3.573802765459e-03 2.680148929358e-03 2.473500091583e-03 3.189844777808e-03 5.396001972258e-03 9.684394113719e-03
4.551642050501e-04 6.926159840077e-04 8.151466026902e-04 8.380425279029e-04 1.026803976856e-03 1.104649272747e-03 1.086390810087e-03 1.013157074340e-03 9.142019553110e-04 8.281632908620e-04 8.377476478927e-04 8.205031626858e-04 8.621829329059e-04 9.943899931386e-04 1.089463708922e-03 1.175804412924e-03 1.380192232318e-03 1.502970233560e-03 1.354564330541e-03 1.548538799398e-03 1.623829477467e-03 1.324875978753e-03 1.083658426069e-03 6.192164146341e-04 5.443454720080e-04 4.239644331392e-04 3.515773860272e-04 2.822646638379e-04 2.580024302006e-04 4.599552194122e-04 7.337020360865e-04 3.958240617067e-03 5.147926509380e-03 7.732056546956e-03 8.210091851652e-03 1.073050592095e-02 7.556606084108e-03 3.538243938237e-03 5.564717575908e-03 5.624063778669e-03 3.970961552113e-03 5.211761686951e-03 1.669100299478e-02
5.332592991181e-04 8.034891216084e-04 9.293489274569e-04 1.037953072228e-03 1.259141368791e-03 1.344789168797e-03 1.314795692451e-03 1.218513702042e-03 1.089152763598e-03 9.502890752628e-04 8.434554911219e-04 9.280908270739e-04 1.073690364137e-03 1.232842565514e-03 1.340469229035e-03 1.376285683364e-03 1.290786312893e-03 1.061552786268e-03 8.392825839110e-04 7.261874270625e-04 6.184671656229e-04 4.339217266534e-04 3.870454384014e-04 3.702474059537e-04 3.297952644061e-04 2.690829569474e-04 2.075164375128e-04 1.964999246411e-04 2.505088923499e-04 3.788160101976e-04 5.447961157188e-04 2.189656719565e-03 2.356897341087e-03 4.527472425252e-03 5.253309849650e-03 1.215761434287e-02 1.067920681089e-02 5.603795871139e-03 5.104382056743e-03 2.223750576377e-02 5.230030044913e-02 1.357356086373e-02 8.339413441718e-03
3.976240695920e-04 5.933779175393e-04 6.779493996873e-04 6.870123906992e-04 8.204249897972e-04 8.673429256305e-04 8.430957095698e-04 7.785055204295e-04 6.935107521713e-04 6.035483093001e-04 5.595980328508e-04 6.020868895575e-04 6.252884049900e-04 6.293985643424e-04 6.204817327671e-04 6.299391970970e-04 5.651419633068e-04 4.518528294284e-04 5.261717597023e-04 4.959645448253e-04 3.950601676479e-04 2.886870934162e-04 2.702557540033e-04 2.409907028778e-04 2.015599020524e-04 1.584983983776e-04 1.809068198781e-04 2.515117812436e-04 3.151279233862e-04 6.446386105381e-04 8.154632523656e-04 1.222264254466e-03 2.135657472536e-03 1.584167941473e-03 1.368492608890e-03 1.662263763137e-03 1.038638409227e-02 6.017383653671e-03 4.640290979296e-03 2.970251627266e-02 6.556335836649e-02 7.208653260022e-03 2.600625855848e-03
1.880771451397e-04 2.777630579658e-04 3.275200724602e-04 3.722392139025e-04 3.896510752384e-04 4.050535790157e-04 4.090164438821e-04 3.876729460899e-04 3.687322605401e-04 3.635899629444e-04 3.569707041606e-04 3.281239478383e-04 3.353217616677e-04 3.447428171057e-04 3.420588036533e-04 3.236393094994e-04 4.357711295597e-04 5.565774044953e-04 5.245548672974e-04 3.925539785996e-04 2.504076692276e-04 1.822053600335e-04 1.652098435443e-04 1.431412674719e-04 1.193461866933e-04 1.841921621235e-04 2.836428175215e-04 3.786482848227e-04 5.214090924710e-04 8.454580092803e-04 1.164775574580e-03 1.571343163960e-03 1.823012367822e-03 1.583504374139e-03 9.366503800265e-04 1.092242891900e-03 2.113323425874e-03 5.326500162482e-03 8.768678642809e-03 9.169210679829e-03 4.854346159846e-03 1.857589115389e-03 1.733882003464e-03
1.248191983905e-04 1.818081218516e-04 2.304987283424e-04 2.603989560157e-04 2.721200580709e-04 2.708781394176e-04 2.642974723130e-04 2.517277607694e-04 2.368612040300e-04 2.211488172179e-04 2.050473849522e-04 1.889819686767e-04 1.735765254125e-04 1.709663338261e-04 1.688079792075e-04 2.374794567004e-04 4.046756366733e-04 4.788037331309e-04 4.098194767721e-04 2.824733091984e-04 1.719548745314e-04 1.098749344237e-04 1.104288166971e-04 1.208650137414e-04 1.644718868192e-04 2.796388580464e-04 4.216017259751e-04 5.925024161115e-04 8.424721891060e-04 1.151071512140e-03 1.723112887703e-03 1.778308534995e-03 1.629374455661e-03 8.755185990594e-04 6.656753830612e-04 9.065277408808e-04 1.092267222703e-03 4.141151905060e-03 1.029814314097e-02 5.916360300034e-03 3.538691671565e-03 1.585309160873e-03 1.504842541181e-03
8.710048859939e-05 1.261086290469e-04 1.577098737471e-04 1.773063704604e-04 1.861137279775e-04 1.872213615570e-04 1.831775880419e-04 1.756251294864e-04 1.657005486777e-04 1.539652730571e-04 1.410823024344e-04 1.273891830351e-04 1.359541347483e-04 1.367329386994e-04 1.262214937015e-04 1.407266390743e-04 2.520423149690e-04 3.136888553854e-04 2.931389026344e-04 2.293636644026e-04 1.620331313461e-04 1.089280922315e-04 1.181959887617e-04 1.358184381388e-04 2.323297085240e-04 5.146273761056e-04 1.098040724173e-03 1.014980371110e-03 8.374436292797e-04 1.552483648993e-03 2.113771159202e-03 1.812420785427e-03 1.315843430348e-03 6.094397394918e-04 6.546394433826e-04 9.009393979795e-04 1.249779830687e-03 4.476130008698e-03 7.549175526947e-03 3.549975575879e-03 2.058201003820e-03 1.265346305445e-03 1.136261620559e-03
5.844837505720e-05 8.384609100176e-05 1.039872222464e-04 1.162690823548e-04 1.216746750288e-04 1.222371211043e-04 1.193828720716e-04 1.140287131420e-04 1.067165794666e-04 9.790444892133e-05 9.726554708323e-05 1.093124155886e-04 1.140544845839e-04 1.090733785531e-04 1.038071932271e-04 1.187578091049e-04 1.319081493421e-04 1.602374541108e-04 1.832557463786e-04 1.768775546225e-04 1.505587133579e-04 1.189565300592e-04 1.262104924535e-04 1.734951219987e-04 3.023456374649e-04 8.953587384894e-04 1.279406249523e-03 7.621169788763e-04 8.524106233381e-04 1.641503418796e-03 2.221880480647e-03 1.759276492521e-03 1.222962746397e-03 8.393506868742e-04 9.307394502684e-04 9.002843871713e-04 1.939253183082e-03 7.772356271744e-03 5.645989906043e-03 1.479875645600e-03 2.963664708659e-03 1.288671395741e-03 8.785086101852e-04
3.451502198004e-05 4.907068796456e-05 6.041210872354e-05 6.711042806273e-05 6.980373291299e-05 6.968058733037e-05 6.753784691682e-05 6.388377369149e-05 6.126328662504e-05 7.475315214833e-05 8.746010280447e-05 9.578190656612e-05 9.647810657043e-05 1.059891292243e-04 1.225834712386e-04 1.393844577251e-04 1.540589437354e-04 1.636149099795e-04 1.651340426179e-04 1.575079659233e-04 1.435962476535e-04 1.336810673820e-04 1.486222026870e-04 2.161885786336e-04 3.646183176897e-04 1.003227429464e-03 1.056738663465e-03 8.393715834245e-04 7.637069793418e-04 1.468173344620e-03 2.056985162199e-03 1.602455507964e-03 1.562516787089e-03 1.054604188539e-03 1.121066510677e-03 8.062269189395e-04 1.853164634667e-03 4.968599881977e-03 2.447026316077e-03 1.736588776112e-03 3.927655052394e-03 1.268719672225e-03 6.720820092596e-04
