VariationalSeries/SI/f122.grd
DSAA
101	101
32.816463539100	34.260883539100
35.556306596100	36.727886596100
5.775234512839e-06	9.772937893867e-01
[rows 19 to 37 of 101, columns 43 to 85 of 101]
9.396818466485e-03 1.162646524608e-02 1.511831581593e-02 1.541211456060e-02 1.001443155110e-02 1.546017546207e-02 7.743454072624e-03 8.186169900000e-03 8.725256659091e-03 8.850974030793e-03 8.078837767243e-03 1.199264824390e-02 1.446024049073e-02 1.444769278169e-02 9.590636938810e-03 1.170918717980e-02 1.541975233704e-02 1.444517262280e-02 7.978190667927e-03 1.286432798952e-02 5.891054403037e-03 8.294166065753e-03 1.112311892211e-02 5.490950308740e-03 5.473520606756e-03 6.357125006616e-03 5.250960122794e-03 6.709846202284e-03 6.223691627383e-03 4.930269904435e-03 5.313725210726e-03 7.211328018457e-03 8.141127415001e-03 6.304740440100e-03 5.701897665858e-03 4.560659639537e-03 3.132913727313e-03 3.509233938530e-03 3.880923613906e-03 3.230757080019e-03 2.951069269329e-03 2.627176232636e-03 2.856054808944e-03
8.451346307993e-03 1.139067579061e-02 1.615613140166e-02 1.863698847592e-02 1.349915191531e-02 1.367160305381e-02 7.968934252858e-03 8.676719851792e-03 7.565759122372e-03 9.475977160037e-03 9.916451759636e-03 1.122192107141e-02 1.548689883202e-02 1.537859160453e-02 1.181964855641e-02 1.272324007004e-02 1.506568118930e-02 1.633119583130e-02 9.420161135495e-03 1.244554389268e-02 6.736594252288e-03 1.257038209587e-02 1.563142053783e-02 7.213656324893e-03 6.387274246663e-03 6.509353872389e-03 6.557731889188e-03 6.941618863493e-03 5.407408811152e-03 5.247639957815e-03 7.285149767995e-03 9.513037279248e-03 8.495253510773e-03 6.856700871140e-03 5.540787242353e-03 4.566784016788e-03 3.340551629663e-03 4.103240091354e-03 3.178437473252e-03 2.656223019585e-03 2.832265570760e-03 2.506096847355e-03 2.610136987641e-03
9.111206978559e-03 1.299098692834e-02 1.491896249354e-02 1.950829103589e-02 1.663199625909e-02 1.170057896525e-02 8.008212782443e-03 9.197404608130e-03 7.251816336066e-03 8.870504796505e-03 9.355965070426e-03 1.070803590119e-02 1.472389046103e-02 1.671051234007e-02 1.425868738443e-02 1.359736919403e-02 1.443989761174e-02 1.785950362682e-02 1.074595935643e-02 1.153775863349e-02 7.576269097626e-03 1.558047067374e-02 1.712081208825e-02 8.113631978631e-03 6.240645423532e-03 7.646746933460e-03 7.403618656099e-03 6.005835253745e-03 5.039380397648e-03 7.249734364450e-03 1.015923451632e-02 9.847898967564e-03 6.651193369180e-03 7.824263535440e-03 5.491690710187e-03 4.204579629004e-03 3.975147381425e-03 4.219798371196e-03 3.458229824901e-03 2.689889632165e-03 2.651059301570e-03 1.969080884010e-03 1.944439136423e-03
8.701355196536e-03 1.224609930068e-02 1.265236921608e-02 1.862394064665e-02 1.840710639954e-02 1.220371015370e-02 1.057439576834e-02 9.747324511409e-03 7.144550792873e-03 7.772264536470e-03 9.168260730803e-03 1.085683424026e-02 1.222572755069e-02 1.765791513026e-02 1.589071378112e-02 1.324246544391e-02 1.336017996073e-02 1.916746608913e-02 1.184231135994e-02 1.034387480468e-02 8.413372561336e-03 1.548064220697e-02 1.492686476558e-02 7.149858400226e-03 6.691944785416e-03 8.074604906142e-03 6.720328237861e-03 5.397365428507e-03 7.632963359356e-03 1.075279619545e-02 1.056875009090e-02 7.340423762798e-03 5.607361905277e-03 8.132437244058e-03 3.949627280235e-03 3.956431522965e-03 4.907698836178e-03 3.703563706949e-03 3.966914955527e-03 2.533490303904e-03 2.826875774190e-03 2.359610050917e-03 2.129278145730e-03
7.077311631292e-03 8.485117927194e-03 1.310348045081e-02 1.649763435125e-02 1.855302788317e-02 1.234257966280e-02 1.315654069185e-02 1.104131899774e-02 7.749674841762e-03 6.634373217821e-03 9.557078592479e-03 1.060089468956e-02 1.263901032507e-02 1.897592283785e-02 1.610378362238e-02 1.247891597450e-02 1.203169859946e-02 1.997508481145e-02 1.263978891075e-02 1.237327326089e-02 9.830413386226e-03 1.273378264159e-02 1.113845314831e-02 6.613114848733e-03 8.411920629442e-03 7.811208721250e-03 5.657541565597e-03 8.144968189299e-03 1.165997236967e-02 1.132816262543e-02 7.688237354159e-03 4.556303843856e-03 6.104025989771e-03 7.631879299879e-03 4.108686465770e-03 4.243801347911e-03 5.172501318157e-03 3.862004261464e-03 4.352852702141e-03 2.643832005560e-03 2.686270512640e-03 2.222368959337e-03 2.259487751871e-03
9.222688153386e-03 9.123248048127e-03 1.479954645038e-02 1.395550277084e-02 1.764349825680e-02 1.378606539220e-02 1.261316705495e-02 1.397743448615e-02 1.215161848813e-02 9.288292378187e-03 1.012461911887e-02 1.001490000635e-02 1.379062980413e-02 2.031046710908e-02 1.447572465986e-02 1.197363529354e-02 1.026055403054e-02 2.044302225113e-02 1.580799743533e-02 1.367314718664e-02 1.163531467319e-02 1.236271951348e-02 7.478876970708e-03 8.120354264975e-03 8.636528626084e-03 5.812607239932e-03 8.847845718265e-03 1.258119195700e-02 1.197274588048e-02 8.020880632102e-03 4.294818267226e-03 3.447508672252e-03 8.167855441570e-03 6.382317282259e-03 3.907148726285e-03 5.505047272891e-03 4.742058459669e-03 3.892544424161e-03 4.624838475138e-03 3.273631678894e-03 2.354915952310e-03 2.242902992293e-03 1.965884119272e-03
1.448714826256e-02 8.975819684565e-03 8.911374025047e-03 1.533116400242e-02 1.626853086054e-02 1.456913258880e-02 1.125932112336e-02 1.279526948929e-02 1.455333549529e-02 1.429979968816e-02 1.219044625759e-02 1.504636742175e-02 1.500126160681e-02 2.112599089742e-02 1.254007313401e-02 1.090569514781e-02 1.426715217531e-02 2.060734108090e-02 1.789180375636e-02 1.311411056668e-02 1.255104783922e-02 1.333929505199e-02 8.397622033954e-03 8.849097415805e-03 7.178443949670e-03 9.265183471143e-03 1.370867528021e-02 1.283940859139e-02 8.349389769137e-03 5.499382968992e-03 7.732058409601e-03 4.804012365639e-03 9.534394368529e-03 5.577660165727e-03 4.578675609082e-03 5.889405030757e-03 5.702305585146e-03 4.004770424217e-03 4.775028210133e-03 3.614722285420e-03 2.163824858144e-03 2.099901437759e-03 2.433055546135e-03
1.937518827617e-02 9.234673343599e-03 9.005237370729e-03 1.413126010448e-02 1.466934196651e-02 1.492979191244e-02 1.215488649905e-02 1.245959382504e-02 1.210839860141e-02 1.568573899567e-02 1.711718365550e-02 1.525103952736e-02 1.621545106173e-02 2.142289467156e-02 1.089657191187e-02 1.673250645399e-02 2.001341059804e-02 2.065485529602e-02 1.738921552896e-02 1.039492059499e-02 1.193189527839e-02 1.222704257816e-02 8.500355295837e-03 7.311307359487e-03 9.344904683530e-03 1.458932179958e-02 1.406852807850e-02 8.806842379272e-03 7.770786061883e-03 1.077060773969e-02 9.775360114872e-03 8.871423080564e-03 9.293028153479e-03 6.239150650799e-03 5.896945483983e-03 4.881885368377e-03 6.216098554432e-03 4.239348229021e-03 4.792881663889e-03 3.594191279262e-03 2.308054128662e-03 2.665715059265e-03 3.440103493631e-03
2.115843817592e-02 9.490482509136e-03 1.089844293892e-02 9.388800710440e-03 1.600446552038e-02 1.510687358677e-02 1.293096225709e-02 1.324453949928e-02 1.237086858600e-02 1.574068702757e-02 1.651432923973e-02 1.439038012177e-02 1.730955019593e-02 2.066084183753e-02 1.825859397650e-02 2.215898036957e-02 2.136216312647e-02 2.009277045727e-02 1.182511355728e-02 1.062151603401e-02 1.226711273193e-02 1.235580164939e-02 8.657455444336e-03 8.950597606599e-03 1.521903835237e-02 1.553344354033e-02 9.732850827277e-03 7.980256341398e-03 1.172121148556e-02 9.722868911922e-03 7.878672331572e-03 8.745739236474e-03 7.208422757685e-03 6.776829715818e-03 5.843724589795e-03 4.021373577416e-03 6.086688488722e-03 4.572884179652e-03 4.700078163296e-03 3.255856921896e-03 2.854778431356e-03 3.818786470219e-03 4.315441939980e-03
1.858078688383e-02 1.384860277176e-02 1.262771710753e-02 8.947803638875e-03 1.172402035445e-02 1.518737617880e-02 1.601159386337e-02 1.408881880343e-02 1.639083214104e-02 2.408712171018e-02 1.379678491503e-02 1.275158207864e-02 1.804127171636e-02 1.903375796974e-02 2.367477305233e-02 2.286113426089e-02 1.982354745269e-02 1.945408433676e-02 1.294298749417e-02 1.427576970309e-02 1.275058463216e-02 1.230921596289e-02 8.180554956198e-03 1.545142475516e-02 1.712709479034e-02 1.106844283640e-02 9.120472706854e-03 1.243261806667e-02 1.099097914994e-02 7.177580613643e-03 1.045369729400e-02 9.183507412672e-03 5.396314430982e-03 6.274331826717e-03 5.159311927855e-03 5.540485493839e-03 5.538884550333e-03 4.995383322239e-03 4.561927635223e-03 4.205047152936e-03 4.738702904433e-03 5.317903123796e-03 4.484086763114e-03
1.254700869322e-02 2.085855044425e-02 1.383605878800e-02 1.100564002991e-02 1.321160048246e-02 1.498735975474e-02 1.437073573470e-02 1.509385462850e-02 2.150030061603e-02 2.983739972115e-02 2.006514929235e-02 1.390157919377e-02 1.819593831897e-02 2.259001322091e-02 2.412442862988e-02 3.299774974585e-02 1.752576604486e-02 1.806006394327e-02 1.453148014843e-02 1.444555260241e-02 1.304476056248e-02 1.205340865999e-02 1.530725602061e-02 1.818919181824e-02 1.248589903116e-02 1.026942487806e-02 1.227500010282e-02 1.224490907043e-02 1.044382341206e-02 1.048790570349e-02 1.110740657896e-02 6.297128275037e-03 5.951223894954e-03 5.363003816456e-03 4.579446744174e-03 4.282051697373e-03 7.488321978599e-03 5.911875050515e-03 5.434007849544e-03 6.321534048766e-03 6.297498010099e-03 4.621018189937e-03 3.059725742787e-03
1.402541808784e-02 2.311481535435e-02 1.431708224118e-02 1.217238511890e-02 1.558835618198e-02 1.437868736684e-02 1.494760811329e-02 1.884739659727e-02 2.480568550527e-02 2.999794855714e-02 2.398451790214e-02 2.379899658263e-02 2.104387246072e-02 2.476955018938e-02 2.892645448446e-02 4.184376075864e-02 1.825048401952e-02 1.978133246303e-02 1.962109655142e-02 1.604899019003e-02 1.271518226713e-02 1.527994684875e-02 1.913954503834e-02 1.375466212630e-02 1.150305196643e-02 1.212072279304e-02 1.168791856617e-02 1.288536936045e-02 1.254739891738e-02 1.263033133000e-02 9.508523158729e-03 5.212650634348e-03 7.114632986486e-03 4.338317085057e-03 4.524503834546e-03 4.623529035598e-03 1.032306533307e-02 6.943249609321e-03 7.283207494766e-03 5.864231847227e-03 3.562530037016e-03 2.043156186119e-03 2.027793554589e-03
2.779993414879e-02 1.828395947814e-02 2.005002461374e-02 1.293542142957e-02 1.894108392298e-02 1.468798797578e-02 1.612517982721e-02 2.180033549666e-02 2.613571844995e-02 2.543330937624e-02 2.433067560196e-02 2.456956356764e-02 2.347941510379e-02 1.899975538254e-02 1.987216062844e-02 2.672082372010e-02 1.515961717814e-02 1.956574991345e-02 2.138948626816e-02 1.785269007087e-02 1.590088009834e-02 2.004325389862e-02 1.499778218567e-02 1.279173232615e-02 1.187822781503e-02 1.086638681591e-02 1.163236051798e-02 1.376532204449e-02 1.382065564394e-02 1.243878994137e-02 7.741854991764e-03 4.963635001332e-03 7.576439529657e-03 6.020077969879e-03 7.256384473294e-03 7.714580744505e-03 1.164418552071e-02 6.801762618124e-03 5.381666123867e-03 3.711137454957e-03 3.326548030600e-03 2.517218235880e-03 2.479932270944e-03
4.517800360918e-02 1.973902620375e-02 2.244689501822e-02 1.638721115887e-02 2.102070488036e-02 1.797360926867e-02 1.777415908873e-02 2.505465783179e-02 2.688834257424e-02 2.117102965713e-02 2.932540699840e-02 3.603187203407e-02 2.030338346958e-02 2.382730878890e-02 1.450896728784e-02 1.693517155945e-02 1.597715355456e-02 1.904971338809e-02 1.840582303703e-02 1.671075075865e-02 2.129525691271e-02 1.620338670909e-02 1.338854152709e-02 1.197630818933e-02 1.287077367306e-02 1.215186994523e-02 1.203836873174e-02 1.502501219511e-02 1.512214355171e-02 1.368149835616e-02 9.420477785170e-03 8.384590037167e-03 8.317824453115e-03 7.482206914574e-03 7.240035105497e-03 1.114614401013e-02 9.585186839104e-03 4.598214756697e-03 4.968426190317e-03 5.078827496618e-03 4.708204418421e-03 3.638598602265e-03 2.678919583559e-03
4.954695329070e-02 5.171232670546e-02 2.157030813396e-02 2.151790075004e-02 2.317934669554e-02 2.177816070616e-02 2.999502792954e-02 2.810211479664e-02 2.655564062297e-02 1.976915076375e-02 3.037643060088e-02 4.020607471466e-02 2.407286129892e-02 2.300616167486e-02 1.833488233387e-02 1.866515167058e-02 1.991067826748e-02 1.881954073906e-02 1.822644472122e-02 2.281638421118e-02 1.776053756475e-02 1.531046815217e-02 1.310457196087e-02 1.025319937617e-02 1.274683885276e-02 1.403907407075e-02 1.301118079573e-02 1.617032848299e-02 1.686275191605e-02 1.498619467020e-02 1.115898601711e-02 8.238554000854e-03 7.325211539865e-03 6.217401009053e-03 1.010244991630e-02 1.156287640333e-02 5.155019927770e-03 5.228104069829e-03 5.451237317175e-03 5.528382491320e-03 5.225579719990e-03 4.368170164526e-03 3.032339271158e-03
2.393052354455e-02 6.980320066214e-02 5.097424238920e-02 2.133407630026e-02 2.445966191590e-02 2.715674042702e-02 2.903389930725e-02 2.953907661140e-02 2.361147291958e-02 2.074657194316e-02 3.465698659420e-02 3.941411525011e-02 3.100337460637e-02 2.099663205445e-02 1.919361017644e-02 2.158074639738e-02 3.365118429065e-02 2.109196968377e-02 2.532543987036e-02 1.950627379119e-02 1.414150651544e-02 1.377126295120e-02 1.159887667745e-02 1.424307655543e-02 1.436459925026e-02 1.629849523306e-02 1.791554875672e-02 1.386114768684e-02 1.636806875467e-02 1.635529845953e-02 1.271189376712e-02 6.840595509857e-03 6.896446924657e-03 1.069308910519e-02 1.158877555281e-02 6.774643901736e-03 4.639697261155e-03 4.685237538069e-03 4.665813874453e-03 4.737955518067e-03 4.722297657281e-03 4.374103620648e-03 3.534354735166e-03
4.399527981877e-02 3.314591571689e-02 8.148186653852e-02 3.792395815253e-02 2.477136813104e-02 3.342911973596e-02 2.507505938411e-02 2.798945270479e-02 3.692992776632e-02 2.843552269042e-02 3.947571292520e-02 3.136721625924e-02 3.306769579649e-02 2.773242443800e-02 2.278616838157e-02 2.130346372724e-02 4.894177243114e-02 2.950776927173e-02 2.364105358720e-02 2.891620621085e-02 1.720581948757e-02 1.408150512725e-02 1.502927672118e-02 1.581387035549e-02 1.522916089743e-02 1.596955023706e-02 2.258974313736e-02 1.380334980786e-02 1.701791025698e-02 1.778096333146e-02 1.442285068333e-02 9.297897107899e-03 1.179185882211e-02 1.090656779706e-02 6.237418856472e-03 5.278708413243e-03 4.984616767615e-03 4.666232038289e-03 4.336335230619e-03 4.035942256451e-03 4.070177674294e-03 4.207244142890e-03 3.822945989668e-03
5.953085049987e-02 7.768334448338e-02 4.684220254421e-02 8.021077513695e-02 2.996194735169e-02 4.052754864097e-02 3.468044474721e-02 3.698351606727e-02 5.184697359800e-02 4.260460287333e-02 4.919195547700e-02 2.861547097564e-02 3.004212491214e-02 3.134145587683e-02 2.811467833817e-02 2.217201888561e-02 5.744086205959e-02 3.250895813107e-02 3.394948318601e-02 2.352912724018e-02 1.285311765969e-02 1.417084503919e-02 1.799107715487e-02 1.630883850157e-02 1.479630544782e-02 1.399118360132e-02 2.203121967614e-02 1.516621652991e-02 1.912519149482e-02 1.887060143054e-02 1.496822759509e-02 1.191764697433e-02 8.933863602579e-03 4.739733878523e-03 4.601830150932e-03 4.786748904735e-03 4.746887832880e-03 5.073859356344e-03 4.981767386198e-03 4.726502113044e-03 5.159912630916e-03 5.995609331876e-03 6.259435787797e-03
1.170514449477e-01 7.790234684944e-02 8.230356872082e-02 6.808345764875e-02 6.188978627324e-02 4.562094435096e-02 4.997178539634e-02 4.419656470418e-02 4.525996744633e-02 5.003954097629e-02 5.793398991227e-02 3.376708179712e-02 2.965894713998e-02 3.187362477183e-02 3.494439274073e-02 3.310192748904e-02 4.428502544761e-02 3.277121856809e-02 3.266397491097e-02 2.607062831521e-02 2.137023396790e-02 2.535060048103e-02 2.550114504993e-02 2.109067328274e-02 1.539327390492e-02 1.314731780440e-02 1.729240640998e-02 1.867632009089e-02 1.980024017394e-02 1.653608307242e-02 1.160121243447e-02 7.319464348257e-03 6.403720937669e-03 6.856219377369e-03 8.102220483124e-03 8.877982385457e-03 9.280508384109e-03 9.233068674803e-03 8.759533986449e-03 8.010952733457e-03 7.283695507795e-03 7.254234515131e-03 6.421486847103e-03
