VariationalSeries/SI/f122.grd
DSAA
101	101
32.816463539100	34.260883539100
35.556306596100	36.727886596100
5.775234512839e-06	9.772937893867e-01
[rows 38 to 56 of 101, columns 0 to 42 of 101]
2.272185171023e-03 4.794646520168e-03 5.186024121940e-03 5.402864422649e-03 6.458065006882e-03 7.918165065348e-03 9.145797230303e-03 1.038412284106e-02 1.141157187521e-02 1.042674761266e-02 8.562895469368e-03 6.994080264121e-03 6.954262498766e-03 6.855399813503e-03 7.266078609973e-03 8.214469067752e-03 9.295578114688e-03 1.704931817949e-02 2.761599607766e-02 2.961366437376e-02 2.382467314601e-02 1.995184645057e-02 1.347053982317e-02 1.577878184617e-02 3.118986636400e-02 4.058963432908e-02 3.915046527982e-02 2.803993038833e-02 2.031328529119e-02 2.238603867590e-02 2.354087494314e-02 2.909032255411e-02 3.983754292130e-02 3.900668025017e-02 3.664761036634e-02 2.205097861588e-02 3.015544079244e-02 3.390635550022e-02 3.334708511829e-02 5.131202563643e-02 5.646595731378e-02 8.265492320061e-02 6.694403290749e-02
3.386213909835e-03 6.029199343175e-03 5.057705566287e-03 4.903004039079e-03 6.988768465817e-03 8.498626761138e-03 1.116563286632e-02 1.404908951372e-02 1.566781289876e-02 1.467389054596e-02 1.067314017564e-02 8.308928459883e-03 7.167588919401e-03 7.324757985771e-03 7.861159741879e-03 8.497775532305e-03 9.056133218110e-03 9.545499458909e-03 1.501813624054e-02 2.102854847908e-02 2.147905342281e-02 2.077127620578e-02 2.144604362547e-02 1.802803017199e-02 1.671556755900e-02 1.860530674458e-02 2.506392076612e-02 4.720326140523e-02 6.328097730875e-02 6.421660631895e-02 5.037223547697e-02 2.484182827175e-02 2.817511558533e-02 2.401132881641e-02 4.784985259175e-02 4.287459701300e-02 2.792956307530e-02 3.372122347355e-02 4.130790755153e-02 4.683503881097e-02 6.298803538084e-02 7.608532160521e-02 8.853952586651e-02
3.863009158522e-03 7.694508414716e-03 7.289895787835e-03 6.329751107842e-03 8.361695334315e-03 1.028954237700e-02 1.248698309064e-02 1.643028855324e-02 1.780990883708e-02 1.774933189154e-02 1.214090082794e-02 8.159965276718e-03 8.210809901357e-03 7.101119961590e-03 5.913876928389e-03 6.632173433900e-03 7.831970229745e-03 8.474024012685e-03 8.929498493671e-03 1.183047518134e-02 1.745024695992e-02 2.463755756617e-02 2.945007011294e-02 2.969141863286e-02 2.934314683080e-02 1.956840232015e-02 1.534356363118e-02 1.620158739388e-02 1.590410992503e-02 1.995823532343e-02 4.207221418619e-02 6.696055829525e-02 7.935439050198e-02 6.629148870707e-02 3.366671502590e-02 3.346057608724e-02 5.878261104226e-02 4.888302460313e-02 5.068568140268e-02 5.040603131056e-02 4.670077934861e-02 6.310744583607e-02 9.563872218132e-02
5.508975591511e-03 9.379345923662e-03 1.089825574309e-02 1.119625568390e-02 1.009015366435e-02 1.208290550858e-02 1.206096448004e-02 1.154002361000e-02 1.153881289065e-02 1.422229688615e-02 1.534036360681e-02 1.329903397709e-02 9.851058945060e-03 8.775360882282e-03 9.051396511495e-03 1.119651645422e-02 1.298782695085e-02 1.452254317701e-02 1.418710406870e-02 1.031598914415e-02 1.144537888467e-02 1.509936526418e-02 1.708381064236e-02 2.292353101075e-02 2.847913838923e-02 3.385387733579e-02 3.778896853328e-02 3.669552132487e-02 3.787773475051e-02 4.133730754256e-02 4.572439193726e-02 4.426163062453e-02 6.852566450834e-02 7.748772203922e-02 5.537055060267e-02 7.037346065044e-02 7.811929285526e-02 6.638769060373e-02 7.522286474705e-02 6.080823764205e-02 4.249240085483e-02 7.429653406143e-02 6.195114180446e-02
5.650543607771e-03 1.000890787691e-02 1.122704427689e-02 1.023706048727e-02 1.126737240702e-02 1.421382278204e-02 1.412245072424e-02 1.212360709906e-02 1.462128292769e-02 1.217417791486e-02 1.159171387553e-02 1.616639643908e-02 1.677287556231e-02 1.262689102441e-02 1.169693376869e-02 1.077865529805e-02 1.116321887821e-02 1.494567096233e-02 2.013848908246e-02 2.046787925065e-02 1.291996892542e-02 1.470765098929e-02 1.879993081093e-02 1.563717797399e-02 1.809504628181e-02 2.187478728592e-02 2.893896587193e-02 4.375393688679e-02 5.891029536724e-02 5.394130200148e-02 5.134902894497e-02 3.796970099211e-02 3.793690353632e-02 7.146408408880e-02 6.846260279417e-02 8.634817600250e-02 5.708614364266e-02 8.102575689554e-02 7.113925367594e-02 1.026771590114e-01 1.061795949936e-01 8.372791856527e-02 9.401855617762e-02
1.099237520248e-02 2.131747081876e-02 1.593095995486e-02 1.342631690204e-02 1.313883718103e-02 1.182348653674e-02 1.218251604587e-02 1.483091339469e-02 1.468354184180e-02 1.191025692970e-02 1.475867070258e-02 1.006236020476e-02 1.291777472943e-02 1.809887588024e-02 1.570630073547e-02 1.355286315084e-02 1.697609573603e-02 3.678214922547e-02 4.331483691931e-02 2.391197532415e-02 2.561001107097e-02 1.492586825043e-02 1.748849824071e-02 2.485395409167e-02 1.659868657589e-02 1.520309224725e-02 1.619817130268e-02 1.762365736067e-02 2.249722927809e-02 2.557535469532e-02 2.731863036752e-02 3.000175766647e-02 4.083822295070e-02 6.423466652632e-02 4.393493384123e-02 4.072167724371e-02 5.958933755755e-02 6.811821460724e-02 4.544859007001e-02 9.406146407127e-02 9.635160118341e-02 1.055101677775e-01 1.293452829123e-01
1.747328415513e-02 3.205328434706e-02 2.599242329597e-02 2.029083110392e-02 1.871291920543e-02 1.509376429021e-02 2.079786732793e-02 1.824925839901e-02 1.860468275845e-02 1.455460395664e-02 1.134058460593e-02 1.393661461771e-02 1.251552347094e-02 8.231151849031e-03 1.533509325236e-02 1.798073016107e-02 1.307925675064e-02 1.118342019618e-02 2.043861150742e-02 1.365533098578e-02 2.374768629670e-02 2.797938138247e-02 2.783142402768e-02 2.424137480557e-02 3.341438248754e-02 2.058811299503e-02 1.933335512877e-02 2.504246495664e-02 2.936287783086e-02 2.249770797789e-02 2.845313958824e-02 3.506505489349e-02 4.157190397382e-02 4.882708936930e-02 6.212336197495e-02 4.714910686016e-02 5.252257362008e-02 5.874707177281e-02 5.570620298386e-02 7.972310483456e-02 7.465321570635e-02 1.079579368234e-01 1.094947308302e-01
6.955678574741e-03 1.449624076486e-02 1.732760109007e-02 2.040885761380e-02 2.085503935814e-02 2.316914126277e-02 2.447675354779e-02 2.110508270562e-02 1.890950836241e-02 1.809135638177e-02 1.694710738957e-02 1.565632410347e-02 1.477664522827e-02 1.389736775309e-02 1.504709757864e-02 1.285480987281e-02 9.174369275570e-03 1.082056201994e-02 1.139816548675e-02 1.554461661726e-02 1.458682119846e-02 2.429013140500e-02 2.590088546276e-02 2.793039195240e-02 3.259722515941e-02 3.691205754876e-02 4.021323472261e-02 4.190071672201e-02 4.286655038595e-02 4.620688036084e-02 4.695954173803e-02 4.939663410187e-02 5.251482129097e-02 4.368431121111e-02 3.771234303713e-02 5.279861018062e-02 6.390135735273e-02 9.769609570503e-02 1.173153445125e-01 1.087278053164e-01 1.036865934730e-01 1.077428311110e-01 8.989609032869e-02
6.778114475310e-03 1.424035057425e-02 1.621977053583e-02 1.800968870521e-02 2.016573399305e-02 2.060982026160e-02 1.894401386380e-02 1.534565538168e-02 1.450378727168e-02 1.745583117008e-02 2.049440518022e-02 1.944107003510e-02 1.469342503697e-02 9.583599865437e-03 1.025526784360e-02 5.931530613452e-03 3.441730048507e-03 3.806168446317e-03 5.064076278359e-03 6.110205315053e-03 1.817307248712e-02 3.204100206494e-02 2.752922102809e-02 3.437304124236e-02 3.314582258463e-02 4.090132564306e-02 4.226290807128e-02 4.004818946123e-02 3.737890347838e-02 4.305965453386e-02 4.547297209501e-02 5.876913666725e-02 7.517113536596e-02 8.194544166327e-02 7.006507366896e-02 5.932071805000e-02 6.582908332348e-02 4.727001860738e-02 7.200597971678e-02 7.369173318148e-02 1.151451095939e-01 1.078874692321e-01 1.163368746638e-01
1.814458635636e-03 3.648494137451e-03 3.853931324556e-03 4.144485574216e-03 5.771654192358e-03 8.059624582529e-03 1.059452164918e-02 1.140980236232e-02 1.106743235141e-02 1.022156234831e-02 1.042378880084e-02 1.324668619782e-02 1.321565546095e-02 1.073697581887e-02 6.924340967089e-03 5.417509470135e-03 2.774334978312e-03 2.356141805649e-03 2.630960661918e-03 5.628887098283e-03 1.263091526926e-02 2.669814601541e-02 6.682799011469e-02 6.291456520557e-02 5.654846876860e-02 5.312192812562e-02 5.121250450611e-02 4.980916529894e-02 5.227785930037e-02 6.044261530042e-02 6.836346536875e-02 7.743979990482e-02 1.326510310173e-01 7.443532347679e-02 1.669362336397e-01 1.136181652546e-01 9.055590629578e-02 9.836024791002e-02 1.219036653638e-01 1.417558789253e-01 1.501220762730e-01 1.411149352789e-01 1.413471847773e-01
1.650365069509e-03 3.188980510458e-03 3.474412951618e-03 3.482014872134e-03 5.794535856694e-03 8.576608262956e-03 8.932392112911e-03 7.290305569768e-03 5.381469149143e-03 4.405864980072e-03 5.591149441898e-03 6.939721293747e-03 6.640537176281e-03 5.331392399967e-03 3.921603783965e-03 2.782395342365e-03 2.023684326559e-03 1.492020790465e-03 1.525123021565e-03 4.993238020688e-03 1.598912663758e-02 2.773608267307e-02 2.736980281770e-02 5.723842978477e-02 1.386842876673e-01 7.044141739607e-02 4.397485405207e-02 3.985447064042e-02 4.154071211815e-02 4.533975943923e-02 7.785041630268e-02 1.117173954844e-01 5.910772830248e-02 8.825471252203e-02 1.603224873543e-01 2.903378605843e-01 1.189286783338e-01 9.533534944057e-02 8.437890559435e-02 9.289534389973e-02 7.959534227848e-02 1.484023332596e-01 1.740551590919e-01
8.563970332034e-04 1.779363141395e-03 2.134165959433e-03 2.369763795286e-03 3.079810412601e-03 4.948742222041e-03 5.669610109180e-03 4.917751532048e-03 3.804152831435e-03 2.858357504010e-03 2.360686892644e-03 2.253843471408e-03 1.796105876565e-03 1.595705281943e-03 1.905473065563e-03 1.454261597246e-03 1.335153356194e-03 1.122684683651e-03 1.331568579189e-03 2.014009980485e-03 3.418846288696e-03 9.266143664718e-03 9.734459221363e-03 1.324422284961e-02 5.058095604181e-02 5.364876240492e-02 2.000926993787e-02 1.105906907469e-02 1.154165435582e-02 3.692749515176e-02 4.894820600748e-02 5.321052297950e-02 5.559470877051e-02 4.573458433151e-02 6.716447323561e-02 1.926584541798e-01 1.038925796747e-01 6.315687298775e-02 4.438339546323e-02 4.001104459167e-02 3.775696083903e-02 9.859556704760e-02 1.371208131313e-01
3.808945766650e-04 7.605651626363e-04 7.916392642073e-04 8.744624792598e-04 1.106265815906e-03 1.400150707923e-03 1.665509189479e-03 1.812563161366e-03 1.754785887897e-03 1.488797250204e-03 1.257650437765e-03 1.445916714147e-03 1.491975272074e-03 1.378335175104e-03 1.406114432029e-03 1.609428436495e-03 1.224936568178e-03 9.709063451737e-04 1.108981901780e-03 1.625988050364e-03 1.858721137978e-03 3.410892095417e-03 5.930949002504e-03 1.291385293007e-02 3.130484372377e-02 1.958102732897e-02 1.214198581874e-02 9.660527110100e-03 9.208329021931e-03 2.986070932820e-03 2.617593621835e-03 2.858193591237e-03 4.467837512493e-03 9.649354964495e-03 2.244363166392e-02 3.781903982162e-01 7.202507853508e-01 9.718918055296e-02 6.641849875450e-02 3.424894064665e-02 2.412842214108e-02 2.599326334894e-02 5.046544596553e-02
3.074932610616e-04 5.590518121608e-04 6.216093315743e-04 6.219611968845e-04 6.246766424738e-04 8.055455400608e-04 1.057452405803e-03 1.301072421484e-03 1.446211012080e-03 1.417115447111e-03 1.191911986098e-03 1.086875563487e-03 1.180185354315e-03 1.140664331615e-03 1.013599103317e-03 1.245094463229e-03 1.449187984690e-03 1.156157115474e-03 8.993421797641e-04 2.685512648895e-03 3.354468615726e-03 2.513078041375e-03 3.336557652801e-03 5.869420710951e-03 1.111628767103e-02 1.104979291558e-01 2.397509664297e-02 2.111768350005e-02 8.936545811594e-03 1.768693444319e-03 1.548298983835e-03 1.622617128305e-03 1.896943431348e-03 2.340891398489e-03 3.157914848998e-03 1.687311008573e-02 1.172470077872e-01 2.993144392967e-01 7.710663974285e-02 4.361399635673e-02 1.239108201116e-02 8.066990412772e-03 8.801045827568e-03
2.847405849025e-04 6.764253485017e-04 9.142829221673e-04 1.055072876625e-03 1.098721753806e-03 1.013824949041e-03 9.013467933983e-04 8.269776590168e-04 1.035707886331e-03 1.187909627333e-03 1.185157452710e-03 1.026552170515e-03 8.807619451545e-04 1.099288347177e-03 1.147761708125e-03 1.025427482091e-03 1.193803269416e-03 1.545522012748e-03 1.223543426022e-03 2.574108075351e-03 2.737082540989e-03 2.345715882257e-03 2.609346294776e-03 2.826502546668e-03 6.456816568971e-03 2.267600782216e-02 2.314191311598e-02 5.927894730121e-03 2.761936048046e-03 1.710433978587e-03 1.282483339310e-03 1.095624524169e-03 1.081402064301e-03 1.360736438073e-03 1.769113121554e-03 5.989015568048e-03 3.053354658186e-02 1.093370690942e-01 1.319008022547e-01 2.036561444402e-02 8.813749067485e-03 5.652358289808e-03 5.337456241250e-03
4.306932969484e-04 1.013310276903e-03 1.294337911531e-03 1.454858458601e-03 1.494458294474e-03 1.428114133887e-03 1.340515213087e-03 1.205954700708e-03 1.040873234160e-03 8.509792387486e-04 9.506921051070e-04 9.994816500694e-04 9.577857563272e-04 1.115857739933e-03 1.279754331335e-03 1.208654721268e-03 1.018331851810e-03 1.621636911295e-03 1.733757439069e-03 4.563384689391e-03 2.922953572124e-03 2.106191590428e-03 1.427978975698e-03 1.477593323216e-03 2.777545014396e-03 2.049542963505e-02 2.821527980268e-02 5.366860888898e-03 3.521017031744e-03 1.788084744476e-03 1.109826145694e-03 7.726688636467e-04 6.870036595501e-04 7.174369529821e-04 1.106556272134e-03 1.851140405051e-03 1.241599302739e-02 3.863928094506e-02 1.025746986270e-01 5.006204918027e-02 2.390444837511e-02 4.708773922175e-03 4.010294564068e-03
2.953333314508e-04 6.411928334273e-04 7.992249447852e-04 8.766820537858e-04 8.501028642058e-04 8.551622158848e-04 9.559093159623e-04 1.067900913768e-03 1.173110911623e-03 1.174493227154e-03 1.011692336760e-03 7.694925880060e-04 9.066889178939e-04 9.935320122167e-04 9.945509955287e-04 9.990576654673e-04 1.040681381710e-03 1.708577619866e-03 2.362939761952e-03 3.936970140785e-03 3.025433979928e-03 2.375488635153e-03 1.170956064016e-03 1.174781471491e-03 2.359626116231e-03 7.691130042076e-03 6.255587562919e-03 4.164668731391e-03 3.295534756035e-03 1.828078529797e-03 1.018194132484e-03 8.432260947302e-04 7.437951862812e-04 7.272494840436e-04 9.264298132621e-04 1.574396854267e-03 3.325874684379e-03 1.663586869836e-02 1.961159147322e-02 1.193507947028e-02 7.227368187159e-03 3.583084326237e-03 3.266512649134e-03
2.774117747322e-04 5.054493085481e-04 7.484830566682e-04 9.539606398903e-04 1.137003302574e-03 1.342763891444e-03 1.568553270772e-03 1.812570146285e-03 2.038214821368e-03 2.103119855747e-03 1.881307689473e-03 1.399448490702e-03 9.027534979396e-04 9.368687751703e-04 1.157384947874e-03 1.257749041542e-03 1.560481614433e-03 1.810178975575e-03 2.120768185705e-03 3.716153325513e-03 2.675758674741e-03 1.761356485076e-03 9.364431607537e-04 9.133216226473e-04 1.707935472950e-03 1.982240239158e-03 2.842983230948e-02 2.853099722415e-03 2.690825611353e-03 1.614902052097e-03 9.461197187193e-04 7.587085128762e-04 7.241306593642e-04 7.653355132788e-04 9.827818721533e-04 1.338225556538e-03 2.244876464829e-03 2.766906516626e-03 5.798451136798e-03 7.667863741517e-03 4.791840910912e-03 2.883716253564e-03 3.710999619216e-03
2.752155705821e-04 4.970725858584e-04 6.880808505230e-04 8.492122869939e-04 1.011969521642e-03 1.211032969877e-03 1.421249238774e-03 1.633185427636e-03 1.831678324379e-03 1.939812093042e-03 1.840237528086e-03 1.992535777390e-03 2.077007899061e-03 2.079891972244e-03 1.984650501981e-03 1.800046651624e-03 2.141194418073e-03 1.558166113682e-03 2.106816740707e-03 6.708335597068e-03 2.467431360856e-03 1.241112593561e-03 8.785068639554e-04 7.366242934950e-04 1.016472466290e-03 2.809553174302e-03 9.677787311375e-03 2.236915286630e-03 2.854333026335e-03 1.204876345582e-03 8.942981366999e-04 6.843804148957e-04 6.933116237633e-04 7.887509418651e-04 1.039649243467e-03 1.237255404703e-03 1.378277782351e-03 2.228202298284e-03 4.879743792117e-03 5.705314688385e-03 3.558273427188e-03 2.646645065397e-03 3.425784874707e-03
