VariationalSeries/SI/f122.grd
DSAA
101	101
32.816463539100	34.260883539100
35.556306596100	36.727886596100
5.775234512839e-06	9.772937893867e-01
[rows 57 to 75 of 101, columns 0 to 42 of 101]
3.213511081412e-04 5.278958124109e-04 5.741383065470e-04 5.749106057920e-04 6.046641501598e-04 7.396321161650e-04 8.282217313536e-04 9.081781608984e-04 9.829619666561e-04 1.004756195471e-03 9.739737724885e-04 1.361663569696e-03 2.333569573238e-03 1.276090857573e-03 9.262425010093e-04 1.396409585141e-03 1.251192763448e-03 1.412317273207e-03 1.708294847049e-03 1.769272610545e-03 1.829929766245e-03 1.368369325064e-03 9.523360640742e-04 8.382686646655e-04 9.096086723730e-04 1.259610988200e-03 2.010616473854e-03 2.491859719157e-03 1.940729678608e-03 1.135877566412e-03 8.908774470910e-04 7.017841562629e-04 7.355450652540e-04 8.870428428054e-04 1.049191458151e-03 1.348491990939e-03 1.555560855195e-03 1.672188402154e-03 2.757740905508e-03 3.622486488894e-03 3.114262130111e-03 2.767333528027e-03 3.101763548329e-03
4.067495174240e-04 6.658389465883e-04 7.605784921907e-04 7.721087313257e-04 7.639928371646e-04 7.434334256686e-04 7.418398163281e-04 7.774151745252e-04 8.103068103082e-04 1.314478693530e-03 4.266184289008e-03 4.941848106682e-03 1.846888335422e-03 9.596284362487e-04 9.641228825785e-04 8.949238108471e-04 9.682630188763e-04 9.640699718148e-04 1.108581200242e-03 1.405522460118e-03 1.698878360912e-03 1.816330826841e-03 1.271406305023e-03 8.009065059014e-04 9.226459660567e-04 1.406811526977e-03 2.122664824128e-03 2.273011254147e-03 2.309554954991e-03 1.470257993788e-03 8.841496310197e-04 8.039092645049e-04 7.684392039664e-04 9.229470742866e-04 1.090397592634e-03 1.129581942223e-03 1.161017571576e-03 1.208145054989e-03 1.219479716383e-03 1.316221081652e-03 1.591290463693e-03 2.180576324463e-03 2.514051040635e-03
5.437555373646e-04 8.940092520788e-04 1.034336048178e-03 1.474028569646e-03 1.889667240903e-03 2.395977033302e-03 3.151312237605e-03 4.597212187946e-03 8.443627506495e-03 1.193370949477e-02 7.941236719489e-03 2.021620748565e-03 1.373581588268e-03 1.202517189085e-03 8.752576541156e-04 9.136894368567e-04 9.651705622673e-04 9.489514050074e-04 9.115900029428e-04 9.726062417030e-04 1.639834721573e-03 1.859532319941e-03 1.320107956417e-03 7.603918784298e-04 5.968885961920e-04 9.198797633871e-04 1.303564407863e-03 1.350123551674e-03 1.406927825883e-03 1.146109309047e-03 7.994926418178e-04 8.396122138947e-04 7.957720663399e-04 8.935699006543e-04 1.078593544662e-03 1.118403160945e-03 1.065880525857e-03 9.768217569217e-04 9.008502820507e-04 1.008591032587e-03 1.288759172894e-03 1.649260404520e-03 2.188273705542e-03
5.314161535352e-04 9.651329019107e-04 1.676535350271e-03 2.387637970969e-03 3.016700735316e-03 3.990820143372e-03 5.804064217955e-03 8.670213632286e-03 8.719675242901e-03 4.036023281515e-03 9.815359953791e-04 1.144501264207e-03 1.244493527338e-03 1.105735194869e-03 9.858671110123e-04 1.034600310959e-03 1.035972731188e-03 9.933502878994e-04 7.787973736413e-04 7.609838503413e-04 1.181500963867e-03 1.318877795711e-03 9.797684615478e-04 6.139971083030e-04 4.725459730253e-04 5.109437042847e-04 6.853457889520e-04 8.480505784974e-04 9.894858812913e-04 8.590610814281e-04 7.862997590564e-04 7.338541909121e-04 7.837697630748e-04 8.683630730957e-04 1.041921670549e-03 1.068324316293e-03 9.671295993030e-04 8.275625878014e-04 7.615566137247e-04 8.464705897495e-04 1.244671759196e-03 1.560765784234e-03 2.002958208323e-03
3.222598752473e-04 5.618148716167e-04 6.868156488054e-04 7.229953771457e-04 7.244001608342e-04 7.213519420475e-04 7.151729078032e-04 7.000153418630e-04 6.868912023492e-04 6.720880046487e-04 6.308762822300e-04 6.663943640888e-04 7.238321704790e-04 9.261568193324e-04 1.041348907165e-03 1.087237265892e-03 1.045777113177e-03 9.274379699491e-04 6.850404897705e-04 5.493999342434e-04 6.615164456889e-04 6.868346245028e-04 5.424026167020e-04 4.026514361612e-04 3.550090768840e-04 3.853921662085e-04 4.951960290782e-04 5.957029061392e-04 7.136145723052e-04 7.687862380408e-04 7.280621211976e-04 6.509947706945e-04 7.530262228101e-04 9.116831934080e-04 1.087891636416e-03 1.052911044098e-03 8.747973479331e-04 6.949143717065e-04 7.716000545770e-04 8.638598374091e-04 1.278233132325e-03 1.587424310856e-03 1.886564772576e-03
1.516116608400e-04 2.826205745805e-04 3.665287222248e-04 4.048409173265e-04 4.197814560030e-04 4.320796579123e-04 4.438306204975e-04 4.525296099018e-04 4.661851271521e-04 4.798923619092e-04 4.703909798991e-04 4.422964993864e-04 4.481966025196e-04 5.949366604909e-04 6.997036980465e-04 7.363077020273e-04 6.696013151668e-04 5.955977831036e-04 5.030433530919e-04 4.293820820749e-04 3.526347572915e-04 3.293053596281e-04 2.720594056882e-04 3.004164318554e-04 3.543409984559e-04 3.727455332410e-04 4.102939274162e-04 4.945411346853e-04 6.039470317774e-04 6.611837306991e-04 6.519061862491e-04 6.159973563626e-04 7.514951867051e-04 1.009023631923e-03 1.172338379547e-03 1.058587571606e-03 7.940670475364e-04 6.859173881821e-04 7.905680104159e-04 9.224259993061e-04 1.238991739228e-03 1.408290700056e-03 1.624682452530e-03
1.040135466610e-04 1.752224634402e-04 2.176192356274e-04 2.486692974344e-04 2.675701689441e-04 2.841033274308e-04 2.999514108524e-04 3.132271231152e-04 3.291725879535e-04 3.455047844909e-04 3.477247373667e-04 3.365883312654e-04 3.238335193601e-04 3.123993810732e-04 3.138735773973e-04 3.559758479241e-04 3.754177014343e-04 3.703797701746e-04 3.405182214919e-04 3.254468610976e-04 2.817999047693e-04 2.644284686539e-04 2.315522142453e-04 3.058217116632e-04 3.769495815504e-04 4.130273300689e-04 4.109551664442e-04 4.089223803021e-04 4.988733562641e-04 5.552185466513e-04 5.690330872312e-04 5.659554735757e-04 7.624603458680e-04 1.066712895408e-03 1.176959020086e-03 9.826248278841e-04 6.944522610866e-04 6.891514640301e-04 8.261134498753e-04 9.273652685806e-04 1.076022745110e-03 1.238589524291e-03 1.271841581911e-03
8.412847819272e-05 1.433251600247e-04 1.806923683034e-04 1.987548021134e-04 2.116616233252e-04 2.226078504464e-04 2.306568057975e-04 2.322094369447e-04 2.410464221612e-04 2.504310978111e-04 2.524557348806e-04 2.482709533069e-04 2.441052201902e-04 2.385683910688e-04 2.467401209287e-04 2.835063205566e-04 3.013581444975e-04 2.973962691613e-04 2.750848943833e-04 2.559533750173e-04 2.736031892709e-04 2.656969008967e-04 2.297489700140e-04 3.052485117223e-04 3.850490320474e-04 4.339690203778e-04 4.399906902108e-04 4.264821473043e-04 4.392971750349e-04 4.817343433388e-04 5.019706441090e-04 5.264033097774e-04 7.578760269098e-04 1.042775460519e-03 1.073714112863e-03 8.445639396086e-04 6.470897351392e-04 7.094144239090e-04 8.644742192701e-04 9.126671357080e-04 9.532520198263e-04 1.031016348861e-03 9.466100600548e-04
8.111567149172e-05 1.299601426581e-04 1.648703910178e-04 1.809565001167e-04 1.878689072328e-04 1.938436325872e-04 1.959988730960e-04 1.923949894262e-04 1.933307212312e-04 1.958395441761e-04 1.962515671039e-04 2.037598169409e-04 2.097061078530e-04 2.145470934920e-04 2.203104959335e-04 2.301478089066e-04 2.460925607011e-04 2.484222641215e-04 2.508781035431e-04 2.424574777251e-04 2.512018836569e-04 2.625937631819e-04 2.331453579245e-04 2.891537733376e-04 3.652320010588e-04 4.159677191637e-04 4.250404308550e-04 4.185161378700e-04 4.417866293807e-04 4.547941789497e-04 4.635256773327e-04 4.918997292407e-04 7.104136166163e-04 9.354758076370e-04 9.086299105547e-04 7.247819448821e-04 6.310860044323e-04 7.600788958371e-04 8.745838422328e-04 8.529885089956e-04 8.288859389722e-04 8.356584003195e-04 7.688698242418e-04
7.595782517456e-05 1.205962180393e-04 1.513257302577e-04 1.649370824452e-04 1.707550545689e-04 1.750801311573e-04 1.755865814630e-04 1.717947598081e-04 1.705106697045e-04 1.833769492805e-04 1.944740215549e-04 2.044923021458e-04 2.133644593414e-04 2.208324149251e-04 2.276226878166e-04 2.342119842069e-04 2.390957670286e-04 2.399064833298e-04 2.352002193220e-04 2.304240188096e-04 2.309190313099e-04 2.532755024731e-04 2.394448965788e-04 2.623291802593e-04 3.267469292041e-04 3.715725033544e-04 4.325703775976e-04 4.724519385491e-04 4.744391771965e-04 4.592215409502e-04 4.491154686548e-04 4.560282104649e-04 6.240025977604e-04 7.788519724272e-04 7.456906605512e-04 6.455559050664e-04 6.812724168412e-04 7.730902289040e-04 8.267498924397e-04 7.494838209823e-04 6.941944593564e-04 6.596368039027e-04 6.577360327356e-04
7.003387145232e-05 1.110014854930e-04 1.390583638567e-04 1.520443038316e-04 1.575317000970e-04 1.599201787030e-04 1.587719598319e-04 1.570002932567e-04 1.598422240932e-04 1.735582045512e-04 1.859290932771e-04 1.975375489565e-04 2.082108840114e-04 2.171670639655e-04 2.241293259431e-04 2.286773669766e-04 2.293033030583e-04 2.496846718714e-04 2.548957127146e-04 2.364715619478e-04 2.159236901207e-04 2.322849613847e-04 2.370672154939e-04 2.357861812925e-04 2.874914498534e-04 3.246039559599e-04 3.945718635805e-04 4.586415016092e-04 4.738789575640e-04 4.584272683132e-04 4.399262252264e-04 4.339247243479e-04 4.978788783774e-04 6.039588479325e-04 5.925977020524e-04 5.473833880387e-04 5.891369655728e-04 6.550890393555e-04 6.775836227462e-04 5.893465713598e-04 5.440007080324e-04 5.044136778452e-04 4.963622195646e-04
6.503949407488e-05 1.032527361531e-04 1.298747520195e-04 1.428019459127e-04 1.475408644183e-04 1.478570775362e-04 1.455222372897e-04 1.452730357414e-04 1.509466528660e-04 1.567068102304e-04 1.690386416158e-04 1.810737740016e-04 1.922256196849e-04 2.016307844315e-04 2.084559091600e-04 2.178019058192e-04 2.400487428531e-04 2.701761259232e-04 2.834638871718e-04 2.757159527391e-04 2.522795984987e-04 2.243219787488e-04 2.301780914422e-04 2.331696305191e-04 2.560985158198e-04 2.858537191059e-04 2.945539890788e-04 3.568976244424e-04 4.039140767418e-04 4.182844713796e-04 4.133433976676e-04 4.184812132735e-04 4.315771220718e-04 4.467064572964e-04 4.397394659463e-04 4.251368227415e-04 4.539475776255e-04 5.233670817688e-04 5.576055846177e-04 4.589241580106e-04 4.113370378036e-04 3.673819592223e-04 4.036062746309e-04
6.141818448668e-05 9.779021638678e-05 1.234851079062e-04 1.357352011837e-04 1.390036341036e-04 1.379052555421e-04 1.355462736683e-04 1.347675715806e-04 1.388672535541e-04 1.447196700610e-04 1.469309354434e-04 1.586093130754e-04 1.693561207503e-04 1.785797066987e-04 1.870933192549e-04 2.086995664285e-04 2.439749951009e-04 2.783554373309e-04 3.016359696630e-04 3.085951320827e-04 3.000513825100e-04 2.820548252203e-04 2.603884204291e-04 2.404521510471e-04 2.318801707588e-04 2.565845206846e-04 2.610158990137e-04 2.502296119928e-04 3.067315265071e-04 3.521196194924e-04 3.821575955953e-04 4.044080851600e-04 4.180504183751e-04 4.052794538438e-04 3.638661291916e-04 3.559978213161e-04 4.000000481028e-04 4.963435349055e-04 5.758191691712e-04 5.178133142181e-04 3.814463561866e-04 3.415433748160e-04 3.882993478328e-04
6.008975833538e-05 9.552239498589e-05 1.201689374284e-04 1.309750368819e-04 1.326791680185e-04 1.308150385739e-04 1.297483686358e-04 1.314891560469e-04 1.310440129600e-04 1.324192562606e-04 1.345105119981e-04 1.486732508056e-04 1.635518419789e-04 1.789870293578e-04 1.926387049025e-04 2.131846267730e-04 2.478806418367e-04 2.830117300618e-04 3.145954979118e-04 3.341164847370e-04 3.373798099346e-04 3.289140295237e-04 3.145730588585e-04 2.999591233674e-04 2.913833304774e-04 2.858906809706e-04 2.754261076916e-04 2.597632992547e-04 3.036444832105e-04 3.407269250602e-04 3.684762923513e-04 3.938341978937e-04 4.073134041391e-04 3.805217565969e-04 3.628791891970e-04 3.685833653435e-04 4.028454131912e-04 4.794155829586e-04 5.543056759052e-04 5.032586632296e-04 3.889920189977e-04 3.399827692192e-04 3.867972118314e-04
6.107464287197e-05 9.658072667662e-05 1.204081854667e-04 1.298572169617e-04 1.304085744778e-04 1.277841074625e-04 1.277183182538e-04 1.275344257010e-04 1.303430326516e-04 1.310556981480e-04 1.392694102833e-04 1.532854803372e-04 1.669935008977e-04 1.800453610485e-04 1.905929530039e-04 2.192527463194e-04 2.585047623143e-04 2.956120297313e-04 3.314627392683e-04 3.574392176233e-04 3.658601490315e-04 3.603356890380e-04 3.468828799669e-04 3.301784163341e-04 3.164484805893e-04 3.028912178706e-04 2.802549861372e-04 2.590765070636e-04 2.974192611873e-04 3.297117946204e-04 3.574700967874e-04 3.842563601211e-04 3.931994142476e-04 3.613698645495e-04 3.678069624584e-04 3.793622308876e-04 4.117575008422e-04 4.645595909096e-04 5.005847197026e-04 4.404922365211e-04 3.638106281869e-04 3.155615995638e-04 3.588021791074e-04
6.262887472985e-05 9.873199451249e-05 1.221756683663e-04 1.308219361817e-04 1.306979247602e-04 1.290771324420e-04 1.345493801637e-04 1.383716153214e-04 1.405521761626e-04 1.409055694239e-04 1.396871666657e-04 1.472967996961e-04 1.638482062845e-04 1.833456626628e-04 1.896548492368e-04 2.146509068552e-04 2.642808831297e-04 3.070710226893e-04 3.409960772842e-04 3.623708616942e-04 3.671070444398e-04 3.571968991309e-04 3.386646276340e-04 3.169307019562e-04 2.965452440549e-04 2.760580973700e-04 2.471875050105e-04 2.587746421341e-04 2.917147066910e-04 3.208115231246e-04 3.473235410638e-04 3.694565966725e-04 3.696302592289e-04 3.415198298171e-04 3.716894716490e-04 4.626011650544e-04 4.371194809210e-04 4.642880812753e-04 4.468077386264e-04 3.787726745941e-04 3.290031454526e-04 2.869818999898e-04 3.254932526033e-04
6.173755537020e-05 9.701025555842e-05 1.193388961838e-04 1.273185189348e-04 1.271405781154e-04 1.295644033235e-04 1.330963568762e-04 1.348252553726e-04 1.352832914563e-04 1.344928896287e-04 1.355332060484e-04 1.521740341559e-04 1.771379756974e-04 1.984220143640e-04 2.047918824246e-04 2.003394911299e-04 2.525181917008e-04 2.962235594168e-04 3.208689158782e-04 3.295919741504e-04 3.250285517424e-04 3.073994594160e-04 2.838940417860e-04 2.634839329403e-04 2.469228929840e-04 2.293976722285e-04 2.318081533303e-04 2.566371986177e-04 2.857546787709e-04 3.119110187981e-04 3.347370075062e-04 3.474049444776e-04 3.377234970685e-04 3.274061309639e-04 3.879133146256e-04 4.152876790613e-04 4.257163091097e-04 4.662766586989e-04 4.517324268818e-04 3.701240348164e-04 3.183537337463e-04 2.925808948930e-04 3.159649204463e-04
5.653695188812e-05 8.827034616843e-05 1.079424400814e-04 1.148754308815e-04 1.226037275046e-04 1.279175339732e-04 1.256230025319e-04 1.188259338960e-04 1.173551499960e-04 1.263233280042e-04 1.380040630465e-04 1.596110669198e-04 1.887339021778e-04 2.107821201207e-04 2.169531071559e-04 2.133237721864e-04 2.310963463970e-04 2.682576014195e-04 2.821481321007e-04 2.790991566144e-04 2.652716066223e-04 2.407183783362e-04 2.321415231563e-04 2.750188868959e-04 2.790681610350e-04 2.676986914594e-04 2.623941109050e-04 2.634896954987e-04 2.778145426419e-04 3.005721664522e-04 3.164705703966e-04 3.169868141413e-04 2.976436226163e-04 3.022782038897e-04 3.537633165251e-04 5.030660540797e-04 4.321582382545e-04 6.057472783141e-04 5.375705659389e-04 4.519478825387e-04 3.831042558886e-04 3.153844736516e-04 3.557935997378e-04
5.884427082492e-05 8.673935371917e-05 1.064455573214e-04 1.230400521308e-04 1.355427521048e-04 1.384952047374e-04 1.344885677099e-04 1.269439235330e-04 1.181531697512e-04 1.274588721571e-04 1.413326244801e-04 1.675089297350e-04 1.997118088184e-04 2.221559843747e-04 2.282290806761e-04 2.246506337542e-04 2.121241413988e-04 2.442942641210e-04 2.536796673667e-04 2.677421434782e-04 3.633091691881e-04 3.328763705213e-04 2.520204870962e-04 2.868043666240e-04 2.785856195260e-04 2.567922347225e-04 2.440040843794e-04 2.449406310916e-04 2.682879276108e-04 2.858373336494e-04 2.919462858699e-04 2.805044350680e-04 2.549548225943e-04 2.714570146054e-04 3.009240608662e-04 4.470003186725e-04 5.600621225312e-04 8.791002328508e-04 8.131723734550e-04 5.351302679628e-04 4.074909666087e-04 3.754756762646e-04 4.610710893758e-04
