VariationalSeries/SI/f124_max.grd
DSAA
101	101
32.816463539100	34.260883539100
35.556306596100	36.727886596100
4.382663064462e-06	7.449136376381e-01
[rows 38 to 56 of 101, columns 0 to 42 of 101]
1.724957022816e-03 3.639925271273e-03 3.937081433833e-03 4.101743921638e-03 4.908074624836e-03 6.017859093845e-03 6.950958631933e-03 7.888505235314e-03 8.668811991811e-03 7.921108044684e-03 6.505771540105e-03 5.314471200109e-03 5.289465654641e-03 5.214802455157e-03 5.521594546735e-03 6.233931519091e-03 7.054298184812e-03 1.295326277614e-02 2.097983658314e-02 2.249523811042e-02 1.809424534440e-02 1.513954997063e-02 1.023573707789e-02 1.198820210993e-02 2.367171458900e-02 3.080855682492e-02 2.972040884197e-02 2.128813229501e-02 1.544849295169e-02 1.701487414539e-02 1.788170449436e-02 2.211162075400e-02 3.028019890189e-02 2.963910810649e-02 2.785288728774e-02 1.677321828902e-02 2.293438836932e-02 2.578562498093e-02 2.534405700862e-02 3.900858759880e-02 4.292786121368e-02 6.278073787689e-02 5.087449029088e-02
2.574974205345e-03 4.584787413478e-03 3.846153616905e-03 3.724909154698e-03 5.309328902513e-03 6.455814000219e-03 8.480831049383e-03 1.067042164505e-02 1.189953647554e-02 1.114495564252e-02 8.107641711831e-03 6.306975148618e-03 5.442811641842e-03 5.561442114413e-03 5.968951154500e-03 6.452589761466e-03 6.876761093736e-03 7.248580921441e-03 1.140903960913e-02 1.597543060780e-02 1.631757803261e-02 1.576087251306e-02 1.627968624234e-02 1.369305606931e-02 1.269632112235e-02 1.415003463626e-02 1.902861893177e-02 3.584425896406e-02 4.805699363351e-02 4.876996949315e-02 3.825919330120e-02 1.886669173837e-02 2.142337337136e-02 1.825410313904e-02 3.638096153736e-02 3.259664773941e-02 2.123823761940e-02 2.564886212349e-02 3.140591084957e-02 3.559251129627e-02 4.790440201759e-02 5.785761401057e-02 6.726183742285e-02
2.932742703706e-03 5.841564387083e-03 5.534345284104e-03 4.806749522686e-03 6.349518895149e-03 7.813165895641e-03 9.481016546488e-03 1.247405447066e-02 1.352106966078e-02 1.347466278821e-02 9.217158891261e-03 6.195464171469e-03 6.233447697014e-03 5.390620324761e-03 4.489105194807e-03 5.032507237047e-03 5.951962433755e-03 6.436150521040e-03 6.787099409848e-03 8.984564803541e-03 1.325115934014e-02 1.871888339520e-02 2.236136607826e-02 2.254555001855e-02 2.231219597161e-02 1.488531380892e-02 1.165467128158e-02 1.230668555945e-02 1.209849771112e-02 1.514955423772e-02 3.195688873529e-02 5.087058991194e-02 6.029216945171e-02 5.037170648575e-02 2.559625357389e-02 2.544119209051e-02 4.470624774694e-02 3.717633336782e-02 3.855592384934e-02 3.832525759935e-02 3.547951206565e-02 4.801445081830e-02 7.274030894041e-02
4.182314500213e-03 7.120796479285e-03 8.273733779788e-03 8.499917574227e-03 7.660257630050e-03 9.174834936857e-03 9.158300235868e-03 8.759086951613e-03 8.758108131588e-03 1.080016419291e-02 1.164770871401e-02 1.009649317712e-02 7.477830164135e-03 6.663423497230e-03 6.886234506965e-03 8.517696522176e-03 9.879973717034e-03 1.104680448771e-02 1.079069916159e-02 7.846185006201e-03 8.692707866430e-03 1.147047616541e-02 1.297873165458e-02 1.741510815918e-02 2.163662575185e-02 2.572146244347e-02 2.871342189610e-02 2.788518369198e-02 2.880602516234e-02 3.143853321671e-02 3.477749228477e-02 3.361399844289e-02 5.204590409994e-02 5.885861441493e-02 4.206172004342e-02 5.348813906312e-02 5.938304960728e-02 5.047008767724e-02 5.722180381417e-02 4.626333713531e-02 3.230413794518e-02 5.648685991764e-02 4.707415401936e-02
4.289804492146e-03 7.613997440785e-03 8.541071787477e-03 7.762477267534e-03 8.565893396735e-03 1.080608461052e-02 1.073718350381e-02 9.205373935401e-03 1.110376603901e-02 9.245741181076e-03 8.805807679892e-03 1.227943040431e-02 1.273850724101e-02 9.587918408215e-03 8.883082307875e-03 8.185762912035e-03 8.492114953697e-03 1.136869285256e-02 1.531705353409e-02 1.556728128344e-02 9.806400164962e-03 1.116218697280e-02 1.427576784045e-02 1.187431532890e-02 1.374362781644e-02 1.661783084273e-02 2.198671735823e-02 3.324405848980e-02 4.475807398558e-02 4.098378121853e-02 3.904977813363e-02 2.885152958333e-02 2.884338982403e-02 5.435472726822e-02 5.204565823078e-02 6.564365327358e-02 4.339639842510e-02 6.161487475038e-02 5.410718545318e-02 7.808467000723e-02 8.076012134552e-02 6.372906267643e-02 7.151424884796e-02
8.346586488187e-03 1.618675515056e-02 1.209714077413e-02 1.019959710538e-02 9.981332346797e-03 8.982019498944e-03 9.265261702240e-03 1.128066703677e-02 1.116837747395e-02 9.058302268386e-03 1.120941247791e-02 7.642728742212e-03 9.814505465329e-03 1.374949701130e-02 1.193028874695e-02 1.029112935066e-02 1.289085578173e-02 2.792433649302e-02 3.288040682673e-02 1.818234473467e-02 1.947332359850e-02 1.133335474879e-02 1.327486801893e-02 1.887000538409e-02 1.260102447122e-02 1.154228486121e-02 1.233103778213e-02 1.340026222169e-02 1.710517704487e-02 1.944518461823e-02 2.076991833746e-02 2.282760851085e-02 3.107531182468e-02 4.887522384524e-02 3.341851383448e-02 3.097714670002e-02 4.530489072204e-02 5.181572213769e-02 3.453389182687e-02 7.156131416559e-02 7.328631728888e-02 8.030996471643e-02 9.841927886009e-02
1.326113846153e-02 2.432704530656e-02 1.972759887576e-02 1.540730893612e-02 1.420946884900e-02 1.145169511437e-02 1.578139886260e-02 1.384750567377e-02 1.413675677031e-02 1.105854008347e-02 8.612984791398e-03 1.058507896960e-02 9.506708011031e-03 6.260495632887e-03 1.165149267763e-02 1.366080064327e-02 9.934966452420e-03 8.490945212543e-03 1.551842223853e-02 1.038106158376e-02 1.805193163455e-02 2.124609053135e-02 2.113726548851e-02 1.840384863317e-02 2.537688612938e-02 1.564143598080e-02 1.471032295376e-02 1.905595697463e-02 2.234705723822e-02 1.713210344315e-02 2.164196036756e-02 2.667178399861e-02 3.162145987153e-02 3.713756799698e-02 4.726797714829e-02 3.587070107460e-02 3.996952995658e-02 4.471107199788e-02 4.240210726857e-02 6.064903363585e-02 5.680980905890e-02 8.219869434834e-02 8.334464579821e-02
5.276004318148e-03 1.099546346813e-02 1.316163223237e-02 1.549974922091e-02 1.583585515618e-02 1.759080775082e-02 1.858092844486e-02 1.601859368384e-02 1.435037236661e-02 1.372817531228e-02 1.287965755910e-02 1.188982464373e-02 1.121123600751e-02 1.055173110217e-02 1.142536848783e-02 9.762136265635e-03 6.970420014113e-03 8.215347304940e-03 8.654817007482e-03 1.180368475616e-02 1.107744686306e-02 1.847326569259e-02 1.966093480587e-02 2.120716124773e-02 2.475533634424e-02 2.804187685251e-02 3.054198436439e-02 3.182723745704e-02 3.256844729185e-02 3.510936722159e-02 3.568451106548e-02 3.753573447466e-02 3.991057723761e-02 3.320657089353e-02 2.869603037834e-02 4.014457389712e-02 4.864744469523e-02 7.429374009371e-02 8.925536274910e-02 8.274866640568e-02 7.896214723587e-02 8.206918835640e-02 6.850303709507e-02
5.149927921593e-03 1.081786490977e-02 1.231492217630e-02 1.366555877030e-02 1.530707534403e-02 1.564215309918e-02 1.437667105347e-02 1.164516247809e-02 1.101035717875e-02 1.326355058700e-02 1.557459682226e-02 1.477371063083e-02 1.116291806102e-02 7.280673831701e-03 7.789289578795e-03 4.505479242653e-03 2.613763790578e-03 2.891217824072e-03 3.844856051728e-03 4.639939870685e-03 1.380124688148e-02 2.434010244906e-02 2.092473208904e-02 2.609674260020e-02 2.517592906952e-02 3.107238933444e-02 3.211338073015e-02 3.043634444475e-02 2.841289713979e-02 3.277181461453e-02 3.457269445062e-02 4.468264058232e-02 5.715619772673e-02 6.231401488185e-02 5.328691378236e-02 4.509421437979e-02 5.004938319325e-02 3.596677631140e-02 5.479405447841e-02 5.613352730870e-02 8.769888430834e-02 8.209462463856e-02 8.855369687080e-02
1.377972424962e-03 2.770983846858e-03 2.927236258984e-03 3.146267728880e-03 4.378370009363e-03 6.113808136433e-03 8.037203922868e-03 8.657517842948e-03 8.399655111134e-03 7.758285850286e-03 7.917835377157e-03 1.006209105253e-02 1.003750320524e-02 8.153447881341e-03 5.256996024400e-03 4.114551004022e-03 2.106025582179e-03 1.788395224139e-03 1.997740939260e-03 4.271387122571e-03 9.598937816918e-03 2.027768455446e-02 5.077859014273e-02 4.781176149845e-02 4.297897964716e-02 4.037879034877e-02 3.893085569143e-02 3.786747530103e-02 3.966846689582e-02 4.586956277490e-02 5.198913067579e-02 5.889725685120e-02 1.007703021169e-01 5.661929026246e-02 1.268518567085e-01 8.630450814962e-02 6.876717507839e-02 7.483991235495e-02 9.276036173105e-02 1.078754365444e-01 1.142594143748e-01 1.074432730675e-01 1.076611205935e-01
1.253968337551e-03 2.423098543659e-03 2.640136517584e-03 2.646028297022e-03 4.398060031235e-03 6.508870981634e-03 6.778432521969e-03 5.532888229936e-03 4.084382206202e-03 3.345565404743e-03 4.245035350323e-03 5.268934648484e-03 5.041693802923e-03 4.047561902553e-03 2.977204043418e-03 2.113013062626e-03 1.538175973110e-03 1.134844264016e-03 1.157656544819e-03 3.790503833443e-03 1.213753130287e-02 2.106476761401e-02 2.079064399004e-02 4.343388974667e-02 1.052815839648e-01 5.349164456129e-02 3.340213745832e-02 3.027817606926e-02 3.156707063317e-02 3.445794433355e-02 5.916435271502e-02 8.485110849142e-02 4.489024728537e-02 6.704499572515e-02 1.218697726727e-01 2.204527705908e-01 9.031353145838e-02 7.255408167839e-02 6.419355422258e-02 7.068249583244e-02 6.057198718190e-02 1.127979159355e-01 1.325276196003e-01
6.507425568998e-04 1.352100982331e-03 1.621776609682e-03 1.800876227207e-03 2.337293932214e-03 3.755372483283e-03 4.302407149225e-03 3.732417477295e-03 2.887180773541e-03 2.170010469854e-03 1.792388735339e-03 1.711250049993e-03 1.363568473607e-03 1.212027156726e-03 1.447648042813e-03 1.105140778236e-03 1.013698754832e-03 8.523625438102e-04 1.013538800180e-03 1.533026224934e-03 2.593922428787e-03 7.040650118142e-03 7.399583235383e-03 1.005468331277e-02 3.840668499470e-02 4.075933992863e-02 1.520305685699e-02 8.407503366470e-03 8.762588724494e-03 2.805824577808e-02 3.719790652394e-02 4.046522825956e-02 4.228448495269e-02 3.479292243719e-02 5.107763037086e-02 1.464148014784e-01 7.893864810467e-02 4.803965613246e-02 3.379409015179e-02 3.045615740120e-02 2.875489927828e-02 7.505472004414e-02 1.044126525521e-01
2.891204785556e-04 5.773846060038e-04 6.010407232679e-04 6.646873080172e-04 8.408945868723e-04 1.064279815182e-03 1.265992876142e-03 1.377822714858e-03 1.334006665275e-03 1.131947501563e-03 9.551949333400e-04 1.098172971979e-03 1.133114215918e-03 1.046761986800e-03 1.067848294042e-03 1.222534454428e-03 9.307900327258e-04 7.371057290584e-04 8.439290686511e-04 1.234603812918e-03 1.411433564499e-03 2.591323573142e-03 4.505645018071e-03 9.808918461204e-03 2.377281524241e-02 1.486191432923e-02 9.220353327692e-03 7.341591641307e-03 6.993850693107e-03 2.269780030474e-03 1.989865908399e-03 2.174745779485e-03 3.399990731850e-03 7.334668654948e-03 1.706633530557e-02 2.872104942799e-01 5.469221472740e-01 7.395632565022e-02 5.056408047676e-02 2.607822604477e-02 1.837114803493e-02 1.977404952049e-02 3.840672969818e-02
2.336176694371e-04 4.247469478287e-04 4.722498124465e-04 4.725093313027e-04 4.745229962282e-04 6.121598999016e-04 8.036282961257e-04 9.887865744531e-04 1.099113607779e-03 1.077068853192e-03 9.060118463822e-04 8.254270069301e-04 8.962614228949e-04 8.662047330290e-04 7.696694810875e-04 9.453634265810e-04 1.100657973439e-03 8.784816018306e-04 6.842306465842e-04 2.049840288237e-03 2.554926322773e-03 1.907729427330e-03 2.533095655963e-03 4.461606498808e-03 8.450068533421e-03 8.400729298592e-02 1.822830364108e-02 1.603506132960e-02 6.786687765270e-03 1.344048301689e-03 1.176653197035e-03 1.233246759512e-03 1.442566281185e-03 1.780704827979e-03 2.400575205684e-03 1.284082606435e-02 8.915413171053e-02 2.273979485035e-01 5.864823237062e-02 3.322107717395e-02 9.417069144547e-03 6.143940147012e-03 6.693162489682e-03
2.162571036024e-04 5.135619430803e-04 6.941183819436e-04 8.009953307919e-04 8.341246284544e-04 7.696720422246e-04 6.842829170637e-04 6.282051908784e-04 7.869563996792e-04 9.026455227286e-04 9.006211184897e-04 7.801747415215e-04 6.688320427202e-04 8.350437274203e-04 8.718523313291e-04 7.789148949087e-04 9.064822806977e-04 1.174026052468e-03 9.298476506956e-04 1.954170642421e-03 2.080016536638e-03 1.783529063687e-03 1.983598107472e-03 2.148471772671e-03 4.908305592835e-03 1.727842725813e-02 1.758183166385e-02 4.502592608333e-03 2.097709337249e-03 1.299483235925e-03 9.744139970280e-04 8.325062808581e-04 8.217621943913e-04 1.034327084199e-03 1.345194759779e-03 4.552614409477e-03 2.319701761007e-02 8.324465900660e-02 1.003895848989e-01 1.548907067627e-02 6.717053242028e-03 4.300094675273e-03 4.060410894454e-03
3.270419838373e-04 7.693893858232e-04 9.826995665208e-04 1.104521797970e-03 1.134567777626e-03 1.084205694497e-03 1.017702976242e-03 9.155652951449e-04 7.902730721980e-04 6.461216253228e-04 7.223034626804e-04 7.594331982546e-04 7.277757395059e-04 8.476800285280e-04 9.721589158289e-04 9.181249188259e-04 7.732083322480e-04 1.231700065546e-03 1.316325156949e-03 3.467089962214e-03 2.220415743068e-03 1.599801937118e-03 1.085127587430e-03 1.122097601183e-03 2.109427703544e-03 1.564182154834e-02 2.143300697207e-02 4.076603800058e-03 2.673760289326e-03 1.358202891424e-03 8.430897723883e-04 5.878763622604e-04 5.226795910858e-04 5.450925673358e-04 8.410164155066e-04 1.408981042914e-03 9.439623914659e-03 2.942364662886e-02 7.808713614941e-02 3.815168887377e-02 1.822411455214e-02 3.579479176551e-03 3.053143853322e-03
2.242469781777e-04 4.867813840974e-04 6.067079375498e-04 6.654700264335e-04 6.452833767980e-04 6.491338717751e-04 7.255736272782e-04 8.105356246233e-04 8.903466514312e-04 8.913825149648e-04 7.678499096073e-04 5.845405976288e-04 6.887895287946e-04 7.547547575086e-04 7.556658820249e-04 7.591106113978e-04 7.901440840214e-04 1.297599868849e-03 1.794657902792e-03 2.989724744111e-03 2.298144856468e-03 1.804333645850e-03 8.898167288862e-04 8.922468405217e-04 1.792198861949e-03 5.893839988858e-03 4.752394277602e-03 3.164075082168e-03 2.502205083147e-03 1.388374017552e-03 7.733622333035e-04 6.415080279112e-04 5.658568697982e-04 5.533011863008e-04 7.044040248729e-04 1.198547426611e-03 2.532901475206e-03 1.266316697001e-02 1.493258401752e-02 9.087112732232e-03 5.510227289051e-03 2.724010730162e-03 2.485417993739e-03
2.106248866767e-04 3.838991979137e-04 5.683595663868e-04 7.242644787766e-04 8.631637319922e-04 1.019325805828e-03 1.190681476146e-03 1.375853200443e-03 1.547091989778e-03 1.596390036866e-03 1.428127405234e-03 1.062494819053e-03 6.855295505375e-04 7.112250896171e-04 8.790377178229e-04 9.552679839544e-04 1.184751163237e-03 1.374519779347e-03 1.609095139429e-03 2.822074573487e-03 2.035757526755e-03 1.337917521596e-03 7.116806227714e-04 6.937755970284e-04 1.297428156249e-03 1.505948253907e-03 2.246531099081e-02 2.167787402868e-03 2.043663989753e-03 1.226341584697e-03 7.188877207227e-04 5.770854768343e-04 5.507920286618e-04 5.821845843457e-04 7.472964935005e-04 1.017760019749e-03 1.708991243504e-03 2.106489613652e-03 4.413255956024e-03 5.831784568727e-03 3.644210053608e-03 2.194667235017e-03 2.823316724971e-03
2.089518529829e-04 3.774065698963e-04 5.226365174167e-04 6.449245265685e-04 7.684722659178e-04 9.196096216328e-04 1.079206704162e-03 1.240086741745e-03 1.390782766975e-03 1.472953823395e-03 1.397507265210e-03 1.513323164545e-03 1.577317481861e-03 1.578977680765e-03 1.506714848801e-03 1.366544398479e-03 1.625542528927e-03 1.182543812320e-03 1.599123002961e-03 5.092466250062e-03 1.873452565633e-03 9.429505444132e-04 6.676919874735e-04 5.599474534392e-04 7.722054724582e-04 2.192493993789e-03 7.515391800553e-03 1.701905974187e-03 2.167897298932e-03 9.148850222118e-04 6.795190856792e-04 5.204175831750e-04 5.272252019495e-04 5.998608539812e-04 7.904389058240e-04 9.408357436769e-04 1.048218691722e-03 1.695641200058e-03 3.712513716891e-03 4.340118262917e-03 2.707932377234e-03 2.014652360231e-03 2.604740904644e-03
