VariationalSeries/SI/f124_max.grd
DSAA
101	101
32.816463539100	34.260883539100
35.556306596100	36.727886596100
4.382663064462e-06	7.449136376381e-01
[rows 38 to 56 of 101, columns 43 to 85 of 101]
4.499593749642e-02 6.979250907898e-02 7.496400922537e-02 4.388379678130e-02 7.427889108658e-02 3.629099205136e-02 3.714422509074e-02 5.047018080950e-02 4.286766052246e-02 3.439081832767e-02 5.074325576425e-02 2.630756422877e-02 2.910673804581e-02 2.464466542006e-02 3.818016871810e-02 2.781057544053e-02 2.995632588863e-02 1.715561002493e-02 2.336775138974e-02 3.540453687310e-02 3.602614998817e-02 2.757977694273e-02 1.900564320385e-02 1.503883767873e-02 1.294100750238e-02 1.156274601817e-02 1.086843758821e-02 1.111785788089e-02 9.883175604045e-03 7.418892811984e-03 7.365943398327e-03 8.714457973838e-03 9.954283013940e-03 1.023205276579e-02 1.037133578211e-02 1.038789376616e-02 1.022452488542e-02 9.438483975828e-03 8.377341553569e-03 7.463187910616e-03 6.722652353346e-03 6.683071609586e-03 5.701282061636e-03
4.445680975914e-02 9.277518093586e-02 6.022926419973e-02 8.400788158178e-02 6.026986241341e-02 8.470471203327e-02 7.174549996853e-02 4.434942081571e-02 4.467694461346e-02 3.561198711395e-02 5.771920457482e-02 3.752664849162e-02 2.395975776017e-02 2.791670337319e-02 5.080458894372e-02 3.013484552503e-02 3.473133966327e-02 5.420226603746e-02 4.852309823036e-02 3.282996639609e-02 2.212623693049e-02 1.501608453691e-02 1.377823203802e-02 1.235811691731e-02 1.243852451444e-02 1.188721880317e-02 1.041634380817e-02 9.082252159715e-03 8.188327774405e-03 8.139150217175e-03 8.934055455029e-03 8.390519768000e-03 6.885046139359e-03 5.883697886020e-03 5.685668438673e-03 4.904738627374e-03 5.171985831112e-03 5.684270057827e-03 6.254584994167e-03 6.922338623554e-03 7.496242411435e-03 9.857140481472e-03 1.017121691257e-02
6.523074209690e-02 4.589986428618e-02 8.174812048674e-02 6.426832079887e-02 6.868957728148e-02 8.952434360981e-02 5.431994423270e-02 4.949435964227e-02 3.551463410258e-02 3.687031194568e-02 6.189833208919e-02 3.369750827551e-02 3.448745235801e-02 3.385286033154e-02 4.138482734561e-02 6.679465621710e-02 4.553025215864e-02 2.339244633913e-02 2.182330004871e-02 1.446802727878e-02 1.105301082134e-02 1.583071425557e-02 2.079013735056e-02 1.870446093380e-02 1.348548755050e-02 1.174477767199e-02 1.147912908345e-02 1.057891268283e-02 9.133446961641e-03 8.486541919410e-03 7.977028377354e-03 8.112762123346e-03 7.759564556181e-03 7.211984600872e-03 7.066994905472e-03 7.424565497786e-03 7.323263678700e-03 6.647224072367e-03 8.710996247828e-03 1.187885459512e-02 9.769266471267e-03 7.253208663315e-03 6.276366766542e-03
7.310825586319e-02 6.650542467833e-02 1.067833974957e-01 8.923704177141e-02 8.482981473207e-02 9.325946122408e-02 8.717647194862e-02 4.786590114236e-02 5.398566648364e-02 5.171553045511e-02 6.045572832227e-02 4.800103604794e-02 4.436623677611e-02 7.590928673744e-02 4.890745505691e-02 3.590507060289e-02 3.058880940080e-02 2.473258040845e-02 1.816858910024e-02 2.899984829128e-02 3.124100901186e-02 1.642798073590e-02 2.606551721692e-02 1.987959444523e-02 1.787405088544e-02 1.574729755521e-02 1.389555912465e-02 1.241607870907e-02 1.117565203458e-02 1.075100991875e-02 2.007500827312e-02 8.521102368832e-03 8.086156100035e-03 7.647915277630e-03 9.693626314402e-03 1.208095438778e-02 1.104616094381e-02 1.264287158847e-02 1.067734416574e-02 1.170822046697e-02 1.181292254478e-02 1.155316457152e-02 1.060826517642e-02
6.983661651611e-02 9.619899094105e-02 8.354051411152e-02 8.266998082399e-02 7.694822549820e-02 9.808485955000e-02 1.531693637371e-01 6.686510890722e-02 7.701903581619e-02 7.763701677322e-02 6.992033123970e-02 6.960583478212e-02 8.114990592003e-02 4.583795741200e-02 4.967589676380e-02 2.790977060795e-02 3.740834072232e-02 5.000992491841e-02 3.935143351555e-02 3.800892457366e-02 3.946569561958e-02 2.658577822149e-02 1.646660268307e-02 1.597153209150e-02 1.480021048337e-02 1.398179680109e-02 1.690987125039e-02 2.919603139162e-02 3.499208390713e-02 3.098938800395e-02 1.527517382056e-02 1.101075112820e-02 1.044249255210e-02 1.138188596815e-02 1.424328424037e-02 1.461084000766e-02 1.324465498328e-02 1.185159478337e-02 8.747932501137e-03 1.088269613683e-02 1.300217211246e-02 1.297877077013e-02 1.248397119343e-02
8.262236416340e-02 1.203508228064e-01 1.977226734161e-01 1.223305612803e-01 1.944648325443e-01 1.017924845219e-01 2.407217770815e-01 6.875855475664e-02 1.314711570740e-01 9.721927344799e-02 8.402090519667e-02 8.338949829340e-02 4.641861841083e-02 5.707840621471e-02 6.375732272863e-02 6.230799481273e-02 3.862321376801e-02 2.310723066330e-02 4.962524399161e-02 4.290244728327e-02 2.350302785635e-02 2.144014462829e-02 2.025240287185e-02 3.682580962777e-02 4.522674158216e-02 3.991772606969e-02 2.622876875103e-02 1.899314671755e-02 2.061802148819e-02 1.303575001657e-02 1.036252174526e-02 1.553493551910e-02 1.930805481970e-02 1.733038388193e-02 1.530201453716e-02 2.053079009056e-02 2.431795187294e-02 2.174321003258e-02 1.558988075703e-02 1.134011987597e-02 1.416952628642e-02 1.556203607470e-02 1.641407050192e-02
1.023732051253e-01 1.286915391684e-01 1.520280390978e-01 2.012232393026e-01 1.677815020084e-01 1.710475385189e-01 2.834719717503e-01 1.121748611331e-01 1.315128505230e-01 1.036251410842e-01 1.033306717873e-01 6.025096774101e-02 6.421336531639e-02 8.014325797558e-02 6.263181567192e-02 4.506310448050e-02 6.492677330971e-02 6.028360128403e-02 4.767978563905e-02 6.030191853642e-02 6.099748983979e-02 5.284021794796e-02 3.776135295630e-02 2.063225582242e-02 2.264313213527e-02 2.040954492986e-02 1.628522761166e-02 1.677846908569e-02 1.797928102314e-02 1.931246742606e-02 1.879961974919e-02 1.604328304529e-02 1.540497224778e-02 1.293128449470e-02 2.347247861326e-02 2.867378480732e-02 2.687734179199e-02 1.979338191450e-02 1.199076045305e-02 7.398687303066e-03 1.030140370131e-02 1.182686910033e-02 1.088791340590e-02
9.649761021137e-02 1.409514248371e-01 1.681692153215e-01 1.614796966314e-01 2.401911765337e-01 1.801679879427e-01 2.898163199425e-01 1.587052792311e-01 1.361224949360e-01 1.505358666182e-01 1.153747364879e-01 7.507003843784e-02 7.555088400841e-02 7.996610552073e-02 4.635770991445e-02 6.886600703001e-02 8.878558874130e-02 6.108336150646e-02 3.607315197587e-02 3.558285906911e-02 3.142468258739e-02 2.450731582940e-02 2.359607443213e-02 2.605867385864e-02 2.605705894530e-02 2.301102317870e-02 1.987868547440e-02 1.936889812350e-02 1.612350903451e-02 1.789781078696e-02 1.701750233769e-02 1.552065555006e-02 1.075219828635e-02 1.964250393212e-02 2.343062311411e-02 2.221144549549e-02 1.551283337176e-02 8.399632759392e-03 1.156118884683e-02 1.087666675448e-02 8.138885721564e-03 7.658133283257e-03 8.277531713247e-03
1.436250507832e-01 1.997495293617e-01 2.042362540960e-01 2.244335263968e-01 2.449017316103e-01 3.083574771881e-01 2.912223041058e-01 5.598455667496e-01 2.064709812403e-01 1.304520517588e-01 1.213365793228e-01 1.089400351048e-01 9.217840433121e-02 1.400039345026e-01 1.230348944664e-01 7.149716466665e-02 6.568181514740e-02 6.806755065918e-02 4.980407655239e-02 4.448718205094e-02 4.403489083052e-02 4.184874892235e-02 4.434576630592e-02 3.301690891385e-02 4.273890331388e-02 3.781728446484e-02 2.381530404091e-02 2.167134173214e-02 2.187217958272e-02 2.039761282504e-02 1.739778928459e-02 1.682067848742e-02 1.753619126976e-02 2.018116787076e-02 1.876059360802e-02 1.439742092043e-02 1.105003431439e-02 9.975906461477e-03 9.718696586788e-03 9.608705528080e-03 9.389093145728e-03 9.040709584951e-03 8.670490235090e-03
9.186606109142e-02 2.648861706257e-01 1.841303259134e-01 2.287073135376e-01 3.635531663895e-01 2.939172685146e-01 3.473591804504e-01 4.122280478477e-01 2.029360234737e-01 1.920676529408e-01 2.447864115238e-01 1.556353121996e-01 1.928803771734e-01 1.496851593256e-01 1.250307708979e-01 1.088440045714e-01 9.237699955702e-02 7.983050495386e-02 7.037324458361e-02 9.867811203003e-02 1.150257289410e-01 4.784356802702e-02 3.103140369058e-02 3.118357807398e-02 4.379211366177e-02 2.783683128655e-02 2.408988215029e-02 2.302308566868e-02 2.119023725390e-02 2.014761418104e-02 1.933438517153e-02 1.998038031161e-02 2.113139070570e-02 1.806195080280e-02 1.382274087518e-02 1.297047734261e-02 1.227029785514e-02 9.975522756577e-03 9.863912127912e-03 9.838790632784e-03 9.078782051802e-03 9.301309473813e-03 9.767335839570e-03
2.440655976534e-01 2.874723672867e-01 3.274502158165e-01 3.461551666260e-01 4.059523940086e-01 5.611242055893e-01 7.449136376381e-01 3.407942354679e-01 2.752700448036e-01 1.942530572414e-01 2.765427529812e-01 2.752222716808e-01 1.020260229707e-01 1.637625694275e-01 1.798792183399e-01 8.958259969950e-02 8.246362209320e-02 8.707335591316e-02 9.567476809025e-02 1.122321859002e-01 8.625545352697e-02 3.738970682025e-02 4.137255623937e-02 3.450595960021e-02 3.194001689553e-02 2.744621969759e-02 2.666379697621e-02 2.644511498511e-02 2.197083830833e-02 1.525311544538e-02 1.372441649437e-02 1.501994207501e-02 1.592748798430e-02 1.634660549462e-02 1.601620577276e-02 1.532131992280e-02 1.364583149552e-02 1.403919234872e-02 1.562914811075e-02 1.598666608334e-02 1.429912075400e-02 1.239807996899e-02 1.081078220159e-02
1.637528091669e-01 2.921870946884e-01 3.027748167515e-01 3.847807347775e-01 3.842919468880e-01 3.795355856419e-01 3.725128173828e-01 3.056611120701e-01 2.143872380257e-01 2.429292052984e-01 2.334469258785e-01 2.446973472834e-01 2.961331903934e-01 1.291265487671e-01 1.105002909899e-01 6.866715103388e-02 6.202799454331e-02 4.378878697753e-02 4.050387442112e-02 3.441987186670e-02 2.972143143415e-02 3.362972289324e-02 4.140187427402e-02 4.757764190435e-02 4.861232638359e-02 4.255312681198e-02 3.369705751538e-02 2.331991121173e-02 1.617543585598e-02 1.333276834339e-02 1.103290263563e-02 1.238128170371e-02 1.606255769730e-02 1.065508928150e-02 1.214508339763e-02 1.325699035078e-02 1.058422122151e-02 1.299920585006e-02 1.534951105714e-02 1.624947413802e-02 1.842000335455e-02 2.311200462282e-02 2.621245756745e-02
6.439687311649e-02 8.733228594065e-02 1.393961608410e-01 6.594147682190e-01 3.594335317612e-01 3.441875576973e-01 1.932034343481e-01 1.987107247114e-01 1.839488893747e-01 2.917589247227e-01 2.725799977779e-01 3.878457248211e-01 5.593616366386e-01 4.088625311852e-01 2.652592360973e-01 1.217829436064e-01 5.715385824442e-02 4.064605757594e-02 3.723203018308e-02 5.007168278098e-02 6.515897810459e-02 6.028999760747e-02 4.445245116949e-02 2.854057960212e-02 3.139132633805e-02 2.961991354823e-02 4.196121916175e-02 6.241043657064e-02 2.891329117119e-02 1.541378442198e-02 1.429022010416e-02 2.343367040157e-02 1.518798619509e-02 9.514791890979e-03 8.459574542940e-03 8.725124411285e-03 8.809887804091e-03 9.060191921890e-03 9.215597994626e-03 9.202117100358e-03 9.209903888404e-03 1.018754672259e-02 8.886406198144e-03
1.172522455454e-02 2.886190079153e-02 6.969678401947e-02 9.305367618799e-02 9.533334523439e-02 9.343358874321e-02 7.264669984579e-02 9.996702522039e-02 9.855853766203e-02 1.588000655174e-01 3.222126662731e-01 3.637671172619e-01 4.994508028030e-01 2.857377827168e-01 2.048111557961e-01 1.155007183552e-01 5.261416733265e-02 2.756173722446e-02 2.950206026435e-02 6.416691839695e-02 2.040544152260e-01 8.533766120672e-02 7.289633154869e-02 5.487173423171e-02 5.586790665984e-02 4.793163761497e-02 5.093010142446e-02 3.565557673573e-02 1.791093125939e-02 2.357865869999e-02 1.991347782314e-02 1.995438523591e-02 1.222119200975e-02 1.108953077346e-02 7.737936917692e-03 7.009116001427e-03 7.270507048815e-03 7.263599429280e-03 7.843243889511e-03 7.271521259099e-03 9.461680427194e-03 1.110921986401e-02 1.074211206287e-02
8.052786812186e-03 1.500655990094e-02 4.359157755971e-02 2.570263855159e-02 2.267726324499e-02 1.858245767653e-02 2.828120812774e-02 4.646223783493e-02 4.857373237610e-02 5.145877227187e-02 1.461291611195e-01 7.110783457756e-01 5.711113214493e-01 2.557637691498e-01 1.186902225018e-01 3.410280495882e-02 2.034397795796e-02 1.334099285305e-02 1.654607802629e-02 4.271249845624e-02 9.782832115889e-02 1.700668036938e-01 8.497165888548e-02 6.457825750113e-02 5.091395601630e-02 3.817914426327e-02 4.024231806397e-02 3.780022263527e-02 3.315043449402e-02 2.985730022192e-02 3.630482032895e-02 1.561420969665e-02 1.440903544426e-02 1.166530419141e-02 1.192994229496e-02 1.112132798880e-02 9.344919584692e-03 7.906443439424e-03 9.074666537344e-03 1.047019381076e-02 1.225926820189e-02 1.206416636705e-02 1.028750464320e-02
5.419442895800e-03 2.236830070615e-02 5.228074640036e-02 4.040924832225e-02 9.628421626985e-03 1.129790488631e-02 1.083007734269e-02 2.184068411589e-02 2.384302951396e-02 4.443982243538e-02 7.907153666019e-02 1.970232129097e-01 4.161769151688e-01 2.867904305458e-01 3.872848749161e-01 9.319158643484e-02 1.156791858375e-02 7.242599967867e-03 1.144342683256e-02 3.844173625112e-02 1.149453297257e-01 1.811207085848e-01 1.378009915352e-01 9.364268928766e-02 6.502307206392e-02 4.092233255506e-02 4.655696824193e-02 3.439294546843e-02 3.330656513572e-02 3.312851861119e-02 2.751572243869e-02 2.193372137845e-02 1.544231642038e-02 1.644678041339e-02 1.487492211163e-02 1.173283439130e-02 1.042222511023e-02 9.665023535490e-03 9.015823714435e-03 1.051121111959e-02 1.152575947344e-02 1.120399404317e-02 9.924631565809e-03
4.629191011190e-03 1.139498688281e-02 7.736562937498e-02 9.355481714010e-02 4.928452894092e-02 7.590578403324e-03 5.788201000541e-03 1.083780638874e-02 1.083631347865e-02 8.918196894228e-03 7.525482214987e-03 3.159056603909e-02 1.416245698929e-01 8.270303905010e-02 4.693861305714e-01 5.757637694478e-02 3.231978788972e-02 1.230231858790e-02 1.017970126122e-02 3.297962248325e-02 6.438805162907e-02 5.708014369011e-01 1.775521188974e-01 7.707628607750e-02 7.778923958540e-02 4.116109013557e-02 4.419853910804e-02 3.729832544923e-02 5.349081382155e-02 4.102459549904e-02 2.350337244570e-02 2.343002520502e-02 2.182930521667e-02 2.077559567988e-02 2.038636989892e-02 1.624848879874e-02 1.615097746253e-02 1.784680038691e-02 1.152276806533e-02 8.847182616591e-03 8.715149015188e-03 8.605186827481e-03 9.830292314291e-03
2.983702113852e-03 5.125311203301e-03 6.421317346394e-03 3.649653121829e-02 2.259233780205e-02 5.394827574492e-03 4.590345546603e-03 5.376662593335e-03 5.042608827353e-03 4.842872265726e-03 3.515653312206e-03 3.925618715584e-03 1.197316218168e-02 7.637687027454e-02 2.151255011559e-01 5.244379863143e-02 4.379807412624e-02 2.046738751233e-02 1.199230086058e-02 2.355127222836e-02 2.773907966912e-02 3.754226490855e-02 3.466970100999e-02 2.628795802593e-02 3.805144503713e-02 6.340468674898e-02 5.538609996438e-02 5.515426769853e-02 3.570179268718e-02 4.621849954128e-02 4.822169616818e-02 4.200251027942e-02 2.562191151083e-02 2.141144499183e-02 2.051472291350e-02 1.790449954569e-02 1.529802475125e-02 1.562831364572e-02 1.515035424381e-02 1.002793386579e-02 8.267778903246e-03 8.510319516063e-03 9.058042429388e-03
3.267053514719e-03 5.204484798014e-03 3.425467526540e-03 3.888615639880e-03 3.961189184338e-03 4.633802920580e-03 4.238275811076e-03 3.966416697949e-03 3.672003047541e-03 2.788615413010e-03 1.976860221475e-03 1.660896930844e-03 2.767212456092e-03 7.811629027128e-02 1.208630427718e-01 1.292633414268e-01 3.585704416037e-02 3.906941786408e-02 3.436635807157e-02 1.374746486545e-02 1.488718669862e-02 2.794361487031e-02 7.626078277826e-02 7.297878712416e-02 9.501954168081e-02 9.546101838350e-02 8.932524174452e-02 8.422363549471e-02 7.958395034075e-02 7.570245116949e-02 8.042588084936e-02 9.843920916319e-02 8.412743359804e-02 3.435880318284e-02 1.395029108971e-02 1.651453226805e-02 1.807302236557e-02 1.248293835670e-02 1.243024878204e-02 8.783839643002e-03 8.693551644683e-03 6.329652853310e-03 7.202140986919e-03
