VariationalSeries/SI/f124_max.grd
DSAA
101	101
32.816463539100	34.260883539100
35.556306596100	36.727886596100
4.382663064462e-06	7.449136376381e-01
[rows 76 to 94 of 101, columns 43 to 85 of 101]
1.133421668783e-03 9.557811426930e-04 1.766182249412e-03 4.431870300323e-03 4.797124303877e-03 9.590342640877e-03 1.533779036254e-02 1.726408675313e-02 1.069121062756e-02 2.985280472785e-03 1.059978082776e-02 2.379351854324e-02 1.780333742499e-02 4.584349226207e-03 2.052374649793e-03 2.924405736849e-03 3.115347353742e-03 1.613007858396e-03 1.502704108134e-03 1.868598861620e-03 6.829184480011e-03 1.555926818401e-02 3.654666012153e-03 2.467921003699e-03 1.808719593100e-03 1.213282230310e-03 6.188373081386e-04 5.319759948179e-04 5.180894513614e-04 4.884614027105e-04 4.591420001816e-04 4.788867663592e-04 5.045434227213e-04 5.355507018976e-04 5.411346210167e-04 5.037650698796e-04 4.621905973181e-04 4.321787855588e-04 4.112889000680e-04 3.990026598331e-04 4.467825056054e-04 6.871401565149e-04 9.360512485728e-04
1.821201643907e-03 2.453486900777e-03 3.132381709293e-03 3.301252378151e-03 4.554649814963e-03 6.340025924146e-03 8.208244107664e-03 7.572115398943e-03 1.216537598521e-02 1.776991412044e-02 1.762943714857e-02 8.466177619994e-03 5.938580725342e-03 5.229390691966e-03 3.373395651579e-03 3.686025273055e-03 1.030800049193e-03 6.247332785279e-04 7.549211150035e-04 8.445448474959e-04 6.404195446521e-04 7.666813326068e-04 1.213910174556e-03 1.229882822372e-03 1.116560772061e-03 6.850092904642e-04 3.376833337825e-04 3.030454681721e-04 3.498528967611e-04 4.032538854517e-04 4.303602036089e-04 4.400326288305e-04 4.378670419101e-04 4.188414895907e-04 3.643807431217e-04 2.925127919298e-04 2.340237115277e-04 2.300391934114e-04 2.438930823701e-04 2.877606020775e-04 3.632219450083e-04 6.193093722686e-04 8.275557192974e-04
3.869107691571e-03 5.846392828971e-03 3.847539424896e-03 1.819028169848e-03 2.118273405358e-03 7.710650563240e-03 2.162841893733e-02 2.880235016346e-02 2.160067297518e-02 1.067042257637e-02 5.703894421458e-03 3.690548473969e-03 2.607813337818e-03 4.223927389830e-03 3.641143208370e-03 1.319933915511e-03 4.400828911457e-04 4.028549301438e-04 4.167806764599e-04 5.638216971420e-04 4.209976177663e-04 3.837680851575e-04 4.437758761924e-04 5.051849875599e-04 4.579095984809e-04 4.171627515461e-04 3.380932612345e-04 3.519069578033e-04 2.960281854030e-04 3.374094376341e-04 3.532832197379e-04 3.293090558145e-04 3.157035098411e-04 3.052220563404e-04 2.150379150407e-04 2.071905182675e-04 2.200223534601e-04 2.191588282585e-04 2.145843463950e-04 2.287715469720e-04 2.798603381962e-04 5.386868724599e-04 7.891005370766e-04
5.476773250848e-03 6.389542017132e-03 2.162604592741e-03 2.247773110867e-03 7.913443259895e-03 1.416949555278e-02 1.461373269558e-02 1.254832372069e-02 1.072370912880e-02 4.940180573612e-03 4.401170648634e-03 5.312148481607e-03 3.311786567792e-03 2.134669572115e-03 8.942962740548e-04 4.872691933997e-04 3.089485398959e-04 2.968297048938e-04 2.852074976545e-04 3.537869779393e-04 3.172189462930e-04 3.173672012053e-04 2.952937211376e-04 2.917446545325e-04 2.827175776474e-04 2.886854927056e-04 2.791197039187e-04 2.838660439011e-04 3.052928950638e-04 2.925035951193e-04 2.963074366562e-04 2.440846437821e-04 2.697275194805e-04 2.830524754245e-04 2.254014252685e-04 1.719378196867e-04 2.056718367385e-04 2.187975187553e-04 2.196935820393e-04 2.158747520298e-04 2.233278501080e-04 2.896525256801e-04 4.867500392720e-04
2.389892702922e-03 4.118551965803e-03 5.923822056502e-03 7.503471337259e-03 8.146644569933e-03 6.686130072922e-03 7.533428724855e-03 9.494430385530e-03 1.357051543891e-02 5.175012629479e-03 5.384860560298e-03 3.258866025135e-03 1.321225427091e-03 5.506363813765e-04 3.811055212282e-04 3.102498885710e-04 2.784770622384e-04 2.511004277039e-04 2.299687621417e-04 2.165191544918e-04 2.404055558145e-04 1.865862577688e-04 1.891012070701e-04 1.884238154162e-04 1.983891415875e-04 2.084005100187e-04 2.103461010847e-04 1.927151606651e-04 1.656934182392e-04 1.989249140024e-04 1.947245327756e-04 1.890976855066e-04 2.121983998222e-04 2.359969366807e-04 2.170878287870e-04 1.702297886368e-04 1.911195140565e-04 2.145455655409e-04 2.202843461419e-04 2.242942573503e-04 2.600834704936e-04 3.123000496998e-04 3.918938164134e-04
2.667278982699e-03 8.097075857222e-03 1.501313131303e-02 8.761473931372e-03 5.654682870954e-03 9.905487298965e-03 1.325246039778e-02 1.786277629435e-02 8.547503501177e-03 4.381071776152e-03 2.087858272716e-03 1.218860968947e-03 5.084383301437e-04 3.239277575631e-04 2.289797412232e-04 1.929540303536e-04 1.773317198968e-04 1.647722237976e-04 1.690505159786e-04 1.800581667339e-04 1.846094237408e-04 1.711865916150e-04 1.669713674346e-04 1.789071975509e-04 2.137397823390e-04 2.489882463124e-04 2.723645593505e-04 2.647783257999e-04 2.092098002322e-04 1.618157402845e-04 1.617287634872e-04 1.493129238952e-04 1.517337950645e-04 1.895835594041e-04 1.962568057934e-04 1.829549000831e-04 1.738368737279e-04 2.035860525211e-04 2.148962230422e-04 2.170556836063e-04 2.494148211554e-04 3.454312973190e-04 4.673178482335e-04
4.999506752938e-03 1.565620116889e-02 1.191135495901e-02 9.785079397261e-03 1.075695827603e-02 1.032458152622e-02 7.153253071010e-03 6.854261271656e-03 5.391112994403e-03 2.752524102107e-03 1.021601608954e-03 6.415823008865e-04 3.380927664693e-04 2.161944285035e-04 1.750319643179e-04 1.440974883735e-04 1.435618614778e-04 1.533940667287e-04 1.499162026448e-04 1.428552204743e-04 1.552375470055e-04 1.589235180290e-04 1.547123829369e-04 1.551357854623e-04 1.948549615918e-04 2.392156020505e-04 2.716820163187e-04 2.710806147661e-04 2.202144823968e-04 1.501667284174e-04 1.570342137711e-04 1.626737066545e-04 1.330639061052e-04 1.396427105647e-04 1.664931187406e-04 1.858639443526e-04 1.877535687527e-04 1.863459619926e-04 2.036705263890e-04 2.126023173332e-04 2.108286716975e-04 2.394287585048e-04 3.033884568140e-04
6.693238858134e-03 1.134044583887e-02 6.799718830734e-03 4.094331990927e-03 2.734267152846e-03 3.391102654859e-03 2.971584443003e-03 3.548531560227e-03 2.966668689623e-03 1.034552580677e-03 7.456232560799e-04 4.476722970139e-04 3.584065998439e-04 2.662315382622e-04 1.663074363023e-04 1.355622225674e-04 1.475894532632e-04 1.489207497798e-04 1.356449356535e-04 1.280196447624e-04 1.485345856054e-04 1.626886223676e-04 1.703166199150e-04 1.644790463615e-04 1.520738296676e-04 1.817376469262e-04 2.028595481534e-04 2.011119649978e-04 1.663079892751e-04 1.348792866338e-04 1.394541905029e-04 1.531294255983e-04 1.461944921175e-04 1.244666636921e-04 1.262362056877e-04 1.520309451735e-04 1.689534401521e-04 1.652880746406e-04 1.880407944554e-04 2.042111009359e-04 2.080458652927e-04 2.193227992393e-04 2.463723067194e-04
9.473169222474e-03 7.871658541262e-03 2.533824648708e-03 1.932792947628e-03 2.051394665614e-03 1.222922117449e-03 1.756389625371e-03 2.808508230373e-03 1.872285502031e-03 9.139352478087e-04 6.990161491558e-04 3.842993755825e-04 3.745475551113e-04 3.552105335984e-04 2.224690542789e-04 1.758912112564e-04 1.493265299359e-04 1.432090793969e-04 1.235111703863e-04 1.234187802766e-04 1.493555610068e-04 1.791649119696e-04 1.970797020476e-04 1.842154160840e-04 1.574162015459e-04 1.350595266558e-04 1.463880907977e-04 1.564847480040e-04 1.558345829835e-04 1.667935721343e-04 1.499792124378e-04 1.379090390401e-04 1.403074711561e-04 1.273406087421e-04 1.217888275278e-04 1.470939605497e-04 1.608942257008e-04 1.567937288200e-04 1.693230296951e-04 1.904916571220e-04 1.997751824092e-04 2.238352608401e-04 2.815725747496e-04
1.496132742614e-02 6.570656783879e-03 1.306789927185e-03 9.288655128330e-04 7.099696085788e-04 8.690330432728e-04 9.309233864769e-04 2.106068888679e-03 2.136013004929e-03 1.304277335294e-03 6.512643303722e-04 3.725834249053e-04 3.225725376979e-04 3.372362698428e-04 2.768791164272e-04 1.704106834950e-04 1.485919055995e-04 1.376888831146e-04 1.144277994172e-04 1.220084013767e-04 1.529058354208e-04 1.997678773478e-04 2.179960574722e-04 1.936706394190e-04 1.626863813726e-04 1.433007273590e-04 1.513755414635e-04 1.686895993771e-04 1.762823958416e-04 1.743600878399e-04 1.615931832930e-04 1.337137800874e-04 1.533020404167e-04 1.275685790461e-04 1.185759028886e-04 1.294120156672e-04 1.627309975447e-04 1.792350522010e-04 1.910247810883e-04 2.172211243305e-04 2.495637163520e-04 2.591490047053e-04 2.519214467611e-04
1.293925661594e-02 3.964726813138e-03 9.924583137035e-04 5.616085836664e-04 5.114454543218e-04 5.917566595599e-04 1.086191390641e-03 1.390691730194e-03 1.667282311246e-03 1.164176617749e-03 7.672199280933e-04 4.324149049353e-04 2.814064791892e-04 2.439036325086e-04 2.336842007935e-04 1.974863989744e-04 1.706122566247e-04 1.875259767985e-04 1.565352868056e-04 1.346653880319e-04 1.680472632870e-04 2.246146905236e-04 2.339519851375e-04 1.965589763131e-04 1.669300399953e-04 1.521336816950e-04 1.582629047334e-04 1.777656580089e-04 1.920944632730e-04 1.794144045562e-04 1.593168271938e-04 1.318902504863e-04 1.564510312164e-04 1.210845148307e-04 1.173638811451e-04 1.118606523960e-04 1.222092687385e-04 1.610525941942e-04 2.052380441455e-04 2.643513435032e-04 3.228375571780e-04 3.458914870862e-04 3.498065634631e-04
6.800325587392e-03 1.251468434930e-03 5.902668344788e-04 5.168671486899e-04 4.317308485042e-04 4.339855222497e-04 7.002515485510e-04 3.882602031808e-04 1.012208522297e-03 1.530058099888e-03 1.091434736736e-03 8.309165714309e-04 4.146835708525e-04 2.554382372182e-04 2.183238684665e-04 2.212010294897e-04 2.346575347474e-04 2.110492059728e-04 1.852571876952e-04 1.642499264563e-04 2.009688032558e-04 2.470946928952e-04 2.380664373050e-04 2.005274000112e-04 1.790133683244e-04 1.684720336925e-04 1.676969986875e-04 1.866523234639e-04 2.030103059951e-04 1.947210112121e-04 1.629907055758e-04 1.293726090807e-04 1.476810866734e-04 1.336843561148e-04 1.163346387330e-04 1.157261212938e-04 1.115719860536e-04 1.167089067167e-04 1.483618107159e-04 2.268583048135e-04 3.098299494013e-04 3.612146829255e-04 3.906909551006e-04
1.838590716943e-03 7.155277417041e-04 4.666094610002e-04 4.457335453480e-04 3.445575130172e-04 3.130313707516e-04 3.148139221594e-04 2.972391957883e-04 3.681165107992e-04 1.261601457372e-03 1.399226021022e-03 2.049209782854e-03 1.311868778430e-03 4.721941659227e-04 2.933898940682e-04 2.446985163260e-04 2.650572278071e-04 3.136620216537e-04 2.920534752775e-04 2.335737663088e-04 2.290051925229e-04 2.567793126218e-04 2.310239651706e-04 1.994873309741e-04 1.877808972495e-04 1.859760668594e-04 1.895440509543e-04 1.907623955049e-04 2.077289536828e-04 2.089429181069e-04 1.804154308047e-04 1.392946578562e-04 1.385808136547e-04 1.385220530210e-04 1.300419971813e-04 1.332548999926e-04 1.319992879871e-04 1.297686685575e-04 1.281543227378e-04 1.313923130510e-04 1.762676984072e-04 2.346932596993e-04 2.766718389466e-04
6.597838946618e-04 4.089772992302e-04 4.178485251032e-04 3.638766938820e-04 2.938197576441e-04 2.666459477041e-04 2.304836962139e-04 2.304160298081e-04 2.716480230447e-04 5.227371584624e-04 2.089152578264e-03 5.127542186528e-03 3.519162768498e-03 1.122881425545e-03 4.941110964864e-04 3.071891551372e-04 2.756464527920e-04 3.307261504233e-04 3.201280487701e-04 3.385201562196e-04 3.259219229221e-04 2.687674423214e-04 2.402920072200e-04 2.156657137675e-04 2.091017522616e-04 2.106747269863e-04 2.103074220940e-04 2.048797032330e-04 2.082161663566e-04 2.199536829721e-04 1.990940509131e-04 1.456438621972e-04 1.351297250949e-04 1.331362000201e-04 1.402403286193e-04 1.506101543782e-04 1.576941285748e-04 1.599628012627e-04 1.587169681443e-04 1.530510344310e-04 1.531301240902e-04 1.610798499314e-04 1.661791029619e-04
5.942034767941e-04 3.420519933570e-04 3.716890059877e-04 2.839496301021e-04 2.297556493431e-04 2.157376147807e-04 1.882489596028e-04 1.971851306735e-04 1.974023471121e-04 3.631779982243e-04 1.582612982020e-03 4.267449956387e-03 3.863223129883e-03 2.489948878065e-03 6.027863710187e-04 3.363437717780e-04 2.561402798165e-04 3.674806503113e-04 4.363359475974e-04 4.094173782505e-04 3.349448670633e-04 2.618683793116e-04 2.593964454718e-04 2.440480602672e-04 2.358939673286e-04 2.304744994035e-04 2.206442150054e-04 2.013172343140e-04 2.099819539580e-04 2.221527101938e-04 1.960201334441e-04 1.523470418761e-04 1.576780341566e-04 1.525784318801e-04 1.446859241696e-04 1.406492665410e-04 1.503326348029e-04 1.561937970109e-04 1.546439452795e-04 1.447848335374e-04 1.603548589628e-04 1.892960281111e-04 2.098001132254e-04
7.322362507693e-04 3.828314947896e-04 3.249222354498e-04 2.494937216397e-04 1.870100095402e-04 1.764273183653e-04 1.806664658943e-04 1.763235050021e-04 1.773101103026e-04 2.272336860187e-04 6.014732061885e-04 2.193923108280e-03 7.974254898727e-03 6.154666654766e-03 1.033341279253e-03 3.928737714887e-04 4.313353274483e-04 4.602386616170e-04 4.093346942682e-04 3.258484357502e-04 2.647516375873e-04 2.701044140849e-04 2.864384441637e-04 2.774703898467e-04 2.586437622085e-04 2.347055560676e-04 2.030943869613e-04 1.852169953054e-04 2.171154192183e-04 2.235331485281e-04 2.020747342613e-04 2.244965144200e-04 2.250804245705e-04 2.129263593815e-04 1.915390312206e-04 1.489926216891e-04 1.248338667210e-04 1.243752776645e-04 1.278776908293e-04 1.374744897475e-04 1.615076616872e-04 2.012570912484e-04 2.492553903721e-04
7.751390803605e-04 4.346305213403e-04 3.262016689405e-04 2.177090791520e-04 1.650791527936e-04 1.731674856273e-04 1.710175420158e-04 1.716356491670e-04 1.545403938508e-04 1.738684222801e-04 3.401930443943e-04 1.116618397646e-03 3.876585513353e-03 3.418382257223e-03 1.143572502770e-03 6.516879657283e-04 5.357760819606e-04 4.157882358413e-04 3.203549422324e-04 2.563066082075e-04 2.555238315836e-04 2.727822866291e-04 2.901481930166e-04 2.760257921182e-04 2.384811959928e-04 1.935113396030e-04 1.595399226062e-04 1.739295985317e-04 2.184058103012e-04 2.298557374161e-04 2.394886541879e-04 2.632027899381e-04 2.613992255647e-04 2.435758942738e-04 2.071060152957e-04 1.551999448566e-04 1.590940955793e-04 1.652435457800e-04 1.750550291035e-04 1.833675196394e-04 1.855751033872e-04 2.070311311400e-04 2.670509857126e-04
7.244974258356e-04 3.887146885972e-04 2.744533121586e-04 1.709914213279e-04 1.584633864695e-04 1.709328062134e-04 1.651168713579e-04 1.428253017366e-04 1.134699923568e-04 1.567725266796e-04 2.894076460507e-04 4.943196545355e-04 1.368479803205e-03 1.626667100936e-03 1.178829814307e-03 7.222481071949e-04 4.568602889776e-04 3.246999694966e-04 3.007837804034e-04 2.922297571786e-04 2.632985706441e-04 2.490895276424e-04 2.410180750303e-04 2.118238044204e-04 1.671478094067e-04 1.485903339926e-04 1.466499234084e-04 1.567908766447e-04 2.037276135525e-04 2.280944463564e-04 1.694979437161e-04 1.849622349255e-04 1.850514963735e-04 1.731024094624e-04 1.676276297076e-04 1.833316782722e-04 1.982756220968e-04 2.180066803703e-04 2.394079056103e-04 2.514140214771e-04 2.468182356097e-04 2.298565523233e-04 2.620209124871e-04
6.471411907114e-04 2.875633072108e-04 1.973114849534e-04 1.225732121384e-04 1.483160303906e-04 1.645583834033e-04 1.576367503731e-04 1.300861185882e-04 9.606834646547e-05 1.410675467923e-04 2.600493608043e-04 4.026217211504e-04 9.521876345389e-04 1.221887883730e-03 9.503510664217e-04 5.629333318211e-04 3.485905763227e-04 3.234817413613e-04 3.183979133610e-04 2.670573594514e-04 2.124454185832e-04 1.775234122761e-04 1.553790643811e-04 1.302443415625e-04 1.218181860168e-04 1.198230456794e-04 1.202377825393e-04 1.333579857601e-04 1.775381242624e-04 2.079254772980e-04 1.615785440663e-04 1.269770145882e-04 1.208660323755e-04 1.545133563923e-04 1.828986860346e-04 2.078917896142e-04 2.368713612668e-04 2.728860417847e-04 3.066113858949e-04 3.202951047570e-04 3.045710909646e-04 2.684166538529e-04 2.582195738796e-04
