VariationalSeries/SI/f124_max.grd
DSAA
101	101
32.816463539100	34.260883539100
35.556306596100	36.727886596100
4.382663064462e-06	7.449136376381e-01
[rows 76 to 94 of 101, columns 0 to 42 of 101]
4.680353958975e-05 6.771420885343e-05 8.920656546252e-05 1.056429318851e-04 1.135425918619e-04 1.142911642091e-04 1.104422262870e-04 1.043061129167e-04 9.732275793795e-05 1.040202623699e-04 1.176626101369e-04 1.411329867551e-04 1.671852660365e-04 1.839034084696e-04 1.872736174846e-04 1.817970187403e-04 1.655485830270e-04 1.758969592629e-04 1.811375987018e-04 1.936062762979e-04 2.669659152161e-04 2.609521616250e-04 1.721617591102e-04 1.869726547739e-04 1.733330136631e-04 1.587052393006e-04 1.630221668165e-04 1.813227572711e-04 2.038808452198e-04 2.155529800802e-04 2.075897064060e-04 1.955032930709e-04 1.900334609672e-04 1.880607160274e-04 2.070065238513e-04 2.481507544871e-04 4.790583625436e-04 5.716645973735e-04 5.381582304835e-04 3.798256511800e-04 3.781581472140e-04 6.257998757064e-04 1.092003076337e-03
4.713467205875e-05 7.622346311109e-05 1.011882413877e-04 1.167325099232e-04 1.229447661899e-04 1.223501603818e-04 1.175313300337e-04 1.103944960050e-04 1.134870180977e-04 1.260474382434e-04 1.451132411603e-04 1.716306724120e-04 1.961739471881e-04 2.081490820274e-04 2.049555769190e-04 1.901169744087e-04 1.619491667952e-04 1.661493733991e-04 1.668916229391e-04 1.486256805947e-04 1.522937527625e-04 1.594833447598e-04 1.402822817909e-04 1.685040915618e-04 1.784942141967e-04 1.637541718083e-04 1.769490045263e-04 2.131393121090e-04 2.366049593547e-04 2.393655158812e-04 2.233146806248e-04 2.049300674116e-04 2.034128992818e-04 1.969188306248e-04 2.395770570729e-04 2.599445579108e-04 4.293281817809e-04 4.799106100108e-04 5.303539801389e-04 6.000964785926e-04 1.243971753865e-03 1.626456039958e-03 1.542910351418e-03
5.019755190006e-05 8.008501754375e-05 1.043284282787e-04 1.180738108815e-04 1.224750012625e-04 1.204564177897e-04 1.143528133980e-04 1.234507508343e-04 1.391721307300e-04 1.557737705298e-04 1.772304094629e-04 1.998666557483e-04 2.145191247109e-04 2.141487784684e-04 1.988462317968e-04 1.726806949591e-04 1.371887919959e-04 1.437369937776e-04 1.392413396388e-04 1.221406419063e-04 1.119017324527e-04 1.255524257431e-04 1.514926843811e-04 2.019279490924e-04 2.126187901013e-04 1.928776764544e-04 2.367034903727e-04 2.567913616076e-04 2.626482746564e-04 2.568663330749e-04 2.401679375907e-04 2.226120559499e-04 2.119819691870e-04 2.409866574453e-04 3.106865333393e-04 4.048791888636e-04 5.331669817679e-04 6.626476533711e-04 5.604424513876e-04 1.460280036554e-03 1.687677111477e-03 1.630288665183e-03 1.611197367311e-03
4.534416802926e-05 7.167922740337e-05 9.242208034266e-05 1.035566019709e-04 1.063882373273e-04 1.034626257024e-04 1.173065029434e-04 1.335527922492e-04 1.465790992370e-04 1.595275098225e-04 1.731281081447e-04 1.832333509810e-04 1.843922509579e-04 1.736096746754e-04 1.533491158625e-04 1.282588200411e-04 1.191928968183e-04 1.149649615400e-04 1.074378669728e-04 1.002107674140e-04 1.035266541294e-04 1.152470722445e-04 1.817592565203e-04 2.472720807418e-04 2.674142888281e-04 2.815226034727e-04 2.906823065132e-04 2.929248148575e-04 2.759307099041e-04 2.594463876449e-04 2.454801870044e-04 2.330241986783e-04 2.589322684798e-04 3.053645777982e-04 3.896599519067e-04 4.492303705774e-04 4.381829930935e-04 7.170772878453e-04 8.425044943579e-04 1.251510926522e-03 1.449172850698e-03 1.440286403522e-03 1.476060948335e-03
3.727063813130e-05 5.967674223939e-05 7.275312236743e-05 8.003782568267e-05 8.216991409427e-05 9.443551243749e-05 1.084975883714e-04 1.171689655166e-04 1.211952767335e-04 1.247870823136e-04 1.289570063818e-04 1.314384862781e-04 1.288985076826e-04 1.193025527755e-04 1.220982812811e-04 1.249451015610e-04 1.235748204635e-04 1.171938638436e-04 1.071947699529e-04 9.851264621830e-05 9.737265645526e-05 1.197079109261e-04 2.045715955319e-04 2.812113089021e-04 3.188023983967e-04 3.388250188436e-04 3.416359832045e-04 3.512081748340e-04 3.421654109843e-04 2.946887689177e-04 2.536819956731e-04 2.425105340080e-04 2.846574934665e-04 3.098186280113e-04 3.277612559032e-04 3.551540721674e-04 4.721902078018e-04 6.918644066900e-04 9.140259353444e-04 9.319143719040e-04 1.457286765799e-03 1.761044724844e-03 1.383044640534e-03
5.099916234030e-05 7.675061351620e-05 9.286482963944e-05 1.005592275760e-04 1.047491750796e-04 1.066609765985e-04 1.073152525350e-04 1.066490658559e-04 1.046491015586e-04 1.018738257699e-04 1.052796287695e-04 1.144057096099e-04 1.223343133461e-04 1.291853695875e-04 1.340035087196e-04 1.351938117296e-04 1.313634129474e-04 1.220997946803e-04 1.108140204451e-04 1.082094604499e-04 1.031270585372e-04 1.289826323045e-04 2.106700412696e-04 2.900445251726e-04 7.232432835735e-04 2.136013936251e-03 2.272445242852e-03 1.024247147143e-03 5.954746739008e-04 4.698242410086e-04 3.339516697451e-04 2.573294623289e-04 3.010937653016e-04 3.953110426664e-04 3.176360332873e-04 3.850972279906e-04 4.268059274182e-04 7.141663227230e-04 1.247276086360e-03 1.225000014529e-03 1.357611268759e-03 1.803067163564e-03 2.484499942511e-03
7.214243669296e-05 1.059551141225e-04 1.271378423553e-04 1.380637404509e-04 1.411296689184e-04 1.403628702974e-04 1.375688589178e-04 1.332923129667e-04 1.278502459172e-04 1.221620477736e-04 1.436158927390e-04 1.649884070503e-04 1.835331058828e-04 1.962252426893e-04 2.004764101002e-04 1.950688019861e-04 1.800899772206e-04 1.566425780766e-04 1.464540837333e-04 1.391771365888e-04 1.302008167841e-04 1.519538491266e-04 2.105581224896e-04 4.745101905428e-04 2.000673441216e-03 5.749776493758e-03 6.284278351814e-03 3.162456909195e-03 1.372231869027e-03 6.731160101481e-04 4.351100942586e-04 3.306396538392e-04 2.940175472759e-04 4.211544001009e-04 4.531783924904e-04 4.701297730207e-04 4.208831524011e-04 6.435647374019e-04 1.470145070925e-03 2.209154888988e-03 1.459050457925e-03 1.419982640073e-03 3.153673605993e-03
9.056064300239e-05 1.293004461331e-04 1.547003776068e-04 1.645399170229e-04 1.641267299419e-04 1.587546721566e-04 1.510432921350e-04 1.469686831115e-04 1.713772071525e-04 2.090602793032e-04 2.479512768332e-04 2.846798452083e-04 3.159257466905e-04 3.405482275411e-04 3.575054579414e-04 3.636007604655e-04 3.541651531123e-04 3.237556375097e-04 2.671615511645e-04 2.004746784223e-04 1.851397246355e-04 1.888591650641e-04 4.167680162936e-04 7.549049332738e-04 2.180524868891e-03 1.786653511226e-02 3.357626870275e-02 7.320730015635e-03 3.215157194063e-03 1.149078598246e-03 5.317200557329e-04 4.089048597962e-04 3.901883610524e-04 5.423513939604e-04 6.518893060274e-04 6.358434911817e-04 5.252906121314e-04 7.823788910173e-04 1.237935386598e-03 2.710337517783e-03 2.724983030930e-03 1.361084170640e-03 3.275341354311e-03
9.628382395022e-05 1.346776989521e-04 1.573953777552e-04 1.628405589145e-04 1.573383779032e-04 1.637808600208e-04 1.810158137232e-04 1.924389653141e-04 2.290491684107e-04 2.819706569426e-04 3.371624043211e-04 3.895538684446e-04 4.355137061793e-04 4.764966142830e-04 5.158141721040e-04 5.530578782782e-04 5.779592320323e-04 5.679734749720e-04 4.924950189888e-04 3.539234166965e-04 2.731429995038e-04 3.905954945367e-04 6.883812020533e-04 9.768013842404e-04 4.274595528841e-03 1.025428902358e-02 1.316686626524e-02 3.995078615844e-03 1.528034568764e-03 9.103267802857e-04 7.804809138179e-04 9.559682221152e-04 1.233697985299e-03 1.143689616583e-03 8.170708315447e-04 8.152703521773e-04 6.829850026406e-04 7.976976339705e-04 8.760057389736e-04 1.780237886123e-03 2.366655273363e-03 1.538228476420e-03 5.710960365832e-03
1.313696557190e-04 2.080349077005e-04 2.622726897243e-04 2.931113704108e-04 3.102983173449e-04 3.169451374561e-04 3.138346364722e-04 3.023071039934e-04 2.845977141988e-04 2.919483522419e-04 3.523800696712e-04 4.132826288696e-04 4.711038782261e-04 5.266056396067e-04 5.858464282937e-04 6.556565640494e-04 7.235294906422e-04 7.486522081308e-04 6.749829044566e-04 6.501324241981e-04 6.150280823931e-04 6.639392231591e-04 8.554082596675e-04 1.162366592325e-03 2.205389318988e-03 8.084997534752e-04 6.387793109752e-04 6.385182496160e-04 7.117424393073e-04 7.528626010753e-04 8.333506411873e-04 5.972479935735e-03 3.957060165703e-03 3.069126280025e-03 1.848953077570e-03 2.714669099078e-03 2.497099107131e-03 1.173477736302e-03 9.197694016621e-04 1.098109874874e-03 1.635967055336e-03 4.344975110143e-03 6.600398570299e-03
2.409129810985e-04 3.744555579033e-04 4.586994764395e-04 4.928707494400e-04 4.983822000213e-04 4.859337932430e-04 4.609928000718e-04 4.282980225980e-04 3.993130230810e-04 4.147465806454e-04 4.258969565853e-04 4.299575521145e-04 4.515589389484e-04 5.128065822646e-04 5.707314703614e-04 6.358647951856e-04 7.004060316831e-04 1.045808428898e-03 1.350951381028e-03 1.360325259157e-03 1.388701959513e-03 1.373864477500e-03 1.004812307656e-03 1.206329441629e-03 5.966334720142e-04 4.512071609497e-04 4.158170777373e-04 3.604405501392e-04 4.073156160302e-04 5.693473503925e-04 1.312934793532e-03 7.093627937138e-03 5.086062941700e-03 3.383779665455e-03 2.963584614918e-03 6.291573401541e-03 6.001906469464e-03 2.712851623073e-03 2.034789649770e-03 1.877929433249e-03 2.421892713755e-03 4.096736665815e-03 7.354716304690e-03
3.454527177382e-04 5.256583099253e-04 6.186365499161e-04 6.362683488987e-04 7.796523859724e-04 8.388450369239e-04 8.250761893578e-04 7.695370586589e-04 6.944341002963e-04 6.282591493800e-04 6.356349913403e-04 6.226538680494e-04 6.543286144733e-04 7.546807173640e-04 8.268725359812e-04 8.924623252824e-04 1.053408836015e-03 1.144581125118e-03 1.028349972330e-03 1.175578567199e-03 1.232799259014e-03 1.005822210573e-03 8.223493350670e-04 4.699492419604e-04 4.131244786549e-04 3.218894125894e-04 2.669376845006e-04 2.143269375665e-04 1.958605716936e-04 3.492482646834e-04 5.570951034315e-04 3.015851601958e-03 3.907606471330e-03 5.868108011782e-03 6.231509149075e-03 8.156050927937e-03 5.736137274653e-03 2.686414634809e-03 4.224335309118e-03 4.275925923139e-03 3.014757530764e-03 3.957483451813e-03 1.267317868769e-02
4.047248803545e-04 6.098069134168e-04 7.053103181534e-04 7.880946504883e-04 9.561268379912e-04 1.021263538860e-03 9.985925862566e-04 9.255476761609e-04 8.273465209641e-04 7.219101535156e-04 6.400535930879e-04 7.042926736176e-04 8.147970074788e-04 9.355933289044e-04 1.017293194309e-03 1.044522621669e-03 9.797192178667e-04 8.058204548433e-04 6.371838971972e-04 5.514046060853e-04 4.697085241787e-04 3.296241629869e-04 2.938376273960e-04 2.810950099956e-04 2.503893629182e-04 2.043005661108e-04 1.575655478518e-04 1.491747534601e-04 1.901769428514e-04 2.873815828934e-04 4.136797797401e-04 1.667314791121e-03 1.789095345885e-03 3.436540020630e-03 3.987945616245e-03 9.239602833986e-03 8.112293668091e-03 4.259285982698e-03 3.879978554323e-03 1.687912456691e-02 3.969897702336e-02 1.030476111919e-02 6.330673582852e-03
3.017888811883e-04 4.503529053181e-04 5.145272589289e-04 5.216664285399e-04 6.230282015167e-04 6.587193929590e-04 6.403647712432e-04 5.913493223488e-04 5.268171080388e-04 4.585025599226e-04 4.250896454323e-04 4.574582271744e-04 4.751704982482e-04 4.783631302416e-04 4.708383930847e-04 4.780237795785e-04 4.288804775570e-04 3.428058116697e-04 3.992219571956e-04 3.763243439607e-04 2.997737901751e-04 2.191584644606e-04 2.051756891888e-04 1.829646498663e-04 1.530323352199e-04 1.203428837471e-04 1.373927225359e-04 1.910223363666e-04 2.393284376012e-04 4.890486015938e-04 6.186829414219e-04 9.275662014261e-04 1.625167089514e-03 1.202213461511e-03 1.038355519995e-03 1.261604367755e-03 7.887343876064e-03 4.572073929012e-03 3.522769082338e-03 2.254698053002e-02 4.976729676127e-02 5.471960641444e-03 1.973838778213e-03
1.427518436685e-04 2.108197513735e-04 2.484199067112e-04 2.823468239512e-04 2.955606614705e-04 3.075631975662e-04 3.105678188149e-04 2.943554136436e-04 2.799667709041e-04 2.760570496321e-04 2.710286062211e-04 2.491254126653e-04 2.548670163378e-04 2.620608429424e-04 2.600454026833e-04 2.460606920067e-04 3.306196886115e-04 4.223021678627e-04 3.980239853263e-04 2.978782576974e-04 1.900251081679e-04 1.383277704008e-04 1.254297094420e-04 1.086784614017e-04 9.061513992492e-05 1.398980093654e-04 2.154367102776e-04 2.875879290514e-04 3.955760330427e-04 6.414254894480e-04 8.839193615131e-04 1.192593714222e-03 1.386812073179e-03 1.207833527587e-03 7.104247342795e-04 8.294195868075e-04 1.604369375855e-03 4.043340682983e-03 6.657714024186e-03 6.963026244193e-03 3.685225965455e-03 1.409856020473e-03 1.315878005698e-03
9.467495692661e-05 1.379143650411e-04 1.748407084960e-04 1.975280902116e-04 2.064368891297e-04 2.055150253000e-04 2.005049318541e-04 1.909704296850e-04 1.796969590941e-04 1.677827967796e-04 1.555743510835e-04 1.433932629880e-04 1.317118440056e-04 1.298051065532e-04 1.281767763430e-04 1.801706675906e-04 3.070444217883e-04 3.633058804553e-04 3.109768731520e-04 2.143570600310e-04 1.304984034505e-04 8.341854845639e-05 8.385662658839e-05 9.178932668874e-05 1.249274937436e-04 2.124029124388e-04 3.202138468623e-04 4.496920737438e-04 6.392661598511e-04 8.735195733607e-04 1.307814964093e-03 1.349657308310e-03 1.239200355485e-03 6.640483043157e-04 5.055112997070e-04 6.884563481435e-04 8.290259283967e-04 3.141683293507e-03 7.819931022823e-03 4.492194391787e-03 2.687923144549e-03 1.203105668537e-03 1.141983666457e-03
6.610529089812e-05 9.570932888892e-05 1.196927041747e-04 1.345674681943e-04 1.412535930285e-04 1.420958578819e-04 1.390276447637e-04 1.332973479293e-04 1.257670955965e-04 1.168637463707e-04 1.070876896847e-04 9.669782593846e-05 1.032263680827e-04 1.038259724737e-04 9.584896906745e-05 1.067707271432e-04 1.912387378979e-04 2.380237856414e-04 2.224414492957e-04 1.740570005495e-04 1.229698245879e-04 8.267357770819e-05 8.976577373687e-05 1.031566935126e-04 1.764800836099e-04 3.907299251296e-04 8.335807360709e-04 7.703806040809e-04 6.353838252835e-04 1.178288250230e-03 1.604336779565e-03 1.375423627906e-03 1.000556279905e-03 4.625344008673e-04 4.971409798600e-04 6.844156887382e-04 9.480877779424e-04 3.401419147849e-03 5.738714244217e-03 2.695714356378e-03 1.562897232361e-03 9.601986384951e-04 8.622008026578e-04
4.436829840415e-05 6.364647560986e-05 7.893491419964e-05 8.825804980006e-05 9.236172627425e-05 9.278895595344e-05 9.062255412573e-05 8.655855344841e-05 8.100878767436e-05 7.432041456923e-05 7.384339551209e-05 8.299929322675e-05 8.660674939165e-05 8.282860653708e-05 7.871316483943e-05 9.005687752506e-05 1.000353659038e-04 1.215863376274e-04 1.390590041410e-04 1.342265750282e-04 1.142612090916e-04 9.028414933709e-05 9.586104715709e-05 1.317966234637e-04 2.296650927747e-04 6.797767709941e-04 9.712381288409e-04 5.787448026240e-04 6.467766361311e-04 1.245871884748e-03 1.686343341134e-03 1.334962784313e-03 9.280954836868e-04 6.370067712851e-04 7.069980492815e-04 6.838981062174e-04 1.473105046898e-03 5.906258244067e-03 4.294133745134e-03 1.123238704167e-03 2.249512588605e-03 9.779203683138e-04 6.665608379990e-04
2.620860141178e-05 3.726025897777e-05 4.587152579916e-05 5.095734013594e-05 5.300186603563e-05 5.290750414133e-05 5.127951226314e-05 4.850406185142e-05 4.650262417272e-05 5.675270222127e-05 6.640805077041e-05 7.273257506313e-05 7.326505874516e-05 8.037652878556e-05 9.296611096943e-05 1.057128320099e-04 1.168465387309e-04 1.240967103513e-04 1.252479851246e-04 1.194578435388e-04 1.088946228265e-04 1.014737135847e-04 1.128185976995e-04 1.642311981414e-04 2.769652346615e-04 7.616354851052e-04 8.021660614759e-04 6.373891956173e-04 5.798992351629e-04 1.114288344979e-03 1.561149838381e-03 1.215878175572e-03 1.185759785585e-03 8.003464899957e-04 8.515347144566e-04 6.125387153588e-04 1.408326672390e-03 3.770487383008e-03 1.860614866018e-03 1.318131457083e-03 2.981207100675e-03 9.627714753151e-04 5.098871770315e-04
