VariationalSeries/SI/f125_max.grd
DSAA
101	101
32.816463539100	34.260883539100
35.556306596100	36.727886596100
4.048421487823e-06	6.867991685867e-01
[rows 76 to 94 of 101, columns 43 to 85 of 101]
1.045755692758e-03 8.823479874991e-04 1.629337086342e-03 4.090126603842e-03 4.424193874002e-03 8.843637071550e-03 1.414225436747e-02 1.591752283275e-02 9.857222437859e-03 2.752671949565e-03 9.781037457287e-03 2.195444330573e-02 1.642597466707e-02 4.234137479216e-03 1.895295688882e-03 2.699923235923e-03 2.875566948205e-03 1.488375943154e-03 1.386787393130e-03 1.724560162984e-03 6.304525770247e-03 1.436587795615e-02 3.374537685886e-03 2.278844127432e-03 1.669364515692e-03 1.119767781347e-03 5.709712277167e-04 4.908335977234e-04 4.780392046086e-04 4.507140256464e-04 4.239197587594e-04 4.421288613230e-04 4.657965037040e-04 4.944063257426e-04 4.995498456992e-04 4.650461778510e-04 4.266655887477e-04 3.989599936176e-04 3.796713717747e-04 3.683221002575e-04 4.123207763769e-04 6.341056432575e-04 8.638428989798e-04
1.681459019892e-03 2.265369286761e-03 2.892452990636e-03 3.047134727240e-03 4.201932344586e-03 5.847513675690e-03 7.569726556540e-03 6.988286972046e-03 1.122653018683e-02 1.639839820564e-02 1.626783236861e-02 7.811536081135e-03 5.485317204148e-03 4.830863792449e-03 3.116325242445e-03 3.401449415833e-03 9.509298834018e-04 5.764780216850e-04 6.972707924433e-04 7.800874300301e-04 5.914918147027e-04 7.081253570504e-04 1.121288631111e-03 1.135564758442e-03 1.030912273563e-03 6.324534770101e-04 3.115572617389e-04 2.796106564347e-04 3.230533038732e-04 3.723531262949e-04 3.973696730100e-04 4.062851949129e-04 4.042730724905e-04 3.866990155075e-04 3.364129515830e-04 2.700586628634e-04 2.160625153920e-04 2.124606253346e-04 2.252497361042e-04 2.655688149389e-04 3.351639024913e-04 5.714804865420e-04 7.636735099368e-04
3.571602050215e-03 5.396662745625e-03 3.552894107997e-03 1.678751199506e-03 1.955494983122e-03 7.116672117263e-03 1.996208913624e-02 2.658238634467e-02 1.993321813643e-02 9.845753200352e-03 5.267669912428e-03 3.407728159800e-03 2.409537322819e-03 3.902065334842e-03 3.359324531630e-03 1.219219062477e-03 4.063987580594e-04 3.718911611941e-04 3.848972264677e-04 5.207710200921e-04 3.888203646056e-04 3.544194623828e-04 4.098653444089e-04 4.663324798457e-04 4.226852615830e-04 3.851488581859e-04 3.121278714389e-04 3.248798602726e-04 2.732971042860e-04 3.115704748780e-04 3.262241662014e-04 3.040826704819e-04 2.914407232311e-04 2.817517379299e-04 1.984834379982e-04 1.912851148518e-04 2.031355543295e-04 2.023409324465e-04 1.981193199754e-04 2.111305948347e-04 2.582774322946e-04 4.970473237336e-04 7.281341822818e-04
5.057022441179e-03 5.899365991354e-03 1.996459439397e-03 2.075055846944e-03 7.304210215807e-03 1.307831332088e-02 1.348789129406e-02 1.157962251455e-02 9.889617562294e-03 4.562321584672e-03 4.063744563609e-03 4.905231297016e-03 3.056320361793e-03 1.968770287931e-03 8.261838811450e-04 4.500276700128e-04 2.853122714441e-04 2.738872717600e-04 2.631681563798e-04 3.267463471275e-04 2.928462927230e-04 2.929891343229e-04 2.726124075707e-04 2.693184360396e-04 2.610024239402e-04 2.665096835699e-04 2.576739352662e-04 2.620541490614e-04 2.818408538587e-04 2.700328477658e-04 2.735457383096e-04 2.253353013657e-04 2.490023907740e-04 2.612993121147e-04 2.080679259961e-04 1.587348961039e-04 1.898846967379e-04 2.020067477133e-04 2.028364542639e-04 1.993109908653e-04 2.061058039544e-04 2.672578266356e-04 4.491326690186e-04
2.206855220720e-03 3.796195145696e-03 5.460853688419e-03 6.923521868885e-03 7.519498933107e-03 6.170717068017e-03 6.956080906093e-03 8.756339550018e-03 1.251424569637e-02 4.778352100402e-03 4.970571026206e-03 3.009136766195e-03 1.219745376147e-03 5.084653967060e-04 3.518919111229e-04 2.865255519282e-04 2.571705845185e-04 2.318881161045e-04 2.123820304405e-04 1.999496889766e-04 2.220254536951e-04 1.723194436636e-04 1.746424532030e-04 1.740174920997e-04 1.832287962316e-04 1.924741663970e-04 1.942697417689e-04 1.779846497811e-04 1.530223817099e-04 1.837087038439e-04 1.797632430680e-04 1.745675835991e-04 1.958932407433e-04 2.178597642342e-04 2.004015113926e-04 1.571366301505e-04 1.764472253853e-04 1.980795495911e-04 2.033803611994e-04 2.070351474686e-04 2.400716621196e-04 2.882655535359e-04 3.618013579398e-04
2.461336087435e-03 7.472502999008e-03 1.385485287756e-02 8.088788948953e-03 5.217292346060e-03 9.137915447354e-03 1.222306210548e-02 1.647401601076e-02 7.892730645835e-03 4.046297632158e-03 1.927773933858e-03 1.125120441429e-03 4.693795344792e-04 2.991297806147e-04 2.114214439644e-04 1.781899627531e-04 1.637575041968e-04 1.521645754110e-04 1.561238314025e-04 1.662933500484e-04 1.704910973785e-04 1.580873795319e-04 1.542022801004e-04 1.652356440900e-04 1.974079787033e-04 2.299633779330e-04 2.515524683986e-04 2.445435384288e-04 1.932184532052e-04 1.494415191701e-04 1.493101590313e-04 1.378449233016e-04 1.400586479576e-04 1.750054361764e-04 1.811699185055e-04 1.688893098617e-04 1.604892459000e-04 1.879590563476e-04 1.984035334317e-04 2.003978734137e-04 2.302252687514e-04 3.188597620465e-04 4.313764802646e-04
4.614061210304e-03 1.445033401251e-02 1.099883299321e-02 9.028339758515e-03 9.923880919814e-03 9.523560293019e-03 6.601972039789e-03 6.331218872219e-03 4.978464916348e-03 2.542260335758e-03 9.429454803467e-04 5.919508985244e-04 3.121344489045e-04 1.996505307034e-04 1.614817592781e-04 1.329629449174e-04 1.324775803369e-04 1.415469741914e-04 1.383335329592e-04 1.319342845818e-04 1.433696015738e-04 1.467610709369e-04 1.428815303370e-04 1.432712015230e-04 1.799646124709e-04 2.209367667092e-04 2.509222249500e-04 2.503646828700e-04 2.033821074292e-04 1.386468502460e-04 1.449818664696e-04 1.501847873442e-04 1.228459877893e-04 1.288945495617e-04 1.536865311209e-04 1.715725229587e-04 1.733186072670e-04 1.720404543448e-04 1.880377385532e-04 1.962847163668e-04 1.946173870238e-04 2.210082311649e-04 2.800471556839e-04
6.178312003613e-03 1.046852208674e-02 6.274220999330e-03 3.780811792240e-03 2.524816198274e-03 3.130104858428e-03 2.743389457464e-03 3.276071744040e-03 2.739936579019e-03 9.553942363709e-04 6.879917928018e-04 4.129669396207e-04 3.308953600936e-04 2.457800146658e-04 1.535134651931e-04 1.250823552255e-04 1.361955219181e-04 1.374208077323e-04 1.251668727491e-04 1.182320629596e-04 1.371800753986e-04 1.502530649304e-04 1.572958426550e-04 1.518988137832e-04 1.404501672368e-04 1.678481930867e-04 1.873564615380e-04 1.857412571553e-04 1.535943010822e-04 1.245382154593e-04 1.287558261538e-04 1.413782156305e-04 1.349722588202e-04 1.148675655713e-04 1.165902940556e-04 1.403324858984e-04 1.559571246617e-04 1.525986735942e-04 1.736071280902e-04 1.885368983494e-04 1.920760405483e-04 2.024490677286e-04 2.274054859299e-04
8.748881518841e-03 7.266612257808e-03 2.339791040868e-03 1.784215099178e-03 1.893643639050e-03 1.129319774918e-03 1.621334347874e-03 2.594023710117e-03 1.729228300974e-03 8.438789518550e-04 6.451414665207e-04 3.548046806827e-04 3.457997809164e-04 3.279399243183e-04 2.053729258478e-04 1.623581338208e-04 1.378366723657e-04 1.321511808783e-04 1.139714877354e-04 1.139815794886e-04 1.379364839522e-04 1.654656953178e-04 1.820068719098e-04 1.701209985185e-04 1.453688892070e-04 1.247222244274e-04 1.351122919004e-04 1.444244262530e-04 1.438857580069e-04 1.540000521345e-04 1.384716015309e-04 1.273752423003e-04 1.295427500736e-04 1.175678335130e-04 1.125150374719e-04 1.358563458780e-04 1.485985703766e-04 1.448073890060e-04 1.563262048876e-04 1.758704602253e-04 1.844400394475e-04 2.066174929496e-04 2.599669096526e-04
1.381817925721e-02 6.068645045161e-03 1.206153654493e-03 8.574604871683e-04 6.553443381563e-04 8.024318958633e-04 8.593989186920e-04 1.945020514540e-03 1.972560537979e-03 1.204369240440e-03 6.013254751451e-04 3.439866704866e-04 2.978066913784e-04 3.113395068794e-04 2.556067192927e-04 1.573076733621e-04 1.371214893879e-04 1.270568463951e-04 1.055891407304e-04 1.126782080973e-04 1.412113342667e-04 1.844827202149e-04 2.013105986407e-04 1.788448280422e-04 1.502320519648e-04 1.323304168181e-04 1.397044252371e-04 1.556814531796e-04 1.626923622098e-04 1.609949540580e-04 1.492032170063e-04 1.234925875906e-04 1.415923034074e-04 1.177836893476e-04 1.095484694815e-04 1.195294826175e-04 1.503009989392e-04 1.655407540966e-04 1.764257176546e-04 2.006148570217e-04 2.304791123606e-04 2.393270697212e-04 2.326493267901e-04
1.194561738521e-02 3.661843016744e-03 9.161309571937e-04 5.182754248381e-04 4.720092401840e-04 5.463308771141e-04 1.003214274533e-03 1.284433878027e-03 1.540172845125e-03 1.075391191989e-03 7.086030673236e-04 3.992437268607e-04 2.599040744826e-04 2.251680125482e-04 2.157269191230e-04 1.823047641665e-04 1.575281930855e-04 1.731437369017e-04 1.445293455618e-04 1.243678270839e-04 1.551904570078e-04 2.074187941616e-04 2.160353324143e-04 1.815050491132e-04 1.541449601064e-04 1.404817012371e-04 1.460518833483e-04 1.640520058572e-04 1.772885734681e-04 1.655944070080e-04 1.471091964049e-04 1.217799508595e-04 1.444968947908e-04 1.118029613281e-04 1.083633687813e-04 1.033431690303e-04 1.128771618824e-04 1.487516128691e-04 1.895587483887e-04 2.441512187943e-04 2.981630095746e-04 3.194514720235e-04 3.230644797441e-04
6.278606597334e-03 1.155596692115e-03 5.449405289255e-04 4.770048544742e-04 3.984549839515e-04 4.008143150713e-04 6.467723869719e-04 3.585914091673e-04 9.350592154078e-04 1.413424266502e-03 1.008077873848e-03 7.674403022975e-04 3.830334171653e-04 2.359203645028e-04 2.016376674874e-04 2.042461710516e-04 2.166688354919e-04 1.948690915015e-04 1.710173819447e-04 1.516904158052e-04 1.855907903519e-04 2.281734778080e-04 2.198303118348e-04 1.851656415965e-04 1.652990322327e-04 1.555647468194e-04 1.548495638417e-04 1.722519809846e-04 1.873685105238e-04 1.797337754397e-04 1.504520623712e-04 1.194600699819e-04 1.363947230857e-04 1.234755909536e-04 1.074187821359e-04 1.068536075763e-04 1.030147541314e-04 1.077546257875e-04 1.370300306007e-04 2.095282252412e-04 2.861589018721e-04 3.336169174872e-04 3.608390979934e-04
1.697615254670e-03 6.605781381950e-04 4.306155606173e-04 4.113714967389e-04 3.181429638062e-04 2.890331670642e-04 2.907596644945e-04 2.743937366176e-04 3.400626010261e-04 1.165462308563e-03 1.292551169172e-03 1.893097767606e-03 1.211907481775e-03 4.361719766166e-04 2.709872205742e-04 2.260079781990e-04 2.446894941386e-04 2.895728393923e-04 2.696142473724e-04 2.156063856091e-04 2.114798553521e-04 2.371158188907e-04 2.133256930392e-04 1.842024648795e-04 1.733924582368e-04 1.717253471725e-04 1.750202063704e-04 1.760465383995e-04 1.917304034578e-04 1.928753918037e-04 1.665532181505e-04 1.285946782446e-04 1.279848802369e-04 1.279399730265e-04 1.200701735797e-04 1.230346242664e-04 1.218727993546e-04 1.198097525048e-04 1.183153435704e-04 1.213135037688e-04 1.628043974051e-04 2.167680941056e-04 2.555395476520e-04
6.090912502259e-04 3.777348320000e-04 3.856300900225e-04 3.358361427672e-04 2.712990099099e-04 2.462072880007e-04 2.128025080310e-04 2.127344341716e-04 2.508704492357e-04 4.829070821870e-04 1.930023077875e-03 4.737077746540e-03 3.251135582104e-03 1.037312671542e-03 4.564289702103e-04 2.837412466761e-04 2.544428280089e-04 3.052983083762e-04 2.955014351755e-04 3.125951334368e-04 3.009548527189e-04 2.481736883055e-04 2.218856679974e-04 1.991424651351e-04 1.930803700816e-04 1.945318654180e-04 1.941926166182e-04 1.891806023195e-04 1.921910734382e-04 2.030561590800e-04 1.838146126829e-04 1.344656193396e-04 1.247910404345e-04 1.229567278642e-04 1.294909452554e-04 1.390628895024e-04 1.456006284570e-04 1.476912439102e-04 1.465358654968e-04 1.412998972228e-04 1.413893187419e-04 1.487314148108e-04 1.534429902676e-04
5.486210575327e-04 3.156724269502e-04 3.430413780734e-04 2.620762970764e-04 2.121458383044e-04 1.992003526539e-04 1.737681595841e-04 1.819716126192e-04 1.821664191084e-04 3.354764485266e-04 1.462068175897e-03 3.942477051169e-03 3.568580839783e-03 2.299993997440e-03 5.568428314291e-04 3.105281793978e-04 2.364740212215e-04 3.393549413886e-04 4.029331612401e-04 3.780658880714e-04 3.092892875429e-04 2.418173680780e-04 2.395278424956e-04 2.253516431665e-04 2.178205468226e-04 2.128153573722e-04 2.037379890680e-04 1.858912728494e-04 1.938387431437e-04 2.051025367109e-04 1.809869281715e-04 1.406800583936e-04 1.456072059227e-04 1.409002579749e-04 1.336127170362e-04 1.298710267292e-04 1.388090313412e-04 1.442172069801e-04 1.427820679964e-04 1.336749264738e-04 1.480654027546e-04 1.747880742187e-04 1.937234628713e-04
6.760848336853e-04 3.535562718753e-04 2.998874988407e-04 2.303968649358e-04 1.726692280499e-04 1.629010512261e-04 1.667885662755e-04 1.627868623473e-04 1.637585810386e-04 2.098958939314e-04 5.556340911426e-04 2.026635687798e-03 7.366048637778e-03 5.685147363693e-03 9.544442873448e-04 3.627273836173e-04 3.983287606388e-04 4.250150814187e-04 3.780002880376e-04 3.008993808180e-04 2.444769779686e-04 2.494237269275e-04 2.644993655849e-04 2.562137669884e-04 2.388273715042e-04 2.167224738514e-04 1.875332818599e-04 1.709682692308e-04 2.004475391004e-04 2.063953579636e-04 1.866014645202e-04 2.073067735182e-04 2.078453981085e-04 1.966201234609e-04 1.768706133589e-04 1.375801366521e-04 1.152958575403e-04 1.148520168499e-04 1.180831895908e-04 1.269431377295e-04 1.491348375566e-04 1.858382747741e-04 2.301603090018e-04
7.157089421526e-04 4.014036385342e-04 3.012520028278e-04 2.010440512095e-04 1.523557875771e-04 1.598197559360e-04 1.578326046001e-04 1.585231657373e-04 1.427290699212e-04 1.606011501281e-04 3.142500354443e-04 1.031457795762e-03 3.580833319575e-03 3.157472703606e-03 1.056179520674e-03 6.018367130309e-04 4.947826964781e-04 3.839700948447e-04 2.958369150292e-04 2.367012784816e-04 2.359681820963e-04 2.518956607673e-04 2.679239260033e-04 2.548785414547e-04 2.202084870078e-04 1.786840584828e-04 1.472638250561e-04 1.605632860446e-04 2.016592479777e-04 2.122528676409e-04 2.211555110989e-04 2.430519089103e-04 2.413834590698e-04 2.249213139294e-04 1.912435109261e-04 1.433448633179e-04 1.469358394388e-04 1.526103587821e-04 1.616692170501e-04 1.693455415079e-04 1.713867386570e-04 1.911760919029e-04 2.465996949468e-04
6.689565489069e-04 3.589956613723e-04 2.534580416977e-04 1.578991214046e-04 1.462522195652e-04 1.577608054504e-04 1.523904356873e-04 1.318125432590e-04 1.047151599778e-04 1.448108523618e-04 2.673341368791e-04 4.566148563754e-04 1.264033606276e-03 1.502413186245e-03 1.088714925572e-03 6.670107250102e-04 4.219121765345e-04 2.998591808137e-04 2.777808695100e-04 2.698714670260e-04 2.431437897030e-04 2.300144260516e-04 2.225555363111e-04 1.955945190275e-04 1.543405523989e-04 1.371588587062e-04 1.353749976261e-04 1.447523827665e-04 1.881201314973e-04 2.106408501277e-04 1.565249549458e-04 1.708033960313e-04 1.708836498437e-04 1.598473318154e-04 1.548287982587e-04 1.693266676739e-04 1.831207628129e-04 2.013359480770e-04 2.210967068095e-04 2.321841457160e-04 2.279408945469e-04 2.122815494658e-04 2.419600787107e-04
5.975367384963e-04 2.655696298461e-04 1.822105987230e-04 1.131833487307e-04 1.368886296405e-04 1.518804638181e-04 1.454902230762e-04 1.200584956678e-04 8.865756535670e-05 1.303053286392e-04 2.402144891676e-04 3.719042579178e-04 8.795150788501e-04 1.128560630605e-03 8.777159382589e-04 5.198916769587e-04 3.219320497010e-04 2.987469488289e-04 2.940436825156e-04 2.466214646120e-04 1.961810048670e-04 1.639281836106e-04 1.434774021618e-04 1.202666171594e-04 1.124305417761e-04 1.105984192691e-04 1.109930672101e-04 1.231237692991e-04 1.639449037611e-04 1.920223876368e-04 1.492136798333e-04 1.172510164906e-04 1.116447456297e-04 1.427210372640e-04 1.689336058917e-04 1.920091599459e-04 2.187636273447e-04 2.520145208109e-04 2.831536112353e-04 2.957885153592e-04 2.812703023665e-04 2.478871901985e-04 2.384550316492e-04
