VariationalSeries/SI/f125_max.grd
DSAA
101	101
32.816463539100	34.260883539100
35.556306596100	36.727886596100
4.048421487823e-06	6.867991685867e-01
[rows 19 to 37 of 101, columns 43 to 85 of 101]
6.588205229491e-03 8.153614588082e-03 1.060249656439e-02 1.080815773457e-02 7.025958970189e-03 1.085103955120e-02 5.426373332739e-03 5.742699373513e-03 6.117273587734e-03 6.205325946212e-03 5.663966760039e-03 8.409858681262e-03 1.014020945877e-02 1.014426350594e-02 6.734165363014e-03 8.220840245485e-03 1.082379091531e-02 1.013749651611e-02 5.601781886071e-03 9.032336063683e-03 4.133263137192e-03 5.821608006954e-03 7.805782835931e-03 3.852951573208e-03 3.842430189252e-03 4.456723108888e-03 3.681586124003e-03 4.710297100246e-03 4.368936643004e-03 3.461443353444e-03 3.730570431799e-03 5.054163280874e-03 5.705669987947e-03 4.418582655489e-03 4.001979250461e-03 3.197319572791e-03 2.196456305683e-03 2.463767770678e-03 2.724385121837e-03 2.267888979986e-03 2.068854169920e-03 1.842740457505e-03 2.003356348723e-03
5.917920731008e-03 7.988220080733e-03 1.133030094206e-02 1.306984201074e-02 9.465901181102e-03 9.595789015293e-03 5.584278143942e-03 6.087155546993e-03 5.304464139044e-03 6.643477361649e-03 6.952179130167e-03 7.869621738791e-03 1.086049526930e-02 1.079869084060e-02 8.284409530461e-03 8.932148106396e-03 1.057625841349e-02 1.146166957915e-02 6.614736281335e-03 8.738991804421e-03 4.726734478027e-03 8.822648786008e-03 1.096894592047e-02 5.057759117335e-03 4.483926575631e-03 4.563496913761e-03 4.603967536241e-03 4.873273428530e-03 3.796075005084e-03 3.684424562380e-03 5.106063559651e-03 6.667215842754e-03 5.953747779131e-03 4.812794271857e-03 3.884417936206e-03 3.201649989933e-03 2.345205983147e-03 2.880797255784e-03 2.231159247458e-03 1.862101838924e-03 1.985565992072e-03 1.757835038006e-03 1.830853056163e-03
6.381263025105e-03 9.108047001064e-03 1.046276651323e-02 1.368107367307e-02 1.166302803904e-02 8.212300017476e-03 5.619212053716e-03 6.452771369368e-03 5.081057082862e-03 6.219019647688e-03 6.559319794178e-03 7.505202665925e-03 1.032561250031e-02 1.171731576324e-02 9.995314292610e-03 9.545687586069e-03 1.013793982565e-02 1.253517437726e-02 7.546278182417e-03 8.102261461318e-03 5.316206254065e-03 1.093547791243e-02 1.201413571835e-02 5.689036566764e-03 4.381070844829e-03 5.363156087697e-03 5.198122467846e-03 4.216505214572e-03 3.533112583682e-03 5.081411451101e-03 7.120252121240e-03 6.901789456606e-03 4.661349579692e-03 5.492310039699e-03 3.850027685985e-03 2.947753528133e-03 2.791246632114e-03 2.962627680972e-03 2.424105536193e-03 1.885708188638e-03 1.858445932157e-03 1.381149981171e-03 1.363856485114e-03
6.094506010413e-03 8.585789240897e-03 8.873368613422e-03 1.306115090847e-02 1.290819142014e-02 8.563771843910e-03 7.413616403937e-03 6.838962435722e-03 5.005809944123e-03 5.449099000543e-03 6.439243908972e-03 7.610118947923e-03 8.573423139751e-03 1.240109093487e-02 1.114030554891e-02 9.296382777393e-03 9.380950592458e-03 1.345433015376e-02 8.316854014993e-03 7.264545187354e-03 5.903990939260e-03 1.086588017642e-02 1.047491095960e-02 5.020076874644e-03 4.689485765994e-03 5.669792182744e-03 4.718612413853e-03 3.784134984016e-03 5.350135266781e-03 7.536422926933e-03 7.407131139189e-03 5.144484806806e-03 3.931197337806e-03 5.708977114409e-03 2.769052516669e-03 2.777800895274e-03 3.446017624810e-03 2.600183244795e-03 2.780652139336e-03 1.775902695954e-03 1.981725450605e-03 1.653946586885e-03 1.492420211434e-03
4.956669174135e-03 5.941870622337e-03 9.187198244035e-03 1.157031208277e-02 1.301097404212e-02 8.654853329062e-03 9.223615750670e-03 7.741126231849e-03 5.433754529804e-03 4.658831749111e-03 6.712733302265e-03 7.431375328451e-03 8.872900158167e-03 1.332775410265e-02 1.129014045000e-02 8.748592808843e-03 8.449086919427e-03 1.402249932289e-02 8.877665735781e-03 8.677463047206e-03 6.901909131557e-03 8.938402868807e-03 7.816813886166e-03 4.641212057322e-03 5.907316226512e-03 5.485197063535e-03 3.966662101448e-03 5.709114484489e-03 8.172412402928e-03 7.939561270177e-03 5.388376768678e-03 3.194408724084e-03 4.285172093660e-03 5.357901565731e-03 2.884950954467e-03 2.980319317430e-03 3.631960600615e-03 2.707054838538e-03 3.051169682294e-03 1.853347988799e-03 1.883207121864e-03 1.557753072120e-03 1.583696575835e-03
6.466068327427e-03 6.389904301614e-03 1.037608832121e-02 9.787938557565e-03 1.237379387021e-02 9.667462669313e-03 8.842675946653e-03 9.799413383007e-03 8.519849739969e-03 6.512589752674e-03 7.095806300640e-03 7.021269295365e-03 9.682108648121e-03 1.426626462489e-02 1.014846656471e-02 8.395365439355e-03 7.206293754280e-03 1.435237377882e-02 1.108734868467e-02 9.589318186045e-03 8.169636130333e-03 8.679706603289e-03 5.250669550151e-03 5.703241098672e-03 6.065481808037e-03 4.081942606717e-03 6.202001124620e-03 8.818337693810e-03 8.391549810767e-03 5.621661897749e-03 3.010095329955e-03 2.420796779916e-03 5.734524223953e-03 4.480971023440e-03 2.742972923443e-03 3.865962615237e-03 3.327658399940e-03 2.728474559262e-03 3.241823054850e-03 2.294871723279e-03 1.653483137488e-03 1.574754831381e-03 1.380132394843e-03
1.015906687826e-02 6.297339219600e-03 6.248143967241e-03 1.074913330376e-02 1.141022145748e-02 1.021716464311e-02 7.902552373707e-03 8.970763534307e-03 1.020361483097e-02 1.002598088235e-02 8.546940982342e-03 1.054504886270e-02 1.053301431239e-02 1.484041195363e-02 8.791186846793e-03 7.663066498935e-03 1.001028716564e-02 1.446910109371e-02 1.254879124463e-02 9.197494015098e-03 8.813254535198e-03 9.365595877171e-03 5.895656533539e-03 6.215538829565e-03 5.035328678787e-03 6.494840141386e-03 9.608965367079e-03 8.999260142446e-03 5.852055735886e-03 3.858374897391e-03 5.424178671092e-03 3.373531624675e-03 6.694457028061e-03 3.916322253644e-03 3.215889446437e-03 4.135875962675e-03 4.001223947853e-03 2.809388330206e-03 3.347109537572e-03 2.534041879699e-03 1.517107943073e-03 1.473398646340e-03 1.707161776721e-03
1.358805783093e-02 6.479170173407e-03 6.315290927887e-03 9.907658211887e-03 1.028936542571e-02 1.047083176672e-02 8.531793020666e-03 8.743774145842e-03 8.489719592035e-03 1.099772937596e-02 1.200107205659e-02 1.068978384137e-02 1.138671860099e-02 1.505035348237e-02 7.639110554010e-03 1.174266915768e-02 1.404127012938e-02 1.450381986797e-02 1.219635177404e-02 7.290626876056e-03 8.379199542105e-03 8.584971539676e-03 5.971273407340e-03 5.135752260685e-03 6.551108788699e-03 1.022670324892e-02 9.861162863672e-03 6.172901485115e-03 5.448081530631e-03 7.556065917015e-03 6.857719272375e-03 6.223085336387e-03 6.525555625558e-03 4.380729049444e-03 4.141663201153e-03 3.428352763876e-03 4.361456260085e-03 2.974132075906e-03 3.359634662047e-03 2.519730478525e-03 1.618019887246e-03 1.870505744591e-03 2.414148300886e-03
1.483934279531e-02 6.658843252808e-03 7.643366698176e-03 6.584161426872e-03 1.122127100825e-02 1.059596054256e-02 9.077246300876e-03 9.295141324401e-03 8.670052513480e-03 1.104218699038e-02 1.157884765416e-02 1.008950825781e-02 1.215637568384e-02 1.451648585498e-02 1.281701587141e-02 1.554979756474e-02 1.498690806329e-02 1.411037798971e-02 8.294222876430e-03 7.460679858923e-03 8.612687699497e-03 8.675524964929e-03 6.067947018892e-03 6.275079678744e-03 1.066868193448e-02 1.088853087276e-02 6.822270806879e-03 5.599355790764e-03 8.223019540310e-03 6.820827256888e-03 5.523813422769e-03 6.141926161945e-03 5.062243435532e-03 4.752892535180e-03 4.104253835976e-03 2.820011926815e-03 4.270374774933e-03 3.207901958376e-03 3.294602269307e-03 2.282619709149e-03 2.004910027608e-03 2.680120524019e-03 3.028723876923e-03
1.303189806640e-02 9.712479077280e-03 8.856705389917e-03 6.275872234255e-03 8.224995806813e-03 1.064923964441e-02 1.122780889273e-02 9.888189844787e-03 1.150117628276e-02 1.689956337214e-02 9.674435481429e-03 8.946944959462e-03 1.267177704722e-02 1.337489858270e-02 1.661753281951e-02 1.604143343866e-02 1.391382236034e-02 1.366300322115e-02 9.070024825633e-03 1.002755947411e-02 8.953428827226e-03 8.644049055874e-03 5.735618527979e-03 1.083221100271e-02 1.200625952333e-02 7.758841384202e-03 6.399578414857e-03 8.722401224077e-03 7.710037287325e-03 5.032361485064e-03 7.329775951803e-03 6.449875887483e-03 3.783095162362e-03 4.405355546623e-03 3.617953741923e-03 3.885095007718e-03 3.885746933520e-03 3.502494422719e-03 3.197783604264e-03 2.948061330244e-03 3.326015314087e-03 3.732507582754e-03 3.147321054712e-03
8.799942210317e-03 1.463003922254e-02 9.704873897135e-03 7.720420137048e-03 9.272851049900e-03 1.051416527480e-02 1.008965540677e-02 1.059420034289e-02 1.508653908968e-02 2.093614079058e-02 1.408109348267e-02 9.754315949976e-03 1.278208009899e-02 1.586079783738e-02 1.693166606128e-02 2.312806807458e-02 1.228506583720e-02 1.268446817994e-02 1.018837839365e-02 1.014725863934e-02 9.151332080364e-03 8.455055765808e-03 1.073186378926e-02 1.275152619928e-02 8.752929978073e-03 7.205904461443e-03 8.612008765340e-03 8.586794137955e-03 7.322780787945e-03 7.353964261711e-03 7.788654882461e-03 4.422802012414e-03 4.179407842457e-03 3.765468951315e-03 3.210444003344e-03 3.001934150234e-03 5.251741502434e-03 4.146507009864e-03 3.810103284195e-03 4.437187220901e-03 4.420225974172e-03 3.243519458920e-03 2.144781872630e-03
9.835248813033e-03 1.621321961284e-02 1.004293374717e-02 8.539841510355e-03 1.094192266464e-02 1.008795946836e-02 1.048751547933e-02 1.322880946100e-02 1.740713976324e-02 2.105085179210e-02 1.683325506747e-02 1.670426316559e-02 1.476906985044e-02 1.738984324038e-02 2.027707546949e-02 2.933122962713e-02 1.279438845813e-02 1.386831235141e-02 1.375634782016e-02 1.125251501799e-02 8.915633894503e-03 1.071348786354e-02 1.341869123280e-02 9.642953984439e-03 8.071719668806e-03 8.503759279847e-03 8.197049610317e-03 9.034720249474e-03 8.797932416201e-03 8.856978267431e-03 6.668061017990e-03 3.662027418613e-03 4.996306262910e-03 3.041408490390e-03 3.171947551891e-03 3.241303842515e-03 7.239989005029e-03 4.874053876847e-03 5.112370941788e-03 4.116246011108e-03 2.500653732568e-03 1.432291464880e-03 1.421566703357e-03
1.949668303132e-02 1.282505784184e-02 1.406431477517e-02 9.076104499400e-03 1.329236663878e-02 1.030804682523e-02 1.131505705416e-02 1.530310977250e-02 1.834277249873e-02 1.784970797598e-02 1.705672219396e-02 1.722367666662e-02 1.648948714137e-02 1.333850622177e-02 1.393234543502e-02 1.873327977955e-02 1.064601726830e-02 1.371814962476e-02 1.499681081623e-02 1.251752115786e-02 1.114972308278e-02 1.405332144350e-02 1.051520183682e-02 8.971518836915e-03 8.333301171660e-03 7.621920201927e-03 8.156552910805e-03 9.652180597186e-03 9.691162034869e-03 8.723337203264e-03 5.429694429040e-03 3.484838642180e-03 5.320527590811e-03 4.226986318827e-03 5.094640422612e-03 5.415970925242e-03 8.166943676770e-03 4.769174847752e-03 3.773530479521e-03 2.601540414616e-03 2.331993076950e-03 1.764705171809e-03 1.742243999615e-03
3.168926015496e-02 1.384465582669e-02 1.574631780386e-02 1.149585284293e-02 1.475402247161e-02 1.261542458087e-02 1.248452439904e-02 1.758955977857e-02 1.887390390038e-02 1.486021000892e-02 2.056024037302e-02 2.526132948697e-02 1.425912044942e-02 1.673297025263e-02 1.018126681447e-02 1.189308986068e-02 1.120395306498e-02 1.335797458887e-02 1.290627475828e-02 1.171866804361e-02 1.493238192052e-02 1.136137731373e-02 9.394294582307e-03 8.399745449424e-03 9.026322513819e-03 8.533919230103e-03 8.445736020803e-03 1.054093893617e-02 1.060905586928e-02 9.594597853720e-03 6.607166957110e-03 5.887595005333e-03 5.840344354510e-03 5.246790125966e-03 5.076944828033e-03 7.817772217095e-03 6.723412778229e-03 3.223463194445e-03 3.482993924990e-03 3.560405457392e-03 3.300630953163e-03 2.550906734541e-03 1.882125390694e-03
3.476137667894e-02 3.627647832036e-02 1.513119600713e-02 1.509518269449e-02 1.627177000046e-02 1.528787706047e-02 2.106701768935e-02 1.973148249090e-02 1.864329725504e-02 1.387781463563e-02 2.133845910430e-02 2.819125540555e-02 1.688141748309e-02 1.616282761097e-02 1.285469438881e-02 1.308528892696e-02 1.396309677511e-02 1.319767255336e-02 1.278283912688e-02 1.600052975118e-02 1.245428714901e-02 1.074526365846e-02 9.195919148624e-03 7.194057106972e-03 8.953263051808e-03 9.844806045294e-03 9.129947051406e-03 1.134606637061e-02 1.183158811182e-02 1.051037106663e-02 7.826925255358e-03 5.777556914836e-03 5.136975552887e-03 4.359888844192e-03 7.086154539138e-03 8.110736496747e-03 3.616524394602e-03 3.665179479867e-03 3.821610473096e-03 3.875693306327e-03 3.663436276838e-03 3.062434494495e-03 2.126077190042e-03
1.679853908718e-02 4.897831007838e-02 3.576368093491e-02 1.496710814536e-02 1.717349328101e-02 1.906628534198e-02 2.038889378309e-02 2.074320800602e-02 1.657881215215e-02 1.457822788507e-02 2.434742823243e-02 2.763937599957e-02 2.174509130418e-02 1.472875755280e-02 1.345827430487e-02 1.513575296849e-02 2.361462078989e-02 1.479693502188e-02 1.776202954352e-02 1.367987506092e-02 9.926962666214e-03 9.665968827903e-03 8.135904558003e-03 1.000415254384e-02 1.008264254779e-02 1.142877247185e-02 1.256164163351e-02 9.727118536830e-03 1.148035470396e-02 1.147174183279e-02 8.916916325688e-03 4.804150201380e-03 4.837837070227e-03 7.500983309001e-03 8.129359222949e-03 4.752828273922e-03 3.252874827012e-03 3.284801961854e-03 3.271170658991e-03 3.321696771309e-03 3.310684813187e-03 3.066595876589e-03 2.481145551428e-03
3.086456842721e-02 2.326883003116e-02 5.718035623431e-02 2.661133371294e-02 1.739563420415e-02 2.347381226718e-02 1.760193146765e-02 1.964655146003e-02 2.591703087091e-02 1.994283683598e-02 2.768895216286e-02 2.200007066131e-02 2.319568209350e-02 1.945666037500e-02 1.598278805614e-02 1.494268886745e-02 3.434794023633e-02 2.070379070938e-02 1.658171787858e-02 2.029329538345e-02 1.207538880408e-02 9.886860847473e-03 1.055149547756e-02 1.110142562538e-02 1.069043762982e-02 1.119758654386e-02 1.583857089281e-02 9.682543575764e-03 1.193777564913e-02 1.247334759682e-02 1.011819299310e-02 6.522973533720e-03 8.272456936538e-03 7.651499938220e-03 4.376296419650e-03 3.706687828526e-03 3.500054357573e-03 3.276384435594e-03 3.044650191441e-03 2.833644161001e-03 2.853512996808e-03 2.949549350888e-03 2.680159872398e-03
4.176415875554e-02 5.452452600002e-02 3.288000822067e-02 5.629580840468e-02 2.104703150690e-02 2.846327610314e-02 2.434805594385e-02 2.596447430551e-02 3.639315441251e-02 2.986983023584e-02 3.450947627425e-02 2.010679617524e-02 2.107627689838e-02 2.199153043330e-02 1.973148621619e-02 1.555908378214e-02 4.031394049525e-02 2.281032502651e-02 2.382991276681e-02 1.651552878320e-02 9.028591215611e-03 9.952154941857e-03 1.263374928385e-02 1.145199500024e-02 1.038559712470e-02 9.809728711843e-03 1.544694043696e-02 1.064027007669e-02 1.341815851629e-02 1.323976833373e-02 1.050214655697e-02 8.361628279090e-03 6.268355995417e-03 3.327505663037e-03 3.225972643122e-03 3.355740103871e-03 3.328037681058e-03 3.557225223631e-03 3.492636606097e-03 3.313673892990e-03 3.617151407525e-03 4.202960059047e-03 4.387901164591e-03
8.215647935867e-02 5.467982962728e-02 5.778357386589e-02 4.779566079378e-02 4.344353452325e-02 3.204632550478e-02 3.509183600545e-02 3.102165088058e-02 3.174148127437e-02 3.508766740561e-02 4.064998775721e-02 2.369180135429e-02 2.081162296236e-02 2.236848138273e-02 2.452925033867e-02 2.324275486171e-02 3.107967600226e-02 2.299793995917e-02 2.292106486857e-02 1.829379796982e-02 1.500717550516e-02 1.779999025166e-02 1.790368929505e-02 1.480655372143e-02 1.080608554184e-02 9.222551248968e-03 1.212449744344e-02 1.310543250293e-02 1.389413513243e-02 1.160372141749e-02 8.141051046550e-03 5.131170619279e-03 4.489122424275e-03 4.808795638382e-03 5.682857241482e-03 6.227055098861e-03 6.509452592582e-03 6.476165261120e-03 6.143993232399e-03 5.618847906590e-03 5.108612123877e-03 5.085874814540e-03 4.502136725932e-03
