VariationalSeries/SI/f125_max.grd
DSAA
101	101
32.816463539100	34.260883539100
35.556306596100	36.727886596100
4.048421487823e-06	6.867991685867e-01
[rows 38 to 56 of 101, columns 43 to 85 of 101]
4.150890558958e-02 6.438728421926e-02 6.914825737476e-02 4.049887880683e-02 6.852723658085e-02 3.348917514086e-02 3.428100794554e-02 4.655331000686e-02 3.955761715770e-02 3.173248842359e-02 4.682174324989e-02 2.427811361849e-02 2.685277909040e-02 2.273541316390e-02 3.522628545761e-02 2.565791271627e-02 2.764374203980e-02 1.582357473671e-02 2.155772969127e-02 3.266458213329e-02 3.324041888118e-02 2.544862776995e-02 1.753773167729e-02 1.387745514512e-02 1.194160152227e-02 1.067614275962e-02 1.002899557352e-02 1.025946997106e-02 9.120236150920e-03 6.846253760159e-03 6.797178648412e-03 8.041854016483e-03 9.186287410557e-03 9.442878887057e-03 9.571685455739e-03 9.587227366865e-03 9.436723776162e-03 8.711524307728e-03 7.732426747680e-03 6.888963282108e-03 6.205682642758e-03 6.172242108732e-03 5.263246130198e-03
4.103278741241e-02 8.558582514524e-02 5.555071681738e-02 7.748351991177e-02 5.559717491269e-02 7.815580070019e-02 6.617891043425e-02 4.090743511915e-02 4.122273623943e-02 3.286879137158e-02 5.325363948941e-02 3.461745008826e-02 2.211762592196e-02 2.575459517539e-02 4.687038064003e-02 2.780624106526e-02 3.203836083412e-02 5.000245571136e-02 4.476606845856e-02 3.029013425112e-02 2.041602879763e-02 1.385622192174e-02 1.271135266870e-02 1.140409149230e-02 1.147851441056e-02 1.096988655627e-02 9.612727910280e-03 8.381806313992e-03 7.557149045169e-03 7.513628806919e-03 8.247577585280e-03 7.745959796011e-03 6.356310565025e-03 5.429411306977e-03 5.246734712273e-03 4.526136443019e-03 4.776529036462e-03 5.249549634755e-03 5.776284728199e-03 6.393086165190e-03 6.923173088580e-03 9.101565927267e-03 9.391401894391e-03
6.021150574088e-02 4.236015304923e-02 7.540910691023e-02 5.930271744728e-02 6.337182223797e-02 8.259326219559e-02 5.012408271432e-02 4.566181451082e-02 3.276201337576e-02 3.401204943657e-02 5.710384249687e-02 3.108210116625e-02 3.181338682771e-02 3.122883662581e-02 3.817210346460e-02 6.161163374782e-02 4.199915379286e-02 2.158620953560e-02 2.013948559761e-02 1.335239503533e-02 1.019706949592e-02 1.461068075150e-02 1.918765902519e-02 1.726272702217e-02 1.244559045881e-02 1.083909813315e-02 1.059415005147e-02 9.763618931174e-03 8.429783396423e-03 7.833016104996e-03 7.363053970039e-03 7.487396709621e-03 7.161595392972e-03 6.656385958195e-03 6.520941853523e-03 6.851073820144e-03 6.757739931345e-03 6.134001072496e-03 8.042911067605e-03 1.096764393151e-02 9.019572287798e-03 6.699546240270e-03 5.797185469419e-03
6.743732839823e-02 6.138091534376e-02 9.849685430527e-02 8.231322467327e-02 7.822532206774e-02 8.601334691048e-02 8.043143153191e-02 4.417037591338e-02 4.981464520097e-02 4.770297557116e-02 5.579077079892e-02 4.427111521363e-02 4.092294722795e-02 7.001055032015e-02 4.510839655995e-02 3.312754631042e-02 2.821951173246e-02 2.281858585775e-02 1.676381751895e-02 2.677265368402e-02 2.884231694043e-02 1.516611315310e-02 2.405519224703e-02 1.834504865110e-02 1.649520732462e-02 1.453322637826e-02 1.282476820052e-02 1.145972032100e-02 1.031519193202e-02 9.922024793923e-03 1.852899417281e-02 7.865325547755e-03 7.464918307960e-03 7.060683798045e-03 8.950484916568e-03 1.115555781871e-02 1.019833795726e-02 1.167227141559e-02 9.862261824310e-03 1.081430353224e-02 1.091094128788e-02 1.067095808685e-02 9.798144921660e-03
6.441324949265e-02 8.876636624336e-02 7.706707715988e-02 7.627132534981e-02 7.099018245935e-02 9.045478701591e-02 1.413223296404e-01 6.166726723313e-02 7.106393575668e-02 7.160680741072e-02 6.451912224293e-02 6.424968689680e-02 7.483725994825e-02 4.228249192238e-02 4.582931846380e-02 2.575427107513e-02 3.452849015594e-02 4.616234451532e-02 3.632399812341e-02 3.507123887539e-02 3.641857951880e-02 2.453351579607e-02 1.519484072924e-02 1.473837532103e-02 1.365789584816e-02 1.289730239660e-02 1.560429483652e-02 2.694366127253e-02 3.229461610317e-02 2.860235236585e-02 1.409936975688e-02 1.016529649496e-02 9.641127660871e-03 1.050804089755e-02 1.314921118319e-02 1.348829548806e-02 1.222692988813e-02 1.094121858478e-02 8.079916238785e-03 1.005156151950e-02 1.200906187296e-02 1.198741607368e-02 1.153034903109e-02
7.622572034597e-02 1.110032275319e-01 1.824357807636e-01 1.128219142556e-01 1.794550865889e-01 9.386391937733e-02 2.220668643713e-01 6.344493478537e-02 1.213821470737e-01 8.965808898211e-02 7.752290368080e-02 7.689560204744e-02 4.283489286900e-02 5.265389010310e-02 5.884185433388e-02 5.750554054976e-02 3.564456477761e-02 2.131948620081e-02 4.578610509634e-02 3.958446905017e-02 2.168562449515e-02 1.978341303766e-02 1.868579164147e-02 3.397953510284e-02 4.173354431987e-02 3.683647885919e-02 2.420713379979e-02 1.752560958266e-02 1.902608573437e-02 1.203022897243e-02 9.565312415361e-03 1.434017531574e-02 1.782332919538e-02 1.599756628275e-02 1.412526331842e-02 1.895785517991e-02 2.245501242578e-02 2.007767371833e-02 1.439580135047e-02 1.047367788851e-02 1.308689173311e-02 1.437299139798e-02 1.515992451459e-02
9.441447257996e-02 1.187129020691e-01 1.402096301317e-01 1.856370568275e-01 1.547964662313e-01 1.577749103308e-01 2.614545524120e-01 1.034664660692e-01 1.212747842073e-01 9.555413573980e-02 9.532818943262e-02 5.556599423289e-02 5.925140902400e-02 7.395513355732e-02 5.779505148530e-02 4.156690835953e-02 5.990104004741e-02 5.561791732907e-02 4.398585110903e-02 5.563168227673e-02 5.627544969320e-02 4.875175654888e-02 3.484124690294e-02 1.903908513486e-02 2.089582197368e-02 1.883562840521e-02 1.502582803369e-02 1.548209507018e-02 1.659381762147e-02 1.782472804189e-02 1.735166274011e-02 1.480758842081e-02 1.421906054020e-02 1.193624362350e-02 2.167093567550e-02 2.647345885634e-02 2.481526322663e-02 1.827514730394e-02 1.107119861990e-02 6.825876422226e-03 9.507013484836e-03 1.091505307704e-02 1.004855614156e-02
8.903444558382e-02 1.300765126944e-01 1.551510691643e-01 1.489313989878e-01 2.215443998575e-01 1.661493927240e-01 2.672636508942e-01 1.463922411203e-01 1.255561411381e-01 1.388690769672e-01 1.064246296883e-01 6.927948445082e-02 6.968410313129e-02 7.377766817808e-02 4.276932030916e-02 6.352221220732e-02 8.189908415079e-02 5.634694918990e-02 3.328812494874e-02 3.284181281924e-02 2.900227718055e-02 2.261302620173e-02 2.177316881716e-02 2.404599450529e-02 2.404503338039e-02 2.123451419175e-02 1.834429614246e-02 1.787263341248e-02 1.487968023866e-02 1.651450432837e-02 1.570533774793e-02 1.432443782687e-02 9.923812933266e-03 1.813243143260e-02 2.162947691977e-02 2.050422690809e-02 1.432070787996e-02 7.751159369946e-03 1.066887378693e-02 1.003697514534e-02 7.510242052376e-03 7.071915548295e-03 7.643943186849e-03
1.324900388718e-01 1.842992156744e-01 1.884275525808e-01 2.069859504700e-01 2.258212417364e-01 2.843505740166e-01 2.685287892818e-01 5.164830088615e-01 1.904709041119e-01 1.203493177891e-01 1.119376942515e-01 1.004696264863e-01 8.501519262791e-02 1.291621029377e-01 1.134770885110e-01 6.596206873655e-02 6.061138212681e-02 6.281842291355e-02 4.596475511789e-02 4.103792086244e-02 4.062232747674e-02 3.860714286566e-02 4.093206301332e-02 3.047736734152e-02 3.944315016270e-02 3.490105271339e-02 2.197428792715e-02 1.999651826918e-02 2.018681168556e-02 1.882722228765e-02 1.605921238661e-02 1.552650518715e-02 1.618601940572e-02 1.862766034901e-02 1.731665618718e-02 1.328941434622e-02 1.019644178450e-02 9.207098744810e-03 8.969948627055e-03 8.868684992194e-03 8.666239678860e-03 8.344933390617e-03 8.003461174667e-03
8.470380306244e-02 2.443782091141e-01 1.698260456324e-01 2.109404057264e-01 3.352717757225e-01 2.708472311497e-01 3.201335966587e-01 3.801739215851e-01 1.871457695961e-01 1.771213859320e-01 2.257170826197e-01 1.435171514750e-01 1.778712421656e-01 1.380263566971e-01 1.153006330132e-01 1.003811657429e-01 8.520017564297e-02 7.363294064999e-02 6.491394340992e-02 9.103439748287e-02 1.061311587691e-01 4.414798691869e-02 2.863124012947e-02 2.879054099321e-02 4.043364524841e-02 2.569206990302e-02 2.222824841738e-02 2.124186232686e-02 1.955400593579e-02 1.859256252646e-02 1.784271001816e-02 1.843968778849e-02 1.950262673199e-02 1.667013578117e-02 1.275779679418e-02 1.196855492890e-02 1.132309716195e-02 9.210264310241e-03 9.107430465519e-03 9.084687568247e-03 8.382967673242e-03 8.588510565460e-03 9.018947370350e-03
2.251738160849e-01 2.651687860489e-01 3.020675778389e-01 3.192899525166e-01 3.743047118187e-01 5.173359513283e-01 6.867991685867e-01 3.143448829651e-01 2.539024949074e-01 1.791107505560e-01 2.549728155136e-01 2.537456750870e-01 9.410304576159e-02 1.510711610317e-01 1.659289598465e-01 8.261729776859e-02 7.607337087393e-02 8.033793419600e-02 8.828912675381e-02 1.035884916782e-01 7.962596416473e-02 3.448985517025e-02 3.820294886827e-02 3.183700889349e-02 2.947700954974e-02 2.533006854355e-02 2.460900880396e-02 2.440799027681e-02 2.027874626219e-02 1.407873723656e-02 1.266549713910e-02 1.386181730777e-02 1.470007840544e-02 1.508758869022e-02 1.478328555822e-02 1.414250303060e-02 1.259647961706e-02 1.295738667250e-02 1.442586630583e-02 1.475683134049e-02 1.319992728531e-02 1.144566293806e-02 9.980773553252e-03
1.510170996189e-01 2.694653868675e-01 2.791666686535e-01 3.547389209270e-01 3.542764782906e-01 3.499084115028e-01 3.433843255043e-01 2.818821966648e-01 1.977033615112e-01 2.239796221256e-01 2.152806669474e-01 2.257267087698e-01 2.731847763062e-01 1.191496923566e-01 1.019150242209e-01 6.333136558533e-02 5.722855776548e-02 4.040221497416e-02 3.736331313848e-02 3.175595402718e-02 2.741513401270e-02 3.102175705135e-02 3.819321468472e-02 4.389297962189e-02 4.485114291310e-02 3.926538676023e-02 3.110542148352e-02 2.152700163424e-02 1.493506506085e-02 1.231061480939e-02 1.017913315445e-02 1.142530329525e-02 1.482384186238e-02 9.838967584074e-03 1.120987813920e-02 1.223683357239e-02 9.770344011486e-03 1.199644710869e-02 1.416610553861e-02 1.499737799168e-02 1.700166612864e-02 2.133371867239e-02 2.419701404870e-02
5.940242484212e-02 8.052960038185e-02 1.285417973995e-01 6.081563234329e-01 3.316192626953e-01 3.174859881401e-01 1.781443655491e-01 1.832364946604e-01 1.696316301823e-01 2.690797746181e-01 2.513788938522e-01 3.576116263866e-01 5.158567428589e-01 3.771230578423e-01 2.447119802237e-01 1.123642101884e-01 5.273989215493e-02 3.751052543521e-02 3.433984145522e-02 4.619230702519e-02 6.011160463095e-02 5.562198534608e-02 4.101251065731e-02 2.633313462138e-02 2.896399423480e-02 2.733282186091e-02 3.873740509152e-02 5.762208253145e-02 2.669686637819e-02 1.422342378646e-02 1.318606920540e-02 2.162540517747e-02 1.402423344553e-02 8.784147910774e-03 7.804926950485e-03 8.053340017796e-03 8.129377849400e-03 8.360715582967e-03 8.504495024681e-03 8.492415770888e-03 8.499957621098e-03 9.402511641383e-03 8.201964199543e-03
1.081461086869e-02 2.663232572377e-02 6.430859118700e-02 8.584636449814e-02 8.793353289366e-02 8.617165684700e-02 6.700615584850e-02 9.217651933432e-02 9.092172235250e-02 1.464511454105e-01 2.970887720585e-01 3.354446291924e-01 4.605579972267e-01 2.636682689190e-01 1.889501959085e-01 1.065780073404e-01 4.855537414551e-02 2.543673664331e-02 2.721519209445e-02 5.922161415219e-02 1.883414536715e-01 7.876317948103e-02 6.728424131870e-02 5.062681809068e-02 5.154826119542e-02 4.422743618488e-02 4.702566564083e-02 3.292366489768e-02 1.652890816331e-02 2.176132798195e-02 1.837694272399e-02 1.842047274113e-02 1.127770356834e-02 1.023335009813e-02 7.140536326915e-03 6.470547523350e-03 6.711873225868e-03 6.705501116812e-03 7.240690756589e-03 6.712457165122e-03 8.734390139580e-03 1.025554444641e-02 9.916733019054e-03
7.431471254677e-03 1.384812220931e-02 4.022057726979e-02 2.371310628951e-02 2.091784030199e-02 1.713786832988e-02 2.607458643615e-02 4.285180196166e-02 4.479299113154e-02 4.747143387794e-02 1.347912698984e-01 6.561778783798e-01 5.267695784569e-01 2.359671443701e-01 1.094634160399e-01 3.145688772202e-02 1.876788586378e-02 1.230984367430e-02 1.526774745435e-02 3.939961642027e-02 9.024511277676e-02 1.568999290466e-01 7.840166240931e-02 5.958886444569e-02 4.698229953647e-02 3.523268178105e-02 3.714719042182e-02 3.488162532449e-02 3.059186227620e-02 2.755556441844e-02 3.350984677672e-02 1.440989598632e-02 1.329977437854e-02 1.076606102288e-02 1.101019233465e-02 1.026400737464e-02 8.623419329524e-03 7.298638578504e-03 8.376218378544e-03 9.664556942880e-03 1.131628360599e-02 1.113645453006e-02 9.496463462710e-03
5.001230631024e-03 2.063980326056e-02 4.824875667691e-02 3.724890202284e-02 8.881821297109e-03 1.042041089386e-02 9.987253695726e-03 2.014754526317e-02 2.199431508780e-02 4.085256531835e-02 7.283698022366e-02 1.817155778408e-01 3.840793073177e-01 2.646038234234e-01 3.573318719864e-01 8.600015938282e-02 1.067106705159e-02 6.682944018394e-03 1.055801380426e-02 3.545269370079e-02 1.060896068811e-01 1.671183407307e-01 1.271635144949e-01 8.642166107893e-02 6.001197174191e-02 3.776936233044e-02 4.296524450183e-02 3.174216300249e-02 3.073838725686e-02 3.057483583689e-02 2.539380267262e-02 2.024271339178e-02 1.425202097744e-02 1.518034189939e-02 1.372510381043e-02 1.083000656217e-02 9.620422497392e-03 8.921613916755e-03 8.320161141455e-03 9.701496921480e-03 1.063819229603e-02 1.034146733582e-02 9.160730056465e-03
4.272256512195e-03 1.051582954824e-02 7.139819115400e-02 8.631855249405e-02 4.545936733484e-02 7.002443540841e-03 5.338486284018e-03 9.999423287809e-03 9.997969493270e-03 8.222654461861e-03 6.941005121917e-03 2.913973294199e-02 1.306564211845e-01 7.628951221704e-02 4.332220852375e-01 5.311039090157e-02 2.982007712126e-02 1.134834252298e-02 9.390881285071e-03 3.042326867580e-02 5.940916016698e-02 5.266814231873e-01 1.638064235449e-01 7.111527025700e-02 7.178422808647e-02 3.797945752740e-02 4.077937826514e-02 3.440971672535e-02 4.937255382538e-02 3.786708414555e-02 2.169529348612e-02 2.162448503077e-02 2.014718763530e-02 1.917531155050e-02 1.881674863398e-02 1.499771326780e-02 1.490405667573e-02 1.646980643272e-02 1.063400600106e-02 8.164505474269e-03 8.043154142797e-03 7.941932417452e-03 9.078284725547e-03
2.752290340140e-03 4.727920982987e-03 5.925458855927e-03 3.367083519697e-02 2.083927020431e-02 4.977348260581e-03 4.235523752868e-03 4.961471538991e-03 4.653293173760e-03 4.469019826502e-03 3.243926214054e-03 3.622436663136e-03 1.105049159378e-02 7.043817639351e-02 1.984817385674e-01 4.838741198182e-02 4.041210189462e-02 1.888882741332e-02 1.106484420598e-02 2.172832190990e-02 2.557957172394e-02 3.464176878333e-02 3.197279572487e-02 2.424238249660e-02 3.512000292540e-02 5.851509794593e-02 5.111379176378e-02 5.090421438217e-02 3.294803202152e-02 4.267325252295e-02 4.452329501510e-02 3.878284618258e-02 2.365982532501e-02 1.976246759295e-02 1.893515139818e-02 1.652615517378e-02 1.412053406239e-02 1.442226115614e-02 1.398218516260e-02 9.254759177566e-03 7.629763800651e-03 7.853943854570e-03 8.365475572646e-03
3.014525631443e-03 4.801798146218e-03 3.160464577377e-03 3.586530685425e-03 3.653243184090e-03 4.274747800082e-03 3.911184147000e-03 3.661162918434e-03 3.388994373381e-03 2.573587233201e-03 1.823689322919e-03 1.532521448098e-03 2.553454367444e-03 7.208272069693e-02 1.115353927016e-01 1.191721409559e-01 3.307946026325e-02 3.602037951350e-02 3.168706223369e-02 1.268834434450e-02 1.373909972608e-02 2.578964270651e-02 7.038617134094e-02 6.731669604778e-02 8.765454590321e-02 8.806972205639e-02 8.241577446461e-02 7.771668583155e-02 7.344692200422e-02 6.987442076206e-02 7.424112409353e-02 9.087383002043e-02 7.766301929951e-02 3.172233328223e-02 1.288235373795e-02 1.524356193841e-02 1.668265089393e-02 1.152259018272e-02 1.147130969912e-02 8.106416091323e-03 8.021404035389e-03 5.841184407473e-03 6.646685302258e-03
