VariationalSeries/SI/f125_max.grd
DSAA
101	101
32.816463539100	34.260883539100
35.556306596100	36.727886596100
4.048421487823e-06	6.867991685867e-01
[rows 57 to 75 of 101, columns 43 to 85 of 101]
2.848975360394e-03 3.383175702766e-03 1.738490071148e-03 1.925317454152e-03 1.904685515910e-03 3.049639519304e-03 3.413695143536e-03 4.588581621647e-03 4.010179545730e-03 2.187808509916e-03 1.533334725536e-03 1.285805017687e-03 9.392951615155e-04 1.670915051363e-03 7.087612524629e-03 2.376653254032e-02 5.188936740160e-02 4.945887997746e-02 7.324061542749e-02 2.402702905238e-02 6.934083066881e-03 5.317286588252e-03 9.550295770168e-03 1.767390780151e-02 3.022596612573e-02 2.741193212569e-02 2.983546629548e-02 2.404597401619e-02 3.111935034394e-02 2.891797758639e-02 3.052408620715e-02 2.274961955845e-02 2.346247248352e-02 3.300108388066e-02 2.050316892564e-02 1.289672777057e-02 1.503391470760e-02 2.102072164416e-02 2.635221742094e-02 1.907024160028e-02 7.954211905599e-03 7.042055949569e-03 6.803833879530e-03
2.272234996781e-03 3.984686452895e-03 1.403956557624e-03 1.489629270509e-03 1.475317752920e-03 2.216227352619e-03 4.256930202246e-03 1.365841552615e-02 1.085494179279e-02 2.356817945838e-03 1.412980956957e-03 9.738576482050e-04 7.508266135119e-04 7.421144982800e-04 1.476728706621e-03 1.419038139284e-02 1.658493839204e-02 1.710610091686e-02 1.391862332821e-02 1.406623702496e-02 1.026413496584e-02 7.794607896358e-03 6.013886071742e-03 3.656748449430e-03 9.444555267692e-03 1.872203312814e-02 3.274949640036e-02 3.336261212826e-02 3.645864874125e-02 1.990888081491e-02 2.629444561899e-02 2.396562881768e-02 2.054368518293e-02 1.806641183794e-02 1.835733093321e-02 1.372194290161e-02 1.351176574826e-02 1.624448224902e-02 1.593571715057e-02 1.457027066499e-02 1.510016154498e-02 1.581846922636e-02 1.479363255203e-02
1.904875156470e-03 1.836782554165e-03 1.275716698729e-03 1.353430096060e-03 1.375729101710e-03 2.014761790633e-03 6.051565986127e-03 1.735751889646e-02 1.602819189429e-02 3.567267442122e-03 1.471870345995e-03 8.340492495336e-04 5.903545534238e-04 5.367465782911e-04 5.511735216714e-04 6.873735692352e-04 9.382023126818e-04 1.277273287997e-03 1.646072953008e-03 2.052601659670e-03 2.417039358988e-03 2.826959360391e-03 1.911888248287e-03 1.922045368701e-03 4.613136872649e-03 2.143731154501e-02 3.690774366260e-02 4.200905188918e-02 4.040866345167e-02 4.070977494121e-02 2.666453644633e-02 2.313205227256e-02 1.959435828030e-02 1.788135245442e-02 2.508419938385e-02 2.163821831346e-02 1.796627976000e-02 1.125665009022e-02 1.204041298479e-02 1.010011229664e-02 8.918475359678e-03 8.361976593733e-03 7.296175695956e-03
1.756214769557e-03 1.580288866535e-03 1.233165268786e-03 1.370458281599e-03 1.556020928547e-03 2.043448388577e-03 1.750682480633e-02 1.613206788898e-02 1.948876865208e-02 2.732433844358e-03 1.290061161853e-03 8.033410995267e-04 5.349881830625e-04 4.346159112174e-04 4.147107247263e-04 4.368296358734e-04 5.334980087355e-04 7.028002873994e-04 9.979107417166e-04 1.177594647743e-03 1.344118383713e-03 2.690335037187e-03 1.386601361446e-03 1.277944305912e-03 3.921264782548e-03 8.682133629918e-03 3.110904432833e-02 3.481230512261e-02 3.680571913719e-02 3.933983668685e-02 3.292103856802e-02 2.534867636859e-02 1.766790449619e-02 2.258877828717e-02 1.569424010813e-02 1.380564086139e-02 1.144291460514e-02 9.454538114369e-03 8.882978931069e-03 8.763611316681e-03 9.233534336090e-03 1.314969919622e-02 1.826656237245e-02
1.486833672971e-03 1.157558639534e-03 1.210314920172e-03 1.452622120269e-03 2.261152025312e-03 3.685414558277e-03 1.114719081670e-02 2.505606599152e-02 9.575134143233e-03 1.518986769952e-03 9.372361237183e-04 6.839779671282e-04 4.878494073637e-04 3.658270579763e-04 3.350277547725e-04 3.351160266902e-04 3.644846146926e-04 4.886563401669e-04 6.731347530149e-04 7.699411944486e-04 7.960518705659e-04 1.646613236517e-03 9.857958648354e-04 1.081421039999e-03 2.399900462478e-03 8.183388039470e-03 2.214118838310e-02 2.995980344713e-02 3.130612894893e-02 2.392579056323e-02 1.827457360923e-02 2.622510306537e-02 1.793923042715e-02 1.261375844479e-02 1.402437034994e-02 1.784081570804e-02 1.613916642964e-02 1.134038623422e-02 1.057909335941e-02 1.030152291059e-02 9.980126284063e-03 1.117129623890e-02 1.374344713986e-02
1.077589928173e-03 8.883450063877e-04 1.110878540203e-03 2.569214208052e-03 6.114487536252e-03 1.400145795196e-02 2.015729434788e-02 1.265080925077e-02 1.347807701677e-03 9.196306928061e-04 6.629537674598e-04 5.470075993799e-04 4.270197532605e-04 3.483538166620e-04 3.067947109230e-04 3.192539734300e-04 3.336757945362e-04 4.036707687192e-04 5.828206194565e-04 7.171825855039e-04 7.618454983458e-04 8.033943013288e-04 8.069589384831e-04 1.202710205689e-03 2.913842676207e-03 7.611209992319e-03 9.334369562566e-03 9.340888820589e-03 1.812914200127e-02 2.097187750041e-02 2.465545758605e-02 1.563883014023e-02 2.019152231514e-02 1.488435175270e-02 1.677532307804e-02 1.969238556921e-02 3.933009877801e-02 2.481556870043e-02 1.460064295679e-02 1.189357228577e-02 1.222783047706e-02 1.200872845948e-02 1.159307640046e-02
6.947221118025e-04 7.265306194313e-04 9.189629927278e-04 1.160960644484e-03 2.592657692730e-03 1.589407585561e-02 1.024997979403e-02 1.370681216940e-03 8.001585956663e-04 7.076336769387e-04 5.937333917245e-04 5.012722103857e-04 3.933345433325e-04 3.350122424308e-04 2.985051251017e-04 3.288181324024e-04 3.390442871023e-04 3.304246347398e-04 4.788121441379e-04 6.111228722148e-04 6.905758054927e-04 6.868019117974e-04 8.570486097597e-04 1.388394506648e-03 4.322594031692e-03 8.572327904403e-03 5.085553042591e-03 6.711739581078e-03 6.261944770813e-03 3.210506960750e-02 4.662602022290e-02 2.536888234317e-02 1.386398077011e-02 1.900335773826e-02 7.530584000051e-03 7.924294099212e-03 2.924227900803e-02 1.406331080943e-02 1.144401077181e-02 8.765305392444e-03 9.002056904137e-03 1.003308221698e-02 1.080627646297e-02
5.816915072501e-04 6.335314828902e-04 7.433083956130e-04 9.402364376001e-04 1.057606888935e-03 1.475580967963e-03 1.631136168726e-03 1.112797181122e-03 5.815264885314e-04 5.999688291922e-04 5.254230927676e-04 4.813522100449e-04 3.936325665563e-04 3.187310067005e-04 3.257200587541e-04 3.317963273730e-04 3.543672792148e-04 3.499730373733e-04 4.029526025988e-04 5.174441030249e-04 6.151443812996e-04 6.535591674037e-04 6.855914252810e-04 1.139363390394e-03 3.194523742422e-03 1.975352875888e-03 1.918099820614e-03 3.124871058390e-03 7.119600195438e-03 1.406974997371e-02 1.474963314831e-02 1.860340684652e-02 2.953154966235e-02 1.588364504278e-02 1.513881422579e-02 1.179661601782e-02 1.201007142663e-02 1.017699390650e-02 5.425442010164e-03 6.773960776627e-03 6.613279692829e-03 7.106028031558e-03 8.944917470217e-03
4.581608227454e-04 5.154876271263e-04 6.148125394247e-04 7.541254162788e-04 8.102933061309e-04 9.002507431433e-04 9.517188300379e-04 5.968680488877e-04 5.082355346531e-04 5.301180644892e-04 4.938559141010e-04 4.278454289306e-04 3.577137540560e-04 3.211951698177e-04 3.178082115483e-04 3.638244234025e-04 3.547545929905e-04 3.048373910133e-04 3.558864991646e-04 4.516695044003e-04 5.345515091904e-04 6.252392195165e-04 8.804493700154e-04 9.241870720871e-04 9.395231609233e-04 1.310494262725e-03 1.273126224987e-03 3.120256587863e-03 4.386461339891e-03 5.883892532438e-03 1.223365031183e-02 2.125181071460e-02 1.591137982905e-02 2.893241494894e-02 1.855098642409e-02 1.042242534459e-02 8.681383915246e-03 7.880060933530e-03 9.445304982364e-03 8.893440477550e-03 1.108617428690e-02 1.087465137243e-02 1.266114134341e-02
4.227123572491e-04 4.171774780843e-04 4.695241223089e-04 5.333020235412e-04 5.746526294388e-04 5.644235643558e-04 5.393180763349e-04 5.216251593083e-04 5.640098825097e-04 5.569644854404e-04 5.183194880374e-04 4.512823361438e-04 3.690161975101e-04 3.289797750767e-04 2.970479254145e-04 2.893683558796e-04 3.259924415033e-04 3.303170669824e-04 3.369037585799e-04 4.064912209287e-04 4.706214531325e-04 5.543280858546e-04 8.451559697278e-04 9.532292606309e-04 1.026932615787e-03 2.133110538125e-03 2.930209040642e-03 3.762504784390e-03 5.273682065308e-03 5.724749062210e-03 1.243770681322e-02 2.355796284974e-02 1.117990724742e-02 1.194451935589e-02 2.110307663679e-02 1.788330823183e-02 1.244506053627e-02 1.058715023100e-02 1.316066086292e-02 6.784033030272e-03 9.011509828269e-03 1.084657572210e-02 1.294581778347e-02
3.474301774986e-04 3.923515905626e-04 4.119958903175e-04 4.155141068622e-04 4.653342475649e-04 5.038682720624e-04 5.426331772469e-04 4.815100692213e-04 4.629681643564e-04 4.771941166837e-04 5.119731067680e-04 5.091064958833e-04 4.380688187666e-04 3.739661478903e-04 3.543091297615e-04 3.218933416065e-04 2.772273146547e-04 3.060357703362e-04 3.465062472969e-04 3.829144407064e-04 4.202801792417e-04 4.849233955611e-04 7.188614108600e-04 7.014103466645e-04 7.866808446124e-04 1.926684868522e-03 4.114720039070e-03 5.553011316806e-03 7.803999818861e-03 4.099587909877e-03 1.208733767271e-02 6.047047208995e-03 6.481001153588e-03 7.542668376118e-03 1.208553183824e-02 1.321340911090e-02 1.700514368713e-02 1.551144849509e-02 1.152550056577e-02 9.838615544140e-03 7.568243891001e-03 8.135242387652e-03 6.503918208182e-03
3.386875032447e-04 3.745121066459e-04 3.726424765773e-04 3.784586151596e-04 4.044136439916e-04 4.525029798970e-04 4.897030885331e-04 4.374232958071e-04 3.444076864980e-04 3.675997431856e-04 3.990881668869e-04 4.648139583878e-04 4.823951749131e-04 4.009415279143e-04 3.803962608799e-04 4.628213064279e-04 4.103122919332e-04 3.318290982861e-04 3.612533037085e-04 3.760000981856e-04 4.589170857798e-04 5.091794300824e-04 5.637787398882e-04 7.008831016719e-04 8.137872791849e-04 1.406723284163e-03 2.955868141726e-03 3.528842469677e-03 4.842043388635e-03 2.743489574641e-03 5.837451666594e-03 4.529821686447e-03 7.504442241043e-03 4.567276686430e-03 9.035268798470e-03 6.707285065204e-03 1.061145961285e-02 1.304324250668e-02 1.160604506731e-02 1.567237637937e-02 1.427049934864e-02 1.141932047904e-02 1.006930507720e-02
3.259479417466e-04 3.523657505866e-04 3.388393088244e-04 3.443116729613e-04 3.458132850938e-04 3.389437042642e-04 3.754213394132e-04 3.549656830728e-04 4.254333616700e-04 4.606402362697e-04 4.179736715741e-04 4.198287497275e-04 4.608112794813e-04 4.796577850357e-04 4.439594049472e-04 5.732302670367e-04 5.103715229779e-04 3.890697553288e-04 3.904710465576e-04 3.880849399138e-04 4.457011527847e-04 4.831763508264e-04 5.434373160824e-04 7.226811139844e-04 8.498129900545e-04 1.258678035811e-03 1.890811370686e-03 2.189887687564e-03 2.345459535718e-03 2.965911524370e-03 5.036265123636e-03 7.694950792938e-03 5.148936994374e-03 1.215259823948e-02 4.297230858356e-03 5.606436636299e-03 1.135072298348e-02 1.591167226434e-02 7.789304014295e-03 8.800821378827e-03 5.661345552653e-03 1.059210393578e-02 9.351675398648e-03
2.905960718635e-04 3.139748296235e-04 3.018615534529e-04 2.961874124594e-04 2.749240957201e-04 2.784296520986e-04 2.937298850156e-04 3.909327788278e-04 4.858556494582e-04 4.993177135475e-04 4.364030028228e-04 4.789083614014e-04 5.325684905984e-04 5.170953809284e-04 5.132965743542e-04 5.349257262424e-04 5.763477529399e-04 6.726374849677e-04 6.024872418493e-04 5.411805468611e-04 5.543207516894e-04 5.981916910969e-04 7.142772083171e-04 7.345280027948e-04 8.834245963953e-04 1.085847383365e-03 1.774584990926e-03 1.783612882718e-03 3.267532680184e-03 6.587666459382e-03 8.158806711435e-03 4.109797067940e-03 4.126695450395e-03 1.233377773315e-02 6.567406002432e-03 8.090093731880e-03 7.186493370682e-03 9.284498170018e-03 6.777636241168e-03 2.606435446069e-03 2.482181414962e-03 3.349626436830e-03 6.614404264838e-03
2.678169985302e-04 2.681600453798e-04 2.657786244527e-04 2.620872983243e-04 2.691815607250e-04 2.848503354471e-04 3.025579790119e-04 3.644307435025e-04 4.086990666110e-04 3.869811189361e-04 4.579876840580e-04 4.928012494929e-04 4.782634496223e-04 5.027172737755e-04 6.857832777314e-04 9.544191998430e-04 1.082347589545e-03 1.370462705381e-03 1.366708427668e-03 1.473288866691e-03 1.050431397744e-03 1.000929740258e-03 1.159934676252e-03 9.714148472995e-04 1.107348129153e-03 1.530333654955e-03 4.577268380672e-03 4.271879326552e-03 4.232699982822e-03 5.692868959159e-03 3.136147977784e-03 3.303251694888e-03 4.405448678881e-03 2.556093968451e-03 1.372468657792e-02 1.904662512243e-02 1.699238456786e-02 3.957289736718e-03 1.875803573057e-03 1.554026152007e-03 1.518342061900e-03 1.793710864149e-03 1.888760831207e-03
2.488408645149e-04 2.581677399576e-04 2.479859103914e-04 2.669286914170e-04 2.874585043173e-04 3.289214218967e-04 3.290051245131e-04 3.804026637226e-04 4.169496241957e-04 4.838808090426e-04 5.041568074375e-04 5.984753370285e-04 6.269508157857e-04 5.793181480840e-04 1.424991409294e-03 5.114054773003e-03 4.042163025588e-03 2.359360689297e-03 2.649937756360e-03 3.302954137325e-03 2.441936638206e-03 1.283971010707e-03 1.493242685683e-03 1.869511906989e-03 1.814905204810e-03 3.392077749595e-03 4.767548292875e-03 4.207625053823e-03 3.443044377491e-03 3.102140966803e-03 3.521938808262e-03 3.271977650002e-03 2.489336300641e-03 2.084523439407e-03 3.521306905895e-03 1.612775214016e-02 1.678835600615e-02 3.463627304882e-03 1.239228178747e-03 1.262548728846e-03 1.141786575317e-03 1.097109750845e-03 1.797248842195e-03
2.494722139090e-04 2.687987871468e-04 3.391334903426e-04 3.789819602389e-04 3.474794502836e-04 5.758237675764e-04 6.768887396902e-04 6.897691055201e-04 5.862168036401e-04 5.723994108848e-04 6.313788471743e-04 7.933827582747e-04 7.903674268164e-04 2.935422351584e-03 2.078962698579e-02 2.622288279235e-02 1.225484255701e-02 6.849181372672e-03 5.481068510562e-03 4.281822126359e-03 2.050782088190e-03 2.039184793830e-03 4.437955096364e-03 9.464241564274e-03 7.763008121401e-03 4.139136988670e-03 4.842209629714e-03 3.935527522117e-03 4.172631073743e-03 2.871211385354e-03 7.115158718079e-03 2.849732525647e-03 2.198754576966e-03 1.555864815600e-03 1.041792333126e-03 3.327900078148e-03 3.669821424410e-03 8.988592890091e-04 6.087130750529e-04 7.163719274104e-04 8.857015054673e-04 9.902365272865e-04 9.260954684578e-04
3.047505742870e-04 4.791197716258e-04 6.528202793561e-04 7.092180312611e-04 9.149047546089e-04 1.216201810166e-03 1.194833777845e-03 1.053852727637e-03 9.059011354111e-04 6.985481013544e-04 8.520035771653e-04 9.417096734978e-04 5.255725234747e-03 2.903237380087e-02 3.977924957871e-02 1.389636099339e-02 4.304028116167e-03 2.634574659169e-03 2.698153955862e-03 2.359882462770e-03 2.259944332764e-03 5.133347120136e-03 1.011804305017e-02 1.342904660851e-02 1.080146059394e-02 5.550684873015e-03 3.840900026262e-03 2.807443961501e-03 2.554783131927e-03 2.269011223689e-03 3.056457033381e-03 1.408882671967e-03 1.593829481862e-03 1.292609842494e-03 8.127672481351e-04 4.824148491025e-04 3.999847685918e-04 3.896631242242e-04 4.089125432074e-04 5.094193038531e-04 6.841104477644e-04 8.653565892018e-04 8.854732150212e-04
5.043493001722e-04 7.535313488916e-04 1.000437070616e-03 1.360534224659e-03 2.633684081957e-03 2.584313042462e-03 3.610702697188e-03 2.676040166989e-03 3.043635748327e-03 1.808481756598e-03 1.001891912892e-03 6.841525435448e-03 2.759558707476e-02 2.750310488045e-02 7.205614820123e-03 2.129727974534e-03 3.961432259530e-03 5.232843104750e-03 3.701679641381e-03 4.300195723772e-03 5.197607446462e-03 5.232919938862e-03 7.647495716810e-03 6.252891849726e-03 4.221191629767e-03 3.296552924439e-03 2.055322751403e-03 7.947119884193e-04 8.241693722084e-04 8.088230388239e-04 1.036591478623e-03 7.588358712383e-04 6.690853624605e-04 4.628456954379e-04 4.735010152217e-04 4.825594369322e-04 4.983549588360e-04 5.233940901235e-04 5.569370696321e-04 6.001460133120e-04 6.072022370063e-04 7.260906859301e-04 9.208933333866e-04
