VariationalSeries/SI/f127.grd
DSAA
101	101
32.816463539100	34.260883539100
35.556306596100	36.727886596100
8.360165520571e-04	2.959133911133e+01
[rows 38 to 56 of 101, columns 0 to 42 of 101]
2.234869636595e-02 3.982387110591e-02 4.093569889665e-02 4.230419918895e-02 4.731102287769e-02 5.143459886312e-02 6.680876761675e-02 7.630287110806e-02 8.393042534590e-02 7.684127986431e-02 7.774929702282e-02 8.524572849274e-02 8.673707395792e-02 8.157578110695e-02 8.187770843506e-02 1.045014932752e-01 1.378649175167e-01 1.621105074883e-01 1.273163408041e-01 1.624382734299e-01 1.965793371201e-01 2.018615901470e-01 1.551642119884e-01 1.146874502301e-01 1.728930175304e-01 1.534709483385e-01 1.280086636543e-01 1.278765201569e-01 1.199768483639e-01 1.482483446598e-01 1.729398816824e-01 2.027508169413e-01 2.419287115335e-01 2.897353470325e-01 2.738519012928e-01 1.581522822380e-01 1.822437942028e-01 1.977936625481e-01 2.475019693375e-01 3.082544207573e-01 3.675959110260e-01 3.562153577805e-01 2.918435037136e-01
2.547011338174e-02 4.536668956280e-02 4.302650317550e-02 4.299704730511e-02 5.072530359030e-02 6.170903891325e-02 8.109369874001e-02 1.021350100636e-01 1.140467897058e-01 1.069789230824e-01 7.815732061863e-02 5.664004758000e-02 6.725846976042e-02 7.718790322542e-02 8.334787935019e-02 8.420035243034e-02 7.796771079302e-02 9.664025157690e-02 1.038197353482e-01 1.557287573814e-01 1.702929735184e-01 1.545596569777e-01 1.534018069506e-01 1.342911720276e-01 1.226642951369e-01 1.352060288191e-01 1.145646870136e-01 9.817318618298e-02 1.324271261692e-01 1.352549046278e-01 1.112484559417e-01 1.172344684601e-01 1.562257111073e-01 1.849533766508e-01 2.685834169388e-01 2.432381659746e-01 1.478676348925e-01 2.535116672516e-01 3.082160651684e-01 3.454479575157e-01 3.333866298199e-01 4.254267513752e-01 3.667114078999e-01
2.248949743807e-02 4.167222231627e-02 4.555193334818e-02 4.551076143980e-02 5.917962267995e-02 7.299087196589e-02 8.871069550514e-02 1.168560981750e-01 1.268532872200e-01 1.265100985765e-01 8.660852164030e-02 5.285220593214e-02 5.529200285673e-02 5.532180145383e-02 5.510399490595e-02 6.536691635847e-02 7.380171865225e-02 7.068096101284e-02 1.092777773738e-01 2.003505527973e-01 2.383519560099e-01 2.082327455282e-01 2.140566706657e-01 2.165999859571e-01 1.790903210640e-01 1.248815059662e-01 9.248369932175e-02 8.472073078156e-02 1.027545034885e-01 1.056450456381e-01 1.288922727108e-01 1.419907510281e-01 1.661447137594e-01 1.914045363665e-01 1.650772541761e-01 2.003838717937e-01 2.021751552820e-01 1.928045153618e-01 3.821181952953e-01 3.763950467110e-01 2.799947857857e-01 4.211989343166e-01 5.693420171738e-01
3.087369166315e-02 6.666360050440e-02 7.751199603081e-02 7.972542941570e-02 7.196617126465e-02 6.849573552608e-02 7.214146852493e-02 8.030270785093e-02 8.052938431501e-02 7.628306746483e-02 5.199088156223e-02 4.033385589719e-02 4.212037473917e-02 4.903544113040e-02 5.587964504957e-02 6.101573258638e-02 6.327825784683e-02 7.233098894358e-02 8.132664859295e-02 9.420326352119e-02 1.429341137409e-01 1.940373778343e-01 1.775633543730e-01 1.685731559992e-01 2.102244645357e-01 2.508231103420e-01 2.809867858887e-01 2.737982571125e-01 2.853585779667e-01 3.116724789143e-01 3.452225923538e-01 3.162357509136e-01 3.740600049496e-01 4.260995686054e-01 3.293042778969e-01 2.036072462797e-01 3.697393536568e-01 2.682662904263e-01 2.222702205181e-01 4.593964219093e-01 2.812741994858e-01 4.530026018620e-01 5.158723592758e-01
3.673764690757e-02 7.445673644543e-02 8.359993249178e-02 5.998029559851e-02 6.372090429068e-02 8.061105757952e-02 8.420707285404e-02 8.707490563393e-02 6.871086359024e-02 4.443634673953e-02 4.462933540344e-02 4.415931552649e-02 4.349443688989e-02 4.746759310365e-02 5.364293605089e-02 5.886612460017e-02 6.210315227509e-02 7.102216780186e-02 1.007934212685e-01 1.108888909221e-01 9.505198895931e-02 1.599565446377e-01 2.042559385300e-01 2.120560407639e-01 1.760204732418e-01 1.583650261164e-01 2.110193222761e-01 3.209569752216e-01 4.331635832787e-01 3.971187770367e-01 3.535673916340e-01 2.806774079800e-01 2.861222624779e-01 5.405259132385e-01 3.871271014214e-01 4.888119399548e-01 3.317904174328e-01 5.039493441582e-01 4.442602097988e-01 3.791899979115e-01 6.134983301163e-01 6.160932183266e-01 4.155209660530e-01
7.347404211760e-02 1.426943242550e-01 1.068110466003e-01 8.400958776474e-02 7.220517098904e-02 5.132423713803e-02 6.982486695051e-02 8.546797931194e-02 8.479329198599e-02 7.711720466614e-02 6.532804667950e-02 4.718952625990e-02 5.152118578553e-02 6.564706563950e-02 7.323817163706e-02 6.780163943768e-02 6.053219363093e-02 8.138707280159e-02 9.515425562859e-02 1.170000135899e-01 1.150352433324e-01 1.059989705682e-01 1.192784905434e-01 8.557856827974e-02 8.668071031570e-02 7.385883480310e-02 7.926631718874e-02 1.109522804618e-01 1.303143352270e-01 1.331299245358e-01 1.164546236396e-01 1.979204416275e-01 2.856471240520e-01 4.882234632969e-01 3.335153460503e-01 3.098286688328e-01 2.685078680515e-01 3.937400281429e-01 3.250543177128e-01 5.279017090797e-01 5.867804884911e-01 6.670792698860e-01 6.879122257233e-01
1.213214918971e-01 6.125898361206e-01 2.465235590935e-01 5.029368400574e-01 1.340110003948e-01 1.022552326322e-01 1.305625289679e-01 1.143366396427e-01 8.164863288403e-02 6.410484761000e-02 6.787561625242e-02 6.740994006395e-02 5.229567363858e-02 5.054829642177e-02 5.925786122680e-02 6.841793656349e-02 7.587005943060e-02 7.476887106895e-02 1.553985178471e-01 1.492858082056e-01 1.039761900902e-01 1.128579154611e-01 1.022048592567e-01 7.780954241753e-02 1.124194040895e-01 7.127116620541e-02 8.724513649940e-02 1.128786727786e-01 1.328904181719e-01 1.025927811861e-01 1.411622166634e-01 1.268348246813e-01 1.767147928476e-01 3.352195322514e-01 4.482835829258e-01 2.956218421459e-01 3.024961054325e-01 4.106217324734e-01 4.076570272446e-01 4.405904710293e-01 5.050336122513e-01 6.233818531036e-01 6.878694891930e-01
1.343510299921e-01 8.651428669691e-02 1.247644349933e-01 1.472575068474e-01 1.513756215572e-01 1.695195734501e-01 1.800949722528e-01 1.563456356525e-01 1.399824023247e-01 1.331394761801e-01 1.193426698446e-01 1.045226529241e-01 1.082828417420e-01 9.208410233259e-02 7.911655306816e-02 7.528426498175e-02 6.018245592713e-02 6.454487144947e-02 1.163301706314e+00 1.094990491867e+00 8.727796375751e-02 1.401343941689e-01 8.713383972645e-02 8.274799585342e-02 1.086698547006e-01 1.271829158068e-01 1.204002276063e-01 1.260167211294e-01 1.287124454975e-01 1.326609998941e-01 2.033583372831e-01 1.627826094627e-01 1.638066321611e-01 2.046689242125e-01 2.703908085823e-01 3.031867146492e-01 4.639813303947e-01 4.024302065372e-01 4.452445507050e-01 4.300469160080e-01 5.160714983940e-01 5.610168576241e-01 5.180449485779e-01
7.532424926758e-01 1.673658013344e+00 1.345516592264e-01 1.551056057215e-01 1.644641309977e-01 1.611982285976e-01 1.468613296747e-01 1.301124393940e-01 1.148326322436e-01 1.011846885085e-01 1.147695407271e-01 1.086752191186e-01 8.228964358568e-02 5.428932607174e-02 5.827087908983e-02 1.373831480742e-01 2.249031662941e-01 2.521664500237e-01 5.588613748550e-01 7.019793987274e-01 1.361310034990e-01 1.493695974350e-01 1.303935796022e-01 1.138380169868e-01 1.030479297042e-01 1.026842072606e-01 2.040552943945e-01 1.950775980949e-01 1.486697494984e-01 1.857022196054e-01 1.274852454662e-01 1.915733665228e-01 2.657033503056e-01 3.996801078320e-01 3.448123037815e-01 2.002229392529e-01 3.711216151714e-01 3.742959201336e-01 5.647051334381e-01 5.389594435692e-01 4.959267973900e-01 4.681595861912e-01 5.028150081635e-01
2.147876173258e-01 3.615731298923e-01 2.835876308382e-02 3.469377011061e-02 4.572236165404e-02 2.566820085049e-01 5.850749611855e-01 4.810014069080e-01 2.632974684238e-01 8.238299190998e-02 7.449148595333e-02 9.483382105827e-02 9.439779073000e-02 8.107591420412e-02 4.173304736614e-01 4.736593067646e-01 1.995614469051e-01 2.214386016130e-01 2.389587461948e-01 3.754090070724e-01 9.357730150223e-01 1.582295298576e-01 2.041716426611e-01 3.986339867115e-01 2.765825092793e-01 2.786422967911e-01 2.026270776987e-01 1.898061931133e-01 3.292524516582e-01 3.846612870693e-01 4.059547483921e-01 2.845240235329e-01 6.872223019600e-01 4.145158529282e-01 6.463190317154e-01 4.934223592281e-01 3.623104393482e-01 4.032185673714e-01 4.944706559181e-01 6.410517096519e-01 7.864954471588e-01 1.005773186684e+00 1.065091609955e+00
1.607558131218e-01 2.690113782883e-01 2.225057035685e-02 1.915022358298e-02 1.519360691309e-01 5.851581692696e-01 1.140130639076e+00 9.010650515556e-01 3.316191434860e-01 3.123366832733e-02 2.970490790904e-02 2.780768647790e-02 2.985085360706e-02 3.363236039877e-02 2.699249684811e-01 1.997527778149e-01 1.725670695305e-01 1.661834865808e-01 1.812526285648e-01 8.233787864447e-02 3.772414326668e-01 3.150100946426e+00 2.098502367735e-01 4.022287130356e-01 1.010470151901e+00 5.257219076157e-01 3.306557834148e-01 2.987252473831e-01 3.134712874889e-01 3.427743613720e-01 5.519861578941e-01 8.246432542801e-01 4.335959553719e-01 5.897802710533e-01 9.309985041618e-01 1.633509635925e+00 8.073033690453e-01 4.510014355183e-01 3.866058886051e-01 4.308552742004e-01 5.919660925865e-01 6.560863852501e-01 6.934589743614e-01
9.063432365656e-02 1.302605271339e-01 1.712543889880e-02 1.324538979679e-02 2.089296840131e-02 3.394533097744e-01 7.015284299850e-01 4.316220581532e-01 2.523869872093e-01 4.457772523165e-02 1.663559675217e-02 1.044438183308e-01 1.272183805704e-01 1.104259118438e-01 1.031595468521e-01 1.410068869591e-01 1.876690387726e-01 1.578880697489e-01 1.766355633736e-01 1.601448506117e-01 1.993182450533e-01 3.586831986904e-01 1.428347527981e-01 2.174555063248e-01 8.271363973618e-01 4.753216207027e-01 1.330232739449e+00 1.017051696777e+00 3.226055502892e-01 7.590512037277e-01 2.640491485596e+00 3.647231101990e+00 3.827754259109e+00 7.453607916832e-01 1.021581053734e+00 1.123540043831e+00 8.403736352921e-01 4.146016538143e-01 3.329634666443e-01 3.427149951458e-01 6.709633469582e-01 4.865329563618e-01 6.219111680984e-01
3.373248875141e-02 1.057444363832e-01 6.677462905645e-02 3.509051352739e-02 2.398194745183e-02 1.052134390920e-02 6.659010052681e-02 7.688994705677e-02 7.818186283112e-02 7.087813317776e-02 5.407765135169e-02 1.034347042441e-01 1.234039291739e-01 1.529094725847e-01 1.317023038864e-01 9.577742218971e-02 1.241227388382e-01 1.368260383606e-01 1.427598744631e-01 9.228964895010e-02 1.111212968826e-01 1.794761121273e-01 2.592549622059e-01 5.269479155540e-01 1.210454225540e+00 8.314729928970e-01 9.030827283859e-01 6.713536977768e-01 1.153604388237e+00 3.010010719299e-01 1.546358913183e-01 1.400254368782e-01 2.437417954206e-01 4.127363264561e-01 1.271681308746e+00 1.450858402252e+01 5.279074192047e+00 2.383800029755e+00 1.692830920219e+00 1.326531291008e+00 1.449927926064e+00 1.547825574875e+00 2.319949865341e+00
3.267795592546e-02 6.527217477560e-02 8.183076232672e-02 4.470725357533e-02 2.920214086771e-02 1.248237956315e-02 5.871931090951e-02 6.013735756278e-02 5.865633487701e-02 5.446248129010e-02 6.465479731560e-02 7.757079601288e-02 8.506065607071e-02 1.617217063904e-01 1.407611370087e-01 1.151952072978e-01 1.150027364492e-01 1.108625307679e-01 1.054226383567e-01 1.167137920856e-01 1.052959114313e-01 1.080223470926e-01 1.833481639624e-01 2.162350416183e-01 5.398762226105e-01 5.231527328491e+00 1.467454910278e+00 2.619677543640e+00 1.129198908806e+00 1.238066405058e-01 7.405148446560e-02 7.323916256428e-02 8.446650207043e-02 1.141363158822e-01 1.835817843676e-01 1.106941223145e+00 8.572702407837e+00 1.907644033432e+00 5.585917830467e-01 1.726779341698e+00 9.240369200706e-01 4.090802073479e-01 6.506682634354e-01
2.579269558191e-02 4.623572900891e-02 6.244116649032e-02 7.209825515747e-02 7.519333809614e-02 6.956509500742e-02 6.204237416387e-02 6.007727980614e-02 5.827207863331e-02 5.126371234655e-02 4.558045789599e-02 5.600654706359e-02 6.279341131449e-02 6.392027437687e-02 1.130583807826e-01 9.603480994701e-02 9.417820721865e-02 1.028020828962e-01 8.229520916939e-02 9.320359677076e-02 1.128679066896e-01 9.970846772194e-02 1.078376546502e-01 1.177775934339e-01 2.194958627224e-01 1.312109708786e+00 1.347802877426e+00 3.795755505562e-01 1.485185325146e-01 8.799945563078e-02 6.655291467905e-02 5.596373602748e-02 6.675454229116e-02 9.257365763187e-02 1.151846200228e-01 4.474112093449e-01 1.597946405411e+00 8.436240553856e-01 5.390335917473e-01 1.259125024080e-01 5.274303555489e-01 4.451184868813e-01 3.991622626781e-01
4.108610749245e-02 6.914353370667e-02 8.826328814030e-02 9.924062341452e-02 1.020968854427e-01 9.779548645020e-02 9.199286997318e-02 8.296231925488e-02 7.184679806232e-02 5.896937474608e-02 4.381954297423e-02 4.116770252585e-02 4.668700322509e-02 4.899596795440e-02 1.099608391523e-01 1.043586879969e-01 1.083011254668e-01 6.815966218710e-02 8.389814198017e-02 1.287482976913e-01 1.173823550344e-01 8.212190866470e-02 6.417329609394e-02 6.543596088886e-02 1.155865415931e-01 1.166235566139e+00 8.780854344368e-01 2.964237630367e-01 1.845731884241e-01 1.195675507188e-01 8.423644304276e-02 5.864902213216e-02 5.218939855695e-02 5.236341804266e-02 7.728888839483e-02 1.287670880556e-01 1.156024113297e-01 2.977319955826e-01 2.090483903885e+00 3.062917470932e+00 1.772877812386e+00 3.785830736160e-01 3.071999251842e-01
2.054941281676e-02 4.360469058156e-02 5.430829897523e-02 5.960075557232e-02 5.791293457150e-02 5.515654757619e-02 5.326513200998e-02 4.861783236265e-02 4.607114568353e-02 4.054391384125e-02 3.631384670734e-02 3.299815580249e-02 3.742181509733e-02 3.836886212230e-02 8.519474416971e-02 1.148774251342e-01 1.108017265797e-01 7.133534550667e-02 1.408957988024e-01 1.516155153513e-01 1.314188241959e-01 1.742247939110e-01 5.181575194001e-02 5.015074089170e-02 1.105346381664e-01 4.284911155701e-01 2.253839373589e-01 2.362908422947e-01 1.744931638241e-01 1.176251992583e-01 7.696693390608e-02 6.386948376894e-02 5.638203397393e-02 5.531100556254e-02 6.427666544914e-02 1.245431005955e-01 9.030996263027e-02 3.315043449402e-01 1.484127521515e+00 9.028128385544e-01 5.570901036263e-01 2.293544709682e-01 1.840116381645e-01
1.768957637250e-02 2.585134096444e-02 3.393073007464e-02 3.712384775281e-02 3.707316517830e-02 3.536260128021e-02 3.259139508009e-02 3.548070043325e-02 3.601622581482e-02 3.625870123506e-02 4.028456285596e-02 4.325803741813e-02 4.409829527140e-02 4.725170880556e-02 8.657281845808e-02 1.001001670957e-01 6.133813410997e-02 7.264980673790e-02 1.133912056684e-01 2.704020440578e-01 1.502458751202e-01 1.380413770676e-01 7.596474140882e-02 6.702812016010e-02 1.312054693699e-01 1.153922080994e-01 1.035198450089e+00 1.623321473598e-01 1.500039249659e-01 9.232727438211e-02 6.212680041790e-02 5.717955157161e-02 5.470388382673e-02 5.816701427102e-02 7.201756536961e-02 9.941085427999e-02 1.770341992378e-01 2.188522070646e-01 3.951275348663e-01 5.951518416405e-01 3.738497793674e-01 2.093139737844e-01 2.744485437870e-01
1.427218504250e-02 2.546902000904e-02 3.408318012953e-02 3.794610500336e-02 5.986625328660e-02 3.874796628952e-02 4.610783234239e-02 5.212475359440e-02 5.759580433369e-02 6.256712228060e-02 6.699761748314e-02 6.946902722120e-02 7.616177201271e-02 8.092540502548e-02 1.595914363861e-01 1.657631546259e-01 8.279157429934e-02 6.663233786821e-02 9.683793038130e-02 3.051808774471e-01 1.354117244482e-01 1.617538034916e-01 1.056880652905e-01 8.008734136820e-02 1.148596107960e-01 2.476789802313e-01 4.492871463299e-01 1.250351816416e-01 1.611501574516e-01 7.149145752192e-02 5.494841560721e-02 5.124495550990e-02 5.214178934693e-02 5.978296324611e-02 7.364077866077e-02 9.001516550779e-02 9.991081058979e-02 1.385373920202e-01 2.584843039513e-01 3.057258129120e-01 1.970142424107e-01 2.279727309942e-01 2.607034146786e-01
