VariationalSeries/SI/f127.grd
DSAA
101	101
32.816463539100	34.260883539100
35.556306596100	36.727886596100
8.360165520571e-04	2.959133911133e+01
[rows 0 to 18 of 101, columns 0 to 42 of 101]
2.614148659632e-03 4.689875058830e-03 4.201219882816e-03 3.481873776764e-03 3.349815262482e-03 6.325948517770e-03 1.257419865578e-02 1.745760254562e-02 1.551755238324e-02 9.171207435429e-03 3.815111005679e-03 4.250139929354e-03 4.562115762383e-03 4.440116230398e-03 3.821760648862e-03 2.909409580752e-03 4.133716691285e-03 4.880082793534e-03 5.870565306395e-03 6.690757814795e-03 6.872662808746e-03 8.997377939522e-03 6.705699954182e-03 5.940958857536e-03 5.927489604801e-03 8.087362162769e-03 1.275421027094e-02 1.456353440881e-02 1.067670900375e-02 1.071359962225e-02 1.056120917201e-02 9.885567240417e-03 8.542260155082e-03 6.748205982149e-03 4.809438716620e-03 3.051713341847e-03 4.321196116507e-03 6.594514008611e-03 9.266584180295e-03 1.038766745478e-02 8.704486303031e-03 8.592799305916e-03 8.234592154622e-03
4.854781553149e-03 9.191237390041e-03 9.101137518883e-03 7.401505950838e-03 7.653620559722e-03 1.225230842829e-02 2.424992807209e-02 3.340158984065e-02 2.936075255275e-02 1.692544110119e-02 6.828104145825e-03 7.424646988511e-03 7.901309989393e-03 7.556901779026e-03 6.386983674020e-03 5.243767052889e-03 6.575653329492e-03 8.742954581976e-03 1.045634318143e-02 1.180615555495e-02 1.189557462931e-02 2.342400141060e-02 1.310835313052e-02 1.025377400219e-02 1.225027255714e-02 1.582946814597e-02 2.142570540309e-02 2.446451969445e-02 1.842033490539e-02 1.806701347232e-02 1.719505526125e-02 1.552017498761e-02 1.286293193698e-02 9.708878584206e-03 6.670008413494e-03 6.325121503323e-03 1.034526992589e-02 1.473093871027e-02 1.852917298675e-02 1.821068115532e-02 1.346551440656e-02 1.550480257720e-02 1.703405939043e-02
4.796342924237e-03 9.860383346677e-03 1.113989856094e-02 1.043358258903e-02 1.093911845237e-02 1.419472694397e-02 2.816447801888e-02 3.810981661081e-02 3.243203833699e-02 1.757591962814e-02 8.371495641768e-03 9.507984854281e-03 9.859805926681e-03 9.131976403296e-03 8.179122582078e-03 7.066838908941e-03 7.828591391444e-03 1.051414944232e-02 1.296651735902e-02 1.439216081053e-02 2.422047592700e-02 3.612103685737e-02 1.601584814489e-02 1.390577945858e-02 1.633022166789e-02 1.972333900630e-02 2.040655352175e-02 2.230295725167e-02 1.945655420423e-02 1.840267702937e-02 1.670069061220e-02 1.426088903099e-02 1.180781424046e-02 8.156023919582e-03 7.539712358266e-03 1.200770121068e-02 1.753982715309e-02 2.150172181427e-02 2.245045639575e-02 1.813537999988e-02 1.114793680608e-02 1.437776628882e-02 1.908220723271e-02
5.614449735731e-03 1.025027874857e-02 1.136230304837e-02 1.170754712075e-02 1.253137923777e-02 1.460733450949e-02 2.958124689758e-02 3.919558227062e-02 3.151845186949e-02 1.517924014479e-02 9.610154666007e-03 1.105664018542e-02 1.277714222670e-02 1.283130515367e-02 1.167552545667e-02 1.008366793394e-02 8.563549257815e-03 1.109073031694e-02 1.345475763083e-02 1.854372024536e-02 4.057077690959e-02 4.590255394578e-02 1.761923171580e-02 1.666388288140e-02 1.806208863854e-02 2.067153155804e-02 1.971118897200e-02 1.823090203106e-02 1.856539398432e-02 1.514782290906e-02 1.295664813370e-02 1.042703725398e-02 1.361100934446e-02 8.663457818329e-03 1.375617645681e-02 1.942039094865e-02 2.396690659225e-02 2.415638603270e-02 2.038329094648e-02 1.326975878328e-02 1.359174959362e-02 1.512530446053e-02 1.748606562614e-02
6.493730936199e-03 1.220554113388e-02 1.268781069666e-02 1.211479678750e-02 1.313202641904e-02 1.485253311694e-02 3.035034239292e-02 3.939865529537e-02 2.975547686219e-02 1.288225967437e-02 1.207211427391e-02 1.511204149574e-02 1.682237908244e-02 1.677521131933e-02 1.548110786825e-02 1.318196300417e-02 1.090708840638e-02 1.069983746856e-02 1.703437790275e-02 3.395014628768e-02 5.633480101824e-02 5.038923770189e-02 1.701280102134e-02 1.810896769166e-02 1.812129653990e-02 2.026364952326e-02 1.812587305903e-02 1.542788837105e-02 2.009688131511e-02 1.995597407222e-02 1.090850681067e-02 1.053124759346e-02 1.452331896871e-02 1.550295390189e-02 2.171995677054e-02 2.593101374805e-02 2.612975798547e-02 2.131242118776e-02 1.460184715688e-02 1.599382050335e-02 2.060083858669e-02 2.020868100226e-02 1.383502315730e-02
7.295595016330e-03 1.405215263367e-02 1.525650639087e-02 1.386141590774e-02 1.338275428861e-02 1.510494109243e-02 3.051492199302e-02 3.840978443623e-02 2.704030647874e-02 1.191193703562e-02 1.582080498338e-02 1.895170286298e-02 2.018094807863e-02 1.960738748312e-02 1.777267642319e-02 1.464480720460e-02 1.198280695826e-02 1.199405174702e-02 2.692914381623e-02 4.817334935069e-02 6.542690843344e-02 4.975075274706e-02 1.947935298085e-02 2.758538350463e-02 1.942169666290e-02 1.906814984977e-02 1.630935445428e-02 2.394753508270e-02 3.594657778740e-02 2.772101946175e-02 1.264783740044e-02 1.327238325030e-02 1.683685183525e-02 2.329937554896e-02 2.759419381618e-02 2.719741500914e-02 2.248810417950e-02 1.500711217523e-02 1.771983318031e-02 2.420182712376e-02 2.779840491712e-02 2.349299192429e-02 1.270239986479e-02
7.615372538567e-03 1.503936480731e-02 1.768169738352e-02 1.709682308137e-02 1.502099726349e-02 1.534886006266e-02 3.023860044777e-02 3.699819743633e-02 2.447921596467e-02 1.513840258121e-02 1.899381913245e-02 2.155582793057e-02 2.190754190087e-02 2.051049098372e-02 1.767026074231e-02 1.410576608032e-02 1.165968645364e-02 1.879314891994e-02 3.602385893464e-02 5.728388950229e-02 6.769834458828e-02 4.546159505844e-02 2.594776637852e-02 3.495926037431e-02 2.470803260803e-02 1.957603543997e-02 1.627454347908e-02 4.324364289641e-02 6.079209968448e-02 3.545242547989e-02 1.354073919356e-02 1.617298461497e-02 2.305695600808e-02 2.738729119301e-02 2.732412889600e-02 2.261697128415e-02 1.570082828403e-02 1.779797486961e-02 2.576604671776e-02 3.194608911872e-02 3.213181346655e-02 2.364829182625e-02 1.386867091060e-02
7.674207910895e-03 1.525733526796e-02 1.917943730950e-02 2.011413685977e-02 1.878857612610e-02 1.592252030969e-02 3.002204187214e-02 3.644587099552e-02 2.298356778920e-02 1.806504279375e-02 2.126742154360e-02 2.272410877049e-02 2.211008407176e-02 1.973473839462e-02 1.592384465039e-02 1.247722376138e-02 1.123460102826e-02 2.456949651241e-02 4.376893118024e-02 6.195440515876e-02 6.648987531662e-02 4.091660305858e-02 2.832763269544e-02 3.841308131814e-02 3.004085645080e-02 2.058160677552e-02 1.907341927290e-02 6.497927010059e-02 8.457669615746e-02 4.176469892263e-02 1.426274888217e-02 2.008993551135e-02 2.466021664441e-02 2.519982494414e-02 2.617061138153e-02 1.859390735626e-02 1.744586974382e-02 2.544378675520e-02 3.355997055769e-02 3.634529188275e-02 3.167577087879e-02 1.997215300798e-02 1.630390621722e-02
7.392141036689e-03 1.466834917665e-02 1.909596100450e-02 2.137071266770e-02 2.174586616457e-02 1.946866326034e-02 2.987894415855e-02 3.636082261801e-02 2.227274700999e-02 2.018051408231e-02 2.243977598846e-02 2.276927605271e-02 2.105746790767e-02 1.770383864641e-02 1.872093789279e-02 1.866094954312e-02 1.779748871922e-02 2.909097447991e-02 4.786813631654e-02 6.085705012083e-02 6.037697941065e-02 3.562982752919e-02 2.907765842974e-02 3.667804226279e-02 3.236501663923e-02 2.230201102793e-02 1.954910531640e-02 8.342241495848e-02 9.837898612022e-02 4.622574895620e-02 1.779097132385e-02 1.918688043952e-02 2.068400941789e-02 2.434668317437e-02 2.873748354614e-02 2.197579294443e-02 2.622778527439e-02 3.429622948170e-02 3.937610238791e-02 3.646565228701e-02 2.676554955542e-02 1.954431273043e-02 1.899516209960e-02
1.059693284333e-02 1.866754516959e-02 1.750027760863e-02 2.053299918771e-02 2.271577529609e-02 2.236996404827e-02 3.010010905564e-02 3.648876026273e-02 2.189522422850e-02 2.123131789267e-02 2.244403026998e-02 2.168750390410e-02 2.301190420985e-02 2.513244375587e-02 2.639008499682e-02 2.687669359148e-02 2.624754980206e-02 3.312347456813e-02 4.881906881928e-02 5.629405006766e-02 5.234424769878e-02 3.051808476448e-02 2.638233453035e-02 3.197658061981e-02 3.117304295301e-02 2.288807183504e-02 2.087667770684e-02 9.431459754705e-02 1.043239757419e-01 4.808939620852e-02 2.006996795535e-02 1.524132955819e-02 2.009492553771e-02 2.416607178748e-02 2.942651696503e-02 2.839452773333e-02 3.662461042404e-02 4.105278849602e-02 4.008352011442e-02 3.143994510174e-02 1.925962977111e-02 2.051573991776e-02 2.133115194738e-02
1.069761998951e-02 2.141623385251e-02 2.214278467000e-02 1.819710060954e-02 2.127914130688e-02 2.331260964274e-02 2.996291965246e-02 3.607363626361e-02 2.129845321178e-02 2.140888571739e-02 2.307214960456e-02 2.692353911698e-02 2.987277135253e-02 3.161113336682e-02 3.253351151943e-02 3.300268575549e-02 3.284505754709e-02 3.842666000128e-02 5.377907305956e-02 5.684344097972e-02 4.765054583549e-02 3.511005640030e-02 2.453211508691e-02 2.718772366643e-02 2.798762172461e-02 2.191579528153e-02 2.703727595508e-02 9.913548082113e-02 1.065053939819e-01 4.727093130350e-02 2.045717462897e-02 1.768575608730e-02 1.968034543097e-02 2.461613155901e-02 3.260898217559e-02 3.945387899876e-02 4.389619082212e-02 4.187673702836e-02 3.465756773949e-02 2.687743864954e-02 1.871375367045e-02 1.999502256513e-02 2.327604778111e-02
9.109046310186e-03 1.916161738336e-02 2.292612008750e-02 2.406313270330e-02 2.145414240658e-02 2.156935632229e-02 2.916950732470e-02 3.489919751883e-02 2.073743566871e-02 2.487610094249e-02 2.882905676961e-02 3.211150690913e-02 3.443063423038e-02 3.585281223059e-02 3.647813946009e-02 3.663533553481e-02 3.649446368217e-02 5.096542090178e-02 6.956913322210e-02 7.208720594645e-02 6.193121895194e-02 4.841260984540e-02 3.535537049174e-02 2.540783025324e-02 3.714523836970e-02 3.546588495374e-02 3.267960250378e-02 9.486519545317e-02 9.410024434328e-02 4.313598573208e-02 2.499300986528e-02 2.946081571281e-02 3.158212825656e-02 3.946391493082e-02 4.462037235498e-02 4.648157209158e-02 4.445604607463e-02 3.572066873312e-02 3.805561736226e-02 4.455816745758e-02 2.397402562201e-02 2.133767865598e-02 2.492403611541e-02
6.553006358445e-03 1.450714841485e-02 1.917852088809e-02 2.266618981957e-02 2.490423806012e-02 2.413812652230e-02 2.775050513446e-02 3.312823921442e-02 2.561837062240e-02 2.958915941417e-02 3.249093890190e-02 3.441038727760e-02 3.562862798572e-02 3.639697283506e-02 3.663792088628e-02 3.668652102351e-02 3.694371506572e-02 5.595378577709e-02 7.551044970751e-02 7.690487802029e-02 6.632480770350e-02 5.392673984170e-02 4.214484617114e-02 3.187880665064e-02 5.012798681855e-02 4.833232611418e-02 4.054822772741e-02 8.248595148325e-02 7.388656586409e-02 3.675739467144e-02 4.401260986924e-02 4.947439581156e-02 4.895834997296e-02 5.144223570824e-02 5.091178789735e-02 4.626731202006e-02 4.205098748207e-02 3.971066698432e-02 3.764689341187e-02 5.984106287360e-02 3.853734210134e-02 2.728307805955e-02 2.843412011862e-02
4.960387479514e-03 1.000546291471e-02 1.364263333380e-02 1.757285557687e-02 2.147707715631e-02 2.452921494842e-02 2.560180053115e-02 3.071428649127e-02 2.848664112389e-02 3.154433518648e-02 3.313280269504e-02 3.371163830161e-02 3.357100486755e-02 3.296023607254e-02 3.230139240623e-02 3.234843537211e-02 3.337511420250e-02 5.123207345605e-02 6.776271760464e-02 6.992117315531e-02 6.271641701460e-02 5.320334061980e-02 4.400912672281e-02 3.613011911511e-02 4.963238537312e-02 5.120237544179e-02 4.508687928319e-02 6.745223701000e-02 5.398502945900e-02 3.842161968350e-02 5.181704089046e-02 5.844825878739e-02 5.811893194914e-02 5.537037551403e-02 4.746399819851e-02 4.125035554171e-02 3.870932012796e-02 3.588221967220e-02 3.266917541623e-02 6.311899423599e-02 5.886776000261e-02 2.983563393354e-02 2.857370488346e-02
6.041115615517e-03 1.106029096991e-02 1.232205424458e-02 1.320450939238e-02 1.543459668756e-02 1.932254992425e-02 2.307934872806e-02 2.716436795890e-02 2.901150658727e-02 3.100969456136e-02 3.149538859725e-02 3.094668313861e-02 2.972525171936e-02 2.805862016976e-02 2.662713080645e-02 2.640072815120e-02 2.754562720656e-02 4.037783294916e-02 5.194882303476e-02 5.472923070192e-02 5.122145637870e-02 4.614591598511e-02 4.095787182450e-02 3.713213652372e-02 3.893968462944e-02 4.244376346469e-02 4.141688346863e-02 5.197326466441e-02 3.962585702538e-02 4.338322207332e-02 5.613143742085e-02 6.221039593220e-02 5.938172340393e-02 4.894594848156e-02 3.536599874496e-02 3.952164202929e-02 3.266534581780e-02 3.443062305450e-02 3.342420980334e-02 5.222043767571e-02 7.786498218775e-02 3.187308087945e-02 3.261666372418e-02
7.520955521613e-03 1.254659146070e-02 1.314178202301e-02 1.385820657015e-02 1.456817984581e-02 1.819521188736e-02 2.189814485610e-02 2.521724253893e-02 2.767533622682e-02 2.883481048048e-02 2.853470668197e-02 2.727989479899e-02 2.560394629836e-02 2.371268346906e-02 2.219220623374e-02 2.172031067312e-02 2.221996150911e-02 3.108454309404e-02 3.634941577911e-02 3.895818814635e-02 3.820527717471e-02 3.562430664897e-02 3.354754298925e-02 3.416473791003e-02 3.312348946929e-02 3.132613375783e-02 4.536642134190e-02 4.977909103036e-02 5.013107135892e-02 4.912323877215e-02 5.829757452011e-02 5.909908190370e-02 4.912204295397e-02 4.799026995897e-02 2.490591816604e-02 4.691268876195e-02 4.327823221684e-02 4.000091925263e-02 3.424742445350e-02 3.683008998632e-02 8.812095224857e-02 5.009693279862e-02 3.742348402739e-02
1.034780498594e-02 1.789483428001e-02 1.768531464040e-02 1.419473346323e-02 1.461196877062e-02 1.779318787158e-02 2.092912048101e-02 2.347451075912e-02 2.502423338592e-02 2.542943507433e-02 3.080315701663e-02 3.216718882322e-02 3.239857777953e-02 2.939797751606e-02 2.542585507035e-02 2.368457429111e-02 2.629265189171e-02 2.624658867717e-02 2.983688376844e-02 2.848807536066e-02 2.614971809089e-02 2.568246237934e-02 2.634971775115e-02 2.772241644561e-02 2.956539578736e-02 3.375106304884e-02 5.003150552511e-02 4.972866177559e-02 5.030953139067e-02 5.300151929259e-02 5.582225322723e-02 5.703922733665e-02 6.043703109026e-02 5.363211780787e-02 3.432572633028e-02 5.280720815063e-02 4.820146784186e-02 3.983769193292e-02 2.998135797679e-02 2.280478738248e-02 8.460138738155e-02 7.526355236769e-02 4.215930029750e-02
1.186669338495e-02 2.188172377646e-02 2.368186600506e-02 2.057066932321e-02 1.489509362727e-02 1.675581000745e-02 1.915242150426e-02 2.085552737117e-02 2.161701768637e-02 2.717811055481e-02 3.970235586166e-02 4.107685387135e-02 3.753048926592e-02 3.678601607680e-02 3.420878201723e-02 3.050779365003e-02 2.594286203384e-02 2.244701422751e-02 3.090492263436e-02 3.076089546084e-02 2.276611514390e-02 2.011517435312e-02 2.215410210192e-02 2.912947349250e-02 3.091693297029e-02 3.560285270214e-02 4.360298067331e-02 4.159485921264e-02 4.181605204940e-02 4.487023130059e-02 5.148107931018e-02 5.912637338042e-02 6.536026299000e-02 5.521705374122e-02 3.952876850963e-02 5.835567042232e-02 4.637702926993e-02 3.603560104966e-02 2.472592703998e-02 2.236999012530e-02 6.827586889267e-02 1.009354591370e-01 4.557674750686e-02
1.173170190305e-02 2.300054766238e-02 2.743607386947e-02 2.598802559078e-02 2.024954929948e-02 1.535209361464e-02 1.698777265847e-02 1.835841685534e-02 2.114554494619e-02 2.700965665281e-02 3.902252390981e-02 4.346701502800e-02 4.069659113884e-02 4.073251038790e-02 3.949828818440e-02 3.750342130661e-02 3.469542786479e-02 3.025827184319e-02 3.450472652912e-02 3.282935172319e-02 2.843831665814e-02 2.808758057654e-02 3.182958438993e-02 3.321209549904e-02 2.977003529668e-02 3.093185089529e-02 3.254449367523e-02 3.012114390731e-02 3.021327778697e-02 3.307255357504e-02 3.959714993834e-02 4.994522035122e-02 6.145949661732e-02 5.475520715117e-02 4.097329825163e-02 5.637826770544e-02 4.071082174778e-02 3.261704742908e-02 2.745415829122e-02 2.831708453596e-02 4.692329838872e-02 1.176838204265e-01 4.723382368684e-02
