VariationalSeries/SI/f127.grd
DSAA
101	101
32.816463539100	34.260883539100
35.556306596100	36.727886596100
8.360165520571e-04	2.959133911133e+01
[rows 76 to 94 of 101, columns 0 to 42 of 101]
3.877274692059e-03 6.372894626111e-03 8.667769841850e-03 1.026311516762e-02 1.103246212006e-02 1.111221686006e-02 1.074982713908e-02 1.132249366492e-02 1.199991628528e-02 1.239426899701e-02 1.253828685731e-02 1.251117419451e-02 1.235714368522e-02 8.051862940192e-03 1.137534622103e-02 1.104534510523e-02 1.126250345260e-02 1.296934299171e-02 1.341338455677e-02 7.897229865193e-03 9.550209157169e-03 9.959721937776e-03 1.227499917150e-02 1.408316008747e-02 1.494098827243e-02 1.480881590396e-02 1.478570327163e-02 1.636307872832e-02 1.945969834924e-02 2.060236409307e-02 1.985112391412e-02 1.867281831801e-02 1.810965873301e-02 1.972234621644e-02 2.021081000566e-02 2.097442001104e-02 8.006385527551e-03 8.504157885909e-03 4.126052930951e-02 4.882815852761e-02 5.991594493389e-02 5.864113196731e-02 6.428116559982e-02
4.581444896758e-03 7.407697383314e-03 9.832091629505e-03 1.134202815592e-02 1.194875501096e-02 1.189859397709e-02 1.144116930664e-02 1.075884606689e-02 1.121030747890e-02 1.158070005476e-02 1.168596837670e-02 1.160021219403e-02 1.172774005681e-02 1.249543484300e-02 1.234158128500e-02 1.147241704166e-02 1.091361790895e-02 1.229180023074e-02 8.469368331134e-03 7.016505114734e-03 1.057829149067e-02 1.241936162114e-02 1.371803041548e-02 1.506979297847e-02 1.612759940326e-02 1.595871336758e-02 1.688671112061e-02 2.035642601550e-02 2.261079102755e-02 2.288827858865e-02 2.135306224227e-02 1.957343704998e-02 1.878398284316e-02 2.022740244865e-02 2.049232274294e-02 2.091005817056e-02 2.749268338084e-02 2.836397849023e-02 3.986680880189e-02 5.863632634282e-02 7.355034351349e-02 8.314201980829e-02 9.340061247349e-02
4.877389874309e-03 7.780641783029e-03 1.013464573771e-02 1.146948244423e-02 1.189935021102e-02 1.170892827213e-02 1.112360134721e-02 1.030067913234e-02 9.365569800138e-03 9.370587766171e-03 1.042241230607e-02 1.181105617434e-02 1.273951120675e-02 1.277183834463e-02 1.189699210227e-02 1.035504043102e-02 1.016288250685e-02 1.064181141555e-02 9.865147992969e-03 6.326964125037e-03 1.224411837757e-02 1.482352335006e-02 1.665873639286e-02 1.601781882346e-02 1.634585671127e-02 1.847249828279e-02 2.270219847560e-02 2.462489344180e-02 2.517369575799e-02 2.460603043437e-02 2.298862300813e-02 2.128555811942e-02 2.102439105511e-02 2.215451560915e-02 2.654478698969e-02 2.358979731798e-02 2.721647918224e-02 3.810450434685e-02 4.083844274282e-02 7.324175536633e-02 8.538679778576e-02 7.584806531668e-02 7.813043892384e-02
4.403209313750e-03 6.959906313568e-03 8.972434327006e-03 1.005198061466e-02 1.032706256956e-02 1.004534866661e-02 9.394974447787e-03 8.520887233317e-03 3.815326374024e-03 3.196296747774e-03 9.591832756996e-03 1.076673064381e-02 1.088832132518e-02 1.029758434743e-02 9.988608770072e-03 1.006343774498e-02 5.308378953487e-03 9.706694632769e-03 1.039223745465e-02 1.342122815549e-02 1.867956295609e-02 2.460762672126e-02 3.001652099192e-02 2.560162544250e-02 1.858268678188e-02 2.347149513662e-02 2.798748016357e-02 2.818820253015e-02 2.651250734925e-02 2.488177269697e-02 2.350145019591e-02 2.227665856481e-02 2.371528558433e-02 2.428357675672e-02 2.858897112310e-02 2.660548128188e-02 3.007194958627e-02 4.144763201475e-02 4.332836717367e-02 6.483070552349e-02 8.345995843410e-02 9.439440816641e-02 5.984848365188e-02
3.644136013463e-03 5.378758534789e-03 6.924616638571e-03 7.761422079057e-03 7.966864854097e-03 7.916478440166e-03 8.140856400132e-03 8.272323757410e-03 5.648643709719e-03 1.898787799291e-03 7.094794884324e-03 8.873191662133e-03 9.377408772707e-03 9.856923483312e-03 1.032128371298e-02 1.055830065161e-02 1.043559797108e-02 1.102141011506e-02 1.361232344061e-02 1.764363795519e-02 2.619873359799e-02 3.658583015203e-02 4.608561843634e-02 3.676524758339e-02 2.243474498391e-02 2.623265050352e-02 3.099455870688e-02 3.507034108043e-02 3.397237509489e-02 2.946966141462e-02 2.576424367726e-02 2.462147176266e-02 2.470337226987e-02 2.449410408735e-02 2.562181651592e-02 2.806750871241e-02 3.233279660344e-02 4.015531018376e-02 5.282815173268e-02 5.542048811913e-02 7.679968327284e-02 1.030485853553e-01 7.873401045799e-02
4.952518269420e-03 7.224890869111e-03 8.875707164407e-03 9.770439006388e-03 6.324293091893e-03 9.082216769457e-03 1.029155682772e-02 1.037310529500e-02 9.729830548167e-03 3.506911220029e-03 4.102600272745e-03 9.782042354345e-03 1.036279834807e-02 1.114864554256e-02 1.253172103316e-02 1.355821266770e-02 1.403818279505e-02 1.481430698186e-02 1.760839857161e-02 2.062726952136e-02 3.131856024265e-02 4.453042522073e-02 5.607993900776e-02 3.996932879090e-02 1.554825156927e-02 1.290819048882e-01 1.372556239367e-01 6.275469809771e-02 5.723751708865e-02 4.546457156539e-02 3.291370719671e-02 2.597144059837e-02 2.342344634235e-02 2.408636733890e-02 2.679796889424e-02 2.895351126790e-02 3.164924681187e-02 4.157954454422e-02 7.219014316797e-02 6.140657514334e-02 5.459843575954e-02 1.006503477693e-01 1.388015002012e-01
6.875951774418e-03 9.965674020350e-03 1.213805470616e-02 1.319373399019e-02 4.560242407024e-03 3.421799745411e-03 1.259128842503e-02 1.280532032251e-02 6.124804262072e-03 1.171173062176e-02 1.150839310139e-02 1.356253214180e-02 1.571098342538e-02 1.774635724723e-02 1.940373890102e-02 2.042534202337e-02 2.064003422856e-02 2.021376043558e-02 2.099144086242e-02 2.486250549555e-02 3.705521300435e-02 4.940468817949e-02 5.414359271526e-02 3.742380812764e-02 7.570461928844e-02 3.435657620430e-01 3.744944930077e-01 1.894561797380e-01 8.335229754448e-02 6.382941454649e-02 4.178474843502e-02 2.801672741771e-02 2.508748322725e-02 3.138107061386e-02 3.782778233290e-02 3.972920775414e-02 3.658530116081e-02 4.204510524869e-02 8.527113497257e-02 1.271175146103e-01 8.353786915541e-02 8.116482198238e-02 1.747067421675e-01
8.516899310052e-03 1.217708922923e-02 1.459098886698e-02 1.554642990232e-02 4.615584854037e-03 1.448831334710e-02 1.436282414943e-02 1.402610447258e-02 7.825160399079e-03 9.705680422485e-03 1.869626902044e-02 2.140527032316e-02 2.368805184960e-02 2.544525079429e-02 2.661174535751e-02 2.696382813156e-02 2.645359002054e-02 2.481449395418e-02 2.426932193339e-02 3.054969944060e-02 4.389199614525e-02 5.256567522883e-02 4.607132449746e-02 4.581198841333e-02 9.241475164890e-02 5.380949378014e-01 9.683187007904e-01 2.256412953138e-01 1.019273325801e-01 7.456517219543e-02 5.014237388968e-02 3.296775743365e-02 3.276012092829e-02 4.488060995936e-02 5.409317836165e-02 5.386301875114e-02 4.628195986152e-02 5.071898549795e-02 7.192027568817e-02 1.559902876616e-01 1.554976254702e-01 9.204500168562e-02 2.540925145149e-01
5.019738804549e-03 4.037692211568e-03 1.019387599081e-02 5.131398327649e-03 1.474681682885e-02 1.531817391515e-02 1.696543209255e-02 1.806694827974e-02 1.145581342280e-02 1.101084705442e-02 2.495648898184e-02 2.871092222631e-02 3.196298331022e-02 3.481629118323e-02 3.753241151571e-02 4.009198769927e-02 4.178312048316e-02 4.096149653196e-02 4.399007931352e-02 3.840886428952e-02 5.228843539953e-02 5.496768653393e-02 3.664408251643e-02 5.108096450567e-02 1.324594318867e-01 3.081971704960e-01 3.711384832859e-01 1.172680780292e-01 7.793353497982e-02 7.157097756863e-02 5.509360507131e-02 6.062461435795e-02 7.809609174728e-02 4.347401484847e-02 6.863951683044e-02 6.535674631596e-02 6.059400364757e-02 6.213269755244e-02 6.134505942464e-02 1.023971140385e-01 1.348469555378e-01 1.024152562022e-01 2.878719270229e-01
8.651501499116e-03 1.179086975753e-02 1.410546619445e-02 1.546755526215e-02 1.977003738284e-02 2.083145081997e-02 2.146452292800e-02 2.154130302370e-02 2.080498822033e-02 2.096769772470e-02 2.513501234353e-02 2.928464114666e-02 3.317381069064e-02 3.691316023469e-02 4.099351167679e-02 4.590721800923e-02 8.091303706169e-02 5.257088318467e-02 7.958105951548e-02 4.092749208212e-02 5.131459981203e-02 5.017528310418e-02 6.147716194391e-02 4.622894898057e-02 6.662937998772e-02 4.727898538113e-02 5.124338343740e-02 4.845355451107e-02 5.400534719229e-02 5.786900222301e-02 5.405297130346e-02 3.060619235039e-01 1.987816244364e-01 1.903605461121e-01 1.133440881968e-01 1.517080366611e-01 1.365541368723e-01 7.518757879734e-02 7.430287450552e-02 8.919787406921e-02 9.297879040241e-02 1.040843352675e-01 5.152747631073e-01
1.675724238157e-02 2.590204589069e-02 3.153989091516e-02 3.316076844931e-02 3.236083686352e-02 3.041302040219e-02 2.808359079063e-02 2.566573582590e-02 2.300993166864e-02 2.400102093816e-02 2.432265877724e-02 2.578330226243e-02 2.995835617185e-02 3.390274569392e-02 3.783467411995e-02 4.249064624310e-02 4.725415632129e-02 6.182760000229e-02 7.999003678560e-02 8.025790005922e-02 8.025889843702e-02 7.679699361324e-02 5.390650779009e-02 5.386783927679e-02 5.264382064342e-02 4.041494429111e-02 3.824999183416e-02 3.340665623546e-02 3.209188207984e-02 4.050152003765e-02 4.990664497018e-02 3.987916111946e-01 2.662200033665e-01 9.009848535061e-02 1.643973141909e-01 2.917510867119e-01 3.159383833408e-01 1.399138569832e-01 1.596341133118e-01 1.134007424116e-01 8.675684034824e-02 9.618075191975e-02 4.321875274181e-01
2.887493930757e-02 4.403005167842e-02 5.203332751989e-02 5.203338712454e-02 4.741387814283e-02 4.101861268282e-02 3.647354617715e-02 3.375830128789e-02 3.333655744791e-02 3.566414117813e-02 3.685219958425e-02 3.683300688863e-02 3.663397580385e-02 4.217648878694e-02 4.612448066473e-02 4.971459507942e-02 5.273912474513e-02 5.413106456399e-02 5.745364353061e-02 6.558050215244e-02 6.789671629667e-02 5.224061384797e-02 3.845731914043e-02 4.207628965378e-02 3.723118081689e-02 2.913039736450e-02 2.426527999341e-02 1.964348927140e-02 1.794341206551e-02 2.554648928344e-02 3.316231817007e-02 9.567368775606e-02 1.997823864222e-01 2.498353123665e-01 2.643017172813e-01 4.692163318396e-02 2.737704813480e-01 2.232146263123e-01 3.799032866955e-01 3.242108821869e-01 7.488931715488e-02 2.114574760199e-01 6.725838780403e-01
3.347076848149e-02 5.053473263979e-02 5.866406485438e-02 5.705578625202e-02 5.008183419704e-02 4.478432238102e-02 4.345870390534e-02 4.007935151458e-02 3.571086376905e-02 3.655824810266e-02 3.874302655458e-02 3.969119116664e-02 4.401187226176e-02 5.037106573582e-02 5.453369766474e-02 5.562379211187e-02 5.176767334342e-02 4.224339127541e-02 3.315375372767e-02 2.851202711463e-02 2.659666724503e-02 2.632221207023e-02 2.633200772107e-02 2.529449202120e-02 2.256592921913e-02 1.843565329909e-02 1.428804080933e-02 1.206839270890e-02 1.535349618644e-02 1.995023898780e-02 3.778130933642e-02 8.923212438822e-02 1.145676597953e-01 1.604153811932e-01 1.437084823847e-01 5.213565230370e-01 4.592963755131e-01 2.368879020214e-01 4.210300743580e-01 7.693462371826e-01 2.015295475721e-01 5.388253927231e-01 3.323177397251e-01
2.472945488989e-02 3.698498010635e-02 4.240694642067e-02 4.055136069655e-02 3.483285382390e-02 3.402674570680e-02 3.468210250139e-02 3.334223479033e-02 3.221980854869e-02 3.260007128119e-02 3.149452805519e-02 2.936835400760e-02 2.995537221432e-02 2.946935035288e-02 2.619139663875e-02 2.659279666841e-02 2.314595691860e-02 3.040846809745e-02 3.529379516840e-02 3.320625051856e-02 2.640255726874e-02 1.953362859786e-02 1.837885379791e-02 1.645625941455e-02 1.501516439021e-02 1.088688336313e-02 1.080389972776e-02 1.300087850541e-02 1.774808391929e-02 2.852285280824e-02 3.638497367501e-02 7.442851364613e-02 7.828799635172e-02 6.908976286650e-02 6.317626684904e-02 6.901334971189e-02 4.446659386158e-01 2.568222582340e-01 2.876827418804e-01 7.543548941612e-01 2.435406684875e+00 2.816002368927e-01 1.033176928759e-01
1.212550420314e-02 7.880081422627e-03 2.273772656918e-02 2.571069635451e-02 2.678906731308e-02 7.580086588860e-03 2.327384985983e-02 2.377618290484e-02 2.215211465955e-02 2.166698127985e-02 2.143377996981e-02 1.991272717714e-02 1.701254956424e-02 1.580140553415e-02 6.489475723356e-03 1.681367680430e-02 2.915942668915e-02 3.727854788303e-02 3.522761538625e-02 2.644190751016e-02 1.690534316003e-02 1.689950563014e-02 3.424999862909e-02 3.638517111540e-02 2.529083751142e-02 1.276036724448e-02 1.283931639045e-02 1.716654561460e-02 2.430079318583e-02 3.737513720989e-02 5.000182613730e-02 6.671362370253e-02 6.546241790056e-02 5.315630882978e-02 4.865589365363e-02 5.621052533388e-02 9.099016338587e-02 2.275133728981e-01 2.723247408867e-01 2.493891566992e-01 5.212824791670e-02 7.341609895229e-02 6.912460923195e-02
9.925703518093e-03 7.498728577048e-03 1.824077591300e-02 2.063074335456e-02 1.472839433700e-02 8.287308737636e-03 1.959043182433e-02 2.064622938633e-02 1.974897459149e-02 1.874681375921e-02 1.765949651599e-02 1.654023677111e-02 1.634580083191e-02 1.646823622286e-02 1.626794226468e-02 1.586524397135e-02 2.703050337732e-02 3.210977464914e-02 2.764311805367e-02 1.918534189463e-02 2.480203099549e-02 4.614105820656e-02 6.890564411879e-02 5.791693553329e-02 3.002098016441e-02 1.407539192587e-02 1.794893853366e-02 2.824834734201e-02 3.857838362455e-02 4.798666387796e-02 7.072811573744e-02 7.313573360443e-02 5.550158023834e-02 3.785445168614e-02 3.794203326106e-02 3.897520899773e-02 4.820535704494e-02 1.732495129108e-01 3.345463275909e-01 2.237151116133e-01 2.633736282587e-02 6.272789090872e-02 4.773769155145e-02
9.545667096972e-03 1.374152954668e-02 1.720646396279e-02 1.575518772006e-02 1.708845794201e-02 1.848850585520e-02 2.197077125311e-02 2.374556101859e-02 2.546686120331e-02 2.599597908556e-02 2.884766831994e-02 3.046717494726e-02 3.190840408206e-02 3.294777497649e-02 3.338624164462e-02 3.315748274326e-02 3.232082724571e-02 3.218480199575e-02 3.421559929848e-02 3.703800588846e-02 6.505914032459e-02 9.171871840954e-02 9.513501077890e-02 6.256379187107e-02 2.530154027045e-02 2.479205466807e-02 5.124741792679e-02 4.712073504925e-02 3.474409133196e-02 6.315555423498e-02 8.497776091099e-02 7.337084412575e-02 5.182506889105e-02 3.816056624055e-02 3.200143575668e-02 3.970927000046e-02 5.202839896083e-02 1.744160503149e-01 2.764133214951e-01 1.092071160674e-01 7.121964544058e-02 5.022409185767e-02 4.590199142694e-02
6.766126491129e-03 9.718668647110e-03 1.217070408165e-02 1.380801759660e-02 1.471730973572e-02 1.578050479293e-02 1.731529645622e-02 1.897308044136e-02 2.019108831882e-02 2.116977237165e-02 2.457281015813e-02 2.653789520264e-02 2.841458097100e-02 2.996443770826e-02 3.091474995017e-02 3.108567185700e-02 3.047318011522e-02 3.034675866365e-02 3.217400237918e-02 5.138673260808e-02 8.579722791910e-02 1.142441183329e-01 1.108917072415e-01 6.760430335999e-02 2.564770728350e-02 4.209667816758e-02 5.927151814103e-02 3.032616712153e-02 3.516861796379e-02 6.635614484549e-02 8.872928470373e-02 7.507682591677e-02 7.612171769142e-02 5.237529054284e-02 3.452460095286e-02 4.018058255315e-02 8.133485913277e-02 3.091860413551e-01 2.027967125177e-01 6.602313369513e-02 1.108176633716e-01 5.064925178885e-02 2.657426148653e-02
4.505224525928e-03 6.466867402196e-03 8.125651627779e-03 9.435446932912e-03 1.099268905818e-02 1.244019903243e-02 1.393614988774e-02 1.561201084405e-02 1.721429452300e-02 1.949596777558e-02 2.160950563848e-02 2.379449456930e-02 2.591933496296e-02 2.772916294634e-02 2.890426851809e-02 2.920945920050e-02 2.863433584571e-02 2.841710299253e-02 3.247443586588e-02 6.206762418151e-02 9.835993498564e-02 1.246621981263e-01 1.154164597392e-01 6.648474186659e-02 2.443450689316e-02 4.686437174678e-02 4.904036223888e-02 3.177166730165e-02 2.972923964262e-02 5.946746468544e-02 8.241134881973e-02 9.336046874523e-02 9.695245325565e-02 6.555180996656e-02 4.263149201870e-02 4.119703173637e-02 6.080747023225e-02 2.081383913755e-01 5.778094381094e-02 6.456027179956e-02 1.006207615137e-01 4.121638461947e-02 2.345365285873e-02
