VariationalSeries/SI/f127.grd
DSAA
101	101
32.816463539100	34.260883539100
35.556306596100	36.727886596100
8.360165520571e-04	2.959133911133e+01
[rows 76 to 94 of 101, columns 43 to 85 of 101]
6.130047142506e-02 8.440732210875e-02 1.339738965034e-01 3.740251064301e-01 2.386154532433e-01 4.521810710430e-01 4.421703517437e-01 1.156969070435e-01 9.900261461735e-02 2.100160270929e-01 5.235470533371e-01 1.126813888550e+00 7.982162833214e-01 3.225971162319e-01 1.666045784950e-01 2.788234651089e-01 2.864184081554e-01 1.433295011520e-01 1.319674402475e-01 6.061632186174e-02 6.144880056381e-01 1.412420868874e+00 3.380764424801e-01 2.287720292807e-01 1.807799637318e-01 1.213480830193e-01 6.478716433048e-02 6.277501583099e-02 7.432306557894e-02 5.050802603364e-02 4.339367151260e-02 4.540840163827e-02 4.590893164277e-02 5.530873313546e-02 7.037757337093e-02 6.289867311716e-02 7.801418006420e-02 1.090155839920e-01 9.425874054432e-02 4.139798134565e-02 4.431456327438e-02 6.280467659235e-02 7.641284167767e-02
1.460228413343e-01 1.637501567602e-01 2.076916247606e-01 2.768287062645e-01 4.025319516659e-01 4.218792319298e-01 1.611164510250e-01 1.228900104761e-01 1.101665347815e-01 7.571734786034e-01 7.791118025780e-01 5.146784782410e-01 4.154056608677e-01 2.271213531494e-01 2.444630563259e-01 3.286117017269e-01 9.055673331022e-02 4.838360473514e-02 5.403821542859e-02 4.042452201247e-02 5.792267248034e-02 6.842670589685e-02 1.056036278605e-01 1.153410971165e-01 1.048015058041e-01 6.443780660629e-02 3.565570339561e-02 3.549530357122e-02 7.790230214596e-02 5.285063758492e-02 4.558882862329e-02 6.348327547312e-02 7.279622554779e-02 6.468223035336e-02 4.971466213465e-02 4.913869872689e-02 5.262776836753e-02 6.833651661873e-02 9.333875030279e-02 9.629889577627e-02 6.240287423134e-02 4.800684377551e-02 6.106575205922e-02
1.145694851875e-01 3.146674633026e-01 2.964955866337e-01 1.824226081371e-01 1.945382356644e-01 4.314642250538e-01 2.104834914207e-01 2.001143544912e-01 1.618517935276e-01 1.110538542271e-01 1.995107829571e-01 3.158326148987e-01 2.092136889696e-01 3.295016288757e-01 3.185617923737e-01 1.072963997722e-01 4.035233706236e-02 4.023313894868e-02 4.050154611468e-02 5.012172460556e-02 3.840866312385e-02 3.534755855799e-02 4.010101035237e-02 4.947359859943e-02 4.485925659537e-02 3.927821293473e-02 3.260394185781e-02 3.387568891048e-02 6.162953749299e-02 7.665598392487e-02 6.081726402044e-02 7.828463613987e-02 8.461251854897e-02 7.444822788239e-02 5.624618753791e-02 3.802651166916e-02 3.405413404107e-02 4.493486136198e-02 5.867012590170e-02 7.455617189407e-02 8.938679099083e-02 7.961668074131e-02 5.050376057625e-02
1.833007931709e-01 2.320600897074e-01 1.488152593374e-01 2.046335786581e-01 4.210716485977e-01 3.300538063049e-01 1.168511658907e-01 7.725525647402e-02 6.812153011560e-02 2.892409861088e-01 3.535225689411e-01 3.320376276970e-01 3.018055260181e-01 1.825736910105e-01 5.857761949301e-02 4.167025908828e-02 2.785635367036e-02 1.825055666268e-02 1.863576658070e-02 2.278965711594e-02 3.112680464983e-02 3.096687607467e-02 2.158423140645e-02 2.839456126094e-02 2.739733830094e-02 2.795997075737e-02 2.703232876956e-02 2.744860388339e-02 4.190009832382e-02 8.751757442951e-02 5.487887933850e-02 7.599934190512e-02 9.133710712194e-02 8.403922617435e-02 6.700640171766e-02 4.819573462009e-02 3.584305942059e-02 2.747564017773e-02 3.739105165005e-02 4.537010565400e-02 6.183254718781e-02 7.046520709991e-02 7.832307368517e-02
8.609075099230e-02 1.864634901285e-01 3.049733936787e-01 4.217021167278e-01 3.999492824078e-01 2.954461276531e-01 4.965377748013e-01 5.062020421028e-01 5.042389631271e-01 4.155227839947e-01 4.527401328087e-01 4.853172227740e-02 1.078190654516e-01 5.170701071620e-02 2.967741712928e-02 9.484930895269e-03 2.099701017141e-02 7.863827049732e-03 1.127366349101e-02 1.543173566461e-02 1.759449951351e-02 1.262950152159e-02 4.598920699209e-03 1.622829772532e-02 1.876729540527e-02 2.040778100491e-02 1.850377582014e-02 1.694082096219e-02 2.880094014108e-02 8.013461530209e-02 6.457268446684e-02 6.316814571619e-02 8.666790276766e-02 8.857762813568e-02 7.850627601147e-02 6.418794393539e-02 5.416888371110e-02 4.363349080086e-02 3.451906517148e-02 2.871389500797e-02 3.323728218675e-02 4.359732940793e-02 4.992994293571e-02
1.490846574306e-01 3.636313676834e-01 8.340087532997e-01 7.757982015610e-01 5.005250573158e-01 4.385925233364e-01 6.428606510162e-01 6.978033781052e-01 6.781295537949e-01 3.842694461346e-01 1.224860921502e-01 2.799279615283e-02 4.650814458728e-02 3.006976284087e-02 5.201772321016e-03 4.415004048496e-03 1.244996115565e-02 1.479915063828e-02 1.504800654948e-02 9.760580956936e-03 1.723445951939e-02 1.010467670858e-02 5.067185498774e-03 1.577270030975e-02 1.881080120802e-02 2.188314683735e-02 2.391369082034e-02 2.324205450714e-02 2.124812453985e-02 6.212276965380e-02 8.402767777443e-02 4.502707347274e-02 6.970075517893e-02 8.144363015890e-02 8.556575328112e-02 8.442995697260e-02 7.855895161629e-02 6.402639299631e-02 4.526950418949e-02 2.949617430568e-02 1.948580332100e-02 2.276738546789e-02 3.182816505432e-02
3.209954798222e-01 8.601072430611e-01 1.093816637993e+00 8.304258584976e-01 4.054245650768e-01 3.243525624275e-01 4.016493260860e-01 5.311133265495e-01 4.115881621838e-01 1.977776885033e-01 7.787679135799e-02 4.690525680780e-02 2.998689375818e-02 1.995181292295e-02 1.422807667404e-02 7.969199679792e-03 1.008602604270e-02 1.053687930107e-02 1.114684343338e-02 1.265934668481e-02 1.376227475703e-02 1.256410684437e-02 1.365568768233e-02 1.371850632131e-02 1.719079539180e-02 2.104946784675e-02 2.386358566582e-02 2.380049228668e-02 1.936640404165e-02 4.489285126328e-02 9.004824608564e-02 4.896866530180e-02 4.413393512368e-02 6.372244656086e-02 8.419819921255e-02 1.002142950892e-01 9.364748746157e-02 7.453771680593e-02 5.111333355308e-02 3.214496374130e-02 2.085147053003e-02 2.373899146914e-02 2.669831924140e-02
5.472477078438e-01 8.269377350807e-01 5.524850487709e-01 2.994857728481e-01 2.607052624226e-01 2.320967465639e-01 2.370662689209e-01 2.821538448334e-01 2.229207605124e-01 9.449546784163e-02 5.470423400402e-02 3.948346152902e-02 3.435823693871e-02 2.575978264213e-02 1.644357852638e-02 1.372986845672e-02 1.309273857623e-02 1.126941293478e-02 9.441374801099e-03 1.136277988553e-02 1.314127631485e-02 1.430203206837e-02 1.496258191764e-02 1.456653699279e-02 1.346454117447e-02 1.603661850095e-02 1.785312779248e-02 1.767766661942e-02 1.514306478202e-02 3.159149363637e-02 7.880891114473e-02 7.135206460953e-02 2.513284236193e-02 4.594719782472e-02 7.224403321743e-02 9.133528918028e-02 8.339802175760e-02 6.443202495575e-02 4.427363350987e-02 2.791332639754e-02 1.980582438409e-02 2.174959890544e-02 2.454124763608e-02
8.529210090637e-01 5.904309153557e-01 2.298264354467e-01 1.389383077621e-01 1.324492841959e-01 1.123008877039e-01 1.736419349909e-01 1.535919755697e-01 1.459157913923e-01 8.631706982851e-02 5.366136878729e-02 3.676299378276e-02 3.568586334586e-02 3.382369503379e-02 2.147313207388e-02 1.736162044108e-02 1.470046117902e-02 1.121259108186e-02 9.332092478871e-03 1.100218016654e-02 1.327931974083e-02 1.590048894286e-02 1.752149686217e-02 1.647436805069e-02 1.411849074066e-02 1.471361983567e-02 1.631602086127e-02 1.759900338948e-02 1.758842915297e-02 2.129887789488e-02 5.911448225379e-02 8.426413685083e-02 3.776754066348e-02 3.689765185118e-02 5.313824117184e-02 5.581009387970e-02 4.917281493545e-02 3.868011012673e-02 2.793605066836e-02 1.858697272837e-02 1.902544870973e-02 1.063613127917e-02 1.706638745964e-02
1.344041943550e+00 5.867228507996e-01 1.263693273067e-01 8.490380644798e-02 7.319307327271e-02 8.595524728298e-02 9.779529273510e-02 1.933202743530e-01 1.967886388302e-01 1.214793398976e-01 6.146687641740e-02 3.553948923945e-02 3.076619841158e-02 3.205855563283e-02 2.642449364066e-02 1.648239046335e-02 1.174745243043e-02 1.069979555905e-02 9.998714551330e-03 1.091022603214e-02 1.371007226408e-02 1.802590675652e-02 1.974192820489e-02 1.754401437938e-02 1.469868794084e-02 1.522014942020e-02 1.724572107196e-02 1.922378130257e-02 1.990994438529e-02 1.801019534469e-02 3.997854515910e-02 7.894019782543e-02 5.487873032689e-02 2.195828035474e-02 2.811319380999e-02 2.573355846107e-02 2.216504886746e-02 1.823548786342e-02 1.787821762264e-02 1.630230993032e-02 1.039109472185e-02 9.177047759295e-03 1.390326209366e-02
9.194336533546e-01 3.566099703312e-01 9.504947066307e-02 5.664044246078e-02 5.010009184480e-02 5.662645027041e-02 9.914132207632e-02 1.266610771418e-01 1.433076560497e-01 1.011057123542e-01 9.013909846544e-02 4.089420661330e-02 2.547995187342e-02 2.330415323377e-02 2.233192883432e-02 1.894032023847e-02 1.614111661911e-02 1.773311756551e-02 1.478376798332e-02 1.206281222403e-02 1.518476195633e-02 2.049117535353e-02 7.738420274109e-03 1.765115000308e-02 1.605436205864e-02 1.645622029901e-02 1.831766217947e-02 2.045063488185e-02 2.160517685115e-02 1.984148100019e-02 2.445846609771e-02 6.257143616676e-02 6.683256477118e-02 2.887823246419e-02 1.106797810644e-02 9.608823806047e-03 8.473916910589e-03 1.209586113691e-02 1.371732912958e-02 1.634366996586e-02 7.632452528924e-03 7.477240171283e-03 2.412416040897e-02
3.594875335693e-01 1.162613928318e-01 5.577048286796e-02 4.079388454556e-02 4.037718102336e-02 4.034321010113e-02 6.374819576740e-02 3.683971241117e-02 8.680458366871e-02 1.315721273422e-01 9.527646750212e-02 7.240974903107e-02 3.619437664747e-02 2.261153608561e-02 1.940808072686e-02 2.070564776659e-02 2.201701328158e-02 1.980801299214e-02 1.947467960417e-02 1.719236373901e-02 1.825669035316e-02 2.266961336136e-02 7.379772607237e-03 1.853624172509e-02 1.819429732859e-02 1.779891923070e-02 1.951054669917e-02 2.152696996927e-02 2.268305607140e-02 2.117054536939e-02 1.741027086973e-02 4.394662380219e-02 6.709511578083e-02 3.916257619858e-02 1.537115592510e-02 1.006176881492e-02 9.716941975057e-03 1.018324028701e-02 1.072235591710e-02 1.171633973718e-02 5.976439453661e-03 2.459831163287e-02 2.667731046677e-02
9.709063172340e-02 6.789743155241e-02 3.708484396338e-02 3.033658303320e-02 2.984058670700e-02 3.001957200468e-02 2.922374941409e-02 2.915910445154e-02 3.164588660002e-02 1.080192774534e-01 1.210478544235e-01 1.727057248354e-01 1.110559999943e-01 4.082958772779e-02 2.575034089386e-02 2.159321121871e-02 2.741252444685e-02 3.206741064787e-02 3.027527779341e-02 2.499190159142e-02 2.127766050398e-02 2.361786551774e-02 2.097072638571e-02 2.056692354381e-02 1.991705782712e-02 1.907600462437e-02 2.011120505631e-02 2.197008579969e-02 2.303291857243e-02 2.228849753737e-02 1.877382770181e-02 2.888691239059e-02 5.914783105254e-02 4.866503551602e-02 2.118486352265e-02 8.283258415759e-03 1.247515343130e-02 1.230190694332e-02 1.220435462892e-02 1.192991062999e-02 4.961970727891e-03 1.588363200426e-02 1.876142248511e-02
6.274668127298e-02 3.723426908255e-02 2.870712988079e-02 2.495256625116e-02 2.338018827140e-02 2.412517555058e-02 2.228202298284e-02 2.254825271666e-02 2.443931251764e-02 3.523271530867e-02 1.752322018147e-01 4.271147251129e-01 2.948754429817e-01 9.546101838350e-02 3.577608987689e-02 2.681013382971e-02 2.924003638327e-02 3.892665728927e-02 3.417197987437e-02 3.140763565898e-02 3.032506443560e-02 2.506146021187e-02 2.214296907187e-02 2.055238001049e-02 2.043523825705e-02 1.995570771396e-02 2.046297676861e-02 2.191109396517e-02 2.278138324618e-02 2.298449724913e-02 2.019525133073e-02 1.851850934327e-02 4.810525104403e-02 5.377961322665e-02 2.795052342117e-02 1.415790803730e-02 1.484353374690e-02 1.509702578187e-02 1.043106615543e-02 1.263719890267e-02 1.381397992373e-02 1.386494562030e-02 1.421366445720e-02
4.065492004156e-02 2.759353816509e-02 2.261515893042e-02 1.953818462789e-02 2.042506821454e-02 1.567140221596e-02 1.887764036655e-02 2.015664987266e-02 2.052448503673e-02 1.386455073953e-02 1.328377127647e-01 3.559894859791e-01 3.400606215000e-01 2.205361723900e-01 4.070520773530e-02 8.220360614359e-03 1.210691407323e-02 3.061945550144e-02 4.031304642558e-02 3.792599216104e-02 3.109436668456e-02 2.404240332544e-02 2.387105673552e-02 2.248531766236e-02 2.174921520054e-02 2.125010639429e-02 2.035018242896e-02 2.114645391703e-02 2.241781167686e-02 2.273177728057e-02 1.959231868386e-02 1.429446134716e-02 3.676571324468e-02 5.217930674553e-02 3.514965623617e-02 1.313755847514e-02 9.846850298345e-03 1.303794886917e-02 1.093475800008e-02 8.976431563497e-03 1.381092518568e-02 1.628449186683e-02 1.796324737370e-02
3.940959274769e-02 2.109289728105e-02 1.947248727083e-02 1.899619773030e-02 1.997485384345e-02 1.517492439598e-02 1.826180890203e-02 1.806285604835e-02 1.713520474732e-02 1.967760361731e-02 5.128640308976e-02 1.926759630442e-01 7.030741572380e-01 5.446346998215e-01 9.274512529373e-02 3.718960098922e-03 1.812225207686e-02 4.242403805256e-02 3.778464719653e-02 3.010581433773e-02 2.446154505014e-02 2.475956268609e-02 2.633204683661e-02 2.553701959550e-02 2.380021847785e-02 2.157710492611e-02 1.883800327778e-02 2.005999162793e-02 2.239683084190e-02 2.229784987867e-02 1.841683872044e-02 2.043956145644e-02 2.669779770076e-02 4.556003212929e-02 4.129120334983e-02 1.362717989832e-02 8.626891300082e-03 4.691728390753e-03 5.469824653119e-03 8.560032583773e-03 1.386048085988e-02 1.726156473160e-02 2.132011577487e-02
4.098345339298e-02 1.166069321334e-02 1.924425177276e-02 2.004756964743e-02 2.244753204286e-02 2.080197446048e-02 1.805535517633e-02 1.626772619784e-02 1.422871556133e-02 1.510563027114e-02 2.948781661689e-02 9.863936901093e-02 3.437574207783e-01 3.051435649395e-01 1.039307117462e-01 7.020128425211e-03 4.923335835338e-02 3.821982070804e-02 2.943017147481e-02 2.347388677299e-02 2.327674068511e-02 2.498093433678e-02 2.665539085865e-02 2.538034133613e-02 2.190901897848e-02 1.799392141402e-02 1.741844043136e-02 1.839002966881e-02 2.186415903270e-02 2.231712080538e-02 2.176011539996e-02 2.394814230502e-02 2.383329533041e-02 3.794938325882e-02 4.392483085394e-02 1.826822012663e-02 1.437638700008e-02 1.445023249835e-02 8.375475183129e-03 1.333528757095e-02 1.661370322108e-02 1.769194751978e-02 2.278074622154e-02
8.809421211481e-03 6.084493827075e-03 1.041679922491e-02 1.807543262839e-02 2.171676047146e-02 2.073272876441e-02 1.750748045743e-02 1.475545763969e-02 1.191549003124e-02 1.368259172887e-02 2.524792030454e-02 4.376095905900e-02 1.221587806940e-01 1.468815952539e-01 1.074508130550e-01 6.607847660780e-02 4.179397597909e-02 2.966808713973e-02 2.712257020175e-02 2.648787572980e-02 9.317061863840e-03 1.098180375993e-02 2.211064286530e-02 1.944028027356e-02 1.616724021733e-02 1.620445214212e-02 1.574021950364e-02 1.627732254565e-02 2.000420726836e-02 2.172221243382e-02 1.617480441928e-02 1.683036237955e-02 1.688458211720e-02 3.241264075041e-02 4.537587985396e-02 2.503516897559e-02 1.763064414263e-02 1.971503160894e-02 7.567321415991e-03 7.780190557241e-03 2.208309061825e-02 2.022944018245e-02 2.231324277818e-02
1.627236045897e-02 7.752209436148e-03 7.087583187968e-03 1.597862690687e-02 2.035052701831e-02 2.008138969541e-02 1.676479727030e-02 1.344321481884e-02 1.011538784951e-02 1.235169451684e-02 2.276050858200e-02 3.539267182350e-02 8.490835130215e-02 1.100574731827e-01 8.627133816481e-02 5.123347043991e-02 3.171948716044e-02 2.906364016235e-02 2.873854152858e-02 2.420875430107e-02 1.933736540377e-02 1.619766093791e-02 1.418982353061e-02 1.397373434156e-02 1.379141584039e-02 1.328982692212e-02 1.295025181025e-02 1.372440718114e-02 1.724896393716e-02 1.961813867092e-02 1.532991323620e-02 1.218450721353e-02 1.077831257135e-02 2.707582153380e-02 4.453970119357e-02 3.183243423700e-02 2.087259478867e-02 2.434629015625e-02 1.483481377363e-02 1.384909544140e-02 1.289609540254e-02 2.375528961420e-02 2.195922844112e-02
