VariationalSeries/SI/f129_max.grd
DSAA
101	101
32.816463539100	34.260883539100
35.556306596100	36.727886596100
8.591158257332e-05	1.410560417175e+01
[rows 57 to 75 of 101, columns 43 to 85 of 101]
5.946107581258e-02 7.091815024614e-02 3.596580401063e-02 3.986528143287e-02 3.944063186646e-02 6.352887302637e-02 7.167878746986e-02 9.653866291046e-02 8.428131788969e-02 4.596729949117e-02 3.186362981796e-02 2.678372152150e-02 1.977729797363e-02 3.511441126466e-02 1.457086056471e-01 4.896102547646e-01 1.087730050087e+00 1.023346662521e+00 1.461673140526e+00 4.996698200703e-01 1.444263756275e-01 1.102447956800e-01 1.998849809170e-01 3.662178218365e-01 6.267030835152e-01 5.680460333824e-01 6.180185675621e-01 5.023857355118e-01 6.546794176102e-01 6.040196418762e-01 6.383131146431e-01 4.757107198238e-01 4.939837455750e-01 6.935152411461e-01 4.306129217148e-01 2.705087363720e-01 3.158471584320e-01 4.433693289757e-01 5.558479428291e-01 4.020861983299e-01 1.675945669413e-01 1.468716561794e-01 1.420330107212e-01
4.748722910881e-02 7.848510146141e-02 2.906515635550e-02 3.092089481652e-02 3.063089400530e-02 4.608116671443e-02 9.000929445028e-02 2.895176708698e-01 2.302967011929e-01 4.957232624292e-02 2.944111451507e-02 2.024982683361e-02 1.551534514874e-02 1.534939277917e-02 3.032615967095e-02 2.915854156017e-01 3.419399261475e-01 3.575115501881e-01 2.897762358189e-01 2.934092879295e-01 2.145474404097e-01 1.630196571350e-01 1.257773637772e-01 7.593880593777e-02 1.962155252695e-01 3.906420469284e-01 6.811289191246e-01 6.941880583763e-01 7.573041915894e-01 4.166225492954e-01 5.496025681496e-01 5.017116665840e-01 4.300445914268e-01 3.770915865898e-01 3.834374248981e-01 2.888368070126e-01 2.834644615650e-01 3.413774371147e-01 3.356871008873e-01 3.076728880405e-01 3.194102644920e-01 3.349334299564e-01 3.134888410568e-01
3.960859775543e-02 3.818655014038e-02 2.646494843066e-02 2.814943343401e-02 2.862159535289e-02 4.195488989353e-02 1.277914196253e-01 3.236130774021e-01 3.267921805382e-01 7.345695793629e-02 3.050278313458e-02 1.730316877365e-02 1.227704528719e-02 1.113757770509e-02 1.141736563295e-02 1.429862808436e-02 1.973361894488e-02 2.688187547028e-02 3.480067104101e-02 4.311681911349e-02 5.063855275512e-02 5.948211252689e-02 4.002747684717e-02 4.022150859237e-02 9.591992944479e-02 4.462978541851e-01 7.689211368561e-01 8.721433877945e-01 8.378170728683e-01 8.458358049393e-01 5.579731464386e-01 4.839419424534e-01 4.108909666538e-01 3.729521632195e-01 5.239075422287e-01 4.515180587769e-01 3.744905591011e-01 2.344344109297e-01 2.526091039181e-01 2.123166024685e-01 1.869309395552e-01 1.768888384104e-01 1.545840203762e-01
3.653348237276e-02 3.288695961237e-02 2.561913058162e-02 2.854860946536e-02 3.245329111814e-02 4.261432588100e-02 2.809140086174e-01 3.303172886372e-01 4.071244299412e-01 5.677925050259e-02 2.675294689834e-02 1.667421311140e-02 1.110277976841e-02 9.006061591208e-03 8.604898117483e-03 9.075096808374e-03 1.112286467105e-02 1.465283241123e-02 2.111238613725e-02 2.455688826740e-02 2.822736091912e-02 5.656367912889e-02 2.909705229104e-02 2.680323086679e-02 8.186553418636e-02 1.829696744680e-01 6.528278589249e-01 7.233626842499e-01 7.696331739426e-01 8.218477964401e-01 6.840519309044e-01 5.304554104805e-01 3.684060573578e-01 4.728571772575e-01 3.291656076908e-01 2.896429896355e-01 2.401603907347e-01 1.985532492399e-01 1.866826266050e-01 1.836096793413e-01 1.947538703680e-01 2.759437263012e-01 3.846320807934e-01
3.095642477274e-02 2.411224320531e-02 2.517624571919e-02 3.030136227608e-02 4.697038233280e-02 7.687861472368e-02 2.334283739328e-01 5.176560282707e-01 2.003303170204e-01 3.171740099788e-02 1.948161795735e-02 1.420585811138e-02 1.013514772058e-02 7.608284242451e-03 6.960146594793e-03 6.971838884056e-03 7.591658737510e-03 1.015690248460e-02 1.398381497711e-02 1.599057950079e-02 1.662748679519e-02 3.459225594997e-02 2.067059464753e-02 2.238191105425e-02 5.033820122480e-02 1.712950468063e-01 4.635606706142e-01 6.297763586044e-01 6.530545949936e-01 4.974355995655e-01 3.842721879482e-01 5.488759875298e-01 3.752805888653e-01 2.649994790554e-01 2.943046391010e-01 3.710755407810e-01 3.360635936260e-01 2.382161170244e-01 2.224624156952e-01 2.168215513229e-01 2.101719528437e-01 2.326250970364e-01 2.890039980412e-01
2.247036993504e-02 1.849288865924e-02 2.313171699643e-02 5.453609302640e-02 1.234792098403e-01 2.863529324532e-01 4.203090965748e-01 2.648575901985e-01 2.813128568232e-02 1.923547312617e-02 1.379738096148e-02 1.136005576700e-02 8.863807655871e-03 7.250817492604e-03 6.381065584719e-03 6.650636438280e-03 6.959260441363e-03 8.403824642301e-03 1.212783902884e-02 1.491829939187e-02 1.584480330348e-02 1.680320687592e-02 1.687981560826e-02 2.519584447145e-02 6.117314845324e-02 1.600442081690e-01 1.965007632971e-01 1.963533163071e-01 3.781121969223e-01 4.386565089226e-01 5.133624672890e-01 3.277939856052e-01 4.242247939110e-01 3.113362491131e-01 3.476891219616e-01 4.108678996563e-01 8.213963508606e-01 5.183689594269e-01 3.051043450832e-01 2.504013776779e-01 2.575964033604e-01 2.531348168850e-01 2.444939315319e-01
1.450828555971e-02 1.515039429069e-02 1.915516704321e-02 2.420526556671e-02 5.319709330797e-02 3.300540447235e-01 2.148566246033e-01 2.860815078020e-02 1.672750152647e-02 1.472859084606e-02 1.235250383615e-02 1.044115610421e-02 8.179570548236e-03 6.977365352213e-03 6.215357687324e-03 6.858040578663e-03 7.112300954759e-03 6.935914047062e-03 9.977343492210e-03 1.273066923022e-02 1.438335888088e-02 1.430529449135e-02 1.794733107090e-02 2.915593795478e-02 9.085028618574e-02 1.801630109549e-01 1.068278849125e-01 1.397158801556e-01 1.299337148666e-01 6.730861067772e-01 9.792367815971e-01 5.288879275322e-01 2.906333208084e-01 3.978564739227e-01 1.570728719234e-01 1.654221862555e-01 6.138910055161e-01 2.955874204636e-01 2.408921718597e-01 1.846022009850e-01 1.897011697292e-01 2.115425169468e-01 2.279696911573e-01
1.217864267528e-02 1.324102096260e-02 1.551598031074e-02 1.962616294622e-02 2.224563993514e-02 3.091186471283e-02 3.417823463678e-02 2.329838089645e-02 1.211109478027e-02 1.250286027789e-02 1.096019148827e-02 1.003368198872e-02 8.214907720685e-03 6.636453792453e-03 6.793227046728e-03 6.927067879587e-03 7.405850570649e-03 7.352265529335e-03 8.404664695263e-03 1.079207006842e-02 1.283873524517e-02 1.363647542894e-02 1.440800633281e-02 2.395457774401e-02 6.720467656851e-02 4.149702936411e-02 3.995103389025e-02 6.564215570688e-02 1.485220491886e-01 2.943679392338e-01 3.082429170609e-01 3.891745805740e-01 6.209073066711e-01 3.329666852951e-01 3.172197043896e-01 2.465977072716e-01 2.524127066135e-01 2.138464599848e-01 1.138025894761e-01 1.419884860516e-01 1.387060135603e-01 1.497766524553e-01 1.883373260498e-01
9.568185545504e-03 1.079298835248e-02 1.285551767796e-02 1.576333120465e-02 1.694589108229e-02 1.886148005724e-02 1.996028050780e-02 1.248145196587e-02 1.062571071088e-02 1.105873286724e-02 1.031056139618e-02 8.941373787820e-03 7.466336246580e-03 6.693055387586e-03 6.633369252086e-03 7.601268589497e-03 7.464008405805e-03 6.418033968657e-03 7.428131997585e-03 9.429191239178e-03 1.116119604558e-02 1.305941399187e-02 1.853563264012e-02 1.939166896045e-02 1.969620957971e-02 2.748817577958e-02 2.676983363926e-02 6.571624428034e-02 9.181620925665e-02 1.235907152295e-01 2.565102875233e-01 4.497560262680e-01 3.332434594631e-01 6.081876754761e-01 3.886853456497e-01 2.184806317091e-01 1.814806759357e-01 1.650777310133e-01 1.985827684402e-01 1.868423819542e-01 2.328304201365e-01 2.291197180748e-01 2.664228677750e-01
8.834335021675e-03 8.745106868446e-03 9.844420477748e-03 1.116555836052e-02 1.203466020525e-02 1.186249870807e-02 1.133812591434e-02 1.091449055821e-02 1.180946640670e-02 1.167359109968e-02 1.087384670973e-02 9.472538717091e-03 7.746865972877e-03 6.861173547804e-03 6.203579716384e-03 6.079142913222e-03 6.857612170279e-03 6.954841781408e-03 7.036557886750e-03 8.493065834045e-03 9.836753830314e-03 1.163005083799e-02 1.782385446131e-02 2.003770694137e-02 2.160959504545e-02 4.479050263762e-02 6.160372123122e-02 7.916870713234e-02 1.111043542624e-01 1.199640631676e-01 2.624441981316e-01 4.982219040394e-01 2.354138493538e-01 2.507356405258e-01 4.435514807701e-01 3.747437298298e-01 2.602745294571e-01 2.210893183947e-01 2.771718204021e-01 1.426359564066e-01 1.891624331474e-01 2.297730743885e-01 2.743907570839e-01
7.257942110300e-03 8.231841027737e-03 8.645839057863e-03 8.740562945604e-03 9.789068251848e-03 1.052851881832e-02 1.134166028351e-02 1.006701588631e-02 9.696371853352e-03 1.000487525016e-02 1.074822805822e-02 1.069589518011e-02 9.203485213220e-03 7.795752957463e-03 7.390222512186e-03 6.672001443803e-03 5.747401155531e-03 6.396439392120e-03 7.242192979902e-03 8.006964810193e-03 8.792994543910e-03 1.009857933968e-02 1.516871340573e-02 1.480580866337e-02 1.637429371476e-02 4.053565114737e-02 8.666610717773e-02 1.169488430023e-01 1.645137071609e-01 8.644147217274e-02 2.545776069164e-01 1.273653805256e-01 1.367343962193e-01 1.577844023705e-01 2.516469359398e-01 2.758237123489e-01 3.573245108128e-01 3.252581655979e-01 2.421015352011e-01 2.069993913174e-01 1.585026234388e-01 1.706955879927e-01 1.376695334911e-01
7.112263701856e-03 7.864946499467e-03 7.827042602003e-03 7.966932840645e-03 8.513823151588e-03 9.462135843933e-03 1.024050358683e-02 9.146956726909e-03 7.176870480180e-03 7.666197605431e-03 8.321758359671e-03 9.770169854164e-03 1.014246325940e-02 8.425903506577e-03 7.939500734210e-03 9.607769548893e-03 8.517629466951e-03 6.940992083400e-03 7.557110860944e-03 7.869276218116e-03 9.592252783477e-03 1.064996328205e-02 1.190111786127e-02 1.465938892215e-02 1.700886711478e-02 2.956675179303e-02 6.235200539231e-02 7.428361475468e-02 1.020265743136e-01 5.779210105538e-02 1.226677969098e-01 9.377113729715e-02 1.559323072433e-01 9.536697715521e-02 1.881998628378e-01 1.407450288534e-01 2.233918905258e-01 2.738779187202e-01 2.440409958363e-01 3.290189802647e-01 2.990819513798e-01 2.391498982906e-01 2.104630619287e-01
6.850080564618e-03 7.406268734485e-03 7.123155985028e-03 7.251797243953e-03 7.284099236131e-03 7.092478219420e-03 7.855441421270e-03 7.425850722939e-03 8.868272416294e-03 9.600596502423e-03 8.714648894966e-03 8.808671496809e-03 9.694038890302e-03 1.008963864297e-02 9.226613678038e-03 1.191518455744e-02 1.060666702688e-02 8.110666647553e-03 8.154759183526e-03 8.108370937407e-03 9.319659322500e-03 1.011226233095e-02 1.137876790017e-02 1.512086670846e-02 1.776821538806e-02 2.651268988848e-02 3.983901813626e-02 4.595956206322e-02 4.934604838490e-02 6.235583499074e-02 1.039158403873e-01 1.594150960445e-01 1.076378598809e-01 2.552274465561e-01 8.964323252439e-02 1.169636473060e-01 2.389736771584e-01 3.344125151634e-01 1.637129634619e-01 1.851154714823e-01 1.177970319986e-01 2.221118956804e-01 1.960249096155e-01
6.110828835517e-03 6.603749468923e-03 6.350121926516e-03 6.240946706384e-03 5.794015247375e-03 5.862763617188e-03 6.187767721713e-03 8.156437426805e-03 1.013434305787e-02 1.041475497186e-02 9.099545888603e-03 1.005514431745e-02 1.119032036513e-02 1.088543701917e-02 1.080160588026e-02 1.119868177921e-02 1.201831828803e-02 1.406581420451e-02 1.260817050934e-02 1.132225338370e-02 1.165953557938e-02 1.254164054990e-02 1.498775836080e-02 1.537216827273e-02 1.857537589967e-02 2.283851988614e-02 3.755527362227e-02 3.744567930698e-02 6.689971685410e-02 1.353915780783e-01 1.683600991964e-01 8.623764663935e-02 8.651656657457e-02 2.599740028381e-01 1.378070414066e-01 1.695990860462e-01 1.503963172436e-01 1.950305104256e-01 1.424500644207e-01 5.455725267529e-02 5.193353816867e-02 7.012488692999e-02 1.387511044741e-01
5.624677054584e-03 5.631667561829e-03 5.593446083367e-03 5.516904406250e-03 5.667699500918e-03 5.999370012432e-03 6.374639924616e-03 7.608890533447e-03 8.533608168364e-03 8.107070811093e-03 9.551024064422e-03 1.027995906770e-02 9.983855299652e-03 1.049792952836e-02 1.436526421458e-02 1.999408192933e-02 2.266748622060e-02 2.872894890606e-02 2.866061590612e-02 3.085719980299e-02 2.202315256000e-02 2.101603895426e-02 2.437430061400e-02 2.041047997773e-02 2.330089546740e-02 3.220859915018e-02 9.661275893450e-02 9.015326946974e-02 8.668754249811e-02 1.168946325779e-01 6.595176458359e-02 6.954237073660e-02 9.311967343092e-02 5.336986109614e-02 2.891127467155e-01 4.024297893047e-01 3.593783378601e-01 8.313515037298e-02 3.936841711402e-02 3.253108635545e-02 3.180326521397e-02 3.760670498013e-02 3.969537466764e-02
5.227998830378e-03 5.424124654382e-03 5.220128688961e-03 5.619790405035e-03 6.011931225657e-03 6.878662854433e-03 6.880691275001e-03 7.969989441335e-03 8.727799169719e-03 1.014813221991e-02 1.051592454314e-02 1.248693931848e-02 1.309059280902e-02 1.211172528565e-02 2.925431914628e-02 1.049858704209e-01 8.297045528889e-02 4.950672760606e-02 5.568719282746e-02 6.932380050421e-02 5.123651027679e-02 2.696846798062e-02 3.139011189342e-02 3.932681679726e-02 3.821299225092e-02 7.123772054911e-02 1.001902520657e-01 8.879432827234e-02 7.239287346601e-02 6.540277600288e-02 7.420916855335e-02 6.916283071041e-02 5.228181555867e-02 4.359945282340e-02 7.396978139877e-02 3.400249481201e-01 3.543622493744e-01 7.308240979910e-02 2.598787285388e-02 2.647302486002e-02 2.380886673927e-02 2.287812158465e-02 3.763453289866e-02
5.242081359029e-03 5.648715421557e-03 7.150996010751e-03 7.993139326572e-03 7.337790913880e-03 1.216343976557e-02 1.430130191147e-02 1.453550811857e-02 1.227861177176e-02 1.200811378658e-02 1.317345816642e-02 1.656031049788e-02 1.651221513748e-02 6.085809692740e-02 4.297972321510e-01 5.410037040710e-01 2.523136138916e-01 1.443826407194e-01 1.154157966375e-01 9.018666297197e-02 4.307115823030e-02 4.283305630088e-02 9.345778077841e-02 1.994039416313e-01 1.635062545538e-01 8.717685937881e-02 1.018231362104e-01 8.290970325470e-02 8.781354129314e-02 6.064879149199e-02 1.499827653170e-01 6.005349382758e-02 4.621541127563e-02 3.266565129161e-02 2.165862359107e-02 7.004633545876e-02 7.733225822449e-02 1.892226375639e-02 1.270451489836e-02 1.495070848614e-02 1.848565787077e-02 2.066492475569e-02 1.932308450341e-02
6.429816596210e-03 1.011477969587e-02 1.379011664540e-02 1.498621236533e-02 1.932894811034e-02 2.569795399904e-02 2.524828724563e-02 2.227168716490e-02 1.914905942976e-02 1.476731710136e-02 1.778598502278e-02 1.967043802142e-02 1.094591394067e-01 6.034170389175e-01 8.249939680099e-01 2.875872850418e-01 9.091276675463e-02 5.562474951148e-02 5.659907311201e-02 4.950005188584e-02 4.744906723499e-02 1.080940142274e-01 2.130874097347e-01 2.830668091774e-01 2.277213037014e-01 1.171601191163e-01 8.077707886696e-02 5.939729884267e-02 5.375337600708e-02 4.789025709033e-02 6.451351195574e-02 2.968070469797e-02 3.355293348432e-02 2.720084600151e-02 1.708698831499e-02 1.013077702373e-02 8.351522497833e-03 8.133738301694e-03 8.544204756618e-03 1.064144726843e-02 1.428880263120e-02 1.806984469295e-02 1.848551072180e-02
1.065102498978e-02 1.592851988971e-02 2.116207964718e-02 2.832033485174e-02 5.480898916721e-02 5.430248379707e-02 7.598017901182e-02 5.465548112988e-02 6.213105469942e-02 3.690530359745e-02 2.076631970704e-02 1.428196430206e-01 5.752427577972e-01 5.725256204605e-01 1.497776657343e-01 4.514517635107e-02 8.380886912346e-02 1.107060834765e-01 7.820563018322e-02 9.095583856106e-02 1.099544242024e-01 1.105423942208e-01 1.611101329327e-01 1.316366344690e-01 8.904825896025e-02 6.939011812210e-02 4.325734451413e-02 1.680717989802e-02 1.726086623967e-02 1.705792546272e-02 2.184773795307e-02 1.598103530705e-02 1.407592836767e-02 9.724409319460e-03 9.943284094334e-03 1.012736465782e-02 1.045381091535e-02 1.097304094583e-02 1.167003903538e-02 1.256853807718e-02 1.270723249763e-02 1.516969315708e-02 1.922120153904e-02
