VariationalSeries/SI/f129_max.grd
DSAA
101	101
32.816463539100	34.260883539100
35.556306596100	36.727886596100
8.591158257332e-05	1.410560417175e+01
[rows 38 to 56 of 101, columns 43 to 85 of 101]
8.627490997314e-01 1.339853167534e+00 1.431938171387e+00 8.489407896996e-01 1.423730015755e+00 6.986429095268e-01 7.174578309059e-01 9.643201828003e-01 8.265601396561e-01 6.630240082741e-01 9.770450592041e-01 5.066915750504e-01 5.568101406097e-01 4.712765216827e-01 7.321174144745e-01 5.327865481377e-01 5.777161121368e-01 3.280239999294e-01 4.470177590847e-01 6.786783337593e-01 6.917657256126e-01 5.302587151527e-01 3.657603859901e-01 2.896408736706e-01 2.492651641369e-01 2.250179499388e-01 2.088946402073e-01 2.137865871191e-01 1.900457292795e-01 1.426480710506e-01 1.417256295681e-01 1.677956134081e-01 1.917841136456e-01 1.972249448299e-01 2.000217288733e-01 2.004497200251e-01 1.974180191755e-01 1.823577731848e-01 1.619658917189e-01 1.443912982941e-01 1.301444023848e-01 1.305276155472e-01 1.104957386851e-01
8.580598235130e-01 1.777048230171e+00 1.146739602089e+00 1.600587010384e+00 1.152151942253e+00 1.628045916557e+00 1.368924736977e+00 8.467143774033e-01 8.598001599312e-01 6.902462244034e-01 1.108938813210e+00 7.164003252983e-01 4.652511775494e-01 5.344051122665e-01 9.720564484596e-01 5.800798535347e-01 6.631962656975e-01 1.036547422409e+00 9.294119477272e-01 6.299966573715e-01 4.255730211735e-01 2.893423140049e-01 2.637723386288e-01 2.384487092495e-01 2.400487512350e-01 2.293689697981e-01 2.010166943073e-01 1.752997487783e-01 1.581451892853e-01 1.580464988947e-01 1.735313832760e-01 1.630073189735e-01 1.337809413671e-01 1.132215186954e-01 1.094188690186e-01 9.439661353827e-02 1.009537652135e-01 1.109314188361e-01 1.220773234963e-01 1.351467221975e-01 1.463686972857e-01 1.923346817493e-01 1.983774006367e-01
1.263398170471e+00 8.838298916817e-01 1.564311265945e+00 1.239320993423e+00 1.317551732063e+00 1.715987324715e+00 1.044965744019e+00 9.499438405037e-01 6.788374781609e-01 7.049683928490e-01 1.186402440071e+00 6.414823532104e-01 6.587443351746e-01 6.463808417320e-01 7.883152961731e-01 1.273559093475e+00 8.690568804741e-01 4.506130814552e-01 4.207830727100e-01 2.790962457657e-01 2.120669335127e-01 3.056737780571e-01 4.013679325581e-01 3.616590797901e-01 2.604395151138e-01 2.270449548960e-01 2.219263166189e-01 2.045838832855e-01 1.766928285360e-01 1.642570495605e-01 1.545025855303e-01 1.565535515547e-01 1.497766077518e-01 1.392555832863e-01 1.358401477337e-01 1.427795886993e-01 1.408679783344e-01 1.278892606497e-01 1.698424369097e-01 2.315417826176e-01 1.902511119843e-01 1.423129737377e-01 1.231246143579e-01
1.402586221695e+00 1.285008311272e+00 2.039107561111e+00 1.703981876373e+00 1.610209226608e+00 1.775266170502e+00 1.671420454979e+00 9.218225479126e-01 1.039656758308e+00 9.873776435852e-01 1.167517900467e+00 9.113809466362e-01 8.483973145485e-01 1.442810177803e+00 9.302068352699e-01 6.897653341293e-01 5.857920050621e-01 4.743784964085e-01 3.492122590542e-01 5.649295449257e-01 6.083674430847e-01 3.194975256920e-01 5.034179687500e-01 3.823742568493e-01 3.441119790077e-01 3.034422695637e-01 2.679757773876e-01 2.396206706762e-01 2.158311754465e-01 2.079783678055e-01 3.892312347889e-01 1.653758585453e-01 1.571339964867e-01 1.487425863743e-01 1.880405545235e-01 2.347744703293e-01 2.151487767696e-01 2.461376786232e-01 2.093388289213e-01 2.295711785555e-01 2.316491603851e-01 2.265810966492e-01 2.080572694540e-01
1.337437033653e+00 1.850072860718e+00 1.597316384315e+00 1.588616013527e+00 1.473253488541e+00 1.862404227257e+00 2.942582130432e+00 1.269494533539e+00 1.482222795486e+00 1.479256153107e+00 1.347796797752e+00 1.351560592651e+00 1.538658738136e+00 8.797682523727e-01 9.525180459023e-01 5.369060635567e-01 7.267187237740e-01 9.714830517769e-01 7.641569972038e-01 7.307075858116e-01 7.598950266838e-01 5.125027894974e-01 3.174294531345e-01 3.080497086048e-01 2.856447696686e-01 2.675767242908e-01 3.264854848385e-01 5.644687414169e-01 6.774787902832e-01 6.008645296097e-01 2.965281903744e-01 2.143570631742e-01 2.034627944231e-01 2.201752364635e-01 2.771117687225e-01 2.841207087040e-01 2.571695148945e-01 2.301288694143e-01 1.713978052139e-01 2.132760137320e-01 2.548458576202e-01 2.543981671333e-01 2.447043210268e-01
1.584219932556e+00 2.302032232285e+00 3.801142454147e+00 2.327716827393e+00 3.752120018005e+00 1.928295135498e+00 4.608739376068e+00 1.323218941689e+00 2.563157558441e+00 1.847168445587e+00 1.616055130959e+00 1.577189326286e+00 8.947029709816e-01 1.092133641243e+00 1.234229922295e+00 1.205728888512e+00 7.462291717529e-01 4.433968663216e-01 9.520983695984e-01 8.232995271683e-01 4.510845541954e-01 4.118833243847e-01 3.898852765560e-01 7.098022699356e-01 8.727545738220e-01 7.711955308914e-01 5.072125792503e-01 3.651704192162e-01 3.968960344791e-01 2.507970631123e-01 2.010983824730e-01 3.016746938229e-01 3.750289380550e-01 3.364828824997e-01 2.967522442341e-01 4.007716476917e-01 4.747076034546e-01 4.244685471058e-01 3.043423891068e-01 2.221329361200e-01 2.776010036469e-01 3.049045205116e-01 3.216191530228e-01
1.955699324608e+00 2.463028192520e+00 2.902741670609e+00 3.853924274445e+00 3.220871448517e+00 3.264612436295e+00 5.403762817383e+00 2.144507646561e+00 2.492546796799e+00 1.962588906288e+00 1.981791377068e+00 1.144932389259e+00 1.237574100494e+00 1.545199513435e+00 1.205688714981e+00 8.622991442680e-01 1.244261384010e+00 1.155257105827e+00 9.150197505951e-01 1.157777786255e+00 1.172053098679e+00 1.016349554062e+00 7.271919250488e-01 3.972465097904e-01 4.362099468708e-01 3.935182392597e-01 3.125742673874e-01 3.225974440575e-01 3.479898273945e-01 3.739552497864e-01 3.640994131565e-01 3.106350898743e-01 2.983718216419e-01 2.503798604012e-01 4.569949805737e-01 5.583634972572e-01 5.234611034393e-01 3.855534493923e-01 2.335651963949e-01 1.432292163372e-01 1.993337571621e-01 2.287464588881e-01 2.105028182268e-01
1.850637078285e+00 2.717313051224e+00 3.225970268250e+00 3.077860832214e+00 4.578161716461e+00 3.419972181320e+00 5.501008510590e+00 3.034006595612e+00 2.595603942871e+00 2.879105567932e+00 2.204603433609e+00 1.449772477150e+00 1.440437436104e+00 1.539242982864e+00 8.885496258736e-01 1.317308425903e+00 1.699514150620e+00 1.170130252838e+00 6.960796117783e-01 6.891106963158e-01 6.080276966095e-01 4.708597958088e-01 4.537887275219e-01 5.024316310883e-01 5.025636553764e-01 4.438585042953e-01 3.840611279011e-01 3.747632205486e-01 3.122632801533e-01 3.437339067459e-01 3.290324807167e-01 3.000745177269e-01 2.082632631063e-01 3.814624249935e-01 4.550159871578e-01 4.313751757145e-01 3.012882173061e-01 1.622784137726e-01 2.232833653688e-01 2.100529521704e-01 1.571904420853e-01 1.498160511255e-01 1.619405448437e-01
2.742632150650e+00 3.839639186859e+00 3.917609214783e+00 4.271265983582e+00 4.644777297974e+00 5.839122295380e+00 5.505193233490e+00 1.072090816498e+01 3.947846174240e+00 2.500911474228e+00 2.324500083923e+00 2.071469068527e+00 1.761483311653e+00 2.683155059814e+00 2.347304105759e+00 1.368918418884e+00 1.267298102379e+00 1.315678000450e+00 9.632927775383e-01 8.519189357758e-01 8.440304398537e-01 8.028379678726e-01 8.597859144211e-01 6.409700512886e-01 8.246690630913e-01 7.296066880226e-01 4.586360454559e-01 4.175874888897e-01 4.228762388229e-01 3.947240114212e-01 3.370180130005e-01 3.256793022156e-01 3.398354351521e-01 3.910782039165e-01 3.635909259319e-01 2.790174782276e-01 2.129426896572e-01 1.928503066301e-01 1.879730373621e-01 1.859326660633e-01 1.817729473114e-01 1.751100569963e-01 1.686027646065e-01
1.738051891327e+00 5.079957008362e+00 3.508419275284e+00 4.380386352539e+00 6.926938533783e+00 5.541756153107e+00 6.580514431000e+00 7.828638553619e+00 3.856588125229e+00 3.646431446075e+00 4.627581119537e+00 2.949261665344e+00 3.659634828568e+00 2.842248439789e+00 2.379940748215e+00 2.076338529587e+00 1.765289187431e+00 1.527704596519e+00 1.348239183426e+00 1.893128633499e+00 2.213295459747e+00 9.232609272003e-01 6.019640564919e-01 6.089093685150e-01 8.553065061569e-01 5.384790301323e-01 4.654090106487e-01 4.425637125969e-01 4.085691869259e-01 3.887601494789e-01 3.733465671539e-01 3.861945271492e-01 4.086802601814e-01 3.493967652321e-01 2.674196064472e-01 2.495692670345e-01 2.363860160112e-01 1.938782632351e-01 1.918195188046e-01 1.921677291393e-01 1.773255318403e-01 1.816876977682e-01 1.908380538225e-01
4.689136505127e+00 5.486357688904e+00 6.273439407349e+00 6.615307331085e+00 7.661575317383e+00 1.061027812958e+01 1.410560417175e+01 6.526679515839e+00 5.261334896088e+00 3.666181564331e+00 5.216122150421e+00 5.193264484406e+00 1.965078949928e+00 3.138375282288e+00 3.442861557007e+00 1.707694292068e+00 1.578786730766e+00 1.673450231552e+00 1.846012353897e+00 2.174677371979e+00 1.677082419395e+00 7.134631872177e-01 8.080468773842e-01 6.641496419907e-01 6.202427148819e-01 5.309817194939e-01 5.162657499313e-01 5.123165845871e-01 4.256929755211e-01 2.955013215542e-01 2.643505036831e-01 2.896887958050e-01 3.075196444988e-01 3.159600496292e-01 3.099173009396e-01 2.967881262302e-01 2.645821869373e-01 2.713648080826e-01 3.025107979774e-01 3.097889423370e-01 2.773707509041e-01 2.407127171755e-01 2.100581675768e-01
3.132458448410e+00 5.581271648407e+00 5.761393547058e+00 7.303526401520e+00 7.231249332428e+00 7.157275676727e+00 7.019351482391e+00 5.821856975555e+00 4.075757503510e+00 4.646479606628e+00 4.457736492157e+00 4.679950237274e+00 5.663779258728e+00 2.485749483109e+00 2.103826999664e+00 1.306924700737e+00 1.190539002419e+00 8.421227335930e-01 7.754689455032e-01 6.611662507057e-01 5.679395198822e-01 6.434084177017e-01 7.930957078934e-01 9.126216769218e-01 9.341050982475e-01 8.198507428169e-01 6.555471420288e-01 4.540442526340e-01 3.151347339153e-01 2.598258256912e-01 2.111797779799e-01 2.383257150650e-01 3.099595904350e-01 2.075631916523e-01 2.347213178873e-01 2.564543485641e-01 2.049051672220e-01 2.507082521915e-01 2.963294088840e-01 3.139923214912e-01 3.563571870327e-01 4.476810693741e-01 5.082615613937e-01
1.230443120003e+00 1.680114746094e+00 2.648747205734e+00 1.252657699585e+01 6.899196147919e+00 6.581945896149e+00 3.676821231842e+00 3.774123907089e+00 3.490262508392e+00 5.558132171631e+00 5.172328472137e+00 7.325163841248e+00 1.062453651428e+01 7.808564186096e+00 5.089529037476e+00 2.344024658203e+00 1.102955579758e+00 7.862405776978e-01 7.165303230286e-01 9.605051279068e-01 1.250049233437e+00 1.157542467117e+00 8.543864488602e-01 5.491303205490e-01 6.039661765099e-01 5.714327692986e-01 8.168459534645e-01 1.217347145081e+00 5.644341707230e-01 2.971323728561e-01 2.749544978142e-01 4.515531063080e-01 2.957619726658e-01 1.851577907801e-01 1.626116037369e-01 1.685749441385e-01 1.694709360600e-01 1.744372695684e-01 1.775848716497e-01 1.774841547012e-01 1.777795851231e-01 1.967285275459e-01 1.716756969690e-01
2.231171280146e-01 5.561323761940e-01 1.339467763901e+00 1.786478400230e+00 1.821609616280e+00 1.781386852264e+00 1.388467669487e+00 1.894454598427e+00 1.892822384834e+00 3.014578104019e+00 6.117642402649e+00 6.906490802765e+00 9.501927375793e+00 5.517281055450e+00 3.940366506577e+00 2.229326725006e+00 1.017598509789e+00 5.334749817848e-01 5.641992092133e-01 1.242937684059e+00 3.958360195160e+00 1.652323484421e+00 1.412919640541e+00 1.054985523224e+00 1.075381398201e+00 9.235494136810e-01 9.941976070404e-01 6.966363191605e-01 3.449108600616e-01 4.549597799778e-01 3.835912048817e-01 3.875231146812e-01 2.356061488390e-01 2.136704027653e-01 1.490291953087e-01 1.363995373249e-01 1.414930671453e-01 1.413415819407e-01 1.526546478271e-01 1.411681026220e-01 1.837554872036e-01 2.158465683460e-01 2.087716609240e-01
1.557340770960e-01 2.898407876492e-01 8.430160284042e-01 4.898983538151e-01 4.339412450790e-01 3.538885116577e-01 5.386495590210e-01 8.872725963593e-01 9.278287291527e-01 9.839404821396e-01 2.787043809891e+00 1.372583007812e+01 1.089469146729e+01 4.917072296143e+00 2.257636785507e+00 6.502234339714e-01 3.905151486397e-01 2.567266821861e-01 3.190780282021e-01 8.162411451340e-01 1.871685624123e+00 3.261444330215e+00 1.633669137955e+00 1.243268370628e+00 9.810697436333e-01 7.364532351494e-01 7.803159356117e-01 7.295349240303e-01 6.402970552444e-01 5.770691037178e-01 7.032958865166e-01 3.009307384491e-01 2.791932225227e-01 2.255140095949e-01 2.304639369249e-01 2.147922813892e-01 1.798981279135e-01 1.537152230740e-01 1.757774055004e-01 2.029105871916e-01 2.377044856548e-01 2.340227663517e-01 1.995915770531e-01
1.047025769949e-01 4.307234287262e-01 1.011964201927e+00 7.468165159225e-01 1.845303326845e-01 2.165857553482e-01 2.072314620018e-01 4.192032217979e-01 4.577103257179e-01 7.471136450768e-01 1.435984373093e+00 3.755663394928e+00 8.042129516602e+00 5.509516239166e+00 7.459572315216e+00 1.798800945282e+00 2.211406677961e-01 1.393876522779e-01 2.197191715240e-01 7.271089553833e-01 2.227757453918e+00 3.486225605011e+00 2.659761667252e+00 1.810868859291e+00 1.258660316467e+00 7.923961281776e-01 8.989071249962e-01 6.660746335983e-01 6.434687972069e-01 6.403898596764e-01 5.322667360306e-01 4.244544804096e-01 2.989038228989e-01 3.185229897499e-01 2.859463989735e-01 2.277718335390e-01 2.023857235909e-01 1.877256184816e-01 1.740543991327e-01 2.032555043697e-01 2.230107635260e-01 2.168945521116e-01 1.921883076429e-01
8.928233385086e-02 2.198375165462e-01 1.494655132294e+00 1.796088337898e+00 9.373191595078e-01 1.459859907627e-01 1.110717579722e-01 2.088638097048e-01 2.087824195623e-01 1.695599853992e-01 1.434608995914e-01 6.042776107788e-01 2.723064899445e+00 1.574046254158e+00 9.090215682983e+00 1.097656369209e+00 6.192972064018e-01 2.339532524347e-01 1.951203644276e-01 6.320172548294e-01 1.240030169487e+00 1.097552108765e+01 3.394742012024e+00 1.479838848114e+00 1.499004244804e+00 7.914307713509e-01 8.494720458984e-01 7.238709330559e-01 1.035885214806e+00 7.959097027779e-01 4.566023647785e-01 4.531300365925e-01 4.228242933750e-01 4.026882946491e-01 3.954133689404e-01 3.152521550655e-01 3.109798431396e-01 3.441607058048e-01 2.223761379719e-01 1.704568564892e-01 1.682137995958e-01 1.661993563175e-01 1.922735869884e-01
5.726839601994e-02 9.887442737818e-02 1.231995820999e-01 6.977059245110e-01 4.294556081295e-01 1.040291786194e-01 8.857432752848e-02 1.039614304900e-01 9.746740758419e-02 9.363548457623e-02 6.782111525536e-02 7.582049071789e-02 2.324022501707e-01 1.445323586464e+00 4.117897510529e+00 1.007997155190e+00 8.411886692047e-01 3.960829675198e-01 2.309549599886e-01 4.534075558186e-01 5.282575488091e-01 7.228940129280e-01 6.598775982857e-01 4.990741610527e-01 7.350859642029e-01 1.223694801331e+00 1.072962641716e+00 1.070866346359e+00 6.889138817787e-01 9.013905525208e-01 9.404005408287e-01 8.196089863777e-01 5.007188320160e-01 4.152549505234e-01 3.979043662548e-01 3.473749458790e-01 2.968660593033e-01 3.014993667603e-01 2.921549081802e-01 1.933800727129e-01 1.592397540808e-01 1.641082465649e-01 1.772111803293e-01
6.285943835974e-02 1.005466282368e-01 6.612832099199e-02 7.440000027418e-02 7.556599378586e-02 8.889186382294e-02 8.198637515306e-02 7.694831490517e-02 7.113737612963e-02 5.401054769754e-02 3.779869526625e-02 3.209954127669e-02 5.353077501059e-02 1.499181032181e+00 2.330889701843e+00 2.408657073975e+00 6.871869564056e-01 7.329202294350e-01 6.429051756859e-01 2.654845714569e-01 2.877979278564e-01 5.404096245766e-01 1.475615024567e+00 1.394584894180e+00 1.818212270737e+00 1.829887270927e+00 1.715562939644e+00 1.621022105217e+00 1.536533951759e+00 1.466120123863e+00 1.560934782028e+00 1.912367224693e+00 1.634729385376e+00 6.691043972969e-01 2.726967334747e-01 3.206698298454e-01 3.510608077049e-01 2.425055503845e-01 2.399218976498e-01 1.696491688490e-01 1.671410948038e-01 1.234085410833e-01 1.388959586620e-01
