VariationalSeries/SI/f129_max.grd
DSAA
101	101
32.816463539100	34.260883539100
35.556306596100	36.727886596100
8.591158257332e-05	1.410560417175e+01
[rows 0 to 18 of 101, columns 0 to 42 of 101]
1.302805636078e-02 2.328593470156e-02 2.063309215009e-02 1.234588772058e-02 1.037122961134e-02 1.351651456207e-02 2.692878246307e-02 3.753603994846e-02 3.356779739261e-02 2.004178985953e-02 1.267664972693e-02 1.457093469799e-02 1.546912919730e-02 1.493552606553e-02 1.280703209341e-02 1.951173692942e-02 2.932436950505e-02 3.393887728453e-02 2.417610399425e-02 1.570446416736e-02 1.788920164108e-02 1.914639212191e-02 1.411634683609e-02 1.265881583095e-02 1.344786584377e-02 1.838652044535e-02 2.688501216471e-02 3.070515580475e-02 3.998284786940e-02 3.186088427901e-02 2.444142289460e-02 2.296723052859e-02 1.993086189032e-02 1.581419445574e-02 1.286371331662e-02 1.245513558388e-02 1.145126391202e-02 1.552209071815e-02 2.179128304124e-02 2.499880827963e-02 2.093905583024e-02 1.777157001197e-02 1.692994125187e-02
2.411393448710e-02 4.550663754344e-02 4.463235661387e-02 3.116869553924e-02 2.201686054468e-02 2.613612823188e-02 5.182828754187e-02 7.166644930840e-02 6.340012699366e-02 3.693720698357e-02 2.176797203720e-02 2.489613369107e-02 2.629400789738e-02 2.503301203251e-02 2.183652855456e-02 2.902024798095e-02 4.620224982500e-02 6.047618016601e-02 5.459802597761e-02 3.254134207964e-02 3.263072296977e-02 5.000246316195e-02 2.629764936864e-02 2.360353805125e-02 2.773877233267e-02 3.592786192894e-02 4.507203027606e-02 5.145446583629e-02 7.603517174721e-02 5.919500440359e-02 3.972909227014e-02 3.600319847465e-02 3.363151103258e-02 2.719513140619e-02 2.924944832921e-02 3.057823330164e-02 3.074224479496e-02 3.452864661813e-02 4.344028979540e-02 4.372194409370e-02 3.234862163663e-02 3.205451369286e-02 3.502444550395e-02
2.358441054821e-02 4.841294512153e-02 5.426702648401e-02 4.648125916719e-02 2.987401559949e-02 3.017211332917e-02 5.997348576784e-02 8.147595077753e-02 6.980580836535e-02 3.824743628502e-02 2.749202400446e-02 3.099715709686e-02 3.202827647328e-02 2.963580563664e-02 2.440414018929e-02 2.349208854139e-02 3.034127503633e-02 4.532733187079e-02 5.183018743992e-02 4.213160648942e-02 5.154868960381e-02 7.730001211166e-02 3.384412825108e-02 2.923210151494e-02 3.689192980528e-02 4.466151446104e-02 4.635968431830e-02 4.669349640608e-02 8.861523121595e-02 6.638286262751e-02 3.849545121193e-02 3.300628811121e-02 4.602558538318e-02 2.449070475996e-02 2.753063663840e-02 3.161424770951e-02 3.963198140264e-02 5.022030696273e-02 5.251834541559e-02 4.351270571351e-02 4.447890818119e-02 2.973321639001e-02 3.925900161266e-02
2.093025296926e-02 4.607043042779e-02 5.492113903165e-02 5.614376440644e-02 4.513353481889e-02 3.089416772127e-02 6.268768012524e-02 8.336465060711e-02 6.746005266905e-02 3.284662961960e-02 3.042683750391e-02 3.359082713723e-02 3.344869613647e-02 2.976084500551e-02 2.366621978581e-02 2.398486062884e-02 2.288581058383e-02 2.631866559386e-02 3.425417095423e-02 3.897165507078e-02 8.646705746651e-02 9.837808459997e-02 3.791259229183e-02 3.209823742509e-02 4.069396853447e-02 4.666766524315e-02 4.464239627123e-02 4.262066632509e-02 8.876691758633e-02 6.453778594732e-02 3.269143030047e-02 2.657930739224e-02 5.305210873485e-02 2.820376306772e-02 3.083973936737e-02 4.362330585718e-02 5.397974699736e-02 5.625412613153e-02 4.761420190334e-02 5.510823801160e-02 5.370669066906e-02 3.296173736453e-02 3.598871454597e-02
2.047028765082e-02 4.407116398215e-02 5.217680707574e-02 5.771556124091e-02 5.524006485939e-02 3.904618322849e-02 6.396985054016e-02 8.328452706337e-02 6.323762238026e-02 2.785348333418e-02 3.263372182846e-02 3.474139794707e-02 3.364051505923e-02 3.348761796951e-02 3.074461780488e-02 2.596124447882e-02 2.528641372919e-02 2.494317106903e-02 3.532583266497e-02 7.158403843641e-02 1.201997622848e-01 1.080809757113e-01 4.068254306912e-02 4.572010040283e-02 4.071296006441e-02 4.559520632029e-02 4.089912772179e-02 4.242264106870e-02 8.402598649263e-02 6.079591065645e-02 3.863241150975e-02 3.021909855306e-02 5.656490847468e-02 3.455895185471e-02 4.850293323398e-02 5.806283652782e-02 5.869764462113e-02 4.954568296671e-02 3.410764038563e-02 5.656597763300e-02 6.565327942371e-02 4.404926300049e-02 2.850440144539e-02
1.910276524723e-02 3.843687102199e-02 4.645829647779e-02 5.083411559463e-02 5.641101300716e-02 4.697282612324e-02 6.391777843237e-02 8.060362190008e-02 5.699077248573e-02 3.093234635890e-02 3.465518727899e-02 3.804833441973e-02 4.055629670620e-02 3.925047814846e-02 3.531211242080e-02 2.874102257192e-02 2.325496636331e-02 2.641359902918e-02 5.625199526548e-02 1.020607724786e-01 1.398542821407e-01 1.067570075393e-01 4.574165120721e-02 6.962531059980e-02 4.281073808670e-02 4.275140911341e-02 3.663366660476e-02 4.609404131770e-02 7.516324520111e-02 6.076841801405e-02 3.904471173882e-02 3.287083655596e-02 6.560221314430e-02 5.177078768611e-02 6.144697219133e-02 6.074492633343e-02 5.041500926018e-02 3.485989943147e-02 3.838592767715e-02 5.329323932528e-02 8.041983842850e-02 5.117809399962e-02 2.774271927774e-02
2.406578324735e-02 4.274643585086e-02 3.944505378604e-02 3.905284404755e-02 4.869250208139e-02 4.717988520861e-02 6.291120499372e-02 7.703623920679e-02 5.114108696580e-02 3.410976752639e-02 3.826973959804e-02 4.355463385582e-02 4.413544014096e-02 4.104365408421e-02 3.493372350931e-02 3.298669680953e-02 3.127725049853e-02 3.895808756351e-02 7.592780888081e-02 1.219480186701e-01 1.448286920786e-01 9.750030934811e-02 6.055867299438e-02 8.825553208590e-02 6.203377619386e-02 3.891917318106e-02 3.582017123699e-02 8.552692830563e-02 1.199610456824e-01 7.741594314575e-02 4.330965504050e-02 3.679972141981e-02 7.204501330853e-02 6.070423498750e-02 6.069816276431e-02 5.039810016751e-02 3.512791544199e-02 3.846973553300e-02 5.576046183705e-02 7.040147483349e-02 8.259820938110e-02 6.050717085600e-02 2.770210057497e-02
2.441850490868e-02 4.884619265795e-02 5.047294124961e-02 3.653173148632e-02 3.487955406308e-02 3.948942944407e-02 6.203575059772e-02 7.531764358282e-02 4.762912169099e-02 3.686916455626e-02 4.320963844657e-02 4.612387716770e-02 4.460150748491e-02 3.934852033854e-02 3.686720505357e-02 4.176737368107e-02 4.655836522579e-02 5.142994970083e-02 9.308084845543e-02 1.323145031929e-01 1.421539038420e-01 8.762811869383e-02 6.571517884731e-02 9.704134613276e-02 7.545325160027e-02 4.806965216994e-02 3.452977165580e-02 1.300162225962e-01 1.681468933821e-01 9.077601879835e-02 4.733281955123e-02 4.428682103753e-02 7.115534693003e-02 5.573311820626e-02 5.172060430050e-02 3.670075535774e-02 3.682365268469e-02 5.487737804651e-02 7.251185178757e-02 8.010221272707e-02 7.263609021902e-02 7.582512497902e-02 3.193394094706e-02
2.111842669547e-02 4.617612436414e-02 5.742428451777e-02 5.227149277925e-02 3.472488373518e-02 3.413105383515e-02 6.136200577021e-02 7.466373592615e-02 4.584446176887e-02 4.116745665669e-02 4.581134021282e-02 4.625762626529e-02 4.234454035759e-02 3.640730306506e-02 3.841074556112e-02 4.440877959132e-02 6.023687124252e-02 6.171958148479e-02 1.027234047651e-01 1.303032785654e-01 1.289977580309e-01 7.604548335075e-02 6.704124063253e-02 9.277991205454e-02 8.140103518963e-02 5.551430210471e-02 4.358303174376e-02 1.677563488483e-01 1.962907165289e-01 1.000157967210e-01 5.193682387471e-02 4.222090169787e-02 7.219050824642e-02 4.818396642804e-02 5.678400769830e-02 5.688263475895e-02 5.501317605376e-02 7.379389554262e-02 8.489698916674e-02 8.026010543108e-02 5.896070972085e-02 9.413155168295e-02 3.749950602651e-02
2.140907756984e-02 3.834582120180e-02 5.413094162941e-02 6.132494285703e-02 5.231020972133e-02 3.447940200567e-02 6.151295453310e-02 7.454634457827e-02 4.479549452662e-02 4.355662316084e-02 4.593355581164e-02 4.397667944431e-02 4.796210676432e-02 5.222805589437e-02 5.461749434471e-02 5.537551641464e-02 6.538829952478e-02 7.146286964417e-02 1.057494878769e-01 1.208617240191e-01 1.117578223348e-01 6.480873376131e-02 6.055633351207e-02 8.107916265726e-02 7.862155139446e-02 5.704935267568e-02 4.712709784508e-02 1.903856992722e-01 2.085021138191e-01 1.036183834076e-01 4.553970694542e-02 3.656492754817e-02 7.824068516493e-02 4.782757163048e-02 5.814042314887e-02 5.918027460575e-02 7.649371773005e-02 8.809956163168e-02 8.620177954435e-02 6.904525309801e-02 4.940754547715e-02 1.022765040398e-01 5.180755630136e-02
2.149665541947e-02 4.307460412383e-02 4.462473466992e-02 5.865690484643e-02 6.420080363750e-02 5.163077265024e-02 6.097058206797e-02 7.336283475161e-02 4.332579672337e-02 4.399592056870e-02 4.824866726995e-02 5.647660419345e-02 6.261351704597e-02 6.600874662399e-02 6.757380813360e-02 6.815446168184e-02 6.742891669273e-02 8.861455321312e-02 1.242954507470e-01 1.317453384399e-01 1.107283905149e-01 8.183523267508e-02 5.744342878461e-02 6.914300471544e-02 7.090835273266e-02 5.080929398537e-02 5.462243407965e-02 2.008666396141e-01 2.133362442255e-01 1.014762595296e-01 4.370531439781e-02 4.122139140964e-02 7.665554434061e-02 5.081226304173e-02 6.750049442053e-02 8.189212530851e-02 9.134873747826e-02 8.960799872875e-02 7.432742416859e-02 5.736525729299e-02 5.593873932958e-02 9.827420115471e-02 6.739822775126e-02
1.818990707397e-02 3.831885382533e-02 4.588894546032e-02 4.877068102360e-02 6.338091194630e-02 6.683139503002e-02 5.913005769253e-02 7.070199400187e-02 4.295926541090e-02 5.201583355665e-02 6.052571535110e-02 6.744961440563e-02 7.218170166016e-02 7.487514615059e-02 7.577180862427e-02 7.560213655233e-02 7.479202747345e-02 1.179044470191e-01 1.612395048141e-01 1.675971299410e-01 1.443994492292e-01 1.131165921688e-01 8.273585140705e-02 5.867158621550e-02 8.240699023008e-02 7.898281514645e-02 6.687507778406e-02 1.927338242531e-01 1.887289434671e-01 9.232444316149e-02 5.645139142871e-02 6.682712584734e-02 7.212379574776e-02 8.111793547869e-02 9.200508892536e-02 9.613530337811e-02 9.219672530890e-02 7.958392053843e-02 7.624428719282e-02 8.834204822779e-02 6.649242341518e-02 8.401188999414e-02 8.077304810286e-02
1.566501148045e-02 2.980084717274e-02 3.816334530711e-02 4.517914354801e-02 5.357005074620e-02 6.792457401752e-02 6.828413903713e-02 6.688417494297e-02 5.333313345909e-02 6.201023608446e-02 6.820991635323e-02 7.214419543743e-02 7.448295503855e-02 7.576243579388e-02 7.582691311836e-02 7.540079206228e-02 7.537029683590e-02 1.297174692154e-01 1.753245443106e-01 1.790384501219e-01 1.547636687756e-01 1.259836554527e-01 9.843805432320e-02 7.196097820997e-02 1.108255013824e-01 1.071609109640e-01 9.035202860832e-02 1.677863448858e-01 1.480493843555e-01 7.850080728531e-02 9.881114959717e-02 1.115301996469e-01 1.111034974456e-01 1.074589937925e-01 1.046454384923e-01 1.014231070876e-01 9.834512323141e-02 9.330274909735e-02 8.533995598555e-02 1.196896135807e-01 7.441730052233e-02 6.387972831726e-02 1.040941551328e-01
1.940569095314e-02 3.770306333899e-02 3.708164393902e-02 3.471823781729e-02 4.257285967469e-02 5.825720354915e-02 7.268502563238e-02 6.937786191702e-02 5.933842062950e-02 6.594466418028e-02 6.923687458038e-02 7.027459889650e-02 6.973077356815e-02 6.810689717531e-02 6.628994643688e-02 6.590519100428e-02 6.753759831190e-02 1.190160736442e-01 1.576860845089e-01 1.630063205957e-01 1.463332772255e-01 1.240278109908e-01 1.023475676775e-01 8.084265887737e-02 1.094768270850e-01 1.131114065647e-01 9.990683943033e-02 1.372468769550e-01 1.079690381885e-01 8.590445667505e-02 1.160054281354e-01 1.312613338232e-01 1.252406388521e-01 1.130812317133e-01 1.016244962811e-01 9.557405114174e-02 9.025067090988e-02 8.407752960920e-02 7.684820890427e-02 1.265671253204e-01 1.159275546670e-01 6.598246097565e-02 1.182347908616e-01
2.503364160657e-02 5.007311701775e-02 5.030919238925e-02 4.937125742435e-02 4.773714393377e-02 4.534887522459e-02 6.370872259140e-02 7.767960429192e-02 6.871413439512e-02 6.447903066874e-02 6.529483944178e-02 6.385006755590e-02 6.096315383911e-02 5.712620168924e-02 5.378383398056e-02 5.441295728087e-02 5.500461161137e-02 9.395520389080e-02 1.211110800505e-01 1.277398914099e-01 1.195207387209e-01 1.073156595230e-01 9.469102323055e-02 8.115173876286e-02 8.574371039867e-02 9.353587031364e-02 9.139891713858e-02 1.395378559828e-01 7.911130040884e-02 8.736230432987e-02 1.132197082043e-01 1.258022040129e-01 1.204535737634e-01 9.961629658937e-02 7.352221012115e-02 7.616726309061e-02 6.492381542921e-02 6.870573014021e-02 6.690958142281e-02 1.043343842030e-01 1.546580791473e-01 6.689795106649e-02 1.188764646649e-01
2.539752237499e-02 5.161138623953e-02 5.346210673451e-02 5.603214725852e-02 5.798138678074e-02 5.850313231349e-02 5.818313732743e-02 6.977576762438e-02 8.119659125805e-02 6.518138200045e-02 5.860480293632e-02 5.553656071424e-02 5.159425362945e-02 4.860396683216e-02 5.232815816998e-02 5.563284829259e-02 5.927297845483e-02 7.738667726517e-02 8.474113792181e-02 9.088587760925e-02 8.901133388281e-02 8.257288485765e-02 7.709271460772e-02 7.307310402393e-02 6.994199007750e-02 6.862986087799e-02 9.097249805927e-02 1.476685255766e-01 1.008112877607e-01 9.864442795515e-02 1.172387674451e-01 1.190731599927e-01 9.979451447725e-02 9.980976581573e-02 5.389300361276e-02 9.041754156351e-02 8.616622537374e-02 7.981910556555e-02 6.848057359457e-02 7.306847721338e-02 1.754966676235e-01 9.542185068130e-02 1.053407713771e-01
2.750227041543e-02 4.747588187456e-02 4.733334854245e-02 4.943798109889e-02 5.353422462940e-02 5.889014527202e-02 6.241965666413e-02 6.429736316204e-02 7.469329982996e-02 7.907009124756e-02 6.774361431599e-02 6.529758125544e-02 6.591984629631e-02 5.976159498096e-02 5.395796895027e-02 6.101598590612e-02 6.740207225084e-02 7.960764318705e-02 8.035033941269e-02 6.710065901279e-02 6.073736399412e-02 7.143522799015e-02 8.946114778519e-02 9.302145987749e-02 8.407529443502e-02 6.773535162210e-02 1.006885692477e-01 1.502424329519e-01 1.012654900551e-01 1.064378917217e-01 1.120214536786e-01 1.150701865554e-01 1.236377209425e-01 1.110303699970e-01 6.784826517105e-02 1.017781272531e-01 9.584319591522e-02 7.928521931171e-02 5.968985706568e-02 7.130632549524e-02 1.683351099491e-01 1.465326994658e-01 8.227534592152e-02
3.138154000044e-02 5.780633166432e-02 6.225226819515e-02 5.370450392365e-02 4.966906830668e-02 5.368006229401e-02 5.478308349848e-02 5.408639833331e-02 5.849226936698e-02 7.277531921864e-02 7.928196340799e-02 8.173852413893e-02 8.201219141483e-02 7.542138546705e-02 7.397543638945e-02 7.143808156252e-02 6.713762879372e-02 7.969390600920e-02 8.363524824381e-02 7.439485937357e-02 6.140609085560e-02 5.649929493666e-02 6.244830414653e-02 6.972440332174e-02 7.156779617071e-02 7.182189077139e-02 8.809453248978e-02 1.442281752825e-01 1.031780466437e-01 9.025357663631e-02 1.034291982651e-01 1.191175952554e-01 1.330483257771e-01 1.134783253074e-01 7.806036621332e-02 1.124576404691e-01 9.183511137962e-02 7.127609103918e-02 5.375243723392e-02 6.505134701729e-02 1.353531777859e-01 1.984051465988e-01 9.108751267195e-02
3.078519925475e-02 6.036908924580e-02 7.176596671343e-02 6.760504841805e-02 5.118989199400e-02 3.981139510870e-02 4.837497323751e-02 5.488153547049e-02 5.892809107900e-02 5.949057638645e-02 7.843205332756e-02 8.718989789486e-02 8.323333412409e-02 8.351577073336e-02 8.457161486149e-02 8.348518610001e-02 7.392994314432e-02 7.894316315651e-02 8.633567392826e-02 7.955685257912e-02 6.098705902696e-02 7.307242602110e-02 7.086566835642e-02 7.288967818022e-02 6.436945497990e-02 6.287807226181e-02 6.609706580639e-02 1.334541440010e-01 1.220044940710e-01 9.644919633865e-02 9.335699677467e-02 1.007156819105e-01 1.247165128589e-01 1.113579273224e-01 9.019725769758e-02 1.086333543062e-01 8.005943894386e-02 6.396517902613e-02 6.039581447840e-02 5.911355465651e-02 9.264921396971e-02 2.320861071348e-01 9.577672928572e-02
