VariationalSeries/SI/f129_max.grd
DSAA
101	101
32.816463539100	34.260883539100
35.556306596100	36.727886596100
8.591158257332e-05	1.410560417175e+01
[rows 0 to 18 of 101, columns 43 to 85 of 101]
2.049954049289e-02 3.498453646898e-02 4.030487686396e-02 3.194014728069e-02 2.225731499493e-02 2.243180200458e-02 1.929531432688e-02 1.764212548733e-02 1.160720735788e-02 1.680150441825e-02 2.229454927146e-02 2.641536109149e-02 3.153042867780e-02 4.502401873469e-02 2.022039704025e-02 2.493803016841e-02 3.166146576405e-02 3.453496843576e-02 2.333253435791e-02 1.564693637192e-02 1.767125725746e-02 2.275408990681e-02 2.335268259048e-02 2.555721998215e-02 2.590961940587e-02 1.850859262049e-02 1.241171080619e-02 1.252873707563e-02 2.368089742959e-02 3.552638366818e-02 2.853525429964e-02 1.399176940322e-02 1.767097413540e-02 1.152939442545e-02 1.178977265954e-02 1.012818235904e-02 8.663170970976e-03 7.888985797763e-03 5.803474225104e-03 5.854910705239e-03 7.805419154465e-03 1.304667443037e-02 1.296310778707e-02
3.553193435073e-02 6.336141377687e-02 7.912874221802e-02 7.002063095570e-02 5.248396098614e-02 4.855612292886e-02 4.032134264708e-02 3.421903029084e-02 3.180801123381e-02 3.690254688263e-02 4.110027849674e-02 4.684763774276e-02 6.235567852855e-02 8.990912884474e-02 3.850668296218e-02 4.737331345677e-02 5.981217324734e-02 6.462978571653e-02 4.437778145075e-02 3.017089515924e-02 3.450770303607e-02 4.339523613453e-02 4.621892794967e-02 4.465780407190e-02 4.568699002266e-02 3.853993862867e-02 2.302639186382e-02 2.602747827768e-02 5.352136865258e-02 8.511286973953e-02 5.077514052391e-02 2.308166585863e-02 3.457355126739e-02 2.122528478503e-02 2.281268127263e-02 1.887948252261e-02 1.547772064805e-02 1.387944538146e-02 1.117490604520e-02 1.117496192455e-02 1.726585440338e-02 2.643050625920e-02 2.462310902774e-02
4.474360495806e-02 6.469076126814e-02 8.838885277510e-02 8.690883964300e-02 7.063370198011e-02 7.063206285238e-02 4.780545085669e-02 4.212335869670e-02 5.679139494896e-02 5.679997429252e-02 4.084542393684e-02 5.187991261482e-02 6.644603610039e-02 9.403454512358e-02 4.478668794036e-02 5.388578772545e-02 6.692030280828e-02 7.396025955677e-02 5.111976340413e-02 3.995873034000e-02 4.001979902387e-02 4.357133060694e-02 5.199173092842e-02 5.597430095077e-02 6.734491139650e-02 5.182046070695e-02 2.993750572205e-02 3.219914063811e-02 7.028765231371e-02 1.099326014519e-01 5.204378440976e-02 2.684392966330e-02 3.982096537948e-02 2.342335134745e-02 2.545852959156e-02 2.229840308428e-02 1.982129923999e-02 1.576074399054e-02 1.296169403940e-02 1.590285263956e-02 2.188091538846e-02 2.925806865096e-02 2.519680000842e-02
5.155140534043e-02 5.855279788375e-02 7.903773337603e-02 8.585289120674e-02 7.655297964811e-02 9.455984085798e-02 5.010998621583e-02 5.758055299520e-02 8.119650185108e-02 8.363737165928e-02 5.559372529387e-02 5.426631867886e-02 6.806995719671e-02 9.489174187183e-02 4.703380912542e-02 6.007135659456e-02 6.863296777010e-02 7.705992460251e-02 5.517842248082e-02 5.244816839695e-02 4.299151152372e-02 5.429845675826e-02 6.567069888115e-02 6.471228599548e-02 8.944735676050e-02 6.393031775951e-02 3.374492749572e-02 3.836739808321e-02 8.203402161598e-02 1.192857548594e-01 4.907814040780e-02 2.988132461905e-02 4.223417490721e-02 2.370937913656e-02 2.597149461508e-02 2.842787839472e-02 2.400922030210e-02 1.809126511216e-02 1.553301047534e-02 1.966400817037e-02 2.612538821995e-02 3.047453798354e-02 2.413719706237e-02
5.068608745933e-02 7.019575685263e-02 6.233863532543e-02 7.255709916353e-02 7.057259231806e-02 1.201084256172e-01 4.823018237948e-02 7.107656449080e-02 1.037228703499e-01 1.114152148366e-01 7.848670333624e-02 5.656605958939e-02 6.998068839312e-02 9.536439180374e-02 4.872521385550e-02 6.578523665667e-02 6.944927573204e-02 7.962594181299e-02 6.109967455268e-02 6.451870501041e-02 5.081664770842e-02 6.866756826639e-02 8.343642205000e-02 8.116351813078e-02 1.112617701292e-01 7.392817735672e-02 4.042595252395e-02 4.113182425499e-02 8.690261095762e-02 1.153052896261e-01 5.298623815179e-02 3.560078516603e-02 4.369549453259e-02 2.808054350317e-02 3.216472640634e-02 3.339052572846e-02 2.669040299952e-02 1.887938939035e-02 1.974358968437e-02 2.143607847393e-02 3.049084357917e-02 3.090628236532e-02 2.309170179069e-02
4.394526407123e-02 7.450581341982e-02 5.592028051615e-02 5.750405788422e-02 6.135022267699e-02 1.455778181553e-01 5.443957820535e-02 8.086189627647e-02 1.236573234200e-01 1.389374136925e-01 1.024742275476e-01 5.963401496410e-02 7.256965339184e-02 9.576387703419e-02 5.403027683496e-02 7.053281366825e-02 6.928037852049e-02 8.189164847136e-02 6.257799267769e-02 7.489431649446e-02 6.160173937678e-02 8.318021148443e-02 9.939200431108e-02 9.512200206518e-02 1.307605206966e-01 7.970311492682e-02 4.447780549526e-02 4.808469116688e-02 8.318955451250e-02 9.353977441788e-02 5.265571549535e-02 4.115398228168e-02 4.411365091801e-02 3.138104081154e-02 3.765570372343e-02 3.711611032486e-02 2.798811532557e-02 1.973823457956e-02 2.224648185074e-02 2.397259697318e-02 3.484405204654e-02 3.144328296185e-02 2.214664407074e-02
4.006753489375e-02 7.132863253355e-02 5.610433965921e-02 4.493864253163e-02 5.685280263424e-02 1.690125316381e-01 6.020614132285e-02 8.550067245960e-02 1.374053061008e-01 1.599499881268e-01 1.242469102144e-01 6.565854698420e-02 7.485793530941e-02 9.576249122620e-02 5.467252433300e-02 7.515352219343e-02 6.810356676579e-02 8.346775919199e-02 6.028551608324e-02 7.922528684139e-02 7.050535082817e-02 9.353040903807e-02 1.102331355214e-01 1.028669849038e-01 1.450697630644e-01 8.026686310768e-02 4.294279962778e-02 5.386185646057e-02 7.128168642521e-02 6.503923982382e-02 4.930020496249e-02 4.664774984121e-02 4.380311816931e-02 3.342788666487e-02 4.201524332166e-02 3.929879888892e-02 2.785930782557e-02 2.322586998343e-02 2.192654274404e-02 3.258606046438e-02 3.981319814920e-02 3.224031254649e-02 2.067499980330e-02
4.620421677828e-02 6.809780001640e-02 5.419861152768e-02 5.059046670794e-02 6.401942670345e-02 1.913063228130e-01 6.874692440033e-02 8.271598815918e-02 1.388436704874e-01 1.688914746046e-01 1.413428336382e-01 8.588549494743e-02 7.781052589417e-02 9.629313647747e-02 5.445657297969e-02 7.948539406061e-02 6.609670072794e-02 8.450990915298e-02 6.212737783790e-02 7.503311336040e-02 7.583686709404e-02 9.839130192995e-02 1.128578186035e-01 1.028493642807e-01 1.533192247152e-01 7.730950415134e-02 4.922058060765e-02 6.416817754507e-02 5.412098020315e-02 5.183451995254e-02 5.533017590642e-02 5.216600000858e-02 4.258370399475e-02 4.318428784609e-02 4.478594660759e-02 3.957923874259e-02 2.633651345968e-02 2.386114746332e-02 2.735615335405e-02 4.385103657842e-02 4.358361288905e-02 3.068297542632e-02 1.729100383818e-02
5.193230509758e-02 6.830436736345e-02 5.378855019808e-02 5.477689206600e-02 7.091306895018e-02 2.120589911938e-01 7.769464701414e-02 7.268828898668e-02 1.267876923084e-01 1.644779294729e-01 1.514889299870e-01 1.047294512391e-01 8.092989027500e-02 1.103170737624e-01 6.132230162621e-02 8.378619700670e-02 6.609115749598e-02 8.523123711348e-02 6.339018791914e-02 6.631703674793e-02 7.919137179852e-02 9.639281779528e-02 1.070995479822e-01 1.035095155239e-01 1.523431092501e-01 6.836637109518e-02 5.871479585767e-02 7.520440965891e-02 5.279183760285e-02 6.386601179838e-02 6.980242580175e-02 5.749161168933e-02 4.952767491341e-02 5.374769866467e-02 5.491555854678e-02 3.774907812476e-02 2.577129378915e-02 2.297546342015e-02 4.350233823061e-02 5.303130671382e-02 4.211145266891e-02 2.433017082512e-02 2.054608054459e-02
5.573231354356e-02 6.959091871977e-02 5.327518284321e-02 5.366165563464e-02 7.750990241766e-02 2.287790924311e-01 8.552682399750e-02 5.963750556111e-02 1.079103052616e-01 1.500490605831e-01 1.525597274303e-01 1.196355521679e-01 8.377577364445e-02 1.190639734268e-01 7.711740583181e-02 8.855234831572e-02 8.755537867546e-02 8.650314062834e-02 6.404250860214e-02 7.935135066509e-02 7.752635329962e-02 8.925992250443e-02 9.445999562740e-02 1.155068203807e-01 1.414825469255e-01 5.478067696095e-02 6.841003149748e-02 8.620388060808e-02 6.066531687975e-02 7.407617568970e-02 8.225180953741e-02 6.751889735460e-02 5.509067326784e-02 5.703085660934e-02 5.956568941474e-02 3.408898413181e-02 2.400766126812e-02 4.131607711315e-02 5.840800702572e-02 5.350277200341e-02 3.251094371080e-02 2.126221731305e-02 2.013237215579e-02
5.649216845632e-02 7.202181220055e-02 5.286736786366e-02 5.770002678037e-02 8.346346765757e-02 2.422058880329e-01 9.270174056292e-02 5.945982411504e-02 8.627483993769e-02 1.265742480755e-01 1.413766741753e-01 1.273737847805e-01 1.023995131254e-01 1.185553967953e-01 9.765569865704e-02 9.321069717407e-02 1.237637251616e-01 9.264228492975e-02 6.384067237377e-02 1.052157357335e-01 8.598223328590e-02 7.854397594929e-02 1.156729981303e-01 1.230062544346e-01 1.231371462345e-01 5.494423583150e-02 7.658837735653e-02 9.385520219803e-02 6.333553045988e-02 8.003906905651e-02 9.319979697466e-02 7.870364934206e-02 5.100772902369e-02 4.955619946122e-02 5.632075667381e-02 2.928315661848e-02 3.758009895682e-02 6.110132485628e-02 6.257443130016e-02 4.150184988976e-02 2.085004001856e-02 1.914555020630e-02 1.937719620764e-02
5.487069487572e-02 7.473161071539e-02 6.878793239594e-02 6.520944833755e-02 8.883564174175e-02 2.507825493813e-01 9.723661839962e-02 6.172112002969e-02 7.189854234457e-02 9.806995093822e-02 1.206828355789e-01 1.252167522907e-01 1.140900924802e-01 1.238810494542e-01 1.184135749936e-01 9.743506461382e-02 1.657409071922e-01 1.222466975451e-01 6.429060548544e-02 1.279421746731e-01 9.593625366688e-02 1.023898869753e-01 1.523530036211e-01 1.247036606073e-01 9.971718490124e-02 5.697295814753e-02 8.007636666298e-02 9.594886004925e-02 6.063928455114e-02 7.953201234341e-02 9.888576716185e-02 8.750160038471e-02 5.147529020905e-02 3.956457599998e-02 5.221145227551e-02 3.185199946165e-02 6.037477403879e-02 7.041420042515e-02 5.005912855268e-02 2.537241764367e-02 2.244054526091e-02 2.486336976290e-02 2.634347043931e-02
5.545264855027e-02 7.742480188608e-02 8.684240281582e-02 5.982190743089e-02 9.391777962446e-02 2.577322721481e-01 9.930273890495e-02 6.370028108358e-02 7.204395532608e-02 9.258747845888e-02 9.273127466440e-02 1.111861094832e-01 1.168074011803e-01 1.379352957010e-01 1.274736821651e-01 1.077898144722e-01 2.069384604692e-01 1.493952125311e-01 7.014773041010e-02 1.457000225782e-01 1.007055193186e-01 1.242465302348e-01 1.796995699406e-01 1.163401380181e-01 7.354495674372e-02 6.787247210741e-02 7.702223956585e-02 9.078629314899e-02 5.558990687132e-02 7.280639559031e-02 9.571599960327e-02 8.976120501757e-02 5.451646819711e-02 3.416128829122e-02 4.997913166881e-02 5.570167675614e-02 7.620838284492e-02 6.038821488619e-02 3.082219138741e-02 2.426686324179e-02 2.349684759974e-02 3.199804574251e-02 3.133337572217e-02
4.952010512352e-02 8.016780763865e-02 9.414082765579e-02 6.669607758522e-02 9.913222491741e-02 2.656597495079e-01 1.006462052464e-01 6.623035669327e-02 6.582922488451e-02 8.927288651466e-02 7.327957451344e-02 8.760239183903e-02 1.259431093931e-01 1.478273570538e-01 1.182248666883e-01 1.334167122841e-01 2.397021502256e-01 1.712924838066e-01 8.246098458767e-02 1.579183936119e-01 1.011278480291e-01 1.351191550493e-01 1.882286518812e-01 9.683674573898e-02 6.425232440233e-02 8.633305877447e-02 8.919652551413e-02 8.080764859915e-02 5.519085377455e-02 6.108514592052e-02 8.470923453569e-02 8.494561165571e-02 5.444601550698e-02 3.388898819685e-02 5.049761757255e-02 7.795764505863e-02 7.240758836269e-02 3.897790610790e-02 2.747656963766e-02 2.335428260267e-02 2.539828419685e-02 3.619420528412e-02 3.334280475974e-02
6.746791303158e-02 8.338695764542e-02 9.423568099737e-02 1.087900474668e-01 1.045220941305e-01 2.704291641712e-01 1.002400442958e-01 7.912664860487e-02 5.631533637643e-02 8.172143250704e-02 6.850402802229e-02 9.634140133858e-02 1.326659917831e-01 1.577326506376e-01 1.274417191744e-01 1.585664749146e-01 2.666267156601e-01 1.840915530920e-01 9.003539383411e-02 1.682432442904e-01 1.113524287939e-01 1.317529082298e-01 1.809106618166e-01 8.015007525682e-02 6.829382479191e-02 1.034310460091e-01 1.132913306355e-01 7.054222375154e-02 5.622538179159e-02 5.140274018049e-02 7.027102261782e-02 7.619440555573e-02 5.156604945660e-02 3.812714293599e-02 7.419685274363e-02 8.371043950319e-02 5.045356228948e-02 2.644260413945e-02 2.826673723757e-02 2.183954231441e-02 2.907057479024e-02 3.844878077507e-02 4.169407114387e-02
8.907695114613e-02 8.724008500576e-02 9.279765933752e-02 1.336004436016e-01 1.085954979062e-01 2.718549370766e-01 9.732595086098e-02 9.068609774113e-02 5.957571789622e-02 8.373975008726e-02 7.095710188150e-02 1.032378375530e-01 1.389231532812e-01 1.673777103424e-01 1.230730265379e-01 1.792666316032e-01 2.717343270779e-01 1.744749695063e-01 1.068055406213e-01 1.768776476383e-01 1.116970777512e-01 1.204520538449e-01 1.564775407314e-01 7.625610381365e-02 7.469926029444e-02 1.190071031451e-01 1.220449134707e-01 6.355722248554e-02 6.117620319128e-02 5.366655811667e-02 7.413281500340e-02 6.409847736359e-02 4.589390009642e-02 6.671155244112e-02 8.994527161121e-02 6.467363983393e-02 3.626981005073e-02 2.374805882573e-02 2.849272079766e-02 2.492177486420e-02 3.765791654587e-02 4.907233268023e-02 4.887897148728e-02
1.048507317901e-01 1.136780977249e-01 1.073921248317e-01 1.234760731459e-01 1.156464666128e-01 2.696230411530e-01 1.056063845754e-01 9.967521578074e-02 6.253602355719e-02 8.498796075583e-02 7.845457643270e-02 1.068359166384e-01 1.463984102011e-01 1.768807917833e-01 1.131323128939e-01 1.924294978380e-01 2.561088800430e-01 1.548435240984e-01 1.175080388784e-01 1.833330541849e-01 9.980238229036e-02 9.616138041019e-02 1.215035468340e-01 7.059542834759e-02 8.779722452164e-02 1.191509589553e-01 1.126444414258e-01 6.730116903782e-02 7.041896134615e-02 5.960238724947e-02 8.042740821838e-02 5.598844215274e-02 5.706769973040e-02 9.005346894264e-02 7.930050045252e-02 5.562471970916e-02 3.101754374802e-02 2.588412910700e-02 3.201742097735e-02 3.605502098799e-02 5.256525427103e-02 5.394013598561e-02 4.493043944240e-02
1.373775750399e-01 1.364497691393e-01 1.473139822483e-01 1.136279255152e-01 1.370756924152e-01 2.611371874809e-01 1.202451959252e-01 1.085073724389e-01 8.469662815332e-02 8.513487875462e-02 9.149400889874e-02 1.383327394724e-01 1.525651216507e-01 1.874597370625e-01 1.223864480853e-01 1.934012472630e-01 2.277652174234e-01 1.482677459717e-01 1.211131736636e-01 1.881254017353e-01 8.921168744564e-02 7.898534834385e-02 9.149779379368e-02 7.575044780970e-02 9.547735750675e-02 1.066364347935e-01 8.334705978632e-02 7.431001216173e-02 8.210281282663e-02 6.797133386135e-02 8.313951641321e-02 5.284400656819e-02 8.513571321964e-02 8.952005952597e-02 7.983381301165e-02 5.033405870199e-02 3.599277883768e-02 3.168148547411e-02 3.832985833287e-02 5.230389907956e-02 5.846404284239e-02 4.709437116981e-02 3.495737537742e-02
1.524546593428e-01 1.509650945663e-01 1.821769028902e-01 1.696167290211e-01 1.158438697457e-01 2.464336007833e-01 1.118260547519e-01 1.254303306341e-01 1.170477718115e-01 9.706567227840e-02 9.939073771238e-02 1.667025983334e-01 1.754333376884e-01 1.991807520390e-01 1.366394162178e-01 1.820858567953e-01 2.254311740398e-01 1.808815449476e-01 1.178488954902e-01 1.887935698032e-01 8.977624773979e-02 8.520944416523e-02 9.289043396711e-02 8.423326164484e-02 8.950868993998e-02 8.385572582483e-02 7.737788558006e-02 8.658622205257e-02 8.995517343283e-02 7.051203399897e-02 8.243634551764e-02 7.996799796820e-02 9.490302205086e-02 8.921165764332e-02 8.507493883371e-02 6.189982220531e-02 4.413690045476e-02 4.088564217091e-02 4.963492229581e-02 5.862917751074e-02 4.844017699361e-02 3.973298892379e-02 3.578656166792e-02
