VariationalSeries/SI/f130_max.grd
DSAA
101	101
32.816463539100	34.260883539100
35.556306596100	36.727886596100
6.439015851356e-05	1.058285140991e+01
[rows 0 to 18 of 101, columns 0 to 42 of 101]
9.765420109034e-03 1.745443046093e-02 1.546604186296e-02 9.254301898181e-03 7.775353733450e-03 1.013270951807e-02 2.018698118627e-02 2.813818491995e-02 2.516296878457e-02 1.502322684973e-02 9.501622989774e-03 1.092147361487e-02 1.159472577274e-02 1.119478326291e-02 9.599405340850e-03 1.462520845234e-02 2.198051847517e-02 2.543980441988e-02 1.812234334648e-02 1.176999136806e-02 1.340931281447e-02 1.435236167163e-02 1.057951990515e-02 9.487098082900e-03 1.007988769561e-02 1.378155406564e-02 2.015422098339e-02 2.301801741123e-02 2.997706271708e-02 2.388804405928e-02 1.831945776939e-02 1.721444539726e-02 1.493856776506e-02 1.185300387442e-02 9.642139077187e-03 9.336007758975e-03 8.583656512201e-03 1.163478288800e-02 1.633373089135e-02 1.873776130378e-02 1.569470018148e-02 1.332262624055e-02 1.269186101854e-02
1.807512342930e-02 3.411056101322e-02 3.345542773604e-02 2.336360514164e-02 1.650539971888e-02 1.959311962128e-02 3.885290399194e-02 5.372364073992e-02 4.752592369914e-02 2.768801338971e-02 1.631601527333e-02 1.866071298718e-02 1.970850676298e-02 1.876335218549e-02 1.636752113700e-02 2.175265178084e-02 3.463181108236e-02 4.533160850406e-02 4.092621430755e-02 2.439331822097e-02 2.445933781564e-02 3.748226910830e-02 1.971338130534e-02 1.769674196839e-02 2.079172432423e-02 2.692968584597e-02 3.378818556666e-02 3.857290372252e-02 5.700742080808e-02 4.438217356801e-02 2.977807633579e-02 2.698529884219e-02 2.522082068026e-02 2.038418501616e-02 2.192414924502e-02 2.292033471167e-02 2.304351888597e-02 2.588134817779e-02 3.256082907319e-02 3.277168050408e-02 2.424671314657e-02 2.403002977371e-02 2.625678293407e-02
1.767843775451e-02 3.628944233060e-02 4.067777097225e-02 3.484191372991e-02 2.239356189966e-02 2.261895127594e-02 4.495937377214e-02 6.107774376869e-02 5.232814699411e-02 2.867035754025e-02 2.060662955046e-02 2.323388867080e-02 2.400677092373e-02 2.221350371838e-02 1.829213090241e-02 1.760856248438e-02 2.274342253804e-02 3.397681191564e-02 3.885154053569e-02 3.158198669553e-02 3.864202648401e-02 5.794468149543e-02 2.537039108574e-02 2.191698737442e-02 2.765268832445e-02 3.347621858120e-02 3.474888578057e-02 3.500427678227e-02 6.643985211849e-02 4.977160692215e-02 2.885368466377e-02 2.473926171660e-02 3.451502695680e-02 1.836662739515e-02 2.063571475446e-02 2.369673736393e-02 2.970694750547e-02 3.764326125383e-02 3.936545923352e-02 3.261501342058e-02 3.333728387952e-02 2.228992059827e-02 2.943137846887e-02
1.568889059126e-02 3.453285619617e-02 4.116855189204e-02 4.208521917462e-02 3.383222594857e-02 2.316056936979e-02 4.699468612671e-02 6.249442696571e-02 5.057042837143e-02 2.462227456272e-02 2.280670404434e-02 2.517824992537e-02 2.507169172168e-02 2.230744436383e-02 1.773920841515e-02 1.797803305089e-02 1.715424284339e-02 1.972861215472e-02 2.567708492279e-02 2.921534143388e-02 6.481762975454e-02 7.374495267868e-02 2.842447906733e-02 2.406616136432e-02 3.050280362368e-02 3.498025983572e-02 3.346202149987e-02 3.195537999272e-02 6.655435264111e-02 4.838875308633e-02 2.451164834201e-02 1.993083953857e-02 3.978423401713e-02 2.115121856332e-02 2.311707660556e-02 3.269913047552e-02 4.046168550849e-02 4.216614365578e-02 3.568972647190e-02 4.130830243230e-02 4.025377333164e-02 2.470776997507e-02 2.697983570397e-02
1.534422580153e-02 3.303455561399e-02 3.910985216498e-02 4.326390475035e-02 4.140843451023e-02 2.926958352327e-02 4.795661941171e-02 6.243541464210e-02 4.740607365966e-02 2.087818272412e-02 2.446122840047e-02 2.604097872972e-02 2.521944046021e-02 2.510504238307e-02 2.304897829890e-02 1.946329697967e-02 1.895371638238e-02 1.869444176555e-02 2.648336626589e-02 5.366298556328e-02 9.010431915522e-02 8.101838827133e-02 3.050165437162e-02 3.427467495203e-02 3.051733411849e-02 3.417672216892e-02 3.065655753016e-02 3.180743381381e-02 6.300055980682e-02 4.558377712965e-02 2.896620519459e-02 2.266006544232e-02 4.241852462292e-02 2.590525709093e-02 3.635724261403e-02 4.352281615138e-02 4.399828612804e-02 3.713794797659e-02 2.556592412293e-02 4.240126535296e-02 4.921285808086e-02 3.301899135113e-02 2.136668935418e-02
1.431944780052e-02 2.881175093353e-02 3.482418507338e-02 3.810605779290e-02 4.228662699461e-02 3.521175310016e-02 4.791847988963e-02 6.042693182826e-02 4.272415861487e-02 2.318633161485e-02 2.597679570317e-02 2.852343209088e-02 3.040374629200e-02 2.942516840994e-02 2.647309750319e-02 2.154733985662e-02 1.743115670979e-02 1.979870721698e-02 4.217062518001e-02 7.650900632143e-02 1.048375293612e-01 8.002610504627e-02 3.428113460541e-02 5.219555273652e-02 3.209410980344e-02 3.204544261098e-02 2.745963446796e-02 3.456290438771e-02 5.635622516274e-02 4.556408897042e-02 2.927520498633e-02 2.463347092271e-02 4.919543862343e-02 3.880724310875e-02 4.606008902192e-02 4.553348198533e-02 3.779006749392e-02 2.613012678921e-02 2.877417951822e-02 3.994861245155e-02 6.028198078275e-02 3.836294263601e-02 2.079589664936e-02
1.803985796869e-02 3.204304724932e-02 2.956793084741e-02 2.927411161363e-02 3.650116920471e-02 3.536732122302e-02 4.716486483812e-02 5.775392800570e-02 3.833986073732e-02 2.556839957833e-02 2.868899330497e-02 3.265094012022e-02 3.308669850230e-02 3.076937980950e-02 2.618950977921e-02 2.472988702357e-02 2.344906330109e-02 2.920656278729e-02 5.691984295845e-02 9.141641855240e-02 1.085665374994e-01 7.308758050203e-02 4.538635537028e-02 6.616199761629e-02 4.650521650910e-02 2.917322143912e-02 2.684483304620e-02 6.412702798843e-02 8.994748443365e-02 5.804743990302e-02 3.247291222215e-02 2.759435214102e-02 5.402680858970e-02 4.550391808152e-02 4.549905657768e-02 3.777794167399e-02 2.633140422404e-02 2.883735299110e-02 4.179850965738e-02 5.277328565717e-02 6.191543489695e-02 4.535152018070e-02 2.077535167336e-02
1.830448023975e-02 3.661584854126e-02 3.783545270562e-02 2.738510072231e-02 2.614662796259e-02 2.960272692144e-02 4.650957137346e-02 5.646687000990e-02 3.570791333914e-02 2.763717807829e-02 3.239177912474e-02 3.457669168711e-02 3.343592211604e-02 2.949859760702e-02 2.763787470758e-02 3.131292387843e-02 3.490524366498e-02 3.855569288135e-02 6.977722793818e-02 9.918684512377e-02 1.065619140863e-01 6.568776816130e-02 4.925163090229e-02 7.274843752384e-02 5.656553432345e-02 3.603760153055e-02 2.588726207614e-02 9.748160839081e-02 1.260750889778e-01 6.806651502848e-02 3.548946604133e-02 3.319820016623e-02 5.335938185453e-02 4.177784547210e-02 3.878269344568e-02 2.752040512860e-02 2.760394662619e-02 4.113718867302e-02 5.435599386692e-02 6.004553660750e-02 5.444851517677e-02 5.683870241046e-02 2.394275367260e-02
1.583094708622e-02 3.461482003331e-02 4.304680973291e-02 3.918434679508e-02 2.603115327656e-02 2.558539435267e-02 4.600542411208e-02 5.597786605358e-02 3.437075018883e-02 3.086040541530e-02 3.434182330966e-02 3.467680513859e-02 3.174397349358e-02 2.729364298284e-02 2.879593335092e-02 3.329333290458e-02 4.515993222594e-02 4.626801237464e-02 7.700404524803e-02 9.767877310514e-02 9.670032560825e-02 5.700606480241e-02 5.024627968669e-02 6.955380737782e-02 6.102439016104e-02 4.161891341209e-02 3.267472237349e-02 1.257757544518e-01 1.471751928329e-01 7.499645650387e-02 3.895206376910e-02 3.164976090193e-02 5.413557961583e-02 3.613041341305e-02 4.257945716381e-02 4.264311119914e-02 4.123972356319e-02 5.531793460250e-02 6.364072859287e-02 6.016458570957e-02 4.419807717204e-02 7.056164741516e-02 2.811503782868e-02
1.605067215860e-02 2.874550968409e-02 4.057864844799e-02 4.597163945436e-02 3.921413794160e-02 2.585277520120e-02 4.611940681934e-02 5.589087307453e-02 3.358504176140e-02 3.265111520886e-02 3.443324938416e-02 3.296689689159e-02 3.595456108451e-02 3.915296122432e-02 4.094478860497e-02 4.151371493936e-02 4.902202263474e-02 5.356992408633e-02 7.927086949348e-02 9.060087054968e-02 8.377736061811e-02 4.858371615410e-02 4.538660869002e-02 6.078207492828e-02 5.894045159221e-02 4.276973381639e-02 3.533193096519e-02 1.427405178547e-01 1.563300490379e-01 7.769954949617e-02 3.415447846055e-02 2.740387432277e-02 5.867262929678e-02 3.586314246058e-02 4.359654709697e-02 4.436435922980e-02 5.734281241894e-02 6.604254245758e-02 6.461959332228e-02 5.175837501884e-02 3.704843297601e-02 7.666774094105e-02 3.883146867156e-02
1.611674204469e-02 3.229431435466e-02 3.345301747322e-02 4.397227987647e-02 4.812844470143e-02 3.870563954115e-02 4.571348056197e-02 5.500447377563e-02 3.248385339975e-02 3.298031166196e-02 3.616843372583e-02 4.233636334538e-02 4.693716019392e-02 4.948305338621e-02 5.065718293190e-02 5.109341070056e-02 5.055048316717e-02 6.642605364323e-02 9.317191690207e-02 9.875556826591e-02 8.300088346004e-02 6.134244427085e-02 4.305822402239e-02 5.183380842209e-02 5.315768346190e-02 3.809144347906e-02 4.095152765512e-02 1.505973041058e-01 1.599536240101e-01 7.609485834837e-02 3.276927396655e-02 3.089322522283e-02 5.748375877738e-02 3.809261322021e-02 5.060264840722e-02 6.139088049531e-02 6.847954541445e-02 6.717418879271e-02 5.571894720197e-02 4.300301522017e-02 4.194632172585e-02 7.366827875376e-02 5.051721259952e-02
1.363789290190e-02 2.872949652374e-02 3.440507128835e-02 3.656173869967e-02 4.751456901431e-02 5.010152608156e-02 4.433416202664e-02 5.301026999950e-02 3.220335394144e-02 3.899203985929e-02 4.537118226290e-02 5.056174099445e-02 5.410958454013e-02 5.612948909402e-02 5.680271983147e-02 5.667674168944e-02 5.607067793608e-02 8.838183432817e-02 1.208650618792e-01 1.256294548512e-01 1.082398742437e-01 8.479031175375e-02 6.201723963022e-02 4.398358240724e-02 6.176451966166e-02 5.919769778848e-02 5.013622716069e-02 1.444991677999e-01 1.415037512779e-01 6.923340260983e-02 4.231674224138e-02 5.009383335710e-02 5.406324192882e-02 6.081251800060e-02 6.897364556789e-02 7.206928730011e-02 6.911616027355e-02 5.965025350451e-02 5.715984478593e-02 6.623084098101e-02 4.984524473548e-02 6.297775357962e-02 6.054921448231e-02
1.174267195165e-02 2.233879454434e-02 2.861353009939e-02 3.387361764908e-02 4.016046226025e-02 5.092185735703e-02 5.119175091386e-02 5.014849454165e-02 3.997947275639e-02 4.648377001286e-02 5.113130435348e-02 5.408097058535e-02 5.583481118083e-02 5.679480358958e-02 5.684422701597e-02 5.652611702681e-02 5.650468915701e-02 9.723717719316e-02 1.314235776663e-01 1.342062801123e-01 1.160092577338e-01 9.443577378988e-02 7.378803938627e-02 5.394153669477e-02 8.306506276131e-02 8.031800389290e-02 6.771907210350e-02 1.257955282927e-01 1.110046282411e-01 5.886811017990e-02 7.407046854496e-02 8.360382914543e-02 8.328262716532e-02 8.054912090302e-02 7.845077663660e-02 7.602193951607e-02 7.371380180120e-02 6.993356347084e-02 6.396461278200e-02 8.973117172718e-02 5.579305812716e-02 4.788691923022e-02 7.803156226873e-02
1.454827561975e-02 2.826421521604e-02 2.779858745635e-02 2.603114396334e-02 3.192023560405e-02 4.367524757981e-02 5.449190363288e-02 5.201291292906e-02 4.448106884956e-02 4.943318665028e-02 5.190140753984e-02 5.267982557416e-02 5.227284133434e-02 5.105639249086e-02 4.969540238380e-02 4.940822347999e-02 5.063332244754e-02 8.921559154987e-02 1.182020008564e-01 1.221892684698e-01 1.096907705069e-01 9.297082573175e-02 7.671985030174e-02 6.060052290559e-02 8.205503225327e-02 8.477891236544e-02 7.488145679235e-02 1.028998717666e-01 8.095459640026e-02 6.439647823572e-02 8.696023374796e-02 9.839545935392e-02 9.388106316328e-02 8.477700501680e-02 7.617530971766e-02 7.163879275322e-02 6.764762848616e-02 6.301978230476e-02 5.760052055120e-02 9.488708525896e-02 8.691322058439e-02 4.946435242891e-02 8.863227069378e-02
1.876715570688e-02 3.753872588277e-02 3.771590441465e-02 3.701290860772e-02 3.578786551952e-02 3.399737551808e-02 4.776329547167e-02 5.823770537972e-02 5.151660740376e-02 4.833492264152e-02 4.894693195820e-02 4.786450788379e-02 4.570112377405e-02 4.282566159964e-02 4.032100737095e-02 4.079048708081e-02 4.123819619417e-02 7.042999565601e-02 9.078560024500e-02 9.575413167477e-02 8.959297835827e-02 8.044463396072e-02 7.098212838173e-02 6.083384156227e-02 6.426744908094e-02 7.010760903358e-02 6.850565224886e-02 1.046221628785e-01 5.931828171015e-02 6.549962610006e-02 8.488529175520e-02 9.431781619787e-02 9.030661731958e-02 7.468353956938e-02 5.511142686009e-02 5.712332203984e-02 4.867737740278e-02 5.151225253940e-02 5.016490817070e-02 7.822033017874e-02 1.159497201443e-01 5.015140399337e-02 8.911402523518e-02
1.903968863189e-02 3.869137167931e-02 4.007891938090e-02 4.200591519475e-02 4.346734657884e-02 4.385852068663e-02 4.361859709024e-02 5.231308937073e-02 6.087595596910e-02 4.886921495199e-02 4.393256083131e-02 4.163327813148e-02 3.867881000042e-02 3.644066676497e-02 3.923301771283e-02 4.170593619347e-02 4.443434253335e-02 5.802611634135e-02 6.352305412292e-02 6.812892854214e-02 6.672391295433e-02 6.189838051796e-02 5.779153853655e-02 5.477936938405e-02 5.243266001344e-02 5.144891887903e-02 6.820646673441e-02 1.107208058238e-01 7.558219134808e-02 7.395770400763e-02 8.790000528097e-02 8.927451819181e-02 7.480965554714e-02 7.482066750526e-02 4.039897397161e-02 6.781029701233e-02 6.460466980934e-02 5.984515696764e-02 5.134331062436e-02 5.478111281991e-02 1.315732896328e-01 7.154398411512e-02 7.896815985441e-02
2.061810716987e-02 3.559251874685e-02 3.548621013761e-02 3.706461936235e-02 4.013291746378e-02 4.414862394333e-02 4.679475352168e-02 4.820354655385e-02 5.600125342607e-02 5.928309261799e-02 5.078567937016e-02 4.895167052746e-02 4.941721633077e-02 4.480055347085e-02 4.045582190156e-02 4.573673382401e-02 5.052433907986e-02 5.969279631972e-02 6.024937331676e-02 5.030843615532e-02 4.553012922406e-02 5.355782061815e-02 6.707146763802e-02 6.974070519209e-02 6.303372979164e-02 5.078462511301e-02 7.549091428518e-02 1.126537472010e-01 7.592304050922e-02 7.980126142502e-02 8.398731052876e-02 8.627094328403e-02 9.268914908171e-02 8.323364704847e-02 5.087165534496e-02 7.633013278246e-02 7.186108827591e-02 5.944589525461e-02 4.475338384509e-02 5.346063897014e-02 1.262053996325e-01 1.098635196686e-01 6.167472153902e-02
2.352665178478e-02 4.333777725697e-02 4.667196795344e-02 4.026455059648e-02 3.723811730742e-02 4.024532064795e-02 4.107233881950e-02 4.054786637425e-02 4.385080933571e-02 5.456450581551e-02 5.944376811385e-02 6.128524243832e-02 6.148601323366e-02 5.654500424862e-02 5.545742064714e-02 5.355498567224e-02 5.033078417182e-02 5.975899100304e-02 6.271409243345e-02 5.578086897731e-02 4.604161903262e-02 4.236238822341e-02 4.682183638215e-02 5.227674171329e-02 5.365867912769e-02 5.384807288647e-02 6.604814529419e-02 1.081473007798e-01 7.736708968878e-02 6.766716390848e-02 7.754557579756e-02 8.930648863316e-02 9.974669665098e-02 8.507160097361e-02 5.852910876274e-02 8.433916419744e-02 6.885723024607e-02 5.344228819013e-02 4.030769690871e-02 4.877168685198e-02 1.014795079827e-01 1.487545669079e-01 6.827862560749e-02
2.307988889515e-02 4.525971412659e-02 5.380525812507e-02 5.068688839674e-02 3.838049247861e-02 2.984876558185e-02 3.626877814531e-02 4.114662110806e-02 4.418009519577e-02 4.460185021162e-02 5.880540981889e-02 6.537111103535e-02 6.239610165358e-02 6.260731071234e-02 6.340660154819e-02 6.259214878082e-02 5.542877316475e-02 5.919767916203e-02 6.474076211452e-02 5.965090543032e-02 4.572533443570e-02 5.478979274631e-02 5.311726033688e-02 5.463603511453e-02 4.825127124786e-02 4.714160040021e-02 4.955509305000e-02 1.000712662935e-01 9.148588776588e-02 7.230678945780e-02 6.999249011278e-02 7.551046460867e-02 9.350251406431e-02 8.348608016968e-02 6.761792302132e-02 8.147097378969e-02 6.002942472696e-02 4.796215519309e-02 4.528996720910e-02 4.431199282408e-02 6.946393102407e-02 1.740076690912e-01 7.179234921932e-02
