VariationalSeries/SI/f130_max.grd
DSAA
101	101
32.816463539100	34.260883539100
35.556306596100	36.727886596100
6.439015851356e-05	1.058285140991e+01
[rows 57 to 75 of 101, columns 0 to 42 of 101]
3.568103304133e-03 5.861271172762e-03 6.363231223077e-03 6.369615904987e-03 6.745627615601e-03 8.248111233115e-03 9.232739917934e-03 1.012166589499e-02 1.095357537270e-02 1.119402982295e-02 1.076840050519e-02 1.508306246251e-02 2.584329247475e-02 1.412771176547e-02 1.028424408287e-02 1.550475973636e-02 1.388214807957e-02 1.556687708944e-02 1.881618984044e-02 1.960164308548e-02 2.019067853689e-02 1.508597284555e-02 1.049104053527e-02 9.224806912243e-03 1.000456232578e-02 1.385623961687e-02 2.214430645108e-02 2.747038379312e-02 2.148748375475e-02 1.253185700625e-02 9.811570867896e-03 7.723102811724e-03 8.092717267573e-03 9.717398323119e-03 1.149584352970e-02 1.475865207613e-02 1.700576767325e-02 1.834231801331e-02 3.031357936561e-02 3.971233963966e-02 3.404479101300e-02 3.018316254020e-02 3.399094939232e-02
4.509924445301e-03 7.382884155959e-03 8.434050716460e-03 8.559842593968e-03 8.466435596347e-03 8.235067129135e-03 8.221320807934e-03 8.609183132648e-03 8.967236615717e-03 1.458690594882e-02 4.733878374100e-02 5.482119694352e-02 2.048336528242e-02 1.063286047429e-02 1.067493297160e-02 9.936187416315e-03 1.074285805225e-02 1.069980207831e-02 1.220592297614e-02 1.546592917293e-02 1.875348947942e-02 2.003314904869e-02 1.400651689619e-02 8.810597471893e-03 1.014476828277e-02 1.547851040959e-02 2.337906882167e-02 2.504828199744e-02 2.536374703050e-02 1.612892933190e-02 9.736004285514e-03 8.837982080877e-03 8.465619757771e-03 1.012084633112e-02 1.195206027478e-02 1.237767003477e-02 1.273125223815e-02 1.326797250658e-02 1.338279526681e-02 1.444409601390e-02 1.741458289325e-02 2.380956150591e-02 2.741078287363e-02
6.031917408109e-03 9.917945601046e-03 1.147605478764e-02 1.633107289672e-02 2.098985388875e-02 2.665719389915e-02 3.509300947189e-02 5.119708552957e-02 9.395004808903e-02 1.326665431261e-01 8.823556452990e-02 2.245969325304e-02 1.516691502184e-02 1.326864585280e-02 9.647722356021e-03 1.014072634280e-02 1.071813888848e-02 1.054595224559e-02 1.005083043128e-02 1.073777675629e-02 1.809282042086e-02 2.050599083304e-02 1.454275939614e-02 8.361073210835e-03 6.556427571923e-03 1.011245884001e-02 1.434123981744e-02 1.480052713305e-02 1.546134799719e-02 1.257241889834e-02 8.769135922194e-03 9.232385084033e-03 8.740138262510e-03 9.809738025069e-03 1.184188108891e-02 1.227806042880e-02 1.170723326504e-02 1.074428018183e-02 9.902123361826e-03 1.108505018055e-02 1.413870230317e-02 1.812226697803e-02 2.396422438323e-02
5.894117522985e-03 1.056708861142e-02 1.847424916923e-02 2.644032798707e-02 3.350260481238e-02 4.439736157656e-02 6.463728845119e-02 9.656318277121e-02 9.706235677004e-02 4.489828646183e-02 1.082985289395e-02 1.262990944088e-02 1.373818237334e-02 1.220762543380e-02 1.095036882907e-02 1.149490009993e-02 1.151734218001e-02 1.104915421456e-02 8.592551574111e-03 8.398558944464e-03 1.303147524595e-02 1.454010792077e-02 1.079081837088e-02 6.751116365194e-03 5.187924951315e-03 5.605579819530e-03 7.517089135945e-03 9.299051016569e-03 1.091472618282e-02 9.429449215531e-03 8.626205846667e-03 8.069374598563e-03 8.614053949714e-03 9.542424231768e-03 1.145421806723e-02 1.174581609666e-02 1.063763536513e-02 9.114426560700e-03 8.341922424734e-03 9.274180047214e-03 1.367706712335e-02 1.722507737577e-02 2.193000167608e-02
3.570083063096e-03 6.224093958735e-03 7.610058877617e-03 8.011111989617e-03 8.025447838008e-03 7.989450357854e-03 7.918402552605e-03 7.747672963887e-03 7.598337717354e-03 7.429796271026e-03 6.970631889999e-03 7.342245429754e-03 8.043366484344e-03 1.029127556831e-02 1.157463435084e-02 1.208892930299e-02 1.163283269852e-02 1.031822897494e-02 7.618449162692e-03 6.065200548619e-03 7.296660915017e-03 7.571711204946e-03 5.973541643471e-03 4.428523592651e-03 3.900331212208e-03 4.269834607840e-03 5.482619162649e-03 6.593171507120e-03 7.840869948268e-03 8.441831916571e-03 7.989887148142e-03 7.139836438000e-03 8.282877504826e-03 1.002934481949e-02 1.197377126664e-02 1.159107498825e-02 9.633752517402e-03 7.642245385796e-03 8.456287905574e-03 9.470690973103e-03 1.412714086473e-02 1.754365116358e-02 2.066870033741e-02
1.676064566709e-03 3.124670824036e-03 4.053478594869e-03 4.477792885154e-03 4.642643500119e-03 4.777643363923e-03 4.906509537250e-03 5.001229234040e-03 5.149913020432e-03 5.299007985741e-03 5.192625336349e-03 4.881293512881e-03 4.977526608855e-03 6.608632393181e-03 7.775804959238e-03 8.185449056327e-03 7.446120493114e-03 6.623416207731e-03 5.592597182840e-03 4.741842858493e-03 3.890936961398e-03 3.630698192865e-03 2.996237948537e-03 3.320323070511e-03 3.916545771062e-03 4.119508899748e-03 4.547049757093e-03 5.479374900460e-03 6.637524813414e-03 7.262147497386e-03 7.155620027333e-03 6.757316645235e-03 8.275200612843e-03 1.111493818462e-02 1.291919499636e-02 1.166672352701e-02 8.754137903452e-03 7.526099681854e-03 8.669241331518e-03 1.020875386894e-02 1.371163316071e-02 1.545053441077e-02 1.782067492604e-02
1.154312747531e-03 1.944257761352e-03 2.414708957076e-03 2.747597871348e-03 2.956384792924e-03 3.138597821817e-03 3.313258290291e-03 3.459244733676e-03 3.634153166786e-03 3.813355462626e-03 3.837286960334e-03 3.713865298778e-03 3.572324058041e-03 3.445616224781e-03 3.475111676380e-03 3.941032104194e-03 4.155930131674e-03 4.099590703845e-03 3.761869156733e-03 3.594717709348e-03 3.098893910646e-03 2.907420741394e-03 2.556454855949e-03 3.381768241525e-03 4.168689250946e-03 4.567014984787e-03 4.542015958577e-03 4.497235175222e-03 5.482777487487e-03 6.098408252001e-03 6.246444769204e-03 6.209537852556e-03 8.405789732933e-03 1.176560670137e-02 1.298459991813e-02 1.083978265524e-02 7.663436699659e-03 7.567932363600e-03 9.067035280168e-03 1.018453482538e-02 1.182053890079e-02 1.360124163330e-02 1.396650262177e-02
9.336609509774e-04 1.590416650288e-03 2.005058573559e-03 2.205374184996e-03 2.348271431401e-03 2.469405299053e-03 2.558310981840e-03 2.575196558610e-03 2.661804202944e-03 2.764608012512e-03 2.786532277241e-03 2.739961957559e-03 2.693424466997e-03 2.631984883919e-03 2.732603810728e-03 3.139620181173e-03 3.336976980790e-03 3.292507026345e-03 3.044842975214e-03 2.841796260327e-03 3.010167274624e-03 2.922598971054e-03 2.540436340496e-03 3.376468317583e-03 4.259887617081e-03 4.800522234291e-03 4.865031223744e-03 4.712566733360e-03 4.827553872019e-03 5.291170906276e-03 5.511125084013e-03 5.802783649415e-03 8.364953100681e-03 1.151470560580e-02 1.185757108033e-02 9.326583705842e-03 7.107414770871e-03 7.792494259775e-03 9.498148225248e-03 1.003473717719e-02 1.047970633954e-02 1.133253332227e-02 1.040358562022e-02
8.981226710603e-04 1.438837498426e-03 1.825656741858e-03 2.004445763305e-03 2.081487327814e-03 2.147491322830e-03 2.170848427340e-03 2.134305890650e-03 2.144179306924e-03 2.171233994886e-03 2.185994992033e-03 2.269136719406e-03 2.334780525416e-03 2.388001885265e-03 2.451267326251e-03 2.549959812313e-03 2.726271515712e-03 2.760907635093e-03 2.787311095744e-03 2.677691867575e-03 2.765094861388e-03 2.889802213758e-03 2.565788105130e-03 3.199459053576e-03 4.042344167829e-03 4.603762645274e-03 4.702691920102e-03 4.603304434568e-03 4.855794366449e-03 4.996655974537e-03 5.091158673167e-03 5.428385920823e-03 7.849475368857e-03 1.034035533667e-02 1.004543062299e-02 8.014872670174e-03 6.939089391381e-03 8.356893435121e-03 9.618598967791e-03 9.387997910380e-03 9.119032882154e-03 9.194168262184e-03 8.452219888568e-03
8.414498879574e-04 1.335831242613e-03 1.676442916505e-03 1.827689353377e-03 1.892341300845e-03 1.939878799021e-03 1.944917486981e-03 1.902397722006e-03 1.899664057419e-03 2.042928477749e-03 2.166266087443e-03 2.277391031384e-03 2.375631825998e-03 2.458124654368e-03 2.532896352932e-03 2.605302724987e-03 2.658796031028e-03 2.667108550668e-03 2.614067634568e-03 2.545882947743e-03 2.551862038672e-03 2.788774902001e-03 2.636441262439e-03 2.903640503064e-03 3.617957001552e-03 4.114715848118e-03 4.762499127537e-03 5.198437254876e-03 5.217510275543e-03 5.048413295299e-03 4.936041310430e-03 5.056904163212e-03 6.901580374688e-03 8.617334999144e-03 8.253396488726e-03 7.148515433073e-03 7.497159298509e-03 8.506706915796e-03 9.098907001317e-03 8.253534324467e-03 7.643108256161e-03 7.263206411153e-03 7.232402916998e-03
7.761766319163e-04 1.230124849826e-03 1.541239093058e-03 1.685463474132e-03 1.746276626363e-03 1.772285555489e-03 1.759011764079e-03 1.748960465193e-03 1.780929625966e-03 1.933685736731e-03 2.071250462905e-03 2.200130373240e-03 2.318467246369e-03 2.417572773993e-03 2.494342392311e-03 2.544169314206e-03 2.550445962697e-03 2.761250361800e-03 2.819634275511e-03 2.616877900437e-03 2.386837499216e-03 2.559292130172e-03 2.612005686387e-03 2.610620344058e-03 3.184430999681e-03 3.596303053200e-03 4.344811197370e-03 5.048615392298e-03 5.214650183916e-03 5.043262615800e-03 4.838338587433e-03 4.779785871506e-03 5.511211231351e-03 6.687781307846e-03 6.564583163708e-03 6.066016387194e-03 6.485526915640e-03 7.210455369204e-03 7.458960171789e-03 6.490439642221e-03 5.993686616421e-03 5.555071402341e-03 5.453770514578e-03
7.211493211798e-04 1.144799636677e-03 1.440108520910e-03 1.583612640388e-03 1.636047032662e-03 1.639121677727e-03 1.612777938135e-03 1.616962254047e-03 1.681864960119e-03 1.747075584717e-03 1.883222023025e-03 2.016904531047e-03 2.140630269423e-03 2.244807081297e-03 2.320157596841e-03 2.418768592179e-03 2.656249795109e-03 2.989998320118e-03 3.137792693451e-03 3.053063759580e-03 2.794770756736e-03 2.486409619451e-03 2.554704900831e-03 2.587735420093e-03 2.837503561750e-03 3.168195253238e-03 3.265113336965e-03 3.930078353733e-03 4.447134677321e-03 4.604380577803e-03 4.548590630293e-03 4.611689597368e-03 4.754243418574e-03 4.914061166346e-03 4.872804041952e-03 4.711714573205e-03 4.983518738300e-03 5.796393379569e-03 6.168138235807e-03 5.069563630968e-03 4.527532961220e-03 4.042787477374e-03 4.453870467842e-03
6.813203799538e-04 1.084735617042e-03 1.369822537526e-03 1.505789114162e-03 1.541919889860e-03 1.529383705929e-03 1.502832747065e-03 1.494726864621e-03 1.546226558276e-03 1.612621010281e-03 1.636944245547e-03 1.766698318534e-03 1.885983627290e-03 1.988237490878e-03 2.078741090372e-03 2.311313524842e-03 2.701810328290e-03 3.082796465605e-03 3.341350937262e-03 3.419551998377e-03 3.326323349029e-03 3.128453856334e-03 2.889874624088e-03 2.670216606930e-03 2.569820499048e-03 2.836999250576e-03 2.894622040913e-03 2.773169893771e-03 3.385777818039e-03 3.884792327881e-03 4.214583896101e-03 4.458360839635e-03 4.607242997736e-03 4.460697993636e-03 4.002658650279e-03 3.917108755559e-03 4.402857739478e-03 5.498542916030e-03 6.371831521392e-03 5.722281523049e-03 4.211943130940e-03 3.766811685637e-03 4.281226079911e-03
6.668498390354e-04 1.059999922290e-03 1.333562191576e-03 1.453566364944e-03 1.472378848121e-03 1.451379968785e-03 1.439057872631e-03 1.458628685214e-03 1.452206051908e-03 1.466598594561e-03 1.499577192590e-03 1.657385029830e-03 1.823131227866e-03 1.995098777115e-03 2.147279446945e-03 2.363307634369e-03 2.747624181211e-03 3.137114923447e-03 3.487825160846e-03 3.705360926688e-03 3.743057604879e-03 3.650834085420e-03 3.493455238640e-03 3.332846099511e-03 3.238699166104e-03 3.178143175319e-03 3.061916446313e-03 2.887747017667e-03 3.352171042934e-03 3.760118037462e-03 4.065059591085e-03 4.343340639025e-03 4.490787163377e-03 4.195312503725e-03 3.993496764451e-03 4.088742192835e-03 4.435751587152e-03 5.312822293490e-03 6.136710755527e-03 5.564754828811e-03 4.298639018089e-03 3.751493990421e-03 4.267893265933e-03
6.780056282878e-04 1.072148559615e-03 1.336794113740e-03 1.441838103347e-03 1.447865390219e-03 1.418389263563e-03 1.416745944880e-03 1.422825385816e-03 1.454233424738e-03 1.462226384319e-03 1.552791800350e-03 1.708997529931e-03 1.861752360128e-03 2.007245551795e-03 2.124942140654e-03 2.433111658320e-03 2.868468174711e-03 3.280321834609e-03 3.678562585264e-03 3.967618104070e-03 4.062250256538e-03 4.002265632153e-03 3.854282665998e-03 3.670071717352e-03 3.518494078889e-03 3.368231933564e-03 3.116491250694e-03 2.861871151254e-03 3.284138161689e-03 3.639578586444e-03 3.944870084524e-03 4.239154513925e-03 4.336969461292e-03 3.986194729805e-03 4.049348644912e-03 4.168502520770e-03 4.535145126283e-03 5.150330252945e-03 5.544719751924e-03 4.874421749264e-03 3.993541933596e-03 3.483140841126e-03 3.960979171097e-03
6.955126882531e-04 1.096461317502e-03 1.356998458505e-03 1.453192671761e-03 1.451695454307e-03 1.439963467419e-03 1.501177903265e-03 1.543944817968e-03 1.568358275108e-03 1.572348759510e-03 1.558739342727e-03 1.642506918870e-03 1.814964227378e-03 2.030831063166e-03 2.100703539327e-03 2.384044229984e-03 2.935318509117e-03 3.410995937884e-03 3.788111265749e-03 4.025644622743e-03 4.078648984432e-03 3.969274461269e-03 3.764248220250e-03 3.523679450154e-03 3.297954332083e-03 3.070623148233e-03 2.749429782853e-03 2.859022002667e-03 3.221917897463e-03 3.542304039001e-03 3.834007307887e-03 4.077248275280e-03 4.078757017851e-03 3.761993255466e-03 4.111617337912e-03 5.133140366524e-03 4.856512881815e-03 5.118096247315e-03 4.928574431688e-03 4.165046382695e-03 3.614244284108e-03 3.168300492689e-03 3.594289300963e-03
6.858360138722e-04 1.077684690244e-03 1.325908699073e-03 1.414696336724e-03 1.412571989931e-03 1.445609843358e-03 1.485174056143e-03 1.504595973529e-03 1.509797642939e-03 1.501030055806e-03 1.502552418970e-03 1.686658011749e-03 1.963055226952e-03 2.198708010837e-03 2.269236836582e-03 2.220106078312e-03 2.806413453072e-03 3.292722394690e-03 3.566846949980e-03 3.663368988782e-03 3.612327622250e-03 3.416606923565e-03 3.155976766720e-03 2.929895650595e-03 2.746564568952e-03 2.549355151132e-03 2.558786887676e-03 2.835927763954e-03 3.156809136271e-03 3.444872796535e-03 3.696052124724e-03 3.835218260065e-03 3.728396026418e-03 3.607791848481e-03 4.288894124329e-03 4.586279857904e-03 4.687034524977e-03 5.140844732523e-03 4.983702674508e-03 4.085864871740e-03 3.512819996104e-03 3.228707239032e-03 3.489704569802e-03
6.281762034632e-04 9.807636961341e-04 1.199484453537e-03 1.276609255001e-03 1.350046833977e-03 1.408906653523e-03 1.383690745570e-03 1.325234188698e-03 1.309943385422e-03 1.401443267241e-03 1.530617824756e-03 1.769936061464e-03 2.092572161928e-03 2.336725592613e-03 2.405032981187e-03 2.365027321503e-03 2.569160657004e-03 2.982645295560e-03 3.137139137834e-03 3.102645976469e-03 2.948328386992e-03 2.675406169146e-03 2.569364616647e-03 3.042435739189e-03 3.085490316153e-03 2.957976190373e-03 2.897752681747e-03 2.908620052040e-03 3.069661092013e-03 3.320314455777e-03 3.495255019516e-03 3.500710474327e-03 3.287538653240e-03 3.332277759910e-03 3.908890765160e-03 5.568135529757e-03 4.775290377438e-03 6.694308947772e-03 5.940538831055e-03 4.990632645786e-03 4.230365622789e-03 3.482500324026e-03 3.930355422199e-03
6.480301963165e-04 9.552759584039e-04 1.172381220385e-03 1.354689244181e-03 1.492763054557e-03 1.525492756628e-03 1.481298590079e-03 1.397891435772e-03 1.300658914261e-03 1.414709491655e-03 1.568284234963e-03 1.858451520093e-03 2.215421525761e-03 2.464082092047e-03 2.531327772886e-03 2.491835737601e-03 2.358567900956e-03 2.716273535043e-03 2.820463152602e-03 2.977319061756e-03 4.043449182063e-03 3.706478048116e-03 2.790029393509e-03 3.173823468387e-03 3.081359667704e-03 2.838654210791e-03 2.695756033063e-03 2.707439009100e-03 2.964791841805e-03 3.158092265949e-03 3.225249703974e-03 3.099020570517e-03 2.817438915372e-03 2.993882400915e-03 3.318567294627e-03 4.950528498739e-03 6.204582750797e-03 9.722310118377e-03 8.992409333587e-03 5.912801250815e-03 4.502353724092e-03 4.148281179368e-03 5.112199578434e-03
