VariationalSeries/SI/f130_max.grd
DSAA
101	101
32.816463539100	34.260883539100
35.556306596100	36.727886596100
6.439015851356e-05	1.058285140991e+01
[rows 0 to 18 of 101, columns 43 to 85 of 101]
1.536704413593e-02 2.622557245195e-02 3.021454624832e-02 2.394467778504e-02 1.668621599674e-02 1.681958511472e-02 1.446825824678e-02 1.322685182095e-02 8.702624589205e-03 1.259586028755e-02 1.671376079321e-02 1.980195939541e-02 2.364777028561e-02 3.376637771726e-02 1.516654994339e-02 1.870622299612e-02 2.374931611121e-02 2.590044587851e-02 1.749926060438e-02 1.174116227776e-02 1.326032355428e-02 1.706621982157e-02 1.751735247672e-02 1.916497014463e-02 1.942763105035e-02 1.387891639024e-02 9.306672960520e-03 9.394215419888e-03 1.776120066643e-02 2.664409577847e-02 2.139762789011e-02 1.049189735204e-02 1.325025409460e-02 8.646881207824e-03 8.840214461088e-03 7.594954222441e-03 6.496392190456e-03 5.915495567024e-03 4.352612420917e-03 4.391219932586e-03 5.852343048900e-03 9.782062843442e-03 9.719461202621e-03
2.663583494723e-02 4.749786481261e-02 5.931876972318e-02 5.249241366982e-02 3.934679180384e-02 3.641359508038e-02 3.023420460522e-02 2.565508894622e-02 2.384785749018e-02 2.766554243863e-02 3.081231564283e-02 3.513371944427e-02 4.676740244031e-02 6.742961704731e-02 2.888292260468e-02 3.553565964103e-02 4.486583545804e-02 4.847162961960e-02 3.328365832567e-02 2.264014258981e-02 2.588266506791e-02 3.254795446992e-02 3.467017412186e-02 3.348898142576e-02 3.426088392735e-02 2.890027314425e-02 1.726601645350e-02 1.951595582068e-02 4.014270380139e-02 6.383372843266e-02 3.807501867414e-02 1.730824820697e-02 2.592447400093e-02 1.591881923378e-02 1.710551604629e-02 1.415756717324e-02 1.160667836666e-02 1.040755119175e-02 8.381254971027e-03 8.381459861994e-03 1.294562779367e-02 1.981702819467e-02 1.846200227737e-02
3.354361280799e-02 4.849453270435e-02 6.626062840223e-02 6.515286117792e-02 5.295330286026e-02 5.296850204468e-02 3.584600612521e-02 3.158073872328e-02 4.257679730654e-02 4.258387535810e-02 3.062167577446e-02 3.890826180577e-02 4.983619228005e-02 7.052489370108e-02 3.357673063874e-02 4.042157530785e-02 5.019849538803e-02 5.547036603093e-02 3.834095969796e-02 2.996058762074e-02 3.001724928617e-02 3.268035873771e-02 3.900099545717e-02 4.197499901056e-02 5.050330609083e-02 3.885992243886e-02 2.244839258492e-02 2.414604090154e-02 5.271838977933e-02 8.244882524014e-02 3.902692720294e-02 2.013340964913e-02 2.985939942300e-02 1.756760664284e-02 1.908957585692e-02 1.671944372356e-02 1.486187428236e-02 1.181708741933e-02 9.718238376081e-03 1.192746963352e-02 1.640602014959e-02 2.193727530539e-02 1.889235898852e-02
3.864740952849e-02 4.389700666070e-02 5.925090238452e-02 6.436149030924e-02 5.739102512598e-02 7.091203331947e-02 3.757398948073e-02 4.316832125187e-02 6.087217107415e-02 6.270268559456e-02 4.167872667313e-02 4.069852456450e-02 5.105497315526e-02 7.116892188787e-02 3.526172786951e-02 4.504771530628e-02 5.148393660784e-02 5.779599025846e-02 4.137085378170e-02 3.932566195726e-02 3.224638476968e-02 4.071389883757e-02 4.924070835114e-02 4.852143675089e-02 6.707926839590e-02 4.794182255864e-02 2.530344389379e-02 2.877181209624e-02 6.152893602848e-02 8.946370333433e-02 3.680697083473e-02 2.240664698184e-02 3.166909888387e-02 1.777802407742e-02 1.947407238185e-02 2.131561376154e-02 1.800217106938e-02 1.356463413686e-02 1.165024936199e-02 1.474840473384e-02 1.958858780563e-02 2.284957468510e-02 1.809808053076e-02
3.799894452095e-02 5.262588709593e-02 4.673274233937e-02 5.439448356628e-02 5.290803685784e-02 9.007106721401e-02 3.616442531347e-02 5.328577011824e-02 7.775930315256e-02 8.352666348219e-02 5.884061753750e-02 4.242176935077e-02 5.248891189694e-02 7.152456790209e-02 3.652877360582e-02 4.933321475983e-02 5.209690332413e-02 5.972138419747e-02 4.581069946289e-02 4.837659746408e-02 3.810416534543e-02 5.148926377296e-02 6.256244331598e-02 6.085700169206e-02 8.343956619501e-02 5.543998256326e-02 3.031653724611e-02 3.084510378540e-02 6.518103182316e-02 8.647827059031e-02 3.973739594221e-02 2.669548615813e-02 3.276505321264e-02 2.105578593910e-02 2.411813288927e-02 2.503689378500e-02 2.001271396875e-02 1.415570732206e-02 1.480828691274e-02 1.607750728726e-02 2.286194078624e-02 2.317353524268e-02 1.731436140835e-02
3.294573351741e-02 5.585756897926e-02 4.192432016134e-02 4.311000928283e-02 4.599461331964e-02 1.091708242893e-01 4.081316664815e-02 6.062158942223e-02 9.270356595516e-02 1.041593179107e-01 7.682345062494e-02 4.472301900387e-02 5.443160235882e-02 7.182530313730e-02 4.050614312291e-02 5.289423838258e-02 5.197081342340e-02 6.142157688737e-02 4.691949859262e-02 5.615694075823e-02 4.619277268648e-02 6.237251311541e-02 7.452704012394e-02 7.132357358932e-02 9.806386381388e-02 5.977145954967e-02 3.335534036160e-02 3.606790304184e-02 6.239662691951e-02 7.015433907509e-02 3.948893770576e-02 3.085972182453e-02 3.307883068919e-02 2.353076077998e-02 2.823563292623e-02 2.783059142530e-02 2.098589576781e-02 1.480448152870e-02 1.668553240597e-02 1.797484979033e-02 2.612620405853e-02 2.357643283904e-02 1.660593412817e-02
3.003944456577e-02 5.347613990307e-02 4.206267744303e-02 3.369040042162e-02 4.263319820166e-02 1.267449855804e-01 4.515235498548e-02 6.409942358732e-02 1.030103638768e-01 1.199125051498e-01 9.314674884081e-02 4.922408610582e-02 5.614891648293e-02 7.182546705008e-02 4.098788648844e-02 5.636027827859e-02 5.108862370253e-02 6.260454654694e-02 4.521877318621e-02 5.940523743629e-02 5.287078395486e-02 7.013469189405e-02 8.265673369169e-02 7.713124155998e-02 1.087969467044e-01 6.019509956241e-02 3.220448642969e-02 4.040146991611e-02 5.346567183733e-02 4.877907037735e-02 3.697187080979e-02 3.497947007418e-02 3.284620493650e-02 2.506614848971e-02 3.150477260351e-02 2.946739643812e-02 2.088944427669e-02 1.742032915354e-02 1.644561067224e-02 2.443344891071e-02 2.985236234963e-02 2.417429350317e-02 1.550264935941e-02
3.463966399431e-02 5.105448886752e-02 4.063428565860e-02 3.792932629585e-02 4.800699651241e-02 1.434636265039e-01 5.155817791820e-02 6.201213225722e-02 1.040894314647e-01 1.266168504953e-01 1.059645861387e-01 6.438931822777e-02 5.836454406381e-02 7.222464680672e-02 4.081461578608e-02 5.960986018181e-02 4.958368092775e-02 6.338706612587e-02 4.660112038255e-02 5.626286193728e-02 5.687006190419e-02 7.378070801497e-02 8.462550491095e-02 7.711834460497e-02 1.149857789278e-01 5.797808989882e-02 3.691870346665e-02 4.812825098634e-02 4.059455543756e-02 3.895202651620e-02 4.157621040940e-02 3.911766782403e-02 3.193207085133e-02 3.236780688167e-02 3.358258306980e-02 2.967786975205e-02 1.974775828421e-02 1.789684407413e-02 2.051240578294e-02 3.288026526570e-02 3.267972916365e-02 2.300681918859e-02 1.296654436737e-02
3.893353417516e-02 5.120980367064e-02 4.032711312175e-02 4.106779024005e-02 5.317591875792e-02 1.590264886618e-01 5.826935544610e-02 5.449511483312e-02 9.505258500576e-02 1.233097314835e-01 1.135725602508e-01 7.851813733578e-02 6.070528179407e-02 8.270619064569e-02 4.597539082170e-02 6.283631920815e-02 4.956681281328e-02 6.392898410559e-02 4.754913225770e-02 4.972854256630e-02 5.938670411706e-02 7.228308171034e-02 8.030836284161e-02 7.763535529375e-02 1.142558902502e-01 5.127195641398e-02 4.404025152326e-02 5.640609189868e-02 3.967361152172e-02 4.799209535122e-02 5.244974046946e-02 4.311147332191e-02 3.712173178792e-02 4.028511047363e-02 4.116100072861e-02 2.830575965345e-02 1.932978816330e-02 1.722803525627e-02 3.261928260326e-02 3.976400941610e-02 3.157617524266e-02 1.824360154569e-02 1.540748216212e-02
4.178202524781e-02 5.217480659485e-02 3.994253277779e-02 4.023163020611e-02 5.812207609415e-02 1.715649962425e-01 6.414393335581e-02 4.471194744110e-02 8.090198040009e-02 1.124945282936e-01 1.143770739436e-01 8.969500660896e-02 6.284087896347e-02 8.926437795162e-02 5.781828612089e-02 6.641193479300e-02 6.565116345882e-02 6.488387286663e-02 4.803929105401e-02 5.950278416276e-02 5.813875794411e-02 6.693486124277e-02 7.083104550838e-02 8.663550019264e-02 1.061126887798e-01 4.108396172523e-02 5.131268128753e-02 6.465652585030e-02 4.558851569891e-02 5.566218867898e-02 6.180235370994e-02 5.073123052716e-02 4.129105806351e-02 4.274591431022e-02 4.464652389288e-02 2.556148916483e-02 1.800705678761e-02 3.098050877452e-02 4.379607364535e-02 4.011783003807e-02 2.437784709036e-02 1.594462059438e-02 1.509723532945e-02
4.235139861703e-02 5.399779602885e-02 3.963711112738e-02 4.326211661100e-02 6.258579343557e-02 1.816336065531e-01 6.952550262213e-02 4.458025470376e-02 6.468353420496e-02 9.489749372005e-02 1.059947088361e-01 9.549802541733e-02 7.677625864744e-02 8.888362348080e-02 7.321742177010e-02 6.990686804056e-02 9.280106425285e-02 6.946365535259e-02 4.788881540298e-02 7.889795303345e-02 6.447515636683e-02 5.890632793307e-02 8.672394603491e-02 9.226226806641e-02 9.235531091690e-02 4.120886325836e-02 5.744745582342e-02 7.039583474398e-02 4.759304225445e-02 6.014026328921e-02 7.002586126328e-02 5.913317948580e-02 3.823104873300e-02 3.714383766055e-02 4.221474006772e-02 2.195806615055e-02 2.817965485156e-02 4.581627249718e-02 4.692044109106e-02 3.111964277923e-02 1.563565246761e-02 1.436963677406e-02 1.452149543911e-02
4.113564640284e-02 5.602993443608e-02 5.157630145550e-02 4.889297485352e-02 6.661350280046e-02 1.880650669336e-01 7.292711734772e-02 4.627618566155e-02 5.390328913927e-02 7.352940738201e-02 9.048143029213e-02 9.388177841902e-02 8.554248511791e-02 9.289323538542e-02 8.878105878830e-02 7.307645678520e-02 1.242770105600e-01 9.166138619184e-02 4.820689931512e-02 9.594061970711e-02 7.194007188082e-02 7.676962763071e-02 1.142244711518e-01 9.353712201118e-02 7.479125261307e-02 4.273068904877e-02 6.006405875087e-02 7.196661084890e-02 4.556600004435e-02 5.975743010640e-02 7.429526001215e-02 6.574081629515e-02 3.867376968265e-02 2.965531311929e-02 3.913518041372e-02 2.388492040336e-02 4.527225345373e-02 5.279964953661e-02 3.753652423620e-02 1.902561634779e-02 1.684247143567e-02 1.863281056285e-02 1.974216848612e-02
4.157209023833e-02 5.804972350597e-02 6.511394679546e-02 4.485419392586e-02 7.042368501425e-02 1.932767778635e-01 7.447709888220e-02 4.776062443852e-02 5.401252210140e-02 6.941479444504e-02 6.952615082264e-02 8.336282521486e-02 8.758059144020e-02 1.034334972501e-01 9.557420760393e-02 8.082795888186e-02 1.551689058542e-01 1.120177432895e-01 5.257296934724e-02 1.092581525445e-01 7.551744580269e-02 9.315785765648e-02 1.347276866436e-01 8.726521581411e-02 5.516207590699e-02 5.089687556028e-02 5.777352303267e-02 6.809481233358e-02 4.166259989142e-02 5.470238998532e-02 7.191111147404e-02 6.743606179953e-02 4.095719382167e-02 2.561734803021e-02 3.746247664094e-02 4.176893457770e-02 5.714528262615e-02 4.528224468231e-02 2.311233989894e-02 1.821324601769e-02 1.763571985066e-02 2.397973649204e-02 2.348181232810e-02
3.712499514222e-02 6.010696664453e-02 7.058710604906e-02 4.998854175210e-02 7.433294504881e-02 1.992213726044e-01 7.548500597477e-02 4.966431111097e-02 4.935353621840e-02 6.693029403687e-02 5.494009703398e-02 6.568118184805e-02 9.446366876364e-02 1.108531653881e-01 8.864004164934e-02 1.000458225608e-01 1.797371208668e-01 1.284365803003e-01 6.180142238736e-02 1.184223070741e-01 7.585514336824e-02 1.013108640909e-01 1.411231458187e-01 7.263694703579e-02 4.818325489759e-02 6.474263966084e-02 6.688946485519e-02 6.061058863997e-02 4.138905555010e-02 4.589349403977e-02 6.363902240992e-02 6.381575018167e-02 4.090275242925e-02 2.540234103799e-02 3.785149008036e-02 5.845803767443e-02 5.429570004344e-02 2.922824956477e-02 2.060388587415e-02 1.752853952348e-02 1.903383433819e-02 2.712466008961e-02 2.498793601990e-02
5.056997016072e-02 6.252119690180e-02 7.065924257040e-02 8.153769373894e-02 7.837361097336e-02 2.027974575758e-01 7.518083602190e-02 5.933488160372e-02 4.222415015101e-02 6.128695979714e-02 5.136030539870e-02 7.225605100393e-02 9.950730949640e-02 1.182830408216e-01 9.556213766336e-02 1.189062893391e-01 1.999275535345e-01 1.380340307951e-01 6.752976775169e-02 1.261669695377e-01 8.352423459291e-02 9.878783673048e-02 1.356370598078e-01 6.009001657367e-02 5.121657624841e-02 7.756733149290e-02 8.496057242155e-02 5.290333554149e-02 4.216523095965e-02 3.854594379663e-02 5.278981849551e-02 5.723901093006e-02 3.873785957694e-02 2.859170548618e-02 5.563908070326e-02 6.277224421501e-02 3.783384338021e-02 1.982970908284e-02 2.119662612677e-02 1.637890562415e-02 2.178615890443e-02 2.881463617086e-02 3.126865997910e-02
6.676696240902e-02 6.541074812412e-02 6.958197802305e-02 1.001333668828e-01 8.142714947462e-02 2.038666456938e-01 7.299571484327e-02 6.800333410501e-02 4.466922581196e-02 6.280138343573e-02 5.321505293250e-02 7.742924243212e-02 1.042012795806e-01 1.255180984735e-01 9.228696674109e-02 1.344304680824e-01 2.037590295076e-01 1.308239251375e-01 8.010851591825e-02 1.326443850994e-01 8.378329128027e-02 9.031559526920e-02 1.173194050789e-01 5.719842016697e-02 5.602312460542e-02 8.925090730190e-02 9.152684360743e-02 4.766527190804e-02 4.587570950389e-02 4.022279009223e-02 5.559447035193e-02 4.815100878477e-02 3.447601571679e-02 5.002710223198e-02 6.744882464409e-02 4.849768802524e-02 2.719946950674e-02 1.780812814832e-02 2.136631868780e-02 1.869052276015e-02 2.824246883392e-02 3.680227696896e-02 3.665666654706e-02
7.860036939383e-02 8.522594720125e-02 8.051597326994e-02 9.254594892263e-02 8.667855709791e-02 2.021932303905e-01 7.915111631155e-02 7.474474608898e-02 4.688938334584e-02 6.373832374811e-02 5.883865430951e-02 8.012882620096e-02 1.098081767559e-01 1.326470226049e-01 8.483375608921e-02 1.443026959896e-01 1.920431405306e-01 1.161038279533e-01 8.813760429621e-02 1.374880075455e-01 7.486280798912e-02 7.210347056389e-02 9.109862893820e-02 5.295281112194e-02 6.584848463535e-02 8.936076611280e-02 8.447832614183e-02 5.046989023685e-02 5.280970036983e-02 4.469798877835e-02 6.031542643905e-02 4.198737069964e-02 4.279616102576e-02 6.753136962652e-02 5.946699529886e-02 4.171439260244e-02 2.326126582921e-02 1.941010914743e-02 2.401209622622e-02 2.704069763422e-02 3.942226245999e-02 4.045271128416e-02 3.369528800249e-02
1.029842197895e-01 1.022980883718e-01 1.104475334287e-01 8.519860357046e-02 1.027404889464e-01 1.958297193050e-01 9.012413024902e-02 8.132684975863e-02 6.348065286875e-02 6.384935230017e-02 6.859348714352e-02 1.037104576826e-01 1.144342720509e-01 1.405831426382e-01 9.178470820189e-02 1.450322121382e-01 1.707898825407e-01 1.111855581403e-01 9.084469079971e-02 1.410846114159e-01 6.692221760750e-02 5.925033614039e-02 6.860249489546e-02 5.681594461203e-02 7.160966098309e-02 7.997643947601e-02 6.250746548176e-02 5.572883784771e-02 6.157273426652e-02 5.097465217113e-02 6.234991177917e-02 3.961141034961e-02 6.384494155645e-02 6.713183224201e-02 5.987000092864e-02 3.774752095342e-02 2.697872370481e-02 2.376035414636e-02 2.874628268182e-02 3.922677040100e-02 4.384597018361e-02 3.531852364540e-02 2.621588110924e-02
1.142874881625e-01 1.131804734468e-01 1.365891844034e-01 1.271752864122e-01 8.682796359062e-02 1.848035603762e-01 8.381529152393e-02 9.401223808527e-02 8.772984892130e-02 7.275319099426e-02 7.451448589563e-02 1.249813437462e-01 1.315324306488e-01 1.493761837482e-01 1.024746298790e-01 1.365467011929e-01 1.690530627966e-01 1.356438994408e-01 8.840006589890e-02 1.415884643793e-01 6.734611839056e-02 6.391973793507e-02 6.965527683496e-02 6.317886710167e-02 6.713381409645e-02 6.286385655403e-02 5.802834406495e-02 6.493657082319e-02 6.746233999729e-02 5.288049951196e-02 6.182319670916e-02 5.997090041637e-02 7.116999477148e-02 6.687209755182e-02 6.380125135183e-02 4.639791324735e-02 3.308349102736e-02 3.066336922348e-02 3.722574189305e-02 4.397046193480e-02 3.632839769125e-02 2.977855689824e-02 2.683429792523e-02
