VariationalSeries/SI/f130_max.grd
DSAA
101	101
32.816463539100	34.260883539100
35.556306596100	36.727886596100
6.439015851356e-05	1.058285140991e+01
[rows 76 to 94 of 101, columns 43 to 85 of 101]
1.629408448935e-02 1.385504938662e-02 2.536659501493e-02 6.386163085699e-02 6.834926456213e-02 1.361069828272e-01 2.170612663031e-01 2.439579963684e-01 1.510650962591e-01 4.226651042700e-02 1.535312682390e-01 3.441327512264e-01 2.571747004986e-01 6.695276498795e-02 3.014563955367e-02 4.272346571088e-02 4.508165642619e-02 2.306001260877e-02 2.158516086638e-02 2.688396908343e-02 9.905929863453e-02 2.267408668995e-01 5.340187996626e-02 3.606121987104e-02 2.627690508962e-02 1.761389710009e-02 8.954179473221e-03 7.698422297835e-03 7.499445229769e-03 7.072246633470e-03 6.694124545902e-03 6.976852659136e-03 7.345459423959e-03 7.791818119586e-03 7.869143038988e-03 7.322101853788e-03 6.714479066432e-03 6.275202147663e-03 5.967977922410e-03 5.785804707557e-03 6.464072037488e-03 9.903543628752e-03 1.351013034582e-02
2.650512009859e-02 3.573239594698e-02 4.570906236768e-02 4.768401011825e-02 6.555595993996e-02 9.050574898720e-02 1.167002320290e-01 1.102319508791e-01 1.767804473639e-01 2.579275071621e-01 2.556465864182e-01 1.226613745093e-01 8.696516603231e-02 7.740112394094e-02 4.989936947823e-02 5.281795933843e-02 1.462149899453e-02 9.044808335602e-03 1.109995692968e-02 1.242612395436e-02 9.419999085367e-03 1.127748005092e-02 1.785923354328e-02 1.793650351465e-02 1.627425663173e-02 9.981372393668e-03 4.887272603810e-03 4.386862739921e-03 5.109303165227e-03 5.886242259294e-03 6.278234999627e-03 6.414914038032e-03 6.379771046340e-03 6.099425256252e-03 5.303940735757e-03 4.256036598235e-03 3.409746102989e-03 3.375536995009e-03 3.577574854717e-03 4.158821422607e-03 5.222493782640e-03 8.910704404116e-03 1.192397996783e-02
5.610724538565e-02 8.472312986851e-02 5.617660284042e-02 2.644426189363e-02 3.071582876146e-02 1.123028695583e-01 3.149830698967e-01 4.193240404129e-01 3.140588402748e-01 1.549397706985e-01 8.346752822399e-02 5.369082465768e-02 3.884426131845e-02 6.252312660217e-02 5.177526921034e-02 1.933206617832e-02 6.441602949053e-03 5.876692477614e-03 6.120014470071e-03 8.291516453028e-03 6.188647355884e-03 5.640354938805e-03 6.525567732751e-03 7.354433182627e-03 6.663883570582e-03 6.074163131416e-03 4.922666586936e-03 5.121661350131e-03 4.309036303312e-03 4.928137175739e-03 5.157797131687e-03 4.805631004274e-03 4.601854365319e-03 4.446848295629e-03 3.131142118946e-03 3.017904236913e-03 3.205253509805e-03 3.193227574229e-03 3.126930212602e-03 3.312642453238e-03 4.051458556205e-03 7.732880767435e-03 1.134360954165e-02
7.989831268787e-02 9.307159483433e-02 3.141434118152e-02 3.256893157959e-02 1.153640970588e-01 2.065274268389e-01 2.130730152130e-01 1.829230189323e-01 1.527261883020e-01 7.230950146914e-02 6.386099755764e-02 7.735281437635e-02 4.763161391020e-02 2.997712232172e-02 1.324007660151e-02 7.134106010199e-03 4.518721718341e-03 4.327989649028e-03 4.156944341958e-03 5.200290586799e-03 4.621008876711e-03 4.623238462955e-03 4.300854634494e-03 4.249626304954e-03 4.114410839975e-03 4.199722316116e-03 4.058928694576e-03 4.127315711230e-03 4.440180491656e-03 4.253211431205e-03 4.309336654842e-03 3.550833091140e-03 3.933514002711e-03 4.126945976168e-03 3.284961450845e-03 2.503218827769e-03 2.995450980961e-03 3.187409136444e-03 3.200934734195e-03 3.145178314298e-03 3.234043484554e-03 4.155614878982e-03 6.991646718234e-03
3.491071611643e-02 5.744596570730e-02 8.295676857233e-02 1.079545468092e-01 1.188402995467e-01 9.759522229433e-02 1.095091179013e-01 1.354228854179e-01 1.932679414749e-01 7.499927282333e-02 7.798683643341e-02 4.736536368728e-02 1.906836219132e-02 8.069013245404e-03 5.582546349615e-03 4.540239460766e-03 4.070648457855e-03 3.669602563605e-03 3.362491959706e-03 3.182389307767e-03 3.535661147907e-03 2.727972343564e-03 2.764567965642e-03 2.754416782409e-03 2.905486151576e-03 3.051328472793e-03 3.078822046518e-03 2.819800516590e-03 2.424677368253e-03 2.909531816840e-03 2.829620381817e-03 2.747607184574e-03 3.083496587351e-03 3.441509557888e-03 3.165621543303e-03 2.481784205884e-03 2.782836789265e-03 3.124813782051e-03 3.208813257515e-03 3.254001494497e-03 3.773150499910e-03 4.528996534646e-03 5.709440913051e-03
3.847769647837e-02 1.170338243246e-01 2.168955951929e-01 1.269662529230e-01 8.177268505096e-02 1.425343006849e-01 1.897709518671e-01 2.551938891411e-01 1.247518435121e-01 6.416863948107e-02 3.024277463555e-02 1.750596240163e-02 7.397855166346e-03 4.745932761580e-03 3.349260427058e-03 2.820584923029e-03 2.590065356344e-03 2.407147316262e-03 2.471319865435e-03 2.633266383782e-03 2.716928021982e-03 2.519471570849e-03 2.440053038299e-03 2.620398066938e-03 3.130421042442e-03 3.645908785984e-03 3.986989613622e-03 3.874610411003e-03 3.060390707105e-03 2.368215937167e-03 2.359830075875e-03 2.177852438763e-03 2.210674341768e-03 2.762968884781e-03 2.861120505258e-03 2.667820313945e-03 2.530653495342e-03 2.964548533782e-03 3.129595192149e-03 3.160958178341e-03 3.618945367634e-03 5.013069603592e-03 6.783942691982e-03
7.233438640833e-02 2.270381599665e-01 1.738502383232e-01 1.415125727654e-01 1.549724191427e-01 1.483252644539e-01 1.038192436099e-01 1.004758328199e-01 7.876987010241e-02 4.031630232930e-02 1.460814196616e-02 9.050600230694e-03 4.923198837787e-03 3.166702808812e-03 2.535625128075e-03 2.081672661006e-03 2.080377889797e-03 2.221927279606e-03 2.170705934986e-03 2.089063869789e-03 2.270032186061e-03 2.340311650187e-03 2.260474488139e-03 2.266052644700e-03 2.853393321857e-03 3.502492792904e-03 3.976855892688e-03 3.966768737882e-03 3.221198916435e-03 2.193926135078e-03 2.292886609212e-03 2.374194562435e-03 1.941030728631e-03 2.033595228568e-03 2.425146754831e-03 2.708285348490e-03 2.736718161032e-03 2.713085850701e-03 2.965630264953e-03 3.095563501120e-03 3.071998478845e-03 3.484989050776e-03 4.402740858495e-03
9.751514345407e-02 1.654324233532e-01 9.855440258980e-02 6.008156388998e-02 4.008647799492e-02 4.918497800827e-02 4.285759478807e-02 5.118726938963e-02 4.344578459859e-02 1.513741351664e-02 1.054150238633e-02 6.276942789555e-03 5.224246997386e-03 3.876558504999e-03 2.418333198875e-03 1.967669930309e-03 2.139083808288e-03 2.157609909773e-03 1.964683877304e-03 1.872105058283e-03 2.172220498323e-03 2.378457924351e-03 2.488762373105e-03 2.401908161119e-03 2.226194599643e-03 2.660220954567e-03 2.968884538859e-03 2.942456165329e-03 2.432229230180e-03 1.972054131329e-03 2.037230879068e-03 2.236102474853e-03 2.133508911356e-03 1.813819166273e-03 1.851167879067e-03 2.213575178757e-03 2.460625488311e-03 2.406534273177e-03 2.737953793257e-03 2.973211929202e-03 3.028409089893e-03 3.192089730874e-03 3.582094563171e-03
1.387515813112e-01 1.146746352315e-01 3.709051012993e-02 2.811761014163e-02 2.981521561742e-02 1.792395859957e-02 2.519692480564e-02 4.112263023853e-02 2.740130014718e-02 1.334844250232e-02 9.974018670619e-03 5.601626355201e-03 5.455441772938e-03 5.169507581741e-03 3.234077943489e-03 2.557305619121e-03 2.169802319258e-03 2.075596246868e-03 1.789840753190e-03 1.804490690120e-03 2.183596137911e-03 2.618455793709e-03 2.878747181967e-03 2.689274027944e-03 2.297000261024e-03 1.970253419131e-03 2.156871370971e-03 2.304504625499e-03 2.291435375810e-03 2.435194328427e-03 2.188514685258e-03 2.018391154706e-03 2.048987895250e-03 1.858318806626e-03 1.790887792595e-03 2.157361479476e-03 2.358618425205e-03 2.297359285876e-03 2.465661382303e-03 2.773620886728e-03 2.908113878220e-03 3.257485339418e-03 4.112255293876e-03
2.195122390985e-01 9.638044238091e-02 1.892402954400e-02 1.352207362652e-02 1.039127353579e-02 1.272471714765e-02 1.369589101523e-02 3.086866997182e-02 3.125790879130e-02 1.905282400548e-02 9.499511681497e-03 5.426950752735e-03 4.694411996752e-03 4.903158638626e-03 4.021836444736e-03 2.473574597389e-03 2.155152149498e-03 1.996678067371e-03 1.659408328123e-03 1.783708808944e-03 2.234707819298e-03 2.917922800407e-03 3.182356245816e-03 2.826138632372e-03 2.373323542997e-03 2.089987741783e-03 2.231064718217e-03 2.484994009137e-03 2.595233032480e-03 2.547811483964e-03 2.360101323575e-03 1.955022569746e-03 2.243577735499e-03 1.863159704953e-03 1.743769855238e-03 1.899034949020e-03 2.387054031715e-03 2.628093585372e-03 2.799819689244e-03 3.182305954397e-03 3.654655767605e-03 3.794396761805e-03 3.688593627885e-03
1.888401657343e-01 5.819112434983e-02 1.440557744354e-02 8.121615275741e-03 7.431887555867e-03 8.624160662293e-03 1.595837436616e-02 2.041402459145e-02 2.453111670911e-02 1.712428778410e-02 1.125717442483e-02 6.300173234195e-03 4.123428836465e-03 3.544898936525e-03 3.392881480977e-03 2.865299815312e-03 2.492438070476e-03 2.738211769611e-03 2.284747781232e-03 1.968833385035e-03 2.455373061821e-03 3.279477357864e-03 3.414071397856e-03 2.867467701435e-03 2.434391761199e-03 2.217892324552e-03 2.332918578759e-03 2.619160804898e-03 2.828201511875e-03 2.639561658725e-03 2.328663365915e-03 1.926355296746e-03 2.288433024660e-03 1.770068425685e-03 1.714280224405e-03 1.645152573474e-03 1.793292234652e-03 2.362477825955e-03 3.009546780959e-03 3.874933347106e-03 4.731088876724e-03 5.068828351796e-03 5.126512609422e-03
9.940626472235e-02 1.823222078383e-02 8.590104058385e-03 7.476654835045e-03 6.252357270569e-03 6.380205973983e-03 1.029396243393e-02 5.703302100301e-03 1.489686779678e-02 2.251492254436e-02 1.599632389843e-02 1.216810382903e-02 6.086268462241e-03 3.742274828255e-03 3.197542857379e-03 3.233069088310e-03 3.428237047046e-03 3.081982024014e-03 2.718540607020e-03 2.402401063591e-03 2.937070326880e-03 3.608006285504e-03 3.474104683846e-03 2.925231819972e-03 2.610448747873e-03 2.455907175317e-03 2.465353580192e-03 2.750362036750e-03 2.988999476656e-03 2.864671172574e-03 2.395383780822e-03 1.895550056361e-03 2.159216906875e-03 1.956264255568e-03 1.700649387203e-03 1.690669567324e-03 1.628959551454e-03 1.703358720988e-03 2.175967209041e-03 3.326530102640e-03 4.543066490442e-03 5.297362338752e-03 5.730213131756e-03
2.691001631320e-02 1.041609793901e-02 6.745994091034e-03 6.451488006860e-03 5.032341927290e-03 4.571257159114e-03 4.628481343389e-03 4.344164393842e-03 5.419133696705e-03 1.857129484415e-02 2.058885805309e-02 3.015367873013e-02 1.929540745914e-02 6.933643016964e-03 4.303017165512e-03 3.587064333260e-03 3.888559527695e-03 4.600718151778e-03 4.285012371838e-03 3.430105047300e-03 3.347668563947e-03 3.750424133614e-03 3.371663391590e-03 2.909793518484e-03 2.738140290603e-03 2.711090724915e-03 2.762697171420e-03 2.811130369082e-03 3.058309899643e-03 3.073376137763e-03 2.651507733390e-03 2.045053290203e-03 2.024795627221e-03 2.025726484135e-03 1.897634589113e-03 1.943852519616e-03 1.924719195813e-03 1.891033258289e-03 1.866244710982e-03 1.918303314596e-03 2.585608046502e-03 3.443695837632e-03 4.060158971697e-03
9.597111493349e-03 5.994246341288e-03 6.044566631317e-03 5.270322319120e-03 4.292534664273e-03 3.894936060533e-03 3.379136323929e-03 3.370743943378e-03 3.981831483543e-03 7.696119137108e-03 3.074218332767e-02 7.547478377819e-02 5.179042741656e-02 1.651314646006e-02 7.258476223797e-03 4.506345838308e-03 4.046950489283e-03 4.854686092585e-03 4.701088182628e-03 4.945733118802e-03 4.759551491588e-03 3.923386335373e-03 3.507395507768e-03 3.146040951833e-03 3.049241611734e-03 3.071300219744e-03 3.065378405154e-03 2.985574537888e-03 3.065287135541e-03 3.234613221139e-03 2.925615757704e-03 2.138362964615e-03 1.972645521164e-03 1.944516901858e-03 2.047641202807e-03 2.198139671236e-03 2.300627529621e-03 2.332539064810e-03 2.312803408131e-03 2.228661440313e-03 2.237054985017e-03 2.353404881433e-03 2.428325125948e-03
8.701637387276e-03 4.945693537593e-03 5.380471702665e-03 4.115610849112e-03 3.356694476679e-03 3.164553549141e-03 2.769297454506e-03 2.858953317627e-03 2.870885422453e-03 5.334897898138e-03 2.328633703291e-02 6.281027197838e-02 5.684627592564e-02 3.662899136543e-02 8.859895169735e-03 4.903081804514e-03 3.731595119461e-03 5.375133827329e-03 6.379096303135e-03 5.982436239719e-03 4.892121534795e-03 3.825154853985e-03 3.785987617448e-03 3.559944918379e-03 3.439642256126e-03 3.359538735822e-03 3.215423086658e-03 2.933003474027e-03 3.090772079304e-03 3.266471670941e-03 2.879917621613e-03 2.221795730293e-03 2.300022402778e-03 2.225336618721e-03 2.109618857503e-03 2.053935080767e-03 2.194478642195e-03 2.279115840793e-03 2.255378756672e-03 2.110219327733e-03 2.343923086300e-03 2.766961697489e-03 3.067018231377e-03
1.072658784688e-02 5.621582735330e-03 4.730586428195e-03 3.657405264676e-03 2.742618089542e-03 2.587337745354e-03 2.658139681444e-03 2.595656318590e-03 2.607687609270e-03 3.336139256135e-03 8.844234049320e-03 3.228781372309e-02 1.173489317298e-01 9.054914861917e-02 1.518055330962e-02 5.729539319873e-03 6.312314886600e-03 6.732387468219e-03 5.984615534544e-03 4.761716350913e-03 3.867374034598e-03 3.945254255086e-03 4.180527292192e-03 4.047126974910e-03 3.770746057853e-03 3.420518012717e-03 2.959012519568e-03 2.727327868342e-03 3.194423625246e-03 3.286234801635e-03 2.948334906250e-03 3.274708520621e-03 3.282075747848e-03 3.103202441707e-03 2.790478523821e-03 2.168931532651e-03 1.827840926126e-03 1.820790814236e-03 1.870834850706e-03 2.010450698435e-03 2.362124854699e-03 2.943748841062e-03 3.646091092378e-03
1.135752163827e-02 6.380802020431e-03 4.785357974470e-03 3.191156312823e-03 2.395150484517e-03 2.512198407203e-03 2.481124131009e-03 2.524943090975e-03 2.272325102240e-03 2.552785445005e-03 4.999809432775e-03 1.642647013068e-02 5.701722949743e-02 5.024616047740e-02 1.677401363850e-02 9.543104097247e-03 7.841712795198e-03 6.082595791668e-03 4.684413783252e-03 3.749506548047e-03 3.734542289749e-03 3.983367700130e-03 4.233926068991e-03 4.025250207633e-03 3.475909819826e-03 2.819476183504e-03 2.351069124416e-03 2.560609253123e-03 3.212216543034e-03 3.378666704521e-03 3.495235228911e-03 3.840089775622e-03 3.811810631305e-03 3.549513872713e-03 3.016299335286e-03 2.273106714711e-03 2.328750910237e-03 2.417768817395e-03 2.561232773587e-03 2.683102153242e-03 2.716497983783e-03 3.030061023310e-03 3.909001126885e-03
1.061676908284e-02 5.705182440579e-03 4.025264177471e-03 2.506075194106e-03 2.299954649061e-03 2.480894559994e-03 2.396667143330e-03 2.073572948575e-03 1.648219651543e-03 2.303085755557e-03 4.253707826138e-03 7.269284222275e-03 2.010945603251e-02 2.387559786439e-02 1.728142611682e-02 1.057871524245e-02 6.687658373266e-03 4.751012660563e-03 4.400813486427e-03 4.272514022887e-03 3.846112871543e-03 3.635914996266e-03 3.515998600051e-03 3.088262164965e-03 2.435631584376e-03 2.190170576796e-03 2.160738687962e-03 2.308247378096e-03 2.996328752488e-03 3.352952189744e-03 2.483770018443e-03 2.698178635910e-03 2.697931136936e-03 2.522007329389e-03 2.456831512973e-03 2.685099607334e-03 2.901952713728e-03 3.189054317772e-03 3.501832950860e-03 3.677993314341e-03 3.611113177612e-03 3.364800242707e-03 3.836821997538e-03
9.484498761594e-03 4.218826070428e-03 2.892881631851e-03 1.796158612706e-03 2.153452252969e-03 2.389381173998e-03 2.289103576913e-03 1.889389124699e-03 1.395969185978e-03 2.073230920359e-03 3.822571597993e-03 5.915444344282e-03 1.399110537022e-02 1.793419569731e-02 1.393390819430e-02 8.246914483607e-03 5.103894043714e-03 4.733520559967e-03 4.656662233174e-03 3.902914701030e-03 3.102145623416e-03 2.590520074591e-03 2.266176277772e-03 1.898578251712e-03 1.795262563974e-03 1.765659544617e-03 1.770959817804e-03 1.962587935850e-03 2.610947005451e-03 3.056264715269e-03 2.372735645622e-03 1.862167497166e-03 1.773628988303e-03 2.266237977892e-03 2.680781995878e-03 3.044728655368e-03 3.466501133516e-03 3.991197329015e-03 4.483212251216e-03 4.683224018663e-03 4.454402253032e-03 3.927410580218e-03 3.782529383898e-03
