VariationalSeries/SI/f131_max.grd
DSAA
101	101
32.816463539100	34.260883539100
35.556306596100	36.727886596100
6.675977056148e-05	1.097211456299e+01
[rows 38 to 56 of 101, columns 43 to 85 of 101]
6.708995699883e-01 1.041879057884e+00 1.113588213921e+00 6.600094437599e-01 1.107090711594e+00 5.432159900665e-01 5.577865839005e-01 7.499307394028e-01 6.426542401314e-01 5.155158042908e-01 7.596763968468e-01 3.939471840858e-01 4.329909682274e-01 3.664745092392e-01 5.692831277847e-01 4.142902493477e-01 4.491661787033e-01 2.551007270813e-01 3.476172983646e-01 5.277416110039e-01 5.378978252411e-01 4.123019576073e-01 2.843894362450e-01 2.251996099949e-01 1.938053816557e-01 1.749001741409e-01 1.624186486006e-01 1.662195324898e-01 1.477601826191e-01 1.109083816409e-01 1.101925298572e-01 1.304593533278e-01 1.491075009108e-01 1.533355563879e-01 1.555075943470e-01 1.558380126953e-01 1.534784585238e-01 1.417675167322e-01 1.259118914604e-01 1.122469082475e-01 1.011695191264e-01 1.014387309551e-01 8.589220046997e-02
6.670844554901e-01 1.381901264191e+00 8.918507099152e-01 1.244813442230e+00 8.959668278694e-01 1.265907883644e+00 1.064580798149e+00 6.584789156914e-01 6.685338616371e-01 5.366248488426e-01 8.622720241547e-01 5.571208596230e-01 3.616613149643e-01 4.155602157116e-01 7.558959126472e-01 4.510244429111e-01 5.157503485680e-01 8.060687184334e-01 7.227290272713e-01 4.898767471313e-01 3.309020996094e-01 2.249669879675e-01 2.051114588976e-01 1.853901743889e-01 1.866324841976e-01 1.783286482096e-01 1.562840491533e-01 1.362885534763e-01 1.229493916035e-01 1.228544265032e-01 1.348903775215e-01 1.267089396715e-01 1.039899587631e-01 8.802989125252e-02 8.507290482521e-02 7.339288294315e-02 7.845603674650e-02 8.621110767126e-02 9.487305581570e-02 1.050292477012e-01 1.137501150370e-01 1.494906544685e-01 1.541885137558e-01
9.821460843086e-01 6.871586441994e-01 1.216504573822e+00 9.635861515999e-01 1.024515628815e+00 1.334374666214e+00 8.124889731407e-01 7.386714816093e-01 5.278957486153e-01 5.482149124146e-01 9.225566387177e-01 4.988886117935e-01 5.122765898705e-01 5.026674866676e-01 6.130885481834e-01 9.904499650002e-01 6.758499741554e-01 3.503533303738e-01 3.271520733833e-01 2.169903665781e-01 1.649005711079e-01 2.376469671726e-01 3.120450675488e-01 2.811653912067e-01 2.024780511856e-01 1.765151470900e-01 1.725342720747e-01 1.590494811535e-01 1.373644471169e-01 1.276946365833e-01 1.201090663671e-01 1.217110082507e-01 1.164411678910e-01 1.082605123520e-01 1.056193187833e-01 1.110133528709e-01 1.095260009170e-01 9.943429380655e-02 1.320122182369e-01 1.799696683884e-01 1.478785276413e-01 1.105897724628e-01 9.567964822054e-02
1.090771913528e+00 9.990076422691e-01 1.585803866386e+00 1.325141429901e+00 1.252426981926e+00 1.380675196648e+00 1.299678206444e+00 7.167184948921e-01 8.083881735802e-01 7.678592205048e-01 9.077075719833e-01 7.088361978531e-01 6.597636938095e-01 1.122158646584e+00 7.234638333321e-01 5.363344550133e-01 4.555218815804e-01 3.688700497150e-01 2.715297639370e-01 4.391165077686e-01 4.728801548481e-01 2.483505755663e-01 3.913839459419e-01 2.972972095013e-01 2.675407528877e-01 2.359145730734e-01 2.083360105753e-01 1.862877011299e-01 1.677898615599e-01 1.616914272308e-01 3.025885522366e-01 1.285602748394e-01 1.221444085240e-01 1.156188696623e-01 1.461554616690e-01 1.824722588062e-01 1.672324389219e-01 1.913212835789e-01 1.626738905907e-01 1.783976852894e-01 1.800133436918e-01 1.760756969452e-01 1.616817116737e-01
1.040149927139e+00 1.438511610031e+00 1.242149472237e+00 1.235270500183e+00 1.145633459091e+00 1.448531270027e+00 2.288088560104e+00 9.873655438423e-01 1.152551293373e+00 1.150439858437e+00 1.047921299934e+00 1.050657153130e+00 1.196771264076e+00 6.841265559196e-01 7.406753897667e-01 4.174515902996e-01 5.649244785309e-01 7.551852464676e-01 5.940224528313e-01 5.681478977203e-01 5.908166766167e-01 3.984633982182e-01 2.468044459820e-01 2.395080775023e-01 2.220845222473e-01 2.080808728933e-01 2.538380920887e-01 4.388515055180e-01 5.266940593719e-01 4.671149253845e-01 2.305157184601e-01 1.666194349527e-01 1.581475436687e-01 1.711425036192e-01 2.154026478529e-01 2.208527028561e-01 1.999083757401e-01 1.788871884346e-01 1.331925541162e-01 1.657368391752e-01 1.980420798063e-01 1.976947933435e-01 1.901624202728e-01
1.231882691383e+00 1.790307998657e+00 2.955600261688e+00 1.810404419899e+00 2.917208194733e+00 1.499868512154e+00 3.583987951279e+00 1.028840422630e+00 1.992283225060e+00 1.436665654182e+00 1.256562471390e+00 1.226809382439e+00 6.956209540367e-01 8.492839932442e-01 9.595228433609e-01 9.373632073402e-01 5.801566243172e-01 3.447779417038e-01 7.403352856636e-01 6.401783227921e-01 3.507478535175e-01 3.202584683895e-01 3.031549453735e-01 5.518875718117e-01 6.785662770271e-01 5.995872020721e-01 3.943230807781e-01 2.839289009571e-01 3.085861504078e-01 1.949908435345e-01 1.563278585672e-01 2.345086187124e-01 2.915284633636e-01 2.615662217140e-01 2.306857109070e-01 3.114883303642e-01 3.689512312412e-01 3.299031853676e-01 2.365385740995e-01 1.726228594780e-01 2.157281190157e-01 2.369462847710e-01 2.499358355999e-01
1.520968794823e+00 1.915365338326e+00 2.257552146912e+00 2.996924638748e+00 2.504482984543e+00 2.538856744766e+00 4.202694892883e+00 1.667141437531e+00 1.938755393028e+00 1.526548147202e+00 1.541043400764e+00 8.904861807823e-01 9.622330069542e-01 1.201386213303e+00 9.374395012856e-01 6.705750226974e-01 9.675410985947e-01 8.983251452446e-01 7.115271091461e-01 9.002847671509e-01 9.113668799400e-01 7.902753949165e-01 5.654216408730e-01 3.088613450527e-01 3.391491472721e-01 3.059497475624e-01 2.430445402861e-01 2.508272826672e-01 2.705353796482e-01 2.907174825668e-01 2.830530703068e-01 2.414901107550e-01 2.319540381432e-01 1.946444064379e-01 3.552144169807e-01 4.340025782585e-01 4.068705141544e-01 2.996762394905e-01 1.815401017666e-01 1.113605573773e-01 1.549682021141e-01 1.778341978788e-01 1.636511832476e-01
1.439039587975e+00 2.112679481506e+00 2.508486032486e+00 2.393742322922e+00 3.560512304306e+00 2.660023689270e+00 4.278734683990e+00 2.359434843063e+00 2.018584966660e+00 2.238890171051e+00 1.714443445206e+00 1.127157211304e+00 1.120234489441e+00 1.196830153465e+00 6.909369826317e-01 1.024430513382e+00 1.321634531021e+00 9.099416732788e-01 5.411938428879e-01 5.357191562653e-01 4.727010428905e-01 3.661155700684e-01 3.528334796429e-01 3.906418979168e-01 3.907401561737e-01 3.450950384140e-01 2.985931038857e-01 2.913656830788e-01 2.427638620138e-01 2.672673761845e-01 2.558046579361e-01 2.332895696163e-01 1.619054079056e-01 2.965259253979e-01 3.537008762360e-01 3.353222310543e-01 2.341996878386e-01 1.261670738459e-01 1.735953390598e-01 1.633093953133e-01 1.222111359239e-01 1.164349243045e-01 1.258575767279e-01
2.132863521576e+00 2.985534191132e+00 3.046311855316e+00 3.321988344193e+00 3.612839221954e+00 4.541844367981e+00 4.282319068909e+00 8.336912155151e+00 3.070034742355e+00 1.944748401642e+00 1.807602763176e+00 1.611093878746e+00 1.369894981384e+00 2.086423635483e+00 1.825530767441e+00 1.064485073090e+00 9.853010177612e-01 1.022868633270e+00 7.488952875137e-01 6.624892354012e-01 6.563394665718e-01 6.242931485176e-01 6.683806777000e-01 4.982610344887e-01 6.411400437355e-01 5.672345757484e-01 3.566059768200e-01 3.246844708920e-01 3.287555575371e-01 3.068594634533e-01 2.619912624359e-01 2.531770467758e-01 2.641846239567e-01 3.040183186531e-01 2.826484441757e-01 2.169019132853e-01 1.655635684729e-01 1.499264687300e-01 1.461327970028e-01 1.445446163416e-01 1.413088291883e-01 1.361271739006e-01 1.310386359692e-01
1.351954221725e+00 3.950236558914e+00 2.728568315506e+00 3.406513452530e+00 5.387427806854e+00 4.311758041382e+00 5.119240760803e+00 6.088969707489e+00 2.998860359192e+00 2.836144447327e+00 3.599586486816e+00 2.294018983841e+00 2.846483945847e+00 2.210729360580e+00 1.851047992706e+00 1.614837884903e+00 1.372869372368e+00 1.188058257103e+00 1.048460006714e+00 1.472100019455e+00 1.720927238464e+00 7.178346514702e-01 4.680111110210e-01 4.732829928398e-01 6.647832393646e-01 4.186251461506e-01 3.618158996105e-01 3.441218733788e-01 3.176598548889e-01 3.022524118423e-01 2.902629971504e-01 3.002442121506e-01 3.177196383476e-01 2.716282308102e-01 2.078960090876e-01 1.940430253744e-01 1.837868690491e-01 1.507006287575e-01 1.490981280804e-01 1.493587344885e-01 1.378225535154e-01 1.412124186754e-01 1.483232676983e-01
3.646212577820e+00 4.266637325287e+00 4.878397464752e+00 5.144549846649e+00 5.959851264954e+00 8.253623962402e+00 1.097211456299e+01 5.075603961945e+00 4.091634273529e+00 2.851867198944e+00 4.057645320892e+00 4.039861679077e+00 1.527847766876e+00 2.440456151962e+00 2.677315950394e+00 1.328127741814e+00 1.227715730667e+00 1.301208496094e+00 1.435245513916e+00 1.690596699715e+00 1.303648471832e+00 5.548348426819e-01 6.280262470245e-01 5.164126753807e-01 4.821798503399e-01 4.128061830997e-01 4.013563394547e-01 3.982793390751e-01 3.309351801872e-01 2.297232151031e-01 2.055305838585e-01 2.252236306667e-01 2.390797883272e-01 2.456345409155e-01 2.409298419952e-01 2.307167202234e-01 2.056751251221e-01 2.109668552876e-01 2.351715862751e-01 2.408216744661e-01 2.156141847372e-01 1.871129721403e-01 1.632803529501e-01
2.436147928238e+00 4.340689659119e+00 4.481246471405e+00 5.681061744690e+00 5.625545501709e+00 5.567704677582e+00 5.460705280304e+00 4.528040885925e+00 3.170037508011e+00 3.613984107971e+00 3.467023849487e+00 3.639398336411e+00 4.404418945312e+00 1.932721734047e+00 1.636219263077e+00 1.016450881958e+00 9.257304668427e-01 6.547923088074e-01 6.030359864235e-01 5.141112208366e-01 4.416711628437e-01 5.003462433815e-01 6.167315244675e-01 7.096542119980e-01 7.263272404671e-01 6.374450325966e-01 5.095804333687e-01 3.529392182827e-01 2.449410855770e-01 2.019497603178e-01 1.642103493214e-01 1.852986812592e-01 2.409800887108e-01 1.613166481256e-01 1.824757009745e-01 1.993661671877e-01 1.592882871628e-01 1.949173659086e-01 2.303803712130e-01 2.441062033176e-01 2.770329713821e-01 3.480166494846e-01 3.950984179974e-01
9.568781256676e-01 1.306232810020e+00 2.060187101364e+00 9.742823600769e+00 5.364608764648e+00 5.118502140045e+00 2.859874248505e+00 2.935545444489e+00 2.714764833450e+00 4.322849273682e+00 4.022993564606e+00 5.698106765747e+00 8.263607025146e+00 6.072658061981e+00 3.957659721375e+00 1.822591304779e+00 8.575412631035e-01 6.112630963326e-01 5.571894645691e-01 7.468979954720e-01 9.720435738564e-01 9.000917673111e-01 6.643440723419e-01 4.269758164883e-01 4.696087837219e-01 4.442830979824e-01 6.349408030510e-01 9.462006092072e-01 4.387036859989e-01 2.310224771500e-01 2.137854397297e-01 3.510735630989e-01 2.298684716225e-01 1.439223140478e-01 1.264402419329e-01 1.310520023108e-01 1.317660510540e-01 1.356242001057e-01 1.380681395531e-01 1.379865109921e-01 1.382130533457e-01 1.529429852962e-01 1.334635317326e-01
1.735259890556e-01 4.323836565018e-01 1.041449427605e+00 1.389159202576e+00 1.416633725166e+00 1.385419130325e+00 1.079802989960e+00 1.473585009575e+00 1.471804618835e+00 2.344684123993e+00 4.758594512939e+00 5.372052669525e+00 7.390788078308e+00 4.289634704590e+00 3.063968658447e+00 1.733319997787e+00 7.911440730095e-01 4.147459566593e-01 4.387457072735e-01 9.662882685661e-01 3.077201843262e+00 1.284548044205e+00 1.098399281502e+00 8.203138113022e-01 8.361505866051e-01 7.180781364441e-01 7.727280855179e-01 5.414397120476e-01 2.681650221348e-01 3.537031412125e-01 2.982337176800e-01 3.012380599976e-01 1.831813156605e-01 1.661276072264e-01 1.158702149987e-01 1.060243546963e-01 1.099848300219e-01 1.098672002554e-01 1.186603382230e-01 1.097354069352e-01 1.428387463093e-01 1.677820086479e-01 1.622817367315e-01
1.210776269436e-01 2.253446131945e-01 6.553713679314e-01 3.809303641319e-01 3.374635279179e-01 2.752375304699e-01 4.189655184746e-01 6.900374889374e-01 7.216200232506e-01 7.651688456535e-01 2.167472362518e+00 1.067149639130e+01 8.472775459290e+00 3.823406696320e+00 1.755855798721e+00 5.056802630424e-01 3.036655187607e-01 1.996123939753e-01 2.480832785368e-01 6.347657442093e-01 1.455507636070e+00 2.536101102829e+00 1.270262598991e+00 9.666714668274e-01 7.627878189087e-01 5.725814104080e-01 6.065901517868e-01 5.672046542168e-01 4.978137016296e-01 4.486382007599e-01 5.467393994331e-01 2.339662909508e-01 2.170409411192e-01 1.753236204386e-01 1.791733801365e-01 1.669893711805e-01 1.398722380400e-01 1.194882020354e-01 1.366461813450e-01 1.577369123697e-01 1.847819834948e-01 1.819178014994e-01 1.551524251699e-01
8.140300214291e-02 3.349012732506e-01 7.867410778999e-01 5.809431076050e-01 1.434988826513e-01 1.684303432703e-01 1.611669510603e-01 3.259777128696e-01 3.559237420559e-01 5.821652412415e-01 1.117519974709e+00 2.920758008957e+00 6.252285003662e+00 4.284001350403e+00 5.800107955933e+00 1.398512482643e+00 1.719713360071e-01 1.083765327930e-01 1.708484739065e-01 5.655389428139e-01 1.731863856316e+00 2.710672378540e+00 2.067922830582e+00 1.407853126526e+00 9.785137772560e-01 6.160213947296e-01 6.988782882690e-01 5.178209543228e-01 5.002667903900e-01 4.978661239147e-01 4.138073623180e-01 3.299855589867e-01 2.323761433363e-01 2.476186007261e-01 2.223353385925e-01 1.770623326302e-01 1.573266386986e-01 1.459293216467e-01 1.353142112494e-01 1.580135077238e-01 1.733688414097e-01 1.686118990183e-01 1.494045704603e-01
6.941208243370e-02 1.709179580212e-01 1.162059307098e+00 1.396593570709e+00 7.289676070213e-01 1.135168299079e-01 8.636891841888e-02 1.623987704515e-01 1.623370498419e-01 1.318870782852e-01 1.115730851889e-01 4.699019491673e-01 2.117390155792e+00 1.223994970322e+00 7.066779613495e+00 8.535991311073e-01 4.815187752247e-01 1.819220334291e-01 1.517293602228e-01 4.914743006229e-01 9.641728997231e-01 8.533918380737e+00 2.639772653580e+00 1.150665521622e+00 1.165462017059e+00 6.153671145439e-01 6.605144143105e-01 5.629038810730e-01 8.053097724915e-01 6.187242865562e-01 3.549421429634e-01 3.522777855396e-01 3.287108838558e-01 3.130509257317e-01 3.073893785477e-01 2.450707405806e-01 2.417886555195e-01 2.675769627094e-01 1.728888452053e-01 1.325282454491e-01 1.307774484158e-01 1.292091310024e-01 1.494299471378e-01
4.453353956342e-02 7.688171416521e-02 9.579672664404e-02 5.425584316254e-01 3.339938223362e-01 8.088669180870e-02 6.886748969555e-02 8.082683384418e-02 7.577795535326e-02 7.279864698648e-02 5.273215472698e-02 5.894979089499e-02 1.806696355343e-01 1.124030351639e+00 3.201881885529e+00 7.837702035904e-01 6.540396213531e-01 3.079243898392e-01 1.795770823956e-01 3.525517880917e-01 4.108589291573e-01 5.620633959770e-01 5.132189393044e-01 3.881738185883e-01 5.714799165726e-01 9.513707756996e-01 8.342186212540e-01 8.325532078743e-01 5.356053709984e-01 7.006096839905e-01 7.309294939041e-01 6.370306015015e-01 3.891603052616e-01 3.228174149990e-01 3.093265891075e-01 2.700433135033e-01 2.307769507170e-01 2.344084978104e-01 2.271417975426e-01 1.503467708826e-01 1.238077655435e-01 1.275894343853e-01 1.377214491367e-01
4.887575283647e-02 7.817683368921e-02 5.141639709473e-02 5.786028504372e-02 5.877018719912e-02 6.912398338318e-02 6.374086439610e-02 5.981713160872e-02 5.530266463757e-02 4.198937118053e-02 2.939385361969e-02 2.495731599629e-02 4.161876067519e-02 1.165593266487e+00 1.812203049660e+00 1.873576521873e+00 5.343331098557e-01 5.701028704643e-01 5.000355839729e-01 2.064037472010e-01 2.237422168255e-01 4.201200306416e-01 1.147125959396e+00 1.084522128105e+00 1.413906335831e+00 1.422918319702e+00 1.333957195282e+00 1.260376214981e+00 1.194583177567e+00 1.139749765396e+00 1.213393926620e+00 1.486541152000e+00 1.270715475082e+00 5.200785398483e-01 2.119377553463e-01 2.492801696062e-01 2.729007303715e-01 1.885138750076e-01 1.865307539701e-01 1.318941563368e-01 1.299570947886e-01 9.590504318476e-02 1.079441532493e-01
