VariationalSeries/SI/f131_max.grd
DSAA
101	101
32.816463539100	34.260883539100
35.556306596100	36.727886596100
6.675977056148e-05	1.097211456299e+01
[rows 57 to 75 of 101, columns 43 to 85 of 101]
4.623219370842e-02 5.513809993863e-02 2.797086164355e-02 3.100271895528e-02 3.067216090858e-02 4.939924553037e-02 5.572442337871e-02 7.504442334175e-02 6.551701575518e-02 3.573456779122e-02 2.477702684700e-02 2.082565240562e-02 1.537386048585e-02 2.729761414230e-02 1.133276298642e-01 3.807901740074e-01 8.456146717072e-01 7.957673668861e-01 1.137198090553e+00 3.884924352169e-01 1.122957020998e-01 8.572246879339e-02 1.553865075111e-01 2.847947776318e-01 4.873545169830e-01 4.417415559292e-01 4.806105494499e-01 3.905955255032e-01 5.089028477669e-01 4.696203470230e-01 4.962771236897e-01 3.698559105396e-01 3.839791119099e-01 5.391066670418e-01 3.347422778606e-01 2.102920711040e-01 2.455281466246e-01 3.446315824986e-01 4.320591092110e-01 3.125451207161e-01 1.302770525217e-01 1.141908764839e-01 1.104264482856e-01
3.692084178329e-02 6.107020378113e-02 2.260395698249e-02 2.404511533678e-02 2.381941862404e-02 3.583338856697e-02 6.995674967766e-02 2.249980121851e-01 1.789685636759e-01 3.853509947658e-02 2.289196662605e-02 1.574866659939e-02 1.206727139652e-02 1.193812582642e-02 2.358712442219e-02 2.267837226391e-01 2.659329771996e-01 2.779757976532e-01 2.253034561872e-01 2.281228005886e-01 1.668169051409e-01 1.267501413822e-01 9.779306501150e-02 5.905797332525e-02 1.525896340609e-01 3.037376701832e-01 5.296370983124e-01 5.397707819939e-01 5.888823866844e-01 3.239031136036e-01 4.273035228252e-01 3.900609016418e-01 3.343421816826e-01 2.931726276875e-01 2.981006205082e-01 2.245157361031e-01 2.203626930714e-01 2.653717696667e-01 2.609302699566e-01 2.391364574432e-01 2.482441961765e-01 2.602981328964e-01 2.436239868402e-01
3.080155700445e-02 2.969547361135e-02 2.058054506779e-02 2.188885770738e-02 2.225584723055e-02 3.262354061007e-02 9.932381659746e-02 2.519831061363e-01 2.541817426682e-01 5.713124200702e-02 2.372326329350e-02 1.345736812800e-02 9.547347202897e-03 8.661002852023e-03 8.879514411092e-03 1.111900340766e-02 1.534094382077e-02 2.089767716825e-02 2.704923041165e-02 3.352097794414e-02 3.936799243093e-02 4.623953998089e-02 3.112151287496e-02 3.127262741327e-02 7.458585500717e-02 3.470232486725e-01 5.978708863258e-01 6.781810522079e-01 6.515244245529e-01 6.577208042145e-01 4.337969422340e-01 3.762533068657e-01 3.194382488728e-01 2.899602651596e-01 4.073095619678e-01 3.510398566723e-01 2.911628186703e-01 1.822748780251e-01 1.963767409325e-01 1.650442779064e-01 1.453172862530e-01 1.374768465757e-01 1.201349273324e-01
2.840973250568e-02 2.557362802327e-02 1.992210187018e-02 2.219844982028e-02 2.523452974856e-02 3.313517197967e-02 2.193895429373e-01 2.568965852261e-01 3.165462911129e-01 4.415124654770e-02 2.080639079213e-02 1.296769361943e-02 8.633923716843e-03 7.003611885011e-03 6.691555492580e-03 7.057249546051e-03 8.649044670165e-03 1.139378920197e-02 1.640918292105e-02 1.909354887903e-02 2.194494381547e-02 4.397127777338e-02 2.262188307941e-02 2.083914726973e-02 6.365235149860e-02 1.422286778688e-01 5.075110197067e-01 5.624793171883e-01 5.983709096909e-01 6.389757394791e-01 5.319157838821e-01 4.124029278755e-01 2.864471971989e-01 3.676250874996e-01 2.558999657631e-01 2.251717895269e-01 1.867011189461e-01 1.543529629707e-01 1.451220363379e-01 1.427426338196e-01 1.513796448708e-01 2.145061641932e-01 2.989795506001e-01
2.407228015363e-02 1.874982379377e-02 1.957708969712e-02 2.356064878404e-02 3.651510924101e-02 5.976181849837e-02 1.814478933811e-01 4.025300145149e-01 1.557525992393e-01 2.466092631221e-02 1.515047438443e-02 1.104778237641e-02 7.881234399974e-03 5.916137713939e-03 5.412274040282e-03 5.421287845820e-03 5.903355777264e-03 7.898210547864e-03 1.087418943644e-02 1.243476010859e-02 1.292818319052e-02 2.689219266176e-02 1.607022620738e-02 1.740435697138e-02 3.913801908493e-02 1.331764012575e-01 3.604002296925e-01 4.895725548267e-01 5.077857375145e-01 3.868043422699e-01 2.987174987793e-01 4.267202913761e-01 2.917620241642e-01 2.060045599937e-01 2.287953644991e-01 2.885335981846e-01 2.613010108471e-01 1.851857602596e-01 1.729345321655e-01 1.685454994440e-01 1.633736640215e-01 1.808715015650e-01 2.246447950602e-01
1.747276447713e-02 1.437971461564e-02 1.798672042787e-02 4.237825423479e-02 9.604778140783e-02 2.226940542459e-01 3.267813622952e-01 2.059112936258e-01 2.187306806445e-02 1.495532598346e-02 1.072843000293e-02 8.833550848067e-03 6.892630830407e-03 5.638056434691e-03 4.961799830198e-03 5.171260330826e-03 5.411241203547e-03 6.534697953612e-03 9.430524893105e-03 1.160045713186e-02 1.232097018510e-02 1.306440960616e-02 1.312387455255e-02 1.959101483226e-02 4.755925014615e-02 1.244160905480e-01 1.527535915375e-01 1.526385098696e-01 2.939908802509e-01 3.410537242889e-01 3.991722762585e-01 2.548296451569e-01 3.297682404518e-01 2.420490086079e-01 2.703740000725e-01 3.194505274296e-01 6.386142969131e-01 4.030195474625e-01 2.372085452080e-01 1.946476995945e-01 2.002370059490e-01 1.967652142048e-01 1.900454163551e-01
1.128112990409e-02 1.178010832518e-02 1.489413995296e-02 1.882064156234e-02 4.137009754777e-02 2.566216289997e-01 1.670337319374e-01 2.224252559245e-02 1.300557423383e-02 1.145254168659e-02 9.605165570974e-03 8.118724450469e-03 6.359991617501e-03 5.425347946584e-03 4.832816775888e-03 5.332344677299e-03 5.529253743589e-03 5.392018239945e-03 7.758027873933e-03 9.898984804749e-03 1.118414569646e-02 1.112348772585e-02 1.395354792476e-02 2.266760170460e-02 7.062692195177e-02 1.400554329157e-01 8.305059373379e-02 1.086413934827e-01 1.010397449136e-01 5.232768654823e-01 7.612385153770e-01 4.112298190594e-01 2.259401679039e-01 3.093094527721e-01 1.221250668168e-01 1.286168843508e-01 4.772218465805e-01 2.297781705856e-01 1.872570812702e-01 1.434982120991e-01 1.474590450525e-01 1.644339263439e-01 1.771997660398e-01
9.468484669924e-03 1.029486861080e-02 1.206396240741e-02 1.525962725282e-02 1.729340478778e-02 2.403190732002e-02 2.657111734152e-02 1.811316981912e-02 9.417116641998e-03 9.721544571221e-03 8.521770127118e-03 7.801721338183e-03 6.387378089130e-03 5.160107277334e-03 5.281962919980e-03 5.385874304920e-03 5.757940467447e-03 5.715669598430e-03 6.534985732287e-03 8.391309529543e-03 9.982720017433e-03 1.060329284519e-02 1.120154093951e-02 1.862269267440e-02 5.224358662963e-02 3.226164355874e-02 3.106192313135e-02 5.103058740497e-02 1.154830306768e-01 2.288669198751e-01 2.396588921547e-01 3.025670945644e-01 4.826449453831e-01 2.588527202606e-01 2.466119080782e-01 1.917320489883e-01 1.962144672871e-01 1.662363111973e-01 8.847012370825e-02 1.103836521506e-01 1.078301444650e-01 1.164199709892e-01 1.463967114687e-01
7.439274340868e-03 8.391147479415e-03 9.994938038290e-03 1.225573197007e-02 1.317491568625e-02 1.466341037303e-02 1.551723573357e-02 9.703914634883e-03 8.260906673968e-03 8.598414249718e-03 8.016479201615e-03 6.951695308089e-03 5.804954096675e-03 5.203971173614e-03 5.157570354640e-03 5.909970961511e-03 5.801260937005e-03 4.988202359527e-03 5.775562953204e-03 7.331408560276e-03 8.678082376719e-03 1.015425287187e-02 1.440856792033e-02 1.507528033108e-02 1.531264744699e-02 2.137021534145e-02 2.081035450101e-02 5.108371004462e-02 7.138584554195e-02 9.607940912247e-02 1.994215250015e-01 3.495448231697e-01 2.590804100037e-01 4.727518558502e-01 3.021728098392e-01 1.698471456766e-01 1.410935074091e-01 1.283376663923e-01 1.543700546026e-01 1.452455520630e-01 1.809966713190e-01 1.780946403742e-01 2.070971876383e-01
6.868594791740e-03 6.798766087741e-03 7.653380278498e-03 8.680672384799e-03 9.356243535876e-03 9.221580810845e-03 8.814135566354e-03 8.485322818160e-03 9.180926717818e-03 9.075008332729e-03 8.452997542918e-03 7.363445591182e-03 6.021877285093e-03 5.334535147995e-03 4.823094699532e-03 4.725164268166e-03 5.329993087798e-03 5.405401811004e-03 5.470992065966e-03 6.603394169360e-03 7.648072205484e-03 9.039848111570e-03 1.385519560426e-02 1.557656005025e-02 1.679794490337e-02 3.482040017843e-02 4.788952320814e-02 6.154249608517e-02 8.636493235826e-02 9.326465427876e-02 2.039882987738e-01 3.872241079807e-01 1.829952895641e-01 1.949179321527e-01 3.447735309601e-01 2.912990152836e-01 2.023541778326e-01 1.718926131725e-01 2.154529839754e-01 1.108788177371e-01 1.470518857241e-01 1.785733699799e-01 2.132475525141e-01
5.643037613481e-03 6.399565842003e-03 6.721387617290e-03 6.794458720833e-03 7.609500084072e-03 8.185390383005e-03 8.817467838526e-03 7.826415821910e-03 7.538195699453e-03 7.777770981193e-03 8.355289697647e-03 8.314340375364e-03 7.154112216085e-03 6.061187479645e-03 5.745771341026e-03 5.188358016312e-03 4.469319246709e-03 4.973183386028e-03 5.630755331367e-03 6.225301884115e-03 6.836364511400e-03 7.852810434997e-03 1.179110724479e-02 1.150908414274e-02 1.273254957050e-02 3.151103481650e-02 6.736908853054e-02 9.090860188007e-02 1.278792470694e-01 6.719228625298e-02 1.978829354048e-01 9.900021553040e-02 1.062781289220e-01 1.226807832718e-01 1.956778019667e-01 2.144529819489e-01 2.777450680733e-01 2.528257966042e-01 1.882040202618e-01 1.609087735415e-01 1.232259199023e-01 1.326974481344e-01 1.069976314902e-01
5.529056303203e-03 6.114179734141e-03 6.084689404815e-03 6.192896515131e-03 6.617995910347e-03 7.356250192970e-03 7.961355149746e-03 7.111175917089e-03 5.580729804933e-03 5.961094982922e-03 6.470835302025e-03 7.594733033329e-03 7.883972488344e-03 6.549647543579e-03 6.172747816890e-03 7.471043616533e-03 6.623326800764e-03 5.396458320320e-03 5.875462200493e-03 6.118102464825e-03 7.457638159394e-03 8.279856294394e-03 9.250975213945e-03 1.139890681952e-02 1.322591770440e-02 2.298500947654e-02 4.846694320440e-02 5.774411186576e-02 7.930815964937e-02 4.492422938347e-02 9.535538405180e-02 7.292406260967e-02 1.212561875582e-01 7.415354251862e-02 1.463431715965e-01 1.094158515334e-01 1.736533790827e-01 2.129102498293e-01 1.896861791611e-01 2.557409703732e-01 2.324752956629e-01 1.858908981085e-01 1.636305451393e-01
5.325140897185e-03 5.757478065789e-03 5.537361372262e-03 5.636896006763e-03 5.661989096552e-03 5.513930227607e-03 6.107072811574e-03 5.773113109171e-03 6.895785219967e-03 7.465191185474e-03 6.776198744774e-03 6.848078686744e-03 7.535456679761e-03 7.842934690416e-03 7.174463476986e-03 9.265011176467e-03 8.247544057667e-03 6.306597962976e-03 6.340267602354e-03 6.303994916379e-03 7.245571352541e-03 7.861644960940e-03 8.847964927554e-03 1.175756659359e-02 1.381620205939e-02 2.061007730663e-02 3.096957132220e-02 3.572968393564e-02 3.836255148053e-02 4.847707226872e-02 8.081883937120e-02 1.239721998572e-01 8.368785679340e-02 1.983515918255e-01 6.970026344061e-02 9.094136208296e-02 1.857619583607e-01 2.599607706070e-01 1.272604912519e-01 1.438945084810e-01 9.159307926893e-02 1.726705878973e-01 1.523927748203e-01
4.750415217131e-03 5.133547820151e-03 4.936345852911e-03 4.851081408560e-03 4.503657575697e-03 4.557307809591e-03 4.809891339391e-03 6.342127919197e-03 7.880037650466e-03 8.098049089313e-03 7.075360044837e-03 7.817004807293e-03 8.699241094291e-03 8.461681194603e-03 8.396546356380e-03 8.707601577044e-03 9.344760328531e-03 1.093565486372e-02 9.802280925214e-03 8.802637457848e-03 9.063967503607e-03 9.750141762197e-03 1.165152993053e-02 1.195317599922e-02 1.443962752819e-02 1.775342971087e-02 2.919510565698e-02 2.911049686372e-02 5.203828588128e-02 1.053069308400e-01 1.309389919043e-01 6.704445183277e-02 6.726149469614e-02 2.020345181227e-01 1.071284040809e-01 1.318462491035e-01 1.169232428074e-01 1.516074687243e-01 1.107324436307e-01 4.241451993585e-02 4.037491604686e-02 5.451662093401e-02 1.078631728888e-01
4.372495692223e-03 4.377943463624e-03 4.348116926849e-03 4.288565833122e-03 4.405727609992e-03 4.663497209549e-03 4.955166950822e-03 5.916234105825e-03 6.635223049670e-03 6.302061025053e-03 7.426293101162e-03 7.993083447218e-03 7.762828841805e-03 8.162594400346e-03 1.116930507123e-02 1.554560009390e-02 1.762378588319e-02 2.233561873436e-02 2.228193730116e-02 2.399014867842e-02 1.712202653289e-02 1.633765362203e-02 1.894790120423e-02 1.586656272411e-02 1.811317168176e-02 2.503756061196e-02 7.509043067694e-02 7.007021456957e-02 6.742990761995e-02 9.092172980309e-02 5.126839503646e-02 5.405826121569e-02 7.236585766077e-02 4.149692505598e-02 2.247284650803e-01 3.127822577953e-01 2.793144285679e-01 6.462591886520e-02 3.060447052121e-02 2.529103308916e-02 2.472479082644e-02 2.923569269478e-02 3.085723519325e-02
4.064084962010e-03 4.216558765620e-03 4.057934042066e-03 4.368565045297e-03 4.674020223320e-03 5.347860511392e-03 5.349414888769e-03 6.196024827659e-03 6.785328034312e-03 7.888584397733e-03 8.176414296031e-03 9.708946570754e-03 1.017826888710e-02 9.417113848031e-03 2.275476604700e-02 8.166073262691e-02 6.453672051430e-02 3.848810493946e-02 4.329227283597e-02 5.389397218823e-02 3.983275964856e-02 2.096473984420e-02 2.440149337053e-02 3.057036176324e-02 2.970466203988e-02 5.538048222661e-02 7.788591831923e-02 6.901519745588e-02 5.627676472068e-02 5.083855986595e-02 5.768487229943e-02 5.374922230840e-02 4.064328223467e-02 3.389867767692e-02 5.750125274062e-02 2.642980515957e-01 2.754338979721e-01 5.680491030216e-02 2.020288817585e-02 2.058004960418e-02 1.851148158312e-02 1.778777502477e-02 2.925740741193e-02
4.075014498085e-03 4.391125869006e-03 5.558539647609e-03 6.213088519871e-03 5.703220143914e-03 9.453855454922e-03 1.111543830484e-02 1.129845064133e-02 9.545729495585e-03 9.334334172308e-03 1.024256739765e-02 1.287591271102e-02 1.283848471940e-02 4.732766747475e-02 3.342609405518e-01 4.207661151886e-01 1.962449997663e-01 1.122348830104e-01 8.972072601318e-02 7.009781897068e-02 3.347817435861e-02 3.329907357693e-02 7.264676690102e-02 1.549989283085e-01 1.270962208509e-01 6.776382774115e-02 7.915379852057e-02 6.445059925318e-02 6.826227158308e-02 4.713038355112e-02 1.165505200624e-01 4.666966199875e-02 3.592612966895e-02 2.539371512830e-02 1.684129983187e-02 5.444888770580e-02 6.011058390141e-02 1.470868848264e-02 9.877700358629e-03 1.162406895310e-02 1.437237858772e-02 1.606672257185e-02 1.502350531518e-02
4.997877404094e-03 7.861959747970e-03 1.071846205741e-02 1.164802256972e-02 1.502299960703e-02 1.997314766049e-02 1.962364464998e-02 1.731012389064e-02 1.488307397813e-02 1.147744711488e-02 1.382870599627e-02 1.529389619827e-02 8.511523902416e-02 4.692368805408e-01 6.415737271309e-01 2.236597687006e-01 7.066670805216e-02 4.323866218328e-02 4.400386288762e-02 3.848589956760e-02 3.688771277666e-02 8.402632176876e-02 1.656429320574e-01 2.200284302235e-01 1.770070344210e-01 9.106475859880e-02 6.279371678829e-02 4.616422206163e-02 4.178561642766e-02 3.722422942519e-02 5.013296753168e-02 2.307145297527e-02 2.608145028353e-02 2.114394493401e-02 1.328249275684e-02 7.875370793045e-03 6.493123713881e-03 6.323918700218e-03 6.642896216363e-03 8.273467421532e-03 1.110920030624e-02 1.404890231788e-02 1.437212340534e-02
8.278686553240e-03 1.238026842475e-02 1.644761487842e-02 2.201959118247e-02 4.261557385325e-02 4.220772907138e-02 5.905515328050e-02 4.251624643803e-02 4.833211004734e-02 2.870905026793e-02 1.614573784173e-02 1.110506057739e-01 4.472995996475e-01 4.452033340931e-01 1.164740473032e-01 3.508678078651e-02 6.513962894678e-02 8.604446053505e-02 6.078459694982e-02 7.069239765406e-02 8.545754849911e-02 8.591631799936e-02 1.252360641956e-01 1.023290157318e-01 6.921555846930e-02 5.394012853503e-02 3.362617641687e-02 1.306285522878e-02 1.342027913779e-02 1.325906906277e-02 1.698249951005e-02 1.242250204086e-02 1.094171032310e-02 7.559620775282e-03 7.729746866971e-03 7.872872054577e-03 8.126669563353e-03 8.530361577868e-03 9.072270244360e-03 9.770878590643e-03 9.878875687718e-03 1.179398596287e-02 1.494344603270e-02
