VariationalSeries/SI/f131_max.grd
DSAA
101	101
32.816463539100	34.260883539100
35.556306596100	36.727886596100
6.675977056148e-05	1.097211456299e+01
[rows 0 to 18 of 101, columns 0 to 42 of 101]
1.012476906180e-02 1.809674128890e-02 1.603520847857e-02 9.594894014299e-03 8.061714470387e-03 1.050539966673e-02 2.092951163650e-02 2.917321957648e-02 2.608857490122e-02 1.557584479451e-02 9.851194918156e-03 1.132329460233e-02 1.202133111656e-02 1.160668395460e-02 9.952615946531e-03 1.516340672970e-02 2.278942801058e-02 2.637603506446e-02 1.878926716745e-02 1.220291573554e-02 1.390268281102e-02 1.488039828837e-02 1.096863206476e-02 9.836022742093e-03 1.045074779540e-02 1.428859308362e-02 2.089571207762e-02 2.386486157775e-02 3.107984177768e-02 2.476681396365e-02 1.899336464703e-02 1.784768328071e-02 1.548806577921e-02 1.228898577392e-02 9.996961802244e-03 9.679563343525e-03 8.899525739253e-03 1.206289511174e-02 1.693475805223e-02 1.942725665867e-02 1.627221703529e-02 1.381288096309e-02 1.315892580897e-02
1.874025352299e-02 3.536579012871e-02 3.468660265207e-02 2.422344684601e-02 1.711277663708e-02 2.031377702951e-02 4.028202965856e-02 5.569982528687e-02 4.927415773273e-02 2.870650403202e-02 1.691629365087e-02 1.934727281332e-02 2.043364010751e-02 1.945373229682e-02 1.696990802884e-02 2.255311235785e-02 3.590628504753e-02 4.699989780784e-02 4.243238642812e-02 2.529102936387e-02 2.535927854478e-02 3.886126726866e-02 2.043866366148e-02 1.834791898727e-02 2.155669406056e-02 2.792045474052e-02 3.503128513694e-02 3.999201953411e-02 5.910459160805e-02 4.601486399770e-02 3.087350167334e-02 2.797795459628e-02 2.614847384393e-02 2.113430202007e-02 2.273093722761e-02 2.376378886402e-02 2.389150857925e-02 2.683369629085e-02 3.375897184014e-02 3.397758677602e-02 2.513891458511e-02 2.491429634392e-02 2.722303755581e-02
1.832895912230e-02 3.762483596802e-02 4.217469692230e-02 3.612414374948e-02 2.321772277355e-02 2.345090731978e-02 4.661312326789e-02 6.332445889711e-02 5.425304174423e-02 2.972498908639e-02 2.136475779116e-02 2.408869005740e-02 2.489003539085e-02 2.303081564605e-02 1.896518282592e-02 1.825663447380e-02 2.358034998178e-02 3.522718697786e-02 4.028136283159e-02 3.274427726865e-02 4.006367921829e-02 6.007647141814e-02 2.630376629531e-02 2.272344380617e-02 2.867006883025e-02 3.470782190561e-02 3.602727502584e-02 3.629207983613e-02 6.888400763273e-02 5.160254240036e-02 2.991508319974e-02 2.564928121865e-02 3.578454628587e-02 1.904217526317e-02 2.139509096742e-02 2.456876263022e-02 3.080006688833e-02 3.902842104435e-02 4.081399366260e-02 3.381513804197e-02 3.456418216228e-02 2.311013266444e-02 3.051443584263e-02
1.626602374017e-02 3.580318763852e-02 4.268350824714e-02 4.363397136331e-02 3.507732227445e-02 2.401245571673e-02 4.872332140803e-02 6.479328125715e-02 5.243068933487e-02 2.552800439298e-02 2.364577539265e-02 2.610457688570e-02 2.599412202835e-02 2.312820218503e-02 1.839191839099e-02 1.863968931139e-02 1.778560504317e-02 2.045460045338e-02 2.662202157080e-02 3.029020875692e-02 6.720227748156e-02 7.645799964666e-02 2.947036921978e-02 2.495168335736e-02 3.162502497435e-02 3.626717999578e-02 3.469305112958e-02 3.313088044524e-02 6.900271028280e-02 5.016880482435e-02 2.541328407824e-02 2.066393941641e-02 4.124757274985e-02 2.192919142544e-02 2.396770939231e-02 3.390236571431e-02 4.195056483150e-02 4.371773451567e-02 3.700298815966e-02 4.282849282026e-02 4.173518717289e-02 2.561701647937e-02 2.797265164554e-02
1.590868271887e-02 3.424976766109e-02 4.054854810238e-02 4.485600069165e-02 4.293231293559e-02 3.034677729011e-02 4.972065240145e-02 6.473212689161e-02 4.914995655417e-02 2.164630964398e-02 2.536117658019e-02 2.699904516339e-02 2.614736743271e-02 2.602878026664e-02 2.389709092677e-02 2.017950080335e-02 1.965129561722e-02 1.938207075000e-02 2.745776250958e-02 5.563729256392e-02 9.341924637556e-02 8.399897813797e-02 3.162395954132e-02 3.553583472967e-02 3.164007514715e-02 3.543407097459e-02 3.178437054157e-02 3.297750279307e-02 6.531818211079e-02 4.726064205170e-02 3.003170341253e-02 2.349356189370e-02 4.397877305746e-02 2.685848996043e-02 3.769509866834e-02 4.512435197830e-02 4.561730846763e-02 3.850449994206e-02 2.650664001703e-02 4.396164044738e-02 5.102402344346e-02 3.423406928778e-02 2.215295284986e-02
1.484637800604e-02 2.987161837518e-02 3.610522300005e-02 3.950830921531e-02 4.384278506041e-02 3.650760278106e-02 4.968112334609e-02 6.264977902174e-02 4.429582878947e-02 2.403938397765e-02 2.693251334131e-02 2.957284823060e-02 3.152236714959e-02 3.050780855119e-02 2.744714729488e-02 2.234018035233e-02 1.807267777622e-02 2.052740007639e-02 4.372214898467e-02 7.932379096746e-02 1.086944416165e-01 8.297015726566e-02 3.554230555892e-02 5.411609262228e-02 3.327503055334e-02 3.322438150644e-02 2.846984006464e-02 3.583548218012e-02 5.842940881848e-02 4.724052920938e-02 3.035208210349e-02 2.553946338594e-02 5.100497230887e-02 4.023525863886e-02 4.775500670075e-02 4.720901325345e-02 3.918062895536e-02 2.709160558879e-02 2.983309887350e-02 4.141872376204e-02 6.250049173832e-02 3.977465257049e-02 2.156114205718e-02
1.870367303491e-02 3.322217240930e-02 3.065560758114e-02 3.035100735724e-02 3.784438222647e-02 3.666886314750e-02 4.889979958534e-02 5.987847223878e-02 3.975026309490e-02 2.650909312069e-02 2.974443882704e-02 3.385216370225e-02 3.430397436023e-02 3.190141916275e-02 2.715307287872e-02 2.564003132284e-02 2.431194297969e-02 3.028110414743e-02 5.901392549276e-02 9.477956593037e-02 1.125605851412e-01 7.577633857727e-02 4.705606773496e-02 6.859640032053e-02 4.821637645364e-02 3.024649433792e-02 2.783225663006e-02 6.648724526167e-02 9.325765073299e-02 6.018315255642e-02 3.366743400693e-02 2.860937081277e-02 5.601407214999e-02 4.717836901546e-02 4.717332869768e-02 3.916807100177e-02 2.730030380189e-02 2.989860251546e-02 4.333670064807e-02 5.471530929208e-02 6.419400125742e-02 4.702062159777e-02 2.153960801661e-02
1.897800713778e-02 3.796320408583e-02 3.922774270177e-02 2.839287184179e-02 2.710850164294e-02 3.069209307432e-02 4.822041466832e-02 5.854408815503e-02 3.702150657773e-02 2.865398302674e-02 3.358341008425e-02 3.584872186184e-02 3.466600179672e-02 3.058383241296e-02 2.865507267416e-02 3.246513754129e-02 3.618966042995e-02 3.997415676713e-02 7.234425097704e-02 1.028358116746e-01 1.104822084308e-01 6.810428947210e-02 5.106354877353e-02 7.542514055967e-02 5.864682048559e-02 3.736360743642e-02 2.683980762959e-02 1.010688766837e-01 1.307143270969e-01 7.057081907988e-02 3.679495677352e-02 3.441977128386e-02 5.532214045525e-02 4.331517592072e-02 4.020947962999e-02 2.853284776211e-02 2.861981466413e-02 4.265105351806e-02 5.635626986623e-02 6.225514784455e-02 5.645222961903e-02 5.893054604530e-02 2.482342161238e-02
1.641343906522e-02 3.588850051165e-02 4.463082551956e-02 4.062630236149e-02 2.698911353946e-02 2.652668766677e-02 4.769773036242e-02 5.803710222244e-02 3.563515841961e-02 3.199564665556e-02 3.560516238213e-02 3.595248982310e-02 3.291177004576e-02 2.829872258008e-02 2.985640615225e-02 3.451839834452e-02 4.682166129351e-02 4.797014966607e-02 7.983686029911e-02 1.012722104788e-01 1.002577915788e-01 5.910319089890e-02 5.209477618337e-02 7.211291044950e-02 6.326969712973e-02 4.315024614334e-02 3.387699276209e-02 1.304038912058e-01 1.525906026363e-01 7.775570452213e-02 4.038500785828e-02 3.281433880329e-02 5.612690746784e-02 3.745962306857e-02 4.414593055844e-02 4.421257972717e-02 4.275736957788e-02 5.735361576080e-02 6.598263233900e-02 6.237853318453e-02 4.582445323467e-02 7.315850257874e-02 2.914919145405e-02
1.664124056697e-02 2.980318851769e-02 4.207179695368e-02 4.766331985593e-02 4.065721109509e-02 2.680373378098e-02 4.781591519713e-02 5.794691666961e-02 3.482054919004e-02 3.385222330689e-02 3.569994121790e-02 3.417965397239e-02 3.727810457349e-02 4.059429839253e-02 4.245217889547e-02 4.304216802120e-02 5.082582309842e-02 5.554059520364e-02 8.218696713448e-02 9.393385052681e-02 8.685939759016e-02 5.037100240588e-02 4.705629125237e-02 6.301837414503e-02 6.110903620720e-02 4.434337839484e-02 3.663193807006e-02 1.479926854372e-01 1.620821058750e-01 8.055821806192e-02 3.541094437242e-02 2.841199748218e-02 6.083083897829e-02 3.718252480030e-02 4.520044103265e-02 4.599700868130e-02 5.945301428437e-02 6.847283989191e-02 6.699747592211e-02 5.366294458508e-02 3.841180354357e-02 7.948926836252e-02 4.026072844863e-02
1.670971140265e-02 3.348251804709e-02 3.468392789364e-02 4.559033736587e-02 4.989952594042e-02 4.013002663851e-02 4.739506170154e-02 5.702791363001e-02 3.367885202169e-02 3.419352695346e-02 3.749953955412e-02 4.389446228743e-02 4.866462945938e-02 5.130432918668e-02 5.252180248499e-02 5.297422036529e-02 5.241145566106e-02 6.887052208185e-02 9.660060703754e-02 1.023897081614e-01 8.605522662401e-02 6.359975039959e-02 4.464268311858e-02 5.374083667994e-02 5.511344969273e-02 3.949291631579e-02 4.245844483376e-02 1.561384052038e-01 1.658388823271e-01 7.889445126057e-02 3.397474065423e-02 3.202992305160e-02 5.959825962782e-02 3.949452936649e-02 5.246488749981e-02 6.365007162094e-02 7.099953293800e-02 6.964608281851e-02 5.776925384998e-02 4.458552971482e-02 4.348991811275e-02 7.637936621904e-02 5.237651243806e-02
1.413963641971e-02 2.978648990393e-02 3.567091003060e-02 3.790706023574e-02 4.926300793886e-02 5.194524303079e-02 4.596501216292e-02 5.496035516262e-02 3.338843584061e-02 4.042689874768e-02 4.704076424241e-02 5.242234468460e-02 5.610079318285e-02 5.819513276219e-02 5.889328569174e-02 5.876283720136e-02 5.813463404775e-02 9.163409471512e-02 1.253126710653e-01 1.302524060011e-01 1.122229173779e-01 8.791043609381e-02 6.429935246706e-02 4.560175910592e-02 6.403762102127e-02 6.137626245618e-02 5.198102444410e-02 1.498157829046e-01 1.467100530863e-01 7.178051024675e-02 4.387393593788e-02 5.193721503019e-02 5.605266615748e-02 6.305051594973e-02 7.151190191507e-02 7.472139596939e-02 7.165952771902e-02 6.184515729547e-02 5.926346778870e-02 6.866819411516e-02 5.167952552438e-02 6.529534608126e-02 6.277763098478e-02
1.217499841005e-02 2.316127158701e-02 2.966623753309e-02 3.511988744140e-02 4.163822531700e-02 5.279570817947e-02 5.307560786605e-02 5.199329927564e-02 4.145056381822e-02 4.819416999817e-02 5.301272496581e-02 5.607095360756e-02 5.788938328624e-02 5.888478085399e-02 5.893614888191e-02 5.860649794340e-02 5.858446285129e-02 1.008151024580e-01 1.362594813108e-01 1.391446441412e-01 1.202780678868e-01 9.791075438261e-02 7.650325447321e-02 5.592645332217e-02 8.612198382616e-02 8.327378332615e-02 7.021113485098e-02 1.304238289595e-01 1.150886416435e-01 6.103383004665e-02 7.679619640112e-02 8.668038249016e-02 8.634731918573e-02 8.351315557957e-02 8.133773505688e-02 7.881926745176e-02 7.642616331577e-02 7.250680774450e-02 6.631822884083e-02 9.303352236748e-02 5.784628540277e-02 4.964909702539e-02 8.090338110924e-02
1.508383080363e-02 2.930436842144e-02 2.882157452404e-02 2.698881737888e-02 3.309461474419e-02 4.528237506747e-02 5.649714544415e-02 5.392700061202e-02 4.611770436168e-02 5.125202983618e-02 5.381109192967e-02 5.461819842458e-02 5.419629439712e-02 5.293515697122e-02 5.152417719364e-02 5.122654512525e-02 5.249686911702e-02 9.249818325043e-02 1.225512102246e-01 1.266852319241e-01 1.137269139290e-01 9.639180451632e-02 7.954289019108e-02 6.283046305180e-02 8.507467806339e-02 8.789878338575e-02 7.763707637787e-02 1.066856309772e-01 8.393289893866e-02 6.676614284515e-02 9.016025811434e-02 1.020162999630e-01 9.733571112156e-02 8.789677917957e-02 7.897824048996e-02 7.427473366261e-02 7.013668119907e-02 6.533854454756e-02 5.971987545490e-02 9.837926179171e-02 9.011181443930e-02 5.128456279635e-02 9.189419448376e-02
1.945800147951e-02 3.892060369253e-02 3.910432755947e-02 3.837547078729e-02 3.710536658764e-02 3.524901717901e-02 4.952087253332e-02 6.038080900908e-02 5.341242998838e-02 5.011329799891e-02 5.074786767364e-02 4.962567612529e-02 4.738275334239e-02 4.440155625343e-02 4.180481657386e-02 4.229182004929e-02 4.275590926409e-02 7.302124798298e-02 9.412585198879e-02 9.927725046873e-02 9.288945049047e-02 8.340457826853e-02 7.359396666288e-02 6.307233124971e-02 6.663239002228e-02 7.268748432398e-02 7.102657854557e-02 1.084724664688e-01 6.150049716234e-02 6.791006773710e-02 8.800914138556e-02 9.778875112534e-02 9.362988919020e-02 7.743182033300e-02 5.713921785355e-02 5.922475084662e-02 5.046851933002e-02 5.340770632029e-02 5.201077088714e-02 8.109904825687e-02 1.202170252800e-01 5.199689418077e-02 9.239362180233e-02
1.974056102335e-02 4.011566191912e-02 4.155432060361e-02 4.355226457119e-02 4.506751894951e-02 4.547312855721e-02 4.522382095456e-02 5.423810705543e-02 6.311615556479e-02 5.066761747003e-02 4.554896056652e-02 4.316514357924e-02 4.010203853250e-02 3.778133541346e-02 4.067644849420e-02 4.324087128043e-02 4.606979712844e-02 6.016071885824e-02 6.586010754108e-02 7.063549757004e-02 6.917882710695e-02 6.417580693960e-02 5.991793423891e-02 5.679501220584e-02 5.436201393604e-02 5.334209650755e-02 7.071647793055e-02 1.147955879569e-01 7.836364954710e-02 7.667941600084e-02 9.113470464945e-02 9.255979210138e-02 7.756242901087e-02 7.757407426834e-02 4.188536852598e-02 7.030493766069e-02 6.698182970285e-02 6.204716116190e-02 5.323247238994e-02 5.679713934660e-02 1.364156156778e-01 7.417684048414e-02 8.187428861856e-02
2.137670107186e-02 3.690208122134e-02 3.679217770696e-02 3.842864185572e-02 4.161033034325e-02 4.577385634184e-02 4.851741343737e-02 4.997748509049e-02 5.806200578809e-02 6.146468594670e-02 5.265547707677e-02 5.075401067734e-02 5.123566463590e-02 4.644912853837e-02 4.194421321154e-02 4.741995036602e-02 5.238373205066e-02 6.188869476318e-02 6.246576830745e-02 5.215924233198e-02 4.720519483089e-02 5.552893877029e-02 6.954000145197e-02 7.230751216412e-02 6.535372883081e-02 5.265338718891e-02 7.826889306307e-02 1.167998760939e-01 7.871694117785e-02 8.273793011904e-02 8.707808703184e-02 8.944579213858e-02 9.610018134117e-02 8.629666268826e-02 5.274347960949e-02 7.913827151060e-02 7.450519502163e-02 6.163315102458e-02 4.640000686049e-02 5.542820319533e-02 1.308501213789e-01 1.139066666365e-01 6.394439190626e-02
2.439223416150e-02 4.493226483464e-02 4.838915914297e-02 4.174602776766e-02 3.860852122307e-02 4.172634705901e-02 4.258374869823e-02 4.204051941633e-02 4.546509683132e-02 5.657240375876e-02 6.163096055388e-02 6.354028731585e-02 6.374890357256e-02 5.862606316805e-02 5.749934166670e-02 5.552691221237e-02 5.218402668834e-02 6.195731088519e-02 6.502113491297e-02 5.783298984170e-02 4.773586615920e-02 4.392128437757e-02 4.854496195912e-02 5.420064181089e-02 5.563345551491e-02 5.582947283983e-02 6.847850233316e-02 1.121277436614e-01 8.021486550570e-02 7.015716284513e-02 8.039917051792e-02 9.259295463562e-02 1.034173816442e-01 8.820225298405e-02 6.068267300725e-02 8.744203299284e-02 7.139074802399e-02 5.540859326720e-02 4.179083183408e-02 5.056664347649e-02 1.052141785622e-01 1.542290598154e-01 7.079143822193e-02
2.392901107669e-02 4.692486673594e-02 5.578484386206e-02 5.255178362131e-02 3.979263454676e-02 3.094719722867e-02 3.760343044996e-02 4.266073927283e-02 4.580579698086e-02 4.624306783080e-02 6.096908450127e-02 6.777646392584e-02 6.469201296568e-02 6.491097807884e-02 6.574016809464e-02 6.489577889442e-02 5.746874585748e-02 6.137533113360e-02 6.712234020233e-02 6.184538826346e-02 4.740822315216e-02 5.680594593287e-02 5.507140606642e-02 5.664601922035e-02 5.002635717392e-02 4.887613654137e-02 5.137844011188e-02 1.037544906139e-01 9.485335648060e-02 7.496670633554e-02 7.256732136011e-02 7.828906178474e-02 9.694324433804e-02 8.655826747417e-02 7.010610401630e-02 8.446837216616e-02 6.223808974028e-02 4.972679913044e-02 4.695640131831e-02 4.594281315804e-02 7.202047109604e-02 1.804115623236e-01 7.443457096815e-02
