VariationalSeries/SI/f131_max.grd
DSAA
101	101
32.816463539100	34.260883539100
35.556306596100	36.727886596100
6.675977056148e-05	1.097211456299e+01
[rows 0 to 18 of 101, columns 43 to 85 of 101]
1.593242026865e-02 2.719050459564e-02 3.132629394531e-02 2.482575364411e-02 1.730023510754e-02 1.743838191032e-02 1.500052865595e-02 1.371341943741e-02 9.022747166455e-03 1.305939257145e-02 1.732880622149e-02 2.053056471050e-02 2.451761998236e-02 3.500850871205e-02 1.572440937161e-02 1.939417049289e-02 2.462272904813e-02 2.685315720737e-02 1.814294233918e-02 1.217340677977e-02 1.374870724976e-02 1.769397221506e-02 1.816166192293e-02 1.987041532993e-02 2.014256641269e-02 1.438951119781e-02 9.649042971432e-03 9.739841334522e-03 1.841454021633e-02 2.762425504625e-02 2.218479663134e-02 1.087786071002e-02 1.373775489628e-02 8.964758366346e-03 9.165428578854e-03 7.874359376729e-03 6.735390052199e-03 6.133123766631e-03 4.512715153396e-03 4.552742000669e-03 6.067667156458e-03 1.014198362827e-02 1.007707510144e-02
2.761580049992e-02 4.924546182156e-02 6.150139495730e-02 5.442393571138e-02 4.079466313124e-02 3.775297850370e-02 3.134649991989e-02 2.659885212779e-02 2.472516894341e-02 2.868361026049e-02 3.194612637162e-02 3.642601519823e-02 4.848762229085e-02 6.991001963615e-02 2.994526177645e-02 3.684249520302e-02 4.651578515768e-02 5.025453865528e-02 3.450790420175e-02 2.347369492054e-02 2.683468908072e-02 3.374515473843e-02 3.594535589218e-02 3.472166508436e-02 3.552121669054e-02 2.996343560517e-02 1.790123060346e-02 2.023394592106e-02 4.161927476525e-02 6.618184596300e-02 3.947566822171e-02 1.794494502246e-02 2.687827497721e-02 1.650400646031e-02 1.773478835821e-02 1.467839162797e-02 1.203367952257e-02 1.079042255878e-02 8.689541369677e-03 8.689776994288e-03 1.342193502933e-02 2.054616995156e-02 1.914127916098e-02
3.477806970477e-02 5.027875304222e-02 6.869862973690e-02 6.755019724369e-02 5.490182340145e-02 5.491681396961e-02 3.716476634145e-02 3.274284303188e-02 4.414314031601e-02 4.415027424693e-02 3.174841776490e-02 4.033937305212e-02 5.166925489902e-02 7.311911880970e-02 3.481199592352e-02 4.190804064274e-02 5.204451456666e-02 5.751064047217e-02 3.975117206573e-02 3.106276690960e-02 3.112134151161e-02 3.388241678476e-02 4.043543711305e-02 4.351979121566e-02 5.236102640629e-02 4.028938338161e-02 2.327423915267e-02 2.503445185721e-02 5.465748533607e-02 8.548159152269e-02 4.046254977584e-02 2.087399549782e-02 3.095795959234e-02 1.821337267756e-02 1.979183033109e-02 1.733452640474e-02 1.540861465037e-02 1.225180923939e-02 1.007574424148e-02 1.236622780561e-02 1.700964570045e-02 2.274442091584e-02 1.958745904267e-02
4.006966575980e-02 4.551251977682e-02 6.143091246486e-02 6.672963500023e-02 5.950278043747e-02 7.352036237717e-02 3.895634040236e-02 4.475675523281e-02 6.311157345772e-02 6.500918418169e-02 4.321185499430e-02 4.219547286630e-02 5.293285101652e-02 7.378681749105e-02 3.655895218253e-02 4.670479148626e-02 5.337720736861e-02 5.992177128792e-02 4.289277270436e-02 4.077234119177e-02 3.343246504664e-02 4.221157357097e-02 5.105205997825e-02 5.030633881688e-02 6.954667717218e-02 4.970533773303e-02 2.623431757092e-02 2.983040735126e-02 6.379209458828e-02 9.275447577238e-02 3.816088289022e-02 2.323096059263e-02 3.283424302936e-02 1.843202486634e-02 2.019046433270e-02 2.209974080324e-02 1.866440102458e-02 1.406361814588e-02 1.207879744470e-02 1.529093552381e-02 2.030931040645e-02 2.369027957320e-02 1.876394823194e-02
3.939731046557e-02 5.456260219216e-02 4.845211654902e-02 5.639583617449e-02 5.485478416085e-02 9.338415414095e-02 3.749493882060e-02 5.524643510580e-02 8.061996102333e-02 8.659920841455e-02 6.100508570671e-02 4.398218169808e-02 5.441952124238e-02 7.415553927422e-02 3.787280991673e-02 5.114792659879e-02 5.401271581650e-02 6.191797181964e-02 4.749595746398e-02 5.015623196959e-02 3.950581699610e-02 5.338329449296e-02 6.486381590366e-02 6.309565156698e-02 8.650873601437e-02 5.747930705547e-02 3.143206238747e-02 3.197999298573e-02 6.757851690054e-02 8.965923637152e-02 4.119911417365e-02 2.767759189010e-02 3.397052362561e-02 2.183036878705e-02 2.500533685088e-02 2.595788612962e-02 2.074887789786e-02 1.467641443014e-02 1.535301096737e-02 1.666893623769e-02 2.370309829712e-02 2.402615360916e-02 1.795138791203e-02
3.415812551975e-02 5.791318044066e-02 4.346716776490e-02 4.469613730907e-02 4.768695682287e-02 1.131865009665e-01 4.231493175030e-02 6.285214424133e-02 9.611401706934e-02 1.079908907413e-01 7.964946329594e-02 4.636807367206e-02 5.643365904689e-02 7.446732372046e-02 4.199650883675e-02 5.483993515372e-02 5.388198792934e-02 6.368068605661e-02 4.864554852247e-02 5.822279676795e-02 4.789195209742e-02 6.466687470675e-02 7.726852595806e-02 7.394723594189e-02 1.016709432006e-01 6.197008863091e-02 3.458267822862e-02 3.739451617002e-02 6.469169259071e-02 7.273486256599e-02 4.094152525067e-02 3.199503570795e-02 3.429584950209e-02 2.439639158547e-02 2.927428483963e-02 2.885433100164e-02 2.175784483552e-02 1.534905191511e-02 1.729932427406e-02 1.863617822528e-02 2.708745934069e-02 2.444386668503e-02 1.721689105034e-02
3.114453889430e-02 5.544409900904e-02 4.361059516668e-02 3.492993861437e-02 4.420135170221e-02 1.314071267843e-01 4.681311547756e-02 6.645792722702e-02 1.067999899387e-01 1.243235915899e-01 9.657324850559e-02 5.103491619229e-02 5.821412801743e-02 7.446747273207e-02 4.249596968293e-02 5.843346193433e-02 5.296735465527e-02 6.490715593100e-02 4.688189178705e-02 6.159058213234e-02 5.481560900807e-02 7.271458953619e-02 8.569727092981e-02 7.996852695942e-02 1.127987802029e-01 6.240927428007e-02 3.338951617479e-02 4.188747331500e-02 5.543223395944e-02 5.057333037257e-02 3.833188116550e-02 3.626635670662e-02 3.405467420816e-02 2.598821185529e-02 3.266366943717e-02 3.055133856833e-02 2.165783941746e-02 1.806113682687e-02 1.705058850348e-02 2.533240802586e-02 3.095071017742e-02 2.506371960044e-02 1.607301086187e-02
3.591401129961e-02 5.293333157897e-02 4.212962090969e-02 3.932471573353e-02 4.977282881737e-02 1.487407684326e-01 5.345455557108e-02 6.429385393858e-02 1.079187393188e-01 1.312745362520e-01 1.098626181483e-01 6.675805151463e-02 6.051124259830e-02 7.488133013248e-02 4.231622442603e-02 6.180256605148e-02 5.140707269311e-02 6.571844220161e-02 4.831507429481e-02 5.833259597421e-02 5.896199494600e-02 7.649471610785e-02 8.773844689131e-02 7.995514571667e-02 1.192152276635e-01 6.011069566011e-02 3.827650845051e-02 4.989834874868e-02 4.208768531680e-02 4.037488996983e-02 4.309494048357e-02 4.055680334568e-02 3.310691192746e-02 3.355884924531e-02 3.481790423393e-02 3.076954558492e-02 2.047415263951e-02 1.855520159006e-02 2.126708254218e-02 3.409001603723e-02 3.388210758567e-02 2.385328710079e-02 1.344354078174e-02
4.036586359143e-02 5.309436097741e-02 4.181114211679e-02 4.257865995169e-02 5.513188987970e-02 1.648761183023e-01 6.041257828474e-02 5.650029331446e-02 9.854941815138e-02 1.278457343578e-01 1.177504807711e-01 8.140663802624e-02 6.293807178736e-02 8.574885874987e-02 4.766671732068e-02 6.514769792557e-02 5.139014124870e-02 6.628028303385e-02 4.929794371128e-02 5.155786871910e-02 6.157119572163e-02 7.494197040796e-02 8.326248079538e-02 8.049084246159e-02 1.184584572911e-01 5.315787345171e-02 4.565997049212e-02 5.848063156009e-02 4.112292081118e-02 4.974533617496e-02 5.436580255628e-02 4.469755291939e-02 3.848764300346e-02 4.176748916507e-02 4.267567768693e-02 2.934695966542e-02 2.004084363580e-02 1.786185614765e-02 3.381941840053e-02 4.122704640031e-02 3.273794800043e-02 1.891481503844e-02 1.597427390516e-02
4.331915080547e-02 5.409488454461e-02 4.141240566969e-02 4.171173274517e-02 6.025999411941e-02 1.778758466244e-01 6.650324165821e-02 4.635723307729e-02 8.387821167707e-02 1.166326329112e-01 1.185845881701e-01 9.299469739199e-02 6.515221297741e-02 9.254833310843e-02 5.994527786970e-02 6.885482370853e-02 6.806644797325e-02 6.727028638124e-02 4.980612918735e-02 6.169187277555e-02 6.027732789516e-02 6.939700990915e-02 7.343654334545e-02 8.982200920582e-02 1.100157052279e-01 4.259512200952e-02 5.319986492395e-02 6.703450530767e-02 4.725418984890e-02 5.769594013691e-02 6.406030803919e-02 5.258448794484e-02 4.281038790941e-02 4.431884363294e-02 4.628947004676e-02 2.650174126029e-02 1.866948232055e-02 3.212033212185e-02 4.540745541453e-02 4.159388691187e-02 2.527476288378e-02 1.653117127717e-02 1.565261371434e-02
4.390946775675e-02 5.598495900631e-02 4.109574481845e-02 4.485406726599e-02 6.488791108131e-02 1.883148550987e-01 7.208275794983e-02 4.622076079249e-02 6.706312298775e-02 9.838820993900e-02 1.098938360810e-01 9.901119768620e-02 7.960071414709e-02 9.215357899666e-02 7.591091841459e-02 7.247830182314e-02 9.621512144804e-02 7.201916724443e-02 4.965012520552e-02 8.180055767298e-02 6.684724241495e-02 6.107319146395e-02 8.991519361734e-02 9.565571695566e-02 9.575226902962e-02 4.272466897964e-02 5.956026166677e-02 7.298489660025e-02 4.933224990964e-02 6.233797222376e-02 7.258459925652e-02 6.129358336329e-02 3.963777795434e-02 3.851061686873e-02 4.376819357276e-02 2.276576310396e-02 2.921641245484e-02 4.750197380781e-02 4.864679276943e-02 3.226461634040e-02 1.621083356440e-02 1.489602401853e-02 1.505567785352e-02
4.264897853136e-02 5.809187516570e-02 5.347418040037e-02 5.069207400084e-02 6.906379014254e-02 1.949829012156e-01 7.560949027538e-02 4.797909036279e-02 5.588629469275e-02 7.623402774334e-02 9.380982816219e-02 9.733546525240e-02 8.868941664696e-02 9.631087630987e-02 9.204716235399e-02 7.576445490122e-02 1.288489848375e-01 9.503348916769e-02 4.998033493757e-02 9.947018325329e-02 7.458677887917e-02 7.959454506636e-02 1.184276044369e-01 9.697744250298e-02 7.754214107990e-02 4.430247098207e-02 6.227310001850e-02 7.461344450712e-02 4.723128676414e-02 6.194138899446e-02 7.701033353806e-02 6.814293563366e-02 4.008666425943e-02 3.074651956558e-02 4.057530313730e-02 2.476365119219e-02 4.693791642785e-02 5.474231764674e-02 3.891760483384e-02 1.972560584545e-02 1.745948195457e-02 1.931825093925e-02 2.046840265393e-02
4.310173168778e-02 6.018598750234e-02 6.750991940498e-02 4.650462791324e-02 7.301414012909e-02 2.003863155842e-01 7.721648365259e-02 4.951814934611e-02 5.599954724312e-02 7.196845859289e-02 7.208365201950e-02 8.642951399088e-02 9.080246090889e-02 1.072389036417e-01 9.909027069807e-02 8.380140364170e-02 1.608773469925e-01 1.161387264729e-01 5.450762808323e-02 1.132776215672e-01 7.829574495554e-02 9.658574312925e-02 1.396851539612e-01 9.047483652830e-02 5.719096586108e-02 5.276917293668e-02 5.989831313491e-02 7.059924304485e-02 4.319524765015e-02 5.670182034373e-02 7.453934848309e-02 6.990040838718e-02 4.245369136333e-02 2.655964903533e-02 3.884104266763e-02 4.330568015575e-02 5.924782156944e-02 4.694831743836e-02 2.396269328892e-02 1.888048648834e-02 1.828171126544e-02 2.486188709736e-02 2.434562332928e-02
3.849098831415e-02 6.231893599033e-02 7.318443059921e-02 5.182796344161e-02 7.706721127033e-02 2.065496146679e-01 7.826146483421e-02 5.149160325527e-02 5.116916820407e-02 6.939255446196e-02 5.696123465896e-02 6.809737533331e-02 9.793820232153e-02 1.149315387011e-01 9.190104156733e-02 1.037262305617e-01 1.863493621349e-01 1.331615746021e-01 6.407570093870e-02 1.227788850665e-01 7.864822447300e-02 1.050386726856e-01 1.463158279657e-01 7.530850917101e-02 4.995572566986e-02 6.712426245213e-02 6.935009360313e-02 6.283976137638e-02 4.291159659624e-02 4.757123067975e-02 6.596525013447e-02 6.614807248116e-02 4.239743947983e-02 2.633788250387e-02 3.924436867237e-02 6.060885265470e-02 5.629340186715e-02 3.030362538993e-02 2.136186510324e-02 1.817065104842e-02 1.973405852914e-02 2.812252379954e-02 2.590716816485e-02
5.243125930429e-02 6.482199579477e-02 7.325918227434e-02 8.453810214996e-02 8.125652372837e-02 2.102572768927e-01 7.794610410929e-02 6.151796132326e-02 4.377795755863e-02 6.354141235352e-02 5.324975401163e-02 7.491417229176e-02 1.031673401594e-01 1.226347312331e-01 9.907756745815e-02 1.232805103064e-01 2.072825133801e-01 1.431120634079e-01 7.001557946205e-02 1.308084279299e-01 8.659975975752e-02 1.024227663875e-01 1.406278610229e-01 6.230110302567e-02 5.310060083866e-02 8.042072504759e-02 8.808597922325e-02 5.484941601753e-02 4.371632635593e-02 3.996422141790e-02 5.471974238753e-02 5.933124199510e-02 4.015359282494e-02 2.964359335601e-02 5.768615007401e-02 6.508181989193e-02 3.922584280372e-02 2.055923454463e-02 2.197640947998e-02 1.698139496148e-02 2.258765511215e-02 2.987469360232e-02 3.241884708405e-02
6.922429054976e-02 6.781788170338e-02 7.214225083590e-02 1.038181111217e-01 8.442240953445e-02 2.113658189774e-01 7.568061351776e-02 7.050531357527e-02 4.631299898028e-02 6.511152535677e-02 5.517259985209e-02 8.027768880129e-02 1.080339625478e-01 1.301359385252e-01 9.568185359240e-02 1.393757611513e-01 2.112548798323e-01 1.356366723776e-01 8.305753767490e-02 1.375240832567e-01 8.686833828688e-02 9.363874793053e-02 1.216361373663e-01 5.930239707232e-02 5.808393657207e-02 9.253409504890e-02 9.489379823208e-02 4.941866546869e-02 4.756366461515e-02 4.170276224613e-02 5.763972923160e-02 4.991118982434e-02 3.573608398438e-02 5.186766013503e-02 6.993044167757e-02 5.028204619884e-02 2.820017747581e-02 1.846325397491e-02 2.215234376490e-02 1.937803998590e-02 2.928133308887e-02 3.815603256226e-02 3.800506144762e-02
8.149323612452e-02 8.836201578379e-02 8.347880840302e-02 9.595151990652e-02 8.986847102642e-02 2.096308916807e-01 8.206316828728e-02 7.749474048615e-02 4.861484467983e-02 6.608290970325e-02 6.100304424763e-02 8.307658880949e-02 1.138471066952e-01 1.375270932913e-01 8.795441687107e-02 1.496111005545e-01 1.991079151630e-01 1.203750222921e-01 9.138250350952e-02 1.425458490849e-01 7.761939615011e-02 7.475648820400e-02 9.445054829121e-02 5.490060523152e-02 6.827071309090e-02 9.264797717333e-02 8.758596330881e-02 5.232685431838e-02 5.475237965584e-02 4.634228348732e-02 6.253439188004e-02 4.353217408061e-02 4.437065497041e-02 7.001598924398e-02 6.165494769812e-02 4.324915632606e-02 2.411711029708e-02 2.012416906655e-02 2.489539422095e-02 2.803534455597e-02 4.087239131331e-02 4.194075614214e-02 3.493474796414e-02
1.067744940519e-01 1.060622781515e-01 1.145116612315e-01 8.833488076925e-02 1.065215915442e-01 2.030333429575e-01 9.343995153904e-02 8.431905508041e-02 6.581625342369e-02 6.619800627232e-02 7.111735641956e-02 1.075264886022e-01 1.186433583498e-01 1.457551270723e-01 9.516102820635e-02 1.503674238920e-01 1.770727634430e-01 1.152757331729e-01 9.418971091509e-02 1.462747305632e-01 6.938299536705e-02 6.142963841558e-02 7.112663239241e-02 5.890586972237e-02 7.424382120371e-02 8.291842043400e-02 6.480684876442e-02 5.777888745070e-02 6.383777409792e-02 5.284983664751e-02 6.464375555515e-02 4.106942936778e-02 6.619388610125e-02 6.960177421570e-02 6.207273155451e-02 3.913634642959e-02 2.797136642039e-02 2.463440224528e-02 2.980372309685e-02 4.066970571876e-02 4.545884206891e-02 3.661770746112e-02 2.718021161854e-02
1.184937208891e-01 1.173450127244e-01 1.416149437428e-01 1.318558901548e-01 9.002358466387e-02 1.916016191244e-01 8.689897507429e-02 9.747122973204e-02 9.095778316259e-02 7.543008774519e-02 7.725616544485e-02 1.295799463987e-01 1.363721191883e-01 1.548715978861e-01 1.062441766262e-01 1.415697187185e-01 1.752728223801e-01 1.406338214874e-01 9.165547043085e-02 1.467970758677e-01 6.982252746820e-02 6.627079099417e-02 7.221835851669e-02 6.550285220146e-02 6.960330903530e-02 6.517753750086e-02 6.016328930855e-02 6.732533872128e-02 6.994403898716e-02 5.482578277588e-02 6.409768760204e-02 6.217728927732e-02 7.378848642111e-02 6.933370232582e-02 6.614858657122e-02 4.810505360365e-02 3.430069237947e-02 3.179134428501e-02 3.859505802393e-02 4.558791592717e-02 3.766473382711e-02 3.087419085205e-02 2.782170102000e-02
