VariationalSeries/SI/f132_max.grd
DSAA
101	101
32.816463539100	34.260883539100
35.556306596100	36.727886596100
4.614888530341e-05	7.594225883484e+00
[rows 19 to 37 of 101, columns 0 to 42 of 101]
1.452259719372e-02 2.960862591863e-02 3.786508366466e-02 3.858146816492e-02 3.182257339358e-02 2.524258382618e-02 1.724012196064e-02 1.958075724542e-02 2.369372174144e-02 2.847164310515e-02 3.734473884106e-02 4.460723325610e-02 4.347419366241e-02 4.713447391987e-02 4.748607426882e-02 4.604850336909e-02 4.379378631711e-02 4.199886322021e-02 4.862561821938e-02 4.376639798284e-02 4.530111700296e-02 4.887160658836e-02 5.196101963520e-02 4.985888674855e-02 4.446512088180e-02 3.761963546276e-02 3.893595933914e-02 6.226751580834e-02 7.427988201380e-02 5.588391050696e-02 5.141615867615e-02 4.723711311817e-02 4.999517649412e-02 4.998689144850e-02 5.001334473491e-02 4.842812567949e-02 3.866994380951e-02 3.378868848085e-02 3.625047951937e-02 3.478201106191e-02 5.034567415714e-02 1.244517192245e-01 5.786041915417e-02
1.135767064989e-02 2.386653237045e-02 3.218497708440e-02 3.520945832133e-02 3.130702301860e-02 3.013765439391e-02 2.761729992926e-02 1.960971392691e-02 2.615767531097e-02 3.055678308010e-02 3.254048898816e-02 4.080913215876e-02 3.621971979737e-02 4.223023355007e-02 4.564046859741e-02 4.709013924003e-02 4.699308797717e-02 4.486019536853e-02 5.659709498286e-02 4.534247890115e-02 5.328644812107e-02 6.351424008608e-02 6.842274218798e-02 6.667108833790e-02 6.254743039608e-02 4.837671667337e-02 5.158884450793e-02 5.039352178574e-02 7.804971933365e-02 5.677038058639e-02 4.854717105627e-02 4.575320333242e-02 4.456599429250e-02 4.482624307275e-02 4.248387366533e-02 5.499972775578e-02 3.677887842059e-02 3.868408501148e-02 3.965859487653e-02 4.056745022535e-02 6.237129494548e-02 1.053535342216e-01 8.622376620770e-02
8.771171793342e-03 1.767622120678e-02 2.432543039322e-02 2.799927443266e-02 2.642524428666e-02 2.303513512015e-02 2.844682335854e-02 2.810420282185e-02 3.220527619123e-02 3.841926157475e-02 4.431741684675e-02 5.841049924493e-02 7.007227092981e-02 6.411871314049e-02 4.361008107662e-02 4.215115681291e-02 4.453345760703e-02 4.649672657251e-02 8.246102929115e-02 6.620673835278e-02 4.979525133967e-02 7.726017385721e-02 8.186695724726e-02 8.970266580582e-02 7.386247068644e-02 6.540109217167e-02 6.446862220764e-02 3.990715369582e-02 7.343199849129e-02 5.236111953855e-02 4.024472087622e-02 4.185768216848e-02 4.944005236030e-02 4.075871407986e-02 4.462967440486e-02 5.820020288229e-02 4.633653163910e-02 4.104165732861e-02 4.284013062716e-02 4.597185924649e-02 7.273511588573e-02 7.545963674784e-02 1.144549623132e-01
1.181727182120e-02 2.123055048287e-02 2.054767310619e-02 2.152161672711e-02 2.509954571724e-02 3.176257386804e-02 3.709264844656e-02 4.440313950181e-02 5.393815785646e-02 6.780373305082e-02 8.635722100735e-02 1.083466932178e-01 1.217703521252e-01 1.058035716414e-01 6.645220518112e-02 4.068268090487e-02 5.615082010627e-02 7.887396216393e-02 9.975922852755e-02 8.109318464994e-02 6.395532935858e-02 8.389534801245e-02 8.926089853048e-02 1.007478237152e-01 7.346073538065e-02 7.448135316372e-02 7.657086104155e-02 4.802370443940e-02 5.995998904109e-02 4.337798431516e-02 4.113104194403e-02 4.073625430465e-02 5.127423629165e-02 5.224110558629e-02 5.195506662130e-02 4.939839616418e-02 6.519096344709e-02 4.557116702199e-02 4.600042477250e-02 5.049260333180e-02 8.108363300562e-02 7.029736787081e-02 1.329187452793e-01
1.147116813809e-02 2.365627698600e-02 2.567862160504e-02 2.460690215230e-02 3.146511316299e-02 4.273451864719e-02 4.683706536889e-02 4.953436180949e-02 5.489263683558e-02 6.354522705078e-02 7.674880325794e-02 8.756417036057e-02 8.970353007317e-02 7.675173878670e-02 5.623393133283e-02 5.005241185427e-02 5.461463332176e-02 7.368627190590e-02 9.816773980856e-02 6.223815307021e-02 5.992444604635e-02 8.460298180580e-02 8.914197236300e-02 9.660757333040e-02 7.706370949745e-02 7.423777133226e-02 8.631556481123e-02 7.365486025810e-02 7.437504082918e-02 6.338262557983e-02 5.478599667549e-02 8.065919578075e-02 7.536716759205e-02 5.639289692044e-02 5.491568893194e-02 5.475030466914e-02 7.228841632605e-02 5.302362889051e-02 5.027738586068e-02 5.332160368562e-02 8.576636761427e-02 7.127150893211e-02 1.357774585485e-01
2.278495207429e-02 3.935229405761e-02 2.562669664621e-02 2.562933973968e-02 2.891498431563e-02 3.719156235456e-02 4.210169240832e-02 4.166651517153e-02 4.143243283033e-02 4.312650859356e-02 4.560155421495e-02 4.831184446812e-02 4.604444280267e-02 5.069658532739e-02 5.131696164608e-02 4.595785588026e-02 4.586672037840e-02 8.449715375900e-02 9.665215760469e-02 5.131421983242e-02 5.188425630331e-02 7.833255827427e-02 8.458927273750e-02 8.231475949287e-02 7.525974512100e-02 6.792011857033e-02 9.292481839657e-02 8.145303279161e-02 6.788941472769e-02 6.570538133383e-02 6.453625112772e-02 1.038612574339e-01 1.546299308538e-01 1.471883952618e-01 1.331886947155e-01 1.270607113838e-01 1.320023685694e-01 8.151332288980e-02 6.912413239479e-02 5.713077634573e-02 8.775822818279e-02 6.884010136127e-02 1.201958656311e-01
4.224449396133e-02 8.952084928751e-02 9.222923964262e-02 8.091156184673e-02 5.056198313832e-02 2.911738120019e-02 2.823267877102e-02 2.960790134966e-02 3.210453689098e-02 4.150364547968e-02 4.975881800056e-02 5.561695247889e-02 5.741499364376e-02 5.504019185901e-02 5.026375129819e-02 5.212628096342e-02 5.482073873281e-02 8.232276886702e-02 8.113536238670e-02 4.776477068663e-02 5.176695436239e-02 6.390180438757e-02 7.313520461321e-02 6.822287291288e-02 7.732778787613e-02 7.457099854946e-02 9.641951322556e-02 1.024774610996e-01 1.089795678854e-01 9.755751490593e-02 7.357297837734e-02 6.174612045288e-02 1.252270191908e-01 1.367696523666e-01 1.507398933172e-01 1.823090165854e-01 2.278465330601e-01 1.389503479004e-01 1.020611152053e-01 8.666656911373e-02 8.619769662619e-02 6.422381848097e-02 8.998277038336e-02
4.513337835670e-02 9.730811417103e-02 1.123185753822e-01 1.326161473989e-01 1.452563703060e-01 1.260747909546e-01 7.069225609303e-02 3.863485530019e-02 5.269872769713e-02 6.153891235590e-02 6.320735067129e-02 5.978139489889e-02 5.599478632212e-02 7.543788105249e-02 8.314272761345e-02 8.257306367159e-02 8.131120353937e-02 7.911480963230e-02 7.815522700548e-02 7.549257576466e-02 7.379249483347e-02 7.379186898470e-02 7.158461958170e-02 8.955660462379e-02 1.078489944339e-01 9.329206496477e-02 1.054709404707e-01 1.354392021894e-01 1.369341313839e-01 1.216322779655e-01 9.080724418163e-02 6.664006412029e-02 7.321231067181e-02 1.152946427464e-01 1.718834787607e-01 1.513518393040e-01 1.540979892015e-01 1.166316121817e-01 1.244288980961e-01 1.267317235470e-01 1.031093597412e-01 6.627310067415e-02 8.000729978085e-02
2.897976711392e-02 6.395032256842e-02 7.437703758478e-02 9.131310880184e-02 1.188545972109e-01 1.563494950533e-01 1.767548471689e-01 1.375132799149e-01 7.183637470007e-02 6.654261052608e-02 5.923712626100e-02 7.643612474203e-02 9.016191214323e-02 9.392892569304e-02 8.928638696671e-02 8.924452960491e-02 8.835054934025e-02 8.571106940508e-02 8.979102224112e-02 9.061647951603e-02 9.313830733299e-02 1.012046560645e-01 9.568948298693e-02 8.811402320862e-02 8.503004163504e-02 1.097415760159e-01 1.051658093929e-01 1.299616098404e-01 1.429289430380e-01 1.282801032066e-01 9.584883600473e-02 1.038147360086e-01 1.339343935251e-01 1.792549192905e-01 2.138317823410e-01 1.548451185226e-01 1.080476790667e-01 9.021533280611e-02 1.116242036223e-01 1.431134790182e-01 1.562995761633e-01 1.061898246408e-01 7.981812208891e-02
1.991605013609e-02 3.910294920206e-02 4.879687353969e-02 4.494456946850e-02 5.169516056776e-02 7.741384208202e-02 1.211201474071e-01 1.643746048212e-01 1.639819145203e-01 1.128513440490e-01 8.546182513237e-02 9.023493528366e-02 9.148126095533e-02 8.738972246647e-02 8.591407537460e-02 8.449191600084e-02 8.010640740395e-02 8.594620227814e-02 8.818215131760e-02 9.145755320787e-02 9.693519771099e-02 9.355033189058e-02 8.990140259266e-02 8.875440806150e-02 8.730147033930e-02 8.587101101875e-02 9.031433612108e-02 1.008229926229e-01 1.212541013956e-01 1.261186599731e-01 9.881046414375e-02 1.203555241227e-01 1.450100094080e-01 1.647401750088e-01 1.595645695925e-01 9.995478391647e-02 1.055920198560e-01 1.214727535844e-01 1.311479210854e-01 1.179120913148e-01 1.750039011240e-01 1.780118644238e-01 9.966738522053e-02
2.311635576189e-02 4.549825936556e-02 4.515322670341e-02 5.547125265002e-02 4.554042592645e-02 3.937445208430e-02 4.634262248874e-02 8.531574159861e-02 1.370323598385e-01 1.592810302973e-01 1.297835260630e-01 8.631775528193e-02 8.203008770943e-02 8.022037148476e-02 7.504614442587e-02 7.289535552263e-02 7.522545754910e-02 8.186304569244e-02 7.955793291330e-02 7.942034304142e-02 7.167978584766e-02 5.891225859523e-02 7.456075400114e-02 6.615584343672e-02 1.001358181238e-01 8.939558267593e-02 1.023844406009e-01 1.125531345606e-01 9.415588527918e-02 1.015432924032e-01 1.126713082194e-01 1.212909221649e-01 1.046079620719e-01 1.291576474905e-01 9.562505781651e-02 8.203777670860e-02 1.065873205662e-01 1.468935012817e-01 1.759851574898e-01 1.666408628225e-01 1.416350454092e-01 2.200558185577e-01 1.657152771950e-01
2.986405417323e-02 5.740983411670e-02 5.338708683848e-02 5.481920763850e-02 6.114103272557e-02 4.585256427526e-02 6.376308947802e-02 7.749655842781e-02 8.570481836796e-02 1.198855787516e-01 1.544381976128e-01 1.400305479765e-01 8.571573346853e-02 6.885466724634e-02 6.774767488241e-02 6.933289766312e-02 7.177741080523e-02 7.091156393290e-02 7.500357180834e-02 7.364384829998e-02 6.422348320484e-02 5.355149880052e-02 5.713478848338e-02 9.107908606529e-02 1.360250711441e-01 1.832683980465e-01 2.202742248774e-01 1.793113052845e-01 1.210910007358e-01 1.131824478507e-01 1.389232128859e-01 9.801301360130e-02 7.318655401468e-02 1.608661115170e-01 6.723320484161e-02 9.518054872751e-02 8.827519416809e-02 1.235105991364e-01 1.797701120377e-01 1.934296637774e-01 1.664813160896e-01 1.853416860104e-01 2.514324486256e-01
2.713833935559e-02 5.931780114770e-02 6.270628422499e-02 6.126852706075e-02 6.464640796185e-02 6.549731642008e-02 7.855600118637e-02 8.259842544794e-02 8.204665035009e-02 7.754377275705e-02 1.073061078787e-01 1.530115306377e-01 1.493468433619e-01 1.030350178480e-01 6.500659883022e-02 6.487923860550e-02 6.255786865950e-02 5.725212767720e-02 7.667490839958e-02 7.981979846954e-02 8.074876666069e-02 6.732133775949e-02 6.173489615321e-02 1.128798872232e-01 1.917733550072e-01 2.828347980976e-01 3.319761157036e-01 3.173458576202e-01 2.066611349583e-01 1.306247115135e-01 1.497007906437e-01 1.261625885963e-01 1.172892972827e-01 1.965086907148e-01 1.016055494547e-01 1.959565281868e-01 1.417973041534e-01 1.024348363280e-01 1.373561173677e-01 1.975693702698e-01 2.026005387306e-01 1.711894273758e-01 2.697320282459e-01
3.336732089520e-02 6.793281435966e-02 6.871458888054e-02 6.672663241625e-02 6.919587403536e-02 7.845240086317e-02 7.904768735170e-02 7.993548363447e-02 7.348709553480e-02 6.774095445871e-02 6.548150628805e-02 9.231691807508e-02 1.483964622021e-01 1.564267873764e-01 1.185348331928e-01 5.617800727487e-02 5.224622786045e-02 5.855004861951e-02 6.812200695276e-02 1.086591035128e-01 9.821929037571e-02 9.007029980421e-02 8.259938657284e-02 1.126954779029e-01 1.961194127798e-01 2.798831462860e-01 3.810453116894e-01 4.464797079563e-01 3.723637759686e-01 1.798932254314e-01 1.625539809465e-01 1.763929128647e-01 1.682325154543e-01 2.324220538139e-01 1.294248700142e-01 2.622281908989e-01 2.172282785177e-01 1.428820341825e-01 1.310829669237e-01 1.895534992218e-01 4.066787064075e-01 2.065018862486e-01 2.199482321739e-01
4.385302588344e-02 8.252158015966e-02 7.661743462086e-02 8.178381621838e-02 8.679149299860e-02 9.169254451990e-02 9.734894335270e-02 1.012410148978e-01 1.034551039338e-01 1.038158759475e-01 1.007190123200e-01 9.710690379143e-02 9.298953413963e-02 1.370964348316e-01 1.591606736183e-01 1.325880587101e-01 6.638883054256e-02 5.988897755742e-02 6.591808795929e-02 1.038368493319e-01 1.100438162684e-01 9.913901239634e-02 9.135440737009e-02 9.669934958220e-02 1.623845100403e-01 2.416619062424e-01 3.742164373398e-01 5.227395892143e-01 4.937389791012e-01 3.004864454269e-01 2.334494292736e-01 2.943309247494e-01 3.159799277782e-01 2.915591299534e-01 2.414381653070e-01 2.827010154724e-01 2.691867947578e-01 2.077773660421e-01 2.362329959869e-01 2.116216719151e-01 5.810938477516e-01 4.751794934273e-01 1.285246163607e-01
4.492264240980e-02 9.334818273783e-02 9.318474680185e-02 9.035592526197e-02 7.964856177568e-02 7.187514007092e-02 6.823797523975e-02 7.544372975826e-02 8.354912698269e-02 9.310632944107e-02 1.037524417043e-01 1.161777973175e-01 1.279775798321e-01 2.024056166410e-01 2.072872668505e-01 1.575258970261e-01 1.485274881124e-01 1.414335966110e-01 1.318211257458e-01 1.209179610014e-01 1.091171875596e-01 9.454958885908e-02 1.029777899384e-01 1.006211414933e-01 1.110188439488e-01 1.829542517662e-01 2.696084976196e-01 4.264044165611e-01 5.416707396507e-01 3.749618232250e-01 1.774796843529e-01 1.842943280935e-01 2.708141207695e-01 3.595615923405e-01 3.993363976479e-01 3.702464699745e-01 2.670890986919e-01 2.250080555677e-01 1.697196066380e-01 2.431143671274e-01 6.064431071281e-01 7.284653782845e-01 1.956852823496e-01
3.811880946159e-02 7.687286287546e-02 8.020983636379e-02 8.741813153028e-02 9.177985042334e-02 8.870044350624e-02 7.446891814470e-02 6.481761485338e-02 6.517738848925e-02 6.515399366617e-02 6.478343904018e-02 6.338150799274e-02 6.137309968472e-02 7.778152823448e-02 1.167108714581e-01 1.278569549322e-01 1.534031331539e-01 1.481996625662e-01 1.209637001157e-01 1.338342726231e-01 1.415789127350e-01 1.461516618729e-01 1.516225636005e-01 1.583839654922e-01 1.523260176182e-01 1.216427758336e-01 1.818750202656e-01 3.232071697712e-01 4.563592076302e-01 3.348303437233e-01 1.675683557987e-01 1.178985014558e-01 1.048490777612e-01 1.747749447823e-01 2.111930102110e-01 3.434082567692e-01 4.360270500183e-01 4.030491411686e-01 2.508187294006e-01 2.736643850803e-01 3.893757760525e-01 8.641914129257e-01 3.143016397953e-01
3.084907121956e-02 5.965426191688e-02 5.944250896573e-02 5.694204196334e-02 5.813674628735e-02 6.504877656698e-02 6.795439124107e-02 6.689054518938e-02 5.688356608152e-02 6.163404509425e-02 6.696984916925e-02 7.237578183413e-02 7.735950499773e-02 8.234135061502e-02 8.741638064384e-02 9.180966019630e-02 9.563262760639e-02 1.439604163170e-01 1.534283161163e-01 1.984482854605e-01 1.554867625237e-01 1.279366910458e-01 1.221358180046e-01 1.189324557781e-01 1.194494217634e-01 1.356722414494e-01 1.809353083372e-01 2.071983069181e-01 2.919487655163e-01 2.379633933306e-01 1.205210462213e-01 1.421829462051e-01 1.059969440103e-01 1.403648555279e-01 1.648290753365e-01 1.999704539776e-01 2.018306106329e-01 3.384175300598e-01 4.782662689686e-01 3.876438736916e-01 3.455936312675e-01 7.075133919716e-01 6.384523510933e-01
1.945822499692e-02 3.922438248992e-02 3.862070292234e-02 3.774635121226e-02 4.263121262193e-02 5.014819279313e-02 5.494790524244e-02 5.763059481978e-02 5.855193734169e-02 5.396010354161e-02 5.022796243429e-02 5.270277708769e-02 5.573399737477e-02 5.628427863121e-02 5.706225335598e-02 7.611105591059e-02 8.472617715597e-02 1.135627254844e-01 2.148257344961e-01 2.249441593885e-01 1.991927772760e-01 1.699487417936e-01 1.990946829319e-01 2.383500337601e-01 1.678292453289e-01 1.921947151423e-01 1.872208118439e-01 1.740535050631e-01 1.815990656614e-01 2.397955656052e-01 2.252328842878e-01 1.405384540558e-01 1.462707817554e-01 1.538460701704e-01 1.666317582130e-01 1.735371947289e-01 1.797926425934e-01 2.315579652786e-01 3.382996618748e-01 3.946647644043e-01 4.714849293232e-01 6.324429512024e-01 5.233085751534e-01
