VariationalSeries/SI/f132_max.grd
DSAA
101	101
32.816463539100	34.260883539100
35.556306596100	36.727886596100
4.614888530341e-05	7.594225883484e+00
[rows 38 to 56 of 101, columns 0 to 42 of 101]
1.807748526335e-02 3.814567625523e-02 4.125713184476e-02 4.297955706716e-02 5.100398138165e-02 6.252962350845e-02 7.222038507462e-02 8.225601166487e-02 9.041321277618e-02 8.258545398712e-02 6.778521835804e-02 5.532759800553e-02 5.466897413135e-02 5.386278778315e-02 5.734857171774e-02 6.501763314009e-02 7.358454912901e-02 1.349415481091e-01 2.186893522739e-01 2.346715480089e-01 1.890475600958e-01 1.593865603209e-01 1.065608561039e-01 1.248891949654e-01 2.481321841478e-01 3.226280510426e-01 3.108199238777e-01 2.223543971777e-01 1.597326993942e-01 1.767981946468e-01 1.866295486689e-01 2.295475453138e-01 3.146542310715e-01 3.087074458599e-01 2.896833717823e-01 1.734484732151e-01 2.371076643467e-01 2.666408419609e-01 2.636460661888e-01 4.049842655659e-01 4.449222683907e-01 6.556258797646e-01 5.292013287544e-01
2.666861750185e-02 4.748462140560e-02 3.982711583376e-02 3.892781585455e-02 5.534393340349e-02 6.733813881874e-02 8.853351324797e-02 1.114326193929e-01 1.242972612381e-01 1.163969784975e-01 8.457875996828e-02 6.617017090321e-02 5.698862299323e-02 5.822602286935e-02 6.247568503022e-02 6.752059608698e-02 7.194749265909e-02 7.582388818264e-02 1.189509481192e-01 1.665523648262e-01 1.701476871967e-01 1.660203784704e-01 1.714619845152e-01 1.430755406618e-01 1.325151026249e-01 1.472258567810e-01 1.989685595036e-01 3.746023178101e-01 5.019531250000e-01 5.092500448227e-01 3.993944227695e-01 1.969032436609e-01 2.220661491156e-01 1.891330480576e-01 3.773805797100e-01 3.382903039455e-01 2.201466858387e-01 2.654920518398e-01 3.259266912937e-01 3.703898191452e-01 4.960938692093e-01 5.989252328873e-01 7.015826106071e-01
3.072393871844e-02 6.119702756405e-02 5.798051133752e-02 5.027324333787e-02 6.642450392246e-02 8.175534009933e-02 9.926057606936e-02 1.306689679623e-01 1.416651010513e-01 1.412135213614e-01 9.657990187407e-02 6.487206369638e-02 6.532351672649e-02 5.652370303869e-02 4.709241911769e-02 5.295901373029e-02 6.186019629240e-02 6.722321361303e-02 7.067477703094e-02 9.390356391668e-02 1.385971754789e-01 1.949702352285e-01 2.340530902147e-01 2.359209507704e-01 2.311754673719e-01 1.538404226303e-01 1.217230483890e-01 1.285346895456e-01 1.249216049910e-01 1.580664813519e-01 3.331240415573e-01 5.302545428276e-01 6.282824873924e-01 5.245735645294e-01 2.655733227730e-01 2.638819217682e-01 4.629906415939e-01 3.851127326488e-01 3.988113403320e-01 3.975569307804e-01 3.698647022247e-01 4.959666728973e-01 7.520601749420e-01
4.395135119557e-02 7.459384948015e-02 8.668979257345e-02 8.906359970570e-02 8.025920391083e-02 9.598930925131e-02 9.580587595701e-02 9.196591377258e-02 9.195195138454e-02 1.129206120968e-01 1.219021454453e-01 1.057638078928e-01 7.841013371944e-02 6.972065567970e-02 7.101973891258e-02 8.789917081594e-02 1.019991859794e-01 1.140972748399e-01 1.115216761827e-01 8.109108358622e-02 9.041228890419e-02 1.192452833056e-01 1.352933943272e-01 1.815646737814e-01 2.255327105522e-01 2.680340707302e-01 2.990911304951e-01 2.903099060059e-01 2.982336878777e-01 3.253929018974e-01 3.598103821278e-01 3.513825535774e-01 5.437179803848e-01 6.144971847534e-01 4.389276206493e-01 5.559958815575e-01 6.168390512466e-01 5.239455103874e-01 5.917067527771e-01 4.780609011650e-01 3.353206813335e-01 5.861936211586e-01 4.900439679623e-01
4.509966075420e-02 7.927326112986e-02 8.804075419903e-02 8.150137960911e-02 8.878205716610e-02 1.119907051325e-01 1.112446188927e-01 9.632630646229e-02 1.160583123565e-01 9.660737961531e-02 9.182862937450e-02 1.281826943159e-01 1.330909430981e-01 1.002993881702e-01 9.285424649715e-02 8.556514233351e-02 8.764789253473e-02 1.174180880189e-01 1.583357453346e-01 1.609573066235e-01 1.029755547643e-01 1.170755773783e-01 1.493066251278e-01 1.242126896977e-01 1.435330212116e-01 1.732788234949e-01 2.290637642145e-01 3.462361395359e-01 4.663057923317e-01 4.269152283669e-01 4.045293331146e-01 3.003643453121e-01 2.993111908436e-01 5.623179078102e-01 5.404579043388e-01 6.816430091858e-01 4.507389068604e-01 6.387914419174e-01 5.603008270264e-01 8.088639974594e-01 8.359253406525e-01 6.566290259361e-01 7.400409579277e-01
8.746349066496e-02 1.695898473263e-01 1.267022639513e-01 1.062357723713e-01 1.039525642991e-01 9.354583173990e-02 9.577400237322e-02 1.165316700935e-01 1.154058948159e-01 9.369415044785e-02 1.170563548803e-01 7.978639751673e-02 1.022580564022e-01 1.433760225773e-01 1.245217770338e-01 1.077018007636e-01 1.348913162947e-01 2.926864326000e-01 3.448900580406e-01 1.882755607367e-01 2.016629278660e-01 1.185930892825e-01 1.392683386803e-01 1.976306587458e-01 1.319224089384e-01 1.207785233855e-01 1.268143653870e-01 1.390312016010e-01 1.775313615799e-01 2.018451243639e-01 2.156497538090e-01 2.352185398340e-01 3.202354013920e-01 5.043528079987e-01 3.458072245121e-01 3.203952610493e-01 4.704255759716e-01 5.359395742416e-01 3.573799729347e-01 7.383679151535e-01 7.586105465889e-01 8.277786374092e-01 1.016122937202e+00
1.393520534039e-01 2.555789053440e-01 2.072110623121e-01 1.612139791250e-01 1.486511677504e-01 1.209278777242e-01 1.666282415390e-01 1.462253779173e-01 1.469750553370e-01 1.150268539786e-01 8.994188904762e-02 1.104959622025e-01 9.914164245129e-02 6.474473327398e-02 1.213679984212e-01 1.423635780811e-01 1.036710217595e-01 8.892700076103e-02 1.625396609306e-01 1.076331585646e-01 1.872978508472e-01 2.223577946424e-01 2.209532260895e-01 1.928262412548e-01 2.652298212051e-01 1.630859225988e-01 1.517381817102e-01 1.964836865664e-01 2.302077710629e-01 1.759189814329e-01 2.239861190319e-01 2.760052978992e-01 3.271647095680e-01 3.842282891273e-01 4.883883297443e-01 3.704848587513e-01 4.125483930111e-01 4.613060355186e-01 4.371773600578e-01 6.274313330650e-01 5.837357044220e-01 8.437272310257e-01 8.587861061096e-01
5.517275631428e-02 1.149596571922e-01 1.373192667961e-01 1.618801951408e-01 1.655522584915e-01 1.839738488197e-01 1.944483667612e-01 1.677706539631e-01 1.504281759262e-01 1.440417319536e-01 1.342732459307e-01 1.242522448301e-01 1.177735999227e-01 1.104350760579e-01 1.195490807295e-01 1.020480617881e-01 7.258854061365e-02 8.595310896635e-02 9.049181640148e-02 1.235513016582e-01 1.157273054123e-01 1.911869347095e-01 2.062161117792e-01 2.219479680061e-01 2.587864398956e-01 2.924639880657e-01 3.190779387951e-01 3.322784006596e-01 3.395477533340e-01 3.658363521099e-01 3.716123998165e-01 3.908652961254e-01 4.152053594589e-01 3.449185192585e-01 2.961964309216e-01 4.164234101772e-01 5.009055733681e-01 7.697722315788e-01 9.219425320625e-01 8.524798750877e-01 8.108880519867e-01 8.424379825592e-01 6.999516487122e-01
5.350492894650e-02 1.123810261488e-01 1.280246078968e-01 1.422583013773e-01 1.605495065451e-01 1.642069816589e-01 1.509851366282e-01 1.222909465432e-01 1.153514832258e-01 1.377036124468e-01 1.615636497736e-01 1.533056795597e-01 1.160387769341e-01 7.573288679123e-02 8.125859498978e-02 4.694875702262e-02 2.730471268296e-02 3.015266731381e-02 4.021832346916e-02 4.848151281476e-02 1.443542987108e-01 2.538898289204e-01 2.169553190470e-01 2.733350694180e-01 2.630598247051e-01 3.243097364902e-01 3.347402215004e-01 3.168757855892e-01 2.954562306404e-01 3.373048901558e-01 3.589560985565e-01 4.637946188450e-01 5.930849909782e-01 6.462429761887e-01 5.521338582039e-01 4.683640599251e-01 5.190920829773e-01 3.706645667553e-01 5.647069811821e-01 5.758510231972e-01 8.996986746788e-01 8.473983407021e-01 9.123226404190e-01
1.439910009503e-02 2.894135005772e-02 3.055403381586e-02 3.293203935027e-02 4.576241597533e-02 6.395682692528e-02 8.408237248659e-02 9.038152545691e-02 8.747069537640e-02 8.070901781321e-02 8.261495828629e-02 1.049935594201e-01 1.048255413771e-01 8.527509868145e-02 5.508992448449e-02 4.296172410250e-02 2.205846644938e-02 1.875546760857e-02 2.090243063867e-02 4.474341496825e-02 9.983519464731e-02 2.118808776140e-01 5.289027690887e-01 4.975218474865e-01 4.469245374203e-01 4.196589291096e-01 4.044015407562e-01 3.931345045567e-01 4.173998832703e-01 4.822061955929e-01 5.387116670609e-01 6.099088191986e-01 1.051302194595e+00 5.857055187225e-01 1.320305109024e+00 8.999049067497e-01 7.178005576134e-01 7.732739448547e-01 9.576249122620e-01 1.112668991089e+00 1.177243709564e+00 1.105368018150e+00 1.111844539642e+00
1.305140089244e-02 2.521426789463e-02 2.746030502021e-02 2.751295454800e-02 4.619838297367e-02 6.844877451658e-02 7.133274525404e-02 5.818282067776e-02 4.293792694807e-02 3.501321375370e-02 4.447177425027e-02 5.519801378250e-02 5.282484367490e-02 4.242329671979e-02 3.120804764330e-02 2.209165133536e-02 1.596638560295e-02 1.173752080649e-02 1.215801201761e-02 3.970193862915e-02 1.271089166403e-01 2.197663486004e-01 2.164257466793e-01 4.568953812122e-01 1.103560328484e+00 5.591745972633e-01 3.485444188118e-01 3.156337738037e-01 3.285099864006e-01 3.583566844463e-01 6.152894496918e-01 8.871196508408e-01 4.695488214493e-01 6.998422145844e-01 1.265484809875e+00 2.308994531631e+00 9.443227052689e-01 7.479160428047e-01 6.642639636993e-01 7.307850718498e-01 6.256449818611e-01 1.168874740601e+00 1.361677527428e+00
6.770127452910e-03 1.406415179372e-02 1.686329580843e-02 1.872038468719e-02 2.458484843373e-02 3.952854871750e-02 4.529069364071e-02 3.924573585391e-02 3.036464378238e-02 2.274977415800e-02 1.877461001277e-02 1.792471297085e-02 1.429462619126e-02 1.263351924717e-02 1.507169473916e-02 1.148232165724e-02 1.062167529017e-02 8.933435194194e-03 1.043589320034e-02 1.582961343229e-02 2.714959159493e-02 7.335998862982e-02 7.687088847160e-02 1.046961769462e-01 4.015729129314e-01 4.251103401184e-01 1.585036218166e-01 8.708601444960e-02 9.112621843815e-02 2.925581037998e-01 3.875522315502e-01 4.198638796806e-01 4.381768405437e-01 3.598619699478e-01 5.288153886795e-01 1.525381445885e+00 8.173875212669e-01 4.973540306091e-01 3.474549949169e-01 3.138397634029e-01 2.953348755836e-01 7.736319303513e-01 1.074144959450e+00
3.017402719706e-03 6.022933404893e-03 6.265191826969e-03 6.899112369865e-03 8.716140873730e-03 1.103756390512e-02 1.313390024006e-02 1.429360732436e-02 1.383214350790e-02 1.172463502735e-02 9.977482259274e-03 1.147158630192e-02 1.184035558254e-02 1.094313897192e-02 1.115903817117e-02 1.275652553886e-02 9.688518010080e-03 7.726734504104e-03 8.702240884304e-03 1.292517967522e-02 1.476767007262e-02 2.701371163130e-02 4.698698222637e-02 1.024809554219e-01 2.487676590681e-01 1.551334559917e-01 9.610030055046e-02 7.626686990261e-02 7.302557677031e-02 2.359841018915e-02 2.067673020065e-02 2.247108146548e-02 3.509747236967e-02 7.629979401827e-02 1.770644187927e-01 3.004699945450e+00 5.725596427917e+00 7.643847465515e-01 5.210525393486e-01 2.684293687344e-01 1.891881227493e-01 2.045431137085e-01 3.962947130203e-01
2.428698819131e-03 4.415564239025e-03 4.909780807793e-03 4.911772441119e-03 4.933102987707e-03 6.356085184962e-03 8.346484974027e-03 1.027274318039e-02 1.142012327909e-02 1.118699554354e-02 9.401228278875e-03 8.627064526081e-03 9.369786828756e-03 9.059806354344e-03 8.054879494011e-03 9.899429045618e-03 1.150073762983e-02 9.150286205113e-03 7.066435180604e-03 2.052663452923e-02 2.605327591300e-02 1.991480588913e-02 2.644076198339e-02 4.632563889027e-02 8.782626688480e-02 8.718212842941e-01 1.887090653181e-01 1.678009033203e-01 7.093031704426e-02 1.399288792163e-02 1.224455703050e-02 1.282580476254e-02 1.492562983185e-02 1.838824711740e-02 2.478797547519e-02 1.326513439417e-01 9.243657588959e-01 2.372686386108e+00 6.070026755333e-01 3.402587175369e-01 9.785562753677e-02 6.309990584850e-02 6.943821907043e-02
2.259837463498e-03 5.380669143051e-03 7.275566458702e-03 8.396781049669e-03 8.744479157031e-03 8.068232797086e-03 7.172155659646e-03 6.551983766258e-03 8.187971077859e-03 9.390952065587e-03 9.365499950945e-03 8.106492459774e-03 6.995307281613e-03 8.715895935893e-03 9.102300740778e-03 8.134362287819e-03 9.488168172538e-03 1.225241366774e-02 9.674333967268e-03 2.046470530331e-02 2.160863950849e-02 1.849687285721e-02 2.060514315963e-02 2.233969792724e-02 5.097940564156e-02 1.756159812212e-01 1.834235340357e-01 4.701016843319e-02 2.188065648079e-02 1.355085521936e-02 1.015694253147e-02 8.673319593072e-03 8.557201363146e-03 1.073240861297e-02 1.393210701644e-02 4.730308055878e-02 2.420251369476e-01 8.554970622063e-01 1.035005807877e+00 1.599984169006e-01 6.852889806032e-02 4.442002624273e-02 4.201280698180e-02
3.422657959163e-03 8.057483471930e-03 1.029770355672e-02 1.157864835113e-02 1.189474388957e-02 1.136554405093e-02 1.066771056503e-02 9.594724513590e-03 8.277227170765e-03 6.763569545001e-03 7.520404178649e-03 7.902770303190e-03 7.571198046207e-03 8.842932060361e-03 1.014484465122e-02 9.584554471076e-03 8.095555007458e-03 1.286526210606e-02 1.377742830664e-02 3.610620275140e-02 2.313576452434e-02 1.666216365993e-02 1.127015985548e-02 1.166444458067e-02 2.194072678685e-02 1.568244248629e-01 2.238329499960e-01 4.257308691740e-02 2.793759852648e-02 1.418372709304e-02 8.788666687906e-03 6.070231087506e-03 5.397786386311e-03 5.686841439456e-03 8.735948242247e-03 1.450611744076e-02 9.799408912659e-02 3.028423786163e-01 8.042377829552e-01 3.895234167576e-01 1.855549663305e-01 3.711630031466e-02 3.135838732123e-02
2.345328452066e-03 5.104030016810e-03 6.365908309817e-03 6.985644809902e-03 6.774262525141e-03 6.804813630879e-03 7.610697299242e-03 8.506904356182e-03 9.349334985018e-03 9.361780248582e-03 8.061777800322e-03 6.090815644711e-03 7.176139391959e-03 7.864612154663e-03 7.872123271227e-03 7.907742634416e-03 8.274484425783e-03 1.356160268188e-02 1.872964762151e-02 3.122042864561e-02 2.396298572421e-02 1.882460340858e-02 9.257854893804e-03 9.275768883526e-03 1.865118741989e-02 5.699006468058e-02 4.959774389863e-02 3.301477059722e-02 2.615343034267e-02 1.451420504600e-02 8.070712909102e-03 6.628349423409e-03 5.846771411598e-03 5.714478902519e-03 7.308878935874e-03 1.236996985972e-02 2.597197704017e-02 1.303844451904e-01 1.534172892570e-01 9.338189661503e-02 5.605990067124e-02 2.830143645406e-02 2.562566287816e-02
2.203828189522e-03 4.003492183983e-03 5.940105300397e-03 7.581896614283e-03 9.043382480741e-03 1.068476773798e-02 1.248649880290e-02 1.443471573293e-02 1.623567380011e-02 1.675113104284e-02 1.497694011778e-02 1.112883072346e-02 7.167214527726e-03 7.445537485182e-03 9.172859601676e-03 9.965188801289e-03 1.241030450910e-02 1.437987387180e-02 1.687849685550e-02 2.952746115625e-02 2.098282240331e-02 1.396417804062e-02 7.399995811284e-03 7.212894968688e-03 1.350080221891e-02 1.566469669342e-02 1.572949588299e-01 2.260782383382e-02 2.137047611177e-02 1.282994356006e-02 7.470087613910e-03 5.971360951662e-03 5.698697641492e-03 6.019430235028e-03 7.748894393444e-03 1.054186932743e-02 1.756088435650e-02 2.164056524634e-02 4.548265412450e-02 6.039283424616e-02 3.774985298514e-02 2.265234664083e-02 2.911019884050e-02
2.188814571127e-03 3.959871362895e-03 5.450832191855e-03 6.736019160599e-03 8.032741956413e-03 9.616592898965e-03 1.128983870149e-02 1.297821942717e-02 1.455778535455e-02 1.541331410408e-02 1.461127307266e-02 1.581074483693e-02 1.648995094001e-02 1.654442958534e-02 1.578223705292e-02 1.431179046631e-02 1.703535020351e-02 1.239018421620e-02 1.677151769400e-02 5.339106172323e-02 1.960589364171e-02 9.824908338487e-03 6.940357387066e-03 5.813630763441e-03 8.036058396101e-03 1.775345019996e-02 6.403871625662e-02 1.758667826653e-02 2.266853675246e-02 9.577904827893e-03 7.060873787850e-03 5.394108127803e-03 5.463581066579e-03 6.211674772203e-03 8.203567005694e-03 9.754817932844e-03 1.086043938994e-02 1.750365458429e-02 3.836939483881e-02 4.488847777247e-02 2.787496708333e-02 2.069010399282e-02 2.703598700464e-02
