VariationalSeries/SI/f132_max.grd
DSAA
101	101
32.816463539100	34.260883539100
35.556306596100	36.727886596100
4.614888530341e-05	7.594225883484e+00
[rows 76 to 94 of 101, columns 0 to 42 of 101]
4.866178496741e-04 7.040539640002e-04 9.267232962884e-04 1.097791828215e-03 1.180110848509e-03 1.187951420434e-03 1.147808623500e-03 1.083751907572e-03 1.010866486467e-03 1.090946723707e-03 1.233714632690e-03 1.479571103118e-03 1.752429408953e-03 1.927436329424e-03 1.962657552212e-03 1.905323355459e-03 1.735252328217e-03 1.846974249929e-03 1.901668845676e-03 2.034160541371e-03 2.807764103636e-03 2.746476093307e-03 1.799873425625e-03 1.953994855285e-03 1.810599467717e-03 1.663149334490e-03 1.703017973341e-03 1.893493463285e-03 2.127557760105e-03 2.248747041449e-03 2.165135694668e-03 2.038914477453e-03 1.981954555959e-03 1.962996320799e-03 2.157661365345e-03 2.589147072285e-03 5.012485664338e-03 5.972207989544e-03 5.621318705380e-03 3.963106311858e-03 3.915038891137e-03 6.474469788373e-03 1.127661112696e-02
4.896519822069e-04 7.920379866846e-04 1.051711384207e-03 1.213521929458e-03 1.278250943869e-03 1.272058463655e-03 1.221787300892e-03 1.147331437096e-03 1.191492076032e-03 1.322979107499e-03 1.522773993202e-03 1.800725003704e-03 2.057856414467e-03 2.183156087995e-03 2.149457111955e-03 1.993717392907e-03 1.698306296021e-03 1.744876150042e-03 1.752157812007e-03 1.559797674417e-03 1.601916621439e-03 1.679358072579e-03 1.465982408263e-03 1.766188535839e-03 1.871299464256e-03 1.716640545055e-03 1.847017672844e-03 2.224702155218e-03 2.469361061230e-03 2.497675595805e-03 2.329756738618e-03 2.137725707144e-03 2.121798228472e-03 2.075911499560e-03 2.525133779272e-03 2.717427210882e-03 4.491823259741e-03 5.020905751735e-03 5.521435756236e-03 6.248391233385e-03 1.292253937572e-02 1.685022749007e-02 1.594844087958e-02
5.217397701927e-04 8.325559902005e-04 1.084802672267e-03 1.227920292877e-03 1.273795729503e-03 1.252776128240e-03 1.189157250337e-03 1.297290204093e-03 1.462121144868e-03 1.636150293052e-03 1.861154334620e-03 2.098444150761e-03 2.251781988889e-03 2.247443422675e-03 2.086512511596e-03 1.811683876440e-03 1.439127256162e-03 1.509876805358e-03 1.462144544348e-03 1.282058772631e-03 1.169723924249e-03 1.312750275247e-03 1.588225248270e-03 2.117342315614e-03 2.229604637250e-03 2.013164572418e-03 2.470131963491e-03 2.679601311684e-03 2.740580821410e-03 2.680085832253e-03 2.505695447326e-03 2.322334796190e-03 2.211285056546e-03 2.540613524616e-03 3.274812828749e-03 4.236830864102e-03 5.578373093158e-03 6.935485638678e-03 5.806297529489e-03 1.521726977080e-02 1.754019968212e-02 1.694565266371e-02 1.672906428576e-02
4.714675887953e-04 7.454197038896e-04 9.612959111109e-04 1.077260589227e-03 1.106807962060e-03 1.076371991076e-03 1.233544782735e-03 1.404132577591e-03 1.540714059956e-03 1.676406478509e-03 1.818906632252e-03 1.924604643136e-03 1.936266315170e-03 1.822584657930e-03 1.609550672583e-03 1.345938188024e-03 1.256773713976e-03 1.212386763655e-03 1.133181503974e-03 1.041961717419e-03 1.083138980903e-03 1.206368673593e-03 1.906217192300e-03 2.593265147880e-03 2.804290037602e-03 2.949415706098e-03 3.032648237422e-03 3.055837005377e-03 2.878632629290e-03 2.706923987716e-03 2.561432775110e-03 2.431496046484e-03 2.688993234187e-03 3.199970349669e-03 4.082037135959e-03 4.704867023975e-03 4.588087089360e-03 7.508211303502e-03 8.741203695536e-03 1.287098228931e-02 1.499083638191e-02 1.507699396461e-02 1.535804755986e-02
3.905775665771e-04 6.255240296014e-04 7.628436433151e-04 8.327593677677e-04 8.550256025046e-04 9.934903355315e-04 1.141345244832e-03 1.232310663909e-03 1.274272217415e-03 1.311613130383e-03 1.355035463348e-03 1.380732282996e-03 1.353696570732e-03 1.252611051314e-03 1.287031685933e-03 1.317235408351e-03 1.302998978645e-03 1.235919771716e-03 1.130652264692e-03 1.024330151267e-03 1.020144438371e-03 1.256170216948e-03 2.146228449419e-03 2.949853893369e-03 3.343438729644e-03 3.551089903340e-03 3.578420495614e-03 3.680527675897e-03 3.584944410250e-03 3.085402073339e-03 2.653670962900e-03 2.544949762523e-03 2.960763406008e-03 3.247159766033e-03 3.435710445046e-03 3.687996417284e-03 4.901427775621e-03 7.246264722198e-03 9.573413990438e-03 9.701887145638e-03 1.517343055457e-02 1.820836775005e-02 1.428165286779e-02
5.340612260625e-04 8.090035407804e-04 9.788633324206e-04 1.052988693118e-03 1.096754800528e-03 1.116587431170e-03 1.123185968027e-03 1.115923048928e-03 1.094702980481e-03 1.065416145138e-03 1.109487377107e-03 1.205711625516e-03 1.289338921197e-03 1.361650647596e-03 1.412588055246e-03 1.425329362974e-03 1.385163050145e-03 1.287699560635e-03 1.153122517280e-03 1.126167364419e-03 1.073974184692e-03 1.354135922156e-03 2.211212879047e-03 3.043685806915e-03 7.569138426334e-03 2.239668928087e-02 2.383538894355e-02 1.073598396033e-02 6.245533470064e-03 4.925157874823e-03 3.497617319226e-03 2.693005139008e-03 3.146345261484e-03 4.128866363317e-03 3.352708881721e-03 4.000096116215e-03 4.433922469616e-03 7.479669991881e-03 1.307199895382e-02 1.276324223727e-02 1.414609421045e-02 1.869771257043e-02 2.570487000048e-02
7.554736803286e-04 1.116895931773e-03 1.331295934506e-03 1.445632078685e-03 1.477598794736e-03 1.469362759963e-03 1.439842395484e-03 1.394778722897e-03 1.337542431429e-03 1.285672769882e-03 1.511488575488e-03 1.736504491419e-03 1.931813079864e-03 2.065563108772e-03 2.110427012667e-03 2.053551841527e-03 1.895871129818e-03 1.648893579841e-03 1.525904284790e-03 1.450510928407e-03 1.358035719022e-03 1.582359196618e-03 2.211117884144e-03 4.959406796843e-03 2.096079848707e-02 6.033074110746e-02 6.596399843693e-02 3.318232297897e-02 1.438475959003e-02 7.063504774123e-03 4.563061520457e-03 3.430431010202e-03 3.103600582108e-03 4.401717800647e-03 4.784268792719e-03 4.964363761246e-03 4.446193110198e-03 6.735769566149e-03 1.541202422231e-02 2.317119203508e-02 1.529267337173e-02 1.476699206978e-02 3.270852193236e-02
9.485913324170e-04 1.354309264570e-03 1.620291383006e-03 1.723260153085e-03 1.718782004900e-03 1.662298804149e-03 1.581264310516e-03 1.539129531011e-03 1.804161351174e-03 2.200927119702e-03 2.610467374325e-03 2.997287316248e-03 3.326441859826e-03 3.585930448025e-03 3.764738095924e-03 3.829163033515e-03 3.729860298336e-03 3.409100929275e-03 2.812046557665e-03 2.092732116580e-03 1.934638712555e-03 1.976562663913e-03 4.358302336186e-03 7.895093411207e-03 2.266103774309e-02 1.865965723991e-01 3.487943112850e-01 7.578508555889e-02 3.317134082317e-02 1.190156582743e-02 5.582255776972e-03 4.245669115335e-03 4.119026940316e-03 5.725551396608e-03 6.883011199534e-03 6.715803872794e-03 5.551351699978e-03 8.161285892129e-03 1.297599915415e-02 2.844982780516e-02 2.860600687563e-02 1.412481442094e-02 3.405677899718e-02
1.009067171253e-03 1.411370350979e-03 1.649387530051e-03 1.706374110654e-03 1.648581470363e-03 1.717636361718e-03 1.897723879665e-03 2.016938058659e-03 2.411562949419e-03 2.968793502077e-03 3.549952525645e-03 4.101667553186e-03 4.585738759488e-03 5.017541814595e-03 5.432021804154e-03 5.824798718095e-03 6.087041925639e-03 5.980115383863e-03 5.181901622564e-03 3.720312612131e-03 2.871716860682e-03 4.097642842680e-03 7.208064198494e-03 1.021863147616e-02 4.470700398088e-02 1.074072271585e-01 1.364006400108e-01 4.135339707136e-02 1.552071701735e-02 9.482089430094e-03 8.114074356854e-03 9.934971109033e-03 1.283101551235e-02 1.190125569701e-02 8.629566058517e-03 8.542759343982e-03 7.131460588425e-03 8.326432667673e-03 9.143722243607e-03 1.869489252567e-02 2.487208507955e-02 1.597259938717e-02 5.978363007307e-02
1.378891407512e-03 2.183189848438e-03 2.751856110990e-03 3.074863459915e-03 3.254550276324e-03 3.323590150103e-03 3.290330758318e-03 3.168940776959e-03 2.982863923535e-03 3.073625266552e-03 3.709655022249e-03 4.350613337010e-03 4.959149751812e-03 5.543470848352e-03 6.167646031827e-03 6.903427187353e-03 7.617712020874e-03 7.878400385380e-03 7.096008863300e-03 6.449431180954e-03 6.472683511674e-03 6.978136021644e-03 8.950359188020e-03 1.214481052011e-02 2.312846481800e-02 8.525698445737e-03 6.699016317725e-03 6.697573233396e-03 7.289923727512e-03 7.893680594862e-03 8.737863041461e-03 6.092504039407e-02 4.007376357913e-02 3.205843269825e-02 1.934147067368e-02 2.853100188076e-02 2.625881135464e-02 1.233964785933e-02 9.598112665117e-03 1.153634861112e-02 1.720428280532e-02 4.551020637155e-02 6.916724890471e-02
2.529991324991e-03 3.931922838092e-03 4.815862979740e-03 5.173895508051e-03 5.230933893472e-03 5.099433474243e-03 4.837024025619e-03 4.493528977036e-03 4.189801868051e-03 4.346032626927e-03 4.456459544599e-03 4.492099862546e-03 4.750085994601e-03 5.393940024078e-03 6.003445945680e-03 6.689207162708e-03 7.367415353656e-03 1.096864324063e-02 1.416608504951e-02 1.426124293357e-02 1.455985475332e-02 1.439909450710e-02 1.051510311663e-02 1.265337411314e-02 6.277450360358e-03 4.744458477944e-03 4.359539132565e-03 3.777297912166e-03 4.271547775716e-03 5.969877820462e-03 1.336773950607e-02 7.245836406946e-02 5.159675702453e-02 3.564757108688e-02 3.112134896219e-02 6.615455448627e-02 6.312745809555e-02 2.852176316082e-02 2.138238586485e-02 1.977731287479e-02 2.537200227380e-02 4.293170198798e-02 7.689910382032e-02
3.642407478765e-03 5.542845930904e-03 6.523363757879e-03 6.697973236442e-03 8.203255012631e-03 8.820513263345e-03 8.668943308294e-03 8.079553022981e-03 7.286560256034e-03 6.582952570170e-03 6.651626899838e-03 6.507349200547e-03 6.878213491291e-03 7.931999862194e-03 8.688259869814e-03 9.373228996992e-03 1.054336316884e-02 1.168148871511e-02 1.078489609063e-02 1.233145222068e-02 1.292811892927e-02 1.053541526198e-02 8.641459047794e-03 4.943775013089e-03 4.345257300884e-03 3.375794040039e-03 2.798506757244e-03 2.245259471238e-03 2.054920187220e-03 3.660051617771e-03 5.838458426297e-03 3.088663332164e-02 4.098933562636e-02 6.179157271981e-02 6.558427959681e-02 8.469416201115e-02 6.027433648705e-02 2.828084491193e-02 4.442046210170e-02 4.438870027661e-02 3.158960863948e-02 4.141598194838e-02 1.327158957720e-01
4.269105382264e-03 6.432738155127e-03 7.440369576216e-03 8.295995183289e-03 1.005913317204e-02 1.073732413352e-02 1.049087382853e-02 9.717056527734e-03 8.681470528245e-03 7.571424823254e-03 6.735921371728e-03 7.410779129714e-03 8.572281338274e-03 9.841898456216e-03 1.070019695908e-02 1.098375394940e-02 1.029629260302e-02 8.462075144053e-03 6.684777792543e-03 5.778730381280e-03 4.915599245578e-03 3.444303758442e-03 3.083876566961e-03 2.949119545519e-03 2.626478672028e-03 2.142566954717e-03 1.651546568610e-03 1.565165119246e-03 1.995484111831e-03 3.013166598976e-03 4.332758020610e-03 1.715332642198e-02 1.876018568873e-02 3.614834696054e-02 4.191239178181e-02 9.604956209660e-02 8.462604880333e-02 4.421424493194e-02 4.039242491126e-02 1.771638542414e-01 4.166085720062e-01 1.080184951425e-01 6.638701260090e-02
3.184035420418e-03 4.751702304929e-03 5.428910255432e-03 5.491077899933e-03 6.554209161550e-03 6.925134453923e-03 6.727353204042e-03 6.208716426045e-03 5.528621375561e-03 4.809739999473e-03 4.474111832678e-03 4.809968173504e-03 4.991960246116e-03 5.022186320275e-03 4.955512471497e-03 5.030801054090e-03 4.511472303420e-03 3.614487592131e-03 4.207971040159e-03 3.965602722019e-03 3.158271545544e-03 2.300964901224e-03 2.153176581487e-03 1.919401227497e-03 1.604984863661e-03 1.261688419618e-03 1.433551195078e-03 1.993928337470e-03 2.499580848962e-03 5.141627509147e-03 6.503293756396e-03 9.710161946714e-03 1.679847575724e-02 1.259088050574e-02 1.088127493858e-02 1.325080264360e-02 8.248732239008e-02 4.759543761611e-02 3.690949827433e-02 2.365335822105e-01 5.222004652023e-01 5.740699917078e-02 2.071762643754e-02
1.506276545115e-03 2.224589698017e-03 2.617242746055e-03 2.974962582812e-03 3.114449791610e-03 3.244113875553e-03 3.275342751294e-03 3.103659721091e-03 2.951207337901e-03 2.909378381446e-03 2.855746075511e-03 2.623905660585e-03 2.675828756765e-03 2.749734790996e-03 2.727457089350e-03 2.579946536571e-03 3.486042842269e-03 4.450991284102e-03 4.193502943963e-03 3.137098159641e-03 2.000359585509e-03 1.451787422411e-03 1.315883011557e-03 1.139746978879e-03 9.499901207164e-04 1.459406455979e-03 2.248635049909e-03 3.003299701959e-03 4.154707770795e-03 6.744113750756e-03 9.262451902032e-03 1.249348558486e-02 1.436807401478e-02 1.212367974222e-02 7.458505686373e-03 8.660363033414e-03 1.680655591190e-02 4.239463061094e-02 6.971929222345e-02 7.282752543688e-02 3.863052651286e-02 1.479845028371e-02 1.381491869688e-02
9.966396028176e-04 1.451293355785e-03 1.840802491643e-03 2.079670084640e-03 2.172795357183e-03 2.162104938179e-03 2.110547618940e-03 2.010082360357e-03 1.891085645184e-03 1.765336259268e-03 1.636535045691e-03 1.508125104010e-03 1.385125215165e-03 1.355007058010e-03 1.337774679996e-03 1.900170813315e-03 3.236739197746e-03 3.828121582046e-03 3.275025170296e-03 2.256069798023e-03 1.372506143525e-03 8.751418208703e-04 8.761937497184e-04 9.585678926669e-04 1.302587916143e-03 2.216285560280e-03 3.343682736158e-03 4.710998386145e-03 6.712724454701e-03 9.159846231341e-03 1.370962895453e-02 1.415060460567e-02 1.286168675870e-02 6.975774187595e-03 5.278374999762e-03 7.187554147094e-03 8.697012439370e-03 3.311904892325e-02 8.181038498878e-02 4.701556637883e-02 2.806186303496e-02 1.263315323740e-02 1.199158560485e-02
6.927597569302e-04 1.003287383355e-03 1.254914328456e-03 1.410959055647e-03 1.481172977947e-03 1.490058959462e-03 1.457900274545e-03 1.397714833729e-03 1.318610971794e-03 1.225048908964e-03 1.122461399063e-03 1.013400848024e-03 1.077665481716e-03 1.083763898350e-03 1.000347896479e-03 1.125864800997e-03 2.015682402998e-03 2.507595345378e-03 2.342058345675e-03 1.831390080042e-03 1.292953966185e-03 8.686322253197e-04 9.372115600854e-04 1.076545333490e-03 1.840138807893e-03 4.083383828402e-03 8.728254586458e-03 8.076054975390e-03 6.670595612377e-03 1.235544215888e-02 1.682522706687e-02 1.443218719214e-02 1.039900723845e-02 4.861895926297e-03 5.192095413804e-03 7.139500230551e-03 9.998964145780e-03 3.540503978729e-02 5.954805761576e-02 2.819687686861e-02 1.635222695768e-02 1.008574850857e-02 9.055261500180e-03
4.638373211492e-04 6.656066980213e-04 8.256293367594e-04 9.232306038029e-04 9.662293596193e-04 9.707625140436e-04 9.481323650107e-04 9.056121343747e-04 8.474906790070e-04 7.774377590977e-04 7.710804929957e-04 8.665839559399e-04 9.041572920978e-04 8.646147907712e-04 8.297086460516e-04 9.489824878983e-04 1.053843996488e-03 1.280848984607e-03 1.464048516937e-03 1.412238227203e-03 1.201352919452e-03 9.485873742960e-04 1.000284450129e-03 1.373089500703e-03 2.394910203293e-03 7.112035527825e-03 1.017364300787e-02 6.051429081708e-03 6.789238657802e-03 1.306513138115e-02 1.769007742405e-02 1.401419285685e-02 9.761941619217e-03 6.697664503008e-03 7.379043381661e-03 7.135332562029e-03 1.537984982133e-02 6.148644909263e-02 4.439410194755e-02 1.178697403520e-02 2.360386215150e-02 1.026957295835e-02 7.001674734056e-03
2.728478575591e-04 3.880901203956e-04 4.778785514645e-04 5.309146363288e-04 5.522778956220e-04 5.513757350855e-04 5.344867240638e-04 5.056132213213e-04 4.856714513153e-04 5.926089943387e-04 6.933709955774e-04 7.593695772812e-04 7.648814353161e-04 8.471442270093e-04 9.795788209885e-04 1.113625126891e-03 1.230654306710e-03 1.306793652475e-03 1.318780938163e-03 1.257818075828e-03 1.146779162809e-03 1.064703799784e-03 1.183420186862e-03 1.710967160761e-03 2.888400340453e-03 7.972683757544e-03 8.404344320297e-03 6.667218636721e-03 6.068937480450e-03 1.168623100966e-02 1.637746952474e-02 1.276517007500e-02 1.247443072498e-02 8.417367003858e-03 8.890135213733e-03 6.379066035151e-03 1.464205142111e-02 3.960604965687e-02 1.928037963808e-02 1.382917724550e-02 3.128463774920e-02 1.011086534709e-02 5.357277113944e-03
