VariationalSeries/SI/f132_max.grd
DSAA
101	101
32.816463539100	34.260883539100
35.556306596100	36.727886596100
4.614888530341e-05	7.594225883484e+00
[rows 0 to 18 of 101, columns 43 to 85 of 101]
1.101598236710e-02 1.880018040538e-02 2.166037075222e-02 1.716629602015e-02 1.196308154613e-02 1.206084527075e-02 1.037517003715e-02 9.483315050602e-03 6.239857524633e-03 9.030445478857e-03 1.198252011091e-02 1.419545244426e-02 1.696235686541e-02 2.421903610229e-02 1.087998133153e-02 1.342018134892e-02 1.703798212111e-02 1.857751049101e-02 1.255197823048e-02 8.427087217569e-03 9.517665952444e-03 1.224207133055e-02 1.256763935089e-02 1.374441757798e-02 1.393129210919e-02 9.953139349818e-03 6.673788186163e-03 6.736382842064e-03 1.274050958455e-02 1.911112852395e-02 1.534509751946e-02 7.524094078690e-03 9.501784108579e-03 6.202082615346e-03 6.339192856103e-03 5.446795374155e-03 4.659002181143e-03 4.242053721100e-03 3.122107824311e-03 3.149830736220e-03 4.196344874799e-03 7.014048285782e-03 6.969207897782e-03
1.909416355193e-02 3.404955193400e-02 4.252468049526e-02 3.763240948319e-02 2.820922806859e-02 2.611621469259e-02 2.168085798621e-02 1.839405670762e-02 1.709865406156e-02 1.983459666371e-02 2.209034562111e-02 2.519931644201e-02 3.354651108384e-02 4.836497455835e-02 2.072009630501e-02 2.549437060952e-02 3.218768537045e-02 3.476768732071e-02 2.387440204620e-02 1.625015214086e-02 1.856715977192e-02 2.334778383374e-02 2.487403526902e-02 2.401773072779e-02 2.457146160305e-02 2.072604559362e-02 1.238152757287e-02 1.399460807443e-02 2.879564091563e-02 4.578682035208e-02 2.730548754334e-02 1.241247635335e-02 1.859060674906e-02 1.141808927059e-02 1.226620748639e-02 1.015338208526e-02 8.324085734785e-03 7.463472429663e-03 6.011889316142e-03 6.012139841914e-03 9.282531216741e-03 1.420953124762e-02 1.323803141713e-02
2.404855191708e-02 3.476412594318e-02 4.750117287040e-02 4.670865088701e-02 3.796402737498e-02 3.798907250166e-02 2.570504322648e-02 2.264235913754e-02 3.052520006895e-02 3.053072653711e-02 2.195398882031e-02 2.790704928339e-02 3.574862331152e-02 5.058626458049e-02 2.407256513834e-02 2.900032326579e-02 3.601409494877e-02 3.978856280446e-02 2.750265039504e-02 2.148319222033e-02 2.153331041336e-02 2.344303950667e-02 2.798154950142e-02 3.010343387723e-02 3.622112423182e-02 2.786935493350e-02 1.609794795513e-02 1.731694675982e-02 3.781691566110e-02 5.913948267698e-02 2.798863314092e-02 1.444202568382e-02 2.141256071627e-02 1.260091084987e-02 1.368907373399e-02 1.198902726173e-02 1.065679732710e-02 8.473303169012e-03 6.968170870095e-03 8.555751293898e-03 1.176386233419e-02 1.572999730706e-02 1.354679837823e-02
2.770768105984e-02 3.147200867534e-02 4.247625544667e-02 4.614147171378e-02 4.114561527967e-02 5.085774883628e-02 2.694414928555e-02 3.094936907291e-02 4.364085197449e-02 4.495360329747e-02 2.988115698099e-02 2.919158153236e-02 3.662358596921e-02 5.104922503233e-02 2.528087235987e-02 3.230728954077e-02 3.693694993854e-02 4.145746678114e-02 2.966368943453e-02 2.819895371795e-02 2.313255518675e-02 2.919509634376e-02 3.530923649669e-02 3.479287400842e-02 4.811016842723e-02 3.438333049417e-02 1.814539358020e-02 2.063460461795e-02 4.413732886314e-02 6.417118012905e-02 2.639997750521e-02 1.606838032603e-02 2.271047607064e-02 1.274857297540e-02 1.396473869681e-02 1.528498809785e-02 1.290872134268e-02 9.726483374834e-03 8.357030339539e-03 1.057925634086e-02 1.404601521790e-02 1.638433896005e-02 1.297743711621e-02
2.724298462272e-02 3.773028403521e-02 3.350242972374e-02 3.899638354778e-02 3.793197125196e-02 6.459823250771e-02 2.593334019184e-02 3.820251300931e-02 5.574709922075e-02 5.988213419914e-02 4.218431189656e-02 3.042636811733e-02 3.765292093158e-02 5.130535364151e-02 2.618872746825e-02 3.538133203983e-02 3.737727925181e-02 4.283930361271e-02 3.284741193056e-02 3.468940407038e-02 2.732455171645e-02 3.692285344005e-02 4.486248642206e-02 4.363848641515e-02 5.984482541680e-02 3.976152092218e-02 2.174340561032e-02 2.212174050510e-02 4.675751551986e-02 6.202965602279e-02 2.850137278438e-02 1.914408802986e-02 2.349657751620e-02 1.509916037321e-02 1.729511842132e-02 1.795359328389e-02 1.435054000467e-02 1.015041582286e-02 1.062237098813e-02 1.153266336769e-02 1.639332808554e-02 1.661684736609e-02 1.241563074291e-02
2.362043410540e-02 4.004759341478e-02 3.005835972726e-02 3.090673685074e-02 3.297593444586e-02 7.829629629850e-02 2.926071919501e-02 4.346162453294e-02 6.646067649126e-02 7.467378675938e-02 5.507632717490e-02 3.207728639245e-02 3.904725983739e-02 5.152206495404e-02 2.904040180147e-02 3.793593123555e-02 3.728735074401e-02 4.405963793397e-02 3.364279866219e-02 4.026899859309e-02 3.312623500824e-02 4.472819715738e-02 5.344270914793e-02 5.114400759339e-02 7.033491134644e-02 4.286865144968e-02 2.392304502428e-02 2.587515488267e-02 4.476061463356e-02 5.032079294324e-02 2.832264453173e-02 2.213050425053e-02 2.372180297971e-02 1.687409728765e-02 2.024791017175e-02 1.995703205466e-02 1.504848338664e-02 1.061980985105e-02 1.196898613125e-02 1.288922969252e-02 1.873420551419e-02 1.690597459674e-02 1.190780289471e-02
2.153716981411e-02 3.834066912532e-02 3.015786036849e-02 2.415401302278e-02 3.057472594082e-02 9.090042859316e-02 3.238542005420e-02 4.595512524247e-02 7.384993880987e-02 8.596786856651e-02 6.677938252687e-02 3.529067337513e-02 4.028005525470e-02 5.152323096991e-02 2.938599325716e-02 4.042254388332e-02 3.665493801236e-02 4.490895569324e-02 3.243910521269e-02 4.259902238846e-02 3.791656717658e-02 5.029550194740e-02 5.927301943302e-02 5.530882626772e-02 7.803463935852e-02 4.317317903042e-02 2.309790439904e-02 2.898419462144e-02 3.835444897413e-02 3.498857095838e-02 2.651678211987e-02 2.508508786559e-02 2.355519495904e-02 1.797567680478e-02 2.259236946702e-02 2.113089524209e-02 1.497942209244e-02 1.249625999480e-02 1.179692894220e-02 1.752064190805e-02 2.140635065734e-02 1.733489893377e-02 1.111682225019e-02
2.483486570418e-02 3.660491853952e-02 2.913406118751e-02 2.719457075000e-02 3.442826867104e-02 1.028910726309e-01 3.698045760393e-02 4.445900022984e-02 7.462418079376e-02 9.077521413565e-02 7.596985995770e-02 4.616417363286e-02 4.187035560608e-02 5.181062594056e-02 2.925164066255e-02 4.275404289365e-02 3.557565063238e-02 4.547103866935e-02 3.343148529530e-02 4.034653678536e-02 4.078576713800e-02 5.291105061769e-02 6.068540737033e-02 5.529984086752e-02 8.247535675764e-02 4.158377647400e-02 2.648435905576e-02 3.452382981777e-02 2.912156283855e-02 2.800142951310e-02 2.988549508154e-02 2.805298380554e-02 2.289987914264e-02 2.319934964180e-02 2.408255822957e-02 2.128197439015e-02 1.416084915400e-02 1.283812522888e-02 1.470930781215e-02 2.357783727348e-02 2.343402802944e-02 1.649794355035e-02 9.299331344664e-03
2.791290543973e-02 3.671667724848e-02 2.891405113041e-02 2.944458462298e-02 3.813473507762e-02 1.140527427197e-01 4.179465770721e-02 3.907040879130e-02 6.814661622047e-02 8.840569108725e-02 8.142558485270e-02 5.629498884082e-02 4.355042800307e-02 5.929671972990e-02 3.296348080039e-02 4.506912082434e-02 3.555276617408e-02 4.586057364941e-02 3.411227837205e-02 3.566187620163e-02 4.259159415960e-02 5.183788016438e-02 5.759011954069e-02 5.569015815854e-02 8.195371925831e-02 3.677456080914e-02 3.159334510565e-02 4.046201333404e-02 2.852213941514e-02 3.449901565909e-02 3.770045936108e-02 3.091738745570e-02 2.660605683923e-02 2.887374162674e-02 2.950207330287e-02 2.029820531607e-02 1.386624574661e-02 1.235444471240e-02 2.339110709727e-02 2.851425111294e-02 2.264295890927e-02 1.308254152536e-02 1.104986574501e-02
2.995476871729e-02 3.740895912051e-02 2.863858081400e-02 2.884504757822e-02 4.168126732111e-02 1.230451166630e-01 4.600883647799e-02 3.205736353993e-02 5.800303444266e-02 8.065369725227e-02 8.200391381979e-02 6.430970132351e-02 4.508332535625e-02 6.399910151958e-02 4.145526513457e-02 4.763476550579e-02 4.707828164101e-02 4.654635488987e-02 3.446467593312e-02 4.267189651728e-02 4.169716313481e-02 4.800291731954e-02 5.079419538379e-02 6.214782223105e-02 7.611460238695e-02 2.946788631380e-02 3.681065514684e-02 4.638068750501e-02 3.277277946472e-02 4.001073911786e-02 4.442145675421e-02 3.646279126406e-02 2.959409356117e-02 3.063746169209e-02 3.200039640069e-02 1.833045668900e-02 1.291746553034e-02 2.221642434597e-02 3.140603005886e-02 2.876825444400e-02 1.748144626617e-02 1.143517997116e-02 1.082735043019e-02
3.036271408200e-02 3.871643543243e-02 2.841988764703e-02 3.102064691484e-02 4.488176852465e-02 1.302659362555e-01 4.986932128668e-02 3.196465969086e-02 4.637686163187e-02 6.803946942091e-02 7.599565386772e-02 6.847158074379e-02 5.505055189133e-02 6.372658908367e-02 5.249688774347e-02 5.014270171523e-02 6.654710322618e-02 4.981036484241e-02 3.435754776001e-02 5.658119544387e-02 4.623802378774e-02 4.225181788206e-02 6.218015030026e-02 6.618579477072e-02 6.624796986580e-02 2.955962345004e-02 4.121195897460e-02 5.049815401435e-02 3.421212732792e-02 4.322756826878e-02 5.033010616899e-02 4.250007867813e-02 2.740108594298e-02 2.662255614996e-02 3.025776520371e-02 1.574656926095e-02 2.020837366581e-02 3.285530209541e-02 3.364675119519e-02 2.231609821320e-02 1.121369842440e-02 1.031504943967e-02 1.040607783943e-02
2.949096821249e-02 4.017390310764e-02 3.698281571269e-02 3.505854308605e-02 4.776954278350e-02 1.348782628775e-01 5.230966210365e-02 3.318111598492e-02 3.864623233676e-02 5.272123962641e-02 6.487433612347e-02 6.731358170509e-02 6.133698299527e-02 6.661675125360e-02 6.365638226271e-02 5.241738259792e-02 8.911845833063e-02 6.572766602039e-02 3.456880524755e-02 6.880389153957e-02 5.159206315875e-02 5.504694953561e-02 8.189795166254e-02 6.710180640221e-02 5.365016683936e-02 3.065145760775e-02 4.308935999870e-02 5.162531882524e-02 3.275422379375e-02 4.295089095831e-02 5.339639261365e-02 4.724693670869e-02 2.779401279986e-02 2.125562354922e-02 2.805091626942e-02 1.712895184755e-02 3.246585652232e-02 3.786335512996e-02 2.691797167063e-02 1.364379189909e-02 1.208997331560e-02 1.335217989981e-02 1.414726674557e-02
2.980413101614e-02 4.162261262536e-02 4.669049009681e-02 3.216315433383e-02 5.050130188465e-02 1.386160701513e-01 5.342179164290e-02 3.424597159028e-02 3.872473910451e-02 4.976794496179e-02 4.985069110990e-02 5.977194756269e-02 6.279899179935e-02 7.417695969343e-02 6.852739304304e-02 5.796507745981e-02 1.112714484334e-01 8.032467961311e-02 3.767736628652e-02 7.835572212934e-02 5.415848270059e-02 6.679844111204e-02 9.659890085459e-02 6.260363757610e-02 3.957028687000e-02 3.650146350265e-02 4.144642129540e-02 4.884823039174e-02 2.985783107579e-02 3.931620717049e-02 5.168071016669e-02 4.846328124404e-02 2.943387813866e-02 1.837196387351e-02 2.685241959989e-02 2.995425648987e-02 4.098046198487e-02 3.247299790382e-02 1.657465659082e-02 1.307400688529e-02 1.265973225236e-02 1.718389615417e-02 1.682723127306e-02
2.661626972258e-02 4.309826716781e-02 5.061576515436e-02 3.582709655166e-02 5.330398678780e-02 1.428791880608e-01 5.414502695203e-02 3.561667352915e-02 3.538470342755e-02 4.798710718751e-02 3.939084336162e-02 4.709444940090e-02 6.776372343302e-02 7.949970662594e-02 6.355573982000e-02 7.174789160490e-02 1.288899928331e-01 9.209809452295e-02 4.429120197892e-02 8.492944389582e-02 5.441954359412e-02 7.264524698257e-02 1.011850535870e-01 5.211022496223e-02 3.455630317330e-02 4.643324762583e-02 4.797250032425e-02 4.347965866327e-02 2.968460693955e-02 3.298317641020e-02 4.573351889849e-02 4.585948958993e-02 2.939349599183e-02 1.820882037282e-02 2.713156118989e-02 4.192280024290e-02 3.893737494946e-02 2.096081338823e-02 1.477592997253e-02 1.258266810328e-02 1.363971550018e-02 1.943780295551e-02 1.790674030781e-02
3.624676167965e-02 4.482986778021e-02 5.066835880280e-02 5.843848735094e-02 5.620078369975e-02 1.454434543848e-01 5.392725020647e-02 4.255189746618e-02 3.027660958469e-02 4.395717382431e-02 3.682473674417e-02 5.182912573218e-02 7.138279080391e-02 8.482999354601e-02 6.852927803993e-02 8.527475595474e-02 1.433697044849e-01 9.898052364588e-02 4.844219237566e-02 9.048555791378e-02 5.992130935192e-02 7.083693146706e-02 9.725203365088e-02 4.308274760842e-02 3.673403710127e-02 5.563339963555e-02 6.093481928110e-02 3.794439136982e-02 3.024158999324e-02 2.764357812703e-02 3.793497756124e-02 4.113135486841e-02 2.783667668700e-02 2.050549350679e-02 3.990220651031e-02 4.501706361771e-02 2.713257074356e-02 1.422176882625e-02 1.520120445639e-02 1.174783799797e-02 1.561227906495e-02 2.064918540418e-02 2.242711931467e-02
4.785624891520e-02 4.690228775144e-02 4.989672079682e-02 7.176647335291e-02 5.838974192739e-02 1.462102681398e-01 5.236028134823e-02 4.876874387264e-02 3.203027695417e-02 4.504405334592e-02 3.816857933998e-02 5.554062873125e-02 7.475073635578e-02 9.002084285021e-02 6.618116796017e-02 9.640929102898e-02 1.461185514927e-01 9.381072968245e-02 5.746608227491e-02 9.513317048550e-02 6.010762229562e-02 6.476277858019e-02 8.411908894777e-02 4.103409871459e-02 4.018394276500e-02 6.401533633471e-02 6.564570963383e-02 3.418774902821e-02 3.290091454983e-02 2.882781438529e-02 3.987320140004e-02 3.459976986051e-02 2.477351762354e-02 3.587849438190e-02 4.837195575237e-02 3.478065878153e-02 1.950751617551e-02 1.277109421790e-02 1.532310899347e-02 1.340588927269e-02 2.025729604065e-02 2.639629878104e-02 2.629129774868e-02
5.634744837880e-02 6.110386177897e-02 5.772959068418e-02 6.632922589779e-02 6.212490797043e-02 1.450104266405e-01 5.672731623054e-02 5.360398069024e-02 3.362273052335e-02 4.571678116918e-02 4.220276698470e-02 5.747795104980e-02 7.877293229103e-02 9.513586759567e-02 6.083704531193e-02 1.034905910492e-01 1.377175003290e-01 8.325511962175e-02 6.322745978832e-02 9.860929846764e-02 5.370930209756e-02 5.170441046357e-02 6.531953066587e-02 3.798858448863e-02 4.723329097033e-02 6.409586220980e-02 6.059142574668e-02 3.619671240449e-02 3.787613287568e-02 3.205830976367e-02 4.325957596302e-02 3.011417575181e-02 3.069347143173e-02 4.843238368630e-02 4.264817759395e-02 2.991792373359e-02 1.668355055153e-02 1.392012555152e-02 1.722291298211e-02 1.939561590552e-02 2.827586047351e-02 2.901434898376e-02 2.416712418199e-02
7.382813841105e-02 7.334372401237e-02 7.919062674046e-02 6.109390035272e-02 7.363738119602e-02 1.404467225075e-01 6.459286063910e-02 5.828808993101e-02 4.549759253860e-02 4.579715430737e-02 4.917807504535e-02 7.435677200556e-02 8.209215849638e-02 1.008301377296e-01 6.583233177662e-02 1.040144413710e-01 1.224765554070e-01 7.973924279213e-02 6.517228484154e-02 1.011911928654e-01 4.801452159882e-02 4.251014813781e-02 4.919026046991e-02 4.075654223561e-02 5.136670544744e-02 5.736589059234e-02 4.483374208212e-02 3.997075185180e-02 4.416193813086e-02 3.656047210097e-02 4.471931979060e-02 2.839445322752e-02 4.578977078199e-02 4.814629256725e-02 4.293980449438e-02 2.707349509001e-02 1.933774165809e-02 1.704255677760e-02 2.061857655644e-02 2.813610062003e-02 3.144861385226e-02 2.533173188567e-02 1.880253106356e-02
8.193195611238e-02 8.114590495825e-02 9.793660789728e-02 9.119033068419e-02 6.223340332508e-02 1.325391083956e-01 6.007243320346e-02 6.738127768040e-02 6.287904828787e-02 5.214511975646e-02 5.342377722263e-02 8.960849791765e-02 9.431023150682e-02 1.071393862367e-01 7.350032031536e-02 9.792867302895e-02 1.212438717484e-01 9.728126972914e-02 6.342195719481e-02 1.015550270677e-01 4.831902682781e-02 4.586067050695e-02 4.995337873697e-02 4.532133415341e-02 4.815674573183e-02 4.506790637970e-02 4.161909967661e-02 4.657591879368e-02 4.838681221008e-02 3.792778775096e-02 4.434215277433e-02 4.301246628165e-02 5.104367807508e-02 4.793554171920e-02 4.576002806425e-02 3.325722366571e-02 2.371366508305e-02 2.199395187199e-02 2.670137397945e-02 3.153847903013e-02 2.605657465756e-02 2.134135365486e-02 1.924319937825e-02
