VariationalSeries/SI/f133_max.grd
DSAA
101	101
32.816463539100	34.260883539100
35.556306596100	36.727886596100
4.276578692952e-05	7.035778045654e+00
[rows 38 to 56 of 101, columns 43 to 85 of 101]
4.300683140755e-01 6.678583621979e-01 7.139062881470e-01 4.229844510555e-01 7.096652984619e-01 3.481785655022e-01 3.574783205986e-01 4.807689189911e-01 4.118936359882e-01 3.304128944874e-01 4.869128167629e-01 2.524920105934e-01 2.775688767433e-01 2.349266707897e-01 3.649158775806e-01 2.655671834946e-01 2.878776192665e-01 1.635401546955e-01 2.228420078754e-01 3.382944464684e-01 3.447901308537e-01 2.642749845982e-01 1.822814047337e-01 1.443397849798e-01 1.242168545723e-01 1.120659634471e-01 1.041028127074e-01 1.065373271704e-01 9.470559656620e-02 7.108574360609e-02 7.062711566687e-02 8.361514657736e-02 9.556554257870e-02 9.827405214310e-02 9.966456890106e-02 9.987479448318e-02 9.836087375879e-02 9.085384756327e-02 8.069083094597e-02 7.193202525377e-02 6.483190506697e-02 6.498672813177e-02 5.503987520933e-02
4.275238215923e-01 8.858631253242e-01 5.717974901199e-01 7.980854511261e-01 5.743704438210e-01 8.114266395569e-01 6.824932694435e-01 4.221479594707e-01 4.285038113594e-01 3.438960015774e-01 5.527028441429e-01 3.571619093418e-01 2.317506819963e-01 2.663884758949e-01 4.845652580261e-01 2.890829145908e-01 3.306415677071e-01 5.167417526245e-01 4.632968008518e-01 3.140144348145e-01 2.120976597071e-01 1.441895961761e-01 1.314830034971e-01 1.188187599182e-01 1.196140050888e-01 1.142919957638e-01 1.001627221704e-01 8.734688907862e-02 7.879650592804e-02 7.872336357832e-02 8.643522113562e-02 8.119225502014e-02 6.663411110640e-02 5.642173811793e-02 5.452627316117e-02 4.703999683261e-02 5.026337131858e-02 5.523218214512e-02 6.078141927719e-02 6.728761643171e-02 7.287450134754e-02 9.577971696854e-02 9.879055619240e-02
6.293919086456e-01 4.404163360596e-01 7.798592448235e-01 6.175921559334e-01 6.567237973213e-01 8.553740382195e-01 5.207687616348e-01 4.734934568405e-01 3.384157121181e-01 3.514387905598e-01 5.913810133934e-01 3.198517858982e-01 3.284068703651e-01 3.222517073154e-01 3.930696547031e-01 6.349913477898e-01 4.332844316959e-01 2.245537638664e-01 2.096778899431e-01 1.390718370676e-01 1.057022139430e-01 1.523062735796e-01 1.999877393246e-01 1.801902800798e-01 1.297651827335e-01 1.131246760488e-01 1.105727702379e-01 1.019295006990e-01 8.803126960993e-02 8.183308690786e-02 7.697036117315e-02 7.800286263227e-02 7.462482899427e-02 6.938124448061e-02 6.769768893719e-02 7.115405797958e-02 7.020013779402e-02 6.373152136803e-02 8.458329737186e-02 1.153113692999e-01 9.475170820951e-02 7.084255665541e-02 6.129179894924e-02
6.992387771606e-01 6.402392387390e-01 1.016656637192e+00 8.495278954506e-01 8.030539155006e-01 8.852004408836e-01 8.331094384193e-01 4.593683183193e-01 5.181408524513e-01 4.922644793987e-01 5.817469954491e-01 4.544867873192e-01 4.229516386986e-01 7.194904685020e-01 4.638519287109e-01 3.437809348106e-01 2.920041084290e-01 2.364474684000e-01 1.740424484015e-01 2.813612520695e-01 3.029964864254e-01 1.591351777315e-01 2.508333325386e-01 1.905508935452e-01 1.714739501476e-01 1.511998623610e-01 1.335213482380e-01 1.193881854415e-01 1.075311377645e-01 1.036236807704e-01 1.939092725515e-01 8.238391578197e-02 7.826766371727e-02 7.408451288939e-02 9.364955127239e-02 1.169144585729e-01 1.071530282497e-01 1.225889474154e-01 1.042073592544e-01 1.142803952098e-01 1.153156310320e-01 1.127933636308e-01 1.035729646683e-01
6.668163537979e-01 9.220422506332e-01 7.962983250618e-01 7.917959690094e-01 7.343985438347e-01 9.287670850754e-01 1.466653227806e+00 6.330724358559e-01 7.387570142746e-01 7.375728487968e-01 6.716448664665e-01 6.732663512230e-01 7.673773169518e-01 4.385439753532e-01 4.747840166092e-01 2.675649225712e-01 3.620028197765e-01 4.839183688164e-01 3.806490898132e-01 3.641599416733e-01 3.786731362343e-01 2.553824186325e-01 1.581851840019e-01 1.535063236952e-01 1.423365622759e-01 1.333912461996e-01 1.626872122288e-01 2.812535464764e-01 3.375379443169e-01 2.993443906307e-01 1.477183550596e-01 1.067617163062e-01 1.013308912516e-01 1.096672341228e-01 1.380223184824e-01 1.415160000324e-01 1.281000822783e-01 1.146293282509e-01 8.532327413559e-02 1.061712428927e-01 1.268664151430e-01 1.266441643238e-01 1.218192130327e-01
7.896550893784e-01 1.147740960121e+00 1.894473671913e+00 1.160755515099e+00 1.869671344757e+00 9.617444872856e-01 2.297534704208e+00 6.594395041466e-01 1.276517391205e+00 9.211464524269e-01 8.054169416428e-01 7.866880297661e-01 4.458374381065e-01 5.444346666336e-01 6.149156689644e-01 6.007167100906e-01 3.718124926090e-01 2.210042923689e-01 4.745590090752e-01 4.103550612926e-01 2.248269319534e-01 2.052783519030e-01 1.943112015724e-01 3.537272810936e-01 4.349067807198e-01 3.842756152153e-01 2.527091801167e-01 1.819861829281e-01 1.977835446596e-01 1.249759197235e-01 1.001768261194e-01 1.502730846405e-01 1.868098229170e-01 1.676114797592e-01 1.478272229433e-01 1.995682418346e-01 2.363834977150e-01 2.113651484251e-01 1.515472084284e-01 1.105843111873e-01 1.381979137659e-01 1.517904549837e-01 1.601117700338e-01
9.750977158546e-01 1.227853298187e+00 1.447345852852e+00 1.921160936356e+00 1.605367779732e+00 1.627658367157e+00 2.694474458694e+00 1.068363904953e+00 1.243166923523e+00 9.788573980331e-01 9.878334403038e-01 5.709507465363e-01 6.167284846306e-01 7.699960470200e-01 6.008465290070e-01 4.298821985722e-01 6.202170252800e-01 5.758451223373e-01 4.561003148556e-01 5.770888328552e-01 5.841799974442e-01 5.065476894379e-01 3.624106645584e-01 1.979610025883e-01 2.173698693514e-01 1.960870325565e-01 1.557882577181e-01 1.607693582773e-01 1.733747869730e-01 1.863061040640e-01 1.813929378986e-01 1.547582149506e-01 1.486457139254e-01 1.247365251184e-01 2.276010066271e-01 2.780817449093e-01 2.606954574585e-01 1.920110583305e-01 1.163173392415e-01 7.137010246515e-02 9.931337088346e-02 1.139678210020e-01 1.048789024353e-01
9.224466085434e-01 1.354064345360e+00 1.607963442802e+00 1.534693717957e+00 2.282731294632e+00 1.705583930016e+00 2.743526458740e+00 1.512564420700e+00 1.294125676155e+00 1.435245275497e+00 1.099088191986e+00 7.223970890045e-01 7.181959748268e-01 7.671219110489e-01 4.429056644440e-01 6.567329764366e-01 8.472447991371e-01 5.833141207695e-01 3.468587100506e-01 3.433125317097e-01 3.029378950596e-01 2.346712648869e-01 2.261518687010e-01 2.503728866577e-01 2.504331767559e-01 2.211771160364e-01 1.913659870625e-01 1.867316663265e-01 1.555775851011e-01 1.713114380836e-01 1.639392822981e-01 1.495094001293e-01 1.037562713027e-01 1.900108158588e-01 2.266474962234e-01 2.148697376251e-01 1.500710994005e-01 8.086011558771e-02 1.112564280629e-01 1.046642586589e-01 7.832469791174e-02 7.459501177073e-02 8.063153922558e-02
1.367348670959e+00 1.913655638695e+00 1.952727675438e+00 2.129908561707e+00 2.316606998444e+00 2.912369966507e+00 2.746088743210e+00 5.344345569611e+00 1.968089699745e+00 1.246642351151e+00 1.158751606941e+00 1.032965183258e+00 8.782297372818e-01 1.337441802025e+00 1.170372366905e+00 6.823710203171e-01 6.314898729324e-01 6.555351614952e-01 4.799424409866e-01 4.246895015240e-01 4.207365810871e-01 4.001840949059e-01 4.283142387867e-01 3.192866742611e-01 4.109020829201e-01 3.635374903679e-01 2.285681664944e-01 2.081045210361e-01 2.106891870499e-01 1.966508179903e-01 1.678921580315e-01 1.622443348169e-01 1.692976653576e-01 1.948236078024e-01 1.811282485723e-01 1.389959454536e-01 1.061146408319e-01 9.608258306980e-02 9.365005791187e-02 9.263104200363e-02 9.055613726377e-02 8.723431080580e-02 8.395282924175e-02
8.669362664223e-01 2.532204151154e+00 1.749353766441e+00 2.183800220490e+00 3.454094886780e+00 2.765458822250e+00 3.282928705215e+00 3.904153823853e+00 1.922288060188e+00 1.818496227264e+00 2.308254241943e+00 1.470981240273e+00 1.825176000595e+00 1.417519330978e+00 1.186820268631e+00 1.035314321518e+00 8.801422119141e-01 7.616316080093e-01 6.721174716949e-01 9.436363577843e-01 1.103046536446e+00 4.600738286972e-01 2.999326884747e-01 3.032384514809e-01 4.259275794029e-01 2.682804763317e-01 2.318720519543e-01 2.205749899149e-01 2.035949081182e-01 1.937158554792e-01 1.860278844833e-01 1.924196034670e-01 2.036154121161e-01 1.740755140781e-01 1.332313418388e-01 1.243706569076e-01 1.177929416299e-01 9.656353294849e-02 9.553518146276e-02 9.569315612316e-02 8.830182999372e-02 9.047339111567e-02 9.502857923508e-02
2.337227106094e+00 2.735314130783e+00 3.127235651016e+00 3.298066616058e+00 3.821965932846e+00 5.292796611786e+00 7.035778045654e+00 3.253800392151e+00 2.623075485229e+00 1.828855156898e+00 2.602160930634e+00 2.590740919113e+00 9.792408347130e-01 1.564403176308e+00 1.716295361519e+00 8.514975309372e-01 7.870222926140e-01 8.340486884117e-01 9.198660254478e-01 1.083399415016e+00 8.353492617607e-01 3.556955754757e-01 4.023670852184e-01 3.310044109821e-01 3.089922964573e-01 2.645550668240e-01 2.572111785412e-01 2.552349269390e-01 2.120766490698e-01 1.472160965204e-01 1.317307353020e-01 1.443474888802e-01 1.532233953476e-01 1.574193090200e-01 1.543993949890e-01 1.478498727083e-01 1.317989081144e-01 1.352023333311e-01 1.507084816694e-01 1.543241590261e-01 1.381665319204e-01 1.198996230960e-01 1.046255081892e-01
1.561807632446e+00 2.782879829407e+00 2.873308420181e+00 3.642851591110e+00 3.607871532440e+00 3.570558309555e+00 3.502104282379e+00 2.903181076050e+00 2.032542705536e+00 2.317062377930e+00 2.222815275192e+00 2.333103179932e+00 2.823506832123e+00 1.238773941994e+00 1.049045443535e+00 6.516943573952e-01 5.933886766434e-01 4.197019636631e-01 3.865766525269e-01 3.295445442200e-01 2.831465601921e-01 3.207514286041e-01 3.953479528427e-01 4.548983573914e-01 4.655635952950e-01 4.085624217987e-01 3.265271186829e-01 2.261509895325e-01 1.569399535656e-01 1.293931007385e-01 1.052619963884e-01 1.187648177147e-01 1.544431149960e-01 1.033535301685e-01 1.169420555234e-01 1.277632266283e-01 1.020771637559e-01 1.249235048890e-01 1.476478874683e-01 1.564405262470e-01 1.775363981724e-01 2.230184823275e-01 2.531819939613e-01
6.134369969368e-01 8.371720910072e-01 1.320966720581e+00 6.246881961823e+00 3.438673257828e+00 3.281297206879e+00 1.833701133728e+00 1.882264733315e+00 1.740727186203e+00 2.771578788757e+00 2.579524040222e+00 3.654063463211e+00 5.298505306244e+00 3.893153905869e+00 2.536931991577e+00 1.168214917183e+00 5.496121644974e-01 3.917443156242e-01 3.571596145630e-01 4.787763357162e-01 6.230953931808e-01 5.769606828690e-01 4.258339405060e-01 2.736771106720e-01 3.010013997555e-01 2.847479283810e-01 4.068428277969e-01 6.062504053116e-01 2.810805737972e-01 1.480695456266e-01 1.370271444321e-01 2.250094413757e-01 1.472761034966e-01 9.221852570772e-02 8.104533702135e-02 8.398648351431e-02 8.445519953966e-02 8.692589402199e-02 8.849007636309e-02 8.843553066254e-02 8.857861906290e-02 9.801769256592e-02 8.553229272366e-02
1.112553253770e-01 2.771216034889e-01 6.675134897232e-01 8.904605507851e-01 9.081842303276e-01 8.882195353508e-01 6.922540664673e-01 9.449106454849e-01 9.434068202972e-01 1.503380775452e+00 3.051306962967e+00 3.444605588913e+00 4.738891601562e+00 2.749272108078e+00 1.963971257210e+00 1.110928058624e+00 5.070330500603e-01 2.657981812954e-01 2.812619209290e-01 6.192489266396e-01 1.971954345703e+00 8.232086300850e-01 7.038935422897e-01 5.258020758629e-01 5.359371304512e-01 4.602454900742e-01 4.950879216194e-01 3.468931019306e-01 1.718751043081e-01 2.266833633184e-01 1.911436319351e-01 1.930309385061e-01 1.174047663808e-01 1.064757555723e-01 7.426516711712e-02 6.793609261513e-02 7.047422230244e-02 7.039899379015e-02 7.603286206722e-02 7.031755149364e-02 9.152892231941e-02 1.075108200312e-01 1.039857491851e-01
7.759711891413e-02 1.444235593081e-01 4.199898540974e-01 2.441886514425e-01 2.163386940956e-01 1.764681488276e-01 2.686320245266e-01 4.423850178719e-01 4.626481533051e-01 4.905253648758e-01 1.389583706856e+00 6.839393138885e+00 5.431939601898e+00 2.450761318207e+00 1.125763535500e+00 3.241991996765e-01 1.946531236172e-01 1.279424875975e-01 1.590027511120e-01 4.069345891476e-01 9.330643415451e-01 1.625684976578e+00 8.142049908638e-01 6.195877194405e-01 4.888964295387e-01 3.669761717319e-01 3.887116909027e-01 3.635284006596e-01 3.190481960773e-01 2.875226140022e-01 3.503714203835e-01 1.499528586864e-01 1.390863358974e-01 1.123607829213e-01 1.148294210434e-01 1.070210784674e-01 8.964988589287e-02 7.656565308571e-02 8.756700158119e-02 1.010811403394e-01 1.184104084969e-01 1.165736243129e-01 9.942201524973e-02
5.217083916068e-02 2.146562635899e-01 5.041956901550e-01 3.726137280464e-01 9.198941290379e-02 1.079729571939e-01 1.033235862851e-01 2.089572846889e-01 2.281534373760e-01 3.741916120052e-01 7.171090841293e-01 1.872510075569e+00 4.006944656372e+00 2.745980024338e+00 3.717605590820e+00 8.963080048561e-01 1.102456226945e-01 6.946364045143e-02 1.095133051276e-01 3.626315593719e-01 1.109841704369e+00 1.737426996231e+00 1.325352668762e+00 9.022602438927e-01 6.270886659622e-01 3.947781324387e-01 4.479143321514e-01 3.318469524384e-01 3.206146061420e-01 3.190712034702e-01 2.651978433132e-01 2.114762067795e-01 1.489205509424e-01 1.586836129427e-01 1.425099819899e-01 1.134628131986e-01 1.008151695132e-01 9.351105988026e-02 8.671852946281e-02 1.012642309070e-01 1.111029982567e-01 1.080530583858e-01 9.574359655380e-02
4.448559880257e-02 1.095427051187e-01 7.447678446770e-01 8.952127099037e-01 4.673676490784e-01 7.276320457458e-02 5.536233633757e-02 1.040889620781e-01 1.040502935648e-01 8.456514775753e-02 7.153241336346e-02 3.012263476849e-01 1.357214570045e+00 7.846547961235e-01 4.528696537018e+00 5.472278594971e-01 3.086402714252e-01 1.166224554181e-01 9.726313501596e-02 3.150531947613e-01 6.179923415184e-01 5.469957351685e+00 1.692196130753e+00 7.375625371933e-01 7.469733357430e-01 3.944282233715e-01 4.233754277229e-01 3.607826828957e-01 5.160836577415e-01 3.964901864529e-01 2.274452596903e-01 2.257637679577e-01 2.106542587280e-01 2.006146311760e-01 1.969825625420e-01 1.570457518101e-01 1.549717485905e-01 1.714932620525e-01 1.108041107655e-01 8.494067192078e-02 8.381377160549e-02 8.280720561743e-02 9.573307633400e-02
2.854718267918e-02 4.927828907967e-02 6.140644103289e-02 3.478114306927e-01 2.141366750002e-01 5.184398218989e-02 4.413900524378e-02 5.180103331804e-02 4.856544733047e-02 4.665585607290e-02 3.379777446389e-02 3.778151422739e-02 1.157778650522e-01 7.206686735153e-01 2.052396774292e+00 5.023764967918e-01 4.192112088203e-01 1.973350048065e-01 1.151010692120e-01 2.259751558304e-01 2.634232342243e-01 3.602532148361e-01 3.290501832962e-01 2.488921731710e-01 3.662490248680e-01 6.097304224968e-01 5.346305966377e-01 5.335347056389e-01 3.432694673538e-01 4.488922357559e-01 4.683184325695e-01 4.081478118896e-01 2.493255138397e-01 2.068706750870e-01 1.982243061066e-01 1.730490922928e-01 1.478854566813e-01 1.502344310284e-01 1.455775946379e-01 9.635856002569e-02 7.935208827257e-02 8.177332580090e-02 8.823084831238e-02
3.132757917047e-02 5.010543391109e-02 3.295452892780e-02 3.709326684475e-02 3.767908364534e-02 4.431020095944e-02 4.085025191307e-02 3.833151981235e-02 3.544021770358e-02 2.690914459527e-02 1.884326897562e-02 1.599536277354e-02 2.667298913002e-02 7.470774054527e-01 1.161455154419e+00 1.201570630074e+00 3.425046205521e-01 3.655973970890e-01 3.206498324871e-01 1.322839558125e-01 1.433885395527e-01 2.692348062992e-01 7.351198792458e-01 6.952628493309e-01 9.063860177994e-01 9.121172428131e-01 8.550475835800e-01 8.078358173370e-01 7.655981183052e-01 7.303944230080e-01 7.775436639786e-01 9.525505304337e-01 8.142470717430e-01 3.332339525223e-01 1.357817202806e-01 1.597407758236e-01 1.748744547367e-01 1.207990869880e-01 1.195474490523e-01 8.452945947647e-02 8.329731225967e-02 6.143964454532e-02 6.918292492628e-02
