VariationalSeries/SI/f133_max.grd
DSAA
101	101
32.816463539100	34.260883539100
35.556306596100	36.727886596100
4.276578692952e-05	7.035778045654e+00
[rows 19 to 37 of 101, columns 0 to 42 of 101]
1.345693599433e-02 2.743585966527e-02 3.508624807000e-02 3.574985265732e-02 2.948686107993e-02 2.338939160109e-02 1.597444713116e-02 1.814294420183e-02 2.195387333632e-02 2.638130635023e-02 3.460399433970e-02 4.133355617523e-02 4.028447344899e-02 4.367635399103e-02 4.400222748518e-02 4.267009720206e-02 4.058073833585e-02 3.891478106380e-02 4.505674913526e-02 4.055516421795e-02 4.197515547276e-02 4.528355225921e-02 4.815168306231e-02 4.620052129030e-02 4.120287671685e-02 3.485871478915e-02 3.607843443751e-02 5.769547447562e-02 6.882542371750e-02 5.178352072835e-02 4.764301702380e-02 4.376902431250e-02 4.632610455155e-02 4.631822556257e-02 4.634385928512e-02 4.487109556794e-02 3.583072498441e-02 3.130778297782e-02 3.358819708228e-02 3.222845122218e-02 4.664969444275e-02 1.153161674738e-01 5.361198261380e-02
1.052423380315e-02 2.211509644985e-02 2.982293628156e-02 3.262526541948e-02 2.900910377502e-02 2.792515419424e-02 2.558970265090e-02 1.817202940583e-02 2.423984557390e-02 2.831631526351e-02 3.015252016485e-02 3.781447187066e-02 3.356220945716e-02 3.913189470768e-02 4.229206964374e-02 4.363543912768e-02 4.354547336698e-02 4.156893491745e-02 5.244335159659e-02 4.201543703675e-02 4.937558993697e-02 5.885820835829e-02 6.340686231852e-02 6.177664920688e-02 5.795809254050e-02 4.482742026448e-02 4.780262336135e-02 4.669321700931e-02 7.231836020947e-02 5.260485783219e-02 4.498452320695e-02 4.239388182759e-02 4.129367694259e-02 4.153879731894e-02 3.936666622758e-02 5.096426233649e-02 3.407749161124e-02 3.584276884794e-02 3.674589470029e-02 3.758915886283e-02 5.779252573848e-02 9.761951863766e-02 7.989337295294e-02
8.127442561090e-03 1.637893542647e-02 2.254016138613e-02 2.594423852861e-02 2.448561787605e-02 2.134394459426e-02 2.635833807290e-02 2.604078315198e-02 2.984198182821e-02 3.560004010797e-02 4.106546938419e-02 5.412446334958e-02 6.493081152439e-02 5.941442400217e-02 4.041065648198e-02 3.905877470970e-02 4.126636311412e-02 4.308455437422e-02 7.640913128853e-02 6.135228276253e-02 4.614401981235e-02 7.159655541182e-02 7.586578279734e-02 8.311735093594e-02 6.844271719456e-02 6.060247495770e-02 5.973696708679e-02 3.697665408254e-02 6.803946197033e-02 4.851918667555e-02 3.729129955173e-02 3.878422454000e-02 4.580963030457e-02 3.776945546269e-02 4.135654494166e-02 5.392972379923e-02 4.293663054705e-02 3.802708908916e-02 3.969364613295e-02 4.259679839015e-02 6.739558279514e-02 6.991969048977e-02 1.060521155596e-01
1.094935834408e-02 1.967122219503e-02 1.903955452144e-02 1.994202658534e-02 2.325749211013e-02 2.943159081042e-02 3.437055647373e-02 4.114466533065e-02 4.998003691435e-02 6.282819062471e-02 8.002031594515e-02 1.003963649273e-01 1.128354072571e-01 9.804078191519e-02 6.157669425011e-02 3.769921883941e-02 5.203297361732e-02 7.308987528086e-02 9.244387596846e-02 7.514652609825e-02 5.926531180739e-02 7.774537801743e-02 8.271794766188e-02 9.335168451071e-02 6.807044148445e-02 6.901636719704e-02 7.095074653625e-02 4.450045898557e-02 5.555643513799e-02 4.019535705447e-02 3.811430558562e-02 3.774845600128e-02 4.750891774893e-02 4.840555042028e-02 4.814094305038e-02 4.577357694507e-02 6.040740758181e-02 4.222451150417e-02 4.262167960405e-02 4.678560048342e-02 7.513130456209e-02 6.513681262732e-02 1.231603100896e-01
1.062864903361e-02 2.191885933280e-02 2.379265613854e-02 2.279957756400e-02 2.915586903691e-02 3.959828987718e-02 4.339987784624e-02 4.589930176735e-02 5.086436495185e-02 5.888199061155e-02 7.111679017544e-02 8.113871514797e-02 8.312129974365e-02 7.112011313438e-02 5.210766196251e-02 4.638175666332e-02 5.060936510563e-02 6.827796995640e-02 9.096319228411e-02 5.767371505499e-02 5.552963539958e-02 7.840115576982e-02 8.260788768530e-02 8.951549232006e-02 7.140578329563e-02 6.879065185785e-02 7.997995615005e-02 6.824631989002e-02 6.891340762377e-02 5.872800201178e-02 5.076250806451e-02 7.473993301392e-02 6.983674317598e-02 5.225235223770e-02 5.088397487998e-02 5.073468387127e-02 6.698384135962e-02 4.913234338164e-02 4.658433794975e-02 4.940683022141e-02 7.947032153606e-02 6.603949517012e-02 1.258089393377e-01
2.111328952014e-02 3.646516054869e-02 2.374659106135e-02 2.375045232475e-02 2.679423801601e-02 3.446207568049e-02 3.901196271181e-02 3.860881552100e-02 3.839194402099e-02 3.996172547340e-02 4.225508868694e-02 4.476653039455e-02 4.266560077667e-02 4.697799310088e-02 4.755296558142e-02 4.258700460196e-02 4.250122234225e-02 7.829540222883e-02 8.955886960030e-02 4.754838719964e-02 4.807397350669e-02 7.259041815996e-02 7.838901132345e-02 7.627210021019e-02 6.973301619291e-02 6.293657422066e-02 8.610378950834e-02 7.547205686569e-02 6.290929019451e-02 6.088587269187e-02 5.979682877660e-02 9.623841941357e-02 1.432817131281e-01 1.363877952099e-01 1.234168410301e-01 1.177399381995e-01 1.223205849528e-01 7.553105801344e-02 6.405101716518e-02 5.293433740735e-02 8.131592720747e-02 6.378660351038e-02 1.113709509373e-01
3.914522752166e-02 8.295302838087e-02 8.546269685030e-02 7.497544586658e-02 4.685254395008e-02 2.698164805770e-02 2.615896798670e-02 2.743311412632e-02 2.974926680326e-02 3.845877200365e-02 4.610838741064e-02 5.153691396117e-02 5.320322513580e-02 5.100278928876e-02 4.657771810889e-02 4.830069839954e-02 5.079834908247e-02 7.628067582846e-02 7.518093287945e-02 4.425939172506e-02 4.796483367682e-02 5.921747907996e-02 6.777454912663e-02 6.321897357702e-02 7.165140658617e-02 6.909716129303e-02 8.934164047241e-02 9.495847672224e-02 1.009843721986e-01 9.040093421936e-02 6.817631423473e-02 5.721396580338e-02 1.160357072949e-01 1.267324835062e-01 1.396793574095e-01 1.689341366291e-01 2.111335545778e-01 1.287591010332e-01 9.457046538591e-02 8.030575513840e-02 7.986986637115e-02 5.950915440917e-02 8.337567746639e-02
4.182241857052e-02 9.016942232847e-02 1.040783151984e-01 1.228865534067e-01 1.345994621515e-01 1.168253347278e-01 6.550602614880e-02 3.580006957054e-02 4.883195459843e-02 5.702360346913e-02 5.856985598803e-02 5.539550632238e-02 5.188539624214e-02 6.990169733763e-02 7.704128324986e-02 7.651351392269e-02 7.534427195787e-02 7.330901175737e-02 7.241974025965e-02 6.995232403278e-02 6.837692856789e-02 6.837632507086e-02 6.633102148771e-02 8.298388123512e-02 9.993384033442e-02 8.644550293684e-02 9.773041307926e-02 1.255003362894e-01 1.268866211176e-01 1.127085015178e-01 8.414575457573e-02 6.174382194877e-02 6.784658879042e-02 1.068410947919e-01 1.592803746462e-01 1.402536332607e-01 1.427938640118e-01 1.080768629909e-01 1.152961105108e-01 1.174299567938e-01 9.554152935743e-02 6.141294911504e-02 7.413338124752e-02
2.685397677124e-02 5.925909802318e-02 6.892063468695e-02 8.461384475231e-02 1.101344600320e-01 1.448784172535e-01 1.637869775295e-01 1.274247020483e-01 6.656630337238e-02 6.165976822376e-02 5.489054322243e-02 7.082700729370e-02 8.354577422142e-02 8.703652769327e-02 8.273477107286e-02 8.269595354795e-02 8.186751604080e-02 7.942152768373e-02 8.320190012455e-02 8.396659791470e-02 8.630320429802e-02 9.377748519182e-02 8.866683393717e-02 8.164714276791e-02 7.878930866718e-02 1.016872897744e-01 9.744772315025e-02 1.204231232405e-01 1.324397176504e-01 1.188670173287e-01 8.881650865078e-02 9.620170295238e-02 1.241136118770e-01 1.661113947630e-01 1.981525719166e-01 1.434905230999e-01 1.001115739346e-01 8.358886092901e-02 1.034306362271e-01 1.326086819172e-01 1.448272168636e-01 9.839575737715e-02 7.396175712347e-02
1.845525950193e-02 3.623485565186e-02 4.521938413382e-02 4.164943471551e-02 4.790219664574e-02 7.173366099596e-02 1.122331395745e-01 1.523143649101e-01 1.519509404898e-01 1.045720353723e-01 7.919102162123e-02 8.361420035362e-02 8.476921916008e-02 8.097795397043e-02 7.961055636406e-02 7.829266041517e-02 7.422875612974e-02 7.963991910219e-02 8.171158283949e-02 8.474642038345e-02 8.982189744711e-02 8.668510615826e-02 8.330354839563e-02 8.224031329155e-02 8.089361339808e-02 7.956793904305e-02 8.368553966284e-02 9.342009574175e-02 1.123538017273e-01 1.168620586395e-01 9.155908972025e-02 1.115300431848e-01 1.343772709370e-01 1.526607722044e-01 1.478642374277e-01 9.262505173683e-02 9.783746302128e-02 1.125519573689e-01 1.215178146958e-01 1.092563718557e-01 1.621576696634e-01 1.649454385042e-01 9.235432744026e-02
2.142070606351e-02 4.216085374355e-02 4.184272140265e-02 5.140415579081e-02 4.220136627555e-02 3.648617491126e-02 4.294171184301e-02 7.905508577824e-02 1.269773989916e-01 1.475941985846e-01 1.202614754438e-01 7.998518645763e-02 7.601219415665e-02 7.433525472879e-02 6.954059749842e-02 6.754745543003e-02 6.970649957657e-02 7.585266232491e-02 7.372073084116e-02 7.359300553799e-02 6.642015278339e-02 5.458934232593e-02 6.908328086138e-02 6.129597872496e-02 9.278117865324e-02 8.283342421055e-02 9.486852586269e-02 1.042889505625e-01 8.724350482225e-02 9.408853203058e-02 1.043944433331e-01 1.123797819018e-01 9.693799167871e-02 1.196793541312e-01 8.861301839352e-02 7.601858675480e-02 9.875970333815e-02 1.361048221588e-01 1.630611568689e-01 1.544047743082e-01 1.312372684479e-01 2.039020210505e-01 1.535512804985e-01
2.767325751483e-02 5.319828540087e-02 4.947067052126e-02 5.079973116517e-02 5.665791407228e-02 4.248854517937e-02 5.908511579037e-02 7.181117683649e-02 7.941755652428e-02 1.110881268978e-01 1.431060135365e-01 1.297561079264e-01 7.942686975002e-02 6.380379945040e-02 6.277788430452e-02 6.424671411514e-02 6.651174277067e-02 6.570924818516e-02 6.949616223574e-02 6.824099272490e-02 5.951175838709e-02 4.961676523089e-02 5.293704569340e-02 8.439256250858e-02 1.260388344526e-01 1.698137521744e-01 2.041027098894e-01 1.661466509104e-01 1.122002974153e-01 1.048721969128e-01 1.287181377411e-01 9.081643074751e-02 6.781135499477e-02 1.490600407124e-01 6.229165196419e-02 8.819532394409e-02 8.179218322039e-02 1.144386455417e-01 1.665666997433e-01 1.792245060205e-01 1.542570292950e-01 1.717348694801e-01 2.329750061035e-01
2.514741756022e-02 5.496609210968e-02 5.810588970780e-02 5.677355825901e-02 5.990602076054e-02 6.069254130125e-02 7.279343903065e-02 7.653957605362e-02 7.602837681770e-02 7.185585796833e-02 9.943123161793e-02 1.417833864689e-01 1.383882313967e-01 9.547504782677e-02 6.023813784122e-02 6.012002378702e-02 5.796886235476e-02 5.305154994130e-02 7.104910165071e-02 7.396323978901e-02 7.482173293829e-02 6.238187476993e-02 5.720420181751e-02 1.045928001404e-01 1.776941418648e-01 2.620704472065e-01 3.076038956642e-01 2.940474450588e-01 1.914875060320e-01 1.210332289338e-01 1.387043297291e-01 1.168981716037e-01 1.086748763919e-01 1.820857524872e-01 9.413884580135e-02 1.815745383501e-01 1.313908845186e-01 9.490351378918e-02 1.272668689489e-01 1.830581873655e-01 1.877216249704e-01 1.586195230484e-01 2.499293684959e-01
3.091915883124e-02 6.294845044613e-02 6.367266178131e-02 6.183041259646e-02 6.412017345428e-02 7.269795238972e-02 7.324975728989e-02 7.407233119011e-02 6.809700280428e-02 6.277215480804e-02 6.067856773734e-02 8.554157614708e-02 1.375063359737e-01 1.449480205774e-01 1.098371222615e-01 5.205316469073e-02 4.841173067689e-02 5.425284430385e-02 6.312338262796e-02 1.006828621030e-01 9.100906550884e-02 8.345858752728e-02 7.653670758009e-02 1.044219955802e-01 1.817212700844e-01 2.593353092670e-01 3.530711829662e-01 4.137019813061e-01 3.450255393982e-01 1.666827052832e-01 1.506221294403e-01 1.634441912174e-01 1.558817028999e-01 2.153619229794e-01 1.199245303869e-01 2.429813146591e-01 2.012847512960e-01 1.323962211609e-01 1.214562579989e-01 1.756447106600e-01 3.768344223499e-01 1.913481056690e-01 2.037985920906e-01
4.063419252634e-02 7.646446675062e-02 7.099621742964e-02 7.578328251839e-02 8.042327314615e-02 8.496442437172e-02 9.020543098450e-02 9.381155669689e-02 9.586282819510e-02 9.619680047035e-02 9.332690387964e-02 8.998156338930e-02 8.616653084755e-02 1.270349472761e-01 1.474806368351e-01 1.228586360812e-01 6.151740625501e-02 5.549034848809e-02 6.107999756932e-02 9.621425718069e-02 1.019651144743e-01 9.186077117920e-02 8.465022593737e-02 8.960212767124e-02 1.504633724689e-01 2.239212244749e-01 3.467446863651e-01 4.843644499779e-01 4.574910998344e-01 2.784217000008e-01 2.163157910109e-01 2.727274298668e-01 2.927851378918e-01 2.701544165611e-01 2.237108647823e-01 2.619504332542e-01 2.494284361601e-01 1.925272643566e-01 2.188828736544e-01 1.960881948471e-01 5.384402871132e-01 4.403053522110e-01 1.190860569477e-01
4.162505641580e-02 8.649576455355e-02 8.634424209595e-02 8.372302353382e-02 7.380167394876e-02 6.660410761833e-02 6.323128193617e-02 6.990804523230e-02 7.741833478212e-02 8.627377450466e-02 9.613810479641e-02 1.076506003737e-01 1.185835897923e-01 1.875547766685e-01 1.920787841082e-01 1.459651738405e-01 1.376243829727e-01 1.310511380434e-01 1.221441328526e-01 1.120412647724e-01 1.011066809297e-01 8.760830760002e-02 9.541708230972e-02 9.323614835739e-02 1.028695106506e-01 1.695241183043e-01 2.498172670603e-01 3.951029181480e-01 5.019058585167e-01 3.474297523499e-01 1.644438803196e-01 1.707683801651e-01 2.509367167950e-01 3.331679701805e-01 3.700201511383e-01 3.430624902248e-01 2.474763691425e-01 2.084910273552e-01 1.572622954845e-01 2.252562940121e-01 5.619148612022e-01 6.749927401543e-01 1.813092082739e-01
3.532347455621e-02 7.123564928770e-02 7.432145625353e-02 8.100044727325e-02 8.504181355238e-02 8.218841254711e-02 6.900171935558e-02 6.006062403321e-02 6.039377674460e-02 6.037187203765e-02 6.002826616168e-02 5.872898921371e-02 5.686781182885e-02 7.207524776459e-02 1.081484258175e-01 1.184764653444e-01 1.421443223953e-01 1.373233795166e-01 1.120832785964e-01 1.240086928010e-01 1.311846375465e-01 1.354214996099e-01 1.404905170202e-01 1.467555165291e-01 1.411422193050e-01 1.127145439386e-01 1.685256063938e-01 2.994830310345e-01 4.228583276272e-01 3.102452456951e-01 1.552596837282e-01 1.092398390174e-01 9.715221822262e-02 1.619432866573e-01 1.956895440817e-01 3.181971311569e-01 4.040134847164e-01 3.734536170959e-01 2.323987782001e-01 2.535850703716e-01 3.607789874077e-01 8.007397651672e-01 2.912110388279e-01
2.858700975776e-02 5.527998507023e-02 5.508374422789e-02 5.276654660702e-02 5.386845022440e-02 6.027289107442e-02 6.296509504318e-02 6.197935715318e-02 5.270710214972e-02 5.711012333632e-02 6.205411255360e-02 6.706304103136e-02 7.168073207140e-02 7.629667222500e-02 8.099896460772e-02 8.506949990988e-02 8.861153572798e-02 1.333940029144e-01 1.421676427126e-01 1.838932782412e-01 1.440826505423e-01 1.185509189963e-01 1.131771877408e-01 1.102024540305e-01 1.106828227639e-01 1.257090866566e-01 1.676490157843e-01 1.919903010130e-01 2.705183029175e-01 2.204911857843e-01 1.116667687893e-01 1.317396759987e-01 9.821195900440e-02 1.300564706326e-01 1.527268886566e-01 1.852820664644e-01 1.870046406984e-01 3.135690093040e-01 4.431467056274e-01 3.591763973236e-01 3.202372789383e-01 6.555532813072e-01 5.915520191193e-01
1.803147606552e-02 3.634824231267e-02 3.578874841332e-02 3.497680649161e-02 3.950216621161e-02 4.646917060018e-02 5.091685429215e-02 5.340283736587e-02 5.425671115518e-02 5.000183358788e-02 4.653984308243e-02 4.883658140898e-02 5.164533853531e-02 5.215320363641e-02 5.287393182516e-02 7.052746415138e-02 7.851046323776e-02 1.052270755172e-01 1.990581899881e-01 2.084358632565e-01 1.845771670341e-01 1.574813872576e-01 1.844886541367e-01 2.208643406630e-01 1.555164307356e-01 1.780857443810e-01 1.734760552645e-01 1.612746268511e-01 1.682689189911e-01 2.221858054399e-01 2.086929082870e-01 1.302149146795e-01 1.355299800634e-01 1.425456553698e-01 1.543934941292e-01 1.607838869095e-01 1.665851771832e-01 2.145478725433e-01 3.134629428387e-01 3.656817078590e-01 4.368586540222e-01 5.860238671303e-01 4.848694503307e-01
