VariationalSeries/SI/f133_max.grd
DSAA
101	101
32.816463539100	34.260883539100
35.556306596100	36.727886596100
4.276578692952e-05	7.035778045654e+00
[rows 76 to 94 of 101, columns 0 to 42 of 101]
4.508983693086e-04 6.523737683892e-04 8.586934418418e-04 1.017204718664e-03 1.093481085263e-03 1.100745634176e-03 1.063548144884e-03 1.004191697575e-03 9.366547456011e-04 1.010919455439e-03 1.143210916780e-03 1.371027552523e-03 1.623864169233e-03 1.786027918570e-03 1.818662509322e-03 1.765533816069e-03 1.607940997928e-03 1.711520133540e-03 1.762199797668e-03 1.884955912828e-03 2.601840300485e-03 2.545066643506e-03 1.667794771492e-03 1.810602261685e-03 1.677725464106e-03 1.541156787425e-03 1.577961607836e-03 1.754451426677e-03 1.971429446712e-03 2.083720406517e-03 2.006242051721e-03 1.889284467325e-03 1.836508046836e-03 1.818832010031e-03 1.999170519412e-03 2.399110700935e-03 4.644547123462e-03 5.533798132092e-03 5.208662711084e-03 3.672245889902e-03 3.627264639363e-03 5.998982116580e-03 1.044836826622e-02
4.537071508821e-04 7.338957511820e-04 9.745075367391e-04 1.124440459535e-03 1.184417866170e-03 1.178679056466e-03 1.132096746005e-03 1.063104718924e-03 1.104097696953e-03 1.225936575793e-03 1.411071978509e-03 1.668629469350e-03 1.906893099658e-03 2.022996777669e-03 1.991767203435e-03 1.847451552749e-03 1.573712332174e-03 1.616907538846e-03 1.623649965040e-03 1.445393660106e-03 1.484434818849e-03 1.556215109304e-03 1.358405686915e-03 1.636637607589e-03 1.734043238685e-03 1.590729458258e-03 1.711480319500e-03 2.061446197331e-03 2.288148039952e-03 2.314381068572e-03 2.158783376217e-03 1.980845350772e-03 1.966085750610e-03 1.923765754327e-03 2.340057631955e-03 2.517989836633e-03 4.162097349763e-03 4.652355797589e-03 5.116013810039e-03 5.789671558887e-03 1.197371538728e-02 1.561283413321e-02 1.477713137865e-02
4.834402061533e-04 7.714406237938e-04 1.005171099678e-03 1.137783401646e-03 1.180291175842e-03 1.160813728347e-03 1.101863803342e-03 1.202143495902e-03 1.354881445877e-03 1.516142394394e-03 1.724638510495e-03 1.944517949596e-03 2.086602384225e-03 2.082577673718e-03 1.933449413627e-03 1.678779721260e-03 1.333552761935e-03 1.399143831804e-03 1.354907639325e-03 1.188026508316e-03 1.083891489543e-03 1.216422766447e-03 1.471732044592e-03 1.962040085346e-03 2.066070679575e-03 1.865428988822e-03 2.288857009262e-03 2.482952317223e-03 2.539455890656e-03 2.483400050551e-03 2.321807900444e-03 2.151904394850e-03 2.049005590379e-03 2.354411175475e-03 3.034793073311e-03 3.925909753889e-03 5.169004667550e-03 6.426403764635e-03 5.379903130233e-03 1.410017535090e-02 1.625237800181e-02 1.570139825344e-02 1.550057902932e-02
4.368590889499e-04 6.907017668709e-04 8.907318697311e-04 9.981844341382e-04 1.025562989525e-03 9.973607957363e-04 1.143079251051e-03 1.301153562963e-03 1.427714829333e-03 1.553451409563e-03 1.685495837592e-03 1.783436746337e-03 1.794238458388e-03 1.688891788945e-03 1.491482136771e-03 1.247205422260e-03 1.164664397947e-03 1.123531255871e-03 1.050131511874e-03 9.655975154601e-04 1.003664103337e-03 1.117853098549e-03 1.766404486261e-03 2.403056947514e-03 2.598601626232e-03 2.733023604378e-03 2.810078905895e-03 2.831565449014e-03 2.667368389666e-03 2.508265199140e-03 2.373454859480e-03 2.253056038171e-03 2.491673687473e-03 2.965164370835e-03 3.782503772527e-03 4.359631799161e-03 4.251424688846e-03 6.957094185054e-03 8.099504746497e-03 1.192596554756e-02 1.388975046575e-02 1.397112105042e-02 1.423046737909e-02
3.619321214501e-04 5.796478362754e-04 7.068964769132e-04 7.716319523752e-04 7.922639488243e-04 9.206337854266e-04 1.057644258253e-03 1.141936518252e-03 1.180818188004e-03 1.215417520143e-03 1.255652168766e-03 1.279461197555e-03 1.254405127838e-03 1.160731539130e-03 1.192703144625e-03 1.220694044605e-03 1.207501976751e-03 1.145340036601e-03 1.047788187861e-03 9.491390665062e-04 9.452981757931e-04 1.164046116173e-03 1.988817704841e-03 2.733494853601e-03 3.098204033449e-03 3.290563588962e-03 3.315872512758e-03 3.410387318581e-03 3.321828553453e-03 2.858930034563e-03 2.458855742589e-03 2.358231460676e-03 2.743516350165e-03 3.008912084624e-03 3.183628432453e-03 3.417050465941e-03 4.541351925582e-03 6.714375689626e-03 8.870733901858e-03 8.989602327347e-03 1.405948027968e-02 1.687101647258e-02 1.323263533413e-02
4.948724526912e-04 7.496706093661e-04 9.070726227947e-04 9.757208754309e-04 1.016274793074e-03 1.034651068039e-03 1.040764036588e-03 1.034033019096e-03 1.014368957840e-03 9.872302180156e-04 1.028169761412e-03 1.117341569625e-03 1.194839598611e-03 1.261851750314e-03 1.309056300670e-03 1.320864888839e-03 1.283643767238e-03 1.193324686028e-03 1.068485085852e-03 1.043508877046e-03 9.950636886060e-04 1.254832255654e-03 2.049044938758e-03 2.820454770699e-03 7.013683672994e-03 2.075338736176e-02 2.208655513823e-02 9.948200546205e-03 5.787281785160e-03 4.563759546727e-03 3.240921767429e-03 2.495315857232e-03 2.915479941294e-03 3.825897350907e-03 3.106998512521e-03 3.706237766892e-03 4.108179826289e-03 6.930650211871e-03 1.211254391819e-02 1.182627398521e-02 1.310761086643e-02 1.732468046248e-02 2.381709218025e-02
7.000456680544e-04 1.034990535118e-03 1.233618939295e-03 1.339565264061e-03 1.369184814394e-03 1.361550996080e-03 1.334194326773e-03 1.292434870265e-03 1.239396515302e-03 1.191398361698e-03 1.400657230988e-03 1.609175349586e-03 1.790164969862e-03 1.914110383950e-03 1.955687068403e-03 1.902983640321e-03 1.756865298375e-03 1.527996151708e-03 1.413919730112e-03 1.344062853605e-03 1.258383854292e-03 1.466118730605e-03 2.048965543509e-03 4.595432896167e-03 1.942278817296e-02 5.590447783470e-02 6.112457811832e-02 3.074782155454e-02 1.332928147167e-02 6.545302923769e-03 4.228259436786e-03 3.178523853421e-03 2.876131096855e-03 4.078742116690e-03 4.433669149876e-03 4.600539337844e-03 4.120286088437e-03 6.241356488317e-03 1.428083237261e-02 2.147059142590e-02 1.417029835284e-02 1.368278358132e-02 3.030673414469e-02
8.790019783191e-04 1.254954840988e-03 1.501422375441e-03 1.596835092641e-03 1.592682907358e-03 1.540340599604e-03 1.465248176828e-03 1.426206086762e-03 1.671872916631e-03 2.039550337940e-03 2.419066382572e-03 2.777528716251e-03 3.082554554567e-03 3.323023905978e-03 3.488728543743e-03 3.548436798155e-03 3.456419566646e-03 3.159177955240e-03 2.605894114822e-03 1.939181587659e-03 1.792707713321e-03 1.831585657783e-03 4.038389772177e-03 7.315745111555e-03 2.099831029773e-02 1.729111224413e-01 3.232127726078e-01 7.022529840469e-02 3.073714114726e-02 1.102810073644e-02 5.172750446945e-03 3.933909814805e-03 3.817166667432e-03 5.305996630341e-03 6.378632970154e-03 6.223615724593e-03 5.144402850419e-03 7.561850827187e-03 1.202362868935e-02 2.636189758778e-02 2.650669962168e-02 1.308746077120e-02 3.155637905002e-02
9.350490290672e-04 1.307840342633e-03 1.528396038339e-03 1.581199932843e-03 1.527643762529e-03 1.591644482687e-03 1.758516416885e-03 1.868980703875e-03 2.234753454104e-03 2.751136664301e-03 3.289696061984e-03 3.800971433520e-03 4.249563440681e-03 4.649721551687e-03 5.033827852458e-03 5.397822242230e-03 5.640849005431e-03 5.541760940105e-03 4.802056588233e-03 3.447602503002e-03 2.660979051143e-03 3.796904813498e-03 6.679045036435e-03 9.468656964600e-03 4.142780601978e-02 9.953057765961e-02 1.263965815306e-01 3.832006454468e-02 1.438166387379e-02 8.786633610725e-03 7.518577855080e-03 9.205590002239e-03 1.188904792070e-02 1.102759409696e-02 7.997155189514e-03 7.916105911136e-03 6.607673130929e-03 7.714894600213e-03 8.472514338791e-03 1.732293143868e-02 2.304690144956e-02 1.479970104992e-02 5.539604648948e-02
1.277717296034e-03 2.022994682193e-03 2.549921162426e-03 2.849208191037e-03 3.015688853338e-03 3.079642774537e-03 3.048806218430e-03 2.936309203506e-03 2.763875527307e-03 2.848325530067e-03 3.437743755057e-03 4.031732212752e-03 4.595677368343e-03 5.137181840837e-03 5.715616047382e-03 6.397472694516e-03 7.059399969876e-03 7.300968281925e-03 6.575911771506e-03 5.975056439638e-03 5.997849162668e-03 6.466127466410e-03 8.293845690787e-03 1.125399023294e-02 2.143231034279e-02 7.900850847363e-03 6.207695696503e-03 6.206359248608e-03 6.755262613297e-03 7.314728107303e-03 8.097042329609e-03 5.644782632589e-02 3.712825477123e-02 2.970557101071e-02 1.792214624584e-02 2.643882483244e-02 2.433347888291e-02 1.143499091268e-02 8.893352001905e-03 1.068977080286e-02 1.594184152782e-02 4.217046499252e-02 6.409158557653e-02
2.344354754314e-03 3.643409116194e-03 4.462467506528e-03 4.794199019670e-03 4.847021307796e-03 4.725142382085e-03 4.481965210289e-03 4.163655452430e-03 3.882257035002e-03 4.026982933283e-03 4.129265900701e-03 4.162253346294e-03 4.402033053339e-03 4.998715594411e-03 5.563556682318e-03 6.199053023010e-03 6.827536970377e-03 1.016397681087e-02 1.312682870775e-02 1.321501191705e-02 1.349182706326e-02 1.334301568568e-02 9.743994101882e-03 1.172556634992e-02 5.817247554660e-03 4.396642558277e-03 4.039772320539e-03 3.500217339024e-03 3.958283923566e-03 5.532044917345e-03 1.238501630723e-02 6.713178008795e-02 4.780394211411e-02 3.303448483348e-02 2.883922681212e-02 6.130399927497e-02 5.849929526448e-02 2.643100544810e-02 1.981534622610e-02 1.832829229534e-02 2.351021021605e-02 3.978141397238e-02 7.125527411699e-02
3.375483211130e-03 5.136647261679e-03 6.045295856893e-03 6.207223981619e-03 7.602224592119e-03 8.174265734851e-03 8.033802732825e-03 7.487592753023e-03 6.752694491297e-03 6.099755875766e-03 6.163338664919e-03 6.029604934156e-03 6.373817101121e-03 7.350322790444e-03 8.051118813455e-03 8.685846813023e-03 9.769355878234e-03 1.082440651953e-02 9.993927553296e-03 1.142706722021e-02 1.198001950979e-02 9.762875735760e-03 8.007816970348e-03 4.581348970532e-03 4.026687238365e-03 3.128217300400e-03 2.593258395791e-03 2.080572769046e-03 1.904242322780e-03 3.391616744921e-03 5.410228390247e-03 2.861657552421e-02 3.798183426261e-02 5.726258829236e-02 6.077753752470e-02 7.847726345062e-02 5.585532262921e-02 2.620870061219e-02 4.116505011916e-02 4.113469645381e-02 2.927162498236e-02 3.837654739618e-02 1.229766383767e-01
3.956277854741e-03 5.961360409856e-03 6.895141676068e-03 7.688208017498e-03 9.322177618742e-03 9.950683452189e-03 9.722284041345e-03 9.005151689053e-03 8.045429363847e-03 7.016705349088e-03 6.242063827813e-03 6.867437623441e-03 7.943774573505e-03 9.120305068791e-03 9.915681555867e-03 1.017846260220e-02 9.541411884129e-03 7.841675542295e-03 6.194681860507e-03 5.355055909604e-03 4.555210936815e-03 3.191789845005e-03 2.857732120901e-03 2.732847584412e-03 2.433864166960e-03 1.985437935218e-03 1.530420733616e-03 1.450402894989e-03 1.849171938375e-03 2.792014973238e-03 4.014931153506e-03 1.589287258685e-02 1.738364994526e-02 3.349883854389e-02 3.884037956595e-02 8.899962157011e-02 7.841571420431e-02 4.097067937255e-02 3.743167594075e-02 1.641688346863e-01 3.860507011414e-01 1.000926345587e-01 6.151583418250e-02
2.950733294711e-03 4.403528291732e-03 5.031106062233e-03 5.088814534247e-03 6.074064876884e-03 6.417815107852e-03 6.234516855329e-03 5.753867328167e-03 5.123589653522e-03 4.457370843738e-03 4.146464634687e-03 4.457744769752e-03 4.626428242773e-03 4.654457792640e-03 4.592196550220e-03 4.661971703172e-03 4.180718678981e-03 3.349502570927e-03 3.899482078850e-03 3.674886189401e-03 2.926744986326e-03 2.132242778316e-03 1.995282480493e-03 1.778644043952e-03 1.487281988375e-03 1.169158262201e-03 1.328330719844e-03 1.847596489824e-03 2.316154772416e-03 4.764511249959e-03 6.026353687048e-03 8.997420780361e-03 1.556436158717e-02 1.166677940637e-02 1.008263789117e-02 1.227911375463e-02 7.643482089043e-02 4.410398006439e-02 3.420123830438e-02 2.191841751337e-01 4.838978946209e-01 5.319530516863e-02 1.919755339622e-02
1.395914237946e-03 2.061595208943e-03 2.425310434774e-03 2.756805624813e-03 2.886071568355e-03 3.006509272382e-03 3.035443369299e-03 2.876321552321e-03 2.735020592809e-03 2.696242649108e-03 2.646528184414e-03 2.431657863781e-03 2.479911781847e-03 2.548414282501e-03 2.527774078771e-03 2.391067566350e-03 3.230482805520e-03 4.124686121941e-03 3.886067075655e-03 2.907104790211e-03 1.853704103269e-03 1.345329335891e-03 1.219385769218e-03 1.056162756868e-03 8.803191594779e-04 1.352292369120e-03 2.083618426695e-03 2.782921539620e-03 3.849886823446e-03 6.249458529055e-03 8.582712151110e-03 1.157665252686e-02 1.331263780594e-02 1.123341824859e-02 6.911125034094e-03 8.024619892240e-03 1.557350065559e-02 3.928433358669e-02 6.460406631231e-02 6.748636066914e-02 3.579701110721e-02 1.371271442622e-02 1.280130352825e-02
9.235421894118e-04 1.344852847978e-03 1.705798204057e-03 1.927151926793e-03 2.013452351093e-03 2.003548899665e-03 1.955772051588e-03 1.862673321739e-03 1.752402167767e-03 1.635874272324e-03 1.516519580036e-03 1.397528802045e-03 1.283552963287e-03 1.255525974557e-03 1.239561708644e-03 1.760872197337e-03 2.999456366524e-03 3.547474043444e-03 3.034913679585e-03 2.090654103085e-03 1.271868124604e-03 8.109656628221e-04 8.118989062496e-04 8.882267284207e-04 1.206978689879e-03 2.053637756035e-03 3.098325338215e-03 4.365280270576e-03 6.220252718776e-03 8.487735874951e-03 1.270371582359e-02 1.311233267188e-02 1.191700156778e-02 6.463873665780e-03 4.890917334706e-03 6.659968756139e-03 8.059298619628e-03 3.068950027227e-02 7.580831646919e-02 4.356715828180e-02 2.600213885307e-02 1.170628238469e-02 1.111174747348e-02
6.419429555535e-04 9.296935750172e-04 1.162864849903e-03 1.307465718128e-03 1.372531405650e-03 1.380766741931e-03 1.350966980681e-03 1.295195543207e-03 1.221893238835e-03 1.135193509981e-03 1.040130853653e-03 9.390705963597e-04 9.985518408939e-04 1.004205318168e-03 9.269134607166e-04 1.043329713866e-03 1.867912476882e-03 2.323753898963e-03 2.170341787860e-03 1.697104889899e-03 1.198142184876e-03 8.049313910306e-04 8.684348431416e-04 9.975421708077e-04 1.705082249828e-03 3.783676540479e-03 8.087765425444e-03 7.483472581953e-03 6.181173026562e-03 1.144893746823e-02 1.559084281325e-02 1.337336283177e-02 9.635271504521e-03 4.505342803895e-03 4.810999613255e-03 6.615454796702e-03 9.265497326851e-03 3.280896693468e-02 5.518106371164e-02 2.612762525678e-02 1.515216659755e-02 9.345779195428e-03 8.390843868256e-03
4.298072308302e-04 6.167746032588e-04 7.650579209439e-04 8.554994710721e-04 8.953443611972e-04 8.995453827083e-04 8.785755489953e-04 8.391744922847e-04 7.853166316636e-04 7.204025750980e-04 7.144728442654e-04 8.029693854041e-04 8.377871708944e-04 8.011483587325e-04 7.688457262702e-04 8.793713059276e-04 9.765414288267e-04 1.186943612993e-03 1.356704509817e-03 1.308685052209e-03 1.113256323151e-03 8.790210704319e-04 9.268756839447e-04 1.272298977710e-03 2.219140995294e-03 6.590113509446e-03 9.427127428353e-03 5.607444792986e-03 6.291123572737e-03 1.210659369826e-02 1.639230363071e-02 1.298607327044e-02 9.046080522239e-03 6.206496618688e-03 6.837439723313e-03 6.611603312194e-03 1.425221469253e-02 5.697821080685e-02 4.113867878914e-02 1.092239283025e-02 2.187256887555e-02 9.516160003841e-03 6.487922277302e-03
2.528245386202e-04 3.596104797907e-04 4.428102984093e-04 4.919545026496e-04 5.117501132190e-04 5.109141347930e-04 4.952644812874e-04 4.685095918830e-04 4.500138747972e-04 5.491048214026e-04 6.424735765904e-04 7.036300958134e-04 7.087387493812e-04 7.850075489841e-04 9.077286231332e-04 1.031942781992e-03 1.140387612395e-03 1.210941001773e-03 1.222046557814e-03 1.165551366284e-03 1.062651514076e-03 9.866075124592e-04 1.096613239497e-03 1.585376565345e-03 2.676416421309e-03 7.387633435428e-03 7.787658832967e-03 6.178085226566e-03 5.623719189316e-03 1.082887034863e-02 1.517599727958e-02 1.182866375893e-02 1.155967731029e-02 7.800105027854e-03 8.237636648118e-03 5.911089014262e-03 1.356830168515e-02 3.670094162226e-02 1.786665059626e-02 1.281486824155e-02 2.899010665715e-02 9.369132108986e-03 4.964174702764e-03
