VariationalSeries/SI/f133_max.grd
DSAA
101	101
32.816463539100	34.260883539100
35.556306596100	36.727886596100
4.276578692952e-05	7.035778045654e+00
[rows 57 to 75 of 101, columns 0 to 42 of 101]
2.370180096477e-03 3.893473884091e-03 4.227220080793e-03 4.231513477862e-03 4.480416886508e-03 5.478396080434e-03 6.132424343377e-03 6.722876802087e-03 7.275442592800e-03 7.435183506459e-03 7.152538280934e-03 1.001987792552e-02 1.716836541891e-02 9.385543875396e-03 6.831647828221e-03 1.029976829886e-02 9.222133085132e-03 1.034360565245e-02 1.250295620412e-02 1.302221789956e-02 1.341653522104e-02 1.002367585897e-02 6.970902439207e-03 6.129734218121e-03 6.647968664765e-03 9.207342751324e-03 1.471417583525e-02 1.825268566608e-02 1.427596900612e-02 8.326677605510e-03 6.519518326968e-03 5.131753627211e-03 5.377437453717e-03 6.457951385528e-03 7.640118710697e-03 9.808915667236e-03 1.130278035998e-02 1.218973100185e-02 2.014447562397e-02 2.639130689204e-02 2.262669429183e-02 2.006154693663e-02 2.258611097932e-02
2.995983930305e-03 4.904525354505e-03 5.602827295661e-03 5.686445161700e-03 5.624467972666e-03 5.470838397741e-03 5.461643915623e-03 5.719466600567e-03 5.957487504929e-03 9.689730592072e-03 3.144656121731e-02 3.641762956977e-02 1.360720675439e-02 7.064121775329e-03 7.092280779034e-03 6.600714754313e-03 7.136519066989e-03 7.107850629836e-03 8.110662922263e-03 1.027708221227e-02 1.245999895036e-02 1.331052184105e-02 9.306641295552e-03 5.854573566467e-03 6.741215940565e-03 1.028530206531e-02 1.553468313068e-02 1.664357818663e-02 1.685531064868e-02 1.071868930012e-02 6.469340529293e-03 5.872890353203e-03 5.624970421195e-03 6.725882645696e-03 7.942970842123e-03 8.225967176259e-03 8.460843935609e-03 8.817171677947e-03 8.893653750420e-03 9.598953649402e-03 1.157364062965e-02 1.582476310432e-02 1.821908168495e-02
4.006993491203e-03 6.588480900973e-03 7.623527199030e-03 1.084818597883e-02 1.394229568541e-02 1.770636066794e-02 2.330938726664e-02 3.400624543428e-02 6.240540370345e-02 8.812493830919e-02 5.861238017678e-02 1.491942629218e-02 1.007717568427e-02 8.816140703857e-03 6.410489324480e-03 6.736526731402e-03 7.119953166693e-03 7.005378138274e-03 6.678275763988e-03 7.134315557778e-03 1.202121656388e-02 1.362475659698e-02 9.662944823503e-03 5.555890966207e-03 4.356897436082e-03 6.719808094203e-03 9.529671631753e-03 9.836194105446e-03 1.027452852577e-02 8.355169557035e-03 5.827443674207e-03 6.134939845651e-03 5.808047018945e-03 6.518921349198e-03 7.869364693761e-03 8.159317076206e-03 7.779954001307e-03 7.139756344259e-03 6.580219138414e-03 7.366325706244e-03 9.396062232554e-03 1.204277947545e-02 1.592691242695e-02
3.915470093489e-03 7.020824123174e-03 1.227296423167e-02 1.756355352700e-02 2.225380204618e-02 2.948979102075e-02 4.293312132359e-02 6.413936614990e-02 6.447228044271e-02 2.982368133962e-02 7.195679005235e-03 8.391677401960e-03 9.127977304161e-03 8.111021481454e-03 7.274218834937e-03 7.635861635208e-03 7.650593761355e-03 7.339444942772e-03 5.709197372198e-03 5.580218508840e-03 8.658507838845e-03 9.660989046097e-03 7.170057389885e-03 4.486109130085e-03 3.447573864833e-03 3.725240938365e-03 4.995632451028e-03 6.179978139699e-03 7.252151612192e-03 6.266092881560e-03 5.732431542128e-03 5.362120456994e-03 5.724160000682e-03 6.341112311929e-03 7.611465174705e-03 7.805278990418e-03 7.068877108395e-03 6.056470330805e-03 5.543799139559e-03 6.163352634758e-03 9.088735096157e-03 1.144519168884e-02 1.457507908344e-02
2.371696522459e-03 4.134832881391e-03 5.055564921349e-03 5.322009790689e-03 5.331565625966e-03 5.307697691023e-03 5.260554607958e-03 5.147199146450e-03 5.048079416156e-03 4.936211276799e-03 4.631237126887e-03 4.878635983914e-03 5.343053024262e-03 6.836315616965e-03 7.688752375543e-03 8.030275814235e-03 7.727183867246e-03 6.853895727545e-03 5.060609895736e-03 4.029867704958e-03 4.848177079111e-03 5.030991043895e-03 3.969225101173e-03 2.942755119875e-03 2.591880038381e-03 2.836481668055e-03 3.642251947895e-03 4.380083177239e-03 5.210264585912e-03 5.609733052552e-03 5.309528205544e-03 4.744757898152e-03 5.503964610398e-03 6.664481014013e-03 7.956452667713e-03 7.702172268182e-03 6.401557940990e-03 5.078040063381e-03 5.619731266052e-03 6.293841637671e-03 9.386340156198e-03 1.165634952486e-02 1.373654324561e-02
1.113525358960e-03 2.075934782624e-03 2.692995592952e-03 2.974894829094e-03 3.084429539740e-03 3.174140350893e-03 3.259779419750e-03 3.322742180899e-03 3.421574132517e-03 3.520683152601e-03 3.450039774179e-03 3.243222367018e-03 3.306547179818e-03 4.390059504658e-03 5.165328737348e-03 5.437376908958e-03 4.946205299348e-03 4.399698693305e-03 3.714984748513e-03 3.150560194626e-03 2.585302339867e-03 2.412430010736e-03 1.990932039917e-03 2.205834025517e-03 2.601925516501e-03 2.736785449088e-03 3.020618809387e-03 3.640003502369e-03 4.410614725202e-03 4.825784824789e-03 4.755116067827e-03 4.490545485169e-03 5.498688668013e-03 7.385578937829e-03 8.584373630583e-03 7.752174511552e-03 5.816854070872e-03 5.001678597182e-03 5.761163774878e-03 6.782573647797e-03 9.109872393310e-03 1.026804558933e-02 1.184330973774e-02
7.667964673601e-04 1.291557447985e-03 1.604079036042e-03 1.825472339988e-03 1.964192371815e-03 2.085262676701e-03 2.201315248385e-03 2.298321807757e-03 2.414554823190e-03 2.533642109483e-03 2.549558412284e-03 2.467570826411e-03 2.373548923060e-03 2.289377385750e-03 2.308620605618e-03 2.618144964799e-03 2.760914154351e-03 2.723499899730e-03 2.499159192666e-03 2.388374414295e-03 2.059227786958e-03 1.931999693625e-03 1.698360894807e-03 2.246621996164e-03 2.769389189780e-03 3.034036839381e-03 3.017502138391e-03 2.988339168951e-03 3.643302479759e-03 4.052480217069e-03 4.150952212512e-03 4.126514308155e-03 5.585272330791e-03 7.817639969289e-03 8.627550676465e-03 7.202473934740e-03 5.091920029372e-03 5.029344931245e-03 6.025364622474e-03 6.767884828150e-03 7.855316624045e-03 9.038801304996e-03 9.281564503908e-03
6.202202057466e-04 1.056502223946e-03 1.331949373707e-03 1.465023728088e-03 1.559959375300e-03 1.640437985770e-03 1.699508167803e-03 1.710734213702e-03 1.768507179804e-03 1.836827490479e-03 1.851405715570e-03 1.820474746637e-03 1.789569156244e-03 1.748757786117e-03 1.815333380364e-03 2.085726009682e-03 2.216842025518e-03 2.187313511968e-03 2.022799337283e-03 1.887707388960e-03 2.000238280743e-03 1.942059956491e-03 1.687721349299e-03 2.243089489639e-03 2.829948673025e-03 3.189129522070e-03 3.232058137655e-03 3.130870871246e-03 3.207933157682e-03 3.516078228131e-03 3.662307746708e-03 3.855564864352e-03 5.557947792113e-03 7.650670595467e-03 7.878452539444e-03 6.196794100106e-03 4.723242484033e-03 5.178235471249e-03 6.311651319265e-03 6.668094545603e-03 6.964106578380e-03 7.530895993114e-03 6.913605611771e-03
5.966394091956e-04 9.558501769789e-04 1.212820992805e-03 1.331587904133e-03 1.382765010931e-03 1.426620641723e-03 1.442151609808e-03 1.417831284925e-03 1.424402231351e-03 1.442392938770e-03 1.451878109947e-03 1.507112290710e-03 1.550727756694e-03 1.586096012034e-03 1.628141850233e-03 1.693977159448e-03 1.811111462303e-03 1.833899994381e-03 1.851465553045e-03 1.778992707841e-03 1.837361021899e-03 1.920240116306e-03 1.704939175397e-03 2.125485334545e-03 2.685399726033e-03 3.058368340135e-03 3.124144393951e-03 3.058844013140e-03 3.226695116609e-03 3.320350311697e-03 3.383191768080e-03 3.606681711972e-03 5.215280689299e-03 6.870180834085e-03 6.674171425402e-03 5.324978847057e-03 4.610984120518e-03 5.553135648370e-03 6.391504313797e-03 6.238137837499e-03 6.059757899493e-03 6.109695881605e-03 5.616661626846e-03
5.589832435362e-04 8.874093182385e-04 1.113681704737e-03 1.214153482579e-03 1.257103984244e-03 1.288695144467e-03 1.292058033869e-03 1.263827434741e-03 1.261695986614e-03 1.356851542369e-03 1.438777195290e-03 1.512596500106e-03 1.577861839905e-03 1.632671221159e-03 1.682357280515e-03 1.730476156808e-03 1.766032190062e-03 1.771575887688e-03 1.736367121339e-03 1.691395533271e-03 1.695361454040e-03 1.853079302236e-03 1.751860603690e-03 1.928954152390e-03 2.403446240351e-03 2.733438508585e-03 3.164543537423e-03 3.454276127741e-03 3.467007772997e-03 3.354684449732e-03 3.280048957095e-03 3.359255148098e-03 4.585341550410e-03 5.725206807256e-03 5.483312997967e-03 4.749125801027e-03 4.981710575521e-03 5.652568768710e-03 6.046055350453e-03 5.484221968800e-03 5.078873131424e-03 4.826431162655e-03 4.806042183191e-03
5.156155675650e-04 8.171770605259e-04 1.023851451464e-03 1.119659515098e-03 1.160063082352e-03 1.177354250103e-03 1.168551854789e-03 1.161616644822e-03 1.182836480439e-03 1.284295460209e-03 1.375669613481e-03 1.461280160584e-03 1.539891934954e-03 1.605734112673e-03 1.656744978391e-03 1.689862925559e-03 1.694052945822e-03 1.834460650571e-03 1.873234403320e-03 1.738511375152e-03 1.585708116181e-03 1.700561377220e-03 1.735589466989e-03 1.734286313877e-03 2.115435199812e-03 2.389020984992e-03 2.886994741857e-03 3.354684216902e-03 3.465043613687e-03 3.351189196110e-03 3.215054515749e-03 3.175979247317e-03 3.661494236439e-03 4.443114157766e-03 4.361178260297e-03 4.029860254377e-03 4.309475887567e-03 4.791211802512e-03 4.956329707056e-03 4.312709439546e-03 3.982763737440e-03 3.691347548738e-03 3.624207107350e-03
4.790551611222e-04 7.604852435179e-04 9.566579246894e-04 1.051988569088e-03 1.086827949621e-03 1.088883727789e-03 1.071397564374e-03 1.073957886547e-03 1.117044477724e-03 1.160343526863e-03 1.250785426237e-03 1.339584589005e-03 1.421773922630e-03 1.490982482210e-03 1.541048171930e-03 1.606568344869e-03 1.764666987583e-03 1.986383227631e-03 2.084554173052e-03 2.028242917731e-03 1.856622868218e-03 1.651741098613e-03 1.697021536529e-03 1.718978048302e-03 1.884959056042e-03 2.104607876390e-03 2.168979262933e-03 2.611416392028e-03 2.954995958135e-03 3.059500828385e-03 3.022462129593e-03 3.064243355766e-03 3.159016603604e-03 3.265289589763e-03 3.237229306251e-03 3.130171447992e-03 3.311770502478e-03 3.850747132674e-03 4.097830969840e-03 3.368114819750e-03 3.008488565683e-03 2.686409978196e-03 2.959219040349e-03
4.525912809186e-04 7.205758010969e-04 9.099567541853e-04 1.000280841254e-03 1.024290104397e-03 1.015974557959e-03 9.983496274799e-04 9.928842773661e-04 1.026966026984e-03 1.071049133316e-03 1.087215845473e-03 1.173404743895e-03 1.252643181942e-03 1.320571987890e-03 1.380701083690e-03 1.535470830277e-03 1.794890384190e-03 2.047984162346e-03 2.219732385129e-03 2.271656412631e-03 2.209687605500e-03 2.078202320263e-03 1.919674454257e-03 1.773722935468e-03 1.707125222310e-03 1.884780707769e-03 1.922837924212e-03 1.842149184085e-03 2.249552169815e-03 2.581147244200e-03 2.800308167934e-03 2.962327562273e-03 3.061296883970e-03 2.963983453810e-03 2.659774618223e-03 2.602981869131e-03 2.925715176389e-03 3.652868792415e-03 4.233123734593e-03 3.801723709330e-03 2.798351924866e-03 2.502773888409e-03 2.844595350325e-03
4.429734253790e-04 7.041358039714e-04 8.858591318130e-04 9.655787725933e-04 9.780833497643e-04 9.641456417739e-04 9.559041354805e-04 9.689013822936e-04 9.647402912378e-04 9.743210393935e-04 9.959439048544e-04 1.100757857785e-03 1.210846123286e-03 1.325067132711e-03 1.426144852303e-03 1.569961197674e-03 1.825269660912e-03 2.084008883685e-03 2.316973404959e-03 2.461455063894e-03 2.486458048224e-03 2.425152342767e-03 2.320565283298e-03 2.213838743046e-03 2.151275519282e-03 2.111039590091e-03 2.033833879977e-03 1.918147783726e-03 2.227214863524e-03 2.498290501535e-03 2.700932789594e-03 2.885873196647e-03 2.983878832310e-03 2.787557197735e-03 2.653646282852e-03 2.716133603826e-03 2.947537228465e-03 3.529468318447e-03 4.076876211911e-03 3.697009058669e-03 2.855884609744e-03 2.492561005056e-03 2.835669321939e-03
4.503788950387e-04 7.121972157620e-04 8.879941888154e-04 9.577746386640e-04 9.617861360312e-04 9.422177681699e-04 9.410798083991e-04 9.449768112972e-04 9.658387280069e-04 9.711502352729e-04 1.031284104101e-03 1.135033089668e-03 1.236491254531e-03 1.333126449026e-03 1.411297358572e-03 1.616275287233e-03 1.905477605760e-03 2.179061761126e-03 2.443596022204e-03 2.635589335114e-03 2.698419848457e-03 2.658538753167e-03 2.560203429312e-03 2.437807153910e-03 2.337098820135e-03 2.237277803943e-03 2.070064423606e-03 1.901420881040e-03 2.182000083849e-03 2.418183488771e-03 2.621054882184e-03 2.816622378305e-03 2.881638240069e-03 2.648563124239e-03 2.690723165870e-03 2.769913291559e-03 3.013548441231e-03 3.421487286687e-03 3.683546558022e-03 3.238313365728e-03 2.653785981238e-03 2.314240671694e-03 2.631708746776e-03
4.620029649232e-04 7.283385493793e-04 9.014037204906e-04 9.653043234721e-04 9.643179946579e-04 9.563532075845e-04 9.970087558031e-04 1.025413279422e-03 1.041629351676e-03 1.044282340445e-03 1.035247463733e-03 1.090863952413e-03 1.205737469718e-03 1.349151250906e-03 1.395575585775e-03 1.583634177223e-03 1.949821715243e-03 2.265785122290e-03 2.516280626878e-03 2.674060408026e-03 2.709256019443e-03 2.636582823470e-03 2.500370377675e-03 2.340549370274e-03 2.190591767430e-03 2.039578277618e-03 1.826236140914e-03 1.899519120343e-03 2.140647033229e-03 2.353537129238e-03 2.547377487645e-03 2.709021326154e-03 2.710034372285e-03 2.499746857211e-03 2.731586340815e-03 3.409836674109e-03 3.225940046832e-03 3.400793531910e-03 3.274789312854e-03 2.767607336864e-03 2.401676727459e-03 2.105045830831e-03 2.388058695942e-03
4.555712803267e-04 7.158600492403e-04 8.807448903099e-04 9.397254907526e-04 9.383226861246e-04 9.600975899957e-04 9.863736340776e-04 9.992730338126e-04 1.002728939056e-03 9.969081729650e-04 9.981627808884e-04 1.120474888012e-03 1.304099219851e-03 1.460657571442e-03 1.507518114522e-03 1.474880264141e-03 1.864153658971e-03 2.187168691307e-03 2.369249938056e-03 2.433373592794e-03 2.399474848062e-03 2.269460121170e-03 2.096321666613e-03 1.946129719727e-03 1.824334030971e-03 1.693329424597e-03 1.700093154795e-03 1.884166616946e-03 2.097377087921e-03 2.288789954036e-03 2.455700887367e-03 2.548183314502e-03 2.477206056938e-03 2.397253876552e-03 2.849437762052e-03 3.046721220016e-03 3.114466322586e-03 3.415880957618e-03 3.311397507787e-03 2.714776434004e-03 2.333963057026e-03 2.145181875676e-03 2.318565500900e-03
4.172697372269e-04 6.514787673950e-04 7.967661949806e-04 8.479999378324e-04 8.970192284323e-04 9.361238335259e-04 9.193712612614e-04 8.801424410194e-04 8.699877653271e-04 9.309733868577e-04 1.016791560687e-03 1.175779034384e-03 1.390118151903e-03 1.552322646603e-03 1.597707741894e-03 1.571131870151e-03 1.706538838334e-03 1.981184585020e-03 2.083804458380e-03 2.060906728730e-03 1.958415843546e-03 1.777127617970e-03 1.706979586743e-03 2.021299675107e-03 2.049938542768e-03 1.965256407857e-03 1.925276010297e-03 1.932519837283e-03 2.039467683062e-03 2.206022152677e-03 2.322272164747e-03 2.325903158635e-03 2.184255747125e-03 2.214152133092e-03 2.597050275654e-03 3.699457040057e-03 3.172733122483e-03 4.447714891285e-03 3.946905490011e-03 3.315784502774e-03 2.810653299093e-03 2.313760807738e-03 2.611329779029e-03
4.305743495934e-04 6.347192684188e-04 7.789715309627e-04 9.001068538055e-04 9.918427094817e-04 1.013588160276e-03 9.842282161117e-04 9.288180153817e-04 8.642233442515e-04 9.397717076354e-04 1.041797455400e-03 1.234560739249e-03 1.471704570577e-03 1.636901055463e-03 1.681580208242e-03 1.655346597545e-03 1.566648366861e-03 1.804252620786e-03 1.873464905657e-03 1.977709354833e-03 2.685821382329e-03 2.461950760335e-03 1.853566034697e-03 2.108566695824e-03 2.047166228294e-03 1.885951496661e-03 1.791042159311e-03 1.798788900487e-03 1.969788223505e-03 2.098232740536e-03 2.142861951143e-03 2.058990299702e-03 1.871885848232e-03 1.989272423089e-03 2.205009805039e-03 3.289076499641e-03 4.122192971408e-03 6.459379103035e-03 5.974448751658e-03 3.928406164050e-03 2.991306595504e-03 2.756115514785e-03 3.396225161850e-03
