VariationalSeries/SI/f143_max.grd
DSAA
101	101
32.816463539100	34.260883539100
35.556306596100	36.727886596100
1.381357200444e-03	3.983819961548e+01
[rows 0 to 18 of 101, columns 43 to 85 of 101]
1.233196444809e-02 1.186445541680e-02 1.385390665382e-02 1.115519646555e-02 9.670186787844e-03 7.169791031629e-03 8.648866787553e-03 1.412903238088e-02 9.413830004632e-03 1.089910045266e-02 1.036026608199e-02 1.225054729730e-02 1.347929146141e-02 1.177077647299e-02 7.628800347447e-03 1.188356895000e-02 9.181847795844e-03 1.264354400337e-02 1.814868859947e-02 2.489649690688e-02 3.092758171260e-02 3.413021564484e-02 3.360047936440e-02 5.054336413741e-02 5.065748840570e-02 3.395668789744e-02 1.990864798427e-02 1.351560186595e-02 9.918792173266e-03 1.125803403556e-02 1.339023932815e-02 6.820172537118e-03 6.387877278030e-03 6.395931821316e-03 7.072693668306e-03 6.738429889083e-03 5.564451217651e-03 4.707253072411e-03 4.101313184947e-03 3.647346748039e-03 3.497974015772e-03 2.890100702643e-03 2.419660566375e-03
2.384131588042e-02 2.147531695664e-02 2.717076614499e-02 2.441737428308e-02 1.855594478548e-02 1.305673364550e-02 1.648358441889e-02 2.738978900015e-02 2.188260294497e-02 2.176528424025e-02 1.842574588954e-02 2.274544537067e-02 2.419144287705e-02 2.134565450251e-02 1.382057461888e-02 2.469773776829e-02 1.903773285449e-02 2.380307763815e-02 3.445510938764e-02 4.741162434220e-02 5.742966011167e-02 6.183155998588e-02 6.077669933438e-02 8.850719779730e-02 8.616700023413e-02 5.637387931347e-02 3.614520654082e-02 2.493164502084e-02 1.846870221198e-02 2.178484015167e-02 2.386374212801e-02 1.357803959399e-02 1.238830201328e-02 1.178958918899e-02 1.369583420455e-02 1.131101883948e-02 9.206587448716e-03 8.124376647174e-03 7.168388925493e-03 6.364165339619e-03 6.691047921777e-03 4.797528963536e-03 4.189281724393e-03
3.135126456618e-02 2.613929659128e-02 3.029760904610e-02 3.023360110819e-02 2.490221895278e-02 1.753193698823e-02 1.864010095596e-02 3.293285518885e-02 3.819120302796e-02 3.869749605656e-02 2.468291670084e-02 2.581010013819e-02 3.285337239504e-02 2.930253744125e-02 1.633354276419e-02 3.019764646888e-02 2.372480183840e-02 3.028180822730e-02 4.385345801711e-02 5.914958938956e-02 6.922387331724e-02 7.363791763783e-02 7.792066782713e-02 1.106776297092e-01 1.048346683383e-01 6.665405631065e-02 4.499646276236e-02 3.206678479910e-02 2.089292556047e-02 2.551923878491e-02 2.451432310045e-02 1.687919534743e-02 1.452110707760e-02 1.285949256271e-02 1.530071999878e-02 1.441278960556e-02 1.141751371324e-02 8.980148471892e-03 7.926127873361e-03 7.174568716437e-03 7.653702981770e-03 5.152483470738e-03 4.618335515261e-03
3.549236431718e-02 3.341009467840e-02 2.707941271365e-02 2.983663789928e-02 2.694975957274e-02 2.085967175663e-02 2.300593070686e-02 3.833585605025e-02 5.406589433551e-02 5.615986883640e-02 3.742004185915e-02 2.638414129615e-02 3.921954706311e-02 3.553181514144e-02 1.705468073487e-02 3.398522734642e-02 2.727113664150e-02 3.568471223116e-02 5.087336152792e-02 6.534743309021e-02 7.295885682106e-02 7.650899142027e-02 8.897700160742e-02 1.216640174389e-01 1.104238852859e-01 6.722387671471e-02 4.830062389374e-02 3.625800833106e-02 2.387407422066e-02 2.647288702428e-02 2.169856801629e-02 1.804167404771e-02 1.478816848248e-02 1.424819417298e-02 1.662139594555e-02 1.600041799247e-02 1.236912235618e-02 8.607876487076e-03 8.224956691265e-03 7.937995716929e-03 8.065218105912e-03 5.206696689129e-03 4.495550412685e-03
3.712769597769e-02 4.003945738077e-02 3.102074004710e-02 2.523210644722e-02 2.505469508469e-02 2.648385241628e-02 2.744191512465e-02 4.711477831006e-02 6.873279064894e-02 7.426847517490e-02 5.226825550199e-02 2.634417451918e-02 4.441912472248e-02 4.106806963682e-02 1.968735828996e-02 3.729448840022e-02 3.018700703979e-02 4.245924577117e-02 5.772945284843e-02 6.935229152441e-02 7.395549863577e-02 7.675980776548e-02 9.878104925156e-02 1.285036504269e-01 1.103022471070e-01 6.364399194717e-02 4.935857653618e-02 3.841808065772e-02 2.573232911527e-02 2.616273984313e-02 2.029159851372e-02 1.884615235031e-02 1.543123740703e-02 1.689618080854e-02 1.784191094339e-02 1.676926389337e-02 1.260097045451e-02 8.710446767509e-03 8.809885010123e-03 8.580219931901e-03 8.417144417763e-03 5.778142251074e-03 4.365548957139e-03
3.590205684304e-02 4.253869131207e-02 3.560214489698e-02 2.921539358795e-02 2.604507654905e-02 3.212442249060e-02 2.976961061358e-02 5.351721495390e-02 8.174703270197e-02 9.228166937828e-02 6.791304051876e-02 3.226345404983e-02 4.954163357615e-02 4.685626924038e-02 2.251974679530e-02 4.007493332028e-02 3.625947609544e-02 4.968521744013e-02 6.348156183958e-02 7.114947587252e-02 7.293294370174e-02 7.567713409662e-02 1.084590852261e-01 1.333071887493e-01 1.073263585567e-01 5.872965604067e-02 4.983686655760e-02 3.877118602395e-02 2.619856782258e-02 2.422851696610e-02 2.043532021344e-02 1.950140111148e-02 1.620567776263e-02 1.890531368554e-02 1.867788098752e-02 1.700181141496e-02 1.239119935781e-02 8.904016576707e-03 9.394110180438e-03 9.084971621633e-03 8.648823015392e-03 6.344131194055e-03 4.616734571755e-03
3.244850039482e-02 4.080444946885e-02 3.850058093667e-02 3.470613434911e-02 2.648430317640e-02 3.734830394387e-02 2.935200184584e-02 5.661390349269e-02 9.080361574888e-02 1.061574593186e-01 8.228114992380e-02 4.326148703694e-02 5.501381307840e-02 5.356020852923e-02 2.605105936527e-02 4.280134290457e-02 4.344756156206e-02 5.586096271873e-02 6.690892577171e-02 7.138847559690e-02 7.200371474028e-02 7.451006025076e-02 1.180403977633e-01 1.365187168121e-01 1.025588735938e-01 5.774280056357e-02 4.968320205808e-02 3.856960684061e-02 2.639595605433e-02 2.092847786844e-02 2.014305628836e-02 1.964146643877e-02 1.637090742588e-02 1.963452994823e-02 1.926373131573e-02 1.679668948054e-02 1.221974473447e-02 9.346287697554e-03 9.778756648302e-03 1.019410789013e-02 8.730462752283e-03 6.787133868784e-03 5.096013192087e-03
3.127981722355e-02 3.904898464680e-02 3.906669467688e-02 3.891115635633e-02 3.235551342368e-02 4.232423007488e-02 2.741483412683e-02 5.484030023217e-02 9.191232174635e-02 1.122371852398e-01 9.369999170303e-02 5.671966075897e-02 6.013761088252e-02 6.091685593128e-02 3.048122115433e-02 4.537758603692e-02 5.012307316065e-02 6.068938598037e-02 6.886658817530e-02 7.102387398481e-02 7.080037891865e-02 7.723738253117e-02 1.275761872530e-01 1.386355161667e-01 9.659510850906e-02 5.466924235225e-02 4.749020934105e-02 3.724469617009e-02 2.573152258992e-02 1.976477354765e-02 1.987810432911e-02 1.977650262415e-02 1.859049126506e-02 1.890687644482e-02 1.960694417357e-02 1.666610501707e-02 1.184792257845e-02 9.705972857773e-03 1.003949530423e-02 1.152503397316e-02 8.928371593356e-03 7.208911236376e-03 5.379666574299e-03
3.503759577870e-02 3.923865780234e-02 3.785192221403e-02 4.125710949302e-02 3.764857351780e-02 4.694965854287e-02 2.528823539615e-02 4.835713654757e-02 8.428514748812e-02 1.096955239773e-01 1.006305813789e-01 6.934236735106e-02 6.451845169067e-02 6.858123838902e-02 3.575778007507e-02 4.795295000076e-02 5.598652362823e-02 6.472048908472e-02 7.024373859167e-02 6.979271024466e-02 6.876100599766e-02 8.588086068630e-02 1.365227103233e-01 1.391594260931e-01 8.922472596169e-02 5.039342865348e-02 4.403477534652e-02 3.459784761071e-02 2.718108892441e-02 2.071988210082e-02 1.964285038412e-02 1.946047507226e-02 2.123231627047e-02 2.156552672386e-02 2.222213149071e-02 1.624376326799e-02 1.124524045736e-02 1.030180789530e-02 1.054539810866e-02 1.276973448694e-02 9.235903620720e-03 7.442719303071e-03 5.603568628430e-03
3.753152117133e-02 4.004533588886e-02 3.629029542208e-02 4.239393398166e-02 4.161383211613e-02 5.063544586301e-02 2.830907702446e-02 3.996419161558e-02 7.221749424934e-02 1.006412580609e-01 1.016330271959e-01 7.942634820938e-02 6.838968396187e-02 7.691150903702e-02 4.235691577196e-02 5.190277099609e-02 6.044134870172e-02 6.763064116240e-02 7.037874311209e-02 6.733570247889e-02 6.486869603395e-02 9.390209615231e-02 1.436263918877e-01 1.367339938879e-01 8.021470159292e-02 4.567075893283e-02 3.953579068184e-02 3.699400648475e-02 2.909540571272e-02 2.157738804817e-02 2.008310332894e-02 2.118745632470e-02 2.212554402649e-02 2.290682122111e-02 2.412773668766e-02 1.543430518359e-02 1.079957745969e-02 1.163292303681e-02 1.158451847732e-02 1.368705648929e-02 8.955511264503e-03 7.259202655405e-03 5.647170823067e-03
3.800125792623e-02 4.151215404272e-02 3.490971773863e-02 4.298529401422e-02 4.476391151547e-02 5.359364300966e-02 3.029139153659e-02 3.314548358321e-02 5.833227559924e-02 8.560065925121e-02 9.451433271170e-02 8.476543426514e-02 7.058708369732e-02 8.534002304077e-02 5.098247528076e-02 5.662279576063e-02 6.347837299109e-02 6.895275413990e-02 6.852243095636e-02 6.335322558880e-02 5.985031276941e-02 1.018866002560e-01 1.485902667046e-01 1.315373480320e-01 7.023998349905e-02 4.045988991857e-02 3.758221492171e-02 4.099753871560e-02 3.044376708567e-02 2.232770621777e-02 2.175538241863e-02 2.294513955712e-02 2.037970349193e-02 2.003738470376e-02 2.295196801424e-02 1.423159614205e-02 1.313873846084e-02 1.366661209613e-02 1.329123321921e-02 1.419797912240e-02 8.278338238597e-03 6.941341795027e-03 5.429223179817e-03
3.691254928708e-02 4.314223676920e-02 3.833364322782e-02 4.340024292469e-02 4.793694987893e-02 5.547311529517e-02 3.218914568424e-02 3.484020382166e-02 4.421328008175e-02 6.717434525490e-02 8.100461214781e-02 8.344706147909e-02 7.629054784775e-02 9.212184697390e-02 6.159251183271e-02 6.036090850830e-02 6.591809540987e-02 6.888470053673e-02 6.514382362366e-02 5.903239548206e-02 6.412675231695e-02 1.092760488391e-01 1.516658067703e-01 1.246148198843e-01 6.014931946993e-02 3.500920906663e-02 4.104795679450e-02 4.420456290245e-02 3.268872573972e-02 2.279379777610e-02 2.320759557188e-02 2.420350722969e-02 1.813730038702e-02 1.908284053206e-02 2.149029634893e-02 1.415411569178e-02 1.610945351422e-02 1.478378754109e-02 1.514142006636e-02 1.418076641858e-02 7.844705134630e-03 6.345794070512e-03 5.503123626113e-03
3.480183333158e-02 4.478241503239e-02 4.302923008800e-02 4.400954395533e-02 5.108696967363e-02 5.704281479120e-02 3.840376809239e-02 4.163751378655e-02 4.122292250395e-02 4.916327446699e-02 6.257150322199e-02 7.413488626480e-02 7.818125188351e-02 9.482055902481e-02 7.170981913805e-02 6.409037113190e-02 6.725743412971e-02 6.673272699118e-02 6.073726341128e-02 5.516093596816e-02 7.070209830999e-02 1.159814447165e-01 1.531376540661e-01 1.164150685072e-01 5.092424899340e-02 3.517188876867e-02 4.295518994331e-02 4.560880362988e-02 3.399749472737e-02 2.635568007827e-02 2.622731775045e-02 2.156748250127e-02 1.821684837341e-02 1.813454553485e-02 2.083322033286e-02 1.804019510746e-02 1.760237105191e-02 1.406783703715e-02 1.646178960800e-02 1.369304489344e-02 7.325204554945e-03 6.717910990119e-03 6.599091924727e-03
3.192541375756e-02 4.646734893322e-02 4.694888740778e-02 4.496477544308e-02 5.429937690496e-02 5.879216268659e-02 4.408305883408e-02 4.989058151841e-02 3.702383488417e-02 3.571953624487e-02 4.440595954657e-02 5.840082094073e-02 7.376880198717e-02 9.211227297783e-02 7.979192584753e-02 6.733433902264e-02 6.627694517374e-02 6.319505721331e-02 5.643731355667e-02 6.072354689240e-02 7.781328260899e-02 1.231793090701e-01 1.532891243696e-01 1.074058264494e-01 4.299609735608e-02 3.627099096775e-02 4.431763291359e-02 4.638896137476e-02 3.399547934532e-02 2.949063293636e-02 2.449133433402e-02 1.860347203910e-02 1.769094727933e-02 1.643588766456e-02 2.125915326178e-02 2.008245885372e-02 1.666798256338e-02 1.322560012341e-02 1.732547208667e-02 1.284341793507e-02 7.120120339096e-03 7.698896341026e-03 7.101352326572e-03
3.311222419143e-02 4.842169210315e-02 4.977206513286e-02 4.797594994307e-02 5.760411918163e-02 5.979711562395e-02 4.917411506176e-02 5.940517783165e-02 3.096023574471e-02 3.532938659191e-02 3.118549101055e-02 4.969548434019e-02 5.989098548889e-02 8.568665385246e-02 8.631028234959e-02 7.420787215233e-02 6.396428495646e-02 5.900420248508e-02 6.254929304123e-02 6.507520377636e-02 8.578376471996e-02 1.294709891081e-01 1.501922160387e-01 9.694616496563e-02 3.735465183854e-02 4.718326032162e-02 5.018791928887e-02 4.672273620963e-02 3.454435989261e-02 2.675995975733e-02 2.123557589948e-02 1.969192922115e-02 1.841698400676e-02 1.768501475453e-02 2.186681330204e-02 1.928211562335e-02 1.545610744506e-02 1.328927464783e-02 1.785039715469e-02 1.165768690407e-02 7.018622476608e-03 8.307544514537e-03 7.160528562963e-03
3.670194000006e-02 5.074097216129e-02 5.102545395494e-02 5.440521240234e-02 6.050431355834e-02 6.011858209968e-02 5.220626294613e-02 6.798272579908e-02 3.151717782021e-02 3.629079088569e-02 3.116049803793e-02 5.333724990487e-02 5.726956576109e-02 7.611660659313e-02 8.334980159998e-02 7.500199973583e-02 6.159176677465e-02 6.207526847720e-02 6.860669702291e-02 7.097528874874e-02 9.350790083408e-02 1.325691342354e-01 1.417669355869e-01 8.456466346979e-02 4.600656032562e-02 5.716104805470e-02 5.180808156729e-02 4.350980371237e-02 3.021823614836e-02 2.387964725494e-02 2.264793589711e-02 2.367204800248e-02 2.272419631481e-02 2.169735915959e-02 2.214922942221e-02 1.746621914208e-02 1.405816432089e-02 1.499478053302e-02 1.802077703178e-02 1.025156676769e-02 7.015982177109e-03 8.813603781164e-03 7.077818270773e-03
4.113187640905e-02 5.321032553911e-02 5.579785630107e-02 6.017481163144e-02 6.318759173155e-02 6.439785659313e-02 5.132316052914e-02 7.472816854715e-02 3.488369658589e-02 3.692290186882e-02 3.639861568809e-02 5.529435724020e-02 6.397867947817e-02 6.468623876572e-02 7.663758099079e-02 6.870921701193e-02 6.069404631853e-02 7.056422531605e-02 7.285932451487e-02 7.821714133024e-02 1.004630923271e-01 1.316581666470e-01 1.297421753407e-01 7.201610505581e-02 5.367256328464e-02 5.357041209936e-02 4.164552316070e-02 3.734314069152e-02 2.687356062233e-02 2.419906295836e-02 2.512221597135e-02 2.738500572741e-02 2.926480956376e-02 3.043541684747e-02 2.926760911942e-02 1.980656385422e-02 1.201485563070e-02 1.636725105345e-02 1.765428110957e-02 1.106234639883e-02 7.775131613016e-03 9.177534841001e-03 6.906492169946e-03
5.384430661798e-02 7.386595010757e-02 8.605521172285e-02 7.467497140169e-02 6.588367372751e-02 6.998047232628e-02 5.099566280842e-02 7.974892854691e-02 4.044139757752e-02 3.707814961672e-02 4.490501806140e-02 6.179226189852e-02 7.160851359367e-02 6.274472922087e-02 6.928028166294e-02 6.986966729164e-02 6.752064824104e-02 7.746765017509e-02 7.543393224478e-02 8.693727850914e-02 1.066333279014e-01 1.272210627794e-01 1.159041598439e-01 6.003176793456e-02 4.908033087850e-02 3.921871259809e-02 3.400407359004e-02 3.188658133149e-02 2.522345446050e-02 2.369808778167e-02 2.954075485468e-02 3.318736702204e-02 3.896240144968e-02 4.362548142672e-02 3.665036335588e-02 1.970889419317e-02 1.190122216940e-02 1.727521233261e-02 1.692209579051e-02 1.145819853991e-02 8.650345727801e-03 9.312530048192e-03 8.072243072093e-03
6.856057792902e-02 9.688522666693e-02 1.180937811732e-01 1.105883941054e-01 6.850052624941e-02 7.618716359138e-02 5.283065140247e-02 8.484509587288e-02 5.035792291164e-02 4.183654859662e-02 5.493803694844e-02 6.933693587780e-02 9.219852834940e-02 7.368450611830e-02 6.254251301289e-02 7.105506956577e-02 7.764519751072e-02 8.213561028242e-02 8.496152609587e-02 9.439940750599e-02 1.084543541074e-01 1.180462390184e-01 9.941336512566e-02 4.801476746798e-02 3.645246103406e-02 4.013863205910e-02 3.243872150779e-02 2.742358297110e-02 2.371803484857e-02 2.760151959956e-02 3.278064355254e-02 4.566715285182e-02 5.685330927372e-02 5.615034699440e-02 3.831858560443e-02 1.708435639739e-02 1.305297669023e-02 2.053340338171e-02 1.718334481120e-02 1.076100673527e-02 9.648812003434e-03 9.155397303402e-03 9.197012521327e-03
