VariationalSeries/SI/f143_max.grd
DSAA
101	101
32.816463539100	34.260883539100
35.556306596100	36.727886596100
1.381357200444e-03	3.983819961548e+01
[rows 38 to 56 of 101, columns 43 to 85 of 101]
3.600316941738e-01 3.297098577023e-01 3.794406652451e-01 3.623853325844e-01 5.339977741241e-01 5.317915081978e-01 4.538824558258e-01 6.411620378494e-01 5.111827254295e-01 5.089046955109e-01 4.781370759010e-01 3.438832759857e-01 2.858665287495e-01 2.253664731979e-01 1.664282679558e-01 2.588541805744e-01 3.883162438869e-01 2.186884284019e-01 1.961729526520e-01 1.784676015377e-01 1.470509320498e-01 1.333151310682e-01 1.264056414366e-01 1.369902938604e-01 1.482420265675e-01 1.566441804171e-01 1.523978263140e-01 1.345543265343e-01 1.195037066936e-01 8.964674174786e-02 5.875722691417e-02 4.996705427766e-02 5.340919271111e-02 6.129286438227e-02 6.277085095644e-02 5.797721073031e-02 4.896028712392e-02 3.814745694399e-02 2.770712412894e-02 2.458292804658e-02 2.849187143147e-02 3.812649101019e-02 3.978720679879e-02
6.242347359657e-01 4.386296868324e-01 4.645582139492e-01 6.384110450745e-01 7.474625110626e-01 3.943473994732e-01 1.073930144310e+00 5.596064329147e-01 5.200551152229e-01 4.632616341114e-01 4.948518574238e-01 3.698134720325e-01 2.431870847940e-01 2.195543050766e-01 2.706751525402e-01 4.006871283054e-01 4.537220001221e-01 3.720508217812e-01 2.602377533913e-01 1.999394744635e-01 1.862837672234e-01 1.600135117769e-01 1.625281870365e-01 1.690530776978e-01 1.972111165524e-01 1.270047426224e-01 9.340075403452e-02 7.727035880089e-02 6.136769056320e-02 7.045558840036e-02 8.359945565462e-02 8.238915354013e-02 7.185541838408e-02 5.982796847820e-02 5.008752644062e-02 4.299629479647e-02 3.804160282016e-02 3.452059999108e-02 3.286074474454e-02 3.350356966257e-02 7.174933701754e-02 1.245281994343e-01 1.285768002272e-01
5.203073024750e-01 6.277575492859e-01 5.296330451965e-01 5.968225598335e-01 7.795203924179e-01 5.468111634254e-01 7.394670844078e-01 6.250286698341e-01 3.937717676163e-01 5.134013295174e-01 4.905939996243e-01 4.219952225685e-01 4.220134913921e-01 5.645949244499e-01 6.424704790115e-01 4.931206107140e-01 3.604485094547e-01 3.548333644867e-01 3.303318917751e-01 2.195171415806e-01 1.642327457666e-01 2.751622200012e-01 3.613513708115e-01 2.757430374622e-01 1.133947446942e-01 8.508709073067e-02 6.705325096846e-02 7.186302542686e-02 8.660559356213e-02 8.199187368155e-02 6.350436061621e-02 4.549060016870e-02 3.471268340945e-02 3.007201291621e-02 3.630632534623e-02 3.421244770288e-02 3.898821026087e-02 6.896572560072e-02 1.108768656850e-01 1.508240997791e-01 1.242773011327e-01 1.066509559751e-01 9.258346259594e-02
5.438739061356e-01 6.293651461601e-01 9.018064141273e-01 7.297881245613e-01 7.210499644279e-01 8.668842911720e-01 7.734576463699e-01 6.048641204834e-01 7.539106607437e-01 5.762258172035e-01 4.652810990810e-01 4.454252421856e-01 8.198210000992e-01 5.784062147141e-01 4.994122982025e-01 4.682637751102e-01 2.940205037594e-01 2.664560377598e-01 2.980589270592e-01 4.344349801540e-01 4.667184352875e-01 2.676433920860e-01 2.112492918968e-01 1.682360619307e-01 1.596988290548e-01 1.441332548857e-01 1.164321154356e-01 1.180030182004e-01 9.767016768456e-02 7.036819308996e-02 1.295948922634e-01 5.505816265941e-02 5.477553606033e-02 5.822928249836e-02 6.174383312464e-02 6.506836414337e-02 1.408825367689e-01 1.613600254059e-01 1.555255502462e-01 1.713262647390e-01 1.733980327845e-01 1.700682640076e-01 1.566068381071e-01
6.861346364021e-01 7.036240100861e-01 6.801127195358e-01 1.024871468544e+00 8.744311928749e-01 1.097104072571e+00 1.025275707245e+00 7.263739705086e-01 6.869210004807e-01 6.377277970314e-01 6.073693633080e-01 9.371004104614e-01 7.689037322998e-01 5.814327001572e-01 6.494895815849e-01 2.906261980534e-01 5.689473748207e-01 7.557337880135e-01 5.956000089645e-01 2.133077234030e-01 2.213361859322e-01 2.162382751703e-01 1.035875082016e-01 1.412759870291e-01 1.490267962217e-01 1.351711601019e-01 1.530158072710e-01 1.914587169886e-01 2.278747111559e-01 2.005711793900e-01 9.859991073608e-02 7.785631716251e-02 6.673286855221e-02 9.380621463060e-02 1.824987530708e-01 1.873262226582e-01 1.182838380337e-01 1.044571399689e-01 1.275989562273e-01 1.593904793262e-01 1.911803036928e-01 1.911797225475e-01 1.842977404594e-01
7.360305786133e-01 8.053913712502e-01 9.326791167259e-01 1.393060803413e+00 1.768417954445e+00 1.061996698380e+00 1.257496833801e+00 8.922372460365e-01 1.194357156754e+00 7.831361293793e-01 9.840244054794e-01 7.999289631844e-01 3.979860842228e-01 7.480891346931e-01 9.694454669952e-01 9.450160264969e-01 5.885814428329e-01 3.105899989605e-01 5.209954977036e-01 4.491349458694e-01 2.397241294384e-01 1.839523613453e-01 1.501779109240e-01 2.454542070627e-01 2.995078861713e-01 2.632775306702e-01 2.193562984467e-01 1.739389300346e-01 1.755658686161e-01 8.010990917683e-02 1.339218020439e-01 2.003863751888e-01 2.487695962191e-01 2.233432233334e-01 1.489528864622e-01 2.829737067223e-01 3.347505331039e-01 2.990137338638e-01 2.141684591770e-01 1.667908579111e-01 2.087304741144e-01 2.294514477253e-01 2.423241585493e-01
8.004212379456e-01 8.974754214287e-01 1.025968670845e+00 1.095003247261e+00 1.546139955521e+00 1.978256702423e+00 1.961205959320e+00 1.100791096687e+00 1.382452249527e+00 1.089003562927e+00 1.053636312485e+00 8.765345215797e-01 9.819765090942e-01 1.217053055763e+00 9.504203200340e-01 5.705304741859e-01 6.661609411240e-01 6.202948093414e-01 3.395561277866e-01 4.068208634853e-01 4.103364050388e-01 3.547193109989e-01 2.532740235329e-01 1.564431041479e-01 1.767183691263e-01 1.769312173128e-01 1.716605275869e-01 2.065873742104e-01 2.338345050812e-01 2.508247196674e-01 2.439225018024e-01 2.081254720688e-01 1.572687476873e-01 1.769561171532e-01 3.274068534374e-01 3.993078768253e-01 3.737125098705e-01 2.746906578541e-01 1.660657227039e-01 9.456336498260e-02 1.185151785612e-01 1.370451152325e-01 1.526327580214e-01
1.331534504890e+00 2.377798795700e+00 2.417151927948e+00 1.398519754410e+00 1.710126638412e+00 2.098802328110e+00 2.726050376892e+00 1.896286129951e+00 1.814358830452e+00 1.888525962830e+00 1.470182299614e+00 1.086218833923e+00 9.936285018921e-01 8.450326323509e-01 7.322820425034e-01 7.425401210785e-01 1.188198685646e+00 9.485726356506e-01 4.898128807545e-01 4.511348605156e-01 4.294396042824e-01 4.160327315331e-01 4.001626968384e-01 3.786677718163e-01 3.563056290150e-01 3.421475887299e-01 3.420728743076e-01 3.394351005554e-01 2.794906198978e-01 2.125902324915e-01 1.694514900446e-01 1.372017860413e-01 1.369914114475e-01 2.764225900173e-01 3.295014798641e-01 3.120785653591e-01 2.176515907049e-01 1.149705722928e-01 9.898620098829e-02 1.081451252103e-01 1.082315817475e-01 1.158189550042e-01 1.251017004251e-01
1.950595855713e+00 3.626889944077e+00 3.466358661652e+00 2.869531154633e+00 2.545360565186e+00 2.285369396210e+00 3.060470342636e+00 5.379918575287e+00 1.733016848564e+00 1.587851762772e+00 1.243920564651e+00 1.435747981071e+00 1.408984780312e+00 1.710023045540e+00 1.612311601639e+00 1.111765503883e+00 1.089661836624e+00 1.125374078751e+00 7.251551151276e-01 4.544135034084e-01 5.168008804321e-01 4.456574618816e-01 4.840530157089e-01 3.646541833878e-01 3.040326833725e-01 2.689661681652e-01 3.278016149998e-01 3.657437860966e-01 3.710970878601e-01 3.441326022148e-01 2.928536236286e-01 2.403035014868e-01 2.487324178219e-01 2.856800556183e-01 2.653093338013e-01 2.034486234188e-01 1.137191876769e-01 1.237690523267e-01 1.302075535059e-01 1.273725926876e-01 1.349292844534e-01 1.336645483971e-01 1.309244483709e-01
1.052241325378e+00 2.560337543488e+00 3.359704256058e+00 3.302573680878e+00 3.871935844421e+00 3.085906505585e+00 3.384486675262e+00 5.229862213135e+00 3.033004999161e+00 2.453334093094e+00 2.154953002930e+00 1.208336830139e+00 1.307562708855e+00 1.408743739128e+00 1.180545449257e+00 1.027768611908e+00 1.038616418839e+00 8.999668359756e-01 7.877541184425e-01 1.113309621811e+00 1.287583827972e+00 5.428849458694e-01 4.862138330936e-01 4.258254468441e-01 4.724006354809e-01 3.821819126606e-01 3.456473052502e-01 3.236377239227e-01 3.034977018833e-01 2.882067859173e-01 2.762818932533e-01 2.850943505764e-01 3.009812831879e-01 2.568506002426e-01 1.962562650442e-01 1.658998727798e-01 1.586580872536e-01 1.472839713097e-01 1.420867443085e-01 1.503096222878e-01 1.386069357395e-01 1.419108659029e-01 1.488858461380e-01
2.105761528015e+00 2.939770936966e+00 3.717014312744e+00 6.215089321136e+00 3.100637435913e+00 5.919240474701e+00 4.678506851196e+00 6.368799209595e+00 2.800056219101e+00 3.334323406219e+00 3.492575645447e+00 2.555104255676e+00 1.783440351486e+00 1.791851878166e+00 1.973496437073e+00 1.298334598541e+00 1.233137369156e+00 1.297194600105e+00 1.418188691139e+00 1.651722431183e+00 1.259590625763e+00 3.637808859348e-01 3.879781663418e-01 4.458199739456e-01 4.821721613407e-01 3.933149576187e-01 2.355778217316e-01 2.329618185759e-01 2.142987698317e-01 2.393642812967e-01 2.625210881233e-01 2.869074642658e-01 3.038488626480e-01 3.113955855370e-01 3.046347498894e-01 2.909567654133e-01 2.587188780308e-01 2.275406867266e-01 2.046356797218e-01 1.856505870819e-01 1.737089008093e-01 1.706146746874e-01 1.641606986523e-01
1.096171498299e+00 2.264380693436e+00 4.208089351654e+00 5.373965263367e+00 4.613650798798e+00 6.241345405579e+00 4.742291450500e+00 1.337337112427e+01 1.055513191223e+01 1.444608497620e+01 4.105163097382e+00 2.716377496719e+00 2.470335960388e+00 2.007094621658e+00 1.504762053490e+00 1.078090190887e+00 9.086507558823e-01 7.060294151306e-01 4.947998821735e-01 4.858739376068e-01 4.699766039848e-01 4.072889983654e-01 3.795324265957e-01 4.346693754196e-01 3.864920437336e-01 3.942970633507e-01 4.946311116219e-01 3.433976769447e-01 1.571815609932e-01 1.389082521200e-01 1.132837086916e-01 1.214157342911e-01 1.343891769648e-01 1.776587665081e-01 2.310364097357e-01 2.518027722836e-01 2.006809264421e-01 1.523016542196e-01 1.639253646135e-01 1.729905158281e-01 1.952686011791e-01 2.438179254532e-01 2.751117646694e-01
6.331269741058e+00 7.849727869034e-01 1.400577902794e+00 5.642743110657e+00 2.028434276581e+00 3.274300336838e+00 1.251216697693e+01 2.333313941956e+01 2.778215789795e+01 3.874133682251e+01 3.447203397751e+00 3.635386943817e+00 2.921997785568e+00 2.248378992081e+00 1.789750099182e+00 9.584989547729e-01 7.857431769371e-01 3.458648204803e+00 5.040849685669e+00 7.933318018913e-01 1.032041072845e+00 9.535114765167e-01 7.023743987083e-01 4.504888653755e-01 3.266917169094e-01 2.705401182175e-01 6.095900535583e-01 8.989507555962e-01 4.164256155491e-01 1.662628650665e-01 1.277989149094e-01 1.109803766012e-01 1.206946447492e-01 1.165260672569e-01 1.268920302391e-01 1.658216118813e-01 1.624637693167e-01 1.247227266431e-01 1.225773990154e-01 1.237565353513e-01 1.148537173867e-01 1.261698007584e-01 1.178331822157e-01
1.163746118546e+00 3.645918607712e+00 8.240464925766e-01 1.134218931198e+00 1.068913078308e+01 6.255995273590e+00 6.723071098328e+00 8.651870727539e+00 8.521241188049e+00 2.211470794678e+01 2.754701995850e+01 4.760068416595e+00 4.780108451843e+00 3.259614944458e+00 2.714887619019e+00 1.505705714226e+00 6.814571619034e-01 3.602519750595e+00 5.181052088737e-01 6.546536087990e-01 8.579652309418e-01 1.095398902893e+00 9.340077638626e-01 8.668681383133e-01 8.816073536873e-01 7.554885745049e-01 7.289360165596e-01 5.093449354172e-01 2.621288597584e-01 2.404079586267e-01 1.750070452690e-01 1.347254365683e-01 1.399426758289e-01 1.120684519410e-01 1.149881035089e-01 1.066315546632e-01 1.131995469332e-01 1.124706342816e-01 1.213648170233e-01 1.089776530862e-01 1.078708842397e-01 1.125326231122e-01 1.152243763208e-01
9.673706889153e-01 1.804678320885e+00 4.532706260681e+00 3.268055438995e+00 2.510878562927e+00 2.067612648010e+00 2.955290794373e+00 3.494098901749e+00 4.353964328766e+00 6.030865192413e+00 1.266567516327e+01 1.946866035461e+01 4.065466880798e+00 3.140058517456e+00 2.066689252853e+00 6.503644585609e-01 8.457964062691e-01 2.001439094543e+00 2.560638785362e-01 2.633551359177e-01 5.169184207916e-01 8.894104957581e-01 6.494414210320e-01 4.916000068188e-01 3.961578905582e-01 4.948884248734e-01 6.193616986275e-01 5.947471261024e-01 5.210000872612e-01 3.762190639973e-01 2.490911930799e-01 2.284081429243e-01 1.789648383856e-01 1.311672627926e-01 1.472222507000e-01 1.299548745155e-01 1.255255937576e-01 1.226710602641e-01 1.224615350366e-01 1.056146770716e-01 1.006405130029e-01 9.912826120853e-02 1.101431623101e-01
6.523665189743e-01 2.708584070206e+00 7.536128520966e+00 4.432311058044e+00 1.259776592255e+00 1.128269314766e+00 1.117015004158e+00 1.521210312843e+00 5.014367699623e-01 8.409326553345e+00 1.614315223694e+01 3.983819961548e+01 3.968934774399e+00 2.789132118225e+00 4.033990859985e+00 8.361237645149e-01 1.705456137657e+00 5.078862905502e-01 2.013754993677e-01 5.833179354668e-01 7.490095496178e-01 1.691291093826e+00 1.278136849403e+00 8.639968037605e-01 5.980439186096e-01 3.762604296207e-01 4.289769530296e-01 4.451193511486e-01 3.943172693253e-01 4.310609102249e-01 4.315694570541e-01 3.436842560768e-01 2.417637109756e-01 2.090341299772e-01 2.150542438030e-01 1.826799064875e-01 1.621616035700e-01 1.502685099840e-01 1.359392702579e-01 1.126397550106e-01 9.370861947536e-02 1.034001335502e-01 1.183579564095e-01
5.533356070518e-01 1.372866392136e+00 1.117530059814e+01 1.362163448334e+01 7.211338043213e+00 7.377158403397e-01 5.657328963280e-01 9.230239987373e-01 1.149662017822e+00 1.672321438789e+00 1.192502260208e+00 6.953664779663e+00 1.690379905701e+01 2.264794349670e+01 6.505265235901e+00 2.693001985550e+00 3.021444559097e+00 9.396429657936e-01 8.566526770592e-01 3.109408140182e+00 9.106693863869e-01 5.196800231934e+00 1.647656917572e+00 1.460400819778e+00 1.468712806702e+00 6.812670826912e-01 4.083828628063e-01 4.305664598942e-01 4.863720834255e-01 3.923142552376e-01 2.358164489269e-01 3.330682218075e-01 3.416749536991e-01 3.246799409389e-01 3.181386590004e-01 2.533763945103e-01 2.059955298901e-01 1.795988529921e-01 1.498052775860e-01 1.188269630075e-01 9.080713987350e-02 1.241371855140e-01 1.513111740351e-01
8.720124363899e-01 5.636073946953e-01 9.402448534966e-01 5.334473133087e+00 3.314671754837e+00 5.447792410851e-01 4.618868827820e-01 5.457874536514e-01 6.525409221649e-01 7.604756951332e-01 6.167199611664e-01 5.726200342178e-01 1.013567805290e+00 4.327730655670e+00 1.277931976318e+01 8.863329887390e+00 3.356508970261e+00 1.621811509132e+00 9.993063211441e-01 2.239987373352e+00 1.171807169914e+00 4.132499098778e-01 3.758149743080e-01 3.410845398903e-01 7.153216004372e-01 1.195083498955e+00 9.099258184433e-01 5.672871470451e-01 5.017975568771e-01 4.567558765411e-01 4.742185473442e-01 4.098435640335e-01 2.728109061718e-01 2.840941548347e-01 3.203572928905e-01 2.793982326984e-01 2.385674118996e-01 2.006881833076e-01 1.522095352411e-01 1.097832843661e-01 9.446509182453e-02 1.165267080069e-01 1.388706117868e-01
5.674507617950e-01 4.119922220707e-01 4.489922523499e-01 5.538187026978e-01 5.601521730423e-01 4.697712659836e-01 4.173636734486e-01 4.175850152969e-01 4.607585370541e-01 4.379854798317e-01 3.775748610497e-01 3.165579438210e-01 3.289897441864e-01 4.428577899933e+00 7.119775295258e+00 7.555708408356e+00 3.209339618683e+00 2.368271827698e+00 4.841709613800e+00 1.210657835007e+00 8.492423892021e-01 4.149164557457e-01 1.126346945763e+00 7.733924984932e-01 9.976204037666e-01 9.948176145554e-01 9.277660846710e-01 8.685374259949e-01 8.097520470619e-01 7.637518048286e-01 8.069606423378e-01 9.820359945297e-01 8.375831246376e-01 3.375912010670e-01 1.921072602272e-01 2.027046829462e-01 1.875387579203e-01 1.613678932190e-01 1.348940730095e-01 8.834073692560e-02 8.371835201979e-02 9.593579173088e-02 1.084984540939e-01
