VariationalSeries/SI/f143_max.grd
DSAA
101	101
32.816463539100	34.260883539100
35.556306596100	36.727886596100
1.381357200444e-03	3.983819961548e+01
[rows 19 to 37 of 101, columns 43 to 85 of 101]
7.765722274780e-02 1.104533374310e-01 1.438022404909e-01 1.471617072821e-01 9.449773281813e-02 8.277114480734e-02 5.948604643345e-02 9.016222506762e-02 5.618495494127e-02 5.731828883290e-02 6.574606150389e-02 8.151354640722e-02 1.128011569381e-01 9.271171689034e-02 7.739234715700e-02 7.218485325575e-02 8.578372746706e-02 8.490914106369e-02 9.847470372915e-02 9.932357072830e-02 1.046779155731e-01 1.043962761760e-01 8.105190098286e-02 3.927568346262e-02 3.741372376680e-02 4.508814215660e-02 3.724722191691e-02 2.389687858522e-02 2.177982218564e-02 3.347561135888e-02 4.430991411209e-02 6.744384020567e-02 7.609257102013e-02 5.889621749520e-02 3.152402490377e-02 1.821691915393e-02 1.366259902716e-02 2.504453063011e-02 2.266679331660e-02 1.040937285870e-02 1.033790037036e-02 1.023834384978e-02 1.002851407975e-02
7.741639763117e-02 1.080528870225e-01 1.533708423376e-01 1.774730086327e-01 1.296249777079e-01 8.941124379635e-02 6.684977561235e-02 9.567827731371e-02 4.903300851583e-02 6.189143657684e-02 7.618118822575e-02 9.245756268501e-02 1.343459188938e-01 1.117983534932e-01 8.743546903133e-02 8.957093954086e-02 9.313116967678e-02 9.303919225931e-02 1.079223155975e-01 1.117295324802e-01 9.864772856236e-02 8.832855522633e-02 6.279668211937e-02 4.270955547690e-02 4.530153051019e-02 4.627301543951e-02 3.679969161749e-02 2.255260199308e-02 2.301226928830e-02 4.090949147940e-02 6.833334267139e-02 8.907081931829e-02 7.944776862860e-02 4.861510172486e-02 2.229603566229e-02 2.102907933295e-02 2.249779738486e-02 2.992316894233e-02 2.895347215235e-02 1.637435890734e-02 1.364323403686e-02 1.160884741694e-02 1.008431520313e-02
8.217551559210e-02 9.352085739374e-02 1.415499150753e-01 1.855505257845e-01 1.592666208744e-01 9.569455683231e-02 7.449461519718e-02 1.015579253435e-01 4.951322078705e-02 6.818903982639e-02 8.576134592295e-02 9.861229360104e-02 1.559447944164e-01 1.300553232431e-01 9.514486789703e-02 9.526926279068e-02 9.882990270853e-02 1.008623465896e-01 1.154967024922e-01 1.198785007000e-01 1.056483909488e-01 7.199758291245e-02 4.926579445601e-02 4.815699160099e-02 5.517460405827e-02 5.590368062258e-02 3.455852344632e-02 2.256908826530e-02 3.932441771030e-02 6.823389232159e-02 9.538324922323e-02 9.228754788637e-02 6.224857270718e-02 2.920264378190e-02 2.207062393427e-02 2.270785346627e-02 2.532088756561e-02 3.437470272183e-02 3.521606326103e-02 2.176379598677e-02 1.916120573878e-02 1.692909747362e-02 1.434622332454e-02
7.804071903229e-02 7.903204113245e-02 1.201211661100e-01 1.771228164434e-01 1.760574877262e-01 1.015298515558e-01 8.233632147312e-02 1.077714413404e-01 5.263951420784e-02 8.471448719501e-02 9.344301372766e-02 1.016692668200e-01 1.770396381617e-01 1.472293585539e-01 1.007213145494e-01 1.061788648367e-01 1.055257320404e-01 1.099814847112e-01 1.198483780026e-01 1.196397840977e-01 1.048257350922e-01 7.208626717329e-02 4.502471536398e-02 4.933177679777e-02 6.211481615901e-02 5.596311017871e-02 3.032394312322e-02 4.192730039358e-02 7.204616069794e-02 1.012609377503e-01 9.932428598404e-02 6.887324154377e-02 3.522111847997e-02 2.748704142869e-02 1.888562180102e-02 1.999861188233e-02 2.810249663889e-02 3.756237775087e-02 4.044127464294e-02 2.201159298420e-02 2.169861644506e-02 2.043329179287e-02 1.843826100230e-02
6.367775797844e-02 8.616238087416e-02 1.145639419556e-01 1.570902317762e-01 1.775595843792e-01 1.186674535275e-01 9.283256530762e-02 1.136384233832e-01 6.223981082439e-02 1.011152714491e-01 9.851815551519e-02 1.128782406449e-01 1.989659219980e-01 1.648126542568e-01 1.053998172283e-01 1.149671375751e-01 1.122684404254e-01 1.182687431574e-01 1.198538616300e-01 1.146469786763e-01 9.829454123974e-02 6.663532555103e-02 4.886322468519e-02 5.468005686998e-02 5.591611564159e-02 4.281151294708e-02 4.420432448387e-02 7.708674669266e-02 1.101014465094e-01 1.067719012499e-01 7.234880328178e-02 3.830906748772e-02 2.094968967140e-02 2.595511265099e-02 1.777941733599e-02 2.438007667661e-02 2.965767495334e-02 3.936622664332e-02 4.443320631981e-02 2.143112383783e-02 1.851211301982e-02 1.927791722119e-02 1.957043446600e-02
8.759751170874e-02 8.669228851795e-02 1.166030466557e-01 1.332524567842e-01 1.692937314510e-01 1.327030658722e-01 1.043694168329e-01 1.207194104791e-01 7.997488230467e-02 1.173161193728e-01 1.008108779788e-01 1.251848638058e-01 2.207168787718e-01 1.810645908117e-01 1.218925043941e-01 1.233279556036e-01 1.207376867533e-01 1.244967877865e-01 1.175326704979e-01 1.041039377451e-01 8.524042367935e-02 5.660393834114e-02 5.753738805652e-02 5.689869076014e-02 5.303287133574e-02 4.557025060058e-02 8.398735523224e-02 1.191422641277e-01 1.131661459804e-01 7.569733262062e-02 4.046276584268e-02 1.877579465508e-02 2.798295766115e-02 2.188962884247e-02 1.728539727628e-02 3.162272274494e-02 2.569835819304e-02 3.972891718149e-02 4.727732762694e-02 2.435813471675e-02 1.340912375599e-02 1.444343104959e-02 1.624468341470e-02
1.355817168951e-01 8.325128257275e-02 1.078914478421e-01 1.171367242932e-01 1.566997170448e-01 1.407611072063e-01 1.162079125643e-01 1.291281431913e-01 9.412559121847e-02 1.316654831171e-01 9.783627092838e-02 1.395251154900e-01 2.438681423664e-01 1.952510923147e-01 1.374369412661e-01 1.317645758390e-01 1.308906227350e-01 1.242394521832e-01 1.075444892049e-01 9.016184508801e-02 6.999932229519e-02 6.047442927957e-02 6.745737791061e-02 6.172318756580e-02 5.488437414169e-02 8.822806924582e-02 1.302205324173e-01 1.217194721103e-01 7.901994884014e-02 4.134170338511e-02 2.599629200995e-02 2.271478064358e-02 3.272075578570e-02 2.305153384805e-02 2.641656249762e-02 3.384294733405e-02 2.238148078322e-02 3.841648995876e-02 4.888851568103e-02 2.734393067658e-02 1.407565269619e-02 1.040720473975e-02 1.170835364610e-02
1.802486777306e-01 9.024137258530e-02 1.048358529806e-01 1.135582774878e-01 1.420086473227e-01 1.450410038233e-01 1.271537989378e-01 1.386807560921e-01 1.110264807940e-01 1.433815956116e-01 1.044198721647e-01 1.562518030405e-01 2.691074907780e-01 2.092961221933e-01 1.508694589138e-01 1.356723159552e-01 1.353622972965e-01 1.177345588803e-01 9.233077615499e-02 7.284297794104e-02 6.552304327488e-02 6.244728714228e-02 8.442554622889e-02 6.197941303253e-02 8.927995711565e-02 1.390241980553e-01 1.337922513485e-01 8.360378444195e-02 4.238086193800e-02 3.643915802240e-02 4.011504352093e-02 2.957955002785e-02 3.203188627958e-02 2.336313202977e-02 3.398830443621e-02 2.813244238496e-02 2.726255729795e-02 3.656335175037e-02 4.914803802967e-02 2.998874895275e-02 1.646422594786e-02 1.035255286843e-02 1.053300406784e-02
1.965465992689e-01 1.044511944056e-01 1.113366112113e-01 1.189764589071e-01 1.277720928192e-01 1.477144062519e-01 1.399156451225e-01 1.476958543062e-01 1.325193047523e-01 1.517962962389e-01 1.142963618040e-01 1.741518974304e-01 2.911733388901e-01 2.198092639446e-01 1.618597507477e-01 1.450105160475e-01 1.335275173187e-01 1.262480467558e-01 1.019703149796e-01 8.318825066090e-02 6.062380224466e-02 5.909425765276e-02 9.122081845999e-02 8.578765392303e-02 1.454859822989e-01 1.482028365135e-01 9.268619865179e-02 5.660678446293e-02 4.827846959233e-02 3.528274968266e-02 6.293731927872e-02 4.280382394791e-02 2.507430873811e-02 3.092540428042e-02 3.372788801789e-02 1.757834479213e-02 3.600388392806e-02 3.811295703053e-02 4.827289283276e-02 3.214754536748e-02 1.901721954346e-02 1.194411423057e-02 1.127228792757e-02
2.562116682529e-01 1.303478628397e-01 1.184040382504e-01 1.186467111111e-01 1.222299560905e-01 1.489332765341e-01 1.505679488182e-01 1.574773639441e-01 1.530792862177e-01 1.523607373238e-01 1.271556168795e-01 1.964523196220e-01 3.141182363033e-01 2.267735451460e-01 1.657879799604e-01 1.487362384796e-01 1.218757256866e-01 1.143394932151e-01 1.251952648163e-01 9.151607006788e-02 7.021194696426e-02 5.797480046749e-02 8.101243525743e-02 1.481790095568e-01 1.639270931482e-01 1.057417243719e-01 6.520389020443e-02 7.688131928444e-02 6.440272182226e-02 5.756777152419e-02 8.350945264101e-02 4.822239652276e-02 2.894140221179e-02 3.370514512062e-02 2.347341366112e-02 1.771935075521e-02 5.433445796371e-02 5.503643676639e-02 4.692818224430e-02 3.421982377768e-02 2.181846089661e-02 1.436923071742e-02 1.209171302617e-02
2.921971678734e-01 1.947563141584e-01 1.253027170897e-01 1.109023913741e-01 1.442384272814e-01 1.485524624586e-01 1.646898984909e-01 1.690736860037e-01 1.737955510616e-01 1.474578976631e-01 1.320273727179e-01 2.213483154774e-01 3.380188345909e-01 2.311640828848e-01 1.660959720612e-01 2.270313352346e-01 1.219465062022e-01 1.299408525229e-01 1.314983665943e-01 1.131953001022e-01 8.704075962305e-02 7.967675477266e-02 1.472648084164e-01 1.746368557215e-01 1.196590289474e-01 6.903313100338e-02 8.096842467785e-02 9.286899119616e-02 9.151306748390e-02 8.414614200592e-02 8.898302167654e-02 4.180677607656e-02 3.168367594481e-02 2.393935061991e-02 1.864850334823e-02 1.933303661644e-02 8.326981216669e-02 6.571570038795e-02 4.468569159508e-02 3.564595431089e-02 2.453765273094e-02 1.703633368015e-02 1.357966195792e-02
3.016291260719e-01 2.153601199389e-01 1.323279142380e-01 1.131251081824e-01 1.636532992125e-01 1.434724032879e-01 1.804583370686e-01 1.816583126783e-01 1.942688226700e-01 1.439616382122e-01 2.277296483517e-01 3.038697242737e-01 3.588997721672e-01 2.310155928135e-01 2.021711915731e-01 2.910226881504e-01 1.302871555090e-01 1.790264248848e-01 1.777370274067e-01 1.455539017916e-01 1.154678389430e-01 1.474623233080e-01 1.843418776989e-01 1.322302222252e-01 7.946576923132e-02 8.421193808317e-02 1.005691587925e-01 1.126961633563e-01 1.104284971952e-01 1.014883890748e-01 7.646545767784e-02 3.040829859674e-02 2.186322025955e-02 1.994994468987e-02 1.908962428570e-02 3.966016694903e-02 1.149478405714e-01 6.138528883457e-02 4.480206221342e-02 3.599328175187e-02 2.688925154507e-02 1.984465308487e-02 1.301090605557e-02
2.986311316490e-01 1.707016527653e-01 1.877548694611e-01 1.233663856983e-01 1.752048879862e-01 1.363819688559e-01 1.946804821491e-01 1.953918784857e-01 2.086549401283e-01 2.420905679464e-01 2.473112791777e-01 2.851304411888e-01 3.782732784748e-01 2.260689884424e-01 1.553915441036e-01 1.877986341715e-01 1.303933411837e-01 1.776755005121e-01 1.942391544580e-01 1.622628867626e-01 1.539318561554e-01 1.936523169279e-01 1.446363925934e-01 8.846167474985e-02 8.628141880035e-02 8.230534195900e-02 1.012236475945e-01 1.209893822670e-01 1.222664564848e-01 1.092517673969e-01 6.898979097605e-02 2.912930957973e-02 2.805980108678e-02 3.409276902676e-02 3.902506455779e-02 7.999806851149e-02 1.298430860043e-01 4.769390448928e-02 3.849443048239e-02 3.597757592797e-02 2.892795577645e-02 2.279446832836e-02 1.566749066114e-02
3.109299540520e-01 1.679804027081e-01 2.097371965647e-01 1.544049531221e-01 1.865728199482e-01 1.769059598446e-01 2.101119309664e-01 2.086658626795e-01 2.288224846125e-01 1.857545673847e-01 1.795311570168e-01 3.276827633381e-01 3.882901370525e-01 2.129486203194e-01 1.320257186890e-01 1.216995641589e-01 1.459560096264e-01 1.737984716892e-01 1.678371876478e-01 1.622810661793e-01 2.063861489296e-01 1.567594110966e-01 1.030260697007e-01 9.058646857738e-02 8.360698074102e-02 7.116614282131e-02 9.117127209902e-02 1.213205382228e-01 1.304471641779e-01 1.222262606025e-01 8.440662175417e-02 5.132559314370e-02 5.347849428654e-02 5.322699248791e-02 5.783380195498e-02 1.246243491769e-01 1.070340946317e-01 3.400620445609e-02 3.689268231392e-02 3.786166757345e-02 3.522281721234e-02 2.730597741902e-02 1.882547140121e-02
3.031281232834e-01 1.689774990082e-01 1.815320700407e-01 2.020680010319e-01 1.985402703285e-01 2.099074721336e-01 2.254693061113e-01 2.210608869791e-01 2.191387563944e-01 2.108571380377e-01 2.330401390791e-01 3.735965788364e-01 3.888961672783e-01 1.915393471718e-01 1.805494129658e-01 1.833251118660e-01 1.822854876518e-01 1.722109764814e-01 1.775643676519e-01 2.218354791403e-01 1.820819675922e-01 1.313595473766e-01 1.036980897188e-01 7.887175679207e-02 8.008132874966e-02 8.995632082224e-02 9.500572830439e-02 1.218046620488e-01 1.393220424652e-01 1.346230059862e-01 1.005221083760e-01 5.909757316113e-02 5.238297954202e-02 6.132271885872e-02 1.132705062628e-01 1.294520795345e-01 5.763729289174e-02 3.862424567342e-02 4.047353565693e-02 4.125294834375e-02 3.916852176189e-02 3.286392986774e-02 2.288079075515e-02
2.832399010658e-01 1.884696185589e-01 1.969355940819e-01 2.268494069576e-01 2.057353258133e-01 2.454460412264e-01 2.374133318663e-01 2.338481098413e-01 2.088393419981e-01 2.279068380594e-01 2.780330181122e-01 4.067490398884e-01 3.724338412285e-01 1.863388866186e-01 1.689495742321e-01 1.982045322657e-01 2.178847342730e-01 1.899603605270e-01 2.470444589853e-01 2.015932649374e-01 1.101780608296e-01 1.071649342775e-01 8.599839359522e-02 8.735127002001e-02 8.525178581476e-02 1.035170927644e-01 1.116364374757e-01 1.227406635880e-01 1.473235785961e-01 1.477554142475e-01 1.151269897819e-01 5.073218792677e-02 7.761837542057e-02 1.201961785555e-01 1.300793886185e-01 7.592982053757e-02 3.401526436210e-02 3.455742448568e-02 3.464677184820e-02 3.543149307370e-02 3.551571071148e-02 3.303148597479e-02 2.649713493884e-02
2.610258460045e-01 2.095805406570e-01 2.014205902815e-01 2.859173119068e-01 2.136617600918e-01 2.627217471600e-01 2.460536211729e-01 2.746800482273e-01 3.571266531944e-01 3.115498125553e-01 3.232309818268e-01 4.284362792969e-01 3.343972265720e-01 1.756131649017e-01 2.099087685347e-01 1.962129175663e-01 3.149255514145e-01 2.841665744781e-01 2.309997528791e-01 1.457905620337e-01 1.089864373207e-01 9.924287348986e-02 8.388012647629e-02 6.861062347889e-02 8.043138682842e-02 1.124811619520e-01 1.413257867098e-01 1.243621185422e-01 1.541383415461e-01 1.615433692932e-01 1.313050985336e-01 1.048898845911e-01 1.328644752502e-01 1.227224618196e-01 7.007643580437e-02 3.372531011701e-02 3.180408850312e-02 2.973399497569e-02 2.759439311922e-02 2.806846611202e-02 3.312909230590e-02 3.284461051226e-02 2.907261811197e-02
3.210421502590e-01 2.299351543188e-01 2.706964612007e-01 3.551868796349e-01 2.830942273140e-01 3.195574581623e-01 2.977611422539e-01 4.102516472340e-01 4.980047941208e-01 2.957203686237e-01 3.777338564396e-01 4.328720271587e-01 2.747567892075e-01 2.742901742458e-01 2.104104459286e-01 1.725569218397e-01 3.668862283230e-01 3.143709003925e-01 1.725598573685e-01 1.192335560918e-01 8.200366795063e-02 7.335232198238e-02 7.434961944818e-02 9.986619651318e-02 1.125045269728e-01 1.066237092018e-01 1.384124755859e-01 1.379125416279e-01 1.744710654020e-01 1.724080592394e-01 1.368803381920e-01 1.345873326063e-01 1.007477790117e-01 4.941011220217e-02 2.366130053997e-02 2.426589280367e-02 1.837898977101e-02 1.592221297324e-02 1.773203536868e-02 2.475454658270e-02 3.198494017124e-02 3.639036044478e-02 3.788977861404e-02
2.372237592936e-01 4.063225984573e-01 2.714202702045e-01 4.028519093990e-01 3.846856057644e-01 4.433523714542e-01 5.558049082756e-01 4.302039742470e-01 4.092930257320e-01 3.510158956051e-01 4.358844757080e-01 4.012940227985e-01 2.457303851843e-01 2.314054071903e-01 2.313824743032e-01 1.588393896818e-01 3.414780497551e-01 2.850919365883e-01 1.504834890366e-01 1.197797954082e-01 7.902107387781e-02 1.072256565094e-01 1.172561720014e-01 1.141116470098e-01 1.036299094558e-01 9.132149815559e-02 1.203077062964e-01 1.712691783905e-01 1.816254258156e-01 1.516788303852e-01 1.073929294944e-01 6.092969328165e-02 4.024319350719e-02 3.460191562772e-02 3.431334346533e-02 3.134351223707e-02 3.705361858010e-02 4.301287606359e-02 4.505511000752e-02 4.329470172524e-02 3.793533518910e-02 3.655596449971e-02 3.523925319314e-02
