VariationalSeries/SI/f143_max.grd
DSAA
101	101
32.816463539100	34.260883539100
35.556306596100	36.727886596100
1.381357200444e-03	3.983819961548e+01
[rows 76 to 94 of 101, columns 0 to 42 of 101]
5.973450373858e-03 9.818470105529e-03 1.335482671857e-02 1.581290923059e-02 1.699614524841e-02 1.711389422417e-02 1.654799096286e-02 1.744924858212e-02 1.849929057062e-02 1.911333948374e-02 1.934173330665e-02 1.930686086416e-02 1.907706260681e-02 1.243196148425e-02 1.757714152336e-02 1.703289896250e-02 1.716177910566e-02 1.699449867010e-02 1.665394566953e-02 8.996272459626e-03 1.038097310811e-02 1.082657370716e-02 1.983400434256e-02 2.154706977308e-02 2.283228561282e-02 2.258291095495e-02 2.186527475715e-02 2.017172798514e-02 2.242273278534e-02 2.373731508851e-02 2.287115342915e-02 2.399335987866e-02 2.738780342042e-02 3.014937229455e-02 3.086226806045e-02 2.968211844563e-02 1.030741259456e-02 9.249852038920e-03 4.752182587981e-02 5.389315634966e-02 6.613685935736e-02 6.472660601139e-02 1.032467260957e-01
7.058113813400e-03 1.141215953976e-02 1.514740753919e-02 1.747302711010e-02 1.840497553349e-02 1.832238398492e-02 1.761073619127e-02 1.655263453722e-02 1.727910712361e-02 1.785711199045e-02 1.802709884942e-02 1.790298521519e-02 1.757027953863e-02 1.697080954909e-02 1.643860712647e-02 1.701897196472e-02 1.713487692177e-02 1.685634255409e-02 1.111071463674e-02 7.626187987626e-03 1.424895320088e-02 1.626409590244e-02 1.991903223097e-02 2.309140935540e-02 2.465416491032e-02 2.432622201741e-02 2.267155610025e-02 2.345476672053e-02 2.605154365301e-02 2.637042105198e-02 2.460187114775e-02 2.552602626383e-02 2.874611504376e-02 3.096000477672e-02 3.110914677382e-02 2.994339726865e-02 3.537999093533e-02 3.664247319102e-02 4.619374126196e-02 6.473053246737e-02 8.120188862085e-02 9.025090932846e-02 2.947890162468e-01
7.514464203268e-03 1.198720932007e-02 1.561402156949e-02 1.767006516457e-02 1.833021268249e-02 1.803288795054e-02 1.712622307241e-02 1.585392653942e-02 1.441006083041e-02 1.446265261620e-02 1.458600815386e-02 1.445446629077e-02 1.459242682904e-02 1.553084980696e-02 1.641541719437e-02 1.699077337980e-02 1.707812957466e-02 1.666014455259e-02 1.507281698287e-02 7.084511686116e-03 1.362292747945e-02 1.608783937991e-02 1.900672167540e-02 2.254460193217e-02 2.501946873963e-02 2.556008473039e-02 2.614954672754e-02 2.836498804390e-02 2.899854071438e-02 2.834597602487e-02 2.648434787989e-02 2.899290248752e-02 3.221440687776e-02 3.393707424402e-02 3.357412293553e-02 3.247068822384e-02 3.487632796168e-02 4.339206591249e-02 4.731040075421e-02 7.949204742908e-02 9.268060326576e-02 8.590572327375e-02 1.612444818020e-01
6.785131059587e-03 1.072472985834e-02 1.382631435990e-02 1.549018453807e-02 1.591346599162e-02 1.547760330141e-02 1.447316072881e-02 1.312437281013e-02 5.878225900233e-03 4.920286126435e-03 1.210243627429e-02 1.391910668463e-02 1.488189585507e-02 1.581198349595e-02 1.665857993066e-02 1.718918420374e-02 9.067246690392e-03 1.657947339118e-02 1.549246162176e-02 1.456707343459e-02 2.027552388608e-02 2.671088650823e-02 3.258258476853e-02 2.778859809041e-02 2.366683445871e-02 2.703053504229e-02 3.222869336605e-02 3.246150910854e-02 3.136665001512e-02 3.067560866475e-02 3.148136287928e-02 3.390296921134e-02 3.636806830764e-02 3.722415119410e-02 3.635329008102e-02 3.534114360809e-02 3.549643605947e-02 4.497929662466e-02 6.006097048521e-02 8.182647079229e-02 9.168648719788e-02 1.024328395724e-01 1.849035918713e-01
5.271840374917e-03 8.290683850646e-03 1.067416742444e-02 1.196503546089e-02 1.228225976229e-02 1.188030000776e-02 1.166466157883e-02 1.185776200145e-02 8.099781349301e-03 2.924987347797e-03 1.145861390978e-02 1.486319210380e-02 1.588715799153e-02 1.683472841978e-02 1.762502826750e-02 1.803066022694e-02 1.782408542931e-02 1.689573563635e-02 1.544901728630e-02 1.915127225220e-02 2.843885123730e-02 3.971498087049e-02 5.002776905894e-02 3.990841284394e-02 4.177231714129e-02 5.091400444508e-02 4.785582795739e-02 5.451240390539e-02 5.291084945202e-02 4.578514769673e-02 3.981561586261e-02 3.788819536567e-02 3.793493658304e-02 3.758043423295e-02 3.637877479196e-02 3.518305346370e-02 3.525727614760e-02 5.290806666017e-02 7.466842979193e-02 8.749791234732e-02 8.336087316275e-02 1.118164137006e-01 9.387926757336e-02
7.140722125769e-03 1.041513215750e-02 1.279403828084e-02 1.408277638257e-02 9.114159271121e-03 1.308607775718e-02 1.482635922730e-02 1.494266930968e-02 1.401535607874e-02 3.807696048170e-03 4.454376641661e-03 1.653299666941e-02 1.768156886101e-02 1.867316290736e-02 1.936649344862e-02 1.952845789492e-02 1.896058768034e-02 1.760902628303e-02 1.911253295839e-02 2.238983474672e-02 3.399632126093e-02 4.833875969052e-02 6.087655201554e-02 4.338825121522e-02 2.168881334364e-02 1.564454436302e-01 1.489298790693e-01 9.129934757948e-02 9.014518558979e-02 7.143704593182e-02 5.138785764575e-02 4.021816700697e-02 3.605185449123e-02 3.441835939884e-02 3.293076902628e-02 3.405514359474e-02 4.532512649894e-02 6.436599045992e-02 7.833942025900e-02 7.485786825418e-02 8.059137314558e-02 1.092511191964e-01 1.506732702255e-01
9.966029785573e-03 1.443990506232e-02 1.758261024952e-02 1.910523138940e-02 6.600529421121e-03 3.716715378687e-03 1.820708252490e-02 1.850914396346e-02 6.649656221271e-03 1.691797561944e-02 1.653738692403e-02 1.798238232732e-02 1.923716813326e-02 2.022060193121e-02 2.106116525829e-02 2.216975949705e-02 2.240255475044e-02 2.193971723318e-02 2.278407849371e-02 2.698649279773e-02 4.022288694978e-02 5.362891778350e-02 5.877308920026e-02 8.394324034452e-02 1.533677726984e-01 3.727807402611e-01 4.063306152821e-01 2.055641561747e-01 1.294688135386e-01 1.010120436549e-01 6.583472341299e-02 4.376501590014e-02 3.470956906676e-02 3.694820404053e-02 4.455270990729e-02 4.674180597067e-02 5.359354242682e-02 6.364791095257e-02 9.253391623497e-02 1.379416435957e-01 9.121697396040e-02 9.892338514328e-02 1.896367222071e-01
1.239167246968e-02 1.770912110806e-02 2.120917290449e-02 2.258473075926e-02 5.013579968363e-03 2.101832255721e-02 2.082154527307e-02 2.091764286160e-02 8.496117778122e-03 1.053723692894e-02 2.100125327706e-02 2.322145923972e-02 2.569775283337e-02 2.760380692780e-02 2.886901237071e-02 2.925074659288e-02 2.871241234243e-02 2.693285979331e-02 2.634099498391e-02 3.315899521112e-02 4.764366149902e-02 5.705939605832e-02 5.000923573971e-02 1.443742364645e-01 3.455077707767e-01 5.839473605156e-01 1.050555706024e+00 2.448441833258e-01 1.442287713289e-01 1.185272783041e-01 7.951728254557e-02 5.194270238280e-02 3.962107747793e-02 5.289851874113e-02 6.374057382345e-02 6.335534900427e-02 5.425784364343e-02 5.572118610144e-02 7.804536819458e-02 1.692689210176e-01 1.687322705984e-01 1.505030244589e-01 2.756849825382e-01
7.329334504902e-03 5.467263516039e-03 1.486628316343e-02 6.236603949219e-03 2.147092483938e-02 2.298920974135e-02 2.544377557933e-02 2.707961574197e-02 1.716285385191e-02 1.249313913286e-02 2.707316912711e-02 3.114574775100e-02 3.467326238751e-02 3.776812180877e-02 4.071411117911e-02 4.349026456475e-02 4.532450437546e-02 4.443326592445e-02 4.771872609854e-02 4.168986901641e-02 5.675801262259e-02 5.966655910015e-02 4.816728085279e-02 1.700586229563e-01 3.627827167511e-01 4.546529054642e-01 4.026009738445e-01 1.483357399702e-01 1.242671757936e-01 1.141263246536e-01 8.771229535341e-02 6.579883396626e-02 8.475885540247e-02 4.718146845698e-02 8.079384267330e-02 7.674703747034e-02 7.272098213434e-02 7.154813408852e-02 8.017542958260e-02 1.111116111279e-01 1.463188827038e-01 1.906053721905e-01 3.878829181194e-01
1.087252888829e-02 1.594943553209e-02 1.942121237516e-02 2.180845290422e-02 3.001625277102e-02 3.153707832098e-02 3.241522237659e-02 3.247251734138e-02 3.132440522313e-02 2.909401990473e-02 2.726512588561e-02 3.176596760750e-02 3.598416224122e-02 4.003984108567e-02 4.446550086141e-02 4.979522898793e-02 8.776605129242e-02 5.702389404178e-02 8.632259815931e-02 4.442387446761e-02 5.570081993937e-02 5.547459796071e-02 6.668684631586e-02 1.297505944967e-01 2.461327165365e-01 2.703532874584e-01 1.814116239548e-01 8.404686301947e-02 8.628491312265e-02 9.242397546768e-02 8.611584454775e-02 3.323168158531e-01 2.158635407686e-01 2.065702825785e-01 1.229872778058e-01 1.646042019129e-01 1.481547206640e-01 9.322251379490e-02 1.094202771783e-01 1.357478201389e-01 1.638129204512e-01 1.931592375040e-01 8.868734836578e-01
2.593695744872e-02 4.005568847060e-02 4.868515208364e-02 5.104261636734e-02 4.963815584779e-02 4.647564888000e-02 4.276391491294e-02 3.897441178560e-02 3.487462177873e-02 3.042217902839e-02 2.637931890786e-02 2.796513400972e-02 3.249291703105e-02 3.677069023252e-02 4.103533178568e-02 4.608570039272e-02 5.125316232443e-02 6.708598881960e-02 8.679337054491e-02 8.708313107491e-02 8.707905560732e-02 8.331605792046e-02 7.747266441584e-02 9.268597513437e-02 9.081878513098e-02 8.896521478891e-02 5.772637948394e-02 4.150960594416e-02 5.127805471420e-02 6.458806991577e-02 7.261174917221e-02 4.330266416073e-01 2.890959978104e-01 1.150582060218e-01 1.925318688154e-01 3.165340125561e-01 3.427617847919e-01 1.748331487179e-01 2.122372239828e-01 1.907610297203e-01 1.872631013393e-01 1.770424395800e-01 7.408446669579e-01
4.493360593915e-02 6.846223771572e-02 8.078195154667e-02 8.059058338404e-02 7.321580499411e-02 6.312542408705e-02 5.307121202350e-02 4.439733177423e-02 3.887000679970e-02 3.988726064563e-02 3.996666893363e-02 3.994499519467e-02 3.974350169301e-02 4.575632512569e-02 5.003937333822e-02 5.393435433507e-02 5.721610039473e-02 5.872689560056e-02 6.233143806458e-02 7.114699482918e-02 7.365745306015e-02 5.666996911168e-02 6.602559983730e-02 7.240602374077e-02 6.389543414116e-02 4.260548949242e-02 3.023881465197e-02 2.444993332028e-02 2.858038619161e-02 4.052222147584e-02 5.174824967980e-02 1.039233356714e-01 2.167847752571e-01 2.711134850979e-01 2.869042158127e-01 5.093123763800e-02 2.970139980316e-01 2.936789095402e-01 4.994679689407e-01 4.211585819721e-01 1.174893230200e-01 2.294621020555e-01 7.298316359520e-01
5.226784944534e-02 7.885185629129e-02 9.140784293413e-02 8.871614187956e-02 7.766931504011e-02 6.394147127867e-02 5.237914249301e-02 5.564171820879e-02 5.870759487152e-02 6.011607870460e-02 5.742493271828e-02 5.028972029686e-02 4.774250835180e-02 5.464034900069e-02 5.915533378720e-02 6.033695861697e-02 5.615315958858e-02 4.582148790359e-02 4.759535565972e-02 4.606484994292e-02 3.688565641642e-02 3.665168210864e-02 4.062975570560e-02 4.063776880503e-02 3.362126648426e-02 2.299998141825e-02 1.781369000673e-02 1.539666298777e-02 1.836349256337e-02 2.479507029057e-02 4.151926934719e-02 9.805671870708e-02 1.258961856365e-01 1.740857660770e-01 1.559707522392e-01 5.658827424049e-01 4.984740912914e-01 2.569294273853e-01 5.435540676117e-01 8.346297144890e-01 2.186269462109e-01 5.846517086029e-01 3.605797886848e-01
3.873497992754e-02 5.788148939610e-02 6.627442687750e-02 6.324906647205e-02 5.419929698110e-02 4.810423403978e-02 5.242251232266e-02 5.559632554650e-02 5.845865234733e-02 5.960188806057e-02 5.665641278028e-02 4.921839758754e-02 3.983385860920e-02 3.195527195930e-02 2.840043231845e-02 2.883539907634e-02 2.767245844007e-02 3.910871595144e-02 4.541895538568e-02 4.274489358068e-02 3.399515524507e-02 2.440712600946e-02 2.341550402343e-02 2.410427667201e-02 2.099453657866e-02 1.645687222481e-02 1.661321520805e-02 1.737791113555e-02 2.334947325289e-02 3.471835330129e-02 4.564337432384e-02 8.179091662169e-02 8.603152632713e-02 7.498490065336e-02 6.853557378054e-02 7.968209683895e-02 4.825507402420e-01 2.785554528236e-01 3.958091437817e-01 8.183521628380e-01 2.641999244690e+00 3.055312931538e-01 1.270401477814e-01
1.821756176651e-02 1.199966203421e-02 3.055633231997e-02 2.985475584865e-02 3.111646510661e-02 9.378289803863e-03 3.211930394173e-02 3.632871434093e-02 3.742457181215e-02 3.758653998375e-02 3.556127101183e-02 3.108745440841e-02 2.555767074227e-02 2.047999016941e-02 7.073963992298e-03 2.162159793079e-02 3.754235804081e-02 4.799120873213e-02 4.533099755645e-02 3.400715440512e-02 2.173224091530e-02 2.257420308888e-02 3.783933818340e-02 4.019226506352e-02 2.792593464255e-02 1.857914030552e-02 1.995533704758e-02 2.208797074854e-02 2.849347516894e-02 4.054659232497e-02 5.426743999124e-02 7.240416109562e-02 7.104622572660e-02 6.568232923746e-02 5.975992605090e-02 6.547267735004e-02 1.093858256936e-01 2.468714118004e-01 2.953713834286e-01 2.705196738243e-01 6.291521340609e-02 9.729912132025e-02 1.049698591232e-01
1.147403195500e-02 8.639582432806e-03 2.109535783529e-02 2.386293932796e-02 1.700341328979e-02 8.998974226415e-03 2.264461107552e-02 2.386690489948e-02 2.282063849270e-02 2.165474742651e-02 2.039298973978e-02 1.909634843469e-02 1.785951852798e-02 1.787664368749e-02 1.765905693173e-02 2.043078094721e-02 3.481394797564e-02 4.133011028171e-02 3.554682806134e-02 2.464170381427e-02 2.740358747542e-02 5.098243057728e-02 7.613333314657e-02 6.398200243711e-02 3.314599767327e-02 2.245294116437e-02 2.505382150412e-02 3.065370023251e-02 4.185754805803e-02 5.207919329405e-02 7.675903290510e-02 7.937161624432e-02 6.062657013535e-02 5.816822126508e-02 5.081987008452e-02 4.685715958476e-02 8.297421783209e-02 1.879574358463e-01 3.629326522350e-01 6.256783008575e-01 1.289528161287e-01 1.021605804563e-01 8.235327154398e-02
1.096602063626e-02 1.578881591558e-02 1.977089047432e-02 1.710176095366e-02 1.854927279055e-02 2.006899006665e-02 2.384771406651e-02 2.577396109700e-02 2.764225937426e-02 2.821710892022e-02 3.131181001663e-02 3.306953608990e-02 3.463366255164e-02 3.576147928834e-02 3.623694553971e-02 3.598817437887e-02 3.507969155908e-02 3.493182733655e-02 3.713602200150e-02 4.092448577285e-02 7.188789546490e-02 1.013458222151e-01 1.051152423024e-01 6.911540031433e-02 2.792922966182e-02 2.690557762980e-02 5.561142787337e-02 5.113077536225e-02 3.778404742479e-02 6.854019314051e-02 9.222175925970e-02 7.962528616190e-02 5.622315406799e-02 4.935817793012e-02 4.266745597124e-02 4.309096187353e-02 5.644445121288e-02 1.891709864140e-01 2.998097240925e-01 4.721184074879e-01 2.785126566887e-01 8.400538563728e-02 7.379922270775e-02
7.762745022774e-03 1.115063764155e-02 1.396243646741e-02 1.583775877953e-02 1.687645167112e-02 1.736762933433e-02 1.879383251071e-02 2.059293538332e-02 2.191503345966e-02 2.297757379711e-02 2.667032741010e-02 2.880296669900e-02 3.083957545459e-02 3.252138197422e-02 3.355238586664e-02 3.373750671744e-02 3.307250142097e-02 3.293522447348e-02 3.491855785251e-02 5.677865073085e-02 9.480196237564e-02 1.262350827456e-01 1.225263699889e-01 7.468763738871e-02 2.831449359655e-02 4.568314179778e-02 6.431758403778e-02 3.572078049183e-02 3.816713020205e-02 7.201288640499e-02 9.629227966070e-02 8.144832402468e-02 8.258172124624e-02 5.682059377432e-02 4.061327129602e-02 4.359849169850e-02 8.821415156126e-02 3.353222310543e-01 2.199343740940e-01 1.809990406036e-01 1.202174276114e-01 7.684155553579e-02 3.240180760622e-02
5.156926810741e-03 7.401939947158e-03 9.298368357122e-03 1.061140839010e-02 1.193138584495e-02 1.350219454616e-02 1.512550283223e-02 1.694407686591e-02 1.868295483291e-02 2.115900069475e-02 2.345266751945e-02 2.582383155823e-02 2.812968380749e-02 3.009359166026e-02 3.136859461665e-02 3.169953450561e-02 3.107523173094e-02 3.083953075111e-02 3.588014841080e-02 6.857977062464e-02 1.086822822690e-01 1.377459466457e-01 1.275263577700e-01 7.345309108496e-02 2.723974548280e-02 5.085615068674e-02 5.321539565921e-02 3.448310121894e-02 3.226390480995e-02 6.453669816256e-02 8.943581581116e-02 1.012836843729e-01 1.051800996065e-01 7.111515849829e-02 5.293598771095e-02 4.470188543200e-02 6.594936549664e-02 2.258041650057e-01 6.461140513420e-02 9.565610438585e-02 1.091529056430e-01 5.858314409852e-02 3.819478675723e-02
