VariationalSeries/SI/f146.grd
DSAA
101	101
32.816463539100	34.260883539100
35.556306596100	36.727886596100
6.910631054780e-05	1.119834327698e+01
[rows 0 to 18 of 101, columns 0 to 42 of 101]
1.045922469348e-02 1.869352534413e-02 1.656298525631e-02 9.912752546370e-03 8.264449425042e-03 1.085730921477e-02 2.163310535252e-02 3.016169555485e-02 2.698139101267e-02 1.611775532365e-02 1.020182110369e-02 1.172306388617e-02 1.244304515421e-02 1.201202999800e-02 1.029906980693e-02 1.566427014768e-02 2.353539876640e-02 2.723035402596e-02 1.939334534109e-02 1.267104223371e-02 1.437012851238e-02 1.536133792251e-02 1.140016596764e-02 1.022692397237e-02 1.082228403538e-02 1.479219365865e-02 2.156168036163e-02 2.462800778449e-02 3.201035410166e-02 2.550376020372e-02 1.967705599964e-02 1.849444210529e-02 1.605361886322e-02 1.274133287370e-02 1.033472735435e-02 1.000773813576e-02 9.201581589878e-03 1.248057372868e-02 1.751510985196e-02 2.009016834199e-02 1.682787761092e-02 1.423092279583e-02 1.355227176100e-02
1.935700140893e-02 3.652701154351e-02 3.582173958421e-02 2.501694299281e-02 1.763057522476e-02 2.099134959280e-02 4.162939637899e-02 5.757696181536e-02 5.095238983631e-02 2.970204688609e-02 1.751455664635e-02 2.002675086260e-02 2.114737406373e-02 2.013084106147e-02 1.753227785230e-02 2.329321391881e-02 3.707621619105e-02 4.851586371660e-02 4.378890991211e-02 2.609405294061e-02 2.620749734342e-02 4.012571647763e-02 2.108249254525e-02 1.888984814286e-02 2.231661975384e-02 2.889863401651e-02 3.614245355129e-02 4.126406461000e-02 6.086907163262e-02 4.738216474652e-02 3.198160603642e-02 2.898927032948e-02 2.687561511993e-02 2.184312418103e-02 2.349244616926e-02 2.456000261009e-02 2.469210885465e-02 2.775074541569e-02 3.490675240755e-02 3.513171151280e-02 2.599507384002e-02 2.566788159311e-02 2.803640253842e-02
1.892841048539e-02 3.885148465633e-02 4.354252666235e-02 3.729115054011e-02 2.396888844669e-02 2.422737143934e-02 4.815967753530e-02 6.544107198715e-02 5.608640611172e-02 3.074973821640e-02 2.211406268179e-02 2.492898888886e-02 2.575502172112e-02 2.382951602340e-02 1.962171494961e-02 1.885811798275e-02 2.434097602963e-02 3.635611757636e-02 4.156172648072e-02 3.377728536725e-02 4.136106744409e-02 6.204283982515e-02 2.714120410383e-02 2.339629828930e-02 2.967356890440e-02 3.591709211469e-02 3.728591278195e-02 3.743625432253e-02 7.093357294798e-02 5.313463509083e-02 3.098573908210e-02 2.657428011298e-02 3.677928820252e-02 1.956445910037e-02 2.210603468120e-02 2.538248337805e-02 3.184331208467e-02 4.034620895982e-02 4.219206050038e-02 3.495989739895e-02 3.575208410621e-02 2.381151169538e-02 3.142859786749e-02
1.681797206402e-02 3.703245520592e-02 4.405678063631e-02 4.502934589982e-02 3.619455173612e-02 2.479911595583e-02 5.032266676426e-02 6.693429499865e-02 5.418181419373e-02 2.639920637012e-02 2.446583658457e-02 2.700706757605e-02 2.689146623015e-02 2.392594330013e-02 1.902527734637e-02 1.925037056208e-02 1.836841180921e-02 2.110295183957e-02 2.746240235865e-02 3.124518133700e-02 6.938493251801e-02 7.896958291531e-02 3.032628819346e-02 2.569035068154e-02 3.272562846541e-02 3.752383217216e-02 3.589882701635e-02 3.412176668644e-02 7.104372978210e-02 5.165185779333e-02 2.617207355797e-02 2.125416882336e-02 4.239358007908e-02 2.252878062427e-02 2.477067708969e-02 3.503455221653e-02 4.335148632526e-02 4.518078267574e-02 3.824665024877e-02 4.423458501697e-02 4.316611588001e-02 2.645189315081e-02 2.881377562881e-02
1.644887961447e-02 3.542505949736e-02 4.194673895836e-02 4.627929255366e-02 4.428651183844e-02 3.130015358329e-02 5.133283883333e-02 6.684213131666e-02 5.076818168163e-02 2.239055745304e-02 2.622997388244e-02 2.792343124747e-02 2.689207904041e-02 2.676425315440e-02 2.456084266305e-02 2.072454430163e-02 2.029245160520e-02 2.012436836958e-02 2.829730138183e-02 5.740347132087e-02 9.646042436361e-02 8.676507323980e-02 3.253841027617e-02 3.664457425475e-02 3.273711353540e-02 3.665586933494e-02 3.288259357214e-02 3.395345807076e-02 6.723707169294e-02 4.864809289575e-02 3.092719241977e-02 2.416682429612e-02 4.519861191511e-02 2.774374373257e-02 3.893472626805e-02 4.661083593965e-02 4.712726920843e-02 3.978770598769e-02 2.739728428423e-02 4.539460688829e-02 5.269188061357e-02 3.533713519573e-02 2.286398038268e-02
1.533448603004e-02 3.089225105941e-02 3.734041005373e-02 4.075330123305e-02 4.521583393216e-02 3.764518722892e-02 5.127022042871e-02 6.465991586447e-02 4.572978615761e-02 2.485472150147e-02 2.784471586347e-02 3.042979910970e-02 3.243402019143e-02 3.137936070561e-02 2.821489982307e-02 2.294361218810e-02 1.865909993649e-02 2.119406498969e-02 4.508227482438e-02 8.186775445938e-02 1.122478023171e-01 8.570766448975e-02 3.690848872066e-02 5.579648539424e-02 3.430392965674e-02 3.436530753970e-02 2.944707870483e-02 3.671504557133e-02 6.013545021415e-02 4.861816763878e-02 3.125693649054e-02 2.660381980240e-02 5.241505056620e-02 4.154201596975e-02 4.930808767676e-02 4.875153303146e-02 4.047133773565e-02 2.799423225224e-02 3.082839585841e-02 4.276767745614e-02 6.452830880880e-02 4.104734212160e-02 2.225078828633e-02
1.931265927851e-02 3.430438786745e-02 3.169722855091e-02 3.136730194092e-02 3.902245685458e-02 3.780471906066e-02 5.044099688530e-02 6.176723167300e-02 4.101331532001e-02 2.739786542952e-02 3.061929345131e-02 3.485009074211e-02 3.530617430806e-02 3.281708434224e-02 2.790858037770e-02 2.637022547424e-02 2.500553242862e-02 3.121007606387e-02 6.088797003031e-02 9.785185009241e-02 1.162488237023e-01 7.827642560005e-02 4.884986579418e-02 7.072322070599e-02 4.970052465796e-02 3.128168359399e-02 2.894790284336e-02 6.830994784832e-02 9.578254818916e-02 6.191918998957e-02 3.466656059027e-02 2.942476421595e-02 5.756050348282e-02 4.869804158807e-02 4.869738221169e-02 4.044152796268e-02 2.819717302918e-02 3.089261054993e-02 4.474259912968e-02 5.646786466241e-02 6.626329571009e-02 4.860453680158e-02 2.210818976164e-02
1.958975568414e-02 3.918746858835e-02 4.049043729901e-02 2.930578403175e-02 2.799666300416e-02 3.163770958781e-02 4.971684888005e-02 6.035907939076e-02 3.817657381296e-02 2.960499376059e-02 3.459036722779e-02 3.691894188523e-02 3.568617254496e-02 3.146027401090e-02 2.947061508894e-02 3.340847790241e-02 3.723185509443e-02 4.122712835670e-02 7.468548417091e-02 1.061921641231e-01 1.140986308455e-01 7.034660130739e-02 5.299657583237e-02 7.776475697756e-02 6.045031175017e-02 3.849557787180e-02 2.764457836747e-02 1.039418205619e-01 1.343360841274e-01 7.258309423923e-02 3.788338974118e-02 3.552146628499e-02 5.684811621904e-02 4.470346868038e-02 4.132524877787e-02 2.932928875089e-02 2.956465259194e-02 4.402408376336e-02 5.814879015088e-02 6.422609835863e-02 5.826221406460e-02 6.083133071661e-02 2.552657760680e-02
1.693804748356e-02 3.703501820564e-02 4.605327174067e-02 4.191837832332e-02 2.784745953977e-02 2.740502543747e-02 4.915684461594e-02 5.980888754129e-02 3.672939166427e-02 3.296766057611e-02 3.668524697423e-02 3.703090921044e-02 3.387837857008e-02 2.908781357110e-02 3.068057075143e-02 3.552115708590e-02 4.818005859852e-02 4.951689019799e-02 8.246927708387e-02 1.045972853899e-01 1.035378947854e-01 6.103898957372e-02 5.405315756798e-02 7.435629516840e-02 6.521941721439e-02 4.445610940456e-02 3.488811478019e-02 1.341598927975e-01 1.568665951490e-01 7.994905114174e-02 4.142080992460e-02 3.386066854000e-02 5.767033249140e-02 3.849952667952e-02 4.536706209183e-02 4.551929235458e-02 4.411726444960e-02 5.915895104408e-02 6.805402040482e-02 6.433801352978e-02 4.726718738675e-02 7.550142705441e-02 2.998881787062e-02
1.712598092854e-02 3.074811026454e-02 4.340086877346e-02 4.916328191757e-02 4.193468764424e-02 2.710343338549e-02 4.926107823849e-02 5.969341099262e-02 3.587389364839e-02 3.489330410957e-02 3.679034858942e-02 3.520348668098e-02 3.837170824409e-02 4.177376255393e-02 4.366994649172e-02 4.425952211022e-02 5.230847746134e-02 5.739270523190e-02 8.494975417852e-02 9.703961759806e-02 8.970287442207e-02 5.200962722301e-02 4.882051423192e-02 6.498966366053e-02 6.300305575132e-02 4.568907245994e-02 3.772332891822e-02 1.522873491049e-01 1.666450202465e-01 8.281043171883e-02 3.631883859634e-02 2.949975989759e-02 6.250051409006e-02 3.821374103427e-02 4.644865915179e-02 4.743676260114e-02 6.130073964596e-02 7.059991359711e-02 6.908395886421e-02 5.533955991268e-02 3.944181278348e-02 8.201900124550e-02 4.159039631486e-02
1.719356141984e-02 3.445065766573e-02 3.577072545886e-02 4.701218381524e-02 5.144966393709e-02 4.137671738863e-02 4.881211742759e-02 5.872664228082e-02 3.468319028616e-02 3.524940460920e-02 3.861803188920e-02 4.521603137255e-02 5.012555047870e-02 5.282592028379e-02 5.405298992991e-02 5.449095740914e-02 5.388496816158e-02 7.109329104424e-02 9.969893097878e-02 1.056766957045e-01 8.882747590542e-02 6.565969437361e-02 4.610092192888e-02 5.543319880962e-02 5.683743953705e-02 4.070132970810e-02 4.369144141674e-02 1.607029139996e-01 1.705313324928e-01 8.108299970627e-02 3.497442230582e-02 3.325052559376e-02 6.123431026936e-02 4.072094708681e-02 5.407639965415e-02 6.559912115335e-02 7.317742705345e-02 7.179189473391e-02 5.955849215388e-02 4.594596102834e-02 4.478763416409e-02 7.879693806171e-02 5.411079525948e-02
1.454646885395e-02 3.064223751426e-02 3.669274225831e-02 3.907923772931e-02 5.077875033021e-02 5.353719741106e-02 4.732653498650e-02 5.658153444529e-02 3.436439856887e-02 4.163912683725e-02 4.846775159240e-02 5.401574075222e-02 5.779718235135e-02 5.993448942900e-02 6.062172725797e-02 6.044834479690e-02 5.976285412908e-02 9.459537267685e-02 1.293487101793e-01 1.344576925039e-01 1.158612370491e-01 9.077207744122e-02 6.639968603849e-02 4.704749956727e-02 6.627579033375e-02 6.352932751179e-02 5.375709757209e-02 1.542237699032e-01 1.508796513081e-01 7.376046478748e-02 4.532349854708e-02 5.366120859981e-02 5.792975798249e-02 6.494775414467e-02 7.366617023945e-02 7.698229700327e-02 7.383986562490e-02 6.400438398123e-02 6.095028296113e-02 7.060401886702e-02 5.327017977834e-02 6.735203415155e-02 6.476947665215e-02
1.252908166498e-02 2.383449673653e-02 3.051033802330e-02 3.611661121249e-02 4.290756955743e-02 5.439644306898e-02 5.467696115375e-02 5.351429060102e-02 4.268487170339e-02 4.965483769774e-02 5.462659522891e-02 5.777205899358e-02 5.963283404708e-02 6.063709780574e-02 6.065734103322e-02 6.027552485466e-02 6.020631641150e-02 1.040833443403e-01 1.406650692225e-01 1.436545401812e-01 1.241900920868e-01 1.011023744941e-01 7.899717986584e-02 5.774524435401e-02 8.909218758345e-02 8.615852892399e-02 7.266695797443e-02 1.342778205872e-01 1.183597370982e-01 6.271245330572e-02 7.925674319267e-02 8.947687596083e-02 8.917097002268e-02 8.628495037556e-02 8.376438170671e-02 8.150029182434e-02 7.905236631632e-02 7.501637935638e-02 6.862549483776e-02 9.565644711256e-02 5.943572148681e-02 5.120617896318e-02 8.345272392035e-02
1.552615594119e-02 3.015907108784e-02 2.965558134019e-02 2.774598263204e-02 3.402296453714e-02 4.664201661944e-02 5.818277597427e-02 5.552559345961e-02 4.749768599868e-02 5.279975757003e-02 5.543311312795e-02 5.625236779451e-02 5.580120533705e-02 5.447914451361e-02 5.299495905638e-02 5.265299230814e-02 5.392020568252e-02 9.551525861025e-02 1.265402883291e-01 1.308133155107e-01 1.174332723022e-01 9.952753782272e-02 8.212042599916e-02 6.485120952129e-02 8.799582719803e-02 9.092015773058e-02 8.032336086035e-02 1.098507419229e-01 8.631624281406e-02 6.889317929745e-02 9.302451461554e-02 1.052745878696e-01 1.004892587662e-01 9.048219770193e-02 8.162476122379e-02 7.679226249456e-02 7.253900915384e-02 6.759426742792e-02 6.179278343916e-02 1.011441498995e-01 9.261561185122e-02 5.284612998366e-02 9.477291256189e-02
2.002154290676e-02 4.004769027233e-02 4.023776203394e-02 3.948684036732e-02 3.818040713668e-02 3.627489507198e-02 5.098468437791e-02 6.215283647180e-02 5.496847257018e-02 5.161009728909e-02 5.224989727139e-02 5.107290670276e-02 4.873843863606e-02 4.564133659005e-02 4.294012114406e-02 4.349546134472e-02 4.386738687754e-02 7.541690766811e-02 9.721090644598e-02 1.025316119194e-01 9.592922031879e-02 8.611533045769e-02 7.595978677273e-02 6.507567316294e-02 6.892339885235e-02 7.518474757671e-02 7.347052544355e-02 1.114980429411e-01 6.324554979801e-02 6.985612213612e-02 9.053108096123e-02 1.006042584777e-01 9.634439647198e-02 7.969741523266e-02 5.906549096107e-02 6.077839434147e-02 5.188623815775e-02 5.492684245110e-02 5.350412428379e-02 8.335808664560e-02 1.235597878695e-01 5.356406047940e-02 9.527266770601e-02
2.030994184315e-02 4.127244651318e-02 4.275298863649e-02 4.480599984527e-02 4.636216908693e-02 4.677674546838e-02 4.653664305806e-02 5.581579729915e-02 6.493759155273e-02 5.212001502514e-02 4.687016084790e-02 4.438303411007e-02 4.119579493999e-02 3.888697177172e-02 4.185923561454e-02 4.447241500020e-02 4.737586155534e-02 6.186504289508e-02 6.802760064602e-02 7.295846939087e-02 7.144628465176e-02 6.625967472792e-02 6.183239817619e-02 5.857937037945e-02 5.605457350612e-02 5.500519648194e-02 7.273113727570e-02 1.179514527321e-01 8.061578124762e-02 7.887815684080e-02 9.372850507498e-02 9.520676732063e-02 8.002181351185e-02 8.000264316797e-02 4.329882189631e-02 7.214348763227e-02 6.886059790850e-02 6.380558758974e-02 5.475562438369e-02 5.835905671120e-02 1.401965618134e-01 7.616145908833e-02 8.441264927387e-02
2.203868143260e-02 3.803658485413e-02 3.771883994341e-02 3.937786072493e-02 4.280197992921e-02 4.708074405789e-02 4.989717528224e-02 5.141897127032e-02 5.972347781062e-02 6.321243196726e-02 5.414968356490e-02 5.219677090645e-02 5.274783074856e-02 4.781969636679e-02 4.315431416035e-02 4.894112795591e-02 5.404944345355e-02 6.362449377775e-02 6.421971321106e-02 5.421642586589e-02 4.875123128295e-02 5.700859054923e-02 7.142615318298e-02 7.427107542753e-02 6.712148338556e-02 5.416378006339e-02 8.052238076925e-02 1.199356094003e-01 8.098711073399e-02 8.510968834162e-02 8.957026153803e-02 9.204067289829e-02 9.898311644793e-02 8.896857500076e-02 5.418691784143e-02 8.120520412922e-02 7.658468186855e-02 6.336803734303e-02 4.771826416254e-02 5.697244033217e-02 1.344562768936e-01 1.170013174415e-01 6.569829583168e-02
2.514235675335e-02 4.630254209042e-02 4.984666407108e-02 4.298541694880e-02 3.955848515034e-02 4.276093095541e-02 4.365144670010e-02 4.323032498360e-02 4.675145074725e-02 5.816858634353e-02 6.339809298515e-02 6.535049527884e-02 6.553676724434e-02 6.025443598628e-02 5.911471322179e-02 5.708156526089e-02 5.363549292088e-02 6.367588043213e-02 6.682726740837e-02 5.949743464589e-02 4.906688630581e-02 4.513835906982e-02 4.981465637684e-02 5.564133822918e-02 5.712099745870e-02 5.745692178607e-02 7.047904282808e-02 1.150587871671e-01 8.220015466213e-02 7.218287140131e-02 8.270967006683e-02 9.526832401752e-02 1.064815074205e-01 9.088496118784e-02 6.233934313059e-02 8.972141891718e-02 7.336476445198e-02 5.694761872292e-02 4.285209998488e-02 5.196785181761e-02 1.080901175737e-01 1.584279835224e-01 7.281149178743e-02
2.466008625925e-02 4.834584519267e-02 5.745251849294e-02 5.409988760948e-02 4.095163196325e-02 3.166574239731e-02 3.851203992963e-02 4.372170940042e-02 4.698217287660e-02 4.744704067707e-02 6.274354457855e-02 6.973942369223e-02 6.661975383759e-02 6.685805320740e-02 6.755509227514e-02 6.666962057352e-02 5.901044234633e-02 6.305730342865e-02 6.896503269672e-02 6.363142281771e-02 4.860981181264e-02 5.837786570191e-02 5.708157271147e-02 5.863621830940e-02 5.172428116202e-02 5.032979324460e-02 5.290393531322e-02 1.064221039414e-01 9.716724604368e-02 7.731149345636e-02 7.476865500212e-02 8.056599646807e-02 9.980058670044e-02 8.913011103868e-02 7.227101922035e-02 8.666820824146e-02 6.393175572157e-02 5.108024552464e-02 4.814181104302e-02 4.735918343067e-02 7.400637120008e-02 1.853086650372e-01 7.660465687513e-02
