VariationalSeries/SI/f146.grd
DSAA
101	101
32.816463539100	34.260883539100
35.556306596100	36.727886596100
6.910631054780e-05	1.119834327698e+01
[rows 57 to 75 of 101, columns 0 to 42 of 101]
3.812342183664e-03 6.261536385864e-03 6.786684971303e-03 6.792320869863e-03 7.211103569716e-03 8.817690424621e-03 9.871781803668e-03 1.082325540483e-02 1.171325240284e-02 1.197092328221e-02 1.151732821018e-02 1.610674336553e-02 2.757567353547e-02 1.506834384054e-02 1.098040584475e-02 1.654251478612e-02 1.481048855931e-02 1.650873385370e-02 1.994796283543e-02 2.088281884789e-02 2.141036279500e-02 1.602459885180e-02 1.115715596825e-02 9.807620197535e-03 1.063543092459e-02 1.473167445511e-02 2.355128899217e-02 2.922193706036e-02 2.283912338316e-02 1.332917902619e-02 1.041915081441e-02 8.224547840655e-03 8.614037185907e-03 1.030490547419e-02 1.220636907965e-02 1.566802710295e-02 1.804987899959e-02 1.948019489646e-02 3.218135237694e-02 4.219058901072e-02 3.614925220609e-02 3.202760592103e-02 3.615485504270e-02
4.811886698008e-03 7.875975221395e-03 8.996844291687e-03 9.129476733506e-03 9.027774445713e-03 8.778974413872e-03 8.766950108111e-03 9.176670573652e-03 9.554781951010e-03 1.559073291719e-02 5.054752156138e-02 5.850241705775e-02 2.185187116265e-02 1.127807330340e-02 1.132020261139e-02 1.059973705560e-02 1.146539859474e-02 1.142166089267e-02 1.294860430062e-02 1.641691848636e-02 1.993478834629e-02 2.129885368049e-02 1.488218456507e-02 9.366586804390e-03 1.078392285854e-02 1.645664870739e-02 2.486212737858e-02 2.664025127888e-02 2.696751244366e-02 1.714327931404e-02 1.033986732364e-02 9.384620003402e-03 9.015780873597e-03 1.073739118874e-02 1.267590001225e-02 1.311701163650e-02 1.348075084388e-02 1.409322023392e-02 1.422477606684e-02 1.535210106522e-02 1.849097758532e-02 2.527058869600e-02 2.908523567021e-02
6.439468357712e-03 1.058672741055e-02 1.224862877280e-02 1.747227646410e-02 2.244416810572e-02 2.849202975631e-02 3.749817982316e-02 5.469786003232e-02 1.003541424870e-01 1.416482776403e-01 9.417217969894e-02 2.396534942091e-02 1.614044792950e-02 1.411726139486e-02 1.026238314807e-02 1.081836596131e-02 1.143897976726e-02 1.126068178564e-02 1.068943459541e-02 1.140451151878e-02 1.923818513751e-02 2.180868014693e-02 1.545712724328e-02 8.871786296368e-03 6.968095432967e-03 1.074937079102e-02 1.524652075022e-02 1.565083488822e-02 1.643941551447e-02 1.336147077382e-02 9.324105456471e-03 9.805883280933e-03 9.277990087867e-03 1.041081827134e-02 1.256379205734e-02 1.301534008235e-02 1.239546574652e-02 1.136325486004e-02 1.052881497890e-02 1.178484968841e-02 1.501057669520e-02 1.925605162978e-02 2.536627091467e-02
6.292931269854e-03 1.132569648325e-02 1.978309638798e-02 2.829189784825e-02 3.582765534520e-02 4.745935648680e-02 6.907388567924e-02 1.031618714333e-01 1.036537215114e-01 4.792920872569e-02 1.152587588876e-02 1.344009675086e-02 1.461843121797e-02 1.298958342522e-02 1.168280653656e-02 1.226602960378e-02 1.229485496879e-02 1.179957389832e-02 9.140859358013e-03 8.913044817746e-03 1.385063491762e-02 1.545911002904e-02 1.146582048386e-02 7.161978166550e-03 5.493240896612e-03 5.929474253207e-03 7.949589751661e-03 9.828773327172e-03 1.161875016987e-02 1.003065798432e-02 9.173631668091e-03 8.571741171181e-03 9.145964868367e-03 1.012859866023e-02 1.215475704521e-02 1.245332881808e-02 1.126248575747e-02 9.638632647693e-03 8.876560255885e-03 9.866126812994e-03 1.453716121614e-02 1.831202581525e-02 2.320708706975e-02
3.810137044638e-03 6.641435902566e-03 8.118891157210e-03 8.545046672225e-03 8.558971807361e-03 8.519199676812e-03 8.441568352282e-03 8.256943896413e-03 8.094624616206e-03 7.911714725196e-03 7.419016677886e-03 7.810747716576e-03 8.582098409534e-03 1.097966730595e-02 1.234960556030e-02 1.290097087622e-02 1.241839583963e-02 1.101799402386e-02 8.135470561683e-03 6.453213747591e-03 7.745993789285e-03 8.042628876865e-03 6.341254338622e-03 4.694683942944e-03 4.129430279136e-03 4.565082024783e-03 5.856421310455e-03 7.039774209261e-03 8.344131521881e-03 8.980950340629e-03 8.497103117406e-03 7.589741144329e-03 8.795787580311e-03 1.064718794078e-02 1.270764414221e-02 1.228999625891e-02 1.019902061671e-02 8.081776089966e-03 8.997477591038e-03 1.007486041635e-02 1.502485293895e-02 1.865632273257e-02 2.187839522958e-02
1.787315937690e-03 3.331588581204e-03 4.321181681007e-03 4.772636573762e-03 4.947676323354e-03 5.090771242976e-03 5.227242130786e-03 5.327042657882e-03 5.483788903803e-03 5.640633869916e-03 5.525493528694e-03 5.192555952817e-03 5.308886058629e-03 7.048534695059e-03 8.293887600303e-03 8.732701651752e-03 7.946651428938e-03 7.070665247738e-03 5.970986094326e-03 5.046104080975e-03 4.122399725020e-03 3.850056789815e-03 3.175715450197e-03 3.548930864781e-03 4.186529200524e-03 4.401798360050e-03 4.859841428697e-03 5.854119546711e-03 7.063665427268e-03 7.725555915385e-03 7.608676329255e-03 7.181575987488e-03 8.789454586804e-03 1.180211454630e-02 1.371307857335e-02 1.237246487290e-02 9.270080365241e-03 7.945576682687e-03 9.223619475961e-03 1.086242869496e-02 1.458751969039e-02 1.635088771582e-02 1.886719837785e-02
1.232557347976e-03 2.075811615214e-03 2.577878301963e-03 2.927373629063e-03 3.149488242343e-03 3.343188669533e-03 3.528941655532e-03 3.684078110382e-03 3.869675099850e-03 4.059569444507e-03 4.084210377187e-03 3.952332306653e-03 3.801325568929e-03 3.666186938062e-03 3.710071323439e-03 4.208525642753e-03 4.438444040716e-03 4.378054756671e-03 4.016701132059e-03 3.825969994068e-03 3.279344411567e-03 3.077258355916e-03 2.731645014137e-03 3.615693189204e-03 4.457730334252e-03 4.882123786956e-03 4.851639270782e-03 4.787134472281e-03 5.834207404405e-03 6.486533209682e-03 6.640454288572e-03 6.598074920475e-03 8.929461240768e-03 1.249494403601e-02 1.378431171179e-02 1.149789616466e-02 8.119334466755e-03 7.992495782673e-03 9.646998718381e-03 1.083491276950e-02 1.250813063234e-02 1.439699344337e-02 1.478913426399e-02
9.969864040613e-04 1.698161475360e-03 2.140759490430e-03 2.354264026508e-03 2.506284974515e-03 2.635096898302e-03 2.729544648901e-03 2.747110091150e-03 2.835004357621e-03 2.944031963125e-03 2.966939704493e-03 2.917098114267e-03 2.867341740057e-03 2.801693277434e-03 2.918288810179e-03 3.353452309966e-03 3.564379643649e-03 3.516534576192e-03 3.251354442909e-03 3.040193347260e-03 3.187319263816e-03 3.095405874774e-03 2.713446738198e-03 3.609642619267e-03 4.555668681860e-03 5.132663995028e-03 5.197922233492e-03 5.030203610659e-03 5.136231891811e-03 5.627111066133e-03 5.857969168574e-03 6.182417273521e-03 8.887276053429e-03 1.223011035472e-02 1.258959621191e-02 9.896437637508e-03 7.508741691709e-03 8.293231949210e-03 1.010651700199e-02 1.067739166319e-02 1.109222602099e-02 1.199823524803e-02 1.101815514266e-02
9.569921530783e-04 1.533084665425e-03 1.944841002114e-03 2.134575974196e-03 2.215805696324e-03 2.285283524543e-03 2.309198491275e-03 2.277325373143e-03 2.287448616698e-03 2.316004596651e-03 2.348138252273e-03 2.436731010675e-03 2.506365999579e-03 2.562487730756e-03 2.629138529301e-03 2.727590035647e-03 2.912304829806e-03 2.956537529826e-03 2.983563113958e-03 2.859734930098e-03 2.928583882749e-03 3.062021220103e-03 2.718084957451e-03 3.419439075515e-03 4.322842229158e-03 4.922817461193e-03 5.025654565543e-03 4.898428451270e-03 5.165731068701e-03 5.313655361533e-03 5.411590915173e-03 5.786062218249e-03 8.340805768967e-03 1.098513323814e-02 1.066947821528e-02 8.512301370502e-03 7.386647630483e-03 8.894219994545e-03 1.023550517857e-02 9.990717284381e-03 9.654200635850e-03 9.735514409840e-03 8.985575288534e-03
8.966587483883e-04 1.423465320840e-03 1.786133274436e-03 1.946734031662e-03 2.014935482293e-03 2.064789645374e-03 2.069179899991e-03 2.022704109550e-03 2.041186671704e-03 2.194689353928e-03 2.326613757759e-03 2.445238642395e-03 2.549873432145e-03 2.637439873070e-03 2.716511720791e-03 2.792870393023e-03 2.848916687071e-03 2.856648759916e-03 2.798771485686e-03 2.719609299675e-03 2.725857542828e-03 2.955724718049e-03 2.793874358758e-03 3.101973561570e-03 3.868235042319e-03 4.400016274303e-03 5.068360362202e-03 5.531222093850e-03 5.550409667194e-03 5.369010381401e-03 5.247312132269e-03 5.403157323599e-03 7.335477974266e-03 9.158555418253e-03 8.772323839366e-03 7.601630873978e-03 7.980053313076e-03 9.053121320903e-03 9.682297706604e-03 8.783410303295e-03 8.091252297163e-03 7.689747028053e-03 7.688545156270e-03
8.271766128018e-04 1.310986466706e-03 1.642348943278e-03 1.795606105588e-03 1.859789714217e-03 1.886684913188e-03 1.871520769782e-03 1.874746987596e-03 1.913509448059e-03 2.077220240608e-03 2.224436728284e-03 2.362153725699e-03 2.488404512405e-03 2.593852579594e-03 2.675145398825e-03 2.727419836447e-03 2.733038505539e-03 2.945849439129e-03 3.008281346411e-03 2.792199142277e-03 2.550004981458e-03 2.712595509365e-03 2.768373116851e-03 2.787775825709e-03 3.403695765883e-03 3.845440922305e-03 4.623946733773e-03 5.371919367462e-03 5.547678563744e-03 5.364175420254e-03 5.144338589162e-03 5.098797846586e-03 5.858834367245e-03 7.110824808478e-03 6.981088779867e-03 6.453898269683e-03 6.902833003551e-03 7.672765292227e-03 7.936201058328e-03 6.906194612384e-03 6.341369822621e-03 5.878425203264e-03 5.796848796308e-03
7.686429889873e-04 1.220257603563e-03 1.534877461381e-03 1.687426469289e-03 1.742659136653e-03 1.745065674186e-03 1.715963473544e-03 1.733720651828e-03 1.803308492526e-03 1.873224624433e-03 2.022458706051e-03 2.165395766497e-03 2.297505270690e-03 2.408473286778e-03 2.488334663212e-03 2.599399536848e-03 2.835032297298e-03 3.191302996129e-03 3.349158214405e-03 3.259033430368e-03 2.983780577779e-03 2.655088668689e-03 2.733916277066e-03 2.767276950181e-03 3.032358828932e-03 3.387609729543e-03 3.491777693853e-03 4.182288888842e-03 4.731690045446e-03 4.898038227111e-03 4.837165586650e-03 4.893154371530e-03 5.044037476182e-03 5.233508069068e-03 5.179644096643e-03 5.009457934648e-03 5.290080327541e-03 6.175335031003e-03 6.572136655450e-03 5.398957990110e-03 4.817043431103e-03 4.301071166992e-03 4.733239766210e-03
7.263256120495e-04 1.156487036496e-03 1.460309023969e-03 1.604845980182e-03 1.642656861804e-03 1.628405996598e-03 1.599123934284e-03 1.600665971637e-03 1.658256631345e-03 1.729411305860e-03 1.757906517014e-03 1.896697096527e-03 2.024124143645e-03 2.133123110980e-03 2.234245184809e-03 2.467951970175e-03 2.884945832193e-03 3.291748231277e-03 3.567962674424e-03 3.651900682598e-03 3.553161164746e-03 3.342833137140e-03 3.089074511081e-03 2.855434315279e-03 2.746529644355e-03 3.029343439266e-03 3.096417058259e-03 2.966935979202e-03 3.594662761316e-03 4.124330822378e-03 4.473811946809e-03 4.731727298349e-03 4.889711737633e-03 4.751449916512e-03 4.240449983627e-03 4.134287126362e-03 4.655120894313e-03 5.856159608811e-03 6.789060775191e-03 6.095781922340e-03 4.485467448831e-03 4.007795825601e-03 4.555356688797e-03
7.111106533557e-04 1.130477874540e-03 1.422100001946e-03 1.549623557366e-03 1.568950130604e-03 1.545686507598e-03 1.541316625662e-03 1.562037854455e-03 1.543600810692e-03 1.557929790579e-03 1.611397136003e-03 1.780552207492e-03 1.958117354661e-03 2.142267534509e-03 2.305223606527e-03 2.524944720790e-03 2.935515018180e-03 3.351607825607e-03 3.726477036253e-03 3.959445748478e-03 4.000740125775e-03 3.903431119397e-03 3.736520186067e-03 3.565978957340e-03 3.466004040092e-03 3.401529509574e-03 3.277000039816e-03 3.089664969593e-03 3.559655509889e-03 3.992656245828e-03 4.315733909607e-03 4.610549658537e-03 4.767262842506e-03 4.454442765564e-03 4.232231527567e-03 4.366211127490e-03 4.690490663052e-03 5.656268913299e-03 6.537342444062e-03 5.927980877459e-03 4.579261410981e-03 3.991685807705e-03 4.542081151158e-03
7.232841453515e-04 1.143873552792e-03 1.426057657227e-03 1.537625328638e-03 1.543303136714e-03 1.510987407528e-03 1.517446828075e-03 1.526361913420e-03 1.559536089189e-03 1.567543600686e-03 1.668558106758e-03 1.836032257415e-03 1.999726984650e-03 2.155576832592e-03 2.281668130308e-03 2.601274522021e-03 3.066726261750e-03 3.507187124342e-03 3.933201543987e-03 4.242711700499e-03 4.344743676484e-03 4.281604196876e-03 4.124386701733e-03 3.928371705115e-03 3.766909707338e-03 3.606400452554e-03 3.336622845381e-03 3.039451548830e-03 3.487936453894e-03 3.864985657856e-03 4.188343416899e-03 4.500353708863e-03 4.604614805430e-03 4.233079031110e-03 4.292387980968e-03 4.436806775630e-03 4.797475878149e-03 5.481527186930e-03 5.905141122639e-03 5.192040931433e-03 4.246732220054e-03 3.706850809976e-03 4.216358531266e-03
7.421647314914e-04 1.170126139186e-03 1.447971910238e-03 1.550111104734e-03 1.547760679387e-03 1.546229002997e-03 1.611493411474e-03 1.656935550272e-03 1.682631904259e-03 1.686350442469e-03 1.671173260547e-03 1.765176653862e-03 1.936404965818e-03 2.166309859604e-03 2.240503905341e-03 2.550513017923e-03 3.140403656289e-03 3.649751422927e-03 4.053509794176e-03 4.307707305998e-03 4.364705644548e-03 4.248175770044e-03 4.029329866171e-03 3.772558411583e-03 3.531702095643e-03 3.288776846603e-03 2.944511361420e-03 3.036865964532e-03 3.422156674787e-03 3.761806059629e-03 4.070767201483e-03 4.328806418926e-03 4.330929368734e-03 3.983205184340e-03 4.387500230223e-03 5.490090232342e-03 5.197317339480e-03 5.423363298178e-03 5.226094741374e-03 4.436768125743e-03 3.844199702144e-03 3.372535342351e-03 3.826694563031e-03
7.317868876271e-04 1.150005846284e-03 1.414684462361e-03 1.508944784291e-03 1.505978172645e-03 1.552755595185e-03 1.594853703864e-03 1.615293091163e-03 1.620413269848e-03 1.610491774045e-03 1.604099874385e-03 1.800321973860e-03 2.094881609082e-03 2.345872577280e-03 2.420722972602e-03 2.367969369516e-03 3.004232421517e-03 3.525325097144e-03 3.819033503532e-03 3.921981900930e-03 3.866961924359e-03 3.657519351691e-03 3.378790104762e-03 3.137143794447e-03 2.941517857835e-03 2.730824984610e-03 2.726185834035e-03 3.012582426891e-03 3.353178035468e-03 3.658531466499e-03 3.924708813429e-03 4.072434734553e-03 3.959444817156e-03 3.820745274425e-03 4.572716541588e-03 4.899215418845e-03 4.985104314983e-03 5.449828226119e-03 5.285465624183e-03 4.334325902164e-03 3.743714187294e-03 3.441577544436e-03 3.715709317476e-03
6.698633078486e-04 1.045976881869e-03 1.279055373743e-03 1.360887428746e-03 1.439512474462e-03 1.502108527347e-03 1.475025550462e-03 1.423305715434e-03 1.406470197253e-03 1.496813725680e-03 1.634506974369e-03 1.889678067528e-03 2.233588136733e-03 2.493632258847e-03 2.566071925685e-03 2.523030154407e-03 2.751166699454e-03 3.194125834852e-03 3.359697526321e-03 3.322217380628e-03 3.156214952469e-03 2.863848581910e-03 2.739818068221e-03 3.243676386774e-03 3.288882784545e-03 3.152196062729e-03 3.087360411882e-03 3.098560962826e-03 3.260827856138e-03 3.526655491441e-03 3.712117904797e-03 3.717876272276e-03 3.491781651974e-03 3.529640845954e-03 4.163963720202e-03 5.919074174017e-03 5.076212342829e-03 7.118732202798e-03 6.316552404314e-03 5.318341311067e-03 4.508941899985e-03 3.712808480486e-03 4.185327794403e-03
6.910099182278e-04 1.018575858325e-03 1.249965396710e-03 1.444408437237e-03 1.591465435922e-03 1.626173150726e-03 1.578839612193e-03 1.489684800617e-03 1.385807874613e-03 1.511391485110e-03 1.675139879808e-03 1.984600443393e-03 2.365172374994e-03 2.630037255585e-03 2.701339079067e-03 2.658870071173e-03 2.525843912736e-03 2.908524591476e-03 3.019930794835e-03 3.179920604452e-03 4.320642910898e-03 3.961874172091e-03 2.975043840706e-03 3.383786883205e-03 3.284668782726e-03 3.025373909622e-03 2.872585784644e-03 2.876332728192e-03 3.149665892124e-03 3.354780143127e-03 3.425851697102e-03 3.291647182778e-03 2.992735942826e-03 3.171568270773e-03 3.518750891089e-03 5.262269638479e-03 6.597462575883e-03 1.034277305007e-02 9.565714746714e-03 6.301763467491e-03 4.799765534699e-03 4.417856223881e-03 5.441586486995e-03
