VariationalSeries/SI/f146.grd
DSAA
101	101
32.816463539100	34.260883539100
35.556306596100	36.727886596100
6.910631054780e-05	1.119834327698e+01
[rows 19 to 37 of 101, columns 43 to 85 of 101]
1.112472414970e-01 1.369093805552e-01 1.779551953077e-01 1.811835914850e-01 1.175125613809e-01 1.803951263428e-01 9.196715801954e-02 9.547805786133e-02 1.041569709778e-01 1.056101843715e-01 9.636426717043e-02 1.412956267595e-01 1.699989885092e-01 1.681663095951e-01 1.116648614407e-01 1.364347040653e-01 1.798688918352e-01 1.685547977686e-01 9.271866828203e-02 1.496167629957e-01 6.912866979837e-02 9.691779315472e-02 1.302039623260e-01 6.428208947182e-02 6.363379955292e-02 7.518850266933e-02 6.205715984106e-02 7.805021107197e-02 7.243588566780e-02 5.734866485000e-02 6.187243014574e-02 8.564057946205e-02 9.671115130186e-02 7.491002231836e-02 6.633668392897e-02 5.431762337685e-02 3.731653094292e-02 4.080709442496e-02 4.508975148201e-02 3.755538910627e-02 3.537447005510e-02 3.072731755674e-02 3.342450410128e-02
1.003122627735e-01 1.341698467731e-01 1.902469396591e-01 2.192365527153e-01 1.583903580904e-01 1.595037728548e-01 9.458192437887e-02 1.011399626732e-01 9.022370725870e-02 1.129402741790e-01 1.181483492255e-01 1.321018785238e-01 1.818903833628e-01 1.788477599621e-01 1.372625231743e-01 1.483392119408e-01 1.756009757519e-01 1.904329955578e-01 1.093948185444e-01 1.446336954832e-01 7.898183912039e-02 1.467862874269e-01 1.829074025154e-01 8.524295687675e-02 7.423032820225e-02 7.695786654949e-02 7.616812735796e-02 8.071175962687e-02 6.290853023529e-02 6.102111190557e-02 8.645773679018e-02 1.129687428474e-01 1.009187102318e-01 7.974188774824e-02 6.596119701862e-02 5.438626930118e-02 3.875971585512e-02 4.770910739899e-02 3.691260889173e-02 3.181561082602e-02 3.393097966909e-02 2.929111942649e-02 3.053205832839e-02
1.082597374916e-01 1.537753939629e-01 1.756834685802e-01 2.295331209898e-01 1.952765285969e-01 1.365122199059e-01 9.371332824230e-02 1.071415469050e-01 8.578444272280e-02 1.055872589350e-01 1.113581061363e-01 1.260132938623e-01 1.726840138435e-01 1.951440870762e-01 1.655416488647e-01 1.585471779108e-01 1.681753844023e-01 2.080751657486e-01 1.246977597475e-01 1.339758634567e-01 8.874068409204e-02 1.818161159754e-01 2.002566307783e-01 9.584933519363e-02 7.248739153147e-02 8.990571647882e-02 8.597282320261e-02 6.979754567146e-02 5.973480269313e-02 8.597054332495e-02 1.205720603466e-01 1.169405281544e-01 7.900501787663e-02 9.096883982420e-02 6.537627428770e-02 5.006779730320e-02 4.618062824011e-02 4.905511811376e-02 4.112972319126e-02 3.220256417990e-02 3.142551705241e-02 2.314594388008e-02 2.271965891123e-02
1.034357994795e-01 1.448690444231e-01 1.489521861076e-01 2.191039770842e-01 2.161503583193e-01 1.428252756596e-01 1.259981095791e-01 1.134742945433e-01 8.446735143661e-02 9.240432083607e-02 1.062722727656e-01 1.276939064264e-01 1.430920660496e-01 2.049730420113e-01 1.843502074480e-01 1.544533222914e-01 1.554754972458e-01 2.231000214815e-01 1.373151838779e-01 1.200114488602e-01 9.844211488962e-02 1.805379688740e-01 1.745222955942e-01 8.295275270939e-02 7.974996417761e-02 9.364641457796e-02 7.800918072462e-02 6.394408643246e-02 9.045999497175e-02 1.275355666876e-01 1.254269629717e-01 8.714453130960e-02 6.665259599686e-02 9.450734406710e-02 4.699622467160e-02 4.588765278459e-02 5.701012909412e-02 4.388581588864e-02 4.717089980841e-02 3.004280664027e-02 3.349815309048e-02 2.800405584276e-02 2.527907676995e-02
8.411513268948e-02 1.006454825401e-01 1.549880355597e-01 1.939996778965e-01 2.177776992321e-01 1.446894258261e-01 1.566240936518e-01 1.314131170511e-01 9.225511550903e-02 7.834842056036e-02 1.107085347176e-01 1.245941668749e-01 1.472555994987e-01 2.200599312782e-01 1.865729093552e-01 1.443470120430e-01 1.399086266756e-01 2.322620004416e-01 1.464489251375e-01 1.457406729460e-01 1.143760830164e-01 1.484014093876e-01 1.301538646221e-01 7.750073075294e-02 9.743233770132e-02 9.056682884693e-02 6.698146462440e-02 9.647353738546e-02 1.382144987583e-01 1.343540549278e-01 9.121563285589e-02 5.410027503967e-02 7.082749903202e-02 8.863259851933e-02 4.763050004840e-02 4.924035072327e-02 6.007641553879e-02 4.592622071505e-02 5.174706503749e-02 3.133518248796e-02 3.181734681129e-02 2.636694721878e-02 2.682127617300e-02
1.080541461706e-01 1.083342581987e-01 1.749621927738e-01 1.639613360167e-01 2.069035470486e-01 1.614974290133e-01 1.500434577465e-01 1.661902815104e-01 1.444205045700e-01 1.103714555502e-01 1.206689253449e-01 1.176072508097e-01 1.605127900839e-01 2.353029698133e-01 1.673310846090e-01 1.384333670139e-01 1.192194670439e-01 2.374458014965e-01 1.859031766653e-01 1.609872281551e-01 1.352657228708e-01 1.438207924366e-01 8.704176545143e-02 9.392992407084e-02 1.000130474567e-01 6.868290901184e-02 1.047239527106e-01 1.490374058485e-01 1.419089883566e-01 9.510082751513e-02 5.094243586063e-02 3.986990451813e-02 9.477126598358e-02 7.406056672335e-02 4.541752859950e-02 6.387633085251e-02 5.551741644740e-02 4.627558588982e-02 5.496368557215e-02 3.878258168697e-02 2.723909914494e-02 2.595183067024e-02 2.303486131132e-02
1.697896420956e-01 1.049943119287e-01 1.052265316248e-01 1.811489462852e-01 1.905390471220e-01 1.704414337873e-01 1.312535703182e-01 1.520201861858e-01 1.727961748838e-01 1.696615368128e-01 1.445473283529e-01 1.791619658470e-01 1.744122058153e-01 2.445066571236e-01 1.445973962545e-01 1.260770708323e-01 1.670605391264e-01 2.390734106302e-01 2.104281485081e-01 1.543697714806e-01 1.457879096270e-01 1.551181077957e-01 9.780214726925e-02 1.023443788290e-01 8.414798229933e-02 1.095731854439e-01 1.622723042965e-01 1.520771086216e-01 9.893426299095e-02 6.456921994686e-02 9.077414870262e-02 5.557882040739e-02 1.105956733227e-01 6.479477137327e-02 5.306195467710e-02 6.832867115736e-02 6.677524000406e-02 4.697705432773e-02 5.672939494252e-02 4.280044138432e-02 2.589973621070e-02 2.459425106645e-02 2.850177697837e-02
2.270722687244e-01 1.079599857330e-01 1.059531420469e-01 1.668634563684e-01 1.715356558561e-01 1.743481308222e-01 1.426264345646e-01 1.446181386709e-01 1.436529159546e-01 1.858934164047e-01 2.026896178722e-01 1.812649667263e-01 1.883127540350e-01 2.477021813393e-01 1.253856420517e-01 1.954356580973e-01 2.344066947699e-01 2.393144369125e-01 2.045230418444e-01 1.223254054785e-01 1.384720206261e-01 1.421267986298e-01 9.818778187037e-02 8.453465253115e-02 1.104138493538e-01 1.725567281246e-01 1.665049493313e-01 1.042788848281e-01 9.230933338404e-02 1.264171451330e-01 1.147761791945e-01 1.042445003986e-01 1.077457517385e-01 7.248779386282e-02 6.834656000137e-02 5.662647634745e-02 7.281720638275e-02 4.970100522041e-02 5.692256242037e-02 4.253099113703e-02 2.752930670977e-02 3.120502829552e-02 4.019945487380e-02
2.479122579098e-01 1.108821108937e-01 1.281395256519e-01 1.104609593749e-01 1.888779103756e-01 1.760306954384e-01 1.504454910755e-01 1.536018252373e-01 1.463463902473e-01 1.846904903650e-01 1.953455209732e-01 1.702056676149e-01 2.007792443037e-01 2.386535108089e-01 2.127208858728e-01 2.589269578457e-01 2.503223717213e-01 2.324430495501e-01 1.390036940575e-01 1.232598125935e-01 1.426759958267e-01 1.437181532383e-01 1.036347970366e-01 1.056561022997e-01 1.798487603664e-01 1.836844980717e-01 1.151493117213e-01 9.354701638222e-02 1.374994665384e-01 1.141218543053e-01 9.289244562387e-02 1.012818366289e-01 8.351922780275e-02 7.981789857149e-02 6.772364675999e-02 4.744667559862e-02 7.132972776890e-02 5.372333526611e-02 5.580085888505e-02 3.850140422583e-02 3.312676399946e-02 4.459452629089e-02 5.039586126804e-02
2.176059186459e-01 1.620193570852e-01 1.483567059040e-01 1.042270734906e-01 1.366521567106e-01 1.791259795427e-01 1.887759715319e-01 1.632441878319e-01 1.919919997454e-01 2.822240591049e-01 1.586918979883e-01 1.493135094643e-01 2.090170532465e-01 2.196270376444e-01 2.759529948235e-01 2.673032879829e-01 2.311040908098e-01 2.246093153954e-01 1.536209583282e-01 1.655648350716e-01 1.481108218431e-01 1.429977715015e-01 9.647165238857e-02 1.824309378862e-01 2.023560404778e-01 1.308396309614e-01 1.068236380816e-01 1.457435339689e-01 1.289996504784e-01 8.455926924944e-02 1.231994479895e-01 1.063437834382e-01 6.427469849586e-02 7.287334650755e-02 6.089150160551e-02 6.541837751865e-02 6.494035571814e-02 5.907526612282e-02 5.414159223437e-02 4.982150718570e-02 5.529666319489e-02 6.206645444036e-02 5.234023556113e-02
1.468161642551e-01 2.441134750843e-01 1.624184995890e-01 1.281542479992e-01 1.541823744774e-01 1.738431602716e-01 1.668757945299e-01 1.747301965952e-01 2.516906857491e-01 3.491824865341e-01 2.343542873859e-01 1.626680642366e-01 2.105512917042e-01 2.626736760139e-01 2.813828885555e-01 3.918122649193e-01 2.076726108789e-01 2.079127579927e-01 1.713797599077e-01 1.674164235592e-01 1.529495418072e-01 1.414986699820e-01 1.805551350117e-01 2.147156894207e-01 1.474678516388e-01 1.202133968472e-01 1.438400745392e-01 1.445362120867e-01 1.237012818456e-01 1.234913691878e-01 1.308106184006e-01 7.287446409464e-02 6.896455585957e-02 6.225451827049e-02 5.462710186839e-02 5.110868066549e-02 8.831279724836e-02 6.974267214537e-02 6.422203779221e-02 7.372792065144e-02 7.346642017365e-02 5.391639098525e-02 3.639122471213e-02
1.649593710899e-01 2.705082595348e-01 1.679322719574e-01 1.416382044554e-01 1.817771941423e-01 1.664137244225e-01 1.733157187700e-01 2.197731137276e-01 2.900770306587e-01 3.506426215172e-01 2.798323929310e-01 2.774674594402e-01 2.455826252699e-01 2.881089746952e-01 3.425535261631e-01 4.958759546280e-01 2.157955914736e-01 2.333784550428e-01 2.314132899046e-01 1.891855299473e-01 1.498055011034e-01 1.800566464663e-01 2.257159054279e-01 1.623050421476e-01 1.345881372690e-01 1.420149058104e-01 1.377192586660e-01 1.526256650686e-01 1.484571397305e-01 1.486143767834e-01 1.118849962950e-01 6.025678291917e-02 8.247168362141e-02 5.176356062293e-02 5.399521812797e-02 5.519753694534e-02 1.216893270612e-01 8.089704811573e-02 8.490715920925e-02 6.838408857584e-02 4.154799878597e-02 2.459034882486e-02 2.441097423434e-02
3.265742063522e-01 2.138549685478e-01 2.343889623880e-01 1.503916531801e-01 2.212959080935e-01 1.715619862080e-01 1.864396631718e-01 2.539301216602e-01 3.051609992981e-01 2.968202233315e-01 2.876564860344e-01 2.906953096390e-01 2.724180519581e-01 2.209767252207e-01 2.348096668720e-01 3.159359395504e-01 1.758549213409e-01 2.306036204100e-01 2.520984709263e-01 2.103427499533e-01 1.871827393770e-01 2.361379712820e-01 1.768015772104e-01 1.504934281111e-01 1.392042785883e-01 1.277765929699e-01 1.378408521414e-01 1.628415882587e-01 1.633055508137e-01 1.462340801954e-01 9.134335070848e-02 5.775255337358e-02 8.783067762852e-02 6.998831033707e-02 8.441910892725e-02 8.980344980955e-02 1.371949613094e-01 8.028171211481e-02 6.350643932819e-02 4.430921003222e-02 3.969935700297e-02 3.002775833011e-02 2.867353521287e-02
5.298609137535e-01 2.316485643387e-01 2.624039947987e-01 1.912983506918e-01 2.452426105738e-01 2.096858322620e-01 2.058878391981e-01 2.915103137493e-01 3.133897781372e-01 2.465555369854e-01 3.461551666260e-01 4.254023432732e-01 2.354054450989e-01 2.763369679451e-01 1.693998277187e-01 1.965520381927e-01 1.879284977913e-01 2.241805791855e-01 2.166504263878e-01 1.964991688728e-01 2.506281733513e-01 1.908153742552e-01 1.567807197571e-01 1.408876627684e-01 1.515914797783e-01 1.405515819788e-01 1.413097828627e-01 1.763719022274e-01 1.775039583445e-01 1.612980663776e-01 1.109895333648e-01 9.740617871284e-02 9.668539464474e-02 8.813008666039e-02 8.530969917774e-02 1.311765015125e-01 1.128759011626e-01 5.494308844209e-02 5.933861806989e-02 6.062925979495e-02 5.618055537343e-02 4.339769110084e-02 3.096457198262e-02
5.798800587654e-01 6.058108210564e-01 2.483569383621e-01 2.512871325016e-01 2.700285911560e-01 2.537404894829e-01 3.475834131241e-01 3.265838027000e-01 3.089919090271e-01 2.297164648771e-01 3.517806828022e-01 4.738717973232e-01 2.832488715649e-01 2.659885883331e-01 2.165552973747e-01 2.206361889839e-01 2.340343594551e-01 2.212624102831e-01 2.140725851059e-01 2.682238221169e-01 2.089273929596e-01 1.788510233164e-01 1.532638967037e-01 1.200814917684e-01 1.471983790398e-01 1.657055020332e-01 1.523265987635e-01 1.894154846668e-01 1.975738853216e-01 1.764204949141e-01 1.312764286995e-01 9.686593711376e-02 8.615759760141e-02 7.314374297857e-02 1.187554374337e-01 1.360202133656e-01 6.067401170731e-02 6.246902048588e-02 6.509805470705e-02 6.598304212093e-02 6.233774870634e-02 5.208535864949e-02 3.614121302962e-02
2.784713208675e-01 8.160058856010e-01 5.963219404221e-01 2.484660297632e-01 2.845065891743e-01 3.159801065922e-01 3.365551829338e-01 3.428583741188e-01 2.743236124516e-01 2.396838665009e-01 4.010236561298e-01 4.638272821903e-01 3.640343546867e-01 2.461426854134e-01 2.265478372574e-01 2.533826828003e-01 3.918769359589e-01 2.461228668690e-01 2.973441481590e-01 2.291862964630e-01 1.648700535297e-01 1.606802046299e-01 1.356916427612e-01 1.645479798317e-01 1.675290018320e-01 1.925832629204e-01 2.123216241598e-01 1.620743721724e-01 1.925173997879e-01 1.922266334295e-01 1.493099331856e-01 7.914081215858e-02 8.093587309122e-02 1.255725026131e-01 1.361825466156e-01 7.966039329767e-02 5.547820031643e-02 5.598358809948e-02 5.570952221751e-02 5.652896314859e-02 5.630857869983e-02 5.213225260377e-02 4.167296737432e-02
5.115816593170e-01 3.856043517590e-01 9.512621760368e-01 4.430288672447e-01 2.876580059528e-01 3.884005844593e-01 2.921420633793e-01 3.262201845646e-01 4.283344149590e-01 3.341906368732e-01 4.629535973072e-01 3.684357404709e-01 3.877595961094e-01 3.245644867420e-01 2.672384977341e-01 2.498773336411e-01 5.700356364250e-01 3.447021245956e-01 2.773768901825e-01 3.375635743141e-01 2.007915377617e-01 1.637151986361e-01 1.748571246862e-01 1.841237246990e-01 1.774039119482e-01 1.890464276075e-01 2.675974667072e-01 1.622161120176e-01 1.997812092304e-01 2.086139917374e-01 1.691294163465e-01 1.090153679252e-01 1.383396536112e-01 1.280362010002e-01 7.327133417130e-02 6.129389256239e-02 5.789835378528e-02 5.421743914485e-02 5.040058493614e-02 4.692457616329e-02 4.850184917450e-02 5.011490359902e-02 4.551985114813e-02
6.918960213661e-01 9.024334549904e-01 5.456300377846e-01 9.352083802223e-01 3.467807769775e-01 4.701577723026e-01 4.034811556339e-01 4.305672943592e-01 6.014658212662e-01 4.988901019096e-01 5.759997367859e-01 3.302169740200e-01 3.517821133137e-01 3.663371503353e-01 3.280205726624e-01 2.589581608772e-01 6.695307493210e-01 3.801384270191e-01 3.956098556519e-01 2.742001116276e-01 1.486428380013e-01 1.645404100418e-01 2.091447561979e-01 1.897999644279e-01 1.726100593805e-01 1.659204214811e-01 2.608409821987e-01 1.777889579535e-01 2.240363508463e-01 2.209819257259e-01 1.752449423075e-01 1.396809667349e-01 1.047787293792e-01 5.476534739137e-02 5.421028658748e-02 5.723986774683e-02 5.651491507888e-02 6.041197478771e-02 5.932583659887e-02 5.630317702889e-02 6.115658208728e-02 7.109123468399e-02 7.425114512444e-02
1.362339019775e+00 9.033079147339e-01 9.536694884300e-01 7.921218276024e-01 7.206134200096e-01 5.284209847450e-01 5.805116295815e-01 5.114187002182e-01 5.291090011597e-01 5.847790837288e-01 6.771029233932e-01 3.939135670662e-01 3.466311395168e-01 3.720057308674e-01 4.070990681648e-01 3.853153288364e-01 5.166677832603e-01 3.827451467514e-01 3.817555606365e-01 3.048318624496e-01 2.482894062996e-01 2.949414253235e-01 2.970422208309e-01 2.458362877369e-01 1.795230358839e-01 1.527572721243e-01 2.046330422163e-01 2.183794379234e-01 2.314975261688e-01 1.933299005032e-01 1.356292963028e-01 8.665820211172e-02 7.583738118410e-02 8.034596592188e-02 9.500931203365e-02 1.041673272848e-01 1.089559644461e-01 1.084673255682e-01 1.029693707824e-01 9.422940760851e-02 8.572938293219e-02 8.643310517073e-02 7.652136683464e-02
