VariationalSeries/SI/f146.grd
DSAA
101	101
32.816463539100	34.260883539100
35.556306596100	36.727886596100
6.910631054780e-05	1.119834327698e+01
[rows 76 to 94 of 101, columns 43 to 85 of 101]
1.732630468905e-02 1.481749303639e-02 2.692737057805e-02 6.810457259417e-02 7.253982871771e-02 1.444500982761e-01 2.303599566221e-01 2.588809728622e-01 1.602901220322e-01 4.486208409071e-02 1.628971546888e-01 3.650833070278e-01 2.726664543152e-01 7.208698987961e-02 3.208929300308e-02 4.549951851368e-02 4.812733456492e-02 2.467697300017e-02 2.308450639248e-02 2.875244617462e-02 1.059064418077e-01 2.422545403242e-01 5.700859427452e-02 3.855455294251e-02 2.791043743491e-02 1.870575733483e-02 9.491497650743e-03 8.160621859133e-03 7.952375337481e-03 7.500112522393e-03 7.147524505854e-03 7.444126531482e-03 7.832664065063e-03 8.305245079100e-03 8.386520668864e-03 7.804431486875e-03 7.158597465605e-03 6.692241877317e-03 6.365719251335e-03 6.171613465995e-03 6.875303573906e-03 1.055001188070e-02 1.439096685499e-02
2.832240425050e-02 3.822491317987e-02 4.890904575586e-02 5.089282989502e-02 6.955745816231e-02 9.604724496603e-02 1.238728985190e-01 1.169183999300e-01 1.874539405107e-01 2.736232578754e-01 2.710898220539e-01 1.299253851175e-01 9.355380386114e-02 8.260844647884e-02 5.328068509698e-02 5.649548023939e-02 1.565791852772e-02 9.598957374692e-03 1.188871636987e-02 1.331889163703e-02 1.008154731244e-02 1.207840163261e-02 1.915766671300e-02 1.916361413896e-02 1.738676056266e-02 1.066269725561e-02 5.178099498153e-03 4.649883601815e-03 5.464424379170e-03 6.292579229921e-03 6.708754226565e-03 6.851029582322e-03 6.810836028308e-03 6.510256789625e-03 5.661032162607e-03 4.543038550764e-03 3.639663336799e-03 3.616112982854e-03 3.831436391920e-03 4.425601102412e-03 5.564151331782e-03 9.493069723248e-03 1.270125247538e-02
5.990199372172e-02 9.042697399855e-02 6.011020019650e-02 2.806143462658e-02 3.286217898130e-02 1.192079633474e-01 3.343248963356e-01 4.449205696583e-01 3.327905535698e-01 1.640321463346e-01 8.941041678190e-02 5.761144310236e-02 4.142326116562e-02 6.673605740070e-02 5.545944347978e-02 2.081570401788e-02 6.892375182360e-03 6.254617590457e-03 6.539292167872e-03 8.881612680852e-03 6.617989856750e-03 6.025933194906e-03 6.980083882809e-03 7.822169922292e-03 7.087687030435e-03 6.489302031696e-03 5.249470006675e-03 5.462644621730e-03 4.596395883709e-03 5.271447822452e-03 5.516440607607e-03 5.139215849340e-03 4.903993103653e-03 4.736196249723e-03 3.330860286951e-03 3.220837330446e-03 3.421472851187e-03 3.409060416743e-03 3.338521812111e-03 3.522909944877e-03 4.308739211410e-03 8.238854818046e-03 1.208443101496e-02
8.543128520250e-02 9.944847226143e-02 3.353368863463e-02 3.486628457904e-02 1.224826127291e-01 2.192300260067e-01 2.260333448648e-01 1.935505270958e-01 1.620170027018e-01 7.741546630859e-02 6.864064931870e-02 8.300242573023e-02 5.088668689132e-02 3.218011185527e-02 1.413790974766e-02 7.656427100301e-03 4.840059205890e-03 4.568477161229e-03 4.388582892716e-03 5.561865400523e-03 4.923361353576e-03 4.927391186357e-03 4.584589507431e-03 4.521766211838e-03 4.387329798192e-03 4.478305112571e-03 4.327836446464e-03 4.401027224958e-03 4.735481925309e-03 4.536492750049e-03 4.596573766321e-03 3.787218593061e-03 4.192498978227e-03 4.397856071591e-03 3.498460166156e-03 2.671048045158e-03 3.197346581146e-03 3.402885515243e-03 3.417688887566e-03 3.358230227605e-03 3.438950981945e-03 4.427506122738e-03 7.448457647115e-03
3.733898326755e-02 6.107487156987e-02 8.819399774075e-02 1.148267239332e-01 1.261501014233e-01 1.033802106977e-01 1.174429953098e-01 1.436521261930e-01 2.048879265785e-01 8.075829595327e-02 8.325266093016e-02 5.088025331497e-02 2.052448876202e-02 8.625214919448e-03 5.971176084131e-03 4.865705966949e-03 4.360765684396e-03 3.931600134820e-03 3.604882396758e-03 3.396681742743e-03 3.778376849368e-03 2.926176879555e-03 2.965998370200e-03 2.955803880468e-03 3.115513594821e-03 3.272965783253e-03 3.303503384814e-03 3.026378573850e-03 2.596617676318e-03 3.114887746051e-03 3.023944562301e-03 2.930349903181e-03 3.288998501375e-03 3.667552722618e-03 3.372871782631e-03 2.642422216013e-03 2.970027970150e-03 3.335837274790e-03 3.425966482610e-03 3.461053129286e-03 4.014063626528e-03 4.818157292902e-03 6.089164409786e-03
4.091654717922e-02 1.245052143931e-01 2.307520359755e-01 1.361172348261e-01 8.741892129183e-02 1.511571109295e-01 2.011632919312e-01 2.705180644989e-01 1.333341300488e-01 6.881476938725e-02 3.255982697010e-02 1.888053491712e-02 7.887104526162e-03 5.077037494630e-03 3.577053081244e-03 3.021619515494e-03 2.773956395686e-03 2.579444553703e-03 2.650075126439e-03 2.824345603585e-03 2.901089377701e-03 2.687364351004e-03 2.617745893076e-03 2.809511264786e-03 3.357867943123e-03 3.912262152880e-03 4.279440734535e-03 4.159456118941e-03 3.285320242867e-03 2.535732695833e-03 2.513406798244e-03 2.319400431588e-03 2.354001626372e-03 2.943723928183e-03 3.048787824810e-03 2.842137590051e-03 2.700401470065e-03 3.164323745295e-03 3.341024275869e-03 3.374777734280e-03 3.849856089801e-03 5.335883703083e-03 7.223302964121e-03
7.696013897657e-02 2.415913045406e-01 1.859369128942e-01 1.500654071569e-01 1.643595695496e-01 1.572145670652e-01 1.103353425860e-01 1.081404685974e-01 8.422224968672e-02 4.326810687780e-02 1.578726619482e-02 9.809268638492e-03 5.250734277070e-03 3.389620920643e-03 2.684364328161e-03 2.211169572547e-03 2.209050580859e-03 2.358987694606e-03 2.304145134985e-03 2.240538364276e-03 2.434713067487e-03 2.494860207662e-03 2.425991464406e-03 2.432163804770e-03 3.060691757128e-03 3.758536651731e-03 4.268757533282e-03 4.258444067091e-03 3.457847982645e-03 2.338027348742e-03 2.442723605782e-03 2.528994111344e-03 2.067684428766e-03 2.165215555578e-03 2.583732828498e-03 2.886148169637e-03 2.916183788329e-03 2.895447891206e-03 3.165603149682e-03 3.304683370516e-03 3.269418375567e-03 3.704573493451e-03 4.683330189437e-03
1.036829128861e-01 1.759146302938e-01 1.044917702675e-01 6.404226273298e-02 4.276100173593e-02 5.239597335458e-02 4.617235809565e-02 5.515432357788e-02 4.647168144584e-02 1.620217598975e-02 1.142180338502e-02 6.810664199293e-03 5.574264097959e-03 4.133934620768e-03 2.574945334345e-03 2.089892281219e-03 2.271607285365e-03 2.290959702805e-03 2.085784450173e-03 2.007457194850e-03 2.330144168809e-03 2.553061814979e-03 2.672154456377e-03 2.578028710559e-03 2.387589775026e-03 2.854326274246e-03 3.186450107023e-03 3.158490406349e-03 2.610623836517e-03 2.102395286784e-03 2.171033294871e-03 2.382489386946e-03 2.273144898936e-03 1.922945026308e-03 1.982516609132e-03 2.358335303143e-03 2.622016239911e-03 2.567972755060e-03 2.922322833911e-03 3.173876320943e-03 3.232935676351e-03 3.395457053557e-03 3.806779859588e-03
1.485280990601e-01 1.220475286245e-01 3.961677104235e-02 2.994948998094e-02 3.176132962108e-02 1.915647648275e-02 2.721505612135e-02 4.404072463512e-02 2.933572046459e-02 1.425451599061e-02 1.077723409981e-02 5.977939348668e-03 5.824530031532e-03 5.520056933165e-03 3.450370859355e-03 2.722389064729e-03 2.310317009687e-03 2.203965326771e-03 1.900245435536e-03 1.934469444677e-03 2.341870218515e-03 2.809209050611e-03 3.088637953624e-03 2.884680405259e-03 2.463832031935e-03 2.113891066983e-03 2.270509721711e-03 2.424221718684e-03 2.429121872410e-03 2.598131075501e-03 2.334648976102e-03 2.171342726797e-03 2.183733973652e-03 1.980514964089e-03 1.935058622621e-03 2.311089076102e-03 2.526119351387e-03 2.459894167259e-03 2.631538081914e-03 2.960688201711e-03 3.104398027062e-03 3.463604021817e-03 4.381820559502e-03
2.349511981010e-01 1.032067909837e-01 2.016705833375e-02 1.439914479852e-02 1.102192513645e-02 1.357436832041e-02 1.449634786695e-02 3.302221745253e-02 3.343395888805e-02 2.036765217781e-02 1.014743000269e-02 5.793691147119e-03 5.012301262468e-03 5.237020086497e-03 4.294868092984e-03 2.639093203470e-03 2.288595540449e-03 2.119896700606e-03 1.761429361068e-03 1.911864615977e-03 2.395501127467e-03 3.126987023279e-03 3.409971017390e-03 3.028692910448e-03 2.544265007600e-03 2.241361420602e-03 2.344871871173e-03 2.611967502162e-03 2.729731379077e-03 2.719647949561e-03 2.519090194255e-03 2.101640449837e-03 2.412536880001e-03 1.986270071939e-03 1.884697354399e-03 2.035373356193e-03 2.557852072641e-03 2.815501065925e-03 2.998745068908e-03 3.407417563722e-03 3.912035841495e-03 4.060524515808e-03 3.946246579289e-03
2.010510712862e-01 6.228470802307e-02 1.536263804883e-02 8.630933240056e-03 7.929109968245e-03 9.200356900692e-03 1.707469113171e-02 2.184657193720e-02 2.633791603148e-02 1.837563700974e-02 1.205420028418e-02 6.730496417731e-03 4.420691635460e-03 3.785074455664e-03 3.623055294156e-03 3.059068461880e-03 2.658890793100e-03 2.921497682109e-03 2.438169904053e-03 2.110283821821e-03 2.630719449371e-03 3.511585760862e-03 3.655189415440e-03 3.070765407756e-03 2.607776084915e-03 2.376585500315e-03 2.449456835166e-03 2.751680323854e-03 2.976489020512e-03 2.780774142593e-03 2.486782614142e-03 2.056826837361e-03 2.460017101839e-03 1.901291077957e-03 1.827937900089e-03 1.777051482350e-03 1.922316732816e-03 2.531872130930e-03 3.224633866921e-03 4.150893073529e-03 5.066809244454e-03 5.427279975265e-03 5.487770307809e-03
1.058671176434e-01 1.952503994107e-02 9.170098230243e-03 7.951825857162e-03 6.653439253569e-03 6.818066816777e-03 1.101500540972e-02 6.100196857005e-03 1.599813997746e-02 2.417220734060e-02 1.715497113764e-02 1.305234711617e-02 6.530862301588e-03 4.012482706457e-03 3.427520394325e-03 3.451589029282e-03 3.659732174128e-03 3.290436696261e-03 2.879515057430e-03 2.574448706582e-03 3.145368071273e-03 3.861422883347e-03 3.717814339325e-03 3.131202422082e-03 2.794811502099e-03 2.629843773320e-03 2.617813181132e-03 2.890042960644e-03 3.148321760818e-03 3.022669814527e-03 2.529663266614e-03 2.019434468821e-03 2.320865401998e-03 2.104442566633e-03 1.814104267396e-03 1.803299412131e-03 1.737292390317e-03 1.816248171963e-03 2.332138130441e-03 3.564556362107e-03 4.867149982601e-03 5.674166139215e-03 6.136589217931e-03
2.864952385426e-02 1.111727301031e-02 7.169409655035e-03 6.864035502076e-03 5.370903294533e-03 4.879212472588e-03 4.948327317834e-03 4.629950039089e-03 5.821324419230e-03 1.994448155165e-02 2.209696359932e-02 3.241392225027e-02 2.073866315186e-02 7.443988695741e-03 4.615312907845e-03 3.846013685688e-03 4.122651647776e-03 4.882996901870e-03 4.544363357127e-03 3.629639511928e-03 3.583669429645e-03 4.012781661004e-03 3.607176477090e-03 3.113507060334e-03 2.930342452601e-03 2.901799976826e-03 2.957563148811e-03 2.955296076834e-03 3.224381944165e-03 3.248740918934e-03 2.806603675708e-03 2.165640005842e-03 2.175669884309e-03 2.178922295570e-03 2.026490634307e-03 2.075681928545e-03 2.054994227365e-03 2.018687082455e-03 1.991839846596e-03 2.045808127150e-03 2.770764054731e-03 3.689637174830e-03 4.349398426712e-03
1.024320814759e-02 6.429120898247e-03 6.427810061723e-03 5.608819890767e-03 4.581919405609e-03 4.157823976129e-03 3.607314545661e-03 3.598710056394e-03 4.264387767762e-03 8.266934193671e-03 3.305612131953e-02 8.118633925915e-02 5.569551512599e-02 1.774551346898e-02 7.794325705618e-03 4.834488034248e-03 4.282506648451e-03 5.143723916262e-03 4.977158270776e-03 5.289274733514e-03 5.089232232422e-03 4.194690380245e-03 3.752532880753e-03 3.366090124473e-03 3.262845100835e-03 3.286817576736e-03 3.281068522483e-03 3.196301171556e-03 3.235940821469e-03 3.425661940128e-03 3.103744238615e-03 2.268191659823e-03 2.119121840224e-03 2.090992173180e-03 2.187236445025e-03 2.347691683099e-03 2.456804504618e-03 2.490385901183e-03 2.468734979630e-03 2.378422766924e-03 2.386586274952e-03 2.511367900297e-03 2.592289587483e-03
9.243139997125e-03 5.255931057036e-03 5.724105052650e-03 4.380749538541e-03 3.583098761737e-03 3.381204791367e-03 2.932520583272e-03 3.035250352696e-03 3.076930530369e-03 5.726962350309e-03 2.503982931376e-02 6.756322085857e-02 6.094313040376e-02 3.925515711308e-02 9.521428495646e-03 5.228988826275e-03 3.979020286351e-03 5.750400945544e-03 6.823784206063e-03 6.398453842849e-03 5.231690593064e-03 4.093180876225e-03 4.051016643643e-03 3.809256944805e-03 3.680836642161e-03 3.595648333430e-03 3.442107466981e-03 3.140391549096e-03 3.269295673817e-03 3.465362824500e-03 3.059226786718e-03 2.384402323514e-03 2.469782950357e-03 2.391098532826e-03 2.268109004945e-03 2.194568049163e-03 2.344323322177e-03 2.434203866869e-03 2.408278640360e-03 2.252833452076e-03 2.501257462427e-03 2.952737500891e-03 3.273811889812e-03
1.140318997204e-02 6.006557028741e-03 5.054289009422e-03 3.905460471287e-03 2.928184345365e-03 2.763432916254e-03 2.819733694196e-03 2.770689548925e-03 2.787787234411e-03 3.580030985177e-03 9.501845575869e-03 3.462578728795e-02 1.257866621017e-01 9.703820943832e-02 1.625991612673e-02 6.111361552030e-03 6.753302644938e-03 7.202418986708e-03 6.402308586985e-03 5.094109103084e-03 4.137570504099e-03 4.222138784826e-03 4.473449662328e-03 4.330865573138e-03 4.035748541355e-03 3.661727299914e-03 3.168476279825e-03 2.882058965042e-03 3.387613920495e-03 3.492895979434e-03 3.162562381476e-03 3.513212082908e-03 3.522113664076e-03 3.331117797643e-03 2.996679628268e-03 2.330263610929e-03 1.960465451702e-03 1.943512936123e-03 1.996807986870e-03 2.145919483155e-03 2.521280897781e-03 3.141872351989e-03 3.891882719472e-03
1.207904703915e-02 6.820534821600e-03 5.113199353218e-03 3.407031763345e-03 2.543830312788e-03 2.669223118573e-03 2.635790966451e-03 2.700553508475e-03 2.429558429867e-03 2.738515147939e-03 5.365788005292e-03 1.761379651725e-02 6.110699847341e-02 5.382975190878e-02 1.795636117458e-02 1.021108031273e-02 8.390560746193e-03 6.508752238005e-03 5.013361573219e-03 4.015195183456e-03 3.998097497970e-03 4.263243172318e-03 4.530739970505e-03 4.307718481869e-03 3.720702137798e-03 3.018913092092e-03 2.483164891601e-03 2.710455795750e-03 3.413656959310e-03 3.597999224439e-03 3.748960094526e-03 4.118950571865e-03 4.089342895895e-03 3.808734240010e-03 3.237924072891e-03 2.438723109663e-03 2.497207606211e-03 2.591329393908e-03 2.743944991380e-03 2.873919904232e-03 2.909627277404e-03 3.234663279727e-03 4.173001740128e-03
1.129391696304e-02 6.097987294197e-03 4.300045315176e-03 2.674495102838e-03 2.443352248520e-03 2.636533230543e-03 2.546461299062e-03 2.201807918027e-03 1.748467911966e-03 2.469713566825e-03 4.563087597489e-03 7.796092890203e-03 2.155094221234e-02 2.556927688420e-02 1.849816925824e-02 1.132216211408e-02 7.158524822444e-03 5.086455028504e-03 4.713634494692e-03 4.575318656862e-03 4.117621574551e-03 3.891556058079e-03 3.762750886381e-03 3.305360674858e-03 2.607649890706e-03 2.314469311386e-03 2.285011112690e-03 2.446238650009e-03 3.188150469214e-03 3.575182287022e-03 2.654067939147e-03 2.895188052207e-03 2.895473968238e-03 2.707315608859e-03 2.636560006067e-03 2.880216110498e-03 3.111064666882e-03 3.416896332055e-03 3.750370349735e-03 3.938204143196e-03 3.866671584547e-03 3.603376215324e-03 4.096468444914e-03
1.009149290621e-02 4.507568664849e-03 3.088654484600e-03 1.915434142575e-03 2.287907525897e-03 2.539494773373e-03 2.432558219880e-03 2.006718190387e-03 1.481060637161e-03 2.222745213658e-03 4.099841229618e-03 6.343946792185e-03 1.499651931226e-02 1.921165175736e-02 1.492052525282e-02 8.830664679408e-03 5.465911701322e-03 5.070610903203e-03 4.987603984773e-03 4.179444629699e-03 3.321121213958e-03 2.772961976007e-03 2.425842452794e-03 2.032720251009e-03 1.892932923511e-03 1.863585901447e-03 1.872239983641e-03 2.081111771986e-03 2.780027221888e-03 3.261039266363e-03 2.530784578994e-03 1.984894042835e-03 1.904359785840e-03 2.432651119307e-03 2.876556944102e-03 3.265353851020e-03 3.715310012922e-03 4.275108687580e-03 4.800128750503e-03 5.013362970203e-03 4.768508020788e-03 4.205024335533e-03 4.039008636028e-03
