VariationalSeries/SI/f149_max.grd
DSAA
101	101
32.816463539100	34.260883539100
35.556306596100	36.727886596100
8.494358189637e-05	1.369117259979e+01
[rows 57 to 75 of 101, columns 0 to 42 of 101]
4.678337369114e-03 7.683668751270e-03 8.318524807692e-03 8.325660601258e-03 8.858269080520e-03 1.083154324442e-02 1.212798245251e-02 1.329718157649e-02 1.438909675926e-02 1.470532268286e-02 1.414937525988e-02 1.976536773145e-02 3.383262455463e-02 1.848441921175e-02 1.348789967597e-02 2.031996659935e-02 1.820131391287e-02 2.017111517489e-02 2.437018789351e-02 2.561786212027e-02 2.623541466892e-02 1.959353126585e-02 1.368116494268e-02 1.202461868525e-02 1.303834188730e-02 1.806120388210e-02 2.887882851064e-02 3.583500161767e-02 2.800562418997e-02 1.635092869401e-02 1.274927332997e-02 1.008457876742e-02 1.056058797985e-02 1.259545143694e-02 1.497437339276e-02 1.922073215246e-02 2.213950827718e-02 2.389362081885e-02 3.945260867476e-02 5.169750377536e-02 4.426366463304e-02 3.917598351836e-02 4.435800388455e-02
5.900234915316e-03 9.656414389610e-03 1.103139948100e-02 1.119375508279e-02 1.106777042150e-02 1.076132338494e-02 1.075564790517e-02 1.125750318170e-02 1.172073651105e-02 1.913846097887e-02 6.203142926097e-02 7.178058475256e-02 2.680767327547e-02 1.377746090293e-02 1.383227389306e-02 1.303241308779e-02 1.407717820257e-02 1.402642112225e-02 1.583675108850e-02 2.009967155755e-02 2.438737265766e-02 2.606656588614e-02 1.820681430399e-02 1.148478779942e-02 1.322169136256e-02 2.017827704549e-02 3.048772737384e-02 3.266974166036e-02 3.312720730901e-02 2.104891836643e-02 1.265404559672e-02 1.148506999016e-02 1.105353143066e-02 1.313107926399e-02 1.549838017672e-02 1.602706871927e-02 1.645806431770e-02 1.728717423975e-02 1.746541634202e-02 1.884674280882e-02 2.262769453228e-02 3.091239184141e-02 3.556588292122e-02
7.902593351901e-03 1.299143675715e-02 1.503061782569e-02 2.144736424088e-02 2.754979953170e-02 3.497264906764e-02 4.602609202266e-02 6.713809818029e-02 1.231712251902e-01 1.738263666630e-01 1.155499070883e-01 2.940229326487e-02 1.979725994170e-02 1.731573231518e-02 1.258784998208e-02 1.328290905803e-02 1.404664386064e-02 1.383002009243e-02 1.311046909541e-02 1.394236832857e-02 2.355053275824e-02 2.670567296445e-02 1.891973987222e-02 1.084429491311e-02 8.543667383492e-03 1.318096835166e-02 1.869675330818e-02 1.908497326076e-02 2.019192837179e-02 1.640170626342e-02 1.142961997539e-02 1.200485043228e-02 1.135305687785e-02 1.273597776890e-02 1.536547206342e-02 1.590617373586e-02 1.513141673058e-02 1.384939812124e-02 1.292996108532e-02 1.446781586856e-02 1.838999614120e-02 2.362146228552e-02 3.099789656699e-02
7.724913302809e-03 1.390308700502e-02 2.428477443755e-02 3.472942858934e-02 4.397888481617e-02 5.825458467007e-02 8.478348702192e-02 1.266196668148e-01 1.272071301937e-01 5.881240591407e-02 1.413807831705e-02 1.648545823991e-02 1.793012954295e-02 1.593213528395e-02 1.434417068958e-02 1.506043411791e-02 1.509734056890e-02 1.449101511389e-02 1.121229026467e-02 1.089146360755e-02 1.695443317294e-02 1.893063262105e-02 1.403418183327e-02 8.754766546190e-03 6.704038940370e-03 7.230673916638e-03 9.694417007267e-03 1.198247820139e-02 1.425922289491e-02 1.230175327510e-02 1.124907005578e-02 1.049580797553e-02 1.119441259652e-02 1.239292137325e-02 1.486791949719e-02 1.522178389132e-02 1.374698895961e-02 1.174539979547e-02 1.089810766280e-02 1.211122050881e-02 1.783442124724e-02 2.247312851250e-02 2.834365703166e-02
4.676999989897e-03 8.151805959642e-03 9.964517317712e-03 1.048641372472e-02 1.050239428878e-02 1.045221462846e-02 1.035511121154e-02 1.012590434402e-02 9.923588484526e-03 9.696109220386e-03 9.088480845094e-03 9.580803103745e-03 1.053632050753e-02 1.348053943366e-02 1.516150962561e-02 1.583823375404e-02 1.524817850441e-02 1.353131141514e-02 9.992872364819e-03 7.916115224361e-03 9.472499601543e-03 9.841974824667e-03 7.756417617202e-03 5.735894665122e-03 5.039970856160e-03 5.602169316262e-03 7.184408605099e-03 8.634854108095e-03 1.023552939296e-02 1.101552415639e-02 1.042001042515e-02 9.304600767791e-03 1.076732110232e-02 1.302975881845e-02 1.554627623409e-02 1.502215024084e-02 1.244682725519e-02 9.897083044052e-03 1.104579400271e-02 1.236690767109e-02 1.844235137105e-02 2.289561927319e-02 2.673009224236e-02
2.193559426814e-03 4.088568501174e-03 5.302532110363e-03 5.855900701135e-03 6.070180796087e-03 6.244847550988e-03 6.411361973733e-03 6.532628554851e-03 6.722965277731e-03 6.913112010807e-03 6.770205218345e-03 6.361378356814e-03 6.517575588077e-03 8.653701283038e-03 1.018141768873e-02 1.072053983808e-02 9.758154861629e-03 8.685400709510e-03 7.336355745792e-03 6.190711632371e-03 5.031493958086e-03 4.704234190285e-03 3.878967603669e-03 4.351038020104e-03 5.133804399520e-03 5.396211985499e-03 5.962050985545e-03 7.180635351688e-03 8.665239438415e-03 9.475371800363e-03 9.329199790955e-03 8.802568539977e-03 1.076076831669e-02 1.444532070309e-02 1.677762903273e-02 1.512349117547e-02 1.131310407072e-02 9.675962850451e-03 1.132315210998e-02 1.333439536393e-02 1.790478080511e-02 1.996297761798e-02 2.305265516043e-02
1.512445625849e-03 2.547396114096e-03 3.163678571582e-03 3.591821528971e-03 3.864119062200e-03 4.101285245270e-03 4.328879062086e-03 4.518815781921e-03 4.745604470372e-03 4.977469798177e-03 5.007138475776e-03 4.845711402595e-03 4.661098588258e-03 4.495811648667e-03 4.553899168968e-03 5.167326889932e-03 5.450595170259e-03 5.376699380577e-03 4.932659212500e-03 4.694439005107e-03 4.001699853688e-03 3.755505429581e-03 3.347431775182e-03 4.434184636921e-03 5.468355026096e-03 5.988204851747e-03 5.948312114924e-03 5.873937159777e-03 7.157418411225e-03 7.955417037010e-03 8.140905760229e-03 8.086099289358e-03 1.093182619661e-02 1.529381703585e-02 1.686475239694e-02 1.405378244817e-02 9.909112937748e-03 9.734794497490e-03 1.184211019427e-02 1.329819858074e-02 1.526485010982e-02 1.757966168225e-02 1.806977950037e-02
1.223621540703e-03 2.084412379190e-03 2.627851208672e-03 2.889720024541e-03 3.075866727158e-03 3.233592258766e-03 3.349191509187e-03 3.370398422703e-03 3.478028578684e-03 3.611475462094e-03 3.639491507784e-03 3.578647505492e-03 3.517929930240e-03 3.437499282882e-03 3.583188867196e-03 4.118486773223e-03 4.378085024655e-03 4.319324623793e-03 3.993227612227e-03 3.734094323590e-03 3.891781205311e-03 3.780422499403e-03 3.323990153149e-03 4.426212050021e-03 5.588734056801e-03 6.296467036009e-03 6.374529562891e-03 6.166160106659e-03 6.301681511104e-03 6.901601795107e-03 7.181358523667e-03 7.576743140817e-03 1.087964698672e-02 1.496905460954e-02 1.540121901780e-02 1.209487952292e-02 9.147921577096e-03 1.018081698567e-02 1.240503042936e-02 1.310405507684e-02 1.353920157999e-02 1.465215161443e-02 1.346243545413e-02
1.170177012682e-03 1.874742330983e-03 2.377920318395e-03 2.609025919810e-03 2.707310486585e-03 2.791432896629e-03 2.819883171469e-03 2.794889034703e-03 2.807136857882e-03 2.842396497726e-03 2.886008238420e-03 2.994664479047e-03 3.079996677116e-03 3.148703370243e-03 3.230329602957e-03 3.350986633450e-03 3.577227238566e-03 3.631600644439e-03 3.664636518806e-03 3.511881688610e-03 3.576746443287e-03 3.741471795365e-03 3.320490010083e-03 4.191309213638e-03 5.302005913109e-03 6.038346327841e-03 6.163009908050e-03 6.011119112372e-03 6.338087376207e-03 6.517381872982e-03 6.634226534516e-03 7.093286141753e-03 1.021040230989e-02 1.344456057996e-02 1.305108331144e-02 1.040496863425e-02 9.068104438484e-03 1.091757323593e-02 1.256211288273e-02 1.226060651243e-02 1.178558636457e-02 1.188930496573e-02 1.102787815034e-02
1.096412306651e-03 1.740786712617e-03 2.184168202803e-03 2.380065387115e-03 2.462828299031e-03 2.523160073906e-03 2.527788979933e-03 2.470015548170e-03 2.509303856641e-03 2.697716467083e-03 2.859587082639e-03 3.005103440955e-03 3.133426187560e-03 3.240773454309e-03 3.337668487802e-03 3.431201679632e-03 3.499753307551e-03 3.508994821459e-03 3.437738399953e-03 3.340124618262e-03 3.347657853737e-03 3.612529952079e-03 3.414180828258e-03 3.799807978794e-03 4.742353223264e-03 5.395607557148e-03 6.220150738955e-03 6.787311751395e-03 6.809774320573e-03 6.585265044123e-03 6.433005910367e-03 6.624962668866e-03 8.979462087154e-03 1.120932400227e-02 1.073175761849e-02 9.296741336584e-03 9.795314632356e-03 1.111140288413e-02 1.188211981207e-02 1.077836193144e-02 9.876396507025e-03 9.388576261699e-03 9.436373598874e-03
1.011545420624e-03 1.603425829671e-03 2.008693292737e-03 2.195878187194e-03 2.273956080899e-03 2.306274371222e-03 2.286938717589e-03 2.302002161741e-03 2.352476585656e-03 2.553429687396e-03 2.734070178121e-03 2.903028856963e-03 3.057910595089e-03 3.187233814970e-03 3.286853665486e-03 3.350795945153e-03 3.357421373948e-03 3.616860602051e-03 3.693388309330e-03 3.427856368944e-03 3.131927689537e-03 3.315280191600e-03 3.383258590475e-03 3.412907710299e-03 4.170766565949e-03 4.714092239738e-03 5.675338208675e-03 6.591860670596e-03 6.806217133999e-03 6.579345557839e-03 6.307075265795e-03 6.251392420381e-03 7.170560769737e-03 8.703074418008e-03 8.541401475668e-03 7.895398885012e-03 8.473526686430e-03 9.417389519513e-03 9.739210829139e-03 8.474736474454e-03 7.734519895166e-03 7.172326557338e-03 7.115341722965e-03
9.401172865182e-04 1.492703333497e-03 1.877602539025e-03 2.064037835225e-03 2.131222048774e-03 2.133567817509e-03 2.097134944052e-03 2.128790598363e-03 2.214347710833e-03 2.300130203366e-03 2.485932083800e-03 2.661324804649e-03 2.823420334607e-03 2.959524746984e-03 3.057365305722e-03 3.190585877746e-03 3.481474239379e-03 3.918806090951e-03 4.112349823117e-03 4.001351073384e-03 3.662971546873e-03 3.258921438828e-03 3.359134774655e-03 3.398362314329e-03 3.714786143973e-03 4.152053035796e-03 4.280485678464e-03 5.132725927979e-03 5.805364809930e-03 6.007846444845e-03 5.931001622230e-03 5.973749328405e-03 6.153729278594e-03 6.425704807043e-03 6.334163248539e-03 6.125893909484e-03 6.477758754045e-03 7.566509768367e-03 8.055169135332e-03 6.615323480219e-03 5.913832690567e-03 5.281321238726e-03 5.785492248833e-03
8.885142160580e-04 1.414969912730e-03 1.786770997569e-03 1.963451737538e-03 2.009296091273e-03 1.991239376366e-03 1.954593928531e-03 1.964210765436e-03 2.036210848019e-03 2.123473910615e-03 2.160893287510e-03 2.331234049052e-03 2.487602643669e-03 2.621286548674e-03 2.741781529039e-03 3.031254047528e-03 3.543394617736e-03 4.042807500809e-03 4.381613805890e-03 4.484162665904e-03 4.362492356449e-03 4.103908315301e-03 3.792168572545e-03 3.505359403789e-03 3.365025157109e-03 3.719945903867e-03 3.796166507527e-03 3.637821879238e-03 4.385025240481e-03 5.032067652792e-03 5.458461586386e-03 5.773192271590e-03 5.967671051621e-03 5.833500530571e-03 5.174235440791e-03 5.060961004347e-03 5.670521408319e-03 7.174729835242e-03 8.321600966156e-03 7.471160497516e-03 5.495698656887e-03 4.905913956463e-03 5.578488577157e-03
8.701094775461e-04 1.383511698805e-03 1.740480540320e-03 1.896349596791e-03 1.919546746649e-03 1.890453044325e-03 1.891564927064e-03 1.916681532748e-03 1.885356730781e-03 1.907744095661e-03 1.977730542421e-03 2.185394288972e-03 2.403348684311e-03 2.629359019920e-03 2.829338656738e-03 3.101772628725e-03 3.606081241742e-03 4.117035772651e-03 4.577140323818e-03 4.862724337727e-03 4.912992939353e-03 4.793225787580e-03 4.588147625327e-03 4.378790967166e-03 4.256025422364e-03 4.176658578217e-03 4.023129586130e-03 3.791748778895e-03 4.343596752733e-03 4.872458986938e-03 5.266505293548e-03 5.626729223877e-03 5.819685291499e-03 5.438967607915e-03 5.165578797460e-03 5.351522937417e-03 5.713688209653e-03 6.927475333214e-03 8.011274971068e-03 7.264887914062e-03 5.611512344331e-03 4.886253271252e-03 5.562572274357e-03
8.852563914843e-04 1.400307519361e-03 1.745781861246e-03 1.882104901597e-03 1.888571190648e-03 1.848373445682e-03 1.862136297859e-03 1.873346976936e-03 1.913668122143e-03 1.923021045513e-03 2.047960879281e-03 2.253582701087e-03 2.454537898302e-03 2.645824803039e-03 2.800558460876e-03 3.195987548679e-03 3.767695277929e-03 4.308804869652e-03 4.832079168409e-03 5.211954936385e-03 5.336880683899e-03 5.258949007839e-03 5.065615288913e-03 4.824900068343e-03 4.626613575965e-03 4.429315682501e-03 4.097429569811e-03 3.709068289027e-03 4.256950225681e-03 4.717156291008e-03 5.111426580697e-03 5.492816213518e-03 5.621494725347e-03 5.168298259377e-03 5.239763297141e-03 5.432091653347e-03 5.845903884619e-03 6.710516754538e-03 7.233668584377e-03 6.361193023622e-03 5.200106650591e-03 4.539134912193e-03 5.164964124560e-03
9.085010970011e-04 1.432650256902e-03 1.772829680704e-03 1.897612819448e-03 1.894244574942e-03 1.899367198348e-03 1.979124732316e-03 2.034564968199e-03 2.065728651360e-03 2.069827634841e-03 2.050714101642e-03 2.166729653254e-03 2.377376426011e-03 2.659519668669e-03 2.750635379925e-03 3.134173573926e-03 3.858820069581e-03 4.484737291932e-03 4.980964120477e-03 5.293156486005e-03 5.362803582102e-03 5.219113547355e-03 4.949741996825e-03 4.634093493223e-03 4.338212311268e-03 4.039713181555e-03 3.616383066401e-03 3.706678282470e-03 4.177175927907e-03 4.591459408402e-03 4.968163091689e-03 5.283606704324e-03 5.286984611303e-03 4.854415543377e-03 5.385606549680e-03 6.740733049810e-03 6.381846964359e-03 6.618900224566e-03 6.381063256413e-03 5.433796439320e-03 4.707409068942e-03 4.131773021072e-03 4.689409397542e-03
8.956255041994e-04 1.407753443345e-03 1.731753465720e-03 1.846915460192e-03 1.842842553742e-03 1.907825935632e-03 1.959191635251e-03 1.983941299841e-03 1.989833312109e-03 1.977198524401e-03 1.969888573512e-03 2.210607985035e-03 2.572029596195e-03 2.880010521039e-03 2.971840323880e-03 2.906938781962e-03 3.692097030580e-03 4.332614596933e-03 4.693801514804e-03 4.820196889341e-03 4.752081353217e-03 4.494147840887e-03 4.151035100222e-03 3.853633301333e-03 3.613121341914e-03 3.354190150276e-03 3.347730962560e-03 3.677527653053e-03 4.093383438885e-03 4.465851467103e-03 4.790578968823e-03 4.971100017428e-03 4.833047278225e-03 4.656747449189e-03 5.612103268504e-03 6.014263257384e-03 6.120179314166e-03 6.653863471001e-03 6.454529706389e-03 5.291624460369e-03 4.596365150064e-03 4.225501324981e-03 4.555320367217e-03
8.192713721655e-04 1.279572607018e-03 1.564732869156e-03 1.664687879384e-03 1.766599947587e-03 1.843359437771e-03 1.810090965591e-03 1.748232287355e-03 1.727139810100e-03 1.838542521000e-03 2.007358940318e-03 2.320388099179e-03 2.742340089753e-03 3.061376977712e-03 3.150174394250e-03 3.097187029198e-03 3.381331684068e-03 3.925909288228e-03 4.129709210247e-03 4.083480220288e-03 3.878828603774e-03 3.519022371620e-03 3.365596057847e-03 3.984242212027e-03 4.039225168526e-03 3.870622022077e-03 3.790367860347e-03 3.803731407970e-03 3.981307148933e-03 4.305820446461e-03 4.532117862254e-03 4.538724198937e-03 4.261669702828e-03 4.302107729018e-03 5.109905730933e-03 7.259008940309e-03 6.214931141585e-03 8.719958364964e-03 7.734951563179e-03 6.529805250466e-03 5.536217242479e-03 4.558953922242e-03 5.133701022714e-03
8.485782891512e-04 1.250797999091e-03 1.534866751172e-03 1.772643183358e-03 1.953034545295e-03 1.995581667870e-03 1.937464810908e-03 1.828019274399e-03 1.700503984466e-03 1.856612623669e-03 2.057362115011e-03 2.436952432618e-03 2.903843531385e-03 3.228768007830e-03 3.316179849207e-03 3.264005295932e-03 3.104502335191e-03 3.574777860194e-03 3.711889497936e-03 3.904897486791e-03 5.306587088853e-03 4.866234026849e-03 3.653935855255e-03 4.155612085015e-03 4.033390898257e-03 3.714452264830e-03 3.526461543515e-03 3.512196708471e-03 3.846405074000e-03 4.096964839846e-03 4.183313809335e-03 4.018298350275e-03 3.651723964140e-03 3.865554928780e-03 4.294096026570e-03 6.453437265009e-03 8.091867901385e-03 1.267433445901e-02 1.171998772770e-02 7.737538777292e-03 5.893772002310e-03 5.420711357147e-03 6.676732096821e-03
