VariationalSeries/SI/f149_max.grd
DSAA
101	101
32.816463539100	34.260883539100
35.556306596100	36.727886596100
8.494358189637e-05	1.369117259979e+01
[rows 57 to 75 of 101, columns 43 to 85 of 101]
5.815991386771e-02 6.891803443432e-02 3.507532179356e-02 3.881262615323e-02 3.844149038196e-02 6.190125644207e-02 6.994140893221e-02 9.442643076181e-02 8.240608125925e-02 4.489573463798e-02 3.115834109485e-02 2.621594816446e-02 1.932817697525e-02 3.422129526734e-02 1.423908472061e-01 4.781329929829e-01 1.063781619072e+00 9.991003870964e-01 1.434344768524e+00 4.886734485626e-01 1.408446729183e-01 1.076141223311e-01 1.957089751959e-01 3.578430116177e-01 6.125331521034e-01 5.553238987923e-01 6.036643981934e-01 4.906901419163e-01 6.419680714607e-01 5.903303623199e-01 6.234305500984e-01 4.646433591843e-01 4.843057394028e-01 6.794773340225e-01 4.219841957092e-01 2.648030221462e-01 3.091840744019e-01 4.339198172092e-01 5.441488027573e-01 3.934738934040e-01 1.638081222773e-01 1.438773572445e-01 1.391205787659e-01
4.649806022644e-02 7.720642536879e-02 2.832016162574e-02 3.010929934680e-02 2.984092757106e-02 4.492331668735e-02 8.822432160378e-02 2.845512330532e-01 2.265970110893e-01 4.847842827439e-02 2.879022248089e-02 1.944010891020e-02 1.504504680634e-02 1.485072448850e-02 2.963629923761e-02 2.852701246738e-01 3.343414664268e-01 3.485572040081e-01 2.829133272171e-01 2.865954339504e-01 2.095290869474e-01 1.592160165310e-01 1.228573769331e-01 7.341254502535e-02 1.906002163887e-01 3.818367421627e-01 6.661692857742e-01 6.785166859627e-01 7.400736212730e-01 4.076855778694e-01 5.372317433357e-01 4.901527762413e-01 4.201589822769e-01 3.696487247944e-01 3.758594393730e-01 2.831359505653e-01 2.775180637836e-01 3.342773914337e-01 3.289720714092e-01 3.018640875816e-01 3.137525618076e-01 3.294043242931e-01 3.086293041706e-01
3.841914236546e-02 3.709800913930e-02 2.581051178277e-02 2.740705385804e-02 2.787623368204e-02 4.090237990022e-02 1.253697127104e-01 3.225288391113e-01 3.196496963501e-01 7.182004302740e-02 2.947002463043e-02 1.666688546538e-02 1.188218593597e-02 1.085172593594e-02 1.105947233737e-02 1.386996638030e-02 1.924493536353e-02 2.620208635926e-02 3.407641500235e-02 4.182758554816e-02 4.925733059645e-02 5.801868066192e-02 3.896578028798e-02 3.914663940668e-02 9.378801286221e-02 4.365844130516e-01 7.523905038834e-01 8.532596230507e-01 8.184382915497e-01 8.267510533333e-01 5.458133816719e-01 4.724104404449e-01 4.012372195721e-01 3.654893338680e-01 5.134460926056e-01 4.424047172070e-01 3.668606877327e-01 2.297396659851e-01 2.472279816866e-01 2.079092413187e-01 1.832646429539e-01 1.737164258957e-01 1.520081460476e-01
3.547237068415e-02 3.197225928307e-02 2.498488686979e-02 2.779359929264e-02 3.161129355431e-02 4.155144840479e-02 2.818871736526e-01 3.230520784855e-01 3.978799879551e-01 5.533799901605e-02 2.587105520070e-02 1.610931567848e-02 1.081570610404e-02 8.780265226960e-03 8.369958028197e-03 8.791345171630e-03 1.078603882343e-02 1.422133110464e-02 2.070228010416e-02 2.398638240993e-02 2.747811190784e-02 5.519855767488e-02 2.825159206986e-02 2.596987783909e-02 8.000702410936e-02 1.784841716290e-01 6.379843950272e-01 7.062646150589e-01 7.539645433426e-01 8.053054213524e-01 6.689438223839e-01 5.187523961067e-01 3.600096702576e-01 4.620484411716e-01 3.217644989491e-01 2.831774652004e-01 2.348456084728e-01 1.941954493523e-01 1.826312988997e-01 1.796236187220e-01 1.908282488585e-01 2.707118093967e-01 3.768599331379e-01
3.007337078452e-02 2.345122210681e-02 2.455466426909e-02 2.949545904994e-02 4.609479010105e-02 7.547815889120e-02 2.291986644268e-01 5.059962868690e-01 1.953431069851e-01 3.097104653716e-02 1.883065514266e-02 1.373669505119e-02 9.875738993287e-03 7.412443868816e-03 6.783096119761e-03 6.778923794627e-03 7.345546036959e-03 9.871016256511e-03 1.359627582133e-02 1.554845832288e-02 1.619835756719e-02 3.369259089231e-02 2.009448409081e-02 2.192964032292e-02 4.870026931167e-02 1.672611832619e-01 4.526650309563e-01 6.155573129654e-01 6.373334527016e-01 4.855029284954e-01 3.751469552517e-01 5.370349884033e-01 3.673178851604e-01 2.593778967857e-01 2.877357304096e-01 3.626631498337e-01 3.284943997860e-01 2.330001890659e-01 2.176166474819e-01 2.121501266956e-01 2.056962996721e-01 2.276127189398e-01 2.837572395802e-01
2.182457782328e-02 1.804075203836e-02 2.256985008717e-02 5.384948104620e-02 1.208467334509e-01 2.801035642624e-01 4.103856086731e-01 2.584762275219e-01 2.742518857121e-02 1.877330429852e-02 1.346990093589e-02 1.108981389552e-02 8.652442134917e-03 7.066198159009e-03 6.225742865354e-03 6.482692901045e-03 6.761062424630e-03 8.169686421752e-03 1.179369352758e-02 1.450781337917e-02 1.540486793965e-02 1.636972464621e-02 1.644418947399e-02 2.431533671916e-02 5.939508602023e-02 1.560198962688e-01 1.914575397968e-01 1.919479221106e-01 3.693412840366e-01 4.266690611839e-01 5.012789368629e-01 3.203725516796e-01 4.156430959702e-01 3.048674762249e-01 3.400496840477e-01 4.014381468296e-01 8.035656809807e-01 5.068957209587e-01 2.982931137085e-01 2.450131624937e-01 2.521111369133e-01 2.478090077639e-01 2.394195199013e-01
1.408430747688e-02 1.478620897979e-02 1.870325393975e-02 2.365360781550e-02 5.185478553176e-02 3.223946392536e-01 2.095100879669e-01 2.800993062556e-02 1.631726883352e-02 1.437436603010e-02 1.203352864832e-02 1.016467157751e-02 7.982632145286e-03 6.801083683968e-03 6.067535374314e-03 6.692348513752e-03 6.914638914168e-03 6.885257549584e-03 9.704372845590e-03 1.238163933158e-02 1.398302242160e-02 1.389938220382e-02 1.748715713620e-02 2.828612178564e-02 8.855308592319e-02 1.758614629507e-01 1.038360446692e-01 1.363903284073e-01 1.270363032818e-01 6.570011377335e-01 9.575959444046e-01 5.166457891464e-01 2.840607166290e-01 3.896513283253e-01 1.534627526999e-01 1.615558117628e-01 6.018632054329e-01 2.893577814102e-01 2.356511503458e-01 1.806793212891e-01 1.857204288244e-01 2.071514427662e-01 2.232918888330e-01
1.189159136266e-02 1.293080672622e-02 1.516127679497e-02 1.919212006032e-02 2.171314135194e-02 3.024395927787e-02 3.343862667680e-02 2.279096841812e-02 1.181886438280e-02 1.220604404807e-02 1.070664916188e-02 9.773123078048e-03 7.995556108654e-03 6.487805861980e-03 6.625816691667e-03 6.758259609342e-03 7.241128943861e-03 7.141634356230e-03 8.178365416825e-03 1.049922872335e-02 1.248875632882e-02 1.323079969734e-02 1.394172757864e-02 2.330172434449e-02 6.553291529417e-02 4.026242345572e-02 3.915367275476e-02 6.404008716345e-02 1.450037956238e-01 2.875847816467e-01 3.009896874428e-01 3.809376358986e-01 6.079985499382e-01 3.259892165661e-01 3.105646967888e-01 2.410275489092e-01 2.472746968269e-01 2.095210105181e-01 1.112868189812e-01 1.388513743877e-01 1.356434524059e-01 1.468244642019e-01 1.845685392618e-01
9.360671974719e-03 1.054434478283e-02 1.256887242198e-02 1.542220078409e-02 1.658784784377e-02 1.846243441105e-02 1.953981630504e-02 1.220882125199e-02 1.041392050683e-02 1.079964730889e-02 1.007479988039e-02 8.743036538363e-03 7.302120793611e-03 6.547318771482e-03 6.471803877503e-03 7.418436929584e-03 7.362047210336e-03 6.330548785627e-03 7.232164498419e-03 9.176812134683e-03 1.085555646569e-02 1.268203556538e-02 1.811041310430e-02 1.893325336277e-02 1.921909861267e-02 2.680991962552e-02 2.616574056447e-02 6.427592039108e-02 8.965525776148e-02 1.208079755306e-01 2.507145106792e-01 4.420832097530e-01 3.256361782551e-01 5.958664417267e-01 3.805953860283e-01 2.141238301992e-01 1.775739639997e-01 1.613086611032e-01 1.943905502558e-01 1.828010827303e-01 2.277875989676e-01 2.245467752218e-01 2.610286772251e-01
8.642889559269e-03 8.519697934389e-03 9.592407383025e-03 1.092626620084e-02 1.178229227662e-02 1.159853674471e-02 1.105380803347e-02 1.069680880755e-02 1.157461386174e-02 1.144499238580e-02 1.066651660949e-02 9.297814220190e-03 7.607630454004e-03 6.714110262692e-03 6.069078110158e-03 5.986223928630e-03 6.761550437659e-03 6.861155852675e-03 6.854777690023e-03 8.268409408629e-03 9.570007212460e-03 1.137479022145e-02 1.737071014941e-02 1.962608657777e-02 2.117531374097e-02 4.374800249934e-02 6.017903611064e-02 7.736703008413e-02 1.086209118366e-01 1.173211112618e-01 2.574669122696e-01 4.893258512020e-01 2.306336611509e-01 2.459330111742e-01 4.347979724407e-01 3.676354885101e-01 2.546631693840e-01 2.163082659245e-01 2.714459300041e-01 1.396387219429e-01 1.850547343493e-01 2.257201820612e-01 2.695855796337e-01
7.100555580109e-03 8.024350740016e-03 8.428136818111e-03 8.555230684578e-03 9.580664336681e-03 1.032090093940e-02 1.112053915858e-02 9.873983450234e-03 9.500516578555e-03 9.805341251194e-03 1.053900737315e-02 1.049394439906e-02 9.034289047122e-03 7.641562260687e-03 7.245835848153e-03 6.516044959426e-03 5.623395554721e-03 6.238588597625e-03 7.059243042022e-03 7.798311300576e-03 8.556809276342e-03 9.785972535610e-03 1.477775350213e-02 1.438941620290e-02 1.593542844057e-02 3.961106762290e-02 8.472532778978e-02 1.143731549382e-01 1.609149724245e-01 8.450231701136e-02 2.496903538704e-01 1.249166280031e-01 1.341906785965e-01 1.531829237938e-01 2.446488142014e-01 2.695588469505e-01 3.505418598652e-01 3.192690610886e-01 2.368696928024e-01 2.027540355921e-01 1.550103873014e-01 1.669678092003e-01 1.350810825825e-01
6.933834869415e-03 7.669500540942e-03 7.632782682776e-03 7.805125787854e-03 8.340352214873e-03 9.271685034037e-03 1.003557164222e-02 8.965522050858e-03 6.953728385270e-03 7.422430906445e-03 8.058749139309e-03 9.580682963133e-03 9.950192645192e-03 8.266472257674e-03 7.784279529005e-03 9.384470060468e-03 8.319932967424e-03 6.770760752261e-03 7.368280552328e-03 7.666705176234e-03 9.386086836457e-03 1.041503623128e-02 1.159383915365e-02 1.410809159279e-02 1.638207398355e-02 2.883085608482e-02 6.095313280821e-02 7.264010608196e-02 9.975331276655e-02 5.643245950341e-02 1.202075034380e-01 9.161689877510e-02 1.523656249046e-01 9.251186996698e-02 1.826596558094e-01 1.375959664583e-01 2.184455841780e-01 2.677368521690e-01 2.395436167717e-01 3.231134414673e-01 2.938694357872e-01 2.350849956274e-01 2.054372429848e-01
6.678430829197e-03 7.223696913570e-03 6.948570255190e-03 7.108788006008e-03 7.139942608774e-03 6.945821456611e-03 7.694226223975e-03 7.274381350726e-03 8.600552566350e-03 9.318364784122e-03 8.456398732960e-03 8.611951023340e-03 9.497199207544e-03 9.882129728794e-03 9.013499133289e-03 1.163980085403e-02 1.036178320646e-02 7.888580672443e-03 7.960612885654e-03 7.943261414766e-03 9.127208031714e-03 9.895335882902e-03 1.092022005469e-02 1.456082798541e-02 1.712024956942e-02 2.579980716109e-02 3.872757405043e-02 4.494979232550e-02 4.790120944381e-02 6.055657193065e-02 1.015364229679e-01 1.557654291391e-01 1.050758510828e-01 2.524967789650e-01 8.757583796978e-02 1.140218973160e-01 2.340718656778e-01 3.273263871670e-01 1.606481671333e-01 1.816929578781e-01 1.151349917054e-01 2.175976783037e-01 1.916007548571e-01
5.955334287137e-03 6.439823657274e-03 6.194706074893e-03 6.120121106505e-03 5.681203678250e-03 5.727478303015e-03 6.044514942914e-03 7.914502173662e-03 9.844704531133e-03 1.011965796351e-02 8.842243812978e-03 9.827274829149e-03 1.094881165773e-02 1.063094288111e-02 1.054440904409e-02 1.079772878438e-02 1.171500422060e-02 1.373398303986e-02 1.231423113495e-02 1.105145923793e-02 1.136583369225e-02 1.226757373661e-02 1.466176565737e-02 1.476808451116e-02 1.819000206888e-02 2.236748859286e-02 3.594976291060e-02 3.662889823318e-02 6.538939476013e-02 1.323173791170e-01 1.645216196775e-01 8.410482108593e-02 8.447298407555e-02 2.568162083626e-01 1.351424157619e-01 1.661719828844e-01 1.472246795893e-01 1.912979632616e-01 1.397626996040e-01 5.337419733405e-02 5.081348121166e-02 6.861356645823e-02 1.363643407822e-01
5.501059815288e-03 5.507518537343e-03 5.454437341541e-03 5.383516196162e-03 5.534498486668e-03 5.860320758075e-03 6.225747056305e-03 7.388895377517e-03 8.287224918604e-03 7.943697273731e-03 9.291241876781e-03 9.994235821068e-03 9.693807922304e-03 1.018630061299e-02 1.389850024134e-02 1.936895586550e-02 2.201596647501e-02 2.794729731977e-02 2.792025357485e-02 3.005305118859e-02 2.141583897173e-02 2.056713961065e-02 2.385460399091e-02 1.997390575707e-02 2.275332994759e-02 3.144961223006e-02 9.506290405989e-02 8.873879164457e-02 8.472988754511e-02 1.142439395189e-01 6.455489248037e-02 6.804593652487e-02 9.181320667267e-02 5.200498551130e-02 2.830985784531e-01 3.951153755188e-01 3.528970777988e-01 8.154572546482e-02 3.851595148444e-02 3.178246319294e-02 3.106533549726e-02 3.675757721066e-02 3.888586163521e-02
5.114847328514e-03 5.305753089488e-03 5.087364464998e-03 5.481655243784e-03 5.882285535336e-03 6.730585359037e-03 6.731557659805e-03 7.801721338183e-03 8.541508577764e-03 9.951253421605e-03 1.024092640728e-02 1.215399429202e-02 1.272675581276e-02 1.174605730921e-02 2.857902832329e-02 1.025748476386e-01 8.106049895287e-02 4.823494702578e-02 5.411903560162e-02 6.749133765697e-02 4.987660422921e-02 2.640244737267e-02 3.072806075215e-02 3.854000195861e-02 3.733177110553e-02 6.950479000807e-02 9.789762645960e-02 8.730048686266e-02 7.062965631485e-02 6.400892883539e-02 7.260505110025e-02 6.812139600515e-02 5.114537477493e-02 4.251577705145e-02 7.249842584133e-02 3.333843946457e-01 3.475307524204e-01 7.169039547443e-02 2.543515525758e-02 2.591446973383e-02 2.327918075025e-02 2.236904017627e-02 3.685767203569e-02
5.130491219461e-03 5.527206230909e-03 6.996009498835e-03 7.820733822882e-03 7.202435750514e-03 1.193715911359e-02 1.403367519379e-02 1.423893589526e-02 1.201640814543e-02 1.177800912410e-02 1.284173317254e-02 1.613104157150e-02 1.605487801135e-02 5.944072827697e-02 4.198081791401e-01 5.284003615379e-01 2.464313954115e-01 1.408003717661e-01 1.124054715037e-01 8.856078982353e-02 4.232060536742e-02 4.175347834826e-02 9.158661216497e-02 1.954024881124e-01 1.602150052786e-01 8.543756604195e-02 9.951908886433e-02 8.070826530457e-02 8.576517552137e-02 5.990442633629e-02 1.485437899828e-01 5.929633602500e-02 4.523484036326e-02 3.196620568633e-02 2.115687727928e-02 6.865220516920e-02 7.581279426813e-02 1.854942739010e-02 1.241771690547e-02 1.461639069021e-02 1.807594485581e-02 2.020896784961e-02 1.889553666115e-02
6.294301245362e-03 9.911720640957e-03 1.351949386299e-02 1.469177380204e-02 1.897725462914e-02 2.522559650242e-02 2.478124201298e-02 2.185928821564e-02 1.879682205617e-02 1.449819188565e-02 1.734327524900e-02 1.915120333433e-02 1.069050356746e-01 5.893213748932e-01 8.054890632629e-01 2.805635929108e-01 8.868785947561e-02 5.410910770297e-02 5.497851222754e-02 4.791162163019e-02 4.632731899619e-02 1.056248545647e-01 2.080401033163e-01 2.774008512497e-01 2.231931686401e-01 1.149026006460e-01 7.902075350285e-02 5.831931158900e-02 5.250541865826e-02 4.691355675459e-02 6.381314992905e-02 2.906414866447e-02 3.286901488900e-02 2.665142714977e-02 1.674089208245e-02 9.920726530254e-03 8.178442716599e-03 7.941982708871e-03 8.352785371244e-03 1.040513254702e-02 1.397297997028e-02 1.767225936055e-02 1.807870157063e-02
1.044030301273e-02 1.562483143061e-02 2.076556161046e-02 2.773633971810e-02 5.369029939175e-02 5.345876142383e-02 7.481877505779e-02 5.330985784531e-02 6.059942021966e-02 3.599703684449e-02 2.026032283902e-02 1.394824087620e-01 5.617634057999e-01 5.587756037712e-01 1.460219025612e-01 4.413525387645e-02 8.196271955967e-02 1.083410531282e-01 7.641963660717e-02 8.903312683105e-02 1.077753826976e-01 1.084091514349e-01 1.574671119452e-01 1.284212619066e-01 8.731341362000e-02 6.784036755562e-02 4.226693883538e-02 1.650207117200e-02 1.673999428749e-02 1.671166345477e-02 2.139772288501e-02 1.565013639629e-02 1.379234250635e-02 9.514502249658e-03 9.733967483044e-03 9.919285774231e-03 1.024428382516e-02 1.075926423073e-02 1.144861523062e-02 1.233034022152e-02 1.246425416321e-02 1.483574230224e-02 1.882518827915e-02
