VariationalSeries/SI/f149_max.grd
DSAA
101	101
32.816463539100	34.260883539100
35.556306596100	36.727886596100
8.494358189637e-05	1.369117259979e+01
[rows 38 to 56 of 101, columns 0 to 42 of 101]
3.308208286762e-02 6.980279088020e-02 7.549286633730e-02 7.864074409008e-02 9.303671866655e-02 1.140127927065e-01 1.316387206316e-01 1.500359773636e-01 1.648481488228e-01 1.505341082811e-01 1.235191151500e-01 1.007858812809e-01 9.950142353773e-02 9.800806641579e-02 1.041650921106e-01 1.166782975197e-01 1.324751973152e-01 2.460291981697e-01 3.988268673420e-01 4.282678961754e-01 3.454835712910e-01 2.925372719765e-01 1.944381147623e-01 2.275761961937e-01 4.515516459942e-01 5.860505700111e-01 5.639101862907e-01 4.028578102589e-01 2.898925542831e-01 3.220205008984e-01 3.407628536224e-01 4.155267179012e-01 5.701349973679e-01 5.631403326988e-01 5.282585024834e-01 3.150687515736e-01 4.305294156075e-01 4.839691817760e-01 4.802037477493e-01 7.366722226143e-01 8.028743863106e-01 1.195541858673e+00 9.658824801445e-01
4.850085824728e-02 8.635213971138e-02 7.242009788752e-02 7.114540785551e-02 1.013934165239e-01 1.232595965266e-01 1.618805229664e-01 2.035787552595e-01 2.269717752934e-01 2.125158160925e-01 1.544131189585e-01 1.208495348692e-01 1.040936410427e-01 1.061279252172e-01 1.138620749116e-01 1.230450496078e-01 1.310998946428e-01 1.381490975618e-01 2.171023339033e-01 3.039136826992e-01 3.105129897594e-01 3.048563599586e-01 3.151910007000e-01 2.602891921997e-01 2.418025135994e-01 2.686327099800e-01 3.611062765121e-01 6.806496977806e-01 9.118074774742e-01 9.249727725983e-01 7.258108258247e-01 3.572397232056e-01 4.039437472820e-01 3.417486548424e-01 6.836518049240e-01 6.126152276993e-01 4.001697003841e-01 4.834474921227e-01 5.931698083878e-01 6.747446060181e-01 9.022976756096e-01 1.081131696701e+00 1.279124855995e+00
5.615045130253e-02 1.118358075619e-01 1.059542596340e-01 9.233590960503e-02 1.218739449978e-01 1.499170958996e-01 1.818188130856e-01 2.390841692686e-01 2.590461373329e-01 2.581655681133e-01 1.765776723623e-01 1.184630393982e-01 1.193046793342e-01 1.032754629850e-01 8.608746528625e-02 9.702035039663e-02 1.125883087516e-01 1.227021142840e-01 1.293956190348e-01 1.720655113459e-01 2.535653710365e-01 3.556132018566e-01 4.272192716599e-01 4.303460419178e-01 4.204557240009e-01 2.795290946960e-01 2.216630280018e-01 2.343020886183e-01 2.272867113352e-01 2.843197584152e-01 6.035659313202e-01 9.630942940712e-01 1.141821622849e+00 9.530304074287e-01 4.834098219872e-01 4.805857241154e-01 8.386381864548e-01 6.972420811653e-01 7.256858348846e-01 7.234509587288e-01 6.701971888542e-01 9.021208882332e-01 1.357061862946e+00
8.105190843344e-02 1.365269273520e-01 1.586514860392e-01 1.629728376865e-01 1.468409746885e-01 1.752781271935e-01 1.749178618193e-01 1.685630232096e-01 1.684274375439e-01 2.060015946627e-01 2.222954630852e-01 1.928172260523e-01 1.429557651281e-01 1.272229403257e-01 1.291079968214e-01 1.597950905561e-01 1.854368299246e-01 2.074627280235e-01 2.028171718121e-01 1.474289596081e-01 1.635212451220e-01 2.160223871469e-01 2.472105771303e-01 3.314637541771e-01 4.113861322403e-01 4.885287582874e-01 5.447784662247e-01 5.284839868546e-01 5.424460172653e-01 5.918117165565e-01 6.543220281601e-01 6.423935890198e-01 9.920951724052e-01 1.119689226151e+00 7.991662621498e-01 1.009271740913e+00 1.119715452194e+00 9.508842825890e-01 1.070690631866e+00 8.696662187576e-01 6.097007393837e-01 1.065648674965e+00 8.868814706802e-01
8.329850435257e-02 1.464066654444e-01 1.605531275272e-01 1.471635252237e-01 1.622324585915e-01 2.045395225286e-01 2.031392157078e-01 1.761460304260e-01 2.117808610201e-01 1.762614995241e-01 1.675945073366e-01 2.338068187237e-01 2.426272183657e-01 1.827705353498e-01 1.692658811808e-01 1.559872776270e-01 1.593923568726e-01 2.135688215494e-01 2.880743443966e-01 2.928570210934e-01 1.888555437326e-01 2.133194655180e-01 2.728618979454e-01 2.274678796530e-01 2.627169191837e-01 3.169448971748e-01 4.183513820171e-01 6.314305067062e-01 8.498834371567e-01 7.779598832130e-01 7.359759807587e-01 5.471203327179e-01 5.445793271065e-01 1.022435665131e+00 9.835436940193e-01 1.239660620689e+00 8.194081783295e-01 1.160317659378e+00 1.017318010330e+00 1.467083334923e+00 1.516183972359e+00 1.192983031273e+00 1.344198703766e+00
1.609496623278e-01 3.120427131653e-01 2.332111895084e-01 1.940681338310e-01 1.898694932461e-01 1.708246767521e-01 1.748107820749e-01 2.126366645098e-01 2.105556577444e-01 1.705111563206e-01 2.134826779366e-01 1.454855650663e-01 1.865630447865e-01 2.614100575447e-01 2.269265502691e-01 1.962551623583e-01 2.457681149244e-01 5.335997343063e-01 6.290578842163e-01 3.427129685879e-01 3.670628070831e-01 2.168575227261e-01 2.547231912613e-01 3.607598841190e-01 2.401553243399e-01 2.197262644768e-01 2.305176556110e-01 2.525012195110e-01 3.223717808723e-01 3.664907217026e-01 3.915435373783e-01 4.263220429420e-01 5.807557702065e-01 9.168848991394e-01 6.290439367294e-01 5.822898745537e-01 8.557131886482e-01 9.736832380295e-01 6.444463133812e-01 1.340949654579e+00 1.379854440689e+00 1.501438617706e+00 1.841915607452e+00
2.552389800549e-01 4.680809676647e-01 3.794639110565e-01 2.950954437256e-01 2.720219492912e-01 2.227771878242e-01 3.074230253696e-01 2.697970867157e-01 2.682535946369e-01 2.098942548037e-01 1.643716543913e-01 2.013635337353e-01 1.805528700352e-01 1.178575381637e-01 2.213272154331e-01 2.594334185123e-01 1.888456344604e-01 1.619657278061e-01 2.960729598999e-01 1.959660500288e-01 3.410984575748e-01 4.046383202076e-01 4.019375443459e-01 3.522848784924e-01 4.834775924683e-01 2.969116568565e-01 2.756525576115e-01 3.570177257061e-01 4.183253645897e-01 3.193629086018e-01 4.069759249687e-01 5.012692213058e-01 5.938191413879e-01 6.964287161827e-01 8.861334919930e-01 6.713837981224e-01 7.492924928665e-01 8.379552364349e-01 7.940209507942e-01 1.140440583229e+00 1.053651809692e+00 1.527240037918e+00 1.560605525970e+00
9.954341500998e-02 2.072626501322e-01 2.512044012547e-01 2.958654761314e-01 3.022756278515e-01 3.355506062508e-01 3.544072210789e-01 3.054448962212e-01 2.738809585571e-01 2.624605596066e-01 2.453922331333e-01 2.271277010441e-01 2.147509604692e-01 2.016977518797e-01 2.182856202126e-01 1.862685680389e-01 1.323064714670e-01 1.563714444637e-01 1.646912544966e-01 2.248781323433e-01 2.107520848513e-01 3.479626476765e-01 3.769046366215e-01 4.036775827408e-01 4.720264077187e-01 5.325695276260e-01 5.793845057487e-01 6.032834053040e-01 6.163880825043e-01 6.639146208763e-01 6.742236614227e-01 7.090123295784e-01 7.528634667397e-01 6.250150799751e-01 5.387001037598e-01 7.587076425552e-01 9.082716107368e-01 1.399922490120e+00 1.674358844757e+00 1.544720172882e+00 1.470629811287e+00 1.529309511185e+00 1.267616152763e+00
9.692446887493e-02 2.031425386667e-01 2.301913499832e-01 2.544834613800e-01 2.933705449104e-01 3.000483512878e-01 2.758178710938e-01 2.232479006052e-01 2.107141464949e-01 2.505545020103e-01 2.941864728928e-01 2.791774868965e-01 2.112224400043e-01 1.376605033875e-01 1.478659361601e-01 8.532410860062e-02 4.972125962377e-02 5.494458973408e-02 7.315792888403e-02 8.823306858540e-02 2.626448273659e-01 4.625220000744e-01 3.935143351555e-01 4.991021752357e-01 4.797618091106e-01 5.909177064896e-01 6.096971035004e-01 5.770738124847e-01 5.379996895790e-01 6.116683483124e-01 6.527985334396e-01 8.426325917244e-01 1.076992511749e+00 1.173547267914e+00 1.002518057823e+00 8.485388755798e-01 9.393355250359e-01 6.710618734360e-01 1.023224473000e+00 1.043308019638e+00 1.630449891090e+00 1.539428710938e+00 1.656998276711e+00
2.625365741551e-02 5.276155099273e-02 5.568857118487e-02 6.001488864422e-02 8.249715715647e-02 1.154012158513e-01 1.518212854862e-01 1.630410254002e-01 1.575852781534e-01 1.453625559807e-01 1.511331051588e-01 1.920250058174e-01 1.917789280415e-01 1.561118811369e-01 1.009223386645e-01 7.826537638903e-02 4.028170555830e-02 3.429192304611e-02 3.813019022346e-02 8.119424432516e-02 1.818814873695e-01 3.860765993595e-01 9.635581970215e-01 9.056879281998e-01 8.134683370590e-01 7.638701796532e-01 7.360965609550e-01 7.155383825302e-01 7.630322575569e-01 8.811491727829e-01 9.797964692116e-01 1.108890533447e+00 1.913038611412e+00 1.063275456429e+00 2.401722908020e+00 1.635293006897e+00 1.302713036537e+00 1.403647303581e+00 1.736418366432e+00 2.015175342560e+00 2.131031990051e+00 2.008257627487e+00 2.020131587982e+00
2.387130260468e-02 4.610890895128e-02 5.020087957382e-02 5.028234422207e-02 8.475565910339e-02 1.256145387888e-01 1.309490203857e-01 1.068560555577e-01 7.888378947973e-02 6.429462134838e-02 8.123443275690e-02 1.008152887225e-01 9.651501476765e-02 7.755182683468e-02 5.708793923259e-02 4.045252874494e-02 2.927482128143e-02 2.137421444058e-02 2.231801301241e-02 7.252828776836e-02 2.320052385330e-01 3.997872173786e-01 3.930772244930e-01 8.364112973213e-01 2.014529943466e+00 1.018208026886e+00 6.342625021935e-01 5.746493339539e-01 5.976381301880e-01 6.511802673340e-01 1.120383977890e+00 1.614871740341e+00 8.549848198891e-01 1.272917389870e+00 2.299002170563e+00 4.204727172852e+00 1.716993331909e+00 1.355305790901e+00 1.207221150398e+00 1.327892661095e+00 1.136551976204e+00 2.108170986176e+00 2.461769104004e+00
1.240802183747e-02 2.576913870871e-02 3.087880462408e-02 3.426435217261e-02 4.514576122165e-02 7.260742783546e-02 8.320578187704e-02 7.212968915701e-02 5.581960082054e-02 4.178629443049e-02 3.451950103045e-02 3.294672444463e-02 2.626172453165e-02 2.296155318618e-02 2.740111388266e-02 2.086414769292e-02 1.945570670068e-02 1.636188477278e-02 1.897741481662e-02 2.904131449759e-02 4.898466169834e-02 1.336284726858e-01 1.399506181479e-01 1.881486773491e-01 7.317101359367e-01 7.731724381447e-01 2.880823314190e-01 1.574160456657e-01 1.634248793125e-01 5.325084924698e-01 7.049722671509e-01 7.660095691681e-01 7.965532541275e-01 6.538426280022e-01 9.622330665588e-01 2.772763967514e+00 1.471878886223e+00 9.029707908630e-01 6.300016045570e-01 5.704678893089e-01 5.361207723618e-01 1.405121684074e+00 1.950418472290e+00
5.448142997921e-03 1.088072638959e-02 1.131768897176e-02 1.268724165857e-02 1.582930423319e-02 2.005019411445e-02 2.386319637299e-02 2.597125060856e-02 2.512534707785e-02 2.128244191408e-02 1.825181767344e-02 2.098300121725e-02 2.166376449168e-02 2.003767155111e-02 2.034248225391e-02 2.324962429702e-02 1.765337772667e-02 1.414804160595e-02 1.582865603268e-02 2.357125282288e-02 2.692954428494e-02 4.914351180196e-02 8.545944839716e-02 1.865146160126e-01 4.530526399612e-01 2.807629406452e-01 1.733830124140e-01 1.382439434528e-01 1.334356963634e-01 4.295172542334e-02 3.763468563557e-02 4.085526242852e-02 6.378509849310e-02 1.386278867722e-01 3.215300738811e-01 5.471898078918e+00 1.042828559875e+01 1.388738632202e+00 9.463233351707e-01 4.874034225941e-01 3.434574007988e-01 3.713835775852e-01 7.196384668350e-01
4.413826391101e-03 8.025300689042e-03 8.916688151658e-03 8.914264850318e-03 8.963816799223e-03 1.155203580856e-02 1.517200097442e-02 1.867652684450e-02 2.076296135783e-02 2.033267915249e-02 1.707428880036e-02 1.578580588102e-02 1.714641042054e-02 1.658815145493e-02 1.476180832833e-02 1.807057671249e-02 2.098098956048e-02 1.668030954897e-02 1.285874471068e-02 3.763265162706e-02 4.767328128219e-02 3.597589582205e-02 4.779450595379e-02 8.408764004707e-02 1.597966849804e-01 1.586896300316e+00 3.453333675861e-01 3.064862191677e-01 1.294949501753e-01 2.548023313284e-02 2.228629589081e-02 2.333611808717e-02 2.713526785374e-02 3.342758491635e-02 4.479349032044e-02 2.409279793501e-01 1.678566813469e+00 4.326054096222e+00 1.103733897209e+00 6.191016435623e-01 1.778140515089e-01 1.145692020655e-01 1.261951625347e-01
4.148667212576e-03 9.878666140139e-03 1.335790753365e-02 1.541658118367e-02 1.605309545994e-02 1.481017190963e-02 1.316413469613e-02 1.197322737426e-02 1.489539071918e-02 1.708259247243e-02 1.702832058072e-02 1.472851820290e-02 1.280345954001e-02 1.592388935387e-02 1.662838831544e-02 1.486089453101e-02 1.731366664171e-02 2.233908697963e-02 1.762306317687e-02 3.708742931485e-02 3.953867405653e-02 3.370128199458e-02 3.753720223904e-02 4.067467898130e-02 9.258072823286e-02 3.220375478268e-01 3.336693048477e-01 8.544836193323e-02 3.962880373001e-02 2.467456646264e-02 1.848918758333e-02 1.578520424664e-02 1.557084266096e-02 1.950388588011e-02 2.534209191799e-02 8.596535772085e-02 4.399417638779e-01 1.553992152214e+00 1.883069396019e+00 2.889896333218e-01 1.246271505952e-01 8.043920993805e-02 7.623430341482e-02
6.283575668931e-03 1.479262299836e-02 1.890567876399e-02 2.125833369792e-02 2.183789946139e-02 2.086427621543e-02 1.958267204463e-02 1.761292666197e-02 1.519393175840e-02 1.241400558501e-02 1.368062105030e-02 1.436577830464e-02 1.375540532172e-02 1.616049930453e-02 1.853603683412e-02 1.751215569675e-02 1.477620657533e-02 2.346889302135e-02 2.495754696429e-02 6.546081602573e-02 4.201605543494e-02 3.018735349178e-02 2.041512355208e-02 2.098742499948e-02 3.954945877194e-02 2.879947721958e-01 4.076624214649e-01 7.746668905020e-02 5.068201944232e-02 2.583326026797e-02 1.595447771251e-02 1.103767752647e-02 9.813299402595e-03 1.038372516632e-02 1.589339785278e-02 2.625472471118e-02 1.780310571194e-01 5.502722859383e-01 1.462271094322e+00 7.075696587563e-01 3.369438946247e-01 6.700775027275e-02 5.670866370201e-02
4.282030742615e-03 9.371617808938e-03 1.168923731893e-02 1.282739080489e-02 1.243805792183e-02 1.240536198020e-02 1.388225238770e-02 1.552449166775e-02 1.706893928349e-02 1.709429547191e-02 1.471731998026e-02 1.107264403254e-02 1.304074190557e-02 1.428892929107e-02 1.438336167485e-02 1.444515772164e-02 1.510953623801e-02 2.475024946034e-02 3.390783816576e-02 5.646211653948e-02 4.356567561626e-02 3.421244025230e-02 1.683583296835e-02 1.672067493200e-02 3.370290249586e-02 1.050019264221e-01 9.047523140907e-02 6.011864170432e-02 4.742837697268e-02 2.644807472825e-02 1.465827040374e-02 1.205330900848e-02 1.063081994653e-02 1.038616709411e-02 1.329322997481e-02 2.249026857316e-02 4.705999046564e-02 2.372502237558e-01 2.791047394276e-01 1.697588413954e-01 1.017786785960e-01 5.140446126461e-02 4.634924978018e-02
4.024474415928e-03 7.283569313586e-03 1.081846654415e-02 1.381769124418e-02 1.648665033281e-02 1.948428340256e-02 2.277611754835e-02 2.633624151349e-02 2.962678857148e-02 3.056570142508e-02 2.731914818287e-02 2.028284594417e-02 1.304353680462e-02 1.358209084719e-02 1.666639186442e-02 1.809315383434e-02 2.267455868423e-02 2.625200152397e-02 3.072120994329e-02 5.382080003619e-02 3.858587145805e-02 2.541649527848e-02 1.345418859273e-02 1.303192973137e-02 2.444362267852e-02 2.838350459933e-02 2.990024983883e-01 4.121089726686e-02 3.884179145098e-02 2.339239604771e-02 1.353389397264e-02 1.086102239788e-02 1.036090776324e-02 1.093722879887e-02 1.408970821649e-02 1.916088908911e-02 3.181230649352e-02 3.919376060367e-02 8.251064270735e-02 1.096087321639e-01 6.843798607588e-02 4.115475714207e-02 5.300154909492e-02
4.034060984850e-03 7.297250442207e-03 9.917723014951e-03 1.226164773107e-02 1.462638191879e-02 1.751346886158e-02 2.056394331157e-02 2.364250831306e-02 2.652001753449e-02 2.807299233973e-02 2.659963257611e-02 2.906041964889e-02 3.027508780360e-02 3.024602495134e-02 2.885555848479e-02 2.616416104138e-02 3.114663623273e-02 2.258631400764e-02 3.053698875010e-02 9.731442481279e-02 3.563341125846e-02 1.787932403386e-02 1.261888910085e-02 1.056529767811e-02 1.456441264600e-02 3.319146856666e-02 1.192733496428e-01 3.197126090527e-02 4.121387004852e-02 1.747491583228e-02 1.279229205102e-02 9.816466830671e-03 9.937356226146e-03 1.128985453397e-02 1.491850893945e-02 1.773485355079e-02 1.974106580019e-02 3.177991881967e-02 6.964839994907e-02 8.138848841190e-02 5.048530176282e-02 3.739485889673e-02 4.914300888777e-02
