VariationalSeries/SI/f149_max.grd
DSAA
101	101
32.816463539100	34.260883539100
35.556306596100	36.727886596100
8.494358189637e-05	1.369117259979e+01
[rows 76 to 94 of 101, columns 43 to 85 of 101]
2.124335989356e-02 1.818672940135e-02 3.300258517265e-02 8.362287282944e-02 8.889303356409e-02 1.770043671131e-01 2.822620868683e-01 3.171975314617e-01 1.963969767094e-01 5.501756444573e-02 1.999191790819e-01 4.480210542679e-01 3.344241976738e-01 8.859256654978e-02 3.934139758348e-02 5.576917156577e-02 5.901838839054e-02 3.026041202247e-02 2.830763719976e-02 3.526408970356e-02 1.299474239349e-01 2.972622215748e-01 6.994180381298e-02 4.729381948709e-02 3.419847041368e-02 2.291941642761e-02 1.160310767591e-02 9.976205416024e-03 9.725127369165e-03 9.174076840281e-03 8.773490786552e-03 9.136820212007e-03 9.613734669983e-03 1.019469089806e-02 1.029497012496e-02 9.581767953932e-03 8.791529573500e-03 8.221809752285e-03 7.822847925127e-03 7.585330866277e-03 8.428948931396e-03 1.293331291527e-02 1.764139905572e-02
3.477765992284e-02 4.691927507520e-02 6.005136668682e-02 6.257025152445e-02 8.531966805458e-02 1.177758350968e-01 1.519181430340e-01 1.433616727591e-01 2.298784255981e-01 3.357608914375e-01 3.325483500957e-01 1.592160016298e-01 1.149615570903e-01 1.015245169401e-01 6.549530476332e-02 6.929969787598e-02 1.919932104647e-02 1.178190670907e-02 1.458290033042e-02 1.633941195905e-02 1.235560048372e-02 1.480438094586e-02 2.350243926048e-02 2.351041883230e-02 2.133055403829e-02 1.307987142354e-02 6.326404865831e-03 5.683649796993e-03 6.711064372212e-03 7.728467229754e-03 8.239651098847e-03 8.414378389716e-03 8.365329355001e-03 7.997286505997e-03 6.954908370972e-03 5.581973586231e-03 4.464984871447e-03 4.436878487468e-03 4.700393415987e-03 5.435085389763e-03 6.821877323091e-03 1.163868978620e-02 1.557051669806e-02
7.348109036684e-02 1.109203025699e-01 7.380244135857e-02 3.443968296051e-02 4.031956195831e-02 1.463400423527e-01 4.103175103664e-01 5.457971096039e-01 4.077469706535e-01 2.007999569178e-01 1.097876876593e-01 7.073496282101e-02 5.092014744878e-02 8.202664554119e-02 6.803712993860e-02 2.558249235153e-02 8.453749120235e-03 7.658609654754e-03 8.013924583793e-03 1.089519169182e-02 8.111979812384e-03 7.381677627563e-03 8.553591556847e-03 9.592046029866e-03 8.690650574863e-03 7.960834540427e-03 6.441293284297e-03 6.703990511596e-03 5.642473232001e-03 6.477178540081e-03 6.779192946851e-03 6.316442973912e-03 6.003511603922e-03 5.796323530376e-03 4.072460345924e-03 3.950963728130e-03 4.197812639177e-03 4.182852339000e-03 4.096530843526e-03 4.317729733884e-03 5.280950572342e-03 1.010059192777e-02 1.481447927654e-02
1.048350185156e-01 1.220205873251e-01 4.114042967558e-02 4.279966652393e-02 1.504049003124e-01 2.690972387791e-01 2.771744728088e-01 2.366501986980e-01 1.987561285496e-01 9.504953771830e-02 8.429632335901e-02 1.019123718143e-01 6.240186095238e-02 3.949185833335e-02 1.738766953349e-02 9.399155154824e-03 5.942588206381e-03 5.556725431234e-03 5.340513307601e-03 6.817737128586e-03 6.037168670446e-03 6.043661385775e-03 5.624223966151e-03 5.545811261982e-03 5.385545082390e-03 5.497973877937e-03 5.312704481184e-03 5.401996895671e-03 5.813771393150e-03 5.569417960942e-03 5.642201751471e-03 4.648001864552e-03 5.131762474775e-03 5.382737144828e-03 4.279961343855e-03 3.276513423771e-03 3.923044074327e-03 4.175687674433e-03 4.194144159555e-03 4.121384583414e-03 4.214373882860e-03 5.427941679955e-03 9.131567552686e-03
4.582312703133e-02 7.481602579355e-02 1.080486699939e-01 1.408784985542e-01 1.548086404800e-01 1.265532523394e-01 1.442816257477e-01 1.762292832136e-01 2.510445117950e-01 9.920211136341e-02 1.021072715521e-01 6.248010694981e-02 2.520867623389e-02 1.056308578700e-02 7.325039710850e-03 5.974960047752e-03 5.356042180210e-03 4.829286132008e-03 4.428189247847e-03 4.157882183790e-03 4.627706483006e-03 3.594176843762e-03 3.643071977422e-03 3.630736144260e-03 3.825168125331e-03 4.018384497613e-03 4.055762663484e-03 3.715314436704e-03 3.191288560629e-03 3.828990506008e-03 3.717635991052e-03 3.598766168579e-03 4.037921782583e-03 4.487796686590e-03 4.126854240894e-03 3.231099341065e-03 3.644170472398e-03 4.093639552593e-03 4.204585682601e-03 4.247052129358e-03 4.925847984850e-03 5.912388209254e-03 7.468599826097e-03
5.018740147352e-02 1.527735888958e-01 2.831446230412e-01 1.671667248011e-01 1.073627546430e-01 1.854180246592e-01 2.465322315693e-01 3.314841687679e-01 1.638602316380e-01 8.451127260923e-02 3.999420255423e-02 2.319405786693e-02 9.684060700238e-03 6.220949348062e-03 4.376841243356e-03 3.710692515597e-03 3.406995674595e-03 3.168803872541e-03 3.256052965298e-03 3.470014780760e-03 3.549912711605e-03 3.285966115072e-03 3.215359523892e-03 3.449506359175e-03 4.122956190258e-03 4.803870338947e-03 5.254833027720e-03 5.107372999191e-03 4.033625591546e-03 3.116578562185e-03 3.084350610152e-03 2.845958108082e-03 2.877335762605e-03 3.600544063374e-03 3.729959949851e-03 3.476541256532e-03 3.313298802823e-03 3.883233992383e-03 4.100461956114e-03 4.142079502344e-03 4.724160768092e-03 6.547942291945e-03 8.864017203450e-03
9.442761540413e-02 2.964606285095e-01 2.283471375704e-01 1.841237246990e-01 2.017144262791e-01 1.926731914282e-01 1.353312283754e-01 1.327923089266e-01 1.035578474402e-01 5.314732715487e-02 1.939877122641e-02 1.205540727824e-02 6.447596475482e-03 4.155769012868e-03 3.271802328527e-03 2.707985462621e-03 2.702690195292e-03 2.885649446398e-03 2.817722037435e-03 2.752786502242e-03 2.991197165102e-03 3.048698650673e-03 2.980342833325e-03 2.987931482494e-03 3.758003236726e-03 4.615170881152e-03 5.241913255304e-03 5.229221656919e-03 4.245757125318e-03 2.870074938983e-03 2.998148556799e-03 3.103635739535e-03 2.537401160225e-03 2.646084176376e-03 3.159817075357e-03 3.530628280714e-03 3.567579668015e-03 3.553253598511e-03 3.885277081281e-03 4.056218080223e-03 4.012997262180e-03 4.539279267192e-03 5.747262388468e-03
1.271363645792e-01 2.156916260719e-01 1.281636357307e-01 7.856978476048e-02 5.241163074970e-02 6.428613513708e-02 5.671827495098e-02 6.775328516960e-02 5.720043182373e-02 1.989650353789e-02 1.403711643070e-02 8.370594121516e-03 6.835456937551e-03 5.067863501608e-03 3.154240548611e-03 2.555934246629e-03 2.779132220894e-03 2.802253235132e-03 2.550397766754e-03 2.466135192662e-03 2.862752880901e-03 3.137207822874e-03 3.283762605861e-03 3.167706541717e-03 2.931444440037e-03 3.504701890051e-03 3.912685438991e-03 3.878342686221e-03 3.205293789506e-03 2.581341192126e-03 2.665213309228e-03 2.924405969679e-03 2.790065249428e-03 2.359568374231e-03 2.434663008898e-03 2.883083187044e-03 3.206489374861e-03 3.151379292831e-03 3.586777485907e-03 3.895770525560e-03 3.968306351453e-03 4.166158381850e-03 4.663690924644e-03
1.824591606855e-01 1.497638821602e-01 4.861915484071e-02 3.674604371190e-02 3.896901383996e-02 2.348913252354e-02 3.343991935253e-02 5.425048246980e-02 3.612151369452e-02 1.749008707702e-02 1.324137113988e-02 7.331709843129e-03 7.144552189857e-03 6.771244108677e-03 4.230462014675e-03 3.334740875289e-03 2.830670448020e-03 2.695112489164e-03 2.322625601664e-03 2.376456279308e-03 2.877388847992e-03 3.452099394053e-03 3.795608412474e-03 3.544563660398e-03 3.026991384104e-03 2.596721518785e-03 2.752690576017e-03 2.937930636108e-03 2.980893477798e-03 3.187997033820e-03 2.864473266527e-03 2.667963737622e-03 2.680941019207e-03 2.431489992887e-03 2.376959426329e-03 2.838330576196e-03 3.102335380390e-03 3.020822769031e-03 3.229781519622e-03 3.634035820141e-03 3.810470225289e-03 4.244255367666e-03 5.370858125389e-03
2.885700464249e-01 1.267608106136e-01 2.471020445228e-02 1.765676401556e-02 1.344555243850e-02 1.664032973349e-02 1.769727841020e-02 4.053937271237e-02 4.104790464044e-02 2.500226534903e-02 1.245228946209e-02 7.106962613761e-03 6.148176267743e-03 6.424522958696e-03 5.268072243780e-03 3.235608339310e-03 2.798100234941e-03 2.590715652332e-03 2.154509536922e-03 2.348614623770e-03 2.943058265373e-03 3.841637400910e-03 4.189243074507e-03 3.720766631886e-03 3.125603776425e-03 2.753477543592e-03 2.838521264493e-03 3.162285313010e-03 3.307493403554e-03 3.337693633512e-03 3.091417485848e-03 2.582127926871e-03 2.964641666040e-03 2.438928931952e-03 2.315432531759e-03 2.499852096662e-03 3.141533117741e-03 3.457862650976e-03 3.682825015858e-03 4.184631630778e-03 4.804014693946e-03 4.985756240785e-03 4.844768438488e-03
2.467007040977e-01 7.649931311607e-02 1.883356273174e-02 1.057707052678e-02 9.732119739056e-03 1.129437331110e-02 2.095583453774e-02 2.682080306113e-02 3.234978392720e-02 2.256758511066e-02 1.480322610587e-02 8.258746005595e-03 5.429543554783e-03 4.642322193831e-03 4.443778190762e-03 3.751768497750e-03 3.261959645897e-03 3.584562335163e-03 2.991914516315e-03 2.592564560473e-03 3.231642069295e-03 4.312905482948e-03 4.488958977163e-03 3.771319519728e-03 3.202939638868e-03 2.919210819528e-03 2.961677033454e-03 3.328841645271e-03 3.606986254454e-03 3.374676452950e-03 3.052442567423e-03 2.524538664147e-03 3.023155266419e-03 2.336518140510e-03 2.244764938951e-03 2.182989381254e-03 2.360990969464e-03 3.109635086730e-03 3.960532601923e-03 5.098156630993e-03 6.222689524293e-03 6.664750631899e-03 6.738317199051e-03
1.299248933792e-01 2.400055900216e-02 1.124676782638e-02 9.748975746334e-03 8.157157339156e-03 8.359367959201e-03 1.351845171303e-02 7.484821137041e-03 1.965204812586e-02 2.969459071755e-02 2.108323760331e-02 1.604267954826e-02 8.023598231375e-03 4.927811212838e-03 4.208461847156e-03 4.234515596181e-03 4.490459803492e-03 4.037966951728e-03 3.511464223266e-03 3.162286244333e-03 3.862986806780e-03 4.741493612528e-03 4.564812872559e-03 3.844668623060e-03 3.431951627135e-03 3.229636466131e-03 3.215067321435e-03 3.495145821944e-03 3.816443262622e-03 3.671709448099e-03 3.077566623688e-03 2.479072893038e-03 2.852394478396e-03 2.587074413896e-03 2.228447468951e-03 2.214813139290e-03 2.133384114131e-03 2.229735953733e-03 2.864545444027e-03 4.378242883831e-03 5.977713968605e-03 6.968309171498e-03 7.535498589277e-03
3.515638411045e-02 1.363219041377e-02 8.791414089501e-03 8.416431955993e-03 6.594278384000e-03 5.990967154503e-03 6.068984977901e-03 5.655076354742e-03 7.150213699788e-03 2.450385503471e-02 2.714496850967e-02 3.983935341239e-02 2.549044415355e-02 9.146629832685e-03 5.668454803526e-03 4.723325371742e-03 5.029459018260e-03 5.962083581835e-03 5.544189363718e-03 4.418032709509e-03 4.400459583849e-03 4.926657769829e-03 4.428537562490e-03 3.822735277936e-03 3.598175942898e-03 3.563239239156e-03 3.631721716374e-03 3.611230989918e-03 3.910591825843e-03 3.950963262469e-03 3.419436281547e-03 2.641681581736e-03 2.673836424947e-03 2.678815042600e-03 2.486874582246e-03 2.547102514654e-03 2.521682530642e-03 2.477022819221e-03 2.443850506097e-03 2.511346014217e-03 3.403115086257e-03 4.531325306743e-03 5.341088864952e-03
1.255675498396e-02 7.896685972810e-03 7.883014157414e-03 6.877544336021e-03 5.625532474369e-03 5.105050280690e-03 4.407057538629e-03 4.400322679430e-03 5.229133181274e-03 1.015701983124e-02 4.063374921679e-02 9.979752451181e-02 6.846357882023e-02 2.181184291840e-02 9.578074328601e-03 5.939960014075e-03 5.213568918407e-03 6.266274023801e-03 6.056346464902e-03 6.493896245956e-03 6.248085293919e-03 5.149550270289e-03 4.607247654349e-03 4.133218899369e-03 4.006800707430e-03 4.036330617964e-03 4.029209725559e-03 3.925084602088e-03 3.927944228053e-03 4.171752836555e-03 3.787116846070e-03 2.769361715764e-03 2.604013774544e-03 2.570368815213e-03 2.684496575966e-03 2.881238004193e-03 3.015013877302e-03 3.056028624997e-03 3.029138781130e-03 2.918034559116e-03 2.929966198280e-03 3.083169460297e-03 3.182648448274e-03
1.133426371962e-02 6.446571554989e-03 7.020275574178e-03 5.371572915465e-03 4.399276804179e-03 4.133075010031e-03 3.565186401829e-03 3.716368926689e-03 3.775792662054e-03 7.037598174065e-03 3.078259155154e-02 8.305442333221e-02 7.485158741474e-02 4.821125790477e-02 1.170314475894e-02 6.418332923204e-03 4.884095862508e-03 7.060020230711e-03 8.378167636693e-03 7.855596020818e-03 6.422676611692e-03 5.025530233979e-03 4.974105861038e-03 4.677759483457e-03 4.520413931459e-03 4.415994975716e-03 4.227508325130e-03 3.856847761199e-03 3.974149469286e-03 4.225288983434e-03 3.736225888133e-03 2.928983187303e-03 3.034588182345e-03 2.938704099506e-03 2.788144163787e-03 2.693881047890e-03 2.877485007048e-03 2.987510990351e-03 2.955348230898e-03 2.764323027804e-03 3.071291837841e-03 3.625253215432e-03 4.019470885396e-03
1.398339588195e-02 7.367320358753e-03 6.201441399753e-03 4.791677463800e-03 3.578598611057e-03 3.378074150532e-03 3.434153739363e-03 3.396075684577e-03 3.416938008741e-03 4.399193450809e-03 1.168016158044e-02 4.253489151597e-02 1.544799655676e-01 1.191697716713e-01 1.996929943562e-02 7.501874119043e-03 8.290614932775e-03 8.842683397233e-03 7.860690355301e-03 6.254370789975e-03 5.079710390419e-03 5.184030160308e-03 5.492905620486e-03 5.318283103406e-03 4.956228658557e-03 4.497143439949e-03 3.891505300999e-03 3.498773789033e-03 4.126376472414e-03 4.264703020453e-03 3.884240053594e-03 4.315445199609e-03 4.327135160565e-03 4.093466792256e-03 3.683527698740e-03 2.865441842005e-03 2.408888190985e-03 2.387310378253e-03 2.452773042023e-03 2.635765587911e-03 3.096229862422e-03 3.857645206153e-03 4.778114613146e-03
1.481178216636e-02 8.370879106224e-03 6.275836378336e-03 4.180377349257e-03 3.117265412584e-03 3.270685672760e-03 3.228740068153e-03 3.310913918540e-03 2.978157019243e-03 3.364717820659e-03 6.594089791179e-03 2.163805998862e-02 7.504988461733e-02 6.610741466284e-02 2.204958349466e-02 1.253596041352e-02 1.030082348734e-02 7.990973070264e-03 6.155391689390e-03 4.930430557579e-03 4.909287206829e-03 5.234666168690e-03 5.563093814999e-03 5.289549008012e-03 4.569090437144e-03 3.707508556545e-03 3.011703025550e-03 3.295421134681e-03 4.165550228208e-03 4.399487283081e-03 4.604903981090e-03 5.059608258307e-03 5.024096462876e-03 4.680600482970e-03 3.980690147728e-03 2.996806288138e-03 3.068292513490e-03 3.183600492775e-03 3.370880614966e-03 3.530471818522e-03 3.574361559004e-03 3.971804399043e-03 5.123269278556e-03
1.384903397411e-02 7.485498208553e-03 5.278019700199e-03 3.280990989879e-03 2.994062844664e-03 3.230712143704e-03 3.119417000562e-03 2.695450792089e-03 2.139428863302e-03 3.034038702026e-03 5.606868769974e-03 9.577309712768e-03 2.646962366998e-02 3.139867633581e-02 2.271169424057e-02 1.390001643449e-02 8.788432925940e-03 6.244951859117e-03 5.788622889668e-03 5.618364550173e-03 5.056049674749e-03 4.778223112226e-03 4.619976039976e-03 4.058619961143e-03 3.202253021300e-03 2.807046286762e-03 2.774865832180e-03 2.977965399623e-03 3.895024536178e-03 4.376071039587e-03 3.261327743530e-03 3.557779826224e-03 3.558945609257e-03 3.328802762553e-03 3.240248654038e-03 3.539230208844e-03 3.822388825938e-03 4.197704140097e-03 4.607101436704e-03 4.837727639824e-03 4.749860148877e-03 4.426487255841e-03 5.029777530581e-03
1.237477362156e-02 5.532812792808e-03 3.790192306042e-03 2.348707523197e-03 2.803475596011e-03 3.111862810329e-03 2.980039454997e-03 2.456757472828e-03 1.810871297494e-03 2.730563981459e-03 5.037463270128e-03 7.794713135809e-03 1.841900311410e-02 2.359108440578e-02 1.831912808120e-02 1.084160618484e-02 6.710691843182e-03 6.227592006326e-03 6.125056650490e-03 5.132195539773e-03 4.078015219420e-03 3.404909046367e-03 2.978777978569e-03 2.496260451153e-03 2.290759468451e-03 2.258899388835e-03 2.274418482557e-03 2.536164363846e-03 3.399582579732e-03 3.994254861027e-03 3.099609166384e-03 2.430161694065e-03 2.340931445360e-03 2.990045817569e-03 3.535210620612e-03 4.012381657958e-03 4.564525093883e-03 5.251640919596e-03 5.896203219891e-03 6.157985422760e-03 5.857273470610e-03 5.165270064026e-03 4.959847778082e-03
