VariationalSeries/SI/f151.grd
DSAA
101	101
32.816463539100	34.260883539100
35.556306596100	36.727886596100
1.354170963168e-03	3.904677963257e+01
[rows 19 to 37 of 101, columns 43 to 85 of 101]
7.614641636610e-02 1.083040535450e-01 1.410039812326e-01 1.442984640598e-01 9.266015887260e-02 8.114244788885e-02 5.831550806761e-02 8.841012418270e-02 5.508759990335e-02 5.619873106480e-02 6.445319205523e-02 7.992590218782e-02 1.105807349086e-01 9.088771045208e-02 7.589209824800e-02 7.078554481268e-02 8.410171419382e-02 8.324298262596e-02 9.654036909342e-02 9.737190604210e-02 1.026206165552e-01 1.023444384336e-01 7.945907115936e-02 3.850240260363e-02 3.667699173093e-02 4.420825839043e-02 3.652134537697e-02 2.342890016735e-02 2.135312557220e-02 3.281591460109e-02 4.344070702791e-02 6.611929833889e-02 7.459753751755e-02 5.773892253637e-02 3.090466931462e-02 1.786256954074e-02 1.339766662568e-02 2.455307543278e-02 2.222222462296e-02 1.020510587841e-02 1.013502199203e-02 1.003740727901e-02 9.831683710217e-03
7.589802145958e-02 1.059503406286e-01 1.503860950470e-01 1.740193665028e-01 1.271035224199e-01 8.765204250813e-02 6.553444266319e-02 9.381923824549e-02 4.807617142797e-02 6.068340316415e-02 7.468316704035e-02 9.065672010183e-02 1.317017972469e-01 1.095991730690e-01 8.574064821005e-02 8.783381432295e-02 9.130453318357e-02 9.121283143759e-02 1.058021634817e-01 1.095340251923e-01 9.670908749104e-02 8.659280836582e-02 6.156290695071e-02 4.187788441777e-02 4.440942406654e-02 4.537015035748e-02 3.608267381787e-02 2.210823446512e-02 2.255895920098e-02 4.010784626007e-02 6.699199974537e-02 8.732086420059e-02 7.788634300232e-02 4.765960574150e-02 2.186238020658e-02 2.061867155135e-02 2.205867692828e-02 2.933594956994e-02 2.838552743196e-02 1.605467312038e-02 1.337685436010e-02 1.138217654079e-02 9.886393323541e-03
8.056223392487e-02 9.170135110617e-02 1.387953907251e-01 1.819396018982e-01 1.561680585146e-01 9.381192177534e-02 7.302898913622e-02 9.958492219448e-02 4.855487868190e-02 6.684841960669e-02 8.407502621412e-02 9.669184684753e-02 1.528761088848e-01 1.274975389242e-01 9.330081194639e-02 9.342134743929e-02 9.689098596573e-02 9.888160228729e-02 1.132276058197e-01 1.175225973129e-01 1.035718098283e-01 7.058264315128e-02 4.831526800990e-02 4.721930995584e-02 5.408803746104e-02 5.480295792222e-02 3.387865424156e-02 2.212459035218e-02 3.855431824923e-02 6.689512729645e-02 9.350986033678e-02 9.047394245863e-02 6.102509796619e-02 2.862874418497e-02 2.164139971137e-02 2.226493321359e-02 2.482693642378e-02 3.370008617640e-02 3.452518582344e-02 2.133897319436e-02 1.878712512553e-02 1.659856177866e-02 1.406610012054e-02
7.650745660067e-02 7.747325301170e-02 1.177840977907e-01 1.736762076616e-01 1.726322621107e-01 9.953261911869e-02 8.071657270193e-02 1.056780368090e-01 5.162074044347e-02 8.304899930954e-02 9.160579741001e-02 9.966910630465e-02 1.735565066338e-01 1.443345099688e-01 9.876949340105e-02 1.040969118476e-01 1.034548729658e-01 1.078214123845e-01 1.174937337637e-01 1.172884702682e-01 1.027651354671e-01 7.066936045885e-02 4.414815455675e-02 4.836062341928e-02 6.089209392667e-02 5.486195906997e-02 2.972793206573e-02 4.110641404986e-02 7.063286006451e-02 9.927262365818e-02 9.737291932106e-02 6.751993298531e-02 3.452899307013e-02 2.695746533573e-02 1.851745881140e-02 1.960876584053e-02 2.756031602621e-02 3.682517632842e-02 3.964782506227e-02 2.158213965595e-02 2.127514220774e-02 2.003442496061e-02 1.807826757431e-02
6.242622435093e-02 8.446347713470e-02 1.123079732060e-01 1.540340483189e-01 1.741057038307e-01 1.163596212864e-01 9.100646525621e-02 1.114314273000e-01 6.101469695568e-02 9.912743419409e-02 9.658133983612e-02 1.106579750776e-01 1.950521618128e-01 1.615727841854e-01 1.033330038190e-01 1.127122566104e-01 1.100648120046e-01 1.159457862377e-01 1.174991056323e-01 1.123937666416e-01 9.636230766773e-02 6.532550603151e-02 4.790145531297e-02 5.360420793295e-02 5.481640994549e-02 4.197008162737e-02 4.333908483386e-02 7.557465881109e-02 1.079399064183e-01 1.046748086810e-01 7.092761993408e-02 3.755640238523e-02 2.054624073207e-02 2.545510604978e-02 1.743289642036e-02 2.390991523862e-02 2.908543497324e-02 3.859365731478e-02 4.356143996119e-02 2.101101353765e-02 1.815105043352e-02 1.890179887414e-02 1.918847672641e-02
8.589188009501e-02 8.498375862837e-02 1.143080666661e-01 1.306609511375e-01 1.660017669201e-01 1.301228851080e-01 1.023165360093e-01 1.183752641082e-01 7.840085774660e-02 1.150099113584e-01 9.882923215628e-02 1.227230429649e-01 2.163762599230e-01 1.775062084198e-01 1.195020601153e-01 1.209083795547e-01 1.183667704463e-01 1.220514401793e-01 1.152234375477e-01 1.020579338074e-01 8.356492966413e-02 5.549144744873e-02 5.640813335776e-02 5.579222738743e-02 5.200159549713e-02 4.468409717083e-02 8.234035223722e-02 1.168037801981e-01 1.109440177679e-01 7.421080023050e-02 3.966805711389e-02 1.840764842927e-02 2.744401060045e-02 2.146802283823e-02 1.694853231311e-02 3.101273812354e-02 2.520249597728e-02 3.894929960370e-02 4.634980112314e-02 2.388064563274e-02 1.314779743552e-02 1.416184473783e-02 1.592784747481e-02
1.329407840967e-01 8.163350075483e-02 1.057687625289e-01 1.148319467902e-01 1.536538153887e-01 1.380251795053e-01 1.139224171638e-01 1.266210973263e-01 9.227326512337e-02 1.290773898363e-01 9.591342508793e-02 1.367819011211e-01 2.390734553337e-01 1.914149373770e-01 1.347415000200e-01 1.291790902615e-01 1.283202022314e-01 1.217991784215e-01 1.054315268993e-01 8.838999271393e-02 6.862369179726e-02 5.929873138666e-02 6.613150238991e-02 6.052308529615e-02 5.381727218628e-02 8.649858087301e-02 1.276653558016e-01 1.193300485611e-01 7.746852934361e-02 4.052996635437e-02 2.549355663359e-02 2.227104641497e-02 3.209052979946e-02 2.260124869645e-02 2.590719796717e-02 3.319004178047e-02 2.194424532354e-02 3.766272217035e-02 4.792944714427e-02 2.680789679289e-02 1.379992626607e-02 1.020358782262e-02 1.148019731045e-02
1.767370849848e-01 8.846520632505e-02 1.027977019548e-01 1.113280951977e-01 1.392495036125e-01 1.422230452299e-01 1.246533691883e-01 1.359886825085e-01 1.088446602225e-01 1.405635029078e-01 1.023670211434e-01 1.531804352999e-01 2.638179361820e-01 2.051850557327e-01 1.479102671146e-01 1.330087929964e-01 1.327041536570e-01 1.154220998287e-01 9.051683545113e-02 7.141178101301e-02 6.424950063229e-02 6.123349070549e-02 8.276389539242e-02 6.076019629836e-02 8.753073215485e-02 1.362972557545e-01 1.311667412519e-01 8.196290582418e-02 4.154897481203e-02 3.573412075639e-02 3.933393955231e-02 2.900729700923e-02 3.141494095325e-02 2.290694043040e-02 3.333275765181e-02 2.758967876434e-02 2.673002518713e-02 3.584600985050e-02 4.818392917514e-02 2.940083108842e-02 1.614169590175e-02 1.015001907945e-02 1.032693870366e-02
1.927173882723e-01 1.023957282305e-01 1.091724783182e-01 1.166377589107e-01 1.252906918526e-01 1.448460221291e-01 1.371619403362e-01 1.448292881250e-01 1.299152672291e-01 1.488130986691e-01 1.120873838663e-01 1.707295030355e-01 2.854517102242e-01 2.154927998781e-01 1.586846560240e-01 1.421635746956e-01 1.309055387974e-01 1.237743496895e-01 9.997369349003e-02 8.160919696093e-02 5.944583937526e-02 5.792999267578e-02 8.942352980375e-02 8.410765230656e-02 1.426334381104e-01 1.452958136797e-01 9.086777269840e-02 5.550560727715e-02 4.733908548951e-02 3.459597006440e-02 6.171187758446e-02 4.197060316801e-02 2.459142729640e-02 3.032906539738e-02 3.307726234198e-02 1.723922044039e-02 3.530066832900e-02 3.736847266555e-02 4.732602834702e-02 3.151726350188e-02 1.864465326071e-02 1.171028241515e-02 1.105462666601e-02
2.513031363487e-01 1.278106272221e-01 1.161030977964e-01 1.163147389889e-01 1.198273375630e-01 1.460427939892e-01 1.476079076529e-01 1.544216126204e-01 1.500714570284e-01 1.493667811155e-01 1.246973723173e-01 1.925926357508e-01 3.079476058483e-01 2.223214507103e-01 1.625355482101e-01 1.458162814379e-01 1.194827556610e-01 1.120998337865e-01 1.227436438203e-01 8.978009223938e-02 6.884894520044e-02 5.685710534453e-02 7.941471040249e-02 1.452748477459e-01 1.607127934694e-01 1.036678701639e-01 6.393610686064e-02 7.538607716560e-02 6.314985454082e-02 5.644712969661e-02 8.188384026289e-02 4.728407040238e-02 2.838340774179e-02 3.305505961180e-02 2.302059531212e-02 1.737553067505e-02 5.327329412103e-02 5.396138504148e-02 4.600777104497e-02 3.354889154434e-02 2.139094285667e-02 1.408789865673e-02 1.185829006135e-02
2.865934073925e-01 1.909634321928e-01 1.228685528040e-01 1.087229475379e-01 1.414034515619e-01 1.456708312035e-01 1.614526063204e-01 1.657935529947e-01 1.703809648752e-01 1.445606350899e-01 1.294746100903e-01 2.170007228851e-01 3.313805758953e-01 2.266267091036e-01 1.628362387419e-01 2.225886583328e-01 1.195639595389e-01 1.273976564407e-01 1.289256215096e-01 1.109798029065e-01 8.533926308155e-02 7.812970131636e-02 1.443798243999e-01 1.712138056755e-01 1.173130646348e-01 6.769158691168e-02 7.938700914383e-02 9.105594456196e-02 8.972717821598e-02 8.250846713781e-02 8.725158125162e-02 4.099379852414e-02 3.107265010476e-02 2.347759343684e-02 1.828527078032e-02 1.895588263869e-02 8.164367079735e-02 6.443220376968e-02 4.380935057998e-02 3.494708240032e-02 2.405679598451e-02 1.670272834599e-02 1.331280078739e-02
2.958339452744e-01 2.111650705338e-01 1.297586858273e-01 1.109047532082e-01 1.604370325804e-01 1.406906694174e-01 1.769115179777e-01 1.781347841024e-01 1.904523223639e-01 1.411806046963e-01 2.232938855886e-01 2.979472279549e-01 3.518533706665e-01 2.264819890261e-01 1.982204467058e-01 2.853355109692e-01 1.277343779802e-01 1.755200773478e-01 1.742568314075e-01 1.427052468061e-01 1.132091656327e-01 1.445746719837e-01 1.807301342487e-01 1.296387612820e-01 7.792223989964e-02 8.256715536118e-02 9.860587120056e-02 1.104972213507e-01 1.082745417953e-01 9.951384365559e-02 7.497838139534e-02 2.982191741467e-02 2.144237048924e-02 1.956143975258e-02 1.871784031391e-02 3.888631984591e-02 1.127033010125e-01 6.018666550517e-02 4.392936080694e-02 3.528765216470e-02 2.636229060590e-02 1.945599354804e-02 1.275625638664e-02
2.928793430328e-01 1.673772037029e-01 1.840991526842e-01 1.209471225739e-01 1.717619895935e-01 1.337388008833e-01 1.908546388149e-01 1.916029006243e-01 2.045562118292e-01 2.373767346144e-01 2.424935251474e-01 2.795332968235e-01 3.708484172821e-01 2.216331958771e-01 1.523423045874e-01 1.841355562210e-01 1.278422623873e-01 1.741965115070e-01 1.904355436563e-01 1.590864807367e-01 1.509187966585e-01 1.898597329855e-01 1.418029814959e-01 8.674433082342e-02 8.460623770952e-02 8.070714771748e-02 9.924870729446e-02 1.186300516129e-01 1.198830232024e-01 1.071224212646e-01 6.764564663172e-02 2.856428176165e-02 2.751332893968e-02 3.342870995402e-02 3.826486691833e-02 7.843694835901e-02 1.273081302643e-01 4.676503315568e-02 3.773967921734e-02 3.527228534222e-02 2.836100570858e-02 2.234796620905e-02 1.536080613732e-02
3.049318790436e-01 1.647527366877e-01 2.056526392698e-01 1.514005810022e-01 1.829472929239e-01 1.734665483236e-01 2.059834003448e-01 2.046057283878e-01 2.243687659502e-01 1.821018457413e-01 1.760019809008e-01 3.212519884109e-01 3.806706666946e-01 2.087712734938e-01 1.294355988503e-01 1.193167939782e-01 1.431020349264e-01 1.703983247280e-01 1.645527631044e-01 1.591060757637e-01 2.023458182812e-01 1.536898612976e-01 1.010273098946e-01 8.882874995470e-02 8.198238164186e-02 6.978489458561e-02 8.939364552498e-02 1.189562603831e-01 1.279056668282e-01 1.198452413082e-01 8.276276290417e-02 5.032633617520e-02 5.243725329638e-02 5.219063162804e-02 5.670580640435e-02 1.221924126148e-01 1.049450412393e-01 3.334060683846e-02 3.617072850466e-02 3.712090104818e-02 3.453384339809e-02 2.677206136286e-02 1.845692098141e-02
2.972748279572e-01 1.656980812550e-01 1.780048310757e-01 1.981338709593e-01 1.946828961372e-01 2.057832926512e-01 2.210396677256e-01 2.167765349150e-01 2.148349434137e-01 2.067117244005e-01 2.284599393606e-01 3.662666380405e-01 3.812667429447e-01 1.877831220627e-01 1.770154833794e-01 1.797350794077e-01 1.787213087082e-01 1.688427925110e-01 1.740919053555e-01 2.174947708845e-01 1.785449534655e-01 1.287908107042e-01 1.016711816192e-01 7.734212279320e-02 7.852574437857e-02 8.820714056492e-02 9.316420555115e-02 1.194323226810e-01 1.366089433432e-01 1.320016086102e-01 9.856517612934e-02 5.794790014625e-02 5.136404186487e-02 6.012697890401e-02 1.110610812902e-01 1.269263178110e-01 5.651288107038e-02 3.786845877767e-02 3.968174010515e-02 4.044602066278e-02 3.840249031782e-02 3.222136944532e-02 2.243361249566e-02
2.777684926987e-01 1.848126351833e-01 1.931143850088e-01 2.224381864071e-01 2.017390280962e-01 2.406242191792e-01 2.327498793602e-01 2.292564809322e-01 2.047383785248e-01 2.234273999929e-01 2.725700438023e-01 3.987710475922e-01 3.651293218136e-01 1.826941668987e-01 1.656492054462e-01 1.943307965994e-01 2.136693894863e-01 1.862477213144e-01 2.422129213810e-01 1.976769864559e-01 1.080432683229e-01 1.050883904099e-01 8.432649821043e-02 8.565328270197e-02 8.359473198652e-02 1.015038415790e-01 1.094622835517e-01 1.203512847424e-01 1.444561779499e-01 1.448796540499e-01 1.128866672516e-01 4.974537342787e-02 7.610516995192e-02 1.178522706032e-01 1.275421828032e-01 7.444886118174e-02 3.334967792034e-02 3.388144448400e-02 3.396921604872e-02 3.473865613341e-02 3.482127189636e-02 3.238572552800e-02 2.597929351032e-02
2.559843659401e-01 2.055148184299e-01 1.975190341473e-01 2.803630232811e-01 2.095042765141e-01 2.576258182526e-01 2.412213385105e-01 2.692871391773e-01 3.501890897751e-01 3.054783940315e-01 3.169302344322e-01 4.200352728367e-01 3.278405666351e-01 1.721844077110e-01 2.058080732822e-01 1.923791170120e-01 3.088312745094e-01 2.786123454571e-01 2.264832854271e-01 1.429686397314e-01 1.068694666028e-01 9.731522947550e-02 8.225130289793e-02 6.727857887745e-02 7.886911928654e-02 1.102975308895e-01 1.385740041733e-01 1.219423413277e-01 1.511401832104e-01 1.584009677172e-01 1.287510246038e-01 1.028454005718e-01 1.302741616964e-01 1.203294992447e-01 6.871008127928e-02 3.307340294123e-02 3.118930570781e-02 2.915922179818e-02 2.706096880138e-02 2.751838602126e-02 3.247988969088e-02 3.220111876726e-02 2.850444428623e-02
3.147604763508e-01 2.254758328199e-01 2.654416263103e-01 3.482958972454e-01 2.775899469852e-01 3.133620917797e-01 2.919131219387e-01 4.022644162178e-01 4.883275926113e-01 2.899105846882e-01 3.703265190125e-01 4.243865907192e-01 2.693947255611e-01 2.689368128777e-01 2.063008993864e-01 1.692076176405e-01 3.597835004330e-01 3.082277774811e-01 1.692217290401e-01 1.169282421470e-01 8.040915429592e-02 7.191507518291e-02 7.289311289787e-02 9.792837500572e-02 1.103219091892e-01 1.045535802841e-01 1.357182711363e-01 1.352304220200e-01 1.710789948702e-01 1.690561622381e-01 1.342192143202e-01 1.319640576839e-01 9.878394752741e-02 4.844709113240e-02 2.320019900799e-02 2.379296533763e-02 1.802334189415e-02 1.561411749572e-02 1.738462224603e-02 2.426943555474e-02 3.135818615556e-02 3.567998483777e-02 3.714997321367e-02
2.326299101114e-01 3.983712196350e-01 2.661323547363e-01 3.950476348400e-01 3.772149980068e-01 4.347044825554e-01 5.449918508530e-01 4.218560755253e-01 4.013372957706e-01 3.441212773323e-01 4.273396432400e-01 3.934304416180e-01 2.409344464540e-01 2.268878221512e-01 2.268936634064e-01 1.557690948248e-01 3.348108232021e-01 2.795232534409e-01 1.475688368082e-01 1.174596622586e-01 7.749661803246e-02 1.051460504532e-01 1.149825975299e-01 1.118975207210e-01 1.016191765666e-01 8.954343944788e-02 1.179691925645e-01 1.679402589798e-01 1.780963093042e-01 1.487320363522e-01 1.053004339337e-01 5.974260717630e-02 3.945866599679e-02 3.392730280757e-02 3.364451602101e-02 3.073257021606e-02 3.633082658052e-02 4.217362031341e-02 4.417587444186e-02 4.244971275330e-02 3.719487786293e-02 3.583978116512e-02 3.454910963774e-02
