VariationalSeries/SI/f151.grd
DSAA
101	101
32.816463539100	34.260883539100
35.556306596100	36.727886596100
1.354170963168e-03	3.904677963257e+01
[rows 0 to 18 of 101, columns 43 to 85 of 101]
1.208888925612e-02 1.163393165916e-02 1.358475442976e-02 1.093854196370e-02 9.479512460530e-03 7.031442131847e-03 8.480613119900e-03 1.385365240276e-02 9.230480529368e-03 1.068713515997e-02 1.018655858934e-02 1.204416621476e-02 1.321307476610e-02 1.153830718249e-02 7.499162107706e-03 1.165336929262e-02 9.004013612866e-03 1.239477191120e-02 1.779175736010e-02 2.440682798624e-02 3.031871654093e-02 3.345773369074e-02 3.293868154287e-02 4.954678937793e-02 4.965796321630e-02 3.328646346927e-02 1.951660960913e-02 1.324949506670e-02 9.734362363815e-03 1.104032434523e-02 1.313123200089e-02 6.690576672554e-03 6.265445612371e-03 6.273047998548e-03 6.935533601791e-03 6.605820730329e-03 5.454946309328e-03 4.617659840733e-03 4.023455549031e-03 3.578061005101e-03 3.430097131059e-03 2.834878861904e-03 2.373358700424e-03
2.337139472365e-02 2.105810306966e-02 2.664289996028e-02 2.394310943782e-02 1.819559931755e-02 1.280482765287e-02 1.616545766592e-02 2.685592882335e-02 2.145693823695e-02 2.134194038808e-02 1.811917126179e-02 2.236284129322e-02 2.371388114989e-02 2.092429250479e-02 1.355104520917e-02 2.421947382390e-02 1.866911351681e-02 2.333489805460e-02 3.377770259976e-02 4.647941142321e-02 5.629948899150e-02 6.061385571957e-02 5.958030745387e-02 8.676300197840e-02 8.446767181158e-02 5.526172369719e-02 3.543367236853e-02 2.444091811776e-02 1.812555827200e-02 2.136371284723e-02 2.340230718255e-02 1.332168746740e-02 1.215166784823e-02 1.156336907297e-02 1.343027222902e-02 1.108852401376e-02 9.030584245920e-03 7.969499565661e-03 7.031941786408e-03 6.242914590985e-03 6.561215966940e-03 4.705682862550e-03 4.108440596610e-03
3.073337674141e-02 2.562414295971e-02 2.970910631120e-02 2.964641526341e-02 2.441865950823e-02 1.719148643315e-02 1.828047446907e-02 3.229099139571e-02 3.744773566723e-02 3.794415667653e-02 2.420237287879e-02 2.537742257118e-02 3.220521286130e-02 2.872447483242e-02 1.601492427289e-02 2.961305342615e-02 2.326555177569e-02 2.968637645245e-02 4.299144819379e-02 5.798680335283e-02 6.786207854748e-02 7.218846678734e-02 7.638733088970e-02 1.084974408150e-01 1.027681976557e-01 6.533978134394e-02 4.411105439067e-02 3.143586590886e-02 2.050514332950e-02 2.502609230578e-02 2.404049597681e-02 1.656416244805e-02 1.424616016448e-02 1.261391583830e-02 1.500408258289e-02 1.412946265191e-02 1.119305379689e-02 8.808927610517e-03 7.775070145726e-03 7.032852619886e-03 7.505211047828e-03 5.052574444562e-03 4.529234487563e-03
3.479294478893e-02 3.275873884559e-02 2.655362151563e-02 2.925734594464e-02 2.642655931413e-02 2.045467495918e-02 2.255858480930e-02 3.758968040347e-02 5.301313102245e-02 5.506639182568e-02 3.669142350554e-02 2.594423666596e-02 3.844619542360e-02 3.483123704791e-02 1.671858318150e-02 3.332740068436e-02 2.674330212176e-02 3.498312085867e-02 4.987344518304e-02 6.406298279762e-02 7.152396440506e-02 7.500364631414e-02 8.722658455372e-02 1.192683428526e-01 1.082482933998e-01 6.589911133051e-02 4.735047742724e-02 3.554481267929e-02 2.340453118086e-02 2.596136741340e-02 2.127924002707e-02 1.770949177444e-02 1.451201643795e-02 1.397198345512e-02 1.629490405321e-02 1.568607240915e-02 1.212609931827e-02 8.438827469945e-03 8.062491193414e-03 7.781231310219e-03 7.908756844699e-03 5.103860516101e-03 4.408832639456e-03
3.639616444707e-02 3.925897553563e-02 3.040952421725e-02 2.474241331220e-02 2.456078119576e-02 2.597400173545e-02 2.690820209682e-02 4.619762673974e-02 6.739433109760e-02 7.282225042582e-02 5.125035718083e-02 2.582493238151e-02 4.354352504015e-02 4.025858640671e-02 1.929950341582e-02 3.657268732786e-02 2.960280142725e-02 4.162443801761e-02 5.659476295114e-02 6.798917055130e-02 7.250119000673e-02 7.524993270636e-02 9.683796763420e-02 1.259738355875e-01 1.081297472119e-01 6.239028275013e-02 4.838776215911e-02 3.766248747706e-02 2.522629313171e-02 2.565723098814e-02 1.992234401405e-02 1.850306242704e-02 1.514694467187e-02 1.656864024699e-02 1.749157346785e-02 1.643994450569e-02 1.235349103808e-02 8.539446629584e-03 8.635883219540e-03 8.410799317062e-03 8.253870531917e-03 5.664048250765e-03 4.279779270291e-03
3.519481420517e-02 4.170969501138e-02 3.490071371198e-02 2.863980457187e-02 2.553167939186e-02 3.150588646531e-02 2.919059246778e-02 5.247541889548e-02 8.015511184931e-02 9.048457443714e-02 6.659036874771e-02 3.163505345583e-02 4.856523126364e-02 4.593285545707e-02 2.207617461681e-02 3.929940611124e-02 3.554635867476e-02 4.870833083987e-02 6.223386153579e-02 6.975112855434e-02 7.149896025658e-02 7.418891787529e-02 1.063255891204e-01 1.306830495596e-01 1.052128598094e-01 5.757466331124e-02 4.885670915246e-02 3.800871595740e-02 2.568342164159e-02 2.376040257514e-02 2.006490156054e-02 1.914943940938e-02 1.591059565544e-02 1.853883080184e-02 1.831118948758e-02 1.666799001396e-02 1.214802917093e-02 8.728232234716e-03 9.208600036800e-03 8.905611932278e-03 8.481072261930e-03 6.218878086656e-03 4.525568801910e-03
3.180942684412e-02 4.000940918922e-02 3.774213045835e-02 3.402243182063e-02 2.596971392632e-02 3.662910684943e-02 2.878118492663e-02 5.551194027066e-02 8.903542160988e-02 1.040902808309e-01 8.067884296179e-02 4.241905733943e-02 5.392970517278e-02 5.250481516123e-02 2.553800866008e-02 4.197314009070e-02 4.259307682514e-02 5.476273968816e-02 6.559403240681e-02 6.998560577631e-02 7.058828324080e-02 7.304519414902e-02 1.157183200121e-01 1.338315159082e-01 1.005395501852e-01 5.660726875067e-02 4.870612546802e-02 3.781116381288e-02 2.587697654963e-02 2.052414231002e-02 1.977939903736e-02 1.928924396634e-02 1.607545278966e-02 1.925391890109e-02 1.888580620289e-02 1.646712981164e-02 1.197995617986e-02 9.161813184619e-03 9.585686959326e-03 9.996321983635e-03 8.561143651605e-03 6.653153337538e-03 4.995410330594e-03
3.067094087601e-02 3.828827664256e-02 3.829719126225e-02 3.814469277859e-02 3.171816840768e-02 4.150915145874e-02 2.688178792596e-02 5.377304181457e-02 9.012286365032e-02 1.100519970059e-01 9.187566488981e-02 5.561542138457e-02 5.895269289613e-02 5.971665680408e-02 2.988101728261e-02 4.449963197112e-02 4.913736879826e-02 5.949640646577e-02 6.751342117786e-02 6.962837278843e-02 6.940894573927e-02 7.571966201067e-02 1.250664293766e-01 1.359068006277e-01 9.469347447157e-02 5.359423905611e-02 4.655634984374e-02 3.651238605380e-02 2.522565424442e-02 1.937727257609e-02 1.951902732253e-02 1.942200399935e-02 1.823017932475e-02 1.853600144386e-02 1.922230236232e-02 1.633912324905e-02 1.161544397473e-02 9.514447301626e-03 9.841323830187e-03 1.130143459886e-02 8.752167224884e-03 7.066632620990e-03 5.273497197777e-03
3.435532748699e-02 3.847431018949e-02 3.710646182299e-02 4.044453427196e-02 3.690703585744e-02 4.604544118047e-02 2.478976920247e-02 4.741638153791e-02 8.264477550983e-02 1.075604259968e-01 9.867168962955e-02 6.799267977476e-02 6.324739754200e-02 6.723022460938e-02 3.505379706621e-02 4.702528566122e-02 5.488562211394e-02 6.344845145941e-02 6.886374205351e-02 6.842167675495e-02 6.741001456976e-02 8.419305086136e-02 1.338368505239e-01 1.364206224680e-01 8.746846765280e-02 4.940260946751e-02 4.316896572709e-02 3.391766920686e-02 2.664836123586e-02 2.031362988055e-02 1.928674429655e-02 1.911100000143e-02 2.082080021501e-02 2.114390581846e-02 2.178772911429e-02 1.592508517206e-02 1.102460082620e-02 1.009856630117e-02 1.033729035407e-02 1.252199895680e-02 9.053668007255e-03 7.295872084796e-03 5.493022035807e-03
3.680051863194e-02 3.926531225443e-02 3.557572141290e-02 4.155907779932e-02 4.079428687692e-02 4.966019093990e-02 2.775109931827e-02 3.918715566397e-02 7.081270962954e-02 9.868317097425e-02 9.965510666370e-02 7.788070291281e-02 6.704256683588e-02 7.539663463831e-02 4.152315482497e-02 5.088187381625e-02 5.925301834941e-02 6.630166620016e-02 6.899641454220e-02 6.601326912642e-02 6.359459459782e-02 9.205637872219e-02 1.408007740974e-01 1.340431869030e-01 7.863608002663e-02 4.477288573980e-02 3.875855728984e-02 3.626934438944e-02 2.852518297732e-02 2.115430124104e-02 1.969031058252e-02 2.077303640544e-02 2.169672399759e-02 2.245895005763e-02 2.365608513355e-02 1.513152290136e-02 1.058652158827e-02 1.140343677253e-02 1.135593838990e-02 1.342154480517e-02 8.778865449131e-03 7.116035092622e-03 5.535821430385e-03
3.726097941399e-02 4.070361331105e-02 3.422243148088e-02 4.213889688253e-02 4.388241842389e-02 5.256135389209e-02 2.969439327717e-02 3.250019252300e-02 5.719834193587e-02 8.393613994122e-02 9.267558157444e-02 8.311623334885e-02 6.919690966606e-02 8.365939557552e-02 4.997907578945e-02 5.550923943520e-02 6.223060935736e-02 6.759821623564e-02 6.717696785927e-02 6.210941448808e-02 5.867524072528e-02 9.988376498222e-02 1.456671506166e-01 1.289491504431e-01 6.885796040297e-02 3.966456279159e-02 3.684641793370e-02 4.019463062286e-02 2.984713576734e-02 2.188988216221e-02 2.132968790829e-02 2.250050194561e-02 1.998118869960e-02 1.964573003352e-02 2.250341139734e-02 1.395242195576e-02 1.287951134145e-02 1.339699793607e-02 1.303335186094e-02 1.392258144915e-02 8.115107193589e-03 6.804516538978e-03 5.322234705091e-03
3.619339689612e-02 4.230203852057e-02 3.757839649916e-02 4.254577308893e-02 4.699305817485e-02 5.440458282828e-02 3.156422451138e-02 3.416297584772e-02 4.335270449519e-02 6.586911529303e-02 7.942933589220e-02 8.182387799025e-02 7.480687648058e-02 9.030796587467e-02 6.038043275476e-02 5.917407572269e-02 6.462271511555e-02 6.753194332123e-02 6.386511027813e-02 5.787385255098e-02 6.286784261465e-02 1.071278825402e-01 1.486823856831e-01 1.221631616354e-01 5.896610394120e-02 3.432114422321e-02 4.024426266551e-02 4.333879798651e-02 3.204786404967e-02 2.234681509435e-02 2.275796234608e-02 2.373448573053e-02 1.778164505959e-02 1.870858855546e-02 2.107045054436e-02 1.387486327440e-02 1.579162850976e-02 1.449221652001e-02 1.484765671194e-02 1.390573009849e-02 7.690109312534e-03 6.220790091902e-03 5.395420361310e-03
3.412376344204e-02 4.391037300229e-02 4.218154400587e-02 4.314316809177e-02 5.008115246892e-02 5.594401434064e-02 3.765789419413e-02 4.082807153463e-02 4.042071476579e-02 4.820905253291e-02 6.135526299477e-02 7.269313186407e-02 7.666108012199e-02 9.295390546322e-02 7.029883563519e-02 6.283044070005e-02 6.593612581491e-02 6.542269885540e-02 5.954549834132e-02 5.407891422510e-02 6.931376457214e-02 1.137013360858e-01 1.501254439354e-01 1.141250357032e-01 4.992273449898e-02 3.448353707790e-02 4.211409389973e-02 4.471549019217e-02 3.333094716072e-02 2.584515325725e-02 2.571916580200e-02 2.114956639707e-02 1.785964332521e-02 1.777890324593e-02 2.042632177472e-02 1.768430881202e-02 1.725523546338e-02 1.379054877907e-02 1.614243723452e-02 1.342750526965e-02 7.180957123637e-03 6.586373317987e-03 6.469966843724e-03
3.130342811346e-02 4.556260257959e-02 4.602406919003e-02 4.407969117165e-02 5.323042720556e-02 5.765959620476e-02 4.322656244040e-02 4.892063140869e-02 3.630354255438e-02 3.502723574638e-02 4.354334622622e-02 5.726534500718e-02 7.233472168446e-02 9.029938280582e-02 7.824134081602e-02 6.602591276169e-02 6.497544050217e-02 6.195502355695e-02 5.533040314913e-02 5.953202396631e-02 7.628493756056e-02 1.207575723529e-01 1.502741128206e-01 1.052932962775e-01 4.215068742633e-02 3.556105494499e-02 4.344979673624e-02 4.548031464219e-02 3.332894295454e-02 2.891936525702e-02 2.401683665812e-02 1.823876053095e-02 1.734405942261e-02 1.611356809735e-02 2.084398455918e-02 1.968649029732e-02 1.633947715163e-02 1.296506449580e-02 1.698939502239e-02 1.259439438581e-02 6.980018224567e-03 7.548210211098e-03 6.962445564568e-03
3.246625885367e-02 4.747900366783e-02 4.879173636436e-02 4.703088849783e-02 5.647021904588e-02 5.864511430264e-02 4.821838438511e-02 5.825020745397e-02 3.035820089281e-02 3.464713692665e-02 3.058018162847e-02 4.873444512486e-02 5.872694402933e-02 8.400069922209e-02 8.463332802057e-02 7.276602089405e-02 6.270879507065e-02 5.784691497684e-02 6.132261827588e-02 6.379801034927e-02 8.409849554300e-02 1.269254386425e-01 1.472383290529e-01 9.503962099552e-02 3.662409633398e-02 4.627019539475e-02 4.921638593078e-02 4.580751806498e-02 3.387532383204e-02 2.624160051346e-02 2.081845514476e-02 1.930535584688e-02 1.805564016104e-02 1.733632385731e-02 2.143979631364e-02 1.890219561756e-02 1.515167765319e-02 1.303147803992e-02 1.750416867435e-02 1.143169496208e-02 6.880614440888e-03 8.145017549396e-03 7.020524702966e-03
3.597978129983e-02 4.975321888924e-02 5.002056062222e-02 5.333359912038e-02 5.931343510747e-02 5.896033346653e-02 5.119133740664e-02 6.666103750467e-02 3.090690262616e-02 3.559004142880e-02 3.054673410952e-02 5.230579525232e-02 5.614306777716e-02 7.461944222450e-02 8.173055201769e-02 7.354483753443e-02 6.038339808583e-02 6.085870042443e-02 6.726078689098e-02 6.958189606667e-02 9.167050570250e-02 1.299626529217e-01 1.389790624380e-01 8.290189504623e-02 4.511654376984e-02 5.605484545231e-02 5.080518126488e-02 4.265749454498e-02 2.962567098439e-02 2.341172099113e-02 2.220304124057e-02 2.320722676814e-02 2.227831818163e-02 2.126976475120e-02 2.171672508121e-02 1.712227612734e-02 1.378143113106e-02 1.470392383635e-02 1.767128333449e-02 1.005287189037e-02 6.878705229610e-03 8.641242049634e-03 6.939490791410e-03
4.032263159752e-02 5.217459052801e-02 5.471301823854e-02 5.898966640234e-02 6.194403395057e-02 6.313035637140e-02 5.032531172037e-02 7.327544689178e-02 3.420732915401e-02 3.621001169086e-02 3.568283841014e-02 5.422507971525e-02 6.272027641535e-02 6.341431289911e-02 7.514894753695e-02 6.737436354160e-02 5.950358510017e-02 6.918071955442e-02 7.142961025238e-02 7.668111473322e-02 9.848875552416e-02 1.290697157383e-01 1.271911114454e-01 7.060033828020e-02 5.263421311975e-02 5.253370106220e-02 4.083935171366e-02 3.661159425974e-02 2.634654007852e-02 2.372360974550e-02 2.462888881564e-02 2.684741280973e-02 2.869042009115e-02 2.983816526830e-02 2.869325876236e-02 1.941784657538e-02 1.177847292274e-02 1.604979671538e-02 1.731193810701e-02 1.084890775383e-02 7.623069453984e-03 8.998129516840e-03 6.770930252969e-03
5.279724672437e-02 7.242932170630e-02 8.438149094582e-02 7.322302460670e-02 6.458719819784e-02 6.860323995352e-02 4.999866709113e-02 7.819878309965e-02 3.965689241886e-02 3.636232763529e-02 4.402196034789e-02 6.057693436742e-02 7.019864767790e-02 6.151134893298e-02 6.793480366468e-02 6.851953268051e-02 6.619758903980e-02 7.594826817513e-02 7.395339757204e-02 8.522954583168e-02 1.045375466347e-01 1.247200369835e-01 1.136255264282e-01 5.885183066130e-02 4.813084751368e-02 3.845975920558e-02 3.333760425448e-02 3.126139566302e-02 2.472938038409e-02 2.323286049068e-02 2.896076627076e-02 3.253594785929e-02 3.819761425257e-02 4.276897013187e-02 3.593087568879e-02 1.932200230658e-02 1.167040597647e-02 1.694018021226e-02 1.659400016069e-02 1.123710814863e-02 8.481231518090e-03 9.130553342402e-03 7.913802750409e-03
6.722696125507e-02 9.500034153461e-02 1.157962232828e-01 1.084372773767e-01 6.715268641710e-02 7.468789815903e-02 5.179098993540e-02 8.319611102343e-02 4.937381669879e-02 4.101902246475e-02 5.385767295957e-02 6.797330826521e-02 9.038343280554e-02 7.223470509052e-02 6.132808700204e-02 6.968221068382e-02 7.612321525812e-02 8.052422106266e-02 8.329296857119e-02 9.254468977451e-02 1.063227206469e-01 1.157258078456e-01 9.745926409960e-02 4.707123711705e-02 3.574728965759e-02 3.935552015901e-02 3.180665522814e-02 2.688587084413e-02 2.325341291726e-02 2.705763094127e-02 3.213750943542e-02 4.477066546679e-02 5.573668703437e-02 5.504744499922e-02 3.756598383188e-02 1.674888469279e-02 1.279983762652e-02 2.013049460948e-02 1.685176789761e-02 1.055337302387e-02 9.460232220590e-03 8.976544253528e-03 9.016497991979e-03
