VariationalSeries/SI/f151.grd
DSAA
101	101
32.816463539100	34.260883539100
35.556306596100	36.727886596100
1.354170963168e-03	3.904677963257e+01
[rows 57 to 75 of 101, columns 0 to 42 of 101]
2.016405388713e-02 3.550981357694e-02 4.712089896202e-02 5.219866335392e-02 4.402290657163e-02 4.810132086277e-02 4.920062795281e-02 5.452328547835e-02 6.006528437138e-02 6.450805068016e-02 6.565397232771e-02 6.430614739656e-02 6.568260490894e-02 6.584846973419e-02 9.676355868578e-02 1.161423921585e-01 6.874129921198e-02 7.167178392410e-02 9.056811779737e-02 1.217051744461e-01 1.533998548985e-01 2.603713870049e-01 1.906555742025e-01 1.238405257463e-01 1.069403216243e-01 1.058494821191e-01 1.505029648542e-01 2.856419384480e-01 2.957304120064e-01 1.842224597931e-01 1.463125050068e-01 9.114754945040e-02 7.325907796621e-02 9.427951276302e-02 1.385255306959e-01 1.646797508001e-01 1.582961380482e-01 1.541808396578e-01 2.060104906559e-01 2.631690204144e-01 3.539098501205e-01 4.259808063507e-01 4.700039923191e-01
2.566113509238e-02 5.714053288102e-02 7.495367527008e-02 4.598141461611e-02 4.215709492564e-02 3.762871026993e-02 3.524203971028e-02 3.457967936993e-02 3.853065520525e-02 4.324760660529e-02 1.013310700655e-01 1.202851831913e-01 5.316981300712e-02 5.051829665899e-02 5.436957627535e-02 8.564609289169e-02 5.441369488835e-02 5.982854589820e-02 7.753991335630e-02 1.097173020244e-01 1.697616279125e-01 2.124523818493e-01 1.526515036821e-01 8.828695118427e-02 6.587833166122e-02 8.805275708437e-02 1.415777355433e-01 3.638050258160e-01 3.049568533897e-01 1.887803226709e-01 1.475931107998e-01 1.272890567780e-01 7.609041780233e-02 9.225665032864e-02 1.254532486200e-01 1.341824233532e-01 1.198685839772e-01 1.348750144243e-01 1.633303910494e-01 3.524344265461e-01 4.779060781002e-01 5.486229658127e-01 6.022741198540e-01
1.859041303396e-02 5.221409723163e-02 6.897185742855e-02 4.135602340102e-02 4.071641713381e-02 5.259053781629e-02 7.011058926582e-02 1.036881506443e-01 1.938940882683e-01 2.805060744286e-01 7.912501692772e-02 5.003044009209e-02 4.790122434497e-02 4.658586159348e-02 4.464830085635e-02 3.662823140621e-02 4.143590107560e-02 4.637805372477e-02 6.291820108891e-02 9.836072474718e-02 1.628572791815e-01 1.839357316494e-01 1.315926313400e-01 7.747957110405e-02 9.190071374178e-03 6.164894253016e-02 1.089079752564e-01 2.863519191742e-01 2.536067664623e-01 1.556614935398e-01 1.279553174973e-01 6.949350982904e-02 7.249668240547e-02 7.650683820248e-02 7.178039848804e-02 8.862365782261e-02 1.043749526143e-01 1.240013241768e-01 1.559892296791e-01 3.894979655743e-01 5.038419961929e-01 5.125461816788e-01 5.600769519806e-01
2.037805691361e-02 2.820419147611e-02 6.760166585445e-02 5.607399716973e-02 6.465898454189e-02 8.695628494024e-02 1.285071671009e-01 1.956832855940e-01 2.013988196850e-01 9.516859054565e-02 3.834061697125e-02 4.051568359137e-02 4.167175665498e-02 4.168118536472e-02 4.268334433436e-02 3.695517778397e-02 4.400305822492e-02 4.171490669250e-02 9.299246221781e-02 1.253513544798e-01 1.177319139242e-01 1.307089924812e-01 9.787463396788e-02 2.800140157342e-02 8.798916824162e-03 5.403135716915e-02 7.261832058430e-02 1.252865344286e-01 1.174366027117e-01 6.943750381470e-02 6.694258749485e-02 6.445512920618e-02 7.680396735668e-02 6.857472658157e-02 6.886264681816e-02 7.977451384068e-02 1.020280048251e-01 1.169173195958e-01 1.525508463383e-01 3.838213682175e-01 4.637401700020e-01 4.087305963039e-01 4.425164461136e-01
9.518646635115e-03 1.622891239822e-02 4.342985153198e-02 5.367635563016e-02 5.826246738434e-02 2.975577488542e-02 2.870204672217e-02 2.808006107807e-02 2.738859876990e-02 2.675348520279e-02 3.082035109401e-02 3.286943584681e-02 3.454286977649e-02 4.007366299629e-02 4.481345042586e-02 4.642215371132e-02 4.424531757832e-02 3.899618238211e-02 7.523434609175e-02 1.056262180209e-01 1.223802939057e-01 1.499607134610e-02 6.097763776779e-03 4.140161722898e-02 3.709749877453e-02 3.996026515961e-02 4.765660315752e-02 5.755071714520e-02 6.333491951227e-02 6.406601518393e-02 6.211528927088e-02 5.987092852592e-02 6.101150438190e-02 6.315913796425e-02 7.152363657951e-02 7.606241106987e-02 9.853447228670e-02 1.103476062417e-01 1.459499746561e-01 3.381000459194e-01 3.870140612125e-01 3.098293542862e-01 3.450511097908e-01
8.594753220677e-03 1.457444205880e-02 2.002057991922e-02 2.833755500615e-02 4.125682637095e-02 4.979738593102e-02 2.707761898637e-02 2.679167501628e-02 2.622211538255e-02 2.537005022168e-02 1.657681167126e-02 2.621904760599e-02 2.762496471405e-02 2.781991660595e-02 3.033012896776e-02 3.168562799692e-02 2.859913744032e-02 2.918927744031e-02 4.558495059609e-02 5.427975207567e-02 3.664593398571e-02 3.375335410237e-02 2.255663461983e-02 2.566411718726e-02 3.017567656934e-02 3.187729045749e-02 3.924557194114e-02 4.748257622123e-02 5.364184826612e-02 5.636552348733e-02 5.666369944811e-02 5.646474286914e-02 5.827065184712e-02 6.569180637598e-02 7.673737406731e-02 7.273712009192e-02 7.923422008753e-02 8.855500072241e-02 1.248040869832e-01 2.521110177040e-01 2.859458923340e-01 2.409889847040e-01 2.943675518036e-01
8.736391551793e-03 1.458938699216e-02 1.952655240893e-02 2.271136082709e-02 2.443485334516e-02 2.902150154114e-02 2.586339227855e-02 2.565655484796e-02 2.496501430869e-02 6.021275650710e-03 4.818308167160e-03 1.256125420332e-02 6.443388760090e-03 2.302167005837e-02 2.291469834745e-02 2.227313630283e-02 2.141433954239e-02 2.251977659762e-02 2.596828714013e-02 2.852592244744e-02 3.009322285652e-02 2.811904251575e-02 1.321077905595e-02 6.527173332870e-03 5.610419437289e-02 3.502412140369e-02 3.514855355024e-02 3.733593598008e-02 4.310818016529e-02 4.748673737049e-02 5.041266232729e-02 5.268134549260e-02 5.606462806463e-02 6.920238584280e-02 7.685497403145e-02 7.041608542204e-02 7.333080470562e-02 6.787449121475e-02 1.032962352037e-01 1.692915111780e-01 1.948590725660e-01 1.876088082790e-01 2.566167712212e-01
9.060070849955e-03 1.479745563120e-02 1.923374645412e-02 2.163603901863e-02 1.792494393885e-02 4.876306280494e-03 2.359083294868e-02 2.390509471297e-02 2.139181829989e-02 4.589448682964e-03 9.824731387198e-03 1.092731487006e-02 6.944402586669e-03 7.504309061915e-03 2.092353440821e-02 2.096389606595e-02 2.131615951657e-02 2.240279689431e-02 2.504169940948e-02 2.361088804901e-02 2.903302200139e-02 2.802869305015e-02 1.238399464637e-02 8.753746747971e-03 4.813571646810e-02 2.880517207086e-02 3.743765875697e-02 3.666697815061e-02 3.647072985768e-02 4.035612195730e-02 3.003359213471e-02 4.936534166336e-02 5.376019328833e-02 6.751863658428e-02 7.006207853556e-02 6.841144710779e-02 6.899049878120e-02 7.084036618471e-02 1.081522628665e-01 1.190446391702e-01 1.264003366232e-01 1.346713304520e-01 2.161869704723e-01
8.925907313824e-03 1.429942436516e-02 1.816959492862e-02 1.999676600099e-02 9.065204299986e-03 2.766345860437e-03 8.396431803703e-03 2.151323668659e-02 2.326782792807e-02 4.823152907193e-03 3.585851937532e-02 3.662493452430e-02 1.806140132248e-02 1.319856662303e-02 2.021612413228e-02 2.121927030385e-02 2.110227011144e-02 2.252414263785e-02 2.454421855509e-02 2.157047018409e-02 2.659024111927e-02 2.756674401462e-02 1.478165388107e-02 1.035760063678e-02 1.938125863671e-02 4.942867904902e-03 3.603283315897e-02 3.507542982697e-02 3.420490026474e-02 3.586567193270e-02 4.124638438225e-02 4.644203931093e-02 5.085155740380e-02 6.047098338604e-02 5.910800397396e-02 6.239960342646e-02 5.813565477729e-02 6.745481491089e-02 9.109334647655e-02 9.174109250307e-02 9.238952398300e-02 6.851774454117e-02 1.456054896116e-01
8.340369910002e-03 1.323772408068e-02 1.663338579237e-02 1.816764287651e-02 1.884366013110e-02 1.936597190797e-02 1.950321719050e-02 1.979313418269e-02 2.606289088726e-02 3.656133264303e-02 3.465439006686e-02 3.374941274524e-02 3.614385053515e-02 1.891084946692e-02 1.996922865510e-02 2.200226113200e-02 2.278025634587e-02 2.261226437986e-02 2.404519356787e-02 2.420530468225e-02 2.327242493629e-02 2.652152255177e-02 2.505761384964e-02 1.570327021182e-02 2.558286860585e-02 2.648345753551e-02 3.220529854298e-02 3.110020607710e-02 2.949589118361e-02 3.367095440626e-02 3.885126113892e-02 4.378816857934e-02 1.079651527107e-02 3.602306544781e-02 5.053406953812e-02 5.233617499471e-02 6.034982204437e-02 6.855419278145e-02 7.776137441397e-02 8.048422634602e-02 4.647253826261e-02 3.114241734147e-02 8.123672008514e-02
7.669079583138e-03 1.214805524796e-02 1.523580867797e-02 1.668887212873e-02 1.732496358454e-02 1.764264702797e-02 1.760610565543e-02 3.114230558276e-02 3.438882902265e-02 3.264132142067e-02 1.690953411162e-02 1.672721840441e-02 2.688189409673e-02 1.903167366982e-02 2.016383968294e-02 1.825024373829e-02 2.482774294913e-02 2.436486817896e-02 2.412853203714e-02 2.464283630252e-02 2.388561330736e-02 2.432466670871e-02 2.477243728936e-02 2.316626347601e-02 2.442271262407e-02 2.735686302185e-02 2.816266193986e-02 2.704389952123e-02 2.820874005556e-02 3.284231200814e-02 3.743546083570e-02 4.143645986915e-02 1.262867357582e-02 3.497849777341e-02 4.249884560704e-02 4.435614496469e-02 5.219150707126e-02 5.811119824648e-02 6.012040004134e-02 5.728441849351e-02 2.189033105969e-02 4.519738629460e-02 6.141392886639e-02
7.102338597178e-03 1.126563642174e-02 1.418326143175e-02 1.562486775219e-02 1.618804782629e-02 1.629187911749e-02 2.845932915807e-02 3.194877505302e-02 3.202635422349e-02 1.819860748947e-02 1.626208238304e-02 1.623011939228e-02 1.627786830068e-02 1.927148364484e-02 2.085802145302e-02 1.038467139006e-02 1.178739499301e-02 2.598711475730e-02 2.556226588786e-02 2.554018795490e-02 2.690605260432e-02 2.802041731775e-02 2.849184721708e-02 2.739628776908e-02 2.347616106272e-02 2.409254759550e-02 2.473297156394e-02 2.440702170134e-02 2.806633152068e-02 3.239046409726e-02 3.658322244883e-02 3.968951851130e-02 3.574192523956e-02 3.766851872206e-02 3.726056218147e-02 3.819275647402e-02 3.966249525547e-02 4.009738564491e-02 4.061429202557e-02 3.926085680723e-02 3.860405832529e-02 4.822934418917e-02 5.324365943670e-02
6.690262351185e-03 1.063896063715e-02 1.344273611903e-02 1.480837259442e-02 8.876554667950e-03 1.517971698195e-02 1.501023676246e-02 2.846214734018e-02 1.886439323425e-02 1.548964902759e-02 1.561059523374e-02 1.548986136913e-02 1.666157692671e-02 1.440426800400e-02 2.148792333901e-02 1.102179661393e-02 1.222255360335e-02 1.376452296972e-02 2.883211523294e-02 2.847641892731e-02 3.017945215106e-02 3.183404356241e-02 1.919410936534e-02 3.024732880294e-02 2.593739144504e-02 2.140128239989e-02 2.352455630898e-02 2.544884383678e-02 2.702064253390e-02 3.109159134328e-02 3.504795581102e-02 3.769168257713e-02 2.925265952945e-02 2.659540809691e-02 2.293044887483e-02 1.715916208923e-02 3.788439184427e-02 3.895955160260e-02 3.713597357273e-02 4.108881205320e-02 4.460611939430e-02 4.164857789874e-02 2.074816450477e-02
6.523669231683e-03 1.035385485739e-02 1.303229667246e-02 1.424045581371e-02 1.202291622758e-02 1.436810102314e-02 1.423188764602e-02 2.372211776674e-02 2.158935368061e-02 1.538686826825e-02 1.612891629338e-02 1.675696484745e-02 1.783654093742e-02 1.245002727956e-02 1.393705885857e-02 1.624544523656e-02 2.071524783969e-02 3.046689555049e-02 3.159805387259e-02 3.122006356716e-02 3.260866552591e-02 1.602132245898e-02 2.007721550763e-02 3.114626370370e-02 2.628682367504e-02 1.963816396892e-02 2.083672210574e-02 2.275443077087e-02 2.447137795389e-02 2.780119702220e-02 3.134976699948e-02 3.376142308116e-02 1.263652276248e-02 2.293543890119e-02 1.882569491863e-02 2.833271026611e-02 3.808688744903e-02 3.994973376393e-02 3.833658620715e-02 3.775396570563e-02 4.406001791358e-02 2.316570840776e-02 7.922536693513e-03
1.972925383598e-03 9.842782281339e-03 1.300062891096e-02 1.406161859632e-02 1.419091410935e-02 1.516478694975e-02 1.602584682405e-02 2.053746581078e-02 1.658769138157e-02 2.015661448240e-02 2.100086398423e-02 2.172476053238e-02 2.077708579600e-02 1.715412177145e-02 2.065740525723e-02 2.125885151327e-02 2.472310885787e-02 2.872233465314e-02 3.186479210854e-02 3.255008161068e-02 3.301969170570e-02 3.205849975348e-02 3.336244821548e-02 2.946706674993e-02 2.412637136877e-02 1.931074075401e-02 2.121377736330e-02 2.277660369873e-02 2.409219555557e-02 2.510663680732e-02 2.544380538166e-02 6.570229772478e-03 1.140861585736e-02 2.156310714781e-02 3.861701115966e-02 4.144046083093e-02 4.141052439809e-02 4.150642082095e-02 3.968036547303e-02 3.569223731756e-02 4.122031480074e-02 4.185511916876e-02 3.919891268015e-02
3.786263754591e-03 3.868409432471e-03 1.314829010516e-02 1.428495720029e-02 1.575412414968e-02 1.284534670413e-02 1.752485893667e-02 1.717172563076e-02 1.926008984447e-02 2.016191743314e-02 2.084966376424e-02 2.144183032215e-02 2.029365673661e-02 1.636093482375e-02 1.808722317219e-02 1.921484991908e-02 2.138118073344e-02 2.456868253648e-02 2.866513282061e-02 3.105989284813e-02 3.121706470847e-02 2.234566956758e-02 2.971198037267e-02 2.617084421217e-02 2.101347595453e-02 1.942931488156e-02 2.096012048423e-02 2.417427860200e-02 2.374056912959e-02 2.372283674777e-02 1.493819989264e-02 7.962610572577e-03 2.704088389874e-02 3.394079580903e-02 2.137828618288e-02 4.238925129175e-02 4.445371776819e-02 3.580200299621e-02 4.047772288322e-02 3.526416420937e-02 3.849465027452e-02 3.844302147627e-02 3.521921485662e-02
6.339398212731e-03 9.642403572798e-03 1.285441312939e-02 1.452203746885e-02 1.595360226929e-02 9.399821050465e-03 1.731028221548e-02 1.758001185954e-02 1.769526489079e-02 1.765422150493e-02 1.779616996646e-02 1.818994432688e-02 1.829492300749e-02 1.783584617078e-02 1.786562055349e-02 1.193428318948e-02 1.789974793792e-02 1.978682726622e-02 2.312004007399e-02 2.655074372888e-02 3.279244899750e-02 3.664712607861e-02 3.376198187470e-02 2.489703334868e-02 1.887360401452e-02 2.048963494599e-02 2.336907200515e-02 2.519486472011e-02 2.493857778609e-02 2.372532337904e-02 2.340728975832e-02 2.300448529422e-02 2.811699733138e-02 3.373254835606e-02 3.309041261673e-02 3.701488673687e-02 4.089365899563e-02 4.080932959914e-02 4.081290960312e-02 3.474997356534e-02 3.743728622794e-02 3.695694357157e-02 3.391930460930e-02
6.143623497337e-03 9.569836780429e-03 1.171294413507e-02 1.336703076959e-02 1.458346098661e-02 9.173322468996e-03 1.210095454007e-02 1.542248390615e-02 1.604054868221e-02 1.662782952189e-02 1.550752297044e-02 1.536632608622e-02 1.098093483597e-02 1.720946095884e-02 1.521467883140e-02 1.049238163978e-02 1.706868782640e-02 1.700729690492e-02 2.119434066117e-02 2.809308096766e-02 3.405144810677e-02 3.699797019362e-02 3.426549211144e-02 2.602633275092e-02 1.965391822159e-02 2.364167012274e-02 2.634527534246e-02 2.662976272404e-02 2.549073286355e-02 2.378853037953e-02 2.314385771751e-02 2.320253103971e-02 2.778368629515e-02 3.244248032570e-02 3.473819419742e-02 3.348357602954e-02 3.670322149992e-02 4.128714278340e-02 4.107394814491e-02 3.761996701360e-02 1.900900527835e-02 3.777277842164e-02 3.461945056915e-02
5.368227139115e-03 8.318487554789e-03 1.128029450774e-02 1.372366864234e-02 1.015745662153e-02 1.330465078354e-02 1.341156195849e-02 1.672941260040e-02 1.771566830575e-02 1.831328496337e-02 1.699007302523e-02 1.409168168902e-02 1.192537974566e-02 1.820610091090e-02 1.161165442318e-02 1.520342566073e-02 1.684512570500e-02 1.675608381629e-02 1.794989593327e-02 1.975184679031e-02 2.140155620873e-02 2.230315096676e-02 2.330740168691e-02 2.012890204787e-02 2.262516133487e-02 2.702640742064e-02 2.719917148352e-02 2.444971352816e-02 2.261172235012e-02 2.103023417294e-02 2.128348499537e-02 2.311657369137e-02 2.706298045814e-02 3.064650483429e-02 3.207212686539e-02 3.088106773794e-02 3.585921972990e-02 4.131738469005e-02 4.764382913709e-02 4.445689171553e-02 4.069174826145e-02 3.956834599376e-02 6.006408110261e-02
