VariationalSeries/SI/f151.grd
DSAA
101	101
32.816463539100	34.260883539100
35.556306596100	36.727886596100
1.354170963168e-03	3.904677963257e+01
[rows 19 to 37 of 101, columns 0 to 42 of 101]
1.103836018592e-02 2.248448505998e-02 2.882182598114e-02 3.042859397829e-02 3.374977409840e-02 2.927666530013e-02 3.194597363472e-02 3.624463453889e-02 3.314604237676e-02 4.007756337523e-02 5.744769424200e-02 6.860380619764e-02 5.389483645558e-02 5.317059531808e-02 5.349048599601e-02 5.192731693387e-02 4.949720203876e-02 4.582251235843e-02 4.023484140635e-02 3.518759459257e-02 3.196332976222e-02 5.002750456333e-02 5.763555318117e-02 4.908636212349e-02 4.338861629367e-02 6.062687560916e-02 5.842428654432e-02 5.175437405705e-02 5.009722337127e-02 5.333124473691e-02 6.310129165649e-02 8.092735707760e-02 1.065362617373e-01 1.066928654909e-01 6.036567315459e-02 7.321847975254e-02 5.863782390952e-02 4.793065041304e-02 3.616177663207e-02 4.309193417430e-02 6.225326657295e-02 1.415582001209e-01 6.851047277451e-02
1.181949581951e-02 1.825026236475e-02 2.463484928012e-02 2.700811624527e-02 2.934195660055e-02 3.474656119943e-02 3.207181766629e-02 3.558382019401e-02 3.736279532313e-02 3.481448814273e-02 4.985829442739e-02 6.246236339211e-02 5.397600680590e-02 4.765987023711e-02 5.131624266505e-02 5.288703739643e-02 5.284496769309e-02 5.064099654555e-02 5.098474770784e-02 4.086741432548e-02 3.675227239728e-02 6.998291611671e-02 7.535934448242e-02 6.432951241732e-02 6.161158531904e-02 5.340357497334e-02 4.738937690854e-02 4.048639535904e-02 3.960021212697e-02 4.148530587554e-02 4.573291167617e-02 5.438457801938e-02 6.907098740339e-02 7.599166780710e-02 6.399443000555e-02 6.047901138663e-02 6.568650156260e-02 6.055418774486e-02 4.909220710397e-02 5.026921257377e-02 7.707598805428e-02 1.201767772436e-01 1.002028882504e-01
1.880823448300e-02 3.027604520321e-02 2.576671727002e-02 2.157454937696e-02 2.040768228471e-02 2.668400667608e-02 3.290922939777e-02 3.267642483115e-02 3.842391073704e-02 3.806308656931e-02 4.396129027009e-02 5.666318163276e-02 5.324176326394e-02 3.836980834603e-02 4.353043064475e-02 4.737714678049e-02 4.997156932950e-02 5.087466910481e-02 7.402392476797e-02 4.785982519388e-02 4.791425541043e-02 8.491045236588e-02 8.966519683599e-02 8.316432684660e-02 7.300887256861e-02 6.435617804527e-02 4.754641279578e-02 3.840443491936e-02 3.908741474152e-02 3.629375249147e-02 3.803255781531e-02 4.334839060903e-02 5.236293002963e-02 5.516909062862e-02 5.418441072106e-02 5.458423867822e-02 6.591505557299e-02 6.852430850267e-02 6.233248487115e-02 5.701269581914e-02 8.983229100704e-02 8.658549189568e-02 1.319286674261e-01
2.388526685536e-02 4.295599460602e-02 4.366016387939e-02 3.042262420058e-02 1.787827908993e-02 1.887137256563e-02 2.352154068649e-02 3.020198084414e-02 3.471780940890e-02 4.049633443356e-02 5.121076479554e-02 6.426541507244e-02 7.203529030085e-02 6.218856945634e-02 3.925680741668e-02 3.777914121747e-02 4.196524247527e-02 4.800526797771e-02 8.072279393673e-02 5.410572513938e-02 5.280366167426e-02 9.205306321383e-02 9.733111411333e-02 9.331709146500e-02 7.263541966677e-02 7.343442738056e-02 6.305623799562e-02 5.801487714052e-02 5.934406071901e-02 5.417279154062e-02 4.753275588155e-02 4.348561540246e-02 5.014326050878e-02 4.931034520268e-02 5.092787370086e-02 5.233216658235e-02 5.976898595691e-02 6.853143125772e-02 6.921532750130e-02 6.521916389465e-02 1.000939458609e-01 8.682914078236e-02 1.527158915997e-01
2.396156266332e-02 4.896144941449e-02 6.013964489102e-02 5.177464336157e-02 3.264155238867e-02 2.535112388432e-02 2.771651186049e-02 2.933551557362e-02 3.256857022643e-02 3.806271776557e-02 4.554466530681e-02 5.187920853496e-02 5.304581299424e-02 4.525919631124e-02 3.616926074028e-02 3.791551664472e-02 4.594802111387e-02 6.643247604370e-02 8.780378103256e-02 5.390432849526e-02 4.983050748706e-02 9.271597862244e-02 9.689024835825e-02 8.933812379837e-02 7.180566340685e-02 7.319637387991e-02 7.150260359049e-02 7.833439111710e-02 7.979667931795e-02 7.335248589516e-02 6.687372922897e-02 1.056554466486e-01 9.825085848570e-02 6.656782329082e-02 5.363114923239e-02 5.728108435869e-02 6.668723374605e-02 6.189820915461e-02 6.810020655394e-02 7.013993710279e-02 1.058913394809e-01 8.799357712269e-02 1.559007763863e-01
1.868079230189e-02 4.375784471631e-02 6.533854454756e-02 7.025407999754e-02 5.531428754330e-02 3.348607197404e-02 2.482640556991e-02 2.453606575727e-02 2.542258799076e-02 3.119203448296e-02 4.190971702337e-02 4.403223842382e-02 4.311663657427e-02 4.662997648120e-02 4.707172140479e-02 5.089939385653e-02 5.076752975583e-02 7.604683935642e-02 8.634988218546e-02 4.914291948080e-02 5.678702890873e-02 1.015912741423e-01 9.171126782894e-02 7.593161612749e-02 7.184718549252e-02 6.983876228333e-02 8.280271291733e-02 9.347632527351e-02 9.423502534628e-02 8.659209311008e-02 8.093520998955e-02 1.367454677820e-01 2.028190195560e-01 1.916652470827e-01 1.720045357943e-01 1.624944657087e-01 1.669724285603e-01 7.523459941149e-02 6.103825196624e-02 6.812664121389e-02 1.085008531809e-01 8.498746901751e-02 1.382546871901e-01
1.831725612283e-02 3.422557562590e-02 5.425338447094e-02 7.301702350378e-02 7.267506420612e-02 5.446949228644e-02 3.312414139509e-02 2.118752337992e-02 2.987438440323e-02 3.874208778143e-02 4.640655592084e-02 5.172063410282e-02 5.319533869624e-02 5.461345240474e-02 5.221546441317e-02 5.323811247945e-02 5.962872505188e-02 7.397788763046e-02 7.236860692501e-02 5.117171630263e-02 4.394906759262e-02 9.137352555990e-02 1.151161417365e-01 1.154529452324e-01 9.514793008566e-02 7.883047312498e-02 8.999384194613e-02 9.824670851231e-02 1.007675752044e-01 8.944114297628e-02 8.396064490080e-02 8.834318816662e-02 1.650598496199e-01 1.790161132812e-01 1.955060511827e-01 2.343174517155e-01 2.897120416164e-01 1.754285544157e-01 5.651572346687e-02 8.587362617254e-02 1.068040728569e-01 8.048108220100e-02 1.039945781231e-01
1.702321320772e-02 3.687438741326e-02 4.282217845321e-02 5.797741934657e-02 7.226894050837e-02 6.792705506086e-02 5.098183453083e-02 3.642765432596e-02 4.981647059321e-02 5.807404592633e-02 5.941083654761e-02 5.592276155949e-02 4.926272854209e-02 5.558498576283e-02 6.308126449585e-02 6.578179448843e-02 6.470625102520e-02 5.853493139148e-02 4.935978353024e-02 4.852603003383e-02 5.413822457194e-02 5.396658182144e-02 8.953663706779e-02 1.636767387390e-01 1.969587504864e-01 1.701201200485e-01 1.200652942061e-01 1.279186606407e-01 1.280917972326e-01 1.126804053783e-01 1.040817573667e-01 9.117297083139e-02 1.345038264990e-01 2.419761568308e-01 3.523132801056e-01 2.865196764469e-01 1.965637207031e-01 1.476732343435e-01 8.125019073486e-02 8.579345792532e-02 1.022477969527e-01 7.434947043657e-02 8.782622218132e-02
1.532981917262e-02 2.762706577778e-02 2.815086580813e-02 3.754089027643e-02 5.856379121542e-02 6.359668821096e-02 6.774163246155e-02 5.464294552803e-02 6.394276022911e-02 6.317520141602e-02 5.602464079857e-02 4.737123847008e-02 4.571068286896e-02 5.376902967691e-02 6.922551989555e-02 7.912313938141e-02 7.823536545038e-02 6.943154335022e-02 5.283125117421e-02 4.853357374668e-02 8.367109298706e-02 7.802942395210e-02 5.772915855050e-02 9.446000307798e-02 1.555660963058e-01 2.006029486656e-01 1.918905824423e-01 1.480177938938e-01 1.357002854347e-01 1.381237357855e-01 1.491336226463e-01 1.847340762615e-01 2.468646913767e-01 3.753310739994e-01 4.401811957359e-01 2.945891916752e-01 1.363369971514e-01 9.843114018440e-02 1.034378930926e-01 7.728373259306e-02 1.257553398609e-01 1.009679734707e-01 1.644477099180e-01
1.121190469712e-02 2.199134044349e-02 2.352129854262e-02 2.619244344532e-02 5.275574326515e-02 7.687521725893e-02 8.016990870237e-02 6.345587223768e-02 6.305593997240e-02 5.189659073949e-02 4.473939538002e-02 4.537327960134e-02 4.241903498769e-02 4.986887797713e-02 5.163296312094e-02 6.211417913437e-02 6.585347652435e-02 6.584887206554e-02 6.970760226250e-02 5.953325703740e-02 8.805609494448e-02 9.809996187687e-02 8.702813833952e-02 1.067675426602e-01 1.468259096146e-01 1.556848287582e-01 1.653791964054e-01 1.757918447256e-01 1.359083503485e-01 1.421474218369e-01 1.670250594616e-01 2.135911136866e-01 2.674390673637e-01 3.475046753883e-01 3.331025838852e-01 1.922812312841e-01 1.675936728716e-01 1.411610543728e-01 1.312303543091e-01 1.152709126472e-01 1.323002874851e-01 1.654582321644e-01 2.355753332376e-01
1.085847988725e-02 1.832971535623e-02 1.938796043396e-02 2.185250446200e-02 3.499244898558e-02 6.691091507673e-02 9.355222433805e-02 9.394451230764e-02 6.521385908127e-02 6.183123216033e-02 5.010317265987e-02 5.253568664193e-02 5.444195121527e-02 4.866549745202e-02 5.343132466078e-02 5.281976982951e-02 4.687695950270e-02 5.108971893787e-02 7.447198033333e-02 6.553535908461e-02 7.141587138176e-02 9.044709056616e-02 9.753854572773e-02 1.055454090238e-01 1.586318016052e-01 1.942649036646e-01 2.142861783504e-01 2.042476534843e-01 1.675408780575e-01 1.335811465979e-01 1.338765472174e-01 1.653762906790e-01 1.922908425331e-01 2.293804734945e-01 2.048830240965e-01 1.239477917552e-01 1.691435873508e-01 1.828221976757e-01 1.750547140837e-01 1.645531505346e-01 1.339182108641e-01 1.976811736822e-01 2.638319432735e-01
1.330041792244e-02 2.514518983662e-02 2.557629533112e-02 2.384011447430e-02 3.024529106915e-02 4.291892796755e-02 7.815077155828e-02 1.040495559573e-01 9.860575944185e-02 6.574636697769e-02 6.055297702551e-02 5.635013058782e-02 5.758920684457e-02 5.591741949320e-02 5.040975660086e-02 5.681078135967e-02 5.428913608193e-02 4.778885096312e-02 6.358780711889e-02 8.040158450603e-02 5.208200216293e-02 6.848266720772e-02 9.650420397520e-02 9.750311821699e-02 1.226850822568e-01 1.759516745806e-01 2.357138842344e-01 2.793929278851e-01 2.758173942566e-01 2.072015106678e-01 1.626365035772e-01 1.226797476411e-01 1.292085349560e-01 1.527704000473e-01 1.417339295149e-01 1.061660796404e-01 1.403172165155e-01 1.918190419674e-01 1.944071948528e-01 1.924044787884e-01 1.642238050699e-01 1.970331817865e-01 2.527911365032e-01
2.448881603777e-02 4.029566422105e-02 3.013079240918e-02 3.171529620886e-02 3.332651033998e-02 3.274006396532e-02 4.581593722105e-02 7.870260626078e-02 9.943110495806e-02 9.387785196304e-02 6.757310777903e-02 6.057988852262e-02 5.875469371676e-02 5.772461742163e-02 5.305922776461e-02 5.715378746390e-02 5.865663662553e-02 5.485956370831e-02 6.450175493956e-02 7.910812646151e-02 7.798700779676e-02 6.063370779157e-02 1.071290746331e-01 8.140838146210e-02 1.173801422119e-01 1.730189025402e-01 2.030445188284e-01 2.761092782021e-01 3.502475619316e-01 3.549970686436e-01 2.515592277050e-01 1.289900243282e-01 1.012229993939e-01 1.239158362150e-01 1.158665418625e-01 9.941864013672e-02 1.395900845528e-01 1.995970159769e-01 2.103754431009e-01 1.979476958513e-01 2.016277611256e-01 1.841042786837e-01 2.199949622154e-01
2.996343933046e-02 5.871143192053e-02 5.766828358173e-02 4.685383290052e-02 3.323512524366e-02 3.224253654480e-02 3.383338823915e-02 4.080949351192e-02 6.706327199936e-02 8.686745166779e-02 8.939862251282e-02 7.300801575184e-02 5.932240188122e-02 6.213450059295e-02 6.308488547802e-02 5.894890800118e-02 6.150231510401e-02 6.075457856059e-02 5.511923879385e-02 9.828517585993e-02 9.042878448963e-02 9.656573086977e-02 1.470224559307e-01 9.401869773865e-02 1.200382634997e-01 1.713160276413e-01 2.326712608337e-01 2.724063396454e-01 3.204627633095e-01 4.259006381035e-01 4.217391014099e-01 2.821992337704e-01 1.326201111078e-01 1.477165818214e-01 9.923520684242e-02 8.271910995245e-02 9.197163581848e-02 2.951110601425e-01 2.878334522247e-01 2.216690927744e-01 4.100504815578e-01 2.077858000994e-01 2.214259803295e-01
3.801718726754e-02 5.819367989898e-02 5.997352302074e-02 6.666471064091e-02 6.473835557699e-02 5.461933836341e-02 4.096710309386e-02 4.526334255934e-02 6.168794631958e-02 8.059135824442e-02 8.815392106771e-02 8.516583591700e-02 9.592097997665e-02 9.883414208889e-02 6.381484866142e-02 6.370373815298e-02 6.649063527584e-02 6.745564192533e-02 6.775200366974e-02 9.411872178316e-02 1.001623868942e-01 9.157316386700e-02 1.719032675028e-01 1.381663978100e-01 1.032960861921e-01 1.469293385744e-01 2.275375276804e-01 3.180060386658e-01 3.018037676811e-01 3.772150278091e-01 5.025109052658e-01 4.558382630348e-01 2.969687283039e-01 1.584319472313e-01 1.011887341738e-01 8.262363076210e-02 9.022395312786e-02 1.072749942541e-01 5.058476924896e-01 2.172121703625e-01 5.941521525383e-01 4.814243912697e-01 2.485580146313e-01
8.753802627325e-02 1.451113820076e-01 1.255767941475e-01 9.444812685251e-02 6.706834584475e-02 7.326190918684e-02 7.480189204216e-02 6.479002535343e-02 6.341430544853e-02 8.005819469690e-02 1.028194203973e-01 1.156205534935e-01 1.145987212658e-01 1.627855449915e-01 1.387639194727e-01 6.900160014629e-02 6.061294674873e-02 1.168629601598e-01 1.238604485989e-01 9.901511669159e-02 7.041960209608e-02 9.836863726377e-02 1.876739710569e-01 1.584200561047e-01 1.121338233352e-01 1.111799180508e-01 1.631836891174e-01 2.581589519978e-01 3.298615813255e-01 2.591809034348e-01 4.334470927715e-01 5.399672985077e-01 4.658377766609e-01 2.836361229420e-01 1.336205303669e-01 1.251923590899e-01 9.164164215326e-02 1.060697138309e-01 2.792706191540e-01 5.167735219002e-01 6.314016580582e-01 7.459726333618e-01 2.887019813061e-01
1.394737511873e-01 2.457127720118e-01 2.397559285164e-01 2.059969902039e-01 1.680729538202e-01 1.307363808155e-01 9.710685163736e-02 7.930048555136e-02 8.439067751169e-02 7.566706091166e-02 8.950768411160e-02 1.103834360838e-01 1.291978359222e-01 1.685361564159e-01 2.182583808899e-01 1.658960878849e-01 8.550050109625e-02 1.427997350693e-01 1.694931834936e-01 1.772342473269e-01 1.753852516413e-01 1.644033044577e-01 1.966758668423e-01 1.575540006161e-01 1.022812053561e-01 7.690513879061e-02 1.092775985599e-01 1.948855817318e-01 2.781377434731e-01 2.093660831451e-01 2.886956930161e-01 4.668031036854e-01 5.502952337265e-01 4.479436576366e-01 2.652510106564e-01 1.165161579847e-01 1.489259600639e-01 1.391244530678e-01 2.312670499086e-01 5.006627440453e-01 5.050764679909e-01 8.979422450066e-01 3.174819052219e-01
1.576286107302e-01 2.930967807770e-01 3.163999915123e-01 3.084916472435e-01 2.863175868988e-01 2.560076415539e-01 2.184074223042e-01 1.760748475790e-01 1.348407268524e-01 9.779471158981e-02 9.574861079454e-02 9.042550623417e-02 1.084779947996e-01 1.316680014133e-01 2.199780493975e-01 2.686435580254e-01 1.817360073328e-01 9.811522811651e-02 8.715777844191e-02 1.532630324364e-01 1.435264348984e-01 1.499564945698e-01 1.970244497061e-01 2.905369102955e-01 1.653185039759e-01 1.267282068729e-01 9.397859126329e-02 1.270841807127e-01 1.782484352589e-01 1.544272750616e-01 2.256309539080e-01 3.105310201645e-01 4.664774835110e-01 5.226663351059e-01 4.130916595459e-01 2.422321438789e-01 1.421582996845e-01 1.575009077787e-01 3.088318705559e-01 4.868086576462e-01 6.452499628067e-01 7.445148229599e-01 4.383750557899e-01
1.344955414534e-01 2.629750669003e-01 3.132397532463e-01 3.344202339649e-01 3.391107022762e-01 3.348441123962e-01 3.249971270561e-01 2.990961372852e-01 2.624325454235e-01 2.201768159866e-01 1.741473078728e-01 1.296719610691e-01 1.083400100470e-01 1.092863306403e-01 1.247961744666e-01 2.457555383444e-01 2.756585478783e-01 1.635528057814e-01 1.496366262436e-01 1.798419505358e-01 1.732386350632e-01 1.833104789257e-01 1.611271649599e-01 3.308247029781e-01 2.906621992588e-01 1.374618858099e-01 1.482563018799e-01 1.539259850979e-01 1.540356427431e-01 1.902631521225e-01 1.765122562647e-01 2.362385243177e-01 3.023434579372e-01 4.310532212257e-01 4.754965901375e-01 3.855033218861e-01 2.372450232506e-01 2.180486619473e-01 3.633994162083e-01 4.858366847038e-01 5.999751091003e-01 6.738352775574e-01 5.560474991798e-01
