VariationalSeries/SI/f15_max.grd
DSAA
101	101
32.816463539100	34.260883539100
35.556306596100	36.727886596100
3.397103864700e-04	8.250141143799e+00
[rows 57 to 75 of 101, columns 43 to 85 of 101]
9.161093831062e-02 1.053749322891e-01 7.243031263351e-02 5.836139619350e-02 5.775134637952e-02 8.777846395969e-02 9.084270149469e-02 1.159664466977e-01 8.596860617399e-02 6.922852993011e-02 5.743921548128e-02 4.580824077129e-02 3.715382888913e-02 4.512773081660e-02 1.022638678551e-01 3.522695899010e-01 9.794254899025e-01 1.036671757698e+00 1.354093551636e+00 4.477531015873e-01 1.513885855675e-01 1.321905702353e-01 2.689558267593e-01 4.063965678215e-01 1.609941273928e-01 6.143956631422e-02 6.951354444027e-02 5.067559704185e-02 5.165725201368e-02 5.788592249155e-02 6.217615306377e-02 7.861426472664e-02 6.792652606964e-02 5.524887144566e-02 3.428699076176e-02 2.355545200408e-02 2.739131078124e-02 3.713815659285e-02 4.526760429144e-02 3.376881033182e-02 1.860468275845e-02 2.016678452492e-02 2.168974280357e-02
1.139648705721e-01 1.107651591301e-01 6.486861407757e-02 3.806736692786e-02 3.928028792143e-02 6.778682768345e-02 9.806445240974e-02 1.694030761719e-01 1.357633024454e-01 7.976276427507e-02 5.293779075146e-02 3.865101933479e-02 2.537593618035e-02 3.097382001579e-02 2.717033773661e-02 2.569833397865e-01 3.698666095734e-01 3.999024629593e-01 2.889886796474e-01 3.130224645138e-01 2.273779064417e-01 1.707820743322e-01 1.309055984020e-01 1.214211583138e-01 2.387747317553e-01 2.663830518723e-01 7.159281522036e-02 7.153603434563e-02 8.042053133249e-02 4.460265114903e-02 5.184651538730e-02 4.791814088821e-02 4.096341878176e-02 3.161174058914e-02 3.150294348598e-02 2.430262789130e-02 2.469760179520e-02 2.774423919618e-02 2.504040673375e-02 2.284426614642e-02 2.307246625423e-02 2.558765932918e-02 2.510133758187e-02
1.072379797697e-01 1.106883957982e-01 6.495226919651e-02 3.818963095546e-02 5.101435258985e-02 8.172956109047e-02 1.285067647696e-01 2.007362991571e-01 3.126066923141e-01 9.671668708324e-02 5.043661594391e-02 3.095735237002e-02 2.128603681922e-02 3.002021647990e-02 3.866706043482e-02 2.213170751929e-02 4.013391211629e-02 5.450472608209e-02 4.277984052896e-02 5.395632982254e-02 5.650574341416e-02 5.843177437782e-02 4.485554248095e-02 5.736183002591e-02 1.009289547801e-01 4.527001082897e-01 2.103330641985e-01 9.092923253775e-02 9.236753731966e-02 8.939421176910e-02 5.661495402455e-02 4.856061562896e-02 3.937825560570e-02 3.339211642742e-02 4.333605244756e-02 3.839221596718e-02 3.296373039484e-02 2.116376720369e-02 2.176501043141e-02 1.723341643810e-02 1.799513772130e-02 1.596365869045e-02 1.415447890759e-02
8.440850675106e-02 8.775068819523e-02 5.175231769681e-02 4.793876037002e-02 9.655409306288e-02 1.158960014582e-01 2.282441854477e-01 3.060830533504e-01 4.135900735855e-01 7.402582466602e-02 4.301012679935e-02 2.930852025747e-02 1.734637469053e-02 1.776672340930e-02 3.960924223065e-02 4.819653183222e-02 1.787985861301e-02 3.719320520759e-02 4.945666715503e-02 3.953784331679e-02 3.579744324088e-02 5.436396598816e-02 3.779221698642e-02 4.679966345429e-02 8.527849614620e-02 1.757798939943e-01 9.355066418648e-01 7.611951977015e-02 8.456172049046e-02 9.214945137501e-02 7.216879725456e-02 4.864184930921e-02 3.850333020091e-02 4.584256559610e-02 3.012287057936e-02 2.620917186141e-02 2.148060686886e-02 1.753254607320e-02 1.645880751312e-02 1.659422926605e-02 1.473932061344e-02 2.064722031355e-02 2.911999635398e-02
6.247211247683e-02 5.747713893652e-02 4.375922679901e-02 4.420460760593e-02 5.767932161689e-02 8.351287245750e-02 1.503784954548e-01 4.653459787369e-01 1.933484375477e-01 4.475406557322e-02 3.117852099240e-02 2.457723952830e-02 1.535728108138e-02 1.646244339645e-02 1.981900446117e-02 4.848140478134e-02 5.088401213288e-02 2.025911398232e-02 3.586228936911e-02 4.703085124493e-02 3.779786825180e-02 3.676257655025e-02 2.720608189702e-02 3.753814473748e-02 7.056260854006e-02 1.664759665728e-01 4.116374850273e-01 6.613238900900e-02 7.321012765169e-02 5.473927780986e-02 4.778651893139e-02 5.432942882180e-02 3.845322877169e-02 5.819130688906e-02 2.931560575962e-02 3.891943767667e-02 3.350557759404e-02 5.215800553560e-02 3.865266591311e-02 2.266775630414e-02 1.949660293758e-02 2.233001589775e-02 2.089017070830e-02
4.778840765357e-02 3.411219269037e-02 3.937864676118e-02 4.763790592551e-02 1.124816089869e-01 2.532994449139e-01 3.802534043789e-01 2.250962853432e-01 2.429176308215e-02 2.895416133106e-02 2.290921285748e-02 1.977125369012e-02 1.484509743750e-02 2.263278886676e-02 2.292998135090e-02 1.998037844896e-02 5.269552767277e-02 4.439311474562e-02 2.923176623881e-02 4.522012919188e-02 4.127790033817e-02 3.186552599072e-02 2.757645398378e-02 3.764946386218e-02 7.344599813223e-02 1.603712588549e-01 2.013144195080e-01 2.285473942757e-01 1.228591054678e-01 5.141144990921e-02 5.407490953803e-02 3.073780052364e-02 4.491744935513e-02 3.650171682239e-02 3.748099133372e-02 4.230200126767e-02 7.703224569559e-02 2.646735310555e-01 2.849758043885e-02 2.112708613276e-02 2.129355259240e-02 2.046465873718e-02 1.963648386300e-02
3.643473610282e-02 2.430769987404e-02 3.168786317110e-02 4.293766245246e-02 6.028870120645e-02 2.933657467365e-01 2.029359340668e-01 4.268441349268e-02 2.771197445691e-02 2.269758656621e-02 1.764206402004e-02 1.626700907946e-02 1.973042264581e-02 2.649634703994e-02 2.164885587990e-02 1.664283312857e-02 2.597619779408e-02 5.751393735409e-02 3.297818079591e-02 4.379538819194e-02 3.273596242070e-02 3.477054089308e-02 3.114408068359e-02 3.552463278174e-02 9.121417254210e-02 1.688836663961e-01 1.224221959710e-01 1.518283635378e-01 1.598010808229e-01 6.673602014780e-02 8.770034462214e-02 5.399157106876e-02 2.751085907221e-02 4.009658470750e-02 2.918343991041e-02 2.697415649891e-02 5.131831765175e-02 2.600136771798e-02 2.251520566642e-02 1.558121666312e-02 1.565149798989e-02 1.705263368785e-02 1.880523934960e-02
2.956346981227e-02 2.023576945066e-02 2.505387738347e-02 3.325074911118e-02 4.043136537075e-02 4.957656934857e-02 4.142739251256e-02 2.609883435071e-02 2.932823449373e-02 2.472518570721e-02 2.494933083653e-02 2.410437911749e-02 2.310956269503e-02 2.408761344850e-02 1.778582669795e-02 2.125348150730e-02 3.015915490687e-02 3.408308699727e-02 5.729010328650e-02 3.269917145371e-02 4.528868570924e-02 3.181377425790e-02 3.200114518404e-02 3.032144717872e-02 6.562847644091e-02 4.996499046683e-02 4.394865781069e-02 6.703086942434e-02 1.575818061829e-01 2.671151161194e-01 5.334157124162e-02 4.284000396729e-02 4.814762622118e-02 1.198156997561e-01 2.873038500547e-02 2.397500351071e-02 6.815550476313e-02 9.127744287252e-02 1.413076817989e-01 7.224280387163e-02 2.130712568760e-02 1.116627454758e-01 1.545706540346e-01
1.887873560190e-02 1.604488678277e-02 2.028227597475e-02 2.509252354503e-02 2.850258164108e-02 2.676403336227e-02 2.352798730135e-02 2.929639257491e-02 3.418999165297e-02 3.394394367933e-02 3.232629969716e-02 2.793449535966e-02 2.416590414941e-02 1.857669278979e-02 1.887471415102e-02 2.200758829713e-02 2.980543486774e-02 2.979817055166e-02 4.647132381797e-02 4.300970211625e-02 4.993145912886e-02 2.473690360785e-02 2.949925325811e-02 3.011278994381e-02 2.762389369309e-02 2.961852587759e-02 3.818072378635e-02 5.892849713564e-02 9.546587616205e-02 1.614606678486e-01 2.074624150991e-01 4.797607660294e-02 4.391793534160e-02 1.585418730974e-01 4.305643215775e-02 2.001826092601e-02 7.942096143961e-02 1.552526354790e-01 1.680767834187e-01 1.578103452921e-01 1.563100069761e-01 1.730296015739e-01 2.058324217796e-01
1.373594347388e-02 1.006444916129e-02 1.375429704785e-02 1.663626916707e-02 1.826036162674e-02 1.980987936258e-02 3.082492761314e-02 4.273423925042e-02 4.748806729913e-02 4.388125613332e-02 3.598290309310e-02 2.720473892987e-02 2.163137122989e-02 1.507415622473e-02 2.075762301683e-02 1.967304199934e-02 2.488839626312e-02 2.213081717491e-02 3.177526965737e-02 4.918792843819e-02 4.503817111254e-02 3.483528643847e-02 2.517933771014e-02 2.776372432709e-02 2.775156311691e-02 4.353826493025e-02 5.857763439417e-02 7.095997035503e-02 9.582355618477e-02 1.144700795412e-01 1.825750470161e-01 3.429663926363e-02 2.983817830682e-02 2.195500284433e-01 3.476342186332e-02 2.686379477382e-02 2.451627515256e-02 2.045301347971e-02 2.293333783746e-02 1.207763236016e-02 6.749473512173e-02 1.622202619910e-02 1.592711172998e-02
1.191444508731e-02 8.938433602452e-03 9.926391765475e-03 1.211575046182e-02 1.467009447515e-02 2.124880254269e-02 4.542317986488e-02 4.519626125693e-02 4.616108164191e-02 3.856816887856e-02 2.745142579079e-02 2.423099242151e-02 1.564311608672e-02 1.105744019151e-02 2.137685194612e-02 1.815852895379e-02 2.137787640095e-02 2.213059365749e-02 2.580105513334e-02 2.929241210222e-02 4.440518841147e-02 3.957741707563e-02 2.362561412156e-02 2.571606077254e-02 2.789484336972e-02 4.050499573350e-02 7.808506488800e-02 9.966890513897e-02 1.373105049133e-01 9.444860368967e-02 1.903014481068e-01 7.974389940500e-02 1.109552308917e-01 1.840426176786e-01 3.740371391177e-02 2.737193740904e-02 2.486056834459e-02 2.576227113605e-02 2.064962498844e-02 1.709654740989e-02 4.078698530793e-02 2.147019095719e-02 2.227652072906e-02
8.718536235392e-03 8.325062692165e-03 8.356024511158e-03 9.840163402259e-03 1.261390838772e-02 4.777093976736e-02 5.471031740308e-02 3.180142119527e-02 3.210050985217e-02 2.586599439383e-02 2.541992999613e-02 1.839837804437e-02 1.179764606059e-02 1.174482703209e-02 1.833973079920e-02 1.921966671944e-02 1.851094327867e-02 1.971186138690e-02 2.058252505958e-02 2.994695119560e-02 2.506605349481e-02 3.907710686326e-02 2.978836745024e-02 2.526299655437e-02 2.872382290661e-02 3.056699223816e-02 5.556634441018e-02 6.429598480463e-02 8.798531442881e-02 7.016526907682e-02 1.016831547022e-01 9.919464588165e-02 1.148069575429e-01 1.286379992962e-01 2.176704257727e-01 1.817038469017e-02 2.006596326828e-02 2.505818568170e-02 2.115274034441e-02 2.039647847414e-02 1.796041615307e-02 1.937250420451e-02 2.778892591596e-02
7.315941620618e-03 7.708025630563e-03 7.331481669098e-03 9.431865997612e-03 4.518132656813e-02 6.359744817019e-02 2.547902800143e-02 1.552166882902e-02 2.202847786248e-02 2.513744309545e-02 2.009594254196e-02 1.153986155987e-02 1.112636830658e-02 1.369186397642e-02 1.541951019317e-02 1.907051727176e-02 1.267204061151e-02 9.709751233459e-03 1.063543558121e-02 2.684694901109e-02 2.389100752771e-02 3.391771018505e-02 3.454090654850e-02 2.553204447031e-02 2.955067902803e-02 3.194849938154e-02 4.622919484973e-02 4.598314315081e-02 5.932614952326e-02 7.400292903185e-02 9.328516572714e-02 1.186503320932e-01 1.107189059258e-01 7.359389215708e-02 1.181180402637e-01 5.344074219465e-02 2.149443142116e-02 2.847515232861e-02 1.236196141690e-02 1.366893481463e-02 1.187358982861e-02 1.953482814133e-02 1.810393854976e-02
6.612567231059e-03 6.888121366501e-03 7.459425367415e-03 3.666663542390e-02 6.606067717075e-02 3.333013132215e-02 1.986875571311e-02 1.856217160821e-02 2.211099304259e-02 1.892507448792e-02 1.551483385265e-02 1.472639944404e-02 1.285306829959e-02 1.635463535786e-02 2.863869816065e-02 3.056122735143e-02 2.234943583608e-02 2.103855460882e-02 1.991122402251e-02 1.985288411379e-02 2.389757148921e-02 2.267824858427e-02 3.584016487002e-02 3.002661094069e-02 3.161804750562e-02 3.667267411947e-02 7.027608156204e-02 7.221481949091e-02 5.593720823526e-02 1.127303987741e-01 1.321254521608e-01 9.137050062418e-02 8.624363690615e-02 8.280247449875e-02 4.943183436990e-02 2.806189656258e-02 3.849760442972e-02 1.512791030109e-02 1.576800644398e-02 8.030569180846e-03 6.253627594560e-03 8.014117367566e-03 1.460375450552e-02
5.904156714678e-03 6.669526454061e-03 3.095760568976e-02 6.129885464907e-02 4.328089579940e-02 2.293698675931e-02 2.598272077739e-02 1.990304887295e-02 1.998702995479e-02 1.580416597426e-02 1.925394870341e-02 1.816291920841e-02 1.874514669180e-02 2.229346148670e-02 2.258987724781e-02 5.577700212598e-02 5.737544968724e-02 6.545303016901e-02 6.206014007330e-02 6.588702648878e-02 2.740228548646e-02 2.425120398402e-02 3.373767435551e-02 3.675568103790e-02 3.668906167150e-02 6.374530494213e-02 1.322005093098e-01 1.364428848028e-01 7.719141989946e-02 9.996287524700e-02 5.670694634318e-02 5.907820537686e-02 5.717411637306e-02 7.489220798016e-02 3.940133377910e-02 2.527035959065e-02 2.213033474982e-02 1.122686546296e-02 3.379730507731e-02 1.426771748811e-02 7.700234651566e-03 6.634531076998e-03 5.582883022726e-03
6.154098547995e-03 2.643664367497e-02 5.873493850231e-02 5.008608847857e-02 1.496263314039e-02 1.940520294011e-02 2.411989867687e-02 1.770554669201e-02 2.123160474002e-02 1.770442724228e-02 1.698036119342e-02 1.706804148853e-02 2.709539607167e-02 2.956281229854e-02 4.310612753034e-02 2.069844603539e-01 1.295918375254e-01 7.985898852348e-02 1.287465691566e-01 1.500599533319e-01 1.125268638134e-01 3.991492092609e-02 3.975548222661e-02 6.160655617714e-02 4.334791749716e-02 9.461387246847e-02 1.111362352967e-01 1.175774857402e-01 7.147611677647e-02 6.820054352283e-02 6.284531950951e-02 5.188887938857e-02 5.075191706419e-02 5.183113366365e-02 8.067976683378e-02 1.325379312038e-01 1.338338106871e-01 5.226461216807e-02 2.399822510779e-02 1.004068274051e-02 6.726159714162e-03 7.718787994236e-03 1.450388692319e-02
2.464416995645e-02 5.895163491368e-02 5.396354943514e-02 1.704598776996e-02 1.356839854270e-02 1.970569603145e-02 2.049164846539e-02 1.509052235633e-02 2.007337100804e-02 1.461570523679e-02 1.479290705174e-02 1.889338158071e-02 2.625302039087e-02 7.490175217390e-02 5.321453213692e-01 6.851603984833e-01 3.270683884621e-01 1.493377238512e-01 2.425242066383e-01 1.663856655359e-01 9.862304478884e-02 4.940913990140e-02 9.499293565750e-02 6.170825660229e-02 1.272517293692e-01 7.558948546648e-02 9.549799561501e-02 8.977437764406e-02 8.144405484200e-02 6.804253906012e-02 4.695052653551e-02 5.643035471439e-02 4.177463427186e-02 4.644128307700e-02 5.229065194726e-02 5.470771715045e-02 5.848823115230e-02 1.642891392112e-02 1.334167271852e-02 1.331347785890e-02 5.569471046329e-03 5.338799208403e-03 5.521406419575e-03
5.884652957320e-02 6.629390269518e-02 2.460625581443e-02 1.077530812472e-02 1.583409868181e-02 2.002242393792e-02 1.896845176816e-02 1.514192856848e-02 2.256331406534e-02 1.836581528187e-02 1.049247011542e-02 1.345701888204e-02 2.065223082900e-02 1.130205690861e-01 5.920694470406e-01 3.757677376270e-01 9.137620031834e-02 6.148945912719e-02 2.568041905761e-02 2.552157454193e-02 1.147091835737e-01 2.970859780908e-02 2.312660031021e-02 3.048365376890e-02 1.718501299620e-01 9.833236038685e-02 4.448674246669e-02 5.203806981444e-02 4.967998713255e-02 3.926280140877e-02 4.174055904150e-02 3.874006494880e-02 4.306298121810e-02 4.060523957014e-02 4.468622058630e-02 5.011552199721e-02 2.892288565636e-02 9.992996230721e-03 8.470044471323e-03 9.993868879974e-03 1.328974124044e-02 6.126841530204e-03 1.508931722492e-02
7.156100869179e-02 3.519884869456e-02 1.346388366073e-02 1.532302796841e-02 1.509565114975e-02 1.602743566036e-02 5.363398417830e-02 1.902505196631e-02 6.203836202621e-02 4.372889548540e-02 2.833486162126e-02 6.854245811701e-02 1.051536351442e-01 3.420996069908e-01 1.974966973066e-01 4.847193509340e-02 6.714157760143e-02 8.461067825556e-02 2.418278716505e-02 6.421401351690e-02 5.960378050804e-02 3.898603096604e-02 2.395861782134e-02 8.538387715816e-02 6.603875011206e-02 6.178499013186e-02 3.964935988188e-02 4.710710048676e-02 3.483389317989e-02 2.052999660373e-02 2.164233103395e-02 2.617459557950e-02 3.135264664888e-02 3.888949006796e-02 3.858440369368e-02 4.166892543435e-02 4.609178751707e-02 2.971358224750e-02 1.039815507829e-02 1.150776166469e-02 1.239885296673e-02 1.404670346528e-02 1.865784637630e-02
