VariationalSeries/SI/f15_max.grd
DSAA
101	101
32.816463539100	34.260883539100
35.556306596100	36.727886596100
3.397103864700e-04	8.250141143799e+00
[rows 38 to 56 of 101, columns 43 to 85 of 101]
1.874684244394e-01 1.218849718571e-01 1.701384335756e-01 1.105019077659e-01 1.474575698376e-01 9.450380504131e-02 9.337269514799e-02 1.213697269559e-01 8.704409003258e-02 8.707128465176e-02 1.000051721931e-01 9.541496634483e-02 8.173062652349e-02 6.549223512411e-02 7.463984191418e-02 5.527499318123e-02 5.532951653004e-02 4.331447929144e-02 4.760756343603e-02 7.117189466953e-02 7.138532400131e-02 5.391250550747e-02 3.659571707249e-02 2.848926372826e-02 2.417291142046e-02 1.977543719113e-02 1.925465464592e-02 1.933673210442e-02 1.700668968260e-02 1.449177600443e-02 1.365414354950e-02 1.581241749227e-02 1.773358695209e-02 1.801842078567e-02 1.807676814497e-02 1.789894141257e-02 1.736662350595e-02 1.570922881365e-02 1.352631580085e-02 1.155890338123e-02 9.946063160896e-03 8.816073648632e-03 8.116944693029e-03
1.744526624680e-01 1.508215367794e-01 1.325194090605e-01 1.923749446869e-01 1.397903412580e-01 1.197564378381e-01 1.477592885494e-01 1.145358383656e-01 1.105291768909e-01 1.211729720235e-01 1.139466091990e-01 7.859393209219e-02 6.554941833019e-02 6.678813695908e-02 1.019431948662e-01 5.715423449874e-02 7.250501960516e-02 1.119548380375e-01 9.889135509729e-02 6.573875248432e-02 4.322969540954e-02 2.958985045552e-02 2.744278311729e-02 2.410659193993e-02 2.867894992232e-02 2.170292474329e-02 1.875912398100e-02 1.610020734370e-02 1.430313382298e-02 1.215757522732e-02 1.326090283692e-02 1.244873460382e-02 1.224513258785e-02 1.172811351717e-02 1.094656996429e-02 1.001699920744e-02 9.065237827599e-03 8.569859899580e-03 8.441973477602e-03 8.228900842369e-03 7.938797585666e-03 1.318686641753e-02 1.359551772475e-02
1.314949095249e-01 1.712559610605e-01 1.363503038883e-01 1.216577813029e-01 1.813477426767e-01 1.700905114412e-01 1.334278881550e-01 1.353813856840e-01 1.171533986926e-01 1.080280616879e-01 1.251957714558e-01 7.813831418753e-02 9.345452487469e-02 7.265814393759e-02 8.836596459150e-02 1.415348649025e-01 9.554155915976e-02 4.677015915513e-02 4.277006164193e-02 2.893439680338e-02 2.770932205021e-02 3.455035015941e-02 3.669634833932e-02 3.290046751499e-02 2.377123385668e-02 2.117322199047e-02 2.039900049567e-02 1.845576055348e-02 1.570904441178e-02 1.434905361384e-02 1.331422571093e-02 1.345134899020e-02 1.322811003774e-02 1.314872596413e-02 1.386281847954e-02 2.156939357519e-02 1.328780222684e-02 1.199028268456e-02 1.230022683740e-02 1.672253385186e-02 1.388872694224e-02 9.324959479272e-03 8.173796348274e-03
1.617815494537e-01 1.464513093233e-01 1.985091716051e-01 1.857354044914e-01 2.135510742664e-01 2.745141685009e-01 1.765219271183e-01 1.744749844074e-01 1.314469128847e-01 1.260486841202e-01 1.209246143699e-01 1.238699704409e-01 1.037916243076e-01 1.646898239851e-01 1.052941530943e-01 7.398379594088e-02 6.244529038668e-02 4.923697188497e-02 4.783222451806e-02 4.741891101003e-02 4.948243871331e-02 3.047337755561e-02 4.654101282358e-02 3.349380567670e-02 2.897368557751e-02 2.459959499538e-02 2.231783233583e-02 2.096538804471e-02 1.811947114766e-02 2.029646374285e-02 3.616422414780e-02 1.627677865326e-02 1.845351606607e-02 2.089673653245e-02 2.646784670651e-02 2.828830666840e-02 1.636046171188e-02 1.872329786420e-02 1.438909769058e-02 1.795914396644e-02 2.004069834948e-02 2.056462317705e-02 1.955838687718e-02
1.958021223545e-01 2.004675418139e-01 1.802290678024e-01 1.806885302067e-01 1.796803027391e-01 3.545862138271e-01 2.870260477066e-01 2.628555297852e-01 1.630411744118e-01 1.789543926716e-01 1.689156740904e-01 1.216272339225e-01 1.786572039127e-01 1.251086890697e-01 1.159244552255e-01 7.554539293051e-02 7.681656628847e-02 8.916641026735e-02 7.086268812418e-02 7.194366306067e-02 7.122965157032e-02 4.835437610745e-02 3.293179348111e-02 3.020612522960e-02 3.486464172602e-02 3.429585695267e-02 3.329510986805e-02 5.560898035765e-02 6.510721147060e-02 5.644898116589e-02 2.755354717374e-02 1.976582594216e-02 1.576838828623e-02 1.473068352789e-02 2.206963114440e-02 2.262195199728e-02 2.347969263792e-02 2.410617657006e-02 1.989542320371e-02 1.546564884484e-02 1.343179773539e-02 1.513367611915e-02 1.517153531313e-02
1.706498563290e-01 2.365304529667e-01 3.927809894085e-01 2.535334527493e-01 3.628214299679e-01 3.454641699791e-01 4.778163433075e-01 3.186727166176e-01 2.456046044827e-01 2.111880183220e-01 1.903376132250e-01 1.862598359585e-01 1.056987494230e-01 1.168427318335e-01 1.293324381113e-01 1.156601682305e-01 7.440502941608e-02 5.874938890338e-02 1.015059873462e-01 8.705648034811e-02 4.691859707236e-02 4.676906764507e-02 4.240685328841e-02 7.419713586569e-02 8.920668065548e-02 7.764320075512e-02 5.020901188254e-02 3.525460883975e-02 3.723002970219e-02 2.351538650692e-02 2.179917693138e-02 2.568956278265e-02 3.149304538965e-02 2.818100340664e-02 2.499026246369e-02 2.508902177215e-02 2.907565049827e-02 2.560363709927e-02 2.025279216468e-02 2.076633460820e-02 2.179712988436e-02 2.242541126907e-02 2.147648110986e-02
2.085301131010e-01 2.783431410789e-01 3.276783823967e-01 4.194157421589e-01 3.358529210091e-01 3.878032565117e-01 5.992946028709e-01 3.646293580532e-01 3.026399314404e-01 2.298421710730e-01 2.309612780809e-01 1.328902989626e-01 1.344976872206e-01 1.534015983343e-01 1.417829841375e-01 1.096820533276e-01 1.304747015238e-01 1.205607280135e-01 1.015193238854e-01 1.267086416483e-01 1.269245296717e-01 1.091262549162e-01 7.768685370684e-02 4.136485233903e-02 4.123748838902e-02 3.665704280138e-02 3.549678996205e-02 3.114648163319e-02 3.197408467531e-02 3.383076563478e-02 3.254932165146e-02 2.763599716127e-02 2.659809775651e-02 2.413893863559e-02 3.313263133168e-02 3.957047685981e-02 3.631833940744e-02 2.602211758494e-02 2.246897853911e-02 2.299253642559e-02 2.229813486338e-02 2.346388250589e-02 2.103761397302e-02
2.737234532833e-01 3.243228793144e-01 3.727802038193e-01 3.674284815788e-01 5.208629369736e-01 4.403457343578e-01 7.811299562454e-01 4.966169297695e-01 2.844539284706e-01 3.019266128540e-01 3.043910861015e-01 2.029669880867e-01 1.694976836443e-01 1.874659210443e-01 1.270369738340e-01 1.500794887543e-01 1.911920607090e-01 1.325320899487e-01 8.286246657372e-02 7.429430633783e-02 6.678389757872e-02 6.129750609398e-02 5.694030597806e-02 5.395811051130e-02 5.142613872886e-02 4.869305714965e-02 4.559471458197e-02 4.839666560292e-02 3.906049951911e-02 3.504104167223e-02 3.283360600471e-02 2.937869168818e-02 2.461330220103e-02 3.066811524332e-02 3.615099564195e-02 3.386653959751e-02 2.316979132593e-02 1.926040649414e-02 2.433590218425e-02 2.337268739939e-02 1.852206140757e-02 1.650080457330e-02 1.394996326417e-02
4.408756196499e-01 6.038153767586e-01 4.990234076977e-01 5.391075015068e-01 6.799842715263e-01 7.397783994675e-01 9.683261513710e-01 1.159107565880e+00 5.482315421104e-01 3.742443323135e-01 2.568000853062e-01 2.398636192083e-01 1.977949142456e-01 2.842594385147e-01 2.708769142628e-01 1.413953304291e-01 1.247647926211e-01 1.242981329560e-01 1.017689332366e-01 1.034702658653e-01 1.016112491488e-01 9.589610248804e-02 8.472838997841e-02 7.366418093443e-02 7.270014286041e-02 6.428918242455e-02 5.429230257869e-02 5.965379253030e-02 5.786542594433e-02 3.755554929376e-02 3.384728357196e-02 2.842297218740e-02 2.983949705958e-02 3.350940346718e-02 3.077768348157e-02 2.334281802177e-02 2.282096818089e-02 2.026264742017e-02 1.778627559543e-02 1.695546321571e-02 1.637080870569e-02 1.548744179308e-02 1.454309187829e-02
2.876275181770e-01 5.489948391914e-01 6.681420803070e-01 6.547191143036e-01 9.913371801376e-01 9.308665394783e-01 1.386062383652e+00 9.705819487572e-01 5.073994994164e-01 4.227042198181e-01 6.316248774529e-01 4.436196088791e-01 4.384046196938e-01 4.033586978912e-01 3.427262604237e-01 2.847692370415e-01 2.396853566170e-01 2.042533308268e-01 1.753212362528e-01 2.141794413328e-01 2.373938560486e-01 1.055464223027e-01 9.007679671049e-02 7.973072677851e-02 6.992156058550e-02 5.527633801103e-02 5.081683769822e-02 6.584136933088e-02 4.277636855841e-02 4.430232569575e-02 4.145718738437e-02 3.609014675021e-02 3.737983107567e-02 3.138424828649e-02 2.359657734632e-02 2.460223622620e-02 2.397135086358e-02 1.813791878521e-02 1.407625619322e-02 1.344576384872e-02 1.229751016945e-02 1.284363400191e-02 1.315276511014e-02
5.552024841309e-01 5.978248715401e-01 7.116075158119e-01 1.099452257156e+00 1.081636548042e+00 1.504978418350e+00 1.949522376060e+00 9.053667783737e-01 5.943616628647e-01 5.421659350395e-01 6.409549713135e-01 7.738412022591e-01 4.265563488007e-01 3.633189201355e-01 4.055204391479e-01 2.245141267776e-01 1.987856179476e-01 1.723505556583e-01 1.787621527910e-01 1.948114037514e-01 1.384348571301e-01 7.498575001955e-02 8.724439144135e-02 7.875398546457e-02 7.237721979618e-02 6.027233228087e-02 4.784336686134e-02 4.849134013057e-02 3.838935494423e-02 3.376029804349e-02 3.367502242327e-02 3.207162022591e-02 3.172043338418e-02 3.191293030977e-02 3.232217952609e-02 2.740181609988e-02 2.335372939706e-02 2.409143745899e-02 2.578189596534e-02 2.542219869792e-02 2.191604301333e-02 1.830094493926e-02 1.536149717867e-02
4.905107319355e-01 8.234843611717e-01 9.292233586311e-01 1.213951349258e+00 1.200452685356e+00 1.376547574997e+00 1.157888889313e+00 1.776914358139e+00 1.894314408302e+00 2.806302785873e+00 6.576796174049e-01 5.179264545441e-01 6.146139502525e-01 3.684005737305e-01 2.974312901497e-01 2.238771021366e-01 1.539154946804e-01 1.103838235140e-01 9.034502506256e-02 7.649695873260e-02 8.443412929773e-02 8.820535242558e-02 8.563568443060e-02 9.682370722294e-02 9.654539078474e-02 8.151693642139e-02 6.083910167217e-02 4.459728300571e-02 4.048387706280e-02 4.178187996149e-02 4.313902929425e-02 4.407078400254e-02 4.533541202545e-02 4.604193568230e-02 4.442115500569e-02 3.784243762493e-02 2.836692333221e-02 2.290358953178e-02 2.646962366998e-02 2.737298421562e-02 3.007285483181e-02 3.637779504061e-02 3.963738307357e-02
1.228979587555e+00 3.241120278835e-01 4.374397695065e-01 1.443480014801e+00 7.112833857536e-01 8.638101816177e-01 3.243973493576e+00 4.886891365051e+00 5.227197647095e+00 8.250141143799e+00 8.019084334373e-01 9.097167849541e-01 1.242080688477e+00 8.786405324936e-01 5.499750971794e-01 2.441073805094e-01 1.395323127508e-01 7.444217205048e-01 1.069310069084e+00 1.113557666540e-01 1.347537934780e-01 1.227521300316e-01 8.953414857388e-02 6.796906143427e-02 6.991793960333e-02 5.610111355782e-02 6.806237250566e-02 9.334933757782e-02 4.342781379819e-02 3.210109099746e-02 2.941141277552e-02 4.120619967580e-02 4.235416650772e-02 4.911656677723e-02 5.524669587612e-02 5.871341750026e-02 5.549389496446e-02 4.717519506812e-02 3.624842688441e-02 2.560226246715e-02 1.753299683332e-02 1.693842932582e-02 1.440523006022e-02
3.231607079506e-01 9.943329095840e-01 1.394462436438e-01 2.045997232199e-01 1.993281602859e+00 1.871914863586e+00 1.823236346245e+00 2.509949207306e+00 2.536084651947e+00 3.970654964447e+00 6.029319286346e+00 9.123713374138e-01 1.345577239990e+00 7.365083694458e-01 4.650879800320e-01 2.343358546495e-01 1.017596870661e-01 5.355714559555e-01 9.706065803766e-02 1.181667894125e-01 3.660347759724e-01 1.561745405197e-01 1.306381523609e-01 1.093537434936e-01 1.101253628731e-01 9.345428645611e-02 7.018648833036e-02 4.826647043228e-02 4.337135702372e-02 3.835506737232e-02 3.432026877999e-02 3.138613700867e-02 2.623644657433e-02 2.325843460858e-02 2.531022019684e-02 3.036136366427e-02 3.460483253002e-02 3.755497187376e-02 3.821893781424e-02 3.571317717433e-02 3.121303766966e-02 2.714293636382e-02 2.212652564049e-02
1.939439326525e-01 4.080456793308e-01 5.719347596169e-01 9.477465152740e-01 7.804315090179e-01 4.725228250027e-01 8.864035606384e-01 1.095232248306e+00 1.015226960182e+00 1.207585930824e+00 2.540787935257e+00 5.365322589874e+00 1.208899497986e+00 6.496285796165e-01 3.657003045082e-01 1.296787858009e-01 1.586464196444e-01 2.588633000851e-01 3.434900939465e-02 8.994140475988e-02 2.031799554825e-01 3.443305492401e-01 1.668684035540e-01 1.241285130382e-01 9.633075445890e-02 7.091729342937e-02 6.500925868750e-02 7.201609760523e-02 6.250617653131e-02 5.298505350947e-02 6.124722212553e-02 3.494340926409e-02 2.896186336875e-02 2.439023368061e-02 2.208026684821e-02 2.428939379752e-02 2.889181114733e-02 2.814678475261e-02 2.565476857126e-02 2.588146738708e-02 2.938104979694e-02 3.226613253355e-02 3.263400867581e-02
1.153721660376e-01 5.300374627113e-01 9.691095352173e-01 7.165451645851e-01 2.652446925640e-01 2.983948290348e-01 3.222443461418e-01 4.506170749664e-01 7.367745786905e-02 9.216508865356e-01 1.539191365242e+00 3.804311275482e+00 7.390683889389e-01 6.697696447372e-01 8.160227537155e-01 1.698711514473e-01 1.866254359484e-01 6.322248280048e-02 3.964498266578e-02 1.271717399359e-01 2.346362322569e-01 3.573543429375e-01 2.618914842606e-01 1.724453121424e-01 1.172787025571e-01 9.182428568602e-02 8.966097235680e-02 6.415616720915e-02 6.007279455662e-02 5.921219289303e-02 5.068563297391e-02 4.002142325044e-02 2.953746356070e-02 3.129634261131e-02 2.859598770738e-02 2.159191668034e-02 2.302130684257e-02 2.550575882196e-02 2.296897023916e-02 1.894221268594e-02 2.203092165291e-02 2.568046003580e-02 2.429222501814e-02
8.874181658030e-02 4.127648770809e-01 1.474901556969e+00 1.826551198959e+00 9.927917122841e-01 1.795831173658e-01 1.561526209116e-01 2.437085509300e-01 3.576878905296e-01 3.787896931171e-01 2.533536553383e-01 6.849864721298e-01 2.926164865494e+00 2.470545291901e+00 2.166122436523e+00 3.606745600700e-01 5.638796687126e-01 2.083067148924e-01 2.653256654739e-01 7.042366266251e-01 2.986359000206e-01 1.095565438271e+00 3.339437246323e-01 1.459116339684e-01 1.438441276550e-01 1.242656931281e-01 1.401236206293e-01 1.303502023220e-01 9.631872922182e-02 7.202529907227e-02 4.661881551147e-02 4.141202941537e-02 4.098957777023e-02 5.015305057168e-02 3.548057749867e-02 2.799909375608e-02 2.997206710279e-02 3.229213505983e-02 2.062465064228e-02 1.822163164616e-02 1.886458322406e-02 1.807659491897e-02 1.783862709999e-02
1.277465373278e-01 1.674789935350e-01 2.140397280455e-01 7.176586985588e-01 4.510930180550e-01 1.255641877651e-01 1.170822679996e-01 1.503709554672e-01 1.522478759289e-01 1.563771516085e-01 1.335156857967e-01 9.214724600315e-02 2.245561778545e-01 1.409914612770e+00 4.079776763916e+00 1.038556456566e+00 8.020789623260e-01 3.717153966427e-01 2.751893103123e-01 5.638014674187e-01 3.069702684879e-01 8.395478129387e-02 8.577594906092e-02 6.581515818834e-02 6.303460896015e-02 1.094923987985e-01 1.186533719301e-01 1.190622299910e-01 7.784388214350e-02 9.572647511959e-02 6.589283049107e-02 5.643439292908e-02 9.102475643158e-02 5.950628221035e-02 3.726032376289e-02 3.667544573545e-02 3.099620155990e-02 2.913075685501e-02 2.702973224223e-02 2.155479788780e-02 1.925622485578e-02 1.867764815688e-02 1.966258510947e-02
8.135049045086e-02 1.318737864494e-01 1.189571917057e-01 1.188659220934e-01 1.039727553725e-01 1.119787395000e-01 9.839771687984e-02 1.120817586780e-01 9.319776296616e-02 8.767037093639e-02 7.399239391088e-02 5.153031647205e-02 6.942522525787e-02 1.304726123810e+00 2.201923608780e+00 2.178350448608e+00 7.286717891693e-01 8.177666068077e-01 5.495686531067e-01 4.548065960407e-01 1.053309440613e-01 5.300915986300e-02 1.262936890125e-01 1.619244962931e-01 2.006064057350e-01 1.931967735291e-01 1.768760979176e-01 1.596731245518e-01 1.387590467930e-01 1.243882998824e-01 1.269395798445e-01 1.493323445320e-01 1.258924454451e-01 4.666271060705e-02 4.404209554195e-02 4.111726209521e-02 3.315342962742e-02 2.823214605451e-02 2.641511522233e-02 2.581187337637e-02 2.478225342929e-02 2.303431183100e-02 2.074265293777e-02
