VariationalSeries/SI/f15_max.grd
DSAA
101	101
32.816463539100	34.260883539100
35.556306596100	36.727886596100
3.397103864700e-04	8.250141143799e+00
[rows 19 to 37 of 101, columns 0 to 42 of 101]
1.840273733251e-03 3.942522220314e-03 5.217845551670e-03 6.221385207027e-03 6.946674082428e-03 7.416199892759e-03 7.673877291381e-03 7.183888461441e-03 6.022224202752e-03 6.096500437707e-03 7.905283011496e-03 1.046592462808e-02 1.167865004390e-02 1.059767883271e-02 1.018728967756e-02 1.150515396148e-02 9.265972301364e-03 8.570524863899e-03 8.232400752604e-03 7.662483956665e-03 8.908061310649e-03 9.777940809727e-03 1.053980831057e-02 9.186279959977e-03 7.485025096685e-03 7.615352049470e-03 7.414501160383e-03 9.036488831043e-03 8.689134381711e-03 7.195263635367e-03 9.098118171096e-03 1.112655736506e-02 1.322127506137e-02 1.322745624930e-02 1.595713570714e-02 1.358666736633e-02 7.438368164003e-03 6.398914381862e-03 9.083795361221e-03 5.742964334786e-03 7.348323706537e-03 1.988091133535e-02 1.228103693575e-02
1.791694085114e-03 3.506887704134e-03 4.324732348323e-03 5.844799336046e-03 6.948616355658e-03 7.870486006141e-03 8.367239497602e-03 8.598559536040e-03 7.705240044743e-03 5.654635839164e-03 5.957270506769e-03 7.921668700874e-03 1.037374418229e-02 1.095462311059e-02 9.554973803461e-03 1.185858249664e-02 1.168440282345e-02 8.115711621940e-03 8.233652450144e-03 7.283783052117e-03 8.756929077208e-03 1.116884220392e-02 1.149702724069e-02 1.014821045101e-02 8.817398920655e-03 7.373277563602e-03 7.318440824747e-03 1.014984864742e-02 9.322945959866e-03 7.523225154728e-03 8.601486682892e-03 1.038445904851e-02 1.222500205040e-02 1.334632094949e-02 1.379830483347e-02 1.633332110941e-02 9.647492319345e-03 7.349389605224e-03 9.584562852979e-03 5.950818303972e-03 9.059032425284e-03 1.715436950326e-02 1.596197858453e-02
2.038392238319e-03 3.536330768839e-03 3.903473028913e-03 4.934494383633e-03 6.495256442577e-03 7.934763096273e-03 8.950758725405e-03 9.291132912040e-03 9.193781763315e-03 8.002828806639e-03 5.650488194078e-03 7.167349103838e-03 8.432008326054e-03 9.916310198605e-03 1.012395974249e-02 1.110902056098e-02 1.303152088076e-02 1.035242527723e-02 1.094983611256e-02 8.711886592209e-03 8.286272175610e-03 1.017358805984e-02 1.175513956696e-02 1.332234311849e-02 9.992294944823e-03 8.291512727737e-03 8.340439759195e-03 1.137598324567e-02 1.225768215954e-02 8.469883352518e-03 8.021360263228e-03 9.391913190484e-03 1.064726710320e-02 1.244493760169e-02 1.335995458066e-02 1.701448112726e-02 1.460117287934e-02 8.135012350976e-03 9.862964972854e-03 6.809047423303e-03 1.051933970302e-02 1.278676930815e-02 2.005072869360e-02
2.534596715122e-03 4.650157410651e-03 5.012819077820e-03 4.841114394367e-03 5.701356101781e-03 7.609231397510e-03 9.227376431227e-03 9.991700761020e-03 1.010529976338e-02 9.829113259912e-03 1.046710927039e-02 1.316624879837e-02 1.460817735642e-02 1.224802341312e-02 1.040774770081e-02 9.569622576237e-03 1.298662368208e-02 1.273258123547e-02 1.183350943029e-02 1.046801637858e-02 1.160025130957e-02 1.091421674937e-02 1.095868740231e-02 1.486201211810e-02 1.171465404332e-02 1.076395064592e-02 9.506536647677e-03 1.171314623207e-02 1.326750591397e-02 1.072810683399e-02 1.120890863240e-02 1.076293550432e-02 1.080849673599e-02 1.186947710812e-02 1.385687850416e-02 1.529009826481e-02 1.909170858562e-02 9.890594519675e-03 1.004967093468e-02 7.638409268111e-03 1.169461011887e-02 1.025365479290e-02 2.275862172246e-02
2.495151478797e-03 5.027918610722e-03 5.616512149572e-03 5.908630322665e-03 5.871996749192e-03 6.824932061136e-03 9.080806747079e-03 1.054488867521e-02 1.103747356683e-02 1.103829219937e-02 1.062320079654e-02 1.049592997879e-02 1.065828930587e-02 1.027410943061e-02 9.615289047360e-03 9.791694581509e-03 1.161742117256e-02 1.363508868963e-02 1.266637537628e-02 1.103562116623e-02 1.059440802783e-02 1.381590589881e-02 1.511652395129e-02 1.408467348665e-02 1.178709231317e-02 1.095617003739e-02 1.151666417718e-02 1.332720462233e-02 1.256435457617e-02 1.132713258266e-02 1.322114747018e-02 1.541288010776e-02 1.573782600462e-02 1.585707068443e-02 1.708425208926e-02 1.889473572373e-02 2.104609459639e-02 1.496315561235e-02 1.276721991599e-02 8.905925787985e-03 1.240891963243e-02 1.036233734339e-02 2.313102968037e-02
3.989119548351e-03 6.699452176690e-03 5.895728711039e-03 5.310832522810e-03 5.790100898594e-03 5.965847987682e-03 8.076159283519e-03 1.038997061551e-02 1.161307841539e-02 1.212703809142e-02 1.220625918359e-02 1.173047255725e-02 1.007450465113e-02 7.604754995555e-03 8.160258643329e-03 8.715313859284e-03 9.766296483576e-03 1.288454607129e-02 1.234929542989e-02 1.042411290109e-02 1.033602841198e-02 1.059881038964e-02 1.384654641151e-02 1.603354699910e-02 1.558848749846e-02 1.382910832763e-02 1.111908536404e-02 1.447276864201e-02 1.266417559236e-02 1.029741205275e-02 1.160716731101e-02 1.541303377599e-02 2.074472047389e-02 2.053312398493e-02 2.258170768619e-02 2.552895620465e-02 2.392156980932e-02 2.070940472186e-02 1.834638044238e-02 1.583325676620e-02 1.288086827844e-02 1.038527674973e-02 2.071033976972e-02
4.951394628733e-03 1.060533151031e-02 1.102627348155e-02 9.703330695629e-03 6.583900656551e-03 6.549979094416e-03 6.182465236634e-03 9.241839870811e-03 1.149847917259e-02 1.300892420113e-02 1.348737347871e-02 1.346671674401e-02 1.291373278946e-02 1.059677358717e-02 6.812374107540e-03 7.776306942105e-03 9.246319532394e-03 1.128737442195e-02 1.176470704377e-02 1.081278640777e-02 9.872934781015e-03 1.062489207834e-02 1.477108709514e-02 1.505048759282e-02 1.285797823220e-02 1.255973428488e-02 1.343780476600e-02 1.522881258279e-02 1.154856476933e-02 1.314328238368e-02 1.045362837613e-02 1.268291287124e-02 1.773276366293e-02 2.206675708294e-02 2.524158358574e-02 2.928890660405e-02 3.157471492887e-02 2.449479326606e-02 1.905176416039e-02 2.113009616733e-02 1.757781207561e-02 1.060714479536e-02 1.598586700857e-02
5.132405553013e-03 1.123031508178e-02 1.322397217155e-02 1.584269851446e-02 1.746936514974e-02 1.516950409859e-02 8.489193394780e-03 7.189482916147e-03 1.024433132261e-02 1.281623076648e-02 1.442732848227e-02 1.508048735559e-02 1.499850116670e-02 1.395784970373e-02 1.108115166426e-02 1.146373618394e-02 1.075727958232e-02 9.507920593023e-03 1.096636336297e-02 1.223112363368e-02 1.000554114580e-02 1.142955943942e-02 1.155648007989e-02 1.597197540104e-02 1.830638758838e-02 1.731215603650e-02 1.426156423986e-02 1.700351014733e-02 1.593555696309e-02 1.372344139963e-02 1.406945753843e-02 1.392620429397e-02 1.920690760016e-02 3.061332739890e-02 3.646383062005e-02 2.733219414949e-02 3.499971702695e-02 2.933715283871e-02 2.197757735848e-02 2.134339138865e-02 2.487045899034e-02 1.512897666544e-02 1.710642129183e-02
4.021486733109e-03 7.427839562297e-03 8.566508069634e-03 1.078068558127e-02 1.430278550833e-02 1.898267865181e-02 2.147068642080e-02 1.664037071168e-02 8.656722493470e-03 1.138771232218e-02 1.439226232469e-02 1.620338857174e-02 1.640595868230e-02 1.626237668097e-02 1.503651868552e-02 1.385237276554e-02 1.403652224690e-02 1.248374208808e-02 1.080640591681e-02 1.190789975226e-02 1.196667551994e-02 1.234638132155e-02 1.253768242896e-02 1.078376453370e-02 1.355706155300e-02 1.804246008396e-02 1.894037425518e-02 1.808354258537e-02 1.859848015010e-02 1.558823417872e-02 1.744009740651e-02 2.061516232789e-02 2.628744207323e-02 3.689230233431e-02 3.877006843686e-02 2.757290750742e-02 2.947942353785e-02 3.269743174314e-02 2.729105390608e-02 2.142620086670e-02 2.513066120446e-02 2.645336277783e-02 2.731833234429e-02
5.640587769449e-03 9.705386124551e-03 8.923875167966e-03 7.829383015633e-03 8.464850485325e-03 9.589006192982e-03 1.510596740991e-02 2.042614668608e-02 2.021229825914e-02 1.379825361073e-02 1.284481026232e-02 1.620346866548e-02 1.755339838564e-02 1.802699267864e-02 1.765315048397e-02 1.604549586773e-02 1.214393973351e-02 1.219338644296e-02 1.291487924755e-02 1.255294773728e-02 1.231399737298e-02 1.428233832121e-02 1.597776263952e-02 1.077944505960e-02 1.406806427985e-02 1.155549380928e-02 1.602581329644e-02 1.955510489643e-02 1.795580051839e-02 1.769062504172e-02 1.894289441407e-02 2.214810065925e-02 2.526653558016e-02 3.302120789886e-02 3.283358365297e-02 2.552607841790e-02 2.630199864507e-02 3.308034315705e-02 2.872432582080e-02 2.235502749681e-02 2.793071046472e-02 2.959336340427e-02 3.894518315792e-02
6.050594616681e-03 1.158439274877e-02 1.256697997451e-02 1.151914615184e-02 9.342539124191e-03 8.583870716393e-03 9.353029541671e-03 1.111430022866e-02 1.762345060706e-02 2.020519040525e-02 1.624776795506e-02 1.468707155436e-02 1.789306104183e-02 1.967994123697e-02 1.991557143629e-02 1.934599690139e-02 1.733602583408e-02 1.069577969611e-02 1.044138614088e-02 1.174097694457e-02 1.286050956696e-02 1.637347228825e-02 2.025752142072e-02 1.258439943194e-02 1.754039712250e-02 1.326953992248e-02 1.497163623571e-02 2.118844166398e-02 2.163557708263e-02 2.064504288137e-02 2.097413316369e-02 2.342337928712e-02 2.208611741662e-02 2.571175992489e-02 2.615304850042e-02 2.141933515668e-02 2.429112233222e-02 3.435878828168e-02 2.982602082193e-02 2.864207327366e-02 2.572603896260e-02 3.408310934901e-02 4.337669909000e-02
6.655876990408e-03 1.343609485775e-02 1.337431650609e-02 1.400456856936e-02 1.387324649841e-02 1.290295924991e-02 1.078112795949e-02 9.390790015459e-03 1.038211863488e-02 1.590486802161e-02 2.016828954220e-02 1.799940317869e-02 1.668920554221e-02 2.039704285562e-02 2.203801088035e-02 2.190181985497e-02 2.080762200058e-02 1.726433262229e-02 1.326559390873e-02 1.121981441975e-02 1.024200208485e-02 1.957925967872e-02 2.634181082249e-02 1.593736000359e-02 2.041906490922e-02 2.759645693004e-02 3.302939236164e-02 2.708703465760e-02 2.035555057228e-02 2.547387778759e-02 2.570197172463e-02 1.909608393908e-02 1.959313452244e-02 2.606132626534e-02 1.997691951692e-02 2.081598341465e-02 2.489618398249e-02 4.250868037343e-02 4.122955724597e-02 3.268920630217e-02 2.971278689802e-02 3.576167300344e-02 4.148826748133e-02
6.710683926940e-03 1.387649960816e-02 1.454720180482e-02 1.473587378860e-02 1.516501139849e-02 1.602592878044e-02 1.654124073684e-02 1.508327946067e-02 1.426853425801e-02 1.047001034021e-02 1.462380494922e-02 2.052152901888e-02 1.972177252173e-02 1.899165660143e-02 2.303378097713e-02 2.453885599971e-02 2.398937381804e-02 1.985139399767e-02 2.091712318361e-02 1.767761632800e-02 1.311513688415e-02 2.311066351831e-02 3.471284732223e-02 1.711254008114e-02 2.904270030558e-02 4.283509403467e-02 5.022644251585e-02 4.798220470548e-02 3.210565820336e-02 2.683158218861e-02 2.796057052910e-02 1.973385736346e-02 1.870235241950e-02 2.863537333906e-02 2.820433489978e-02 2.866869792342e-02 2.429964952171e-02 4.269576817751e-02 6.119075044990e-02 5.560037493706e-02 3.822891414165e-02 3.947477415204e-02 4.341844096780e-02
6.574292667210e-03 1.356479525566e-02 1.429563853890e-02 1.495140604675e-02 1.558599155396e-02 1.620959490538e-02 1.758772134781e-02 1.948303356767e-02 2.486202493310e-02 2.567513100803e-02 1.997799798846e-02 1.293503399938e-02 2.042903378606e-02 2.120651118457e-02 2.175349369645e-02 2.627296932042e-02 2.748396806419e-02 2.105874009430e-02 2.015256322920e-02 2.265326119959e-02 2.163713984191e-02 2.445901930332e-02 4.204357787967e-02 2.091332152486e-02 2.975782565773e-02 4.251112416387e-02 5.734629929066e-02 6.697476655245e-02 5.693574622273e-02 3.219909220934e-02 3.258686512709e-02 2.844232879579e-02 2.617161348462e-02 3.459812328219e-02 2.302786707878e-02 3.901274874806e-02 3.190816566348e-02 3.197788819671e-02 6.426174938679e-02 8.911693841219e-02 5.475618317723e-02 3.979460895061e-02 4.038334265351e-02
7.402755785733e-03 1.410749275237e-02 1.584846898913e-02 1.614116504788e-02 1.587904244661e-02 1.538560166955e-02 1.623693108559e-02 1.912388578057e-02 2.864496968687e-02 3.719750791788e-02 4.064367711544e-02 3.446847945452e-02 2.169202640653e-02 1.935382746160e-02 2.213437855244e-02 2.518917061388e-02 2.962751872838e-02 2.423013746738e-02 1.464198157191e-02 1.885640248656e-02 2.275615930557e-02 2.399568632245e-02 4.539056122303e-02 2.993489243090e-02 2.429307997227e-02 3.575784713030e-02 5.540128424764e-02 7.758388668299e-02 7.461445778608e-02 4.878766462207e-02 3.885907307267e-02 4.482996836305e-02 4.917233437300e-02 4.654120653868e-02 3.948919475079e-02 4.303270205855e-02 4.047041386366e-02 3.069275245070e-02 4.422448575497e-02 9.897524118423e-02 1.007926985621e-01 6.619895249605e-02 4.971662163734e-02
6.954796612263e-03 1.353207975626e-02 1.584681309760e-02 1.710358820856e-02 1.857329905033e-02 1.988820731640e-02 1.996767334640e-02 1.909841038287e-02 2.669841609895e-02 3.705494850874e-02 4.742031916976e-02 5.337196588516e-02 5.020051822066e-02 3.711602464318e-02 2.204656042159e-02 2.247541584074e-02 2.839038521051e-02 2.686972543597e-02 1.824872940779e-02 1.657718606293e-02 1.950862444937e-02 2.328998409212e-02 4.670696333051e-02 3.800220042467e-02 2.446638420224e-02 2.661461569369e-02 3.923144564033e-02 6.209584325552e-02 8.079538494349e-02 6.036463379860e-02 3.368021920323e-02 4.269907623529e-02 4.293387755752e-02 5.785798281431e-02 6.519711017609e-02 6.149762496352e-02 4.547096043825e-02 3.731428831816e-02 3.174927458167e-02 7.282859086990e-02 1.387164443731e-01 1.090404242277e-01 5.855335667729e-02
1.139656454325e-02 1.981123164296e-02 1.887415349483e-02 1.563754305243e-02 1.694485917687e-02 1.828462816775e-02 2.091995067894e-02 2.377284877002e-02 2.536636777222e-02 3.226321563125e-02 4.174803569913e-02 5.133591592312e-02 6.008538603783e-02 6.383638828993e-02 5.638299882412e-02 3.769070282578e-02 2.540824748576e-02 2.663037367165e-02 2.478872425854e-02 1.878377050161e-02 1.799702458084e-02 1.963258162141e-02 4.680124297738e-02 4.827204719186e-02 3.067216649652e-02 2.993061207235e-02 2.832296676934e-02 4.637983068824e-02 6.838358938694e-02 5.524709075689e-02 3.221625462174e-02 3.713009506464e-02 4.448048397899e-02 4.043591022491e-02 3.557564318180e-02 5.770257487893e-02 7.404782623053e-02 6.965327262878e-02 4.474114254117e-02 4.400828480721e-02 1.231653168797e-01 1.586238890886e-01 7.306765764952e-02
1.379806734622e-02 2.564392052591e-02 2.764575928450e-02 2.635506913066e-02 2.353053912520e-02 1.966905966401e-02 1.767688617110e-02 1.934243738651e-02 2.240127511322e-02 2.697942778468e-02 3.388189896941e-02 4.177378863096e-02 5.117291957140e-02 6.198585033417e-02 7.200367748737e-02 7.430423796177e-02 6.171059608459e-02 3.259671851993e-02 2.620860002935e-02 2.669813111424e-02 2.103167027235e-02 1.924792304635e-02 4.449637979269e-02 6.856647878885e-02 3.096258081496e-02 3.165983781219e-02 3.448033705354e-02 3.263305872679e-02 4.414874687791e-02 4.067458957434e-02 2.732546813786e-02 2.556828595698e-02 3.793907538056e-02 4.312519729137e-02 4.637315869331e-02 3.254527226090e-02 3.339866176248e-02 5.966803058982e-02 8.475863188505e-02 6.995361298323e-02 7.142895460129e-02 1.927333623171e-01 1.411519795656e-01
1.186475995928e-02 2.307478524745e-02 2.723689936101e-02 2.899039536715e-02 2.967420406640e-02 2.903016097844e-02 2.697864174843e-02 2.444098144770e-02 2.463088929653e-02 2.416369691491e-02 2.608813159168e-02 3.214867413044e-02 3.929803147912e-02 4.792131111026e-02 5.956856906414e-02 7.406467944384e-02 8.743916451931e-02 7.828088104725e-02 4.957995936275e-02 5.903860181570e-02 5.675212293863e-02 4.703443124890e-02 3.579658642411e-02 7.668292522430e-02 5.526705831289e-02 3.126306831837e-02 3.058692440391e-02 3.358123451471e-02 3.674799203873e-02 3.490909934044e-02 3.276074677706e-02 3.054837323725e-02 2.996133454144e-02 3.577976301312e-02 3.994769975543e-02 5.047714710236e-02 4.147966951132e-02 3.796870633960e-02 5.454047769308e-02 7.275705039501e-02 8.743173629045e-02 1.250040531158e-01 2.209850102663e-01
