VariationalSeries/SI/f15_max.grd
DSAA
101	101
32.816463539100	34.260883539100
35.556306596100	36.727886596100
3.397103864700e-04	8.250141143799e+00
[rows 76 to 94 of 101, columns 43 to 85 of 101]
3.370398283005e-02 1.598609238863e-02 3.143502771854e-02 6.835147738457e-02 7.775266468525e-02 1.661133021116e-01 1.637437343597e-01 4.675799235702e-02 4.007236286998e-02 1.798384189606e-01 3.474571704865e-01 5.142815709114e-01 3.702981173992e-01 1.295896619558e-01 5.051418766379e-02 4.428429529071e-02 3.957298025489e-02 2.652569487691e-02 2.749657817185e-02 2.614997886121e-02 7.082558423281e-02 1.668841093779e-01 4.305870831013e-02 3.259740769863e-02 3.425418958068e-02 2.317733317614e-02 1.918858103454e-02 4.058732837439e-02 4.801748320460e-02 1.658300682902e-02 9.537973441184e-03 1.303859241307e-02 2.008545771241e-02 2.166991680861e-02 3.097417019308e-02 3.333076462150e-02 3.648392483592e-02 4.101394489408e-02 3.093791939318e-02 1.305403281003e-02 1.185812056065e-02 1.313422992826e-02 1.733817905188e-02
3.504290431738e-02 5.966740474105e-02 5.723382160068e-02 7.827625423670e-02 1.581557691097e-01 1.678735464811e-01 6.491311639547e-02 4.964074119925e-02 5.461780726910e-02 3.382773697376e-01 3.534903228283e-01 2.187023162842e-01 1.460616737604e-01 8.380410075188e-02 5.881931260228e-02 4.076737910509e-02 1.761151850224e-02 1.991886459291e-02 1.834717206657e-02 1.668493263423e-02 1.250566169620e-02 1.166479848325e-02 1.459472347051e-02 2.045993879437e-02 2.410349994898e-02 1.497212424874e-02 1.114214770496e-02 2.453832328320e-02 5.025997012854e-02 3.409018740058e-02 1.115396711975e-02 1.610301434994e-02 1.876113936305e-02 1.757293380797e-02 1.518849469721e-02 2.409131638706e-02 2.849007956684e-02 3.186766058207e-02 3.685991466045e-02 3.287285193801e-02 1.962682791054e-02 1.162823662162e-02 1.522509567440e-02
8.952825516462e-02 1.675586253405e-01 7.988693565130e-02 7.037901133299e-02 6.599807739258e-02 1.809189170599e-01 8.524682372808e-02 8.855801075697e-02 8.124808967113e-02 5.625956878066e-02 6.522528827190e-02 1.059596613050e-01 9.688602387905e-02 4.870930314064e-02 3.677250072360e-02 1.481130439788e-02 1.209183689207e-02 1.296500023454e-02 1.326410006732e-02 1.176588144153e-02 7.797528989613e-03 8.104243315756e-03 9.051962755620e-03 1.629103906453e-02 2.245576120913e-02 1.723902858794e-02 8.992904797196e-03 1.650569960475e-02 3.972542285919e-02 4.936789348722e-02 1.399967633188e-02 1.821173541248e-02 1.964577659965e-02 1.877570897341e-02 1.505965366960e-02 1.100603118539e-02 1.838856935501e-02 2.429577708244e-02 2.749189175665e-02 3.173489496112e-02 3.254281356931e-02 2.585224807262e-02 1.556382235140e-02
1.823535412550e-01 2.309976518154e-01 7.468795776367e-02 5.659573152661e-02 1.761580556631e-01 1.380046457052e-01 4.830650985241e-02 4.138677939773e-02 4.912306740880e-02 1.009368672967e-01 1.838652342558e-01 1.276646852493e-01 6.381704658270e-02 1.942542009056e-02 1.436330843717e-02 1.223688386381e-02 1.074997615069e-02 7.247480563819e-03 7.922581396997e-03 7.531054317951e-03 7.078746333718e-03 6.823432166129e-03 5.161190405488e-03 1.216602697968e-02 2.029778994620e-02 1.888903230429e-02 1.100660115480e-02 1.326922513545e-02 2.699286490679e-02 5.629746243358e-02 2.712803892791e-02 1.682740077376e-02 2.053756639361e-02 1.938648708165e-02 1.592759788036e-02 1.205144077539e-02 9.669735096395e-03 1.344487536699e-02 2.020131237805e-02 2.297398075461e-02 2.575172483921e-02 2.794179506600e-02 2.703467570245e-02
7.223786413670e-02 8.575015515089e-02 1.388190388680e-01 1.455470621586e-01 1.705708205700e-01 1.356711089611e-01 1.266669631004e-01 2.120626121759e-01 2.793291807175e-01 1.176953241229e-01 1.144927144051e-01 1.401250716299e-02 2.178786322474e-02 1.201305538416e-02 8.006284944713e-03 2.886308589950e-03 6.398780271411e-03 3.335126442835e-03 4.800878930837e-03 5.443047732115e-03 5.178533494473e-03 4.611202515662e-03 3.273769514635e-03 8.539615198970e-03 1.773659698665e-02 1.928482577205e-02 1.391533575952e-02 1.183455809951e-02 1.854412816465e-02 5.150707438588e-02 4.146621003747e-02 1.383918058127e-02 1.890956424177e-02 1.920340023935e-02 1.713422685862e-02 1.436477154493e-02 1.273087691516e-02 1.070391573012e-02 1.008445490152e-02 1.549688540399e-02 1.795853301883e-02 1.875425875187e-02 2.108244597912e-02
6.942076981068e-02 1.158445104957e-01 2.662281990051e-01 9.641902148724e-02 1.404285132885e-01 2.298301011324e-01 3.365523815155e-01 4.099133610725e-01 2.087229490280e-01 1.020988151431e-01 2.038192935288e-02 5.465133581311e-03 1.032094471157e-02 8.228978142142e-03 1.953896135092e-03 1.755854114890e-03 4.290625452995e-03 5.144574213773e-03 5.296796560287e-03 4.160035401583e-03 5.291645880789e-03 3.516492433846e-03 2.722070552409e-03 5.994941573590e-03 1.437874231488e-02 1.824142411351e-02 1.515540014952e-02 1.096927933395e-02 1.367199700326e-02 3.990542888641e-02 5.390352755785e-02 1.984017342329e-02 1.504868641496e-02 1.748342439532e-02 1.824004016817e-02 1.787555590272e-02 1.700626686215e-02 1.464365795255e-02 1.139723416418e-02 8.347126655281e-03 1.050493679941e-02 1.228623371571e-02 1.286945771426e-02
8.692831546068e-02 2.674697339535e-01 1.273892223835e-01 2.257644236088e-01 2.776693403721e-01 2.458945810795e-01 1.607648432255e-01 9.103095531464e-02 1.339085251093e-01 6.007546931505e-02 1.331566087902e-02 9.313555434346e-03 7.876093499362e-03 5.676689557731e-03 4.474232904613e-03 2.688322914764e-03 3.927317447960e-03 4.336908925325e-03 4.229868762195e-03 4.300772678107e-03 4.483601544052e-03 3.901168704033e-03 4.994053393602e-03 5.354325287044e-03 1.060793362558e-02 1.587283052504e-02 1.456606481224e-02 1.044173631817e-02 1.074974052608e-02 2.882262878120e-02 5.772211030126e-02 3.136166930199e-02 9.847147390246e-03 1.355688460171e-02 1.792146451771e-02 2.141042239964e-02 2.055337280035e-02 1.733937300742e-02 1.302069704980e-02 9.224462322891e-03 6.638673134148e-03 6.207468453795e-03 8.191861212254e-03
1.032928824425e-01 1.803885698318e-01 1.250047534704e-01 7.236071676016e-02 5.080975964665e-02 6.017956137657e-02 5.173631012440e-02 6.047610193491e-02 7.254825532436e-02 1.917397789657e-02 1.014365162700e-02 8.216584101319e-03 6.917127873749e-03 5.532675422728e-03 4.278441891074e-03 4.155711270869e-03 4.297518171370e-03 4.180122166872e-03 3.912801854312e-03 3.680754452944e-03 3.968631848693e-03 4.311221186072e-03 4.581139888614e-03 4.780178423971e-03 7.390419021249e-03 1.280743069947e-02 1.314523816109e-02 1.018017437309e-02 8.821953088045e-03 2.027402445674e-02 5.048552528024e-02 4.565327614546e-02 1.583740860224e-02 1.003214437515e-02 1.599835231900e-02 2.042000181973e-02 1.922364905477e-02 1.572060957551e-02 1.174213737249e-02 8.263071067631e-03 5.946725141257e-03 5.558694247156e-03 5.312148481607e-03
1.091431230307e-01 1.281580179930e-01 4.214793816209e-02 3.409809991717e-02 3.331199288368e-02 2.606223337352e-02 3.871972858906e-02 6.374761462212e-02 3.981262072921e-02 1.508858241141e-02 9.642135351896e-03 7.556572090834e-03 6.237666588277e-03 5.253515206277e-03 4.004352260381e-03 4.234527237713e-03 4.288081545383e-03 4.078132566065e-03 3.629845334217e-03 3.362888237461e-03 3.649096004665e-03 4.070978146046e-03 4.352659452707e-03 4.343136679381e-03 4.979338496923e-03 9.454978629947e-03 1.145586464554e-02 9.698681533337e-03 7.693329825997e-03 1.366082113236e-02 3.785163164139e-02 5.387900397182e-02 2.413114532828e-02 8.727954700589e-03 1.250158157200e-02 1.335155777633e-02 1.233989931643e-02 1.042889710516e-02 8.223888464272e-03 6.114827003330e-03 4.674132913351e-03 3.980002831668e-03 4.181934054941e-03
1.720264554024e-01 7.379066944122e-02 2.702119573951e-02 1.931002549827e-02 1.748990826309e-02 1.843778416514e-02 2.283568307757e-02 2.880472317338e-02 2.851689420640e-02 1.623607613146e-02 1.095185428858e-02 8.007662370801e-03 5.868601147085e-03 4.501243587583e-03 4.095599520952e-03 4.312966950238e-03 4.298197571188e-03 3.922761417925e-03 3.370801452547e-03 3.240809775889e-03 3.593634115532e-03 4.140743054450e-03 4.333778284490e-03 4.112109541893e-03 3.781597595662e-03 6.726056803018e-03 9.694589301944e-03 8.862405084074e-03 7.260922342539e-03 8.425247855484e-03 2.559091709554e-02 5.044601112604e-02 3.503198921680e-02 1.302578207105e-02 7.310815155506e-03 6.800976581872e-03 6.227236706764e-03 5.804156418890e-03 4.821510054171e-03 3.705679439008e-03 2.581395674497e-03 2.397025469691e-03 3.021017182618e-03
2.016881853342e-01 3.315400704741e-02 1.632170751691e-02 1.386628206819e-02 1.378814689815e-02 1.290515903383e-02 1.501429080963e-02 1.693042553961e-02 2.636316232383e-02 2.082861959934e-02 1.461161393672e-02 7.722951471806e-03 6.670990493149e-03 5.111066624522e-03 4.242138471454e-03 4.451967310160e-03 4.256207961589e-03 3.751347307116e-03 3.609458915889e-03 3.260243684053e-03 3.735090838745e-03 4.189622122794e-03 3.251364687458e-03 3.809884190559e-03 4.230948165059e-03 4.848998505622e-03 7.817381992936e-03 8.296094834805e-03 6.549508776516e-03 5.768408533186e-03 1.565130427480e-02 3.996817022562e-02 4.263752326369e-02 1.841618306935e-02 6.219150964171e-03 3.172225551680e-03 2.822880633175e-03 2.649952191859e-03 2.581215696409e-03 2.929801587015e-03 1.894159475341e-03 1.930176862516e-03 5.722067318857e-03
1.022173911333e-01 1.916011050344e-02 1.233403105289e-02 1.150804478675e-02 1.205544825643e-02 1.066377572715e-02 9.040196426213e-03 9.772614575922e-03 1.871610246599e-02 2.445023879409e-02 1.556434482336e-02 1.237630657852e-02 9.190752170980e-03 6.261512637138e-03 4.942521452904e-03 4.567482043058e-03 4.719986580312e-03 4.648044239730e-03 4.463436547667e-03 4.284092225134e-03 4.164732526988e-03 4.179506096989e-03 3.089361358434e-03 4.243641160429e-03 4.744519945234e-03 5.346705205739e-03 6.179656833410e-03 7.702227681875e-03 6.313532125205e-03 5.421970039606e-03 8.711238391697e-03 2.806306816638e-02 4.278205335140e-02 2.495012804866e-02 9.804096072912e-03 3.342176554725e-03 3.158385632560e-03 2.696108305827e-03 3.007116960362e-03 2.792160259560e-03 1.949881669134e-03 4.601653665304e-03 5.379220005125e-03
2.761088311672e-02 1.185694243759e-02 9.983407333493e-03 1.006440445781e-02 9.976766072214e-03 8.486052043736e-03 7.228835485876e-03 7.148478645831e-03 1.171335577965e-02 2.126668766141e-02 2.250506915152e-02 2.837045677006e-02 2.000046335161e-02 9.268953464925e-03 5.966804921627e-03 6.045775488019e-03 5.978162400424e-03 6.525118835270e-03 6.528571248055e-03 6.070549599826e-03 5.668730009347e-03 5.329874344170e-03 4.979925230145e-03 4.974859301001e-03 5.222119390965e-03 5.765719804913e-03 6.374033167958e-03 7.450138684362e-03 6.255758926272e-03 5.336033646017e-03 5.521401762962e-03 1.844153366983e-02 3.769547864795e-02 3.098330833018e-02 1.349432021379e-02 3.222209634259e-03 3.263399237767e-03 2.813056344166e-03 3.298970870674e-03 3.933074884117e-03 1.769847585820e-03 4.116723313928e-03 3.969547338784e-03
1.139986328781e-02 9.628345258534e-03 8.171237073839e-03 7.979215122759e-03 7.733612321317e-03 6.491884123534e-03 6.322805769742e-03 7.058236282319e-03 7.996487431228e-03 1.063248794526e-02 2.795982547104e-02 6.449414044619e-02 4.544803872705e-02 1.656645163894e-02 7.029878906906e-03 7.605985272676e-03 7.189676165581e-03 8.821249008179e-03 8.210912346840e-03 7.807611953467e-03 6.959025282413e-03 6.162802223116e-03 5.608787760139e-03 5.361488088965e-03 5.524815991521e-03 5.943196825683e-03 6.329173687845e-03 7.320841774344e-03 5.923624150455e-03 5.212934222072e-03 4.355974029750e-03 1.181808393449e-02 3.064475394785e-02 3.421892598271e-02 1.778381317854e-02 3.676283406094e-03 2.960148267448e-03 2.861965447664e-03 2.195362234488e-03 3.241488477215e-03 4.009487573057e-03 4.049378447235e-03 4.018130246550e-03
1.001648604870e-02 7.894682697952e-03 6.358658894897e-03 5.764699541032e-03 5.615417845547e-03 4.279019311070e-03 5.684909410775e-03 6.192064844072e-03 6.773688830435e-03 3.888876410201e-03 2.199774608016e-02 5.455980449915e-02 4.909906536341e-02 3.321313112974e-02 1.073221862316e-02 3.562894882634e-03 3.868625266477e-03 7.875438779593e-03 9.067835286260e-03 8.417498320341e-03 7.329303771257e-03 6.565418560058e-03 5.930236075073e-03 5.548819433898e-03 5.527020897716e-03 5.726198665798e-03 5.887740291655e-03 6.963375955820e-03 5.477714352310e-03 4.991521593183e-03 4.838865250349e-03 7.822908461094e-03 2.341281250119e-02 3.318245708942e-02 2.234313450754e-02 5.160585045815e-03 2.549908356741e-03 2.393219852820e-03 2.072250936180e-03 2.103507053107e-03 3.473353339359e-03 3.630531253293e-03 3.685637610033e-03
1.178041845560e-02 6.044799927622e-03 5.485410802066e-03 5.221915431321e-03 5.287221167237e-03 3.868876490742e-03 4.734593443573e-03 4.882036708295e-03 5.030273459852e-03 6.055537145585e-03 1.111567206681e-02 3.071699291468e-02 1.014170423150e-01 7.920876145363e-02 1.879317127168e-02 2.171613974497e-03 4.439947195351e-03 9.478200227022e-03 8.689111098647e-03 7.627427112311e-03 6.758384872228e-03 6.190905813128e-03 5.684898234904e-03 5.324826110154e-03 5.245363339782e-03 5.250819958746e-03 5.190635100007e-03 6.490377243608e-03 5.548977758735e-03 4.667675122619e-03 5.084860604256e-03 5.325127393007e-03 1.699679158628e-02 2.896001748741e-02 2.622639015317e-02 8.063922636211e-03 2.235909458250e-03 1.871018088423e-03 1.970056677237e-03 1.982570858672e-03 2.952089533210e-03 3.302361583337e-03 3.578589065000e-03
1.203408464789e-02 2.971700159833e-03 5.037369672209e-03 4.862863104790e-03 5.096040666103e-03 4.383044783026e-03 3.698327811435e-03 3.536597359926e-03 3.470235969871e-03 4.283601883799e-03 8.245328441262e-03 1.981555111706e-02 4.961561039090e-02 4.588739946485e-02 2.123791351914e-02 1.637464505620e-03 1.122919004411e-02 9.182296693325e-03 7.667448837310e-03 6.590372882783e-03 5.859403405339e-03 5.436781793833e-03 5.144272930920e-03 4.960904829204e-03 4.880030173808e-03 4.725379869342e-03 4.479709547013e-03 6.056523881853e-03 5.576953291893e-03 4.237229004502e-03 5.144734866917e-03 5.090310703963e-03 1.200849842280e-02 2.411262318492e-02 2.788235433400e-02 1.160072442144e-02 2.464336110279e-03 2.302922075614e-03 2.884890185669e-03 2.724649617448e-03 2.924752654508e-03 3.274377435446e-03 3.733085701242e-03
4.208288621157e-03 2.923240652308e-03 2.347904490307e-03 3.899623639882e-03 4.292464815080e-03 3.859551157802e-03 3.380683250725e-03 3.009355394170e-03 2.991597400978e-03 3.921813331544e-03 5.858726799488e-03 1.250549219549e-02 2.342122979462e-02 2.749513462186e-02 2.158505842090e-02 1.468849740922e-02 1.032256986946e-02 7.829186506569e-03 6.438323296607e-03 5.556667223573e-03 2.211018232629e-03 2.669092267752e-03 4.738555289805e-03 4.702637437731e-03 4.548682365566e-03 4.202498123050e-03 3.822045167908e-03 5.833019502461e-03 5.851045716554e-03 3.800669452175e-03 4.932850133628e-03 5.468877498060e-03 8.824634365737e-03 2.058740891516e-02 2.878788486123e-02 1.588155142963e-02 2.808781340718e-03 2.927210647613e-03 2.589283045381e-03 2.419248688966e-03 2.921262290329e-03 3.172808093950e-03 3.670309204608e-03
4.697151947767e-03 3.037372138351e-03 2.085475251079e-03 3.317776368931e-03 3.752978285775e-03 3.719384549186e-03 3.209655405954e-03 2.716109156609e-03 2.524371724576e-03 3.456068458036e-03 4.951167386025e-03 8.951744064689e-03 1.717117242515e-02 2.146775275469e-02 1.810847781599e-02 1.228453312069e-02 8.602553978562e-03 6.883063353598e-03 5.541915539652e-03 4.732179921120e-03 4.422255791724e-03 4.375930875540e-03 4.465210717171e-03 4.421772435308e-03 4.110093694180e-03 3.602818818763e-03 3.182844258845e-03 5.629313644022e-03 6.139570381492e-03 3.243978833780e-03 4.617081955075e-03 5.530532449484e-03 6.406056229025e-03 1.719281822443e-02 2.824296057224e-02 2.017651870847e-02 3.547633532435e-03 3.353141015396e-03 2.285260939971e-03 2.211334183812e-03 1.876286580227e-03 3.169995499775e-03 3.413605503738e-03
