VariationalSeries/SI/f160_max.grd
DSAA
101	101
32.816463539100	34.260883539100
35.556306596100	36.727886596100
1.701738437987e-05	2.788713932037e+00
[rows 76 to 94 of 101, columns 0 to 42 of 101]
1.793491392164e-04 2.594675752334e-04 3.415184037294e-04 4.044756642543e-04 4.347309295554e-04 4.375591815915e-04 4.227286553942e-04 3.991064440925e-04 3.722458495758e-04 4.016848979518e-04 4.541594244074e-04 5.445228889585e-04 6.447936175391e-04 7.090753060766e-04 7.219641702250e-04 7.008316460997e-04 6.382426363416e-04 6.806170567870e-04 7.007741951384e-04 7.483253721148e-04 1.033006468788e-03 1.010567648336e-03 6.622741348110e-04 7.189814350568e-04 6.662317900918e-04 6.128110690042e-04 6.231414154172e-04 6.930332747288e-04 7.837017183192e-04 8.282188209705e-04 7.973886677064e-04 7.509539718740e-04 7.300804136321e-04 7.178458035924e-04 7.921945070848e-04 9.521131869406e-04 1.838172320276e-03 2.191054634750e-03 2.062275772914e-03 1.458651386201e-03 1.429481315427e-03 2.382331294939e-03 4.151072353125e-03
1.804856728995e-04 2.918648533523e-04 3.874744288623e-04 4.470158892218e-04 4.707964253612e-04 4.684637242462e-04 4.499109054450e-04 4.224669537507e-04 4.386999935377e-04 4.870413977187e-04 5.604799371213e-04 6.626346148551e-04 7.571137393825e-04 8.031238685362e-04 7.906946702860e-04 7.334003457800e-04 6.247363635339e-04 6.428293418139e-04 6.455168477260e-04 5.747213144787e-04 5.894809146412e-04 6.180795026012e-04 5.395952612162e-04 6.507029756904e-04 6.894626421854e-04 6.325644208118e-04 6.805525626987e-04 8.194457623176e-04 9.093772387132e-04 9.197191684507e-04 8.578767883591e-04 7.872218266129e-04 7.816528668627e-04 7.659565308131e-04 9.315710049123e-04 9.984378702939e-04 1.647151890211e-03 1.841653254814e-03 2.026024507359e-03 2.295816084370e-03 4.750414285809e-03 6.198238115758e-03 5.869950633496e-03
1.922618830577e-04 3.067269281019e-04 3.995917213615e-04 4.522499220911e-04 4.690941423178e-04 4.613106430043e-04 4.378526064102e-04 4.776177520398e-04 5.382344243117e-04 6.022193119861e-04 6.849262863398e-04 7.721282890998e-04 8.284550858662e-04 8.268195670098e-04 7.676218519919e-04 6.665358087048e-04 5.294959410094e-04 5.562019068748e-04 5.386464763433e-04 4.724021127913e-04 4.307311610319e-04 4.832159902435e-04 5.852331523784e-04 7.800437742844e-04 8.214291301556e-04 7.415073923767e-04 9.096428984776e-04 9.866354521364e-04 1.008986495435e-03 9.866738691926e-04 9.224815876223e-04 8.550257189199e-04 8.142138249241e-04 9.374477085657e-04 1.208251807839e-03 1.556878560223e-03 2.050662180409e-03 2.543542068452e-03 2.131154062226e-03 5.590912420303e-03 6.447907537222e-03 6.217586342245e-03 6.138571538031e-03
1.737147249514e-04 2.745972014964e-04 3.540698380675e-04 3.967361408286e-04 4.075772594661e-04 3.963373310398e-04 4.541320959106e-04 5.168669740669e-04 5.671055405401e-04 6.170104024932e-04 6.694011972286e-04 7.082432857715e-04 7.125011179596e-04 6.706712883897e-04 5.923040444031e-04 4.953222232871e-04 4.633506177925e-04 4.469637933653e-04 4.177320806775e-04 3.840580175165e-04 3.986986121163e-04 4.438677278813e-04 7.023414946161e-04 9.552914416417e-04 1.033008331433e-03 1.084790797904e-03 1.116285449825e-03 1.124771893956e-03 1.059546135366e-03 9.963744087145e-04 9.428649209440e-04 8.950901683420e-04 9.934343397617e-04 1.175434095785e-03 1.499874750152e-03 1.729462994263e-03 1.687484444119e-03 2.753171138465e-03 3.212908748537e-03 4.749272949994e-03 5.510411690921e-03 5.558282136917e-03 5.644047632813e-03
1.439889456378e-04 2.305849338882e-04 2.811335434671e-04 3.066965145990e-04 3.148643882014e-04 3.657676861621e-04 4.201424017083e-04 4.536189371720e-04 4.690916975960e-04 4.828582750633e-04 4.988452419639e-04 5.082910065539e-04 4.983194521628e-04 4.611077602021e-04 4.745892656501e-04 4.856917948928e-04 4.804160853382e-04 4.556590283755e-04 4.168149025645e-04 3.773900680244e-04 3.753471537493e-04 4.630850453395e-04 7.907682447694e-04 1.086634816602e-03 1.231515314430e-03 1.306043122895e-03 1.316013047472e-03 1.349119585939e-03 1.314696273766e-03 1.131303492002e-03 9.723334806040e-04 9.347109007649e-04 1.093211234547e-03 1.193317119032e-03 1.263204845600e-03 1.349782221951e-03 1.795039628632e-03 2.657070057467e-03 3.510574344546e-03 3.565496532246e-03 5.576827097684e-03 6.698067300022e-03 5.255666095763e-03
1.963303802768e-04 2.968561602756e-04 3.591788699850e-04 3.871074295603e-04 4.032111319248e-04 4.105134867132e-04 4.129538428970e-04 4.103099636268e-04 4.025442467537e-04 3.918044967577e-04 4.091972659808e-04 4.446648526937e-04 4.754846740980e-04 5.021208198741e-04 5.208689835854e-04 5.255379364826e-04 5.107048782520e-04 4.747453785967e-04 4.249209305272e-04 4.149565647822e-04 3.921867464669e-04 4.992030444555e-04 8.147686603479e-04 1.121272332966e-03 2.780331997201e-03 8.225458674133e-03 8.752297610044e-03 3.941121976823e-03 2.294090809301e-03 1.808805041946e-03 1.283552614041e-03 9.869766654447e-04 1.158625236712e-03 1.520629855804e-03 1.233934308402e-03 1.464393804781e-03 1.622286508791e-03 2.743582474068e-03 4.792797379196e-03 4.690780304372e-03 5.198783706874e-03 6.874393206090e-03 9.458993561566e-03
2.780606446322e-04 4.101839731447e-04 4.899688647129e-04 5.320329801179e-04 5.437758518383e-04 5.407159333117e-04 5.298269097693e-04 5.132321966812e-04 4.921708023176e-04 4.730570653919e-04 5.561822908930e-04 6.390123162419e-04 7.109089056030e-04 7.601561374031e-04 7.766867638566e-04 7.557731587440e-04 6.977622397244e-04 6.068898946978e-04 5.623461329378e-04 5.345605313778e-04 5.005382117815e-04 5.783608648926e-04 8.147723274305e-04 1.822295133024e-03 7.700246758759e-03 2.215876430273e-02 2.422509342432e-02 1.218511816114e-02 5.281822755933e-03 2.596201142296e-03 1.676385756582e-03 1.261394121684e-03 1.141696586274e-03 1.620883936994e-03 1.761267543770e-03 1.825828920119e-03 1.631923951209e-03 2.473276806995e-03 5.652031395584e-03 8.494720794261e-03 5.608132574707e-03 5.425355397165e-03 1.203003898263e-02
3.493642725516e-04 4.987631691620e-04 5.966771859676e-04 6.345459260046e-04 6.328437593766e-04 6.119930185378e-04 5.821093800478e-04 5.666069337167e-04 6.638562772423e-04 8.099424303509e-04 9.607573156245e-04 1.103214104660e-03 1.224452047609e-03 1.320068375207e-03 1.385990879498e-03 1.409808988683e-03 1.373362727463e-03 1.255420269445e-03 1.035778783262e-03 7.714068051428e-04 7.132886094041e-04 7.289425702766e-04 1.600905088708e-03 2.902383217588e-03 8.381509222090e-03 6.894296407700e-02 1.292221248150e-01 2.811703085899e-02 1.230327691883e-02 4.402376245707e-03 2.052054973319e-03 1.560707227327e-03 1.516233896837e-03 2.108794869855e-03 2.534126397222e-03 2.468904945999e-03 2.035095589235e-03 2.983584534377e-03 4.762320313603e-03 1.042974181473e-02 1.048632804304e-02 5.186084192246e-03 1.252180337906e-02
3.717621439137e-04 5.199421430007e-04 6.075702840462e-04 6.284956471063e-04 6.071440875530e-04 6.328431772999e-04 6.990887341090e-04 7.429040269926e-04 8.877065265551e-04 1.093021593988e-03 1.307197380811e-03 1.510556088760e-03 1.689025433734e-03 1.848257845268e-03 2.001079730690e-03 2.145888283849e-03 2.242649206892e-03 2.203602576628e-03 1.910119317472e-03 1.371936174110e-03 1.052234787494e-03 1.502854400314e-03 2.647835761309e-03 3.755957121029e-03 1.650288142264e-02 3.963777050376e-02 5.059555172920e-02 1.533833239228e-02 5.804332438856e-03 3.489738330245e-03 2.995258662850e-03 3.658489789814e-03 4.723031073809e-03 4.381254315376e-03 3.174013691023e-03 3.146467730403e-03 2.605710644275e-03 3.043575910851e-03 3.358542220667e-03 6.855680141598e-03 9.115222841501e-03 5.868921056390e-03 2.192642167211e-02
5.059659015387e-04 8.009212906472e-04 1.009151921608e-03 1.127011957578e-03 1.192213618197e-03 1.216874807142e-03 1.204086351208e-03 1.159064006060e-03 1.090427162126e-03 1.132769277319e-03 1.367492717691e-03 1.604112563655e-03 1.828824519180e-03 2.044531516731e-03 2.274721395224e-03 2.545877592638e-03 2.809118246660e-03 2.905610017478e-03 2.618187107146e-03 2.410671906546e-03 2.375821582973e-03 2.560563618317e-03 3.297825111076e-03 4.486652556807e-03 8.527868427336e-03 3.144538961351e-03 2.471002517268e-03 2.469704952091e-03 2.701235702261e-03 2.910092007369e-03 3.216990968212e-03 2.248033136129e-02 1.483110710979e-02 1.178853865713e-02 7.113662082702e-03 1.050780899823e-02 9.673953056335e-03 4.549071192741e-03 3.512697760016e-03 4.231811501086e-03 6.304711569101e-03 1.669486984611e-02 2.536758594215e-02
9.278250508942e-04 1.441630651243e-03 1.765051158145e-03 1.895293244161e-03 1.915119821206e-03 1.865948201157e-03 1.768889836967e-03 1.642192015424e-03 1.533187576570e-03 1.590467058122e-03 1.631180639379e-03 1.644662581384e-03 1.754825236276e-03 1.992887584493e-03 2.217838773504e-03 2.470529172570e-03 2.720378572121e-03 4.034757148474e-03 5.210407078266e-03 5.245659966022e-03 5.357486661524e-03 5.303331185132e-03 3.879234893247e-03 4.671767819673e-03 2.313918899745e-03 1.749572809786e-03 1.605255412869e-03 1.390525256284e-03 1.576006761752e-03 2.201681025326e-03 4.926840774715e-03 2.663837186992e-02 1.905662380159e-02 1.313828956336e-02 1.146767195314e-02 2.437044307590e-02 2.326255105436e-02 1.052109990269e-02 7.897644303739e-03 7.313058245927e-03 9.310510009527e-03 1.574909314513e-02 2.824325300753e-02
1.344679505564e-03 2.045875880867e-03 2.407217398286e-03 2.477279864252e-03 3.034698311239e-03 3.264021128416e-03 3.209150396287e-03 2.991949208081e-03 2.698978409171e-03 2.412215340883e-03 2.437728457153e-03 2.385216532275e-03 2.532980637625e-03 2.920793136582e-03 3.199409460649e-03 3.452131990343e-03 3.966804593801e-03 4.358112346381e-03 3.973055165261e-03 4.541837610304e-03 4.763095639646e-03 3.884395817295e-03 3.180895699188e-03 1.822564285249e-03 1.601531170309e-03 1.244238577783e-03 1.031439751387e-03 8.274659048766e-04 7.579319062643e-04 1.350174774416e-03 2.152245491743e-03 1.136311423033e-02 1.504429895431e-02 2.279100380838e-02 2.420184947550e-02 3.125444054604e-02 2.222235500813e-02 1.045651268214e-02 1.639961265028e-02 1.647670380771e-02 1.158931292593e-02 1.520990300924e-02 4.873062670231e-02
1.576056471094e-03 2.374418545514e-03 2.745785517618e-03 3.069650381804e-03 3.722785506397e-03 3.974796272814e-03 3.884786739945e-03 3.599159419537e-03 3.216230310500e-03 2.805573400110e-03 2.481948351488e-03 2.730465028435e-03 3.157997503877e-03 3.625418525189e-03 3.941697999835e-03 4.046895541251e-03 3.794925520197e-03 3.120463574305e-03 2.466555219144e-03 2.133447211236e-03 1.816397649236e-03 1.274036709219e-03 1.136736245826e-03 1.087081269361e-03 9.682586533017e-04 7.899798220024e-04 6.089882808737e-04 5.774035817012e-04 7.361529860646e-04 1.104037277400e-03 1.596548478119e-03 6.302316673100e-03 6.885346490890e-03 1.333942916244e-02 1.547211036086e-02 3.545527532697e-02 3.119437396526e-02 1.634887047112e-02 1.499015092850e-02 6.513909250498e-02 1.532005965710e-01 3.967261314392e-02 2.437297999859e-02
1.175655517727e-03 1.754210796207e-03 2.003836445510e-03 2.032739343122e-03 2.426774706692e-03 2.564688213170e-03 2.492041327059e-03 2.300325548276e-03 2.048634225503e-03 1.782535109669e-03 1.657859422266e-03 1.783760497347e-03 1.852555084042e-03 1.864860416390e-03 1.824898528866e-03 1.852752058767e-03 1.661850139499e-03 1.330344588496e-03 1.549636013806e-03 1.461076783016e-03 1.164216198958e-03 8.483668789268e-04 7.938648341224e-04 7.076985202730e-04 5.918362876400e-04 4.653004871216e-04 5.267105880193e-04 7.330831140280e-04 9.189927950501e-04 1.887749996968e-03 2.389305038378e-03 3.559802658856e-03 6.163089070469e-03 4.617368802428e-03 3.987777978182e-03 4.876238759607e-03 3.039215505123e-02 1.757449097931e-02 1.354604959488e-02 8.701236546040e-02 1.920576840639e-01 2.109344303608e-02 7.603967562318e-03
5.563193117268e-04 8.214859990403e-04 9.614354930818e-04 1.093052444048e-03 1.144479494542e-03 1.200366299599e-03 1.211788039654e-03 1.148078939877e-03 1.091444166377e-03 1.075756503269e-03 1.055755419657e-03 9.698701906018e-04 9.938416769728e-04 1.021807314828e-03 1.013919361867e-03 9.593642898835e-04 1.283437712118e-03 1.639230293222e-03 1.544810016640e-03 1.156079350039e-03 7.376082357951e-04 5.354259628803e-04 4.852853890043e-04 4.203361168038e-04 3.503752523102e-04 5.365671240725e-04 8.273104322143e-04 1.105177565478e-03 1.523727551103e-03 2.476213732734e-03 3.398323198780e-03 4.585819318891e-03 5.268055479974e-03 4.544092342257e-03 2.730853389949e-03 3.178452840075e-03 6.192822940648e-03 1.560572907329e-02 2.560823038220e-02 2.686337940395e-02 1.422521844506e-02 5.433802958578e-03 5.069340113550e-03
3.660534275696e-04 5.332764703780e-04 6.762721459381e-04 7.641823613085e-04 7.987282588147e-04 7.951374864206e-04 7.758550345898e-04 7.388991652988e-04 6.951885297894e-04 6.490181549452e-04 6.017570267431e-04 5.546631291509e-04 5.095606902614e-04 4.969387664460e-04 4.908088012598e-04 6.994802970439e-04 1.191982999444e-03 1.410005264916e-03 1.206483342685e-03 8.313261787407e-04 5.059690447524e-04 3.228191344533e-04 3.225229156669e-04 3.529212553985e-04 4.789703234565e-04 8.155051618814e-04 1.230668160133e-03 1.728496630676e-03 2.463535871357e-03 3.362758317962e-03 5.036417860538e-03 5.197667051107e-03 4.713547881693e-03 2.555045997724e-03 1.938481698744e-03 2.640102291480e-03 3.202344290912e-03 1.214161794633e-02 3.007414005697e-02 1.733150519431e-02 1.030849013478e-02 4.636748228222e-03 4.399387165904e-03
2.550165809225e-04 3.693051985465e-04 4.619276442099e-04 5.194095429033e-04 5.452891346067e-04 5.485757137649e-04 5.367243429646e-04 5.145629402250e-04 4.854444705416e-04 4.510279104579e-04 4.132717149332e-04 3.731629985850e-04 3.954645653721e-04 3.978545428254e-04 3.672982275020e-04 4.145370912738e-04 7.423427887261e-04 9.235900943168e-04 8.626882336102e-04 6.746579310857e-04 4.763902979903e-04 3.201350045856e-04 3.450409858488e-04 3.964109346271e-04 6.770202890038e-04 1.499557751231e-03 3.205752931535e-03 2.964935032651e-03 2.447827951983e-03 4.539968445897e-03 6.184734404087e-03 5.302594043314e-03 3.809787333012e-03 1.790358801372e-03 1.907596830279e-03 2.624374814332e-03 3.666232805699e-03 1.311425585300e-02 2.207759022713e-02 1.035841833800e-02 6.004958879203e-03 3.701008623466e-03 3.320859745145e-03
1.708173513180e-04 2.451023610774e-04 3.040162846446e-04 3.399494162295e-04 3.557774180081e-04 3.574366273824e-04 3.490884264465e-04 3.334144712426e-04 3.120042674709e-04 2.862035762519e-04 2.828965953086e-04 3.181405772921e-04 3.320616669953e-04 3.176036989316e-04 3.040066221729e-04 3.478647267912e-04 3.864364698529e-04 4.717152914964e-04 5.392020102590e-04 5.201466847211e-04 4.425140796229e-04 3.494493430480e-04 3.683104878291e-04 5.050546023995e-04 8.812897722237e-04 2.612792188302e-03 3.737057093531e-03 2.227621152997e-03 2.492566592991e-03 4.802794195712e-03 6.504742428660e-03 5.149241536856e-03 3.594392444938e-03 2.466159639880e-03 2.712442306802e-03 2.622954314575e-03 5.688339006156e-03 2.277260459960e-02 1.649923250079e-02 4.337650723755e-03 8.684876374900e-03 3.770656185225e-03 2.566970419139e-03
1.005373705993e-04 1.429890253348e-04 1.760581217241e-04 1.955812040251e-04 2.034289209405e-04 2.030684263445e-04 1.968165888684e-04 1.861515920609e-04 1.780543680070e-04 2.174922701670e-04 2.546453324612e-04 2.789942955133e-04 2.810810401570e-04 3.106515214313e-04 3.593226138037e-04 4.085904220119e-04 4.516062326729e-04 4.795803688467e-04 4.839297907893e-04 4.613826458808e-04 4.203232529107e-04 3.920326125808e-04 4.357299185358e-04 6.294289487414e-04 1.062995055690e-03 2.929209265858e-03 3.086944576353e-03 2.454857574776e-03 2.234473591670e-03 4.297089297324e-03 6.023253314197e-03 4.689890891314e-03 4.592859651893e-03 3.099189372733e-03 3.267783438787e-03 2.351253293455e-03 5.420793779194e-03 1.457452960312e-02 7.158608175814e-03 5.090733990073e-03 1.151338126510e-02 3.713786602020e-03 1.963416347280e-03
