VariationalSeries/SI/f160_max.grd
DSAA
101	101
32.816463539100	34.260883539100
35.556306596100	36.727886596100
1.701738437987e-05	2.788713932037e+00
[rows 19 to 37 of 101, columns 43 to 85 of 101]
2.749651484191e-02 3.388241305947e-02 4.405437037349e-02 4.489671811461e-02 2.912499755621e-02 4.476754739881e-02 2.272590808570e-02 2.370189689100e-02 2.566748112440e-02 2.603136375546e-02 2.375643327832e-02 3.496447950602e-02 4.209275543690e-02 4.180922359228e-02 2.774207852781e-02 3.390301018953e-02 4.467435181141e-02 4.182105883956e-02 2.303845435381e-02 3.718259930611e-02 1.714028976858e-02 2.407379634678e-02 3.231981769204e-02 1.594212464988e-02 1.582257635891e-02 1.858163066208e-02 1.534151751548e-02 1.938513480127e-02 1.798930950463e-02 1.424742769450e-02 1.537461951375e-02 2.113073319197e-02 2.385950088501e-02 1.847942546010e-02 1.648573949933e-02 1.339102070779e-02 9.199580177665e-03 1.014071702957e-02 1.120411790907e-02 9.330342523754e-03 8.700785227120e-03 7.622945588082e-03 8.290373720229e-03
2.469073608518e-02 3.320038318634e-02 4.708788916469e-02 5.430290102959e-02 3.930554911494e-02 3.958329185843e-02 2.338197454810e-02 2.511009201407e-02 2.224122360349e-02 2.784669399261e-02 2.913584001362e-02 3.269766643643e-02 4.504840448499e-02 4.447163268924e-02 3.409645333886e-02 3.686012327671e-02 4.362887516618e-02 4.725557193160e-02 2.718697115779e-02 3.595171496272e-02 1.958660036325e-02 3.644290566444e-02 4.538165405393e-02 2.107883989811e-02 1.845563948154e-02 1.902022399008e-02 1.892251521349e-02 2.004828862846e-02 1.562457159162e-02 1.516204047948e-02 2.133746072650e-02 2.787346951663e-02 2.489664591849e-02 1.981706172228e-02 1.626402325928e-02 1.340816076845e-02 9.634683839977e-03 1.185478176922e-02 9.172175079584e-03 7.827982306480e-03 8.348062634468e-03 7.268254179507e-03 7.574656978250e-03
2.665570564568e-02 3.801387175918e-02 4.348060861230e-02 5.684253200889e-02 4.843297600746e-02 3.387575224042e-02 2.324957214296e-02 2.660254575312e-02 2.124784514308e-02 2.604320645332e-02 2.746893838048e-02 3.114428929985e-02 4.278352484107e-02 4.839684069157e-02 4.112428426743e-02 3.939338773489e-02 4.179801419377e-02 5.164359509945e-02 3.099577128887e-02 3.331019729376e-02 2.201105654240e-02 4.513476416469e-02 4.968146607280e-02 2.370899170637e-02 1.802423782647e-02 2.226615510881e-02 2.136013470590e-02 1.733881048858e-02 1.475179661065e-02 2.122290618718e-02 2.975529804826e-02 2.885298617184e-02 1.949092932045e-02 2.260687947273e-02 1.611976698041e-02 1.234390027821e-02 1.147988252342e-02 1.218861527741e-02 1.014636084437e-02 7.925312966108e-03 7.760253269225e-03 5.710513330996e-03 5.639639683068e-03
2.546957507730e-02 3.581004589796e-02 3.686640039086e-02 5.425825342536e-02 5.359913781285e-02 3.542584925890e-02 3.108924068511e-02 2.817789465189e-02 2.092925272882e-02 2.279943786561e-02 2.642693743110e-02 3.156966716051e-02 3.546898439527e-02 5.097918584943e-02 4.580586403608e-02 3.837360069156e-02 3.865754231811e-02 5.538523942232e-02 3.413861244917e-02 2.984582819045e-02 2.442249469459e-02 4.482057690620e-02 4.330010339618e-02 2.063173986971e-02 1.965132355690e-02 2.327170222998e-02 1.938347890973e-02 1.579374447465e-02 2.233563363552e-02 3.148036077619e-02 3.095283173025e-02 2.150294184685e-02 1.644372008741e-02 2.348895929754e-02 1.159007381648e-02 1.140660233796e-02 1.417012885213e-02 1.082457508892e-02 1.163706090301e-02 7.414317224175e-03 8.273203857243e-03 6.909123621881e-03 6.235475651920e-03
2.071018517017e-02 2.478026039898e-02 3.832669556141e-02 4.804632440209e-02 5.400488525629e-02 3.592669591308e-02 3.864577040076e-02 3.243904188275e-02 2.278041280806e-02 1.942437142134e-02 2.753296121955e-02 3.081411682069e-02 3.658385947347e-02 5.473605543375e-02 4.637486115098e-02 3.589775413275e-02 3.480103984475e-02 5.767399817705e-02 3.641663119197e-02 3.607181832194e-02 2.842034213245e-02 3.684836998582e-02 3.229716792703e-02 1.920956186950e-02 2.421848475933e-02 2.250962704420e-02 1.654799841344e-02 2.382457815111e-02 3.412257134914e-02 3.316279873252e-02 2.251226827502e-02 1.335289608687e-02 1.761353388429e-02 2.203424833715e-02 1.184153463691e-02 1.224509626627e-02 1.493152603507e-02 1.132875867188e-02 1.276681665331e-02 7.737682666630e-03 7.859624922276e-03 6.505537312478e-03 6.616035010666e-03
2.676658146083e-02 2.668162621558e-02 4.325479641557e-02 4.061605781317e-02 5.132123082876e-02 4.010282084346e-02 3.702495992184e-02 4.102651774883e-02 3.566996380687e-02 2.726664207876e-02 2.974649146199e-02 2.909733913839e-02 3.988297283649e-02 5.853309109807e-02 4.161583259702e-02 3.443314880133e-02 2.967041358352e-02 5.897713080049e-02 4.603102430701e-02 3.984610363841e-02 3.361418843269e-02 3.573374077678e-02 2.162618190050e-02 2.335368841887e-02 2.486385032535e-02 1.690680906177e-02 2.586802653968e-02 3.680233284831e-02 3.503480553627e-02 2.347613498569e-02 1.257376745343e-02 9.920367039740e-03 2.356521412730e-02 1.841957308352e-02 1.129623688757e-02 1.588184386492e-02 1.377661898732e-02 1.141603197902e-02 1.356158312410e-02 9.578131139278e-03 6.773060653359e-03 6.452004890889e-03 5.711569450796e-03
4.205544665456e-02 2.603337913752e-02 2.602012269199e-02 4.479965940118e-02 4.727955907583e-02 4.233930259943e-02 3.257967904210e-02 3.753560408950e-02 4.268229752779e-02 4.191787540913e-02 3.571032732725e-02 4.417742416263e-02 4.334373027086e-02 6.082917004824e-02 3.598266094923e-02 3.140108287334e-02 4.142453521490e-02 5.939823016524e-02 5.209888890386e-02 3.821026533842e-02 3.623409196734e-02 3.854126483202e-02 2.427773177624e-02 2.544987015426e-02 2.084849029779e-02 2.707311324775e-02 4.008019343019e-02 3.755338862538e-02 2.442732267082e-02 1.601571962237e-02 2.249795570970e-02 1.382614765316e-02 2.750331722200e-02 1.611999794841e-02 1.319870539010e-02 1.698751375079e-02 1.656532660127e-02 1.164078339934e-02 1.399865187705e-02 1.057244837284e-02 6.378315854818e-03 6.099288351834e-03 7.068671751767e-03
5.624171346426e-02 2.677089720964e-02 2.622542344034e-02 4.125669598579e-02 4.258520156145e-02 4.333378002048e-02 3.521851450205e-02 3.592663258314e-02 3.549106419086e-02 4.593371599913e-02 5.008366703987e-02 4.473413899541e-02 4.680775105953e-02 6.163164600730e-02 3.121532872319e-02 4.849302023649e-02 5.810649320483e-02 5.947596952319e-02 5.063639581203e-02 3.028170950711e-02 3.442208468914e-02 3.531554341316e-02 2.442152053118e-02 2.102462388575e-02 2.728905901313e-02 4.263135790825e-02 4.112645611167e-02 2.575295604765e-02 2.278247661889e-02 3.133919090033e-02 2.845079638064e-02 2.583082020283e-02 2.680498920381e-02 1.803085394204e-02 1.699703559279e-02 1.407776959240e-02 1.805948093534e-02 1.231889054179e-02 1.404776237905e-02 1.050827186555e-02 6.785412784666e-03 7.740499917418e-03 9.974369779229e-03
6.140360236168e-02 2.749795839190e-02 3.172290325165e-02 2.733770571649e-02 4.670691490173e-02 4.378348216414e-02 3.735510259867e-02 3.816270455718e-02 3.618757426739e-02 4.575679823756e-02 4.828015342355e-02 4.206345602870e-02 4.991765320301e-02 5.939055606723e-02 5.282245576382e-02 6.422659754753e-02 6.204162538052e-02 5.779091268778e-02 3.442258015275e-02 3.067549690604e-02 3.544727712870e-02 3.572163730860e-02 2.550437115133e-02 2.612111344934e-02 4.444516450167e-02 4.538229107857e-02 2.844500541687e-02 2.320663817227e-02 3.408521786332e-02 2.828626520932e-02 2.297465689480e-02 2.520664222538e-02 2.079348452389e-02 1.976292580366e-02 1.684070378542e-02 1.174001675099e-02 1.768685691059e-02 1.331508625299e-02 1.377249509096e-02 9.514912031591e-03 8.238583803177e-03 1.106840930879e-02 1.250949688256e-02
5.390032380819e-02 4.014693945646e-02 3.673641011119e-02 2.584830299020e-02 3.395602107048e-02 4.431136697531e-02 4.671733826399e-02 4.056321457028e-02 4.762725532055e-02 6.995560228825e-02 3.951893746853e-02 3.702641651034e-02 5.197850614786e-02 5.466874688864e-02 6.849852949381e-02 6.628978252411e-02 5.735861510038e-02 5.588604882360e-02 3.790712729096e-02 4.119530692697e-02 3.681344166398e-02 3.555778041482e-02 2.385789901018e-02 4.509584978223e-02 5.000873282552e-02 3.232953697443e-02 2.649970725179e-02 3.613096103072e-02 3.196481242776e-02 2.091605402529e-02 3.047881647944e-02 2.647458389401e-02 1.584737375379e-02 1.812330819666e-02 1.506928727031e-02 1.618463732302e-02 1.609946601093e-02 1.460587047040e-02 1.336444634944e-02 1.231028139591e-02 1.372860651463e-02 1.540935505182e-02 1.299630012363e-02
3.636719286442e-02 6.048115342855e-02 4.022829607129e-02 3.179045394063e-02 3.827987983823e-02 4.330737516284e-02 4.144858568907e-02 4.342272877693e-02 6.243067979813e-02 8.658575266600e-02 5.814258754253e-02 4.034335166216e-02 5.237449705601e-02 6.526477634907e-02 6.982825696468e-02 9.667747467756e-02 5.127842724323e-02 5.180487036705e-02 4.238251596689e-02 4.165440425277e-02 3.790005296469e-02 3.505138307810e-02 4.464550316334e-02 5.307753011584e-02 3.644797578454e-02 2.982074394822e-02 3.566092625260e-02 3.574832901359e-02 3.057422675192e-02 3.055486083031e-02 3.237283602357e-02 1.815262995660e-02 1.716962642968e-02 1.548435539007e-02 1.346156001091e-02 1.259191520512e-02 2.186586149037e-02 1.727869920433e-02 1.588888280094e-02 1.830684766173e-02 1.824124343693e-02 1.338818948716e-02 8.984409272671e-03
4.082237556577e-02 6.701985001564e-02 4.160319641232e-02 3.514467924833e-02 4.514046758413e-02 4.149019345641e-02 4.316073283553e-02 5.455437675118e-02 7.196348160505e-02 8.697832375765e-02 6.944987177849e-02 6.887220591307e-02 6.094344705343e-02 7.156817615032e-02 8.459862321615e-02 1.224362626672e-01 5.331976339221e-02 5.770093202591e-02 5.722172558308e-02 4.678944125772e-02 3.706020116806e-02 4.453551769257e-02 5.581331253052e-02 4.012627899647e-02 3.338721394539e-02 3.520759940147e-02 3.408040106297e-02 3.771476075053e-02 3.669929876924e-02 3.678342700005e-02 2.770282700658e-02 1.499262545258e-02 2.052469924092e-02 1.275449804962e-02 1.330352108926e-02 1.359717268497e-02 3.013363853097e-02 2.009203843772e-02 2.108392305672e-02 1.698033325374e-02 1.031778752804e-02 6.036904174834e-03 5.992653314024e-03
8.084717392921e-02 5.298735573888e-02 5.808683484793e-02 3.732637315989e-02 5.491360276937e-02 4.257879778743e-02 4.647709429264e-02 6.305054575205e-02 7.573052495718e-02 7.365740090609e-02 7.108622044325e-02 7.183735072613e-02 6.774161010981e-02 5.489517748356e-02 5.803273245692e-02 7.806604355574e-02 4.374578967690e-02 5.703167989850e-02 6.234779581428e-02 5.202906951308e-02 4.631198570132e-02 5.840787664056e-02 4.372310265899e-02 3.725536167622e-02 3.450509905815e-02 3.163975849748e-02 3.405417874455e-02 4.025105014443e-02 4.038122296333e-02 3.620788455009e-02 2.261678315699e-02 1.434870995581e-02 2.185418829322e-02 1.739353686571e-02 2.097475528717e-02 2.230826765299e-02 3.398240730166e-02 1.986353285611e-02 1.571324095130e-02 1.091409567744e-02 9.781402535737e-03 7.401088718325e-03 7.136416621506e-03
1.312405019999e-01 5.736405774951e-02 6.503044813871e-02 4.742433130741e-02 6.088293343782e-02 5.205727741122e-02 5.128710716963e-02 7.240229099989e-02 7.780367881060e-02 6.121299788356e-02 8.558013290167e-02 1.051655039191e-01 5.855117738247e-02 6.867522746325e-02 4.201801866293e-02 4.886275157332e-02 4.650687798858e-02 5.546910315752e-02 5.360368639231e-02 4.863290488720e-02 6.201102957129e-02 4.720338433981e-02 3.886665403843e-02 3.487769141793e-02 3.751525282860e-02 3.495554253459e-02 3.502551466227e-02 4.371526837349e-02 4.399648308754e-02 3.991315513849e-02 2.748357132077e-02 2.420926094055e-02 2.402623370290e-02 2.182163111866e-02 2.111966907978e-02 3.249013051391e-02 2.797269076109e-02 1.352882757783e-02 1.461485307664e-02 1.493674889207e-02 1.384470332414e-02 1.069906819612e-02 7.707862649113e-03
1.437302827835e-01 1.501000523567e-01 6.187695264816e-02 6.228775531054e-02 6.706685572863e-02 6.301660835743e-02 8.651575446129e-02 8.113800734282e-02 7.674240320921e-02 5.705775693059e-02 8.748948574066e-02 1.172058358788e-01 7.009707391262e-02 6.621602177620e-02 5.354921147227e-02 5.453752353787e-02 5.792773142457e-02 5.476408824325e-02 5.299994722009e-02 6.638670712709e-02 5.170020833611e-02 4.436819255352e-02 3.800920397043e-02 2.976892702281e-02 3.662077710032e-02 4.098259285092e-02 3.778068348765e-02 4.697097092867e-02 4.899050667882e-02 4.367101565003e-02 3.251323848963e-02 2.399163693190e-02 2.133651636541e-02 1.811087504029e-02 2.941922843456e-02 3.370578214526e-02 1.505044009537e-02 1.538405288011e-02 1.603648811579e-02 1.625970005989e-02 1.536630094051e-02 1.284417603165e-02 8.917896077037e-03
6.911701709032e-02 2.023194879293e-01 1.478086262941e-01 6.161987781525e-02 7.069534063339e-02 7.850106805563e-02 8.373202383518e-02 8.520834892988e-02 6.815705448389e-02 5.965442582965e-02 9.975352883339e-02 1.147759109735e-01 9.014113992453e-02 6.098054349422e-02 5.606107041240e-02 6.273680180311e-02 9.723567962646e-02 6.102569028735e-02 7.362085580826e-02 5.673341453075e-02 4.092025011778e-02 3.987378254533e-02 3.364945948124e-02 4.097703099251e-02 4.159475117922e-02 4.760927706957e-02 5.245032534003e-02 4.020800814033e-02 4.766470938921e-02 4.760395362973e-02 3.699116781354e-02 1.969998329878e-02 2.005623467267e-02 3.111685067415e-02 3.375236690044e-02 1.975883729756e-02 1.366028096527e-02 1.378980092704e-02 1.372773479670e-02 1.393471471965e-02 1.388459373266e-02 1.285846810788e-02 1.028273627162e-02
1.269667595625e-01 9.580332785845e-02 2.359366267920e-01 1.098547056317e-01 7.151380181313e-02 9.653115272522e-02 7.254125922918e-02 8.098541945219e-02 1.063830032945e-01 8.274531364441e-02 1.146571263671e-01 9.122592955828e-02 9.605306386948e-02 8.044284582138e-02 6.618832796812e-02 6.188787892461e-02 1.414603888988e-01 8.548152446747e-02 6.869022548199e-02 8.375611901283e-02 4.982553049922e-02 4.067543148994e-02 4.343500733376e-02 4.572682082653e-02 4.405298829079e-02 4.670489579439e-02 6.610757112503e-02 4.017151892185e-02 4.949110001326e-02 5.168814957142e-02 4.191684722900e-02 2.702292427421e-02 3.429247811437e-02 3.174563869834e-02 1.818053983152e-02 1.523310411721e-02 1.438803877681e-02 1.347224973142e-02 1.252289582044e-02 1.165833696723e-02 1.196290738881e-02 1.236211135983e-02 1.123070064932e-02
1.715811640024e-01 2.241429537535e-01 1.354279369116e-01 2.320287525654e-01 8.630272746086e-02 1.168992370367e-01 1.002189293504e-01 1.069711446762e-01 1.494193673134e-01 1.236497163773e-01 1.427174955606e-01 8.216962963343e-02 8.717987686396e-02 9.083095937967e-02 8.138220012188e-02 6.422826647758e-02 1.661546528339e-01 9.427669644356e-02 9.820506721735e-02 6.806734949350e-02 3.699329495430e-02 4.091132432222e-02 5.199419334531e-02 4.719482362270e-02 4.284050688148e-02 4.096765071154e-02 6.444889307022e-02 4.405936226249e-02 5.553355440497e-02 5.478234961629e-02 4.345085471869e-02 3.464161232114e-02 2.599482238293e-02 1.361616235226e-02 1.339517533779e-02 1.409949176013e-02 1.393435616046e-02 1.489503215998e-02 1.462676003575e-02 1.388077996671e-02 1.510568428785e-02 1.755885407329e-02 1.833897270262e-02
3.381893038750e-01 2.243295162916e-01 2.370517998934e-01 1.966549158096e-01 1.788459867239e-01 1.314413696527e-01 1.443214714527e-01 1.270591914654e-01 1.312279999256e-01 1.450138837099e-01 1.678536534309e-01 9.771374613047e-02 8.597082644701e-02 9.228023141623e-02 1.010608896613e-01 9.579028189182e-02 1.282086372375e-01 9.495919197798e-02 9.469477087259e-02 7.561022043228e-02 6.171870976686e-02 7.329850643873e-02 7.380639761686e-02 6.108462437987e-02 4.459933936596e-02 3.798086196184e-02 5.056965723634e-02 5.415900051594e-02 5.741744115949e-02 4.795446991920e-02 3.364773839712e-02 2.142193354666e-02 1.874600723386e-02 1.990528777242e-02 2.353920973837e-02 2.580813691020e-02 2.699408121407e-02 2.687098830938e-02 2.550699375570e-02 2.333943359554e-02 2.123094722629e-02 2.130957879126e-02 1.886810362339e-02
