VariationalSeries/SI/f160_max.grd
DSAA
101	101
32.816463539100	34.260883539100
35.556306596100	36.727886596100
1.701738437987e-05	2.788713932037e+00
[rows 57 to 75 of 101, columns 43 to 85 of 101]
1.175670139492e-02 1.395194977522e-02 7.116185035557e-03 7.879194803536e-03 7.799323182553e-03 1.253929547966e-02 1.412845496088e-02 1.904791593552e-02 1.663176342845e-02 9.064783342183e-03 6.308177020401e-03 5.302162375301e-03 3.899405244738e-03 6.917084101588e-03 2.894218452275e-02 9.717214852571e-02 2.148204147816e-01 2.027452141047e-01 2.941223382950e-01 9.894245117903e-02 2.852849662304e-02 2.182796411216e-02 3.954343870282e-02 7.250868529081e-02 1.240914463997e-01 1.125233992934e-01 1.223800480366e-01 9.929376095533e-02 1.294322907925e-01 1.193923503160e-01 1.260550916195e-01 9.395253658295e-02 9.762511402369e-02 1.370739638805e-01 8.513792604208e-02 5.346411466599e-02 6.239466741681e-02 8.747154474258e-02 1.096788346767e-01 7.933323830366e-02 3.305344656110e-02 2.909802272916e-02 2.812969870865e-02
9.392781183124e-03 1.590134017169e-02 5.746517796069e-03 6.108394358307e-03 6.051658652723e-03 9.102234616876e-03 1.776566356421e-02 5.717605724931e-02 4.549392685294e-02 9.781287983060e-03 5.824084393680e-03 3.970096353441e-03 3.060493385419e-03 3.022980643436e-03 6.026875693351e-03 5.796771496534e-02 6.790184974670e-02 7.049641758204e-02 5.729271098971e-02 5.798564106226e-02 4.234047606587e-02 3.216776996851e-02 2.482135407627e-02 1.494082622230e-02 3.869762271643e-02 7.721050828695e-02 1.348216384649e-01 1.374003887177e-01 1.499065607786e-01 8.238064497709e-02 1.086277961731e-01 9.906733781099e-02 8.492370694876e-02 7.472980022430e-02 7.596977055073e-02 5.708997696638e-02 5.602702870965e-02 6.744489818811e-02 6.630559265614e-02 6.076856702566e-02 6.309618055820e-02 6.618808954954e-02 6.196869164705e-02
7.800499908626e-03 7.526965346187e-03 5.233271978796e-03 5.557639524341e-03 5.650825332850e-03 8.284270763397e-03 2.524737641215e-02 6.775941699743e-02 6.515292823315e-02 1.458022184670e-02 6.003578193486e-03 3.399743698537e-03 2.416696166620e-03 2.201029099524e-03 2.249824581668e-03 2.817530184984e-03 3.886674297974e-03 5.291906185448e-03 6.868115160614e-03 8.473178371787e-03 9.976784698665e-03 1.172072719783e-02 7.882009260356e-03 7.920505478978e-03 1.898869685829e-02 8.834096044302e-02 1.521983742714e-01 1.728067845106e-01 1.658771485090e-01 1.674387753010e-01 1.103047057986e-01 9.553664177656e-02 8.108168840408e-02 7.391172647476e-02 1.037889793515e-01 8.945813775063e-02 7.420916110277e-02 4.647637903690e-02 4.991528391838e-02 4.194145649672e-02 3.700051829219e-02 3.493398055434e-02 3.053575754166e-02
7.198387291282e-03 6.483340170234e-03 5.064090248197e-03 5.633705295622e-03 6.401920225471e-03 8.411863818765e-03 6.224919110537e-02 6.575967371464e-02 8.040805906057e-02 1.122229266912e-02 5.267231725156e-03 3.280834062025e-03 2.193539869040e-03 1.781051279977e-03 1.698891748674e-03 1.786840497516e-03 2.190108178183e-03 2.886690432206e-03 4.167542327195e-03 4.854639526457e-03 5.558353848755e-03 1.115251705050e-02 5.723825655878e-03 5.268028471619e-03 1.618066243827e-02 3.604929894209e-02 1.288331300020e-01 1.431188434362e-01 1.522916257381e-01 1.627064347267e-01 1.354573518038e-01 1.048456504941e-01 7.285523414612e-02 9.340190887451e-02 6.498877704144e-02 5.718860775232e-02 4.742103070021e-02 3.920358046889e-02 3.685837611556e-02 3.628719598055e-02 3.845092654228e-02 5.462491884828e-02 7.597722858191e-02
6.100042723119e-03 4.753608722240e-03 4.975154995918e-03 5.976670421660e-03 9.331503883004e-03 1.526022423059e-02 4.626574739814e-02 1.027027368546e-01 3.951507434249e-02 6.264983676374e-03 3.832533955574e-03 2.796091837808e-03 2.002217341214e-03 1.502563245595e-03 1.375312567689e-03 1.375246560201e-03 1.492739887908e-03 2.003477653489e-03 2.759474795312e-03 3.155925078318e-03 3.281128825620e-03 6.815418601036e-03 4.071096424013e-03 4.445101134479e-03 9.891216643155e-03 3.380153700709e-02 9.147389978170e-02 1.242305487394e-01 1.289857178926e-01 9.835444390774e-02 7.580575346947e-02 1.085231229663e-01 7.422551512718e-02 5.234046280384e-02 5.810250714421e-02 7.346165180206e-02 6.651293486357e-02 4.703142493963e-02 4.390992596745e-02 4.279171302915e-02 4.148022830486e-02 4.607291892171e-02 5.720299482346e-02
4.425421822816e-03 3.654637141153e-03 4.571194760501e-03 1.079147588462e-02 2.470920607448e-02 5.703264847398e-02 8.306668698788e-02 5.225778743625e-02 5.552007816732e-03 3.796698758379e-03 2.727636136115e-03 2.247015247121e-03 1.754033030011e-03 1.431904733181e-03 1.261343481019e-03 1.313358778134e-03 1.371199847199e-03 1.657297834754e-03 2.392422873527e-03 2.943307626992e-03 3.125844057649e-03 3.314602188766e-03 3.329817904159e-03 4.947531968355e-03 1.203830633312e-02 3.154376521707e-02 3.870578482747e-02 3.873602673411e-02 7.474407553673e-02 8.640801161528e-02 1.014912724495e-01 6.474178284407e-02 8.385761082172e-02 6.159865856171e-02 6.890742480755e-02 8.125906437635e-02 1.625189632177e-01 1.025228947401e-01 6.033098325133e-02 4.941453412175e-02 5.083322525024e-02 4.995258525014e-02 4.824992641807e-02
2.855397760868e-03 2.993571804836e-03 3.786196699366e-03 4.786413162947e-03 1.056273747236e-02 6.533418595791e-02 4.235386475921e-02 5.660937167704e-03 3.301347605884e-03 2.911088289693e-03 2.439335454255e-03 2.060470869765e-03 1.617512549274e-03 1.377836568281e-03 1.228650682606e-03 1.354770734906e-03 1.400839304551e-03 1.375227468088e-03 1.967730931938e-03 2.510903170332e-03 2.836318220943e-03 2.820018678904e-03 3.539410186931e-03 5.735661368817e-03 1.790703646839e-02 3.553969785571e-02 2.103381603956e-02 2.761136367917e-02 2.573256567121e-02 1.328015625477e-01 1.933436542749e-01 1.045518741012e-01 5.740736424923e-02 7.869725674391e-02 3.105696104467e-02 3.268856927752e-02 1.214336678386e-01 5.839059501886e-02 4.754663258791e-02 3.643134236336e-02 3.743816912174e-02 4.174878820777e-02 4.499095305800e-02
2.404412254691e-03 2.615664852783e-03 3.067215671763e-03 3.881505224854e-03 4.384845495224e-03 6.108255125582e-03 6.753278896213e-03 4.604292567819e-03 2.393421484157e-03 2.471027430147e-03 2.166472142562e-03 1.980351516977e-03 1.620157971047e-03 1.313544227742e-03 1.341531286016e-03 1.367847784422e-03 1.464073429815e-03 1.446656533517e-03 1.657599932514e-03 2.128262771294e-03 2.531895879656e-03 2.685768762603e-03 2.827960299328e-03 4.717295523733e-03 1.324564963579e-02 8.164165541530e-03 7.920452393591e-03 1.294549182057e-02 2.933655865490e-02 5.812279134989e-02 6.086863949895e-02 7.697498798370e-02 1.226510033011e-01 6.583652645350e-02 6.272923201323e-02 4.871153458953e-02 4.988935589790e-02 4.227209091187e-02 2.247818559408e-02 2.805094793439e-02 2.739830128849e-02 2.958489581943e-02 3.720668330789e-02
1.892196247354e-03 2.131579443812e-03 2.541059628129e-03 3.117379499599e-03 3.351913066581e-03 3.728245384991e-03 3.944578114897e-03 2.467403421178e-03 2.103772945702e-03 2.185536315665e-03 2.037973841652e-03 1.767665264197e-03 1.476614270359e-03 1.325054094195e-03 1.309928018600e-03 1.500958809629e-03 1.481306506321e-03 1.273512141779e-03 1.465246197768e-03 1.859460724518e-03 2.200124086812e-03 2.572601893917e-03 3.655584994704e-03 3.828755114228e-03 3.886233782396e-03 5.420561879873e-03 5.280951969326e-03 1.296454947442e-02 1.812120154500e-02 2.438589744270e-02 5.063351616263e-02 8.887924998999e-02 6.580191850662e-02 1.201944127679e-01 7.685871422291e-02 4.323262348771e-02 3.590193390846e-02 3.259892761707e-02 3.922029212117e-02 3.689827024937e-02 4.598437622190e-02 4.525680840015e-02 5.263624712825e-02
1.746724243276e-03 1.723931520246e-03 1.940563670360e-03 2.207501325756e-03 2.379847224802e-03 2.341051120311e-03 2.233725041151e-03 2.160485135391e-03 2.337430836633e-03 2.310463925824e-03 2.152440836653e-03 1.875654212199e-03 1.534454291686e-03 1.358371693641e-03 1.227540313266e-03 1.205943408422e-03 1.360782771371e-03 1.380151370540e-03 1.388264237903e-03 1.674832659774e-03 1.938837580383e-03 2.292848657817e-03 3.510246286169e-03 3.959086723626e-03 4.269644618034e-03 8.837091736495e-03 1.215105969459e-02 1.561313867569e-02 2.190904505551e-02 2.369325049222e-02 5.185754969716e-02 9.843213856220e-02 4.650062322617e-02 4.960672184825e-02 8.769535273314e-02 7.421141862869e-02 5.146606266499e-02 4.374036565423e-02 5.472896993160e-02 2.817428857088e-02 3.736526891589e-02 4.537190869451e-02 5.417624488473e-02
1.435191021301e-03 1.622901880182e-03 1.704306923784e-03 1.725588110276e-03 1.932473038323e-03 2.085393993184e-03 2.246663207188e-03 1.994479214773e-03 1.918698777445e-03 1.979525666684e-03 2.126517705619e-03 2.116625662893e-03 1.822025398724e-03 1.544939354062e-03 1.464624307118e-03 1.321056392044e-03 1.138028921559e-03 1.262676436454e-03 1.429114025086e-03 1.579054747708e-03 1.732971868478e-03 1.988478470594e-03 2.986894920468e-03 2.911945572123e-03 3.231005044654e-03 7.995588704944e-03 1.709283143282e-02 2.306886389852e-02 3.244524821639e-02 1.704110577703e-02 5.032899975777e-02 2.518645673990e-02 2.703042328358e-02 3.107091970742e-02 4.964973777533e-02 5.453720316291e-02 7.069380581379e-02 6.442348659039e-02 4.781149700284e-02 4.089336842299e-02 3.132017701864e-02 3.371931985021e-02 2.717213518918e-02
1.402023248374e-03 1.550479209982e-03 1.542844926007e-03 1.573408604600e-03 1.681328634731e-03 1.873437780887e-03 2.027702052146e-03 1.811431371607e-03 1.411499688402e-03 1.508688088506e-03 1.638118876144e-03 1.932471059263e-03 2.006678842008e-03 1.667591976002e-03 1.573174027726e-03 1.901674550027e-03 1.686007017270e-03 1.370066311210e-03 1.491215894930e-03 1.551896682940e-03 1.897666254081e-03 2.105800202116e-03 2.343655331060e-03 2.872788114473e-03 3.335357178003e-03 5.827455781400e-03 1.229200884700e-02 1.465466059744e-02 2.011983469129e-02 1.138900779188e-02 2.425882406533e-02 1.857015490532e-02 3.084744885564e-02 1.878490112722e-02 3.709422796965e-02 2.779309265316e-02 4.406933858991e-02 5.406361073256e-02 4.828943684697e-02 6.516311317682e-02 5.929146707058e-02 4.743699356914e-02 4.157220944762e-02
1.350033446215e-03 1.459862105548e-03 1.404019305483e-03 1.432498218492e-03 1.438777078874e-03 1.403579604812e-03 1.554740243591e-03 1.469934592023e-03 1.746288151480e-03 1.891440711915e-03 1.717601902783e-03 1.740249339491e-03 1.916230074130e-03 1.994520425797e-03 1.825832645409e-03 2.357756020501e-03 2.099040662870e-03 1.600126968697e-03 1.611529849470e-03 1.605532597750e-03 1.844662940130e-03 2.000024775043e-03 2.226011361927e-03 2.963969018310e-03 3.484742715955e-03 5.217255093157e-03 7.834563963115e-03 9.073775261641e-03 9.697047062218e-03 1.225793827325e-02 2.060051262379e-02 3.156443312764e-02 2.125262096524e-02 5.075948685408e-02 1.772501505911e-02 2.309634350240e-02 4.719672352076e-02 6.605068594217e-02 3.239927813411e-02 3.663032874465e-02 2.331772260368e-02 4.392675682902e-02 3.872044384480e-02
1.203809166327e-03 1.301265088841e-03 1.251420704648e-03 1.232945709489e-03 1.144492183812e-03 1.155935344286e-03 1.219810685143e-03 1.606223173440e-03 1.997107407078e-03 2.052685245872e-03 1.794944284484e-03 1.985531533137e-03 2.210592851043e-03 2.148288534954e-03 2.131768735126e-03 2.196954330429e-03 2.373057650402e-03 2.779592061415e-03 2.490771003067e-03 2.236075233668e-03 2.297215163708e-03 2.477356465533e-03 2.960072131827e-03 3.009222680703e-03 3.669414436445e-03 4.511602688581e-03 7.316090632230e-03 7.393155246973e-03 1.329653710127e-02 2.687614969909e-02 3.337766602635e-02 1.699931733310e-02 1.707065105438e-02 5.159234628081e-02 2.727135643363e-02 3.355157747865e-02 2.975028753281e-02 3.859230130911e-02 2.818877436221e-02 1.078725419939e-02 1.027109846473e-02 1.386841386557e-02 2.749695070088e-02
1.110718119889e-03 1.112024183385e-03 1.101876725443e-03 1.087132608518e-03 1.117188832723e-03 1.182691077702e-03 1.256409334019e-03 1.498779281974e-03 1.680928631686e-03 1.604776014574e-03 1.885176752694e-03 2.027852460742e-03 1.967307412997e-03 2.066854154691e-03 2.822633599862e-03 3.930205013603e-03 4.462911747396e-03 5.659213755280e-03 5.649547558278e-03 6.086932029575e-03 4.339346196502e-03 4.151026252657e-03 4.813373554498e-03 4.030573181808e-03 4.594022873789e-03 6.349511910230e-03 1.912119798362e-02 1.784775778651e-02 1.722782105207e-02 2.321143634617e-02 1.302182767540e-02 1.372415199876e-02 1.844055019319e-02 1.052938122302e-02 5.707421153784e-02 7.949285209179e-02 7.097766548395e-02 1.645236648619e-02 7.779198233038e-03 6.426762789488e-03 6.281124427915e-03 7.427993696183e-03 7.847768254578e-03
1.032498432323e-03 1.071059959941e-03 1.027848105878e-03 1.107029384002e-03 1.188694965094e-03 1.360163441859e-03 1.360446913168e-03 1.575604081154e-03 1.725592301227e-03 2.009543357417e-03 2.076783683151e-03 2.464654156938e-03 2.581184031442e-03 2.383610932156e-03 5.806605797261e-03 2.084029093385e-02 1.647031493485e-02 9.757962077856e-03 1.096045505255e-02 1.366257574409e-02 1.009893417358e-02 5.327674560249e-03 6.199264433235e-03 7.771186064929e-03 7.534817326814e-03 1.404476072639e-02 1.976606249809e-02 1.756550371647e-02 1.426785811782e-02 1.290363632143e-02 1.464073359966e-02 1.368819735944e-02 1.032447721809e-02 8.601265959442e-03 1.462260074914e-02 6.715991348028e-02 6.998001784086e-02 1.443695928901e-02 5.137884989381e-03 5.234994459897e-03 4.711164161563e-03 4.527033772320e-03 7.446123287082e-03
1.035451306961e-03 1.115542254411e-03 1.411186181940e-03 1.577247399837e-03 1.449798932299e-03 2.402750076726e-03 2.824651775882e-03 2.870257711038e-03 2.427267143503e-03 2.377917524427e-03 2.602673601359e-03 3.269451204687e-03 3.255367744714e-03 1.204182673246e-02 8.511821180582e-02 1.072069630027e-01 5.003093555570e-02 2.843359299004e-02 2.272425778210e-02 1.784036681056e-02 8.532411418855e-03 8.440418168902e-03 1.846155151725e-02 3.938281908631e-02 3.229441866279e-02 1.721977628767e-02 2.008708193898e-02 1.630803011358e-02 1.731372997165e-02 1.202042866498e-02 2.979632839561e-02 1.191115751863e-02 9.128361940384e-03 6.453651934862e-03 4.285109229386e-03 1.384012214839e-02 1.527703087777e-02 3.739377483726e-03 2.512665232643e-03 2.957332879305e-03 3.657037159428e-03 4.088661633432e-03 3.823277773336e-03
1.269259257242e-03 1.997121609747e-03 2.722775563598e-03 2.958524739370e-03 3.819071920589e-03 5.076601635665e-03 4.987266846001e-03 4.399091936648e-03 3.782348940149e-03 2.917098347098e-03 3.513652831316e-03 3.881411161274e-03 2.162881754339e-02 1.193021088839e-01 1.631874442101e-01 5.689713358879e-02 1.789702661335e-02 1.093758083880e-02 1.113993208855e-02 9.722234681249e-03 9.358644485474e-03 2.131557464600e-02 4.199341684580e-02 5.590065568686e-02 4.497161507607e-02 2.313723601401e-02 1.592775061727e-02 1.172904390842e-02 1.060009375215e-02 9.450635872781e-03 1.280115544796e-02 5.859084427357e-03 6.628145463765e-03 5.374683998525e-03 3.377301618457e-03 2.002556342632e-03 1.653156825341e-03 1.607560785487e-03 1.689582248218e-03 2.104640705511e-03 2.826254349202e-03 3.574661212042e-03 3.657206427306e-03
2.103184349835e-03 3.145370632410e-03 4.178576637059e-03 5.613352637738e-03 1.086524315178e-02 1.076965779066e-02 1.506294030696e-02 1.085617672652e-02 1.234225276858e-02 7.332079578191e-03 4.109943285584e-03 2.820133604109e-02 1.136305332184e-01 1.130988895893e-01 2.958162873983e-02 8.903808891773e-03 1.651374623179e-02 2.182163856924e-02 1.541547384113e-02 1.793595403433e-02 2.169654518366e-02 2.183094993234e-02 3.176961466670e-02 2.593258768320e-02 1.758707314730e-02 1.368945278227e-02 8.531325496733e-03 3.319361014292e-03 3.394232131541e-03 3.367291297764e-03 4.312778823078e-03 3.155235899612e-03 2.781864022836e-03 1.922013005242e-03 1.965909032151e-03 2.002993831411e-03 2.068336121738e-03 2.172112232074e-03 2.311122603714e-03 2.489453647286e-03 2.517319982871e-03 3.000434720889e-03 3.808385925367e-03
