VariationalSeries/SI/f160_max.grd
DSAA
101	101
32.816463539100	34.260883539100
35.556306596100	36.727886596100
1.701738437987e-05	2.788713932037e+00
[rows 38 to 56 of 101, columns 0 to 42 of 101]
6.655087228864e-03 1.404254510999e-02 1.518781203777e-02 1.582174189389e-02 1.878935284913e-02 2.302924916148e-02 2.659257501364e-02 3.026521578431e-02 3.325458616018e-02 3.037288784981e-02 2.492932602763e-02 2.034822851419e-02 2.013916708529e-02 1.984182186425e-02 2.107249759138e-02 2.374861203134e-02 2.687115594745e-02 4.965306818485e-02 8.046604692936e-02 8.636250346899e-02 6.960075348616e-02 5.868278443813e-02 3.923535346985e-02 4.593484476209e-02 9.108740091324e-02 1.183577552438e-01 1.140093654394e-01 8.154897391796e-02 5.872158706188e-02 6.505457311869e-02 6.869074702263e-02 8.414789289236e-02 1.153560951352e-01 1.136152595282e-01 1.066309809685e-01 6.377489864826e-02 8.718904852867e-02 9.802107512951e-02 9.695339947939e-02 1.488937437534e-01 1.629884243011e-01 2.410443723202e-01 1.949291080236e-01
9.812123142183e-03 1.746986061335e-02 1.465236768126e-02 1.433246769011e-02 2.042692527175e-02 2.483380399644e-02 3.261741250753e-02 4.102533683181e-02 4.574268683791e-02 4.283281788230e-02 3.113370016217e-02 2.431754395366e-02 2.095154114068e-02 2.138400077820e-02 2.294502034783e-02 2.479815296829e-02 2.642342448235e-02 2.784647233784e-02 4.378595203161e-02 6.129702553153e-02 6.261941045523e-02 6.112500652671e-02 6.316363066435e-02 5.250266194344e-02 4.875866323709e-02 5.417353659868e-02 7.297798246145e-02 1.374432891607e-01 1.841510832310e-01 1.868209838867e-01 1.465729624033e-01 7.222946733236e-02 8.168864250183e-02 6.929745525122e-02 1.383871883154e-01 1.240023821592e-01 8.092986047268e-02 9.774074703455e-02 1.198697239161e-01 1.362153738737e-01 1.824911981821e-01 2.194734662771e-01 2.580002248287e-01
1.130127348006e-02 2.250931598246e-02 2.132530324161e-02 1.856390759349e-02 2.450961805880e-02 3.015304729342e-02 3.657636791468e-02 4.810537025332e-02 5.212898924947e-02 5.195093527436e-02 3.553359583020e-02 2.385444007814e-02 2.401575446129e-02 2.078201994300e-02 1.731756329536e-02 1.947912946343e-02 2.275927364826e-02 2.473152428865e-02 2.602062374353e-02 3.463148325682e-02 5.104831233621e-02 7.176245003939e-02 8.605083078146e-02 8.670486509800e-02 8.504661917686e-02 5.659556388855e-02 4.470447823405e-02 4.723587259650e-02 4.588913917542e-02 5.775365233421e-02 1.221467703581e-01 1.946070045233e-01 2.306415140629e-01 1.925704926252e-01 9.770397096872e-02 9.712158143520e-02 1.698207408190e-01 1.412027627230e-01 1.467827707529e-01 1.462250351906e-01 1.354646086693e-01 1.825726777315e-01 2.756009995937e-01
1.623152941465e-02 2.746814675629e-02 3.191802650690e-02 3.278847783804e-02 2.954517863691e-02 3.530449047685e-02 3.523458540440e-02 3.386549651623e-02 3.384691476822e-02 4.151269793510e-02 4.478731006384e-02 3.883928060532e-02 2.878517657518e-02 2.563003636897e-02 2.616544626653e-02 3.237587958574e-02 3.756402805448e-02 4.201683029532e-02 4.106504097581e-02 2.985380031168e-02 3.315598145127e-02 4.376989230514e-02 4.984331130981e-02 6.684487313032e-02 8.298724144697e-02 9.857885539532e-02 1.099614128470e-01 1.067045181990e-01 1.097340658307e-01 1.197324022651e-01 1.323967427015e-01 1.293761134148e-01 1.999653130770e-01 2.258213758469e-01 1.612382084131e-01 2.041045725346e-01 2.264635264874e-01 1.923562586308e-01 2.169544696808e-01 1.759635210037e-01 1.232557296753e-01 2.154401391745e-01 1.794012039900e-01
1.666839048266e-02 2.930376678705e-02 3.251671046019e-02 2.975395694375e-02 3.277478367090e-02 4.132898151875e-02 4.105085507035e-02 3.546393662691e-02 4.268006980419e-02 3.552680090070e-02 3.379666805267e-02 4.714197292924e-02 4.891480132937e-02 3.683652728796e-02 3.412162140012e-02 3.144375607371e-02 3.228700160980e-02 4.324758052826e-02 5.831242352724e-02 5.927404388785e-02 3.793223574758e-02 4.297363758087e-02 5.495463684201e-02 4.577317833900e-02 5.290428921580e-02 6.387222558260e-02 8.437474817038e-02 1.274224370718e-01 1.715208441019e-01 1.570203900337e-01 1.488324701786e-01 1.104586422443e-01 1.100666373968e-01 2.069049179554e-01 1.987418979406e-01 2.505406141281e-01 1.656147986650e-01 2.346775531769e-01 2.058415412903e-01 2.970091700554e-01 3.069747984409e-01 2.416706383228e-01 2.720173597336e-01
3.230420127511e-02 6.263746321201e-02 4.681367427111e-02 3.914967924356e-02 3.830562531948e-02 3.446576744318e-02 3.535557165742e-02 4.301673173904e-02 4.259105771780e-02 3.450345620513e-02 4.304507002234e-02 2.933988720179e-02 3.763589262962e-02 5.273190885782e-02 4.576852917671e-02 3.955009207129e-02 4.953147098422e-02 1.074552834034e-01 1.266323179007e-01 6.932876259089e-02 7.425348460674e-02 4.365815222263e-02 5.123213678598e-02 7.264739274979e-02 4.841961711645e-02 4.431647062302e-02 4.672695323825e-02 5.105845257640e-02 6.518267095089e-02 7.410197705030e-02 7.916205376387e-02 8.645685762167e-02 1.177412196994e-01 1.856797933578e-01 1.272405534983e-01 1.178269460797e-01 1.728933900595e-01 1.970519274473e-01 1.305363625288e-01 2.716855704784e-01 2.790800035000e-01 3.042393922806e-01 3.732460439205e-01
5.127602443099e-02 9.404576569796e-02 7.624992728233e-02 5.939045175910e-02 5.475612357259e-02 4.453323036432e-02 6.142005324364e-02 5.389825627208e-02 5.416401475668e-02 4.237632825971e-02 3.312351927161e-02 4.062784835696e-02 3.645456954837e-02 2.384635433555e-02 4.465931281447e-02 5.235233530402e-02 3.809696063399e-02 3.263585641980e-02 5.965092405677e-02 3.962514922023e-02 6.895244121552e-02 8.157204836607e-02 8.106688410044e-02 7.091255486012e-02 9.746623784304e-02 5.992156639695e-02 5.584809929132e-02 7.233271747828e-02 8.476905524731e-02 6.477889418602e-02 8.233460038900e-02 1.014278903604e-01 1.201840937138e-01 1.410154700279e-01 1.794270873070e-01 1.360063552856e-01 1.516933441162e-01 1.696450114250e-01 1.607809066772e-01 2.306877225637e-01 2.142235189676e-01 3.101741373539e-01 3.160886168480e-01
2.017003484070e-02 4.201089590788e-02 5.061835423112e-02 5.961500108242e-02 6.090822443366e-02 6.763231009245e-02 7.143954187632e-02 6.158104911447e-02 5.520361661911e-02 5.287134647369e-02 4.944971576333e-02 4.575330018997e-02 4.323408007622e-02 4.062372818589e-02 4.397011175752e-02 3.753551840782e-02 2.670557796955e-02 3.154066577554e-02 3.322064876556e-02 4.532755911350e-02 4.250530526042e-02 7.038807123899e-02 7.583133131266e-02 8.139209449291e-02 9.513454139233e-02 1.074664294720e-01 1.169452965260e-01 1.217954382300e-01 1.244856715202e-01 1.341152489185e-01 1.362282633781e-01 1.432802975178e-01 1.522000133991e-01 1.264353394508e-01 1.090460121632e-01 1.532992273569e-01 1.841067820787e-01 2.831155657768e-01 3.390336632729e-01 3.132403194904e-01 2.983348369598e-01 3.100602030754e-01 2.576550245285e-01
1.962628215551e-02 4.117422923446e-02 4.675325751305e-02 5.177730694413e-02 5.902810394764e-02 6.035420298576e-02 5.547775700688e-02 4.491706937551e-02 4.242358729243e-02 5.068185180426e-02 5.950666591525e-02 5.646229907870e-02 4.270290210843e-02 2.783305570483e-02 2.986638247967e-02 1.725745946169e-02 1.003017090261e-02 1.108705718070e-02 1.475832704455e-02 1.780203916132e-02 5.295763537288e-02 9.331198036671e-02 7.969557493925e-02 1.004967838526e-01 9.668597579002e-02 1.191577538848e-01 1.230018064380e-01 1.164624840021e-01 1.086146682501e-01 1.241513937712e-01 1.318979412317e-01 1.703228354454e-01 2.177475094795e-01 2.372980713844e-01 2.027680277824e-01 1.716611087322e-01 1.901850402355e-01 1.361173987389e-01 2.074697613716e-01 2.117223888636e-01 3.309208452702e-01 3.117009997368e-01 3.356747925282e-01
5.292903166264e-03 1.063921675086e-02 1.123267598450e-02 1.209524739534e-02 1.673403941095e-02 2.338656038046e-02 3.075144626200e-02 3.305951505899e-02 3.199904412031e-02 2.953336760402e-02 3.045166470110e-02 3.869269415736e-02 3.862741589546e-02 3.142042458057e-02 2.029327489436e-02 1.579288579524e-02 8.111233823001e-03 6.899040192366e-03 7.682851050049e-03 1.639308221638e-02 3.673077002168e-02 7.783834636211e-02 1.944696009159e-01 1.828828155994e-01 1.642973124981e-01 1.542980074883e-01 1.487071067095e-01 1.445775628090e-01 1.533255875111e-01 1.771395057440e-01 1.981180161238e-01 2.242841422558e-01 3.860425055027e-01 2.152196615934e-01 4.850916862488e-01 3.302468061447e-01 2.631249129772e-01 2.841277122498e-01 3.516930043697e-01 4.084002375603e-01 4.320628046989e-01 4.069082736969e-01 4.084267020226e-01
4.814685788006e-03 9.301087819040e-03 1.012902706861e-02 1.014741789550e-02 1.701857149601e-02 2.520868368447e-02 2.626838162541e-02 2.143681794405e-02 1.582483947277e-02 1.292414311320e-02 1.635155454278e-02 2.029380574822e-02 1.942497119308e-02 1.560386829078e-02 1.148339640349e-02 8.141586557031e-03 5.904128309339e-03 4.323619883507e-03 4.480157047510e-03 1.460283901542e-02 4.672975465655e-02 8.071758598089e-02 7.947205007076e-02 1.680071800947e-01 4.055496156216e-01 2.053309977055e-01 1.279998719692e-01 1.159737557173e-01 1.207089573145e-01 1.315923035145e-01 2.262927591801e-01 3.255678117275e-01 1.723258644342e-01 2.568329274654e-01 4.648392200470e-01 8.471800088882e-01 3.463082313538e-01 2.747260928154e-01 2.441653758287e-01 2.686413228512e-01 2.300094664097e-01 4.276705980301e-01 4.996459782124e-01
2.501297509298e-03 5.195527337492e-03 6.227739620954e-03 6.912145297974e-03 9.056781418622e-03 1.456033531576e-02 1.668344251812e-02 1.446594297886e-02 1.119300443679e-02 8.393626660109e-03 6.933909840882e-03 6.618772167712e-03 5.275050643831e-03 4.638426005840e-03 5.536298733205e-03 4.219004418701e-03 3.912108950317e-03 3.289768705145e-03 3.844758030027e-03 5.833711475134e-03 9.907248429954e-03 2.696719765663e-02 2.827321924269e-02 3.818042203784e-02 1.475357413292e-01 1.560528725386e-01 5.815914645791e-02 3.191157802939e-02 3.321848437190e-02 1.074403822422e-01 1.422869563103e-01 1.546146273613e-01 1.610341519117e-01 1.322850137949e-01 1.946240067482e-01 5.597332715988e-01 2.994126677513e-01 1.826979517937e-01 1.277764588594e-01 1.155230775476e-01 1.087041571736e-01 2.845348417759e-01 3.951929211617e-01
1.103719230741e-03 2.203996991739e-03 2.293077530339e-03 2.556704683229e-03 3.203980159014e-03 4.056968726218e-03 4.827357362956e-03 5.253581330180e-03 5.083661060780e-03 4.308510106057e-03 3.675822867081e-03 4.225970245898e-03 4.362117964774e-03 4.032825119793e-03 4.100984893739e-03 4.689486697316e-03 3.563751699403e-03 2.844822593033e-03 3.205302171409e-03 4.748320207000e-03 5.425947252661e-03 9.918596595526e-03 1.724700629711e-02 3.761427477002e-02 9.130300581455e-02 5.662928521633e-02 3.511556610465e-02 2.797512896359e-02 2.689053677022e-02 8.673882111907e-03 7.601134479046e-03 8.266736753285e-03 1.291140262038e-02 2.800350822508e-02 6.501212716103e-02 1.102823376656e+00 2.101296424866e+00 2.809488773346e-01 1.916225999594e-01 9.873016178608e-02 6.956467777491e-02 7.515262067318e-02 1.457113623619e-01
8.927824674174e-04 1.623138785362e-03 1.803926308639e-03 1.803993014619e-03 1.813368173316e-03 2.336327452213e-03 3.067760495469e-03 3.775593126193e-03 4.197069443762e-03 4.110908135772e-03 3.454009303823e-03 3.178348299116e-03 3.451886354014e-03 3.338261274621e-03 2.969033084810e-03 3.638683119789e-03 4.228507634252e-03 3.365943441167e-03 2.602482680231e-03 7.688486948609e-03 9.682596661150e-03 7.280446588993e-03 9.669734165072e-03 1.700756698847e-02 3.227713704109e-02 3.206852078438e-01 6.976184993982e-02 6.172162666917e-02 2.609489858150e-02 5.144018214196e-03 4.500419367105e-03 4.713707137853e-03 5.492283031344e-03 6.769928149879e-03 9.070465341210e-03 4.875179007649e-02 3.395159542561e-01 8.722698092461e-01 2.232758551836e-01 1.256090253592e-01 3.596084564924e-02 2.322621084750e-02 2.549900859594e-02
8.337562321685e-04 1.984756439924e-03 2.683341968805e-03 3.096785163507e-03 3.224764019251e-03 2.975315786898e-03 2.644909080118e-03 2.413637703285e-03 3.009126987308e-03 3.451055381447e-03 3.441093722358e-03 2.977791707963e-03 2.577106934041e-03 3.208805574104e-03 3.350432729349e-03 2.993758535013e-03 3.487224690616e-03 4.504862241447e-03 3.558100666851e-03 7.485745474696e-03 7.979602552950e-03 6.810058839619e-03 7.581194862723e-03 8.213049732149e-03 1.871813833714e-02 6.543946266174e-02 6.732781231403e-02 1.724590361118e-02 8.011629804969e-03 4.978910554200e-03 3.731556702405e-03 3.186485264450e-03 3.143829759210e-03 3.945674281567e-03 5.127025768161e-03 1.737420819700e-02 8.879176527262e-02 3.150994777679e-01 3.812089860439e-01 5.866662412882e-02 2.531941607594e-02 1.629894226789e-02 1.542831864208e-02
1.262996811420e-03 2.972585149109e-03 3.798235673457e-03 4.270272795111e-03 4.386659711599e-03 4.191467538476e-03 3.934200853109e-03 3.538869787008e-03 3.053568070754e-03 2.495601773262e-03 2.763061085716e-03 2.902617212385e-03 2.780061913654e-03 3.256904892623e-03 3.735329257324e-03 3.528333269060e-03 2.975669223815e-03 4.730646032840e-03 5.039037670940e-03 1.323349121958e-02 8.489361964166e-03 6.106168963015e-03 4.133064299822e-03 4.260013811290e-03 8.019835688174e-03 5.878621339798e-02 8.220240473747e-02 1.562678627670e-02 1.023439969867e-02 5.209959112108e-03 3.223347477615e-03 2.233762294054e-03 1.985887298360e-03 2.092343289405e-03 3.212573938072e-03 5.325943697244e-03 3.599192574620e-02 1.113285720348e-01 2.961163222790e-01 1.437361538410e-01 6.850902736187e-02 1.357716415077e-02 1.151462737471e-02
8.624788024463e-04 1.882247976027e-03 2.347085624933e-03 2.575198886916e-03 2.497091190889e-03 2.497947541997e-03 2.794187283143e-03 3.123565111309e-03 3.433199366555e-03 3.437895094976e-03 2.960373181850e-03 2.236331347376e-03 2.634248230606e-03 2.886430127546e-03 2.900276565924e-03 2.912796568125e-03 3.042220138013e-03 4.987369291484e-03 6.853692233562e-03 1.141382846981e-02 8.796907030046e-03 6.907704286277e-03 3.401492955163e-03 3.391472855583e-03 6.826702505350e-03 2.170034497976e-02 1.823813095689e-02 1.212593633682e-02 9.578399360180e-03 5.331370513886e-03 2.960019977763e-03 2.438952680677e-03 2.151107415557e-03 2.102008555084e-03 2.686877967790e-03 4.546821117401e-03 9.555511176586e-03 4.805119335651e-02 5.657025426626e-02 3.441493213177e-02 2.070257067680e-02 1.038900017738e-02 9.400897659361e-03
8.104561129585e-04 1.470434013754e-03 2.181577729061e-03 2.784129464999e-03 3.320542629808e-03 3.923215903342e-03 4.584866575897e-03 5.300259683281e-03 5.961569957435e-03 6.150783039629e-03 5.499076098204e-03 4.085499327630e-03 2.630165312439e-03 2.736806403846e-03 3.365189768374e-03 3.654647618532e-03 4.564167466015e-03 5.287857726216e-03 6.192826200277e-03 1.084409188479e-02 7.792583666742e-03 5.128022283316e-03 2.718857955188e-03 2.640781924129e-03 4.947470966727e-03 5.743768997490e-03 6.996484100819e-02 8.310746401548e-03 7.833554409444e-03 4.713446833193e-03 2.739060902968e-03 2.196698449552e-03 2.095832489431e-03 2.213210333139e-03 2.848792588338e-03 3.875585971400e-03 6.456793285906e-03 7.955590263009e-03 1.671895571053e-02 2.217989787459e-02 1.385151036084e-02 8.330379612744e-03 1.073682494462e-02
8.084486471489e-04 1.462705899030e-03 2.002018271014e-03 2.473517088220e-03 2.949425019324e-03 3.530837362632e-03 4.145024809986e-03 4.764634650201e-03 5.344172939658e-03 5.657970439643e-03 5.363273434341e-03 5.842585582286e-03 6.087943911552e-03 6.087047513574e-03 5.807716865093e-03 5.266745109111e-03 6.267087999731e-03 4.551970399916e-03 6.154870148748e-03 1.960160769522e-02 7.191732991487e-03 3.609788836911e-03 2.550197066739e-03 2.136247931048e-03 2.946593798697e-03 7.323972880840e-03 2.580510638654e-02 6.469981744885e-03 8.311110548675e-03 3.519596764818e-03 2.588972449303e-03 1.984165050089e-03 2.009029267356e-03 2.283442299813e-03 3.015434602275e-03 3.585809376091e-03 3.992173355073e-03 6.434898357838e-03 1.409882213920e-02 1.647674478590e-02 1.024219393730e-02 7.596419658512e-03 9.932107292116e-03
