VariationalSeries/SI/f161.grd
DSAA
101	101
32.816463539100	34.260883539100
35.556306596100	36.727886596100
1.960868394235e-05	3.216528415680e+00
[rows 76 to 94 of 101, columns 0 to 42 of 101]
2.067570167128e-04 2.991170913447e-04 3.937328001484e-04 4.663057043217e-04 5.011764005758e-04 5.044298595749e-04 4.873297584709e-04 4.600981483236e-04 4.291344666854e-04 4.628626047634e-04 5.233380361460e-04 6.274696788751e-04 7.430138066411e-04 8.170822402462e-04 8.319243206643e-04 8.075599907897e-04 7.354282424785e-04 7.842648774385e-04 8.074913057499e-04 8.621754823253e-04 1.190123031847e-03 1.164251239970e-03 7.631751941517e-04 8.285394287668e-04 7.677748799324e-04 7.062248769216e-04 7.181791588664e-04 7.987375138327e-04 9.032405796461e-04 9.545649518259e-04 9.190473356284e-04 8.655409910716e-04 8.414937183261e-04 8.273562416434e-04 9.129515383393e-04 1.097258995287e-03 2.117656869814e-03 2.524856710806e-03 2.376497955993e-03 1.681053894572e-03 1.647822326049e-03 2.746699377894e-03 4.786510486156e-03
2.080784324789e-04 3.364800359122e-04 4.466972604860e-04 5.153308156878e-04 5.427380674519e-04 5.400440422818e-04 5.186551716179e-04 4.870190168731e-04 5.054855719209e-04 5.611957167275e-04 6.458235438913e-04 7.635378278792e-04 8.724051294848e-04 9.254177566618e-04 9.110879618675e-04 8.450623136014e-04 7.198506500572e-04 7.407123339362e-04 7.438102620654e-04 6.622368819080e-04 6.791430059820e-04 7.120741647668e-04 6.219127099030e-04 7.498626364395e-04 7.945396355353e-04 7.289841305465e-04 7.843274506740e-04 9.444172028452e-04 1.048081787303e-03 1.060018315911e-03 9.887571213767e-04 9.073362452909e-04 9.009468485601e-04 8.825531695038e-04 1.073393737897e-03 1.150418189354e-03 1.897582318634e-03 2.121723257005e-03 2.334789372981e-03 2.645942382514e-03 5.475651007146e-03 7.145696319640e-03 6.768187042326e-03
2.216466818936e-04 3.536015283316e-04 4.606519651134e-04 5.213500699028e-04 5.407624412328e-04 5.317868781276e-04 5.047447048128e-04 5.503032007255e-04 6.201522774063e-04 6.938833394088e-04 7.891861605458e-04 8.896680083126e-04 9.545735083520e-04 9.526889189146e-04 8.844768744893e-04 7.680030539632e-04 6.101056933403e-04 6.408813060261e-04 6.206547841430e-04 5.443260888569e-04 4.964372492395e-04 5.569230415858e-04 6.744090351276e-04 8.989112102427e-04 9.466156479903e-04 8.545644232072e-04 1.048357225955e-03 1.137111219577e-03 1.162889529951e-03 1.137188170105e-03 1.063215779141e-03 9.854806121439e-04 9.384529548697e-04 1.080145360902e-03 1.392186386511e-03 1.793757313862e-03 2.362623577937e-03 2.930234419182e-03 2.456252695993e-03 6.443312857300e-03 7.432207465172e-03 7.164778187871e-03 7.074064575136e-03
2.002600522246e-04 3.165549132973e-04 4.081664083060e-04 4.573470214382e-04 4.698409466073e-04 4.568823787849e-04 5.232291878201e-04 5.955135566182e-04 6.534021813422e-04 7.109079160728e-04 7.712790393271e-04 8.160397992469e-04 8.209521183744e-04 7.727590855211e-04 6.824656156823e-04 5.707261152565e-04 5.339344497770e-04 5.150446668267e-04 4.813551204279e-04 4.425497609191e-04 4.595043719746e-04 5.115511012264e-04 8.093628566712e-04 1.100866240449e-03 1.190442824736e-03 1.249972265214e-03 1.286520622671e-03 1.296321861446e-03 1.221164013259e-03 1.148367300630e-03 1.086703035980e-03 1.031647319905e-03 1.145866583101e-03 1.354232430458e-03 1.728018862195e-03 1.992509700358e-03 1.944115734659e-03 3.171598538756e-03 3.703269409016e-03 5.478153005242e-03 6.353012751788e-03 6.407116074115e-03 6.504992954433e-03
1.659847184783e-04 2.658036828507e-04 3.240648366045e-04 3.535505966283e-04 3.629645798355e-04 4.214143264107e-04 4.840623005293e-04 5.226349458098e-04 5.404670955613e-04 5.563359009102e-04 5.747635150328e-04 5.856537027285e-04 5.741704371758e-04 5.312990397215e-04 5.468931631185e-04 5.596812698059e-04 5.535957752727e-04 5.250618560240e-04 4.802970797755e-04 4.350354720373e-04 4.325653135311e-04 5.336415488273e-04 9.112633997574e-04 1.252227695659e-03 1.419208827429e-03 1.504904241301e-03 1.516414224170e-03 1.554630696774e-03 1.514989417046e-03 1.303700963035e-03 1.120546832681e-03 1.076854299754e-03 1.260807970539e-03 1.374789979309e-03 1.455294783227e-03 1.555911730975e-03 2.069196198136e-03 3.060763003305e-03 4.044110886753e-03 4.109238274395e-03 6.427368149161e-03 7.722907699645e-03 6.060290616006e-03
2.262771740789e-04 3.420283319429e-04 4.138322838116e-04 4.461418138817e-04 4.646978923120e-04 4.731123917736e-04 4.759254516102e-04 4.728799394798e-04 4.639312392101e-04 4.515539330896e-04 4.715447430499e-04 5.124129820615e-04 5.479248939082e-04 5.786150577478e-04 6.002148147672e-04 6.055901176296e-04 5.884926067665e-04 5.470516043715e-04 4.898222396150e-04 4.783250624314e-04 4.520645597950e-04 5.752587458119e-04 9.389178594574e-04 1.292143017054e-03 3.203692613170e-03 9.477191604674e-03 1.008399762213e-02 4.540852271020e-03 2.643437823281e-03 2.084304578602e-03 1.479111262597e-03 1.137389335781e-03 1.335447421297e-03 1.752726151608e-03 1.422017696314e-03 1.688004122116e-03 1.870028441772e-03 3.160308580846e-03 5.520851351321e-03 5.405970849097e-03 5.991412326694e-03 7.924824953079e-03 1.090617757291e-02
3.204715321772e-04 4.725912003778e-04 5.646921927109e-04 6.131653790362e-04 6.266935961321e-04 6.231638253666e-04 6.106133223511e-04 5.914882640354e-04 5.672151455656e-04 5.450796452351e-04 6.408618646674e-04 7.363024051301e-04 8.191449451260e-04 8.758907788433e-04 8.949411567301e-04 8.708486566320e-04 8.040110114962e-04 6.993090501055e-04 6.482083699666e-04 6.161676719785e-04 5.769333220087e-04 6.666759727523e-04 9.389154729433e-04 2.099916106090e-03 8.872511796653e-03 2.553036063910e-02 2.791054919362e-02 1.403909455985e-02 6.085666827857e-03 2.991515677422e-03 1.931708306074e-03 1.454209093936e-03 1.315702102147e-03 1.868222374469e-03 2.029730239883e-03 2.104154322296e-03 1.880726660602e-03 2.848925068974e-03 6.510233972222e-03 9.784831665456e-03 6.460473872721e-03 6.253272760659e-03 1.386844646186e-02
4.026473325212e-04 5.748281255364e-04 6.876686238684e-04 7.313043461181e-04 7.293350063264e-04 7.052998407744e-04 6.708573782817e-04 6.529662059620e-04 7.649187464267e-04 9.332490735687e-04 1.107027637772e-03 1.271174638532e-03 1.410873839632e-03 1.521053258330e-03 1.597021240741e-03 1.624477677979e-03 1.582498196512e-03 1.446624984965e-03 1.193578005768e-03 8.891368634067e-04 8.221238385886e-04 8.401259547099e-04 1.844554906711e-03 3.344587748870e-03 9.666658937931e-03 7.948370277882e-02 1.490441560745e-01 3.243484720588e-02 1.419707294554e-02 5.077969748527e-03 2.364540938288e-03 1.799208926968e-03 1.747327041812e-03 2.430217340589e-03 2.920398255810e-03 2.845272887498e-03 2.345387591049e-03 3.437981707975e-03 5.485230125487e-03 1.201280020177e-02 1.207861676812e-02 5.978432949632e-03 1.443277299404e-02
4.284567257855e-04 5.992305814289e-04 7.002145866863e-04 7.243216386996e-04 6.997058517300e-04 7.292593363672e-04 8.056101505645e-04 8.561086142436e-04 1.022868906148e-03 1.259456039406e-03 1.506255590357e-03 1.740592066199e-03 1.946252305061e-03 2.129748929292e-03 2.305858535692e-03 2.472736407071e-03 2.584264846519e-03 2.539350651205e-03 2.201291499659e-03 1.581212272868e-03 1.212123781443e-03 1.731352880597e-03 3.050705417991e-03 4.327677655965e-03 1.902380399406e-02 4.568731039762e-02 5.837085470557e-02 1.769524440169e-02 6.707096938044e-03 4.021571483463e-03 3.453648881987e-03 4.216750618070e-03 5.443426780403e-03 5.049309227616e-03 3.657854860649e-03 3.626030869782e-03 3.002399345860e-03 3.507094224915e-03 3.870230633765e-03 7.895792834461e-03 1.049838867038e-02 6.765380501747e-03 2.526026777923e-02
5.830011796206e-04 9.228605194949e-04 1.162784290500e-03 1.298572518863e-03 1.373687060550e-03 1.402097404934e-03 1.387363066897e-03 1.335489330813e-03 1.256406656466e-03 1.305348123424e-03 1.575855771080e-03 1.848556334153e-03 2.107542240992e-03 2.356148324907e-03 2.621427876875e-03 2.933904295787e-03 3.237288678065e-03 3.348627360538e-03 3.017652779818e-03 2.787379780784e-03 2.736866939813e-03 2.949776127934e-03 3.800878534093e-03 5.172434728593e-03 9.828684851527e-03 3.623120486736e-03 2.847471507266e-03 2.845957642421e-03 3.121701302007e-03 3.353458363563e-03 3.707480384037e-03 2.593900263309e-02 1.712156273425e-02 1.358331926167e-02 8.196036331356e-03 1.210816204548e-02 1.114723924547e-02 5.242022220045e-03 4.048929084092e-03 4.873640369624e-03 7.261063437909e-03 1.923318393528e-02 2.922403812408e-02
1.069066347554e-03 1.661077374592e-03 2.033711178228e-03 2.183754695579e-03 2.206580946222e-03 2.149917185307e-03 2.038083970547e-03 1.892100903206e-03 1.766303670593e-03 1.832401496358e-03 1.879435032606e-03 1.895107678138e-03 2.022578846663e-03 2.297000261024e-03 2.556276507676e-03 2.847491763532e-03 3.135463921353e-03 4.648811649531e-03 6.003465969115e-03 6.044247187674e-03 6.173417903483e-03 6.111690308899e-03 4.471438471228e-03 5.384045653045e-03 2.666259882972e-03 2.016080543399e-03 1.849987660535e-03 1.602544682100e-03 1.816109521315e-03 2.537107560784e-03 5.684035364538e-03 3.073043003678e-02 2.199653536081e-02 1.513802539557e-02 1.321510504931e-02 2.808266133070e-02 2.680634148419e-02 1.212490070611e-02 9.103037416935e-03 8.427300490439e-03 1.072625350207e-02 1.814375817776e-02 3.254275023937e-02
1.549389562570e-03 2.357320161536e-03 2.773645799607e-03 2.854838036001e-03 3.497410798445e-03 3.761949250475e-03 3.698996035382e-03 3.448883304372e-03 3.111349651590e-03 2.779254689813e-03 2.808825811371e-03 2.748492406681e-03 2.918341895565e-03 3.365232376382e-03 3.686350304633e-03 3.977680113167e-03 4.590142518282e-03 5.034632049501e-03 4.578360356390e-03 5.233778152615e-03 5.489046219736e-03 4.477555397898e-03 3.665606491268e-03 2.100120764226e-03 1.845402293839e-03 1.433920930140e-03 1.188694499433e-03 9.536418365315e-04 8.736988529563e-04 1.555902417749e-03 2.480159047991e-03 1.310429070145e-02 1.733412593603e-02 2.626213431358e-02 2.788961678743e-02 3.603215888143e-02 2.560995891690e-02 1.204988453537e-02 1.890158094466e-02 1.901141740382e-02 1.335196569562e-02 1.752435974777e-02 5.614414066076e-02
1.815987518057e-03 2.735872287303e-03 3.163745859638e-03 3.537567798048e-03 4.290526267141e-03 4.581280518323e-03 4.477872513235e-03 4.148900043219e-03 3.707665251568e-03 3.234405536205e-03 2.859525149688e-03 3.145898459479e-03 3.638558322564e-03 4.177225288004e-03 4.541746340692e-03 4.663120489568e-03 4.373047035187e-03 3.596093505621e-03 2.842742018402e-03 2.459044102579e-03 2.093886258081e-03 1.468887552619e-03 1.310020219535e-03 1.252802903764e-03 1.115868682973e-03 9.104164200835e-04 7.018420728855e-04 6.656020414084e-04 8.486059377901e-04 1.272006542422e-03 1.839814824052e-03 7.265802007169e-03 7.933582179248e-03 1.537227630615e-02 1.783112622797e-02 4.086976498365e-02 3.595141693950e-02 1.885329745710e-02 1.729113422334e-02 7.505205273628e-02 1.765193641186e-01 4.570654034615e-02 2.807915024459e-02
1.354632084258e-03 2.021253108978e-03 2.308861818165e-03 2.342637162656e-03 2.796918619424e-03 2.956064417958e-03 2.872530603781e-03 2.651691902429e-03 2.361655700952e-03 2.054974669591e-03 1.910955877975e-03 2.056285738945e-03 2.135777845979e-03 2.150112995878e-03 2.102635102347e-03 2.134767128155e-03 1.914901775308e-03 1.532817725092e-03 1.785487984307e-03 1.683447044343e-03 1.341402530670e-03 9.776831138879e-04 9.148865938187e-04 8.155903196894e-04 6.820667767897e-04 5.362438969314e-04 6.071415846236e-04 8.450292516500e-04 1.059328089468e-03 2.175009110942e-03 2.753085223958e-03 4.102049395442e-03 7.103011012077e-03 5.320889409631e-03 4.595346748829e-03 5.619385279715e-03 3.501985967159e-02 2.026172913611e-02 1.560691371560e-02 1.002588570118e-01 2.212938368320e-01 2.430112287402e-02 8.759933523834e-03
6.410116329789e-04 9.465420735069e-04 1.107821706682e-03 1.259474200197e-03 1.318725058809e-03 1.383295748383e-03 1.396463136189e-03 1.323052565567e-03 1.257794909179e-03 1.239725155756e-03 1.216686097905e-03 1.117728766985e-03 1.145869377069e-03 1.178184757009e-03 1.169140916318e-03 1.106272684410e-03 1.478764112107e-03 1.888722181320e-03 1.779939746484e-03 1.332041923888e-03 8.498737006448e-04 6.170438136905e-04 5.592681700364e-04 4.844217328355e-04 4.037976905238e-04 6.185022066347e-04 9.536406141706e-04 1.273934380151e-03 1.755497301929e-03 2.852987730876e-03 3.916018642485e-03 5.284483078867e-03 6.070523522794e-03 5.254981573671e-03 3.146761329845e-03 3.663143143058e-03 7.134631741792e-03 1.797874085605e-02 2.950570546091e-02 3.096277453005e-02 1.639106683433e-02 6.259914487600e-03 5.839939229190e-03
4.217871464789e-04 6.144922808744e-04 7.792387041263e-04 8.805353427306e-04 9.203626541421e-04 9.162554051727e-04 8.939937688410e-04 8.514081127942e-04 8.010465535335e-04 7.478529005311e-04 6.934030097909e-04 6.391444476321e-04 5.871779285371e-04 5.727779353037e-04 5.657087895088e-04 8.059254614636e-04 1.373398117721e-03 1.624623779207e-03 1.390139572322e-03 9.578822064213e-04 5.829964648001e-04 3.720315289684e-04 3.717521321960e-04 4.068013222422e-04 5.521102575585e-04 9.400328854099e-04 1.418581814505e-03 1.991616096348e-03 2.838367130607e-03 3.875052090734e-03 5.803749896586e-03 5.989504978061e-03 5.430895369500e-03 2.944111591205e-03 2.234059618786e-03 3.042728174478e-03 3.691100049764e-03 1.398222148418e-02 3.465458750725e-02 1.997670158744e-02 1.187987439334e-02 5.341624375433e-03 5.068106111139e-03
2.939365222119e-04 4.256594984327e-04 5.324094672687e-04 5.986587493680e-04 6.284814444371e-04 6.322651170194e-04 6.186020909809e-04 5.930595798418e-04 5.595004768111e-04 5.198381259106e-04 4.763237375300e-04 4.301003937144e-04 4.558099899441e-04 4.585613496602e-04 4.233418148942e-04 4.776220303029e-04 8.553268853575e-04 1.064177486114e-03 9.940225863829e-04 7.773789693601e-04 5.489292670973e-04 3.688825236168e-04 3.977100132033e-04 4.569321172312e-04 7.804041379131e-04 1.728047267534e-03 3.693974111229e-03 3.416281426325e-03 2.820645691827e-03 5.231656134129e-03 7.126991171390e-03 6.110327783972e-03 4.389187321067e-03 2.062849234790e-03 2.198473084718e-03 3.024498932064e-03 4.221929237247e-03 1.512479409575e-02 2.546906471252e-02 1.193656772375e-02 6.919533945620e-03 4.263557028025e-03 3.825583029538e-03
1.969196018763e-04 2.825485717040e-04 3.504587220959e-04 3.918778384104e-04 4.101200611331e-04 4.120289231651e-04 4.024026275147e-04 3.843330196105e-04 3.596533788368e-04 3.299138916191e-04 3.260679950472e-04 3.666844277177e-04 3.827259934042e-04 3.660607617348e-04 3.502910549287e-04 4.008286341559e-04 4.452748107724e-04 5.435189232230e-04 6.212914595380e-04 5.993473459966e-04 5.099018453620e-04 4.026686947327e-04 4.245313757565e-04 5.821781815030e-04 1.015867572278e-03 3.010826883838e-03 4.306156653911e-03 2.567721763626e-03 2.872192766517e-03 5.534471478313e-03 7.495685946196e-03 5.933558568358e-03 4.141389857978e-03 2.841507084668e-03 3.125930670649e-03 3.022863995284e-03 6.558753550053e-03 2.626441977918e-02 1.904087327421e-02 4.997514188290e-03 1.000658236444e-02 4.343933425844e-03 2.957076299936e-03
1.159385210485e-04 1.648867182666e-04 2.030167379417e-04 2.255272993352e-04 2.345740504097e-04 2.341548242839e-04 2.269422984682e-04 2.146418846678e-04 2.052336203633e-04 2.506849123165e-04 2.935019147117e-04 3.215617325623e-04 3.239644865971e-04 3.579469339456e-04 4.140308010392e-04 4.708023625426e-04 5.203698528931e-04 5.526050226763e-04 5.576182738878e-04 5.316397291608e-04 4.843302594963e-04 4.517537599895e-04 5.021110409871e-04 7.255464443006e-04 1.225325278938e-03 3.375377506018e-03 3.557003568858e-03 2.829646924511e-03 2.575599821284e-03 4.951629322022e-03 6.940759718418e-03 5.404184106737e-03 5.291830748320e-03 3.570888889953e-03 3.765914123505e-03 2.710681874305e-03 6.252190563828e-03 1.678947359324e-02 8.259701542556e-03 5.865579470992e-03 1.326596736908e-02 4.278490785509e-03 2.261760877445e-03
