VariationalSeries/SI/f161.grd
DSAA
101	101
32.816463539100	34.260883539100
35.556306596100	36.727886596100
1.960868394235e-05	3.216528415680e+00
[rows 0 to 18 of 101, columns 43 to 85 of 101]
4.681454971433e-03 7.986676879227e-03 9.200450964272e-03 7.291572168469e-03 5.082558840513e-03 5.123795010149e-03 4.410483408719e-03 4.023714922369e-03 2.646803157404e-03 3.840328892693e-03 5.091941915452e-03 6.030156277120e-03 7.212627679110e-03 1.029754057527e-02 4.626656416804e-03 5.702996160835e-03 7.237696088850e-03 7.895124144852e-03 5.334539804608e-03 3.531921887770e-03 3.983356524259e-03 5.204176530242e-03 5.347565282136e-03 5.810324102640e-03 5.896046292037e-03 4.240600857884e-03 2.840907080099e-03 2.862602006644e-03 5.419160239398e-03 8.125519379973e-03 6.530083715916e-03 3.201555693522e-03 4.041869658977e-03 2.648379420862e-03 2.697935560718e-03 2.318309852853e-03 1.984425587580e-03 1.800701953471e-03 1.327711390331e-03 1.340036280453e-03 1.781672239304e-03 2.977500902489e-03 2.958750352263e-03
8.114839904010e-03 1.446552760899e-02 1.806251145899e-02 1.598344184458e-02 1.198268961161e-02 1.112583838403e-02 9.214415214956e-03 7.803946733475e-03 7.247270550579e-03 8.433211594820e-03 9.387277066708e-03 1.069897972047e-02 1.426660176367e-02 2.056686393917e-02 8.812723681331e-03 1.083255093545e-02 1.367184706032e-02 1.477744150907e-02 1.014744490385e-02 6.808413658291e-03 7.897049188614e-03 9.925909340382e-03 1.058338955045e-02 1.015241257846e-02 1.046874839813e-02 8.832434192300e-03 5.263545084745e-03 5.947027355433e-03 1.224949769676e-02 1.946980878711e-02 1.162098161876e-02 5.282019730657e-03 7.908238098025e-03 4.875903483480e-03 5.220710299909e-03 4.319966305047e-03 3.548059612513e-03 3.169074654579e-03 2.557016676292e-03 2.546564210206e-03 3.941118251532e-03 6.032234057784e-03 5.620467942208e-03
1.021100580692e-02 1.477168500423e-02 2.017819881439e-02 1.983868330717e-02 1.612499170005e-02 1.617234759033e-02 1.092208828777e-02 9.608698077500e-03 1.295194216073e-02 1.294396724552e-02 9.329900145531e-03 1.184897869825e-02 1.520409993827e-02 2.151256613433e-02 1.021460443735e-02 1.232065819204e-02 1.529730856419e-02 1.691309921443e-02 1.169098354876e-02 9.149706922472e-03 9.157679043710e-03 9.966323152184e-03 1.190170086920e-02 1.273439917713e-02 1.543050631881e-02 1.187552884221e-02 6.842246744782e-03 7.357139140368e-03 1.608542166650e-02 2.514692209661e-02 1.191279385239e-02 6.145055405796e-03 9.108607657254e-03 5.381678696722e-03 5.826341453940e-03 5.111729260534e-03 4.541901871562e-03 3.609375329688e-03 2.966505242512e-03 3.627453232184e-03 4.994583316147e-03 6.678020581603e-03 5.752121098340e-03
1.176432240754e-02 1.335923746228e-02 1.804673299193e-02 1.960006356239e-02 1.747699640691e-02 2.163913473487e-02 1.144611556083e-02 1.313910819590e-02 1.852505467832e-02 1.907394640148e-02 1.268392987549e-02 1.239366270602e-02 1.557613443583e-02 2.170982584357e-02 1.072707399726e-02 1.373529992998e-02 1.568847335875e-02 1.762268133461e-02 1.262687146664e-02 1.200951822102e-02 9.836495853961e-03 1.243001408875e-02 1.503080874681e-02 1.480756234378e-02 2.049034088850e-02 1.465103216469e-02 7.711262442172e-03 8.765741251409e-03 1.877082698047e-02 2.728382684290e-02 1.122612040490e-02 6.832957733423e-03 9.660226292908e-03 5.426148418337e-03 5.954784341156e-03 6.515705958009e-03 5.500892642885e-03 4.142990335822e-03 3.541117766872e-03 4.487388767302e-03 5.963336676359e-03 6.956080906093e-03 5.510863848031e-03
1.156909856945e-02 1.601472869515e-02 1.423699874431e-02 1.656799763441e-02 1.611434482038e-02 2.747601829469e-02 1.101477257907e-02 1.622120104730e-02 2.366878837347e-02 2.541614696383e-02 1.791347563267e-02 1.293747313321e-02 1.601386256516e-02 2.181899547577e-02 1.113860309124e-02 1.504213456064e-02 1.587491855025e-02 1.820976845920e-02 1.398100890219e-02 1.476996950805e-02 1.163114048541e-02 1.571256108582e-02 1.908692345023e-02 1.856256090105e-02 2.548119053245e-02 1.693977788091e-02 9.236186742783e-03 9.396448731422e-03 1.988279260695e-02 2.637045457959e-02 1.211794000119e-02 8.139833807945e-03 9.994323365390e-03 6.426074542105e-03 7.372718770057e-03 7.651284337044e-03 6.114087533206e-03 4.323142580688e-03 4.504259675741e-03 4.892477300018e-03 6.959828082472e-03 7.055244874209e-03 5.272782873362e-03
1.003406941891e-02 1.699916459620e-02 1.274980790913e-02 1.313257217407e-02 1.401048805565e-02 3.329397737980e-02 1.243327092379e-02 1.845498383045e-02 2.821961976588e-02 3.169748559594e-02 2.338987216353e-02 1.363869477063e-02 1.660688035190e-02 2.191046252847e-02 1.234892476350e-02 1.612788252532e-02 1.583554036915e-02 1.872769184411e-02 1.431777048856e-02 1.714092679322e-02 1.409318763763e-02 1.902513578534e-02 2.272788807750e-02 2.174828387797e-02 2.993971481919e-02 1.825687848032e-02 1.016107108444e-02 1.100631803274e-02 1.903174445033e-02 2.139115147293e-02 1.204001624137e-02 9.408844634891e-03 1.009018532932e-02 7.180891931057e-03 8.628685958683e-03 8.502600714564e-03 6.410000380129e-03 4.500431008637e-03 5.076534580439e-03 5.472929682583e-03 7.953809574246e-03 7.178475614637e-03 5.057699047029e-03
9.146340191364e-03 1.627542823553e-02 1.279247831553e-02 1.026447210461e-02 1.299920957536e-02 3.864676505327e-02 1.377656310797e-02 1.951312087476e-02 3.135683760047e-02 3.649180755019e-02 2.836005017161e-02 1.500726025552e-02 1.713123545051e-02 2.191104367375e-02 1.249466184527e-02 1.718441210687e-02 1.556611899287e-02 1.908814534545e-02 1.378742512316e-02 1.812866143882e-02 1.612448133528e-02 2.138579823077e-02 2.520143240690e-02 2.351575717330e-02 3.320993110538e-02 1.837878488004e-02 9.809237904847e-03 1.232667081058e-02 1.630702055991e-02 1.487341430038e-02 1.127166859806e-02 1.066437270492e-02 1.001952309161e-02 7.660377305001e-03 9.624801576138e-03 9.000277146697e-03 6.379299331456e-03 5.298224743456e-03 5.002981517464e-03 7.439047563821e-03 9.088424034417e-03 7.361057214439e-03 4.722857382149e-03
1.054800488055e-02 1.553876884282e-02 1.235806196928e-02 1.155706960708e-02 1.463661994785e-02 4.373916611075e-02 1.572798378766e-02 1.887708716094e-02 3.168315067887e-02 3.853024542332e-02 3.226205334067e-02 1.962540857494e-02 1.780704408884e-02 2.203314192593e-02 1.244464982301e-02 1.817512698472e-02 1.510757859796e-02 1.932630501688e-02 1.420785207301e-02 1.716655679047e-02 1.733969710767e-02 2.249368652701e-02 2.579918317497e-02 2.351037226617e-02 3.509392961860e-02 1.769746653736e-02 1.127132400870e-02 1.468995772302e-02 1.238130312413e-02 1.243990100920e-02 1.328332535923e-02 1.192578580230e-02 9.741547517478e-03 9.847273118794e-03 1.025670766830e-02 9.062631055713e-03 6.029748357832e-03 5.443139467388e-03 6.246249191463e-03 1.001020241529e-02 9.949425235391e-03 7.006693165749e-03 3.953170031309e-03
1.185565255582e-02 1.558572240174e-02 1.226421073079e-02 1.251180190593e-02 1.621157489717e-02 4.847964271903e-02 1.777205802500e-02 1.658732257783e-02 2.892861887813e-02 3.751958906651e-02 3.457791730762e-02 2.392730489373e-02 1.852122694254e-02 2.520772628486e-02 1.402594801039e-02 1.915905997157e-02 1.513045560569e-02 1.949119381607e-02 1.449538953602e-02 1.516986172646e-02 1.810540817678e-02 2.203677594662e-02 2.448275871575e-02 2.369820885360e-02 3.486807271838e-02 1.564829237759e-02 1.344227232039e-02 1.721304841340e-02 1.265752874315e-02 1.531036011875e-02 1.673969253898e-02 1.336399558932e-02 1.129080913961e-02 1.225143205374e-02 1.251688320190e-02 8.642325177789e-03 5.877673160285e-03 5.246954970062e-03 9.931332431734e-03 1.210541371256e-02 9.614531882107e-03 5.558602046221e-03 4.695571027696e-03
1.272214390337e-02 1.587874069810e-02 1.214670762420e-02 1.225722208619e-02 1.771897822618e-02 5.229904875159e-02 1.956123113632e-02 1.360606495291e-02 2.461642213166e-02 3.422256186604e-02 3.482308983803e-02 2.733140066266e-02 1.917295344174e-02 2.720281295478e-02 1.763460598886e-02 2.024945989251e-02 2.008116990328e-02 1.978176832199e-02 1.464386936277e-02 1.816433109343e-02 1.772505976260e-02 2.040645666420e-02 2.159360051155e-02 2.644396200776e-02 3.238032758236e-02 1.253762841225e-02 1.565906032920e-02 1.972783915699e-02 1.452484354377e-02 1.773433014750e-02 1.970370858908e-02 1.619330048561e-02 1.255470141768e-02 1.299611013383e-02 1.357545796782e-02 7.803515065461e-03 5.473890807480e-03 9.433124214411e-03 1.333284657449e-02 1.221376564354e-02 7.425595540553e-03 4.858538974077e-03 4.599965177476e-03
1.289451494813e-02 1.643291488290e-02 1.205352228135e-02 1.317584980279e-02 1.907841116190e-02 5.536546185613e-02 2.119935490191e-02 1.357419509441e-02 1.967311091721e-02 2.886031381786e-02 3.227115795016e-02 2.909885719419e-02 2.340069785714e-02 2.708404511213e-02 2.232364565134e-02 2.131554111838e-02 2.835514396429e-02 2.121936529875e-02 1.459662243724e-02 2.407369948924e-02 1.969229616225e-02 1.797492988408e-02 2.643561176956e-02 2.815975993872e-02 2.817953377962e-02 1.258656568825e-02 1.752935722470e-02 2.147723920643e-02 1.514482870698e-02 1.913809031248e-02 2.230051346123e-02 1.885544881225e-02 1.162245031446e-02 1.129174232483e-02 1.283492147923e-02 6.702613085508e-03 8.580976165831e-03 1.394820213318e-02 1.428381819278e-02 9.476987645030e-03 4.785947035998e-03 4.498095717281e-03 4.426087252796e-03
1.252320129424e-02 1.705073006451e-02 1.569836959243e-02 1.489034574479e-02 2.030478976667e-02 5.732418969274e-02 2.223425544798e-02 1.409067772329e-02 1.642712391913e-02 2.234869822860e-02 2.754740789533e-02 2.860753983259e-02 2.607131376863e-02 2.832583896816e-02 2.706167474389e-02 2.228244580328e-02 3.794376552105e-02 2.797832712531e-02 1.469658035785e-02 2.926594577730e-02 2.196875400841e-02 2.339678071439e-02 3.481857478619e-02 2.854611538351e-02 2.281857840717e-02 1.304824091494e-02 1.832649111748e-02 2.195532619953e-02 1.448884885758e-02 1.899930462241e-02 2.363587915897e-02 2.093861810863e-02 1.233449298888e-02 9.036962874234e-03 1.189579255879e-02 7.273948751390e-03 1.378308143467e-02 1.607322692871e-02 1.142982300371e-02 5.798305850476e-03 5.269292276353e-03 5.678489338607e-03 6.017329171300e-03
1.264327857643e-02 1.766467653215e-02 1.981776580215e-02 1.366344001144e-02 2.146476320922e-02 5.891092494130e-02 2.270465530455e-02 1.454271189868e-02 1.645980589092e-02 2.115261368454e-02 2.116527594626e-02 2.540529705584e-02 2.669398114085e-02 3.154733404517e-02 2.912763506174e-02 2.468373812735e-02 4.734961315989e-02 3.417356684804e-02 1.601081714034e-02 3.332334384322e-02 2.306060120463e-02 2.839063853025e-02 4.106565564871e-02 2.662955597043e-02 1.682882569730e-02 1.552250143141e-02 1.762716099620e-02 2.077375166118e-02 1.311260741204e-02 1.737776398659e-02 2.285622246563e-02 2.145767025650e-02 1.304908655584e-02 7.818539626896e-03 1.138242427260e-02 1.271737925708e-02 1.739623583853e-02 1.378713361919e-02 7.042248267680e-03 5.697233136743e-03 5.521317012608e-03 7.307861465961e-03 7.157029584050e-03
1.129143219441e-02 1.829002238810e-02 2.148334123194e-02 1.521275471896e-02 2.265466377139e-02 6.072027981281e-02 2.301007509232e-02 1.510537415743e-02 1.503991428763e-02 2.039483003318e-02 1.674247346818e-02 2.002152800560e-02 2.881485968828e-02 3.381912410259e-02 2.701222337782e-02 3.053998388350e-02 5.482593551278e-02 3.916499763727e-02 1.881492324173e-02 3.611516207457e-02 2.310787513852e-02 3.087610751390e-02 4.301499202847e-02 2.216392010450e-02 1.469282899052e-02 1.974201202393e-02 2.039791457355e-02 1.849013566971e-02 1.262840256095e-02 1.456231065094e-02 2.020614966750e-02 2.028543502092e-02 1.301729213446e-02 7.681768387556e-03 1.149585191160e-02 1.779645495117e-02 1.652990095317e-02 8.903668262064e-03 6.278160028160e-03 5.485182162374e-03 5.800268147141e-03 8.266051299870e-03 7.616222370416e-03
1.538092177361e-02 1.902372017503e-02 2.150525711477e-02 2.481142431498e-02 2.388539351523e-02 6.180802732706e-02 2.291657775640e-02 1.804991811514e-02 1.285339146852e-02 1.869119703770e-02 1.565106213093e-02 2.203363738954e-02 3.035254031420e-02 3.609232231975e-02 2.912756986916e-02 3.628628700972e-02 6.096522882581e-02 4.207845777273e-02 2.051500417292e-02 3.847435861826e-02 2.528973668814e-02 3.011193126440e-02 4.134936258197e-02 1.832245662808e-02 1.561900041997e-02 2.364979870617e-02 2.590226754546e-02 1.613844558597e-02 1.286266278476e-02 1.175265293568e-02 1.674443297088e-02 1.817636936903e-02 1.231630239636e-02 8.707127533853e-03 1.693922840059e-02 1.910949684680e-02 1.152246072888e-02 6.038971710950e-03 6.459124386311e-03 5.073930136859e-03 6.638569291681e-03 8.781003765762e-03 9.532075375319e-03
2.030851691961e-02 1.990183629096e-02 2.117716521025e-02 3.046898171306e-02 2.481531165540e-02 6.213212385774e-02 2.225002646446e-02 2.068883739412e-02 1.359714940190e-02 1.915175281465e-02 1.624603196979e-02 2.361084334552e-02 3.178506344557e-02 3.830426931381e-02 2.813147194684e-02 4.101294279099e-02 6.212045252323e-02 3.987448289990e-02 2.433438785374e-02 4.044788703322e-02 2.536604739726e-02 2.753366157413e-02 3.577222302556e-02 1.748681068420e-02 1.708514057100e-02 2.720895223320e-02 2.789949439466e-02 1.453820243478e-02 1.398709882051e-02 1.225712243468e-02 1.694267801940e-02 1.528122276068e-02 1.095455698669e-02 1.523182261735e-02 2.053312025964e-02 1.476730499417e-02 8.282238617539e-03 5.425410810858e-03 6.511295679957e-03 5.697897635400e-03 8.612788282335e-03 1.121945958585e-02 1.117152906954e-02
2.393441647291e-02 2.595549449325e-02 2.453510276973e-02 2.816172130406e-02 2.636926434934e-02 6.161917001009e-02 2.411724068224e-02 2.274161018431e-02 1.427240855992e-02 1.943621225655e-02 1.795903220773e-02 2.443327754736e-02 3.349538519979e-02 4.048351943493e-02 2.586154453456e-02 4.401696473360e-02 5.854191258550e-02 3.538457304239e-02 2.675957791507e-02 4.192451015115e-02 2.264764346182e-02 2.198824286461e-02 2.778962627053e-02 1.618422195315e-02 2.007903344929e-02 2.724032476544e-02 2.574723213911e-02 1.538815256208e-02 1.609391905367e-02 1.362506113946e-02 1.838193275034e-02 1.281181164086e-02 1.303123962134e-02 2.055923454463e-02 1.810486614704e-02 1.270212139934e-02 7.082936353981e-03 5.913564469665e-03 7.322541903704e-03 8.245171979070e-03 1.201816834509e-02 1.232929620892e-02 1.026667654514e-02
3.135270997882e-02 3.114447370172e-02 3.363287448883e-02 2.594107575715e-02 3.125435486436e-02 5.967660248280e-02 2.745975181460e-02 2.478440292180e-02 1.935243420303e-02 1.946902088821e-02 2.088009193540e-02 3.156611323357e-02 3.490714728832e-02 4.290874674916e-02 2.801040746272e-02 4.423457011580e-02 5.205988511443e-02 3.387253358960e-02 2.755900658667e-02 4.302188754082e-02 2.048055268824e-02 1.810276694596e-02 2.093862742186e-02 1.732723042369e-02 2.183221466839e-02 2.437727339566e-02 1.904991082847e-02 1.697979308665e-02 1.876419410110e-02 1.553606055677e-02 1.900384388864e-02 1.203369162977e-02 1.943813823164e-02 2.043777331710e-02 1.823086105287e-02 1.149399299175e-02 8.218004368246e-03 7.249210495502e-03 8.763916790485e-03 1.195748895407e-02 1.336309779435e-02 1.076155528426e-02 7.985339500010e-03
3.478841856122e-02 3.445390239358e-02 4.157888144255e-02 3.871776908636e-02 2.641543373466e-02 5.631285533309e-02 2.554083429277e-02 2.864856272936e-02 2.673568576574e-02 2.217524684966e-02 2.268267981708e-02 3.803940117359e-02 4.001341760159e-02 4.559417814016e-02 3.126785531640e-02 4.164436087012e-02 5.153317749500e-02 4.131708294153e-02 2.678275853395e-02 4.317707940936e-02 2.060654945672e-02 1.952695474029e-02 2.128589712083e-02 1.926354691386e-02 2.046533674002e-02 1.911393739283e-02 1.768880896270e-02 1.978565566242e-02 2.055799402297e-02 1.611514016986e-02 1.884642988443e-02 1.825969479978e-02 2.166714891791e-02 2.030496299267e-02 1.942879334092e-02 1.412838138640e-02 1.007686182857e-02 9.353075176477e-03 1.134421583265e-02 1.339974906296e-02 1.106886938214e-02 9.071843698621e-03 8.164860308170e-03
