VariationalSeries/SI/f161.grd
DSAA
101	101
32.816463539100	34.260883539100
35.556306596100	36.727886596100
1.960868394235e-05	3.216528415680e+00
[rows 57 to 75 of 101, columns 43 to 85 of 101]
1.354939676821e-02 1.607415825129e-02 8.204504847527e-03 9.085275232792e-03 8.993021212518e-03 1.445288397372e-02 1.627896539867e-02 2.194718271494e-02 1.916467212141e-02 1.044461131096e-02 7.272168528289e-03 6.111600901932e-03 4.493063315749e-03 7.969619706273e-03 3.339100629091e-02 1.120882257819e-01 2.475458532572e-01 2.337737232447e-01 3.400249481201e-01 1.140783056617e-01 3.288589045405e-02 2.517159283161e-02 4.558347910643e-02 8.358980715275e-02 1.430556923151e-01 1.297300457954e-01 1.410973668098e-01 1.144636273384e-01 1.491571366787e-01 1.376222819090e-01 1.452847570181e-01 1.082876175642e-01 1.125069037080e-01 1.579771339893e-01 9.812445193529e-02 6.162166222930e-02 7.191054522991e-02 1.007845699787e-01 1.263733506203e-01 9.141089022160e-02 3.808656334877e-02 3.354842215776e-02 3.243106603622e-02
1.082433853298e-02 1.840888336301e-02 6.625426933169e-03 7.043134421110e-03 6.977503653616e-03 1.049255020916e-02 2.047135122120e-02 6.587856262922e-02 5.241663381457e-02 1.127017475665e-02 6.713084876537e-03 4.575644154102e-03 3.529099281877e-03 3.485909895971e-03 6.954341661185e-03 6.688100099564e-02 7.832165062428e-02 8.121675252914e-02 6.604664027691e-02 6.683591008186e-02 4.877839982510e-02 3.705797716975e-02 2.859498187900e-02 1.722040213645e-02 4.460272565484e-02 8.898064494133e-02 1.554056853056e-01 1.584121286869e-01 1.728236824274e-01 9.495173394680e-02 1.252114474773e-01 1.141746342182e-01 9.787642955780e-02 8.616487681866e-02 8.759314566851e-02 6.579750776291e-02 6.457496434450e-02 7.773030549288e-02 7.641208171844e-02 7.002732902765e-02 7.270811498165e-02 7.627039402723e-02 7.140751928091e-02
8.991962298751e-03 8.676563389599e-03 6.033233366907e-03 6.407731678337e-03 6.514939013869e-03 9.549135342240e-03 2.909537404776e-02 7.888752222061e-02 7.522701472044e-02 1.681645400822e-02 6.920801009983e-03 3.918923437595e-03 2.785665448755e-03 2.537776250392e-03 2.594200894237e-03 3.248017281294e-03 4.477595444769e-03 6.096603814512e-03 7.912921719253e-03 9.761980734766e-03 1.149803213775e-02 1.350638642907e-02 9.081224910915e-03 9.125947020948e-03 2.189004234970e-02 1.018318012357e-01 1.754347532988e-01 1.992339342833e-01 1.912415772676e-01 1.930321902037e-01 1.271388381720e-01 1.101115345955e-01 9.344460070133e-02 8.522401750088e-02 1.196689158678e-01 1.031477749348e-01 8.556671440601e-02 5.358902737498e-02 5.752977728844e-02 4.833678901196e-02 4.265279322863e-02 4.025610163808e-02 3.518685325980e-02
8.297577500343e-03 7.473050151020e-03 5.837926641107e-03 6.494991481304e-03 7.379008457065e-03 9.695517830551e-03 7.315921038389e-02 7.590512186289e-02 9.264405816793e-02 1.294013112783e-02 6.071895360947e-03 3.781897015870e-03 2.529181772843e-03 2.053685486317e-03 1.958907581866e-03 2.060247585177e-03 2.524399897084e-03 3.327385056764e-03 4.801597911865e-03 5.596617702395e-03 6.404246203601e-03 1.285224780440e-02 6.595311220735e-03 6.070263683796e-03 1.864785328507e-02 4.153512045741e-02 1.484582722187e-01 1.650132536888e-01 1.755027621984e-01 1.875213831663e-01 1.561605781317e-01 1.208484619856e-01 8.398128300905e-02 1.076527312398e-01 7.489477843046e-02 6.590607762337e-02 5.464971065521e-02 4.517875984311e-02 4.247496649623e-02 4.182447120547e-02 4.430615156889e-02 6.296851485968e-02 8.755815774202e-02
7.031145505607e-03 5.478905979544e-03 5.735159385949e-03 6.889931391925e-03 1.076784729958e-02 1.760191842914e-02 5.334423109889e-02 1.184701547027e-01 4.554045572877e-02 7.220892235637e-03 4.417630843818e-03 3.223103005439e-03 2.308496274054e-03 1.732416334562e-03 1.585701480508e-03 1.585566787980e-03 1.720969914459e-03 2.309992210940e-03 3.181715728715e-03 3.638903144747e-03 3.781916806474e-03 7.854231633246e-03 4.692364018410e-03 5.127081647515e-03 1.139688212425e-02 3.895103186369e-02 1.054098978639e-01 1.431407034397e-01 1.486547440290e-01 1.133828237653e-01 8.736272901297e-02 1.250876188278e-01 8.555641025305e-02 6.031458079815e-02 6.695659458637e-02 8.470287919044e-02 7.668929547071e-02 5.419776588678e-02 5.059798806906e-02 4.930752143264e-02 4.779593646526e-02 5.312403663993e-02 6.593660265207e-02
5.100599955767e-03 4.212973639369e-03 5.269318353385e-03 1.243482343853e-02 2.854752354324e-02 6.583397090435e-02 9.575399011374e-02 6.022280082107e-02 6.399671547115e-03 4.375973716378e-03 3.144606249407e-03 2.590889576823e-03 2.022345084697e-03 1.650869729929e-03 1.454199198633e-03 1.514087547548e-03 1.580719603226e-03 1.910769031383e-03 2.758362796158e-03 3.393585328013e-03 3.604103345424e-03 3.820232348517e-03 3.837878117338e-03 5.700760055333e-03 1.387159992009e-02 3.634887561202e-02 4.459918662906e-02 4.463177174330e-02 8.616127818823e-02 9.959645569324e-02 1.169931814075e-01 7.463448494673e-02 9.666183590889e-02 7.100091129541e-02 7.945398986340e-02 9.368438273668e-02 1.873614341021e-01 1.181902512908e-01 6.955182552338e-02 5.693713575602e-02 5.857091024518e-02 5.755537375808e-02 5.559313669801e-02
3.290897235274e-03 3.450706135482e-03 4.364295862615e-03 5.517039448023e-03 1.218974962831e-02 7.533370703459e-02 4.880451038480e-02 6.525480188429e-03 3.805324202403e-03 3.356105182320e-03 2.812248421833e-03 2.375411801040e-03 1.864915248007e-03 1.588469021954e-03 1.416414161213e-03 1.561709214002e-03 1.614885055460e-03 1.585197285749e-03 2.268619369715e-03 2.894913312048e-03 3.270156681538e-03 3.251383313909e-03 4.079090896994e-03 6.608875002712e-03 2.063492499292e-02 4.095680266619e-02 2.423894964159e-02 3.182454407215e-02 2.966641820967e-02 1.530506759882e-01 2.228212207556e-01 1.205158457160e-01 6.617873162031e-02 9.069978445768e-02 3.580546751618e-02 3.768100216985e-02 1.399534195662e-01 6.729205697775e-02 5.478770285845e-02 4.197538644075e-02 4.313495010138e-02 4.810125380754e-02 5.183640867472e-02
2.771116327494e-03 3.014787798747e-03 3.535350318998e-03 4.473844077438e-03 5.052483640611e-03 7.039768155664e-03 7.783167995512e-03 5.306676030159e-03 2.759331604466e-03 2.848713425919e-03 2.497548237443e-03 2.282947767526e-03 1.867664977908e-03 1.514397445135e-03 1.546520390548e-03 1.576810260303e-03 1.687549054623e-03 1.667577074841e-03 1.910999184474e-03 2.453672699630e-03 2.918478567153e-03 3.095983527601e-03 3.258481854573e-03 5.435495637357e-03 1.526267826557e-02 9.407619014382e-03 9.132422506809e-03 1.491610426456e-02 3.380971774459e-02 6.697875261307e-02 7.015314698219e-02 8.871878683567e-02 1.413459777832e-01 7.587958127260e-02 7.230219244957e-02 5.613059923053e-02 5.749507620931e-02 4.871547222137e-02 2.590743266046e-02 3.233152255416e-02 3.157877922058e-02 3.409171104431e-02 4.287692159414e-02
2.180864103138e-03 2.456638729200e-03 2.928684232756e-03 3.592938184738e-03 3.863202640787e-03 4.296859260648e-03 4.546032752842e-03 2.843936905265e-03 2.425086451694e-03 2.519531175494e-03 2.349354326725e-03 2.037699799985e-03 1.702359993942e-03 1.527662621811e-03 1.510020112619e-03 1.730164047331e-03 1.707862596959e-03 1.468259491958e-03 1.689186203294e-03 2.143706660718e-03 2.536498475820e-03 2.965376246721e-03 4.212656524032e-03 4.412629175931e-03 4.478618502617e-03 6.247011013329e-03 6.084640976042e-03 1.493831351399e-02 2.088075131178e-02 2.809813432395e-02 5.834375694394e-02 1.024116650224e-01 7.583484798670e-02 1.385228037834e-01 8.858130872250e-02 4.983029887080e-02 4.138761386275e-02 3.757221996784e-02 4.519624263048e-02 4.252445325255e-02 5.299722775817e-02 5.215274170041e-02 6.066038087010e-02
2.013114048168e-03 1.987188821658e-03 2.236845670268e-03 2.544118789956e-03 2.742731710896e-03 2.698004478589e-03 2.574292942882e-03 2.490253420547e-03 2.694217953831e-03 2.663129940629e-03 2.481022616848e-03 2.162098186091e-03 1.768925110810e-03 1.566073391587e-03 1.415191334672e-03 1.390437479131e-03 1.568913343363e-03 1.591205247678e-03 1.600382965989e-03 1.930798054673e-03 2.235199557617e-03 2.641902072355e-03 4.044530913234e-03 4.562327172607e-03 4.920091014355e-03 1.018366497010e-02 1.400207262486e-02 1.799113303423e-02 2.524475939572e-02 2.730063535273e-02 5.975791066885e-02 1.134170219302e-01 5.357849970460e-02 5.716418102384e-02 1.010731756687e-01 8.555486053228e-02 5.931854248047e-02 5.042353644967e-02 6.306174397469e-02 3.246803954244e-02 4.306508228183e-02 5.227382108569e-02 6.241401657462e-02
1.654076040722e-03 1.870667678304e-03 1.964462688193e-03 1.988608622923e-03 2.227043965831e-03 2.404091646895e-03 2.590026706457e-03 2.299307379872e-03 2.211433369666e-03 2.281544264406e-03 2.450960222632e-03 2.439642557874e-03 2.100251382217e-03 1.781137660146e-03 1.688554650173e-03 1.523350249045e-03 1.312315464020e-03 1.455480582081e-03 1.647408469580e-03 1.820318750106e-03 1.997809391469e-03 2.292400691658e-03 3.441508393735e-03 3.355313790962e-03 3.724852111191e-03 9.213166311383e-03 1.969507336617e-02 2.658136934042e-02 3.738414496183e-02 1.963519491255e-02 5.800177529454e-02 2.902848646045e-02 3.115099482238e-02 3.581018000841e-02 5.723809078336e-02 6.286865472794e-02 8.148533850908e-02 7.427164912224e-02 5.510056018829e-02 4.712429642677e-02 3.609863296151e-02 3.886378929019e-02 3.130481392145e-02
1.616033143364e-03 1.787119312212e-03 1.778298174031e-03 1.813202630728e-03 1.937583670951e-03 2.159651136026e-03 2.337508369237e-03 2.088215202093e-03 1.627424149774e-03 1.739335129969e-03 1.888546161354e-03 2.227231627330e-03 2.312884666026e-03 1.922233961523e-03 1.813624519855e-03 2.192702144384e-03 1.944069750607e-03 1.579219824634e-03 1.718928338960e-03 1.788942143321e-03 2.187493490055e-03 2.427398459986e-03 2.700428944081e-03 3.310852451250e-03 3.844140097499e-03 6.715232506394e-03 1.416265033185e-02 1.688632182777e-02 2.318310178816e-02 1.312335114926e-02 2.796017192304e-02 2.140959724784e-02 3.555571660399e-02 2.165132388473e-02 4.276245832443e-02 3.203101828694e-02 5.078022927046e-02 6.230705976486e-02 5.566103011370e-02 7.512158155441e-02 6.836332380772e-02 5.469958484173e-02 4.792469367385e-02
1.556051429361e-03 1.682611880824e-03 1.618235022761e-03 1.650786842220e-03 1.658036489971e-03 1.617937930860e-03 1.792208175175e-03 1.694474951364e-03 2.013323595747e-03 2.180678537115e-03 1.980241155252e-03 2.005554502830e-03 2.208430785686e-03 2.298790961504e-03 2.105139195919e-03 2.718425821513e-03 2.420198870823e-03 1.844557700679e-03 1.857848488726e-03 1.850732602179e-03 2.126386854798e-03 2.305444562808e-03 2.565252594650e-03 3.415938932449e-03 4.016311839223e-03 6.011535879225e-03 9.027231484652e-03 1.045536343008e-02 1.117443107069e-02 1.412599254400e-02 2.375515364110e-02 3.638887032866e-02 2.449496090412e-02 5.854417011142e-02 2.043137513101e-02 2.662863396108e-02 5.438520386815e-02 7.611817121506e-02 3.734189644456e-02 4.221687838435e-02 2.688630297780e-02 5.062512680888e-02 4.463021829724e-02
1.387470052578e-03 1.499769394286e-03 1.442309352569e-03 1.420802436769e-03 1.318885479122e-03 1.332230749540e-03 1.405837596394e-03 1.851744018495e-03 2.302373759449e-03 2.366462256759e-03 2.069441368803e-03 2.288156654686e-03 2.547427779064e-03 2.475694520399e-03 2.456825226545e-03 2.531865844503e-03 2.735561924055e-03 3.204280510545e-03 2.871170639992e-03 2.577623585239e-03 2.647155895829e-03 2.855059923604e-03 3.411319805309e-03 3.468042472377e-03 4.228606354445e-03 5.199111998081e-03 8.427898399532e-03 8.518920280039e-03 1.534008234739e-02 3.099942766130e-02 3.848869726062e-02 1.958885230124e-02 1.967255584896e-02 5.948489159346e-02 3.143119066954e-02 3.867188096046e-02 3.429381176829e-02 4.448037967086e-02 3.248864039779e-02 1.243545487523e-02 1.184111088514e-02 1.598781906068e-02 3.168724849820e-02
1.280186348595e-03 1.281673670746e-03 1.269910717383e-03 1.252901274711e-03 1.287522492930e-03 1.363001530990e-03 1.447955495678e-03 1.727824565023e-03 1.937816850841e-03 1.850353088230e-03 2.173491287977e-03 2.337914425880e-03 2.268014708534e-03 2.382649807259e-03 3.252935130149e-03 4.529525525868e-03 5.143755581230e-03 6.522433366627e-03 6.511285901070e-03 7.015974260867e-03 5.001151002944e-03 4.783669952303e-03 5.546874832362e-03 4.644861444831e-03 5.294218659401e-03 7.317224051803e-03 2.203181944788e-02 2.056426741183e-02 1.987522840500e-02 2.677409164608e-02 1.500470098108e-02 1.581377908587e-02 2.125597558916e-02 1.213601790369e-02 6.576675921679e-02 9.159424901009e-02 8.177962154150e-02 1.896164752543e-02 8.966211229563e-03 7.408309727907e-03 7.240416947752e-03 8.562139235437e-03 9.044963866472e-03
1.189992995933e-03 1.234413939528e-03 1.184543478303e-03 1.275772578083e-03 1.370202633552e-03 1.567875966430e-03 1.568244304508e-03 1.816030009650e-03 1.988965319470e-03 2.317069098353e-03 2.394404960796e-03 2.841490320861e-03 2.975693438202e-03 2.747766906396e-03 6.697448436171e-03 2.403756417334e-02 1.899743452668e-02 1.124582905322e-02 1.263026334345e-02 1.574594527483e-02 1.163925044239e-02 6.139623001218e-03 7.143923547119e-03 8.955217897892e-03 8.683057501912e-03 1.618555560708e-02 2.277844958007e-02 2.023870684206e-02 1.644273288548e-02 1.486701518297e-02 1.686918362975e-02 1.577775739133e-02 1.189808174968e-02 9.912449866533e-03 1.685203798115e-02 7.738817483187e-02 8.063425123692e-02 1.663526892662e-02 5.922099575400e-03 6.034148856997e-03 5.431748926640e-03 5.219517275691e-03 8.584135212004e-03
1.193354488350e-03 1.285631209612e-03 1.626035431400e-03 1.817386015318e-03 1.670627156273e-03 2.768678357825e-03 3.254791256040e-03 3.307620063424e-03 2.797669265419e-03 2.741795498878e-03 3.000670811161e-03 3.769251983613e-03 3.752843244001e-03 1.388056389987e-02 9.813255071640e-02 1.236150935292e-01 5.769619345665e-02 3.275958821177e-02 2.618353813887e-02 2.056231722236e-02 9.836699813604e-03 9.726534597576e-03 2.127332240343e-02 4.538059979677e-02 3.721333667636e-02 1.984284259379e-02 2.314804494381e-02 1.879283599555e-02 1.995202153921e-02 1.385716348886e-02 3.435746952891e-02 1.373366545886e-02 1.052008382976e-02 7.438099011779e-03 4.940507467836e-03 1.594883389771e-02 1.760393008590e-02 4.309152252972e-03 2.896740566939e-03 3.409431548789e-03 4.216171801090e-03 4.713893402368e-03 4.408008418977e-03
1.462431042455e-03 2.301085740328e-03 3.137182211503e-03 3.408815711737e-03 4.400726873428e-03 5.849722772837e-03 5.746756214648e-03 5.068982485682e-03 4.358271602541e-03 3.361277282238e-03 4.050811752677e-03 4.474657122046e-03 2.492475695908e-02 1.374978423119e-01 1.881010234356e-01 6.559279561043e-02 2.061806432903e-02 1.260089408606e-02 1.283808797598e-02 1.120443455875e-02 1.078451611102e-02 2.456221356988e-02 4.839004576206e-02 6.441301107407e-02 5.181969329715e-02 2.665960602462e-02 1.835495419800e-02 1.351365819573e-02 1.221544295549e-02 1.088869944215e-02 1.475868746638e-02 6.751100067049e-03 7.638564333320e-03 6.194238085300e-03 3.892483189702e-03 2.308157971129e-03 1.905741053633e-03 1.853440888226e-03 1.947753014974e-03 2.426279941574e-03 3.258217358962e-03 4.121122881770e-03 4.216392058879e-03
2.423240337521e-03 3.624009201303e-03 4.814417567104e-03 6.472743581980e-03 1.252806466073e-02 1.241718232632e-02 1.736571639776e-02 1.252770237625e-02 1.424283627421e-02 8.461290039122e-03 4.740382079035e-03 3.249465674162e-02 1.309397518635e-01 1.303372085094e-01 3.409352898598e-02 1.025763619691e-02 1.902424544096e-02 2.513954043388e-02 1.776404492557e-02 2.066682651639e-02 2.500043436885e-02 2.515892684460e-02 3.660858795047e-02 2.988345362246e-02 2.026480250061e-02 1.577476970851e-02 9.831076487899e-03 3.824482439086e-03 3.912096377462e-03 3.879807423800e-03 4.969298373908e-03 3.635657485574e-03 3.205942921340e-03 2.215296728536e-03 2.265921095386e-03 2.308733761311e-03 2.384085906669e-03 2.503748517483e-03 2.664027735591e-03 2.869657473639e-03 2.901887288317e-03 3.458981635049e-03 4.391856957227e-03
