VariationalSeries/SI/f161.grd
DSAA
101	101
32.816463539100	34.260883539100
35.556306596100	36.727886596100
1.960868394235e-05	3.216528415680e+00
[rows 76 to 94 of 101, columns 43 to 85 of 101]
4.962990526110e-03 4.231332335621e-03 7.711456157267e-03 1.950608380139e-02 2.082994952798e-02 4.153386503458e-02 6.629724055529e-02 7.453916221857e-02 4.615123197436e-02 1.291296631098e-02 4.653175547719e-02 1.043384894729e-01 7.795341312885e-02 2.047014795244e-02 9.135380387306e-03 1.295464392751e-02 1.375318970531e-02 7.085833232850e-03 6.616286933422e-03 8.235041983426e-03 3.022790886462e-02 6.901769340038e-02 1.622710004449e-02 1.096669118851e-02 7.967747747898e-03 5.341614130884e-03 2.709920052439e-03 2.329966984689e-03 2.270682016388e-03 2.141886856407e-03 2.036123769358e-03 2.121777972206e-03 2.233731327578e-03 2.369675086811e-03 2.393491566181e-03 2.227809512988e-03 2.043964341283e-03 1.911345287226e-03 1.818692311645e-03 1.763799577020e-03 1.965004950762e-03 3.019958036020e-03 4.117085132748e-03
8.074554614723e-03 1.089284569025e-02 1.392690092325e-02 1.457027997822e-02 1.990813203156e-02 2.756683528423e-02 3.560655936599e-02 3.333125263453e-02 5.347840860486e-02 7.810141146183e-02 7.740050554276e-02 3.710152581334e-02 2.654528431594e-02 2.340897358954e-02 1.510222442448e-02 1.620532199740e-02 4.510328639299e-03 2.742713782936e-03 3.370797727257e-03 3.774086246267e-03 2.857589162886e-03 3.422501031309e-03 5.426849704236e-03 5.457750521600e-03 4.953210707754e-03 3.037933027372e-03 1.478166435845e-03 1.327523379587e-03 1.554954214953e-03 1.791400602087e-03 1.910697668791e-03 1.952249091119e-03 1.941581256688e-03 1.856571529061e-03 1.614831387997e-03 1.296190195717e-03 1.037222798914e-03 1.026166020893e-03 1.087421784177e-03 1.266027917154e-03 1.594272791408e-03 2.719276351854e-03 3.636129433289e-03
1.710074953735e-02 2.582438476384e-02 1.711054518819e-02 8.004908449948e-03 9.375255554914e-03 3.398907557130e-02 9.531603753567e-02 1.268478333950e-01 9.490992128849e-02 4.679657891393e-02 2.541520819068e-02 1.640636101365e-02 1.171115506440e-02 1.891146786511e-02 1.595659740269e-02 5.903732031584e-03 1.959122251719e-03 1.781706465408e-03 1.856281654909e-03 2.518041757867e-03 1.877416856587e-03 1.709894859232e-03 1.979610417038e-03 2.231617690995e-03 2.022109227255e-03 1.849482883699e-03 1.497038174421e-03 1.558168209158e-03 1.311153871939e-03 1.500412123278e-03 1.570633379743e-03 1.463709748350e-03 1.396606443450e-03 1.349114929326e-03 9.489037911408e-04 9.179752087221e-04 9.751609177329e-04 9.715681080706e-04 9.514503763057e-04 1.006740960293e-03 1.231300295331e-03 2.362044062465e-03 3.462616587058e-03
2.432294562459e-02 2.833696454763e-02 9.570929221809e-03 9.951124899089e-03 3.491519764066e-02 6.248767673969e-02 6.440069526434e-02 5.512198433280e-02 4.653653129935e-02 2.200779691339e-02 1.955873146653e-02 2.362809143960e-02 1.457689609379e-02 9.307871572673e-03 4.007019102573e-03 2.174110384658e-03 1.375886960886e-03 1.301467651501e-03 1.250834087841e-03 1.577691407874e-03 1.403766218573e-03 1.404933980666e-03 1.307321246713e-03 1.289751147851e-03 1.251689624041e-03 1.277916016988e-03 1.235144445673e-03 1.256010378711e-03 1.351363142021e-03 1.294675166719e-03 1.311623607762e-03 1.080531161278e-03 1.193585805595e-03 1.252174377441e-03 9.962214389816e-04 7.614660426043e-04 9.114118292928e-04 9.699202491902e-04 9.741042740643e-04 9.572042617947e-04 9.827369358391e-04 1.269660890102e-03 2.134993672371e-03
1.062477845699e-02 1.767611317337e-02 2.548983320594e-02 3.289725258946e-02 3.594227880239e-02 2.943147160113e-02 3.347839415073e-02 4.124007001519e-02 5.881556496024e-02 2.300909347832e-02 2.378177270293e-02 1.449072919786e-02 5.859691184014e-03 2.448841929436e-03 1.695910934359e-03 1.382744987495e-03 1.240089535713e-03 1.118151005358e-03 1.024836092256e-03 9.638184565119e-04 1.071616541594e-03 8.317450992763e-04 8.430104353465e-04 8.400714141317e-04 8.851320599206e-04 9.297540527768e-04 9.383626165800e-04 8.596052648500e-04 7.383427000605e-04 8.861278183758e-04 8.617665152997e-04 8.367830305360e-04 9.389905026183e-04 1.044006436132e-03 9.601486381143e-04 7.521875668317e-04 8.467368315905e-04 9.509385563433e-04 9.765941649675e-04 9.900555014610e-04 1.148129464127e-03 1.378174521960e-03 1.735491678119e-03
1.171265076846e-02 3.561042994261e-02 6.600663810968e-02 3.884441033006e-02 2.495249360800e-02 4.326058924198e-02 5.764258652925e-02 7.757400721312e-02 3.799335286021e-02 1.954600214958e-02 9.279825724661e-03 5.398209206760e-03 2.250198973343e-03 1.441411441192e-03 1.016690046526e-03 8.591367513873e-04 7.890974520706e-04 7.336882408708e-04 7.534956093878e-04 8.028800948523e-04 8.225626079366e-04 7.621218683198e-04 7.441710331477e-04 7.981932722032e-04 9.537716978230e-04 1.111133955419e-03 1.215413562022e-03 1.181403757073e-03 9.332223562524e-04 7.210848270915e-04 7.160996319726e-04 6.608880357817e-04 6.701382226311e-04 8.380585350096e-04 8.679080056027e-04 8.089609909803e-04 7.699802517891e-04 9.021779405884e-04 9.525180212222e-04 9.621450444683e-04 1.101134577766e-03 1.525541534647e-03 2.064432017505e-03
2.200472354889e-02 6.901056319475e-02 5.294366553426e-02 4.287588223815e-02 4.702796041965e-02 4.499844089150e-02 3.148905932903e-02 3.064794652164e-02 2.399269863963e-02 1.228673756123e-02 4.519492853433e-03 2.822432667017e-03 1.497558667324e-03 9.624837548472e-04 7.656008820049e-04 6.320461397991e-04 6.304574781097e-04 6.733035552315e-04 6.576688028872e-04 6.369755719788e-04 6.921613821760e-04 7.073869346641e-04 6.896245176904e-04 6.914248224348e-04 8.693723357283e-04 1.067468547262e-03 1.212386414409e-03 1.209571491927e-03 9.823282016441e-04 6.658470956609e-04 6.958147860132e-04 7.204847061075e-04 5.891566397622e-04 6.164686637931e-04 7.356799906120e-04 8.216763962992e-04 8.301493362524e-04 8.256197324954e-04 9.026193292812e-04 9.422717848793e-04 9.322594851255e-04 1.057187444530e-03 1.339461654425e-03
2.954859659076e-02 5.010902881622e-02 2.982704900205e-02 1.820146851242e-02 1.215036865324e-02 1.496659498662e-02 1.318209245801e-02 1.574429497123e-02 1.323160901666e-02 4.606200382113e-03 3.283521160483e-03 1.964311581105e-03 1.588490093127e-03 1.178638893180e-03 7.346668280661e-04 5.962961004116e-04 6.482586613856e-04 6.538165034726e-04 5.952452775091e-04 5.707532400265e-04 6.623725057580e-04 7.256233366206e-04 7.595010683872e-04 7.329953368753e-04 6.782807176933e-04 8.107592584565e-04 9.050820372067e-04 8.972205687314e-04 7.417203742079e-04 5.985839525238e-04 6.183313089423e-04 6.786481244490e-04 6.476462003775e-04 5.475407233462e-04 5.631688982248e-04 6.714286282659e-04 7.464995142072e-04 7.322807796299e-04 8.333063451573e-04 9.050266235135e-04 9.219108032994e-04 9.688537102193e-04 1.086792675778e-03
4.222372174263e-02 3.480326011777e-02 1.126502174884e-02 8.545986376703e-03 9.065534919500e-03 5.441874265671e-03 7.781265303493e-03 1.254110597074e-02 8.354286663234e-03 4.058561753482e-03 3.088469849899e-03 1.703603309579e-03 1.660341746174e-03 1.574087771587e-03 9.844586020336e-04 7.768832729198e-04 6.594900623895e-04 6.288322038017e-04 5.421024980024e-04 5.501279374585e-04 6.658938364126e-04 7.987479330041e-04 8.783190860413e-04 8.205368649215e-04 7.009079563431e-04 6.013031816110e-04 6.454564281739e-04 6.894231191836e-04 6.915981648490e-04 7.398534216918e-04 6.649445858784e-04 6.162564386614e-04 6.220572395250e-04 5.643313052133e-04 5.464508431032e-04 6.564068025909e-04 7.176790386438e-04 6.990491528995e-04 7.503685774282e-04 8.442230173387e-04 8.852450991981e-04 9.886629413813e-04 1.248574000783e-03
6.674012541771e-02 2.931505255401e-02 5.761994980276e-03 4.106932785362e-03 3.134309547022e-03 3.861917648464e-03 4.118193406612e-03 9.385116398335e-03 9.509369730949e-03 5.798173602670e-03 2.890894422308e-03 1.651638653129e-03 1.429377356544e-03 1.494011841714e-03 1.225759275258e-03 7.535156910308e-04 6.527469377033e-04 6.045626942068e-04 5.021877586842e-04 5.437726504169e-04 6.813797517680e-04 8.896525832824e-04 9.703706600703e-04 8.619319996797e-04 7.240384002216e-04 6.377910613082e-04 6.665217806585e-04 7.425936637446e-04 7.763348403387e-04 7.741801673546e-04 7.172019686550e-04 5.969107151031e-04 6.848486373201e-04 5.658068112098e-04 5.321788485162e-04 5.778664490208e-04 7.263891748153e-04 7.997513166629e-04 8.520208648406e-04 9.684278629720e-04 1.112120342441e-03 1.154441153631e-03 1.121950685047e-03
5.728546902537e-02 1.769032888114e-02 4.385002888739e-03 2.468610182405e-03 2.259189030156e-03 2.621975727379e-03 4.846980795264e-03 6.204343866557e-03 7.462011650205e-03 5.207615904510e-03 3.423068439588e-03 1.918449648656e-03 1.255487441085e-03 1.080044079572e-03 1.034262822941e-03 8.735543233342e-04 7.569516892545e-04 8.319257758558e-04 6.944214692339e-04 6.002436857671e-04 7.484799134545e-04 9.994475403801e-04 1.040494069457e-03 8.741433266550e-04 7.423825445585e-04 6.766009610146e-04 6.961246835999e-04 7.820951868780e-04 8.462307159789e-04 7.910940330476e-04 7.077835034579e-04 5.855869967490e-04 6.986457156017e-04 5.398889770731e-04 5.206986679696e-04 5.019082454965e-04 5.457446677610e-04 7.189735770226e-04 9.159345645458e-04 1.179338200018e-03 1.439799787477e-03 1.542282872833e-03 1.559453085065e-03
3.014848381281e-02 5.564881488681e-03 2.614233642817e-03 2.273665042594e-03 1.900939620100e-03 1.935138483532e-03 3.126035910100e-03 1.732004107907e-03 4.531877581030e-03 6.848949939013e-03 4.873275291175e-03 3.708985634148e-03 1.853116904385e-03 1.139668282121e-03 9.737045620568e-04 9.821968851611e-04 1.041752519086e-03 9.368693572469e-04 8.193220128305e-04 7.321112789214e-04 8.948561153375e-04 1.099051674828e-03 1.058373716660e-03 8.914179634303e-04 7.957518682815e-04 7.488788105547e-04 7.455043378286e-04 8.211201056838e-04 8.947884780355e-04 8.595636463724e-04 7.200260879472e-04 5.748292896897e-04 6.594078731723e-04 5.975462263450e-04 5.166346090846e-04 5.136505933478e-04 4.949354333803e-04 5.174464895390e-04 6.623254157603e-04 1.012510037981e-03 1.382576068863e-03 1.611741958186e-03 1.743040396832e-03
8.157785050571e-03 3.168700030074e-03 2.051946707070e-03 1.962016336620e-03 1.529571483843e-03 1.389584038407e-03 1.404483919032e-03 1.315512578003e-03 1.648535369895e-03 5.649897735566e-03 6.261989008635e-03 9.181750938296e-03 5.876356270164e-03 2.111618407071e-03 1.310214051045e-03 1.092269667424e-03 1.172654097900e-03 1.388836419210e-03 1.292368629947e-03 1.031778054312e-03 1.019467483275e-03 1.142022432759e-03 1.026893733069e-03 8.865313138813e-04 8.344926754944e-04 8.264498319477e-04 8.423572289757e-04 8.393460884690e-04 9.161817724817e-04 9.235567413270e-04 7.984057883732e-04 6.166503881104e-04 6.185256643221e-04 6.190459826030e-04 5.771219730377e-04 5.911974585615e-04 5.854066694155e-04 5.752066499554e-04 5.677083390765e-04 5.827177083120e-04 7.868767133914e-04 1.047706580721e-03 1.234989729710e-03
2.919988241047e-03 1.825400628150e-03 1.838780008256e-03 1.602672855370e-03 1.304688281380e-03 1.183967455290e-03 1.022423966788e-03 1.022123615257e-03 1.210485468619e-03 2.341516781598e-03 9.363129734993e-03 2.298874408007e-02 1.577430032194e-02 5.029206164181e-03 2.210597507656e-03 1.372561673634e-03 1.217604498379e-03 1.461934647523e-03 1.413894235156e-03 1.505358028226e-03 1.448750728741e-03 1.194274052978e-03 1.068262266926e-03 9.585355292074e-04 9.293038747273e-04 9.362421697006e-04 9.346328442916e-04 9.105296339840e-04 9.192665456794e-04 9.736546198837e-04 8.825804106891e-04 6.455478724092e-04 6.028558127582e-04 5.945935845375e-04 6.227639387362e-04 6.685468251817e-04 6.997176678851e-04 7.094257744029e-04 7.034588488750e-04 6.779293762520e-04 6.795945228077e-04 7.150394958444e-04 7.379560265690e-04
2.634569071233e-03 1.504775253125e-03 1.636687549762e-03 1.251334557310e-03 1.020266674459e-03 9.581022313796e-04 8.314563310705e-04 8.669642265886e-04 8.736181771383e-04 1.624529832043e-03 7.093236781657e-03 1.913248747587e-02 1.727809943259e-02 1.113188359886e-02 2.699082484469e-03 1.490603433922e-03 1.134624355473e-03 1.635567517951e-03 1.941451220773e-03 1.820890232921e-03 1.489092130214e-03 1.164865563624e-03 1.153322053142e-03 1.084825140424e-03 1.048469217494e-03 1.024340046570e-03 9.806654416025e-04 8.947472670116e-04 9.285564301535e-04 9.847754845396e-04 8.698497549631e-04 6.788832833990e-04 7.030812557787e-04 6.806802703068e-04 6.456880364567e-04 6.248009158298e-04 6.675241747871e-04 6.932193646207e-04 6.859788554721e-04 6.418824195862e-04 7.121167727746e-04 8.405926637352e-04 9.318814263679e-04
3.248224966228e-03 1.705821487121e-03 1.436029560864e-03 1.110190176405e-03 8.300481131300e-04 7.833280833438e-04 7.996748900041e-04 7.855588337407e-04 7.905663223937e-04 1.015980262309e-03 2.693595830351e-03 9.815983474255e-03 3.566213324666e-02 2.751649729908e-02 4.614580422640e-03 1.741803134792e-03 1.920263399370e-03 2.048531314358e-03 1.821435522288e-03 1.449511619285e-03 1.177449943498e-03 1.201608334668e-03 1.273649861105e-03 1.233440358192e-03 1.149625401013e-03 1.043209689669e-03 9.027408668771e-04 8.182738092728e-04 9.621037170291e-04 9.924476034939e-04 9.003000450321e-04 1.000258256681e-03 1.003001583740e-03 9.489164804108e-04 8.538222173229e-04 6.643020315096e-04 5.570951034315e-04 5.530850612558e-04 5.684102652594e-04 6.109183304943e-04 7.176652434282e-04 8.941978449002e-04 1.107531366870e-03
3.439491381869e-03 1.937430235557e-03 1.453103264794e-03 9.686774574220e-04 7.269717170857e-04 7.624906720594e-04 7.527602137998e-04 7.657181122340e-04 6.890512304381e-04 7.772434619255e-04 1.522044301964e-03 4.994641523808e-03 1.733063720167e-02 1.527261547744e-02 5.100430455059e-03 2.902646549046e-03 2.385674044490e-03 1.851015142165e-03 1.425975700840e-03 1.141808112152e-03 1.137495390140e-03 1.213477808051e-03 1.290079904720e-03 1.226932858117e-03 1.059944508597e-03 8.600971777923e-04 7.045943057165e-04 7.695823442191e-04 9.695315384306e-04 1.022168435156e-03 1.067121629603e-03 1.172666903585e-03 1.164620509371e-03 1.085189986043e-03 9.229273418896e-04 6.928770453669e-04 7.097701309249e-04 7.367625948973e-04 7.802678737789e-04 8.172535453923e-04 8.272790000774e-04 9.203700465150e-04 1.187188900076e-03
3.215354867280e-03 1.732567208819e-03 1.222289865837e-03 7.605346036144e-04 6.980338948779e-04 7.529528811574e-04 7.271002978086e-04 6.285523413680e-04 4.988946602680e-04 7.008591201156e-04 1.294496003538e-03 2.210844308138e-03 6.114894058555e-03 7.260011509061e-03 5.255547352135e-03 3.217941382900e-03 2.034973120317e-03 1.446152105927e-03 1.340338028967e-03 1.301456009969e-03 1.171793905087e-03 1.107889576815e-03 1.071535283700e-03 9.415179956704e-04 7.429073448293e-04 6.564171635546e-04 6.484521436505e-04 6.946357898414e-04 9.054910624400e-04 1.015511574224e-03 7.556021446362e-04 8.244378259405e-04 8.248471422121e-04 7.716269465163e-04 7.488207775168e-04 8.183694444597e-04 8.843643008731e-04 9.716864442453e-04 1.066702650860e-03 1.120133092627e-03 1.099740387872e-03 1.024576602504e-03 1.165276742540e-03
2.872602082789e-03 1.281045842916e-03 8.781660581008e-04 5.447814473882e-04 6.534958374687e-04 7.251269998960e-04 6.944580818526e-04 5.727426032536e-04 4.225124721415e-04 6.307237781584e-04 1.163113396615e-03 1.800151774660e-03 4.254945553839e-03 5.454225465655e-03 4.238238092512e-03 2.509194426239e-03 1.553404377773e-03 1.441810280085e-03 1.418504049070e-03 1.189073198475e-03 9.452956146561e-04 7.895517628640e-04 6.908880313858e-04 5.790426512249e-04 5.368404672481e-04 5.288358079270e-04 5.316499155015e-04 5.912622436881e-04 7.897506002337e-04 9.263171814382e-04 7.193079800345e-04 5.645216442645e-04 5.405202391557e-04 6.906668422744e-04 8.170090150088e-04 9.278682409786e-04 1.056247740053e-03 1.215910655446e-03 1.365570467897e-03 1.426326227374e-03 1.356520690024e-03 1.195941353217e-03 1.148830517195e-03
