VariationalSeries/SI/f162.grd
DSAA
101	101
32.816463539100	34.260883539100
35.556306596100	36.727886596100
1.833692294895e-05	3.001447200775e+00
[rows 38 to 56 of 101, columns 43 to 85 of 101]
1.834257394075e-01 2.848627269268e-01 3.051297366619e-01 1.802568137646e-01 3.032181560993e-01 1.490295231342e-01 1.527986526489e-01 2.052591741085e-01 1.757736355066e-01 1.407247334719e-01 2.078049778938e-01 1.081150248647e-01 1.188795715570e-01 1.005230620503e-01 1.561399400234e-01 1.136031970382e-01 1.228851824999e-01 6.967520713806e-02 9.540272504091e-02 1.447527855635e-01 1.475014537573e-01 1.130502671003e-01 7.795892655849e-02 6.168142333627e-02 5.306309089065e-02 4.797028750181e-02 4.456036910415e-02 4.561145231128e-02 4.055849835277e-02 3.045380301774e-02 3.021485731006e-02 3.577000275254e-02 4.088526964188e-02 4.204929620028e-02 4.264503717422e-02 4.273581504822e-02 4.208679124713e-02 3.887411579490e-02 3.453141078353e-02 3.079170547426e-02 2.776171267033e-02 2.786357142031e-02 2.357908524573e-02
1.831816434860e-01 3.783960938454e-01 2.446401417255e-01 3.413631618023e-01 2.455321252346e-01 3.468726277351e-01 2.919079065323e-01 1.803920567036e-01 1.827909946442e-01 1.465409696102e-01 2.359503060579e-01 1.529792547226e-01 9.892909228802e-02 1.139367818832e-01 2.074933797121e-01 1.234291344881e-01 1.415580064058e-01 2.211732715368e-01 1.982341557741e-01 1.342963874340e-01 9.062483161688e-02 6.155530735850e-02 5.625716224313e-02 5.069505423307e-02 5.104461684823e-02 4.879509285092e-02 4.277697578073e-02 3.732289746404e-02 3.368086740375e-02 3.362774103880e-02 3.692463040352e-02 3.469393774867e-02 2.848813682795e-02 2.413424476981e-02 2.332820370793e-02 2.012853696942e-02 2.155162952840e-02 2.367768809199e-02 2.605673484504e-02 2.884910069406e-02 3.124699369073e-02 4.088962823153e-02 4.217785596848e-02
2.690723538399e-01 1.887349039316e-01 3.330603837967e-01 2.632933259010e-01 2.805033624172e-01 3.657889664173e-01 2.226874381304e-01 2.019932866096e-01 1.448039412498e-01 1.502366214991e-01 2.525534033775e-01 1.370985955000e-01 1.404899209738e-01 1.380513906479e-01 1.683425754309e-01 2.718984782696e-01 1.855031847954e-01 9.595771878958e-02 8.964240550995e-02 5.950594693422e-02 4.510414227843e-02 6.516157090664e-02 8.554495126009e-02 7.691927254200e-02 5.541970208287e-02 4.826317727566e-02 4.719176143408e-02 4.351634904742e-02 3.759177029133e-02 3.495793417096e-02 3.288786858320e-02 3.336444124579e-02 3.192855790257e-02 2.969189733267e-02 2.895168587565e-02 3.043416514993e-02 3.003285638988e-02 2.726983278990e-02 3.610600531101e-02 4.921942576766e-02 4.045375809073e-02 3.027966432273e-02 2.619465813041e-02
2.973996400833e-01 2.737157940865e-01 4.345626831055e-01 3.630769848824e-01 3.431934416294e-01 3.785465061665e-01 3.564535975456e-01 1.963484883308e-01 2.211477458477e-01 2.104211449623e-01 2.481776773930e-01 1.949200332165e-01 1.803281009197e-01 3.082636594772e-01 1.987362802029e-01 1.468028575182e-01 1.247954368591e-01 1.010556668043e-01 7.433556020260e-02 1.198898702860e-01 1.292374879122e-01 6.793003529310e-02 1.070874482393e-01 8.160009980202e-02 7.344866544008e-02 6.477193534374e-02 5.719926580787e-02 5.114554241300e-02 4.606598988175e-02 4.418629780412e-02 8.267121762037e-02 3.513409569860e-02 3.343113139272e-02 3.164898976684e-02 4.025353118777e-02 5.022526532412e-02 4.572966694832e-02 5.231926217675e-02 4.457345232368e-02 4.886230826378e-02 4.929181188345e-02 4.820114001632e-02 4.425256699324e-02
2.834491133690e-01 3.943967819214e-01 3.408299386501e-01 3.377312421799e-01 3.143436610699e-01 3.973324894905e-01 6.267846226692e-01 2.712498903275e-01 3.150838911533e-01 3.153246641159e-01 2.865327894688e-01 2.869551181793e-01 3.289512991905e-01 1.865692585707e-01 2.027842253447e-01 1.144516319036e-01 1.540309041739e-01 2.061767578125e-01 1.622646003962e-01 1.556143611670e-01 1.618682295084e-01 1.090720146894e-01 6.752035021782e-02 6.551960855722e-02 6.074735522270e-02 5.688957497478e-02 6.935454905033e-02 1.198991462588e-01 1.438733190298e-01 1.275720596313e-01 6.295159459114e-02 4.555051773787e-02 4.323863238096e-02 4.715593159199e-02 5.889179557562e-02 6.039102002978e-02 5.475611984730e-02 4.903034493327e-02 3.650206327438e-02 4.539661481977e-02 5.422653257847e-02 5.412590876222e-02 5.205667391419e-02
3.374076783657e-01 4.885353446007e-01 8.095263242722e-01 4.964757263660e-01 7.980266809464e-01 4.114173054695e-01 9.817839860916e-01 2.816320061684e-01 5.443497300148e-01 3.939750492573e-01 3.436785042286e-01 3.373968899250e-01 1.903808116913e-01 2.325951904058e-01 2.619794607162e-01 2.561822831631e-01 1.586746424437e-01 9.450038522482e-02 2.029744982719e-01 1.755918860435e-01 9.619855135679e-02 8.786869794130e-02 8.281137794256e-02 1.507869064808e-01 1.853886246681e-01 1.637848466635e-01 1.078702956438e-01 7.781152427197e-02 8.456789702177e-02 5.358238518238e-02 4.274820163846e-02 6.411087512970e-02 7.969642430544e-02 7.151923328638e-02 6.318126618862e-02 8.523166924715e-02 1.009654775262e-01 9.029014408588e-02 6.474936753511e-02 4.727225378156e-02 5.906359106302e-02 6.486534327269e-02 6.841667741537e-02
4.149649441242e-01 5.241343379021e-01 6.162551045418e-01 8.215484619141e-01 6.855427026749e-01 6.960179805756e-01 1.151712775230e+00 4.562573730946e-01 5.323352813721e-01 4.188930094242e-01 4.217145740986e-01 2.442769408226e-01 2.629514932632e-01 3.286743760109e-01 2.568706274033e-01 1.833510696888e-01 2.653035223484e-01 2.463754117489e-01 1.944739222527e-01 2.460965365171e-01 2.491140067577e-01 2.159791737795e-01 1.544843763113e-01 8.462468534708e-02 9.298676997423e-02 8.391526341438e-02 6.662479043007e-02 6.874191761017e-02 7.397016137838e-02 7.949260622263e-02 7.740439474583e-02 6.605388224125e-02 6.349266320467e-02 5.335152149200e-02 9.717062115669e-02 1.187393143773e-01 1.113360226154e-01 8.202384412289e-02 4.970766976476e-02 3.014487400651e-02 4.231506586075e-02 4.860837757587e-02 4.475918784738e-02
3.950693905354e-01 5.790855288506e-01 6.868920326233e-01 6.552944183350e-01 9.769797325134e-01 7.297196388245e-01 1.173775434494e+00 6.456598043442e-01 5.534180998802e-01 6.136061549187e-01 4.695788025856e-01 3.084951341152e-01 3.069692850113e-01 3.265765011311e-01 1.894133239985e-01 2.801639735699e-01 3.614622056484e-01 2.497700601816e-01 1.479653120041e-01 1.464499235153e-01 1.292092353106e-01 1.003704965115e-01 9.672023355961e-02 1.068175956607e-01 1.068559885025e-01 9.439233690500e-02 8.154457062483e-02 7.930863648653e-02 6.618308275938e-02 7.329974323511e-02 6.994071602821e-02 6.384833157063e-02 4.424326121807e-02 8.110699802637e-02 9.676265716553e-02 9.174609184265e-02 6.409849226475e-02 3.444196283817e-02 4.742882773280e-02 4.459552466869e-02 3.333449363708e-02 3.182564675808e-02 3.440367057920e-02
5.854945182800e-01 8.168725967407e-01 8.344827890396e-01 9.104883670807e-01 9.893237352371e-01 1.248154520988e+00 1.176796555519e+00 2.285966157913e+00 8.422065377235e-01 5.326870679855e-01 4.953696429729e-01 4.416790306568e-01 3.739424645901e-01 5.714365243912e-01 4.996143281460e-01 2.920860946178e-01 2.694307565689e-01 2.796854674816e-01 2.047540992498e-01 1.812382191420e-01 1.795329749584e-01 1.707514524460e-01 1.827188432217e-01 1.362270712852e-01 1.756406128407e-01 1.554180979729e-01 9.748736768961e-02 8.874464035034e-02 9.001181274652e-02 8.406963199377e-02 7.177975028753e-02 6.939648091793e-02 7.223483175039e-02 8.316121995449e-02 7.732702046633e-02 5.935379490256e-02 4.527522251010e-02 4.103127121925e-02 3.999490290880e-02 3.956615924835e-02 3.868524357677e-02 3.727355971932e-02 3.581532835960e-02
3.706706464291e-01 1.082327842712e+00 7.476305365562e-01 9.280211925507e-01 1.472166061401e+00 1.171032905579e+00 1.387479424477e+00 1.672228217125e+00 8.219748735428e-01 7.776181101799e-01 9.897065162659e-01 6.298289299011e-01 7.813883423805e-01 6.050543189049e-01 5.060844421387e-01 4.412087500095e-01 3.749468624592e-01 3.244223296642e-01 2.863650918007e-01 4.025079011917e-01 4.705181419849e-01 1.960317343473e-01 1.266683936119e-01 1.290530711412e-01 1.814369112253e-01 1.145596206188e-01 9.905225038528e-02 9.409388154745e-02 8.689126372337e-02 8.267244696617e-02 7.938563823700e-02 8.210585266352e-02 8.689378201962e-02 7.430552691221e-02 5.688512325287e-02 5.315270274878e-02 5.033640936017e-02 4.136320948601e-02 4.091639444232e-02 4.080872610211e-02 3.765953332186e-02 3.858891129494e-02 4.053280130029e-02
9.973228573799e-01 1.169926643372e+00 1.334149003029e+00 1.407467126846e+00 1.639391064644e+00 2.260505676270e+00 3.001447200775e+00 1.386325955391e+00 1.119205236435e+00 7.846015095711e-01 1.115761637688e+00 1.109163522720e+00 4.180549681187e-01 6.672794818878e-01 7.320928573608e-01 3.629933893681e-01 3.362920582294e-01 3.560692369938e-01 3.925081193447e-01 4.621106684208e-01 3.562914729118e-01 1.522267162800e-01 1.717349141836e-01 1.411275714636e-01 1.311186552048e-01 1.128147467971e-01 1.096849367023e-01 1.088538244367e-01 9.047255665064e-02 6.285269558430e-02 5.638431385159e-02 6.176828593016e-02 6.555659323931e-02 6.733491271734e-02 6.602245569229e-02 6.320403516293e-02 5.633629858494e-02 5.777075514197e-02 6.440240144730e-02 6.596134603024e-02 5.907202884555e-02 5.127579346299e-02 4.475226998329e-02
6.632811427116e-01 1.184139966965e+00 1.221158385277e+00 1.548265218735e+00 1.546263098717e+00 1.528035402298e+00 1.494982719421e+00 1.238548278809e+00 8.679509162903e-01 9.783618450165e-01 9.448997974396e-01 9.975031614304e-01 1.208021402359e+00 5.291644930840e-01 4.487020075321e-01 2.787950336933e-01 2.535179555416e-01 1.790984570980e-01 1.649707853794e-01 1.406516581774e-01 1.209090352058e-01 1.369462907314e-01 1.687705665827e-01 1.941706687212e-01 1.987026929855e-01 1.743291616440e-01 1.389927715063e-01 9.624111652374e-02 6.706894189119e-02 5.530263110995e-02 4.509288817644e-02 5.078764632344e-02 6.601186841726e-02 4.425688460469e-02 5.004569515586e-02 5.468914657831e-02 4.372264072299e-02 5.339784920216e-02 6.310786306858e-02 6.686751544476e-02 7.588535547256e-02 9.532894939184e-02 1.082376167178e-01
2.622806131840e-01 3.582881093025e-01 5.637019872665e-01 2.676287889481e+00 1.468631267548e+00 1.400492906570e+00 7.795717120171e-01 8.036907315254e-01 7.449921965599e-01 1.184078812599e+00 1.105142235756e+00 1.566457152367e+00 2.268098354340e+00 1.662499070168e+00 1.082404732704e+00 4.981520771980e-01 2.343032956123e-01 1.669196039438e-01 1.509569287300e-01 2.042243629694e-01 2.658312916756e-01 2.461607009172e-01 1.816523820162e-01 1.167276278138e-01 1.284316778183e-01 1.214597076178e-01 1.733955591917e-01 2.584595382214e-01 1.199339553714e-01 6.320352107286e-02 5.855336040258e-02 9.621390700340e-02 6.304359436035e-02 3.935356438160e-02 3.455598279834e-02 3.596097975969e-02 3.611087426543e-02 3.716861456633e-02 3.783815726638e-02 3.781357780099e-02 3.787605091929e-02 4.192252457142e-02 3.659877926111e-02
4.765722528100e-02 1.182399690151e-01 2.851802110672e-01 3.797184228897e-01 3.876587748528e-01 3.790329396725e-01 2.953440546989e-01 4.038543105125e-01 4.015385508537e-01 6.441043615341e-01 1.300019621849e+00 1.471846818924e+00 2.019663810730e+00 1.171216487885e+00 8.361890316010e-01 4.734648466110e-01 2.161667197943e-01 1.133356317878e-01 1.202388927341e-01 2.639475464821e-01 8.404669165611e-01 3.513274192810e-01 3.004397451878e-01 2.243449836969e-01 2.286136448383e-01 1.962896287441e-01 2.111803740263e-01 1.479801982641e-01 7.356828451157e-02 9.699115902185e-02 8.176824450493e-02 8.241803199053e-02 5.013615638018e-02 4.549098759890e-02 3.174900263548e-02 2.895768545568e-02 3.004246391356e-02 3.001511283219e-02 3.241722658277e-02 3.002210520208e-02 3.907772898674e-02 4.590437188745e-02 4.439415410161e-02
3.307893127203e-02 6.156051158905e-02 1.788543611765e-01 1.050039753318e-01 9.232362359762e-02 7.539244741201e-02 1.138994321227e-01 1.885241270065e-01 1.964885145426e-01 2.099450975657e-01 5.948642492294e-01 2.916142940521e+00 2.321063280106e+00 1.045096993446e+00 4.814731180668e-01 1.388641446829e-01 8.295932412148e-02 5.462342500687e-02 6.777688115835e-02 1.739272624254e-01 3.987629711628e-01 6.945986747742e-01 3.477846682072e-01 2.646346688271e-01 2.088101059198e-01 1.567337214947e-01 1.660915613174e-01 1.550230532885e-01 1.360361278057e-01 1.227709129453e-01 1.496061980724e-01 6.417653709650e-02 5.936717987061e-02 4.797303676605e-02 4.905378818512e-02 4.573924839497e-02 3.834256157279e-02 3.264560922980e-02 3.740798309445e-02 4.317814484239e-02 5.058256536722e-02 4.980108886957e-02 4.247178882360e-02
2.225309982896e-02 9.166443347931e-02 2.147962301970e-01 1.623093485832e-01 3.922588750720e-02 4.586764052510e-02 4.381054267287e-02 8.896067738533e-02 9.707853198051e-02 1.680004447699e-01 3.120785355568e-01 7.994803190231e-01 1.709449529648e+00 1.172531247139e+00 1.583783149719e+00 3.825060725212e-01 4.714380949736e-02 2.966295555234e-02 4.678739979863e-02 1.559288650751e-01 4.729572534561e-01 7.413539290428e-01 5.653762817383e-01 3.848379552364e-01 2.674668729305e-01 1.683930307627e-01 1.912618875504e-01 1.414283961058e-01 1.369155794382e-01 1.362472027540e-01 1.130604445934e-01 9.016167372465e-02 6.349918246269e-02 6.773959100246e-02 6.090417131782e-02 4.837140068412e-02 4.298345744610e-02 3.987260907888e-02 3.705387562513e-02 4.327031970024e-02 4.747219383717e-02 4.617007076740e-02 4.091079160571e-02
1.902925223112e-02 4.680006951094e-02 3.180691599846e-01 3.827912807465e-01 2.005189061165e-01 3.094299510121e-02 2.354023233056e-02 4.429516196251e-02 4.428699240088e-02 3.594245016575e-02 3.058041632175e-02 1.284455060959e-01 5.779777765274e-01 3.364390134811e-01 1.931386590004e+00 2.343781292439e-01 1.321450769901e-01 5.004205182195e-02 4.150557890534e-02 1.344060450792e-01 2.634663283825e-01 2.337328195572e+00 7.251906991005e-01 3.152913749218e-01 3.191345930099e-01 1.685208082199e-01 1.806974858046e-01 1.517870426178e-01 2.204964756966e-01 1.690911650658e-01 9.692570567131e-02 9.640575945377e-02 8.980368077755e-02 8.551947027445e-02 8.397307991982e-02 6.694920361042e-02 6.627308577299e-02 7.329101860523e-02 4.734086245298e-02 3.633477166295e-02 3.582164645195e-02 3.539325669408e-02 4.090809822083e-02
1.214307826012e-02 2.085873484612e-02 2.638199366629e-02 1.491444855928e-01 9.197045862675e-02 2.203436940908e-02 1.878715679049e-02 2.203592844307e-02 2.067765593529e-02 1.986211165786e-02 1.439591497183e-02 1.609359681606e-02 4.923992976546e-02 3.092072010040e-01 8.797365427017e-01 2.145088911057e-01 1.792413592339e-01 8.404304832220e-02 4.905204102397e-02 9.619167447090e-02 1.121528297663e-01 1.538544297218e-01 1.404168307781e-01 1.064384803176e-01 1.566720455885e-01 2.605711817741e-01 2.272867113352e-01 2.266548126936e-01 1.466791182756e-01 1.914726346731e-01 1.998267024755e-01 1.742108762264e-01 1.064320728183e-01 8.814705908298e-02 8.449773490429e-02 7.376635074615e-02 6.304471194744e-02 6.415107101202e-02 6.231124699116e-02 4.124474152923e-02 3.395259007812e-02 3.497714549303e-02 3.773098438978e-02
1.338011026382e-02 2.126122266054e-02 1.400029938668e-02 1.578433811665e-02 1.606246642768e-02 1.889665797353e-02 1.739026792347e-02 1.634896732867e-02 1.509764138609e-02 1.145771425217e-02 8.065630681813e-03 6.797233130783e-03 1.133420877159e-02 3.201464712620e-01 4.961294531822e-01 5.200554728508e-01 1.462060958147e-01 1.574202179909e-01 1.387172043324e-01 5.666396394372e-02 6.114216148853e-02 1.148469746113e-01 3.137538135052e-01 2.969562113285e-01 3.872777819633e-01 3.897734284401e-01 3.652974963188e-01 3.451164662838e-01 3.270799219608e-01 3.119239509106e-01 3.319485783577e-01 4.066884815693e-01 3.476486504078e-01 1.422906368971e-01 5.798017233610e-02 6.806019693613e-02 7.453028112650e-02 5.147093161941e-02 5.105193704367e-02 3.609295189381e-02 3.557164594531e-02 2.629649266601e-02 2.960612811148e-02
