VariationalSeries/SI/f162.grd
DSAA
101	101
32.816463539100	34.260883539100
35.556306596100	36.727886596100
1.833692294895e-05	3.001447200775e+00
[rows 19 to 37 of 101, columns 43 to 85 of 101]
2.961966395378e-02 3.649229556322e-02 4.744850099087e-02 4.835610836744e-02 3.137546777725e-02 4.822183400393e-02 2.447476796806e-02 2.552138455212e-02 2.765925601125e-02 2.805091440678e-02 2.559935115278e-02 3.765765577555e-02 4.532691836357e-02 4.505842179060e-02 2.989380434155e-02 3.653658926487e-02 4.813525080681e-02 4.504319280386e-02 2.481811679900e-02 4.006122425199e-02 1.846963912249e-02 2.594540826976e-02 3.482937812805e-02 1.717441156507e-02 1.704655587673e-02 2.001020684838e-02 1.652255095541e-02 2.088056132197e-02 1.937753707170e-02 1.534784771502e-02 1.656567305326e-02 2.275170758367e-02 2.568924799562e-02 1.989635266364e-02 1.775506325066e-02 1.442644372582e-02 9.911431930959e-03 1.092524081469e-02 1.206732261926e-02 1.004911772907e-02 9.375353343785e-03 8.208102546632e-03 8.927609771490e-03
2.655019052327e-02 3.575793653727e-02 5.071595683694e-02 5.848675966263e-02 4.233377799392e-02 4.263697192073e-02 2.518092840910e-02 2.703728899360e-02 2.396655641496e-02 3.000479377806e-02 3.139322623610e-02 3.521537408233e-02 4.850742220879e-02 4.792631044984e-02 3.665958344936e-02 3.972477093339e-02 4.701171070337e-02 5.089517310262e-02 2.928693592548e-02 3.873530775309e-02 2.110463939607e-02 3.926369547844e-02 4.889272898436e-02 2.270299755037e-02 1.988146640360e-02 2.048183046281e-02 2.038129046559e-02 2.159468643367e-02 1.683015376329e-02 1.633358001709e-02 2.297426760197e-02 3.001054562628e-02 2.680502645671e-02 2.134292386472e-02 1.752102933824e-02 1.444501243532e-02 1.037671882659e-02 1.277110259980e-02 9.877831675112e-03 8.434553630650e-03 8.995327167213e-03 7.825991138816e-03 8.156793192029e-03
2.867276035249e-02 4.094924777746e-02 4.683052748442e-02 6.122166290879e-02 5.216320976615e-02 3.648831322789e-02 2.504727616906e-02 2.864347025752e-02 2.287933975458e-02 2.805938571692e-02 2.959567308426e-02 3.351275995374e-02 4.606440290809e-02 5.208102241158e-02 4.422054812312e-02 4.245387390256e-02 4.504185914993e-02 5.562028288841e-02 3.338987380266e-02 3.588986024261e-02 2.371593005955e-02 4.862188547850e-02 5.352041497827e-02 2.553822286427e-02 1.941582374275e-02 2.398169040680e-02 2.300686761737e-02 1.867593824863e-02 1.589001901448e-02 2.285078167915e-02 3.203628584743e-02 3.106413409114e-02 2.098463475704e-02 2.434818632901e-02 1.736574620008e-02 1.329858042300e-02 1.236861199141e-02 1.313005201519e-02 1.092870812863e-02 8.539543487132e-03 8.357544429600e-03 6.149220746011e-03 6.072762422264e-03
2.739893831313e-02 3.857097029686e-02 3.970637544990e-02 5.843787267804e-02 5.772675946355e-02 3.816350176930e-02 3.350484743714e-02 3.033895418048e-02 2.253535948694e-02 2.456284128129e-02 2.847031690180e-02 3.397286683321e-02 3.818140551448e-02 5.493331328034e-02 4.925565794110e-02 4.135527089238e-02 4.166190698743e-02 5.964923277497e-02 3.677557781339e-02 3.215803205967e-02 2.631284669042e-02 4.828147590160e-02 4.664539173245e-02 2.222484163940e-02 2.115972712636e-02 2.506487444043e-02 2.087782882154e-02 1.701191812754e-02 2.404845692217e-02 3.389303758740e-02 3.332439064980e-02 2.315061166883e-02 1.771412976086e-02 2.529858984053e-02 1.248637214303e-02 1.228493917733e-02 1.526598073542e-02 1.165845990181e-02 1.253397297114e-02 7.984296418726e-03 8.909988217056e-03 7.440243382007e-03 6.714462768286e-03
2.227624692023e-02 2.664752118289e-02 4.128693789244e-02 5.174656212330e-02 5.816235393286e-02 3.869485855103e-02 4.164130985737e-02 3.495872393250e-02 2.455498091877e-02 2.091327682137e-02 2.966119349003e-02 3.316185995936e-02 3.941908851266e-02 5.897747725248e-02 4.986403882504e-02 3.859274461865e-02 3.750955685973e-02 6.211342290044e-02 3.922982886434e-02 3.885253891349e-02 3.062034398317e-02 3.969372436404e-02 3.479289263487e-02 2.069686912000e-02 2.608403004706e-02 2.424477972090e-02 1.782429032028e-02 2.565098553896e-02 3.673705458641e-02 3.570320084691e-02 2.423697523773e-02 1.438447088003e-02 1.896890625358e-02 2.373219095170e-02 1.275378279388e-02 1.319352630526e-02 1.608550176024e-02 1.220130175352e-02 1.375046465546e-02 8.332775905728e-03 8.464698679745e-03 7.005564868450e-03 7.124292664230e-03
2.881014347076e-02 2.870098501444e-02 4.658690094948e-02 4.374291002750e-02 5.527014285326e-02 4.319005832076e-02 3.989150747657e-02 4.420628398657e-02 3.844001889229e-02 2.938667684793e-02 3.203641250730e-02 3.131614997983e-02 4.297138750553e-02 6.306465715170e-02 4.473692178726e-02 3.702160716057e-02 3.198479488492e-02 6.351614743471e-02 4.957742616534e-02 4.291664808989e-02 3.621416538954e-02 3.849724307656e-02 2.329971641302e-02 2.515205740929e-02 2.678018249571e-02 1.820859313011e-02 2.785076573491e-02 3.962161391973e-02 3.771810606122e-02 2.527438104153e-02 1.353701017797e-02 1.068344525993e-02 2.538012340665e-02 1.984003186226e-02 1.217201445252e-02 1.711041294038e-02 1.484508439898e-02 1.229513995349e-02 1.460615266114e-02 1.031465828419e-02 7.292942609638e-03 6.946985144168e-03 6.153129506856e-03
4.527108743787e-02 2.803367935121e-02 2.802358008921e-02 4.825358837843e-02 5.091521143913e-02 4.559530317783e-02 3.509062156081e-02 4.044346511364e-02 4.599068686366e-02 4.516534507275e-02 3.847154602408e-02 4.757428914309e-02 4.669755697250e-02 6.553472578526e-02 3.867124021053e-02 3.384409099817e-02 4.461923986673e-02 6.396816670895e-02 5.611196160316e-02 4.115538671613e-02 3.903527557850e-02 4.152002558112e-02 2.615490369499e-02 2.741096913815e-02 2.244970202446e-02 2.914807386696e-02 4.315013065934e-02 4.042904451489e-02 2.629803866148e-02 1.725991442800e-02 2.423669956625e-02 1.489017531276e-02 2.962344139814e-02 1.737135276198e-02 1.422068942338e-02 1.830062270164e-02 1.784781366587e-02 1.253779418766e-02 1.507657673210e-02 1.138541474938e-02 6.874285172671e-03 6.570694036782e-03 7.615418173373e-03
6.054342538118e-02 2.882699854672e-02 2.824047766626e-02 4.442919418216e-02 4.585731402040e-02 4.666217043996e-02 3.792335465550e-02 3.867505490780e-02 3.824133425951e-02 4.948548600078e-02 5.394738540053e-02 4.817921295762e-02 5.042761564255e-02 6.639617681503e-02 3.354129940271e-02 5.223258584738e-02 6.258140504360e-02 6.404951214790e-02 5.453759804368e-02 3.261648863554e-02 3.708242624998e-02 3.804416954517e-02 2.630268968642e-02 2.264568023384e-02 2.938063070178e-02 4.589629545808e-02 4.427528381348e-02 2.772488631308e-02 2.454326488078e-02 3.376315534115e-02 3.065201640129e-02 2.782771550119e-02 2.887471765280e-02 1.942937076092e-02 1.831140927970e-02 1.516528706998e-02 1.945580914617e-02 1.326881162822e-02 1.512918341905e-02 1.131636183709e-02 7.310782559216e-03 8.339073508978e-03 1.074422709644e-02
6.609926372766e-02 2.960874512792e-02 3.416002914310e-02 2.943706698716e-02 5.029719322920e-02 4.714253172278e-02 4.023080691695e-02 4.108004271984e-02 3.896287828684e-02 4.928484931588e-02 5.200196802616e-02 4.530344530940e-02 5.377628654242e-02 6.398041546345e-02 5.689930170774e-02 6.917302310467e-02 6.681924313307e-02 6.223136186600e-02 3.707581758499e-02 3.306192159653e-02 3.818706423044e-02 3.849054872990e-02 2.747492678463e-02 2.812327258289e-02 4.784880951047e-02 4.885674640536e-02 3.062286973000e-02 2.500533685088e-02 3.671765327454e-02 3.047144599259e-02 2.473807521164e-02 2.715365961194e-02 2.240342460573e-02 2.128968946636e-02 1.814198680222e-02 1.264639571309e-02 1.905308105052e-02 1.434591505677e-02 1.483249291778e-02 1.024667080492e-02 8.877096697688e-03 1.192349195480e-02 1.347654592246e-02
5.802051350474e-02 4.321472719312e-02 3.955878689885e-02 2.781590074301e-02 3.656183183193e-02 4.772037267685e-02 5.031695589423e-02 4.366126656532e-02 5.131581798196e-02 7.535287737846e-02 4.247241094708e-02 3.988279402256e-02 5.599538609385e-02 5.889396741986e-02 7.377640902996e-02 7.139397412539e-02 6.177408248186e-02 6.017702817917e-02 4.081243276596e-02 4.439289495349e-02 3.966069594026e-02 3.831595927477e-02 2.568671666086e-02 4.854908958077e-02 5.383697152138e-02 3.480451181531e-02 2.855017594993e-02 3.891866281629e-02 3.442835435271e-02 2.251974865794e-02 3.282105177641e-02 2.852414175868e-02 1.707262545824e-02 1.952602341771e-02 1.623379252851e-02 1.743435300887e-02 1.734205521643e-02 1.573292724788e-02 1.439280621707e-02 1.326019782573e-02 1.478981133550e-02 1.660080440342e-02 1.400222536176e-02
3.914324194193e-02 6.510456651449e-02 4.331921413541e-02 3.421486914158e-02 4.123853147030e-02 4.662292078137e-02 4.463677108288e-02 4.673651605844e-02 6.725704669952e-02 9.326782822609e-02 6.262783706188e-02 4.345445334911e-02 5.642174929380e-02 7.030493021011e-02 7.520550489426e-02 1.040983870625e-01 5.521523952484e-02 5.577733740211e-02 4.563132300973e-02 4.488358646631e-02 4.081733152270e-02 3.774969279766e-02 4.806426167488e-02 5.714032053947e-02 3.923793882132e-02 3.212531283498e-02 3.841099888086e-02 3.850698471069e-02 3.293969482183e-02 3.290016949177e-02 3.486274927855e-02 1.955945417285e-02 1.850135251880e-02 1.668170653284e-02 1.450334675610e-02 1.356654800475e-02 2.355938032269e-02 1.862309686840e-02 1.711726561189e-02 1.972167007625e-02 1.965125836432e-02 1.442391611636e-02 9.679306298494e-03
4.394714161754e-02 7.214344292879e-02 4.479978233576e-02 3.782695531845e-02 4.862964898348e-02 4.466299712658e-02 4.646584019065e-02 5.875914916396e-02 7.752166688442e-02 9.369161725044e-02 7.480950653553e-02 7.417754083872e-02 6.563806533813e-02 7.708854228258e-02 9.109026938677e-02 1.318350285292e-01 5.741167441010e-02 6.211781874299e-02 6.160268932581e-02 5.037336051464e-02 3.990153968334e-02 4.794586077332e-02 6.008546426892e-02 4.319759458303e-02 3.596521914005e-02 3.792111203074e-02 3.670956566930e-02 4.063016176224e-02 3.953493759036e-02 3.960971161723e-02 2.983675338328e-02 1.615102589130e-02 2.211435139179e-02 1.374164596200e-02 1.433334872127e-02 1.464935671538e-02 3.246710821986e-02 2.164471708238e-02 2.271267212927e-02 1.829241961241e-02 1.111581083387e-02 6.504535675049e-03 6.457147188485e-03
8.703793585300e-02 5.703621357679e-02 6.252574175596e-02 4.017640650272e-02 5.914857238531e-02 4.586420580745e-02 5.003207921982e-02 6.791050732136e-02 8.157628774643e-02 7.934148609638e-02 7.653985917568e-02 7.735462486744e-02 7.298139482737e-02 5.912652984262e-02 6.248942762613e-02 8.406181633472e-02 4.713458195329e-02 6.139679625630e-02 6.711970269680e-02 5.601307749748e-02 4.985830932856e-02 6.287857145071e-02 4.706963151693e-02 4.012386500835e-02 3.716178983450e-02 3.408017754555e-02 3.668820112944e-02 4.335977882147e-02 4.349790886045e-02 3.899226710200e-02 2.437121793628e-02 1.545811817050e-02 2.354511991143e-02 1.873851940036e-02 2.259571477771e-02 2.403170615435e-02 3.661574050784e-02 2.139539085329e-02 1.692517474294e-02 1.175800058991e-02 1.053820736706e-02 7.974444888532e-03 7.689379155636e-03
1.412971913815e-01 6.175740808249e-02 7.000133395195e-02 5.104666948318e-02 6.558122485876e-02 5.607459321618e-02 5.527634546161e-02 7.798366993666e-02 8.380664885044e-02 6.593178212643e-02 9.214345365763e-02 1.132265999913e-01 6.307655572891e-02 7.396390289068e-02 4.524371400476e-02 5.264236778021e-02 5.006821081042e-02 5.971560999751e-02 5.770766735077e-02 5.235720425844e-02 6.675757467747e-02 5.081633850932e-02 4.186380282044e-02 3.756359964609e-02 4.040455445647e-02 3.764264658093e-02 3.773546218872e-02 4.709674045444e-02 4.739932715893e-02 4.299181327224e-02 2.961005456746e-02 2.607986889780e-02 2.588233724236e-02 2.350410446525e-02 2.274809777737e-02 3.500133752823e-02 3.014510683715e-02 1.457542460412e-02 1.574561372399e-02 1.609273627400e-02 1.491673570126e-02 1.152875833213e-02 8.305472321808e-03
1.547591239214e-01 1.616034358740e-01 6.654188781977e-02 6.704451143742e-02 7.224596291780e-02 6.788090616465e-02 9.322171658278e-02 8.739390224218e-02 8.266226947308e-02 6.144855171442e-02 9.425722807646e-02 1.261896193027e-01 7.547114044428e-02 7.134761661291e-02 5.766691640019e-02 5.872767418623e-02 6.236309185624e-02 5.895758792758e-02 5.705885961652e-02 7.146848738194e-02 5.565742403269e-02 4.779025167227e-02 4.094044491649e-02 3.206466510892e-02 3.943591564894e-02 4.414202272892e-02 4.070119559765e-02 5.060081183910e-02 5.277588963509e-02 4.703686386347e-02 3.502408042550e-02 2.583811059594e-02 2.297879010439e-02 1.950399950147e-02 3.169065713882e-02 3.631655871868e-02 1.622543670237e-02 1.657557487488e-02 1.727875694633e-02 1.751954481006e-02 1.655741408467e-02 1.384096127003e-02 9.611970745027e-03
7.441652566195e-02 2.178453058004e-01 1.591401398182e-01 6.631483137608e-02 7.615833729506e-02 8.456179499626e-02 9.020076692104e-02 9.177950769663e-02 7.341450452805e-02 6.427517533302e-02 1.074691042304e-01 1.235761046410e-01 9.705194085836e-02 6.565695255995e-02 6.038403883576e-02 6.754073500633e-02 1.046880260110e-01 6.569589674473e-02 7.925700396299e-02 6.107637286186e-02 4.407718777657e-02 4.294937849045e-02 3.623265028000e-02 4.414226114750e-02 4.480764642358e-02 5.127979815006e-02 5.650319904089e-02 4.331338405609e-02 5.133750289679e-02 5.127091333270e-02 3.984450176358e-02 2.122095599771e-02 2.160286903381e-02 3.351895138621e-02 3.636447340250e-02 2.129774726927e-02 1.472009066492e-02 1.485982164741e-02 1.479303091764e-02 1.501582749188e-02 1.496169529855e-02 1.385630574077e-02 1.108176168054e-02
1.366451382637e-01 1.031904220581e-01 2.540433704853e-01 1.182785332203e-01 7.704441249371e-02 1.039871200919e-01 7.813452184200e-02 8.722392469645e-02 1.145044490695e-01 8.909916877747e-02 1.234286949039e-01 9.822513163090e-02 1.034190729260e-01 8.661237359047e-02 7.125708460808e-02 6.662779301405e-02 1.523199975491e-01 9.204874187708e-02 7.394918799400e-02 9.020461142063e-02 5.366294831038e-02 4.381510242820e-02 4.678713530302e-02 4.925518110394e-02 4.745274409652e-02 5.030842125416e-02 7.120997458696e-02 4.326818138361e-02 5.330422520638e-02 5.566898360848e-02 4.514753818512e-02 2.910715527833e-02 3.694062307477e-02 3.420380502939e-02 1.959705352783e-02 1.640890166163e-02 1.549860835075e-02 1.451214030385e-02 1.348955836147e-02 1.255831029266e-02 1.289084739983e-02 1.332036405802e-02 1.210137456656e-02
1.845988631248e-01 2.413216829300e-01 1.458361744881e-01 2.498348504305e-01 9.298315644264e-02 1.259328871965e-01 1.079448461533e-01 1.152406558394e-01 1.608635038137e-01 1.330668926239e-01 1.536398679018e-01 8.850502222776e-02 9.386965632439e-02 9.780080616474e-02 8.763412386179e-02 6.915967911482e-02 1.789329349995e-01 1.015385985374e-01 1.057675927877e-01 7.331105321646e-02 3.985382989049e-02 4.407775774598e-02 5.602096393704e-02 5.086083710194e-02 4.614439606667e-02 4.413024336100e-02 6.942114979029e-02 4.745360836387e-02 5.981089174747e-02 5.900149792433e-02 4.679918289185e-02 3.732018917799e-02 2.801202237606e-02 1.465595234185e-02 1.441693212837e-02 1.519426424056e-02 1.501212920994e-02 1.604697480798e-02 1.575810089707e-02 1.495486591011e-02 1.626860536635e-02 1.891155540943e-02 1.975298486650e-02
3.641199767590e-01 2.414612323046e-01 2.552399337292e-01 2.117630243301e-01 1.925709247589e-01 1.416044533253e-01 1.554900258780e-01 1.367442011833e-01 1.412577927113e-01 1.560542434454e-01 1.807057410479e-01 1.051895916462e-01 9.258020669222e-02 9.936724603176e-02 1.088370978832e-01 1.032206416130e-01 1.380806118250e-01 1.022697314620e-01 1.019841432571e-01 8.143326640129e-02 6.649060547352e-02 7.896761596203e-02 7.951726764441e-02 6.581716984510e-02 4.805411398411e-02 4.087965935469e-02 5.447058752179e-02 5.833056941628e-02 6.184145435691e-02 5.165107548237e-02 3.624433651567e-02 2.307487092912e-02 2.019278332591e-02 2.143163420260e-02 2.534751594067e-02 2.779342047870e-02 2.907323651016e-02 2.894258871675e-02 2.747524343431e-02 2.514170296490e-02 2.287110313773e-02 2.295963652432e-02 2.033070661128e-02
