VariationalSeries/SI/f162.grd
DSAA
101	101
32.816463539100	34.260883539100
35.556306596100	36.727886596100
1.833692294895e-05	3.001447200775e+00
[rows 0 to 18 of 101, columns 0 to 42 of 101]
2.778868656605e-03 4.967495333403e-03 4.403443075716e-03 2.638673176989e-03 2.207513898611e-03 2.891384763643e-03 5.760209169239e-03 8.029891178012e-03 7.180688902736e-03 4.287011921406e-03 2.708768006414e-03 3.112193429843e-03 3.303044242784e-03 3.188431030139e-03 2.733625005931e-03 4.160357639194e-03 6.252658087760e-03 7.236874196678e-03 5.157464649528e-03 3.357365261763e-03 3.818787401542e-03 4.082628525794e-03 3.019588533789e-03 2.708552870899e-03 2.878195373341e-03 3.930589184165e-03 5.737891420722e-03 6.554853171110e-03 8.535050787032e-03 6.801902782172e-03 5.222171545029e-03 4.907712340355e-03 4.259567707777e-03 3.380398964509e-03 2.747183199972e-03 2.662178827450e-03 2.449290128425e-03 3.319717478007e-03 4.655165132135e-03 5.336926318705e-03 4.469275940210e-03 3.786752000451e-03 3.607739694417e-03
5.143013317138e-03 9.706296026707e-03 9.522400796413e-03 6.655350327492e-03 4.694119095802e-03 5.590208340436e-03 1.108482293785e-02 1.532874815166e-02 1.356007717550e-02 7.900231517851e-03 4.650788847357e-03 5.317006260157e-03 5.614051129669e-03 5.343920551240e-03 4.657486453652e-03 6.186479702592e-03 9.849581867456e-03 1.289236359298e-02 1.164083741605e-02 6.940665654838e-03 6.965012755245e-03 1.066450402141e-02 5.603916943073e-03 5.041494034231e-03 5.933619104326e-03 7.677928078920e-03 9.618245065212e-03 1.098299957812e-02 1.623044162989e-02 1.263712160289e-02 8.488100022078e-03 7.693045772612e-03 7.192051969469e-03 5.801533814520e-03 6.241451017559e-03 6.528046913445e-03 6.566576659679e-03 7.378200534731e-03 9.275631979108e-03 9.332031942904e-03 6.903922650963e-03 6.830446422100e-03 7.463541813195e-03
5.030074622482e-03 1.032483670861e-02 1.157397683710e-02 9.916357696056e-03 6.379216443747e-03 6.452851463109e-03 1.282502803952e-02 1.742372848094e-02 1.492688246071e-02 8.179452270269e-03 5.872838664800e-03 6.619285792112e-03 6.838050670922e-03 6.326556671411e-03 5.209269467741e-03 5.010413005948e-03 6.466991733760e-03 9.661425836384e-03 1.104710530490e-02 8.980278857052e-03 1.099746394902e-02 1.649081893265e-02 7.214387878776e-03 6.246632896364e-03 7.888787426054e-03 9.542532265186e-03 9.903068654239e-03 9.964963421226e-03 1.891635358334e-02 1.417249161750e-02 8.225061930716e-03 7.053405977786e-03 9.840034879744e-03 5.237759556621e-03 5.870151799172e-03 6.741604302078e-03 8.467351086438e-03 1.072318572551e-02 1.121001038700e-02 9.286375716329e-03 9.484947659075e-03 6.337144877762e-03 8.366959169507e-03
4.467123188078e-03 9.833343327045e-03 1.171113178134e-02 1.197207346559e-02 9.626906365156e-03 6.606335286051e-03 1.340295374393e-02 1.782390475273e-02 1.442262157798e-02 7.023952901363e-03 6.498490460217e-03 7.172216661274e-03 7.140927948058e-03 6.353253964335e-03 5.051954649389e-03 5.114218220115e-03 4.881192464381e-03 5.608347710222e-03 7.299881894141e-03 8.314508944750e-03 1.845018193126e-02 2.099085040390e-02 8.083074353635e-03 6.860977038741e-03 8.700491860509e-03 9.970374405384e-03 9.535842575133e-03 9.100765921175e-03 1.894885301590e-02 1.377913728356e-02 6.988072302192e-03 5.682169925421e-03 1.134171895683e-02 6.030877120793e-03 6.589991971850e-03 9.316161274910e-03 1.152316387743e-02 1.200598850846e-02 1.016150694340e-02 1.176623720676e-02 1.145281083882e-02 7.034579757601e-03 7.671894971281e-03
4.370530135930e-03 9.409345686436e-03 1.113745197654e-02 1.230459939688e-02 1.177683472633e-02 8.326387032866e-03 1.367423776537e-02 1.780270040035e-02 1.351775135845e-02 5.949944723397e-03 6.968407426029e-03 7.416989188641e-03 7.144094444811e-03 7.111942861229e-03 6.527946796268e-03 5.509930662811e-03 5.392053630203e-03 5.336653441191e-03 7.535221520811e-03 1.527348253876e-02 2.565000206232e-02 2.306400611997e-02 8.674806915224e-03 9.759640321136e-03 8.705105632544e-03 9.741558693349e-03 8.736245334148e-03 9.057815186679e-03 1.793650910258e-02 1.297992467880e-02 8.258330635726e-03 6.460948381573e-03 1.209187507629e-02 7.380042690784e-03 1.035293750465e-02 1.239033415914e-02 1.252508256584e-02 1.057301647961e-02 7.279958110303e-03 1.207271032035e-02 1.401880476624e-02 9.393947198987e-03 6.076551042497e-03
4.081690218300e-03 8.209712803364e-03 9.919705800712e-03 1.083663385361e-02 1.202393881977e-02 1.001254096627e-02 1.366074010730e-02 1.722622662783e-02 1.218052953482e-02 6.605769973248e-03 7.398814894259e-03 8.079589344561e-03 8.614588528872e-03 8.336287923157e-03 7.496609818190e-03 6.096835248172e-03 4.957700148225e-03 5.632500164211e-03 1.200058031827e-02 2.177888154984e-02 2.984766475856e-02 2.278471738100e-02 9.782884269953e-03 1.485690940171e-02 9.137997403741e-03 9.135377593338e-03 7.825562730432e-03 9.873251430690e-03 1.604472659528e-02 1.299038529396e-02 8.345512673259e-03 7.041704375297e-03 1.401933096349e-02 1.104645803571e-02 1.310836616904e-02 1.295809727162e-02 1.075630635023e-02 7.440223824233e-03 8.212641812861e-03 1.137970108539e-02 1.716508902609e-02 1.091064047068e-02 5.913763772696e-03
5.138916429132e-03 9.130346588790e-03 8.426793850958e-03 8.337962441146e-03 1.037795096636e-02 1.005511917174e-02 1.344358921051e-02 1.646085269749e-02 1.092828437686e-02 7.282763253897e-03 8.125982247293e-03 9.252045303583e-03 9.375321678817e-03 8.715626783669e-03 7.412161678076e-03 7.018987555057e-03 6.665517576039e-03 8.310511708260e-03 1.620226539671e-02 2.602725662291e-02 3.091281279922e-02 2.081184834242e-02 1.295061409473e-02 1.882929168642e-02 1.323694549501e-02 8.318630978465e-03 7.669019047171e-03 1.829257793725e-02 2.562053687871e-02 1.654578372836e-02 9.254032745957e-03 7.863702252507e-03 1.539437379688e-02 1.294800266623e-02 1.294578518718e-02 1.074989046901e-02 7.495109923184e-03 8.232551626861e-03 1.190858148038e-02 1.501770596951e-02 1.762593165040e-02 1.290037576109e-02 5.916050635278e-03
5.212023854256e-03 1.042818184942e-02 1.077874284238e-02 7.805841043591e-03 7.446837145835e-03 8.415756747127e-03 1.325424201787e-02 1.609025150537e-02 1.017565280199e-02 7.870796136558e-03 9.179301559925e-03 9.799780324101e-03 9.473821148276e-03 8.351803757250e-03 7.828410714865e-03 8.900701068342e-03 9.920679032803e-03 1.097372546792e-02 1.986660063267e-02 2.824282832444e-02 3.034373186529e-02 1.870665699244e-02 1.405498478562e-02 2.070266939700e-02 1.609825715423e-02 1.025634352118e-02 7.367792539299e-03 2.777985855937e-02 3.588754311204e-02 1.939906738698e-02 1.011231541634e-02 9.448564611375e-03 1.520254649222e-02 1.188643090427e-02 1.103959046304e-02 7.839029654860e-03 7.882481440902e-03 1.172121986747e-02 1.546913664788e-02 1.707787252963e-02 1.549871638417e-02 1.618986949325e-02 6.794356275350e-03
4.507126286626e-03 9.855548851192e-03 1.225832477212e-02 1.116224657744e-02 7.420613430440e-03 7.293710019439e-03 1.310821995139e-02 1.594733819366e-02 9.792483411729e-03 8.744889870286e-03 9.734028950334e-03 9.827181696892e-03 8.990375325084e-03 7.767906412482e-03 8.195189759135e-03 9.464245289564e-03 1.283599343151e-02 1.317330077291e-02 2.192962728441e-02 2.781741321087e-02 2.753885090351e-02 1.623654179275e-02 1.434064935893e-02 1.979508250952e-02 1.736716926098e-02 1.184332370758e-02 9.297255426645e-03 3.582163900137e-02 4.188020527363e-02 2.137253992260e-02 1.108627766371e-02 9.007230401039e-03 1.542056165636e-02 1.028221473098e-02 1.211780402809e-02 1.211646664888e-02 1.174885407090e-02 1.574152149260e-02 1.810042932630e-02 1.710808277130e-02 1.256733573973e-02 2.009170874953e-02 7.981144823134e-03
4.558248911053e-03 8.184099569917e-03 1.155324280262e-02 1.308997254819e-02 1.117079239339e-02 7.120176684111e-03 1.313845347613e-02 1.591935195029e-02 9.566488675773e-03 9.255197830498e-03 9.760534390807e-03 9.339757263660e-03 1.022962946445e-02 1.113920845091e-02 1.164868567139e-02 1.181029994041e-02 1.393613126129e-02 1.525848172605e-02 2.258188463748e-02 2.580692432821e-02 2.386376447976e-02 1.384146045893e-02 1.295762974769e-02 1.730146445334e-02 1.677612215281e-02 1.217147242278e-02 1.005250960588e-02 4.063821211457e-02 4.447450861335e-02 2.214320190251e-02 9.722274728119e-03 7.820089347661e-03 1.671094447374e-02 1.020536106080e-02 1.240589376539e-02 1.263471599668e-02 1.631479710340e-02 1.878193765879e-02 1.837470196187e-02 1.471701730043e-02 1.053449325264e-02 2.182499133050e-02 1.104199141264e-02
4.578142426908e-03 9.172753430903e-03 9.523800574243e-03 1.251832209527e-02 1.370335370302e-02 1.102726068348e-02 1.302078459412e-02 1.566401496530e-02 9.250978939235e-03 9.348514489830e-03 1.028324477375e-02 1.203986257315e-02 1.334953773767e-02 1.407416909933e-02 1.440816465765e-02 1.453169435263e-02 1.437635626644e-02 1.891767419875e-02 2.651257999241e-02 2.809264697134e-02 2.360902167857e-02 1.744874566793e-02 1.224856264889e-02 1.475710328668e-02 1.513300649822e-02 1.084270142019e-02 1.166440360248e-02 4.286910593510e-02 4.550107568502e-02 2.168677747250e-02 9.332193061709e-03 8.815843611956e-03 1.637171395123e-02 1.085891574621e-02 1.440447475761e-02 1.746235601604e-02 1.947245560586e-02 1.909966580570e-02 1.584287919104e-02 1.222347468138e-02 1.192558091134e-02 2.096806094050e-02 1.436532661319e-02
3.874773625284e-03 8.161926642060e-03 9.772881865501e-03 1.040780451149e-02 1.352530997247e-02 1.426404528320e-02 1.262658927590e-02 1.509409490973e-02 9.145178832114e-03 1.107924431562e-02 1.289628725499e-02 1.437449362129e-02 1.538462657481e-02 1.595965027809e-02 1.615115255117e-02 1.611435227096e-02 1.594036258757e-02 2.516213990748e-02 3.439175337553e-02 3.573968634009e-02 3.079143911600e-02 2.412199601531e-02 1.764466054738e-02 1.252428162843e-02 1.759867928922e-02 1.686342619359e-02 1.428082399070e-02 4.113411903381e-02 4.025780782104e-02 1.973294652998e-02 1.207067351788e-02 1.428635139018e-02 1.541557442397e-02 1.730151101947e-02 1.961402967572e-02 2.049038745463e-02 1.964960806072e-02 1.699605770409e-02 1.621570438147e-02 1.878771930933e-02 1.417439803481e-02 1.792407780886e-02 1.724379882216e-02
3.329908475280e-03 6.333283148706e-03 8.129226975143e-03 9.622522629797e-03 1.143040042371e-02 1.449287496507e-02 1.457152888179e-02 1.427819672972e-02 1.135106105357e-02 1.320472918451e-02 1.452908013016e-02 1.536919549108e-02 1.586874946952e-02 1.614176854491e-02 1.615530997515e-02 1.606404408813e-02 1.605638675392e-02 2.768259868026e-02 3.739910945296e-02 3.818522021174e-02 3.300743550062e-02 2.687028795481e-02 2.099613472819e-02 1.535044983029e-02 2.364904992282e-02 2.286681532860e-02 1.928315311670e-02 3.581435978413e-02 3.158909827471e-02 1.678130961955e-02 2.108942903578e-02 2.380411699414e-02 2.371781878173e-02 2.294204942882e-02 2.230193465948e-02 2.165206521749e-02 2.099621109664e-02 1.991999708116e-02 1.821951754391e-02 2.544843591750e-02 1.581957191229e-02 1.362960506231e-02 2.221502177417e-02
4.139938391745e-03 8.006772026420e-03 7.871841080487e-03 7.393761072308e-03 9.066729806364e-03 1.242840476334e-02 1.550528127700e-02 1.480018999428e-02 1.262620184571e-02 1.403677929193e-02 1.473992783576e-02 1.496203802526e-02 1.484717428684e-02 1.450145989656e-02 1.411391701549e-02 1.403190195560e-02 1.437951996922e-02 2.540479600430e-02 3.364558890462e-02 3.477524593472e-02 3.121530450881e-02 2.645673230290e-02 2.183247357607e-02 1.724597625434e-02 2.335906401277e-02 2.413158491254e-02 2.131801471114e-02 2.930469252169e-02 2.304677292705e-02 1.833660714328e-02 2.475126087666e-02 2.800639159977e-02 2.673156373203e-02 2.409879118204e-02 2.169931679964e-02 2.040619775653e-02 1.927087828517e-02 1.795307919383e-02 1.640849187970e-02 2.690646238625e-02 2.464937418699e-02 1.406806521118e-02 2.522693574429e-02
5.331882741302e-03 1.066637318581e-02 1.072043646127e-02 1.052255183458e-02 1.017648354173e-02 9.672058746219e-03 1.358878612518e-02 1.656697131693e-02 1.465460658073e-02 1.371842529625e-02 1.389163360000e-02 1.358295232058e-02 1.296756137162e-02 1.215013582259e-02 1.143821142614e-02 1.155831757933e-02 1.169951073825e-02 2.006009407341e-02 2.584991045296e-02 2.726108580828e-02 2.550452388823e-02 2.289790101349e-02 2.020259015262e-02 1.731348596513e-02 1.830155029893e-02 1.996113173664e-02 1.950402930379e-02 2.976723201573e-02 1.689339429140e-02 1.862806826830e-02 2.413404174149e-02 2.681272476912e-02 2.567087672651e-02 2.123058401048e-02 1.571271754801e-02 1.627152413130e-02 1.383545063436e-02 1.464690268040e-02 1.426643040031e-02 2.217549830675e-02 3.288346156478e-02 1.426166854799e-02 2.535994164646e-02
5.404626019299e-03 1.098397653550e-02 1.138087082654e-02 1.193023566157e-02 1.234624441713e-02 1.245759613812e-02 1.237259153277e-02 1.487990096211e-02 1.731291227043e-02 1.389818452299e-02 1.246053446084e-02 1.180355716497e-02 1.096106134355e-02 1.036635320634e-02 1.115833781660e-02 1.182444486767e-02 1.259308028966e-02 1.651817746460e-02 1.809288188815e-02 1.940239407122e-02 1.900065131485e-02 1.762530393898e-02 1.645335555077e-02 1.559261139482e-02 1.492323912680e-02 1.464362163097e-02 1.938753202558e-02 3.150202706456e-02 2.148853428662e-02 2.102656662464e-02 2.498976513743e-02 2.537998557091e-02 2.130005508661e-02 2.129287458956e-02 1.153138652444e-02 1.931129582226e-02 1.836075820029e-02 1.701392419636e-02 1.460070349276e-02 1.552519761026e-02 3.731206431985e-02 2.028238587081e-02 2.247104234993e-02
5.872162058949e-03 1.013744808733e-02 1.001426018775e-02 1.045281067491e-02 1.139068882912e-02 1.253315526992e-02 1.328327786177e-02 1.367975212634e-02 1.592485606670e-02 1.685722731054e-02 1.442089956254e-02 1.389879547060e-02 1.402266882360e-02 1.271227560937e-02 1.150747109205e-02 1.300996076316e-02 1.436979416758e-02 1.699227280915e-02 1.714998669922e-02 1.439490728080e-02 1.296918373555e-02 1.516184397042e-02 1.900057867169e-02 1.975944824517e-02 1.785822212696e-02 1.443750318140e-02 2.146574482322e-02 3.205104544759e-02 2.158877439797e-02 2.268851734698e-02 2.387774363160e-02 2.452985756099e-02 2.636325173080e-02 2.368361502886e-02 1.444541197270e-02 2.173586376011e-02 2.042145840824e-02 1.689920760691e-02 1.272733975202e-02 1.517382543534e-02 3.578696772456e-02 3.115937300026e-02 1.736683025956e-02
6.699465680867e-03 1.234034635127e-02 1.329024881124e-02 1.146611105651e-02 1.050224434584e-02 1.135129947215e-02 1.158881559968e-02 1.150777004659e-02 1.244644820690e-02 1.551411394030e-02 1.691408641636e-02 1.742931269109e-02 1.744231022894e-02 1.603352464736e-02 1.574126631021e-02 1.519775018096e-02 1.427555363625e-02 1.701100356877e-02 1.785146631300e-02 1.587799377739e-02 1.309191342443e-02 1.204067934304e-02 1.325374841690e-02 1.480885781348e-02 1.520487479866e-02 1.531534083188e-02 1.878766901791e-02 3.076930344105e-02 2.196689695120e-02 1.924235187471e-02 2.204911783338e-02 2.539186924696e-02 2.836711704731e-02 2.420208230615e-02 1.662054844201e-02 2.401412092149e-02 1.956529170275e-02 1.519008446485e-02 1.143590826541e-02 1.384240575135e-02 2.877189591527e-02 4.219113662839e-02 1.926559582353e-02
6.571557838470e-03 1.288577169180e-02 1.531787030399e-02 1.442926004529e-02 1.092694047838e-02 8.406082168221e-03 1.022327598184e-02 1.160819735378e-02 1.247693412006e-02 1.260327734053e-02 1.673752814531e-02 1.859731972218e-02 1.770691201091e-02 1.776729337871e-02 1.798517070711e-02 1.774524711072e-02 1.569945551455e-02 1.685125939548e-02 1.842830143869e-02 1.697931811213e-02 1.290806569159e-02 1.557921804488e-02 1.518350001425e-02 1.559237577021e-02 1.375614572316e-02 1.341181341559e-02 1.409921888262e-02 2.847727574408e-02 2.597604319453e-02 2.058396860957e-02 1.992526650429e-02 2.147630602121e-02 2.659542858601e-02 2.374676615000e-02 1.924867182970e-02 2.319669537246e-02 1.705132611096e-02 1.362714450806e-02 1.284819468856e-02 1.258695963770e-02 1.971971057355e-02 4.935098066926e-02 2.027953974903e-02
