VariationalSeries/SI/f162.grd
DSAA
101	101
32.816463539100	34.260883539100
35.556306596100	36.727886596100
1.833692294895e-05	3.001447200775e+00
[rows 19 to 37 of 101, columns 0 to 42 of 101]
5.767168942839e-03 1.175671163946e-02 1.503351330757e-02 1.531635597348e-02 1.263279933482e-02 9.988103061914e-03 6.846886128187e-03 7.759611122310e-03 9.307785890996e-03 1.120753865689e-02 1.482842676342e-02 1.770477183163e-02 1.721247844398e-02 1.866526529193e-02 1.880358159542e-02 1.822929456830e-02 1.733103394508e-02 1.667014881968e-02 1.930810697377e-02 1.737814769149e-02 1.785794273019e-02 1.926807686687e-02 2.071755565703e-02 1.977617852390e-02 1.763565093279e-02 1.491553708911e-02 1.542897056788e-02 2.471898123622e-02 2.941879071295e-02 2.218092978001e-02 2.040963992476e-02 1.876692101359e-02 1.983594708145e-02 1.982931047678e-02 1.985221356153e-02 1.922678202391e-02 1.531210169196e-02 1.338007021695e-02 1.433970127255e-02 1.382833719254e-02 2.001153677702e-02 4.922203719616e-02 2.286709845066e-02
4.510575905442e-03 9.477101266384e-03 1.277858763933e-02 1.397766266018e-02 1.242774073035e-02 1.192727778107e-02 1.092743966728e-02 7.794599980116e-03 1.039284002036e-02 1.213754154742e-02 1.292387396097e-02 1.620236970484e-02 1.433854922652e-02 1.672277785838e-02 1.807604357600e-02 1.864838041365e-02 1.860451698303e-02 1.775191165507e-02 2.242704294622e-02 1.800171472132e-02 2.107171714306e-02 2.530470304191e-02 2.726508863270e-02 2.648407593369e-02 2.479876950383e-02 1.918086782098e-02 2.044276148081e-02 2.001677267253e-02 3.092780523002e-02 2.252274937928e-02 1.926236785948e-02 1.818073354661e-02 1.769453659654e-02 1.779741793871e-02 1.686528883874e-02 2.182905748487e-02 1.457898505032e-02 1.533504202962e-02 1.568612270057e-02 1.612176373601e-02 2.478201128542e-02 4.166056960821e-02 3.409808874130e-02
3.465400543064e-03 6.984041538090e-03 9.659139439464e-03 1.111636962742e-02 1.049074996263e-02 9.113225154579e-03 1.125741470605e-02 1.114987861365e-02 1.278322190046e-02 1.524936594069e-02 1.758343353868e-02 2.316655404866e-02 2.778725326061e-02 2.544561773539e-02 1.733475364745e-02 1.669103838503e-02 1.763351075351e-02 1.847138814628e-02 3.267537429929e-02 2.627416513860e-02 1.977691054344e-02 3.076883591712e-02 3.261046484113e-02 3.561167791486e-02 2.928076870739e-02 2.592551894486e-02 2.554737403989e-02 1.585812680423e-02 2.911099232733e-02 2.077219448984e-02 1.596068032086e-02 1.663532294333e-02 1.963220536709e-02 1.618090271950e-02 1.771890185773e-02 2.309331297874e-02 1.840411871672e-02 1.627563312650e-02 1.694446988404e-02 1.826134882867e-02 2.889260277152e-02 2.982763014734e-02 4.526860266924e-02
4.658494610339e-03 8.365330286324e-03 8.117970079184e-03 8.504439145327e-03 9.969336912036e-03 1.261752098799e-02 1.473395153880e-02 1.763502322137e-02 2.141895331442e-02 2.692186087370e-02 3.426372632384e-02 4.296936467290e-02 4.828761518002e-02 4.197821766138e-02 2.641654945910e-02 1.612903550267e-02 2.225540205836e-02 3.126433119178e-02 3.956373035908e-02 3.219692036510e-02 2.542157471180e-02 3.340352326632e-02 3.554924577475e-02 3.998880460858e-02 2.912377007306e-02 2.952443249524e-02 3.034582547843e-02 1.903776265681e-02 2.378090284765e-02 1.721597276628e-02 1.626893691719e-02 1.611193083227e-02 2.036441862583e-02 2.060766145587e-02 2.052667178214e-02 1.960344053805e-02 2.586890757084e-02 1.809566281736e-02 1.822729967535e-02 2.004574239254e-02 3.220197185874e-02 2.792312949896e-02 5.256973579526e-02
4.524727817625e-03 9.333433583379e-03 1.012950763106e-02 9.701428934932e-03 1.249717921019e-02 1.697769947350e-02 1.861323416233e-02 1.968402042985e-02 2.181129157543e-02 2.524699643254e-02 3.047464601696e-02 3.475727513433e-02 3.559476882219e-02 3.045940771699e-02 2.232703380287e-02 1.985940150917e-02 2.166990749538e-02 2.920478768647e-02 3.891444578767e-02 2.473884262145e-02 2.383683063090e-02 3.367916122079e-02 3.549909964204e-02 3.834743797779e-02 3.059144690633e-02 2.942973375320e-02 3.421016037464e-02 2.919812873006e-02 2.948386222124e-02 2.513027191162e-02 2.172433212399e-02 3.203028067946e-02 2.992987260222e-02 2.224702388048e-02 2.169175818563e-02 2.173091471195e-02 2.867536805570e-02 2.097931131721e-02 1.991331577301e-02 2.115637063980e-02 3.405389189720e-02 2.830771543086e-02 5.369536578655e-02
9.031024761498e-03 1.558850891888e-02 1.014022994787e-02 1.017911918461e-02 1.146160252392e-02 1.477930415422e-02 1.673435792327e-02 1.656445302069e-02 1.647149957716e-02 1.714097708464e-02 1.812009513378e-02 1.919298060238e-02 1.828693784773e-02 2.013089135289e-02 2.038002014160e-02 1.825544610620e-02 1.819253154099e-02 3.349859267473e-02 3.832051157951e-02 2.035376243293e-02 2.056427486241e-02 3.118302486837e-02 3.368608281016e-02 3.268062695861e-02 2.968019992113e-02 2.692887373269e-02 3.683291748166e-02 3.228911384940e-02 2.695224247873e-02 2.608148939908e-02 2.558835409582e-02 4.122377559543e-02 6.133498996496e-02 5.839678272605e-02 5.286861956120e-02 5.045904591680e-02 5.240520089865e-02 3.224838152528e-02 2.734901383519e-02 2.257697097957e-02 3.483209013939e-02 2.734009362757e-02 4.752421006560e-02
1.674393005669e-02 3.547254577279e-02 3.652570024133e-02 3.201488032937e-02 1.999378204346e-02 1.153614372015e-02 1.114294677973e-02 1.167968288064e-02 1.273249834776e-02 1.646140962839e-02 1.974118687212e-02 2.207087725401e-02 2.278965711594e-02 2.185204997659e-02 1.991089433432e-02 2.062965184450e-02 2.174848690629e-02 3.263937681913e-02 3.217056766152e-02 1.888257637620e-02 2.050800435245e-02 2.544318325818e-02 2.912991680205e-02 2.707081846893e-02 3.059730120003e-02 2.950834482908e-02 3.822231292725e-02 4.065964370966e-02 4.323167726398e-02 3.870252892375e-02 2.919684909284e-02 2.453754469752e-02 4.968938603997e-02 5.426999554038e-02 5.982284992933e-02 7.234902679920e-02 9.038989245892e-02 5.510627478361e-02 4.037641733885e-02 3.428723290563e-02 3.419800475240e-02 2.550064213574e-02 3.556593134999e-02
1.787745766342e-02 3.854801505804e-02 4.449109360576e-02 5.251283943653e-02 5.747338384390e-02 4.985499754548e-02 2.794732153416e-02 1.531430613250e-02 2.088971808553e-02 2.439975552261e-02 2.507057972252e-02 2.372055128217e-02 2.217738330364e-02 2.986575476825e-02 3.290264308453e-02 3.266315907240e-02 3.215336054564e-02 3.127615898848e-02 3.089319728315e-02 2.984030917287e-02 2.916532754898e-02 2.916202507913e-02 2.828702889383e-02 3.552544862032e-02 4.276138916612e-02 3.698279708624e-02 4.183042794466e-02 5.370645597577e-02 5.430314689875e-02 4.824149981141e-02 3.602623194456e-02 2.644437924027e-02 2.911818958819e-02 4.578309506178e-02 6.823679804802e-02 6.006300821900e-02 6.115472689271e-02 4.626826196909e-02 4.922826215625e-02 5.013613030314e-02 4.078740999103e-02 2.622892707586e-02 3.167341277003e-02
1.147824339569e-02 2.533200196922e-02 2.946935780346e-02 3.618003055453e-02 4.707500338554e-02 6.187488138676e-02 6.989968568087e-02 5.436429381371e-02 2.839207649231e-02 2.638149447739e-02 2.349326759577e-02 3.028341382742e-02 3.570609539747e-02 3.718137741089e-02 3.532779216766e-02 3.530021011829e-02 3.493698313832e-02 3.388844057918e-02 3.549681231380e-02 3.581712394953e-02 3.680652752519e-02 3.998603299260e-02 3.780354186893e-02 3.480974212289e-02 3.372858092189e-02 4.351800680161e-02 4.169978573918e-02 5.150578171015e-02 5.665962770581e-02 5.086281150579e-02 3.801503032446e-02 4.122157394886e-02 5.319040641189e-02 7.119401544333e-02 8.491063863039e-02 6.146369874477e-02 4.286545515060e-02 3.579051420093e-02 4.417311027646e-02 5.662343278527e-02 6.182795390487e-02 4.199959710240e-02 3.151879832149e-02
7.902998477221e-03 1.551670767367e-02 1.935601793230e-02 1.781856454909e-02 2.050988189876e-02 3.068959154189e-02 4.795781150460e-02 6.501397490501e-02 6.483279168606e-02 4.460464790463e-02 3.386865183711e-02 3.575015813112e-02 3.622823208570e-02 3.459483385086e-02 3.399837389588e-02 3.342808410525e-02 3.169396892190e-02 3.399797528982e-02 3.487395867705e-02 3.616021946073e-02 3.831738606095e-02 3.697275742888e-02 3.552583605051e-02 3.506585955620e-02 3.448449075222e-02 3.391633555293e-02 3.582178801298e-02 3.984867408872e-02 4.802484437823e-02 4.996978491545e-02 3.916352242231e-02 4.781349375844e-02 5.761362239718e-02 6.545701622963e-02 6.339053809643e-02 3.969657793641e-02 4.176763445139e-02 4.821562394500e-02 5.201489105821e-02 4.666750505567e-02 6.924038380384e-02 7.040924578905e-02 3.936185315251e-02
9.169687516987e-03 1.805166900158e-02 1.792017742991e-02 2.199607342482e-02 1.805125363171e-02 1.562692224979e-02 1.840313710272e-02 3.380999714136e-02 5.421407148242e-02 6.297953426838e-02 5.130064859986e-02 3.418355062604e-02 3.247821703553e-02 3.175655007362e-02 2.970821410418e-02 2.885730005801e-02 2.977587282658e-02 3.242029994726e-02 3.147571906447e-02 3.141883015633e-02 2.835942804813e-02 2.320811711252e-02 2.954962477088e-02 2.623761631548e-02 3.971398994327e-02 3.529833629727e-02 4.040209576488e-02 4.452210664749e-02 3.712883591652e-02 4.017536342144e-02 4.471386969090e-02 4.814150184393e-02 4.158273339272e-02 5.117869004607e-02 3.800960630178e-02 3.251359984279e-02 4.215728864074e-02 5.828776955605e-02 6.978913396597e-02 6.606136262417e-02 5.606038123369e-02 8.705487847328e-02 6.553186476231e-02
1.184695400298e-02 2.277486957610e-02 2.117861807346e-02 2.174799330533e-02 2.423769608140e-02 1.821576617658e-02 2.530903927982e-02 3.074001148343e-02 3.397637978196e-02 4.744327813387e-02 6.106592342257e-02 5.535212159157e-02 3.386964276433e-02 2.726918272674e-02 2.682969532907e-02 2.745191566646e-02 2.841434441507e-02 2.806660346687e-02 2.969628572464e-02 2.915578335524e-02 2.542377077043e-02 2.100758254528e-02 2.264047227800e-02 3.627113625407e-02 5.404189601541e-02 7.274602353573e-02 8.736025542021e-02 7.111355662346e-02 4.771132022142e-02 4.458867013454e-02 5.513502284884e-02 3.861932083964e-02 2.887294627726e-02 6.373696774244e-02 2.648520842195e-02 3.768984228373e-02 3.490649908781e-02 4.902477189898e-02 7.131793349981e-02 7.670646160841e-02 6.600061804056e-02 7.334976643324e-02 9.944744408131e-02
1.076550409198e-02 2.353083714843e-02 2.487481571734e-02 2.430759184062e-02 2.563785947859e-02 2.598590217531e-02 3.114908561110e-02 3.273363783956e-02 3.249954432249e-02 3.070612251759e-02 4.247910156846e-02 6.050454080105e-02 5.903476849198e-02 4.071354866028e-02 2.574029751122e-02 2.568892575800e-02 2.476366795599e-02 2.268735133111e-02 3.036175109446e-02 3.159998729825e-02 3.199867904186e-02 2.664603665471e-02 2.442503906786e-02 4.487178102136e-02 7.609061151743e-02 1.121577471495e-01 1.316217184067e-01 1.258285641670e-01 8.195838332176e-02 5.145427584648e-02 5.942178517580e-02 4.966873303056e-02 4.631250724196e-02 7.785300910473e-02 4.014917835593e-02 7.751189917326e-02 5.612619221210e-02 3.969743102789e-02 5.451906844974e-02 7.838029414415e-02 8.034059405327e-02 6.786440312862e-02 1.067194119096e-01
1.321723498404e-02 2.690822444856e-02 2.721612714231e-02 2.642703987658e-02 2.743780612946e-02 3.109745867550e-02 3.132403641939e-02 3.165064379573e-02 2.909154258668e-02 2.680542692542e-02 2.591945789754e-02 3.656155243516e-02 5.868401750922e-02 6.183344498277e-02 4.683870822191e-02 2.229160070419e-02 2.067890949547e-02 2.315940894186e-02 2.698537521064e-02 4.306103289127e-02 3.893262520432e-02 3.568350523710e-02 3.275685757399e-02 4.475928470492e-02 7.779121398926e-02 1.109644174576e-01 1.510448306799e-01 1.769811511040e-01 1.476348936558e-01 7.134680449963e-02 6.434167921543e-02 6.984539330006e-02 6.664652377367e-02 9.207727760077e-02 5.115104839206e-02 1.037084013224e-01 8.593242615461e-02 5.656035616994e-02 5.194690823555e-02 7.532996684313e-02 1.610033065081e-01 8.171699941158e-02 8.706641197205e-02
1.742828823626e-02 3.279749304056e-02 3.032963909209e-02 3.237630054355e-02 3.435925394297e-02 3.630003333092e-02 3.854046389461e-02 4.007948189974e-02 4.095187038183e-02 4.108441248536e-02 3.984411805868e-02 3.856943547726e-02 3.692462667823e-02 5.422215163708e-02 6.291348487139e-02 5.239228531718e-02 2.622114680707e-02 2.378831058741e-02 2.608458325267e-02 4.115044698119e-02 4.361074045300e-02 3.927454352379e-02 3.615488111973e-02 3.834540024400e-02 6.441204249859e-02 9.580782055855e-02 1.483328789473e-01 2.071836143732e-01 1.957060992718e-01 1.191510185599e-01 9.228594601154e-02 1.163769438863e-01 1.249906346202e-01 1.154010891914e-01 9.563261270523e-02 1.117831394076e-01 1.064678877592e-01 8.219758421183e-02 9.361673891544e-02 8.405611664057e-02 2.300448119640e-01 1.880515813828e-01 5.097173526883e-02
1.785601116717e-02 3.710703179240e-02 3.704449161887e-02 3.591751307249e-02 3.166287019849e-02 2.845992520452e-02 2.698248438537e-02 2.982861734927e-02 3.303118795156e-02 3.680599853396e-02 4.100964963436e-02 4.588678851724e-02 5.053238943219e-02 8.035075664520e-02 8.224508911371e-02 6.226551905274e-02 5.868397280574e-02 5.586762726307e-02 5.204309895635e-02 4.771463945508e-02 4.303979128599e-02 3.727599233389e-02 4.079034551978e-02 3.982943296432e-02 4.403873905540e-02 7.251591235399e-02 1.068512573838e-01 1.689951866865e-01 2.146569341421e-01 1.486130803823e-01 7.038302719593e-02 7.281070947647e-02 1.069927290082e-01 1.420880556107e-01 1.578848659992e-01 1.464977711439e-01 1.057679206133e-01 8.900317549706e-02 6.715782731771e-02 9.635069221258e-02 2.401713728905e-01 2.883110344410e-01 7.769014686346e-02
1.510897371918e-02 3.046479262412e-02 3.188833594322e-02 3.475880995393e-02 3.649422153831e-02 3.526399657130e-02 2.960351109505e-02 2.566413581371e-02 2.580419182777e-02 2.579185552895e-02 2.564126811922e-02 2.508319728076e-02 2.428870648146e-02 3.087537176907e-02 4.632692784071e-02 5.072793364525e-02 6.063799932599e-02 5.856261029840e-02 4.775794968009e-02 5.285126715899e-02 5.592023581266e-02 5.772313848138e-02 5.986659228802e-02 6.252010166645e-02 6.010099872947e-02 4.819376394153e-02 7.204329967499e-02 1.280362904072e-01 1.807709187269e-01 1.326185017824e-01 6.635805219412e-02 4.670494422317e-02 4.127985611558e-02 6.928794831038e-02 8.344866335392e-02 1.357166767120e-01 1.723819375038e-01 1.594380289316e-01 9.928007423878e-02 1.084005907178e-01 1.543509662151e-01 3.421587049961e-01 1.241149678826e-01
1.222809124738e-02 2.364131994545e-02 2.354639396071e-02 2.254586853087e-02 2.311629056931e-02 2.586694061756e-02 2.702187933028e-02 2.659362554550e-02 2.261151559651e-02 2.438529767096e-02 2.649523504078e-02 2.863314561546e-02 3.060352616012e-02 3.257613256574e-02 3.458913043141e-02 3.633115068078e-02 3.784547746181e-02 5.691074207425e-02 6.063159927726e-02 7.859424501657e-02 6.161471083760e-02 5.079901963472e-02 4.854258894920e-02 4.715607315302e-02 4.734235629439e-02 5.356447771192e-02 7.138029485941e-02 8.197101950645e-02 1.155467629433e-01 9.414667636156e-02 4.757020995021e-02 5.633047595620e-02 4.204401746392e-02 5.557834729552e-02 6.537416577339e-02 7.876246422529e-02 7.945150882006e-02 1.337392479181e-01 1.890562474728e-01 1.532818078995e-01 1.368567347527e-01 2.803382575512e-01 2.524392604828e-01
7.713492959738e-03 1.553997211158e-02 1.529688760638e-02 1.494310889393e-02 1.691352576017e-02 1.984497532248e-02 2.173397690058e-02 2.278673090041e-02 2.314579859376e-02 2.132534421980e-02 1.993552036583e-02 2.091655507684e-02 2.211702056229e-02 2.232734858990e-02 2.263731323183e-02 3.016117215157e-02 3.358358889818e-02 4.499581456184e-02 8.511684089899e-02 8.916138112545e-02 7.901198416948e-02 6.745799630880e-02 7.873553782701e-02 9.422895312309e-02 6.631987541914e-02 7.609869539738e-02 7.413034886122e-02 6.892040371895e-02 7.172843068838e-02 9.459624439478e-02 8.881425112486e-02 5.572272464633e-02 5.793480575085e-02 6.103527173400e-02 6.597320735455e-02 6.868517398834e-02 7.083570957184e-02 9.120681136847e-02 1.339041292667e-01 1.559488773346e-01 1.863136738539e-01 2.507228255272e-01 2.074092179537e-01
