VariationalSeries/SI/f165_max.grd
DSAA
101	101
32.816463539100	34.260883539100
35.556306596100	36.727886596100
2.898472303059e-05	4.661875724792e+00
[rows 0 to 18 of 101, columns 43 to 85 of 101]
6.885840557516e-03 1.174508128315e-02 1.352727320045e-02 1.071928534657e-02 7.474699988961e-03 7.506585679948e-03 6.464003119618e-03 5.887364037335e-03 3.868309315294e-03 5.660998634994e-03 7.494340650737e-03 8.867691271007e-03 1.054185163230e-02 1.506468188018e-02 6.756740156561e-03 8.305056020617e-03 1.053402666003e-02 1.153170969337e-02 7.790392730385e-03 5.000605713576e-03 5.628711543977e-03 7.600888609886e-03 7.809999398887e-03 8.430987596512e-03 8.577971719205e-03 6.236430723220e-03 4.171744920313e-03 4.196918103844e-03 7.925336249173e-03 1.188835408539e-02 9.580242447555e-03 4.695244599134e-03 5.935094319284e-03 3.872610628605e-03 3.961524926126e-03 3.395939012989e-03 2.916277619079e-03 2.633158117533e-03 1.948072342202e-03 1.959627494216e-03 2.610573545098e-03 4.363108891994e-03 4.335595294833e-03
1.193545386195e-02 2.127187885344e-02 2.655548416078e-02 2.349449135363e-02 1.761717349291e-02 1.631645485759e-02 1.350147370249e-02 1.141743548214e-02 1.058355532587e-02 1.242211088538e-02 1.381000038236e-02 1.560456026345e-02 2.084762789309e-02 3.008262440562e-02 1.286753173918e-02 1.576540991664e-02 1.988781802356e-02 2.157886326313e-02 1.481414213777e-02 9.885557927191e-03 1.153720263392e-02 1.449492760003e-02 1.545090228319e-02 1.472057029605e-02 1.537584885955e-02 1.298457290977e-02 7.716741412878e-03 8.714938536286e-03 1.790762878954e-02 2.847140096128e-02 1.704502664506e-02 7.744538132101e-03 1.161127071828e-02 7.126906421036e-03 7.665230892599e-03 6.334091071039e-03 5.219614133239e-03 4.633567761630e-03 3.737702267244e-03 3.694363636896e-03 5.774429533631e-03 8.838808164001e-03 8.235379122198e-03
1.501632574946e-02 2.172235585749e-02 2.966488339007e-02 2.915873192251e-02 2.370118536055e-02 2.369198761880e-02 1.599895022810e-02 1.406907755882e-02 1.896188966930e-02 1.892145723104e-02 1.371830236167e-02 1.727773807943e-02 2.221243269742e-02 3.145952895284e-02 1.495650317520e-02 1.792006380856e-02 2.224573120475e-02 2.469006553292e-02 1.706274412572e-02 1.345583423972e-02 1.337460614741e-02 1.455074176192e-02 1.736088655889e-02 1.847991719842e-02 2.264165505767e-02 1.744140125811e-02 1.002442557365e-02 1.075770705938e-02 2.350428700447e-02 3.675555065274e-02 1.746746711433e-02 8.990456350148e-03 1.337142009288e-02 7.862726226449e-03 8.553090505302e-03 7.529908791184e-03 6.686456035823e-03 5.309151485562e-03 4.359604325145e-03 5.272219888866e-03 7.317377720028e-03 9.783999994397e-03 8.427388034761e-03
1.729634217918e-02 1.963469386101e-02 2.652934379876e-02 2.880447544158e-02 2.568347752094e-02 3.167707473040e-02 1.676302030683e-02 1.925531215966e-02 2.714689821005e-02 2.792588248849e-02 1.858573406935e-02 1.806733943522e-02 2.275187335908e-02 3.174350783229e-02 1.570204086602e-02 2.009624801576e-02 2.280859462917e-02 2.572029456496e-02 1.855679601431e-02 1.765469089150e-02 1.436206791550e-02 1.825152337551e-02 2.206699736416e-02 2.173442952335e-02 3.004551306367e-02 2.151140011847e-02 1.129343174398e-02 1.281264144927e-02 2.741928771138e-02 3.986902534962e-02 1.641634106636e-02 1.001735404134e-02 1.417962834239e-02 7.965139113367e-03 8.767270483077e-03 9.588792920113e-03 8.091181516647e-03 6.089634727687e-03 5.139978602529e-03 6.528442259878e-03 8.735936135054e-03 1.019043661654e-02 8.073239587247e-03
1.701004244387e-02 2.353025227785e-02 2.092781476676e-02 2.434680797160e-02 2.367912419140e-02 4.020457342267e-02 1.612946577370e-02 2.378044463694e-02 3.469832614064e-02 3.723509609699e-02 2.626998722553e-02 1.891524717212e-02 2.338745258749e-02 3.189840167761e-02 1.639549434185e-02 2.200484834611e-02 2.307617478073e-02 2.657225728035e-02 2.054378762841e-02 2.170196175575e-02 1.706637069583e-02 2.304526604712e-02 2.798942476511e-02 2.721814438701e-02 3.734129294753e-02 2.486129663885e-02 1.349640078843e-02 1.373023446649e-02 2.903624624014e-02 3.852923959494e-02 1.771976612508e-02 1.193160843104e-02 1.466923858970e-02 9.431303478777e-03 1.084542274475e-02 1.125059649348e-02 8.986288681626e-03 6.350440438837e-03 6.547988392413e-03 7.120426744223e-03 1.019476074725e-02 1.033477298915e-02 7.723974995315e-03
1.475749257952e-02 2.497267350554e-02 1.870190538466e-02 1.929667778313e-02 2.058591693640e-02 4.870355874300e-02 1.828034967184e-02 2.705611102283e-02 4.137493669987e-02 4.644677042961e-02 3.430628031492e-02 1.993644796312e-02 2.425001934171e-02 3.202509135008e-02 1.816839724779e-02 2.358864620328e-02 2.301374450326e-02 2.732192538679e-02 2.103275433183e-02 2.517158538103e-02 2.065294794738e-02 2.787617594004e-02 3.330165520310e-02 3.187040239573e-02 4.384755343199e-02 2.677276916802e-02 1.484360825270e-02 1.607048511505e-02 2.778668329120e-02 3.125061094761e-02 1.760433427989e-02 1.379042118788e-02 1.480973791331e-02 1.053732354194e-02 1.268352009356e-02 1.249359920621e-02 9.415420703590e-03 6.533779669553e-03 7.384381256998e-03 8.015303872526e-03 1.164961978793e-02 1.051447726786e-02 7.408852223307e-03
1.340355630964e-02 2.390735782683e-02 1.876113750041e-02 1.508024428040e-02 1.901150494814e-02 5.652099475265e-02 2.014362998307e-02 2.860239706933e-02 4.597074538469e-02 5.346843600273e-02 4.159059375525e-02 2.206183411181e-02 2.501149475574e-02 3.202051296830e-02 1.837703213096e-02 2.512843161821e-02 2.261801064014e-02 2.784267999232e-02 2.010045200586e-02 2.660802006721e-02 2.360683120787e-02 3.131329268217e-02 3.690880909562e-02 3.444865345955e-02 4.860864207149e-02 2.692541666329e-02 1.432490255684e-02 1.799308694899e-02 2.380392886698e-02 2.172851562500e-02 1.648292131722e-02 1.562950946391e-02 1.470632944256e-02 1.125710178167e-02 1.413841824979e-02 1.321705523878e-02 9.365754202008e-03 7.700399961323e-03 7.276527117938e-03 1.089396048337e-02 1.331042125821e-02 1.078149303794e-02 6.919966544956e-03
1.546638272703e-02 2.282261475921e-02 1.812000945210e-02 1.696078293025e-02 2.140749990940e-02 6.395868211985e-02 2.298763021827e-02 2.766376733780e-02 4.643472656608e-02 5.643973499537e-02 4.730166494846e-02 2.882849052548e-02 2.599237114191e-02 3.219314664602e-02 1.840372942388e-02 2.657162025571e-02 2.194987796247e-02 2.818430960178e-02 2.070641145110e-02 2.518227882683e-02 2.536833472550e-02 3.291999548674e-02 3.777264803648e-02 3.443402051926e-02 5.134204775095e-02 2.591090649366e-02 1.646216772497e-02 2.145786397159e-02 1.807067915797e-02 1.782990619540e-02 1.906656101346e-02 1.747751049697e-02 1.429989654571e-02 1.450486108661e-02 1.505756936967e-02 1.330219395459e-02 8.849117904902e-03 7.911900989711e-03 9.144989773631e-03 1.465846039355e-02 1.457071769983e-02 1.026356406510e-02 5.786347668618e-03
1.738974079490e-02 2.288881316781e-02 1.797984167933e-02 1.836165413260e-02 2.371301501989e-02 7.088341563940e-02 2.596572600305e-02 2.429619804025e-02 4.237217456102e-02 5.493170768023e-02 5.068568512797e-02 3.512697294354e-02 2.703003212810e-02 3.701128438115e-02 2.061147801578e-02 2.800447680056e-02 2.216010168195e-02 2.841892093420e-02 2.111736498773e-02 2.223635464907e-02 2.647751569748e-02 3.224226087332e-02 3.583903983235e-02 3.464136272669e-02 5.099226534367e-02 2.290063723922e-02 1.962364278734e-02 2.513353526592e-02 1.811125315726e-02 2.193069458008e-02 2.400902844965e-02 1.926000416279e-02 1.662541367114e-02 1.803768798709e-02 1.842701062560e-02 1.268044300377e-02 8.538448251784e-03 7.679896429181e-03 1.454025693238e-02 1.772605068982e-02 1.408130396158e-02 8.146494626999e-03 6.869202479720e-03
1.866179518402e-02 2.331582084298e-02 1.780438981950e-02 1.798886060715e-02 2.592166513205e-02 7.646474242210e-02 2.857219241560e-02 1.990989595652e-02 3.602304309607e-02 5.006743967533e-02 5.103267729282e-02 4.011030495167e-02 2.805947139859e-02 3.992920368910e-02 2.589831314981e-02 2.959217317402e-02 2.960721589625e-02 2.883654646575e-02 2.132711932063e-02 2.667756006122e-02 2.591597661376e-02 2.985278144479e-02 3.160674497485e-02 3.864331915975e-02 4.733550176024e-02 1.834017969668e-02 2.285122685134e-02 2.879660762846e-02 2.078431658447e-02 2.540029399097e-02 2.824970334768e-02 2.324064821005e-02 1.847856491804e-02 1.912470161915e-02 1.998186670244e-02 1.144569739699e-02 7.948373444378e-03 1.380795426667e-02 1.952035538852e-02 1.788544841111e-02 1.087920553982e-02 7.105435710400e-03 6.726832594723e-03
1.891416125000e-02 2.412577345967e-02 1.766499504447e-02 1.934511773288e-02 2.791233919561e-02 8.094607293606e-02 3.095686621964e-02 1.993578858674e-02 2.874772250652e-02 4.217413067818e-02 4.727628082037e-02 4.269185289741e-02 3.433760255575e-02 3.974634781480e-02 3.276266157627e-02 3.114379383624e-02 4.172552376986e-02 3.122387453914e-02 2.135115116835e-02 3.532405570149e-02 2.895292825997e-02 2.630759216845e-02 3.888028487563e-02 4.113800451159e-02 4.117681831121e-02 1.843572221696e-02 2.557464502752e-02 3.134404495358e-02 2.167574502528e-02 2.741285599768e-02 3.196903318167e-02 2.705205604434e-02 1.709897629917e-02 1.660939678550e-02 1.888507790864e-02 9.827001020312e-03 1.255763601512e-02 2.041753754020e-02 2.091327123344e-02 1.388075109571e-02 6.963933352381e-03 6.513691507280e-03 6.552272476256e-03
1.836794987321e-02 2.502795308828e-02 2.301990985870e-02 2.185229398310e-02 2.970828488469e-02 8.380917459726e-02 3.246147185564e-02 2.069111727178e-02 2.411037497222e-02 3.259775787592e-02 4.033714160323e-02 4.196346923709e-02 3.824411705136e-02 4.154534637928e-02 3.970211744308e-02 3.254999592900e-02 5.575897172093e-02 4.111064970493e-02 2.154063247144e-02 4.291692376137e-02 3.228572010994e-02 3.437038511038e-02 5.120575800538e-02 4.168717935681e-02 3.332981467247e-02 1.910280063748e-02 2.673325687647e-02 3.203742206097e-02 2.073541842401e-02 2.721416391432e-02 3.388254344463e-02 3.003775328398e-02 1.770756766200e-02 1.324628572911e-02 1.749039627612e-02 1.064213830978e-02 2.017129026353e-02 2.352858148515e-02 1.673749648035e-02 8.499396033585e-03 7.629805244505e-03 8.407039567828e-03 8.907569572330e-03
1.853199675679e-02 2.592378295958e-02 2.904818393290e-02 2.004944346845e-02 3.140716627240e-02 8.612634986639e-02 3.314232081175e-02 2.135132066905e-02 2.415566146374e-02 3.103989735246e-02 3.097070753574e-02 3.726593032479e-02 3.915329650044e-02 4.627864807844e-02 4.272579029202e-02 3.625558689237e-02 6.951311975718e-02 5.016897618771e-02 2.367793396115e-02 4.884478822351e-02 3.388208523393e-02 4.169485718012e-02 6.037129089236e-02 3.887508809566e-02 2.457247860730e-02 2.273828908801e-02 2.570984326303e-02 3.030992113054e-02 1.876822113991e-02 2.489404939115e-02 3.276695683599e-02 3.078077547252e-02 1.873117499053e-02 1.145423762500e-02 1.671802997589e-02 1.860726624727e-02 2.545956894755e-02 2.018460631371e-02 1.031868532300e-02 8.248339407146e-03 7.991330698133e-03 1.081849448383e-02 1.059363782406e-02
1.654530502856e-02 2.683599293232e-02 3.147960454226e-02 2.243830636144e-02 3.315064311028e-02 8.877115696669e-02 3.358320891857e-02 2.206487953663e-02 2.206999249756e-02 2.992271631956e-02 2.456312999129e-02 2.937280945480e-02 4.207689687610e-02 4.962113872170e-02 3.962089493871e-02 4.482066631317e-02 8.043262362480e-02 5.745305866003e-02 2.780931256711e-02 5.291727557778e-02 3.394528478384e-02 4.533370211720e-02 6.321851909161e-02 3.234555944800e-02 2.151123434305e-02 2.889789082110e-02 2.986776269972e-02 2.697573974729e-02 1.849798299372e-02 2.086843550205e-02 2.897352352738e-02 2.909923158586e-02 1.868201978505e-02 1.129887346178e-02 1.686946861446e-02 2.603930421174e-02 2.419338934124e-02 1.304080430418e-02 9.188191965222e-03 7.939784787595e-03 8.586847223341e-03 1.223463378847e-02 1.127223391086e-02
2.265215665102e-02 2.790609374642e-02 3.150214254856e-02 3.659830242395e-02 3.495709225535e-02 9.036376327276e-02 3.344337269664e-02 2.637363597751e-02 1.886162348092e-02 2.734314091504e-02 2.295685373247e-02 3.222952038050e-02 4.431425780058e-02 5.295938998461e-02 4.267971590161e-02 5.322205275297e-02 8.938220143318e-02 6.168802455068e-02 2.978294901550e-02 5.635383725166e-02 3.648655489087e-02 4.421242699027e-02 6.077933683991e-02 2.695231325924e-02 2.285445109010e-02 3.459738567472e-02 3.790176287293e-02 2.362098172307e-02 1.883356831968e-02 1.721157506108e-02 2.401628717780e-02 2.607721462846e-02 1.767424307764e-02 1.273216400295e-02 2.477849647403e-02 2.796129509807e-02 1.686945185065e-02 8.823639713228e-03 9.452730417252e-03 7.341833785176e-03 9.825340472162e-03 1.299452781677e-02 1.392886508256e-02
2.990833483636e-02 2.918810211122e-02 3.101320005953e-02 4.494174197316e-02 3.632361814380e-02 9.083799272776e-02 3.246761485934e-02 3.023154474795e-02 1.994834281504e-02 2.800838463008e-02 2.380499057472e-02 3.453342244029e-02 4.640460014343e-02 5.620101466775e-02 4.121822491288e-02 6.012048944831e-02 9.103037416935e-02 5.843465402722e-02 3.532584384084e-02 5.922479182482e-02 3.658862039447e-02 4.042475298047e-02 5.258300900459e-02 2.563327178359e-02 2.498389035463e-02 3.978592529893e-02 4.080332443118e-02 2.127133309841e-02 2.047793380916e-02 1.811851374805e-02 2.478783763945e-02 2.192609757185e-02 1.571978442371e-02 2.227467298508e-02 3.003609180450e-02 2.161171101034e-02 1.209966931492e-02 7.937231101096e-03 9.528889320791e-03 8.324701339006e-03 1.258899364620e-02 1.639675907791e-02 1.632083579898e-02
3.526803106070e-02 3.814334422350e-02 3.608491271734e-02 4.153481498361e-02 3.887293860316e-02 9.008514136076e-02 3.561796993017e-02 3.323153778911e-02 2.093389071524e-02 2.841565012932e-02 2.629957906902e-02 3.573114052415e-02 4.890403151512e-02 5.939131975174e-02 3.788864985108e-02 6.449526548386e-02 8.576222509146e-02 5.184607207775e-02 3.880602493882e-02 6.137020140886e-02 3.261140361428e-02 3.228606656194e-02 4.086522758007e-02 2.370994724333e-02 2.934560179710e-02 3.981584310532e-02 3.763711452484e-02 2.252378500998e-02 2.352549880743e-02 1.992628164589e-02 2.689681202173e-02 1.879978366196e-02 1.905131153762e-02 3.006643243134e-02 2.648678980768e-02 1.855782978237e-02 1.034300122410e-02 8.650603704154e-03 1.070565916598e-02 1.204616855830e-02 1.756246387959e-02 1.801392808557e-02 1.499367412180e-02
4.617651551962e-02 4.573376104236e-02 4.939058050513e-02 3.803141415119e-02 4.607303068042e-02 8.724342286587e-02 4.054240509868e-02 3.660864755511e-02 2.860161289573e-02 2.845541387796e-02 3.064279071987e-02 4.631049185991e-02 5.096480622888e-02 6.293877959251e-02 4.102764651179e-02 6.479613482952e-02 7.625346630812e-02 4.952162504196e-02 3.989471495152e-02 6.296206265688e-02 2.992655709386e-02 2.647340856493e-02 3.080205060542e-02 2.531339973211e-02 3.189536556602e-02 3.561626374722e-02 2.783703617752e-02 2.480464801192e-02 2.742383070290e-02 2.271299064159e-02 2.781218849123e-02 1.769714057446e-02 2.841964177787e-02 2.989039383829e-02 2.663373015821e-02 1.678706705570e-02 1.211154647171e-02 1.060641091317e-02 1.280752848834e-02 1.746812835336e-02 1.952205225825e-02 1.571705006063e-02 1.165638957173e-02
5.120992287993e-02 5.057527497411e-02 6.093130633235e-02 5.675907060504e-02 3.893639892340e-02 8.232200145721e-02 3.770094364882e-02 4.230022057891e-02 3.948386758566e-02 3.275830298662e-02 3.327748179436e-02 5.578718706965e-02 5.860333517194e-02 6.686188280582e-02 4.578422382474e-02 6.099559366703e-02 7.550837844610e-02 6.038533523679e-02 3.866145387292e-02 6.317657977343e-02 3.010569512844e-02 2.854856289923e-02 3.137535974383e-02 2.813103795052e-02 2.988734468818e-02 2.808728814125e-02 2.586911432445e-02 2.889889106154e-02 3.003985062242e-02 2.355199679732e-02 2.759049460292e-02 2.669019252062e-02 3.167909383774e-02 2.985621243715e-02 2.838137187064e-02 2.080617845058e-02 1.484078075737e-02 1.367887575179e-02 1.655917428434e-02 1.956945471466e-02 1.616311073303e-02 1.340946741402e-02 1.193476002663e-02
