VariationalSeries/SI/f165_max.grd
DSAA
101	101
32.816463539100	34.260883539100
35.556306596100	36.727886596100
2.898472303059e-05	4.661875724792e+00
[rows 19 to 37 of 101, columns 0 to 42 of 101]
9.059560485184e-03 1.846553385258e-02 2.360729686916e-02 2.404635399580e-02 1.983093842864e-02 1.563497446477e-02 1.075280457735e-02 1.213508471847e-02 1.444935426116e-02 1.744775660336e-02 2.329582720995e-02 2.781447581947e-02 2.699276618659e-02 2.928268909454e-02 2.950088679790e-02 2.859243378043e-02 2.717402763665e-02 2.609608508646e-02 3.030103817582e-02 2.733094245195e-02 2.787656523287e-02 3.009473718703e-02 3.279055655003e-02 3.108344227076e-02 2.772707678378e-02 2.342841029167e-02 2.422021329403e-02 3.879519179463e-02 4.607489705086e-02 3.482046723366e-02 3.202989697456e-02 2.946850471199e-02 3.115774132311e-02 3.114262782037e-02 3.123261220753e-02 3.012415394187e-02 2.395748533309e-02 2.093392424285e-02 2.240015752614e-02 2.169425785542e-02 3.142387047410e-02 7.711188495159e-02 3.576391562819e-02
7.084300741553e-03 1.488214544952e-02 2.006208896637e-02 2.193946763873e-02 1.950344443321e-02 1.867276802659e-02 1.710298843682e-02 1.231778040528e-02 1.641342416406e-02 1.915928721428e-02 2.031141147017e-02 2.546765655279e-02 2.247678488493e-02 2.622918598354e-02 2.836170978844e-02 2.926016412675e-02 2.918388135731e-02 2.783165685833e-02 3.516884520650e-02 2.830079197884e-02 3.304200991988e-02 4.002851992846e-02 4.313003271818e-02 4.160201922059e-02 3.897138312459e-02 3.014962747693e-02 3.208922222257e-02 3.142072632909e-02 4.845240712166e-02 3.533956408501e-02 3.021546825767e-02 2.854836545885e-02 2.775460109115e-02 2.807467430830e-02 2.652533911169e-02 3.434542566538e-02 2.281332574785e-02 2.399734407663e-02 2.449642121792e-02 2.528419531882e-02 3.890190646052e-02 6.523655354977e-02 5.337825417519e-02
5.431391764432e-03 1.094693504274e-02 1.516213268042e-02 1.744532212615e-02 1.646084897220e-02 1.425335183740e-02 1.761807873845e-02 1.760958693922e-02 2.010636962950e-02 2.399401552975e-02 2.766530215740e-02 3.644765540957e-02 4.373298585415e-02 4.010097309947e-02 2.737458981574e-02 2.618127316236e-02 2.766205370426e-02 2.900915034115e-02 5.123945698142e-02 4.145985096693e-02 3.121295571327e-02 4.864878207445e-02 5.156666412950e-02 5.589433386922e-02 4.600897803903e-02 4.074111580849e-02 4.010023549199e-02 2.489210665226e-02 4.561100527644e-02 3.259342908859e-02 2.501888945699e-02 2.612098865211e-02 3.079389594495e-02 2.551446296275e-02 2.795304730535e-02 3.631592541933e-02 2.897817082703e-02 2.552935853601e-02 2.645722590387e-02 2.862952463329e-02 4.534605145454e-02 4.666909947991e-02 7.088179141283e-02
7.253152783960e-03 1.301752682775e-02 1.271469425410e-02 1.332296989858e-02 1.566491648555e-02 1.983122713864e-02 2.316245809197e-02 2.773268893361e-02 3.368973359466e-02 4.235386848450e-02 5.388534069061e-02 6.757491827011e-02 7.596313208342e-02 6.610171496868e-02 4.168717563152e-02 2.541881427169e-02 3.506319597363e-02 4.926186800003e-02 6.237306818366e-02 5.079630389810e-02 4.013517498970e-02 5.279679596424e-02 5.620194226503e-02 6.274466961622e-02 4.576432332397e-02 4.639299586415e-02 4.763022810221e-02 2.992564626038e-02 3.726097196341e-02 2.702988125384e-02 2.563142217696e-02 2.538344822824e-02 3.194386884570e-02 3.215545788407e-02 3.209634497762e-02 3.081792593002e-02 4.069083929062e-02 2.840033359826e-02 2.850622497499e-02 3.141004219651e-02 5.053401365876e-02 4.384061321616e-02 8.230980485678e-02
7.045730017126e-03 1.454092748463e-02 1.577967964113e-02 1.510409824550e-02 1.963120140135e-02 2.667777240276e-02 2.926485240459e-02 3.095804713666e-02 3.430777043104e-02 3.971836715937e-02 4.793134704232e-02 5.467152222991e-02 5.598711967468e-02 4.792610928416e-02 3.514453023672e-02 3.130067139864e-02 3.415344655514e-02 4.578503593802e-02 6.103774905205e-02 3.903745487332e-02 3.763325512409e-02 5.321490764618e-02 5.611222609878e-02 6.016639992595e-02 4.799110069871e-02 4.624591395259e-02 5.369221419096e-02 4.576268419623e-02 4.620734974742e-02 3.937746584415e-02 3.403205052018e-02 5.044338852167e-02 4.714837297797e-02 3.469903394580e-02 3.389108926058e-02 3.427260369062e-02 4.507771134377e-02 3.293972462416e-02 3.112097457051e-02 3.313036262989e-02 5.343104153872e-02 4.444213211536e-02 8.405745029449e-02
1.422178745270e-02 2.454047091305e-02 1.595172099769e-02 1.609423011541e-02 1.806887052953e-02 2.321797050536e-02 2.629693411291e-02 2.604294195771e-02 2.590714581311e-02 2.696164511144e-02 2.849359810352e-02 3.017785958946e-02 2.875232137740e-02 3.173563256860e-02 3.213212266564e-02 2.878520451486e-02 2.857280150056e-02 5.252693593502e-02 6.011115387082e-02 3.194983676076e-02 3.216808289289e-02 4.926318675280e-02 5.324250087142e-02 5.128159001470e-02 4.628693684936e-02 4.232092201710e-02 5.780645087361e-02 5.063015222549e-02 4.245809838176e-02 4.108931124210e-02 4.010089859366e-02 6.481932848692e-02 9.641185402870e-02 9.186429530382e-02 8.325442671776e-02 7.953314483166e-02 8.260662108660e-02 5.062796920538e-02 4.293276369572e-02 3.527822718024e-02 5.463213473558e-02 4.292022809386e-02 7.436858117580e-02
2.636642009020e-02 5.584111064672e-02 5.748041719198e-02 5.035691335797e-02 3.143902868032e-02 1.816664449871e-02 1.736082136631e-02 1.818823069334e-02 2.003481239080e-02 2.590506523848e-02 3.107791207731e-02 3.475653380156e-02 3.589780628681e-02 3.442844375968e-02 3.136621043086e-02 3.238325193524e-02 3.416712582111e-02 5.118162557483e-02 5.046368390322e-02 2.964806929231e-02 3.205074369907e-02 4.018997773528e-02 4.604183882475e-02 4.261887818575e-02 4.792651534081e-02 4.622977226973e-02 5.998792126775e-02 6.396626681089e-02 6.801800429821e-02 6.090777367353e-02 4.597121849656e-02 3.859109058976e-02 7.806068658829e-02 8.529542386532e-02 9.410157054663e-02 1.138740181923e-01 1.423071771860e-01 8.675853163004e-02 6.337544322014e-02 5.381637811661e-02 5.361174046993e-02 4.002043977380e-02 5.561557412148e-02
2.814869768918e-02 6.069052964449e-02 7.002307474613e-02 8.262426406145e-02 9.038702398539e-02 7.838852703571e-02 4.394312575459e-02 2.407527901232e-02 3.284069895744e-02 3.836825117469e-02 3.944001719356e-02 3.733184933662e-02 3.483178839087e-02 4.690426215529e-02 5.168052390218e-02 5.130765959620e-02 5.050491541624e-02 4.912303760648e-02 4.851624369621e-02 4.685584083200e-02 4.579310119152e-02 4.578728601336e-02 4.441224783659e-02 5.591598153114e-02 6.727263331413e-02 5.817474797368e-02 6.572443991899e-02 8.439425379038e-02 8.535579591990e-02 7.585972547531e-02 5.668600648642e-02 4.132901132107e-02 4.613136127591e-02 7.232501357794e-02 1.077408120036e-01 9.475867450237e-02 9.622692316771e-02 7.281605154276e-02 7.725229859352e-02 7.867866009474e-02 6.401201337576e-02 4.132124036551e-02 4.964685067534e-02
1.808113977313e-02 3.989657014608e-02 4.640571773052e-02 5.694952607155e-02 7.407114654779e-02 9.730643779039e-02 1.098965629935e-01 8.547466248274e-02 4.464524984360e-02 4.146210849285e-02 3.693507984281e-02 4.759800434113e-02 5.612573027611e-02 5.844881013036e-02 5.553755909204e-02 5.549041926861e-02 5.491344258189e-02 5.325574800372e-02 5.577215179801e-02 5.626646056771e-02 5.781062692404e-02 6.279493868351e-02 5.935616418719e-02 5.464725196362e-02 5.305668711662e-02 6.844695657492e-02 6.559294462204e-02 8.083263039589e-02 8.896826952696e-02 7.991030812263e-02 5.976844951510e-02 6.508588790894e-02 8.401817828417e-02 1.124602258205e-01 1.340651065111e-01 9.696093201637e-02 6.715849786997e-02 5.606633424759e-02 6.930161267519e-02 8.883696794510e-02 9.701445698738e-02 6.591048091650e-02 4.955551773310e-02
1.246239617467e-02 2.447195909917e-02 3.055261448026e-02 2.811148203909e-02 3.230414539576e-02 4.829933866858e-02 7.541844248772e-02 1.021969467402e-01 1.019156053662e-01 7.012846320868e-02 5.328371748328e-02 5.626412481070e-02 5.701881274581e-02 5.444791167974e-02 5.350368842483e-02 5.260106176138e-02 4.987054318190e-02 5.348670110106e-02 5.484960973263e-02 5.685597658157e-02 6.023098528385e-02 5.810030549765e-02 5.580516532063e-02 5.505653098226e-02 5.411431565881e-02 5.320775508881e-02 5.633163824677e-02 6.224803999066e-02 7.528878748417e-02 7.839529961348e-02 6.148821115494e-02 7.552039623260e-02 9.101916104555e-02 1.034040451050e-01 1.000888869166e-01 6.262407451868e-02 6.533203274012e-02 7.561342418194e-02 8.154383301735e-02 7.319372892380e-02 1.086116060615e-01 1.104675084352e-01 6.188121810555e-02
1.444543059915e-02 2.844629250467e-02 2.829658426344e-02 3.470358252525e-02 2.846740372479e-02 2.464011497796e-02 2.897293493152e-02 5.316853523254e-02 8.519882708788e-02 9.897597879171e-02 8.063679933548e-02 5.383182317019e-02 5.115764588118e-02 5.002731457353e-02 4.680912941694e-02 4.546812176704e-02 4.691023379564e-02 5.076577886939e-02 4.956114664674e-02 4.946372658014e-02 4.464599490166e-02 3.637287765741e-02 4.616269096732e-02 4.101057350636e-02 6.212006509304e-02 5.535830184817e-02 6.331072002649e-02 6.960493326187e-02 5.811285972595e-02 6.287754327059e-02 6.995684653521e-02 7.532888650894e-02 6.570673733950e-02 8.044286817312e-02 6.001005694270e-02 5.107215419412e-02 6.591505557299e-02 9.132959693670e-02 1.093336567283e-01 1.035126447678e-01 8.790596574545e-02 1.365401744843e-01 1.028123199940e-01
1.864816434681e-02 3.585200384259e-02 3.334510698915e-02 3.432215750217e-02 3.822292760015e-02 2.872937358916e-02 3.989372402430e-02 4.844356328249e-02 5.354714021087e-02 7.454551756382e-02 9.594605863094e-02 8.698404580355e-02 5.323603376746e-02 4.300309345126e-02 4.230828210711e-02 4.328120127320e-02 4.479001834989e-02 4.423155635595e-02 4.646336287260e-02 4.583764448762e-02 3.997025638819e-02 3.253772854805e-02 3.534611687064e-02 5.711439624429e-02 8.489020913839e-02 1.141822859645e-01 1.369837820530e-01 1.114678755403e-01 7.459928095341e-02 6.969165056944e-02 8.629205077887e-02 6.035143509507e-02 4.507170617580e-02 1.001493483782e-01 4.130765795708e-02 5.927344039083e-02 5.453900992870e-02 7.679265737534e-02 1.117045357823e-01 1.201502680779e-01 1.034081429243e-01 1.150030121207e-01 1.559688448906e-01
1.693996787071e-02 3.702558204532e-02 3.913567960262e-02 3.824777901173e-02 4.043918102980e-02 4.096217826009e-02 4.909659922123e-02 5.159290507436e-02 5.121603235602e-02 4.839029535651e-02 6.673942506313e-02 9.504242986441e-02 9.274844080210e-02 6.397792696953e-02 4.059340432286e-02 4.051356390119e-02 3.904566913843e-02 3.568691387773e-02 4.772044718266e-02 4.965896159410e-02 5.016748979688e-02 4.187498241663e-02 3.833941742778e-02 7.053824514151e-02 1.193875297904e-01 1.759200096130e-01 2.063904851675e-01 1.972703039646e-01 1.284392625093e-01 8.041398227215e-02 9.304044395685e-02 7.753942906857e-02 7.233852148056e-02 1.222958490252e-01 6.293863803148e-02 1.216824054718e-01 8.821403235197e-02 6.115594506264e-02 8.537812530994e-02 1.227455064654e-01 1.258279085159e-01 1.063268780708e-01 1.673131883144e-01
2.081170305610e-02 4.236422106624e-02 4.283980280161e-02 4.159149900079e-02 4.324283823371e-02 4.902046918869e-02 4.938515275717e-02 4.986839741468e-02 4.584241658449e-02 4.222897812724e-02 4.085713997483e-02 5.744280293584e-02 9.216337651014e-02 9.712168574333e-02 7.358552515507e-02 3.491832688451e-02 3.248613327742e-02 3.636230528355e-02 4.241833090782e-02 6.759702414274e-02 6.112839654088e-02 5.591776594520e-02 5.141175538301e-02 7.031688094139e-02 1.220512911677e-01 1.740145236254e-01 2.368409931660e-01 2.775065898895e-01 2.314416319132e-01 1.117494851351e-01 1.009348183870e-01 1.095058619976e-01 1.044272482395e-01 1.445991098881e-01 8.012098819017e-02 1.627085208893e-01 1.348966807127e-01 8.890281617641e-02 8.135326206684e-02 1.188698187470e-01 2.529154717922e-01 1.283193528652e-01 1.364423036575e-01
2.734820730984e-02 5.147597193718e-02 4.774416238070e-02 5.095861479640e-02 5.407089740038e-02 5.711604654789e-02 6.063040345907e-02 6.303797662258e-02 6.439445167780e-02 6.458052247763e-02 6.260597705841e-02 6.057091429830e-02 5.800407752395e-02 8.514115959406e-02 9.879510104656e-02 8.229086548090e-02 4.118868708611e-02 3.727057203650e-02 4.096167907119e-02 6.456991285086e-02 6.842552125454e-02 6.151515245438e-02 5.677233263850e-02 6.017882004380e-02 1.010687276721e-01 1.502751559019e-01 2.326152175665e-01 3.248849511147e-01 3.068352341652e-01 1.866880655289e-01 1.448826938868e-01 1.826208978891e-01 1.960276365280e-01 1.808595061302e-01 1.497645676136e-01 1.752752810717e-01 1.670298725367e-01 1.290376931429e-01 1.465740799904e-01 1.323787420988e-01 3.610023558140e-01 2.951781153679e-01 7.985413819551e-02
2.799627743661e-02 5.818362534046e-02 5.809471011162e-02 5.633023008704e-02 4.967134818435e-02 4.486956819892e-02 4.243015870452e-02 4.688932746649e-02 5.190481990576e-02 5.781061202288e-02 6.438590586185e-02 7.194928824902e-02 7.936508953571e-02 1.262785792351e-01 1.292740702629e-01 9.775403141975e-02 9.203616529703e-02 8.761628717184e-02 8.158973604441e-02 7.478284835815e-02 6.743890047073e-02 5.838533490896e-02 6.386552006006e-02 6.253513693810e-02 6.913433969021e-02 1.137434840202e-01 1.675832867622e-01 2.650322020054e-01 3.365870118141e-01 2.328664362431e-01 1.101925149560e-01 1.143397316337e-01 1.679177731276e-01 2.228761017323e-01 2.475254684687e-01 2.295249998569e-01 1.655602604151e-01 1.396028250456e-01 1.054496243596e-01 1.507483422756e-01 3.765382468700e-01 4.522617161274e-01 1.218174472451e-01
2.383282966912e-02 4.805610328913e-02 4.997042566538e-02 5.447599291801e-02 5.719799175858e-02 5.526592209935e-02 4.640211164951e-02 4.027654975653e-02 4.048784822226e-02 4.045790061355e-02 4.020784795284e-02 3.932023420930e-02 3.807003051043e-02 4.858120158315e-02 7.290647923946e-02 7.978345453739e-02 9.518019109964e-02 9.194093942642e-02 7.481282204390e-02 8.280348032713e-02 8.763922005892e-02 9.047502279282e-02 9.382610023022e-02 9.798737615347e-02 9.417361021042e-02 7.559937983751e-02 1.129823997617e-01 2.007798701525e-01 2.833895087242e-01 2.077040374279e-01 1.037544161081e-01 7.309679687023e-02 6.456888467073e-02 1.087991967797e-01 1.309367269278e-01 2.128211408854e-01 2.701484262943e-01 2.496796101332e-01 1.553028672934e-01 1.704448908567e-01 2.419155836105e-01 5.363598465919e-01 1.941656470299e-01
1.930123567581e-02 3.731060028076e-02 3.714618831873e-02 3.555088117719e-02 3.620639070868e-02 4.051562026143e-02 4.232462495565e-02 4.165340214968e-02 3.541757911444e-02 3.821277618408e-02 4.151362925768e-02 4.485832154751e-02 4.793823137879e-02 5.102604627609e-02 5.418364331126e-02 5.691413581371e-02 5.928255617619e-02 8.931555598974e-02 9.516970813274e-02 1.237899437547e-01 9.711177647114e-02 8.004166930914e-02 7.662057876587e-02 7.408941537142e-02 7.437018305063e-02 8.383814245462e-02 1.117037907243e-01 1.284325420856e-01 1.810465008020e-01 1.473195254803e-01 7.412628084421e-02 8.813446760178e-02 6.588498502970e-02 8.702240139246e-02 1.026787906885e-01 1.229257881641e-01 1.238906383514e-01 2.095704674721e-01 2.960810065269e-01 2.399010509253e-01 2.151170372963e-01 4.392794370651e-01 3.953347206116e-01
1.217999309301e-02 2.452060207725e-02 2.412870340049e-02 2.350804023445e-02 2.654868923128e-02 3.123180754483e-02 3.419530019164e-02 3.584603965282e-02 3.641216084361e-02 3.354922682047e-02 3.123620897532e-02 3.298373147845e-02 3.487305715680e-02 3.512751683593e-02 3.555990010500e-02 4.748133197427e-02 5.286403745413e-02 7.059255987406e-02 1.335956305265e-01 1.400668323040e-01 1.242997050285e-01 1.062697023153e-01 1.238005235791e-01 1.481521129608e-01 1.042428016663e-01 1.193449199200e-01 1.162303835154e-01 1.080441772938e-01 1.122003346682e-01 1.479685008526e-01 1.389259248972e-01 8.722589164972e-02 9.071590006351e-02 9.564492851496e-02 1.032831147313e-01 1.071440875530e-01 1.105345785618e-01 1.422788649797e-01 2.100253552198e-01 2.441763281822e-01 2.915777564049e-01 3.942689001560e-01 3.249231576920e-01
