VariationalSeries/SI/f165_max.grd
DSAA
101	101
32.816463539100	34.260883539100
35.556306596100	36.727886596100
2.898472303059e-05	4.661875724792e+00
[rows 38 to 56 of 101, columns 0 to 42 of 101]
1.129176467657e-02 2.382618188858e-02 2.577106468379e-02 2.684867009521e-02 3.175983205438e-02 3.890879824758e-02 4.491308331490e-02 5.119139701128e-02 5.622541531920e-02 5.133993923664e-02 4.212816432118e-02 3.437674418092e-02 3.397062048316e-02 3.346199169755e-02 3.546370565891e-02 3.960952162743e-02 4.518097266555e-02 8.390603214502e-02 1.360197961330e-01 1.460799127817e-01 1.178681254387e-01 9.975286573172e-02 6.644170731306e-02 7.760244607925e-02 1.540432274342e-01 1.998624354601e-01 1.923511773348e-01 1.374603807926e-01 9.888875484467e-02 1.099128797650e-01 1.164116859436e-01 1.414121091366e-01 1.940965056419e-01 1.924576014280e-01 1.806159317493e-01 1.075055301189e-01 1.467816829681e-01 1.649594306946e-01 1.637614518404e-01 2.513787448406e-01 2.736893594265e-01 4.079343974590e-01 3.302402794361e-01
1.654735952616e-02 2.946051955223e-02 2.470744587481e-02 2.437257021666e-02 3.472268953919e-02 4.216909036040e-02 5.531238391995e-02 6.949882209301e-02 7.745239883661e-02 7.252141088247e-02 5.271870270371e-02 4.121915623546e-02 3.552578389645e-02 3.615278750658e-02 3.878992050886e-02 4.192184284329e-02 4.466880112886e-02 4.707311093807e-02 7.405305653811e-02 1.036545857787e-01 1.059097722173e-01 1.038892641664e-01 1.074931770563e-01 8.867239952087e-02 8.243671804667e-02 9.159409254789e-02 1.230594813824e-01 2.318312972784e-01 3.104566633701e-01 3.149166703224e-01 2.472833096981e-01 1.217839941382e-01 1.378596276045e-01 1.162264570594e-01 2.327963858843e-01 2.085463255644e-01 1.365568637848e-01 1.652289479971e-01 2.023587822914e-01 2.300739884377e-01 3.081950843334e-01 3.685924410820e-01 4.365696012974e-01
1.914223656058e-02 3.812383115292e-02 3.611584752798e-02 3.161098435521e-02 4.168732091784e-02 5.125829577446e-02 6.209609284997e-02 8.155634254217e-02 8.831623941660e-02 8.800093829632e-02 6.019948422909e-02 4.042953997850e-02 4.071540758014e-02 3.525588288903e-02 2.940092794597e-02 3.304863348603e-02 3.842038288713e-02 4.188676550984e-02 4.415989667177e-02 5.890297889709e-02 8.666298538446e-02 1.213602125645e-01 1.457002162933e-01 1.467196494341e-01 1.434644311666e-01 9.538040310144e-02 7.559508830309e-02 8.001053333282e-02 7.778075337410e-02 9.649013727903e-02 2.055706232786e-01 3.281780481339e-01 3.891427218914e-01 3.248488306999e-01 1.650972068310e-01 1.642705500126e-01 2.856680750847e-01 2.374362200499e-01 2.479062378407e-01 2.468019574881e-01 2.279302924871e-01 3.084363937378e-01 4.627238810062e-01
2.763503603637e-02 4.659001529217e-02 5.413912236691e-02 5.561210587621e-02 5.010784417391e-02 5.976828187704e-02 5.963837355375e-02 5.748008191586e-02 5.740730091929e-02 7.027427852154e-02 7.578194886446e-02 6.569920480251e-02 4.869899898767e-02 4.340452700853e-02 4.415959119797e-02 5.462123081088e-02 6.336195766926e-02 7.086838781834e-02 6.926514953375e-02 5.034342780709e-02 5.561126396060e-02 7.355397194624e-02 8.450722694397e-02 1.132336258888e-01 1.404672563076e-01 1.667361110449e-01 1.858833879232e-01 1.802904307842e-01 1.851338297129e-01 2.020035833120e-01 2.233629822731e-01 2.195806503296e-01 3.386012911797e-01 3.817813098431e-01 2.723671793938e-01 3.440488278866e-01 3.817240297794e-01 3.241735398769e-01 3.645133376122e-01 2.971145212650e-01 2.079532146454e-01 3.635404407978e-01 3.015502989292e-01
2.843426354229e-02 4.998514056206e-02 5.488672479987e-02 4.970220848918e-02 5.549020692706e-02 6.993710249662e-02 6.946969777346e-02 6.012819707394e-02 7.221321016550e-02 6.009659916162e-02 5.725262314081e-02 7.980456948280e-02 8.274984359741e-02 6.228787824512e-02 5.771853402257e-02 5.319531634450e-02 5.448388308287e-02 7.296936959028e-02 9.838618338108e-02 1.000073030591e-01 6.442756205797e-02 7.261376082897e-02 9.300980716944e-02 7.768382132053e-02 8.976139128208e-02 1.083107367158e-01 1.428369134665e-01 2.153774201870e-01 2.897623479366e-01 2.652238309383e-01 2.514003515244e-01 1.865288168192e-01 1.859619468451e-01 3.490445315838e-01 3.357594013214e-01 4.229634106159e-01 2.794503569603e-01 3.957615494728e-01 3.469928801060e-01 5.002469420433e-01 5.170096158981e-01 4.077579379082e-01 4.586873054504e-01
5.493238940835e-02 1.065028905869e-01 7.964349538088e-02 6.624627858400e-02 6.481118500233e-02 5.830333381891e-02 5.979570001364e-02 7.274874299765e-02 7.203849405050e-02 5.822503566742e-02 7.279811799526e-02 4.961034655571e-02 6.373855471611e-02 8.923142403364e-02 7.740680873394e-02 6.689742952585e-02 8.377127349377e-02 1.818101853132e-01 2.143694311380e-01 1.169916391373e-01 1.252969652414e-01 7.391671091318e-02 8.685371279716e-02 1.229770630598e-01 8.176574110985e-02 7.478035986423e-02 7.882608473301e-02 8.610284328461e-02 1.099041402340e-01 1.249311193824e-01 1.334612220526e-01 1.453336775303e-01 1.980853825808e-01 3.132247328758e-01 2.149806171656e-01 1.988630890846e-01 2.923206388950e-01 3.324227929115e-01 2.204733192921e-01 4.579210579395e-01 4.715645313263e-01 5.123938918114e-01 6.282655596733e-01
8.696974813938e-02 1.595009416342e-01 1.293098330498e-01 1.008017584682e-01 9.292329847813e-02 7.567761838436e-02 1.045673713088e-01 9.176873415709e-02 9.157705307007e-02 7.163690775633e-02 5.603710189462e-02 6.869933009148e-02 6.161390617490e-02 4.024701565504e-02 7.561483234167e-02 8.856019377708e-02 6.443122774363e-02 5.520058795810e-02 1.009106636047e-01 6.686442345381e-02 1.163774877787e-01 1.378099620342e-01 1.369106918573e-01 1.201275065541e-01 1.648121476173e-01 1.012211441994e-01 9.408144652843e-02 1.218985766172e-01 1.428972333670e-01 1.091325581074e-01 1.389848142862e-01 1.711144894361e-01 2.026019394398e-01 2.373099774122e-01 3.023033440113e-01 2.288794368505e-01 2.560567557812e-01 2.864452302456e-01 2.714645564556e-01 3.897822797298e-01 3.584948480129e-01 5.209879279137e-01 5.336489677429e-01
3.365550190210e-02 7.003342360258e-02 8.578892052174e-02 1.009365469217e-01 1.030283272266e-01 1.142574027181e-01 1.205880567431e-01 1.038101091981e-01 9.307429194450e-02 8.924899995327e-02 8.366638422012e-02 7.742980122566e-02 7.307209819555e-02 6.885161995888e-02 7.452470809221e-02 6.361597031355e-02 4.522528871894e-02 5.321324244142e-02 5.607394874096e-02 7.664576172829e-02 7.187750190496e-02 1.187913492322e-01 1.284907609224e-01 1.374090015888e-01 1.609547287226e-01 1.815624237061e-01 1.971209496260e-01 2.052816152573e-01 2.097944319248e-01 2.259627282619e-01 2.294613867998e-01 2.412589043379e-01 2.561692595482e-01 2.126459330320e-01 1.842430531979e-01 2.594698071480e-01 3.099695146084e-01 4.780330061913e-01 5.716483592987e-01 5.268409252167e-01 5.021630525589e-01 5.232211947441e-01 4.331986308098e-01
3.295896947384e-02 6.895617395639e-02 7.777599990368e-02 8.557607978582e-02 1.000186875463e-01 1.022434681654e-01 9.393987059593e-02 7.598278671503e-02 7.178811728954e-02 8.542457222939e-02 1.004099324346e-01 9.528715163469e-02 7.203748822212e-02 4.687537997961e-02 5.046418681741e-02 2.914767339826e-02 1.694838702679e-02 1.875168457627e-02 2.489463053644e-02 3.004340454936e-02 8.951147645712e-02 1.578774303198e-01 1.339741647243e-01 1.701593995094e-01 1.639472395182e-01 2.018447518349e-01 2.082967162132e-01 1.972244828939e-01 1.839369684458e-01 2.091014534235e-01 2.230181694031e-01 2.876043021679e-01 3.674263954163e-01 4.004218876362e-01 3.420951366425e-01 2.886937856674e-01 3.194238245487e-01 2.286021560431e-01 3.488586246967e-01 3.561196327209e-01 5.566778779030e-01 5.260435938835e-01 5.664415955544e-01
8.946160785854e-03 1.797959208488e-02 1.897704415023e-02 2.042698487639e-02 2.790346555412e-02 3.903621807694e-02 5.136591941118e-02 5.514050647616e-02 5.327174812555e-02 4.913364723325e-02 5.158318206668e-02 6.553459167480e-02 6.545647978783e-02 5.329036340117e-02 3.446106240153e-02 2.669965103269e-02 1.371151302010e-02 1.168081443757e-02 1.299379393458e-02 2.757902815938e-02 6.207141652703e-02 1.316493749619e-01 3.291571736336e-01 3.092347979546e-01 2.777664363384e-01 2.608812749386e-01 2.514396905899e-01 2.444446980953e-01 2.599844634533e-01 3.003748953342e-01 3.346940577030e-01 3.787325024605e-01 6.521641612053e-01 3.627013266087e-01 8.189535140991e-01 5.566662549973e-01 4.426927864552e-01 4.793578982353e-01 5.925074815750e-01 6.869878172874e-01 7.263067960739e-01 6.870413422585e-01 6.888700127602e-01
8.159376680851e-03 1.575964689255e-02 1.715700887144e-02 1.718357764184e-02 2.890160121024e-02 4.282679408789e-02 4.464102908969e-02 3.643700107932e-02 2.690543793142e-02 2.203424274921e-02 2.771926485002e-02 3.440134972334e-02 3.294312208891e-02 2.647513151169e-02 1.949082501233e-02 1.381907146424e-02 1.001417636871e-02 7.304884959012e-03 7.609709631652e-03 2.470217645168e-02 7.898405194283e-02 1.362157613039e-01 1.338181495667e-01 2.852118313313e-01 6.871786117554e-01 3.470635116100e-01 2.162417769432e-01 1.960037499666e-01 2.038889378309e-01 2.219343632460e-01 3.821223378181e-01 5.503157377243e-01 2.913359999657e-01 4.337483048439e-01 7.834824919701e-01 1.432074189186e+00 5.846374630928e-01 4.619031250477e-01 4.127322733402e-01 4.540309011936e-01 3.886374533176e-01 7.153816223145e-01 8.386454582214e-01
4.249860066921e-03 8.824861608446e-03 1.056994218379e-02 1.172609068453e-02 1.539312675595e-02 2.475602738559e-02 2.836716920137e-02 2.459775283933e-02 1.903748512268e-02 1.430840231478e-02 1.183496415615e-02 1.128869596869e-02 8.989882655442e-03 7.817289792001e-03 9.334390982985e-03 7.108112331480e-03 6.638388149440e-03 5.582640413195e-03 6.489607971162e-03 9.904677048326e-03 1.651863381267e-02 4.559180885553e-02 4.776558652520e-02 6.350279599428e-02 2.492157369852e-01 2.635515034199e-01 9.817317873240e-02 5.347747728229e-02 5.509717762470e-02 1.817254722118e-01 2.406005710363e-01 2.627313733101e-01 2.721738815308e-01 2.233533561230e-01 3.288020491600e-01 9.455780386925e-01 4.996401965618e-01 3.082454502583e-01 2.150719463825e-01 1.951619386673e-01 1.833359897137e-01 4.806062579155e-01 6.672539710999e-01
1.845304854214e-03 3.687488613650e-03 3.836634336039e-03 4.364707507193e-03 5.394245032221e-03 6.832486949861e-03 8.132165297866e-03 8.850768208504e-03 8.561671711504e-03 7.252645213157e-03 6.225200369954e-03 7.156890351325e-03 7.389796897769e-03 6.837151944637e-03 6.935159675777e-03 7.929521612823e-03 6.024536211044e-03 4.826799966395e-03 5.411839112639e-03 8.036458864808e-03 9.185271337628e-03 1.676070503891e-02 2.913852035999e-02 6.355436891317e-02 1.543497294188e-01 9.570279717445e-02 5.872588977218e-02 4.704998806119e-02 4.556225240231e-02 1.464930362999e-02 1.283706352115e-02 1.397003885359e-02 2.180643007159e-02 4.728016629815e-02 1.096665635705e-01 1.864945530891e+00 3.553725719452e+00 4.747635126114e-01 3.236472308636e-01 1.667112261057e-01 1.174545362592e-01 1.268443167210e-01 2.459629625082e-01
1.503303181380e-03 2.733333036304e-03 3.034952795133e-03 3.032638924196e-03 3.053560154513e-03 3.937034402043e-03 5.170617718250e-03 6.365015637130e-03 7.075987290591e-03 6.928444840014e-03 5.816488526762e-03 5.384503863752e-03 5.848849657923e-03 5.659462418407e-03 5.038207862526e-03 6.162758916616e-03 7.158172782511e-03 5.693837068975e-03 4.396039526910e-03 1.294517610222e-02 1.633885316551e-02 1.217992883176e-02 1.619352586567e-02 2.866399474442e-02 5.453713610768e-02 5.414943695068e-01 1.179854422808e-01 1.045802012086e-01 4.419268295169e-02 8.693449199200e-03 7.601820398122e-03 7.959514856339e-03 9.262773208320e-03 1.141770277172e-02 1.531186606735e-02 8.236698061228e-02 5.725072026253e-01 1.478189349174e+00 3.771491050720e-01 2.120806723833e-01 6.062201410532e-02 3.919500857592e-02 4.309557750821e-02
1.414482132532e-03 3.368125297129e-03 4.554338753223e-03 5.256767850369e-03 5.473910830915e-03 5.050711333752e-03 4.490335937589e-03 4.088699817657e-03 5.076438188553e-03 5.821849219501e-03 5.802191793919e-03 5.016937851906e-03 4.367476794869e-03 5.434749647975e-03 5.674305837601e-03 5.070548038930e-03 5.904661025852e-03 7.621554192156e-03 6.015430204570e-03 1.259634643793e-02 1.349762734026e-02 1.151343621314e-02 1.282135397196e-02 1.388891041279e-02 3.158697485924e-02 1.104051843286e-01 1.137663945556e-01 2.911139093339e-02 1.345889270306e-02 8.413410745561e-03 6.303353235126e-03 5.381648894399e-03 5.309149157256e-03 6.653964519501e-03 8.655171841383e-03 2.931013889611e-02 1.498674899340e-01 5.313321948051e-01 6.445970535278e-01 9.842962026596e-02 4.270076379180e-02 2.741971425712e-02 2.600320987403e-02
2.142556942999e-03 5.043635610491e-03 6.445705890656e-03 7.248458918184e-03 7.446862291545e-03 7.115655113012e-03 6.679741200060e-03 6.009482312948e-03 5.186307244003e-03 4.239578265697e-03 4.661660175771e-03 4.893138073385e-03 4.683631006628e-03 5.517540965229e-03 6.326589267701e-03 5.975960288197e-03 5.040652584285e-03 8.008923381567e-03 8.477450348437e-03 2.226173505187e-02 1.430757343769e-02 1.025536004454e-02 6.941659841686e-03 7.095581851900e-03 1.338858623058e-02 9.902513027191e-02 1.390604823828e-01 2.642077207565e-02 1.722777076066e-02 8.805925957859e-03 5.427193362266e-03 3.766109934077e-03 3.346674377099e-03 3.542958525941e-03 5.424295552075e-03 8.941443637013e-03 6.070641800761e-02 1.878646612167e-01 5.005078315735e-01 2.422690838575e-01 1.153957322240e-01 2.275563776493e-02 1.932240277529e-02
1.458555110730e-03 3.194391494617e-03 3.984292037785e-03 4.372508265078e-03 4.240102600306e-03 4.218302667141e-03 4.721283912659e-03 5.280524492264e-03 5.806491710246e-03 5.815422162414e-03 5.006499122828e-03 3.770164214075e-03 4.439135082066e-03 4.862927831709e-03 4.912725184113e-03 4.932848736644e-03 5.156791768968e-03 8.448619395494e-03 1.151741296053e-02 1.915618032217e-02 1.484839431942e-02 1.164700184017e-02 5.737562198192e-03 5.662407260388e-03 1.143092010170e-02 3.633836284280e-02 3.093890473247e-02 2.051415294409e-02 1.611486263573e-02 9.015960618854e-03 4.986315965652e-03 4.113305825740e-03 3.626868827268e-03 3.542192513123e-03 4.539079032838e-03 7.678407710046e-03 1.607066392899e-02 8.122028410435e-02 9.556003659964e-02 5.806244909763e-02 3.485549613833e-02 1.752631925046e-02 1.578170061111e-02
1.370944431983e-03 2.477576490492e-03 3.680670633912e-03 4.701372236013e-03 5.609961692244e-03 6.630572490394e-03 7.751338649541e-03 8.963419124484e-03 1.008368842304e-02 1.040357816964e-02 9.298454038799e-03 6.902535445988e-03 4.437020979822e-03 4.627670161426e-03 5.669490899891e-03 6.151740439236e-03 7.739804685116e-03 8.959926664829e-03 1.043036952615e-02 1.834717206657e-02 1.324064750224e-02 8.662769570947e-03 4.585941787809e-03 4.422011785209e-03 8.304209448397e-03 9.648899547756e-03 1.107709482312e-01 1.408217567950e-02 1.323045976460e-02 7.975728251040e-03 4.598903935403e-03 3.705086186528e-03 3.533396171406e-03 3.729075891897e-03 4.807966761291e-03 6.539075635374e-03 1.085589826107e-02 1.337420847267e-02 2.817703783512e-02 3.743146732450e-02 2.334328368306e-02 1.407164055854e-02 1.809813641012e-02
1.376591739245e-03 2.490162616596e-03 3.375422209501e-03 4.173190798610e-03 4.978412762284e-03 5.961631890386e-03 7.000504992902e-03 8.048841729760e-03 9.028449654579e-03 9.557264856994e-03 9.055739268661e-03 9.939074516296e-03 1.034621521831e-02 1.031636632979e-02 9.841242805123e-03 8.920812048018e-03 1.063242089003e-02 7.681254763156e-03 1.040027383715e-02 3.314828127623e-02 1.214152015746e-02 6.094716954976e-03 4.302270710468e-03 3.602030454203e-03 4.952574148774e-03 1.189832296222e-02 4.231938719749e-02 1.092453952879e-02 1.404117885977e-02 5.959332454950e-03 4.347513429821e-03 3.347859019414e-03 3.388330340385e-03 3.849125234410e-03 5.090800579637e-03 6.052877288312e-03 6.739095784724e-03 1.085237972438e-02 2.378168143332e-02 2.776347845793e-02 1.719334907830e-02 1.271412614733e-02 1.676288060844e-02
