VariationalSeries/SI/f165_max.grd
DSAA
101	101
32.816463539100	34.260883539100
35.556306596100	36.727886596100
2.898472303059e-05	4.661875724792e+00
[rows 76 to 94 of 101, columns 0 to 42 of 101]
3.036744310521e-04 4.393006674945e-04 5.775907193311e-04 6.840192945674e-04 7.351526292041e-04 7.399019086733e-04 7.147700525820e-04 6.747571169399e-04 6.292798207141e-04 6.820773123764e-04 7.707636104897e-04 9.236343903467e-04 1.093278056942e-03 1.202002516948e-03 1.223774859682e-03 1.188006135635e-03 1.081969821826e-03 1.157398684882e-03 1.191629678942e-03 1.270552165806e-03 1.754915108904e-03 1.717465929687e-03 1.122708781622e-03 1.218579360284e-03 1.128880889155e-03 1.040811068378e-03 1.042631687596e-03 1.160314888693e-03 1.329079736024e-03 1.403975882567e-03 1.351386192255e-03 1.272654975764e-03 1.237426418811e-03 1.214885152876e-03 1.341007184237e-03 1.611065701582e-03 3.106586402282e-03 3.694259095937e-03 3.476454177871e-03 2.471370622516e-03 2.372717252001e-03 4.017968662083e-03 6.998194381595e-03
3.053210384678e-04 4.936717450619e-04 6.553316488862e-04 7.559916703030e-04 7.961746305227e-04 7.921825745143e-04 7.607410661876e-04 7.142645190470e-04 7.453792495653e-04 8.271508850157e-04 9.514057310298e-04 1.124288537540e-03 1.284140627831e-03 1.361948787235e-03 1.340869115666e-03 1.243788050488e-03 1.059555099346e-03 1.092835213058e-03 1.097331638448e-03 9.770798496902e-04 1.001717173494e-03 1.050926512107e-03 9.135322761722e-04 1.105377334170e-03 1.171187148429e-03 1.074575120583e-03 1.155113102868e-03 1.389854354784e-03 1.541605917737e-03 1.558650401421e-03 1.453605131246e-03 1.333859050646e-03 1.324768410996e-03 1.306671067141e-03 1.588552840985e-03 1.690238248557e-03 2.783677307889e-03 3.112853504717e-03 3.414561040699e-03 3.877121722326e-03 8.018032647669e-03 1.045605167747e-02 9.898201562464e-03
3.252536698710e-04 5.188354989514e-04 6.758675444871e-04 7.648951723240e-04 7.933448650874e-04 7.801274186932e-04 7.403917843476e-04 8.117875549942e-04 9.144940413535e-04 1.022847951390e-03 1.162878121249e-03 1.310460385866e-03 1.405694871210e-03 1.402773894370e-03 1.302368589677e-03 1.130901044235e-03 8.983924053609e-04 9.456021361984e-04 9.157450986095e-04 8.033087942749e-04 7.298120763153e-04 8.183013997041e-04 9.945419151336e-04 1.325059100054e-03 1.395268947817e-03 1.257980358787e-03 1.542402547784e-03 1.672254060395e-03 1.709598232992e-03 1.671477337368e-03 1.562591758557e-03 1.448304275982e-03 1.379230874591e-03 1.599361188710e-03 2.060811966658e-03 2.637637779117e-03 3.477123565972e-03 4.299931693822e-03 3.587880404666e-03 9.444615803659e-03 1.088456902653e-02 1.048615109175e-02 1.035024132580e-02
2.939013938885e-04 4.645277804229e-04 5.989240598865e-04 6.710564484820e-04 6.893503596075e-04 6.702911923639e-04 7.720472058281e-04 8.784354431555e-04 9.636112372391e-04 1.048171427101e-03 1.136876293458e-03 1.202543149702e-03 1.209550770000e-03 1.138458494097e-03 1.005435711704e-03 8.407894638367e-04 7.883904618211e-04 7.605369901285e-04 7.107781711966e-04 6.533822161146e-04 6.753219640814e-04 7.514490280300e-04 1.193374162540e-03 1.622478594072e-03 1.754174474627e-03 1.839112839662e-03 1.891184831038e-03 1.905143493786e-03 1.794447423890e-03 1.687408075668e-03 1.596812391654e-03 1.515962067060e-03 1.679859822616e-03 1.990814926103e-03 2.541617956012e-03 2.933026291430e-03 2.864929847419e-03 4.655149765313e-03 5.419414024800e-03 8.001630194485e-03 9.270867332816e-03 9.425939992070e-03 9.528514929116e-03
2.440839307383e-04 3.909069637302e-04 4.765076737385e-04 5.188003997318e-04 5.325661040843e-04 6.219506612979e-04 7.142204558477e-04 7.710494683124e-04 7.973346509971e-04 8.206666680053e-04 8.477058145218e-04 8.635901031084e-04 8.464796119370e-04 7.831758703105e-04 8.076382218860e-04 8.265249198303e-04 8.175600087270e-04 7.754338439554e-04 7.092826417647e-04 6.395399686880e-04 6.357020465657e-04 7.877037860453e-04 1.343635376543e-03 1.845478313044e-03 2.090888563544e-03 2.214278792962e-03 2.230583922938e-03 2.269669901580e-03 2.213402185589e-03 1.903107739054e-03 1.632596948184e-03 1.583331148140e-03 1.848921296187e-03 2.023303881288e-03 2.143641700968e-03 2.255683531985e-03 3.003546735272e-03 4.494437947869e-03 5.936149042100e-03 6.021494977176e-03 9.419928304851e-03 1.127973012626e-02 8.849432691932e-03
3.315142821521e-04 5.016436916776e-04 6.069869850762e-04 6.539059104398e-04 6.812287028879e-04 6.936461431906e-04 6.978289457038e-04 6.934442208149e-04 6.804430740885e-04 6.624105735682e-04 6.963591440581e-04 7.567586144432e-04 8.092424832284e-04 8.545778109692e-04 8.864722331055e-04 8.944170549512e-04 8.691789116710e-04 8.079602266662e-04 7.229481125250e-04 7.029544212855e-04 6.646012770943e-04 8.492198539898e-04 1.384650240652e-03 1.904552103952e-03 4.701320081949e-03 1.391847804189e-02 1.480801403522e-02 6.661797408015e-03 3.877889597788e-03 3.055454697460e-03 2.163551282138e-03 1.658341148868e-03 1.962569775060e-03 2.575889695436e-03 2.090826164931e-03 2.449031453580e-03 2.709757070988e-03 4.645012784749e-03 8.107466623187e-03 7.925650104880e-03 8.783307857811e-03 1.158892828971e-02 1.594568602741e-02
4.707350453828e-04 6.944160559215e-04 8.295180159621e-04 9.007803164423e-04 9.206859976985e-04 9.154799627140e-04 8.969982736744e-04 8.688842644915e-04 8.332541910931e-04 8.028922602534e-04 9.440645226277e-04 1.084758667275e-03 1.206893124618e-03 1.290572690777e-03 1.318652182817e-03 1.283116056584e-03 1.184592139907e-03 1.030265237205e-03 9.531688992865e-04 9.062659228221e-04 8.490471518598e-04 9.650593274273e-04 1.384887262248e-03 3.080807160586e-03 1.302977837622e-02 3.751130774617e-02 4.100884497166e-02 2.061932906508e-02 8.931151591241e-03 4.394694697112e-03 2.833514939994e-03 2.125721890479e-03 1.933052088134e-03 2.745951991528e-03 2.985867904499e-03 3.089389530942e-03 2.750007901341e-03 4.194874316454e-03 9.569971822202e-03 1.437108404934e-02 9.483602829278e-03 9.151050820947e-03 2.029422111809e-02
5.922975251451e-04 8.455486386083e-04 1.011499669403e-03 1.075654174201e-03 1.072715502232e-03 1.037289272062e-03 9.865356842056e-04 9.603691287339e-04 1.126936520450e-03 1.375130610541e-03 1.631442457438e-03 1.873591798358e-03 2.079709433019e-03 2.242328831926e-03 2.354471711442e-03 2.395049668849e-03 2.333210781217e-03 2.132836729288e-03 1.759607926942e-03 1.308870501816e-03 1.211139955558e-03 1.238974975422e-03 2.704085316509e-03 4.910986870527e-03 1.421420369297e-02 1.171464994550e-01 2.195357531309e-01 4.780579358339e-02 2.084281481802e-02 7.455393206328e-03 3.473649732769e-03 2.629873808473e-03 2.570311306044e-03 3.578445874155e-03 4.296805243939e-03 4.173942841589e-03 3.421328961849e-03 4.988466855139e-03 8.076646365225e-03 1.765757985413e-02 1.774208433926e-02 8.720180951059e-03 2.114926092327e-02
6.308032316156e-04 8.821716764942e-04 1.030770246871e-03 1.066191936843e-03 1.029891427606e-03 1.074928673916e-03 1.187049434520e-03 1.261127297767e-03 1.507654669695e-03 1.856770250015e-03 2.221059752628e-03 2.567033050582e-03 2.870728028938e-03 3.141719149426e-03 3.401720896363e-03 3.648007521406e-03 3.812444396317e-03 3.745779162273e-03 3.246572334319e-03 2.331236843020e-03 1.771413255483e-03 2.533292630687e-03 4.475767258555e-03 6.355030462146e-03 2.803610637784e-02 6.737881153822e-02 8.590611815453e-02 2.603997848928e-02 9.823780506849e-03 5.912237800658e-03 5.073409061879e-03 6.197091657668e-03 7.999258115888e-03 7.424586918205e-03 5.371334962547e-03 5.341068375856e-03 4.353265278041e-03 5.108631215990e-03 5.672544706613e-03 1.161929965019e-02 1.542899664491e-02 9.887533262372e-03 3.705456107855e-02
8.537955582142e-04 1.350930193439e-03 1.700820284896e-03 1.897434471175e-03 2.004903042689e-03 2.044068416581e-03 2.020288957283e-03 1.942482311279e-03 1.825256040320e-03 1.926336786710e-03 2.326078480110e-03 2.729177707806e-03 3.112036734819e-03 3.479373175651e-03 3.870959393680e-03 4.331850912422e-03 4.778784699738e-03 4.941688850522e-03 4.451816435903e-03 4.054853226990e-03 4.016856197268e-03 4.324615933001e-03 5.593482870609e-03 7.626735605299e-03 1.448760181665e-02 5.362125113606e-03 4.206460900605e-03 4.202233161777e-03 4.572179634124e-03 4.949564114213e-03 5.449058488011e-03 3.774274885654e-02 2.491717226803e-02 1.997905597091e-02 1.206954382360e-02 1.785376854241e-02 1.644705235958e-02 7.740681990981e-03 5.877841264009e-03 7.178719621152e-03 1.067555043846e-02 2.822247706354e-02 4.287527501583e-02
1.564176636748e-03 2.429303945974e-03 2.972045214847e-03 3.188041504472e-03 3.217675723135e-03 3.131330478936e-03 2.964606741443e-03 2.748265629634e-03 2.572098281235e-03 2.666625892743e-03 2.733664819971e-03 2.755294553936e-03 2.990526147187e-03 3.396270563826e-03 3.778906306252e-03 4.207979422063e-03 4.631515126675e-03 6.845311261714e-03 8.837552741170e-03 8.895730599761e-03 9.086430072784e-03 8.998914621770e-03 6.587133742869e-03 7.959238253534e-03 3.936501219869e-03 2.976752817631e-03 2.722035860643e-03 2.356390003115e-03 2.684239298105e-03 3.747266950086e-03 8.280402980745e-03 4.443212226033e-02 3.190636634827e-02 2.236952632666e-02 1.948779262602e-02 4.141772910953e-02 3.955179825425e-02 1.790456473827e-02 1.344610378146e-02 1.250569056720e-02 1.574492082000e-02 2.662055380642e-02 4.777313023806e-02
2.296003978699e-03 3.492322284728e-03 4.107743967324e-03 4.236250650138e-03 5.188443232328e-03 5.579540040344e-03 5.484862718731e-03 5.112773273140e-03 4.611347801983e-03 4.072564654052e-03 4.096017219126e-03 4.006104543805e-03 4.307319875807e-03 4.965058527887e-03 5.437619052827e-03 5.866549909115e-03 6.681562401354e-03 7.364661432803e-03 6.748365238309e-03 7.712123915553e-03 8.087697438896e-03 6.583869457245e-03 5.392238963395e-03 3.100426867604e-03 2.723675221205e-03 2.114034490660e-03 1.752150943503e-03 1.405116170645e-03 1.285862526856e-03 2.298535313457e-03 3.660020651296e-03 1.911319419742e-02 2.542639337480e-02 3.882079198956e-02 4.123186692595e-02 5.300591140985e-02 3.778114914894e-02 1.787572540343e-02 2.791493013501e-02 2.797363325953e-02 1.958378404379e-02 2.573695778847e-02 8.246091008186e-02
2.691308269277e-03 4.053656011820e-03 4.686328116804e-03 5.252040456980e-03 6.367717403919e-03 6.796997040510e-03 6.641474552453e-03 6.151815410703e-03 5.496358498931e-03 4.794029053301e-03 4.225095734000e-03 4.646979738027e-03 5.372302606702e-03 6.165042985231e-03 6.701853126287e-03 6.880538538098e-03 6.452017463744e-03 5.305962171406e-03 4.194849170744e-03 3.628532402217e-03 3.089696401730e-03 2.167479833588e-03 1.931798527949e-03 1.847362029366e-03 1.645734300837e-03 1.343005103990e-03 1.035304972902e-03 9.798454120755e-04 1.249174354598e-03 1.856332062744e-03 2.712795976549e-03 1.060841325670e-02 1.163241919130e-02 2.272129990160e-02 2.635184675455e-02 6.023722514510e-02 5.297175794840e-02 2.772458270192e-02 2.552572637796e-02 1.104293167591e-01 2.597171664238e-01 6.718452274799e-02 4.125804826617e-02
2.008156152442e-03 2.995721064508e-03 3.421104978770e-03 3.480120096356e-03 4.153477493674e-03 4.388181958348e-03 4.262569360435e-03 3.933531697839e-03 3.502421313897e-03 3.047131234780e-03 2.838424639776e-03 3.055045148358e-03 3.173833712935e-03 3.195837605745e-03 3.125323681161e-03 3.148892894387e-03 2.824008464813e-03 2.259700559080e-03 2.634862670675e-03 2.486415440217e-03 1.982933143154e-03 1.442505279556e-03 1.349608413875e-03 1.203115563840e-03 1.006309408695e-03 7.912577129900e-04 8.873703773133e-04 1.236659241840e-03 1.550320885144e-03 3.188175614923e-03 4.037426318973e-03 5.986591801047e-03 1.038078963757e-02 7.769907359034e-03 6.701834499836e-03 8.261432871222e-03 5.167094245553e-02 2.980807609856e-02 2.289480343461e-02 1.475644409657e-01 3.256242573261e-01 3.575300052762e-02 1.286763045937e-02
9.507001377642e-04 1.403522095643e-03 1.624868484214e-03 1.848110929132e-03 1.935746520758e-03 2.055142773315e-03 2.074189018458e-03 1.964424503967e-03 1.866649370641e-03 1.839029137045e-03 1.804156461731e-03 1.656541251577e-03 1.703760586679e-03 1.752117066644e-03 1.738952239975e-03 1.645620912313e-03 2.181509742513e-03 2.787705510855e-03 2.628192305565e-03 1.968018012121e-03 1.256865798496e-03 9.108130470850e-04 8.253442938440e-04 7.148392614909e-04 5.958747933619e-04 9.051935048774e-04 1.397677813657e-03 1.867903047241e-03 2.569292904809e-03 4.184016957879e-03 5.724236369133e-03 7.732284255326e-03 8.876846171916e-03 7.640488445759e-03 4.582921043038e-03 5.355636589229e-03 1.054280716926e-02 2.653068117797e-02 4.331969842315e-02 4.561679810286e-02 2.415995113552e-02 9.200970642269e-03 8.574461564422e-03
6.184080848470e-04 9.014274692163e-04 1.143189147115e-03 1.292299712077e-03 1.351457904093e-03 1.346017816104e-03 1.312957494520e-03 1.250344561413e-03 1.176368561573e-03 1.098278095014e-03 1.018437324092e-03 9.389741462655e-04 8.629277581349e-04 8.352511795238e-04 8.256160654128e-04 1.188792521134e-03 2.027107402682e-03 2.398271113634e-03 2.052389550954e-03 1.414627186023e-03 8.615277474746e-04 5.492919590324e-04 5.456196377054e-04 5.971194477752e-04 8.081985870376e-04 1.378055429086e-03 2.080913633108e-03 2.914938610047e-03 4.160047508776e-03 5.671963561326e-03 8.507362566888e-03 8.778445422649e-03 7.945137098432e-03 4.292267840356e-03 3.270767163485e-03 4.455294925719e-03 5.416499916464e-03 2.058827690780e-02 5.089439824224e-02 2.939540892839e-02 1.741431653500e-02 7.845817133784e-03 7.438353728503e-03
4.312204546295e-04 6.245842087083e-04 7.813613628969e-04 8.787992992438e-04 9.227740811184e-04 9.284514817409e-04 9.084043558687e-04 8.708756649867e-04 8.215640555136e-04 7.633179775439e-04 6.994045106694e-04 6.315665086731e-04 6.655125762336e-04 6.700828089379e-04 6.188401603140e-04 7.048030383885e-04 1.262535923161e-03 1.570763997734e-03 1.467083813623e-03 1.147298840806e-03 8.102491265163e-04 5.446848808788e-04 5.838730139658e-04 6.708673899993e-04 1.143679954112e-03 2.530152210966e-03 5.416874773800e-03 5.008340813220e-03 4.125888925046e-03 7.672382518649e-03 1.046150457114e-02 8.962308056653e-03 6.423600949347e-03 3.043772187084e-03 3.221279243007e-03 4.437041934580e-03 6.219631060958e-03 2.228746376932e-02 3.747795149684e-02 1.751028001308e-02 1.015004049987e-02 6.260386202484e-03 5.610736086965e-03
2.884753048420e-04 4.140149976593e-04 5.135843530297e-04 5.743334186263e-04 6.011208170094e-04 6.039527361281e-04 5.898391245864e-04 5.633129039779e-04 5.270804394968e-04 4.834138671868e-04 4.757841816172e-04 5.358373746276e-04 5.597663694061e-04 5.356271285564e-04 5.116553511471e-04 5.859459633939e-04 6.513172411360e-04 8.021282847039e-04 9.167173411697e-04 8.841840317473e-04 7.521831430495e-04 5.940243718214e-04 6.234052125365e-04 8.526716846973e-04 1.489270245656e-03 4.414903931320e-03 6.317207124084e-03 3.768766997382e-03 4.205596633255e-03 8.124292828143e-03 1.101054623723e-02 8.703977800906e-03 6.110905669630e-03 4.192194901407e-03 4.586923401803e-03 4.434953443706e-03 9.668600745499e-03 3.868876770139e-02 2.801525034010e-02 7.366389967501e-03 1.473772339523e-02 6.381914950907e-03 4.334414377809e-03
1.692622026894e-04 2.408242144156e-04 2.965495223179e-04 3.294244816061e-04 3.426180919632e-04 3.419764107093e-04 3.313947527204e-04 3.133608843200e-04 2.988967171405e-04 3.659773210529e-04 4.291702935006e-04 4.706524778157e-04 4.744184843730e-04 5.236963625066e-04 6.060512969270e-04 6.894240505062e-04 7.622148841619e-04 8.094931836240e-04 8.166201296262e-04 7.779339211993e-04 7.075609173626e-04 6.655653705820e-04 7.396515575238e-04 1.062946277671e-03 1.796617289074e-03 4.951804876328e-03 5.217864643782e-03 4.155190661550e-03 3.782297950238e-03 7.273235358298e-03 1.019943226129e-02 7.925637997687e-03 7.807393558323e-03 5.267797503620e-03 5.525969434530e-03 3.976905252784e-03 9.198892861605e-03 2.477176859975e-02 1.216058805585e-02 8.643562905490e-03 1.953901164234e-02 6.288475356996e-03 3.313205670565e-03
