VariationalSeries/SI/f169_max.grd
DSAA
101	101
32.816463539100	34.260883539100
35.556306596100	36.727886596100
1.278257369995e-02	2.325223876953e+03
[rows 76 to 94 of 101, columns 0 to 42 of 101]
1.427825242281e-01 2.064384967089e-01 2.733099758625e-01 3.230348825455e-01 3.465668559074e-01 3.483588695526e-01 3.363516628742e-01 3.175875544548e-01 2.963284850121e-01 3.055016994476e-01 3.460766375065e-01 4.152922630310e-01 4.918642640114e-01 5.407428145409e-01 5.501026511192e-01 5.332857966423e-01 4.849860370159e-01 5.154383778572e-01 5.310720205307e-01 5.609666109085e-01 7.703360915184e-01 7.512971162796e-01 5.073279738426e-01 5.518920421600e-01 5.128549337387e-01 4.695890545845e-01 4.907951354980e-01 5.453850030899e-01 6.081942915916e-01 6.437762379646e-01 6.207329630852e-01 5.852835774422e-01 5.695956945419e-01 5.663653016090e-01 6.253690123558e-01 7.352578639984e-01 1.372982382774e+00 1.683896064758e+00 1.587226986885e+00 1.160797595978e+00 1.165451169014e+00 1.913857936859e+00 3.368454217911e+00
1.443700939417e-01 2.331024557352e-01 3.089577257633e-01 3.558712899685e-01 3.743033707142e-01 3.721294701099e-01 3.573017418385e-01 3.355728387833e-01 3.314520418644e-01 3.687017261982e-01 4.249225556850e-01 5.028175711632e-01 5.747873187065e-01 6.096838116646e-01 5.999320149422e-01 5.561237931252e-01 4.735717773438e-01 4.862777590752e-01 4.888787567616e-01 4.358950555325e-01 4.396573305130e-01 4.588618874550e-01 4.205560982227e-01 4.968189001083e-01 5.268195271492e-01 4.842094182968e-01 5.265005826950e-01 6.348776817322e-01 7.055378556252e-01 7.145581245422e-01 6.673645377159e-01 6.131115555763e-01 6.119622588158e-01 5.818093419075e-01 6.950618624687e-01 7.567313313484e-01 1.229664325714e+00 1.381131768227e+00 1.573171019554e+00 1.798561811447e+00 3.734444379807e+00 4.946240425110e+00 4.743701934814e+00
1.532565802336e-01 2.441784590483e-01 3.176868557930e-01 3.591067194939e-01 3.721129298210e-01 3.657356500626e-01 3.471042811871e-01 3.589339256287e-01 4.051014780998e-01 4.539037942886e-01 5.168419480324e-01 5.832188129425e-01 6.262729763985e-01 6.252882480621e-01 5.805753469467e-01 5.042954683304e-01 4.009498655796e-01 4.199891090393e-01 4.072998166084e-01 3.577267229557e-01 3.354811966419e-01 3.758778274059e-01 4.462838470936e-01 5.951323509216e-01 6.273865699768e-01 5.730518102646e-01 7.043330669403e-01 7.650395631790e-01 7.833055853844e-01 7.667365670204e-01 7.174775600433e-01 6.656113862991e-01 6.343910098076e-01 6.977457404137e-01 9.007956981659e-01 1.173431158066e+00 1.543555498123e+00 1.896699666977e+00 1.710728764534e+00 4.322778701782e+00 5.063147068024e+00 4.768945217133e+00 4.726294517517e+00
1.381667405367e-01 2.181656509638e-01 2.810072600842e-01 3.145629465580e-01 3.229182660580e-01 3.138917386532e-01 3.400929570198e-01 3.874493241310e-01 4.256278276443e-01 4.636861979961e-01 5.037054419518e-01 5.336050391197e-01 5.374585390091e-01 5.063850879669e-01 4.475605189800e-01 3.747131824493e-01 3.469949960709e-01 3.342632353306e-01 3.120344579220e-01 3.042479157448e-01 3.094222545624e-01 3.435932695866e-01 5.353685617447e-01 7.289512157440e-01 7.894556522369e-01 8.228049874306e-01 8.650328516960e-01 8.726962208748e-01 8.228324651718e-01 7.742064595222e-01 7.329234480858e-01 6.960821747780e-01 8.283855915070e-01 8.824034929276e-01 1.126073598862e+00 1.297863245010e+00 1.265225052834e+00 2.044446229935e+00 2.527719020844e+00 4.006414890289e+00 4.461917400360e+00 4.359395503998e+00 4.408029079437e+00
1.130996122956e-01 1.807495504618e-01 2.198555469513e-01 2.430954873562e-01 2.494359165430e-01 2.733595073223e-01 3.141058683395e-01 3.394457697868e-01 3.515222966671e-01 3.624770641327e-01 3.751404583454e-01 3.828516006470e-01 3.758973479271e-01 3.482798933983e-01 3.560416400433e-01 3.639567196369e-01 3.595490157604e-01 3.405881822109e-01 3.112194538116e-01 2.986635565758e-01 2.892938554287e-01 3.520368635654e-01 6.024761795998e-01 8.292746543884e-01 9.417399764061e-01 9.895632266998e-01 9.990410804749e-01 1.037799000740e+00 1.011752367020e+00 8.741846084595e-01 7.556196451187e-01 7.400292158127e-01 9.017696976662e-01 9.349067807198e-01 9.451336860657e-01 1.082428455353e+00 1.437965154648e+00 1.965194702148e+00 2.606412649155e+00 2.778963804245e+00 4.344221591949e+00 5.436137199402e+00 4.296755313873e+00
1.532690227032e-01 2.233211249113e-01 2.740618884563e-01 3.013596832752e-01 3.136301636696e-01 3.191770315170e-01 3.210628628731e-01 3.190459012985e-01 3.130183219910e-01 3.046072721481e-01 3.074401021004e-01 3.339209258556e-01 3.568725287914e-01 3.766238987446e-01 3.903737962246e-01 3.934860229492e-01 3.819521963596e-01 3.546581566334e-01 3.358117640018e-01 3.271782100201e-01 3.141222298145e-01 3.863325715065e-01 6.202027201653e-01 8.552837967873e-01 2.119476556778e+00 6.206606864929e+00 6.592326164246e+00 2.981820106506e+00 1.746848464012e+00 1.381965041161e+00 9.871550798416e-01 7.711868882179e-01 9.051114320755e-01 1.190106511116e+00 9.356725215912e-01 1.171439647675e+00 1.300272822380e+00 2.023206472397e+00 3.536567926407e+00 3.642198324203e+00 4.035916805267e+00 5.479609012604e+00 7.645101547241e+00
2.161578983068e-01 3.128327131271e-01 3.804155588150e-01 4.127230644226e-01 4.215294420719e-01 4.189849495888e-01 4.105039238930e-01 3.976576924324e-01 3.813120126724e-01 3.628187775612e-01 4.178030490875e-01 4.798944592476e-01 5.337305665016e-01 5.705728530884e-01 5.830064415932e-01 5.675222873688e-01 5.242715477943e-01 4.564860761166e-01 4.420657157898e-01 4.192045629025e-01 3.908405005932e-01 4.606695473194e-01 6.194186806679e-01 1.399318814278e+00 5.838168621063e+00 1.666464996338e+01 1.818266868591e+01 9.707617759705e+00 3.997408628464e+00 1.970579743385e+00 1.278979778290e+00 1.010290145874e+00 8.668845295906e-01 1.264235019684e+00 1.325926899910e+00 1.377580881119e+00 1.237417936325e+00 1.905373573303e+00 4.149087429047e+00 6.249066352844e+00 4.163478374481e+00 4.254467487335e+00 9.584057807922e+00
2.707192599773e-01 3.863397836685e-01 4.618867635727e-01 4.908137917519e-01 4.891403317451e-01 4.728015661240e-01 4.496407508850e-01 4.369343817234e-01 4.978652000427e-01 6.074597239494e-01 7.205065488815e-01 8.271974325180e-01 9.179891347885e-01 9.896324872971e-01 1.039158701897e+00 1.057327628136e+00 1.030716657639e+00 9.439836144447e-01 7.817898392677e-01 6.016378998756e-01 5.536513924599e-01 5.711268186569e-01 1.230786800385e+00 2.226462841034e+00 6.938367843628e+00 5.497679901123e+01 1.075780029297e+02 2.382562828064e+01 1.072514915466e+01 3.704022645950e+00 1.558121919632e+00 1.245384454727e+00 1.141517162323e+00 1.585057020187e+00 1.906001091003e+00 1.863285541534e+00 1.546081781387e+00 2.335317134857e+00 3.486567497253e+00 7.616158962250e+00 7.693481922150e+00 4.137879848480e+00 9.815822601318e+00
2.871692478657e-01 4.014835357666e-01 4.688350856304e-01 4.845664203167e-01 4.677219986916e-01 4.840843677521e-01 5.354790091515e-01 5.694120526314e-01 6.660307049751e-01 8.202846646309e-01 9.812102317810e-01 1.134006857872e+00 1.268206596375e+00 1.388007521629e+00 1.502899646759e+00 1.611887812614e+00 1.686153054237e+00 1.662044525146e+00 1.449745059013e+00 1.050516009331e+00 8.043927550316e-01 1.144990324974e+00 2.022706031799e+00 2.874349117279e+00 1.300535106659e+01 3.088193893433e+01 4.309728622437e+01 1.308646583557e+01 5.699584007263e+00 3.094550848007e+00 2.439610958099e+00 2.862510681152e+00 3.675663948059e+00 3.396936893463e+00 2.391605854034e+00 2.411224603653e+00 2.035379171371e+00 2.382578849792e+00 2.592525959015e+00 4.979464530945e+00 6.629036426544e+00 4.657913684845e+00 1.639091873169e+01
3.854498863220e-01 6.106005311012e-01 7.702212333679e-01 8.613739609718e-01 9.126859903336e-01 9.333298802376e-01 9.254542589188e-01 8.928052186966e-01 8.418672680855e-01 8.528230786324e-01 1.030393362045e+00 1.209651947021e+00 1.380253076553e+00 1.543963551521e+00 1.717814087868e+00 1.922185301781e+00 2.123204946518e+00 2.206222534180e+00 2.005970716476e+00 2.439973354340e+00 1.779582738876e+00 1.930222153664e+00 2.556990146637e+00 3.566227197647e+00 6.590507984161e+00 2.335112094879e+00 1.884557723999e+00 1.881645083427e+00 2.677917242050e+00 2.216469049454e+00 2.595647096634e+00 1.945150566101e+01 1.329349231720e+01 8.961479187012e+00 5.365555286407e+00 7.942007541656e+00 7.294014453888e+00 3.433533668518e+00 2.771895885468e+00 3.061923742294e+00 4.563423633575e+00 1.247860431671e+01 1.892572021484e+01
7.062278985977e-01 1.097914338112e+00 1.345473408699e+00 1.446586370468e+00 1.464063286781e+00 1.429235577583e+00 1.357890248299e+00 1.263697624207e+00 1.180020093918e+00 1.232597231865e+00 1.273649692535e+00 1.294154405594e+00 1.337086200714e+00 1.520368337631e+00 1.692349314690e+00 1.884513497353e+00 2.077502489090e+00 3.045570373535e+00 3.936923980713e+00 3.972274065018e+00 4.071838378906e+00 4.067441940308e+00 3.029736518860e+00 3.590467929840e+00 1.743296027184e+00 1.324577331543e+00 1.231917738914e+00 1.069812893867e+00 1.199432969093e+00 1.675404906273e+00 4.159593582153e+00 2.302543258667e+01 1.703240394592e+01 9.812480926514e+00 8.725884437561e+00 1.842682647705e+01 1.758377456665e+01 8.000061035156e+00 6.081923961639e+00 5.474188327789e+00 6.971205711365e+00 1.178106403351e+01 2.144128036499e+01
9.986420869827e-01 1.518869757652e+00 1.786766409874e+00 1.863570451736e+00 2.294507265091e+00 2.483191967010e+00 2.459663152695e+00 2.308760881424e+00 2.094455957413e+00 1.864144444466e+00 1.896350145340e+00 1.867820262909e+00 1.898796081543e+00 2.193513870239e+00 3.285634279251e+00 3.891535043716e+00 4.333741188049e+00 4.185235500336e+00 3.114017963409e+00 3.460743665695e+00 3.645980834961e+00 3.058147192001e+00 2.436066389084e+00 1.376063108444e+00 1.208731889725e+00 9.520440697670e-01 7.906070351601e-01 6.362546086311e-01 5.924906134605e-01 1.029615283012e+00 1.639893770218e+00 9.288514137268e+00 1.135729598999e+01 1.713211822510e+01 1.829264259338e+01 2.500404167175e+01 1.694481277466e+01 7.842686653137e+00 1.715078926086e+01 1.407500457764e+01 9.573795318604e+00 1.148912525177e+01 3.667260360718e+01
1.168054938316e+00 1.759174108505e+00 2.033802509308e+00 2.310744762421e+00 2.818297147751e+00 3.028616666794e+00 2.981796264648e+00 2.779729366302e+00 2.496123790741e+00 2.186929464340e+00 1.883222103119e+00 2.042898893356e+00 2.367359161377e+00 2.723884582520e+00 2.966591119766e+00 3.054754972458e+00 2.880672693253e+00 2.385020256042e+00 1.899977445602e+00 1.657267332077e+00 1.428508877754e+00 1.015958666801e+00 8.678262233734e-01 8.309329748154e-01 7.405101060867e-01 6.046417355537e-01 4.671263098717e-01 4.514188170433e-01 5.756284594536e-01 8.499022722244e-01 1.219336509705e+00 5.021420001984e+00 5.214516639709e+00 1.010918331146e+01 1.180272579193e+01 2.804737281799e+01 2.421594047546e+01 1.344786548615e+01 1.244400691986e+01 4.909462356567e+01 1.157367782593e+02 2.974658393860e+01 1.823105621338e+01
8.700582981110e-01 1.297918319702e+00 1.482337832451e+00 1.530775904655e+00 1.838093280792e+00 1.955081701279e+00 1.912794470787e+00 1.775649428368e+00 1.588168382645e+00 1.386967897415e+00 1.256674170494e+00 1.363798737526e+00 1.426723241806e+00 1.444182395935e+00 1.417708277702e+00 1.392640471458e+00 1.255158305168e+00 9.932439327240e-01 1.156856656075e+00 1.090592384338e+00 8.689635396004e-01 6.467189192772e-01 6.064291000366e-01 5.413334965706e-01 4.530937969685e-01 3.567203283310e-01 4.155910909176e-01 5.770629644394e-01 7.222148180008e-01 1.435737133026e+00 1.826353311539e+00 2.757994890213e+00 4.776764869690e+00 3.577011823654e+00 3.092937707901e+00 3.733289241791e+00 2.315118026733e+01 1.412418651581e+01 1.021520614624e+01 6.589248657227e+01 1.452822113037e+02 1.578407669067e+01 5.676534175873e+00
4.112486243248e-01 6.071929931641e-01 7.289121150970e-01 8.275104761124e-01 8.652942180634e-01 8.913348317146e-01 9.009442329407e-01 8.552217483521e-01 8.148239850998e-01 8.046311736107e-01 7.911627292633e-01 7.292012572289e-01 7.692669630051e-01 7.948153614998e-01 7.913622856140e-01 7.507945895195e-01 9.568915963173e-01 1.223588824272e+00 1.154420495033e+00 8.646996617317e-01 5.520662665367e-01 4.086665809155e-01 3.711522519588e-01 3.219770193100e-01 2.715165913105e-01 4.231169819832e-01 6.506612300873e-01 8.676760792732e-01 1.158282637596e+00 1.876899361610e+00 2.623762607574e+00 3.536815643311e+00 4.027566909790e+00 4.806505203247e+00 2.356525897980e+00 2.470766544342e+00 4.746528625488e+00 1.170179271698e+01 1.939622497559e+01 2.097475814819e+01 1.080658626556e+01 4.061047077179e+00 3.787082910538e+00
2.784599661827e-01 4.064418077469e-01 5.134054422379e-01 5.797249078751e-01 6.067053675652e-01 6.054221391678e-01 5.882784724236e-01 5.601929426193e-01 5.274366140366e-01 4.928663969040e-01 4.573889970779e-01 4.218448102474e-01 3.875617384911e-01 3.910069167614e-01 3.856913447380e-01 5.208044052124e-01 8.889291286469e-01 1.053668975830e+00 9.036425352097e-01 6.240870356560e-01 3.805991411209e-01 2.468390911818e-01 2.529918253422e-01 2.775085568428e-01 3.780309557915e-01 6.417894959450e-01 9.663364887238e-01 1.324923992157e+00 1.868208408356e+00 2.588093757629e+00 3.869878053665e+00 3.990981817245e+00 3.565826654434e+00 1.967549085617e+00 1.504542589188e+00 2.051545619965e+00 2.505230426788e+00 8.706154823303e+00 2.299443054199e+01 1.356057262421e+01 7.947336196899e+00 3.463578224182e+00 3.287465572357e+00
2.000124752522e-01 2.889074683189e-01 3.607517778873e-01 4.052081108093e-01 4.248811602592e-01 4.270535409451e-01 4.175710380077e-01 4.003235697746e-01 3.777892887592e-01 3.512884974480e-01 3.219940364361e-01 2.909757196903e-01 3.105733692646e-01 3.120056688786e-01 2.879140973091e-01 3.087016642094e-01 5.538534522057e-01 6.908504962921e-01 6.472408771515e-01 5.077165961266e-01 3.594326972961e-01 2.420095801353e-01 2.708960473537e-01 3.118804693222e-01 5.337944626808e-01 1.162411093712e+00 2.454339742661e+00 2.258889675140e+00 1.879028320312e+00 3.484786510468e+00 4.738966464996e+00 4.061079025269e+00 2.859040260315e+00 1.344112157822e+00 1.479300141335e+00 2.029159784317e+00 2.622792482376e+00 1.081958866119e+01 1.868411254883e+01 7.936965942383e+00 4.577516078949e+00 2.763454914093e+00 2.482971429825e+00
1.365711987019e-01 1.953373402357e-01 2.418882548809e-01 2.701819241047e-01 2.824654877186e-01 2.834962904453e-01 2.766709029675e-01 2.641531527042e-01 2.472460865974e-01 2.269472628832e-01 2.226175218821e-01 2.496020495892e-01 2.600544989109e-01 2.485392689705e-01 2.305635213852e-01 2.638702094555e-01 2.931977808475e-01 3.529295623302e-01 4.047619402409e-01 3.917765617371e-01 3.342829942703e-01 2.646073102951e-01 2.892446517944e-01 3.990459442139e-01 6.946653723717e-01 2.009602308273e+00 2.854973077774e+00 1.743496298790e+00 1.911436200142e+00 3.680850028992e+00 4.978205680847e+00 3.942472696304e+00 2.692302227020e+00 1.850578904152e+00 2.093018770218e+00 2.028055429459e+00 4.577337741852e+00 1.879922103882e+01 1.441422176361e+01 3.265655040741e+00 6.563627719879e+00 2.825493335724e+00 1.920578241348e+00
8.335519582033e-02 1.180162504315e-01 1.450270861387e-01 1.609467118979e-01 1.672233194113e-01 1.667014062405e-01 1.613658666611e-01 1.524915546179e-01 1.409728825092e-01 1.712559312582e-01 1.997962445021e-01 2.183799892664e-01 2.197316884995e-01 2.351517826319e-01 2.721291482449e-01 3.095976412296e-01 3.423701524734e-01 3.638047873974e-01 3.674335479736e-01 3.508008718491e-01 3.202375471592e-01 2.985092401505e-01 3.321105241776e-01 4.972892701626e-01 8.380610942841e-01 2.245936870575e+00 2.357258796692e+00 1.919553399086e+00 1.744420647621e+00 3.290035009384e+00 4.608520030975e+00 3.593892574310e+00 3.440003156662e+00 2.324499368668e+00 2.520224094391e+00 1.883088469505e+00 4.501310825348e+00 1.086771011353e+01 6.138578891754e+00 3.855999708176e+00 8.719586372375e+00 2.787237167358e+00 1.469252705574e+00
