VariationalSeries/SI/f169_max.grd
DSAA
101	101
32.816463539100	34.260883539100
35.556306596100	36.727886596100
1.278257369995e-02	2.325223876953e+03
[rows 38 to 56 of 101, columns 0 to 42 of 101]
5.089813709259e+00 1.073435497284e+01 1.160216140747e+01 1.207799911499e+01 1.507943058014e+01 1.848207473755e+01 2.133837509155e+01 2.366967964172e+01 2.595184898376e+01 2.372839164734e+01 1.951717376709e+01 1.611304664612e+01 1.645482826233e+01 1.623596572876e+01 1.687406349182e+01 1.871023941040e+01 2.114989662170e+01 3.920515823364e+01 6.329455947876e+01 6.770449829102e+01 5.427293777466e+01 4.393419265747e+01 3.071578407288e+01 3.611767959595e+01 6.899868011475e+01 9.004423522949e+01 8.728097534180e+01 6.287866592407e+01 4.711288452148e+01 5.147340011597e+01 5.303627395630e+01 6.572849273682e+01 8.922037506104e+01 8.805541992188e+01 8.291919708252e+01 5.085034942627e+01 7.048596191406e+01 7.918836212158e+01 7.606365966797e+01 1.170220794678e+02 1.272038650513e+02 1.851954956055e+02 1.529333648682e+02
7.881771087646e+00 1.402396297455e+01 1.176616859436e+01 1.127888679504e+01 1.603860282898e+01 1.943549919128e+01 2.542222404480e+01 3.192122840881e+01 3.551512908936e+01 3.324309539795e+01 2.426747322083e+01 1.824452209473e+01 1.606467628479e+01 1.628293037415e+01 1.748574256897e+01 1.890821266174e+01 2.014471054077e+01 2.129619216919e+01 3.448931503296e+01 4.819859313965e+01 4.913449478149e+01 4.575491333008e+01 4.763155746460e+01 3.986589431763e+01 3.827764129639e+01 4.311080551147e+01 5.588584136963e+01 1.053681335449e+02 1.415535125732e+02 1.436925201416e+02 1.126164398193e+02 5.552612686157e+01 6.500663757324e+01 5.470086288452e+01 1.077007064819e+02 9.604867553711e+01 6.382561874390e+01 7.744653320312e+01 9.468163299561e+01 1.069859924316e+02 1.442591094971e+02 1.718524475098e+02 1.992495422363e+02
8.656587600708e+00 1.724069786072e+01 1.633111953735e+01 1.440847396851e+01 1.900419425964e+01 2.333422851562e+01 2.823864936829e+01 3.705812454224e+01 4.011367797852e+01 3.988521194458e+01 2.728156471252e+01 1.810377120972e+01 1.811028099060e+01 1.558965396881e+01 1.330103015900e+01 1.463077068329e+01 1.812173652649e+01 1.907380485535e+01 2.082036781311e+01 2.668813896179e+01 3.990192413330e+01 5.653324890137e+01 6.576625823975e+01 6.757512664795e+01 6.802243041992e+01 4.562691116333e+01 3.423387908936e+01 3.575017929077e+01 3.748406219482e+01 4.502870941162e+01 9.461519622803e+01 1.502315216064e+02 1.779603118896e+02 1.488783721924e+02 7.700550842285e+01 7.699635314941e+01 1.327328796387e+02 1.099918060303e+02 1.167856826782e+02 1.158510894775e+02 1.033683471680e+02 1.454330291748e+02 2.166060485840e+02
1.250938320160e+01 2.115970611572e+01 2.452921676636e+01 2.517085456848e+01 2.267397308350e+01 2.716193008423e+01 2.712526130676e+01 2.585306549072e+01 2.585317420959e+01 3.175129508972e+01 3.405803298950e+01 2.936849975586e+01 2.161154174805e+01 1.950955963135e+01 2.139320945740e+01 2.642418479919e+01 3.062550735474e+01 3.422062683105e+01 3.337590408325e+01 2.423003578186e+01 2.650546836853e+01 3.491329574585e+01 3.892917251587e+01 5.206496047974e+01 6.455387878418e+01 7.661480712891e+01 8.541480255127e+01 8.290268707275e+01 8.784640502930e+01 9.591155242920e+01 1.060803680420e+02 9.907102203369e+01 1.536423187256e+02 1.738952484131e+02 1.243532333374e+02 1.588131866455e+02 1.765552978516e+02 1.501739196777e+02 1.704637451172e+02 1.404552154541e+02 9.713471221924e+01 1.691527252197e+02 1.381238555908e+02
1.275648117065e+01 2.448565292358e+01 2.748180770874e+01 2.285901832581e+01 2.677968406677e+01 3.375303268433e+01 3.347800064087e+01 2.737728691101e+01 3.296127700806e+01 2.748830413818e+01 2.617208290100e+01 3.630479431152e+01 3.749406433105e+01 2.801378059387e+01 2.611063003540e+01 2.404195213318e+01 2.636750793457e+01 3.524731063843e+01 4.741022491455e+01 4.812916946411e+01 3.032455253601e+01 3.256929397583e+01 4.288449096680e+01 3.546675109863e+01 4.127317047119e+01 5.016842269897e+01 6.657537841797e+01 1.005928649902e+02 1.349512176514e+02 1.235781860352e+02 1.177565460205e+02 8.693739318848e+01 8.622914123535e+01 1.658198547363e+02 1.557549285889e+02 1.961396179199e+02 1.295515594482e+02 1.840558319092e+02 1.619899902344e+02 2.336593017578e+02 2.419116363525e+02 1.939694671631e+02 2.152766418457e+02
2.535724067688e+01 4.922528076172e+01 3.681070327759e+01 3.126471519470e+01 3.058799934387e+01 2.750543022156e+01 2.915209770203e+01 3.546502304077e+01 3.494233322144e+01 2.794037628174e+01 3.337320709229e+01 2.278688430786e+01 2.924076271057e+01 4.080643463135e+01 3.522358322144e+01 2.993557739258e+01 3.749388885498e+01 8.070139312744e+01 9.477932739258e+01 5.616302108765e+01 6.010590744019e+01 3.403883743286e+01 3.898468780518e+01 5.545719909668e+01 3.688847732544e+01 3.514471054077e+01 3.823235702515e+01 3.982256317139e+01 5.072504043579e+01 5.761843490601e+01 6.146000671387e+01 7.024513244629e+01 9.545552062988e+01 1.500937652588e+02 1.005863952637e+02 9.323333740234e+01 1.332689819336e+02 1.559947204590e+02 1.054173507690e+02 2.190581207275e+02 2.234374847412e+02 2.427823638916e+02 2.966904296875e+02
3.890485000610e+01 7.145264434814e+01 5.800988388062e+01 4.580318450928e+01 4.221311187744e+01 3.313270187378e+01 4.557937622070e+01 3.994983673096e+01 4.360754013062e+01 3.398350524902e+01 2.619944000244e+01 3.152535629272e+01 2.844621086121e+01 1.932154083252e+01 3.469060134888e+01 4.059522247314e+01 2.928462219238e+01 2.449796676636e+01 4.465192031860e+01 3.201420593262e+01 5.555509948730e+01 6.144379806519e+01 6.140844726562e+01 5.413233566284e+01 7.485713195801e+01 4.637886810303e+01 4.550016021729e+01 5.892067718506e+01 6.912637329102e+01 5.305924987793e+01 6.459309387207e+01 7.965147399902e+01 9.451702880859e+01 1.110907135010e+02 1.418615875244e+02 1.075567245483e+02 1.194786453247e+02 1.334891967773e+02 1.266609573364e+02 1.799282989502e+02 1.760428924561e+02 2.537876739502e+02 2.524928588867e+02
1.601753044128e+01 3.343549728394e+01 3.995991897583e+01 4.676044845581e+01 4.743081283569e+01 5.259718704224e+01 5.541567230225e+01 4.759780883789e+01 4.242628860474e+01 4.029816436768e+01 3.984950637817e+01 3.599116134644e+01 3.332019424438e+01 3.101243782043e+01 3.350022125244e+01 2.865231895447e+01 2.073267173767e+01 2.414890480042e+01 2.550880813599e+01 3.393502807617e+01 3.246935272217e+01 5.669016265869e+01 5.765478134155e+01 6.135117340088e+01 7.314323425293e+01 8.316296386719e+01 8.862963867188e+01 9.250892639160e+01 9.502524566650e+01 1.025325164795e+02 1.043502120972e+02 1.098546066284e+02 1.171538848877e+02 9.800120544434e+01 8.692309570312e+01 1.202333068848e+02 1.473500518799e+02 2.235858459473e+02 2.703299865723e+02 2.519453125000e+02 2.428638000488e+02 2.481297760010e+02 2.130379180908e+02
1.557888317108e+01 3.285284042358e+01 3.758583068848e+01 4.177667999268e+01 4.474516296387e+01 4.558480072021e+01 4.185871505737e+01 3.494007873535e+01 3.272232437134e+01 4.113854980469e+01 4.836791610718e+01 4.577974700928e+01 3.430246353149e+01 2.220742225647e+01 2.322281265259e+01 1.350424861908e+01 7.942915439606e+00 8.587107658386e+00 1.132086181641e+01 1.407228469849e+01 3.976960372925e+01 7.162110900879e+01 6.410409545898e+01 7.681345367432e+01 7.258009338379e+01 8.983877563477e+01 9.314661407471e+01 8.850695800781e+01 8.284056854248e+01 1.013452453613e+02 1.069671554565e+02 1.312179870605e+02 1.681622161865e+02 1.836383666992e+02 1.574342498779e+02 1.328270874023e+02 1.480994567871e+02 1.098231658936e+02 1.668031311035e+02 1.715514526367e+02 2.695852966309e+02 2.473891906738e+02 2.677001037598e+02
4.206111907959e+00 8.262123107910e+00 8.754719734192e+00 9.437645912170e+00 1.344374084473e+01 1.859310340881e+01 2.434988021851e+01 2.655994415283e+01 2.618253326416e+01 2.441304588318e+01 2.412962913513e+01 3.060064315796e+01 3.036087989807e+01 2.444930267334e+01 1.553203678131e+01 1.223201656342e+01 6.303770542145e+00 5.307677268982e+00 5.971503734589e+00 1.251203727722e+01 2.893751335144e+01 5.937634277344e+01 1.497855529785e+02 1.415252075195e+02 1.274412155151e+02 1.198531570435e+02 1.156711730957e+02 1.126582412720e+02 1.135342330933e+02 1.313511199951e+02 1.555152130127e+02 1.765239410400e+02 2.953565063477e+02 1.703831024170e+02 3.772137145996e+02 2.554764404297e+02 2.032695922852e+02 2.223343963623e+02 2.765494995117e+02 3.227200622559e+02 3.428631591797e+02 3.253256835938e+02 3.274173583984e+02
3.856540918350e+00 7.456222057343e+00 8.137079238892e+00 8.159317970276e+00 1.298987293243e+01 1.907125091553e+01 1.976356124878e+01 1.622911643982e+01 1.200900268555e+01 9.861042022705e+00 1.235887145996e+01 1.532333374023e+01 1.464945602417e+01 1.175851440430e+01 8.675560951233e+00 6.302680015564e+00 4.849396705627e+00 3.477553606033e+00 3.427462100983e+00 1.128842067719e+01 3.611769866943e+01 6.255757904053e+01 6.262543487549e+01 1.251016311646e+02 3.054690246582e+02 1.565041503906e+02 9.824401855469e+01 8.923654937744e+01 9.364093017578e+01 1.024395065308e+02 1.784855041504e+02 2.454310302734e+02 1.296642303467e+02 1.953311004639e+02 3.655384216309e+02 6.353267822266e+02 2.608392028809e+02 2.204885253906e+02 1.889439086914e+02 2.084656829834e+02 1.791118164062e+02 3.372928771973e+02 4.008099975586e+02
2.004453182220e+00 4.167342185974e+00 5.007685661316e+00 5.563869476318e+00 6.850158214569e+00 1.094742488861e+01 1.253664016724e+01 1.097827911377e+01 8.479530334473e+00 6.355607032776e+00 5.277901649475e+00 5.057885646820e+00 4.078349590302e+00 3.616143703461e+00 4.336407661438e+00 3.341961622238e+00 3.005962371826e+00 2.519641637802e+00 3.123721122742e+00 4.736332416534e+00 7.717794418335e+00 2.086270332336e+01 2.221291351318e+01 3.008715248108e+01 1.138521957397e+02 1.191783294678e+02 4.430410766602e+01 2.539603996277e+01 2.660245513916e+01 8.142698669434e+01 1.076776199341e+02 1.174148101807e+02 1.243699264526e+02 1.034801712036e+02 1.546027069092e+02 4.235055236816e+02 2.451506652832e+02 1.423302612305e+02 1.033391494751e+02 9.186484527588e+01 8.757873535156e+01 2.236215972900e+02 3.131658935547e+02
8.897872567177e-01 1.735500574112e+00 1.811362743378e+00 2.059181213379e+00 2.570524454117e+00 3.242090702057e+00 3.846847057343e+00 4.183792114258e+00 4.056645870209e+00 3.544517755508e+00 3.007052659988e+00 3.317607164383e+00 3.417755603790e+00 3.151249170303e+00 3.145176649094e+00 3.620511531830e+00 2.785078763962e+00 2.175548315048e+00 2.588897466660e+00 3.593671560287e+00 4.109025478363e+00 7.574090480804e+00 1.312420940399e+01 2.850611877441e+01 6.877648925781e+01 4.382159805298e+01 2.718420410156e+01 2.184466743469e+01 2.093487930298e+01 6.757315635681e+00 5.936601638794e+00 6.499755859375e+00 1.019761276245e+01 2.138375473022e+01 5.037624359131e+01 8.290479125977e+02 1.576040527344e+03 2.175791931152e+02 1.503756866455e+02 7.778453826904e+01 5.460169982910e+01 5.845658111572e+01 1.145352020264e+02
7.166494727135e-01 1.301830172539e+00 1.447635769844e+00 1.449777007103e+00 1.453408956528e+00 1.858387231827e+00 2.434121608734e+00 2.988105773926e+00 3.317039728165e+00 3.252713918686e+00 2.745067119598e+00 2.488908052444e+00 2.698132514954e+00 2.602015018463e+00 2.305586576462e+00 2.757685422897e+00 3.238538026810e+00 2.617774963379e+00 2.090421199799e+00 7.962804794312e+00 8.922816276550e+00 5.650073051453e+00 7.483072280884e+00 1.325202369690e+01 2.499541282654e+01 2.531173400879e+02 5.854056930542e+01 4.715871429443e+01 2.011121940613e+01 3.997820854187e+00 3.503231287003e+00 3.675995826721e+00 4.419157981873e+00 5.488468170166e+00 7.233191967010e+00 3.777721786499e+01 2.655567626953e+02 6.609674682617e+02 1.811381835938e+02 1.048668365479e+02 2.843515014648e+01 1.861326408386e+01 1.940511703491e+01
6.585361957550e-01 1.558008193970e+00 2.098281383514e+00 2.417738914490e+00 2.515240907669e+00 2.319571971893e+00 2.061327934265e+00 1.896560668945e+00 2.363763570786e+00 2.709399700165e+00 2.706439733505e+00 2.350619792938e+00 2.009050369263e+00 2.497186422348e+00 2.600054740906e+00 2.315857410431e+00 2.647889614105e+00 3.471098899841e+00 2.774861812592e+00 5.578923702240e+00 6.575299739838e+00 5.401740550995e+00 5.932155132294e+00 6.351171493530e+00 1.445918178558e+01 6.262203979492e+01 5.246851348877e+01 1.307786750793e+01 6.157654762268e+00 3.840163707733e+00 2.883203268051e+00 2.466168642044e+00 2.435415983200e+00 3.130352973938e+00 4.093384265900e+00 1.353616237640e+01 6.751152038574e+01 2.571614685059e+02 3.034967041016e+02 4.648934173584e+01 2.159242248535e+01 1.279885864258e+01 1.207477378845e+01
1.001065850258e+00 2.342780113220e+00 2.977637052536e+00 3.334921360016e+00 3.420263290405e+00 3.267914056778e+00 3.065598726273e+00 2.759459733963e+00 2.387314796448e+00 1.955736398697e+00 2.160325288773e+00 2.275214195251e+00 2.181866884232e+00 2.546343803406e+00 2.912120580673e+00 2.740731716156e+00 2.254179477692e+00 3.627902507782e+00 3.755938529968e+00 1.021567440033e+01 6.552672863007e+00 4.763518333435e+00 3.260166406631e+00 3.387403011322e+00 6.337211608887e+00 6.135884857178e+01 6.218393325806e+01 1.178387355804e+01 7.784532546997e+00 3.989899873734e+00 2.493813276291e+00 1.795463323593e+00 1.596511125565e+00 1.622400879860e+00 2.532856702805e+00 4.300301074982e+00 2.807980537415e+01 9.105146789551e+01 2.352951965332e+02 1.208517074585e+02 5.836136245728e+01 1.049370384216e+01 9.322451591492e+00
6.684443950653e-01 1.469725131989e+00 1.821421027184e+00 1.989343762398e+00 1.926103115082e+00 1.902315258980e+00 2.120282411575e+00 2.362047672272e+00 2.588510990143e+00 2.589186906815e+00 2.233135938644e+00 1.741819381714e+00 2.052568435669e+00 2.247109651566e+00 2.282922506332e+00 2.289093017578e+00 2.300198316574e+00 3.811915636063e+00 5.203045845032e+00 8.632468223572e+00 6.748116970062e+00 5.317540168762e+00 2.664693832397e+00 2.692093849182e+00 5.374410629272e+00 2.783273124695e+01 2.127354812622e+01 9.193136215210e+00 7.290647029877e+00 4.122800350189e+00 2.279005050659e+00 1.954188466072e+00 1.723975896835e+00 1.686654448509e+00 2.096155166626e+00 3.693412542343e+00 7.828345775604e+00 3.875436401367e+01 4.624066162109e+01 2.820695877075e+01 1.777589416504e+01 8.014071464539e+00 7.485263347626e+00
6.268382668495e-01 1.156749486923e+00 1.692101001740e+00 2.135365009308e+00 2.531142711639e+00 2.979368209839e+00 3.471198320389e+00 4.001270294189e+00 4.492040634155e+00 4.634732246399e+00 4.153246402740e+00 3.102674484253e+00 2.014459848404e+00 2.106295585632e+00 2.600768089294e+00 2.832115650177e+00 3.452730894089e+00 4.025399684906e+00 4.789908885956e+00 8.191539764404e+00 6.730235576630e+00 3.928214550018e+00 2.130211830139e+00 2.087898969650e+00 3.887679338455e+00 8.727251052856e+00 2.449553375244e+02 6.297750949860e+00 5.837746143341e+00 3.579171180725e+00 2.162760496140e+00 1.752577900887e+00 1.671625256538e+00 1.767229318619e+00 2.242949724197e+00 3.058433294296e+00 5.254946231842e+00 6.465266227722e+00 1.328613376617e+01 1.718255043030e+01 1.070830345154e+01 6.532286643982e+00 8.992777824402e+00
6.237593889236e-01 1.132282853127e+00 1.566018462181e+00 1.915346503258e+00 2.270236968994e+00 2.707738161087e+00 3.168411254883e+00 3.630425930023e+00 4.065048694611e+00 4.306485652924e+00 4.095431804657e+00 4.615180969238e+00 4.783296585083e+00 4.654675483704e+00 4.460833072662e+00 4.061500549316e+00 4.740930557251e+00 3.534640312195e+00 4.642434120178e+00 1.477556896210e+01 5.437504291534e+00 2.801970243454e+00 1.997362613678e+00 1.681693553925e+00 2.308620214462e+00 1.803831672668e+01 5.475554275513e+01 5.125738143921e+00 6.195672988892e+00 2.666790246964e+00 2.041208505630e+00 1.575406312943e+00 1.592987656593e+00 1.819188475609e+00 2.361324310303e+00 2.813296318054e+00 3.220322847366e+00 5.094510078430e+00 1.105843353271e+01 1.282741260529e+01 8.372804641724e+00 6.288545608521e+00 7.722636222839e+00
