VariationalSeries/SI/f169_max.grd
DSAA
101	101
32.816463539100	34.260883539100
35.556306596100	36.727886596100
1.278257369995e-02	2.325223876953e+03
[rows 0 to 18 of 101, columns 0 to 42 of 101]
1.982209324837e+00 3.538558483124e+00 3.131628274918e+00 1.873934626579e+00 1.635132193565e+00 2.156637668610e+00 4.273748397827e+00 5.929432392120e+00 5.280039310455e+00 3.136919975281e+00 1.941372036934e+00 2.229977607727e+00 2.366492509842e+00 2.284106016159e+00 1.958302617073e+00 2.955208063126e+00 4.435572147369e+00 5.142799854279e+00 3.684233903885e+00 2.376559019089e+00 2.749029397964e+00 2.977139234543e+00 2.130615234375e+00 1.909164786339e+00 2.061050653458e+00 2.815425634384e+00 4.207373142242e+00 4.810428619385e+00 6.391170024872e+00 5.105306625366e+00 3.742721080780e+00 3.519764423370e+00 3.058041572571e+00 2.429233312607e+00 1.955852031708e+00 1.899123668671e+00 1.751348376274e+00 2.371305227280e+00 3.314972877502e+00 3.791838169098e+00 3.172750234604e+00 2.746555089951e+00 2.614830017090e+00
3.671487331390e+00 6.922717571259e+00 6.782398223877e+00 4.733112812042e+00 3.410714626312e+00 4.169722080231e+00 8.226567268372e+00 1.132194042206e+01 9.970545768738e+00 5.780142307281e+00 3.336891651154e+00 3.813900232315e+00 4.026273727417e+00 3.832092761993e+00 3.279092311859e+00 4.409128189087e+00 7.000711441040e+00 9.161514282227e+00 8.293857574463e+00 4.968132972717e+00 5.016373157501e+00 7.769993782043e+00 4.102757453918e+00 3.720143795013e+00 4.253056049347e+00 5.505022525787e+00 7.056492328644e+00 8.068597793579e+00 1.215268039703e+01 9.483614921570e+00 6.090706348419e+00 5.523231029510e+00 5.550077438354e+00 4.124984264374e+00 4.441326618195e+00 4.649129390717e+00 4.683429241180e+00 5.263331890106e+00 6.600711822510e+00 6.631278514862e+00 4.904364109039e+00 4.958729743958e+00 5.411969661713e+00
3.601873636246e+00 7.382926940918e+00 8.268509864807e+00 7.072818279266e+00 4.544920444489e+00 4.818500995636e+00 9.529030799866e+00 1.288254070282e+01 1.098411369324e+01 5.989477634430e+00 4.221375942230e+00 4.756671428680e+00 4.912728309631e+00 4.544769287109e+00 3.742505073547e+00 3.528657674789e+00 4.627423286438e+00 6.891576290131e+00 7.871026992798e+00 6.410776138306e+00 8.034934043884e+00 1.201991844177e+01 5.288839340210e+00 4.618363857269e+00 5.667527198792e+00 6.857685089111e+00 7.118789196014e+00 7.343189716339e+00 1.417909622192e+01 1.064690113068e+01 5.918536663055e+00 5.078445911407e+00 7.582822322845e+00 4.049352645874e+00 4.173734188080e+00 4.795689582825e+00 6.051712512970e+00 7.648196697235e+00 7.984227657318e+00 6.610597133636e+00 6.690140724182e+00 4.609922409058e+00 6.076175212860e+00
3.247386217117e+00 7.123680114746e+00 8.390419006348e+00 8.563230514526e+00 6.876018047333e+00 4.939710617065e+00 9.970805168152e+00 1.319548892975e+01 1.062876605988e+01 5.153646469116e+00 4.681342124939e+00 5.164842128754e+00 5.141301155090e+00 4.574504852295e+00 3.638608217239e+00 3.610001564026e+00 3.438079118729e+00 4.028089046478e+00 5.225542068481e+00 6.107667922974e+00 1.347957038879e+01 1.530566692352e+01 5.962229728699e+00 5.084352016449e+00 6.267502784729e+00 7.183180809021e+00 6.874024391174e+00 6.844420433044e+00 1.422235584259e+01 1.036689662933e+01 5.300236225128e+00 4.357432842255e+00 8.734668731689e+00 4.659641265869e+00 4.727513790131e+00 6.668463230133e+00 8.233452796936e+00 8.568902969360e+00 7.249751567841e+00 8.394445419312e+00 8.086514472961e+00 5.025135993958e+00 5.582127571106e+00
3.180901527405e+00 6.827131748199e+00 8.060954093933e+00 8.826251029968e+00 8.433384895325e+00 5.956504821777e+00 1.018957996368e+01 1.320376873016e+01 9.983873367310e+00 4.354915618896e+00 5.030590057373e+00 5.351995944977e+00 5.266215324402e+00 5.246545791626e+00 4.822699069977e+00 4.080094337463e+00 3.804651737213e+00 3.790046453476e+00 5.555641651154e+00 1.120044708252e+01 1.873603057861e+01 1.682858657837e+01 6.413712024689e+00 7.120378494263e+00 6.286848068237e+00 7.034151554108e+00 6.313043117523e+00 6.820805072784e+00 1.348022937775e+01 9.777476310730e+00 6.263376235962e+00 4.949544906616e+00 9.306891441345e+00 5.304024219513e+00 7.422019481659e+00 8.867298126221e+00 8.955446243286e+00 7.558350563049e+00 5.207423686981e+00 8.633961677551e+00 9.980761528015e+00 6.722045898438e+00 4.441792011261e+00
2.927685499191e+00 5.976644515991e+00 7.208463668823e+00 7.801591873169e+00 8.635501861572e+00 7.179244041443e+00 1.020072650909e+01 1.280668640137e+01 9.021433830261e+00 4.780748367310e+00 5.351914405823e+00 5.952538013458e+00 6.348111629486e+00 6.151645660400e+00 5.543885707855e+00 4.524206638336e+00 3.662696838379e+00 3.972959041595e+00 8.825756072998e+00 1.595207691193e+01 2.180661964417e+01 1.664132690430e+01 7.127149581909e+00 1.084931468964e+01 6.679376125336e+00 6.610324382782e+00 5.665587902069e+00 7.315145015717e+00 1.207701587677e+01 9.700139999390e+00 6.321269989014e+00 5.147804737091e+00 1.077725410461e+01 7.933196544647e+00 9.396526336670e+00 9.280274391174e+00 7.702331542969e+00 5.332392692566e+00 5.870755672455e+00 8.145290374756e+00 1.224004459381e+01 7.821856975555e+00 4.246270656586e+00
3.698245763779e+00 6.560772418976e+00 6.152287483215e+00 6.086050510406e+00 7.479834079742e+00 7.230529785156e+00 1.006163597107e+01 1.226840114594e+01 8.117696762085e+00 5.280882835388e+00 5.984316349030e+00 6.811012268066e+00 6.910200595856e+00 6.438501834869e+00 5.495180130005e+00 5.079751491547e+00 4.902375698090e+00 6.133018493652e+00 1.189551830292e+01 1.905613517761e+01 2.260166549683e+01 1.522246265411e+01 9.073627471924e+00 1.376538753510e+01 9.687538146973e+00 6.123578071594e+00 5.357587814331e+00 1.355194187164e+01 1.906235313416e+01 1.238183021545e+01 7.001611232758e+00 6.008408546448e+00 1.182417297363e+01 9.301119804382e+00 9.288695335388e+00 7.711386203766e+00 5.379827022552e+00 5.894291877747e+00 8.536830902100e+00 1.077150440216e+01 1.260432624817e+01 9.122419357300e+00 4.520597457886e+00
3.766149997711e+00 7.520402908325e+00 7.759078502655e+00 5.611803054810e+00 5.458914279938e+00 6.073419094086e+00 9.942633628845e+00 1.202193641663e+01 7.580040931702e+00 5.719364643097e+00 6.751415252686e+00 7.212683677673e+00 6.987180709839e+00 6.181928157806e+00 5.614355564117e+00 6.542873859406e+00 7.295237541199e+00 8.076540946960e+00 1.455214881897e+01 2.066776847839e+01 2.220242500305e+01 1.370330429077e+01 9.878297805786e+00 1.515207958221e+01 1.179760551453e+01 7.527582645416e+00 5.409568786621e+00 2.058358955383e+01 2.671226692200e+01 1.455042171478e+01 7.648208618164e+00 6.829805374146e+00 1.165368270874e+01 8.549091339111e+00 8.335940361023e+00 5.930955886841e+00 5.655043125153e+00 8.418231964111e+00 1.111583995819e+01 1.227581024170e+01 1.112337684631e+01 1.155434036255e+01 5.109258651733e+00
3.271293640137e+00 7.136789321899e+00 8.854630470276e+00 8.045818328857e+00 5.343974590302e+00 5.325429439545e+00 9.853702545166e+00 1.194172286987e+01 7.312820911407e+00 6.425458908081e+00 7.155468940735e+00 7.236765384674e+00 6.641728878021e+00 5.662502765656e+00 5.980905056000e+00 6.970270633698e+00 9.439504623413e+00 9.656132698059e+00 1.602574729919e+01 2.035314178467e+01 2.017514038086e+01 1.192255401611e+01 1.012144374847e+01 1.450715065002e+01 1.273989295959e+01 8.707083702087e+00 6.839334964752e+00 2.653575134277e+01 3.115951347351e+01 1.606335449219e+01 8.473496437073e+00 6.521399974823e+00 1.181102657318e+01 7.759586811066e+00 9.146319389343e+00 8.706912040710e+00 8.454665184021e+00 1.133480930328e+01 1.303819084167e+01 1.233099842072e+01 9.069126129150e+00 1.436060047150e+01 5.980409145355e+00
3.361418247223e+00 5.952676296234e+00 8.378732681274e+00 9.465747833252e+00 8.064747810364e+00 5.395700454712e+00 9.892564773560e+00 1.194145393372e+01 7.159610748291e+00 6.794513702393e+00 7.174936771393e+00 6.886147022247e+00 7.447310447693e+00 8.117998123169e+00 8.498271942139e+00 8.625740051270e+00 1.026270484924e+01 1.113237762451e+01 1.647062492371e+01 1.888760566711e+01 1.750529289246e+01 1.019538688660e+01 9.182349205017e+00 1.269777297974e+01 1.231629276276e+01 8.960103988647e+00 7.411364078522e+00 3.010850906372e+01 3.310975646973e+01 1.667798042297e+01 7.426767349243e+00 5.781641483307e+00 1.280205535889e+01 7.699099540710e+00 9.361123085022e+00 9.108196258545e+00 1.177028942108e+01 1.355674171448e+01 1.327274036407e+01 1.064161682129e+01 7.815720081329e+00 1.563236331940e+01 7.808305263519e+00
3.395103693008e+00 6.790105819702e+00 7.006606578827e+00 9.089131355286e+00 9.923763275146e+00 7.974706172943e+00 9.816984176636e+00 1.176814746857e+01 6.938748359680e+00 6.863134384155e+00 7.481900691986e+00 8.762309074402e+00 9.724492073059e+00 1.026576709747e+01 1.052364826202e+01 1.062806320190e+01 1.052815818787e+01 1.356287956238e+01 1.899001312256e+01 2.010097694397e+01 1.688513946533e+01 1.247034740448e+01 8.739706993103e+00 1.084325122833e+01 1.111881828308e+01 7.992669105530e+00 8.615341186523e+00 3.177321243286e+01 3.388306808472e+01 1.636980438232e+01 7.035056114197e+00 6.099560737610e+00 1.252928638458e+01 7.835248947144e+00 1.040405082703e+01 1.262160587311e+01 1.408478641510e+01 1.382711410522e+01 1.148216438293e+01 8.790792465210e+00 8.866154670715e+00 1.505858039856e+01 1.016230583191e+01
2.886431932449e+00 6.071091175079e+00 7.257392406464e+00 7.602086067200e+00 9.833149909973e+00 1.034516048431e+01 9.530757904053e+00 1.135584926605e+01 6.664880752563e+00 8.067831993103e+00 9.390906333923e+00 1.047416210175e+01 1.122244358063e+01 1.165748691559e+01 1.181488418579e+01 1.180746746063e+01 1.169914054871e+01 1.809344291687e+01 2.468299484253e+01 2.559263801575e+01 2.202163505554e+01 1.723887825012e+01 1.260029125214e+01 9.206788063049e+00 1.226815509796e+01 1.176071453094e+01 1.052695846558e+01 3.051623153687e+01 3.003385925293e+01 1.492933273315e+01 8.676489830017e+00 1.024678134918e+01 1.156727695465e+01 1.252103900909e+01 1.420652675629e+01 1.485252761841e+01 1.425505352020e+01 1.202425193787e+01 1.173238945007e+01 1.364212131500e+01 1.021858501434e+01 1.291622734070e+01 1.234416866302e+01
2.322442770004e+00 4.579712390900e+00 6.064173221588e+00 7.164226531982e+00 8.350022315979e+00 1.055104732513e+01 1.058810710907e+01 1.075636959076e+01 8.278224945068e+00 9.624306678772e+00 1.059366607666e+01 1.121722030640e+01 1.159580707550e+01 1.181160926819e+01 1.184098720551e+01 1.179716587067e+01 1.181539249420e+01 1.997417640686e+01 2.692499923706e+01 2.742360115051e+01 2.366115570068e+01 1.923764610291e+01 1.502297973633e+01 1.098907661438e+01 1.654873466492e+01 1.599717807770e+01 1.348569774628e+01 2.663266372681e+01 2.366233253479e+01 1.272927284241e+01 1.516233253479e+01 1.707964897156e+01 1.699089050293e+01 1.640221977234e+01 1.619985961914e+01 1.541828823090e+01 1.492276763916e+01 1.413432884216e+01 1.290857219696e+01 1.840498161316e+01 1.150708580017e+01 9.869650840759e+00 1.591686439514e+01
2.945034027100e+00 5.767899513245e+00 5.676953315735e+00 5.534183979034e+00 6.769123077393e+00 9.091004371643e+00 1.130737304688e+01 1.077626895905e+01 9.220244407654e+00 1.024803447723e+01 1.076866817474e+01 1.094212722778e+01 1.087225246429e+01 1.063780403137e+01 1.037648963928e+01 1.034140014648e+01 1.062071228027e+01 1.839169883728e+01 2.429393768311e+01 2.505973243713e+01 2.245189285278e+01 1.900682067871e+01 1.567665863037e+01 1.238926410675e+01 1.640829277039e+01 1.694344329834e+01 1.495608043671e+01 2.186812591553e+01 1.735608291626e+01 1.324016761780e+01 1.782626152039e+01 2.013952636719e+01 1.920770454407e+01 1.754046630859e+01 1.555231857300e+01 1.460083103180e+01 1.376303577423e+01 1.279922962189e+01 1.167860507965e+01 1.943609619141e+01 1.787281227112e+01 1.019727134705e+01 1.810052108765e+01
3.790872335434e+00 7.576171875000e+00 7.609786987305e+00 7.464465141296e+00 7.205908775330e+00 7.093173980713e+00 9.953814506531e+00 1.210298442841e+01 1.069399452209e+01 1.004069232941e+01 1.017775058746e+01 9.964928627014e+00 9.530102729797e+00 8.950467109680e+00 8.448733329773e+00 8.343196868896e+00 8.680628776550e+00 1.457654380798e+01 1.872942161560e+01 1.971264266968e+01 1.841455459595e+01 1.652249908447e+01 1.458066558838e+01 1.249814605713e+01 1.292272567749e+01 1.407505416870e+01 1.373944091797e+01 2.189381599426e+01 1.278768920898e+01 1.360029697418e+01 1.761086845398e+01 1.956607246399e+01 1.873142051697e+01 1.549691772461e+01 1.131542778015e+01 1.242835617065e+01 1.020736217499e+01 1.079888248444e+01 1.051250743866e+01 1.606836509705e+01 2.381023025513e+01 1.035632610321e+01 1.823582267761e+01
3.839112758636e+00 7.794849395752e+00 8.068648338318e+00 8.460215568542e+00 8.747843742371e+00 8.814734458923e+00 8.927755355835e+00 1.091810321808e+01 1.267217350006e+01 1.016224479675e+01 9.162265777588e+00 8.698578834534e+00 8.099398612976e+00 7.725278377533e+00 8.306735038757e+00 8.476975440979e+00 8.982062339783e+00 1.250722885132e+01 1.317069339752e+01 1.408981323242e+01 1.378162002563e+01 1.278628635406e+01 1.194439411163e+01 1.132080459595e+01 1.082532024384e+01 1.060431957245e+01 1.417155742645e+01 2.323119926453e+01 1.568843173981e+01 1.535001182556e+01 1.829513931274e+01 1.857366752625e+01 1.548512554169e+01 1.532589912415e+01 8.364912033081e+00 1.471543693542e+01 1.357677078247e+01 1.257856273651e+01 1.079086399078e+01 1.130035972595e+01 2.702906036377e+01 1.481814479828e+01 1.621485137939e+01
4.324117660522e+00 7.466967582703e+00 7.349571228027e+00 7.653211116791e+00 8.064596176147e+00 8.887646675110e+00 9.415246009827e+00 9.907610893250e+00 1.170400905609e+01 1.236354160309e+01 1.024163055420e+01 1.013887977600e+01 1.022627162933e+01 9.266340255737e+00 8.594717025757e+00 9.393604278564e+00 1.024832534790e+01 1.289144515991e+01 1.299910831451e+01 1.075990104675e+01 9.456777572632e+00 1.104583454132e+01 1.376527786255e+01 1.428515243530e+01 1.289047145844e+01 1.058896255493e+01 1.571198177338e+01 2.370828056335e+01 1.580029487610e+01 1.660036849976e+01 1.745441436768e+01 1.788522720337e+01 1.912129020691e+01 1.709681701660e+01 1.070969867706e+01 1.653166770935e+01 1.513866138458e+01 1.253543376923e+01 9.445028305054e+00 1.100252437592e+01 2.597067832947e+01 2.270549201965e+01 1.251954555511e+01
4.949467182159e+00 9.119782447815e+00 9.833030700684e+00 8.491912841797e+00 7.698078632355e+00 8.316922187805e+00 8.486849784851e+00 8.177618026733e+00 8.992354393005e+00 1.142000961304e+01 1.256369781494e+01 1.290148353577e+01 1.262372112274e+01 1.164491367340e+01 1.101294326782e+01 1.060816287994e+01 1.038600540161e+01 1.293296241760e+01 1.355970573425e+01 1.192929077148e+01 9.658755302429e+00 8.862873077393e+00 9.730263710022e+00 1.083157825470e+01 1.109307765961e+01 1.124434280396e+01 1.377960491180e+01 2.283797264099e+01 1.627134895325e+01 1.411895084381e+01 1.615872192383e+01 1.855835914612e+01 2.064183425903e+01 1.753818321228e+01 1.234497261047e+01 1.822451782227e+01 1.454996871948e+01 1.131060886383e+01 8.561137199402e+00 1.005771350861e+01 2.094482994080e+01 3.071088218689e+01 1.368451786041e+01
4.870278358459e+00 9.553709030151e+00 1.136790370941e+01 1.071678924561e+01 8.122493743896e+00 6.212666511536e+00 7.526490211487e+00 8.521383285522e+00 9.136725425720e+00 9.221705436707e+00 1.242393779755e+01 1.375067710876e+01 1.292307853699e+01 1.295017814636e+01 1.305286312103e+01 1.286531925201e+01 1.139938545227e+01 1.283953857422e+01 1.402744865417e+01 1.275343704224e+01 9.387598037720e+00 1.151032829285e+01 1.088943290710e+01 1.126996135712e+01 1.001842308044e+01 9.851242065430e+00 1.036269378662e+01 2.121266365051e+01 1.927515220642e+01 1.529419231415e+01 1.488533401489e+01 1.575282859802e+01 1.943833923340e+01 1.732406234741e+01 1.399320220947e+01 1.757860755920e+01 1.272667503357e+01 1.018443298340e+01 9.628817558289e+00 8.981740951538e+00 1.434239387512e+01 3.593572616577e+01 1.432771968842e+01
