VariationalSeries/SI/f169_max.grd
DSAA
101	101
32.816463539100	34.260883539100
35.556306596100	36.727886596100
1.278257369995e-02	2.325223876953e+03
[rows 57 to 75 of 101, columns 43 to 85 of 101]
9.110451698303e+00 1.108554267883e+01 5.711569786072e+00 6.412548542023e+00 6.319855690002e+00 9.864653587341e+00 1.074752902985e+01 1.727531051636e+01 1.273299694061e+01 6.897097587585e+00 5.018999099731e+00 4.169799804688e+00 3.101632118225e+00 5.289651393890e+00 2.458569145203e+01 8.152783966064e+01 1.649934844971e+02 1.660528717041e+02 2.987330322266e+02 8.026227569580e+01 2.272748565674e+01 1.806078910828e+01 3.144489288330e+01 5.763193511963e+01 9.866079711914e+01 9.010144805908e+01 9.837028503418e+01 7.915100097656e+01 9.959236907959e+01 9.402223205566e+01 9.817102050781e+01 7.333994293213e+01 7.524856567383e+01 1.062033081055e+02 6.617155456543e+01 4.174079513550e+01 4.844187164307e+01 6.634281921387e+01 8.320130920410e+01 6.035641098022e+01 2.529178810120e+01 2.339879417419e+01 2.255851173401e+01
7.242219448090e+00 1.785376930237e+01 4.622551441193e+00 4.955429553986e+00 4.886995315552e+00 7.215408802032e+00 1.360169315338e+01 4.311284637451e+01 3.411178207397e+01 7.438652515411e+00 4.675491333008e+00 3.220613002777e+00 2.509006977081e+00 2.490185022354e+00 5.188342571259e+00 4.942951202393e+01 5.679892730713e+01 5.817770385742e+01 4.585195159912e+01 4.571298599243e+01 3.175973510742e+01 2.408368492126e+01 1.860492897034e+01 1.195409584045e+01 3.066814994812e+01 5.966515731812e+01 1.060935363770e+02 1.104467849731e+02 1.198483505249e+02 6.447014617920e+01 8.537699127197e+01 7.682731628418e+01 6.600173950195e+01 6.039218521118e+01 6.128809356689e+01 4.559092712402e+01 4.487107849121e+01 5.228535461426e+01 5.103189086914e+01 4.646833801270e+01 4.804802703857e+01 5.024358367920e+01 4.689980697632e+01
6.228601932526e+00 7.298458099365e+00 4.183787822723e+00 4.488398075104e+00 4.541481494904e+00 6.539984703064e+00 1.946114921570e+01 1.071250381470e+02 8.774949645996e+01 1.207065963745e+01 4.882001399994e+00 2.772316455841e+00 1.942747473717e+00 1.777594327927e+00 1.845406055450e+00 2.268293142319e+00 2.930355072021e+00 4.101166725159e+00 8.431337356567e+00 7.105323314667e+00 7.860675811768e+00 9.039032936096e+00 5.975511550903e+00 6.031319141388e+00 1.509650325775e+01 6.974558258057e+01 1.197903594971e+02 1.387610168457e+02 1.329575958252e+02 1.336181945801e+02 8.639301300049e+01 7.459764862061e+01 6.287281417847e+01 5.987873077393e+01 8.374614715576e+01 7.233618164062e+01 6.010748672485e+01 3.762912368774e+01 3.887155532837e+01 3.246780014038e+01 2.930972099304e+01 2.663356971741e+01 2.316254997253e+01
5.721454620361e+00 5.119006633759e+00 4.034682273865e+00 4.524497032166e+00 5.038848876953e+00 6.601373672485e+00 1.421329650879e+02 5.879406356812e+01 6.458274841309e+01 9.127887725830e+00 4.271847248077e+00 2.661064147949e+00 1.770088434219e+00 1.444972872734e+00 1.381674051285e+00 1.459677934647e+00 1.746818065643e+00 2.303714990616e+00 3.154453039169e+00 3.868137359619e+00 4.248773574829e+00 8.639603614807e+00 4.463432788849e+00 4.109105110168e+00 1.256531429291e+01 2.752764511108e+01 9.873907470703e+01 1.154042587280e+02 1.175839614868e+02 1.266287460327e+02 1.080390167236e+02 8.221023559570e+01 5.767530822754e+01 7.303917694092e+01 5.012122726440e+01 4.427726364136e+01 3.660244369507e+01 3.020638084412e+01 2.832715415955e+01 2.838900756836e+01 2.925841331482e+01 4.319041442871e+01 5.850504684448e+01
4.823684692383e+00 3.733443737030e+00 3.950380325317e+00 4.773818016052e+00 8.192472457886e+00 1.285767555237e+01 3.749044036865e+01 8.691469573975e+01 3.073063278198e+01 4.905540466309e+00 3.090693950653e+00 2.262989759445e+00 1.610975861549e+00 1.210082292557e+00 1.109879612923e+00 1.110859394073e+00 1.212576270103e+00 1.623891592026e+00 2.238398313522e+00 2.563948631287e+00 2.593113660812e+00 5.311565399170e+00 3.236261367798e+00 3.706948518753e+00 7.731945514679e+00 2.590490531921e+01 7.013932800293e+01 9.432038879395e+01 1.003638534546e+02 7.824920654297e+01 5.952648544312e+01 8.515232849121e+01 5.831688690186e+01 4.013284301758e+01 4.538801574707e+01 5.956104278564e+01 5.374828338623e+01 3.611563110352e+01 3.355117797852e+01 3.257315826416e+01 3.206780624390e+01 3.734255599976e+01 4.494453811646e+01
3.481705904007e+00 2.905874729156e+00 3.619488000870e+00 8.111932754517e+00 2.395563507080e+01 5.141458129883e+01 6.617194366455e+01 4.049983978271e+01 4.386826992035e+00 2.983268737793e+00 2.176713943481e+00 1.815767645836e+00 1.418552756310e+00 1.148619890213e+00 1.010808944702e+00 1.049514293671e+00 1.098911643028e+00 1.338975071907e+00 1.933382272720e+00 2.382587194443e+00 2.534281969070e+00 2.604845762253e+00 2.624278545380e+00 3.893169403076e+00 9.361141204834e+00 2.438040161133e+01 2.981022262573e+01 2.940637207031e+01 5.917388153076e+01 6.817587280273e+01 8.032887268066e+01 5.151619338989e+01 6.600324249268e+01 4.834868240356e+01 5.578579711914e+01 6.541136169434e+01 1.299126281738e+02 8.168122100830e+01 4.812091445923e+01 3.750912475586e+01 3.852333831787e+01 3.779506301880e+01 3.647126770020e+01
2.284818410873e+00 2.367899656296e+00 2.989369869232e+00 3.765891313553e+00 9.378983497620e+00 5.344615554810e+01 3.259785842896e+01 4.462639331818e+00 2.604308366776e+00 2.324455261230e+00 1.956777572632e+00 1.651916384697e+00 1.306547999382e+00 1.101521730423e+00 9.786970615387e-01 1.073933124542e+00 1.129684805870e+00 1.099952936172e+00 1.585227966309e+00 2.026546478271e+00 2.293614625931e+00 2.282948732376e+00 2.767101049423e+00 4.450494289398e+00 1.383685302734e+01 2.757797622681e+01 1.645702743530e+01 2.158380699158e+01 2.055663299561e+01 1.032512817383e+02 1.498260955811e+02 8.239792633057e+01 4.569631195068e+01 6.119770431519e+01 2.486212921143e+01 2.584813880920e+01 9.436802673340e+01 4.557545852661e+01 3.646053314209e+01 2.753497123718e+01 2.826016426086e+01 3.148945617676e+01 3.456991195679e+01
1.873284578323e+00 2.050024509430e+00 2.409981727600e+00 3.043679475784e+00 3.350802183151e+00 4.732704639435e+00 5.233401298523e+00 3.582218647003e+00 1.914723873138e+00 1.970259428024e+00 1.723133921623e+00 1.581787586212e+00 1.292932748795e+00 1.058126807213e+00 1.066750288010e+00 1.084599494934e+00 1.151288628578e+00 1.159757852554e+00 1.331315398216e+00 1.713143706322e+00 2.016686439514e+00 2.157794952393e+00 2.293277263641e+00 3.639620542526e+00 1.017824935913e+01 6.372653007507e+00 6.410326004028e+00 9.924391746521e+00 2.273924255371e+01 4.464580917358e+01 4.734821319580e+01 6.018914413452e+01 9.477972412109e+01 5.143168640137e+01 4.918489074707e+01 3.723478317261e+01 3.865201568604e+01 3.269632339478e+01 1.805891799927e+01 2.193750572205e+01 2.139796257019e+01 2.262156867981e+01 2.859634208679e+01
1.474413633347e+00 1.658655762672e+00 1.983786344528e+00 2.433824539185e+00 2.613371372223e+00 2.892507314682e+00 3.050807476044e+00 1.928310513496e+00 1.663171052933e+00 1.739690184593e+00 1.617596507072e+00 1.399560213089e+00 1.179191112518e+00 1.066723942757e+00 1.037690997124e+00 1.184579730034e+00 1.184699892998e+00 1.017233729362e+00 1.173345565796e+00 1.492851734161e+00 1.770709276199e+00 2.055002689362e+00 2.820154905319e+00 2.988732814789e+00 3.018701791763e+00 4.212912082672e+00 4.064144611359e+00 9.867157936096e+00 1.385113811493e+01 1.852012634277e+01 3.862009048462e+01 6.724864196777e+01 5.095797729492e+01 9.338562774658e+01 5.977494430542e+01 3.392625427246e+01 2.856491279602e+01 2.542716217041e+01 3.012232208252e+01 2.856954956055e+01 3.567892456055e+01 3.470602416992e+01 4.060345077515e+01
1.356118202209e+00 1.371053576469e+00 1.537858366966e+00 1.715101957321e+00 1.847567915916e+00 1.816437959671e+00 1.739437222481e+00 1.696646213531e+00 1.836009621620e+00 1.814080119133e+00 1.691652536392e+00 1.480616450310e+00 1.219032883644e+00 1.093179821968e+00 9.862735867500e-01 9.697341918945e-01 1.089293837547e+00 1.102201938629e+00 1.108073353767e+00 1.341251373291e+00 1.556776404381e+00 1.842350840569e+00 2.689314603806e+00 3.039784669876e+00 3.269678592682e+00 6.808994770050e+00 9.327116012573e+00 1.192851543427e+01 1.665970420837e+01 1.807819557190e+01 3.970989608765e+01 7.446427154541e+01 3.547979736328e+01 3.807937622070e+01 6.846263885498e+01 5.943766021729e+01 4.021258163452e+01 3.472663116455e+01 4.165665054321e+01 2.170271492004e+01 2.908977890015e+01 3.397129821777e+01 4.033748626709e+01
1.121307253838e+00 1.285461306572e+00 1.346394181252e+00 1.331850647926e+00 1.492484211922e+00 1.660851240158e+00 1.790354371071e+00 1.589867115021e+00 1.500035285950e+00 1.546869516373e+00 1.660378575325e+00 1.656927108765e+00 1.436332225800e+00 1.235566854477e+00 1.172031283379e+00 1.074626207352e+00 9.270986914635e-01 9.995611310005e-01 1.136376857758e+00 1.260751485825e+00 1.388356089592e+00 1.609699606895e+00 2.291954040527e+00 2.258398771286e+00 2.587932109833e+00 6.113626956940e+00 1.301191425323e+01 1.754726028442e+01 2.459695816040e+01 1.293662071228e+01 3.892244720459e+01 1.960950660706e+01 2.083024406433e+01 2.459249305725e+01 3.996796798706e+01 4.327113342285e+01 5.563685607910e+01 5.162213897705e+01 3.693685150146e+01 3.142085838318e+01 2.443729209900e+01 2.630719757080e+01 2.038144493103e+01
1.109204530716e+00 1.223150372505e+00 1.214767217636e+00 1.211140275002e+00 1.295040965080e+00 1.488014221191e+00 1.611850857735e+00 1.441328525543e+00 1.152444720268e+00 1.234431862831e+00 1.335556507111e+00 1.504094958305e+00 1.569487452507e+00 1.316578865051e+00 1.254341959953e+00 1.536589622498e+00 1.364905834198e+00 1.081814289093e+00 1.181897401810e+00 1.235217094421e+00 1.503446578979e+00 1.667932748795e+00 1.804966926575e+00 2.306534290314e+00 2.684256076813e+00 4.502862930298e+00 9.316739082336e+00 1.117324066162e+01 1.530034446716e+01 8.700225830078e+00 1.901237678528e+01 1.483961772919e+01 2.416174888611e+01 1.498381710052e+01 2.990062904358e+01 2.161687088013e+01 3.361718750000e+01 4.188740158081e+01 3.798717117310e+01 5.199193191528e+01 4.801776504517e+01 3.871096038818e+01 3.315739440918e+01
1.064389228821e+00 1.147590160370e+00 1.101833343506e+00 1.100069403648e+00 1.105731248856e+00 1.111870050430e+00 1.232612013817e+00 1.166850447655e+00 1.414967775345e+00 1.530650615692e+00 1.399805545807e+00 1.382854819298e+00 1.490556716919e+00 1.562231779099e+00 1.468644380569e+00 1.896095633507e+00 1.692066431046e+00 1.281303644180e+00 1.294778704643e+00 1.272078037262e+00 1.461494565010e+00 1.583007931709e+00 1.787378668785e+00 2.377058982849e+00 2.801887989044e+00 4.022600650787e+00 6.048706054688e+00 6.907418727875e+00 7.511229991913e+00 9.515061378479e+00 1.673863601685e+01 2.511539649963e+01 1.659453392029e+01 4.186281967163e+01 1.398149585724e+01 1.860320854187e+01 3.605644607544e+01 5.091345596313e+01 2.524969673157e+01 2.844079017639e+01 1.889746284485e+01 3.409797286987e+01 3.042496681213e+01
9.467567801476e-01 1.020148634911e+00 9.791955947876e-01 9.450427293777e-01 8.780292868614e-01 8.996682167053e-01 9.487680792809e-01 1.295183181763e+00 1.607153296471e+00 1.651825547218e+00 1.461995840073e+00 1.538021922112e+00 1.702260732651e+00 1.674413681030e+00 1.675199031830e+00 1.755382061005e+00 1.885192871094e+00 2.216540336609e+00 1.980055928230e+00 1.781354784966e+00 1.775580286980e+00 1.915743708611e+00 2.284977197647e+00 2.421376228333e+00 2.857504844666e+00 3.466923713684e+00 5.740257263184e+00 5.631402492523e+00 1.123378658295e+01 2.228257560730e+01 2.710956382751e+01 1.306861305237e+01 1.318512344360e+01 4.125388717651e+01 2.126294708252e+01 2.629287528992e+01 2.351298141479e+01 3.012407112122e+01 2.194456100464e+01 8.566375732422e+00 8.198548316956e+00 1.106439495087e+01 2.121833419800e+01
8.689970970154e-01 8.685061931610e-01 8.596789240837e-01 8.458219766617e-01 8.667791485786e-01 9.286575913429e-01 9.733323454857e-01 1.204119920731e+00 1.350420951843e+00 1.306366205215e+00 1.534515857697e+00 1.645188331604e+00 1.591203808784e+00 1.660859823227e+00 2.238168239594e+00 3.108883857727e+00 3.531902313232e+00 4.451835632324e+00 4.429990291595e+00 4.825913906097e+00 3.422622680664e+00 3.195212125778e+00 3.698200702667e+00 3.101387023926e+00 3.552653312683e+00 4.905025959015e+00 1.449655723572e+01 1.351902389526e+01 1.453595924377e+01 1.933811759949e+01 9.919273376465e+00 1.044297409058e+01 1.439412117004e+01 8.270893096924e+00 4.357892227173e+01 6.001197052002e+01 5.339786529541e+01 1.279792213440e+01 6.088355541229e+00 5.091054439545e+00 4.975131511688e+00 5.858015537262e+00 6.187064647675e+00
8.052351474762e-01 8.336356878281e-01 7.990887165070e-01 8.576705455780e-01 9.375461339951e-01 1.074012160301e+00 1.076588153839e+00 1.230383515358e+00 1.385504007339e+00 1.633943915367e+00 1.688205361366e+00 1.995135664940e+00 2.081640243530e+00 1.917527198792e+00 4.808557510376e+00 1.725799751282e+01 1.365572452545e+01 7.619548797607e+00 8.544507980347e+00 1.072593402863e+01 7.957676410675e+00 4.100210189819e+00 4.761168479919e+00 5.957185745239e+00 5.809292793274e+00 1.087329864502e+01 1.522985172272e+01 1.328213787079e+01 1.104375076294e+01 9.746855735779e+00 1.110145473480e+01 1.068220043182e+01 7.957731246948e+00 6.679938793182e+00 1.128832721710e+01 5.110289001465e+01 5.302011871338e+01 1.096655559540e+01 4.035178661346e+00 4.120026111603e+00 3.789506673813e+00 3.645344972610e+00 5.932918548584e+00
8.045909404755e-01 8.649145364761e-01 1.078292608261e+00 1.204121232033e+00 1.104541063309e+00 1.827205657959e+00 2.145226955414e+00 2.201378822327e+00 1.897257089615e+00 1.930936694145e+00 2.108383655548e+00 2.637176513672e+00 2.619770050049e+00 9.467767715454e+00 6.791752624512e+01 8.651830291748e+01 4.084780120850e+01 2.159985160828e+01 1.745276069641e+01 1.390998172760e+01 6.818923473358e+00 6.531431674957e+00 1.408533668518e+01 3.000874900818e+01 2.464516258240e+01 1.314696121216e+01 1.544351100922e+01 1.259349155426e+01 1.333390331268e+01 9.449633598328e+00 2.389706993103e+01 9.550915718079e+00 7.060134410858e+00 5.025526523590e+00 3.440367698669e+00 1.060423851013e+01 1.165563488007e+01 2.870175361633e+00 2.008123636246e+00 2.365400791168e+00 2.928466558456e+00 3.280168056488e+00 3.072482585907e+00
9.663540124893e-01 1.515842080116e+00 2.062306404114e+00 2.239886283875e+00 2.905412673950e+00 3.858194589615e+00 3.788542985916e+00 3.339685440063e+00 2.867728710175e+00 2.211514711380e+00 2.834106922150e+00 3.125957250595e+00 1.661974143982e+01 9.258271026611e+01 1.281095123291e+02 4.526382827759e+01 1.348726463318e+01 8.337920188904e+00 8.736297607422e+00 7.677748203278e+00 7.184708118439e+00 1.633181190491e+01 3.220416641235e+01 4.252552032471e+01 3.419673538208e+01 1.751928138733e+01 1.228159046173e+01 8.800633430481e+00 8.172033309937e+00 7.123097896576e+00 1.014964103699e+01 4.449849605560e+00 5.115656375885e+00 4.160842895508e+00 2.628355026245e+00 1.567643404007e+00 1.311074256897e+00 1.295064210892e+00 1.345583081245e+00 1.677530527115e+00 2.254393100739e+00 2.857625246048e+00 2.930044651031e+00
1.593050718307e+00 2.375103473663e+00 3.149578809738e+00 4.565748691559e+00 8.801293373108e+00 8.649528503418e+00 1.198818683624e+01 9.338912963867e+00 1.062881088257e+01 6.322285175323e+00 3.412609100342e+00 2.143360519409e+01 8.695309448242e+01 8.719596099854e+01 2.302132987976e+01 6.773798465729e+00 1.237371158600e+01 1.635377693176e+01 1.193661499023e+01 1.369715785980e+01 1.652904891968e+01 1.685073852539e+01 2.431277084351e+01 1.994250679016e+01 1.334731769562e+01 1.049673175812e+01 6.556131362915e+00 2.583158493042e+00 2.689317941666e+00 2.546978712082e+00 3.268961906433e+00 2.399208784103e+00 2.147825717926e+00 1.502701759338e+00 1.538821101189e+00 1.571561694145e+00 1.625291109085e+00 1.710010886192e+00 1.822649717331e+00 1.968263626099e+00 1.998544335365e+00 2.391155958176e+00 3.130012512207e+00
