VariationalSeries/SI/f170_max.grd
DSAA
101	101
32.816463539100	34.260883539100
35.556306596100	36.727886596100
1.233268249780e-02	2.247137451172e+03
[rows 19 to 37 of 101, columns 43 to 85 of 101]
2.063084411621e+01 2.617680549622e+01 3.402062225342e+01 3.468269729614e+01 2.248137474060e+01 3.554913711548e+01 1.672484016418e+01 1.863025665283e+01 1.898867988586e+01 1.924780273438e+01 1.755921363831e+01 2.691276359558e+01 3.250161361694e+01 3.322091674805e+01 2.210150146484e+01 2.705634498596e+01 3.516146469116e+01 3.315987014771e+01 1.841992950439e+01 2.963961410522e+01 1.349650382996e+01 1.883008575439e+01 2.520425605774e+01 1.257939624786e+01 1.264836025238e+01 1.385586071014e+01 1.191773605347e+01 1.547918128967e+01 1.434760189056e+01 1.130863285065e+01 1.214237499237e+01 1.543714904785e+01 1.738684082031e+01 1.345302867889e+01 1.308524608612e+01 1.001141834259e+01 6.894700050354e+00 8.121204376221e+00 8.977905273438e+00 7.468337059021e+00 6.312137603760e+00 5.977013587952e+00 6.501455783844e+00
1.818854904175e+01 2.565335845947e+01 3.634099578857e+01 4.190349578857e+01 3.038197135925e+01 3.143170356750e+01 1.722556877136e+01 1.976069450378e+01 1.654847145081e+01 2.068871879578e+01 2.162552070618e+01 2.525644493103e+01 3.490401840210e+01 3.539883422852e+01 2.688716506958e+01 2.929024124146e+01 3.439668655396e+01 3.750344467163e+01 2.175679397583e+01 2.869644737244e+01 1.540699386597e+01 2.858210182190e+01 3.546358489990e+01 1.579567813873e+01 1.475999832153e+01 1.419648933411e+01 1.515409946442e+01 1.601077270508e+01 1.247458457947e+01 1.202650451660e+01 1.562800025940e+01 2.031998825073e+01 1.811290359497e+01 1.574431610107e+01 1.216751766205e+01 1.003777122498e+01 7.747592449188e+00 9.486481666565e+00 7.355337142944e+00 5.687775135040e+00 6.069561958313e+00 5.714891433716e+00 5.951512336731e+00
1.951765632629e+01 2.840519905090e+01 3.357563400269e+01 4.386447906494e+01 3.741165924072e+01 2.688932991028e+01 1.803659248352e+01 2.096270751953e+01 1.571454620361e+01 1.944962310791e+01 2.049055480957e+01 2.380323410034e+01 3.330690002441e+01 3.796086502075e+01 3.248711013794e+01 3.128547286987e+01 3.301189804077e+01 4.104527282715e+01 2.482934188843e+01 2.662751007080e+01 1.734732055664e+01 3.549008560181e+01 3.891700744629e+01 1.776800155640e+01 1.443132686615e+01 1.695150756836e+01 1.709715461731e+01 1.386441707611e+01 1.116058063507e+01 1.558129024506e+01 2.172304344177e+01 2.100077629089e+01 1.417301464081e+01 1.797002792358e+01 1.206889247894e+01 9.253895759583e+00 9.208353042603e+00 9.750584602356e+00 7.494440078735e+00 5.769375324249e+00 5.786053657532e+00 4.505806446075e+00 4.444769859314e+00
1.858299446106e+01 2.686476135254e+01 2.851197242737e+01 4.190226364136e+01 4.141310882568e+01 2.754527282715e+01 2.294608497620e+01 2.223319816589e+01 1.549507904053e+01 1.710206794739e+01 2.128262329102e+01 2.416244888306e+01 2.778094100952e+01 4.073909378052e+01 3.628487014771e+01 3.045164489746e+01 3.059119987488e+01 4.409305572510e+01 2.737729072571e+01 2.389574623108e+01 1.928540611267e+01 3.533578872681e+01 3.400687026978e+01 1.654652786255e+01 1.530031013489e+01 1.867025184631e+01 1.552761268616e+01 1.196512031555e+01 1.641414642334e+01 2.301053047180e+01 2.255534362793e+01 1.565739345551e+01 1.237379360199e+01 1.868488883972e+01 8.881399154663e+00 9.161198616028e+00 1.135339355469e+01 8.557910919189e+00 8.593303680420e+00 5.602399826050e+00 6.172720909119e+00 5.202072620392e+00 4.689323902130e+00
1.509994411469e+01 1.861924934387e+01 2.864538955688e+01 3.716366958618e+01 4.178638458252e+01 2.779862403870e+01 2.863206863403e+01 2.402137756348e+01 1.685313034058e+01 1.550432586670e+01 2.219503211975e+01 2.362422180176e+01 2.911957168579e+01 4.382622146606e+01 3.686933898926e+01 2.860093688965e+01 2.758421707153e+01 4.599718093872e+01 2.923606300354e+01 2.758419227600e+01 2.272294807434e+01 2.915233039856e+01 2.546393203735e+01 1.507810401917e+01 1.947968482971e+01 1.806263160706e+01 1.256859874725e+01 1.751522445679e+01 2.496453094482e+01 2.419910621643e+01 1.641625595093e+01 1.009454154968e+01 1.406160831451e+01 1.754506301880e+01 9.513754844666e+00 9.844842910767e+00 1.195597457886e+01 8.358218193054e+00 9.429538726807e+00 5.764547824860e+00 5.872784137726e+00 5.056803226471e+00 5.172410011292e+00
2.053192901611e+01 1.954712295532e+01 3.243996810913e+01 3.150276947021e+01 3.981901931763e+01 3.109913063049e+01 2.755411338806e+01 3.050713920593e+01 2.651258087158e+01 2.026259040833e+01 2.241493225098e+01 2.234910011292e+01 3.180346679688e+01 4.695790481567e+01 3.324925231934e+01 2.750419235229e+01 2.355982017517e+01 4.712236404419e+01 3.535057449341e+01 3.059972381592e+01 2.689198303223e+01 2.854579544067e+01 1.726972198486e+01 1.883242416382e+01 1.999318122864e+01 1.345290565491e+01 1.904661369324e+01 2.695703697205e+01 2.559801483154e+01 1.714395713806e+01 9.174203872681e+00 8.016642570496e+00 1.880702590942e+01 1.468586063385e+01 8.988995552063e+00 1.274596309662e+01 1.083025169373e+01 8.429348945618e+00 1.002178573608e+01 7.142418861389e+00 5.479428291321e+00 5.217110157013e+00 4.573193550110e+00
3.218678665161e+01 2.007664108276e+01 1.968727684021e+01 3.356470489502e+01 3.679467391968e+01 3.292879104614e+01 2.552352142334e+01 2.803102111816e+01 3.185190010071e+01 3.128980636597e+01 2.667616271973e+01 3.193859863281e+01 3.463221359253e+01 4.889340591431e+01 2.888624000549e+01 2.518148994446e+01 3.213439941406e+01 4.755270385742e+01 4.007976531982e+01 2.945431518555e+01 2.901598548889e+01 3.079081916809e+01 1.937029838562e+01 2.051022148132e+01 1.604119110107e+01 1.997772979736e+01 2.940525627136e+01 2.747523498535e+01 1.785817527771e+01 1.236179828644e+01 1.742005538940e+01 1.114375495911e+01 2.194346046448e+01 1.285164928436e+01 1.062766075134e+01 1.361981582642e+01 1.300256347656e+01 9.019831657410e+00 1.035132503510e+01 7.896611213684e+00 4.955638408661e+00 4.780674457550e+00 5.542912006378e+00
4.300298309326e+01 2.067403984070e+01 1.985209846497e+01 3.106718826294e+01 3.325448989868e+01 3.381644439697e+01 2.759845352173e+01 2.851774787903e+01 2.661491012573e+01 3.445018768311e+01 3.757795715332e+01 3.262862014771e+01 3.747397994995e+01 4.962650299072e+01 2.516077423096e+01 3.782908630371e+01 4.508175277710e+01 4.772153472900e+01 3.904154205322e+01 2.342810058594e+01 2.759501075745e+01 2.821423530579e+01 1.972772789001e+01 1.695129203796e+01 2.019511413574e+01 3.133788490295e+01 3.014517402649e+01 1.885786437988e+01 1.711973381042e+01 2.419978523254e+01 2.200008392334e+01 1.994030761719e+01 2.138134384155e+01 1.435215473175e+01 1.365726470947e+01 1.128458786011e+01 1.415002727509e+01 9.567021369934e+00 1.039278316498e+01 7.864957332611e+00 5.012046813965e+00 6.075139522552e+00 7.803389549255e+00
4.695130538940e+01 2.126393699646e+01 2.406453704834e+01 2.076178359985e+01 3.517501068115e+01 3.431410980225e+01 2.940100479126e+01 3.034352493286e+01 2.680202674866e+01 3.591126632690e+01 3.640478134155e+01 3.170193862915e+01 4.004605865479e+01 4.790896224976e+01 4.140845108032e+01 5.009315490723e+01 4.816403198242e+01 4.649313354492e+01 2.666432762146e+01 2.391822052002e+01 2.829015159607e+01 2.847801971436e+01 1.839060592651e+01 1.938410186768e+01 3.274533843994e+01 3.334218215942e+01 2.087388610840e+01 1.796540260315e+01 2.630712699890e+01 2.181401252747e+01 1.748339462280e+01 2.017061805725e+01 1.658284378052e+01 1.509985828400e+01 1.351753139496e+01 8.926650047302e+00 1.383489322662e+01 1.037715530396e+01 1.019545555115e+01 7.138926506042e+00 6.619221687317e+00 8.670296669006e+00 9.796174049377e+00
4.127449417114e+01 3.089466285706e+01 2.793777465820e+01 2.016716194153e+01 2.671357727051e+01 3.445888137817e+01 3.517690658569e+01 3.231545257568e+01 3.724018096924e+01 5.516724014282e+01 3.170133781433e+01 2.870576477051e+01 4.178440475464e+01 4.418807601929e+01 5.368840026855e+01 5.170588302612e+01 4.478418350220e+01 4.508013534546e+01 2.900489234924e+01 3.220654678345e+01 2.943709564209e+01 2.840576934814e+01 1.775757026672e+01 3.329941558838e+01 3.681409072876e+01 2.377134323120e+01 2.056154823303e+01 2.792532348633e+01 2.455381393433e+01 1.594658470154e+01 2.322632408142e+01 2.114566230774e+01 1.178516674042e+01 1.441001224518e+01 1.136572360992e+01 1.222242355347e+01 1.256962776184e+01 1.118094635010e+01 9.982970237732e+00 9.190850257874e+00 1.076433086395e+01 1.207298469543e+01 1.017878532410e+01
2.794974708557e+01 4.638035202026e+01 3.067774581909e+01 2.483019638062e+01 2.973104667664e+01 3.423365783691e+01 3.275846862793e+01 3.465770339966e+01 4.884253311157e+01 6.854418182373e+01 4.629945755005e+01 3.133019447327e+01 4.219189834595e+01 5.136814880371e+01 5.473871612549e+01 7.089569091797e+01 3.795130920410e+01 4.193070220947e+01 3.149889755249e+01 3.266053771973e+01 2.950033378601e+01 2.691768074036e+01 3.305190277100e+01 3.915145111084e+01 2.685239410400e+01 2.314491271973e+01 2.754577255249e+01 2.737083816528e+01 2.301458740234e+01 2.332552337646e+01 2.473858070374e+01 1.448996257782e+01 1.373594284058e+01 1.231859493256e+01 9.968091964722e+00 9.301088333130e+00 1.661787796021e+01 1.309793186188e+01 1.191804695129e+01 1.434901142120e+01 1.428893661499e+01 1.048639106750e+01 6.553771018982e+00
3.039334297180e+01 5.131810379028e+01 3.180091476440e+01 2.749904060364e+01 3.513234710693e+01 3.292641830444e+01 3.416508865356e+01 4.248823547363e+01 5.641138839722e+01 6.914926910400e+01 5.553080749512e+01 5.374860382080e+01 4.745252227783e+01 5.637785720825e+01 6.254269790649e+01 9.048171234131e+01 3.973061752319e+01 4.262561798096e+01 4.234201812744e+01 3.473158264160e+01 2.759609031677e+01 3.305167007446e+01 4.127338409424e+01 2.962659263611e+01 2.591550445557e+01 2.712701225281e+01 2.622337913513e+01 2.842994308472e+01 2.773347854614e+01 2.814205360413e+01 2.124423599243e+01 1.207829380035e+01 1.638550758362e+01 9.441433906555e+00 1.003851985931e+01 1.004037952423e+01 2.291953277588e+01 1.577154064178e+01 1.651882171631e+01 1.330152606964e+01 8.087327003479e+00 4.347755908966e+00 4.257114887238e+00
6.047364807129e+01 4.064830017090e+01 4.462443923950e+01 2.925839042664e+01 4.229090881348e+01 3.277648925781e+01 3.696669006348e+01 4.925214385986e+01 5.955334472656e+01 5.886362457275e+01 5.368194961548e+01 5.272784042358e+01 5.355685806274e+01 4.329700088501e+01 4.344814682007e+01 5.837690353394e+01 3.461753082275e+01 4.222095489502e+01 4.614786911011e+01 3.858267593384e+01 3.445653533936e+01 4.329790878296e+01 3.236064910889e+01 2.850779724121e+01 2.645624542236e+01 2.447315406799e+01 2.568830871582e+01 3.048332786560e+01 3.065762519836e+01 2.778790092468e+01 1.720702362061e+01 1.141963100433e+01 1.742219734192e+01 1.372430038452e+01 1.650869750977e+01 1.752502250671e+01 2.587337684631e+01 1.496620845795e+01 1.189815902710e+01 8.033083915710e+00 7.213973999023e+00 5.800662517548e+00 5.854673385620e+00
9.885304260254e+01 4.303973007202e+01 4.988166046143e+01 3.661461257935e+01 4.709963989258e+01 4.018642807007e+01 4.054508590698e+01 5.671384429932e+01 6.141348266602e+01 4.911552429199e+01 6.359466934204e+01 7.775602722168e+01 4.638515090942e+01 5.417868804932e+01 3.274703216553e+01 3.920617294312e+01 3.604039001465e+01 4.127552032471e+01 3.982834625244e+01 3.628755950928e+01 4.608368682861e+01 3.502910232544e+01 3.027901840210e+01 2.677311706543e+01 2.864526939392e+01 2.805714797974e+01 2.722739410400e+01 3.394710159302e+01 3.414349746704e+01 3.045702743530e+01 2.098867607117e+01 1.909163856506e+01 1.891829109192e+01 1.647032165527e+01 1.595492076874e+01 2.484580802917e+01 2.132684516907e+01 9.948351860046e+00 1.075897884369e+01 1.100710678101e+01 1.021379661560e+01 7.907587051392e+00 6.333435535431e+00
1.094741287231e+02 1.133926773071e+02 4.924803543091e+01 4.787748718262e+01 5.211242294312e+01 4.880395126343e+01 6.831650543213e+01 6.374394989014e+01 6.079480743408e+01 4.584820938110e+01 7.009947967529e+01 8.724531555176e+01 5.225962829590e+01 5.280333328247e+01 3.983845138550e+01 4.045552825928e+01 4.325531387329e+01 4.082343292236e+01 3.965442657471e+01 4.947914505005e+01 3.846636962891e+01 3.476313400269e+01 2.973650360107e+01 2.325416183472e+01 2.948817253113e+01 3.112792778015e+01 2.953231239319e+01 3.665383529663e+01 3.818596267700e+01 3.343796539307e+01 2.491874504089e+01 1.823445510864e+01 1.623019409180e+01 1.379651260376e+01 2.257816696167e+01 2.578665733337e+01 1.149502372742e+01 1.132758235931e+01 1.182240581512e+01 1.199608230591e+01 1.134533596039e+01 9.493556022644e+00 6.602972984314e+00
5.296290969849e+01 1.545213775635e+02 1.121606826782e+02 4.817202377319e+01 5.517465209961e+01 6.099753189087e+01 6.608879852295e+01 6.716396331787e+01 5.416719055176e+01 4.806124496460e+01 8.006708526611e+01 8.596569824219e+01 6.778376770020e+01 4.586688995361e+01 4.157073974609e+01 4.697687149048e+01 7.650811004639e+01 4.780389785767e+01 5.504677200317e+01 4.234885787964e+01 3.221387100220e+01 3.137333297729e+01 2.572883796692e+01 3.272767257690e+01 3.262688064575e+01 3.611380004883e+01 3.937599563599e+01 3.151379013062e+01 3.662641143799e+01 3.658543014526e+01 2.845050621033e+01 1.573991012573e+01 1.546114730835e+01 2.392851638794e+01 2.588912200928e+01 1.512718677521e+01 1.005692768097e+01 1.016999149323e+01 1.013825321198e+01 1.029718112946e+01 1.026336097717e+01 9.511125564575e+00 8.063122749329e+00
9.694149017334e+01 7.476112365723e+01 1.806592559814e+02 8.365958404541e+01 5.608548736572e+01 7.528716278076e+01 5.614902496338e+01 6.295081710815e+01 8.304863739014e+01 6.298602294922e+01 8.690499877930e+01 6.890230560303e+01 7.261569213867e+01 6.102023696899e+01 4.969858551025e+01 4.642371368408e+01 1.111112365723e+02 6.668131256104e+01 5.145524215698e+01 6.503904724121e+01 3.886993789673e+01 3.207754516602e+01 3.422657012939e+01 3.601086044312e+01 3.471889495850e+01 3.531860351562e+01 4.971731567383e+01 3.093856620789e+01 3.821330642700e+01 3.989269638062e+01 3.235167312622e+01 2.085982131958e+01 2.641611671448e+01 2.440245056152e+01 1.395142936707e+01 1.207982921600e+01 1.140711879730e+01 1.067920303345e+01 9.924654006958e+00 9.237422943115e+00 8.856770515442e+00 9.154096603394e+00 8.326797485352e+00
1.319390563965e+02 1.723614349365e+02 1.047714538574e+02 1.779435729980e+02 6.797193908691e+01 9.153082275391e+01 7.780131530762e+01 8.302110290527e+01 1.162837524414e+02 9.367554473877e+01 1.066104354858e+02 6.562101745605e+01 6.632764434814e+01 6.927822113037e+01 6.227233886719e+01 4.891986846924e+01 1.300830688477e+02 7.325852966309e+01 7.663508605957e+01 5.334552764893e+01 2.950358963013e+01 3.186618995667e+01 4.025942993164e+01 3.636087799072e+01 3.332947540283e+01 3.084758567810e+01 4.858655929565e+01 3.406716537476e+01 4.303786468506e+01 4.246106338501e+01 3.367499160767e+01 2.672254753113e+01 2.001781463623e+01 1.098710250854e+01 1.014165401459e+01 1.029257583618e+01 1.044003868103e+01 1.114814090729e+01 1.093570709229e+01 1.036431312561e+01 1.118892955780e+01 1.298445987701e+01 1.353928756714e+01
2.555138854980e+02 1.741472015381e+02 1.845164642334e+02 1.520985870361e+02 1.374033660889e+02 1.033488693237e+02 1.126472625732e+02 1.001236114502e+02 9.986009216309e+01 1.104962692261e+02 1.262230682373e+02 7.614624023438e+01 6.582096862793e+01 7.085015106201e+01 7.775833892822e+01 7.345938873291e+01 9.999114990234e+01 7.315282440186e+01 7.290460968018e+01 5.817061614990e+01 4.765706253052e+01 5.619580841064e+01 5.635183715820e+01 4.663967132568e+01 3.409568023682e+01 2.975131607056e+01 3.822220993042e+01 4.206368637085e+01 4.469493484497e+01 3.736641693115e+01 2.624024200439e+01 1.597733306885e+01 1.397359657288e+01 1.536179447174e+01 1.813652229309e+01 1.985722160339e+01 2.073871803284e+01 2.061324691772e+01 1.954383850098e+01 1.786682891846e+01 1.623625183105e+01 1.588018894196e+01 1.405214118958e+01
