VariationalSeries/SI/f170_max.grd
DSAA
101	101
32.816463539100	34.260883539100
35.556306596100	36.727886596100
1.233268249780e-02	2.247137451172e+03
[rows 76 to 94 of 101, columns 0 to 42 of 101]
1.378951668739e-01 1.993680000305e-01 2.639898359776e-01 3.120000362396e-01 3.347094655037e-01 3.364255428314e-01 3.248216509819e-01 3.066987991333e-01 2.861690223217e-01 2.947323620319e-01 3.338862359524e-01 4.006648063660e-01 4.745341241360e-01 5.216804742813e-01 5.306957364082e-01 5.144543647766e-01 4.678457379341e-01 4.972693920135e-01 5.123517513275e-01 5.410508513451e-01 7.429711222649e-01 7.246316075325e-01 4.894758462906e-01 5.324947834015e-01 4.948613345623e-01 4.531650841236e-01 4.736008048058e-01 5.262820720673e-01 5.870134234428e-01 6.213749051094e-01 5.991544127464e-01 5.649598836899e-01 5.498405098915e-01 5.465397238731e-01 6.034539341927e-01 7.095051407814e-01 1.322952866554e+00 1.624415159225e+00 1.531212925911e+00 1.120572090149e+00 1.125149488449e+00 1.848599553108e+00 3.254487276077e+00
1.394452750683e-01 2.251400798559e-01 2.983895838261e-01 3.436819612980e-01 3.614675998688e-01 3.593574762344e-01 3.450337350368e-01 3.240502476692e-01 3.197301924229e-01 3.556728065014e-01 4.099142253399e-01 4.850600659847e-01 5.544861555099e-01 5.881436467171e-01 5.787267088890e-01 5.364583730698e-01 4.568224549294e-01 4.691156148911e-01 4.716278314590e-01 4.205215871334e-01 4.240544438362e-01 4.425972700119e-01 4.059392809868e-01 4.793911576271e-01 5.083587169647e-01 4.672670364380e-01 5.081279873848e-01 6.127372980118e-01 6.809511780739e-01 6.896775960922e-01 6.441485285759e-01 5.918058156967e-01 5.907872915268e-01 5.614157915115e-01 6.707349419594e-01 7.299017310143e-01 1.184773921967e+00 1.332107543945e+00 1.518263816833e+00 1.737248539925e+00 3.605019569397e+00 4.776713848114e+00 4.582687377930e+00
1.480135917664e-01 2.358153760433e-01 3.067938983440e-01 3.467805087566e-01 3.593290150166e-01 3.531636297703e-01 3.351699709892e-01 3.462099432945e-01 3.907487988472e-01 4.378302395344e-01 4.985460937023e-01 5.625782012939e-01 6.041119694710e-01 6.031621694565e-01 5.600303411484e-01 4.864521920681e-01 3.867701888084e-01 4.051491022110e-01 3.929122984409e-01 3.450975120068e-01 3.238233923912e-01 3.627983331680e-01 4.306194782257e-01 5.742515325546e-01 6.053955554962e-01 5.530242919922e-01 6.797411441803e-01 7.383518218994e-01 7.560027837753e-01 7.400305271149e-01 6.925057768822e-01 6.424649953842e-01 6.123511195183e-01 6.733092069626e-01 8.692684173584e-01 1.131758809090e+00 1.488729953766e+00 1.827460885048e+00 1.651737451553e+00 4.171266078949e+00 4.887575626373e+00 4.603410720825e+00 4.561537265778e+00
1.334317177534e-01 2.106818407774e-01 2.713590860367e-01 3.037537336349e-01 3.118146657944e-01 3.030942380428e-01 3.280220925808e-01 3.737014830112e-01 4.105321764946e-01 4.472488462925e-01 4.858576655388e-01 5.147057771683e-01 5.184298753738e-01 4.884619414806e-01 4.317246973515e-01 3.614627122879e-01 3.348607122898e-01 3.225677907467e-01 3.011122345924e-01 2.938016355038e-01 2.986384332180e-01 3.315867781639e-01 5.165776014328e-01 7.033769488335e-01 7.617847323418e-01 7.937831878662e-01 8.348195552826e-01 8.422426581383e-01 7.941426634789e-01 7.472298741341e-01 7.073997855186e-01 6.718555688858e-01 8.015647530556e-01 8.510452508926e-01 1.086062669754e+00 1.251757740974e+00 1.220280408859e+00 1.969460368156e+00 2.445349216461e+00 3.888884782791e+00 4.310416698456e+00 4.210968017578e+00 4.254459381104e+00
1.092242971063e-01 1.745461374521e-01 2.122932076454e-01 2.347412556410e-01 2.408597320318e-01 2.636547386646e-01 3.029539287090e-01 3.273982107639e-01 3.390536606312e-01 3.496295213699e-01 3.618535399437e-01 3.692990541458e-01 3.625969290733e-01 3.359623551369e-01 3.436010181904e-01 3.512331247330e-01 3.469734191895e-01 3.286705613136e-01 3.003262579441e-01 2.883995473385e-01 2.791517674923e-01 3.396770060062e-01 5.813305377960e-01 8.001859784126e-01 9.087384343147e-01 9.546460509300e-01 9.638018012047e-01 1.001158714294e+00 9.760838747025e-01 8.434098958969e-01 7.290418744087e-01 7.157701849937e-01 8.722982406616e-01 9.026381969452e-01 9.115747809410e-01 1.044889926910e+00 1.388145804405e+00 1.892772316933e+00 2.510945796967e+00 2.681994199753e+00 4.192686080933e+00 5.252023696899e+00 4.151996135712e+00
1.479330807924e-01 2.155419588089e-01 2.645082175732e-01 2.908463776112e-01 3.026817440987e-01 3.080308139324e-01 3.098499178886e-01 3.079045414925e-01 3.020885884762e-01 2.939706146717e-01 2.967028915882e-01 3.222551643848e-01 3.444017767906e-01 3.634592592716e-01 3.767240345478e-01 3.797226548195e-01 3.685877621174e-01 3.422453105450e-01 3.242703974247e-01 3.159151673317e-01 3.031700253487e-01 3.728741705418e-01 5.984334349632e-01 8.252854347229e-01 2.044806480408e+00 5.987016201019e+00 6.358976840973e+00 2.876506328583e+00 1.685213804245e+00 1.333256244659e+00 9.523974061012e-01 7.448164224625e-01 8.737717270851e-01 1.148948073387e+00 9.032791256905e-01 1.130783081055e+00 1.255151033401e+00 1.948415517807e+00 3.406233549118e+00 3.514881849289e+00 3.894800424576e+00 5.291789054871e+00 7.385562896729e+00
2.086323350668e-01 3.019362688065e-01 3.671565651894e-01 3.983276486397e-01 4.068169891834e-01 4.043540060520e-01 3.961651921272e-01 3.837659060955e-01 3.679895699024e-01 3.501389324665e-01 4.031004905701e-01 4.630129039288e-01 5.149641633034e-01 5.505261421204e-01 5.625432729721e-01 5.476232171059e-01 5.059064030647e-01 4.405136704445e-01 4.268323183060e-01 4.047402143478e-01 3.773323297501e-01 4.446138441563e-01 5.976707339287e-01 1.350261569023e+00 5.632285118103e+00 1.607526397705e+01 1.753970909119e+01 9.439624786377e+00 3.856647729874e+00 1.901098012924e+00 1.233938694000e+00 9.756788611412e-01 8.371784090996e-01 1.220415353775e+00 1.280300378799e+00 1.330184578896e+00 1.194838881493e+00 1.838095903397e+00 3.995388031006e+00 6.018686771393e+00 4.011457920074e+00 4.107205867767e+00 9.255271911621e+00
2.612911164761e-01 3.728789687157e-01 4.457833170891e-01 4.736884832382e-01 4.720603525639e-01 4.562819898129e-01 4.339241087437e-01 4.216389656067e-01 4.803508222103e-01 5.861180424690e-01 6.952198743820e-01 7.981911301613e-01 8.858307600021e-01 9.550098776817e-01 1.002860665321e+00 1.020457625389e+00 9.948436617851e-01 9.112294316292e-01 7.548022866249e-01 5.808366537094e-01 5.344835519791e-01 5.511940717697e-01 1.187222719193e+00 2.148961305618e+00 6.711111068726e+00 5.318938446045e+01 1.043988647461e+02 2.312527275085e+01 1.041623401642e+01 3.588183641434e+00 1.503286004066e+00 1.202607870102e+00 1.102198958397e+00 1.530535459518e+00 1.840469837189e+00 1.799207687378e+00 1.492873549461e+00 2.252862691879e+00 3.357242345810e+00 7.333622932434e+00 7.410182952881e+00 3.995257139206e+00 9.475357055664e+00
2.771618962288e-01 3.874859213829e-01 4.524776637554e-01 4.676452875137e-01 4.513746500015e-01 4.670990407467e-01 5.167007446289e-01 5.494464635849e-01 6.427421569824e-01 7.916668057442e-01 9.470458626747e-01 1.094592928886e+00 1.224210977554e+00 1.339948892593e+00 1.450953245163e+00 1.556266188622e+00 1.628095984459e+00 1.605082273483e+00 1.400499224663e+00 1.015257835388e+00 7.766570448875e-01 1.104223847389e+00 1.950948596001e+00 2.772627830505e+00 1.256298446655e+01 2.985296058655e+01 4.188705444336e+01 1.271946620941e+01 5.570078849792e+00 3.008064031601e+00 2.358681201935e+00 2.762901782990e+00 3.547296285629e+00 3.278284311295e+00 2.309350252151e+00 2.327181577682e+00 1.963340282440e+00 2.298483133316e+00 2.501459360123e+00 4.794001579285e+00 6.383207321167e+00 4.497194290161e+00 1.580973339081e+01
3.718229830265e-01 5.890092253685e-01 7.429739832878e-01 8.308823704720e-01 8.803579211235e-01 9.002578258514e-01 8.926545977592e-01 8.611584305763e-01 8.120228648186e-01 8.235231637955e-01 9.951168298721e-01 1.168383240700e+00 1.333326339722e+00 1.491605162621e+00 1.659614682198e+00 1.857057094574e+00 2.051329612732e+00 2.131944417953e+00 1.939271688461e+00 2.374059677124e+00 1.716178059578e+00 1.861389756203e+00 2.471828460693e+00 3.446490287781e+00 6.365593433380e+00 2.253706455231e+00 1.818713426590e+00 1.815913558006e+00 2.618236541748e+00 2.139114379883e+00 2.511000156403e+00 1.884533500671e+01 1.289324378967e+01 8.644667625427e+00 5.175739288330e+00 7.665575981140e+00 7.041304111481e+00 3.315798282623e+00 2.676013946533e+00 2.947666406631e+00 4.393680095673e+00 1.203947448730e+01 1.825873184204e+01
6.812291741371e-01 1.059039592743e+00 1.297811031342e+00 1.395309448242e+00 1.412135243416e+00 1.378520727158e+00 1.309691190720e+00 1.218826651573e+00 1.138373494148e+00 1.189200520515e+00 1.228968620300e+00 1.248961210251e+00 1.293011903763e+00 1.470403313637e+00 1.636719346046e+00 1.822410106659e+00 2.008952617645e+00 2.938493251801e+00 3.798598766327e+00 3.833338975906e+00 3.931408643723e+00 3.930682420731e+00 2.931638479233e+00 3.470043659210e+00 1.683687925339e+00 1.279596447945e+00 1.189033746719e+00 1.032593727112e+00 1.157656908035e+00 1.617000937462e+00 4.022793292999e+00 2.229650115967e+01 1.651663017273e+01 9.474967956543e+00 8.425771713257e+00 1.779118919373e+01 1.698083686829e+01 7.731041908264e+00 5.885661125183e+00 5.289471149445e+00 6.727743148804e+00 1.136940670013e+01 2.068256187439e+01
9.634998440742e-01 1.465415835381e+00 1.723888754845e+00 1.801189303398e+00 2.218448162079e+00 2.401823997498e+00 2.380099296570e+00 2.234886884689e+00 2.027987957001e+00 1.800508260727e+00 1.829974293709e+00 1.802668333054e+00 1.833016276360e+00 2.117731809616e+00 3.241838932037e+00 3.831959009171e+00 4.252449035645e+00 4.088320255280e+00 3.032333850861e+00 3.343464612961e+00 3.523777246475e+00 2.961174964905e+00 2.355058908463e+00 1.329240560532e+00 1.167409300804e+00 9.189119338989e-01 7.630902528763e-01 6.141306161880e-01 5.721830725670e-01 9.938389658928e-01 1.582742333412e+00 8.974491119385e+00 1.095632743835e+01 1.655598831177e+01 1.768565940857e+01 2.415348243713e+01 1.637117576599e+01 7.578155517578e+00 1.710201835632e+01 1.369187450409e+01 9.327525138855e+00 1.108178234100e+01 3.537024688721e+01
1.126971483231e+00 1.697301387787e+00 1.962290167809e+00 2.233870029449e+00 2.725472211838e+00 2.929999113083e+00 2.885889291763e+00 2.691189289093e+00 2.417179107666e+00 2.118187665939e+00 1.824228048325e+00 1.972942233086e+00 2.286540031433e+00 2.631245851517e+00 2.866039037704e+00 2.951845407486e+00 2.784616947174e+00 2.306412458420e+00 1.838123321533e+00 1.603980779648e+00 1.383483290672e+00 9.846739768982e-01 8.377339243889e-01 8.020746707916e-01 7.147549986839e-01 5.835936665535e-01 4.508665800095e-01 4.359623491764e-01 5.559207797050e-01 8.199009895325e-01 1.176845788956e+00 4.848068714142e+00 5.030634880066e+00 9.774094581604e+00 1.141622924805e+01 2.708494186401e+01 2.337379837036e+01 1.304965496063e+01 1.208653831482e+01 4.741316223145e+01 1.117944259644e+02 2.869448661804e+01 1.758409500122e+01
8.394802212715e-01 1.252309799194e+00 1.430272340775e+00 1.480086445808e+00 1.777830362320e+00 1.891686081886e+00 1.851461768150e+00 1.719199299812e+00 1.537979364395e+00 1.343357324600e+00 1.215855956078e+00 1.320239663124e+00 1.381793618202e+00 1.399196982384e+00 1.373907923698e+00 1.345539927483e+00 1.213075160980e+00 9.581856727600e-01 1.116037130356e+00 1.052143931389e+00 8.383775353432e-01 6.242873668671e-01 5.853821039200e-01 5.225219130516e-01 4.373287558556e-01 3.443007469177e-01 4.012729227543e-01 5.572053790092e-01 6.973814368248e-01 1.387112617493e+00 1.765453696251e+00 2.660881996155e+00 4.608348369598e+00 3.451264142990e+00 2.984179735184e+00 3.608941078186e+00 2.233561515808e+01 1.369087314606e+01 9.864276885986e+00 6.365681076050e+01 1.403479766846e+02 1.522938632965e+01 5.475544452667e+00
3.968085944653e-01 5.858784317970e-01 7.031790018082e-01 7.983011603355e-01 8.347578048706e-01 8.607727885246e-01 8.701193928719e-01 8.259671926498e-01 7.869101762772e-01 7.770178318024e-01 7.639817595482e-01 7.041438221931e-01 7.453444004059e-01 7.703373432159e-01 7.671580910683e-01 7.279539108276e-01 9.230741858482e-01 1.180347323418e+00 1.113635778427e+00 8.341714739799e-01 5.326023697853e-01 3.944568932056e-01 3.582466244698e-01 3.107752799988e-01 2.620933651924e-01 4.085376560688e-01 6.282572150230e-01 8.378139138222e-01 1.118096828461e+00 1.812850594521e+00 2.531475067139e+00 3.412447214127e+00 3.884268522263e+00 4.710134983063e+00 2.313111066818e+00 2.384323596954e+00 4.591483116150e+00 1.128635787964e+01 1.873973464966e+01 2.030309677124e+01 1.044149780273e+01 3.917738437653e+00 3.653182029724e+00
2.686613798141e-01 3.921917676926e-01 4.953341484070e-01 5.593304634094e-01 5.854309797287e-01 5.842857956886e-01 5.676411390305e-01 5.405438542366e-01 5.089572072029e-01 4.756239950657e-01 4.414172470570e-01 4.071442186832e-01 3.740831315517e-01 3.773883581161e-01 3.722580075264e-01 5.023929476738e-01 8.575115203857e-01 1.016437292099e+00 8.717253804207e-01 6.020589470863e-01 3.671792447567e-01 2.382380068302e-01 2.442414015532e-01 2.679288983345e-01 3.650010824203e-01 6.196811795235e-01 9.330493807793e-01 1.278554916382e+00 1.803218722343e+00 2.497087478638e+00 3.733854532242e+00 3.850596904755e+00 3.438219547272e+00 1.898095130920e+00 1.451876163483e+00 1.979848623276e+00 2.425246000290e+00 8.384594917297e+00 2.223125839233e+01 1.311725521088e+01 7.667806148529e+00 3.341292619705e+00 3.171250820160e+00
1.932312697172e-01 2.790881693363e-01 3.484738171101e-01 3.914112448692e-01 4.104059040546e-01 4.124984741211e-01 4.033343791962e-01 3.866776525974e-01 3.649182915688e-01 3.393352925777e-01 3.110471963882e-01 2.811018228531e-01 2.997569441795e-01 3.011386096478e-01 2.778870463371e-01 2.977903783321e-01 5.342821478844e-01 6.664480566978e-01 6.243920922279e-01 4.898057878017e-01 3.467622697353e-01 2.334843575954e-01 2.615283429623e-01 3.011143207550e-01 5.154014229774e-01 1.121819496155e+00 2.368301153183e+00 2.179727315903e+00 1.812844753265e+00 3.362304687500e+00 4.572366237640e+00 3.918149709702e+00 2.756421327591e+00 1.296662092209e+00 1.427557110786e+00 1.958062767982e+00 2.525862216949e+00 1.050498485565e+01 1.815654373169e+01 7.659662246704e+00 4.415509700775e+00 2.665871620178e+00 2.395064115524e+00
1.320386230946e-01 1.888331770897e-01 2.338214218616e-01 2.611634135246e-01 2.730293571949e-01 2.740179300308e-01 2.674148082733e-01 2.553129196167e-01 2.389742434025e-01 2.193606942892e-01 2.148698270321e-01 2.409112602472e-01 2.509973645210e-01 2.398829609156e-01 2.223846316338e-01 2.545162737370e-01 2.828099131584e-01 3.404655456543e-01 3.904768526554e-01 3.779602944851e-01 3.225030004978e-01 2.552886903286e-01 2.792409956455e-01 3.852879703045e-01 6.707305908203e-01 1.939231395721e+00 2.754883050919e+00 1.683371186256e+00 1.844117522240e+00 3.551431417465e+00 4.803152561188e+00 3.803691864014e+00 2.597115039825e+00 1.785228729248e+00 2.019603013992e+00 1.957006096840e+00 4.439630985260e+00 1.825708007812e+01 1.403274250031e+01 3.153630971909e+00 6.340867996216e+00 2.726760625839e+00 1.852522492409e+00
8.069794625044e-02 1.142367571592e-01 1.403736770153e-01 1.557774990797e-01 1.618465185165e-01 1.613333970308e-01 1.561619490385e-01 1.475683003664e-01 1.364203989506e-01 1.653022766113e-01 1.928451061249e-01 2.107778936625e-01 2.120804041624e-01 2.268157750368e-01 2.624881267548e-01 2.986347079277e-01 3.302515149117e-01 3.509308993816e-01 3.544326722622e-01 3.383873403072e-01 3.089011609554e-01 2.880104780197e-01 3.204343616962e-01 4.801459312439e-01 8.091939687729e-01 2.167156219482e+00 2.274561166763e+00 1.853359580040e+00 1.684240818024e+00 3.174278736115e+00 4.446411609650e+00 3.467351198196e+00 3.318398952484e+00 2.242413043976e+00 2.431803226471e+00 1.825375437737e+00 4.371981620789e+00 1.048890590668e+01 5.971887111664e+00 3.725691556931e+00 8.425509452820e+00 2.690305471420e+00 1.417111992836e+00
