VariationalSeries/SI/f170_max.grd
DSAA
101	101
32.816463539100	34.260883539100
35.556306596100	36.727886596100
1.233268249780e-02	2.247137451172e+03
[rows 57 to 75 of 101, columns 43 to 85 of 101]
8.792284011841e+00 1.079739665985e+01 5.515361785889e+00 6.193802356720e+00 6.103969573975e+00 9.520065307617e+00 1.036826992035e+01 1.710901260376e+01 1.229840755463e+01 6.656389236450e+00 4.846086978912e+00 4.025082111359e+00 2.995807170868e+00 5.108510971069e+00 2.378298187256e+01 7.883539581299e+01 1.593769836426e+02 1.609530181885e+02 2.922206115723e+02 7.777774047852e+01 2.198604965210e+01 1.750843048096e+01 3.044426918030e+01 5.564247131348e+01 9.525952911377e+01 8.701297760010e+01 9.500118255615e+01 7.642606353760e+01 9.610350799561e+01 9.076110076904e+01 9.473596954346e+01 7.077829742432e+01 7.260940551758e+01 1.024875335693e+02 6.386237716675e+01 4.028724288940e+01 4.674854660034e+01 6.400881958008e+01 8.027096557617e+01 5.823023986816e+01 2.440140533447e+01 2.260198593140e+01 2.178873062134e+01
6.988614082336e+00 1.752750778198e+01 4.463633060455e+00 4.786083221436e+00 4.719547271729e+00 6.964942455292e+00 1.312501430511e+01 4.159883880615e+01 3.291606140137e+01 7.182112216949e+00 4.513347625732e+00 3.107673168182e+00 2.423289060593e+00 2.405078649521e+00 5.021236896515e+00 4.782280349731e+01 5.492074203491e+01 5.720851516724e+01 4.439276885986e+01 4.421820449829e+01 3.062611961365e+01 2.322699546814e+01 1.794636154175e+01 1.153534793854e+01 2.959562301636e+01 5.757511138916e+01 1.024098129272e+02 1.066722412109e+02 1.157312469482e+02 6.222615051270e+01 8.241217803955e+01 7.413220214844e+01 6.369005966187e+01 5.834640502930e+01 5.920944595337e+01 4.405027008057e+01 4.335617065430e+01 5.045700073242e+01 4.924082946777e+01 4.483340072632e+01 4.635655975342e+01 4.847469711304e+01 4.524821853638e+01
6.011368274689e+00 7.216594219208e+00 4.039613246918e+00 4.334480285645e+00 4.385261535645e+00 6.312294960022e+00 1.878207588196e+01 1.061325378418e+02 8.692339324951e+01 1.166829109192e+01 4.712889194489e+00 2.675997495651e+00 1.875142455101e+00 1.716769814491e+00 1.782258987427e+00 2.189873218536e+00 2.826095104218e+00 3.959582567215e+00 8.340896606445e+00 7.044623851776e+00 7.602962493896e+00 8.719841003418e+00 5.763495445251e+00 5.818484306335e+00 1.457599925995e+01 6.733097076416e+01 1.156371383667e+02 1.340173797607e+02 1.283962097168e+02 1.290221710205e+02 8.338728332520e+01 7.199018859863e+01 6.066651916504e+01 5.785365295410e+01 8.090556335449e+01 6.988567352295e+01 5.807286071777e+01 3.635484313965e+01 3.751513290405e+01 3.133133316040e+01 2.830214309692e+01 2.569649314880e+01 2.234663963318e+01
5.521493434906e+00 4.939543247223e+00 3.895270347595e+00 4.368667125702e+00 4.862718582153e+00 6.370631694794e+00 1.416820678711e+02 5.712685775757e+01 6.252222061157e+01 8.818493843079e+00 4.123769760132e+00 2.568708419800e+00 1.709493875504e+00 1.395761966705e+00 1.334509611130e+00 1.409651160240e+00 1.685956001282e+00 2.223609685898e+00 3.045980930328e+00 3.734898328781e+00 4.098097801208e+00 8.335595130920e+00 4.308049678802e+00 3.964041471481e+00 1.212461662292e+01 2.656836509705e+01 9.531451416016e+01 1.114660186768e+02 1.134635543823e+02 1.222160568237e+02 1.043222045898e+02 7.935204315186e+01 5.567877960205e+01 7.049166107178e+01 4.835792922974e+01 4.273952865601e+01 3.531624603271e+01 2.914405059814e+01 2.732973670959e+01 2.740078735352e+01 2.822604179382e+01 4.170502853394e+01 5.645193481445e+01
4.654552936554e+00 3.602039813995e+00 3.813544034958e+00 4.608669281006e+00 7.969762325287e+00 1.248796558380e+01 3.634793472290e+01 8.431188964844e+01 2.966901016235e+01 4.734143733978e+00 2.983182430267e+00 2.184421777725e+00 1.555723905563e+00 1.168603658676e+00 1.071895360947e+00 1.072709321976e+00 1.170747280121e+00 1.568227529526e+00 2.161787748337e+00 2.476329088211e+00 2.502902507782e+00 5.124769210815e+00 3.123656034470e+00 3.585565567017e+00 7.458921432495e+00 2.500277709961e+01 6.770374298096e+01 9.102385711670e+01 9.684258270264e+01 7.555274963379e+01 5.744651031494e+01 8.219471740723e+01 5.629467391968e+01 3.872325134277e+01 4.381205368042e+01 5.753702545166e+01 5.191897583008e+01 3.484284591675e+01 3.236587142944e+01 3.142052078247e+01 3.098264312744e+01 3.607671356201e+01 4.339367294312e+01
3.359134197235e+00 2.805385112762e+00 3.493947029114e+00 7.832890033722e+00 2.339627647400e+01 5.007191467285e+01 6.406208801270e+01 3.913941192627e+01 4.234118461609e+00 2.880502223969e+00 2.101353168488e+00 1.753887653351e+00 1.370131134987e+00 1.109141826630e+00 9.760906696320e-01 1.013329982758e+00 1.060887932777e+00 1.292971968651e+00 1.867015719414e+00 2.300925493240e+00 2.447507858276e+00 2.513861894608e+00 2.532822608948e+00 3.755402803421e+00 9.030847549438e+00 2.352217292786e+01 2.875829505920e+01 2.839137840271e+01 5.712999343872e+01 6.581920623779e+01 7.755464935303e+01 4.974053955078e+01 6.371929931641e+01 4.667131423950e+01 5.389019775391e+01 6.317517471313e+01 1.254595108032e+02 7.887242126465e+01 4.646761322021e+01 3.617929840088e+01 3.715729904175e+01 3.645477294922e+01 3.517811965942e+01
2.206117153168e+00 2.285770177841e+00 2.885590076447e+00 3.634958505630e+00 9.125731468201e+00 5.183317184448e+01 3.151001548767e+01 4.309357166290e+00 2.513655662537e+00 2.244362831116e+00 1.889420866966e+00 1.594955205917e+00 1.261954784393e+00 1.063571810722e+00 9.449490904808e-01 1.036745905876e+00 1.090825319290e+00 1.062095522881e+00 1.530688524246e+00 1.956921577454e+00 2.214887380600e+00 2.204600334167e+00 2.670133113861e+00 4.292851448059e+00 1.334930038452e+01 2.661087036133e+01 1.587921524048e+01 2.082827186584e+01 1.985000038147e+01 9.967105102539e+01 1.446160583496e+02 7.954621887207e+01 4.412169265747e+01 5.906513977051e+01 2.401086044312e+01 2.495407867432e+01 9.107621765137e+01 4.399236679077e+01 3.517399597168e+01 2.655744361877e+01 2.725722312927e+01 3.037216758728e+01 3.337036895752e+01
1.807728528976e+00 1.978543400764e+00 2.326125860214e+00 2.937715530396e+00 3.232071399689e+00 4.567113399506e+00 5.050323486328e+00 3.457202672958e+00 1.848796844482e+00 1.902315974236e+00 1.663667201996e+00 1.527136445045e+00 1.248168110847e+00 1.021976470947e+00 1.029885172844e+00 1.047060370445e+00 1.111252665520e+00 1.119630813599e+00 1.285432457924e+00 1.654184103012e+00 1.946713328362e+00 2.083098888397e+00 2.212941169739e+00 3.510716438293e+00 9.818615913391e+00 6.148002624512e+00 6.195627689362e+00 9.577817916870e+00 2.193914031982e+01 4.306793975830e+01 4.568941879272e+01 5.809182357788e+01 9.161405181885e+01 4.963921356201e+01 4.747614669800e+01 3.591205978394e+01 3.729940032959e+01 3.155104446411e+01 1.744312286377e+01 2.117663764954e+01 2.065457153320e+01 2.183244132996e+01 2.760095024109e+01
1.422936201096e+00 1.600571870804e+00 1.914515256882e+00 2.348897695541e+00 2.522145748138e+00 2.791437149048e+00 2.944000959396e+00 1.861188888550e+00 1.606054186821e+00 1.679641723633e+00 1.561703205109e+00 1.351170063019e+00 1.138746380806e+00 1.030303955078e+00 1.001737713814e+00 1.143450498581e+00 1.144683480263e+00 9.828377366066e-01 1.132849574089e+00 1.441396594048e+00 1.709729433060e+00 1.983670711517e+00 2.720779657364e+00 2.884527921677e+00 2.912712574005e+00 4.064912319183e+00 3.927703142166e+00 9.517938613892e+00 1.335973072052e+01 1.786501693726e+01 3.725130081177e+01 6.487915039062e+01 4.917092514038e+01 9.030786132812e+01 5.769212341309e+01 3.274889373779e+01 2.758238601685e+01 2.453953361511e+01 2.906474494934e+01 2.757058334351e+01 3.443214797974e+01 3.349345016479e+01 3.918658065796e+01
1.308657288551e+00 1.323513388634e+00 1.484407544136e+00 1.655084609985e+00 1.782907128334e+00 1.752768278122e+00 1.678356289864e+00 1.638031959534e+00 1.772516012192e+00 1.751326441765e+00 1.633222818375e+00 1.429707288742e+00 1.177368998528e+00 1.055877923965e+00 9.525588750839e-01 9.370456933975e-01 1.052507758141e+00 1.064931273460e+00 1.069770574570e+00 1.294952869415e+00 1.503084063530e+00 1.778851389885e+00 2.594007492065e+00 2.932665586472e+00 3.154379129410e+00 6.568849086761e+00 8.997513771057e+00 1.150674629211e+01 1.606962013245e+01 1.744926834106e+01 3.831493759155e+01 7.183502960205e+01 3.426663589478e+01 3.674377822876e+01 6.623402404785e+01 5.757485961914e+01 3.881552505493e+01 3.353151702881e+01 4.018672943115e+01 2.094159889221e+01 2.807545471191e+01 3.278793716431e+01 3.892108535767e+01
1.082427859306e+00 1.240800976753e+00 1.299524545670e+00 1.285077214241e+00 1.440092086792e+00 1.603936314583e+00 1.729052424431e+00 1.535462498665e+00 1.447915434837e+00 1.493129134178e+00 1.602714180946e+00 1.599555969238e+00 1.386912465096e+00 1.193338751793e+00 1.132017970085e+00 1.038226366043e+00 8.957394361496e-01 9.648701548576e-01 1.097024559975e+00 1.217159986496e+00 1.340405941010e+00 1.554148435593e+00 2.210847139359e+00 2.178804397583e+00 2.498544692993e+00 5.897150039673e+00 1.255037498474e+01 1.692603874207e+01 2.372482109070e+01 1.247808170319e+01 3.756271743774e+01 1.892716598511e+01 2.010073852539e+01 2.373149681091e+01 3.859077835083e+01 4.177935791016e+01 5.385103988647e+01 5.001050567627e+01 3.564122390747e+01 3.031736946106e+01 2.358554840088e+01 2.539128875732e+01 1.967398262024e+01
1.070645928383e+00 1.180555939674e+00 1.172403454781e+00 1.168597459793e+00 1.249568104744e+00 1.436862468719e+00 1.556488156319e+00 1.391869425774e+00 1.112913250923e+00 1.192184329033e+00 1.289780020714e+00 1.451758980751e+00 1.515115857124e+00 1.271299481392e+00 1.211389541626e+00 1.484269261360e+00 1.318507552147e+00 1.044210910797e+00 1.140890836716e+00 1.192431330681e+00 1.451668143272e+00 1.610438466072e+00 1.741299867630e+00 2.225453615189e+00 2.590197086334e+00 4.344044685364e+00 8.985490798950e+00 1.077809238434e+01 1.475830268860e+01 8.392231941223e+00 1.835294342041e+01 1.432891654968e+01 2.331700706482e+01 1.446194458008e+01 2.886870956421e+01 2.086095046997e+01 3.242867660522e+01 4.042022323608e+01 3.676925277710e+01 5.036294555664e+01 4.654764938354e+01 3.754064941406e+01 3.201392745972e+01
1.027294754982e+00 1.107536673546e+00 1.063337087631e+00 1.061407208443e+00 1.066885828972e+00 1.073532819748e+00 1.190149664879e+00 1.126698732376e+00 1.366309404373e+00 1.478047490120e+00 1.351975202560e+00 1.335445523262e+00 1.438603997231e+00 1.508033514023e+00 1.418466925621e+00 1.831303119659e+00 1.634361505508e+00 1.236989736557e+00 1.250364780426e+00 1.228330850601e+00 1.411244034767e+00 1.528480172157e+00 1.724254131317e+00 2.293517112732e+00 2.703708410263e+00 3.880109310150e+00 5.834358692169e+00 6.662628173828e+00 7.244765281677e+00 9.178157806396e+00 1.617024993896e+01 2.424782752991e+01 1.601421165466e+01 4.064294815063e+01 1.349629878998e+01 1.796532821655e+01 3.478411865234e+01 4.912679672241e+01 2.437209510803e+01 2.744993209839e+01 1.825554847717e+01 3.290996932983e+01 2.936761856079e+01
9.136790633202e-01 9.844622015953e-01 9.449136257172e-01 9.118102192879e-01 8.471663594246e-01 8.681234121323e-01 9.154810309410e-01 1.250501275063e+00 1.551731824875e+00 1.594899296761e+00 1.412131309509e+00 1.483859419823e+00 1.642215847969e+00 1.615848541260e+00 1.616908907890e+00 1.693720459938e+00 1.819966316223e+00 2.140343904495e+00 1.911643862724e+00 1.719845056534e+00 1.712797880173e+00 1.848508119583e+00 2.204743623734e+00 2.336131572723e+00 2.757257938385e+00 3.345107555389e+00 5.534601211548e+00 5.431961059570e+00 1.086479663849e+01 2.153866577148e+01 2.618861770630e+01 1.260569763184e+01 1.272070026398e+01 3.998324584961e+01 2.052283477783e+01 2.538074302673e+01 2.270175170898e+01 2.907768249512e+01 2.118099403381e+01 8.271494865417e+00 7.917428970337e+00 1.068465995789e+01 2.047667312622e+01
8.387007117271e-01 8.381915092468e-01 8.295015096664e-01 8.161078691483e-01 8.363064527512e-01 8.966395258904e-01 9.390854835510e-01 1.162516474724e+00 1.303773045540e+00 1.262399435043e+00 1.482239961624e+00 1.588943839073e+00 1.536563396454e+00 1.603416800499e+00 2.159538269043e+00 2.999720573425e+00 3.408612251282e+00 4.296243190765e+00 4.275199890137e+00 4.658548831940e+00 3.303071498871e+00 3.082820892334e+00 3.568036317825e+00 2.992346525192e+00 3.427550077438e+00 4.732170581818e+00 1.400245666504e+01 1.305755424500e+01 1.405793666840e+01 1.869516181946e+01 9.569049835205e+00 1.007453155518e+01 1.392687797546e+01 7.981462478638e+00 4.207760238647e+01 5.789171981812e+01 5.150700378418e+01 1.235197257996e+01 5.876506805420e+00 4.915207386017e+00 4.803336620331e+00 5.655394554138e+00 5.975243091583e+00
7.771141529083e-01 8.044777512550e-01 7.709463834763e-01 8.274382948875e-01 9.050802588463e-01 1.036864876747e+00 1.039419531822e+00 1.187524676323e+00 1.338372826576e+00 1.578972816467e+00 1.630719780922e+00 1.926924943924e+00 2.010131359100e+00 1.851273536682e+00 4.647426128387e+00 1.667965126038e+01 1.319849777222e+01 7.352557659149e+00 8.243319511414e+00 1.035076427460e+01 7.679906368256e+00 3.956028699875e+00 4.593602657318e+00 5.747383594513e+00 5.604479312897e+00 1.049076747894e+01 1.469377136230e+01 1.282465457916e+01 1.065479660034e+01 9.403062820435e+00 1.070916175842e+01 1.033299732208e+01 7.677611351013e+00 6.444677352905e+00 1.089331245422e+01 4.929885482788e+01 5.114404678345e+01 1.057905960083e+01 3.895231723785e+00 3.977403640747e+00 3.660250663757e+00 3.521124362946e+00 5.729468345642e+00
7.764389514923e-01 8.345985412598e-01 1.040153503418e+00 1.161525607109e+00 1.065970301628e+00 1.763324022293e+00 2.070148706436e+00 2.124122381210e+00 1.831186175346e+00 1.865939378738e+00 2.036490201950e+00 2.546854496002e+00 2.529628992081e+00 9.136281013489e+00 6.556818389893e+01 8.355349731445e+01 3.946214675903e+01 2.083029747009e+01 1.683348083496e+01 1.345021152496e+01 6.602709770203e+00 6.300721168518e+00 1.358773231506e+01 2.894802856445e+01 2.377499008179e+01 1.268347740173e+01 1.489967727661e+01 1.214758396149e+01 1.286351394653e+01 9.151173591614e+00 2.317509269714e+01 9.257019042969e+00 6.812370300293e+00 4.849944591522e+00 3.322628498077e+00 1.023088169098e+01 1.124430847168e+01 2.769248247147e+00 1.939210534096e+00 2.284323930740e+00 2.828233957291e+00 3.168092489243e+00 2.967637062073e+00
9.321181178093e-01 1.462134242058e+00 1.989217281342e+00 2.160496950150e+00 2.803976058960e+00 3.723381042480e+00 3.656090736389e+00 3.222743988037e+00 2.767003297806e+00 2.133742332458e+00 2.737170457840e+00 3.018673181534e+00 1.602713203430e+01 8.930665588379e+01 1.236166458130e+02 4.369316482544e+01 1.300659656525e+01 8.041657447815e+00 8.428922653198e+00 7.407299041748e+00 6.930912017822e+00 1.575373172760e+01 3.106348037720e+01 4.102104187012e+01 3.298722839355e+01 1.689929962158e+01 1.184859466553e+01 8.488798141479e+00 7.884003162384e+00 6.870559692383e+00 9.835577964783e+00 4.293495178223e+00 4.936131000519e+00 4.015157699585e+00 2.536627769470e+00 1.513107180595e+00 1.265925884247e+00 1.250844597816e+00 1.299282908440e+00 1.619877099991e+00 2.176990270615e+00 2.759711742401e+00 2.829828739166e+00
1.536552548409e+00 2.290847063065e+00 3.037822008133e+00 4.411704063416e+00 8.503184318542e+00 8.359475135803e+00 1.158374691010e+01 9.036720275879e+00 1.028509807587e+01 6.118045330048e+00 3.299099922180e+00 2.066350364685e+01 8.384228515625e+01 8.409191131592e+01 2.220714759827e+01 6.533644676208e+00 1.194057750702e+01 1.578276634216e+01 1.153505229950e+01 1.322739124298e+01 1.595448875427e+01 1.626849174500e+01 2.345209312439e+01 1.923657989502e+01 1.287493896484e+01 1.012608814240e+01 6.324698925018e+00 2.493458509445e+00 2.595151185989e+00 2.456747770309e+00 3.153203010559e+00 2.314352035522e+00 2.072720527649e+00 1.450333833694e+00 1.485290169716e+00 1.517018437386e+00 1.568975210190e+00 1.650867581367e+00 1.759714841843e+00 1.900416374207e+00 1.929837346077e+00 2.309010505676e+00 3.025303125381e+00
