VariationalSeries/SI/f170_max.grd
DSAA
101	101
32.816463539100	34.260883539100
35.556306596100	36.727886596100
1.233268249780e-02	2.247137451172e+03
[rows 0 to 18 of 101, columns 0 to 42 of 101]
1.913062572479e+00 3.415000677109e+00 3.022144556046e+00 1.808378219604e+00 1.578983068466e+00 2.084037065506e+00 4.129285812378e+00 5.728328227997e+00 5.100457191467e+00 3.029919624329e+00 1.874028205872e+00 2.152563095093e+00 2.284291505814e+00 2.204729557037e+00 1.890222907066e+00 2.851872682571e+00 4.280297279358e+00 4.962882041931e+00 3.555731296539e+00 2.294222354889e+00 2.653899669647e+00 2.874778985977e+00 2.056762933731e+00 1.842983365059e+00 1.989713788033e+00 2.717921257019e+00 4.063353538513e+00 4.645920276642e+00 6.175346374512e+00 4.933176994324e+00 3.613314390182e+00 3.398182153702e+00 2.952542304993e+00 2.345533847809e+00 1.888077378273e+00 1.833362579346e+00 1.690758585930e+00 2.288998603821e+00 3.199573755264e+00 3.659582614899e+00 3.062029123306e+00 2.651415109634e+00 2.524149656296e+00
3.543456315994e+00 6.681140422821e+00 6.545464038849e+00 4.567600727081e+00 3.292767524719e+00 4.029315948486e+00 7.948460578918e+00 1.093788719177e+01 9.631317138672e+00 5.582918643951e+00 3.221199035645e+00 3.681574344635e+00 3.886495828629e+00 3.698997497559e+00 3.163755655289e+00 4.255203247070e+00 6.755836009979e+00 8.840887069702e+00 8.003951072693e+00 4.794919967651e+00 4.842787265778e+00 7.502816677094e+00 3.961870908737e+00 3.592905998230e+00 4.105861663818e+00 5.314431667328e+00 6.814968109131e+00 7.792788505554e+00 1.174219894409e+01 9.163797378540e+00 5.880266189575e+00 5.332563877106e+00 5.366564273834e+00 3.981709241867e+00 4.287205219269e+00 4.487947940826e+00 4.521218776703e+00 5.080312728882e+00 6.370699882507e+00 6.399943828583e+00 4.733265876770e+00 4.787081718445e+00 5.224356174469e+00
3.476490736008e+00 7.125640869141e+00 7.980102062225e+00 6.825793266296e+00 4.386064052582e+00 4.656321525574e+00 9.207031250000e+00 1.244568443298e+01 1.061044406891e+01 5.785166740417e+00 4.075164318085e+00 4.591817855835e+00 4.742372512817e+00 4.387114048004e+00 3.612649202347e+00 3.404512166977e+00 4.466133117676e+00 6.650849342346e+00 7.595787048340e+00 6.186786651611e+00 7.759226322174e+00 1.160695362091e+01 5.107536792755e+00 4.460685253143e+00 5.471619606018e+00 6.620587348938e+00 6.872738361359e+00 7.092610359192e+00 1.370050239563e+01 1.028814506531e+01 5.714444160461e+00 4.903491497040e+00 7.331778049469e+00 3.915575504303e+00 4.028682231903e+00 4.629070281982e+00 5.841442584991e+00 7.381999015808e+00 7.706047058105e+00 6.380227565765e+00 6.460441112518e+00 4.450626373291e+00 5.865810871124e+00
3.135731935501e+00 6.878327369690e+00 8.098204612732e+00 8.264567375183e+00 6.635905742645e+00 4.773526191711e+00 9.633995056152e+00 1.274816989899e+01 1.026734924316e+01 4.978014945984e+00 4.519383430481e+00 4.986060619354e+00 4.963263988495e+00 4.416061401367e+00 3.512562513351e+00 3.483135461807e+00 3.317084550858e+00 3.887896060944e+00 5.043273448944e+00 5.898680686951e+00 1.301717758179e+01 1.478013992310e+01 5.758006095886e+00 4.911092281342e+00 6.051212310791e+00 6.935213565826e+00 6.636861324310e+00 6.614098548889e+00 1.374266529083e+01 1.001792144775e+01 5.123073101044e+00 4.212775707245e+00 8.445328712463e+00 4.505591869354e+00 4.563581943512e+00 6.436802864075e+00 7.947049617767e+00 8.270626068115e+00 6.997392177582e+00 8.103224754333e+00 7.808698177338e+00 4.849974632263e+00 5.389198780060e+00
3.071650266647e+00 6.592283725739e+00 7.783212661743e+00 8.518893241882e+00 8.139268875122e+00 5.748561859131e+00 9.845586776733e+00 1.275644969940e+01 9.644686698914e+00 4.206687927246e+00 4.856729984283e+00 5.166945457458e+00 5.084471225739e+00 5.065563678741e+00 4.656378269196e+00 3.939421653748e+00 3.670888900757e+00 3.659025192261e+00 5.365775585175e+00 1.081687641144e+01 1.809335899353e+01 1.625119590759e+01 6.194386005402e+00 6.875382423401e+00 6.070260524750e+00 6.791675567627e+00 6.095569610596e+00 6.591385364532e+00 1.302589321136e+01 9.448551177979e+00 6.053997516632e+00 4.785121440887e+00 8.998412132263e+00 5.120158672333e+00 7.164218425751e+00 8.558938980103e+00 8.643906593323e+00 7.295491218567e+00 5.026496410370e+00 8.334740638733e+00 9.633920669556e+00 6.487846374512e+00 4.289150238037e+00
2.825898408890e+00 5.771535873413e+00 6.960747718811e+00 7.530518054962e+00 8.334836959839e+00 6.928919315338e+00 9.856659889221e+00 1.237324428558e+01 8.715323448181e+00 4.615776062012e+00 5.167131900787e+00 5.747097969055e+00 6.129165172577e+00 5.939581394196e+00 5.352824211121e+00 4.368324756622e+00 3.536506175995e+00 3.833226203918e+00 8.523845672607e+00 1.540563106537e+01 2.105897903442e+01 1.607090950012e+01 6.882219314575e+00 1.047615528107e+01 6.449769496918e+00 6.382777214050e+00 5.470628738403e+00 7.064425468445e+00 1.167035007477e+01 9.371354103088e+00 6.109720230103e+00 4.976612567902e+00 1.041958713531e+01 7.657787799835e+00 9.069892883301e+00 8.957556724548e+00 7.434601306915e+00 5.147293090820e+00 5.666560173035e+00 7.861770629883e+00 1.181491947174e+01 7.549582004547e+00 4.098619461060e+00
3.569921493530e+00 6.332892894745e+00 5.941552162170e+00 5.877338886261e+00 7.219980239868e+00 6.978847980499e+00 9.722601890564e+00 1.185360622406e+01 7.842598438263e+00 5.098823547363e+00 5.777761936188e+00 6.576073646545e+00 6.671990871429e+00 6.216680049896e+00 5.305924892426e+00 4.904819965363e+00 4.733665943146e+00 5.923602581024e+00 1.148855781555e+01 1.840359687805e+01 2.182736778259e+01 1.470130920410e+01 8.757684707642e+00 1.329228210449e+01 9.354744911194e+00 5.918323516846e+00 5.171283245087e+00 1.308878231049e+01 1.841230583191e+01 1.196263217926e+01 6.766998767853e+00 5.808289051056e+00 1.143143844604e+01 8.978114128113e+00 8.965902328491e+00 7.443464756012e+00 5.193122386932e+00 5.689472675323e+00 8.239942550659e+00 1.039671897888e+01 1.216712570190e+01 8.809170722961e+00 4.369438648224e+00
3.635786294937e+00 7.259739875793e+00 7.489759445190e+00 5.416806697845e+00 5.272097587585e+00 5.862492561340e+00 9.607933998108e+00 1.161588191986e+01 7.323477268219e+00 5.522422313690e+00 6.518510341644e+00 6.964030742645e+00 6.746450424194e+00 5.969061374664e+00 5.416997432709e+00 6.317952632904e+00 7.044374465942e+00 7.800543308258e+00 1.405397796631e+01 1.996008491516e+01 2.144226074219e+01 1.323469924927e+01 9.534853935242e+00 1.463178634644e+01 1.139272594452e+01 7.269340991974e+00 5.223942756653e+00 1.988080978394e+01 2.580212020874e+01 1.405841922760e+01 7.391798973083e+00 6.593610763550e+00 1.126593875885e+01 8.252385139465e+00 8.055139541626e+00 5.731585025787e+00 5.458753108978e+00 8.125742912292e+00 1.072943973541e+01 1.184904479980e+01 1.073829364777e+01 1.115310859680e+01 4.935522079468e+00
3.158376455307e+00 6.890045642853e+00 8.547904014587e+00 7.766647338867e+00 5.158409118652e+00 5.142955303192e+00 9.522291183472e+00 1.153874969482e+01 7.065575599670e+00 6.203680515289e+00 6.908712387085e+00 6.987376213074e+00 6.412990093231e+00 5.466488838196e+00 5.773941516876e+00 6.730996608734e+00 9.115109443665e+00 9.325682640076e+00 1.547677040100e+01 1.965642547607e+01 1.948508262634e+01 1.151552581787e+01 9.770336151123e+00 1.400962066650e+01 1.230306529999e+01 8.408752441406e+00 6.604933261871e+00 2.562972831726e+01 3.009771728516e+01 1.552079296112e+01 8.189831733704e+00 6.296102046967e+00 1.141769599915e+01 7.498063564301e+00 8.838049888611e+00 8.403020858765e+00 8.161126136780e+00 1.094115829468e+01 1.258540248871e+01 1.190295505524e+01 8.754613876343e+00 1.386219310760e+01 5.776737689972e+00
3.246034383774e+00 5.747462272644e+00 8.089214324951e+00 9.137907028198e+00 7.785071849823e+00 5.202006816864e+00 9.560061454773e+00 1.153876399994e+01 6.917767047882e+00 6.560077190399e+00 6.927592754364e+00 6.648926258087e+00 7.189888954163e+00 7.837498188019e+00 8.204693794250e+00 8.327785491943e+00 9.910521507263e+00 1.075080680847e+01 1.590624237061e+01 1.824150085449e+01 1.690722465515e+01 9.848055839539e+00 8.864431381226e+00 1.226294422150e+01 1.189441585541e+01 8.653480529785e+00 7.157776355743e+00 2.908082389832e+01 3.198203468323e+01 1.611538887024e+01 7.178032875061e+00 5.588468074799e+00 1.237574481964e+01 7.439527511597e+00 9.045504570007e+00 8.792085647583e+00 1.136179733276e+01 1.308637905121e+01 1.281253242493e+01 1.027295875549e+01 7.547855854034e+00 1.509035491943e+01 7.539799690247e+00
3.279037475586e+00 6.557649612427e+00 6.766332149506e+00 8.775135040283e+00 9.580207824707e+00 7.698348045349e+00 9.487177848816e+00 1.137153911591e+01 6.704596519470e+00 6.626390457153e+00 7.223247051239e+00 8.459658622742e+00 9.388844490051e+00 9.911622047424e+00 1.016072082520e+01 1.026160907745e+01 1.016517162323e+01 1.309085845947e+01 1.832840919495e+01 1.940015411377e+01 1.629633712769e+01 1.203537845612e+01 8.434635162354e+00 1.047243690491e+01 1.073842048645e+01 7.719588279724e+00 8.320440292358e+00 3.068948364258e+01 3.272954177856e+01 1.581838321686e+01 6.798463821411e+00 5.884921550751e+00 1.211170101166e+01 7.563432693481e+00 1.004308414459e+01 1.218380165100e+01 1.359651279449e+01 1.334818267822e+01 1.108487701416e+01 8.484183311462e+00 8.562717437744e+00 1.453716945648e+01 9.812849044800e+00
2.788059473038e+00 5.863957405090e+00 7.009442329407e+00 7.341864585876e+00 9.493554115295e+00 9.987170219421e+00 9.210703849792e+00 1.097336483002e+01 6.434210300446e+00 7.788943767548e+00 9.066596031189e+00 1.011275386810e+01 1.083551311493e+01 1.125580501556e+01 1.140795993805e+01 1.140094089508e+01 1.129643630981e+01 1.746518325806e+01 2.382455825806e+01 2.470123100281e+01 2.125407791138e+01 1.663781929016e+01 1.216080379486e+01 8.892186164856e+00 1.183582115173e+01 1.134647274017e+01 1.016675376892e+01 2.947659492493e+01 2.901321411133e+01 1.442725753784e+01 8.375821113586e+00 9.891237258911e+00 1.118088245392e+01 1.208674812317e+01 1.371406555176e+01 1.433806228638e+01 1.376171684265e+01 1.160417652130e+01 1.132323455811e+01 1.316705989838e+01 9.863257408142e+00 1.246985912323e+01 1.191588211060e+01
2.239882707596e+00 4.423934936523e+00 5.857641696930e+00 6.919868946075e+00 8.062532424927e+00 1.018675518036e+01 1.022192764282e+01 1.039430809021e+01 7.992004394531e+00 9.291876792908e+00 1.022809123993e+01 1.083045387268e+01 1.119628715515e+01 1.140490913391e+01 1.143350696564e+01 1.139142894745e+01 1.140923023224e+01 1.928249931335e+01 2.599094390869e+01 2.647067832947e+01 2.283803749084e+01 1.856787490845e+01 1.449970531464e+01 1.060638713837e+01 1.596631336212e+01 1.543426609039e+01 1.301135540009e+01 2.572733306885e+01 2.286092567444e+01 1.230206012726e+01 1.463591289520e+01 1.648607063293e+01 1.640019798279e+01 1.583164596558e+01 1.563918304443e+01 1.488118553162e+01 1.440255641937e+01 1.364125347137e+01 1.245795059204e+01 1.776281166077e+01 1.110557365417e+01 9.529581069946e+00 1.536473464966e+01
2.841708183289e+00 5.565975189209e+00 5.478185653687e+00 5.345995426178e+00 6.538577079773e+00 8.778061866760e+00 1.091713714600e+01 1.040379810333e+01 8.901718139648e+00 9.894265174866e+00 1.039720249176e+01 1.056493568420e+01 1.049774265289e+01 1.027166461945e+01 1.001965904236e+01 9.986132621765e+00 1.025614833832e+01 1.775663375854e+01 2.345334053040e+01 2.419139480591e+01 2.167284774780e+01 1.834667396545e+01 1.513184738159e+01 1.195865249634e+01 1.583205986023e+01 1.634832382202e+01 1.443074321747e+01 2.112709426880e+01 1.677085494995e+01 1.278179836273e+01 1.720781517029e+01 1.944026374817e+01 1.854100608826e+01 1.693386268616e+01 1.501259422302e+01 1.409386062622e+01 1.328483676910e+01 1.235416793823e+01 1.127215671539e+01 1.875753211975e+01 1.724930191040e+01 9.843998908997e+00 1.747303009033e+01
3.657837390900e+00 7.310084819794e+00 7.342381000519e+00 7.201989650726e+00 6.952193737030e+00 6.849710941315e+00 9.611262321472e+00 1.168548679352e+01 1.032463932037e+01 9.694338798523e+00 9.826841354370e+00 9.621504783630e+00 9.201861381531e+00 8.642463684082e+00 8.158308029175e+00 8.056755065918e+00 8.382930755615e+00 1.407477569580e+01 1.808329391479e+01 1.903159141541e+01 1.777755546570e+01 1.595046424866e+01 1.407561969757e+01 1.206499481201e+01 1.247046279907e+01 1.358201980591e+01 1.325793266296e+01 2.114052200317e+01 1.235836410522e+01 1.313048839569e+01 1.700223922729e+01 1.889001655579e+01 1.808436203003e+01 1.496195602417e+01 1.092437076569e+01 1.201258659363e+01 9.856673240662e+00 1.042799472809e+01 1.015149402618e+01 1.550823879242e+01 2.297957801819e+01 9.997818946838e+00 1.760437202454e+01
3.704367876053e+00 7.521060466766e+00 7.785017490387e+00 8.162800788879e+00 8.440078735352e+00 8.504232406616e+00 8.615963935852e+00 1.054255390167e+01 1.223530387878e+01 9.811488151550e+00 8.846649169922e+00 8.399027824402e+00 7.820601463318e+00 7.462774276733e+00 8.024139404297e+00 8.179342269897e+00 8.665543556213e+00 1.208732986450e+01 1.271803092957e+01 1.360467243195e+01 1.330656623840e+01 1.234535884857e+01 1.153232479095e+01 1.092990016937e+01 1.045108127594e+01 1.023726463318e+01 1.368196392059e+01 2.243309402466e+01 1.514620971680e+01 1.481935310364e+01 1.766419792175e+01 1.793305587769e+01 1.495139694214e+01 1.479279518127e+01 8.077466011047e+00 1.422209262848e+01 1.311127758026e+01 1.214746284485e+01 1.042109203339e+01 1.090723419189e+01 2.608666992188e+01 1.430186462402e+01 1.565451717377e+01
4.176304817200e+00 7.211680412292e+00 7.098400592804e+00 7.385312557220e+00 7.780708789825e+00 8.575038909912e+00 9.083868980408e+00 9.562535285950e+00 1.130160236359e+01 1.193764972687e+01 9.884044647217e+00 9.787976264954e+00 9.872017860413e+00 8.945162773132e+00 8.302979469299e+00 9.074325561523e+00 9.890116691589e+00 1.245911407471e+01 1.256285762787e+01 1.039657783508e+01 9.132072448730e+00 1.066042709351e+01 1.328395175934e+01 1.378508090973e+01 1.243868350983e+01 1.022416973114e+01 1.517014884949e+01 2.289499664307e+01 1.525537490845e+01 1.602750396729e+01 1.685157203674e+01 1.726671600342e+01 1.845858001709e+01 1.650308418274e+01 1.034267616272e+01 1.597652149200e+01 1.462056541443e+01 1.210679531097e+01 9.122261047363e+00 1.061980533600e+01 2.506616592407e+01 2.191525840759e+01 1.208813571930e+01
4.780648708344e+00 8.808658599854e+00 9.497660636902e+00 8.202301979065e+00 7.428813457489e+00 8.025923728943e+00 8.189952850342e+00 7.890248298645e+00 8.684104919434e+00 1.102755737305e+01 1.213511180878e+01 1.245970726013e+01 1.218329620361e+01 1.124139690399e+01 1.062157344818e+01 1.023060226440e+01 1.003332901001e+01 1.249975109100e+01 1.310518646240e+01 1.152651596069e+01 9.327290534973e+00 8.558053016663e+00 9.392198562622e+00 1.045491409302e+01 1.070688629150e+01 1.085767650604e+01 1.330552959442e+01 2.205590629578e+01 1.571136856079e+01 1.363295173645e+01 1.560186576843e+01 1.791764450073e+01 1.992773818970e+01 1.693032646179e+01 1.192253017426e+01 1.761133766174e+01 1.405297565460e+01 1.092468070984e+01 8.268759727478e+00 9.708266258240e+00 2.021656417847e+01 2.964242172241e+01 1.319977760315e+01
4.704515933990e+00 9.228490829468e+00 1.098096084595e+01 1.035195255280e+01 7.846011161804e+00 5.995770931244e+00 7.263550281525e+00 8.223619461060e+00 8.817594528198e+00 8.899778366089e+00 1.200034999847e+01 1.328003025055e+01 1.247599220276e+01 1.250181198120e+01 1.259800815582e+01 1.241626834869e+01 1.100115585327e+01 1.240998077393e+01 1.355779743195e+01 1.232282257080e+01 9.056882858276e+00 1.111562252045e+01 1.051347446442e+01 1.088210678101e+01 9.674877166748e+00 9.513010978699e+00 1.000704765320e+01 2.048791885376e+01 1.861248970032e+01 1.477502250671e+01 1.438160228729e+01 1.521066856384e+01 1.876797866821e+01 1.672588920593e+01 1.351049709320e+01 1.698642158508e+01 1.229273605347e+01 9.837477684021e+00 9.300106048584e+00 8.667876243591e+00 1.384468936920e+01 3.468622970581e+01 1.381996250153e+01
