VariationalSeries/SI/f173.grd
DSAA
101	101
32.816463539100	34.260883539100
35.556306596100	36.727886596100
6.429589353502e-03	1.169407104492e+03
[rows 76 to 94 of 101, columns 0 to 42 of 101]
7.182128727436e-02 1.038391664624e-01 1.374891847372e-01 1.624963432550e-01 1.743264198303e-01 1.752216517925e-01 1.691779196262e-01 1.597376465797e-01 1.490434706211e-01 1.536023467779e-01 1.740020215511e-01 2.087992429733e-01 2.472924590111e-01 2.718611061573e-01 2.765612006187e-01 2.681016623974e-01 2.438170760870e-01 2.591834068298e-01 2.670395970345e-01 2.820463776588e-01 3.873587250710e-01 3.778378069401e-01 2.550532519817e-01 2.774608433247e-01 2.578413188457e-01 2.361594289541e-01 2.466512918472e-01 2.740926146507e-01 3.058334589005e-01 3.237279653549e-01 3.121455013752e-01 2.943284809589e-01 2.864512205124e-01 2.846336662769e-01 3.142248392105e-01 3.696625232697e-01 6.892926692963e-01 8.463388681412e-01 7.977653741837e-01 5.832478404045e-01 5.856161117554e-01 9.626656174660e-01 1.694614291191e+00
7.262509316206e-02 1.172577366233e-01 1.554098576307e-01 1.790018230677e-01 1.882670968771e-01 1.871688216925e-01 1.797079145908e-01 1.687775254250e-01 1.666489392519e-01 1.853763610125e-01 2.136411666870e-01 2.528013288975e-01 2.889806628227e-01 3.065206408501e-01 3.016141653061e-01 2.795870900154e-01 2.380842268467e-01 2.445111274719e-01 2.458138465881e-01 2.191707044840e-01 2.210903018713e-01 2.307948321104e-01 2.114835530519e-01 2.498350590467e-01 2.649322450161e-01 2.435132116079e-01 2.647439837456e-01 3.192407488823e-01 3.547738790512e-01 3.593134582043e-01 3.355883955956e-01 3.083162903786e-01 3.077740967274e-01 2.923946976662e-01 3.497937917709e-01 3.803862035275e-01 6.172780990601e-01 6.942836642265e-01 7.910400032997e-01 9.046599864960e-01 1.877776741982e+00 2.487668752670e+00 2.386309862137e+00
7.709000259638e-02 1.228212416172e-01 1.597913056612e-01 1.806199401617e-01 1.871571838856e-01 1.839463263750e-01 1.745737344027e-01 1.804682910442e-01 2.036792188883e-01 2.282145619392e-01 2.598563730717e-01 2.932259142399e-01 3.148684799671e-01 3.143700659275e-01 2.918884158134e-01 2.535375356674e-01 2.015809118748e-01 2.111761569977e-01 2.047914564610e-01 1.798644959927e-01 1.687063127756e-01 1.890132874250e-01 2.244217097759e-01 2.992768287659e-01 3.155056238174e-01 2.881353199482e-01 3.541471660137e-01 3.846770226955e-01 3.938679397106e-01 3.855426609516e-01 3.607804775238e-01 3.347083330154e-01 3.190185725689e-01 3.511540889740e-01 4.533401727676e-01 5.898855924606e-01 7.759647965431e-01 9.521563053131e-01 8.600178360939e-01 2.173189401627e+00 2.545885801315e+00 2.399459362030e+00 2.377105474472e+00
6.949681788683e-02 1.097329556942e-01 1.413378566504e-01 1.582120507956e-01 1.624116003513e-01 1.578697711229e-01 1.709998846054e-01 1.948090940714e-01 2.140038609505e-01 2.331379503012e-01 2.532574534416e-01 2.682881653309e-01 2.702227234840e-01 2.545974552631e-01 2.250214517117e-01 1.883961260319e-01 1.746184825897e-01 1.682128608227e-01 1.570283621550e-01 1.530290693045e-01 1.555911600590e-01 1.727600544691e-01 2.692235112190e-01 3.665718436241e-01 3.970040082932e-01 4.137159585953e-01 4.349325597286e-01 4.387941658497e-01 4.137324392796e-01 3.892917335033e-01 3.685416579247e-01 3.500240743160e-01 4.174954891205e-01 4.436236917973e-01 5.661285519600e-01 6.525068283081e-01 6.361098885536e-01 1.026147723198e+00 1.275548100471e+00 2.029153347015e+00 2.244496345520e+00 2.194445610046e+00 2.216243505478e+00
5.690918862820e-02 9.094558656216e-02 1.106153354049e-01 1.222673282027e-01 1.254547983408e-01 1.374519914389e-01 1.579385399818e-01 1.706789731979e-01 1.767503917217e-01 1.822575628757e-01 1.886234581470e-01 1.924984902143e-01 1.889992207289e-01 1.751118451357e-01 1.791701167822e-01 1.831538677216e-01 1.809372752905e-01 1.713975369930e-01 1.566204428673e-01 1.502204388380e-01 1.454474180937e-01 1.770391911268e-01 3.029754459858e-01 4.170259535313e-01 4.735845029354e-01 4.975681900978e-01 5.023163557053e-01 5.216336846352e-01 5.085762143135e-01 4.394163787365e-01 3.797861635685e-01 3.728696107864e-01 4.543752372265e-01 4.702318906784e-01 4.752261042595e-01 5.440416336060e-01 7.227855920792e-01 9.861882328987e-01 1.308332681656e+00 1.397151708603e+00 2.184162616730e+00 2.734739065170e+00 2.161776304245e+00
7.706636935472e-02 1.122881397605e-01 1.377988606691e-01 1.515217274427e-01 1.576888263226e-01 1.604759842157e-01 1.614234894514e-01 1.604096293449e-01 1.573795676231e-01 1.531505882740e-01 1.547102481127e-01 1.680352240801e-01 1.795850396156e-01 1.895247548819e-01 1.964447945356e-01 1.980125457048e-01 1.922108530998e-01 1.784786283970e-01 1.689109057188e-01 1.645627915859e-01 1.578414738178e-01 1.941525340080e-01 3.118965923786e-01 4.301139116287e-01 1.065639853477e+00 3.120725870132e+00 3.314755201340e+00 1.499330401421e+00 8.782657980919e-01 6.947958469391e-01 4.962515234947e-01 3.878533542156e-01 4.552222192287e-01 5.985694527626e-01 4.705818593502e-01 5.887871980667e-01 6.535243391991e-01 1.015182256699e+00 1.774875760078e+00 1.831147074699e+00 2.029072999954e+00 2.756056785583e+00 3.845862388611e+00
1.086976602674e-01 1.573095917702e-01 1.912907063961e-01 2.075324505568e-01 2.119564712048e-01 2.106733620167e-01 2.064063102007e-01 1.999453902245e-01 1.917254179716e-01 1.824253946543e-01 2.101628184319e-01 2.414025813341e-01 2.684934735298e-01 2.870415747166e-01 2.933134734631e-01 2.855376601219e-01 2.637870609760e-01 2.296891361475e-01 2.223535776138e-01 2.108523398638e-01 1.965889632702e-01 2.315155416727e-01 3.115083873272e-01 7.036127448082e-01 2.935631036758e+00 8.380105972290e+00 9.144117355347e+00 4.922811031342e+00 2.010335445404e+00 9.908658862114e-01 6.430727839470e-01 5.080974102020e-01 4.359600543976e-01 6.358309984207e-01 6.678097248077e-01 6.938051581383e-01 6.231543421745e-01 9.572176933289e-01 2.081902503967e+00 3.136414766312e+00 2.090355634689e+00 2.139619350433e+00 4.820240497589e+00
1.361419707537e-01 1.942834258080e-01 2.322700768709e-01 2.468109279871e-01 2.459634989500e-01 2.377423346043e-01 2.260920703411e-01 2.196929603815e-01 2.504524290562e-01 3.056071102619e-01 3.625026941299e-01 4.162035584450e-01 4.619131684303e-01 4.980013966560e-01 5.229706168175e-01 5.321627855301e-01 5.188171267509e-01 4.752189517021e-01 3.936428427696e-01 3.026220798492e-01 2.784983217716e-01 2.870197892189e-01 6.185238957405e-01 1.120027184486e+00 3.495230674744e+00 2.773402786255e+01 5.448131179810e+01 1.206373691559e+01 5.432203292847e+00 1.869894742966e+00 7.835508584976e-01 6.263017058372e-01 5.748999714851e-01 7.983657717705e-01 9.600359797478e-01 9.384526610374e-01 7.785695195198e-01 1.173289537430e+00 1.749440550804e+00 3.821885824203e+00 3.861988544464e+00 2.080565929413e+00 4.935841560364e+00
1.444204300642e-01 2.019069194794e-01 2.357729375362e-01 2.436775863171e-01 2.352002859116e-01 2.434182912111e-01 2.692606151104e-01 2.863207161427e-01 3.351629376411e-01 4.128379225731e-01 4.938831329346e-01 5.708485245705e-01 6.384693980217e-01 6.988570690155e-01 7.567793130875e-01 8.117344975471e-01 8.492195606232e-01 8.372279405594e-01 7.305305600166e-01 5.295891761780e-01 4.046476781368e-01 5.753767490387e-01 1.016539216042e+00 1.444652080536e+00 6.546105384827e+00 1.556759071350e+01 2.186777305603e+01 6.640353202820e+00 2.908568382263e+00 1.568893074989e+00 1.228664517403e+00 1.439153432846e+00 1.847863435745e+00 1.707903742790e+00 1.204575896263e+00 1.212884306908e+00 1.022525429726e+00 1.197061896324e+00 1.303288817406e+00 2.498511075974e+00 3.327059030533e+00 2.342184782028e+00 8.242751121521e+00
1.937684267759e-01 3.069443404675e-01 3.871655166149e-01 4.329564571381e-01 4.587154388428e-01 4.690607488155e-01 4.650750160217e-01 4.486416876316e-01 4.230202734470e-01 4.295539259911e-01 5.190850496292e-01 6.094985604286e-01 6.955782175064e-01 7.781806588173e-01 8.658507466316e-01 9.688663482666e-01 1.070214509964e+00 1.112265944481e+00 1.011767029762e+00 1.235117912292e+00 8.946465849876e-01 9.701534509659e-01 1.289195656776e+00 1.795979738235e+00 3.318498134613e+00 1.175599575043e+00 9.479358792305e-01 9.465121030807e-01 1.367315173149e+00 1.115004539490e+00 1.306738734245e+00 9.813983917236e+00 6.712933540344e+00 4.505002498627e+00 2.697809696198e+00 3.996858835220e+00 3.671985864639e+00 1.729502916336e+00 1.393950343132e+00 1.536347985268e+00 2.290232896805e+00 6.278241157532e+00 9.521630287170e+00
3.550120890141e-01 5.518928170204e-01 6.763037443161e-01 7.270833253860e-01 7.358168363571e-01 7.182642221451e-01 6.823629736900e-01 6.349830031395e-01 5.931575298309e-01 6.195530295372e-01 6.401888132095e-01 6.505288481712e-01 6.748062372208e-01 7.674074769020e-01 8.542013168335e-01 9.510760903358e-01 1.048372983932e+00 1.531868457794e+00 1.980227828026e+00 1.998425841331e+00 2.050006866455e+00 2.050274848938e+00 1.529638290405e+00 1.809989094734e+00 8.783164024353e-01 6.675233840942e-01 6.197033524513e-01 5.381435155869e-01 6.034582853317e-01 8.428926467896e-01 2.093634605408e+00 1.160847854614e+01 8.599470138550e+00 4.943291187286e+00 4.393579006195e+00 9.278198242188e+00 8.856842041016e+00 4.033387660980e+00 3.072285175323e+00 2.760405540466e+00 3.508785963058e+00 5.929721355438e+00 1.077876758575e+01
5.024614334106e-01 7.642177939415e-01 8.990241885185e-01 9.400230646133e-01 1.157867670059e+00 1.253672361374e+00 1.242417812347e+00 1.166666150093e+00 1.058677673340e+00 9.399291872978e-01 9.533796906471e-01 9.390513896942e-01 9.560813903809e-01 1.104600071907e+00 1.693528652191e+00 2.001857280731e+00 2.221449375153e+00 2.135282993317e+00 1.583551406860e+00 1.743986845016e+00 1.838254928589e+00 1.545471787453e+00 1.228824377060e+00 6.934502720833e-01 6.089677810669e-01 4.789491593838e-01 3.977130353451e-01 3.200567364693e-01 2.981584072113e-01 5.180629491806e-01 8.250142335892e-01 4.671916007996e+00 5.711307048798e+00 8.640362739563e+00 9.231181144714e+00 1.257999992371e+01 8.539189338684e+00 3.954615116119e+00 8.934441566467e+00 7.151424884796e+00 4.872165203094e+00 5.775897502899e+00 1.843649291992e+01
5.877505540848e-01 8.852077126503e-01 1.023429155350e+00 1.165961265564e+00 1.422635078430e+00 1.529493927956e+00 1.506556034088e+00 1.404962778091e+00 1.261930823326e+00 1.105845570564e+00 9.523765444756e-01 1.029393553734e+00 1.193036079407e+00 1.372924327850e+00 1.495475769043e+00 1.540328979492e+00 1.453163027763e+00 1.203680038452e+00 9.593292474747e-01 8.371515274048e-01 7.221217155457e-01 5.140086412430e-01 4.367040395737e-01 4.180845022202e-01 3.725490868092e-01 3.041701316833e-01 2.349781543016e-01 2.271788120270e-01 2.896876335144e-01 4.271906614304e-01 6.134035587311e-01 2.524389266968e+00 2.622202634811e+00 5.101419925690e+00 5.958978652954e+00 1.410824203491e+01 1.217800712585e+01 6.812160968781e+00 6.311079978943e+00 2.473388481140e+01 5.832278823853e+01 1.495989036560e+01 9.167453765869e+00
4.378384351730e-01 6.531626582146e-01 7.459978461266e-01 7.725895047188e-01 9.280578494072e-01 9.875492453575e-01 9.665969610214e-01 8.975690007210e-01 8.029626607895e-01 7.013550996780e-01 6.347828507423e-01 6.893525719643e-01 7.215526700020e-01 7.306867241859e-01 7.175148129463e-01 7.021553516388e-01 6.330663561821e-01 4.996148049831e-01 5.819225907326e-01 5.486168265343e-01 4.371668398380e-01 3.254465460777e-01 3.051423728466e-01 2.723562419415e-01 2.279376536608e-01 1.794407963753e-01 2.090328484774e-01 2.902847230434e-01 3.633354902267e-01 7.236213684082e-01 9.211794734001e-01 1.386196851730e+00 2.400289773941e+00 1.798009157181e+00 1.554639458656e+00 1.882985711098e+00 1.163987827301e+01 7.146256446838e+00 5.145599842072e+00 3.321009826660e+01 7.322116088867e+01 7.941537380219e+00 2.855034112930e+00
2.069685459137e-01 3.055883347988e-01 3.665072023869e-01 4.161023497581e-01 4.351212680340e-01 4.491286873817e-01 4.540140330791e-01 4.309574067593e-01 4.105424284935e-01 4.053456187248e-01 3.985155820847e-01 3.672686815262e-01 3.892484307289e-01 4.023230671883e-01 4.006787538528e-01 3.802140951157e-01 4.813087582588e-01 6.154333949089e-01 5.806334614754e-01 4.349185824394e-01 2.776884436607e-01 2.056134939194e-01 1.867278814316e-01 1.619752496481e-01 1.365388929844e-01 2.128170877695e-01 3.272986412048e-01 4.364944696426e-01 5.829709172249e-01 9.456443190575e-01 1.318920612335e+00 1.777955770493e+00 2.023527622223e+00 2.460071563721e+00 1.207979917526e+00 1.242143750191e+00 2.396268367767e+00 5.883427143097e+00 9.777403831482e+00 1.059642124176e+01 5.447359085083e+00 2.042861700058e+00 1.904870510101e+00
1.400292068720e-01 2.044190913439e-01 2.581845819950e-01 2.915496230125e-01 3.051636517048e-01 3.045745491982e-01 2.959018051624e-01 2.817784547806e-01 2.653139531612e-01 2.479392588139e-01 2.301106303930e-01 2.122493684292e-01 1.950216442347e-01 1.965665966272e-01 1.938988119364e-01 2.619661688805e-01 4.471177756786e-01 5.299549102783e-01 4.544785618782e-01 3.138701617718e-01 1.914135068655e-01 1.241701617837e-01 1.272364705801e-01 1.395726650953e-01 1.901315599680e-01 3.228213489056e-01 4.860979616642e-01 6.663286685944e-01 9.401861429214e-01 1.301110148430e+00 1.945600509644e+00 2.006444692612e+00 1.791475296021e+00 9.889638423920e-01 7.563927769661e-01 1.031447649002e+00 1.265810370445e+00 4.372583866119e+00 1.160104084015e+01 6.842589378357e+00 3.994886636734e+00 1.742303252220e+00 1.653583884239e+00
1.007112786174e-01 1.454616189003e-01 1.816282570362e-01 2.040111273527e-01 2.139152586460e-01 2.150091081858e-01 2.102343887091e-01 2.015531957150e-01 1.902118474245e-01 1.768776625395e-01 1.621340662241e-01 1.465274989605e-01 1.561374366283e-01 1.568610519171e-01 1.447506397963e-01 1.552784442902e-01 2.785795629025e-01 3.474698066711e-01 3.255193829536e-01 2.553363442421e-01 1.807572394609e-01 1.217035651207e-01 1.362386345863e-01 1.568568348885e-01 2.684827148914e-01 5.844796895981e-01 1.234231710434e+00 1.136134505272e+00 9.446295499802e-01 1.752043604851e+00 2.382671117783e+00 2.041760444641e+00 1.436476349831e+00 6.759917736053e-01 7.437471747398e-01 1.020139575005e+00 1.317313909531e+00 5.485135555267e+00 9.479451179504e+00 3.992024660110e+00 2.300882339478e+00 1.390130162239e+00 1.248805999756e+00
6.881496310234e-02 9.841614961624e-02 1.218643262982e-01 1.361158490181e-01 1.423016488552e-01 1.428181827068e-01 1.393775194883e-01 1.330704540014e-01 1.245549097657e-01 1.143324226141e-01 1.119183450937e-01 1.254888772964e-01 1.307466626167e-01 1.249587386847e-01 1.159029826522e-01 1.326497346163e-01 1.473957896233e-01 1.775104552507e-01 2.035691589117e-01 1.970285326242e-01 1.681077927351e-01 1.330645829439e-01 1.454634964466e-01 2.006914615631e-01 3.493991196156e-01 1.010513186455e+00 1.435782909393e+00 8.770561814308e-01 9.609455466270e-01 1.850645303726e+00 2.502993345261e+00 1.982130765915e+00 1.354002833366e+00 9.307036399841e-01 1.052236199379e+00 1.019592761993e+00 2.318126678467e+00 9.534246444702e+00 7.329125881195e+00 1.645132422447e+00 3.308251619339e+00 1.422080993652e+00 9.658918380737e-01
4.205417260528e-02 5.953348428011e-02 7.315531373024e-02 8.118356764317e-02 8.434701710939e-02 8.408014476299e-02 8.138541132212e-02 7.690694928169e-02 7.109712809324e-02 8.610060065985e-02 1.004526689649e-01 1.097980290651e-01 1.104788035154e-01 1.182186901569e-01 1.368107199669e-01 1.556494683027e-01 1.721267253160e-01 1.829025149345e-01 1.847239285707e-01 1.763556450605e-01 1.609805375338e-01 1.501023471355e-01 1.669975519180e-01 2.501023411751e-01 4.215283393860e-01 1.129337430000e+00 1.185448527336e+00 9.656437635422e-01 8.775605559349e-01 1.654127359390e+00 2.317086935043e+00 1.806817412376e+00 1.730052351952e+00 1.169066309929e+00 1.267010927200e+00 9.529332518578e-01 2.283003330231e+00 5.471131801605e+00 3.119062662125e+00 1.943880319595e+00 4.396233081818e+00 1.403157353401e+00 7.388507723808e-01
