VariationalSeries/SI/f173.grd
DSAA
101	101
32.816463539100	34.260883539100
35.556306596100	36.727886596100
6.429589353502e-03	1.169407104492e+03
[rows 0 to 18 of 101, columns 43 to 85 of 101]
1.605812668800e+00 2.732398509979e+00 3.149337291718e+00 2.500868082047e+00 1.744792699814e+00 1.809064626694e+00 1.565672278404e+00 1.408441066742e+00 9.306630492210e-01 1.312425851822e+00 1.742606759071e+00 2.063062667847e+00 2.614058494568e+00 3.707250595093e+00 1.704086184502e+00 2.100751876831e+00 2.664723873138e+00 2.856749057770e+00 1.932822346687e+00 1.341908335686e+00 1.513940691948e+00 1.888834834099e+00 1.960610151291e+00 2.073672533035e+00 2.089783191681e+00 1.511349081993e+00 1.020456671715e+00 1.042254209518e+00 1.963204145432e+00 2.922055244446e+00 2.332226514816e+00 1.144996047020e+00 1.427525877953e+00 1.007984995842e+00 9.919717311859e-01 8.801629543304e-01 7.083359360695e-01 6.374404430389e-01 4.926329553127e-01 5.105359554291e-01 6.236930489540e-01 1.039452314377e+00 1.034258127213e+00
2.786190509796e+00 4.953049659729e+00 6.183866500854e+00 5.479969501495e+00 4.112460613251e+00 4.036312580109e+00 3.267013311386e+00 2.731126070023e+00 2.535754919052e+00 2.890158414841e+00 3.223622322083e+00 3.864748716354e+00 5.186363220215e+00 7.425216197968e+00 3.221541643143e+00 3.999354124069e+00 5.044587135315e+00 5.362954616547e+00 3.688242912292e+00 2.593802452087e+00 2.877252101898e+00 3.608720541000e+00 3.887249708176e+00 3.639421701431e+00 3.763943910599e+00 3.164644718170e+00 1.867900848389e+00 2.103491067886e+00 4.454424381256e+00 7.036955833435e+00 4.162408351898e+00 1.897189259529e+00 2.795861005783e+00 1.861631751060e+00 1.857858181000e+00 1.545530676842e+00 1.268544197083e+00 1.126835227013e+00 9.292248487473e-01 9.297099113464e-01 1.379940152168e+00 2.107868194580e+00 1.967082381248e+00
3.480561733246e+00 5.068494319916e+00 6.917684078217e+00 6.806632041931e+00 5.537331104279e+00 5.858971595764e+00 3.868857383728e+00 3.357476234436e+00 4.509243965149e+00 4.504888057709e+00 3.219231128693e+00 4.288378715515e+00 5.538875102997e+00 7.780706882477e+00 3.688890933990e+00 4.559367656708e+00 5.654880046844e+00 6.156468868256e+00 4.262184619904e+00 3.244029998779e+00 3.339278697968e+00 3.627930164337e+00 4.378847599030e+00 4.576420307159e+00 5.576957702637e+00 4.278602600098e+00 2.430519104004e+00 2.638984441757e+00 5.859998226166e+00 9.114534378052e+00 4.281001091003e+00 2.230238676071e+00 3.223881721497e+00 2.063484430313e+00 2.075860500336e+00 1.817063808441e+00 1.613169193268e+00 1.280771374702e+00 1.066227793694e+00 1.321822166443e+00 1.749636769295e+00 2.336836814880e+00 2.017263889313e+00
4.015399456024e+00 4.558974266052e+00 6.203795433044e+00 6.740300178528e+00 6.012032032013e+00 7.827945232391e+00 4.049549102783e+00 4.581726074219e+00 6.439625263214e+00 6.630583763123e+00 4.405409336090e+00 4.489786624908e+00 5.679648876190e+00 7.859766483307e+00 3.875767230988e+00 4.939439296722e+00 5.804593563080e+00 6.423515796661e+00 4.473740577698e+00 4.268314361572e+00 3.587291717529e+00 4.437077999115e+00 5.361832141876e+00 5.275319576263e+00 7.417728900909e+00 5.288144111633e+00 2.740826368332e+00 3.148156166077e+00 6.839590549469e+00 9.893814086914e+00 4.059378147125e+00 2.430824995041e+00 3.419592618942e+00 1.934487581253e+00 2.127668142319e+00 2.326082229614e+00 1.962414145470e+00 1.476815700531e+00 1.292980194092e+00 1.632402539253e+00 2.089511156082e+00 2.437043428421e+00 1.936122775078e+00
3.956692695618e+00 5.472674846649e+00 4.909055709839e+00 5.713975429535e+00 5.556897640228e+00 9.925854682922e+00 3.891488552094e+00 5.652777194977e+00 8.224799156189e+00 8.830583572388e+00 6.216824531555e+00 4.681818008423e+00 5.844121456146e+00 7.906704902649e+00 4.024838924408e+00 5.414487838745e+00 5.875655651093e+00 6.642743110657e+00 4.946656227112e+00 5.251502513885e+00 4.160812854767e+00 5.620161533356e+00 6.817141056061e+00 6.617869853973e+00 9.230482101440e+00 6.118635177612e+00 3.323064327240e+00 3.377802610397e+00 7.245868682861e+00 9.558477401733e+00 4.375747680664e+00 2.893940925598e+00 3.537957429886e+00 2.291379928589e+00 2.640700817108e+00 2.738557815552e+00 2.187424659729e+00 1.546019792557e+00 1.640900135040e+00 1.777940750122e+00 2.440083026886e+00 2.475471973419e+00 1.855540990829e+00
3.439166069031e+00 5.819809913635e+00 4.374394416809e+00 4.539393901825e+00 4.841805458069e+00 1.201424789429e+01 4.330003261566e+00 6.431494712830e+00 9.806841850281e+00 1.101228427887e+01 8.117873191833e+00 4.938546657562e+00 6.065084457397e+00 7.947150707245e+00 4.273777008057e+00 5.811000823975e+00 5.863349914551e+00 6.836829662323e+00 5.068296432495e+00 6.097908496857e+00 5.052838802338e+00 6.812402248383e+00 8.121404647827e+00 7.755342006683e+00 1.085499382019e+01 6.600781440735e+00 3.658639431000e+00 4.026990413666e+00 6.937598705292e+00 7.752274036407e+00 4.461023807526e+00 3.360755205154e+00 3.572521448135e+00 2.561043024063e+00 3.094316244125e+00 3.047185659409e+00 2.296772241592e+00 1.642510294914e+00 1.846930742264e+00 1.924740076065e+00 2.791276216507e+00 2.522272586823e+00 1.782589673996e+00
3.199954748154e+00 5.579773426056e+00 4.397081375122e+00 3.557651042938e+00 4.689111709595e+00 1.393628597260e+01 5.007392883301e+00 6.805716037750e+00 1.090313148499e+01 1.268693447113e+01 9.855685234070e+00 5.212652683258e+00 6.262174606323e+00 7.955012798309e+00 4.487270832062e+00 6.197539806366e+00 5.765688419342e+00 6.973077297211e+00 5.048643589020e+00 6.455296516418e+00 5.790653705597e+00 7.662279605865e+00 9.008341789246e+00 8.390114784241e+00 1.205376434326e+01 6.653692245483e+00 3.534877538681e+00 4.509165763855e+00 5.947105884552e+00 5.716532707214e+00 5.961852550507e+00 4.583602905273e+00 3.547889709473e+00 2.752572298050e+00 3.454154491425e+00 3.228048086166e+00 2.287912607193e+00 1.930098295212e+00 1.819347620010e+00 2.615677118301e+00 3.191860675812e+00 2.589236021042e+00 1.666859865189e+00
3.678980350494e+00 5.333059787750e+00 4.254328250885e+00 4.039423942566e+00 5.273167610168e+00 1.576438522339e+01 5.717013359070e+00 6.592113494873e+00 1.103156375885e+01 1.341444873810e+01 1.123000717163e+01 6.832859992981e+00 6.514913558960e+00 8.006734848022e+00 4.752029418945e+00 6.561308383942e+00 5.596887111664e+00 7.065084934235e+00 5.207071781158e+00 6.119899272919e+00 6.235308170319e+00 8.066996574402e+00 9.229705810547e+00 8.392851829529e+00 1.274990653992e+01 6.412928104401e+00 4.330828666687e+00 5.386872768402e+00 6.228335857391e+00 7.421192646027e+00 7.923568248749e+00 6.171338081360e+00 3.450208663940e+00 3.274509429932e+00 3.683338642120e+00 3.252549648285e+00 2.164290904999e+00 1.981462478638e+00 2.203874588013e+00 3.518251180649e+00 3.496009349823e+00 2.467401504517e+00 1.415621638298e+00
4.124030590057e+00 5.352054595947e+00 4.224104881287e+00 4.365896224976e+00 5.833573341370e+00 1.746483230591e+01 6.459869861603e+00 5.806968688965e+00 1.009874725342e+01 1.309077548981e+01 1.205496978760e+01 8.347502708435e+00 6.781139850616e+00 8.822783470154e+00 5.016714096069e+00 6.923941612244e+00 5.467203140259e+00 7.130901336670e+00 5.317056655884e+00 5.420580863953e+00 6.520658493042e+00 7.915701866150e+00 8.767266273499e+00 8.657809257507e+00 1.268050098419e+01 5.675693988800e+00 5.464246749878e+00 6.429378509521e+00 7.523714542389e+00 9.086639404297e+00 9.943284988403e+00 7.973626613617e+00 4.480216503143e+00 4.068181991577e+00 4.158116340637e+00 3.103850364685e+00 2.142060995102e+00 1.857843637466e+00 3.497004985809e+00 4.253032684326e+00 3.380982637405e+00 1.961316227913e+00 1.680105686188e+00
4.417558193207e+00 5.454769134521e+00 4.186232089996e+00 4.274243354797e+00 6.368252754211e+00 1.883248710632e+01 7.109743595123e+00 4.782663345337e+00 8.625074386597e+00 1.197582626343e+01 1.216360282898e+01 9.551672935486e+00 7.024243831635e+00 9.524101257324e+00 6.215727329254e+00 7.325833797455e+00 7.130342960358e+00 7.242248058319e+00 5.376087188721e+00 6.462581634521e+00 6.392185211182e+00 7.337138175964e+00 7.737691402435e+00 9.668002128601e+00 1.178905296326e+01 5.290018081665e+00 6.402650356293e+00 7.370903968811e+00 8.550421714783e+00 1.043530368805e+01 1.163546371460e+01 9.625120162964e+00 5.587624549866e+00 4.315273761749e+00 4.510360240936e+00 2.805015087128e+00 2.415412664413e+00 3.328864336014e+00 4.688415050507e+00 4.292221546173e+00 2.616924285889e+00 1.937958717346e+00 1.781656026840e+00
4.471362113953e+00 5.648229598999e+00 4.157045841217e+00 4.569518089294e+00 6.848452091217e+00 1.992756080627e+01 7.703843593597e+00 4.685044288635e+00 6.926145553589e+00 1.014105129242e+01 1.130126571655e+01 1.018701267242e+01 8.206698417664e+00 9.485230445862e+00 7.872125625610e+00 7.720452785492e+00 1.006991004944e+01 7.517667293549e+00 5.364237308502e+00 8.568941116333e+00 6.997344493866e+00 6.496281623840e+00 9.159952163696e+00 1.030306911469e+01 1.027191925049e+01 6.056468486786e+00 7.081391334534e+00 7.877528667450e+00 8.831584930420e+00 1.116414833069e+01 1.307298851013e+01 1.114242649078e+01 6.555446624756e+00 3.757036685944e+00 4.271887779236e+00 2.967983245850e+00 3.078593730927e+00 4.911596298218e+00 5.020576000214e+00 3.336700201035e+00 2.355129718781e+00 2.244261980057e+00 2.104056119919e+00
4.337734222412e+00 5.865515708923e+00 5.449870586395e+00 5.178725242615e+00 7.280310153961e+00 2.062595939636e+01 8.079349517822e+00 4.868730068207e+00 5.755818843842e+00 7.896641254425e+00 9.676220893860e+00 1.003277111053e+01 9.158099174500e+00 1.003461074829e+01 9.535388946533e+00 8.079593658447e+00 1.347664546967e+01 9.915081977844e+00 5.340362071991e+00 1.042431926727e+01 7.813337802887e+00 8.153882026672e+00 1.207052326202e+01 1.045209980011e+01 8.327982902527e+00 6.636885643005e+00 7.250589370728e+00 8.053846359253e+00 8.405143737793e+00 1.101362991333e+01 1.375917530060e+01 1.228232192993e+01 7.297077655792e+00 3.273534774780e+00 3.969760656357e+00 3.532967805862e+00 4.861997127533e+00 5.654494762421e+00 4.023852825165e+00 2.716831445694e+00 2.617687225342e+00 2.490568876266e+00 2.353938817978e+00
4.359557628632e+00 6.082142353058e+00 6.895279407501e+00 4.768771171570e+00 7.687731266022e+00 2.119237327576e+01 8.249428749084e+00 5.030627250671e+00 5.769220352173e+00 7.414485454559e+00 7.459447860718e+00 8.922931671143e+00 9.389660835266e+00 1.119189929962e+01 1.025533294678e+01 8.812531471252e+00 1.681565856934e+01 1.210519790649e+01 5.282572746277e+00 1.188190364838e+01 8.210896492004e+00 9.909746170044e+00 1.425935173035e+01 9.756866455078e+00 6.224635601044e+00 6.807965278625e+00 6.950984001160e+00 7.623202800751e+00 7.556813716888e+00 1.001102733612e+01 1.321766662598e+01 1.250560188293e+01 7.667713165283e+00 3.383521795273e+00 3.807510375977e+00 4.495845794678e+00 6.128437519073e+00 4.855517864227e+00 2.923716783524e+00 2.827673435211e+00 2.765431404114e+00 2.674996614456e+00 2.555196285248e+00
3.905086994171e+00 6.303165435791e+00 7.489557743073e+00 5.024049282074e+00 8.103368759155e+00 2.183233833313e+01 8.359447479248e+00 5.339607238770e+00 5.274372577667e+00 7.154701232910e+00 5.879515171051e+00 7.168965339661e+00 1.049912261963e+01 1.201633834839e+01 9.527215003967e+00 1.090651416779e+01 1.947208595276e+01 1.386915874481e+01 6.141907215118e+00 1.289263439178e+01 8.410192489624e+00 1.079879760742e+01 1.496668148041e+01 8.126963615417e+00 6.528791904449e+00 7.074091434479e+00 7.299249649048e+00 6.786349773407e+00 6.045517921448e+00 8.308294296265e+00 1.159285831451e+01 1.174149513245e+01 7.596046447754e+00 3.350105285645e+00 3.859569787979e+00 6.280144691467e+00 5.824499130249e+00 3.375681161880e+00 2.861792802811e+00 2.734526157379e+00 2.694221019745e+00 2.689142465591e+00 2.628704309464e+00
5.119457721710e+00 6.562026977539e+00 7.511863708496e+00 8.180299758911e+00 8.531665802002e+00 2.220983505249e+01 8.326177597046e+00 6.380112648010e+00 4.446269989014e+00 6.739238262177e+00 5.502609729767e+00 7.922490596771e+00 1.106518650055e+01 1.284361648560e+01 1.030769252777e+01 1.296006107330e+01 2.165912818909e+01 1.490711212158e+01 7.464870452881e+00 1.375239944458e+01 9.253989219666e+00 1.055031299591e+01 1.440089511871e+01 6.508672237396e+00 6.084367752075e+00 8.492926597595e+00 9.282271385193e+00 5.814959049225e+00 4.625149250031e+00 6.381794452667e+00 9.528580665588e+00 1.044134426117e+01 7.141080856323e+00 3.167259693146e+00 5.990551471710e+00 6.739896774292e+00 4.069136142731e+00 3.060324430466e+00 2.615748643875e+00 2.550253391266e+00 2.532866716385e+00 2.920332908630e+00 3.445484161377e+00
6.765928268433e+00 6.869619846344e+00 7.408947467804e+00 1.004674720764e+01 8.851964950562e+00 2.231672668457e+01 8.085437774658e+00 7.316023826599e+00 4.708570003510e+00 6.911722183228e+00 5.863451957703e+00 8.491004943848e+00 1.158959197998e+01 1.365154075623e+01 9.964239120483e+00 1.465354824066e+01 2.208353614807e+01 1.413543224335e+01 8.850087165833e+00 1.447774696350e+01 9.284219741821e+00 9.668126106262e+00 1.248661041260e+01 6.374615192413e+00 6.163011550903e+00 9.784213066101e+00 1.001064968109e+01 5.239594459534e+00 5.014499187469e+00 4.572584152222e+00 7.372869968414e+00 8.737725257874e+00 6.324765205383e+00 5.399907588959e+00 7.253134250641e+00 5.215209007263e+00 2.962071418762e+00 2.528568506241e+00 2.323775529861e+00 2.222313880920e+00 3.119717121124e+00 4.052799224854e+00 4.031403064728e+00
8.070939064026e+00 8.938221931458e+00 8.460191726685e+00 9.301635742188e+00 9.023439407349e+00 2.212221717834e+01 8.003235816956e+00 8.047131538391e+00 4.948008060455e+00 7.021239280701e+00 6.488633155823e+00 8.789228439331e+00 1.220863723755e+01 1.445102882385e+01 9.170918464661e+00 1.573516845703e+01 2.081834220886e+01 1.254290008545e+01 9.743113517761e+00 1.502657699585e+01 8.307597160339e+00 7.744885921478e+00 9.727680206299e+00 5.901569366455e+00 7.255264759064e+00 9.809225082397e+00 9.251219749451e+00 5.524423599243e+00 5.787570476532e+00 4.896572589874e+00 6.561994552612e+00 6.859794616699e+00 5.201416015625e+00 7.276858806610e+00 6.396603584290e+00 4.540948867798e+00 2.540480136871e+00 2.109544754028e+00 2.648779392242e+00 2.990211725235e+00 4.342662811279e+00 4.448854923248e+00 3.703934192657e+00
1.058159446716e+01 1.073917198181e+01 1.162228584290e+01 9.082175254822e+00 1.033078384399e+01 2.141142654419e+01 9.135415077209e+00 8.587522506714e+00 6.435612678528e+00 7.039882183075e+00 7.218013763428e+00 1.092096328735e+01 1.272408485413e+01 1.534171867371e+01 1.007623004913e+01 1.581681442261e+01 1.851670837402e+01 1.211853027344e+01 1.006072998047e+01 1.544051647186e+01 7.702511787415e+00 6.799925804138e+00 7.405000686646e+00 6.281875610352e+00 7.891745090485e+00 8.789660453796e+00 6.855185508728e+00 6.115162849426e+00 6.752164363861e+00 5.585191726685e+00 6.781665802002e+00 4.861680030823e+00 6.894275665283e+00 7.230769634247e+00 6.519699573517e+00 4.117259025574e+00 2.770064592361e+00 2.623773813248e+00 3.168279170990e+00 4.324373722076e+00 4.822495460510e+00 3.881431818008e+00 2.880368232727e+00
1.176335525513e+01 1.194047069550e+01 1.452359580994e+01 1.352881431580e+01 8.972366333008e+00 2.019250488281e+01 8.530270576477e+00 9.553366661072e+00 8.911442756653e+00 7.392437458038e+00 7.866010665894e+00 1.319059181213e+01 1.392076492310e+01 1.632817459106e+01 1.124791431427e+01 1.488819026947e+01 1.828759193420e+01 1.478336906433e+01 9.815201759338e+00 1.551691436768e+01 7.739673137665e+00 7.158989429474e+00 7.480164527893e+00 6.982834815979e+00 7.404161453247e+00 6.453655719757e+00 6.364120960236e+00 7.131225109100e+00 7.399486541748e+00 5.796498298645e+00 6.722977638245e+00 6.488527297974e+00 7.677819252014e+00 6.700104236603e+00 6.953539848328e+00 4.769022464752e+00 3.410956621170e+00 3.383937120438e+00 4.109365940094e+00 4.839025497437e+00 3.993684053421e+00 2.980362892151e+00 2.887700080872e+00
