VariationalSeries/SI/f173.grd
DSAA
101	101
32.816463539100	34.260883539100
35.556306596100	36.727886596100
6.429589353502e-03	1.169407104492e+03
[rows 38 to 56 of 101, columns 0 to 42 of 101]
2.559242248535e+00 5.397329807281e+00 5.833553791046e+00 6.072681903839e+00 7.585853576660e+00 9.297398567200e+00 1.073405551910e+01 1.190221881866e+01 1.304910469055e+01 1.193107318878e+01 9.813696861267e+00 8.107604026794e+00 8.279564857483e+00 8.169494628906e+00 8.485070228577e+00 9.399076461792e+00 1.062430858612e+01 1.971724700928e+01 3.183088874817e+01 3.404840850830e+01 2.729411506653e+01 2.209658622742e+01 1.544506454468e+01 1.816244888306e+01 3.469015502930e+01 4.526377868652e+01 4.387083053589e+01 3.160387229919e+01 2.368879890442e+01 2.588503074646e+01 2.666430664062e+01 3.303053665161e+01 4.483293151855e+01 4.426775741577e+01 4.168546676636e+01 2.556830978394e+01 3.545029067993e+01 3.982534408569e+01 3.824726104736e+01 5.883481597900e+01 6.391080093384e+01 9.312319183350e+01 7.692680358887e+01
3.964350223541e+00 7.053605079651e+00 5.918014526367e+00 5.673428058624e+00 8.067100524902e+00 9.774791717529e+00 1.278445911407e+01 1.605180931091e+01 1.785810089111e+01 1.671541023254e+01 1.220282840729e+01 9.173329353333e+00 8.076557159424e+00 8.186223983765e+00 8.790882110596e+00 9.505938529968e+00 1.012741661072e+01 1.070848464966e+01 1.734621238708e+01 2.424009704590e+01 2.471007156372e+01 2.301346969604e+01 2.394070243835e+01 2.003637504578e+01 1.925054740906e+01 2.168019485474e+01 2.809183120728e+01 5.296792602539e+01 7.115642547607e+01 7.222937774658e+01 5.660866165161e+01 2.790776252747e+01 3.269057846069e+01 2.748857498169e+01 5.412223434448e+01 4.826204299927e+01 3.208934783936e+01 3.894433212280e+01 4.761062622070e+01 5.379870223999e+01 7.253166961670e+01 8.634830474854e+01 1.001961059570e+02
4.356138229370e+00 8.676162719727e+00 8.219131469727e+00 7.247473716736e+00 9.558485984802e+00 1.173552989960e+01 1.420110034943e+01 1.863515472412e+01 2.017096138000e+01 2.005538177490e+01 1.371807003021e+01 9.102554321289e+00 9.105793952942e+00 7.838372707367e+00 6.692811489105e+00 7.358061790466e+00 9.113958358765e+00 9.589400291443e+00 1.046867179871e+01 1.342024612427e+01 2.006862831116e+01 2.843073463440e+01 3.306212615967e+01 3.398430633545e+01 3.421031188965e+01 2.294852447510e+01 1.721870994568e+01 1.796839904785e+01 1.885865020752e+01 2.262380027771e+01 4.755637359619e+01 7.551692962646e+01 8.945586395264e+01 7.483587646484e+01 3.871822738647e+01 3.873373413086e+01 6.670402526855e+01 5.527072525024e+01 5.872852325439e+01 5.825871658325e+01 5.193772125244e+01 7.312922668457e+01 1.088359527588e+02
6.296762466431e+00 1.064110374451e+01 1.233513450623e+01 1.265748786926e+01 1.140171527863e+01 1.366471672058e+01 1.364729881287e+01 1.300113868713e+01 1.300092315674e+01 1.596253585815e+01 1.712134361267e+01 1.476356792450e+01 1.086517715454e+01 9.809725761414e+00 1.076218128204e+01 1.329297256470e+01 1.540643787384e+01 1.721499061584e+01 1.678955459595e+01 1.218787002563e+01 1.332275009155e+01 1.755057144165e+01 1.957638931274e+01 2.617965316772e+01 3.245712661743e+01 3.851885604858e+01 4.294080734253e+01 4.167615509033e+01 4.418129348755e+01 4.823772048950e+01 5.335145568848e+01 4.980751419067e+01 7.723953247070e+01 8.741728973389e+01 6.251070785522e+01 7.982982635498e+01 8.874929046631e+01 7.548725891113e+01 8.566348266602e+01 7.063401031494e+01 4.883789825439e+01 8.503900909424e+01 6.938341522217e+01
6.420928001404e+00 1.233134841919e+01 1.384042835236e+01 1.148759841919e+01 1.347836303711e+01 1.698752593994e+01 1.684829521179e+01 1.376714611053e+01 1.658023834229e+01 1.382948589325e+01 1.315950870514e+01 1.825291252136e+01 1.884949111938e+01 1.408277606964e+01 1.312802696228e+01 1.208801651001e+01 1.326482200623e+01 1.773200035095e+01 2.385070610046e+01 2.421191978455e+01 1.525488281250e+01 1.637061119080e+01 2.156838226318e+01 1.783769035339e+01 2.075908851624e+01 2.523427963257e+01 3.348630905151e+01 5.059237670898e+01 6.786586761475e+01 6.214618301392e+01 5.920813751221e+01 4.371809768677e+01 4.334942245483e+01 8.339451599121e+01 7.830632019043e+01 9.860440063477e+01 6.512694549561e+01 9.252543640137e+01 8.143389892578e+01 1.174590148926e+02 1.216086273193e+02 9.753977966309e+01 1.082330245972e+02
1.276113510132e+01 2.477341651917e+01 1.852621459961e+01 1.572875595093e+01 1.538811016083e+01 1.383696842194e+01 1.467409706116e+01 1.785120773315e+01 1.758618545532e+01 1.405594062805e+01 1.678673171997e+01 1.146475505829e+01 1.470290946960e+01 2.051695251465e+01 1.770864295959e+01 1.504845714569e+01 1.884799957275e+01 4.064590454102e+01 4.771197509766e+01 2.825376129150e+01 3.023701477051e+01 1.712023162842e+01 1.960322952271e+01 2.788249015808e+01 1.854043388367e+01 1.767730331421e+01 1.923388671875e+01 2.001704216003e+01 2.549639511108e+01 2.896066284180e+01 3.089047813416e+01 3.532283782959e+01 4.800213623047e+01 7.549538421631e+01 5.057242965698e+01 4.687409591675e+01 6.697741699219e+01 7.842662048340e+01 5.295954895020e+01 1.101544113159e+02 1.123481826782e+02 1.220646820068e+02 1.491584014893e+02
1.956968307495e+01 3.594153976440e+01 2.917971801758e+01 2.303976821899e+01 2.123333549500e+01 1.668103981018e+01 2.295219421387e+01 2.011792755127e+01 2.193983268738e+01 1.709611892700e+01 1.317995166779e+01 1.585589408875e+01 1.430915546417e+01 9.720400810242e+00 1.744229125977e+01 2.041041564941e+01 1.472236442566e+01 1.233318996429e+01 2.247159004211e+01 1.610484123230e+01 2.794683647156e+01 3.088414764404e+01 3.086495208740e+01 2.721819114685e+01 3.763370895386e+01 2.331635856628e+01 2.288903427124e+01 2.964041519165e+01 3.477462768555e+01 2.669177818298e+01 3.246878433228e+01 4.003803253174e+01 4.750939941406e+01 5.583537292480e+01 7.131398773193e+01 5.405873107910e+01 6.005596923828e+01 6.709738159180e+01 6.366508102417e+01 9.043432617188e+01 8.850534820557e+01 1.276255645752e+02 1.269581756592e+02
8.051188468933e+00 1.680600166321e+01 2.010399818420e+01 2.352254486084e+01 2.385891151428e+01 2.645692443848e+01 2.787327957153e+01 2.393806457520e+01 2.133677482605e+01 2.026910400391e+01 2.005051803589e+01 1.810433387756e+01 1.675371551514e+01 1.559630584717e+01 1.684601974487e+01 1.440698719025e+01 1.049325561523e+01 1.213766288757e+01 1.282172966003e+01 1.706800651550e+01 1.632042121887e+01 2.851625633240e+01 2.898985862732e+01 3.083557510376e+01 3.677446746826e+01 4.180973815918e+01 4.453870391846e+01 4.648762130737e+01 4.775315093994e+01 5.152452468872e+01 5.243721389771e+01 5.520262527466e+01 5.887089920044e+01 4.924767303467e+01 4.370690155029e+01 6.044925689697e+01 7.408516693115e+01 1.124141540527e+02 1.359223937988e+02 1.266715927124e+02 1.221510772705e+02 1.247496643066e+02 1.071599807739e+02
7.831509113312e+00 1.651402854919e+01 1.888814735413e+01 2.098733139038e+01 2.249931526184e+01 2.292213058472e+01 2.104889297485e+01 1.755430030823e+01 1.645741844177e+01 2.069564819336e+01 2.433387947083e+01 2.303087234497e+01 1.725335121155e+01 1.116885471344e+01 1.167944908142e+01 6.793361663818e+00 3.994004726410e+00 4.317668437958e+00 5.690304279327e+00 7.067664623260e+00 1.999414443970e+01 3.600250244141e+01 3.223615264893e+01 3.862144851685e+01 3.647893905640e+01 4.515065002441e+01 4.681166076660e+01 4.447887420654e+01 4.163057327271e+01 5.097560882568e+01 5.379977035522e+01 6.593996429443e+01 8.450672912598e+01 9.228726196289e+01 7.912020874023e+01 6.674478912354e+01 7.441770172119e+01 5.521240615845e+01 8.386093902588e+01 8.626705932617e+01 1.355786132812e+02 1.243742141724e+02 1.345935516357e+02
2.116275548935e+00 4.155101776123e+00 4.402961730957e+00 4.748124122620e+00 6.763212203979e+00 9.352636337280e+00 1.224878692627e+01 1.336385440826e+01 1.317611789703e+01 1.228652381897e+01 1.213978481293e+01 1.539444637299e+01 1.527243804932e+01 1.229731369019e+01 7.811568737030e+00 6.151782512665e+00 3.169974803925e+00 2.668958663940e+00 3.010856628418e+00 6.294876098633e+00 1.455517387390e+01 2.984786796570e+01 7.529370880127e+01 7.114274597168e+01 6.406422424316e+01 6.025077056885e+01 5.814906692505e+01 5.663513946533e+01 5.711055374146e+01 6.605834197998e+01 7.818520355225e+01 8.874931335449e+01 1.485142211914e+02 8.566299438477e+01 1.896340484619e+02 1.284180755615e+02 1.021641921997e+02 1.117401580811e+02 1.389857940674e+02 1.621870880127e+02 1.723141784668e+02 1.635742340088e+02 1.646369018555e+02
1.940450310707e+00 3.751669883728e+00 4.094335556030e+00 4.105512142181e+00 6.534330368042e+00 9.594552993774e+00 9.948568344116e+00 8.176824569702e+00 6.050672054291e+00 4.963479518890e+00 6.217891693115e+00 7.709532260895e+00 7.371205806732e+00 5.917730331421e+00 4.369236946106e+00 3.181267738342e+00 2.456738710403e+00 1.749240040779e+00 1.724063396454e+00 5.694687366486e+00 1.821416473389e+01 3.146628379822e+01 3.150031089783e+01 6.292135238647e+01 1.535520935059e+02 7.866007995605e+01 4.937839126587e+01 4.491513442993e+01 4.707026672363e+01 5.149523544312e+01 8.975559997559e+01 1.233835220337e+02 6.521898651123e+01 9.816922760010e+01 1.837845916748e+02 3.196609802246e+02 1.312049255371e+02 1.108659973145e+02 9.495263671875e+01 1.047646179199e+02 9.001481628418e+01 1.694542846680e+02 2.014523315430e+02
1.008642315865e+00 2.097014427185e+00 2.519929647446e+00 2.799795150757e+00 3.446280241013e+00 5.509283065796e+00 6.314627647400e+00 5.535876274109e+00 4.274899959564e+00 3.200304746628e+00 2.655084848404e+00 2.543976783752e+00 2.051501035690e+00 1.818352937698e+00 2.180553436279e+00 1.680789351463e+00 1.511872053146e+00 1.267250061035e+00 1.571352124214e+00 2.382706403732e+00 3.884286403656e+00 1.049209403992e+01 1.117198085785e+01 1.511440944672e+01 5.728664016724e+01 5.993456268311e+01 2.227608680725e+01 1.276508712769e+01 1.337390518188e+01 4.097291564941e+01 5.414265441895e+01 5.902284622192e+01 6.251799392700e+01 5.202708816528e+01 7.774491882324e+01 2.129519805908e+02 1.232525939941e+02 7.153266906738e+01 5.197418594360e+01 4.618666839600e+01 4.404182052612e+01 1.123978042603e+02 1.574238586426e+02
4.477575421333e-01 8.721771240234e-01 9.103495478630e-01 1.036367177963e+00 1.292740941048e+00 1.630417823792e+00 1.934504747391e+00 2.103946208954e+00 2.040017366409e+00 1.784486055374e+00 1.513960838318e+00 1.668825268745e+00 1.719185113907e+00 1.585139155388e+00 1.581812858582e+00 1.820728659630e+00 1.400749802589e+00 1.094162940979e+00 1.302196741104e+00 1.808804750443e+00 2.067610979080e+00 3.807277202606e+00 6.597156524658e+00 1.433779144287e+01 3.460449218750e+01 2.201141738892e+01 1.365813732147e+01 1.099000930786e+01 1.054172515869e+01 3.398345947266e+00 2.985490083694e+00 3.269248485565e+00 5.126340389252e+00 1.074899482727e+01 2.532341575623e+01 4.170084228516e+02 7.927443237305e+02 1.093713684082e+02 7.559782409668e+01 3.910523223877e+01 2.744689559937e+01 2.939742851257e+01 5.759409332275e+01
3.604279756546e-01 6.547257900238e-01 7.280218601227e-01 7.290816307068e-01 7.308985590935e-01 9.345691800117e-01 1.224062800407e+00 1.502606749535e+00 1.667975068092e+00 1.635594725609e+00 1.380313038826e+00 1.251948356628e+00 1.357161164284e+00 1.308801412582e+00 1.159695982933e+00 1.387075066566e+00 1.628708720207e+00 1.316551804543e+00 1.051388263702e+00 4.073457241058e+00 4.543672561646e+00 2.839502334595e+00 3.760540008545e+00 6.661145687103e+00 1.258771038055e+01 1.277207870483e+02 2.966897392273e+01 2.374857330322e+01 1.012040901184e+01 2.009909152985e+00 1.761256575584e+00 1.848116278648e+00 2.222601652145e+00 2.760738372803e+00 3.633111715317e+00 1.898594474792e+01 1.334881744385e+02 3.323291931152e+02 9.115849304199e+01 5.278273773193e+01 1.430937767029e+01 9.359118461609e+00 9.776375770569e+00
3.314064443111e-01 7.839806675911e-01 1.055766105652e+00 1.216461896896e+00 1.265483140945e+00 1.167006731033e+00 1.037055850029e+00 9.538897871971e-01 1.188628792763e+00 1.362376451492e+00 1.360820412636e+00 1.181867599487e+00 1.010514020920e+00 1.255881667137e+00 1.307568550110e+00 1.164637327194e+00 1.331639528275e+00 1.745438098907e+00 1.395389080048e+00 2.801424503326e+00 3.331000089645e+00 2.720148086548e+00 2.985681295395e+00 3.194491624832e+00 7.266698837280e+00 3.193521308899e+01 2.654604911804e+01 6.575966358185e+00 3.094440460205e+00 1.930506825447e+00 1.449450135231e+00 1.239810466766e+00 1.224343538284e+00 1.573965668678e+00 2.058513164520e+00 6.804978370667e+00 3.395553588867e+01 1.293547821045e+02 1.526168975830e+02 2.336217689514e+01 1.087271881104e+01 6.432374954224e+00 6.070450305939e+00
5.038099884987e-01 1.178946733475e+00 1.498278021812e+00 1.677932262421e+00 1.720808863640e+00 1.644134163857e+00 1.542315125465e+00 1.388292431831e+00 1.201090455055e+00 9.839605093002e-01 1.086228489876e+00 1.143901348114e+00 1.096908926964e+00 1.280671238899e+00 1.464577913284e+00 1.378352046013e+00 1.133418440819e+00 1.824106216431e+00 1.885822534561e+00 5.135772705078e+00 3.294569730759e+00 2.394263505936e+00 1.638749480247e+00 1.701927185059e+00 3.184190273285e+00 3.139265251160e+01 3.130244636536e+01 5.925620555878e+00 3.912261962891e+00 2.005699396133e+00 1.253455281258e+00 9.030141830444e-01 8.029390573502e-01 8.159843683243e-01 1.273495078087e+00 2.162133455276e+00 1.411471462250e+01 4.580287933350e+01 1.183053512573e+02 6.082757568359e+01 2.938233375549e+01 5.271923542023e+00 4.686319828033e+00
3.361526727676e-01 7.394945025444e-01 9.163581728935e-01 1.000764012337e+00 9.689200520515e-01 9.568520188332e-01 1.066689491272e+00 1.188469171524e+00 1.302517771721e+00 1.302937030792e+00 1.123855352402e+00 8.756838440895e-01 1.031852841377e+00 1.129610419273e+00 1.148248314857e+00 1.151325941086e+00 1.156439542770e+00 1.916433215141e+00 2.613648891449e+00 4.335437774658e+00 3.392677783966e+00 2.673050642014e+00 1.339722871780e+00 1.352784633636e+00 2.700892925262e+00 1.433465576172e+01 1.103258037567e+01 4.621830463409e+00 3.663895606995e+00 2.072386741638e+00 1.145457506180e+00 9.827980995178e-01 8.670102953911e-01 8.482238054276e-01 1.053737878799e+00 1.857294797897e+00 3.937141656876e+00 1.949149894714e+01 2.326350021362e+01 1.419221973419e+01 8.950900077820e+00 4.029143810272e+00 3.761698961258e+00
3.152176737785e-01 5.816436409950e-01 8.508110046387e-01 1.073722958565e+00 1.272804498672e+00 1.498329758644e+00 1.745858669281e+00 2.012576341629e+00 2.259486913681e+00 2.331294536591e+00 2.089168787003e+00 1.560777783394e+00 1.013367056847e+00 1.059802651405e+00 1.307329177856e+00 1.423537969589e+00 1.736458420753e+00 2.023862600327e+00 2.412355661392e+00 4.122125625610e+00 3.415699481964e+00 1.974770545959e+00 1.070983886719e+00 1.049300312996e+00 1.954003453255e+00 4.532425403595e+00 1.283108367920e+02 3.165825605392e+00 2.934890031815e+00 1.799280047417e+00 1.087165594101e+00 8.813701272011e-01 8.406251668930e-01 8.886600732803e-01 1.128009676933e+00 1.538092732430e+00 2.642482995987e+00 3.250880479813e+00 6.679009914398e+00 8.634600639343e+00 5.380587577820e+00 3.283554553986e+00 4.528272151947e+00
3.149909079075e-01 5.719337463379e-01 7.873997092247e-01 9.629971385002e-01 1.141422271729e+00 1.361410975456e+00 1.593058347702e+00 1.825342297554e+00 2.043830633163e+00 2.165185928345e+00 2.059053421021e+00 2.334202051163e+00 2.418151140213e+00 2.343183755875e+00 2.246282577515e+00 2.045872449875e+00 2.385608911514e+00 1.780766487122e+00 2.338198661804e+00 7.442324638367e+00 2.735961675644e+00 1.408647418022e+00 1.004186749458e+00 8.455161452293e-01 1.160370588303e+00 9.409691810608e+00 2.850252342224e+01 2.577228307724e+00 3.115872859955e+00 1.340667128563e+00 1.026021003723e+00 7.922484874725e-01 8.010274767876e-01 9.145759344101e-01 1.187483191490e+00 1.414772868156e+00 1.618633508682e+00 2.561409235001e+00 5.558297634125e+00 6.446051597595e+00 4.211098670959e+00 3.163118362427e+00 3.882476091385e+00
