VariationalSeries/SI/f173.grd
DSAA
101	101
32.816463539100	34.260883539100
35.556306596100	36.727886596100
6.429589353502e-03	1.169407104492e+03
[rows 19 to 37 of 101, columns 0 to 42 of 101]
2.155941963196e+00 4.396346092224e+00 5.626842498779e+00 5.738080978394e+00 4.736330509186e+00 3.712180614471e+00 2.566693782806e+00 2.963245153427e+00 3.465657472610e+00 4.148479938507e+00 5.531365871429e+00 6.572947502136e+00 6.322303295135e+00 6.840910434723e+00 6.883317470551e+00 6.669147968292e+00 6.338724613190e+00 6.406256198883e+00 7.281807899475e+00 6.476164817810e+00 6.545926570892e+00 7.030730247498e+00 7.458946228027e+00 7.240402698517e+00 6.431045532227e+00 5.478494167328e+00 5.666323184967e+00 9.293338775635e+00 1.099754619598e+01 8.292246818542e+00 7.666364192963e+00 7.071825981140e+00 7.335625648499e+00 7.329752922058e+00 7.267553806305e+00 7.327439308167e+00 5.765387058258e+00 5.042611122131e+00 5.410260677338e+00 5.304716587067e+00 7.585623741150e+00 1.804902839661e+01 8.450108528137e+00
1.690446853638e+00 3.552796125412e+00 4.794142246246e+00 5.248709678650e+00 4.671117782593e+00 4.436894416809e+00 4.065253734589e+00 2.787104368210e+00 3.679070234299e+00 4.308050632477e+00 4.815138339996e+00 6.003727436066e+00 5.281130313873e+00 6.141963958740e+00 6.625031948090e+00 6.824705123901e+00 6.802918434143e+00 6.506371021271e+00 8.328369140625e+00 6.655333995819e+00 7.637974739075e+00 9.074834823608e+00 9.795670509338e+00 9.931553840637e+00 9.053362846375e+00 6.987527847290e+00 7.510578155518e+00 7.555658817291e+00 1.158157539368e+01 8.417758941650e+00 7.231856346130e+00 6.862594127655e+00 6.688320159912e+00 6.356978416443e+00 6.202012538910e+00 7.975172042847e+00 5.529716968536e+00 5.821978092194e+00 5.925921440125e+00 6.175438404083e+00 9.384852409363e+00 1.531482601166e+01 1.257177925110e+01
1.250971078873e+00 2.589870929718e+00 3.634428501129e+00 4.186042308807e+00 3.953585386276e+00 3.409364461899e+00 4.198190212250e+00 4.144125938416e+00 4.690586566925e+00 5.572606086731e+00 6.397933483124e+00 8.397945404053e+00 1.001507568359e+01 9.124134063721e+00 6.200376510620e+00 6.120349407196e+00 6.454777240753e+00 6.951879978180e+00 1.212971973419e+01 9.264487266541e+00 7.027479171753e+00 1.103376865387e+01 1.170271110535e+01 1.337269496918e+01 1.068824768066e+01 9.448803901672e+00 9.393086433411e+00 6.015106201172e+00 1.093905448914e+01 7.755594730377e+00 6.000233650208e+00 6.289879798889e+00 7.428528308868e+00 5.783747673035e+00 6.307169437408e+00 8.456977844238e+00 6.730078220367e+00 6.189895629883e+00 6.409692287445e+00 6.984921932220e+00 1.093124675751e+01 1.100850296021e+01 1.667717170715e+01
1.753071784973e+00 3.148428678513e+00 2.944177150726e+00 3.084470033646e+00 3.724895238876e+00 4.708514213562e+00 5.482556819916e+00 6.526279926300e+00 7.897820949554e+00 9.892313957214e+00 1.252818012238e+01 1.563248348236e+01 1.748362731934e+01 1.513677501678e+01 9.526752471924e+00 5.703823566437e+00 7.870123386383e+00 1.105241394043e+01 1.398869514465e+01 1.144922065735e+01 9.096837043762e+00 1.198537921906e+01 1.275044250488e+01 1.503130817413e+01 1.063622570038e+01 1.076758098602e+01 1.117199611664e+01 7.015857696533e+00 8.978920936584e+00 6.420188903809e+00 5.627505779266e+00 5.571675777435e+00 7.715670585632e+00 7.639117717743e+00 7.586790561676e+00 7.214391231537e+00 9.457097053528e+00 6.799772739410e+00 6.918950557709e+00 7.659936904907e+00 1.216829490662e+01 1.051838016510e+01 1.937162399292e+01
1.711217284203e+00 3.522210597992e+00 3.818303823471e+00 3.655363559723e+00 4.680674552917e+00 6.358102798462e+00 6.953280448914e+00 7.324604988098e+00 8.097298622131e+00 9.346957206726e+00 1.123024654388e+01 1.274603748322e+01 1.300574779510e+01 1.110401058197e+01 8.147093772888e+00 7.082347869873e+00 7.732346534729e+00 1.089674854279e+01 1.447321891785e+01 8.903082847595e+00 8.608675956726e+00 1.209854412079e+01 1.274026298523e+01 1.443091487885e+01 1.152855491638e+01 1.073638534546e+01 1.261188220978e+01 1.092053794861e+01 1.103285694122e+01 9.434962272644e+00 8.185244560242e+00 1.166513442993e+01 1.087438774109e+01 8.283789634705e+00 8.058318138123e+00 7.736718654633e+00 1.050722026825e+01 7.551208496094e+00 7.572762489319e+00 8.079370498657e+00 1.285706520081e+01 1.065842723846e+01 1.980225563049e+01
3.217796564102e+00 5.533993244171e+00 3.580035209656e+00 3.638855218887e+00 4.053524971008e+00 5.564049720764e+00 6.297877311707e+00 6.215147495270e+00 6.155049324036e+00 6.383697986603e+00 6.747724533081e+00 7.135966777802e+00 6.777457237244e+00 7.238920211792e+00 7.330682754517e+00 6.575141429901e+00 6.719627380371e+00 1.251163959503e+01 1.426879787445e+01 7.562768936157e+00 7.830264091492e+00 1.121818733215e+01 1.209511470795e+01 1.231279850006e+01 1.099848747253e+01 9.826890945435e+00 1.359740257263e+01 1.202110195160e+01 9.747181892395e+00 9.405390739441e+00 9.594415664673e+00 1.517081642151e+01 2.247652626038e+01 2.128907203674e+01 1.917689323425e+01 1.821810531616e+01 1.882228660583e+01 1.160581398010e+01 9.859637260437e+00 8.411214828491e+00 1.314529895782e+01 1.029235649109e+01 1.755677223206e+01
5.969645500183e+00 1.264600276947e+01 1.298005199432e+01 1.131413650513e+01 7.035833358765e+00 4.086454391479e+00 4.215219020844e+00 4.413963317871e+00 4.600433826447e+00 5.948860645294e+00 7.131485462189e+00 7.970443725586e+00 8.229408264160e+00 7.893196582794e+00 7.092855930328e+00 7.465219020844e+00 8.028859138489e+00 1.219720649719e+01 1.198786640167e+01 6.725491523743e+00 7.836557388306e+00 9.185785293579e+00 1.047749805450e+01 1.020324039459e+01 1.129614353180e+01 1.088291168213e+01 1.412787723541e+01 1.481484127045e+01 1.570038986206e+01 1.402132606506e+01 1.055834960938e+01 9.135065078735e+00 1.838981819153e+01 1.999678230286e+01 2.189413261414e+01 2.629580688477e+01 3.261001205444e+01 1.979188919067e+01 1.455593872070e+01 1.236864566803e+01 1.290639400482e+01 9.603242874146e+00 1.318464565277e+01
6.331666469574e+00 1.368112087250e+01 1.583501815796e+01 1.866819000244e+01 2.034159469604e+01 1.756373977661e+01 9.813429832458e+00 5.554106235504e+00 7.580482006073e+00 8.857512474060e+00 9.100291252136e+00 8.609848976135e+00 8.051968574524e+00 1.079754543304e+01 1.182171058655e+01 1.166745185852e+01 1.144440937042e+01 1.110460281372e+01 1.096557998657e+01 1.060626792908e+01 1.036022281647e+01 1.034723281860e+01 1.002798748016e+01 1.284478569031e+01 1.545239543915e+01 1.335168647766e+01 1.537926578522e+01 1.967366981506e+01 1.984625434875e+01 1.757717895508e+01 1.308301353455e+01 1.024960899353e+01 1.081284046173e+01 1.605888175964e+01 2.400370407104e+01 2.122294044495e+01 2.228657341003e+01 1.674383735657e+01 1.779806327820e+01 1.810890197754e+01 1.470743751526e+01 9.123545646667e+00 1.166307640076e+01
4.042250633240e+00 8.951567649841e+00 1.046129417419e+01 1.290165042877e+01 1.677780532837e+01 2.195961380005e+01 2.466404914856e+01 1.910411834717e+01 9.931745529175e+00 9.623038291931e+00 8.574465751648e+00 1.095473766327e+01 1.283935070038e+01 1.328916645050e+01 1.255294227600e+01 1.250532817841e+01 1.235004425049e+01 1.198161029816e+01 1.255638790131e+01 1.266507816315e+01 1.300699138641e+01 1.411849880219e+01 1.335935306549e+01 1.231611824036e+01 1.226363277435e+01 1.578988742828e+01 1.510083198547e+01 1.900217247009e+01 2.084590148926e+01 1.864521026611e+01 1.387499618530e+01 1.453692722321e+01 1.870307159424e+01 2.504620170593e+01 2.996502494812e+01 2.179877662659e+01 1.620192337036e+01 1.354143524170e+01 1.605610656738e+01 2.052937889099e+01 2.233498954773e+01 1.512547302246e+01 1.139581108093e+01
2.810825347900e+00 5.511013507843e+00 6.756686687469e+00 6.215978622437e+00 7.380911827087e+00 1.103312587738e+01 1.712947082520e+01 2.302662277222e+01 2.284473991394e+01 1.563647937775e+01 1.217010593414e+01 1.275409221649e+01 1.285213851929e+01 1.221778202057e+01 1.196838760376e+01 1.174846172333e+01 1.114735221863e+01 1.195217990875e+01 1.226024341583e+01 1.271319770813e+01 1.347467613220e+01 1.301353454590e+01 1.253302192688e+01 1.240190887451e+01 1.281633186340e+01 1.205233669281e+01 1.305272674561e+01 1.493949127197e+01 1.778779792786e+01 1.844212341309e+01 1.439654541016e+01 1.751793861389e+01 2.032221603394e+01 2.312892341614e+01 2.248925209045e+01 1.416431140900e+01 1.565185928345e+01 1.817152595520e+01 1.951208877563e+01 1.737897491455e+01 2.514515876770e+01 2.542798995972e+01 1.367596435547e+01
3.282888889313e+00 6.457653045654e+00 6.273742198944e+00 7.691093444824e+00 6.313158988953e+00 5.576838970184e+00 6.725256919861e+00 1.220211219788e+01 1.931467247009e+01 2.227676582336e+01 1.804425430298e+01 1.205226612091e+01 1.139358806610e+01 1.110437965393e+01 1.036820602417e+01 1.007449531555e+01 1.039189052582e+01 1.212120056152e+01 1.098661899567e+01 1.097520351410e+01 9.921322822571e+00 8.121184349060e+00 1.135729122162e+01 1.011324691772e+01 1.521690177917e+01 1.254201984406e+01 1.491143894196e+01 1.670662879944e+01 1.325776576996e+01 1.495536708832e+01 1.718764114380e+01 1.848332214355e+01 1.471416950226e+01 1.853929901123e+01 1.358070659637e+01 1.188313961029e+01 1.581889724731e+01 2.206757736206e+01 2.630181884766e+01 2.477932548523e+01 2.052310371399e+01 3.160274696350e+01 2.361244201660e+01
4.280952930450e+00 8.227171897888e+00 7.634710788727e+00 7.628271579742e+00 8.493710517883e+00 6.562890529633e+00 9.079352378845e+00 1.096697998047e+01 1.202943801880e+01 1.698807525635e+01 2.165888786316e+01 1.952382850647e+01 1.186719322205e+01 9.479486465454e+00 9.326991081238e+00 9.540318489075e+00 9.872597694397e+00 9.756015777588e+00 1.115345954895e+01 1.042406368256e+01 9.079344749451e+00 7.894412040710e+00 8.736324310303e+00 1.364634132385e+01 2.028342247009e+01 2.723649978638e+01 3.271907806396e+01 2.672471237183e+01 1.705976104736e+01 1.597429847717e+01 2.113405036926e+01 1.433224391937e+01 1.067418193817e+01 2.313862037659e+01 1.014869117737e+01 1.346412277222e+01 1.314235210419e+01 1.867272186279e+01 2.703347206116e+01 2.895383071899e+01 2.479050827026e+01 2.683704757690e+01 3.603011703491e+01
3.904057502747e+00 8.536848068237e+00 9.035462379456e+00 8.832433700562e+00 9.013311386108e+00 9.267155647278e+00 1.104262733459e+01 1.152850246429e+01 1.139995288849e+01 1.072893047333e+01 1.528377532959e+01 2.152206039429e+01 2.087670898438e+01 1.430292892456e+01 8.937514305115e+00 8.901692390442e+00 8.577057838440e+00 8.158044815063e+00 1.091433811188e+01 1.134767913818e+01 1.190715026855e+01 9.540682792664e+00 8.810773849487e+00 1.682097244263e+01 2.845738792419e+01 4.181221771240e+01 4.911132049561e+01 4.706903457642e+01 3.084651756287e+01 1.843132591248e+01 2.272716140747e+01 1.787325286865e+01 1.713635063171e+01 2.831501388550e+01 1.508240699768e+01 2.785187911987e+01 2.007868957520e+01 1.518850898743e+01 2.080320739746e+01 2.975586509705e+01 3.034487342834e+01 2.548332595825e+01 3.894073104858e+01
4.763081073761e+00 9.537516593933e+00 9.660960197449e+00 9.388309478760e+00 9.735028266907e+00 1.096331214905e+01 1.098518657684e+01 1.107276916504e+01 1.013918590546e+01 9.326096534729e+00 8.994199752808e+00 1.322118377686e+01 2.093778610229e+01 2.192210960388e+01 1.649798393250e+01 8.486449241638e+00 7.845450878143e+00 8.306715965271e+00 9.734656333923e+00 1.581750869751e+01 1.430582427979e+01 1.330207252502e+01 1.215435314178e+01 1.671822357178e+01 2.899977874756e+01 4.134385299683e+01 5.623524475098e+01 6.589504241943e+01 5.521986770630e+01 2.698856925964e+01 2.347476768494e+01 2.574020576477e+01 2.484692382812e+01 3.356234741211e+01 1.861889648438e+01 3.742174148560e+01 3.091295242310e+01 2.023871421814e+01 1.949473762512e+01 2.710645484924e+01 5.806149673462e+01 2.942905998230e+01 3.208231353760e+01
6.647243022919e+00 1.248878669739e+01 1.127346324921e+01 1.143331623077e+01 1.215653228760e+01 1.286654472351e+01 1.369071388245e+01 1.426151847839e+01 1.459169483185e+01 1.464850044250e+01 1.420624923706e+01 1.449270343781e+01 1.379337406158e+01 1.940807723999e+01 2.235543632507e+01 1.850155067444e+01 9.197932243347e+00 9.119690895081e+00 9.827376365662e+00 1.518305873871e+01 1.609904670715e+01 1.470034408569e+01 1.304103374481e+01 1.422050094604e+01 2.400006675720e+01 3.561933517456e+01 5.514600372314e+01 7.698164367676e+01 7.290036010742e+01 4.482868576050e+01 3.290506362915e+01 4.178638458252e+01 4.536069107056e+01 4.247745513916e+01 3.576071929932e+01 4.048217010498e+01 3.846197891235e+01 2.957055282593e+01 3.520208740234e+01 3.065453529358e+01 8.374893951416e+01 6.804450988770e+01 1.921820259094e+01
6.877833843231e+00 1.429444217682e+01 1.425777244568e+01 1.380567741394e+01 1.214344024658e+01 9.882977485657e+00 9.489414215088e+00 1.051597595215e+01 1.168068027496e+01 1.306055831909e+01 1.459850692749e+01 1.641718482971e+01 1.886882400513e+01 2.978404045105e+01 3.025135993958e+01 2.217130661011e+01 2.101869773865e+01 1.995916748047e+01 1.854677009583e+01 1.695695114136e+01 1.526350688934e+01 1.396399402618e+01 1.529952812195e+01 1.441153526306e+01 1.634498786926e+01 2.689049339294e+01 3.961243057251e+01 6.270040130615e+01 7.967308807373e+01 5.558913040161e+01 2.667410850525e+01 2.569719123840e+01 3.799099731445e+01 5.086901855469e+01 5.715213775635e+01 5.385335540771e+01 3.960113525391e+01 3.224263763428e+01 2.416635322571e+01 3.647082138062e+01 8.854209899902e+01 1.050472106934e+02 2.929372978210e+01
5.279252529144e+00 1.103363609314e+01 1.237379360199e+01 1.348916149139e+01 1.416101932526e+01 1.366710090637e+01 1.144369411469e+01 9.366959571838e+00 9.427890777588e+00 9.434847831726e+00 9.394742965698e+00 9.205157279968e+00 8.925604820251e+00 1.129260826111e+01 1.690808486938e+01 1.853426742554e+01 2.164215469360e+01 2.078098487854e+01 1.717177772522e+01 1.901947975159e+01 2.010178947449e+01 2.071361160278e+01 2.143620681763e+01 2.231658935547e+01 2.139320755005e+01 1.778870582581e+01 2.659660911560e+01 4.732767105103e+01 6.695514678955e+01 4.951013565063e+01 2.510930824280e+01 1.758403587341e+01 1.459829330444e+01 2.546390724182e+01 2.973053169250e+01 4.875150680542e+01 6.256682586670e+01 5.868656921387e+01 3.719461822510e+01 3.892179107666e+01 5.761696243286e+01 1.259509963989e+02 4.513906097412e+01
4.244459152222e+00 8.200610160828e+00 8.156948089600e+00 7.809191703796e+00 9.026351928711e+00 1.010700321198e+01 1.055515384674e+01 1.036573123932e+01 8.793925285339e+00 8.960817337036e+00 9.743508338928e+00 1.053696537018e+01 1.127097511292e+01 1.200746536255e+01 1.275855922699e+01 1.341054248810e+01 1.398242282867e+01 2.036437606812e+01 2.157006835938e+01 2.765336608887e+01 2.167421722412e+01 1.836757850647e+01 1.741936302185e+01 1.726535606384e+01 1.729612731934e+01 1.941176795959e+01 2.567083549500e+01 3.015521049500e+01 4.266011810303e+01 3.507814407349e+01 1.801295089722e+01 2.127840614319e+01 1.584686470032e+01 2.069174194336e+01 2.404323196411e+01 2.847583007812e+01 2.882321166992e+01 4.833204269409e+01 6.892346954346e+01 5.643179702759e+01 4.916612625122e+01 1.043548965454e+02 9.218177795410e+01
2.669087886810e+00 5.381452083588e+00 5.301096916199e+00 5.368742465973e+00 6.302425384521e+00 7.196100711823e+00 7.788191795349e+00 7.974206924438e+00 8.075340270996e+00 7.416034698486e+00 7.585979938507e+00 7.561101436615e+00 7.885944366455e+00 8.251087188721e+00 8.363762855530e+00 1.075672054291e+01 1.202031040192e+01 1.659764480591e+01 3.125207901001e+01 3.259494781494e+01 2.870301628113e+01 2.433918380737e+01 2.776420974731e+01 3.312622451782e+01 2.328048133850e+01 2.793164443970e+01 2.727051544189e+01 2.540245246887e+01 2.637372207642e+01 3.410242843628e+01 3.185136222839e+01 2.111600494385e+01 2.165368843079e+01 2.303089523315e+01 2.455807304382e+01 2.631922340393e+01 2.571524047852e+01 3.311936950684e+01 4.887396621704e+01 5.667757415771e+01 6.807554626465e+01 9.088504791260e+01 7.752586364746e+01
