VariationalSeries/SI/f177_max.grd
DSAA
101	101
32.816463539100	34.260883539100
35.556306596100	36.727886596100
5.391521335696e-05	8.854141235352e+00
[rows 19 to 37 of 101, columns 43 to 85 of 101]
8.718315511942e-02 1.074133068323e-01 1.396633088589e-01 1.423505097628e-01 9.231978654861e-02 1.418558508158e-01 7.211400568485e-02 7.519205659628e-02 8.128511160612e-02 8.244638890028e-02 7.524615526199e-02 1.108549311757e-01 1.335090696812e-01 1.323797702789e-01 8.784615993500e-02 1.073287725449e-01 1.415351927280e-01 1.325631588697e-01 7.299597561359e-02 1.177832037210e-01 5.427837371826e-02 7.624126970768e-02 1.023711636662e-01 5.050614848733e-02 5.012991651893e-02 5.896567180753e-02 4.866509884596e-02 6.143621727824e-02 5.700863897800e-02 4.515077918768e-02 4.870878160000e-02 6.708838045597e-02 7.575854659081e-02 5.867764353752e-02 5.226566269994e-02 4.242572560906e-02 2.914083190262e-02 3.212303668261e-02 3.551200032234e-02 2.957334928215e-02 2.755854278803e-02 2.418020926416e-02 2.629153616726e-02
7.858242094517e-02 1.052462384105e-01 1.492757946253e-01 1.721690297127e-01 1.246514096856e-01 1.254316568375e-01 7.420100271702e-02 7.966120541096e-02 7.043398916721e-02 8.820752799511e-02 9.230159223080e-02 1.036689877510e-01 1.428920030594e-01 1.408157646656e-01 1.084835827351e-01 1.166983544827e-01 1.382061392069e-01 1.497980505228e-01 8.614175766706e-02 1.138825044036e-01 6.203099712729e-02 1.154753267765e-01 1.438056230545e-01 6.686633825302e-02 5.848163366318e-02 6.036160141230e-02 5.997622013092e-02 6.353895366192e-02 4.951487481594e-02 4.804841056466e-02 6.774451583624e-02 8.850857615471e-02 7.906047999859e-02 6.282610446215e-02 5.153290182352e-02 4.247801750898e-02 3.053874522448e-02 3.755785897374e-02 2.907746657729e-02 2.479742094874e-02 2.644149027765e-02 2.305534295738e-02 2.402173168957e-02
8.478174358606e-02 1.205469667912e-01 1.378370970488e-01 1.802173405886e-01 1.535941064358e-01 1.073499396443e-01 7.369781285524e-02 8.440001308918e-02 6.746944040060e-02 8.250582963228e-02 8.702587336302e-02 9.894397854805e-02 1.357263028622e-01 1.537007838488e-01 1.308121532202e-01 1.247251778841e-01 1.323888450861e-01 1.637136787176e-01 9.821065515280e-02 1.055113375187e-01 6.971554458141e-02 1.430453062057e-01 1.574485301971e-01 7.519872486591e-02 5.711945146322e-02 7.062936574221e-02 6.770201027393e-02 5.495238304138e-02 4.675852507353e-02 6.738214194775e-02 9.448776394129e-02 9.162935614586e-02 6.189766526222e-02 7.166705280542e-02 5.107389762998e-02 3.910440206528e-02 3.636116907001e-02 3.861987963319e-02 3.217595070601e-02 2.510548196733e-02 2.461666241288e-02 1.811291463673e-02 1.788689009845e-02
8.099871128798e-02 1.135745644569e-01 1.168668717146e-01 1.720212250948e-01 1.699725985527e-01 1.122854799032e-01 9.847117215395e-02 8.940149098635e-02 6.646109372377e-02 7.223857939243e-02 8.371245861053e-02 1.002825349569e-01 1.125595346093e-01 1.614485234022e-01 1.456927955151e-01 1.214945316315e-01 1.224169507623e-01 1.755796968937e-01 1.081682592630e-01 9.453265368938e-02 7.736103236675e-02 1.420535743237e-01 1.372204869986e-01 6.538012623787e-02 6.236938759685e-02 7.376607507467e-02 6.143571063876e-02 5.006419867277e-02 7.091946899891e-02 9.997153282166e-02 9.830325096846e-02 6.828956305981e-02 5.210486426950e-02 7.446134835482e-02 3.671644255519e-02 3.615755587816e-02 4.488985985518e-02 3.433201089501e-02 3.690635040402e-02 2.351300418377e-02 2.624412998557e-02 2.191159129143e-02 1.977714523673e-02
6.587981432676e-02 7.886552810669e-02 1.215449273586e-01 1.523272842169e-01 1.712616086006e-01 1.139414086938e-01 1.224426254630e-01 1.027540490031e-01 7.213196903467e-02 6.169480085373e-02 8.721931278706e-02 9.787180274725e-02 1.158642619848e-01 1.733653992414e-01 1.475176513195e-01 1.142219826579e-01 1.101825386286e-01 1.828397810459e-01 1.153847798705e-01 1.143800169230e-01 9.001723676920e-02 1.167784929276e-01 1.023403331637e-01 6.083967536688e-02 7.676966488361e-02 7.134522497654e-02 5.245481058955e-02 7.565365731716e-02 1.083694994450e-01 1.053269430995e-01 7.149821519852e-02 4.231059551239e-02 5.584269389510e-02 6.984793394804e-02 3.753406181931e-02 3.878165781498e-02 4.730717837811e-02 3.593256324530e-02 4.049203544855e-02 2.454853057861e-02 2.493155747652e-02 2.063045464456e-02 2.098261378706e-02
8.502060920000e-02 8.486756682396e-02 1.372109502554e-01 1.287727206945e-01 1.627579629421e-01 1.271971464157e-01 1.173189654946e-01 1.299913972616e-01 1.129971072078e-01 8.636441826820e-02 9.439234435558e-02 9.240965545177e-02 1.263256222010e-01 1.854103803635e-01 1.324334442616e-01 1.095361709595e-01 9.390934556723e-02 1.869752109051e-01 1.459693312645e-01 1.263410747051e-01 1.064814031124e-01 1.131997033954e-01 6.850266456604e-02 7.403080910444e-02 7.880821824074e-02 5.363175272942e-02 8.214607834816e-02 1.168862879276e-01 1.112780123949e-01 7.456267625093e-02 3.993449732661e-02 3.145010769367e-02 7.470447570086e-02 5.838393047452e-02 3.578610345721e-02 5.031033977866e-02 4.363197460771e-02 3.621054440737e-02 4.301523044705e-02 3.038867376745e-02 2.147807180882e-02 2.046141773462e-02 1.809749938548e-02
1.335544735193e-01 8.260477334261e-02 8.253432065248e-02 1.421102732420e-01 1.499509960413e-01 1.343093961477e-01 1.033095866442e-01 1.189319491386e-01 1.352425068617e-01 1.328383088112e-01 1.131986007094e-01 1.402202546597e-01 1.373000890017e-01 1.927001923323e-01 1.145623773336e-01 9.941229969263e-02 1.313441246748e-01 1.883190423250e-01 1.652050614357e-01 1.211387962103e-01 1.147896349430e-01 1.221057325602e-01 7.691603899002e-02 8.066715300083e-02 6.615307182074e-02 8.597461134195e-02 1.273022890091e-01 1.192836239934e-01 7.758806645870e-02 5.073102563620e-02 7.130577415228e-02 4.383075982332e-02 8.718020468950e-02 5.105507001281e-02 4.180358350277e-02 5.381980910897e-02 5.247783288360e-02 3.691028803587e-02 4.440402239561e-02 3.354366123676e-02 2.019037492573e-02 1.932708546519e-02 2.239598333836e-02
1.785986572504e-01 8.494961261749e-02 8.322717249393e-02 1.309026628733e-01 1.350764185190e-01 1.374878287315e-01 1.117814555764e-01 1.140201166272e-01 1.124525368214e-01 1.455969661474e-01 1.588100194931e-01 1.419491469860e-01 1.482829004526e-01 1.952557563782e-01 9.941804409027e-02 1.537550687790e-01 1.842668950558e-01 1.885792911053e-01 1.605518013239e-01 9.599007666111e-02 1.090542897582e-01 1.118926182389e-01 7.741058617830e-02 6.663410365582e-02 8.665974438190e-02 1.354096978903e-01 1.306377947330e-01 8.180205523968e-02 7.219476252794e-02 9.932697564363e-02 9.016279131174e-02 8.186813443899e-02 8.495060354471e-02 5.711473524570e-02 5.384578555822e-02 4.460568726063e-02 5.722283199430e-02 3.905566409230e-02 4.456229880452e-02 3.333966434002e-02 2.149837091565e-02 2.452578209341e-02 3.161818906665e-02
1.949971169233e-01 8.726339787245e-02 1.006740108132e-01 8.675549924374e-02 1.482084244490e-01 1.389394551516e-01 1.184661835432e-01 1.211271584034e-01 1.149147972465e-01 1.450129598379e-01 1.530983895063e-01 1.334019005299e-01 1.581427156925e-01 1.881598830223e-01 1.674631685019e-01 2.036712616682e-01 1.967379450798e-01 1.832583397627e-01 1.091257557273e-01 9.718423336744e-02 1.123059093952e-01 1.131357029080e-01 8.085246384144e-02 8.295008540154e-02 1.411733329296e-01 1.441588848829e-01 9.035526961088e-02 7.353232800961e-02 1.080568507314e-01 8.966835588217e-02 7.289795577526e-02 7.987782359123e-02 6.587807089090e-02 6.265065073967e-02 5.335776135325e-02 3.722030296922e-02 5.605045706034e-02 4.218056797981e-02 4.369117319584e-02 3.018749691546e-02 2.608998306096e-02 3.508206829429e-02 3.964661806822e-02
1.711780130863e-01 1.274973154068e-01 1.165817454457e-01 8.212911337614e-02 1.077208518982e-01 1.405907571316e-01 1.482084840536e-01 1.287597864866e-01 1.508879661560e-01 2.216725945473e-01 1.258350610733e-01 1.173969879746e-01 1.646755188704e-01 1.731948703527e-01 2.172037959099e-01 2.102119326591e-01 1.819207817316e-01 1.772433370352e-01 1.203218996525e-01 1.305440068245e-01 1.166241317987e-01 1.126057952642e-01 7.576174288988e-02 1.432429850101e-01 1.588598936796e-01 1.026978716254e-01 8.398389071226e-02 1.145571023226e-01 1.013727709651e-01 6.637601554394e-02 9.669224917889e-02 8.387620002031e-02 5.021630972624e-02 5.742518603802e-02 4.778027907014e-02 5.131796374917e-02 5.102679133415e-02 4.631509259343e-02 4.239874705672e-02 3.903761878610e-02 4.351102188230e-02 4.883689060807e-02 4.118379950523e-02
1.155152916908e-01 1.920736730099e-01 1.276584714651e-01 1.009794324636e-01 1.213625594974e-01 1.374733299017e-01 1.314586251974e-01 1.378496885300e-01 1.978367865086e-01 2.743487060070e-01 1.842267960310e-01 1.279188692570e-01 1.659289449453e-01 2.068881541491e-01 2.214285582304e-01 3.068853318691e-01 1.627597212791e-01 1.643453389406e-01 1.345923393965e-01 1.320126205683e-01 1.202072426677e-01 1.111764684319e-01 1.418129205704e-01 1.686130017042e-01 1.157840043306e-01 9.452681988478e-02 1.130788326263e-01 1.133122667670e-01 9.689906239510e-02 9.695032238960e-02 1.026869043708e-01 5.750565230846e-02 5.438525602221e-02 4.907083883882e-02 4.264853149652e-02 3.989273309708e-02 6.929838657379e-02 5.473071709275e-02 5.037938430905e-02 5.802495032549e-02 5.781590193510e-02 4.242938384414e-02 2.849113941193e-02
1.296827346087e-01 2.128462046385e-01 1.320191472769e-01 1.116195768118e-01 1.431082636118e-01 1.317274868488e-01 1.370018571615e-01 1.730106920004e-01 2.280735820532e-01 2.755724489689e-01 2.200289666653e-01 2.184217423201e-01 1.932796686888e-01 2.268953919411e-01 2.685597538948e-01 3.886343240738e-01 1.692486703396e-01 1.832989156246e-01 1.817684024572e-01 1.486128270626e-01 1.176906004548e-01 1.414643079042e-01 1.773049235344e-01 1.274715363979e-01 1.058463081717e-01 1.116591319442e-01 1.080290377140e-01 1.195353344083e-01 1.163291335106e-01 1.166964173317e-01 8.785358071327e-02 4.750237613916e-02 6.502626091242e-02 4.040708765388e-02 4.214479401708e-02 4.307800531387e-02 9.550443291664e-02 6.368443369865e-02 6.683324277401e-02 5.382307246327e-02 3.269977867603e-02 1.912469975650e-02 1.898229122162e-02
2.568059265614e-01 1.682912707329e-01 1.844792217016e-01 1.185398325324e-01 1.741767972708e-01 1.350475847721e-01 1.475597918034e-01 1.999464780092e-01 2.400287240744e-01 2.333594411612e-01 2.257112264633e-01 2.280947566032e-01 2.146875709295e-01 1.740471273661e-01 1.841743290424e-01 2.477445751429e-01 1.386136412621e-01 1.811787784100e-01 1.980687677860e-01 1.652729958296e-01 1.471080482006e-01 1.855487227440e-01 1.388992369175e-01 1.181582659483e-01 1.094598844647e-01 1.002951487899e-01 1.079141348600e-01 1.275854408741e-01 1.280159056187e-01 1.148556768894e-01 7.165779918432e-02 4.546126723289e-02 6.924939900637e-02 5.512401089072e-02 6.648158282042e-02 7.071332633495e-02 1.076939031482e-01 6.300098448992e-02 4.983011260629e-02 3.458454087377e-02 3.099258989096e-02 2.344632521272e-02 2.258922159672e-02
4.167979359627e-01 1.822050064802e-01 2.065328806639e-01 1.506171822548e-01 1.930839419365e-01 1.651047021151e-01 1.624422222376e-01 2.295933365822e-01 2.466110587120e-01 1.939621567726e-01 2.717333734035e-01 3.339896202087e-01 1.855750232935e-01 2.177902311087e-01 1.333622932434e-01 1.547803729773e-01 1.477226316929e-01 1.762033551931e-01 1.702808290720e-01 1.544784009457e-01 1.969958245754e-01 1.499555110931e-01 1.232135072351e-01 1.106045544147e-01 1.189756318927e-01 1.108451560140e-01 1.109799817204e-01 1.385228633881e-01 1.394195109606e-01 1.265484541655e-01 8.710715919733e-02 7.673602551222e-02 7.615935057402e-02 6.922268867493e-02 6.699114292860e-02 1.029948666692e-01 8.862310647964e-02 4.286389425397e-02 4.630542546511e-02 4.732511937618e-02 4.386317729950e-02 3.389060869813e-02 2.439519017935e-02
4.562906622887e-01 4.766772687435e-01 1.968504488468e-01 1.978469341993e-01 2.126646935940e-01 1.998509317636e-01 2.741475105286e-01 2.572807073593e-01 2.432484775782e-01 1.808539628983e-01 2.771672904491e-01 3.722051084042e-01 2.226167470217e-01 2.097902297974e-01 1.699603945017e-01 1.731189042330e-01 1.840070039034e-01 1.739615201950e-01 1.683491766453e-01 2.108942419291e-01 1.642411649227e-01 1.406463533640e-01 1.204891949892e-01 9.436479955912e-02 1.161227673292e-01 1.299506276846e-01 1.197250783443e-01 1.488574147224e-01 1.552639156580e-01 1.384796053171e-01 1.030749008060e-01 7.611901313066e-02 6.769041717052e-02 5.745847523212e-02 9.327100217342e-02 1.068209782243e-01 4.764949157834e-02 4.873228445649e-02 5.079995840788e-02 5.150824785233e-02 4.867770895362e-02 4.068293422461e-02 2.823621034622e-02
2.194727063179e-01 6.422749161720e-01 4.693582952023e-01 1.957212686539e-01 2.241379618645e-01 2.489440888166e-01 2.654440999031e-01 2.701678574085e-01 2.160313576460e-01 1.889356821775e-01 3.160188496113e-01 3.644497692585e-01 2.862436473370e-01 1.936577260494e-01 1.778949052095e-01 1.992801427841e-01 3.085517287254e-01 1.936984658241e-01 2.338705211878e-01 1.802261918783e-01 1.297054588795e-01 1.263914257288e-01 1.068244054914e-01 1.298916190863e-01 1.318438947201e-01 1.509508341551e-01 1.662548184395e-01 1.274324059486e-01 1.511404514313e-01 1.509632766247e-01 1.172900497913e-01 6.244368106127e-02 6.359543651342e-02 9.865660220385e-02 1.069807261229e-01 6.257581710815e-02 4.325792193413e-02 4.366910457611e-02 4.347473755479e-02 4.413528740406e-02 4.398038238287e-02 4.072998091578e-02 3.256568685174e-02
4.036745429039e-01 3.038267493248e-01 7.489874958992e-01 3.488183617592e-01 2.266936600208e-01 3.060908019543e-01 2.300952225924e-01 2.569158375263e-01 3.379561901093e-01 2.626808285713e-01 3.643566966057e-01 2.896135449409e-01 3.049853444099e-01 2.554237842560e-01 2.102392911911e-01 1.965810507536e-01 4.487944841385e-01 2.711821496487e-01 2.182039171457e-01 2.656638622284e-01 1.580142974854e-01 1.289411932230e-01 1.376905590296e-01 1.449562311172e-01 1.396403908730e-01 1.480540633202e-01 2.095768004656e-01 1.273691654205e-01 1.569332331419e-01 1.639189720154e-01 1.329232454300e-01 8.568601310253e-02 1.087220460176e-01 1.006137654185e-01 5.757464841008e-02 4.828424751759e-02 4.560523107648e-02 4.270202666521e-02 3.969226405025e-02 3.695138543844e-02 3.789497539401e-02 3.916489332914e-02 3.558006137609e-02
5.457038283348e-01 7.119013667107e-01 4.297583401203e-01 7.366035580635e-01 2.735713422298e-01 3.706334829330e-01 3.178885579109e-01 3.391779959202e-01 4.744677841663e-01 3.930102288723e-01 4.534808099270e-01 2.605029046535e-01 2.767616510391e-01 2.883635759354e-01 2.583301961422e-01 2.039084136486e-01 5.270296931267e-01 2.989903688431e-01 3.114693462849e-01 2.158443629742e-01 1.172369793057e-01 1.296980530024e-01 1.648408770561e-01 1.495813280344e-01 1.358483284712e-01 1.298522502184e-01 2.043282240629e-01 1.397171765566e-01 1.761075556278e-01 1.737312376499e-01 1.377881765366e-01 1.098129376769e-01 8.236507326365e-02 4.321194812655e-02 4.255154728889e-02 4.465712979436e-02 4.414337873459e-02 4.718885198236e-02 4.633887484670e-02 4.397344216704e-02 4.792678728700e-02 5.570572987199e-02 5.817460268736e-02
1.074453353882e+00 7.127102017403e-01 7.525899410248e-01 6.241244673729e-01 5.677772164345e-01 4.166842401028e-01 4.575115442276e-01 4.036530852318e-01 4.169245362282e-01 4.609194397926e-01 5.332713723183e-01 3.102872073650e-01 2.728441059589e-01 2.928992807865e-01 3.207009732723e-01 3.037000298500e-01 4.066267311573e-01 3.012662529945e-01 3.004253208637e-01 2.398625016212e-01 1.957348585129e-01 2.324849814177e-01 2.340985387564e-01 1.937085837126e-01 1.414242833853e-01 1.206374019384e-01 1.603251099586e-01 1.717556416988e-01 1.820717453957e-01 1.520513147116e-01 1.066707521677e-01 6.794090569019e-02 5.945196375251e-02 6.317123025656e-02 7.468555867672e-02 8.186940103769e-02 8.561675995588e-02 8.521521091461e-02 8.087821304798e-02 7.399635016918e-02 6.730628758669e-02 6.750357896090e-02 5.976135656238e-02
