VariationalSeries/SI/f177_max.grd
DSAA
101	101
32.816463539100	34.260883539100
35.556306596100	36.727886596100
5.391521335696e-05	8.854141235352e+00
[rows 38 to 56 of 101, columns 43 to 85 of 101]
5.415034294128e-01 8.409873843193e-01 8.992789387703e-01 5.325050950050e-01 8.937046527863e-01 4.389998316765e-01 4.504106044769e-01 6.054102182388e-01 5.187365412712e-01 4.158921241760e-01 6.131038069725e-01 3.182660639286e-01 3.498588204384e-01 2.959215044975e-01 4.598102569580e-01 3.345378637314e-01 3.625041246414e-01 2.058318555355e-01 2.808560729027e-01 4.263327717781e-01 4.345282018185e-01 3.330722451210e-01 2.297188341618e-01 1.818390935659e-01 1.564541757107e-01 1.412587910891e-01 1.311628669500e-01 1.342374235392e-01 1.193392425776e-01 8.958563208580e-02 8.898575603962e-02 1.053475663066e-01 1.204066202044e-01 1.238253936172e-01 1.255798339844e-01 1.258466839790e-01 1.239383816719e-01 1.144775524735e-01 1.016766503453e-01 9.064682573080e-02 8.170707523823e-02 8.191166073084e-02 6.937476992607e-02
5.390154719353e-01 1.115877509117e+00 7.203360795975e-01 1.005462884903e+00 7.233667373657e-01 1.022453069687e+00 8.595979809761e-01 5.317203402519e-01 5.395651459694e-01 4.330573379993e-01 6.959525346756e-01 4.501520097256e-01 2.918806076050e-01 3.355572819710e-01 6.107138395309e-01 3.640298545361e-01 4.167059063911e-01 6.512362360954e-01 5.838570594788e-01 3.956904113293e-01 2.671911716461e-01 1.815913766623e-01 1.656460762024e-01 1.496077030897e-01 1.506170183420e-01 1.439308524132e-01 1.261489987373e-01 1.100266575813e-01 9.927155822515e-02 9.915433824062e-02 1.088726222515e-01 1.022798493505e-01 8.395811170340e-02 7.107912749052e-02 6.869531422853e-02 5.926689505577e-02 6.334695219994e-02 6.960783898830e-02 7.660323381424e-02 8.480732887983e-02 9.185303747654e-02 1.206442937255e-01 1.244324073195e-01
7.930490970612e-01 5.552546977997e-01 9.822877645493e-01 7.775154113770e-01 8.269999623299e-01 1.077838897705e+00 6.561294794083e-01 5.961715579033e-01 4.264045059681e-01 4.426245987415e-01 7.446749806404e-01 4.031626284122e-01 4.136841297150e-01 4.061860442162e-01 4.953984618187e-01 8.002746105194e-01 5.460618138313e-01 2.828917503357e-01 2.642079293728e-01 1.753135323524e-01 1.330768764019e-01 1.919651776552e-01 2.520302832127e-01 2.269166260958e-01 1.634237617254e-01 1.424418240786e-01 1.392419487238e-01 1.283684968948e-01 1.108739897609e-01 1.030820682645e-01 9.696611762047e-02 9.826619923115e-02 9.401956945658e-02 8.742024004459e-02 8.527871966362e-02 8.963730186224e-02 8.844209462404e-02 8.029754459858e-02 1.065435707569e-01 1.452376395464e-01 1.193438246846e-01 8.924964070320e-02 7.721595466137e-02
8.800530433655e-01 8.066732883453e-01 1.280782580376e+00 1.069822549820e+00 1.011377692223e+00 1.114815473557e+00 1.049753427505e+00 5.786527991295e-01 6.526800394058e-01 6.199508309364e-01 7.324851751328e-01 5.729200243950e-01 5.322652459145e-01 9.068347215652e-01 5.846421122551e-01 4.329021275043e-01 3.677628934383e-01 2.978104054928e-01 2.191814780235e-01 3.542037606239e-01 3.815558552742e-01 2.004514187574e-01 3.158750534058e-01 2.401459962130e-01 2.161228060722e-01 1.905776709318e-01 1.682956665754e-01 1.504831910133e-01 1.355383545160e-01 1.304802298546e-01 2.441719323397e-01 1.037594527006e-01 9.859601408243e-02 9.333337843418e-02 1.181101500988e-01 1.474300622940e-01 1.349622309208e-01 1.543967425823e-01 1.313079744577e-01 1.439879387617e-01 1.452836394310e-01 1.420964151621e-01 1.304746121168e-01
8.389819860458e-01 1.162073254585e+00 1.003503561020e+00 9.968662261963e-01 9.255552291870e-01 1.169718384743e+00 1.848002910614e+00 7.977113127708e-01 9.304810166359e-01 9.288687109947e-01 8.456581830978e-01 8.476529121399e-01 9.672507047653e-01 5.518597364426e-01 5.978724360466e-01 3.371121287346e-01 4.555050134659e-01 6.091471314430e-01 4.792405366898e-01 4.586186707020e-01 4.769648015499e-01 3.216153681278e-01 1.992293149233e-01 1.933331340551e-01 1.792628616095e-01 1.679171621799e-01 2.048265486956e-01 3.541164994240e-01 4.249842762947e-01 3.768969178200e-01 1.859994977713e-01 1.344487965107e-01 1.276156157255e-01 1.383072286844e-01 1.738307476044e-01 1.782285571098e-01 1.614174246788e-01 1.444743573666e-01 1.075215414166e-01 1.337746232748e-01 1.598386168480e-01 1.595563590527e-01 1.534730792046e-01
9.945240020752e-01 1.444242835045e+00 2.386702537537e+00 1.462424516678e+00 2.354498147964e+00 1.211132526398e+00 2.894581317902e+00 8.305294513702e-01 1.607516646385e+00 1.160088062286e+00 1.014096498489e+00 9.916425347328e-01 5.614450573921e-01 6.855929493904e-01 7.739619016647e-01 7.563049793243e-01 4.682059586048e-01 2.784484326839e-01 5.979484915733e-01 5.171433091164e-01 2.832977473736e-01 2.587178945541e-01 2.446050941944e-01 4.453255534172e-01 5.475422739983e-01 4.837979674339e-01 3.182491362095e-01 2.292350828648e-01 2.491401135921e-01 1.575572788715e-01 1.261746883392e-01 1.892530471087e-01 2.352571785450e-01 2.110823690891e-01 1.862659901381e-01 2.513695359230e-01 2.977387309074e-01 2.662322223186e-01 1.908939182758e-01 1.393305212259e-01 1.741136312485e-01 1.912326216698e-01 2.017136812210e-01
1.226681828499e+00 1.545993089676e+00 1.821145176888e+00 2.420773267746e+00 2.021621704102e+00 2.050581932068e+00 3.394518375397e+00 1.345161676407e+00 1.566469788551e+00 1.232826948166e+00 1.243826627731e+00 7.191728353500e-01 7.763939499855e-01 9.696739315987e-01 7.569970488548e-01 5.412160754204e-01 7.814610004425e-01 7.255657911301e-01 5.741655826569e-01 7.265073060989e-01 7.354479432106e-01 6.377131938934e-01 4.562433362007e-01 2.493840306997e-01 2.739043235779e-01 2.471344470978e-01 1.962402611971e-01 2.025102227926e-01 2.183317840099e-01 2.346180528402e-01 2.284340709448e-01 1.948997527361e-01 1.872576475143e-01 1.572084128857e-01 2.866523861885e-01 3.502356708050e-01 3.283503055573e-01 2.418534755707e-01 1.465217769146e-01 8.962557464838e-02 1.250103265047e-01 1.434924304485e-01 1.320676356554e-01
1.162983059883e+00 1.706419467926e+00 2.025132656097e+00 1.932296633720e+00 2.876590967178e+00 2.148647069931e+00 3.456702947617e+00 1.904247760773e+00 1.629888057709e+00 1.807603478432e+00 1.384031057358e+00 9.100926518440e-01 9.044258594513e-01 9.652728438377e-01 5.580074191093e-01 8.267673254013e-01 1.066643595695e+00 7.350422143936e-01 4.367438554764e-01 4.322732090950e-01 3.814432919025e-01 2.956788241863e-01 2.849461138248e-01 3.152631223202e-01 3.153483867645e-01 2.785220742226e-01 2.408921867609e-01 2.348736077547e-01 1.957741230726e-01 2.158346027136e-01 2.064455300570e-01 1.883368045092e-01 1.306436061859e-01 2.392951399088e-01 2.854420244694e-01 2.706150412560e-01 1.890177428722e-01 1.017831563950e-01 1.400606334209e-01 1.317354142666e-01 9.854770451784e-02 9.394799917936e-02 1.015527620912e-01
1.723323702812e+00 2.409625768661e+00 2.459885835648e+00 2.683033943176e+00 2.916611194611e+00 3.670544385910e+00 3.460865736008e+00 6.734743595123e+00 2.480001449585e+00 1.570541977882e+00 1.460043549538e+00 1.300853133202e+00 1.104956388474e+00 1.684322357178e+00 1.473521232605e+00 8.598768711090e-01 7.951184511185e-01 8.254234790802e-01 6.043124198914e-01 5.347903966904e-01 5.298080444336e-01 5.039305686951e-01 5.393269658089e-01 4.020909070969e-01 5.175744891167e-01 4.579371213913e-01 2.878373265266e-01 2.620536088943e-01 2.654171884060e-01 2.477807849646e-01 2.115518450737e-01 2.044342309237e-01 2.131822407246e-01 2.453474849463e-01 2.281081974506e-01 1.750556975603e-01 1.336093842983e-01 1.210003644228e-01 1.179420575500e-01 1.166672557592e-01 1.140611246228e-01 1.098850816488e-01 1.057323589921e-01
1.091692686081e+00 3.190565109253e+00 2.202915668488e+00 2.746701955795e+00 4.346446990967e+00 3.475053071976e+00 4.122974872589e+00 4.920328617096e+00 2.420099020004e+00 2.290074586868e+00 2.909292697906e+00 1.853514075279e+00 2.299869537354e+00 1.784682631493e+00 1.493935585022e+00 1.303091406822e+00 1.107736706734e+00 9.585947394371e-01 8.460237979889e-01 1.187947154045e+00 1.388731598854e+00 5.791800022125e-01 3.767134249210e-01 3.816901445389e-01 5.362063050270e-01 3.379064202309e-01 2.920896708965e-01 2.777257561684e-01 2.563668191433e-01 2.439280003309e-01 2.342442572117e-01 2.422896772623e-01 2.563937008381e-01 2.192106992006e-01 1.677859276533e-01 1.566401571035e-01 1.483520865440e-01 1.217453628778e-01 1.204419061542e-01 1.205092743039e-01 1.112023591995e-01 1.139397621155e-01 1.196778863668e-01
2.943838596344e+00 3.445588588715e+00 3.936858415604e+00 4.151951313019e+00 4.817620277405e+00 6.663838386536e+00 8.854141235352e+00 4.096246242523e+00 3.302303075790e+00 2.305370807648e+00 3.279657840729e+00 3.263780117035e+00 1.233120799065e+00 1.969234704971e+00 2.160355806351e+00 1.071570634842e+00 9.912880063057e-01 1.050308108330e+00 1.158312797546e+00 1.364229917526e+00 1.051969289780e+00 4.480546414852e-01 5.067277550697e-01 4.167962074280e-01 3.885694742203e-01 3.331075310707e-01 3.238652646542e-01 3.213872909546e-01 2.670664489269e-01 1.854421496391e-01 1.660314053297e-01 1.819225251675e-01 1.930997669697e-01 1.983691751957e-01 1.945417523384e-01 1.862699687481e-01 1.660404950380e-01 1.703095138073e-01 1.898498982191e-01 1.944218575954e-01 1.740858554840e-01 1.510850042105e-01 1.318457275629e-01
1.964361786842e+00 3.501867055893e+00 3.613876342773e+00 4.581346988678e+00 4.545909881592e+00 4.496422767639e+00 4.407957553864e+00 3.655427217484e+00 2.558979272842e+00 2.910520553589e+00 2.796611309052e+00 2.939832687378e+00 3.558184862137e+00 1.561130166054e+00 1.321474671364e+00 8.210037350655e-01 7.473065853119e-01 5.284439921379e-01 4.867411851883e-01 4.150580465794e-01 3.565176725388e-01 4.038632810116e-01 4.977852106094e-01 5.727687478065e-01 5.862054824829e-01 5.144320726395e-01 4.109721183777e-01 2.846433222294e-01 1.977739781141e-01 1.630632281303e-01 1.326386928558e-01 1.496139913797e-01 1.945435553789e-01 1.302514374256e-01 1.473704129457e-01 1.610255241394e-01 1.286855340004e-01 1.573620587587e-01 1.859872341156e-01 1.970667392015e-01 2.236458659172e-01 2.809472680092e-01 3.189598321915e-01
7.728695273399e-01 1.055234670639e+00 1.663050770760e+00 7.873392581940e+00 4.330404758453e+00 4.131361484528e+00 2.306562900543e+00 2.370433568954e+00 2.193470478058e+00 3.491557836533e+00 3.251121282578e+00 4.605442523956e+00 6.676550388336e+00 4.902522087097e+00 3.194382667542e+00 1.470846891403e+00 6.919897198677e-01 4.932014942169e-01 4.485932886600e-01 6.027806997299e-01 7.844985723495e-01 7.264391183853e-01 5.361524820328e-01 3.445752561092e-01 3.789830505848e-01 3.585145175457e-01 5.122079849243e-01 7.633696198463e-01 3.540775775909e-01 1.864971965551e-01 1.726243197918e-01 2.834535241127e-01 1.856000572443e-01 1.161244809628e-01 1.020188704133e-01 1.058491468430e-01 1.063866540790e-01 1.095011234283e-01 1.114732846618e-01 1.114046499133e-01 1.115867719054e-01 1.234891116619e-01 1.077713966370e-01
1.402160972357e-01 3.490019142628e-01 8.409149646759e-01 1.121201395988e+00 1.143587827682e+00 1.118348598480e+00 8.717843294144e-01 1.190135121346e+00 1.187295317650e+00 1.894862651825e+00 3.840710401535e+00 4.339287757874e+00 5.966578006744e+00 3.461312532425e+00 2.472464799881e+00 1.399029374123e+00 6.386252045631e-01 3.348189294338e-01 3.542709350586e-01 7.798171639442e-01 2.483339309692e+00 1.037222981453e+00 8.869315385818e-01 6.620476841927e-01 6.747894883156e-01 5.794772505760e-01 6.234488487244e-01 4.368686676025e-01 2.166074514389e-01 2.855922579765e-01 2.408048510551e-01 2.431342899799e-01 1.478687226772e-01 1.341178864241e-01 9.356714785099e-02 8.552572876215e-02 8.873910456896e-02 8.864729106426e-02 9.574265033007e-02 8.855757117271e-02 1.152697727084e-01 1.354001462460e-01 1.309590637684e-01
9.774421900511e-02 1.818875819445e-01 5.287532806396e-01 3.082196712494e-01 2.724684774876e-01 2.222684174776e-01 3.376388847828e-01 5.567494034767e-01 5.818505883217e-01 6.182534098625e-01 1.751250028610e+00 8.613096237183e+00 6.840725898743e+00 3.086193084717e+00 1.418359756470e+00 4.086584150791e-01 2.450201511383e-01 1.611212193966e-01 2.001608312130e-01 5.125741958618e-01 1.175279140472e+00 2.047703027725e+00 1.025555729866e+00 7.804234027863e-01 6.158131957054e-01 4.622521400452e-01 4.896861016750e-01 4.577092230320e-01 4.016993045807e-01 3.621366918087e-01 4.413188397884e-01 1.889773458242e-01 1.751493364573e-01 1.415264606476e-01 1.446488946676e-01 1.348278075457e-01 1.129582971334e-01 9.641172736883e-02 1.102950274944e-01 1.273139119148e-01 1.491423547268e-01 1.468342244625e-01 1.252328157425e-01
6.571487337351e-02 2.704209685326e-01 6.348169445992e-01 4.713377058506e-01 1.158282011747e-01 1.357970684767e-01 1.298840790987e-01 2.629500627518e-01 2.870591878891e-01 4.761742055416e-01 9.068489074707e-01 2.358411550522e+00 5.045731067657e+00 3.458316802979e+00 4.679512023926e+00 1.128660082817e+00 1.388918161392e-01 8.747308701277e-02 1.379512250423e-01 4.573317468166e-01 1.397506237030e+00 2.187876701355e+00 1.668965816498e+00 1.136166930199e+00 7.896510362625e-01 4.971183836460e-01 5.642807483673e-01 4.177928566933e-01 4.038474261761e-01 4.019005298615e-01 3.338994383812e-01 2.662673890591e-01 1.875117421150e-01 1.998362988234e-01 1.795090734959e-01 1.428635418415e-01 1.269425898790e-01 1.177487224340e-01 1.092267483473e-01 1.275486946106e-01 1.399413496256e-01 1.361034512520e-01 1.206035241485e-01
5.604012683034e-02 1.379873752594e-01 9.386094212532e-01 1.127985000610e+00 5.891987681389e-01 9.154442697763e-02 6.965074688196e-02 1.309851258993e-01 1.309445649385e-01 1.063420847058e-01 9.011126309633e-02 3.793866336346e-01 1.708572626114e+00 9.893686175346e-01 5.703959941864e+00 6.897988319397e-01 3.890466988087e-01 1.470756679773e-01 1.224627792835e-01 3.966558277607e-01 7.781267762184e-01 6.890046119690e+00 2.132483720779e+00 9.290505647659e-01 9.408127069473e-01 4.967760443687e-01 5.330834388733e-01 4.534138739109e-01 6.503543853760e-01 4.993039965630e-01 2.863471210003e-01 2.843740284443e-01 2.652333676815e-01 2.525913715363e-01 2.480202019215e-01 1.977357119322e-01 1.952616125345e-01 2.160308808088e-01 1.395656615496e-01 1.070309877396e-01 1.055702343583e-01 1.043061092496e-01 1.206054538488e-01
3.591888025403e-02 6.193646788597e-02 7.752133905888e-02 4.385663270950e-01 2.700398564339e-01 6.521990150213e-02 5.555069446564e-02 6.518723070621e-02 6.113133579493e-02 5.872390791774e-02 4.254779964685e-02 4.756440222263e-02 1.457180529833e-01 9.087970256805e-01 2.588110923767e+00 6.329367756844e-01 5.282883048058e-01 2.484624832869e-01 1.449036300182e-01 2.844274342060e-01 3.314052820206e-01 4.538053572178e-01 4.142031073570e-01 3.134948015213e-01 4.615288078785e-01 7.680601477623e-01 6.730958819389e-01 6.716606616974e-01 4.323925375938e-01 5.652202963829e-01 5.897349119186e-01 5.140097141266e-01 3.140047490597e-01 2.604614198208e-01 2.495816648006e-01 2.178843021393e-01 1.862057894468e-01 1.892074048519e-01 1.834925413132e-01 1.214518621564e-01 9.999566525221e-02 1.030388697982e-01 1.111771240830e-01
3.946377336979e-02 6.302011013031e-02 4.146315157413e-02 4.667577892542e-02 4.743124917150e-02 5.579242110252e-02 5.141712352633e-02 4.827417433262e-02 4.461927711964e-02 3.387377038598e-02 2.374643087387e-02 2.012520097196e-02 3.355856984854e-02 9.421144723892e-01 1.463431239128e+00 1.518221378326e+00 4.313381910324e-01 4.614048600197e-01 4.050026237965e-01 1.669471859932e-01 1.805668324232e-01 3.390801548958e-01 9.259729981422e-01 8.755211234093e-01 1.141507148743e+00 1.148798227310e+00 1.076898455620e+00 1.017473220825e+00 9.643181562424e-01 9.199211001396e-01 9.792428016663e-01 1.199674010277e+00 1.025492668152e+00 4.196992814541e-01 1.710143834352e-01 2.011290937662e-01 2.201923280954e-01 1.520905196667e-01 1.505671292543e-01 1.064602360129e-01 1.048881411552e-01 7.743545621634e-02 8.718866854906e-02
