VariationalSeries/SI/f177_max.grd
DSAA
101	101
32.816463539100	34.260883539100
35.556306596100	36.727886596100
5.391521335696e-05	8.854141235352e+00
[rows 57 to 75 of 101, columns 0 to 42 of 101]
2.985856030136e-03 4.904721863568e-03 5.323186982423e-03 5.328708328307e-03 5.645631812513e-03 6.903374101967e-03 7.728430442512e-03 8.472925983369e-03 9.169020690024e-03 9.370445273817e-03 9.015089832246e-03 1.262465585023e-02 2.162804082036e-02 1.182244531810e-02 8.612100966275e-03 1.298183668405e-02 1.162642985582e-02 1.300776563585e-02 1.572256349027e-02 1.640169695020e-02 1.688775606453e-02 1.261140778661e-02 8.779617957771e-03 7.719905115664e-03 8.372465148568e-03 1.159600447863e-02 1.853152923286e-02 2.298762276769e-02 1.797416433692e-02 1.048749126494e-02 8.204520680010e-03 6.463894620538e-03 6.772678811103e-03 8.125637657940e-03 9.624703787267e-03 1.235732249916e-02 1.423901878297e-02 1.535397116095e-02 2.536772191525e-02 3.323399648070e-02 2.848863974214e-02 2.525076828897e-02 2.845231443644e-02
3.773300908506e-03 6.176675669849e-03 7.056241389364e-03 7.161465473473e-03 7.083075121045e-03 6.889260839671e-03 6.879106629640e-03 7.203640881926e-03 7.503293454647e-03 1.220975164324e-02 3.961604461074e-02 4.587309062481e-02 1.713881269097e-02 8.881281130016e-03 8.917455561459e-03 8.323082700372e-03 8.992444723845e-03 8.957122452557e-03 1.020406745374e-02 1.293500419706e-02 1.567951403558e-02 1.675270125270e-02 1.171184983104e-02 7.373603060842e-03 8.490164764225e-03 1.295369304717e-02 1.956468261778e-02 2.096106484532e-02 2.124798484147e-02 1.350922323763e-02 8.141992613673e-03 7.391935214400e-03 7.084321696311e-03 8.464219048619e-03 9.995026513934e-03 1.034826599061e-02 1.063993386924e-02 1.110578142107e-02 1.120855472982e-02 1.209642179310e-02 1.456749998033e-02 1.991744711995e-02 2.292901463807e-02
5.048388615251e-03 8.300454355776e-03 9.604216553271e-03 1.367574185133e-02 1.757047697902e-02 2.230889908969e-02 2.936378307641e-02 4.283657670021e-02 7.860966771841e-02 1.110015064478e-01 7.382342964411e-02 1.879013143480e-02 1.269135810435e-02 1.110338885337e-02 8.073995821178e-03 8.487933315337e-03 8.971522562206e-03 8.827839046717e-03 8.411189541221e-03 8.975548669696e-03 1.513137016445e-02 1.715193316340e-02 1.216260995716e-02 6.989558227360e-03 5.487557034940e-03 8.463563397527e-03 1.200238987803e-02 1.236179843545e-02 1.295098289847e-02 1.052905060351e-02 7.340406533331e-03 7.722941692919e-03 7.310408633202e-03 8.204418234527e-03 9.902555495501e-03 1.026432868093e-02 9.782614186406e-03 8.971706032753e-03 8.293382823467e-03 9.282540529966e-03 1.183151639998e-02 1.516942400485e-02 2.003331668675e-02
4.933733958751e-03 8.863344788551e-03 1.548219006509e-02 2.214312925935e-02 2.804598398507e-02 3.715604543686e-02 5.408449098468e-02 8.079151064157e-02 8.120492845774e-02 3.756190836430e-02 9.063163772225e-03 1.056909468025e-02 1.149588264525e-02 1.021497603506e-02 9.165024384856e-03 9.620626457036e-03 9.639576077461e-03 9.248165413737e-03 7.190880831331e-03 7.019043900073e-03 1.089822314680e-02 1.216182950884e-02 9.024654515088e-03 5.643754266202e-03 4.334535449743e-03 4.682091064751e-03 6.278679706156e-03 7.766227237880e-03 9.136813692749e-03 7.894392125309e-03 7.221652194858e-03 6.750825326890e-03 7.205329835415e-03 7.980704307556e-03 9.578093886375e-03 9.819087572396e-03 8.887756615877e-03 7.609555032104e-03 6.988163106143e-03 7.768112700433e-03 1.144943200052e-02 1.441742386669e-02 1.832756027579e-02
2.988643012941e-03 5.210123024881e-03 6.369904614985e-03 6.705170497298e-03 6.716921925545e-03 6.686567794532e-03 6.626773625612e-03 6.483308505267e-03 6.357633043081e-03 6.215937435627e-03 5.830918438733e-03 6.144988816231e-03 6.731648929417e-03 8.613051846623e-03 9.686483070254e-03 1.011661626399e-02 9.735531173646e-03 8.636277168989e-03 6.377468351275e-03 5.075736436993e-03 6.099694408476e-03 6.331366021186e-03 4.994373302907e-03 3.701256122440e-03 3.258641809225e-03 3.573858179152e-03 4.588335752487e-03 5.517425015569e-03 6.564601790160e-03 7.067634258419e-03 6.688919384032e-03 5.976728163660e-03 6.928355898708e-03 8.387744426727e-03 1.001215260476e-02 9.688882157207e-03 8.047827519476e-03 6.379677914083e-03 7.083384320140e-03 7.932124659419e-03 1.182468421757e-02 1.468279212713e-02 1.727480813861e-02
1.403235597536e-03 2.615882316604e-03 3.393162274733e-03 3.748077200726e-03 3.885952057317e-03 3.998774569482e-03 4.106478299946e-03 4.185531754047e-03 4.309518728405e-03 4.433742724359e-03 4.344266373664e-03 4.083598963916e-03 4.165866877884e-03 5.530929192901e-03 6.507063284516e-03 6.849871482700e-03 6.231976207346e-03 5.544497631490e-03 4.682393278927e-03 3.968443255872e-03 3.250159323215e-03 3.034090157598e-03 2.503697760403e-03 2.779335249215e-03 3.278615418822e-03 3.448010655120e-03 3.805228741840e-03 4.585141316056e-03 5.557105876505e-03 6.079751998186e-03 5.990033503622e-03 5.655992776155e-03 6.921769119799e-03 9.295341558754e-03 1.080216001719e-02 9.751519188285e-03 7.312486879528e-03 6.282535381615e-03 7.261337712407e-03 8.544956333935e-03 1.147580053657e-02 1.290861330926e-02 1.489323005080e-02
9.660212672316e-04 1.627199817449e-03 2.020979067311e-03 2.300048945472e-03 2.474762266502e-03 2.627188106999e-03 2.773351036012e-03 2.895480487496e-03 3.041663905606e-03 3.191361902282e-03 3.211225615814e-03 3.108035307378e-03 2.989760600030e-03 2.883819397539e-03 2.909285482019e-03 3.299773903564e-03 3.479989944026e-03 3.432896919549e-03 3.150020493194e-03 3.008631058037e-03 2.589190378785e-03 2.429181011394e-03 2.139461226761e-03 2.830977551639e-03 3.490048227832e-03 3.823230275884e-03 3.801540238783e-03 3.765435423702e-03 4.590394906700e-03 5.105365999043e-03 5.228576716036e-03 5.197025835514e-03 7.030441425741e-03 9.838871657848e-03 1.085622701794e-02 9.059825912118e-03 6.401261780411e-03 6.317470688373e-03 7.593780755997e-03 8.528431877494e-03 9.873695671558e-03 1.136347837746e-02 1.167120132595e-02
7.814341806807e-04 1.331202453002e-03 1.678322558291e-03 1.845930702984e-03 1.965410541743e-03 2.066699322313e-03 2.141032600775e-03 2.155060879886e-03 2.228143857792e-03 2.314120763913e-03 2.332462929189e-03 2.293605124578e-03 2.254768740386e-03 2.203346928582e-03 2.287957118824e-03 2.629019552842e-03 2.794458298013e-03 2.757238922641e-03 2.549727447331e-03 2.379194134846e-03 2.515619620681e-03 2.442510798573e-03 2.125645987689e-03 2.826258540154e-03 3.566298866645e-03 4.018783103675e-03 4.072147887200e-03 3.943727817386e-03 4.041947890073e-03 4.429595544934e-03 4.612900782377e-03 4.855543375015e-03 6.995752919465e-03 9.628383442760e-03 9.913111105561e-03 7.794563658535e-03 5.933790467680e-03 6.526299752295e-03 7.953869178891e-03 8.402118459344e-03 8.753935806453e-03 9.467908181250e-03 8.693541400135e-03
7.508559501730e-04 1.202946528792e-03 1.526214182377e-03 1.675353036262e-03 1.739376457408e-03 1.794264069758e-03 1.813560025766e-03 1.786295790225e-03 1.794517040253e-03 1.817274256609e-03 1.830445718952e-03 1.900015282445e-03 1.954929670319e-03 1.999441068619e-03 2.052368596196e-03 2.135233022273e-03 2.282967558131e-03 2.311435528100e-03 2.333521377295e-03 2.242542570457e-03 2.310992917046e-03 2.415525726974e-03 2.144389785826e-03 2.677499782294e-03 3.383695613593e-03 3.853669390082e-03 3.935979679227e-03 3.854249604046e-03 4.065527115017e-03 4.182956647128e-03 4.261233378202e-03 4.542499780655e-03 6.564343813807e-03 8.646002970636e-03 8.397680707276e-03 6.698570214212e-03 5.811295937747e-03 6.998149212450e-03 8.053762838244e-03 7.859852164984e-03 7.617450319231e-03 7.681015878916e-03 7.076702080667e-03
7.034319569357e-04 1.116785802878e-03 1.401483197697e-03 1.527724321932e-03 1.581521006301e-03 1.621047384106e-03 1.625061267987e-03 1.589292194694e-03 1.590856234543e-03 1.710730488412e-03 1.813927665353e-03 1.906909281388e-03 1.989109208807e-03 2.058128127828e-03 2.120686694980e-03 2.181262010708e-03 2.225985750556e-03 2.232886850834e-03 2.188453450799e-03 2.132228109986e-03 2.137122210115e-03 2.331266645342e-03 2.203667303547e-03 2.429171930999e-03 3.027727361768e-03 3.443704685196e-03 3.987391944975e-03 4.352249205112e-03 4.368041176349e-03 4.226029850543e-03 4.131222143769e-03 4.230738151819e-03 5.771504715085e-03 7.205422502011e-03 6.899913307279e-03 5.975566338748e-03 6.277768407017e-03 7.122696377337e-03 7.617827039212e-03 6.909522227943e-03 6.383913569152e-03 6.066923961043e-03 6.055366247892e-03
6.488528451882e-04 1.028405502439e-03 1.288480940275e-03 1.408935408108e-03 1.459607738070e-03 1.481175306253e-03 1.469878596254e-03 1.463895663619e-03 1.491455128416e-03 1.619272865355e-03 1.734371646307e-03 1.842209021561e-03 1.941231079400e-03 2.024157671258e-03 2.088382607326e-03 2.130044857040e-03 2.135239308700e-03 2.312248572707e-03 2.361016348004e-03 2.191090257838e-03 1.998981693760e-03 2.139335265383e-03 2.183217089623e-03 2.183387987316e-03 2.664234954864e-03 3.009281586856e-03 3.637826768681e-03 4.226670134813e-03 4.365344066173e-03 4.221455659717e-03 4.049298819155e-03 3.993349149823e-03 4.608488641679e-03 5.592133849859e-03 5.488318856806e-03 5.071202293038e-03 5.430607590824e-03 6.037151906639e-03 6.244572345167e-03 5.433404818177e-03 5.004415288568e-03 4.638905636966e-03 4.566647112370e-03
6.028661155142e-04 9.570918045938e-04 1.203973428346e-03 1.323865493760e-03 1.367568504065e-03 1.369974575937e-03 1.347741577774e-03 1.353573519737e-03 1.407733187079e-03 1.462152344175e-03 1.576949609444e-03 1.688811229542e-03 1.792345778085e-03 1.879512798041e-03 1.942535280250e-03 2.024995628744e-03 2.224480500445e-03 2.503840019926e-03 2.627428155392e-03 2.556301653385e-03 2.339827595279e-03 2.081406302750e-03 2.139393473044e-03 2.166430698708e-03 2.373622497544e-03 2.650728682056e-03 2.731955377385e-03 3.290377091616e-03 3.722765250131e-03 3.853969508782e-03 3.806761698797e-03 3.851731773466e-03 3.971121739596e-03 4.115729592741e-03 4.073125310242e-03 3.938379231840e-03 4.169288091362e-03 4.848909098655e-03 5.160884931684e-03 4.241648130119e-03 3.791256109253e-03 3.385695861652e-03 3.722730791196e-03
5.695903673768e-04 9.069158695638e-04 1.145275193267e-03 1.258883276023e-03 1.288962550461e-03 1.278320676647e-03 1.255915733054e-03 1.251199049875e-03 1.294333254918e-03 1.349715865217e-03 1.370766432956e-03 1.479350379668e-03 1.579171163030e-03 1.664720824920e-03 1.740079140291e-03 1.935693435371e-03 2.262694528326e-03 2.581614069641e-03 2.797911409289e-03 2.863140543923e-03 2.784860320389e-03 2.618992701173e-03 2.419078024104e-03 2.235090127215e-03 2.149732550606e-03 2.375581767410e-03 2.421980723739e-03 2.320428611711e-03 2.827887888998e-03 3.244931809604e-03 3.520383499563e-03 3.723995760083e-03 3.848779248074e-03 3.735803300515e-03 3.344052471220e-03 3.267831867561e-03 3.675204236060e-03 4.599431529641e-03 5.331372842193e-03 4.788279533386e-03 3.524272004142e-03 3.150598146021e-03 3.581407014281e-03
5.575309041888e-04 8.863036637194e-04 1.115044811741e-03 1.215309253894e-03 1.230910187587e-03 1.213197829202e-03 1.204674714245e-03 1.220932463184e-03 1.213275245391e-03 1.225125044584e-03 1.254898030311e-03 1.387008698657e-03 1.525771338493e-03 1.669742749073e-03 1.797153265215e-03 1.979240681976e-03 2.301076427102e-03 2.627156674862e-03 2.920656464994e-03 3.102546557784e-03 3.133876482025e-03 3.056481480598e-03 2.924564993009e-03 2.790003316477e-03 2.711113775149e-03 2.660345053300e-03 2.562898676842e-03 2.416761359200e-03 2.800087677315e-03 3.140957327560e-03 3.395601408556e-03 3.628158243373e-03 3.751752665266e-03 3.505171742290e-03 3.336690831929e-03 3.420412540436e-03 3.702609566972e-03 4.443239886314e-03 5.133952945471e-03 4.656122066081e-03 3.596887923777e-03 3.137649968266e-03 3.570158034563e-03
5.669078091159e-04 8.965368615463e-04 1.117823878303e-03 1.205571927130e-03 1.210482791066e-03 1.185683999211e-03 1.185949309729e-03 1.190571347252e-03 1.216729171574e-03 1.223276369274e-03 1.299416297115e-03 1.430179807357e-03 1.558062038384e-03 1.679863780737e-03 1.778398756869e-03 2.037663245574e-03 2.402202691883e-03 2.747064223513e-03 3.080472815782e-03 3.322345670313e-03 3.401383059099e-03 3.350966842845e-03 3.226902103052e-03 3.072590101510e-03 2.945634070784e-03 2.819773741066e-03 2.608893439174e-03 2.390568610281e-03 2.743420191109e-03 3.040303476155e-03 3.295196220279e-03 3.541165729985e-03 3.623238066211e-03 3.330257488415e-03 3.383473260328e-03 3.487732727081e-03 3.785955952480e-03 4.306318238378e-03 4.637714475393e-03 4.077804740518e-03 3.341602860019e-03 2.913539297879e-03 3.313655499369e-03
5.815619952045e-04 9.168855031021e-04 1.134729129262e-03 1.215075026266e-03 1.213696901686e-03 1.205384731293e-03 1.256486051716e-03 1.292159780860e-03 1.312468666583e-03 1.315665664151e-03 1.304134959355e-03 1.374556333758e-03 1.519394805655e-03 1.700059510767e-03 1.758551341482e-03 1.996612409130e-03 2.458191942424e-03 2.856519538909e-03 3.172332653776e-03 3.371183527634e-03 3.415419487283e-03 3.323630429804e-03 3.151735989377e-03 2.950177527964e-03 2.761139534414e-03 2.570772543550e-03 2.301765372977e-03 2.388346707448e-03 2.691508503631e-03 2.959019970149e-03 3.202555468306e-03 3.405868774280e-03 3.407327923924e-03 3.141287481412e-03 3.441770793870e-03 4.296714905649e-03 4.065048880875e-03 4.274840932339e-03 4.117107950151e-03 3.484824206680e-03 3.024111734703e-03 2.650679554790e-03 3.007288090885e-03
5.734078586102e-04 9.010874782689e-04 1.108615309931e-03 1.182776177302e-03 1.180888153613e-03 1.210214570165e-03 1.243214705028e-03 1.259354525246e-03 1.263582846150e-03 1.256105606444e-03 1.257974072360e-03 1.412048703060e-03 1.643362338655e-03 1.840578508563e-03 1.899593044072e-03 1.858401927166e-03 2.350319176912e-03 2.757587935776e-03 2.987229032442e-03 3.068046644330e-03 3.025150857866e-03 2.861054847017e-03 2.642566338181e-03 2.453048015013e-03 2.299453131855e-03 2.134304260835e-03 2.142743906006e-03 2.369132358581e-03 2.637151628733e-03 2.877663820982e-03 3.087410703301e-03 3.203717526048e-03 3.114440711215e-03 3.012559842318e-03 3.589932806790e-03 3.838853444904e-03 3.924666438252e-03 4.294423386455e-03 4.163318313658e-03 3.412852995098e-03 2.941568382084e-03 2.703710692003e-03 2.920189173892e-03
5.250438698567e-04 8.198198047467e-04 1.002642093226e-03 1.067058998160e-03 1.130798016675e-03 1.179996528663e-03 1.158810220659e-03 1.109247445129e-03 1.096318708733e-03 1.173409167677e-03 1.281489618123e-03 1.481755985878e-03 1.751752221026e-03 1.956066116691e-03 2.013198332861e-03 1.979638822377e-03 2.151644788682e-03 2.497969195247e-03 2.627475885674e-03 2.598578110337e-03 2.469159662724e-03 2.240429399535e-03 2.151599386707e-03 2.547734184191e-03 2.583699300885e-03 2.476771827787e-03 2.426214981824e-03 2.435253933072e-03 2.564451191574e-03 2.773786894977e-03 2.919873688370e-03 2.924326108769e-03 2.745971549302e-03 2.782488008961e-03 3.271762048826e-03 4.657451529056e-03 3.993265330791e-03 5.598890129477e-03 4.967828746885e-03 4.178812727332e-03 3.542329650372e-03 2.916250145063e-03 3.289462765679e-03
5.428520380519e-04 8.002090617083e-04 9.820334380493e-04 1.134697347879e-03 1.250227564014e-03 1.277551404200e-03 1.240481273271e-03 1.170593313873e-03 1.089142635465e-03 1.184541149996e-03 1.313028857112e-03 1.555823138915e-03 1.854527625255e-03 2.062597312033e-03 2.118839416653e-03 2.085744170472e-03 1.975280465558e-03 2.274833619595e-03 2.362192142755e-03 2.492008963600e-03 3.384414128959e-03 3.102364018559e-03 2.336132107303e-03 2.657446078956e-03 2.579946536571e-03 2.376648830250e-03 2.256960840896e-03 2.261934569106e-03 2.476999536157e-03 2.638474106789e-03 2.694445429370e-03 2.588691422716e-03 2.353028627113e-03 2.499831141904e-03 2.772262319922e-03 4.140605218709e-03 5.189810413867e-03 8.132256567478e-03 7.521172985435e-03 4.950837232172e-03 3.770084585994e-03 3.472298849374e-03 4.278253763914e-03
