VariationalSeries/SI/f177_max.grd
DSAA
101	101
32.816463539100	34.260883539100
35.556306596100	36.727886596100
5.391521335696e-05	8.854141235352e+00
[rows 57 to 75 of 101, columns 43 to 85 of 101]
3.733574971557e-02 4.445520415902e-02 2.258848398924e-02 2.502237074077e-02 2.476020529866e-02 3.986599296331e-02 4.495042935014e-02 6.055668368936e-02 5.287087708712e-02 2.883108891547e-02 2.001471072435e-02 1.682464405894e-02 1.240118686110e-02 2.201797068119e-02 9.160497784615e-02 3.077518939972e-01 6.826350092888e-01 6.430733203888e-01 9.228667616844e-01 3.138240277767e-01 9.064185619354e-02 6.924114376307e-02 1.254790127277e-01 2.300697267056e-01 3.937135934830e-01 3.568931519985e-01 3.882378339767e-01 3.152633011341e-01 4.108965396881e-01 3.790817558765e-01 4.005000591278e-01 2.984789907932e-01 3.099357485771e-01 4.351735115051e-01 2.702353596687e-01 1.697414368391e-01 1.981475651264e-01 2.780775427818e-01 3.486271798611e-01 2.521836161613e-01 1.051055341959e-01 9.224321693182e-02 8.918960392475e-02
2.982343547046e-02 4.963105171919e-02 1.824922300875e-02 1.940244995058e-02 1.922101341188e-02 2.892214991152e-02 5.643691867590e-02 1.815423220396e-01 1.444185227156e-01 3.109705261886e-02 1.848885416985e-02 1.268017664552e-02 9.733246639371e-03 9.623103775084e-03 1.906806975603e-02 1.833596378565e-01 2.149860560894e-01 2.243592441082e-01 1.819136589766e-01 1.841768771410e-01 1.346780061722e-01 1.023285239935e-01 7.895381003618e-02 4.760955274105e-02 1.231129318476e-01 2.452680617571e-01 4.278624951839e-01 4.358987212181e-01 4.756246209145e-01 2.615212202072e-01 3.449156284332e-01 3.147791922092e-01 2.698164880276e-01 2.368160337210e-01 2.407703101635e-01 1.812173724174e-01 1.778755933046e-01 2.141694575548e-01 2.105622440577e-01 1.929606646299e-01 2.003032863140e-01 2.100461721420e-01 1.966023892164e-01
2.483163028955e-02 2.394776418805e-02 1.661731675267e-02 1.765863224864e-02 1.795481704175e-02 2.632875926793e-02 8.015245199203e-02 2.065892070532e-01 2.056134194136e-01 4.617845267057e-02 1.912482641637e-02 1.084263063967e-02 7.697026710957e-03 6.989649031311e-03 7.159525062889e-03 8.965420536697e-03 1.237480621785e-02 1.685268990695e-02 2.183119393885e-02 2.701890654862e-02 3.175339102745e-02 3.728630766273e-02 2.509847655892e-02 2.522014267743e-02 6.024930998683e-02 2.803207933903e-01 4.829660058022e-01 5.479577779770e-01 5.262760519981e-01 5.312489867210e-01 3.502029180527e-01 3.035990893841e-01 2.577178776264e-01 2.342202961445e-01 3.289599120617e-01 2.835283279419e-01 2.351885735989e-01 1.472708731890e-01 1.585000008345e-01 1.331931650639e-01 1.173458546400e-01 1.109123900533e-01 9.692237526178e-02
2.290855906904e-02 2.062630839646e-02 1.608377136290e-02 1.790569536388e-02 2.035898528993e-02 2.674015425146e-02 1.827023178339e-01 2.077593356371e-01 2.556191980839e-01 3.562857955694e-02 1.677556894720e-02 1.045317109674e-02 6.966718006879e-03 5.653158295900e-03 5.397898145020e-03 5.687145981938e-03 6.972743663937e-03 9.187052026391e-03 1.324319187552e-02 1.541174296290e-02 1.769669167697e-02 3.546385839581e-02 1.823490113020e-02 1.679264754057e-02 5.139789730310e-02 1.147130355239e-01 4.095343351364e-01 4.541338086128e-01 4.834313988686e-01 5.162962675095e-01 4.297092258930e-01 3.328953683376e-01 2.312930077314e-01 2.967005372047e-01 2.065071910620e-01 1.817108541727e-01 1.506671011448e-01 1.245611906052e-01 1.171122863889e-01 1.152199804783e-01 1.221586614847e-01 1.732189208269e-01 2.412782758474e-01
1.941267400980e-02 1.512414496392e-02 1.580392383039e-02 1.900179311633e-02 2.951008267701e-02 4.829534143209e-02 1.465925872326e-01 3.252761960030e-01 1.256503909826e-01 1.990628615022e-02 1.221175026149e-02 8.906713686883e-03 6.359332706779e-03 4.773009568453e-03 4.367508925498e-03 4.371983930469e-03 4.755141213536e-03 6.369311828166e-03 8.770460262895e-03 1.002949103713e-02 1.043046452105e-02 2.168373577297e-02 1.295432820916e-02 1.406886335462e-02 3.154097869992e-02 1.074661090970e-01 2.908203899860e-01 3.950208127499e-01 4.099328219891e-01 3.122901916504e-01 2.409708201885e-01 3.445033431053e-01 2.355792522430e-01 1.662793457508e-01 1.846356987953e-01 2.330143302679e-01 2.109874486923e-01 1.494442522526e-01 1.395484954119e-01 1.360044181347e-01 1.318312287331e-01 1.460797190666e-01 1.813928335905e-01
1.408804208040e-02 1.160802133381e-02 1.452035643160e-02 3.421102836728e-02 7.779880613089e-02 1.801606714725e-01 2.638143301010e-01 1.661534905434e-01 1.764866337180e-02 1.206803135574e-02 8.661635220051e-03 7.130291312933e-03 5.565847735852e-03 4.548761993647e-03 4.004782997072e-03 4.172405228019e-03 4.362366162241e-03 5.269337445498e-03 7.605253253132e-03 9.355572983623e-03 9.936184622347e-03 1.053946651518e-02 1.058711949736e-02 1.578536070883e-02 3.834188729525e-02 1.003442257643e-01 1.231776475906e-01 1.231700479984e-01 2.373138070107e-01 2.749608159065e-01 3.222615718842e-01 2.055966109037e-01 2.661449909210e-01 1.954752504826e-01 2.184486687183e-01 2.578912973404e-01 5.156233310699e-01 3.253619968891e-01 1.914739310741e-01 1.570659130812e-01 1.615745276213e-01 1.587727069855e-01 1.533525288105e-01
9.093437343836e-03 9.509157389402e-03 1.202491670847e-02 1.519810967147e-02 3.343594446778e-02 2.072712779045e-01 1.347528398037e-01 1.796162128448e-02 1.049351040274e-02 9.245667606592e-03 7.749913726002e-03 6.548873614520e-03 5.131615791470e-03 4.377233330160e-03 3.901023184881e-03 4.303230438381e-03 4.456345923245e-03 4.345694091171e-03 6.255968939513e-03 7.982496172190e-03 9.018030948937e-03 8.967958390713e-03 1.125617790967e-02 1.827371865511e-02 5.696424841881e-02 1.129821315408e-01 6.695836037397e-02 8.771144598722e-02 8.162700384855e-02 4.221758544445e-01 6.142987012863e-01 3.319914340973e-01 1.823015064001e-01 2.498037070036e-01 9.857048094273e-02 1.038088724017e-01 3.853820264339e-01 1.854598969221e-01 1.511233448982e-01 1.158033907413e-01 1.189999058843e-01 1.326967775822e-01 1.429968774319e-01
7.641389966011e-03 8.309928700328e-03 9.740588255227e-03 1.232329383492e-02 1.394941844046e-02 1.939880847931e-02 2.144773490727e-02 1.462119072676e-02 7.602530065924e-03 7.848344743252e-03 6.880167871714e-03 6.293778307736e-03 5.151361227036e-03 4.167100414634e-03 4.261788912117e-03 4.345517139882e-03 4.648781381547e-03 4.604996647686e-03 5.269845016301e-03 6.766402162611e-03 8.052548393607e-03 8.548812009394e-03 9.022086858749e-03 1.501760631800e-02 4.213783890009e-02 2.600639499724e-02 2.509851008654e-02 4.117776453495e-02 9.322237968445e-02 1.847305148840e-01 1.934111267328e-01 2.443470507860e-01 3.895751237869e-01 2.090139687061e-01 1.991193443537e-01 1.548022329807e-01 1.584063172340e-01 1.342213898897e-01 7.139416784048e-02 8.908212929964e-02 8.701600134373e-02 9.396299719810e-02 1.181578487158e-01
6.007459014654e-03 6.773013621569e-03 8.070062845945e-03 9.897394105792e-03 1.064055971801e-02 1.183785591274e-02 1.252618152648e-02 7.834002375603e-03 6.672400049865e-03 6.941667292267e-03 6.472171284258e-03 5.612847860903e-03 4.685450810939e-03 4.202832467854e-03 4.161587450653e-03 4.768622573465e-03 4.687055479735e-03 4.029819741845e-03 4.657831974328e-03 5.911749321967e-03 6.996389478445e-03 8.187561295927e-03 1.162211969495e-02 1.216515712440e-02 1.235503982753e-02 1.723755709827e-02 1.679329201579e-02 4.121703654528e-02 5.761592090130e-02 7.753156870604e-02 1.609542965889e-01 2.821274101734e-01 2.090865820646e-01 3.816400170326e-01 2.439953982830e-01 1.371790468693e-01 1.139229312539e-01 1.035632714629e-01 1.245931684971e-01 1.172068268061e-01 1.460584104061e-01 1.437329798937e-01 1.671454906464e-01
5.546403117478e-03 5.482070613652e-03 6.171142216772e-03 7.009658962488e-03 7.555803284049e-03 7.440016139299e-03 7.106920238584e-03 6.853893864900e-03 7.415257859975e-03 7.329334970564e-03 6.826862227172e-03 5.946982651949e-03 4.863425157964e-03 4.308184143156e-03 3.894295543432e-03 3.817172953859e-03 4.306093789637e-03 4.366991110146e-03 4.412635695189e-03 5.324753466994e-03 6.165761500597e-03 7.291165180504e-03 1.117247156799e-02 1.257434673607e-02 1.356015447527e-02 2.809408679605e-02 3.863483667374e-02 4.964388161898e-02 6.966540962458e-02 7.529959827662e-02 1.646511405706e-01 3.125362694263e-01 1.477408856153e-01 1.574585735798e-01 2.783593833447e-01 2.352887243032e-01 1.633931845427e-01 1.387902647257e-01 1.738944649696e-01 8.949257433414e-02 1.186698898673e-01 1.441155225039e-01 1.721009910107e-01
4.557026084512e-03 5.160396918654e-03 5.419659428298e-03 5.482670385391e-03 6.140120793134e-03 6.611888762563e-03 7.122572977096e-03 6.322351749986e-03 6.088451948017e-03 6.281312555075e-03 6.747172214091e-03 6.714065093547e-03 5.777302663773e-03 4.897134844214e-03 4.642205778509e-03 4.189630504698e-03 3.608962753788e-03 4.012368153781e-03 4.541974980384e-03 5.020077340305e-03 5.511247087270e-03 6.330242380500e-03 9.507558308542e-03 9.275493212044e-03 1.027096062899e-02 2.542291395366e-02 5.435021594167e-02 7.333976775408e-02 1.031591296196e-01 5.419488623738e-02 1.597508788109e-01 7.992117851973e-02 8.578890562057e-02 9.891882538795e-02 1.578469425440e-01 1.731251925230e-01 2.242779433727e-01 2.042189240456e-01 1.518791615963e-01 1.298827975988e-01 9.946487098932e-02 1.070869117975e-01 8.634251356125e-02
4.458301700652e-03 4.930232185870e-03 4.906225483865e-03 4.997811745852e-03 5.340700969100e-03 5.941529758275e-03 6.430342327803e-03 5.743937101215e-03 4.495397675782e-03 4.803778138012e-03 5.214912351221e-03 6.132270675153e-03 6.365888752043e-03 5.288512911648e-03 4.987003747374e-03 6.032488774508e-03 5.347979720682e-03 4.353807307780e-03 4.739439580590e-03 4.933746997267e-03 6.022292654961e-03 6.684630177915e-03 7.459382060915e-03 9.174779988825e-03 1.064738724381e-02 1.853755488992e-02 3.909503296018e-02 4.658687487245e-02 6.397478282452e-02 3.622876107693e-02 7.698894292116e-02 5.891176313162e-02 9.793718904257e-02 5.979701131582e-02 1.180094480515e-01 8.830457925797e-02 1.401093155146e-01 1.717950105667e-01 1.531751602888e-01 2.065650522709e-01 1.878213882446e-01 1.502073109150e-01 1.320370584726e-01
4.293597768992e-03 4.642441868782e-03 4.464853089303e-03 4.549493081868e-03 4.569543059915e-03 4.452893044800e-03 4.932017996907e-03 4.662537947297e-03 5.557598080486e-03 6.017525214702e-03 5.463337525725e-03 5.533162038773e-03 6.083130836487e-03 6.330966949463e-03 5.792766343802e-03 7.480547297746e-03 6.659104023129e-03 5.087726749480e-03 5.117313470691e-03 5.092911422253e-03 5.852345842868e-03 6.347772199661e-03 7.117577362806e-03 9.464225731790e-03 1.112305000424e-02 1.661338284612e-02 2.495786175132e-02 2.883899770677e-02 3.090682253242e-02 3.905859217048e-02 6.530487537384e-02 1.001492217183e-01 6.753562390804e-02 1.603292971849e-01 5.627806112170e-02 7.336584478617e-02 1.499381065369e-01 2.098118215799e-01 1.027816608548e-01 1.162116453052e-01 7.396022230387e-02 1.394400298595e-01 1.229757145047e-01
3.829646855593e-03 4.138925578445e-03 3.980037756264e-03 3.915448207408e-03 3.634740831330e-03 3.674889914691e-03 3.878309857100e-03 5.111797712743e-03 6.352986674756e-03 6.528984289616e-03 5.706200376153e-03 6.314125843346e-03 7.027468178421e-03 6.827413570136e-03 6.774326320738e-03 7.011986803263e-03 7.540030870587e-03 8.825557306409e-03 7.911051623523e-03 7.103333249688e-03 7.310039829463e-03 7.869658060372e-03 9.403539821506e-03 9.617253206670e-03 1.165474019945e-02 1.432945020497e-02 2.344979345798e-02 2.349608764052e-02 4.207424074411e-02 8.511906117201e-02 1.058071106672e-01 5.408037081361e-02 5.426950380206e-02 1.632155627012e-01 8.652856945992e-02 1.064681410789e-01 9.440438449383e-02 1.224381998181e-01 8.943209797144e-02 3.423675894737e-02 3.259146586061e-02 4.400849342346e-02 8.719827234745e-02
3.528316272423e-03 3.532637376338e-03 3.505362430587e-03 3.457719460130e-03 3.552555572242e-03 3.760518506169e-03 3.995370119810e-03 4.769051447511e-03 5.348535720259e-03 5.087612196803e-03 5.990580655634e-03 6.446379236877e-03 6.258171517402e-03 6.578704342246e-03 8.999290876091e-03 1.252601295710e-02 1.420753449202e-02 1.800865866244e-02 1.796924322844e-02 1.935104280710e-02 1.380690280348e-02 1.318657118827e-02 1.529182959348e-02 1.280471123755e-02 1.460878085345e-02 2.019261009991e-02 6.066755205393e-02 5.662051960826e-02 5.451749637723e-02 7.349641621113e-02 4.137887805700e-02 4.362240433693e-02 5.842629820108e-02 3.347966074944e-02 1.813506335020e-01 2.524323165417e-01 2.254146039486e-01 5.220119282603e-02 2.470108866692e-02 2.040927298367e-02 1.994954235852e-02 2.359010837972e-02 2.491221204400e-02
3.279680619016e-03 3.402546746656e-03 3.270994871855e-03 3.521972801536e-03 3.773407312110e-03 4.317412618548e-03 4.318276885897e-03 5.001807585359e-03 5.477697588503e-03 6.369096226990e-03 6.597058381885e-03 7.831974886358e-03 8.207568898797e-03 7.588393986225e-03 1.839197427034e-02 6.600677222013e-02 5.216460302472e-02 3.103951178491e-02 3.489869460464e-02 4.346109554172e-02 3.212281316519e-02 1.692252233624e-02 1.969366893172e-02 2.467834204435e-02 2.395850792527e-02 4.466538876295e-02 6.283195316792e-02 5.575088784099e-02 4.538120701909e-02 4.102435708046e-02 4.654530808330e-02 4.338758811355e-02 3.280172497034e-02 2.735201455653e-02 4.642057418823e-02 2.133061140776e-01 2.222833931446e-01 4.584956169128e-02 1.630876772106e-02 1.661450974643e-02 1.494540087879e-02 1.436090283096e-02 2.362045831978e-02
3.288825508207e-03 3.543712664396e-03 4.485380370170e-03 5.013186950237e-03 4.603146575391e-03 7.629775907844e-03 8.970310911536e-03 9.117070585489e-03 7.705821190029e-03 7.536320947111e-03 8.265478536487e-03 1.038780901581e-02 1.035223715007e-02 3.822791576385e-02 2.700449228287e-01 3.399735093117e-01 1.585832834244e-01 9.050103276968e-02 7.233811169863e-02 5.659648403525e-02 2.704023756087e-02 2.685495279729e-02 5.863894894719e-02 1.251000165939e-01 1.025796085596e-01 5.469218268991e-02 6.385309249163e-02 5.193430185318e-02 5.505505949259e-02 3.805451467633e-02 9.416826069355e-02 3.768889978528e-02 2.899425476789e-02 2.049504965544e-02 1.359734591097e-02 4.395117238164e-02 4.851860925555e-02 1.187386084348e-02 7.974144071341e-03 9.384195320308e-03 1.160316169262e-02 1.297129597515e-02 1.212896406651e-02
4.033764824271e-03 6.345312111080e-03 8.650222793221e-03 9.399622678757e-03 1.212530024350e-02 1.611960865557e-02 1.583692058921e-02 1.396956294775e-02 1.201098598540e-02 9.262767620385e-03 1.115926168859e-02 1.233614608645e-02 6.872917711735e-02 3.789508044720e-01 5.181692838669e-01 1.806347072124e-01 5.697884038091e-02 3.484913706779e-02 3.547373786569e-02 3.100046329200e-02 2.975973486900e-02 6.777872890234e-02 1.335777640343e-01 1.775783896446e-01 1.428561359644e-01 7.349365204573e-02 5.064748972654e-02 3.725488483906e-02 3.370320051908e-02 3.003646992147e-02 4.049196839333e-02 1.861852966249e-02 2.104930020869e-02 1.706549152732e-02 1.072168722749e-02 6.357241887599e-03 5.243821535259e-03 5.103220697492e-03 5.362645722926e-03 6.679133046418e-03 8.968484587967e-03 1.134198438376e-02 1.160299871117e-02
6.682020612061e-03 9.991840459406e-03 1.327356882393e-02 1.778827421367e-02 3.443204611540e-02 3.409457206726e-02 4.769811406732e-02 3.435397520661e-02 3.905436769128e-02 2.319895289838e-02 1.302476972342e-02 8.965735882521e-02 3.611592352390e-01 3.594548702240e-01 9.402783215046e-02 2.830583788455e-02 5.253852903843e-02 6.940677762032e-02 4.901913926005e-02 5.701756849885e-02 6.893724203110e-02 6.931866705418e-02 1.010152846575e-01 8.250763267279e-02 5.586324632168e-02 4.351663216949e-02 2.712457813323e-02 1.054243557155e-02 1.081290468574e-02 1.070012059063e-02 1.370483636856e-02 1.002553850412e-02 8.832431398332e-03 6.103198044002e-03 6.240800488740e-03 6.356794387102e-03 6.562516558915e-03 6.889753043652e-03 7.328775245696e-03 7.893551141024e-03 7.981210015714e-03 9.521313942969e-03 1.206706557423e-02
