VariationalSeries/SI/f178.grd
DSAA
101	101
32.816463539100	34.260883539100
35.556306596100	36.727886596100
4.651576455217e-05	7.633051872253e+00
[rows 19 to 37 of 101, columns 43 to 85 of 101]
7.520117610693e-02 9.262555837631e-02 1.204387620091e-01 1.227605640888e-01 7.963020354509e-02 1.223327144980e-01 6.219328939915e-02 6.483776867390e-02 7.012329995632e-02 7.112562656403e-02 6.491473317146e-02 9.559556096792e-02 1.151199862361e-01 1.142130196095e-01 7.577903568745e-02 9.259131550789e-02 1.220947057009e-01 1.143125593662e-01 6.295526772738e-02 1.015959903598e-01 4.682094603777e-02 6.578396260738e-02 8.832243084908e-02 4.355887696147e-02 4.323809593916e-02 5.085247755051e-02 4.196968302131e-02 5.298197269440e-02 4.916425049305e-02 3.894165158272e-02 4.201864078641e-02 5.785517767072e-02 6.533196568489e-02 5.060157552361e-02 4.507088661194e-02 3.659161552787e-02 2.513396553695e-02 2.770636603236e-02 3.062327578664e-02 2.550190128386e-02 2.377409115434e-02 2.084831893444e-02 2.266990020871e-02
6.770358979702e-02 9.075647592545e-02 1.287276446819e-01 1.484733521938e-01 1.075014695525e-01 1.081681549549e-01 6.399296969175e-02 6.869082152843e-02 6.075979396701e-02 7.609043270350e-02 7.962253689766e-02 8.939650654793e-02 1.232057213783e-01 1.214885711670e-01 9.345223009586e-02 1.006803736091e-01 1.192290037870e-01 1.291730403900e-01 7.429295033216e-02 9.823228418827e-02 5.350650101900e-02 9.961024671793e-02 1.240435019135e-01 5.767207592726e-02 5.043801665306e-02 5.205501616001e-02 5.172156542540e-02 5.479512736201e-02 4.270124807954e-02 4.144227504730e-02 5.842066928744e-02 7.632673531771e-02 6.817868351936e-02 5.417752265930e-02 4.444565996528e-02 3.663653880358e-02 2.633430063725e-02 3.239257261157e-02 2.507277950644e-02 2.139174193144e-02 2.281050197780e-02 1.987803354859e-02 2.071258611977e-02
7.306327670813e-02 1.039845496416e-01 1.188623905182e-01 1.554120033979e-01 1.324576884508e-01 9.257385879755e-02 6.357304751873e-02 7.277551293373e-02 5.818377807736e-02 7.116708904505e-02 7.506734877825e-02 8.527825772762e-02 1.170190647244e-01 1.324741691351e-01 1.126937940717e-01 1.076035499573e-01 1.142165437341e-01 1.411716938019e-01 8.470211178064e-02 9.101299196482e-02 6.013313308358e-02 1.233781427145e-01 1.358000487089e-01 6.486414372921e-02 4.926140978932e-02 6.091683357954e-02 5.838416516781e-02 4.738950356841e-02 4.032526165247e-02 5.810781940818e-02 8.148244023323e-02 7.901715487242e-02 5.337787792087e-02 6.180261448026e-02 4.404971003532e-02 3.372678160667e-02 3.136301413178e-02 3.330739215016e-02 2.775160409510e-02 2.165772393346e-02 2.122963592410e-02 1.561786234379e-02 1.542247459292e-02
6.980806589127e-02 9.795927256346e-02 1.007776483893e-01 1.483424454927e-01 1.465799361467e-01 9.685171395540e-02 8.496299386024e-02 7.708681374788e-02 5.731296539307e-02 6.230728700757e-02 7.220046967268e-02 8.643614500761e-02 9.703209251165e-02 1.392772048712e-01 1.255142539740e-01 1.048172563314e-01 1.056219413877e-01 1.514029800892e-01 9.329073876143e-02 8.154486119747e-02 6.672552227974e-02 1.225175261497e-01 1.183504611254e-01 5.638645961881e-02 5.378684401512e-02 6.361233443022e-02 5.298011004925e-02 4.317538067698e-02 6.115794554353e-02 8.621083199978e-02 8.477182686329e-02 5.888965353370e-02 4.493770375848e-02 6.421322375536e-02 3.166684880853e-02 3.117944672704e-02 3.871745988727e-02 2.961004339159e-02 3.183105587959e-02 2.027425915003e-02 2.263328619301e-02 1.889356784523e-02 1.705252937973e-02
5.677383020520e-02 6.794962286949e-02 1.048492193222e-01 1.313573867083e-01 1.476880311966e-01 9.826678037643e-02 1.056306511164e-01 8.865713328123e-02 6.224662438035e-02 5.320043861866e-02 7.522395253181e-02 8.436207473278e-02 9.994453191757e-02 1.495493650436e-01 1.270803362131e-01 9.838984161615e-02 9.507398307323e-02 1.576626449823e-01 9.951577335596e-02 9.864514321089e-02 7.764258980751e-02 1.007168516517e-01 8.826600015163e-02 5.247567594051e-02 6.620176881552e-02 6.152585893869e-02 4.523668810725e-02 6.524008512497e-02 9.345216304064e-02 9.082815051079e-02 6.165627017617e-02 3.649021312594e-02 4.815417528152e-02 6.023587286472e-02 3.236729279160e-02 3.345179930329e-02 4.080121219158e-02 3.099019639194e-02 3.492316976190e-02 2.117020264268e-02 2.150154672563e-02 1.778840087354e-02 1.809167861938e-02
7.330171018839e-02 7.313841581345e-02 1.183429062366e-01 1.110429912806e-01 1.403507441282e-01 1.096928194165e-01 1.012018322945e-01 1.121428310871e-01 9.749467670918e-02 7.452144473791e-02 8.141700923443e-02 7.965750247240e-02 1.089638173580e-01 1.599315106869e-01 1.140698567033e-01 9.435875713825e-02 8.104270696640e-02 1.612281203270e-01 1.258846074343e-01 1.089553385973e-01 9.184017032385e-02 9.763388335705e-02 5.908489599824e-02 6.383928656578e-02 6.796161085367e-02 4.625692218542e-02 7.083854079247e-02 1.007961779833e-01 9.595950692892e-02 6.429854780436e-02 3.443731367588e-02 2.711908333004e-02 6.442199647427e-02 5.035205557942e-02 3.087183088064e-02 4.339355602860e-02 3.763880953193e-02 3.122968971729e-02 3.709889575839e-02 2.620651945472e-02 1.851805672050e-02 1.764097996056e-02 1.560895610601e-02
1.151502877474e-01 7.123489677906e-02 7.117930799723e-02 1.225779503584e-01 1.293029189110e-01 1.158200353384e-01 8.909973502159e-02 1.025975570083e-01 1.166746094823e-01 1.145992428064e-01 9.764616191387e-02 1.209404394031e-01 1.184251680970e-01 1.662121117115e-01 9.866131097078e-02 8.577913045883e-02 1.132793426514e-01 1.623851358891e-01 1.424693614244e-01 1.044672429562e-01 9.900388121605e-02 1.053122505546e-01 6.633833050728e-02 6.956437230110e-02 5.704502761364e-02 7.413987815380e-02 1.097779944539e-01 1.028625518084e-01 6.690711528063e-02 4.377163201571e-02 6.150381267071e-02 3.779580071568e-02 7.518482208252e-02 4.404673352838e-02 3.605810180306e-02 4.641900211573e-02 4.526542499661e-02 3.183129802346e-02 3.829622268677e-02 2.892728149891e-02 1.741957291961e-02 1.666933856905e-02 1.931690983474e-02
1.539873778820e-01 7.325547188520e-02 7.177311182022e-02 1.128903627396e-01 1.164725571871e-01 1.185543015599e-01 9.640197455883e-02 9.830173850060e-02 9.700997918844e-02 1.255909204483e-01 1.369728893042e-01 1.224384531379e-01 1.278946399689e-01 1.684103757143e-01 8.560939133167e-02 1.326079368591e-01 1.589092314243e-01 1.626062691212e-01 1.384551525116e-01 8.277900516987e-02 9.405642002821e-02 9.650282561779e-02 6.675507873297e-02 5.746440589428e-02 7.473060488701e-02 1.167688891292e-01 1.126531660557e-01 7.054065912962e-02 6.226851418614e-02 8.567987382412e-02 7.777445018291e-02 7.061584293842e-02 7.326977699995e-02 4.927270114422e-02 4.644244536757e-02 3.847085312009e-02 4.935497418046e-02 3.368254005909e-02 3.843236714602e-02 2.875143848360e-02 1.854476332664e-02 2.115378715098e-02 2.726993337274e-02
1.681235283613e-01 7.524883747101e-02 8.681786060333e-02 7.481174916029e-02 1.278140097857e-01 1.197999492288e-01 1.021649762988e-01 1.044251322746e-01 9.909980744123e-02 1.250507831573e-01 1.320388764143e-01 1.150472760201e-01 1.363958269358e-01 1.622874587774e-01 1.444389224052e-01 1.756444275379e-01 1.696607172489e-01 1.580129712820e-01 9.410662204027e-02 8.386991173029e-02 9.686120599508e-02 9.759370982647e-02 6.974460929632e-02 7.153168320656e-02 1.217388436198e-01 1.243124678731e-01 7.791609317064e-02 6.343729048967e-02 9.320400655270e-02 7.734385132790e-02 6.285709887743e-02 6.889576464891e-02 5.682981014252e-02 5.403947085142e-02 4.602000489831e-02 3.210329636931e-02 4.834152758121e-02 3.638295829296e-02 3.768078610301e-02 2.603312022984e-02 2.250526472926e-02 3.025913052261e-02 3.419753164053e-02
1.475831717253e-01 1.099235340953e-01 1.005358248949e-01 7.079412788153e-02 9.287948161364e-02 1.212494075298e-01 1.278335005045e-01 1.110002398491e-01 1.301564574242e-01 1.911617964506e-01 1.083788424730e-01 1.012527719140e-01 1.420287191868e-01 1.493808329105e-01 1.873213052750e-01 1.812802702188e-01 1.568888425827e-01 1.528234481812e-01 1.037488356233e-01 1.126433834434e-01 1.005900874734e-01 9.714116156101e-02 6.533289700747e-02 1.235233247280e-01 1.369892060757e-01 8.855921775103e-02 7.244686782360e-02 9.880562126637e-02 8.743114024401e-02 5.723027884960e-02 8.337908983231e-02 7.235499471426e-02 4.331341013312e-02 4.953535646200e-02 4.121652990580e-02 4.426515847445e-02 4.400713741779e-02 3.994810581207e-02 3.656585514545e-02 3.367168083787e-02 3.753079846501e-02 4.212545976043e-02 3.552628308535e-02
9.958481043577e-02 1.656010746956e-01 1.100878641009e-01 8.704999089241e-02 1.046908274293e-01 1.185258030891e-01 1.133645176888e-01 1.188315898180e-01 1.706383377314e-01 2.365892380476e-01 1.588670164347e-01 1.103253215551e-01 1.431097984314e-01 1.784500628710e-01 1.909558922052e-01 2.646483778954e-01 1.403565108776e-01 1.416974514723e-01 1.160664185882e-01 1.139010712504e-01 1.036645770073e-01 9.587841480970e-02 1.222901493311e-01 1.453993320465e-01 9.984350949526e-02 8.153651654720e-02 9.752922505140e-02 9.772329777479e-02 8.358576148748e-02 8.359662443399e-02 8.855212479830e-02 4.961113259196e-02 4.691848531365e-02 4.232697188854e-02 3.678758814931e-02 3.441105410457e-02 5.978279933333e-02 4.722875729203e-02 4.346039891243e-02 5.005003511906e-02 4.987026005983e-02 3.659996017814e-02 2.458086423576e-02
1.118290573359e-01 1.835117638111e-01 1.138480454683e-01 9.622590988874e-02 1.234494447708e-01 1.135669127107e-01 1.181208491325e-01 1.492179036140e-01 1.967087686062e-01 2.376439422369e-01 1.897424906492e-01 1.883751451969e-01 1.666919291019e-01 1.956911087036e-01 2.315930575132e-01 3.351414501667e-01 1.459486335516e-01 1.580637842417e-01 1.567444503307e-01 1.281547546387e-01 1.014931052923e-01 1.219896748662e-01 1.528946012259e-01 1.099218204618e-01 9.129694849253e-02 9.630402177572e-02 9.316535294056e-02 1.031051725149e-01 1.003381013870e-01 1.006281152368e-01 7.576654851437e-02 4.097031056881e-02 5.609444156289e-02 3.485419601202e-02 3.635333105922e-02 3.715784475207e-02 8.238996565342e-02 5.493185296655e-02 5.764701217413e-02 4.642559215426e-02 2.820683643222e-02 1.649934425950e-02 1.637692749500e-02
2.214521914721e-01 1.450930684805e-01 1.590516269207e-01 1.021941974759e-01 1.502378135920e-01 1.164911165833e-01 1.272184401751e-01 1.724493056536e-01 2.070138305426e-01 2.012371718884e-01 1.946499645710e-01 1.967260241508e-01 1.851947307587e-01 1.501038372517e-01 1.588213294744e-01 2.136406004429e-01 1.195855215192e-01 1.562354266644e-01 1.708003580570e-01 1.425221115351e-01 1.268564909697e-01 1.600035578012e-01 1.197761893272e-01 1.018986403942e-01 9.440553188324e-02 8.649494498968e-02 9.308255463839e-02 1.100423932076e-01 1.104106307030e-01 9.904500097036e-02 6.182244792581e-02 3.921066597104e-02 5.973472446203e-02 4.754950851202e-02 5.734503269196e-02 6.099433824420e-02 9.290964156389e-02 5.434055998921e-02 4.297884926200e-02 2.983068674803e-02 2.673334442079e-02 2.022547088563e-02 1.948307454586e-02
3.594233691692e-01 1.571221351624e-01 1.780687421560e-01 1.298532634974e-01 1.665505915880e-01 1.424191892147e-01 1.401800811291e-01 1.980197429657e-01 2.126857936382e-01 1.672559231520e-01 2.343312650919e-01 2.880217134953e-01 1.600740551949e-01 1.878291517496e-01 1.150065585971e-01 1.334989368916e-01 1.273856610060e-01 1.519453078508e-01 1.468400508165e-01 1.332126408815e-01 1.698751151562e-01 1.293104588985e-01 1.062614470720e-01 9.538280963898e-02 1.026043295860e-01 9.558040648699e-02 9.572630375624e-02 1.194829866290e-01 1.202564910054e-01 1.091426312923e-01 7.514033466578e-02 6.619021296501e-02 6.569222360849e-02 5.970878899097e-02 5.778285488486e-02 8.884146064520e-02 7.646670192480e-02 3.697235509753e-02 3.994139656425e-02 4.082185029984e-02 3.783693164587e-02 2.923692204058e-02 2.104128897190e-02
3.934890925884e-01 4.110622107983e-01 1.696186959743e-01 1.705731004477e-01 1.834461539984e-01 1.723932772875e-01 2.365273088217e-01 2.219010144472e-01 2.097836881876e-01 1.559439748526e-01 2.390711009502e-01 3.209708333015e-01 1.919806301594e-01 1.809908300638e-01 1.465859413147e-01 1.493036895990e-01 1.586751937866e-01 1.500149816275e-01 1.451745033264e-01 1.818606853485e-01 1.416296511889e-01 1.212972700596e-01 1.039114743471e-01 8.138021826744e-02 1.001315861940e-01 1.120743304491e-01 1.032652109861e-01 1.283906400204e-01 1.339159458876e-01 1.194280683994e-01 8.890504390001e-02 6.564959138632e-02 5.837950110435e-02 4.955252259970e-02 8.044856786728e-02 9.215387701988e-02 4.112584516406e-02 4.203646257520e-02 4.382084310055e-02 4.443294182420e-02 4.199264571071e-02 3.509839251637e-02 2.436424791813e-02
1.892694681883e-01 5.538777709007e-01 4.047542810440e-01 1.687069982290e-01 1.933488100767e-01 2.147431969643e-01 2.289752662182e-01 2.330175489187e-01 1.863108426332e-01 1.629780530930e-01 2.725808024406e-01 3.142824172974e-01 2.468442618847e-01 1.670102328062e-01 1.534606963396e-01 1.718463897705e-01 2.660295963287e-01 1.669929027557e-01 2.016749382019e-01 1.554146558046e-01 1.118627488613e-01 1.090025678277e-01 9.212673455477e-02 1.120428740978e-01 1.137191727757e-01 1.301836669445e-01 1.434023082256e-01 1.099078059196e-01 1.303437948227e-01 1.301909387112e-01 1.011598780751e-01 5.385923758149e-02 5.484872683883e-02 8.509346842766e-02 9.228722006083e-02 5.400122702122e-02 3.731703013182e-02 3.767236694694e-02 3.750537335873e-02 3.807550668716e-02 3.794229403138e-02 3.513916209340e-02 2.809770219028e-02
3.480704128742e-01 2.620621323586e-01 6.459084749222e-01 3.008089959621e-01 1.955600678921e-01 2.640439867973e-01 1.984706073999e-01 2.215939462185e-01 2.913785576820e-01 2.265390902758e-01 3.142091631889e-01 2.497491091490e-01 2.630056440830e-01 2.202698141336e-01 1.812978237867e-01 1.695219278336e-01 3.869796693325e-01 2.338405400515e-01 1.881653517485e-01 2.291157096624e-01 1.362738460302e-01 1.112125664949e-01 1.187570542097e-01 1.250211894512e-01 1.204355582595e-01 1.276877075434e-01 1.807574480772e-01 1.098455488682e-01 1.353389620781e-01 1.413629353046e-01 1.146386265755e-01 7.390248030424e-02 9.377764165401e-02 8.679788559675e-02 4.968654364347e-02 4.164448380470e-02 3.933370113373e-02 3.682958707213e-02 3.423368185759e-02 3.186968713999e-02 3.269238770008e-02 3.378701955080e-02 3.069469705224e-02
4.703818559647e-01 6.139587759972e-01 3.706263005733e-01 6.352345943451e-01 2.360194027424e-01 3.197277188301e-01 2.741949856281e-01 2.926039099693e-01 4.091503620148e-01 3.388191461563e-01 3.910700976849e-01 2.246780395508e-01 2.386692464352e-01 2.486779838800e-01 2.227941900492e-01 1.758586913347e-01 4.544855952263e-01 2.578575909138e-01 2.686208486557e-01 1.861477643251e-01 1.011315658689e-01 1.118974164128e-01 1.422265172005e-01 1.290856450796e-01 1.171696484089e-01 1.119920760393e-01 1.762254536152e-01 1.204932630062e-01 1.518746316433e-01 1.498256772757e-01 1.188329756260e-01 9.472653269768e-02 7.106427848339e-02 3.724895790219e-02 3.668098896742e-02 3.852941095829e-02 3.807329013944e-02 4.070004448295e-02 3.996744006872e-02 3.792826086283e-02 4.133584350348e-02 4.804706573486e-02 5.017913132906e-02
9.267314672470e-01 6.145176291466e-01 6.490533947945e-01 5.382502079010e-01 4.896467626095e-01 3.594619631767e-01 3.947083353996e-01 3.479825556278e-01 3.594966828823e-01 3.973549604416e-01 4.598818421364e-01 2.675405144691e-01 2.353131771088e-01 2.525945007801e-01 2.766054272652e-01 2.620751559734e-01 3.506833016872e-01 2.598350048065e-01 2.591058015823e-01 2.068776190281e-01 1.688715219498e-01 2.005892097950e-01 2.019893378019e-01 1.671494543552e-01 1.220300048590e-01 1.040008068085e-01 1.382721960545e-01 1.481246799231e-01 1.570218503475e-01 1.311341375113e-01 9.200160950422e-02 5.860470607877e-02 5.128294602036e-02 5.446917191148e-02 6.440337002277e-02 7.060293108225e-02 7.383930683136e-02 7.349627465010e-02 6.975867599249e-02 6.382486969233e-02 5.805537477136e-02 5.822656676173e-02 5.155169591308e-02
