VariationalSeries/SI/f178.grd
DSAA
101	101
32.816463539100	34.260883539100
35.556306596100	36.727886596100
4.651576455217e-05	7.633051872253e+00
[rows 0 to 18 of 101, columns 43 to 85 of 101]
1.109604910016e-02 1.893525756896e-02 2.181633934379e-02 1.729155145586e-02 1.205367781222e-02 1.214472390711e-02 1.045069284737e-02 9.544212371111e-03 6.279366090894e-03 9.106319397688e-03 1.207559742033e-02 1.429787836969e-02 1.708313450217e-02 2.439500577748e-02 1.095712929964e-02 1.350991986692e-02 1.714864186943e-02 1.870358921587e-02 1.263784430921e-02 8.425438776612e-03 9.511600248516e-03 1.232735440135e-02 1.266208849847e-02 1.380991283804e-02 1.400214992464e-02 1.004102639854e-02 6.727815140039e-03 6.785127799958e-03 1.283515989780e-02 1.925132423639e-02 1.546647120267e-02 7.582548540086e-03 9.577382355928e-03 6.252656225115e-03 6.389862857759e-03 5.488335154951e-03 4.699311219156e-03 4.269625060260e-03 3.144439542666e-03 3.173163626343e-03 4.224694799632e-03 7.061237003654e-03 7.016326766461e-03
1.923307962716e-02 3.429407998919e-02 4.282976314425e-02 3.790460899472e-02 2.841884270310e-02 2.633182890713e-02 2.183612063527e-02 1.851114444435e-02 1.720020361245e-02 1.999663189054e-02 2.225971966982e-02 2.536044269800e-02 3.378582373261e-02 4.871699586511e-02 2.086750604212e-02 2.566161379218e-02 3.239331394434e-02 3.500353544950e-02 2.403710223734e-02 1.624445989728e-02 1.870140247047e-02 2.351020462811e-02 2.505878917873e-02 2.412945404649e-02 2.478291839361e-02 2.090893313289e-02 1.247305050492e-02 1.409442070872e-02 2.900792472064e-02 4.611857607961e-02 2.752106077969e-02 1.250864937901e-02 1.873831450939e-02 1.151028275490e-02 1.236430089921e-02 1.023255940527e-02 8.400106802583e-03 7.512449752539e-03 6.055395584553e-03 6.040005944669e-03 9.345216676593e-03 1.430520042777e-02 1.332768332213e-02
2.422813512385e-02 3.501522168517e-02 4.784210026264e-02 4.704472795129e-02 3.824192658067e-02 3.828458860517e-02 2.588571608067e-02 2.279060520232e-02 3.072113916278e-02 3.071510978043e-02 2.212015725672e-02 2.808472886682e-02 3.600339218974e-02 5.095421150327e-02 2.422298118472e-02 2.918719314039e-02 3.624314814806e-02 4.005771875381e-02 2.768980525434e-02 2.166433073580e-02 2.168691344559e-02 2.360518649220e-02 2.818244695663e-02 3.025054372847e-02 3.652412444353e-02 2.810877375305e-02 1.621359959245e-02 1.743638701737e-02 3.809056803584e-02 5.956053361297e-02 2.820872329175e-02 1.455180253834e-02 2.158208191395e-02 1.270190626383e-02 1.379823405296e-02 1.209958735853e-02 1.075183134526e-02 8.545417338610e-03 7.024453021586e-03 8.600672706962e-03 1.184325572103e-02 1.583600230515e-02 1.363884843886e-02
2.791241556406e-02 3.170295804739e-02 4.278216138482e-02 4.647314548492e-02 4.144473373890e-02 5.123610049486e-02 2.713070437312e-02 3.115650080144e-02 4.392834380269e-02 4.524002596736e-02 3.008235804737e-02 2.937596291304e-02 3.688393533230e-02 5.142052844167e-02 2.543749101460e-02 3.253585472703e-02 3.717058524489e-02 4.173695668578e-02 2.990182302892e-02 2.843485772610e-02 2.329540438950e-02 2.942956238985e-02 3.558984771371e-02 3.506429493427e-02 4.850247502327e-02 3.467721119523e-02 1.827344484627e-02 2.077474072576e-02 4.445169866085e-02 6.462237238884e-02 2.658951282501e-02 1.618913747370e-02 2.288968116045e-02 1.285008806735e-02 1.409292686731e-02 1.542159169912e-02 1.302067469805e-02 9.807487018406e-03 8.397732861340e-03 1.063811592758e-02 1.414065901190e-02 1.649489253759e-02 1.306597422808e-02
2.744612097740e-02 3.800320625305e-02 3.374525532126e-02 3.927818313241e-02 3.820879384875e-02 6.506571173668e-02 2.611109241843e-02 3.846002742648e-02 5.611782521009e-02 6.027010455728e-02 4.247310385108e-02 3.064116649330e-02 3.792008012533e-02 5.167827010155e-02 2.639791741967e-02 3.563123196363e-02 3.761319071054e-02 4.312708973885e-02 3.310993313789e-02 3.497394546866e-02 2.753914520144e-02 3.720640391111e-02 4.520089551806e-02 4.396253079176e-02 6.032103672624e-02 4.009646177292e-02 2.189206890762e-02 2.227025292814e-02 4.708674922585e-02 6.246184557676e-02 2.870390005410e-02 1.928685605526e-02 2.368188090622e-02 1.521866023540e-02 1.744892634451e-02 1.810925640166e-02 1.447167620063e-02 1.023323554546e-02 1.067927572876e-02 1.159818004817e-02 1.650367677212e-02 1.672926917672e-02 1.250075362623e-02
2.380103617907e-02 4.033670574427e-02 3.026107698679e-02 3.113101795316e-02 3.321776539087e-02 7.885199040174e-02 2.948091924191e-02 4.375403001904e-02 6.690310686827e-02 7.515835016966e-02 5.545154213905e-02 3.230230510235e-02 3.932398557663e-02 5.189494788647e-02 2.926783077419e-02 3.820304200053e-02 3.752113506198e-02 4.435396566987e-02 3.390911594033e-02 4.059207439423e-02 3.337433189154e-02 4.505742713809e-02 5.383072048426e-02 5.151276290417e-02 7.088074088097e-02 4.321814328432e-02 2.408454194665e-02 2.606097050011e-02 4.507265985012e-02 5.066912993789e-02 2.852126769722e-02 2.229484170675e-02 2.390927635133e-02 1.700685918331e-02 2.042271196842e-02 2.012522518635e-02 1.517248433083e-02 1.067259814590e-02 1.203534845263e-02 1.297624874860e-02 1.886038109660e-02 1.702073961496e-02 1.199008524418e-02
2.168421819806e-02 3.861824423075e-02 3.036077879369e-02 2.433010749519e-02 3.078667819500e-02 9.153655916452e-02 3.261929750443e-02 4.626232013106e-02 7.433931529522e-02 8.652298897505e-02 6.723077595234e-02 3.556029871106e-02 4.056505486369e-02 5.189554393291e-02 2.961358055472e-02 4.070591926575e-02 3.688374161720e-02 4.520772397518e-02 3.265442326665e-02 4.293427616358e-02 3.819020092487e-02 5.065466091037e-02 5.969424545765e-02 5.570138618350e-02 7.862709462643e-02 4.351108893752e-02 2.325213514268e-02 2.918913401663e-02 3.862019255757e-02 3.523054346442e-02 2.670224756002e-02 2.527094446123e-02 2.374205365777e-02 1.813098415732e-02 2.278213761747e-02 2.130461484194e-02 1.510045304894e-02 1.256261952221e-02 1.186180207878e-02 1.763869449496e-02 2.155069634318e-02 1.745310798287e-02 1.119527313858e-02
2.500694990158e-02 3.687028214335e-02 2.932915091515e-02 2.739258110523e-02 3.466616198421e-02 1.036041229963e-01 3.724255785346e-02 4.475461691618e-02 7.511380314827e-02 9.135568886995e-02 7.647905498743e-02 4.650545120239e-02 4.216529428959e-02 5.218417197466e-02 2.949088253081e-02 4.305273294449e-02 3.579757362604e-02 4.577200859785e-02 3.365099057555e-02 4.065820202231e-02 4.107240960002e-02 5.328204110265e-02 6.111158058047e-02 5.568922311068e-02 8.309124410152e-02 4.190102592111e-02 2.667808346450e-02 3.477296978235e-02 2.932270616293e-02 2.845522388816e-02 3.038279153407e-02 2.826086990535e-02 2.308313176036e-02 2.336353808641e-02 2.427976019681e-02 2.145346999168e-02 1.427355129272e-02 1.290662586689e-02 1.480865385383e-02 2.373646385968e-02 2.359236590564e-02 1.661193743348e-02 9.366232901812e-03
2.810773812234e-02 3.698244318366e-02 2.910684421659e-02 2.965757995844e-02 3.839771077037e-02 1.148378476501e-01 4.208604246378e-02 3.932750970125e-02 6.858629733324e-02 8.896237611771e-02 8.196861296892e-02 5.670167878270e-02 4.385637491941e-02 5.972785502672e-02 3.322015702724e-02 4.538319632411e-02 3.583070635796e-02 4.616270586848e-02 3.433329239488e-02 3.593054413795e-02 4.288720712066e-02 5.219898000360e-02 5.799287930131e-02 5.610318481922e-02 8.255869895220e-02 3.705073148012e-02 3.181886672974e-02 4.074811562896e-02 2.896525897086e-02 3.504163026810e-02 3.830848634243e-02 3.114623203874e-02 2.678813971579e-02 2.907084859908e-02 2.970435656607e-02 2.045938000083e-02 1.393816806376e-02 1.243806350976e-02 2.354840561748e-02 2.870603464544e-02 2.279749140143e-02 1.317651476711e-02 1.112669799477e-02
3.016347065568e-02 3.767881542444e-02 2.882854267955e-02 2.905462868512e-02 4.196883365512e-02 1.238887533545e-01 4.632580280304e-02 3.226342797279e-02 5.836777761579e-02 8.115038275719e-02 8.254934847355e-02 6.476968526840e-02 4.539952054620e-02 6.445883214474e-02 4.177055507898e-02 4.796583205462e-02 4.753159359097e-02 4.685144498944e-02 3.468597680330e-02 4.302492737770e-02 4.198549687862e-02 4.833668097854e-02 5.114897340536e-02 6.260519474745e-02 7.666993886232e-02 2.968604490161e-02 3.706843033433e-02 4.670368507504e-02 3.326892852783e-02 4.062341898680e-02 4.511948674917e-02 3.705664351583e-02 2.979018725455e-02 3.084079176188e-02 3.221777081490e-02 1.847418211401e-02 1.298252306879e-02 2.236584946513e-02 3.161678090692e-02 2.896295860410e-02 1.760450750589e-02 1.151358708739e-02 1.090106833726e-02
3.057364933193e-02 3.899462893605e-02 2.860773913562e-02 3.125064074993e-02 4.519058763981e-02 1.311563551426e-01 5.020874366164e-02 3.220016136765e-02 4.665568098426e-02 6.844326108694e-02 7.649865746498e-02 6.895805895329e-02 5.545005947351e-02 6.418056786060e-02 5.288422852755e-02 5.049047991633e-02 6.713638454676e-02 5.024522915483e-02 3.457555174828e-02 5.702972412109e-02 4.663994163275e-02 4.257048293948e-02 6.267234683037e-02 6.666884571314e-02 6.672456115484e-02 2.979842014611e-02 4.149747639894e-02 5.084682628512e-02 3.471900522709e-02 4.387454316020e-02 5.110235884786e-02 4.317506402731e-02 2.757953666151e-02 2.679727971554e-02 3.046155720949e-02 1.586825959384e-02 2.034422568977e-02 3.307545185089e-02 3.387321904302e-02 2.247054502368e-02 1.128930971026e-02 1.043976377696e-02 1.048702280968e-02
2.969522960484e-02 4.046101495624e-02 3.724076598883e-02 3.531451150775e-02 4.809734970331e-02 1.357987076044e-01 5.266252160072e-02 3.342520818114e-02 3.892215341330e-02 5.301369726658e-02 6.530007719994e-02 6.779079884291e-02 6.177784875035e-02 6.712576001883e-02 6.411736458540e-02 5.278018116951e-02 8.985967934132e-02 6.626449525356e-02 3.482037037611e-02 6.933521479368e-02 5.203371122479e-02 5.547295883298e-02 8.254455029964e-02 6.758554279804e-02 5.403120443225e-02 3.089389018714e-02 4.338574409485e-02 5.197987332940e-02 3.323154523969e-02 4.358213022351e-02 5.419858917594e-02 4.797968640924e-02 2.824056148529e-02 2.139646932483e-02 2.823558077216e-02 1.724411360919e-02 3.268295153975e-02 3.811717405915e-02 2.710261195898e-02 1.374413445592e-02 1.223398279399e-02 1.345598325133e-02 1.425744593143e-02
2.999753318727e-02 4.191849008203e-02 4.701116681099e-02 3.239972144365e-02 5.084695294499e-02 1.395602077246e-01 5.377942696214e-02 3.449735790491e-02 3.900025412440e-02 5.012138187885e-02 5.017270147800e-02 6.019803136587e-02 6.325040012598e-02 7.475388050079e-02 6.901897490025e-02 5.844918638468e-02 1.121550202370e-01 8.095195144415e-02 3.797629848123e-02 7.895075529814e-02 5.461993068457e-02 6.730978935957e-02 9.735097736120e-02 6.304953992367e-02 3.984835371375e-02 3.676999360323e-02 4.173032566905e-02 4.918268322945e-02 3.009274601936e-02 3.988515958190e-02 5.244319885969e-02 4.919975996017e-02 2.989644929767e-02 1.851202733815e-02 2.702246047556e-02 3.015441261232e-02 4.125424474478e-02 3.269386664033e-02 1.669427938759e-02 1.322884019464e-02 1.281183771789e-02 1.731769740582e-02 1.695835217834e-02
2.678850479424e-02 4.340314120054e-02 5.096033588052e-02 3.608463704586e-02 5.366789922118e-02 1.438505649567e-01 5.450532957911e-02 3.585118800402e-02 3.563626110554e-02 4.832646250725e-02 3.967018052936e-02 4.743491485715e-02 6.823836266994e-02 8.013007044792e-02 6.401033699512e-02 7.232608646154e-02 1.298794299364e-01 9.278911352158e-02 4.463321343064e-02 8.556699752808e-02 5.473145470023e-02 7.319779694080e-02 1.019660159945e-01 5.247716605663e-02 3.480634465814e-02 4.676833376288e-02 4.832277446985e-02 4.377673566341e-02 2.991038560867e-02 3.345164284110e-02 4.639595374465e-02 4.654227197170e-02 2.984406612813e-02 1.830926723778e-02 2.729705907404e-02 4.220227152109e-02 3.919965401292e-02 2.110913768411e-02 1.487817522138e-02 1.273250672966e-02 1.374621130526e-02 1.958911865950e-02 1.804677397013e-02
3.650446981192e-02 4.514484107494e-02 5.101079493761e-02 5.885833501816e-02 5.658476054668e-02 1.464312672615e-01 5.428504571319e-02 4.283382371068e-02 3.049398399889e-02 4.427460208535e-02 3.708473965526e-02 5.220852419734e-02 7.188020646572e-02 8.551057428122e-02 6.901679188013e-02 8.594401180744e-02 1.444371938705e-01 9.970009326935e-02 4.871077835560e-02 9.115792065859e-02 6.016755849123e-02 7.138007879257e-02 9.801086783409e-02 4.342541098595e-02 3.699926286936e-02 5.602914839983e-02 6.136940792203e-02 3.822608664632e-02 3.046752139926e-02 2.784685604274e-02 3.847513720393e-02 4.173215851188e-02 2.825438231230e-02 2.064227499068e-02 4.016764089465e-02 4.531800746918e-02 2.732076495886e-02 1.431602705270e-02 1.530680339783e-02 1.183161046356e-02 1.573394425213e-02 2.081036008894e-02 2.258260361850e-02
4.819649457932e-02 4.722960665822e-02 5.023184791207e-02 7.228238135576e-02 5.878903344274e-02 1.472023725510e-01 5.270688980818e-02 4.909193515778e-02 3.225882351398e-02 4.536605626345e-02 3.847115114331e-02 5.594667047262e-02 7.527235895395e-02 9.074707329273e-02 6.665247678757e-02 9.714719653130e-02 1.471817940474e-01 9.448035061359e-02 5.778498575091e-02 9.583426266909e-02 6.035139784217e-02 6.526259332895e-02 8.478153496981e-02 4.139021784067e-02 4.047198593616e-02 6.446550041437e-02 6.610551476479e-02 3.443759679794e-02 3.314117714763e-02 2.905781939626e-02 4.015408083797e-02 3.509962931275e-02 2.514045313001e-02 3.611676394939e-02 4.869364202023e-02 3.501769527793e-02 1.963604800403e-02 1.285796798766e-02 1.543009001762e-02 1.350005529821e-02 2.040192298591e-02 2.658025920391e-02 2.646955288947e-02
5.679382383823e-02 6.155553087592e-02 5.818183347583e-02 6.680767983198e-02 6.256595999002e-02 1.459921598434e-01 5.716124176979e-02 5.396007373929e-02 3.386111184955e-02 4.604027420282e-02 4.252964630723e-02 5.789666250348e-02 7.932354509830e-02 9.590594470501e-02 6.127024441957e-02 1.042677164078e-01 1.387059539557e-01 8.384316414595e-02 6.356407701969e-02 9.933242201805e-02 5.390521138906e-02 5.211058259010e-02 6.584957987070e-02 3.831038996577e-02 4.756694287062e-02 6.454177200794e-02 6.100808456540e-02 3.646046295762e-02 3.813701495528e-02 3.228454664350e-02 4.356673732400e-02 3.035916388035e-02 3.089701384306e-02 4.875365272164e-02 4.293474182487e-02 3.011558391154e-02 1.679323799908e-02 1.401483733207e-02 1.734694465995e-02 1.953221671283e-02 2.847279980779e-02 2.921241521835e-02 2.432745322585e-02
7.440013438463e-02 7.386475801468e-02 7.976730912924e-02 6.154413148761e-02 7.416091114283e-02 1.413952857256e-01 6.508627533913e-02 5.874413624406e-02 4.586401954293e-02 4.611825197935e-02 4.951884597540e-02 7.486870884895e-02 8.266692608595e-02 1.016473919153e-01 6.633815169334e-02 1.047854796052e-01 1.233477443457e-01 8.027562499046e-02 6.549452245235e-02 1.019311845303e-01 4.840783029795e-02 4.285079985857e-02 4.960231855512e-02 4.104478657246e-02 5.172386020422e-02 5.775926262140e-02 4.513849690557e-02 4.024004191160e-02 4.446469247341e-02 3.681413829327e-02 4.504108428955e-02 2.858354337513e-02 4.609302803874e-02 4.846722260118e-02 4.322333633900e-02 2.725179307163e-02 1.948191970587e-02 1.717007532716e-02 2.076338604093e-02 2.833039499819e-02 3.166292607784e-02 2.550052106380e-02 1.892400532961e-02
8.255351334810e-02 8.171236515045e-02 9.860207885504e-02 9.183891862631e-02 6.267920881510e-02 1.334312409163e-01 6.053337082267e-02 6.790614128113e-02 6.337538361549e-02 5.256379768252e-02 5.379092693329e-02 9.021876752377e-02 9.492707252502e-02 1.080060005188e-01 7.405686378479e-02 9.864953160286e-02 1.221483126283e-01 9.792611747980e-02 6.369460374117e-02 1.022969707847e-01 4.871107637882e-02 4.622410610318e-02 5.042939260602e-02 4.563549160957e-02 4.848656803370e-02 4.537947848439e-02 4.191320389509e-02 4.688885807991e-02 4.871589317918e-02 3.818705677986e-02 4.466760531068e-02 4.329695180058e-02 5.138194561005e-02 4.824812710285e-02 4.606249555945e-02 3.349668160081e-02 2.388586662710e-02 2.215477079153e-02 2.688089199364e-02 3.175164759159e-02 2.622988447547e-02 2.150606177747e-02 1.936623640358e-02
