VariationalSeries/SI/f178.grd
DSAA
101	101
32.816463539100	34.260883539100
35.556306596100	36.727886596100
4.651576455217e-05	7.633051872253e+00
[rows 19 to 37 of 101, columns 0 to 42 of 101]
1.462628599256e-02 2.981948107481e-02 3.813450410962e-02 3.885591775179e-02 3.205004706979e-02 2.539810538292e-02 1.737162284553e-02 1.970279216766e-02 2.375971712172e-02 2.857670001686e-02 3.761928901076e-02 4.493028670549e-02 4.373497143388e-02 4.742141440511e-02 4.777410626411e-02 4.632235318422e-02 4.404836148024e-02 4.228446632624e-02 4.896935075521e-02 4.408989101648e-02 4.551167786121e-02 4.910860210657e-02 5.243381857872e-02 5.020520463586e-02 4.477139934897e-02 3.788069635630e-02 3.919417038560e-02 6.274629384279e-02 7.477317005396e-02 5.626154690981e-02 5.176775902510e-02 4.760162904859e-02 5.035106837749e-02 5.034170299768e-02 5.038182809949e-02 4.878209903836e-02 3.890402615070e-02 3.399504721165e-02 3.645772114396e-02 3.504647687078e-02 5.073617398739e-02 1.251945048571e-01 5.820887163281e-02
1.143854297698e-02 2.403594553471e-02 3.241293504834e-02 3.545825555921e-02 3.152859210968e-02 3.032299503684e-02 2.778699435294e-02 1.976748369634e-02 2.636202052236e-02 3.079096600413e-02 3.278204426169e-02 4.110933840275e-02 3.643342107534e-02 4.248517379165e-02 4.591938480735e-02 4.737621173263e-02 4.727304354310e-02 4.511888325214e-02 5.696025863290e-02 4.567360877991e-02 5.360649898648e-02 6.406406313181e-02 6.901801377535e-02 6.718478351831e-02 6.297310441732e-02 4.870489984751e-02 5.193162336946e-02 5.079001933336e-02 7.857914268970e-02 5.714315921068e-02 4.886979609728e-02 4.611087217927e-02 4.489357024431e-02 4.517064988613e-02 4.279671609402e-02 5.540726706386e-02 3.702471777797e-02 3.894512355328e-02 3.988307341933e-02 4.086833447218e-02 6.284278631210e-02 1.059690192342e-01 8.675024658442e-02
8.822634816170e-03 1.778027229011e-02 2.449764311314e-02 2.819678746164e-02 2.661180123687e-02 2.317140996456e-02 2.862093038857e-02 2.827960625291e-02 3.244604170322e-02 3.870931267738e-02 4.464611038566e-02 5.883743613958e-02 7.058505713940e-02 6.461980193853e-02 4.399143159389e-02 4.240401089191e-02 4.480000957847e-02 4.683342948556e-02 8.298636972904e-02 6.669849902391e-02 5.017802864313e-02 7.790829986334e-02 8.255688846111e-02 9.036058187485e-02 7.436345517635e-02 6.584186106920e-02 6.489891558886e-02 4.022770375013e-02 7.394234091043e-02 5.270371958613e-02 4.050220921636e-02 4.218816384673e-02 4.980790615082e-02 4.106796905398e-02 4.497548565269e-02 5.862195417285e-02 4.669944569468e-02 4.132534191012e-02 4.308203607798e-02 4.630394279957e-02 7.327596843243e-02 7.588323205709e-02 1.151489168406e-01
1.186834368855e-02 2.131788618863e-02 2.066421508789e-02 2.164520509541e-02 2.528640814126e-02 3.200128674507e-02 3.737238049507e-02 4.473937302828e-02 5.434695258737e-02 6.831891089678e-02 8.698803931475e-02 1.091242060065e-01 1.226471588016e-01 1.066000834107e-01 6.702413409948e-02 4.096879437566e-02 5.653777346015e-02 7.941865175962e-02 1.004708409309e-01 8.171115815639e-02 6.447412073612e-02 8.458469063044e-02 8.999833464622e-02 1.014722809196e-01 7.396170496941e-02 7.498336583376e-02 7.708583027124e-02 4.834636673331e-02 6.039054691792e-02 4.366979375482e-02 4.140941798687e-02 4.101184010506e-02 5.166151002049e-02 5.248971655965e-02 5.223872140050e-02 4.975590854883e-02 6.567148119211e-02 4.592412710190e-02 4.630693793297e-02 5.084473267198e-02 8.167894929647e-02 7.082636654377e-02 1.337142437696e-01
1.152378413826e-02 2.376738376915e-02 2.579682879150e-02 2.471418306231e-02 3.169649466872e-02 4.305405169725e-02 4.719681665301e-02 4.991775751114e-02 5.531823262572e-02 6.403974443674e-02 7.732762396336e-02 8.821656554937e-02 9.036099910736e-02 7.732051610947e-02 5.666531622410e-02 5.041509494185e-02 5.501114577055e-02 7.415913045406e-02 9.880524873734e-02 6.273899972439e-02 6.042701005936e-02 8.528529852629e-02 8.986816555262e-02 9.730044752359e-02 7.762250304222e-02 7.474022358656e-02 8.689963072538e-02 7.415738701820e-02 7.488369196653e-02 6.381795555353e-02 5.516194552183e-02 8.131171762943e-02 7.597615569830e-02 5.665813758969e-02 5.520512163639e-02 5.517104268074e-02 7.280571013689e-02 5.335990339518e-02 5.059947073460e-02 5.367948487401e-02 8.638746291399e-02 7.180491089821e-02 1.365785598755e-01
2.295168489218e-02 3.963096439838e-02 2.579586766660e-02 2.583394013345e-02 2.912632748485e-02 3.747011348605e-02 4.242094978690e-02 4.198901727796e-02 4.175762832165e-02 4.346302151680e-02 4.595148563385e-02 4.867808148265e-02 4.638860374689e-02 5.108821019530e-02 5.171502381563e-02 4.631663486362e-02 4.617730528116e-02 8.504799008369e-02 9.728527814150e-02 5.166431143880e-02 5.221443995833e-02 7.895942032337e-02 8.527377247810e-02 8.290953189135e-02 7.561887800694e-02 6.838379055262e-02 9.355874359608e-02 8.201684802771e-02 6.840451806784e-02 6.619612872601e-02 6.498342007399e-02 1.046504452825e-01 1.557549983263e-01 1.482790410519e-01 1.342105865479e-01 1.280604153872e-01 1.330081522465e-01 8.202843368053e-02 6.956181675196e-02 5.746620893478e-02 8.837930858135e-02 6.935296952724e-02 1.208899989724e-01
4.255219548941e-02 9.016077220440e-02 9.286841005087e-02 8.144313842058e-02 5.088187009096e-02 2.931985817850e-02 2.836880274117e-02 2.974406816065e-02 3.233132883906e-02 4.180035740137e-02 5.012236163020e-02 5.602946877480e-02 5.784549191594e-02 5.545660853386e-02 5.060093104839e-02 5.245762318373e-02 5.519705265760e-02 8.286073058844e-02 8.166664838791e-02 4.805941134691e-02 5.208405107260e-02 6.441342085600e-02 7.372891902924e-02 6.871706992388e-02 7.779329270124e-02 7.502247393131e-02 9.708512574434e-02 1.032260134816e-01 1.097588613629e-01 9.825279563665e-02 7.410590350628e-02 6.224159896374e-02 1.261397898197e-01 1.377641260624e-01 1.518504619598e-01 1.836515516043e-01 2.294793426991e-01 1.399178057909e-01 1.027045100927e-01 8.721327781677e-02 8.679060637951e-02 6.469500809908e-02 9.048377722502e-02
4.545172676444e-02 9.799736738205e-02 1.131053715944e-01 1.335252821445e-01 1.462059319019e-01 1.268727034330e-01 7.113496959209e-02 3.889969363809e-02 5.306223034859e-02 6.196966022253e-02 6.365961581469e-02 6.021779775620e-02 5.636784434319e-02 7.593051344156e-02 8.367931097746e-02 8.309897035360e-02 8.182223141193e-02 7.960636913776e-02 7.863800227642e-02 7.595781981945e-02 7.424554228783e-02 7.424330711365e-02 7.202133536339e-02 9.024778753519e-02 1.086527407169e-01 9.397644549608e-02 1.062242835760e-01 1.363862901926e-01 1.378874033689e-01 1.224818676710e-01 9.145189821720e-02 6.709625571966e-02 7.383602857590e-02 1.162002310157e-01 1.732042580843e-01 1.524739861488e-01 1.551982462406e-01 1.174434646964e-01 1.252131015062e-01 1.275290697813e-01 1.037565320730e-01 6.671136617661e-02 8.051757514477e-02
2.918586134911e-02 6.440558284521e-02 7.491137832403e-02 9.196319431067e-02 1.196805015206e-01 1.573821306229e-01 1.778760999441e-01 1.383748650551e-01 7.228332757950e-02 6.700264662504e-02 5.965410917997e-02 7.696158438921e-02 9.077235311270e-02 9.455574303865e-02 8.987376093864e-02 8.982466161251e-02 8.891815692186e-02 8.625732362270e-02 9.035816043615e-02 9.118396788836e-02 9.371500462294e-02 1.018239036202e-01 9.627094119787e-02 8.864762634039e-02 8.567341417074e-02 1.105580627918e-01 1.059435382485e-01 1.308331638575e-01 1.438993215561e-01 1.291595697403e-01 9.651723504066e-02 1.046338155866e-01 1.349944323301e-01 1.806714832783e-01 2.154898196459e-01 1.560008376837e-01 1.088185310364e-01 9.085708856583e-02 1.123335063457e-01 1.440156400204e-01 1.572793275118e-01 1.068527773023e-01 8.031174540520e-02
2.006915025413e-02 3.940505534410e-02 4.915065318346e-02 4.525968804955e-02 5.209246650338e-02 7.797880470753e-02 1.219416409731e-01 1.654227226973e-01 1.650096029043e-01 1.135532185435e-01 8.606976270676e-02 9.087718278170e-02 9.212347865105e-02 8.799570798874e-02 8.650143444538e-02 8.506477624178e-02 8.065195381641e-02 8.652599155903e-02 8.876848965883e-02 9.205615520477e-02 9.756039083004e-02 9.414637088776e-02 9.046682715416e-02 8.930132538080e-02 8.782601356506e-02 8.638083189726e-02 9.099037945271e-02 1.013898551464e-01 1.220289096236e-01 1.269468665123e-01 9.947375208139e-02 1.213204041123e-01 1.461741328239e-01 1.660618931055e-01 1.608223915100e-01 1.007159501314e-01 1.062710508704e-01 1.223694384098e-01 1.320626288652e-01 1.186627373099e-01 1.761052608490e-01 1.791228502989e-01 1.002864539623e-01
2.328691445291e-02 4.584003239870e-02 4.549360647798e-02 5.586677044630e-02 4.585671424866e-02 3.968205675483e-02 4.671100154519e-02 8.592022955418e-02 1.379152536392e-01 1.602796018124e-01 1.305899918079e-01 8.693000674248e-02 8.261293917894e-02 8.079139143229e-02 7.558574527502e-02 7.342207431793e-02 7.576665282249e-02 8.237615227699e-02 8.011595904827e-02 7.997664064169e-02 7.218720018864e-02 5.921299010515e-02 7.503377646208e-02 6.659139692783e-02 1.007955148816e-01 8.992283791304e-02 1.029541864991e-01 1.132243052125e-01 9.464375674725e-02 1.021436229348e-01 1.134572401643e-01 1.221571341157e-01 1.054589301348e-01 1.300568133593e-01 9.639065712690e-02 8.257961273193e-02 1.072496101260e-01 1.479424983263e-01 1.771918237209e-01 1.677571833134e-01 1.425373852253e-01 2.214341312647e-01 1.667426824570e-01
3.008003160357e-02 5.782693251967e-02 5.377768725157e-02 5.522411316633e-02 6.157077848911e-02 4.623177275062e-02 6.426575034857e-02 7.808880507946e-02 8.634647727013e-02 1.206683889031e-01 1.554059088230e-01 1.408989578485e-01 8.624194562435e-02 6.936835497618e-02 6.825387477875e-02 6.984604895115e-02 7.230437546968e-02 7.142822444439e-02 7.546249777079e-02 7.412211596966e-02 6.463912874460e-02 5.370012298226e-02 5.749462172389e-02 9.190336614847e-02 1.370814740658e-01 1.846117228270e-01 2.217805087566e-01 1.805239170790e-01 1.216765865684e-01 1.137177720666e-01 1.399039477110e-01 9.847826510668e-02 7.356116920710e-02 1.619790494442e-01 6.753437221050e-02 9.585195034742e-02 8.879977464676e-02 1.243990659714e-01 1.810260266066e-01 1.947465538979e-01 1.675924956799e-01 1.865158081055e-01 2.529964745045e-01
2.733290381730e-02 5.974305793643e-02 6.315518915653e-02 6.171225383878e-02 6.511475145817e-02 6.600099802017e-02 7.914562523365e-02 8.320455998182e-02 8.263564109802e-02 7.809535413980e-02 1.080191731453e-01 1.539705693722e-01 1.502706408501e-01 1.036658063531e-01 6.548888981342e-02 6.536290049553e-02 6.301897764206e-02 5.764960125089e-02 7.717882841825e-02 8.033685386181e-02 8.127049356699e-02 6.775401532650e-02 6.212236732244e-02 1.137974262238e-01 1.931416988373e-01 2.847850322723e-01 3.342253565788e-01 3.194869458675e-01 2.080587148666e-01 1.312429904938e-01 1.507772654295e-01 1.267154365778e-01 1.179158911109e-01 1.978633701801e-01 1.021614894271e-01 1.971967965364e-01 1.427576094866e-01 1.021513193846e-01 1.383374482393e-01 1.989463418722e-01 2.039743512869e-01 1.723285615444e-01 2.714248299599e-01
3.360829502344e-02 6.842233985662e-02 6.920713931322e-02 6.720338761806e-02 6.970914453268e-02 7.902987301350e-02 7.962597906590e-02 8.049441128969e-02 7.400073111057e-02 6.820809841156e-02 6.594757735729e-02 9.294651448727e-02 1.493287980556e-01 1.573921442032e-01 1.192587912083e-01 5.655952543020e-02 5.259459093213e-02 5.892282351851e-02 6.858357042074e-02 1.094071865082e-01 9.891100227833e-02 9.064242243767e-02 8.318142592907e-02 1.135666221380e-01 1.975011974573e-01 2.817857265472e-01 3.835982382298e-01 4.494655430317e-01 3.748724758625e-01 1.811150908470e-01 1.635936200619e-01 1.775207668543e-01 1.693132519722e-01 2.340203523636e-01 1.301621943712e-01 2.638453841209e-01 2.186074256897e-01 1.438518911600e-01 1.319527029991e-01 1.911991089582e-01 4.093504250050e-01 2.078088521957e-01 2.213500440121e-01
4.417558386922e-02 8.313434571028e-02 7.715149223804e-02 8.235492557287e-02 8.739744126797e-02 9.233269840479e-02 9.802882373333e-02 1.019454076886e-01 1.041702255607e-01 1.045226603746e-01 1.013897880912e-01 9.779318422079e-02 9.364552795887e-02 1.379629373550e-01 1.601406633854e-01 1.333960443735e-01 6.678625196218e-02 6.033055856824e-02 6.634846329689e-02 1.045431196690e-01 1.107965409756e-01 9.976612031460e-02 9.193821996450e-02 9.736844897270e-02 1.635294556618e-01 2.433018684387e-01 3.767187893391e-01 5.262140035629e-01 4.970302283764e-01 3.025205135345e-01 2.349064797163e-01 2.961603403091e-01 3.179511129856e-01 2.933919727802e-01 2.429736107588e-01 2.844020724297e-01 2.708545327187e-01 2.091031521559e-01 2.377972900867e-01 2.133847624063e-01 5.848654508591e-01 4.781921803951e-01 1.294065415859e-01
4.524704068899e-02 9.402741491795e-02 9.386997669935e-02 9.102134406567e-02 8.024292439222e-02 7.237789779902e-02 6.867945939302e-02 7.592677325010e-02 8.407939225435e-02 9.369032084942e-02 1.043947562575e-01 1.168518438935e-01 1.286997795105e-01 2.038431614637e-01 2.087351232767e-01 1.584927439690e-01 1.494231224060e-01 1.422788500786e-01 1.325845420361e-01 1.215974316001e-01 1.097151637077e-01 9.505210071802e-02 1.036244407296e-01 1.012760400772e-01 1.118100434542e-01 1.841808110476e-01 2.714004516602e-01 4.292324185371e-01 5.452507138252e-01 3.774517476559e-01 1.786941289902e-01 1.854447871447e-01 2.724707722664e-01 3.617462515831e-01 4.017787277699e-01 3.725464344025e-01 2.687653005123e-01 2.264115363359e-01 1.708286106586e-01 2.447091937065e-01 6.104504466057e-01 7.330877780914e-01 1.971945166588e-01
3.839619457722e-02 7.743029296398e-02 8.078756928444e-02 8.805599063635e-02 9.245326370001e-02 8.934712409973e-02 7.501392811537e-02 6.523866206408e-02 6.559912115335e-02 6.557298451662e-02 6.519617885351e-02 6.378241628408e-02 6.176217645407e-02 7.835112512112e-02 1.175741627812e-01 1.287706196308e-01 1.543456912041e-01 1.491003036499e-01 1.216479167342e-01 1.346062570810e-01 1.424148827791e-01 1.470213681459e-01 1.525166332722e-01 1.593135595322e-01 1.532025039196e-01 1.224423497915e-01 1.830500662327e-01 3.253000676632e-01 4.593083262444e-01 3.369798064232e-01 1.686348468065e-01 1.186545491219e-01 1.053524911404e-01 1.760398000479e-01 2.125089168549e-01 3.455128669739e-01 4.386855959892e-01 4.055161178112e-01 2.523493766785e-01 2.755106091499e-01 3.920871913433e-01 8.697885274887e-01 3.162594735622e-01
3.107849322259e-02 6.009422987700e-02 5.986852198839e-02 5.733973160386e-02 5.855441465974e-02 6.551962345839e-02 6.844701617956e-02 6.737221777439e-02 5.729185044765e-02 6.200905516744e-02 6.737632304430e-02 7.281508296728e-02 7.782852649689e-02 8.284293115139e-02 8.795485645533e-02 9.237947314978e-02 9.622808545828e-02 1.448494046926e-01 1.543618142605e-01 1.998018622398e-01 1.566010117531e-01 1.289320886135e-01 1.231522783637e-01 1.197911724448e-01 1.202751994133e-01 1.364685297012e-01 1.819421499968e-01 2.084497213364e-01 2.937523126602e-01 2.394014149904e-01 1.211538910866e-01 1.430998444557e-01 1.067535355687e-01 1.412666141987e-01 1.660524010658e-01 2.009091228247e-01 2.027062028646e-01 3.404672741890e-01 4.811358749866e-01 3.899601101875e-01 3.478623032570e-01 7.122966647148e-01 6.425735950470e-01
1.960555836558e-02 3.950933367014e-02 3.889780864120e-02 3.800596669316e-02 4.292889311910e-02 5.048732832074e-02 5.530850216746e-02 5.800069868565e-02 5.892495438457e-02 5.430091172457e-02 5.057842656970e-02 5.311804637313e-02 5.617158114910e-02 5.668675526977e-02 5.747463926673e-02 7.665181905031e-02 8.532791584730e-02 1.143117547035e-01 2.162560224533e-01 2.264924496412e-01 2.006381899118e-01 1.712385565042e-01 2.003642022610e-01 2.398449778557e-01 1.688694357872e-01 1.934338361025e-01 1.884277164936e-01 1.751798093319e-01 1.825968474150e-01 2.410998344421e-01 2.264344692230e-01 1.415037661791e-01 1.472052335739e-01 1.549632251263e-01 1.677014976740e-01 1.746057271957e-01 1.806606501341e-01 2.326244860888e-01 3.404984772205e-01 3.970100581646e-01 4.742439687252e-01 6.371318101883e-01 5.269317626953e-01
