VariationalSeries/SI/f178.grd
DSAA
101	101
32.816463539100	34.260883539100
35.556306596100	36.727886596100
4.651576455217e-05	7.633051872253e+00
[rows 57 to 75 of 101, columns 0 to 42 of 101]
2.575086196885e-03 4.229948855937e-03 4.589802585542e-03 4.594618920237e-03 4.869994707406e-03 5.954944062978e-03 6.666932720691e-03 7.309250999242e-03 7.909554056823e-03 8.083296008408e-03 7.776994258165e-03 1.088795904070e-02 1.865190826356e-02 1.019526179880e-02 7.429518271238e-03 1.119896396995e-02 1.003097929060e-02 1.120764762163e-02 1.354653388262e-02 1.414446718991e-02 1.456168200821e-02 1.086777634919e-02 7.571358233690e-03 6.657378748059e-03 7.220022846013e-03 1.000001840293e-02 1.598138920963e-02 1.982440054417e-02 1.550019253045e-02 9.044975973666e-03 7.071968633682e-03 5.574516486377e-03 5.840655881912e-03 7.002736441791e-03 8.302482776344e-03 1.065991912037e-02 1.228301227093e-02 1.324354857206e-02 2.187776565552e-02 2.865880168974e-02 2.456400357187e-02 2.176795527339e-02 2.454107254744e-02
3.253690199926e-03 5.325985141098e-03 6.084508262575e-03 6.175232119858e-03 6.107496097684e-03 5.940212868154e-03 5.932556465268e-03 6.212397012860e-03 6.470806431025e-03 1.053079683334e-02 3.416588157415e-02 3.956042602658e-02 1.477982290089e-02 7.651314605027e-03 7.683058734983e-03 7.181727327406e-03 7.756582461298e-03 7.726489566267e-03 8.794274181128e-03 1.115095615387e-02 1.351310964674e-02 1.443965453655e-02 1.009410712868e-02 6.358927581459e-03 7.321775425225e-03 1.117115374655e-02 1.687260344625e-02 1.807696558535e-02 1.833390444517e-02 1.165529433638e-02 7.018356584013e-03 6.371965631843e-03 6.109307520092e-03 7.295332849026e-03 8.614389225841e-03 8.917433209717e-03 9.166700765491e-03 9.579193778336e-03 9.670376777649e-03 1.043602079153e-02 1.255865395069e-02 1.717012934387e-02 1.976540684700e-02
4.353988450021e-03 7.158642169088e-03 8.283032104373e-03 1.179641019553e-02 1.515501737595e-02 1.924118027091e-02 2.532508224249e-02 3.694429993629e-02 6.779563426971e-02 9.572812169790e-02 6.366381049156e-02 1.620379835367e-02 1.094518695027e-02 9.575855918229e-03 6.963434163481e-03 7.321345154196e-03 7.738668937236e-03 7.614999543875e-03 7.253864314407e-03 7.734056096524e-03 1.304286811501e-02 1.478585135192e-02 1.048388052732e-02 6.023013498634e-03 4.732538480312e-03 7.299134042114e-03 1.035116240382e-02 1.064731460065e-02 1.117430906743e-02 9.083567187190e-03 6.330289877951e-03 6.657854653895e-03 6.301577202976e-03 7.071820553392e-03 8.534916676581e-03 8.845132775605e-03 8.427486754954e-03 7.725462317467e-03 7.155381143093e-03 8.008179254830e-03 1.020245440304e-02 1.308422069997e-02 1.726442947984e-02
4.255381878465e-03 7.647193968296e-03 1.335618179291e-02 1.910052821040e-02 2.419069036841e-02 3.204680979252e-02 4.664566367865e-02 6.967755407095e-02 7.003166526556e-02 3.239266574383e-02 7.816375233233e-03 9.115042164922e-03 9.914194233716e-03 8.809499442577e-03 7.905252277851e-03 8.298238739371e-03 8.314738050103e-03 7.977353408933e-03 6.201550830156e-03 6.047512404621e-03 9.393915534019e-03 1.048420555890e-02 7.779042702168e-03 4.863355308771e-03 3.733790712431e-03 4.032483790070e-03 5.407725926489e-03 6.688554771245e-03 7.881070487201e-03 6.808711215854e-03 6.228362210095e-03 5.820074118674e-03 6.211322266608e-03 6.879146210849e-03 8.255381137133e-03 8.461467921734e-03 7.656109519303e-03 6.552015431225e-03 6.029130890965e-03 6.701804697514e-03 9.875705465674e-03 1.243595127016e-02 1.579225435853e-02
2.577750710770e-03 4.493725020438e-03 5.493930540979e-03 5.782940890640e-03 5.792940501124e-03 5.766600370407e-03 5.714819300920e-03 5.590780172497e-03 5.482028238475e-03 5.359464790672e-03 5.027017090470e-03 5.299772135913e-03 5.806203000247e-03 7.429051678628e-03 8.354756049812e-03 8.725704625249e-03 8.397317491472e-03 7.449544966221e-03 5.501412320882e-03 4.377455916256e-03 5.256443284452e-03 5.457083694637e-03 4.304310772568e-03 3.189047100022e-03 2.807014156133e-03 3.082405077294e-03 3.957064822316e-03 4.758168477565e-03 5.661946255714e-03 6.095749326050e-03 5.768927745521e-03 5.154421087354e-03 5.972672719508e-03 7.230154704303e-03 8.629547432065e-03 8.349006995559e-03 6.932061631233e-03 5.492708180100e-03 6.111114285886e-03 6.843138020486e-03 1.019973587245e-02 1.266448944807e-02 1.488621439785e-02
1.210297690704e-03 2.256172476336e-03 2.926492830738e-03 3.232507733628e-03 3.351358231157e-03 3.448549890891e-03 3.541328245774e-03 3.609374631196e-03 3.716072998941e-03 3.822925500572e-03 3.745540510863e-03 3.520682454109e-03 3.593154018745e-03 4.770591855049e-03 5.612331908196e-03 5.908048246056e-03 5.375465843827e-03 4.782899282873e-03 4.039498511702e-03 3.422564128414e-03 2.799464622512e-03 2.614114899188e-03 2.157011535019e-03 2.396724885330e-03 2.827399177477e-03 2.973283175379e-03 3.281668759882e-03 3.954112529755e-03 4.793025087565e-03 5.243640858680e-03 5.165970418602e-03 4.877578467131e-03 5.967034026980e-03 8.012581616640e-03 9.310387074947e-03 8.402822539210e-03 6.298476830125e-03 5.409161560237e-03 6.264525465667e-03 7.370669860393e-03 9.898426942527e-03 1.112134009600e-02 1.283381786197e-02
8.331178687513e-04 1.403367496096e-03 1.743002911098e-03 1.983695896342e-03 2.134349429980e-03 2.265747170895e-03 2.391769317910e-03 2.497057197616e-03 2.623024163768e-03 2.751990221441e-03 2.769043669105e-03 2.680095145479e-03 2.578184707090e-03 2.486889949068e-03 2.509285463020e-03 2.846305724233e-03 3.001891542226e-03 2.961310092360e-03 2.717265160754e-03 2.594850026071e-03 2.230051439255e-03 2.092307899147e-03 1.844742451794e-03 2.441416261718e-03 3.009974956512e-03 3.297230694443e-03 3.278223797679e-03 3.247855463997e-03 3.959302324802e-03 4.403230268508e-03 4.509123042226e-03 4.481598734856e-03 6.060535553843e-03 8.480947464705e-03 9.356750175357e-03 7.806508336216e-03 5.513497628272e-03 5.439382046461e-03 6.551090162247e-03 7.357046473771e-03 8.505427278578e-03 9.790263138711e-03 1.005704421550e-02
6.739566451870e-04 1.148145995103e-03 1.447558868676e-03 1.592094427906e-03 1.695086713880e-03 1.782399252988e-03 1.846470404416e-03 1.858524046838e-03 1.921634771861e-03 1.995747908950e-03 2.011555014178e-03 1.978085376322e-03 1.944643212482e-03 1.900315051898e-03 1.973535167053e-03 2.267862902954e-03 2.410653978586e-03 2.378553384915e-03 2.199495909736e-03 2.052358351648e-03 2.167008584365e-03 2.104174578562e-03 1.832680194639e-03 2.437269780785e-03 3.075757995248e-03 3.465989837423e-03 3.511774353683e-03 3.400710877031e-03 3.486353904009e-03 3.820446319878e-03 3.978131338954e-03 4.186933394521e-03 6.030419375747e-03 8.299225941300e-03 8.543452247977e-03 6.715892348439e-03 5.109266843647e-03 5.630128551275e-03 6.861409638077e-03 7.247769739479e-03 7.541046012193e-03 8.157171308994e-03 7.491060532629e-03
6.469840882346e-04 1.036556786858e-03 1.315062283538e-03 1.443439861760e-03 1.498457160778e-03 1.545637263916e-03 1.562157296576e-03 1.540605793707e-03 1.547676743940e-03 1.567343482748e-03 1.579240430146e-03 1.639229711145e-03 1.686571747996e-03 1.724936533719e-03 1.770560164005e-03 1.841930905357e-03 1.969411037862e-03 1.993921352550e-03 2.012956188992e-03 1.934564555995e-03 1.990844029933e-03 2.081171609461e-03 1.847464591265e-03 2.308755181730e-03 2.918108832091e-03 3.323470940813e-03 3.394275903702e-03 3.324565943331e-03 3.506718436256e-03 3.607744583860e-03 3.674841718748e-03 3.917227033526e-03 5.658382084221e-03 7.452206220478e-03 7.237061858177e-03 5.771621596068e-03 5.013220012188e-03 6.036923732609e-03 6.947261746973e-03 6.779748946428e-03 6.562148220837e-03 6.617558188736e-03 6.104592233896e-03
6.061177118681e-04 9.623199002817e-04 1.207621069625e-03 1.316326670349e-03 1.362589537166e-03 1.396561390720e-03 1.399919856340e-03 1.368969446048e-03 1.372610451654e-03 1.475995755754e-03 1.564990496263e-03 1.645171083510e-03 1.716050086543e-03 1.775557757355e-03 1.829490996897e-03 1.881709555164e-03 1.920249662362e-03 1.926168217324e-03 1.887819613330e-03 1.839426462539e-03 1.843625912443e-03 2.008688868955e-03 1.898674177937e-03 2.094303723425e-03 2.610830124468e-03 2.969688735902e-03 3.439419437200e-03 3.754058154300e-03 3.767572110519e-03 3.644846146926e-03 3.562695113942e-03 3.648067591712e-03 4.974837414920e-03 6.210460793227e-03 5.946339573711e-03 5.149213131517e-03 5.415368825197e-03 6.144103128463e-03 6.570985075086e-03 5.959857255220e-03 5.499244667590e-03 5.226516630501e-03 5.223579704762e-03
5.590979126282e-04 8.861829410307e-04 1.110289245844e-03 1.214046380483e-03 1.257649739273e-03 1.276155700907e-03 1.266313833185e-03 1.262706005946e-03 1.286862767301e-03 1.397100393660e-03 1.496359589510e-03 1.589353661984e-03 1.674744999036e-03 1.746251364239e-03 1.801621168852e-03 1.837523304857e-03 1.841965713538e-03 1.994482008740e-03 2.036525402218e-03 1.889910548925e-03 1.724476576783e-03 1.843274687417e-03 1.881062635221e-03 1.882128883153e-03 2.297104336321e-03 2.594852354378e-03 3.137974534184e-03 3.645716467872e-03 3.765169531107e-03 3.640845417976e-03 3.492032410577e-03 3.443313529715e-03 3.972126170993e-03 4.819881636649e-03 4.729895386845e-03 4.370180889964e-03 4.684639628977e-03 5.207720678300e-03 5.386427044868e-03 4.686628468335e-03 4.310035146773e-03 3.995619248599e-03 3.939522895962e-03
5.194895784371e-04 8.247586665675e-04 1.037509529851e-03 1.140798791312e-03 1.178405247629e-03 1.180396764539e-03 1.161123509519e-03 1.167565351352e-03 1.214270363562e-03 1.261179219000e-03 1.360556227155e-03 1.457024947740e-03 1.546311425045e-03 1.621475908905e-03 1.675804960541e-03 1.746647059917e-03 1.918855821714e-03 2.159804571420e-03 2.266363007948e-03 2.204953692853e-03 2.018159488216e-03 1.795176882297e-03 1.845707884058e-03 1.868783612736e-03 2.046406269073e-03 2.285565482453e-03 2.355694770813e-03 2.838191343471e-03 3.210937837139e-03 3.323892829940e-03 3.282901830971e-03 3.317432478070e-03 3.420499153435e-03 3.550579771399e-03 3.509812057018e-03 3.393607679754e-03 3.594672540203e-03 4.180253949016e-03 4.449618048966e-03 3.656849265099e-03 3.270644228905e-03 2.920931205153e-03 3.207759233192e-03
4.908338305540e-04 7.815532735549e-04 9.869749192148e-04 1.084855990484e-03 1.110719400458e-03 1.101463218220e-03 1.082042581402e-03 1.079076319002e-03 1.116472296417e-03 1.164205954410e-03 1.182686071843e-03 1.276333350688e-03 1.362419803627e-03 1.436188700609e-03 1.500820042565e-03 1.669811550528e-03 1.951890531927e-03 2.226964337751e-03 2.413479611278e-03 2.469661412761e-03 2.402066253126e-03 2.258936641738e-03 2.086465945467e-03 1.927768113092e-03 1.853426103480e-03 2.049256581813e-03 2.088447567075e-03 2.000927459449e-03 2.435561036691e-03 2.794910920784e-03 3.032198175788e-03 3.207625122741e-03 3.315386595204e-03 3.222735133022e-03 2.880467800424e-03 2.812309889123e-03 3.164291149005e-03 3.965064883232e-03 4.596664104611e-03 4.128380678594e-03 3.038335125893e-03 2.715910319239e-03 3.087593708187e-03
4.804682394024e-04 7.638373645023e-04 9.609828121029e-04 1.047365367413e-03 1.060747541487e-03 1.045397133566e-03 1.038980670273e-03 1.052957144566e-03 1.045119715855e-03 1.055216998793e-03 1.082337577827e-03 1.196282450110e-03 1.315959030762e-03 1.440123538487e-03 1.550002722070e-03 1.707431743853e-03 1.985060982406e-03 2.266329247504e-03 2.519458765164e-03 2.676273696125e-03 2.703225007281e-03 2.636416349560e-03 2.522601513192e-03 2.406532177702e-03 2.338479505852e-03 2.294660080224e-03 2.210522070527e-03 2.084284322336e-03 2.411786466837e-03 2.705481601879e-03 2.924821106717e-03 3.125239629298e-03 3.231975482777e-03 3.019741736352e-03 2.874293131754e-03 2.949161920696e-03 3.187875729054e-03 3.830061061308e-03 4.426162224263e-03 4.014311358333e-03 3.101030131802e-03 2.704729558900e-03 3.077893517911e-03
4.885824164376e-04 7.727094343863e-04 9.634371381253e-04 1.039029564708e-03 1.043195603415e-03 1.021735253744e-03 1.022813958116e-03 1.026800135151e-03 1.049301354215e-03 1.054879277945e-03 1.120740082115e-03 1.233526272699e-03 1.343822805211e-03 1.448869006708e-03 1.533844973892e-03 1.757876016200e-03 2.072338480502e-03 2.369837835431e-03 2.657442586496e-03 2.866040915251e-03 2.934155520052e-03 2.890603384003e-03 2.783542498946e-03 2.650428796187e-03 2.540914574638e-03 2.432324457914e-03 2.250344958156e-03 2.059061545879e-03 2.363085281104e-03 2.618835074827e-03 2.838370157406e-03 3.050363855436e-03 3.121291520074e-03 2.868972020224e-03 2.914676442742e-03 3.006844315678e-03 3.259878139943e-03 3.711593803018e-03 3.997896332294e-03 3.515414893627e-03 2.881045918912e-03 2.511723898351e-03 2.856894629076e-03
5.012287292629e-04 7.902723737061e-04 9.780330583453e-04 1.047245692462e-03 1.045991317369e-03 1.039811759256e-03 1.083832117729e-03 1.114548300393e-03 1.132007688284e-03 1.134696649387e-03 1.124681788497e-03 1.185569330119e-03 1.310548163019e-03 1.466366811655e-03 1.516826334409e-03 1.722530345432e-03 2.120711375028e-03 2.464355435222e-03 2.736821305007e-03 2.908346708864e-03 2.946449909359e-03 2.867187606171e-03 2.718823961914e-03 2.544914605096e-03 2.381838625297e-03 2.217608736828e-03 1.985495677218e-03 2.057246398181e-03 2.318428829312e-03 2.548839431256e-03 2.758591435850e-03 2.933826763183e-03 2.935219090432e-03 2.704902784899e-03 2.968758577481e-03 3.706315299496e-03 3.506480949000e-03 3.682239446789e-03 3.546762745827e-03 3.004780272022e-03 2.607300179079e-03 2.285365480930e-03 2.592969685793e-03
4.941744846292e-04 7.766153430566e-04 9.554759017192e-04 1.019361312501e-03 1.017675036564e-03 1.044040778652e-03 1.072456012480e-03 1.086325151846e-03 1.089913304895e-03 1.083397422917e-03 1.085115945898e-03 1.217988668941e-03 1.417479244992e-03 1.587567268871e-03 1.638464862481e-03 1.602918724529e-03 2.027729991823e-03 2.379108453169e-03 2.577258506790e-03 2.646965440363e-03 2.609886694700e-03 2.468237420544e-03 2.279656240717e-03 2.116087591276e-03 1.983559224755e-03 1.841079443693e-03 1.848453655839e-03 2.040756167844e-03 2.271653385833e-03 2.478813054040e-03 2.659490797669e-03 2.759734168649e-03 2.682830905542e-03 2.594087040052e-03 3.096430562437e-03 3.311243606731e-03 3.385654883459e-03 3.699463559315e-03 3.586694132537e-03 2.939978381619e-03 2.537449588999e-03 2.332277363166e-03 2.518109511584e-03
4.524117975961e-04 7.064534584060e-04 8.639988955110e-04 9.194876183756e-04 9.753513149917e-04 1.017776085064e-03 9.994996944442e-04 9.568590321578e-04 9.456452680752e-04 1.012218650430e-03 1.105412608013e-03 1.278117299080e-03 1.510963658802e-03 1.687165000476e-03 1.736428239383e-03 1.707462826744e-03 1.856360002421e-03 2.155170543119e-03 2.266943920404e-03 2.241990063339e-03 2.130245091394e-03 1.932838815264e-03 1.856159884483e-03 2.197878202423e-03 2.228849334642e-03 2.136527094990e-03 2.092845737934e-03 2.100604586303e-03 2.209111815318e-03 2.389454515651e-03 2.515304833651e-03 2.519102999941e-03 2.365330699831e-03 2.395974704996e-03 2.821922767907e-03 4.016305785626e-03 3.442312125117e-03 4.826956428587e-03 4.282578360289e-03 3.604698693380e-03 3.055684501305e-03 2.515649655834e-03 2.836875151843e-03
4.683069710154e-04 6.903177127242e-04 8.471616310999e-04 9.787207236513e-04 1.078354776837e-03 1.101915608160e-03 1.069940975867e-03 1.009662053548e-03 9.394103544764e-04 1.021839329042e-03 1.132627134211e-03 1.341999159195e-03 1.599595765583e-03 1.779030659236e-03 1.827526837587e-03 1.798976794817e-03 1.704212627374e-03 1.962640555575e-03 2.038035308942e-03 2.149501349777e-03 2.919351914898e-03 2.676091855392e-03 2.015258185565e-03 2.292406279594e-03 2.225500764325e-03 2.050077309832e-03 1.946798409335e-03 1.948540797457e-03 2.133884234354e-03 2.273018704727e-03 2.321195090190e-03 2.229947131127e-03 2.026716480032e-03 2.152540255338e-03 2.387885469943e-03 3.570566186681e-03 4.475436639041e-03 7.011620327830e-03 6.484460551292e-03 4.270652774721e-03 3.252180526033e-03 2.994793234393e-03 3.689437406138e-03
