VariationalSeries/SI/f181.grd
DSAA
101	101
32.816463539100	34.260883539100
35.556306596100	36.727886596100
5.690197576769e-05	9.196815490723e+00
[rows 38 to 56 of 101, columns 0 to 42 of 101]
2.220226638019e-02 4.684916138649e-02 5.067414417863e-02 5.279385298491e-02 6.244370713830e-02 7.651369273663e-02 8.833444118500e-02 1.007197797298e-01 1.106507629156e-01 1.010440662503e-01 8.291774988174e-02 6.766298413277e-02 6.680908054113e-02 6.581151485443e-02 6.986743956804e-02 7.841365039349e-02 8.895744383335e-02 1.650848537683e-01 2.676165699959e-01 2.873594462872e-01 2.317755818367e-01 1.960612982512e-01 1.306741833687e-01 1.527283936739e-01 3.035552501678e-01 3.940589129925e-01 3.793308436871e-01 2.711425423622e-01 1.947922259569e-01 2.162841260433e-01 2.289850413799e-01 2.790792882442e-01 3.829838335514e-01 3.786269426346e-01 3.553166687489e-01 2.117101699114e-01 2.890560626984e-01 3.249163627625e-01 3.223495185375e-01 4.949656724930e-01 5.404934883118e-01 8.030202388763e-01 6.493586301804e-01
3.256811946630e-02 5.798588693142e-02 4.863163456321e-02 4.783949255943e-02 6.817167252302e-02 8.283431828022e-02 1.087231561542e-01 1.366710215807e-01 1.523540467024e-01 1.426617801189e-01 1.036907434464e-01 8.114754408598e-02 6.989959627390e-02 7.121104747057e-02 7.640586048365e-02 8.257524669170e-02 8.798818290234e-02 9.272643923759e-02 1.456515192986e-01 2.038991153240e-01 2.083346992731e-01 2.041766792536e-01 2.111749798059e-01 1.747781336308e-01 1.621801853180e-01 1.801934987307e-01 2.426914423704e-01 4.570602476597e-01 6.121320128441e-01 6.209492683411e-01 4.874473512173e-01 2.401618957520e-01 2.713594734669e-01 2.294932007790e-01 4.592878222466e-01 4.115581512451e-01 2.689177691936e-01 3.250673115253e-01 3.983405232430e-01 4.528528749943e-01 6.066752672195e-01 7.277553677559e-01 8.593008518219e-01
3.766316920519e-02 7.501275092363e-02 7.106442749500e-02 6.202905997634e-02 8.184260874987e-02 1.006628945470e-01 1.220187544823e-01 1.603557616472e-01 1.737021505833e-01 1.731080412865e-01 1.184140667319e-01 7.956846058369e-02 8.013926446438e-02 6.938883662224e-02 5.785768851638e-02 6.500391662121e-02 7.561236619949e-02 8.241346478462e-02 8.682819455862e-02 1.156945154071e-01 1.703643351793e-01 2.387341111898e-01 2.867695093155e-01 2.888564169407e-01 2.823834121227e-01 1.877618581057e-01 1.489202827215e-01 1.575523614883e-01 1.530417203903e-01 1.909332722425e-01 4.055612385273e-01 6.469293236732e-01 7.669470310211e-01 6.402550339699e-01 3.249377608299e-01 3.232258558273e-01 5.635238885880e-01 4.685107767582e-01 4.878304302692e-01 4.858107268810e-01 4.499683082104e-01 6.069238781929e-01 9.136297106743e-01
5.419258400798e-02 9.159056842327e-02 1.064405366778e-01 1.093449518085e-01 9.852789342403e-02 1.176119074225e-01 1.173630952835e-01 1.129788309336e-01 1.128674745560e-01 1.383400857449e-01 1.492384374142e-01 1.294215768576e-01 9.595150500536e-02 8.544339984655e-02 8.685524761677e-02 1.074461489916e-01 1.246488168836e-01 1.394182443619e-01 1.362679004669e-01 9.905884414911e-02 1.097394898534e-01 1.450387239456e-01 1.661265641451e-01 2.227005511522e-01 2.763686180115e-01 3.281664252281e-01 3.659510910511e-01 3.550149500370e-01 3.643692135811e-01 3.975643813610e-01 4.396095573902e-01 4.317824840546e-01 6.663613915443e-01 7.517617344856e-01 5.364732146263e-01 6.781686544418e-01 7.523883581161e-01 6.389783620834e-01 7.192951440811e-01 5.846569538116e-01 4.095224440098e-01 7.160009741783e-01 5.955502390862e-01
5.572910606861e-02 9.795874357224e-02 1.077656596899e-01 9.837363660336e-02 1.089574545622e-01 1.373561471701e-01 1.364473104477e-01 1.182305589318e-01 1.421202272177e-01 1.182774901390e-01 1.126314178109e-01 1.570682376623e-01 1.629340499640e-01 1.227026805282e-01 1.136544421315e-01 1.047460883856e-01 1.071646735072e-01 1.435309648514e-01 1.935296058655e-01 1.967246532440e-01 1.266049444675e-01 1.430887728930e-01 1.829157620668e-01 1.526498347521e-01 1.763725727797e-01 2.128292918205e-01 2.808236479759e-01 4.237071275711e-01 5.702437162399e-01 5.219841599464e-01 4.948138296604e-01 3.671544790268e-01 3.661151826382e-01 6.869941353798e-01 6.610127687454e-01 8.329654932022e-01 5.504606962204e-01 7.797101736069e-01 6.836620569229e-01 9.860183596611e-01 1.019008159637e+00 8.025525212288e-01 9.034247398376e-01
1.077420711517e-01 2.088923901320e-01 1.561772376299e-01 1.302104890347e-01 1.273968368769e-01 1.146171241999e-01 1.174273639917e-01 1.428736597300e-01 1.415004432201e-01 1.145340278745e-01 1.432830244303e-01 9.764767438173e-02 1.253933012486e-01 1.756231933832e-01 1.524124592543e-01 1.317860484123e-01 1.650346070528e-01 3.582253158092e-01 4.223226010799e-01 2.301299422979e-01 2.464774549007e-01 1.453419327736e-01 1.708532124758e-01 2.420656681061e-01 1.611465215683e-01 1.474162489176e-01 1.550388634205e-01 1.696748882532e-01 2.166089862585e-01 2.462422102690e-01 2.630705833435e-01 2.863696217537e-01 3.901981711388e-01 6.163240075111e-01 4.231245219707e-01 3.915528357029e-01 5.757507681847e-01 6.546465158463e-01 4.337731003761e-01 9.015279412270e-01 9.282402396202e-01 1.009429335594e+00 1.238201141357e+00
1.710277646780e-01 3.136592805386e-01 2.542867958546e-01 1.981242448092e-01 1.826578825712e-01 1.486721485853e-01 2.052847892046e-01 1.801590323448e-01 1.800160259008e-01 1.408497691154e-01 1.101685687900e-01 1.352346688509e-01 1.212925985456e-01 7.916005700827e-02 1.487814337015e-01 1.743233799934e-01 1.268841773272e-01 1.087969318032e-01 1.988846212626e-01 1.315387636423e-01 2.289376109838e-01 2.716731727123e-01 2.698915600777e-01 2.363777607679e-01 3.245196938515e-01 1.993524283171e-01 1.851621568203e-01 2.398742288351e-01 2.811581492424e-01 2.147487550974e-01 2.737485766411e-01 3.370959162712e-01 3.992316126823e-01 4.679393768311e-01 5.956555008888e-01 4.512754678726e-01 5.042827725410e-01 5.640790462494e-01 5.345703959465e-01 7.676090002060e-01 7.074407339096e-01 1.026610732079e+00 1.050288915634e+00
6.656854599714e-02 1.385658085346e-01 1.685685068369e-01 1.984566897154e-01 2.027076035738e-01 2.249334156513e-01 2.375029772520e-01 2.045953124762e-01 1.834618300200e-01 1.758892387152e-01 1.644871085882e-01 1.522332876921e-01 1.439961045980e-01 1.354774832726e-01 1.466556191444e-01 1.251899302006e-01 8.899918943644e-02 1.048920527101e-01 1.104993671179e-01 1.510971635580e-01 1.415991038084e-01 2.337026000023e-01 2.528316080570e-01 2.709679007530e-01 3.168363273144e-01 3.575575649738e-01 3.889076411724e-01 4.049924015999e-01 4.138469696045e-01 4.457721710205e-01 4.526967108250e-01 4.760152399540e-01 5.054601430893e-01 4.196170568466e-01 3.625325858593e-01 5.104652643204e-01 6.106598377228e-01 9.410996437073e-01 1.125681638718e+00 1.038221240044e+00 9.887281060219e-01 1.029951930046e+00 8.529447913170e-01
6.502086669207e-02 1.361679285765e-01 1.539843231440e-01 1.698778122663e-01 1.968403458595e-01 2.012546360493e-01 1.849480420351e-01 1.496403068304e-01 1.412568092346e-01 1.681086272001e-01 1.975064724684e-01 1.874336302280e-01 1.417719125748e-01 9.233417361975e-02 9.937427192926e-02 5.740315467119e-02 3.338529914618e-02 3.691507875919e-02 4.907221719623e-02 5.919662863016e-02 1.764662563801e-01 3.108848035336e-01 2.640340626240e-01 3.348879516125e-01 3.228154480457e-01 3.975432217121e-01 4.102455675602e-01 3.884018659592e-01 3.621985912323e-01 4.116200208664e-01 4.393315613270e-01 5.667952895164e-01 7.242307066917e-01 7.891914248466e-01 6.742061376572e-01 5.697363615036e-01 6.306070685387e-01 4.507482051849e-01 6.875901818275e-01 7.015262246132e-01 1.096368193626e+00 1.035751104355e+00 1.115149140358e+00
1.761199161410e-02 3.539482131600e-02 3.735832497478e-02 4.023849219084e-02 5.518020689487e-02 7.719084620476e-02 1.015543341637e-01 1.090255379677e-01 1.053422912955e-01 9.714826941490e-02 1.013544499874e-01 1.287849247456e-01 1.286340951920e-01 1.047244817019e-01 6.772839277983e-02 5.256629735231e-02 2.698307484388e-02 2.297934331000e-02 2.557948417962e-02 5.444318428636e-02 1.221509948373e-01 2.592845559120e-01 6.480067372322e-01 6.089252233505e-01 5.469421148300e-01 5.136467218399e-01 4.950238764286e-01 4.812331497669e-01 5.118962526321e-01 5.914371609688e-01 6.589487195015e-01 7.457106709480e-01 1.285055041313e+00 7.145674824715e-01 1.613208055496e+00 1.097438216209e+00 8.734633922577e-01 9.445065259933e-01 1.167933464050e+00 1.354800581932e+00 1.432514190674e+00 1.352140545845e+00 1.357216477394e+00
1.602565497160e-02 3.095470555127e-02 3.370150551200e-02 3.375664353371e-02 5.678927898407e-02 8.416170626879e-02 8.773168921471e-02 7.158799469471e-02 5.285049229860e-02 4.325171932578e-02 5.455540865660e-02 6.771101057529e-02 6.483236700296e-02 5.209386348724e-02 3.834096714854e-02 2.715999260545e-02 1.964517869055e-02 1.436651404947e-02 1.494873128831e-02 4.861421138048e-02 1.554988920689e-01 2.684041559696e-01 2.637647986412e-01 5.611561536789e-01 1.352908492088e+00 6.837949156761e-01 4.260534942150e-01 3.860894739628e-01 4.015998542309e-01 4.373447000980e-01 7.521498799324e-01 1.084608674049e+00 5.741839408875e-01 8.549270629883e-01 1.543719291687e+00 2.822840452194e+00 1.153043031693e+00 9.104084372520e-01 8.129311800003e-01 8.942472934723e-01 7.654381990433e-01 1.414165854454e+00 1.654496312141e+00
8.338634856045e-03 1.731683500111e-02 2.074568159878e-02 2.301847189665e-02 3.024314157665e-02 4.864122718573e-02 5.573688820004e-02 4.831370338798e-02 3.739011287689e-02 2.809285745025e-02 2.322033792734e-02 2.215076796710e-02 1.764668524265e-02 1.540762651712e-02 1.839140802622e-02 1.400376576930e-02 1.304768398404e-02 1.097379717976e-02 1.276431046426e-02 1.945715583861e-02 3.270504996181e-02 8.976640552282e-02 9.402239322662e-02 1.258387416601e-01 4.908482432365e-01 5.194183588028e-01 1.935493350029e-01 1.055840477347e-01 1.092354208231e-01 3.580707311630e-01 4.741660058498e-01 5.168029665947e-01 5.361236929893e-01 4.399245381355e-01 6.470624804497e-01 1.864176750183e+00 9.872581958771e-01 6.074054837227e-01 4.235818684101e-01 3.840813040733e-01 3.608724474907e-01 9.463731050491e-01 1.313701510429e+00
3.647977020591e-03 7.287452928722e-03 7.581355515867e-03 8.547553792596e-03 1.062586251646e-02 1.345867197961e-02 1.601821742952e-02 1.743335649371e-02 1.686495728791e-02 1.428433507681e-02 1.223610807210e-02 1.406801585108e-02 1.452483236790e-02 1.343529671431e-02 1.365635078400e-02 1.561176031828e-02 1.185765862465e-02 9.489390067756e-03 1.064552087337e-02 1.582780480385e-02 1.808921433985e-02 3.303002938628e-02 5.743525177240e-02 1.252574473619e-01 3.041909337044e-01 1.885729879141e-01 1.161717772484e-01 9.282374382019e-02 8.959710597992e-02 2.884729579091e-02 2.527630887926e-02 2.750105038285e-02 4.292994737625e-02 9.320244938135e-02 2.161437273026e-01 3.675377607346e+00 7.003821372986e+00 9.352083802223e-01 6.373512744904e-01 3.282863497734e-01 2.313319295645e-01 2.499472796917e-01 4.844486117363e-01
2.960726385936e-03 5.383233074099e-03 5.979486741126e-03 5.976655986160e-03 6.015018094331e-03 7.755029015243e-03 1.018448919058e-02 1.253671664745e-02 1.393716316670e-02 1.364781055599e-02 1.145971659571e-02 1.058340445161e-02 1.149612572044e-02 1.112223975360e-02 9.898534044623e-03 1.213220600039e-02 1.409016828984e-02 1.120567414910e-02 8.647485636175e-03 2.522909455001e-02 3.198048844934e-02 2.408500388265e-02 3.201160579920e-02 5.650479719043e-02 1.074223294854e-01 1.066097736359e+00 2.315366864204e-01 2.057955861092e-01 8.695426583290e-02 1.711642183363e-02 1.496945973486e-02 1.567507162690e-02 1.823163963854e-02 2.246702276170e-02 3.014955110848e-02 1.622603237629e-01 1.128156304359e+00 2.910214424133e+00 7.424921393394e-01 4.166600406170e-01 1.194160580635e-01 7.714947313070e-02 8.495017886162e-02
2.776766894385e-03 6.612617522478e-03 8.942166343331e-03 1.032148953527e-02 1.074846275151e-02 9.917769581079e-03 8.817496709526e-03 8.037611842155e-03 9.998483583331e-03 1.146679650992e-02 1.142966654152e-02 9.884895756841e-03 8.584549650550e-03 1.068760454655e-02 1.115997880697e-02 9.973227977753e-03 1.162482239306e-02 1.500299014151e-02 1.184061821550e-02 2.488634362817e-02 2.650310099125e-02 2.265061065555e-02 2.523316815495e-02 2.734711579978e-02 6.225899979472e-02 2.157230973244e-01 2.242321521044e-01 5.740329623222e-02 2.657839283347e-02 1.656980998814e-02 1.241516042501e-02 1.060002669692e-02 1.045748963952e-02 1.310433261096e-02 1.703439094126e-02 5.774979665875e-02 2.954880297184e-01 1.045383572578e+00 1.268047928810e+00 1.943196803331e-01 8.385583013296e-02 5.408750101924e-02 5.124964937568e-02
4.205498844385e-03 9.901131503284e-03 1.265504583716e-02 1.423191186041e-02 1.462195347995e-02 1.397189684212e-02 1.311593875289e-02 1.179924886674e-02 1.018193736672e-02 8.322661742568e-03 9.182830341160e-03 9.641120210290e-03 9.230286814272e-03 1.084763836116e-02 1.244046911597e-02 1.175231765956e-02 9.923009201884e-03 1.576381176710e-02 1.675072871149e-02 4.393209144473e-02 2.821296639740e-02 2.024244703352e-02 1.369651407003e-02 1.404635515064e-02 2.648412995040e-02 1.928557008505e-01 2.739835381508e-01 5.207550525665e-02 3.400481119752e-02 1.734512671828e-02 1.070377975702e-02 7.412793580443e-03 6.588214077055e-03 6.970291957259e-03 1.067969109863e-02 1.763051562011e-02 1.196151822805e-01 3.697945177555e-01 9.848512411118e-01 4.761743545532e-01 2.267483174801e-01 4.498695209622e-02 3.810845315456e-02
2.870366210118e-03 6.272205151618e-03 7.824119180441e-03 8.587227202952e-03 8.327672258019e-03 8.311421610415e-03 9.301139973104e-03 1.040167827159e-02 1.143663097173e-02 1.145381852984e-02 9.861173108220e-03 7.430165540427e-03 8.749795146286e-03 9.586234577000e-03 9.657109156251e-03 9.698017500341e-03 1.014988310635e-02 1.662750728428e-02 2.275377698243e-02 3.787086531520e-02 2.926810458302e-02 2.296191826463e-02 1.130192819983e-02 1.119863893837e-02 2.258538454771e-02 7.016458362341e-02 6.090593338013e-02 4.041273519397e-02 3.181519359350e-02 1.775795035064e-02 9.833743795753e-03 8.096268400550e-03 7.139429915696e-03 6.973937153816e-03 8.938389830291e-03 1.512208022177e-02 3.164949640632e-02 1.597184985876e-01 1.878639161587e-01 1.141863018274e-01 6.848166882992e-02 3.454651311040e-02 3.114082105458e-02
2.697877353057e-03 4.881145898253e-03 7.250743918121e-03 9.261558763683e-03 1.105151884258e-02 1.306173857301e-02 1.526896003634e-02 1.765604130924e-02 1.986235193908e-02 2.049271948636e-02 1.831713877618e-02 1.360011938959e-02 8.745816536248e-03 9.111034683883e-03 1.117894332856e-02 1.213317457587e-02 1.523077208549e-02 1.763448864222e-02 2.056353911757e-02 3.614233806729e-02 2.590676210821e-02 1.706798374653e-02 9.033831767738e-03 8.735926821828e-03 1.639177650213e-02 1.903797686100e-02 1.958921104670e-01 2.772605791688e-02 2.609949000180e-02 1.570682600141e-02 9.074701927602e-03 7.293391507119e-03 6.956784054637e-03 7.343750447035e-03 9.467813186347e-03 1.287731528282e-02 2.138808928430e-02 2.635307237506e-02 5.551060289145e-02 7.377778738737e-02 4.603967815638e-02 2.770978212357e-02 3.556694090366e-02
2.700164215639e-03 4.884334746748e-03 6.649914663285e-03 8.222139440477e-03 9.808733128011e-03 1.174592040479e-02 1.379280723631e-02 1.585854031146e-02 1.778931543231e-02 1.883221231401e-02 1.784552820027e-02 1.949865743518e-02 2.030974626541e-02 2.029514499009e-02 1.935840584338e-02 1.754815876484e-02 2.091837674379e-02 1.512974128127e-02 2.049907855690e-02 6.531348824501e-02 2.394112758338e-02 1.200479734689e-02 8.474645204842e-03 7.095609791577e-03 9.771455079317e-03 2.197356708348e-02 7.918623834848e-02 2.150526084006e-02 2.769496664405e-02 1.173342019320e-02 8.578807115555e-03 6.590066477656e-03 6.671461276710e-03 7.580732461065e-03 1.002563629299e-02 1.192043628544e-02 1.327244006097e-02 2.137460932136e-02 4.685794189572e-02 5.474460870028e-02 3.388604149222e-02 2.507606707513e-02 3.302480280399e-02
