VariationalSeries/SI/f181.grd
DSAA
101	101
32.816463539100	34.260883539100
35.556306596100	36.727886596100
5.690197576769e-05	9.196815490723e+00
[rows 0 to 18 of 101, columns 43 to 85 of 101]
1.352539006621e-02 2.307548001409e-02 2.658077143133e-02 2.106470987201e-02 1.468749996275e-02 1.475779432803e-02 1.270383130759e-02 1.158398855478e-02 7.614166941494e-03 1.111585181206e-02 1.472300663590e-02 1.742326840758e-02 2.072526887059e-02 2.961483784020e-02 1.328538171947e-02 1.634340547025e-02 2.073529921472e-02 2.267861552536e-02 1.532151550055e-02 9.956981986761e-03 1.122057624161e-02 1.494702417403e-02 1.535341236740e-02 1.664438843727e-02 1.691492088139e-02 1.223931647837e-02 8.191445842385e-03 8.249479345977e-03 1.557853072882e-02 2.337156608701e-02 1.881718635559e-02 9.222856722772e-03 1.165869925171e-02 7.595076691359e-03 7.779406383634e-03 6.672651972622e-03 5.724806338549e-03 5.180329084396e-03 3.823929466307e-03 3.851445158944e-03 5.133693572134e-03 8.580758236349e-03 8.526261895895e-03
2.344349212945e-02 4.179179295897e-02 5.218130350113e-02 4.617170616984e-02 3.462072834373e-02 3.203338757157e-02 2.653847075999e-02 2.246579527855e-02 2.084220573306e-02 2.439603582025e-02 2.713147178292e-02 3.071091137826e-02 4.098434001207e-02 5.913501977921e-02 2.529898844659e-02 3.102931007743e-02 3.915245458484e-02 4.243640601635e-02 2.913515083492e-02 1.943532191217e-02 2.268184162676e-02 2.850362844765e-02 3.037660568953e-02 2.906570397317e-02 3.018085844815e-02 2.548100799322e-02 1.516544353217e-02 1.713074371219e-02 3.519961610436e-02 5.597103014588e-02 3.347841277719e-02 1.521234400570e-02 2.280884608626e-02 1.397768966854e-02 1.505230832845e-02 1.244359463453e-02 1.024179998785e-02 9.114579297602e-03 7.347283419222e-03 7.283682469279e-03 1.135556865484e-02 1.738282106817e-02 1.619519293308e-02
2.951686456800e-02 4.267263039947e-02 5.828808620572e-02 5.730247870088e-02 4.657922685146e-02 4.653435200453e-02 3.145232424140e-02 2.767679467797e-02 3.730456903577e-02 3.724962845445e-02 2.695179730654e-02 3.400440886617e-02 4.366761818528e-02 6.184218451381e-02 2.941967546940e-02 3.527565672994e-02 4.379624873400e-02 4.855437204242e-02 3.355670720339e-02 2.640854567289e-02 2.629643306136e-02 2.861431613564e-02 3.414074331522e-02 3.646807745099e-02 4.444919899106e-02 3.423186391592e-02 1.970362477005e-02 2.115661092103e-02 4.620509222150e-02 7.226065546274e-02 3.430781885982e-02 1.766811683774e-02 2.626711316407e-02 1.542045827955e-02 1.679610274732e-02 1.476844400167e-02 1.311722490937e-02 1.041859667748e-02 8.558212779462e-03 1.038721203804e-02 1.439010817558e-02 1.924157328904e-02 1.657227613032e-02
3.399964421988e-02 3.860435634851e-02 5.212258920074e-02 5.660311132669e-02 5.047442018986e-02 6.223906204104e-02 3.295884281397e-02 3.786509856582e-02 5.338566377759e-02 5.493817105889e-02 3.655389323831e-02 3.556085005403e-02 4.472969844937e-02 6.240173056722e-02 3.088773600757e-02 3.950291499496e-02 4.490776360035e-02 5.058189854026e-02 3.643048182130e-02 3.465173766017e-02 2.824073471129e-02 3.583291545510e-02 4.332771524787e-02 4.268000647426e-02 5.899584293365e-02 4.222205653787e-02 2.220054715872e-02 2.520028501749e-02 5.390756204724e-02 7.838722318411e-02 3.227078169584e-02 1.968415267766e-02 2.785602025688e-02 1.564141362906e-02 1.719545945525e-02 1.881005428731e-02 1.587530039251e-02 1.195125747472e-02 1.013142336160e-02 1.285786926746e-02 1.718036085367e-02 2.004086598754e-02 1.587540470064e-02
3.343371674418e-02 4.626601189375e-02 4.111290723085e-02 4.783919826150e-02 4.653222113848e-02 7.901079207659e-02 3.171655163169e-02 4.675587266684e-02 6.822325289249e-02 7.323088496923e-02 5.164746940136e-02 3.718359023333e-02 4.598073661327e-02 6.270775198936e-02 3.219380229712e-02 4.325602203608e-02 4.543695971370e-02 5.225950106978e-02 4.033392295241e-02 4.260353744030e-02 3.351289406419e-02 4.526154696941e-02 5.497839301825e-02 5.346792191267e-02 7.333676517010e-02 4.880411550403e-02 2.654855698347e-02 2.700772508979e-02 5.709180980921e-02 7.575813680887e-02 3.483529761434e-02 2.344769053161e-02 2.881869487464e-02 1.852184906602e-02 2.127631008625e-02 2.207456715405e-02 1.763455197215e-02 1.246444508433e-02 1.289975270629e-02 1.402228418738e-02 2.004982531071e-02 2.032444253564e-02 1.518813427538e-02
2.900087274611e-02 4.910179600120e-02 3.679225593805e-02 3.791450709105e-02 4.045212268829e-02 9.572815895081e-02 3.591782599688e-02 5.319422855973e-02 8.134476095438e-02 9.133795648813e-02 6.744013726711e-02 3.919333964586e-02 4.767797514796e-02 6.296020746231e-02 3.568058460951e-02 4.637143388391e-02 4.531759396195e-02 5.373704433441e-02 4.129815474153e-02 4.942511394620e-02 4.057340696454e-02 5.476925149560e-02 6.543281674385e-02 6.262101978064e-02 8.613291382790e-02 5.257074162364e-02 2.920100651681e-02 3.159558027983e-02 5.463944375515e-02 6.144955381751e-02 3.461094945669e-02 2.710221149027e-02 2.909496054053e-02 2.069530077279e-02 2.488809823990e-02 2.451873384416e-02 1.847989670932e-02 1.287796348333e-02 1.454468443990e-02 1.576280407608e-02 2.291129156947e-02 2.067753672600e-02 1.456780266017e-02
2.635372243822e-02 4.700697585940e-02 3.690896928310e-02 2.962904423475e-02 3.736990690231e-02 1.111064031720e-01 3.958938643336e-02 5.623641237617e-02 9.038104116917e-02 1.051453649998e-01 8.175955712795e-02 4.332914203405e-02 4.917666316032e-02 6.295312941074e-02 3.609340265393e-02 4.940119013190e-02 4.454116150737e-02 5.476381257176e-02 3.954090550542e-02 5.225512385368e-02 4.639228805900e-02 6.153853982687e-02 7.253310829401e-02 6.769471615553e-02 9.550313651562e-02 5.288732424378e-02 2.818409167230e-02 3.537978231907e-02 4.681048914790e-02 4.272591322660e-02 3.240625560284e-02 3.071798197925e-02 2.889176644385e-02 2.209051139653e-02 2.774914912879e-02 2.594364061952e-02 1.838522963226e-02 1.517167594284e-02 1.433337293565e-02 2.142498269677e-02 2.617789804935e-02 2.120229415596e-02 1.360475458205e-02
3.040539100766e-02 4.487517476082e-02 3.564900159836e-02 3.333029523492e-02 4.208043217659e-02 1.257373690605e-01 4.518595710397e-02 5.439399555326e-02 9.130074828863e-02 1.109953373671e-01 9.299032390118e-02 5.663174390793e-02 5.110802873969e-02 6.329484283924e-02 3.610038012266e-02 5.224105715752e-02 4.322660341859e-02 5.543875694275e-02 4.073703661561e-02 4.946390166879e-02 4.986601322889e-02 6.470641493797e-02 7.423762232065e-02 6.766977906227e-02 1.008886024356e-01 5.090527981520e-02 3.235430642962e-02 4.217449948192e-02 3.553725779057e-02 3.433504328132e-02 3.670097514987e-02 3.435099124908e-02 2.809221297503e-02 2.850241400301e-02 2.955930866301e-02 2.611503563821e-02 1.737320050597e-02 1.558830030262e-02 1.798473112285e-02 2.883002907038e-02 2.865683846176e-02 2.018227800727e-02 1.137460023165e-02
3.418448567390e-02 4.500720277429e-02 3.537481278181e-02 3.608535230160e-02 4.661267995834e-02 1.393589079380e-01 5.104745924473e-02 4.777915403247e-02 8.332701772451e-02 1.080448925495e-01 9.964785724878e-02 6.901666522026e-02 5.315064266324e-02 7.270909845829e-02 4.047033935785e-02 5.506054684520e-02 4.353851824999e-02 5.590320378542e-02 4.155055060983e-02 4.368687421083e-02 5.205249041319e-02 6.337787955999e-02 7.043989747763e-02 6.807920336723e-02 1.002126410604e-01 4.499738290906e-02 3.857457265258e-02 4.940620437264e-02 3.490313515067e-02 4.225649312139e-02 4.624125733972e-02 3.785582631826e-02 3.267261758447e-02 3.545195609331e-02 3.622051328421e-02 2.489753067493e-02 1.682618819177e-02 1.510310079902e-02 2.859786897898e-02 3.486468270421e-02 2.769299596548e-02 1.601517572999e-02 1.350650098175e-02
3.668598458171e-02 4.584930837154e-02 3.503160178661e-02 3.535278514028e-02 5.095325037837e-02 1.503367722034e-01 5.617788061500e-02 3.916572034359e-02 7.086057215929e-02 9.849916398525e-02 1.003350093961e-01 7.881535589695e-02 5.512401461601e-02 7.845012098551e-02 5.086165666580e-02 5.818484351039e-02 5.805417895317e-02 5.672807246447e-02 4.196724295616e-02 5.238700658083e-02 5.095037072897e-02 5.868236720562e-02 6.212263926864e-02 7.595127820969e-02 9.303665161133e-02 3.604095056653e-02 4.492541775107e-02 5.661341547966e-02 4.008124023676e-02 4.897323623300e-02 5.443857237697e-02 4.475194960833e-02 3.632165864110e-02 3.759565949440e-02 3.927961736917e-02 2.247558720410e-02 1.566665060818e-02 2.715778909624e-02 3.839528933167e-02 3.517770394683e-02 2.139120176435e-02 1.397268008441e-02 1.322862319648e-02
3.718374669552e-02 4.744449257851e-02 3.475893661380e-02 3.802912682295e-02 5.486703291535e-02 1.591518074274e-01 6.087353080511e-02 3.919196501374e-02 5.657594278455e-02 8.299964666367e-02 9.295579791069e-02 8.389354497194e-02 6.746945530176e-02 7.809761166573e-02 6.435928493738e-02 6.123812124133e-02 8.187443017960e-02 6.127274036407e-02 4.195186495781e-02 6.938917189837e-02 5.683559179306e-02 5.169997736812e-02 7.637567818165e-02 8.086200058460e-02 8.094172924757e-02 3.621287271380e-02 5.028403922915e-02 6.162609532475e-02 4.182508215308e-02 5.288436636329e-02 6.164020672441e-02 5.211903899908e-02 3.361461684108e-02 3.265509754419e-02 3.712760657072e-02 1.929925568402e-02 2.469895221293e-02 4.016121104360e-02 4.113584384322e-02 2.729723416269e-02 1.369631756097e-02 1.264577731490e-02 1.284971646965e-02
3.611238673329e-02 4.922126233578e-02 4.527375474572e-02 4.296052828431e-02 5.839823186398e-02 1.647834777832e-01 6.383779644966e-02 4.067818075418e-02 4.736901074648e-02 6.419239938259e-02 7.931955158710e-02 8.246309310198e-02 7.515074312687e-02 8.163943141699e-02 7.800582051277e-02 6.400569528341e-02 1.094673424959e-01 8.071680366993e-02 4.233099520206e-02 8.432175219059e-02 6.338679045439e-02 6.753907352686e-02 1.005880609155e-01 8.195078372955e-02 6.552384048700e-02 3.752991184592e-02 5.256529524922e-02 6.299253553152e-02 4.002598300576e-02 5.252398550510e-02 6.536232680082e-02 5.790362134576e-02 3.410735726357e-02 2.604981139302e-02 3.439392149448e-02 2.093154937029e-02 3.967810049653e-02 4.628263786435e-02 3.291841223836e-02 1.670745201409e-02 1.481680292636e-02 1.648811437190e-02 1.746895909309e-02
3.645590320230e-02 5.098605528474e-02 5.713411793113e-02 3.941278532147e-02 6.173871457577e-02 1.693430244923e-01 6.518197804689e-02 4.197760671377e-02 4.745980352163e-02 6.098839640617e-02 6.091186776757e-02 7.322797179222e-02 7.693670690060e-02 9.093068540096e-02 8.395599573851e-02 7.117894291878e-02 1.365214735270e-01 9.853723645210e-02 4.647606983781e-02 9.598206728697e-02 6.652493774891e-02 8.193489164114e-02 1.186005771160e-01 7.643065601587e-02 4.831178858876e-02 4.468422010541e-02 5.055471509695e-02 5.959769710898e-02 3.669441118836e-02 4.806511104107e-02 6.323811411858e-02 5.936402454972e-02 3.609770163894e-02 2.250063605607e-02 3.288771584630e-02 3.660226240754e-02 5.008332058787e-02 3.970167785883e-02 2.028705365956e-02 1.601965539157e-02 1.551396399736e-02 2.121835015714e-02 2.077635750175e-02
3.254855796695e-02 5.278331786394e-02 6.191956996918e-02 4.407226666808e-02 6.516690552235e-02 1.745470613241e-01 6.605359911919e-02 4.344646260142e-02 4.336307942867e-02 5.879624933004e-02 4.826378822327e-02 5.771036073565e-02 8.273369073868e-02 9.748654067516e-02 7.785912603140e-02 8.802118152380e-02 1.580089628696e-01 1.128776296973e-01 5.459798127413e-02 1.039957553148e-01 6.665146350861e-02 8.908712863922e-02 1.241978034377e-01 6.359901279211e-02 4.227990657091e-02 5.680144205689e-02 5.870353430510e-02 5.304337665439e-02 3.634712472558e-02 4.031424596906e-02 5.594393238425e-02 5.614794790745e-02 3.602288290858e-02 2.228222973645e-02 3.319716826081e-02 5.122558027506e-02 4.759141057730e-02 2.564342319965e-02 1.806578971446e-02 1.541757676750e-02 1.684217713773e-02 2.399734221399e-02 2.210783399642e-02
4.452351480722e-02 5.489164218307e-02 6.196711212397e-02 7.188843935728e-02 6.871669739485e-02 1.776808202267e-01 6.578119844198e-02 5.192241445184e-02 3.709077090025e-02 5.374865606427e-02 4.511040449142e-02 6.336876749992e-02 8.713719993830e-02 1.040380746126e-01 8.388577401638e-02 1.045443192124e-01 1.756313145161e-01 1.212250441313e-01 5.874511972070e-02 1.107603386045e-01 7.217300683260e-02 8.687767386436e-02 1.193952336907e-01 5.293204635382e-02 4.492470249534e-02 6.801682710648e-02 7.451207190752e-02 4.642428457737e-02 3.701227158308e-02 3.383025899529e-02 4.639378562570e-02 5.034095048904e-02 3.409605100751e-02 2.504594624043e-02 4.874671250582e-02 5.500783026218e-02 3.317803889513e-02 1.735954359174e-02 1.858581975102e-02 1.435057073832e-02 1.927318796515e-02 2.548931166530e-02 2.739040553570e-02
5.878371372819e-02 5.741708725691e-02 6.100863963366e-02 8.828017115593e-02 7.140160351992e-02 1.786160320044e-01 6.386405974627e-02 5.951339751482e-02 3.923024982214e-02 5.506095290184e-02 4.676371440291e-02 6.790099292994e-02 9.124778956175e-02 1.104041188955e-01 8.101080358028e-02 1.181191951036e-01 1.788994222879e-01 1.148450449109e-01 6.968326866627e-02 1.164128482342e-01 7.238071411848e-02 7.943052798510e-02 1.032846570015e-01 5.033165216446e-02 4.911747574806e-02 7.822944223881e-02 8.022994548082e-02 4.181170463562e-02 4.025331512094e-02 3.555435314775e-02 4.874319210649e-02 4.233920946717e-02 3.033470176160e-02 4.382197931409e-02 5.909302458167e-02 4.251170903444e-02 2.380734309554e-02 1.560819242150e-02 1.873529143631e-02 1.637123711407e-02 2.475130744278e-02 3.224245831370e-02 3.209867700934e-02
6.929470598698e-02 7.496394217014e-02 7.089813798666e-02 8.158804476261e-02 7.637634873390e-02 1.771415770054e-01 6.989948451519e-02 6.541667878628e-02 4.117105156183e-02 5.586622655392e-02 5.167369171977e-02 7.025956362486e-02 9.616211801767e-02 1.166708618402e-01 7.446523755789e-02 1.267331093550e-01 1.685609221458e-01 1.019020006061e-01 7.658362388611e-02 1.206373944879e-01 6.455762684345e-02 6.342999637127e-02 8.024845272303e-02 4.656497761607e-02 5.770268291235e-02 7.829753309488e-02 7.401524484158e-02 4.427699744701e-02 4.626534506679e-02 3.918054699898e-02 5.288995802402e-02 3.693568333983e-02 3.748135268688e-02 5.915471911430e-02 5.210824310780e-02 3.651449829340e-02 2.035333029926e-02 1.701132394373e-02 2.104816958308e-02 2.368756197393e-02 3.453568741679e-02 3.542743995786e-02 2.949274517596e-02
9.074205160141e-02 8.990219235420e-02 9.708807617426e-02 7.479969412088e-02 9.052664041519e-02 1.715594977140e-01 7.957061380148e-02 7.184075564146e-02 5.611499771476e-02 5.594865605235e-02 6.024377793074e-02 9.105894714594e-02 1.002145335078e-01 1.236409097910e-01 8.061349391937e-02 1.273355931044e-01 1.498787254095e-01 9.739629179239e-02 7.879101485014e-02 1.237722709775e-01 5.874956771731e-02 5.201514810324e-02 6.046923995018e-02 4.977619647980e-02 6.272562593222e-02 7.004723697901e-02 5.474751815200e-02 4.879158362746e-02 5.393438041210e-02 4.466541483998e-02 5.468740314245e-02 3.481566160917e-02 5.591629073024e-02 5.880884081125e-02 5.240520834923e-02 3.303328901529e-02 2.378254383802e-02 2.084642648697e-02 2.518507093191e-02 3.435396030545e-02 3.839541971684e-02 3.091566823423e-02 2.293295040727e-02
1.006468236446e-01 9.942761063576e-02 1.198256164789e-01 1.116246953607e-01 7.650502026081e-02 1.618888378143e-01 7.399284094572e-02 8.301913738251e-02 7.748997211456e-02 6.428439170122e-02 6.542614102364e-02 1.096995025873e-01 1.152954921126e-01 1.313525736332e-01 8.997040987015e-02 1.198704168200e-01 1.484371274710e-01 1.187786757946e-01 7.644412666559e-02 1.241981685162e-01 5.910852551460e-02 5.609808862209e-02 6.156373769045e-02 5.532581731677e-02 5.878308042884e-02 5.524538084865e-02 5.086554586887e-02 5.684688314795e-02 5.908274650574e-02 4.631987214088e-02 5.424658581614e-02 5.251513794065e-02 6.233190372586e-02 5.875409021974e-02 5.584416911006e-02 4.086628183722e-02 2.914448827505e-02 2.688962034881e-02 3.257542103529e-02 3.849308565259e-02 3.179530054331e-02 2.631471306086e-02 2.348752319813e-02
