VariationalSeries/SI/f181.grd
DSAA
101	101
32.816463539100	34.260883539100
35.556306596100	36.727886596100
5.690197576769e-05	9.196815490723e+00
[rows 0 to 18 of 101, columns 0 to 42 of 101]
8.604578673840e-03 1.538504287601e-02 1.364446431398e-02 8.185207843781e-03 6.811636500061e-03 8.929711766541e-03 1.779827475548e-02 2.482336573303e-02 2.220535092056e-02 1.326134242117e-02 8.389166556299e-03 9.636695496738e-03 1.022631395608e-02 9.870612993836e-03 8.462117984891e-03 1.288442872465e-02 1.936775259674e-02 2.241465449333e-02 1.597170531750e-02 1.040605176240e-02 1.181892864406e-02 1.261349115521e-02 9.363200515509e-03 8.400226011872e-03 8.924423716962e-03 1.217829994857e-02 1.772920414805e-02 2.025487087667e-02 2.632424421608e-02 2.097503282130e-02 1.617011986673e-02 1.519558206201e-02 1.318796072155e-02 1.046556141227e-02 8.514143526554e-03 8.253537118435e-03 7.595198228955e-03 1.029297988862e-02 1.442774105817e-02 1.653757877648e-02 1.384800579399e-02 1.170349773020e-02 1.115236897022e-02
1.592316851020e-02 3.005591221154e-02 2.949652448297e-02 2.063013799489e-02 1.451071817428e-02 1.726363599300e-02 3.424750268459e-02 4.738197103143e-02 4.192949086428e-02 2.443754859269e-02 1.440153177828e-02 1.646153628826e-02 1.737934723496e-02 1.654211618006e-02 1.443949900568e-02 1.915132626891e-02 3.050086647272e-02 3.992607817054e-02 3.604635223746e-02 2.148870751262e-02 2.155474573374e-02 3.295462206006e-02 1.730200089514e-02 1.557928975672e-02 1.839114166796e-02 2.378224208951e-02 2.971560880542e-02 3.393270447850e-02 5.005822703242e-02 3.896918520331e-02 2.627952396870e-02 2.381730079651e-02 2.213751338422e-02 1.797019690275e-02 1.933497190475e-02 2.022750116885e-02 2.035126276314e-02 2.286804467440e-02 2.874241210520e-02 2.891348674893e-02 2.138944528997e-02 2.110919170082e-02 2.307026833296e-02
1.556956022978e-02 3.196188807487e-02 3.583459183574e-02 3.071421012282e-02 1.977301202714e-02 1.992493122816e-02 3.961734473705e-02 5.384808033705e-02 4.614763706923e-02 2.529797516763e-02 1.818169094622e-02 2.048924379051e-02 2.116484381258e-02 1.958108320832e-02 1.612245850265e-02 1.553354505450e-02 2.001209557056e-02 2.990766987205e-02 3.420156985521e-02 2.779948152602e-02 3.398090228438e-02 5.096306279302e-02 2.227490209043e-02 1.930524781346e-02 2.444115653634e-02 2.954868227243e-02 3.065863810480e-02 3.077575750649e-02 5.833719298244e-02 4.370079189539e-02 2.545997872949e-02 2.183298207819e-02 3.028817661107e-02 1.611895672977e-02 1.817765459418e-02 2.087715454400e-02 2.623775228858e-02 3.322192281485e-02 3.472675383091e-02 2.876566722989e-02 2.939115464687e-02 1.958306692541e-02 2.586061693728e-02
1.380958314985e-02 3.040703944862e-02 3.624600917101e-02 3.706140816212e-02 2.981207333505e-02 2.039527893066e-02 4.139462858438e-02 5.507351458073e-02 4.457967355847e-02 2.172020077705e-02 2.011336572468e-02 2.219568379223e-02 2.209789119661e-02 1.966009847820e-02 1.563294045627e-02 1.584974862635e-02 1.513352990150e-02 1.734799519181e-02 2.258888818324e-02 2.568041719496e-02 5.701375752687e-02 6.487248837948e-02 2.495149336755e-02 2.120252326131e-02 2.694739773870e-02 3.086561150849e-02 2.951410971582e-02 2.806105464697e-02 5.843040347099e-02 4.248269647360e-02 2.154410071671e-02 1.749923080206e-02 3.491163253784e-02 1.855901628733e-02 2.041675895452e-02 2.885820157826e-02 3.569109737873e-02 3.718439117074e-02 3.147087246180e-02 3.645928204060e-02 3.548587858677e-02 2.178856730461e-02 2.371113188565e-02
1.351266074926e-02 2.909732609987e-02 3.444273769855e-02 3.807631507516e-02 3.645039349794e-02 2.577836625278e-02 4.222211986780e-02 5.499350652099e-02 4.177250340581e-02 1.841431669891e-02 2.156231179833e-02 2.294836565852e-02 2.200727351010e-02 2.190794795752e-02 2.010489255190e-02 1.696321181953e-02 1.671244576573e-02 1.654505543411e-02 2.326497621834e-02 4.718205332756e-02 7.926615327597e-02 7.127939164639e-02 2.677418477833e-02 3.017758764327e-02 2.695693820715e-02 3.015244565904e-02 2.703406102955e-02 2.792432345450e-02 5.530136451125e-02 4.001341387630e-02 2.546114102006e-02 1.990104652941e-02 3.722137585282e-02 2.285295352340e-02 3.205702826381e-02 3.836510330439e-02 3.878312185407e-02 3.273946419358e-02 2.254282683134e-02 3.739175945520e-02 4.345130175352e-02 2.907913178205e-02 1.880369521677e-02
1.264697592705e-02 2.538718655705e-02 3.067283704877e-02 3.352126479149e-02 3.720067813993e-02 3.098419494927e-02 4.216941073537e-02 5.319711938500e-02 3.762911260128e-02 2.043807134032e-02 2.288897521794e-02 2.488635666668e-02 2.653858065605e-02 2.567750774324e-02 2.308239974082e-02 1.875988207757e-02 1.535972859710e-02 1.745885983109e-02 3.706059604883e-02 6.728740036488e-02 9.224081039429e-02 7.041493803263e-02 3.036994859576e-02 4.592400416732e-02 2.824986912310e-02 2.827423252165e-02 2.421369776130e-02 3.057675994933e-02 4.946141690016e-02 4.011519625783e-02 2.573156543076e-02 2.187975682318e-02 4.315172508359e-02 3.419286757708e-02 4.057657346129e-02 4.011278599501e-02 3.329942375422e-02 2.303543873131e-02 2.547470480204e-02 3.525280952454e-02 5.318326875567e-02 3.376185521483e-02 1.829528249800e-02
1.591177470982e-02 2.827970683575e-02 2.605569362640e-02 2.577354386449e-02 3.209638968110e-02 3.110481612384e-02 4.148795455694e-02 5.081847682595e-02 3.374950960279e-02 2.252688631415e-02 2.502663433552e-02 2.850302495062e-02 2.888043411076e-02 2.683894708753e-02 2.280873805285e-02 2.168284542859e-02 2.058083750308e-02 2.565617486835e-02 5.004715174437e-02 8.042035251856e-02 9.553099423647e-02 6.431402266026e-02 4.019176587462e-02 5.819084122777e-02 4.090877994895e-02 2.574669755995e-02 2.381299436092e-02 5.657336488366e-02 7.912497222424e-02 5.107678845525e-02 2.853035181761e-02 2.422053739429e-02 4.738498479128e-02 4.007026925683e-02 4.006529599428e-02 3.327064961195e-02 2.319918200374e-02 2.553708665073e-02 3.689075633883e-02 4.648654535413e-02 5.458947643638e-02 3.996491804719e-02 1.821106672287e-02
1.612803153694e-02 3.227950632572e-02 3.337771072984e-02 2.418392524123e-02 2.301249280572e-02 2.602437511086e-02 4.089194908738e-02 4.965838044882e-02 3.141415119171e-02 2.433990687132e-02 2.827944420278e-02 3.019260242581e-02 2.917975932360e-02 2.570596151054e-02 2.417653612792e-02 2.748069539666e-02 3.062742948532e-02 3.388831391931e-02 6.138098239899e-02 8.727280050516e-02 9.376905113459e-02 5.780423432589e-02 4.361288622022e-02 6.397084146738e-02 4.974066093564e-02 3.168805316091e-02 2.276410348713e-02 8.584417402744e-02 1.107698529959e-01 5.986634269357e-02 3.117518685758e-02 2.922855690122e-02 4.680106043816e-02 3.677899762988e-02 3.402008116245e-02 2.416198700666e-02 2.445176988840e-02 3.630770370364e-02 4.787959530950e-02 5.283686518669e-02 4.798287153244e-02 5.017064884305e-02 2.090829610825e-02
1.394031103700e-02 3.049080260098e-02 3.793837875128e-02 3.456169366837e-02 2.298955433071e-02 2.256027050316e-02 4.043054580688e-02 4.920217394829e-02 3.022140450776e-02 2.694036252797e-02 2.999209798872e-02 3.027264773846e-02 2.767857350409e-02 2.403209917247e-02 2.535277232528e-02 2.921653725207e-02 3.962714225054e-02 4.069843888283e-02 6.777274608612e-02 8.596400171518e-02 8.509738743305e-02 5.016549304128e-02 4.448913037777e-02 6.116057187319e-02 5.365546420217e-02 3.658215701580e-02 2.871585451066e-02 1.106473654509e-01 1.292390972376e-01 6.593988835812e-02 3.411203622818e-02 2.785822935402e-02 4.747031629086e-02 3.168360516429e-02 3.733948245645e-02 3.747717291117e-02 3.638561069965e-02 4.871304705739e-02 5.599197745323e-02 5.291125923395e-02 3.886155039072e-02 6.224109977484e-02 2.457245625556e-02
1.406077388674e-02 2.530929446220e-02 3.573950380087e-02 4.050824791193e-02 3.458528965712e-02 2.154640480876e-02 4.051434621215e-02 4.910306632519e-02 2.951481938362e-02 2.851878292859e-02 3.007406182587e-02 2.876269817352e-02 3.163303434849e-02 3.444379568100e-02 3.601804748178e-02 3.651722148061e-02 4.302129521966e-02 4.716335982084e-02 6.980548799038e-02 7.975503057241e-02 7.374155521393e-02 4.276141524315e-02 4.019300267100e-02 5.345278233290e-02 5.182786285877e-02 3.759163618088e-02 3.104019537568e-02 1.254882216454e-01 1.372124552727e-01 6.830307841301e-02 2.991925925016e-02 2.426988072693e-02 5.143765732646e-02 3.144631534815e-02 3.822567313910e-02 3.911674395204e-02 5.047497153282e-02 5.808865651488e-02 5.681901797652e-02 4.550210386515e-02 3.250306844711e-02 6.758814305067e-02 3.420488908887e-02
1.411662157625e-02 2.828761190176e-02 2.944865450263e-02 3.872091323137e-02 4.240170866251e-02 3.413994237781e-02 4.014345631003e-02 4.830401018262e-02 2.853271551430e-02 2.880605310202e-02 3.177959099412e-02 3.721223399043e-02 4.126057028770e-02 4.349970072508e-02 4.453115910292e-02 4.491105675697e-02 4.442879557610e-02 5.858935788274e-02 8.207497745752e-02 8.695542067289e-02 7.307409495115e-02 5.400890856981e-02 3.791762888432e-02 4.559067636728e-02 4.675152152777e-02 3.348713368177e-02 3.604274988174e-02 1.323558241129e-01 1.403645873070e-01 6.688143312931e-02 2.877020835876e-02 2.739303186536e-02 5.039764940739e-02 3.363832458854e-02 4.457740485668e-02 5.401089042425e-02 6.021051481366e-02 5.904831364751e-02 4.897375777364e-02 3.781107440591e-02 3.686821833253e-02 6.491336226463e-02 4.449792206287e-02
1.194405462593e-02 2.516175433993e-02 3.013047389686e-02 3.217744454741e-02 4.183008149266e-02 4.413080215454e-02 3.892204537988e-02 4.653722420335e-02 2.823800221086e-02 3.422081470490e-02 3.984022885561e-02 4.440993815660e-02 4.753090068698e-02 4.930647835135e-02 4.989668354392e-02 4.977947473526e-02 4.923725128174e-02 7.788779586554e-02 1.064402833581e-01 1.106171980500e-01 9.530754387379e-02 7.466925680637e-02 5.462361499667e-02 3.869384899735e-02 5.463470518589e-02 5.233967304230e-02 4.427802190185e-02 1.269856542349e-01 1.241750568151e-01 6.084403023124e-02 3.740832209587e-02 4.427724704146e-02 4.777717962861e-02 5.351826176047e-02 6.064729765058e-02 6.334314495325e-02 6.073518469930e-02 5.269014835358e-02 5.008440464735e-02 5.800802260637e-02 4.384464025497e-02 5.547078326344e-02 5.342014878988e-02
1.031632162631e-02 1.962551474571e-02 2.505454421043e-02 2.966068871319e-02 3.533306345344e-02 4.481458663940e-02 4.507080838084e-02 4.401462152600e-02 3.503809496760e-02 4.077291861176e-02 4.486822336912e-02 4.746352508664e-02 4.900542274117e-02 4.984608665109e-02 4.988428950310e-02 4.959793388844e-02 4.956840351224e-02 8.565786480904e-02 1.157159879804e-01 1.181613281369e-01 1.021534129977e-01 8.316976577044e-02 6.499250978231e-02 4.751756787300e-02 7.335957884789e-02 7.093160599470e-02 5.981889367104e-02 1.105436533689e-01 9.741327911615e-02 5.173373967409e-02 6.528909504414e-02 7.370515167713e-02 7.345338910818e-02 7.106283307076e-02 6.892728805542e-02 6.707883626223e-02 6.505667418242e-02 6.172920018435e-02 5.646454915404e-02 7.858946919441e-02 4.883049428463e-02 4.216270893812e-02 6.880183517933e-02
1.283042784780e-02 2.471562288702e-02 2.429078333080e-02 2.277727797627e-02 2.793851308525e-02 3.841068223119e-02 4.793263971806e-02 4.576154053211e-02 3.896196186543e-02 4.332372546196e-02 4.549646005034e-02 4.618176817894e-02 4.582583904266e-02 4.475466907024e-02 4.355225712061e-02 4.329329729080e-02 4.436124116182e-02 7.859332114458e-02 1.040865629911e-01 1.075891405344e-01 9.658572822809e-02 8.187010139227e-02 6.756512820721e-02 5.337200686336e-02 7.243154197931e-02 7.482297718525e-02 6.610800325871e-02 9.043526649475e-02 7.105085253716e-02 5.674852803349e-02 7.659956067801e-02 8.668423444033e-02 8.275836706161e-02 7.446646690369e-02 6.719920784235e-02 6.319747865200e-02 5.969027802348e-02 5.561539158225e-02 5.083465203643e-02 8.309314399958e-02 7.610996067524e-02 4.349852725863e-02 7.810928672552e-02
1.650885306299e-02 3.303164616227e-02 3.320839256048e-02 3.260128945112e-02 3.153888136148e-02 2.999244816601e-02 4.198747500777e-02 5.120022222400e-02 4.529515653849e-02 4.232019931078e-02 4.285168647766e-02 4.189451411366e-02 3.999067470431e-02 3.746270015836e-02 3.526035696268e-02 3.572447597980e-02 3.605892509222e-02 6.204351037741e-02 7.995646446943e-02 8.432936668396e-02 7.890187948942e-02 7.083938270807e-02 6.249926239252e-02 5.356218665838e-02 5.673398450017e-02 6.187942251563e-02 6.046484410763e-02 9.196089208126e-02 5.206579715014e-02 5.756507441401e-02 7.456996291876e-02 8.283977210522e-02 7.930836081505e-02 6.558816134930e-02 4.866418242455e-02 5.009789019823e-02 4.270014539361e-02 4.521718993783e-02 4.404925927520e-02 6.845542788506e-02 1.015409380198e-01 4.408780112863e-02 7.849816977978e-02
1.672643609345e-02 3.399877250195e-02 3.523647412658e-02 3.694102168083e-02 3.823437541723e-02 3.858492150903e-02 3.823524713516e-02 4.596460610628e-02 5.348872393370e-02 4.294385761023e-02 3.841178119183e-02 3.637403249741e-02 3.376465663314e-02 3.197447583079e-02 3.441671654582e-02 3.653724119067e-02 3.892210870981e-02 5.089138448238e-02 5.594774708152e-02 6.000601872802e-02 5.876757204533e-02 5.451283976436e-02 5.088391527534e-02 4.821918159723e-02 4.615205526352e-02 4.529444873333e-02 5.988640710711e-02 9.729707241058e-02 6.639183312654e-02 6.496649235487e-02 7.718708366156e-02 7.839385420084e-02 6.589995324612e-02 6.590288877487e-02 3.571654483676e-02 5.946315079927e-02 5.664935708046e-02 5.250532552600e-02 4.506647959352e-02 4.789826646447e-02 1.152051091194e-01 6.257881969213e-02 6.953127682209e-02
1.814360916615e-02 3.132344037294e-02 3.081666864455e-02 3.232597559690e-02 3.526144847274e-02 3.879764676094e-02 4.111979156733e-02 4.225280880928e-02 4.917835071683e-02 5.206698179245e-02 4.468770325184e-02 4.307983443141e-02 4.328117147088e-02 3.923796489835e-02 3.548524901271e-02 4.029263928533e-02 4.449082165956e-02 5.234093219042e-02 5.283039435744e-02 4.465006291866e-02 4.010019823909e-02 4.675055667758e-02 5.863573774695e-02 6.099238246679e-02 5.512949451804e-02 4.458314180374e-02 6.630729883909e-02 9.896857291460e-02 6.668995320797e-02 7.008607685566e-02 7.376650720835e-02 7.580417394638e-02 8.151996880770e-02 7.327868789434e-02 4.453619197011e-02 6.693860888481e-02 6.298854202032e-02 5.213218182325e-02 3.927011787891e-02 4.686781764030e-02 1.104728505015e-01 9.617187827826e-02 5.346287786961e-02
2.069148980081e-02 3.811243921518e-02 4.104429483414e-02 3.540969640017e-02 3.229794651270e-02 3.491054102778e-02 3.564837947488e-02 3.561104834080e-02 3.852624818683e-02 4.789970070124e-02 5.219907686114e-02 5.379332974553e-02 5.386767908931e-02 4.950550571084e-02 4.878930374980e-02 4.710847884417e-02 4.424431174994e-02 5.238686501980e-02 5.497889220715e-02 4.895326495171e-02 4.041308164597e-02 3.716698661447e-02 4.083745926619e-02 4.566087201238e-02 4.689860716462e-02 4.729857295752e-02 5.803271755576e-02 9.498687833548e-02 6.775076687336e-02 5.942883715034e-02 6.810301542282e-02 7.844590395689e-02 8.768281340599e-02 7.485018670559e-02 5.123451724648e-02 7.396682351828e-02 6.032509729266e-02 4.683869332075e-02 3.520518541336e-02 4.274597764015e-02 8.878628164530e-02 1.302286684513e-01 5.940976366401e-02
2.028918266296e-02 3.978138044477e-02 4.728553071618e-02 4.453916847706e-02 3.372845798731e-02 2.581308037043e-02 3.141727671027e-02 3.569746017456e-02 3.839721530676e-02 3.880098089576e-02 5.166512355208e-02 5.741265043616e-02 5.464592203498e-02 5.483806505799e-02 5.552768707275e-02 5.477746948600e-02 4.843054339290e-02 5.188288539648e-02 5.674253776670e-02 5.234922096133e-02 3.975294902921e-02 4.808389768004e-02 4.709648713470e-02 4.829067736864e-02 4.255428910255e-02 4.142159596086e-02 4.354438930750e-02 8.789411932230e-02 8.010227233171e-02 6.352010369301e-02 6.146127730608e-02 6.633611768484e-02 8.217725902796e-02 7.338881492615e-02 5.953053757548e-02 7.145816087723e-02 5.254622176290e-02 4.199564456940e-02 3.954572975636e-02 3.894278034568e-02 6.090339273214e-02 1.523145437241e-01 6.260155886412e-02
