VariationalSeries/SI/f181.grd
DSAA
101	101
32.816463539100	34.260883539100
35.556306596100	36.727886596100
5.690197576769e-05	9.196815490723e+00
[rows 57 to 75 of 101, columns 43 to 85 of 101]
3.913603723049e-02 4.627940431237e-02 2.360660210252e-02 2.607079967856e-02 2.583212777972e-02 4.159911349416e-02 4.697840288281e-02 6.342622637749e-02 5.533841624856e-02 3.015811927617e-02 2.096368558705e-02 1.764376647770e-02 1.297221891582e-02 2.297327853739e-02 9.579230099916e-02 3.218212425709e-01 7.150868177414e-01 6.723036766052e-01 9.641112089157e-01 3.282987475395e-01 9.460844844580e-02 7.226157188416e-02 1.313896328211e-01 2.409804463387e-01 4.124547541142e-01 3.738772571087e-01 4.062932729721e-01 3.294069766998e-01 4.312848746777e-01 3.966753780842e-01 4.189233481884e-01 3.121906518936e-01 3.250810503960e-01 4.562546312809e-01 2.833775877953e-01 1.777852922678e-01 2.075016498566e-01 2.912833690643e-01 3.652796447277e-01 2.641260623932e-01 1.099455133080e-01 9.670035541058e-02 9.347834438086e-02
3.129887208343e-02 5.174432322383e-02 1.904542371631e-02 2.021180093288e-02 2.003528736532e-02 3.019138053060e-02 5.909256264567e-02 1.905695796013e-01 1.517553627491e-01 3.256401792169e-02 1.936834491789e-02 1.302570756525e-02 1.009526848793e-02 9.950233623385e-03 1.993018202484e-02 1.919290870428e-01 2.251088321209e-01 2.346528321505e-01 1.900717616081e-01 1.926003843546e-01 1.411523669958e-01 1.072496250272e-01 8.275513350964e-02 4.927901551127e-02 1.281142979860e-01 2.570057511330e-01 4.485513567924e-01 4.560550153255e-01 4.978784620762e-01 2.740221023560e-01 3.609723746777e-01 3.293561637402e-01 2.822984457016e-01 2.482781559229e-01 2.523854076862e-01 1.899732500315e-01 1.863453984261e-01 2.243597209454e-01 2.206715792418e-01 2.023449093103e-01 2.101923078299e-01 2.206315398216e-01 2.066718637943e-01
2.576968818903e-02 2.490192465484e-02 1.736153289676e-02 1.838939078152e-02 1.870708167553e-02 2.748277597129e-02 8.402086049318e-02 2.148924022913e-01 2.146248966455e-01 4.835176095366e-02 1.977469027042e-02 1.117454841733e-02 7.973358966410e-03 7.288125809282e-03 7.413753308356e-03 9.305288083851e-03 1.292678248137e-02 1.758881472051e-02 2.289244905114e-02 2.805610932410e-02 3.302716836333e-02 3.890603408217e-02 2.618717961013e-02 2.630369178951e-02 6.311446428299e-02 2.938363254070e-01 5.064151287079e-01 5.742638707161e-01 5.508199930191e-01 5.562663078308e-01 3.667837083340e-01 3.173002004623e-01 2.693960368633e-01 2.454954534769e-01 3.447582125664e-01 2.971133291721e-01 2.464586347342e-01 1.544317156076e-01 1.659960448742e-01 1.395122855902e-01 1.230571419001e-01 1.163137182593e-01 1.017318814993e-01
2.380619943142e-02 2.146993391216e-02 1.680167205632e-02 1.864442229271e-02 2.122633717954e-02 2.791709080338e-02 1.876520216465e-01 2.168943583965e-01 2.679838538170e-01 3.714489564300e-02 1.736224815249e-02 1.080727577209e-02 7.262856233865e-03 5.898275878280e-03 5.615354981273e-03 5.886351689696e-03 7.235719822347e-03 9.542029350996e-03 1.389477681369e-02 1.611059717834e-02 1.845422759652e-02 3.702547028661e-02 1.895645447075e-02 1.741613447666e-02 5.383468046784e-02 1.197722554207e-01 4.286234378815e-01 4.746530354023e-01 5.076885819435e-01 5.422298312187e-01 4.502155482769e-01 3.485203981400e-01 2.420368939638e-01 3.103615939617e-01 2.161726504564e-01 1.902280151844e-01 1.577453911304e-01 1.304304450750e-01 1.226579174399e-01 1.206394135952e-01 1.280854046345e-01 1.817291527987e-01 2.528870999813e-01
2.018849179149e-02 1.575268991292e-02 1.650923863053e-02 1.978244446218e-02 3.085024096072e-02 5.056264624000e-02 1.537155359983e-01 3.398070931435e-01 1.311870068312e-01 2.081115357578e-02 1.262998208404e-02 9.216818027198e-03 6.631385535002e-03 4.974847193807e-03 4.554011859000e-03 4.545318428427e-03 4.913981538266e-03 6.618973333389e-03 9.119785390794e-03 1.042990386486e-02 1.087779086083e-02 2.259295247495e-02 1.346066500992e-02 1.474572625011e-02 3.268669545650e-02 1.124234274030e-01 3.042326867580e-01 4.135405719280e-01 4.287990629673e-01 3.264457583427e-01 2.514062821865e-01 3.608561456203e-01 2.468637228012e-01 1.742777377367e-01 1.933210641146e-01 2.436798810959e-01 2.206586450338e-01 1.565164774656e-01 1.461679190397e-01 1.424871534109e-01 1.381382495165e-01 1.529190689325e-01 1.904036253691e-01
1.464712992311e-02 1.212681736797e-02 1.517432089895e-02 3.604364022613e-02 8.106117695570e-02 1.879882365465e-01 2.756232619286e-01 1.736192852259e-01 1.840930990875e-02 1.260261237621e-02 9.044019505382e-03 7.446195930243e-03 5.815254058689e-03 4.742844961584e-03 4.181705880910e-03 4.351404495537e-03 4.530875943601e-03 5.476361606270e-03 7.907884195447e-03 9.728559292853e-03 1.032935455441e-02 1.099157519639e-02 1.103897299618e-02 1.632825285196e-02 3.987026587129e-02 1.047096997499e-01 1.284498274326e-01 1.289588809013e-01 2.481928616762e-01 2.871448993683e-01 3.370299041271e-01 2.146970182657e-01 2.786431610584e-01 2.049657851458e-01 2.288128286600e-01 2.695102691650e-01 5.396835207939e-01 3.404396772385e-01 2.002718895674e-01 1.645719856024e-01 1.693218946457e-01 1.664157658815e-01 1.607679426670e-01
9.447700344026e-03 9.937861002982e-03 1.257568877190e-02 1.591055653989e-02 3.476854786277e-02 2.164835035801e-01 1.406849622726e-01 1.882367394865e-02 1.094887405634e-02 9.649746119976e-03 8.077869191766e-03 6.819203030318e-03 5.365377292037e-03 4.565279465169e-03 4.076524171978e-03 4.494478460401e-03 4.625282716006e-03 4.599287640303e-03 6.505108438432e-03 8.299841545522e-03 9.371758438647e-03 9.313795715570e-03 1.174089033157e-02 1.899645663798e-02 5.945113301277e-02 1.180355846882e-01 6.965540349483e-02 9.177196025848e-02 8.551068603992e-02 4.410538673401e-01 6.428578495979e-01 3.473484218121e-01 1.904010027647e-01 2.620572149754e-01 1.030170023441e-01 1.085221916437e-01 4.044219553471e-01 1.942851394415e-01 1.582185626030e-01 1.213943734765e-01 1.247677728534e-01 1.391448229551e-01 1.499647945166e-01
7.989205420017e-03 8.690331131220e-03 1.019461732358e-02 1.290984079242e-02 1.457576546818e-02 2.032300643623e-02 2.246756665409e-02 1.531417015940e-02 7.930931635201e-03 8.191953413188e-03 7.185284513980e-03 6.557968445122e-03 5.361672025174e-03 4.358469508588e-03 4.448078107089e-03 4.536608234048e-03 4.866133909672e-03 4.774652887136e-03 5.481976084411e-03 7.036416325718e-03 8.381851948798e-03 8.870812132955e-03 9.336159564555e-03 1.565092429519e-02 4.400067031384e-02 2.702456898987e-02 2.632101066411e-02 4.304092004895e-02 9.755169600248e-02 1.934046149254e-01 2.022815346718e-01 2.561327219009e-01 4.081416130066e-01 2.190328091383e-01 2.086297571659e-01 1.622449755669e-01 1.660613268614e-01 1.407550573349e-01 7.470304518938e-02 9.321562200785e-02 9.104692935944e-02 9.854257106781e-02 1.238797530532e-01
6.296844221652e-03 7.086124271154e-03 8.451318368316e-03 1.037323474884e-02 1.115780323744e-02 1.240700017661e-02 1.312869973481e-02 8.205388672650e-03 6.998871453106e-03 7.246887311339e-03 6.760740187019e-03 5.866637453437e-03 4.899797495455e-03 4.398318473250e-03 4.345155786723e-03 4.980681929737e-03 4.932839889079e-03 4.240414127707e-03 4.848336335272e-03 6.149551365525e-03 7.271410431713e-03 8.504441007972e-03 1.214622985572e-02 1.272143423557e-02 1.290789339691e-02 1.799349300563e-02 1.758320629597e-02 4.315203800797e-02 6.030460074544e-02 8.119454234838e-02 1.685728877783e-01 2.964555919170e-01 2.187923341990e-01 3.999349772930e-01 2.558493614197e-01 1.438789665699e-01 1.192575842142e-01 1.083219274879e-01 1.305659264326e-01 1.227076575160e-01 1.529072374105e-01 1.506981104612e-01 1.751998364925e-01
5.814012140036e-03 5.706567317247e-03 6.425832863897e-03 7.347633596510e-03 7.923799566925e-03 7.778210099787e-03 7.406425196677e-03 7.191587239504e-03 7.780026644468e-03 7.690591271967e-03 7.164831738919e-03 6.242495030165e-03 5.104919895530e-03 4.509449005127e-03 4.073644522578e-03 4.012230783701e-03 4.530506208539e-03 4.596001468599e-03 4.596265498549e-03 5.540545564145e-03 6.408989429474e-03 7.626420818269e-03 1.165636721998e-02 1.318662893027e-02 1.422482822090e-02 2.937805093825e-02 4.040056094527e-02 5.192607268691e-02 7.289219647646e-02 7.892772555351e-02 1.727680861950e-01 3.282737135887e-01 1.549996137619e-01 1.654659658670e-01 2.917789816856e-01 2.466606497765e-01 1.712232232094e-01 1.453384608030e-01 1.823270767927e-01 9.377674013376e-02 1.242193058133e-01 1.513885557652e-01 1.808463186026e-01
4.777293652296e-03 5.375091917813e-03 5.645511206239e-03 5.738567560911e-03 6.425769533962e-03 6.934989243746e-03 7.471654098481e-03 6.633884739131e-03 6.388049572706e-03 6.590210366994e-03 7.079949602485e-03 7.046605926007e-03 6.063654553145e-03 5.138127598912e-03 4.870996810496e-03 4.379910416901e-03 3.772725583985e-03 4.186716396362e-03 4.734558518976e-03 5.225810687989e-03 5.729536991566e-03 6.560827605426e-03 9.915599599481e-03 9.643857367337e-03 1.069429516792e-02 2.659543976188e-02 5.687602236867e-02 7.677476108074e-02 1.079971939325e-01 5.668939650059e-02 1.676000952721e-01 8.384243398905e-02 9.004370123148e-02 1.027708202600e-01 1.642277091742e-01 1.811187863350e-01 2.351702600718e-01 2.141561806202e-01 1.590533554554e-01 1.361706554890e-01 1.041402667761e-01 1.120780408382e-01 9.063127636909e-02
4.643650725484e-03 5.137223750353e-03 5.112365353853e-03 5.235746037215e-03 5.594194866717e-03 6.229830440134e-03 6.742831785232e-03 6.023933179677e-03 4.674152471125e-03 4.988336004317e-03 5.397851113230e-03 6.434194743633e-03 6.679668091238e-03 5.547071341425e-03 5.233185831457e-03 6.307818926871e-03 5.591706838459e-03 4.543824587017e-03 4.942040424794e-03 5.137736909091e-03 6.306630559266e-03 6.994810886681e-03 7.778030354530e-03 9.436660446227e-03 1.096064969897e-02 1.934364996850e-02 4.090134799480e-02 4.876579344273e-02 6.694426387548e-02 3.784913942218e-02 8.069959282875e-02 6.169192120433e-02 1.026070341468e-01 6.209500879049e-02 1.225433647633e-01 9.238185733557e-02 1.466567814350e-01 1.797295063734e-01 1.606718599796e-01 2.166915833950e-01 1.970482766628e-01 1.576120257378e-01 1.378497630358e-01
4.472149070352e-03 4.838227760047e-03 4.653785843402e-03 4.769111517817e-03 4.789252765477e-03 4.666490480304e-03 5.169270094484e-03 4.887395538390e-03 5.760745611042e-03 6.243580952287e-03 5.667483899742e-03 5.778518505394e-03 6.376361940056e-03 6.632155273110e-03 6.058247294277e-03 7.823091931641e-03 6.963579915464e-03 5.296007730067e-03 5.341717973351e-03 5.340751726180e-03 6.133907474577e-03 6.646065972745e-03 7.298545446247e-03 9.740521200001e-03 1.145503483713e-02 1.729299500585e-02 2.594665251672e-02 3.022209554911e-02 3.209508955479e-02 4.057393223047e-02 6.837335973978e-02 1.048947423697e-01 7.059686630964e-02 1.687877476215e-01 5.890612676740e-02 7.648032903671e-02 1.572171002626e-01 2.198225557804e-01 1.079375594854e-01 1.220633685589e-01 7.734533399343e-02 1.462830454111e-01 1.285991370678e-01
3.987065516412e-03 4.312509670854e-03 4.148555919528e-03 4.106014966965e-03 3.810464870185e-03 3.835816401988e-03 4.047411493957e-03 5.302318837494e-03 6.598779931664e-03 6.783421617001e-03 5.928363651037e-03 6.593410857022e-03 7.349014282227e-03 7.134931627661e-03 7.073729764670e-03 7.230451796204e-03 7.868012413383e-03 9.221636690199e-03 8.263234980404e-03 7.414254825562e-03 7.622587960213e-03 8.241703733802e-03 9.847871027887e-03 9.871900081635e-03 1.221709325910e-02 1.502222660929e-02 2.394010871649e-02 2.462398819625e-02 4.403538629413e-02 8.910531550646e-02 1.107928529382e-01 5.647362023592e-02 5.673545971513e-02 1.717627793550e-01 9.083907306194e-02 1.116529256105e-01 9.889796376228e-02 1.285297423601e-01 9.391399472952e-02 3.582503646612e-02 3.410093113780e-02 4.604268819094e-02 9.183341264725e-02
3.689779667184e-03 3.694551764056e-03 3.652543528005e-03 3.605781123042e-03 3.707642666996e-03 3.926013596356e-03 4.169889725745e-03 4.951211158186e-03 5.552947521210e-03 5.321128759533e-03 6.231115199625e-03 6.700885947794e-03 6.495588459074e-03 6.823589559644e-03 9.313978254795e-03 1.297801639885e-02 1.476143300533e-02 1.874056644738e-02 1.872792094946e-02 2.016862481833e-02 1.436869706959e-02 1.381599437445e-02 1.602029427886e-02 1.341241970658e-02 1.525559462607e-02 2.108551561832e-02 6.388216465712e-02 5.965149402618e-02 5.705932900310e-02 7.693325728178e-02 4.337500780821e-02 4.569725319743e-02 6.141855195165e-02 3.492209687829e-02 1.900321692228e-01 2.650776803493e-01 2.367389649153e-01 5.482626706362e-02 2.586021274328e-02 2.132958546281e-02 2.084013633430e-02 2.465957030654e-02 2.610241807997e-02
3.431482939050e-03 3.559804987162e-03 3.406846197322e-03 3.672262653708e-03 3.949837293476e-03 4.519414622337e-03 4.518837202340e-03 5.240725819021e-03 5.738355219364e-03 6.666698493063e-03 6.869714707136e-03 8.151617832482e-03 8.531519211829e-03 7.864962331951e-03 1.924896053970e-02 6.909307092428e-02 5.459788814187e-02 3.236044198275e-02 3.629735112190e-02 4.527511447668e-02 3.345611318946e-02 1.773618534207e-02 2.063551358879e-02 2.588956989348e-02 2.503267489374e-02 4.662584513426e-02 6.570009142160e-02 5.867297947407e-02 4.735833033919e-02 4.298771917820e-02 4.875279963017e-02 4.556670412421e-02 3.435374796391e-02 2.856095694005e-02 4.869106784463e-02 2.237856835127e-01 2.332502752542e-01 4.812330380082e-02 1.708237826824e-02 1.740574091673e-02 1.563419960439e-02 1.502158306539e-02 2.473627030849e-02
3.443242749199e-03 3.709629178047e-03 4.696480464190e-03 5.249068606645e-03 4.832087550312e-03 8.007987402380e-03 9.413977153599e-03 9.554916992784e-03 8.072476834059e-03 7.890102453530e-03 8.616528473794e-03 1.082086004317e-02 1.076114457101e-02 4.003991559148e-02 2.827896177769e-01 3.559215664864e-01 1.659783273935e-01 9.448011219501e-02 7.540357112885e-02 5.939441546798e-02 2.837463654578e-02 2.800994552672e-02 6.151437014341e-02 1.312167346478e-01 1.075855493546e-01 5.736429989338e-02 6.677951663733e-02 5.403456836939e-02 5.751993507147e-02 4.001849889755e-02 9.921962022781e-02 3.960177674890e-02 3.036926873028e-02 2.146053873003e-02 1.421823259443e-02 4.610465094447e-02 5.090501159430e-02 1.245673280209e-02 8.340175263584e-03 9.816753678024e-03 1.213959697634e-02 1.357140019536e-02 1.268849335611e-02
4.227144643664e-03 6.654500029981e-03 9.073933586478e-03 9.858435019851e-03 1.273066271096e-02 1.692128553987e-02 1.662258431315e-02 1.466237287968e-02 1.260848902166e-02 9.724965319037e-03 1.163719967008e-02 1.284165587276e-02 7.200829684734e-02 3.969710767269e-01 5.425441265106e-01 1.889230310917e-01 5.949430167675e-02 3.626974672079e-02 3.687365353107e-02 3.208626061678e-02 3.111754171550e-02 7.086464017630e-02 1.395107954741e-01 1.862628906965e-01 1.498527675867e-01 7.712518423796e-02 5.302199721336e-02 3.912613913417e-02 3.521715477109e-02 3.149629011750e-02 4.262673109770e-02 1.951890997589e-02 2.205893024802e-02 1.788630895317e-02 1.123709417880e-02 6.659706123173e-03 5.496364552528e-03 5.327476654202e-03 5.609725601971e-03 6.988220382482e-03 9.384266100824e-03 1.186823565513e-02 1.214043423533e-02
7.010011933744e-03 1.048659440130e-02 1.393249444664e-02 1.863855496049e-02 3.609893098474e-02 3.583063930273e-02 5.013983324170e-02 3.584514930844e-02 4.074881598353e-02 2.420627325773e-02 1.361288037151e-02 9.394232183695e-02 3.783698976040e-01 3.763107955456e-01 9.830780327320e-02 2.961525693536e-02 5.498044565320e-02 7.267923653126e-02 5.116135254502e-02 5.963758751750e-02 7.220835238695e-02 7.262139767408e-02 1.056331917644e-01 8.609823137522e-02 5.861895531416e-02 4.552751034498e-02 2.835786528885e-02 1.107233483344e-02 1.120945438743e-02 1.122204493731e-02 1.436985656619e-02 1.051149237901e-02 9.260374121368e-03 6.394206080586e-03 6.540474947542e-03 6.663905922323e-03 6.882374174893e-03 7.229608483613e-03 7.694368250668e-03 8.287083357573e-03 8.377351798117e-03 9.963529184461e-03 1.262763142586e-02
