VariationalSeries/SI/f185_max.grd
DSAA
101	101
32.816463539100	34.260883539100
35.556306596100	36.727886596100
1.727327617118e-05	2.835497140884e+00
[rows 57 to 75 of 101, columns 0 to 42 of 101]
9.551607654430e-04 1.568883308209e-03 1.701324945316e-03 1.703175134026e-03 1.804818864912e-03 2.207174431533e-03 2.471590181813e-03 2.710014581680e-03 2.932627452537e-03 2.997268689796e-03 2.884340006858e-03 4.040931351483e-03 6.920118816197e-03 3.782039275393e-03 2.755689201877e-03 4.152792971581e-03 3.721211105585e-03 4.145633429289e-03 5.010840017349e-03 5.243034102023e-03 5.389759317040e-03 4.023785237223e-03 2.808647463098e-03 2.469895640388e-03 2.678809454665e-03 3.710321150720e-03 5.928653292358e-03 7.353110704571e-03 5.739072337747e-03 3.354439511895e-03 2.619399921969e-03 2.069404348731e-03 2.167760161683e-03 2.594986930490e-03 3.082488896325e-03 3.958655055612e-03 4.562163259834e-03 4.915955942124e-03 8.112384006381e-03 1.063757017255e-02 9.120035916567e-03 8.081094361842e-03 9.105720557272e-03
1.206315937452e-03 1.974391983822e-03 2.255521714687e-03 2.289133146405e-03 2.263983013108e-03 2.201921073720e-03 2.199752954766e-03 2.303559333086e-03 2.399450400844e-03 3.908081911504e-03 1.267314329743e-02 1.467078458518e-02 5.480369552970e-03 2.825448056683e-03 2.837809734046e-03 2.663992810994e-03 2.876898506656e-03 2.865912159905e-03 3.255788004026e-03 4.131845198572e-03 5.004011560231e-03 5.349799990654e-03 3.739496693015e-03 2.359397709370e-03 2.716849325225e-03 4.144827369601e-03 6.259112153202e-03 6.705210078508e-03 6.810421124101e-03 4.329537507147e-03 2.599890111014e-03 2.361430553719e-03 2.267163014039e-03 2.703732578084e-03 3.192143281922e-03 3.302636789158e-03 3.391886828467e-03 3.554865252227e-03 3.591729328036e-03 3.875806462020e-03 4.659874830395e-03 6.372855510563e-03 7.337017916143e-03
1.614949549548e-03 2.654972719029e-03 3.071710933000e-03 4.380622413009e-03 5.622367374599e-03 7.133724633604e-03 9.385927580297e-03 1.369182858616e-02 2.513063699007e-02 3.548635914922e-02 2.359908074141e-02 6.005836185068e-03 4.058906342834e-03 3.551488043740e-03 2.583118155599e-03 2.714793896303e-03 2.869649557397e-03 2.823872491717e-03 2.690558787435e-03 2.861996181309e-03 4.832561127841e-03 5.480459425598e-03 3.885316895321e-03 2.230416517705e-03 1.756447134539e-03 2.708667423576e-03 3.840707009658e-03 3.936259541661e-03 4.149946384132e-03 3.373809857294e-03 2.350615104660e-03 2.467838348821e-03 2.335546771064e-03 2.620797371492e-03 3.162164706737e-03 3.274911083281e-03 3.116705454886e-03 2.852665726095e-03 2.656989963725e-03 2.973205642775e-03 3.784268861637e-03 4.855738021433e-03 6.392593961209e-03
1.578687806614e-03 2.851831726730e-03 4.969609901309e-03 7.094482891262e-03 8.975436910987e-03 1.188237965107e-02 1.728826388717e-02 2.582175284624e-02 2.595236897469e-02 1.200409512967e-02 2.899461891502e-03 3.380808513612e-03 3.676655003801e-03 3.266839077696e-03 2.930695656687e-03 3.076364751905e-03 3.082511248067e-03 2.957558725029e-03 2.300119027495e-03 2.236918313429e-03 3.480222774670e-03 3.885840764269e-03 2.882715081796e-03 1.800863305107e-03 1.381127280183e-03 1.490738010034e-03 1.999057130888e-03 2.471809508279e-03 2.924362896010e-03 2.528773853555e-03 2.313140314072e-03 2.157545881346e-03 2.302082488313e-03 2.549025230110e-03 3.057964611799e-03 3.132020356134e-03 2.830156590790e-03 2.418212359771e-03 2.241628244519e-03 2.491103950888e-03 3.665689378977e-03 4.611067473888e-03 5.845421925187e-03
9.564780048095e-04 1.667212345637e-03 2.037985483184e-03 2.144896192476e-03 2.148459199816e-03 2.138604177162e-03 2.119253389537e-03 2.072982024401e-03 2.032380085438e-03 1.986691262573e-03 1.863008365035e-03 1.966372830793e-03 2.152250148356e-03 2.753815613687e-03 3.096681786701e-03 3.234073054045e-03 3.112568520010e-03 2.761609386653e-03 2.039796672761e-03 1.623415038921e-03 1.945530762896e-03 2.021204214543e-03 1.593968947418e-03 1.180155319162e-03 1.038059359416e-03 1.144249574281e-03 1.468510134146e-03 1.765603548847e-03 2.102836035192e-03 2.263935049996e-03 2.142383251339e-03 1.913866726682e-03 2.213387284428e-03 2.678654389456e-03 3.195847850293e-03 3.089382778853e-03 2.561405766755e-03 2.035393845290e-03 2.271639415994e-03 2.543112728745e-03 3.781279316172e-03 4.694540053606e-03 5.510569084436e-03
4.491803119890e-04 8.372418233193e-04 1.085783354938e-03 1.199121354148e-03 1.243123668246e-03 1.279095886275e-03 1.313423737884e-03 1.338560949080e-03 1.377985347062e-03 1.417416147888e-03 1.388486591168e-03 1.304973848164e-03 1.331934123300e-03 1.768311602063e-03 2.079996280372e-03 2.189581980929e-03 1.992492936552e-03 1.773250056431e-03 1.497959019616e-03 1.269318861887e-03 1.034310669638e-03 9.668578859419e-04 7.977561326697e-04 8.898566593416e-04 1.049883780070e-03 1.103775110096e-03 1.217821612954e-03 1.467161928304e-03 1.780043821782e-03 1.947249635123e-03 1.918099122122e-03 1.810651854612e-03 2.210877370089e-03 2.967852866277e-03 3.447117982432e-03 3.108609467745e-03 2.326845191419e-03 1.996532781050e-03 2.328223315999e-03 2.732017077506e-03 3.668601159006e-03 4.113793838769e-03 4.749789368361e-03
3.089851525147e-04 5.204937187955e-04 6.464467733167e-04 7.359746959992e-04 7.918145856820e-04 8.405114058405e-04 8.872371981852e-04 9.262793464586e-04 9.729648008943e-04 1.020715339109e-03 1.026952755637e-03 9.939700830728e-04 9.562423801981e-04 9.224283276126e-04 9.313540067524e-04 1.056715846062e-03 1.114635961130e-03 1.099612563848e-03 1.008958788589e-03 9.624139638618e-04 8.244288619608e-04 7.736270199530e-04 6.845983443782e-04 9.065305348486e-04 1.117840060033e-03 1.224349369295e-03 1.216839416884e-03 1.206197775900e-03 1.470368355513e-03 1.634995569475e-03 1.673903781921e-03 1.663305447437e-03 2.244858769700e-03 3.140414366499e-03 3.463362809271e-03 2.887427806854e-03 2.036776393652e-03 2.007640665397e-03 2.434090944007e-03 2.732757013291e-03 3.144350601360e-03 3.621011041105e-03 3.721172921360e-03
2.499797265045e-04 4.258828412276e-04 5.369415157475e-04 5.905049620196e-04 6.286368006840e-04 6.609609699808e-04 6.846809992567e-04 6.891033845022e-04 7.129411096685e-04 7.404325297102e-04 7.462751236744e-04 7.338802679442e-04 7.215202786028e-04 7.050842978060e-04 7.326357881539e-04 8.420511730947e-04 8.951573981903e-04 8.832518360578e-04 8.167147170752e-04 7.619237294421e-04 8.014000486583e-04 7.783607579768e-04 6.798613467254e-04 9.048064239323e-04 1.142190187238e-03 1.287026447244e-03 1.303633558564e-03 1.261908560991e-03 1.294712186791e-03 1.418519881554e-03 1.476601115428e-03 1.553322887048e-03 2.233025385067e-03 3.072225721553e-03 3.161411732435e-03 2.483536023647e-03 1.886225771159e-03 2.091751433909e-03 2.548642689362e-03 2.691451460123e-03 2.787756267935e-03 3.016618546098e-03 2.771320054308e-03
2.395475603407e-04 3.838015545625e-04 4.868260875810e-04 5.341465002857e-04 5.543003790081e-04 5.716274608858e-04 5.776216275990e-04 5.713092396036e-04 5.739170592278e-04 5.812569288537e-04 5.867688450962e-04 6.090135429986e-04 6.265500560403e-04 6.407424807549e-04 6.576240411960e-04 6.838640547357e-04 7.312392117456e-04 7.403150666505e-04 7.473195437342e-04 7.187603623606e-04 7.362954784185e-04 7.700355490670e-04 6.834334926680e-04 8.567597251385e-04 1.083386479877e-03 1.233900897205e-03 1.259872340597e-03 1.234497991391e-03 1.302158576436e-03 1.339426031336e-03 1.363870920613e-03 1.453260891140e-03 2.094703726470e-03 2.758027287200e-03 2.677427371964e-03 2.134430222213e-03 1.862232224084e-03 2.242247806862e-03 2.579822670668e-03 2.517058746889e-03 2.425769343972e-03 2.446751110256e-03 2.266119467095e-03
2.243891940452e-04 3.562839701772e-04 4.470420826692e-04 4.871478304267e-04 5.041364929639e-04 5.166135379113e-04 5.177433486097e-04 5.061273695901e-04 5.100652342662e-04 5.484262946993e-04 5.814410396852e-04 6.111793918535e-04 6.374571821652e-04 6.595040904358e-04 6.794736837037e-04 6.987976958044e-04 7.130308658816e-04 7.151527097449e-04 7.008555694483e-04 6.834290688857e-04 6.849209312350e-04 7.432533893734e-04 7.024634978734e-04 7.767472416162e-04 9.689106955193e-04 1.102248905227e-03 1.276885741390e-03 1.393750659190e-03 1.398769905791e-03 1.353001222014e-03 1.322095282376e-03 1.353115076199e-03 1.841275137849e-03 2.298214938492e-03 2.199903596193e-03 1.904880045913e-03 2.010964788496e-03 2.281380817294e-03 2.439504722133e-03 2.212255261838e-03 2.032259944826e-03 1.931681064889e-03 1.938925706781e-03
2.069715847028e-04 3.280852106400e-04 4.110150039196e-04 4.493329906836e-04 4.653780779336e-04 4.721379664261e-04 4.683701554313e-04 4.685647727456e-04 4.781920579262e-04 5.190975498408e-04 5.559217534028e-04 5.904175341129e-04 6.220866926014e-04 6.485920748673e-04 6.690953741781e-04 6.823611329310e-04 6.839398993179e-04 7.404201896861e-04 7.559685036540e-04 7.014626753516e-04 6.406729226001e-04 6.819246918894e-04 6.958754383959e-04 6.976875010878e-04 8.520954870619e-04 9.628286934458e-04 1.164972549304e-03 1.353373751044e-03 1.397644402459e-03 1.351321348920e-03 1.295755966567e-03 1.276981900446e-03 1.469763577916e-03 1.783459214494e-03 1.749857678078e-03 1.616850378923e-03 1.739406958222e-03 1.933421590365e-03 1.999462721869e-03 1.739491126500e-03 1.591540640220e-03 1.475961296819e-03 1.462573418394e-03
1.923081144923e-04 3.053437103517e-04 3.840815043077e-04 4.222476854920e-04 4.360806196928e-04 4.367158690002e-04 4.294443933759e-04 4.334024852142e-04 4.506139084697e-04 4.679420380853e-04 5.054618231952e-04 5.412514437921e-04 5.743703804910e-04 6.022356101312e-04 6.223503733054e-04 6.492448737845e-04 7.123943069018e-04 8.018134394661e-04 8.412997703999e-04 8.184239268303e-04 7.490037824027e-04 6.661453517154e-04 6.854296079837e-04 6.936730351299e-04 7.588928565383e-04 8.478859672323e-04 8.739873883314e-04 1.053595799021e-03 1.191805698909e-03 1.233569346368e-03 1.218107179739e-03 1.226416439749e-03 1.264704740606e-03 1.319093513303e-03 1.297809183598e-03 1.254913513549e-03 1.332812826149e-03 1.548889209516e-03 1.649642479606e-03 1.355875981972e-03 1.214246265590e-03 1.084524323232e-03 1.187342684716e-03
1.817002048483e-04 2.893558121286e-04 3.653951862361e-04 4.015679296572e-04 4.110453592148e-04 4.075055476278e-04 4.001798515674e-04 4.007671377622e-04 4.144336853642e-04 4.320480511524e-04 4.393830604386e-04 4.741307930090e-04 5.060650291853e-04 5.334123270586e-04 5.577402771451e-04 6.199210183695e-04 7.246640161611e-04 8.267541415989e-04 8.959206752479e-04 9.166874224320e-04 8.915274520405e-04 8.383438107558e-04 7.742893649265e-04 7.153762853704e-04 6.873344536871e-04 7.610667380504e-04 7.748437346891e-04 7.424070499837e-04 9.002626757137e-04 1.033315318637e-03 1.121095963754e-03 1.185975153930e-03 1.226052059792e-03 1.197177334689e-03 1.064930926077e-03 1.037954585627e-03 1.167745562270e-03 1.468783942983e-03 1.704010646790e-03 1.530880224891e-03 1.126653514802e-03 1.006518024951e-03 1.144599285908e-03
1.778790465323e-04 2.828285505529e-04 3.558124299161e-04 3.877245180774e-04 3.925730416086e-04 3.867742198054e-04 3.859139687847e-04 3.910337982234e-04 3.863030869979e-04 3.899360308424e-04 4.017915925942e-04 4.440627817530e-04 4.884498775937e-04 5.344887031242e-04 5.752192810178e-04 6.338853854686e-04 7.369787199423e-04 8.413833566010e-04 9.353003115393e-04 9.934349218383e-04 1.003380515613e-03 9.785440051928e-04 9.362740092911e-04 8.931810152717e-04 8.679004386067e-04 8.516073576175e-04 8.203000761569e-04 7.732391241007e-04 8.916225633584e-04 1.000341144390e-03 1.081439433619e-03 1.155608915724e-03 1.195310731418e-03 1.116993837059e-03 1.062797731720e-03 1.093190861866e-03 1.176414545625e-03 1.418211613782e-03 1.640288624913e-03 1.488258945756e-03 1.149854972027e-03 1.002262695692e-03 1.140888780355e-03
1.809126697481e-04 2.861575630959e-04 3.567633393686e-04 3.846705949400e-04 3.861023578793e-04 3.780410916079e-04 3.798809775617e-04 3.808830806520e-04 3.891425149050e-04 3.911145322490e-04 4.160444659647e-04 4.578895750456e-04 4.988011787646e-04 5.377501365729e-04 5.692436825484e-04 6.526128854603e-04 7.693688967265e-04 8.798241615295e-04 9.865829488263e-04 1.063980394974e-03 1.089223194867e-03 1.073013176210e-03 1.033240696415e-03 9.838244877756e-04 9.431636426598e-04 9.028332424350e-04 8.352096192539e-04 7.611498585902e-04 8.736960589886e-04 9.683028329164e-04 1.049431622960e-03 1.127899857238e-03 1.154336961918e-03 1.061109709553e-03 1.077776076272e-03 1.115817925893e-03 1.203271327540e-03 1.373742474243e-03 1.480948529206e-03 1.302783028223e-03 1.069124438800e-03 9.308652952313e-04 1.059027737938e-03
1.856054732343e-04 2.926739689428e-04 3.621747018769e-04 3.877162234858e-04 3.871425578836e-04 3.859954304062e-04 4.022447974421e-04 4.135607450735e-04 4.199531977065e-04 4.208552127238e-04 4.170468600933e-04 4.401280311868e-04 4.862906062044e-04 5.440630484372e-04 5.627479986288e-04 6.395318778232e-04 7.873594877310e-04 9.149594116025e-04 1.016132533550e-03 1.079803798348e-03 1.093919039704e-03 1.064441283233e-03 1.009301515296e-03 9.447108022869e-04 8.841718081385e-04 8.232007967308e-04 7.369706872851e-04 7.605535211042e-04 8.572009392083e-04 9.423752781004e-04 1.019875635393e-03 1.084749121219e-03 1.085403142497e-03 9.988765232265e-04 1.101827714592e-03 1.375653548166e-03 1.301372423768e-03 1.360716880299e-03 1.311004045419e-03 1.114989747293e-03 9.674331522547e-04 8.471785113215e-04 9.613378788345e-04
1.829532702686e-04 2.875547797885e-04 3.537457669154e-04 3.773196076509e-04 3.765984147321e-04 3.876299597323e-04 3.980999172200e-04 4.031688149553e-04 4.044168163091e-04 4.019091720693e-04 4.026855167467e-04 4.519713402260e-04 5.259519093670e-04 5.890128668398e-04 6.078498554416e-04 5.945934681222e-04 7.529024151154e-04 8.833843166940e-04 9.569870308042e-04 9.828627808020e-04 9.690496954136e-04 9.164022631012e-04 8.463092963211e-04 7.855112198740e-04 7.362919277512e-04 6.833967636339e-04 6.862232112326e-04 7.544849650003e-04 8.399033104070e-04 9.164739167318e-04 9.832591749728e-04 1.020375057124e-03 9.919605217874e-04 9.579699253663e-04 1.148956129327e-03 1.228811801411e-03 1.256744610146e-03 1.367509481497e-03 1.325899618678e-03 1.086569973268e-03 9.421629365534e-04 8.660358143970e-04 9.337449446321e-04
1.673909282545e-04 2.614254481159e-04 3.196970792487e-04 3.401669091545e-04 3.623760712799e-04 3.780923434533e-04 3.712769830599e-04 3.551614645403e-04 3.509179223329e-04 3.756509104278e-04 4.102169477846e-04 4.742649616674e-04 5.606053164229e-04 6.259254296310e-04 6.441480363719e-04 6.333304336295e-04 6.893046083860e-04 8.002652321011e-04 8.418030338362e-04 8.325238595717e-04 7.909597479738e-04 7.176057551987e-04 6.888816715218e-04 8.157370029949e-04 8.272535051219e-04 7.929922430776e-04 7.767864153720e-04 7.796918507665e-04 8.168169879355e-04 8.835095213726e-04 9.300393285230e-04 9.314119233750e-04 8.744532824494e-04 8.847887511365e-04 1.046917168424e-03 1.487615983933e-03 1.274672104046e-03 1.788009656593e-03 1.586125697941e-03 1.338125788607e-03 1.134426100180e-03 9.340688120574e-04 1.052175997756e-03
1.740511652315e-04 2.565503236838e-04 3.148165124003e-04 3.636410983745e-04 4.006082599517e-04 4.093241004739e-04 3.974275896326e-04 3.750327741727e-04 3.489420341793e-04 3.792195057031e-04 4.203022108413e-04 4.979327204637e-04 5.934361834079e-04 6.599452462979e-04 6.778828101233e-04 6.672360468656e-04 6.328076124191e-04 7.287279586308e-04 7.567363209091e-04 7.970238802955e-04 1.082476228476e-03 9.922797325999e-04 7.478233892471e-04 8.506905869581e-04 8.258877787739e-04 7.608161540702e-04 7.225250010379e-04 7.204499561340e-04 7.890698034316e-04 8.405477856286e-04 8.583163726144e-04 8.244421333075e-04 7.491157739423e-04 7.948184502311e-04 8.825607364997e-04 1.322242082097e-03 1.657501445152e-03 2.597596729174e-03 2.402131911367e-03 1.585151301697e-03 1.207298832014e-03 1.110912417062e-03 1.366988872178e-03
