VariationalSeries/SI/f185_max.grd
DSAA
101	101
32.816463539100	34.260883539100
35.556306596100	36.727886596100
1.727327617118e-05	2.835497140884e+00
[rows 76 to 94 of 101, columns 0 to 42 of 101]
1.821993064368e-04 2.635901619215e-04 3.469046496321e-04 4.108462599106e-04 4.415763542056e-04 4.444547812454e-04 4.294012906030e-04 4.054196178913e-04 3.781486011576e-04 4.079098580405e-04 4.611735930666e-04 5.529077607207e-04 6.547115044668e-04 7.199886604212e-04 7.330959197134e-04 7.116613560356e-04 6.481147720478e-04 6.910931551829e-04 7.115843473002e-04 7.598748197779e-04 1.048895646818e-03 1.026048907079e-03 6.727480795234e-04 7.303514867090e-04 6.767632439733e-04 6.222394295037e-04 6.319426465780e-04 7.029159460217e-04 7.961434312165e-04 8.413344621658e-04 8.099997066893e-04 7.628137827851e-04 7.415929576382e-04 7.279968704097e-04 8.047716110013e-04 9.671534644440e-04 1.867230283096e-03 2.224696567282e-03 2.093881368637e-03 1.481855288148e-03 1.449686940759e-03 2.420660108328e-03 4.218142945319e-03
1.833411806729e-04 2.964730374515e-04 3.935825079679e-04 4.540567169897e-04 4.782120231539e-04 4.758480645251e-04 4.570116288960e-04 4.291453224141e-04 4.454941954464e-04 4.945682594553e-04 5.691166152246e-04 6.728224689141e-04 7.687468314543e-04 8.154776296578e-04 8.028867305256e-04 7.447375683114e-04 6.344057619572e-04 6.527089863084e-04 6.554704159498e-04 5.836298805661e-04 5.985450698063e-04 6.275209016167e-04 5.478991079144e-04 6.607595132664e-04 7.000655168667e-04 6.422781734727e-04 6.914505502209e-04 8.324672235176e-04 9.237556951120e-04 9.342277771793e-04 8.713935385458e-04 7.996130152605e-04 7.939646602608e-04 7.775022531860e-04 9.455764084123e-04 1.014309935272e-03 1.673223217949e-03 1.870734151453e-03 2.057811478153e-03 2.332150470465e-03 4.825990181416e-03 6.297486834228e-03 5.964461248368e-03
1.953005121322e-04 3.115663130302e-04 4.058883350808e-04 4.593713965733e-04 4.764800250996e-04 4.685766471084e-04 4.447542305570e-04 4.849940596614e-04 5.465372814797e-04 6.114967982285e-04 6.954596610740e-04 7.839891477488e-04 8.411847520620e-04 8.395472541451e-04 7.794694975019e-04 6.768447929062e-04 5.376921035349e-04 5.647524376400e-04 5.469623138197e-04 4.797434085049e-04 4.373900883365e-04 4.906377289444e-04 5.942918360233e-04 7.920400239527e-04 8.340205531567e-04 7.533706375398e-04 9.241297957487e-04 1.002269447781e-03 1.024909084663e-03 1.002204022370e-03 9.369780891575e-04 8.684503263794e-04 8.269901154563e-04 9.515840210952e-04 1.226453576237e-03 1.581677584909e-03 2.083695260808e-03 2.583774505183e-03 2.164372475818e-03 5.679197609425e-03 6.550182122737e-03 6.318586412817e-03 6.238712929189e-03
1.764584303601e-04 2.789272693917e-04 3.596458700486e-04 4.029780975543e-04 4.139859520365e-04 4.025681118947e-04 4.611240583472e-04 5.248165107332e-04 5.758298793808e-04 6.265029660426e-04 6.796960951760e-04 7.191353943199e-04 7.234693621285e-04 6.810170016252e-04 6.014611572027e-04 5.029880558141e-04 4.700549761765e-04 4.534329054877e-04 4.237755783834e-04 3.898126597051e-04 4.048029659316e-04 4.506107652560e-04 7.131472812034e-04 9.699278161861e-04 1.048802980222e-03 1.101659843698e-03 1.133984536864e-03 1.142550376244e-03 1.076239510439e-03 1.012027845718e-03 9.576471638866e-04 9.091095416807e-04 1.008138526231e-03 1.193878706545e-03 1.523608807474e-03 1.757130376063e-03 1.714845770039e-03 2.796805463731e-03 3.264785045758e-03 4.826272837818e-03 5.596756469458e-03 5.641181021929e-03 5.733449012041e-03
1.460866187699e-04 2.339457278140e-04 2.852224570233e-04 3.115158469882e-04 3.198052581865e-04 3.713850164786e-04 4.265860479791e-04 4.605838039424e-04 4.763120086864e-04 4.903030348942e-04 5.065423902124e-04 5.161373992451e-04 5.060155526735e-04 4.682377912104e-04 4.814788408112e-04 4.927390255034e-04 4.873842699453e-04 4.622653359547e-04 4.228505713399e-04 3.834234667011e-04 3.810363705270e-04 4.702269507106e-04 8.028800948523e-04 1.103228307329e-03 1.250295550562e-03 1.326279132627e-03 1.336471643299e-03 1.368749304675e-03 1.333951018751e-03 1.147844945081e-03 9.864413877949e-04 9.492079261690e-04 1.109353732318e-03 1.212150789797e-03 1.283377874643e-03 1.369609613903e-03 1.821770682000e-03 2.699398901314e-03 3.566039958969e-03 3.621955635026e-03 5.665078293532e-03 6.803997792304e-03 5.339119117707e-03
1.992149482248e-04 3.010781947523e-04 3.642941592261e-04 3.928438236471e-04 4.092113522347e-04 4.166456346866e-04 4.191439074930e-04 4.164842248429e-04 4.086298868060e-04 3.977557644248e-04 4.151461180300e-04 4.511358274613e-04 4.824088828173e-04 5.094336229376e-04 5.284515209496e-04 5.331835127436e-04 5.181287997402e-04 4.816380387638e-04 4.316804697737e-04 4.215700610075e-04 3.984371433035e-04 5.068676546216e-04 8.271973929368e-04 1.138329389505e-03 2.823060611263e-03 8.351348340511e-03 8.885857649148e-03 4.000962246209e-03 2.328522037715e-03 1.835900009610e-03 1.302590244450e-03 1.001335214823e-03 1.176390680484e-03 1.544052269310e-03 1.250673900358e-03 1.486005145125e-03 1.645915093832e-03 2.787817735225e-03 4.868818446994e-03 4.764960147440e-03 5.280903540552e-03 6.983016617596e-03 9.609526954591e-03
2.822369278874e-04 4.161087563261e-04 4.973534960300e-04 5.400721565820e-04 5.520152626559e-04 5.489294999279e-04 5.378939677030e-04 5.210672388785e-04 4.997081705369e-04 4.800553724635e-04 5.644090706483e-04 6.484641926363e-04 7.214206852950e-04 7.713868399151e-04 7.881473284215e-04 7.669086917304e-04 7.080277428031e-04 6.158086471260e-04 5.712471320294e-04 5.430243327282e-04 5.084440927021e-04 5.866250139661e-04 8.271514670923e-04 1.850458909757e-03 7.818521931767e-03 2.249748073518e-02 2.459456399083e-02 1.237068697810e-02 5.362116266042e-03 2.635367447510e-03 1.701483153738e-03 1.281152246520e-03 1.157124643214e-03 1.645766315050e-03 1.785167842172e-03 1.850090804510e-03 1.652670558542e-03 2.514071762562e-03 5.742727778852e-03 8.628831245005e-03 5.696028936654e-03 5.510559305549e-03 1.222090423107e-02
3.546581428964e-04 5.063303397037e-04 6.057429127395e-04 6.442056037486e-04 6.424995372072e-04 6.213521119207e-04 5.910311010666e-04 5.752891884185e-04 6.736697396263e-04 8.219103910960e-04 9.749516611919e-04 1.119513064623e-03 1.242536585778e-03 1.339548733085e-03 1.406416413374e-03 1.430550124496e-03 1.393533311784e-03 1.273833564483e-03 1.050950610079e-03 7.835071301088e-04 7.244283915497e-04 7.402471965179e-04 1.625640084967e-03 2.947200322524e-03 8.508865721524e-03 6.999882310629e-02 1.312216967344e-01 2.856564521790e-02 1.249404810369e-02 4.470534622669e-03 2.082768827677e-03 1.585023943335e-03 1.536871772259e-03 2.137657022104e-03 2.568460768089e-03 2.501334063709e-03 2.060254337266e-03 3.026333870366e-03 4.840208683163e-03 1.059549767524e-02 1.065085362643e-02 5.266239400953e-03 1.272099372000e-02
3.773985081352e-04 5.278337630443e-04 6.168041727506e-04 6.380652193911e-04 6.164103979245e-04 6.425952888094e-04 7.098633213900e-04 7.543615647592e-04 9.008012129925e-04 1.109139993787e-03 1.326472032815e-03 1.532827736810e-03 1.713916775770e-03 1.875467016362e-03 2.030490199104e-03 2.177363494411e-03 2.275481121615e-03 2.235811436549e-03 1.937989727594e-03 1.391883473843e-03 1.067291130312e-03 1.525070285425e-03 2.688587177545e-03 3.814615774900e-03 1.675419509411e-02 4.024367406964e-02 5.137728899717e-02 1.557818986475e-02 5.894904024899e-03 3.541917540133e-03 3.041568212211e-03 3.718569409102e-03 4.800376947969e-03 4.453253000975e-03 3.216113895178e-03 3.194956108928e-03 2.642479958013e-03 3.086706390604e-03 3.410889767110e-03 6.965855136514e-03 9.258471429348e-03 5.960705224425e-03 2.227121964097e-02
5.133523955010e-04 8.125980966724e-04 1.023801858537e-03 1.143262023106e-03 1.209270791151e-03 1.234147581272e-03 1.221035490744e-03 1.175234559923e-03 1.105496194214e-03 1.149408170022e-03 1.387578085996e-03 1.627669087611e-03 1.855662325397e-03 2.074495423585e-03 2.307998249307e-03 2.583046676591e-03 2.850057324395e-03 2.947885310277e-03 2.656193682924e-03 2.453849418089e-03 2.410838147625e-03 2.598441904411e-03 3.348394762725e-03 4.555604886264e-03 8.656807243824e-03 3.191779367626e-03 2.509798388928e-03 2.508267294616e-03 2.743629273027e-03 2.955484902486e-03 3.264529164881e-03 2.285072766244e-02 1.508291903883e-02 1.197883952409e-02 7.228745613247e-03 1.066669356078e-02 9.819907136261e-03 4.617848433554e-03 3.562345402315e-03 4.300347995013e-03 6.403905339539e-03 1.695663668215e-02 2.576311491430e-02
9.412028011866e-04 1.462376327254e-03 1.790335867554e-03 1.922256778926e-03 1.942145288922e-03 1.892046886496e-03 1.793373841792e-03 1.664642011747e-03 1.554454443976e-03 1.612599357031e-03 1.654005143791e-03 1.667827134952e-03 1.780411112122e-03 2.021908760071e-03 2.250084420666e-03 2.506393007934e-03 2.759817289189e-03 4.097583238035e-03 5.291480105370e-03 5.327093880624e-03 5.440056324005e-03 5.384481046349e-03 3.938339184970e-03 4.744749516249e-03 2.348703797907e-03 1.775878015906e-03 1.629405072890e-03 1.411423552781e-03 1.600805786438e-03 2.236180240288e-03 5.012139212340e-03 2.705316618085e-02 1.936856471002e-02 1.333638280630e-02 1.164146326482e-02 2.473613806069e-02 2.361060865223e-02 1.067839004099e-02 8.014027029276e-03 7.424155715853e-03 9.456395171583e-03 1.599410176277e-02 2.868759445846e-02
1.364920870401e-03 2.076613483950e-03 2.443343400955e-03 2.514981199056e-03 3.080707043409e-03 3.313352819532e-03 3.257531439885e-03 3.036956768483e-03 2.739506075159e-03 2.446644473821e-03 2.472681226209e-03 2.419562544674e-03 2.572184428573e-03 2.965823048726e-03 3.248653374612e-03 3.505280474201e-03 4.026060458273e-03 4.423130303621e-03 4.034333396703e-03 4.611604847014e-03 4.835947416723e-03 3.941462375224e-03 3.227474866435e-03 1.849915948696e-03 1.625628094189e-03 1.263181446120e-03 1.047170138918e-03 8.401414379478e-04 7.688436307944e-04 1.371452934109e-03 2.185921650380e-03 1.155745424330e-02 1.527152489871e-02 2.313354425132e-02 2.456522360444e-02 3.176187723875e-02 2.255457825959e-02 1.061544381082e-02 1.664064824581e-02 1.671720482409e-02 1.176876947284e-02 1.544904988259e-02 4.949406161904e-02
1.599642098881e-03 2.409898443148e-03 2.786781406030e-03 3.116390667856e-03 3.779229242355e-03 4.034854006022e-03 3.943326417357e-03 3.653277410194e-03 3.264512401074e-03 2.847643801942e-03 2.520178211853e-03 2.772434148937e-03 3.206330817193e-03 3.680617781356e-03 4.001541063190e-03 4.108233842999e-03 3.852386726066e-03 3.167758695781e-03 2.504026982933e-03 2.165909623727e-03 1.844033366069e-03 1.293394016102e-03 1.153931487352e-03 1.103579881601e-03 9.830025956035e-04 8.020535460673e-04 6.183448131196e-04 5.857118521817e-04 7.467151735909e-04 1.119660446420e-03 1.621550763957e-03 6.409157067537e-03 6.989055778831e-03 1.354045514017e-02 1.570560783148e-02 3.604154288769e-02 3.169937059283e-02 1.660734973848e-02 1.521503552794e-02 6.614203751087e-02 1.555564850569e-01 4.029366746545e-02 2.475268766284e-02
1.193214557134e-03 1.780377118848e-03 2.033706754446e-03 2.063759136945e-03 2.463649725541e-03 2.603518310934e-03 2.529657213017e-03 2.334964228794e-03 2.079432364553e-03 1.809305977076e-03 1.682234695181e-03 1.809974783100e-03 1.879759249277e-03 1.892229542136e-03 1.852373941801e-03 1.880593830720e-03 1.686769537628e-03 1.349788275547e-03 1.572568085976e-03 1.482933526859e-03 1.181811327115e-03 8.612052188255e-04 8.059116662480e-04 7.184763671830e-04 6.008857744746e-04 4.724483005702e-04 5.344969686121e-04 7.439596229233e-04 9.325174614787e-04 1.914721215144e-03 2.423398895189e-03 3.611168591306e-03 6.266579031944e-03 4.683774895966e-03 4.044023342431e-03 4.947862587869e-03 3.088678792119e-02 1.785185188055e-02 1.375581417233e-02 8.835601061583e-02 1.950132548809e-01 2.142360061407e-02 7.721188012511e-03
5.646359641105e-04 8.337519248016e-04 9.748045704328e-04 1.108295517042e-03 1.160477055237e-03 1.218147692271e-03 1.229745685123e-03 1.165100722574e-03 1.107622287236e-03 1.091688056476e-03 1.071379170753e-03 9.842186700553e-04 1.008433289826e-03 1.036801957525e-03 1.028792932630e-03 9.734296472743e-04 1.302301883698e-03 1.663528964855e-03 1.567894709297e-03 1.173541764729e-03 7.489133859053e-04 5.435910425149e-04 4.926999099553e-04 4.267769400030e-04 3.557631571312e-04 5.446092109196e-04 8.397554629482e-04 1.121737761423e-03 1.545589533634e-03 2.511901315302e-03 3.447340801358e-03 4.652844276279e-03 5.356144625694e-03 4.613124765456e-03 2.768110716715e-03 3.226598026231e-03 6.294548511505e-03 1.585733704269e-02 2.600673586130e-02 2.728074416518e-02 1.444918848574e-02 5.517895333469e-03 5.146928131580e-03
3.712031175382e-04 5.408206488937e-04 6.858233828098e-04 7.750050863251e-04 8.100995910354e-04 8.065188303590e-04 7.869187393226e-04 7.494392921217e-04 7.051157881506e-04 6.582974456251e-04 6.103740306571e-04 5.626199999824e-04 5.168810603209e-04 5.042610573582e-04 4.981019883417e-04 7.097325869836e-04 1.209618640132e-03 1.430988893844e-03 1.224564854056e-03 8.439138764516e-04 5.137429106981e-04 3.277737414464e-04 3.273987967987e-04 3.582793287933e-04 4.862107161898e-04 8.278515888378e-04 1.249221968465e-03 1.753942691721e-03 2.499555936083e-03 3.411394311115e-03 5.110586527735e-03 5.274073220789e-03 4.792123567313e-03 2.590049291030e-03 1.968230120838e-03 2.680540317670e-03 3.247937187552e-03 1.233142893761e-02 3.054343909025e-02 1.759494654834e-02 1.046819426119e-02 4.707779269665e-03 4.466334357858e-03
2.587080816738e-04 3.746545407921e-04 4.686231259257e-04 5.269497632980e-04 5.532160284929e-04 5.565591854975e-04 5.445386632346e-04 5.220578750595e-04 4.925175453536e-04 4.576030769385e-04 4.192943451926e-04 3.786006127484e-04 4.013428406324e-04 4.038171318825e-04 3.728265292011e-04 4.206450248603e-04 7.533512543887e-04 9.373466600664e-04 8.756067254581e-04 6.848344928585e-04 4.836462903768e-04 3.250725567341e-04 3.503206244204e-04 4.024957597721e-04 6.873400998302e-04 1.522109610960e-03 3.254133043811e-03 3.009154228494e-03 2.482526237145e-03 4.606865812093e-03 6.276577711105e-03 5.380404181778e-03 3.873164067045e-03 1.817908836529e-03 1.936933142133e-03 2.665592357516e-03 3.723613684997e-03 1.331447251141e-02 2.241286076605e-02 1.051765400916e-02 6.097355857491e-03 3.757373197004e-03 3.370983526111e-03
1.732874370646e-04 2.486511366442e-04 3.084205091000e-04 3.448763745837e-04 3.609364212025e-04 3.626216202974e-04 3.541521728039e-04 3.382483846508e-04 3.165241214447e-04 2.903436252382e-04 2.870685420930e-04 3.228967543691e-04 3.370668564457e-04 3.224131069146e-04 3.081344184466e-04 3.526380169205e-04 3.917838330381e-04 4.787396173924e-04 5.472626071423e-04 5.279629840516e-04 4.492110165302e-04 3.547851520125e-04 3.740012762137e-04 5.128045449965e-04 8.947436581366e-04 2.652409253642e-03 3.793527372181e-03 2.260860288516e-03 2.528352197260e-03 4.874242469668e-03 6.601737812161e-03 5.224465858191e-03 3.649336285889e-03 2.503917319700e-03 2.754952758551e-03 2.664083382115e-03 5.774918943644e-03 2.311772480607e-02 1.674924232066e-02 4.405935294926e-03 8.819999173284e-03 3.828261746094e-03 2.605443587527e-03
1.019647825160e-04 1.450250711059e-04 1.785670028767e-04 1.983676047530e-04 2.063251304207e-04 2.059564285446e-04 1.996108621825e-04 1.887875841931e-04 1.806281361496e-04 2.207102952525e-04 2.584689354990e-04 2.832200843841e-04 2.853596233763e-04 3.149343538098e-04 3.643107484095e-04 4.142959369346e-04 4.579415544868e-04 4.863250651397e-04 4.907273105346e-04 4.678154364228e-04 4.260876448825e-04 3.980371111538e-04 4.424141079653e-04 6.391099304892e-04 1.079219044186e-03 2.973687835038e-03 3.133487654850e-03 2.491451101378e-03 2.267610980198e-03 4.361432045698e-03 6.113449111581e-03 4.758231341839e-03 4.662743769586e-03 3.146405564621e-03 3.318838542327e-03 2.387537853792e-03 5.503343883902e-03 1.480589900166e-02 7.267212029546e-03 5.170198623091e-03 1.169165689498e-02 3.770569339395e-03 1.992615172639e-03
