VariationalSeries/SI/f185_max.grd
DSAA
101	101
32.816463539100	34.260883539100
35.556306596100	36.727886596100
1.727327617118e-05	2.835497140884e+00
[rows 0 to 18 of 101, columns 43 to 85 of 101]
4.121607169509e-03 7.032054010779e-03 8.101641200483e-03 6.421716883779e-03 4.477352369577e-03 4.512357991189e-03 3.884701989591e-03 3.541468875483e-03 2.329649869353e-03 3.384470706806e-03 4.485884681344e-03 5.309671163559e-03 6.355094257742e-03 9.073606692255e-03 4.077472724020e-03 5.024933721870e-03 6.376395002007e-03 6.954969838262e-03 4.699724260718e-03 3.103357739747e-03 3.499138634652e-03 4.585811868310e-03 4.714594222605e-03 5.111724603921e-03 5.187380593270e-03 3.737896448001e-03 2.502847928554e-03 2.521484158933e-03 4.776270128787e-03 7.160963490605e-03 5.753451026976e-03 2.820438472554e-03 3.561556106433e-03 2.331240801141e-03 2.376776188612e-03 2.041167113930e-03 1.749221584760e-03 1.585708465427e-03 1.169845578261e-03 1.180836465210e-03 1.568988896906e-03 2.622148953378e-03 2.605651738122e-03
7.144338451326e-03 1.273625623435e-02 1.590493880212e-02 1.407617144287e-02 1.055497769266e-02 9.803480468690e-03 8.115732111037e-03 6.868558470160e-03 6.377558223903e-03 7.431112695485e-03 8.269230835140e-03 9.422180242836e-03 1.257030013949e-02 1.812229864299e-02 7.766643539071e-03 9.544070810080e-03 1.204424723983e-02 1.301755290478e-02 8.939707651734e-03 5.981768015772e-03 6.959838792682e-03 8.746389299631e-03 9.330291301012e-03 8.931149728596e-03 9.226935915649e-03 7.784957066178e-03 4.636633675545e-03 5.237876903266e-03 1.079548336565e-02 1.715642027557e-02 1.023856177926e-02 4.653093405068e-03 6.968413479626e-03 4.291676450521e-03 4.599223844707e-03 3.806415712461e-03 3.128223586828e-03 2.790633589029e-03 2.253081882372e-03 2.241647802293e-03 3.470688825473e-03 5.312330089509e-03 4.949733614922e-03
8.995783515275e-03 1.300548855215e-02 1.776728220284e-02 1.747051440179e-02 1.420252304524e-02 1.424721535295e-02 9.619460441172e-03 8.457388728857e-03 1.139913965017e-02 1.139081642032e-02 8.217829279602e-03 1.043495535851e-02 1.339667383581e-02 1.895620673895e-02 8.989722467959e-03 1.085475739092e-02 1.347615104169e-02 1.489866711199e-02 1.029947679490e-02 8.060919120908e-03 8.070586249232e-03 8.781933225691e-03 1.049152854830e-02 1.120300218463e-02 1.359802391380e-02 1.046557165682e-02 6.026552524418e-03 6.479361094534e-03 1.417505089194e-02 2.215670049191e-02 1.049529388547e-02 5.416025873274e-03 8.026071824133e-03 4.736451432109e-03 5.132712423801e-03 4.505130928010e-03 4.002193454653e-03 3.179715713486e-03 2.612721407786e-03 3.193971468136e-03 4.398474469781e-03 5.881092045456e-03 5.065717268735e-03
1.036361418664e-02 1.176936924458e-02 1.588991284370e-02 1.725954934955e-02 1.539238262922e-02 1.906068623066e-02 1.008082926273e-02 1.156497560441e-02 1.630459353328e-02 1.678650639951e-02 1.116515696049e-02 1.091476622969e-02 1.372497342527e-02 1.913087442517e-02 9.440447203815e-03 1.209778618068e-02 1.382098160684e-02 1.552397478372e-02 1.112139411271e-02 1.058024913073e-02 8.668637834489e-03 1.094891037792e-02 1.323924772441e-02 1.304144598544e-02 1.805559173226e-02 1.291160937399e-02 6.791593041271e-03 7.719525136054e-03 1.654101163149e-02 2.403833717108e-02 9.890496730804e-03 6.019478198141e-03 8.512225002050e-03 4.780074581504e-03 5.247985478491e-03 5.741455592215e-03 4.846413619816e-03 3.649284131825e-03 3.117533866316e-03 3.951754886657e-03 5.251699592918e-03 6.126061547548e-03 4.853331949562e-03
1.019169017673e-02 1.410790346563e-02 1.253519020975e-02 1.458926126361e-02 1.419206894934e-02 2.420050650835e-02 9.700978174806e-03 1.427768450230e-02 2.083189040422e-02 2.236854098737e-02 1.576860807836e-02 1.139631308615e-02 1.411123760045e-02 1.922792196274e-02 9.811661206186e-03 1.324920170009e-02 1.398568786681e-02 1.604157499969e-02 1.231422089040e-02 1.301167625934e-02 1.024505123496e-02 1.383893005550e-02 1.680936291814e-02 1.634608395398e-02 2.245230600238e-02 1.492838934064e-02 8.134614676237e-03 8.274699561298e-03 1.752072200179e-02 2.323310822248e-02 1.067565288395e-02 7.170806638896e-03 8.806833997369e-03 5.660959053785e-03 6.496665533632e-03 6.741120480001e-03 5.385925993323e-03 3.807535162196e-03 3.966372460127e-03 4.308802541345e-03 6.129379849881e-03 6.213499698788e-03 4.643763415515e-03
8.840030990541e-03 1.497483346611e-02 1.122901961207e-02 1.156418863684e-02 1.233938243240e-02 2.932386472821e-02 1.095154229552e-02 1.624343730509e-02 2.483707293868e-02 2.789660729468e-02 2.058877050877e-02 1.201409567147e-02 1.463443413377e-02 1.930908113718e-02 1.087708584964e-02 1.420593820512e-02 1.395123358816e-02 1.649820618331e-02 1.261077355593e-02 1.509979739785e-02 1.241294480860e-02 1.675518229604e-02 2.001411467791e-02 1.915000937879e-02 2.637969143689e-02 1.608769409359e-02 8.948912844062e-03 9.700794704258e-03 1.677080430090e-02 1.884600706398e-02 1.060624513775e-02 8.288883604109e-03 8.891613222659e-03 6.325926166028e-03 7.602526806295e-03 7.490340154618e-03 5.646053701639e-03 3.962473012507e-03 4.470775369555e-03 4.819875583053e-03 7.004893384874e-03 6.322172470391e-03 4.454491659999e-03
8.051206357777e-03 1.433753501624e-02 1.126643642783e-02 9.038768708706e-03 1.144647318870e-02 3.403769060969e-02 1.213551405817e-02 1.717423088849e-02 2.759777754545e-02 3.211566433311e-02 2.496334910393e-02 1.321581099182e-02 1.509719435126e-02 1.931039802730e-02 1.100504491478e-02 1.513701677322e-02 1.371420547366e-02 1.681620068848e-02 1.214779168367e-02 1.596953719854e-02 1.420168112963e-02 1.883347891271e-02 2.219150401652e-02 2.070550248027e-02 2.926029451191e-02 1.619329117239e-02 8.638842962682e-03 1.086426433176e-02 1.437000837177e-02 1.310369838029e-02 9.928960353136e-03 9.395196102560e-03 8.829723112285e-03 6.749893538654e-03 8.479397743940e-03 7.928107865155e-03 5.618643946946e-03 4.665691871196e-03 4.406037740409e-03 6.551582366228e-03 8.004358038306e-03 6.483178120106e-03 4.159922245890e-03
9.285450913012e-03 1.368892751634e-02 1.088371686637e-02 1.017663720995e-02 1.288816425949e-02 3.852241858840e-02 1.385432295501e-02 1.661399193108e-02 2.788407728076e-02 3.390881791711e-02 2.839778177440e-02 1.728138141334e-02 1.569327712059e-02 1.941875182092e-02 1.095972675830e-02 1.601025648415e-02 1.331070344895e-02 1.702643558383e-02 1.251849811524e-02 1.512185856700e-02 1.527177728713e-02 1.980881579220e-02 2.271739207208e-02 2.070034481585e-02 3.092020377517e-02 1.559225376695e-02 9.932122193277e-03 1.294237840921e-02 1.091086585075e-02 1.090325787663e-02 1.164181437343e-02 1.050683856010e-02 8.585285395384e-03 8.669560775161e-03 9.035398252308e-03 7.982567884028e-03 5.310545209795e-03 4.793495871127e-03 5.501121282578e-03 8.816314861178e-03 8.762937039137e-03 6.171431392431e-03 3.482432337478e-03
1.043679751456e-02 1.373058836907e-02 1.080111227930e-02 1.101724430919e-02 1.427474711090e-02 4.269729554653e-02 1.565488055348e-02 1.459808461368e-02 2.545845136046e-02 3.301820158958e-02 3.043657913804e-02 2.106860838830e-02 1.632330194116e-02 2.219392918050e-02 1.235152129084e-02 1.687767729163e-02 1.333508454263e-02 1.717216148973e-02 1.277200691402e-02 1.336269546300e-02 1.594626903534e-02 1.940643787384e-02 2.155819535255e-02 2.088288031518e-02 3.072181530297e-02 1.378668006510e-02 1.184450928122e-02 1.516470964998e-02 1.109493430704e-02 1.341817900538e-02 1.466933544725e-02 1.171066425741e-02 9.938871487975e-03 1.078510005027e-02 1.101969461888e-02 7.612078916281e-03 5.175985395908e-03 4.621111322194e-03 8.747002109885e-03 1.066201739013e-02 8.468424901366e-03 4.896622151136e-03 4.136013798416e-03
1.119944732636e-02 1.398898940533e-02 1.069766003639e-02 1.079321373254e-02 1.560178864747e-02 4.606090486050e-02 1.723105087876e-02 1.197344437242e-02 2.166184969246e-02 3.011519461870e-02 3.065292164683e-02 2.406608685851e-02 1.689834520221e-02 2.395007386804e-02 1.552859880030e-02 1.783899776638e-02 1.770418509841e-02 1.742863096297e-02 1.290324795991e-02 1.600806228817e-02 1.561137847602e-02 1.797089353204e-02 1.901429146528e-02 2.330352179706e-02 2.853049151599e-02 1.104602869600e-02 1.379734463990e-02 1.737990230322e-02 1.273268740624e-02 1.554312836379e-02 1.726613938808e-02 1.418825797737e-02 1.105048600584e-02 1.143970154226e-02 1.195143349469e-02 6.873070728034e-03 4.820268601179e-03 8.308398537338e-03 1.174336392432e-02 1.075795851648e-02 6.541107781231e-03 4.279505461454e-03 4.051558207721e-03
1.135096512735e-02 1.447740197182e-02 1.061568036675e-02 1.160909701139e-02 1.679837331176e-02 4.876125976443e-02 1.867400482297e-02 1.195968780667e-02 1.730977185071e-02 2.539414539933e-02 2.840656973422e-02 2.562254667282e-02 2.060887962580e-02 2.384543046355e-02 1.965638063848e-02 1.877901889384e-02 2.499025873840e-02 1.869922876358e-02 1.286198571324e-02 2.121294662356e-02 1.735854893923e-02 1.584022678435e-02 2.329094894230e-02 2.481655031443e-02 2.482933551073e-02 1.109509915113e-02 1.544522307813e-02 1.892113313079e-02 1.327749900520e-02 1.677448302507e-02 1.954201795161e-02 1.652015559375e-02 1.022930908948e-02 9.939000941813e-03 1.129921060055e-02 5.903215147555e-03 7.558036129922e-03 1.228568982333e-02 1.258155610412e-02 8.348059840500e-03 4.197714384645e-03 3.944445401430e-03 3.896916517988e-03
1.102396566421e-02 1.502172742039e-02 1.382958237082e-02 1.311866100878e-02 1.787773333490e-02 5.048612505198e-02 1.958570815623e-02 1.241497322917e-02 1.446183864027e-02 1.966135017574e-02 2.424788661301e-02 2.518984302878e-02 2.296043373644e-02 2.495842054486e-02 2.382796443999e-02 1.963177137077e-02 3.343363106251e-02 2.464946918190e-02 1.294397935271e-02 2.578642033041e-02 1.936455257237e-02 2.061456628144e-02 3.067650273442e-02 2.515753358603e-02 2.010587975383e-02 1.150150690228e-02 1.614758744836e-02 1.934246160090e-02 1.270287577063e-02 1.665341481566e-02 2.071262151003e-02 1.834546774626e-02 1.080538891256e-02 7.960454560816e-03 1.047167927027e-02 6.406982429326e-03 1.214056648314e-02 1.415807288140e-02 1.006842590868e-02 5.108607001603e-03 4.620846360922e-03 4.999772179872e-03 5.297964904457e-03
1.112985983491e-02 1.556271966547e-02 1.745753549039e-02 1.203777641058e-02 1.889861188829e-02 5.188354477286e-02 2.000012435019e-02 1.281346846372e-02 1.449061278254e-02 1.862245053053e-02 1.862917467952e-02 2.237037010491e-02 2.350885234773e-02 2.779946662486e-02 2.564725466073e-02 2.175223082304e-02 4.171580448747e-02 3.010354377329e-02 1.410281285644e-02 2.936064265668e-02 2.032727189362e-02 2.501350827515e-02 3.617780655622e-02 2.346875704825e-02 1.482828520238e-02 1.367454696447e-02 1.553141139448e-02 1.830162294209e-02 1.149718463421e-02 1.523285172880e-02 2.002988941967e-02 1.880036666989e-02 1.143150217831e-02 6.886956747621e-03 1.001862436533e-02 1.120219938457e-02 1.532384194434e-02 1.214518584311e-02 6.204464007169e-03 4.996208008379e-03 4.841149784625e-03 6.434520240873e-03 6.301489192992e-03
9.939453564584e-03 1.611386053264e-02 1.892429776490e-02 1.339430548251e-02 1.994581520557e-02 5.347703397274e-02 2.026919089258e-02 1.330442074686e-02 1.324076298624e-02 1.795537211001e-02 1.474010385573e-02 1.763021387160e-02 2.539165318012e-02 2.980445697904e-02 2.378506585956e-02 2.691068127751e-02 4.829812049866e-02 3.449628129601e-02 1.657143235207e-02 3.182044625282e-02 2.036966383457e-02 2.720247767866e-02 3.789303824306e-02 1.953320391476e-02 1.294373255223e-02 1.739236339927e-02 1.797086559236e-02 1.628996431828e-02 1.112701930106e-02 1.276620570570e-02 1.770845241845e-02 1.777353137732e-02 1.140355598181e-02 6.771116517484e-03 1.011745352298e-02 1.567687653005e-02 1.456155907363e-02 7.844333536923e-03 5.529613699764e-03 4.809863399714e-03 5.107298493385e-03 7.278275210410e-03 6.705942563713e-03
1.354441232979e-02 1.676029153168e-02 1.894348300993e-02 2.184636890888e-02 2.102914080024e-02 5.443506315351e-02 2.018712647259e-02 1.589841768146e-02 1.132493000478e-02 1.646735332906e-02 1.377939339727e-02 1.942027918994e-02 2.674718387425e-02 3.181032836437e-02 2.565717883408e-02 3.197263926268e-02 5.370233207941e-02 3.705895692110e-02 1.806338690221e-02 3.389938920736e-02 2.225731126964e-02 2.652986720204e-02 3.642681241035e-02 1.614031940699e-02 1.376125961542e-02 2.083617448807e-02 2.282046154141e-02 1.422007381916e-02 1.133316289634e-02 1.035276055336e-02 1.467563584447e-02 1.592626422644e-02 1.078952103853e-02 7.670173421502e-03 1.492220070213e-02 1.683438010514e-02 1.015145611018e-02 5.318832118064e-03 5.689226090908e-03 4.448639694601e-03 5.845511332154e-03 7.731886580586e-03 8.396514691412e-03
1.788351684809e-02 1.753400079906e-02 1.865457743406e-02 2.682835236192e-02 2.184769138694e-02 5.472093075514e-02 1.960028707981e-02 1.822318695486e-02 1.198031473905e-02 1.687309890985e-02 1.431809086353e-02 2.081129327416e-02 2.801037393510e-02 3.376189246774e-02 2.477997913957e-02 3.613575547934e-02 5.471685528755e-02 3.511587902904e-02 2.142718434334e-02 3.563889861107e-02 2.232425287366e-02 2.425877936184e-02 3.151392191648e-02 1.542368996888e-02 1.505464315414e-02 2.397321350873e-02 2.457999996841e-02 1.280976366252e-02 1.232140511274e-02 1.079527754337e-02 1.492785383016e-02 1.338983513415e-02 9.596677497029e-03 1.341854128987e-02 1.808902248740e-02 1.301022898406e-02 7.294738199562e-03 4.778412636369e-03 5.735425278544e-03 5.019579082727e-03 7.587910629809e-03 9.883560240269e-03 9.840038605034e-03
2.109060995281e-02 2.286360785365e-02 2.161934040487e-02 2.479702793062e-02 2.321825921535e-02 5.426979437470e-02 2.123446017504e-02 2.003211155534e-02 1.257535349578e-02 1.712371222675e-02 1.582703739405e-02 2.153701893985e-02 2.951797656715e-02 3.568463027477e-02 2.278074435890e-02 3.878130763769e-02 5.156296491623e-02 3.116059675813e-02 2.356124110520e-02 3.694114834070e-02 1.992860995233e-02 1.937389187515e-02 2.448355406523e-02 1.427384838462e-02 1.769372448325e-02 2.400158718228e-02 2.268332615495e-02 1.355635188520e-02 1.417738758028e-02 1.200355961919e-02 1.619719341397e-02 1.129507552832e-02 1.148035097867e-02 1.811263896525e-02 1.595088467002e-02 1.118818111718e-02 6.238448433578e-03 5.208501592278e-03 6.451641209424e-03 7.263919804245e-03 1.058759447187e-02 1.086063683033e-02 9.042285382748e-03
2.762532420456e-02 2.742996066809e-02 2.962791733444e-02 2.285031042993e-02 2.752035856247e-02 5.255950242281e-02 2.417775802314e-02 2.182459458709e-02 1.704306900501e-02 1.715269684792e-02 1.838603988290e-02 2.779666148126e-02 3.076297603548e-02 3.782417997718e-02 2.468509413302e-02 3.897201269865e-02 4.585231840611e-02 2.983290143311e-02 2.426230348647e-02 3.790958970785e-02 1.805171743035e-02 1.596530526876e-02 1.844881102443e-02 1.527061033994e-02 1.923877373338e-02 2.147883549333e-02 1.678278297186e-02 1.495770737529e-02 1.653017476201e-02 1.368683669716e-02 1.674674823880e-02 1.059913355857e-02 1.712563633919e-02 1.800667494535e-02 1.605852134526e-02 1.012411992997e-02 7.235719356686e-03 6.388016045094e-03 7.721110712737e-03 1.053422968835e-02 1.177184097469e-02 9.478878229856e-03 7.032289635390e-03
3.065001405776e-02 3.034211695194e-02 3.661202266812e-02 3.409935534000e-02 2.326009050012e-02 4.959740862250e-02 2.248814888299e-02 2.522733062506e-02 2.354499138892e-02 1.953038945794e-02 1.997253671288e-02 3.349578753114e-02 3.523308038712e-02 4.019297659397e-02 2.755540795624e-02 3.668906539679e-02 4.541560634971e-02 3.638964146376e-02 2.357326447964e-02 3.804817795753e-02 1.816328614950e-02 1.722118444741e-02 1.877576485276e-02 1.697669550776e-02 1.803391426802e-02 1.683763414621e-02 1.558278221637e-02 1.743023656309e-02 1.811065711081e-02 1.419665291905e-02 1.661000214517e-02 1.608811877668e-02 1.909042149782e-02 1.788555271924e-02 1.711434684694e-02 1.243826001883e-02 8.870991878211e-03 8.241485804319e-03 9.993418119848e-03 1.180436275899e-02 9.750111959875e-03 7.988381199539e-03 7.189467549324e-03
