VariationalSeries/SI/f185_max.grd
DSAA
101	101
32.816463539100	34.260883539100
35.556306596100	36.727886596100
1.727327617118e-05	2.835497140884e+00
[rows 19 to 37 of 101, columns 43 to 85 of 101]
2.791838720441e-02 3.439305722713e-02 4.472105577588e-02 4.558098316193e-02 2.958562225103e-02 4.547114670277e-02 2.306302264333e-02 2.407423406839e-02 2.605035901070e-02 2.642117254436e-02 2.411338128150e-02 3.549258783460e-02 4.272819682956e-02 4.250492155552e-02 2.819597348571e-02 3.445741534233e-02 4.540387168527e-02 4.247719794512e-02 2.341097220778e-02 3.779000043869e-02 1.741000823677e-02 2.447284758091e-02 3.284710645676e-02 1.619106158614e-02 1.607939414680e-02 1.886413618922e-02 1.557465083897e-02 1.969604939222e-02 1.827709749341e-02 1.447843201458e-02 1.562783122063e-02 2.144728228450e-02 2.421683631837e-02 1.875587925315e-02 1.674672029912e-02 1.358752604574e-02 9.334488771856e-03 1.030515599996e-02 1.138286385685e-02 9.478703141212e-03 8.828959427774e-03 7.739103864878e-03 8.417121134698e-03
2.502909488976e-02 3.369969502091e-02 4.779914766550e-02 5.512792617083e-02 3.991020843387e-02 4.020543769002e-02 2.372920513153e-02 2.550532668829e-02 2.257238514721e-02 2.826225385070e-02 2.957211993635e-02 3.319152072072e-02 4.572804644704e-02 4.521287977695e-02 3.458311408758e-02 3.746630623937e-02 4.434711113572e-02 4.799878597260e-02 2.762828022242e-02 3.654165565968e-02 1.989496313035e-02 3.703364729881e-02 4.610760509968e-02 2.140325494111e-02 1.875364221632e-02 1.930918730795e-02 1.922771893442e-02 2.037029340863e-02 1.587473787367e-02 1.540925912559e-02 2.165770158172e-02 2.829145081341e-02 2.526949532330e-02 2.013152837753e-02 1.650280505419e-02 1.360472850502e-02 9.789112024009e-03 1.204644236714e-02 9.317777119577e-03 7.943500764668e-03 8.471319451928e-03 7.378945592791e-03 7.690430153161e-03
2.702852711082e-02 3.860198706388e-02 4.413643479347e-02 5.770449712873e-02 4.917430505157e-02 3.440748155117e-02 2.362557873130e-02 2.702172473073e-02 2.156518213451e-02 2.643080614507e-02 2.787904255092e-02 3.159726411104e-02 4.342748969793e-02 4.911445453763e-02 4.171618819237e-02 4.004004225135e-02 4.249171912670e-02 5.245877057314e-02 3.150095418096e-02 3.385965153575e-02 2.235809154809e-02 4.586002230644e-02 5.047034099698e-02 2.407750487328e-02 1.831483654678e-02 2.261529304087e-02 2.170493081212e-02 1.761745288968e-02 1.497100573033e-02 2.154222689569e-02 3.020234964788e-02 2.928577549756e-02 1.978294551373e-02 2.296721562743e-02 1.635626517236e-02 1.252475753427e-02 1.166745554656e-02 1.238529756665e-02 1.029800344259e-02 8.042603731155e-03 7.876649498940e-03 5.793652962893e-03 5.725801922381e-03
2.582749351859e-02 3.635869175196e-02 3.742196410894e-02 5.508031696081e-02 5.441784486175e-02 3.599217161536e-02 3.156647458673e-02 2.862255647779e-02 2.124079316854e-02 2.313821949065e-02 2.685995399952e-02 3.203212842345e-02 3.599906340241e-02 5.182895809412e-02 4.646774008870e-02 3.900327906013e-02 3.930592164397e-02 5.626304447651e-02 3.469744324684e-02 3.034116327763e-02 2.480822429061e-02 4.553925991058e-02 4.398655518889e-02 2.096663415432e-02 1.994106546044e-02 2.364909462631e-02 1.969663426280e-02 1.602857187390e-02 2.267254330218e-02 3.195444494486e-02 3.141808137298e-02 2.182569913566e-02 1.668571308255e-02 2.386485040188e-02 1.176008302718e-02 1.159001328051e-02 1.440086308867e-02 1.098577864468e-02 1.181093975902e-02 7.522420492023e-03 8.397555910051e-03 7.009692490101e-03 6.325818132609e-03
2.099922485650e-02 2.512262947857e-02 3.892468661070e-02 4.877417534590e-02 5.482884123921e-02 3.648186102509e-02 3.923214599490e-02 3.293856978416e-02 2.313682064414e-02 1.971288956702e-02 2.798487059772e-02 3.126898780465e-02 3.717795014381e-02 5.564779043198e-02 4.704483598471e-02 3.641412407160e-02 3.539101034403e-02 5.859218165278e-02 3.701561316848e-02 3.662605956197e-02 2.888055890799e-02 3.743934258819e-02 3.280907496810e-02 1.951143145561e-02 2.461337670684e-02 2.287545613945e-02 1.679437980056e-02 2.418485842645e-02 3.463759273291e-02 3.366242349148e-02 2.285095304251e-02 1.354978047311e-02 1.789467968047e-02 2.238845080137e-02 1.203292794526e-02 1.244682446122e-02 1.517433673143e-02 1.149753201753e-02 1.295758318156e-02 7.853544317186e-03 7.978105917573e-03 6.599921267480e-03 6.711662746966e-03
2.717861160636e-02 2.705697156489e-02 4.391864687204e-02 4.123195633292e-02 5.210454389453e-02 4.072068631649e-02 3.758276253939e-02 4.165205731988e-02 3.622240200639e-02 2.769253961742e-02 3.019429370761e-02 2.953047491610e-02 4.053101316094e-02 5.950785428286e-02 4.221291095018e-02 3.493232652545e-02 3.018081188202e-02 5.992062389851e-02 4.674058035016e-02 4.045499861240e-02 3.415910154581e-02 3.631081059575e-02 2.197566628456e-02 2.373668178916e-02 2.527034282684e-02 1.715579070151e-02 2.626034989953e-02 3.735933825374e-02 3.556393459439e-02 2.383016981184e-02 1.276309881359e-02 1.008086837828e-02 2.394406311214e-02 1.871793903410e-02 1.148392073810e-02 1.614234410226e-02 1.399689819664e-02 1.158618554473e-02 1.376427896321e-02 9.721786715090e-03 6.881702691317e-03 6.555045954883e-03 5.801064427942e-03
4.270457476377e-02 2.644415013492e-02 2.641721256077e-02 4.549565538764e-02 4.800226539373e-02 4.299131408334e-02 3.310571983457e-02 3.810640797019e-02 4.333787038922e-02 4.256373643875e-02 3.625680878758e-02 4.484337940812e-02 4.404888302088e-02 6.184257939458e-02 3.649509698153e-02 3.194606676698e-02 4.207947105169e-02 6.035276129842e-02 5.289818346500e-02 3.879246488214e-02 3.682283684611e-02 3.916348889470e-02 2.466924116015e-02 2.586838975549e-02 2.117278426886e-02 2.748505398631e-02 4.068871960044e-02 3.812212869525e-02 2.479663304985e-02 1.627568155527e-02 2.285149134696e-02 1.405044179410e-02 2.794903703034e-02 1.638975553215e-02 1.341723836958e-02 1.726563461125e-02 1.682773977518e-02 1.182169001549e-02 1.420797687024e-02 1.073135156184e-02 6.472901906818e-03 6.195131223649e-03 7.179960608482e-03
5.711049586535e-02 2.719367295504e-02 2.663137018681e-02 4.188666120172e-02 4.323779791594e-02 4.400168731809e-02 3.574767708778e-02 3.649427741766e-02 3.603496402502e-02 4.663559049368e-02 5.084404349327e-02 4.541569203138e-02 4.757139459252e-02 6.265962123871e-02 3.165837377310e-02 4.926833137870e-02 5.901600420475e-02 6.043573841453e-02 5.141111090779e-02 3.074239194393e-02 3.498345240951e-02 3.588652983308e-02 2.482512593269e-02 2.137147821486e-02 2.770575508475e-02 4.328070953488e-02 4.175123199821e-02 2.614342421293e-02 2.312186919153e-02 3.183704987168e-02 2.890117280185e-02 2.623628824949e-02 2.724484726787e-02 1.833157986403e-02 1.727709360421e-02 1.430803164840e-02 1.834343560040e-02 1.251126825809e-02 1.425798051059e-02 1.066663023084e-02 6.886417046189e-03 7.862749509513e-03 1.013330742717e-02
6.235230341554e-02 2.793249115348e-02 3.221468627453e-02 2.775795757771e-02 4.742186889052e-02 4.446050524712e-02 3.795981779695e-02 3.876578435302e-02 3.673687577248e-02 4.645674303174e-02 4.901102185249e-02 4.269836470485e-02 5.073491856456e-02 6.038414686918e-02 5.368168279529e-02 6.524315476418e-02 6.300769001245e-02 5.872703716159e-02 3.494902700186e-02 3.121373429894e-02 3.602024167776e-02 3.630832955241e-02 2.588238753378e-02 2.652153931558e-02 4.512453824282e-02 4.607403650880e-02 2.887765318155e-02 2.358183823526e-02 3.462519124150e-02 2.873353287578e-02 2.331961877644e-02 2.562269382179e-02 2.114116027951e-02 2.007093280554e-02 1.711769215763e-02 1.192105095834e-02 1.796327345073e-02 1.352259516716e-02 1.397879049182e-02 9.658698923886e-03 8.374661207199e-03 1.124625932425e-02 1.271125674248e-02
5.473307892680e-02 4.076836258173e-02 3.730736300349e-02 2.624851092696e-02 3.448028117418e-02 4.499344900250e-02 4.744697734714e-02 4.120402783155e-02 4.838619381189e-02 7.103308290243e-02 4.009675234556e-02 3.761328384280e-02 5.283338204026e-02 5.558802932501e-02 6.959903240204e-02 6.733241677284e-02 5.827923491597e-02 5.679610371590e-02 3.846316784620e-02 4.191053658724e-02 3.741449490190e-02 3.614763915539e-02 2.422508783638e-02 4.578774049878e-02 5.077374354005e-02 3.282300010324e-02 2.692565321922e-02 3.670231625438e-02 3.246717900038e-02 2.122946828604e-02 3.094008192420e-02 2.691837213933e-02 1.608212478459e-02 1.842324994504e-02 1.530532538891e-02 1.643557660282e-02 1.634967327118e-02 1.482986006886e-02 1.356481015682e-02 1.249825302511e-02 1.395082566887e-02 1.565908268094e-02 1.320805400610e-02
3.692706301808e-02 6.141870096326e-02 4.085536301136e-02 3.228684887290e-02 3.890869766474e-02 4.398274794221e-02 4.212258011103e-02 4.410891607404e-02 6.341965496540e-02 8.792603015900e-02 5.904746055603e-02 4.098333790898e-02 5.324078351259e-02 6.633906066418e-02 7.094071805477e-02 9.812276065350e-02 5.204855278134e-02 5.265248194337e-02 4.303581640124e-02 4.237379878759e-02 3.849152475595e-02 3.559710830450e-02 4.533329606056e-02 5.389260128140e-02 3.700634837151e-02 3.029882349074e-02 3.622563183308e-02 3.628940507770e-02 3.104249946773e-02 3.101652115583e-02 3.286603093147e-02 1.845996640623e-02 1.745886728168e-02 1.574014499784e-02 1.366064790636e-02 1.277812477201e-02 2.221035398543e-02 1.755823753774e-02 1.613757945597e-02 1.860422641039e-02 1.853753626347e-02 1.360639929771e-02 9.123917669058e-03
4.145940765738e-02 6.806104630232e-02 4.225356131792e-02 3.569694980979e-02 4.588423296809e-02 4.213928803802e-02 4.383939132094e-02 5.543757602572e-02 7.310392707586e-02 8.832988888025e-02 7.053522765636e-02 6.998184323311e-02 6.192142516375e-02 7.273401319981e-02 8.587461709976e-02 1.242764443159e-01 5.412561818957e-02 5.858938768506e-02 5.810377374291e-02 4.751214385033e-02 3.763537853956e-02 4.522462189198e-02 5.667395144701e-02 4.074342921376e-02 3.392207622528e-02 3.576613217592e-02 3.459911793470e-02 3.828796744347e-02 3.725899755955e-02 3.734361752868e-02 2.812935784459e-02 1.524250954390e-02 2.086813934147e-02 1.294289994985e-02 1.349997147918e-02 1.379755511880e-02 3.060914576054e-02 2.042011730373e-02 2.142698876560e-02 1.725648529828e-02 1.048615295440e-02 6.125647109002e-03 6.080851424485e-03
8.211462199688e-02 5.381067097187e-02 5.899105593562e-02 3.791638836265e-02 5.580708011985e-02 4.327534139156e-02 4.721277579665e-02 6.407567113638e-02 7.693571597338e-02 7.480657100677e-02 7.217378914356e-02 7.294777780771e-02 6.887616962194e-02 5.578406527638e-02 5.891147628427e-02 7.924456149340e-02 4.448695480824e-02 5.791386961937e-02 6.331247836351e-02 5.283606052399e-02 4.703179001808e-02 5.931255221367e-02 4.439843073487e-02 3.782875835896e-02 3.505272418261e-02 3.212524950504e-02 3.457091003656e-02 4.086201265454e-02 4.099576920271e-02 3.676350042224e-02 2.297421172261e-02 1.458121184260e-02 2.221858501434e-02 1.768102124333e-02 2.131986245513e-02 2.267403341830e-02 3.452206403017e-02 2.017145790160e-02 1.595554873347e-02 1.107465568930e-02 9.925978258252e-03 7.511327974498e-03 7.253686897457e-03
1.333108842373e-01 5.826732516289e-02 6.604596227407e-02 4.816426336765e-02 6.188111752272e-02 5.291381105781e-02 5.218090862036e-02 7.358533889055e-02 7.904902100563e-02 6.217362359166e-02 8.689279854298e-02 1.067840680480e-01 5.952861160040e-02 6.980758160353e-02 4.269004985690e-02 4.966152086854e-02 4.723140597343e-02 5.633218213916e-02 5.443856120110e-02 4.939258098602e-02 6.297615170479e-02 4.793584346771e-02 3.947617113590e-02 3.541269525886e-02 3.809005767107e-02 3.552483022213e-02 3.557597473264e-02 4.440239816904e-02 4.468857869506e-02 4.052542895079e-02 2.791442349553e-02 2.461034990847e-02 2.442309074104e-02 2.216469310224e-02 2.145015448332e-02 3.300018608570e-02 2.842328324914e-02 1.372723188251e-02 1.482993829995e-02 1.515753567219e-02 1.405044551939e-02 1.085965614766e-02 7.834929041564e-03
1.460140794516e-01 1.524805277586e-01 6.282770633698e-02 6.326090544462e-02 6.817565858364e-02 6.406016647816e-02 8.799584209919e-02 8.247103542089e-02 7.797878980637e-02 5.795952305198e-02 8.894806355238e-02 1.190164312720e-01 7.119385898113e-02 6.735464930534e-02 5.437795817852e-02 5.537557974458e-02 5.883371829987e-02 5.562165006995e-02 5.383242666721e-02 6.742534041405e-02 5.250643566251e-02 4.507216811180e-02 3.860766813159e-02 3.023357130587e-02 3.722205385566e-02 4.160758480430e-02 3.837919607759e-02 4.771254211664e-02 4.976327344775e-02 4.434274882078e-02 3.302104398608e-02 2.436672896147e-02 2.166878245771e-02 1.839087717235e-02 2.988022379577e-02 3.424283489585e-02 1.530017517507e-02 1.561074145138e-02 1.627385802567e-02 1.650167442858e-02 1.559634879231e-02 1.303827576339e-02 9.055072441697e-03
7.025066018105e-02 2.055518180132e-01 1.501673907042e-01 6.256876140833e-02 7.187419384718e-02 7.980924844742e-02 8.513767272234e-02 8.661604672670e-02 6.926233321428e-02 6.066475436091e-02 1.014215648174e-01 1.165575534105e-01 9.155704826117e-02 6.195203959942e-02 5.695100501180e-02 6.372308731079e-02 9.876614063978e-02 6.197235733271e-02 7.477952539921e-02 5.762300267816e-02 4.157574102283e-02 4.050854966044e-02 3.418829664588e-02 4.167199507356e-02 4.226785153151e-02 4.833007231355e-02 5.324690788984e-02 4.084569588304e-02 4.839818179607e-02 4.833962768316e-02 3.756958246231e-02 2.002860978246e-02 2.037046290934e-02 3.160653635859e-02 3.429005667567e-02 2.008388377726e-02 1.386221591383e-02 1.399461831897e-02 1.393274590373e-02 1.414382550865e-02 1.409389171749e-02 1.305332034826e-02 1.043999381363e-02
1.290508657694e-01 9.738081693649e-02 2.397321760654e-01 1.116199493408e-01 7.271733880043e-02 9.815196692944e-02 7.373700290918e-02 8.231242746115e-02 1.081090122461e-01 8.404538780451e-02 1.164877489209e-01 9.265081584454e-02 9.756794571877e-02 8.172561228275e-02 6.723440438509e-02 6.286719441414e-02 1.437049508095e-01 8.682628720999e-02 6.977456808090e-02 8.509835600853e-02 5.062192678452e-02 4.134173318744e-02 4.414292797446e-02 4.646775871515e-02 4.476387053728e-02 4.740682989359e-02 6.710633635521e-02 4.079307243228e-02 5.025859549642e-02 5.249258503318e-02 4.257465526462e-02 2.744911797345e-02 3.483604639769e-02 3.225536271930e-02 1.848149299622e-02 1.548302825540e-02 1.462357677519e-02 1.369232591242e-02 1.272707525641e-02 1.184805482626e-02 1.214375067502e-02 1.254890393466e-02 1.140078809112e-02
1.743050366640e-01 2.278749495745e-01 1.376275420189e-01 2.357894629240e-01 8.779119700193e-02 1.188779398799e-01 1.018797755241e-01 1.087635383010e-01 1.518831402063e-01 1.255493313074e-01 1.450113356113e-01 8.355990052223e-02 8.856189250946e-02 9.228593111038e-02 8.270605653524e-02 6.527003645897e-02 1.688091903925e-01 9.577491134405e-02 9.979100525379e-02 6.916113942862e-02 3.762141242623e-02 4.161005467176e-02 5.288500338793e-02 4.801489785314e-02 4.353492707014e-02 4.157981649041e-02 6.542126834393e-02 4.474869742990e-02 5.640365183353e-02 5.564248934388e-02 4.413655027747e-02 3.519770875573e-02 2.641911059618e-02 1.383144594729e-02 1.359452027828e-02 1.431216578931e-02 1.413908507675e-02 1.511397678405e-02 1.484196633101e-02 1.408537384123e-02 1.533536147326e-02 1.782658882439e-02 1.861964166164e-02
3.438788354397e-01 2.280109226704e-01 2.410216778517e-01 1.998725533485e-01 1.817674338818e-01 1.336844265461e-01 1.467708796263e-01 1.291151046753e-01 1.332997530699e-01 1.472544074059e-01 1.705705225468e-01 9.925899654627e-02 8.735629171133e-02 9.376745671034e-02 1.027241498232e-01 9.745129197836e-02 1.302662640810e-01 9.649343043566e-02 9.621700644493e-02 7.682584226131e-02 6.277550756931e-02 7.455590367317e-02 7.507190853357e-02 6.213356554508e-02 4.536018893123e-02 3.857359290123e-02 5.133232101798e-02 5.501737445593e-02 5.832676216960e-02 4.871482402086e-02 3.418391942978e-02 2.175202034414e-02 1.903485320508e-02 2.021260559559e-02 2.390482090414e-02 2.621047943830e-02 2.741633541882e-02 2.729188837111e-02 2.590686269104e-02 2.370513416827e-02 2.156307920814e-02 2.162530086935e-02 1.914937980473e-02
