VariationalSeries/SI/f186.grd
DSAA
101	101
32.816463539100	34.260883539100
35.556306596100	36.727886596100
1.596921356395e-05	2.614993810654e+00
[rows 38 to 56 of 101, columns 0 to 42 of 101]
6.243695970625e-03 1.317472383380e-02 1.425007265061e-02 1.484582759440e-02 1.762364059687e-02 2.159747481346e-02 2.493647299707e-02 2.838619425893e-02 3.118507377803e-02 2.848196215928e-02 2.337798848748e-02 1.908266730607e-02 1.889330148697e-02 1.861517317593e-02 1.973973028362e-02 2.215937897563e-02 2.506932616234e-02 4.655540734529e-02 7.544941455126e-02 8.098542690277e-02 6.527607887983e-02 5.504222959280e-02 3.682984784245e-02 4.306907206774e-02 8.538104593754e-02 1.109013035893e-01 1.068152859807e-01 7.639166712761e-02 5.507803708315e-02 6.102954223752e-02 6.447518616915e-02 7.883371412754e-02 1.081113070250e-01 1.066723093390e-01 1.001421138644e-01 5.984101071954e-02 8.175709098577e-02 9.190209209919e-02 9.092976152897e-02 1.396929919720e-01 1.527117788792e-01 2.261238247156e-01 1.830336898565e-01
9.203089401126e-03 1.638548076153e-02 1.374303828925e-02 1.346921827644e-02 1.919347606599e-02 2.332296408713e-02 3.061422519386e-02 3.848893940449e-02 4.290644824505e-02 4.017820954323e-02 2.921121567488e-02 2.280956134200e-02 1.966148056090e-02 2.004372514784e-02 2.150764875114e-02 2.324578724802e-02 2.477032877505e-02 2.610531821847e-02 4.105903208256e-02 5.747921764851e-02 5.872270464897e-02 5.731831490993e-02 5.925702676177e-02 4.922215268016e-02 4.570839554071e-02 5.078776553273e-02 6.835766136646e-02 1.287639141083e-01 1.725055426359e-01 1.750103682280e-01 1.373602300882e-01 6.768043339252e-02 7.663822919130e-02 6.489694118500e-02 1.297245025635e-01 1.162257045507e-01 7.593627274036e-02 9.178908169270e-02 1.124501898885e-01 1.277373731136e-01 1.713164448738e-01 2.056896090508e-01 2.420652806759e-01
1.059638801962e-02 2.110482938588e-02 1.999402418733e-02 1.744200475514e-02 2.301795594394e-02 2.831204235554e-02 3.432372584939e-02 4.511546343565e-02 4.887526854873e-02 4.870496317744e-02 3.331643342972e-02 2.238054014742e-02 2.253259904683e-02 1.950246095657e-02 1.625545322895e-02 1.825970783830e-02 2.134050615132e-02 2.320472896099e-02 2.441051416099e-02 3.253830224276e-02 4.792454093695e-02 6.731157004833e-02 8.070023357868e-02 8.130206912756e-02 7.977642863989e-02 5.309321731329e-02 4.193319007754e-02 4.434034600854e-02 4.304232820868e-02 5.392659455538e-02 1.143871769309e-01 1.823934316635e-01 2.162245810032e-01 1.805426031351e-01 9.170444309711e-02 9.120142459869e-02 1.592365950346e-01 1.323813050985e-01 1.378106176853e-01 1.371706575155e-01 1.269024759531e-01 1.714907139540e-01 2.583271265030e-01
1.522628962994e-02 2.576541714370e-02 2.993976511061e-02 3.075607120991e-02 2.771405689418e-02 3.310539200902e-02 3.303788229823e-02 3.175859153271e-02 3.173308447003e-02 3.894094750285e-02 4.199985414743e-02 3.641416504979e-02 2.698636427522e-02 2.404240705073e-02 2.456680499017e-02 3.038947284222e-02 3.525348752737e-02 3.942728042603e-02 3.852984681726e-02 2.800927311182e-02 3.101159445941e-02 4.097239673138e-02 4.679456725717e-02 6.273764371872e-02 7.787176221609e-02 9.248604625463e-02 1.031554415822e-01 1.000951603055e-01 1.029536873102e-01 1.123408824205e-01 1.242328956723e-01 1.214744970202e-01 1.876089572906e-01 2.117687314749e-01 1.511716246605e-01 1.913638412952e-01 2.123515456915e-01 1.803785860538e-01 2.034024894238e-01 1.652193069458e-01 1.156085729599e-01 2.021133303642e-01 1.680566519499e-01
1.564741693437e-02 2.750978991389e-02 3.051020391285e-02 2.775354869664e-02 3.076777607203e-02 3.879211097956e-02 3.853579610586e-02 3.327014669776e-02 4.002029821277e-02 3.331122547388e-02 3.172370418906e-02 4.423272609711e-02 4.587944969535e-02 3.454028815031e-02 3.199916705489e-02 2.948963455856e-02 3.030805848539e-02 4.058803990483e-02 5.471554771066e-02 5.561536177993e-02 3.558118641376e-02 4.026132076979e-02 5.151367932558e-02 4.295420274138e-02 4.965536668897e-02 5.995373055339e-02 7.916016131639e-02 1.194890290499e-01 1.608106344938e-01 1.472124308348e-01 1.397153437138e-01 1.035646349192e-01 1.033119112253e-01 1.941478401423e-01 1.865064650774e-01 2.350601851940e-01 1.553466022015e-01 2.201668173075e-01 1.931250691414e-01 2.785543799400e-01 2.879400551319e-01 2.269937247038e-01 2.552544772625e-01
3.030687384307e-02 5.876417085528e-02 4.393161460757e-02 3.672007098794e-02 3.592802584171e-02 3.232484310865e-02 3.319251537323e-02 4.039074853063e-02 3.999435156584e-02 3.237426653504e-02 4.036232829094e-02 2.751026861370e-02 3.532898798585e-02 4.947821423411e-02 4.293142259121e-02 3.708674013615e-02 4.644590988755e-02 1.007422208786e-01 1.187318190932e-01 6.503406912088e-02 6.965187191963e-02 4.092426225543e-02 4.804123938084e-02 6.811415404081e-02 4.537016153336e-02 4.151759669185e-02 4.388853162527e-02 4.789829999208e-02 6.114259734750e-02 6.950569897890e-02 7.424973696470e-02 8.109071105719e-02 1.104622930288e-01 1.743011772633e-01 1.194909363985e-01 1.106166169047e-01 1.623608022928e-01 1.849633604288e-01 1.226304396987e-01 2.549980878830e-01 2.620900273323e-01 2.855752706528e-01 3.501738309860e-01
4.806848242879e-02 8.816367387772e-02 7.148145139217e-02 5.573768913746e-02 5.138935521245e-02 4.172199591994e-02 5.758215859532e-02 5.053113400936e-02 5.080241709948e-02 3.974339365959e-02 3.104813396931e-02 3.809739649296e-02 3.418267518282e-02 2.237593382597e-02 4.192197695374e-02 4.912307113409e-02 3.574023395777e-02 3.060262463987e-02 5.593868345022e-02 3.716142103076e-02 6.466143578291e-02 7.646609097719e-02 7.599829882383e-02 6.649752706289e-02 9.138680994511e-02 5.618836358190e-02 5.239636078477e-02 6.787768751383e-02 7.957129925489e-02 6.083224341273e-02 7.730825245380e-02 9.521638602018e-02 1.127965226769e-01 1.322708725929e-01 1.683810204268e-01 1.276173442602e-01 1.425064057112e-01 1.594020277262e-01 1.510908603668e-01 2.167178988457e-01 2.006955593824e-01 2.910254597664e-01 2.969833612442e-01
1.881326176226e-02 3.917285054922e-02 4.749146848917e-02 5.590567365289e-02 5.709486082196e-02 6.336639821529e-02 6.690821051598e-02 5.764118954539e-02 5.166914686561e-02 4.950302839279e-02 4.635429754853e-02 4.288829863071e-02 4.049402847886e-02 3.811362385750e-02 4.125823080540e-02 3.522767126560e-02 2.507543936372e-02 2.954526245594e-02 3.112734295428e-02 4.250876978040e-02 3.987146541476e-02 6.604250520468e-02 7.110185921192e-02 7.628274708986e-02 8.921074122190e-02 1.007695049047e-01 1.095753461123e-01 1.141302958131e-01 1.166756972671e-01 1.257026344538e-01 1.276841908693e-01 1.342740505934e-01 1.426342725754e-01 1.184878721833e-01 1.024503558874e-01 1.439972668886e-01 1.728224456310e-01 2.657327055931e-01 3.182267248631e-01 2.938930392265e-01 2.800962328911e-01 2.915111184120e-01 2.420270889997e-01
1.837407797575e-02 3.850874304771e-02 4.361592605710e-02 4.818119481206e-02 5.535170435905e-02 5.658208206296e-02 5.199782922864e-02 4.208429902792e-02 3.975842520595e-02 4.749638959765e-02 5.579818040133e-02 5.294410139322e-02 4.002736136317e-02 2.607219107449e-02 2.800194546580e-02 1.618010923266e-02 9.403610602021e-03 1.040091365576e-02 1.382400002331e-02 1.668018102646e-02 4.966305941343e-02 8.756449818611e-02 7.464770227671e-02 9.422957152128e-02 9.080327302217e-02 1.118857562542e-01 1.155097186565e-01 1.093941703439e-01 1.020463556051e-01 1.165215522051e-01 1.238822340965e-01 1.598959118128e-01 2.043675631285e-01 2.227330952883e-01 1.903374791145e-01 1.608747243881e-01 1.781944185495e-01 1.276406198740e-01 1.946352273226e-01 1.987940669060e-01 3.107035458088e-01 2.927496731281e-01 3.153581321239e-01
4.961282480508e-03 9.972658008337e-03 1.052874885499e-02 1.133220084012e-02 1.560051180422e-02 2.181033790112e-02 2.868761308491e-02 3.083165921271e-02 2.983043901622e-02 2.752676792443e-02 2.856126986444e-02 3.629016503692e-02 3.623247146606e-02 2.947679162025e-02 1.904350146651e-02 1.480767875910e-02 7.598571013659e-03 6.465612910688e-03 7.201833650470e-03 1.533790584654e-02 3.445549309254e-02 7.300455123186e-02 1.825676113367e-01 1.716500222683e-01 1.542133390903e-01 1.448439359665e-01 1.396102011204e-01 1.357437521219e-01 1.437539905310e-01 1.661236435175e-01 1.860114187002e-01 2.105645388365e-01 3.620408177376e-01 2.019385546446e-01 4.549529850483e-01 3.094647526741e-01 2.463584393263e-01 2.668468058109e-01 3.301785588264e-01 3.832651376724e-01 4.054462611675e-01 3.824593126774e-01 3.831120729446e-01
4.518619738519e-03 8.728927001357e-03 9.505494497716e-03 9.522412903607e-03 1.596023142338e-02 2.364104613662e-02 2.463494986296e-02 2.010545507073e-02 1.484380383044e-02 1.215099822730e-02 1.534085068852e-02 1.903975568712e-02 1.822729595006e-02 1.464299950749e-02 1.077632326633e-02 7.640734314919e-03 5.541634280235e-03 4.059138242155e-03 4.201604053378e-03 1.368237938732e-02 4.377483576536e-02 7.565484195948e-02 7.444687187672e-02 1.575774848461e-01 3.804217875004e-01 1.925369650126e-01 1.200394183397e-01 1.087864488363e-01 1.132417470217e-01 1.233919411898e-01 2.122151851654e-01 3.053064346313e-01 1.615937948227e-01 2.408297657967e-01 4.358417987823e-01 7.941724658012e-01 3.246322572231e-01 2.576968669891e-01 2.294359952211e-01 2.524563670158e-01 2.161649316549e-01 4.001556634903e-01 4.688368737698e-01
2.349943853915e-03 4.880753345788e-03 5.848976317793e-03 6.490972358733e-03 8.494229987264e-03 1.365656219423e-02 1.564720645547e-02 1.356815639883e-02 1.049917470664e-02 7.888502441347e-03 6.520689930767e-03 6.222117226571e-03 4.956721328199e-03 4.345827735960e-03 5.188745446503e-03 3.954151645303e-03 3.669824451208e-03 3.086094977334e-03 3.611384425312e-03 5.471184849739e-03 9.240278042853e-03 2.529858425260e-02 2.652761340141e-02 3.561937808990e-02 1.382548958063e-01 1.463466137648e-01 5.454102531075e-02 2.987290546298e-02 3.095609880984e-02 1.008351296186e-01 1.335592120886e-01 1.455314606428e-01 1.512650847435e-01 1.242365688086e-01 1.827338337898e-01 5.252103209496e-01 2.797116339207e-01 1.715149879456e-01 1.199465766549e-01 1.085751876235e-01 1.021541208029e-01 2.674527168274e-01 3.715160489082e-01
1.030722633004e-03 2.058947691694e-03 2.142421668395e-03 2.407409949228e-03 3.003190737218e-03 3.802825696766e-03 4.525174852461e-03 4.924849141389e-03 4.765352699906e-03 4.038244020194e-03 3.446961985901e-03 3.962887451053e-03 4.090845584869e-03 3.782778745517e-03 3.845518454909e-03 4.398229531944e-03 3.343314165249e-03 2.668546047062e-03 3.010405227542e-03 4.452897235751e-03 5.089577287436e-03 9.306364692748e-03 1.618098095059e-02 3.526986390352e-02 8.560327440500e-02 5.310961231589e-02 3.282131999731e-02 2.621057070792e-02 2.522930316627e-02 8.136967197061e-03 7.131035905331e-03 7.767349015921e-03 1.213038340211e-02 2.627597190440e-02 6.100222468376e-02 1.034238576889e+00 1.970445632935e+00 2.640337049961e-01 1.801271587610e-01 9.281513839960e-02 6.539320945740e-02 7.057813555002e-02 1.368960589170e-01
8.362513617612e-04 1.520448364317e-03 1.689215889201e-03 1.688834279776e-03 1.698840293102e-03 2.190171973780e-03 2.875861944631e-03 3.539487021044e-03 3.934622276574e-03 3.853621194139e-03 3.237371565774e-03 2.980582416058e-03 3.237211611122e-03 3.131064353511e-03 2.785451943055e-03 3.412845544517e-03 3.966714255512e-03 3.158241277561e-03 2.444044221193e-03 7.218284998089e-03 9.086035192013e-03 6.802324671298e-03 9.038478136063e-03 1.594964414835e-02 3.029078990221e-02 3.008452951908e-01 6.542325019836e-02 5.789828673005e-02 2.447843365371e-02 4.825685173273e-03 4.221438895911e-03 4.421467427164e-03 5.152977537364e-03 6.353589706123e-03 8.521554991603e-03 4.581816121936e-02 3.185395896435e-01 8.190975189209e-01 2.096621692181e-01 1.180760934949e-01 3.370809927583e-02 2.183385565877e-02 2.395129017532e-02
7.817240548320e-04 1.860955613665e-03 2.516022417694e-03 2.903846092522e-03 3.023877274245e-03 2.790135797113e-03 2.480553230271e-03 2.264628186822e-03 2.821110188961e-03 3.235428826883e-03 3.225763095543e-03 2.791000530124e-03 2.416867762804e-03 3.010353306308e-03 3.143114270642e-03 2.808496821672e-03 3.270749235526e-03 4.225882701576e-03 3.338619135320e-03 7.008668966591e-03 7.480069063604e-03 6.392566021532e-03 7.116561755538e-03 7.709619123489e-03 1.756405830383e-02 6.139039620757e-02 6.315585970879e-02 1.616904884577e-02 7.498968392611e-03 4.669430665672e-03 3.499358426780e-03 2.988280728459e-03 2.948496723548e-03 3.700387198478e-03 4.811577033252e-03 1.629572920501e-02 8.325146883726e-02 2.959846854210e-01 3.583495020866e-01 5.498002097011e-02 2.380133420229e-02 1.529301330447e-02 1.447843015194e-02
1.184142194688e-03 2.787012606859e-03 3.561193589121e-03 4.004064016044e-03 4.113442730159e-03 3.930598963052e-03 3.689664881676e-03 3.319317474961e-03 2.864639507607e-03 2.341732848436e-03 2.590314252302e-03 2.720563439652e-03 2.605235204101e-03 3.055896610022e-03 3.504373366013e-03 3.310043830425e-03 2.791366539896e-03 4.438291303813e-03 4.718174692243e-03 1.239623222500e-02 7.956331595778e-03 5.715203005821e-03 3.870154730976e-03 3.976659383625e-03 7.492034230381e-03 5.517262592912e-02 7.712345570326e-02 1.466027088463e-02 9.584236890078e-03 4.885476548225e-03 3.019325435162e-03 2.096299547702e-03 1.863305573352e-03 1.963263144717e-03 3.013858338818e-03 4.994245246053e-03 3.376173228025e-02 1.046208888292e-01 2.783956229687e-01 1.351104080677e-01 6.440474092960e-02 1.271678041667e-02 1.080198120326e-02
8.084254804999e-04 1.764668268152e-03 2.200564369559e-03 2.414596965536e-03 2.341457875445e-03 2.339552156627e-03 2.617256250232e-03 2.926012035459e-03 3.216282930225e-03 3.220793092623e-03 2.773343352601e-03 2.095791045576e-03 2.468343824148e-03 2.704325597733e-03 2.721735974774e-03 2.733341418207e-03 2.854523481801e-03 4.679931327701e-03 6.416917778552e-03 1.068138144910e-02 8.248643018305e-03 6.473056506366e-03 3.188788658008e-03 3.168504685163e-03 6.383462343365e-03 2.037191018462e-02 1.713400147855e-02 1.137926802039e-02 8.967777714133e-03 4.999496974051e-03 2.772676292807e-03 2.288909628987e-03 2.018559724092e-03 1.972280675545e-03 2.522151218727e-03 4.267896525562e-03 8.971624076366e-03 4.516614601016e-02 5.317294597626e-02 3.232943639159e-02 1.946002990007e-02 9.746047668159e-03 8.815770968795e-03
7.596951327287e-04 1.377117470838e-03 2.043487736955e-03 2.608160488307e-03 3.110917750746e-03 3.675781888887e-03 4.295913502574e-03 4.966421052814e-03 5.586248822510e-03 5.763674620539e-03 5.152954254299e-03 3.828050103039e-03 2.463897224516e-03 2.564883790910e-03 3.152210963890e-03 3.422411391512e-03 4.282793495804e-03 4.961641971022e-03 5.792296491563e-03 1.016983110458e-02 7.323126774281e-03 4.808502271771e-03 2.549186116084e-03 2.469775266945e-03 4.630240146071e-03 5.377292633057e-03 6.581869721413e-02 7.804766763002e-03 7.345736026764e-03 4.420442972332e-03 2.564270980656e-03 2.061077859253e-03 1.966198440641e-03 2.076203469187e-03 2.673027804121e-03 3.636870067567e-03 6.059677805752e-03 7.466694340110e-03 1.570062711835e-02 2.082711644471e-02 1.299994718283e-02 7.828327827156e-03 1.007027179003e-02
7.585926796310e-04 1.372459228151e-03 1.875543734059e-03 2.317410660908e-03 2.763487631455e-03 3.308469196782e-03 3.884191159159e-03 4.464991856366e-03 5.008168984205e-03 5.302318837494e-03 5.026187747717e-03 5.485445261002e-03 5.713638383895e-03 5.708490032703e-03 5.446039140224e-03 4.937745630741e-03 5.880808457732e-03 4.261070396751e-03 5.765853449702e-03 1.836997643113e-02 6.738730240613e-03 3.384662326425e-03 2.391419839114e-03 2.003217814490e-03 2.759065944701e-03 6.888295989484e-03 2.426109276712e-02 6.076064892113e-03 7.794205099344e-03 3.301124786958e-03 2.423983998597e-03 1.861327560619e-03 1.884528202936e-03 2.141969278455e-03 2.829439239576e-03 3.365120152012e-03 3.747227368876e-03 6.042056716979e-03 1.323897298425e-02 1.546628028154e-02 9.602247737348e-03 7.116522174329e-03 9.319582954049e-03
