VariationalSeries/SI/f186.grd
DSAA
101	101
32.816463539100	34.260883539100
35.556306596100	36.727886596100
1.596921356395e-05	2.614993810654e+00
[rows 0 to 18 of 101, columns 43 to 85 of 101]
3.807867877185e-03 6.496367976069e-03 7.484327536076e-03 5.932537373155e-03 4.136866424233e-03 4.167073871940e-03 3.588081803173e-03 3.268472850323e-03 2.149610314518e-03 3.128721611574e-03 4.145312588662e-03 4.905182868242e-03 5.869049113244e-03 8.380454964936e-03 3.765623783693e-03 4.637918435037e-03 5.884293466806e-03 6.421568337828e-03 4.339292179793e-03 2.845404902473e-03 3.206441877410e-03 4.234711173922e-03 4.354804288596e-03 4.709130618721e-03 4.781583324075e-03 3.455703146756e-03 2.312869066373e-03 2.328953705728e-03 4.411878995597e-03 6.614335346967e-03 5.316065624356e-03 2.605785382912e-03 3.291025524959e-03 2.153686946258e-03 2.196257468313e-03 1.885675708763e-03 1.616978202946e-03 1.463811961003e-03 1.080387737602e-03 1.090703997761e-03 1.448801020160e-03 2.421267796308e-03 2.406071405858e-03
6.600514519960e-03 1.176600251347e-02 1.469283271581e-02 1.300345733762e-02 9.751515462995e-03 9.059523232281e-03 7.495540194213e-03 6.338972598314e-03 5.883031059057e-03 6.868532393128e-03 7.640861440450e-03 8.695534430444e-03 1.160889677703e-02 1.673792302608e-02 7.172691635787e-03 8.808013983071e-03 1.111364923418e-02 1.201903540641e-02 8.253866806626e-03 5.511234980077e-03 6.427990738302e-03 8.076659403741e-03 8.617707528174e-03 8.226713165641e-03 8.528931066394e-03 7.197063881904e-03 4.282921086997e-03 4.837566055357e-03 9.971396997571e-03 1.584561541677e-02 9.460025466979e-03 4.298865329474e-03 6.439036689699e-03 3.964564763010e-03 4.249896388501e-03 3.516795346513e-03 2.892552642152e-03 2.576174912974e-03 2.080891979858e-03 2.066496759653e-03 3.204816719517e-03 4.905351437628e-03 4.570617340505e-03
8.310901001096e-03 1.201499626040e-02 1.641328260303e-02 1.613880507648e-02 1.312057860196e-02 1.316232699901e-02 8.883664384484e-03 7.806350942701e-03 1.052106823772e-02 1.050953473896e-02 7.592774461955e-03 9.630017913878e-03 1.237199455500e-02 1.750809140503e-02 8.297919295728e-03 1.001655403525e-02 1.243449375033e-02 1.375555526465e-02 9.509209543467e-03 7.450880017132e-03 7.453416474164e-03 8.109265007079e-03 9.688548743725e-03 1.032198593020e-02 1.256728824228e-02 9.673684835434e-03 5.566051229835e-03 5.982199218124e-03 1.309183705598e-02 2.046207152307e-02 9.696932509542e-03 5.003279540688e-03 7.416186854243e-03 4.375200718641e-03 4.742775112391e-03 4.166045691818e-03 3.700306406245e-03 2.939164405689e-03 2.414445159957e-03 2.945770975202e-03 4.061507992446e-03 5.430528428406e-03 4.677743650973e-03
9.574153460562e-03 1.087209861726e-02 1.467911899090e-02 1.594380289316e-02 1.421935576946e-02 1.760576851666e-02 9.309185668826e-03 1.067679841071e-02 1.505189854652e-02 1.549347769469e-02 1.030725054443e-02 1.007249206305e-02 1.267508883029e-02 1.766945980489e-02 8.713529445231e-03 1.117218006402e-02 1.275223772973e-02 1.433265209198e-02 1.027737278491e-02 9.779026731849e-03 8.005297742784e-03 1.011755317450e-02 1.223332155496e-02 1.204951945692e-02 1.668476499617e-02 1.193425897509e-02 6.272132042795e-03 7.126712705940e-03 1.527597475797e-02 2.219856344163e-02 9.134327061474e-03 5.560607183725e-03 7.865269668400e-03 4.416889045388e-03 4.852752201259e-03 5.308320745826e-03 4.480109550059e-03 3.372777719051e-03 2.874427475035e-03 3.645535791293e-03 4.849326331168e-03 5.656730383635e-03 4.481666721404e-03
9.415649808943e-03 1.303157955408e-02 1.158026047051e-02 1.347729656845e-02 1.311066746712e-02 2.235069312155e-02 8.958073332906e-03 1.318221539259e-02 1.923316344619e-02 2.064866758883e-02 1.455979887396e-02 1.052415557206e-02 1.303175557405e-02 1.775911450386e-02 9.067813865840e-03 1.223539654166e-02 1.290404703468e-02 1.481035351753e-02 1.137938443571e-02 1.202507875860e-02 9.466069750488e-03 1.278524100780e-02 1.552823465317e-02 1.509927678853e-02 2.074519358575e-02 1.379732880741e-02 7.509773131460e-03 7.638785056770e-03 1.618001051247e-02 2.145417593420e-02 9.859036654234e-03 6.623952183872e-03 8.137465454638e-03 5.230682436377e-03 6.006299983710e-03 6.231503095478e-03 4.978089593351e-03 3.518629586324e-03 3.658435773104e-03 3.975274041295e-03 5.659720860422e-03 5.737497936934e-03 4.288206342608e-03
8.167739957571e-03 1.383216865361e-02 1.036850549281e-02 1.068289391696e-02 1.139930170029e-02 2.708031609654e-02 1.011831965297e-02 1.499727647752e-02 2.293171919882e-02 2.575304731727e-02 1.901128888130e-02 1.109436154366e-02 1.351492758840e-02 1.783374696970e-02 1.005143113434e-02 1.311873737723e-02 1.287185680121e-02 1.523159258068e-02 1.165282540023e-02 1.395328063518e-02 1.146643236279e-02 1.547632832080e-02 1.848546974361e-02 1.768696121871e-02 2.437105961144e-02 1.486632786691e-02 8.261077105999e-03 8.959341794252e-03 1.548687648028e-02 1.740255020559e-02 9.794397279620e-03 7.656626403332e-03 8.215880021453e-03 5.844932515174e-03 7.027551531792e-03 6.923027336597e-03 5.217846482992e-03 3.653750987723e-03 4.124280996621e-03 4.450559616089e-03 6.468137260526e-03 5.837894510478e-03 4.113537259400e-03
7.433449849486e-03 1.324352901429e-02 1.040286477655e-02 8.349989540875e-03 1.056940108538e-02 3.143171966076e-02 1.120760012418e-02 1.585611514747e-02 2.548031136394e-02 2.964783459902e-02 2.305052988231e-02 1.221079751849e-02 1.394226867706e-02 1.783491298556e-02 1.016906276345e-02 1.397829409689e-02 1.265289913863e-02 1.552495080978e-02 1.121461670846e-02 1.475553587079e-02 1.311646960676e-02 1.739358529449e-02 2.049456909299e-02 1.912224292755e-02 2.702956832945e-02 1.496091019362e-02 7.974295876920e-03 1.003325264901e-02 1.326958183199e-02 1.210001762956e-02 9.168865159154e-03 8.678473532200e-03 8.158842101693e-03 6.239349488169e-03 7.836970500648e-03 7.326691411436e-03 5.191983189434e-03 4.303317051381e-03 4.064442589879e-03 6.049528717995e-03 7.391029968858e-03 5.986654199660e-03 3.841840196401e-03
8.573859930038e-03 1.264434866607e-02 1.004917919636e-02 9.399603120983e-03 1.190055906773e-02 3.557176142931e-02 1.279400754720e-02 1.533819828182e-02 2.574311196804e-02 3.130175545812e-02 2.622107043862e-02 1.596489921212e-02 1.449250802398e-02 1.793487370014e-02 1.013457681984e-02 1.478447485715e-02 1.228064578027e-02 1.571873947978e-02 1.155634596944e-02 1.397101022303e-02 1.410307176411e-02 1.829280517995e-02 2.097907289863e-02 1.911676488817e-02 2.856080606580e-02 1.440387126058e-02 9.173254482448e-03 1.195265166461e-02 1.007523480803e-02 1.009239628911e-02 1.077832933515e-02 9.705330245197e-03 7.933312095702e-03 8.009112440050e-03 8.349748328328e-03 7.376261986792e-03 4.906893707812e-03 4.421311430633e-03 5.079551599920e-03 8.140671066940e-03 8.091533556581e-03 5.699073430151e-03 3.216206328943e-03
9.637472219765e-03 1.268268283457e-02 9.972704574466e-03 1.017582137138e-02 1.318085566163e-02 3.942586481571e-02 1.445579342544e-02 1.347577013075e-02 2.350094355643e-02 3.047677129507e-02 2.810289897025e-02 1.946159452200e-02 1.507419720292e-02 2.050133235753e-02 1.141284871846e-02 1.558533310890e-02 1.232042815536e-02 1.585297659039e-02 1.178969815373e-02 1.234422624111e-02 1.472505927086e-02 1.792058721185e-02 1.990812458098e-02 1.928882673383e-02 2.837613970041e-02 1.273497566581e-02 1.093841716647e-02 1.400386914611e-02 1.026662252843e-02 1.241742447019e-02 1.357778534293e-02 1.084248628467e-02 9.180725552142e-03 9.962202049792e-03 1.017884258181e-02 7.033376954496e-03 4.773537628353e-03 4.266964271665e-03 8.076602593064e-03 9.844927117229e-03 7.819890044630e-03 4.522562026978e-03 3.819267963991e-03
1.034162938595e-02 1.292113307863e-02 9.876920841634e-03 9.968973696232e-03 1.440633554012e-02 4.253116995096e-02 1.591050624847e-02 1.105067972094e-02 1.999258436263e-02 2.779324539006e-02 2.830193750560e-02 2.222933247685e-02 1.560517493635e-02 2.212223596871e-02 1.434670016170e-02 1.647288352251e-02 1.637592352927e-02 1.608940213919e-02 1.191040221602e-02 1.479459740222e-02 1.441550347954e-02 1.659474335611e-02 1.755877025425e-02 2.152407914400e-02 2.635081112385e-02 1.020271331072e-02 1.274087280035e-02 1.604851707816e-02 1.178037188947e-02 1.438148040324e-02 1.597833074629e-02 1.313324831426e-02 1.020632870495e-02 1.056556589901e-02 1.103904377669e-02 6.350132636726e-03 4.445001017302e-03 7.671563886106e-03 1.084326952696e-02 9.933762252331e-03 6.040919106454e-03 3.951527643949e-03 3.740928368643e-03
1.048128679395e-02 1.337199565023e-02 9.801030158997e-03 1.072443556041e-02 1.551108434796e-02 4.502404481173e-02 1.724198833108e-02 1.104822941124e-02 1.597106270492e-02 2.343080379069e-02 2.622665837407e-02 2.366615273058e-02 1.903755962849e-02 2.202465385199e-02 1.815763488412e-02 1.734079979360e-02 2.310452237725e-02 1.728703454137e-02 1.187167875469e-02 1.960078626871e-02 1.604684628546e-02 1.463260781020e-02 2.152285538614e-02 2.292086929083e-02 2.293104305863e-02 1.025230064988e-02 1.426198240370e-02 1.747111044824e-02 1.228311378509e-02 1.551881246269e-02 1.808169111609e-02 1.528892386705e-02 9.446964599192e-03 9.178722277284e-03 1.043588295579e-02 5.453657824546e-03 6.978651508689e-03 1.134391129017e-02 1.161738112569e-02 7.709165103734e-03 3.880706615746e-03 3.646801458672e-03 3.603771794587e-03
1.017897948623e-02 1.387438736856e-02 1.277220994234e-02 1.211800891906e-02 1.650754734874e-02 4.661640897393e-02 1.808309927583e-02 1.146867591888e-02 1.335783582181e-02 1.813411712646e-02 2.238542959094e-02 2.326611801982e-02 2.120876498520e-02 2.305798046291e-02 2.200926281512e-02 1.812813244760e-02 3.090067952871e-02 2.278009243309e-02 1.195577718318e-02 2.382366359234e-02 1.789977401495e-02 1.904654875398e-02 2.834752015769e-02 2.323468588293e-02 1.856770552695e-02 1.062673889101e-02 1.491011958569e-02 1.785978488624e-02 1.175040658563e-02 1.540519576520e-02 1.916234567761e-02 1.697556115687e-02 1.000080350786e-02 7.354173809290e-03 9.670061059296e-03 5.915789399296e-03 1.120976172388e-02 1.307283528149e-02 9.297526441514e-03 4.718827549368e-03 4.271847661585e-03 4.623648710549e-03 4.899407736957e-03
1.027469895780e-02 1.437365543097e-02 1.612160168588e-02 1.111979968846e-02 1.745000109076e-02 4.790629819036e-02 1.846507377923e-02 1.183662377298e-02 1.338415686041e-02 1.720032095909e-02 1.719607599080e-02 2.066236361861e-02 2.171526849270e-02 2.568473480642e-02 2.368869073689e-02 2.010443806648e-02 3.854661062360e-02 2.781452797353e-02 1.303828321397e-02 2.712363377213e-02 1.878914237022e-02 2.310989983380e-02 3.342882916331e-02 2.167396247387e-02 1.369324512780e-02 1.263131387532e-02 1.434090174735e-02 1.689850166440e-02 1.063436362892e-02 1.408997643739e-02 1.852877810597e-02 1.739424653351e-02 1.057874597609e-02 6.361999083310e-03 9.249463677406e-03 1.034324802458e-02 1.414900086820e-02 1.121487841010e-02 5.730597302318e-03 4.618704784662e-03 4.475523717701e-03 5.950394086540e-03 5.827349610627e-03
9.175349026918e-03 1.488230284303e-02 1.747535169125e-02 1.237728632987e-02 1.841678097844e-02 4.937728121877e-02 1.871293038130e-02 1.227785367519e-02 1.222963165492e-02 1.658375933766e-02 1.361426431686e-02 1.628507673740e-02 2.344849705696e-02 2.753963880241e-02 2.196843177080e-02 2.486775629222e-02 4.462174698710e-02 3.186736255884e-02 1.531850080937e-02 2.939438447356e-02 1.882814802229e-02 2.513147518039e-02 3.501202911139e-02 1.803854852915e-02 1.195526402444e-02 1.606387458742e-02 1.659913361073e-02 1.504092104733e-02 1.027911622077e-02 1.180745474994e-02 1.637976802886e-02 1.644216291606e-02 1.055112387985e-02 6.251952610910e-03 9.338720701635e-03 1.447478495538e-02 1.344561483711e-02 7.244612555951e-03 5.106209777296e-03 4.446473438293e-03 4.723025020212e-03 6.730464287102e-03 6.201320327818e-03
1.251154020429e-02 1.547881681472e-02 1.749242283404e-02 2.018757537007e-02 1.941729523242e-02 5.026177316904e-02 1.863692887127e-02 1.467299461365e-02 1.046051736921e-02 1.520884688944e-02 1.272656396031e-02 1.793764159083e-02 2.469985373318e-02 2.939467318356e-02 2.369835227728e-02 2.954177372158e-02 4.960767179728e-02 3.422985225916e-02 1.665158011019e-02 3.131329640746e-02 2.048571966588e-02 2.451083622873e-02 3.365886583924e-02 1.491542253643e-02 1.271007210016e-02 1.924322918057e-02 2.107615210116e-02 1.313502620906e-02 1.046870555729e-02 9.561670944095e-03 1.357342582196e-02 1.473173499107e-02 9.981635957956e-03 7.081889081746e-03 1.377779059112e-02 1.554375514388e-02 9.374568238854e-03 4.910064395517e-03 5.253678187728e-03 4.112613853067e-03 5.405451636761e-03 7.149771787226e-03 7.752754259855e-03
1.651989296079e-02 1.619287021458e-02 1.722511649132e-02 2.479110285640e-02 2.017337456346e-02 5.052566900849e-02 1.809498108923e-02 1.681925170124e-02 1.106552872807e-02 1.558289583772e-02 1.322951074690e-02 1.922248490155e-02 2.586660161614e-02 3.119880147278e-02 2.288838289678e-02 3.338455036283e-02 5.053966492414e-02 3.243249654770e-02 1.975219510496e-02 3.291881456971e-02 2.054648101330e-02 2.241304516792e-02 2.912027016282e-02 1.425766944885e-02 1.390408724546e-02 2.213923074305e-02 2.269927598536e-02 1.183151267469e-02 1.137956418097e-02 9.981230832636e-03 1.378596015275e-02 1.238483469933e-02 8.877410553396e-03 1.238930411637e-02 1.670181564987e-02 1.201370079070e-02 6.733908783644e-03 4.412208218127e-03 5.296444054693e-03 4.634635057300e-03 7.007049862295e-03 9.126223623753e-03 9.084886871278e-03
1.949111744761e-02 2.112233638763e-02 1.997800916433e-02 2.291396446526e-02 2.145271375775e-02 5.010874941945e-02 1.962957158685e-02 1.848937571049e-02 1.161475852132e-02 1.581365242600e-02 1.462212111801e-02 1.989263109863e-02 2.725908905268e-02 3.297605365515e-02 2.104190550745e-02 3.582567721605e-02 4.762382432818e-02 2.877824380994e-02 2.171410061419e-02 3.412088379264e-02 1.833424717188e-02 1.790100894868e-02 2.262685075402e-02 1.319308113307e-02 1.634039729834e-02 2.216435223818e-02 2.094597369432e-02 1.252002082765e-02 1.309054158628e-02 1.108468510211e-02 1.495879609138e-02 1.043820381165e-02 1.059967931360e-02 1.672340743244e-02 1.472828909755e-02 1.032829191536e-02 5.758455488831e-03 4.809335339814e-03 5.957962945104e-03 6.707291118801e-03 9.776326827705e-03 1.002762839198e-02 8.347531780601e-03
2.552749961615e-02 2.533634565771e-02 2.736907079816e-02 2.110127545893e-02 2.542752772570e-02 4.852925240993e-02 2.234940417111e-02 2.017638087273e-02 1.575827412307e-02 1.583980768919e-02 1.697998493910e-02 2.566965669394e-02 2.840910293162e-02 3.495338559151e-02 2.280606143177e-02 3.599994257092e-02 4.234797507524e-02 2.754379622638e-02 2.235102094710e-02 3.501494601369e-02 1.668000221252e-02 1.475277170539e-02 1.705208793283e-02 1.410273276269e-02 1.776610314846e-02 1.983347162604e-02 1.549655105919e-02 1.380943879485e-02 1.526280399412e-02 1.263830158859e-02 1.546730194241e-02 9.788669645786e-03 1.581197604537e-02 1.662596501410e-02 1.482445560396e-02 9.345581755042e-03 6.686612032354e-03 5.900439806283e-03 7.129581179470e-03 9.726531803608e-03 1.086888648570e-02 8.750872686505e-03 6.491078529507e-03
2.831954695284e-02 2.802400663495e-02 3.380592167377e-02 3.148832172155e-02 2.149122022092e-02 4.579373449087e-02 2.078731916845e-02 2.332069724798e-02 2.176661044359e-02 1.805664040148e-02 1.844428665936e-02 3.093100525439e-02 3.252673521638e-02 3.714200854301e-02 2.545632235706e-02 3.389029577374e-02 4.195307195187e-02 3.359531238675e-02 2.170190401375e-02 3.514282405376e-02 1.678251288831e-02 1.591247692704e-02 1.736645586789e-02 1.567705161870e-02 1.665242016315e-02 1.555139105767e-02 1.438964717090e-02 1.609222404659e-02 1.672179996967e-02 1.310833171010e-02 1.534243393689e-02 1.485395710915e-02 1.762619800866e-02 1.651660911739e-02 1.579926908016e-02 1.149236224592e-02 8.196720853448e-03 7.611740380526e-03 9.225679561496e-03 1.089837588370e-02 9.001175872982e-03 7.385437376797e-03 6.635848898441e-03
