VariationalSeries/SI/f186.grd
DSAA
101	101
32.816463539100	34.260883539100
35.556306596100	36.727886596100
1.596921356395e-05	2.614993810654e+00
[rows 38 to 56 of 101, columns 43 to 85 of 101]
1.598933041096e-01 2.483738064766e-01 2.660390734673e-01 1.570879071951e-01 2.642543911934e-01 1.300914436579e-01 1.331656575203e-01 1.788560748100e-01 1.530956923962e-01 1.224693506956e-01 1.810934692621e-01 9.425660967827e-02 1.036852672696e-01 8.758632838726e-02 1.361399441957e-01 9.897948801517e-02 1.070640757680e-01 6.063720211387e-02 8.323359489441e-02 1.262797266245e-01 1.286786496639e-01 9.862476587296e-02 6.800062209368e-02 5.377541482449e-02 4.624395817518e-02 4.179080203176e-02 3.881869465113e-02 3.973113000393e-02 3.532900288701e-02 2.652860060334e-02 2.632313594222e-02 3.115952573717e-02 3.561358153820e-02 3.662698715925e-02 3.714429959655e-02 3.722165897489e-02 3.665377944708e-02 3.385241329670e-02 3.006972745061e-02 2.681359648705e-02 2.417622879148e-02 2.425429224968e-02 2.053444087505e-02
1.596791446209e-01 3.300481438637e-01 2.133484929800e-01 2.977027297020e-01 2.140110433102e-01 3.026104867458e-01 2.544258832932e-01 1.572538912296e-01 1.591906994581e-01 1.276743561029e-01 2.056403160095e-01 1.334330290556e-01 8.617227524519e-02 9.930309653282e-02 1.809823364019e-01 1.075497418642e-01 1.235191524029e-01 1.929816752672e-01 1.729529649019e-01 1.171510219574e-01 7.902477681637e-02 5.365505069494e-02 4.903000965714e-02 4.417292028666e-02 4.447597637773e-02 4.251490160823e-02 3.727088868618e-02 3.252111002803e-02 2.935112826526e-02 2.928193844855e-02 3.215450793505e-02 3.021515719593e-02 2.481537498534e-02 2.102467976511e-02 2.032250165939e-02 1.753551140428e-02 1.875766925514e-02 2.060812339187e-02 2.267944999039e-02 2.511122077703e-02 2.719983085990e-02 3.561175614595e-02 3.673011809587e-02
2.344632148743e-01 1.645263284445e-01 2.905228137970e-01 2.294885665178e-01 2.444745600224e-01 3.191499710083e-01 1.940926760435e-01 1.759333610535e-01 1.262341588736e-01 1.309622675180e-01 2.201348543167e-01 1.195818930864e-01 1.224693804979e-01 1.204412579536e-01 1.469160169363e-01 2.372725605965e-01 1.618696451187e-01 8.361311256886e-02 7.812522351742e-02 5.188074707985e-02 3.927805647254e-02 5.681750550866e-02 7.457532733679e-02 6.700669974089e-02 4.827260971069e-02 4.204880446196e-02 4.111461341381e-02 3.791140019894e-02 3.275002911687e-02 3.045772016048e-02 2.865535579622e-02 2.905652485788e-02 2.780691906810e-02 2.585958316922e-02 2.522157132626e-02 2.651267684996e-02 2.616367489100e-02 2.375712804496e-02 3.145066648722e-02 4.286713525653e-02 3.523084893823e-02 2.636134997010e-02 2.280539087951e-02
2.590898871422e-01 2.385253310204e-01 3.791487812996e-01 3.165083825588e-01 2.992131710052e-01 3.300444185734e-01 3.107740283012e-01 1.710665374994e-01 1.927255392075e-01 1.834439784288e-01 2.162419110537e-01 1.700700521469e-01 1.570255607367e-01 2.690576016903e-01 1.734511703253e-01 1.279312223196e-01 1.087364926934e-01 8.804766833782e-02 6.474465131760e-02 1.043648496270e-01 1.125288084149e-01 5.915623530746e-02 9.328982979059e-02 7.111389189959e-02 6.400866806507e-02 5.644392967224e-02 4.984079301357e-02 4.456309974194e-02 4.013486579061e-02 3.850451111794e-02 7.204183936119e-02 3.062099777162e-02 2.912311814725e-02 2.757162228227e-02 3.503966704011e-02 4.371785372496e-02 3.983416035771e-02 4.556901752949e-02 3.880380094051e-02 4.253785312176e-02 4.291213303804e-02 4.196228832006e-02 3.852494433522e-02
2.468744367361e-01 3.440572619438e-01 2.973409295082e-01 2.944235205650e-01 2.742277383804e-01 3.464723825455e-01 5.467829108238e-01 2.365678846836e-01 2.745639085770e-01 2.749324142933e-01 2.496983557940e-01 2.499791383743e-01 2.871469855309e-01 1.623741388321e-01 1.767394244671e-01 9.972086548805e-02 1.340379714966e-01 1.794768422842e-01 1.412645280361e-01 1.355388462543e-01 1.409978419542e-01 9.502275288105e-02 5.886826664209e-02 5.711933225393e-02 5.295543745160e-02 4.953224211931e-02 6.044211611152e-02 1.044926717877e-01 1.253815889359e-01 1.111701503396e-01 5.485801398754e-02 3.967163711786e-02 3.765753284097e-02 4.103752970695e-02 5.130145326257e-02 5.260301753879e-02 4.771483689547e-02 4.273065179586e-02 3.177908062935e-02 3.952123224735e-02 4.720930010080e-02 4.712285101414e-02 4.532183334231e-02
2.941075861454e-01 4.256334900856e-01 7.059951424599e-01 4.332604110241e-01 6.954272985458e-01 3.587517738342e-01 8.564627170563e-01 2.454396188259e-01 4.741539657116e-01 3.435595929623e-01 2.995379865170e-01 2.945521175861e-01 1.658126264811e-01 2.027493119240e-01 2.281043827534e-01 2.230945974588e-01 1.381943076849e-01 8.241221308708e-02 1.770088672638e-01 1.531504243612e-01 8.386840671301e-02 7.661911845207e-02 7.217016816139e-02 1.314255297184e-01 1.615828722715e-01 1.427456736565e-01 9.396731853485e-02 6.778820604086e-02 7.366863638163e-02 4.669451341033e-02 3.725151717663e-02 5.585725605488e-02 6.942788511515e-02 6.230051815510e-02 5.505961552262e-02 7.420743256807e-02 8.789956569672e-02 7.860437780619e-02 5.636870488524e-02 4.115524515510e-02 5.142072588205e-02 5.647112056613e-02 5.956375226378e-02
3.614603877068e-01 4.568299055099e-01 5.369346737862e-01 7.168204784393e-01 5.975260734558e-01 6.069103479385e-01 1.004773378372e+00 3.981415033340e-01 4.645907580853e-01 3.653452396393e-01 3.675990104675e-01 2.130321115255e-01 2.290771454573e-01 2.864075303078e-01 2.239071726799e-01 1.597669422626e-01 2.313668429852e-01 2.148291617632e-01 1.695404797792e-01 2.145404815674e-01 2.171620875597e-01 1.882659047842e-01 1.346492916346e-01 7.373716682196e-02 8.104605972767e-02 7.315012067556e-02 5.805258080363e-02 5.988958105445e-02 6.445536017418e-02 6.926210969687e-02 6.743845343590e-02 5.754742026329e-02 5.532718077302e-02 4.650479182601e-02 8.461190760136e-02 1.033868417144e-01 9.693796932697e-02 7.141390442848e-02 4.327600449324e-02 2.615485526621e-02 3.681976720691e-02 4.230613261461e-02 3.895937651396e-02
3.447778820992e-01 5.048518776894e-01 5.987237095833e-01 5.712983608246e-01 8.526451587677e-01 6.364231109619e-01 1.024240493774e+00 5.627115368843e-01 4.824601113796e-01 5.347939729691e-01 4.093723595142e-01 2.689816355705e-01 2.676369547844e-01 2.841836512089e-01 1.651782542467e-01 2.443040013313e-01 3.151830136776e-01 2.178713381290e-01 1.289462447166e-01 1.275619119406e-01 1.125795915723e-01 8.748578280210e-02 8.429969847202e-02 9.309680014849e-02 9.312540292740e-02 8.226003497839e-02 7.097074389458e-02 6.894280016422e-02 5.756358429790e-02 6.387399882078e-02 6.092938780785e-02 5.563393980265e-02 3.850651159883e-02 7.063547521830e-02 8.426596969366e-02 7.989441603422e-02 5.581602826715e-02 2.997381053865e-02 4.128119722009e-02 3.880188986659e-02 2.898619696498e-02 2.771238051355e-02 2.995734661818e-02
5.108433365822e-01 7.119208574295e-01 7.275400161743e-01 7.940406799316e-01 8.625046014786e-01 1.089577555656e+00 1.027232170105e+00 1.994784116745e+00 7.346671223640e-01 4.646379053593e-01 4.322853386402e-01 3.851504623890e-01 3.256846368313e-01 4.979646503925e-01 4.357183277607e-01 2.546970844269e-01 2.347011119127e-01 2.436298280954e-01 1.783706247807e-01 1.579860448837e-01 1.564843654633e-01 1.488184183836e-01 1.591096967459e-01 1.186257824302e-01 1.529877036810e-01 1.353783160448e-01 8.493889123201e-02 7.731118798256e-02 7.839880883694e-02 7.323589175940e-02 6.252719461918e-02 6.045110896230e-02 6.291576474905e-02 7.243149727583e-02 6.734859943390e-02 5.169253796339e-02 3.941887617111e-02 3.572241961956e-02 3.481912240386e-02 3.444600477815e-02 3.367916494608e-02 3.245067968965e-02 3.118815273046e-02
3.231763243675e-01 9.444533586502e-01 6.519052386284e-01 8.079496622086e-01 1.282949805260e+00 1.018050193787e+00 1.205173730850e+00 1.459750890732e+00 7.171275615692e-01 6.781979799271e-01 8.638820052147e-01 5.498106479645e-01 6.820988059044e-01 5.275472402573e-01 4.411395788193e-01 3.845278620720e-01 3.267406821251e-01 2.826985716820e-01 2.495506256819e-01 3.506955504417e-01 4.098892509937e-01 1.707073897123e-01 1.100434511900e-01 1.122883856297e-01 1.578953564167e-01 9.980463981628e-02 8.629884570837e-02 8.193109929562e-02 7.570907473564e-02 7.202866673470e-02 6.915927678347e-02 7.152212411165e-02 7.568654417992e-02 6.472115963697e-02 4.954704269767e-02 4.629731550813e-02 4.383807629347e-02 3.604473918676e-02 3.565240278840e-02 3.554026409984e-02 3.279682248831e-02 3.360621631145e-02 3.529912605882e-02
8.694950938225e-01 1.020199418068e+00 1.162610769272e+00 1.226677298546e+00 1.431425809860e+00 1.971139192581e+00 2.614993810654e+00 1.209137678146e+00 9.760037064552e-01 6.850595474243e-01 9.742431640625e-01 9.677479863167e-01 3.642555475235e-01 5.812389850616e-01 6.377360820770e-01 3.161998093128e-01 2.932685315609e-01 3.103848993778e-01 3.420515060425e-01 4.026154279709e-01 3.103884458542e-01 1.326681822538e-01 1.495143622160e-01 1.229916587472e-01 1.140597537160e-01 9.830646216869e-02 9.557265788317e-02 9.484332054853e-02 7.882984727621e-02 5.477802455425e-02 4.915736615658e-02 5.384531244636e-02 5.713983625174e-02 5.867849662900e-02 5.752353742719e-02 5.505760014057e-02 4.906851425767e-02 5.033071339130e-02 5.610326677561e-02 5.746055394411e-02 5.146048963070e-02 4.466952010989e-02 3.898536786437e-02
5.772417187691e-01 1.031314730644e+00 1.062928557396e+00 1.347510099411e+00 1.349526524544e+00 1.332751035690e+00 1.302878260612e+00 1.080525994301e+00 7.570887804031e-01 8.505438566208e-01 8.231349587440e-01 8.705953359604e-01 1.054098963737e+00 4.617914557457e-01 3.914339840412e-01 2.432504445314e-01 2.209419459105e-01 1.560783237219e-01 1.437595486641e-01 1.225832030177e-01 1.054196953773e-01 1.193918138742e-01 1.471236795187e-01 1.692525446415e-01 1.731836944818e-01 1.519179195166e-01 1.210051849484e-01 8.378063142300e-02 5.843702703714e-02 4.818359017372e-02 3.928637504578e-02 4.425089061260e-02 5.750726163387e-02 3.851351141930e-02 4.360321536660e-02 4.765226319432e-02 3.810396417975e-02 4.651939496398e-02 5.497490987182e-02 5.824655294418e-02 6.609760224819e-02 8.302778005600e-02 9.426469355822e-02
2.287730723619e-01 3.124122023582e-01 4.913735985756e-01 2.336146593094e+00 1.279819607735e+00 1.220791935921e+00 6.789360046387e-01 7.013004422188e-01 6.504989862442e-01 1.033655285835e+00 9.647177457809e-01 1.367755651474e+00 1.979944825172e+00 1.450188398361e+00 9.439464807510e-01 4.343202710152e-01 2.042380273342e-01 1.454882174730e-01 1.311874538660e-01 1.780570000410e-01 2.317516505718e-01 2.146057039499e-01 1.583597660065e-01 1.017560064793e-01 1.119247749448e-01 1.058343127370e-01 1.509747952223e-01 2.250614911318e-01 1.044684797525e-01 5.507395043969e-02 5.102345347404e-02 8.382271975279e-02 5.486909672618e-02 3.426037728786e-02 3.009122423828e-02 3.132808208466e-02 3.145781904459e-02 3.237739950418e-02 3.295857831836e-02 3.293446078897e-02 3.298693522811e-02 3.651672229171e-02 3.187781944871e-02
4.158793389797e-02 1.030372232199e-01 2.485201805830e-01 3.311422169209e-01 3.381018042564e-01 3.306881785393e-01 2.577176392078e-01 3.523257374763e-01 3.497984707355e-01 5.622782707214e-01 1.133470058441e+00 1.283997774124e+00 1.760502457619e+00 1.021220207214e+00 7.293188571930e-01 4.130381345749e-01 1.885701268911e-01 9.886996448040e-02 1.048170328140e-01 2.301184684038e-01 7.326973676682e-01 3.064434528351e-01 2.620370984077e-01 1.955623030663e-01 1.992736011744e-01 1.710902899504e-01 1.838667988777e-01 1.288466006517e-01 6.412973254919e-02 8.447218686342e-02 7.122745364904e-02 7.179500907660e-02 4.367227479815e-02 3.962647542357e-02 2.765981480479e-02 2.519913017750e-02 2.617004327476e-02 2.614615112543e-02 2.823880687356e-02 2.613046765327e-02 3.401217237115e-02 3.995457291603e-02 3.863941878080e-02
2.886298112571e-02 5.366958305240e-02 1.558956652880e-01 9.156389534473e-02 8.055943250656e-02 6.578781455755e-02 9.910959750414e-02 1.643267869949e-01 1.711970120668e-01 1.831854730844e-01 5.189547538757e-01 2.542558670044e+00 2.024160146713e+00 9.117506146431e-01 4.199078977108e-01 1.212118864059e-01 7.227138429880e-02 4.759217798710e-02 5.902194976807e-02 1.516936719418e-01 3.477627336979e-01 6.056944131851e-01 3.032215833664e-01 2.307019680738e-01 1.820235401392e-01 1.366202533245e-01 1.446840614080e-01 1.351086497307e-01 1.185557246208e-01 1.069827973843e-01 1.303558498621e-01 5.593969672918e-02 5.170175060630e-02 4.179427027702e-02 4.273460805416e-02 3.984798118472e-02 3.342188522220e-02 2.843866869807e-02 3.257406875491e-02 3.759611397982e-02 4.404193535447e-02 4.336138814688e-02 3.698050975800e-02
1.940884068608e-02 7.995936274529e-02 1.872537285089e-01 1.411973834038e-01 3.420903533697e-02 3.993844613433e-02 3.812156617641e-02 7.751072198153e-02 8.459483087063e-02 1.460055559874e-01 2.718881964684e-01 6.974786520004e-01 1.489444613457e+00 1.022252321243e+00 1.380125999451e+00 3.332832157612e-01 4.111989960074e-02 2.584025077522e-02 4.079851135612e-02 1.359891593456e-01 4.122315049171e-01 6.463102102280e-01 4.928126335144e-01 3.353884816170e-01 2.330642491579e-01 1.467144340277e-01 1.667611598969e-01 1.232137680054e-01 1.193280741572e-01 1.187410801649e-01 9.852430224419e-02 7.856797426939e-02 5.533311143517e-02 5.899934843183e-02 5.308254808187e-02 4.214085265994e-02 3.744652494788e-02 3.473596274853e-02 3.227200359106e-02 3.768131881952e-02 4.133987054229e-02 4.020606726408e-02 3.562757000327e-02
1.657019741833e-02 4.078917577863e-02 2.776120007038e-01 3.338692486286e-01 1.748935878277e-01 2.695385552943e-02 2.054175175726e-02 3.858673945069e-02 3.859426081181e-02 3.129977360368e-02 2.668176218867e-02 1.119937524199e-01 5.041988492012e-01 2.932504117489e-01 1.683644413948e+00 2.044310420752e-01 1.151618212461e-01 4.360290244222e-02 3.617851808667e-02 1.171702370048e-01 2.297223061323e-01 2.037390708923e+00 6.318873167038e-01 2.748230695724e-01 2.780939340591e-01 1.468580365181e-01 1.574729681015e-01 1.316400766373e-01 1.922753900290e-01 1.473259478807e-01 8.441530913115e-02 8.401430398226e-02 7.825367152691e-02 7.451571524143e-02 7.316300272942e-02 5.832766741514e-02 5.776865407825e-02 6.386541575193e-02 4.124466329813e-02 3.166953846812e-02 3.119281120598e-02 3.082169592381e-02 3.562233597040e-02
1.057695783675e-02 1.814466342330e-02 2.305405586958e-02 1.301339715719e-01 8.022354543209e-02 1.918941177428e-02 1.636731252074e-02 1.919417269528e-02 1.801875419915e-02 1.730737835169e-02 1.255182083696e-02 1.403072476387e-02 4.290766641498e-02 2.696075439453e-01 7.670958042145e-01 1.871321052313e-01 1.562648117542e-01 7.325334846973e-02 4.275776818395e-02 8.383287489414e-02 9.763586521149e-02 1.340458989143e-01 1.223181709647e-01 9.280337393284e-02 1.365607082844e-01 2.270588427782e-01 1.979189068079e-01 1.972698271275e-01 1.277989000082e-01 1.666599363089e-01 1.739653348923e-01 1.516797691584e-01 9.266252815723e-02 7.676719129086e-02 7.362199574709e-02 6.426977366209e-02 5.492773652077e-02 5.589004978538e-02 5.432577803731e-02 3.595557808876e-02 2.959429100156e-02 3.048399090767e-02 3.285865113139e-02
1.166944019496e-02 1.851144433022e-02 1.219306141138e-02 1.374781038612e-02 1.399763952941e-02 1.647276617587e-02 1.515069883317e-02 1.424445491284e-02 1.315290946513e-02 9.983705356717e-03 7.034787442535e-03 5.920984316617e-03 9.870900772512e-03 2.790901958942e-01 4.326207339764e-01 4.532033503056e-01 1.273264288902e-01 1.371358782053e-01 1.207253485918e-01 4.952202364802e-02 5.327651649714e-02 1.000678911805e-01 2.733580470085e-01 2.588137388229e-01 3.375513255596e-01 3.397234976292e-01 3.183506727219e-01 3.007396757603e-01 2.849809825420e-01 2.717009186745e-01 2.890897393227e-01 3.541832864285e-01 3.027642369270e-01 1.239054650068e-01 5.047642812133e-02 5.927413329482e-02 6.490734219551e-02 4.481786116958e-02 4.447348043323e-02 3.144027665257e-02 3.096397221088e-02 2.290277183056e-02 2.580637112260e-02
