VariationalSeries/SI/f186.grd
DSAA
101	101
32.816463539100	34.260883539100
35.556306596100	36.727886596100
1.596921356395e-05	2.614993810654e+00
[rows 19 to 37 of 101, columns 0 to 42 of 101]
5.019234027714e-03 1.023249700665e-02 1.308548077941e-02 1.333287544549e-02 1.099806465209e-02 8.691384457052e-03 5.965112242848e-03 6.752076558769e-03 8.077897131443e-03 9.733713231981e-03 1.291043404490e-02 1.541449967772e-02 1.496786251664e-02 1.623225957155e-02 1.635224930942e-02 1.585160009563e-02 1.506923418492e-02 1.451248489320e-02 1.680532470345e-02 1.512877363712e-02 1.552636269480e-02 1.675609312952e-02 1.804898492992e-02 1.721588894725e-02 1.535073481500e-02 1.298721786588e-02 1.343132276088e-02 2.153633534908e-02 2.561711892486e-02 1.929591409862e-02 1.775865070522e-02 1.635097526014e-02 1.726964302361e-02 1.726526394486e-02 1.728492416441e-02 1.675502024591e-02 1.332417875528e-02 1.164357271045e-02 1.247908640653e-02 1.204124279320e-02 1.743061095476e-02 4.283956810832e-02 1.989891007543e-02
3.925457131118e-03 8.248141966760e-03 1.112234126776e-02 1.216694340110e-02 1.081876363605e-02 1.037863828242e-02 9.508989751339e-03 6.788318511099e-03 9.049717336893e-03 1.056783553213e-02 1.125176250935e-02 1.410631183535e-02 1.246711891145e-02 1.454176660627e-02 1.571940630674e-02 1.621686108410e-02 1.617765240371e-02 1.543448120356e-02 1.951388269663e-02 1.567100174725e-02 1.833908446133e-02 2.203868515790e-02 2.374622225761e-02 2.307305857539e-02 2.158693410456e-02 1.669512316585e-02 1.779671199620e-02 1.744195073843e-02 2.693571522832e-02 1.959071680903e-02 1.675805076957e-02 1.584224402905e-02 1.541431434453e-02 1.549884118140e-02 1.468385383487e-02 1.900836080313e-02 1.269882917404e-02 1.335694547743e-02 1.365068368614e-02 1.403660606593e-02 2.158296108246e-02 3.625627979636e-02 2.967751398683e-02
3.015442751348e-03 6.077399477363e-03 8.406906388700e-03 9.675901383162e-03 9.132097475231e-03 7.927957922220e-03 9.795646183193e-03 9.708206169307e-03 1.113322470337e-02 1.328242570162e-02 1.531485468149e-02 2.017742022872e-02 2.420300431550e-02 2.217136137187e-02 1.511377561837e-02 1.451313402504e-02 1.533272583038e-02 1.607659272850e-02 2.843108400702e-02 2.287608571351e-02 1.722032204270e-02 2.679224312305e-02 2.839577756822e-02 3.101655654609e-02 2.548925206065e-02 2.256657741964e-02 2.224187925458e-02 1.381974481046e-02 2.535712346435e-02 1.806762628257e-02 1.388246938586e-02 1.449715066701e-02 1.710480451584e-02 1.408983208239e-02 1.543197873980e-02 2.010713890195e-02 1.603098399937e-02 1.417824439704e-02 1.474617142230e-02 1.589745841920e-02 2.516071870923e-02 2.595457434654e-02 3.940202668309e-02
4.048934206367e-03 7.269916124642e-03 7.062813267112e-03 7.399600930512e-03 8.680254220963e-03 1.098643150181e-02 1.282997056842e-02 1.535759214312e-02 1.865394413471e-02 2.344804443419e-02 2.983859553933e-02 3.741935268044e-02 4.205296561122e-02 3.656604886055e-02 2.302791364491e-02 1.404106523842e-02 1.937258429825e-02 2.721407637000e-02 3.444198518991e-02 2.803587727249e-02 2.214166149497e-02 2.908241935074e-02 3.095046244562e-02 3.482431173325e-02 2.535306848586e-02 2.569970488548e-02 2.642138488591e-02 1.656917668879e-02 2.071752026677e-02 1.497607305646e-02 1.416919194162e-02 1.403264887631e-02 1.774542219937e-02 1.791380904615e-02 1.785291545093e-02 1.706784404814e-02 2.252754010260e-02 1.577412523329e-02 1.587316580117e-02 1.744796335697e-02 2.804076857865e-02 2.432032860816e-02 4.575728252530e-02
3.932985942811e-03 8.113922551274e-03 8.806008845568e-03 8.432890288532e-03 1.088018715382e-02 1.478176563978e-02 1.620812900364e-02 1.714227721095e-02 1.899599283934e-02 2.198999002576e-02 2.654020674527e-02 3.026968985796e-02 3.099739179015e-02 2.652668766677e-02 1.944864541292e-02 1.728865318000e-02 1.886501535773e-02 2.541242539883e-02 3.386167436838e-02 2.154559642076e-02 2.076387591660e-02 2.931858226657e-02 3.090333938599e-02 3.339277952909e-02 2.664423733950e-02 2.561773359776e-02 2.978795021772e-02 2.543471939862e-02 2.568536996841e-02 2.189327962697e-02 1.892591454089e-02 2.791559509933e-02 2.608264982700e-02 1.933739893138e-02 1.886299811304e-02 1.892668753862e-02 2.496802993119e-02 1.826640404761e-02 1.733859069645e-02 1.841134019196e-02 2.965110912919e-02 2.465439401567e-02 4.673656448722e-02
7.866894826293e-03 1.357766427100e-02 8.829982951283e-03 8.866536431015e-03 9.981865994632e-03 1.286667678505e-02 1.456901896745e-02 1.442305557430e-02 1.434431225061e-02 1.492780540138e-02 1.577946171165e-02 1.671297103167e-02 1.592341996729e-02 1.753200963140e-02 1.774860545993e-02 1.589807495475e-02 1.583150587976e-02 2.915035001934e-02 3.334533423185e-02 1.771486364305e-02 1.790224947035e-02 2.714355289936e-02 2.932317927480e-02 2.845718711615e-02 2.581010386348e-02 2.344155684114e-02 3.207417950034e-02 2.813063003123e-02 2.346976660192e-02 2.270842343569e-02 2.229462563992e-02 3.591324388981e-02 5.342054367065e-02 5.086120963097e-02 4.604982584715e-02 4.395160079002e-02 4.563411325216e-02 2.807921729982e-02 2.381330728531e-02 1.965762488544e-02 3.032496385276e-02 2.381072379649e-02 4.136302694678e-02
1.458455249667e-02 3.089571185410e-02 3.181025385857e-02 2.787722088397e-02 1.740784570575e-02 1.004378311336e-02 9.689468890429e-03 1.015513855964e-02 1.108538918197e-02 1.433298457414e-02 1.719007827342e-02 1.921923458576e-02 1.984510570765e-02 1.902836002409e-02 1.733078062534e-02 1.796096190810e-02 1.892670802772e-02 2.840224839747e-02 2.799270860851e-02 1.644261367619e-02 1.785193569958e-02 2.214596047997e-02 2.535653300583e-02 2.357160858810e-02 2.662664465606e-02 2.567884139717e-02 3.328749537468e-02 3.540425747633e-02 3.763670474291e-02 3.369061648846e-02 2.541583217680e-02 2.137995138764e-02 4.327573999763e-02 4.725896567106e-02 5.209219828248e-02 6.299497932196e-02 7.868701219559e-02 4.796264320612e-02 3.515762835741e-02 2.985539287329e-02 2.976837381721e-02 2.220663242042e-02 3.095116838813e-02
1.556993462145e-02 3.357314690948e-02 3.874727711082e-02 4.573087394238e-02 5.004362761974e-02 4.340667650104e-02 2.433243021369e-02 1.333307102323e-02 1.818782836199e-02 2.124431543052e-02 2.182916738093e-02 2.065414562821e-02 1.931053586304e-02 2.600416727364e-02 2.864941395819e-02 2.844218164682e-02 2.799859642982e-02 2.723519504070e-02 2.690204232931e-02 2.598545327783e-02 2.539822645485e-02 2.539576031268e-02 2.463432215154e-02 3.096126951277e-02 3.726035729051e-02 3.222124278545e-02 3.642464056611e-02 4.675843194127e-02 4.727241396904e-02 4.199253022671e-02 3.135918825865e-02 2.303953096271e-02 2.537018805742e-02 3.987719491124e-02 5.942559242249e-02 5.229548364878e-02 5.322921648622e-02 4.026667028666e-02 4.286629334092e-02 4.365710541606e-02 3.551647439599e-02 2.283384837210e-02 2.758229337633e-02
9.997311979532e-03 2.206350304186e-02 2.566781826317e-02 3.151110559702e-02 4.099728167057e-02 5.387785658240e-02 6.085941568017e-02 4.733287915587e-02 2.472038567066e-02 2.296872995794e-02 2.045439742506e-02 2.637160196900e-02 3.109397552907e-02 3.237948566675e-02 3.076633438468e-02 3.074284456670e-02 3.042679093778e-02 2.951383590698e-02 3.091450594366e-02 3.119393251836e-02 3.205561637878e-02 3.482436388731e-02 3.292379155755e-02 3.031671606004e-02 2.939019724727e-02 3.791775554419e-02 3.633117303252e-02 4.483593627810e-02 4.932252690196e-02 4.427484795451e-02 3.309033066034e-02 3.590856492519e-02 4.633215442300e-02 6.201047450304e-02 7.394710928202e-02 5.351427569985e-02 3.735773265362e-02 3.119204938412e-02 3.846609592438e-02 4.930751025677e-02 5.383996665478e-02 3.657323122025e-02 2.745309472084e-02
6.883474532515e-03 1.351570244879e-02 1.685140281916e-02 1.551084034145e-02 1.786899752915e-02 2.673240378499e-02 4.176362603903e-02 5.660702288151e-02 5.644783377647e-02 3.883645310998e-02 2.949830330908e-02 3.113981522620e-02 3.155690804124e-02 3.013468720019e-02 2.961532212794e-02 2.911902405322e-02 2.760985866189e-02 2.961707115173e-02 3.037975355983e-02 3.149957582355e-02 3.337791562080e-02 3.220651298761e-02 3.094591200352e-02 3.054386749864e-02 3.003514930606e-02 2.953909710050e-02 3.121274150908e-02 3.465531021357e-02 4.179729148746e-02 4.349508136511e-02 3.408961743116e-02 4.165042191744e-02 5.018512159586e-02 5.701427534223e-02 5.520635843277e-02 3.456294164062e-02 3.635564818978e-02 4.201901704073e-02 4.531121253967e-02 4.063946008682e-02 6.029646098614e-02 6.131474301219e-02 3.428564965725e-02
7.984740659595e-03 1.572062447667e-02 1.560440286994e-02 1.914907619357e-02 1.571315899491e-02 1.361286360770e-02 1.603587344289e-02 2.944817952812e-02 4.720594361424e-02 5.483519658446e-02 4.466678947210e-02 2.977687492967e-02 2.829392626882e-02 2.766734920442e-02 2.588537149131e-02 2.514542452991e-02 2.594634890556e-02 2.822018414736e-02 2.742676064372e-02 2.737815864384e-02 2.471449039876e-02 2.019084058702e-02 2.573282271624e-02 2.285112068057e-02 3.458179533482e-02 3.074340336025e-02 3.518100827932e-02 3.873220831156e-02 3.232095018029e-02 3.495620563626e-02 3.895690292120e-02 4.195947200060e-02 3.621985018253e-02 4.457082226872e-02 3.310137242079e-02 2.829354815185e-02 3.669065237045e-02 5.079128965735e-02 6.079608574510e-02 5.753404274583e-02 4.882088676095e-02 7.581285387278e-02 5.706987529993e-02
1.031425036490e-02 1.982911489904e-02 1.844057068229e-02 1.893637888134e-02 2.109987474978e-02 1.587430946529e-02 2.205131761730e-02 2.678074873984e-02 2.959970384836e-02 4.131320118904e-02 5.317069590092e-02 4.819509759545e-02 2.949072793126e-02 2.376357279718e-02 2.338161878288e-02 2.392365038395e-02 2.476250380278e-02 2.445936575532e-02 2.584825456142e-02 2.537950314581e-02 2.213097922504e-02 1.823927089572e-02 1.971586048603e-02 3.163021057844e-02 4.708681255579e-02 6.336809694767e-02 7.607156038284e-02 6.191986054182e-02 4.152705147862e-02 3.880547359586e-02 4.804056510329e-02 3.360852599144e-02 2.512405067682e-02 5.550968274474e-02 2.303323335946e-02 3.283827379346e-02 3.037495724857e-02 4.272092506289e-02 6.213791668415e-02 6.681804358959e-02 5.747786536813e-02 6.388024240732e-02 8.660899847746e-02
9.372121654451e-03 2.048539556563e-02 2.165532298386e-02 2.116294763982e-02 2.232207171619e-02 2.263786084950e-02 2.713442035019e-02 2.851360850036e-02 2.830818668008e-02 2.674658223987e-02 3.699354827404e-02 5.268342792988e-02 5.140257626772e-02 3.545023128390e-02 2.243095263839e-02 2.238774672151e-02 2.158082090318e-02 1.975484937429e-02 2.643170394003e-02 2.750843204558e-02 2.784897759557e-02 2.319614030421e-02 2.126475982368e-02 3.910845890641e-02 6.627534329891e-02 9.767864644527e-02 1.146188527346e-01 1.095677539706e-01 7.136823982000e-02 4.478543624282e-02 5.178072676063e-02 4.321852326393e-02 4.031336307526e-02 6.780770421028e-02 3.494827821851e-02 6.749753654003e-02 4.889057949185e-02 3.430416435003e-02 4.750807583332e-02 6.829234957695e-02 6.998357176781e-02 5.909976735711e-02 9.294642508030e-02
1.151504367590e-02 2.344306372106e-02 2.371135540307e-02 2.302432246506e-02 2.389789558947e-02 2.708643488586e-02 2.728467620909e-02 2.756447903812e-02 2.533724531531e-02 2.334599383175e-02 2.257866971195e-02 3.184416145086e-02 5.110018700361e-02 5.384065955877e-02 4.078424349427e-02 1.940705254674e-02 1.801138930023e-02 2.016869559884e-02 2.349662967026e-02 3.750552237034e-02 3.391603380442e-02 3.105537407100e-02 2.851806208491e-02 3.900178149343e-02 6.775588542223e-02 9.663514792919e-02 1.315280646086e-01 1.541100293398e-01 1.285603493452e-01 6.214028224349e-02 5.602341890335e-02 6.080995127559e-02 5.801956355572e-02 8.020180463791e-02 4.451579228044e-02 9.029727429152e-02 7.483237236738e-02 4.926757141948e-02 4.525184631348e-02 6.568188220263e-02 1.401917040348e-01 7.114022225142e-02 7.583406567574e-02
1.516998466104e-02 2.855009585619e-02 2.642023377120e-02 2.820401452482e-02 2.993215434253e-02 3.162373229861e-02 3.357653319836e-02 3.491781651974e-02 3.567800670862e-02 3.579220175743e-02 3.470999002457e-02 3.355963900685e-02 3.213067352772e-02 4.721743613482e-02 5.478268489242e-02 4.562092944980e-02 2.283184416592e-02 2.072661742568e-02 2.271815203130e-02 3.583837673068e-02 3.798549994826e-02 3.418315947056e-02 3.147806227207e-02 3.337893635035e-02 5.610052868724e-02 8.343038707972e-02 1.291611343622e-01 1.804035156965e-01 1.704161614180e-01 1.037744134665e-01 8.037089556456e-02 1.013461053371e-01 1.088409721851e-01 1.004815772176e-01 8.326019346714e-02 9.731594473124e-02 9.270613640547e-02 7.158371806145e-02 8.155721426010e-02 7.329274713993e-02 2.003321051598e-01 1.637270748615e-01 4.440353438258e-02
1.553920842707e-02 3.229452297091e-02 3.224308788776e-02 3.126379102468e-02 2.756363898516e-02 2.478413656354e-02 2.349885739386e-02 2.597692422569e-02 2.876543812454e-02 3.205153346062e-02 3.571134433150e-02 3.994796052575e-02 4.398917779326e-02 6.993011385202e-02 7.158103585243e-02 5.422016605735e-02 5.111021548510e-02 4.865872859955e-02 4.532456770539e-02 4.155259206891e-02 3.747979551554e-02 3.245839104056e-02 3.550464287400e-02 3.468362987041e-02 3.835300356150e-02 6.313978880644e-02 9.303363412619e-02 1.471408307552e-01 1.869087517262e-01 1.294271200895e-01 6.132099404931e-02 6.342212855816e-02 9.318818151951e-02 1.237484142184e-01 1.375010013580e-01 1.275758445263e-01 9.209278970957e-02 7.750827819109e-02 5.849654600024e-02 8.394499123096e-02 2.092239409685e-01 2.510555982590e-01 6.776682287455e-02
1.315774023533e-02 2.653075195849e-02 2.774972096086e-02 3.025058470666e-02 3.176297992468e-02 3.069261647761e-02 2.576781064272e-02 2.233915403485e-02 2.246156334877e-02 2.245102822781e-02 2.231964841485e-02 2.183381468058e-02 2.114333771169e-02 2.687829546630e-02 4.033499956131e-02 4.416004940867e-02 5.280558019876e-02 5.099727213383e-02 4.158267378807e-02 4.602276533842e-02 4.870252311230e-02 5.027720704675e-02 5.214529484510e-02 5.445807799697e-02 5.234847590327e-02 4.194959253073e-02 6.270720809698e-02 1.114542633295e-01 1.573754698038e-01 1.154716759920e-01 5.779316276312e-02 4.067582637072e-02 3.591949120164e-02 6.037972122431e-02 7.269862294197e-02 1.182218566537e-01 1.501470953226e-01 1.388570368290e-01 8.644642680883e-02 9.438555687666e-02 1.345150470734e-01 2.980369627476e-01 1.081920266151e-01
1.065048482269e-02 2.059060893953e-02 2.050554752350e-02 1.963182538748e-02 2.011554129422e-02 2.251063659787e-02 2.351667359471e-02 2.314434200525e-02 1.967939175665e-02 2.121945843101e-02 2.305621095002e-02 2.491764165461e-02 2.663321606815e-02 2.835167199373e-02 3.010670468211e-02 3.162589669228e-02 3.294649720192e-02 4.956305027008e-02 5.280164256692e-02 6.842689216137e-02 5.365785583854e-02 4.424793273211e-02 4.229506850243e-02 4.108232632279e-02 4.122693464160e-02 4.665203765035e-02 6.216140091419e-02 7.131987810135e-02 1.005563214421e-01 8.193782716990e-02 4.138712584972e-02 4.906580969691e-02 3.663780167699e-02 4.841425642371e-02 5.698545277119e-02 6.857505440712e-02 6.916068494320e-02 1.165076792240e-01 1.646813750267e-01 1.335050314665e-01 1.191408932209e-01 2.442802935839e-01 2.200931012630e-01
6.719039753079e-03 1.353355590254e-02 1.332089304924e-02 1.301523577422e-02 1.472505461425e-02 1.728313602507e-02 1.892606168985e-02 1.984127610922e-02 2.015369199216e-02 1.856832951307e-02 1.735965162516e-02 1.822415925562e-02 1.927044428885e-02 1.944370940328e-02 1.971592754126e-02 2.626197598875e-02 2.924233116210e-02 3.917451575398e-02 7.410881668329e-02 7.763606309891e-02 6.880606710911e-02 5.874985083938e-02 6.854652613401e-02 8.203314989805e-02 5.773668363690e-02 6.626705825329e-02 6.455729901791e-02 6.002516299486e-02 6.237790361047e-02 8.238223195076e-02 7.734711468220e-02 4.855673387647e-02 5.045022070408e-02 5.320094525814e-02 5.747670307755e-02 5.983742326498e-02 6.168166175485e-02 7.941190153360e-02 1.166412159801e-01 1.358643770218e-01 1.623030155897e-01 2.184811085463e-01 1.807971745729e-01
