VariationalSeries/SI/f188.grd
DSAA
101	101
32.816463539100	34.260883539100
35.556306596100	36.727886596100
2.695148032217e-05	4.321872234344e+00
[rows 19 to 37 of 101, columns 43 to 85 of 101]
4.330880567431e-02 5.312224850059e-02 6.908475607634e-02 7.042074948549e-02 4.573522508144e-02 7.001537829638e-02 3.581151738763e-02 3.702844306827e-02 4.057957604527e-02 4.115355387330e-02 3.755786642432e-02 5.484204366803e-02 6.591546535492e-02 6.564047932625e-02 4.348748177290e-02 5.319099500775e-02 7.009384036064e-02 6.536715477705e-02 3.601795062423e-02 5.822622030973e-02 2.692611329257e-02 3.787710517645e-02 5.083677545190e-02 2.498021349311e-02 2.476551011205e-02 2.921198680997e-02 2.411256544292e-02 3.029211983085e-02 2.812040783465e-02 2.229119651020e-02 2.411053329706e-02 3.325200453401e-02 3.754972293973e-02 2.908279560506e-02 2.575898170471e-02 2.110779657960e-02 1.450283639133e-02 1.586665213108e-02 1.749077066779e-02 1.456673257053e-02 1.377298589796e-02 1.191168930382e-02 1.296307425946e-02
3.845206275582e-02 5.205417424440e-02 7.384689152241e-02 8.517342805862e-02 6.166251376271e-02 6.190011277795e-02 3.684002906084e-02 3.921694681048e-02 3.513670712709e-02 4.397783055902e-02 4.601296782494e-02 5.125832557678e-02 7.049305737019e-02 6.978596746922e-02 5.268883705139e-02 5.787686258554e-02 6.847101449966e-02 7.383655756712e-02 4.249486327171e-02 5.629012733698e-02 3.074995800853e-02 5.717599764466e-02 7.121864706278e-02 3.316131979227e-02 2.886322513223e-02 2.989035286009e-02 2.954630181193e-02 3.132407739758e-02 2.441842667758e-02 2.372863888741e-02 3.356800973415e-02 4.385973140597e-02 3.917861729860e-02 3.095906041563e-02 2.562889643013e-02 2.113288640976e-02 1.503174845129e-02 1.854048296809e-02 1.430664397776e-02 1.238654274493e-02 1.321272738278e-02 1.135219540447e-02 1.184114534408e-02
4.164138808846e-02 5.990307033062e-02 6.818228960037e-02 8.914782851934e-02 7.596414536238e-02 5.296782776713e-02 3.650327771902e-02 4.153052717447e-02 3.344029933214e-02 4.108496382833e-02 4.334222897887e-02 4.855673387647e-02 6.686983257532e-02 7.530517876148e-02 6.358119845390e-02 6.184633448720e-02 6.561551988125e-02 8.066543936729e-02 4.843915626407e-02 5.214920267463e-02 3.453532606363e-02 7.071628421545e-02 7.788975536823e-02 3.732656687498e-02 2.817433513701e-02 3.496545180678e-02 3.335287794471e-02 2.708269469440e-02 2.320078760386e-02 3.337775915861e-02 4.680955782533e-02 4.539690911770e-02 3.066992945969e-02 3.531963750720e-02 2.540082857013e-02 1.945408806205e-02 1.796394772828e-02 1.905506849289e-02 1.599230803549e-02 1.253995578736e-02 1.220726035535e-02 8.966358378530e-03 8.811167441308e-03
3.982551395893e-02 5.635673552752e-02 5.779659375548e-02 8.508111536503e-02 8.405323326588e-02 5.558305606246e-02 4.920779913664e-02 4.397305846214e-02 3.292790800333e-02 3.593391180038e-02 4.129692912102e-02 4.923740029335e-02 5.532264336944e-02 7.988126575947e-02 7.080512493849e-02 6.025572866201e-02 6.071801111102e-02 8.647891134024e-02 5.334183201194e-02 4.672392830253e-02 3.829389065504e-02 7.017911970615e-02 6.785846501589e-02 3.224251046777e-02 3.095476888120e-02 3.631463646889e-02 3.026240132749e-02 2.483115904033e-02 3.511966392398e-02 4.951074346900e-02 4.868901148438e-02 3.382857888937e-02 2.589243091643e-02 3.669721260667e-02 1.825957559049e-02 1.779466122389e-02 2.216287143528e-02 1.705579087138e-02 1.833829842508e-02 1.163946650922e-02 1.301343459636e-02 1.085017621517e-02 9.789769537747e-03
3.235694393516e-02 3.859733045101e-02 6.040398404002e-02 7.531687617302e-02 8.465797454119e-02 5.636452510953e-02 6.106334924698e-02 5.131978914142e-02 3.610096126795e-02 3.054044023156e-02 4.301043972373e-02 4.807143285871e-02 5.733967199922e-02 8.569542318583e-02 7.161784917116e-02 5.536455288529e-02 5.469242855906e-02 9.001975506544e-02 5.689361691475e-02 5.663805827498e-02 4.448926821351e-02 5.767301470041e-02 5.059854313731e-02 3.013634122908e-02 3.777106478810e-02 3.513067215681e-02 2.600957266986e-02 3.745247423649e-02 5.365323275328e-02 5.215223878622e-02 3.540759161115e-02 2.101597003639e-02 2.749063074589e-02 3.442421928048e-02 1.847567409277e-02 1.915971748531e-02 2.334616705775e-02 1.784734800458e-02 2.011456340551e-02 1.216759160161e-02 1.236244197935e-02 1.021180301905e-02 1.038489211351e-02
4.180709272623e-02 4.168294370174e-02 6.804363429546e-02 6.363654136658e-02 8.040375262499e-02 6.286779791117e-02 5.843774601817e-02 6.480001658201e-02 5.640554055572e-02 4.314707592130e-02 4.694959893823e-02 4.540313407779e-02 6.246475502849e-02 9.156522899866e-02 6.412802636623e-02 5.312402546406e-02 4.667685553432e-02 9.202019125223e-02 7.221553474665e-02 6.252244114876e-02 5.258866772056e-02 5.591227859259e-02 3.385311365128e-02 3.640172630548e-02 3.878862038255e-02 2.669198438525e-02 4.065436497331e-02 5.785331502557e-02 5.508283898234e-02 3.691440820694e-02 1.977427303791e-02 1.545637659729e-02 3.679400309920e-02 2.878500148654e-02 1.771137304604e-02 2.483683824539e-02 2.163728699088e-02 1.798178069293e-02 2.136227302253e-02 1.505906227976e-02 1.056065317243e-02 1.003678888083e-02 8.958359248936e-03
6.573823094368e-02 4.075510054827e-02 4.088146984577e-02 7.051524519920e-02 7.402090728283e-02 6.631349772215e-02 5.099196359515e-02 5.924570187926e-02 6.739657372236e-02 6.616950780153e-02 5.630429461598e-02 6.968157738447e-02 6.783466041088e-02 9.508474171162e-02 5.531188473105e-02 4.924988746643e-02 6.494338810444e-02 9.263344109058e-02 8.171097189188e-02 5.993858352304e-02 5.666086822748e-02 6.028104200959e-02 3.800925612450e-02 3.968407586217e-02 3.264172375202e-02 4.253624007106e-02 6.298983842134e-02 5.902766436338e-02 3.840102627873e-02 2.523115836084e-02 3.532721102238e-02 2.155113406479e-02 4.296300187707e-02 2.528470195830e-02 2.064249105752e-02 2.655688486993e-02 2.599596790969e-02 1.824542321265e-02 2.204602770507e-02 1.661937311292e-02 1.010306086391e-02 9.563772007823e-03 1.108820177615e-02
8.792546391487e-02 4.189230501652e-02 4.114418476820e-02 6.480649858713e-02 6.661754101515e-02 6.780005246401e-02 5.543046072125e-02 5.593881011009e-02 5.600514262915e-02 7.239574939013e-02 7.883091270924e-02 7.055561244488e-02 7.321013510227e-02 9.627545624971e-02 4.789230227470e-02 7.596439123154e-02 9.102368354797e-02 9.269836544991e-02 7.940774410963e-02 4.749165475368e-02 5.380795523524e-02 5.522415414453e-02 3.805870190263e-02 3.279136493802e-02 4.286236688495e-02 6.697997450829e-02 6.462562829256e-02 4.047419503331e-02 3.589139133692e-02 4.924684762955e-02 4.470944032073e-02 4.058176651597e-02 4.191112890840e-02 2.827278897166e-02 2.656905353069e-02 2.200041897595e-02 2.832578122616e-02 1.931067742407e-02 2.211922407150e-02 1.651560515165e-02 1.071701757610e-02 1.213886868209e-02 1.562870852649e-02
9.597884863615e-02 4.300969839096e-02 4.975262656808e-02 4.286169260740e-02 7.335117459297e-02 6.842816621065e-02 5.839081481099e-02 5.938193947077e-02 5.689959228039e-02 7.165556401014e-02 7.592091709375e-02 6.611847132444e-02 7.802857458591e-02 9.273046255112e-02 8.272664248943e-02 1.005421951413e-01 9.718085825443e-02 9.000074118376e-02 5.396836623549e-02 4.826156795025e-02 5.544974654913e-02 5.597693845630e-02 4.033328592777e-02 4.101618751884e-02 6.980942189693e-02 7.129195332527e-02 4.469213634729e-02 3.649819642305e-02 5.351861566305e-02 4.442529752851e-02 3.601148724556e-02 3.940414637327e-02 3.256371617317e-02 3.107261098921e-02 2.631578594446e-02 1.846198551357e-02 2.773250266910e-02 2.091438323259e-02 2.168196998537e-02 1.495119277388e-02 1.289642602205e-02 1.734882593155e-02 1.961561664939e-02
8.421602100134e-02 6.269174814224e-02 5.759936943650e-02 4.021845012903e-02 5.303546413779e-02 6.960912793875e-02 7.346519827843e-02 6.306869536638e-02 7.478575408459e-02 1.095258295536e-01 6.075128540397e-02 5.806193500757e-02 8.121091127396e-02 8.533309400082e-02 1.071820333600e-01 1.037634462118e-01 8.974155783653e-02 8.697422593832e-02 5.954215675592e-02 6.470790505409e-02 5.759040266275e-02 5.572476238012e-02 3.745095804334e-02 7.081012427807e-02 7.853686064482e-02 5.078055337071e-02 4.162580892444e-02 5.668924748898e-02 5.015725642443e-02 3.275834023952e-02 4.779706895351e-02 4.144574329257e-02 2.499564364552e-02 2.838628366590e-02 2.373085543513e-02 2.547248266637e-02 2.523829787970e-02 2.298909425735e-02 2.103572711349e-02 1.939121074975e-02 2.152217738330e-02 2.416304312646e-02 2.039223909378e-02
5.675632879138e-02 9.448568522930e-02 6.305661797523e-02 4.950273782015e-02 6.006742268801e-02 6.754276156425e-02 6.471981108189e-02 6.746680289507e-02 9.792106598616e-02 1.355192810297e-01 9.091757237911e-02 6.323602050543e-02 8.179848641157e-02 1.021881327033e-01 1.092327237129e-01 1.521145701408e-01 8.061318844557e-02 8.054680377245e-02 6.653950363398e-02 6.535883992910e-02 5.939050391316e-02 5.495942011476e-02 7.008185982704e-02 8.333230763674e-02 5.723285675049e-02 4.680673405528e-02 5.593835934997e-02 5.615567043424e-02 4.818521440029e-02 4.787456244230e-02 5.077606439590e-02 2.843928150833e-02 2.690513245761e-02 2.423912286758e-02 2.125152386725e-02 1.988526806235e-02 3.444720804691e-02 2.729911170900e-02 2.504293993115e-02 2.869606576860e-02 2.859864383936e-02 2.100019343197e-02 1.420547999442e-02
6.401919573545e-02 1.047141999006e-01 6.519324332476e-02 5.473401397467e-02 7.081598788500e-02 6.464204937220e-02 6.729995459318e-02 8.543716371059e-02 1.127827167511e-01 1.360744088888e-01 1.085689440370e-01 1.078022345901e-01 9.542281180620e-02 1.119772493839e-01 1.329719871283e-01 1.924937218428e-01 8.374319970608e-02 9.057720005512e-02 8.981739729643e-02 7.343629747629e-02 5.817636474967e-02 6.988848745823e-02 8.760076016188e-02 6.299010664225e-02 5.237758159637e-02 5.522325262427e-02 5.357729643583e-02 5.939900130033e-02 5.777196586132e-02 5.765097215772e-02 4.347185045481e-02 2.341187745333e-02 3.214219212532e-02 2.013670094311e-02 2.100591547787e-02 2.146980538964e-02 4.746327921748e-02 3.148557990789e-02 3.304131329060e-02 2.661547251046e-02 1.618028432131e-02 9.572105482221e-03 9.505135007203e-03
1.267434209585e-01 8.274933695793e-02 9.070369601250e-02 5.813023075461e-02 8.614178746939e-02 6.681386381388e-02 7.238760590553e-02 9.870716929436e-02 1.185953170061e-01 1.151496917009e-01 1.117269322276e-01 1.130568534136e-01 1.060933470726e-01 8.585054427385e-02 9.113226830959e-02 1.226147338748e-01 6.857549399137e-02 8.949793875217e-02 9.784175455570e-02 8.165290206671e-02 7.265304774046e-02 9.164503216743e-02 6.861532479525e-02 5.844894424081e-02 5.411903932691e-02 4.963004589081e-02 5.364466831088e-02 6.333098560572e-02 6.349702924490e-02 5.675573274493e-02 3.565752133727e-02 2.245738357306e-02 3.420932218432e-02 2.724657766521e-02 3.285611420870e-02 3.494706749916e-02 5.354015529156e-02 3.124880045652e-02 2.470837533474e-02 1.723002828658e-02 1.544452831149e-02 1.169186085463e-02 1.114198379219e-02
2.056574225426e-01 8.990401774645e-02 1.015719398856e-01 7.399309426546e-02 9.548452496529e-02 8.166147768497e-02 8.059181272984e-02 1.133104488254e-01 1.217450946569e-01 9.558811038733e-02 1.343943625689e-01 1.651906818151e-01 9.164182841778e-02 1.073041260242e-01 6.574944406748e-02 7.640998065472e-02 7.293491810560e-02 8.700433373451e-02 8.409592509270e-02 7.626962661743e-02 9.726908057928e-02 7.405352592468e-02 6.089733913541e-02 5.470566824079e-02 5.888115242124e-02 5.446936190128e-02 5.500473454595e-02 6.864988803864e-02 6.909193843603e-02 6.270460039377e-02 4.324903711677e-02 3.790634125471e-02 3.762356936932e-02 3.431824222207e-02 3.321149572730e-02 5.108905956149e-02 4.411983489990e-02 2.136431075633e-02 2.307927235961e-02 2.358965575695e-02 2.186957001686e-02 1.691202633083e-02 1.203605625778e-02
2.251117527485e-01 2.351376861334e-01 9.562291949987e-02 9.721405804157e-02 1.051633358002e-01 9.882316738367e-02 1.356860250235e-01 1.269417703152e-01 1.200084313750e-01 8.898872137070e-02 1.367969810963e-01 1.839605718851e-01 1.100073680282e-01 1.036955788732e-01 8.421339839697e-02 8.575451374054e-02 9.082918614149e-02 8.588954806328e-02 8.309097588062e-02 1.040980368853e-01 8.108248561621e-02 6.947164982557e-02 5.952659621835e-02 4.663373902440e-02 5.703573301435e-02 6.439495831728e-02 5.925902351737e-02 7.367732375860e-02 7.684975117445e-02 6.855057179928e-02 5.108710750937e-02 3.766433149576e-02 3.349478915334e-02 2.841781638563e-02 4.621299728751e-02 5.306204408407e-02 2.380429394543e-02 2.430646307766e-02 2.533778175712e-02 2.569299936295e-02 2.428608015180e-02 2.031176723540e-02 1.412347331643e-02
1.080834195018e-01 3.167708218098e-01 2.314601689577e-01 9.587998688221e-02 1.108294054866e-01 1.230619847775e-01 1.310922652483e-01 1.332645565271e-01 1.065313369036e-01 9.326753020287e-02 1.559214442968e-01 1.800502240658e-01 1.413237452507e-01 9.560716152191e-02 8.833173662424e-02 9.833860397339e-02 1.516596674919e-01 9.516981989145e-02 1.154011934996e-01 8.894550055265e-02 6.403884291649e-02 6.240466609597e-02 5.271365121007e-02 6.406202167273e-02 6.517510116100e-02 7.481893897057e-02 8.261933922768e-02 6.301263719797e-02 7.477793097496e-02 7.466746866703e-02 5.805994942784e-02 3.079110570252e-02 3.146648779511e-02 4.886284470558e-02 5.309265479445e-02 3.120015561581e-02 2.160221524537e-02 2.180622518063e-02 2.170744910836e-02 2.203212678432e-02 2.195195294917e-02 2.033281698823e-02 1.626974530518e-02
1.981166154146e-01 1.500338464975e-01 3.692788779736e-01 1.719657480717e-01 1.120888888836e-01 1.512845158577e-01 1.136927381158e-01 1.268817931414e-01 1.657035946846e-01 1.298346370459e-01 1.797462403774e-01 1.430227309465e-01 1.505207121372e-01 1.260041296482e-01 1.037174388766e-01 9.699510037899e-02 2.208625674248e-01 1.336427181959e-01 1.076501458883e-01 1.311413496733e-01 7.799053192139e-02 6.365604698658e-02 6.797850877047e-02 7.156740874052e-02 6.895186007023e-02 7.345020025969e-02 1.040495783091e-01 6.301663815975e-02 7.759354263544e-02 8.102275431156e-02 6.573207676411e-02 4.239267110825e-02 5.384754016995e-02 4.993814975023e-02 2.870586141944e-02 2.382309548557e-02 2.250276505947e-02 2.107159048319e-02 1.958832889795e-02 1.823749765754e-02 1.891037262976e-02 1.953412778676e-02 1.774573139846e-02
2.667854428291e-01 3.503933250904e-01 2.118731588125e-01 3.630512952805e-01 1.352469772100e-01 1.831547319889e-01 1.569868475199e-01 1.678475737572e-01 2.331936508417e-01 1.931286752224e-01 2.236387133598e-01 1.282462328672e-01 1.365623325109e-01 1.422239691019e-01 1.274484246969e-01 1.006188690662e-01 2.597630620003e-01 1.476681977510e-01 1.536817103624e-01 1.064964234829e-01 5.786558613181e-02 6.419391930103e-02 8.167256414890e-02 7.430537045002e-02 6.711941212416e-02 6.447551399469e-02 1.013920307159e-01 6.905570626259e-02 8.700859546661e-02 8.582602441311e-02 6.809505820274e-02 5.442490056157e-02 4.093202203512e-02 2.113358303905e-02 2.093252725899e-02 2.232975512743e-02 2.196252159774e-02 2.347793057561e-02 2.305934391916e-02 2.189121022820e-02 2.378230728209e-02 2.765995450318e-02 2.890767157078e-02
5.297208428383e-01 3.496138155460e-01 3.702598214149e-01 3.075655400753e-01 2.797490060329e-01 2.058812826872e-01 2.264087647200e-01 1.975134611130e-01 2.052141278982e-01 2.262939363718e-01 2.628766298294e-01 1.526304483414e-01 1.347079724073e-01 1.444467753172e-01 1.583004891872e-01 1.507687866688e-01 2.006631642580e-01 1.488031446934e-01 1.483973264694e-01 1.185342445970e-01 9.687582403421e-02 1.151730269194e-01 1.160618811846e-01 9.613294154406e-02 7.017708569765e-02 5.917644873261e-02 7.953082770109e-02 8.482600748539e-02 8.992649614811e-02 7.511793822050e-02 5.273536220193e-02 3.375064209104e-02 2.954055368900e-02 3.113134019077e-02 3.685841709375e-02 4.044727608562e-02 4.234241321683e-02 4.217777401209e-02 4.006242007017e-02 3.667633607984e-02 3.337508067489e-02 3.362662717700e-02 2.979416213930e-02
