VariationalSeries/SI/f188.grd
DSAA
101	101
32.816463539100	34.260883539100
35.556306596100	36.727886596100
2.695148032217e-05	4.321872234344e+00
[rows 0 to 18 of 101, columns 43 to 85 of 101]
6.394332274795e-03 1.090683043003e-02 1.256200112402e-02 9.954792447388e-03 6.942850071937e-03 6.966515909880e-03 5.999622400850e-03 5.460437852889e-03 3.586970735341e-03 5.261326674372e-03 6.962227635086e-03 8.234919048846e-03 9.782274253666e-03 1.398158818483e-02 6.270006299019e-03 7.701319642365e-03 9.766543284059e-03 1.069829240441e-02 7.227452937514e-03 4.605413414538e-03 5.198205355555e-03 7.052836474031e-03 7.248702459037e-03 7.804972119629e-03 7.945715449750e-03 5.793710239232e-03 3.873627865687e-03 3.895829431713e-03 7.356265559793e-03 1.103500276804e-02 8.894723840058e-03 4.358701407909e-03 5.511695053428e-03 3.591061802581e-03 3.678332315758e-03 3.152543678880e-03 2.708993852139e-03 2.442823257297e-03 1.809353474528e-03 1.818655757234e-03 2.422819379717e-03 4.049473907799e-03 4.023925401270e-03
1.108334492892e-02 1.975330896676e-02 2.466004341841e-02 2.181814983487e-02 1.636224240065e-02 1.514803245664e-02 1.253095269203e-02 1.058935187757e-02 9.811682626605e-03 1.154279522598e-02 1.282778009772e-02 1.446991320699e-02 1.934467442334e-02 2.791882678866e-02 1.194016449153e-02 1.461731828749e-02 1.843654736876e-02 2.001826278865e-02 1.374270673841e-02 9.174001403153e-03 1.070672273636e-02 1.344932988286e-02 1.433922722936e-02 1.362502295524e-02 1.428055204451e-02 1.206155028194e-02 7.163240108639e-03 8.088637143373e-03 1.661993749440e-02 2.642332576215e-02 1.582437008619e-02 7.188984192908e-03 1.078269351274e-02 6.607981864363e-03 7.117141503841e-03 5.880544427782e-03 4.849934950471e-03 4.298428539187e-03 3.468471113592e-03 3.421833040193e-03 5.359118338674e-03 8.203347213566e-03 7.643267977983e-03
1.394840795547e-02 2.017125487328e-02 2.754673175514e-02 2.707714587450e-02 2.201102674007e-02 2.198950201273e-02 1.484802924097e-02 1.305077690631e-02 1.758889481425e-02 1.754553802311e-02 1.274060644209e-02 1.602081954479e-02 2.061065472662e-02 2.919635176659e-02 1.387428026646e-02 1.661291904747e-02 2.062130346894e-02 2.290308475494e-02 1.582790538669e-02 1.249731983989e-02 1.241103652865e-02 1.350060105324e-02 1.610871031880e-02 1.710778288543e-02 2.102364040911e-02 1.619759202003e-02 9.303730912507e-03 9.979934431612e-03 2.181164734066e-02 3.410682082176e-02 1.621529459953e-02 8.345254696906e-03 1.241683028638e-02 7.289287634194e-03 7.941257208586e-03 6.996525917202e-03 6.211662199348e-03 4.930915310979e-03 4.047940019518e-03 4.885687492788e-03 6.791061256081e-03 9.080430492759e-03 7.821323350072e-03
1.606512255967e-02 1.823647692800e-02 2.463408000767e-02 2.674679085612e-02 2.385036647320e-02 2.939554303885e-02 1.555658504367e-02 1.786503940821e-02 2.518645115197e-02 2.590398490429e-02 1.724421046674e-02 1.675243861973e-02 2.111112885177e-02 2.946009114385e-02 1.456476189196e-02 1.864703744650e-02 2.114237286150e-02 2.385817840695e-02 1.723083481193e-02 1.639580540359e-02 1.332669053227e-02 1.694538630545e-02 2.048682607710e-02 2.017646096647e-02 2.789431624115e-02 1.997645013034e-02 1.048058643937e-02 1.188528258353e-02 2.544309198856e-02 3.699350729585e-02 1.523371227086e-02 9.298999793828e-03 1.316720806062e-02 7.395208813250e-03 8.145322091877e-03 8.907260373235e-03 7.514844182879e-03 5.654634442180e-03 4.761654883623e-03 6.051428150386e-03 8.107561618090e-03 9.457545354962e-03 7.492571137846e-03
1.579922996461e-02 2.185279689729e-02 1.943210139871e-02 2.260684221983e-02 2.198846265674e-02 3.730543330312e-02 1.496849488467e-02 2.206498570740e-02 3.219525143504e-02 3.454397991300e-02 2.437803521752e-02 1.755024492741e-02 2.170092053711e-02 2.960402891040e-02 1.523005962372e-02 2.041784487665e-02 2.139033749700e-02 2.464824356139e-02 1.907551102340e-02 2.015253715217e-02 1.584319397807e-02 2.139111794531e-02 2.597839199007e-02 2.526103891432e-02 3.466375544667e-02 2.308567240834e-02 1.251947507262e-02 1.273556798697e-02 2.694244682789e-02 3.574928268790e-02 1.644268631935e-02 1.107582077384e-02 1.362194865942e-02 8.756250143051e-03 1.007384806871e-02 1.044872961938e-02 8.344540372491e-03 5.895812995732e-03 6.068522110581e-03 6.600890308619e-03 9.461390785873e-03 9.591412730515e-03 7.168409414589e-03
1.370799914002e-02 2.319143153727e-02 1.736134104431e-02 1.791726611555e-02 1.911587454379e-02 4.518899321556e-02 1.697772182524e-02 2.510433085263e-02 3.839117661119e-02 4.309186711907e-02 3.183659166098e-02 1.849729567766e-02 2.250145561993e-02 2.972118183970e-02 1.687504909933e-02 2.188714407384e-02 2.133196406066e-02 2.534317038953e-02 1.952862180769e-02 2.337196283042e-02 1.916836574674e-02 2.587025798857e-02 3.090367652476e-02 2.957493998110e-02 4.069877788424e-02 2.485645748675e-02 1.376832369715e-02 1.491317804903e-02 2.578217908740e-02 2.899523265660e-02 1.633473113179e-02 1.280127745122e-02 1.375265885144e-02 9.782874025404e-03 1.177909038961e-02 1.160116866231e-02 8.741711266339e-03 6.053466349840e-03 6.844850257039e-03 7.438411004841e-03 1.081151701510e-02 9.758155792952e-03 6.876041647047e-03
1.243605744094e-02 2.220186777413e-02 1.741557754576e-02 1.400189846754e-02 1.763646863401e-02 5.244018882513e-02 1.868997700512e-02 2.653778344393e-02 4.265463352203e-02 4.960573092103e-02 3.859560936689e-02 2.048646658659e-02 2.320815622807e-02 2.971699088812e-02 1.706758141518e-02 2.331551536918e-02 2.096487767994e-02 2.582597360015e-02 1.864417828619e-02 2.470339089632e-02 2.190634980798e-02 2.905639819801e-02 3.424799069762e-02 3.196508809924e-02 4.511349275708e-02 2.499300055206e-02 1.328622829169e-02 1.669643260539e-02 2.208638750017e-02 2.016027830541e-02 1.529410760850e-02 1.450852956623e-02 1.365701016039e-02 1.045434176922e-02 1.312826201320e-02 1.227127388120e-02 8.694622665644e-03 7.136451080441e-03 6.744788493961e-03 1.010995171964e-02 1.235285028815e-02 1.000604685396e-02 6.422796286643e-03
1.435196679085e-02 2.119429036975e-02 1.681963354349e-02 1.574376225471e-02 1.985934376717e-02 5.933942273259e-02 2.132743224502e-02 2.566535957158e-02 4.308189824224e-02 5.235913768411e-02 4.389354214072e-02 2.676559239626e-02 2.411804720759e-02 2.987716533244e-02 1.711149886250e-02 2.465433627367e-02 2.034583315253e-02 2.614248916507e-02 1.920555904508e-02 2.337766811252e-02 2.353828400373e-02 3.054479137063e-02 3.504744917154e-02 3.195015341043e-02 4.764713719487e-02 2.404843643308e-02 1.527473796159e-02 1.990833505988e-02 1.676671765745e-02 1.641297712922e-02 1.755360141397e-02 1.622422225773e-02 1.328025572002e-02 1.347409840673e-02 1.397986151278e-02 1.234900858253e-02 8.214310742915e-03 7.332804147154e-03 8.486478589475e-03 1.360372174531e-02 1.352260820568e-02 9.525792673230e-03 5.369914695621e-03
1.613810472190e-02 2.125559002161e-02 1.668918691576e-02 1.704420149326e-02 2.199829928577e-02 6.576308608055e-02 2.408924512565e-02 2.253820933402e-02 3.930689021945e-02 5.095431581140e-02 4.703211411834e-02 3.260954469442e-02 2.508085966110e-02 3.435647115111e-02 1.913715712726e-02 2.598366141319e-02 2.057265304029e-02 2.635973319411e-02 1.958573795855e-02 2.064022421837e-02 2.456590160728e-02 2.991454117000e-02 3.325234726071e-02 3.214722126722e-02 4.732054099441e-02 2.125304006040e-02 1.820644550025e-02 2.331678941846e-02 1.667001284659e-02 2.018575929105e-02 2.210024930537e-02 1.787904649973e-02 1.544220279902e-02 1.675406284630e-02 1.711597107351e-02 1.177087984979e-02 7.912517525256e-03 7.126584183425e-03 1.349370181561e-02 1.645087637007e-02 1.306889578700e-02 7.561987265944e-03 6.373977754265e-03
1.731882616878e-02 2.165187709033e-02 1.652587205172e-02 1.669846102595e-02 2.404763922095e-02 7.094077765942e-02 2.650654874742e-02 1.846481673419e-02 3.340962901711e-02 4.643433541059e-02 4.735229164362e-02 3.723357990384e-02 2.605217508972e-02 3.706304728985e-02 2.404271252453e-02 2.745666168630e-02 2.751909196377e-02 2.674669399858e-02 1.977973058820e-02 2.477642148733e-02 2.404415607452e-02 2.769705653191e-02 2.932514436543e-02 3.586059808731e-02 4.392518475652e-02 1.701952517033e-02 2.119943872094e-02 2.671365812421e-02 1.913243532181e-02 2.338055893779e-02 2.600258775055e-02 2.139194309711e-02 1.716179214418e-02 1.776158623397e-02 1.855950988829e-02 1.062395237386e-02 7.365022785962e-03 1.281379163265e-02 1.811587624252e-02 1.659934408963e-02 1.009805873036e-02 6.592830643058e-03 6.241311319172e-03
1.755287498236e-02 2.240363694727e-02 1.639612577856e-02 1.796510815620e-02 2.589436993003e-02 7.509794086218e-02 2.871774509549e-02 1.851449720562e-02 2.665286324918e-02 3.910318017006e-02 4.386370629072e-02 3.962812945247e-02 3.187778219581e-02 3.689195960760e-02 3.041096962988e-02 2.889623865485e-02 3.876442089677e-02 2.900629490614e-02 1.981838420033e-02 3.279970586300e-02 2.689740248024e-02 2.441906370223e-02 3.611499443650e-02 3.817500919104e-02 3.820804879069e-02 1.711678877473e-02 2.372521534562e-02 2.907610870898e-02 1.995584927499e-02 2.523548528552e-02 2.942699939013e-02 2.489908039570e-02 1.587869599462e-02 1.542377192527e-02 1.753923669457e-02 9.120698086917e-03 1.165316998959e-02 1.894820667803e-02 1.940921880305e-02 1.288352534175e-02 6.461062002927e-03 6.010827608407e-03 6.093680858612e-03
1.704563573003e-02 2.324071340263e-02 2.137193828821e-02 2.029092051089e-02 2.756037935615e-02 7.775399833918e-02 3.011274151504e-02 1.921565085649e-02 2.237858064473e-02 3.021060302854e-02 3.742139413953e-02 3.895062580705e-02 3.550213947892e-02 3.857351467013e-02 3.685010969639e-02 3.020093590021e-02 5.178521573544e-02 3.817768022418e-02 1.999294385314e-02 3.984486684203e-02 2.999100647867e-02 3.192002326250e-02 4.756317287683e-02 3.868320211768e-02 3.092516399920e-02 1.773441955447e-02 2.479949779809e-02 2.971889823675e-02 1.909095980227e-02 2.505395747721e-02 3.118973784149e-02 2.764793671668e-02 1.629778556526e-02 1.229796186090e-02 1.624089851975e-02 9.875324554741e-03 1.871925033629e-02 2.183608524501e-02 1.553471572697e-02 7.890488952398e-03 7.040946278721e-03 7.818972691894e-03 8.284063078463e-03
1.719645038247e-02 2.407184429467e-02 2.696582861245e-02 1.861635781825e-02 2.913635224104e-02 7.990341633558e-02 3.074356541038e-02 1.982838660479e-02 2.242019027472e-02 2.880982682109e-02 2.872722223401e-02 3.459032252431e-02 3.634544089437e-02 4.297141730785e-02 3.965581208467e-02 3.367121890187e-02 6.454513221979e-02 4.658026248217e-02 2.201977930963e-02 4.534463956952e-02 3.147297725081e-02 3.871976956725e-02 5.607118085027e-02 3.607236221433e-02 2.279859781265e-02 2.110568806529e-02 2.384966984391e-02 2.811606600881e-02 1.735349558294e-02 2.291980385780e-02 3.016451001167e-02 2.833265438676e-02 1.724031195045e-02 1.063049957156e-02 1.551957707852e-02 1.726740971208e-02 2.362766489387e-02 1.873365044594e-02 9.578788653016e-03 7.611710112542e-03 7.373149506748e-03 1.006159652025e-02 9.851894341409e-03
1.535155065358e-02 2.491822466254e-02 2.922100201249e-02 2.085150219500e-02 3.075383231044e-02 8.235718309879e-02 3.115187585354e-02 2.046567015350e-02 2.048417739570e-02 2.777210995555e-02 2.279776148498e-02 2.726478129625e-02 3.904276713729e-02 4.607892781496e-02 3.677420318127e-02 4.161890968680e-02 7.467283308506e-02 5.333379656076e-02 2.585835382342e-02 4.912251606584e-02 3.153138980269e-02 4.209644347429e-02 5.871080234647e-02 3.001228719950e-02 1.996509730816e-02 2.682038396597e-02 2.772255800664e-02 2.502308785915e-02 1.717073284090e-02 1.921659149230e-02 2.667501382530e-02 2.678595110774e-02 1.719512417912e-02 1.050086598843e-02 1.565664634109e-02 2.416520565748e-02 2.245357260108e-02 1.210492942482e-02 8.526139892638e-03 7.326230872422e-03 7.986234501004e-03 1.137812994421e-02 1.048274338245e-02
2.104590274394e-02 2.591091580689e-02 2.924031578004e-02 3.401131927967e-02 3.243043273687e-02 8.383528888226e-02 3.102199174464e-02 2.446433529258e-02 1.751490496099e-02 2.537483721972e-02 2.130622975528e-02 2.991705387831e-02 4.111830517650e-02 4.918133839965e-02 3.961718454957e-02 4.941472411156e-02 8.297029137611e-02 5.725676938891e-02 2.758715488017e-02 5.231006070971e-02 3.374435752630e-02 4.105563089252e-02 5.644743889570e-02 2.503364160657e-02 2.121123485267e-02 3.210807591677e-02 3.517592325807e-02 2.192394435406e-02 1.748101040721e-02 1.597320288420e-02 2.211371064186e-02 2.400610968471e-02 1.626790314913e-02 1.181453187019e-02 2.299453131855e-02 2.594979852438e-02 1.565782725811e-02 8.185309357941e-03 8.771760389209e-03 6.773281376809e-03 9.137553162873e-03 1.208433881402e-02 1.292220782489e-02
2.778724022210e-02 2.710044197738e-02 2.878529019654e-02 4.176494851708e-02 3.369903564453e-02 8.427590876818e-02 3.011677972972e-02 2.804405800998e-02 1.852338202298e-02 2.599103190005e-02 2.210100367665e-02 3.205614909530e-02 4.305859655142e-02 5.219282582402e-02 3.826063126326e-02 5.581377446651e-02 8.449140191078e-02 5.423227325082e-02 3.272166103125e-02 5.497282743454e-02 3.383735567331e-02 3.753818944097e-02 4.883527755737e-02 2.381058596075e-02 2.318667061627e-02 3.692186996341e-02 3.786572813988e-02 1.974187418818e-02 1.900404877961e-02 1.684595830739e-02 2.300547063351e-02 2.018574811518e-02 1.446931250393e-02 2.067039906979e-02 2.787458896637e-02 2.005840837955e-02 1.122425124049e-02 7.364801596850e-03 8.842609822750e-03 7.722948212177e-03 1.168066728860e-02 1.521285437047e-02 1.514040771872e-02
3.277623280883e-02 3.542398288846e-02 3.352201730013e-02 3.859794139862e-02 3.612061589956e-02 8.357784152031e-02 3.310610726476e-02 3.082798235118e-02 1.943781785667e-02 2.636778168380e-02 2.441426739097e-02 3.316810727119e-02 4.537859931588e-02 5.515621230006e-02 3.516983613372e-02 5.987038090825e-02 7.959695905447e-02 4.811539500952e-02 3.593665361404e-02 5.696294084191e-02 3.014636598527e-02 2.998147718608e-02 3.795608878136e-02 2.202131785452e-02 2.723324112594e-02 3.694802895188e-02 3.492437303066e-02 2.090259268880e-02 2.182726934552e-02 1.849031262100e-02 2.496445924044e-02 1.746185868979e-02 1.767877303064e-02 2.790212258697e-02 2.458206005394e-02 1.721595972776e-02 9.593811817467e-03 8.026743307710e-03 9.933852590621e-03 1.117600966245e-02 1.629459857941e-02 1.671214960515e-02 1.390780601650e-02
4.290888458490e-02 4.246433451772e-02 4.586508125067e-02 3.530018404126e-02 4.281110316515e-02 8.094196021557e-02 3.768078982830e-02 3.402893245220e-02 2.658996544778e-02 2.640365064144e-02 2.844550088048e-02 4.298809543252e-02 4.729165881872e-02 5.845078453422e-02 3.808912262321e-02 6.014660745859e-02 7.076907157898e-02 4.594413191080e-02 3.692940622568e-02 5.843982845545e-02 2.777246199548e-02 2.458157390356e-02 2.861133031547e-02 2.349148690701e-02 2.959794551134e-02 3.304878622293e-02 2.582902088761e-02 2.301149815321e-02 2.544412948191e-02 2.107497863472e-02 2.581627666950e-02 1.643936894834e-02 2.637341618538e-02 2.773999422789e-02 2.470834553242e-02 1.557228341699e-02 1.125210989267e-02 9.843869134784e-03 1.188313402236e-02 1.620625890791e-02 1.811149902642e-02 1.457965001464e-02 1.081065461040e-02
4.757978767157e-02 4.695479199290e-02 5.654631555080e-02 5.268058180809e-02 3.617890924215e-02 7.637615501881e-02 3.503765165806e-02 3.931603208184e-02 3.670104965568e-02 3.045204840600e-02 3.088877163827e-02 5.178065225482e-02 5.438022688031e-02 6.209333986044e-02 4.250288009644e-02 5.661747604609e-02 7.010516524315e-02 5.602028220892e-02 3.576308488846e-02 5.863886699080e-02 2.793875895441e-02 2.650737203658e-02 2.917076647282e-02 2.610454708338e-02 2.773275040090e-02 2.608708664775e-02 2.400388009846e-02 2.681013755500e-02 2.787105366588e-02 2.185226418078e-02 2.561351656914e-02 2.476821094751e-02 2.939925901592e-02 2.773497626185e-02 2.632991410792e-02 1.932615414262e-02 1.378481835127e-02 1.269439142197e-02 1.536032650620e-02 1.815473474562e-02 1.499353442341e-02 1.246704161167e-02 1.107067428529e-02
