VariationalSeries/SI/f188.grd
DSAA
101	101
32.816463539100	34.260883539100
35.556306596100	36.727886596100
2.695148032217e-05	4.321872234344e+00
[rows 57 to 75 of 101, columns 43 to 85 of 101]
1.846997626126e-02 2.172565087676e-02 1.113539095968e-02 1.226642169058e-02 1.216495223343e-02 1.957602240145e-02 2.211272530258e-02 2.989628352225e-02 2.607697434723e-02 1.420377008617e-02 9.894288145006e-03 8.331711404026e-03 6.108763627708e-03 1.080132927746e-02 4.523118957877e-02 1.519057601690e-01 3.372250497341e-01 3.171553313732e-01 4.573059976101e-01 1.548817604780e-01 4.454450681806e-02 3.404868394136e-02 6.198314204812e-02 1.137572154403e-01 1.947181969881e-01 1.765266805887e-01 1.917086243629e-01 1.551597863436e-01 2.036101073027e-01 1.870138049126e-01 1.974074989557e-01 1.471109688282e-01 1.533968448639e-01 2.152688205242e-01 1.337293386459e-01 8.384203910828e-02 9.782873094082e-02 1.372802406549e-01 1.721863150597e-01 1.244762614369e-01 5.177355930209e-02 4.566210135818e-02 4.413013160229e-02
1.478095632046e-02 2.457918226719e-02 8.969886228442e-03 9.506650269032e-03 9.427208453417e-03 1.421514712274e-02 2.784340083599e-02 8.993019163609e-02 7.165873795748e-02 1.534785144031e-02 9.139136411250e-03 6.064055487514e-03 4.735891241580e-03 4.657704383135e-03 9.409812279046e-03 9.069533646107e-02 1.063399165869e-01 1.105273887515e-01 8.956907689571e-02 9.078248590231e-02 6.657551974058e-02 5.058329552412e-02 3.903301060200e-02 2.306656539440e-02 6.018800660968e-02 1.212595030665e-01 2.117893099785e-01 2.150891125202e-01 2.349081039429e-01 1.292784363031e-01 1.701855659485e-01 1.552134901285e-01 1.330368816853e-01 1.172486916184e-01 1.191689893603e-01 8.962038904428e-02 8.788939565420e-02 1.057993620634e-01 1.040684208274e-01 9.544713795185e-02 9.918664395809e-02 1.041769757867e-01 9.763357788324e-02
1.208460517228e-02 1.169355120510e-02 8.181237615645e-03 8.645941503346e-03 8.797774091363e-03 1.293737906963e-02 3.962647542357e-02 1.030827686191e-01 1.013947054744e-01 2.284144423902e-02 9.252378717065e-03 5.215896293521e-03 3.734140889719e-03 3.430209355429e-03 3.473325632513e-03 4.364217631519e-03 6.080871913582e-03 8.268835023046e-03 1.079407334328e-02 1.314666122198e-02 1.550402306020e-02 1.829280145466e-02 1.231375616044e-02 1.236623339355e-02 2.978895604610e-02 1.387226581573e-01 2.391148507595e-01 2.711847722530e-01 2.598990499973e-01 2.624962925911e-01 1.729938089848e-01 1.494335383177e-01 1.268595159054e-01 1.159237697721e-01 1.627627462149e-01 1.402703523636e-01 1.163655146956e-01 7.295091450214e-02 7.827349752188e-02 6.578113883734e-02 5.809374898672e-02 5.486438795924e-02 4.801045358181e-02
1.117336843163e-02 1.008747704327e-02 7.915483787656e-03 8.763558231294e-03 9.982518851757e-03 1.314112171531e-02 9.155190736055e-02 1.024206429720e-01 1.264462769032e-01 1.748058386147e-02 8.128494024277e-03 5.055465269834e-03 3.417842090130e-03 2.777744317427e-03 2.638905076310e-03 2.756339730695e-03 3.392151091248e-03 4.476213827729e-03 6.554222665727e-03 7.591989822686e-03 8.672710508108e-03 1.741722784936e-02 8.890859782696e-03 8.155680261552e-03 2.539238333702e-02 5.632694438100e-02 2.019851207733e-01 2.237358242273e-01 2.398526221514e-01 2.562201619148e-01 2.125345319510e-01 1.643387973309e-01 1.141273155808e-01 1.462502330542e-01 1.018887981772e-01 8.966334164143e-02 7.435659319162e-02 6.148310750723e-02 5.782388895750e-02 5.688345432281e-02 6.041030958295e-02 8.581061661243e-02 1.192707642913e-01
9.479138068855e-03 7.403436582536e-03 7.776672020555e-03 9.295881725848e-03 1.459989417344e-02 2.387690730393e-02 7.260800153017e-02 1.603150367737e-01 6.173792481422e-02 9.804555214942e-03 5.908853840083e-03 4.313944838941e-03 3.120894310996e-03 2.340380568057e-03 2.143202116713e-03 2.134549897164e-03 2.297883387655e-03 3.107726341113e-03 4.283920396119e-03 4.899822175503e-03 5.116302054375e-03 1.061403192580e-02 6.313887424767e-03 6.968978792429e-03 1.529698260128e-02 5.297068133950e-02 1.433443576097e-01 1.948694586754e-01 2.020794153214e-01 1.538570374250e-01 1.182249933481e-01 1.702132225037e-01 1.164823621511e-01 8.219907432795e-02 9.112555533648e-02 1.149044781923e-01 1.040438488126e-01 7.378543913364e-02 6.890356540680e-02 6.717210263014e-02 6.512673199177e-02 7.215268164873e-02 8.992255479097e-02
6.874848622829e-03 5.712395533919e-03 7.149043492973e-03 1.705287210643e-02 3.832035511732e-02 8.877421170473e-02 1.298574060202e-01 8.175292611122e-02 8.660684339702e-03 5.932213272899e-03 4.259359557182e-03 3.508328692988e-03 2.740703057498e-03 2.231560647488e-03 1.969581469893e-03 2.047476358712e-03 2.125714672729e-03 2.571030752733e-03 3.713958896697e-03 4.569475073367e-03 4.850832745433e-03 5.169034469873e-03 5.190731491894e-03 7.631860207766e-03 1.870284788311e-02 4.923509433866e-02 6.036225706339e-02 6.077443808317e-02 1.169861406088e-01 1.354261934757e-01 1.588736921549e-01 1.010709851980e-01 1.313739866018e-01 9.675237536430e-02 1.080379858613e-01 1.269869953394e-01 2.545240223408e-01 1.605144292116e-01 9.440215677023e-02 7.758577167988e-02 7.982935756445e-02 7.846503704786e-02 7.581014931202e-02
4.436591640115e-03 4.681650083512e-03 5.927137564868e-03 7.503778673708e-03 1.637165807188e-02 1.020442545414e-01 6.619606167078e-02 8.884810842574e-03 5.151336081326e-03 4.543269984424e-03 3.799868514761e-03 3.205279121175e-03 2.529727295041e-03 2.148247323930e-03 1.920770737343e-03 2.116572111845e-03 2.168238395825e-03 2.185001038015e-03 3.054809523746e-03 3.897595452145e-03 4.399546422064e-03 4.370427690446e-03 5.521235056221e-03 8.908362127841e-03 2.795741893351e-02 5.555193498731e-02 3.268628939986e-02 4.326731339097e-02 4.036861285567e-02 2.076228260994e-01 3.029330074787e-01 1.637622565031e-01 8.964011818171e-02 1.237208098173e-01 4.854220151901e-02 5.113345384598e-02 1.909465044737e-01 9.161093831062e-02 7.455521076918e-02 5.724417790771e-02 5.883959680796e-02 6.562270224094e-02 7.072927802801e-02
3.763095242903e-03 4.094772506505e-03 4.806732293218e-03 6.090753711760e-03 6.859189365059e-03 9.585618041456e-03 1.059636101127e-02 7.222566287965e-03 3.732675220817e-03 3.856726689264e-03 3.383768023923e-03 3.083606017753e-03 2.518930938095e-03 2.055125311017e-03 2.093801042065e-03 2.135626040399e-03 2.294479869306e-03 2.236276865005e-03 2.574826125056e-03 3.304261481389e-03 3.937568515539e-03 4.158664029092e-03 4.364621825516e-03 7.351741194725e-03 2.069673687220e-02 1.267046947032e-02 1.243438757956e-02 2.026065625250e-02 4.598552733660e-02 9.117467701435e-02 9.531439095736e-02 1.208717748523e-01 1.924792528152e-01 1.033289134502e-01 9.841904789209e-02 7.653979212046e-02 7.834196835756e-02 6.641718745232e-02 3.520500287414e-02 4.393437504768e-02 4.290764406323e-02 4.648948833346e-02 5.843798816204e-02
2.971699461341e-03 3.339209593832e-03 3.985681571066e-03 4.894854966551e-03 5.266665015370e-03 5.853628274053e-03 6.193597801030e-03 3.870382439345e-03 3.305101068690e-03 3.411909099668e-03 3.184071974829e-03 2.763899508864e-03 2.309703035280e-03 2.074598101899e-03 2.045678906143e-03 2.345184097067e-03 2.334606368095e-03 2.006572438404e-03 2.278005704284e-03 2.888145390898e-03 3.412998747081e-03 3.989154938608e-03 5.717109888792e-03 5.991987418383e-03 6.076001562178e-03 8.464860729873e-03 8.285696618259e-03 2.033238112926e-02 2.842027880251e-02 3.827014192939e-02 7.947073131800e-02 1.400030553341e-01 1.031119972467e-01 1.886633634567e-01 1.207486838102e-01 6.791934370995e-02 5.624314025044e-02 5.103779584169e-02 6.157379969954e-02 5.783923342824e-02 7.207518070936e-02 7.108549773693e-02 8.263984322548e-02
2.743714954704e-03 2.680287696421e-03 3.018617862836e-03 3.466911846772e-03 3.739874111488e-03 3.662751056254e-03 3.479950828478e-03 3.396325744689e-03 3.673875471577e-03 3.631648374721e-03 3.383739152923e-03 2.948626875877e-03 2.411471446976e-03 2.127183601260e-03 1.920581446029e-03 1.897462643683e-03 2.143770921975e-03 2.175083849579e-03 2.160411560908e-03 2.602425869554e-03 3.008194500580e-03 3.590659005567e-03 5.478397943079e-03 6.221712566912e-03 6.712411530316e-03 1.383521500975e-02 1.902396604419e-02 2.445378154516e-02 3.433109447360e-02 3.723229467869e-02 8.153062313795e-02 1.549857407808e-01 7.313466817141e-02 7.818443328142e-02 1.376797258854e-01 1.164626553655e-01 8.078796416521e-02 6.856287270784e-02 8.599665760994e-02 4.422364756465e-02 5.855188891292e-02 7.146865129471e-02 8.538524806499e-02
2.254661405459e-03 2.525453688577e-03 2.652532188222e-03 2.704176120460e-03 3.027718747035e-03 3.275194903836e-03 3.528951900080e-03 3.133762395009e-03 3.016293514520e-03 3.111510537565e-03 3.342805430293e-03 3.327531507239e-03 2.863734727725e-03 2.427600789815e-03 2.301446394995e-03 2.065492561087e-03 1.781769562513e-03 1.969994744286e-03 2.226364333183e-03 2.455114386976e-03 2.689327811822e-03 3.086722921580e-03 4.658870864660e-03 4.521796945482e-03 5.026620347053e-03 1.252560503781e-02 2.679019421339e-02 3.617284074426e-02 5.088084191084e-02 2.669292129576e-02 7.909958064556e-02 3.957069665194e-02 4.250401258469e-02 4.820225760341e-02 7.714834809303e-02 8.538548648357e-02 1.110099703074e-01 1.011354476213e-01 7.498364150524e-02 6.423398107290e-02 4.910237714648e-02 5.282630771399e-02 4.276300966740e-02
2.181583084166e-03 2.414051909000e-03 2.402364509180e-03 2.468594815582e-03 2.637364668772e-03 2.941213082522e-03 3.183590248227e-03 2.844485221431e-03 2.207064302638e-03 2.354707801715e-03 2.526699565351e-03 3.037416376173e-03 3.153592813760e-03 2.618580823764e-03 2.472472842783e-03 2.974526723847e-03 2.636787248775e-03 2.138111973181e-03 2.324226545170e-03 2.414083573967e-03 2.974868286401e-03 3.297590883449e-03 3.654073690996e-03 4.395198542625e-03 5.108566489071e-03 9.095884859562e-03 1.925956830382e-02 2.297637611628e-02 3.153123706579e-02 1.780844479799e-02 3.807301074266e-02 2.912185154855e-02 4.842648655176e-02 2.911950834095e-02 5.748775601387e-02 4.352629184723e-02 6.909516453743e-02 8.467663824558e-02 7.585982233286e-02 1.023455038667e-01 9.310370683670e-02 7.449069619179e-02 6.489335745573e-02
2.100835787132e-03 2.273619174957e-03 2.187111880630e-03 2.249446464702e-03 2.258676569909e-03 2.202127827331e-03 2.439647447318e-03 2.306868089363e-03 2.699316246435e-03 2.927577123046e-03 2.657077973709e-03 2.719282871112e-03 3.007836407050e-03 3.127469914034e-03 2.856804989278e-03 3.688884899020e-03 3.283588681370e-03 2.488319762051e-03 2.514646155760e-03 2.521673217416e-03 2.895005745813e-03 3.134239464998e-03 3.391578560695e-03 4.538608714938e-03 5.340383388102e-03 8.116039447486e-03 1.216678693891e-02 1.425248663872e-02 1.503969542682e-02 1.901910826564e-02 3.228577971458e-02 4.951655492187e-02 3.325349837542e-02 7.997377961874e-02 2.777782082558e-02 3.597492724657e-02 7.416000962257e-02 1.036577820778e-01 5.098516121507e-02 5.765997245908e-02 3.647081181407e-02 6.905519217253e-02 6.058582291007e-02
1.872227527201e-03 2.026099478826e-03 1.949552446604e-03 1.937099499628e-03 1.797295757569e-03 1.804187893867e-03 1.903407624923e-03 2.485391451046e-03 3.096051281318e-03 3.183314111084e-03 2.782313618809e-03 3.102279035375e-03 3.460942534730e-03 3.358314977959e-03 3.328034188598e-03 3.373176790774e-03 3.702958580106e-03 4.343321081251e-03 3.890684340149e-03 3.489365801215e-03 3.582359990105e-03 3.886030521244e-03 4.642983898520e-03 4.591141827404e-03 5.762723274529e-03 7.086159195751e-03 1.107927970588e-02 1.161268819124e-02 2.081056684256e-02 4.209392517805e-02 5.231999978423e-02 2.656999230385e-02 2.671780809760e-02 8.130550384521e-02 4.290271550417e-02 5.270180851221e-02 4.665815457702e-02 6.069891154766e-02 4.435873404145e-02 1.688916236162e-02 1.607710495591e-02 2.170448750257e-02 4.345977678895e-02
1.738091697916e-03 1.740390900522e-03 1.715938211419e-03 1.694860053249e-03 1.743648201227e-03 1.846730359830e-03 1.960976747796e-03 2.322050509974e-03 2.604299224913e-03 2.508328529075e-03 2.926758723333e-03 3.145832102746e-03 3.046039724723e-03 3.198025282472e-03 4.356194287539e-03 6.074622739106e-03 6.923458538949e-03 8.798659779131e-03 8.801682852209e-03 9.480522014201e-03 6.746006198227e-03 6.515366025269e-03 7.553931325674e-03 6.323711480945e-03 7.177223917097e-03 9.919375181198e-03 3.021683543921e-02 2.822521515191e-02 2.696464769542e-02 3.634683787823e-02 2.045702934265e-02 2.154112234712e-02 2.903467975557e-02 1.642693206668e-02 8.960426598787e-02 1.251367777586e-01 1.117574423552e-01 2.589872479439e-02 1.219118572772e-02 1.004639361054e-02 9.812646545470e-03 1.161518972367e-02 1.231092400849e-02
1.616875641048e-03 1.677221269347e-03 1.599919516593e-03 1.725811045617e-03 1.862514764071e-03 2.131178742275e-03 2.130498876795e-03 2.472264226526e-03 2.706934465095e-03 3.144292160869e-03 3.229178255424e-03 3.830185625702e-03 4.004715476185e-03 3.683875547722e-03 9.092541411519e-03 3.264057636261e-02 2.579163946211e-02 1.521055866033e-02 1.702938415110e-02 2.126937918365e-02 1.571547053754e-02 8.365749381483e-03 9.731031954288e-03 1.221782993525e-02 1.178053300828e-02 2.193316258490e-02 3.093929775059e-02 2.774114534259e-02 2.227121405303e-02 2.026426605880e-02 2.297721430659e-02 2.152618020773e-02 1.619579643011e-02 1.344120875001e-02 2.298056334257e-02 1.055941432714e-01 1.100620701909e-01 2.271228097379e-02 8.056510239840e-03 8.210267871618e-03 7.371973246336e-03 7.082813885063e-03 1.166836079210e-02
1.623034710065e-03 1.748392824084e-03 2.212917432189e-03 2.473254688084e-03 2.280841348693e-03 3.779380349442e-03 4.442495293915e-03 4.505743738264e-03 3.807732136920e-03 3.721734974533e-03 4.053156357259e-03 5.087028723210e-03 5.051091779023e-03 1.889746449888e-02 1.335005164146e-01 1.680422723293e-01 7.837282121181e-02 4.442334547639e-02 3.542198613286e-02 2.804455719888e-02 1.340417843312e-02 1.316735520959e-02 2.902556955814e-02 6.190665066242e-02 5.075671523809e-02 2.706503309309e-02 3.144973516464e-02 2.535404451191e-02 2.706862241030e-02 1.892886497080e-02 4.701564460993e-02 1.872879453003e-02 1.431845780462e-02 1.011759787798e-02 6.703668739647e-03 2.175595052540e-02 2.402135916054e-02 5.878471769392e-03 3.931540064514e-03 4.628280643374e-03 5.724037531763e-03 6.399512290955e-03 5.982860457152e-03
1.992727164179e-03 3.138568950817e-03 4.280275665224e-03 4.649755079299e-03 6.009658798575e-03 7.986733689904e-03 7.845038548112e-03 6.919735576957e-03 5.950826220214e-03 4.590316675603e-03 5.474917590618e-03 6.033773534000e-03 3.397193923593e-02 1.873118728399e-01 2.559892833233e-01 8.909939974546e-02 2.797106094658e-02 1.701522804797e-02 1.729593612254e-02 1.500632800162e-02 1.465313602239e-02 3.336150571704e-02 6.563065946102e-02 8.787366002798e-02 7.069915533066e-02 3.639394044876e-02 2.502536959946e-02 1.846910640597e-02 1.657507009804e-02 1.485355757177e-02 2.018129080534e-02 9.205242618918e-03 1.040292810649e-02 8.436402305961e-03 5.300649907440e-03 3.140809712932e-03 2.594576450065e-03 2.508404431865e-03 2.644373802468e-03 3.294752677903e-03 4.424775019288e-03 5.596404429525e-03 5.724714603275e-03
3.306872211397e-03 4.948049318045e-03 6.574276834726e-03 8.800663053989e-03 1.705089211464e-02 1.694270037115e-02 2.370877750218e-02 1.691254228354e-02 1.922699436545e-02 1.142225228250e-02 6.421877536923e-03 4.430934041739e-02 1.784794330597e-01 1.774508506060e-01 4.632492735982e-02 1.394073478878e-02 2.588724903762e-02 3.423652425408e-02 2.405761741102e-02 2.807899378240e-02 3.402997553349e-02 3.423737734556e-02 4.973449558020e-02 4.048153385520e-02 2.766077034175e-02 2.144389599562e-02 1.335069630295e-02 5.226903595030e-03 5.249535199255e-03 5.293295253068e-03 6.777338217944e-03 4.957808647305e-03 4.368810914457e-03 3.015400143340e-03 3.085316158831e-03 3.144440008327e-03 3.248637774959e-03 3.414055798203e-03 3.635045373812e-03 3.915238194168e-03 3.957663662732e-03 4.698028322309e-03 5.957050248981e-03
