VariationalSeries/SI/f188.grd
DSAA
101	101
32.816463539100	34.260883539100
35.556306596100	36.727886596100
2.695148032217e-05	4.321872234344e+00
[rows 76 to 94 of 101, columns 0 to 42 of 101]
2.820495574269e-04 4.080158250872e-04 5.363013478927e-04 6.351226475090e-04 6.826093886048e-04 6.870306679048e-04 6.637020269409e-04 6.265501142479e-04 5.843241815455e-04 6.339663523249e-04 7.163003319874e-04 8.582689915784e-04 1.015832298435e-03 1.116825616919e-03 1.137071987614e-03 1.103881862946e-03 1.005386468023e-03 1.076015178114e-03 1.107838470489e-03 1.181073952466e-03 1.631536986679e-03 1.596833579242e-03 1.043361146003e-03 1.132393954322e-03 1.048962236382e-03 9.673218009993e-04 9.656133479439e-04 1.074821921065e-03 1.235098810866e-03 1.304564182647e-03 1.255619106814e-03 1.182433567010e-03 1.149695599452e-03 1.128743519075e-03 1.245911698788e-03 1.496649347246e-03 2.886429196224e-03 3.429206786677e-03 3.226828994229e-03 2.296383725479e-03 2.193812513724e-03 3.729820484295e-03 6.495445966721e-03
2.835148188751e-04 4.584040434565e-04 6.085099885240e-04 7.019800832495e-04 7.392992847599e-04 7.355985580944e-04 7.064040983096e-04 6.632461445406e-04 6.929173832759e-04 7.688501500525e-04 8.842431707308e-04 1.044815871865e-03 1.193290459923e-03 1.265573082492e-03 1.246017054655e-03 1.155846635811e-03 9.846606990322e-04 1.015944639221e-03 1.020122435875e-03 9.083644836210e-04 9.313296177424e-04 9.771812474355e-04 8.484042482451e-04 1.027439720929e-03 1.088551245630e-03 9.987290250137e-04 1.073684776202e-03 1.291629159823e-03 1.432462478988e-03 1.448181807064e-03 1.350516453385e-03 1.239234348759e-03 1.230743597262e-03 1.215505995788e-03 1.477559679188e-03 1.570738269947e-03 2.586426911876e-03 2.892207121477e-03 3.169760107994e-03 3.600616240874e-03 7.444894406945e-03 9.706800803542e-03 9.187525138259e-03
3.020344593097e-04 4.817883018404e-04 6.276030326262e-04 7.102737436071e-04 7.366945501417e-04 7.244209409691e-04 6.875196122564e-04 7.547225686722e-04 8.501401753165e-04 9.507909417152e-04 1.080862246454e-03 1.217941986397e-03 1.306390622631e-03 1.303667435423e-03 1.210384070873e-03 1.051045837812e-03 8.349523996003e-04 8.790938882157e-04 8.513459470123e-04 7.468670955859e-04 6.778918905184e-04 7.599950185977e-04 9.244984830730e-04 1.231587491930e-03 1.296779722907e-03 1.169221126474e-03 1.433370751329e-03 1.553852693178e-03 1.588400569744e-03 1.552887610160e-03 1.451675198041e-03 1.345475553535e-03 1.281297998503e-03 1.487809116952e-03 1.916936598718e-03 2.451636362821e-03 3.232704475522e-03 3.995461855084e-03 3.329331986606e-03 8.771616965532e-03 1.010655518621e-02 9.740954264998e-03 9.614146314561e-03
2.729288826231e-04 4.313714744058e-04 5.561692523770e-04 6.231487495825e-04 6.401330465451e-04 6.224300013855e-04 7.178132655099e-04 8.166739717126e-04 8.958203252405e-04 9.743829723448e-04 1.056781155057e-03 1.117761130445e-03 1.124234520830e-03 1.058149617165e-03 9.345186408609e-04 7.814779528417e-04 7.328166975640e-04 7.069433340803e-04 6.606945535168e-04 6.073237163946e-04 6.272202590480e-04 6.978461169638e-04 1.109251636080e-03 1.507934881374e-03 1.630230690353e-03 1.709130941890e-03 1.757188816555e-03 1.770028145984e-03 1.667090691626e-03 1.567593892105e-03 1.483402797021e-03 1.408286741935e-03 1.558194984682e-03 1.850184402429e-03 2.362432656810e-03 2.726852195337e-03 2.664318308234e-03 4.325898364186e-03 5.033253692091e-03 7.425361312926e-03 8.599838241935e-03 8.753933012486e-03 8.847832679749e-03
2.266143128509e-04 3.629431012087e-04 4.424096550792e-04 4.817641456611e-04 4.945372929797e-04 5.782819935121e-04 6.640359642915e-04 7.168590673245e-04 7.412969134748e-04 7.629736792296e-04 7.880809134804e-04 8.028106531128e-04 7.868678076193e-04 7.280029822141e-04 7.507295231335e-04 7.682914729230e-04 7.599692908116e-04 7.208195747808e-04 6.593223079108e-04 5.944664590061e-04 5.904073477723e-04 7.323421305045e-04 1.248882850632e-03 1.715127145872e-03 1.943036797456e-03 2.057752572000e-03 2.072833245620e-03 2.105011371896e-03 2.053184900433e-03 1.765007968061e-03 1.513456809334e-03 1.471441006288e-03 1.715243211947e-03 1.880849711597e-03 1.993182115257e-03 2.088963054121e-03 2.782515948638e-03 4.177151247859e-03 5.516215227544e-03 5.591698922217e-03 8.747853338718e-03 1.046540867537e-02 8.209969848394e-03
3.076160792261e-04 4.656595992856e-04 5.634598201141e-04 6.068672519177e-04 6.322708213702e-04 6.438320851885e-04 6.477442802861e-04 6.437087431550e-04 6.316847284324e-04 6.149898399599e-04 6.472879904322e-04 7.034460431896e-04 7.522453088313e-04 7.943937671371e-04 8.240448660217e-04 8.314356673509e-04 8.079817635007e-04 7.510738796555e-04 6.720329984091e-04 6.530454265885e-04 6.174754817039e-04 7.895283633843e-04 1.287008170038e-03 1.770015805960e-03 4.366604145616e-03 1.292999368161e-02 1.375604234636e-02 6.187098566443e-03 3.600771306083e-03 2.836626488715e-03 2.007568487898e-03 1.537600182928e-03 1.822746591642e-03 2.392430324107e-03 1.941076479852e-03 2.268457785249e-03 2.509114798158e-03 4.318270832300e-03 7.535093463957e-03 7.360714022070e-03 8.157064206898e-03 1.075617782772e-02 1.479838322848e-02
4.370893584564e-04 6.449069478549e-04 7.702672155574e-04 8.364726090804e-04 8.549878839403e-04 8.501722477376e-04 8.330211858265e-04 8.069290779531e-04 7.738665444776e-04 7.460651686415e-04 8.772608125582e-04 1.008019316941e-03 1.121529727243e-03 1.199300750159e-03 1.225387677550e-03 1.192343770526e-03 1.100765308365e-03 9.573324932717e-04 8.855475462042e-04 8.420294034295e-04 7.889619446360e-04 8.933307835832e-04 1.287237158976e-03 2.861294895411e-03 1.210414338857e-02 3.485063090920e-02 3.810030221939e-02 1.915507763624e-02 8.295294828713e-03 4.081916064024e-03 2.630884526297e-03 1.972487894818e-03 1.794294803403e-03 2.550441073254e-03 2.772344509140e-03 2.867036499083e-03 2.549374476075e-03 3.901629708707e-03 8.896970190108e-03 1.335663534701e-02 8.812222629786e-03 8.495301939547e-03 1.883860863745e-02
5.501570412889e-04 7.853961433284e-04 9.395530214533e-04 9.991630213335e-04 9.964526398107e-04 9.635568130761e-04 9.164151852019e-04 8.921313565224e-04 1.047224854119e-03 1.277896924876e-03 1.516130869277e-03 1.741211628541e-03 1.932803192176e-03 2.083964645863e-03 2.188197104260e-03 2.225899370387e-03 2.168402541429e-03 1.982130575925e-03 1.635191729292e-03 1.216234057210e-03 1.125579583459e-03 1.151679898612e-03 2.510754624382e-03 4.561769776046e-03 1.319428905845e-02 1.088399216533e-01 2.039115577936e-01 4.440927505493e-02 1.933961361647e-02 6.919246166945e-03 3.226215252653e-03 2.440256765112e-03 2.386513398960e-03 3.323358483613e-03 3.989675547928e-03 3.872663481161e-03 3.169779432938e-03 4.620547406375e-03 7.511977106333e-03 1.641512662172e-02 1.648958213627e-02 8.088216185570e-03 1.963990740478e-02
5.860328092240e-04 8.195617701858e-04 9.576194570400e-04 9.905396727845e-04 9.568301029503e-04 9.990324033424e-04 1.103167189285e-03 1.171965850517e-03 1.401123008691e-03 1.725638518110e-03 2.064278349280e-03 2.385906409472e-03 2.668234286830e-03 2.920150756836e-03 3.161823609844e-03 3.390715224668e-03 3.543470287696e-03 3.481326159090e-03 3.017110284418e-03 2.166151069105e-03 1.643129275180e-03 2.350759459659e-03 4.156441427767e-03 5.903232842684e-03 2.604700997472e-02 6.261947005987e-02 7.976870983839e-02 2.418094873428e-02 9.103197604418e-03 5.491839721799e-03 4.710042849183e-03 5.759047809988e-03 7.433963473886e-03 6.901037879288e-03 4.984904546291e-03 4.963580984622e-03 4.031234886497e-03 4.744160454720e-03 5.267465952784e-03 1.080512814224e-02 1.434222888201e-02 9.175420738757e-03 3.442923724651e-02
7.923833909445e-04 1.253647496924e-03 1.578065683134e-03 1.760060200468e-03 1.859250362031e-03 1.895060646348e-03 1.872495049611e-03 1.799857942387e-03 1.690724748187e-03 1.790573005565e-03 2.162231830880e-03 2.537029096857e-03 2.892999444157e-03 3.234490519390e-03 3.598449751735e-03 4.026753362268e-03 4.441940225661e-03 4.592909943312e-03 4.137052688748e-03 3.755980869755e-03 3.729964839295e-03 4.014839883894e-03 5.197230260819e-03 7.086127065122e-03 1.346235163510e-02 4.987814463675e-03 3.911636769772e-03 3.907298203558e-03 4.251153673977e-03 4.601986147463e-03 5.060742609203e-03 3.499361127615e-02 2.310200035572e-02 1.857157424092e-02 1.122240908444e-02 1.659497804940e-02 1.528939418495e-02 7.197082974017e-03 5.444125272334e-03 6.677329540253e-03 9.924723766744e-03 2.622387558222e-02 3.983676433563e-02
1.451310468838e-03 2.253803191707e-03 2.756864530966e-03 2.956515178084e-03 2.983185928315e-03 2.902296604589e-03 2.746882149950e-03 2.545492257923e-03 2.383612329140e-03 2.470842329785e-03 2.532663289458e-03 2.552465535700e-03 2.780524082482e-03 3.157729282975e-03 3.513318952173e-03 3.911940846592e-03 4.305231850594e-03 6.362652406096e-03 8.213954046369e-03 8.267524652183e-03 8.444347418845e-03 8.362755179405e-03 6.121117155999e-03 7.402007002383e-03 3.659865818918e-03 2.767505124211e-03 2.528720069677e-03 2.188722603023e-03 2.496486064047e-03 3.484689863399e-03 7.684205658734e-03 4.113112390041e-02 2.955670095980e-02 2.080246992409e-02 1.811363548040e-02 3.849756345153e-02 3.676572069526e-02 1.664536446333e-02 1.249931752682e-02 1.163927651942e-02 1.463050860912e-02 2.473340369761e-02 4.438515007496e-02
2.136194380000e-03 3.249066649005e-03 3.821385791525e-03 3.942604176700e-03 4.828340373933e-03 5.191792733967e-03 5.103165749460e-03 4.756491631269e-03 4.289615899324e-03 3.788119181991e-03 3.797356039286e-03 3.713600104675e-03 4.005339462310e-03 4.616501275450e-03 5.055560264736e-03 5.454120226204e-03 6.176238413900e-03 6.822461262345e-03 6.272975821048e-03 7.168357260525e-03 7.516957353801e-03 6.114125717431e-03 5.008695647120e-03 2.882441738620e-03 2.532093785703e-03 1.964796101674e-03 1.628393423744e-03 1.305786776356e-03 1.194623648189e-03 2.137620002031e-03 3.403038484976e-03 1.774355582893e-02 2.361336536705e-02 3.610222414136e-02 3.834410756826e-02 4.925017431378e-02 3.511658683419e-02 1.663617230952e-02 2.594913356006e-02 2.596494741738e-02 1.819325238466e-02 2.391427382827e-02 7.662259042263e-02
2.503997879103e-03 3.771356306970e-03 4.359751474112e-03 4.888482857496e-03 5.926229059696e-03 6.325002759695e-03 6.179543212056e-03 5.723339971155e-03 5.113108083606e-03 4.459454677999e-03 3.929649479687e-03 4.321738146245e-03 4.995714873075e-03 5.732198245823e-03 6.230956409127e-03 6.396848708391e-03 5.998125765473e-03 4.932546988130e-03 3.899554489180e-03 3.372922074050e-03 2.871792996302e-03 2.014403231442e-03 1.795457326807e-03 1.716985716484e-03 1.529656234197e-03 1.248342799954e-03 9.623432415538e-04 9.098564041778e-04 1.159913837910e-03 1.721219159663e-03 2.521939342842e-03 9.851248003542e-03 1.080163661391e-02 2.112923376262e-02 2.450414374471e-02 5.600022152066e-02 4.924320802093e-02 2.575347945094e-02 2.371548302472e-02 1.026309654117e-01 2.413700371981e-01 6.243797391653e-02 3.834002092481e-02
1.868501189165e-03 2.787265460938e-03 3.182902466506e-03 3.239638637751e-03 3.865991719067e-03 4.083933774382e-03 3.966515418142e-03 3.659914713353e-03 3.258514450863e-03 2.834758721292e-03 2.641662489623e-03 2.843257505447e-03 2.953799441457e-03 2.974299946800e-03 2.908714814112e-03 2.927290741354e-03 2.625064691529e-03 2.099942415953e-03 2.449224237353e-03 2.311753807589e-03 1.844042562880e-03 1.340835588053e-03 1.254445407540e-03 1.118290470913e-03 9.354008943774e-04 7.355294656008e-04 8.231000974774e-04 1.147415372543e-03 1.438397099264e-03 2.959265140817e-03 3.747724695131e-03 5.551215726882e-03 9.642874822021e-03 7.205416914076e-03 6.212553940713e-03 7.673353888094e-03 4.805490374565e-02 2.769543975592e-02 2.126881480217e-02 1.371496170759e-01 3.026250600815e-01 3.323271870613e-02 1.195616740733e-02
8.846767013893e-04 1.305992249399e-03 1.507884007879e-03 1.715250196867e-03 1.796757336706e-03 1.912970561534e-03 1.930600963533e-03 1.828279579058e-03 1.737081096508e-03 1.711191609502e-03 1.678581000306e-03 1.541035599075e-03 1.585775404237e-03 1.630788086914e-03 1.618551672436e-03 1.531686400995e-03 2.027625683695e-03 2.591407857835e-03 2.443399047479e-03 1.829945598729e-03 1.168987946585e-03 8.467091829516e-04 7.672209758312e-04 6.644925451837e-04 5.539130652323e-04 8.399148937315e-04 1.297278213315e-03 1.733838347718e-03 2.384166000411e-03 3.884245175868e-03 5.309575237334e-03 7.174212019891e-03 8.247264660895e-03 7.064705248922e-03 4.246359225363e-03 4.969588015229e-03 9.808983653784e-03 2.467612922192e-02 4.025029018521e-02 4.239711537957e-02 2.246264182031e-02 8.550222031772e-03 7.965972647071e-03
5.738702602684e-04 8.366106194444e-04 1.061025890522e-03 1.199538586661e-03 1.254608039744e-03 1.249686814845e-03 1.218942343257e-03 1.160807441920e-03 1.092131016776e-03 1.019641873427e-03 9.455464314669e-04 8.718215976842e-04 8.012785692699e-04 7.744136382826e-04 7.656528032385e-04 1.104908180423e-03 1.884365919977e-03 2.229493111372e-03 1.908039557748e-03 1.315259258263e-03 8.011605823413e-04 5.106634926051e-04 5.065547884442e-04 5.543843726628e-04 7.499823695980e-04 1.279165153392e-03 1.931776176207e-03 2.705156803131e-03 3.861841512844e-03 5.262575577945e-03 7.896521128714e-03 8.147872053087e-03 7.382676471025e-03 3.978052176535e-03 3.036037785932e-03 4.135590512305e-03 5.027512088418e-03 1.914574578404e-02 4.728896915913e-02 2.730793505907e-02 1.617101766169e-02 7.289544213563e-03 6.909703835845e-03
4.001905908808e-04 5.796761834063e-04 7.252196664922e-04 8.157106349245e-04 8.565814350732e-04 8.618880528957e-04 8.432904141955e-04 8.084535948001e-04 7.626735605299e-04 7.086026598699e-04 6.492672837339e-04 5.862975958735e-04 6.172241410241e-04 6.216041510925e-04 5.741286440752e-04 6.551392725669e-04 1.173662603833e-03 1.460190280341e-03 1.363795134239e-03 1.066537806764e-03 7.532621966675e-04 5.064414581284e-04 5.421422538348e-04 6.229324499145e-04 1.061584916897e-03 2.348322654143e-03 5.029639694840e-03 4.649926908314e-03 3.827160457149e-03 7.122146431357e-03 9.713479317725e-03 8.319619111717e-03 5.969560705125e-03 2.829921897501e-03 2.990599488840e-03 4.121140576899e-03 5.784451030195e-03 2.070362865925e-02 3.479711338878e-02 1.626211777329e-02 9.426813572645e-03 5.815950222313e-03 5.210958886892e-03
2.676040749066e-04 3.840918361675e-04 4.764846526086e-04 5.328619736247e-04 5.577324191108e-04 5.603737081401e-04 5.472830380313e-04 5.226655048318e-04 4.890356212854e-04 4.485020763241e-04 4.411723930389e-04 4.970555892214e-04 5.193772376515e-04 4.970416193828e-04 4.743822501041e-04 5.433765472844e-04 6.040970329195e-04 7.456407183781e-04 8.521238924004e-04 8.218596340157e-04 6.991698755883e-04 5.521845305339e-04 5.789175629616e-04 7.914068410173e-04 1.382467802614e-03 4.099207464606e-03 5.866191349924e-03 3.498801030219e-03 3.902160329744e-03 7.543479092419e-03 1.022483967245e-02 8.079615421593e-03 5.681426264346e-03 3.897456685081e-03 4.260499496013e-03 4.119181539863e-03 8.983808569610e-03 3.593608736992e-02 2.600441128016e-02 6.849246099591e-03 1.369992922992e-02 5.929418373853e-03 4.024910274893e-03
1.568523002788e-04 2.231982798548e-04 2.748577098828e-04 3.053298860323e-04 3.175574820489e-04 3.169601841364e-04 3.071452374570e-04 2.904168795794e-04 2.769993152469e-04 3.393884981051e-04 3.981638292316e-04 4.367650253698e-04 4.403251223266e-04 4.857481981162e-04 5.622088210657e-04 6.396172102541e-04 7.072016014718e-04 7.510854629800e-04 7.576486095786e-04 7.216027006507e-04 6.560480105691e-04 6.185375386849e-04 6.873754900880e-04 9.866371983662e-04 1.667806995101e-03 4.598246421665e-03 4.845197778195e-03 3.857848234475e-03 3.511581569910e-03 6.754282861948e-03 9.472454898059e-03 7.356528192759e-03 7.258289493620e-03 4.897213075310e-03 5.132595542818e-03 3.693007631227e-03 8.542539551854e-03 2.303889580071e-02 1.129097305238e-02 8.035643026233e-03 1.816242747009e-02 5.842986050993e-03 3.076091641560e-03
