VariationalSeries/SI/f18_max.grd
DSAA
101	101
32.816463539100	34.260883539100
35.556306596100	36.727886596100
3.049647966691e-05	4.969877719879e+00
[rows 19 to 37 of 101, columns 43 to 85 of 101]
4.930344969034e-02 6.048044562340e-02 7.863857597113e-02 8.015659451485e-02 5.194185301661e-02 7.976018637419e-02 4.084467515349e-02 4.230393469334e-02 4.385890066624e-02 4.345273599029e-02 3.840959072113e-02 6.243120878935e-02 7.517374306917e-02 7.442889362574e-02 4.941141977906e-02 6.026480346918e-02 7.958156615496e-02 7.457643002272e-02 4.103662446141e-02 6.621348112822e-02 3.050547093153e-02 4.288164898753e-02 5.759102851152e-02 2.841121703386e-02 2.819284982979e-02 3.326772898436e-02 2.744183316827e-02 3.455595299602e-02 3.205924853683e-02 2.537607215345e-02 2.738001197577e-02 3.798927739263e-02 4.291148111224e-02 3.323674201965e-02 2.937822230160e-02 2.395785599947e-02 1.645344868302e-02 1.806567423046e-02 1.996714249253e-02 1.662788726389e-02 1.446500420570e-02 1.360255293548e-02 1.479108724743e-02
4.463526979089e-02 5.926389992237e-02 8.405555784702e-02 9.694796055555e-02 7.020250707865e-02 7.052347809076e-02 4.201978072524e-02 4.481386020780e-02 3.864851593971e-02 4.798500984907e-02 4.961805790663e-02 5.837666615844e-02 8.044386655092e-02 7.916494458914e-02 6.106123328209e-02 6.564808636904e-02 7.770610600710e-02 8.426991850138e-02 4.842223227024e-02 6.401778012514e-02 3.486821055412e-02 6.492803990841e-02 8.088175207376e-02 3.771081194282e-02 3.288606181741e-02 3.404485806823e-02 3.374078497291e-02 3.573125973344e-02 2.784392796457e-02 2.700303308666e-02 3.834138065577e-02 5.012954398990e-02 4.478923976421e-02 3.531171754003e-02 2.909836173058e-02 2.398455888033e-02 1.717385277152e-02 2.111928164959e-02 1.634974218905e-02 1.335702743381e-02 1.418339274824e-02 1.296976674348e-02 1.351466495544e-02
4.815968498588e-02 6.820289045572e-02 7.761543989182e-02 1.014791131020e-01 8.649764209986e-02 6.035611033440e-02 4.147683829069e-02 4.747506231070e-02 3.820365294814e-02 4.545143246651e-02 4.750870168209e-02 5.565667152405e-02 7.639896869659e-02 8.649923652411e-02 7.360941916704e-02 7.016126066446e-02 7.443282008171e-02 9.209448099136e-02 5.520182847977e-02 5.931086093187e-02 3.919016942382e-02 8.041633665562e-02 8.854629844427e-02 4.241198301315e-02 3.211893513799e-02 3.976521641016e-02 3.807444497943e-02 3.090142272413e-02 2.637612819672e-02 3.811655193567e-02 5.349459871650e-02 5.190089344978e-02 3.506521135569e-02 4.028050228953e-02 2.883764356375e-02 2.207786589861e-02 2.044589072466e-02 2.171504124999e-02 1.820551231503e-02 1.372353918850e-02 1.386934984475e-02 1.018358487636e-02 1.006428990513e-02
4.602931067348e-02 6.421613693237e-02 6.580593436956e-02 9.686132520437e-02 9.571583569050e-02 6.314720213413e-02 5.566705018282e-02 5.028329044580e-02 3.762190043926e-02 4.003640636802e-02 4.705186933279e-02 5.639405176044e-02 6.335505098104e-02 9.074638038874e-02 8.196811378002e-02 6.834586709738e-02 6.882679462433e-02 9.876471012831e-02 6.079493835568e-02 5.314066633582e-02 4.348782822490e-02 7.985319197178e-02 7.716789096594e-02 3.675915300846e-02 3.480864688754e-02 4.148732870817e-02 3.454617783427e-02 2.823870070279e-02 4.010656848550e-02 5.657903105021e-02 5.566027015448e-02 3.867324814200e-02 2.940741553903e-02 4.185086488724e-02 2.072618529201e-02 2.033007331192e-02 2.523807063699e-02 1.943153701723e-02 2.088286913931e-02 1.319287344813e-02 1.478704344481e-02 1.222919300199e-02 1.093206275254e-02
3.745979070663e-02 4.477652162313e-02 6.877753138542e-02 8.576770126820e-02 9.643227607012e-02 6.418216228485e-02 6.918331235647e-02 5.806576460600e-02 4.077095165849e-02 3.491558134556e-02 4.902106150985e-02 5.501351132989e-02 6.510211527348e-02 9.743446111679e-02 8.298318833113e-02 6.423016637564e-02 6.194936856627e-02 1.028436645865e-01 6.484839320183e-02 6.442246586084e-02 5.058611929417e-02 6.564474850893e-02 5.755256861448e-02 3.400306776166e-02 4.318036139011e-02 4.011577740312e-02 2.957923710346e-02 4.277580603957e-02 6.131525337696e-02 5.961474776268e-02 4.047513008118e-02 2.387343719602e-02 3.138699382544e-02 3.925868496299e-02 2.110237441957e-02 2.180523239076e-02 2.659479528666e-02 2.033700793982e-02 2.291136607528e-02 1.383278425783e-02 1.404686924070e-02 1.151958387345e-02 1.163929142058e-02
4.791735485196e-02 4.818787053227e-02 7.757902890444e-02 7.249683141708e-02 9.162911027670e-02 7.163528352976e-02 6.625755876303e-02 7.341957092285e-02 6.382595002651e-02 4.878399893641e-02 5.280667170882e-02 5.191516503692e-02 7.098709046841e-02 1.041943058372e-01 7.448831200600e-02 6.158469617367e-02 5.280429124832e-02 1.051630675793e-01 8.217807114124e-02 7.115012407303e-02 5.983769521117e-02 6.361407041550e-02 3.848947957158e-02 4.164471849799e-02 4.431184008718e-02 3.002183325589e-02 4.643090441823e-02 6.611171364784e-02 6.296135485172e-02 4.219420999289e-02 2.260220609605e-02 1.768614351749e-02 4.198694229126e-02 3.281740099192e-02 2.013351023197e-02 2.828232198954e-02 2.454549632967e-02 2.049334347248e-02 2.433799393475e-02 1.713320240378e-02 1.208073087037e-02 1.150897610933e-02 1.018108148128e-02
7.521473616362e-02 4.610535129905e-02 4.661997780204e-02 8.038254827261e-02 8.440189063549e-02 7.562147080898e-02 5.809905752540e-02 6.714665144682e-02 7.635494321585e-02 7.498723268509e-02 6.388673931360e-02 7.850028574467e-02 7.715223729610e-02 1.082822680473e-01 6.442635506392e-02 5.586888268590e-02 7.387496531010e-02 1.059143990278e-01 9.301063418388e-02 6.821590662003e-02 6.450462341309e-02 6.861871480942e-02 4.321778938174e-02 4.535892605782e-02 3.721752390265e-02 4.857320711017e-02 7.197482883930e-02 6.746429949999e-02 4.389058053493e-02 2.858721092343e-02 4.016189649701e-02 2.464053221047e-02 4.899489134550e-02 2.871790714562e-02 2.350154891610e-02 3.025124222040e-02 2.952025458217e-02 2.076543495059e-02 2.512223646045e-02 1.891599223018e-02 1.114813517779e-02 1.087162271142e-02 1.259869616479e-02
1.005451306701e-01 4.742351174355e-02 4.681640863419e-02 7.397189736366e-02 7.601106166840e-02 7.738693058491e-02 6.371056288481e-02 6.410069763660e-02 6.346181780100e-02 8.214677870274e-02 8.957973122597e-02 7.924082875252e-02 8.331950753927e-02 1.097108423710e-01 5.589970946312e-02 8.644121140242e-02 1.036489680409e-01 1.060584336519e-01 9.039117395878e-02 5.405334755778e-02 6.127847731113e-02 6.287743896246e-02 4.353234544396e-02 3.746256977320e-02 4.893455654383e-02 7.652457058430e-02 7.385324686766e-02 4.625435918570e-02 4.073249921203e-02 5.596937239170e-02 5.080061778426e-02 4.612395912409e-02 4.773943871260e-02 3.211846947670e-02 3.026491217315e-02 2.507112175226e-02 3.218884393573e-02 2.197084203362e-02 2.521022967994e-02 1.880110800266e-02 1.215244457126e-02 1.379533950239e-02 1.777964830399e-02
1.097569018602e-01 4.873937740922e-02 5.663214623928e-02 4.881450161338e-02 8.374243974686e-02 7.817856967449e-02 6.660448014736e-02 6.808930635452e-02 6.549797952175e-02 8.175623416901e-02 8.631654828787e-02 7.521165162325e-02 8.885563910007e-02 1.057196334004e-01 9.412370622158e-02 1.145172864199e-01 1.106833294034e-01 1.030668914318e-01 6.143657118082e-02 5.447402596474e-02 6.311019510031e-02 6.357517093420e-02 4.575215280056e-02 4.681651294231e-02 7.974356412888e-02 8.145448565483e-02 5.106661841273e-02 4.142555966973e-02 6.088963896036e-02 5.053374916315e-02 4.107260704041e-02 4.489076137543e-02 3.702433407307e-02 3.531529009342e-02 2.998740598559e-02 2.099336124957e-02 3.153017908335e-02 2.374061383307e-02 2.471538074315e-02 1.702230796218e-02 1.467301603407e-02 1.972664147615e-02 2.229359559715e-02
9.634254127741e-02 7.176916301250e-02 6.556817144156e-02 4.620275273919e-02 6.058904528618e-02 7.939258962870e-02 8.372915536165e-02 7.237375527620e-02 8.488278090954e-02 1.249422132969e-01 7.067614048719e-02 6.602350622416e-02 9.252273291349e-02 9.731142967939e-02 1.220904663205e-01 1.182259619236e-01 1.022217944264e-01 9.967767447233e-02 6.797154992819e-02 7.317214459181e-02 6.552863866091e-02 6.327189505100e-02 4.273709282279e-02 8.087211102247e-02 8.971796184778e-02 5.801702290773e-02 4.730851203203e-02 6.455108523369e-02 5.715047568083e-02 3.738817200065e-02 5.446947738528e-02 4.713613539934e-02 2.833640389144e-02 3.228370472789e-02 2.696727402508e-02 2.895903401077e-02 2.870608866215e-02 2.614771761000e-02 2.398186549544e-02 2.206084318459e-02 2.446380443871e-02 2.745856717229e-02 2.315779402852e-02
6.502053141594e-02 1.080778464675e-01 7.178223878145e-02 5.679117143154e-02 6.803837418556e-02 7.730744034052e-02 7.389000058174e-02 7.747632265091e-02 1.112756729126e-01 1.546043902636e-01 1.038228049874e-01 7.193007320166e-02 9.322378784418e-02 1.162547394633e-01 1.244985088706e-01 1.734718084335e-01 9.184253215790e-02 9.242098778486e-02 7.592280209064e-02 7.400016486645e-02 6.761563569307e-02 6.255435943604e-02 8.002385497093e-02 9.518054872751e-02 6.537865847349e-02 5.324536561966e-02 6.371761858463e-02 6.362441927195e-02 5.452078208327e-02 5.459941178560e-02 5.783722922206e-02 3.231820464134e-02 3.057906776667e-02 2.758541330695e-02 2.406957745552e-02 2.252679504454e-02 3.904854133725e-02 3.085137344897e-02 2.841372974217e-02 3.261901810765e-02 3.250264376402e-02 2.385508827865e-02 1.615235209465e-02
7.306775450706e-02 1.197489425540e-01 7.422497123480e-02 6.276404857635e-02 8.023875951767e-02 7.405835390091e-02 7.705066353083e-02 9.720988571644e-02 1.282582283020e-01 1.552715450525e-01 1.239850670099e-01 1.227167695761e-01 1.086126640439e-01 1.274980753660e-01 1.516024023294e-01 2.194461673498e-01 9.542950242758e-02 1.034519001842e-01 1.025706231594e-01 8.383955061436e-02 6.637854874134e-02 7.978700101376e-02 1.000359952450e-01 7.194360345602e-02 5.962108075619e-02 6.292749196291e-02 6.063373386860e-02 6.691603362560e-02 6.541612744331e-02 6.570549309254e-02 4.947485774755e-02 2.669305726886e-02 3.655214980245e-02 2.286428399384e-02 2.384142018855e-02 2.436595782638e-02 5.380908772349e-02 3.579400107265e-02 3.756526112556e-02 3.025471419096e-02 1.838340424001e-02 1.079677883536e-02 1.022028271109e-02
1.445989459753e-01 9.468113631010e-02 1.037654206157e-01 6.664510816336e-02 9.789863228798e-02 7.590396702290e-02 8.296003192663e-02 1.123250201344e-01 1.349491775036e-01 1.314629912376e-01 1.274055391550e-01 1.288510411978e-01 1.205975711346e-01 9.780575335026e-02 1.038151606917e-01 1.396962106228e-01 7.790294289589e-02 1.022255569696e-01 1.117660701275e-01 9.324099123478e-02 8.292705565691e-02 1.046341136098e-01 7.835293561220e-02 6.652224063873e-02 6.170478835702e-02 5.626932531595e-02 5.967851355672e-02 7.129735499620e-02 7.192833721638e-02 6.465725600719e-02 4.033710062504e-02 2.555258572102e-02 3.891947120428e-02 3.097547963262e-02 3.735762462020e-02 3.973693400621e-02 6.067133694887e-02 3.550172597170e-02 2.807444706559e-02 1.954202353954e-02 1.751047745347e-02 1.324373390526e-02 1.272181235254e-02
2.345231324434e-01 1.025521829724e-01 1.161517351866e-01 8.470022678375e-02 1.084966659546e-01 9.277209639549e-02 9.125135093927e-02 1.289587765932e-01 1.386154741049e-01 1.092344522476e-01 1.532722860575e-01 1.884428858757e-01 1.042449176311e-01 1.222870126367e-01 7.493799179792e-02 8.691421151161e-02 8.323948085308e-02 9.933295100927e-02 9.601932018995e-02 8.703434467316e-02 1.110329553485e-01 8.454515784979e-02 6.907065212727e-02 6.226566061378e-02 6.700184941292e-02 6.229442730546e-02 6.245667487383e-02 7.795526832342e-02 7.845821231604e-02 7.118967920542e-02 4.901347681880e-02 4.310972243547e-02 4.278768599033e-02 3.898633643985e-02 3.772531077266e-02 5.799733847380e-02 4.992559179664e-02 2.420769818127e-02 2.616305835545e-02 2.674257569015e-02 2.478680573404e-02 1.914866082370e-02 1.374005712569e-02
2.565781474113e-01 2.681010365486e-01 1.106402203441e-01 1.112382188439e-01 1.194711923599e-01 1.122662052512e-01 1.539683043957e-01 1.444892734289e-01 1.366989612579e-01 1.018113419414e-01 1.558302342892e-01 2.098351866007e-01 1.254138797522e-01 1.178879290819e-01 9.590996801853e-02 9.772797673941e-02 1.036716848612e-01 9.803604334593e-02 9.479749202728e-02 1.187998726964e-01 9.254928678274e-02 7.879497110844e-02 6.756223738194e-02 5.292842909694e-02 6.526034325361e-02 7.322680205107e-02 6.734319776297e-02 8.373475074768e-02 8.734005689621e-02 7.786655426025e-02 5.797577649355e-02 4.285354539752e-02 3.810706362128e-02 3.234381973743e-02 5.250154063106e-02 6.015170738101e-02 2.684560790658e-02 2.749156393111e-02 2.868556976318e-02 2.910037338734e-02 2.750643528998e-02 2.298853546381e-02 1.595227979124e-02
1.231645420194e-01 3.610269129276e-01 2.638571560383e-01 1.089113876224e-01 1.258907616138e-01 1.398085355759e-01 1.490652710199e-01 1.517091244459e-01 1.213870570064e-01 1.062171161175e-01 1.776746660471e-01 2.053280174732e-01 1.611134558916e-01 1.089334264398e-01 1.003819406033e-01 1.122198775411e-01 1.734744757414e-01 1.089719235897e-01 1.316661238670e-01 1.014984026551e-01 7.254265248775e-02 7.081288844347e-02 6.010985746980e-02 7.299339771271e-02 7.411065697670e-02 8.507938683033e-02 9.380597621202e-02 7.165876030922e-02 8.472915738821e-02 8.485564589500e-02 6.594954431057e-02 3.508704528213e-02 3.577483072877e-02 5.551660805941e-02 6.022158265114e-02 3.524206951261e-02 2.424666658044e-02 2.457296662033e-02 2.450616843998e-02 2.491064183414e-02 2.484182268381e-02 2.301081828773e-02 1.839587278664e-02
2.269881367683e-01 1.706862151623e-01 4.208289384842e-01 1.959994733334e-01 1.273059993982e-01 1.718646734953e-01 1.292478889227e-01 1.443078368902e-01 1.899173110723e-01 1.479471474886e-01 2.049746960402e-01 1.630393415689e-01 1.715891808271e-01 1.435993015766e-01 1.183323487639e-01 1.106607466936e-01 2.522958517075e-01 1.525365561247e-01 1.228099390864e-01 1.492968350649e-01 8.880609273911e-02 7.244417816401e-02 7.736871391535e-02 8.146197348833e-02 7.848565280437e-02 8.348560333252e-02 1.182227358222e-01 7.084931433201e-02 8.800262212753e-02 9.211865812540e-02 7.471720874310e-02 4.819400236011e-02 6.116615608335e-02 5.662263557315e-02 3.241635859013e-02 2.712616696954e-02 2.562242187560e-02 2.399256266654e-02 2.230268530548e-02 2.076371386647e-02 2.138648554683e-02 2.211668342352e-02 2.009177394211e-02
3.067531287670e-01 3.997631967068e-01 2.413712739944e-01 4.136812090874e-01 1.536161452532e-01 2.080653309822e-01 1.785060763359e-01 1.905815452337e-01 2.665065824986e-01 2.215209901333e-01 2.549203336239e-01 1.462530493736e-01 1.556429266930e-01 1.620640903711e-01 1.450974643230e-01 1.147443577647e-01 2.962709665298e-01 1.681830286980e-01 1.749859750271e-01 1.212854236364e-01 6.587477028370e-02 7.283414155245e-02 9.257701039314e-02 8.403899520636e-02 7.602495700121e-02 7.325900346041e-02 1.152389347553e-01 7.804480940104e-02 9.884270280600e-02 9.761536121368e-02 7.742714881897e-02 6.177203357220e-02 4.634626209736e-02 2.430095709860e-02 2.401554398239e-02 2.530623227358e-02 2.476693876088e-02 2.653669752181e-02 2.608238160610e-02 2.476282976568e-02 2.703678794205e-02 3.145068138838e-02 3.286502137780e-02
6.032837629318e-01 4.002906978130e-01 4.224662184715e-01 3.503763973713e-01 3.187155425549e-01 2.338853180408e-01 2.569709718227e-01 2.268241792917e-01 2.347315251827e-01 2.596018016338e-01 2.995457053185e-01 1.722258180380e-01 1.533716022968e-01 1.645563095808e-01 1.800821423531e-01 1.705337464809e-01 2.286134362221e-01 1.692902445793e-01 1.688434183598e-01 1.348195374012e-01 1.098820269108e-01 1.305255293846e-01 1.314716935158e-01 1.088330373168e-01 7.948309928179e-02 6.787477433681e-02 9.040499478579e-02 9.627170115709e-02 1.022378206253e-01 8.541486412287e-02 5.991914123297e-02 3.837578743696e-02 3.358581289649e-02 3.556666895747e-02 4.204906523228e-02 4.609370976686e-02 4.820453375578e-02 4.798005893826e-02 4.554019123316e-02 4.166797176003e-02 3.790506348014e-02 3.786019608378e-02 3.357490524650e-02
