VariationalSeries/SI/f18_max.grd
DSAA
101	101
32.816463539100	34.260883539100
35.556306596100	36.727886596100
3.049647966691e-05	4.969877719879e+00
[rows 0 to 18 of 101, columns 0 to 42 of 101]
4.619572777301e-03 8.258786983788e-03 7.321736309677e-03 4.386071581393e-03 3.670508274809e-03 4.779462236911e-03 9.524635970592e-03 1.328030414879e-02 1.187864970416e-02 7.093953434378e-03 4.299798514694e-03 5.046517588198e-03 5.415374878794e-03 5.256786942482e-03 4.519636742771e-03 6.923962850124e-03 1.040738727897e-02 1.204305514693e-02 8.576363325119e-03 4.000882618129e-03 6.318819709122e-03 6.774674635381e-03 4.328500013798e-03 4.336511250585e-03 4.588869865984e-03 6.323948968202e-03 9.509468451142e-03 1.086207386106e-02 1.412255875766e-02 1.125360745937e-02 8.365746587515e-03 7.761806715280e-03 6.546077318490e-03 4.933117423207e-03 4.580207634717e-03 4.433174151927e-03 4.074166528881e-03 5.507668945938e-03 7.731386926025e-03 8.869145065546e-03 7.428407669067e-03 6.259139161557e-03 5.970323458314e-03
8.549260906875e-03 1.613582111895e-02 1.583186909556e-02 1.106418762356e-02 7.789064198732e-03 9.241416119039e-03 1.833048090339e-02 2.535404823720e-02 2.243434265256e-02 1.307395286858e-02 7.423577830195e-03 8.638506755233e-03 9.206688031554e-03 8.806552737951e-03 7.761031854898e-03 1.029565650970e-02 1.639411412179e-02 2.145876176655e-02 1.936895400286e-02 1.154309231788e-02 1.153125986457e-02 1.769279316068e-02 9.303726255894e-03 8.348243311048e-03 9.561108425260e-03 1.244735065848e-02 1.594140753150e-02 1.820044219494e-02 2.685090154409e-02 2.090389467776e-02 1.365927234292e-02 1.223420724273e-02 1.188410539180e-02 9.674182161689e-03 1.040731836110e-02 1.088234875351e-02 1.094053965062e-02 1.225007139146e-02 1.541125308722e-02 1.551067270339e-02 1.147507503629e-02 1.129686366767e-02 1.236119959503e-02
8.359500207007e-03 1.716109924018e-02 1.923952437937e-02 1.648616977036e-02 1.060386095196e-02 1.066773757339e-02 2.120905183256e-02 2.882094122469e-02 2.469743601978e-02 1.353573612869e-02 9.424299933016e-03 1.077318657190e-02 1.121215708554e-02 1.041415985674e-02 8.594994433224e-03 8.349978365004e-03 1.076133083552e-02 1.607847772539e-02 1.838653720915e-02 1.494439598173e-02 1.823583431542e-02 2.735039964318e-02 1.197247114033e-02 1.034040655941e-02 1.280235685408e-02 1.554779987782e-02 1.613787375391e-02 1.651296578348e-02 3.127938881516e-02 2.343111671507e-02 1.326493546367e-02 1.124010514468e-02 1.626185327768e-02 8.654600009322e-03 9.791513904929e-03 1.124352030456e-02 1.405646558851e-02 1.781184971333e-02 1.862685568631e-02 1.543213613331e-02 1.594010740519e-02 1.046045683324e-02 1.384598016739e-02
7.266900036484e-03 1.566826179624e-02 1.946393959224e-02 1.990162581205e-02 1.600470021367e-02 1.092113368213e-02 2.216387540102e-02 2.947976626456e-02 2.385252341628e-02 1.160725206137e-02 1.063896622509e-02 1.170391403139e-02 1.171341259032e-02 1.044762134552e-02 8.319324813783e-03 8.521579205990e-03 8.135253563523e-03 9.331808425486e-03 1.214756723493e-02 1.378136780113e-02 3.058767132461e-02 3.480769321322e-02 1.339724473655e-02 1.135438866913e-02 1.420022360981e-02 1.631227880716e-02 1.558757573366e-02 1.499512977898e-02 3.131650760770e-02 2.276494354010e-02 1.155384164304e-02 9.391773492098e-03 1.874418929219e-02 9.965891018510e-03 1.093347463757e-02 1.546659227461e-02 1.913932897151e-02 1.994611881673e-02 1.688236556947e-02 1.960077881813e-02 1.923396065831e-02 1.166844740510e-02 1.267738640308e-02
7.056113798171e-03 1.478523947299e-02 1.718099042773e-02 2.045033499599e-02 1.957721449435e-02 1.384266093373e-02 2.260315231979e-02 2.942312695086e-02 2.230383083224e-02 9.700511582196e-03 1.132488436997e-02 1.213690359145e-02 1.190670020878e-02 1.185102667660e-02 1.087893266231e-02 9.184908121824e-03 8.984611369669e-03 7.702974136919e-03 1.248838566244e-02 2.531560324132e-02 4.252102226019e-02 3.824023902416e-02 1.437480747700e-02 1.614985801280e-02 1.426202617586e-02 1.598635688424e-02 1.431576814502e-02 1.491506490856e-02 2.962880954146e-02 2.143012173474e-02 1.365386229008e-02 1.067869178951e-02 1.998459175229e-02 1.224673073739e-02 1.719029806554e-02 2.058043889701e-02 2.080686017871e-02 1.756294071674e-02 1.208944246173e-02 2.010699175298e-02 2.335982955992e-02 1.558968517929e-02 1.007867045701e-02
6.776473950595e-03 1.286513544619e-02 1.492056436837e-02 1.800561696291e-02 1.998386718333e-02 1.664439216256e-02 2.256458997726e-02 2.843128331006e-02 2.001169510186e-02 1.070069242269e-02 1.208030525595e-02 1.346768252552e-02 1.435346994549e-02 1.388978213072e-02 1.249481551349e-02 1.016850769520e-02 8.258347399533e-03 9.385395795107e-03 1.988906227052e-02 3.609685599804e-02 4.947508499026e-02 3.777145966887e-02 1.613897085190e-02 2.460402436554e-02 1.511983852834e-02 1.502534467727e-02 1.285114977509e-02 1.634951494634e-02 2.648634091020e-02 2.148898504674e-02 1.379935722798e-02 1.111965440214e-02 2.317369915545e-02 1.834299229085e-02 2.177370339632e-02 2.152623049915e-02 1.786642335355e-02 1.235336251557e-02 1.360491290689e-02 1.887535490096e-02 2.860007621348e-02 1.810877025127e-02 9.804750792682e-03
8.530681021512e-03 1.515663787723e-02 1.291918009520e-02 1.363879907876e-02 1.724358834326e-02 1.671128533781e-02 2.219902165234e-02 2.714066207409e-02 1.788696460426e-02 1.186546217650e-02 1.354713179171e-02 1.541605778039e-02 1.561990752816e-02 1.452419348061e-02 1.236094068736e-02 1.166833192110e-02 1.106897089630e-02 1.376862730831e-02 2.684717439115e-02 4.313068836927e-02 5.123183131218e-02 3.449430316687e-02 1.950586587191e-02 3.119050338864e-02 2.191652543843e-02 1.370758377016e-02 1.175032462925e-02 3.029052913189e-02 4.243080317974e-02 2.736901119351e-02 1.530438382179e-02 1.300089061260e-02 2.544804848731e-02 2.150504849851e-02 2.150439843535e-02 1.785528659821e-02 1.244489569217e-02 1.363190636039e-02 1.974713616073e-02 2.492281235754e-02 2.935756742954e-02 2.167108282447e-02 9.751532226801e-03
8.650510571897e-03 1.730843633413e-02 1.789164543152e-02 1.295707654208e-02 1.227034348994e-02 1.398286409676e-02 2.189095504582e-02 2.653034403920e-02 1.662988401949e-02 1.292098872364e-02 1.529517769814e-02 1.632526703179e-02 1.578494720161e-02 1.392454840243e-02 1.305757462978e-02 1.477650739253e-02 1.646957173944e-02 1.808720082045e-02 3.285007178783e-02 4.675624892116e-02 5.024811998010e-02 3.098593652248e-02 2.001320756972e-02 3.429369628429e-02 2.665844745934e-02 1.697348244488e-02 1.218573004007e-02 4.600977897644e-02 5.944294854999e-02 3.208555281162e-02 1.672497391701e-02 1.567998155951e-02 2.513284608722e-02 1.974054798484e-02 1.826005242765e-02 1.295956037939e-02 1.304334495217e-02 1.942891255021e-02 2.566459961236e-02 2.834533900023e-02 2.580290660262e-02 2.696989476681e-02 1.123072952032e-02
7.478400599211e-03 1.635434478521e-02 2.034424617887e-02 1.852653734386e-02 1.231508143246e-02 1.197656337172e-02 2.165751159191e-02 2.631231583655e-02 1.601823233068e-02 1.457332726568e-02 1.621574722230e-02 1.637234725058e-02 1.498618442565e-02 1.282228436321e-02 1.351151056588e-02 1.570961065590e-02 2.130481600761e-02 2.093357220292e-02 3.575264289975e-02 4.581293463707e-02 4.543311521411e-02 2.681037783623e-02 1.897393353283e-02 3.278226777911e-02 2.875749953091e-02 1.960056275129e-02 1.538184657693e-02 5.934339016676e-02 6.938014179468e-02 3.534568473697e-02 1.832826063037e-02 1.494577899575e-02 2.549602650106e-02 1.701173372567e-02 2.004767395556e-02 2.014712430537e-02 1.946751773357e-02 2.610885165632e-02 3.003416769207e-02 2.838916331530e-02 2.084727957845e-02 3.346788883209e-02 1.316531840712e-02
7.570590823889e-03 1.357644889504e-02 1.916926540434e-02 2.172312326729e-02 1.853779889643e-02 1.215136703104e-02 2.171479538083e-02 2.628841996193e-02 1.568759791553e-02 1.541807036847e-02 1.625839434564e-02 1.556438952684e-02 1.687330193818e-02 1.834206096828e-02 1.914272084832e-02 1.936659775674e-02 2.312492206693e-02 2.215444669127e-02 3.517328202724e-02 4.172141104937e-02 3.886546567082e-02 2.256815880537e-02 1.801517046988e-02 2.864077687263e-02 2.777120657265e-02 2.013878338039e-02 1.662893779576e-02 6.733266264200e-02 7.368669658899e-02 3.661495447159e-02 1.607170142233e-02 1.255653612316e-02 2.763073891401e-02 1.688593812287e-02 2.052650786936e-02 2.093328535557e-02 2.705250866711e-02 3.115581907332e-02 3.048204258084e-02 2.440893650055e-02 1.746056042612e-02 3.634886071086e-02 1.855359412730e-02
7.600347977132e-03 1.522932108492e-02 1.579745486379e-02 2.076904103160e-02 2.273822762072e-02 1.829529181123e-02 2.152487263083e-02 2.588249556720e-02 1.520825922489e-02 1.557066105306e-02 1.700370572507e-02 1.986724324524e-02 2.197533659637e-02 2.309975586832e-02 2.356655336916e-02 2.368254214525e-02 2.334631420672e-02 3.141418471932e-02 4.404694959521e-02 4.668333008885e-02 3.923631086946e-02 2.900108136237e-02 2.036193944514e-02 2.441853471100e-02 2.504240535200e-02 1.793083921075e-02 1.934063062072e-02 7.102942466736e-02 7.538999617100e-02 3.585506603122e-02 1.544074434787e-02 1.303939986974e-02 2.707075700164e-02 1.797274872661e-02 2.387029677629e-02 2.895387634635e-02 3.229336813092e-02 3.167429938912e-02 2.626703120768e-02 2.032390981913e-02 1.980367489159e-02 3.491145372391e-02 2.413005381823e-02
6.431098096073e-03 1.354681141675e-02 1.622204482555e-02 1.726236008108e-02 2.243790961802e-02 2.366565726697e-02 2.087610960007e-02 2.494938485324e-02 1.516831666231e-02 1.834054663777e-02 2.129947394133e-02 2.367306128144e-02 2.524493075907e-02 2.607334218919e-02 2.624823525548e-02 2.603729814291e-02 2.561635896564e-02 4.177604243159e-02 5.712474510074e-02 5.938267707825e-02 5.116760730743e-02 4.008626192808e-02 2.932400442660e-02 2.071717195213e-02 2.818068861961e-02 2.678537927568e-02 2.367356047034e-02 6.815108656883e-02 6.669571250677e-02 3.261996060610e-02 1.974410749972e-02 2.355138212442e-02 2.550588175654e-02 2.867743000388e-02 3.252431377769e-02 3.397997096181e-02 3.258094936609e-02 2.825109101832e-02 2.699596993625e-02 3.127666190267e-02 2.355008013546e-02 2.983338199556e-02 2.871767431498e-02
5.567111074924e-03 1.060071308166e-02 1.349028479308e-02 1.596866548061e-02 1.895773038268e-02 2.404138445854e-02 2.417322434485e-02 2.360623516142e-02 1.881889626384e-02 2.183733321726e-02 2.395032532513e-02 2.522864565253e-02 2.590528130531e-02 2.617456018925e-02 2.599037811160e-02 2.562596835196e-02 2.542867697775e-02 4.594416543841e-02 6.209620088339e-02 6.342085450888e-02 5.483103916049e-02 4.463975504041e-02 3.488220646977e-02 2.550083398819e-02 3.847140073776e-02 3.700788319111e-02 3.085666522384e-02 5.932664498687e-02 5.231994763017e-02 2.773617021739e-02 3.477194160223e-02 3.938806056976e-02 3.930801525712e-02 3.805829584599e-02 3.698305785656e-02 3.596235439181e-02 3.488487750292e-02 3.310527279973e-02 3.028577193618e-02 4.236580803990e-02 2.637055143714e-02 2.267458103597e-02 3.699892014265e-02
6.890769116580e-03 1.336733810604e-02 1.314431708306e-02 1.227104663849e-02 1.504550036043e-02 2.061222679913e-02 2.571906894445e-02 2.455128170550e-02 2.092422731221e-02 2.318582683802e-02 2.423409000039e-02 2.444237843156e-02 2.404202707112e-02 2.321601845324e-02 2.229937911034e-02 2.189759165049e-02 2.243567444384e-02 4.214495792985e-02 5.583959072828e-02 5.772832036018e-02 5.183012038469e-02 4.393390566111e-02 3.625619783998e-02 2.863772399724e-02 3.815305605531e-02 3.932720050216e-02 3.448047861457e-02 4.852670803666e-02 3.815569728613e-02 3.009851463139e-02 4.087544977665e-02 4.637553915381e-02 4.430801048875e-02 3.995314985514e-02 3.600104898214e-02 3.387108817697e-02 3.199588134885e-02 2.981497719884e-02 2.725661359727e-02 4.479499533772e-02 4.104790091515e-02 2.335828915238e-02 4.201259836555e-02
8.888151496649e-03 1.777931302786e-02 1.786437816918e-02 1.753058657050e-02 1.695295609534e-02 1.611195877194e-02 2.253551408648e-02 2.747789397836e-02 2.430738508701e-02 2.262118831277e-02 2.275389991701e-02 2.203544043005e-02 2.075166068971e-02 1.908574439585e-02 1.880499720573e-02 1.926956325769e-02 1.868291199207e-02 3.326375037432e-02 4.288060590625e-02 4.523171856999e-02 4.232437908649e-02 3.800263628364e-02 3.353016823530e-02 2.873493172228e-02 2.984199300408e-02 3.251954540610e-02 3.165324404836e-02 4.934225976467e-02 2.795683965087e-02 3.079429641366e-02 3.994511812925e-02 4.440988972783e-02 4.253585264087e-02 3.518137335777e-02 2.603963762522e-02 2.688022330403e-02 2.293095923960e-02 2.426411025226e-02 2.362053468823e-02 3.691525384784e-02 5.473639443517e-02 2.367713302374e-02 4.222599044442e-02
9.020548313856e-03 1.833124086261e-02 1.898849941790e-02 1.989873312414e-02 2.059063315392e-02 2.077488414943e-02 2.060958556831e-02 2.467423863709e-02 2.871216088533e-02 2.305020391941e-02 2.031461521983e-02 1.898472756147e-02 1.729515567422e-02 1.709758676589e-02 1.841322146356e-02 1.969043724239e-02 2.098540216684e-02 2.732987329364e-02 2.999676764011e-02 3.217549994588e-02 3.151319548488e-02 2.923252619803e-02 2.728926762938e-02 2.586380578578e-02 2.475544810295e-02 2.429181337357e-02 3.214887157083e-02 5.220703408122e-02 3.563959524035e-02 3.487484902143e-02 4.134375602007e-02 4.201309010386e-02 3.527385368943e-02 3.536206111312e-02 1.907811872661e-02 3.190695121884e-02 3.043443709612e-02 2.819256111979e-02 2.418407797813e-02 2.584707736969e-02 6.209053844213e-02 3.380526602268e-02 3.740189597011e-02
9.725851006806e-03 1.678952574730e-02 1.675991155207e-02 1.750277355313e-02 1.901404932141e-02 2.090915851295e-02 2.215863019228e-02 2.276874706149e-02 2.640501223505e-02 2.795240469277e-02 2.406384982169e-02 2.320137806237e-02 2.332958579063e-02 2.115284651518e-02 1.899384893477e-02 2.163723111153e-02 2.389390394092e-02 2.811316214502e-02 2.837505936623e-02 2.367860078812e-02 2.149790339172e-02 2.526359073818e-02 3.164001926780e-02 3.289680182934e-02 2.973074279726e-02 2.392268739641e-02 3.558271378279e-02 5.310930311680e-02 3.579593077302e-02 3.762485831976e-02 3.960286080837e-02 4.069538787007e-02 4.375724866986e-02 3.932513296604e-02 2.396246418357e-02 3.591540455818e-02 3.385094553232e-02 2.800308354199e-02 2.108158171177e-02 2.521308511496e-02 5.954110994935e-02 5.186208710074e-02 2.925819531083e-02
1.109477039427e-02 2.043634653091e-02 2.200695872307e-02 1.898424327374e-02 1.758168265224e-02 1.900064758956e-02 1.938904076815e-02 1.919948495924e-02 2.076416276395e-02 2.572141587734e-02 2.802726253867e-02 2.890143357217e-02 2.902018092573e-02 2.668391168118e-02 2.628073282540e-02 2.538345195353e-02 2.385576628149e-02 2.814211323857e-02 2.953372523189e-02 2.625933475792e-02 2.169241197407e-02 1.995631307364e-02 2.207867242396e-02 2.464880421758e-02 2.529826015234e-02 2.536860294640e-02 3.112991712987e-02 5.097733065486e-02 3.644107654691e-02 3.189903497696e-02 3.655949234962e-02 4.211661219597e-02 4.706962779164e-02 4.017164558172e-02 2.756792493165e-02 3.968204930425e-02 3.243310004473e-02 2.517219074070e-02 1.895907521248e-02 2.299659699202e-02 4.786411300302e-02 7.018179446459e-02 3.240542858839e-02
1.088147889823e-02 2.133707329631e-02 2.536303736269e-02 2.389034628868e-02 1.808918081224e-02 1.408814452589e-02 1.711869426072e-02 1.941977068782e-02 2.085079625249e-02 2.104985713959e-02 2.773009985685e-02 3.083140775561e-02 2.945144660771e-02 2.955520898104e-02 2.991479635239e-02 2.952700853348e-02 2.614337764680e-02 2.787497453392e-02 3.048507682979e-02 2.808548696339e-02 2.161164209247e-02 2.581007964909e-02 2.376715838909e-02 2.388293296099e-02 2.210605703294e-02 2.220631390810e-02 2.334876172245e-02 4.716757684946e-02 4.308017715812e-02 3.343198075891e-02 3.211814165115e-02 3.560389950871e-02 4.410463199019e-02 3.939137235284e-02 3.190832957625e-02 3.833104297519e-02 2.827143296599e-02 2.258778735995e-02 2.130180411041e-02 2.095618471503e-02 3.275004401803e-02 8.206506818533e-02 3.409046679735e-02
