VariationalSeries/SI/f18_max.grd
DSAA
101	101
32.816463539100	34.260883539100
35.556306596100	36.727886596100
3.049647966691e-05	4.969877719879e+00
[rows 19 to 37 of 101, columns 0 to 42 of 101]
9.548491798341e-03 1.946564204991e-02 2.489023469388e-02 2.535715326667e-02 2.091255597770e-02 1.659141667187e-02 1.133208349347e-02 1.286396570504e-02 1.559059415013e-02 1.873560436070e-02 2.456635423005e-02 2.934900857508e-02 2.862062864006e-02 3.103681653738e-02 3.127286210656e-02 3.032841905951e-02 2.884497307241e-02 2.757274359465e-02 3.195254877210e-02 2.878310158849e-02 2.982383221388e-02 3.219274058938e-02 2.894809283316e-02 3.283069655299e-02 2.928934432566e-02 2.474315091968e-02 2.560156397521e-02 4.092522710562e-02 4.876784980297e-02 3.612846136093e-02 3.299662843347e-02 3.103914856911e-02 3.287567570806e-02 3.286698088050e-02 3.291336819530e-02 3.176671266556e-02 2.539406530559e-02 2.218722365797e-02 2.377540990710e-02 2.281338348985e-02 3.302517160773e-02 8.183480799198e-02 3.809862956405e-02
7.466790731996e-03 1.568887382746e-02 2.115416526794e-02 2.313847653568e-02 2.057121694088e-02 1.980521902442e-02 1.814926974475e-02 1.296998746693e-02 1.729281619191e-02 2.019189670682e-02 2.141124568880e-02 2.685727924109e-02 2.383996173739e-02 2.780126221478e-02 3.005138598382e-02 3.100906126201e-02 3.094645217061e-02 2.954102866352e-02 3.703155741096e-02 2.981989458203e-02 3.505245223641e-02 3.845247998834e-02 3.983643278480e-02 4.380817338824e-02 4.119156301022e-02 3.186632320285e-02 3.391891717911e-02 3.312521055341e-02 5.124142765999e-02 3.666603565216e-02 3.111688233912e-02 3.006297349930e-02 2.926717326045e-02 2.856933884323e-02 2.794693596661e-02 3.620824962854e-02 2.413506247103e-02 2.540795318782e-02 2.601008303463e-02 2.662191540003e-02 4.093391075730e-02 6.926104426384e-02 5.672363564372e-02
5.793337710202e-03 1.167491450906e-02 1.598702371120e-02 1.839881949127e-02 1.736255548894e-02 1.513326633722e-02 1.869043335319e-02 1.855106838048e-02 2.120024152100e-02 2.529710531235e-02 2.918530255556e-02 3.847179561853e-02 4.617653042078e-02 4.229832068086e-02 2.880528010428e-02 2.774865366518e-02 2.931767515838e-02 3.057010658085e-02 5.400223657489e-02 4.386654868722e-02 3.296547010541e-02 4.248258844018e-02 4.214053228498e-02 5.892466753721e-02 4.864451661706e-02 4.307923465967e-02 4.238369315863e-02 2.623745426536e-02 4.821308702230e-02 3.367602452636e-02 2.561104670167e-02 2.750205062330e-02 3.246589750051e-02 2.611604891717e-02 2.851174026728e-02 3.830475732684e-02 3.051242046058e-02 2.695709094405e-02 2.809264324605e-02 3.017882630229e-02 4.775050655007e-02 4.959902912378e-02 7.525555789471e-02
7.761488668621e-03 1.394279394299e-02 1.355360168964e-02 1.419514603913e-02 1.650906540453e-02 2.089545875788e-02 2.440531738102e-02 2.922257967293e-02 3.550519421697e-02 4.463812708855e-02 5.685056746006e-02 7.133984565735e-02 8.021467924118e-02 6.975677609444e-02 4.386295750737e-02 2.690505795181e-02 3.713638707995e-02 5.218118429184e-02 6.603052467108e-02 5.366845056415e-02 4.231070727110e-02 4.476704448462e-02 4.363066703081e-02 6.617527455091e-02 4.838512837887e-02 4.906052723527e-02 5.033496394753e-02 3.164946660399e-02 3.937798738480e-02 2.769753336906e-02 2.740501239896e-02 2.715183980763e-02 3.366937115788e-02 3.431748971343e-02 3.415025398135e-02 3.249850869179e-02 4.291389510036e-02 2.992925420403e-02 3.020151704550e-02 3.315185010433e-02 5.323901772499e-02 4.612631350756e-02 8.736376464367e-02
7.535737939179e-03 1.553924754262e-02 1.686542294919e-02 1.615904271603e-02 2.069401554763e-02 2.811116538942e-02 3.081966936588e-02 3.260002657771e-02 3.613018244505e-02 4.182970523834e-02 5.052119866014e-02 5.765316635370e-02 5.907345190644e-02 5.056773126125e-02 3.706079348922e-02 3.308007866144e-02 3.610533848405e-02 4.817461594939e-02 6.428556889296e-02 4.114371910691e-02 3.961434960365e-02 4.395170882344e-02 4.621570929885e-02 6.345807015896e-02 5.060648545623e-02 4.890598729253e-02 5.673429369926e-02 4.835353419185e-02 4.881747439504e-02 4.160106182098e-02 3.595896065235e-02 5.281108990312e-02 4.931576550007e-02 3.703309968114e-02 3.608078882098e-02 3.547118976712e-02 4.756971821189e-02 3.492937609553e-02 3.300172090530e-02 3.501145914197e-02 5.631783604622e-02 4.676789790392e-02 8.921965211630e-02
1.504387706518e-02 2.598531171679e-02 1.692601852119e-02 1.700240559876e-02 1.913618110120e-02 2.446376718581e-02 2.769718877971e-02 2.741738967597e-02 2.726871147752e-02 2.838773280382e-02 3.001468442380e-02 3.179890662432e-02 3.030983544886e-02 3.344452381134e-02 3.385619446635e-02 3.031966462731e-02 3.016719408333e-02 5.528869479895e-02 6.329136341810e-02 3.374252468348e-02 3.399338200688e-02 4.120869934559e-02 4.250966012478e-02 5.407469347119e-02 4.940255731344e-02 4.475120455027e-02 6.107264757156e-02 5.347295105457e-02 4.475901275873e-02 4.332926124334e-02 4.235303401947e-02 6.806581467390e-02 1.014734134078e-01 9.664501249790e-02 8.751216530800e-02 8.354154229164e-02 8.684067428112e-02 5.368130281568e-02 4.551668837667e-02 3.753125295043e-02 5.762988701463e-02 4.517295956612e-02 7.896557450294e-02
2.791858464479e-02 5.914123356342e-02 6.092031300068e-02 5.345864221454e-02 3.342055156827e-02 1.925069093704e-02 1.853971742094e-02 1.943749003112e-02 2.114610373974e-02 2.734147757292e-02 3.278988599777e-02 3.665937855840e-02 3.785147145391e-02 3.629047423601e-02 3.323751315475e-02 3.429643809795e-02 3.605737909675e-02 5.389108881354e-02 5.311482399702e-02 3.146535158157e-02 3.392972052097e-02 4.000988975167e-02 4.658053815365e-02 4.511889070272e-02 5.081611871719e-02 4.901837185025e-02 6.336664408445e-02 6.748644262552e-02 7.178763300180e-02 6.428208947182e-02 4.849573597312e-02 4.033431410789e-02 8.208135515451e-02 8.968931436539e-02 9.896787256002e-02 1.198736652732e-01 1.500244438648e-01 9.134116768837e-02 6.718751788139e-02 5.705003067851e-02 5.660983920097e-02 4.214351251721e-02 5.910778418183e-02
2.988750673831e-02 6.440667062998e-02 7.427949458361e-02 8.765314519405e-02 9.600414335728e-02 8.336483687162e-02 4.676768928766e-02 2.542596869171e-02 3.468755260110e-02 4.051578417420e-02 4.162710905075e-02 3.938147053123e-02 3.685130551457e-02 4.965553805232e-02 5.475709214807e-02 5.440519750118e-02 5.359185859561e-02 5.215728282928e-02 5.152397602797e-02 4.975977167487e-02 4.864123091102e-02 4.864186048508e-02 4.719055071473e-02 5.895979329944e-02 7.099741697311e-02 6.142055615783e-02 6.939627975225e-02 8.912412822247e-02 9.013060480356e-02 8.008972555399e-02 5.982247740030e-02 4.371875897050e-02 4.814596474171e-02 7.626763731241e-02 1.136986687779e-01 1.000424399972e-01 1.012528240681e-01 7.658144086599e-02 8.186829090118e-02 8.339381217957e-02 6.785692274570e-02 4.394154623151e-02 5.254210531712e-02
1.921779848635e-02 4.238349571824e-02 4.925775527954e-02 6.040987744927e-02 7.856703549623e-02 1.033304855227e-01 1.168766021729e-01 9.099089354277e-02 4.757403954864e-02 4.378796741366e-02 3.898821398616e-02 5.034031346440e-02 5.940612405539e-02 6.192444264889e-02 5.890203639865e-02 5.889648944139e-02 5.832451581955e-02 5.657773092389e-02 5.926210805774e-02 5.980134382844e-02 6.145961210132e-02 6.678478419781e-02 6.313095986843e-02 5.812145397067e-02 5.595016479492e-02 7.222097367048e-02 6.922720372677e-02 8.546428382397e-02 9.400988370180e-02 8.440708369017e-02 6.310456991196e-02 6.831558793783e-02 8.833707123995e-02 1.184352859855e-01 1.413372009993e-01 1.022897288203e-01 7.089883089066e-02 5.920177698135e-02 7.339931279421e-02 9.411927312613e-02 1.028204262257e-01 6.987161934376e-02 5.295279994607e-02
1.316696684808e-02 2.585531212389e-02 3.233904018998e-02 2.978614717722e-02 3.416747227311e-02 5.111357197165e-02 7.995590567589e-02 1.085867583752e-01 1.084174364805e-01 7.468632608652e-02 5.634589865804e-02 5.953812599182e-02 6.039898470044e-02 5.774066969752e-02 5.679352954030e-02 5.587384477258e-02 5.297218263149e-02 5.683213472366e-02 5.830255895853e-02 6.045991554856e-02 6.407330930233e-02 6.182097271085e-02 5.936972424388e-02 5.855636298656e-02 5.753618478775e-02 5.656331777573e-02 5.941233038902e-02 6.552983820438e-02 7.970846444368e-02 8.292365074158e-02 6.499730050564e-02 7.824928313494e-02 9.486360102892e-02 1.083439290524e-01 1.052461266518e-01 6.595999747515e-02 6.936238706112e-02 7.973495870829e-02 8.608502149582e-02 7.749770581722e-02 1.150513291359e-01 1.170692294836e-01 6.602976471186e-02
1.526310946792e-02 3.004941530526e-02 2.990976534784e-02 3.674710914493e-02 3.016147390008e-02 2.601924352348e-02 3.054356947541e-02 5.623396486044e-02 9.041552245617e-02 1.052019372582e-01 8.580376952887e-02 5.705976486206e-02 5.428136140108e-02 5.312187969685e-02 4.972321912646e-02 4.829870909452e-02 4.984938353300e-02 5.375859141350e-02 5.272066593170e-02 5.263277143240e-02 4.750371351838e-02 3.915751352906e-02 4.887406527996e-02 4.341929778457e-02 6.572510302067e-02 5.892023444176e-02 6.744060665369e-02 7.321941852570e-02 6.198679655790e-02 6.672012060881e-02 7.392045110464e-02 7.955470681190e-02 6.631163507700e-02 8.505934476852e-02 6.273255497217e-02 5.403132736683e-02 6.998263299465e-02 9.638156741858e-02 1.154678165913e-01 1.093657314777e-01 9.305622428656e-02 1.446330249310e-01 1.089680343866e-01
1.969414390624e-02 3.786161169410e-02 3.521933779120e-02 3.629655763507e-02 4.048138856888e-02 3.027157671750e-02 4.209406301379e-02 5.117980763316e-02 5.664970725775e-02 7.904323935509e-02 1.019398048520e-01 9.251034259796e-02 5.669608712196e-02 4.569173604250e-02 4.495850205421e-02 4.601755365729e-02 4.764182865620e-02 4.707654938102e-02 4.923661425710e-02 4.855047166348e-02 4.234264045954e-02 3.512031584978e-02 3.745403513312e-02 5.995629355311e-02 8.943262696266e-02 1.204459816217e-01 1.446974724531e-01 1.177703514695e-01 7.972086966038e-02 7.448790222406e-02 9.114398807287e-02 6.447219848633e-02 4.799355193973e-02 1.058934554458e-01 4.410810768604e-02 6.271880865097e-02 5.793261528015e-02 8.104195445776e-02 1.179404631257e-01 1.269127577543e-01 1.092635765672e-01 1.217425912619e-01 1.652265638113e-01
1.788786984980e-02 3.909732028842e-02 4.132785275578e-02 4.038348048925e-02 4.277955740690e-02 4.326583072543e-02 5.192378163338e-02 5.464549735188e-02 5.431770533323e-02 5.138689652085e-02 7.070516794920e-02 1.009368374944e-01 9.859983623028e-02 6.810005009174e-02 4.319880530238e-02 4.312683269382e-02 4.160315543413e-02 3.773118183017e-02 5.051130056381e-02 5.258587747812e-02 5.305833369493e-02 4.435964301229e-02 4.063951224089e-02 7.423759251833e-02 1.260034888983e-01 1.857979148626e-01 2.180494517088e-01 2.084260284901e-01 1.357108652592e-01 8.597011119127e-02 9.822496026754e-02 8.298587054014e-02 7.690193504095e-02 1.293005645275e-01 6.683415919542e-02 1.289645731449e-01 9.339723736048e-02 6.702911853790e-02 9.011887758970e-02 1.296062916517e-01 1.329187899828e-01 1.123517677188e-01 1.771458685398e-01
2.206471748650e-02 4.490884020925e-02 4.540809616446e-02 4.408160969615e-02 4.573859274387e-02 5.190253257751e-02 5.234896019101e-02 5.297130718827e-02 4.875205084682e-02 4.498268291354e-02 4.351876676083e-02 6.079618260264e-02 9.783673286438e-02 1.032131239772e-01 7.828789204359e-02 3.687930479646e-02 3.440169245005e-02 3.854014724493e-02 4.486264288425e-02 7.140665501356e-02 6.454354524612e-02 5.916764214635e-02 5.431466549635e-02 7.409204542637e-02 1.288504004478e-01 1.838371753693e-01 2.502812147141e-01 2.932653725147e-01 2.445416450500e-01 1.180799752474e-01 1.069337800145e-01 1.159528940916e-01 1.105280071497e-01 1.528619974852e-01 8.514853566885e-02 1.725088953972e-01 1.429353654385e-01 9.412185102701e-02 8.601476997137e-02 1.249787956476e-01 2.676055729389e-01 1.358662694693e-01 1.443692892790e-01
2.883142977953e-02 5.425956845284e-02 5.070382356644e-02 5.409268662333e-02 5.737650021911e-02 6.058882921934e-02 6.429342925549e-02 6.683515012264e-02 6.827279925346e-02 6.849207729101e-02 6.644191592932e-02 6.390891969204e-02 6.121129542589e-02 9.033577144146e-02 1.049609556794e-01 8.750980347395e-02 4.387029632926e-02 3.931334987283e-02 4.338384792209e-02 6.821776181459e-02 7.228231430054e-02 6.510193645954e-02 6.011905148625e-02 6.358312070370e-02 1.066989228129e-01 1.587664037943e-01 2.458245009184e-01 3.433696329594e-01 3.242788612843e-01 1.972488164902e-01 1.538920700550e-01 1.938445568085e-01 2.078762203455e-01 1.916198134422e-01 1.585752069950e-01 1.859441250563e-01 1.770321279764e-01 1.367057114840e-01 1.549701094627e-01 1.392631679773e-01 3.818969130516e-01 3.125222623348e-01 8.433032780886e-02
2.952667884529e-02 6.135726347566e-02 6.125405058265e-02 5.939633026719e-02 5.236544087529e-02 4.774328693748e-02 4.515500739217e-02 4.989144951105e-02 5.521234124899e-02 6.148490682244e-02 6.847649812698e-02 7.663460820913e-02 8.437818288803e-02 1.333197951317e-01 1.365694552660e-01 1.038265302777e-01 9.781917929649e-02 9.315433353186e-02 8.683757483959e-02 7.967220991850e-02 7.191038876772e-02 6.232136860490e-02 6.760258972645e-02 6.618593633175e-02 7.299398630857e-02 1.202262341976e-01 1.771512180567e-01 2.801577746868e-01 3.558195531368e-01 2.461498826742e-01 1.164331138134e-01 1.216391772032e-01 1.785134375095e-01 2.367196381092e-01 2.626249790192e-01 2.432716488838e-01 1.753835529089e-01 1.478908658028e-01 1.116475909948e-01 1.594259887934e-01 3.979975283146e-01 4.786738753319e-01 1.283303499222e-01
2.529443800449e-02 5.103238299489e-02 5.271599814296e-02 5.745645612478e-02 6.032360717654e-02 5.829842761159e-02 4.894898086786e-02 4.268114641309e-02 4.291042312980e-02 4.288618639112e-02 4.263207316399e-02 4.169975221157e-02 4.036891087890e-02 5.130894482136e-02 7.700203359127e-02 8.433433622122e-02 1.010528802872e-01 9.769091010094e-02 7.971789687872e-02 8.815094828606e-02 9.321338683367e-02 9.619851410389e-02 9.977898746729e-02 1.042127385736e-01 1.002435013652e-01 7.998718321323e-02 1.195622235537e-01 2.124173194170e-01 2.998203933239e-01 2.198141962290e-01 1.098909899592e-01 7.734219729900e-02 6.926326453686e-02 1.148519963026e-01 1.390773653984e-01 2.258747369051e-01 2.865310311317e-01 2.646803557873e-01 1.646410673857e-01 1.803317517042e-01 2.554085254669e-01 5.672167539597e-01 2.063307613134e-01
2.052526921034e-02 3.971396759152e-02 3.959186375141e-02 3.795043751597e-02 3.820753842592e-02 4.275083914399e-02 4.466045275331e-02 4.395986348391e-02 3.738489001989e-02 4.056354984641e-02 4.406472295523e-02 4.760999232531e-02 5.087522417307e-02 5.413751676679e-02 5.745974555612e-02 6.033315882087e-02 6.283087283373e-02 9.478086233139e-02 1.010789200664e-01 1.313105970621e-01 1.029183790088e-01 8.436017483473e-02 8.064945787191e-02 7.820945233107e-02 7.857467234135e-02 8.914456516504e-02 1.189007386565e-01 1.362194567919e-01 1.918714195490e-01 1.562508195639e-01 7.899663597345e-02 9.325037151575e-02 6.958898901939e-02 9.210569411516e-02 1.076075360179e-01 1.311848014593e-01 1.323587745428e-01 2.223379909992e-01 3.139954209328e-01 2.543877363205e-01 2.277171164751e-01 4.640722274780e-01 4.185768365860e-01
1.298181805760e-02 2.616631798446e-02 2.577503956854e-02 2.495742961764e-02 2.805312536657e-02 3.319702669978e-02 3.639688715339e-02 3.820475935936e-02 3.885754942894e-02 3.585257381201e-02 3.299393504858e-02 3.481264039874e-02 3.681180626154e-02 3.708370029926e-02 3.752079978585e-02 5.005979165435e-02 5.574570968747e-02 7.462532818317e-02 1.412195265293e-01 1.479781270027e-01 1.311957538128e-01 1.120708361268e-01 1.319154500961e-01 1.579746454954e-01 1.112756207585e-01 1.262495070696e-01 1.229449361563e-01 1.142714470625e-01 1.193772703409e-01 1.574329882860e-01 1.478848308325e-01 9.218094497919e-02 9.602306038141e-02 1.009707376361e-01 1.093148142099e-01 1.138282641768e-01 1.178969815373e-01 1.517335921526e-01 2.221564054489e-01 2.589766979218e-01 3.092360198498e-01 4.174571931362e-01 3.430701494217e-01
