VariationalSeries/SI/f18_max.grd
DSAA
101	101
32.816463539100	34.260883539100
35.556306596100	36.727886596100
3.049647966691e-05	4.969877719879e+00
[rows 57 to 75 of 101, columns 43 to 85 of 101]
2.104427851737e-02 2.514790929854e-02 1.267536450177e-02 1.399398874491e-02 1.381519157439e-02 2.242555096745e-02 2.544520236552e-02 3.451012074947e-02 3.034315444529e-02 1.641563698649e-02 1.121396012604e-02 9.434984065592e-03 7.002923171967e-03 1.260084193200e-02 5.159779638052e-02 1.731031090021e-01 3.915312886238e-01 3.791026771069e-01 5.892410278320e-01 1.843556314707e-01 5.227428302169e-02 4.059101641178e-02 7.328809052706e-02 1.290475726128e-01 2.209929674864e-01 2.003726512194e-01 2.179068773985e-01 1.772754192352e-01 2.321395725012e-01 2.130446881056e-01 2.252092808485e-01 1.678553074598e-01 1.745173782110e-01 2.450039237738e-01 1.520822495222e-01 9.329626709223e-02 1.090231463313e-01 1.579865813255e-01 1.978520601988e-01 1.429707854986e-01 5.954410880804e-02 5.186910554767e-02 5.015779286623e-02
1.682597957551e-02 3.258252516389e-02 1.024753879756e-02 1.085065025836e-02 1.071898546070e-02 1.626135408878e-02 3.202273696661e-02 1.033150255680e-01 8.237732946873e-02 1.780103519559e-02 1.035633776337e-02 7.117008790374e-03 5.444662179798e-03 5.393370520324e-03 1.076215133071e-02 1.032302081585e-01 1.209132149816e-01 1.277879029512e-01 1.059057191014e-01 1.066126525402e-01 7.603708654642e-02 5.794475972652e-02 4.481643065810e-02 2.666922099888e-02 6.901995092630e-02 1.382119059563e-01 2.403407692909e-01 2.448931038380e-01 2.670672833920e-01 1.470825374126e-01 1.938491016626e-01 1.770912110806e-01 1.517997235060e-01 1.331861615181e-01 1.354228258133e-01 1.022327318788e-01 9.845112264156e-02 1.181694790721e-01 1.151658445597e-01 1.036540195346e-01 1.056136637926e-01 1.096254512668e-01 1.016953960061e-01
1.394796930254e-02 1.344570983201e-02 9.335366077721e-03 9.879410266876e-03 1.002196781337e-02 1.481154933572e-02 4.538178443909e-02 1.454722881317e-01 1.199267655611e-01 2.595938742161e-02 1.072274893522e-02 6.079481914639e-03 4.321584943682e-03 3.925194498152e-03 4.005772061646e-03 5.036231596023e-03 7.025582250208e-03 9.576193057001e-03 1.268753968179e-02 1.545326784253e-02 1.846695132554e-02 2.103720977902e-02 1.419385150075e-02 1.428637001663e-02 3.378450125456e-02 1.574420034885e-01 2.714330852032e-01 3.076297342777e-01 2.954594790936e-01 2.982829809189e-01 1.969204694033e-01 1.707909852266e-01 1.451351195574e-01 1.317065954208e-01 1.850158423185e-01 1.594289243221e-01 1.322085261345e-01 8.276506513357e-02 8.788068592548e-02 7.268157601357e-02 6.607003509998e-02 5.838630720973e-02 5.293582007289e-02
1.286199223250e-02 1.157763507217e-02 9.039923548698e-03 1.002454105765e-02 1.146526262164e-02 1.505242008716e-02 1.628423780203e-01 1.225470378995e-01 1.453978866339e-01 2.004094049335e-02 9.407577104867e-03 5.861834157258e-03 3.913304768503e-03 3.160431515425e-03 3.023325698450e-03 3.191422438249e-03 3.918599803001e-03 5.163579247892e-03 7.537641096860e-03 8.666140958667e-03 9.998044930398e-03 1.999078691006e-02 1.029131375253e-02 9.474520571530e-03 2.884764410555e-02 6.544946879148e-02 2.329417169094e-01 2.551277279854e-01 2.724243104458e-01 2.908068001270e-01 2.412931919098e-01 1.871540546417e-01 1.300135403872e-01 1.670058071613e-01 1.162906438112e-01 1.023520380259e-01 8.488930016756e-02 7.021346688271e-02 6.605142354965e-02 6.419284641743e-02 6.910311430693e-02 9.756971895695e-02 1.361201703548e-01
1.089802384377e-02 8.490329608321e-03 8.886124938726e-03 1.064633298665e-02 1.773721352220e-02 2.877199649811e-02 8.645869791508e-02 1.909689158201e-01 7.123017311096e-02 1.115152239799e-02 6.785386707634e-03 4.995733965188e-03 3.572490764782e-03 2.683083759621e-03 2.443849574775e-03 2.450537867844e-03 2.670424059033e-03 3.567682811990e-03 4.918213002384e-03 5.627281032503e-03 5.866550840437e-03 1.221457030624e-02 7.291690912098e-03 7.931174710393e-03 1.781139895320e-02 6.090239062905e-02 1.650816202164e-01 2.247257977724e-01 2.303516864777e-01 1.755563020706e-01 1.359407901764e-01 1.937299221754e-01 1.325821280479e-01 9.372220933437e-02 1.039990931749e-01 1.310411989689e-01 1.186294481158e-01 8.424928784370e-02 7.874889671803e-02 7.681587338448e-02 7.448241859674e-02 8.206123858690e-02 1.022489145398e-01
7.910782471299e-03 6.529033649713e-03 8.166575804353e-03 1.958612166345e-02 4.886200651526e-02 1.103764623404e-01 1.541408449411e-01 9.564854204655e-02 9.881636127830e-03 6.748040206730e-03 4.806496202946e-03 3.873768029734e-03 3.097089240327e-03 2.556986873969e-03 2.240453613922e-03 2.337702782825e-03 2.448123646900e-03 2.950596157461e-03 4.265044815838e-03 5.250977352262e-03 5.579253658652e-03 5.931024905294e-03 5.959249567240e-03 8.888650685549e-03 2.163042873144e-02 5.665603652596e-02 6.963800638914e-02 7.053745537996e-02 1.332991719246e-01 1.557202488184e-01 1.812708377838e-01 1.159790232778e-01 1.501590758562e-01 1.100196316838e-01 1.226597875357e-01 1.451582610607e-01 2.901211380959e-01 1.830231249332e-01 1.076882481575e-01 8.871979266405e-02 9.132616966963e-02 8.980548381805e-02 8.678431063890e-02
5.109146237373e-03 5.351776257157e-03 6.764361634851e-03 8.547694422305e-03 2.036023139954e-02 1.231961175799e-01 7.818781584501e-02 9.615200571716e-03 5.860744044185e-03 5.141735076904e-03 4.333778284490e-03 3.669303841889e-03 2.875961828977e-03 2.460618969053e-03 2.183103235438e-03 2.411499852315e-03 2.500216476619e-03 2.431028289720e-03 3.507461631671e-03 4.481053911150e-03 5.066126119345e-03 5.039720796049e-03 6.338224746287e-03 1.029977947474e-02 3.213547542691e-02 6.372068822384e-02 3.776172176003e-02 4.920937865973e-02 4.580468311906e-02 2.392223775387e-01 3.478028774261e-01 1.868387013674e-01 1.027775108814e-01 1.407497078180e-01 5.542949214578e-02 5.841453745961e-02 2.173570692539e-01 1.046600043774e-01 8.515586704016e-02 6.548604369164e-02 6.734471768141e-02 7.513252645731e-02 8.101073652506e-02
4.308674484491e-03 4.680459853262e-03 5.481263156980e-03 6.932501681149e-03 7.873848080635e-03 1.093269418925e-02 1.208831742406e-02 8.237285539508e-03 4.227287601680e-03 4.361818544567e-03 3.832938848063e-03 3.528401255608e-03 2.889866940677e-03 2.296341583133e-03 2.396163996309e-03 2.443900099024e-03 2.615253673866e-03 2.578265732154e-03 2.952869283035e-03 3.798151388764e-03 4.532556515187e-03 4.813661333174e-03 5.103256087750e-03 8.468138985336e-03 2.378622069955e-02 1.466163899750e-02 1.417590305209e-02 2.341204136610e-02 5.235340073705e-02 1.036814674735e-01 1.082797273993e-01 1.373830437660e-01 2.249259501696e-01 1.176180243492e-01 1.120058745146e-01 8.696233481169e-02 8.938495069742e-02 7.577159255743e-02 4.032200574875e-02 5.027255415916e-02 4.909786581993e-02 5.335669964552e-02 6.701365113258e-02
3.378174733371e-03 3.817606018856e-03 4.543981514871e-03 5.570449866354e-03 5.989423021674e-03 6.672226358205e-03 7.062889635563e-03 4.410746507347e-03 3.658654866740e-03 3.856207942590e-03 3.589035710320e-03 3.102977294475e-03 2.557829953730e-03 2.322141779587e-03 2.340334234759e-03 2.682149875909e-03 2.643266692758e-03 2.272866200656e-03 2.607952337712e-03 3.317393828183e-03 3.931688610464e-03 4.610581789166e-03 6.559592671692e-03 6.854083854705e-03 6.960150320083e-03 9.703502058983e-03 9.523548185825e-03 2.330491319299e-02 3.242816403508e-02 4.382262751460e-02 9.024953842163e-02 1.599361747503e-01 1.171255707741e-01 2.211883515120e-01 1.374918818474e-01 7.714764028788e-02 6.396482884884e-02 5.824286490679e-02 7.021757960320e-02 6.614176183939e-02 8.236726373434e-02 8.144146949053e-02 9.452354162931e-02
3.119891975075e-03 3.060805611312e-03 3.435788908973e-03 3.948131576180e-03 4.255533218384e-03 4.093021154404e-03 4.015306010842e-03 3.775117220357e-03 4.129684064537e-03 4.104670602828e-03 3.831861307845e-03 3.340120194480e-03 2.732752822340e-03 2.390560926870e-03 2.156554255635e-03 2.151009161025e-03 2.427897416055e-03 2.462581032887e-03 2.469046274200e-03 2.986449282616e-03 3.464034991339e-03 4.128262866288e-03 6.310183089226e-03 7.089300546795e-03 7.650644518435e-03 1.582911051810e-02 2.179020829499e-02 2.805167436600e-02 3.940366208553e-02 4.284746572375e-02 9.309668838978e-02 1.770814657211e-01 8.361914008856e-02 8.889782428741e-02 1.618941277266e-01 1.377604752779e-01 9.209370613098e-02 7.807090878487e-02 9.820785373449e-02 5.037118121982e-02 6.690277159214e-02 8.253424614668e-02 9.843199700117e-02
2.562240231782e-03 2.880084095523e-03 3.011144232005e-03 2.971097361296e-03 3.337729489431e-03 3.686499549076e-03 3.974977880716e-03 3.533731447533e-03 3.408635500818e-03 3.523767227307e-03 3.790441202000e-03 3.774109529331e-03 3.247942775488e-03 2.737314673141e-03 2.592763630673e-03 2.352015813813e-03 2.026315080002e-03 2.239210763946e-03 2.540583722293e-03 2.813681494445e-03 3.094532061368e-03 3.559142118320e-03 5.371208302677e-03 5.240912549198e-03 5.776188801974e-03 1.434617023915e-02 3.070547990501e-02 4.146350547671e-02 5.836773291230e-02 3.068316355348e-02 9.020357578993e-02 4.507347196341e-02 4.843382164836e-02 5.576512962580e-02 8.879243582487e-02 9.737240523100e-02 1.307872682810e-01 1.196878403425e-01 8.553576469421e-02 7.319455593824e-02 5.602298304439e-02 6.036841124296e-02 4.925457388163e-02
2.497579203919e-03 2.752328990027e-03 2.722620032728e-03 2.682441845536e-03 2.874430967495e-03 3.329594153911e-03 3.605982055888e-03 3.222543746233e-03 2.527347067371e-03 2.695964183658e-03 2.926809713244e-03 3.446325892583e-03 3.579571610317e-03 2.973746741191e-03 2.792222192511e-03 3.386646974832e-03 3.002636600286e-03 2.430074615404e-03 2.650473499671e-03 2.763501834124e-03 3.389526624233e-03 3.762481734157e-03 4.214426036924e-03 5.161243956536e-03 5.989434197545e-03 1.044539269060e-02 2.211633883417e-02 2.632823958993e-02 3.618430718780e-02 2.049600891769e-02 4.340643435717e-02 3.302183002234e-02 5.488481745124e-02 3.368464112282e-02 6.641411036253e-02 4.956819489598e-02 7.897879928350e-02 9.675073623657e-02 8.934437483549e-02 1.210103929043e-01 1.104665175080e-01 8.853757381439e-02 7.430648803711e-02
2.407172229141e-03 2.593402983621e-03 2.477460308000e-03 2.433721441776e-03 2.447907812893e-03 2.497426699847e-03 2.768224105239e-03 2.617564052343e-03 3.123270813376e-03 3.379856701940e-03 3.067633369938e-03 3.095749067143e-03 3.419127548113e-03 3.560666460544e-03 3.252340247855e-03 4.199997056276e-03 3.739028470591e-03 2.861954038963e-03 2.879672218114e-03 2.867095638067e-03 3.295822069049e-03 3.574599046260e-03 4.003216046840e-03 5.323826801032e-03 6.256969179958e-03 9.371548891068e-03 1.408396009356e-02 1.625808700919e-02 1.746073551476e-02 2.205442450941e-02 3.662079200149e-02 5.611923336983e-02 3.795884922147e-02 9.079714119434e-02 3.143304958940e-02 4.125227406621e-02 8.451352268457e-02 1.182660609484e-01 5.797712132335e-02 6.557445228100e-02 4.157591238618e-02 7.870572805405e-02 6.923078000546e-02
2.148230094463e-03 2.313772449270e-03 2.210481325164e-03 2.098122145981e-03 1.945019001141e-03 2.005674876273e-03 2.129780128598e-03 2.872701035812e-03 3.568932879716e-03 3.666135715321e-03 3.205259097740e-03 3.539745928720e-03 3.941164817661e-03 3.840598510578e-03 3.812742885202e-03 3.946811426431e-03 4.237711429596e-03 4.960765596479e-03 4.455306101590e-03 4.000078886747e-03 4.113599658012e-03 4.436345770955e-03 5.303341895342e-03 5.410159006715e-03 6.576262880117e-03 8.087363094091e-03 1.327072642744e-02 1.324606873095e-02 2.365411259234e-02 4.778455197811e-02 5.932619050145e-02 3.044471144676e-02 3.053398616612e-02 9.524405747652e-02 4.873940348625e-02 5.993646383286e-02 5.311015993357e-02 6.904219090939e-02 5.044737085700e-02 1.920085027814e-02 1.825894974172e-02 2.469456940889e-02 4.925176873803e-02
1.990948338062e-03 1.992728561163e-03 1.951295183972e-03 1.911948435009e-03 1.955278450623e-03 2.092987997457e-03 2.210495062172e-03 2.678275108337e-03 3.003271529451e-03 2.842568326741e-03 3.366118529812e-03 3.621992655098e-03 3.515879157931e-03 3.703447291628e-03 5.068762227893e-03 7.058355491608e-03 7.984450086951e-03 1.012816000730e-02 1.010868605226e-02 1.088454853743e-02 7.767801638693e-03 7.439185399562e-03 8.630546741188e-03 7.227631285787e-03 8.240122348070e-03 1.140445191413e-02 3.490947186947e-02 3.256799653172e-02 3.064548969269e-02 4.127264022827e-02 2.326766215265e-02 2.469777129591e-02 3.373456373811e-02 1.882880367339e-02 1.036514341831e-01 1.430778354406e-01 1.278275102377e-01 2.944482117891e-02 1.382207777351e-02 1.143826823682e-02 1.118793990463e-02 1.324386242777e-02 1.402821298689e-02
1.850675558671e-03 1.919555361383e-03 1.828405191191e-03 1.962542999536e-03 2.125867875293e-03 2.432059263811e-03 2.432475332171e-03 2.759844996035e-03 3.043469507247e-03 3.542370395735e-03 3.707928117365e-03 4.401800222695e-03 4.612846300006e-03 4.265395924449e-03 1.030828803778e-02 3.699092194438e-02 2.923351339996e-02 1.747601293027e-02 1.965320482850e-02 2.446464076638e-02 1.807952113450e-02 9.549906477332e-03 1.111782900989e-02 1.391893811524e-02 1.352663710713e-02 2.519916743040e-02 3.546033427119e-02 3.195398300886e-02 2.561915479600e-02 2.330650016665e-02 2.637906372547e-02 2.504056133330e-02 1.848588883877e-02 1.539001893252e-02 2.620233781636e-02 1.205914244056e-01 1.257595419884e-01 2.593885175884e-02 9.115628898144e-03 9.284486994147e-03 8.403913117945e-03 8.076070807874e-03 1.316656451672e-02
1.855485723354e-03 1.998980063945e-03 2.510950434953e-03 2.810288686305e-03 2.604624023661e-03 4.322755616158e-03 5.086414981633e-03 5.148665048182e-03 4.293842706829e-03 4.192631691694e-03 4.646684043109e-03 5.839732475579e-03 5.820442922413e-03 2.136132121086e-02 1.509732007980e-01 1.901780664921e-01 8.879056572914e-02 5.112417042255e-02 4.080668836832e-02 3.262239322066e-02 1.570259965956e-02 1.514769997448e-02 3.309986367822e-02 7.064010947943e-02 5.791395157576e-02 3.088861890137e-02 3.606757894158e-02 2.938407845795e-02 3.108698129654e-02 1.986834034324e-02 2.138243056834e-02 1.724985614419e-02 1.634253561497e-02 1.154622156173e-02 7.616201881319e-03 2.481414750218e-02 2.741125412285e-02 6.708185654134e-03 4.483792930841e-03 5.276644136757e-03 6.524964235723e-03 7.294807117432e-03 6.821271497756e-03
2.264231210575e-03 3.572066314518e-03 4.877170082182e-03 5.301434546709e-03 6.864661816508e-03 9.136697277427e-03 8.984975516796e-03 7.924934849143e-03 6.807045545429e-03 5.244015716016e-03 6.274897605181e-03 6.937389727682e-03 3.839605301619e-02 2.116912603378e-01 2.895272076130e-01 1.010220274329e-01 3.229471668601e-02 1.973815262318e-02 1.999100483954e-02 1.747840456665e-02 1.677546836436e-02 3.826872259378e-02 7.543756067753e-02 1.003026291728e-01 8.071099221706e-02 4.157822951674e-02 2.862486429513e-02 2.113725058734e-02 1.902492903173e-02 1.701540872455e-02 1.896334253252e-02 1.052394695580e-02 1.187572814524e-02 9.624755941331e-03 6.044040899724e-03 3.582173958421e-03 2.937907353044e-03 2.871578559279e-03 3.016299800947e-03 3.756259335205e-03 5.043674726039e-03 6.378581281751e-03 6.525426637381e-03
3.766013542190e-03 5.640706978738e-03 7.501080632210e-03 1.000368595123e-02 1.935624890029e-02 1.927486993372e-02 2.697655372322e-02 1.934632286429e-02 2.199282310903e-02 1.306499913335e-02 7.326751481742e-03 5.012439936399e-02 2.017903029919e-01 2.008200734854e-01 5.254862457514e-02 1.600336469710e-02 3.004314936697e-02 3.973688185215e-02 2.823554165661e-02 3.269020095468e-02 3.925443068147e-02 3.926673531532e-02 5.704405158758e-02 4.659032449126e-02 3.157319501042e-02 2.457363717258e-02 1.531546004117e-02 5.973647348583e-03 6.090702954680e-03 6.053156685084e-03 7.748399861157e-03 5.663387477398e-03 4.988093860447e-03 3.210289403796e-03 3.312089713290e-03 3.394067287445e-03 3.520021913573e-03 3.708829637617e-03 3.956784028560e-03 4.271048121154e-03 4.311935976148e-03 5.354873836040e-03 6.784149445593e-03
