VariationalSeries/SI/f19.grd
DSAA
101	101
32.816463539100	34.260883539100
35.556306596100	36.727886596100
3.649501595646e-04	8.865271568298e+00
[rows 0 to 18 of 101, columns 43 to 85 of 101]
1.743086380884e-03 2.076865173876e-03 3.107165684924e-03 3.947344608605e-03 4.277861677110e-03 4.217944573611e-03 4.800541326404e-03 2.441606018692e-03 3.934859298170e-03 6.838637404144e-03 1.036064233631e-02 1.224494073540e-02 1.221716403961e-02 1.012881472707e-02 7.617763243616e-03 4.932133015245e-03 4.147426690906e-03 3.885601647198e-03 3.649530233815e-03 2.612453186885e-03 3.289973828942e-03 4.057743586600e-03 5.299017298967e-03 6.600828375667e-03 6.309417542070e-03 4.528503865004e-03 3.823507810012e-03 3.578684059903e-03 3.403383772820e-03 2.928649540991e-03 2.761415438727e-03 2.316559664905e-03 2.135136164725e-03 2.018339233473e-03 1.978921238333e-03 1.874870155007e-03 1.702467910945e-03 1.468252041377e-03 1.274057896808e-03 1.132048899308e-03 1.016927533783e-03 9.017686243169e-04 8.363188826479e-04
3.228901885450e-03 4.020861815661e-03 5.826713982970e-03 7.550428155810e-03 8.374331519008e-03 8.253582753241e-03 9.188101626933e-03 3.974935505539e-03 6.085101980716e-03 1.114767882973e-02 1.844064518809e-02 2.273898757994e-02 2.269638516009e-02 1.843460090458e-02 1.320992317051e-02 8.492412976921e-03 8.151436224580e-03 7.493290584534e-03 6.878663320094e-03 5.166521295905e-03 6.383598316461e-03 7.562760263681e-03 9.974687360227e-03 1.247363537550e-02 1.135897543281e-02 8.036864921451e-03 7.089932449162e-03 6.748965941370e-03 6.464339792728e-03 5.890253465623e-03 5.243149120361e-03 4.571550060064e-03 3.919495269656e-03 3.715580329299e-03 3.457756480202e-03 3.179542720318e-03 2.884238027036e-03 2.534753410146e-03 2.229988807812e-03 1.979528926313e-03 1.732649165206e-03 1.499262172729e-03 1.664873096161e-03
3.915192559361e-03 4.555944353342e-03 6.521967239678e-03 9.167376905680e-03 1.018544472754e-02 9.863384999335e-03 1.043755374849e-02 4.974110983312e-03 6.511578802019e-03 9.919341653585e-03 1.930099725723e-02 2.581208199263e-02 2.548456192017e-02 1.954780146480e-02 1.304474100471e-02 8.473769761622e-03 1.014049071819e-02 9.149905294180e-03 7.396068423986e-03 5.985501687974e-03 7.119022775441e-03 8.433713577688e-03 1.126755401492e-02 1.367199793458e-02 1.167752873152e-02 8.727622218430e-03 8.014386519790e-03 7.493217475712e-03 7.148804608732e-03 7.059935480356e-03 6.729860324413e-03 5.584686063230e-03 4.550305660814e-03 4.037016537040e-03 3.665040479973e-03 3.392034210265e-03 3.121542278677e-03 2.798561006784e-03 2.465214347467e-03 2.134661655873e-03 1.827558386140e-03 1.704639289528e-03 1.849735621363e-03
4.369552712888e-03 5.008289124817e-03 7.109209429473e-03 1.032068766654e-02 1.136482972652e-02 1.073554717004e-02 1.090517453849e-02 5.686954129487e-03 7.273083087057e-03 7.141006644815e-03 1.755089685321e-02 2.640084549785e-02 2.554662339389e-02 1.796052046120e-02 1.122868806124e-02 8.237468078732e-03 1.117144525051e-02 9.863994084299e-03 7.380906492472e-03 6.403316278011e-03 7.274179719388e-03 8.841143921018e-03 1.186897698790e-02 1.372930128127e-02 1.095219887793e-02 8.842486888170e-03 8.012849837542e-03 7.394399493933e-03 7.284355349839e-03 7.435058243573e-03 7.384156808257e-03 6.260919850320e-03 4.628162831068e-03 3.884751582518e-03 3.520247759297e-03 3.271965775639e-03 3.000969998538e-03 2.670152345672e-03 2.316213911399e-03 2.054296433926e-03 1.678923028521e-03 1.943776034750e-03 1.816066214815e-03
4.711458459496e-03 5.594563204795e-03 7.941730320454e-03 1.147367339581e-02 1.242650672793e-02 1.124840416014e-02 1.130593754351e-02 6.208105478436e-03 7.829180918634e-03 7.811055984348e-03 1.428691763431e-02 2.602328918874e-02 2.436350472271e-02 1.571893319488e-02 1.077418774366e-02 8.149885572493e-03 1.212636847049e-02 1.061819680035e-02 7.408007979393e-03 6.799780298024e-03 7.173574529588e-03 9.297659620643e-03 1.252553984523e-02 1.354659907520e-02 1.017244812101e-02 9.297671727836e-03 7.578791584820e-03 7.401488721371e-03 7.191332057118e-03 7.410995662212e-03 7.697220891714e-03 6.819433998317e-03 5.143557675183e-03 3.997456748039e-03 3.554468043149e-03 3.271469613537e-03 2.782383468002e-03 2.556851832196e-03 2.368747023866e-03 1.996767241508e-03 1.868324703537e-03 2.047279383987e-03 1.681796624325e-03
4.913528915495e-03 6.008687894791e-03 8.587007410824e-03 1.233738847077e-02 1.332220155746e-02 1.335205603391e-02 1.184420567006e-02 6.700924597681e-03 8.300835266709e-03 9.355152025819e-03 1.070292945951e-02 2.393009141088e-02 2.191131934524e-02 1.346537005156e-02 1.063454244286e-02 8.343211375177e-03 1.323801930994e-02 1.112810149789e-02 7.377721834928e-03 7.247039582580e-03 7.232141215354e-03 9.990856982768e-03 1.341925188899e-02 1.312214881182e-02 1.145503204316e-02 9.629370644689e-03 7.546878419816e-03 7.030507549644e-03 6.769402883947e-03 7.048868574202e-03 7.638533599675e-03 7.255945354700e-03 5.526393186301e-03 4.083873704076e-03 3.742874134332e-03 3.339277114719e-03 2.893552416936e-03 2.624181332067e-03 2.326898509637e-03 1.872923690826e-03 2.147842897102e-03 2.010649535805e-03 1.495079020970e-03
5.231233313680e-03 6.478836759925e-03 9.414757601917e-03 1.297289878130e-02 1.402793452144e-02 1.555885374546e-02 1.253857370466e-02 7.539533544332e-03 9.185636416078e-03 1.066335756332e-02 1.009765639901e-02 1.968260109425e-02 1.861193403602e-02 1.312596350908e-02 1.043062563986e-02 8.612980134785e-03 1.418266538531e-02 1.125211920589e-02 7.436797954142e-03 7.516792509705e-03 7.704331073910e-03 1.076008193195e-02 1.405126601458e-02 1.211929041892e-02 1.284514367580e-02 9.875155985355e-03 7.157103624195e-03 6.588438525796e-03 6.433458067477e-03 6.852745078504e-03 7.674860768020e-03 7.645023521036e-03 5.986921023577e-03 4.093091003597e-03 3.872549161315e-03 3.363464493304e-03 2.931015333161e-03 2.594165969640e-03 2.209690399468e-03 2.030371222645e-03 2.260338049382e-03 1.860244083218e-03 1.288617379032e-03
5.704797804356e-03 7.038981188089e-03 1.013042498380e-02 1.343677099794e-02 1.464776508510e-02 1.766478456557e-02 1.330759096891e-02 8.292765356600e-03 9.877567179501e-03 1.140075176954e-02 9.264738298953e-03 1.484129577875e-02 1.613696664572e-02 1.281957700849e-02 1.012544985861e-02 8.921133354306e-03 1.508781965822e-02 1.153204962611e-02 7.576581090689e-03 7.677927147597e-03 8.318457752466e-03 1.158930268139e-02 1.423828024417e-02 1.075409073383e-02 1.382808107883e-02 9.784708730876e-03 6.621661596000e-03 6.122237071395e-03 6.161219906062e-03 6.854735780507e-03 7.911568507552e-03 8.038023486733e-03 6.387499161065e-03 4.284002352506e-03 3.947247751057e-03 3.340431954712e-03 2.885018009692e-03 2.529348479584e-03 2.083832630888e-03 2.351032570004e-03 2.211679704487e-03 1.655881525949e-03 1.418893807568e-03
6.071691866964e-03 7.426355499774e-03 1.050509326160e-02 1.408767048270e-02 1.561792753637e-02 1.961884088814e-02 1.407367549837e-02 8.994331583381e-03 1.016165502369e-02 1.151664368808e-02 1.013779174536e-02 1.399590168148e-02 1.592205278575e-02 1.258861273527e-02 9.910509921610e-03 9.260085411370e-03 1.624042913318e-02 1.212717033923e-02 7.819494232535e-03 7.582921069115e-03 9.412518702447e-03 1.263148989528e-02 1.408736966550e-02 1.087139919400e-02 1.441666577011e-02 9.411153383553e-03 6.244692951441e-03 6.842418573797e-03 6.441402249038e-03 7.235938217491e-03 8.317849598825e-03 8.386530913413e-03 6.724158767611e-03 4.510006867349e-03 3.963452763855e-03 3.257397329435e-03 2.836260711774e-03 2.452759770676e-03 2.311886288226e-03 2.474247245118e-03 2.043917309493e-03 1.470581046306e-03 1.469281385653e-03
6.289711687714e-03 7.694916799664e-03 1.060532033443e-02 1.497770287097e-02 1.680528931320e-02 2.115225978196e-02 1.497030071914e-02 9.915483184159e-03 1.065602432936e-02 1.111633237451e-02 1.051102858037e-02 1.334933470935e-02 1.547008566558e-02 1.207902561873e-02 9.750356897712e-03 9.962939657271e-03 1.707609742880e-02 1.274027954787e-02 8.014592342079e-03 8.527575060725e-03 1.086011342704e-02 1.444876194000e-02 1.332590542734e-02 1.255643088371e-02 1.467383932322e-02 8.940930478275e-03 6.815914995968e-03 7.658984977752e-03 6.452171597630e-03 7.345160003752e-03 8.494137786329e-03 8.414772339165e-03 6.619867868721e-03 4.274514503777e-03 3.893553977832e-03 3.173862816766e-03 2.835502848029e-03 2.314942656085e-03 2.636217046529e-03 2.437750110403e-03 2.016338985413e-03 1.465399516746e-03 1.446578069590e-03
6.453827489167e-03 7.918846793473e-03 1.093084644526e-02 1.571156084538e-02 1.788258738816e-02 2.238296903670e-02 1.604861952364e-02 1.078492682427e-02 1.129980385303e-02 1.013735681772e-02 1.008038874716e-02 1.302126329392e-02 1.472771819681e-02 1.175050623715e-02 9.658363647759e-03 1.115287840366e-02 1.746617816389e-02 1.319744903594e-02 8.110741153359e-03 1.064536813647e-02 1.270223315805e-02 1.601753942668e-02 1.257399190217e-02 1.407217979431e-02 1.435801666230e-02 8.117575198412e-03 7.545375730842e-03 8.296996355057e-03 6.272066384554e-03 6.944860331714e-03 7.978084497154e-03 7.868795655668e-03 6.021854933351e-03 4.050914198160e-03 3.960963338614e-03 3.198498627171e-03 2.756184199825e-03 2.783783245832e-03 2.739678602666e-03 2.262959489599e-03 2.048687776551e-03 1.485171145760e-03 1.443404005840e-03
6.687895394862e-03 8.056674152613e-03 1.116172596812e-02 1.628692448139e-02 1.878822036088e-02 2.315912768245e-02 1.713629066944e-02 1.164211425930e-02 1.162408664823e-02 9.227650240064e-03 1.012535113841e-02 1.249598432332e-02 1.409019902349e-02 1.295151934028e-02 1.067628245801e-02 1.234334614128e-02 1.818362995982e-02 1.352279726416e-02 8.178398944438e-03 1.326079573482e-02 1.481480058283e-02 1.706486381590e-02 1.379686407745e-02 1.486723218113e-02 1.353598292917e-02 7.126607932150e-03 8.279133588076e-03 8.972814306617e-03 6.730433553457e-03 6.240331567824e-03 7.156869862229e-03 7.079471368343e-03 5.308040883392e-03 3.934526816010e-03 4.312333650887e-03 3.220179816708e-03 2.994637470692e-03 3.094265935943e-03 2.653869800270e-03 2.389077562839e-03 2.068495610729e-03 1.485939603299e-03 1.447073998861e-03
6.895733997226e-03 8.232553489506e-03 1.139406207949e-02 1.682404801250e-02 1.980931870639e-02 2.383543550968e-02 1.819465868175e-02 1.253455597907e-02 1.203763391823e-02 9.383694268763e-03 1.072530634701e-02 1.184791326523e-02 1.391281839460e-02 1.428461540490e-02 1.167748123407e-02 1.381595339626e-02 1.896940171719e-02 1.369702816010e-02 8.470484055579e-03 1.626206561923e-02 1.702348142862e-02 1.791459321976e-02 1.634752377868e-02 1.501353085041e-02 1.216093357652e-02 7.144592702389e-03 8.784572593868e-03 9.327807463706e-03 6.986398715526e-03 5.636014044285e-03 6.434174254537e-03 6.322776433080e-03 4.553899168968e-03 3.943184856325e-03 4.393924959004e-03 3.132318612188e-03 3.601476084441e-03 3.159810323268e-03 2.406060928479e-03 2.492313040420e-03 2.100740559399e-03 1.678291009739e-03 1.593299093656e-03
7.133978419006e-03 8.412889204919e-03 1.157808117568e-02 1.726266555488e-02 2.087509259582e-02 2.456657774746e-02 1.929635927081e-02 1.388412341475e-02 1.254843361676e-02 9.272017516196e-03 1.112799439579e-02 1.250181440264e-02 1.387886703014e-02 1.526537351310e-02 1.255750656128e-02 1.560742221773e-02 1.996867917478e-02 1.385152712464e-02 1.010774541646e-02 1.936008222401e-02 1.940597034991e-02 1.741292700171e-02 1.892733015120e-02 1.457547489554e-02 1.050290279090e-02 7.929634302855e-03 9.152054786682e-03 9.618135169148e-03 6.969506852329e-03 5.990442819893e-03 5.531680304557e-03 5.601736716926e-03 4.324579611421e-03 4.085226450115e-03 4.512148909271e-03 4.110372159630e-03 3.920377232134e-03 2.979276701808e-03 2.444921759889e-03 2.590938471258e-03 2.126603387296e-03 1.851645996794e-03 1.822705497034e-03
7.333303801715e-03 8.548249490559e-03 1.166456378996e-02 1.771364547312e-02 2.197770588100e-02 2.496028319001e-02 2.045004628599e-02 1.513545680791e-02 1.272938679904e-02 8.938566781580e-03 1.144526340067e-02 1.317098364234e-02 1.423161011189e-02 1.600576937199e-02 1.328354887664e-02 1.734923943877e-02 2.212344855070e-02 1.458355225623e-02 1.267069298774e-02 2.226241119206e-02 2.125201188028e-02 1.606808975339e-02 2.092324756086e-02 1.352190412581e-02 8.670957759023e-03 9.907531552017e-03 1.071596983820e-02 9.425132535398e-03 6.654744967818e-03 6.015828810632e-03 5.332866217941e-03 4.877008032054e-03 4.491496831179e-03 4.068533889949e-03 4.733557347208e-03 5.017316434532e-03 3.948742523789e-03 2.644250169396e-03 2.442307071760e-03 2.669706009328e-03 2.131426474079e-03 2.018708270043e-03 1.950221019797e-03
9.553778916597e-03 8.674824610353e-03 1.180598326027e-02 1.813194900751e-02 2.308910712600e-02 2.510143071413e-02 2.145315706730e-02 1.602660864592e-02 1.283023133874e-02 9.601808153093e-03 1.236021518707e-02 1.382055785507e-02 1.497046928853e-02 1.630425639451e-02 1.403971109539e-02 1.942649483681e-02 2.273873426020e-02 1.390371099114e-02 1.511753071100e-02 2.434586733580e-02 2.198563888669e-02 1.581587642431e-02 2.111761085689e-02 1.182658970356e-02 7.528270594776e-03 1.177867129445e-02 1.182438991964e-02 8.709371089935e-03 6.530652754009e-03 5.818533245474e-03 5.458801984787e-03 5.006484221667e-03 4.435111768544e-03 3.799803322181e-03 5.362825933844e-03 5.565247964114e-03 3.657193854451e-03 2.499684924260e-03 2.439178060740e-03 2.723350655288e-03 2.181198913604e-03 2.278138650581e-03 2.083600498736e-03
1.260350272059e-02 8.754655718803e-03 1.194874104112e-02 1.856505312026e-02 2.422396279871e-02 2.497379295528e-02 2.272959612310e-02 1.708012446761e-02 1.300297863781e-02 1.029974874109e-02 1.329453196377e-02 1.451678853482e-02 1.577014848590e-02 1.671898178756e-02 1.468977052718e-02 2.139332331717e-02 2.253507822752e-02 1.382120326161e-02 1.729056797922e-02 2.515390142798e-02 2.124528400600e-02 1.572505570948e-02 2.035805396736e-02 9.652906097472e-03 9.101815521717e-03 1.206676382571e-02 1.110690366477e-02 7.641535252333e-03 6.326728966087e-03 6.007259711623e-03 5.543892737478e-03 4.872021265328e-03 4.078411497176e-03 4.196379333735e-03 6.890698336065e-03 5.614325869828e-03 3.233251860365e-03 2.985510975122e-03 2.433350542560e-03 2.790441969410e-03 2.612532349303e-03 2.417185576633e-03 2.063357271254e-03
1.466480549425e-02 9.404572658241e-03 1.190759334713e-02 1.886517927051e-02 2.524508722126e-02 2.552421949804e-02 2.428276091814e-02 1.808583550155e-02 1.324487850070e-02 1.019193511456e-02 1.361844316125e-02 1.491398923099e-02 1.650212146342e-02 1.740048080683e-02 1.610418967903e-02 2.324291318655e-02 2.488944865763e-02 1.383076235652e-02 1.894721202552e-02 2.466382272542e-02 1.951739005744e-02 1.487012952566e-02 1.891552656889e-02 8.357343263924e-03 1.005171705037e-02 1.096299849451e-02 8.323846384883e-03 6.788362748921e-03 6.461888551712e-03 5.911302752793e-03 5.147829651833e-03 4.233139567077e-03 3.582176519558e-03 4.515196196735e-03 8.104288950562e-03 5.208890885115e-03 3.080320078880e-03 3.559831297025e-03 2.579519059509e-03 2.861329820007e-03 2.809419995174e-03 2.392364200205e-03 2.027126727626e-03
1.521382201463e-02 1.142771914601e-02 1.412810478359e-02 1.915765553713e-02 2.646726928651e-02 2.688268758357e-02 2.601766027510e-02 1.881346292794e-02 1.317371800542e-02 9.884932078421e-03 1.380013581365e-02 1.529141236097e-02 1.717097125947e-02 1.799977384508e-02 1.864526607096e-02 2.485568262637e-02 2.872527018189e-02 1.382311992347e-02 2.013065107167e-02 2.297835983336e-02 1.663256250322e-02 1.403983309865e-02 1.766067184508e-02 9.112060070038e-03 9.510086849332e-03 8.087980560958e-03 7.216201629490e-03 6.847768090665e-03 6.353369448334e-03 5.327429156750e-03 4.295120947063e-03 4.240682348609e-03 5.331725813448e-03 6.324856542051e-03 8.721828460693e-03 4.606405738741e-03 2.975819166750e-03 4.187938291579e-03 3.105718875304e-03 3.127104602754e-03 2.737786388025e-03 2.399851335213e-03 2.101994352415e-03
