VariationalSeries/SI/f19.grd
DSAA
101	101
32.816463539100	34.260883539100
35.556306596100	36.727886596100
3.649501595646e-04	8.865271568298e+00
[rows 76 to 94 of 101, columns 43 to 85 of 101]
3.621539101005e-02 1.718484237790e-02 3.377503529191e-02 7.342603802681e-02 8.354260027409e-02 1.784862130880e-01 1.759423911572e-01 5.024322494864e-02 4.305941238999e-02 1.934236288071e-01 3.736910223961e-01 5.530979037285e-01 3.979062438011e-01 1.393173635006e-01 5.430880934000e-02 4.758569970727e-02 4.252364113927e-02 2.850100211799e-02 2.954448573291e-02 2.809818461537e-02 7.610297948122e-02 1.793135404587e-01 4.626476392150e-02 3.502592444420e-02 3.680486977100e-02 2.490331791341e-02 2.062508091331e-02 4.361251741648e-02 5.159639567137e-02 1.781901158392e-02 1.024921890348e-02 1.401726529002e-02 2.159377746284e-02 2.328960783780e-02 3.329013660550e-02 3.582434356213e-02 3.921566903591e-02 4.408600181341e-02 3.325493261218e-02 1.403170730919e-02 1.274667866528e-02 1.411016006023e-02 1.862663961947e-02
3.767776116729e-02 6.415060907602e-02 6.152184307575e-02 8.412951231003e-02 1.699354946613e-01 1.803806275129e-01 6.975101679564e-02 5.334079265594e-02 5.868644267321e-02 3.634751141071e-01 3.798366487026e-01 2.350243628025e-01 1.570245027542e-01 9.009854495525e-02 6.324046850204e-02 4.380786046386e-02 1.892290636897e-02 2.140214852989e-02 1.971360482275e-02 1.792784035206e-02 1.343734003603e-02 1.253730896860e-02 1.568442955613e-02 2.198802679777e-02 2.590390108526e-02 1.609047874808e-02 1.197416707873e-02 2.637635171413e-02 5.400570854545e-02 3.663083538413e-02 1.198512315750e-02 1.730205304921e-02 2.015820518136e-02 1.888175681233e-02 1.632000133395e-02 2.589273639023e-02 3.062176331878e-02 3.425409644842e-02 3.962147608399e-02 3.533537313342e-02 2.109687961638e-02 1.249204017222e-02 1.635638810694e-02
9.626587480307e-02 1.801597476006e-01 8.589193224907e-02 7.561966031790e-02 7.091437280178e-02 1.943835020065e-01 9.158690273762e-02 9.515222907066e-02 8.730686455965e-02 6.045972183347e-02 7.011365145445e-02 1.139172762632e-01 1.041627526283e-01 5.236783623695e-02 3.951565921307e-02 1.591811515391e-02 1.299690641463e-02 1.393047906458e-02 1.425194647163e-02 1.264227647334e-02 8.378396742046e-03 8.711004629731e-03 9.729521349072e-03 1.750792562962e-02 2.413337305188e-02 1.852698624134e-02 9.663560427725e-03 1.773998700082e-02 4.268589243293e-02 5.304683744907e-02 1.504297461361e-02 1.956830918789e-02 2.110930904746e-02 2.017497457564e-02 1.618222892284e-02 1.182655431330e-02 1.976364292204e-02 2.611368335783e-02 2.955070696771e-02 3.411290049553e-02 3.498135507107e-02 2.778903022408e-02 1.672974415123e-02
1.961001455784e-01 2.483910173178e-01 8.030577003956e-02 6.085664033890e-02 1.892710626125e-01 1.482762247324e-01 5.190239846706e-02 4.447875916958e-02 5.279974639416e-02 1.084845289588e-01 1.976706683636e-01 1.372511088848e-01 6.860978901386e-02 2.087535895407e-02 1.543792057782e-02 1.315231341869e-02 1.155383326113e-02 7.787161972374e-03 8.512595668435e-03 8.091995492578e-03 7.607788313180e-03 7.333484012634e-03 5.547007545829e-03 1.307487674057e-02 2.181443385780e-02 2.030054293573e-02 1.182904094458e-02 1.426031626761e-02 2.900439314544e-02 6.049253419042e-02 2.914951741695e-02 1.807615719736e-02 2.206837199628e-02 2.083194442093e-02 1.711552217603e-02 1.295047719032e-02 1.039117388427e-02 1.445027533919e-02 2.171283774078e-02 2.469430118799e-02 2.768142707646e-02 3.003610484302e-02 2.906077727675e-02
7.768449187279e-02 9.213402867317e-02 1.491517573595e-01 1.563845276833e-01 1.832738965750e-01 1.457981616259e-01 1.361352503300e-01 2.279212623835e-01 3.002260625362e-01 1.264870911837e-01 1.230917051435e-01 1.506497804075e-02 2.342473715544e-02 1.291439402848e-02 8.607226423919e-03 3.102991031483e-03 6.877677049488e-03 3.583467565477e-03 5.158406682312e-03 5.848443135619e-03 5.565634462982e-03 4.955957643688e-03 3.518268000335e-03 9.177590720356e-03 1.906203292310e-02 2.072617597878e-02 1.495535578579e-02 1.271796133369e-02 1.992600969970e-02 5.534501746297e-02 4.455586895347e-02 1.486613228917e-02 2.031283453107e-02 2.062852494419e-02 1.841275952756e-02 1.543699204922e-02 1.368134748191e-02 1.150311715901e-02 1.083747856319e-02 1.665637828410e-02 1.930306106806e-02 2.015934512019e-02 2.266270481050e-02
7.458987832069e-02 1.244586408138e-01 2.860236167908e-01 1.035910993814e-01 1.509412229061e-01 2.470479458570e-01 3.617601394653e-01 4.406107962132e-01 2.243262976408e-01 1.097753345966e-01 2.191344089806e-02 5.875811446458e-03 1.109608914703e-02 8.843733929098e-03 2.099424134940e-03 1.886631711386e-03 4.612831864506e-03 5.529254674911e-03 5.692698527128e-03 4.469845909625e-03 5.687550641596e-03 3.780209226534e-03 2.926127286628e-03 6.443331483752e-03 1.545333489776e-02 1.960501447320e-02 1.628833264112e-02 1.178794540465e-02 1.469077914953e-02 4.287880286574e-02 5.791968479753e-02 2.131840400398e-02 1.616542227566e-02 1.878091506660e-02 1.959375292063e-02 1.920226588845e-02 1.827660761774e-02 1.573774404824e-02 1.224886067212e-02 8.970858529210e-03 1.129090134054e-02 1.320588029921e-02 1.383334025741e-02
9.339200705290e-02 2.873577773571e-01 1.368629336357e-01 2.427430003881e-01 2.985330224037e-01 2.643553316593e-01 1.728274673223e-01 9.787756204605e-02 1.439923048019e-01 6.459521502256e-02 1.431338489056e-02 1.001216191798e-02 8.464354090393e-03 6.100834812969e-03 4.810328129679e-03 2.890321426094e-03 4.222214221954e-03 4.662561696023e-03 4.546705167741e-03 4.622437059879e-03 4.819968715310e-03 4.193734843284e-03 5.368444137275e-03 5.755624733865e-03 1.140076015145e-02 1.705949194729e-02 1.565513946116e-02 1.122090592980e-02 1.155553292483e-02 3.097015619278e-02 6.202261894941e-02 3.369815275073e-02 1.058081258088e-02 1.456296816468e-02 1.925977505744e-02 2.300990559161e-02 2.208937704563e-02 1.863553747535e-02 1.399419177324e-02 9.914183989167e-03 7.135045714676e-03 6.671566981822e-03 8.804941549897e-03
1.109735965729e-01 1.938033550978e-01 1.344071626663e-01 7.779646664858e-02 5.463802069426e-02 6.466715782881e-02 5.560336261988e-02 6.503396481276e-02 7.801317423582e-02 2.061192877591e-02 1.090374309570e-02 8.829394355416e-03 7.433852646500e-03 5.946175660938e-03 4.599903710186e-03 4.467759747058e-03 4.620215855539e-03 4.493260756135e-03 4.205837380141e-03 3.956184256822e-03 4.266426898539e-03 4.634536802769e-03 4.924539010972e-03 5.138411652297e-03 7.942795753479e-03 1.376500260085e-02 1.412822399288e-02 1.093986257911e-02 9.482928551733e-03 2.178457379341e-02 5.424676835537e-02 4.905435070395e-02 1.701728254557e-02 1.078117173165e-02 1.719346456230e-02 2.194604277611e-02 2.066081389785e-02 1.689622178674e-02 1.262039598078e-02 8.881166577339e-03 6.391556002200e-03 5.974480416626e-03 5.709471181035e-03
1.172594428062e-01 1.376901268959e-01 4.532956331968e-02 3.664014488459e-02 3.578918427229e-02 2.800994552672e-02 4.161061719060e-02 6.853915005922e-02 4.280450940132e-02 1.622122339904e-02 1.036599464715e-02 8.123215287924e-03 6.703754886985e-03 5.647478159517e-03 4.304417874664e-03 4.552499391139e-03 4.609319381416e-03 4.383561201394e-03 3.901686286554e-03 3.615398192778e-03 3.922940697521e-03 4.376274533570e-03 4.678904078901e-03 4.668580833822e-03 5.351501516998e-03 1.016194373369e-02 1.231260877103e-02 1.042223535478e-02 8.269574493170e-03 1.467861793935e-02 4.067156091332e-02 5.789275839925e-02 2.592877112329e-02 9.379921481013e-03 1.343582011759e-02 1.434971950948e-02 1.326275896281e-02 1.120905671269e-02 8.839197456837e-03 6.572362501174e-03 5.023861303926e-03 4.277776461095e-03 4.496440291405e-03
1.848197430372e-01 7.928069680929e-02 2.903474122286e-02 2.076354809105e-02 1.880065351725e-02 1.981442980468e-02 2.454078942537e-02 3.097023814917e-02 3.066038526595e-02 1.745398156345e-02 1.177280209959e-02 8.607859723270e-03 6.309530697763e-03 4.839540459216e-03 4.403128288686e-03 4.636096768081e-03 4.620124120265e-03 4.216549452394e-03 3.623274620622e-03 3.484135726467e-03 3.863278310746e-03 4.451303742826e-03 4.658706951886e-03 4.420361015946e-03 4.063943400979e-03 7.228987291455e-03 1.041966956109e-02 9.522911161184e-03 7.804679684341e-03 9.052949026227e-03 2.749739587307e-02 5.420392379165e-02 3.764155879617e-02 1.399611774832e-02 7.857385091484e-03 7.309632841498e-03 6.693145260215e-03 6.238490808755e-03 5.182346329093e-03 3.982992377132e-03 2.774540102109e-03 2.576372120529e-03 3.248182125390e-03
2.166891098022e-01 3.562920540571e-02 1.755045726895e-02 1.490554679185e-02 1.482349820435e-02 1.387419551611e-02 1.614365167916e-02 1.820314861834e-02 2.834438905120e-02 2.239398844540e-02 1.570669561625e-02 8.303150534630e-03 7.172063924372e-03 5.495015531778e-03 4.559985361993e-03 4.785430151969e-03 4.574980121106e-03 4.032341763377e-03 3.880572039634e-03 3.504891414195e-03 4.015259444714e-03 4.503780044615e-03 3.493423340842e-03 4.095453768969e-03 4.546779207885e-03 5.210903007537e-03 8.402090519667e-03 8.913937956095e-03 7.039448712021e-03 6.201155018061e-03 1.681728288531e-02 4.294548928738e-02 4.581355676055e-02 1.978798210621e-02 6.682437378913e-03 3.409556346014e-03 3.034158144146e-03 2.848332980648e-03 2.773649990559e-03 3.149734111503e-03 2.035514917225e-03 2.074192045256e-03 6.150867324322e-03
1.098226457834e-01 2.060270309448e-02 1.325843017548e-02 1.237221807241e-02 1.296069659293e-02 1.146452035755e-02 9.720343165100e-03 1.050471607596e-02 2.012228593230e-02 2.628747373819e-02 1.673389784992e-02 1.330610178411e-02 9.880902245641e-03 6.731699220836e-03 5.313709843904e-03 4.909559618682e-03 5.074513610452e-03 4.997116979212e-03 4.796255845577e-03 4.603661131114e-03 4.475540015846e-03 4.491511732340e-03 3.319338429719e-03 4.560396075249e-03 5.098602734506e-03 5.745675880462e-03 6.640071049333e-03 8.275653235614e-03 6.784445140511e-03 5.826309323311e-03 9.360188618302e-03 3.015351295471e-02 4.596878588200e-02 2.680855616927e-02 1.053439918905e-02 3.590664826334e-03 3.393178340048e-03 2.897590398788e-03 3.232800634578e-03 3.001704579219e-03 2.094912575558e-03 4.946473520249e-03 5.782378371805e-03
2.966737933457e-02 1.275004539639e-02 1.073133200407e-02 1.082020718604e-02 1.072596851736e-02 9.123310446739e-03 7.769166957587e-03 7.685623131692e-03 1.259078737348e-02 2.286434732378e-02 2.419590763748e-02 3.050091490149e-02 2.150199934840e-02 9.964667260647e-03 6.414748728275e-03 6.499788258225e-03 6.427090149373e-03 7.011301349849e-03 7.015122100711e-03 6.523200776428e-03 6.091634277254e-03 5.727639887482e-03 5.351610947400e-03 5.346119403839e-03 5.611769855022e-03 6.195893511176e-03 6.849557161331e-03 8.004827424884e-03 6.722300779074e-03 5.733876954764e-03 5.935702938586e-03 1.981524564326e-02 4.050326347351e-02 3.329106047750e-02 1.449945755303e-02 3.461737651378e-03 3.506032750010e-03 3.023226046935e-03 3.546537598595e-03 4.228203557432e-03 1.901472220197e-03 4.425643011928e-03 4.267438780516e-03
1.225740090013e-02 1.034958474338e-02 8.785638026893e-03 8.578496053815e-03 8.314428851008e-03 6.979436613619e-03 6.797295995057e-03 7.587782107294e-03 8.596304804087e-03 1.142897550017e-02 3.005933016539e-02 6.934075057507e-02 4.886279627681e-02 1.780956797302e-02 7.557431235909e-03 8.177048526704e-03 7.729513105005e-03 9.478736668825e-03 8.823033422232e-03 8.389867842197e-03 7.478185463697e-03 6.622679065913e-03 6.027341820300e-03 5.761540960521e-03 5.936999339610e-03 6.386560853571e-03 6.801299285144e-03 7.865959778428e-03 6.365333683789e-03 5.602827295661e-03 4.681674297899e-03 1.269840076566e-02 3.292731940746e-02 3.676762431860e-02 1.910840161145e-02 3.950078040361e-03 3.180254949257e-03 3.075728891417e-03 2.360126003623e-03 3.484737360850e-03 4.310342017561e-03 4.353246185929e-03 4.319658037275e-03
1.076428778470e-02 8.488449268043e-03 6.831439677626e-03 6.197735201567e-03 6.037212908268e-03 4.600171465427e-03 6.111436057836e-03 6.656526122242e-03 7.281653583050e-03 4.180052317679e-03 2.364921756089e-02 5.865866690874e-02 5.278962105513e-02 3.570866957307e-02 1.153889484704e-02 3.830750240013e-03 4.159083124250e-03 8.462887257338e-03 9.744162671268e-03 9.045355953276e-03 7.877823896706e-03 7.056732196361e-03 6.373945157975e-03 5.963881965727e-03 5.940346512944e-03 6.153338123113e-03 6.326885428280e-03 7.481550332159e-03 5.885951686651e-03 5.364916287363e-03 5.200738087296e-03 8.405615575612e-03 2.515667676926e-02 3.565391525626e-02 2.400725707412e-02 5.544962361455e-03 2.739462070167e-03 2.571929711848e-03 2.226993441582e-03 2.261393470690e-03 3.734033787623e-03 3.903012955561e-03 3.962252754718e-03
1.265943422914e-02 6.497474387288e-03 5.893222521991e-03 5.613472312689e-03 5.683503113687e-03 4.159223753959e-03 5.089846905321e-03 5.248251836747e-03 5.407489370555e-03 6.508971564472e-03 1.194789633155e-02 3.302345797420e-02 1.090377271175e-01 8.516123145819e-02 2.020469494164e-02 2.334899501875e-03 4.772343207151e-03 1.018766872585e-02 9.339387528598e-03 8.198179304600e-03 7.264079526067e-03 6.654100958258e-03 6.110155954957e-03 5.723045207560e-03 5.637550726533e-03 5.643357522786e-03 5.577727220953e-03 6.972928997129e-03 5.962337367237e-03 5.016895011067e-03 5.465203430504e-03 5.721771158278e-03 1.826275140047e-02 3.111694939435e-02 2.817968651652e-02 8.664525114000e-03 2.402105834335e-03 2.009998541325e-03 2.116405172274e-03 2.131501212716e-03 3.173828823492e-03 3.550395369530e-03 3.847372252494e-03
1.293176226318e-02 3.193791490048e-03 5.415224935859e-03 5.227176938206e-03 5.477691534907e-03 4.711475223303e-03 3.975649829954e-03 3.802002174780e-03 3.730804193765e-03 4.604804795235e-03 8.862618356943e-03 2.130292728543e-02 5.334123224020e-02 4.933306574821e-02 2.283205091953e-02 1.760070328601e-03 1.206982415169e-02 9.869519621134e-03 8.241168223321e-03 7.083433214575e-03 6.297733634710e-03 5.843447986990e-03 5.528988316655e-03 5.331812892109e-03 5.244816653430e-03 5.078566260636e-03 4.813714418560e-03 6.506498437375e-03 5.992173217237e-03 4.554275888950e-03 5.529630929232e-03 5.471036769450e-03 1.290290802717e-02 2.590848878026e-02 2.995894290507e-02 1.246471982449e-02 2.648756606504e-03 2.475291490555e-03 3.099251771346e-03 2.927214838564e-03 3.144470974803e-03 3.520342754200e-03 4.013502039015e-03
4.521521274000e-03 3.140799235553e-03 2.523385453969e-03 4.191716667265e-03 4.613880999386e-03 4.146756604314e-03 3.632404608652e-03 3.233556402847e-03 3.215553937480e-03 4.215722437948e-03 6.297328043729e-03 1.344185695052e-02 2.517857216299e-02 2.955809794366e-02 2.320457063615e-02 1.579050160944e-02 1.109516806901e-02 8.415015414357e-03 6.919984705746e-03 5.972301587462e-03 2.375492127612e-03 2.867252100259e-03 5.092818755656e-03 5.054131150246e-03 4.888608586043e-03 4.516541492194e-03 4.106951411813e-03 6.266197655350e-03 6.286491174251e-03 4.085063934326e-03 5.301951896399e-03 5.878005642444e-03 9.481896646321e-03 2.212070114911e-02 3.093187883496e-02 1.706434041262e-02 3.019019961357e-03 3.146356903017e-03 2.781632123515e-03 2.598962280899e-03 3.140076994896e-03 3.411174984649e-03 3.946046810597e-03
5.047443322837e-03 3.263408550993e-03 2.240659901872e-03 3.566612489522e-03 4.032217897475e-03 3.996140789241e-03 3.448619041592e-03 2.918441547081e-03 2.713343594223e-03 3.714975202456e-03 5.321897100657e-03 9.621902368963e-03 1.845928654075e-02 2.307798899710e-02 1.946672797203e-02 1.320401765406e-02 9.246279485524e-03 7.400047034025e-03 5.957372020930e-03 5.086064804345e-03 4.752901382744e-03 4.703046754003e-03 4.798928741366e-03 4.752177279443e-03 4.417181480676e-03 3.872028319165e-03 3.420079126954e-03 6.047229282558e-03 6.596290040761e-03 3.486711997539e-03 4.962586797774e-03 5.944351665676e-03 6.883172784001e-03 1.847327314317e-02 3.034633770585e-02 2.167914435267e-02 3.811838803813e-03 3.604215569794e-03 2.455095062032e-03 2.375658135861e-03 2.015595789999e-03 3.407522570342e-03 3.670078702271e-03
