VariationalSeries/SI/f19.grd
DSAA
101	101
32.816463539100	34.260883539100
35.556306596100	36.727886596100
3.649501595646e-04	8.865271568298e+00
[rows 19 to 37 of 101, columns 43 to 85 of 101]
1.392860058695e-02 1.272539887577e-02 1.677593030035e-02 1.962482742965e-02 2.769424580038e-02 2.845855429769e-02 2.786307223141e-02 1.952529512346e-02 1.313813962042e-02 1.022264454514e-02 1.401448249817e-02 1.554135046899e-02 1.786246523261e-02 1.905662752688e-02 2.226513996720e-02 2.668699622154e-02 3.266933560371e-02 1.475646346807e-02 2.042287215590e-02 2.188077569008e-02 1.358486246318e-02 1.286491751671e-02 1.564751006663e-02 8.750014007092e-03 7.893762551248e-03 7.582889869809e-03 7.181004155427e-03 6.811194587499e-03 5.635214969516e-03 4.286338109523e-03 4.310075659305e-03 6.435868795961e-03 7.234735880047e-03 8.427826687694e-03 8.652688935399e-03 4.443037789315e-03 2.935696160421e-03 4.805359058082e-03 3.667754819617e-03 3.046688390896e-03 2.793658990413e-03 2.356292912737e-03 2.439600415528e-03
1.267816126347e-02 1.618038304150e-02 1.756837591529e-02 2.094950899482e-02 2.920256927609e-02 3.039623424411e-02 2.964736521244e-02 2.022163756192e-02 1.325330324471e-02 1.084984000772e-02 1.433377526700e-02 1.630976051092e-02 1.978780701756e-02 2.386425994337e-02 2.607196196914e-02 2.889667637646e-02 3.567722067237e-02 1.582348160446e-02 2.175240963697e-02 1.900182850659e-02 1.268648356199e-02 1.760969683528e-02 2.081192284822e-02 8.692916482687e-03 7.883843034506e-03 7.721379864961e-03 7.201713044196e-03 6.168802734464e-03 4.647418856621e-03 4.062276333570e-03 6.716980133206e-03 8.648071438074e-03 7.628794759512e-03 1.046169456095e-02 7.924822159111e-03 4.403277300298e-03 3.554294118658e-03 5.397398024797e-03 4.160756710917e-03 3.099552122876e-03 2.487169578671e-03 2.335995435715e-03 2.293275902048e-03
1.422885060310e-02 1.653379015625e-02 1.613027043641e-02 2.167397364974e-02 3.052016906440e-02 3.213937208056e-02 3.134883567691e-02 2.072536572814e-02 1.324720680714e-02 1.198733877391e-02 1.400025468320e-02 1.710411533713e-02 1.986982673407e-02 2.730883844197e-02 2.995426207781e-02 3.027693927288e-02 3.745891526341e-02 1.834942027926e-02 2.179698459804e-02 1.667030714452e-02 1.501450315118e-02 2.204041928053e-02 2.288002893329e-02 8.695749565959e-03 7.822470739484e-03 9.641885757446e-03 6.963017396629e-03 5.402145441622e-03 4.339971579611e-03 6.943315267563e-03 9.532035328448e-03 9.072499349713e-03 6.033507641405e-03 1.198470778763e-02 7.501518353820e-03 4.446721635759e-03 3.928843885660e-03 5.974710918963e-03 4.637851845473e-03 2.893477445468e-03 2.392507391050e-03 2.303244313225e-03 2.162944525480e-03
1.580118574202e-02 1.499289553612e-02 1.562624797225e-02 2.219748310745e-02 3.260404244065e-02 3.427519649267e-02 3.331185504794e-02 2.110673859715e-02 1.343798171729e-02 1.322148554027e-02 1.718843728304e-02 1.794798485935e-02 1.910513639450e-02 2.901223674417e-02 3.331512957811e-02 3.049785271287e-02 3.798064589500e-02 2.049534395337e-02 1.967753097415e-02 1.540660765022e-02 2.083473466337e-02 2.209954336286e-02 2.003652788699e-02 9.034000337124e-03 8.805153891444e-03 1.004873216152e-02 6.322855595499e-03 4.539075773209e-03 7.555994205177e-03 1.044441107661e-02 1.006079744548e-02 6.857119034976e-03 6.686898414046e-03 1.257089991122e-02 7.415780331939e-03 4.688031971455e-03 4.165104590356e-03 6.552293896675e-03 5.127061158419e-03 2.873330609873e-03 2.577396109700e-03 2.248621545732e-03 2.110023284331e-03
1.680906303227e-02 1.699050329626e-02 1.661582477391e-02 2.279859408736e-02 3.492670506239e-02 3.660832718015e-02 3.545397147536e-02 2.120627276599e-02 1.528394315392e-02 1.428475789726e-02 2.069719694555e-02 1.876502856612e-02 2.366664446890e-02 3.195631504059e-02 3.589874133468e-02 2.916771732271e-02 3.681054338813e-02 2.195039577782e-02 1.901747472584e-02 2.134754881263e-02 2.642094530165e-02 1.833364926279e-02 1.503103692085e-02 9.626638144255e-03 9.682911448181e-03 9.155498817563e-03 5.788750015199e-03 8.321310393512e-03 1.168329734355e-02 1.114375051111e-02 7.925059646368e-03 5.042308941483e-03 9.762058965862e-03 1.196426339447e-02 7.502428255975e-03 5.174875725061e-03 4.611488897353e-03 7.105526048690e-03 5.520315375179e-03 2.848743926734e-03 2.504301024601e-03 2.098912606016e-03 2.411569468677e-03
1.663064211607e-02 1.939654536545e-02 1.814813353121e-02 2.330997027457e-02 3.728874772787e-02 3.957421705127e-02 3.753960505128e-02 2.138276025653e-02 1.749788224697e-02 1.646626181901e-02 2.446042932570e-02 1.952673867345e-02 2.879092469811e-02 3.659931197762e-02 3.690365701914e-02 2.655596844852e-02 3.417586162686e-02 2.258658036590e-02 1.867730915546e-02 2.874628826976e-02 3.143751621246e-02 1.808295771480e-02 1.133725140244e-02 1.084460876882e-02 9.290298447013e-03 7.942099124193e-03 9.335669688880e-03 1.301322598010e-02 1.215289067477e-02 9.943278506398e-03 7.164266426116e-03 4.972207825631e-03 1.301768887788e-02 1.186589524150e-02 8.001865819097e-03 5.499515216798e-03 6.068790331483e-03 7.676539011300e-03 5.814339965582e-03 3.047548234463e-03 2.210090402514e-03 2.546537667513e-03 3.074783366174e-03
2.260053716600e-02 2.129904739559e-02 1.986366137862e-02 2.347211167216e-02 3.958542644978e-02 4.334699735045e-02 4.008211195469e-02 2.209398522973e-02 1.736983843148e-02 1.943966373801e-02 2.783524617553e-02 2.439679019153e-02 3.526299074292e-02 4.092100635171e-02 3.618417307734e-02 2.748061530292e-02 3.032389841974e-02 2.243212983012e-02 2.087488025427e-02 3.777651861310e-02 3.545727580786e-02 1.970303617418e-02 1.224518939853e-02 1.070735417306e-02 9.921137243509e-03 1.010194607079e-02 1.465492043644e-02 1.345839444548e-02 1.178281940520e-02 9.310891851783e-03 9.459518827498e-03 5.974627565593e-03 1.525961980224e-02 1.248795911670e-02 8.203016594052e-03 5.057744216174e-03 7.283142767847e-03 8.315023966134e-03 6.049055140465e-03 3.453415585682e-03 2.670532558113e-03 3.368156263605e-03 3.751773154363e-03
2.905366197228e-02 2.219694480300e-02 2.225087210536e-02 2.382225915790e-02 4.161781072617e-02 4.792121052742e-02 4.345862939954e-02 2.366066910326e-02 1.885541342199e-02 2.136230655015e-02 3.014857508242e-02 3.169571608305e-02 4.278518632054e-02 4.270735383034e-02 3.298654779792e-02 2.743154019117e-02 2.642127498984e-02 2.442919090390e-02 2.005332335830e-02 4.770698398352e-02 3.749046474695e-02 1.823306083679e-02 1.186600606889e-02 1.165777165443e-02 1.102436520159e-02 1.611234620214e-02 1.524034421891e-02 1.404507085681e-02 1.200294587761e-02 1.342908386141e-02 1.196389086545e-02 1.059825532138e-02 1.505211461335e-02 1.279468741268e-02 7.223464082927e-03 3.940002527088e-03 7.899239659309e-03 9.079257957637e-03 6.212872453034e-03 3.530393587425e-03 3.690951736644e-03 4.249852616340e-03 4.437325522304e-03
3.334122896194e-02 2.163921482861e-02 2.532388083637e-02 2.516796067357e-02 4.472198337317e-02 5.237794294953e-02 4.700877889991e-02 2.553816325963e-02 1.994902826846e-02 2.323309518397e-02 3.237475454807e-02 4.023211821914e-02 4.809688404202e-02 4.125259444118e-02 2.865054458380e-02 3.092598170042e-02 2.770735882223e-02 2.281495183706e-02 1.693592406809e-02 5.683058127761e-02 3.689661622047e-02 1.827304251492e-02 1.054267399013e-02 1.057419832796e-02 1.734938845038e-02 1.738238893449e-02 1.683726347983e-02 1.401522941887e-02 1.492712181062e-02 1.216503232718e-02 1.096899341792e-02 1.443963591009e-02 1.615794748068e-02 1.180760376155e-02 6.272239144892e-03 4.263313952833e-03 7.690940983593e-03 9.929984807968e-03 6.139712408185e-03 4.152197856456e-03 4.801614675671e-03 5.132178775966e-03 5.011727102101e-03
4.524463042617e-02 2.249902300537e-02 2.776017226279e-02 2.587809413671e-02 4.768729582429e-02 5.610049888492e-02 5.124423280358e-02 2.754556573927e-02 2.270680293441e-02 2.997911162674e-02 3.476184979081e-02 4.922338575125e-02 5.039890855551e-02 3.795407339931e-02 3.489544242620e-02 3.136556595564e-02 2.932143770158e-02 2.123459614813e-02 2.481350302696e-02 6.259652227163e-02 3.377499803901e-02 1.862938888371e-02 1.222654525191e-02 1.817266270518e-02 1.978314854205e-02 1.994160190225e-02 1.658507250249e-02 1.613151095808e-02 1.396600063890e-02 9.512817487121e-03 1.221197471023e-02 1.633127406240e-02 1.479446049780e-02 9.799635969102e-03 8.133192546666e-03 7.401243783534e-03 6.979933939874e-03 1.061163935810e-02 5.757866427302e-03 5.297734867781e-03 5.891502834857e-03 5.919434595853e-03 5.396642256528e-03
5.136531963944e-02 3.218748793006e-02 2.966506220400e-02 2.791981026530e-02 4.940431565046e-02 5.955669656396e-02 5.539021268487e-02 2.973244525492e-02 2.801227569580e-02 3.697396442294e-02 4.529164731503e-02 5.766058340669e-02 4.986362531781e-02 3.485325351357e-02 3.503024205565e-02 2.892129682004e-02 4.159733280540e-02 2.146421186626e-02 3.624805063009e-02 6.215604767203e-02 2.973541617393e-02 1.760929264128e-02 1.855891197920e-02 2.166221663356e-02 2.283465489745e-02 1.945092156529e-02 1.615979894996e-02 1.481153815985e-02 1.254153251648e-02 1.267834473401e-02 1.550027914345e-02 1.479056384414e-02 1.256350334734e-02 8.497660979629e-03 6.994757335633e-03 6.981186103076e-03 9.412433952093e-03 1.091413665563e-02 6.639488041401e-03 6.411707960069e-03 6.689181551337e-03 6.315320264548e-03 5.531136412174e-03
5.288483202457e-02 3.521164879203e-02 2.934025973082e-02 3.127354010940e-02 5.070554092526e-02 6.558146327734e-02 5.952638387680e-02 3.204157203436e-02 3.318578377366e-02 4.174974933267e-02 5.715588480234e-02 6.268952041864e-02 4.649408161640e-02 3.782351687551e-02 3.153290599585e-02 3.997550904751e-02 5.154107511044e-02 2.746242284775e-02 4.676499217749e-02 5.421688780189e-02 2.538275718689e-02 1.908072456717e-02 2.348921634257e-02 2.393446862698e-02 2.219115570188e-02 1.614641770720e-02 1.423116587102e-02 1.428077835590e-02 1.355030294508e-02 1.545302569866e-02 1.398674026132e-02 1.106731314212e-02 1.146678533405e-02 6.879711523652e-03 6.893509533256e-03 7.264558225870e-03 1.151192933321e-02 1.021046936512e-02 6.973579991609e-03 7.053987123072e-03 6.886054296046e-03 6.143257953227e-03 5.240055732429e-03
5.235112085938e-02 3.059493936598e-02 3.252483159304e-02 3.600456193089e-02 5.085579678416e-02 7.186721265316e-02 6.588488817215e-02 3.492904081941e-02 3.621628507972e-02 4.798385873437e-02 6.657612323761e-02 6.346951425076e-02 4.072494059801e-02 3.324488177896e-02 2.817155048251e-02 2.851076982915e-02 3.769911825657e-02 2.954724058509e-02 4.832216724753e-02 4.084077849984e-02 2.130671590567e-02 2.533394470811e-02 2.469014190137e-02 2.436097152531e-02 1.604154147208e-02 1.403531059623e-02 1.454280782491e-02 1.464279275388e-02 1.515784300864e-02 1.562345121056e-02 1.176209747791e-02 9.059522300959e-03 1.224173232913e-02 8.833807893097e-03 8.371093310416e-03 8.205685764551e-03 1.317085511982e-02 8.491184562445e-03 7.025095634162e-03 6.962218321860e-03 6.507104262710e-03 5.620158277452e-03 4.709470551461e-03
6.292262673378e-02 3.747259452939e-02 3.879314288497e-02 3.902360796928e-02 4.888442531228e-02 7.631105929613e-02 7.606100291014e-02 4.017832130194e-02 4.104267060757e-02 5.383352562785e-02 7.273791730404e-02 6.061856448650e-02 4.156731069088e-02 3.870312869549e-02 2.893366664648e-02 2.916810289025e-02 2.416730299592e-02 3.584736958146e-02 3.747639432549e-02 2.905636094511e-02 2.770148217678e-02 2.522872760892e-02 2.622358873487e-02 1.773340627551e-02 1.505036186427e-02 1.886454038322e-02 1.499857008457e-02 1.811023987830e-02 1.832541264594e-02 1.545083802193e-02 1.117040682584e-02 1.049588155001e-02 1.106612291187e-02 9.292978793383e-03 8.819398470223e-03 1.300929393619e-02 1.247564796358e-02 7.044789381325e-03 6.668578833342e-03 6.377326790243e-03 5.842195823789e-03 5.430341698229e-03 5.439148284495e-03
7.088799774647e-02 7.373732328415e-02 4.119876027107e-02 3.944180905819e-02 4.598226770759e-02 7.917642593384e-02 8.670602738857e-02 4.696756228805e-02 5.017406120896e-02 6.028030812740e-02 7.573784887791e-02 5.235762149096e-02 3.975725546479e-02 3.959040343761e-02 3.767615184188e-02 2.388251759112e-02 2.977265417576e-02 3.296171128750e-02 3.118150308728e-02 3.055147081614e-02 2.652707509696e-02 2.784200198948e-02 1.779698580503e-02 1.537597738206e-02 2.261294424534e-02 1.812945120037e-02 1.683408953249e-02 2.069149352610e-02 2.151600271463e-02 1.775710098445e-02 1.309804152697e-02 1.145396847278e-02 9.378903545439e-03 8.134082891047e-03 1.219225116074e-02 1.373480912298e-02 9.788932278752e-03 7.134932558984e-03 7.156850304455e-03 7.089199032634e-03 7.012941408902e-03 7.000776007771e-03 6.954917684197e-03
5.648631975055e-02 1.021774783731e-01 7.454147934914e-02 3.857764974236e-02 4.259048774838e-02 8.153752982616e-02 9.467301517725e-02 5.295593291521e-02 5.586370825768e-02 6.608460098505e-02 7.368619740009e-02 4.976844415069e-02 4.805568605661e-02 3.514036536217e-02 4.230849072337e-02 3.595449030399e-02 5.445763468742e-02 3.392091393471e-02 3.492909297347e-02 2.973283641040e-02 2.969850599766e-02 1.924338005483e-02 1.839813031256e-02 2.515348233283e-02 2.216915227473e-02 1.832275465131e-02 1.806848309934e-02 1.855185255408e-02 1.921736635268e-02 1.971604488790e-02 1.567403413355e-02 1.166939176619e-02 9.009717032313e-03 1.331485901028e-02 1.420758757740e-02 1.042065396905e-02 8.817871101201e-03 8.779336698353e-03 8.663441985846e-03 8.406571112573e-03 8.204148150980e-03 7.995726540685e-03 7.753819692880e-03
8.918791264296e-02 5.892508849502e-02 1.224278062582e-01 5.689953640103e-02 4.817248135805e-02 8.472716808319e-02 9.955583512783e-02 5.843967944384e-02 7.212159037590e-02 6.947555392981e-02 6.128776445985e-02 5.263112112880e-02 4.777976498008e-02 5.075518414378e-02 3.423377126455e-02 2.993371710181e-02 7.716263085604e-02 4.399689286947e-02 3.309237957001e-02 4.196326062083e-02 2.486630342901e-02 2.157451212406e-02 2.736983262002e-02 2.512288279831e-02 2.153907530010e-02 2.061103843153e-02 2.082407101989e-02 1.740765944123e-02 2.108065597713e-02 2.254745364189e-02 1.863039843738e-02 1.208237372339e-02 1.512110419571e-02 1.377828698605e-02 1.085046585649e-02 1.046230643988e-02 1.020056474954e-02 9.777281433344e-03 9.335899725556e-03 8.826054632664e-03 8.350138552487e-03 7.936748676002e-03 7.504704408348e-03
1.183141246438e-01 1.432056277990e-01 7.757937163115e-02 1.236864328384e-01 5.423351749778e-02 9.171006083488e-02 1.011615097523e-01 7.764739543200e-02 9.777288883924e-02 6.932371109724e-02 7.324853539467e-02 6.172706186771e-02 4.912846907973e-02 5.607957765460e-02 4.293206334114e-02 3.809867054224e-02 8.764458447695e-02 4.641525819898e-02 5.081386864185e-02 3.477354347706e-02 2.974421158433e-02 3.203397244215e-02 2.881545014679e-02 2.583948150277e-02 2.248527482152e-02 2.114854753017e-02 2.484145201743e-02 1.965666562319e-02 2.519501931965e-02 2.512976527214e-02 2.009569853544e-02 1.571617089212e-02 1.299613062292e-02 1.224485412240e-02 1.155740860850e-02 1.093117706478e-02 1.023096032441e-02 9.473997168243e-03 8.772086352110e-03 8.010341785848e-03 7.389700971544e-03 6.930044852197e-03 6.655320059508e-03
1.384742558002e-01 1.506576240063e-01 1.544425785542e-01 1.077202036977e-01 9.784834831953e-02 9.479974210262e-02 1.020717695355e-01 8.966156095266e-02 8.069666475058e-02 8.481731265783e-02 8.870366215706e-02 6.269950419664e-02 7.023384422064e-02 4.787399247289e-02 5.443532764912e-02 5.289612710476e-02 6.613853573799e-02 4.933316633105e-02 4.712017253041e-02 3.724957257509e-02 3.888113051653e-02 4.084264114499e-02 4.050969704986e-02 3.303097188473e-02 2.538234740496e-02 2.330951206386e-02 2.189540676773e-02 2.582659944892e-02 2.730312198400e-02 2.276164107025e-02 1.595502533019e-02 1.392363477498e-02 1.273811422288e-02 1.163605228066e-02 1.132969837636e-02 1.203817408532e-02 1.219558995217e-02 1.175176631659e-02 1.079513691366e-02 9.573676623404e-03 9.866644628346e-03 9.872979484499e-03 9.477891027927e-03
