VariationalSeries/SI/f19.grd
DSAA
101	101
32.816463539100	34.260883539100
35.556306596100	36.727886596100
3.649501595646e-04	8.865271568298e+00
[rows 38 to 56 of 101, columns 0 to 42 of 101]
1.006411481649e-02 1.915492862463e-02 2.315478399396e-02 2.588473632932e-02 2.857472747564e-02 3.082986362278e-02 3.230121731758e-02 3.262953460217e-02 3.159837424755e-02 2.893232554197e-02 2.780537120998e-02 2.960550785065e-02 3.037633001804e-02 3.658237680793e-02 4.522144794464e-02 5.764059722424e-02 7.593202590942e-02 8.940160274506e-02 6.854681670666e-02 6.386324018240e-02 7.642603665590e-02 7.805629074574e-02 5.973416939378e-02 3.985290229321e-02 5.857526510954e-02 5.318584293127e-02 5.468576774001e-02 4.148694872856e-02 3.879886120558e-02 3.865119069815e-02 4.062835872173e-02 4.658326506615e-02 5.053072795272e-02 5.440663173795e-02 5.071338266134e-02 4.260438308120e-02 5.822874233127e-02 5.553489923477e-02 5.754814669490e-02 7.396518439054e-02 7.867200672626e-02 1.196392476559e-01 1.682477891445e-01
1.085601747036e-02 2.003519795835e-02 2.168311178684e-02 2.178203128278e-02 2.283118665218e-02 2.544533833861e-02 2.855230495334e-02 3.149069100618e-02 3.384108096361e-02 3.518863394856e-02 3.528102487326e-02 3.369169682264e-02 3.037516027689e-02 2.846470661461e-02 3.080599755049e-02 3.283797204494e-02 4.227817431092e-02 5.385562032461e-02 5.544090643525e-02 6.272464990616e-02 6.534551829100e-02 6.442311406136e-02 6.296741217375e-02 6.009911373258e-02 6.179774552584e-02 3.845894336700e-02 4.544392973185e-02 6.562013179064e-02 9.010000526905e-02 9.237219393253e-02 7.036799192429e-02 4.067318513989e-02 4.272818192840e-02 5.245490744710e-02 7.603811472654e-02 6.476162374020e-02 4.878863692284e-02 6.408331543207e-02 5.642170459032e-02 6.409189105034e-02 9.528240561485e-02 1.115755885839e-01 1.334240138531e-01
1.126762479544e-02 2.090715989470e-02 2.291447669268e-02 2.296918444335e-02 2.306283451617e-02 2.306337840855e-02 2.292270213366e-02 2.222692221403e-02 2.497912012041e-02 2.865276299417e-02 3.239627555013e-02 3.531016781926e-02 3.709521889687e-02 3.739252313972e-02 3.551455214620e-02 3.250542283058e-02 3.492818027735e-02 3.738863393664e-02 4.102548584342e-02 7.318603247404e-02 8.746429532766e-02 7.913827896118e-02 5.882672220469e-02 5.842801555991e-02 6.200323626399e-02 4.186730831861e-02 3.334046900272e-02 2.889676205814e-02 3.734114393592e-02 6.034868210554e-02 7.353138923645e-02 9.738864749670e-02 1.131148114800e-01 9.607764333487e-02 5.895823612809e-02 1.004912331700e-01 1.190900504589e-01 6.711213290691e-02 7.497964799404e-02 6.915830075741e-02 7.109380513430e-02 1.183944121003e-01 1.435989290476e-01
1.076210010797e-02 2.008826471865e-02 2.232397720218e-02 2.271685004234e-02 2.290505357087e-02 2.297792211175e-02 2.327754348516e-02 2.357440814376e-02 2.352831140161e-02 2.294370159507e-02 2.204258739948e-02 2.274069748819e-02 2.659863233566e-02 3.067560866475e-02 3.445665910840e-02 3.714885190129e-02 3.790745884180e-02 4.031628742814e-02 4.887130483985e-02 7.777496427298e-02 1.243305653334e-01 1.690903753042e-01 1.551425457001e-01 1.214781999588e-01 8.304318785667e-02 6.378130614758e-02 6.847024708986e-02 6.659343093634e-02 5.855415388942e-02 6.029229983687e-02 6.738554686308e-02 8.402075618505e-02 8.291488140821e-02 9.753578901291e-02 7.229159027338e-02 1.074120625854e-01 1.198503151536e-01 1.332016736269e-01 1.052488088608e-01 9.158772230148e-02 7.190617918968e-02 1.096032112837e-01 1.838268339634e-01
9.915305301547e-03 1.755736209452e-02 1.997138373554e-02 2.087836898863e-02 2.321983128786e-02 2.715176902711e-02 2.784375473857e-02 2.478370815516e-02 2.275108173490e-02 2.306245453656e-02 2.323282882571e-02 2.307786047459e-02 2.283208817244e-02 2.348544448614e-02 2.496393769979e-02 2.673723362386e-02 3.163677453995e-02 3.655721992254e-02 3.963082283735e-02 4.913560673594e-02 8.276108652353e-02 1.394375711679e-01 1.784552633762e-01 1.857529133558e-01 1.545602679253e-01 9.397844225168e-02 4.932519793510e-02 5.756923928857e-02 7.146205753088e-02 7.992935925722e-02 8.527284115553e-02 7.963126897812e-02 7.443610578775e-02 1.065194085240e-01 9.839969128370e-02 1.256518363953e-01 9.516017138958e-02 1.238051876426e-01 1.200057864189e-01 1.656956076622e-01 1.721527725458e-01 1.373141407967e-01 1.460919231176e-01
1.185498107225e-02 2.456475608051e-02 2.643858827651e-02 2.760002762079e-02 2.734088338912e-02 2.549221739173e-02 2.369610592723e-02 2.857117727399e-02 3.010485880077e-02 2.611788548529e-02 2.233419753611e-02 2.250060439110e-02 2.280650660396e-02 2.360850013793e-02 2.429727278650e-02 2.298621460795e-02 2.280829846859e-02 4.230104386806e-02 4.889516904950e-02 3.520501032472e-02 3.941056877375e-02 4.052773490548e-02 5.854173749685e-02 7.506106793880e-02 7.615921646357e-02 6.498621404171e-02 4.764379933476e-02 3.451507166028e-02 3.870307281613e-02 4.077418521047e-02 4.177629947662e-02 5.613812431693e-02 7.296621799469e-02 9.896602481604e-02 1.276654005051e-01 9.896768629551e-02 9.861998260021e-02 1.091141104698e-01 1.273032575846e-01 1.636446565390e-01 1.728749573231e-01 1.752429902554e-01 2.169434428215e-01
2.144885249436e-02 1.240181326866e-01 6.599332392216e-02 1.686787009239e-01 4.340315982699e-02 3.183247894049e-02 2.465735189617e-02 3.225322440267e-02 3.611641004682e-02 2.994519099593e-02 2.078033238649e-02 2.158669754863e-02 2.236151881516e-02 2.302435413003e-02 2.350434102118e-02 2.400223165751e-02 2.869250439107e-02 2.706504240632e-02 6.544697284698e-02 4.873715341091e-02 2.944661676884e-02 3.712348639965e-02 3.809801116586e-02 3.705602884293e-02 4.029800742865e-02 3.564330190420e-02 3.873490542173e-02 4.368412494659e-02 5.333774536848e-02 5.991021543741e-02 5.758064985275e-02 5.824089050293e-02 7.032195478678e-02 8.698012679815e-02 1.008020341396e-01 1.557954400778e-01 1.700496524572e-01 1.224594563246e-01 1.568309813738e-01 1.817445605993e-01 1.911589205265e-01 2.094698697329e-01 1.948623806238e-01
5.384151265025e-02 3.173954412341e-02 3.446979448199e-02 3.652103990316e-02 3.811880573630e-02 3.934485837817e-02 4.076567664742e-02 4.094813764095e-02 3.830737248063e-02 3.363494947553e-02 3.327099606395e-02 2.818315848708e-02 2.678041532636e-02 2.387946844101e-02 2.265371195972e-02 2.362880110741e-02 2.440522797406e-02 3.246995434165e-02 2.625806629658e-01 3.284977972507e-01 4.453990980983e-02 4.684571176767e-02 4.452488198876e-02 4.527515918016e-02 4.684698581696e-02 5.183666199446e-02 6.037351489067e-02 6.352527439594e-02 6.585818529129e-02 7.210982590914e-02 7.425583153963e-02 7.927151769400e-02 8.609434217215e-02 7.436673343182e-02 7.549008727074e-02 1.301245987415e-01 1.243731155992e-01 1.810727864504e-01 2.000583261251e-01 1.960809677839e-01 1.945367306471e-01 3.192189931870e-01 2.514854669571e-01
1.736184656620e-01 4.135045707226e-01 3.832222521305e-02 4.937884584069e-02 5.489374697208e-02 5.432970821857e-02 4.868511855602e-02 4.267128556967e-02 3.842487931252e-02 3.565187752247e-02 4.053145647049e-02 3.864708542824e-02 2.923226729035e-02 1.948931440711e-02 1.926993019879e-02 5.951494351029e-02 1.002655774355e-01 1.043140590191e-01 2.214839458466e-01 2.730111181736e-01 7.083057612181e-02 7.764834165573e-02 6.783580780029e-02 4.640150815248e-02 5.343116074800e-02 7.158058136702e-02 6.513448059559e-02 6.723994761705e-02 7.298123091459e-02 7.471328228712e-02 1.268387138844e-01 1.522460877895e-01 1.298133581877e-01 1.343152225018e-01 1.163789033890e-01 1.011570617557e-01 1.187980473042e-01 1.090785712004e-01 1.337329447269e-01 1.805974692106e-01 2.231564223766e-01 1.975080072880e-01 1.994287073612e-01
6.633037328720e-02 1.148872897029e-01 1.615264639258e-02 1.450462080538e-02 1.390507817268e-02 6.094881519675e-02 1.510786712170e-01 1.478956788778e-01 7.591573148966e-02 2.111299708486e-02 1.753648743033e-02 1.975024305284e-02 1.963151432574e-02 1.745185628533e-02 9.090670943260e-02 1.112127229571e-01 5.289410054684e-02 6.349180638790e-02 7.469251006842e-02 9.730022400618e-02 1.958133876324e-01 7.536438107491e-02 9.390800446272e-02 9.033074229956e-02 8.209342509508e-02 7.756416499615e-02 7.794605195522e-02 1.137306988239e-01 1.239274963737e-01 2.300678789616e-01 4.343855381012e-01 2.789967060089e-01 2.113175243139e-01 1.522173434496e-01 2.435836791992e-01 1.721564233303e-01 1.452983915806e-01 1.709089726210e-01 2.209383696318e-01 2.682575583458e-01 2.902045547962e-01 2.817110121250e-01 3.007608950138e-01
4.257665947080e-02 7.188081741333e-02 1.354982517660e-02 1.282372605056e-02 2.580698393285e-02 1.127591654658e-01 2.617509961128e-01 2.570540010929e-01 1.144921183586e-01 1.123977545649e-02 1.043338235468e-02 1.343189645559e-02 1.319395843893e-02 1.315120048821e-02 1.299413442612e-01 1.189165338874e-01 7.316232472658e-02 5.157935246825e-02 4.932775720954e-02 2.156340889633e-02 8.898092061281e-02 6.856971979141e-01 7.117149233818e-02 6.864707916975e-02 1.619499474764e-01 9.727253764868e-02 6.371396034956e-02 6.506855040789e-02 6.156063452363e-02 1.022005975246e-01 1.027749180794e-01 1.467573642731e-01 8.461436629295e-02 1.212859526277e-01 2.420750409365e-01 3.599151372910e-01 1.788696199656e-01 1.648295074701e-01 1.514137834311e-01 1.568569839001e-01 1.547940224409e-01 3.144946098328e-01 4.412507414818e-01
2.587679028511e-02 3.943287953734e-02 1.080200262368e-02 1.083106826991e-02 9.892941452563e-03 6.307541579008e-02 1.513830870390e-01 1.171397417784e-01 8.237661421299e-02 1.632085442543e-02 6.263074930757e-03 3.484610468149e-02 4.759194329381e-02 4.069709777832e-02 3.378140553832e-02 3.345621749759e-02 4.117809608579e-02 3.763094544411e-02 4.205214977264e-02 3.961730003357e-02 8.261045813560e-02 1.118044704199e-01 7.020531594753e-02 7.371263206005e-02 1.664123833179e-01 1.575853228569e-01 3.773080706596e-01 4.084377586842e-01 1.152539253235e-01 3.551002740860e-01 1.025849699974e+00 1.496664285660e+00 8.863663673401e-01 1.754733473063e-01 2.439332455397e-01 3.116098940372e-01 2.190728783607e-01 1.047008559108e-01 1.149881929159e-01 1.003706231713e-01 1.949303001165e-01 2.694119811058e-01 2.374896705151e-01
1.689509488642e-02 5.420257896185e-02 3.689763322473e-02 1.951249130070e-02 1.291123311967e-02 6.713140755892e-03 3.153515979648e-02 3.243105113506e-02 2.817168273032e-02 2.308332361281e-02 1.119129918516e-02 1.786558516324e-02 1.970277354121e-02 2.460942044854e-02 2.926010638475e-02 2.535487711430e-02 2.657961472869e-02 3.161657974124e-02 3.443878144026e-02 2.215832844377e-02 4.358099773526e-02 9.207906574011e-02 1.427726149559e-01 1.720119416714e-01 3.791610300541e-01 4.408925473690e-01 3.971637487411e-01 3.346133828163e-01 2.007937282324e-01 1.139518544078e-01 6.521993875504e-02 6.459444016218e-02 8.325514197350e-02 1.460817605257e-01 4.171818196774e-01 2.554845333099e+00 9.196916818619e-01 1.244994521141e+00 6.172096133232e-01 4.224864244461e-01 5.164751410484e-01 4.418223500252e-01 5.641244649887e-01
1.748402602971e-02 3.467818349600e-02 3.758756443858e-02 1.830841042101e-02 1.069116778672e-02 4.966694861650e-03 1.650077104568e-02 1.970604993403e-02 2.152182161808e-02 2.123758010566e-02 1.851157285273e-02 1.417954638600e-02 1.239068247378e-02 2.400316298008e-02 2.375537157059e-02 3.043397329748e-02 3.457255288959e-02 3.019658103585e-02 2.729770727456e-02 5.824811011553e-02 4.849657788873e-02 4.880098253489e-02 8.602253347635e-02 9.660767763853e-02 1.999583542347e-01 1.485841989517e+00 2.641725838184e-01 4.565276205540e-01 2.033086568117e-01 4.966487735510e-02 3.278825059533e-02 2.876231633127e-02 3.274685889482e-02 5.047700181603e-02 8.035075664520e-02 2.829290330410e-01 1.797295451164e+00 4.967113435268e-01 2.657840549946e-01 6.974262595177e-01 2.055937200785e-01 1.601305007935e-01 2.071823626757e-01
7.246121298522e-03 9.564109146595e-03 1.109865400940e-02 1.148511003703e-02 1.153115369380e-02 1.151239406317e-02 1.199802197516e-02 1.249849330634e-02 1.525440160185e-02 1.726410351694e-02 1.745139434934e-02 1.557724177837e-02 1.230920758098e-02 1.200131792575e-02 2.448814362288e-02 2.160655148327e-02 3.012292087078e-02 3.196636959910e-02 2.397115901113e-02 3.180514648557e-02 4.650904983282e-02 4.361066967249e-02 4.470335319638e-02 5.082175135612e-02 1.055210232735e-01 2.733952999115e-01 3.277301192284e-01 1.461134552956e-01 4.761081933975e-02 3.089661151171e-02 2.576668560505e-02 2.294024452567e-02 2.599283680320e-02 3.382726758718e-02 4.816820472479e-02 8.773472160101e-02 3.254198133945e-01 1.855905056000e-01 2.142954766750e-01 4.683247581124e-02 1.594912707806e-01 1.200824379921e-01 1.033614203334e-01
6.972664967179e-03 8.913660421968e-03 1.051195617765e-02 1.097890548408e-02 1.108964905143e-02 1.076604612172e-02 1.035688072443e-02 1.011182833463e-02 1.001688651741e-02 1.186465471983e-02 1.389921084046e-02 1.486908551306e-02 1.450621429831e-02 1.270387135446e-02 2.722566947341e-02 2.540189400315e-02 2.696444466710e-02 2.093289047480e-02 3.303306177258e-02 5.144315212965e-02 4.782788082957e-02 3.669868409634e-02 2.653069794178e-02 3.367446362972e-02 5.911691114306e-02 1.850202530622e-01 3.769206106663e-01 1.120161041617e-01 6.318984925747e-02 2.893507294357e-02 2.394363656640e-02 2.061440236866e-02 2.029606699944e-02 2.319731935859e-02 3.109149634838e-02 4.435486719012e-02 2.307968772948e-02 6.520733982325e-02 5.909914970398e-01 6.877632141113e-01 4.046354591846e-01 1.180958971381e-01 8.372517675161e-02
5.081274081022e-03 8.264384232461e-03 9.769812226295e-03 1.033754367381e-02 1.057594828308e-02 1.023573800921e-02 1.026793383062e-02 1.098346803337e-02 1.160736847669e-02 1.145044993609e-02 1.006929017603e-02 1.163354609162e-02 1.364976167679e-02 1.488057151437e-02 2.526317350566e-02 2.414936386049e-02 2.635088004172e-02 2.400531247258e-02 5.492518469691e-02 5.822247639298e-02 5.522899702191e-02 7.054941356182e-02 2.078029513359e-02 2.063529193401e-02 5.334220081568e-02 5.775627866387e-02 8.711896091700e-02 6.949736177921e-02 5.864668637514e-02 2.954331412911e-02 2.345098368824e-02 1.903389208019e-02 1.778116449714e-02 2.029857039452e-02 2.723840437829e-02 4.039584100246e-02 2.176546491683e-02 7.015290111303e-02 3.150932490826e-01 2.612344026566e-01 1.513184607029e-01 9.232177585363e-02 6.802805513144e-02
5.520336329937e-03 7.870363071561e-03 9.339614771307e-03 1.122820656747e-02 1.295869145542e-02 1.493136305362e-02 1.702090725303e-02 1.923641748726e-02 2.131857350469e-02 2.211394347250e-02 2.038720995188e-02 1.627275906503e-02 1.637917198241e-02 1.828948780894e-02 3.246402740479e-02 3.850487619638e-02 2.146204560995e-02 2.659006975591e-02 4.069647565484e-02 5.684438720345e-02 5.659871920943e-02 4.877629876137e-02 2.383518218994e-02 2.843449264765e-02 6.046169623733e-02 4.025596380234e-02 8.697470277548e-02 4.488354921341e-02 5.908999219537e-02 2.908156998456e-02 1.855939440429e-02 1.413945015520e-02 1.356667093933e-02 1.588250696659e-02 2.131442725658e-02 2.731518819928e-02 4.292972385883e-02 7.086782157421e-02 1.431510299444e-01 1.654283255339e-01 9.766440838575e-02 6.866334378719e-02 7.052259892225e-02
4.904373548925e-03 9.259269572794e-03 1.103414501995e-02 1.218258496374e-02 2.109009400010e-02 1.511043310165e-02 1.750303991139e-02 1.988348923624e-02 2.293126657605e-02 2.630367502570e-02 2.667018026114e-02 2.593841403723e-02 2.856738865376e-02 3.236282244325e-02 5.301946774125e-02 5.399033799767e-02 3.105128742754e-02 2.896953001618e-02 3.177884593606e-02 7.604423165321e-02 5.017431825399e-02 4.220482334495e-02 2.674569934607e-02 2.304504811764e-02 3.483621776104e-02 4.171185940504e-02 4.834072291851e-02 4.027979820967e-02 6.079658865929e-02 2.211230248213e-02 1.606218516827e-02 1.139389816672e-02 1.216888800263e-02 1.615191064775e-02 2.046255953610e-02 2.627410925925e-02 3.764804825187e-02 5.559687316418e-02 1.090187653899e-01 1.295809894800e-01 7.853079587221e-02 5.507838726044e-02 7.147073000669e-02
