VariationalSeries/SI/f190.grd
DSAA
101	101
32.816463539100	34.260883539100
35.556306596100	36.727886596100
2.405474151601e-05	3.916957378387e+00
[rows 38 to 56 of 101, columns 0 to 42 of 101]
9.390396066010e-03 1.981430500746e-02 2.143054641783e-02 2.232519909739e-02 2.640026807785e-02 3.236009925604e-02 3.736959025264e-02 4.260667040944e-02 4.682324081659e-02 4.276100546122e-02 3.508980199695e-02 2.863348647952e-02 2.829150855541e-02 2.787175402045e-02 2.965246327221e-02 3.358738496900e-02 3.800985217094e-02 6.985710561275e-02 1.132325828075e-01 1.215589120984e-01 9.800893068314e-02 8.310180157423e-02 5.518617853522e-02 6.464117765427e-02 1.291684359312e-01 1.676726937294e-01 1.613293290138e-01 1.153157278895e-01 8.251316845417e-02 9.145367890596e-02 9.674014151096e-02 1.184965148568e-01 1.623782217503e-01 1.598377227783e-01 1.499065756798e-01 8.959172666073e-02 1.225931122899e-01 1.378487050533e-01 1.363847553730e-01 2.092530876398e-01 2.293928563595e-01 3.402863144875e-01 2.747029364109e-01
1.378559414297e-02 2.454427443445e-02 2.058534696698e-02 2.029249630868e-02 2.872673980892e-02 3.493840992451e-02 4.591782018542e-02 5.777389183640e-02 6.443531811237e-02 6.033965945244e-02 4.384173452854e-02 3.444651141763e-02 2.968743816018e-02 3.021749481559e-02 3.241758421063e-02 3.502924367785e-02 3.732131049037e-02 3.932629153132e-02 6.161452457309e-02 8.626112341881e-02 8.812984824181e-02 8.655365556479e-02 8.948975056410e-02 7.407269626856e-02 6.864279508591e-02 7.626122236252e-02 1.032416447997e-01 1.942243427038e-01 2.601033747196e-01 2.637927234173e-01 2.068560570478e-01 1.019722297788e-01 1.147650629282e-01 9.761724621058e-02 1.946325004101e-01 1.743994355202e-01 1.136841252446e-01 1.372412592173e-01 1.684903055429e-01 1.916417777538e-01 2.562200129032e-01 3.086392581463e-01 3.641003668308e-01
1.603563316166e-02 3.194884210825e-02 3.028849884868e-02 2.613472007215e-02 3.451389074326e-02 4.246753081679e-02 5.154184624553e-02 6.782512366772e-02 7.351958751678e-02 7.329141348600e-02 5.013595521450e-02 3.372581675649e-02 3.398708254099e-02 2.943157963455e-02 2.454517781734e-02 2.759291976690e-02 3.200795501471e-02 3.484931588173e-02 3.708238527179e-02 4.877779260278e-02 7.194866240025e-02 1.009777262807e-01 1.213869526982e-01 1.223089545965e-01 1.195041984320e-01 7.948945462704e-02 6.305202096701e-02 6.662439554930e-02 6.458427011967e-02 8.176905661821e-02 1.723795235157e-01 2.744014561176e-01 3.250672221184e-01 2.713186740875e-01 1.372738480568e-01 1.364105939865e-01 2.386502921581e-01 1.984055042267e-01 2.060844004154e-01 2.055103778839e-01 1.912561357021e-01 2.561284303665e-01 3.874087631702e-01
2.288779243827e-02 3.874226287007e-02 4.503002017736e-02 4.626365005970e-02 4.168979823589e-02 4.998566210270e-02 4.991000518203e-02 4.779631271958e-02 4.777565971017e-02 5.862436443567e-02 6.330285966396e-02 5.495536699891e-02 4.080812260509e-02 3.623387590051e-02 3.674378246069e-02 4.546649381518e-02 5.275480449200e-02 5.901261046529e-02 5.768686160445e-02 4.195206239820e-02 4.675466194749e-02 6.165196746588e-02 7.013596594334e-02 9.408236294985e-02 1.168094202876e-01 1.387540102005e-01 1.547586917877e-01 1.501437425613e-01 1.541957557201e-01 1.682124286890e-01 1.859698295593e-01 1.823364049196e-01 2.817954421043e-01 3.181834518909e-01 2.271484732628e-01 2.872903645039e-01 3.186227977276e-01 2.705519497395e-01 3.048425912857e-01 2.469962090254e-01 1.732501983643e-01 3.027554750443e-01 2.532180547714e-01
2.350607886910e-02 4.131617397070e-02 4.564882069826e-02 4.238184913993e-02 4.602522030473e-02 5.804946273565e-02 5.766468867660e-02 5.001270025969e-02 6.035387143493e-02 5.028269439936e-02 4.764236137271e-02 6.649904698133e-02 6.905182451010e-02 5.209225043654e-02 4.819076508284e-02 4.441590979695e-02 4.534903541207e-02 6.074041500688e-02 8.190258592367e-02 8.325932919979e-02 5.354785546660e-02 6.080789119005e-02 7.741670310497e-02 6.452772766352e-02 7.453373074532e-02 8.992965519428e-02 1.187677979469e-01 1.793530732393e-01 2.414586693048e-01 2.210581302643e-01 2.089781910181e-01 1.554983258247e-01 1.546412408352e-01 2.905532717705e-01 2.793496847153e-01 3.521678149700e-01 2.328314036131e-01 3.297112882137e-01 2.890678048134e-01 4.174077212811e-01 4.312490224838e-01 3.389203250408e-01 3.819073438644e-01
4.542640224099e-02 8.808219432831e-02 6.582852452993e-02 5.509970709682e-02 5.391277745366e-02 4.851461574435e-02 4.965064674616e-02 6.041018664837e-02 5.982375144958e-02 4.846443608403e-02 6.083008646965e-02 4.152983799577e-02 5.303266271949e-02 7.433527708054e-02 6.457611173391e-02 5.589845776558e-02 7.000227272511e-02 1.538798660040e-01 1.808399558067e-01 9.741032868624e-02 1.043352857232e-01 6.150963529944e-02 7.238759100437e-02 1.025690957904e-01 6.841775774956e-02 6.260651350021e-02 6.555598229170e-02 7.176706939936e-02 9.163811057806e-02 1.041825264692e-01 1.113000139594e-01 1.215683892369e-01 1.654502004385e-01 2.606067061424e-01 1.786002963781e-01 1.653737574816e-01 2.430230081081e-01 2.766550481319e-01 1.841181516647e-01 3.814690113068e-01 3.917194008827e-01 4.266647100449e-01 5.239568948746e-01
7.257323712111e-02 1.330786645412e-01 1.078782156110e-01 8.385762572289e-02 7.731708884239e-02 6.340886652470e-02 8.743951469660e-02 7.674895972013e-02 7.619310915470e-02 5.963297188282e-02 4.662141203880e-02 5.740585178137e-02 5.152619630098e-02 3.349346667528e-02 6.292099505663e-02 7.378748804331e-02 5.377576872706e-02 4.664953798056e-02 8.507863432169e-02 5.571537464857e-02 9.693607687950e-02 1.153594180942e-01 1.145113632083e-01 1.001316606998e-01 1.374535709620e-01 8.440851420164e-02 7.842066138983e-02 1.015440523624e-01 1.189744696021e-01 9.085598587990e-02 1.156673133373e-01 1.424928754568e-01 1.688771247864e-01 1.983240246773e-01 2.517308294773e-01 1.911913156509e-01 2.127744853497e-01 2.378228604794e-01 2.253203094006e-01 3.237034082413e-01 3.012957274914e-01 4.354131519794e-01 4.431274831295e-01
2.862435951829e-02 5.963175371289e-02 7.129909843206e-02 8.406217396259e-02 8.606547862291e-02 9.569192677736e-02 1.011890992522e-01 8.731066435575e-02 7.833547890186e-02 7.513521611691e-02 6.959889829159e-02 6.441325694323e-02 6.161065399647e-02 5.748042091727e-02 6.219181045890e-02 5.305493995547e-02 3.770564496517e-02 4.453388601542e-02 4.687856882811e-02 6.441994011402e-02 6.007011234760e-02 9.888473153114e-02 1.071607396007e-01 1.152258962393e-01 1.341733038425e-01 1.514015793800e-01 1.651827096939e-01 1.719271689653e-01 1.756109446287e-01 1.891224384308e-01 1.920319795609e-01 2.019286304712e-01 2.144248485565e-01 1.780435889959e-01 1.529739946127e-01 2.153293937445e-01 2.581154406071e-01 3.976513743401e-01 4.758599400520e-01 4.396545588970e-01 4.183495044708e-01 4.340855181217e-01 3.614274263382e-01
2.767727337778e-02 5.812524259090e-02 6.619638204575e-02 7.353137433529e-02 8.352100849152e-02 8.548620343208e-02 7.863901555538e-02 6.368915736675e-02 5.992900580168e-02 7.135529816151e-02 8.374246209860e-02 7.945787906647e-02 6.013734266162e-02 3.924473375082e-02 4.219738021493e-02 2.441738359630e-02 1.419354043901e-02 1.564862579107e-02 2.084204927087e-02 2.512675337493e-02 7.501216977835e-02 1.316255331039e-01 1.121730431914e-01 1.418907195330e-01 1.365806609392e-01 1.681362092495e-01 1.733747273684e-01 1.640092134476e-01 1.528416723013e-01 1.742638945580e-01 1.855003237724e-01 2.395634204149e-01 3.062100410461e-01 3.335292041302e-01 2.848932445049e-01 2.416204810143e-01 2.676433622837e-01 1.914002448320e-01 2.914842069149e-01 2.967464625835e-01 4.640913009644e-01 4.373186528683e-01 4.706561565399e-01
7.472860161215e-03 1.501762121916e-02 1.585143059492e-02 1.711536012590e-02 2.379000186920e-02 3.326418995857e-02 4.376158490777e-02 4.705188050866e-02 4.550503566861e-02 4.195729643106e-02 4.284805804491e-02 5.444645881653e-02 5.437406897545e-02 4.426328465343e-02 2.865074947476e-02 2.231058292091e-02 1.144922897220e-02 9.740895591676e-03 1.100393757224e-02 2.339006587863e-02 5.175936967134e-02 1.098491773009e-01 2.739771008492e-01 2.575650513172e-01 2.312845289707e-01 2.171174138784e-01 2.091827541590e-01 2.033273428679e-01 2.181409299374e-01 2.516482174397e-01 2.784097194672e-01 3.151224851608e-01 5.459610819817e-01 3.024969696999e-01 6.833819150925e-01 4.661342203617e-01 3.720445036888e-01 3.987006545067e-01 4.936895966530e-01 5.735637545586e-01 6.067769527435e-01 5.701670050621e-01 5.741359591484e-01
6.766210310161e-03 1.307064387947e-02 1.423303782940e-02 1.425862498581e-02 2.404457703233e-02 3.568943589926e-02 3.734080865979e-02 3.058895282447e-02 2.256946824491e-02 1.832782290876e-02 2.321179956198e-02 2.881859056652e-02 2.760386280715e-02 2.219976857305e-02 1.639617606997e-02 1.173112448305e-02 8.620886132121e-03 6.071007344872e-03 6.322926841676e-03 2.101422660053e-02 6.716324388981e-02 1.143476814032e-01 1.124605759978e-01 2.385257780552e-01 5.733482837677e-01 2.898833155632e-01 1.805125027895e-01 1.649452000856e-01 1.699520200491e-01 1.852856278419e-01 3.183927536011e-01 4.604411125183e-01 2.445946782827e-01 3.621170818806e-01 6.542795896530e-01 1.205753326416e+00 4.929227232933e-01 3.860558867455e-01 3.424828052521e-01 3.766655027866e-01 3.223752975464e-01 6.025732159615e-01 7.018198966980e-01
3.512785071507e-03 7.296506781131e-03 8.746310137212e-03 9.707727469504e-03 1.281813532114e-02 2.066199295223e-02 2.379302121699e-02 2.072167582810e-02 1.601532660425e-02 1.194618921727e-02 9.797181002796e-03 9.336176328361e-03 7.446715608239e-03 6.557665299624e-03 7.815302349627e-03 5.953420419246e-03 5.519799888134e-03 4.643902648240e-03 5.394936073571e-03 8.226769044995e-03 1.424235012382e-02 3.806930780411e-02 3.984015434980e-02 5.413205549121e-02 2.092852145433e-01 2.208769023418e-01 8.227963745594e-02 4.495312646031e-02 4.730821400881e-02 1.527387052774e-01 2.012963443995e-01 2.178071886301e-01 2.265088409185e-01 1.860758811235e-01 2.736001610756e-01 7.920117974281e-01 4.219926893711e-01 2.564720511436e-01 1.793633252382e-01 1.619038879871e-01 1.524058282375e-01 3.985693454742e-01 5.533722639084e-01
1.559981843457e-03 3.114132676274e-03 3.238985082135e-03 3.584477351978e-03 4.515753593296e-03 5.715980194509e-03 6.799880415201e-03 7.398867979646e-03 7.157982327044e-03 6.064993795007e-03 5.175219383091e-03 5.950247403234e-03 6.142807193100e-03 5.679852329195e-03 5.804235581309e-03 6.625074427575e-03 5.027907900512e-03 4.016942810267e-03 4.498596303165e-03 6.762641947716e-03 7.713780272752e-03 1.402279548347e-02 2.440106682479e-02 5.333809927106e-02 1.298327744007e-01 8.036525547504e-02 4.970252886415e-02 3.971470892429e-02 3.819516673684e-02 1.222176477313e-02 1.070515625179e-02 1.159171201289e-02 1.810129731894e-02 3.948472812772e-02 9.148039668798e-02 1.565741419792e+00 2.984896421432e+00 3.948209583759e-01 2.689104378223e-01 1.384788155556e-01 9.752734750509e-02 1.060484051704e-01 2.050317227840e-01
1.257424592040e-03 2.286049537361e-03 2.541726222262e-03 2.542606089264e-03 2.557014115155e-03 3.296879353002e-03 4.325876943767e-03 5.321812815964e-03 5.914172157645e-03 5.791025236249e-03 4.864022601396e-03 4.475656896830e-03 4.861633293331e-03 4.702466540039e-03 4.183250945061e-03 5.157625302672e-03 5.978306755424e-03 4.748119041324e-03 3.653359832242e-03 1.176106277853e-02 1.450471300632e-02 1.033243443817e-02 1.371019892395e-02 2.394999563694e-02 4.593364894390e-02 4.608045816422e-01 1.019159629941e-01 8.799458295107e-02 3.698867931962e-02 7.241041865200e-03 6.334297824651e-03 6.632979493588e-03 7.721190806478e-03 9.511772543192e-03 1.274850592017e-02 6.838699430227e-02 4.773975610733e-01 1.232802391052e+00 3.137929737568e-01 1.761987209320e-01 5.088908597827e-02 3.255162015557e-02 3.653028979897e-02
1.174249104224e-03 2.795742591843e-03 3.780390601605e-03 4.362993873656e-03 4.543680697680e-03 4.192569293082e-03 3.727401373908e-03 3.396245650947e-03 4.245957359672e-03 4.866732750088e-03 4.849954042584e-03 4.194977227598e-03 3.630156861618e-03 4.520830232650e-03 4.721759352833e-03 4.221163224429e-03 4.936020355672e-03 6.357592996210e-03 5.013721995056e-03 1.057054195553e-02 1.165891345590e-02 9.631671011448e-03 1.071375794709e-02 1.158898603171e-02 2.634007297456e-02 9.790170937777e-02 9.548059850931e-02 2.444078773260e-02 1.132410205901e-02 7.014982867986e-03 5.256917793304e-03 4.488244652748e-03 4.427330568433e-03 5.551253445446e-03 7.206845097244e-03 2.445069514215e-02 1.258442699909e-01 4.420215189457e-01 5.349563956261e-01 8.252444863319e-02 3.553516790271e-02 2.292300947011e-02 2.169100195169e-02
1.777136814781e-03 4.184006247669e-03 5.348125007004e-03 6.014203652740e-03 6.178948562592e-03 5.904170684516e-03 5.542124155909e-03 4.984936676919e-03 4.300564993173e-03 3.514718031511e-03 3.899302799255e-03 4.092864692211e-03 3.918781410903e-03 4.585879389197e-03 5.261291284114e-03 4.972229246050e-03 4.208493977785e-03 6.676367484033e-03 7.109086029232e-03 1.871058717370e-02 1.201013289392e-02 8.628124371171e-03 5.828795954585e-03 6.023738998920e-03 1.133475918323e-02 8.913932740688e-02 1.171158328652e-01 2.214771322906e-02 1.448124274611e-02 7.347295526415e-03 4.547861404717e-03 3.138844855130e-03 2.791689010337e-03 2.946638269350e-03 4.521134309471e-03 7.483303081244e-03 5.059466883540e-02 1.568711996078e-01 4.151952564716e-01 2.016718387604e-01 9.618517011404e-02 1.917668618262e-02 1.617730036378e-02
1.219089259394e-03 2.651411341503e-03 3.307841951028e-03 3.630782710388e-03 3.521412145346e-03 3.547303145751e-03 3.972419071943e-03 4.444404039532e-03 4.887763410807e-03 4.896411206573e-03 4.218046553433e-03 3.158241277561e-03 3.717803861946e-03 4.073022399098e-03 4.080559127033e-03 4.099081736058e-03 4.301569890231e-03 7.039150688797e-03 9.675766341388e-03 1.611998490989e-02 1.244256831706e-02 9.758248925209e-03 4.789819940925e-03 4.791475832462e-03 9.639797732234e-03 3.411269187927e-02 2.589693851769e-02 1.713291928172e-02 1.356238406152e-02 7.524464279413e-03 4.177768714726e-03 3.426128765568e-03 3.022463992238e-03 2.954171504825e-03 3.776276716962e-03 6.389444693923e-03 1.340995170176e-02 6.737811118364e-02 7.934044301510e-02 4.829848557711e-02 2.908563986421e-02 1.464580837637e-02 1.321624033153e-02
1.145606045611e-03 2.075162250549e-03 3.082757582888e-03 3.939958289266e-03 4.703709390014e-03 5.561768077314e-03 6.504978518933e-03 7.524094078690e-03 8.465391583741e-03 8.734457194805e-03 7.808595430106e-03 5.800616927445e-03 3.733288729563e-03 3.882284043357e-03 4.754017572850e-03 5.161999724805e-03 6.464555393904e-03 7.473571691662e-03 8.855746127665e-03 1.541971322149e-02 1.136945933104e-02 7.242162711918e-03 3.828179091215e-03 3.727047704160e-03 6.979327648878e-03 8.099919185042e-03 1.388152092695e-01 1.172888465226e-02 1.111357845366e-02 6.656110286713e-03 3.866265062243e-03 3.086511744186e-03 2.945101354271e-03 3.110282821581e-03 4.010857548565e-03 5.453552585095e-03 9.065447375178e-03 1.116948574781e-02 2.346346341074e-02 3.117176145315e-02 1.947641000152e-02 1.168211363256e-02 1.508786249906e-02
1.161976368167e-03 2.104483777657e-03 2.825275063515e-03 3.493915777653e-03 4.168396815658e-03 4.992001224309e-03 5.862530320883e-03 6.740760058165e-03 7.561483420432e-03 8.004046976566e-03 7.583783473819e-03 8.470347151160e-03 8.815965615213e-03 8.653541095555e-03 8.265792392194e-03 7.508064154536e-03 8.901905268431e-03 6.507538724691e-03 8.814419619739e-03 2.805818617344e-02 1.023643836379e-02 5.087545141578e-03 3.590328618884e-03 3.006502287462e-03 4.154909867793e-03 1.331007853150e-02 4.506685584784e-02 9.083974175155e-03 1.181112509221e-02 4.972280003130e-03 3.653887426481e-03 2.788896672428e-03 2.823914401233e-03 3.209505230188e-03 4.247516859323e-03 5.049031693488e-03 5.619999021292e-03 9.032260626554e-03 1.979867927730e-02 2.314901351929e-02 1.441219542176e-02 1.070345751941e-02 1.398117933422e-02
