VariationalSeries/SI/f190.grd
DSAA
101	101
32.816463539100	34.260883539100
35.556306596100	36.727886596100
2.405474151601e-05	3.916957378387e+00
[rows 57 to 75 of 101, columns 0 to 42 of 101]
1.333619700745e-03 2.191082108766e-03 2.371355425566e-03 2.373538678512e-03 2.534422790632e-03 3.101452020928e-03 3.475199919194e-03 3.811819478869e-03 4.125741776079e-03 4.216075874865e-03 4.057458136231e-03 5.609767045826e-03 9.607224725187e-03 5.250216461718e-03 3.880194155499e-03 5.809956230223e-03 5.187064874917e-03 5.771229043603e-03 6.972532719374e-03 7.291309069842e-03 7.431601174176e-03 5.598126444966e-03 3.891777014360e-03 3.420705208555e-03 3.709706477821e-03 5.140211433172e-03 8.222376927733e-03 1.020726002753e-02 8.043900132179e-03 4.649842623621e-03 3.640918759629e-03 2.864262787625e-03 3.000187454745e-03 3.601610427722e-03 4.252547863871e-03 5.458783358335e-03 6.289162207395e-03 6.790968589485e-03 1.122684031725e-02 1.471838820726e-02 1.262002810836e-02 1.119558978826e-02 1.261702459306e-02
1.680092187598e-03 2.750607207417e-03 3.142570843920e-03 3.189211944118e-03 3.153612837195e-03 3.066509962082e-03 3.066221484914e-03 3.207799745724e-03 3.338413313031e-03 5.431428086013e-03 1.761977374554e-02 2.039580233395e-02 7.618274074048e-03 3.969609271735e-03 3.977691754699e-03 3.714916994795e-03 4.013171419501e-03 3.998711239547e-03 4.522353410721e-03 5.728009622544e-03 6.960550788790e-03 7.433749735355e-03 5.195479374379e-03 3.266179468483e-03 3.760171588510e-03 5.739230196923e-03 8.674541488290e-03 9.299927391112e-03 9.406251832843e-03 5.978938657790e-03 3.612092928961e-03 3.277882002294e-03 3.139351960272e-03 3.751042997465e-03 4.428287502378e-03 4.583565052599e-03 4.712104797363e-03 4.914325661957e-03 4.957314580679e-03 5.349613260478e-03 6.455422844738e-03 8.829610422254e-03 1.016929000616e-02
2.246498595923e-03 3.694097511470e-03 4.276384599507e-03 6.259501446038e-03 7.992938160896e-03 1.009589806199e-02 1.322677731514e-02 1.919582113624e-02 3.508358448744e-02 4.945274442434e-02 3.286659717560e-02 8.365870453417e-03 5.632517393678e-03 4.925760906190e-03 3.580014454201e-03 3.783475607634e-03 4.003983922303e-03 3.947198390961e-03 3.728271927685e-03 3.984516952187e-03 6.713262293488e-03 7.607665844262e-03 5.393653176725e-03 3.099085297436e-03 2.429189160466e-03 3.747645532712e-03 5.316540133208e-03 5.479202605784e-03 5.734964739531e-03 4.659577738494e-03 3.252110211179e-03 3.423744812608e-03 3.240040736273e-03 3.635587869212e-03 4.387291148305e-03 4.546668846160e-03 4.333007615060e-03 3.975152969360e-03 3.670478239655e-03 4.107410553843e-03 5.235725082457e-03 6.719926837832e-03 8.859951980412e-03
2.194657921791e-03 4.144633654505e-03 7.162398658693e-03 1.014660578221e-02 1.276520732790e-02 1.681997440755e-02 2.434555441141e-02 3.618572652340e-02 3.626719489694e-02 1.675160974264e-02 4.019925836474e-03 4.688011482358e-03 5.099917761981e-03 4.532198887318e-03 4.087920766324e-03 4.294371698052e-03 4.308330360800e-03 4.140557721257e-03 3.188369562849e-03 3.115362953395e-03 4.833687096834e-03 5.392784252763e-03 4.000927787274e-03 2.501544076949e-03 1.920970622450e-03 2.074806718156e-03 2.781922696158e-03 3.440411994234e-03 4.059214610606e-03 3.496904624626e-03 3.198614809662e-03 2.992335241288e-03 3.193072509021e-03 3.536221105605e-03 4.243833944201e-03 4.350195173174e-03 3.937624860555e-03 3.372869687155e-03 3.095009597018e-03 3.439242253080e-03 5.071082152426e-03 6.393178831786e-03 8.105399087071e-03
1.328625832684e-03 2.316259080544e-03 2.832136349753e-03 2.981275552884e-03 2.986304461956e-03 2.972497604787e-03 2.945685060695e-03 2.881691791117e-03 2.825328381732e-03 2.761619165540e-03 2.590062795207e-03 2.722947858274e-03 3.003464778885e-03 3.842712612823e-03 4.324562847614e-03 4.521512426436e-03 4.355771467090e-03 3.868713974953e-03 2.860684413463e-03 2.250998280942e-03 2.705579623580e-03 2.807304495946e-03 2.213963540271e-03 1.640348345973e-03 1.443893765099e-03 1.587626524270e-03 2.037586178631e-03 2.449756953865e-03 2.908149501309e-03 3.130512777716e-03 2.962432336062e-03 2.646692562848e-03 3.070409409702e-03 3.716678824276e-03 4.436620976776e-03 4.293430596590e-03 3.566616913304e-03 2.829135395586e-03 3.136677900329e-03 3.511584829539e-03 5.251931492239e-03 6.519292015582e-03 7.637789007276e-03
6.232181913219e-04 1.161736436188e-03 1.506974454969e-03 1.664623967372e-03 1.725833280943e-03 1.775876968168e-03 1.823678612709e-03 1.858690404333e-03 1.913459971547e-03 1.968218246475e-03 1.928187091835e-03 1.812253613025e-03 1.856979215518e-03 2.466424368322e-03 2.904062857851e-03 3.059890819713e-03 2.786331577227e-03 2.481341362000e-03 2.098175231367e-03 1.760243903846e-03 1.442271983251e-03 1.345599885099e-03 1.109998906031e-03 1.235577161424e-03 1.457300386392e-03 1.532588503323e-03 1.690516364761e-03 2.036747289822e-03 2.461720257998e-03 2.692867070436e-03 2.652794588357e-03 2.504490315914e-03 3.067958401516e-03 4.119792021811e-03 4.787821788341e-03 4.322261549532e-03 3.241987666115e-03 2.782459370792e-03 3.215097356588e-03 3.801671555266e-03 5.104382056743e-03 5.709713324904e-03 6.584565155208e-03
4.297456180211e-04 7.238457328640e-04 8.990414789878e-04 1.020831521600e-03 1.098397187889e-03 1.166049158201e-03 1.230930676684e-03 1.285079633817e-03 1.349773257971e-03 1.415969920345e-03 1.424601767212e-03 1.378667657264e-03 1.326033496298e-03 1.278847455978e-03 1.292586210184e-03 1.465939101763e-03 1.545931096189e-03 1.524938154034e-03 1.399160595611e-03 1.334681874141e-03 1.147870672867e-03 1.076688175090e-03 9.514769772068e-04 1.258497475646e-03 1.551156165078e-03 1.699040411040e-03 1.689177122898e-03 1.668154029176e-03 2.033235970885e-03 2.261017914861e-03 2.315292134881e-03 2.301018917933e-03 3.117136191577e-03 4.362250678241e-03 4.813393577933e-03 4.017149563879e-03 2.839572262019e-03 2.798312576488e-03 3.362344810739e-03 3.775915363804e-03 4.369351081550e-03 5.026699975133e-03 5.161338485777e-03
3.475791017991e-04 5.920963594690e-04 7.465110393241e-04 8.210478699766e-04 8.741156198084e-04 9.190754499286e-04 9.520727326162e-04 9.582276688889e-04 9.886384941638e-04 1.026590936817e-03 1.034614164382e-03 1.017303089611e-03 9.999629110098e-04 9.770180331543e-04 1.016620895825e-03 1.168054179288e-03 1.241495250724e-03 1.224880455993e-03 1.132581848651e-03 1.058442401700e-03 1.115224906243e-03 1.082492643036e-03 9.454607497901e-04 1.256485236809e-03 1.585071790032e-03 1.785892760381e-03 1.809273031540e-03 1.751790638082e-03 1.789979985915e-03 1.961401430890e-03 2.042376901954e-03 2.153695793822e-03 3.103096038103e-03 4.270807374269e-03 4.397252108902e-03 3.458109684289e-03 2.628654008731e-03 2.890745876357e-03 3.522317856550e-03 3.721014363691e-03 3.874190617353e-03 4.188849590719e-03 3.846317296848e-03
3.339829854667e-04 5.350499413908e-04 6.788722239435e-04 7.453088765033e-04 7.738781278022e-04 7.983092800714e-04 8.068626630120e-04 7.942795054987e-04 7.978034554981e-04 8.077818201855e-04 8.155343821272e-04 8.464377024211e-04 8.707985398360e-04 8.905030554160e-04 9.139106841758e-04 9.488331852481e-04 1.014413195662e-03 1.028702943586e-03 1.038410118781e-03 9.951815009117e-04 1.024577300996e-03 1.070525613613e-03 9.502209722996e-04 1.190567971207e-03 1.504132291302e-03 1.712777302600e-03 1.749071874656e-03 1.706941402517e-03 1.800173078664e-03 1.852001762018e-03 1.886589103378e-03 2.015149453655e-03 2.913403557613e-03 3.837294178084e-03 3.727402770892e-03 2.974033588544e-03 2.574836369604e-03 3.100050380453e-03 3.567181527615e-03 3.481739433482e-03 3.371608909220e-03 3.398581640795e-03 3.133669961244e-03
3.129248216283e-04 4.967803251930e-04 6.234501488507e-04 6.796725210734e-04 7.036358001642e-04 7.211841293611e-04 7.229120237753e-04 7.069385028444e-04 7.089139544405e-04 7.623084238730e-04 8.082261192612e-04 8.495586225763e-04 8.860687958077e-04 9.166872478090e-04 9.443958988413e-04 9.711982565932e-04 9.909562068060e-04 9.939124574885e-04 9.740363457240e-04 9.463882306591e-04 9.485424379818e-04 1.033270964399e-03 9.765523718670e-04 1.080495421775e-03 1.346250646748e-03 1.530938316137e-03 1.766192028299e-03 1.927389879711e-03 1.934092142619e-03 1.871108659543e-03 1.829134649597e-03 1.879953313619e-03 2.563391346484e-03 3.200247883797e-03 3.064824501052e-03 2.654861193150e-03 2.781551564112e-03 3.155369078740e-03 3.374388907105e-03 3.061020979658e-03 2.825873671100e-03 2.684924053028e-03 2.681460464373e-03
2.886737929657e-04 4.575085768010e-04 5.732278223149e-04 6.268544238992e-04 6.493942346424e-04 6.589337135665e-04 6.538460147567e-04 6.616487517022e-04 6.650913273916e-04 7.216188823804e-04 7.728435448371e-04 8.207978098653e-04 8.648030343466e-04 9.016196127050e-04 9.300842066295e-04 9.484911570325e-04 9.506789501756e-04 1.026720157824e-03 1.048486330546e-03 9.732175967656e-04 8.873522747308e-04 9.483949979767e-04 9.676687186584e-04 9.714960469864e-04 1.184981898405e-03 1.338166184723e-03 1.611346728168e-03 1.871854066849e-03 1.933053485118e-03 1.869266387075e-03 1.793049625121e-03 1.774507225491e-03 2.048115245998e-03 2.485411241651e-03 2.439478179440e-03 2.254220424220e-03 2.406056737527e-03 2.674272982404e-03 2.765928162262e-03 2.406925195828e-03 2.215884393081e-03 2.054382581264e-03 2.021107124165e-03
2.682436024770e-04 4.258295230102e-04 5.356841720641e-04 5.890507018194e-04 6.084835040383e-04 6.095046410337e-04 5.995593965054e-04 6.135375588201e-04 6.360324332491e-04 6.585883093067e-04 7.027536630630e-04 7.525085238740e-04 7.985329139046e-04 8.372490992770e-04 8.651961106807e-04 9.009239147417e-04 9.880331344903e-04 1.112097757868e-03 1.167065696791e-03 1.135630300269e-03 1.039654947817e-03 9.250440052710e-04 9.514929261059e-04 9.633759036660e-04 1.055972184986e-03 1.179027021863e-03 1.215059310198e-03 1.457344857045e-03 1.648706034757e-03 1.706737559289e-03 1.685818890110e-03 1.711903722025e-03 1.764306565747e-03 1.822996069677e-03 1.811247551814e-03 1.751307281666e-03 1.847459352575e-03 2.154795918614e-03 2.292056567967e-03 1.882808748633e-03 1.679722452536e-03 1.499808975495e-03 1.653575338423e-03
2.534682280384e-04 4.035532474518e-04 5.096253007650e-04 5.602008313872e-04 5.735845770687e-04 5.688146338798e-04 5.587948835455e-04 5.564018501900e-04 5.862016114406e-04 6.093092961237e-04 6.146309897304e-04 6.592132849619e-04 7.035983144306e-04 7.416126318276e-04 7.744688773528e-04 8.601725567132e-04 1.005384954624e-03 1.147023052908e-03 1.243155566044e-03 1.272269175388e-03 1.237699063495e-03 1.164243789390e-03 1.075661159121e-03 9.941472671926e-04 9.564645588398e-04 1.054525724612e-03 1.077422522940e-03 1.032243249938e-03 1.257581752725e-03 1.442647422664e-03 1.564837410115e-03 1.654984662309e-03 1.709816046059e-03 1.655017607845e-03 1.483928179368e-03 1.449284958653e-03 1.629597740248e-03 2.044344786555e-03 2.368110232055e-03 2.125735394657e-03 1.564275939018e-03 1.400141860358e-03 1.590662985109e-03
2.481250849087e-04 3.944231721107e-04 4.962380626239e-04 5.408986471593e-04 5.478567909449e-04 5.399468936957e-04 5.357448244467e-04 5.430198507383e-04 5.396849010140e-04 5.487940507010e-04 5.644139018841e-04 6.198535556905e-04 6.817473913543e-04 7.459743646905e-04 8.028683951125e-04 8.799625793472e-04 1.022913842462e-03 1.167772104964e-03 1.298231305555e-03 1.379192573950e-03 1.393340760842e-03 1.359208719805e-03 1.300842384808e-03 1.241293502972e-03 1.206451444887e-03 1.184030203149e-03 1.140794716775e-03 1.075972104445e-03 1.245078863576e-03 1.396344741806e-03 1.509317196906e-03 1.612297492102e-03 1.666702562943e-03 1.556969713420e-03 1.480802544393e-03 1.523236860521e-03 1.641991198994e-03 1.975368242711e-03 2.280832966790e-03 2.067447872832e-03 1.596840331331e-03 1.394596067257e-03 1.586126978509e-03
2.523203729652e-04 3.990209952462e-04 4.975497140549e-04 5.366678233258e-04 5.388798890635e-04 5.278135649860e-04 5.274881259538e-04 5.320231430233e-04 5.437867366709e-04 5.467850714922e-04 5.807395209558e-04 6.391037022695e-04 6.961690378375e-04 7.505432004109e-04 7.945997058414e-04 9.064096375369e-04 1.068434328772e-03 1.221756800078e-03 1.370028709061e-03 1.477650133893e-03 1.512942370027e-03 1.490709721111e-03 1.435740501620e-03 1.367332995869e-03 1.311055500992e-03 1.255185110494e-03 1.161435851827e-03 1.063198200427e-03 1.219839556143e-03 1.351607497782e-03 1.464712084271e-03 1.573671703227e-03 1.609788974747e-03 1.479663304053e-03 1.501738210209e-03 1.547552063130e-03 1.679225591943e-03 1.914869877510e-03 2.060686470941e-03 1.811116700992e-03 1.482537831180e-03 1.294850488193e-03 1.472263131291e-03
2.588751667645e-04 4.081326769665e-04 5.051544867456e-04 5.409953300841e-04 5.404129624367e-04 5.385710974224e-04 5.614963010885e-04 5.775168538094e-04 5.866662831977e-04 5.881545366719e-04 5.830388981849e-04 6.142780766822e-04 6.747914012522e-04 7.550039445050e-04 7.809898233972e-04 8.885498391464e-04 1.093894708902e-03 1.271184417419e-03 1.411704579368e-03 1.500090584159e-03 1.519726938568e-03 1.478927908465e-03 1.402553403750e-03 1.313038403168e-03 1.229095854796e-03 1.144489855506e-03 1.024833763950e-03 1.062174676917e-03 1.196767087094e-03 1.315517351031e-03 1.423590467311e-03 1.513682072982e-03 1.514194416814e-03 1.395204104483e-03 1.532297581434e-03 1.920557231642e-03 1.818285905756e-03 1.896298723295e-03 1.826529740356e-03 1.545300707221e-03 1.341794151813e-03 1.177735859528e-03 1.335947192274e-03
2.552848891355e-04 4.011635610368e-04 4.936119075865e-04 5.267045344226e-04 5.258959135972e-04 5.407991120592e-04 5.556413088925e-04 5.629326333292e-04 5.648858495988e-04 5.615912959911e-04 5.589611246251e-04 6.273449980654e-04 7.300464203581e-04 8.176101837307e-04 8.438295917585e-04 8.256127475761e-04 1.046287827194e-03 1.227679778822e-03 1.329886727035e-03 1.365635311231e-03 1.346330740489e-03 1.273247180507e-03 1.176086021587e-03 1.091888756491e-03 1.023694407195e-03 9.502886096016e-04 9.500982123427e-04 1.053626998328e-03 1.172611024231e-03 1.279354211874e-03 1.372407539748e-03 1.423973706551e-03 1.384392962791e-03 1.338206115179e-03 1.595829846337e-03 1.711955410428e-03 1.737158745527e-03 1.905230805278e-03 1.847304753028e-03 1.514894654974e-03 1.304480945691e-03 1.199104823172e-03 1.296885078773e-03
2.337967307540e-04 3.650547878351e-04 4.465214151423e-04 4.752760287374e-04 5.014385678805e-04 5.232463590801e-04 5.138280685060e-04 4.958616336808e-04 4.901384818368e-04 5.216230056249e-04 5.695800646208e-04 6.585239316337e-04 7.784428889863e-04 8.691669791006e-04 8.945459267125e-04 8.797234622762e-04 9.580128244124e-04 1.112266909331e-03 1.169908791780e-03 1.156804501079e-03 1.098936423659e-03 9.970621904358e-04 9.553910349496e-04 1.130964141339e-03 1.146551105194e-03 1.098714768887e-03 1.075968611985e-03 1.079774345271e-03 1.140248263255e-03 1.233096467331e-03 1.297895913012e-03 1.299935393035e-03 1.220957376063e-03 1.236179377884e-03 1.452224561945e-03 2.054269891232e-03 1.773557509296e-03 2.486141398549e-03 2.206211909652e-03 1.853643101640e-03 1.571342116222e-03 1.293692737818e-03 1.460324274376e-03
2.407268038951e-04 3.548425156623e-04 4.354541888461e-04 5.031527252868e-04 5.543741281144e-04 5.664703785442e-04 5.499978433363e-04 5.189580842853e-04 4.827837983612e-04 5.267542437650e-04 5.837961798534e-04 6.916788988747e-04 8.243993506767e-04 9.168247343041e-04 9.418193367310e-04 9.271996095777e-04 8.795262547210e-04 1.012874767184e-03 1.051725470461e-03 1.110590877943e-03 1.509879250079e-03 1.385105424561e-03 1.037412439473e-03 1.179807586595e-03 1.145065645687e-03 1.054493710399e-03 1.001103082672e-03 1.005904981866e-03 1.101277885027e-03 1.172861899249e-03 1.197723555379e-03 1.150948344730e-03 1.046593417414e-03 1.110783545300e-03 1.231325441040e-03 1.826166291721e-03 2.291681244969e-03 3.611863590777e-03 3.340494818985e-03 2.196716377512e-03 1.672854530625e-03 1.541331992485e-03 1.903371186927e-03
