VariationalSeries/SI/f190.grd
DSAA
101	101
32.816463539100	34.260883539100
35.556306596100	36.727886596100
2.405474151601e-05	3.916957378387e+00
[rows 57 to 75 of 101, columns 43 to 85 of 101]
1.655457355082e-02 1.974772103131e-02 9.980774484575e-03 1.107252109796e-02 1.095384452492e-02 1.764605008066e-02 1.999254524708e-02 2.707957103848e-02 2.376777678728e-02 1.287863962352e-02 8.855146355927e-03 7.445691619068e-03 5.512814503163e-03 9.902897290885e-03 4.067230597138e-02 1.364454478025e-01 3.066905736923e-01 2.954516708851e-01 4.538454413414e-01 1.437772959471e-01 4.100783169270e-02 3.176363930106e-02 5.723059177399e-02 1.015977635980e-01 1.739742606878e-01 1.577764004469e-01 1.716052591801e-01 1.397519260645e-01 1.825905442238e-01 1.678038686514e-01 1.772506386042e-01 1.321200281382e-01 1.376070827246e-01 1.930451095104e-01 1.198677197099e-01 7.527022063732e-02 8.790975064039e-02 1.240871325135e-01 1.554430425167e-01 1.123574525118e-01 4.680839926004e-02 4.086362943053e-02 3.951476886868e-02
1.323317736387e-02 2.498281747103e-02 8.068562485278e-03 8.589682169259e-03 8.507084101439e-03 1.279610861093e-02 2.517713606358e-02 8.117420971394e-02 6.469063460827e-02 1.395100075752e-02 8.181188255548e-03 5.605124402791e-03 4.308381117880e-03 4.264975897968e-03 8.481998927891e-03 8.139117062092e-02 9.530150145292e-02 1.001269370317e-01 8.287785947323e-02 8.335832506418e-02 5.967636033893e-02 4.544891789556e-02 3.513633087277e-02 2.101909741759e-02 5.435715243220e-02 1.086565256119e-01 1.891508698463e-01 1.930445134640e-01 2.103191167116e-01 1.158471554518e-01 1.527000665665e-01 1.393612921238e-01 1.194674596190e-01 1.049780175090e-01 1.067395657301e-01 8.047617971897e-02 7.887887954712e-02 9.502932429314e-02 9.353020787239e-02 8.582152426243e-02 8.917025476694e-02 9.355565905571e-02 8.760958909988e-02
1.098094414920e-02 1.058504264802e-02 7.349166087806e-03 7.819409482181e-03 7.948677986860e-03 1.165373343974e-02 3.570038825274e-02 1.101034507155e-01 9.390611946583e-02 2.045184001327e-02 8.449727669358e-03 4.792470019311e-03 3.404332557693e-03 3.092631231993e-03 3.172134980559e-03 3.966168500483e-03 5.513492505997e-03 7.514778524637e-03 9.749017655849e-03 1.211829576641e-02 1.443785242736e-02 1.655297540128e-02 1.114537846297e-02 1.121568214148e-02 2.664843760431e-02 1.239907369018e-01 2.137012779713e-01 2.424294948578e-01 2.326685935259e-01 2.348898798227e-01 1.551063954830e-01 1.344553083181e-01 1.142359077930e-01 1.038195788860e-01 1.458242088556e-01 1.256625354290e-01 1.042114421725e-01 6.524597853422e-02 7.027786225080e-02 5.911224707961e-02 5.204267054796e-02 4.938735812902e-02 4.319522902369e-02
1.012561842799e-02 9.113389067352e-03 7.115628104657e-03 7.929537445307e-03 9.019127115607e-03 1.184089202434e-02 1.200954914093e-01 9.565818309784e-02 1.139849200845e-01 1.578758843243e-02 7.412731181830e-03 4.620108287781e-03 3.082176670432e-03 2.500952454284e-03 2.389913890511e-03 2.520238747820e-03 3.085055854172e-03 4.065435845405e-03 5.919318180531e-03 6.824254523963e-03 7.857906632125e-03 1.573369838297e-02 8.092597126961e-03 7.451755926013e-03 2.274302951992e-02 5.135367065668e-02 1.828302294016e-01 2.009804546833e-01 2.142920643091e-01 2.288244813681e-01 1.900015175343e-01 1.474359184504e-01 1.023829355836e-01 1.314728409052e-01 9.149967879057e-02 8.053423464298e-02 6.679438799620e-02 5.524238571525e-02 5.196179449558e-02 5.106235295534e-02 5.433833226562e-02 7.684944570065e-02 1.071448177099e-01
8.578623645008e-03 6.682031322271e-03 6.993794348091e-03 8.415912277997e-03 1.377081871033e-02 2.237889356911e-02 6.738308817148e-02 1.490625441074e-01 5.594754591584e-02 8.817274123430e-03 5.398156121373e-03 3.937263507396e-03 2.813653089106e-03 2.113142283633e-03 1.932963146828e-03 1.936330343597e-03 2.108128042892e-03 2.821293659508e-03 3.884263103828e-03 4.442145582289e-03 4.618339240551e-03 9.615773335099e-03 5.744141992182e-03 6.263707764447e-03 1.400688290596e-02 4.787510633469e-02 1.296733170748e-01 1.763581484556e-01 1.813487559557e-01 1.382217556238e-01 1.070109903812e-01 1.526068449020e-01 1.043748408556e-01 7.387717068195e-02 8.182017505169e-02 1.032313033938e-01 9.346123784781e-02 6.627725064754e-02 6.193444132805e-02 6.040203571320e-02 5.856634303927e-02 6.472226232290e-02 8.052702993155e-02
6.226507946849e-03 5.139374639839e-03 6.427202839404e-03 1.538876164705e-02 3.772514685988e-02 8.552468568087e-02 1.203311458230e-01 7.486810535192e-02 7.821736857295e-03 5.351180210710e-03 3.832818008959e-03 3.154763951898e-03 2.462145872414e-03 2.013688208535e-03 1.772017451003e-03 1.846960280091e-03 1.932571874931e-03 2.334755379707e-03 3.369073150679e-03 4.144717939198e-03 4.402350168675e-03 4.668136127293e-03 4.690748173743e-03 6.994734518230e-03 1.701597683132e-02 4.456769675016e-02 5.476292222738e-02 5.527456849813e-02 1.050688251853e-01 1.224215403199e-01 1.426918804646e-01 9.132690727711e-02 1.182349696755e-01 8.660648018122e-02 9.664128720760e-02 1.143357157707e-01 2.285170853138e-01 1.441521644592e-01 8.482970297337e-02 6.975619494915e-02 7.179802656174e-02 7.059448212385e-02 6.821526587009e-02
4.020986147225e-03 4.212193656713e-03 5.323650315404e-03 6.726694293320e-03 1.579193957150e-02 9.589287638664e-02 6.109902262688e-02 7.970200851560e-03 4.653965122998e-03 4.092686809599e-03 3.428956493735e-03 2.899024402723e-03 2.271715551615e-03 1.937641296536e-03 1.725935377181e-03 1.904446748085e-03 1.978934509680e-03 1.932588289492e-03 2.772040665150e-03 3.537473268807e-03 3.997012041509e-03 3.975400701165e-03 4.987661261111e-03 8.103856816888e-03 2.528206817806e-02 5.014426261187e-02 2.971746027470e-02 3.873170539737e-02 3.608381748199e-02 1.880022585392e-01 2.734298408031e-01 1.470523625612e-01 8.093272149563e-02 1.107975840569e-01 4.369826614857e-02 4.598793014884e-02 1.710713505745e-01 8.237090706825e-02 6.717850267887e-02 5.146877840161e-02 5.292363092303e-02 5.904147773981e-02 6.365671008825e-02
3.389763645828e-03 3.682969836518e-03 4.313587676734e-03 5.455572158098e-03 6.199943833053e-03 8.601897396147e-03 9.511348791420e-03 6.482174154371e-03 3.368059638888e-03 3.475844394416e-03 3.047301666811e-03 2.785813994706e-03 2.281347056851e-03 1.844652113505e-03 1.886730315164e-03 1.924244337715e-03 2.058941172436e-03 2.045460743830e-03 2.335283905268e-03 2.999220276251e-03 3.569654421881e-03 3.791860071942e-03 4.017674829811e-03 6.662808824331e-03 1.870978064835e-02 1.153800543398e-02 1.117204502225e-02 1.837814599276e-02 4.119339585304e-02 8.174280077219e-02 8.559525012970e-02 1.082520335913e-01 1.760434955359e-01 9.270620346069e-02 8.830330520868e-02 6.839293986559e-02 7.035969942808e-02 5.963226035237e-02 3.172580897808e-02 3.956124186516e-02 3.863920271397e-02 4.192760959268e-02 5.267443507910e-02
2.659543650225e-03 3.003397257999e-03 3.575451672077e-03 4.383382853121e-03 4.713073838502e-03 5.249984562397e-03 5.556983873248e-03 3.471448784694e-03 2.960500307381e-03 3.075402462855e-03 2.867299830541e-03 2.486944664270e-03 2.074619056657e-03 1.860819058493e-03 1.842561294325e-03 2.111578825861e-03 2.083461498842e-03 1.791607472114e-03 2.064040163532e-03 2.620761981234e-03 3.102817106992e-03 3.631707746536e-03 5.161639302969e-03 5.395153537393e-03 5.476649850607e-03 7.645748089999e-03 7.478865329176e-03 1.833758130670e-02 2.550096996129e-02 3.443685546517e-02 7.132863998413e-02 1.257758438587e-01 9.268065541983e-02 1.729871779680e-01 1.082429662347e-01 6.084297969937e-02 5.048689246178e-02 4.590316489339e-02 5.535443499684e-02 5.204466357827e-02 6.482283025980e-02 6.402981281281e-02 7.435049861670e-02
2.455903450027e-03 2.433022717014e-03 2.738501876593e-03 3.106438321993e-03 3.348415251821e-03 3.306234022602e-03 3.159817075357e-03 3.040508832783e-03 3.288944717497e-03 3.251489019021e-03 3.029711311683e-03 2.640233840793e-03 2.159790135920e-03 1.907888916321e-03 1.725140842609e-03 1.696212566458e-03 1.913907821290e-03 1.941128866747e-03 1.955281477422e-03 2.360846381634e-03 2.735182410106e-03 3.245418658480e-03 4.966872278601e-03 5.578857846558e-03 6.020294502378e-03 1.246101502329e-02 1.714931614697e-02 2.205760776997e-02 3.097715228796e-02 3.361396491528e-02 7.324931770563e-02 1.392500698566e-01 6.571669876575e-02 6.995174288750e-02 1.265289783478e-01 1.075368672609e-01 7.245792448521e-02 6.149366497993e-02 7.733700424433e-02 3.974695876241e-02 5.265832319856e-02 6.472194939852e-02 7.720688730478e-02
2.017106395215e-03 2.290586242452e-03 2.405576640740e-03 2.436935435981e-03 2.729218918830e-03 2.930675866082e-03 3.157444298267e-03 2.803177107126e-03 2.699675504118e-03 2.786135068163e-03 2.994271926582e-03 2.980735152960e-03 2.565423259512e-03 2.168580424041e-03 2.056144177914e-03 1.853356836364e-03 1.596787245944e-03 1.776980119757e-03 2.012417418882e-03 2.225904725492e-03 2.445426303893e-03 2.804919146001e-03 4.228701349348e-03 4.127024672925e-03 4.547580610961e-03 1.128920819610e-02 2.415133453906e-02 3.259953856468e-02 4.588251188397e-02 2.411712147295e-02 7.099662721157e-02 3.549078479409e-02 3.812433406711e-02 4.387291520834e-02 6.991817057133e-02 7.669278234243e-02 1.021677851677e-01 9.340776503086e-02 6.736873835325e-02 5.769985541701e-02 4.409133270383e-02 4.751673713326e-02 3.865467011929e-02
1.979736844078e-03 2.188946353272e-03 2.178273862228e-03 2.221884671599e-03 2.374398754910e-03 2.633221447468e-03 2.849983749911e-03 2.545966301113e-03 1.994983060285e-03 2.130188746378e-03 2.311857650056e-03 2.722506877035e-03 2.826853422448e-03 2.348471665755e-03 2.208822406828e-03 2.668270142749e-03 2.365846652538e-03 1.928392332047e-03 2.100094454363e-03 2.187822945416e-03 2.670369809493e-03 2.964675426483e-03 3.319268347695e-03 4.065256100148e-03 4.717827308923e-03 8.225571364164e-03 1.739229448140e-02 2.070188336074e-02 2.844734489918e-02 1.611332409084e-02 3.418452292681e-02 2.600499801338e-02 4.320093616843e-02 2.650779671967e-02 5.228752270341e-02 3.920360282063e-02 6.231525540352e-02 7.629341632128e-02 6.979080289602e-02 9.444598853588e-02 8.615049719810e-02 6.901843100786e-02 5.851997062564e-02
1.907054451294e-03 2.061740262434e-03 1.982903108001e-03 2.022925065830e-03 2.031978685409e-03 1.973505830392e-03 2.185872290283e-03 2.066455082968e-03 2.464816905558e-03 2.667957218364e-03 2.421879442409e-03 2.454191911966e-03 2.701337682083e-03 2.811443991959e-03 2.562212524936e-03 3.308800049126e-03 2.945831278339e-03 2.253314014524e-03 2.269342774525e-03 2.258589258417e-03 2.596422098577e-03 2.816689433530e-03 3.153601428494e-03 4.193616099656e-03 4.928763024509e-03 7.379719521850e-03 1.108835451305e-02 1.278696395457e-02 1.373999100178e-02 1.735526137054e-02 2.884997799993e-02 4.419147968292e-02 2.990994602442e-02 7.385154813528e-02 2.490841597319e-02 3.252340480685e-02 6.662821024656e-02 9.316021949053e-02 4.563434422016e-02 5.160930752754e-02 3.275710344315e-02 6.190950796008e-02 5.451092496514e-02
1.701353350654e-03 1.838565571234e-03 1.768010552041e-03 1.741454354487e-03 1.616852590814e-03 1.633039326407e-03 1.723990193568e-03 2.267190720886e-03 2.816514810547e-03 2.894207369536e-03 2.529520541430e-03 2.801602240652e-03 3.118269611150e-03 3.031843807548e-03 3.007962601259e-03 3.107983386144e-03 3.336929250509e-03 3.910863306373e-03 3.509088652208e-03 3.150613978505e-03 3.245486877859e-03 3.490040311590e-03 4.171977750957e-03 4.262104164809e-03 5.173575598747e-03 6.362198386341e-03 1.044748723507e-02 1.041994523257e-02 1.864713802934e-02 3.765875846148e-02 4.673765599728e-02 2.398169785738e-02 2.405828796327e-02 7.462160289288e-02 3.839045390487e-02 4.722061380744e-02 4.185028001666e-02 5.434647575021e-02 3.970582410693e-02 1.518577709794e-02 1.445587445050e-02 1.951175369322e-02 3.872655332088e-02
1.567185856402e-03 1.568616484292e-03 1.557360170409e-03 1.536181778647e-03 1.578338211402e-03 1.670949161053e-03 1.775841577910e-03 2.115176757798e-03 2.372118178755e-03 2.258933847770e-03 2.655638614669e-03 2.857245504856e-03 2.774007385597e-03 2.916165394709e-03 3.990367986262e-03 5.555960815400e-03 6.299498956650e-03 7.987104356289e-03 7.970119826496e-03 8.574970997870e-03 6.118633318692e-03 5.851601716131e-03 6.788521073759e-03 5.685146898031e-03 6.491230335087e-03 8.974040858448e-03 2.734084427357e-02 2.551019936800e-02 2.415828965604e-02 3.252961859107e-02 1.838349923491e-02 1.940963789821e-02 2.648797631264e-02 1.481798104942e-02 8.130210638046e-02 1.124729216099e-01 1.004745066166e-01 2.317307889462e-02 1.095447689295e-02 9.050521999598e-03 8.852490223944e-03 1.047154515982e-02 1.105869654566e-02
1.456644851714e-03 1.510827569291e-03 1.453296863474e-03 1.564693055116e-03 1.673158258200e-03 1.914291526191e-03 1.914826571010e-03 2.216201974079e-03 2.426365157589e-03 2.827743068337e-03 2.924482338130e-03 3.471152856946e-03 3.637763438746e-03 3.364937845618e-03 8.125639520586e-03 2.915901876986e-02 2.304516173899e-02 1.376893185079e-02 1.547372620553e-02 1.926560886204e-02 1.423966046423e-02 7.511724717915e-03 8.744820021093e-03 1.095585897565e-02 1.064774300903e-02 1.982516795397e-02 2.789555117488e-02 2.505693584681e-02 2.015524171293e-02 1.830130815506e-02 2.072538621724e-02 1.964003965259e-02 1.454523764551e-02 1.210743747652e-02 2.061496675014e-02 9.483990073204e-02 9.888942539692e-02 2.039759419858e-02 7.230583578348e-03 7.366606500000e-03 6.620937958360e-03 6.362819578499e-03 1.047404203564e-02
1.460314611904e-03 1.573171466589e-03 1.994462916628e-03 2.229216275737e-03 2.054420532659e-03 3.405822673813e-03 4.004411865026e-03 4.053216427565e-03 3.413679776713e-03 3.346108132973e-03 3.663702635095e-03 4.603645298630e-03 4.589096643031e-03 1.682238094509e-02 1.189302876592e-01 1.498456150293e-01 6.997232139111e-02 4.020431265235e-02 3.210752457380e-02 2.556548826396e-02 1.229557767510e-02 1.191624067724e-02 2.604253217578e-02 5.556995049119e-02 4.556260630488e-02 2.430355921388e-02 2.836844325066e-02 2.310688421130e-02 2.445500157773e-02 1.734209619462e-02 4.317904636264e-02 1.721785403788e-02 1.286163739860e-02 9.088786318898e-03 6.017439533025e-03 1.952057890594e-02 2.156071551144e-02 5.276787560433e-03 3.531868802384e-03 4.156572744250e-03 5.140129476786e-03 5.746867973357e-03 5.374031607062e-03
1.794414478354e-03 2.823343500495e-03 3.850095206872e-03 4.184328019619e-03 5.414200946689e-03 7.198156323284e-03 7.071743253618e-03 6.235641892999e-03 5.357507150620e-03 4.129838198423e-03 4.946111235768e-03 5.468544550240e-03 3.022122383118e-02 1.666601300240e-01 2.279936969280e-01 7.956392318010e-02 2.538746781647e-02 1.552411448210e-02 1.573133468628e-02 1.375383976847e-02 1.320884563029e-02 3.010166250169e-02 5.933682247996e-02 7.889780402184e-02 6.348628550768e-02 3.270021826029e-02 2.250580675900e-02 1.661653630435e-02 1.496718917042e-02 1.337397284806e-02 1.850649341941e-02 8.276103064418e-03 9.345899336040e-03 7.575566880405e-03 4.757970571518e-03 2.820347202942e-03 2.322489395738e-03 2.262739930302e-03 2.375706564635e-03 2.958677010611e-03 3.972853533924e-03 5.024651531130e-03 5.140626337379e-03
2.973746741191e-03 4.449239466339e-03 5.913060624152e-03 7.882664911449e-03 1.525046117604e-02 1.517887599766e-02 2.124561741948e-02 1.525732968003e-02 1.734506338835e-02 1.030422747135e-02 5.774903111160e-03 3.943716362119e-02 1.588092893362e-01 1.580725163221e-01 4.136976599693e-02 1.261018961668e-02 2.358282916248e-02 3.116843663156e-02 2.212011627853e-02 2.563662454486e-02 3.084965422750e-02 3.095257282257e-02 4.487058892846e-02 3.664819523692e-02 2.483664639294e-02 1.932876184583e-02 1.204737834632e-02 4.699781071395e-03 4.794352687895e-03 4.760085605085e-03 6.093354895711e-03 4.454823676497e-03 3.928028047085e-03 2.711516804993e-03 2.770893974230e-03 2.821292961016e-03 2.911919262260e-03 3.056437475607e-03 3.250867128372e-03 3.501144004986e-03 3.539904253557e-03 4.217883571982e-03 5.348904989660e-03
