VariationalSeries/SI/f190.grd
DSAA
101	101
32.816463539100	34.260883539100
35.556306596100	36.727886596100
2.405474151601e-05	3.916957378387e+00
[rows 0 to 18 of 101, columns 0 to 42 of 101]
3.637006506324e-03 6.501625757664e-03 5.762978456914e-03 3.451231867075e-03 2.892563585192e-03 3.767726942897e-03 7.507471833378e-03 1.046655606478e-02 9.361183270812e-03 5.590097513050e-03 3.536503994837e-03 4.064575303346e-03 4.314918536693e-03 4.165988415480e-03 3.572372253984e-03 5.449924152344e-03 8.191081695259e-03 9.478588588536e-03 6.750708445907e-03 4.389892332256e-03 4.992050118744e-03 5.337814800441e-03 3.946939017624e-03 3.539677942172e-03 3.756749210879e-03 5.133708938956e-03 7.493271958083e-03 8.558779954910e-03 1.113634090871e-02 8.873692713678e-03 6.821308750659e-03 6.409536115825e-03 5.561818834394e-03 4.412814043462e-03 3.602364100516e-03 3.487125271931e-03 3.205149434507e-03 4.336930811405e-03 6.087405141443e-03 6.982943043113e-03 5.848877131939e-03 4.953552968800e-03 4.719350486994e-03
6.731072906405e-03 1.270349789411e-02 1.246255449951e-02 8.707639761269e-03 6.135069299489e-03 7.285149767995e-03 1.444844249636e-02 1.998228020966e-02 1.767975836992e-02 1.030233595520e-02 6.072269752622e-03 6.944248452783e-03 7.333928719163e-03 6.982216611505e-03 6.105787586421e-03 8.104397915304e-03 1.290361210704e-02 1.688921451569e-02 1.524504926056e-02 9.085761383176e-03 9.105268865824e-03 1.394023280591e-02 7.330790162086e-03 6.576454732567e-03 7.746946997941e-03 1.002962701023e-02 1.256150938570e-02 1.434134226292e-02 2.117731980979e-02 1.648632250726e-02 1.108700502664e-02 1.004685927182e-02 9.370070882142e-03 7.610401138663e-03 8.186656050384e-03 8.559931069613e-03 8.605847135186e-03 9.645310230553e-03 1.213361974806e-02 1.221181266010e-02 9.035147726536e-03 8.934579789639e-03 9.762803092599e-03
6.582145113498e-03 1.351178623736e-02 1.514706015587e-02 1.297742500901e-02 8.345220237970e-03 8.409709669650e-03 1.671786233783e-02 2.271540835500e-02 1.946421712637e-02 1.066711824387e-02 7.667970377952e-03 8.644838817418e-03 8.932299911976e-03 8.265246637166e-03 6.806428078562e-03 6.568870507181e-03 8.471352048218e-03 1.265584956855e-02 1.447159238160e-02 1.176253240556e-02 1.436907239258e-02 2.155013754964e-02 9.434145875275e-03 8.145812898874e-03 1.030046492815e-02 1.246522739530e-02 1.293726079166e-02 1.301259454340e-02 2.468037232757e-02 1.848812587559e-02 1.074133627117e-02 9.209489449859e-03 1.282167248428e-02 6.823640782386e-03 7.702864240855e-03 8.845156989992e-03 1.106851082295e-02 1.402477640659e-02 1.466621737927e-02 1.215121895075e-02 1.251689810306e-02 8.287944830954e-03 1.094272639602e-02
5.837168544531e-03 1.284931134433e-02 1.532531064004e-02 1.566831581295e-02 1.259858720005e-02 8.610388264060e-03 1.747293211520e-02 2.323963679373e-02 1.880826242268e-02 9.160171262920e-03 8.485314436257e-03 9.366920217872e-03 9.327323175967e-03 8.299300447106e-03 6.600135471672e-03 6.704627536237e-03 6.399634759873e-03 7.346386089921e-03 9.562077932060e-03 1.085998956114e-02 2.410197071731e-02 2.742638997734e-02 1.055583916605e-02 8.944869972765e-03 1.135967206210e-02 1.302303839475e-02 1.245602965355e-02 1.187057886273e-02 2.472137659788e-02 1.797369681299e-02 9.108362719417e-03 7.404689677060e-03 1.477869506925e-02 7.857488468289e-03 8.611098863184e-03 1.217977888882e-02 1.507109776139e-02 1.570618338883e-02 1.329412963241e-02 1.541913766414e-02 1.510597113520e-02 9.201235137880e-03 1.003161538392e-02
5.709543824196e-03 1.229242421687e-02 1.455320790410e-02 1.610209792852e-02 1.541306544095e-02 1.089693792164e-02 1.782836392522e-02 2.321431413293e-02 1.762893237174e-02 7.767703384161e-03 9.099639020860e-03 9.686743840575e-03 9.378246963024e-03 9.334764443338e-03 8.569379337132e-03 7.235370576382e-03 7.068631704897e-03 6.973113864660e-03 9.841287508607e-03 1.994850113988e-02 3.350491076708e-02 3.013153932989e-02 1.132649462670e-02 1.274525374174e-02 1.136376243085e-02 1.272258348763e-02 1.141040958464e-02 1.181453093886e-02 2.339978329837e-02 1.693062111735e-02 1.076375506818e-02 8.419074118137e-03 1.575653627515e-02 9.646191261709e-03 1.353805605322e-02 1.620684377849e-02 1.638495177031e-02 1.383102778345e-02 9.521726518869e-03 1.581995561719e-02 1.837364025414e-02 1.229120790958e-02 7.952022366226e-03
5.334626417607e-03 1.072179991752e-02 1.295801531523e-02 1.417872589082e-02 1.573504693806e-02 1.310416124761e-02 1.781194470823e-02 2.246399782598e-02 1.588532142341e-02 8.625114336610e-03 9.662338532507e-03 1.060758437961e-02 1.130573358387e-02 1.094080694020e-02 9.842203930020e-03 8.009951561689e-03 6.498249713331e-03 7.383695803583e-03 1.567271910608e-02 2.844374999404e-02 3.898477181792e-02 2.976275980473e-02 1.282286085188e-02 1.940555125475e-02 1.193243451416e-02 1.192879397422e-02 1.022002380341e-02 1.287100650370e-02 2.093057893217e-02 1.693141832948e-02 1.087824814022e-02 9.218140505254e-03 1.827103458345e-02 1.444662734866e-02 1.714733988047e-02 1.695230789483e-02 1.407077163458e-02 9.730263613164e-03 1.072545163333e-02 1.487743575126e-02 2.249805070460e-02 1.427682861686e-02 7.738236803561e-03
6.716967094690e-03 1.193306129426e-02 1.100282929838e-02 1.089121401310e-02 1.357886847109e-02 1.315831020474e-02 1.752955093980e-02 2.146686986089e-02 1.425265613943e-02 9.509896859527e-03 1.067014783621e-02 1.214262191206e-02 1.230346411467e-02 1.144055929035e-02 9.736583568156e-03 9.188183583319e-03 8.718156255782e-03 1.085274200886e-02 2.115801535547e-02 3.398895636201e-02 4.037190228701e-02 2.718186564744e-02 1.696284860373e-02 2.459550648928e-02 1.728739589453e-02 1.085988339037e-02 1.003503426909e-02 2.385578863323e-02 3.342609852552e-02 2.156557887793e-02 1.206473167986e-02 1.024984009564e-02 2.006405033171e-02 1.693684235215e-02 1.693588308990e-02 1.406266167760e-02 9.802728891373e-03 1.074842363596e-02 1.556531153619e-02 1.964261569083e-02 2.309768088162e-02 1.701935566962e-02 7.709961850196e-03
6.812496576458e-03 1.362961158156e-02 1.408695150167e-02 1.019989047199e-02 9.726108983159e-03 1.101113017648e-02 1.728349179029e-02 2.098469808698e-02 1.327164191753e-02 1.027800049633e-02 1.204752270132e-02 1.285917032510e-02 1.243367511779e-02 1.096819061786e-02 1.027754880488e-02 1.164013426751e-02 1.297355722636e-02 1.432946883142e-02 2.594180405140e-02 3.688038140535e-02 3.962608799338e-02 2.442916482687e-02 1.840323954821e-02 2.704248763621e-02 2.102506347001e-02 1.339298114181e-02 9.619910269976e-03 3.624362871051e-02 4.683492332697e-02 2.528310194612e-02 1.318459678441e-02 1.235294342041e-02 1.981476694345e-02 1.554807461798e-02 1.439619623125e-02 1.021843403578e-02 1.028793025762e-02 1.531716715544e-02 2.022908069193e-02 2.234128303826e-02 2.030422911048e-02 2.121433056891e-02 8.895713835955e-03
5.890189670026e-03 1.288016419858e-02 1.602049916983e-02 1.458684634417e-02 9.694427251816e-03 9.518810547888e-03 1.709376275539e-02 2.079933881760e-02 1.277235057205e-02 1.147918868810e-02 1.277322880924e-02 1.289670355618e-02 1.180473621935e-02 1.016550138593e-02 1.072450261563e-02 1.237583439797e-02 1.678344607353e-02 1.720068790019e-02 2.863391675055e-02 3.632172942162e-02 3.595869243145e-02 2.119942009449e-02 1.876882277429e-02 2.585491351783e-02 2.268198877573e-02 1.546564511955e-02 1.214016042650e-02 4.675147682428e-02 5.466696619987e-02 2.785288169980e-02 1.444784644991e-02 1.177555788308e-02 2.010101079941e-02 1.341067999601e-02 1.580399274826e-02 1.585964858532e-02 1.535174716264e-02 2.058286406100e-02 2.367493696511e-02 2.237982302904e-02 1.644006557763e-02 2.632816135883e-02 1.044738013297e-02
5.964185111225e-03 1.069360785186e-02 1.509717945009e-02 1.710623130202e-02 1.459566783160e-02 9.568626992404e-03 1.713398285210e-02 2.076388150454e-02 1.247818116099e-02 1.214603241533e-02 1.280791126192e-02 1.226110849530e-02 1.338392868638e-02 1.457324996591e-02 1.523949857801e-02 1.545112207532e-02 1.821832172573e-02 1.992174610496e-02 2.948201261461e-02 3.369178995490e-02 3.115426003933e-02 1.806659251451e-02 1.694627851248e-02 2.259515039623e-02 2.190863527358e-02 1.589334756136e-02 1.312611810863e-02 5.304962396622e-02 5.806326866150e-02 2.885382808745e-02 1.266856770962e-02 1.022582221776e-02 2.178440988064e-02 1.331100147218e-02 1.618060283363e-02 1.650972291827e-02 2.133098244667e-02 2.456359751523e-02 2.403316646814e-02 1.924951188266e-02 1.375219691545e-02 2.859765850008e-02 1.457091979682e-02
5.988141056150e-03 1.199850253761e-02 1.244306284934e-02 1.635705120862e-02 1.790558733046e-02 1.440455205739e-02 1.698128692806e-02 2.043174766004e-02 1.206700503826e-02 1.226897072047e-02 1.345914416015e-02 1.575342565775e-02 1.746427081525e-02 1.841082610190e-02 1.884708181024e-02 1.900849305093e-02 1.880579441786e-02 2.473283186555e-02 3.468114137650e-02 3.675749525428e-02 3.089409321547e-02 2.283467724919e-02 1.603164337575e-02 1.926991902292e-02 1.976109854877e-02 1.415627449751e-02 1.523467991501e-02 5.596575513482e-02 5.940758809447e-02 2.825578860939e-02 1.217179931700e-02 1.155286189169e-02 2.134246937931e-02 1.417833473533e-02 1.882379874587e-02 2.283053100109e-02 2.546392567456e-02 2.497818134725e-02 2.071921341121e-02 1.600119471550e-02 1.559251733124e-02 2.747013047338e-02 1.895154453814e-02
5.067054647952e-03 1.067345868796e-02 1.278108917177e-02 1.359697803855e-02 1.767139136791e-02 1.863591931760e-02 1.646746695042e-02 1.968884468079e-02 1.198105514050e-02 1.450642477721e-02 1.687902398407e-02 1.880897581577e-02 2.012748643756e-02 2.087775990367e-02 2.112724259496e-02 2.107894793153e-02 2.085190080106e-02 3.289676830173e-02 4.498292133212e-02 4.675903543830e-02 4.028948023915e-02 3.156336024404e-02 2.308844029903e-02 1.635278761387e-02 2.307090163231e-02 2.210869267583e-02 1.870220899582e-02 5.370049178600e-02 5.255906656384e-02 2.570718899369e-02 1.576635986567e-02 1.866511255503e-02 2.014526911080e-02 2.261189185083e-02 2.564238570631e-02 2.679223194718e-02 2.569452114403e-02 2.224053256214e-02 2.125186100602e-02 2.462207339704e-02 1.854366995394e-02 2.347726747394e-02 2.259065024555e-02
4.376546479762e-03 8.331305347383e-03 1.062918175012e-02 1.258186716586e-02 1.493237167597e-02 1.893431507051e-02 1.903606951237e-02 1.862446963787e-02 1.487043406814e-02 1.729017496109e-02 1.901833526790e-02 2.011422254145e-02 2.076521143317e-02 2.112077735364e-02 2.113749273121e-02 2.101722359657e-02 2.100693248212e-02 3.618458285928e-02 4.890409484506e-02 4.994437098503e-02 4.317747801542e-02 3.515073657036e-02 2.746637351811e-02 2.007895708084e-02 3.100212104619e-02 2.997772395611e-02 2.527728676796e-02 4.675040021539e-02 4.123378917575e-02 2.185923047364e-02 2.757460065186e-02 3.112844936550e-02 3.101546876132e-02 3.000341542065e-02 2.915713004768e-02 2.832551114261e-02 2.747041732073e-02 2.606531232595e-02 2.384337969124e-02 3.335211798549e-02 2.075272426009e-02 1.784635894001e-02 2.910679206252e-02
5.419311579317e-03 1.051975786686e-02 1.034443825483e-02 9.668663144112e-03 1.185471098870e-02 1.623559743166e-02 2.025602757931e-02 1.933457516134e-02 1.654192805290e-02 1.838377676904e-02 1.930096000433e-02 1.958941295743e-02 1.943701133132e-02 1.898322813213e-02 1.847516186535e-02 1.836599595845e-02 1.881889253855e-02 3.319631889462e-02 4.398126155138e-02 4.546691477299e-02 4.081906005740e-02 3.459850698709e-02 2.855091169477e-02 2.255081012845e-02 3.061157651246e-02 3.162803873420e-02 2.793968841434e-02 3.824321925640e-02 3.007415309548e-02 2.396875433624e-02 3.236488997936e-02 3.662437945604e-02 3.495199605823e-02 3.150079771876e-02 2.837112173438e-02 2.668435871601e-02 2.520192041993e-02 2.348095923662e-02 2.146381139755e-02 3.526459634304e-02 3.231003507972e-02 1.839507557452e-02 3.305342420936e-02
6.990378256887e-03 1.398254837841e-02 1.404882036150e-02 1.378603186458e-02 1.333066914231e-02 1.266736257821e-02 1.775069162250e-02 2.164178527892e-02 1.914330758154e-02 1.797207817435e-02 1.819846779108e-02 1.779472269118e-02 1.698897220194e-02 1.591828092933e-02 1.498539559543e-02 1.516603212804e-02 1.532221958041e-02 2.620395831764e-02 3.377796337008e-02 3.562822937965e-02 3.333655372262e-02 2.993122488260e-02 2.640767209232e-02 2.262992225587e-02 2.396611310542e-02 2.614594437182e-02 2.555058710277e-02 3.886245191097e-02 2.203880436718e-02 2.432884275913e-02 3.152785822749e-02 3.503305092454e-02 3.354642167687e-02 2.774691581726e-02 2.052763849497e-02 2.119830809534e-02 1.807816140354e-02 1.913493871689e-02 1.863735169172e-02 2.906391769648e-02 4.308926686645e-02 1.864677667618e-02 3.322453051805e-02
7.093893829733e-03 1.441557519138e-02 1.493199914694e-02 1.564797759056e-02 1.619157008827e-02 1.633595302701e-02 1.622251048684e-02 1.943579316139e-02 2.261464856565e-02 1.815377920866e-02 1.633105427027e-02 1.547406148165e-02 1.437349524349e-02 1.353486068547e-02 1.457014307380e-02 1.550076529384e-02 1.651729829609e-02 2.154498361051e-02 2.363209426403e-02 2.534696087241e-02 2.482412196696e-02 2.302681840956e-02 2.149533294141e-02 2.037148922682e-02 1.949743181467e-02 1.913230493665e-02 2.533615007997e-02 4.112081602216e-02 2.808225154877e-02 2.747937664390e-02 3.264103457332e-02 3.315446525812e-02 2.783763967454e-02 2.785296738148e-02 1.504770759493e-02 2.515977621078e-02 2.398789860308e-02 2.222586795688e-02 1.907264627516e-02 2.035139314830e-02 4.888255149126e-02 2.660351060331e-02 2.943288534880e-02
7.663482334465e-03 1.322885043919e-02 1.319242268801e-02 1.377690769732e-02 1.495132781565e-02 1.644287817180e-02 1.742561161518e-02 1.792360283434e-02 2.079964429140e-02 2.201684936881e-02 1.891705207527e-02 1.823656260967e-02 1.837689243257e-02 1.666204258800e-02 1.502333395183e-02 1.703200861812e-02 1.880989223719e-02 2.216256968677e-02 2.236887440085e-02 1.874455623329e-02 1.693679951131e-02 1.989093981683e-02 2.490981295705e-02 2.589839696884e-02 2.340486459434e-02 1.886563748121e-02 2.804467082024e-02 4.183345288038e-02 2.820805646479e-02 2.964765951037e-02 3.120408207178e-02 3.206238150597e-02 3.447005897760e-02 3.097566217184e-02 1.888066902757e-02 2.831819094718e-02 2.667811512947e-02 2.207413129508e-02 1.662323810160e-02 1.985253207386e-02 4.687878116965e-02 4.082458466291e-02 2.300267852843e-02
8.742917329073e-03 1.610391587019e-02 1.734109595418e-02 1.495863404125e-02 1.383967511356e-02 1.495634205639e-02 1.526230946183e-02 1.509902253747e-02 1.632857881486e-02 2.026135474443e-02 2.208137512207e-02 2.276685833931e-02 2.284576371312e-02 2.100645750761e-02 2.065607346594e-02 1.994890347123e-02 1.874719746411e-02 2.218561433256e-02 2.328245714307e-02 2.071366645396e-02 1.708912849426e-02 1.572088524699e-02 1.738536916673e-02 1.940916664898e-02 1.992011442780e-02 2.000825293362e-02 2.454231120646e-02 4.015605896711e-02 2.870594337583e-02 2.514058724046e-02 2.880990318954e-02 3.318417817354e-02 3.708145767450e-02 3.164512291551e-02 2.172155119479e-02 3.128544241190e-02 2.555968053639e-02 1.984159648418e-02 1.494390983135e-02 1.810824126005e-02 3.768790140748e-02 5.525301024318e-02 2.547487244010e-02
8.575531654060e-03 1.681515574455e-02 1.998750492930e-02 1.882633194327e-02 1.425428967923e-02 1.109017990530e-02 1.347568351775e-02 1.528733968735e-02 1.641437783837e-02 1.657133549452e-02 2.184787392616e-02 2.428822405636e-02 2.320006862283e-02 2.328130230308e-02 2.355112880468e-02 2.324512600899e-02 2.058108337224e-02 2.197532169521e-02 2.403273247182e-02 2.215128764510e-02 1.700271666050e-02 2.033337950706e-02 1.980194076896e-02 2.034690789878e-02 1.795673929155e-02 1.752197928727e-02 1.841841451824e-02 3.715652599931e-02 3.393714129925e-02 2.687296457589e-02 2.600392140448e-02 2.805787324905e-02 3.475056588650e-02 3.103550709784e-02 2.515115588903e-02 3.021942637861e-02 2.227942831814e-02 1.780320890248e-02 1.678988710046e-02 1.649540476501e-02 2.578792907298e-02 6.461429595947e-02 2.679607272148e-02
