VariationalSeries/SI/f191_max.grd
DSAA
101	101
32.816463539100	34.260883539100
35.556306596100	36.727886596100
1.274141715840e-03	3.674660491943e+01
[rows 0 to 18 of 101, columns 43 to 85 of 101]
1.137613505125e-02 1.093219872564e-02 1.276524364948e-02 1.027846150100e-02 8.921014145017e-03 6.603716406971e-03 7.970013655722e-03 1.302290987223e-02 8.676600642502e-03 1.004454214126e-02 9.490652941167e-03 1.122425682843e-02 1.243570912629e-02 1.085945870727e-02 6.992134731263e-03 1.094967313111e-02 8.460241369903e-03 1.166295818985e-02 1.674068905413e-02 2.296491898596e-02 2.852919697762e-02 3.148460015655e-02 3.099559061229e-02 4.662713780999e-02 4.673384875059e-02 3.132709115744e-02 1.836558431387e-02 1.246800646186e-02 9.129937738180e-03 1.037220843136e-02 1.233675703406e-02 6.281698588282e-03 5.884990561754e-03 5.892823450267e-03 6.517319008708e-03 6.215416826308e-03 5.132557358593e-03 4.335832316428e-03 3.777432022616e-03 3.359387163073e-03 3.223387990147e-03 2.662373473868e-03 2.229096135125e-03
2.199338935316e-02 1.978781633079e-02 2.503564208746e-02 2.249836549163e-02 1.709743030369e-02 1.202579773962e-02 1.518223527819e-02 2.524555474520e-02 2.016670070589e-02 2.005828730762e-02 1.687442883849e-02 2.083867602050e-02 2.231818996370e-02 1.969272457063e-02 1.273701433092e-02 2.275656908751e-02 1.754138991237e-02 2.195671759546e-02 3.178167343140e-02 4.373279213905e-02 5.297543108463e-02 5.703775957227e-02 5.606387183070e-02 8.164802193642e-02 7.949175685644e-02 5.200751125813e-02 3.334336355329e-02 2.299897931516e-02 1.699951663613e-02 2.007049135864e-02 2.198600582778e-02 1.250371802598e-02 1.141192577779e-02 1.086182240397e-02 1.262032240629e-02 1.043294556439e-02 8.481210097671e-03 7.483675610274e-03 6.602809764445e-03 5.862202960998e-03 6.165800616145e-03 4.419751930982e-03 3.858766518533e-03
2.892115712166e-02 2.411314658821e-02 2.791662886739e-02 2.785742655396e-02 2.294486016035e-02 1.615387387574e-02 1.716827787459e-02 3.035460412502e-02 3.519773855805e-02 3.566415980458e-02 2.274806797504e-02 2.364337630570e-02 3.030880354345e-02 2.703291364014e-02 1.505306269974e-02 2.782392129302e-02 2.185986749828e-02 2.793262712657e-02 4.045058786869e-02 5.455980077386e-02 6.385434418917e-02 6.792774051428e-02 7.187793403864e-02 1.020992621779e-01 9.671203792095e-02 6.149055808783e-02 4.150801151991e-02 2.958066575229e-02 1.923035643995e-02 2.351074293256e-02 2.258510515094e-02 1.553864125162e-02 1.337328739464e-02 1.184591744095e-02 1.409911084920e-02 1.329365279526e-02 1.053097471595e-02 8.272005245090e-03 7.301024161279e-03 6.615560967475e-03 7.052856963128e-03 4.747912753373e-03 4.253932740539e-03
3.274114429951e-02 3.079123049974e-02 2.495105937123e-02 2.749140933156e-02 2.483129501343e-02 1.921993680298e-02 2.120172418654e-02 3.533096611500e-02 4.982882365584e-02 5.175843834877e-02 3.448730707169e-02 2.416439354420e-02 3.618129715323e-02 3.277914226055e-02 1.573314890265e-02 3.131360933185e-02 2.512731961906e-02 3.291625902057e-02 4.692570865154e-02 6.027654185891e-02 6.729912757874e-02 7.057523727417e-02 8.207634836435e-02 1.122330278158e-01 1.018668413162e-01 6.201522052288e-02 4.455562308431e-02 3.344668820500e-02 2.202287875116e-02 2.438923157752e-02 1.999081484973e-02 1.660252735019e-02 1.361393183470e-02 1.312921475619e-02 1.533037144691e-02 1.475770492107e-02 1.140846591443e-02 7.939159870148e-03 7.584105245769e-03 7.319456432015e-03 7.432042155415e-03 4.800999537110e-03 4.140807781368e-03
3.424953669310e-02 3.690079227090e-02 2.861597575247e-02 2.324851788580e-02 2.311346307397e-02 2.439223602414e-02 2.529010176659e-02 4.342205077410e-02 6.334663182497e-02 6.844832748175e-02 4.817233979702e-02 2.430303022265e-02 4.097763821483e-02 3.788609430194e-02 1.816161908209e-02 3.436256572604e-02 2.781384438276e-02 3.916525468230e-02 5.324980989099e-02 6.397058069706e-02 6.821814179420e-02 7.080585509539e-02 9.111990779638e-02 1.185418143868e-01 1.017536595464e-01 5.871196836233e-02 4.553133994341e-02 3.543914109468e-02 2.373696491122e-02 2.410344034433e-02 1.866692304611e-02 1.733747497201e-02 1.420062314719e-02 1.556922309101e-02 1.645587384701e-02 1.546662021428e-02 1.162214018404e-02 8.033678866923e-03 8.123429492116e-03 7.911594584584e-03 7.756314706057e-03 5.327874794602e-03 4.026486538351e-03
3.311869874597e-02 3.920381143689e-02 3.284213319421e-02 2.695048041642e-02 2.402704209089e-02 2.958746626973e-02 2.743536606431e-02 4.932275041938e-02 7.534117251635e-02 8.505019545555e-02 6.259144097567e-02 2.973548695445e-02 4.570296406746e-02 4.322553798556e-02 2.077434398234e-02 3.692424669862e-02 3.344704210758e-02 4.583060368896e-02 5.855543538928e-02 6.562811881304e-02 6.727451086044e-02 6.980640441179e-02 1.000475734472e-01 1.229727342725e-01 9.900782257318e-02 5.417545512319e-02 4.597245156765e-02 3.576476126909e-02 2.416696213186e-02 2.232140861452e-02 1.879715733230e-02 1.793608441949e-02 1.490852795541e-02 1.742054522038e-02 1.722677610815e-02 1.568097621202e-02 1.142830308527e-02 8.210121653974e-03 8.662082254887e-03 8.376967161894e-03 7.969774305820e-03 5.849729757756e-03 4.256972577423e-03
2.993267029524e-02 3.760527074337e-02 3.551574051380e-02 3.201545029879e-02 2.440720982850e-02 3.439889103174e-02 2.705035731196e-02 5.217655375600e-02 8.368792384863e-02 9.783850610256e-02 7.583344727755e-02 3.987152874470e-02 5.075087025762e-02 4.940974339843e-02 2.403179928660e-02 3.943611681461e-02 4.007754847407e-02 5.152701586485e-02 6.171647831798e-02 6.584823131561e-02 6.641681492329e-02 6.872908025980e-02 1.088861748576e-01 1.259351521730e-01 9.460940212011e-02 5.326505377889e-02 4.583061113954e-02 3.557870164514e-02 2.434896305203e-02 1.928107813001e-02 1.852633804083e-02 1.806181482971e-02 1.505692582577e-02 1.809246651828e-02 1.776655018330e-02 1.549133192748e-02 1.127015519887e-02 8.617863059044e-03 9.016697295010e-03 9.393825195730e-03 8.044980466366e-03 6.258174777031e-03 4.698860459030e-03
2.882835082710e-02 3.598721697927e-02 3.603780269623e-02 3.589433804154e-02 2.984697557986e-02 3.898193314672e-02 2.526488527656e-02 5.054163932800e-02 8.470918983221e-02 1.034411862493e-01 8.635698258877e-02 5.227469652891e-02 5.547734722495e-02 5.619601532817e-02 2.811837196350e-02 4.180959239602e-02 4.623509943485e-02 5.598047003150e-02 6.352180987597e-02 6.551150977612e-02 6.530614197254e-02 7.124380022287e-02 1.176828145981e-01 1.278876364231e-01 8.910745382309e-02 5.042969807982e-02 4.380752518773e-02 3.435640409589e-02 2.373597957194e-02 1.822795905173e-02 1.828297786415e-02 1.818583905697e-02 1.713032834232e-02 1.743732765317e-02 1.808308251202e-02 1.537088491023e-02 1.092721335590e-02 8.949439972639e-03 9.257042780519e-03 1.062025036663e-02 8.232460357249e-03 6.647035013884e-03 4.960358142853e-03
3.229201212525e-02 3.616190701723e-02 3.491701930761e-02 3.805824741721e-02 3.472953662276e-02 4.324216768146e-02 2.332876250148e-02 4.456605389714e-02 7.767868787050e-02 1.010976284742e-01 9.274382144213e-02 6.390769779682e-02 5.951836705208e-02 6.326606124640e-02 3.298565745354e-02 4.418221861124e-02 5.164346471429e-02 5.969837307930e-02 6.479157507420e-02 6.437531858683e-02 6.342427432537e-02 7.921715825796e-02 1.259358972311e-01 1.283706575632e-01 8.230794966221e-02 4.648530110717e-02 4.061987996101e-02 3.191467374563e-02 2.506739459932e-02 1.910887472332e-02 1.806839555502e-02 1.789615303278e-02 1.956463977695e-02 1.987574063241e-02 2.048077993095e-02 1.498134713620e-02 1.037134975195e-02 9.498762898147e-03 9.723435156047e-03 1.176720764488e-02 8.515962399542e-03 6.862550508231e-03 5.166749935597e-03
3.459076955914e-02 3.690524771810e-02 3.347627446055e-02 3.910674154758e-02 3.838719427586e-02 4.663697630167e-02 2.611546963453e-02 3.683023899794e-02 6.655561178923e-02 9.275162220001e-02 9.366686642170e-02 7.320080697536e-02 6.308920681477e-02 7.095027714968e-02 3.907290101051e-02 4.787725582719e-02 5.575231462717e-02 6.238210573792e-02 6.491544097662e-02 6.210834532976e-02 5.983326956630e-02 8.661668002605e-02 1.324888914824e-01 1.261328458786e-01 7.399591058493e-02 4.212873429060e-02 3.646959364414e-02 3.411642834544e-02 2.683280967176e-02 1.989977993071e-02 1.850977540016e-02 1.952762342989e-02 2.038767933846e-02 2.111196145415e-02 2.223704755306e-02 1.423478312790e-02 9.957721456885e-03 1.072607282549e-02 1.068149600178e-02 1.261247694492e-02 8.257341571152e-03 6.693257484585e-03 5.206871777773e-03
3.502387180924e-02 3.825692832470e-02 3.220256790519e-02 3.965207561851e-02 4.129287227988e-02 4.936167225242e-02 2.794409729540e-02 3.054910153151e-02 5.375754460692e-02 7.888839393854e-02 8.710509538651e-02 7.812081277370e-02 6.511591374874e-02 7.872503250837e-02 4.702940955758e-02 5.223081633449e-02 5.855312943459e-02 6.360073387623e-02 6.320238113403e-02 5.843424797058e-02 5.520353466272e-02 9.398222714663e-02 1.370677053928e-01 1.213385760784e-01 6.479399651289e-02 3.732183203101e-02 3.465943783522e-02 3.780970349908e-02 2.807629853487e-02 2.059181965888e-02 2.005131542683e-02 2.114277333021e-02 1.878294348717e-02 1.846716180444e-02 2.115321904421e-02 1.312553137541e-02 1.211453974247e-02 1.260120980442e-02 1.224780175835e-02 1.308324187994e-02 7.632877677679e-03 6.400069221854e-03 5.005815997720e-03
3.402056545019e-02 3.975902870297e-02 3.536225855350e-02 4.003468155861e-02 4.421971738338e-02 5.109279602766e-02 2.966362051666e-02 3.210788220167e-02 4.074959456921e-02 6.190505623817e-02 7.465334236622e-02 7.690520584583e-02 7.030911743641e-02 8.498062938452e-02 5.681646615267e-02 5.567846819758e-02 6.080279499292e-02 6.353700160980e-02 6.008523702621e-02 5.444801226258e-02 5.914802849293e-02 1.007987782359e-01 1.399045288563e-01 1.149522215128e-01 5.548523366451e-02 3.229371830821e-02 3.785575553775e-02 4.076744616032e-02 3.014676086605e-02 2.102172188461e-02 2.138444595039e-02 2.230226434767e-02 1.672740094364e-02 1.759956218302e-02 1.980583183467e-02 1.305074431002e-02 1.485362462699e-02 1.363115850836e-02 1.395270507783e-02 1.306733209640e-02 7.232916541398e-03 5.850817076862e-03 5.071811843663e-03
3.207521513104e-02 4.127039760351e-02 3.969374671578e-02 4.059657081962e-02 4.712529480457e-02 5.253857746720e-02 3.539111837745e-02 3.837234526873e-02 3.799312561750e-02 4.530471935868e-02 5.766449868679e-02 6.832262128592e-02 7.205116748810e-02 8.746948093176e-02 6.614885479212e-02 5.911808088422e-02 6.203730404377e-02 6.155104935169e-02 5.601990595460e-02 5.087660998106e-02 6.521376967430e-02 1.069844290614e-01 1.412620395422e-01 1.073877662420e-01 4.697509109974e-02 3.243589401245e-02 3.961477801204e-02 4.206258431077e-02 3.135383129120e-02 2.428502216935e-02 2.416693232954e-02 1.987325400114e-02 1.680075749755e-02 1.672496460378e-02 1.920001767576e-02 1.663378067315e-02 1.622992195189e-02 1.297077350318e-02 1.516936626285e-02 1.261784322560e-02 6.753724534065e-03 6.191466469318e-03 6.081838160753e-03
2.942399680614e-02 4.282299801707e-02 4.330940917134e-02 4.147754982114e-02 5.008838325739e-02 5.414989218116e-02 4.062537476420e-02 4.597842693329e-02 3.412256762385e-02 3.291404619813e-02 4.092254862189e-02 5.382170155644e-02 6.798423081636e-02 8.497038483620e-02 7.353372871876e-02 6.205301731825e-02 6.113171204925e-02 5.828692391515e-02 5.205291882157e-02 5.600816011429e-02 7.177391648293e-02 1.136243343353e-01 1.414014995098e-01 9.907665848732e-02 3.966143727303e-02 3.344965353608e-02 4.087136313319e-02 4.278215765953e-02 3.135201334953e-02 2.717366069555e-02 2.256727591157e-02 1.715718023479e-02 1.631573587656e-02 1.515832729638e-02 1.959241554141e-02 1.851647533476e-02 1.536803971976e-02 1.219393499196e-02 1.596518419683e-02 1.183486264199e-02 6.564408075064e-03 7.095484063029e-03 6.544656120241e-03
3.051888942719e-02 4.462386295199e-02 4.591356590390e-02 4.425685107708e-02 5.313665047288e-02 5.507561936975e-02 4.531759768724e-02 5.474710091949e-02 2.853345684707e-02 3.254682570696e-02 2.873820438981e-02 4.578516259789e-02 5.519428104162e-02 7.904213666916e-02 7.954035699368e-02 6.838722527027e-02 5.899729207158e-02 5.442047491670e-02 5.769061669707e-02 6.002267822623e-02 7.912674546242e-02 1.194283291698e-01 1.385444402695e-01 8.942768722773e-02 3.444746509194e-02 4.347440227866e-02 4.624348506331e-02 4.309001937509e-02 3.183005005121e-02 2.465748041868e-02 1.957649551332e-02 1.815313100815e-02 1.697752438486e-02 1.630589179695e-02 2.015235275030e-02 1.777806878090e-02 1.425031106919e-02 1.224589999765e-02 1.644883118570e-02 1.074217632413e-02 6.470662076026e-03 7.656313478947e-03 6.599097978324e-03
3.385524451733e-02 4.676108062267e-02 4.706958681345e-02 5.018754303455e-02 5.581172555685e-02 5.537176877260e-02 4.811232537031e-02 6.265205144882e-02 2.904122509062e-02 3.343236446381e-02 2.874515950680e-02 4.914029687643e-02 5.282814055681e-02 7.021328061819e-02 7.681178301573e-02 6.911891698837e-02 5.680780112743e-02 5.725160986185e-02 6.327860802412e-02 6.546516716480e-02 8.625237643719e-02 1.222863048315e-01 1.307720541954e-01 7.800593972206e-02 4.238964617252e-02 5.266790837049e-02 4.773626476526e-02 4.012693092227e-02 2.786868438125e-02 2.202265523374e-02 2.087855152786e-02 2.182237431407e-02 2.094811014831e-02 2.000494301319e-02 2.041256055236e-02 1.610345020890e-02 1.296113524586e-02 1.381745468825e-02 1.660576462746e-02 9.446419775486e-03 6.466011982411e-03 8.122594095767e-03 6.522777490318e-03
3.794144466519e-02 4.903656244278e-02 5.142125859857e-02 5.550966411829e-02 5.828666687012e-02 5.940323695540e-02 4.729858413339e-02 6.886840611696e-02 3.214482218027e-02 3.401453420520e-02 3.357556834817e-02 5.094330012798e-02 5.901677906513e-02 5.966855958104e-02 7.062571495771e-02 6.331972777843e-02 5.597890168428e-02 6.508228182793e-02 6.720194220543e-02 7.214596867561e-02 9.266861528158e-02 1.214459314942e-01 1.196793541312e-01 6.643019616604e-02 4.945296421647e-02 4.935945570469e-02 3.837239369750e-02 3.443975374103e-02 2.478417009115e-02 2.230861410499e-02 2.315927110612e-02 2.524500153959e-02 2.697774954140e-02 2.805669419467e-02 2.698017656803e-02 1.825860887766e-02 1.107710413635e-02 1.508211437613e-02 1.626796834171e-02 1.019049528986e-02 7.165539078414e-03 8.457868359983e-03 6.369776558131e-03
4.962167143822e-02 6.807348877192e-02 7.930666953325e-02 6.881739199162e-02 6.077339127660e-02 6.455262005329e-02 4.700157046318e-02 7.349514216185e-02 3.726678714156e-02 3.415739908814e-02 4.142219573259e-02 5.699988827109e-02 6.605665385723e-02 5.787689983845e-02 6.384515762329e-02 6.437221169472e-02 6.227343529463e-02 7.145069539547e-02 6.957681477070e-02 8.019040524960e-02 9.836067259312e-02 1.173527538776e-01 1.069140732288e-01 5.537504330277e-02 4.522167518735e-02 3.613582998514e-02 3.135951980948e-02 2.940704114735e-02 2.326160855591e-02 2.184622548521e-02 2.723239362240e-02 3.059379942715e-02 3.591752052307e-02 4.021643847227e-02 3.378627076745e-02 1.816869527102e-02 1.096672099084e-02 1.591872237623e-02 1.559319347143e-02 1.055516023189e-02 7.972022518516e-03 8.582165464759e-03 7.444940973073e-03
6.318451464176e-02 8.928862214088e-02 1.088340878487e-01 1.019157841802e-01 6.318701803684e-02 7.027767598629e-02 4.873286560178e-02 7.819128781557e-02 4.641301557422e-02 3.855908662081e-02 5.067702382803e-02 6.395924836397e-02 8.505002409220e-02 6.796962022781e-02 5.763560160995e-02 6.546396017075e-02 7.161247730255e-02 7.575725764036e-02 7.836589217186e-02 8.707448095083e-02 1.000406965613e-01 1.088893041015e-01 9.170185774565e-02 4.428987205029e-02 3.358653560281e-02 3.699151054025e-02 2.989417500794e-02 2.529118582606e-02 2.187339402735e-02 2.544894441962e-02 3.021842055023e-02 4.209841415286e-02 5.241113528609e-02 5.176322162151e-02 3.532462194562e-02 1.574939675629e-02 1.202800497413e-02 1.892937161028e-02 1.582909375429e-02 9.912905283272e-03 8.892098441720e-03 8.437265641987e-03 8.482305333018e-03
