VariationalSeries/SI/f191_max.grd
DSAA
101	101
32.816463539100	34.260883539100
35.556306596100	36.727886596100
1.274141715840e-03	3.674660491943e+01
[rows 19 to 37 of 101, columns 43 to 85 of 101]
7.156829535961e-02 1.017936393619e-01 1.325278133154e-01 1.356225311756e-01 8.708520978689e-02 7.635071873665e-02 5.487185716629e-02 8.309102058411e-02 5.178258940578e-02 5.282711982727e-02 6.064669042826e-02 7.512162625790e-02 1.040547490120e-01 8.552079647779e-02 7.131502777338e-02 6.651598215103e-02 7.911991328001e-02 7.831634581089e-02 9.083103388548e-02 9.161716699600e-02 9.655716270208e-02 9.629777073860e-02 7.476413995028e-02 3.620987758040e-02 3.449339419603e-02 4.155319184065e-02 3.432562202215e-02 2.203801646829e-02 2.008601836860e-02 3.086499124765e-02 4.084629938006e-02 6.217402592301e-02 7.014787942171e-02 5.429517105222e-02 2.906122617424e-02 1.678572595119e-02 1.258970238268e-02 2.308812551200e-02 2.089580707252e-02 9.600363671780e-03 9.534476324916e-03 9.442686103284e-03 9.249188937247e-03
7.136159390211e-02 9.958142042160e-02 1.413467973471e-01 1.635584235191e-01 1.194589138031e-01 8.247546851635e-02 6.166419759393e-02 8.817400783300e-02 4.518979787827e-02 5.704061314464e-02 7.027232646942e-02 8.520772308111e-02 1.239282414317e-01 1.031263619661e-01 8.056914061308e-02 8.253831416368e-02 8.589793741703e-02 8.581598848104e-02 9.954597055912e-02 1.030589118600e-01 9.099271893501e-02 8.147605508566e-02 5.792463570833e-02 3.935663029552e-02 4.176561161876e-02 4.264492914081e-02 3.391296789050e-02 2.079333551228e-02 2.121700718999e-02 3.771041706204e-02 6.299301981926e-02 8.211203664541e-02 7.324157655239e-02 4.481753706932e-02 2.054427936673e-02 1.938182115555e-02 2.073558233678e-02 2.758568525314e-02 2.669138461351e-02 1.509190723300e-02 1.257470250130e-02 1.069965772331e-02 9.300642646849e-03
7.575117051601e-02 8.618832379580e-02 1.304523944855e-01 1.710029095411e-01 1.467770338058e-01 8.827104419470e-02 6.871578842402e-02 9.359196573496e-02 4.562271013856e-02 6.289967894554e-02 7.910922914743e-02 9.087953716516e-02 1.438512504101e-01 1.199661269784e-01 8.767254650593e-02 8.778987079859e-02 9.115535765886e-02 9.303252398968e-02 1.065329685807e-01 1.105763018131e-01 9.745115041733e-02 6.641084700823e-02 4.537737742066e-02 4.437629505992e-02 5.086808279157e-02 5.154000595212e-02 3.186016529799e-02 2.080827765167e-02 3.624854609370e-02 6.290036439896e-02 8.793037384748e-02 8.507803082466e-02 5.738600715995e-02 2.692138962448e-02 2.033651620150e-02 2.092872746289e-02 2.333715930581e-02 3.168952092528e-02 3.246478736401e-02 2.005915157497e-02 1.766048744321e-02 1.560323964804e-02 1.322266738862e-02
7.194136828184e-02 7.288955152035e-02 1.107029244304e-01 1.632355004549e-01 1.622513532639e-01 9.365329146385e-02 7.594887912273e-02 9.931755065918e-02 4.850318655372e-02 7.814317196608e-02 8.619478344917e-02 9.378413856030e-02 1.633088737726e-01 1.358065307140e-01 9.281031787395e-02 9.793099761009e-02 9.733191877604e-02 1.014444306493e-01 1.105472892523e-01 1.103566437960e-01 9.669300168753e-02 6.649328768253e-02 4.148964583874e-02 4.548067972064e-02 5.726581811905e-02 5.159372836351e-02 2.795542962849e-02 3.864752128720e-02 6.641419976950e-02 9.334796667099e-02 9.156422317028e-02 6.349258869886e-02 3.246960788965e-02 2.531621977687e-02 1.740562543273e-02 1.843139529228e-02 2.588737942278e-02 3.462819755077e-02 3.728183731437e-02 2.028724551201e-02 1.999897509813e-02 1.883289404213e-02 1.699421182275e-02
5.870146676898e-02 7.946497946978e-02 1.056547537446e-01 1.447725594044e-01 1.636347621679e-01 1.093595027924e-01 8.563059568405e-02 1.047235950828e-01 5.739897489548e-02 9.327155351639e-02 9.087591618299e-02 1.041229739785e-01 1.835331022739e-01 1.520242094994e-01 9.721224755049e-02 1.060381159186e-01 1.035523340106e-01 1.090888753533e-01 1.105526462197e-01 1.057515591383e-01 9.066878259182e-02 6.146557256579e-02 4.504838213325e-02 5.041058361530e-02 5.154954642057e-02 3.946754336357e-02 4.074604064226e-02 7.106050848961e-02 1.014969870448e-01 9.842900931835e-02 6.669595837593e-02 3.531608730555e-02 1.929478719831e-02 2.390512824059e-02 1.638597063720e-02 2.245800569654e-02 2.732003293931e-02 3.629107028246e-02 4.096186906099e-02 1.975630782545e-02 1.706172898412e-02 1.776772737503e-02 1.803752034903e-02
8.072756975889e-02 7.995253801346e-02 1.075336784124e-01 1.228023841977e-01 1.560152024031e-01 1.222931519151e-01 9.627211093903e-02 1.112483814359e-01 7.375438511372e-02 1.082154065371e-01 9.299033135176e-02 1.154740452766e-01 2.035949975252e-01 1.670132130384e-01 1.124243736267e-01 1.137506216764e-01 1.113649830222e-01 1.148339137435e-01 1.084120124578e-01 9.602680057287e-02 7.862736284733e-02 5.221233144403e-02 5.304496735334e-02 5.243987962604e-02 4.887701570988e-02 4.199921339750e-02 7.742093503475e-02 1.098303496838e-01 1.043227016926e-01 6.978216767311e-02 3.730109333992e-02 1.731596514583e-02 2.577253803611e-02 2.016055956483e-02 1.593060791492e-02 2.912986092269e-02 2.367279492319e-02 3.662530705333e-02 4.358369857073e-02 2.245455980301e-02 1.235821284354e-02 1.331162732095e-02 1.497193425894e-02
1.249505952001e-01 7.672180980444e-02 9.949852526188e-02 1.080248802900e-01 1.444068998098e-01 1.297173500061e-01 1.071917116642e-01 1.189966872334e-01 8.680413663387e-02 1.214512586594e-01 9.024588763714e-02 1.287006586790e-01 2.249479144812e-01 1.800966858864e-01 1.267619282007e-01 1.215332373977e-01 1.207303106785e-01 1.145967915654e-01 9.919909387827e-02 8.316633850336e-02 6.456831842661e-02 5.573481321335e-02 6.219303980470e-02 5.688600242138e-02 5.058313161135e-02 8.132901787758e-02 1.200415045023e-01 1.122065410018e-01 7.284453511238e-02 3.811097145081e-02 2.394729852676e-02 2.093402296305e-02 3.013609349728e-02 2.124438807368e-02 2.433373965323e-02 3.117516636848e-02 2.063054777682e-02 3.541524335742e-02 4.506888240576e-02 2.520700730383e-02 1.297535933554e-02 9.593335911632e-03 1.079067215323e-02
1.661163270473e-01 8.324134349823e-02 9.661777317524e-02 1.046914905310e-01 1.308661103249e-01 1.336592584848e-01 1.172877401114e-01 1.277989298105e-01 1.024124622345e-01 1.322579532862e-01 9.629479050636e-02 1.441282629967e-01 2.482264637947e-01 1.930496245623e-01 1.391520202160e-01 1.251389533281e-01 1.248550638556e-01 1.085969060659e-01 8.516591787338e-02 6.719079613686e-02 6.038717925549e-02 5.755263566971e-02 7.784007489681e-02 5.714396759868e-02 8.229727298021e-02 1.281554549932e-01 1.233343183994e-01 7.706928998232e-02 3.906851261854e-02 3.356754034758e-02 3.696832805872e-02 2.724852599204e-02 2.950156852603e-02 2.153128758073e-02 3.130873665214e-02 2.591483481228e-02 2.512967586517e-02 3.370675817132e-02 4.530801624060e-02 2.764515765011e-02 1.517721731216e-02 9.542933665216e-03 9.709270671010e-03
1.811365932226e-01 9.634833037853e-02 1.026078760624e-01 1.097441092134e-01 1.177445203066e-01 1.361199915409e-01 1.290080398321e-01 1.361056417227e-01 1.222374513745e-01 1.400192975998e-01 1.052988246083e-01 1.606378108263e-01 2.685768604279e-01 2.027445733547e-01 1.492897570133e-01 1.337527781725e-01 1.231626868248e-01 1.163765490055e-01 9.399484097958e-02 7.657945156097e-02 5.587140098214e-02 5.448611825705e-02 8.410786092281e-02 7.907685637474e-02 1.341102421284e-01 1.366164982319e-01 8.544068783522e-02 5.216478556395e-02 4.449036717415e-02 3.251467645168e-02 5.800037458539e-02 3.944585844874e-02 2.309344708920e-02 2.848702482879e-02 3.106897138059e-02 1.619265601039e-02 3.318700566888e-02 3.513119742274e-02 4.450110346079e-02 2.963527105749e-02 1.753065921366e-02 1.101022493094e-02 1.038438640535e-02
2.359934598207e-01 1.201242059469e-01 1.091194599867e-01 1.094395071268e-01 1.127450242639e-01 1.372401565313e-01 1.388837397099e-01 1.451183110476e-01 1.412018090487e-01 1.405393481255e-01 1.171473935246e-01 1.812057942152e-01 2.897374033928e-01 2.091661840677e-01 1.529138684273e-01 1.371893584728e-01 1.124151423573e-01 1.053978651762e-01 1.154036000371e-01 8.424365520477e-02 6.469417363405e-02 5.340126156807e-02 7.469756901264e-02 1.365908235312e-01 1.511095464230e-01 9.747447073460e-02 6.008617952466e-02 7.084780186415e-02 5.934907123446e-02 5.305156856775e-02 7.695823907852e-02 4.443878680468e-02 2.665925584733e-02 3.104779496789e-02 2.162290550768e-02 1.632465794683e-02 5.008326098323e-02 5.073058977723e-02 4.326130822301e-02 3.154560923576e-02 2.011300623417e-02 1.324574090540e-02 1.113917957991e-02
2.691477835178e-01 1.794840544462e-01 1.154744699597e-01 1.022956371307e-01 1.330451816320e-01 1.368864476681e-01 1.519091576338e-01 1.558032482862e-01 1.603101640940e-01 1.360162943602e-01 1.216365545988e-01 2.041671723127e-01 3.117793202400e-01 2.132142931223e-01 1.531989574432e-01 2.092499285936e-01 1.123897880316e-01 1.197713166475e-01 1.212055459619e-01 1.043402403593e-01 8.022567629814e-02 7.341583073139e-02 1.357460767031e-01 1.609799116850e-01 1.103023067117e-01 6.361365318298e-02 7.462840527296e-02 8.559573441744e-02 8.434484899044e-02 7.754433900118e-02 8.200129121542e-02 3.852575644851e-02 2.918551675975e-02 2.205197513103e-02 1.718647405505e-02 1.781977154315e-02 7.675439119339e-02 6.057407706976e-02 4.119388386607e-02 3.286022692919e-02 2.261970937252e-02 1.570437103510e-02 1.251984573901e-02
2.778511047363e-01 1.984735429287e-01 1.219445243478e-01 1.042823269963e-01 1.509528607130e-01 1.322027146816e-01 1.664531230927e-01 1.673986017704e-01 1.791942417622e-01 1.326263546944e-01 2.099001109600e-01 2.800848484039e-01 3.310355842113e-01 2.130758762360e-01 1.863281428814e-01 2.682175636292e-01 1.200944334269e-01 1.650185585022e-01 1.638287454844e-01 1.341620087624e-01 1.064289435744e-01 1.359262019396e-01 1.699234992266e-01 1.218889132142e-01 7.322584837675e-02 7.761809229851e-02 9.269286692142e-02 1.038682460785e-01 1.017769053578e-01 9.352497011423e-02 7.046462595463e-02 2.801055461168e-02 2.013519965112e-02 1.838573254645e-02 1.759292371571e-02 3.655597567558e-02 1.059533506632e-01 5.658201500773e-02 4.128690809011e-02 3.318031504750e-02 2.478750422597e-02 1.829319074750e-02 1.199347339571e-02
2.751099765301e-01 1.573155969381e-01 1.730300784111e-01 1.137197911739e-01 1.616072803736e-01 1.256671100855e-01 1.795706152916e-01 1.800523251295e-01 1.924633234739e-01 2.231334596872e-01 2.279490828514e-01 2.629921436310e-01 3.489014208317e-01 2.085122317076e-01 1.433255970478e-01 1.730719804764e-01 1.202296242118e-01 1.637717783451e-01 1.790396720171e-01 1.495640575886e-01 1.418875455856e-01 1.785032004118e-01 1.333229392767e-01 8.151368796825e-02 7.950509339571e-02 7.584179937840e-02 9.329432994127e-02 1.115095168352e-01 1.126850992441e-01 1.006895378232e-01 6.358220428228e-02 2.684031799436e-02 2.585776709020e-02 3.141753375530e-02 3.596297279000e-02 7.373683899641e-02 1.196823567152e-01 4.395152628422e-02 3.548612073064e-02 3.316575288773e-02 2.666687965393e-02 2.101246081293e-02 1.444235164672e-02
2.864535450935e-01 1.547389179468e-01 1.932897269726e-01 1.422923207283e-01 1.719333678484e-01 1.630357354879e-01 1.938033699989e-01 1.923108249903e-01 2.109012454748e-01 1.713430136442e-01 1.655993908644e-01 3.022372722626e-01 3.581368029118e-01 1.964091807604e-01 1.217731684446e-01 1.122159883380e-01 1.345284730196e-01 1.601935774088e-01 1.547002792358e-01 1.495810598135e-01 1.902381777763e-01 1.444955021143e-01 9.493172913790e-02 8.347013592720e-02 7.703964412212e-02 6.557635962963e-02 8.402749150991e-02 1.118122562766e-01 1.202223747969e-01 1.126451715827e-01 7.778944075108e-02 4.729730263352e-02 4.928141087294e-02 4.904975369573e-02 5.330633372068e-02 1.148701459169e-01 9.865734726191e-02 3.134484216571e-02 3.400518000126e-02 3.489807248116e-02 3.246551752090e-02 2.516811899841e-02 1.735344156623e-02
2.792733907700e-01 1.557133048773e-01 1.672892123461e-01 1.862198859453e-01 1.829604357481e-01 1.936153918505e-01 2.079675793648e-01 2.037012577057e-01 2.021320462227e-01 1.944964379072e-01 2.149544954300e-01 3.445819318295e-01 3.586924374104e-01 1.766608357430e-01 1.664253026247e-01 1.689865887165e-01 1.680130660534e-01 1.587287783623e-01 1.636657714844e-01 2.044754028320e-01 1.678002476692e-01 1.210798546672e-01 9.558166563511e-02 7.267447561026e-02 7.379025965929e-02 8.289236575365e-02 8.753782510757e-02 1.122561097145e-01 1.283993273973e-01 1.240681707859e-01 9.264011681080e-02 5.445798486471e-02 4.827044159174e-02 5.652156844735e-02 1.044033840299e-01 1.193193569779e-01 5.312568321824e-02 3.560121357441e-02 3.730545565486e-02 3.802363574505e-02 3.610214963555e-02 3.029085509479e-02 2.108906581998e-02
2.609510123730e-01 1.736731678247e-01 1.814732402563e-01 2.090580016375e-01 1.895892918110e-01 2.263945639133e-01 2.189830988646e-01 2.156981378794e-01 1.926309764385e-01 2.102211862803e-01 2.564527094364e-01 3.751550018787e-01 3.435053825378e-01 1.717579215765e-01 1.557165533304e-01 1.826829016209e-01 2.007325589657e-01 1.750879585743e-01 2.277076393366e-01 1.857814490795e-01 1.015168800950e-01 9.874103963375e-02 7.924399524927e-02 8.049061894417e-02 7.855612784624e-02 9.538909792900e-02 1.028758436441e-01 1.131166294217e-01 1.357709169388e-01 1.361685246229e-01 1.060981154442e-01 4.675290361047e-02 7.154083251953e-02 1.107858121395e-01 1.198962256312e-01 6.998576968908e-02 3.135303407907e-02 3.185240179300e-02 3.193444758654e-02 3.265756741166e-02 3.273506090045e-02 3.044514916837e-02 2.442216686904e-02
2.404794991016e-01 1.931243836880e-01 1.855906695127e-01 2.634830772877e-01 1.969094127417e-01 2.420733571053e-01 2.269511818886e-01 2.533600926399e-01 3.290883600712e-01 2.871441841125e-01 2.979131340981e-01 3.951531052589e-01 3.084200620651e-01 1.618553549051e-01 1.934676468372e-01 1.808454841375e-01 2.901370525360e-01 2.619187533855e-01 2.129167467356e-01 1.343096941710e-01 1.004237905145e-01 9.144560247660e-02 7.728949189186e-02 6.321953237057e-02 7.411529868841e-02 1.036444678903e-01 1.302344053984e-01 1.146087944508e-01 1.420480310917e-01 1.488722413778e-01 1.210054829717e-01 9.667623043060e-02 1.224611401558e-01 1.131139397621e-01 6.458985060453e-02 3.106954321265e-02 2.929966151714e-02 2.739262208343e-02 2.542153932154e-02 2.587446570396e-02 3.053941205144e-02 3.027696348727e-02 2.679591625929e-02
2.959935665131e-01 2.118781805038e-01 2.494591325521e-01 3.272991478443e-01 2.608905732632e-01 2.944368422031e-01 2.746462821960e-01 3.781012296677e-01 4.589118361473e-01 2.727676331997e-01 3.483915030956e-01 3.992393314838e-01 2.532450854778e-01 2.528167665005e-01 1.939282864332e-01 1.590053141117e-01 3.380131721497e-01 2.897558808327e-01 1.589673012495e-01 1.098398715258e-01 7.556176185608e-02 6.762340664864e-02 6.854239851236e-02 9.201862663031e-02 1.036633774638e-01 9.824948757887e-02 1.275484114885e-01 1.270938664675e-01 1.607828289270e-01 1.588814556599e-01 1.261410117149e-01 1.240479573607e-01 9.285867959261e-02 4.554098844528e-02 2.180859632790e-02 2.236589789391e-02 1.693447306752e-02 1.467077992857e-02 1.634586229920e-02 2.281952649355e-02 2.948464080691e-02 3.353661298752e-02 3.491870313883e-02
2.185559570789e-01 3.746217489243e-01 2.501952648163e-01 3.711951076984e-01 3.544969856739e-01 4.086197018623e-01 5.122347474098e-01 3.964130282402e-01 3.771671354771e-01 3.237684071064e-01 4.020192921162e-01 3.701094388962e-01 2.264761179686e-01 2.132753282785e-01 2.132070213556e-01 1.463294625282e-01 3.147317469120e-01 2.627657353878e-01 1.386334449053e-01 1.103479340672e-01 7.278256118298e-02 9.879774600267e-02 1.080392152071e-01 1.051467433572e-01 9.548851102591e-02 8.416686207056e-02 1.108675897121e-01 1.578302085400e-01 1.673723459244e-01 1.397752165794e-01 9.898192435503e-02 5.615766718984e-02 3.708579763770e-02 3.188720718026e-02 3.162666037679e-02 2.888935990632e-02 3.414690122008e-02 3.963902592659e-02 4.152129963040e-02 3.989916294813e-02 3.496026247740e-02 3.369808942080e-02 3.248395398259e-02
