VariationalSeries/SI/f191_max.grd
DSAA
101	101
32.816463539100	34.260883539100
35.556306596100	36.727886596100
1.274141715840e-03	3.674660491943e+01
[rows 19 to 37 of 101, columns 0 to 42 of 101]
1.037147082388e-02 2.112612314522e-02 2.708050236106e-02 2.859862335026e-02 3.172032162547e-02 2.751585654914e-02 3.004121407866e-02 3.408419340849e-02 3.117036446929e-02 3.767669945955e-02 5.400790646672e-02 6.449810415506e-02 5.066942796111e-02 4.998032003641e-02 5.028142035007e-02 4.881215468049e-02 4.652781784534e-02 4.307334870100e-02 3.782036900520e-02 3.306122496724e-02 3.003683872521e-02 4.703484103084e-02 5.418640747666e-02 4.613782465458e-02 4.078375548124e-02 5.702248960733e-02 5.494944751263e-02 4.867468029261e-02 4.711529240012e-02 5.015704408288e-02 5.934662744403e-02 7.611367851496e-02 1.002012789249e-01 1.003486141562e-01 5.673998966813e-02 6.881982088089e-02 5.517864227295e-02 4.510299116373e-02 3.398212790489e-02 4.049525782466e-02 5.850619450212e-02 1.330608576536e-01 6.439300626516e-02
1.112090982497e-02 1.714734360576e-02 2.314606122673e-02 2.537581324577e-02 2.757679671049e-02 3.265678137541e-02 3.014270216227e-02 3.346193954349e-02 3.513535484672e-02 3.272929787636e-02 4.687340557575e-02 5.872507020831e-02 5.074707046151e-02 4.479957744479e-02 4.823726043105e-02 4.971431195736e-02 4.967500269413e-02 4.760308563709e-02 4.791221022606e-02 3.841454908252e-02 3.454570099711e-02 6.579738110304e-02 7.085129618645e-02 6.046547368169e-02 5.791216716170e-02 5.022861436009e-02 4.456980526447e-02 3.807581216097e-02 3.724184259772e-02 3.901468589902e-02 4.300972446799e-02 5.114724487066e-02 6.496059894562e-02 7.146936655045e-02 6.018526852131e-02 5.691069737077e-02 6.181108951569e-02 5.698144808412e-02 4.619559273124e-02 4.724056646228e-02 7.243739068508e-02 1.129609271884e-01 9.418304264545e-02
1.769644208252e-02 2.848616242409e-02 2.424294687808e-02 2.027020789683e-02 1.917381398380e-02 2.507818490267e-02 3.092937730253e-02 3.071057237685e-02 3.613251447678e-02 3.579358384013e-02 4.133000597358e-02 5.327350273728e-02 5.005790665746e-02 3.606617078185e-02 4.091778397560e-02 4.453436285257e-02 4.697367921472e-02 4.782291501760e-02 6.956338882446e-02 4.498162493110e-02 4.503253847361e-02 7.983261346817e-02 8.430266380310e-02 7.814636081457e-02 6.862523406744e-02 6.049291789532e-02 4.469268023968e-02 3.610211983323e-02 3.674333170056e-02 3.412491083145e-02 3.575985878706e-02 4.076662287116e-02 4.924525693059e-02 5.188431963325e-02 5.095753446221e-02 5.133431777358e-02 6.202561035752e-02 6.448093056679e-02 5.865433812141e-02 5.357832089067e-02 8.442664146423e-02 8.138435333967e-02 1.240041628480e-01
2.247312292457e-02 4.041602835059e-02 4.107767343521e-02 2.862235717475e-02 1.679945178330e-02 1.772991195321e-02 2.210529707372e-02 2.838427945971e-02 3.264671564102e-02 3.808124363422e-02 4.811993613839e-02 6.038893014193e-02 6.769249588251e-02 5.844096839428e-02 3.689029067755e-02 3.551131859422e-02 3.944689780474e-02 4.511906579137e-02 7.585802674294e-02 5.085197463632e-02 4.962778091431e-02 8.654803037643e-02 9.151093661785e-02 8.768620342016e-02 6.827403604984e-02 6.902585923672e-02 5.927159264684e-02 5.454241111875e-02 5.579051002860e-02 5.092662572861e-02 4.468272253871e-02 4.087810218334e-02 4.712770506740e-02 4.634097591043e-02 4.787225276232e-02 4.921497032046e-02 5.624160543084e-02 6.448708474636e-02 6.513064354658e-02 6.137019023299e-02 9.407167136669e-02 8.160628378391e-02 1.435429602861e-01
2.254440076649e-02 4.606557264924e-02 5.658162385225e-02 4.871017485857e-02 3.070845268667e-02 2.381726726890e-02 2.603990212083e-02 2.756160311401e-02 3.059957362711e-02 3.579206019640e-02 4.279336705804e-02 4.874693602324e-02 4.984443634748e-02 4.252834990621e-02 3.400004655123e-02 3.565413132310e-02 4.318606108427e-02 6.242715194821e-02 8.251190930605e-02 5.066267400980e-02 4.683312028646e-02 8.717084676027e-02 9.109637886286e-02 8.394683897495e-02 6.747143715620e-02 6.880203634501e-02 6.721071898937e-02 7.365012913942e-02 7.502298802137e-02 6.896131485701e-02 6.286754459143e-02 9.933754801750e-02 9.237757325172e-02 6.259106099606e-02 5.040087178349e-02 5.386101454496e-02 6.270851194859e-02 5.824466422200e-02 6.408074498177e-02 6.600006669760e-02 9.952086955309e-02 8.270099014044e-02 1.465359330177e-01
1.757536455989e-02 4.116868972778e-02 6.147187575698e-02 6.609503179789e-02 5.203796550632e-02 3.150147199631e-02 2.332359738648e-02 2.305121161044e-02 2.387692406774e-02 2.933049947023e-02 3.940945863724e-02 4.140565544367e-02 4.052535817027e-02 4.383245483041e-02 4.424763843417e-02 4.786344617605e-02 4.771649092436e-02 7.146136462688e-02 8.114500343800e-02 4.618749395013e-02 5.341945961118e-02 9.556602686644e-02 8.622706681490e-02 7.134891301394e-02 6.753954291344e-02 6.566464155912e-02 7.785421609879e-02 8.788909018040e-02 8.860046416521e-02 8.141157031059e-02 7.608988881111e-02 1.285550594330e-01 1.906765550375e-01 1.801986247301e-01 1.617223918438e-01 1.527883857489e-01 1.570072621107e-01 7.074564695358e-02 5.743499472737e-02 6.410500407219e-02 1.019737198949e-01 7.987580448389e-02 1.299483627081e-01
1.719972305000e-02 3.216220438480e-02 5.104158818722e-02 6.869331002235e-02 6.836981326342e-02 5.124096944928e-02 3.115974366665e-02 1.991597563028e-02 2.808118052781e-02 3.641647845507e-02 4.362092912197e-02 4.861612990499e-02 5.000237375498e-02 5.134016647935e-02 4.908565059304e-02 5.006219819188e-02 5.607173964381e-02 6.951694935560e-02 6.800615787506e-02 4.814069345593e-02 4.134019836783e-02 8.594883233309e-02 1.082828119397e-01 1.085874885321e-01 8.948963880539e-02 7.411844283342e-02 8.461558818817e-02 9.237461537123e-02 9.471425414085e-02 8.407005667686e-02 7.893592119217e-02 8.305369317532e-02 1.551657468081e-01 1.682900339365e-01 1.838019788265e-01 2.203036546707e-01 2.724043130875e-01 1.649541556835e-01 5.314999818802e-02 8.069828897715e-02 1.003790050745e-01 7.572920620441e-02 9.774430096149e-02
1.599855348468e-02 3.465397283435e-02 4.024228453636e-02 5.454284697771e-02 6.798661500216e-02 6.390034407377e-02 4.795816540718e-02 3.424005955458e-02 4.682457819581e-02 5.458604916930e-02 5.584256723523e-02 5.256401002407e-02 4.630383104086e-02 5.225243419409e-02 5.927059426904e-02 6.180703639984e-02 6.084585934877e-02 5.504249781370e-02 4.638401791453e-02 4.565134271979e-02 5.093130469322e-02 5.073541030288e-02 8.420818299055e-02 1.539377421141e-01 1.852411776781e-01 1.600010246038e-01 1.129260212183e-01 1.202259585261e-01 1.203912794590e-01 1.059091389179e-01 9.786514937878e-02 8.577989786863e-02 1.265309303999e-01 2.276113182306e-01 3.313942253590e-01 2.695135474205e-01 1.848033815622e-01 1.388455927372e-01 7.636230438948e-02 8.061850816011e-02 9.609722346067e-02 6.995902955532e-02 8.263997733593e-02
1.441261917353e-02 2.597367577255e-02 2.645600587130e-02 3.531911969185e-02 5.509683862329e-02 5.983101576567e-02 6.366556137800e-02 5.135984718800e-02 6.010045856237e-02 5.937869474292e-02 5.265763029456e-02 4.452402144670e-02 4.298231005669e-02 5.052004009485e-02 6.504247337580e-02 7.434130460024e-02 7.350592315197e-02 6.528867036104e-02 4.963579401374e-02 4.566963389516e-02 7.873094081879e-02 7.342021167278e-02 5.421314388514e-02 8.883429318666e-02 1.463039219379e-01 1.886627823114e-01 1.804721057415e-01 1.392136514187e-01 1.275356262922e-01 1.298733055592e-01 1.402841359377e-01 1.737803220749e-01 2.322260290384e-01 3.530397713184e-01 4.140304327011e-01 2.770937383175e-01 1.281649619341e-01 9.249886870384e-02 9.719770401716e-02 7.263869792223e-02 1.181748583913e-01 9.482942521572e-02 1.544315665960e-01
1.054626516998e-02 2.068572863936e-02 2.212456241250e-02 2.464158274233e-02 4.963108524680e-02 7.232039421797e-02 7.541875541210e-02 5.963496118784e-02 5.926242843270e-02 4.877568036318e-02 4.204860329628e-02 4.263468086720e-02 3.985863924026e-02 4.689203575253e-02 4.851109907031e-02 5.835840851068e-02 6.187097728252e-02 6.191885843873e-02 6.554773449898e-02 5.595179647207e-02 8.285357803106e-02 9.230088442564e-02 8.188175410032e-02 1.004529818892e-01 1.381385922432e-01 1.464667320251e-01 1.555305272341e-01 1.653264909983e-01 1.278225779533e-01 1.336560696363e-01 1.571131944656e-01 2.009230554104e-01 2.515719234943e-01 3.268493711948e-01 3.132942020893e-01 1.808506250381e-01 1.575485914946e-01 1.326950788498e-01 1.233145818114e-01 1.083236932755e-01 1.243192479014e-01 1.553979665041e-01 2.212237864733e-01
1.020824443549e-02 1.723213493824e-02 1.823902316391e-02 2.053991518915e-02 3.291881456971e-02 6.294432282448e-02 8.800438046455e-02 8.837217092514e-02 6.134473159909e-02 5.810876190662e-02 4.708956182003e-02 4.936398565769e-02 5.115502327681e-02 4.572742432356e-02 5.024149268866e-02 4.966659098864e-02 4.407874494791e-02 4.803960397840e-02 7.002724707127e-02 6.162392720580e-02 6.719224900007e-02 8.509545773268e-02 9.176543354988e-02 9.929732233286e-02 1.492372006178e-01 1.827516704798e-01 2.015736699104e-01 1.921175718307e-01 1.575668901205e-01 1.256022006273e-01 1.259336620569e-01 1.555677354336e-01 1.808764189482e-01 2.157317250967e-01 1.926830857992e-01 1.165183559060e-01 1.590052396059e-01 1.718598157167e-01 1.644931584597e-01 1.546307504177e-01 1.258481591940e-01 1.856594383717e-01 2.477578073740e-01
1.250882539898e-02 2.363927103579e-02 2.404460497200e-02 2.240956574678e-02 2.842989563942e-02 4.037356004119e-02 7.351438701153e-02 9.787505865097e-02 9.275261312723e-02 6.184250861406e-02 5.690582841635e-02 5.300225690007e-02 5.411082878709e-02 5.254017934203e-02 4.739940539002e-02 5.341867357492e-02 5.104764178395e-02 4.491027817130e-02 5.979165434837e-02 7.560240477324e-02 4.897295311093e-02 6.442570686340e-02 9.059268981218e-02 9.172421693802e-02 1.154117584229e-01 1.655117869377e-01 2.217136025429e-01 2.627807259560e-01 2.593997716904e-01 1.948545128107e-01 1.528236865997e-01 1.154038012028e-01 1.215360239148e-01 1.436712145805e-01 1.332846283913e-01 9.979937225580e-02 1.319044083357e-01 1.803180277348e-01 1.827450990677e-01 1.807944774628e-01 1.543200761080e-01 1.850474476814e-01 2.373937219381e-01
2.303108386695e-02 3.789694979787e-02 2.833677642047e-02 2.981180138886e-02 3.132531046867e-02 3.077297843993e-02 4.309679195285e-02 7.403039187193e-02 9.352669864893e-02 8.830154687166e-02 6.355819106102e-02 5.692939087749e-02 5.521731078625e-02 5.423631519079e-02 4.985336214304e-02 5.374044924974e-02 5.515377223492e-02 5.158362910151e-02 6.062081828713e-02 7.438514381647e-02 7.333099842072e-02 5.695453286171e-02 1.006305366755e-01 7.657804340124e-02 1.102744340897e-01 1.625491082668e-01 1.907570362091e-01 2.596753239632e-01 3.293800354004e-01 3.338235020638e-01 2.365389168262e-01 1.213327348232e-01 9.521050006151e-02 1.164411753416e-01 1.089543700218e-01 9.346760809422e-02 1.312501281500e-01 1.876857727766e-01 1.977578848600e-01 1.859953701496e-01 1.894604712725e-01 1.729903370142e-01 2.066135108471e-01
2.817939594388e-02 5.521588027477e-02 5.423454195261e-02 4.406372085214e-02 3.125567361712e-02 3.031079843640e-02 3.180661424994e-02 3.838569298387e-02 6.307924538851e-02 8.170544356108e-02 8.408486098051e-02 6.866761296988e-02 5.574597045779e-02 5.839205160737e-02 5.933313816786e-02 5.544229969382e-02 5.782892554998e-02 5.712596699595e-02 5.182754620910e-02 9.236783534288e-02 8.502922207117e-02 9.075934439898e-02 1.380915939808e-01 8.822934329510e-02 1.127741113305e-01 1.609499454498e-01 2.185942828655e-01 2.559253275394e-01 3.013501465321e-01 4.004765152931e-01 3.965386748314e-01 2.653200328350e-01 1.246779561043e-01 1.388035863638e-01 9.331266582012e-02 7.772839069366e-02 8.646272122860e-02 2.775111198425e-01 2.706615924835e-01 2.083696722984e-01 3.854557573795e-01 1.953260600567e-01 2.079829126596e-01
3.574626147747e-02 5.471689254045e-02 5.640131980181e-02 6.269427388906e-02 6.088262796402e-02 5.136605724692e-02 3.845558315516e-02 4.249105229974e-02 5.789637938142e-02 7.565300911665e-02 8.275986462831e-02 8.010046929121e-02 9.023808687925e-02 9.297861903906e-02 5.996978282928e-02 5.991333350539e-02 6.253394484520e-02 6.342618912458e-02 6.368954479694e-02 8.844955265522e-02 9.412860125303e-02 8.610440045595e-02 1.614441871643e-01 1.296409070492e-01 9.708770364523e-02 1.380410492420e-01 2.137733697891e-01 2.987704873085e-01 2.835430502892e-01 3.546756207943e-01 4.724617600441e-01 4.285564124584e-01 2.791773378849e-01 1.488691419363e-01 9.508182108402e-02 7.763725519180e-02 8.477839082479e-02 1.008664518595e-01 4.756790101528e-01 2.041596919298e-01 5.584716796875e-01 4.525375068188e-01 2.334920614958e-01
8.230497688055e-02 1.364352256060e-01 1.180664151907e-01 8.879772573709e-02 6.305479258299e-02 6.889730691910e-02 7.034572213888e-02 6.092996895313e-02 5.952898412943e-02 7.515866309404e-02 9.653176367283e-02 1.085471287370e-01 1.078034639359e-01 1.531311869621e-01 1.305337697268e-01 6.491149216890e-02 5.699038133025e-02 1.098792403936e-01 1.164576336741e-01 9.309604763985e-02 6.619685143232e-02 9.249311685562e-02 1.762335300446e-01 1.486271172762e-01 1.052010655403e-01 1.044953987002e-01 1.533153057098e-01 2.425459623337e-01 3.099110424519e-01 2.436777800322e-01 4.075050652027e-01 5.076298117638e-01 4.379175901413e-01 2.666230797768e-01 1.255368590355e-01 1.176045238972e-01 8.607558906078e-02 9.976448863745e-02 2.626002132893e-01 4.859371781349e-01 5.934240221977e-01 7.011717557907e-01 2.712221443653e-01
1.311280727386e-01 2.310081720352e-01 2.254040688276e-01 1.936625987291e-01 1.580063998699e-01 1.229035854340e-01 9.128721058369e-02 7.457460463047e-02 7.936184108257e-02 7.115779817104e-02 8.403594791889e-02 1.036306247115e-01 1.212846413255e-01 1.585311293602e-01 2.052988559008e-01 1.560444235802e-01 8.038659393787e-02 1.342603564262e-01 1.593581736088e-01 1.666367799044e-01 1.648981869221e-01 1.545719057322e-01 1.846606582403e-01 1.479300409555e-01 9.594909101725e-02 7.227681577206e-02 1.026719883084e-01 1.831038445234e-01 2.613188624382e-01 1.966938227415e-01 2.713979780674e-01 4.388222396374e-01 5.172939896584e-01 4.210653007030e-01 2.493268698454e-01 1.094732359052e-01 1.399125605822e-01 1.306903958321e-01 2.174791842699e-01 4.707744717598e-01 4.750100672245e-01 8.439439535141e-01 2.982747852802e-01
1.482129544020e-01 2.755863666534e-01 2.974405884743e-01 2.900011539459e-01 2.691517472267e-01 2.406550198793e-01 2.053060680628e-01 1.655100286007e-01 1.267480254173e-01 9.192425757647e-02 9.004118293524e-02 8.503522723913e-02 1.018338724971e-01 1.235927194357e-01 2.069052606821e-01 2.526751160622e-01 1.709305495024e-01 9.226995706558e-02 8.194116503000e-02 1.440861821175e-01 1.350066363811e-01 1.409889012575e-01 1.849597841501e-01 2.727493643761e-01 1.554263532162e-01 1.191438883543e-01 8.836489170790e-02 1.194481328130e-01 1.674723774195e-01 1.451518237591e-01 2.121139317751e-01 2.918952703476e-01 4.384764134884e-01 4.912872612476e-01 3.882850706577e-01 2.276827096939e-01 1.335880607367e-01 1.479882895947e-01 2.904121577740e-01 4.577953517437e-01 6.067185401917e-01 6.996816992760e-01 4.119967222214e-01
1.264554709196e-01 2.472525089979e-01 2.945065200329e-01 3.144140243530e-01 3.188171684742e-01 3.147433102131e-01 3.054826259613e-01 2.811323702335e-01 2.466669529676e-01 2.069463431835e-01 1.636802405119e-01 1.218765676022e-01 1.018799468875e-01 1.027699783444e-01 1.171320378780e-01 2.311382591724e-01 2.592602074146e-01 1.534625738859e-01 1.404286473989e-01 1.687640398741e-01 1.625558733940e-01 1.724285036325e-01 1.512401401997e-01 3.105292320251e-01 2.728452682495e-01 1.291690468788e-01 1.393786817789e-01 1.447100192308e-01 1.448643505573e-01 1.788283586502e-01 1.659070849419e-01 2.220671623945e-01 2.841786444187e-01 4.051500260830e-01 4.469269514084e-01 3.623427152634e-01 2.229886204004e-01 2.050358951092e-01 3.417151570320e-01 4.568683505058e-01 5.642346143723e-01 6.335884332657e-01 5.225450992584e-01
