VariationalSeries/SI/f191_max.grd
DSAA
101	101
32.816463539100	34.260883539100
35.556306596100	36.727886596100
1.274141715840e-03	3.674660491943e+01
[rows 76 to 94 of 101, columns 43 to 85 of 101]
1.297664642334e-01 1.404909044504e-01 3.833304941654e-01 1.070557117462e+00 6.845389604568e-01 1.061305642128e+00 9.147695899010e-01 1.156969070435e-01 9.900261461735e-02 2.100160270929e-01 5.235470533371e-01 1.126813888550e+00 1.634622454643e+00 1.054497480392e+00 4.496459364891e-01 4.538482129574e-01 4.706961214542e-01 2.372761368752e-01 2.182538062334e-01 6.061632186174e-02 1.020384073257e+00 2.342170715332e+00 5.583131313324e-01 2.376124262810e-01 2.004415541887e-01 1.476247310638e-01 1.107007786632e-01 9.511515498161e-02 9.230317920446e-02 8.685778826475e-02 7.462633401155e-02 6.244806200266e-02 5.171073600650e-02 5.788766965270e-02 7.037757337093e-02 7.606226950884e-02 7.853651791811e-02 1.090155839920e-01 9.425874054432e-02 4.359870404005e-02 5.333257839084e-02 7.559920847416e-02 9.199126064777e-02
4.320890903473e-01 3.980063796043e-01 3.740411102772e-01 7.960461974144e-01 9.286468029022e-01 4.218792319298e-01 1.611164510250e-01 1.228900104761e-01 1.101665347815e-01 7.571734786034e-01 8.615540266037e-01 1.613799691200e+00 1.344311475754e+00 7.594918608665e-01 5.679914355278e-01 5.435504317284e-01 1.499257087708e-01 6.350600719452e-02 7.337016612291e-02 5.502396449447e-02 7.830674201250e-02 9.282273054123e-02 1.442924588919e-01 1.367024034262e-01 1.088082641363e-01 7.813023030758e-02 6.069033592939e-02 5.424366146326e-02 7.790230214596e-02 6.034077331424e-02 5.815969035029e-02 6.348327547312e-02 7.279622554779e-02 6.468223035336e-02 4.971466213465e-02 5.408316850662e-02 6.524709612131e-02 6.980651617050e-02 9.333875030279e-02 9.629889577627e-02 6.240287423134e-02 5.776442587376e-02 7.348960638046e-02
5.125229358673e-01 9.461649656296e-01 8.882120847702e-01 3.656879961491e-01 4.011282622814e-01 7.257016301155e-01 2.104834914207e-01 2.001143544912e-01 1.618517935276e-01 1.384554803371e-01 6.082160472870e-01 7.469229698181e-01 2.399556189775e-01 5.406070947647e-01 5.290114879608e-01 1.492019593716e-01 5.327073484659e-02 4.149396345019e-02 5.090889707208e-02 6.807496398687e-02 5.181873217225e-02 4.753997921944e-02 5.422089993954e-02 5.431336909533e-02 4.924559593201e-02 4.077549651265e-02 3.366785123944e-02 3.498364612460e-02 6.162953749299e-02 7.665598392487e-02 6.081726402044e-02 7.828463613987e-02 8.461251854897e-02 7.444822788239e-02 5.624618753791e-02 3.802651166916e-02 4.097799211740e-02 5.561424791813e-02 6.137917190790e-02 7.455617189407e-02 8.938679099083e-02 7.961668074131e-02 5.466350167990e-02
7.912531495094e-01 9.251624941826e-01 3.897367715836e-01 2.677956521511e-01 5.532786250114e-01 3.300538063049e-01 1.168511658907e-01 1.305596977472e-01 6.812153011560e-02 8.759559988976e-01 8.359487652779e-01 3.563962578773e-01 4.958210587502e-01 3.044524788857e-01 8.089680224657e-02 5.709517002106e-02 3.379157185555e-02 2.214026264846e-02 2.194841206074e-02 3.075958415866e-02 3.807980567217e-02 3.196356445551e-02 2.228106372058e-02 3.119325824082e-02 2.828582189977e-02 2.886723168194e-02 2.790971100330e-02 2.834137529135e-02 4.190009832382e-02 8.751757442951e-02 5.487887933850e-02 7.599934190512e-02 9.133710712194e-02 8.403922617435e-02 6.700640171766e-02 4.819573462009e-02 3.584305942059e-02 2.909831330180e-02 4.534301906824e-02 5.157436802983e-02 6.183254718781e-02 7.046520709991e-02 7.832307368517e-02
3.372131288052e-01 2.826582789421e-01 3.840888142586e-01 6.158793568611e-01 4.194405972958e-01 5.700487494469e-01 6.196159124374e-01 1.220717906952e+00 1.498031973839e+00 1.089541673660e+00 7.434515953064e-01 5.846156552434e-02 1.153165772557e-01 6.720369309187e-02 3.916767984629e-02 1.151922531426e-02 2.547393180430e-02 7.863827049732e-03 1.127366349101e-02 2.065631747246e-02 2.367211133242e-02 1.683306135237e-02 4.598920699209e-03 1.874758675694e-02 2.157910168171e-02 2.266890183091e-02 2.287370525301e-02 2.094602026045e-02 2.880094014108e-02 8.013461530209e-02 6.457268446684e-02 6.316814571619e-02 8.666790276766e-02 8.857762813568e-02 7.850627601147e-02 6.418794393539e-02 5.416888371110e-02 4.363349080086e-02 3.451906517148e-02 3.413427621126e-02 4.044184461236e-02 4.359732940793e-02 4.992994293571e-02
1.490846574306e-01 3.636313676834e-01 8.340087532997e-01 8.726648092270e-01 6.335076093674e-01 5.572060346603e-01 1.209516644478e+00 1.016509056091e+00 2.007209300995e+00 9.910778999329e-01 2.426775842905e-01 2.799279615283e-02 5.566320568323e-02 3.526053950191e-02 6.038676016033e-03 4.415004048496e-03 1.509171165526e-02 1.796307042241e-02 1.830357313156e-02 9.760580956936e-03 2.311634086072e-02 1.349825318903e-02 6.172274705023e-03 1.948463171721e-02 2.324819378555e-02 2.705532498658e-02 2.957443706691e-02 2.874703519046e-02 2.273869886994e-02 6.212276965380e-02 8.402767777443e-02 4.502707347274e-02 6.970075517893e-02 8.144363015890e-02 8.556575328112e-02 8.442995697260e-02 7.855895161629e-02 6.402639299631e-02 4.526950418949e-02 2.949617430568e-02 2.229090780020e-02 2.743528224528e-02 3.182816505432e-02
3.600150942802e-01 8.601072430611e-01 1.226609826088e+00 9.323079586029e-01 5.181283354759e-01 1.041210412979e+00 1.134034514427e+00 9.131272435188e-01 1.222162127495e+00 6.187312602997e-01 1.275776177645e-01 5.321415141225e-02 4.413178190589e-02 2.708715014160e-02 2.400503680110e-02 1.361328549683e-02 1.570700295269e-02 1.339763589203e-02 1.356288883835e-02 1.541500166059e-02 1.804558001459e-02 1.675095409155e-02 1.790996268392e-02 1.686509326100e-02 2.123457938433e-02 2.601786889136e-02 2.950999885798e-02 2.943659201264e-02 2.394481189549e-02 4.489285126328e-02 9.004824608564e-02 4.896866530180e-02 4.413393512368e-02 6.372244656086e-02 8.419819921255e-02 1.002142950892e-01 9.364748746157e-02 7.453771680593e-02 5.111333355308e-02 3.214496374130e-02 2.344434522092e-02 2.668136730790e-02 2.998769842088e-02
6.140744686127e-01 9.285808205605e-01 6.475338935852e-01 5.599586367607e-01 3.471987545490e-01 5.247344970703e-01 3.241106569767e-01 4.647688567638e-01 5.597593784332e-01 2.131786793470e-01 7.951019704342e-02 6.838980317116e-02 6.036370620131e-02 4.505240917206e-02 2.845004014671e-02 2.481519989669e-02 2.376632019877e-02 2.049508877099e-02 1.585514284670e-02 1.383210346103e-02 1.601029559970e-02 1.870327442884e-02 1.837169378996e-02 1.774593070149e-02 1.733017340302e-02 1.980939880013e-02 2.206778340042e-02 2.185685001314e-02 1.934700645506e-02 3.159149363637e-02 7.880891114473e-02 7.135206460953e-02 2.513284236193e-02 4.594719782472e-02 7.224403321743e-02 9.133528918028e-02 8.339802175760e-02 6.443202495575e-02 4.427363350987e-02 2.791332639754e-02 2.147718518972e-02 2.444677241147e-02 2.756721153855e-02
9.583737850189e-01 6.643370389938e-01 3.509826958179e-01 2.074696272612e-01 1.708930730820e-01 1.707180887461e-01 2.326332330704e-01 2.648299336433e-01 2.592006623745e-01 1.526927649975e-01 8.610685169697e-02 6.465800106525e-02 6.291421502829e-02 5.966085568070e-02 3.762299567461e-02 3.184828534722e-02 2.700518071651e-02 2.060242369771e-02 1.436679065228e-02 1.338182482868e-02 1.616263948381e-02 1.936067268252e-02 2.132754400373e-02 2.003015577793e-02 1.719645597041e-02 1.889076828957e-02 2.089026942849e-02 2.248395234346e-02 2.244550175965e-02 2.192881703377e-02 5.911448225379e-02 8.426413685083e-02 3.776754066348e-02 3.689765185118e-02 5.313824117184e-02 5.581009387970e-02 4.917281493545e-02 3.868011012673e-02 2.991097234190e-02 2.511487342417e-02 2.135821618140e-02 1.628593355417e-02 1.928979530931e-02
1.510600447655e+00 6.598848700523e-01 1.685528755188e-01 1.094139963388e-01 8.727369457483e-02 1.289000362158e-01 1.530967503786e-01 3.466778993607e-01 3.523461818695e-01 2.164204418659e-01 1.088362634182e-01 6.261624395847e-02 5.422737449408e-02 5.661324039102e-02 4.657683894038e-02 2.885918878019e-02 1.837170124054e-02 1.420724298805e-02 1.215391326696e-02 1.326194964349e-02 1.665853708982e-02 2.187428623438e-02 2.393956482410e-02 2.127434872091e-02 1.831584423780e-02 1.943325996399e-02 2.196360379457e-02 2.448058873415e-02 2.540964074433e-02 2.301578037441e-02 3.997854515910e-02 7.894019782543e-02 5.487873032689e-02 2.195828035474e-02 2.811319380999e-02 2.573355846107e-02 2.216504886746e-02 2.798918075860e-02 2.849850244820e-02 2.235911227763e-02 1.591517589986e-02 1.405645627528e-02 2.019020728767e-02
1.174627780914e+00 4.008083939552e-01 1.271826326847e-01 6.990361958742e-02 7.056362926960e-02 8.173655718565e-02 1.781832575798e-01 2.279815822840e-01 2.432247698307e-01 1.708701848984e-01 1.603230237961e-01 7.237841188908e-02 4.489162936807e-02 4.105553403497e-02 3.934344276786e-02 3.330881893635e-02 2.463707886636e-02 1.773311756551e-02 1.478376798332e-02 1.465867087245e-02 1.842177845538e-02 2.481171116233e-02 7.738420274109e-03 2.203304879367e-02 2.063907869160e-02 2.095593884587e-02 2.324165590107e-02 2.598469331861e-02 2.760155498981e-02 2.545382082462e-02 2.445846609771e-02 6.257143616676e-02 6.683256477118e-02 2.887823246419e-02 1.499770116061e-02 1.472142059356e-02 1.298394147307e-02 1.853551156819e-02 2.502929791808e-02 1.811746694148e-02 1.169498730451e-02 1.046578679234e-02 2.862690389156e-02
3.987202942371e-01 1.550145745277e-01 7.493246346712e-02 4.777754098177e-02 5.827178061008e-02 7.181985676289e-02 1.147041916847e-01 6.389614939690e-02 1.475119292736e-01 2.233444303274e-01 1.152879297733e-01 9.219539165497e-02 5.350562185049e-02 3.506022691727e-02 3.186732903123e-02 3.149870410562e-02 2.883874252439e-02 2.481728047132e-02 2.529274858534e-02 2.219605632126e-02 2.212458476424e-02 2.741803973913e-02 7.379772607237e-03 2.407520450652e-02 2.340575866401e-02 2.262369543314e-02 2.470964007080e-02 2.733718976378e-02 2.902700938284e-02 2.727533318102e-02 2.253142930567e-02 4.394662380219e-02 6.709511578083e-02 3.916257619858e-02 1.805747114122e-02 1.412951666862e-02 1.564367488027e-02 1.778299547732e-02 2.028569020331e-02 1.640419475734e-02 9.161711670458e-03 2.709085121751e-02 2.744416892529e-02
1.146670356393e-01 9.110202640295e-02 4.571574553847e-02 4.211947694421e-02 4.310482740402e-02 4.073068872094e-02 5.190604180098e-02 3.473603725433e-02 5.373621731997e-02 1.837526261806e-01 2.050158679485e-01 2.120320796967e-01 1.362473070621e-01 4.990686103702e-02 3.222756832838e-02 3.003928810358e-02 3.575851023197e-02 4.195638000965e-02 3.946851193905e-02 3.231814503670e-02 2.934871241450e-02 3.134545683861e-02 2.642009407282e-02 2.660659886897e-02 2.560874447227e-02 2.423163317144e-02 2.543270029128e-02 2.791127003729e-02 2.953272685409e-02 2.885639108717e-02 2.446173690259e-02 2.888691239059e-02 5.914783105254e-02 4.866503551602e-02 2.380796149373e-02 8.283258415759e-03 1.729987561703e-02 1.943280175328e-02 2.405111305416e-02 2.615034393966e-02 1.057456899434e-02 2.496833913028e-02 2.637780085206e-02
8.410937339067e-02 5.043968185782e-02 3.780059143901e-02 3.607321903110e-02 2.941034361720e-02 2.941456809640e-02 2.657137252390e-02 2.781528793275e-02 2.960702963173e-02 5.989184230566e-02 2.153411954641e-01 5.255959033966e-01 3.625160753727e-01 1.170758605003e-01 4.378977417946e-02 3.272670507431e-02 3.789996728301e-02 5.057930573821e-02 4.421927034855e-02 5.175594612956e-02 4.990783706307e-02 4.120516031981e-02 2.883090823889e-02 2.643603459001e-02 2.620989270508e-02 2.538257651031e-02 2.593706734478e-02 2.792600914836e-02 2.931023016572e-02 2.991848625243e-02 2.649319544435e-02 2.703730389476e-02 4.810525104403e-02 5.377961322665e-02 2.795052342117e-02 1.966094039381e-02 2.060111239552e-02 2.163752727211e-02 1.770476251841e-02 2.212510071695e-02 2.208490110934e-02 2.073093689978e-02 2.119220793247e-02
5.795313045382e-02 3.966128453612e-02 3.272008523345e-02 2.825648896396e-02 2.488920465112e-02 1.908718794584e-02 2.289574779570e-02 2.442105114460e-02 2.479757554829e-02 1.694665849209e-02 1.632501035929e-01 4.380457103252e-01 5.722617506981e-01 3.701403439045e-01 6.431832909584e-02 9.946051053703e-03 1.692761480808e-02 5.058364570141e-02 6.655735522509e-02 6.254433840513e-02 5.122820287943e-02 3.958393260837e-02 2.885611727834e-02 2.717466838658e-02 2.628422155976e-02 2.568506449461e-02 2.547218836844e-02 2.709172479808e-02 2.902564592659e-02 2.975670993328e-02 2.979039028287e-02 3.353351727128e-02 3.676571324468e-02 5.217930674553e-02 3.514965623617e-02 2.715764567256e-02 1.698504574597e-02 2.086435630918e-02 1.642929762602e-02 1.343951001763e-02 1.762278564274e-02 1.628449186683e-02 1.796324737370e-02
4.977413639426e-02 3.588080406189e-02 2.816852182150e-02 2.307607233524e-02 2.427054010332e-02 1.843460649252e-02 2.216115593910e-02 2.443484589458e-02 2.465385757387e-02 2.417103946209e-02 6.285370141268e-02 3.246995210648e-01 1.182497739792e+00 9.144804477692e-01 1.569066196680e-01 5.969188641757e-03 2.995815500617e-02 7.010857015848e-02 6.240872293711e-02 4.970879480243e-02 4.039167985320e-02 3.534904867411e-02 3.183788806200e-02 3.087177313864e-02 2.877660840750e-02 2.609762176871e-02 2.412251941860e-02 2.588258869946e-02 2.926166914403e-02 3.765913099051e-02 4.448008909822e-02 4.940755665302e-02 4.954396933317e-02 4.689218103886e-02 4.217471927404e-02 3.285209834576e-02 1.696832850575e-02 4.947413690388e-03 5.469824653119e-03 1.005034428090e-02 1.386048085988e-02 1.726156473160e-02 2.132011577487e-02
4.739818349481e-02 2.002271451056e-02 3.291196003556e-02 2.437325939536e-02 2.730677835643e-02 2.529443055391e-02 2.236688509583e-02 2.374541759491e-02 2.147429250181e-02 2.064459398389e-02 3.603107109666e-02 1.658966541290e-01 5.770286321640e-01 5.107178688049e-01 1.726870387793e-01 1.161849312484e-02 8.147428184748e-02 6.324781477451e-02 4.872134700418e-02 3.888068348169e-02 3.344826400280e-02 3.028721548617e-02 3.223478794098e-02 3.069048561156e-02 2.650154568255e-02 2.314843982458e-02 2.242788486183e-02 2.387478016317e-02 3.391482308507e-02 4.565945267677e-02 5.266090482473e-02 5.790921673179e-02 5.756054818630e-02 5.369404330850e-02 4.567762464285e-02 3.235291689634e-02 2.021285891533e-02 1.539292745292e-02 8.486744016409e-03 1.419712230563e-02 1.769115775824e-02 1.769194751978e-02 2.278074622154e-02
9.967023506761e-03 6.084493827075e-03 1.792341656983e-02 2.625068277121e-02 2.642593719065e-02 2.522081322968e-02 2.126539126039e-02 1.788008585572e-02 1.544598676264e-02 1.742867566645e-02 3.081470914185e-02 7.357073575258e-02 2.046498805285e-01 2.448633015156e-01 1.784222573042e-01 1.095655933022e-01 6.931626796722e-02 4.923928529024e-02 3.840966150165e-02 3.211317583919e-02 1.128498557955e-02 1.329047232866e-02 2.674695849419e-02 2.351717092097e-02 2.072951011360e-02 2.086856029928e-02 2.035393565893e-02 2.252887934446e-02 3.022511117160e-02 3.413599357009e-02 3.725641220808e-02 4.069197550416e-02 4.075499624014e-02 3.816886618733e-02 4.537587985396e-02 2.503516897559e-02 1.879171095788e-02 2.099769562483e-02 7.567321415991e-03 7.780190557241e-03 2.350801974535e-02 2.153936214745e-02 2.231324277818e-02
1.627236045897e-02 1.047156564891e-02 1.165112107992e-02 1.941938884556e-02 2.476497739553e-02 2.443355135620e-02 2.037068270147e-02 1.629681326449e-02 1.220962405205e-02 1.506033819169e-02 2.776335179806e-02 4.842740297318e-02 1.423477977514e-01 1.837319135666e-01 1.435486674309e-01 8.516864478588e-02 5.274301767349e-02 3.781423717737e-02 3.486914187670e-02 2.934955805540e-02 2.342537231743e-02 1.961315423250e-02 1.718014106154e-02 1.774894818664e-02 1.759517006576e-02 1.704289950430e-02 1.673121377826e-02 1.794129610062e-02 2.289884537458e-02 2.625689096749e-02 2.048978023231e-02 1.865604892373e-02 1.852953992784e-02 2.707582153380e-02 4.453970119357e-02 3.183243423700e-02 2.224279008806e-02 2.592538297176e-02 1.578635722399e-02 1.473455410451e-02 1.372254174203e-02 2.528831735253e-02 2.195922844112e-02
