VariationalSeries/SI/f192_max.grd
DSAA
101	101
32.816463539100	34.260883539100
35.556306596100	36.727886596100
8.007045107661e-05	1.310522079468e+01
[rows 76 to 94 of 101, columns 0 to 42 of 101]
8.426361600868e-04 1.219131052494e-03 1.604769262485e-03 1.900895847939e-03 2.043338026851e-03 2.056806115434e-03 1.987180439755e-03 1.876151422039e-03 1.749860006385e-03 1.890697749332e-03 2.137910109013e-03 2.563687041402e-03 3.036193782464e-03 3.339187009260e-03 3.400081302971e-03 3.300709649920e-03 3.006089711562e-03 3.202448366210e-03 3.297168063000e-03 3.525324398652e-03 4.866907373071e-03 4.761373624206e-03 3.117420710623e-03 3.384200623259e-03 3.135682316497e-03 2.882915781811e-03 2.943237544969e-03 3.272683825344e-03 3.685427596793e-03 3.895048983395e-03 3.750067669898e-03 3.531497437507e-03 3.433018457144e-03 3.391935722902e-03 3.729160409421e-03 4.482535645366e-03 8.674009703100e-03 1.033291779459e-02 9.725565090775e-03 6.863063201308e-03 6.753013003618e-03 1.119957398623e-02 1.950429938734e-02
8.480222313665e-04 1.371554797515e-03 1.821105252020e-03 2.101195277646e-03 2.213178901002e-03 2.202350413427e-03 2.115196548402e-03 1.986182527617e-03 2.065255772322e-03 2.292964840308e-03 2.638996113092e-03 3.120390465483e-03 3.565662307665e-03 3.782561048865e-03 3.724076785147e-03 3.454212099314e-03 2.942397957668e-03 3.025220008567e-03 3.037686226889e-03 2.704120706767e-03 2.776951529086e-03 2.911854302511e-03 2.539054024965e-03 3.061506897211e-03 3.243854269385e-03 2.975843148306e-03 3.199834609404e-03 3.853745758533e-03 4.277234897017e-03 4.326055757701e-03 4.035118035972e-03 3.702566260472e-03 3.675166284665e-03 3.603369230404e-03 4.382770974189e-03 4.704681225121e-03 7.772813551128e-03 8.689019829035e-03 9.549053385854e-03 1.081239711493e-02 2.235836908221e-02 2.914977632463e-02 2.758676186204e-02
9.035399416462e-04 1.441661966965e-03 1.878353650682e-03 2.126084640622e-03 2.205435419455e-03 2.168951323256e-03 2.058712067083e-03 2.248884644359e-03 2.534427912906e-03 2.835875144228e-03 3.225609660149e-03 3.636572742835e-03 3.902038559318e-03 3.894347697496e-03 3.615414490923e-03 3.139168489724e-03 2.493615727872e-03 2.617784077302e-03 2.534907544032e-03 2.222682116553e-03 2.026259666309e-03 2.273843158036e-03 2.753253560513e-03 3.670345991850e-03 3.865018254146e-03 3.487263107672e-03 4.278465174139e-03 4.641043953598e-03 4.746495280415e-03 4.641640000045e-03 4.339605104178e-03 4.022088367492e-03 3.829851513728e-03 4.410084336996e-03 5.684175994247e-03 7.336411159486e-03 9.660365991294e-03 1.200243178755e-02 1.003960147500e-02 2.633463032544e-02 3.034946136177e-02 2.930840104818e-02 2.893039956689e-02
8.164669270627e-04 1.290769781917e-03 1.664502080530e-03 1.865235622972e-03 1.916335080750e-03 1.863573794253e-03 2.138565527275e-03 2.434146823362e-03 2.670768415555e-03 2.905820496380e-03 3.152631456032e-03 3.335626563057e-03 3.355654189363e-03 3.158520441502e-03 2.789281774312e-03 2.332421019673e-03 2.181482268497e-03 2.104456769302e-03 1.966970972717e-03 1.808594446629e-03 1.876277150586e-03 2.089613117278e-03 3.304574405774e-03 4.495304543525e-03 4.860993009061e-03 5.109405145049e-03 5.251885391772e-03 5.291935522109e-03 4.985092673451e-03 4.687848966569e-03 4.436012823135e-03 4.211087245494e-03 4.658974241465e-03 5.541367456317e-03 7.069176062942e-03 8.148562163115e-03 7.947410456836e-03 1.299368310720e-02 1.512335240841e-02 2.226989902556e-02 2.591849491000e-02 2.613440155983e-02 2.657350897789e-02
6.771127227694e-04 1.084428746253e-03 1.322439988144e-03 1.441921805963e-03 1.480430713855e-03 1.722525455989e-03 1.978767337278e-03 2.136396244168e-03 2.209082012996e-03 2.273736288771e-03 2.348906127736e-03 2.393327886239e-03 2.346339635551e-03 2.171042840928e-03 2.234043786302e-03 2.286457689479e-03 2.261762041599e-03 2.145348582417e-03 1.962627517059e-03 1.773619558662e-03 1.767242909409e-03 2.178246621042e-03 3.720823675394e-03 5.113538354635e-03 5.795423872769e-03 6.151965353638e-03 6.198703311384e-03 6.368636153638e-03 6.204201374203e-03 5.338999908417e-03 4.590379539877e-03 4.407709930092e-03 5.130018573254e-03 5.624306853861e-03 5.951497238129e-03 6.369504146278e-03 8.466935716569e-03 1.254074648023e-02 1.656853221357e-02 1.678769662976e-02 2.625726908445e-02 3.148869052529e-02 2.469674684107e-02
9.247732814401e-04 1.401479588822e-03 1.695731421933e-03 1.823360449634e-03 1.899152179249e-03 1.933480729349e-03 1.944886054844e-03 1.932300277986e-03 1.895561115816e-03 1.844851532951e-03 1.926066353917e-03 2.093020360917e-03 2.238117391244e-03 2.363575855270e-03 2.451951149851e-03 2.474064240232e-03 2.404373139143e-03 2.235233085230e-03 2.000426640734e-03 1.950264559127e-03 1.853476045653e-03 2.348282374442e-03 3.833804279566e-03 5.276565905660e-03 1.310462877154e-02 3.878431767225e-02 4.127527400851e-02 1.858750917017e-02 1.081620529294e-02 8.528625592589e-03 6.054472178221e-03 4.659203812480e-03 5.450404249132e-03 7.152235135436e-03 5.816275719553e-03 6.909528281540e-03 7.657455280423e-03 1.294596772641e-02 2.262425795197e-02 2.208778448403e-02 2.448081225157e-02 3.234294056892e-02 4.446314275265e-02
1.308757113293e-03 1.935477484949e-03 2.306231530383e-03 2.504263306037e-03 2.559581073001e-03 2.545230789110e-03 2.494005020708e-03 2.415872411802e-03 2.316680969670e-03 2.228982280940e-03 2.620558254421e-03 3.010760527104e-03 3.349470440298e-03 3.581470809877e-03 3.659335663542e-03 3.560767741874e-03 3.287393832579e-03 2.859147964045e-03 2.643059706315e-03 2.512596780434e-03 2.352798590437e-03 2.732714172453e-03 3.833950264379e-03 8.585643023252e-03 3.629723563790e-02 1.044882982969e-01 1.142467185855e-01 5.746550485492e-02 2.490722201765e-02 1.223647780716e-02 7.903121411800e-03 5.934077315032e-03 5.383125040680e-03 7.625229656696e-03 8.300967514515e-03 8.610825054348e-03 7.706871256232e-03 1.166105642915e-02 2.667697332799e-02 4.010605439544e-02 2.646943926811e-02 2.554751560092e-02 5.658710375428e-02
1.643771771342e-03 2.346764784306e-03 2.807585056871e-03 2.985910512507e-03 2.978037344292e-03 2.880041487515e-03 2.739506773651e-03 2.666568383574e-03 3.128081792966e-03 3.816192736849e-03 4.526515956968e-03 5.197461228818e-03 5.768439732492e-03 6.218675523996e-03 6.529022008181e-03 6.641004700214e-03 6.469004321843e-03 5.912841297686e-03 4.877407569438e-03 3.626138204709e-03 3.352995961905e-03 3.426815150306e-03 7.542943116277e-03 1.367144379765e-02 3.927893564105e-02 3.235783576965e-01 6.049656867981e-01 1.314325630665e-01 5.749529600143e-02 2.062025293708e-02 9.671733714640e-03 7.344406563789e-03 7.146314717829e-03 9.935884736478e-03 1.194324344397e-02 1.164747960865e-02 9.618999436498e-03 1.409776322544e-02 2.246519923210e-02 4.924723505974e-02 4.951719939709e-02 2.442280761898e-02 5.893285572529e-02
1.748939976096e-03 2.446144819260e-03 2.858566818759e-03 2.957208780572e-03 2.856917679310e-03 2.977288095281e-03 3.289154963568e-03 3.495525103062e-03 4.181953147054e-03 5.148638971150e-03 6.156920921057e-03 7.114192470908e-03 7.954201661050e-03 8.703619241714e-03 9.422996081412e-03 1.010471954942e-02 1.055990811437e-02 1.037456095219e-02 8.990039117634e-03 6.454466842115e-03 4.969222936779e-03 7.090863771737e-03 1.247778348625e-02 1.769153214991e-02 7.751435786486e-02 1.862605512142e-01 2.365899533033e-01 7.171662151814e-02 2.691707946360e-02 1.643180288374e-02 1.405537780374e-02 1.719884201884e-02 2.221187204123e-02 2.060452289879e-02 1.496922504157e-02 1.480568200350e-02 1.231775060296e-02 1.438336353749e-02 1.582360267639e-02 3.236600756645e-02 4.305658489466e-02 2.762766927481e-02 1.034698709846e-01
2.387217013165e-03 3.779273247346e-03 4.762876313180e-03 5.320768803358e-03 5.630411673337e-03 5.748598836362e-03 5.689854733646e-03 5.478753242642e-03 5.155908409506e-03 5.332581698895e-03 6.436598952860e-03 7.549309171736e-03 8.605853654444e-03 9.620295837522e-03 1.070363167673e-02 1.198036503047e-02 1.321949064732e-02 1.367148105055e-02 1.231395453215e-02 1.114966720343e-02 1.120983250439e-02 1.208141446114e-02 1.551209762692e-02 2.105881460011e-02 4.010269790888e-02 1.479798555374e-02 1.161665376276e-02 1.161343418062e-02 1.264006923884e-02 1.368630956858e-02 1.514367852360e-02 1.052894443274e-01 6.926059722900e-02 5.551047995687e-02 3.349893912673e-02 4.946981742978e-02 4.553945362568e-02 2.140550687909e-02 1.658973842859e-02 1.997542753816e-02 2.978467009962e-02 7.877668738365e-02 1.197258085012e-01
4.379482939839e-03 6.805585231632e-03 8.334229700267e-03 8.951958268881e-03 9.048594161868e-03 8.819123730063e-03 8.363312110305e-03 7.767373230308e-03 7.244562264532e-03 7.513479329646e-03 7.703284267336e-03 7.763930596411e-03 8.248091675341e-03 9.366353042424e-03 1.042433734983e-02 1.161401160061e-02 1.279008667916e-02 1.900441572070e-02 2.454304508865e-02 2.470783703029e-02 2.522915601730e-02 2.495786547661e-02 1.823250018060e-02 2.194994129241e-02 1.088956743479e-02 8.230791427195e-03 7.555767893791e-03 6.545646581799e-03 7.408212870359e-03 1.035220082849e-02 2.309299446642e-02 1.250691711903e-01 8.912814408541e-02 6.184716522694e-02 5.396476760507e-02 1.147251352668e-01 1.094939857721e-01 4.948710277677e-02 3.711564093828e-02 3.435569256544e-02 4.392343014479e-02 7.431837171316e-02 1.331205219030e-01
6.324216257781e-03 9.623353369534e-03 1.132476143539e-02 1.163516007364e-02 1.425040699542e-02 1.532316394150e-02 1.506035216153e-02 1.403669826686e-02 1.265909336507e-02 1.138623431325e-02 1.150351017714e-02 1.125255972147e-02 1.192556507885e-02 1.375211868435e-02 1.506303250790e-02 1.625044830143e-02 1.828322932124e-02 2.025742828846e-02 1.869604922831e-02 2.137635461986e-02 2.241249941289e-02 1.826506108046e-02 1.497984398156e-02 8.576218970120e-03 7.537050638348e-03 5.853066220880e-03 4.851825069636e-03 3.892103908584e-03 3.563813166693e-03 6.346905138344e-03 1.012224983424e-02 5.336711555719e-02 7.097148150206e-02 1.072308495641e-01 1.138255000114e-01 1.466899067163e-01 1.045497804880e-01 4.912330955267e-02 7.710059732199e-02 7.704689353704e-02 5.468429252505e-02 7.170160859823e-02 2.297748327255e-01
7.413035724312e-03 1.116948761046e-02 1.291816681623e-02 1.441355049610e-02 1.747700199485e-02 1.865549013019e-02 1.822746731341e-02 1.688300073147e-02 1.508368179202e-02 1.315510272980e-02 1.168314367533e-02 1.285320799798e-02 1.486688666046e-02 1.706820912659e-02 1.855678297579e-02 1.904921606183e-02 1.785776019096e-02 1.467749942094e-02 1.159562543035e-02 1.002445444465e-02 8.528137579560e-03 5.976424086839e-03 5.347703117877e-03 5.113763734698e-03 4.554324783385e-03 3.715266240761e-03 2.863662084565e-03 2.714662114158e-03 3.461075015366e-03 5.212309770286e-03 7.510092109442e-03 2.964307926595e-02 3.248048573732e-02 6.273221969604e-02 7.273615896702e-02 1.663947999477e-01 1.466094106436e-01 7.663452625275e-02 7.013353705406e-02 3.069609403610e-01 7.218546271324e-01 1.870551556349e-01 1.149535328150e-01
5.529485642910e-03 8.251529186964e-03 9.426890872419e-03 9.541909210384e-03 1.138937380165e-02 1.203391142190e-02 1.169010903686e-02 1.078866049647e-02 9.606728330255e-03 8.357563987374e-03 7.779037114233e-03 8.364443667233e-03 8.682277053595e-03 8.736045099795e-03 8.593842387199e-03 8.724605664611e-03 7.824073545635e-03 6.268583238125e-03 7.298892363906e-03 6.879322696477e-03 5.479536950588e-03 3.990609664470e-03 3.734013298526e-03 3.328448161483e-03 2.783195348457e-03 2.187840174884e-03 2.481012372300e-03 3.451903583482e-03 4.327735397965e-03 8.905373513699e-03 1.126628834754e-02 1.679784245789e-02 2.903442643583e-02 2.178539149463e-02 1.882408745587e-02 2.296773530543e-02 1.429315507412e-01 8.248921483755e-02 6.389874964952e-02 4.098677635193e-01 9.048399925232e-01 9.943553805351e-02 3.587405383587e-02
2.616176847368e-03 3.863577265292e-03 4.535128828138e-03 5.155469290912e-03 5.397616885602e-03 5.638812668622e-03 5.692693870515e-03 5.393696017563e-03 5.128046963364e-03 5.054754670709e-03 4.961057566106e-03 4.557641223073e-03 4.655085969716e-03 4.784212913364e-03 4.745902959257e-03 4.489551763982e-03 6.046487949789e-03 7.720548659563e-03 7.274094037712e-03 5.441922228783e-03 3.470425261185e-03 2.517927205190e-03 2.282044617459e-03 1.976483035833e-03 1.647355966270e-03 2.526250202209e-03 3.893709043041e-03 5.201279185712e-03 7.192019373178e-03 1.168139092624e-02 1.603027991951e-02 2.162512578070e-02 2.483622543514e-02 2.100350335240e-02 1.290148589760e-02 1.498405635357e-02 2.912746928632e-02 7.346251606941e-02 1.207272112370e-01 1.262568235397e-01 6.695210188627e-02 2.562782354653e-02 2.391999587417e-02
1.726594986394e-03 2.514537423849e-03 3.189454087988e-03 3.603626741096e-03 3.765414701775e-03 3.747245529667e-03 3.657649969682e-03 3.483484266326e-03 3.277242183685e-03 3.059338312596e-03 2.836216008291e-03 2.613843651488e-03 2.400895347819e-03 2.343563828617e-03 2.314046490937e-03 3.295797389001e-03 5.614438094199e-03 6.640128325671e-03 5.680546630174e-03 3.913071937859e-03 2.380614168942e-03 1.517794444226e-03 1.517569995485e-03 1.660260255449e-03 2.254713093862e-03 3.837641794235e-03 5.790972616524e-03 8.153387345374e-03 1.162299886346e-02 1.585795916617e-02 2.373973838985e-02 2.450255677104e-02 2.223426476121e-02 1.206918805838e-02 9.134515188634e-03 1.243919786066e-02 1.507479138672e-02 5.736225470901e-02 1.416844725609e-01 8.149424940348e-02 4.857107251883e-02 2.187594398856e-02 2.076183445752e-02
1.200298545882e-03 1.738381921314e-03 2.174445660785e-03 2.444946439937e-03 2.566717099398e-03 2.582173328847e-03 2.526442520320e-03 2.422125311568e-03 2.285024849698e-03 2.122896956280e-03 1.945132506080e-03 1.756194396876e-03 1.864300458692e-03 1.875089481473e-03 1.730852760375e-03 1.952883088961e-03 3.496377728879e-03 4.349423106760e-03 4.061999730766e-03 3.176060738042e-03 2.242152113467e-03 1.506275148131e-03 1.623175805435e-03 1.864508725703e-03 3.185840789229e-03 7.066913880408e-03 1.511117536575e-02 1.398224569857e-02 1.154846977443e-02 2.139735780656e-02 2.914275042713e-02 2.499506622553e-02 1.797839067876e-02 8.429429493845e-03 8.986843749881e-03 1.235860679299e-02 1.732000708580e-02 6.142517179251e-02 1.032976135612e-01 4.881707578897e-02 2.830835431814e-02 1.746400073171e-02 1.567593775690e-02
8.034663042054e-04 1.153009827249e-03 1.430236618035e-03 1.599333947524e-03 1.673843478784e-03 1.681707333773e-03 1.642496092245e-03 1.568812876940e-03 1.468100701459e-03 1.346717006527e-03 1.333821448497e-03 1.499374979176e-03 1.564599457197e-03 1.496270648204e-03 1.436496037059e-03 1.643182127737e-03 1.824898412451e-03 2.221543574706e-03 2.539065666497e-03 2.448983956128e-03 2.083111321554e-03 1.644699601457e-03 1.732357079163e-03 2.376714022830e-03 4.146620631218e-03 1.231249049306e-02 1.761536486447e-02 1.048300322145e-02 1.175555028021e-02 2.262979373336e-02 3.064488619566e-02 2.427245676517e-02 1.692601107061e-02 1.161241717637e-02 1.277412753552e-02 1.235179230571e-02 2.668140083551e-02 1.066763699055e-01 7.703576236963e-02 2.042638882995e-02 4.090337082744e-02 1.778504811227e-02 1.211961824447e-02
4.724105529021e-04 6.719771772623e-04 8.274553110823e-04 9.192806319334e-04 9.562559425831e-04 9.546732180752e-04 9.254025062546e-04 8.753743604757e-04 8.398870122619e-04 1.025207340717e-03 1.199827180244e-03 1.314232940786e-03 1.323880045675e-03 1.467100228183e-03 1.696564489976e-03 1.928815850988e-03 2.131570363417e-03 2.263439819217e-03 2.284073503688e-03 2.178180031478e-03 1.985372975469e-03 1.845375401899e-03 2.051037037745e-03 2.961697289720e-03 5.001279059798e-03 1.380390394479e-02 1.455180440098e-02 1.155124045908e-02 1.051534432918e-02 2.024308778346e-02 2.837240882218e-02 2.210803516209e-02 2.162939310074e-02 1.459440309554e-02 1.539040263742e-02 1.105055399239e-02 2.539456076920e-02 6.864029914141e-02 3.345697373152e-02 2.396758273244e-02 5.421853438020e-02 1.751234196126e-02 9.272228926420e-03
