VariationalSeries/SI/f192_max.grd
DSAA
101	101
32.816463539100	34.260883539100
35.556306596100	36.727886596100
8.007045107661e-05	1.310522079468e+01
[rows 19 to 37 of 101, columns 43 to 85 of 101]
1.293435841799e-01 1.593210250139e-01 2.071398943663e-01 2.110769450665e-01 1.368630826473e-01 2.102385312319e-01 1.070264503360e-01 1.114031970501e-01 1.207002028823e-01 1.224157810211e-01 1.117185726762e-01 1.644266843796e-01 1.979959458113e-01 1.960570514202e-01 1.301340013742e-01 1.589871942997e-01 2.096866667271e-01 1.964626163244e-01 1.081392988563e-01 1.744726598263e-01 8.045612275600e-02 1.129390969872e-01 1.516822874546e-01 7.486604154110e-02 7.424981147051e-02 8.749253302813e-02 7.220239192247e-02 9.102017432451e-02 8.446574956179e-02 6.689161062241e-02 7.215265184641e-02 9.959049522877e-02 1.124645173550e-01 8.710997551680e-02 7.743866741657e-02 6.299588829279e-02 4.326986521482e-02 4.758448153734e-02 5.260771885514e-02 4.381307587028e-02 4.094391688704e-02 3.584339469671e-02 3.897419944406e-02
1.166939437389e-01 1.561120748520e-01 2.214090973139e-01 2.553212344646e-01 1.847679913044e-01 1.858960688114e-01 1.101141273975e-01 1.180207729340e-01 1.045794636011e-01 1.309619098902e-01 1.370325684547e-01 1.537570357323e-01 2.118968218565e-01 2.085430473089e-01 1.607629358768e-01 1.728587299585e-01 2.047304064035e-01 2.219956070185e-01 1.276071518660e-01 1.686830371618e-01 9.194438904524e-02 1.711004227400e-01 2.131218314171e-01 9.919510036707e-02 8.662516623735e-02 8.956283330917e-02 8.884641528130e-02 9.413488954306e-02 7.336129993200e-02 7.118023186922e-02 1.005579382181e-01 1.313879936934e-01 1.173675805330e-01 9.308409690857e-02 7.651576399803e-02 6.307346373796e-02 4.523402079940e-02 5.563771724701e-02 4.307593405247e-02 3.683839365840e-02 3.928111121058e-02 3.417351096869e-02 3.560717031360e-02
1.258987784386e-01 1.788283586502e-01 2.044465094805e-01 2.672705352306e-01 2.277037650347e-01 1.591000407934e-01 1.092078983784e-01 1.250381618738e-01 1.000812798738e-01 1.224871054292e-01 1.291929781437e-01 1.467787921429e-01 2.012502700090e-01 2.278446108103e-01 1.938466429710e-01 1.847542822361e-01 1.960895955563e-01 2.426031380892e-01 1.454773396254e-01 1.562712341547e-01 1.033297181129e-01 2.119677960873e-01 2.333555072546e-01 1.115422174335e-01 8.460649102926e-02 1.047264710069e-01 1.002929359674e-01 8.141207695007e-02 6.939592957497e-02 1.000125929713e-01 1.402563303709e-01 1.360214054585e-01 9.188838303089e-02 1.061801239848e-01 7.583446800709e-02 5.806374922395e-02 5.385758727789e-02 5.721220746636e-02 4.776564612985e-02 3.729300573468e-02 3.653461858630e-02 2.688739448786e-02 2.650932781398e-02
1.202826872468e-01 1.684956699610e-01 1.733400076628e-01 2.551176548004e-01 2.520003914833e-01 1.664243638515e-01 1.461544483900e-01 1.324437856674e-01 9.858214855194e-02 1.072362735868e-01 1.239875406027e-01 1.487537175417e-01 1.668759584427e-01 2.390909940004e-01 2.158838510513e-01 1.799718290567e-01 1.812920123339e-01 2.601695656776e-01 1.602174788713e-01 1.399978995323e-01 1.146557033062e-01 2.104976028204e-01 2.033733576536e-01 9.683459252119e-02 9.261027723551e-02 1.092661172152e-01 9.100916981697e-02 7.429885864258e-02 1.052568852901e-01 1.483876109123e-01 1.459207683802e-01 1.013720855117e-01 7.735327631235e-02 1.103148832917e-01 5.451362952590e-02 5.355772376060e-02 6.649389117956e-02 5.096923187375e-02 5.478768050671e-02 3.490101918578e-02 3.894836828113e-02 3.252651914954e-02 2.935949899256e-02
9.783200174570e-02 1.171053946018e-01 1.802839785814e-01 2.259045243263e-01 2.539117336273e-01 1.688666492701e-01 1.817445009947e-01 1.524932235479e-01 1.070310026407e-01 9.150344133377e-02 1.291780620813e-01 1.451648473740e-01 1.716456413269e-01 2.567373216152e-01 2.185651957989e-01 1.692077368498e-01 1.631489247084e-01 2.709071338177e-01 1.708949953318e-01 1.696431040764e-01 1.333539336920e-01 1.730373948812e-01 1.516715884209e-01 9.019557386637e-02 1.137034222484e-01 1.056792959571e-01 7.784199714661e-02 1.122775971889e-01 1.608443558216e-01 1.563374847174e-01 1.061288192868e-01 6.280553340912e-02 8.272384852171e-02 1.034722700715e-01 5.559456348419e-02 5.743600428104e-02 7.007614523172e-02 5.334429815412e-02 6.010977551341e-02 3.643416613340e-02 3.699814528227e-02 3.062394633889e-02 3.114875592291e-02
1.260125041008e-01 1.260174512863e-01 2.035531401634e-01 1.909604370594e-01 2.412905693054e-01 1.885141283274e-01 1.741412580013e-01 1.929213404655e-01 1.676670461893e-01 1.281364709139e-01 1.401489377022e-01 1.370494365692e-01 1.871387362480e-01 2.745716869831e-01 1.961846202612e-01 1.622534990311e-01 1.390244960785e-01 2.770119607449e-01 2.164723724127e-01 1.873869001865e-01 1.577415913343e-01 1.677036732435e-01 1.014849692583e-01 1.096350997686e-01 1.167225837708e-01 7.966548949480e-02 1.219048947096e-01 1.734745651484e-01 1.651610434055e-01 1.106709241867e-01 5.927566811442e-02 4.657073318958e-02 1.106626316905e-01 8.647795766592e-02 5.299111828208e-02 7.451575249434e-02 6.465978920460e-02 5.375561863184e-02 6.385405361652e-02 4.509991407394e-02 3.180798515677e-02 3.030399233103e-02 2.682718262076e-02
1.979930996895e-01 1.224472150207e-01 1.224335804582e-01 2.107850909233e-01 2.222847044468e-01 1.990421265364e-01 1.530725657940e-01 1.765010207891e-01 2.006791234016e-01 1.970983147621e-01 1.679674685001e-01 2.081780582666e-01 2.033894956112e-01 2.853620946407e-01 1.696808934212e-01 1.471443325281e-01 1.946967244148e-01 2.789785265923e-01 2.450092434883e-01 1.796703040600e-01 1.700432896614e-01 1.808985471725e-01 1.139823719859e-01 1.194641292095e-01 9.807984530926e-02 1.275766342878e-01 1.889200508595e-01 1.770320236683e-01 1.151548475027e-01 7.518216967583e-02 1.057113856077e-01 6.490935385227e-02 1.291344761848e-01 7.559623569250e-02 6.190716102719e-02 7.971652597189e-02 7.777839899063e-02 5.472596734762e-02 6.591396033764e-02 4.977941513062e-02 2.998776920140e-02 2.864844724536e-02 3.319663554430e-02
2.647993564606e-01 1.259184926748e-01 1.234353557229e-01 1.941888630390e-01 2.002110630274e-01 2.037302851677e-01 1.658975929022e-01 1.688967496157e-01 1.668552756310e-01 2.160319238901e-01 2.356464564800e-01 2.106904983521e-01 2.196477055550e-01 2.891393005848e-01 1.472264975309e-01 2.278715819120e-01 2.731791138649e-01 2.793376743793e-01 2.381109446287e-01 1.423670500517e-01 1.615386456251e-01 1.657651811838e-01 1.146308481693e-01 9.867959469557e-02 1.285822093487e-01 2.009368389845e-01 1.938691884279e-01 1.214010939002e-01 1.071618124843e-01 1.472373157740e-01 1.336572915316e-01 1.213767603040e-01 1.258131116629e-01 8.457482606173e-02 7.974746823311e-02 6.606942415237e-02 8.481986075640e-02 5.790196359158e-02 6.614709645510e-02 4.947328194976e-02 3.192146867514e-02 3.635161370039e-02 4.685983434319e-02
2.891242504120e-01 1.293430328369e-01 1.493044942617e-01 1.286725401878e-01 2.198510468006e-01 2.058479338884e-01 1.755149662495e-01 1.794188767672e-01 1.704815477133e-01 2.150148451328e-01 2.271619141102e-01 1.979437321424e-01 2.342388778925e-01 2.786182463169e-01 2.481233626604e-01 3.018868565559e-01 2.916846871376e-01 2.714248597622e-01 1.618332713842e-01 1.438674926758e-01 1.663793176413e-01 1.675780862570e-01 1.200970038772e-01 1.230671033263e-01 2.094729691744e-01 2.139179259539e-01 1.340847462416e-01 1.089732795954e-01 1.601831912994e-01 1.329290270805e-01 1.081389412284e-01 1.182864084840e-01 9.754028916359e-02 9.290543943644e-02 7.902719825506e-02 5.520584434271e-02 8.308877795935e-02 6.253476440907e-02 6.485202908516e-02 4.479226469994e-02 3.863901272416e-02 5.198749154806e-02 5.874911695719e-02
2.538063228130e-01 1.889892965555e-01 1.728859692812e-01 1.217003241181e-01 1.596254557371e-01 2.085399329662e-01 2.198041379452e-01 1.907178908587e-01 2.236295640469e-01 3.286370635033e-01 1.863187551498e-01 1.740176826715e-01 2.438980191946e-01 2.564395070076e-01 3.218704164028e-01 3.116046786308e-01 2.695987224579e-01 2.624686360359e-01 1.785931587219e-01 1.932741999626e-01 1.727528423071e-01 1.667695194483e-01 1.123921498656e-01 2.125268429518e-01 2.357146739960e-01 1.523891389370e-01 1.244675293565e-01 1.698193848133e-01 1.502967178822e-01 9.846225380898e-02 1.434245258570e-01 1.241875365376e-01 7.455883920193e-02 8.504322916269e-02 7.086073607206e-02 7.611653208733e-02 7.564698904753e-02 6.871026754379e-02 6.293176114559e-02 5.792363360524e-02 6.447177380323e-02 7.236278802156e-02 6.101921945810e-02
1.712703853846e-01 2.847548723221e-01 1.892994046211e-01 1.496283560991e-01 1.798110902309e-01 2.036030292511e-01 1.947450935841e-01 2.041741013527e-01 2.932300567627e-01 4.066877365112e-01 2.730491161346e-01 1.896084398031e-01 2.457338720560e-01 3.064807355404e-01 3.281619548798e-01 4.555622637272e-01 2.415643185377e-01 2.432965040207e-01 1.996665596962e-01 1.954569965601e-01 1.782289743423e-01 1.648530215025e-01 2.103867828846e-01 2.501665949821e-01 1.717938333750e-01 1.400961428881e-01 1.676257550716e-01 1.680975109339e-01 1.437645554543e-01 1.438045203686e-01 1.522984653711e-01 8.512778580189e-02 8.051414042711e-02 7.266965508461e-02 6.333130598068e-02 5.924209207296e-02 1.027579829097e-01 8.113288879395e-02 7.471782714128e-02 8.597419410944e-02 8.566503971815e-02 6.286443024874e-02 4.227991029620e-02
1.923452466726e-01 3.155640065670e-01 1.957534104586e-01 1.653828024864e-01 2.120178043842e-01 1.950585991144e-01 2.028969824314e-01 2.563741803169e-01 3.380364477634e-01 4.084589183331e-01 3.260805606842e-01 3.236774206161e-01 2.864395380020e-01 3.361561000347e-01 3.985686302185e-01 5.768087506294e-01 2.511457800865e-01 2.719415724277e-01 2.696619629860e-01 2.204610705376e-01 1.745732426643e-01 2.098512351513e-01 2.630398571491e-01 1.891198307276e-01 1.568734347820e-01 1.655217558146e-01 1.602360159159e-01 1.773655265570e-01 1.725889295340e-01 1.730757206678e-01 1.302749961615e-01 7.034152746201e-02 9.628076106310e-02 6.000477820635e-02 6.258635967970e-02 6.397591531277e-02 1.416120678186e-01 9.435237944126e-02 9.902371466160e-02 7.974773645401e-02 4.844775050879e-02 2.842560224235e-02 2.821440249681e-02
3.808533251286e-01 2.495028674603e-01 2.734753191471e-01 1.756222397089e-01 2.581153512001e-01 2.001168280840e-01 2.184812575579e-01 2.962647378445e-01 3.557243347168e-01 3.458449542522e-01 3.349078893661e-01 3.384275138378e-01 3.179507851601e-01 2.578663527966e-01 2.732750773430e-01 3.676220476627e-01 2.052286118269e-01 2.687726318836e-01 2.938277721405e-01 2.451642453671e-01 2.182041108608e-01 2.752456963062e-01 2.060565054417e-01 1.752401739359e-01 1.622689515352e-01 1.487376689911e-01 1.601317822933e-01 1.892984956503e-01 1.899175494909e-01 1.703234314919e-01 1.062536761165e-01 6.735000014305e-02 1.025408655405e-01 8.165342360735e-02 9.848496317863e-02 1.047602668405e-01 1.596711277962e-01 9.343992918730e-02 7.390633225441e-02 5.136408284307e-02 4.602507874370e-02 3.481420129538e-02 3.344919905066e-02
6.180353760719e-01 2.701937556267e-01 3.061771690845e-01 2.232469171286e-01 2.860943973064e-01 2.446320801973e-01 2.404159903526e-01 3.401638865471e-01 3.654389381409e-01 2.874101996422e-01 4.031495451927e-01 4.955170750618e-01 2.748306095600e-01 3.226187229156e-01 1.976665407419e-01 2.292644232512e-01 2.191023379564e-01 2.613565921783e-01 2.525730431080e-01 2.291143685579e-01 2.921998798847e-01 2.224381715059e-01 1.826607137918e-01 1.640389114618e-01 1.764685958624e-01 1.641666889191e-01 1.645255237818e-01 2.053584754467e-01 2.066865563393e-01 1.877027451992e-01 1.291656941175e-01 1.136645749211e-01 1.128161251545e-01 1.026412025094e-01 9.933968633413e-02 1.527158468962e-01 1.313704699278e-01 6.366659700871e-02 6.877288967371e-02 7.028119266033e-02 6.513368338346e-02 5.031745508313e-02 3.612137585878e-02
6.764590740204e-01 7.067582011223e-01 2.914380431175e-01 2.932773232460e-01 3.150617778301e-01 2.960827648640e-01 4.058656096458e-01 3.811501264572e-01 3.604145050049e-01 2.679434716702e-01 4.104667901993e-01 5.521419644356e-01 3.301765322685e-01 3.105577230453e-01 2.521260678768e-01 2.568438947201e-01 2.729031443596e-01 2.580054998398e-01 2.496619224548e-01 3.127842545509e-01 2.436061650515e-01 2.084618508816e-01 1.786031126976e-01 1.398950368166e-01 1.719616800547e-01 1.927789151669e-01 1.774584203959e-01 2.206518650055e-01 2.301532030106e-01 2.053806483746e-01 1.528406888247e-01 1.128610745072e-01 1.003695055842e-01 8.520235866308e-02 1.382936239243e-01 1.583590805531e-01 7.060553878546e-02 7.237886637449e-02 7.544239610434e-02 7.648624479771e-02 7.227534800768e-02 6.039623171091e-02 4.190818965435e-02
3.252258896828e-01 9.520951509476e-01 6.958228945732e-01 2.900896668434e-01 3.320108056068e-01 3.687762320042e-01 3.930631577969e-01 4.002032876015e-01 3.200525641441e-01 2.797363996506e-01 4.679789841175e-01 5.405653119087e-01 4.244817793369e-01 2.871311903000e-01 2.638233304024e-01 2.955268323421e-01 4.572429060936e-01 2.870857417583e-01 3.468234837055e-01 2.672875523567e-01 1.922162920237e-01 1.873163729906e-01 1.583136022091e-01 1.922763884068e-01 1.953576058149e-01 2.239628732204e-01 2.467076927423e-01 1.888721883297e-01 2.241482287645e-01 2.238692641258e-01 1.739068627357e-01 9.245362877846e-02 9.428765624762e-02 1.462667435408e-01 1.585899889469e-01 9.272942692041e-02 6.424963474274e-02 6.485291570425e-02 6.455622613430e-02 6.552971899509e-02 6.529347598553e-02 6.046213582158e-02 4.833561554551e-02
5.978963971138e-01 4.500842988491e-01 1.110164880753e+00 5.170617699623e-01 3.357433676720e-01 4.533747732639e-01 3.409130573273e-01 3.806838989258e-01 5.005528330803e-01 3.895268142223e-01 5.402688384056e-01 4.294915795326e-01 4.522253572941e-01 3.786716461182e-01 3.117494583130e-01 2.914953529835e-01 6.650614738464e-01 4.019356071949e-01 3.235720396042e-01 3.937317728996e-01 2.341836392879e-01 1.910189837217e-01 2.039943635464e-01 2.147748619318e-01 2.069068849087e-01 2.197054773569e-01 3.109988570213e-01 1.888805329800e-01 2.327008843422e-01 2.430464029312e-01 1.970675885677e-01 1.270266473293e-01 1.611713171005e-01 1.491323709488e-01 8.530866354704e-02 7.152447104454e-02 6.755785644054e-02 6.325883418322e-02 5.880159512162e-02 5.474250763655e-02 5.625447630882e-02 5.813829600811e-02 5.281379818916e-02
8.085685372353e-01 1.054424166679e+00 6.368582844734e-01 1.091698408127e+00 4.050065577030e-01 5.489013791084e-01 4.709466695786e-01 5.024045705795e-01 7.027000784874e-01 5.826016664505e-01 6.723348498344e-01 3.857277631760e-01 4.103226065636e-01 4.274582266808e-01 3.828552365303e-01 3.022239804268e-01 7.810029387474e-01 4.431444108486e-01 4.615533947945e-01 3.198547065258e-01 1.735566258430e-01 1.920702755451e-01 2.441166043282e-01 2.214878797531e-01 2.013102024794e-01 1.927261501551e-01 3.031998276711e-01 2.071484178305e-01 2.610850930214e-01 2.575533390045e-01 2.042556852102e-01 1.627600640059e-01 1.220559328794e-01 6.399536877871e-02 6.312929093838e-02 6.631381809711e-02 6.554450094700e-02 7.006653398275e-02 6.880471855402e-02 6.529279798269e-02 7.112188637257e-02 8.266512304544e-02 8.632750809193e-02
1.591764450073e+00 1.055636882782e+00 1.114458441734e+00 9.248166084290e-01 8.413971066475e-01 6.170182824135e-01 6.775459647179e-01 5.977899432182e-01 6.178936958313e-01 6.831715703011e-01 7.905160188675e-01 4.598864316940e-01 4.044023454189e-01 4.341207146645e-01 4.751979708672e-01 4.497270286083e-01 6.025840640068e-01 4.464904963970e-01 4.452740252018e-01 3.555130660534e-01 2.898817658424e-01 3.443222641945e-01 3.467261791229e-01 2.868969738483e-01 2.094746381044e-01 1.787153780460e-01 2.378942519426e-01 2.545916140079e-01 2.698769271374e-01 2.253728657961e-01 1.580982059240e-01 1.007873862982e-01 8.819456398487e-02 9.365351498127e-02 1.107237786055e-01 1.213757097721e-01 1.269335299730e-01 1.263429224491e-01 1.199168041348e-01 1.097175776958e-01 9.980262815952e-02 1.002278029919e-01 8.872710913420e-02
