VariationalSeries/SI/f192_max.grd
DSAA
101	101
32.816463539100	34.260883539100
35.556306596100	36.727886596100
8.007045107661e-05	1.310522079468e+01
[rows 38 to 56 of 101, columns 43 to 85 of 101]
8.020533919334e-01 1.245761036873e+00 1.331561565399e+00 7.895487546921e-01 1.324132919312e+00 6.502230167389e-01 6.675709486008e-01 8.964666128159e-01 7.686892151833e-01 6.162905693054e-01 9.087129831314e-01 4.715683758259e-01 5.180590152740e-01 4.383645355701e-01 6.811244487762e-01 4.955842494965e-01 5.373659133911e-01 3.047831356525e-01 4.158993661404e-01 6.314325928688e-01 6.436401009560e-01 4.933962523937e-01 3.403323292732e-01 2.694627046585e-01 2.318780720234e-01 2.095221579075e-01 1.943697035313e-01 1.989318132401e-01 1.768504381180e-01 1.327525377274e-01 1.318616122007e-01 1.561213880777e-01 1.784487366676e-01 1.835198551416e-01 1.861277669668e-01 1.865314543247e-01 1.837144345045e-01 1.697040498257e-01 1.507381051779e-01 1.343957036734e-01 1.211489811540e-01 1.216159686446e-01 1.028756722808e-01
7.987694144249e-01 1.652628898621e+00 1.066467761993e+00 1.488452553749e+00 1.071519970894e+00 1.514652848244e+00 1.273117423058e+00 7.872964143753e-01 7.994412779808e-01 6.419520974159e-01 1.031329512596e+00 6.664857268333e-01 4.329158365726e-01 4.970854222775e-01 9.044072628021e-01 5.395408272743e-01 6.169847249985e-01 9.643409252167e-01 8.646801710129e-01 5.861147642136e-01 3.958953320980e-01 2.691372931004e-01 2.453656345606e-01 2.217825800180e-01 2.232808470726e-01 2.133623361588e-01 1.870016008615e-01 1.630960851908e-01 1.471517682076e-01 1.470781862736e-01 1.614940613508e-01 1.517107784748e-01 1.245255693793e-01 1.053410544991e-01 1.018073856831e-01 8.783327043056e-02 9.406065195799e-02 1.033501252532e-01 1.137350350618e-01 1.259167939425e-01 1.363757848740e-01 1.790221631527e-01 1.846431493759e-01
1.175790786743e+00 8.226770162582e-01 1.454675316811e+00 1.152525782585e+00 1.225358963013e+00 1.596369862556e+00 9.721879363060e-01 8.831445574760e-01 6.314157843590e-01 6.556473374367e-01 1.103322744370e+00 5.967801809311e-01 6.127064824104e-01 6.013968586922e-01 7.333548665047e-01 1.184771895409e+00 8.084876537323e-01 4.191803932190e-01 3.914921283722e-01 2.597185969353e-01 1.971632540226e-01 2.844836413860e-01 3.735205531120e-01 3.364448547363e-01 2.422853857279e-01 2.111930102110e-01 2.064466327429e-01 1.903278529644e-01 1.643909811974e-01 1.528367698193e-01 1.437726765871e-01 1.456752717495e-01 1.393791884184e-01 1.295970976353e-01 1.263709813356e-01 1.328340023756e-01 1.310636401176e-01 1.189933717251e-01 1.580771356821e-01 2.154937982559e-01 1.770632117987e-01 1.325511634350e-01 1.146741658449e-01
1.303128242493e+00 1.195750713348e+00 1.896363377571e+00 1.584598660469e+00 1.496773004532e+00 1.650837182999e+00 1.554953813553e+00 8.575763106346e-01 9.668743014336e-01 9.182276725769e-01 1.085942387581e+00 8.478896617889e-01 7.884981036186e-01 1.342186450958e+00 8.653568625450e-01 6.415164470673e-01 5.447808504105e-01 4.412056803703e-01 3.247694969177e-01 5.255292057991e-01 5.660519599915e-01 2.972920835018e-01 4.683038294315e-01 3.558444976807e-01 3.202684223652e-01 2.824364304543e-01 2.494353353977e-01 2.230508476496e-01 2.009134292603e-01 1.934449672699e-01 3.620692789555e-01 1.538519263268e-01 1.462379395962e-01 1.384397298098e-01 1.752061396837e-01 2.187525331974e-01 2.002229839563e-01 2.290558516979e-01 1.950042396784e-01 2.138318419456e-01 2.157551348209e-01 2.110231816769e-01 1.937626451254e-01
1.242255568504e+00 1.721442580223e+00 1.486011743546e+00 1.477257490158e+00 1.370689153671e+00 1.731798887253e+00 2.737332582474e+00 1.180807709694e+00 1.378183007240e+00 1.375571608543e+00 1.253518104553e+00 1.257258892059e+00 1.431330800056e+00 8.173472285271e-01 8.858472108841e-01 4.995255470276e-01 6.756943464279e-01 9.035483598709e-01 7.107756137848e-01 6.796605587006e-01 7.069266438484e-01 4.767449498177e-01 2.952676117420e-01 2.865457236767e-01 2.657085359097e-01 2.486908286810e-01 3.036271631718e-01 5.249918103218e-01 6.301290392876e-01 5.588936805725e-01 2.758300900459e-01 1.994672566652e-01 1.893437057734e-01 2.051212787628e-01 2.578604221344e-01 2.643803358078e-01 2.393630594015e-01 2.142245769501e-01 1.596595048904e-01 1.986481845379e-01 2.373493760824e-01 2.369268983603e-01 2.278912365437e-01
1.473459124565e+00 2.138887643814e+00 3.536049365997e+00 2.164691209793e+00 3.490137338638e+00 1.792814016342e+00 4.286349296570e+00 1.230788469315e+00 2.385102748871e+00 1.717619061470e+00 1.502920627594e+00 1.467144489288e+00 8.321828842163e-01 1.015644669533e+00 1.147705793381e+00 1.121418595314e+00 6.940706372261e-01 4.124861657619e-01 8.857600688934e-01 7.660160660744e-01 4.196784496307e-01 3.832591772079e-01 3.625114560127e-01 6.600536108017e-01 8.116337060928e-01 7.172087430954e-01 4.718405008316e-01 3.397109508514e-01 3.692485988140e-01 2.334487885237e-01 1.871087551117e-01 2.806826829910e-01 3.489321470261e-01 3.130709528923e-01 2.761794924736e-01 3.730672597885e-01 4.419012367725e-01 3.951449990273e-01 2.833283543587e-01 2.068787962198e-01 2.585276663303e-01 2.839488387108e-01 2.995107173920e-01
1.816941022873e+00 2.290135145187e+00 2.697022914886e+00 3.585119485855e+00 2.995496988297e+00 3.035978555679e+00 5.024839401245e+00 1.994824051857e+00 2.318069458008e+00 1.824873685837e+00 1.842964887619e+00 1.064694762230e+00 1.150766372681e+00 1.437242269516e+00 1.121723413467e+00 8.015409111977e-01 1.157529115677e+00 1.074754118919e+00 8.507497310638e-01 1.076512575150e+00 1.089820265770e+00 9.450590014458e-01 6.761851310730e-01 3.695606589317e-01 4.058931469917e-01 3.662166297436e-01 2.907731235027e-01 3.001106977463e-01 3.237212896347e-01 3.478863537312e-01 3.387264907360e-01 2.889954745770e-01 2.776308357716e-01 2.330359667540e-01 4.253037571907e-01 5.196619629860e-01 4.872010946274e-01 3.588679432869e-01 2.174157500267e-01 1.328805983067e-01 1.853364855051e-01 2.127311229706e-01 1.957872807980e-01
1.722189664841e+00 2.528445720673e+00 3.000277996063e+00 2.861425638199e+00 4.258573532104e+00 3.179956197739e+00 5.115180492401e+00 2.820809125900e+00 2.413863658905e+00 2.677727222443e+00 2.050105333328e+00 1.348786115646e+00 1.339455366135e+00 1.430533289909e+00 8.265879750252e-01 1.224730968475e+00 1.580147743225e+00 1.088575601578e+00 6.474148035049e-01 6.410285830498e-01 5.655755996704e-01 4.380549192429e-01 4.221873283386e-01 4.673019647598e-01 4.674406945705e-01 4.128547608852e-01 3.570751249790e-01 3.481706380844e-01 2.902353703976e-01 3.198023736477e-01 3.060410618782e-01 2.791639864445e-01 1.936883032322e-01 3.549448251724e-01 4.233979284763e-01 4.014110267162e-01 2.803775668144e-01 1.508595198393e-01 2.076116204262e-01 1.952816396952e-01 1.460923105478e-01 1.394526958466e-01 1.507413536310e-01
2.551572322845e+00 3.570938348770e+00 3.643868446350e+00 3.971371412277e+00 4.317088127136e+00 5.431246757507e+00 5.119941711426e+00 9.973686218262e+00 3.672582387924e+00 2.326145887375e+00 2.162316799164e+00 1.926163196564e+00 1.636688947678e+00 2.495388746262e+00 2.182358503342e+00 1.273579239845e+00 1.178670883179e+00 1.223785996437e+00 8.960501551628e-01 7.920551896095e-01 7.847341895103e-01 7.464524507523e-01 7.998214960098e-01 5.963196158409e-01 7.672838568687e-01 6.788532733917e-01 4.264489710331e-01 3.882741630077e-01 3.934214413166e-01 3.673086166382e-01 3.136327862740e-01 3.031099140644e-01 3.161472380161e-01 3.638484776020e-01 3.382869958878e-01 2.596096396446e-01 1.980173736811e-01 1.793975234032e-01 1.748663336039e-01 1.729780137539e-01 1.691173017025e-01 1.629294753075e-01 1.569301635027e-01
1.615503787994e+00 4.725600719452e+00 3.262325525284e+00 4.068442821503e+00 6.436961174011e+00 5.137685298920e+00 6.099315166473e+00 7.282077312469e+00 3.586067914963e+00 3.390491008759e+00 4.304272174835e+00 2.742851972580e+00 3.403630971909e+00 2.641470432281e+00 2.211589097977e+00 1.929403424263e+00 1.640378713608e+00 1.419674992561e+00 1.253055930138e+00 1.760085582733e+00 2.058063030243e+00 8.583596348763e-01 5.586382150650e-01 5.663169026375e-01 7.956860065460e-01 5.009782910347e-01 4.330337643623e-01 4.114725887775e-01 3.800146877766e-01 3.616004586220e-01 3.472698330879e-01 3.592297434807e-01 3.801642060280e-01 3.250371813774e-01 2.487894594669e-01 2.321507334709e-01 2.198953032494e-01 1.805415451527e-01 1.786245852709e-01 1.788397133350e-01 1.650294810534e-01 1.690931022167e-01 1.776129305363e-01
4.360393524170e+00 5.102725505829e+00 5.832527637482e+00 6.150063037872e+00 7.126530647278e+00 9.859627723694e+00 1.310522079468e+01 6.066676616669e+00 4.891663551331e+00 3.410265445709e+00 4.851371288300e+00 4.828162670135e+00 1.827811837196e+00 2.917512178421e+00 3.200388431549e+00 1.586829304695e+00 1.468370437622e+00 1.556401252747e+00 1.717041611671e+00 2.023025035858e+00 1.560407042503e+00 6.636055707932e-01 7.521231174469e-01 6.175162792206e-01 5.763149857521e-01 4.938923716545e-01 4.802244007587e-01 4.765728116035e-01 3.960172235966e-01 2.749465107918e-01 2.460090816021e-01 2.695932090282e-01 2.861928045750e-01 2.940476238728e-01 2.884206771851e-01 2.762005031109e-01 2.462347298861e-01 2.524892389774e-01 2.814938127995e-01 2.882970273495e-01 2.581582665443e-01 2.240636944771e-01 1.955459117889e-01
2.908589839935e+00 5.184574127197e+00 5.349102020264e+00 6.779896259308e+00 6.723583698273e+00 6.653487682343e+00 6.520480155945e+00 5.411515712738e+00 3.789039611816e+00 4.308708190918e+00 4.140213012695e+00 4.353231430054e+00 5.268929481506e+00 2.312633037567e+00 1.956572294235e+00 1.215484976768e+00 1.107322096825e+00 7.831590175629e-01 7.209816575050e-01 6.148214936256e-01 5.280950069427e-01 5.982835292816e-01 7.374920845032e-01 8.486723303795e-01 8.687031865120e-01 7.625067234039e-01 6.096578240395e-01 4.222461581230e-01 2.933677434921e-01 2.418883293867e-01 1.964824646711e-01 2.217346876860e-01 2.883897423744e-01 1.932993382215e-01 2.184597104788e-01 2.387119531631e-01 1.907643228769e-01 2.332563251257e-01 2.757126092911e-01 2.921615242958e-01 3.316025435925e-01 4.166129231453e-01 4.730294346809e-01
1.144389033318e+00 1.563661098480e+00 2.461524724960e+00 1.165263557434e+01 6.416460990906e+00 6.119576931000e+00 3.414401054382e+00 3.508281946182e+00 3.246060848236e+00 5.168335437775e+00 4.811221122742e+00 6.813148975372e+00 9.881832122803e+00 7.260966300964e+00 4.732834339142e+00 2.179821252823e+00 1.025762915611e+00 7.312320470810e-01 6.647945642471e-01 8.931232690811e-01 1.162385225296e+00 1.076420068741e+00 7.945236563683e-01 5.106658339500e-01 5.616797804832e-01 5.314633250237e-01 7.599098682404e-01 1.132719039917e+00 5.253115296364e-01 2.763509154320e-01 2.557530403137e-01 4.201328754425e-01 2.754119336605e-01 1.722931712866e-01 1.511718928814e-01 1.569081544876e-01 1.576582342386e-01 1.622865945101e-01 1.652227342129e-01 1.651349067688e-01 1.654176115990e-01 1.830661296844e-01 1.597703695297e-01
2.075567692518e-01 5.172492861748e-01 1.245966792107e+00 1.661147713661e+00 1.693725705147e+00 1.656178355217e+00 1.290923476219e+00 1.761074066162e+00 1.759192705154e+00 2.804225921631e+00 5.683248519897e+00 6.420371055603e+00 8.828515052795e+00 5.130801677704e+00 3.663180112839e+00 2.073352098465e+00 9.465651512146e-01 4.962720572948e-01 5.247270464897e-01 1.156162738800e+00 3.682226657867e+00 1.537364125252e+00 1.314706444740e+00 9.811112880707e-01 1.000089049339e+00 8.588998317719e-01 9.252258539200e-01 6.483530998230e-01 3.209809958935e-01 4.233764410019e-01 3.569191992283e-01 3.606099784374e-01 2.191465497017e-01 1.987560838461e-01 1.386396437883e-01 1.268833279610e-01 1.316421329975e-01 1.315041780472e-01 1.420318782330e-01 1.313470453024e-01 1.709754765034e-01 2.008435875177e-01 1.942580789328e-01
1.448639482260e-01 2.695564031601e-01 7.840383052826e-01 4.560982286930e-01 4.034990668297e-01 3.290493190289e-01 4.999002218246e-01 8.246213793755e-01 8.615984916687e-01 9.153563976288e-01 2.592492341995e+00 1.276627254486e+01 1.013103961945e+01 4.572680473328e+00 2.099325180054e+00 6.049485206604e-01 3.630186021328e-01 2.387700378895e-01 2.966813147068e-01 7.591254115105e-01 1.740781307220e+00 3.033535242081e+00 1.519604206085e+00 1.156516194344e+00 9.126469492912e-01 6.851228475571e-01 7.261558175087e-01 6.785041093826e-01 5.955155491829e-01 5.368688106537e-01 6.543809175491e-01 2.800550460815e-01 2.597466409206e-01 2.097893208265e-01 2.144085466862e-01 1.998446434736e-01 1.673846542835e-01 1.430108249187e-01 1.635551303625e-01 1.888034045696e-01 2.211861610413e-01 2.177680581808e-01 1.857277005911e-01
9.739662706852e-02 4.006846845150e-01 9.411806464195e-01 6.957604289055e-01 1.715572923422e-01 2.011755108833e-01 1.923730224371e-01 3.896094858646e-01 4.253637194633e-01 6.964185237885e-01 1.336517810822e+00 3.492013931274e+00 7.480656623840e+00 5.124389171600e+00 6.935470581055e+00 1.673196792603e+00 2.056917250156e-01 1.296444088221e-01 2.043734788895e-01 6.766175627708e-01 2.072175025940e+00 3.242362260818e+00 2.473908424377e+00 1.684430360794e+00 1.170819997787e+00 7.371058464050e-01 8.362625837326e-01 6.194903850555e-01 5.986477732658e-01 5.957915782928e-01 4.950646162033e-01 3.947989046574e-01 2.780297398567e-01 2.963383197784e-01 2.659954130650e-01 2.118885368109e-01 1.882787942886e-01 1.746454834938e-01 1.619398295879e-01 1.891149878502e-01 2.075010389090e-01 2.018167823553e-01 1.788314729929e-01
8.307708054781e-02 2.045297026634e-01 1.390745282173e+00 1.670941352844e+00 8.721303939819e-01 1.356601715088e-01 1.032067388296e-01 1.941413283348e-01 1.940816640854e-01 1.574309468269e-01 1.334162354469e-01 5.617685914040e-01 2.531751155853e+00 1.464523553848e+00 8.456464767456e+00 1.021156072617e+00 5.762274265289e-01 2.176909595728e-01 1.814283132553e-01 5.876392722130e-01 1.153143048286e+00 1.020975208282e+01 3.158555269241e+00 1.376615047455e+00 1.394539356232e+00 7.361764311790e-01 7.899876236916e-01 6.711055636406e-01 9.639722108841e-01 7.404216527939e-01 4.247236847878e-01 4.215830266476e-01 3.932946622372e-01 3.745737373829e-01 3.678200244904e-01 2.932574450970e-01 2.893450856209e-01 3.201965689659e-01 2.068857699633e-01 1.586114168167e-01 1.564994901419e-01 1.546338647604e-01 1.790315210819e-01
5.320994183421e-02 9.179157018661e-02 1.147308498621e-01 6.493104100227e-01 3.996576964855e-01 9.667097777128e-02 8.234086632729e-02 9.664349257946e-02 9.062658995390e-02 8.706178516150e-02 6.306357681751e-02 7.050652056932e-02 2.160944044590e-01 1.344589233398e+00 3.832268953323e+00 9.376066327095e-01 7.825939059258e-01 3.683553040028e-01 2.147491872311e-01 4.214694499969e-01 4.906880259514e-01 6.723572611809e-01 6.132707595825e-01 4.639856219292e-01 6.841330528259e-01 1.138566732407e+00 9.972932338715e-01 9.952579736710e-01 6.409400701523e-01 8.387864828110e-01 8.751670122147e-01 7.628480195999e-01 4.660975337029e-01 3.861909210682e-01 3.701335489750e-01 3.231351673603e-01 2.761578261852e-01 2.804587483406e-01 2.719018459320e-01 1.799734532833e-01 1.481784433126e-01 1.527078151703e-01 1.650366634130e-01
5.847443267703e-02 9.341043978930e-02 6.144843623042e-02 6.912022083998e-02 7.022254914045e-02 8.264203369617e-02 7.623092085123e-02 7.158778607845e-02 6.615891307592e-02 5.022545903921e-02 3.516423329711e-02 2.983200550079e-02 4.975040256977e-02 1.395311236382e+00 2.168607473373e+00 2.242577075958e+00 6.389504075050e-01 6.818357110023e-01 5.985596776009e-01 2.471928745508e-01 2.676888108253e-01 5.026987791061e-01 1.372830629349e+00 1.296692013741e+00 1.690858840942e+00 1.701926231384e+00 1.595662474632e+00 1.507891654968e+00 1.429558396339e+00 1.364151120186e+00 1.452424287796e+00 1.779557585716e+00 1.521234035492e+00 6.227462291718e-01 2.538620829582e-01 2.982400953770e-01 3.265360891819e-01 2.255490422249e-01 2.231842577457e-01 1.578144282103e-01 1.554288864136e-01 1.149582117796e-01 1.293775588274e-01
