VariationalSeries/SI/f192_max.grd
DSAA
101	101
32.816463539100	34.260883539100
35.556306596100	36.727886596100
8.007045107661e-05	1.310522079468e+01
[rows 0 to 18 of 101, columns 0 to 42 of 101]
1.213644072413e-02 2.169287949800e-02 1.922296918929e-02 1.150518469512e-02 9.651439264417e-03 1.259351056069e-02 2.509105391800e-02 3.497714176774e-02 3.128121420741e-02 1.867805793881e-02 1.181473303586e-02 1.357894670218e-02 1.441500801593e-02 1.391709782183e-02 1.193330250680e-02 1.817585527897e-02 2.731635421515e-02 3.161368519068e-02 2.251993305981e-02 1.464266143739e-02 1.666679047048e-02 1.783086173236e-02 1.316451933235e-02 1.180626545101e-02 1.253701373935e-02 1.713735237718e-02 2.503942698240e-02 2.859858982265e-02 3.722529113293e-02 2.966269478202e-02 2.278018184006e-02 2.140687406063e-02 1.857755705714e-02 1.474111061543e-02 1.198674645275e-02 1.160761062056e-02 1.067310851067e-02 1.446814090014e-02 2.030767127872e-02 2.329445257783e-02 1.951097138226e-02 1.654599606991e-02 1.576223410666e-02
2.246291004121e-02 4.239143058658e-02 4.157884791493e-02 2.904054708779e-02 2.050028741360e-02 2.435053326190e-02 4.828935861588e-02 6.677776575089e-02 5.907893925905e-02 3.442295640707e-02 2.028690278530e-02 2.320026606321e-02 2.450146712363e-02 2.332554757595e-02 2.034407854080e-02 2.703099511564e-02 4.303575307131e-02 5.632985383272e-02 5.085339769721e-02 3.030932694674e-02 3.039992786944e-02 4.656979814172e-02 2.448593825102e-02 2.197944372892e-02 2.585680782795e-02 3.348423540592e-02 4.197631776333e-02 4.792221635580e-02 7.079008966684e-02 5.511055886745e-02 3.702778369188e-02 3.355649858713e-02 3.130472078919e-02 2.533631771803e-02 2.725118771195e-02 2.849129959941e-02 2.864639461040e-02 3.217856958508e-02 4.047891125083e-02 4.073902219534e-02 3.014153055847e-02 2.984394133091e-02 3.260850533843e-02
2.196866273880e-02 4.509590193629e-02 5.054895207286e-02 4.329871386290e-02 2.783300168812e-02 2.810943499207e-02 5.587510764599e-02 7.591325044632e-02 6.504368036985e-02 3.564235195518e-02 2.561986260116e-02 2.888423204422e-02 2.984374202788e-02 2.761377394199e-02 2.273856289685e-02 2.188587747514e-02 2.825822308660e-02 4.221621900797e-02 4.827184602618e-02 3.923778235912e-02 4.801040142775e-02 7.199754565954e-02 3.151459619403e-02 2.722250670195e-02 3.438559174538e-02 4.162112623453e-02 4.320228099823e-02 4.348454624414e-02 8.250108361244e-02 6.180232763290e-02 3.587730973959e-02 3.076287917793e-02 4.284015297890e-02 2.279502525926e-02 2.564604580402e-02 2.945032157004e-02 3.693204373121e-02 4.679480195045e-02 4.893386363983e-02 4.054236784577e-02 4.144288599491e-02 2.768350206316e-02 3.655152767897e-02
1.949829980731e-02 4.292164370418e-02 5.115417391062e-02 5.229287222028e-02 4.203963652253e-02 2.878017351031e-02 5.839948728681e-02 7.766673713923e-02 6.285298615694e-02 3.060756064951e-02 2.835248410702e-02 3.129911050200e-02 3.116588853300e-02 2.772934734821e-02 2.205037511885e-02 2.234325744212e-02 2.132072672248e-02 2.450878545642e-02 3.189965337515e-02 3.629236668348e-02 8.053506165743e-02 9.163288027048e-02 3.529207408428e-02 2.989228628576e-02 3.792693465948e-02 4.348855838180e-02 4.160011187196e-02 3.968126699328e-02 8.263988047838e-02 6.008332222700e-02 3.043986856937e-02 2.474298514426e-02 4.938016459346e-02 2.625019289553e-02 2.873774245381e-02 4.064641147852e-02 5.029346421361e-02 5.241139605641e-02 4.436200112104e-02 5.134452879429e-02 5.004008114338e-02 3.070726990700e-02 3.350797668099e-02
1.907077990472e-02 4.106037691236e-02 4.861210286617e-02 5.375250428915e-02 5.144678056240e-02 3.636610135436e-02 5.958880856633e-02 7.758472114801e-02 5.891370400786e-02 2.595411613584e-02 3.040628321469e-02 3.236911073327e-02 3.129340708256e-02 3.115075826645e-02 2.859673090279e-02 2.414397522807e-02 2.355576306581e-02 2.325909584761e-02 3.289218246937e-02 6.666565686464e-02 1.119559332728e-01 1.006727442145e-01 3.787009045482e-02 4.258172959089e-02 3.794384747744e-02 4.248800873756e-02 3.811052441597e-02 3.949467465281e-02 7.822337001562e-02 5.659762769938e-02 3.597176074982e-02 2.813232503831e-02 5.264922976494e-02 3.219804540277e-02 4.518660530448e-02 5.409162864089e-02 5.468369647861e-02 4.615916311741e-02 3.177797049284e-02 5.269714817405e-02 6.117032468319e-02 4.102957621217e-02 2.654816210270e-02
1.779949851334e-02 3.581189364195e-02 4.328392073512e-02 4.734056070447e-02 5.253317579627e-02 4.374390095472e-02 5.953504890203e-02 7.507967948914e-02 5.308861657977e-02 2.882007136941e-02 3.228729590774e-02 3.539460897446e-02 3.772943839431e-02 3.651250898838e-02 3.284423798323e-02 2.672594599426e-02 2.166165784001e-02 2.460563555360e-02 5.238134786487e-02 9.505406022072e-02 1.302663981915e-01 9.944164007902e-02 4.265679419041e-02 6.484061479568e-02 3.986991196871e-02 3.983786702156e-02 3.413502499461e-02 4.293527081609e-02 6.997041404247e-02 5.658622458577e-02 3.635539114475e-02 3.067168965936e-02 6.105794757605e-02 4.822568595409e-02 5.723841488361e-02 5.658529698849e-02 4.696521535516e-02 3.247730433941e-02 3.577735275030e-02 4.965156689286e-02 7.492115348577e-02 4.766543209553e-02 2.583768032491e-02
2.242040447891e-02 3.982611745596e-02 3.675096854568e-02 3.638042882085e-02 4.534255340695e-02 4.393383860588e-02 5.859222263098e-02 7.174936681986e-02 4.763411357999e-02 3.177783265710e-02 3.560130298138e-02 4.052120447159e-02 4.106023907661e-02 3.817931190133e-02 3.248780965805e-02 3.070029988885e-02 2.911377884448e-02 3.627423569560e-02 7.071128487587e-02 1.135832145810e-01 1.349024325609e-01 9.082015603781e-02 5.647076666355e-02 8.218733966351e-02 5.776810273528e-02 3.626741468906e-02 3.341443836689e-02 7.965319603682e-02 1.116825342178e-01 7.208177447319e-02 4.032425582409e-02 3.425583615899e-02 6.705342978239e-02 5.654261261225e-02 5.653732270002e-02 4.694494232535e-02 3.272355720401e-02 3.585600480437e-02 5.195037275553e-02 6.557560712099e-02 7.694438844919e-02 5.637127161026e-02 2.577736601233e-02
2.274602092803e-02 4.550291597843e-02 4.702105373144e-02 3.403656184673e-02 3.248945251107e-02 3.677055612206e-02 5.777135118842e-02 7.014106959105e-02 4.435786232352e-02 3.434617072344e-02 4.020253568888e-02 4.291435331106e-02 4.149374365807e-02 3.659843280911e-02 3.430034220219e-02 3.888041526079e-02 4.333789274096e-02 4.789279401302e-02 8.669505268335e-02 1.232437789440e-01 1.324110627174e-01 8.162431418896e-02 6.127764657140e-02 9.036761522293e-02 7.026229798794e-02 4.476028308272e-02 3.215164691210e-02 1.210701391101e-01 1.565278917551e-01 8.451483398676e-02 4.406884685159e-02 4.124950617552e-02 6.622517108917e-02 5.191010609269e-02 4.813726991415e-02 3.416167572141e-02 3.432196378708e-02 5.112649127841e-02 6.753974407911e-02 7.460094243288e-02 6.766004115343e-02 7.064269483089e-02 2.970946207643e-02
1.967041194439e-02 4.301112145185e-02 5.349044501781e-02 4.869389533997e-02 3.235218673944e-02 3.179943189025e-02 5.713885277510e-02 6.952515244484e-02 4.269139468670e-02 3.830348700285e-02 4.262612015009e-02 4.303814470768e-02 3.938984125853e-02 3.390287607908e-02 3.576710075140e-02 4.133907333016e-02 5.607171356678e-02 5.748420953751e-02 9.568667411804e-02 1.213754415512e-01 1.201576068997e-01 7.083447277546e-02 6.251234561205e-02 8.640016615391e-02 7.580072432756e-02 5.169050395489e-02 4.057860001922e-02 1.561996340752e-01 1.827196925879e-01 9.311141818762e-02 4.831970483065e-02 3.932389616966e-02 6.718626618385e-02 4.484433680773e-02 5.284777656198e-02 5.295690149069e-02 5.124926939607e-02 6.872972100973e-02 7.906324416399e-02 7.474209368229e-02 5.490637943149e-02 8.769007772207e-02 3.489259257913e-02
1.992441155016e-02 3.571528568864e-02 5.041828751564e-02 5.712045729160e-02 4.872771352530e-02 3.186207264662e-02 5.727499350905e-02 6.940995156765e-02 4.171046614647e-02 4.053007066250e-02 4.274084046483e-02 4.091296344995e-02 4.466444253922e-02 4.863526672125e-02 5.085825175047e-02 5.156178399920e-02 6.086874753237e-02 6.657195836306e-02 9.851705282927e-02 1.125863343477e-01 1.041019186378e-01 6.036771461368e-02 5.646632239223e-02 7.550634443760e-02 7.321464270353e-02 5.312014743686e-02 4.387676343322e-02 1.772604882717e-01 1.940788924694e-01 9.646101295948e-02 4.236919060349e-02 3.409783914685e-02 7.281512767076e-02 4.451208189130e-02 5.410906299949e-02 5.512484163046e-02 7.123846560717e-02 8.204079419374e-02 8.027175813913e-02 6.429503113031e-02 4.597711190581e-02 9.527050703764e-02 4.826141148806e-02
2.000546641648e-02 4.008649662137e-02 4.156116023660e-02 5.463052913547e-02 5.979570746422e-02 4.809353500605e-02 5.676610767841e-02 6.830270588398e-02 4.033824056387e-02 4.093908891082e-02 4.492747411132e-02 5.259164422750e-02 5.830629542470e-02 6.146617606282e-02 6.292082369328e-02 6.345810741186e-02 6.277866661549e-02 8.255311846733e-02 1.157760694623e-01 1.227101758122e-01 1.031344681978e-01 7.622460275888e-02 5.350751802325e-02 6.439319998026e-02 6.603524088860e-02 4.731230437756e-02 5.086488649249e-02 1.870165616274e-01 1.985768824816e-01 9.446331113577e-02 4.068838432431e-02 3.844276070595e-02 7.134012132883e-02 4.733613133430e-02 6.286559253931e-02 7.625862210989e-02 8.506018668413e-02 8.343856781721e-02 6.921055167913e-02 5.341415479779e-02 5.205433815718e-02 9.153675287962e-02 6.278509646654e-02
1.692767627537e-02 3.565976023674e-02 4.270379617810e-02 4.541946947575e-02 5.902631208301e-02 6.224185973406e-02 5.504950881004e-02 6.582128256559e-02 3.999182954431e-02 4.842984303832e-02 5.635736882687e-02 6.280617415905e-02 6.721208989620e-02 6.971815973520e-02 7.054991275072e-02 7.038738578558e-02 6.962785869837e-02 1.098312214017e-01 1.501864343882e-01 1.561062783003e-01 1.345009952784e-01 1.053652167320e-01 7.706842571497e-02 5.464352294803e-02 7.680957019329e-02 7.361561805010e-02 6.227926909924e-02 1.794463396072e-01 1.756750643253e-01 8.594180643559e-02 5.260599777102e-02 6.227493286133e-02 6.721150130033e-02 7.553567737341e-02 8.566671609879e-02 8.951018005610e-02 8.584292978048e-02 7.416977733374e-02 7.095057517290e-02 8.220200240612e-02 6.191772967577e-02 7.824806869030e-02 7.524476945400e-02
1.458196621388e-02 2.774027734995e-02 3.551338240504e-02 4.204173013568e-02 4.988516122103e-02 6.325273960829e-02 6.358891725540e-02 6.226405128837e-02 4.964792728424e-02 5.773278698325e-02 6.350816041231e-02 6.717160344124e-02 6.934811174870e-02 7.053688168526e-02 7.059311121702e-02 7.019161432981e-02 7.015758752823e-02 1.208327636123e-01 1.633058935404e-01 1.667651683092e-01 1.441575735807e-01 1.173523366451e-01 9.169483929873e-02 6.703180819750e-02 1.032772660255e-01 9.986356645823e-02 8.420414477587e-02 1.562205553055e-01 1.378110796213e-01 7.307332009077e-02 9.204418957233e-02 1.038961261511e-01 1.035075932741e-01 1.001199558377e-01 9.742621332407e-02 9.450528025627e-02 9.164230525494e-02 8.694684505463e-02 7.952834665775e-02 1.113719791174e-01 6.923153996468e-02 5.949423834682e-02 9.696168452501e-02
1.807182282209e-02 3.507876768708e-02 3.449716418982e-02 3.230383992195e-02 3.961348906159e-02 5.424521863461e-02 6.767904013395e-02 6.459942460060e-02 5.523541942239e-02 6.138966977596e-02 6.445561349392e-02 6.542097777128e-02 6.491325050592e-02 6.339859962463e-02 6.170293316245e-02 6.134057044983e-02 6.285582482815e-02 1.108676418662e-01 1.468824446201e-01 1.518369466066e-01 1.363061517477e-01 1.155290454626e-01 9.533378481865e-02 7.530106604099e-02 1.020145639777e-01 1.053998991847e-01 9.310043603182e-02 1.277901530266e-01 1.005048230290e-01 8.001857250929e-02 1.080510616302e-01 1.222644820809e-01 1.166691854596e-01 1.052728444338e-01 9.468694776297e-02 8.905295282602e-02 8.409759402275e-02 7.834850251675e-02 7.161322981119e-02 1.177692636847e-01 1.078628674150e-01 6.143993884325e-02 1.101259663701e-01
2.330604195595e-02 4.661884158850e-02 4.684165492654e-02 4.596992209554e-02 4.445068165660e-02 4.223164543509e-02 5.931581184268e-02 7.232213020325e-02 6.397388130426e-02 6.001742556691e-02 6.077485159039e-02 5.942673236132e-02 5.673602968454e-02 5.316080525517e-02 5.004606768489e-02 5.063268914819e-02 5.117724463344e-02 8.752480149269e-02 1.128184869885e-01 1.189925894141e-01 1.113350242376e-01 9.996249526739e-02 8.819850534201e-02 7.558422535658e-02 7.990088313818e-02 8.716017007828e-02 8.516909182072e-02 1.298952549696e-01 7.364347577095e-02 8.132768422365e-02 1.053944975138e-01 1.171068698168e-01 1.121291667223e-01 9.273456782103e-02 6.851170957088e-02 7.087731361389e-02 6.042517721653e-02 6.395193189383e-02 6.228413805366e-02 9.707335382700e-02 1.439025104046e-01 6.228844448924e-02 1.107170358300e-01
2.364126592875e-02 4.804352670908e-02 4.976895451546e-02 5.216265469790e-02 5.397804081440e-02 5.446426942945e-02 5.414542555809e-02 6.495818495750e-02 7.558839768171e-02 6.067857146263e-02 5.453766882420e-02 5.167522281408e-02 4.799954220653e-02 4.524426534772e-02 4.870883375406e-02 5.177025869489e-02 5.515563488007e-02 7.202973961830e-02 7.894090563059e-02 8.466468006372e-02 8.291711658239e-02 7.691629976034e-02 7.180591672659e-02 6.805629283190e-02 6.513782590628e-02 6.391702592373e-02 8.467790484428e-02 1.374567300081e-01 9.384249895811e-02 9.182493388653e-02 1.091296151280e-01 1.108386144042e-01 9.295249730349e-02 9.295954555273e-02 5.022714659572e-02 8.413574099541e-02 8.019254356623e-02 7.429210841656e-02 6.374363601208e-02 6.797409057617e-02 1.632893830538e-01 8.875977993011e-02 9.810507297516e-02
2.561285905540e-02 4.421356320381e-02 4.399283230305e-02 4.594051465392e-02 4.983151331544e-02 5.481790006161e-02 5.810223147273e-02 5.983751267195e-02 6.952897459269e-02 7.360241562128e-02 6.306543946266e-02 6.078859791160e-02 6.134924665093e-02 5.561784654856e-02 5.022438988090e-02 5.683346837759e-02 6.277749687433e-02 7.409301400185e-02 7.478463649750e-02 6.260018795729e-02 5.657923966646e-02 6.643483787775e-02 8.321737498045e-02 8.653329312801e-02 7.821070402861e-02 6.304921954870e-02 9.372884780169e-02 1.398429721594e-01 9.426674991846e-02 9.907818585634e-02 1.042754426599e-01 1.071219369769e-01 1.151198893785e-01 1.034014001489e-01 6.312967836857e-02 9.470696002245e-02 8.919420093298e-02 7.379069179296e-02 5.555832758546e-02 6.635752320290e-02 1.566193848848e-01 1.363251209259e-01 7.645741105080e-02
2.922350727022e-02 5.382925271988e-02 5.796696618199e-02 5.000531300902e-02 4.615493491292e-02 4.988304525614e-02 5.091216415167e-02 5.034176632762e-02 5.444451421499e-02 6.773831695318e-02 7.380056381226e-02 7.608094811440e-02 7.631389051676e-02 7.017383724451e-02 6.886297464371e-02 6.649908423424e-02 6.249065324664e-02 7.416918128729e-02 7.783772051334e-02 6.925112754107e-02 5.715377628803e-02 5.258322507143e-02 5.806896835566e-02 6.484840810299e-02 6.656903028488e-02 6.686033308506e-02 8.201206475496e-02 1.342362016439e-01 9.598831087351e-02 8.401533961296e-02 9.627842158079e-02 1.108853593469e-01 1.238715350628e-01 1.056686937809e-01 7.263039052486e-02 1.046440973878e-01 8.545754849911e-02 6.632988154888e-02 4.999258741736e-02 6.053424999118e-02 1.259237676859e-01 1.845909059048e-01 8.469246327877e-02
2.866641432047e-02 5.621176213026e-02 6.682006269693e-02 6.294211000204e-02 4.765786603093e-02 3.697864711285e-02 4.494400694966e-02 5.100047215819e-02 5.477486550808e-02 5.530470982194e-02 7.301700860262e-02 8.116453886032e-02 7.746469229460e-02 7.772975414991e-02 7.868870347738e-02 7.766972482204e-02 6.876403838396e-02 7.346629351377e-02 8.034638315439e-02 7.405696809292e-02 5.667896568775e-02 6.800968199968e-02 6.608162075281e-02 6.793903559446e-02 5.997785180807e-02 5.854011699557e-02 6.153717264533e-02 1.242055892944e-01 1.134984046221e-01 8.981093764305e-02 8.692032098770e-02 9.375913441181e-02 1.161112263799e-01 1.036780625582e-01 8.400152623653e-02 1.010859012604e-01 7.448960840702e-02 5.951680615544e-02 5.616866424680e-02 5.504130199552e-02 8.621773868799e-02 2.159240096807e-01 8.908016234636e-02
