VariationalSeries/SI/f196.grd
DSAA
101	101
32.816463539100	34.260883539100
35.556306596100	36.727886596100
8.100467675831e-05	1.316331672668e+01
[rows 38 to 56 of 101, columns 43 to 85 of 101]
8.075060248375e-01 1.254825472832e+00 1.341395497322e+00 7.955664396286e-01 1.333868622780e+00 6.570537090302e-01 6.733936071396e-01 9.021282196045e-01 7.741915583611e-01 6.196634769440e-01 9.155456423759e-01 4.760176241398e-01 5.226699113846e-01 4.416046142578e-01 6.869347095490e-01 4.993015825748e-01 5.414559245110e-01 3.061188161373e-01 4.196580648422e-01 6.371492743492e-01 6.495850682259e-01 4.980446100235e-01 3.435035943985e-01 2.717694938183e-01 2.339097410440e-01 2.116495519876e-01 1.959550380707e-01 2.005690485239e-01 1.783266812563e-01 1.338867247105e-01 1.329341232777e-01 1.573902070522e-01 1.799118369818e-01 1.850447058678e-01 1.876835525036e-01 1.880989372730e-01 1.852598339319e-01 1.711296141148e-01 1.520265191793e-01 1.355777382851e-01 1.222505494952e-01 1.229024454951e-01 1.038527488708e-01
8.066821694374e-01 1.665788650513e+00 1.074564456940e+00 1.499718427658e+00 1.079337716103e+00 1.528393507004e+00 1.282292485237e+00 7.928321957588e-01 8.046976923943e-01 6.469246149063e-01 1.038959145546e+00 6.722553968430e-01 4.365783631802e-01 5.009012818336e-01 9.124581217766e-01 5.436069369316e-01 6.224844455719e-01 9.730114936829e-01 8.724777102470e-01 5.913557410240e-01 3.992607891560e-01 2.712893486023e-01 2.472811788321e-01 2.234654128551e-01 2.249938100576e-01 2.150292992592e-01 1.884914934635e-01 1.644482612610e-01 1.484263390303e-01 1.483158320189e-01 1.628744006157e-01 1.530461162329e-01 1.256786733866e-01 1.061893403530e-01 1.026374548674e-01 8.855865150690e-02 9.503626823425e-02 1.044106781483e-01 1.149083822966e-01 1.272340714931e-01 1.378172188997e-01 1.806525886059e-01 1.862990409136e-01
1.186473608017e+00 8.306117653847e-01 1.466022133827e+00 1.161122918129e+00 1.234409928322e+00 1.610606670380e+00 9.803517460823e-01 8.886696696281e-01 6.363693475723e-01 6.605238914490e-01 1.111372113228e+00 6.018671989441e-01 6.173731684685e-01 6.068203449249e-01 7.398512959480e-01 1.195246815681e+00 8.156723976135e-01 4.225334227085e-01 3.948381245136e-01 2.621524930000e-01 1.983696073294e-01 2.872197926044e-01 3.769920766354e-01 3.390980660915e-01 2.441734522581e-01 2.128272801638e-01 2.080759406090e-01 1.918589770794e-01 1.657402664423e-01 1.541394144297e-01 1.450338363647e-01 1.468629539013e-01 1.405429393053e-01 1.307023167610e-01 1.273546814919e-01 1.338845938444e-01 1.321218609810e-01 1.199689432979e-01 1.595172733068e-01 2.174087911844e-01 1.786208152771e-01 1.338919997215e-01 1.158276721835e-01
1.310046434402e+00 1.206260681152e+00 1.911710739136e+00 1.595947146416e+00 1.506200313568e+00 1.662542700768e+00 1.568049788475e+00 8.644058108330e-01 9.743291735649e-01 9.249104857445e-01 1.094241499901e+00 8.552730083466e-01 7.925405502319e-01 1.354004740715e+00 8.730207085609e-01 6.462623476982e-01 5.486596226692e-01 4.444424808025e-01 3.270440995693e-01 5.294690132141e-01 5.706524252892e-01 2.997909486294e-01 4.719510972500e-01 3.590037524700e-01 3.231849372387e-01 2.850461006165e-01 2.517511844635e-01 2.251346558332e-01 2.027996182442e-01 1.949542313814e-01 3.650051653385e-01 1.551636606455e-01 1.475463509560e-01 1.397106349468e-01 1.770640611649e-01 2.210704982281e-01 2.019974440336e-01 2.310465127230e-01 1.970095336437e-01 2.159974724054e-01 2.179204225540e-01 2.131187766790e-01 1.956725120544e-01
1.247746944427e+00 1.737593650818e+00 1.499098300934e+00 1.488075613976e+00 1.383032083511e+00 1.743937253952e+00 2.761475324631e+00 1.190068364143e+00 1.388200044632e+00 1.385403394699e+00 1.262931227684e+00 1.267170071602e+00 1.443880438805e+00 8.208248019218e-01 8.923350572586e-01 5.035980939865e-01 6.797844171524e-01 9.098635315895e-01 7.159307003021e-01 6.845984458923e-01 7.124050259590e-01 4.804193675518e-01 2.977008223534e-01 2.889004647732e-01 2.678921222687e-01 2.500115036964e-01 3.058996796608e-01 5.290423035622e-01 6.350681185722e-01 5.633341670036e-01 2.780687808990e-01 2.011633217335e-01 1.909851729870e-01 2.071848064661e-01 2.600883543491e-01 2.666371762753e-01 2.416260242462e-01 2.163400799036e-01 1.613064408302e-01 2.006499022245e-01 2.397142499685e-01 2.392842471600e-01 2.301480919123e-01
1.484694719315e+00 2.149779081345e+00 3.566390514374e+00 2.182098627090e+00 3.517565965652e+00 1.804635882378e+00 4.321656227112e+00 1.240346312523e+00 2.405685424805e+00 1.729726672173e+00 1.514043450356e+00 1.479922652245e+00 8.382530808449e-01 1.023006558418e+00 1.155341625214e+00 1.129501700401e+00 6.991735696793e-01 4.160148799419e-01 8.934133052826e-01 7.729210853577e-01 4.232735335827e-01 3.867324888706e-01 3.650128245354e-01 6.648850440979e-01 8.177123665810e-01 7.226293087006e-01 4.755490720272e-01 3.423489332199e-01 3.721614480019e-01 2.356401383877e-01 1.887264102697e-01 2.830580472946e-01 3.518496453762e-01 3.156748414040e-01 2.787387967110e-01 3.764341175556e-01 4.458765089512e-01 3.987161219120e-01 2.859089672565e-01 2.089319825172e-01 2.610749602318e-01 2.867322862148e-01 3.024452030659e-01
1.825176715851e+00 2.305828332901e+00 2.710438728333e+00 3.616709947586e+00 3.017890691757e+00 3.058998584747e+00 5.063752651215e+00 2.010537862778e+00 2.336635112762e+00 1.837556481361e+00 1.856401324272e+00 1.072447419167e+00 1.158674359322e+00 1.448340773582e+00 1.131236910820e+00 8.064361214638e-01 1.167394161224e+00 1.083850622177e+00 8.566780090332e-01 1.084139943123e+00 1.097618699074e+00 9.518566131592e-01 6.810359954834e-01 3.725444376469e-01 4.094536304474e-01 3.695968091488e-01 2.930341959000e-01 3.024607002735e-01 3.263412714005e-01 3.507081568241e-01 3.414787650108e-01 2.913507819176e-01 2.800539135933e-01 2.352699041367e-01 4.289540648460e-01 5.241370201111e-01 4.914328455925e-01 3.620204031467e-01 2.193514257669e-01 1.327753365040e-01 1.864423751831e-01 2.141361087561e-01 1.971389353275e-01
1.739257812500e+00 2.551284074783e+00 3.022908449173e+00 2.880324125290e+00 4.295505046844e+00 3.202691316605e+00 5.154555320740e+00 2.839253902435e+00 2.431366682053e+00 2.697397947311e+00 2.064827203751e+00 1.360638022423e+00 1.348973751068e+00 1.437510728836e+00 8.335404396057e-01 1.233223319054e+00 1.591258883476e+00 1.098759651184e+00 6.523759365082e-01 6.459659934044e-01 5.700010657310e-01 4.416989982128e-01 4.257280230522e-01 4.708937108517e-01 4.710565805435e-01 4.160753488541e-01 3.592147827148e-01 3.494166731834e-01 2.916809320450e-01 3.224163353443e-01 3.083736896515e-01 2.814736962318e-01 1.949976384640e-01 3.578790128231e-01 4.269085228443e-01 4.047518372536e-01 2.827393710613e-01 1.517289727926e-01 2.089002579451e-01 1.963775008917e-01 1.467474251986e-01 1.407143175602e-01 1.521118432283e-01
2.574290037155e+00 3.597398042679e+00 3.672867298126e+00 3.999845266342e+00 4.342663764954e+00 5.477390766144e+00 5.161621570587e+00 1.006363773346e+01 3.704225063324e+00 2.345438241959e+00 2.181508779526e+00 1.939699292183e+00 1.644353508949e+00 2.513455390930e+00 2.197499752045e+00 1.284485340118e+00 1.187276005745e+00 1.233030557632e+00 9.029415249825e-01 7.974983453751e-01 7.901262044907e-01 7.516014575958e-01 8.059136271477e-01 6.010206341743e-01 7.734404802322e-01 6.843568086624e-01 4.294281005859e-01 3.909385204315e-01 3.965834975243e-01 3.704858720303e-01 3.163919150829e-01 3.058159649372e-01 3.186314702034e-01 3.667686283588e-01 3.410231769085e-01 2.617228627205e-01 1.993202716112e-01 1.807213723660e-01 1.761698573828e-01 1.742932945490e-01 1.704270988703e-01 1.642202287912e-01 1.583363860846e-01
1.625141859055e+00 4.767761230469e+00 3.285398960114e+00 4.083463668823e+00 6.470719814301e+00 5.129992961884e+00 6.082801818848e+00 7.345324993134e+00 3.611754894257e+00 3.414136409760e+00 4.340122699738e+00 2.765325069427e+00 3.431925058365e+00 2.656899929047e+00 2.223784685135e+00 1.939854383469e+00 1.649264097214e+00 1.427546024323e+00 1.260452985764e+00 1.771480083466e+00 2.072054147720e+00 8.638086318970e-01 5.590764880180e-01 5.701760649681e-01 8.016226291656e-01 5.050753355026e-01 4.366841316223e-01 4.140678942204e-01 3.828847706318e-01 3.643460273743e-01 3.499060571194e-01 3.619608879089e-01 3.830771744251e-01 3.275708258152e-01 2.507571280003e-01 2.338874638081e-01 2.215406149626e-01 1.824450194836e-01 1.804964691401e-01 1.804072409868e-01 1.664775162935e-01 1.705853939056e-01 1.791893690825e-01
4.393345355988e+00 5.142257213593e+00 5.870531558990e+00 6.189482212067e+00 7.187731742859e+00 9.914129257202e+00 1.316331672668e+01 6.107610702515e+00 4.925630092621e+00 3.439745187759e+00 4.891860961914e+00 4.861543655396e+00 1.841707706451e+00 2.935056924820e+00 3.219237804413e+00 1.594671249390e+00 1.479924917221e+00 1.568303704262e+00 1.730352401733e+00 2.039242506027e+00 1.573561787605e+00 6.685062646866e-01 7.587286233902e-01 6.218594908714e-01 5.788748860359e-01 4.977607727051e-01 4.840172231197e-01 4.803740382195e-01 3.992421925068e-01 2.773470282555e-01 2.482935488224e-01 2.720907628536e-01 2.888323664665e-01 2.967194020748e-01 2.909936904907e-01 2.786232829094e-01 2.483854591846e-01 2.545990347862e-01 2.838918864727e-01 2.908279001713e-01 2.605051696301e-01 2.261621505022e-01 1.974116563797e-01
2.917129516602e+00 5.207067012787e+00 5.362983703613e+00 6.794133186340e+00 6.772326946259e+00 6.695349693298e+00 6.547586917877e+00 5.447924137115e+00 3.814504623413e+00 4.306219577789e+00 4.157496929169e+00 4.391484260559e+00 5.315712928772e+00 2.334106206894e+00 1.971823453903e+00 1.225187540054e+00 1.115672230721e+00 7.888653874397e-01 7.257174849510e-01 6.193011403084e-01 5.318331718445e-01 6.025387048721e-01 7.427666783333e-01 8.548110723495e-01 8.750880360603e-01 7.682263851166e-01 6.138942837715e-01 4.251558780670e-01 2.962309420109e-01 2.442636489868e-01 1.980454474688e-01 2.235404998064e-01 2.907452881336e-01 1.951043009758e-01 2.204421907663e-01 2.409550845623e-01 1.926709115505e-01 2.351527810097e-01 2.779712975025e-01 2.945818901062e-01 3.343915045261e-01 4.201741516590e-01 4.771473109722e-01
1.153592944145e+00 1.578736901283e+00 2.475339412689e+00 1.175512599945e+01 6.463350772858e+00 6.160796642303e+00 3.426260709763e+00 3.532424688339e+00 3.273507356644e+00 5.210016250610e+00 4.852865695953e+00 6.870748519897e+00 9.965489387512e+00 7.315299034119e+00 4.768695831299e+00 2.196317672729e+00 1.033606886864e+00 7.368672490120e-01 6.649276614189e-01 8.995267152786e-01 1.170735359192e+00 1.084326386452e+00 8.004018664360e-01 5.144732594490e-01 5.657856464386e-01 5.354290008545e-01 7.657855153084e-01 1.142095565796e+00 5.300896763802e-01 2.784647047520e-01 2.577629089355e-01 4.235709607601e-01 2.779656946659e-01 1.736873537302e-01 1.520771533251e-01 1.583417803049e-01 1.588881015778e-01 1.635676920414e-01 1.665405035019e-01 1.664586663246e-01 1.667571216822e-01 1.846102625132e-01 1.611511707306e-01
2.093611210585e-01 5.211014747620e-01 1.255470514297e+00 1.673456072807e+00 1.705947518349e+00 1.667868852615e+00 1.300637364388e+00 1.772992014885e+00 1.768832921982e+00 2.828807115555e+00 5.712189197540e+00 6.465557575226e+00 8.877034187317e+00 5.170350551605e+00 3.689568758011e+00 2.090676069260e+00 9.548794627190e-01 5.007363557816e-01 5.286699533463e-01 1.165800929070e+00 3.713393688202e+00 1.551663279533e+00 1.327116966248e+00 9.884327650070e-01 1.007576823235e+00 8.653562068939e-01 9.330844283104e-01 6.540029048920e-01 3.239052891731e-01 4.269035458565e-01 3.598359823227e-01 3.637256920338e-01 2.207911163568e-01 2.002747654915e-01 1.397465318441e-01 1.277914494276e-01 1.327304542065e-01 1.325976103544e-01 1.432188153267e-01 1.323594003916e-01 1.723014563322e-01 2.024243772030e-01 1.957822144032e-01
1.461618691683e-01 2.716806530952e-01 7.901307940483e-01 4.605641067028e-01 4.066471755505e-01 3.315410912037e-01 5.005953311920e-01 8.293861746788e-01 8.648837804794e-01 9.235610961914e-01 2.614449501038e+00 1.286814117432e+01 1.020523548126e+01 4.609400749207e+00 2.114642858505e+00 6.105468273163e-01 3.652403056622e-01 2.405295073986e-01 2.986026108265e-01 7.650655508041e-01 1.754509210587e+00 3.057902574539e+00 1.531976938248e+00 1.166015982628e+00 9.202001094818e-01 6.908614039421e-01 7.324871420860e-01 6.836796402931e-01 6.000689268112e-01 5.413055419922e-01 6.599646210670e-01 2.826095521450e-01 2.617906332016e-01 2.114713340998e-01 2.161483913660e-01 2.015041112900e-01 1.688349843025e-01 1.441882699728e-01 1.648759394884e-01 1.903243362904e-01 2.229823619127e-01 2.195567935705e-01 1.872580349445e-01
9.823840111494e-02 4.042024612427e-01 9.486294984818e-01 7.013214230537e-01 1.727778017521e-01 2.019673585892e-01 1.927818953991e-01 3.918372392654e-01 4.277477860451e-01 6.992778182030e-01 1.344743490219e+00 3.517096519470e+00 7.538414955139e+00 5.164502620697e+00 6.982214450836e+00 1.686096787453e+00 2.073712497950e-01 1.305913478136e-01 2.060427665710e-01 6.825571656227e-01 2.088859081268e+00 3.267570257187e+00 2.493519783020e+00 1.697887420654e+00 1.180169582367e+00 7.429511547089e-01 8.435302972794e-01 6.241422295570e-01 6.036863327026e-01 6.008178591728e-01 4.988971948624e-01 3.978788554668e-01 2.802193164825e-01 2.986954450607e-01 2.681223452091e-01 2.135873138905e-01 1.898023039103e-01 1.760691553354e-01 1.632225662470e-01 1.906253546476e-01 2.091705352068e-01 2.034590244293e-01 1.803040206432e-01
8.373887836933e-02 2.062498927116e-01 1.404540896416e+00 1.685591101646e+00 8.797813653946e-01 1.363796293736e-01 1.037223935127e-01 1.953008174896e-01 1.953227669001e-01 1.578754633665e-01 1.344783604145e-01 5.654851794243e-01 2.550365209579e+00 1.475977659225e+00 8.527615547180e+00 1.029707551003e+00 5.809130668640e-01 2.193582057953e-01 1.826960146427e-01 5.917297005653e-01 1.161934614182e+00 1.029240036011e+01 3.184066295624e+00 1.387642383575e+00 1.405760049820e+00 7.418991327286e-01 7.957227826118e-01 6.704185605049e-01 9.731762409210e-01 7.464687228203e-01 4.279646277428e-01 4.251522123814e-01 3.963935673237e-01 3.775324225426e-01 3.707411289215e-01 2.955872118473e-01 2.918499708176e-01 3.228484094143e-01 2.085565775633e-01 1.600069254637e-01 1.577118784189e-01 1.558597385883e-01 1.807746291161e-01
5.347381159663e-02 9.200663119555e-02 1.161895468831e-01 6.556388139725e-01 4.033508896828e-01 9.717636555433e-02 8.286371827126e-02 9.724541753531e-02 9.126044809818e-02 8.766669034958e-02 6.353417038918e-02 7.104086875916e-02 2.176428288221e-01 1.354685425758e+00 3.866953849792e+00 9.455770850182e-01 7.890916466713e-01 3.711358010769e-01 2.162908762693e-01 4.241751432419e-01 4.924778342247e-01 6.774558424950e-01 6.164832115173e-01 4.670714139938e-01 6.904725432396e-01 1.148124575615e+00 1.003588318825e+00 1.001150250435e+00 6.461816430092e-01 8.455353975296e-01 8.825072050095e-01 7.695080637932e-01 4.702757596970e-01 3.889926075935e-01 3.730740547180e-01 3.257061541080e-01 2.783699035645e-01 2.826388776302e-01 2.744814455509e-01 1.816643476486e-01 1.494959294796e-01 1.540552526712e-01 1.667194217443e-01
5.897351354361e-02 9.383747726679e-02 6.177255138755e-02 6.944108009338e-02 7.061048597097e-02 8.320929855108e-02 7.675268501043e-02 7.217513769865e-02 6.664406508207e-02 5.059092864394e-02 3.546509146690e-02 3.000195138156e-02 5.002872645855e-02 1.408007025719e+00 2.187624216080e+00 2.261181831360e+00 6.428771018982e-01 6.865246891975e-01 6.029815673828e-01 2.502895891666e-01 2.697291970253e-01 5.066163539886e-01 1.383874535561e+00 1.305490970612e+00 1.703061461449e+00 1.714753389359e+00 1.607793927193e+00 1.519717931747e+00 1.441277146339e+00 1.375385046005e+00 1.464381694794e+00 1.794542551041e+00 1.534109830856e+00 6.281836628914e-01 2.561682462692e-01 3.004527091980e-01 3.290134370327e-01 2.272004187107e-01 2.249231636524e-01 1.590410768986e-01 1.564167439938e-01 1.161962151527e-01 1.307623684406e-01
