VariationalSeries/SI/f196.grd
DSAA
101	101
32.816463539100	34.260883539100
35.556306596100	36.727886596100
8.100467675831e-05	1.316331672668e+01
[rows 19 to 37 of 101, columns 43 to 85 of 101]
1.306231915951e-01 1.606474965811e-01 2.088856697083e-01 2.128877341747e-01 1.381037533283e-01 2.118638008833e-01 1.080768704414e-01 1.122184395790e-01 1.220467686653e-01 1.237811222672e-01 1.129665896297e-01 1.658186167479e-01 1.995539069176e-01 1.979193389416e-01 1.312813758850e-01 1.604518741369e-01 2.115851491690e-01 1.979291141033e-01 1.089742183685e-01 1.759384274483e-01 8.121612668037e-02 1.140908598900e-01 1.531985998154e-01 7.549602538347e-02 7.486241310835e-02 8.828030526638e-02 7.285343855619e-02 9.170249849558e-02 8.510863035917e-02 6.742341071367e-02 7.279519736767e-02 1.004976779222e-01 1.134899854660e-01 8.790314942598e-02 7.801251113415e-02 6.362602114677e-02 4.370609298348e-02 4.796973615885e-02 5.298475921154e-02 4.412722960114e-02 4.140954837203e-02 3.610264509916e-02 3.926614671946e-02
1.172623783350e-01 1.574126183987e-01 2.232768684626e-01 2.574996054173e-01 1.863849163055e-01 1.873246133327e-01 1.111918538809e-01 1.188721284270e-01 1.057209968567e-01 1.323728710413e-01 1.385083198547e-01 1.550316512585e-01 2.135115265846e-01 2.104857414961e-01 1.612314879894e-01 1.745038777590e-01 2.066149264574e-01 2.236254513264e-01 1.285838037729e-01 1.700940430164e-01 9.279115498066e-02 1.726352125406e-01 2.150397300720e-01 1.001274511218e-01 8.730944246054e-02 9.035620838404e-02 8.948873728514e-02 9.483515471220e-02 7.391385734081e-02 7.175464928150e-02 1.014661565423e-01 1.325783133507e-01 1.184312403202e-01 9.376826882362e-02 7.727278769016e-02 6.370281428099e-02 4.555017873645e-02 5.607700347900e-02 4.337001591921e-02 3.725254163146e-02 3.972699865699e-02 3.441593050957e-02 3.587186336517e-02
1.266652345657e-01 1.806292384863e-01 2.061624974012e-01 2.695361077785e-01 2.296638190746e-01 1.603135466576e-01 1.102084219456e-01 1.259205937386e-01 1.010265424848e-01 1.237587407231e-01 1.305439472198e-01 1.476479917765e-01 2.027007788420e-01 2.291014045477e-01 1.944534182549e-01 1.864998340607e-01 1.979258060455e-01 2.443563640118e-01 1.465824246407e-01 1.575771123171e-01 1.042579486966e-01 2.137489616871e-01 2.353610992432e-01 1.126284599304e-01 8.525818586349e-02 1.056586727500e-01 1.010171994567e-01 8.200897276402e-02 7.004018872976e-02 1.009071841836e-01 1.415163576603e-01 1.372461467981e-01 9.271827340126e-02 1.069639548659e-01 7.658433914185e-02 5.864224210382e-02 5.429795384407e-02 5.765404924750e-02 4.823838174343e-02 3.771289810538e-02 3.687118366361e-02 2.711617015302e-02 2.670236676931e-02
1.210571229458e-01 1.701036989689e-01 1.747812926769e-01 2.572646141052e-01 2.541490197182e-01 1.678946316242e-01 1.478677839041e-01 1.333598345518e-01 9.950277954340e-02 1.083133593202e-01 1.249364018440e-01 1.496597230434e-01 1.679542064667e-01 2.411822378635e-01 2.165503650904e-01 1.816832721233e-01 1.830403953791e-01 2.620187699795e-01 1.614272147417e-01 1.411709487438e-01 1.156575754285e-01 2.122154980898e-01 2.050935178995e-01 9.757426381111e-02 9.348542988300e-02 1.100311055779e-01 9.166216850281e-02 7.497982680798e-02 1.061903908849e-01 1.497084051371e-01 1.472231149673e-01 1.022808030248e-01 7.810089737177e-02 1.111303642392e-01 5.505129694939e-02 5.392850935459e-02 6.702227145433e-02 5.146517604589e-02 5.532526597381e-02 3.519755601883e-02 3.930687159300e-02 3.280594199896e-02 2.960806712508e-02
9.842902421951e-02 1.176848635077e-01 1.821153461933e-01 2.277816832066e-01 2.560406327248e-01 1.703560203314e-01 1.837467402220e-01 1.542588770390e-01 1.083509251475e-01 9.233728051186e-02 1.301498860121e-01 1.460688114166e-01 1.731466352940e-01 2.588964104652e-01 2.191717624664e-01 1.696023344994e-01 1.647705286741e-01 2.728003263474e-01 1.721800863743e-01 1.711413860321e-01 1.344562768936e-01 1.744278967381e-01 1.529411375523e-01 9.099232405424e-02 1.144788786769e-01 1.064258962870e-01 7.854901254177e-02 1.132643669844e-01 1.622626632452e-01 1.577203571796e-01 1.070718318224e-01 6.340494006872e-02 8.330674469471e-02 1.042397692800e-01 5.598290264606e-02 5.790635943413e-02 7.062263041735e-02 5.386023968458e-02 6.069473177195e-02 3.676407411695e-02 3.733916580677e-02 3.088274411857e-02 3.141046315432e-02
1.268860399723e-01 1.267874389887e-01 2.054598480463e-01 1.925147026777e-01 2.432642579079e-01 1.901190280914e-01 1.759854704142e-01 1.950281709433e-01 1.695881336927e-01 1.296448856592e-01 1.415815651417e-01 1.379199326038e-01 1.887217164040e-01 2.767921388149e-01 1.965764909983e-01 1.626613736153e-01 1.404753476381e-01 2.789153754711e-01 2.183225005865e-01 1.889963895082e-01 1.590076982975e-01 1.690547764301e-01 1.023211404681e-01 1.103626266122e-01 1.175317391753e-01 8.047899603844e-02 1.229665949941e-01 1.749914139509e-01 1.666091829538e-01 1.116456910968e-01 5.980058759451e-02 4.687580838799e-02 1.114593371749e-01 8.713363111019e-02 5.346713215113e-02 7.510656863451e-02 6.526850908995e-02 5.427237227559e-02 6.447039544582e-02 4.550579935312e-02 3.199777007103e-02 3.048172779381e-02 2.706160210073e-02
1.994033157825e-01 1.234021559358e-01 1.235289499164e-01 2.128182649612e-01 2.240508198738e-01 2.006695419550e-01 1.542909443378e-01 1.783865243196e-01 2.028619199991e-01 1.992200911045e-01 1.696907132864e-01 2.102529704571e-01 2.050517648458e-01 2.875849604607e-01 1.698714643717e-01 1.485111564398e-01 1.963415443897e-01 2.808514535427e-01 2.470750212669e-01 1.811991184950e-01 1.713773906231e-01 1.823252886534e-01 1.149128600955e-01 1.202741414309e-01 9.884347766638e-02 1.286773383617e-01 1.905570924282e-01 1.785699874163e-01 1.161602810025e-01 7.597235590219e-02 1.066707670689e-01 6.534232944250e-02 1.300905644894e-01 7.629051804543e-02 6.240421533585e-02 8.033567667007e-02 7.848049700260e-02 5.517957359552e-02 6.654496490955e-02 5.022504925728e-02 3.034274093807e-02 2.889590896666e-02 3.348932415247e-02
2.666841745377e-01 1.268815696239e-01 1.244705915451e-01 1.958993971348e-01 2.017471939325e-01 2.053195238113e-01 1.674394607544e-01 1.699208617210e-01 1.686340421438e-01 2.182240784168e-01 2.379026859999e-01 2.128163129091e-01 2.213915735483e-01 2.913178503513e-01 1.472938656807e-01 2.297424674034e-01 2.753881812096e-01 2.811547517776e-01 2.401115894318e-01 1.435721963644e-01 1.627850532532e-01 1.670583188534e-01 1.153858304024e-01 9.935881942511e-02 1.296809613705e-01 2.026605904102e-01 1.955367028713e-01 1.224510371685e-01 1.082210764289e-01 1.486189216375e-01 1.349145174026e-01 1.224998980761e-01 1.267975419760e-01 8.533723652363e-02 8.036682754755e-02 6.657273322344e-02 8.556317538023e-02 5.838735029101e-02 6.677578389645e-02 4.991430416703e-02 3.226417675614e-02 3.666881471872e-02 4.725090786815e-02
2.911550104618e-01 1.303099095821e-01 1.505403667688e-01 1.297210156918e-01 2.217693924904e-01 2.073757052422e-01 1.768283694983e-01 1.804629862309e-01 1.720135957003e-01 2.167462557554e-01 2.292600721121e-01 1.997358500957e-01 2.360486835241e-01 2.806697189808e-01 2.501610815525e-01 3.042698502541e-01 2.940327525139e-01 2.731156945229e-01 1.631864011288e-01 1.453460156918e-01 1.677000075579e-01 1.690368056297e-01 1.214128881693e-01 1.241095736623e-01 2.112524211407e-01 2.157394886017e-01 1.352329105139e-01 1.100437715650e-01 1.616291105747e-01 1.341418921947e-01 1.090095490217e-01 1.192092970014e-01 9.837515652180e-02 9.378117322922e-02 7.962833344936e-02 5.572549998760e-02 8.380305022001e-02 6.311517208815e-02 6.546437740326e-02 4.518944770098e-02 3.896237164736e-02 5.243074148893e-02 5.926049873233e-02
2.555476129055e-01 1.902728378773e-01 1.743030101061e-01 1.223712265491e-01 1.607675105333e-01 2.103879600763e-01 2.218513488770e-01 1.917728036642e-01 2.256956547499e-01 3.312761485577e-01 1.865465492010e-01 1.755051165819e-01 2.457417249680e-01 2.583056092262e-01 3.243825435638e-01 3.140492439270e-01 2.716770470142e-01 2.640472948551e-01 1.801243424416e-01 1.951286494732e-01 1.741370260715e-01 1.682355403900e-01 1.133351773024e-01 2.143135070801e-01 2.377012670040e-01 1.536806076765e-01 1.256265789270e-01 1.713019758463e-01 1.516003608704e-01 9.922391921282e-02 1.446119844913e-01 1.252331733704e-01 7.532119750977e-02 8.576756715775e-02 7.156568020582e-02 7.685410976410e-02 7.628839462996e-02 6.937198340893e-02 6.352188438177e-02 5.849433317780e-02 6.502813100815e-02 7.299433648586e-02 6.156888231635e-02
1.723704636097e-01 2.867102622986e-01 1.908364892006e-01 1.505022644997e-01 1.814186871052e-01 2.049723714590e-01 1.961267888546e-01 2.052493095398e-01 2.957981526852e-01 4.099240005016e-01 2.751430571079e-01 1.911990791559e-01 2.475617676973e-01 3.089911043644e-01 3.306796550751e-01 4.597053825855e-01 2.437060773373e-01 2.446925044060e-01 2.013511359692e-01 1.972475349903e-01 1.796810626984e-01 1.662271767855e-01 2.121378928423e-01 2.522535920143e-01 1.732348352671e-01 1.413548588753e-01 1.690714806318e-01 1.696089506149e-01 1.452279686928e-01 1.449454873800e-01 1.535788178444e-01 8.587545156479e-02 8.122722804546e-02 7.327206432819e-02 6.399822980165e-02 5.987211316824e-02 1.038089618087e-01 8.206510543823e-02 7.548492401838e-02 8.671212941408e-02 8.640652894974e-02 6.342196464539e-02 4.275278002024e-02
1.938886642456e-01 3.177352249622e-01 1.973266601562e-01 1.663638800383e-01 2.138990163803e-01 1.963040679693e-01 2.042466849089e-01 2.584530413151e-01 3.408913612366e-01 4.116625189781e-01 3.285645544529e-01 3.262334167957e-01 2.887299954891e-01 3.388035595417e-01 4.020730853081e-01 5.819323062897e-01 2.533001005650e-01 2.741996049881e-01 2.718978822231e-01 2.222909927368e-01 1.760441213846e-01 2.115805596113e-01 2.652116417885e-01 1.906897425652e-01 1.582483351231e-01 1.669395267963e-01 1.616408824921e-01 1.791194975376e-01 1.742691099644e-01 1.744774729013e-01 1.314063370228e-01 7.086187601089e-02 9.710257500410e-02 6.063777208328e-02 6.324926018715e-02 6.465159356594e-02 1.430513858795e-01 9.515403211117e-02 9.986353665590e-02 8.043022453785e-02 4.887318611145e-02 2.875993959606e-02 2.855009585619e-02
3.838799595833e-01 2.511731982231e-01 2.753104865551e-01 1.766681075096e-01 2.603552043438e-01 2.018820196390e-01 2.198523730040e-01 2.986358702183e-01 3.586313426495e-01 3.484809398651e-01 3.378563821316e-01 3.415770828724e-01 3.206222951412e-01 2.598498463631e-01 2.756199240685e-01 3.707965016365e-01 2.070542275906e-01 2.709781825542e-01 2.962401509285e-01 2.471897304058e-01 2.199822515249e-01 2.774944603443e-01 2.077489346266e-01 1.767302006483e-01 1.636457592249e-01 1.500102877617e-01 1.617279648781e-01 1.911026388407e-01 1.916875690222e-01 1.717215329409e-01 1.073769181967e-01 6.789758801460e-02 1.033942252398e-01 8.234195411205e-02 9.931068867445e-02 1.056377664208e-01 1.613175272942e-01 9.432864934206e-02 7.459870725870e-02 5.190084502101e-02 4.651134461164e-02 3.519110754132e-02 3.370089456439e-02
6.228995919228e-01 2.723222374916e-01 3.082526326180e-01 2.246893942356e-01 2.885717451572e-01 2.467692196369e-01 2.428166568279e-01 3.428551256657e-01 3.683252930641e-01 2.894906401634e-01 4.065890610218e-01 4.997681081295e-01 2.770748734474e-01 3.249880373478e-01 1.991676092148e-01 2.310733199120e-01 2.208667099476e-01 2.634695470333e-01 2.546330094337e-01 2.309616208076e-01 2.945624589920e-01 2.242454439402e-01 1.841632276773e-01 1.654223352671e-01 1.779928654432e-01 1.652265638113e-01 1.660346686840e-01 2.072378993034e-01 2.085775285959e-01 1.893984079361e-01 1.304319947958e-01 1.146011874080e-01 1.137475594878e-01 1.036115363240e-01 1.002742573619e-01 1.541681140661e-01 1.327933967113e-01 6.433807313442e-02 6.950014084578e-02 7.102908939123e-02 6.583475321531e-02 5.087613686919e-02 3.639662265778e-02
6.817409396172e-01 7.122627496719e-01 2.923751473427e-01 2.951867878437e-01 3.177889287472e-01 2.986476421356e-01 4.095486104488e-01 3.841336667538e-01 3.631871044636e-01 2.697598040104e-01 4.136947691441e-01 5.567510128021e-01 3.329325020313e-01 3.132155239582e-01 2.544398307800e-01 2.591698467731e-01 2.750848233700e-01 2.600896954536e-01 2.516520321369e-01 3.152847588062e-01 2.455637902021e-01 2.101399153471e-01 1.800495982170e-01 1.410381495953e-01 1.730461716652e-01 1.945177316666e-01 1.790110915899e-01 2.225800603628e-01 2.321665138006e-01 2.071739137173e-01 1.542478203773e-01 1.138534471393e-01 1.012499853969e-01 8.593382686377e-02 1.395548135042e-01 1.599499285221e-01 7.146130502224e-02 7.315985858440e-02 7.625965774059e-02 7.732039690018e-02 7.307191938162e-02 6.107949838042e-02 4.241154715419e-02
3.276023864746e-01 9.594420194626e-01 7.011795043945e-01 2.916749417782e-01 3.348801434040e-01 3.719355165958e-01 3.963240981102e-01 4.033004343510e-01 3.224675059319e-01 2.819574475288e-01 4.716081321239e-01 5.450043678284e-01 4.278981685638e-01 2.894544899464e-01 2.664628922939e-01 2.978639602661e-01 4.602299630642e-01 2.889271974564e-01 3.495636284351e-01 2.694110274315e-01 1.937359571457e-01 1.887986063957e-01 1.595884114504e-01 1.937936246395e-01 1.970028728247e-01 2.259881794453e-01 2.491482943296e-01 1.904641091824e-01 2.260629385710e-01 2.257661372423e-01 1.754365712404e-01 9.317033737898e-02 9.510396420956e-02 1.475847810507e-01 1.601343750954e-01 9.378930181265e-02 6.496688723564e-02 6.557868421078e-02 6.528057903051e-02 6.626370549202e-02 6.602523475885e-02 6.114549934864e-02 4.889678955078e-02
6.018161773682e-01 4.537772834301e-01 1.118624210358e+00 5.209965109825e-01 3.386432528496e-01 4.572343230247e-01 3.437741994858e-01 3.838089704514e-01 5.035744309425e-01 3.928077220917e-01 5.445404052734e-01 4.329640269279e-01 4.558089673519e-01 3.816290497780e-01 3.141897618771e-01 2.937951385975e-01 6.696710586548e-01 4.049047231674e-01 3.261100053787e-01 3.968637585640e-01 2.360286861658e-01 1.925464123487e-01 2.056259065866e-01 2.164906859398e-01 2.085652798414e-01 2.217431962490e-01 3.139755427837e-01 1.904937475920e-01 2.346452325583e-01 2.450592666864e-01 1.987371146679e-01 1.281257867813e-01 1.626277714968e-01 1.505946218967e-01 8.628518134356e-02 7.208125293255e-02 6.808485090733e-02 6.375325471163e-02 5.926279351115e-02 5.517338961363e-02 5.688260868192e-02 5.877864733338e-02 5.339610204101e-02
8.126708269119e-01 1.062175869942e+00 6.416903138161e-01 1.099914789200e+00 4.085286259651e-01 5.535471439362e-01 4.748145639896e-01 5.069102644920e-01 7.074961662292e-01 5.865197181702e-01 6.775795221329e-01 3.884640038013e-01 4.135442078114e-01 4.307649135590e-01 3.858706951141e-01 3.046263754368e-01 7.868162989616e-01 4.467439651489e-01 4.651565253735e-01 3.223372697830e-01 1.749623417854e-01 1.938076168299e-01 2.464208006859e-01 2.237908840179e-01 2.029737532139e-01 1.945593059063e-01 3.060523271561e-01 2.088593542576e-01 2.632122337818e-01 2.596467733383e-01 2.059459537268e-01 1.642760485411e-01 1.233119145036e-01 6.431308388710e-02 6.355185806751e-02 6.709334999323e-02 6.619971990585e-02 7.076778262854e-02 6.949795782566e-02 6.595973670483e-02 7.179969549179e-02 8.347117155790e-02 8.719199895859e-02
1.604351401329e+00 1.062165379524e+00 1.122455000877e+00 9.317228198051e-01 8.476504683495e-01 6.222119927406e-01 6.836334466934e-01 6.009818315506e-01 6.223980188370e-01 6.875699162483e-01 7.965692281723e-01 4.630587100983e-01 4.076766371727e-01 4.374626278877e-01 4.790307879448e-01 4.543135762215e-01 6.073246002197e-01 4.501578807831e-01 4.489336609840e-01 3.584885895252e-01 2.925144433975e-01 3.475739657879e-01 3.500978648663e-01 2.897856235504e-01 2.115687876940e-01 1.798150688410e-01 2.401077449322e-01 2.566430866718e-01 2.720557153225e-01 2.272116392851e-01 1.594274193048e-01 1.017957180738e-01 8.908411860466e-02 9.434669464827e-02 1.115954816341e-01 1.223737522960e-01 1.280199438334e-01 1.274563968182e-01 1.210031881928e-01 1.107325702906e-01 1.007390245795e-01 1.012750491500e-01 8.968038111925e-02
