VariationalSeries/SI/f196.grd
DSAA
101	101
32.816463539100	34.260883539100
35.556306596100	36.727886596100
8.100467675831e-05	1.316331672668e+01
[rows 76 to 94 of 101, columns 43 to 85 of 101]
2.037025243044e-02 1.737488806248e-02 3.168233856559e-02 8.005665987730e-02 8.533836901188e-02 1.699176877737e-01 2.709551453590e-01 3.045038878918e-01 1.885510981083e-01 5.282398685813e-02 1.920960694551e-01 4.305057227612e-01 3.214248716831e-01 8.428101241589e-02 3.769827261567e-02 5.342371761799e-02 5.643772706389e-02 2.888135798275e-02 2.703145518899e-02 3.367621451616e-02 1.241621449590e-01 2.841876447201e-01 6.690429151058e-02 4.519024491310e-02 3.281606361270e-02 2.199517935514e-02 1.114233490080e-02 9.579842910171e-03 9.337601251900e-03 8.808557875454e-03 8.393311873078e-03 8.745007216930e-03 9.205355308950e-03 9.764607995749e-03 9.861651808023e-03 9.178015403450e-03 8.420307189226e-03 7.873875088990e-03 7.491533178836e-03 7.264241576195e-03 8.081555366516e-03 1.238509919494e-02 1.689461618662e-02
3.325229883194e-02 4.482024535537e-02 5.736254528165e-02 5.989471450448e-02 8.195852488279e-02 1.130994260311e-01 1.458628326654e-01 1.377512961626e-01 2.209282666445e-01 3.226462304592e-01 3.196177184582e-01 1.530935913324e-01 1.094335988164e-01 9.720556437969e-02 6.269259750843e-02 6.617341935635e-02 1.831230521202e-02 1.131904125214e-02 1.391741074622e-02 1.558652240783e-02 1.179494988173e-02 1.412576436996e-02 2.240693196654e-02 2.247559651732e-02 2.039215900004e-02 1.250478904694e-02 6.076123099774e-03 5.457901395857e-03 6.413820199668e-03 7.388472091407e-03 7.879528217018e-03 8.049732074142e-03 8.005075156689e-03 7.654249668121e-03 6.656966172159e-03 5.342680029571e-03 4.271258134395e-03 4.234199877828e-03 4.486396443099e-03 5.212038755417e-03 6.532124243677e-03 1.114485412836e-02 1.491136476398e-02
7.027494162321e-02 1.060998737812e-01 7.049743086100e-02 3.309023380280e-02 3.850651904941e-02 1.405883282423e-01 3.941798210144e-01 5.243772864342e-01 3.919526040554e-01 1.930868476629e-01 1.047961860895e-01 6.742792576551e-02 4.879084229469e-02 7.853452861309e-02 6.489574909210e-02 2.433805353940e-02 8.072928525507e-03 7.337419781834e-03 7.658616174012e-03 1.039748918265e-02 7.748487871140e-03 7.054176181555e-03 8.168176747859e-03 9.197858162224e-03 8.333330973983e-03 7.610426750034e-03 6.166365928948e-03 6.417326163501e-03 5.401310976595e-03 6.190565880388e-03 6.480036769062e-03 6.038437131792e-03 5.745915696025e-03 5.549268331379e-03 3.901051590219e-03 3.779930528253e-03 4.015724174678e-03 4.001149442047e-03 3.918456379324e-03 4.139852710068e-03 5.063305143267e-03 9.671108797193e-03 1.418578345329e-02
1.001724377275e-01 1.166434064507e-01 3.935137391090e-02 4.086342826486e-02 1.444878280163e-01 2.585104107857e-01 2.663064599037e-01 2.275710403919e-01 1.909412592649e-01 9.076057374477e-02 8.026112616062e-02 9.714899957180e-02 5.963691696525e-02 3.760595992208e-02 1.664594933391e-02 8.959253318608e-03 5.673012696207e-03 5.345226731151e-03 5.137379746884e-03 6.511703133583e-03 5.782118067145e-03 5.787421949208e-03 5.385398864746e-03 5.316652357578e-03 5.156537517905e-03 5.264360457659e-03 5.087028723210e-03 5.172107368708e-03 5.566067062318e-03 5.331745371222e-03 5.400955211371e-03 4.449326079339e-03 4.910814575851e-03 5.151589401066e-03 4.097389988601e-03 3.135058097541e-03 3.753060242161e-03 3.994366154075e-03 4.011815413833e-03 3.942218143493e-03 4.040931817144e-03 5.197121296078e-03 8.743926882744e-03
4.377805069089e-02 7.170435786247e-02 1.035664379597e-01 1.350895017385e-01 1.487090438604e-01 1.216520369053e-01 1.376134902239e-01 1.693113595247e-01 2.411971837282e-01 9.433854371309e-02 9.765227884054e-02 5.951422825456e-02 2.397646754980e-02 1.009040605277e-02 6.991812959313e-03 5.702064838260e-03 5.113100167364e-03 4.609963856637e-03 4.225266166031e-03 3.975204657763e-03 4.421384539455e-03 3.428209340200e-03 3.474398050457e-03 3.462140215561e-03 3.648672485724e-03 3.832062706351e-03 3.866816172376e-03 3.541526151821e-03 3.047999460250e-03 3.658023197204e-03 3.551658242941e-03 3.445771289989e-03 3.865494625643e-03 4.294728860259e-03 3.949795849621e-03 3.093388397247e-03 3.486581612378e-03 3.916115034372e-03 4.021976143122e-03 4.072996787727e-03 4.723359830678e-03 5.669324658811e-03 7.148334756494e-03
4.813071712852e-02 1.464916169643e-01 2.714933753014e-01 1.594583839178e-01 1.025416851044e-01 1.781836748123e-01 2.369067817926e-01 3.185162246227e-01 1.566967070103e-01 8.060965687037e-02 3.803665935993e-02 2.202858217061e-02 9.274203330278e-03 5.940385628492e-03 4.182188306004e-03 3.542303340510e-03 3.253089264035e-03 3.024725709110e-03 3.106616670266e-03 3.310210769996e-03 3.392584156245e-03 3.141951048747e-03 3.066565608606e-03 3.290619468316e-03 3.931834828109e-03 4.580038134009e-03 5.009041633457e-03 4.867914598435e-03 3.844441147521e-03 2.977011958137e-03 2.955525182188e-03 2.727137412876e-03 2.754172310233e-03 3.445815760642e-03 3.569546155632e-03 3.327372483909e-03 3.170395269990e-03 3.715194994584e-03 3.922694828361e-03 3.962338902056e-03 4.530030302703e-03 6.276564206928e-03 8.494637906551e-03
9.053677320480e-02 2.842376828194e-01 2.182115763426e-01 1.769712716341e-01 1.938690692186e-01 1.851705461740e-01 1.298583149910e-01 1.263416558504e-01 9.902072697878e-02 5.066962540150e-02 1.839754544199e-02 1.140782516450e-02 6.173319648951e-03 3.967482596636e-03 3.142107743770e-03 2.598057501018e-03 2.592934761196e-03 2.768615726382e-03 2.703588688746e-03 2.626159461215e-03 2.853473648429e-03 2.915671560913e-03 2.841812092811e-03 2.848898991942e-03 3.583792364225e-03 4.400009755045e-03 4.996621049941e-03 4.984076600522e-03 4.046772606671e-03 2.749419771135e-03 2.872593002394e-03 2.973816590384e-03 2.431140746921e-03 2.532914979383e-03 3.023973666131e-03 3.378455992788e-03 3.414079779759e-03 3.399867564440e-03 3.717172192410e-03 3.880465170369e-03 3.839051816612e-03 4.353214055300e-03 5.511559080333e-03
1.219449117780e-01 2.068660259247e-01 1.231910735369e-01 7.524365186691e-02 5.015406757593e-02 6.158449500799e-02 5.391336232424e-02 6.439678370953e-02 5.469924584031e-02 1.900392770767e-02 1.328635774553e-02 7.913951762021e-03 6.540041882545e-03 4.850280936807e-03 3.021327080205e-03 2.451509470120e-03 2.666062209755e-03 2.688341075554e-03 2.446750411764e-03 2.352929674089e-03 2.730648266152e-03 2.991198794916e-03 3.130405908450e-03 3.020358271897e-03 2.795799402520e-03 3.341568401083e-03 3.729837015271e-03 3.696751082316e-03 3.055262379348e-03 2.472321968526e-03 2.553214086220e-03 2.801777794957e-03 2.673040376976e-03 2.251026919112e-03 2.324540866539e-03 2.758802380413e-03 3.068180289119e-03 3.015602938831e-03 3.431815654039e-03 3.727150382474e-03 3.796446137130e-03 3.987055271864e-03 4.473084118217e-03
1.742761582136e-01 1.435774862766e-01 4.649629816413e-02 3.520663827658e-02 3.733296319842e-02 2.244823798537e-02 3.172876685858e-02 5.184611305594e-02 3.452404588461e-02 1.672779582441e-02 1.255851332098e-02 7.014381233603e-03 6.833285093307e-03 6.475463043898e-03 4.047519061714e-03 3.194763325155e-03 2.711592940614e-03 2.585297450423e-03 2.227937104180e-03 2.267738571391e-03 2.745023928583e-03 3.292603883892e-03 3.620093222708e-03 3.381077433005e-03 2.887321403250e-03 2.476389054209e-03 2.649631816894e-03 2.829021075740e-03 2.852669917047e-03 3.051085164770e-03 2.741630654782e-03 2.540985820815e-03 2.568164141849e-03 2.329209120944e-03 2.255781553686e-03 2.709471620619e-03 2.961918013170e-03 2.884534886107e-03 3.090346232057e-03 3.476833226159e-03 3.645526478067e-03 4.069528076798e-03 5.142566747963e-03
2.756407558918e-01 1.210429668427e-01 2.365443855524e-02 1.691767014563e-02 1.290008425713e-02 1.592768169940e-02 1.696542650461e-02 3.873179480433e-02 3.922141343355e-02 2.389771118760e-02 1.190713513643e-02 6.797770503908e-03 5.879947915673e-03 6.142753176391e-03 5.037411581725e-03 3.095470368862e-03 2.683857921511e-03 2.484969096258e-03 2.063308609650e-03 2.241391455755e-03 2.808527089655e-03 3.666640724987e-03 3.998677246273e-03 3.551155794412e-03 2.982448786497e-03 2.626692643389e-03 2.734152833000e-03 3.045968245715e-03 3.185015870258e-03 3.193420125172e-03 2.957895630971e-03 2.460651332512e-03 2.823988208547e-03 2.335971221328e-03 2.197041641921e-03 2.385581145063e-03 2.998379990458e-03 3.300770418718e-03 3.516068449244e-03 3.995914477855e-03 4.588177427649e-03 4.762460943311e-03 4.628456663340e-03
2.364541739225e-01 7.307197898626e-02 1.802327856421e-02 1.014585047960e-02 9.315414354205e-03 1.081157568842e-02 2.001808024943e-02 2.561888284981e-02 3.083533607423e-02 2.151850797236e-02 1.413512881845e-02 7.896340452135e-03 5.180570296943e-03 4.439380485564e-03 4.249227698892e-03 3.587905317545e-03 3.121868008748e-03 3.430357202888e-03 2.862889552489e-03 2.474223962054e-03 3.084825119004e-03 4.118340089917e-03 4.286750219762e-03 3.600841620937e-03 3.057597437873e-03 2.786219120026e-03 2.853893674910e-03 3.206809516996e-03 3.472209675238e-03 3.247593296692e-03 2.919790102169e-03 2.415050286800e-03 2.880525542423e-03 2.226136857644e-03 2.149760490283e-03 2.072181552649e-03 2.252836013213e-03 2.967643784359e-03 3.780259983614e-03 4.866870120168e-03 5.941238254309e-03 6.364126224071e-03 6.435216404498e-03
1.245092451572e-01 2.291977033019e-02 1.075689401478e-02 9.347517043352e-03 7.818276062608e-03 7.989960722625e-03 1.291275955737e-02 7.151088211685e-03 1.872953958809e-02 2.830668166280e-02 2.011454850435e-02 1.530350930989e-02 7.651575841010e-03 4.701366648078e-03 4.015543498099e-03 4.050529561937e-03 4.295665770769e-03 3.862677607685e-03 3.371484577656e-03 3.018188755959e-03 3.688371973112e-03 4.528833553195e-03 4.360199905932e-03 3.671755315736e-03 3.277249867097e-03 3.083726624027e-03 3.069447586313e-03 3.366352524608e-03 3.672097343951e-03 3.530557267368e-03 2.958725672215e-03 2.371018985286e-03 2.718360163271e-03 2.464117249474e-03 2.133772475645e-03 2.120722550899e-03 2.042782958597e-03 2.135174348950e-03 2.733679721132e-03 4.178774543107e-03 5.706040654331e-03 6.652355659753e-03 7.194629870355e-03
3.369783982635e-02 1.303950697184e-02 8.434236980975e-03 8.068127557635e-03 6.310575176030e-03 5.732991732657e-03 5.799578037113e-03 5.408699158579e-03 6.813302170485e-03 2.335449121892e-02 2.588222734630e-02 3.794975578785e-02 2.428421936929e-02 8.719703182578e-03 5.406770855188e-03 4.506319761276e-03 4.826286341995e-03 5.718359723687e-03 5.319224670529e-03 4.242504946887e-03 4.202449694276e-03 4.706360865384e-03 4.230736754835e-03 3.651697188616e-03 3.436864819378e-03 3.403179114684e-03 3.468140959740e-03 3.448095172644e-03 3.760765772313e-03 3.795601427555e-03 3.283516969532e-03 2.536689396948e-03 2.549189142883e-03 2.552262740210e-03 2.378543373197e-03 2.436228329316e-03 2.412104280666e-03 2.369615249336e-03 2.338105812669e-03 2.404473489150e-03 3.247926477343e-03 4.325137007982e-03 5.098509136587e-03
1.200965605676e-02 7.531813345850e-03 7.559884805232e-03 6.591813638806e-03 5.383011419326e-03 4.884772468358e-03 4.210040904582e-03 4.204922355711e-03 4.990416113287e-03 9.679454378784e-03 3.870003670454e-02 9.502335637808e-02 6.520011276007e-02 2.078208886087e-02 9.130004793406e-03 5.665506701916e-03 5.006410647184e-03 6.013284903020e-03 5.813064519316e-03 6.205511279404e-03 5.971281789243e-03 4.921691492200e-03 4.401417914778e-03 3.948548343033e-03 3.827606095001e-03 3.855518531054e-03 3.848199499771e-03 3.748192917556e-03 3.774968907237e-03 4.004001151770e-03 3.632480045781e-03 2.656989730895e-03 2.483724150807e-03 2.450284548104e-03 2.567207207903e-03 2.755528781563e-03 2.883701119572e-03 2.923262771219e-03 2.897893544286e-03 2.791895531118e-03 2.804684219882e-03 2.950794762000e-03 3.045235993341e-03
1.087861414999e-02 6.185326725245e-03 6.730558350682e-03 5.147753749043e-03 4.209550097585e-03 3.946626093239e-03 3.420712891966e-03 3.566405037418e-03 3.602301003411e-03 6.709740497172e-03 2.931788749993e-02 7.908228039742e-02 7.141998410225e-02 4.601133987308e-02 1.115035451949e-02 6.144850514829e-03 4.676485434175e-03 6.745051592588e-03 8.004931733012e-03 7.506314199418e-03 6.137466989458e-03 4.800488241017e-03 4.751631524414e-03 4.468580242246e-03 4.318103659898e-03 4.217959940434e-03 4.037358798087e-03 3.682825481519e-03 3.815686795861e-03 4.051974974573e-03 3.581406781450e-03 2.795801032335e-03 2.895738231018e-03 2.803543116897e-03 2.659287536517e-03 2.575787482783e-03 2.751603256911e-03 2.857156330720e-03 2.826746553183e-03 2.644293941557e-03 2.939602127299e-03 3.469641786069e-03 3.846214618534e-03
1.341401319951e-02 7.042836863548e-03 5.929141305387e-03 4.583020228893e-03 3.418741282076e-03 3.226531203836e-03 3.292609704658e-03 3.244451014325e-03 3.264635568485e-03 4.195236135274e-03 1.113096717745e-02 4.057812318206e-02 1.474093049765e-01 1.137316524982e-01 1.906527765095e-02 7.181580178440e-03 7.920358330011e-03 8.448135107756e-03 7.510105147958e-03 5.975315347314e-03 4.852775949985e-03 4.951558541507e-03 5.247004330158e-03 5.080161616206e-03 4.733866546303e-03 4.294761922210e-03 3.715765662491e-03 3.360280534253e-03 3.957063425332e-03 4.086045082659e-03 3.707818686962e-03 4.119089338928e-03 4.130057059228e-03 3.907074220479e-03 3.515611169860e-03 2.735097659752e-03 2.297846600413e-03 2.284839283675e-03 2.347574569285e-03 2.522575203329e-03 2.963096136227e-03 3.691741963848e-03 4.572163801640e-03
1.420445460826e-02 8.001493290067e-03 6.000590510666e-03 3.998877480626e-03 2.991258865222e-03 3.137636464089e-03 3.097498789430e-03 3.162606619298e-03 2.845240524039e-03 3.209337824956e-03 6.288220640272e-03 2.064472809434e-02 7.162382453680e-02 6.310451030731e-02 2.105844020844e-02 1.197526790202e-02 9.839998558164e-03 7.633191533387e-03 5.879249423742e-03 4.707497078925e-03 4.688075277954e-03 4.999683238566e-03 5.313850007951e-03 5.052370019257e-03 4.363580141217e-03 3.540103323758e-03 2.892818767577e-03 3.162593813613e-03 3.990842960775e-03 4.211413674057e-03 4.395211581141e-03 4.829342942685e-03 4.795642104000e-03 4.468118771911e-03 3.800037316978e-03 2.858191495761e-03 2.927227644250e-03 3.038214053959e-03 3.217821009457e-03 3.370632184669e-03 3.412615973502e-03 3.800529055297e-03 4.902081098408e-03
1.327906269580e-02 7.155909202993e-03 5.047426559031e-03 3.139297710732e-03 2.872548764572e-03 3.098872723058e-03 2.992335706949e-03 2.586266724393e-03 2.052014693618e-03 2.894584788010e-03 5.348189268261e-03 9.136622771621e-03 2.526238188148e-02 2.997876703739e-02 2.169072441757e-02 1.327584683895e-02 8.393043652177e-03 5.963308736682e-03 5.526244174689e-03 5.364246200770e-03 4.828108008951e-03 4.563538357615e-03 4.412712063640e-03 3.876284696162e-03 3.057833528146e-03 2.695291070268e-03 2.663945546374e-03 2.856605453417e-03 3.729790681973e-03 4.186577163637e-03 3.112650709227e-03 3.395844483748e-03 3.397183725610e-03 3.177787642926e-03 3.089908743277e-03 3.375918604434e-03 3.647270146757e-03 4.006840754300e-03 4.398898221552e-03 4.619763698429e-03 4.535796586424e-03 4.226679913700e-03 4.812357481569e-03
1.186391897500e-02 5.290504079312e-03 3.625741926953e-03 2.248147036880e-03 2.689527114853e-03 2.984717721120e-03 2.858373103663e-03 2.356898738071e-03 1.737928017974e-03 2.605441259220e-03 4.805612843484e-03 7.436355575919e-03 1.757683232427e-02 2.251982130110e-02 1.749110035598e-02 1.035149954259e-02 6.406714674085e-03 5.945004988462e-03 5.847430322319e-03 4.900098312646e-03 3.894177731127e-03 3.251737682149e-03 2.844733186066e-03 2.383674960583e-03 2.201706171036e-03 2.170474501327e-03 2.184188226238e-03 2.432577079162e-03 3.254698589444e-03 3.820280078799e-03 2.965238643810e-03 2.325591631234e-03 2.231716644019e-03 2.850950928405e-03 3.371468512341e-03 3.827716922387e-03 4.356130026281e-03 5.013749003410e-03 5.630621686578e-03 5.881326738745e-03 5.594079382718e-03 4.932693205774e-03 4.745237994939e-03
