VariationalSeries/SI/f196.grd
DSAA
101	101
32.816463539100	34.260883539100
35.556306596100	36.727886596100
8.100467675831e-05	1.316331672668e+01
[rows 38 to 56 of 101, columns 0 to 42 of 101]
3.164279833436e-02 6.676951795816e-02 7.221803814173e-02 7.523569464684e-02 8.907492458820e-02 1.091681495309e-01 1.260545402765e-01 1.436818540096e-01 1.578826457262e-01 1.441878229380e-01 1.183281540871e-01 9.656397998333e-02 9.534594416618e-02 9.392625838518e-02 9.984992444515e-02 1.125122159719e-01 1.272958964109e-01 2.355827540159e-01 3.818660378456e-01 4.099506139755e-01 3.305233120918e-01 2.793422639370e-01 1.862807869911e-01 2.179783284664e-01 4.332093894482e-01 5.626887083054e-01 5.417870879173e-01 3.873566091061e-01 2.781971096992e-01 3.085974454880e-01 3.263914883137e-01 3.991138041019e-01 5.474880933762e-01 5.397016406059e-01 5.064199566841e-01 3.022622168064e-01 4.128981828690e-01 4.642023444176e-01 4.600712954998e-01 7.064351439476e-01 7.730561494827e-01 1.145434379578e+00 9.254114031792e-01
4.649487510324e-02 8.278337866068e-02 6.942998617887e-02 6.806758791208e-02 9.701783210039e-02 1.179521307349e-01 1.549280285835e-01 1.948559284210e-01 2.172714620829e-01 2.034515291452e-01 1.478499174118e-01 1.157161146402e-01 9.967157989740e-02 1.016500666738e-01 1.090651527047e-01 1.178699657321e-01 1.255955249071e-01 1.323585957289e-01 2.077897936106e-01 2.909069061279e-01 2.972177863121e-01 2.909525930882e-01 3.007546961308e-01 2.495659291744e-01 2.314269989729e-01 2.571220993996e-01 3.467287719250e-01 6.529455184937e-01 8.746423125267e-01 8.872742056847e-01 6.962428689003e-01 3.430893123150e-01 3.873046636581e-01 3.284200131893e-01 6.565428376198e-01 5.884119272232e-01 3.838609755039e-01 4.635561704636e-01 5.685475468636e-01 6.463540792465e-01 8.655524253845e-01 1.040752530098e+00 1.225647687912e+00
5.371741577983e-02 1.069909855723e-01 1.013628467917e-01 8.823755383492e-02 1.164886057377e-01 1.433156430721e-01 1.738377064466e-01 2.286181598902e-01 2.477325201035e-01 2.469095289707e-01 1.688839942217e-01 1.134466603398e-01 1.142539381981e-01 9.890267252922e-02 8.244087547064e-02 9.269186109304e-02 1.079222187400e-01 1.175140216947e-01 1.237369328737e-01 1.646504700184e-01 2.426876723766e-01 3.405511975288e-01 4.090523719788e-01 4.121357500553e-01 4.030971527100e-01 2.680839002132e-01 2.125081717968e-01 2.246479392052e-01 2.179403901100e-01 2.738052308559e-01 5.797943472862e-01 9.241055846214e-01 1.095299363136e+00 9.143850803375e-01 4.635438919067e-01 4.608812928200e-01 8.054622411728e-01 6.697906851768e-01 6.959131956100e-01 6.934248209000e-01 6.434453129768e-01 8.655682206154e-01 1.306591510773e+00
7.715521007776e-02 1.305506825447e-01 1.517186909914e-01 1.558636575937e-01 1.404476016760e-01 1.677634567022e-01 1.674216091633e-01 1.610319167376e-01 1.609260886908e-01 1.973188072443e-01 2.129328250885e-01 1.846989691257e-01 1.369368582964e-01 1.218598559499e-01 1.238876283169e-01 1.532967090607e-01 1.778658181429e-01 1.989571750164e-01 1.944710612297e-01 1.413820087910e-01 1.570608764887e-01 2.074082642794e-01 2.367142289877e-01 3.174642324448e-01 3.941110968590e-01 4.681280851364e-01 5.221502184868e-01 5.066395401955e-01 5.200716257095e-01 5.674351453781e-01 6.274343729019e-01 6.151244640350e-01 9.502957463264e-01 1.072822928429e+00 7.658579349518e-01 9.686973094940e-01 1.074678540230e+00 9.127200841904e-01 1.028544664383e+00 8.340685367584e-01 5.846621394157e-01 1.022127151489e+00 8.518931269646e-01
7.927531003952e-02 1.393429189920e-01 1.536922454834e-01 1.411681622267e-01 1.552611589432e-01 1.957749128342e-01 1.944704353809e-01 1.685314625502e-01 2.027581036091e-01 1.687540411949e-01 1.605548709631e-01 2.239972054958e-01 2.324561774731e-01 1.751154661179e-01 1.621673405170e-01 1.494482755661e-01 1.528807729483e-01 2.047929316759e-01 2.761619389057e-01 2.807311415672e-01 1.803969442844e-01 2.043161988258e-01 2.609471082687e-01 2.174935936928e-01 2.512819766998e-01 3.032507598400e-01 4.004144072533e-01 6.045699119568e-01 8.138877153397e-01 7.450522780418e-01 7.059085965157e-01 5.240917205811e-01 5.223370194435e-01 9.805232882500e-01 9.431540966034e-01 1.188914179802e+00 7.858929038048e-01 1.113316893578e+00 9.762603044510e-01 1.408544659615e+00 1.455623507500e+00 1.144996047020e+00 1.289791941643e+00
1.534167230129e-01 2.974537312984e-01 2.223201394081e-01 1.856790035963e-01 1.816738545895e-01 1.634632647038e-01 1.673719733953e-01 2.036345452070e-01 2.016727179289e-01 1.634373962879e-01 2.044402658939e-01 1.393326073885e-01 1.787564158440e-01 2.504824995995e-01 2.174520641565e-01 1.880678385496e-01 2.355262786150e-01 5.111997723579e-01 6.025729775429e-01 3.284189105034e-01 3.517592847347e-01 2.073232084513e-01 2.436260432005e-01 3.453468680382e-01 2.301275432110e-01 2.105823159218e-01 2.211586534977e-01 2.422918975353e-01 3.093464672565e-01 3.516869843006e-01 3.757321238518e-01 4.091906845570e-01 5.573775768280e-01 8.794716596603e-01 6.035128235817e-01 5.587455630302e-01 8.212015032768e-01 9.343581199646e-01 6.184988021851e-01 1.286801338196e+00 1.323970198631e+00 1.441494822502e+00 1.768805146217e+00
2.438721507788e-01 4.472561776638e-01 3.625980913639e-01 2.822758853436e-01 2.602500319481e-01 2.119611799717e-01 2.924338579178e-01 2.566373944283e-01 2.567496299744e-01 2.009105831385e-01 1.571700274944e-01 1.929551362991e-01 1.730779260397e-01 1.129522025585e-01 2.121163308620e-01 2.486499696970e-01 1.810235083103e-01 1.552648693323e-01 2.838195860386e-01 1.877434551716e-01 3.267515003681e-01 3.879210054874e-01 3.853918910027e-01 3.371309638023e-01 4.631198644638e-01 2.845660448074e-01 2.643718719482e-01 3.424189090729e-01 4.012671113014e-01 3.064997494221e-01 3.906197249889e-01 4.811427295208e-01 5.700222253799e-01 6.686387062073e-01 8.506463170052e-01 6.447225809097e-01 7.194366455078e-01 8.046201467514e-01 7.625051140785e-01 1.094842910767e+00 1.012519121170e+00 1.467004299164e+00 1.498044610023e+00
9.552422910929e-02 1.989158093929e-01 2.402538955212e-01 2.830123305321e-01 2.892223894596e-01 3.211231529713e-01 3.392082154751e-01 2.924007773399e-01 2.621968686581e-01 2.512585520744e-01 2.346515357494e-01 2.171659618616e-01 2.056006789207e-01 1.931436359882e-01 2.090753316879e-01 1.784599721432e-01 1.268640309572e-01 1.498496085405e-01 1.578167378902e-01 2.156573086977e-01 2.020410150290e-01 3.335044980049e-01 3.605980873108e-01 3.870202004910e-01 4.520495831966e-01 5.103735327721e-01 5.557932257652e-01 5.787650942802e-01 5.913843512535e-01 6.370531320572e-01 6.469960808754e-01 6.804032921791e-01 7.225711345673e-01 5.999695658684e-01 5.169600248337e-01 7.276301980019e-01 8.720967173576e-01 1.342860698700e+00 1.606838107109e+00 1.483294010162e+00 1.411805391312e+00 1.468940377235e+00 1.217866182327e+00
9.301054477692e-02 1.950095146894e-01 2.211718559265e-01 2.447089254856e-01 2.807334959507e-01 2.870825231075e-01 2.638852298260e-01 2.135968953371e-01 2.015589177608e-01 2.400490492582e-01 2.818600833416e-01 2.674772143364e-01 2.023853808641e-01 1.319267302752e-01 1.418219953775e-01 8.192107826471e-02 4.765347763896e-02 5.266021192074e-02 7.010861486197e-02 8.454594761133e-02 2.519010603428e-01 4.434353709221e-01 3.774649202824e-01 4.777226150036e-01 4.600685536861e-01 5.667912960052e-01 5.849125385284e-01 5.537049770355e-01 5.162878632545e-01 5.875899195671e-01 6.265971064568e-01 8.088746666908e-01 1.033874392509e+00 1.126564979553e+00 9.624210596085e-01 8.146385550499e-01 9.020812511444e-01 6.443560719490e-01 9.824421405792e-01 1.001993536949e+00 1.565754413605e+00 1.477745413780e+00 1.590868115425e+00
2.513802982867e-02 5.052128806710e-02 5.332742258906e-02 5.745914950967e-02 7.920462638140e-02 1.107608377934e-01 1.456788480282e-01 1.564619839191e-01 1.512596160173e-01 1.395187377930e-01 1.444980502129e-01 1.836174130440e-01 1.833763420582e-01 1.492539495230e-01 9.649071097374e-02 7.501104474068e-02 3.851882740855e-02 3.278458490968e-02 3.650494664907e-02 7.786725461483e-02 1.742833852768e-01 3.699805438519e-01 9.240118861198e-01 8.686168193817e-01 7.802134752274e-01 7.326638698578e-01 7.060556411743e-01 6.863684654236e-01 7.300862669945e-01 8.434327244759e-01 9.400423765182e-01 1.063974976540e+00 1.834317684174e+00 1.020382881165e+00 2.302896976471e+00 1.567938089371e+00 1.249069690704e+00 1.347929596901e+00 1.667712807655e+00 1.935722470284e+00 2.047181367874e+00 1.928250312805e+00 1.937966346741e+00
2.283576689661e-02 4.411157220602e-02 4.803082719445e-02 4.811392351985e-02 8.092819154263e-02 1.199296414852e-01 1.250075846910e-01 1.019866317511e-01 7.528089731932e-02 6.149321421981e-02 7.778166979551e-02 9.653887152672e-02 9.241642057896e-02 7.424428313971e-02 5.463447421789e-02 3.868922963738e-02 2.797008305788e-02 2.048973552883e-02 2.130150981247e-02 6.936917454004e-02 2.219620794058e-01 3.832576870918e-01 3.769161701202e-01 7.998858094215e-01 1.929382801056e+00 9.759790897369e-01 6.081457138062e-01 5.509355664253e-01 5.731552839279e-01 6.245864629745e-01 1.073552012444e+00 1.548219442368e+00 8.195791840553e-01 1.220680832863e+00 2.204938888550e+00 4.029942035675e+00 1.646684050560e+00 1.301023602486e+00 1.159321308136e+00 1.275291562080e+00 1.091635704041e+00 2.026085853577e+00 2.365492105484e+00
1.186709664762e-02 2.464739792049e-02 2.953744307160e-02 3.277967125177e-02 4.308925569057e-02 6.929560750723e-02 7.940234243870e-02 6.881645321846e-02 5.325240641832e-02 3.995090350509e-02 3.299971297383e-02 3.149094432592e-02 2.509925514460e-02 2.201260626316e-02 2.626858092844e-02 2.000434882939e-02 1.859550923109e-02 1.563986577094e-02 1.820564083755e-02 2.772732637823e-02 4.696411266923e-02 1.280786991119e-01 1.341578662395e-01 1.808001846075e-01 7.007828354836e-01 7.415406107903e-01 2.763742208481e-01 1.511541306973e-01 1.571124345064e-01 5.108177661896e-01 6.764978766441e-01 7.353576421738e-01 7.646980285645e-01 6.276615262032e-01 9.229360818863e-01 2.660881757736e+00 1.415474414825e+00 8.669892549515e-01 6.048989295959e-01 5.476648807526e-01 5.148230195045e-01 1.349637508392e+00 1.873510837555e+00
5.230276845396e-03 1.044479757547e-02 1.086520310491e-02 1.213399972767e-02 1.517965644598e-02 1.922567375004e-02 2.288062684238e-02 2.490173093975e-02 2.409252151847e-02 2.041122876108e-02 1.744889095426e-02 2.006128430367e-02 2.071039192379e-02 1.915112696588e-02 1.948670856655e-02 2.227522432804e-02 1.691658422351e-02 1.352543849498e-02 1.518361084163e-02 2.258106134832e-02 2.580321952701e-02 4.713698849082e-02 8.197557181120e-02 1.788151115179e-01 4.342172145844e-01 2.691550254822e-01 1.665408909321e-01 1.326962113380e-01 1.277213096619e-01 4.117248952389e-02 3.607480600476e-02 3.921803086996e-02 6.123203784227e-02 1.330520063639e-01 3.086115121841e-01 5.245511054993e+00 9.996068000793e+00 1.333775162697e+00 9.089537858963e-01 4.681933522224e-01 3.299483954906e-01 3.566596508026e-01 6.911091804504e-01
4.230409394950e-03 7.691545411944e-03 8.547023870051e-03 8.545871824026e-03 8.593214675784e-03 1.107559539378e-02 1.454525440931e-02 1.790413074195e-02 1.990428380668e-02 1.949352398515e-02 1.637285947800e-02 1.509065087885e-02 1.639126241207e-02 1.585490629077e-02 1.410531345755e-02 1.730379462242e-02 2.009685896337e-02 1.598308794200e-02 1.233291625977e-02 3.589092567563e-02 4.554507881403e-02 3.452567011118e-02 4.586860537529e-02 8.070521801710e-02 1.532715409994e-01 1.521260857582e+00 3.299963474274e-01 2.934311628342e-01 1.239966303110e-01 2.442420832813e-02 2.136496454477e-02 2.237421832979e-02 2.602280117571e-02 3.206207603216e-02 4.300924763083e-02 2.314265668392e-01 1.610871434212e+00 4.148272991180e+00 1.059158325195e+00 5.938773751259e-01 1.705467253923e-01 1.100328117609e-01 1.211752891541e-01
3.957489039749e-03 9.424007497728e-03 1.274370122701e-02 1.470865868032e-02 1.531727146357e-02 1.413294766098e-02 1.256403885782e-02 1.145810913295e-02 1.427663676441e-02 1.637365296483e-02 1.632376015186e-02 1.412171591073e-02 1.223935838789e-02 1.523904129863e-02 1.591356098652e-02 1.422153599560e-02 1.658165082335e-02 2.140221744776e-02 1.689154841006e-02 3.559930250049e-02 3.778425604105e-02 3.230192884803e-02 3.598600998521e-02 3.900709003210e-02 8.887723088264e-02 3.071433603764e-01 3.200513124466e-01 8.197190612555e-02 3.803215175867e-02 2.364940568805e-02 1.772200874984e-02 1.513155922294e-02 1.492800097913e-02 1.870928145945e-02 2.430520579219e-02 8.246045559645e-02 4.219840466976e-01 1.491416573524e+00 1.807372212410e+00 2.779349386692e-01 1.195405274630e-01 7.728202641010e-02 7.318674772978e-02
5.993798375130e-03 1.411129441112e-02 1.803592406213e-02 2.028185129166e-02 2.083669789135e-02 1.990977488458e-02 1.868868060410e-02 1.681068167090e-02 1.450414210558e-02 1.185331586748e-02 1.311258506030e-02 1.377161964774e-02 1.318820659071e-02 1.546447724104e-02 1.773793436587e-02 1.675768569112e-02 1.415170822293e-02 2.248235791922e-02 2.396255172789e-02 6.281770765781e-02 4.030621424317e-02 2.896283194423e-02 1.959180645645e-02 2.016535215080e-02 3.798659890890e-02 2.743396461010e-01 3.908842802048e-01 7.431218028069e-02 4.862311482430e-02 2.475678920746e-02 1.530085504055e-02 1.058128010482e-02 9.406319819391e-03 9.940058924258e-03 1.524078659713e-02 2.520893514156e-02 1.708013415337e-01 5.279600024223e-01 1.403910279274e+00 6.790648102760e-01 3.233754634857e-01 6.440403312445e-02 5.448189005256e-02
4.096231423318e-03 8.939548395574e-03 1.115095894784e-02 1.223782263696e-02 1.186765823513e-02 1.187164895236e-02 1.328274887055e-02 1.485191751271e-02 1.632736437023e-02 1.635092310607e-02 1.407828181982e-02 1.061409339309e-02 1.250171847641e-02 1.369870360941e-02 1.376609317958e-02 1.382597628981e-02 1.447085849941e-02 2.370848506689e-02 3.255672007799e-02 5.421997234225e-02 4.178805649281e-02 3.280426561832e-02 1.613980159163e-02 1.606082729995e-02 3.235490992665e-02 9.964924305677e-02 8.677285164595e-02 5.765267834067e-02 4.550246521831e-02 2.534225210547e-02 1.405539363623e-02 1.155606936663e-02 1.019162312150e-02 9.957418777049e-03 1.275316346437e-02 2.157877013087e-02 4.519704729319e-02 2.276561707258e-01 2.677944898605e-01 1.628676503897e-01 9.767474979162e-02 4.932989552617e-02 4.452754557133e-02
3.849740838632e-03 6.975214462727e-03 1.035766862333e-02 1.322723086923e-02 1.578148640692e-02 1.865003257990e-02 2.179944887757e-02 2.520534396172e-02 2.835344523191e-02 2.925320528448e-02 2.614963799715e-02 1.942033134401e-02 1.249467674643e-02 1.300284825265e-02 1.597676612437e-02 1.734672859311e-02 2.171092480421e-02 2.514313347638e-02 2.940220199525e-02 5.157081037760e-02 3.682636097074e-02 2.436471544206e-02 1.290032919496e-02 1.251310482621e-02 2.345784567297e-02 2.723378688097e-02 2.734621763229e-01 3.952214121819e-02 3.726914152503e-02 2.241046912968e-02 1.298323646188e-02 1.041111163795e-02 9.932569228113e-03 1.048720534891e-02 1.351365912706e-02 1.838086172938e-02 3.055229783058e-02 3.764593973756e-02 7.923778891563e-02 1.052893400192e-01 6.574841588736e-02 3.952042758465e-02 5.076156184077e-02
3.843011567369e-03 6.951869465411e-03 9.500291198492e-03 1.174469105899e-02 1.400934252888e-02 1.677463948727e-02 1.969637349248e-02 2.264491654932e-02 2.540166489780e-02 2.689178660512e-02 2.548547647893e-02 2.774396724999e-02 2.891334891319e-02 2.893799915910e-02 2.760339155793e-02 2.502601593733e-02 2.981313131750e-02 2.161247842014e-02 2.927006594837e-02 9.322755783796e-02 3.419216722250e-02 1.713837310672e-02 1.210043393075e-02 1.013270579278e-02 1.397537719458e-02 3.093928098679e-02 1.117627024651e-01 3.067938983440e-02 3.954187408090e-02 1.673739217222e-02 1.227292045951e-02 9.406994096935e-03 9.524935856462e-03 1.082487870008e-02 1.430894806981e-02 1.701297983527e-02 1.894118636847e-02 3.050791099668e-02 6.687776744366e-02 7.817665487528e-02 4.844836145639e-02 3.589218482375e-02 4.714283719659e-02
