VariationalSeries/SI/f199_max.grd
DSAA
101	101
32.816463539100	34.260883539100
35.556306596100	36.727886596100
1.153490738943e-03	4.072359466553e+01
[rows 38 to 56 of 101, columns 0 to 42 of 101]
5.195629224181e-02 1.029728204012e-01 1.321586072445e-01 1.535897701979e-01 1.737540811300e-01 1.915707141161e-01 2.045733928680e-01 2.095832973719e-01 2.050641030073e-01 1.987247914076e-01 1.813786178827e-01 1.556943058968e-01 1.267996132374e-01 9.835810959339e-02 9.089100360870e-02 1.160081997514e-01 1.530490964651e-01 1.799694597721e-01 1.412563174963e-01 1.803146153688e-01 2.182143926620e-01 2.240803390741e-01 1.722446233034e-01 1.272755861282e-01 1.918640285730e-01 1.703028678894e-01 1.483547389507e-01 1.481810212135e-01 1.926513016224e-01 2.473724335432e-01 2.882150411606e-01 3.374374508858e-01 4.020687639713e-01 4.806329607964e-01 4.531454145908e-01 2.185647785664e-01 3.277663588524e-01 3.618142008781e-01 4.551274776459e-01 5.702851414680e-01 6.840872168541e-01 6.675161123276e-01 4.132162630558e-01
3.487383574247e-02 6.210969388485e-02 7.329376786947e-02 8.760824799538e-02 1.045764535666e-01 1.242437586188e-01 1.465634405613e-01 1.692187637091e-01 1.887356191874e-01 2.021972984076e-01 2.049415558577e-01 1.957346946001e-01 1.822495758533e-01 1.631014645100e-01 1.384173929691e-01 1.109777539968e-01 8.653050661087e-02 1.072874739766e-01 1.152336224914e-01 1.728550046682e-01 1.890369802713e-01 1.715837866068e-01 1.702963709831e-01 1.792369782925e-01 1.791336834431e-01 1.567363142967e-01 1.327903121710e-01 1.251128017902e-01 2.047494202852e-01 1.867961585522e-01 1.372875273228e-01 1.746642440557e-01 2.039406597614e-01 2.728762328625e-01 4.431329965591e-01 4.004978239536e-01 2.423045635223e-01 4.621319770813e-01 5.641559362411e-01 6.360520124435e-01 6.179300546646e-01 4.719864726067e-01 4.068179726601e-01
2.495972253382e-02 4.624970629811e-02 5.055619776249e-02 5.715552344918e-02 7.570141553879e-02 9.333226829767e-02 1.134017407894e-01 1.493482738733e-01 1.620832830667e-01 1.616173535585e-01 1.629039347172e-01 1.841833740473e-01 1.980112195015e-01 1.991362422705e-01 1.869744211435e-01 1.611441969872e-01 1.419605612755e-01 1.201783940196e-01 1.212941408157e-01 2.223853021860e-01 2.645715773106e-01 2.369974553585e-01 2.914477288723e-01 2.946528792381e-01 2.433428019285e-01 1.694953441620e-01 1.364301294088e-01 1.244354024529e-01 1.914418190718e-01 1.749828010798e-01 1.486089825630e-01 1.575872153044e-01 1.845037043095e-01 2.311469614506e-01 2.638235688210e-01 3.231677412987e-01 3.321577608585e-01 2.954867780209e-01 6.956764459610e-01 6.887409090996e-01 5.159583687782e-01 4.673227369785e-01 6.316413879395e-01
4.415951669216e-02 9.203434735537e-02 1.069857403636e-01 1.100056916475e-01 9.925961494446e-02 8.792562037706e-02 9.255573153496e-02 1.029752269387e-01 1.032182499766e-01 9.774009883404e-02 8.841441571712e-02 1.098912730813e-01 1.341132521629e-01 1.593026965857e-01 1.812674105167e-01 1.935386210680e-01 1.952622383833e-01 1.822808384895e-01 1.481702625751e-01 1.132070422173e-01 1.586766541004e-01 2.154138088226e-01 1.971322149038e-01 2.290018200874e-01 2.853162884712e-01 3.401075005531e-01 3.806706368923e-01 3.706226348877e-01 3.888523280621e-01 4.246238768101e-01 4.701589047909e-01 4.304407835007e-01 4.149548411369e-01 4.726890325546e-01 4.155816435814e-01 3.840002119541e-01 4.101592600346e-01 4.313244819641e-01 3.352279961109e-01 8.354282379150e-01 4.610207676888e-01 6.147499084473e-01 6.381676197052e-01
5.541339516640e-02 1.077492609620e-01 1.209443286061e-01 8.670952171087e-02 7.079485803843e-02 9.398211538792e-02 1.159999370575e-01 1.199124008417e-01 9.458205103874e-02 6.018706038594e-02 6.185538321733e-02 6.315211951733e-02 6.689521670341e-02 8.471621572971e-02 1.076572239399e-01 1.337897777557e-01 1.597011238337e-01 1.854515224695e-01 1.974768340588e-01 1.874593347311e-01 1.573411226273e-01 1.775803565979e-01 2.267679572105e-01 2.354363352060e-01 1.954337060452e-01 2.178419232368e-01 2.898054122925e-01 4.401719868183e-01 5.936805605888e-01 5.441139340401e-01 4.842620193958e-01 3.841803371906e-01 3.767036497593e-01 6.816008090973e-01 7.271390557289e-01 6.385848522186e-01 3.680661022663e-01 5.590592026711e-01 4.928483068943e-01 4.947074949741e-01 7.424398660660e-01 6.834359169006e-01 4.925380647182e-01
1.101780012250e-01 2.138825356960e-01 1.600112020969e-01 1.214739233255e-01 1.043408364058e-01 7.245185971260e-02 8.430027216673e-02 9.482602775097e-02 9.407655894756e-02 1.060912609100e-01 8.983416110277e-02 5.552572384477e-02 6.074374541640e-02 7.283394038677e-02 8.125568181276e-02 7.522396743298e-02 8.199440687895e-02 1.068222522736e-01 1.354068815708e-01 1.638145595789e-01 1.838559955359e-01 1.856827139854e-01 1.693232506514e-01 1.395771354437e-01 1.074773892760e-01 9.513045102358e-02 1.089250221848e-01 1.452564001083e-01 1.653232127428e-01 1.553159058094e-01 1.428814381361e-01 3.166009783745e-01 4.568902850151e-01 6.151810884476e-01 4.385295808315e-01 4.071843028069e-01 3.403781652451e-01 4.368361234665e-01 3.606912791729e-01 5.857448577881e-01 7.221688628197e-01 7.400667071342e-01 7.631906270981e-01
1.402355581522e-01 7.080534100533e-01 2.849247157574e-01 5.593525171280e-01 1.486291438341e-01 1.407176703215e-01 1.916564851999e-01 1.679136604071e-01 1.097279340029e-01 7.113051414490e-02 7.925933599472e-02 9.265159070492e-02 5.801042169333e-02 5.605164542794e-02 6.570978462696e-02 7.586771249771e-02 8.413203805685e-02 8.291196823120e-02 1.723888963461e-01 2.263365834951e-01 1.153694316745e-01 1.429862976074e-01 1.662802845240e-01 1.754597425461e-01 1.713566780090e-01 1.592648923397e-01 1.446096897125e-01 1.330717951059e-01 1.474642604589e-01 1.446376740932e-01 1.789862215519e-01 1.608504951000e-01 2.601515352726e-01 5.374205708504e-01 5.231339931488e-01 3.794571459293e-01 3.947827816010e-01 5.378571152687e-01 5.340942740440e-01 4.888112246990e-01 5.601924061775e-01 6.917239427567e-01 1.122258067131e+00
1.490812152624e-01 1.340716183186e-01 1.932555586100e-01 2.278806716204e-01 2.386861592531e-01 3.136931359768e-01 3.178949058056e-01 2.814833223820e-01 2.414387315512e-01 2.045709639788e-01 1.831813454628e-01 1.603687554598e-01 1.662276834249e-01 1.411013603210e-01 1.706936806440e-01 1.825884729624e-01 1.420699656010e-01 8.612483739853e-02 1.393476128578e+00 1.492340445518e+00 9.686817973852e-02 1.554726809263e-01 1.112904697657e-01 1.068249717355e-01 1.205774396658e-01 1.411232650280e-01 1.437744796276e-01 1.603507697582e-01 1.748926192522e-01 1.807710975409e-01 2.857985794544e-01 1.935190707445e-01 2.062980085611e-01 2.871396839619e-01 3.779032528400e-01 3.982033431530e-01 6.045828461647e-01 6.328865885735e-01 4.940988719463e-01 4.772627353668e-01 6.152840852737e-01 6.990443468094e-01 6.179789900780e-01
1.355874300003e+00 2.989948511124e+00 2.362129390240e-01 2.680348753929e-01 2.821281254292e-01 2.760939002037e-01 2.522006630898e-01 2.238164395094e-01 1.969054341316e-01 1.720386594534e-01 1.564052551985e-01 1.329371780157e-01 1.059490963817e-01 7.988716661930e-02 8.574111014605e-02 2.051846683025e-01 4.122163355350e-01 3.794117867947e-01 7.609699368477e-01 9.087981581688e-01 1.511009931564e-01 1.657955199480e-01 1.465761214495e-01 1.728379726410e-01 1.143384799361e-01 1.139382719994e-01 2.632972002029e-01 2.571520507336e-01 1.940444409847e-01 2.613408863544e-01 1.929229944944e-01 3.762086331844e-01 3.395484685898e-01 4.433767795563e-01 5.290314555168e-01 2.946312129498e-01 4.474662244320e-01 5.836079716682e-01 8.831951618195e-01 6.895146369934e-01 6.523048877716e-01 5.611933469772e-01 6.225201487541e-01
3.728654384613e-01 6.250392794609e-01 4.849059879780e-02 5.886160582304e-02 6.636934727430e-02 3.652532994747e-01 8.331878781319e-01 6.833957433701e-01 3.730188906193e-01 1.166528686881e-01 9.928993880749e-02 1.125413477421e-01 1.120380982757e-01 9.625691175461e-02 4.955528080463e-01 5.624381303787e-01 3.010050058365e-01 3.540438413620e-01 5.499745607376e-01 5.677636861801e-01 1.038044214249e+00 1.755171269178e-01 2.913451492786e-01 5.719673037529e-01 4.469287097454e-01 3.683592379093e-01 2.248062938452e-01 2.104905396700e-01 3.651398122311e-01 4.265978634357e-01 4.509243667126e-01 4.087365269661e-01 7.623792886734e-01 8.148427009583e-01 7.171664237976e-01 5.472785830498e-01 4.966087341309e-01 5.218045711517e-01 6.705181002617e-01 8.689121007919e-01 1.065457224846e+00 1.361592173576e+00 1.755772113800e+00
2.000347673893e-01 3.514580726624e-01 2.953870408237e-02 2.369299344718e-02 1.872472614050e-01 7.214793562889e-01 1.406307578087e+00 1.111806631088e+00 4.092654883862e-01 3.651452809572e-02 3.472977876663e-02 3.251872211695e-02 3.543259203434e-02 3.990805894136e-02 4.166260659695e-01 2.926270067692e-01 2.450981885195e-01 2.467898577452e-01 4.255174100399e-01 1.979402303696e-01 8.636130094528e-01 6.091250896454e+00 3.821761012077e-01 8.351144790649e-01 2.059769153595e+00 1.058352112770e+00 6.630665659904e-01 5.987928509712e-01 6.274072527885e-01 6.852819919586e-01 6.479861736298e-01 9.907493591309e-01 5.527127385139e-01 6.541737914085e-01 1.032664179802e+00 1.811796307564e+00 8.953766822815e-01 5.003072023392e-01 4.371875524521e-01 5.264712572098e-01 6.693093776703e-01 7.417643070221e-01 7.698178291321e-01
1.635496765375e-01 2.351938784122e-01 3.089640475810e-02 2.167533524334e-02 2.578087896109e-02 4.189839363098e-01 8.661021590233e-01 5.330525636673e-01 3.672543466091e-01 7.694541662931e-02 2.767039649189e-02 1.284766942263e-01 1.689574867487e-01 1.468282341957e-01 1.401184648275e-01 2.008343935013e-01 2.671719789505e-01 2.807221710682e-01 4.666202664375e-01 4.132290780544e-01 3.586043417454e-01 6.998903155327e-01 2.322892248631e-01 5.084754824638e-01 1.955049991608e+00 7.185690999031e-01 2.000439643860e+00 1.531943678856e+00 3.579201102257e-01 8.419686555862e-01 2.929060935974e+00 4.045369148254e+00 4.245839118958e+00 9.464629888535e-01 1.457697153091e+00 1.372508883476e+00 1.259608149529e+00 8.164916038513e-01 6.546601653099e-01 6.644335389137e-01 1.315315842628e+00 9.527031183243e-01 7.197620868683e-01
4.846239089966e-02 1.449821442366e-01 8.346506208181e-02 4.961872473359e-02 3.573740646243e-02 1.567842066288e-02 8.298666775227e-02 8.881112188101e-02 9.912542998791e-02 9.736630320549e-02 7.186023890972e-02 1.374139785767e-01 1.640050411224e-01 2.034183442593e-01 1.754408925772e-01 1.364190429449e-01 1.766757518053e-01 2.694233953953e-01 3.882980048656e-01 2.537068128586e-01 2.435500472784e-01 2.430285066366e-01 2.974775433540e-01 5.846087336540e-01 1.342838406563e+00 1.932520866394e+00 1.606604456902e+00 1.099848866463e+00 1.279495000839e+00 3.442409634590e-01 1.830759495497e-01 1.798235327005e-01 2.924096882343e-01 4.993633627892e-01 1.522771477699e+00 1.789214897156e+01 6.511549472809e+00 3.243672370911e+00 1.878015756607e+00 1.471243500710e+00 2.163671970367e+00 2.602709770203e+00 3.901235818863e+00
4.779803007841e-02 7.814314216375e-02 9.315595030785e-02 5.048161745071e-02 3.559793904424e-02 1.628537662327e-02 7.659943401814e-02 7.843334972858e-02 7.648067921400e-02 7.099191099405e-02 8.599895238876e-02 1.031208634377e-01 1.130839735270e-01 2.151477038860e-01 1.874705553055e-01 1.536730527878e-01 1.634176224470e-01 2.302007377148e-01 3.145667910576e-01 2.865328788757e-01 1.495034992695e-01 1.715981513262e-01 2.318042516708e-01 2.399081587791e-01 5.988969206810e-01 5.802983760834e+00 1.627220153809e+00 2.905335664749e+00 1.252440452576e+00 2.069535106421e-01 1.368599087000e-01 1.276182532310e-01 1.516412049532e-01 1.921695023775e-01 2.283384650946e-01 1.227925300598e+00 1.053359413147e+01 2.116160869598e+00 7.096243500710e-01 1.916325807571e+00 1.146361947060e+00 5.885730981827e-01 8.167541027069e-01
3.632922470570e-02 6.515485793352e-02 8.800263702869e-02 1.015948429704e-01 1.059131994843e-01 9.792035818100e-02 8.726085722446e-02 7.843749970198e-02 7.607073336840e-02 6.692019850016e-02 6.067534536123e-02 7.449197769165e-02 8.350124210119e-02 8.503180742264e-02 1.505227535963e-01 1.279904246330e-01 1.266739517450e-01 1.538159549236e-01 1.842054277658e-01 1.329591572285e-01 1.368981599808e-01 1.443224102259e-01 1.304983943701e-01 1.349380314350e-01 2.435775846243e-01 1.454834103584e+00 1.494591951370e+00 4.211907088757e-01 2.184415906668e-01 1.632500141859e-01 1.235384345055e-01 1.035346239805e-01 1.231722906232e-01 1.708893924952e-01 2.125007659197e-01 5.627200603485e-01 2.011016845703e+00 1.035475492477e+00 5.981463789940e-01 1.905750036240e-01 6.962785124779e-01 5.869864821434e-01 5.259951949120e-01
5.791493877769e-02 9.748852998018e-02 1.244516298175e-01 1.399064213037e-01 1.438715010881e-01 1.377271711826e-01 1.294831782579e-01 1.167014539242e-01 1.009849011898e-01 8.280508965254e-02 6.146347150207e-02 5.478238314390e-02 6.210612505674e-02 6.460124254227e-02 1.219992339611e-01 1.157616600394e-01 1.201372295618e-01 8.394747227430e-02 1.050448939204e-01 1.428364217281e-01 1.358382552862e-01 1.289405971766e-01 1.053090691566e-01 1.197480559349e-01 1.677400469780e-01 1.293067693710e+00 9.742190241814e-01 3.289103209972e-01 2.610639333725e-01 2.229671776295e-01 1.574554145336e-01 8.242444694042e-02 7.215463370085e-02 8.939335495234e-02 1.426023393869e-01 2.204189896584e-01 1.453283429146e-01 3.654801845551e-01 2.565751791000e+00 3.757698774338e+00 2.174175262451e+00 4.971899092197e-01 4.030229449272e-01
2.898452803493e-02 6.152048334479e-02 7.662560790777e-02 8.407132327557e-02 8.164393901825e-02 7.771073281765e-02 7.500816136599e-02 6.842050701380e-02 6.024994328618e-02 5.303620174527e-02 4.985071718693e-02 4.531627520919e-02 4.979965463281e-02 5.061563104391e-02 9.450402110815e-02 1.274314820766e-01 1.229123324156e-01 7.914607971907e-02 1.563349366188e-01 1.874181777239e-01 1.590878814459e-01 1.991428434849e-01 9.472584724426e-02 7.940922677517e-02 1.358363479376e-01 4.750633537769e-01 2.498800903559e-01 2.621088027954e-01 2.530065476894e-01 2.196826487780e-01 1.441524177790e-01 8.836472779512e-02 7.799173891544e-02 8.352829515934e-02 1.150258779526e-01 2.136978656054e-01 1.552313417196e-01 4.160986244678e-01 1.862705826759e+00 1.133363842964e+00 6.832128167152e-01 3.407332003117e-01 3.240286409855e-01
2.677688933909e-02 3.917811438441e-02 5.146127566695e-02 5.630760639906e-02 5.619060248137e-02 5.352231860161e-02 4.922750592232e-02 4.642457515001e-02 4.713103547692e-02 4.294328019023e-02 4.468347877264e-02 4.798251390457e-02 4.891570284963e-02 5.241514369845e-02 9.603524208069e-02 1.110412925482e-01 6.805008649826e-02 8.060344308615e-02 1.257808506489e-01 3.343045115471e-01 1.856025457382e-01 1.979806721210e-01 1.197161674500e-01 1.304228305817e-01 1.928946524858e-01 1.702793091536e-01 1.147635102272e+00 2.001851201057e-01 2.036871463060e-01 1.821096986532e-01 1.006015762687e-01 7.921021431684e-02 7.573506981134e-02 8.471759408712e-02 1.230558678508e-01 1.901319026947e-01 3.041168451309e-01 3.754070401192e-01 5.644448995590e-01 8.379296064377e-01 5.256188511848e-01 3.156459331512e-01 3.779185414314e-01
2.158617228270e-02 3.856625035405e-02 5.164914950728e-02 5.751410499215e-02 9.068594127893e-02 5.422596260905e-02 5.113709345460e-02 5.780992284417e-02 6.387740373611e-02 6.939150393009e-02 7.430663704872e-02 7.704974710941e-02 8.447303622961e-02 8.975747227669e-02 1.770149767399e-01 1.838596612215e-01 9.184739738703e-02 8.274967968464e-02 1.074147596955e-01 3.385069072247e-01 1.701693087816e-01 2.173839062452e-01 1.415990144014e-01 1.220251470804e-01 1.448600143194e-01 2.745897173882e-01 4.980918765068e-01 2.191882729530e-01 1.899173110723e-01 1.398314833641e-01 7.642418891191e-02 7.110604643822e-02 7.226831465960e-02 8.718972653151e-02 1.322883665562e-01 1.829449385405e-01 2.075547277927e-01 2.524588406086e-01 3.101984560490e-01 3.393670320511e-01 3.080350458622e-01 3.032292425632e-01 3.829032480717e-01
