VariationalSeries/SI/f199_max.grd
DSAA
101	101
32.816463539100	34.260883539100
35.556306596100	36.727886596100
1.153490738943e-03	4.072359466553e+01
[rows 76 to 94 of 101, columns 43 to 85 of 101]
6.798765808344e-02 9.361344575882e-02 2.027097046375e-01 5.659891366959e-01 3.614189922810e-01 5.193703770638e-01 4.906982779503e-01 1.284239739180e-01 1.098953709006e-01 2.331015467644e-01 5.809535980225e-01 1.250399947166e+00 8.858093023300e-01 4.874008893967e-01 2.529167234898e-01 5.030598640442e-01 5.216908454895e-01 2.629657685757e-01 2.418913841248e-01 6.728480011225e-02 1.130889296532e+00 2.595878124237e+00 6.188441514969e-01 2.635248899460e-01 2.222280651331e-01 1.636708229780e-01 1.227350309491e-01 1.054550781846e-01 1.023362055421e-01 9.629838913679e-02 8.273786306381e-02 6.923640519381e-02 5.734973400831e-02 6.420065462589e-02 7.811208069324e-02 8.442012220621e-02 8.716002106667e-02 1.209600269794e-01 1.045888885856e-01 4.835534840822e-02 5.914972722530e-02 8.384484797716e-02 1.020249649882e-01
2.239530086517e-01 2.045123279095e-01 2.303979247808e-01 4.197119176388e-01 4.890163242817e-01 4.682538509369e-01 1.788541078568e-01 1.364197134972e-01 1.222839578986e-01 8.401911854744e-01 8.645522594452e-01 7.655843496323e-01 6.252402067184e-01 3.461480438709e-01 4.424781799316e-01 6.023943424225e-01 1.661521494389e-01 7.041867822409e-02 8.134535700083e-02 6.100406870246e-02 8.681941032410e-02 1.029099598527e-01 1.599641889334e-01 1.515508741140e-01 1.206819266081e-01 8.662467449903e-02 6.728905439377e-02 6.014068052173e-02 8.647310733795e-02 6.689823418856e-02 6.447996944189e-02 7.045224308968e-02 8.078706264496e-02 7.178163528442e-02 5.517054349184e-02 6.002776697278e-02 7.241556793451e-02 7.747083902359e-02 1.035639196634e-01 1.068499013782e-01 6.924220174551e-02 6.406500190496e-02 8.150522410870e-02
1.776337772608e-01 4.610075056553e-01 4.338133037090e-01 2.024401575327e-01 2.417775839567e-01 4.787529110909e-01 2.335779815912e-01 2.220748960972e-01 1.796460300684e-01 1.232608407736e-01 2.937360107899e-01 3.559042811394e-01 2.660519480705e-01 5.991656184196e-01 5.862643718719e-01 1.653863042593e-01 5.906037613750e-02 4.602495953441e-02 5.644620954990e-02 7.547517120838e-02 5.745344236493e-02 5.270954221487e-02 6.011473387480e-02 6.023698672652e-02 5.461671203375e-02 4.522617906332e-02 3.734239190817e-02 3.880191966891e-02 6.840944290161e-02 8.508890867233e-02 6.749287247658e-02 8.687666803598e-02 9.389835596085e-02 8.261695504189e-02 6.241673976183e-02 4.219767078757e-02 4.548166692257e-02 6.172393262386e-02 6.811807304621e-02 8.272303640842e-02 9.917793422937e-02 8.833967149258e-02 6.062600761652e-02
2.045415043831e-01 2.589344978333e-01 1.895341575146e-01 2.969301342964e-01 6.134659051895e-01 3.662295937538e-01 1.296755820513e-01 8.575860410929e-02 7.565224915743e-02 4.248158037663e-01 4.035472869873e-01 3.950234055519e-01 5.495231151581e-01 3.373970389366e-01 8.967568725348e-02 6.329489499331e-02 3.747184202075e-02 2.455158531666e-02 2.433747984469e-02 3.410477191210e-02 4.222165793180e-02 3.545257821679e-02 2.471308782697e-02 3.459504246712e-02 3.137306869030e-02 3.201794996858e-02 3.095611184835e-02 3.143498674035e-02 4.650934040546e-02 9.714410454035e-02 6.090148165822e-02 8.433869481087e-02 1.013578772545e-01 9.325761348009e-02 7.435499131680e-02 5.348039418459e-02 3.977271541953e-02 3.229601681232e-02 5.032407119870e-02 5.723694339395e-02 6.861313432455e-02 7.818258553743e-02 8.690168708563e-02
1.019585952163e-01 2.070009559393e-01 4.258609116077e-01 6.828691959381e-01 4.650284945965e-01 3.468935489655e-01 6.868762969971e-01 6.569765806198e-01 7.746435403824e-01 5.261988043785e-01 8.239742517471e-01 6.479158252478e-02 1.277944594622e-01 7.451244443655e-02 4.342740029097e-02 1.277365814894e-02 2.824824117124e-02 8.728412911296e-03 1.251329760998e-02 2.290391176939e-02 2.624717168510e-02 1.866515539587e-02 5.104859825224e-03 2.078961394727e-02 2.392899617553e-02 2.513760887086e-02 2.536489255726e-02 2.322742901742e-02 3.196905553341e-02 8.894833177328e-02 7.167459279299e-02 7.009799778461e-02 9.617407619953e-02 9.829124808311e-02 8.711355924606e-02 7.122391462326e-02 6.010556966066e-02 4.841499030590e-02 3.830123320222e-02 3.788385540247e-02 4.488234966993e-02 4.837831482291e-02 5.540390312672e-02
1.655130684376e-01 4.034905135632e-01 9.254323840141e-01 9.676458239555e-01 7.021921277046e-01 6.176371574402e-01 8.908144831657e-01 1.069963932037e+00 1.040220737457e+00 7.020345926285e-01 1.884099841118e-01 3.103663586080e-02 6.173212826252e-02 3.909523040056e-02 6.699110846967e-03 4.901222884655e-03 1.673530414701e-02 1.991935260594e-02 2.029687166214e-02 1.083391252905e-02 2.563150599599e-02 1.496733352542e-02 6.844621617347e-03 2.160636894405e-02 2.577977813780e-02 3.000160120428e-02 3.279524669051e-02 3.187796473503e-02 2.521545253694e-02 6.895501911640e-02 9.326806664467e-02 4.996561631560e-02 7.734412699938e-02 9.037277102470e-02 9.494469314814e-02 9.368257224560e-02 8.716634660959e-02 7.104028016329e-02 5.022793263197e-02 3.272660821676e-02 2.473936602473e-02 3.044790402055e-02 3.531234711409e-02
3.992189466953e-01 9.543440341949e-01 1.360191464424e+00 1.033828377724e+00 5.742998719215e-01 6.974424123764e-01 7.555415630341e-01 1.011958241463e+00 6.321958899498e-01 2.939272224903e-01 1.175311058760e-01 5.899487808347e-02 4.892646893859e-02 3.003086149693e-02 2.661439776421e-02 1.509330142289e-02 1.741507649422e-02 1.485383696854e-02 1.503987610340e-02 1.709373109043e-02 2.000989951193e-02 1.857430860400e-02 1.986075006425e-02 1.870165206492e-02 2.354694716632e-02 2.885119616985e-02 3.272378444672e-02 3.264261037111e-02 2.655294723809e-02 4.982986301184e-02 9.994978457689e-02 5.435302853584e-02 4.897287487984e-02 7.070737332106e-02 9.342521429062e-02 1.111939698458e-01 1.039054617286e-01 8.270087093115e-02 5.671021714807e-02 3.566438704729e-02 2.600184641778e-02 2.959229238331e-02 3.325990214944e-02
6.809194087982e-01 1.029640913010e+00 7.176874876022e-01 6.206322908401e-01 3.849436938763e-01 3.423972725868e-01 2.873015999794e-01 4.767388701439e-01 4.079853594303e-01 1.539021283388e-01 8.814486116171e-02 7.581771165133e-02 6.692080199718e-02 4.994745180011e-02 3.154229745269e-02 2.751114405692e-02 2.634823136032e-02 2.272165752947e-02 1.757776737213e-02 1.533849351108e-02 1.775396429002e-02 2.073975838721e-02 2.037301287055e-02 1.967911422253e-02 1.921983063221e-02 2.196673117578e-02 2.447115816176e-02 2.423740923405e-02 2.145869843662e-02 3.506549075246e-02 8.747394382954e-02 7.919651269913e-02 2.788807265460e-02 5.098284408450e-02 8.015944808722e-02 1.013401001692e-01 9.253139048815e-02 7.148697972298e-02 4.912056773901e-02 3.096879646182e-02 2.382032386959e-02 2.711410447955e-02 3.057537041605e-02
1.062630891800e+00 7.365829944611e-01 3.890264332294e-01 2.299712747335e-01 1.894473880529e-01 1.892549842596e-01 2.579145729542e-01 2.935749292374e-01 2.873327136040e-01 1.692699342966e-01 9.545804560184e-02 7.168132066727e-02 6.974915415049e-02 6.614335626364e-02 4.171210899949e-02 3.530754521489e-02 2.993853017688e-02 2.284044399858e-02 1.592758111656e-02 1.483926270157e-02 1.792301237583e-02 2.146946266294e-02 2.365077286959e-02 2.221233211458e-02 1.907218992710e-02 2.095161937177e-02 2.316973358393e-02 2.493780292571e-02 2.489547058940e-02 2.431467920542e-02 6.561370193958e-02 9.352724254131e-02 4.191928356886e-02 4.094054177403e-02 5.895919725299e-02 6.192235276103e-02 5.455701798201e-02 4.291458427906e-02 3.317635878921e-02 2.785655111074e-02 2.368870563805e-02 1.806371659040e-02 2.137839421630e-02
1.674889564514e+00 7.316434979439e-01 1.869193315506e-01 1.212704628706e-01 9.679552167654e-02 1.429082751274e-01 1.697071790695e-01 3.842845857143e-01 3.905785083771e-01 2.399134188890e-01 1.206555515528e-01 6.941866129637e-02 6.011963263154e-02 6.276571005583e-02 5.163952708244e-02 3.199673071504e-02 2.036739885807e-02 1.575065031648e-02 1.347751915455e-02 1.470637600869e-02 1.847308129072e-02 2.425723336637e-02 2.654775977135e-02 2.359233796597e-02 2.031397074461e-02 2.155412919819e-02 2.436104603112e-02 2.715286798775e-02 2.818302996457e-02 2.552774921060e-02 4.437366873026e-02 8.761737495661e-02 6.091064959764e-02 2.436378784478e-02 3.119220584631e-02 2.855136804283e-02 2.459160797298e-02 2.576376497746e-02 3.036981262267e-02 2.479951642454e-02 1.765216886997e-02 1.559053733945e-02 2.237656153738e-02
1.302025675774e+00 4.444017410278e-01 1.410365253687e-01 7.753031700850e-02 7.823876291513e-02 9.062671661377e-02 1.975032091141e-01 2.527045607567e-01 2.695757150650e-01 1.893865764141e-01 1.777323782444e-01 8.024087548256e-02 4.976991564035e-02 4.551785439253e-02 4.362035170197e-02 3.693015873432e-02 2.731588296592e-02 1.966773718596e-02 1.639676466584e-02 1.625522598624e-02 2.042852342129e-02 2.751497738063e-02 8.589142933488e-03 2.443497627974e-02 2.289066091180e-02 2.324345707893e-02 2.577930502594e-02 2.882162295282e-02 3.061394393444e-02 2.823108620942e-02 2.714724279940e-02 6.944890320301e-02 7.417769730091e-02 3.205220028758e-02 1.662014983594e-02 1.631928607821e-02 1.440135110170e-02 2.055867388844e-02 2.331284806132e-02 2.008401229978e-02 1.297109480947e-02 1.160769257694e-02 3.172703087330e-02
4.419948160648e-01 1.718982756138e-01 8.309094607830e-02 5.297235026956e-02 6.460960209370e-02 7.960797846317e-02 1.271395981312e-01 7.082486152649e-02 1.634929031134e-01 2.475429028273e-01 1.277852207422e-01 1.022089123726e-01 5.931949242949e-02 3.887115046382e-02 3.533174470067e-02 3.492336347699e-02 3.197437897325e-02 2.752218954265e-02 2.804958820343e-02 2.461636438966e-02 2.453466318548e-02 3.040529415011e-02 8.190951310098e-03 2.670007757843e-02 2.595915831625e-02 2.509364672005e-02 2.740797959268e-02 3.032194450498e-02 3.219466656446e-02 3.025049343705e-02 2.498850040138e-02 4.877673462033e-02 7.446855306625e-02 4.346626251936e-02 2.001068182290e-02 1.566301472485e-02 1.734142191708e-02 1.971294917166e-02 2.248733863235e-02 1.818463392556e-02 1.016116514802e-02 3.002461418509e-02 3.041613101959e-02
1.271130740643e-01 1.010207086802e-01 5.066770315170e-02 4.670010134578e-02 4.779285937548e-02 4.514812305570e-02 5.753416568041e-02 3.852374479175e-02 5.955824628472e-02 2.036601603031e-01 2.272323369980e-01 2.350662201643e-01 1.510517746210e-01 5.533437058330e-02 3.573130443692e-02 3.330545872450e-02 3.965527936816e-02 4.652766138315e-02 4.376975074410e-02 3.584202751517e-02 3.253746032715e-02 3.475137799978e-02 2.929102070630e-02 2.950825542212e-02 2.840268798172e-02 2.687734924257e-02 2.821035124362e-02 3.095869533718e-02 3.275524079800e-02 3.200310096145e-02 2.712815068662e-02 3.206171095371e-02 6.564747542143e-02 5.401244759560e-02 2.638349495828e-02 9.193035773933e-03 1.918273977935e-02 2.153717540205e-02 2.665570192039e-02 2.898234128952e-02 1.171979121864e-02 2.767229825258e-02 2.923442982137e-02
9.326705336571e-02 5.590346083045e-02 4.191194474697e-02 3.999619185925e-02 3.260891884565e-02 3.262044489384e-02 2.946847490966e-02 3.083220496774e-02 3.282942622900e-02 6.638097018003e-02 2.387330383062e-01 5.826815962791e-01 4.018976986408e-01 1.298016011715e-01 4.855208843946e-02 3.628756478429e-02 4.203203693032e-02 5.609292909503e-02 4.904089495540e-02 5.737875029445e-02 5.533027276397e-02 4.568235203624e-02 3.196372464299e-02 2.932012081146e-02 2.906995266676e-02 2.815382927656e-02 2.876947075129e-02 3.097450919449e-02 3.250785917044e-02 3.318001329899e-02 2.937989309430e-02 2.996368706226e-02 5.339115113020e-02 5.968856066465e-02 3.102184087038e-02 2.180048264563e-02 2.284306101501e-02 2.398071624339e-02 1.962212100625e-02 2.452112548053e-02 2.447660639882e-02 2.297607995570e-02 2.348738722503e-02
6.421905755997e-02 4.395799711347e-02 3.627810627222e-02 3.132938221097e-02 2.760194428265e-02 2.116771228611e-02 2.539315819740e-02 2.708504721522e-02 2.750320918858e-02 1.878913119435e-02 1.809853911400e-01 4.856293797493e-01 6.343052387238e-01 4.102748632431e-01 7.130015641451e-02 1.102783344686e-02 1.876611076295e-02 5.607790499926e-02 7.378739863634e-02 6.933911889791e-02 5.679402500391e-02 4.388488829136e-02 3.199886903167e-02 3.013589605689e-02 2.914865128696e-02 2.848442830145e-02 2.825311012566e-02 3.004829958081e-02 3.219109401107e-02 3.299962729216e-02 3.301493078470e-02 3.716314584017e-02 4.080541059375e-02 5.791204422712e-02 3.901157528162e-02 3.009756654501e-02 1.882420107722e-02 2.312377281487e-02 1.820841245353e-02 1.489487010986e-02 1.953121088445e-02 1.806094124913e-02 1.992263086140e-02
5.517367646098e-02 3.977297618985e-02 3.123162686825e-02 2.559348009527e-02 2.691878005862e-02 2.044589258730e-02 2.457845397294e-02 2.708853036165e-02 2.733177691698e-02 2.679693326354e-02 6.968564540148e-02 3.599040210247e-01 1.310711622238e+00 1.013639211655e+00 1.739249378443e-01 6.616744678468e-03 3.321184217930e-02 7.772356271744e-02 6.918804347515e-02 5.510903522372e-02 4.478006809950e-02 3.918983787298e-02 3.530700877309e-02 3.423599526286e-02 3.191281110048e-02 2.894208952785e-02 2.675518393517e-02 2.870609797537e-02 3.245126083493e-02 4.173483699560e-02 4.929441958666e-02 5.475545674562e-02 5.490688607097e-02 5.196833238006e-02 4.674025997519e-02 3.640870749950e-02 1.880561932921e-02 5.483153741807e-03 6.070449948311e-03 1.114405132830e-02 1.537231728435e-02 1.914435811341e-02 2.364546433091e-02
5.253864452243e-02 2.219385467470e-02 3.648106753826e-02 2.703318558633e-02 3.028723783791e-02 2.805446088314e-02 2.479556761682e-02 2.632422000170e-02 2.380699105561e-02 2.288756519556e-02 3.994926810265e-02 1.838882565498e-01 6.396092772484e-01 5.661157369614e-01 1.914303153753e-01 1.288018934429e-02 9.032294899225e-02 7.011762261391e-02 5.401376634836e-02 4.310445860028e-02 3.708210214972e-02 3.357781469822e-02 3.574732318521e-02 3.403513878584e-02 2.938995696604e-02 2.567387372255e-02 2.487467415631e-02 2.647823840380e-02 3.758474066854e-02 5.060082301497e-02 5.836047232151e-02 6.417720019817e-02 6.379125267267e-02 5.950668454170e-02 5.062266066670e-02 3.585553914309e-02 2.240127697587e-02 1.707145199180e-02 9.412461891770e-03 1.574522256851e-02 1.961979828775e-02 1.962143927813e-02 2.526511810720e-02
1.105669792742e-02 6.758490577340e-03 1.986685208976e-02 2.909713424742e-02 2.931023202837e-02 2.797276340425e-02 2.358500286937e-02 1.983055472374e-02 1.712403073907e-02 1.932230405509e-02 3.416604921222e-02 8.155132085085e-02 2.268545478582e-01 2.714398205280e-01 1.977936029434e-01 1.214636042714e-01 7.684446126223e-02 5.458744242787e-02 4.258184134960e-02 3.561106696725e-02 1.251441705972e-02 1.473859697580e-02 2.966163866222e-02 2.608015760779e-02 2.299140579998e-02 2.314506657422e-02 2.257377654314e-02 2.496636286378e-02 3.349551558495e-02 3.783009201288e-02 4.128858819604e-02 4.509624838829e-02 4.516644403338e-02 4.230070114136e-02 5.036016181111e-02 2.778535895050e-02 2.084028348327e-02 2.328720688820e-02 8.398287929595e-03 8.634374476969e-03 2.607107721269e-02 2.388734184206e-02 2.474645338953e-02
1.805254258215e-02 1.160742528737e-02 1.291345804930e-02 2.153878845274e-02 2.746793627739e-02 2.709955163300e-02 2.259263396263e-02 1.807450875640e-02 1.354196388274e-02 1.669823564589e-02 3.078298643231e-02 5.368097126484e-02 1.577937155962e-01 2.036745846272e-01 1.591338515282e-01 9.441716969013e-02 5.847110971808e-02 4.192136973143e-02 3.866687417030e-02 3.254661709070e-02 2.597749792039e-02 2.175019122660e-02 1.905226334929e-02 1.968676410615e-02 1.951568759978e-02 1.890254952013e-02 1.855601556599e-02 1.989665813744e-02 2.539211511612e-02 2.911449037492e-02 2.272031269968e-02 2.067494206131e-02 2.053494937718e-02 3.005001321435e-02 4.943184182048e-02 3.532899543643e-02 2.466752007604e-02 2.875207923353e-02 1.750794611871e-02 1.634153351188e-02 1.521893870085e-02 2.804526314139e-02 2.435368858278e-02
