VariationalSeries/SI/f199_max.grd
DSAA
101	101
32.816463539100	34.260883539100
35.556306596100	36.727886596100
1.153490738943e-03	4.072359466553e+01
[rows 57 to 75 of 101, columns 43 to 85 of 101]
5.465158224106e-01 5.130120515823e-01 2.964818775654e-01 3.211200833321e-01 2.816399633884e-01 3.690717220306e-01 4.003413915634e-01 4.580931961536e-01 4.056793153286e-01 4.067779481411e-01 2.696396708488e-01 2.522965371609e-01 2.128747254610e-01 2.593522667885e-01 4.835629165173e-01 1.430656790733e+00 5.510405540466e+00 4.078868389130e+00 3.397052288055e+00 2.103049755096e+00 8.383325338364e-01 6.357223391533e-01 1.541804432869e+00 2.345525503159e+00 9.317728877068e-01 3.581005632877e-01 5.212411880493e-01 4.309862852097e-01 4.961321055889e-01 6.067875623703e-01 3.879363834858e-01 2.772418856621e-01 2.576553523540e-01 3.656839132309e-01 2.271702587605e-01 1.984516829252e-01 1.521609276533e-01 2.139485776424e-01 2.671007514000e-01 1.944433748722e-01 8.262924849987e-02 7.507780939341e-02 7.691407203674e-02
6.985981464386e-01 6.830437183380e-01 3.793946504593e-01 2.382092475891e-01 1.994899362326e-01 2.999975979328e-01 4.079318046570e-01 1.172935962677e+00 8.877746462822e-01 5.254479646683e-01 2.783766984940e-01 1.764123737812e-01 1.446942240000e-01 1.446159780025e-01 1.634518057108e-01 1.073963642120e+00 1.524054408073e+00 1.864775657654e+00 1.647250771523e+00 1.260054588318e+00 7.589892148972e-01 5.738575458527e-01 4.417425692081e-01 5.338357686996e-01 7.315173149109e-01 1.373805642128e+00 4.261747598648e-01 5.976168513298e-01 6.338729262352e-01 4.168671071529e-01 5.512358546257e-01 2.916256189346e-01 2.264527678490e-01 2.397137731314e-01 1.516513824463e-01 1.333967447281e-01 1.802719086409e-01 1.624503731728e-01 1.391324847937e-01 1.367707550526e-01 9.868032485247e-02 6.610053777695e-02 5.990722775459e-02
6.682394742966e-01 6.968790292740e-01 4.154183566570e-01 2.156157046556e-01 2.262961864471e-01 3.292731940746e-01 4.834081828594e-01 1.477801561356e+00 1.247148513794e+00 3.683938980103e-01 2.903300523758e-01 1.652831733227e-01 1.156484112144e-01 1.006384715438e-01 1.068615168333e-01 1.379291415215e-01 1.889925301075e-01 2.302495241165e-01 3.102057874203e-01 3.807190060616e-01 4.378045201302e-01 2.645081877708e-01 2.594259381294e-01 2.962485849857e-01 6.123315095901e-01 2.781938552856e+00 1.304982066154e+00 7.521424293518e-01 6.780444383621e-01 7.073920369148e-01 5.581750869751e-01 3.196574151516e-01 1.895868927240e-01 1.715297698975e-01 2.327478230000e-01 1.401173621416e-01 1.315512657166e-01 1.588701456785e-01 1.741497367620e-01 1.462986022234e-01 1.150371432304e-01 9.596889466047e-02 7.982152700424e-02
5.335517525673e-01 5.624278783798e-01 3.383834064007e-01 2.508320510387e-01 4.648070633411e-01 4.355178475380e-01 1.102040052414e+00 7.561923265457e-01 1.741505503654e+00 3.860916793346e-01 2.270548939705e-01 1.421520560980e-01 8.992150425911e-02 8.371697366238e-02 8.357582241297e-02 1.018308103085e-01 8.606486767530e-02 1.264267265797e-01 1.872535645962e-01 2.014072537422e-01 1.810613870621e-01 2.505321204662e-01 1.906965374947e-01 2.208925336599e-01 5.108256340027e-01 9.887119531631e-01 3.922611951828e+00 6.686496734619e-01 5.806404948235e-01 5.094605088234e-01 5.720170140266e-01 5.306499600410e-01 2.362061440945e-01 1.534854471684e-01 1.570963710546e-01 2.137719839811e-01 1.160041317344e-01 1.092525646091e-01 1.332823336124e-01 1.339199393988e-01 1.641287803650e-01 1.685642451048e-01 1.463130116463e-01
3.988321721554e-01 3.731849193573e-01 2.396338880062e-01 2.186550498009e-01 2.845920026302e-01 3.330772519112e-01 5.275349020958e-01 1.239982485771e+00 9.552350640297e-01 2.529909312725e-01 1.621224135160e-01 1.204641014338e-01 7.274038344622e-02 7.058907300234e-02 6.963669508696e-02 1.025917008519e-01 1.078257188201e-01 8.339240401983e-02 1.067715361714e-01 1.257073581219e-01 1.302962899208e-01 1.570610702038e-01 1.579879224300e-01 1.979383379221e-01 2.876527011395e-01 1.300222396851e+00 3.244314670563e+00 5.327472090721e-01 6.277249455452e-01 3.662925362587e-01 2.449594587088e-01 5.487589240074e-01 1.935031265020e-01 1.732436716557e-01 1.882852762938e-01 1.508838385344e-01 2.048206329346e-01 3.737655282021e-01 2.906452715397e-01 1.090994849801e-01 1.192880943418e-01 1.451750397682e-01 1.744453310966e-01
3.075802922249e-01 2.237265557051e-01 2.070667743683e-01 2.191468775272e-01 4.151362776756e-01 2.832725942135e-01 4.249414801598e-01 2.514347136021e-01 1.172918379307e-01 1.824520528316e-01 1.325465440750e-01 9.476096928120e-02 6.992249190807e-02 6.321557611227e-02 6.638387590647e-02 6.315521895885e-02 1.118342131376e-01 1.111181974411e-01 1.344854235649e-01 1.119919121265e-01 1.210189238191e-01 1.236372143030e-01 1.427304595709e-01 1.846412420273e-01 2.677941620350e-01 4.760367572308e-01 1.005247712135e+00 1.183132767677e+00 1.012095332146e+00 4.202199280262e-01 3.633605539799e-01 1.914011389017e-01 2.329186797142e-01 1.280948072672e-01 1.265390217304e-01 1.910998374224e-01 2.193282544613e-01 1.128095507622e+00 1.654084175825e-01 1.173220574856e-01 1.201941967010e-01 2.186331152916e-01 2.295884191990e-01
2.366609573364e-01 1.444699764252e-01 1.629804074764e-01 1.705308258533e-01 2.073687613010e-01 3.280154168606e-01 2.398956418037e-01 1.603632569313e-01 1.617378741503e-01 1.400421708822e-01 1.227365881205e-01 1.039202287793e-01 8.158814162016e-02 5.938485637307e-02 6.288906931877e-02 6.796409934759e-02 9.988953173161e-02 1.266954094172e-01 1.451903134584e-01 1.196781024337e-01 1.057508587837e-01 1.222705245018e-01 1.325497329235e-01 1.775377690792e-01 2.706849575043e-01 5.241040587425e-01 3.427007794380e-01 7.780253887177e-01 1.146187543869e+00 4.302953481674e-01 6.173045635223e-01 3.044222891331e-01 2.538298368454e-01 2.445836216211e-01 1.315888017416e-01 9.511072933674e-02 1.731636375189e-01 3.085208237171e-01 2.381394505501e-01 1.310268938541e-01 9.362119436264e-02 1.788729131222e-01 2.219884395599e-01
1.944623738527e-01 1.147114858031e-01 1.227178126574e-01 1.186633557081e-01 1.394328474998e-01 1.521883457899e-01 1.278422623873e-01 1.212503686547e-01 1.154144406319e-01 1.186659485102e-01 1.082452759147e-01 9.960056841373e-02 8.171311020851e-02 5.881173163652e-02 6.341573596001e-02 7.909877598286e-02 1.149953752756e-01 1.320654898882e-01 1.336145251989e-01 1.068815067410e-01 9.222625941038e-02 1.147813349962e-01 1.300999224186e-01 1.654555648565e-01 2.029133588076e-01 2.246261835098e-01 2.542774975300e-01 3.954224586487e-01 8.219133019447e-01 2.345361232758e+00 3.065671324730e-01 3.662950098515e-01 3.324414193630e-01 8.349915146828e-01 2.972880005836e-01 1.856316179037e-01 4.321481287479e-01 5.399670004845e-01 6.669699549675e-01 4.620487093925e-01 1.196172013879e-01 9.372465610504e-01 1.182844638824e+00
1.259247064590e-01 9.612177312374e-02 9.441317617893e-02 8.303423970938e-02 9.606102108955e-02 1.013465896249e-01 9.241560101509e-02 9.346657246351e-02 9.972207993269e-02 1.047543585300e-01 9.724780917168e-02 8.392273634672e-02 6.767120212317e-02 6.010481342673e-02 6.183234974742e-02 7.698953896761e-02 1.058879792690e-01 1.092567443848e-01 9.928433597088e-02 9.197568148375e-02 8.425163477659e-02 1.028206199408e-01 1.236355677247e-01 1.438142061234e-01 1.527403593063e-01 1.719449460506e-01 2.443562448025e-01 2.948843836784e-01 5.047364234924e-01 1.259178996086e+00 1.691336750984e+00 3.749780952930e-01 3.298062980175e-01 8.308599591255e-01 2.382333427668e-01 2.044470161200e-01 7.183867692947e-01 1.064270138741e+00 1.292623996735e+00 6.819805502892e-01 8.090507984161e-01 1.437471985817e+00 1.680263280869e+00
7.756386697292e-02 8.304962515831e-02 7.694476097822e-02 6.298847496510e-02 7.139185070992e-02 7.560422271490e-02 7.878585159779e-02 7.752742618322e-02 8.680439740419e-02 9.227794408798e-02 8.735080808401e-02 7.642653584480e-02 6.123365461826e-02 6.209170073271e-02 6.227860972285e-02 6.582981348038e-02 8.469173312187e-02 7.772451639175e-02 7.865902036428e-02 1.053495481610e-01 7.607078552246e-02 8.831746131182e-02 1.065363138914e-01 1.576143056154e-01 1.692030131817e-01 2.493952512741e-01 2.251170426607e-01 2.704735696316e-01 4.296121299267e-01 5.541248917580e-01 2.002103328705e+00 4.238562881947e-01 2.827918231487e-01 1.961883068085e+00 3.358296751976e-01 2.247384488583e-01 1.621363610029e-01 1.439519226551e-01 1.799793392420e-01 9.311939030886e-02 2.891402840614e-01 7.520370930433e-02 8.685436099768e-02
6.948403269053e-02 7.308448851109e-02 6.508616358042e-02 5.405378714204e-02 6.052694097161e-02 6.583131104708e-02 6.791189312935e-02 6.720006465912e-02 7.687166333199e-02 7.791095972061e-02 8.220670372248e-02 7.723333686590e-02 6.339877843857e-02 6.209630146623e-02 6.498594582081e-02 6.381252408028e-02 6.146254017949e-02 4.766850173473e-02 6.402962654829e-02 7.268122583628e-02 9.534158557653e-02 7.719115167856e-02 9.200751781464e-02 1.048964783549e-01 1.190438568592e-01 2.920438051224e-01 4.865462183952e-01 2.832449078560e-01 3.588431775570e-01 4.295853972435e-01 1.986995577812e+00 5.182539224625e-01 7.108585834503e-01 9.361484646797e-01 2.095482796431e-01 2.737755477428e-01 2.553933560848e-01 1.541229933500e-01 1.398758143187e-01 1.347154974937e-01 2.109915316105e-01 6.285133212805e-02 7.232289761305e-02
6.315565854311e-02 6.458012759686e-02 5.550561845303e-02 5.276896059513e-02 5.808073282242e-02 5.977346375585e-02 6.308090686798e-02 6.236718222499e-02 6.815043091774e-02 8.030569553375e-02 8.679126948118e-02 8.396325260401e-02 7.175263762474e-02 6.131121143699e-02 6.720782071352e-02 6.872739642859e-02 6.754047423601e-02 4.732869192958e-02 5.164081603289e-02 7.450794428587e-02 7.533407211304e-02 8.643553406000e-02 8.472021669149e-02 1.076133698225e-01 1.382060348988e-01 1.750063151121e-01 2.533184885979e-01 4.197496771812e-01 3.500920832157e-01 4.342407584190e-01 9.694048166275e-01 6.640627980232e-01 4.819746613503e-01 4.676974713802e-01 5.517544746399e-01 1.471349298954e-01 2.190431356430e-01 2.699341773987e-01 1.006262376904e-01 1.238664165139e-01 1.119200661778e-01 8.898206800222e-02 6.840390712023e-02
5.637320876122e-02 5.647709593177e-02 4.915337637067e-02 4.901050776243e-02 5.211232602596e-02 7.335475832224e-02 5.501822754741e-02 5.752622708678e-02 6.760659813881e-02 8.144684135914e-02 9.016772359610e-02 8.943403512239e-02 9.203808754683e-02 8.023971319199e-02 6.939350813627e-02 8.345836400986e-02 7.873201370239e-02 5.417365580797e-02 3.777855634689e-02 7.234022766352e-02 8.488232642412e-02 9.642747789621e-02 6.193121150136e-02 1.043152585626e-01 1.372151970863e-01 1.988833993673e-01 2.352768033743e-01 2.762381434441e-01 2.837465703487e-01 3.361325263977e-01 4.442054629326e-01 5.333643555641e-01 5.278111696243e-01 1.241466522217e+00 7.400705814362e-01 3.801244795322e-01 2.331187278032e-01 3.275863528252e-01 1.301268190145e-01 8.094796538353e-02 7.965525239706e-02 7.515405118465e-02 7.337889820337e-02
4.865246266127e-02 4.863477870822e-02 4.539208859205e-02 4.304272308946e-02 7.622016966343e-02 4.788315668702e-02 5.261506140232e-02 5.744126066566e-02 6.862499564886e-02 8.164763450623e-02 9.897579997778e-02 1.008826941252e-01 1.113138571382e-01 9.461850672960e-02 1.336526870728e-01 1.590134054422e-01 1.217575147748e-01 1.291495859623e-01 1.124688684940e-01 1.152650639415e-01 1.155865937471e-01 1.151373758912e-01 6.082593277097e-02 1.202856376767e-01 1.507230252028e-01 2.081384211779e-01 2.275958359241e-01 2.512998878956e-01 3.081386983395e-01 3.964821100235e-01 3.623334169388e-01 4.672652184963e-01 4.582228660583e-01 1.286632180214e+00 5.145250558853e-01 2.887749075890e-01 1.420016884804e-01 1.201561689377e-01 7.350172102451e-02 5.394938215613e-02 5.138169601560e-02 6.588143855333e-02 7.228725403547e-02
4.170037433505e-02 4.271234199405e-02 4.226125404239e-02 7.074557244778e-02 4.995852708817e-02 4.396321251988e-02 5.173429846764e-02 6.017802655697e-02 7.163705676794e-02 1.020047068596e-01 1.245036348701e-01 1.165919452906e-01 1.045291796327e-01 1.202759221196e-01 1.268361955881e-01 3.300947844982e-01 3.168189525604e-01 4.128949046135e-01 4.397486150265e-01 5.710225105286e-01 2.223967164755e-01 1.142289713025e-01 1.354021430016e-01 1.547351479530e-01 2.087761759758e-01 3.032109439373e-01 5.391792058945e-01 5.038174390793e-01 5.710034370422e-01 4.130999445915e-01 3.152149021626e-01 4.229377508163e-01 4.719299077988e-01 3.052919805050e-01 1.312647908926e-01 9.448882937431e-02 6.050989031792e-02 9.245029091835e-02 3.319494426250e-01 1.511989384890e-01 3.333161771297e-02 3.923522680998e-02 4.088690504432e-02
3.763227164745e-02 4.081186279655e-02 6.780482083559e-02 5.783352628350e-02 4.376236349344e-02 3.490709885955e-02 4.726459085941e-02 6.052098795772e-02 8.786389976740e-02 1.154124066234e-01 1.096892356873e-01 1.274779438972e-01 1.566929221153e-01 1.808141916990e-01 1.659278273582e-01 4.973336160183e-01 3.630573749542e-01 6.339446306229e-01 1.035569787025e+00 1.282731771469e+00 9.511106014252e-01 1.881573498249e-01 1.830383092165e-01 3.247104287148e-01 3.410085141659e-01 6.480091810226e-01 5.068150758743e-01 5.692376494408e-01 4.260438084602e-01 3.941961824894e-01 4.366303682327e-01 3.549785614014e-01 3.170585334301e-01 1.629169434309e-01 2.479806691408e-01 2.646553218365e-01 2.709736824036e-01 1.562686711550e-01 1.500904113054e-01 6.799593567848e-02 2.290436439216e-02 2.190196141601e-02 1.694664210081e-01
3.806903958321e-02 6.807259470224e-02 6.232855841517e-02 4.656165093184e-02 4.474301263690e-02 3.912870213389e-02 5.550687015057e-02 7.435248792171e-02 9.734135866165e-02 1.259672194719e-01 1.339298635721e-01 1.684752255678e-01 1.762596219778e-01 1.905944794416e-01 1.293562173843e+00 1.655108809471e+00 1.578873634338e+00 1.389879107475e+00 2.119117736816e+00 1.336504220963e+00 5.189481377602e-01 2.196636050940e-01 5.014070868492e-01 4.185205996037e-01 8.607660531998e-01 4.763846099377e-01 5.073288679123e-01 4.063307940960e-01 3.428758978844e-01 3.571777045727e-01 7.309397459030e-01 3.042455017567e-01 2.029406577349e-01 1.528346240520e-01 1.629935204983e-01 1.059085726738e-01 1.147770062089e-01 8.054128289223e-02 8.777812123299e-02 9.683348983526e-02 2.465442381799e-02 2.428712695837e-02 2.398758009076e-02
6.797135621309e-02 7.658747583628e-02 6.369867175817e-02 4.714138805866e-02 2.878503501415e-02 7.430389523506e-02 7.305569946766e-02 8.684588223696e-02 1.918433010578e-01 1.408625990152e-01 5.778989940882e-02 8.721355348825e-02 1.089721843600e-01 2.751516401768e-01 1.432036399841e+00 1.539369225502e+00 8.255810141563e-01 5.135951042175e-01 1.336322873831e-01 1.006716713309e-01 1.771071553230e-01 7.540021091700e-02 1.077645793557e-01 1.486056149006e-01 1.192516922951e+00 6.073372364044e-01 1.734552234411e-01 3.019203841686e-01 1.903188973665e-01 2.182381749153e-01 3.193615674973e-01 1.608953922987e-01 1.095122098923e-01 1.000976562500e-01 1.159555464983e-01 1.539975553751e-01 9.740669280291e-02 4.703398421407e-02 5.892492458224e-02 7.325105369091e-02 9.824033826590e-02 4.559674113989e-02 1.124451383948e-01
8.269325643778e-02 8.399454504251e-02 9.638517349958e-02 1.046464741230e-01 2.751467376947e-02 1.174046099186e-01 4.436220526695e-01 6.269375979900e-02 1.831195503473e-01 1.829836815596e-01 1.441594362259e-01 1.648092269897e-01 2.581194937229e-01 8.247475028038e-01 5.061131119728e-01 2.957473695278e-01 7.438445091248e-01 9.782261252403e-01 1.747008264065e-01 4.850271940231e-01 5.430093407631e-01 9.955064207315e-02 7.791032642126e-02 3.733019828796e-01 4.642706811428e-01 2.579918503761e-01 1.736324727535e-01 1.481547057629e-01 1.353778839111e-01 1.192585304379e-01 9.641309827566e-02 7.499414682388e-02 8.974209427834e-02 1.017609834671e-01 9.724839031696e-02 1.024156361818e-01 1.394170969725e-01 1.013947427273e-01 7.316064834595e-02 7.904776930809e-02 8.022117614746e-02 1.042230874300e-01 1.180027574301e-01
