VariationalSeries/SI/f199_max.grd
DSAA
101	101
32.816463539100	34.260883539100
35.556306596100	36.727886596100
1.153490738943e-03	4.072359466553e+01
[rows 19 to 37 of 101, columns 0 to 42 of 101]
1.150601636618e-02 2.343717217445e-02 3.004305623472e-02 3.172032162547e-02 3.518265485764e-02 3.051972761750e-02 2.183871529996e-02 2.245849929750e-02 2.701679430902e-02 4.177583754063e-02 5.988325551152e-02 7.151404023170e-02 5.618162825704e-02 5.543047189713e-02 5.576429888606e-02 5.413502827287e-02 5.160189419985e-02 4.777126014233e-02 4.194613173604e-02 3.667749091983e-02 3.332198411226e-02 5.215487256646e-02 6.008556485176e-02 5.117236450315e-02 4.523333907127e-02 6.320191919804e-02 6.090491265059e-02 5.395091697574e-02 5.222297459841e-02 5.559446662664e-02 6.577986478806e-02 8.436363190413e-02 1.110609993339e-01 1.112246811390e-01 6.291972100735e-02 7.631586492062e-02 4.177417978644e-02 3.771916031837e-02 3.769130632281e-02 4.491331428289e-02 6.488753110170e-02 1.475767940283e-01 7.142361253500e-02
9.073141030967e-03 1.902328245342e-02 2.567836642265e-02 2.815219573677e-02 3.058724850416e-02 3.622151911259e-02 3.343341499567e-02 2.219914272428e-02 2.532481215894e-02 3.628989309072e-02 5.197224020958e-02 6.511235982180e-02 5.626674368978e-02 4.968509450555e-02 5.349720641971e-02 5.513519048691e-02 5.509174242616e-02 5.279436707497e-02 5.314852669835e-02 4.260559007525e-02 3.831539303064e-02 7.295951992273e-02 7.856388390064e-02 6.706369668245e-02 6.423105299473e-02 5.567163228989e-02 4.940069839358e-02 4.220372810960e-02 4.127967730165e-02 4.324480146170e-02 4.767286404967e-02 5.669214576483e-02 7.200238853693e-02 7.921711355448e-02 6.671112775803e-02 5.300071090460e-02 4.589567705989e-02 4.292096570134e-02 3.840259462595e-02 5.239446461201e-02 8.033803105354e-02 1.252852082253e-01 1.044623553753e-01
8.507524617016e-03 1.633661240339e-02 1.954784058034e-02 2.248813956976e-02 2.127186581492e-02 2.781620435417e-02 3.430586680770e-02 3.406338766217e-02 2.543951943517e-02 3.215573728085e-02 4.582544788718e-02 5.906735360622e-02 5.550179257989e-02 4.000004753470e-02 4.538022354245e-02 4.939072579145e-02 5.209583044052e-02 5.303773283958e-02 7.716532796621e-02 4.989017918706e-02 4.994682967663e-02 8.852229267359e-02 9.347883611917e-02 8.668761700392e-02 7.611315697432e-02 6.709302961826e-02 4.956858977675e-02 4.003307968378e-02 4.074456170201e-02 3.783050179482e-02 3.964297100902e-02 4.518673941493e-02 5.458410456777e-02 5.750956386328e-02 5.648353695869e-02 5.690145865083e-02 4.606021195650e-02 4.790281876922e-02 4.359222948551e-02 5.942367017269e-02 9.363474696875e-02 9.026507288218e-02 1.375359594822e-01
1.005246210843e-02 1.811636053026e-02 1.847204193473e-02 1.803916692734e-02 1.863519288599e-02 1.967163570225e-02 2.451935224235e-02 3.148343786597e-02 3.336211666465e-02 4.194353148341e-02 5.338744819164e-02 6.699870526791e-02 7.510071992874e-02 6.483586132526e-02 4.092708975077e-02 3.938463330269e-02 4.374887049198e-02 5.004193633795e-02 8.414785563946e-02 5.640073865652e-02 5.504329502583e-02 9.596867859364e-02 1.014712229371e-01 9.727028012276e-02 7.572370022535e-02 7.655716687441e-02 6.573817878962e-02 6.047763675451e-02 6.186254695058e-02 5.647078901529e-02 4.954828694463e-02 4.532950744033e-02 5.226934701204e-02 5.139790102839e-02 5.308929458261e-02 5.455276742578e-02 6.206874921918e-02 4.791219905019e-02 5.111392214894e-02 6.540375947952e-02 1.043314933777e-01 9.050600975752e-02 1.592059284449e-01
1.010222267359e-02 2.068583481014e-02 2.549114078283e-02 2.202659100294e-02 1.951116696000e-02 2.642581984401e-02 2.889169380069e-02 3.057980723679e-02 3.395032137632e-02 3.938835859299e-02 4.747862741351e-02 5.408339947462e-02 5.530054122210e-02 4.718329012394e-02 3.770893812180e-02 3.832732513547e-02 4.789745062590e-02 6.925006955862e-02 9.152872115374e-02 5.619075894356e-02 5.194395780563e-02 9.665944427252e-02 1.010114103556e-01 9.312231093645e-02 7.484674453735e-02 7.630893588066e-02 7.454364001751e-02 8.166173100471e-02 8.318524807692e-02 7.646612077951e-02 6.971106678247e-02 1.101517155766e-01 1.024330258369e-01 6.940264254808e-02 5.590125545859e-02 5.972068756819e-02 6.952960789204e-02 4.520547762513e-02 5.197926610708e-02 6.925018876791e-02 1.103750020266e-01 9.172002226114e-02 1.625254154205e-01
1.513636112213e-02 2.140088379383e-02 2.775114960968e-02 2.994528040290e-02 2.618908137083e-02 3.039127215743e-02 2.587827667594e-02 2.557587996125e-02 2.649962157011e-02 2.773112989962e-02 3.211640566587e-02 3.688981756568e-02 4.494666680694e-02 4.861446470022e-02 4.907487332821e-02 4.384810477495e-02 5.292134732008e-02 7.927158474922e-02 9.001253545284e-02 5.122744292021e-02 5.921465530992e-02 1.059336811304e-01 9.561200439930e-02 7.914745062590e-02 7.489451020956e-02 7.280705869198e-02 8.632151782513e-02 9.744801372290e-02 9.823800623417e-02 9.026916325092e-02 8.437070995569e-02 1.425554007292e-01 2.114400118589e-01 1.998170316219e-01 1.793250143528e-01 1.694145053625e-01 1.740882992744e-01 7.844158262014e-02 5.399497598410e-02 7.070655375719e-02 1.130957603455e-01 8.858678489923e-02 1.441286802292e-01
1.908571086824e-02 3.568631038070e-02 3.682139515877e-02 3.227039054036e-02 3.309286758304e-02 2.651476114988e-02 2.096913382411e-02 2.208902314305e-02 3.114542365074e-02 4.039036482573e-02 4.838088899851e-02 5.392100661993e-02 5.545835196972e-02 5.693265050650e-02 5.443268641829e-02 4.870693013072e-02 5.472810938954e-02 7.711463421583e-02 7.543794065714e-02 4.338549077511e-02 4.582595080137e-02 9.527521580458e-02 1.200322434306e-01 1.203695908189e-01 9.919970482588e-02 8.218128979206e-02 9.381850808859e-02 1.024213284254e-01 1.050520613790e-01 9.324500709772e-02 8.752537518740e-02 9.209285676479e-02 1.720671802759e-01 1.866183876991e-01 2.038146704435e-01 2.442841976881e-01 3.020472824574e-01 1.829015761614e-01 5.891453847289e-02 8.951967209578e-02 1.113278046250e-01 8.277212828398e-02 1.084119454026e-01
1.775092817843e-02 3.845009207726e-02 4.465113580227e-02 5.291364341974e-02 5.798062682152e-02 5.024935305119e-02 2.812953107059e-02 3.797705098987e-02 5.193519964814e-02 6.054374575615e-02 6.193720176816e-02 5.830061063170e-02 5.135710537434e-02 5.794487893581e-02 6.575149297714e-02 6.856571137905e-02 6.268283724785e-02 5.898264423013e-02 5.145313218236e-02 3.660037741065e-02 4.153899103403e-02 5.625921115279e-02 9.334625303745e-02 1.706425994635e-01 2.053425163031e-01 1.773626655340e-01 1.251783370972e-01 1.333531886339e-01 1.335347890854e-01 1.174699068069e-01 1.085024997592e-01 9.507629275322e-02 1.402448862791e-01 2.522879838943e-01 3.673250675201e-01 2.987338304520e-01 2.049201875925e-01 1.539562642574e-01 8.470197767019e-02 8.943539857864e-02 1.065792292356e-01 7.708276063204e-02 7.996149361134e-02
1.598457060754e-02 2.880676649511e-02 2.935397438705e-02 3.631904721260e-02 4.752390459180e-02 6.258480250835e-02 7.063920795918e-02 5.696625635028e-02 6.666106730700e-02 6.586048007011e-02 5.840564891696e-02 4.938413947821e-02 4.081981629133e-02 5.604464933276e-02 7.215496897697e-02 8.247082680464e-02 8.154475688934e-02 7.046304643154e-02 5.506525561213e-02 4.373362660408e-02 4.796825721860e-02 5.292604863644e-02 6.014791876078e-02 9.847620874643e-02 1.621826142073e-01 2.091375589371e-01 2.000565826893e-01 1.543188840151e-01 1.414632797241e-01 1.439901143312e-01 1.554944962263e-01 1.926178932190e-01 2.573978602886e-01 3.913185596466e-01 4.589261412621e-01 3.071395456791e-01 1.421183049679e-01 1.026035845280e-01 1.078295931220e-01 8.055836707354e-02 1.310922503471e-01 1.052092984319e-01 1.713409870863e-01
1.126118656248e-02 1.765502803028e-02 1.966729573905e-02 2.227891050279e-02 2.583478391171e-02 3.253107517958e-02 4.891689494252e-02 6.616821140051e-02 6.575367599726e-02 5.410098284483e-02 4.663947969675e-02 4.729518294334e-02 4.421577602625e-02 4.364562407136e-02 5.381737649441e-02 6.474154442549e-02 6.863843649626e-02 6.453312933445e-02 6.308130174875e-02 6.205792725086e-02 4.889668524265e-02 6.115002557635e-02 7.603425532579e-02 6.082930043340e-02 8.493413031101e-02 1.175077930093e-01 1.724116057158e-01 1.832693368196e-01 1.416920870543e-01 1.481840014458e-01 1.741473823786e-01 2.227030247450e-01 2.788431942463e-01 3.622941076756e-01 3.472731411457e-01 2.004644870758e-01 1.747003644705e-01 1.471448391676e-01 1.367982029915e-01 1.201582178473e-01 1.379135251045e-01 1.724083870649e-01 2.454479038715e-01
7.986163720489e-03 1.471193972975e-02 1.859694160521e-02 2.278694137931e-02 2.260417304933e-02 2.982352487743e-02 4.151800274849e-02 4.597216472030e-02 5.580028519034e-02 6.447475403547e-02 5.224733427167e-02 5.476047843695e-02 5.674744769931e-02 5.072646588087e-02 4.420229047537e-02 4.308204352856e-02 4.745339602232e-02 5.306464061141e-02 5.576622858644e-02 5.880403518677e-02 6.729352474213e-02 6.423772126436e-02 8.912438154221e-02 6.777807325125e-02 1.012672930956e-01 8.078076690435e-02 8.935123682022e-02 1.457124203444e-01 1.746671795845e-01 1.392540782690e-01 1.395853906870e-01 1.724300235510e-01 2.004854232073e-01 2.391314506531e-01 2.135865986347e-01 1.292035728693e-01 1.763156205416e-01 1.905723661184e-01 1.824697256088e-01 1.715269237757e-01 1.395968198776e-01 2.059852927923e-01 2.748880088329e-01
8.332758210599e-03 1.681785471737e-02 1.852808706462e-02 2.485582232475e-02 3.153353184462e-02 3.597750514746e-02 3.648762032390e-02 4.451401159167e-02 4.228944331408e-02 4.935772344470e-02 6.314079463482e-02 5.688877776265e-02 6.002714857459e-02 5.828472599387e-02 5.008370429277e-02 4.834243282676e-02 4.607584699988e-02 4.981546103954e-02 4.887360706925e-02 5.039147660136e-02 5.237940326333e-02 6.053332611918e-02 1.005227640271e-01 7.068369537592e-02 8.666364848614e-02 1.167902797461e-01 1.402045786381e-01 1.550024300814e-01 1.474783420563e-01 2.004822045565e-01 1.695133447647e-01 1.279118508101e-01 1.347123384476e-01 1.592577844858e-01 1.477476060390e-01 1.106723472476e-01 1.462658047676e-01 1.999506354332e-01 2.026461660862e-01 2.005531042814e-01 1.711826473475e-01 2.053122520447e-01 2.633882164955e-01
1.134207658470e-02 2.181170322001e-02 2.831247635186e-02 3.306613489985e-02 3.474528715014e-02 3.413312509656e-02 3.157771378756e-02 3.372523561120e-02 4.272364079952e-02 4.046352207661e-02 4.462112113833e-02 6.316770613194e-02 6.126684695482e-02 6.016733124852e-02 5.530483648181e-02 5.374766886234e-02 5.266676470637e-02 4.963554814458e-02 6.723742932081e-02 7.730014622211e-02 7.445271313190e-02 6.318760663271e-02 1.116428896785e-01 7.209111750126e-02 1.223567724228e-01 1.803577244282e-01 2.116564512253e-01 2.023650109768e-01 1.470459848642e-01 1.834365576506e-01 2.346850484610e-01 1.344874352217e-01 1.055332943797e-01 1.291873306036e-01 1.207790374756e-01 1.036474406719e-01 1.277425289154e-01 1.645153909922e-01 2.192915380001e-01 2.063257992268e-01 2.101665735245e-01 1.919092535973e-01 2.292336970568e-01
1.402584556490e-02 2.986617200077e-02 3.301531821489e-02 3.308581933379e-02 3.130368888378e-02 3.190617635846e-02 2.972937002778e-02 4.160331562161e-02 5.567465350032e-02 5.773157998919e-02 4.486304894090e-02 3.878672793508e-02 6.185536459088e-02 6.479014456272e-02 5.966486036777e-02 5.717177316546e-02 5.987229943275e-02 6.266057491302e-02 5.024301260710e-02 1.024601161480e-01 9.295740723610e-02 1.006628945470e-01 1.532081216574e-01 9.791199862957e-02 1.251295655966e-01 1.785833090544e-01 2.425423711538e-01 2.839631438255e-01 2.381016761065e-01 1.793569624424e-01 2.263441383839e-01 2.311781644821e-01 1.085789501667e-01 1.539990007877e-01 1.034405976534e-01 8.623537421227e-02 9.588116407394e-02 1.372463852167e-01 1.844373941422e-01 2.310614287853e-01 4.275086224079e-01 2.166348546743e-01 2.307506352663e-01
2.388415671885e-02 3.657414391637e-02 3.102225996554e-02 2.828673832119e-02 2.462550252676e-02 3.416909649968e-02 4.268217459321e-02 4.716005921364e-02 6.426936388016e-02 8.397543430328e-02 9.186161309481e-02 7.764541357756e-02 4.851619526744e-02 6.165809556842e-02 6.654141843319e-02 6.005438044667e-02 6.410352885723e-02 6.403203308582e-02 7.063786685467e-02 9.811480343342e-02 1.044148430228e-01 9.510482102633e-02 1.791234016418e-01 1.438750922680e-01 1.076805666089e-01 1.531635075808e-01 2.371922433376e-01 3.315004110336e-01 3.146071434021e-01 1.952477246523e-01 2.122468352318e-01 2.504899203777e-01 2.009629458189e-01 1.651680618525e-01 1.054839789867e-01 8.612316846848e-02 9.404501318932e-02 1.106656119227e-01 1.774464100599e-01 2.264423370361e-01 6.194210648537e-01 5.019147992134e-01 2.590514421463e-01
5.487213283777e-02 9.096617996693e-02 7.879629731178e-02 5.935038998723e-02 4.224240779877e-02 3.028883785009e-02 4.094048216939e-02 5.542942136526e-02 6.607072055340e-02 8.342493325472e-02 1.071468293667e-01 1.204843297601e-01 1.128731966019e-01 8.291166275740e-02 6.354943662882e-02 6.648103147745e-02 6.319064646959e-02 1.218337863684e-01 1.291283667088e-01 1.032255440950e-01 7.341893762350e-02 8.602223545313e-02 1.955403983593e-01 1.649527251720e-01 1.167573481798e-01 1.158994957805e-01 1.701100766659e-01 2.691155672073e-01 3.438611030579e-01 2.429012656212e-01 1.831905245781e-01 2.287494689226e-01 2.724300026894e-01 1.796333193779e-01 1.393164992332e-01 1.305183619261e-01 9.553192555904e-02 1.105921417475e-01 1.703999042511e-01 3.760515153408e-01 6.582158803940e-01 7.776971459389e-01 3.009042441845e-01
8.739223331213e-02 1.539567559958e-01 1.502899378538e-01 1.292032897472e-01 1.055035442114e-01 8.217016607523e-02 6.115698814392e-02 4.324463382363e-02 5.682147666812e-02 7.173045724630e-02 9.327713400126e-02 1.150276511908e-01 1.346259266138e-01 1.427259594202e-01 1.254946291447e-01 8.326669782400e-02 8.913329243660e-02 1.488689929247e-01 1.766976863146e-01 1.847682595253e-01 1.828408092260e-01 1.713916957378e-01 2.049003243446e-01 1.641432791948e-01 1.064921468496e-01 8.016976714134e-02 1.139188036323e-01 2.031612396240e-01 2.899461686611e-01 2.182480096817e-01 1.221189200878e-01 1.979081928730e-01 2.338215410709e-01 3.098142445087e-01 1.414279788733e-01 1.214880123734e-01 1.552718877792e-01 1.450425237417e-01 2.411038428545e-01 4.814027845860e-01 5.265960097313e-01 9.360837340355e-01 3.309016823769e-01
9.788165241480e-02 1.822008788586e-01 1.983415484428e-01 1.934427171946e-01 1.796036660671e-01 1.606697738171e-01 1.371738314629e-01 1.107152998447e-01 8.493972569704e-02 6.178505718708e-02 7.418223470449e-02 9.195268154144e-02 1.130369156599e-01 1.371923536062e-01 1.593877375126e-01 1.641311794519e-01 1.356307864189e-01 8.122608065605e-02 9.085842221975e-02 1.598117798567e-01 1.364360898733e-01 1.563297212124e-01 2.052425295115e-01 3.026582300663e-01 1.723422408104e-01 1.321122646332e-01 9.798043966293e-02 1.324600875378e-01 1.858208179474e-01 1.609619855881e-01 1.206161230803e-01 1.317663937807e-01 1.983734518290e-01 2.227153629065e-01 3.284924924374e-01 1.228277534246e-01 1.481711268425e-01 1.641794294119e-01 3.219657242298e-01 5.075266957283e-01 5.902660489082e-01 7.760973572731e-01 4.569860994816e-01
8.348628133535e-02 1.632034182549e-01 1.944559961557e-01 2.076708078384e-01 2.106570452452e-01 2.101255357265e-01 2.040094286203e-01 1.878368854523e-01 1.649130284786e-01 1.384797096252e-01 1.096798628569e-01 8.185072243214e-02 8.542969822884e-02 1.043909937143e-01 1.300253123045e-01 1.618681550026e-01 1.911152005196e-01 1.703683882952e-01 1.558739840984e-01 1.873282939196e-01 1.804405897856e-01 1.485882699490e-01 1.678326576948e-01 3.445963859558e-01 3.027733266354e-01 1.433036178350e-01 1.545511335135e-01 1.604643911123e-01 1.605938076973e-01 1.983098387718e-01 1.839796900749e-01 1.388217210770e-01 1.300397068262e-01 1.838297545910e-01 2.031307071447e-01 3.286668956280e-01 1.590722650290e-01 2.273184806108e-01 3.788495063782e-01 5.065055489540e-01 6.255213618279e-01 6.346684098244e-01 5.796241164207e-01
