VariationalSeries/SI/f205_max.grd
DSAA
101	101
32.816463539100	34.260883539100
35.556306596100	36.727886596100
2.062230929732e-02	4.618637390137e+02
[rows 19 to 37 of 101, columns 0 to 42 of 101]
1.363627612591e-01 2.761861979961e-01 3.512740731239e-01 3.653703033924e-01 4.048663973808e-01 3.481656908989e-01 2.331885993481e-01 2.741372585297e-01 3.155145645142e-01 3.801583945751e-01 4.340703189373e-01 4.692386388779e-01 4.734270870686e-01 4.567609727383e-01 4.601085782051e-01 4.912175238132e-01 4.873504042625e-01 5.080458521843e-01 4.999519586563e-01 5.922750830650e-01 6.060703992844e-01 6.538545489311e-01 5.857741832733e-01 6.468986868858e-01 5.768698453903e-01 4.051272273064e-01 3.960861563683e-01 5.950447320938e-01 7.085236907005e-01 7.444445490837e-01 6.849358081818e-01 6.322711110115e-01 6.252728700638e-01 5.340446233749e-01 5.407328009605e-01 5.319411158562e-01 3.557070791721e-01 3.250632584095e-01 3.737160861492e-01 4.586956799030e-01 5.265344977379e-01 1.258667707443e+00 5.854504108429e-01
1.200405806303e-01 2.239679843187e-01 2.999235391617e-01 3.262051641941e-01 3.509645164013e-01 4.157911241055e-01 3.808835744858e-01 2.578607201576e-01 2.912678420544e-01 3.072988986969e-01 3.196797072887e-01 4.006427228451e-01 4.175035953522e-01 4.838074743748e-01 5.227934122086e-01 5.163694620132e-01 4.864012598991e-01 4.471397101879e-01 5.493156313896e-01 4.368303120136e-01 7.235283851624e-01 7.824031114578e-01 8.105449676514e-01 8.803179264069e-01 8.110336065292e-01 6.273379921913e-01 5.247898101807e-01 4.818607568741e-01 7.447147965431e-01 7.557924389839e-01 6.463356614113e-01 6.125100255013e-01 5.959394574165e-01 5.399316549301e-01 4.737950265408e-01 6.193586587906e-01 3.738552629948e-01 3.769622445107e-01 3.836431503296e-01 4.299814403057e-01 6.520933508873e-01 1.065558910370e+00 8.724640011787e-01
1.312108933926e-01 2.462623715401e-01 2.630593776703e-01 2.605896890163e-01 2.685754895210e-01 3.176431953907e-01 3.924071192741e-01 3.876385092735e-01 4.089545309544e-01 4.877704977989e-01 5.625901222229e-01 7.413325905800e-01 8.894406557083e-01 8.155907392502e-01 5.571754574776e-01 4.637213349342e-01 5.427275896072e-01 5.960236787796e-01 8.196308016777e-01 8.377814292908e-01 6.330863237381e-01 8.535085320473e-01 8.465526103973e-01 1.183517217636e+00 9.575235247612e-01 8.478209376335e-01 6.558283567429e-01 4.454583823681e-01 7.009853720665e-01 6.970387697220e-01 5.354688763618e-01 5.604302287102e-01 6.611523628235e-01 4.949117302895e-01 4.947221875191e-01 6.409981846809e-01 5.515843629837e-01 4.166551232338e-01 4.144426584244e-01 4.808830320835e-01 7.602750658989e-01 7.632290124893e-01 1.157985448837e+00
1.601019203663e-01 2.874329388142e-01 2.805840671062e-01 2.916001975536e-01 3.180361092091e-01 4.029002189636e-01 4.708826243877e-01 5.638578534126e-01 6.847630739212e-01 8.606377840042e-01 1.095457077026e+00 1.374435544014e+00 1.545741319656e+00 1.345901608467e+00 8.508073091507e-01 5.148747563362e-01 7.103186249733e-01 9.977352619171e-01 1.262953996658e+00 1.029552459717e+00 8.159691095352e-01 8.250429034233e-01 9.006302356720e-01 1.328938245773e+00 9.524027705193e-01 9.654930233955e-01 8.322427272797e-01 6.452105045319e-01 6.985055208206e-01 5.778075456619e-01 5.554975271225e-01 5.500342249870e-01 6.857836842537e-01 6.071245670319e-01 5.570077896118e-01 5.721324682236e-01 7.167018651962e-01 4.636427164078e-01 4.455490410328e-01 5.279237031937e-01 8.473507761955e-01 7.345306277275e-01 1.344647407532e+00
1.555456221104e-01 3.208727538586e-01 3.857585489750e-01 3.333888649940e-01 3.983535766602e-01 5.416826009750e-01 5.943551063538e-01 6.291275024414e-01 6.974638104439e-01 8.075143694878e-01 9.748860001564e-01 1.112598538399e+00 1.140655040741e+00 9.785155057907e-01 7.204129695892e-01 6.343055367470e-01 6.923710107803e-01 8.331018686295e-01 9.530712366104e-01 7.937618494034e-01 7.672659754753e-01 8.817871809006e-01 9.405544400215e-01 1.274456501007e+00 1.016557335854e+00 9.623927474022e-01 9.421958327293e-01 1.014440178871e+00 1.024284124374e+00 8.730109930038e-01 7.546511292458e-01 8.115675449371e-01 7.582903504372e-01 6.507134437561e-01 7.025843858719e-01 7.249472141266e-01 8.037725090981e-01 7.284127473831e-01 5.298594832420e-01 5.572421550751e-01 8.960992097855e-01 7.446442842484e-01 1.373467445374e+00
2.826455235481e-01 4.872121810913e-01 4.184147417545e-01 4.488888978958e-01 3.791965246201e-01 4.711681306362e-01 5.338963866234e-01 5.289586782455e-01 5.266131758690e-01 5.483092069626e-01 5.800144076347e-01 6.147159337997e-01 5.866323113441e-01 6.392652988434e-01 6.472222208977e-01 5.798199772835e-01 4.653991460800e-01 8.206502795219e-01 9.385511279106e-01 5.361679792404e-01 6.865260004997e-01 7.923188209534e-01 8.657576441765e-01 1.086245775223e+00 1.007044434547e+00 8.806315660477e-01 9.456049203873e-01 1.121861934662e+00 8.397679328918e-01 8.287571668625e-01 8.888906240463e-01 1.046333432198e+00 1.556917905807e+00 1.481624841690e+00 1.340413212776e+00 1.278515458107e+00 1.327440977097e+00 1.119618773460e+00 9.495462775230e-01 6.784477829933e-01 9.166465401649e-01 7.238895893097e-01 1.215807557106e+00
5.248253941536e-01 1.110777258873e+00 1.141952872276e+00 9.990435242653e-01 6.231364607811e-01 3.816993832588e-01 3.830362260342e-01 4.013887047768e-01 4.042150378227e-01 5.226022601128e-01 6.267716288567e-01 7.007997632027e-01 7.236921787262e-01 6.939901113510e-01 6.230191588402e-01 7.150183916092e-01 7.391443848610e-01 7.996191382408e-01 7.879812121391e-01 6.538435220718e-01 6.111999154091e-01 8.286487460136e-01 8.003141283989e-01 8.998898267746e-01 7.969744205475e-01 8.022760748863e-01 9.812481999397e-01 9.123996496201e-01 9.698928594589e-01 8.680637478828e-01 7.020069360733e-01 7.143575549126e-01 1.262336134911e+00 1.378642439842e+00 1.518930912018e+00 1.835895061493e+00 2.292482852936e+00 1.517442703247e+00 1.401728153229e+00 1.190335988998e+00 9.000711441040e-01 7.228017449379e-01 9.102095961571e-01
5.603814125061e-01 1.207806110382e+00 1.392613410950e+00 1.641349196434e+00 1.793156266212e+00 1.553156733513e+00 8.699551224709e-01 4.861130416393e-01 6.631015539169e-01 7.745982408524e-01 7.960039973259e-01 7.532482743263e-01 7.689652442932e-01 1.035262465477e+00 1.140138983727e+00 1.131453394890e+00 1.113484025002e+00 1.082830786705e+00 1.069425463676e+00 1.032949328423e+00 1.009452700615e+00 1.009224057198e+00 9.788118600845e-01 9.884920716286e-01 1.189854383469e+00 1.029059052467e+00 9.795195460320e-01 1.206185460091e+00 1.219299793243e+00 1.082807660103e+00 8.850598335266e-01 8.796816468239e-01 8.631685972214e-01 1.525187969208e+00 2.215613365173e+00 1.798188447952e+00 1.552896738052e+00 1.568129658699e+00 1.709099411964e+00 1.740470051765e+00 1.415853142738e+00 8.540062904358e-01 8.113602995872e-01
3.597834408283e-01 7.937269806862e-01 9.227358102798e-01 1.131657958031e+00 1.470401406288e+00 1.928942441940e+00 2.175896167755e+00 1.690999388695e+00 8.824993968010e-01 8.375644683838e-01 7.611189484596e-01 1.050113797188e+00 1.237774252892e+00 1.288413524628e+00 1.223667740822e+00 1.222295522690e+00 1.209370374680e+00 1.172927379608e+00 1.228424191475e+00 1.239342451096e+00 1.273408174515e+00 1.383103966713e+00 1.307527780533e+00 1.203929662704e+00 1.085297584534e+00 1.211232423782e+00 1.160537719727e+00 1.158037185669e+00 1.273351550102e+00 1.142540693283e+00 9.254467487335e-01 1.156001091003e+00 1.552857398987e+00 2.363791465759e+00 2.766747474670e+00 1.848004221916e+00 1.488749265671e+00 1.242944836617e+00 1.533782124519e+00 1.965810775757e+00 2.146142244339e+00 1.457793712616e+00 1.731831908226e+00
2.594480812550e-01 5.093789696693e-01 5.735504031181e-01 5.279089808464e-01 6.405841112137e-01 9.571858048439e-01 1.493157863617e+00 2.021262168884e+00 2.014184713364e+00 1.385034799576e+00 1.174503326416e+00 1.239416480064e+00 1.255460262299e+00 1.198326826096e+00 1.177178382874e+00 1.157078981400e+00 1.097004055977e+00 1.176518082619e+00 1.206591129303e+00 1.250837326050e+00 1.325193405151e+00 1.278493404388e+00 1.228440403938e+00 1.212635397911e+00 1.192657232285e+00 1.173062443733e+00 1.114343285561e+00 1.071683168411e+00 1.080672502518e+00 1.123720526695e+00 1.042373061180e+00 1.341731190681e+00 1.684678673744e+00 2.188519954681e+00 2.093057394028e+00 1.205873489380e+00 1.105944037437e+00 1.666626572609e+00 1.703185319901e+00 1.620402932167e+00 2.403678655624e+00 2.443843603134e+00 2.481955528259e+00
3.010758161545e-01 5.927039980888e-01 5.761174559593e-01 6.518300771713e-01 5.349245667458e-01 5.130638480186e-01 5.967988967896e-01 1.050856947899e+00 1.683307528496e+00 1.954450249672e+00 1.591327428818e+00 1.184436798096e+00 1.124852180481e+00 1.099470853806e+00 1.028329849243e+00 9.988120198250e-01 1.030394196510e+00 1.088567852974e+00 1.088683843613e+00 1.086513280869e+00 9.806084036827e-01 9.104437232018e-01 1.275216221809e+00 8.395068049431e-01 1.019186615944e+00 1.246357440948e+00 1.396585226059e+00 1.364958286285e+00 1.283246517181e+00 1.228848934174e+00 1.195239782333e+00 1.286351680756e+00 1.214897751808e+00 1.697894573212e+00 1.286995887756e+00 1.075145363808e+00 1.184922337532e+00 1.907159566879e+00 2.283419132233e+00 2.163749217987e+00 1.946467518806e+00 3.021766662598e+00 2.782147407532e+00
3.890816867352e-01 7.479708790779e-01 6.954903006554e-01 6.565465331078e-01 7.183611392975e-01 6.325359940529e-01 8.784155249596e-01 1.066459178925e+00 1.178168654442e+00 1.472364425659e+00 1.894213438034e+00 1.716476559639e+00 1.050088524818e+00 9.438843131065e-01 9.285766482353e-01 9.498765468597e-01 9.829695224762e-01 9.706876277924e-01 8.955391645432e-01 8.649488687515e-01 7.541775703430e-01 8.650674223900e-01 1.430115222931e+00 1.171689987183e+00 1.744763374329e+00 2.347958803177e+00 2.819067955017e+00 2.294863462448e+00 1.756500244141e+00 1.540332317352e+00 1.473519802094e+00 1.334393143654e+00 9.887554049492e-01 2.114356756210e+00 9.063576459885e-01 1.213243722916e+00 1.122820854187e+00 1.604030728340e+00 2.332909822464e+00 2.510492086411e+00 2.161365509033e+00 2.546492338181e+00 3.451492071152e+00
3.536017537117e-01 7.728641629219e-01 8.169996142387e-01 7.983827590942e-01 7.601163387299e-01 9.017099738121e-01 1.080373644829e+00 1.134764552116e+00 1.126134514809e+00 1.063461899757e+00 1.318223953247e+00 1.877027869225e+00 1.830936074257e+00 1.262412786484e+00 8.904706239700e-01 8.885248899460e-01 8.562269806862e-01 7.402275204659e-01 9.009755253792e-01 9.376185536385e-01 9.168604612350e-01 9.188690185547e-01 1.624982118607e+00 1.448830127716e+00 2.455592155457e+00 3.618755817413e+00 4.246662616730e+00 4.059986114502e+00 2.644581556320e+00 2.251579523087e+00 1.834212303162e+00 1.715280532837e+00 1.587896943092e+00 2.582384347916e+00 1.351625323296e+00 2.494973897934e+00 1.806670308113e+00 1.368243217468e+00 2.294941425323e+00 2.564184427261e+00 2.628616571426e+00 2.220705270767e+00 3.704272747040e+00
4.579373598099e-01 9.323127269745e-01 9.430013895035e-01 9.156756997108e-01 9.517770409584e-01 1.078283309937e+00 1.085695505142e+00 1.096315979958e+00 1.007204055786e+00 9.674698114395e-01 8.967897891998e-01 1.134295344353e+00 1.820646405220e+00 1.917958498001e+00 1.452472925186e+00 7.408257126808e-01 6.814842224121e-01 7.630139589310e-01 8.009017109871e-01 1.186774849892e+00 1.072888135910e+00 1.332034707069e+00 2.220249652863e+00 1.444806814194e+00 2.510126113892e+00 3.579997062683e+00 4.872918605804e+00 5.709660530090e+00 4.763237476349e+00 2.694613456726e+00 2.665471076965e+00 2.422699451447e+00 2.312242269516e+00 3.053955316544e+00 1.646831154823e+00 3.338418006897e+00 2.766099929810e+00 2.022268295288e+00 2.140887260437e+00 3.512843370438e+00 4.085104942322e+00 2.405132293701e+00 3.022732257843e+00
5.728521943092e-01 1.078015804291e+00 1.070480465889e+00 1.121148347855e+00 1.189902067184e+00 1.257202625275e+00 1.334912776947e+00 1.388269186020e+00 1.418480277061e+00 1.422955632210e+00 1.547544598579e+00 1.340660214424e+00 1.283382296562e+00 1.681808352470e+00 1.951430082321e+00 1.624755859375e+00 8.239905834198e-01 7.347719073296e-01 8.595735430717e-01 1.134408235550e+00 1.202138900757e+00 1.372527718544e+00 2.581912279129e+00 1.998655915260e+00 2.183117628098e+00 3.091139793396e+00 4.785488605499e+00 6.683738708496e+00 6.313479423523e+00 3.843751430511e+00 3.196451187134e+00 4.031755447388e+00 4.331701755524e+00 4.000940799713e+00 3.316745281219e+00 3.598353147507e+00 3.427199125290e+00 2.645779371262e+00 3.456748008728e+00 3.964239835739e+00 5.840626716614e+00 4.773073196411e+00 2.520283222198e+00
5.869676470757e-01 1.219748973846e+00 1.217671394348e+00 1.180522441864e+00 1.233119845390e+00 1.327914118767e+00 1.325134873390e+00 1.214035868645e+00 1.325336694717e+00 1.427036046982e+00 1.804848909378e+00 2.027538776398e+00 1.891847968102e+00 2.792153596878e+00 2.857266664505e+00 2.046519517899e+00 2.030767917633e+00 1.933062434196e+00 1.800213694572e+00 1.649968147278e+00 1.487883806229e+00 1.288217544556e+00 2.801707744598e+00 2.280275106430e+00 2.292719125748e+00 2.339633464813e+00 3.447241544724e+00 5.452068805695e+00 6.924302101135e+00 4.793364048004e+00 2.728074789047e+00 3.393849611282e+00 3.703674554825e+00 4.919866085052e+00 5.468872070312e+00 5.076856613159e+00 3.667182207108e+00 2.864968776703e+00 2.161612272263e+00 3.520276784897e+00 6.101080894470e+00 7.320535659790e+00 2.919850587845e+00
6.707584857941e-01 1.181565642357e+00 1.151986002922e+00 1.142590880394e+00 1.199579834938e+00 1.159012079239e+00 1.348734855652e+00 1.557817339897e+00 1.667945623398e+00 1.640426516533e+00 1.694668650627e+00 1.922597169876e+00 2.249047040939e+00 2.378506183624e+00 2.081598281860e+00 1.762101054192e+00 1.880163669586e+00 1.815628528595e+00 1.651821970940e+00 1.828226089478e+00 1.934573769569e+00 1.996895074844e+00 2.917618989944e+00 2.335705041885e+00 2.077718019485e+00 1.917443871498e+00 2.324424505234e+00 4.130668163300e+00 5.831153869629e+00 4.277314186096e+00 2.139691114426e+00 2.928449153900e+00 3.448237419128e+00 2.805847406387e+00 2.888574123383e+00 4.698852062225e+00 5.969983100891e+00 5.523881435394e+00 3.441098213196e+00 3.405156612396e+00 4.846800327301e+00 8.691490173340e+00 4.289019584656e+00
7.685996294022e-01 1.429019570351e+00 1.518850445747e+00 1.479889273643e+00 1.372525811195e+00 1.226147174835e+00 1.091686367989e+00 1.087279915810e+00 1.361767649651e+00 1.677134871483e+00 1.945863246918e+00 2.055110692978e+00 1.924157738686e+00 2.264790296555e+00 2.630138874054e+00 2.701507806778e+00 2.220581293106e+00 1.763840436935e+00 1.879382610321e+00 2.450508117676e+00 1.921243667603e+00 1.489975333214e+00 2.904852867126e+00 4.273428916931e+00 1.630126833916e+00 1.853152513504e+00 2.468068122864e+00 2.644285202026e+00 3.727150678635e+00 3.036430597305e+00 1.533582806587e+00 1.944624066353e+00 2.917477846146e+00 3.266137838364e+00 2.581541776657e+00 2.719488143921e+00 2.742848396301e+00 4.629980564117e+00 6.546374320984e+00 5.309045314789e+00 4.376112937927e+00 7.512257575989e+00 8.726923942566e+00
6.849511861801e-01 1.403180241585e+00 1.602707743645e+00 1.634802460670e+00 1.648080825806e+00 1.602574110031e+00 1.554424881935e+00 1.444705605507e+00 1.310045838356e+00 1.100515127182e+00 1.172531247139e+00 1.496978044510e+00 1.861048460007e+00 2.139170885086e+00 2.172860383987e+00 2.637289047241e+00 3.112256288528e+00 2.761599779129e+00 3.074874401093e+00 3.710368871689e+00 3.574223041534e+00 2.929841756821e+00 2.727320671082e+00 4.834941387177e+00 4.238317012787e+00 2.457326173782e+00 2.393647432327e+00 2.225322008133e+00 2.387377977371e+00 3.270047664642e+00 3.068973064423e+00 2.162452220917e+00 2.093040466309e+00 2.688624858856e+00 2.964625358582e+00 2.404709815979e+00 2.445953845978e+00 3.149105548859e+00 3.972120523453e+00 5.398074626923e+00 6.449767589569e+00 8.115163803101e+00 8.160867691040e+00
