VariationalSeries/SI/f205_max.grd
DSAA
101	101
32.816463539100	34.260883539100
35.556306596100	36.727886596100
2.062230929732e-02	4.618637390137e+02
[rows 57 to 75 of 101, columns 0 to 42 of 101]
3.472090065479e-01 5.701614022255e-01 6.181764006615e-01 6.187974214554e-01 5.674244761467e-01 8.216348290443e-01 9.287606477737e-01 1.029707074165e+00 1.135106325150e+00 1.218697071075e+00 1.240412473679e+00 1.316780686378e+00 2.253674507141e+00 1.246946096420e+00 1.922245621681e+00 3.052273035049e+00 1.794003486633e+00 1.501293659210e+00 1.814357519150e+00 1.783569693565e+00 1.439293384552e+00 2.063630104065e+00 1.524339199066e+00 1.246878266335e+00 1.128049850464e+00 1.007164716721e+00 1.607738852501e+00 3.198413610458e+00 3.804605960846e+00 2.446304559708e+00 1.906366705894e+00 9.633462429047e-01 7.409480214119e-01 9.443307518959e-01 1.103971362114e+00 1.211279034615e+00 1.364865303040e+00 1.737132191658e+00 2.782103061676e+00 3.654205799103e+00 3.854933738708e+00 4.620223045349e+00 5.086880207062e+00
6.101603507996e-01 1.293444633484e+00 1.477450728416e+00 8.318081498146e-01 7.610918879509e-01 7.109301090240e-01 7.340885400772e-01 8.368124961853e-01 8.717184066772e-01 1.272605061531e+00 4.122474670410e+00 4.770277976990e+00 1.782532930374e+00 1.017910838127e+00 1.175215125084e+00 1.960251331329e+00 1.222696781158e+00 1.055639863014e+00 1.179704070091e+00 1.497877359390e+00 1.359469771385e+00 1.707722783089e+00 1.216745615005e+00 7.222018241882e-01 7.376688122749e-01 1.124926567078e+00 1.697426199913e+00 3.633959054947e+00 4.839686870575e+00 3.076835393906e+00 1.892454743385e+00 1.530277729034e+00 8.102353215218e-01 9.841979146004e-01 1.161597490311e+00 1.200954675674e+00 1.232504367828e+00 1.262541770935e+00 1.673724532127e+00 3.875500440598e+00 5.227227210999e+00 5.976967811584e+00 6.545279502869e+00
7.098524570465e-01 1.930851817131e+00 2.233525276184e+00 1.494412183762e+00 1.805973410606e+00 2.297026395798e+00 3.029127597809e+00 4.431374549866e+00 8.151008605957e+00 1.151502132416e+01 3.185701131821e+00 1.950338840485e+00 1.474351048470e+00 1.289976716042e+00 9.382404685020e-01 9.087726473808e-01 1.056915283203e+00 1.039515256882e+00 1.100530982018e+00 8.347269892693e-01 1.312402963638e+00 1.488140106201e+00 1.055412530899e+00 6.064861416817e-01 9.231840819120e-02 6.410999298096e-01 1.042014241219e+00 2.586837053299e+00 2.944144725800e+00 2.147994279861e+00 1.468314170837e+00 8.987613320351e-01 8.504415154457e-01 9.542039036751e-01 1.150965571404e+00 1.191109657288e+00 1.132420301437e+00 1.035521626472e+00 1.729840040207e+00 4.295755386353e+00 5.533248901367e+00 5.609175205231e+00 6.114832878113e+00
9.766738414764e-01 1.329376697540e+00 3.114920377731e+00 2.542257547379e+00 2.880207777023e+00 3.822801828384e+00 5.578204631805e+00 8.355558395386e+00 8.412579536438e+00 3.895888566971e+00 1.051545262337e+00 1.226121306419e+00 1.333306908607e+00 1.184777259827e+00 1.079410910606e+00 9.412360191345e-01 1.134690284729e+00 1.088106989861e+00 1.656368851662e+00 1.090410828590e+00 9.449977874756e-01 1.054917454720e+00 7.829326391220e-01 2.189059853554e-01 8.395154774189e-02 4.058216214180e-01 5.534804463387e-01 1.186852812767e+00 1.452268123627e+00 8.059278130531e-01 7.371017336845e-01 7.858905196190e-01 8.383235931396e-01 9.280885457993e-01 1.113105058670e+00 1.139251589775e+00 1.028250813484e+00 8.776814937592e-01 1.696439623833e+00 4.245034217834e+00 5.109287738800e+00 4.489105701447e+00 4.850724220276e+00
3.485618829727e-01 6.074278354645e-01 1.435274481773e+00 1.550162911415e+00 1.563489198685e+00 7.921544909477e-01 7.716847062111e-01 7.546256184578e-01 7.395935058594e-01 7.227491736412e-01 6.775091290474e-01 7.072280645370e-01 7.926880717278e-01 1.014155864716e+00 1.140019655228e+00 1.190107345581e+00 1.145132184029e+00 1.015667200089e+00 1.499311566353e+00 1.098769068718e+00 9.665854573250e-01 1.195559650660e-01 7.654861360788e-02 3.208451569080e-01 2.824153602123e-01 3.246654570103e-01 4.166735410690e-01 5.390298962593e-01 6.703054904938e-01 7.215386033058e-01 6.826829910278e-01 6.220129728317e-01 8.060715794563e-01 9.752874970436e-01 1.163265228271e+00 1.123697280884e+00 9.305134415627e-01 7.620810866356e-01 1.628140091896e+00 3.749822378159e+00 4.274833679199e+00 3.412279367447e+00 3.793343305588e+00
1.653689146042e-01 3.080003857613e-01 3.994275629520e-01 5.192315578461e-01 7.164859175682e-01 8.634091615677e-01 4.824231863022e-01 4.911605715752e-01 5.049244761467e-01 5.186218619347e-01 3.486789464951e-01 4.763201177120e-01 4.906912147999e-01 6.512711644173e-01 7.657095789909e-01 8.057961463928e-01 7.331824898720e-01 6.524052023888e-01 8.668836951256e-01 6.761263608932e-01 3.081018924713e-01 2.627176344395e-01 1.743192523718e-01 2.413562387228e-01 2.847174704075e-01 2.993301153183e-01 3.455740809441e-01 4.582981467247e-01 5.673802495003e-01 6.205772757530e-01 6.111667156219e-01 5.767831802368e-01 8.051883578300e-01 1.080560684204e+00 1.254719853401e+00 1.130765795708e+00 8.454216718674e-01 7.367222905159e-01 1.395939469337e+00 2.803089857101e+00 3.165325403214e+00 2.660012245178e+00 3.243315219879e+00
1.143537759781e-01 1.928002834320e-01 2.398253828287e-01 2.754668593407e-01 2.960400879383e-01 3.571503162384e-01 3.305188119411e-01 3.441618978977e-01 3.602446317673e-01 1.266088485718e-01 1.205408200622e-01 2.146376371384e-01 1.423699110746e-01 3.365237414837e-01 3.361829221249e-01 3.815131783485e-01 4.024588465691e-01 3.970201611519e-01 3.642451465130e-01 3.257384598255e-01 2.594440877438e-01 2.242956310511e-01 1.030344143510e-01 8.712013810873e-02 5.332173705101e-01 3.318611979485e-01 3.297967910767e-01 3.844506144524e-01 4.685983359814e-01 5.209845900536e-01 5.332760810852e-01 5.297771692276e-01 8.175300359726e-01 1.143327116966e+00 1.260621666908e+00 1.050459146500e+00 7.403447628021e-01 6.967837214470e-01 1.157539248466e+00 1.886357188225e+00 2.161619663239e+00 2.075383424759e+00 2.834294319153e+00
9.244751185179e-02 1.576856076717e-01 1.991859674454e-01 2.193816304207e-01 1.846079677343e-01 1.208435669541e-01 2.476974427700e-01 2.549937367439e-01 2.449728697538e-01 1.119524165988e-01 1.312321573496e-01 1.498350501060e-01 1.298933178186e-01 1.314385235310e-01 2.644957005978e-01 3.040391802788e-01 3.232313096523e-01 3.189170956612e-01 2.948540449142e-01 2.395687997341e-01 2.544420659542e-01 2.211479544640e-01 9.984729439020e-02 8.715131133795e-02 4.586512744427e-01 2.740731239319e-01 3.531966209412e-01 3.582194745541e-01 4.125265479088e-01 4.519183337688e-01 3.133306801319e-01 4.834080338478e-01 8.131678104401e-01 1.118441700935e+00 1.150721788406e+00 9.037655591965e-01 6.618867516518e-01 7.984544634819e-01 1.213432431221e+00 1.329661607742e+00 1.406295418739e+00 1.494783639908e+00 2.396122217178e+00
7.678050547838e-02 1.307267397642e-01 1.673464477062e-01 1.878431290388e-01 1.094277054071e-01 1.097767353058e-01 1.064210161567e-01 2.106629759073e-01 2.352526634932e-01 1.021082997322e-01 3.976314365864e-01 4.139125049114e-01 1.944851428270e-01 1.406864672899e-01 2.107507139444e-01 2.469134479761e-01 2.640262842178e-01 2.587927281857e-01 2.401467561722e-01 2.179160714149e-01 2.497989237309e-01 2.218933999538e-01 1.199740245938e-01 8.400316536427e-02 1.846847385168e-01 9.197076410055e-02 3.615479469299e-01 3.932760655880e-01 4.148193299770e-01 4.266590476036e-01 4.343931376934e-01 4.508994519711e-01 7.627316117287e-01 1.004066109657e+00 9.747392535210e-01 7.772049903870e-01 6.399267315865e-01 7.676779031754e-01 1.024648666382e+00 1.019853234291e+00 9.983518719673e-01 7.615259289742e-01 1.621206283569e+00
6.902913004160e-02 1.158342286944e-01 1.487214714289e-01 1.675736010075e-01 1.758305728436e-01 1.767927855253e-01 1.760343462229e-01 1.802373528481e-01 2.438634335995e-01 3.532296717167e-01 3.401747047901e-01 3.418436348438e-01 3.656381964684e-01 1.891470998526e-01 1.948757916689e-01 2.071102559566e-01 2.216290831566e-01 2.398129403591e-01 2.430716454983e-01 2.395201176405e-01 2.400152385235e-01 2.181141674519e-01 1.830426454544e-01 1.468905657530e-01 2.430645376444e-01 2.758901119232e-01 4.066998660564e-01 4.439362585545e-01 4.455424845219e-01 4.309538602829e-01 4.210793673992e-01 4.555125236511e-01 1.590237766504e-01 6.008213758469e-01 8.012174367905e-01 6.941557526588e-01 6.884678006172e-01 7.809355854988e-01 9.087732434273e-01 9.031198024750e-01 5.454118847847e-01 4.027759134769e-01 8.887022733688e-01
6.760659813881e-02 1.113041937351e-01 1.410954594612e-01 1.565136164427e-01 1.607026755810e-01 1.587958931923e-01 1.566993594170e-01 2.802829444408e-01 3.165582120419e-01 3.018397092819e-01 1.594045013189e-01 1.693059056997e-01 2.755137681961e-01 1.859998404980e-01 1.918814629316e-01 1.801183521748e-01 2.456817775965e-01 2.707122266293e-01 2.763709127903e-01 2.564235329628e-01 2.245405167341e-01 2.093940526247e-01 1.874307543039e-01 1.910617798567e-01 2.309448421001e-01 2.719600796700e-01 3.710129261017e-01 4.310330152512e-01 4.451517462730e-01 4.304054379463e-01 4.140883684158e-01 4.442809820175e-01 1.397349536419e-01 5.497623682022e-01 6.374296545982e-01 5.893090367317e-01 5.953720808029e-01 6.616572141647e-01 6.841664910316e-01 6.183237433434e-01 3.518763184547e-01 5.808759927750e-01 8.433511853218e-01
6.532470136881e-02 1.063330918550e-01 1.324963718653e-01 1.438313573599e-01 1.462257504463e-01 1.453842818737e-01 2.558878660202e-01 2.916217148304e-01 2.926400601864e-01 1.706298291683e-01 1.449169963598e-01 1.551883518696e-01 1.646922528744e-01 1.726868003607e-01 1.884713023901e-01 1.817570924759e-01 2.059594094753e-01 2.827056646347e-01 3.076269030571e-01 2.992514073849e-01 2.738661468029e-01 2.435608357191e-01 2.143240422010e-01 1.965966224670e-01 2.056688070297e-01 2.297287881374e-01 2.630229890347e-01 3.355401754379e-01 3.795753419399e-01 3.928916156292e-01 4.061102569103e-01 4.288446605206e-01 3.896018862724e-01 4.680474102497e-01 4.725160300732e-01 4.570674002171e-01 4.818750917912e-01 5.653240680695e-01 6.023792028427e-01 4.951399862766e-01 3.905802071095e-01 5.039372444153e-01 7.403156757355e-01
5.969030037522e-02 9.646225720644e-02 1.182783097029e-01 1.263344734907e-01 1.093870997429e-01 1.309094429016e-01 1.348840296268e-01 2.622082531452e-01 1.658173352480e-01 1.397070586681e-01 1.412052661180e-01 1.359259039164e-01 1.474291384220e-01 1.684291511774e-01 1.887400001287e-01 1.933621317148e-01 2.139309048653e-01 2.404562234879e-01 3.276470303535e-01 3.352385461330e-01 3.260509073734e-01 3.066156804562e-01 1.700296401978e-01 2.616622447968e-01 2.487937211990e-01 2.454682439566e-01 2.496468722820e-01 2.598977386951e-01 3.149728775024e-01 3.615109622478e-01 3.921603262424e-01 4.147582650185e-01 3.303675353527e-01 3.101933896542e-01 2.001920193434e-01 2.512176930904e-01 4.101022481918e-01 5.358827710152e-01 6.221724748611e-01 5.591316819191e-01 4.115127921104e-01 3.051784038544e-01 3.298308551311e-01
5.364682897925e-02 9.214545786381e-02 1.183124631643e-01 1.132637411356e-01 1.137962490320e-01 1.236366629601e-01 1.330048888922e-01 2.183913290501e-01 1.787633895874e-01 1.274390518665e-01 1.336601525545e-01 1.389415860176e-01 1.460927724838e-01 1.571824550629e-01 1.810242086649e-01 1.973085552454e-01 2.172614932060e-01 3.077523708344e-01 3.421007096767e-01 3.633687496185e-01 3.670276701450e-01 1.655737459660e-01 2.012469172478e-01 3.267825543880e-01 3.175334632397e-01 3.115654587746e-01 3.000888526440e-01 2.827934622765e-01 3.119769096375e-01 3.499999642372e-01 3.783063888550e-01 4.041664302349e-01 8.307854831219e-02 1.243472844362e-01 1.727033555508e-01 2.684504687786e-01 4.085961580276e-01 5.171973705292e-01 5.987536311150e-01 5.435130596161e-01 4.200357198715e-01 1.595147848129e-01 1.155455112457e-01
3.174589574337e-02 1.004927381873e-01 1.228071227670e-01 1.178920120001e-01 1.179780960083e-01 1.246552020311e-01 1.320902556181e-01 1.600501388311e-01 1.376008987427e-01 1.673959046602e-01 1.744864284992e-01 1.805766969919e-01 1.727194488049e-01 1.541709303856e-01 1.738389879465e-01 2.299981117249e-01 2.814422845840e-01 3.218584954739e-01 3.609183728695e-01 3.892431557178e-01 3.985019922256e-01 3.677891194820e-01 3.780654966831e-01 3.600049018860e-01 3.451350331306e-01 3.303732275963e-01 3.055976629257e-01 2.720937132835e-01 3.057202398777e-01 3.387891054153e-01 3.543666005135e-01 7.841872423887e-02 7.631435990334e-02 1.599238067865e-01 3.767374753952e-01 3.905819356441e-01 4.180145859718e-01 5.007840394974e-01 5.404376983643e-01 4.756734669209e-01 3.645941913128e-01 2.949509620667e-01 3.355768322945e-01
3.642950579524e-02 1.063375547528e-01 1.233411878347e-01 1.190158948302e-01 1.197513416409e-01 1.194363832474e-01 1.355947107077e-01 1.427506059408e-01 1.602665185928e-01 1.678721308708e-01 1.736792922020e-01 1.786825060844e-01 1.691266596317e-01 1.549309194088e-01 1.507478803396e-01 1.783617138863e-01 2.880555987358e-01 3.347554802895e-01 3.717870414257e-01 3.950980007648e-01 4.002838134766e-01 1.874250322580e-01 3.693421185017e-01 3.457134068012e-01 3.235745728016e-01 3.012694418430e-01 2.696825563908e-01 2.661423087120e-01 2.999467551708e-01 3.296973705292e-01 2.004659771919e-01 6.155595183372e-02 3.636436462402e-01 3.489404022694e-01 2.239083945751e-01 4.958792626858e-01 4.692120254040e-01 3.945339620113e-01 4.558198750019e-01 3.887580037117e-01 3.167560994625e-01 2.684228420258e-01 3.046016097069e-01
4.754228517413e-02 1.042300984263e-01 1.179398894310e-01 1.134887561202e-01 1.232818514109e-01 1.161069795489e-01 1.272749602795e-01 1.302423179150e-01 1.386429071426e-01 1.444065272808e-01 1.485045403242e-01 1.518659591675e-01 1.528041511774e-01 1.490148901939e-01 1.615864038467e-01 1.330977231264e-01 2.754749059677e-01 3.232373893261e-01 3.501938879490e-01 3.596748411655e-01 3.546247780323e-01 3.061650693417e-01 3.097036182880e-01 2.874431014061e-01 2.694408595562e-01 2.500961422920e-01 2.326148450375e-01 2.640172541142e-01 2.938816547394e-01 3.206185698509e-01 3.274886906147e-01 3.218385577202e-01 3.453316092491e-01 3.346897661686e-01 3.737889230251e-01 4.431599080563e-01 4.351602494717e-01 4.577482640743e-01 4.610289335251e-01 3.777707517147e-01 2.975750267506e-01 2.695142626762e-01 2.958191931248e-01
5.494119226933e-02 9.485378116369e-02 1.099794283509e-01 1.149826049805e-01 1.240069419146e-01 1.079295426607e-01 1.047874614596e-01 1.260429620743e-01 1.337527036667e-01 1.387688517570e-01 1.294295489788e-01 1.283103376627e-01 1.179265603423e-01 1.493194997311e-01 1.279509961605e-01 1.153111457825e-01 2.522157430649e-01 2.928321063519e-01 3.080571293831e-01 2.704516053200e-01 2.894434332848e-01 3.043647110462e-01 2.865403890610e-01 2.701550722122e-01 2.739825248718e-01 2.626974582672e-01 2.573095262051e-01 2.589061260223e-01 2.857964932919e-01 3.090888559818e-01 3.253207504749e-01 3.257727026939e-01 3.058453500271e-01 3.160032629967e-01 3.777506351471e-01 3.505397140980e-01 4.283147752285e-01 6.027615666389e-01 5.362477898598e-01 4.162298738956e-01 1.998199373484e-01 3.332491219044e-01 1.196009874344e+00
5.913091823459e-02 8.715874701738e-02 1.069544926286e-01 1.157955899835e-01 9.522413462400e-02 1.077276244760e-01 1.113008111715e-01 1.392244696617e-01 1.476021558046e-01 1.527293324471e-01 1.417042762041e-01 1.174269393086e-01 1.038701608777e-01 1.553530842066e-01 1.127984821796e-01 1.650621145964e-01 2.315428704023e-01 2.666339874268e-01 2.768940925598e-01 1.799937784672e-01 2.052823454142e-01 1.999193280935e-01 1.946973800659e-01 2.817267179489e-01 2.737476229668e-01 2.523260712624e-01 2.396452128887e-01 2.520916163921e-01 2.760880589485e-01 2.940700948238e-01 3.002483844757e-01 2.883715331554e-01 2.620202302933e-01 2.777422070503e-01 3.172068893909e-01 3.352569043636e-01 5.522318482399e-01 8.778517246246e-01 8.202224969864e-01 4.929897487164e-01 4.486077725887e-01 9.519397616386e-01 3.439013004303e+00
