VariationalSeries/SI/f205_max.grd
DSAA
101	101
32.816463539100	34.260883539100
35.556306596100	36.727886596100
2.062230929732e-02	4.618637390137e+02
[rows 38 to 56 of 101, columns 43 to 85 of 101]
6.582867145538e+00 9.841610908508e+00 1.056453704834e+01 6.157705307007e+00 1.051623153687e+01 5.099555015564e+00 4.116187572479e+00 5.253848075867e+00 6.054146289825e+00 4.843650817871e+00 7.183334350586e+00 3.728732585907e+00 2.900666236877e+00 3.424233913422e+00 5.114244937897e+00 3.758301019669e+00 3.139114856720e+00 1.770800352097e+00 3.084608316422e+00 4.679080963135e+00 4.767389774323e+00 3.653868675232e+00 2.519849061966e+00 1.993684291840e+00 1.715332627296e+00 1.520329833031e+00 1.383083462715e+00 1.415991306305e+00 1.259344100952e+00 9.457080364227e-01 8.991994857788e-01 9.748311042786e-01 1.111606717110e+00 1.143269896507e+00 1.159477233887e+00 1.161955356598e+00 1.144326567650e+00 1.057037711143e+00 9.389498233795e-01 8.585894107819e-01 9.508955478668e-01 9.613676667213e-01 7.875927090645e-01
6.593754291534e+00 1.307779026031e+01 7.340934753418e+00 1.181856346130e+01 8.515101432800e+00 1.186181449890e+01 8.177895545959e+00 6.030356884003e+00 6.293604373932e+00 4.260892868042e+00 8.155545234680e+00 3.733753681183e+00 2.446062564850e+00 3.707590341568e+00 6.795791149139e+00 3.153809309006e+00 4.575485229492e+00 7.147481441498e+00 6.405585765839e+00 4.339447975159e+00 2.928149223328e+00 1.988747477531e+00 1.717487692833e+00 1.637894392014e+00 1.649477124214e+00 1.577238202095e+00 1.383029937744e+00 1.206991553307e+00 1.089330554008e+00 1.138789415359e+00 1.250455975533e+00 1.175037622452e+00 9.650511741638e-01 7.818052172661e-01 7.761993408203e-01 7.701257467270e-01 7.893411517143e-01 8.475659489632e-01 9.239847660065e-01 1.017683267593e+00 1.095686197281e+00 1.038675308228e+00 1.072092056274e+00
8.706200599670e+00 6.112348556519e+00 1.150754833221e+01 8.994272232056e+00 9.150433540344e+00 1.250638771057e+01 5.690049648285e+00 6.952238559723e+00 4.175429344177e+00 5.195304393768e+00 8.728672027588e+00 4.945486545563e+00 4.141602516174e+00 4.521323680878e+00 5.439732551575e+00 8.784816741943e+00 5.994130611420e+00 3.034624814987e+00 2.835192680359e+00 1.992307782173e+00 1.317277312279e+00 1.839121580124e+00 2.653762578964e+00 2.278008460999e+00 1.642181873322e+00 1.559534430504e+00 1.525281548500e+00 1.406783938408e+00 1.215487957001e+00 1.130521297455e+00 1.130552530289e+00 1.177718997002e+00 1.127240777016e+00 1.048450946808e+00 9.960115551949e-01 9.619883298874e-01 9.299264550209e-01 8.576082587242e-01 1.043288588524e+00 1.250784397125e+00 1.081197500229e+00 9.928196072578e-01 8.592553138733e-01
1.013560867310e+01 8.856469154358e+00 1.501466083527e+01 1.167713165283e+01 1.186986827850e+01 1.311996841431e+01 8.875289916992e+00 5.997715473175e+00 6.343584060669e+00 7.273871421814e+00 8.215428352356e+00 7.029604911804e+00 4.559855461121e+00 9.957902908325e+00 6.421294212341e+00 3.751707553864e+00 3.201340913773e+00 2.499508380890e+00 2.276345491409e+00 3.784154891968e+00 4.080605983734e+00 2.209355354309e+00 3.171787738800e+00 2.670396566391e+00 2.377694845200e+00 2.074648618698e+00 1.817342042923e+00 1.640611410141e+00 1.525614380836e+00 1.525207996368e+00 2.852967739105e+00 1.212854981422e+00 1.081090450287e+00 1.023432016373e+00 1.267611861229e+00 1.581099033356e+00 1.161835432053e+00 1.330163121223e+00 1.457747697830e+00 1.598898172379e+00 1.613737940788e+00 1.578845620155e+00 1.450318932533e+00
9.656268119812e+00 1.275560665131e+01 1.026612663269e+01 1.153520679474e+01 1.091765594482e+01 1.376752281189e+01 1.880550575256e+01 9.468446731567e+00 7.972688198090e+00 1.089577770233e+01 7.092002868652e+00 9.421314239502e+00 1.062500000000e+01 5.897071838379e+00 5.182787418365e+00 5.897954463959e+00 5.942319869995e+00 6.509042263031e+00 5.124674320221e+00 2.916128635406e+00 3.303380966187e+00 3.231414794922e+00 2.603417396545e+00 2.343902587891e+00 1.958646297455e+00 1.936319708824e+00 2.393483400345e+00 4.136965274811e+00 4.963118076324e+00 4.400195598602e+00 2.171508312225e+00 1.471958279610e+00 1.397243618965e+00 1.485337972641e+00 1.787114024162e+00 1.535822510719e+00 1.693220734596e+00 1.516565918922e+00 1.193073630333e+00 1.484593033791e+00 1.774287343025e+00 1.771483302116e+00 1.704414486885e+00
1.058005714417e+01 1.664407920837e+01 2.616844749451e+01 1.714508628845e+01 2.486848831177e+01 1.424873542786e+01 2.945377349854e+01 9.157102584839e+00 1.693683242798e+01 1.360933399200e+01 8.720828056335e+00 1.089616107941e+01 6.147861957550e+00 6.442706584930e+00 9.763312339783e+00 8.091246604919e+00 5.014579296112e+00 3.765862703323e+00 6.817418575287e+00 5.887965202332e+00 3.151453971863e+00 2.782802581787e+00 2.856610059738e+00 5.201238632202e+00 6.394233226776e+00 5.648979187012e+00 3.689330101013e+00 2.131355762482e+00 2.316384315491e+00 1.433400750160e+00 1.381028413773e+00 1.629790425301e+00 2.026495218277e+00 1.819520235062e+00 1.953775048256e+00 2.077962160110e+00 2.462286710739e+00 2.202105045319e+00 1.579352140427e+00 1.545642375946e+00 1.931548714638e+00 2.121638774872e+00 2.238472938538e+00
1.431231975555e+01 1.813373947144e+01 2.098913764954e+01 2.654859733582e+01 2.136403846741e+01 1.826409339905e+01 3.454682540894e+01 1.418333435059e+01 1.746260833740e+01 1.446588230133e+01 1.292554664612e+01 6.555675506592e+00 8.301910400391e+00 1.037986755371e+01 8.117452621460e+00 5.783300876617e+00 8.704036712646e+00 8.115317344666e+00 6.704992294312e+00 8.485182762146e+00 8.589766502380e+00 7.447854995728e+00 5.327644348145e+00 2.495782136917e+00 2.945319652557e+00 2.658384799957e+00 2.305788516998e+00 2.379429101944e+00 2.495669603348e+00 2.266387939453e+00 1.970211505890e+00 1.681867599487e+00 1.963100552559e+00 1.650358796120e+00 2.371424674988e+00 2.898277997971e+00 2.717785120010e+00 2.002565145493e+00 1.213958740234e+00 8.613519072533e-01 1.155662655830e+00 1.327454447746e+00 1.394841194153e+00
9.744005203247e+00 1.880567550659e+01 2.268703269958e+01 2.265728569031e+01 3.156204223633e+01 2.072185707092e+01 3.520124053955e+01 2.123038864136e+01 1.576382446289e+01 1.562151336670e+01 1.458821392059e+01 9.282091140747e+00 7.847786426544e+00 8.723887443542e+00 6.724881172180e+00 9.656180381775e+00 1.245822525024e+01 8.576241493225e+00 4.755878925323e+00 4.755985736847e+00 5.106890678406e+00 3.213422536850e+00 2.791756868362e+00 2.719433784485e+00 2.720802783966e+00 2.472356081009e+00 2.538820981979e+00 2.497271299362e+00 2.092522859573e+00 2.502662897110e+00 2.162049055099e+00 1.974418401718e+00 1.273572921753e+00 1.980662465096e+00 2.363656997681e+00 2.241351366043e+00 1.566319227219e+00 1.055987715721e+00 1.295328497887e+00 1.218443989754e+00 9.747621417046e-01 1.043346047401e+00 1.127800345421e+00
1.714757156372e+01 2.272194099426e+01 2.320822525024e+01 2.898579025269e+01 3.417784118652e+01 4.029620361328e+01 3.527801132202e+01 7.119673919678e+01 2.711119270325e+01 1.767919731140e+01 1.702913665771e+01 1.181840133667e+01 1.200462627411e+01 1.510225391388e+01 1.721305084229e+01 8.120678901672e+00 8.757483482361e+00 9.090992927551e+00 5.884325981140e+00 5.599161148071e+00 5.546941280365e+00 5.276084899902e+00 4.661932468414e+00 4.049682140350e+00 6.079008579254e+00 5.379222869873e+00 3.026133537292e+00 2.770312786102e+00 2.775521516800e+00 2.343903064728e+00 2.047039508820e+00 1.906299591064e+00 1.910027027130e+00 2.032169342041e+00 1.889762043953e+00 1.485136032104e+00 1.320983052254e+00 1.273130536079e+00 1.241056561470e+00 1.227850556374e+00 1.208734631538e+00 1.198112845421e+00 1.174453616142e+00
1.221231842041e+01 3.241226577759e+01 2.165796279907e+01 2.946560096741e+01 5.017573928833e+01 4.018091583252e+01 4.459720993042e+01 5.207464981079e+01 2.782640266418e+01 2.031617927551e+01 3.181238746643e+01 2.169653511047e+01 2.692287063599e+01 1.943477249146e+01 1.625819778442e+01 1.417577934265e+01 1.204868125916e+01 1.042647361755e+01 9.204883575439e+00 9.828152656555e+00 1.148303699493e+01 4.786029815674e+00 3.663794279099e+00 3.340575695038e+00 4.412937164307e+00 3.308057069778e+00 2.860768556595e+00 3.342608451843e+00 2.672519445419e+00 2.055170774460e+00 1.974683165550e+00 2.007144451141e+00 2.124401807785e+00 1.816755414009e+00 1.390964269638e+00 1.649057388306e+00 1.561793565750e+00 1.193410396576e+00 1.264442443848e+00 1.338580965996e+00 1.235290527344e+00 1.265793323517e+00 1.329488277435e+00
3.050875854492e+01 3.745141220093e+01 3.820659255981e+01 4.171892547607e+01 4.904545211792e+01 7.691744995117e+01 9.673870086670e+01 5.347366333008e+01 3.796556854248e+01 2.112208938599e+01 3.839751052856e+01 3.560156631470e+01 1.320227909088e+01 1.556714630127e+01 1.708347129822e+01 9.278639793396e+00 8.919681549072e+00 9.068493843079e+00 9.991199493408e+00 1.175107383728e+01 9.048806190491e+00 5.387739658356e+00 5.348617553711e+00 4.540174007416e+00 3.791897535324e+00 3.406750440598e+00 3.312346220016e+00 3.287554502487e+00 2.732814550400e+00 1.898807287216e+00 1.636413335800e+00 1.792484879494e+00 2.014100551605e+00 2.072030305862e+00 1.916140794754e+00 1.834375500679e+00 1.635094165802e+00 1.441245079041e+00 1.570343852043e+00 1.607870340347e+00 1.439454317093e+00 1.317682266235e+00 1.273315787315e+00
2.029159736633e+01 3.621594619751e+01 3.644501495361e+01 4.619564056396e+01 5.044674682617e+01 4.526105499268e+01 4.739911651611e+01 8.354150390625e+01 7.110047149658e+01 9.221087646484e+01 2.729852867126e+01 3.279195022583e+01 3.977272796631e+01 1.678237342834e+01 1.223177051544e+01 7.940823554993e+00 7.074993133545e+00 5.574407577515e+00 5.308052539825e+00 4.527502059937e+00 3.856050729752e+00 4.367490768433e+00 5.382464885712e+00 6.193002700806e+00 6.338453292847e+00 5.560925483704e+00 4.017576694489e+00 2.781038045883e+00 2.399598836899e+00 2.615107774734e+00 2.790462255478e+00 2.926823139191e+00 3.122749567032e+00 3.222596645355e+00 3.107223987579e+00 2.685520172119e+00 2.066760540009e+00 1.468227386475e+00 1.540219426155e+00 1.631811976433e+00 1.851489305496e+00 2.325315475464e+00 2.639757156372e+00
4.741735458374e+01 1.128113079071e+01 1.761585807800e+01 7.893611907959e+01 3.753020858765e+01 4.376918029785e+01 1.187620239258e+02 1.979958343506e+02 2.353827362061e+02 4.618637390137e+02 3.636033248901e+01 4.781548690796e+01 6.927012634277e+01 5.078416061401e+01 3.306786727905e+01 1.521779346466e+01 7.153031826019e+00 3.097351455688e+01 3.983454132080e+01 6.701660156250e+00 8.724594116211e+00 8.079927444458e+00 5.962817192078e+00 3.831650495529e+00 4.096699237823e+00 3.873642444611e+00 5.013617515564e+00 7.466496944427e+00 3.462587118149e+00 2.035448312759e+00 1.886744260788e+00 2.299184560776e+00 2.446768999100e+00 2.932095766068e+00 3.383584976196e+00 3.712623119354e+00 3.623345375061e+00 3.222918510437e+00 2.589568853378e+00 1.910626530647e+00 1.362805843353e+00 1.111663818359e+00 1.083220720291e+00
1.683416938782e+01 3.450069808960e+01 8.656403541565e+00 9.595039367676e+00 8.970483398438e+01 1.163829498291e+02 8.987261199951e+01 1.275467987061e+02 1.277453384399e+02 1.862918243408e+02 2.579148254395e+02 4.623049545288e+01 6.343627548218e+01 3.843721008301e+01 2.705724525452e+01 1.532192993164e+01 6.994349956512e+00 3.712030792236e+01 5.172300338745e+00 8.044255256653e+00 2.559727478027e+01 1.135455513000e+01 9.713507652283e+00 7.367371082306e+00 7.506745338440e+00 6.444645404816e+00 6.102376937866e+00 4.274379253387e+00 2.053611755371e+00 2.318857908249e+00 1.954969525337e+00 1.869835853577e+00 1.724694609642e+00 1.652855753899e+00 1.910669207573e+00 2.166775941849e+00 2.295778036118e+00 2.300393819809e+00 2.490476846695e+00 2.453572988510e+00 2.264279603958e+00 2.077977657318e+00 1.761718034744e+00
9.982379913330e+00 1.572779178619e+01 3.866269683838e+01 3.141182136536e+01 2.250523948669e+01 2.191763496399e+01 3.330486679077e+01 5.971943664551e+01 4.128754043579e+01 6.297792816162e+01 1.427066497803e+02 3.683910522461e+02 7.374465942383e+01 3.433025360107e+01 1.556786823273e+01 4.030246734619e+00 7.896128654480e+00 1.540915584564e+01 1.961014509201e+00 5.322839260101e+00 1.220289707184e+01 2.125561141968e+01 1.064526844025e+01 8.099889755249e+00 6.391013145447e+00 4.797405719757e+00 4.684042453766e+00 5.090467929840e+00 4.466486930847e+00 3.230016946793e+00 3.395647764206e+00 1.791408658028e+00 1.717882633209e+00 1.545623302460e+00 1.581008076668e+00 1.474571347237e+00 1.779199361801e+00 1.753115773201e+00 1.713682532310e+00 1.788195252419e+00 1.883402466774e+00 2.210309267044e+00 2.366342306137e+00
6.745653152466e+00 2.779196357727e+01 5.804909133911e+01 4.756752395630e+01 1.284183216095e+01 1.342115497589e+01 1.282162952423e+01 2.522330093384e+01 3.589354753494e+00 4.295433044434e+01 8.311197662354e+01 2.035501861572e+02 5.605197906494e+01 3.852487945557e+01 4.501816940308e+01 1.229450988770e+01 1.058138084412e+01 3.928489685059e+00 1.473953485489e+00 4.922103404999e+00 1.497199630737e+01 2.240279769897e+01 1.708524131775e+01 1.163197803497e+01 8.086623191833e+00 5.093189716339e+00 6.152613639832e+00 4.547313213348e+00 4.191115856171e+00 4.170577526093e+00 3.712140321732e+00 2.960189342499e+00 2.084815740585e+00 2.154613733292e+00 2.217519998550e+00 1.642386198044e+00 1.411360859871e+00 1.561540007591e+00 1.418796062469e+00 1.388942718506e+00 1.523783683777e+00 1.481998443604e+00 1.553174495697e+00
5.806700229645e+00 1.425608825684e+01 8.584735107422e+01 1.038241806030e+02 5.454244232178e+01 9.050096511841e+00 7.373126506805e+00 1.405235671997e+01 1.325676536560e+01 1.051005840302e+01 9.057309150696e+00 3.554506683350e+01 1.782651672363e+02 1.540581970215e+02 1.574601287842e+02 2.072197341919e+01 4.176649856567e+01 1.476061248779e+01 1.159571456909e+01 4.029006576538e+01 1.197400856018e+01 7.363810729980e+01 2.289588546753e+01 9.160004615784e+00 9.269977569580e+00 4.684172630310e+00 5.816469669342e+00 4.763351917267e+00 7.093322277069e+00 5.437481403351e+00 3.116991043091e+00 2.951358318329e+00 3.536124229431e+00 4.237056732178e+00 2.849353551865e+00 2.198192358017e+00 2.169216632843e+00 2.398822784424e+00 1.549583673477e+00 1.275605440140e+00 1.335772633553e+00 1.294877648354e+00 1.236172437668e+00
6.028684139252e+00 7.118986606598e+00 7.191854000092e+00 4.059108734131e+01 2.510777473450e+01 6.442489624023e+00 5.529240131378e+00 6.985193252563e+00 6.183414459229e+00 5.948703765869e+00 4.426333904266e+00 4.793685913086e+00 1.577076530457e+01 9.386320495605e+01 2.605389709473e+02 6.837006378174e+01 5.684694290161e+01 2.510066413879e+01 1.365380382538e+01 2.875967597961e+01 1.315381336212e+01 4.160885334015e+00 4.248830795288e+00 3.250523567200e+00 4.551086425781e+00 7.569226264954e+00 7.121897220612e+00 7.102941513062e+00 4.168876647949e+00 5.788709640503e+00 6.040650844574e+00 5.265836715698e+00 7.848794460297e+00 5.134250640869e+00 2.774472475052e+00 2.422089099884e+00 2.070100784302e+00 1.750386953354e+00 2.040470123291e+00 1.350777387619e+00 1.204701066017e+00 1.318608641624e+00 1.404438376427e+00
4.150964260101e+00 6.351568698883e+00 4.177565574646e+00 4.666873455048e+00 4.461356163025e+00 5.023613452911e+00 5.078855514526e+00 4.763336658478e+00 4.505977153778e+00 3.428663015366e+00 2.930451154709e+00 2.021126031876e+00 3.368554353714e+00 9.467877960205e+01 1.479577941895e+02 1.561033325195e+02 4.342910766602e+01 4.867876052856e+01 3.541366577148e+01 1.693687057495e+01 6.564610004425e+00 3.222033262253e+00 8.793087959290e+00 8.982044219971e+00 1.171442508698e+01 1.179006004333e+01 1.104978942871e+01 1.043950462341e+01 9.893610954285e+00 9.435199737549e+00 1.004070281982e+01 1.230064773560e+01 1.051441955566e+01 4.302756309509e+00 1.752327203751e+00 2.141498565674e+00 2.345569372177e+00 1.620017290115e+00 1.393275856972e+00 9.849743843079e-01 1.146058917046e+00 1.142976999283e+00 9.070393443108e-01
