VariationalSeries/SI/f205_max.grd
DSAA
101	101
32.816463539100	34.260883539100
35.556306596100	36.727886596100
2.062230929732e-02	4.618637390137e+02
[rows 0 to 18 of 101, columns 43 to 85 of 101]
1.533537954092e-01 2.615627050400e-01 3.012717366219e-01 2.387501448393e-01 1.664405912161e-01 1.407670229673e-01 1.381606161594e-01 1.147191226482e-01 8.315753936768e-02 9.043230861425e-02 1.094598770142e-01 1.729634851217e-01 2.180521041155e-01 3.113716244698e-01 1.126453801990e-01 1.630713492632e-01 2.188596427441e-01 2.486115396023e-01 2.162912487984e-01 2.628150880337e-01 2.343985587358e-01 1.630759239197e-01 1.684242784977e-01 1.966711729765e-01 1.998220831156e-01 1.436183005571e-01 9.615299105644e-02 9.266727417707e-02 1.699958890676e-01 2.549183070660e-01 2.208707332611e-01 1.082756295800e-01 1.258210986853e-01 7.273438572884e-02 9.134300798178e-02 7.312183827162e-02 6.269793212414e-02 4.132110252976e-02 4.436869546771e-02 4.479353502393e-02 5.621112510562e-02 9.393277019262e-02 9.334475547075e-02
2.658276855946e-01 4.737507104874e-01 5.914486050606e-01 5.233130455017e-01 3.923443555832e-01 3.223880231380e-01 2.546398639679e-01 2.099346816540e-01 1.757415235043e-01 1.877416372299e-01 1.993080079556e-01 3.451619446278e-01 4.312988519669e-01 6.218771338463e-01 2.145812958479e-01 3.385153114796e-01 4.076085388660e-01 4.653142392635e-01 4.227069318295e-01 4.856982529163e-01 4.086302220821e-01 3.110231161118e-01 3.332832157612e-01 3.435436487198e-01 3.543432652950e-01 2.991072535515e-01 1.759342700243e-01 1.924785822630e-01 3.842330873013e-01 6.107740998268e-01 3.930368721485e-01 1.786239594221e-01 2.461729943752e-01 1.403451859951e-01 1.767515838146e-01 1.363688260317e-01 1.121504008770e-01 7.093685865402e-02 8.545424044132e-02 8.026582747698e-02 1.243374496698e-01 1.903000622988e-01 1.773185282946e-01
2.600997090340e-01 4.838251471519e-01 6.607570648193e-01 6.495341658592e-01 5.279308557510e-01 4.684744775295e-01 2.882351577282e-01 2.514987587929e-01 3.139429390430e-01 3.137782514095e-01 2.166568785906e-01 3.822200596333e-01 4.596037566662e-01 6.504217386246e-01 2.449574768543e-01 4.131705462933e-01 4.391047656536e-01 5.325288772583e-01 4.719085991383e-01 4.966512918472e-01 3.832034468651e-01 3.122517764568e-01 3.746918737888e-01 4.311450719833e-01 5.220803618431e-01 4.020035564899e-01 2.213081121445e-01 2.277645915747e-01 5.044757723808e-01 7.887780070305e-01 4.028649330139e-01 1.733114719391e-01 2.835250496864e-01 1.533257365227e-01 1.972431987524e-01 1.382522881031e-01 1.044242158532e-01 9.144346415997e-02 9.795656800270e-02 1.139947772026e-01 1.575673222542e-01 2.106694132090e-01 1.814725697041e-01
2.701174318790e-01 3.976107835770e-01 5.910048484802e-01 6.417461633682e-01 5.721859931946e-01 6.266843676567e-01 2.956223487854e-01 3.184484243393e-01 4.489739835262e-01 4.623241126537e-01 3.073872923851e-01 3.997240960598e-01 4.708059728146e-01 6.563335061073e-01 2.569871246815e-01 4.640890359879e-01 4.140092730522e-01 5.548154711723e-01 4.827457964420e-01 4.578095972538e-01 3.193833827972e-01 2.969070374966e-01 3.899551928043e-01 4.751953482628e-01 6.930303573608e-01 4.958820939064e-01 2.493225783110e-01 2.343009561300e-01 5.886077284813e-01 8.557319045067e-01 3.557510077953e-01 2.126138359308e-01 3.006772994995e-01 1.836936175823e-01 1.960610300303e-01 1.272500157356e-01 8.709337562323e-02 1.038074716926e-01 1.112266778946e-01 1.410665363073e-01 1.881197392941e-01 2.194364964962e-01 1.738609075546e-01
2.656666636467e-01 3.677570819855e-01 4.662840962410e-01 5.425103902817e-01 5.275999307632e-01 7.955952286720e-01 3.015784919262e-01 3.931353986263e-01 5.736145377159e-01 6.160116791725e-01 4.340923428535e-01 4.147288203239e-01 4.839923977852e-01 6.595782637596e-01 2.666235566139e-01 5.081939697266e-01 4.127939939499e-01 5.732288956642e-01 4.774430096149e-01 5.002335309982e-01 3.219517767429e-01 2.965564727783e-01 4.148480594158e-01 5.027455091476e-01 8.615399599075e-01 5.732069015503e-01 2.572130560875e-01 2.859460413456e-01 6.233937740326e-01 8.270251154900e-01 3.801935911179e-01 2.532534599304e-01 3.110629022121e-01 2.175206094980e-01 1.824701726437e-01 1.115048378706e-01 1.023034080863e-01 1.114544793963e-01 1.415543854237e-01 1.538174003363e-01 2.195451855659e-01 2.225622981787e-01 1.663499176502e-01
2.304364293814e-01 3.904116153717e-01 3.451314866543e-01 4.300284385681e-01 4.587257802486e-01 9.639374613762e-01 3.477864861488e-01 4.472800493240e-01 6.838971376419e-01 7.682274580002e-01 5.667858123779e-01 4.342741668224e-01 5.018708109856e-01 6.622751951218e-01 2.742565572262e-01 5.448096394539e-01 4.437571465969e-01 5.894700884819e-01 4.848523736000e-01 5.803504586220e-01 4.292042255402e-01 4.073908329010e-01 5.884148478508e-01 5.222086310387e-01 1.011927247047e+00 6.175066232681e-01 2.422235012054e-01 3.450264930725e-01 5.966303944588e-01 6.708269119263e-01 3.777371644974e-01 2.927134931087e-01 3.140389919281e-01 2.430449426174e-01 1.577013432980e-01 9.314769506454e-02 1.174189746380e-01 1.413542926311e-01 1.595686674118e-01 1.726424992085e-01 2.508919537067e-01 2.264475673437e-01 1.595675796270e-01
2.249697744846e-01 3.738195002079e-01 2.982198596001e-01 3.361148834229e-01 3.992037177086e-01 1.118802309036e+00 4.022161364555e-01 4.729536473751e-01 7.599453926086e-01 8.844416141510e-01 6.872538328171e-01 4.532493054867e-01 5.176664590836e-01 6.622316837311e-01 2.805893421173e-01 5.804175734520e-01 4.659312367439e-01 6.007670164108e-01 4.492851793766e-01 6.136097908020e-01 5.217192173004e-01 5.455387830734e-01 7.697258591652e-01 5.908161401749e-01 1.122082591057e+00 6.213098764420e-01 2.661766707897e-01 3.863585889339e-01 5.111551284790e-01 4.664311110973e-01 3.536518812180e-01 3.317520022392e-01 3.118350803852e-01 2.520893812180e-01 1.805429160595e-01 1.141114607453e-01 1.387623846531e-01 1.664737015963e-01 1.572410613298e-01 2.346481829882e-01 2.866720855236e-01 2.322054207325e-01 1.490202397108e-01
2.593998610973e-01 3.569234609604e-01 2.958340942860e-01 3.603110313416e-01 4.238170385361e-01 1.266131043434e+00 4.591243565083e-01 4.575715363026e-01 7.679141759872e-01 9.339134097099e-01 7.818625569344e-01 4.774528145790e-01 5.380277633667e-01 6.658585667610e-01 3.194488584995e-01 6.137953400612e-01 4.815751612186e-01 6.082190871239e-01 4.471572935581e-01 5.808638930321e-01 5.603120326996e-01 7.040024995804e-01 9.291440248489e-01 6.974306702614e-01 1.185401797295e+00 5.980658531189e-01 3.253789842129e-01 3.973272442818e-01 3.880674839020e-01 2.905378937721e-01 3.238493502140e-01 3.709748685360e-01 3.031903803349e-01 2.517462968826e-01 2.600246071815e-01 1.330990791321e-01 1.717589199543e-01 1.710236370564e-01 1.970199197531e-01 3.157286942005e-01 3.138211071491e-01 2.210382968187e-01 1.229729875922e-01
2.915152907372e-01 3.580103218555e-01 2.861592173576e-01 3.803564608097e-01 4.694238007069e-01 1.403280377388e+00 5.186774730682e-01 4.021275043488e-01 7.012626528740e-01 9.095262289047e-01 8.380307555199e-01 5.797684192657e-01 5.595505237579e-01 7.192546129227e-01 4.003690481186e-01 6.469355821609e-01 4.940507113934e-01 6.133598089218e-01 4.561367630959e-01 5.130868554115e-01 5.681433677673e-01 8.618115782738e-01 9.920322895050e-01 8.000591993332e-01 1.177490949631e+00 5.286815762520e-01 3.794552683830e-01 3.794614374638e-01 3.205205798149e-01 3.434964120388e-01 3.754440546036e-01 4.088126122952e-01 2.886136174202e-01 3.131614625454e-01 3.199502825737e-01 1.726847141981e-01 1.846266537905e-01 1.654931902885e-01 3.132250607014e-01 3.817929625511e-01 3.032660782337e-01 1.753979474306e-01 1.359887421131e-01
3.127935230732e-01 3.647457957268e-01 2.791799306870e-01 3.878386616707e-01 5.130863785744e-01 1.513792753220e+00 5.708099007607e-01 4.236165583134e-01 5.968659520149e-01 8.297455310822e-01 8.440293073654e-01 6.622908711433e-01 5.791884064674e-01 7.761226296425e-01 5.033113956451e-01 6.836566925049e-01 4.985071122646e-01 6.224420666695e-01 4.607387483120e-01 5.953151583672e-01 5.660688281059e-01 9.863149523735e-01 9.526877403259e-01 8.925603032112e-01 1.093211174011e+00 4.234797954559e-01 4.022384285927e-01 3.484578132629e-01 3.259876966476e-01 3.977457582951e-01 4.418479204178e-01 4.430920183659e-01 3.208673000336e-01 3.321831226349e-01 3.470037877560e-01 1.949855685234e-01 1.719032227993e-01 2.974954545498e-01 4.204750359058e-01 3.852090537548e-01 2.342648953199e-01 1.408484429121e-01 1.331457942724e-01
3.170107305050e-01 3.774864375591e-01 2.770517766476e-01 3.847784101963e-01 5.524550676346e-01 1.602516651154e+00 6.185202598572e-01 4.445275664330e-01 4.771547019482e-01 6.999171972275e-01 7.822646498680e-01 7.051604986191e-01 5.933727025986e-01 7.726894617081e-01 6.370289921761e-01 7.195480465889e-01 5.023362636566e-01 6.301861405373e-01 4.591639339924e-01 7.908639907837e-01 6.414468288422e-01 1.073467850685e+00 8.671287894249e-01 9.502658843994e-01 9.511392712593e-01 4.252914488316e-01 3.908882737160e-01 2.998257577419e-01 3.398095965385e-01 4.291408658028e-01 5.000022053719e-01 4.704518020153e-01 2.970566153526e-01 2.886519730091e-01 3.281027972698e-01 1.913142949343e-01 2.706018984318e-01 4.398493766785e-01 4.504503309727e-01 2.989301085472e-01 1.465439945459e-01 1.255114972591e-01 1.267671585083e-01
3.078640103340e-01 3.916997015476e-01 3.337109982967e-01 3.712189793587e-01 5.879711508751e-01 1.659191370010e+00 6.487277746201e-01 4.614149332047e-01 5.123199224472e-01 6.383534073830e-01 6.678606271744e-01 6.933025717735e-01 7.318016290665e-01 8.077456951141e-01 7.721207141876e-01 7.520805597305e-01 6.195461750031e-01 6.323914527893e-01 4.564585387707e-01 9.630603790283e-01 7.635141611099e-01 1.109598278999e+00 1.092152476311e+00 9.630700349808e-01 7.700067162514e-01 4.407704174519e-01 3.718034327030e-01 3.425541222095e-01 3.394167721272e-01 4.260268211365e-01 5.298961400986e-01 4.906331598759e-01 2.767446339130e-01 2.304415106773e-01 3.041362464428e-01 2.293679714203e-01 4.346062242985e-01 5.068318247795e-01 3.604812324047e-01 1.829670071602e-01 1.134470626712e-01 1.625997871161e-01 1.723500937223e-01
2.896933555603e-01 4.058255553246e-01 4.213749170303e-01 3.792009353638e-01 6.215631365776e-01 1.705084800720e+00 6.625607609749e-01 4.761892855167e-01 5.133160948753e-01 6.596284508705e-01 5.231361985207e-01 6.157271265984e-01 8.652984499931e-01 8.996510505676e-01 8.309866189957e-01 7.838260531425e-01 8.465345501900e-01 6.327852606773e-01 4.507629573345e-01 1.097251534462e+00 9.061082601547e-01 1.085847139359e+00 1.287998318672e+00 8.982114195824e-01 5.677694082260e-01 4.426550269127e-01 4.021278619766e-01 3.650352060795e-01 3.368947207928e-01 3.896976709366e-01 5.123926401138e-01 5.055392980576e-01 2.927275002003e-01 2.213872224092e-01 2.910450398922e-01 4.009708762169e-01 5.484973788261e-01 4.347696900368e-01 2.221749275923e-01 1.677082031965e-01 1.370349824429e-01 2.092680633068e-01 2.050067037344e-01
2.765046656132e-01 4.202129840851e-01 4.568677842617e-01 4.372102916241e-01 6.560217738152e-01 1.757419109344e+00 6.715275645256e-01 4.907163083553e-01 4.690192937851e-01 6.359574198723e-01 5.220694541931e-01 6.251306533813e-01 9.666272401810e-01 9.644802808762e-01 7.705924510956e-01 8.185596466064e-01 1.094671726227e+00 6.462549567223e-01 5.055518746376e-01 1.188947200775e+00 1.029970645905e+00 9.934952259064e-01 1.349078893661e+00 7.474393248558e-01 4.863050282001e-01 5.628719329834e-01 5.815997123718e-01 4.730504751205e-01 4.269592761993e-01 3.729534149170e-01 4.529338479042e-01 5.041480660439e-01 2.920146584511e-01 2.034898698330e-01 3.433017432690e-01 5.610641837120e-01 5.211831331253e-01 2.808391749859e-01 2.121727317572e-01 1.571152061224e-01 1.660889983177e-01 2.367364168167e-01 2.181842476130e-01
3.893668055534e-01 4.370958507061e-01 4.574064016342e-01 5.196400284767e-01 6.916748285294e-01 1.788878321648e+00 6.688023805618e-01 5.059556961060e-01 4.208356142044e-01 6.310877203941e-01 4.970138370991e-01 6.464409828186e-01 1.018082976341e+00 1.029316425323e+00 7.058729529381e-01 8.545184135437e-01 1.302145004272e+00 6.554620265961e-01 6.469233036041e-01 1.265939235687e+00 1.097206473351e+00 9.440816640854e-01 1.296943306923e+00 5.778905749321e-01 4.490364193916e-01 6.741676926613e-01 7.383965849876e-01 5.453735589981e-01 4.347755908966e-01 3.377796411514e-01 4.692749977112e-01 4.850413203239e-01 2.762869000435e-01 2.744792103767e-01 5.339871644974e-01 6.024336814880e-01 3.633585274220e-01 1.891120821238e-01 2.182817459106e-01 1.685014963150e-01 1.901139616966e-01 2.526600062847e-01 2.986184060574e-01
4.835949242115e-01 6.454148888588e-01 5.079290270805e-01 6.381525993347e-01 7.186158895493e-01 1.798218965530e+00 6.494334340096e-01 5.232841968536e-01 4.451321065426e-01 6.465244889259e-01 5.489890575409e-01 6.705237627029e-01 1.066089749336e+00 1.092369794846e+00 6.817393302917e-01 8.792451024055e-01 1.474858522415e+00 6.580707430840e-01 7.672162652016e-01 1.329874634743e+00 1.087952017784e+00 8.632651567459e-01 1.122103929520e+00 5.909459590912e-01 5.691523551941e-01 7.754967808723e-01 7.952201366425e-01 4.911960363388e-01 4.582055807114e-01 3.763460814953e-01 5.266258120537e-01 4.506407380104e-01 2.457385957241e-01 4.801144003868e-01 6.472346186638e-01 4.655835926533e-01 2.593370079994e-01 1.833157092333e-01 2.200397253036e-01 1.922303736210e-01 2.698058485985e-01 3.514578938484e-01 3.499176204205e-01
5.715609788895e-01 8.499031066895e-01 8.037608861923e-01 5.899718999863e-01 7.336624264717e-01 1.783302307129e+00 6.248546242714e-01 5.515288114548e-01 4.671859145164e-01 6.560109853745e-01 6.066786050797e-01 7.297309041023e-01 1.123462319374e+00 1.154472947121e+00 6.267346143723e-01 9.046118259430e-01 1.597845792770e+00 8.401556611061e-01 8.435665965080e-01 1.377334594727e+00 1.003391861916e+00 6.894749999046e-01 8.719119429588e-01 5.467450022697e-01 6.631643176079e-01 7.762944698334e-01 7.337849140167e-01 4.794854521751e-01 5.269883275032e-01 4.447441399097e-01 5.713528990746e-01 3.986066281796e-01 4.107074737549e-01 6.479898095131e-01 5.706980824471e-01 3.977240622044e-01 2.217622399330e-01 1.997972130775e-01 2.471163272858e-01 2.582075297832e-01 3.764424622059e-01 3.861624300480e-01 3.215097188950e-01
7.487784028053e-01 1.019479870796e+00 1.100970625877e+00 8.209830522537e-01 7.371911406517e-01 1.727012157440e+00 6.489849686623e-01 5.879831910133e-01 4.860243201256e-01 6.570075750351e-01 6.655332446098e-01 9.935955405235e-01 1.170777559280e+00 1.223569869995e+00 6.209927201271e-01 9.211388230324e-01 1.669686913490e+00 1.066977977753e+00 8.686905503273e-01 1.412310123444e+00 8.488203287125e-01 6.109225749969e-01 6.835411190987e-01 5.407841801643e-01 6.220685839653e-01 6.946222782135e-01 5.428727865219e-01 5.530539155006e-01 6.116046309471e-01 5.042744278908e-01 5.906948447227e-01 3.545343875885e-01 6.125899553299e-01 6.441394090652e-01 5.708024501801e-01 3.598660230637e-01 2.381515204906e-01 2.447319179773e-01 2.956868708134e-01 3.744811415672e-01 4.185203909874e-01 3.369837701321e-01 2.499852031469e-01
8.310062289238e-01 1.127681612968e+00 1.335391998291e+00 1.142389655113e+00 8.248399496078e-01 1.629584550858e+00 6.952120661736e-01 6.772006750107e-01 6.319408416748e-01 6.546140909195e-01 7.334505915642e-01 1.197250127792e+00 1.258734583855e+00 1.300048351288e+00 6.888657808304e-01 9.345123767853e-01 1.699959754944e+00 1.301248788834e+00 8.442156314850e-01 1.416589736938e+00 6.574987173080e-01 6.588721871376e-01 6.681954264641e-01 5.487959384918e-01 5.830597281456e-01 5.295875072479e-01 4.278755784035e-01 6.410780549049e-01 6.674003601074e-01 5.205708146095e-01 5.858377218246e-01 5.753864049911e-01 6.827918887138e-01 4.835049808025e-01 6.082784533501e-01 4.093718230724e-01 2.920383512974e-01 3.156820833683e-01 3.551111221313e-01 4.195850491524e-01 3.465729951859e-01 2.599227726460e-01 1.818334907293e-01
