VariationalSeries/SI/f21_max.grd
DSAA
101	101
32.816463539100	34.260883539100
35.556306596100	36.727886596100
5.011766916141e-04	1.965670776367e+01
[rows 0 to 18 of 101, columns 0 to 42 of 101]
2.837154082954e-03 5.089927930385e-03 4.559579771012e-03 2.777985529974e-03 2.230757381767e-03 2.983339130878e-03 5.917444825172e-03 8.176085539162e-03 7.209033239633e-03 4.200309980661e-03 3.100047353655e-03 3.619523486122e-03 3.887911792845e-03 3.785712178797e-03 3.259222256020e-03 2.947053406388e-03 4.486548248678e-03 5.296675488353e-03 3.867471357808e-03 3.363188821822e-03 5.169579759240e-03 7.115980610251e-03 7.281901780516e-03 4.979250952601e-03 3.119102446362e-03 3.758587874472e-03 6.165656726807e-03 7.036385592073e-03 8.954565040767e-03 7.192000746727e-03 4.776539746672e-03 4.442328121513e-03 3.811215050519e-03 2.988358261064e-03 2.170137362555e-03 2.327812602744e-03 2.530953148380e-03 3.176782978699e-03 4.463310819119e-03 4.996671341360e-03 4.177451133728e-03 4.278791137040e-03 4.133652430028e-03
5.268947221339e-03 9.975313208997e-03 9.877501055598e-03 6.991748698056e-03 4.917154088616e-03 5.792602431029e-03 1.144630182534e-02 1.569277979434e-02 1.367837656289e-02 7.768428418785e-03 5.472016520798e-03 6.333248224109e-03 6.742588710040e-03 6.449704524130e-03 5.451283417642e-03 4.455521237105e-03 7.137002423406e-03 9.489309042692e-03 8.733411319554e-03 5.510447546840e-03 8.569516241550e-03 1.255664043128e-02 1.423487067223e-02 1.084147766232e-02 5.976800341159e-03 7.374272216111e-03 1.038671191782e-02 1.185848191381e-02 1.707852259278e-02 1.338006556034e-02 7.794290315360e-03 6.989267189056e-03 9.040879085660e-03 5.197206512094e-03 4.061785992235e-03 4.409105051309e-03 5.042579025030e-03 7.126300595701e-03 8.952056057751e-03 8.777797222137e-03 6.471392698586e-03 7.722843904048e-03 8.548969402909e-03
5.205606110394e-03 1.070167869329e-02 1.209033653140e-02 1.046601403505e-02 6.828671786934e-03 6.744537502527e-03 1.336332783103e-02 1.799709536135e-02 1.518143992871e-02 8.101201616228e-03 7.153850980103e-03 8.127236738801e-03 8.428147062659e-03 7.804173510522e-03 6.420281715691e-03 5.220778286457e-03 4.816939588636e-03 7.221710402519e-03 8.354339748621e-03 6.897646002471e-03 1.155975088477e-02 1.711273007095e-02 1.675938442349e-02 1.510132662952e-02 9.597771801054e-03 9.215448983014e-03 9.488374926150e-03 1.087335310876e-02 1.998589560390e-02 1.502714399248e-02 7.592385169119e-03 6.440179422498e-03 1.234616059810e-02 6.666950415820e-03 5.117173772305e-03 5.861783865839e-03 8.535293862224e-03 1.044328790158e-02 1.087569445372e-02 8.755495771766e-03 6.259547080845e-03 7.154615595937e-03 9.565428830683e-03
4.482093732804e-03 9.672870859504e-03 1.233187969774e-02 1.270651165396e-02 1.032158825547e-02 6.989441346377e-03 1.413132250309e-02 1.864680275321e-02 1.487314887345e-02 7.053414359689e-03 8.236870169640e-03 9.110791608691e-03 9.061185643077e-03 8.037069812417e-03 6.366937421262e-03 5.368425045162e-03 5.131766665727e-03 4.584769252688e-03 5.616325419396e-03 8.999732322991e-03 1.932342350483e-02 2.169651910663e-02 1.681769266725e-02 1.809694245458e-02 1.400497741997e-02 9.695813991129e-03 9.200878441334e-03 9.581048041582e-03 2.015436813235e-02 1.468609739095e-02 8.198013529181e-03 6.960673257709e-03 1.423162408173e-02 7.685452234000e-03 6.759678944945e-03 9.525383822620e-03 1.172008924186e-02 1.177299860865e-02 9.895034134388e-03 8.039306849241e-03 8.306819945574e-03 7.229376584291e-03 8.756134659052e-03
4.555605817586e-03 9.298644959927e-03 1.099003758281e-02 1.314867939800e-02 1.267936453223e-02 9.059561416507e-03 1.460787467659e-02 1.890414208174e-02 1.418094802648e-02 7.792224641889e-03 9.148148819804e-03 9.708220139146e-03 9.172582998872e-03 8.722209371626e-03 8.099270984530e-03 6.964556872845e-03 5.836622323841e-03 5.024523008615e-03 8.415069431067e-03 1.640729978681e-02 2.678859047592e-02 2.378405444324e-02 1.563934423029e-02 1.960552856326e-02 1.819002814591e-02 1.345528848469e-02 8.753174915910e-03 9.643234312534e-03 1.921799965203e-02 1.393591240048e-02 9.706070646644e-03 7.899923250079e-03 1.518604531884e-02 8.275383152068e-03 1.073683425784e-02 1.277894340456e-02 1.282375771552e-02 1.040952838957e-02 8.393942378461e-03 8.297410793602e-03 1.034658774734e-02 9.683636017144e-03 6.924937013537e-03
4.985146690160e-03 9.686703793705e-03 1.049873419106e-02 1.167453080416e-02 1.301976945251e-02 1.092696189880e-02 1.481143105775e-02 1.861361227930e-02 1.303449273109e-02 8.913879282773e-03 9.961591102183e-03 9.979141876101e-03 1.040722895414e-02 1.015854161233e-02 9.291540831327e-03 7.768696639687e-03 6.454261485487e-03 5.971615668386e-03 1.317820418626e-02 2.312877215445e-02 3.102687746286e-02 2.346099913120e-02 1.367901638150e-02 1.948899403214e-02 2.109324932098e-02 1.806250587106e-02 1.344572845846e-02 1.295105367899e-02 1.924446783960e-02 1.566324196756e-02 9.800880216062e-03 8.232167921960e-03 1.760496385396e-02 1.159182190895e-02 1.369627751410e-02 1.344859413803e-02 1.106361299753e-02 8.980738930404e-03 8.484141901135e-03 1.161709241569e-02 1.335315592587e-02 1.128496695310e-02 6.373767275363e-03
5.048509687185e-03 1.012278534472e-02 1.194643694907e-02 1.149838324636e-02 1.131496578455e-02 1.102515589446e-02 1.481035817415e-02 1.811814680696e-02 1.221297215670e-02 1.078419759870e-02 1.056215353310e-02 1.104214135557e-02 1.126140262932e-02 1.062947511673e-02 9.291918948293e-03 7.591805420816e-03 6.407919339836e-03 9.286980144680e-03 1.741429418325e-02 2.731391787529e-02 3.205837681890e-02 2.144685573876e-02 1.299774367362e-02 2.085155993700e-02 2.169567160308e-02 2.126187458634e-02 1.767664030194e-02 2.266179397702e-02 3.194119408727e-02 2.010695636272e-02 1.088143698871e-02 9.615414775908e-03 1.933530718088e-02 1.367158442736e-02 1.360446773469e-02 1.121445465833e-02 9.322552941740e-03 8.559706620872e-03 1.242134906352e-02 1.540136337280e-02 1.548206526786e-02 1.138810720295e-02 7.426647003740e-03
4.939302336425e-03 1.001173816621e-02 1.272842194885e-02 1.339963916689e-02 1.242278981954e-02 1.030149962753e-02 1.483673229814e-02 1.802503503859e-02 1.381620112807e-02 1.397136691958e-02 1.086029782891e-02 1.157255377620e-02 1.134543959051e-02 1.027133595198e-02 8.495537564158e-03 6.882138084620e-03 6.339467130601e-03 1.198646705598e-02 2.089970186353e-02 2.940625324845e-02 3.150921687484e-02 1.933562755585e-02 1.332079246640e-02 2.289360575378e-02 2.006485685706e-02 2.235454320908e-02 2.071704342961e-02 3.358032926917e-02 4.404162615538e-02 2.379330620170e-02 1.191345322877e-02 1.008503977209e-02 1.909469813108e-02 1.261316891760e-02 1.369248609990e-02 9.736430831254e-03 8.455296047032e-03 1.234481949359e-02 1.627207733691e-02 1.759619265795e-02 1.531453337520e-02 1.246892288327e-02 8.644388988614e-03
4.614906385541e-03 9.418971836567e-03 1.248826365918e-02 1.416059024632e-02 1.445753592998e-02 1.278560236096e-02 1.488386280835e-02 1.813194528222e-02 1.412265188992e-02 1.625145785511e-02 1.328179892153e-02 1.158107258379e-02 1.084674056619e-02 9.264046326280e-03 9.398898109794e-03 9.413728490472e-03 9.023188613355e-03 1.393680460751e-02 2.256845869124e-02 2.877750433981e-02 2.863099798560e-02 1.691135391593e-02 1.236466597766e-02 2.182851731777e-02 1.936005614698e-02 2.083173952997e-02 2.123419940472e-02 4.285366460681e-02 5.101288855076e-02 2.644984982908e-02 1.079270429909e-02 9.705689735711e-03 1.938353665173e-02 1.271863002330e-02 1.504095923156e-02 1.151397731155e-02 1.282604504377e-02 1.674160733819e-02 1.917965710163e-02 1.772467978299e-02 1.298963837326e-02 1.448127254844e-02 9.983806870878e-03
5.424387287349e-03 9.567392058671e-03 1.130968797952e-02 1.356251630932e-02 1.520671788603e-02 1.496632955968e-02 1.508895959705e-02 1.831460744143e-02 1.337188109756e-02 1.717401109636e-02 1.640373840928e-02 1.128677185625e-02 1.131842937320e-02 1.240858901292e-02 1.309934724122e-02 1.341886352748e-02 1.318897586316e-02 1.549957226962e-02 2.270598523319e-02 2.650965377688e-02 2.483759447932e-02 1.457894314080e-02 1.128250639886e-02 1.898428797722e-02 1.859728805721e-02 1.713468879461e-02 1.905946992338e-02 4.821967333555e-02 5.398093909025e-02 2.762282453477e-02 1.120729278773e-02 1.084079127759e-02 2.101260423660e-02 1.262504048645e-02 1.540468633175e-02 1.400420814753e-02 1.801461353898e-02 2.013047225773e-02 1.960190199316e-02 1.534174196422e-02 1.034945342690e-02 1.569315791130e-02 1.113182026893e-02
5.506395827979e-03 1.101564057171e-02 1.139314100146e-02 1.191174704581e-02 1.433935575187e-02 1.585020497441e-02 1.510258764029e-02 1.821123249829e-02 1.251517236233e-02 1.677154935896e-02 1.852642372251e-02 1.509772520512e-02 1.457959972322e-02 1.550368499011e-02 1.606798917055e-02 1.642270758748e-02 1.647001877427e-02 2.020933106542e-02 2.822334133089e-02 2.974199503660e-02 2.485657297075e-02 1.825031079352e-02 1.268469542265e-02 1.609307900071e-02 1.662512682378e-02 1.635344140232e-02 1.547651458532e-02 5.044087395072e-02 5.495576187968e-02 2.724537998438e-02 1.232647895813e-02 1.116794720292e-02 2.057883702219e-02 1.275996677577e-02 1.622836291790e-02 1.956486329436e-02 2.169010788202e-02 2.061871439219e-02 1.701488159597e-02 1.450661569834e-02 1.335397828370e-02 1.519589871168e-02 1.206621434540e-02
4.721205681562e-03 9.917015209794e-03 1.185654662549e-02 1.244523935020e-02 1.223315391690e-02 1.484851352870e-02 1.595861651003e-02 1.770316995680e-02 1.236218586564e-02 1.535993535072e-02 1.918196864426e-02 1.857002824545e-02 1.679624430835e-02 1.757772266865e-02 1.801075227559e-02 1.824264042079e-02 1.833493448794e-02 2.668787725270e-02 3.637224435806e-02 3.756948933005e-02 3.217350691557e-02 2.508969046175e-02 1.829099655151e-02 1.357183884829e-02 1.689159497619e-02 1.676294021308e-02 1.642683893442e-02 4.809041321278e-02 4.845662415028e-02 2.492707222700e-02 1.407698821276e-02 1.494082994759e-02 1.904505491257e-02 1.982058025897e-02 2.231593616307e-02 2.314936928451e-02 2.205549553037e-02 1.765620335937e-02 1.978415623307e-02 2.344595268369e-02 1.590863056481e-02 1.397581212223e-02 1.386731956154e-02
3.466269001365e-03 7.582385092974e-03 9.981499984860e-03 1.177737023681e-02 1.293172501028e-02 1.297752652317e-02 1.565056294203e-02 1.687593571842e-02 1.381295360625e-02 1.444925833493e-02 1.837245747447e-02 2.075212821364e-02 1.744468696415e-02 1.792110502720e-02 1.817478053272e-02 1.836168393493e-02 1.866371557117e-02 2.920365706086e-02 3.936392813921e-02 3.998603299260e-02 3.440319001675e-02 2.793912589550e-02 2.184364385903e-02 1.604815013707e-02 2.289586141706e-02 2.198063023388e-02 1.829701662064e-02 4.172667115927e-02 3.805724903941e-02 2.127792127430e-02 2.261588163674e-02 2.530368790030e-02 2.483529411256e-02 2.594098821282e-02 2.555592358112e-02 2.312714233994e-02 2.053467743099e-02 1.927706785500e-02 1.951650157571e-02 3.118367306888e-02 2.091670408845e-02 1.512021664530e-02 1.656215824187e-02
4.463647957891e-03 7.968082092702e-03 7.838334888220e-03 9.221935644746e-03 1.123065687716e-02 1.278935279697e-02 1.344698481262e-02 1.570187509060e-02 1.510677859187e-02 1.545372046530e-02 1.655860804021e-02 2.112551592290e-02 2.103936485946e-02 1.638621464372e-02 1.619854383171e-02 1.636936143041e-02 1.702967844903e-02 2.665044367313e-02 3.520276024938e-02 3.626122325659e-02 3.250687196851e-02 2.761385589838e-02 2.291208319366e-02 1.878175884485e-02 2.272290550172e-02 2.339262887836e-02 2.050520665944e-02 3.407937660813e-02 2.783771976829e-02 1.982450485229e-02 2.671222575009e-02 3.002368845046e-02 2.954549156129e-02 2.801900357008e-02 2.391059882939e-02 2.036533132195e-02 1.895752735436e-02 1.746099814773e-02 1.581912674010e-02 3.280188888311e-02 3.124525956810e-02 1.595290750265e-02 1.867414265871e-02
5.194015800953e-03 9.687724523246e-03 9.874851442873e-03 9.803465567529e-03 9.623243473470e-03 1.018451340497e-02 1.193509157747e-02 1.444997172803e-02 1.506301760674e-02 1.529878750443e-02 1.559777278453e-02 1.975437439978e-02 2.297635376453e-02 1.967102102935e-02 1.362355612218e-02 1.361352391541e-02 1.428506895900e-02 2.094292268157e-02 2.690228633583e-02 2.831626869738e-02 2.652021870017e-02 2.399571426213e-02 2.145088091493e-02 1.944238692522e-02 1.800554804504e-02 1.943370327353e-02 1.893047988415e-02 2.627521939576e-02 2.045504748821e-02 2.234764397144e-02 2.885414287448e-02 3.187120705843e-02 3.029990196228e-02 2.486392855644e-02 1.788730546832e-02 2.126794680953e-02 1.705503091216e-02 1.788247749209e-02 1.728591695428e-02 2.724355272949e-02 4.091811180115e-02 1.843685470521e-02 1.904963143170e-02
5.411997903138e-03 1.066312380135e-02 1.184459123760e-02 1.137497462332e-02 1.099681761116e-02 1.189600676298e-02 1.206000242382e-02 1.312002539635e-02 1.538361050189e-02 1.541909296066e-02 1.430266071111e-02 1.722644455731e-02 2.256575785577e-02 2.330373041332e-02 1.695278286934e-02 1.317666284740e-02 1.223541796207e-02 2.007544040680e-02 1.939625106752e-02 2.014718204737e-02 1.979604922235e-02 1.857490092516e-02 1.797215268016e-02 1.813895255327e-02 1.750042475760e-02 1.615743525326e-02 2.348276972771e-02 2.569228783250e-02 2.586100809276e-02 2.538654021919e-02 3.006167337298e-02 3.040151298046e-02 2.518075145781e-02 2.375350147486e-02 1.507002860308e-02 2.525614574552e-02 2.253964170814e-02 2.076877467334e-02 1.773037575185e-02 1.936480589211e-02 4.615442454815e-02 2.759523503482e-02 2.099152654409e-02
6.639515515417e-03 1.152769383043e-02 1.304661296308e-02 1.321368757635e-02 1.246835011989e-02 1.079806778580e-02 1.208823546767e-02 1.346178073436e-02 1.455077622086e-02 1.645585894585e-02 1.657624915242e-02 1.641546376050e-02 2.045980095863e-02 2.474723570049e-02 2.220437861979e-02 1.509928423911e-02 1.537001971155e-02 2.085222676396e-02 2.100782282650e-02 1.722674071789e-02 1.358330994844e-02 1.387116499245e-02 1.490857824683e-02 1.538809947670e-02 1.546757854521e-02 1.743999868631e-02 2.576963603497e-02 2.557696029544e-02 2.590667083859e-02 2.737534046173e-02 2.886366471648e-02 2.931033447385e-02 3.053198568523e-02 2.669372782111e-02 1.803583279252e-02 2.844029664993e-02 2.513294853270e-02 2.073948644102e-02 1.559435576200e-02 1.357985008508e-02 4.434449225664e-02 4.044991731644e-02 2.278333902359e-02
7.629912346601e-03 1.412523072213e-02 1.538090407848e-02 1.403930783272e-02 1.427093707025e-02 1.395103987306e-02 1.144580449909e-02 1.061706990004e-02 1.293460372835e-02 1.643182523549e-02 2.057558298111e-02 2.140160091221e-02 1.901765726507e-02 2.387033589184e-02 2.568186074495e-02 1.943209953606e-02 1.685749925673e-02 2.109206654131e-02 2.209165506065e-02 1.904190704226e-02 1.494613103569e-02 1.377062778920e-02 1.199718005955e-02 1.340672839433e-02 1.449206005782e-02 1.826999336481e-02 2.233482524753e-02 2.131221257150e-02 2.147186547518e-02 2.311271801591e-02 2.656451240182e-02 3.042059205472e-02 3.321074321866e-02 2.772913128138e-02 2.078534848988e-02 3.144723176956e-02 2.429153025150e-02 1.889133453369e-02 1.514462195337e-02 1.327899750322e-02 3.592577576637e-02 5.365115031600e-02 2.396777272224e-02
7.558412849903e-03 1.487765833735e-02 1.784963905811e-02 1.701597496867e-02 1.535196788609e-02 1.603939197958e-02 1.514586154372e-02 1.204215642065e-02 1.244406029582e-02 1.558995712548e-02 2.005814760923e-02 2.242262475193e-02 2.102239429951e-02 2.129072137177e-02 2.648090198636e-02 2.480175346136e-02 1.770630665123e-02 2.111965231597e-02 2.304551564157e-02 2.028868347406e-02 1.637287624180e-02 1.791204698384e-02 1.653777435422e-02 1.516126934439e-02 1.399802509695e-02 1.662311144173e-02 1.753176376224e-02 1.725643500686e-02 1.660823822021e-02 2.280154079199e-02 2.516621723771e-02 3.020148910582e-02 3.132288902998e-02 2.783703617752e-02 2.325263060629e-02 3.039464913309e-02 2.149220556021e-02 1.726889237761e-02 1.711442694068e-02 1.525061484426e-02 2.490665949881e-02 6.230713054538e-02 2.442364580929e-02
