VariationalSeries/SI/f21_max.grd
DSAA
101	101
32.816463539100	34.260883539100
35.556306596100	36.727886596100
5.011766916141e-04	1.965670776367e+01
[rows 0 to 18 of 101, columns 43 to 85 of 101]
4.626701585948e-03 7.998287677765e-03 9.404614567757e-03 7.632776629180e-03 5.435185041279e-03 7.169791031629e-03 8.617862127721e-03 4.641075152904e-03 3.921667113900e-03 6.828411947936e-03 1.036026608199e-02 1.225054729730e-02 1.222434546798e-02 1.013754215091e-02 7.628800347447e-03 4.950848408043e-03 5.605511367321e-03 6.385639309883e-03 4.963784944266e-03 4.636530298740e-03 5.377243738621e-03 5.604004487395e-03 7.134947925806e-03 8.913882076740e-03 8.542934432626e-03 6.146023049951e-03 5.199812352657e-03 4.825335927308e-03 4.590305499732e-03 4.016852471977e-03 3.794207936153e-03 3.125136950985e-03 2.877230290323e-03 2.751607215032e-03 2.699273871258e-03 2.559350803494e-03 2.326543442905e-03 2.010203432292e-03 1.746957306750e-03 1.552792033181e-03 1.394008169882e-03 1.517541939393e-03 2.113674068823e-03
8.023767732084e-03 1.447166223079e-02 1.843480020761e-02 1.669527404010e-02 1.277344115078e-02 1.305673364550e-02 1.648358441889e-02 8.985948748887e-03 8.626141585410e-03 1.110659260303e-02 1.842574588954e-02 2.274544537067e-02 2.270941622555e-02 1.845072396100e-02 1.322994660586e-02 8.936409838498e-03 1.048221066594e-02 1.183467824012e-02 9.353793226182e-03 8.839452639222e-03 9.989284910262e-03 1.020328793675e-02 1.343808602542e-02 1.685486175120e-02 1.538615673780e-02 1.091271732002e-02 9.578173048794e-03 9.105104953051e-03 8.715122938156e-03 7.919848896563e-03 7.082311436534e-03 6.172185298055e-03 5.320993717760e-03 5.067807622254e-03 4.718902520835e-03 4.342128522694e-03 3.942621871829e-03 3.470156574622e-03 3.056253073737e-03 2.713211346418e-03 2.373395953327e-03 3.349070204422e-03 4.189281724393e-03
1.104725338519e-02 1.474342402071e-02 2.053498663008e-02 2.064570970833e-02 1.711748726666e-02 1.558249257505e-02 1.864010095596e-02 1.082764100283e-02 1.443519536406e-02 1.500730123371e-02 1.925308629870e-02 2.581010013819e-02 2.549754641950e-02 1.956498809159e-02 1.306670531631e-02 9.991769678891e-03 1.231528818607e-02 1.374491956085e-02 1.005537714809e-02 1.082703657448e-02 1.185478456318e-02 1.208768039942e-02 1.518612075597e-02 1.847941987216e-02 1.581844687462e-02 1.174864266068e-02 1.084318663925e-02 1.016855891794e-02 9.677011519670e-03 9.481069631875e-03 9.025542996824e-03 7.486845366657e-03 6.217861548066e-03 5.513795185834e-03 5.007127299905e-03 4.636307246983e-03 4.270426928997e-03 3.833057126030e-03 3.379049478099e-03 2.925908891484e-03 2.684370381758e-03 4.268180113286e-03 4.618335515261e-03
1.270927861333e-02 1.467306166887e-02 1.834422349930e-02 2.035987377167e-02 1.850868202746e-02 2.084942534566e-02 1.938322186470e-02 1.419224496931e-02 2.004306577146e-02 2.117504179478e-02 1.745581440628e-02 2.638414129615e-02 2.555705979466e-02 1.797671988606e-02 1.125125400722e-02 1.045858301222e-02 1.293763983995e-02 1.427007187158e-02 9.987466037273e-03 1.184701919556e-02 1.242093648762e-02 1.260710973293e-02 1.600494422019e-02 1.856053993106e-02 1.483471505344e-02 1.193410530686e-02 1.086435280740e-02 9.979650378227e-03 9.803798981011e-03 9.983806870878e-03 9.911659173667e-03 8.405413478613e-03 6.297866348177e-03 5.316330119967e-03 4.814455751330e-03 4.475983791053e-03 4.108631983399e-03 3.658676054329e-03 3.148621413857e-03 2.660367637873e-03 3.689005039632e-03 4.832250531763e-03 4.495550412685e-03
1.250608731061e-02 1.757005974650e-02 1.446970086545e-02 1.721853576601e-02 1.708086393774e-02 2.648385241628e-02 2.000317908823e-02 1.729008741677e-02 2.523179911077e-02 2.759922668338e-02 1.938850060105e-02 2.598735503852e-02 2.437047101557e-02 1.573396660388e-02 1.167278364301e-02 1.076295133680e-02 1.369360927492e-02 1.450579520315e-02 1.047666370869e-02 1.251484546810e-02 1.262217387557e-02 1.433922536671e-02 1.732012815773e-02 1.831316575408e-02 1.402161270380e-02 1.262770406902e-02 1.024051569402e-02 9.990205988288e-03 9.679221548140e-03 9.959409944713e-03 1.034604758024e-02 9.170580655336e-03 6.984677165747e-03 5.418932531029e-03 4.687637556344e-03 4.325376823545e-03 3.760284045711e-03 3.310985397547e-03 2.866311231628e-03 2.819658024237e-03 4.620056599379e-03 5.050217267126e-03 4.125792533159e-03
1.087670400739e-02 1.868408732116e-02 1.422738935798e-02 1.574722863734e-02 1.491372101009e-02 3.212442249060e-02 2.086530998349e-02 1.957581564784e-02 2.986086532474e-02 3.404404222965e-02 2.494427189231e-02 2.386603318155e-02 2.191416732967e-02 1.364293694496e-02 1.297116838396e-02 1.120314933360e-02 1.495066750795e-02 1.450003311038e-02 1.154776941985e-02 1.285044942051e-02 1.311756577343e-02 1.758754998446e-02 2.079098299146e-02 1.966887153685e-02 1.558719947934e-02 1.297516562045e-02 1.020711753517e-02 9.493612684309e-03 9.117765352130e-03 9.486171416938e-03 1.028653420508e-02 9.776055812836e-03 7.498301565647e-03 5.548154469579e-03 4.835383035243e-03 4.388772416860e-03 3.549348330125e-03 3.128123003989e-03 2.812010468915e-03 3.940598107874e-03 5.272991023958e-03 4.918052814901e-03 3.633533604443e-03
1.011040713638e-02 1.796721294522e-02 1.431729178876e-02 1.638741977513e-02 1.568484306335e-02 3.734830394387e-02 2.200423553586e-02 2.072311751544e-02 3.313927724957e-02 3.909343108535e-02 3.016211278737e-02 1.957810111344e-02 1.861050911248e-02 1.368001382798e-02 1.317166630179e-02 1.244297157973e-02 1.601950637996e-02 1.435773726553e-02 1.226995047182e-02 1.297280192375e-02 1.527183502913e-02 1.998108997941e-02 2.319474145770e-02 2.134020626545e-02 1.747953705490e-02 1.348042674363e-02 9.687512181699e-03 8.899813517928e-03 8.672776632011e-03 9.237665683031e-03 1.035575103015e-02 1.031823363155e-02 8.075345307589e-03 6.810639519244e-03 6.866260897368e-03 4.325259011239e-03 3.356365021318e-03 3.013715846464e-03 3.133273683488e-03 4.951030947268e-03 5.507650785148e-03 4.506816156209e-03 3.099480178207e-03
1.150738913566e-02 1.724908314645e-02 1.388795673847e-02 1.702047511935e-02 1.668364368379e-02 4.232423007488e-02 2.327167242765e-02 2.011862024665e-02 3.364913538098e-02 4.142305627465e-02 3.440217301250e-02 2.064826153219e-02 1.634469069541e-02 1.502219960093e-02 1.336364727467e-02 1.392259821296e-02 1.704493165016e-02 1.409606542438e-02 1.274549216032e-02 1.302305515856e-02 1.663435064256e-02 2.119260840118e-02 2.385739795864e-02 2.138588577509e-02 1.882460713387e-02 1.337347459048e-02 8.969604037702e-03 8.275543339550e-03 8.316881954670e-03 9.257299825549e-03 1.069229934365e-02 1.086364407092e-02 8.625926449895e-03 9.253194555640e-03 9.716250933707e-03 4.287273157388e-03 3.317423863336e-03 2.962965518236e-03 4.411406349391e-03 5.689544137567e-03 5.343977361917e-03 3.970046527684e-03 2.589639043435e-03
1.281487662345e-02 1.737674511969e-02 1.382363960147e-02 1.755755394697e-02 1.820429414511e-02 4.694965854287e-02 2.452246844769e-02 1.785021275282e-02 3.109819069505e-02 4.075182601810e-02 3.708121553063e-02 2.536310441792e-02 1.613342948258e-02 1.639974676073e-02 1.555416546762e-02 1.449160464108e-02 1.835147477686e-02 1.443840097636e-02 1.313359942287e-02 1.426264271140e-02 1.753122545779e-02 2.089711837471e-02 2.273286879063e-02 1.968667469919e-02 1.963295042515e-02 1.288110483438e-02 8.463441394269e-03 8.687173947692e-03 8.706565946341e-03 9.786684066057e-03 1.125610992312e-02 1.134731620550e-02 1.041776128113e-02 1.144328713417e-02 1.188770309091e-02 5.150455981493e-03 3.344291821122e-03 3.852010937408e-03 5.526631604880e-03 5.928995553404e-03 4.886159673333e-03 3.371817758307e-03 2.462407108396e-03
1.368737500161e-02 1.777635887265e-02 1.374239753932e-02 1.808980479836e-02 1.985773816705e-02 5.063544586301e-02 2.600166387856e-02 1.558164134622e-02 2.697729878128e-02 3.778040781617e-02 3.764510154724e-02 2.919716201723e-02 2.053547091782e-02 1.772218197584e-02 1.807618699968e-02 1.536756753922e-02 1.929867453873e-02 1.473741605878e-02 1.334964297712e-02 1.517660450190e-02 1.727104187012e-02 1.950971782207e-02 2.011371776462e-02 1.706013455987e-02 1.999698765576e-02 1.225385721773e-02 8.932921104133e-03 9.762472473085e-03 8.725927211344e-03 9.944168850780e-03 1.151116471738e-02 1.140280719846e-02 1.154213119298e-02 1.216905377805e-02 1.291963458061e-02 5.671270657331e-03 4.315353464335e-03 5.315813235939e-03 6.257835309952e-03 5.776794627309e-03 4.308560863137e-03 2.820435911417e-03 2.521491143852e-03
1.383911818266e-02 1.846910826862e-02 1.368856709450e-02 1.860670372844e-02 2.159909531474e-02 5.359364300966e-02 2.780005522072e-02 1.548129040748e-02 2.220408245921e-02 3.262024000287e-02 3.522630408406e-02 3.129398077726e-02 2.537261694670e-02 2.029445581138e-02 2.075930684805e-02 1.667258888483e-02 2.360356971622e-02 1.741719804704e-02 1.374123711139e-02 1.869108155370e-02 2.131034806371e-02 2.166168019176e-02 1.714477501810e-02 1.912877522409e-02 1.958534680307e-02 1.113475859165e-02 9.975639171898e-03 1.084216870368e-02 1.009929180145e-02 1.083996891975e-02 1.128570828587e-02 1.114106364548e-02 1.077272742987e-02 1.070985943079e-02 1.235774345696e-02 5.733560305089e-03 5.153554491699e-03 6.543293129653e-03 6.448512896895e-03 5.302971228957e-03 3.700808156282e-03 2.656386001036e-03 3.172915196046e-03
1.345612760633e-02 1.923457533121e-02 1.791445538402e-02 1.903148926795e-02 2.339069172740e-02 5.547311529517e-02 2.960888668895e-02 1.628276519477e-02 1.747159846127e-02 2.618917636573e-02 3.040383197367e-02 3.087650984526e-02 2.840621024370e-02 2.523187547922e-02 2.330494299531e-02 1.784372702241e-02 3.175944089890e-02 2.307768538594e-02 1.325291115791e-02 2.441525459290e-02 2.634325809777e-02 2.307328209281e-02 1.966765150428e-02 2.021919004619e-02 1.847890205681e-02 9.783642366529e-03 1.088862493634e-02 1.168362610042e-02 1.114752236754e-02 1.071238983423e-02 1.028867717832e-02 9.685575962067e-03 8.657221682370e-03 8.753382600844e-03 1.167496666312e-02 5.807802081108e-03 6.966871209443e-03 7.229089736938e-03 6.185596808791e-03 4.624757915735e-03 3.100794041529e-03 4.075990524143e-03 4.338858183473e-03
1.387771870941e-02 2.001675404608e-02 2.268138527870e-02 1.925930567086e-02 2.519300766289e-02 5.704281479120e-02 3.136132657528e-02 1.738844625652e-02 1.709055900574e-02 1.989399082959e-02 2.370575256646e-02 2.744459547102e-02 2.915167808533e-02 2.857344411314e-02 2.696344442666e-02 2.237574383616e-02 3.986645117402e-02 2.831109240651e-02 1.690681464970e-02 3.128163143992e-02 3.198454156518e-02 2.403166517615e-02 2.321948111057e-02 2.043019235134e-02 1.661864854395e-02 1.116462796926e-02 1.218500733376e-02 1.204483490437e-02 1.064185611904e-02 9.502971544862e-03 8.674117736518e-03 8.516480214894e-03 6.663953885436e-03 7.481542415917e-03 1.144715212286e-02 7.070687133819e-03 8.341177366674e-03 7.318820804358e-03 5.542768631130e-03 3.937342669815e-03 3.447902156040e-03 5.305042956024e-03 5.214502103627e-03
1.246878970414e-02 2.082880772650e-02 2.468523010612e-02 1.941334828734e-02 2.709175087512e-02 5.879216268659e-02 3.318227455020e-02 1.931615732610e-02 1.741651445627e-02 1.769977435470e-02 1.715470105410e-02 2.461153827608e-02 2.754396758974e-02 3.016491606832e-02 3.033802658319e-02 2.635416574776e-02 4.636723175645e-02 3.253095969558e-02 2.261720411479e-02 3.851794451475e-02 3.689724206924e-02 2.340511046350e-02 2.518115006387e-02 1.985244825482e-02 1.436611916870e-02 1.289401389658e-02 1.267358288169e-02 1.224385295063e-02 9.056658484042e-03 8.168717846274e-03 7.710186764598e-03 8.284655399621e-03 5.885635036975e-03 7.430500350893e-03 1.178493816406e-02 9.433980099857e-03 9.022381156683e-03 6.823901552707e-03 4.765820223838e-03 3.313519060612e-03 4.248629324138e-03 6.101001985371e-03 5.628175567836e-03
1.257793139666e-02 2.175708673894e-02 2.483649738133e-02 2.180687151849e-02 2.907773107290e-02 5.979711562395e-02 3.509027510881e-02 2.285175770521e-02 1.766062155366e-02 1.846183463931e-02 1.762031763792e-02 2.727773599327e-02 2.844966202974e-02 2.940010279417e-02 3.287913277745e-02 3.151262924075e-02 5.180478468537e-02 3.506358340383e-02 2.867551147938e-02 4.486155137420e-02 3.996443003416e-02 2.164658904076e-02 2.783817797899e-02 1.843564026058e-02 1.217095553875e-02 1.307925302535e-02 1.198631431907e-02 1.232816092670e-02 8.721631951630e-03 8.201540447772e-03 1.006603986025e-02 8.914710953832e-03 6.784378085285e-03 8.153919130564e-03 1.219016965479e-02 1.146600488573e-02 8.998954668641e-03 5.971240811050e-03 4.082663450390e-03 3.009590087458e-03 4.962611012161e-03 6.610512733459e-03 5.695895291865e-03
1.568847522140e-02 2.284843288362e-02 2.458528429270e-02 2.691950090230e-02 3.109753131866e-02 6.011858209968e-02 3.673024475574e-02 2.607340924442e-02 1.778299175203e-02 1.857522875071e-02 1.800760813057e-02 2.931996434927e-02 2.945297770202e-02 2.604583278298e-02 3.174102678895e-02 3.581003472209e-02 5.298392102122e-02 3.327595070004e-02 3.409706056118e-02 4.896098002791e-02 4.018260166049e-02 2.095465920866e-02 2.809993922710e-02 1.609243825078e-02 1.414218731225e-02 1.284689642489e-02 1.291669439524e-02 1.145894825459e-02 8.893258869648e-03 1.043696142733e-02 1.069603767246e-02 8.716504089534e-03 8.390935137868e-03 9.028860367835e-03 1.237667910755e-02 1.263006497175e-02 8.219541981816e-03 5.170447751880e-03 3.687978489324e-03 3.208423266187e-03 5.599618423730e-03 7.043682504445e-03 5.653982982039e-03
1.874823868275e-02 2.803078293800e-02 2.691269852221e-02 2.506188303232e-02 3.315762430429e-02 5.969830229878e-02 3.883398696780e-02 2.866030856967e-02 1.800511404872e-02 1.898597739637e-02 1.845586486161e-02 3.044576942921e-02 2.733777835965e-02 2.327894791961e-02 3.122181631625e-02 3.859485313296e-02 4.996440559626e-02 2.947536297143e-02 3.816054016352e-02 4.966505616903e-02 3.682484477758e-02 2.083579637110e-02 2.709464356303e-02 1.301658526063e-02 1.493031345308e-02 1.381243392825e-02 1.211754046381e-02 9.799639694393e-03 1.081292238086e-02 1.132970955223e-02 9.253993630409e-03 1.011706236750e-02 1.083570346236e-02 1.129760872573e-02 1.548237632960e-02 1.261074002832e-02 7.135153282434e-03 4.454763140529e-03 3.960707690567e-03 3.441771259531e-03 6.236468907446e-03 7.366977166384e-03 5.508520174772e-03
2.326803468168e-02 3.362367674708e-02 3.704568743706e-02 3.008912689984e-02 3.483882173896e-02 5.786428973079e-02 4.140743613243e-02 3.064086101949e-02 1.833550445735e-02 1.980909146369e-02 1.968725956976e-02 3.085554204881e-02 2.303820103407e-02 2.369960024953e-02 3.237682580948e-02 4.050588235259e-02 4.436318948865e-02 2.907385490835e-02 4.044280946255e-02 4.703896865249e-02 3.109965473413e-02 1.970743574202e-02 2.517974562943e-02 1.115897018462e-02 1.394830271602e-02 1.673405431211e-02 1.299195736647e-02 1.141691766679e-02 1.159910578281e-02 8.929054252803e-03 1.092058420181e-02 1.230369880795e-02 1.448495872319e-02 1.624127477407e-02 1.814540475607e-02 1.153996679932e-02 7.617964409292e-03 5.413120146841e-03 4.309487529099e-03 4.070597235113e-03 6.971115246415e-03 7.506438530982e-03 5.161650013179e-03
2.697707153857e-02 3.802607953548e-02 4.648855701089e-02 4.397392645478e-02 3.663215041161e-02 5.467810854316e-02 4.427423328161e-02 3.268228843808e-02 2.357690222561e-02 2.051439136267e-02 2.336176671088e-02 3.060448914766e-02 2.457661740482e-02 2.449684962630e-02 3.411845862865e-02 4.482908546925e-02 4.200955480337e-02 3.161734342575e-02 4.102668166161e-02 4.166478291154e-02 2.504867874086e-02 1.943224295974e-02 2.315696515143e-02 1.387397013605e-02 1.291458215564e-02 2.053879015148e-02 1.659024879336e-02 1.141584664583e-02 8.667634800076e-03 8.749878965318e-03 1.218252535909e-02 1.700708270073e-02 2.120937220752e-02 2.094841934741e-02 1.942217350006e-02 1.320580299944e-02 9.347675368190e-03 6.661970168352e-03 5.567086860538e-03 5.056479945779e-03 7.807078305632e-03 7.404574193060e-03 4.579991567880e-03
