VariationalSeries/SI/f21_max.grd
DSAA
101	101
32.816463539100	34.260883539100
35.556306596100	36.727886596100
5.011766916141e-04	1.965670776367e+01
[rows 57 to 75 of 101, columns 0 to 42 of 101]
7.358962204307e-03 1.289770659059e-02 1.707748509943e-02 1.892252452672e-02 1.750070787966e-02 2.527520619333e-02 2.854326367378e-02 3.161957859993e-02 3.480790182948e-02 3.736776486039e-02 3.800899907947e-02 3.720494732261e-02 5.880588665605e-02 3.821399435401e-02 6.416253000498e-02 1.036310419440e-01 6.138928234577e-02 3.890479356050e-02 4.016800224781e-02 8.281116187572e-02 9.900905191898e-02 1.121673807502e-01 8.320569247007e-02 5.540040507913e-02 4.938563331962e-02 4.508437588811e-02 7.065849751234e-02 1.395011842251e-01 1.739953458309e-01 9.077810496092e-02 7.772037386894e-02 3.997270017862e-02 3.166484087706e-02 4.089108854532e-02 4.884285107255e-02 5.768214538693e-02 6.705475598574e-02 7.301950454712e-02 1.183251664042e-01 1.527994275093e-01 1.615501791239e-01 1.954575777054e-01 2.164496332407e-01
9.842239320278e-03 2.112944796681e-02 2.763511799276e-02 1.697052828968e-02 1.563050411642e-02 1.479338109493e-02 1.711976528168e-02 2.016987651587e-02 2.247887849808e-02 3.065031208098e-02 1.033406108618e-01 1.226708590984e-01 4.648123309016e-02 2.132372744381e-02 3.436929732561e-02 6.749930977821e-02 4.054996371269e-02 3.477473184466e-02 3.964453563094e-02 4.762823134661e-02 7.199079543352e-02 8.951949328184e-02 6.516281515360e-02 3.900219127536e-02 3.229789808393e-02 4.882305860519e-02 7.276988774538e-02 1.737438589334e-01 1.485208272934e-01 9.427662193775e-02 7.703936100006e-02 6.265970319510e-02 3.419071808457e-02 4.183073341846e-02 4.994527250528e-02 5.294350162148e-02 5.738158524036e-02 5.833745375276e-02 6.803045421839e-02 1.595192998648e-01 2.175742685795e-01 2.509066760540e-01 2.763340771198e-01
1.164037548006e-02 3.192169591784e-02 4.224755242467e-02 3.377867862582e-02 4.153744876385e-02 5.364883318543e-02 7.151805609465e-02 1.057620272040e-01 1.977579444647e-01 2.860860824585e-01 8.069794625044e-02 5.101856589317e-02 2.736323513091e-02 2.306378819048e-02 2.900089696050e-02 3.047672286630e-02 3.491729870439e-02 3.374354913831e-02 4.395277053118e-02 4.255418851972e-02 6.836639344692e-02 7.669614255428e-02 5.562860518694e-02 3.399238735437e-02 7.921800948679e-03 2.894090116024e-02 5.097836628556e-02 1.342480927706e-01 1.217858493328e-01 7.815664261580e-02 5.976056307554e-02 3.648320958018e-02 3.527593612671e-02 3.991470113397e-02 4.845197871327e-02 5.156652629375e-02 5.094802752137e-02 4.820786789060e-02 7.010540366173e-02 1.760437041521e-01 2.287887334824e-01 2.336666285992e-01 2.560593485832e-01
1.513838209212e-02 2.734564989805e-02 6.897071003914e-02 5.720719695091e-02 6.596306711435e-02 8.870626240969e-02 1.310855448246e-01 1.995960175991e-01 2.054165899754e-01 9.706459939480e-02 3.016074560583e-02 1.961512118578e-02 2.454994246364e-02 3.162933886051e-02 3.603435680270e-02 3.115325607359e-02 3.700109943748e-02 3.499671444297e-02 6.174601241946e-02 5.506322532892e-02 4.975166916847e-02 5.473483353853e-02 4.155835136771e-02 1.231221668422e-02 6.158041767776e-03 2.514819987118e-02 3.394371643662e-02 5.914883688092e-02 5.732766911387e-02 3.446975350380e-02 2.566806413233e-02 3.189660608768e-02 3.444836661220e-02 3.842933475971e-02 4.629885405302e-02 4.881766065955e-02 4.617651924491e-02 4.085721448064e-02 6.849913299084e-02 1.732375621796e-01 2.101610898972e-01 1.859010756016e-01 2.017016857862e-01
4.972905851901e-03 8.515995927155e-03 2.018304541707e-02 2.199170924723e-02 2.266550436616e-02 1.168787572533e-02 1.152084115893e-02 1.168315671384e-02 1.167217362672e-02 1.331537310034e-02 1.604160666466e-02 1.997837424278e-02 2.643431909382e-02 3.382785245776e-02 3.778920695186e-02 3.908468782902e-02 3.718081116676e-02 3.273107856512e-02 4.885918274522e-02 4.809594526887e-02 5.306487157941e-02 6.406794767827e-03 4.401980433613e-03 1.845282129943e-02 1.695845089853e-02 1.855993084610e-02 2.209438383579e-02 2.519430965185e-02 2.555913478136e-02 2.464800328016e-02 2.292879857123e-02 2.530159428716e-02 3.290016576648e-02 3.993852436543e-02 4.794487357140e-02 4.787861555815e-02 4.173858836293e-02 3.484065458179e-02 6.543575972319e-02 1.523581743240e-01 1.751228272915e-01 1.406815052032e-01 1.569299846888e-01
3.367208410054e-03 5.662179552019e-03 7.737397216260e-03 1.095059514046e-02 1.604026742280e-02 1.953242160380e-02 1.071643549949e-02 1.072994805872e-02 1.067876629531e-02 1.054135989398e-02 7.036426104605e-03 1.149619184434e-02 1.659721136093e-02 2.194791100919e-02 2.561754919589e-02 2.672361396253e-02 2.408312261105e-02 2.131621539593e-02 2.879926562309e-02 2.656076475978e-02 1.658555865288e-02 1.496506296098e-02 1.010264363140e-02 1.149663981050e-02 1.304147392511e-02 1.387827843428e-02 1.456037256867e-02 1.751746051013e-02 1.979735679924e-02 2.069438062608e-02 2.068477123976e-02 2.190126851201e-02 3.259734064341e-02 4.378437623382e-02 5.130713805556e-02 4.775730893016e-02 3.756923973560e-02 3.566852584481e-02 5.587380751967e-02 1.134397462010e-01 1.292233616114e-01 1.092688441277e-01 1.336339861155e-01
3.349897917360e-03 5.571959074587e-03 7.456837687641e-03 8.712953887880e-03 9.444280527532e-03 1.129975728691e-02 1.014781929553e-02 1.018530502915e-02 1.008270215243e-02 4.352524876595e-03 4.909079056233e-03 5.992812104523e-03 6.565059069544e-03 9.777849540114e-03 1.153357606381e-02 1.292512286454e-02 1.356600970030e-02 1.339081209153e-02 1.337234675884e-02 1.312995422632e-02 1.360801793635e-02 1.263789087534e-02 5.957088433206e-03 3.611335065216e-03 2.398868463933e-02 1.504652388394e-02 1.532987691462e-02 1.532622333616e-02 1.579270139337e-02 1.728415116668e-02 1.889871060848e-02 2.254965901375e-02 3.294426202774e-02 4.602798819542e-02 5.130939558148e-02 4.412794485688e-02 3.425410762429e-02 3.546965867281e-02 4.619397595525e-02 7.608572393656e-02 8.795775473118e-02 8.494519442320e-02 1.162668094039e-01
3.422879613936e-03 5.586278159171e-03 7.283594459295e-03 8.247869089246e-03 6.882229354233e-03 2.272268990055e-03 9.174496866763e-03 9.407138451934e-03 8.566953241825e-03 4.675781819969e-03 5.397055763751e-03 6.404565181583e-03 7.075362838805e-03 7.646014448255e-03 8.955160155892e-03 1.045863796026e-02 1.163228042424e-02 1.172075327486e-02 9.972896426916e-03 1.082032173872e-02 1.300259120762e-02 1.244560535997e-02 5.250223912299e-03 3.907072357833e-03 2.050647139549e-02 1.229874230921e-02 1.619840972126e-02 1.615585573018e-02 1.631117053330e-02 1.695318147540e-02 1.284421980381e-02 2.329850941896e-02 3.265155106783e-02 4.485424980521e-02 4.674552753568e-02 3.770556300879e-02 3.299935534596e-02 3.336575627327e-02 5.004450678825e-02 5.821391940117e-02 6.181124225259e-02 6.285091489553e-02 9.768225252628e-02
3.350165206939e-03 5.368022248149e-03 6.847111973912e-03 7.582645863295e-03 3.457066370174e-03 2.247540047392e-03 3.241688013077e-03 8.407391607761e-03 9.251167997718e-03 4.913902841508e-03 1.486302539706e-02 1.549090538174e-02 7.794769015163e-03 8.224754594266e-03 9.057968854904e-03 1.054831780493e-02 1.183864194900e-02 1.188967563212e-02 9.979913942516e-03 8.873892948031e-03 1.186128519475e-02 1.214821264148e-02 6.117108743638e-03 4.480559378862e-03 8.257940411568e-03 5.036757793278e-03 1.549818180501e-02 1.532156858593e-02 1.512270979583e-02 1.536541432142e-02 1.959355548024e-02 2.311880700290e-02 3.055155277252e-02 4.012714326382e-02 3.934959694743e-02 3.169023618102e-02 3.020483255386e-02 3.689111769199e-02 5.110787972808e-02 5.370521545410e-02 5.301739647985e-02 3.091171197593e-02 6.557476520538e-02
3.117910120636e-03 4.947277717292e-03 6.237349938601e-03 6.847035139799e-03 7.133620325476e-03 7.369853556156e-03 7.488242350519e-03 7.697414141148e-03 1.030146144331e-02 1.472304109484e-02 1.422122213989e-02 1.410394720733e-02 1.437072921544e-02 8.748296648264e-03 9.332170709968e-03 1.061961799860e-02 1.201131939888e-02 1.226797979325e-02 1.063502393663e-02 8.658796548843e-03 1.038564648479e-02 1.164036709815e-02 1.099136006087e-02 6.886361166835e-03 1.095382310450e-02 1.126038562506e-02 1.377449370921e-02 1.394633390009e-02 1.412726100534e-02 1.559633575380e-02 1.904834061861e-02 2.178974822164e-02 1.100084744394e-02 2.384787052870e-02 3.184534236789e-02 2.731618098915e-02 2.710093371570e-02 3.612165153027e-02 4.619920253754e-02 4.712373018265e-02 2.202625013888e-02 1.647010631859e-02 3.671664744616e-02
2.852168632671e-03 4.513734951615e-03 5.677723325789e-03 6.247388664633e-03 6.516099441797e-03 6.681702565402e-03 6.740820128471e-03 1.208799425513e-02 1.355395652354e-02 1.308486051857e-02 6.899855565280e-03 7.214681245387e-03 1.071676146239e-02 8.990232832730e-03 9.521784260869e-03 1.048833504319e-02 1.197636872530e-02 1.265657227486e-02 1.169179286808e-02 8.813458494842e-03 8.900023996830e-03 1.067421305925e-02 1.083913445473e-02 9.022925049067e-03 1.053829863667e-02 1.164975110441e-02 1.198773551732e-02 1.350598130375e-02 1.403272710741e-02 1.651701331139e-02 1.895169168711e-02 2.038274146616e-02 1.286751683801e-02 2.441594749689e-02 2.506989799440e-02 2.287872321904e-02 2.345507033169e-02 2.756667137146e-02 3.193048387766e-02 3.273418173194e-02 1.428489666432e-02 2.623272500932e-02 3.487601876259e-02
2.627109643072e-03 4.160750191659e-03 5.251531954855e-03 5.813077557832e-03 6.061745341867e-03 6.157863419503e-03 1.089083775878e-02 1.239970978349e-02 1.261358428746e-02 7.281003519893e-03 6.617457605898e-03 7.382124662399e-03 8.424420841038e-03 9.523445740342e-03 1.018524728715e-02 1.058101654053e-02 1.201015152037e-02 1.352282986045e-02 1.323081180453e-02 1.019737776369e-02 9.197505190969e-03 9.221344254911e-03 9.869324043393e-03 8.592925965786e-03 9.445749223232e-03 1.026818621904e-02 1.047808583826e-02 1.105071697384e-02 1.398753095418e-02 1.659741438925e-02 1.834028773010e-02 1.943290978670e-02 1.762002706528e-02 2.514330483973e-02 1.898418925703e-02 1.989590562880e-02 2.111100777984e-02 2.090725116432e-02 2.191518619657e-02 2.121105045080e-02 1.927082426846e-02 2.223461307585e-02 3.066443838179e-02
2.462628064677e-03 3.906659781933e-03 4.945677239448e-03 5.477635655552e-03 3.312021726742e-03 5.728087387979e-03 5.736676976085e-03 1.102552097291e-02 7.407536264509e-03 6.168569903821e-03 6.312671583146e-03 7.369632832706e-03 8.575748652220e-03 9.787382557988e-03 1.084249932319e-02 1.123025640845e-02 1.245351508260e-02 1.402447279543e-02 1.480134297162e-02 1.260858681053e-02 1.074004545808e-02 9.973339736462e-03 5.444708745927e-03 8.242719806731e-03 8.506340906024e-03 9.285894222558e-03 9.394505992532e-03 1.155619416386e-02 1.408250443637e-02 1.611516997218e-02 1.751151308417e-02 1.857521757483e-02 1.473931968212e-02 2.456490881741e-02 1.821476593614e-02 1.098754536361e-02 2.009882964194e-02 2.018758282065e-02 2.266104519367e-02 2.057491429150e-02 1.568696089089e-02 1.364558655769e-02 1.363007910550e-02
2.384762279689e-03 3.772833384573e-03 4.757389426231e-03 5.231470335275e-03 4.462641663849e-03 5.399691872299e-03 5.417017731816e-03 8.948215283453e-03 8.201430551708e-03 5.883457139134e-03 5.932500120252e-03 7.044335827231e-03 8.255317807198e-03 9.117855690420e-03 1.048076525331e-02 1.141764037311e-02 1.259765122086e-02 1.431539282203e-02 1.591981388628e-02 1.593756116927e-02 1.182920765132e-02 6.807647645473e-03 6.310420110822e-03 1.010087784380e-02 9.733091108501e-03 9.525980800390e-03 9.611790999770e-03 1.177677046508e-02 1.381834223866e-02 1.546542160213e-02 1.676271110773e-02 1.793706230819e-02 1.287567894906e-02 2.336769551039e-02 1.764533109963e-02 1.408675219864e-02 2.016332000494e-02 2.061874419451e-02 2.193882130086e-02 2.001016959548e-02 1.552701089531e-02 8.459378033876e-03 8.070921525359e-03
6.026878254488e-04 3.552031237632e-03 4.701811820269e-03 5.122498143464e-03 5.228660535067e-03 5.224046763033e-03 5.232891999185e-03 6.563840899616e-03 5.273454356939e-03 6.733450107276e-03 7.249075919390e-03 7.668186910450e-03 7.416325621307e-03 8.220821619034e-03 1.001542527229e-02 1.096018124372e-02 1.180230174214e-02 1.333304028958e-02 1.573931798339e-02 1.792901568115e-02 1.407521497458e-02 1.147509273142e-02 1.166791189462e-02 1.098515279591e-02 1.045002602041e-02 9.975201450288e-03 9.953948669136e-03 1.176207978278e-02 1.344141829759e-02 1.489494182169e-02 1.564415358007e-02 6.701096426696e-03 1.162452809513e-02 2.196975983679e-02 1.742022298276e-02 1.843988336623e-02 2.035727538168e-02 2.132065966725e-02 2.007480151951e-02 1.758880726993e-02 1.545380335301e-02 1.323250867426e-02 1.468032412231e-02
1.361853093840e-03 1.360891386867e-03 4.722251556814e-03 5.109692458063e-03 5.190750118345e-03 3.890319727361e-03 5.147592164576e-03 5.410693120211e-03 6.359975319356e-03 6.942700594664e-03 7.418532390147e-03 7.780853193253e-03 7.419151253998e-03 6.888563744724e-03 8.310723118484e-03 9.473967365921e-03 1.039900723845e-02 1.168425660580e-02 1.444523409009e-02 1.818068698049e-02 1.613412983716e-02 1.081879250705e-02 1.127888355404e-02 1.047217566520e-02 9.721142239869e-03 9.010191075504e-03 1.014943793416e-02 1.167138293386e-02 1.312115229666e-02 1.445618271828e-02 8.829907514155e-03 6.249174010009e-03 1.595425792038e-02 2.122570201755e-02 1.692013442516e-02 1.862323097885e-02 2.020653150976e-02 1.807475648820e-02 2.040926925838e-02 1.680728234351e-02 1.386717054993e-02 1.202904898673e-02 1.318871323019e-02
2.285363152623e-03 3.461671993136e-03 4.626851063222e-03 4.985996987671e-03 5.058619659394e-03 2.836834872141e-03 5.009914282709e-03 5.111928563565e-03 5.668207071722e-03 6.140923127532e-03 6.512620020658e-03 6.774086970836e-03 6.841903086752e-03 6.652323529124e-03 7.432579994202e-03 7.616482209414e-03 9.069721214473e-03 1.006459072232e-02 1.225207094103e-02 1.570595055819e-02 1.556875836104e-02 1.461795624346e-02 1.372413523495e-02 1.017289701849e-02 8.831938728690e-03 8.867659606040e-03 1.020933780819e-02 1.152363326401e-02 1.280723046511e-02 1.400830689818e-02 1.435221359134e-02 1.410691626370e-02 1.510710082948e-02 2.110388129950e-02 1.616963185370e-02 1.999287307262e-02 1.982610672712e-02 2.065868303180e-02 2.051049098372e-02 1.702339947224e-02 1.414271816611e-02 1.235191524029e-02 1.448604092002e-02
2.323071705177e-03 3.491788171232e-03 4.302600864321e-03 4.714004695415e-03 4.845754243433e-03 2.864867681637e-03 3.911178559065e-03 5.079969298095e-03 5.585812497884e-03 6.005242932588e-03 5.777040030807e-03 5.828418303281e-03 4.243900068104e-03 7.755656260997e-03 6.413351278752e-03 6.400987971574e-03 7.882939651608e-03 8.838927373290e-03 1.033906824887e-02 1.297596935183e-02 1.407978497446e-02 1.477606222034e-02 1.398403383791e-02 1.076454762369e-02 1.066323090345e-02 1.029187720269e-02 1.013903226703e-02 1.125533971936e-02 1.239521987736e-02 1.341686677188e-02 1.414754614234e-02 1.419422868639e-02 1.334214862436e-02 2.094068937004e-02 1.577463373542e-02 2.028802968562e-02 2.049799263477e-02 2.075817435980e-02 2.053969167173e-02 1.846217364073e-02 9.971298277378e-03 1.641464978456e-02 2.141503058374e-02
2.269573742524e-03 3.369656624272e-03 4.124585539103e-03 4.728843923658e-03 3.301470307633e-03 4.590131808072e-03 4.437294322997e-03 5.717106163502e-03 6.238155998290e-03 6.656704004854e-03 6.362895481288e-03 5.395621061325e-03 4.594670608640e-03 8.027777075768e-03 4.889802075922e-03 7.162646390498e-03 7.811873685569e-03 8.078295737505e-03 8.849432691932e-03 1.033159717917e-02 1.184777636081e-02 1.158444304019e-02 9.542658925056e-03 1.085967104882e-02 1.060332823545e-02 9.828322567046e-03 9.856454096735e-03 1.091677043587e-02 1.190973725170e-02 1.267964392900e-02 1.297975797206e-02 1.252606045455e-02 1.200014818460e-02 2.033417485654e-02 1.451479829848e-02 1.863425597548e-02 2.148239128292e-02 2.545190230012e-02 2.510002627969e-02 2.126968838274e-02 2.009862288833e-02 2.039661072195e-02 6.123416125774e-02
