VariationalSeries/SI/f21_max.grd
DSAA
101	101
32.816463539100	34.260883539100
35.556306596100	36.727886596100
5.011766916141e-04	1.965670776367e+01
[rows 38 to 56 of 101, columns 0 to 42 of 101]
2.158970944583e-02 3.972757235169e-02 4.253064095974e-02 4.327885061502e-02 4.825818538666e-02 5.036054179072e-02 5.026121065021e-02 4.828202351928e-02 4.587061330676e-02 4.470889642835e-02 5.306021869183e-02 5.821293592453e-02 5.927690863609e-02 7.178491353989e-02 8.893105387688e-02 1.135118454695e-01 1.497623771429e-01 1.761111468077e-01 1.334937959909e-01 1.461417227983e-01 1.766276657581e-01 1.812639534473e-01 1.392628699541e-01 9.128722548485e-02 1.026743799448e-01 9.132465720177e-02 8.784592151642e-02 7.619818300009e-02 8.939793705940e-02 8.818440139294e-02 9.121006727219e-02 1.057950332761e-01 1.268210113049e-01 1.527858823538e-01 1.455722898245e-01 1.036927253008e-01 1.008263453841e-01 1.050584763288e-01 1.296196132898e-01 1.587779223919e-01 1.862399727106e-01 2.338831275702e-01 2.044957578182e-01
2.354040183127e-02 4.335693269968e-02 4.671274125576e-02 4.668197408319e-02 4.621519520879e-02 4.458081349730e-02 4.495434463024e-02 5.219305679202e-02 5.840429663658e-02 5.491519346833e-02 4.871608689427e-02 4.560335353017e-02 4.597004875541e-02 5.280042067170e-02 5.706132948399e-02 6.350339204073e-02 8.218364417553e-02 1.049852520227e-01 1.074616089463e-01 1.412459760904e-01 1.614522188902e-01 1.448905169964e-01 1.387532204390e-01 1.213319599628e-01 8.959555625916e-02 7.668665796518e-02 6.790654361248e-02 1.056251600385e-01 1.437473744154e-01 1.468174904585e-01 1.130682379007e-01 9.301041066647e-02 1.135518997908e-01 1.078960970044e-01 1.441008150578e-01 1.313357651234e-01 1.059090495110e-01 1.358947157860e-01 1.634399294853e-01 1.802880167961e-01 2.012811154127e-01 2.585293650627e-01 2.536118924618e-01
2.441625297070e-02 4.524290934205e-02 4.945629835129e-02 4.941292479634e-02 4.944637417793e-02 4.926409199834e-02 4.875107109547e-02 5.793693289161e-02 6.303871423006e-02 6.296047568321e-02 5.254495143890e-02 5.736560374498e-02 6.007213145494e-02 6.010503321886e-02 5.720579251647e-02 5.134145170450e-02 5.061123520136e-02 7.338717579842e-02 9.907584637403e-02 1.816960424185e-01 2.162685245275e-01 1.890613585711e-01 1.253350824118e-01 1.159780845046e-01 1.184457242489e-01 8.050861954689e-02 6.105516850948e-02 5.825408175588e-02 7.077066600323e-02 1.147569045424e-01 1.400044858456e-01 1.541325598955e-01 1.803503632545e-01 1.522424966097e-01 1.357160806656e-01 1.528642922640e-01 1.845804452896e-01 1.372428685427e-01 2.055274993181e-01 1.997576206923e-01 1.458065211773e-01 2.606410980225e-01 3.426099419594e-01
2.319531887770e-02 4.323658719659e-02 4.794406890869e-02 4.865423217416e-02 4.890996590257e-02 4.891832545400e-02 4.943215474486e-02 4.992318153381e-02 4.965385422111e-02 4.820535331964e-02 4.604914039373e-02 4.380369931459e-02 4.515080153942e-02 5.327499657869e-02 6.071112304926e-02 6.629159301519e-02 6.875018030405e-02 6.736719608307e-02 7.797117531300e-02 9.719279408455e-02 1.552565842867e-01 2.107793688774e-01 1.929028332233e-01 1.506393104792e-01 1.098266541958e-01 1.317389011383e-01 1.483497619629e-01 1.452594995499e-01 1.530153006315e-01 1.673130542040e-01 1.857016831636e-01 1.706362962723e-01 2.608310878277e-01 2.985343337059e-01 2.150922119617e-01 1.670178472996e-01 2.427787333727e-01 2.023404389620e-01 1.520922333002e-01 2.478208690882e-01 1.582298129797e-01 2.490531355143e-01 3.294272124767e-01
1.965281739831e-02 3.903977200389e-02 4.389477148652e-02 4.445795714855e-02 4.571131989360e-02 5.422481149435e-02 5.427769571543e-02 4.735258594155e-02 4.773312062025e-02 4.825682565570e-02 4.846784099936e-02 4.795887693763e-02 4.723825678229e-02 4.587182030082e-02 4.321948066354e-02 4.122835770249e-02 5.124321207404e-02 6.150310114026e-02 8.700634539127e-02 9.547501802444e-02 1.032521501184e-01 1.737629324198e-01 2.219048887491e-01 2.304014861584e-01 1.912645548582e-01 1.160914450884e-01 1.082311347127e-01 1.659609377384e-01 2.247867137194e-01 2.064403146505e-01 2.093313485384e-01 1.467595398426e-01 1.539971977472e-01 2.913525402546e-01 2.754486203194e-01 3.488045632839e-01 2.308498024940e-01 3.326312303543e-01 2.941773831844e-01 2.525882422924e-01 3.499553799629e-01 3.527547717094e-01 2.281640768051e-01
3.300992399454e-02 6.426407396793e-02 4.927225038409e-02 5.060670524836e-02 4.967457801104e-02 4.489663243294e-02 4.733138531446e-02 5.817190557718e-02 5.781692638993e-02 4.794574901462e-02 4.708595946431e-02 4.650460928679e-02 4.697087034583e-02 4.737981408834e-02 5.094147101045e-02 4.720137268305e-02 5.127418413758e-02 8.830422908068e-02 1.032468229532e-01 1.006560176611e-01 9.896380454302e-02 6.070498004556e-02 7.263659685850e-02 9.298826009035e-02 9.419065713882e-02 8.025959134102e-02 6.813288480043e-02 6.298447400331e-02 8.048979938030e-02 9.162157773972e-02 9.789566695690e-02 1.238254830241e-01 1.555200666189e-01 2.648924291134e-01 1.810436695814e-01 1.687195599079e-01 2.064841985703e-01 2.845931649208e-01 2.309920191765e-01 4.059068262577e-01 4.196453392506e-01 4.462063610554e-01 4.615464508533e-01
5.837984010577e-02 2.953330576420e-01 1.190771684051e-01 2.525830864906e-01 6.764176487923e-02 5.191255733371e-02 5.373171716928e-02 6.496527045965e-02 7.162962853909e-02 5.629441514611e-02 4.330426454544e-02 4.478899389505e-02 4.619956761599e-02 4.735938087106e-02 4.811598360538e-02 5.102650448680e-02 6.127544865012e-02 5.814781412482e-02 1.311905384064e-01 1.260705292225e-01 8.922301977873e-02 8.611553162336e-02 8.685127645731e-02 8.444482833147e-02 1.220112070441e-01 7.735553383827e-02 8.007108420134e-02 1.035799905658e-01 1.220576986670e-01 8.662302047014e-02 1.060598567128e-01 1.310121119022e-01 1.566725522280e-01 1.884250342846e-01 2.605333328247e-01 1.862572431564e-01 2.006480246782e-01 2.283937335014e-01 2.264302521944e-01 3.012189865112e-01 3.586898446083e-01 4.861048460007e-01 4.616643786430e-01
1.076258867979e-01 6.853584945202e-02 7.485882192850e-02 7.865262031555e-02 8.157962560654e-02 8.759023249149e-02 9.377681463957e-02 8.656368404627e-02 8.302614837885e-02 7.637552917004e-02 7.087055593729e-02 6.786041706800e-02 6.392048299313e-02 5.329054966569e-02 5.695351958275e-02 4.934347420931e-02 5.008484423161e-02 6.824990361929e-02 7.684996724129e-01 7.230618596077e-01 9.476345032454e-02 9.967843443155e-02 9.460546821356e-02 8.980422466993e-02 1.179421767592e-01 1.380402594805e-01 1.306724101305e-01 1.367700695992e-01 1.396975219250e-01 1.434148252010e-01 1.516420543194e-01 1.655499339104e-01 1.777993887663e-01 1.506268531084e-01 1.493215858936e-01 2.136977165937e-01 2.715955376625e-01 3.922654688358e-01 4.833354949951e-01 4.668624997139e-01 4.415755271912e-01 4.152291715145e-01 4.039881825447e-01
4.217821955681e-01 9.545483589172e-01 7.991942763329e-02 9.538332372904e-02 1.027258113027e-01 1.010160818696e-01 9.152497351170e-02 8.079900592566e-02 7.178913801908e-02 7.167837023735e-02 8.416587114334e-02 7.962486892939e-02 6.036097928882e-02 3.935808688402e-02 3.856790065765e-02 9.710595756769e-02 1.586519181728e-01 1.642916351557e-01 3.683276474476e-01 4.974559247494e-01 1.478297710419e-01 1.622061580420e-01 1.415993571281e-01 1.208713278174e-01 1.118391975760e-01 1.114490702748e-01 1.372248977423e-01 1.056845039129e-01 8.549176901579e-02 1.021016165614e-01 1.286810785532e-01 1.544474661350e-01 1.824977099895e-01 2.373468130827e-01 1.843833327293e-01 2.046379745007e-01 2.335200905800e-01 2.131490856409e-01 3.184573948383e-01 3.181797564030e-01 4.924591183662e-01 3.489775359631e-01 3.790060579777e-01
1.364363133907e-01 2.222017496824e-01 2.400406077504e-02 2.217032387853e-02 2.588367834687e-02 1.448316723108e-01 3.290454745293e-01 2.731921374798e-01 1.513543576002e-01 4.746452346444e-02 4.008392244577e-02 4.734481871128e-02 4.700593277812e-02 4.012300074100e-02 2.057211697102e-01 2.803094089031e-01 1.003996506333e-01 1.123314946890e-01 1.332229375839e-01 2.072960287333e-01 5.740154981613e-01 1.559632420540e-01 1.732070893049e-01 2.132973670959e-01 1.486176401377e-01 1.481825262308e-01 1.367978453636e-01 1.327647417784e-01 1.839557886124e-01 2.333259731531e-01 4.407816529274e-01 2.829373180866e-01 5.287221670151e-01 2.323629558086e-01 6.746166348457e-01 4.652957916260e-01 3.786891400814e-01 3.598475158215e-01 3.750511705875e-01 3.928681313992e-01 4.698312282562e-01 5.574451088905e-01 5.754325389862e-01
1.213344186544e-01 2.032691240311e-01 1.884111575782e-02 1.662720181048e-02 7.177027314901e-02 2.746481001377e-01 5.318866372108e-01 4.182529151440e-01 1.630838066339e-01 1.604627817869e-02 1.481785345823e-02 1.699957810342e-02 1.619242131710e-02 1.681389659643e-02 1.427067369223e-01 1.283543705940e-01 1.051736027002e-01 1.192901432514e-01 9.474314749241e-02 4.444197937846e-02 2.019708454609e-01 1.702036142349e+00 1.208346784115e-01 1.981324851513e-01 5.212129950523e-01 2.793495357037e-01 1.772931218147e-01 1.603245288134e-01 1.688205450773e-01 1.850785911083e-01 3.048492074013e-01 4.344878792763e-01 2.275326997042e-01 3.489324152470e-01 6.557797789574e-01 1.104377746582e+00 4.785980284214e-01 3.311312794685e-01 2.698374390602e-01 2.555478215218e-01 3.287169337273e-01 5.853913426399e-01 7.529028654099e-01
5.044534429908e-02 7.491076737642e-02 1.451012305915e-02 1.304446905851e-02 1.082668174058e-02 1.569941490889e-01 3.231149017811e-01 1.978101879358e-01 1.227570325136e-01 2.542738057673e-02 9.158497676253e-03 5.116596072912e-02 6.988106667995e-02 6.563431024551e-02 8.926311880350e-02 8.927179127932e-02 9.168145805597e-02 8.320105820894e-02 9.117122739553e-02 8.052497357130e-02 1.225506514311e-01 2.265676409006e-01 1.028698980808e-01 1.530669033527e-01 4.319617152214e-01 3.670613765717e-01 8.000681400299e-01 6.957455277443e-01 2.198224961758e-01 5.730445384979e-01 1.969602227211e+00 2.190388917923e+00 2.304110050201e+00 4.503521323204e-01 6.496970057487e-01 7.777079343796e-01 4.864865839481e-01 2.667452394962e-01 1.865694671869e-01 1.902707070112e-01 3.783697187901e-01 3.372388482094e-01 3.644852042198e-01
2.413840591908e-02 7.706035673618e-02 5.249026045203e-02 2.778005227447e-02 1.838817261159e-02 7.903994992375e-03 5.053720623255e-02 5.845689028502e-02 5.953962728381e-02 5.406039580703e-02 2.855376712978e-02 5.144265666604e-02 6.120818480849e-02 7.530655711889e-02 8.563182502985e-02 7.597688585520e-02 7.551931589842e-02 6.718701869249e-02 7.536900788546e-02 5.837344005704e-02 7.884657382965e-02 1.336756646633e-01 2.168373018503e-01 5.035324096680e-01 1.153809905052e+00 7.009264826775e-01 6.587504148483e-01 7.286667823792e-01 6.710974574089e-01 1.857209950686e-01 1.030559018254e-01 1.106462404132e-01 1.741019189358e-01 3.243981599808e-01 8.735588192940e-01 7.626228332520e+00 2.768615722656e+00 1.679096341133e+00 1.196479797363e+00 9.269298315048e-01 1.027196049690e+00 8.590104579926e-01 1.287475705147e+00
2.514698542655e-02 4.851330816746e-02 5.206533521414e-02 2.582526020706e-02 1.657431758940e-02 6.459474563599e-03 3.014723770320e-02 3.092078305781e-02 3.022028878331e-02 2.890556864440e-02 3.187294676900e-02 3.839630261064e-02 4.208664968610e-02 7.962383329868e-02 6.874705851078e-02 9.101380407810e-02 1.083863899112e-01 9.001566469669e-02 6.051719933748e-02 9.606819599867e-02 9.141269326210e-02 1.111121028662e-01 1.990098059177e-01 2.173373997211e-01 4.431772828102e-01 4.272015571594e+00 8.339439630508e-01 1.523964166641e+00 6.607193350792e-01 9.559292346239e-02 6.128814443946e-02 6.460442394018e-02 7.459200918674e-02 1.000026315451e-01 1.605710834265e-01 7.104135751724e-01 4.688283443451e+00 1.432453393936e+00 3.915285468102e-01 1.805728793144e+00 4.953171014786e-01 2.940003871918e-01 3.699875473976e-01
1.205468550324e-02 2.154204435647e-02 2.906754054129e-02 3.359998017550e-02 3.513085097075e-02 3.263610973954e-02 2.925262600183e-02 3.064462356269e-02 2.975147590041e-02 2.617735229433e-02 2.234056591988e-02 2.761851437390e-02 3.195406869054e-02 4.123302176595e-02 8.426339924335e-02 7.498199492693e-02 8.948150277138e-02 9.797718375921e-02 6.936872005463e-02 7.010160386562e-02 1.044866591692e-01 1.000044047832e-01 1.032363995910e-01 1.150826886296e-01 2.382467836142e-01 8.234664797783e-01 8.016018867493e-01 3.488968014717e-01 1.185542345047e-01 6.677264720201e-02 5.021293461323e-02 4.308723285794e-02 4.277301952243e-02 5.173515900970e-02 8.159267157316e-02 2.408696413040e-01 8.548105359077e-01 4.669391214848e-01 5.533052086830e-01 9.468072652817e-02 3.089855313301e-01 2.531995773315e-01 2.280448973179e-01
1.911043375731e-02 3.210876137018e-02 4.097349941730e-02 4.611517488956e-02 4.756878316402e-02 4.573635756969e-02 4.317147284746e-02 3.908069059253e-02 3.401261940598e-02 2.808259427547e-02 2.100932411849e-02 2.022745460272e-02 2.971243672073e-02 4.186709597707e-02 9.393510222435e-02 8.837060630322e-02 7.650288194418e-02 6.491412967443e-02 7.729099690914e-02 1.187450587749e-01 1.177012249827e-01 8.913903683424e-02 6.103002279997e-02 6.892735511065e-02 1.254709959030e-01 6.548298597336e-01 9.527723789215e-01 2.719437479973e-01 1.470824182034e-01 6.914346665144e-02 4.566631093621e-02 3.181596100330e-02 2.834051661193e-02 3.123537451029e-02 4.324596747756e-02 7.373662292957e-02 6.249547749758e-02 1.646128743887e-01 1.498651623726e+00 1.704221844673e+00 9.905757308006e-01 2.204062640667e-01 1.799132674932e-01
9.519618004560e-03 2.016308344901e-02 2.510249614716e-02 2.759163454175e-02 2.690606191754e-02 2.572347782552e-02 2.491956949234e-02 2.327040955424e-02 2.320509403944e-02 2.037812396884e-02 1.841495372355e-02 1.669575087726e-02 2.022129297256e-02 2.991325221956e-02 6.486435234547e-02 7.436699420214e-02 7.144381850958e-02 6.794743984938e-02 1.296548247337e-01 1.298092305660e-01 1.386960893869e-01 1.890939176083e-01 4.885642603040e-02 4.644565656781e-02 1.199838742614e-01 2.373611479998e-01 2.150735855103e-01 1.644350737333e-01 1.395884156227e-01 7.660365849733e-02 4.152022302151e-02 3.454985842109e-02 3.052956052125e-02 3.007827885449e-02 3.782251104712e-02 7.088173180819e-02 5.116286128759e-02 1.817336082458e-01 8.142876625061e-01 4.944064319134e-01 3.112146556377e-01 1.482580602169e-01 1.271701157093e-01
9.257691912353e-03 1.346367038786e-02 1.761704497039e-02 1.926939561963e-02 1.929827220738e-02 1.851275004447e-02 2.043437957764e-02 2.317437529564e-02 2.574211545289e-02 2.667889371514e-02 2.581612952054e-02 2.698367275298e-02 2.865356020629e-02 3.160309791565e-02 6.015146523714e-02 6.869161874056e-02 5.823863297701e-02 6.918425112963e-02 9.069900959730e-02 1.406264752150e-01 1.012929752469e-01 1.367520838976e-01 5.782165005803e-02 6.309361010790e-02 1.424195766449e-01 9.641422331333e-02 5.399881601334e-01 1.131201311946e-01 1.246555522084e-01 6.366331875324e-02 4.123316705227e-02 3.072622604668e-02 2.948758564889e-02 3.159689530730e-02 3.873840346932e-02 5.372758209705e-02 1.004504933953e-01 1.255831271410e-01 2.527412772179e-01 3.328641057014e-01 2.103904634714e-01 1.295138895512e-01 1.451438218355e-01
7.788639981300e-03 1.414590422064e-02 1.775659434497e-02 1.975273899734e-02 3.123441711068e-02 2.389501407743e-02 2.840801887214e-02 3.207232058048e-02 3.537356480956e-02 4.194084927440e-02 5.326953530312e-02 6.393318623304e-02 6.775384396315e-02 5.962286517024e-02 1.087052598596e-01 1.164051964879e-01 7.843863219023e-02 5.553462728858e-02 7.883310317993e-02 2.475896179676e-01 1.114660799503e-01 9.135508537292e-02 6.067238375545e-02 5.302542075515e-02 8.363356441259e-02 1.352228373289e-01 2.441400438547e-01 9.096359461546e-02 1.337100416422e-01 5.202206969261e-02 3.908088058233e-02 2.730167657137e-02 2.794292755425e-02 3.607763350010e-02 4.390213638544e-02 5.270446091890e-02 6.852683424950e-02 9.611912816763e-02 2.100850939751e-01 2.496607303619e-01 1.567122042179e-01 1.264820694923e-01 1.451464593410e-01
