VariationalSeries/SI/f24.grd
DSAA
101	101
32.816463539100	34.260883539100
35.556306596100	36.727886596100
7.634410168976e-03	1.375627441406e+03
[rows 57 to 75 of 101, columns 43 to 85 of 101]
5.425936222076e+00 6.504054069519e+00 3.390276193619e+00 3.801995754242e+00 3.748265028000e+00 5.868108749390e+00 6.414553165436e+00 9.741722106934e+00 7.593121528625e+00 4.115981101990e+00 2.981394052505e+00 2.479665994644e+00 1.837163805962e+00 3.155556917191e+00 1.451238346100e+01 4.818178939819e+01 9.835172271729e+01 9.834295654297e+01 1.735168914795e+02 4.757788467407e+01 1.349993896484e+01 1.068719005585e+01 1.867659187317e+01 3.423750686646e+01 5.860920333862e+01 5.348659515381e+01 5.837749099731e+01 4.701782226562e+01 5.935398864746e+01 5.591265869141e+01 5.844728088379e+01 4.365365982056e+01 4.484037399292e+01 6.325402832031e+01 3.939818572998e+01 2.484292411804e+01 2.884811210632e+01 3.960243606567e+01 4.966402053833e+01 3.601792526245e+01 1.508554744720e+01 1.388399791718e+01 1.338924217224e+01
4.315170288086e+00 1.029035091400e+01 2.743529558182e+00 2.939047813416e+00 2.899621963501e+00 4.288686275482e+00 8.112186431885e+00 2.574834251404e+01 2.038281631470e+01 4.438920974731e+00 2.773034334183e+00 1.912231087685e+00 1.486993670464e+00 1.475465655327e+00 3.058777332306e+00 2.916520881653e+01 3.357452011108e+01 3.337735366821e+01 2.721988487244e+01 2.717812347412e+01 1.897928047180e+01 1.439482212067e+01 1.111865139008e+01 7.103411674500e+00 1.823373222351e+01 3.554585647583e+01 6.308766937256e+01 6.554629516602e+01 7.116072845459e+01 3.836012649536e+01 5.078123092651e+01 4.575905609131e+01 3.930266952515e+01 3.581682205200e+01 3.635477066040e+01 2.702961730957e+01 2.659775924683e+01 3.114081954956e+01 3.041623115540e+01 2.771390914917e+01 2.866707801819e+01 2.998476600647e+01 2.799643707275e+01
3.701064348221e+00 4.134445667267e+00 2.484467029572e+00 2.663308382034e+00 2.695996761322e+00 3.888879299164e+00 1.159756755829e+01 6.041888427734e+01 4.949562835693e+01 7.142142295837e+00 2.896532058716e+00 1.644801855087e+00 1.153803467751e+00 1.054668068886e+00 1.093785166740e+00 1.346736788750e+00 1.750695943832e+00 2.435896873474e+00 4.767012596130e+00 3.995455503464e+00 4.675682544708e+00 5.388097763062e+00 3.568068265915e+00 3.599808454514e+00 8.968276023865e+00 4.146045303345e+01 7.123042297363e+01 8.234828186035e+01 7.892463684082e+01 7.934983062744e+01 5.140142822266e+01 4.440382003784e+01 3.745092010498e+01 3.550414276123e+01 4.967615127563e+01 4.289923095703e+01 3.564091491699e+01 2.231224060059e+01 2.314129829407e+01 1.934073638916e+01 1.741721725464e+01 1.588942813873e+01 1.382511425018e+01
3.400957345963e+00 3.044502258301e+00 2.396779537201e+00 2.686253547668e+00 2.997432947159e+00 3.927715778351e+00 7.884799957275e+01 3.453658294678e+01 3.818687438965e+01 5.411947250366e+00 2.535005569458e+00 1.579262375832e+00 1.050300359726e+00 8.568940758705e-01 8.193376660347e-01 8.655346035957e-01 1.038119673729e+00 1.368908762932e+00 1.875516176224e+00 2.297723054886e+00 2.535060167313e+00 5.147398948669e+00 2.654077053070e+00 2.447693824768e+00 7.482497215271e+00 1.642434692383e+01 5.887717819214e+01 6.847084045410e+01 7.004839324951e+01 7.537506866455e+01 6.416059875488e+01 4.890838623047e+01 3.428037261963e+01 4.346720886230e+01 2.986878395081e+01 2.634416389465e+01 2.181049728394e+01 1.800236892700e+01 1.688658332825e+01 1.689309120178e+01 1.745842552185e+01 2.566992950439e+01 3.486805343628e+01
2.868638992310e+00 2.221554517746e+00 2.347510337830e+00 2.835869073868e+00 4.820170879364e+00 7.593007564545e+00 2.222238922119e+01 5.131513214111e+01 1.830018424988e+01 2.919125556946e+00 1.835209250450e+00 1.343211293221e+00 9.561544060707e-01 7.181730866432e-01 6.585611701012e-01 6.592245101929e-01 7.195008397102e-01 9.633676409721e-01 1.327756404877e+00 1.520617842674e+00 1.541917324066e+00 3.163143157959e+00 1.923790931702e+00 2.191698074341e+00 4.605032444000e+00 1.544737815857e+01 4.182239532471e+01 5.629668045044e+01 5.975899124146e+01 4.648813629150e+01 3.541961669922e+01 5.065358734131e+01 3.468468475342e+01 2.392859649658e+01 2.699191665649e+01 3.531861877441e+01 3.188181686401e+01 2.153133773804e+01 2.001261711121e+01 1.943659591675e+01 1.901015090942e+01 2.214251136780e+01 2.672867012024e+01
2.071678400040e+00 1.726570844650e+00 2.151432275772e+00 4.844705581665e+00 1.397067737579e+01 3.017507171631e+01 3.930117034912e+01 2.412289619446e+01 2.608474493027e+00 1.771771550179e+00 1.292686104774e+00 1.077152132988e+00 8.414379954338e-01 6.819503903389e-01 6.001360416412e-01 6.233503222466e-01 6.526973247528e-01 7.945973277092e-01 1.147267937660e+00 1.413577437401e+00 1.503372550011e+00 1.549783825874e+00 1.560918688774e+00 2.317474126816e+00 5.576835155487e+00 1.452958774567e+01 1.777300453186e+01 1.755113792419e+01 3.517155838013e+01 4.055111694336e+01 4.774665832520e+01 3.060848808289e+01 3.925252532959e+01 2.875770378113e+01 3.308037185669e+01 3.881771469116e+01 7.713983917236e+01 4.851789474487e+01 2.858078193665e+01 2.238826942444e+01 2.299727821350e+01 2.256601905823e+01 2.177753829956e+01
1.356552958488e+00 1.407631158829e+00 1.777317762375e+00 2.239633083344e+00 5.513530731201e+00 3.165742874146e+01 1.943070793152e+01 2.653225898743e+00 1.548790574074e+00 1.380612254143e+00 1.161818265915e+00 9.809393882751e-01 7.750600576401e-01 6.541976332664e-01 5.813915729523e-01 6.383036375046e-01 6.706187725067e-01 6.530616283417e-01 9.409689307213e-01 1.202711105347e+00 1.360994338989e+00 1.354575157166e+00 1.647176146507e+00 2.651995182037e+00 8.246203422546e+00 1.642697715759e+01 9.797784805298e+00 1.284505462646e+01 1.220594882965e+01 6.148731994629e+01 8.924345397949e+01 4.899623107910e+01 2.714948081970e+01 3.643334960938e+01 1.476179695129e+01 1.536592292786e+01 5.618453598022e+01 2.711553192139e+01 2.174146461487e+01 1.644176673889e+01 1.687680244446e+01 1.880670166016e+01 2.056434822083e+01
1.115286350250e+00 1.219750523567e+00 1.433477759361e+00 1.810659646988e+00 1.999017596245e+00 2.818855047226e+00 3.117039203644e+00 2.132742643356e+00 1.137081503868e+00 1.170404911041e+00 1.023823380470e+00 9.396054148674e-01 7.681546807289e-01 6.278548836708e-01 6.338595747948e-01 6.446392536163e-01 6.847403049469e-01 6.889286637306e-01 7.904714941978e-01 1.016978621483e+00 1.198385596275e+00 1.281418442726e+00 1.360295176506e+00 2.169649124146e+00 6.069049835205e+00 3.795200586319e+00 3.801013231277e+00 5.918487548828e+00 1.354428100586e+01 2.661655807495e+01 2.819298934937e+01 3.581533432007e+01 5.646015167236e+01 3.060816001892e+01 2.926016998291e+01 2.220792579651e+01 2.302146911621e+01 1.947707366943e+01 1.070699501038e+01 1.305490016937e+01 1.273570919037e+01 1.349097824097e+01 1.704545783997e+01
8.776397109032e-01 9.875861406326e-01 1.180698513985e+00 1.448464632034e+00 1.555484414101e+00 1.722532868385e+00 1.817384958267e+00 1.147530674934e+00 9.885030388832e-01 1.033604741096e+00 9.613041281700e-01 8.319060206413e-01 7.002924680710e-01 6.329724788666e-01 6.168131828308e-01 7.043753266335e-01 7.031797170639e-01 6.038671731949e-01 6.968554258347e-01 8.864229321480e-01 1.051213622093e+00 1.220994949341e+00 1.680808544159e+00 1.779028177261e+00 1.797914385796e+00 2.509146690369e+00 2.410518884659e+00 5.888235092163e+00 8.262057304382e+00 1.105382251740e+01 2.304046249390e+01 4.014520645142e+01 3.035525512695e+01 5.559655761719e+01 3.558699798584e+01 2.017986106873e+01 1.696919250488e+01 1.513617801666e+01 1.795724296570e+01 1.701852989197e+01 2.124904060364e+01 2.069215011597e+01 2.419410705566e+01
8.075214624405e-01 8.148564100266e-01 9.142964482307e-01 1.021224379539e+00 1.100152730942e+00 1.081924319267e+00 1.035913944244e+00 1.009061694145e+00 1.091932773590e+00 1.078933238983e+00 1.006009340286e+00 8.801095485687e-01 7.241572737694e-01 6.486843228340e-01 5.853734612465e-01 5.753209590912e-01 6.465063095093e-01 6.543126702309e-01 6.582758426666e-01 7.965933084488e-01 9.244204163551e-01 1.093142628670e+00 1.604180097580e+00 1.812135934830e+00 1.949671268463e+00 4.058443546295e+00 5.561523437500e+00 7.115909576416e+00 9.942939758301e+00 1.078374862671e+01 2.367850494385e+01 4.445472717285e+01 2.113987922668e+01 2.269775390625e+01 4.073732757568e+01 3.527434921265e+01 2.393010902405e+01 2.063319778442e+01 2.485573005676e+01 1.293415451050e+01 1.731896591187e+01 2.030125236511e+01 2.411965560913e+01
6.664872765541e-01 7.642658948898e-01 8.006994128227e-01 7.936562895775e-01 8.893286585808e-01 9.864118099213e-01 1.063253879547e+00 9.441466331482e-01 8.925458788872e-01 9.204600453377e-01 9.880787134171e-01 9.857556223869e-01 8.539118170738e-01 7.334986329079e-01 6.957371830940e-01 6.370162367821e-01 5.494875907898e-01 5.942329168320e-01 6.753125190735e-01 7.489889860153e-01 8.245923519135e-01 9.552822113037e-01 1.366971254349e+00 1.345795035362e+00 1.536895036697e+00 3.646776914597e+00 7.764961719513e+00 1.047192764282e+01 1.468414497375e+01 7.722419738770e+00 2.318563461304e+01 1.167310237885e+01 1.241237640381e+01 1.462523841858e+01 2.372560691833e+01 2.571333503723e+01 3.307722854614e+01 3.063389968872e+01 2.200741004944e+01 1.873013305664e+01 1.454543209076e+01 1.565907573700e+01 1.215430355072e+01
6.595572233200e-01 7.274982929230e-01 7.226502895355e-01 7.218791842461e-01 7.718433141708e-01 8.840240836143e-01 9.575119018555e-01 8.561235070229e-01 6.834512352943e-01 7.319262623787e-01 7.921112775803e-01 8.953723311424e-01 9.338362812996e-01 7.826376557350e-01 7.448648214340e-01 9.114533066750e-01 8.094682693481e-01 6.432909369469e-01 7.025812268257e-01 7.340347766876e-01 8.934857249260e-01 9.913169145584e-01 1.076130509377e+00 1.370782375336e+00 1.594778656960e+00 2.683571815491e+00 5.562479496002e+00 6.666428089142e+00 9.131525993347e+00 5.190628051758e+00 1.131088256836e+01 8.811179161072e+00 1.437497615814e+01 8.904303550720e+00 1.774962425232e+01 1.287191963196e+01 2.005638122559e+01 2.495128059387e+01 2.258463668823e+01 3.086592102051e+01 2.846352958679e+01 2.292901229858e+01 1.969613456726e+01
6.331307291985e-01 6.827947497368e-01 6.556740999222e-01 6.558082699776e-01 6.591407656670e-01 6.607617735863e-01 7.324488162994e-01 6.932778358459e-01 8.396041989326e-01 9.082970023155e-01 8.301174640656e-01 8.203594684601e-01 8.874396085739e-01 9.295046329498e-01 8.715341687202e-01 1.125223040581e+00 1.003909945488e+00 7.609838843346e-01 7.685828208923e-01 7.559127211571e-01 8.685036897659e-01 9.408775568008e-01 1.062485456467e+00 1.412787675858e+00 1.664766788483e+00 2.398363590240e+00 3.606205701828e+00 4.121570110321e+00 4.476743698120e+00 5.669663429260e+00 9.922379493713e+00 1.491881275177e+01 9.877638816833e+00 2.476446723938e+01 8.312895774841e+00 1.104084777832e+01 2.150592613220e+01 3.034088706970e+01 1.502791595459e+01 1.693343544006e+01 1.120616531372e+01 2.030358123779e+01 1.809825706482e+01
5.633199810982e-01 6.071472167969e-01 5.828694701195e-01 5.634836554527e-01 5.234905481339e-01 5.357640385628e-01 5.650478601456e-01 7.688641548157e-01 9.541573524475e-01 9.806619286537e-01 8.669540882111e-01 9.163324236870e-01 1.014685988426e+00 9.969412684441e-01 9.966431856155e-01 1.043541193008e+00 1.120308518410e+00 1.316610574722e+00 1.176563262939e+00 1.058320045471e+00 1.058230996132e+00 1.141304373741e+00 1.361524462700e+00 1.438926935196e+00 1.697595357895e+00 2.066621780396e+00 3.421331167221e+00 3.359972476959e+00 6.634102821350e+00 1.318275451660e+01 1.607061767578e+01 7.792012691498e+00 7.856976509094e+00 2.448068809509e+01 1.265493583679e+01 1.564146995544e+01 1.397659587860e+01 1.792654991150e+01 1.306225872040e+01 5.089965343475e+00 4.868928909302e+00 6.571401119232e+00 1.263899993896e+01
5.171522498131e-01 5.169475674629e-01 5.118907094002e-01 5.037518143654e-01 5.163493156433e-01 5.518580079079e-01 5.799099206924e-01 7.150239348412e-01 8.018993139267e-01 7.743701934814e-01 9.099406003952e-01 9.759275913239e-01 9.442868232727e-01 9.862987399101e-01 1.331198573112e+00 1.849346399307e+00 2.100445985794e+00 2.648825407028e+00 2.636381626129e+00 2.868813276291e+00 2.035929203033e+00 1.904400229454e+00 2.204622268677e+00 1.848578095436e+00 2.116960763931e+00 2.923133850098e+00 8.650090217590e+00 8.067296028137e+00 8.585281372070e+00 1.143540763855e+01 5.918203353882e+00 6.231598854065e+00 8.563786506653e+00 4.920989036560e+00 2.599339485168e+01 3.583476638794e+01 3.189668846130e+01 7.618313312531e+00 3.622817516327e+00 3.026045560837e+00 2.957263469696e+00 3.483416795731e+00 3.673858642578e+00
4.793454408646e-01 4.963542819023e-01 4.759982228279e-01 5.110328197479e-01 5.574442744255e-01 6.385082602501e-01 6.399119496346e-01 7.322474718094e-01 8.215511441231e-01 9.686045646667e-01 1.001130461693e+00 1.183669686317e+00 1.235561251640e+00 1.138667583466e+00 2.845187664032e+00 1.021135044098e+01 8.079033851624e+00 4.536393642426e+00 5.088973045349e+00 6.382822036743e+00 4.733799934387e+00 2.443788766861e+00 2.838376522064e+00 3.551803588867e+00 3.462581157684e+00 6.478590488434e+00 9.077625274658e+00 7.928076744080e+00 6.580426692963e+00 5.820493221283e+00 6.627016544342e+00 6.356046199799e+00 4.742429256439e+00 3.978744029999e+00 6.725503921509e+00 3.049186515808e+01 3.164962959290e+01 6.544481754303e+00 2.400160312653e+00 2.450082302094e+00 2.248797893524e+00 2.163027286530e+00 3.523882150650e+00
4.791187345982e-01 5.151599645615e-01 6.432202458382e-01 7.183421850204e-01 6.589289903641e-01 1.090262532234e+00 1.280204534531e+00 1.312520503998e+00 1.129031777382e+00 1.144792914391e+00 1.250633597374e+00 1.565039873123e+00 1.555296659470e+00 5.630781173706e+00 4.033295440674e+01 5.132172393799e+01 2.420301437378e+01 1.289518642426e+01 1.040882682800e+01 8.277724266052e+00 4.047592163086e+00 3.892091989517e+00 8.402134895325e+00 1.790324020386e+01 1.470106124878e+01 7.841863155365e+00 9.206894874573e+00 7.507284641266e+00 7.948502063751e+00 5.617673397064e+00 1.417522239685e+01 5.666822433472e+00 4.206003189087e+00 2.991880655289e+00 2.042015314102e+00 6.322832584381e+00 6.952713012695e+00 1.711044192314e+00 1.192465186119e+00 1.404489040375e+00 1.738596439362e+00 1.947032094002e+00 1.823461174965e+00
5.766321420670e-01 9.047495722771e-01 1.231154918671e+00 1.337241768837e+00 1.733498215675e+00 2.302239418030e+00 2.260804653168e+00 1.993086338043e+00 1.711656212807e+00 1.319988012314e+00 1.681788444519e+00 1.855485439301e+00 9.907464981079e+00 5.513514328003e+01 7.620455169678e+01 2.689055252075e+01 8.058574676514e+00 4.977204799652e+00 5.200133800507e+00 4.568238735199e+00 4.283907413483e+00 9.740325927734e+00 1.920618247986e+01 2.537504196167e+01 2.040604209900e+01 1.045848655701e+01 7.320293426514e+00 5.258414268494e+00 4.870885848999e+00 4.254501819611e+00 6.028016090393e+00 2.654744386673e+00 3.048160791397e+00 2.478439807892e+00 1.564759135246e+00 9.327474832535e-01 7.790268063545e-01 7.685203552246e-01 7.993120551109e-01 9.963963031769e-01 1.338921427727e+00 1.696811556816e+00 1.739439129829e+00
9.510155916214e-01 1.418292284012e+00 1.881106019020e+00 2.706167459488e+00 5.218541145325e+00 5.132122993469e+00 7.119401454926e+00 5.506639480591e+00 6.266582965851e+00 3.727064609528e+00 2.018881082535e+00 1.279171180725e+01 5.185766601562e+01 5.196485900879e+01 1.370770168304e+01 4.043055534363e+00 7.396017074585e+00 9.774254798889e+00 7.111557483673e+00 8.171045303345e+00 9.862186431885e+00 1.004049015045e+01 1.450168037415e+01 1.189076614380e+01 7.966117382050e+00 6.259453296661e+00 3.908881664276e+00 1.536217331886e+00 1.599430084229e+00 1.520692229271e+00 1.951364636421e+00 1.431708097458e+00 1.279684662819e+00 8.941851854324e-01 9.155608415604e-01 9.348054528236e-01 9.665971994400e-01 1.016758561134e+00 1.083506345749e+00 1.169776201248e+00 1.187298059464e+00 1.420270562172e+00 1.853493213654e+00
