VariationalSeries/SI/f24.grd
DSAA
101	101
32.816463539100	34.260883539100
35.556306596100	36.727886596100
7.634410168976e-03	1.375627441406e+03
[rows 19 to 37 of 101, columns 43 to 85 of 101]
1.272183036804e+01 1.608984756470e+01 2.091229057312e+01 2.131905364990e+01 1.381933498383e+01 2.178066253662e+01 1.033840847015e+01 1.143254756927e+01 1.172634506226e+01 1.188741111755e+01 1.084519004822e+01 1.654966545105e+01 1.998196411133e+01 2.034899139404e+01 1.353425979614e+01 1.656400489807e+01 2.156366157532e+01 2.032201576233e+01 1.127706813812e+01 1.815096855164e+01 8.254322052002e+00 1.155509662628e+01 1.547227382660e+01 7.712192058563e+00 7.743416309357e+00 8.553173065186e+00 7.295300483704e+00 9.478683471680e+00 8.786687850952e+00 6.929286956787e+00 7.443800449371e+00 9.552240371704e+00 1.076204013824e+01 8.328191757202e+00 8.018775939941e+00 6.175578117371e+00 4.251605033875e+00 4.970730304718e+00 5.495717048645e+00 4.572188377380e+00 3.907029628754e+00 3.668273210526e+00 3.989804506302e+00
1.125282192230e+01 1.576768493652e+01 2.233994102478e+01 2.576049613953e+01 1.867523384094e+01 1.925820732117e+01 1.064686775208e+01 1.212473201752e+01 1.021260452271e+01 1.277066802979e+01 1.335081291199e+01 1.552503967285e+01 2.145099067688e+01 2.167909240723e+01 1.650796127319e+01 1.794058036804e+01 2.109007453918e+01 2.298205947876e+01 1.331871604919e+01 1.757080459595e+01 9.448219299316e+00 1.753639984131e+01 2.176744270325e+01 9.744308471680e+00 9.036093711853e+00 8.762669563293e+00 9.276982307434e+00 9.804089546204e+00 7.638750076294e+00 7.369710922241e+00 9.667580604553e+00 1.257715797424e+01 1.121388721466e+01 9.647241592407e+00 7.505168914795e+00 6.190798759460e+00 4.740852355957e+00 5.807094573975e+00 4.502365589142e+00 3.520056724548e+00 3.755939960480e+00 3.506328582764e+00 3.651545763016e+00
1.208087921143e+01 1.752457618713e+01 2.063860511780e+01 2.696579170227e+01 2.299782752991e+01 1.647605323792e+01 1.108119106293e+01 1.286057376862e+01 9.709723472595e+00 1.199898433685e+01 1.264297485352e+01 1.465911769867e+01 2.045947456360e+01 2.328507804871e+01 1.994052314758e+01 1.916415214539e+01 2.023637008667e+01 2.514877319336e+01 1.519804668427e+01 1.630123901367e+01 1.063608741760e+01 2.176954269409e+01 2.388129615784e+01 1.096052455902e+01 8.833959579468e+00 1.043857669830e+01 1.046702194214e+01 8.488619804382e+00 6.875857353210e+00 9.636186599731e+00 1.344363880157e+01 1.300135517120e+01 8.775324821472e+00 1.101028060913e+01 7.443594932556e+00 5.706343650818e+00 5.634994506836e+00 5.969165325165e+00 4.630175113678e+00 3.569776773453e+00 3.571396827698e+00 2.763274192810e+00 2.726241827011e+00
1.150627231598e+01 1.656742477417e+01 1.752294540405e+01 2.575722312927e+01 2.545664978027e+01 1.691795349121e+01 1.417477416992e+01 1.363820075989e+01 9.573213577271e+00 1.054567813873e+01 1.301844978333e+01 1.487727451324e+01 1.705538368225e+01 2.493989562988e+01 2.226425361633e+01 1.865494537354e+01 1.874749374390e+01 2.701143455505e+01 1.675564002991e+01 1.462619590759e+01 1.182212829590e+01 2.166863822937e+01 2.086186408997e+01 1.012689304352e+01 9.361367225647e+00 1.142750835419e+01 9.505207061768e+00 7.370475292206e+00 1.015034103394e+01 1.423874568939e+01 1.396224021912e+01 9.693015098572e+00 7.627354621887e+00 1.144729709625e+01 5.434349536896e+00 5.606689453125e+00 6.948829174042e+00 5.239013671875e+00 5.309324264526e+00 3.452610731125e+00 3.809777975082e+00 3.207244873047e+00 2.891605854034e+00
9.350890159607e+00 1.145217418671e+01 1.767244720459e+01 2.284043693542e+01 2.568204116821e+01 1.708562088013e+01 1.768080329895e+01 1.483365249634e+01 1.040726757050e+01 9.469581604004e+00 1.357527923584e+01 1.454252338409e+01 1.783424949646e+01 2.682486915588e+01 2.261462402344e+01 1.754096221924e+01 1.690084838867e+01 2.817264175415e+01 1.789113426208e+01 1.697531700134e+01 1.391001415253e+01 1.786947250366e+01 1.561382198334e+01 9.249014854431e+00 1.191980266571e+01 1.105507755280e+01 7.739933490753e+00 1.083101367950e+01 1.544657897949e+01 1.497768783569e+01 1.016129016876e+01 6.219022750854e+00 8.611721992493e+00 1.074777221680e+01 5.822138309479e+00 6.022862434387e+00 7.318374156952e+00 5.164681911469e+00 5.825931072235e+00 3.558574914932e+00 3.624019861221e+00 3.092522382736e+00 3.163568735123e+00
1.263848972321e+01 1.209862232208e+01 2.000723457336e+01 1.935551071167e+01 2.446562957764e+01 1.910974502563e+01 1.700677299500e+01 1.883096122742e+01 1.636529159546e+01 1.250723934174e+01 1.370839881897e+01 1.375423526764e+01 1.947462081909e+01 2.873633003235e+01 2.038594818115e+01 1.686251640320e+01 1.443114376068e+01 2.885629653931e+01 2.174458503723e+01 1.882159996033e+01 1.646161651611e+01 1.747692489624e+01 1.057340335846e+01 1.152071189880e+01 1.223401832581e+01 8.232570648193e+00 1.177609920502e+01 1.667747879028e+01 1.584147262573e+01 1.061014175415e+01 5.678316116333e+00 4.903153419495e+00 1.151807022095e+01 8.994825363159e+00 5.505970478058e+00 7.799683094025e+00 6.642118930817e+00 5.208172321320e+00 6.191539764404e+00 4.408729076385e+00 3.351173162460e+00 3.190967798233e+00 2.797238588333e+00
1.981547355652e+01 1.234604167938e+01 1.212992763519e+01 2.070319747925e+01 2.260020637512e+01 2.022814941406e+01 1.566526508331e+01 1.729403305054e+01 1.965310668945e+01 1.930640220642e+01 1.645949363708e+01 1.978542518616e+01 2.120267295837e+01 2.991523361206e+01 1.770462417603e+01 1.540899085999e+01 1.974332046509e+01 2.911402511597e+01 2.464834785461e+01 1.810862541199e+01 1.776033973694e+01 1.885180091858e+01 1.186107826233e+01 1.254749679565e+01 9.866993904114e+00 1.234881305695e+01 1.818905448914e+01 1.700092506409e+01 1.105101490021e+01 7.596972465515e+00 1.070332908630e+01 6.817594528198e+00 1.343908405304e+01 7.869771957397e+00 6.500799179077e+00 8.335633277893e+00 7.976290225983e+00 5.542500495911e+00 6.394734382629e+00 4.873373031616e+00 3.031153440475e+00 2.933312892914e+00 3.400721311569e+00
2.647630310059e+01 1.271165657043e+01 1.223405456543e+01 1.915326499939e+01 2.041859626770e+01 2.076653862000e+01 1.693441390991e+01 1.748325729370e+01 1.641237068176e+01 2.124596977234e+01 2.317607879639e+01 2.019189834595e+01 2.293794250488e+01 3.035848808289e+01 1.541648197174e+01 2.322760200500e+01 2.769871711731e+01 2.921100425720e+01 2.400308799744e+01 1.439714527130e+01 1.688883018494e+01 1.727455711365e+01 1.206592464447e+01 1.036944007874e+01 1.247912788391e+01 1.938046264648e+01 1.864934349060e+01 1.166769218445e+01 1.055311393738e+01 1.487323474884e+01 1.351887035370e+01 1.225593471527e+01 1.309460353851e+01 8.790490150452e+00 8.356404304504e+00 6.906785488129e+00 8.682387351990e+00 5.877038478851e+00 6.420056819916e+00 4.852673530579e+00 3.096102714539e+00 3.726942300797e+00 4.789525032043e+00
2.890711402893e+01 1.307272338867e+01 1.482642936707e+01 1.278981876373e+01 2.168601799011e+01 2.106305313110e+01 1.803639984131e+01 1.859964370728e+01 1.655020713806e+01 2.202919387817e+01 2.243993949890e+01 1.954284667969e+01 2.450718116760e+01 2.930224227905e+01 2.541099548340e+01 3.075960159302e+01 2.959000587463e+01 2.845189094543e+01 1.638401794434e+01 1.468648910522e+01 1.732287216187e+01 1.743853950500e+01 1.139332962036e+01 1.197424793243e+01 2.024583053589e+01 2.062192726135e+01 1.291201972961e+01 1.103783988953e+01 1.617020416260e+01 1.340943813324e+01 1.076752090454e+01 1.234854984283e+01 1.015538406372e+01 9.292315483093e+00 8.272177696228e+00 5.496448993683e+00 8.490952491760e+00 6.370802879333e+00 6.297776222229e+00 4.403461933136e+00 4.049584388733e+00 5.320708274841e+00 6.011722087860e+00
2.540808868408e+01 1.900850677490e+01 1.720772933960e+01 1.239117336273e+01 1.638964843750e+01 2.114244461060e+01 2.168577384949e+01 1.980477333069e+01 2.285486984253e+01 3.382193374634e+01 1.943358612061e+01 1.763793945312e+01 2.556555557251e+01 2.702046966553e+01 3.294887161255e+01 3.174940490723e+01 2.749794578552e+01 2.758032798767e+01 1.782419586182e+01 1.977082824707e+01 1.802104759216e+01 1.739000892639e+01 1.096575641632e+01 2.058336448669e+01 2.276445388794e+01 1.470117187500e+01 1.263020992279e+01 1.716258430481e+01 1.510172462463e+01 9.819355964661e+00 1.430143642426e+01 1.294749832153e+01 7.273407936096e+00 8.827752113342e+00 7.004904747009e+00 7.531911373138e+00 7.716329574585e+00 6.865765571594e+00 6.156866073608e+00 5.671230792999e+00 6.604976654053e+00 7.408565044403e+00 6.246239185333e+00
1.719937515259e+01 2.854679107666e+01 1.888924789429e+01 1.525295829773e+01 1.826404953003e+01 2.099549674988e+01 2.008736419678e+01 2.123655700684e+01 2.997550964355e+01 4.200432586670e+01 2.835403823853e+01 1.924704360962e+01 2.580897331238e+01 3.150820732117e+01 3.359302520752e+01 4.385068511963e+01 2.344872856140e+01 2.564580535889e+01 1.945512962341e+01 2.004328536987e+01 1.805558967590e+01 1.655868339539e+01 2.042447662354e+01 2.420457649231e+01 1.660311698914e+01 1.421720981598e+01 1.693089103699e+01 1.684005737305e+01 1.418700408936e+01 1.436030483246e+01 1.522724056244e+01 8.872742652893e+00 8.408395767212e+00 7.546373844147e+00 6.154781818390e+00 5.744413375854e+00 1.023258399963e+01 8.066432952881e+00 7.350652217865e+00 8.805068969727e+00 8.768759727478e+00 6.435118675232e+00 4.054732799530e+00
1.877049636841e+01 3.159128570557e+01 1.957549858093e+01 1.688840866089e+01 2.157689666748e+01 2.018599510193e+01 2.095044898987e+01 2.609511184692e+01 3.461419677734e+01 4.235441970825e+01 3.399100494385e+01 3.300338745117e+01 2.914489555359e+01 3.457849884033e+01 3.864916229248e+01 5.591550827026e+01 2.452951049805e+01 2.634780120850e+01 2.616715049744e+01 2.145550155640e+01 1.704063987732e+01 2.041873931885e+01 2.550922775269e+01 1.831407928467e+01 1.591940784454e+01 1.667885589600e+01 1.612512207031e+01 1.752253723145e+01 1.708886909485e+01 1.732052993774e+01 1.307044315338e+01 7.388570785522e+00 1.003322029114e+01 5.829700946808e+00 6.139098167419e+00 6.201389789581e+00 1.411172676086e+01 9.676478385925e+00 1.013730049133e+01 8.162956237793e+00 4.962543964386e+00 2.691908836365e+00 2.640430212021e+00
3.732713699341e+01 2.501816177368e+01 2.746094894409e+01 1.796498298645e+01 2.600805473328e+01 2.015775108337e+01 2.265764236450e+01 3.023890686035e+01 3.652989196777e+01 3.603379058838e+01 3.284124374390e+01 3.261296463013e+01 3.283258819580e+01 2.655214881897e+01 2.680882644653e+01 3.602500152588e+01 2.121996688843e+01 2.609131431580e+01 2.851853942871e+01 2.383775520325e+01 2.128070259094e+01 2.675320053101e+01 1.999879455566e+01 1.754353141785e+01 1.627642250061e+01 1.504007816315e+01 1.583066749573e+01 1.877847862244e+01 1.888121986389e+01 1.709598159790e+01 1.059328842163e+01 6.994778156281e+00 1.067016124725e+01 8.415316581726e+00 1.012575054169e+01 1.075158786774e+01 1.592825126648e+01 9.226643562317e+00 7.330707073212e+00 4.964448928833e+00 4.457104206085e+00 3.540374040604e+00 3.573018550873e+00
6.096540069580e+01 2.655655670166e+01 3.070132064819e+01 2.251965141296e+01 2.894964408875e+01 2.470688629150e+01 2.485303115845e+01 3.480905532837e+01 3.765575790405e+01 3.005516815186e+01 3.927882385254e+01 4.805596923828e+01 2.843004798889e+01 3.322770690918e+01 2.006609344482e+01 2.399184608459e+01 2.206157684326e+01 2.549192237854e+01 2.460226249695e+01 2.240427207947e+01 2.846655273438e+01 2.164146423340e+01 1.859370422363e+01 1.646950912476e+01 1.763211631775e+01 1.717429351807e+01 1.672141647339e+01 2.085110282898e+01 2.097350502014e+01 1.874741935730e+01 1.291698360443e+01 1.170765781403e+01 1.160345649719e+01 1.015247344971e+01 9.833502769470e+00 1.528912544250e+01 1.312630748749e+01 6.148534297943e+00 6.648692131042e+00 6.801228523254e+00 6.310169219971e+00 4.884105682373e+00 3.864429473877e+00
6.742315673828e+01 6.990857696533e+01 3.020615386963e+01 2.946228027344e+01 3.201374816895e+01 2.999370956421e+01 4.188606643677e+01 3.911059188843e+01 3.726166915894e+01 2.805487251282e+01 4.290587997437e+01 5.387817001343e+01 3.226798248291e+01 3.233801269531e+01 2.459999465942e+01 2.499015617371e+01 2.670395088196e+01 2.520753288269e+01 2.447550582886e+01 3.055393218994e+01 2.375813293457e+01 2.133339881897e+01 1.825161933899e+01 1.427514362335e+01 1.804394912720e+01 1.917099189758e+01 1.812634277344e+01 2.250202560425e+01 2.344589424133e+01 2.057498550415e+01 1.533043289185e+01 1.123147010803e+01 9.995758056641e+00 8.495567321777e+00 1.388846683502e+01 1.586629295349e+01 7.072316169739e+00 6.999543666840e+00 7.304303646088e+00 7.410982608795e+00 7.008352756500e+00 5.863533973694e+00 4.077011108398e+00
3.260054016113e+01 9.513730621338e+01 6.911254882812e+01 2.958809661865e+01 3.387700653076e+01 3.747322082520e+01 4.052668762207e+01 4.119308090210e+01 3.318769073486e+01 2.939734649658e+01 4.899733352661e+01 5.304895401001e+01 4.181121826172e+01 2.829233360291e+01 2.567787551880e+01 2.899232673645e+01 4.694411087036e+01 2.934856033325e+01 3.397960281372e+01 2.614634132385e+01 1.975817680359e+01 1.924376487732e+01 1.583964443207e+01 2.004237365723e+01 2.001951217651e+01 2.224449348450e+01 2.428105545044e+01 1.933736991882e+01 2.252758789062e+01 2.250267028809e+01 1.749701499939e+01 9.638533592224e+00 9.506133079529e+00 1.471595096588e+01 1.592513656616e+01 9.305221557617e+00 6.213980197906e+00 6.282610416412e+00 6.262072563171e+00 6.359966278076e+00 6.338982105255e+00 5.873941898346e+00 4.944286346436e+00
5.972374343872e+01 4.590787887573e+01 1.111984329224e+02 5.152899169922e+01 3.441610336304e+01 4.623159027100e+01 3.451150894165e+01 3.860895156860e+01 5.102113723755e+01 3.873229598999e+01 5.329140090942e+01 4.247642517090e+01 4.476314926147e+01 3.760139465332e+01 3.066242218018e+01 2.864510345459e+01 6.818496704102e+01 4.095066452026e+01 3.175584030151e+01 3.995996856689e+01 2.386805725098e+01 1.967133331299e+01 2.099102973938e+01 2.208670616150e+01 2.129198265076e+01 2.176120185852e+01 3.065289306641e+01 1.902385520935e+01 2.349092864990e+01 2.452532577515e+01 1.988899421692e+01 1.282355308533e+01 1.624257659912e+01 1.500676441193e+01 8.579609870911e+00 7.403145313263e+00 6.991014003754e+00 6.544992923737e+00 6.082646369934e+00 5.661556720734e+00 5.469290256500e+00 5.652974128723e+00 5.141329288483e+00
8.122583007812e+01 1.060657653809e+02 6.440715789795e+01 1.095096664429e+02 4.169118499756e+01 5.618026733398e+01 4.780431747437e+01 5.100836181641e+01 7.145645141602e+01 5.775262069702e+01 6.582376098633e+01 4.018842315674e+01 4.085545349121e+01 4.266172409058e+01 3.833249664307e+01 3.012724876404e+01 7.985132598877e+01 4.500524520874e+01 4.705774307251e+01 3.273910522461e+01 1.807017326355e+01 1.956988334656e+01 2.474127006531e+01 2.235641098022e+01 2.047207641602e+01 1.901519012451e+01 2.994775962830e+01 2.093923377991e+01 2.644639778137e+01 2.609185981750e+01 2.069289588928e+01 1.642784118652e+01 1.230703735352e+01 6.723451614380e+00 6.251440048218e+00 6.365863800049e+00 6.438262462616e+00 6.875846385956e+00 6.745641708374e+00 6.394075393677e+00 6.911809921265e+00 8.022341728210e+00 8.366482734680e+00
1.575582733154e+02 1.070610961914e+02 1.133778381348e+02 9.350795745850e+01 8.454470825195e+01 6.340247726440e+01 6.916319274902e+01 6.144829177856e+01 6.152654266357e+01 6.807888793945e+01 7.787128448486e+01 4.662890625000e+01 4.051148986816e+01 4.359448242188e+01 4.783156204224e+01 4.519457244873e+01 6.140403747559e+01 4.498873519897e+01 4.483890151978e+01 3.577914047241e+01 2.929938888550e+01 3.457811355591e+01 3.469039154053e+01 2.870973396301e+01 2.098458862305e+01 1.826810073853e+01 2.355230140686e+01 2.584192848206e+01 2.745071792603e+01 2.294654846191e+01 1.611181831360e+01 9.861295700073e+00 8.625098228455e+00 9.446618080139e+00 1.115411281586e+01 1.221354389191e+01 1.275717258453e+01 1.268158817291e+01 1.202474689484e+01 1.099365520477e+01 9.991253852844e+00 9.799085617065e+00 8.671387672424e+00
