VariationalSeries/SI/f24.grd
DSAA
101	101
32.816463539100	34.260883539100
35.556306596100	36.727886596100
7.634410168976e-03	1.375627441406e+03
[rows 38 to 56 of 101, columns 43 to 85 of 101]
8.042021942139e+01 1.237110671997e+02 1.359412689209e+02 7.637606048584e+01 1.340749053955e+02 6.621283721924e+01 6.610330200195e+01 9.192565917969e+01 7.687490081787e+01 6.193143081665e+01 9.011859130859e+01 4.731696319580e+01 5.285644149780e+01 4.528558349609e+01 6.889945983887e+01 5.091496658325e+01 5.330065917969e+01 3.154698944092e+01 4.206023025513e+01 6.332360076904e+01 6.410951232910e+01 4.891588211060e+01 3.368541336060e+01 2.670998001099e+01 2.308265304565e+01 2.045218467712e+01 1.985235786438e+01 2.034417152405e+01 1.812567710876e+01 1.362534332275e+01 1.338039875031e+01 1.582735443115e+01 1.807756805420e+01 1.858129119873e+01 1.882619476318e+01 1.884942817688e+01 1.854492187500e+01 1.712001228333e+01 1.519065952301e+01 1.352406787872e+01 1.217211723328e+01 1.189318847656e+01 1.030823135376e+01
8.005108642578e+01 1.653561859131e+02 1.098696441650e+02 1.530875244141e+02 1.094515762329e+02 1.497053070068e+02 1.312994842529e+02 8.062094116211e+01 8.048197174072e+01 6.217083740234e+01 1.030137710571e+02 6.839976501465e+01 4.207798004150e+01 5.078732299805e+01 9.194382476807e+01 5.382191467285e+01 6.259843826294e+01 9.729847717285e+01 8.676292419434e+01 5.846002578735e+01 3.923994064331e+01 2.690378189087e+01 2.514651679993e+01 2.224383926392e+01 2.202606582642e+01 2.112537384033e+01 1.854630279541e+01 1.619490432739e+01 1.457866573334e+01 1.443079853058e+01 1.581947231293e+01 1.484434032440e+01 1.217137527466e+01 1.067698383331e+01 1.032871437073e+01 8.913710594177e+00 9.226242065430e+00 1.014418220520e+01 1.115473270416e+01 1.233163356781e+01 1.334503269196e+01 1.711766815186e+01 1.772162055969e+01
1.156135406494e+02 8.314772796631e+01 1.456938171387e+02 1.126440658569e+02 1.233927307129e+02 1.591783142090e+02 9.791007232666e+01 8.954792022705e+01 6.482336425781e+01 6.682358551025e+01 1.110669784546e+02 6.205184555054e+01 6.288259124756e+01 6.143639755249e+01 7.487661743164e+01 1.206486892700e+02 8.208222198486e+01 4.201316070557e+01 3.908935928345e+01 2.611260032654e+01 2.008032989502e+01 2.807687187195e+01 3.697982406616e+01 3.315822982788e+01 2.408934211731e+01 2.071368789673e+01 2.029329490662e+01 1.873221397400e+01 1.618115997314e+01 1.503098869324e+01 1.411165237427e+01 1.470140552521e+01 1.406851863861e+01 1.307715320587e+01 1.284876060486e+01 1.349654388428e+01 1.331500434875e+01 1.208716678619e+01 1.511402893066e+01 2.066948127747e+01 1.708380317688e+01 1.248383712769e+01 1.080350494385e+01
1.300386352539e+02 1.184771652222e+02 1.912444763184e+02 1.618091430664e+02 1.558940582275e+02 1.702910003662e+02 1.575826263428e+02 8.620391845703e+01 9.632666015625e+01 9.378335571289e+01 1.066458053589e+02 8.859595489502e+01 8.091902160645e+01 1.379954528809e+02 8.887966156006e+01 6.433253479004e+01 5.571055221558e+01 4.493522644043e+01 3.296287918091e+01 5.060787963867e+01 5.463767623901e+01 2.965025901794e+01 4.633807373047e+01 3.608900833130e+01 3.243281173706e+01 2.855699539185e+01 2.518716812134e+01 2.249164962769e+01 2.023074913025e+01 1.881614494324e+01 3.487854766846e+01 1.476716899872e+01 1.419795322418e+01 1.339960002899e+01 1.790048980713e+01 2.212597465515e+01 1.919459724426e+01 2.204530906677e+01 1.850025558472e+01 2.024324417114e+01 2.039100074768e+01 1.991494560242e+01 1.826897621155e+01
1.251830902100e+02 1.706071014404e+02 1.504458465576e+02 1.499534606934e+02 1.382755432129e+02 1.806944885254e+02 2.709993286133e+02 1.235395431519e+02 1.373594512939e+02 1.411654968262e+02 1.235814208984e+02 1.209055175781e+02 1.483773498535e+02 8.285099792480e+01 8.926497650146e+01 5.057832336426e+01 6.572206115723e+01 8.793537139893e+01 6.940074920654e+01 6.900228881836e+01 7.138269805908e+01 4.754205322266e+01 2.895547485352e+01 2.808082389832e+01 2.599959182739e+01 2.562827301025e+01 2.964331245422e+01 5.097972869873e+01 6.087331390381e+01 5.370428848267e+01 2.639429092407e+01 1.918371391296e+01 1.816669273376e+01 2.132874870300e+01 2.557357215881e+01 2.551671028137e+01 2.328859519958e+01 2.087289619446e+01 1.519607448578e+01 1.885358047485e+01 2.247469711304e+01 2.241398429871e+01 2.154319190979e+01
1.485438842773e+02 2.157062530518e+02 3.504831848145e+02 2.206501617432e+02 3.442098693848e+02 1.876365356445e+02 4.294045410156e+02 1.227765197754e+02 2.269100036621e+02 1.777197113037e+02 1.490903472900e+02 1.533378601074e+02 8.353783416748e+01 1.029422988892e+02 1.126955718994e+02 1.105036239624e+02 6.901072692871e+01 4.131277847290e+01 8.892612457275e+01 7.687090301514e+01 4.241730499268e+01 3.859414291382e+01 3.566621398926e+01 6.461576843262e+01 7.913967132568e+01 6.967777252197e+01 4.651557159424e+01 3.442689514160e+01 3.732266616821e+01 2.385603332520e+01 1.805821800232e+01 2.707195854187e+01 3.369257736206e+01 3.033872985840e+01 2.695635986328e+01 3.585847473145e+01 4.254511260986e+01 3.806791687012e+01 2.732543182373e+01 1.965548515320e+01 2.452216148376e+01 2.691582679749e+01 2.836919975281e+01
1.839083557129e+02 2.313973846436e+02 2.733417053223e+02 3.582170715332e+02 3.002513732910e+02 3.108910522461e+02 5.108129882812e+02 2.038451995850e+02 2.401575164795e+02 1.906914520264e+02 1.846034851074e+02 1.102789764404e+02 1.140908126831e+02 1.423394317627e+02 1.120533752441e+02 8.129773712158e+01 1.166546630859e+02 1.087463760376e+02 8.429394531250e+01 1.066141891479e+02 1.077193832397e+02 9.313151550293e+01 6.639621734619e+01 3.715587997437e+01 4.066139221191e+01 3.657136535645e+01 2.957597541809e+01 3.038808441162e+01 3.169297027588e+01 3.389981460571e+01 3.303949356079e+01 2.826997375488e+01 2.717124748230e+01 2.288778686523e+01 4.118179321289e+01 5.036766052246e+01 4.726060485840e+01 3.485740280151e+01 2.117547225952e+01 1.339838123322e+01 1.848130416870e+01 2.125115013123e+01 1.961536026001e+01
1.723464355469e+02 2.512131500244e+02 3.020823669434e+02 2.919258117676e+02 4.321333618164e+02 3.308270568848e+02 5.275206298828e+02 2.865321655273e+02 2.481383056641e+02 2.735583190918e+02 2.108350067139e+02 1.333378601074e+02 1.370966339111e+02 1.442075195312e+02 8.586296844482e+01 1.230253982544e+02 1.577862091064e+02 1.102178573608e+02 6.356970596313e+01 6.271030426025e+01 5.515216064453e+01 4.420642471313e+01 4.249421310425e+01 4.595266723633e+01 4.599241638184e+01 4.068736648560e+01 3.566696929932e+01 3.478086090088e+01 2.885604476929e+01 3.251026535034e+01 3.012070274353e+01 2.753635025024e+01 1.922807121277e+01 3.458489227295e+01 4.133299636841e+01 3.922649765015e+01 2.746347045898e+01 1.507097530365e+01 2.078705024719e+01 1.962517547607e+01 1.475746536255e+01 1.318325901031e+01 1.425178050995e+01
2.595321960449e+02 3.561170959473e+02 3.659815368652e+02 4.081663513184e+02 4.479546508789e+02 5.639998168945e+02 5.353754272461e+02 9.962068481445e+02 3.720135498047e+02 2.355561523438e+02 2.148955535889e+02 1.985937652588e+02 1.662766418457e+02 2.531070861816e+02 2.202535552979e+02 1.295065155029e+02 1.168029708862e+02 1.205401687622e+02 8.786864471436e+01 7.980637359619e+01 7.893381500244e+01 7.495617675781e+01 7.835045623779e+01 5.820788955688e+01 7.689205169678e+01 6.807871246338e+01 4.250132751465e+01 3.868622589111e+01 3.918949890137e+01 3.646675109863e+01 3.113053512573e+01 3.010052108765e+01 3.092305374146e+01 3.568116378784e+01 3.320054244995e+01 2.553575897217e+01 1.993395042419e+01 1.796373939514e+01 1.749629020691e+01 1.729380226135e+01 1.689027976990e+01 1.625675201416e+01 1.558457851410e+01
1.703165283203e+02 4.678896789551e+02 3.337386779785e+02 4.104009399414e+02 6.565072021484e+02 5.496593627930e+02 6.460654907227e+02 7.473052978516e+02 3.711746826172e+02 3.503439941406e+02 4.512540283203e+02 2.827640380859e+02 3.495061950684e+02 2.726356811523e+02 2.265315856934e+02 1.962836151123e+02 1.659997711182e+02 1.430331878662e+02 1.257773895264e+02 1.771072845459e+02 2.056460571289e+02 8.524039459229e+01 5.440764617920e+01 5.426005554199e+01 7.618471527100e+01 4.934248352051e+01 4.283864212036e+01 4.167215728760e+01 3.764910507202e+01 3.576702880859e+01 3.430013275146e+01 3.540676116943e+01 3.747446823120e+01 3.206192779541e+01 2.456936073303e+01 2.350433540344e+01 2.221409797668e+01 1.769676971436e+01 1.747753524780e+01 1.694100952148e+01 1.564480781555e+01 1.603097343445e+01 1.682290077209e+01
4.329733276367e+02 5.211704101562e+02 5.877431030273e+02 6.248103637695e+02 7.480036010742e+02 1.033314575195e+03 1.375627441406e+03 5.987919921875e+02 4.898207702637e+02 3.583734130859e+02 5.088778991699e+02 5.092830505371e+02 1.861352233887e+02 2.960401000977e+02 3.258737792969e+02 1.634972381592e+02 1.475316467285e+02 1.548083343506e+02 1.689214324951e+02 1.964432830811e+02 1.498475341797e+02 6.876438903809e+01 7.192014312744e+01 6.115517425537e+01 5.580045318604e+01 4.802408599854e+01 4.662227630615e+01 4.625091934204e+01 3.846186447144e+01 2.672163963318e+01 2.461915779114e+01 2.686573219299e+01 2.892349243164e+01 2.968771362305e+01 2.855200767517e+01 2.727935981750e+01 2.427473640442e+01 2.501451110840e+01 2.780944633484e+01 2.840150833130e+01 2.536372756958e+01 2.196373367310e+01 1.913865280151e+01
2.958458251953e+02 5.274269409180e+02 5.532030639648e+02 7.081046142578e+02 7.151600341797e+02 7.043847656250e+02 6.951528320312e+02 5.447888793945e+02 3.864753723145e+02 4.344978942871e+02 4.176346130371e+02 4.341199035645e+02 5.297214355469e+02 2.251672668457e+02 1.999030914307e+02 1.241060409546e+02 1.115436859131e+02 7.789474487305e+01 7.290767669678e+01 6.149270629883e+01 5.335435867310e+01 6.026196670532e+01 7.404878997803e+01 8.491612243652e+01 8.655129241943e+01 7.539117431641e+01 5.857270050049e+01 4.047349929810e+01 2.818624496460e+01 2.323832321167e+01 2.041189384460e+01 2.234533309937e+01 2.880743789673e+01 1.914097595215e+01 2.182122612000e+01 2.376438903809e+01 1.894665718079e+01 2.335113143921e+01 2.753086090088e+01 2.911331558228e+01 3.294043350220e+01 4.125276184082e+01 4.674536895752e+01
1.158168487549e+02 1.609937133789e+02 2.543364257812e+02 1.197072875977e+03 6.463899536133e+02 6.184304199219e+02 3.493949584961e+02 3.565977172852e+02 3.308643493652e+02 5.179518432617e+02 4.959383239746e+02 7.109636840820e+02 1.009447326660e+03 7.286341552734e+02 4.677206726074e+02 2.134879150391e+02 9.979544830322e+01 7.047041320801e+01 6.641319274902e+01 8.860868072510e+01 1.155789718628e+02 1.067610549927e+02 7.851473236084e+01 5.028399658203e+01 5.575354003906e+01 5.231274032593e+01 7.307721710205e+01 1.080225753784e+02 4.993565368652e+01 2.747417259216e+01 2.573069953918e+01 4.223600006104e+01 2.721821403503e+01 1.673770904541e+01 1.526599311829e+01 1.576558971405e+01 1.597018432617e+01 1.641063499451e+01 1.667773628235e+01 1.663900566101e+01 1.664106941223e+01 1.835969161987e+01 1.605344009399e+01
2.131289863586e+01 5.120219421387e+01 1.253522186279e+02 1.634986114502e+02 1.698838500977e+02 1.658678588867e+02 1.279632034302e+02 1.819080810547e+02 1.748789978027e+02 2.885122070312e+02 5.816496582031e+02 6.598775024414e+02 9.032246093750e+02 4.936852722168e+02 3.541500549316e+02 1.985113372803e+02 9.024771881104e+01 4.720820236206e+01 5.344302368164e+01 1.106071395874e+02 3.507976379395e+02 1.472432250977e+02 1.257061233521e+02 9.712429809570e+01 9.857122802734e+01 8.434824371338e+01 8.837171936035e+01 6.169475555420e+01 3.218614196777e+01 4.275370788574e+01 3.609861755371e+01 3.503258895874e+01 2.194112205505e+01 1.998784065247e+01 1.398766994476e+01 1.235994338989e+01 1.285351753235e+01 1.258061504364e+01 1.357487773895e+01 1.297887516022e+01 1.686844444275e+01 1.978207397461e+01 1.911008644104e+01
1.374865627289e+01 2.611621093750e+01 8.095738983154e+01 4.847753143311e+01 3.992298889160e+01 3.325134277344e+01 5.108952331543e+01 8.305728149414e+01 8.625556182861e+01 9.253907012939e+01 2.651865539551e+02 1.237540283203e+03 1.028575561523e+03 4.591936035156e+02 2.167504272461e+02 6.417312622070e+01 3.635361862183e+01 2.388805389404e+01 2.950297546387e+01 7.669113159180e+01 1.753366394043e+02 3.034533691406e+02 1.509622497559e+02 1.145403823853e+02 9.021352386475e+01 6.753723907471e+01 7.129589080811e+01 6.633464050293e+01 5.806295394897e+01 5.277251434326e+01 6.389017105103e+01 2.801921463013e+01 2.552766990662e+01 2.071283149719e+01 2.129690551758e+01 1.991005134583e+01 1.675507354736e+01 1.382433414459e+01 1.620451736450e+01 1.868722534180e+01 2.186738967896e+01 2.150479888916e+01 1.832239913940e+01
9.379658699036e+00 3.917401123047e+01 9.013246154785e+01 9.014874267578e+01 1.700627136230e+01 2.007467842102e+01 1.938188743591e+01 3.871310424805e+01 6.613985443115e+01 1.288571624756e+02 1.761215972900e+02 3.518286743164e+02 7.334998779297e+02 5.092125549316e+02 6.809021606445e+02 1.649059753418e+02 2.079097557068e+01 1.301443576813e+01 2.036443710327e+01 7.318079376221e+01 1.985950012207e+02 3.192853088379e+02 2.417106323242e+02 1.638808898926e+02 1.138214874268e+02 7.178794860840e+01 8.177651977539e+01 6.010926437378e+01 5.880483245850e+01 5.842767715454e+01 4.805124664307e+01 3.829198837280e+01 2.698809623718e+01 2.913696289062e+01 2.668317031860e+01 2.040069770813e+01 1.905703544617e+01 1.740892410278e+01 1.616936683655e+01 1.885816383362e+01 2.064570617676e+01 2.004554748535e+01 1.773351287842e+01
8.419774055481e+00 2.022058296204e+01 1.332220458984e+02 1.667329864502e+02 9.142545318604e+01 1.336462593079e+01 1.041782760620e+01 1.905070114136e+01 1.893860054016e+01 1.620956230164e+01 1.350266361237e+01 5.628607177734e+01 2.444287109375e+02 1.547314605713e+02 8.142171020508e+02 1.053028793335e+02 5.925584411621e+01 2.330901527405e+01 1.818601417542e+01 5.869962692261e+01 1.125039520264e+02 1.019954528809e+03 3.292210083008e+02 1.384224700928e+02 1.387226562500e+02 7.385170745850e+01 7.885928344727e+01 6.610748291016e+01 9.335921478271e+01 7.154287719727e+01 4.096161651611e+01 4.132238388062e+01 3.802360534668e+01 3.615558242798e+01 3.546635437012e+01 2.827348136902e+01 2.892407989502e+01 3.190019416809e+01 2.059416961670e+01 1.586861801147e+01 1.575017261505e+01 1.551254940033e+01 1.704270362854e+01
5.414067745209e+00 8.968924522400e+00 1.141709327698e+01 6.634706878662e+01 4.217337799072e+01 9.451316833496e+00 8.038357734680e+00 9.372973442078e+00 8.889991760254e+00 8.415904045105e+00 6.088700294495e+00 6.792724132538e+00 2.046570014954e+01 1.442877349854e+02 3.944209594727e+02 1.018223190308e+02 7.866683959961e+01 3.537822723389e+01 2.101605415344e+01 4.121321487427e+01 5.085551452637e+01 6.741031646729e+01 6.366827392578e+01 4.844022369385e+01 6.763127899170e+01 1.128887481689e+02 9.678203582764e+01 9.636045074463e+01 6.380252838135e+01 8.078945159912e+01 8.415302276611e+01 7.315489196777e+01 5.272422409058e+01 3.758127212524e+01 3.566248703003e+01 3.112037658691e+01 2.659453392029e+01 2.787166976929e+01 2.709313392639e+01 1.796472167969e+01 1.485447025299e+01 1.524665832520e+01 1.572841548920e+01
5.813039779663e+00 9.040506362915e+00 5.970936298370e+00 6.989068508148e+00 7.164075851440e+00 8.248121261597e+00 7.377309799194e+00 6.914608955383e+00 6.574163436890e+00 5.063528060913e+00 3.576512336731e+00 2.883518457413e+00 4.812316417694e+00 1.427240447998e+02 2.128487091064e+02 2.671901245117e+02 6.548069000244e+01 7.830174255371e+01 7.198416137695e+01 2.359574699402e+01 2.612649726868e+01 4.914081573486e+01 1.345561523438e+02 1.322812957764e+02 1.719012756348e+02 1.721567993164e+02 1.605519561768e+02 1.507853546143e+02 1.416745758057e+02 1.340746765137e+02 1.418765106201e+02 1.732318572998e+02 1.479644622803e+02 6.017247390747e+01 2.425215721130e+01 2.889162445068e+01 3.163131332397e+01 2.188502502441e+01 2.219799041748e+01 1.566678905487e+01 1.591051006317e+01 1.139458084106e+01 1.292137241364e+01
