VariationalSeries/SI/f24.grd
DSAA
101	101
32.816463539100	34.260883539100
35.556306596100	36.727886596100
7.634410168976e-03	1.375627441406e+03
[rows 76 to 94 of 101, columns 43 to 85 of 101]
2.085113286972e+00 1.787696599960e+00 3.181882858276e+00 8.278362274170e+00 8.882376670837e+00 1.800183677673e+01 2.905395126343e+01 3.281169509888e+01 2.028627395630e+01 5.606169700623e+00 1.808169555664e+01 4.082333755493e+01 3.072495841980e+01 8.348865509033e+00 3.666418313980e+00 5.126326560974e+00 5.848545551300e+00 3.292246580124e+00 2.983548879623e+00 3.670867681503e+00 1.271169948578e+01 2.804229164124e+01 6.465285778046e+00 4.400648593903e+00 3.197724103928e+00 2.149388313293e+00 1.102169156075e+00 9.481112957001e-01 9.232297539711e-01 8.709799647331e-01 8.140347003937e-01 8.501120209694e-01 8.964613676071e-01 9.524689912796e-01 9.634301066399e-01 8.983694314957e-01 8.254305720329e-01 7.729080319405e-01 7.370349764824e-01 7.167090177536e-01 8.053901195526e-01 1.287807941437e+00 1.741864442825e+00
3.276800394058e+00 4.474999904633e+00 5.645883560181e+00 6.083402633667e+00 8.006725311279e+00 1.156377220154e+01 1.521858787537e+01 1.332602405548e+01 2.053973197937e+01 3.006086921692e+01 2.993445396423e+01 1.445542812347e+01 1.062942028046e+01 8.425391197205e+00 5.466629505157e+00 7.360217094421e+00 2.195841312408e+00 1.070973157883e+00 1.309792160988e+00 1.461752295494e+00 1.112513542175e+00 1.334144234657e+00 2.110249996185e+00 2.210936546326e+00 2.014589548111e+00 1.238303184509e+00 6.024265885353e-01 5.405130982399e-01 6.170485019684e-01 7.119465470314e-01 7.608578205109e-01 7.791953682899e-01 7.759415507317e-01 7.427578568459e-01 6.471301913261e-01 5.205594897270e-01 4.200105071068e-01 4.044411480427e-01 4.282722771168e-01 5.142251253128e-01 6.882432103157e-01 1.169348716736e+00 1.551217794418e+00
7.122142791748e+00 1.078780746460e+01 6.903659820557e+00 3.055599212646e+00 3.939112186432e+00 1.288328075409e+01 3.619144058228e+01 4.834912490845e+01 3.654582595825e+01 1.820495414734e+01 1.013682556152e+01 6.860612869263e+00 4.438381671906e+00 6.809569835663e+00 7.624485969543e+00 2.360448122025e+00 7.832054495811e-01 7.166890501976e-01 7.396844029427e-01 9.775286912918e-01 7.323729395866e-01 6.698299646378e-01 7.745856642723e-01 8.895369768143e-01 8.070300221443e-01 7.574732899666e-01 6.045318245888e-01 6.307622194290e-01 5.294969081879e-01 5.939961075783e-01 6.226090192795e-01 5.813540816307e-01 5.689273476601e-01 5.507169961929e-01 3.887875676155e-01 3.719663321972e-01 3.949763774872e-01 3.933498263359e-01 3.851001560688e-01 4.136686325073e-01 5.056986212730e-01 1.028447628021e+00 1.495978951454e+00
9.849287033081e+00 1.155260562897e+01 3.963415145874e+00 4.201224803925e+00 1.316140270233e+01 2.362277030945e+01 2.442839050293e+01 2.119720268250e+01 1.947884559631e+01 8.757650375366e+00 8.357422828674e+00 9.823494911194e+00 6.456398010254e+00 4.811815738678e+00 1.436936616898e+00 8.708249330521e-01 5.490562319756e-01 5.314510464668e-01 5.114948749542e-01 6.149899959564e-01 5.657458305359e-01 5.660293102264e-01 5.268940329552e-01 5.133640170097e-01 5.050476193428e-01 5.161412358284e-01 5.002161860466e-01 5.096707940102e-01 5.470070242882e-01 5.252248048782e-01 5.326609611511e-01 4.386915266514e-01 4.858083724976e-01 5.099264383316e-01 4.066397845745e-01 3.090698421001e-01 3.694096207619e-01 3.927974998951e-01 3.943173885345e-01 3.875447213650e-01 4.040429294109e-01 5.546553134918e-01 9.262968897820e-01
4.275757312775e+00 8.458657264709e+00 1.199688243866e+01 1.377507972717e+01 1.356051540375e+01 1.118194484711e+01 1.400201702118e+01 1.713711166382e+01 2.467424201965e+01 9.949030876160e+00 1.002877330780e+01 6.120579242706e+00 2.604892969131e+00 9.759666323662e-01 6.749855279922e-01 5.506445169449e-01 4.952883124352e-01 4.472809135914e-01 4.100347459316e-01 3.835875988007e-01 4.187377989292e-01 3.340745270252e-01 3.389061093330e-01 3.379591703415e-01 3.540698289871e-01 3.726917207241e-01 3.771661520004e-01 3.464999198914e-01 2.902531623840e-01 3.487358093262e-01 3.494399189949e-01 3.402601182461e-01 3.830316662788e-01 4.254035353661e-01 3.910550177097e-01 3.069016337395e-01 3.434134721756e-01 3.852801024914e-01 3.955231308937e-01 4.070815145969e-01 4.721013009548e-01 5.671437978745e-01 6.999749541283e-01
5.409874439240e+00 1.458302307129e+01 2.708044242859e+01 1.651534652710e+01 1.123461532593e+01 1.726274299622e+01 2.355894470215e+01 3.206979751587e+01 1.515885257721e+01 8.633151054382e+00 4.029805660248e+00 2.486006975174e+00 1.043867111206e+00 5.740447044373e-01 4.143377244473e-01 3.429647684097e-01 3.158428072929e-01 2.938940823078e-01 3.016915917397e-01 3.214331865311e-01 3.220334649086e-01 3.020953536034e-01 2.998657524586e-01 3.188783824444e-01 3.813438117504e-01 4.450779557228e-01 4.880956113338e-01 4.757729768753e-01 3.768844008446e-01 2.832837700844e-01 2.808198332787e-01 2.597408890724e-01 2.755576670170e-01 3.433363139629e-01 3.544684946537e-01 3.297846913338e-01 3.124374151230e-01 3.656967878342e-01 3.859700560570e-01 3.899413943291e-01 4.527561366558e-01 6.265241503716e-01 8.463554978371e-01
8.994004249573e+00 2.781927680969e+01 2.127001380920e+01 1.670586967468e+01 1.858124923706e+01 1.810805892944e+01 1.243803596497e+01 1.224526691437e+01 9.499547004700e+00 4.895779609680e+00 2.146901607513e+00 1.458714008331e+00 5.994077920914e-01 3.856609761715e-01 3.170085549355e-01 2.597841918468e-01 2.568041980267e-01 2.747794091702e-01 2.691130638123e-01 2.550952732563e-01 2.774167358875e-01 2.783034145832e-01 2.779192030430e-01 2.791033983231e-01 3.477740883827e-01 4.277020096779e-01 4.868959784508e-01 4.871000051498e-01 3.967953026295e-01 2.597519457340e-01 2.720226943493e-01 2.823588848114e-01 2.316779494286e-01 2.542730867863e-01 3.024683594704e-01 3.367579579353e-01 3.391779661179e-01 3.347390294075e-01 3.658183813095e-01 3.819729685783e-01 3.781807124615e-01 4.262692630291e-01 5.494088530540e-01
1.155045413971e+01 1.949678611755e+01 1.147763538361e+01 6.972249031067e+00 4.744792938232e+00 6.605447769165e+00 5.894793987274e+00 7.033702373505e+00 5.133852958679e+00 2.067590475082e+00 1.675511121750e+00 1.052233219147e+00 6.444224119186e-01 4.809063076973e-01 3.015413880348e-01 2.473674714565e-01 2.641955614090e-01 2.670474052429e-01 2.438873350620e-01 2.288029640913e-01 2.654867470264e-01 2.911617755890e-01 3.053476214409e-01 2.957297861576e-01 2.716818153858e-01 3.252345025539e-01 3.638278841972e-01 3.616412580013e-01 2.999753355980e-01 2.351912856102e-01 2.412639260292e-01 2.653216719627e-01 2.541587948799e-01 2.223076969385e-01 2.256304621696e-01 2.771582901478e-01 3.072192370892e-01 2.967646121979e-01 3.376375138760e-01 3.668172955513e-01 3.739967346191e-01 4.038636088371e-01 4.406840801239e-01
1.663512611389e+01 1.372957134247e+01 4.416883945465e+00 3.440771341324e+00 3.668610572815e+00 2.148082494736e+00 3.617839097977e+00 4.878726005554e+00 3.263623952866e+00 1.624866366386e+00 1.487159848213e+00 7.549013495445e-01 6.780986189842e-01 6.469447612762e-01 4.071434438229e-01 3.189623057842e-01 2.715531289577e-01 2.571430802345e-01 2.224572151899e-01 2.208093702793e-01 2.672222256660e-01 3.206586241722e-01 3.532727360725e-01 3.311313986778e-01 2.838760912418e-01 2.442967593670e-01 2.623392045498e-01 2.814151346684e-01 2.807966470718e-01 2.937324345112e-01 2.646121978760e-01 2.457118332386e-01 2.433717995882e-01 2.216497510672e-01 2.132548987865e-01 2.580160498619e-01 2.827493250370e-01 2.760549187660e-01 3.038909733295e-01 3.420461714268e-01 3.590141832829e-01 4.009604752064e-01 5.033151507378e-01
2.603067588806e+01 1.147617435455e+01 2.431532144547e+00 1.652738571167e+00 1.253717541695e+00 1.526914238930e+00 1.621267676353e+00 3.695050954819e+00 3.777628421783e+00 2.325796365738e+00 1.169323086739e+00 6.742298603058e-01 5.877152681351e-01 6.189090013504e-01 5.109092593193e-01 3.151883482933e-01 2.665523588657e-01 2.476059645414e-01 2.064715176821e-01 2.184962928295e-01 2.739169001579e-01 3.579800724983e-01 3.912507593632e-01 3.484149575233e-01 2.934578359127e-01 2.591567933559e-01 2.722468674183e-01 3.038235902786e-01 3.176026344299e-01 3.065552115440e-01 2.845750749111e-01 2.387872040272e-01 2.730069756508e-01 2.214825153351e-01 2.072294503450e-01 2.267195880413e-01 2.854909598827e-01 3.149196207523e-01 3.361054956913e-01 3.827893435955e-01 4.404086768627e-01 4.574188292027e-01 4.442723691463e-01
2.242976760864e+01 6.886754989624e+00 1.821862578392e+00 1.020620465279e+00 9.252054095268e-01 1.043531298637e+00 1.885263442993e+00 2.423344135284e+00 2.881161451340e+00 2.011756658554e+00 1.340751409531e+00 7.836058735847e-01 4.957180917263e-01 4.489394128323e-01 4.327355325222e-01 3.668572902679e-01 2.999921143055e-01 3.308763802052e-01 2.769674062729e-01 2.411999255419e-01 3.011984825134e-01 4.029823541641e-01 4.203562736511e-01 3.539139330387e-01 3.013016879559e-01 2.752937972546e-01 2.855993509293e-01 3.207993507385e-01 3.457429409027e-01 3.225479125977e-01 2.801013886929e-01 2.325637042522e-01 2.791447043419e-01 2.154676020145e-01 2.039053589106e-01 1.953305751085e-01 2.143007069826e-01 2.827503085136e-01 3.607805669308e-01 4.653062522411e-01 5.686825513840e-01 6.089628338814e-01 6.151711940765e-01
1.172502803802e+01 2.269179105759e+00 1.070288777351e+00 9.374281167984e-01 7.796890139580e-01 7.529617547989e-01 1.212544560432e+00 6.759666800499e-01 1.746964335442e+00 2.639558315277e+00 1.921729087830e+00 1.470687389374e+00 7.251820564270e-01 4.519052505493e-01 3.876280784607e-01 3.897281885147e-01 4.142411351204e-01 3.734486699104e-01 3.286881446838e-01 2.934207320213e-01 3.594296872616e-01 4.427071213722e-01 4.275417923927e-01 3.609714806080e-01 3.229682147503e-01 3.047122657299e-01 3.039780557156e-01 3.371226489544e-01 3.650784492493e-01 3.489575088024e-01 2.920285165310e-01 2.314226031303e-01 2.642129361629e-01 2.384930402040e-01 2.014992386103e-01 2.011904716492e-01 1.946378201246e-01 2.039784640074e-01 2.607621550560e-01 3.990146219730e-01 5.447964072227e-01 6.341854333878e-01 6.851328015327e-01
3.163254499435e+00 1.294625401497e+00 8.491378426552e-01 8.069216609001e-01 6.046925783157e-01 5.556052923203e-01 5.462268590927e-01 5.350650548935e-01 6.349563002586e-01 2.173290252686e+00 2.411676645279e+00 3.540603637695e+00 2.272192955017e+00 8.256536126137e-01 5.169985890388e-01 4.326059222221e-01 4.697395563126e-01 5.548287630081e-01 5.176844596863e-01 4.158711731434e-01 4.085325598717e-01 4.591360390186e-01 4.143767654896e-01 3.588496744633e-01 3.385702669621e-01 3.361476659775e-01 3.434146940708e-01 3.445934951305e-01 3.732585906982e-01 3.733968436718e-01 3.216450810432e-01 2.485479116440e-01 2.488354295492e-01 2.479711622000e-01 2.313139289618e-01 2.373292893171e-01 2.353159189224e-01 2.317774742842e-01 2.295070141554e-01 2.296967804432e-01 3.095105886459e-01 4.111361801624e-01 4.841415286064e-01
1.200756192207e+00 7.215257287025e-01 7.588417530060e-01 6.575046777725e-01 5.154830217361e-01 4.680089056492e-01 4.068629443645e-01 4.139865934849e-01 4.807236492634e-01 9.000113010406e-01 3.610885858536e+00 8.855734825134e+00 6.081730842590e+00 1.946915388107e+00 8.623436689377e-01 5.403179526329e-01 4.910084903240e-01 5.880323648453e-01 5.703119039536e-01 6.027341485023e-01 5.812090039253e-01 4.799909293652e-01 4.308266341686e-01 3.877955079079e-01 3.768459856510e-01 3.806504011154e-01 3.809809684753e-01 3.722569346428e-01 3.734844326973e-01 3.920215070248e-01 3.535326719284e-01 2.590691745281e-01 2.437991350889e-01 2.398276478052e-01 2.489866912365e-01 2.677531242371e-01 2.805597186089e-01 2.849580347538e-01 2.835136353970e-01 2.742648124695e-01 2.673716843128e-01 2.815434038639e-01 2.907845377922e-01
1.025279521942e+00 6.232894659042e-01 6.735074520111e-01 5.120798349380e-01 4.030928015709e-01 3.793625831604e-01 3.326276540756e-01 3.528605997562e-01 3.528483510017e-01 6.332393288612e-01 2.736838579178e+00 7.373391151428e+00 6.646564006805e+00 4.286262989044e+00 1.049119591713e+00 5.956676602364e-01 4.546306729317e-01 6.509395837784e-01 7.750511169434e-01 7.289276123047e-01 5.974064469337e-01 4.683987796307e-01 4.656407833099e-01 4.393451511860e-01 4.257785975933e-01 4.171614348888e-01 4.005090296268e-01 3.665537834167e-01 3.755148053169e-01 3.950678706169e-01 3.477382659912e-01 2.760211229324e-01 2.856780588627e-01 2.766920030117e-01 2.627817392349e-01 2.496663630009e-01 2.670471370220e-01 2.776890397072e-01 2.754423022270e-01 2.586725652218e-01 2.794246971607e-01 3.301083147526e-01 3.662838339806e-01
1.261975049973e+00 6.648836135864e-01 5.874892473221e-01 4.340469539165e-01 3.290635347366e-01 3.104614615440e-01 3.173180520535e-01 3.142059743404e-01 3.064639866352e-01 3.975926637650e-01 1.042913794518e+00 3.773685693741e+00 1.371858978271e+01 1.059573650360e+01 1.788670659065e+00 6.945881247520e-01 7.622453570366e-01 8.152564764023e-01 7.270888686180e-01 5.803500413895e-01 4.727390110493e-01 4.837453365326e-01 5.148288607597e-01 5.004084706306e-01 4.680706262589e-01 4.261364042759e-01 3.698209822178e-01 3.324373066425e-01 3.868400454521e-01 3.965153694153e-01 3.657108247280e-01 4.070931077003e-01 4.089371562004e-01 3.875873982906e-01 3.489302098751e-01 2.720727026463e-01 2.216548323631e-01 2.202987223864e-01 2.217618077993e-01 2.390467822552e-01 2.809450328350e-01 3.501051962376e-01 4.339529275894e-01
1.335289359093e+00 7.536029219627e-01 5.662646293640e-01 3.788403570652e-01 2.959598302841e-01 3.099558353424e-01 3.057774007320e-01 2.962858974934e-01 2.674741744995e-01 3.042457997799e-01 5.911850929260e-01 1.924413204193e+00 6.686625957489e+00 5.911641597748e+00 1.996564865112e+00 1.148229241371e+00 9.471026062965e-01 7.371379137039e-01 5.696170926094e-01 4.565583169460e-01 4.570899903774e-01 4.897224903107e-01 5.226467251778e-01 4.990921914577e-01 4.329092502594e-01 3.524259030819e-01 2.861061394215e-01 3.110449016094e-01 3.876932561398e-01 4.062570035458e-01 4.332029819489e-01 4.769904017448e-01 4.748269319534e-01 4.435063004494e-01 3.776842951775e-01 2.753487229347e-01 2.829014658928e-01 2.940708100796e-01 3.111180961132e-01 3.254663944244e-01 3.285842537880e-01 3.594560921192e-01 4.637319147587e-01
1.247942566872e+00 6.737611889839e-01 4.765041172504e-01 2.977783977985e-01 2.836857438087e-01 3.054915368557e-01 2.948676347733e-01 2.550235688686e-01 2.026749402285e-01 2.733401060104e-01 5.025711655617e-01 8.541105389595e-01 2.373054504395e+00 2.836518049240e+00 2.067981481552e+00 1.273252129555e+00 8.085017800331e-01 5.763494372368e-01 5.358020663261e-01 5.224857926369e-01 4.727448523045e-01 4.486677050591e-01 4.354277849197e-01 3.840777873993e-01 3.042416274548e-01 2.661304771900e-01 2.621517479420e-01 2.791565060616e-01 3.600049018860e-01 4.014286696911e-01 3.064604699612e-01 3.349836170673e-01 3.359411656857e-01 3.149591386318e-01 2.963333427906e-01 3.251355588436e-01 3.525061309338e-01 3.880234956741e-01 4.255742132664e-01 4.461368322372e-01 4.378313720226e-01 4.066712856293e-01 4.543330669403e-01
1.114476203918e+00 5.174777507782e-01 3.429734110832e-01 2.203037887812e-01 2.652271986008e-01 2.937708795071e-01 2.812240421772e-01 2.321058362722e-01 1.715388149023e-01 2.452552169561e-01 4.512274861336e-01 7.002388238907e-01 1.653294444084e+00 2.133907794952e+00 1.668919205666e+00 9.933495521545e-01 6.174041032791e-01 5.760496258736e-01 5.685802698135e-01 4.786684811115e-01 3.823395073414e-01 3.205372691154e-01 2.814513444901e-01 2.367121279240e-01 2.197283804417e-01 2.153649777174e-01 2.151208370924e-01 2.370195835829e-01 3.127419352531e-01 3.650928735733e-01 2.853260636330e-01 2.259046882391e-01 2.121350914240e-01 2.719974815845e-01 3.230738341808e-01 3.684922158718e-01 4.209850728512e-01 4.856974482536e-01 5.457527637482e-01 5.697447061539e-01 5.410516858101e-01 4.758924543858e-01 4.470795392990e-01
