VariationalSeries/SI/f26_max.grd
DSAA
101	101
32.816463539100	34.260883539100
35.556306596100	36.727886596100
1.279443409294e-02	2.312973388672e+03
[rows 38 to 56 of 101, columns 0 to 42 of 101]
5.088160514832e+00 1.073109531403e+01 1.159890747070e+01 1.207491016388e+01 1.503550720215e+01 1.842828178406e+01 2.127648544312e+01 2.363196372986e+01 2.591351318359e+01 2.369184494019e+01 1.948465156555e+01 1.605119895935e+01 1.639031982422e+01 1.617089080811e+01 1.682528114319e+01 1.866921424866e+01 2.110435867310e+01 3.912452316284e+01 6.317710876465e+01 6.759190368652e+01 5.420009994507e+01 4.397819137573e+01 3.066232299805e+01 3.605038070679e+01 6.899060821533e+01 9.001087951660e+01 8.721687316895e+01 6.280571746826e+01 4.696376419067e+01 5.135638809204e+01 5.298378372192e+01 6.561178588867e+01 8.911066436768e+01 8.794474792480e+01 8.279672241211e+01 5.070792007446e+01 7.024123382568e+01 7.891555786133e+01 7.592798614502e+01 1.167901687622e+02 1.269653167725e+02 1.850616607666e+02 1.526427917480e+02
7.857618331909e+00 1.398141765594e+01 1.173021793365e+01 1.125648784637e+01 1.600871658325e+01 1.940314483643e+01 2.538633346558e+01 3.187977790833e+01 3.547319412231e+01 3.320415496826e+01 2.423272132874e+01 1.825549697876e+01 1.605564689636e+01 1.628034782410e+01 1.748207473755e+01 1.890353775024e+01 2.013970947266e+01 2.123131179810e+01 3.442383193970e+01 4.811109161377e+01 4.905064010620e+01 4.580456542969e+01 4.761256408691e+01 3.986204910278e+01 3.821258544922e+01 4.298284149170e+01 5.585002517700e+01 1.053034667969e+02 1.414479370117e+02 1.435799407959e+02 1.125322189331e+02 5.547755813599e+01 6.483667755127e+01 5.456983566284e+01 1.075308151245e+02 9.592144775391e+01 6.368572998047e+01 7.725578308105e+01 9.447421264648e+01 1.067911605835e+02 1.439198608398e+02 1.715009002686e+02 1.990460662842e+02
8.652729988098e+00 1.723302841187e+01 1.632391357422e+01 1.439213466644e+01 1.898396873474e+01 2.331187057495e+01 2.821595573425e+01 3.703394317627e+01 4.009029769897e+01 3.986673355103e+01 2.726856040955e+01 1.810291290283e+01 1.811553573608e+01 1.559832668304e+01 1.324572277069e+01 1.464266204834e+01 1.807497024536e+01 1.905678367615e+01 2.075126266479e+01 2.666469764709e+01 3.981131362915e+01 5.642105102539e+01 6.574340057373e+01 6.740740203857e+01 6.782753753662e+01 4.547589492798e+01 3.411212158203e+01 3.574942779541e+01 3.731791687012e+01 4.495746612549e+01 9.450064849854e+01 1.500791778564e+02 1.777839660645e+02 1.487121887207e+02 7.683950805664e+01 7.667777252197e+01 1.324907073975e+02 1.098110427856e+02 1.164741363525e+02 1.155791168213e+02 1.033181076050e+02 1.450250549316e+02 2.161117706299e+02
1.250607967377e+01 2.114551162720e+01 2.451564216614e+01 2.515819358826e+01 2.266272163391e+01 2.714268493652e+01 2.710505104065e+01 2.585116386414e+01 2.585063743591e+01 3.173595619202e+01 3.405279922485e+01 2.937313842773e+01 2.162304115295e+01 1.950537490845e+01 2.130359268188e+01 2.631730461121e+01 3.050433731079e+01 3.408807373047e+01 3.325089263916e+01 2.414044380188e+01 2.642867088318e+01 3.481687164307e+01 3.886745071411e+01 5.199004745483e+01 6.446508026123e+01 7.651244354248e+01 8.530212402344e+01 8.279131317139e+01 8.758958435059e+01 9.562728881836e+01 1.057634353638e+02 9.901651763916e+01 1.535349426270e+02 1.737551727295e+02 1.242430191040e+02 1.585786743164e+02 1.762751922607e+02 1.499227294922e+02 1.701000366211e+02 1.400554656982e+02 9.693044281006e+01 1.688244476318e+02 1.372552490234e+02
1.275754451752e+01 2.435124778748e+01 2.732965660095e+01 2.284256362915e+01 2.667628860474e+01 3.362352371216e+01 3.335112762451e+01 2.735373497009e+01 3.293086624146e+01 2.745994949341e+01 2.614079666138e+01 3.627308273315e+01 3.747134780884e+01 2.800853347778e+01 2.609785270691e+01 2.403106307983e+01 2.625970458984e+01 3.510891342163e+01 4.723250198364e+01 4.795249176025e+01 3.020486640930e+01 3.257178115845e+01 4.282836151123e+01 3.543101882935e+01 4.121482467651e+01 5.007793426514e+01 6.643988800049e+01 1.003862686157e+02 1.346975555420e+02 1.233434982300e+02 1.174756011963e+02 8.677001190186e+01 8.606834411621e+01 1.653206634521e+02 1.554666137695e+02 1.957890625000e+02 1.293270568848e+02 1.837038879395e+02 1.616490936279e+02 2.331688232422e+02 2.413796997070e+02 1.933450317383e+02 2.147599792480e+02
2.532268142700e+01 4.915487289429e+01 3.675587844849e+01 3.118194389343e+01 3.050698471069e+01 2.743325424194e+01 2.902496910095e+01 3.530952072144e+01 3.479704666138e+01 2.784262275696e+01 3.333485031128e+01 2.275808715820e+01 2.920033836365e+01 4.075998687744e+01 3.519407272339e+01 2.993818855286e+01 3.749694061279e+01 8.073581695557e+01 9.484062194824e+01 5.596580123901e+01 5.989737319946e+01 3.399689102173e+01 3.898416137695e+01 5.544314956665e+01 3.687938308716e+01 3.500075912476e+01 3.807278060913e+01 3.975764083862e+01 5.064849090576e+01 5.753408050537e+01 6.137500762939e+01 6.997238922119e+01 9.509822082520e+01 1.495694732666e+02 1.003459014893e+02 9.300689697266e+01 1.331217041016e+02 1.556110076904e+02 1.050347976685e+02 2.182975311279e+02 2.226485443115e+02 2.420809783936e+02 2.958958435059e+02
3.891467285156e+01 7.146511840820e+01 5.801551818848e+01 4.576580810547e+01 4.217869567871e+01 3.318750000000e+01 4.566153335571e+01 4.002460098267e+01 4.347240829468e+01 3.388473892212e+01 2.614689445496e+01 3.148596572876e+01 2.840129280090e+01 1.925362205505e+01 3.464181900024e+01 4.054298019409e+01 2.925962638855e+01 2.450672912598e+01 4.467681121826e+01 3.190684509277e+01 5.537843322754e+01 6.146413040161e+01 6.140902709961e+01 5.411948394775e+01 7.480961608887e+01 4.632797622681e+01 4.532485580444e+01 5.869341659546e+01 6.885391235352e+01 5.283514022827e+01 6.446015167236e+01 7.948452758789e+01 9.431182861328e+01 1.108377685547e+02 1.415233917236e+02 1.072843399048e+02 1.192025833130e+02 1.331871337891e+02 1.263651199341e+02 1.796089935303e+02 1.752372283936e+02 2.527027435303e+02 2.517353668213e+02
1.597774791718e+01 3.334865188599e+01 3.987947845459e+01 4.668249511719e+01 4.736838150024e+01 5.253062057495e+01 5.535230636597e+01 4.755241775513e+01 4.239859771729e+01 4.028903579712e+01 3.971762847900e+01 3.592955780029e+01 3.322514343262e+01 3.100078964233e+01 3.349054336548e+01 2.864003944397e+01 2.070122528076e+01 2.413721084595e+01 2.549225807190e+01 3.395297241211e+01 3.245059585571e+01 5.650832366943e+01 5.765533828735e+01 6.136630249023e+01 7.309343719482e+01 8.307334136963e+01 8.862573242188e+01 9.249317169189e+01 9.498114776611e+01 1.024755249023e+02 1.042806701660e+02 1.097767944336e+02 1.170445175171e+02 9.787136840820e+01 8.667263031006e+01 1.199965286255e+02 1.469005889893e+02 2.230734558105e+02 2.695632934570e+02 2.511030883789e+02 2.419124298096e+02 2.473390960693e+02 2.120049438477e+02
1.553917598724e+01 3.275996780396e+01 3.746422195435e+01 4.163294219971e+01 4.475035476685e+01 4.559986877441e+01 4.187511444092e+01 3.480185317993e+01 3.269839477539e+01 4.099095153809e+01 4.818916320801e+01 4.561637496948e+01 3.419654464722e+01 2.214740371704e+01 2.318998908997e+01 1.347942352295e+01 7.913863182068e+00 8.576591491699e+00 1.131414127350e+01 1.400630378723e+01 3.978531265259e+01 7.156372070312e+01 6.390069198608e+01 7.678933715820e+01 7.260469055176e+01 8.984881591797e+01 9.313308715820e+01 8.847472381592e+01 8.279181671143e+01 1.009325637817e+02 1.065102005005e+02 1.310718688965e+02 1.679571685791e+02 1.833965301514e+02 1.571978454590e+02 1.326628723145e+02 1.478623657227e+02 1.094329986572e+02 1.662440032959e+02 1.709133758545e+02 2.685040283203e+02 2.467282562256e+02 2.669123840332e+02
4.194303989410e+00 8.252293586731e+00 8.742567062378e+00 9.407712936401e+00 1.340291595459e+01 1.854635810852e+01 2.429353904724e+01 2.647809410095e+01 2.607714271545e+01 2.430256080627e+01 2.407817649841e+01 3.053818702698e+01 3.030858802795e+01 2.442009925842e+01 1.552664089203e+01 1.221802330017e+01 6.296745777130e+00 5.304709911346e+00 5.960575103760e+00 1.250563716888e+01 2.887804031372e+01 5.935623550415e+01 1.496324462891e+02 1.413468017578e+02 1.272652740479e+02 1.196792068481e+02 1.154942398071e+02 1.124746627808e+02 1.136939468384e+02 1.315197448730e+02 1.552006378174e+02 1.761423492432e+02 2.951838684082e+02 1.699641571045e+02 3.766736145020e+02 2.551845397949e+02 2.030508270264e+02 2.218938293457e+02 2.759270019531e+02 3.219061584473e+02 3.419189758301e+02 3.243190612793e+02 3.262850646973e+02
3.845793485641e+00 7.435099124908e+00 8.113104820251e+00 8.134838104248e+00 1.298952865601e+01 1.907985877991e+01 1.977793502808e+01 1.623489189148e+01 1.201176929474e+01 9.857018470764e+00 1.236096096039e+01 1.532655429840e+01 1.465331268311e+01 1.176212024689e+01 8.676977157593e+00 6.295150756836e+00 4.828433990479e+00 3.466435909271e+00 3.427109718323e+00 1.127681732178e+01 3.608029174805e+01 6.247690582275e+01 6.248927307129e+01 1.252428359985e+02 3.055825805664e+02 1.564507598877e+02 9.817050170898e+01 8.915125274658e+01 9.351551818848e+01 1.022863616943e+02 1.781146240234e+02 2.454960632324e+02 1.297098541260e+02 1.952907714844e+02 3.648012084961e+02 6.356770019531e+02 2.608906555176e+02 2.197861175537e+02 1.886815185547e+02 2.081433563232e+02 1.788000030518e+02 3.364926452637e+02 3.994660034180e+02
1.998705506325e+00 4.155194759369e+00 4.992499351501e+00 5.546689510345e+00 6.853525638580e+00 1.095615291595e+01 1.254655075073e+01 1.098064136505e+01 8.482269287109e+00 6.355866909027e+00 5.276755332947e+00 5.056008338928e+00 4.071541786194e+00 3.610452890396e+00 4.328570842743e+00 3.333900451660e+00 3.004478931427e+00 2.518802404404e+00 3.111835718155e+00 4.717746257782e+00 7.705896377563e+00 2.083911705017e+01 2.216944694519e+01 3.002006530762e+01 1.137462310791e+02 1.191200180054e+02 4.428725433350e+01 2.532653617859e+01 2.651946449280e+01 8.141111755371e+01 1.076654891968e+02 1.173541488647e+02 1.242140045166e+02 1.032814483643e+02 1.541931610107e+02 4.234743347168e+02 2.441236877441e+02 1.420912322998e+02 1.029681472778e+02 9.160768127441e+01 8.727281951904e+01 2.231219024658e+02 3.123280029297e+02
8.860007524490e-01 1.731922030449e+00 1.807315707207e+00 2.052406787872e+00 2.562475204468e+00 3.232714176178e+00 3.836375236511e+00 4.172596931458e+00 4.045369625092e+00 3.528651475906e+00 2.993160486221e+00 3.312167644501e+00 3.412512540817e+00 3.146881818771e+00 3.143164396286e+00 3.616891860962e+00 2.780419588089e+00 2.174980640411e+00 2.579858541489e+00 3.593836307526e+00 4.108979225159e+00 7.569612503052e+00 1.311882114410e+01 2.850469589233e+01 6.879698944092e+01 4.376164245605e+01 2.714879608154e+01 2.180484771729e+01 2.090519905090e+01 6.747192382812e+00 5.926935672760e+00 6.485561370850e+00 1.017298316956e+01 2.137194824219e+01 5.030946350098e+01 8.293662719727e+02 1.576857543945e+03 2.172612152100e+02 1.500491333008e+02 7.759892272949e+01 5.448207855225e+01 5.835718536377e+01 1.142780838013e+02
7.144973278046e-01 1.297972440720e+00 1.443298935890e+00 1.445315361023e+00 1.449000477791e+00 1.853363156319e+00 2.427975893021e+00 2.981055974960e+00 3.309516906738e+00 3.245151758194e+00 2.738018512726e+00 2.485183715820e+00 2.694349050522e+00 2.598761320114e+00 2.303168296814e+00 2.757776260376e+00 3.236752271652e+00 2.614093780518e+00 2.083748102188e+00 7.843351840973e+00 8.833581924438e+00 5.642179012299e+00 7.473801136017e+00 1.323023128510e+01 2.496152496338e+01 2.525177917480e+02 5.822712326050e+01 4.713762664795e+01 2.009359169006e+01 3.992394685745e+00 3.498179912567e+00 3.670305967331e+00 4.404730796814e+00 5.468312740326e+00 7.210257530212e+00 3.772085571289e+01 2.650733032227e+02 6.608750610352e+02 1.802694702148e+02 1.043198165894e+02 2.836956596375e+01 1.855272293091e+01 1.939266204834e+01
6.573756337166e-01 1.555772423744e+00 2.095693826675e+00 2.414942741394e+00 2.512439012527e+00 2.317004203796e+00 2.059022188187e+00 1.893135428429e+00 2.359108448029e+00 2.704195022583e+00 2.700999498367e+00 2.345433235168e+00 2.006518125534e+00 2.493962526321e+00 2.597088336945e+00 2.313612461090e+00 2.647722005844e+00 3.468060493469e+00 2.770497798920e+00 5.583542823792e+00 6.546257019043e+00 5.388061046600e+00 5.921325683594e+00 6.343489646912e+00 1.444132423401e+01 6.190043640137e+01 5.226620101929e+01 1.307559776306e+01 6.152365684509e+00 3.836612462997e+00 2.880268335342e+00 2.463416576385e+00 2.432538747787e+00 3.122427225113e+00 4.081589698792e+00 1.351536750793e+01 6.749365997314e+01 2.561099548340e+02 3.026270141602e+02 4.636307907104e+01 2.145743370056e+01 1.277060127258e+01 1.205215930939e+01
9.991476535797e-01 2.338983535767e+00 2.973627090454e+00 3.331065177917e+00 3.416555881500e+00 3.264332294464e+00 3.062275648117e+00 2.756302356720e+00 2.384156227112e+00 1.952772736549e+00 2.156611919403e+00 2.271028757095e+00 2.177716970444e+00 2.542430162430e+00 2.908102273941e+00 2.737489700317e+00 2.254309654236e+00 3.625644445419e+00 3.758955955505e+00 1.020445728302e+01 6.545296192169e+00 4.755680561066e+00 3.252818822861e+00 3.378308534622e+00 6.322430610657e+00 6.042761230469e+01 6.218074417114e+01 1.178515052795e+01 7.782282829285e+00 3.987796545029e+00 2.490979194641e+00 1.789733409882e+00 1.591408610344e+00 1.615746736526e+00 2.527251005173e+00 4.285144329071e+00 2.803424644470e+01 9.066770935059e+01 2.346381378174e+02 1.201739120483e+02 5.799574661255e+01 1.047891712189e+01 9.286847114563e+00
6.677296161652e-01 1.468074083328e+00 1.819956064224e+00 1.988200068474e+00 1.925121426582e+00 1.902032613754e+00 2.120410919189e+00 2.362662553787e+00 2.589630603790e+00 2.590461254120e+00 2.234001874924e+00 1.739151954651e+00 2.049430608749e+00 2.243812799454e+00 2.278546571732e+00 2.284896135330e+00 2.300511360168e+00 3.810159206390e+00 5.201900005341e+00 8.632224082947e+00 6.742672920227e+00 5.312811374664e+00 2.659986019135e+00 2.685162067413e+00 5.363122463226e+00 2.720315170288e+01 2.061480522156e+01 9.192049026489e+00 7.288057327271e+00 4.116707324982e+00 2.277042150497e+00 1.948291182518e+00 1.718752503395e+00 1.681417703629e+00 2.092657089233e+00 3.678182125092e+00 7.794341564178e+00 3.861858367920e+01 4.604760360718e+01 2.808664703369e+01 1.765769577026e+01 8.005511283875e+00 7.463190078735e+00
6.262363195419e-01 1.154534697533e+00 1.690170526505e+00 2.134236097336e+00 2.530645847321e+00 2.979398965836e+00 3.471830368042e+00 4.002647399902e+00 4.494061470032e+00 4.636785984039e+00 4.154492855072e+00 3.102564573288e+00 2.013358592987e+00 2.104682922363e+00 2.597986936569e+00 2.828670024872e+00 3.453101634979e+00 4.024365901947e+00 4.785171508789e+00 8.192743301392e+00 6.684429645538e+00 3.925786972046e+00 2.126374483109e+00 2.082967042923e+00 3.879947662354e+00 8.440600395203e+00 2.343859558105e+02 6.296827793121e+00 5.842205047607e+00 3.578960895538e+00 2.157801628113e+00 1.747742056847e+00 1.667028427124e+00 1.762216091156e+00 2.238214015961e+00 3.051547527313e+00 5.233935832977e+00 6.439748287201e+00 1.324908256531e+01 1.715720748901e+01 1.069371795654e+01 6.518632411957e+00 8.946878433228e+00
6.233636140823e-01 1.131347179413e+00 1.563455224037e+00 1.913257718086e+00 2.268503427505e+00 2.706217527390e+00 3.167193889618e+00 3.629659891129e+00 4.064554214478e+00 4.305773258209e+00 4.093959331512e+00 4.604968070984e+00 4.774106979370e+00 4.652838230133e+00 4.458030223846e+00 4.058082580566e+00 4.741458892822e+00 3.530350446701e+00 4.643619537354e+00 1.477985000610e+01 5.437912464142e+00 2.798355340958e+00 1.993768334389e+00 1.678195714951e+00 2.304362297058e+00 1.734904670715e+01 5.281258392334e+01 5.112817287445e+00 6.200267791748e+00 2.666980266571e+00 2.036659717560e+00 1.571515917778e+00 1.589134216309e+00 1.812000870705e+00 2.356992959976e+00 2.807794570923e+00 3.207000732422e+00 5.081765174866e+00 1.103531646729e+01 1.280529785156e+01 8.338082313538e+00 6.258337497711e+00 7.711236953735e+00
