VariationalSeries/SI/f26_max.grd
DSAA
101	101
32.816463539100	34.260883539100
35.556306596100	36.727886596100
1.279443409294e-02	2.312973388672e+03
[rows 57 to 75 of 101, columns 43 to 85 of 101]
9.097471237183e+00 1.098326396942e+01 5.692486763000e+00 6.386838436127e+00 6.295984745026e+00 9.842141151428e+00 1.074384307861e+01 1.677141761780e+01 1.272406101227e+01 6.894521236420e+00 5.004906654358e+00 4.160626411438e+00 3.086350917816e+00 5.285800933838e+00 2.443522262573e+01 8.107920074463e+01 1.648393249512e+02 1.652958068848e+02 2.944003295898e+02 7.994985961914e+01 2.265955734253e+01 1.797097396851e+01 3.135898399353e+01 5.746936798096e+01 9.838234710693e+01 8.981560516357e+01 9.803810882568e+01 7.893378448486e+01 9.951124572754e+01 9.382295989990e+01 9.801861572266e+01 7.321764373779e+01 7.518713378906e+01 1.060824584961e+02 6.608490753174e+01 4.167537307739e+01 4.838187789917e+01 6.633876800537e+01 8.319729614258e+01 6.034371948242e+01 2.527765655518e+01 2.332452964783e+01 2.249060249329e+01
7.233745098114e+00 1.752753639221e+01 4.606467247009e+00 4.936686038971e+00 4.869672775269e+00 7.196281909943e+00 1.359662818909e+01 4.313642501831e+01 3.414166259766e+01 7.436230182648e+00 4.654370307922e+00 3.207489728928e+00 2.497813940048e+00 2.478461265564e+00 5.153209686279e+00 4.911992263794e+01 5.649437713623e+01 5.696868515015e+01 4.570497131348e+01 4.560364151001e+01 3.176601982117e+01 2.409077453613e+01 1.860908126831e+01 1.191458034515e+01 3.058405685425e+01 5.958762359619e+01 1.058532028198e+02 1.100885620117e+02 1.194848861694e+02 6.435462188721e+01 8.520590972900e+01 7.672609710693e+01 6.590765380859e+01 6.018957519531e+01 6.108935546875e+01 4.542922973633e+01 4.470606994629e+01 5.222502136230e+01 5.099592971802e+01 4.645547866821e+01 4.804925155640e+01 5.025605010986e+01 4.692113113403e+01
6.209618568420e+00 7.102090835571e+00 4.170767784119e+00 4.472618103027e+00 4.526650905609e+00 6.524148941040e+00 1.944710350037e+01 1.040487060547e+02 8.523153686523e+01 1.201182270050e+01 4.861786365509e+00 2.760374307632e+00 1.936029911041e+00 1.771332144737e+00 1.837172269821e+00 2.260540246964e+00 2.930486202240e+00 4.088882923126e+00 8.194639205933e+00 6.886888027191e+00 7.842139244080e+00 9.030493736267e+00 5.973820686340e+00 6.028110980988e+00 1.505480957031e+01 6.957895660400e+01 1.195235366821e+02 1.383072052002e+02 1.325295715332e+02 1.332251739502e+02 8.623605346680e+01 7.447171020508e+01 6.279256820679e+01 5.966965866089e+01 8.347386169434e+01 7.209146881104e+01 5.989686584473e+01 3.749620437622e+01 3.881560134888e+01 3.243314361572e+01 2.924260520935e+01 2.663320541382e+01 2.317020606995e+01
5.705414295197e+00 5.106422901154e+00 4.022897243500e+00 4.509970188141e+00 5.027383804321e+00 6.587469100952e+00 1.368377532959e+02 5.828947067261e+01 6.424855041504e+01 9.093237876892e+00 4.254762172699e+00 2.650455951691e+00 1.763939380646e+00 1.439556598663e+00 1.376313686371e+00 1.453639745712e+00 1.741665840149e+00 2.296894311905e+00 3.145540475845e+00 3.857545137405e+00 4.246093750000e+00 8.629436492920e+00 4.453003406525e+00 4.101900100708e+00 1.254601287842e+01 2.751347160339e+01 9.866735839844e+01 1.150119018555e+02 1.174385528564e+02 1.264201583862e+02 1.077224502563e+02 8.205734252930e+01 5.753176498413e+01 7.291117858887e+01 5.007143020630e+01 4.420341873169e+01 3.656523895264e+01 3.017874336243e+01 2.830529785156e+01 2.834021186829e+01 2.925409126282e+01 4.309735107422e+01 5.846060180664e+01
4.811462879181e+00 3.725244522095e+00 3.939596414566e+00 4.759872913361e+00 8.130455017090e+00 1.278592205048e+01 3.735452651978e+01 8.639520263672e+01 3.068366241455e+01 4.896007537842e+00 3.079432010651e+00 2.254231929779e+00 1.605644702911e+00 1.206051111221e+00 1.106050729752e+00 1.106966495514e+00 1.207927823067e+00 1.617881417274e+00 2.230025053024e+00 2.554164171219e+00 2.586938619614e+00 5.303414344788e+00 3.227916240692e+00 3.688073396683e+00 7.716891765594e+00 2.588452529907e+01 7.008261108398e+01 9.430069732666e+01 1.001958389282e+02 7.803175354004e+01 5.941070175171e+01 8.499054718018e+01 5.820131683350e+01 4.010546112061e+01 4.528968811035e+01 5.934194946289e+01 5.356246185303e+01 3.608891677856e+01 3.353559112549e+01 3.256491851807e+01 3.194796752930e+01 3.720849609375e+01 4.486512374878e+01
3.473881721497e+00 2.897824048996e+00 3.610208511353e+00 8.118785858154e+00 2.365749931335e+01 5.094415664673e+01 6.597709655762e+01 4.044198608398e+01 4.376215457916e+00 2.974461317062e+00 2.170157670975e+00 1.809502720833e+00 1.413424015045e+00 1.145033478737e+00 1.007699489594e+00 1.046450257301e+00 1.095518708229e+00 1.334270954132e+00 1.926561355591e+00 2.373973131180e+00 2.524924278259e+00 2.599423170090e+00 2.618469238281e+00 3.884033203125e+00 9.346614837646e+00 2.435330390930e+01 2.978250122070e+01 2.939908409119e+01 5.903065490723e+01 6.801902008057e+01 8.012947845459e+01 5.138462829590e+01 6.587765502930e+01 4.825416946411e+01 5.558096694946e+01 6.519795227051e+01 1.295410003662e+02 8.146102142334e+01 4.798988342285e+01 3.750523757935e+01 3.852321243286e+01 3.779870605469e+01 3.647716522217e+01
2.277503252029e+00 2.362042188644e+00 2.982225894928e+00 3.757577896118e+00 9.299595832825e+00 5.321194839478e+01 3.256163406372e+01 4.452860355377e+00 2.598357915878e+00 2.317744970322e+00 1.950633525848e+00 1.646793246269e+00 1.301928520203e+00 1.098274111748e+00 9.759906530380e-01 1.071255803108e+00 1.126008629799e+00 1.096486687660e+00 1.579920649529e+00 2.019565343857e+00 2.285483837128e+00 2.274728775024e+00 2.762117862701e+00 4.443972587585e+00 1.382151031494e+01 2.754273414612e+01 1.642732620239e+01 2.154291343689e+01 2.049425888062e+01 1.031000595093e+02 1.496413879395e+02 8.221330261230e+01 4.557922363281e+01 6.110574340820e+01 2.478913497925e+01 2.578737068176e+01 9.423793029785e+01 4.549401092529e+01 3.643567276001e+01 2.753782272339e+01 2.826540756226e+01 3.149718475342e+01 3.450701141357e+01
1.870232582092e+00 2.046004533768e+00 2.404899120331e+00 3.037573814392e+00 3.348900794983e+00 4.726792812347e+00 5.226861000061e+00 3.576963186264e+00 1.909002780914e+00 1.964756965637e+00 1.718599200249e+00 1.577202558517e+00 1.289256095886e+00 1.054591536522e+00 1.063921332359e+00 1.081905126572e+00 1.148872375488e+00 1.156349062920e+00 1.327088475227e+00 1.707511782646e+00 2.010934352875e+00 2.150639533997e+00 2.281992435455e+00 3.635630607605e+00 1.017005062103e+01 6.361615657806e+00 6.387555122375e+00 9.916200637817e+00 2.270676612854e+01 4.460567855835e+01 4.727618026733e+01 6.008091354370e+01 9.467155456543e+01 5.134465789795e+01 4.909355926514e+01 3.720873641968e+01 3.860501480103e+01 3.265822982788e+01 1.798708534241e+01 2.190078544617e+01 2.136403083801e+01 2.261175537109e+01 2.857598495483e+01
1.471981287003e+00 1.656064748764e+00 1.980319261551e+00 2.429560422897e+00 2.609007596970e+00 2.888700246811e+00 3.047357320786e+00 1.924984216690e+00 1.659352421761e+00 1.735012292862e+00 1.613530635834e+00 1.396271586418e+00 1.175964117050e+00 1.063222646713e+00 1.035139679909e+00 1.181921482086e+00 1.181756615639e+00 1.014798521996e+00 1.169814229012e+00 1.488171100616e+00 1.764935612679e+00 2.048838138580e+00 2.817504405975e+00 2.983983039856e+00 3.014376878738e+00 4.206815242767e+00 4.050315856934e+00 9.864366531372e+00 1.384180641174e+01 1.851600456238e+01 3.860082626343e+01 6.726927185059e+01 5.089384460449e+01 9.325226593018e+01 5.968716812134e+01 3.386169433594e+01 2.849052047729e+01 2.538696289062e+01 3.010025215149e+01 2.853764724731e+01 3.563521575928e+01 3.468613815308e+01 4.056723785400e+01
1.354142189026e+00 1.367499947548e+00 1.534153461456e+00 1.712582468987e+00 1.844945430756e+00 1.814109206200e+00 1.736783981323e+00 1.693296313286e+00 1.832415699959e+00 1.810636878014e+00 1.688434481621e+00 1.477543950081e+00 1.216170787811e+00 1.089645981789e+00 9.831969141960e-01 9.669974446297e-01 1.086530804634e+00 1.099579453468e+00 1.104938268661e+00 1.337237119675e+00 1.551914811134e+00 1.835299372673e+00 2.687664508820e+00 3.037556648254e+00 3.267828226089e+00 6.802393436432e+00 9.320133209229e+00 1.192300319672e+01 1.665667533875e+01 1.806719207764e+01 3.969231414795e+01 7.448384857178e+01 3.546173858643e+01 3.804790878296e+01 6.834775543213e+01 5.925772476196e+01 4.014210510254e+01 3.463912200928e+01 4.164628219604e+01 2.168375205994e+01 2.904890441895e+01 3.399803924561e+01 4.038151550293e+01
1.118495225906e+00 1.282429456711e+00 1.343401193619e+00 1.330545067787e+00 1.490982294083e+00 1.656441450119e+00 1.785570621490e+00 1.585609316826e+00 1.497422456741e+00 1.544284701347e+00 1.657766461372e+00 1.654182553291e+00 1.433501482010e+00 1.231951594353e+00 1.168595671654e+00 1.070496916771e+00 9.234800934792e-01 9.971690773964e-01 1.133399367332e+00 1.257191181183e+00 1.384203910828e+00 1.603717684746e+00 2.290381669998e+00 2.255615949631e+00 2.579869508743e+00 6.110333919525e+00 1.300830745697e+01 1.754372787476e+01 2.459683036804e+01 1.293554592133e+01 3.888341903687e+01 1.958395004272e+01 2.081484222412e+01 2.452964973450e+01 3.983252334595e+01 4.316218948364e+01 5.552117156982e+01 5.146604156494e+01 3.689924240112e+01 3.139781570435e+01 2.439789390564e+01 2.626715850830e+01 2.035175704956e+01
1.106680512428e+00 1.220544576645e+00 1.212303519249e+00 1.210165858269e+00 1.293964147568e+00 1.484265804291e+00 1.607734799385e+00 1.437578320503e+00 1.147777676582e+00 1.229315280914e+00 1.330278515816e+00 1.502028107643e+00 1.566998958588e+00 1.313893914223e+00 1.250896930695e+00 1.531222939491e+00 1.360020518303e+00 1.079387068748e+00 1.179020166397e+00 1.231946945190e+00 1.499776005745e+00 1.663919925690e+00 1.803409218788e+00 2.298815488815e+00 2.674965143204e+00 4.497907638550e+00 9.316499710083e+00 1.116946887970e+01 1.529747200012e+01 8.696270942688e+00 1.897906303406e+01 1.479379463196e+01 2.411236572266e+01 1.493911743164e+01 2.979672050476e+01 2.158554458618e+01 3.360289382935e+01 4.183572387695e+01 3.791014480591e+01 5.184779739380e+01 4.784769439697e+01 3.855902481079e+01 3.306540679932e+01
1.062167167664e+00 1.145372986794e+00 1.099806308746e+00 1.099341392517e+00 1.104964613914e+00 1.109216809273e+00 1.229626655579e+00 1.163946866989e+00 1.409783840179e+00 1.525168538094e+00 1.394337892532e+00 1.377687573433e+00 1.488566756248e+00 1.559621453285e+00 1.463867425919e+00 1.889958143234e+00 1.686395287514e+00 1.277309298515e+00 1.290651917458e+00 1.268917560577e+00 1.457919955254e+00 1.579268574715e+00 1.781342148781e+00 2.369281053543e+00 2.792358160019e+00 4.018662452698e+00 6.042335987091e+00 6.904902458191e+00 7.501196384430e+00 9.501430511475e+00 1.667255210876e+01 2.504336738586e+01 1.656565093994e+01 4.168995666504e+01 1.394936084747e+01 1.854163360596e+01 3.604012680054e+01 5.086630249023e+01 2.521245765686e+01 2.840487289429e+01 1.882915115356e+01 3.405126953125e+01 3.036639976501e+01
9.449029564857e-01 1.018327593803e+00 9.775522947311e-01 9.445205330849e-01 8.775149583817e-01 8.984442949295e-01 9.475135207176e-01 1.290751934052e+00 1.601837277412e+00 1.646389126778e+00 1.456351041794e+00 1.536078691483e+00 1.700702428818e+00 1.671945929527e+00 1.672049164772e+00 1.749983429909e+00 1.880241513252e+00 2.210536241531e+00 1.974867582321e+00 1.776488304138e+00 1.773561835289e+00 1.913529157639e+00 2.282617568970e+00 2.412952184677e+00 2.847301244736e+00 3.464384078979e+00 5.728649139404e+00 5.629267215729e+00 1.116737461090e+01 2.217178916931e+01 2.700303649902e+01 1.305653095245e+01 1.317014503479e+01 4.114884567261e+01 2.122967910767e+01 2.624527931213e+01 2.346006202698e+01 3.007689857483e+01 2.191318893433e+01 8.545137405396e+00 8.176149368286e+00 1.103478050232e+01 2.119378280640e+01
8.674964308739e-01 8.670896887779e-01 8.583613038063e-01 8.446581959724e-01 8.657252788544e-01 9.263647794724e-01 9.722374081612e-01 1.200243592262e+00 1.346087574959e+00 1.301707983017e+00 1.528656244278e+00 1.639184594154e+00 1.585646748543e+00 1.655509114265e+00 2.232253313065e+00 3.101169824600e+00 3.523338079453e+00 4.442655563354e+00 4.421732425690e+00 4.814123630524e+00 3.415066719055e+00 3.192383527756e+00 3.695397853851e+00 3.098805189133e+00 3.548743009567e+00 4.899898052216e+00 1.449524402618e+01 1.351814937592e+01 1.445099258423e+01 1.923728561401e+01 9.916002273560e+00 1.044017696381e+01 1.437583351135e+01 8.253586769104e+00 4.356061172485e+01 6.003348922729e+01 5.342766189575e+01 1.277942371368e+01 6.078025817871e+00 5.079038619995e+00 4.963491916656e+00 5.845773696899e+00 6.169949531555e+00
8.039821386337e-01 8.324286937714e-01 7.979966998100e-01 8.566624522209e-01 9.354888200760e-01 1.071603178978e+00 1.074076294899e+00 1.228400230408e+00 1.380267858505e+00 1.628245592117e+00 1.681885838509e+00 1.988091945648e+00 2.074687004089e+00 1.911365151405e+00 4.784829139709e+00 1.717279434204e+01 1.358753967285e+01 7.606953620911e+00 8.530940055847e+00 1.070530891418e+01 7.940820217133e+00 4.096630096436e+00 4.757693767548e+00 5.953540325165e+00 5.803920269012e+00 1.086037540436e+01 1.521602153778e+01 1.328274059296e+01 1.103087711334e+01 9.747878074646e+00 1.110057735443e+01 1.066861343384e+01 7.950157642365e+00 6.670067787170e+00 1.127731895447e+01 5.109593582153e+01 5.302617645264e+01 1.096606445312e+01 4.027598381042e+00 4.111845493317e+00 3.777497529984e+00 3.633614540100e+00 5.917535305023e+00
8.034951090813e-01 8.638390302658e-01 1.077824950218e+00 1.203682899475e+00 1.104371786118e+00 1.827112793922e+00 2.145275831223e+00 2.200173377991e+00 1.894083857536e+00 1.924355506897e+00 2.100866794586e+00 2.628351449966e+00 2.611310720444e+00 9.446275711060e+00 6.771083068848e+01 8.620425415039e+01 4.067536926270e+01 2.159636306763e+01 1.743945503235e+01 1.388961696625e+01 6.799976348877e+00 6.523499011993e+00 1.408049201965e+01 3.000115394592e+01 2.463689804077e+01 1.314238071442e+01 1.543138313293e+01 1.257998371124e+01 1.332233810425e+01 9.434675216675e+00 2.383504104614e+01 9.525692939758e+00 7.052505016327e+00 5.018238544464e+00 3.429439783096e+00 1.059833049774e+01 1.165203571320e+01 2.868265390396e+00 2.002389431000e+00 2.358573675156e+00 2.919873952866e+00 3.270254850388e+00 3.062936306000e+00
9.661107659340e-01 1.515787243843e+00 2.062540292740e+00 2.240234613419e+00 2.905224561691e+00 3.858162403107e+00 3.788612842560e+00 3.339874982834e+00 2.868116140366e+00 2.211843490601e+00 2.824624776840e+00 3.115756511688e+00 1.660242080688e+01 9.243666076660e+01 1.278283920288e+02 4.513267898560e+01 1.349101257324e+01 8.334810256958e+00 8.718800544739e+00 7.659242630005e+00 7.178895950317e+00 1.632213973999e+01 3.218330001831e+01 4.251892471313e+01 3.419253158569e+01 1.752170944214e+01 1.226987171173e+01 8.806721687317e+00 8.164536476135e+00 7.125506877899e+00 1.012926101685e+01 4.447587490082e+00 5.110946655273e+00 4.156364917755e+00 2.624724149704e+00 1.564940214157e+00 1.307843208313e+00 1.290875792503e+00 1.341993451118e+00 1.672998189926e+00 2.248231410980e+00 2.849511861801e+00 2.921407461166e+00
1.593172550201e+00 2.375810384750e+00 3.150931358337e+00 4.548621654510e+00 8.769730567932e+00 8.625504493713e+00 1.196072864532e+01 9.276329040527e+00 1.055696201324e+01 6.279140472412e+00 3.396106243134e+00 2.142406082153e+01 8.688199615479e+01 8.708881378174e+01 2.298130416870e+01 6.773752212524e+00 1.238132286072e+01 1.636389732361e+01 1.192325115204e+01 1.369274616241e+01 1.652708053589e+01 1.683759498596e+01 2.430043601990e+01 1.992634963989e+01 1.334724807739e+01 1.049009609222e+01 6.551163196564e+00 2.577698469162e+00 2.682595729828e+00 2.547316551208e+00 3.268988132477e+00 2.398781776428e+00 2.145737409592e+00 1.500045537949e+00 1.536085128784e+00 1.568609714508e+00 1.622123837471e+00 1.706508278847e+00 1.818726658821e+00 1.963748216629e+00 1.993502020836e+00 2.384741306305e+00 3.117125034332e+00
