VariationalSeries/SI/f26_max.grd
DSAA
101	101
32.816463539100	34.260883539100
35.556306596100	36.727886596100
1.279443409294e-02	2.312973388672e+03
[rows 76 to 94 of 101, columns 0 to 42 of 101]
1.424171030521e-01 2.059165686369e-01 2.725414037704e-01 3.221611082554e-01 3.456615805626e-01 3.474712371826e-01 3.355025351048e-01 3.167814016342e-01 2.955675721169e-01 3.054936826229e-01 3.460317850113e-01 4.152182638645e-01 4.917678236961e-01 5.406396389008e-01 5.500164628029e-01 5.332347750664e-01 4.849733412266e-01 5.155894160271e-01 5.311983823776e-01 5.613892078400e-01 7.711601853371e-01 7.522499561310e-01 5.070574283600e-01 5.515369772911e-01 5.124479532242e-01 4.694286882877e-01 4.897783696651e-01 5.442798733711e-01 6.074675321579e-01 6.429550647736e-01 6.198949217796e-01 5.844616889954e-01 5.687718391418e-01 5.651271343231e-01 6.237902045250e-01 7.345329523087e-01 1.374056696892e+00 1.682585954666e+00 1.585876822472e+00 1.156186699867e+00 1.160654187202e+00 1.907899737358e+00 3.356217384338e+00
1.439663171768e-01 2.324700206518e-01 3.081464767456e-01 3.549662828445e-01 3.733767569065e-01 3.712232410908e-01 3.564342856407e-01 3.347525000572e-01 3.315669596195e-01 3.687894046307e-01 4.249892830849e-01 5.028703808784e-01 5.748281478882e-01 6.097221374512e-01 5.999791026115e-01 5.561794042587e-01 4.736249148846e-01 4.864470958710e-01 4.890061318874e-01 4.359613955021e-01 4.401288628578e-01 4.594933390617e-01 4.199815392494e-01 4.967370927334e-01 5.267233848572e-01 4.840787649155e-01 5.259447693825e-01 6.341706514359e-01 7.047091126442e-01 7.136703729630e-01 6.664936542511e-01 6.122784614563e-01 6.109493374825e-01 5.806214213371e-01 6.959962248802e-01 7.567136287689e-01 1.230658173561e+00 1.381319046021e+00 1.570815801620e+00 1.792372703552e+00 3.727094173431e+00 4.932596206665e+00 4.727506637573e+00
1.528555154800e-01 2.435568720102e-01 3.169006407261e-01 3.582414090633e-01 3.712351024151e-01 3.648825287819e-01 3.462951481342e-01 3.591694831848e-01 4.053321480751e-01 4.541254639626e-01 5.170599222183e-01 5.834301710129e-01 6.264662742615e-01 6.254596114159e-01 5.807238221169e-01 5.044102668762e-01 4.010213911533e-01 4.201742112637e-01 4.074370563030e-01 3.578074574471e-01 3.350339829922e-01 3.754080235958e-01 4.462417364120e-01 5.950710773468e-01 6.272938847542e-01 5.724734663963e-01 7.035576701164e-01 7.641512155533e-01 7.823573946953e-01 7.657760977745e-01 7.165513634682e-01 6.647250056267e-01 6.335214376450e-01 6.987797021866e-01 9.020418524742e-01 1.173748850822e+00 1.544031023979e+00 1.898367643356e+00 1.705136537552e+00 4.318130493164e+00 5.053535461426e+00 4.765063762665e+00 4.721517086029e+00
1.378211528063e-01 2.176331132650e-01 2.803376317024e-01 3.138299286366e-01 3.221786320210e-01 3.131790459156e-01 3.403876125813e-01 3.877629935741e-01 4.259408414364e-01 4.639910161495e-01 5.039981603622e-01 5.338743329048e-01 5.376888513565e-01 5.065692663193e-01 4.476992785931e-01 3.748035728931e-01 3.474454879761e-01 3.347214162350e-01 3.124816715717e-01 3.035202324390e-01 3.090780377388e-01 3.432647883892e-01 5.353427529335e-01 7.288775444031e-01 7.893134355545e-01 8.228663206100e-01 8.640443086624e-01 8.716511726379e-01 8.218196034431e-01 7.732413411140e-01 7.320023775101e-01 6.951971054077e-01 8.245593309402e-01 8.828747868538e-01 1.126641154289e+00 1.298507928848e+00 1.265866518021e+00 2.046707391739e+00 2.522121191025e+00 3.983199834824e+00 4.445902824402e+00 4.352898120880e+00 4.400668621063e+00
1.129348799586e-01 1.805054694414e-01 2.195854932070e-01 2.425343990326e-01 2.488680779934e-01 2.736317813396e-01 3.144120872021e-01 3.397565782070e-01 3.518124818802e-01 3.627377152443e-01 3.753710687160e-01 3.830506205559e-01 3.760589659214e-01 3.484010994434e-01 3.564663529396e-01 3.644136786461e-01 3.600255250931e-01 3.410633802414e-01 3.116724789143e-01 2.979841530323e-01 2.890891134739e-01 3.520809113979e-01 6.024753451347e-01 8.291950821877e-01 9.415418505669e-01 9.897105693817e-01 9.990673065186e-01 1.037013530731e+00 1.010971307755e+00 8.732990622520e-01 7.545948624611e-01 7.372305393219e-01 8.980939388275e-01 9.332953095436e-01 9.457671642303e-01 1.078985929489e+00 1.433494091034e+00 1.967778921127e+00 2.609346151352e+00 2.774567127228e+00 4.337605953217e+00 5.416251182556e+00 4.279404640198e+00
1.530539244413e-01 2.230142652988e-01 2.736980915070e-01 3.009741008282e-01 3.132390379906e-01 3.187822103500e-01 3.206631541252e-01 3.186436891556e-01 3.126198053360e-01 3.042193055153e-01 3.077805340290e-01 3.342980444431e-01 3.572846055031e-01 3.770710229874e-01 3.908542990685e-01 3.939923942089e-01 3.824685513973e-01 3.551611900330e-01 3.350823521614e-01 3.265054821968e-01 3.131485283375e-01 3.852360248566e-01 6.202459335327e-01 8.552414178848e-01 2.118953227997e+00 6.208698272705e+00 6.595206737518e+00 2.982344865799e+00 1.746609687805e+00 1.381498932838e+00 9.864277839661e-01 7.687529325485e-01 9.038100838661e-01 1.188259601593e+00 9.342237114906e-01 1.167881965637e+00 1.296192884445e+00 2.026130199432e+00 3.541712045670e+00 3.637249469757e+00 4.030480861664e+00 5.464732646942e+00 7.618992805481e+00
2.159063518047e-01 3.124745488167e-01 3.799921870232e-01 4.122781157494e-01 4.210859239101e-01 4.185481667519e-01 4.100737869740e-01 3.972362577915e-01 3.809053003788e-01 3.624344170094e-01 4.181682467461e-01 4.803233146667e-01 5.342189073563e-01 5.711057782173e-01 5.835533738136e-01 5.680468678474e-01 5.247427821159e-01 4.568713903427e-01 4.412445425987e-01 4.184818863869e-01 3.902670145035e-01 4.594082832336e-01 6.195175647736e-01 1.398395776749e+00 5.838594913483e+00 1.667355728149e+01 1.819440460205e+01 9.623992919922e+00 3.998077869415e+00 1.970724821091e+00 1.278682589531e+00 1.007305264473e+00 8.642781376839e-01 1.262517571449e+00 1.327425003052e+00 1.378976702690e+00 1.238332509995e+00 1.901397109032e+00 4.156179904938e+00 6.259292125702e+00 4.168282032013e+00 4.246557235718e+00 9.558513641357e+00
2.704572379589e-01 3.859704434872e-01 4.614566564560e-01 4.903715252876e-01 4.887118935585e-01 4.723926782608e-01 4.492498934269e-01 4.365881383419e-01 4.983466565609e-01 6.080508232117e-01 7.212172746658e-01 8.280262947083e-01 9.189209342003e-01 9.906473755836e-01 1.040228486061e+00 1.058410167694e+00 1.031742334366e+00 9.448318481445e-01 7.823360562325e-01 6.008125543594e-01 5.530583262444e-01 5.696117281914e-01 1.229662299156e+00 2.225167512894e+00 6.908454895020e+00 5.484064102173e+01 1.070637512207e+02 2.368861961365e+01 1.064944934845e+01 3.684244632721e+00 1.558257222176e+00 1.241966128349e+00 1.142774820328e+00 1.586998701096e+00 1.908292055130e+00 1.865175604820e+00 1.547078728676e+00 2.330876827240e+00 3.492858886719e+00 7.631610870361e+00 7.707349777222e+00 4.126317501068e+00 9.797786712646e+00
2.869508862495e-01 4.011824429035e-01 4.684950113297e-01 4.842304587364e-01 4.674105644226e-01 4.839317798615e-01 5.352696776390e-01 5.691667795181e-01 6.666812896729e-01 8.210843205452e-01 9.821663498878e-01 1.135113000870e+00 1.269442439079e+00 1.389360427856e+00 1.504373311996e+00 1.613472342491e+00 1.687736392021e+00 1.663325667381e+00 1.450378894806e+00 1.050486564636e+00 8.031364083290e-01 1.144553661346e+00 2.021645784378e+00 2.872614860535e+00 1.298207378387e+01 3.084316825867e+01 4.284088516235e+01 1.300654602051e+01 5.628222942352e+00 3.069488525391e+00 2.430518388748e+00 2.857379198074e+00 3.670119285583e+00 3.392434120178e+00 2.394255876541e+00 2.410265922546e+00 2.031718730927e+00 2.378087520599e+00 2.589755296707e+00 4.990907192230e+00 6.644204616547e+00 4.646324157715e+00 1.640227699280e+01
3.854138851166e-01 6.105096340179e-01 7.700437903404e-01 8.610907793045e-01 9.122864603996e-01 9.328097701073e-01 9.248206615448e-01 8.920756578445e-01 8.410624861717e-01 8.535689115524e-01 1.031260132790e+00 1.210630178452e+00 1.381321787834e+00 1.545123577118e+00 1.719113469124e+00 1.923663854599e+00 2.124708175659e+00 2.207228183746e+00 2.005918741226e+00 2.406033992767e+00 1.780818581581e+00 1.930786609650e+00 2.554223537445e+00 3.557981014252e+00 6.585373878479e+00 2.338838338852e+00 1.884256720543e+00 1.881467342377e+00 2.643149614334e+00 2.216327905655e+00 2.579398393631e+00 1.931536674500e+01 1.317868614197e+01 8.959444046021e+00 5.366561889648e+00 7.945595741272e+00 7.298484802246e+00 3.435505151749e+00 2.766257762909e+00 3.069550991058e+00 4.575067043304e+00 1.248723697662e+01 1.894110870361e+01
7.061984539032e-01 1.097820758820e+00 1.345266103745e+00 1.446233153343e+00 1.463548779488e+00 1.428558707237e+00 1.357063651085e+00 1.262742757797e+00 1.178938508034e+00 1.230994343758e+00 1.271458625793e+00 1.291373372078e+00 1.337574243546e+00 1.520829796791e+00 1.692838072777e+00 1.885070323944e+00 2.077951431274e+00 3.046491384506e+00 3.937902688980e+00 3.972811698914e+00 4.071691989899e+00 4.065445423126e+00 3.025426149368e+00 3.588223695755e+00 1.744426965714e+00 1.325093269348e+00 1.231433510780e+00 1.069222092628e+00 1.199403405190e+00 1.675385594368e+00 4.135547161102e+00 2.286306762695e+01 1.688696670532e+01 9.823745727539e+00 8.726598739624e+00 1.843547630310e+01 1.759279441833e+01 8.001870155334e+00 6.079480171204e+00 5.481002807617e+00 6.975312709808e+00 1.178883647919e+01 2.143911933899e+01
1.000333905220e+00 1.521465420723e+00 1.789814472198e+00 1.865335941315e+00 2.296079874039e+00 2.484083652496e+00 2.459574937820e+00 2.307852268219e+00 2.093010902405e+00 1.862068653107e+00 1.893544077873e+00 1.864375352859e+00 1.900190472603e+00 2.194930315018e+00 3.207485675812e+00 3.809237241745e+00 4.261128902435e+00 4.137234687805e+00 3.089800119400e+00 3.460256099701e+00 3.644627094269e+00 3.052483320236e+00 2.435188770294e+00 1.376788616180e+00 1.209369659424e+00 9.518576264381e-01 7.903645634651e-01 6.359298825264e-01 5.918362140656e-01 1.029467225075e+00 1.639736413956e+00 9.249799728394e+00 1.136109924316e+01 1.714601325989e+01 1.830214118958e+01 2.493222618103e+01 1.694556045532e+01 7.851518154144e+00 1.650866699219e+01 1.399327945709e+01 9.500841140747e+00 1.149099636078e+01 3.668673324585e+01
1.170220017433e+00 1.762456536293e+00 2.037596940994e+00 2.312898397446e+00 2.820093154907e+00 3.029504537582e+00 2.981502056122e+00 2.778538703918e+00 2.494411945343e+00 2.184929847717e+00 1.881237626076e+00 2.044706821442e+00 2.369220733643e+00 2.725731134415e+00 2.968356847763e+00 3.056104660034e+00 2.881076812744e+00 2.384466886520e+00 1.898734927177e+00 1.655437827110e+00 1.426014542580e+00 1.013463377953e+00 8.677848577499e-01 8.308298587799e-01 7.403935790062e-01 6.045172810555e-01 4.669650197029e-01 4.509251415730e-01 5.750030279160e-01 8.492053747177e-01 1.219025850296e+00 5.007076740265e+00 5.215382099152e+00 1.011270332336e+01 1.180246067047e+01 2.798151588440e+01 2.418436813354e+01 1.338894748688e+01 1.238969516754e+01 4.911201477051e+01 1.157633285522e+02 2.976400375366e+01 1.824421119690e+01
8.717671036720e-01 1.300475597382e+00 1.485252022743e+00 1.532198071480e+00 1.839246153831e+00 1.955638527870e+00 1.912634611130e+00 1.774963378906e+00 1.587191820145e+00 1.385846376419e+00 1.257768988609e+00 1.364383339882e+00 1.426812291145e+00 1.443877696991e+00 1.417130827904e+00 1.393595576286e+00 1.255692720413e+00 9.945113658905e-01 1.158317327499e+00 1.091953396797e+00 8.700299859047e-01 6.467486619949e-01 6.063808202744e-01 5.412448048592e-01 4.529946446419e-01 3.566101789474e-01 4.147656559944e-01 5.760109424591e-01 7.209868431091e-01 1.435699701309e+00 1.825844287872e+00 2.754854679108e+00 4.770037651062e+00 3.573162078857e+00 3.089452743530e+00 3.732157707214e+00 2.314377593994e+01 1.407912635803e+01 1.021721172333e+01 6.589831542969e+01 1.453048095703e+02 1.579498577118e+01 5.681222915649e+00
4.120910167694e-01 6.084361672401e-01 7.292129993439e-01 8.279255032539e-01 8.657978177071e-01 8.931051492691e-01 9.026501774788e-01 8.567270040512e-01 8.161395192146e-01 8.058336377144e-01 7.922518849373e-01 7.300550937653e-01 7.691406607628e-01 7.944915294647e-01 7.909103035927e-01 7.502695918083e-01 9.581927061081e-01 1.225149512291e+00 1.155790328979e+00 8.656520247459e-01 5.526291131973e-01 4.086522161961e-01 3.710933029652e-01 3.218947649002e-01 2.711070477962e-01 4.222861230373e-01 6.495022773743e-01 8.662403225899e-01 1.158227086067e+00 1.877203345299e+00 2.621471405029e+00 3.533934831619e+00 4.024826526642e+00 4.731066226959e+00 2.313931703568e+00 2.467456579208e+00 4.743786334991e+00 1.170788097382e+01 1.939540481567e+01 2.094185447693e+01 1.080499935150e+01 4.064089775085e+00 3.790029048920e+00
2.784979045391e-01 4.064582288265e-01 5.135417580605e-01 5.799067616463e-01 6.068565845490e-01 6.054945588112e-01 5.884828567505e-01 5.603886246681e-01 5.275976657867e-01 4.929909110069e-01 4.574829936028e-01 4.219209849834e-01 3.876362144947e-01 3.902359306812e-01 3.849578797817e-01 5.215554237366e-01 8.901174664497e-01 1.054935455322e+00 9.045864939690e-01 6.246322989464e-01 3.808680176735e-01 2.468024492264e-01 2.525744438171e-01 2.770137190819e-01 3.772588372231e-01 6.406107544899e-01 9.647175073624e-01 1.324220061302e+00 1.868393421173e+00 2.586413860321e+00 3.867704153061e+00 3.988874435425e+00 3.565412282944e+00 1.966206073761e+00 1.502613425255e+00 2.048861026764e+00 2.501621961594e+00 8.733127593994e+00 2.298139381409e+01 1.353930187225e+01 7.940579891205e+00 3.466316699982e+00 3.289969444275e+00
1.996954828501e-01 2.884910404682e-01 3.602668344975e-01 4.046889543533e-01 4.243661463261e-01 4.265573024750e-01 4.170992076397e-01 3.998707234859e-01 3.773549199104e-01 3.508694469929e-01 3.216048181057e-01 2.906133532524e-01 3.099950253963e-01 3.114494085312e-01 2.874076664448e-01 3.091410398483e-01 5.545753240585e-01 6.916378736496e-01 6.478518247604e-01 5.080909132957e-01 3.596303164959e-01 2.421037554741e-01 2.704259753227e-01 3.113040030003e-01 5.327374339104e-01 1.161063313484e+00 2.453232765198e+00 2.258498430252e+00 1.878145813942e+00 3.483079671860e+00 4.737124443054e+00 4.059612751007e+00 2.859936952591e+00 1.345114827156e+00 1.477512001991e+00 2.027043342590e+00 2.631267070770e+00 1.077311420441e+01 1.858050155640e+01 7.932825088501e+00 4.576476097107e+00 2.765684843063e+00 2.484757661819e+00
1.362091600895e-01 1.948530972004e-01 2.413104772568e-01 2.695529162884e-01 2.818240821362e-01 2.828679680824e-01 2.760684788227e-01 2.635828554630e-01 2.467092722654e-01 2.264467924833e-01 2.221782505512e-01 2.491514533758e-01 2.596115171909e-01 2.481267303228e-01 2.306390404701e-01 2.639515399933e-01 2.932812869549e-01 3.533248603344e-01 4.051310420036e-01 3.920489847660e-01 3.344491720200e-01 2.646930217743e-01 2.887291610241e-01 3.981876969337e-01 6.933030486107e-01 2.008170366287e+00 2.854040622711e+00 1.740975022316e+00 1.910616278648e+00 3.679319381714e+00 4.976600170135e+00 3.941143274307e+00 2.694736242294e+00 1.852050900459e+00 2.091079711914e+00 2.025955200195e+00 4.563527107239e+00 1.871823501587e+01 1.431232357025e+01 3.266673088074e+00 6.564555168152e+00 2.827180385590e+00 1.921867132187e+00
8.297507464886e-02 1.175053715706e-01 1.444137692451e-01 1.602743417025e-01 1.665339171886e-01 1.660255044699e-01 1.607217490673e-01 1.518892645836e-01 1.405409276485e-01 1.709129363298e-01 1.994355916977e-01 2.180150300264e-01 2.193804681301e-01 2.352546155453e-01 2.722385227680e-01 3.097108304501e-01 3.424824476242e-01 3.639085292816e-01 3.675176501274e-01 3.508531749249e-01 3.202499747276e-01 2.985005378723e-01 3.320794999599e-01 4.962206184864e-01 8.364133834839e-01 2.244731426239e+00 2.356546401978e+00 1.916915297508e+00 1.742211699486e+00 3.288769483566e+00 4.607014656067e+00 3.592452526093e+00 3.443195343018e+00 2.326462507248e+00 2.517987966537e+00 1.877437233925e+00 4.480225086212e+00 1.087642002106e+01 6.100663185120e+00 3.856032371521e+00 8.720046043396e+00 2.788666248322e+00 1.470210075378e+00
