VariationalSeries/SI/f26_max.grd
DSAA
101	101
32.816463539100	34.260883539100
35.556306596100	36.727886596100
1.279443409294e-02	2.312973388672e+03
[rows 57 to 75 of 101, columns 0 to 42 of 101]
7.196020483971e-01 1.180897951126e+00 1.292978048325e+00 1.295319676399e+00 1.311231970787e+00 1.604257583618e+00 1.801443815231e+00 1.979795098305e+00 2.147072553635e+00 2.199127435684e+00 2.196394205093e+00 3.098362684250e+00 5.290005683899e+00 2.891062021255e+00 2.052770376205e+00 3.074903249741e+00 2.758048295975e+00 3.205008983612e+00 3.882278442383e+00 3.940214157104e+00 3.993985652924e+00 3.141788244247e+00 2.162310600281e+00 1.907032966614e+00 2.074080467224e+00 2.868856430054e+00 4.551768779755e+00 5.615725040436e+00 4.230007648468e+00 2.543745517731e+00 2.024015665054e+00 1.606374382973e+00 1.679378509521e+00 2.062778711319e+00 2.417793035507e+00 3.059596300125e+00 3.542913675308e+00 3.785577774048e+00 6.176969528198e+00 8.339226722717e+00 7.255822658539e+00 6.508678436279e+00 7.330360412598e+00
9.151676297188e-01 1.496559858322e+00 1.706764817238e+00 1.732871413231e+00 1.717062354088e+00 1.673622965813e+00 1.654976367950e+00 1.736637711525e+00 1.812317609787e+00 2.966952800751e+00 9.579998016357e+00 1.107884883881e+01 4.139803886414e+00 2.120351791382e+00 2.129076242447e+00 1.955934047699e+00 2.149508714676e+00 2.135790586472e+00 2.516901493073e+00 3.187173128128e+00 3.883784294128e+00 4.162837982178e+00 2.923038959503e+00 1.822056412697e+00 2.103199958801e+00 3.196682929993e+00 4.797690868378e+00 5.121873855591e+00 5.208720207214e+00 3.333731889725e+00 2.009252786636e+00 1.840696811676e+00 1.754019141197e+00 2.135658740997e+00 2.522290468216e+00 2.611017942429e+00 2.675663709641e+00 2.739679574966e+00 2.755127906799e+00 2.974166154861e+00 3.694393396378e+00 5.106250762939e+00 5.914505004883e+00
1.219097256660e+00 2.001770257950e+00 2.384354591370e+00 3.385637521744e+00 4.245426654816e+00 5.304799079895e+00 6.919125556946e+00 1.008170604706e+01 1.862210083008e+01 2.643117332458e+01 1.761676788330e+01 4.483209609985e+00 3.076471567154e+00 2.697131156921e+00 1.968153834343e+00 2.018390655518e+00 2.128961563110e+00 2.088578224182e+00 2.055965900421e+00 2.221350669861e+00 3.749854564667e+00 4.258697032928e+00 3.032531261444e+00 1.756439685822e+00 1.363948225975e+00 2.094134807587e+00 2.955505371094e+00 3.110198020935e+00 3.166233301163e+00 2.600426197052e+00 1.850845813751e+00 1.919547796249e+00 1.828999161720e+00 2.057520627975e+00 2.480460643768e+00 2.568688869476e+00 2.442334651947e+00 2.235950946808e+00 2.024126052856e+00 2.268300533295e+00 2.933232784271e+00 3.721846103668e+00 5.007778644562e+00
1.191652417183e+00 2.430151462555e+00 4.022449493408e+00 5.507219791412e+00 6.789992809296e+00 8.848792076111e+00 1.274702835083e+01 1.900283813477e+01 1.914961051941e+01 8.887835502625e+00 2.209866046906e+00 2.571792364120e+00 2.789090871811e+00 2.475921392441e+00 2.169281959534e+00 2.274856090546e+00 2.274100303650e+00 2.177877664566e+00 1.752611160278e+00 1.736671566963e+00 2.698397159576e+00 3.015886545181e+00 2.247645854950e+00 1.415871143341e+00 1.094131827354e+00 1.182632207870e+00 1.581011652946e+00 1.952316999435e+00 2.221711158752e+00 1.984509468079e+00 1.817109942436e+00 1.677546143532e+00 1.794588923454e+00 1.989715218544e+00 2.383314847946e+00 2.440738677979e+00 2.206061840057e+00 1.886117219925e+00 1.757510781288e+00 1.945861101151e+00 2.819271564484e+00 3.456158399582e+00 4.583605766296e+00
7.262056469917e-01 1.264393687248e+00 1.542301177979e+00 1.621406912804e+00 1.625044226646e+00 1.620438098907e+00 1.608994603157e+00 1.577228426933e+00 1.550909042358e+00 1.521245837212e+00 1.430499434471e+00 1.505990147591e+00 1.591086626053e+00 2.034105539322e+00 2.284357309341e+00 2.383190155029e+00 2.289483547211e+00 2.029649972916e+00 1.502022385597e+00 1.232544898987e+00 1.507362127304e+00 1.566742897034e+00 1.241167783737e+00 9.251511096954e-01 8.178636431694e-01 8.725197315216e-01 1.121048092842e+00 1.349157571793e+00 1.645438790321e+00 1.773432135582e+00 1.680174112320e+00 1.502287030220e+00 1.717939257622e+00 2.078158855438e+00 2.475588560104e+00 2.394517421722e+00 1.988219857216e+00 1.593814730644e+00 1.776264071465e+00 1.980584263802e+00 2.815982818604e+00 3.498339653015e+00 4.303868770599e+00
3.445650339127e-01 6.412591338158e-01 8.293331861496e-01 9.142107367516e-01 9.478215575218e-01 9.766579866409e-01 1.004246830940e+00 1.025061488152e+00 1.057903528214e+00 1.090919256210e+00 1.070163607597e+00 1.006437063217e+00 9.865140318871e-01 1.307013869286e+00 1.534449696541e+00 1.613124966621e+00 1.465241074562e+00 1.302905678749e+00 1.101816415787e+00 9.627662301064e-01 8.024408221245e-01 7.499875426292e-01 6.215585470200e-01 6.953007578850e-01 8.195593357086e-01 8.611165881157e-01 9.277647137642e-01 1.121314525604e+00 1.390436768532e+00 1.523118734360e+00 1.502457380295e+00 1.419487476349e+00 1.706753492355e+00 2.287061214447e+00 2.655204772949e+00 2.399188756943e+00 1.800953626633e+00 1.571108341217e+00 1.815354585648e+00 2.055964708328e+00 2.719793319702e+00 3.210467338562e+00 3.690860271454e+00
2.331034243107e-01 3.925145864487e-01 4.896790683270e-01 5.636277198792e-01 6.061892509460e-01 6.441288590431e-01 6.804490685463e-01 7.111077308655e-01 7.484412789345e-01 7.864617109299e-01 7.916023731232e-01 7.660570740700e-01 7.369009852409e-01 7.104511857033e-01 7.122827172279e-01 8.078219890594e-01 8.519034385681e-01 8.404219746590e-01 7.713422179222e-01 7.298353314400e-01 6.535890698433e-01 6.129084825516e-01 5.356721878052e-01 7.055513858795e-01 8.691482543945e-01 9.511519670486e-01 9.446417689323e-01 9.386343359947e-01 1.146492481232e+00 1.276916742325e+00 1.309256553650e+00 1.301924824715e+00 1.724518775940e+00 2.406219244003e+00 2.656076192856e+00 2.223830223083e+00 1.575927019119e+00 1.574368476868e+00 1.891489267349e+00 2.115472555161e+00 2.449471235275e+00 2.814599990845e+00 2.879731178284e+00
1.904390454292e-01 3.208658099174e-01 4.040975570679e-01 4.508394896984e-01 4.731036722660e-01 4.975818693638e-01 5.157068371773e-01 5.214219689369e-01 5.472831726074e-01 5.691844224930e-01 5.738172531128e-01 5.641845464706e-01 5.546592473984e-01 5.417580604553e-01 5.590137839317e-01 6.421578526497e-01 6.826281547546e-01 6.738538742065e-01 6.234495043755e-01 5.800403952599e-01 6.327679157257e-01 6.137515306473e-01 5.284606814384e-01 7.021501064301e-01 8.853248357773e-01 9.966099262238e-01 1.008560776711e+00 9.755751490593e-01 1.007485508919e+00 1.105713367462e+00 1.152506589890e+00 1.198534607887e+00 1.707648992538e+00 2.343741416931e+00 2.417766094208e+00 1.911278605461e+00 1.481406927109e+00 1.623833298683e+00 1.973194956779e+00 2.076480627060e+00 2.164879322052e+00 2.336179494858e+00 2.140253067017e+00
1.876687854528e-01 3.004610538483e-01 3.804653584957e-01 4.165492653847e-01 4.316369295120e-01 4.452185034752e-01 4.503782987595e-01 4.413271546364e-01 4.318652153015e-01 4.377627968788e-01 4.389770925045e-01 4.560120403767e-01 4.695500135422e-01 4.805996716022e-01 4.937724173069e-01 5.199117660522e-01 5.560700893402e-01 5.571288466454e-01 5.624943375587e-01 5.544570088387e-01 5.797784924507e-01 6.048452854156e-01 5.363882780075e-01 6.635299921036e-01 8.378363251686e-01 9.532086253166e-01 9.722560048103e-01 9.555163979530e-01 1.010662674904e+00 1.041424393654e+00 1.061816215515e+00 1.114743709564e+00 1.595453977585e+00 2.097767829895e+00 2.043914318085e+00 1.639968872070e+00 1.441322088242e+00 1.734018206596e+00 1.990452170372e+00 1.935796022415e+00 1.878453850746e+00 1.887669444084e+00 1.733907103539e+00
1.751713007689e-01 2.779472768307e-01 3.481454253197e-01 3.785599470139e-01 3.913174271584e-01 4.012815058231e-01 4.027199447155e-01 3.942524492741e-01 3.833180963993e-01 4.096786379814e-01 4.346149861813e-01 4.572553038597e-01 4.773430228233e-01 4.942670166492e-01 5.097072124481e-01 5.247089266777e-01 5.357573032379e-01 5.374994277954e-01 5.268037319183e-01 5.268207192421e-01 5.270108580589e-01 5.818952918053e-01 5.495499968529e-01 6.007558703423e-01 7.480300664902e-01 8.498618006706e-01 9.831607341766e-01 1.075961947441e+00 1.082434892654e+00 1.048916339874e+00 1.026572108269e+00 1.036137938499e+00 1.398336648941e+00 1.744696378708e+00 1.676395893097e+00 1.458797574043e+00 1.549699425697e+00 1.757027268410e+00 1.875926256180e+00 1.696933031082e+00 1.568850159645e+00 1.486552119255e+00 1.480674862862e+00
1.610310226679e-01 2.550709545612e-01 3.189601898193e-01 3.479673862457e-01 3.600925207138e-01 3.656767308712e-01 3.633278310299e-01 3.561845719814e-01 3.567400574684e-01 3.873268365860e-01 4.150860309601e-01 4.412602782249e-01 4.653620123863e-01 4.855985641479e-01 5.013879537582e-01 5.117717981339e-01 5.160552263260e-01 5.679732561111e-01 5.788887739182e-01 5.361785292625e-01 4.928153753281e-01 5.326365232468e-01 5.427966117859e-01 5.389732122421e-01 6.568297743797e-01 7.409970164299e-01 8.953729867935e-01 1.042315959930e+00 1.078514218330e+00 1.044626832008e+00 1.003608107567e+00 1.002651810646e+00 1.114289641380e+00 1.351946115494e+00 1.330757975578e+00 1.234160900116e+00 1.335602283478e+00 1.483836174011e+00 1.533042192459e+00 1.331568956375e+00 1.226672887802e+00 1.138338804245e+00 1.119089126587e+00
1.491052508354e-01 2.365492284298e-01 2.970200181007e-01 3.259366154671e-01 3.364109694958e-01 3.372196853161e-01 3.321120440960e-01 3.269410729408e-01 3.361670970917e-01 3.484801948071e-01 3.769974708557e-01 4.040851294994e-01 4.292167425156e-01 4.504216909409e-01 4.664904773235e-01 5.010689496994e-01 5.451611876488e-01 6.131567955017e-01 6.426301002502e-01 6.244232058525e-01 5.708302259445e-01 5.069578289986e-01 5.165920257568e-01 5.226191282272e-01 5.839258432388e-01 6.512520313263e-01 6.703062057495e-01 8.097063302994e-01 9.174400568008e-01 9.512621164322e-01 9.413385987282e-01 9.649487733841e-01 9.929141402245e-01 1.022967457771e+00 9.863170981407e-01 9.563565254211e-01 1.036730647087e+00 1.185229539871e+00 1.270914912224e+00 1.054350137711e+00 9.274778366089e-01 8.275966644287e-01 9.268144965172e-01
1.403761208057e-01 2.233797162771e-01 2.816417515278e-01 3.090285658836e-01 3.161478042603e-01 3.136727213860e-01 3.084930479527e-01 3.101770579815e-01 3.112591207027e-01 3.225325644016e-01 3.274192214012e-01 3.536591529846e-01 3.778258860111e-01 3.985651135445e-01 4.290733337402e-01 4.721168577671e-01 5.522325038910e-01 6.298741698265e-01 6.821187138557e-01 6.974193453789e-01 6.776489615440e-01 6.363636851311e-01 5.865605473518e-01 5.406167507172e-01 5.276742577553e-01 5.829178094864e-01 5.929683446884e-01 5.763598680496e-01 7.066614031792e-01 8.113954067230e-01 8.803934454918e-01 9.305286407471e-01 9.597448110580e-01 9.276872873306e-01 8.370712995529e-01 8.156395554543e-01 9.124950170517e-01 1.120597958565e+00 1.309224128723e+00 1.187423110008e+00 8.802251219749e-01 7.810966372490e-01 8.871739506721e-01
1.369919180870e-01 2.176438122988e-01 2.733674347401e-01 2.973965704441e-01 3.009422719479e-01 2.967310845852e-01 2.987219393253e-01 3.023104369640e-01 2.986580133438e-01 3.026215136051e-01 2.999225556850e-01 3.312688469887e-01 3.642388284206e-01 3.983442187309e-01 4.283619523048e-01 4.803716540337e-01 5.590335130692e-01 6.382524371147e-01 7.091817855835e-01 7.528818845749e-01 7.598558068275e-01 7.402043938637e-01 7.070649266243e-01 6.731813549995e-01 6.531438231468e-01 6.406495571136e-01 6.175116896629e-01 5.913081765175e-01 6.983877420425e-01 7.837968468666e-01 8.472636342049e-01 9.042489528656e-01 9.332530498505e-01 8.706215023994e-01 8.338714838028e-01 8.252998590469e-01 9.185837507248e-01 1.079893589020e+00 1.257235050201e+00 1.150959014893e+00 8.945997357368e-01 7.758882641792e-01 8.817247748375e-01
1.389525383711e-01 2.195428758860e-01 2.731880545616e-01 2.940267026424e-01 2.949750423431e-01 2.891174256802e-01 2.938255965710e-01 2.915762960911e-01 2.905157506466e-01 2.911034822464e-01 3.102994263172e-01 3.413459062576e-01 3.716776072979e-01 4.004362821579e-01 4.234990477562e-01 4.921048283577e-01 5.806915163994e-01 6.640408039093e-01 7.443400025368e-01 8.025522232056e-01 8.213393688202e-01 8.086498975754e-01 7.779192328453e-01 7.397124767303e-01 7.083235383034e-01 6.777925491333e-01 6.273811459541e-01 5.947175621986e-01 6.829962730408e-01 7.571500539780e-01 8.203426003456e-01 8.805130124092e-01 8.995962142944e-01 8.263019919395e-01 8.441707491875e-01 8.853927254677e-01 9.384484887123e-01 1.044521450996e+00 1.133270740509e+00 1.004220962524e+00 8.460780382156e-01 7.199205160141e-01 8.161691427231e-01
1.422014683485e-01 2.239433079958e-01 2.765457928181e-01 2.955016493797e-01 2.949647605419e-01 2.875008285046e-01 2.974649071693e-01 3.056828677654e-01 3.103194832802e-01 3.109782636166e-01 3.082595467567e-01 3.280080556870e-01 3.685483634472e-01 4.119456112385e-01 4.254505336285e-01 4.801791608334e-01 5.914804339409e-01 6.870856285095e-01 7.628483176231e-01 8.108909726143e-01 8.218103051186e-01 7.997629642487e-01 7.581186890602e-01 7.090538144112e-01 6.630301475525e-01 6.170986890793e-01 5.527418851852e-01 5.931546092033e-01 6.688016057014e-01 7.353329062462e-01 7.954918146133e-01 8.452643752098e-01 8.449744582176e-01 7.854379415512e-01 8.475285172462e-01 1.033678531647e+00 9.738299250603e-01 1.053000211716e+00 1.010098934174e+00 8.676748871803e-01 7.635010480881e-01 6.579217910767e-01 7.387084364891e-01
1.399773359299e-01 2.197253257036e-01 2.697413265705e-01 2.872028052807e-01 2.865876555443e-01 2.874827384949e-01 2.939330935478e-01 2.975358068943e-01 2.983915209770e-01 2.965501844883e-01 3.043416738510e-01 3.419499993324e-01 3.979611098766e-01 4.454181790352e-01 4.591230750084e-01 4.483595192432e-01 5.636728405952e-01 6.609791517258e-01 7.159211635590e-01 7.358794808388e-01 7.263416051865e-01 6.873006820679e-01 6.347087025642e-01 5.887992382050e-01 5.515308976173e-01 5.172678828239e-01 5.238918662071e-01 5.873900055885e-01 6.539841294289e-01 7.135169506073e-01 7.651792168617e-01 7.937049865723e-01 7.715849876404e-01 7.524763345718e-01 8.710911273956e-01 9.444150328636e-01 9.586079120636e-01 1.057008266449e+00 1.020866394043e+00 8.352566957474e-01 7.242732048035e-01 6.663655042648e-01 7.150816917419e-01
1.281748265028e-01 1.998936086893e-01 2.439258992672e-01 2.592267394066e-01 2.847504913807e-01 2.964103519917e-01 2.906373441219e-01 2.747099399567e-01 2.588690519333e-01 2.829094827175e-01 3.095220029354e-01 3.581648766994e-01 4.234025478363e-01 4.725914597511e-01 4.859115183353e-01 4.769744873047e-01 5.151219964027e-01 5.977592468262e-01 6.287134289742e-01 6.224697828293e-01 5.923238992691e-01 5.378033518791e-01 5.196589827538e-01 6.167195439339e-01 6.272290349007e-01 6.032316088676e-01 5.926543474197e-01 5.962396264076e-01 6.346578598022e-01 6.862333416939e-01 7.221243381500e-01 7.233333587646e-01 6.798279881477e-01 6.942496299744e-01 7.943758964539e-01 1.102467656136e+00 9.712817668915e-01 1.359479904175e+00 1.208697557449e+00 1.023207187653e+00 8.685907721519e-01 7.166214585304e-01 8.023040890694e-01
1.363670676947e-01 2.008691430092e-01 2.462702244520e-01 2.859435379505e-01 3.142997026443e-01 3.205587267876e-01 3.109181821346e-01 2.933446168900e-01 2.730429768562e-01 2.849517166615e-01 3.164480626583e-01 3.752091526985e-01 4.472129642963e-01 4.972002804279e-01 5.102798342705e-01 5.014709830284e-01 4.724123775959e-01 5.439822077751e-01 5.649642944336e-01 5.898950695992e-01 7.973869442940e-01 7.293358445168e-01 5.639433264732e-01 6.428431272507e-01 6.258379220963e-01 5.784089565277e-01 5.509462952614e-01 5.589322447777e-01 6.118398904800e-01 6.514734625816e-01 6.652327775955e-01 6.396054625511e-01 5.824102163315e-01 6.229823827744e-01 6.887305378914e-01 9.756247997284e-01 1.248775124550e+00 1.966004133224e+00 1.821043014526e+00 1.208215713501e+00 9.388067722321e-01 8.450275659561e-01 1.022678732872e+00
