VariationalSeries/SI/f27_max.grd
DSAA
101	101
32.816463539100	34.260883539100
35.556306596100	36.727886596100
1.071543805301e-02	1.928649414062e+03
[rows 57 to 75 of 101, columns 43 to 85 of 101]
7.607420921326e+00 9.133008003235e+00 4.753374576569e+00 5.330716133118e+00 5.255719661713e+00 8.225360870361e+00 8.991637229919e+00 1.373488044739e+01 1.064647197723e+01 5.770091056824e+00 4.180834770203e+00 3.477134704590e+00 2.574465751648e+00 4.422892570496e+00 2.036195755005e+01 6.759398651123e+01 1.378990936279e+02 1.379247283936e+02 2.438410797119e+02 6.674163818359e+01 1.892883110046e+01 1.499070453644e+01 2.620022392273e+01 4.800588226318e+01 8.218177795410e+01 7.500609588623e+01 8.186128234863e+01 6.594149780273e+01 8.324860382080e+01 7.841435241699e+01 8.195607757568e+01 6.121411895752e+01 6.289823913574e+01 8.872346496582e+01 5.526383590698e+01 3.484477996826e+01 4.046188735962e+01 5.553004837036e+01 6.964180755615e+01 5.050584411621e+01 2.115152549744e+01 1.947845840454e+01 1.878430938721e+01
6.050111770630e+00 1.447594451904e+01 3.846264600754e+00 4.121065616608e+00 4.065819740295e+00 6.012354850769e+00 1.137821578979e+01 3.612110900879e+01 2.859574127197e+01 6.223675251007e+00 3.883917331696e+00 2.677609920502e+00 2.084167480469e+00 2.067732572556e+00 4.292208194733e+00 4.092605972290e+01 4.710291290283e+01 4.695901107788e+01 3.817359161377e+01 3.811073684692e+01 2.659564018250e+01 2.017129707336e+01 1.558074951172e+01 9.950805664062e+00 2.555193710327e+01 4.983272552490e+01 8.845964050293e+01 9.193267822266e+01 9.979444122314e+01 5.379880905151e+01 7.121856689453e+01 6.416398620605e+01 5.511241912842e+01 5.025725936890e+01 5.101268768311e+01 3.792722702026e+01 3.731999206543e+01 4.367854309082e+01 4.266420364380e+01 3.887707138062e+01 4.021885681152e+01 4.207202529907e+01 3.928540802002e+01
5.186769008636e+00 5.826623916626e+00 3.483363628387e+00 3.734427452087e+00 3.780234098434e+00 5.451766967773e+00 1.626967620850e+01 8.524362945557e+01 6.983020782471e+01 1.001841259003e+01 4.057948112488e+00 2.303801059723e+00 1.616717815399e+00 1.478923678398e+00 1.532979249954e+00 1.887643337250e+00 2.453377008438e+00 3.415116786957e+00 6.716701030731e+00 5.632942199707e+00 6.554382801056e+00 7.554321289062e+00 4.999903202057e+00 5.044454097748e+00 1.257645606995e+01 5.814055252075e+01 9.988665008545e+01 1.154941787720e+02 1.106746673584e+02 1.112778549194e+02 7.208963012695e+01 6.226241302490e+01 5.251396942139e+01 4.981815338135e+01 6.970449829102e+01 6.019393920898e+01 5.000753784180e+01 3.130480384827e+01 3.245690917969e+01 2.712715721130e+01 2.443647575378e+01 2.229208183289e+01 1.939797401428e+01
4.766418933868e+00 4.267052650452e+00 3.360369920731e+00 3.766482591629e+00 4.201608181000e+00 5.505999565125e+00 1.113425750732e+02 4.848837661743e+01 5.357815170288e+01 7.590501308441e+00 3.551661014557e+00 2.212499856949e+00 1.472805261612e+00 1.201691627502e+00 1.148836851120e+00 1.213234066963e+00 1.454898595810e+00 1.918671131134e+00 2.630203723907e+00 3.222585439682e+00 3.552956819534e+00 7.217532634735e+00 3.721340656281e+00 3.429667711258e+00 1.049036598206e+01 2.302450942993e+01 8.255210113525e+01 9.603253173828e+01 9.821755218506e+01 1.056965332031e+02 8.997725677490e+01 6.859416198730e+01 4.807124710083e+01 6.095463943481e+01 4.188339996338e+01 3.695570755005e+01 3.058531761169e+01 2.524520492554e+01 2.368054580688e+01 2.369284057617e+01 2.448523139954e+01 3.601746368408e+01 4.890789031982e+01
4.020383358002e+00 3.113526105881e+00 3.291270017624e+00 3.976066827774e+00 6.769047260284e+00 1.066036128998e+01 3.118887710571e+01 7.200933074951e+01 2.565702247620e+01 4.092650413513e+00 2.571222305298e+00 1.881915569305e+00 1.340801358223e+00 1.007110476494e+00 9.235122799873e-01 9.242790341377e-01 1.008413791656e+00 1.350691795349e+00 1.861668348312e+00 2.132140636444e+00 2.161784648895e+00 4.434651374817e+00 2.697126865387e+00 3.075564146042e+00 6.451580047607e+00 2.165573310852e+01 5.863235092163e+01 7.892879486084e+01 8.377091979980e+01 6.518550872803e+01 4.966492462158e+01 7.104402160645e+01 4.864773559570e+01 3.355493927002e+01 3.785153961182e+01 4.953960037231e+01 4.472172546387e+01 3.019305610657e+01 2.806264114380e+01 2.725467491150e+01 2.666896438599e+01 3.106364059448e+01 3.750512313843e+01
2.903354644775e+00 2.420862436295e+00 3.016450881958e+00 6.799492359161e+00 1.962536621094e+01 4.236498260498e+01 5.511593627930e+01 3.382098007202e+01 3.656966686249e+00 2.484460115433e+00 1.812801003456e+00 1.510797023773e+00 1.180014252663e+00 9.563052058220e-01 8.416152596474e-01 8.740985989571e-01 9.150230288506e-01 1.114079952240e+00 1.608596205711e+00 1.982033729553e+00 2.107946395874e+00 2.172715663910e+00 2.188423395157e+00 3.246322393417e+00 7.815873622894e+00 2.037024116516e+01 2.491522026062e+01 2.460667228699e+01 4.932520294189e+01 5.684616088867e+01 6.695251464844e+01 4.293336868286e+01 5.506664657593e+01 4.033425140381e+01 4.639892959595e+01 5.444562530518e+01 1.082071456909e+02 6.805393981934e+01 4.009069061279e+01 3.139282989502e+01 3.224726867676e+01 3.164308929443e+01 3.053817749023e+01
1.902064800262e+00 1.973699927330e+00 2.492051601410e+00 3.140352249146e+00 7.737735748291e+00 4.440674972534e+01 2.723818206787e+01 3.721324205399e+00 2.171511173248e+00 1.936030745506e+00 1.629093527794e+00 1.375403523445e+00 1.086990594864e+00 9.173717498779e-01 8.153188228607e-01 8.950899839401e-01 9.403942823410e-01 9.158045053482e-01 1.319347620010e+00 1.686363339424e+00 1.908277750015e+00 1.899231910706e+00 2.309193134308e+00 3.716462612152e+00 1.156096744537e+01 2.303460311890e+01 1.373414134979e+01 1.800808715820e+01 1.711684036255e+01 8.621356964111e+01 1.251515808105e+02 6.870597076416e+01 3.808229064941e+01 5.109408950806e+01 2.070555305481e+01 2.154886245728e+01 7.880446624756e+01 3.803188705444e+01 3.048507881165e+01 2.305349922180e+01 2.366401290894e+01 2.637078857422e+01 2.884599685669e+01
1.563732385635e+00 1.710264563560e+00 2.010020732880e+00 2.538978099823e+00 2.802354812622e+00 3.953041791916e+00 4.371251583099e+00 2.990952968597e+00 1.594511151314e+00 1.641298651695e+00 1.435823917389e+00 1.317469358444e+00 1.077005863190e+00 8.806120157242e-01 8.888690471649e-01 9.040043950081e-01 9.602299332619e-01 9.659711122513e-01 1.108353376389e+00 1.425962805748e+00 1.679933190346e+00 1.796093702316e+00 1.903945684433e+00 3.041167020798e+00 8.508609771729e+00 5.319093227386e+00 5.332880496979e+00 8.296409606934e+00 1.898762512207e+01 3.731436920166e+01 3.952995300293e+01 5.022631835938e+01 7.918735504150e+01 4.292627716064e+01 4.103895950317e+01 3.113102531433e+01 3.228715133667e+01 2.731476974487e+01 1.501368141174e+01 1.831002044678e+01 1.786241340637e+01 1.892185974121e+01 2.390786361694e+01
1.230667591095e+00 1.384720802307e+00 1.655593276024e+00 2.031141281128e+00 2.181284427643e+00 2.415711402893e+00 2.548740148544e+00 1.609308958054e+00 1.386637091637e+00 1.449491739273e+00 1.348162651062e+00 1.166763901711e+00 9.823501110077e-01 8.878524303436e-01 8.649486303329e-01 9.877502918243e-01 9.872910976410e-01 8.478595018387e-01 9.771148562431e-01 1.242926836014e+00 1.473963737488e+00 1.711457371712e+00 2.356929302216e+00 2.494939804077e+00 2.520728349686e+00 3.517901182175e+00 3.381928205490e+00 8.255865097046e+00 1.158131122589e+01 1.549723911285e+01 3.230083084106e+01 5.631946945190e+01 4.256341552734e+01 7.798426055908e+01 4.990907287598e+01 2.830507850647e+01 2.380286216736e+01 2.122633552551e+01 2.518288803101e+01 2.386850929260e+01 2.980238914490e+01 2.902271461487e+01 3.393543624878e+01
1.132311701775e+00 1.142598748207e+00 1.282016158104e+00 1.432041168213e+00 1.542769789696e+00 1.517177700996e+00 1.452334642410e+00 1.415350198746e+00 1.531649470329e+00 1.513504862785e+00 1.411340713501e+00 1.234887242317e+00 1.016220808029e+00 9.099469780922e-01 8.211266398430e-01 8.076907992363e-01 9.077038764954e-01 9.187005758286e-01 9.230419397354e-01 1.116982579231e+00 1.296196460724e+00 1.532146334648e+00 2.248957633972e+00 2.541313409805e+00 2.734291315079e+00 5.690304756165e+00 7.797729969025e+00 9.977437019348e+00 1.394151592255e+01 1.511776924133e+01 3.321413040161e+01 6.235876464844e+01 2.967053413391e+01 3.183014678955e+01 5.714710235596e+01 4.949801635742e+01 3.355904769897e+01 2.894156837463e+01 3.485525512695e+01 1.813941001892e+01 2.429088211060e+01 2.847548866272e+01 3.382944488525e+01
9.345974326134e-01 1.071695327759e+00 1.122762203217e+00 1.112993240356e+00 1.247173547745e+00 1.383826732635e+00 1.491681694984e+00 1.324623584747e+00 1.251850724220e+00 1.291087627411e+00 1.386052012444e+00 1.382955908775e+00 1.198165774345e+00 1.028989553452e+00 9.760649204254e-01 8.935323953629e-01 7.707841396332e-01 8.332629799843e-01 9.469556808472e-01 1.050248146057e+00 1.156234025955e+00 1.338927865028e+00 1.916436433792e+00 1.886642575264e+00 2.154731273651e+00 5.113021850586e+00 1.088719272614e+01 1.468363094330e+01 2.058989715576e+01 1.082783699036e+01 3.252397155762e+01 1.637722015381e+01 1.741372871399e+01 2.049773025513e+01 3.326260375977e+01 3.606324005127e+01 4.640871047974e+01 4.298955154419e+01 3.086437797546e+01 2.626832008362e+01 2.039880561829e+01 2.196288490295e+01 1.704580307007e+01
9.248811006546e-01 1.020147562027e+00 1.013337373734e+00 1.012411713600e+00 1.082494854927e+00 1.240124106407e+00 1.343247413635e+00 1.201039195061e+00 9.580507874489e-01 1.026014208794e+00 1.110421299934e+00 1.256021976471e+00 1.310135006905e+00 1.098144650459e+00 1.044952630997e+00 1.278431415558e+00 1.135419487953e+00 9.020634293556e-01 9.852030277252e-01 1.029289960861e+00 1.253186702728e+00 1.390386700630e+00 1.508783459663e+00 1.920002698898e+00 2.233949661255e+00 3.762291193008e+00 7.798882484436e+00 9.347616195679e+00 1.280383300781e+01 7.277473449707e+00 1.586644268036e+01 1.235517120361e+01 2.015344429016e+01 1.247962951660e+01 2.488131141663e+01 1.804994201660e+01 2.812104797363e+01 3.498928451538e+01 3.168909645081e+01 4.331613540649e+01 3.995177078247e+01 3.218686294556e+01 2.762291717529e+01
8.878048062325e-01 9.574574828148e-01 9.194287061691e-01 9.197853207588e-01 9.244686961174e-01 9.268665909767e-01 1.027451753616e+00 9.725218415260e-01 1.177051305771e+00 1.273440599442e+00 1.163905024529e+00 1.150153398514e+00 1.244816780090e+00 1.303913593292e+00 1.222415804863e+00 1.578245401382e+00 1.408135294914e+00 1.066846013069e+00 1.077899336815e+00 1.060251235962e+00 1.218207955360e+00 1.319693922997e+00 1.487835645676e+00 1.978952765465e+00 2.332084417343e+00 3.361868619919e+00 5.054610729218e+00 5.778492927551e+00 6.274059772491e+00 7.946367740631e+00 1.391523265839e+01 2.091864013672e+01 1.384944820404e+01 3.479113388062e+01 1.165719413757e+01 1.548383903503e+01 3.015891265869e+01 4.255057144165e+01 2.108180427551e+01 2.375481224060e+01 1.571950531006e+01 2.847509574890e+01 2.538331222534e+01
7.898718118668e-01 8.513517975807e-01 8.173239231110e-01 7.903121709824e-01 7.342283725739e-01 7.513504624367e-01 7.924143075943e-01 1.077864646912e+00 1.337725758553e+00 1.374936342239e+00 1.215691924095e+00 1.284692049026e+00 1.422710776329e+00 1.398086071014e+00 1.397755861282e+00 1.461882472038e+00 1.570912241936e+00 1.846731662750e+00 1.650017857552e+00 1.484156847000e+00 1.483481526375e+00 1.600429892540e+00 1.909293055534e+00 2.015205860138e+00 2.377751827240e+00 2.898394584656e+00 4.790071964264e+00 4.710891723633e+00 9.306730270386e+00 1.849075126648e+01 2.253756523132e+01 1.092268562317e+01 1.101569652557e+01 3.437931442261e+01 1.775041770935e+01 2.193997192383e+01 1.960523223877e+01 2.514762306213e+01 1.832376289368e+01 7.139965534210e+00 6.830353260040e+00 9.218662261963e+00 1.772593307495e+01
7.252724766731e-01 7.249795198441e-01 7.177519202232e-01 7.063693404198e-01 7.240670919418e-01 7.740340828896e-01 8.132117390633e-01 1.002425193787e+00 1.124237179756e+00 1.086743474007e+00 1.276075601578e+00 1.368516445160e+00 1.323991298676e+00 1.382657527924e+00 1.865274429321e+00 2.591596841812e+00 2.944319009781e+00 3.713452816010e+00 3.696432590485e+00 4.022777080536e+00 2.854268074036e+00 2.670561075211e+00 3.091634273529e+00 2.592372417450e+00 2.968347072601e+00 4.098702430725e+00 1.213331413269e+01 1.131565570831e+01 1.204385471344e+01 1.604051589966e+01 8.298578262329e+00 8.737868309021e+00 1.202195453644e+01 6.898574352264e+00 3.645384979248e+01 5.026399230957e+01 4.473984146118e+01 1.068620967865e+01 5.081450939178e+00 4.244206428528e+00 4.147736072540e+00 4.885876178741e+00 5.154161453247e+00
6.722524762154e-01 6.960915327072e-01 6.673652529716e-01 7.165207862854e-01 7.818209528923e-01 8.955407142639e-01 8.975447416306e-01 1.027031898499e+00 1.152227640152e+00 1.359418988228e+00 1.404051780701e+00 1.659938812256e+00 1.732507348061e+00 1.596326589584e+00 3.990517139435e+00 1.432196807861e+01 1.133141803741e+01 6.360191345215e+00 7.133429050446e+00 8.949105262756e+00 6.637180805206e+00 3.427032709122e+00 3.980451107025e+00 4.981305122375e+00 4.855291366577e+00 9.083426475525e+00 1.272879791260e+01 1.111946964264e+01 9.226348876953e+00 8.160847663879e+00 9.291956901550e+00 8.921818733215e+00 6.650389194489e+00 5.577487468719e+00 9.433046340942e+00 4.276616287231e+01 4.438991546631e+01 9.179009437561e+00 3.366733789444e+00 3.436882019043e+00 3.154644250870e+00 3.034376382828e+00 4.943898200989e+00
6.719351410866e-01 7.224606275558e-01 9.019603729248e-01 1.007328033447e+00 9.243245720863e-01 1.529353737831e+00 1.795765399933e+00 1.840958237648e+00 1.583526968956e+00 1.606726765633e+00 1.754035949707e+00 2.194803714752e+00 2.180813312531e+00 7.893908500671e+00 5.655067825317e+01 7.196441650391e+01 3.394128036499e+01 1.807680511475e+01 1.459110450745e+01 1.161459541321e+01 5.680799007416e+00 5.456163883209e+00 1.178344821930e+01 2.510846710205e+01 2.061775398254e+01 1.099823856354e+01 1.291016769409e+01 1.052346897125e+01 1.114522552490e+01 7.887812137604e+00 1.991211509705e+01 7.957878589630e+00 5.898881912231e+00 4.196238994598e+00 2.863980531693e+00 8.867902755737e+00 9.751338958740e+00 2.399783611298e+00 1.672626852989e+00 1.970100164413e+00 2.438856840134e+00 2.731334447861e+00 2.558021306992e+00
8.085820674896e-01 1.268806338310e+00 1.726642966270e+00 1.875452280045e+00 2.431735277176e+00 3.229503393173e+00 3.171351194382e+00 2.795797109604e+00 2.401015996933e+00 1.851632952690e+00 2.358689069748e+00 2.601997613907e+00 1.388680553436e+01 7.728606414795e+01 1.068279495239e+02 3.769850921631e+01 1.129616260529e+01 6.975763320923e+00 7.288584232330e+00 6.401289939880e+00 6.006052017212e+00 1.365743637085e+01 2.692855834961e+01 3.558734130859e+01 2.861894798279e+01 1.466827964783e+01 1.026412105560e+01 7.375446796417e+00 6.830007076263e+00 5.966126441956e+00 8.465802192688e+00 3.722770929337e+00 4.275391578674e+00 3.476453542709e+00 2.194888830185e+00 1.308349609375e+00 1.092756628990e+00 1.078007102013e+00 1.121148347855e+00 1.397637844086e+00 1.878142952919e+00 2.380251884460e+00 2.440109491348e+00
1.333690404892e+00 1.989150166512e+00 2.638355731964e+00 3.796940565109e+00 7.321411132812e+00 7.204854965210e+00 9.994302749634e+00 7.726142406464e+00 8.792366027832e+00 5.229326725006e+00 2.832596063614e+00 1.792783546448e+01 7.268325805664e+01 7.283428955078e+01 1.921265983582e+01 5.670064926147e+00 1.036955833435e+01 1.370494556427e+01 9.973568916321e+00 1.145987892151e+01 1.383339118958e+01 1.408614158630e+01 2.033445549011e+01 1.667110252380e+01 1.117250347137e+01 8.777190208435e+00 5.480993747711e+00 2.154414176941e+00 2.241681575775e+00 2.132519245148e+00 2.736428737640e+00 2.007715225220e+00 1.794876456261e+00 1.254142999649e+00 1.284211874008e+00 1.311275959015e+00 1.355918049812e+00 1.426331996918e+00 1.519999742508e+00 1.641029238701e+00 1.665619969368e+00 1.992255210876e+00 2.601282358170e+00
