VariationalSeries/SI/f27_max.grd
DSAA
101	101
32.816463539100	34.260883539100
35.556306596100	36.727886596100
1.071543805301e-02	1.928649414062e+03
[rows 38 to 56 of 101, columns 0 to 42 of 101]
4.257957935333e+00 8.980326652527e+00 9.706748962402e+00 1.010531234741e+01 1.255840873718e+01 1.539227390289e+01 1.777139663696e+01 1.975811195374e+01 2.166756439209e+01 1.980903053284e+01 1.628986930847e+01 1.339772891998e+01 1.367997455597e+01 1.349596500397e+01 1.405432987213e+01 1.560455036163e+01 1.764085006714e+01 3.269966125488e+01 5.281018447876e+01 5.650819015503e+01 4.532244491577e+01 3.683635330200e+01 2.563349342346e+01 3.013486480713e+01 5.775373077393e+01 7.533721160889e+01 7.297950744629e+01 5.253774261475e+01 3.922174453735e+01 4.291666412354e+01 4.431856536865e+01 5.485450363159e+01 7.452912902832e+01 7.354805755615e+01 6.923178100586e+01 4.235905838013e+01 5.864749145508e+01 6.589182281494e+01 6.347224807739e+01 9.761923217773e+01 1.061462554932e+02 1.548286285400e+02 1.275946578979e+02
6.562474727631e+00 1.167718124390e+01 9.796841621399e+00 9.408388137817e+00 1.338162899017e+01 1.622141456604e+01 2.122747230530e+01 2.665941047668e+01 2.966705703735e+01 2.776966857910e+01 2.026276397705e+01 1.528803539276e+01 1.343395042419e+01 1.362625789642e+01 1.463153839111e+01 1.582080364227e+01 1.685539245605e+01 1.776336097717e+01 2.877385711670e+01 4.021715164185e+01 4.100576019287e+01 3.836756134033e+01 3.984402847290e+01 3.336561203003e+01 3.194555091858e+01 3.590126800537e+01 4.673291397095e+01 8.811035156250e+01 1.183409423828e+02 1.201213836670e+02 9.414913177490e+01 4.641300582886e+01 5.416817092896e+01 4.560348129272e+01 8.991142272949e+01 8.021940612793e+01 5.322360610962e+01 6.455033874512e+01 7.895264434814e+01 8.926976013184e+01 1.202628021240e+02 1.433590087891e+02 1.664920959473e+02
7.240542888641e+00 1.442051315308e+01 1.365986251831e+01 1.203632831573e+01 1.587743663788e+01 1.949872779846e+01 2.360340690613e+01 3.098341369629e+01 3.354224014282e+01 3.335822677612e+01 2.281660461426e+01 1.515300655365e+01 1.516740131378e+01 1.306244850159e+01 1.105343914032e+01 1.226334667206e+01 1.510137653351e+01 1.594127368927e+01 1.732887077332e+01 2.230523490906e+01 3.326860046387e+01 4.715867233276e+01 5.501702117920e+01 5.632131958008e+01 5.665641021729e+01 3.797362136841e+01 2.847942161560e+01 2.992508125305e+01 3.113540077209e+01 3.759236145020e+01 7.903666687012e+01 1.255366897583e+02 1.487130584717e+02 1.243842849731e+02 6.421814727783e+01 6.398818588257e+01 1.107604598999e+02 9.181293487549e+01 9.730421447754e+01 9.657889556885e+01 8.646037292480e+01 1.211454162598e+02 1.806207275391e+02
1.046404552460e+01 1.769067573547e+01 2.051203155518e+01 2.105049514771e+01 1.896263504028e+01 2.270845603943e+01 2.267643165588e+01 2.163617324829e+01 2.163544273376e+01 2.655618858337e+01 2.850187301636e+01 2.459081268311e+01 1.810769653320e+01 1.632499313354e+01 1.777888488770e+01 2.196495819092e+01 2.546088409424e+01 2.845351791382e+01 2.775715065002e+01 2.015284347534e+01 2.207750701904e+01 2.908668136597e+01 3.249632263184e+01 4.347277832031e+01 5.390686035156e+01 6.398321151733e+01 7.133468627930e+01 6.923394775391e+01 7.316019439697e+01 7.987140655518e+01 8.833596801758e+01 8.284956359863e+01 1.284528198242e+02 1.453587799072e+02 1.039323730469e+02 1.326004791260e+02 1.473856201172e+02 1.253442459106e+02 1.421705322266e+02 1.169888000488e+02 8.101209259033e+01 1.411167144775e+02 1.148101272583e+02
1.067704963684e+01 2.030047035217e+01 2.278264236450e+01 1.911368370056e+01 2.226559829712e+01 2.806473541260e+01 2.783846473694e+01 2.288204765320e+01 2.754672813416e+01 2.296859169006e+01 2.186269187927e+01 3.034399223328e+01 3.135270500183e+01 2.344260597229e+01 2.183813285828e+01 2.010924720764e+01 2.191648292542e+01 2.930483055115e+01 3.942853164673e+01 4.003165054321e+01 2.521102142334e+01 2.726708984375e+01 3.581382369995e+01 2.963461303711e+01 3.446221542358e+01 4.186149215698e+01 5.552976226807e+01 8.390117645264e+01 1.125930023193e+02 1.031008758545e+02 9.816278076172e+01 7.252859497070e+01 7.194686126709e+01 1.380776977539e+02 1.299596862793e+02 1.636744079590e+02 1.081184005737e+02 1.535577392578e+02 1.351027679443e+02 1.948804473877e+02 2.017279052734e+02 1.614592742920e+02 1.794519348145e+02
2.117190551758e+01 4.109570693970e+01 3.072838020325e+01 2.605007362366e+01 2.548622512817e+01 2.291884803772e+01 2.421710205078e+01 2.946025085449e+01 2.903765487671e+01 2.324589347839e+01 2.788015937805e+01 1.903275108337e+01 2.441820526123e+01 3.409082794189e+01 2.944233512878e+01 2.506246948242e+01 3.139006805420e+01 6.760874938965e+01 7.943161010742e+01 4.672673416138e+01 5.001075744629e+01 2.843010711670e+01 3.263082885742e+01 4.640036392212e+01 3.086598587036e+01 2.921033859253e+01 3.177133750916e+01 3.324048233032e+01 4.234993743896e+01 4.810899353027e+01 5.132381820679e+01 5.840738677979e+01 7.938734436035e+01 1.248771820068e+02 8.384906768799e+01 7.771434783936e+01 1.113446121216e+02 1.300224914551e+02 8.770264434814e+01 1.822697601318e+02 1.858954772949e+02 2.022067260742e+02 2.471996612549e+02
3.257799530029e+01 5.982473373413e+01 4.856314849854e+01 3.828498077393e+01 3.528446197510e+01 2.780855751038e+01 3.826404953003e+01 3.354195785522e+01 3.630598068237e+01 2.830302047729e+01 2.185321426392e+01 2.633255958557e+01 2.374738311768e+01 1.607459640503e+01 2.896861839294e+01 3.390637588501e+01 2.447852897644e+01 2.052197265625e+01 3.741651535034e+01 2.664282608032e+01 4.624731063843e+01 5.146400451660e+01 5.140568542480e+01 4.529277038574e+01 6.259138870239e+01 3.874860000610e+01 3.783213424683e+01 4.899042892456e+01 5.746760177612e+01 4.408834457397e+01 5.387757873535e+01 6.643339538574e+01 7.882215118408e+01 9.262871551514e+01 1.182572326660e+02 8.964252471924e+01 9.961291503906e+01 1.113022384644e+02 1.055952758789e+02 1.501515045166e+02 1.462068481445e+02 2.108710021973e+02 2.102540435791e+02
1.335201168060e+01 2.786598968506e+01 3.333104324341e+01 3.902728271484e+01 3.961190032959e+01 4.393145370483e+01 4.629618453979e+01 3.977861404419e+01 3.547529602051e+01 3.372079849243e+01 3.316489410400e+01 3.003581619263e+01 2.775582695007e+01 2.594303321838e+01 2.802846336365e+01 2.396671295166e+01 1.731103706360e+01 2.019790458679e+01 2.132911300659e+01 2.843487930298e+01 2.715473556519e+01 4.718883132935e+01 4.826042556763e+01 5.138031387329e+01 6.115313339233e+01 6.948320770264e+01 7.418716430664e+01 7.741709136963e+01 7.948268127441e+01 8.574841308594e+01 8.725170898438e+01 9.184701538086e+01 9.791169738770e+01 8.184915924072e+01 7.239760589600e+01 1.003006744385e+02 1.226889038086e+02 1.864141387939e+02 2.251737060547e+02 2.096781616211e+02 2.019100036621e+02 2.065522308350e+02 1.768290252686e+02
1.298396968842e+01 2.736808204651e+01 3.129052352905e+01 3.476916122437e+01 3.746193695068e+01 3.817916107178e+01 3.506232833862e+01 2.905384063721e+01 2.735533332825e+01 3.422239685059e+01 4.022881698608e+01 3.808466339111e+01 2.856085205078e+01 1.850262451172e+01 1.939261054993e+01 1.126910972595e+01 6.606865406036e+00 7.173016548157e+00 9.466916084290e+00 1.168686580658e+01 3.331518173218e+01 5.987223052979e+01 5.336660003662e+01 6.426195526123e+01 6.079331588745e+01 7.521920776367e+01 7.795378875732e+01 7.404268646240e+01 6.927539825439e+01 8.423516845703e+01 8.887822723389e+01 1.096318283081e+02 1.404719543457e+02 1.533720703125e+02 1.314442138672e+02 1.109519805908e+02 1.236314163208e+02 9.136896514893e+01 1.388201904297e+02 1.426722869873e+02 2.240917053223e+02 2.061259307861e+02 2.229419250488e+02
3.503529787064e+00 6.901653289795e+00 7.310626029968e+00 7.857868671417e+00 1.119597530365e+01 1.549845790863e+01 2.030407905579e+01 2.211756515503e+01 2.176764488220e+01 2.027879714966e+01 2.012220764160e+01 2.552265167236e+01 2.533671379089e+01 2.042209434509e+01 1.299285507202e+01 1.021902942657e+01 5.266388416290e+00 4.438423156738e+00 4.983847618103e+00 1.046567344666e+01 2.413645744324e+01 4.967350387573e+01 1.251657714844e+02 1.182135238647e+02 1.064261779785e+02 1.000759887695e+02 9.657043457031e+01 9.403838348389e+01 9.526799011230e+01 1.101956481934e+02 1.297224731445e+02 1.472110595703e+02 2.469932556152e+02 1.420176391602e+02 3.149775695801e+02 2.134370117188e+02 1.698453063965e+02 1.854759063721e+02 2.305981750488e+02 2.689735107422e+02 2.856469116211e+02 2.708582763672e+02 2.724252929688e+02
3.212452888489e+00 6.210454940796e+00 6.776230812073e+00 6.794128894806e+00 1.087183094025e+01 1.597488784790e+01 1.656296157837e+01 1.359239101410e+01 1.005567359924e+01 8.248480796814e+00 1.034844970703e+01 1.283165740967e+01 1.226852035522e+01 9.848183631897e+00 7.264358043671e+00 5.265218257904e+00 4.029344081879e+00 2.894780397415e+00 2.868155956268e+00 9.433090209961e+00 3.018138885498e+01 5.225167465210e+01 5.222862625122e+01 1.049212799072e+02 2.558659515381e+02 1.309318084717e+02 8.213334655762e+01 7.457862091064e+01 7.820407867432e+01 8.552883911133e+01 1.488650512695e+02 2.055427246094e+02 1.086086425781e+02 1.634501190186e+02 3.049177246094e+02 5.323491821289e+02 2.184341278076e+02 1.835486297607e+02 1.577813568115e+02 1.740353088379e+02 1.494786834717e+02 2.812095947266e+02 3.335765686035e+02
1.669446706772e+00 3.470568180084e+00 4.169559001923e+00 4.632220268250e+00 5.738303184509e+00 9.175483703613e+00 1.050759792328e+01 9.192489624023e+00 7.101461410522e+00 5.320438861847e+00 4.416124820709e+00 4.230840682983e+00 3.403772354126e+00 3.018882513046e+00 3.618652343750e+00 2.785874605179e+00 2.513864517212e+00 2.107753276825e+00 2.597495317459e+00 3.937613248825e+00 6.444424629211e+00 1.742953681946e+01 1.853075599670e+01 2.509168815613e+01 9.515236663818e+01 9.968018341064e+01 3.706298065186e+01 2.115915870667e+01 2.215334892273e+01 6.814193725586e+01 9.012093353271e+01 9.820069885254e+01 1.038825988770e+02 8.633348846436e+01 1.288216247559e+02 3.544760131836e+02 2.037461700439e+02 1.187959365845e+02 8.596302795410e+01 7.652394104004e+01 7.286562347412e+01 1.864627838135e+02 2.609255676270e+02
7.394183874130e-01 1.447713732719e+00 1.510538578033e+00 1.713777303696e+00 2.140152692795e+00 2.700367689133e+00 3.204988479614e+00 3.485970020294e+00 3.379414558411e+00 2.943870544434e+00 2.496856927872e+00 2.768997430801e+00 2.853101491928e+00 2.631283521652e+00 2.629873037338e+00 3.025412321091e+00 2.324572563171e+00 1.820148348808e+00 2.153951168060e+00 3.008545637131e+00 3.439641714096e+00 6.333991527557e+00 1.097889804840e+01 2.386055946350e+01 5.760324478149e+01 3.660221099854e+01 2.270698928833e+01 1.822976875305e+01 1.748123359680e+01 5.641652107239e+00 4.955289840698e+00 5.420174121857e+00 8.500378608704e+00 1.788317108154e+01 4.207235336304e+01 6.944654541016e+02 1.320506225586e+03 1.816713256836e+02 1.254020614624e+02 6.484196472168e+01 4.553205490112e+01 4.879048919678e+01 9.550345611572e+01
5.967831015587e-01 1.084161043167e+00 1.205531597137e+00 1.207154273987e+00 1.210292100906e+00 1.548418641090e+00 2.028712511063e+00 2.491111516953e+00 2.765751123428e+00 2.711841583252e+00 2.287651538849e+00 2.077842950821e+00 2.252882003784e+00 2.173189878464e+00 1.926274061203e+00 2.308536767960e+00 2.708312034607e+00 2.185932636261e+00 1.740131497383e+00 6.494006633759e+00 7.341313362122e+00 4.718714237213e+00 6.251194953918e+00 1.106183052063e+01 2.087524986267e+01 2.110290069580e+02 4.855391693115e+01 3.944615936279e+01 1.680920410156e+01 3.338584661484e+00 2.925123214722e+00 3.068816184998e+00 3.678307771683e+00 4.565078258514e+00 6.022146701813e+00 3.154083633423e+01 2.215927276611e+02 5.531616821289e+02 1.503624572754e+02 8.698538970947e+01 2.370803260803e+01 1.549267482758e+01 1.622733688354e+01
5.494893789291e-01 1.300752282143e+00 1.752429604530e+00 2.019502878189e+00 2.101106166840e+00 1.937689661980e+00 1.721945047379e+00 1.582527637482e+00 1.971961975098e+00 2.260475873947e+00 2.257650852203e+00 1.960169315338e+00 1.677926659584e+00 2.085556745529e+00 2.172033786774e+00 1.935193657875e+00 2.216246128082e+00 2.901154041290e+00 2.316438674927e+00 4.677056312561e+00 5.462559223175e+00 4.501929759979e+00 4.950066566467e+00 5.305372238159e+00 1.207815551758e+01 5.138289642334e+01 4.363129425049e+01 1.094467926025e+01 5.147232055664e+00 3.209339141846e+00 2.409187316895e+00 2.060366630554e+00 2.034447193146e+00 2.608927726746e+00 3.409426689148e+00 1.130069160461e+01 5.648896026611e+01 2.137356262207e+02 2.527863922119e+02 3.873564910889e+01 1.787797927856e+01 1.067318725586e+01 1.007473659515e+01
8.350644707680e-01 1.955292701721e+00 2.486332416534e+00 2.785592794418e+00 2.857246875763e+00 2.729932069778e+00 2.560989856720e+00 2.305018901825e+00 1.993572711945e+00 1.632680296898e+00 1.803030848503e+00 1.898514389992e+00 1.820426225662e+00 2.125697612762e+00 2.431711435318e+00 2.289375543594e+00 1.887108922005e+00 3.033539056778e+00 3.148635625839e+00 8.535571098328e+00 5.474756717682e+00 3.976365566254e+00 2.718527317047e+00 2.822700738907e+00 5.283856868744e+00 5.002329635620e+01 5.205157852173e+01 9.866489410400e+00 6.513538360596e+00 3.336784601212e+00 2.083493709564e+00 1.494585514069e+00 1.328965187073e+00 1.348795771599e+00 2.112130403519e+00 3.577778100967e+00 2.343887138367e+01 7.565883636475e+01 1.960049285889e+02 1.001756973267e+02 4.832094573975e+01 8.763648986816e+00 7.752373695374e+00
5.584908127785e-01 1.227694034576e+00 1.522318959236e+00 1.663334727287e+00 1.610648274422e+00 1.592002630234e+00 1.775045514107e+00 1.978119373322e+00 2.168410539627e+00 2.169202327728e+00 1.870581746101e+00 1.454239130020e+00 1.713676214218e+00 1.876290917397e+00 1.904538750648e+00 1.909962177277e+00 1.925903439522e+00 3.188318252563e+00 4.354033470154e+00 7.226370334625e+00 5.641149520874e+00 4.444510459900e+00 2.223732471466e+00 2.243687391281e+00 4.482779026031e+00 2.239216423035e+01 1.685919570923e+01 7.693955421448e+00 6.099732398987e+00 3.442469358444e+00 1.904934763908e+00 1.627202987671e+00 1.435482859612e+00 1.404229879379e+00 1.749569177628e+00 3.069635629654e+00 6.503612995148e+00 3.224292755127e+01 3.842610168457e+01 2.343632316589e+01 1.470800781250e+01 6.696091175079e+00 6.234167098999e+00
5.238283872604e-01 9.650932550430e-01 1.413628697395e+00 1.785833477974e+00 2.118049621582e+00 2.494010448456e+00 2.906576395035e+00 3.351361751556e+00 3.763103246689e+00 3.882599115372e+00 3.478405952454e+00 2.597058296204e+00 1.684719681740e+00 1.760834097862e+00 2.173098325729e+00 2.365813255310e+00 2.890758037567e+00 3.368110656738e+00 4.002923011780e+00 6.858929634094e+00 5.567836284637e+00 3.284773826599e+00 1.777598023415e+00 1.740736842155e+00 3.243266105652e+00 6.892682075500e+00 1.898244018555e+02 5.270476818085e+00 4.893469810486e+00 2.995721101761e+00 1.803326964378e+00 1.459979414940e+00 1.392570137978e+00 1.472005009651e+00 1.870648622513e+00 2.550147533417e+00 4.368377685547e+00 5.375007152557e+00 1.106790828705e+01 1.434685993195e+01 8.942927360535e+00 5.448215484619e+00 7.460779666901e+00
5.215120911598e-01 9.463727474213e-01 1.307181715965e+00 1.600284576416e+00 1.897866725922e+00 2.264394044876e+00 2.650450229645e+00 3.037847280502e+00 3.402059793472e+00 3.603852987289e+00 3.426093339920e+00 3.848643302917e+00 3.990868806839e+00 3.893665075302e+00 3.730013132095e+00 3.394875288010e+00 3.969334125519e+00 2.952709674835e+00 3.888041496277e+00 1.237520980835e+01 4.552459716797e+00 2.340237617493e+00 1.666746258736e+00 1.402645826340e+00 1.926421046257e+00 1.410672950745e+01 4.303644943237e+01 4.271850109100e+00 5.193310737610e+00 2.232563495636e+00 1.702171087265e+00 1.313043713570e+00 1.327823281288e+00 1.512492775917e+00 1.970334291458e+00 2.346971750259e+00 2.676596403122e+00 4.245973587036e+00 9.223404884338e+00 1.070584297180e+01 6.958590030670e+00 5.220508575439e+00 6.447926521301e+00
