VariationalSeries/SI/f27_max.grd
DSAA
101	101
32.816463539100	34.260883539100
35.556306596100	36.727886596100
1.071543805301e-02	1.928649414062e+03
[rows 38 to 56 of 101, columns 43 to 85 of 101]
1.127356414795e+02 1.734140014648e+02 1.906175079346e+02 1.070753860474e+02 1.880378112793e+02 9.287130737305e+01 9.270494079590e+01 1.288925170898e+02 1.077930450439e+02 8.682617187500e+01 1.263701934814e+02 6.637014007568e+01 7.413234710693e+01 6.352865982056e+01 9.663323974609e+01 7.142005157471e+01 7.474859619141e+01 4.422921371460e+01 5.898421859741e+01 8.879840850830e+01 8.989697265625e+01 6.859056854248e+01 4.723496627808e+01 3.745566177368e+01 3.237149810791e+01 2.869269561768e+01 2.785225868225e+01 2.854361343384e+01 2.543209838867e+01 1.911822128296e+01 1.876953315735e+01 2.220273208618e+01 2.536003875732e+01 2.606712722778e+01 2.641094589233e+01 2.644384765625e+01 2.601703262329e+01 2.401868057251e+01 2.131268501282e+01 1.897533798218e+01 1.707927703857e+01 1.669527244568e+01 1.446500778198e+01
1.122990188599e+02 2.318257446289e+02 1.540807952881e+02 2.146691589355e+02 1.535088958740e+02 2.099012908936e+02 1.841651000977e+02 1.130463485718e+02 1.128461303711e+02 8.715342712402e+01 1.444555053711e+02 9.593286895752e+01 5.901303482056e+01 7.123628234863e+01 1.289524688721e+02 7.548001861572e+01 8.778392028809e+01 1.364407196045e+02 1.216636962891e+02 8.197404479980e+01 5.502256011963e+01 3.773654937744e+01 3.527243423462e+01 3.120144081116e+01 3.088730049133e+01 2.962622261047e+01 2.601054573059e+01 2.271380043030e+01 2.044705963135e+01 2.024286651611e+01 2.219063949585e+01 2.082279014587e+01 1.707341003418e+01 1.497799968719e+01 1.448980712891e+01 1.250490379333e+01 1.295229625702e+01 1.424042701721e+01 1.565885543823e+01 1.731096076965e+01 1.873342895508e+01 2.400823783875e+01 2.485643577576e+01
1.621573333740e+02 1.166445999146e+02 2.042519226074e+02 1.579247894287e+02 1.730446319580e+02 2.231893920898e+02 1.372802734375e+02 1.255533828735e+02 9.091326141357e+01 9.371932220459e+01 1.557523956299e+02 8.703747558594e+01 8.819944000244e+01 8.616483306885e+01 1.050024185181e+02 1.691893768311e+02 1.151058578491e+02 5.891821289062e+01 5.481804656982e+01 3.663103103638e+01 2.815908241272e+01 3.938633728027e+01 5.186420059204e+01 4.650246429443e+01 3.378715896606e+01 2.904653930664e+01 2.845856475830e+01 2.627066040039e+01 2.269363403320e+01 2.108102989197e+01 1.979191398621e+01 2.062541961670e+01 1.973803329468e+01 1.834756851196e+01 1.802371978760e+01 1.893289184570e+01 1.867871475220e+01 1.695647239685e+01 2.119651794434e+01 2.898891639709e+01 2.396135711670e+01 1.751516914368e+01 1.515721988678e+01
1.822261199951e+02 1.661718750000e+02 2.681299133301e+02 2.269277343750e+02 2.185795745850e+02 2.388334045410e+02 2.210127410889e+02 1.209107666016e+02 1.350540771484e+02 1.315258483887e+02 1.495433502197e+02 1.242717361450e+02 1.134628601074e+02 1.935217742920e+02 1.246443634033e+02 9.021934509277e+01 7.813569641113e+01 6.302409744263e+01 4.623093032837e+01 7.096591186523e+01 7.662275695801e+01 4.159316253662e+01 6.498731994629e+01 5.062840270996e+01 4.550092315674e+01 4.006471633911e+01 3.533787918091e+01 3.155669212341e+01 2.838509368896e+01 2.638084602356e+01 4.889978027344e+01 2.070282936096e+01 1.991315078735e+01 1.879355049133e+01 2.513525009155e+01 3.106713485718e+01 2.691827583313e+01 3.091752815247e+01 2.595964241028e+01 2.840349197388e+01 2.860952377319e+01 2.794054794312e+01 2.563046455383e+01
1.754160156250e+02 2.392246856689e+02 2.109790344238e+02 2.103048400879e+02 1.939123840332e+02 2.531095123291e+02 3.799411926270e+02 1.732894744873e+02 1.925601959229e+02 1.979749603271e+02 1.732848815918e+02 1.695235137939e+02 2.080898132324e+02 1.161151885986e+02 1.251836547852e+02 7.094609069824e+01 9.214537048340e+01 1.233041992188e+02 9.731688690186e+01 9.678894805908e+01 1.001311340332e+02 6.667907714844e+01 4.059772872925e+01 3.937199401855e+01 3.645415496826e+01 3.593497848511e+01 4.155879211426e+01 7.147198486328e+01 8.534150695801e+01 7.528952789307e+01 3.700196075439e+01 2.690359497070e+01 2.547783851624e+01 2.995234298706e+01 3.591371536255e+01 3.578475189209e+01 3.266275024414e+01 2.927606010437e+01 2.132311820984e+01 2.645351791382e+01 3.153235244751e+01 3.144635391235e+01 3.022386169434e+01
2.083183135986e+02 3.023316040039e+02 4.914319763184e+02 3.093688354492e+02 4.826777038574e+02 2.631607360840e+02 6.020093383789e+02 1.721746215820e+02 3.181829223633e+02 2.492454071045e+02 2.090531921387e+02 2.150550842285e+02 1.171620941162e+02 1.443649902344e+02 1.580182647705e+02 1.549594879150e+02 9.677745056152e+01 5.793358612061e+01 1.247072982788e+02 1.078025970459e+02 5.949221420288e+01 5.412964248657e+01 5.000004959106e+01 9.058625030518e+01 1.109478149414e+02 9.768208312988e+01 6.523352050781e+01 4.829153442383e+01 5.235492324829e+01 3.347244262695e+01 2.532125854492e+01 3.796134185791e+01 4.724677276611e+01 4.254573440552e+01 3.780568695068e+01 5.030155181885e+01 5.968402862549e+01 5.340451431274e+01 3.833533859253e+01 2.757722854614e+01 3.440417861938e+01 3.776192474365e+01 3.980031204224e+01
2.577713012695e+02 3.244671630859e+02 3.831370544434e+02 5.022599487305e+02 4.210444946289e+02 4.359369812012e+02 7.161373291016e+02 2.858732299805e+02 3.367680664062e+02 2.674480590820e+02 2.588588562012e+02 1.546612854004e+02 1.599693145752e+02 1.995989379883e+02 1.571481018066e+02 1.139729080200e+02 1.635959930420e+02 1.525161590576e+02 1.181730041504e+02 1.494680480957e+02 1.510180206299e+02 1.305649261475e+02 9.308130645752e+01 5.211314010620e+01 5.703178787231e+01 5.129495620728e+01 4.148670578003e+01 4.262628936768e+01 4.445711898804e+01 4.753626632690e+01 4.633143997192e+01 3.964482879639e+01 3.810449600220e+01 3.209993362427e+01 5.776362609863e+01 7.065111541748e+01 6.629528045654e+01 4.889900207520e+01 2.970767784119e+01 1.877228164673e+01 2.591559982300e+01 2.980301284790e+01 2.751101875305e+01
2.416782531738e+02 3.522942199707e+02 4.236110229492e+02 4.093273315430e+02 6.059354248047e+02 4.639039306641e+02 7.396188964844e+02 4.017828979492e+02 3.480222473145e+02 3.836862792969e+02 2.955806884766e+02 1.869178619385e+02 1.922648010254e+02 2.021783447266e+02 1.204356384277e+02 1.725367279053e+02 2.212128753662e+02 1.545838317871e+02 8.913451385498e+01 8.794126892090e+01 7.733396148682e+01 6.200024414062e+01 5.959904479980e+01 6.443228912354e+01 6.448995971680e+01 5.705350875854e+01 5.000914001465e+01 4.875132751465e+01 4.045353698730e+01 4.560430908203e+01 4.223472976685e+01 3.861355590820e+01 2.696380233765e+01 4.850677108765e+01 5.797364425659e+01 5.502070999146e+01 3.852363967896e+01 2.113051414490e+01 2.914932632446e+01 2.752032279968e+01 2.069348144531e+01 1.848955917358e+01 1.998835563660e+01
3.639642028809e+02 4.993753662109e+02 5.131924438477e+02 5.722697753906e+02 6.280907592773e+02 7.909397583008e+02 7.507686157227e+02 1.396802612305e+03 5.216987304688e+02 3.303665771484e+02 3.012838134766e+02 2.785120849609e+02 2.330833435059e+02 3.549692077637e+02 3.088056640625e+02 1.816409606934e+02 1.637937622070e+02 1.690365753174e+02 1.232201004028e+02 1.118820877075e+02 1.106596069336e+02 1.050837478638e+02 1.098774032593e+02 8.162863159180e+01 1.078615264893e+02 9.549922943115e+01 5.958173751831e+01 5.423392486572e+01 5.496232604980e+01 5.114751815796e+01 4.366141128540e+01 4.222550964355e+01 4.336653518677e+01 5.004291152954e+01 4.656520843506e+01 3.581664657593e+01 2.795524597168e+01 2.519715690613e+01 2.454164505005e+01 2.425794410706e+01 2.369222259521e+01 2.280405426025e+01 2.186172676086e+01
2.388277587891e+02 6.559716796875e+02 4.680149230957e+02 5.751010131836e+02 9.203609008789e+02 7.698341674805e+02 9.046709594727e+02 1.047928466797e+03 5.205499267578e+02 4.913164672852e+02 6.328787841797e+02 3.964896850586e+02 4.900676879883e+02 3.821882019043e+02 3.175301513672e+02 2.751168823242e+02 2.326646881104e+02 2.004742126465e+02 1.762946014404e+02 2.483301086426e+02 2.883582153320e+02 1.195038223267e+02 7.620790863037e+01 7.607121276855e+01 1.068274993896e+02 6.919969940186e+01 6.007187271118e+01 5.843557739258e+01 5.279598999023e+01 5.015731048584e+01 4.810076141357e+01 4.965322113037e+01 5.255514526367e+01 4.496628952026e+01 3.445962905884e+01 3.296932983398e+01 3.116035652161e+01 2.482748603821e+01 2.452011108398e+01 2.375686073303e+01 2.193959808350e+01 2.248140716553e+01 2.359205627441e+01
6.069219970703e+02 7.309099731445e+02 8.240869750977e+02 8.761589355469e+02 1.049045776367e+03 1.448624389648e+03 1.928649414062e+03 8.391287231445e+02 6.867196655273e+02 5.026196594238e+02 7.136389160156e+02 7.141384887695e+02 2.607894592285e+02 4.151007690430e+02 4.569314575195e+02 2.292207794189e+02 2.068723144531e+02 2.170748443604e+02 2.368648834229e+02 2.754564208984e+02 2.101211853027e+02 9.646186065674e+01 1.008807830811e+02 8.572847747803e+01 7.820259094238e+01 6.733476257324e+01 6.537062072754e+01 6.485182952881e+01 5.393175506592e+01 3.747034835815e+01 3.453059005737e+01 3.768154144287e+01 4.056836700439e+01 4.164136505127e+01 4.004950332642e+01 3.826524353027e+01 3.405155563354e+01 3.508490371704e+01 3.900655746460e+01 3.983821487427e+01 3.557818984985e+01 3.080990028381e+01 2.684796142578e+01
4.145064697266e+02 7.390935668945e+02 7.751613769531e+02 9.922175292969e+02 1.002943908691e+03 9.878718872070e+02 9.745249633789e+02 7.635563964844e+02 5.415981445312e+02 6.083422851562e+02 5.851683959961e+02 6.086234130859e+02 7.427698364258e+02 3.156374816895e+02 2.803229064941e+02 1.740287780762e+02 1.564347381592e+02 1.092258682251e+02 1.022241668701e+02 8.621150970459e+01 7.481381225586e+01 8.449969482422e+01 1.038316497803e+02 1.190703201294e+02 1.213647918701e+02 1.057155990601e+02 8.211730957031e+01 5.673838424683e+01 3.953200531006e+01 3.259325790405e+01 2.863940238953e+01 3.134422302246e+01 4.040759658813e+01 2.686480712891e+01 3.061174392700e+01 3.333793258667e+01 2.658001708984e+01 3.275404739380e+01 3.861732864380e+01 4.083784484863e+01 4.620713043213e+01 5.786865234375e+01 6.557619476318e+01
1.623887481689e+02 2.257359008789e+02 3.565341796875e+02 1.678680664062e+03 9.064929199219e+02 8.671197509766e+02 4.896190490723e+02 4.998306884766e+02 4.638750915527e+02 7.260047607422e+02 6.954616088867e+02 9.970164184570e+02 1.415412719727e+03 1.021564208984e+03 6.557117309570e+02 2.992898864746e+02 1.399048461914e+02 9.878805541992e+01 9.302524566650e+01 1.242274475098e+02 1.620469055176e+02 1.496849822998e+02 1.100804977417e+02 7.049900054932e+01 7.817807769775e+01 7.335266876221e+01 1.024720687866e+02 1.514776000977e+02 7.002047729492e+01 3.852259445190e+01 3.608362197876e+01 5.924608230591e+01 3.819805908203e+01 2.347689056396e+01 2.140511894226e+01 2.211896896362e+01 2.240166282654e+01 2.302004623413e+01 2.339523315430e+01 2.334130859375e+01 2.334473609924e+01 2.575594711304e+01 2.252231788635e+01
2.988952636719e+01 7.179647827148e+01 1.758012084961e+02 2.291894073486e+02 2.381697998047e+02 2.325216064453e+02 1.793472290039e+02 2.550137023926e+02 2.451225585938e+02 4.045859375000e+02 8.150706176758e+02 9.250274658203e+02 1.265825927734e+03 6.919777221680e+02 4.962550048828e+02 2.782092590332e+02 1.264877929688e+02 6.616505432129e+01 7.494911956787e+01 1.550457000732e+02 4.917392272949e+02 2.064024200439e+02 1.762172851562e+02 1.361787109375e+02 1.382042083740e+02 1.182605590820e+02 1.239378662109e+02 8.652255249023e+01 4.514694213867e+01 5.998345947266e+01 5.064210891724e+01 4.913246917725e+01 3.077024841309e+01 2.803287315369e+01 1.961792564392e+01 1.733378410339e+01 1.802361869812e+01 1.764038276672e+01 1.903446960449e+01 1.820537376404e+01 2.366146278381e+01 2.774875640869e+01 2.680557441711e+01
1.926777076721e+01 3.660662841797e+01 1.135911941528e+02 6.802859497070e+01 5.595743942261e+01 4.661400604248e+01 7.157090759277e+01 1.164281311035e+02 1.208451690674e+02 1.297593536377e+02 3.718695678711e+02 1.734832641602e+03 1.442315673828e+03 6.437113037109e+02 3.039273681641e+02 9.010748291016e+01 5.096520996094e+01 3.349861526489e+01 4.136639404297e+01 1.075378723145e+02 2.458628692627e+02 4.255089416504e+02 2.116824493408e+02 1.606134643555e+02 1.265029602051e+02 9.470565032959e+01 1.000002136230e+02 9.300495910645e+01 8.140679168701e+01 7.400615692139e+01 8.959873962402e+01 3.930187225342e+01 3.580327224731e+01 2.904583168030e+01 2.986784934998e+01 2.792461204529e+01 2.349969291687e+01 1.939094734192e+01 2.273010826111e+01 2.621288299561e+01 3.067425155640e+01 3.016573333740e+01 2.570097732544e+01
1.314797973633e+01 5.491959381104e+01 1.263400115967e+02 1.267510910034e+02 2.383665657043e+01 2.813009834290e+01 2.715288162231e+01 5.426364135742e+01 9.315657043457e+01 1.814659881592e+02 2.474826354980e+02 4.932348937988e+02 1.028549194336e+03 7.140108032227e+02 9.544931640625e+02 2.312482299805e+02 2.915440940857e+01 1.825263595581e+01 2.855438613892e+01 1.026946487427e+02 2.784001159668e+02 4.476546630859e+02 3.388908691406e+02 2.297749786377e+02 1.595935211182e+02 1.006606903076e+02 1.146552886963e+02 8.427480316162e+01 8.246221160889e+01 8.193333435059e+01 6.736987304688e+01 5.368752670288e+01 3.784939575195e+01 4.086483383179e+01 3.742193222046e+01 2.860454559326e+01 2.673600769043e+01 2.442396545410e+01 2.268120384216e+01 2.645326995850e+01 2.896068572998e+01 2.811876678467e+01 2.487504768372e+01
1.181319141388e+01 2.835732841492e+01 1.867304992676e+02 2.338021697998e+02 1.282601165771e+02 1.873027801514e+01 1.460455322266e+01 2.670267486572e+01 2.654452323914e+01 2.271414375305e+01 1.893189430237e+01 7.889654541016e+01 3.425479736328e+02 2.170942840576e+02 1.141480590820e+03 1.476922607422e+02 8.312600708008e+01 3.270907211304e+01 2.549866485596e+01 8.229666900635e+01 1.577055664062e+02 1.430366577148e+03 4.619260253906e+02 1.941363830566e+02 1.945575866699e+02 1.035750350952e+02 1.105808258057e+02 9.253897094727e+01 1.308986968994e+02 1.003117294312e+02 5.743387222290e+01 5.794747161865e+01 5.331084060669e+01 5.069229888916e+01 4.972712326050e+01 3.964273834229e+01 4.056632995605e+01 4.474097061157e+01 2.888448143005e+01 2.225733375549e+01 2.209436798096e+01 2.176091957092e+01 2.390804862976e+01
7.597482681274e+00 1.256243038177e+01 1.600954055786e+01 9.305905914307e+01 5.917082595825e+01 1.324536323547e+01 1.126703548431e+01 1.313739871979e+01 1.246175861359e+01 1.179647731781e+01 8.533961296082e+00 9.521065711975e+00 2.868157386780e+01 2.024394683838e+02 5.533051147461e+02 1.430893554688e+02 1.103233489990e+02 4.959003829956e+01 2.946026992798e+01 5.776008224487e+01 7.128955078125e+01 9.452233123779e+01 8.927102661133e+01 6.792566680908e+01 9.485901641846e+01 1.583305969238e+02 1.356254425049e+02 1.350309753418e+02 8.948667144775e+01 1.133114242554e+02 1.180320739746e+02 1.026107330322e+02 7.425664520264e+01 5.268867492676e+01 5.000128936768e+01 4.363334274292e+01 3.728824234009e+01 3.908751296997e+01 3.800020599365e+01 2.519767379761e+01 2.083534049988e+01 2.138518905640e+01 2.206619834900e+01
8.151569366455e+00 1.266599750519e+01 8.366211891174e+00 9.795139312744e+00 1.004207801819e+01 1.156208324432e+01 1.034092807770e+01 9.695302009583e+00 9.218506813049e+00 7.100845813751e+00 5.015735149384e+00 4.040531158447e+00 6.743664741516e+00 2.002198486328e+02 2.984425964355e+02 3.752893676758e+02 9.183309936523e+01 1.099145355225e+02 1.011371078491e+02 3.307066726685e+01 3.663175201416e+01 6.890484619141e+01 1.886922607422e+02 1.854904327393e+02 2.410662689209e+02 2.414350891113e+02 2.251596679688e+02 2.114679870605e+02 1.987014312744e+02 1.880453338623e+02 1.989886779785e+02 2.429718627930e+02 2.075343475342e+02 8.440229034424e+01 3.402087020874e+01 4.050509262085e+01 4.434928512573e+01 3.068433952332e+01 3.113106918335e+01 2.197140693665e+01 2.231615447998e+01 1.598285007477e+01 1.812407112122e+01
