VariationalSeries/SI/f27_max.grd
DSAA
101	101
32.816463539100	34.260883539100
35.556306596100	36.727886596100
1.071543805301e-02	1.928649414062e+03
[rows 57 to 75 of 101, columns 0 to 42 of 101]
6.022116541862e-01 9.882876276970e-01 1.081611394882e+00 1.083525538445e+00 1.096170067787e+00 1.344531893730e+00 1.509599089622e+00 1.658890008926e+00 1.798901677132e+00 1.842349529266e+00 1.836700320244e+00 2.590992927551e+00 4.424222469330e+00 2.417884111404e+00 1.718460917473e+00 2.574759244919e+00 2.309254884720e+00 2.679047107697e+00 3.244853258133e+00 3.297437191010e+00 3.343700885773e+00 2.625248670578e+00 1.806380987167e+00 1.593992114067e+00 1.733415722847e+00 2.397777318954e+00 3.805481910706e+00 4.696057796478e+00 3.542461156845e+00 2.127757072449e+00 1.691785454750e+00 1.342438817024e+00 1.403540253639e+00 1.722145795822e+00 2.018321990967e+00 2.556733369827e+00 2.960003376007e+00 3.164103746414e+00 5.165339946747e+00 6.965669631958e+00 6.057067871094e+00 5.430744171143e+00 6.114717483521e+00
7.656237483025e-01 1.252056241035e+00 1.428008317947e+00 1.449817419052e+00 1.436473846436e+00 1.400003075600e+00 1.384972691536e+00 1.453162789345e+00 1.516346812248e+00 2.482156515121e+00 8.015954971313e+00 9.270397186279e+00 3.463991880417e+00 1.774657607079e+00 1.781923532486e+00 1.638250470161e+00 1.799293637276e+00 1.787993669510e+00 2.103765010834e+00 2.664138078690e+00 3.246081113815e+00 3.478875637054e+00 2.442290544510e+00 1.522933363914e+00 1.757741808891e+00 2.672037601471e+00 4.011328220367e+00 4.282996177673e+00 4.354573249817e+00 2.786323785782e+00 1.679420113564e+00 1.537971615791e+00 1.464884281158e+00 1.783437490463e+00 2.106256246567e+00 2.180305480957e+00 2.234547376633e+00 2.288277149200e+00 2.303083419800e+00 2.486166000366e+00 3.084583520889e+00 4.261521816254e+00 4.934820652008e+00
1.020084857941e+00 1.675070762634e+00 1.990283846855e+00 2.830291748047e+00 3.552462577820e+00 4.441782951355e+00 5.795651435852e+00 8.445168495178e+00 1.559503555298e+01 2.212981224060e+01 1.474835586548e+01 3.753240585327e+00 2.573511362076e+00 2.255966663361e+00 1.645964860916e+00 1.689872384071e+00 1.782623767853e+00 1.749052524567e+00 1.719233155251e+00 1.856628775597e+00 3.134088993073e+00 3.559116601944e+00 2.533895492554e+00 1.467090249062e+00 1.139744639397e+00 1.750231623650e+00 2.470628738403e+00 2.597293138504e+00 2.647333145142e+00 2.173369407654e+00 1.545756101608e+00 1.603977560997e+00 1.527892112732e+00 1.718622326851e+00 2.071985721588e+00 2.145706653595e+00 2.040292024612e+00 1.868015289307e+00 1.692526221275e+00 1.896619915962e+00 2.451107501984e+00 3.111529111862e+00 4.183041095734e+00
9.971119761467e-01 2.023792982101e+00 3.356429815292e+00 4.603044509888e+00 5.681248188019e+00 7.408792495728e+00 1.067722797394e+01 1.591858100891e+01 1.603969192505e+01 7.443328857422e+00 1.848151206970e+00 2.151004076004e+00 2.333021163940e+00 2.071139812469e+00 1.816561579704e+00 1.905064702034e+00 1.904640913010e+00 1.824205517769e+00 1.465746521950e+00 1.451504349709e+00 2.255330085754e+00 2.520552396774e+00 1.878123760223e+00 1.182693243027e+00 9.136632680893e-01 9.874993562698e-01 1.320271968842e+00 1.630399703979e+00 1.858217358589e+00 1.657612204552e+00 1.517709255219e+00 1.401768445969e+00 1.499421834946e+00 1.662384867668e+00 1.991387724876e+00 2.039401054382e+00 1.843358397484e+00 1.576105356216e+00 1.467909932137e+00 1.625465273857e+00 2.356661558151e+00 2.890372991562e+00 3.828599929810e+00
6.074900031090e-01 1.057746529579e+00 1.290344953537e+00 1.356588125229e+00 1.359596729279e+00 1.355643033981e+00 1.345954775810e+00 1.319262742996e+00 1.297088980675e+00 1.272100567818e+00 1.196082115173e+00 1.259197950363e+00 1.332464575768e+00 1.703524947166e+00 1.913232922554e+00 1.996119737625e+00 1.917785525322e+00 1.700184822083e+00 1.258081197739e+00 1.030960321426e+00 1.259909510612e+00 1.309486031532e+00 1.037170886993e+00 7.728816866875e-01 6.831119656563e-01 7.294883131981e-01 9.376241564751e-01 1.128359436989e+00 1.374582171440e+00 1.481419205666e+00 1.403432846069e+00 1.254784226418e+00 1.435641646385e+00 1.736727118492e+00 2.069029092789e+00 2.001262426376e+00 1.661661982536e+00 1.331271529198e+00 1.483744859695e+00 1.654685378075e+00 2.357136487961e+00 2.928261041641e+00 3.595520973206e+00
2.881048619747e-01 5.362169146538e-01 6.935630440712e-01 7.646034955978e-01 7.927100658417e-01 8.167792558670e-01 8.398031592369e-01 8.571526408195e-01 8.845258951187e-01 9.120407104492e-01 8.946382999420e-01 8.413367271423e-01 8.260833024979e-01 1.094558238983e+00 1.285149097443e+00 1.351128458977e+00 1.227349638939e+00 1.091389775276e+00 9.228857159615e-01 8.053392767906e-01 6.706991195679e-01 6.268370151520e-01 5.193957686424e-01 5.809914469719e-01 6.848457455635e-01 7.195896506310e-01 7.760539054871e-01 9.368680715561e-01 1.161637663841e+00 1.272400736809e+00 1.255052328110e+00 1.185688257217e+00 1.426624655724e+00 1.911859989166e+00 2.219696044922e+00 2.005559921265e+00 1.505372881889e+00 1.312271475792e+00 1.516582131386e+00 1.717891573906e+00 2.277119874954e+00 2.682324647903e+00 3.084106445312e+00
1.950593441725e-01 3.284545838833e-01 4.094211459160e-01 4.712946712971e-01 5.068897604942e-01 5.385922789574e-01 5.689432024956e-01 5.945525169373e-01 6.257177591324e-01 6.574624776840e-01 6.617478132248e-01 6.403908133507e-01 6.160119175911e-01 5.939086079597e-01 5.956734418869e-01 6.755784153938e-01 7.124453186989e-01 7.028395533562e-01 6.450591087341e-01 6.105009317398e-01 5.458080172539e-01 5.118489265442e-01 4.473798274994e-01 5.896485447884e-01 7.263985276222e-01 7.949579954147e-01 7.895317673683e-01 7.843000888824e-01 9.578939080238e-01 1.066783905029e+00 1.093726515770e+00 1.087559103966e+00 1.441789627075e+00 2.011978387833e+00 2.220863103867e+00 1.859176158905e+00 1.317340850830e+00 1.315196752548e+00 1.580429911613e+00 1.767874002457e+00 2.046754121780e+00 2.351990938187e+00 2.406780242920e+00
1.591091752052e-01 2.685073018074e-01 3.381698727608e-01 3.767409026623e-01 3.959175348282e-01 4.163965880871e-01 4.315543770790e-01 4.359869658947e-01 4.575794637203e-01 4.758632481098e-01 4.797289669514e-01 4.716736972332e-01 4.637057781219e-01 4.529265463352e-01 4.675381183624e-01 5.370842218399e-01 5.709295868874e-01 5.635779500008e-01 5.214089155197e-01 4.848679900169e-01 5.284971594810e-01 5.126383900642e-01 4.416750669479e-01 5.868772864342e-01 7.400133013725e-01 8.330613374710e-01 8.430717587471e-01 8.155081272125e-01 8.418088555336e-01 9.238156676292e-01 9.628584980965e-01 1.001885056496e+00 1.427979826927e+00 1.960126876831e+00 2.021879434586e+00 1.597981214523e+00 1.237477660179e+00 1.356873154640e+00 1.648985385895e+00 1.735574603081e+00 1.809198856354e+00 1.952525377274e+00 1.788931846619e+00
1.568176299334e-01 2.510731518269e-01 3.179489970207e-01 3.481375277042e-01 3.607728779316e-01 3.721238076687e-01 3.764202594757e-01 3.688355386257e-01 3.614053130150e-01 3.663224279881e-01 3.675014376640e-01 3.817473649979e-01 3.930641114712e-01 4.022963941097e-01 4.133008122444e-01 4.348981082439e-01 4.651362299919e-01 4.662703573704e-01 4.707512557507e-01 4.634985327721e-01 4.842913448811e-01 5.052708387375e-01 4.481018781662e-01 5.546499490738e-01 7.003928422928e-01 7.968703508377e-01 8.128202557564e-01 7.985606193542e-01 8.445469141006e-01 8.701897859573e-01 8.871856331825e-01 9.320747852325e-01 1.334402084351e+00 1.754664540291e+00 1.709419965744e+00 1.371288299561e+00 1.204537987709e+00 1.449196696281e+00 1.663678526878e+00 1.618233561516e+00 1.570028066635e+00 1.577941775322e+00 1.449664473534e+00
1.463964730501e-01 2.322937995195e-01 2.909812033176e-01 3.164305984974e-01 3.271113932133e-01 3.354321420193e-01 3.366157412529e-01 3.295195102692e-01 3.203547894955e-01 3.429933488369e-01 3.638609945774e-01 3.828000724316e-01 3.995999693871e-01 4.137502908707e-01 4.266548454762e-01 4.391900002956e-01 4.484207630157e-01 4.498694837093e-01 4.409107267857e-01 4.404126405716e-01 4.406051933765e-01 4.861613512039e-01 4.591544568539e-01 5.022139549255e-01 6.253743767738e-01 7.105442881584e-01 8.218457102776e-01 8.993201851845e-01 9.046389460564e-01 8.765630722046e-01 8.578400611877e-01 8.657802343369e-01 1.169698715210e+00 1.459483265877e+00 1.402187347412e+00 1.219993472099e+00 1.295359134674e+00 1.468693494797e+00 1.568188667297e+00 1.418722748756e+00 1.311444520950e+00 1.242791652679e+00 1.238041877747e+00
1.345977038145e-01 2.132052034140e-01 2.666263282299e-01 2.908984422684e-01 3.010455965996e-01 3.057024180889e-01 3.037199079990e-01 2.977305650711e-01 2.986859679222e-01 3.242938518524e-01 3.475260138512e-01 3.694248497486e-01 3.895861506462e-01 4.065107405186e-01 4.197098612785e-01 4.283829629421e-01 4.314754903316e-01 4.749101102352e-01 4.840742945671e-01 4.483975470066e-01 4.120236337185e-01 4.450528621674e-01 4.535689949989e-01 4.505949020386e-01 5.491724610329e-01 6.195834875107e-01 7.485117912292e-01 8.712858557701e-01 9.014765620232e-01 8.730924725533e-01 8.387476801872e-01 8.374937772751e-01 9.321787953377e-01 1.131023764610e+00 1.113195061684e+00 1.032273173332e+00 1.116557955742e+00 1.240504264832e+00 1.281701087952e+00 1.113345265388e+00 1.025505661964e+00 9.516124725342e-01 9.356115460396e-01
1.246470138431e-01 1.977521777153e-01 2.483212798834e-01 2.725160717964e-01 2.812801599503e-01 2.819454371929e-01 2.776585519314e-01 2.733174860477e-01 2.814632058144e-01 2.917816340923e-01 3.156498670578e-01 3.383154571056e-01 3.593410849571e-01 3.770785331726e-01 3.900695741177e-01 4.189637601376e-01 4.558827877045e-01 5.127611756325e-01 5.374379754066e-01 5.222428441048e-01 4.774498939514e-01 4.240608811378e-01 4.322881698608e-01 4.373441338539e-01 4.882581830025e-01 5.445933341980e-01 5.605603456497e-01 6.769022345543e-01 7.669242620468e-01 7.951468229294e-01 7.867877483368e-01 8.060923218727e-01 8.295075893402e-01 8.548606038094e-01 8.250975608826e-01 7.999617457390e-01 8.662413954735e-01 9.912108182907e-01 1.062558650970e+00 8.811610341072e-01 7.755065560341e-01 6.920041441917e-01 7.744693160057e-01
1.173667088151e-01 1.867689937353e-01 2.354954183102e-01 2.584105432034e-01 2.643688619137e-01 2.622905671597e-01 2.579447329044e-01 2.593111395836e-01 2.605350613594e-01 2.700433731079e-01 2.741477489471e-01 2.961059212685e-01 3.163267076015e-01 3.336775600910e-01 3.588154613972e-01 3.948801457882e-01 4.618787169456e-01 5.268262028694e-01 5.705454349518e-01 5.833701491356e-01 5.668650269508e-01 5.323697328568e-01 4.907561838627e-01 4.523694515228e-01 4.412626624107e-01 4.874391257763e-01 4.959327280521e-01 4.815590977669e-01 5.904060602188e-01 6.778882741928e-01 7.355232834816e-01 7.774254083633e-01 8.018906116486e-01 7.752768397331e-01 6.992345452309e-01 6.813419461250e-01 7.624424099922e-01 9.372693896294e-01 1.094705224037e+00 9.924714565277e-01 7.354991436005e-01 6.528068184853e-01 7.414850592613e-01
1.145515963435e-01 1.819962263107e-01 2.286062240601e-01 2.487163245678e-01 2.516867816448e-01 2.481566518545e-01 2.497324198484e-01 2.527467012405e-01 2.496935278177e-01 2.529686987400e-01 2.510935366154e-01 2.773838937283e-01 3.049937188625e-01 3.335573375225e-01 3.587030172348e-01 4.018720090389e-01 4.676620364189e-01 5.339351296425e-01 5.932886004448e-01 6.298706531525e-01 6.357364058495e-01 6.193352937698e-01 5.916578769684e-01 5.633591413498e-01 5.466294884682e-01 5.361841917038e-01 5.168086886406e-01 4.940857291222e-01 5.835395455360e-01 6.548875570297e-01 7.079128026962e-01 7.555512189865e-01 7.798382043839e-01 7.275456786156e-01 6.966148018837e-01 6.906145215034e-01 7.675610780716e-01 9.033076763153e-01 1.051349878311e+00 9.621177315712e-01 7.476410269737e-01 6.485233306885e-01 7.370276451111e-01
1.162035241723e-01 1.836063861847e-01 2.284869700670e-01 2.459330409765e-01 2.467305213213e-01 2.418204396963e-01 2.456476390362e-01 2.437836229801e-01 2.429022341967e-01 2.433533966541e-01 2.598297595978e-01 2.858302891254e-01 3.112327754498e-01 3.353220224380e-01 3.546470701694e-01 4.117805957794e-01 4.858909845352e-01 5.556358098984e-01 6.228391528130e-01 6.715629696846e-01 6.873027682304e-01 6.767107844353e-01 6.510300040245e-01 6.190971136093e-01 5.928593873978e-01 5.673167705536e-01 5.251121520996e-01 4.969711899757e-01 5.707230567932e-01 6.326761245728e-01 6.854829192162e-01 7.357885837555e-01 7.517748475075e-01 6.905460953712e-01 7.052710056305e-01 7.393037080765e-01 7.841988801956e-01 8.737901449203e-01 9.477675557137e-01 8.395827412605e-01 7.065120935440e-01 6.012321710587e-01 6.823090910912e-01
1.189330071211e-01 1.873076260090e-01 2.313232123852e-01 2.471971064806e-01 2.467505633831e-01 2.404930591583e-01 2.491580694914e-01 2.560480833054e-01 2.599361538887e-01 2.604897022247e-01 2.582104802132e-01 2.746668457985e-01 3.083210885525e-01 3.446379601955e-01 3.559553623199e-01 4.018781483173e-01 4.950232207775e-01 5.750491023064e-01 6.384666562080e-01 6.786701679230e-01 6.878042817116e-01 6.693572402000e-01 6.345196366310e-01 5.934799313545e-01 5.549831986427e-01 5.165472626686e-01 4.626684486866e-01 4.957000613213e-01 5.589053630829e-01 6.144984364510e-01 6.647771000862e-01 7.063891887665e-01 7.061674594879e-01 6.561383008957e-01 7.081197500229e-01 8.651101589203e-01 8.151850700378e-01 8.801839351654e-01 8.444731831551e-01 7.250352501869e-01 6.376358270645e-01 5.495118498802e-01 6.176215410233e-01
1.170807480812e-01 1.837921291590e-01 2.256466299295e-01 2.402701377869e-01 2.397567778826e-01 2.403429895639e-01 2.462147921324e-01 2.492389976978e-01 2.499596327543e-01 2.484185397625e-01 2.546388208866e-01 2.860927581787e-01 3.329524099827e-01 3.726641535759e-01 3.841464817524e-01 3.751651644707e-01 4.718211293221e-01 5.532875061035e-01 5.992822647095e-01 6.159675717354e-01 6.079590916634e-01 5.752726793289e-01 5.312616825104e-01 4.928531050682e-01 4.616765081882e-01 4.326098859310e-01 4.380980730057e-01 4.909163415432e-01 5.465666651726e-01 5.963207483292e-01 6.395035386086e-01 6.633508801460e-01 6.448655128479e-01 6.286345720291e-01 7.286951541901e-01 7.892731428146e-01 8.015832304955e-01 8.835728764534e-01 8.535001873970e-01 6.983782649040e-01 6.055089235306e-01 5.570794939995e-01 5.979417562485e-01
1.072077304125e-01 1.672025769949e-01 2.040501683950e-01 2.167533636093e-01 2.378567010164e-01 2.476194351912e-01 2.428100556135e-01 2.295064479113e-01 2.168561071157e-01 2.367422729731e-01 2.589926719666e-01 2.996841669083e-01 3.542682230473e-01 3.954286277294e-01 4.065867960453e-01 3.991343379021e-01 4.312167167664e-01 5.004042983055e-01 5.263178348541e-01 5.210656523705e-01 4.958001971245e-01 4.501537382603e-01 4.347875714302e-01 5.159456729889e-01 5.246740579605e-01 5.045319795609e-01 4.956249892712e-01 4.985758960247e-01 5.304580330849e-01 5.735701322556e-01 6.035735607147e-01 6.045796871185e-01 5.682005286217e-01 5.800221562386e-01 6.644838452339e-01 9.230945110321e-01 8.123527765274e-01 1.137125730515e+00 1.010926604271e+00 8.556125164032e-01 7.262853384018e-01 5.991686582565e-01 6.709821224213e-01
1.139184981585e-01 1.678068786860e-01 2.057425677776e-01 2.388459891081e-01 2.625559568405e-01 2.678034305573e-01 2.597588896751e-01 2.450768202543e-01 2.281100600958e-01 2.384748309851e-01 2.648134827614e-01 3.139770030975e-01 3.742286860943e-01 4.160611331463e-01 4.270190000534e-01 4.196731746197e-01 3.954811096191e-01 4.553970396519e-01 4.729570150375e-01 4.940027594566e-01 6.679050922394e-01 6.109665632248e-01 4.718525707722e-01 5.378206968307e-01 5.235330462456e-01 4.837917089462e-01 4.607633352280e-01 4.671951532364e-01 5.114255547523e-01 5.445607900620e-01 5.560623407364e-01 5.346257090569e-01 4.867893159389e-01 5.205101966858e-01 5.755220055580e-01 8.170433044434e-01 1.044629931450e+00 1.644764304161e+00 1.523400425911e+00 1.010457992554e+00 7.837365269661e-01 7.067727446556e-01 8.559914231300e-01
