VariationalSeries/SI/f31_max.grd
DSAA
101	101
32.816463539100	34.260883539100
35.556306596100	36.727886596100
2.330119488761e-03	3.983819961548e+01
[rows 19 to 37 of 101, columns 0 to 42 of 101]
2.099527791142e-02 3.332694247365e-02 3.890444338322e-02 5.638451501727e-02 7.475662976503e-02 8.602213859558e-02 1.104083284736e-01 1.258056461811e-01 1.152702942491e-01 9.523022919893e-02 7.364104688168e-02 6.997009366751e-02 5.496826022863e-02 5.606779083610e-02 7.184363156557e-02 7.546948641539e-02 6.001826003194e-02 6.078047677875e-02 7.290899753571e-02 7.513144612312e-02 6.886233389378e-02 5.893005430698e-02 7.186748832464e-02 8.536767214537e-02 9.740817546844e-02 1.046568378806e-01 1.057728230953e-01 9.924901276827e-02 8.267414569855e-02 5.876920744777e-02 7.650459557772e-02 9.102376550436e-02 1.086684465408e-01 1.088282912970e-01 1.190274655819e-01 1.337678879499e-01 1.287770122290e-01 1.052207201719e-01 8.824060857296e-02 1.000999435782e-01 1.088394746184e-01 1.443744599819e-01 9.152973443270e-02
3.634892031550e-02 5.520576238632e-02 5.118186026812e-02 3.981858491898e-02 5.785390734673e-02 7.953128218651e-02 9.489898383617e-02 1.228520274162e-01 1.294122040272e-01 1.147461682558e-01 9.380263835192e-02 7.761409878731e-02 6.437899172306e-02 4.860777780414e-02 6.644599884748e-02 8.408226072788e-02 8.209138363600e-02 5.831642821431e-02 6.156281381845e-02 7.417210191488e-02 7.790746539831e-02 7.558306306601e-02 7.686286419630e-02 6.560869514942e-02 7.931643724442e-02 9.607583284378e-02 1.105277389288e-01 1.198677569628e-01 1.178159192204e-01 1.000937819481e-01 7.014571130276e-02 6.911662966013e-02 8.981011062860e-02 1.061643064022e-01 1.068944260478e-01 1.328512728214e-01 1.442319005728e-01 1.329062730074e-01 1.077040657401e-01 1.016640886664e-01 1.154827326536e-01 1.225668638945e-01 1.093896478415e-01
5.780677869916e-02 9.297248721123e-02 7.901897281408e-02 6.499256193638e-02 5.562575906515e-02 5.961671844125e-02 8.401431143284e-02 1.065182685852e-01 1.326641738415e-01 1.316900700331e-01 1.155363246799e-01 8.924528956413e-02 8.156922459602e-02 6.681971997023e-02 5.215352028608e-02 7.785672694445e-02 9.421113878489e-02 8.313219249249e-02 7.549093663692e-02 6.444438546896e-02 7.154955714941e-02 8.660519123077e-02 9.145463258028e-02 8.480975031853e-02 7.446136325598e-02 6.766006350517e-02 8.604349195957e-02 1.064411401749e-01 1.232555657625e-01 1.268519312143e-01 1.115347370505e-01 7.869794964790e-02 6.348181515932e-02 9.130977839231e-02 1.206959486008e-01 1.274970471859e-01 1.447107046843e-01 1.503756791353e-01 1.367284953594e-01 1.157683879137e-01 1.180265322328e-01 1.309064924717e-01 1.345513910055e-01
7.336376607418e-02 1.318139880896e-01 1.337752193213e-01 9.305863827467e-02 7.521461695433e-02 7.067307829857e-02 6.030452996492e-02 8.709815144539e-02 1.196137517691e-01 1.398678123951e-01 1.335028558969e-01 1.141164749861e-01 8.341614902020e-02 8.625944703817e-02 8.722817152739e-02 7.741488516331e-02 8.915872871876e-02 9.990721940994e-02 8.232229948044e-02 6.709168106318e-02 6.546281278133e-02 9.389030933380e-02 9.927383810282e-02 9.516323357821e-02 8.412820100784e-02 8.105833828449e-02 7.000756263733e-02 7.647723704576e-02 1.025124713778e-01 1.267935931683e-01 1.374356597662e-01 1.231530979276e-01 8.526282757521e-02 6.671190261841e-02 1.028916165233e-01 1.434779316187e-01 1.464737504721e-01 1.503696590662e-01 1.518054455519e-01 1.429782509804e-01 1.296614408493e-01 1.360588222742e-01 1.557518839836e-01
7.353308796883e-02 1.501078903675e-01 1.840967833996e-01 1.582114845514e-01 9.957450628281e-02 7.718189805746e-02 7.958645373583e-02 7.546943426132e-02 9.442524611950e-02 1.312494426966e-01 1.466323286295e-01 1.354017853737e-01 1.122506931424e-01 8.542492240667e-02 1.218805387616e-01 1.335849612951e-01 8.535692840815e-02 1.000151336193e-01 1.013134941459e-01 6.926127523184e-02 7.849660515785e-02 9.456624090672e-02 9.882409125566e-02 9.110530465841e-02 7.811971753836e-02 8.734901249409e-02 9.060966223478e-02 8.368721604347e-02 8.138749748468e-02 1.004335433245e-01 1.333372890949e-01 1.506460160017e-01 1.354283392429e-01 9.112504124641e-02 8.873496949673e-02 1.275055557489e-01 1.686524897814e-01 1.557340919971e-01 1.493381857872e-01 1.537456363440e-01 1.542233526707e-01 1.467111855745e-01 1.589998304844e-01
5.727015808225e-02 1.340133845806e-01 1.998096555471e-01 2.144761681557e-01 1.685758382082e-01 1.018785089254e-01 7.271941006184e-02 8.065216243267e-02 8.436435461044e-02 1.073006913066e-01 1.445586234331e-01 1.519277542830e-01 1.363309025764e-01 1.087237223983e-01 1.305401027203e-01 1.791969090700e-01 1.497283130884e-01 8.751619607210e-02 1.093355789781e-01 9.928508102894e-02 7.639228552580e-02 1.036362648010e-01 9.354168921709e-02 7.743336260319e-02 7.327612489462e-02 7.248754054308e-02 8.614286035299e-02 9.534136205912e-02 9.611452370882e-02 8.831816911697e-02 1.019181981683e-01 1.433033943176e-01 2.068621218204e-01 1.954892128706e-01 1.754395365715e-01 1.657425165176e-01 1.703133136034e-01 1.861301958561e-01 1.579887121916e-01 1.493116915226e-01 1.625844687223e-01 1.708236038685e-01 1.635529994965e-01
3.656219318509e-02 9.197327494621e-02 1.657409667969e-01 2.227000147104e-01 2.213011234999e-01 1.655884683132e-01 1.005110144615e-01 6.624573469162e-02 7.440502196550e-02 8.477602154016e-02 1.235307231545e-01 1.548887640238e-01 1.539457589388e-01 1.344444602728e-01 1.176479309797e-01 1.871331930161e-01 2.097041457891e-01 1.353932917118e-01 9.960661828518e-02 1.175992190838e-01 9.667884558439e-02 9.321046620607e-02 1.174307838082e-01 1.177677437663e-01 9.705547988415e-02 8.040318638086e-02 9.178958833218e-02 1.002068892121e-01 1.027715206146e-01 1.049763709307e-01 9.792450070381e-02 1.064067780972e-01 1.683450341225e-01 1.825807839632e-01 1.994030475616e-01 2.389936447144e-01 2.955014705658e-01 1.828581094742e-01 1.978632509708e-01 1.570772081614e-01 1.546012908220e-01 1.762118041515e-01 1.872120052576e-01
3.055317141116e-02 6.004370376468e-02 1.075676456094e-01 1.766714155674e-01 2.198935449123e-01 2.063570767641e-01 1.545973718166e-01 1.023344993591e-01 9.179996699095e-02 9.536004066467e-02 9.863936156034e-02 1.404850631952e-01 1.632494032383e-01 1.558889448643e-01 1.327543556690e-01 1.630161106586e-01 2.273036986589e-01 2.055384814739e-01 1.348211765289e-01 1.304669678211e-01 1.640662699938e-01 1.378783136606e-01 1.131420731544e-01 1.669558584690e-01 2.009053975344e-01 1.735296845436e-01 1.224726215005e-01 1.304593682289e-01 1.306368708611e-01 1.149202883244e-01 1.110757514834e-01 1.118848249316e-01 1.372101604939e-01 2.468353658915e-01 3.593865931034e-01 2.922750711441e-01 2.004841566086e-01 1.522678285837e-01 2.055883556604e-01 2.096759229898e-01 1.559937894344e-01 1.627663671970e-01 1.921849250793e-01
4.251377657056e-02 8.427986502647e-02 9.200806170702e-02 1.154049709439e-01 1.797877997160e-01 1.949993222952e-01 1.816590279341e-01 1.490832418203e-01 1.185114383698e-01 1.227072998881e-01 1.267518252134e-01 1.319825351238e-01 1.570259928703e-01 1.694404929876e-01 1.570466160774e-01 1.509259492159e-01 2.019834220409e-01 2.435476779938e-01 1.808682531118e-01 1.607274562120e-01 2.583032548428e-01 2.406297326088e-01 1.700136512518e-01 2.275114506483e-01 3.037200272083e-01 2.792977988720e-01 2.224936038256e-01 1.509843170643e-01 1.393088996410e-01 1.408802568913e-01 1.521308124065e-01 1.884499490261e-01 2.518295049667e-01 3.828639388084e-01 4.490123391151e-01 3.005021214485e-01 1.872157454491e-01 1.199312135577e-01 1.787362098694e-01 2.300086468458e-01 2.168462723494e-01 1.733644753695e-01 1.729199439287e-01
3.950288146734e-02 7.384371757507e-02 7.881905883551e-02 8.115546405315e-02 1.617320775986e-01 2.353030443192e-01 2.450634390116e-01 1.786233782768e-01 1.559622734785e-01 1.321481764317e-01 1.006594151258e-01 9.011208266020e-02 1.321064978838e-01 1.711474210024e-01 1.751007586718e-01 1.600870341063e-01 1.464666277170e-01 2.304652035236e-01 2.436829656363e-01 1.600326448679e-01 2.716509699821e-01 3.022729456425e-01 2.678488194942e-01 3.295117318630e-01 4.528039395809e-01 4.796015024185e-01 4.340098798275e-01 3.366462886333e-01 2.054240852594e-01 1.983716189861e-01 1.933238059282e-01 2.178857773542e-01 2.728138267994e-01 3.544717133045e-01 3.397770524025e-01 1.999797970057e-01 2.311879843473e-01 2.028097659349e-01 1.338269561529e-01 2.101185768843e-01 2.598613798618e-01 2.148182392120e-01 2.401764392853e-01
5.966578796506e-02 1.031877920032e-01 9.263084828854e-02 7.084871083498e-02 1.071357056499e-01 2.044958919287e-01 2.854939401150e-01 2.863630950451e-01 1.985941082239e-01 1.621330529451e-01 1.503867655993e-01 1.256621032953e-01 9.843630343676e-02 1.522307842970e-01 1.830717921257e-01 1.811503767967e-01 1.806137561798e-01 1.779689937830e-01 2.597817480564e-01 2.279540449381e-01 2.201410233974e-01 2.784543335438e-01 2.999453842640e-01 3.255576491356e-01 4.888936579227e-01 5.980206727982e-01 6.587346196175e-01 6.268849968910e-01 4.777675569057e-01 2.659762501717e-01 2.544046938419e-01 2.784666121006e-01 2.703669965267e-01 2.339727878571e-01 2.089811116457e-01 2.068687677383e-01 2.112563401461e-01 2.543463110924e-01 2.150318473577e-01 1.678111851215e-01 2.563407719135e-01 2.871353626251e-01 2.689843475819e-01
6.460985541344e-02 1.234935000539e-01 1.301586627960e-01 1.165176779032e-01 9.552832692862e-02 1.310153007507e-01 2.382047623396e-01 3.167436122894e-01 2.998149096966e-01 1.996465921402e-01 1.645322144032e-01 1.692952662706e-01 1.512416899204e-01 1.166579648852e-01 1.718864440918e-01 1.942882835865e-01 1.857920289040e-01 2.075695097446e-01 2.209290862083e-01 2.797357738018e-01 2.410372346640e-01 2.141082584858e-01 2.661379575729e-01 2.992647290230e-01 3.778607845306e-01 5.412492156029e-01 7.240976691246e-01 8.570139408112e-01 8.446548581123e-01 6.332327723503e-01 3.200109899044e-01 2.026855200529e-01 2.603393793106e-01 2.946345806122e-01 3.082427084446e-01 2.955006659031e-01 2.700915038586e-01 2.334229052067e-01 2.813171446323e-01 2.172036617994e-01 1.989519745111e-01 3.123593926430e-01 2.870505750179e-01
8.349294215441e-02 1.371573209763e-01 1.328652054071e-01 1.424570977688e-01 1.384590417147e-01 1.228234693408e-01 1.395293176174e-01 2.393763512373e-01 3.020230531693e-01 2.847304940224e-01 2.046004533768e-01 1.567820906639e-01 1.760779470205e-01 1.726408600807e-01 1.459933817387e-01 1.945703476667e-01 2.000520676374e-01 1.884233951569e-01 2.359789758921e-01 2.748388350010e-01 2.708508670330e-01 3.319211006165e-01 2.209957987070e-01 2.496554851532e-01 3.016564249992e-01 3.705736696720e-01 5.814777016640e-01 8.464367985725e-01 1.072195053101e+00 1.085052132607e+00 7.673739194870e-01 3.576934039593e-01 1.306300610304e-01 1.777601689100e-01 2.260870039463e-01 2.832567989826e-01 4.585191011429e-01 6.552388668060e-01 3.596660196781e-01 3.135257661343e-01 2.056162506342e-01 2.686704397202e-01 3.642250597477e-01
1.117374300957e-01 1.996885389090e-01 1.955977529287e-01 1.580723524094e-01 1.478699147701e-01 1.540037244558e-01 1.478518843651e-01 1.327630728483e-01 2.035783380270e-01 2.633026838303e-01 2.704961299896e-01 2.204875797033e-01 1.458263248205e-01 1.720010340214e-01 1.886611878872e-01 1.760264039040e-01 2.085545063019e-01 2.062376737595e-01 1.898499429226e-01 2.471285015345e-01 3.139431178570e-01 3.243892788887e-01 4.253709614277e-01 3.244337439537e-01 2.497507035732e-01 3.037893474102e-01 4.082692563534e-01 6.228260993958e-01 9.804701805115e-01 1.301348447800e+00 1.286765933037e+00 8.595017790794e-01 4.027309715748e-01 1.571304947138e-01 1.606844216585e-01 2.297831624746e-01 2.468446940184e-01 9.681276082993e-01 9.436102509499e-01 3.252992033958e-01 4.182204306126e-01 2.119271010160e-01 3.703116774559e-01
1.239860951900e-01 2.452999800444e-01 2.819160819054e-01 2.849807441235e-01 2.669286429882e-01 2.294956892729e-01 2.235293239355e-01 2.481455951929e-01 2.463256567717e-01 2.179593294859e-01 2.273541539907e-01 2.571372985840e-01 2.953914701939e-01 3.041490316391e-01 1.831081956625e-01 1.902358233929e-01 1.982576251030e-01 2.274792641401e-01 2.146022766829e-01 1.930512934923e-01 2.854847311974e-01 3.287219703197e-01 4.872394502163e-01 4.714694619179e-01 3.437120318413e-01 3.356723189354e-01 3.145272433758e-01 4.648535251617e-01 6.970543861389e-01 1.151973366737e+00 1.532710194588e+00 1.388511538506e+00 9.032315015793e-01 3.937356173992e-01 1.647229492664e-01 1.935719251633e-01 2.189086079597e-01 3.517214059830e-01 1.656135559082e+00 6.140950918198e-01 6.059729456902e-01 4.910120368004e-01 2.893643379211e-01
2.111988216639e-01 3.500728309155e-01 3.026764988899e-01 2.830404043198e-01 3.253258764744e-01 3.503163456917e-01 3.499047756195e-01 3.211950361729e-01 3.473844230175e-01 3.737635314465e-01 3.621020615101e-01 3.169638216496e-01 3.523138165474e-01 4.999733269215e-01 4.257146120071e-01 2.114979028702e-01 1.798135638237e-01 2.243580073118e-01 2.598361074924e-01 2.467053234577e-01 2.142091393471e-01 3.748073577881e-01 4.720148146152e-01 5.947861671448e-01 5.182747244835e-01 2.854447662830e-01 2.912088036537e-01 3.740949034691e-01 5.266229510307e-01 7.910133600235e-01 1.321335911751e+00 1.644103407860e+00 1.416674613953e+00 8.615200519562e-01 3.748983740807e-01 1.646190881729e-01 2.228870987892e-01 2.445393800735e-01 9.132270812988e-01 1.688218593597e+00 6.439398527145e-01 7.608128786087e-01 3.019705116749e-01
3.365341424942e-01 5.928668975830e-01 5.782400369644e-01 4.965405762196e-01 4.048142731190e-01 3.145222663879e-01 3.568732142448e-01 4.117564260960e-01 4.408948719501e-01 4.340563714504e-01 4.449712336063e-01 4.808622896671e-01 4.711287021637e-01 5.164307951927e-01 6.679368615150e-01 5.070491433144e-01 2.324068099260e-01 2.063739001751e-01 2.548466920853e-01 3.398508429527e-01 3.534864485264e-01 2.885482311249e-01 6.216722726822e-01 5.450669527054e-01 6.140930652618e-01 5.218828320503e-01 3.386419713497e-01 2.710033357143e-01 3.573796451092e-01 6.103994846344e-01 8.794686794281e-01 1.420451283455e+00 1.672696113586e+00 1.360183000565e+00 8.047573566437e-01 3.450731039047e-01 1.609896123409e-01 2.406718432903e-01 3.251071870327e-01 1.633458852768e+00 1.347246527672e+00 9.157779812813e-01 4.371556937695e-01
3.836206197739e-01 7.133249640465e-01 7.628614306450e-01 7.435480952263e-01 6.898415684700e-01 6.165130138397e-01 5.255942344666e-01 4.232704937458e-01 3.624500930309e-01 4.451643824577e-01 5.158100128174e-01 5.447826385498e-01 5.107980370522e-01 5.394414663315e-01 6.714344024658e-01 8.189749717712e-01 5.533781051636e-01 4.181832075119e-01 4.409184455872e-01 4.416649341583e-01 4.251715838909e-01 4.738125503063e-01 4.705571532249e-01 7.981788516045e-01 5.935962200165e-01 4.658077955246e-01 4.689891338348e-01 3.460322022438e-01 3.298810422421e-01 3.981208205223e-01 6.839544773102e-01 9.442654848099e-01 1.416990756989e+00 1.586202621460e+00 1.252683520317e+00 7.341647148132e-01 3.396768271923e-01 3.036823570728e-01 3.651652336121e-01 4.965503215790e-01 2.101049661636e+00 1.101308703423e+00 5.615391731262e-01
3.271109461784e-01 6.396809220314e-01 7.616997361183e-01 8.129187822342e-01 8.240081667900e-01 8.062255978584e-01 7.822572588921e-01 7.195840477943e-01 6.310039758682e-01 5.289733409882e-01 4.178699851036e-01 4.003547132015e-01 4.960322082043e-01 5.692881345749e-01 5.783928036690e-01 7.470849752426e-01 8.372938632965e-01 6.325564980507e-01 8.105897307396e-01 9.773988127708e-01 9.419282674789e-01 7.734883427620e-01 4.675801396370e-01 5.842503309250e-01 7.973098754883e-01 5.778924822807e-01 4.253599941730e-01 4.223572015762e-01 3.831333816051e-01 3.382730484009e-01 4.221025109291e-01 7.148800492287e-01 9.177692532539e-01 1.307322621346e+00 1.441082239151e+00 1.167693257332e+00 7.183837890625e-01 3.658790290356e-01 3.706612884998e-01 4.955538213253e-01 7.225040793419e-01 2.190371274948e+00 9.858773350716e-01
