VariationalSeries/SI/f31_max.grd
DSAA
101	101
32.816463539100	34.260883539100
35.556306596100	36.727886596100
2.330119488761e-03	3.983819961548e+01
[rows 57 to 75 of 101, columns 43 to 85 of 101]
1.202094912529e+00 5.019472837448e-01 2.900597155094e-01 4.791587889194e-01 6.865634322166e-01 5.955063700676e-01 3.917025625706e-01 4.480654597282e-01 3.968961238861e-01 3.980072140694e-01 2.638094425201e-01 3.469050824642e-01 5.342773199081e-01 2.537302374840e-01 4.729497134686e-01 1.399701237679e+00 5.389277458191e+00 3.988958597183e+00 3.321481466293e+00 2.056730031967e+00 8.199598789215e-01 6.217614412308e-01 1.508060693741e+00 2.294193744659e+00 9.115784168243e-01 3.703853785992e-01 5.099809169769e-01 4.305419921875e-01 4.854100942612e-01 5.936799645424e-01 3.795439898968e-01 2.712528109550e-01 2.520521283150e-01 3.577348589897e-01 2.222338020802e-01 1.941624581814e-01 1.488785743713e-01 2.092725634575e-01 2.612661719322e-01 1.901974380016e-01 1.035326048732e-01 1.118028014898e-01 1.190198734403e-01
7.633882164955e-01 6.683019399643e-01 3.711950182915e-01 2.330670356750e-01 4.400301575661e-01 5.873996615410e-01 5.478867292404e-01 1.147268891335e+00 8.683360219002e-01 5.141098499298e-01 2.723709940910e-01 1.725947856903e-01 5.219290852547e-01 7.519310712814e-01 3.152563869953e-01 1.050764799118e+00 1.491069912910e+00 1.823858737946e+00 1.611077070236e+00 1.232358932495e+00 7.423330545425e-01 5.612507462502e-01 4.512391388416e-01 5.222621560097e-01 7.156856060028e-01 1.343922257423e+00 4.169302880764e-01 5.847086906433e-01 6.201754808426e-01 4.677422642708e-01 5.393267869949e-01 3.821336328983e-01 3.092391788960e-01 2.434853762388e-01 1.962338984013e-01 1.688492447138e-01 1.763771474361e-01 1.589252054691e-01 1.361310482025e-01 1.338018774986e-01 9.653751552105e-02 1.012228503823e-01 1.117597073317e-01
6.538016200066e-01 6.818100214005e-01 4.064196348190e-01 2.109596431255e-01 2.227908968925e-01 3.953118324280e-01 5.763517022133e-01 1.445137739182e+00 1.219594597816e+00 3.604125082493e-01 2.840611934662e-01 1.617137491703e-01 1.675242036581e-01 7.311249971390e-01 9.439445137978e-01 4.016772508621e-01 3.661637008190e-01 2.492939531803e-01 3.034670948982e-01 3.723970055580e-01 4.282128214836e-01 2.587318718433e-01 2.745456397533e-01 3.561848998070e-01 5.990935564041e-01 2.721605062485e+00 1.276675581932e+00 7.359035611153e-01 6.633988618851e-01 6.921046376228e-01 5.461137890816e-01 3.806073069572e-01 3.323916196823e-01 2.726646661758e-01 2.277176976204e-01 1.869954764843e-01 1.742761880159e-01 1.778676211834e-01 1.926383823156e-01 2.026424258947e-01 1.933970004320e-01 1.714558899403e-01 1.786076724529e-01
5.220065712929e-01 5.502452850342e-01 3.310383260250e-01 2.454138249159e-01 4.547041058540e-01 4.260529279709e-01 1.077577948570e+00 7.396985888481e-01 1.703306913376e+00 3.777413666248e-01 2.221281379461e-01 1.390660256147e-01 8.797677606344e-02 2.861795425415e-01 9.701352119446e-01 1.183676838875e+00 4.094698429108e-01 3.233650624752e-01 1.831842362881e-01 1.970337331295e-01 1.771114915609e-01 2.450655251741e-01 1.865368783474e-01 2.181725054979e-01 4.997227787971e-01 9.672087430954e-01 3.836706399918e+00 6.541759967804e-01 5.681062936783e-01 4.983975887299e-01 5.596559047699e-01 5.191841125488e-01 3.258982300758e-01 2.780494391918e-01 2.357355356216e-01 2.091512978077e-01 2.081298977137e-01 2.417691200972e-01 2.719913721085e-01 3.014983534813e-01 3.151006400585e-01 3.561637401581e-01 3.969349265099e-01
3.901933431625e-01 3.650907874107e-01 2.344517856836e-01 2.139195501804e-01 2.784055173397e-01 3.258178234100e-01 5.160762071609e-01 1.212916254997e+00 9.343436360359e-01 3.617109656334e-01 2.472539544106e-01 1.402381807566e-01 7.989212870598e-02 6.906580924988e-02 4.012725055218e-01 1.194482564926e+00 1.257232308388e+00 4.190620779991e-01 1.898783892393e-01 1.229883581400e-01 1.274777948856e-01 1.536325961351e-01 1.545657217503e-01 1.936530917883e-01 2.814264297485e-01 1.271909594536e+00 3.173646450043e+00 5.212509632111e-01 6.141305565834e-01 3.862346708775e-01 3.688434064388e-01 5.369035601616e-01 3.130568563938e-01 2.803903520107e-01 3.035893142223e-01 3.720502853394e-01 4.871482849121e-01 7.790586948395e-01 7.797833085060e-01 5.612274408340e-01 4.772593975067e-01 5.300780534744e-01 5.398323535919e-01
3.009134232998e-01 2.188687622547e-01 2.025875151157e-01 2.143526524305e-01 4.060713350773e-01 2.769288420677e-01 4.154810309410e-01 3.073332607746e-01 2.034787982702e-01 2.887041568756e-01 2.733934223652e-01 1.958242356777e-01 1.132000833750e-01 7.255676388741e-02 7.780902832747e-02 4.907906651497e-01 1.306072711945e+00 1.102808594704e+00 2.690821588039e-01 1.242906749249e-01 1.184017881751e-01 1.209621429443e-01 1.396349817514e-01 1.806392520666e-01 2.619932293892e-01 4.656073153019e-01 9.834226369858e-01 1.157462716103e+00 9.902313947678e-01 4.111286103725e-01 4.051473736763e-01 4.744990468025e-01 4.927708506584e-01 5.656193494797e-01 7.129926085472e-01 8.366803526878e-01 8.777346611023e-01 1.393414497375e+00 5.926488637924e-01 4.523005485535e-01 4.457072317600e-01 4.219128489494e-01 3.668120801449e-01
2.315278649330e-01 1.413476616144e-01 1.594545245171e-01 1.668232530355e-01 2.028852999210e-01 3.206812143326e-01 2.346357703209e-01 4.216672778130e-01 2.758122682571e-01 1.535376161337e-01 2.069328278303e-01 2.002243101597e-01 1.420695930719e-01 8.973106741905e-02 6.153408065438e-02 1.026227697730e-01 6.456970572472e-01 1.433429718018e+00 8.110258579254e-01 1.759801656008e-01 1.034642532468e-01 1.196268126369e-01 1.296739429235e-01 1.736865937710e-01 2.647570669651e-01 5.126383900642e-01 3.352769017220e-01 7.611139416695e-01 1.121377825737e+00 4.209254682064e-01 6.038734316826e-01 2.978489696980e-01 4.592594802380e-01 6.435667276382e-01 6.750615835190e-01 5.514153838158e-01 4.822984337807e-01 3.530279397964e-01 2.356690913439e-01 2.314445972443e-01 2.293641567230e-01 2.414851635695e-01 2.171935141087e-01
1.902412325144e-01 1.122311577201e-01 1.200631409883e-01 1.160841956735e-01 1.364234387875e-01 1.489030569792e-01 1.250794380903e-01 1.777599155903e-01 4.032739102840e-01 2.999452948570e-01 1.059065088630e-01 1.360769718885e-01 1.337243020535e-01 1.027015745640e-01 6.926748156548e-02 7.739140838385e-02 1.769703477621e-01 8.518669605255e-01 1.435430169106e+00 3.920896947384e-01 1.135444864631e-01 1.122970208526e-01 1.272857487202e-01 1.618661433458e-01 1.985119134188e-01 2.197538614273e-01 2.487702667713e-01 3.868556320667e-01 8.040312528610e-01 2.294556140900e+00 2.999341189861e-01 3.583733737469e-01 3.252505362034e-01 8.169289231300e-01 3.771964311600e-01 6.512197256088e-01 9.394588470459e-01 5.282299518585e-01 7.132586836815e-01 4.520530104637e-01 2.206223011017e-01 9.168394804001e-01 1.157107353210e+00
1.231878548861e-01 9.404318779707e-02 9.237103164196e-02 8.122987300158e-02 9.398721158504e-02 9.915854036808e-02 9.041390568018e-02 9.144218266010e-02 1.594475209713e-01 2.796850502491e-01 2.983636558056e-01 1.756386011839e-01 7.632930576801e-02 7.905273884535e-02 6.554935127497e-02 7.532586157322e-02 1.035990491509e-01 4.777607023716e-01 1.167606949806e+00 1.082711458206e+00 2.116441279650e-01 1.005977466702e-01 1.209555491805e-01 1.406958997250e-01 1.494259834290e-01 1.682168990374e-01 2.390626966953e-01 2.884919941425e-01 4.937353730202e-01 1.231894254684e+00 1.654667258263e+00 3.668540120125e-01 3.226664066315e-01 8.125943541527e-01 5.908441543579e-01 2.268658131361e-01 7.028744220734e-01 1.041110396385e+00 1.264520764351e+00 6.671029329300e-01 7.914467453957e-01 1.406199455261e+00 1.643743634224e+00
7.588432729244e-02 8.125356584787e-02 7.528059184551e-02 6.161977350712e-02 6.985053420067e-02 7.397197932005e-02 7.707896083593e-02 7.584729045630e-02 8.492810279131e-02 1.429088264704e-01 1.727835685015e-01 2.351499050856e-01 2.130398303270e-01 6.719417870045e-02 6.093121692538e-02 6.440611928701e-02 8.285958319902e-02 2.963615357876e-01 6.705488562584e-01 1.242117643356e+00 8.764530420303e-01 1.321220844984e-01 1.042330935597e-01 1.541957110167e-01 1.655322760344e-01 2.440001964569e-01 2.201964408159e-01 2.645721435547e-01 4.203023910522e-01 5.421426892281e-01 1.958661675453e+00 4.146503210068e-01 2.766495645046e-01 3.334236621857e+00 3.285475969315e-01 2.198719531298e-01 1.586335897446e-01 1.408431977034e-01 1.760627031326e-01 1.517868191004e-01 2.828367948532e-01 9.964121133089e-02 1.119331866503e-01
6.798087805510e-02 7.150381803513e-02 6.367850303650e-02 5.287795886397e-02 5.921036750078e-02 6.440526992083e-02 6.644036620855e-02 6.574337929487e-02 7.520183175802e-02 9.119678288698e-02 1.227944269776e-01 1.122271344066e-01 1.566409468651e-01 1.993214339018e-01 6.358082592487e-02 6.243334338069e-02 6.013401225209e-02 1.317826062441e-01 5.468736886978e-01 6.364245414734e-01 1.126983642578e+00 6.220921874046e-01 9.407566487789e-02 1.026221290231e-01 1.164633855224e-01 2.857204079628e-01 4.760293364525e-01 2.771075069904e-01 3.510566651821e-01 4.202996790409e-01 1.943924427032e+00 5.071049332619e-01 2.784452199936e+00 3.507206916809e+00 2.050089687109e-01 2.678552269936e-01 2.498608827591e-01 1.507935971022e-01 1.368348896503e-01 1.317876726389e-01 2.064014673233e-01 7.114988565445e-02 9.129893034697e-02
6.178918480873e-02 6.355516612530e-02 5.973562225699e-02 5.162657424808e-02 5.682329088449e-02 5.847899243236e-02 6.173696741462e-02 6.101555004716e-02 6.667598336935e-02 7.856908440590e-02 1.157465428114e-01 9.011048823595e-02 7.510535418987e-02 1.196513473988e-01 1.424399465322e-01 6.724253296852e-02 6.608102470636e-02 4.631190374494e-02 3.745328187943e-01 6.375285983086e-01 6.373214721680e-01 9.070603847504e-01 4.497329592705e-01 1.052802503109e-01 1.352103352547e-01 1.712135225534e-01 2.478278428316e-01 4.106646180153e-01 3.656080067158e-01 4.949191510677e-01 9.484108686447e-01 2.433176994324e+00 4.026371955872e+00 1.546713948250e+00 5.397648811340e-01 1.439513266087e-01 2.142917215824e-01 2.640894055367e-01 9.845314919949e-02 1.211405247450e-01 1.094565689564e-01 8.702321350574e-02 6.689508259296e-02
5.515331774950e-02 7.296128571033e-02 6.348993629217e-02 4.794995486736e-02 5.100076645613e-02 7.178972661495e-02 5.382654443383e-02 5.627979710698e-02 6.614538282156e-02 7.968712598085e-02 8.821956813335e-02 9.718281775713e-02 9.004449099302e-02 7.850145548582e-02 1.110614836216e-01 8.165325969458e-02 7.703073322773e-02 5.300246924162e-02 2.079317718744e-01 5.741990208626e-01 5.102227330208e-01 5.951334238052e-01 7.359010577202e-01 2.925311923027e-01 1.342409849167e-01 1.945747435093e-01 2.301799803972e-01 2.931499183178e-01 7.437074184418e-01 1.228075742722e+00 2.710984468460e+00 4.138312816620e+00 1.872974157333e+00 1.214206218719e+00 7.240490913391e-01 3.719018399715e-01 2.280676215887e-01 3.204939663410e-01 1.273169368505e-01 7.920091599226e-02 7.793077826500e-02 7.352752238512e-02 7.179126143456e-02
4.813367500901e-02 7.802304625511e-02 6.674863398075e-02 5.001968890429e-02 7.459202408791e-02 4.685343429446e-02 5.148140341043e-02 5.620143935084e-02 6.713545322418e-02 7.988457381725e-02 9.686362743378e-02 9.976766258478e-02 1.089020967484e-01 9.256823360920e-02 1.307401061058e-01 1.555534750223e-01 1.191255152225e-01 1.263591945171e-01 1.100241169333e-01 4.264785051346e-01 5.127890110016e-01 2.953617870808e-01 5.743123292923e-01 6.157609224319e-01 1.685913056135e-01 2.397700995207e-01 2.226580977440e-01 5.562618970871e-01 1.785696029663e+00 3.583863973618e+00 4.439172744751e+00 2.004766225815e+00 4.834323823452e-01 1.258417367935e+00 5.033938288689e-01 2.825296819210e-01 1.389312148094e-01 1.175578683615e-01 7.191358506680e-02 5.278469622135e-02 5.027297511697e-02 6.445904821157e-02 7.072741538286e-02
5.280398949981e-02 7.921011000872e-02 6.920539587736e-02 6.923285126686e-02 4.888939857483e-02 4.301351308823e-02 5.061908811331e-02 5.887844786048e-02 8.779790997505e-02 1.567353308201e-01 1.218471899629e-01 1.140995323658e-01 1.022883802652e-01 1.177033185959e-01 1.241227164865e-01 3.229202628136e-01 3.099666535854e-01 4.039563834667e-01 4.302272796631e-01 5.586632490158e-01 4.969188868999e-01 3.674921989441e-01 2.779594361782e-01 5.567109584808e-01 5.579493045807e-01 2.966341674328e-01 5.273844599724e-01 6.915729045868e-01 2.377196788788e+00 3.177460432053e+00 1.614848852158e+00 5.602725744247e-01 4.616006612778e-01 2.986598610878e-01 1.283849924803e-01 9.241647273302e-02 5.920124053955e-02 9.045188128948e-02 3.247745931149e-01 1.479338109493e-01 3.261164575815e-02 3.838755935431e-02 4.000364616513e-02
8.601236343384e-02 9.163598716259e-02 8.404776453972e-02 7.806611061096e-02 5.642717331648e-02 4.496839269996e-02 4.840763285756e-02 5.921360477805e-02 8.599143475294e-02 1.644532978535e-01 2.193500399590e-01 1.511290371418e-01 1.533413678408e-01 1.769468784332e-01 3.283859193325e-01 8.800126314163e-01 3.843081295490e-01 6.201830506325e-01 1.013097405434e+00 1.254934549332e+00 9.305062294006e-01 4.675670564175e-01 2.352249175310e-01 3.176452517509e-01 5.098972916603e-01 6.339548826218e-01 4.958251118660e-01 5.568207502365e-01 5.199252367020e-01 4.595072269440e-01 4.272047579288e-01 3.472116589546e-01 3.101984262466e-01 1.593921035528e-01 2.425226271152e-01 2.588536739349e-01 2.650300264359e-01 1.528979986906e-01 1.468430012465e-01 6.652495265007e-02 4.600927606225e-02 4.152349382639e-02 1.658102422953e-01
1.163918226957e-01 1.324683725834e-01 1.219391748309e-01 1.090893000364e-01 9.084536135197e-02 6.192931532860e-02 8.757596462965e-02 9.910984337330e-02 1.249641627073e-01 1.232535019517e-01 2.256476134062e-01 2.139318734407e-01 1.880211234093e-01 3.476072251797e-01 1.306145191193e+00 1.878773212433e+00 1.544553399086e+00 1.359676241875e+00 2.073096275330e+00 1.307494521141e+00 6.929191350937e-01 5.609551072121e-01 4.904898405075e-01 4.094069898129e-01 8.420248627663e-01 5.539263486862e-01 4.963318407536e-01 3.975283503532e-01 3.353946506977e-01 3.494676351547e-01 7.148947119713e-01 2.975716888905e-01 1.985510587692e-01 1.495201885700e-01 1.594675332308e-01 1.035886481404e-01 1.122614741325e-01 7.880392670631e-02 8.587796986103e-02 9.473769366741e-02 4.312261566520e-02 4.229395091534e-02 4.152812808752e-02
1.108396649361e-01 1.396855860949e-01 1.279174089432e-01 8.933780342340e-02 6.242113187909e-02 6.246939897537e-01 4.072157442570e-01 3.401977121830e-01 4.208034873009e-01 2.359225898981e-01 1.865371912718e-01 1.598453372717e-01 2.281081378460e-01 6.667858362198e-01 1.400870800018e+00 1.505859971046e+00 1.021760463715e+00 7.777823805809e-01 3.871485292912e-01 5.066556334496e-01 7.124497294426e-01 6.544429063797e-01 4.187209308147e-01 2.481356263161e-01 1.166543364525e+00 5.941029191017e-01 4.287857413292e-01 2.953339517117e-01 1.861671209335e-01 2.134532630444e-01 3.123543560505e-01 1.573987454176e-01 1.300972849131e-01 1.052251011133e-01 1.134505644441e-01 1.506665349007e-01 9.530220925808e-02 4.601496085525e-02 5.764892324805e-02 7.166517525911e-02 9.611371159554e-02 4.460993781686e-02 1.100120469928e-01
1.058742702007e-01 1.451968252659e-01 2.468470782042e-01 5.907244682312e-01 1.730569899082e-01 7.465590834618e-01 2.835782051086e+00 4.277204573154e-01 1.380334258080e+00 9.579148292542e-01 3.564727306366e-01 2.708355188370e-01 6.366936564445e-01 9.258288741112e-01 8.693867921829e-01 7.414597868919e-01 8.006259799004e-01 9.568834304810e-01 5.554742813110e-01 8.338513374329e-01 1.002581834793e+00 8.677248954773e-01 5.309384465218e-01 3.651719987392e-01 4.541572332382e-01 2.523682415485e-01 3.302947282791e-01 3.359816372395e-01 1.324459314346e-01 1.166763082147e-01 1.225591897964e-01 1.233794242144e-01 1.076752468944e-01 9.957248717546e-02 9.513184428215e-02 1.002025753260e-01 1.364007890224e-01 9.920351952314e-02 7.157548516989e-02 7.733527570963e-02 7.848370820284e-02 1.019667759538e-01 1.154486536980e-01
