VariationalSeries/SI/f31_max.grd
DSAA
101	101
32.816463539100	34.260883539100
35.556306596100	36.727886596100
2.330119488761e-03	3.983819961548e+01
[rows 38 to 56 of 101, columns 0 to 42 of 101]
2.029297500849e-01 4.025100171566e-01 5.164434909821e-01 6.000784039497e-01 6.787796616554e-01 7.482427954674e-01 7.987490296364e-01 8.178018927574e-01 7.896358966827e-01 7.603222727776e-01 6.933490633965e-01 5.943824648857e-01 4.831498265266e-01 3.737461566925e-01 3.979710340500e-01 4.493783712387e-01 6.691113114357e-01 7.076374888420e-01 6.120315194130e-01 9.240990281105e-01 1.123179674149e+00 1.155594468117e+00 8.896232247353e-01 5.844857096672e-01 4.548425972462e-01 5.623703002930e-01 5.223351716995e-01 5.520250201225e-01 5.017920732498e-01 4.580684006214e-01 4.194215536118e-01 3.926086127758e-01 6.562702655792e-01 8.387777209282e-01 1.113582730293e+00 1.332436561584e+00 1.197829365730e+00 8.849988579750e-01 5.303924679756e-01 5.579563379288e-01 6.692916154861e-01 6.530726552010e-01 2.092398643494e+00
1.128268688917e-01 2.190772593021e-01 2.848958373070e-01 3.406893014908e-01 4.069661200047e-01 4.838188886642e-01 5.710509419441e-01 6.595211029053e-01 7.356225848198e-01 7.880130410194e-01 7.984259724617e-01 7.620242238045e-01 6.963724493980e-01 6.228262782097e-01 5.280372500420e-01 4.226770699024e-01 4.391692578793e-01 6.706603765488e-01 7.010167837143e-01 9.947742819786e-01 1.141398906708e+00 1.019823193550e+00 8.563457131386e-01 7.524718642235e-01 5.746893286705e-01 4.974129796028e-01 4.440820813179e-01 4.706912934780e-01 4.624451696873e-01 5.541476607323e-01 5.741432905197e-01 8.608362078667e-01 6.831567287445e-01 5.037294626236e-01 7.029742598534e-01 8.699813485146e-01 1.187789320946e+00 1.234608054161e+00 1.135240674019e+00 1.139021635056e+00 8.492736220360e-01 4.962969720364e-01 7.109837532043e-01
7.870496064425e-02 1.477362364531e-01 1.662707775831e-01 1.887248307467e-01 2.204736918211e-01 2.646647095680e-01 3.187932968140e-01 3.817842304707e-01 4.555242061615e-01 5.407965779305e-01 6.341342926025e-01 7.171741724014e-01 7.710053920746e-01 7.751453518867e-01 7.272740602493e-01 6.259500980377e-01 5.416683554649e-01 4.579318463802e-01 6.991521716118e-01 1.280411958694e+00 1.520223379135e+00 1.324748635292e+00 8.742551207542e-01 6.240622401237e-01 4.743316173553e-01 5.787668824196e-01 6.987669467926e-01 5.466461181641e-01 4.116667509079e-01 4.999557137489e-01 4.456811845303e-01 9.792432188988e-01 1.361151814461e+00 1.049104809761e+00 5.452427864075e-01 7.034741640091e-01 1.169972777367e+00 1.552313804626e+00 1.570310592651e+00 1.510773897171e+00 1.605745077133e+00 1.593353033066e+00 1.071516394615e+00
7.327777147293e-02 1.433079540730e-01 1.711236834526e-01 1.848322004080e-01 1.968847513199e-01 2.056051045656e-01 2.110786587000e-01 2.136293649673e-01 2.320972681046e-01 2.788954079151e-01 3.452404439449e-01 4.265911281109e-01 5.212560892105e-01 6.196881532669e-01 7.053531408310e-01 7.584518194199e-01 7.845936417580e-01 7.430825233459e-01 8.226718306541e-01 7.189267873764e-01 7.976983785629e-01 9.516418576241e-01 1.044202208519e+00 1.013850688934e+00 9.215906262398e-01 7.805558443069e-01 6.562677621841e-01 7.849367856979e-01 9.376456737518e-01 7.176281809807e-01 5.553136467934e-01 5.685576796532e-01 9.141964912415e-01 1.379441022873e+00 1.328769326210e+00 7.464104294777e-01 6.709557771683e-01 7.157986760139e-01 8.623788952827e-01 1.198164582253e+00 1.193755984306e+00 8.413899540901e-01 1.459895968437e+00
1.200979799032e-01 2.300090640783e-01 2.559560537338e-01 2.638683021069e-01 2.701745927334e-01 2.767073810101e-01 2.797752022743e-01 2.779179513454e-01 2.713030576706e-01 2.580375671387e-01 2.546104788780e-01 2.598784267902e-01 2.629155218601e-01 3.282864093781e-01 4.178730547428e-01 5.197480916977e-01 6.206794977188e-01 7.209255695343e-01 1.014049649239e+00 1.125485181808e+00 7.074117660522e-01 5.845144987106e-01 6.723093390465e-01 7.088679671288e-01 7.914539575577e-01 8.884900212288e-01 9.665065407753e-01 1.010733366013e+00 1.013978719711e+00 1.025662302971e+00 9.987860321999e-01 8.960404396057e-01 7.454777956009e-01 7.576003670692e-01 1.007685899734e+00 1.448992490768e+00 1.251757383347e+00 8.672489523888e-01 8.474041223526e-01 8.472391963005e-01 1.131756067276e+00 1.358080625534e+00 1.176546216011e+00
1.077963858843e-01 2.092594653368e-01 1.565527915955e-01 1.520177721977e-01 1.674917936325e-01 1.847609430552e-01 2.044014185667e-01 2.279801070690e-01 2.539401948452e-01 2.806796729565e-01 3.060431480408e-01 3.272694349289e-01 3.375723361969e-01 3.354380130768e-01 3.188333511353e-01 2.906086742878e-01 3.174891769886e-01 4.142376184464e-01 5.596275329590e-01 1.190768003464e+00 1.170914292336e+00 7.194148898125e-01 6.555212736130e-01 6.400382518768e-01 6.984727978706e-01 6.709578633308e-01 6.371372938156e-01 6.325387358665e-01 6.645650267601e-01 7.311913371086e-01 8.391838669777e-01 9.126098155975e-01 8.449978232384e-01 8.470094799995e-01 9.275180101395e-01 1.019481301308e+00 1.178948521614e+00 1.697108507156e+00 1.310357093811e+00 1.146995782852e+00 1.153770685196e+00 1.188848614693e+00 1.291894316673e+00
1.371832489967e-01 6.926443576813e-01 2.787249088287e-01 5.471816658974e-01 1.453979015350e-01 1.376495063305e-01 1.874779462814e-01 1.642522066832e-01 1.933006197214e-01 2.242697924376e-01 2.531534135342e-01 2.718163728714e-01 2.794777452946e-01 2.847504019737e-01 2.937316596508e-01 3.068381249905e-01 3.224472105503e-01 3.375696241856e-01 7.899051904678e-01 1.496950864792e+00 1.067524313927e+00 5.522016286850e-01 6.426830887794e-01 6.784445643425e-01 6.624121665955e-01 6.152245402336e-01 6.817505359650e-01 7.661134600639e-01 8.359760046005e-01 8.684077858925e-01 8.098882436752e-01 7.197713851929e-01 8.495276570320e-01 1.036075115204e+00 1.116125106812e+00 1.171925902367e+00 1.173435449600e+00 1.116749286652e+00 1.505101919174e+00 2.100696563721e+00 1.579212903976e+00 1.232929229736e+00 1.414016485214e+00
1.458156704903e-01 1.311718672514e-01 1.890759021044e-01 2.229475677013e-01 2.335195392370e-01 3.068923652172e-01 3.109952807426e-01 2.753637731075e-01 2.361828088760e-01 2.042370289564e-01 2.463757693768e-01 2.810687720776e-01 3.034013509750e-01 3.131979107857e-01 3.136588335037e-01 3.089711666107e-01 3.077518045902e-01 3.218457102776e-01 6.624277591705e+00 5.896752834320e+00 3.053218126297e-01 2.742528319359e-01 3.232916891575e-01 3.849014043808e-01 4.398969411850e-01 4.918599128723e-01 5.496129989624e-01 6.123627424240e-01 6.669710874557e-01 6.881539821625e-01 9.285992383957e-01 1.186466217041e+00 1.356028318405e+00 1.372489929199e+00 1.220259308815e+00 1.142406702042e+00 9.698281884193e-01 1.225958108902e+00 1.398592948914e+00 1.697371006012e+00 1.939753770828e+00 2.444607973099e+00 1.914686679840e+00
1.326528429985e+00 2.925201177597e+00 2.310896515846e-01 2.622106671333e-01 2.759920358658e-01 2.700882256031e-01 2.467180937529e-01 2.189540863037e-01 1.926270723343e-01 1.682964563370e-01 1.529953628778e-01 1.300342977047e-01 1.036338284612e-01 7.817644625902e-02 8.390561491251e-02 4.529993832111e-01 8.883249759674e-01 9.941403865814e-01 2.421738147736e+00 2.699888944626e+00 2.047354131937e-01 2.102857679129e-01 3.475097715855e-01 2.287348210812e-01 2.299370616674e-01 2.461737245321e-01 2.614696323872e-01 3.824056386948e-01 3.828075528145e-01 5.086780190468e-01 6.553499698639e-01 7.699542045593e-01 7.966756224632e-01 1.044709086418e+00 1.385173439980e+00 1.663718223572e+00 1.839993119240e+00 1.980364322662e+00 2.066836357117e+00 2.049035310745e+00 1.844169139862e+00 2.573102712631e+00 2.918921709061e+00
3.647625744343e-01 6.114508509636e-01 4.743511602283e-02 5.757879465818e-02 6.492254137993e-02 3.572969734669e-01 8.150322437286e-01 6.685136556625e-01 3.649051785469e-01 1.141177043319e-01 9.713364392519e-02 1.101034060121e-01 1.096098721027e-01 9.416899830103e-02 4.847844541073e-01 5.501901507378e-01 2.944817841053e-01 4.000397026539e-01 7.873513102531e-01 1.114817500114e+00 2.228715419769e+00 2.169435918331e-01 2.850216329098e-01 5.595670342445e-01 4.372624456882e-01 3.603560924530e-01 2.199310362339e-01 2.058832645416e-01 3.571500480175e-01 4.172681272030e-01 5.315613746643e-01 4.410480856895e-01 7.457121014595e-01 7.972596287727e-01 7.053981423378e-01 7.171380519867e-01 1.263817787170e+00 1.765792012215e+00 1.658693790436e+00 1.205855011940e+00 1.436481595039e+00 2.038211345673e+00 2.756716728210e+00
1.956981718540e-01 3.438406586647e-01 3.022432699800e-02 2.855882048607e-02 1.831788867712e-01 7.057827711105e-01 1.375648260117e+00 1.087534070015e+00 4.003340303898e-01 3.571939840913e-02 3.397541120648e-02 3.181274607778e-02 3.466470912099e-02 3.904268518090e-02 4.075648784637e-01 3.581085801125e-01 4.200710654259e-01 8.001002669334e-01 1.378783822060e+00 3.335717916489e-01 8.448013067245e-01 5.958827972412e+00 3.738817870617e-01 8.169748783112e-01 2.015105962753e+00 1.035418629646e+00 6.487078666687e-01 5.858355760574e-01 6.138370633125e-01 6.704607009888e-01 6.339688301086e-01 9.691488146782e-01 5.407530069351e-01 6.399132609367e-01 1.010164022446e+00 1.772078871727e+00 8.757666945457e-01 5.704262256622e-01 1.229450821877e+00 1.753905296326e+00 2.035889625549e+00 2.206141233444e+00 2.237238407135e+00
1.600168943405e-01 2.301144450903e-01 3.022920340300e-02 2.385524474084e-02 2.522010356188e-02 4.098570048809e-01 8.471921086311e-01 5.213964581490e-01 3.592984974384e-01 7.527947425842e-02 2.707121707499e-02 1.256930530071e-01 1.652977913618e-01 1.436475813389e-01 1.899393051863e-01 3.160823285580e-01 5.270590186119e-01 9.102149605751e-01 1.512881159782e+00 1.340302467346e+00 1.163108110428e+00 1.016322374344e+00 2.272351533175e-01 4.974397420883e-01 1.912695407867e+00 7.030247449875e-01 1.957071065903e+00 1.498764634132e+00 3.500838577747e-01 8.235113620758e-01 2.864945173264e+00 3.957142114639e+00 4.153372287750e+00 9.259732961655e-01 1.426123976707e+00 1.342835903168e+00 1.232444286346e+00 7.989053130150e-01 6.405628323555e-01 1.082433342934e+00 2.923841238022e+00 1.690388679504e+00 1.332764983177e+00
4.741360619664e-02 1.418444812298e-01 8.165752887726e-02 4.855217039585e-02 3.496956080198e-02 2.896615490317e-02 8.120296895504e-02 8.689179271460e-02 9.697169810534e-02 9.525054693222e-02 7.030393928289e-02 1.344375908375e-01 1.604521870613e-01 2.294454574585e-01 2.800693809986e-01 2.554173171520e-01 4.387186467648e-01 8.741306662560e-01 1.260564804077e+00 8.244684934616e-01 7.917733192444e-01 5.697208642960e-01 3.946592509747e-01 5.717917084694e-01 1.313355684280e+00 1.890686035156e+00 1.571897387505e+00 1.104083180428e+00 1.251580834389e+00 5.326122045517e-01 3.007745146751e-01 3.095277845860e-01 3.807686865330e-01 4.919697046280e-01 1.489726543427e+00 1.750145721436e+01 6.369327545166e+00 3.173271656036e+00 1.859405875206e+00 4.405035495758e+00 2.116651296616e+00 2.546224117279e+00 3.816735506058e+00
4.676144570112e-02 7.644377648830e-02 9.112937003374e-02 4.938721656799e-02 3.482760488987e-02 3.231537714601e-02 7.494101673365e-02 7.673495262861e-02 7.482434809208e-02 6.945430487394e-02 8.567271381617e-02 1.041560694575e-01 1.238813623786e-01 2.848354578018e-01 3.198684751987e-01 3.395004868507e-01 5.011410117149e-01 7.477833032608e-01 1.022903800011e+00 9.328939914703e-01 4.871450364590e-01 3.303189873695e-01 3.513615429401e-01 3.249893784523e-01 5.857685208321e-01 5.675419807434e+00 1.591442346573e+00 2.841766834259e+00 1.225119590759e+00 2.932897210121e-01 1.722272038460e-01 1.452062726021e-01 1.626265943050e-01 1.880204379559e-01 2.234093099833e-01 1.201191902161e+00 1.030484962463e+01 2.069902181625e+00 8.397376537323e-01 1.874774813652e+00 1.464674711227e+00 1.446182131767e+00 2.290365695953e+00
3.554333373904e-02 6.374479830265e-02 8.609759062529e-02 9.939531981945e-02 1.036199629307e-01 9.580005705357e-02 8.537128567696e-02 7.673840224743e-02 7.442261278629e-02 7.478816807270e-02 8.890032768250e-02 1.030691489577e-01 1.176037788391e-01 1.347271203995e-01 2.817205488682e-01 2.766101360321e-01 4.004786908627e-01 5.002853274345e-01 5.998573303223e-01 4.335989952087e-01 3.167088329792e-01 2.201385051012e-01 1.736705303192e-01 1.898057311773e-01 2.536562681198e-01 1.422757029533e+00 1.461756348610e+00 4.525664448738e-01 2.708257734776e-01 1.856728345156e-01 1.270193308592e-01 1.319675594568e-01 1.205099746585e-01 1.671976596117e-01 2.079118341208e-01 5.504996776581e-01 1.967145919800e+00 1.013089418411e+00 5.851259231567e-01 1.864160895348e-01 1.147541761398e+00 8.920585513115e-01 6.975927948952e-01
5.666272714734e-02 9.537973999977e-02 1.217584237456e-01 1.368778496981e-01 1.407566517591e-01 1.347452700138e-01 1.266795992851e-01 1.141748130322e-01 9.879911690950e-02 8.384823054075e-02 9.642453491688e-02 1.095101758838e-01 1.222535297275e-01 1.348003894091e-01 2.657347321510e-01 2.458577007055e-01 3.294257819653e-01 2.733119726181e-01 3.424962460995e-01 3.164624273777e-01 2.174036502838e-01 1.595551073551e-01 1.367173194885e-01 1.178639531136e-01 1.641100347042e-01 1.264541625977e+00 9.527723789215e-01 3.361704051495e-01 2.554085850716e-01 2.181365489960e-01 1.540437191725e-01 1.073550805449e-01 1.226259618998e-01 8.745967596769e-02 1.395203769207e-01 2.156633883715e-01 1.421743184328e-01 3.575822412968e-01 2.510350942612e+00 3.676655530930e+00 2.127327203751e+00 7.216055989265e-01 4.660228490829e-01
2.835736423731e-02 6.018865481019e-02 7.496590167284e-02 8.224959671497e-02 7.987450063229e-02 7.602652162313e-02 7.338258624077e-02 6.919697672129e-02 8.174204081297e-02 9.422995150089e-02 1.083259135485e-01 1.219634413719e-01 1.344470232725e-01 1.410894989967e-01 2.375330030918e-01 2.431708127260e-01 2.362562268972e-01 2.185365557671e-01 3.207110464573e-01 2.180760651827e-01 1.713652461767e-01 2.359718382359e-01 1.142111718655e-01 7.769422233105e-02 1.329030841589e-01 4.645640552044e-01 3.086771368980e-01 2.664969563484e-01 2.475250512362e-01 2.149219214916e-01 1.410277634859e-01 8.645288646221e-02 1.170240640640e-01 9.092785418034e-02 1.125437617302e-01 2.090860903263e-01 1.518840342760e-01 4.070991277695e-01 1.822448849678e+00 1.108868956566e+00 6.685004830360e-01 5.395664572716e-01 6.322488188744e-01
2.619809284806e-02 4.004632681608e-02 5.034907534719e-02 5.509017035365e-02 5.497491732240e-02 5.236354470253e-02 5.947480723262e-02 7.344791293144e-02 8.641485124826e-02 1.014742478728e-01 1.165407672524e-01 1.299235373735e-01 1.416038125753e-01 1.444227695465e-01 2.361532896757e-01 2.393986731768e-01 1.186629980803e-01 1.434159129858e-01 1.491504609585e-01 3.270047605038e-01 1.815547645092e-01 2.005104422569e-01 1.371992975473e-01 1.290724426508e-01 1.887282878160e-01 2.120035886765e-01 1.122267842293e+00 2.096096873283e-01 1.992812454700e-01 1.781702041626e-01 9.842525422573e-02 7.749590277672e-02 8.822116255760e-02 1.328765898943e-01 1.203994527459e-01 1.860282719135e-01 2.975536286831e-01 3.673034012318e-01 5.522191524506e-01 8.197356462479e-01 5.141984820366e-01 5.817850828171e-01 9.014410972595e-01
2.248716726899e-02 4.096437245607e-02 5.053276196122e-02 5.627039074898e-02 8.872360736132e-02 5.305178090930e-02 5.723119899631e-02 7.127418369055e-02 8.641856908798e-02 1.030957177281e-01 1.172206923366e-01 1.295751780272e-01 1.386094242334e-01 1.371585577726e-01 2.199520766735e-01 2.224298566580e-01 1.303027421236e-01 1.304856389761e-01 1.102951467037e-01 3.310641646385e-01 1.664706766605e-01 2.126633226871e-01 1.385240256786e-01 1.420914977789e-01 1.684817969799e-01 2.988753318787e-01 4.870715141296e-01 2.144390046597e-01 1.858018338680e-01 1.368053108454e-01 7.933674752712e-02 8.084798604250e-02 7.070326805115e-02 1.061817705631e-01 1.294311136007e-01 1.789945065975e-01 2.030737698078e-01 2.469966262579e-01 3.034710288048e-01 3.320563137531e-01 4.401775002480e-01 6.764214634895e-01 1.126886248589e+00
