VariationalSeries/SI/f31_max.grd
DSAA
101	101
32.816463539100	34.260883539100
35.556306596100	36.727886596100
2.330119488761e-03	3.983819961548e+01
[rows 0 to 18 of 101, columns 43 to 85 of 101]
2.644600719213e-02 1.923108100891e-02 1.815787144005e-02 2.242200821638e-02 2.472962625325e-02 2.318939380348e-02 2.076035737991e-02 1.412903238088e-02 2.895967103541e-02 4.079843312502e-02 4.514180496335e-02 3.610335662961e-02 2.824837341905e-02 2.464580349624e-02 2.501772902906e-02 7.461263239384e-02 5.772770196199e-02 3.503187000751e-02 5.410483852029e-02 4.863480851054e-02 6.130313873291e-02 6.840937584639e-02 6.635001301765e-02 1.012688726187e-01 1.024537086487e-01 6.902259588242e-02 4.361347109079e-02 3.537390008569e-02 4.158534482121e-02 8.390874415636e-02 1.001362800598e-01 4.910442233086e-02 2.860825136304e-02 3.287190198898e-02 4.179443791509e-02 3.128118813038e-02 2.063373476267e-02 1.678584143519e-02 1.446089055389e-02 1.423471421003e-02 1.986958272755e-02 1.494413614273e-02 7.387233432382e-03
5.112157389522e-02 3.941629454494e-02 2.834189683199e-02 3.638749197125e-02 4.212013632059e-02 4.075052961707e-02 3.478200733662e-02 2.738978900015e-02 5.845366418362e-02 8.473414927721e-02 8.280791342258e-02 7.239656150341e-02 5.067796632648e-02 4.467464238405e-02 5.105922371149e-02 1.549320518970e-01 1.195924505591e-01 6.907544285059e-02 1.186925098300e-01 9.436925500631e-02 1.138353347778e-01 1.238194406033e-01 1.197679936886e-01 1.770821064711e-01 1.740945130587e-01 1.356320083141e-01 7.980585098267e-02 5.873162299395e-02 8.778082579374e-02 1.621856838465e-01 1.782582104206e-01 8.103750646114e-02 5.473739653826e-02 6.015032157302e-02 8.088586479425e-02 5.202070251107e-02 3.237226977944e-02 3.168214112520e-02 2.724675647914e-02 2.757825702429e-02 3.799074515700e-02 2.715014666319e-02 1.285133603960e-02
6.721463054419e-02 5.602231249213e-02 4.053658992052e-02 4.365075752139e-02 5.016908422112e-02 5.116685107350e-02 4.306435212493e-02 3.293285518885e-02 7.258289307356e-02 1.089684516191e-01 9.784710407257e-02 9.960030764341e-02 6.879184395075e-02 6.130155548453e-02 6.118742376566e-02 1.891626119614e-01 1.488451957703e-01 7.571790367365e-02 1.634151041508e-01 1.413329243660e-01 1.376662999392e-01 1.476189047098e-01 1.540280431509e-01 2.219969928265e-01 2.372855544090e-01 1.825017035007e-01 9.108875691891e-02 6.504242122173e-02 1.173132434487e-01 1.896823644638e-01 1.828040629625e-01 7.481691241264e-02 5.920348688960e-02 6.846611201763e-02 9.028419107199e-02 4.628826305270e-02 3.583808615804e-02 3.641107305884e-02 3.183045238256e-02 3.404856100678e-02 4.342383146286e-02 2.919326163828e-02 1.350532285869e-02
7.607999444008e-02 6.844057142735e-02 5.419091880322e-02 4.541838541627e-02 5.234095826745e-02 5.739208683372e-02 4.571318253875e-02 3.833585605025e-02 8.192717283964e-02 1.284333467484e-01 9.856168180704e-02 1.204769089818e-01 8.207665383816e-02 7.429337501526e-02 6.719957292080e-02 2.125306576490e-01 1.708429753780e-01 8.188988268375e-02 1.950262635946e-01 1.855825930834e-01 1.452896595001e-01 1.532729119062e-01 1.763398647308e-01 2.444971054792e-01 3.152146339417e-01 2.252174168825e-01 9.786123782396e-02 8.729273825884e-02 1.401441693306e-01 1.964350789785e-01 1.614937186241e-01 5.814329907298e-02 5.451181903481e-02 8.408793807030e-02 8.975665271282e-02 3.548493236303e-02 3.667004778981e-02 3.854830563068e-02 3.437630832195e-02 3.918718546629e-02 4.572114348412e-02 2.830857969820e-02 1.260812114924e-02
7.956898212433e-02 7.750567793846e-02 6.644257903099e-02 4.963571205735e-02 5.283084511757e-02 6.253058463335e-02 4.489284753799e-02 4.711477831006e-02 8.905643224716e-02 1.473307609558e-01 9.165116399527e-02 1.337082684040e-01 1.097377166152e-01 8.581701666117e-02 7.161672413349e-02 2.327882647514e-01 1.887950599194e-01 9.881465137005e-02 2.159668654203e-01 2.283005267382e-01 1.472258120775e-01 1.533642262220e-01 1.961719542742e-01 2.585569024086e-01 3.921048939228e-01 2.604635655880e-01 1.000576466322e-01 1.118309050798e-01 1.613023281097e-01 1.938007473946e-01 1.342034786940e-01 5.116282403469e-02 4.866071045399e-02 9.959412366152e-02 8.354590833187e-02 3.444579243660e-02 3.763590008020e-02 4.053015634418e-02 3.711869567633e-02 4.482902213931e-02 4.767671599984e-02 2.702561952174e-02 1.160730142146e-02
7.692156732082e-02 8.198605477810e-02 7.624217122793e-02 6.254704296589e-02 5.490840971470e-02 6.708119809628e-02 4.632396996021e-02 5.351721495390e-02 9.497462213039e-02 1.663946807384e-01 9.052179753780e-02 1.347384154797e-01 1.309494674206e-01 1.074200049043e-01 9.651962667704e-02 2.496343255043e-01 2.030062824488e-01 1.104450598359e-01 2.212115377188e-01 2.650295794010e-01 1.962691396475e-01 1.545517146587e-01 2.158588469028e-01 2.684656083584e-01 4.608584642410e-01 2.808245420456e-01 1.010707020760e-01 1.354233622551e-01 1.768424212933e-01 1.791516989470e-01 1.048245057464e-01 5.072353035212e-02 6.726970523596e-02 1.113042756915e-01 7.221507281065e-02 3.454282879829e-02 3.876954317093e-02 4.246787726879e-02 4.000048339367e-02 5.094352364540e-02 4.894662648439e-02 2.536571957171e-02 1.066405232996e-02
6.949924677610e-02 8.042910695076e-02 8.243014663458e-02 7.428765296936e-02 5.623555555940e-02 7.088631391525e-02 5.315272137523e-02 5.661390349269e-02 9.957607090473e-02 1.840207725763e-01 1.017543599010e-01 1.234535947442e-01 1.356808841228e-01 1.199031099677e-01 1.089915335178e-01 2.660356163979e-01 2.132053971291e-01 1.108287200332e-01 2.050829380751e-01 2.803921401501e-01 2.387609183788e-01 2.025003731251e-01 2.354607135057e-01 2.751397788525e-01 5.113596320152e-01 2.828336060047e-01 1.209316924214e-01 1.560101360083e-01 1.793191879988e-01 1.544589102268e-01 7.710617035627e-02 4.572726786137e-02 8.895717561245e-02 1.154646947980e-01 5.775866657495e-02 3.630461916327e-02 4.017473384738e-02 4.418135434389e-02 4.289017990232e-02 5.773101374507e-02 4.936508089304e-02 2.331028319895e-02 1.542392186821e-02
6.093339622021e-02 7.407023757696e-02 8.361685276031e-02 8.326755464077e-02 6.922806799412e-02 7.360740751028e-02 6.072772666812e-02 5.484030023217e-02 1.025348380208e-01 2.007907778025e-01 1.147881895304e-01 1.023566946387e-01 1.259887218475e-01 1.270348876715e-01 1.073041334748e-01 2.814230024815e-01 2.204161584377e-01 1.201195195317e-01 1.719099134207e-01 2.656020820141e-01 2.565870583057e-01 2.448291927576e-01 2.550252676010e-01 3.182703852654e-01 5.405156612396e-01 2.724376916885e-01 1.478797495365e-01 1.722339987755e-01 1.679431349039e-01 1.239610165358e-01 5.378113687038e-02 6.060906872153e-02 1.092061698437e-01 1.101683303714e-01 4.250671342015e-02 4.221490770578e-02 4.087629169226e-02 4.568405449390e-02 4.565044865012e-02 6.521432101727e-02 4.887728020549e-02 2.111332304776e-02 2.141014486551e-02
6.242013722658e-02 6.725525110960e-02 8.098717033863e-02 8.826036751270e-02 8.053202182055e-02 7.491181790829e-02 6.903465837240e-02 4.835713654757e-02 1.036628931761e-01 2.169094681740e-01 1.285273283720e-01 7.881758362055e-02 1.346307396889e-01 1.429061293602e-01 9.251891821623e-02 2.967114746571e-01 2.262057512999e-01 1.277355551720e-01 1.373376995325e-01 2.348288148642e-01 2.603783607483e-01 2.739546000957e-01 2.734447121620e-01 3.652916252613e-01 5.371662974358e-01 2.409554570913e-01 1.725294888020e-01 1.725432872772e-01 1.457790136337e-01 9.173990041018e-02 4.842717945576e-02 8.484715968370e-02 1.245570778847e-01 9.578470885754e-02 4.065955430269e-02 4.517037421465e-02 4.175221547484e-02 4.700342193246e-02 4.970786720514e-02 7.219604402781e-02 4.704971611500e-02 1.917846873403e-02 2.693353220820e-02
6.632980704308e-02 6.816096603870e-02 7.761478424072e-02 9.066031873226e-02 8.898672461510e-02 7.412715256214e-02 7.711137086153e-02 4.280001297593e-02 1.038782000542e-01 2.322738766670e-01 1.424358934164e-01 7.942634820938e-02 1.473380178213e-01 1.601324230433e-01 9.365592896938e-02 3.136540055275e-01 2.283245623112e-01 1.330130398273e-01 1.371626406908e-01 1.985194981098e-01 2.596919536591e-01 2.877924442291e-01 2.880808413029e-01 4.076896607876e-01 4.989673793316e-01 1.931136697531e-01 1.829754412174e-01 1.585465520620e-01 1.170982941985e-01 6.226242333651e-02 7.389825582504e-02 1.111410856247e-01 1.296226829290e-01 7.433453947306e-02 4.720208048820e-02 4.532989114523e-02 4.241931438446e-02 4.850954562426e-02 6.236935406923e-02 7.731208205223e-02 4.408153146505e-02 2.523843757808e-02 3.115727193654e-02
6.760556995869e-02 7.461500167847e-02 7.463058084249e-02 9.189058095217e-02 9.569165110588e-02 7.519014179707e-02 8.316467702389e-02 5.128435045481e-02 1.032806411386e-01 2.460984289646e-01 1.565884649754e-01 1.031303182244e-01 2.194673568010e-01 1.775274872780e-01 1.051476970315e-01 3.302265107632e-01 2.301710695028e-01 1.349122226238e-01 1.371900588274e-01 1.704263538122e-01 2.551198601723e-01 2.787677943707e-01 2.982972562313e-01 4.342198073864e-01 4.343499243259e-01 1.934638917446e-01 1.779252290726e-01 1.357916146517e-01 8.469152450562e-02 8.028923720121e-02 1.048694550991e-01 1.341655105352e-01 1.188991740346e-01 5.105731636286e-02 5.129817128181e-02 4.258312657475e-02 4.300687089562e-02 5.024489387870e-02 7.512495666742e-02 8.011756092310e-02 4.034086689353e-02 3.042094223201e-02 3.382250666618e-02
6.634633243084e-02 7.925219833851e-02 8.088830858469e-02 9.274174273014e-02 1.024401783943e-01 8.545466512442e-02 8.489912003279e-02 6.175369769335e-02 1.013442948461e-01 2.585612833500e-01 1.712067872286e-01 1.234735026956e-01 2.853227257729e-01 1.914500743151e-01 1.268887221813e-01 3.452650606632e-01 2.304274290800e-01 1.340069621801e-01 1.400965750217e-01 1.643472015858e-01 2.378915548325e-01 2.334218472242e-01 3.047220408916e-01 4.402604103088e-01 3.518080115318e-01 2.006039321423e-01 1.588748395443e-01 1.037164032459e-01 1.063703671098e-01 1.165841668844e-01 1.353445202112e-01 1.413164287806e-01 9.453364461660e-02 5.420688167214e-02 5.175708234310e-02 3.709613531828e-02 4.296805337071e-02 5.179901048541e-02 8.549807220697e-02 7.993183284998e-02 3.773063793778e-02 3.433702886105e-02 3.436593338847e-02
6.294880062342e-02 8.187074214220e-02 9.077166765928e-02 9.400661289692e-02 1.091329008341e-01 9.536638855934e-02 8.070170134306e-02 6.981125473976e-02 9.806355088949e-02 2.692967951298e-01 1.877091377974e-01 1.420459896326e-01 3.376545906067e-01 1.968439519405e-01 1.475358754396e-01 3.599570691586e-01 2.294016033411e-01 1.298235207796e-01 1.390294283628e-01 1.746766269207e-01 2.062963694334e-01 2.306118458509e-01 3.109207749367e-01 4.107733368874e-01 2.595198452473e-01 1.872002333403e-01 1.543634384871e-01 1.581738442183e-01 1.546095609665e-01 1.532199531794e-01 1.527335047722e-01 1.257498413324e-01 6.391766667366e-02 5.830650404096e-02 4.705795273185e-02 3.015512600541e-02 4.238952696323e-02 5.387056991458e-02 9.284862875938e-02 7.709090411663e-02 4.160711541772e-02 3.540749475360e-02 3.455286100507e-02
5.771596357226e-02 8.189825713634e-02 9.901441633701e-02 9.601041674614e-02 1.159527599812e-01 1.053037717938e-01 7.067451626062e-02 7.205882668495e-02 9.434118866920e-02 2.785849869251e-01 2.050010263920e-01 1.598031073809e-01 3.774473071098e-01 2.136589288712e-01 1.581798940897e-01 3.760311007500e-01 2.259735167027e-01 1.429497748613e-01 1.314992904663e-01 1.818302422762e-01 1.711070090532e-01 2.456090897322e-01 3.377701938152e-01 3.419492244720e-01 2.211132943630e-01 1.987803727388e-01 2.216670811176e-01 2.173394858837e-01 1.960524916649e-01 1.711840629578e-01 1.424263864756e-01 9.189798682928e-02 6.288347393274e-02 5.604729801416e-02 3.896060585976e-02 2.375914156437e-02 4.174400866032e-02 6.451914459467e-02 9.759677946568e-02 7.221673429012e-02 4.557042196393e-02 3.524975106120e-02 3.567600995302e-02
6.655661761761e-02 7.891275733709e-02 1.049417555332e-01 1.011477187276e-01 1.229665577412e-01 1.158169731498e-01 7.028156518936e-02 7.746047526598e-02 8.856055885553e-02 2.861049175262e-01 2.248820662498e-01 1.708528250456e-01 3.976483941078e-01 2.268927693367e-01 1.602015197277e-01 3.926694393158e-01 2.230981737375e-01 1.522027850151e-01 1.464407294989e-01 1.788581609726e-01 1.686451286077e-01 2.597531378269e-01 3.182078599930e-01 2.627660930157e-01 2.042525261641e-01 2.699408829212e-01 2.882008850574e-01 2.506717741489e-01 1.997244060040e-01 1.551150977612e-01 1.073843613267e-01 6.676039844751e-02 6.304205209017e-02 4.762569814920e-02 3.026303835213e-02 2.068329975009e-02 4.139280691743e-02 7.485511898994e-02 1.004194393754e-01 7.631970942020e-02 4.927890002728e-02 3.595423325896e-02 3.761135414243e-02
7.771351188421e-02 7.290027290583e-02 1.075573861599e-01 1.146691814065e-01 1.291137188673e-01 1.263621002436e-01 7.898206263781e-02 8.559422194958e-02 8.165489137173e-02 2.932128906250e-01 2.485621571541e-01 1.845455765724e-01 4.164332747459e-01 2.250431925058e-01 1.784531623125e-01 4.041543900967e-01 2.161734998226e-01 1.535987854004e-01 1.709762811661e-01 1.658748239279e-01 1.889899075031e-01 2.698631584644e-01 2.857048511505e-01 2.688097655773e-01 2.620669007301e-01 3.266331553459e-01 2.970821261406e-01 2.258516550064e-01 1.651222258806e-01 1.126913800836e-01 6.909869611263e-02 6.803444027901e-02 5.505928397179e-02 3.654704988003e-02 2.235139906406e-02 2.368241921067e-02 4.725532978773e-02 8.435684442520e-02 1.012403964996e-01 8.707309514284e-02 5.199583992362e-02 3.806469962001e-02 3.917572274804e-02
8.706741034985e-02 7.844218611717e-02 1.059690639377e-01 1.267942786217e-01 1.347935646772e-01 1.373896151781e-01 8.880136907101e-02 9.362322837114e-02 8.885667473078e-02 2.976282238960e-01 2.748546600342e-01 2.022027969360e-01 4.388137459755e-01 2.220656573772e-01 2.306751012802e-01 4.159294664860e-01 2.074078023434e-01 1.458009630442e-01 1.814785450697e-01 1.529752165079e-01 2.124191075563e-01 2.643095850945e-01 3.103518784046e-01 2.488542348146e-01 3.054028749466e-01 3.058215677738e-01 2.386173456907e-01 1.639410257339e-01 1.085486635566e-01 7.057196646929e-02 7.102721929550e-02 5.984418094158e-02 4.180131852627e-02 3.043541684747e-02 2.926760911942e-02 3.241294249892e-02 5.784391239285e-02 9.195685386658e-02 1.118104085326e-01 9.594225883484e-02 5.161311849952e-02 4.014019295573e-02 3.802682831883e-02
9.393224865198e-02 9.282878041267e-02 1.006396338344e-01 1.356749981642e-01 1.404965370893e-01 1.492473781109e-01 9.984636306763e-02 1.026364192367e-01 9.907712787390e-02 2.981883883476e-01 3.016997575760e-01 2.146679908037e-01 4.573217630386e-01 2.148464173079e-01 2.773916423321e-01 4.236473441124e-01 1.987853944302e-01 1.583866924047e-01 1.730703860521e-01 1.713915020227e-01 2.128549218178e-01 2.786035835743e-01 3.115418553352e-01 2.491115480661e-01 2.789578735828e-01 2.236761897802e-01 1.480121761560e-01 9.060645848513e-02 7.013998180628e-02 7.222626358271e-02 6.165196746588e-02 4.490356892347e-02 3.896240144968e-02 4.362548142672e-02 3.665036335588e-02 4.211683571339e-02 6.679088622332e-02 1.106346249580e-01 1.338239908218e-01 9.937305748463e-02 4.679227992892e-02 4.063170030713e-02 3.454561531544e-02
9.832741320133e-02 1.054600626230e-01 1.180937811732e-01 1.412941068411e-01 1.460280269384e-01 1.624273657799e-01 1.126403659582e-01 1.120644509792e-01 1.106410399079e-01 2.972044348717e-01 3.326900601387e-01 2.275689840317e-01 4.752746522427e-01 2.083553522825e-01 3.156754076481e-01 4.299039542675e-01 1.905985474586e-01 1.816695332527e-01 1.670643985271e-01 1.874861568213e-01 2.173174470663e-01 3.005525767803e-01 2.765175104141e-01 2.469282001257e-01 2.069470137358e-01 1.289826780558e-01 7.182791829109e-02 7.012484222651e-02 7.091500610113e-02 6.140208989382e-02 4.575805366039e-02 4.566715285182e-02 5.685330927372e-02 5.615034699440e-02 3.831858560443e-02 5.052374675870e-02 7.315919548273e-02 1.427455395460e-01 1.511404216290e-01 9.298404306173e-02 4.302787780762e-02 3.795104473829e-02 3.127275034785e-02
