VariationalSeries/SI/f32.grd
DSAA
101	101
32.816463539100	34.260883539100
35.556306596100	36.727886596100
7.485534297302e-05	1.217794990540e+01
[rows 57 to 75 of 101, columns 43 to 85 of 101]
5.147146806121e-02 6.127746030688e-02 3.109058365226e-02 3.444772213697e-02 3.409467265010e-02 5.490703135729e-02 6.203573197126e-02 8.364357799292e-02 7.301557809114e-02 3.979907557368e-02 2.757667377591e-02 2.318784035742e-02 1.713157072663e-02 3.038614057004e-02 1.260744780302e-01 4.235827624798e-01 9.421216249466e-01 8.856005072594e-01 1.267940759659e+00 4.328906238079e-01 1.249481067061e-01 9.542033821344e-02 1.733142584562e-01 3.167760968208e-01 5.421766042709e-01 4.914953410625e-01 5.345833301544e-01 4.350071549416e-01 5.677387714386e-01 5.230276584625e-01 5.525674819946e-01 4.118267297745e-01 4.285137951374e-01 6.013340950012e-01 3.733919858932e-01 2.344610840082e-01 2.738019227982e-01 3.842634856701e-01 4.818266928196e-01 3.484736084938e-01 1.451549082994e-01 1.272794008255e-01 1.230951920152e-01
4.111847281456e-02 6.821709126234e-02 2.511594444513e-02 2.672758325934e-02 2.648222073913e-02 3.983559086919e-02 7.814203202724e-02 2.516574859619e-01 2.002791762352e-01 4.294808954000e-02 2.548186480999e-02 1.742505468428e-02 1.338524743915e-02 1.323251891881e-02 2.624061331153e-02 2.524040937424e-01 2.959157526493e-01 3.090526461601e-01 2.508790791035e-01 2.540223300457e-01 1.855485439301e-01 1.409960538149e-01 1.087927892804e-01 6.547059118748e-02 1.694219559431e-01 3.380480110645e-01 5.894407033920e-01 6.009820699692e-01 6.553453803062e-01 3.609035015106e-01 4.759567379951e-01 4.343792498112e-01 3.723460733891e-01 3.269680142403e-01 3.325048387051e-01 2.505708038807e-01 2.456950843334e-01 2.959721088409e-01 2.912046611309e-01 2.671036720276e-01 2.775017023087e-01 2.911747395992e-01 2.726795375347e-01
3.418542817235e-02 3.297439217567e-02 2.288012951612e-02 2.433497458696e-02 2.474664710462e-02 3.627165406942e-02 1.109576821327e-01 2.833590805531e-01 2.831147313118e-01 6.355561316013e-02 2.628962136805e-02 1.490021031350e-02 1.059067342430e-02 9.630463086069e-03 9.848594665527e-03 1.234636548907e-02 1.706898398697e-02 2.325138263404e-02 3.017885982990e-02 3.725822269917e-02 4.380955547094e-02 5.149859562516e-02 3.460061922669e-02 3.476547822356e-02 8.301457017660e-02 3.863238096237e-01 6.656576395035e-01 7.549435496330e-01 7.247865200043e-01 7.319803237915e-01 4.833281934261e-01 4.188777506351e-01 3.557605147362e-01 3.233343362808e-01 4.542868137360e-01 3.914472460747e-01 3.245945870876e-01 2.031755745411e-01 2.189259380102e-01 1.840899884701e-01 1.621197760105e-01 1.536869108677e-01 1.344084888697e-01
3.154125809669e-02 2.840409614146e-02 2.214997634292e-02 2.468156628311e-02 2.804807759821e-02 3.684456646442e-02 2.466045767069e-01 2.861852645874e-01 3.522238433361e-01 4.911661893129e-02 2.306419424713e-02 1.437271665782e-02 9.599369950593e-03 7.789062336087e-03 7.436738349497e-03 7.832492701709e-03 9.603473357856e-03 1.265540719032e-02 1.831830292940e-02 2.125899493694e-02 2.441229112446e-02 4.898210987449e-02 2.514565549791e-02 2.314764447510e-02 7.084393501282e-02 1.584425419569e-01 5.653766989708e-01 6.260216236115e-01 6.665017604828e-01 7.117902040482e-01 5.920170545578e-01 4.594847261906e-01 3.188629448414e-01 4.094377160072e-01 2.850825488567e-01 2.508785724640e-01 2.080405950546e-01 1.720153093338e-01 1.617511808872e-01 1.590767949820e-01 1.689068824053e-01 2.394108921289e-01 3.336012363434e-01
2.673068642616e-02 2.082659676671e-02 2.176891081035e-02 2.619669400156e-02 4.078679531813e-02 6.677588075399e-02 2.027055621147e-01 4.483949244022e-01 1.733318269253e-01 2.744236961007e-02 1.679811440408e-02 1.224880572408e-02 8.764157071710e-03 6.579395849258e-03 6.019692867994e-03 6.025555077940e-03 6.550605408847e-03 8.776822127402e-03 1.208502147347e-02 1.381955575198e-02 1.438101753592e-02 2.993653528392e-02 1.787803135812e-02 1.939281262457e-02 4.345312714577e-02 1.482654809952e-01 4.012652933598e-01 5.454675555229e-01 5.647197961807e-01 4.303043484688e-01 3.327784836292e-01 4.755073785782e-01 3.251307308674e-01 2.296313941479e-01 2.549057900906e-01 3.212230205536e-01 2.909969985485e-01 2.063775360584e-01 1.927483081818e-01 1.878856122494e-01 1.821503192186e-01 2.015025466681e-01 2.508775293827e-01
1.940352283418e-02 1.599360071123e-02 2.000560797751e-02 4.750566557050e-02 1.070593595505e-01 2.481814771891e-01 3.639124929905e-01 2.292564362288e-01 2.432679012418e-02 1.664347015321e-02 1.194445509464e-02 9.833033196628e-03 7.668990641832e-03 6.271116435528e-03 5.521115381271e-03 5.753083620220e-03 6.013758014888e-03 7.263428065926e-03 1.048269681633e-02 1.289442367852e-02 1.369416154921e-02 1.453399565071e-02 1.460156217217e-02 2.173131890595e-02 5.287705361843e-02 1.385459303856e-01 1.700843423605e-01 1.700784415007e-01 3.273238837719e-01 3.791869580746e-01 4.442132115364e-01 2.839810550213e-01 3.679457902908e-01 2.697394490242e-01 3.009532094002e-01 3.557231426239e-01 7.115675210953e-01 4.489820897579e-01 2.642846703529e-01 2.169848382473e-01 2.232514172792e-01 2.194183319807e-01 2.119618803263e-01
1.252813730389e-02 1.310628000647e-02 1.657219044864e-02 2.094681374729e-02 4.604966193438e-02 2.858495414257e-01 1.859322339296e-01 2.478703297675e-02 1.447131950408e-02 1.274813245982e-02 1.068235840648e-02 9.028147906065e-03 7.072171662003e-03 6.035100203007e-03 5.378677509725e-03 5.934749264270e-03 6.152484100312e-03 6.050662603229e-03 8.625334128737e-03 1.100501697510e-02 1.243183109909e-02 1.236222218722e-02 1.552540156990e-02 2.519455179572e-02 7.863725721836e-02 1.560345739126e-01 9.239206463099e-02 1.208505257964e-01 1.124333962798e-01 5.826612710953e-01 8.483732938766e-01 4.577490687370e-01 2.517841160297e-01 3.446804285049e-01 1.360307037830e-01 1.431966722012e-01 5.322267413139e-01 2.561704516411e-01 2.086845934391e-01 1.599674075842e-01 1.644126325846e-01 1.833717525005e-01 1.976438909769e-01
1.054000388831e-02 1.145863533020e-02 1.342866383493e-02 1.698975637555e-02 1.925629004836e-02 2.677949145436e-02 2.961001172662e-02 2.018250524998e-02 1.048249099404e-02 1.082408428192e-02 9.492118842900e-03 8.677557110786e-03 7.103422190994e-03 5.746378097683e-03 5.877562798560e-03 5.994420032948e-03 6.411859299988e-03 6.358786020428e-03 7.267345674336e-03 9.330994449556e-03 1.109535805881e-02 1.177503168583e-02 1.243800856173e-02 2.071946673095e-02 5.817965790629e-02 3.586738184094e-02 3.462529927492e-02 5.681282654405e-02 1.284859925508e-01 2.547683417797e-01 2.667873501778e-01 3.370870947838e-01 5.383800864220e-01 2.884895503521e-01 2.748786211014e-01 2.133902013302e-01 2.187984883785e-01 1.853435188532e-01 9.861163049936e-02 1.230300888419e-01 1.201938018203e-01 1.299201399088e-01 1.633467674255e-01
8.284824900329e-03 9.342352859676e-03 1.112947706133e-02 1.364943850785e-02 1.467645727098e-02 1.634256541729e-02 1.729673147202e-02 1.081077568233e-02 9.210675954819e-03 9.575622156262e-03 8.930630050600e-03 7.747806608677e-03 6.469601765275e-03 5.797153338790e-03 5.739727988839e-03 6.578471977264e-03 6.495226640254e-03 5.585957318544e-03 6.424455437809e-03 8.154279552400e-03 9.650190360844e-03 1.128065306693e-02 1.605676487088e-02 1.679542474449e-02 1.704715751112e-02 2.378794550896e-02 2.318118140101e-02 5.693373456597e-02 7.944256067276e-02 1.070260629058e-01 2.220666706562e-01 3.907387554646e-01 2.885331213474e-01 5.275087952614e-01 3.367743790150e-01 1.893790066242e-01 1.572379618883e-01 1.429595351219e-01 1.721093505621e-01 1.619365066290e-01 2.017891407013e-01 1.987310349941e-01 2.310482114553e-01
7.649516221136e-03 7.565799634904e-03 8.517406880856e-03 9.670224972069e-03 1.042476203293e-02 1.027603354305e-02 9.811391122639e-03 9.459860622883e-03 1.023676432669e-02 1.012159511447e-02 9.431726299226e-03 8.220051415265e-03 6.725425831974e-03 5.944227334112e-03 5.374899599701e-03 5.285888910294e-03 5.966749973595e-03 6.053607445210e-03 6.087174639106e-03 7.345971651375e-03 8.506558835506e-03 1.008009724319e-02 1.542984787375e-02 1.736679859459e-02 1.873439736664e-02 3.878030925989e-02 5.334570631385e-02 6.857628375292e-02 9.626574069262e-02 1.038658916950e-01 2.277480810881e-01 4.326230883598e-01 2.040231376886e-01 2.173242121935e-01 3.848280906677e-01 3.252555429935e-01 2.254211008549e-01 1.915238499641e-01 2.402629554272e-01 1.236314922571e-01 1.639384925365e-01 1.995677947998e-01 2.383143752813e-01
6.284033413976e-03 7.123773917556e-03 7.482180371881e-03 7.575082592666e-03 8.483812212944e-03 9.127643890679e-03 9.833873249590e-03 8.729971013963e-03 8.403163403273e-03 8.672995492816e-03 9.321118704975e-03 9.279673919082e-03 7.988061755896e-03 6.756289396435e-03 6.406068336219e-03 5.774402525276e-03 4.974599462003e-03 5.535622593015e-03 6.266582291573e-03 6.926904898137e-03 7.605266291648e-03 8.715096861124e-03 1.313176285475e-02 1.281019113958e-02 1.415194757283e-02 3.510628640652e-02 7.507609575987e-02 1.013363748789e-01 1.425707638264e-01 7.490153610706e-02 2.208654731512e-01 1.105363294482e-01 1.186986491084e-01 1.363144963980e-01 2.174831479788e-01 2.388221323490e-01 3.101512491703e-01 2.824011147022e-01 2.098010331392e-01 1.794513314962e-01 1.372931599617e-01 1.479251384735e-01 1.194895803928e-01
6.155671551824e-03 6.807603873312e-03 6.774995476007e-03 6.907687522471e-03 7.381908129901e-03 8.201970718801e-03 8.877235464752e-03 7.929784245789e-03 6.193790584803e-03 6.617549341172e-03 7.185069378465e-03 8.474555797875e-03 8.800568059087e-03 7.312646601349e-03 6.882104091346e-03 8.315897546709e-03 7.372726686299e-03 6.007618270814e-03 6.540163420141e-03 6.809060927480e-03 8.309669792652e-03 9.225226007402e-03 1.030465029180e-02 1.262919884175e-02 1.465688832104e-02 2.559278905392e-02 5.401915684342e-02 6.436217576265e-02 8.840077370405e-02 5.005181580782e-02 1.063717976213e-01 8.111051470041e-02 1.348853856325e-01 8.236693590879e-02 1.625734120607e-01 1.218990385532e-01 1.935067325830e-01 2.372224777937e-01 2.118896096945e-01 2.857476472855e-01 2.598192691803e-01 2.078022658825e-01 1.821830868721e-01
5.928992759436e-03 6.411384791136e-03 6.166797131300e-03 6.289341486990e-03 6.317432969809e-03 6.146876607090e-03 6.808546837419e-03 6.436402443796e-03 7.658801972866e-03 8.293873630464e-03 7.529910188168e-03 7.636280730367e-03 8.407230488956e-03 8.751183748245e-03 7.986674085259e-03 1.031409110874e-02 9.181759320199e-03 7.009802851826e-03 7.058004382998e-03 7.025590166450e-03 8.075722493231e-03 8.761558681726e-03 9.794724173844e-03 1.302973739803e-02 1.531359832734e-02 2.293917723000e-02 3.445901349187e-02 3.980142623186e-02 4.263693094254e-02 5.388583615422e-02 8.988394588232e-02 1.378930062056e-01 9.314832091331e-02 2.226225882769e-01 7.758837193251e-02 1.011885851622e-01 2.071498632431e-01 2.898124456406e-01 1.420155018568e-01 1.606032550335e-01 1.019906774163e-01 1.924793124199e-01 1.698140352964e-01
5.288456566632e-03 5.716465413570e-03 5.497797857970e-03 5.413522943854e-03 5.025959573686e-03 5.079482682049e-03 5.361138843000e-03 7.045041304082e-03 8.756747469306e-03 9.000293910503e-03 7.866378873587e-03 8.714314550161e-03 9.702769108117e-03 9.432408958673e-03 9.359964169562e-03 9.653742425144e-03 1.039625983685e-02 1.218136120588e-02 1.091535761952e-02 9.800060652196e-03 1.008994597942e-02 1.086360309273e-02 1.298464648426e-02 1.323567796499e-02 1.610163599253e-02 1.979854144156e-02 3.233575448394e-02 3.243239596486e-02 5.786737799644e-02 1.171111688018e-01 1.456287056208e-01 7.460782676935e-02 7.488688826561e-02 2.265805304050e-01 1.194749101996e-01 1.470097154379e-01 1.303287148476e-01 1.691520214081e-01 1.235597729683e-01 4.727406054735e-02 4.500426724553e-02 6.077403202653e-02 1.203041002154e-01
4.873178899288e-03 4.879134707153e-03 4.841946531087e-03 4.777099471539e-03 4.909191746265e-03 5.197382066399e-03 5.522349849343e-03 6.574028637260e-03 7.373350206763e-03 7.034391164780e-03 8.259753696620e-03 8.888266980648e-03 8.628769777715e-03 9.068593382835e-03 1.239641569555e-02 1.726056449115e-02 1.958770863712e-02 2.484196983278e-02 2.479711361229e-02 2.670244686306e-02 1.904725097120e-02 1.820926927030e-02 2.112215198576e-02 1.768733002245e-02 2.017812244594e-02 2.789129316807e-02 8.389674127102e-02 7.828734815121e-02 7.498388737440e-02 1.011124178767e-01 5.714874714613e-02 6.026280298829e-02 8.108018338680e-02 4.614576324821e-02 2.506873905659e-01 3.493931591511e-01 3.120441734791e-01 7.209092378616e-02 3.411852568388e-02 2.817461825907e-02 2.754486165941e-02 3.258137777448e-02 3.441321477294e-02
4.530110862106e-03 4.699775483459e-03 4.517562221736e-03 4.865099210292e-03 5.207548383623e-03 5.958677735180e-03 5.960775539279e-03 6.906779017299e-03 7.562327198684e-03 8.808091282845e-03 9.097257629037e-03 1.080030761659e-02 1.131817791611e-02 1.046403311193e-02 2.529837749898e-02 9.079084545374e-02 7.175209373236e-02 4.283365979791e-02 4.815904423594e-02 5.998574569821e-02 4.433287680149e-02 2.336991764605e-02 2.720490284264e-02 3.409724310040e-02 3.309847414494e-02 6.166847422719e-02 8.678131550550e-02 7.707652449608e-02 6.266988813877e-02 5.667995661497e-02 6.430659443140e-02 6.019148975611e-02 4.529677331448e-02 3.770934417844e-02 6.414130330086e-02 2.949714958668e-01 3.074616491795e-01 6.340947747231e-02 2.252509072423e-02 2.294737659395e-02 2.062305435538e-02 1.981747336686e-02 3.262850642204e-02
4.542818758637e-03 4.894865211099e-03 6.197989918292e-03 6.928710266948e-03 6.370005197823e-03 1.055890414864e-02 1.241447404027e-02 1.260654628277e-02 1.063922420144e-02 1.042375527322e-02 1.139941345900e-02 1.432646717876e-02 1.427688263357e-02 5.262711271644e-02 3.716627061367e-01 4.678084254265e-01 2.181757837534e-01 1.250001639128e-01 9.988202899694e-02 7.831946015358e-02 3.741740807891e-02 3.705824166536e-02 8.103569597006e-02 1.729136556387e-01 1.417820006609e-01 7.560399174690e-02 8.820720762014e-02 7.172115147114e-02 7.605654001236e-02 5.286990851164e-02 1.309207230806e-01 5.234901234508e-02 4.005718603730e-02 2.831004559994e-02 1.874619722366e-02 6.074205413461e-02 6.707262992859e-02 1.640933007002e-02 1.100261230022e-02 1.294931769371e-02 1.601290702820e-02 1.790180243552e-02 1.673926040530e-02
5.573922302574e-03 8.772624656558e-03 1.196369435638e-02 1.300229877234e-02 1.678211428225e-02 2.231082320213e-02 2.191973850131e-02 1.933552511036e-02 1.662520691752e-02 1.282190810889e-02 1.539167109877e-02 1.701464131474e-02 9.465961158276e-02 5.218026638031e-01 7.133069634438e-01 2.485713511705e-01 7.872708141804e-02 4.812888428569e-02 4.891138151288e-02 4.272251576185e-02 4.107038304210e-02 9.363306313753e-02 1.845244318247e-01 2.454782426357e-01 1.975002139807e-01 1.016508191824e-01 6.995126605034e-02 5.157072097063e-02 4.655960947275e-02 4.152813181281e-02 5.628080293536e-02 2.572953514755e-02 2.909690514207e-02 2.359001524746e-02 1.481686346233e-02 8.782458491623e-03 7.236768025905e-03 7.042621262372e-03 7.400295697153e-03 9.217595681548e-03 1.237768679857e-02 1.565396040678e-02 1.601434499025e-02
9.238686412573e-03 1.382258534431e-02 1.836876943707e-02 2.454125136137e-02 4.748863354325e-02 4.721191525459e-02 6.607166677713e-02 4.726610332727e-02 5.372888222337e-02 3.191446512938e-02 1.796585693955e-02 1.235146597028e-01 4.974529445171e-01 4.949677586555e-01 1.294298171997e-01 3.918511793017e-02 7.265823334455e-02 9.600150585175e-02 6.782232224941e-02 7.891890406609e-02 9.544478356838e-02 9.597653150558e-02 1.395813822746e-01 1.139577627182e-01 7.724571228027e-02 6.011962890625e-02 3.747047483921e-02 1.459163613617e-02 1.490824762732e-02 1.479086652398e-02 1.894101686776e-02 1.385323703289e-02 1.220923289657e-02 8.427597582340e-03 8.619287982583e-03 8.780062198639e-03 9.064103476703e-03 9.515246376395e-03 1.012013107538e-02 1.089852675796e-02 1.101772021502e-02 1.314126886427e-02 1.666845567524e-02
