VariationalSeries/SI/f32.grd
DSAA
101	101
32.816463539100	34.260883539100
35.556306596100	36.727886596100
7.485534297302e-05	1.217794990540e+01
[rows 76 to 94 of 101, columns 43 to 85 of 101]
1.881709694862e-02 1.606430858374e-02 2.926219254732e-02 7.388465851545e-02 7.881404459476e-02 1.569248735905e-01 2.502337694168e-01 2.812109589577e-01 1.741213202477e-01 4.872477054596e-02 1.770581752062e-01 3.968094885349e-01 2.963880002499e-01 7.799661904573e-02 3.491644933820e-02 4.942399263382e-02 5.222467705607e-02 2.675150707364e-02 2.503338642418e-02 3.117903880775e-02 1.148664876819e-01 2.628283500671e-01 6.187212094665e-02 4.180856421590e-02 3.034128062427e-02 2.033681981266e-02 1.031658612192e-02 8.870438672602e-03 8.643983863294e-03 8.153048343956e-03 7.752761244774e-03 8.076366037130e-03 8.499861694872e-03 9.014550596476e-03 9.103477932513e-03 8.470926433802e-03 7.768610026687e-03 7.261033635587e-03 6.905447226018e-03 6.694052834064e-03 7.467115763575e-03 1.145154703408e-02 1.562183164060e-02
3.071792982519e-02 4.144404456019e-02 5.302524939179e-02 5.519195646048e-02 7.559587061405e-02 1.043537110090e-01 1.345544457436e-01 1.271250396967e-01 2.038172930479e-01 2.974433302879e-01 2.947015464306e-01 1.412707120180e-01 1.012595593929e-01 8.966764062643e-02 5.782218649983e-02 6.124921515584e-02 1.696730963886e-02 1.043230760843e-02 1.289309188724e-02 1.443883590400e-02 1.093571074307e-02 1.309796795249e-02 2.076186984777e-02 2.078663185239e-02 1.885982416570e-02 1.156622264534e-02 5.629009101540e-03 5.054684355855e-03 5.923725664616e-03 6.822628434747e-03 7.274727802724e-03 7.430159952492e-03 7.387540768832e-03 7.061861455441e-03 6.140645593405e-03 4.927635192871e-03 3.948882222176e-03 3.920403774828e-03 4.153722897172e-03 4.804921336472e-03 6.038850639015e-03 1.030339952558e-02 1.378687098622e-02
6.498637795448e-02 9.810971468687e-02 6.517062336206e-02 3.050512261689e-02 3.562062233686e-02 1.295748949051e-01 3.634241223335e-01 4.837029874325e-01 3.619167208672e-01 1.784106492996e-01 9.691043943167e-02 6.240404769778e-02 4.498231410980e-02 7.243551313877e-02 6.008452177048e-02 2.252937294543e-02 7.479794323444e-03 6.792150903493e-03 7.098971866071e-03 9.631671011448e-03 7.182172965258e-03 6.542735733092e-03 7.575403898954e-03 8.500719442964e-03 7.702277973294e-03 7.038696203381e-03 5.697360262275e-03 5.928266327828e-03 4.987792111933e-03 5.714559927583e-03 5.979937035590e-03 5.570654757321e-03 5.323379300535e-03 5.141887813807e-03 3.617263399065e-03 3.494641976431e-03 3.712167963386e-03 3.698567859828e-03 3.621997311711e-03 3.825694089755e-03 4.679257515818e-03 8.941343054175e-03 1.311594340950e-02
9.265503287315e-02 1.078774333000e-01 3.639138117433e-02 3.778398409486e-02 1.331250518560e-01 2.383032739162e-01 2.457536160946e-01 2.105964720249e-01 1.760244369507e-01 8.392601460218e-02 7.430429011583e-02 8.990963548422e-02 5.519279837608e-02 3.482601046562e-02 1.534197665751e-02 8.299036882818e-03 5.244856234640e-03 4.976683761925e-03 4.781334195286e-03 6.035629194230e-03 5.344677250832e-03 5.348541308194e-03 4.976118449122e-03 4.913555458188e-03 4.761212505400e-03 4.859948530793e-03 4.696909338236e-03 4.776312503964e-03 5.138854030520e-03 4.922711290419e-03 4.987950902432e-03 4.109806381166e-03 4.550695419312e-03 4.773702006787e-03 3.797946730629e-03 2.898307284340e-03 3.469049697742e-03 3.691867925227e-03 3.707848023623e-03 3.643357660621e-03 3.734501078725e-03 4.804904572666e-03 8.083892054856e-03
4.049414396286e-02 6.627386063337e-02 9.571456909180e-02 1.246897801757e-01 1.371286213398e-01 1.124420166016e-01 1.272294223309e-01 1.560825705528e-01 2.226905226707e-01 8.736784011126e-02 9.033504128456e-02 5.509158596396e-02 2.220384404063e-02 9.354972280562e-03 6.471621338278e-03 5.271717905998e-03 4.724933765829e-03 4.259602166712e-03 3.904784796759e-03 3.689512377605e-03 4.102088510990e-03 3.169003641233e-03 3.211888950318e-03 3.200476290658e-03 3.376722335815e-03 3.546507796273e-03 3.578773932531e-03 3.277953015640e-03 2.813905943185e-03 3.375838277861e-03 3.277163021266e-03 3.179666353390e-03 3.568848362193e-03 3.980808425695e-03 3.661115886644e-03 2.868723822758e-03 3.222555620596e-03 3.619221504778e-03 3.716880222782e-03 3.761294763535e-03 4.361620172858e-03 5.234974436462e-03 6.609348580241e-03
4.444642364979e-02 1.352134346962e-01 2.505835294724e-01 1.474543213844e-01 9.477780759335e-02 1.643029451370e-01 2.186827659607e-01 2.940583229065e-01 1.445943713188e-01 7.456359267235e-02 3.522557020187e-02 2.040923759341e-02 8.560036309063e-03 5.504687316716e-03 3.881866112351e-03 3.273776965216e-03 3.005471080542e-03 2.794128842652e-03 2.870107535273e-03 3.058870323002e-03 3.151131561026e-03 2.920494182035e-03 2.834697254002e-03 3.045111196116e-03 3.638432594016e-03 4.238147288561e-03 4.635093268007e-03 4.504683427513e-03 3.557986812666e-03 2.747887279838e-03 2.729251515120e-03 2.518644090742e-03 2.555405255407e-03 3.195141674951e-03 3.309052903205e-03 3.084983443841e-03 2.930207643658e-03 3.433315549046e-03 3.624855773523e-03 3.661344293505e-03 4.183410666883e-03 5.796388257295e-03 7.845510728657e-03
8.358216285706e-02 2.623702585697e-01 2.016140371561e-01 1.631431579590e-01 1.786445081234e-01 1.709309369326e-01 1.198881343007e-01 1.170102283359e-01 9.131996333599e-02 4.687062278390e-02 1.705193147063e-02 1.058091968298e-02 5.698076449335e-03 3.674323903397e-03 2.917843637988e-03 2.401653910056e-03 2.399122109637e-03 2.562070265412e-03 2.502546645701e-03 2.426669700071e-03 2.636991674080e-03 2.712216693908e-03 2.626639790833e-03 2.633145777509e-03 3.316188231111e-03 4.071326460689e-03 4.623323678970e-03 4.611858632416e-03 3.744889749214e-03 2.538353204727e-03 2.652284456417e-03 2.746078651398e-03 2.245090901852e-03 2.350354334339e-03 2.804216230288e-03 3.132217098027e-03 3.165039001033e-03 3.141759894788e-03 3.434680867940e-03 3.585384460166e-03 3.550614695996e-03 4.027325194329e-03 5.089080426842e-03
1.126558855176e-01 1.911444365978e-01 1.136196479201e-01 6.954243779182e-02 4.640533775091e-02 5.687767267227e-02 4.993654787540e-02 5.964842066169e-02 5.037968605757e-02 1.756334304810e-02 1.232228428125e-02 7.342476397753e-03 6.049743387848e-03 4.487333819270e-03 2.796605927870e-03 2.272861544043e-03 2.466979436576e-03 2.488057827577e-03 2.265192801133e-03 2.174471272156e-03 2.523672301322e-03 2.764266217127e-03 2.892769407481e-03 2.791061764583e-03 2.586887683719e-03 3.091907594353e-03 3.451215568930e-03 3.420748980716e-03 2.827455988154e-03 2.282244386151e-03 2.357024000958e-03 2.586769871414e-03 2.468012040481e-03 2.091100439429e-03 2.148943953216e-03 2.559234388173e-03 2.845373703167e-03 2.786565804854e-03 3.170826472342e-03 3.443522378802e-03 3.507413202897e-03 3.688997123390e-03 4.138546995819e-03
1.610237360001e-01 1.325623393059e-01 4.298429936171e-02 3.251558914781e-02 3.447952494025e-02 2.077949605882e-02 2.940437570214e-02 4.772086814046e-02 3.179189562798e-02 1.546608004719e-02 1.164043042809e-02 6.487355101854e-03 6.319621112198e-03 5.988768301904e-03 3.744496265426e-03 2.957635559142e-03 2.509730635211e-03 2.393419155851e-03 2.063500927761e-03 2.095609437674e-03 2.536512911320e-03 3.042167518288e-03 3.344559576362e-03 3.123817965388e-03 2.667970256880e-03 2.288683550432e-03 2.483831718564e-03 2.652818337083e-03 2.637299941853e-03 2.819742308930e-03 2.533867955208e-03 2.350395079702e-03 2.370689995587e-03 2.150000771508e-03 2.090828260407e-03 2.504841657355e-03 2.738052513450e-03 2.666443819180e-03 2.855363534763e-03 3.212252166122e-03 3.367987461388e-03 3.765505738556e-03 4.759254865348e-03
2.547512352467e-01 1.118841245770e-01 2.188113890588e-02 1.563469693065e-02 1.199350506067e-02 1.474000327289e-02 1.579638198018e-02 3.580928221345e-02 3.625578433275e-02 2.208990603685e-02 1.100807171315e-02 6.286279764026e-03 5.438101943582e-03 5.680994596332e-03 4.659196827561e-03 2.863949164748e-03 2.485165605322e-03 2.301938598976e-03 1.912568928674e-03 2.071249065921e-03 2.595036523417e-03 3.387713339180e-03 3.694319166243e-03 3.280939767137e-03 2.755709690973e-03 2.427184721455e-03 2.566993935034e-03 2.859079279006e-03 2.987014595419e-03 2.951128408313e-03 2.733537461609e-03 2.275547478348e-03 2.611589618027e-03 2.156056230888e-03 2.036210382357e-03 2.205665223300e-03 2.772035542876e-03 3.051451873034e-03 3.250270383433e-03 3.693531034514e-03 4.240920767188e-03 4.402329679579e-03 4.278881009668e-03
2.183599472046e-01 6.753346323967e-02 1.666883006692e-02 9.379585273564e-03 8.602702990174e-03 9.983199648559e-03 1.851675286889e-02 2.368891984224e-02 2.852754667401e-02 1.990646123886e-02 1.306773629040e-02 7.300879340619e-03 4.788849968463e-03 4.106509499252e-03 3.930468577892e-03 3.318801289424e-03 2.885903231800e-03 3.170710057020e-03 2.645919565111e-03 2.286228816956e-03 2.850419841707e-03 3.805650863796e-03 3.961379174143e-03 3.327540121973e-03 2.825388684869e-03 2.574513899162e-03 2.682541497052e-03 3.012434579432e-03 3.255849471316e-03 3.040709765628e-03 2.698001451790e-03 2.231600461528e-03 2.663258230314e-03 2.058294601738e-03 1.984011381865e-03 1.920321374200e-03 2.083048224449e-03 2.743764314801e-03 3.494719974697e-03 4.498870112002e-03 5.492018070072e-03 5.883254110813e-03 5.949372891337e-03
1.149777099490e-01 2.116026170552e-02 9.949302300811e-03 8.637994527817e-03 7.225551642478e-03 7.398096378893e-03 1.194566581398e-02 6.616618949920e-03 1.732631772757e-02 2.618261985481e-02 1.858619228005e-02 1.413961034268e-02 7.073564454913e-03 4.346641711891e-03 3.713263897225e-03 3.745388239622e-03 3.971226047724e-03 3.570265369490e-03 3.137273481116e-03 2.789473393932e-03 3.408818505704e-03 4.185749683529e-03 4.030080046505e-03 3.393768565729e-03 3.028835169971e-03 2.849778858945e-03 2.836502157152e-03 3.163236891851e-03 3.442134009674e-03 3.302422119305e-03 2.763160504401e-03 2.190703526139e-03 2.512754872441e-03 2.277701394632e-03 1.968725584447e-03 1.957042841241e-03 1.885466976091e-03 1.971348887309e-03 2.527229720727e-03 3.863017307594e-03 5.275110248476e-03 6.150272674859e-03 6.652038078755e-03
3.112601861358e-02 1.206282526255e-02 7.792209740728e-03 7.455108687282e-03 5.827857181430e-03 5.294105038047e-03 5.368669517338e-03 5.027665756643e-03 6.303340196609e-03 2.160092815757e-02 2.393738552928e-02 3.509445115924e-02 2.245381660759e-02 8.061754517257e-03 4.999720957130e-03 4.166843369603e-03 4.489943850785e-03 5.314711946994e-03 4.947528708726e-03 3.955554682761e-03 3.884555539116e-03 4.350394010544e-03 3.910641651601e-03 3.375120228156e-03 3.176284255460e-03 3.145146882161e-03 3.205368528143e-03 3.233509371057e-03 3.523317398503e-03 3.545914543793e-03 3.061861032620e-03 2.362466650084e-03 2.355975797400e-03 2.358566736802e-03 2.198525005952e-03 2.251947298646e-03 2.229568082839e-03 2.190267667174e-03 2.161256270483e-03 2.220442285761e-03 3.002765588462e-03 3.998926840723e-03 4.714340902865e-03
1.111360359937e-02 6.965475156903e-03 6.983876693994e-03 6.091143935919e-03 4.971592221409e-03 4.511263221502e-03 3.914826083928e-03 3.905773162842e-03 4.623123444617e-03 8.951992727816e-03 3.578665852547e-02 8.788274228573e-02 6.029331311584e-02 1.921408623457e-02 8.441184647381e-03 5.237130913883e-03 4.668332170695e-03 5.602057091892e-03 5.421253386885e-03 5.735056940466e-03 5.518433172256e-03 4.548521246761e-03 4.068267066032e-03 3.649104153737e-03 3.536963602528e-03 3.562749130651e-03 3.556256182492e-03 3.464098088443e-03 3.533500013873e-03 3.735241480172e-03 3.381896764040e-03 2.472053747624e-03 2.295252401382e-03 2.263982547447e-03 2.372721675783e-03 2.546887379140e-03 2.665366744623e-03 2.701955614612e-03 2.678654156625e-03 2.580814296380e-03 2.590048592538e-03 2.725252183154e-03 2.812736202031e-03
1.005669776350e-02 5.712873768061e-03 6.217917427421e-03 4.757172428071e-03 3.887778846547e-03 3.668594872579e-03 3.192115575075e-03 3.299262607470e-03 3.334940178320e-03 6.203372497112e-03 2.710760571063e-02 7.313535362482e-02 6.604640185833e-02 4.254658520222e-02 1.030936650932e-02 5.674797110260e-03 4.318280145526e-03 6.234526634216e-03 7.398548536003e-03 6.937685422599e-03 5.672720726579e-03 4.437540657818e-03 4.391778260469e-03 4.129509907216e-03 3.990065306425e-03 3.897413378581e-03 3.730631433427e-03 3.403346752748e-03 3.566575236619e-03 3.775348886847e-03 3.331167856231e-03 2.583708148450e-03 2.675674157217e-03 2.589900512248e-03 2.456228947267e-03 2.380428602919e-03 2.543008886278e-03 2.640700666234e-03 2.612782409415e-03 2.444274956360e-03 2.714254660532e-03 3.204232780263e-03 3.552379319444e-03
1.240140851587e-02 6.517466623336e-03 5.483775865287e-03 4.237834364176e-03 3.178044920787e-03 2.998937619850e-03 3.067919751629e-03 3.005542326719e-03 3.024180186912e-03 3.878372255713e-03 1.028937380761e-02 3.751985728741e-02 1.363302767277e-01 1.051790788770e-01 1.762473210692e-02 6.632166914642e-03 7.321940269321e-03 7.808966096491e-03 6.941360887140e-03 5.522850435227e-03 4.485625308007e-03 4.577256273478e-03 4.849747754633e-03 4.694966133684e-03 4.374657757580e-03 3.968786448240e-03 3.433763980865e-03 3.145666327327e-03 3.691333578900e-03 3.802079474553e-03 3.427230054513e-03 3.806910011917e-03 3.816233016551e-03 3.608985338360e-03 3.246248932555e-03 2.524100942537e-03 2.123787766322e-03 2.108845394105e-03 2.166655380279e-03 2.328403992578e-03 2.735784975812e-03 3.409373573959e-03 4.223193041980e-03
1.313332561404e-02 7.399048656225e-03 5.547207780182e-03 3.697049571201e-03 2.765682293102e-03 2.900923835114e-03 2.864500274882e-03 2.929147798568e-03 2.635449869558e-03 2.967163221911e-03 5.812764633447e-03 1.908552646637e-02 6.622955203056e-02 5.834850296378e-02 1.946631819010e-02 1.107069291174e-02 9.096874855459e-03 7.056320551783e-03 5.434674210846e-03 4.352192860097e-03 4.333949182183e-03 4.621746018529e-03 4.911894910038e-03 4.669860005379e-03 4.033010452986e-03 3.271863795817e-03 2.711009932682e-03 2.956286072731e-03 3.716200357303e-03 3.913030028343e-03 4.062397871166e-03 4.463276825845e-03 4.430984146893e-03 4.126669839025e-03 3.507755696774e-03 2.641643397510e-03 2.705415012315e-03 2.807860029861e-03 2.973659196869e-03 3.114747116342e-03 3.153511323035e-03 3.509881440550e-03 4.528182093054e-03
1.227802038193e-02 6.615014746785e-03 4.665193147957e-03 2.902483101934e-03 2.655978780240e-03 2.865074202418e-03 2.767271129414e-03 2.393192378804e-03 1.900909584947e-03 2.676423173398e-03 4.944059997797e-03 8.446254767478e-03 2.335563115776e-02 2.771637216210e-02 2.005391195416e-02 1.227438170463e-02 7.760004140437e-03 5.513340700418e-03 5.108944140375e-03 4.959278274328e-03 4.463498014957e-03 4.218790214509e-03 4.079266451299e-03 3.583135781810e-03 2.826351206750e-03 2.525785239413e-03 2.493327949196e-03 2.666821703315e-03 3.468840382993e-03 3.885845886543e-03 2.877942984924e-03 3.136815736070e-03 3.136956132948e-03 2.932871459052e-03 2.855715807527e-03 3.120069159195e-03 3.370747901499e-03 3.702790476382e-03 4.064776469022e-03 4.268689081073e-03 4.191143438220e-03 3.905658144504e-03 4.444947931916e-03
1.096954289824e-02 4.890186712146e-03 3.351442283019e-03 2.079215133563e-03 2.486863639206e-03 2.759557683021e-03 2.643348649144e-03 2.180904615670e-03 1.610084553249e-03 2.409047447145e-03 4.442460369319e-03 6.873961072415e-03 1.625104993582e-02 2.082248404622e-02 1.617304421961e-02 9.571595117450e-03 5.924039520323e-03 5.495685618371e-03 5.405900068581e-03 4.530237521976e-03 3.600161289796e-03 3.006097627804e-03 2.629712224007e-03 2.203298965469e-03 2.067247871310e-03 2.034928882495e-03 2.043331740424e-03 2.268245443702e-03 3.023830708116e-03 3.543152473867e-03 2.750108484179e-03 2.157291164622e-03 2.062329091132e-03 2.634653588757e-03 3.115785773844e-03 3.537512850016e-03 4.025801550597e-03 4.633276257664e-03 5.202990025282e-03 5.434462800622e-03 5.169043783098e-03 4.558043088764e-03 4.382396116853e-03
