VariationalSeries/SI/f32.grd
DSAA
101	101
32.816463539100	34.260883539100
35.556306596100	36.727886596100
7.485534297302e-05	1.217794990540e+01
[rows 0 to 18 of 101, columns 43 to 85 of 101]
1.783037744462e-02 3.042128495872e-02 3.503501042724e-02 2.775268815458e-02 1.933268457651e-02 1.946176961064e-02 1.673955284059e-02 1.531074661762e-02 1.006704382598e-02 1.459744106978e-02 1.936964318156e-02 2.296596206725e-02 2.731587365270e-02 3.901418671012e-02 1.750891841948e-02 2.157192490995e-02 2.738506160676e-02 2.991838566959e-02 2.020923048258e-02 1.340417377651e-02 1.512196846306e-02 1.970563270152e-02 2.021012082696e-02 2.209301479161e-02 2.243194356561e-02 1.605997979641e-02 1.077205594629e-02 1.086968556046e-02 2.051170542836e-02 3.077813424170e-02 2.475346811116e-02 1.213806122541e-02 1.533133257180e-02 1.000539585948e-02 1.023282203823e-02 8.783179335296e-03 7.514632306993e-03 6.840073503554e-03 5.027674138546e-03 5.072473082691e-03 6.772757042199e-03 1.132033858448e-02 1.124769449234e-02
3.090541623533e-02 5.509801208973e-02 6.878424435854e-02 6.084219366312e-02 4.558887705207e-02 4.211199656129e-02 3.497869148850e-02 2.969670854509e-02 2.758852019906e-02 3.205921500921e-02 3.570680692792e-02 4.057163372636e-02 5.401862785220e-02 7.790467143059e-02 3.334179148078e-02 4.097280278802e-02 5.172701179981e-02 5.598728358746e-02 3.843459859490e-02 2.583643980324e-02 2.988221868873e-02 3.758050128818e-02 3.999616950750e-02 3.859503567219e-02 3.962939605117e-02 3.343982249498e-02 1.997505314648e-02 2.258016541600e-02 4.635816067457e-02 7.373823970556e-02 4.404433816671e-02 2.002297528088e-02 2.999519556761e-02 1.841923221946e-02 1.979956962168e-02 1.637235470116e-02 1.342662051320e-02 1.203412190080e-02 9.680984541774e-03 9.660282172263e-03 1.498106122017e-02 2.293249033391e-02 2.136404998600e-02
3.885497525334e-02 5.625747889280e-02 7.683843374252e-02 7.552155852318e-02 6.135787442327e-02 6.125265732408e-02 4.146847873926e-02 3.656275942922e-02 4.930979385972e-02 4.929524287581e-02 3.548366576433e-02 4.492620751262e-02 5.755662918091e-02 8.147132396698e-02 3.889162838459e-02 4.659737646580e-02 5.786921083927e-02 6.406570225954e-02 4.427142068744e-02 3.470278158784e-02 3.465350344777e-02 3.773095458746e-02 4.498286917806e-02 4.839799925685e-02 5.840920656919e-02 4.495743662119e-02 2.596866525710e-02 2.790656685829e-02 6.087725237012e-02 9.523961693048e-02 4.514211416245e-02 2.325452864170e-02 3.454588353634e-02 2.032621763647e-02 2.209491282701e-02 1.936535723507e-02 1.721512898803e-02 1.368931587785e-02 1.125873997808e-02 1.375443115830e-02 1.898432523012e-02 2.538441494107e-02 2.186061628163e-02
4.476751387119e-02 5.083119496703e-02 6.871217489243e-02 7.460738718510e-02 6.650276482105e-02 8.199654519558e-02 4.346485435963e-02 5.000329762697e-02 7.053140550852e-02 7.263431698084e-02 4.828026145697e-02 4.698782414198e-02 5.895771831274e-02 8.220611512661e-02 4.083945974708e-02 5.208354815841e-02 5.934371054173e-02 6.674554944038e-02 4.792831838131e-02 4.554303362966e-02 3.722451254725e-02 4.714097082615e-02 5.701296404004e-02 5.618335306644e-02 7.756854593754e-02 5.545726791024e-02 2.926968596876e-02 3.325045108795e-02 7.104634493589e-02 1.033409163356e-01 4.252896457911e-02 2.591917105019e-02 3.663720935583e-02 2.057706378400e-02 2.255171909928e-02 2.468646876514e-02 2.085090614855e-02 1.571269892156e-02 1.342940144241e-02 1.701169088483e-02 2.266546711326e-02 2.643820457160e-02 2.094006352127e-02
4.401678964496e-02 6.093881279230e-02 5.419624969363e-02 6.305409967899e-02 6.130763143301e-02 1.041444092989e-01 4.183200001717e-02 6.173764541745e-02 9.011743217707e-02 9.678622335196e-02 6.819033622742e-02 4.902563616633e-02 6.060703098774e-02 8.260773867369e-02 4.234566166997e-02 5.703227221966e-02 6.004420295358e-02 6.896271556616e-02 5.306686460972e-02 5.601625144482e-02 4.410808905959e-02 5.959812179208e-02 7.242012768984e-02 7.045450061560e-02 9.647209942341e-02 6.412160396576e-02 3.502195328474e-02 3.564283251762e-02 7.525777071714e-02 9.989086538553e-02 4.591780900955e-02 3.087827563286e-02 3.790263831615e-02 2.436888962984e-02 2.792642638087e-02 2.899317815900e-02 2.317743748426e-02 1.639609970152e-02 1.707644946873e-02 1.854605972767e-02 2.645102329552e-02 2.681108377874e-02 2.003185637295e-02
3.816320747137e-02 6.467863172293e-02 4.852794855833e-02 4.997032508254e-02 5.329270288348e-02 1.262215822935e-01 4.729115590453e-02 7.024326920509e-02 1.074465885758e-01 1.207089871168e-01 8.904378116131e-02 5.168063566089e-02 6.284343451262e-02 8.294501900673e-02 4.695139825344e-02 6.114175915718e-02 5.989255756140e-02 7.091847062111e-02 5.434468016028e-02 6.501364707947e-02 5.344740673900e-02 7.217418402433e-02 8.625292778015e-02 8.256109058857e-02 1.133612021804e-01 6.911911070347e-02 3.852995857596e-02 4.163029417396e-02 7.203684002161e-02 8.103331923485e-02 4.563417285681e-02 3.569255024195e-02 3.826314210892e-02 2.723111212254e-02 3.269016370177e-02 3.222480043769e-02 2.430211566389e-02 1.706514507532e-02 1.924368180335e-02 2.079517208040e-02 3.022538125515e-02 2.727514319122e-02 1.921095699072e-02
3.479405120015e-02 6.191610172391e-02 4.868525266647e-02 3.904734924436e-02 4.930562153459e-02 1.465327590704e-01 5.218427255750e-02 7.427136600018e-02 1.193917915225e-01 1.389642655849e-01 1.079599931836e-01 5.707137659192e-02 6.481868773699e-02 8.293574303389e-02 4.750577360392e-02 6.513974815607e-02 5.886996537447e-02 7.227735966444e-02 5.218626931310e-02 6.876132637262e-02 6.115135177970e-02 8.113700896502e-02 9.564848244190e-02 8.927660435438e-02 1.257460862398e-01 6.959518045187e-02 3.719520941377e-02 4.662913829088e-02 6.172073259950e-02 5.634376406670e-02 4.273021221161e-02 4.045460373163e-02 3.799161687493e-02 2.901294641197e-02 3.647064790130e-02 3.411629050970e-02 2.418802678585e-02 2.008567564189e-02 1.896527595818e-02 2.826476655900e-02 3.453334420919e-02 2.796472236514e-02 1.793377101421e-02
4.013213515282e-02 5.910587310791e-02 4.702794924378e-02 4.393769800663e-02 5.552322044969e-02 1.658545881510e-01 5.958002060652e-02 7.184719294310e-02 1.206305921078e-01 1.467203199863e-01 1.228029131889e-01 7.463618367910e-02 6.736818701029e-02 8.338717371225e-02 4.749334603548e-02 6.888646632433e-02 5.713161826134e-02 7.317300885916e-02 5.377335473895e-02 6.511061638594e-02 6.575880944729e-02 8.533992618322e-02 9.791702032089e-02 8.925713598728e-02 1.328760385513e-01 6.702071428299e-02 4.263073951006e-02 5.558914691210e-02 4.685852676630e-02 4.509034752846e-02 4.815039038658e-02 4.523725435138e-02 3.693211078644e-02 3.759661316872e-02 3.887120634317e-02 3.435626998544e-02 2.286384068429e-02 2.063441462815e-02 2.372606284916e-02 3.803286701441e-02 3.780114650726e-02 2.661265619099e-02 1.499012298882e-02
4.511497914791e-02 5.928007513285e-02 4.666921496391e-02 4.757524654269e-02 6.150561198592e-02 1.838413923979e-01 6.732638925314e-02 6.312508881092e-02 1.101338490844e-01 1.428603082895e-01 1.316008716822e-01 9.099360555410e-02 7.006220519543e-02 9.584909677505e-02 5.328072607517e-02 7.260517776012e-02 5.727486684918e-02 7.379030436277e-02 5.485831573606e-02 5.753327161074e-02 6.865562498569e-02 8.359727263451e-02 9.291470050812e-02 8.966910839081e-02 1.320104897022e-01 5.925993993878e-02 5.084958672523e-02 6.514494866133e-02 4.589974880219e-02 5.554788932204e-02 6.073578447104e-02 4.985203221440e-02 4.312997311354e-02 4.679321125150e-02 4.779632389545e-02 3.276446089149e-02 2.228209748864e-02 1.992426440120e-02 3.772680088878e-02 4.599189013243e-02 3.652238845825e-02 2.110244333744e-02 1.781101711094e-02
4.842089116573e-02 6.039146706462e-02 4.622025415301e-02 4.660869389772e-02 6.723306328058e-02 1.983358561993e-01 7.410610467196e-02 5.177038162947e-02 9.370580315590e-02 1.302921324968e-01 1.325104236603e-01 1.039265245199e-01 7.262880355120e-02 1.034382730722e-01 6.699123978615e-02 7.672606408596e-02 7.602687180042e-02 7.488368451595e-02 5.541441589594e-02 6.883593648672e-02 6.720606982708e-02 7.740567624569e-02 8.194502443075e-02 1.000472530723e-01 1.225809305906e-01 4.747726023197e-02 5.924149975181e-02 7.466755807400e-02 5.273658782244e-02 6.441809237003e-02 7.155863195658e-02 5.876664444804e-02 4.797358065844e-02 4.964774474502e-02 5.184063687921e-02 2.958479523659e-02 2.075278572738e-02 3.582680225372e-02 5.065010860562e-02 4.639811441302e-02 2.819543518126e-02 1.843002624810e-02 1.745148375630e-02
4.908469319344e-02 6.249583512545e-02 4.586301743984e-02 5.006346479058e-02 7.240177690983e-02 2.099760621786e-01 8.031567931175e-02 5.159986019135e-02 7.488007843494e-02 1.098652034998e-01 1.227759644389e-01 1.106326431036e-01 8.892476558685e-02 1.029865294695e-01 8.481664210558e-02 8.075265586376e-02 1.074434071779e-01 8.043839782476e-02 5.527171120048e-02 9.126052260399e-02 7.459333539009e-02 6.806185096502e-02 1.004447117448e-01 1.065279915929e-01 1.066711321473e-01 4.760547354817e-02 6.631921231747e-02 8.128961175680e-02 5.504970252514e-02 6.959406286478e-02 8.107284456491e-02 6.849314272404e-02 4.441301897168e-02 4.313382878900e-02 4.900856316090e-02 2.541134133935e-02 3.258326649666e-02 5.297993868589e-02 5.425976961851e-02 3.598946332932e-02 1.807070896029e-02 1.666707731783e-02 1.692947372794e-02
4.767703264952e-02 6.484211236238e-02 5.966829881072e-02 5.657619610429e-02 7.706660032272e-02 2.174125313759e-01 8.423820883036e-02 5.355707928538e-02 6.246981024742e-02 8.507180213928e-02 1.047857105732e-01 1.087511405349e-01 9.906663745642e-02 1.074403598905e-01 1.028310731053e-01 8.440248668194e-02 1.438576132059e-01 1.061236113310e-01 5.578358471394e-02 1.109590604901e-01 8.321955800056e-02 8.885562419891e-02 1.322950422764e-01 1.079837679863e-01 8.637154847383e-02 4.935820028186e-02 6.933580338955e-02 8.309850841761e-02 5.270046368241e-02 6.914622336626e-02 8.601011335850e-02 7.614079862833e-02 4.481019824743e-02 3.442659601569e-02 4.542061686516e-02 2.761331759393e-02 5.234368517995e-02 6.105101108551e-02 4.340556263924e-02 2.200262621045e-02 1.953354664147e-02 2.172196283937e-02 2.301425859332e-02
4.814990237355e-02 6.717251986265e-02 7.532403618097e-02 5.189955234528e-02 8.148007094860e-02 2.234355509281e-01 8.602223545313e-02 5.526912957430e-02 6.259281933308e-02 8.043472468853e-02 8.049751073122e-02 9.656449407339e-02 1.014218553901e-01 1.196217909455e-01 1.106885150075e-01 9.352798014879e-02 1.795857697725e-01 1.296734660864e-01 6.116305664182e-02 1.263438314199e-01 8.734703063965e-02 1.078204512596e-01 1.560382843018e-01 1.007301881909e-01 6.369510293007e-02 5.886664241552e-02 6.668849289417e-02 7.862383127213e-02 4.847761616111e-02 6.329331547022e-02 8.324636518955e-02 7.809985429049e-02 4.745212569833e-02 2.962950058281e-02 4.346334934235e-02 4.828614369035e-02 6.606686115265e-02 5.235555768013e-02 2.672531642020e-02 2.112158760428e-02 2.045494876802e-02 2.795155160129e-02 2.737024798989e-02
4.299456998706e-02 6.954506039619e-02 8.164764195681e-02 5.811036378145e-02 8.600950241089e-02 2.303082495928e-01 8.718112111092e-02 5.734977871180e-02 5.718955025077e-02 7.754829525948e-02 6.365394592285e-02 7.608558982611e-02 1.090709939599e-01 1.281909942627e-01 1.026514992118e-01 1.157442852855e-01 2.079934328794e-01 1.486647278070e-01 7.188862562180e-02 1.369209140539e-01 8.751298487186e-02 1.172506958246e-01 1.634398996830e-01 8.383582532406e-02 5.571418628097e-02 7.485067844391e-02 7.733836025000e-02 6.997878104448e-02 4.784709960222e-02 5.309789627790e-02 7.366723567247e-02 7.390335947275e-02 4.738518223166e-02 2.939005941153e-02 4.390173777938e-02 6.757481396198e-02 6.276819109917e-02 3.379244729877e-02 2.382499910891e-02 2.032854221761e-02 2.218396589160e-02 3.161089494824e-02 2.912083268166e-02
5.870840698481e-02 7.233095169067e-02 8.172127604485e-02 9.478101879358e-02 9.069383889437e-02 2.344456166029e-01 8.682480454445e-02 6.852717697620e-02 4.885226860642e-02 7.082477957010e-02 5.949815735221e-02 8.344510197639e-02 1.148848980665e-01 1.367682665586e-01 1.105821281672e-01 1.375427395105e-01 2.313286215067e-01 1.597579866648e-01 7.776507735252e-02 1.458528488874e-01 9.590725600719e-02 1.143260896206e-01 1.570872217417e-01 6.962408870459e-02 5.919598415494e-02 8.964595198631e-02 9.820074588060e-02 6.113767251372e-02 4.873856157064e-02 4.456354677677e-02 6.110616028309e-02 6.628410518169e-02 4.487419500947e-02 3.304219990969e-02 6.430640071630e-02 7.255680114031e-02 4.373529553413e-02 2.291111089289e-02 2.450847439468e-02 1.891711726785e-02 2.538524568081e-02 3.357214480639e-02 3.612491488457e-02
7.751308381557e-02 7.566662877798e-02 8.046539127827e-02 1.163865178823e-01 9.423589706421e-02 2.356803119183e-01 8.429633826017e-02 7.854223251343e-02 5.167520046234e-02 7.256681472063e-02 6.150223687291e-02 8.941122889519e-02 1.202990710735e-01 1.451159715652e-01 1.067924574018e-01 1.554783731699e-01 2.357384264469e-01 1.514053046703e-01 9.223837405443e-02 1.533168703318e-01 9.619741886854e-02 1.045142263174e-01 1.358707100153e-01 6.604224443436e-02 6.472296267748e-02 1.031191274524e-01 1.057670488954e-01 5.507893115282e-02 5.302933603525e-02 4.678541049361e-02 6.424201279879e-02 5.575911700726e-02 3.993573412299e-02 5.781096965075e-02 7.795042544603e-02 5.605388060212e-02 3.142195940018e-02 2.058994956315e-02 2.470274083316e-02 2.158701047301e-02 3.262470290065e-02 4.251679033041e-02 4.235071688890e-02
9.110984206200e-02 9.872014075518e-02 9.324145317078e-02 1.075553596020e-01 1.007069051266e-01 2.337397485971e-01 9.208422154188e-02 8.632569760084e-02 5.423717200756e-02 7.364116609097e-02 6.799178570509e-02 9.251893311739e-02 1.267726570368e-01 1.533380001783e-01 9.816606342793e-02 1.668784469366e-01 2.221754342318e-01 1.343707293272e-01 1.014333069324e-01 1.588910818100e-01 8.590248227119e-02 8.343321084976e-02 1.055044829845e-01 6.113278865814e-02 7.604995369911e-02 1.032240986824e-01 9.760518372059e-02 5.832993984222e-02 6.101152300835e-02 5.164472386241e-02 6.969238817692e-02 4.852771386504e-02 4.944699257612e-02 7.803391665220e-02 6.872140616179e-02 4.818784072995e-02 2.686480432749e-02 2.244030870497e-02 2.773534134030e-02 3.123079240322e-02 4.553944617510e-02 4.673353582621e-02 3.892861306667e-02
1.193641796708e-01 1.184904053807e-01 1.278799623251e-01 9.851980954409e-02 1.193557679653e-01 2.263791710138e-01 1.048214435577e-01 9.458708018064e-02 7.383777946234e-02 7.376126199961e-02 7.945538312197e-02 1.201039105654e-01 1.321083605289e-01 1.624899804592e-01 1.060895621777e-01 1.677148342133e-01 1.975883841515e-01 1.285180002451e-01 1.044651940465e-01 1.630237698555e-01 7.726641744375e-02 6.836921721697e-02 7.945218682289e-02 6.559751182795e-02 8.269008249044e-02 9.236974269152e-02 7.221139222383e-02 6.436516344547e-02 7.112858444452e-02 5.889189243317e-02 7.203830033541e-02 4.591896012425e-02 7.376264780760e-02 7.756695151329e-02 6.915674358606e-02 4.359660297632e-02 3.133792057633e-02 2.744636870921e-02 3.320246934891e-02 4.530648142099e-02 5.064780637622e-02 4.080027341843e-02 3.028556145728e-02
1.324518024921e-01 1.310943812132e-01 1.581005752087e-01 1.471341848373e-01 1.008519902825e-01 2.136272639036e-01 9.746547788382e-02 1.093083247542e-01 1.019917801023e-01 8.457730710506e-02 8.630662411451e-02 1.447213590145e-01 1.522062569857e-01 1.726278066635e-01 1.184357479215e-01 1.579071879387e-01 1.953893601894e-01 1.567678600550e-01 1.015416607261e-01 1.635823249817e-01 7.774855941534e-02 7.375155389309e-02 8.058059215546e-02 7.293570786715e-02 7.751338928938e-02 7.281205803156e-02 6.704784929752e-02 7.499226927757e-02 7.792737334967e-02 6.108969077468e-02 7.142546772957e-02 6.927595287561e-02 8.221992105246e-02 7.750334590673e-02 7.369209825993e-02 5.388481169939e-02 3.842778876424e-02 3.541913256049e-02 4.298289492726e-02 5.078290775418e-02 4.196026176214e-02 3.465699777007e-02 3.101831302047e-02
