VariationalSeries/SI/f32.grd
DSAA
101	101
32.816463539100	34.260883539100
35.556306596100	36.727886596100
7.485534297302e-05	1.217794990540e+01
[rows 0 to 18 of 101, columns 0 to 42 of 101]
1.133621670306e-02 2.026092819870e-02 1.795071177185e-02 1.074013952166e-02 8.997106924653e-03 1.176438853145e-02 2.343945205212e-02 3.267704322934e-02 2.922868169844e-02 1.745744235814e-02 1.104756258428e-02 1.269650459290e-02 1.347744744271e-02 1.301134563982e-02 1.115617621690e-02 1.697781682014e-02 2.551171928644e-02 2.951970323920e-02 2.102365903556e-02 1.371117215604e-02 1.557187922299e-02 1.665416546166e-02 1.233180239797e-02 1.106110867113e-02 1.171792298555e-02 1.602004468441e-02 2.337824925780e-02 2.670136094093e-02 3.472522646189e-02 2.766790427268e-02 2.130776271224e-02 2.002566866577e-02 1.738121919334e-02 1.379367802292e-02 1.119715720415e-02 1.084172539413e-02 9.967646561563e-03 1.351785194129e-02 1.897513493896e-02 2.176730148494e-02 1.823300123215e-02 1.543790940195e-02 1.470329519361e-02
2.098106220365e-02 3.959227725863e-02 3.882712498307e-02 2.711198665202e-02 1.912556588650e-02 2.274626493454e-02 4.510817676783e-02 6.238283216953e-02 5.519966408610e-02 3.217212483287e-02 1.896808668971e-02 2.169115096331e-02 2.290655300021e-02 2.180632576346e-02 1.900008134544e-02 2.524740062654e-02 4.019091650844e-02 5.259732902050e-02 4.747532680631e-02 2.828981913626e-02 2.840070426464e-02 4.349935799837e-02 2.286591194570e-02 2.049140632153e-02 2.416712045670e-02 3.130054473877e-02 3.918958455324e-02 4.474066942930e-02 6.603321433067e-02 5.140344798565e-02 3.463332355022e-02 3.139036148787e-02 2.916602604091e-02 2.367050759494e-02 2.545748092234e-02 2.661341615021e-02 2.675538323820e-02 3.006383217871e-02 3.782128170133e-02 3.806710988283e-02 2.816669270396e-02 2.784525603056e-02 3.041808120906e-02
2.051746286452e-02 4.211502522230e-02 4.720171540976e-02 4.042423889041e-02 2.597835473716e-02 2.625485323370e-02 5.218887329102e-02 7.091017067432e-02 6.076755374670e-02 3.330925479531e-02 2.395194955170e-02 2.700325287879e-02 2.789935097098e-02 2.581399120390e-02 2.125591412187e-02 2.043766900897e-02 2.638660930097e-02 3.941585123539e-02 4.506354033947e-02 3.662479668856e-02 4.483994096518e-02 6.725464761257e-02 2.943205088377e-02 2.537805587053e-02 3.213785588741e-02 3.890548273921e-02 4.038843512535e-02 4.059436917305e-02 7.695343345404e-02 5.764418095350e-02 3.355577588081e-02 2.877583354712e-02 3.991493210196e-02 2.123346179724e-02 2.395874820650e-02 2.751076780260e-02 3.450108319521e-02 4.371789470315e-02 4.571981355548e-02 3.788275271654e-02 3.874262794852e-02 2.583033777773e-02 3.409738838673e-02
1.822305284441e-02 4.012225940824e-02 4.776379093528e-02 4.882040992379e-02 3.924112394452e-02 2.687741443515e-02 5.453919619322e-02 7.253740727901e-02 5.871149525046e-02 2.859951741993e-02 2.650288306177e-02 2.925753965974e-02 2.913278900087e-02 2.591997012496e-02 2.061077207327e-02 2.086453139782e-02 1.990760117769e-02 2.287982031703e-02 2.977707982063e-02 3.388231247663e-02 7.521877437830e-02 8.559972047806e-02 3.290930017829e-02 2.786567062140e-02 3.544616326690e-02 4.064863175154e-02 3.888825327158e-02 3.701506555080e-02 7.707652449608e-02 5.603730678558e-02 2.838840708137e-02 2.306171506643e-02 4.600820690393e-02 2.445163391531e-02 2.684033848345e-02 3.796547278762e-02 4.698041453958e-02 4.896319285035e-02 4.144725203514e-02 4.794263839722e-02 4.677799344063e-02 2.867284230888e-02 3.125908970833e-02
1.782220043242e-02 3.837959468365e-02 4.544439539313e-02 5.018055066466e-02 4.802189022303e-02 3.393946588039e-02 5.564139410853e-02 7.244823873043e-02 5.502055212855e-02 2.425629645586e-02 2.841806039214e-02 3.025370463729e-02 2.918948419392e-02 2.905368246138e-02 2.666707336903e-02 2.250927314162e-02 2.199485525489e-02 2.177474834025e-02 3.069477342069e-02 6.224399432540e-02 1.045683249831e-01 9.404676407576e-02 3.531057387590e-02 3.973681107163e-02 3.545976802707e-02 3.971021622419e-02 3.562296926975e-02 3.683583810925e-02 7.295070588589e-02 5.278150364757e-02 3.354636952281e-02 2.622105367482e-02 4.905331879854e-02 3.006853163242e-02 4.220033437014e-02 5.052096024156e-02 5.107889696956e-02 4.312099516392e-02 2.968977764249e-02 4.920563474298e-02 5.711003392935e-02 3.831144794822e-02 2.479040250182e-02
1.661788858473e-02 3.346814960241e-02 4.045543447137e-02 4.419174417853e-02 4.903415963054e-02 4.082510620356e-02 5.558124929667e-02 7.009429484606e-02 4.956841841340e-02 2.693029120564e-02 3.017142415047e-02 3.302341699600e-02 3.520009666681e-02 3.405987471342e-02 3.063151054084e-02 2.491754107177e-02 2.022627741098e-02 2.297328785062e-02 4.889301210642e-02 8.876209706068e-02 1.216772273183e-01 9.289810061455e-02 3.993409126997e-02 6.051027774811e-02 3.720176592469e-02 3.722963854671e-02 3.190292418003e-02 3.995538502932e-02 6.524874269962e-02 5.274076014757e-02 3.390445932746e-02 2.875367552042e-02 5.688865110278e-02 4.503325372934e-02 5.345256626606e-02 5.284731462598e-02 4.386753588915e-02 3.033917583525e-02 3.339953720570e-02 4.635581001639e-02 6.994719803333e-02 4.450676962733e-02 2.412638440728e-02
2.093281410635e-02 3.718062117696e-02 3.434119746089e-02 3.399087861180e-02 4.232032224536e-02 4.100122302771e-02 5.469017475843e-02 6.696967035532e-02 4.446413740516e-02 2.968991547823e-02 3.322370722890e-02 3.781438246369e-02 3.831302002072e-02 3.561825305223e-02 3.029976598918e-02 2.862646244466e-02 2.714373730123e-02 3.385157883167e-02 6.602079421282e-02 1.060805320740e-01 1.260109990835e-01 8.484288305044e-02 5.285981297493e-02 7.670080661774e-02 5.390333756804e-02 3.388903662562e-02 3.130322694778e-02 7.420415431261e-02 1.040465310216e-01 6.717719882727e-02 3.760565817356e-02 3.192915767431e-02 6.247462332249e-02 5.279668048024e-02 5.279500037432e-02 4.384166747332e-02 3.056403249502e-02 3.346911445260e-02 4.849699512124e-02 6.122186779976e-02 7.183426618576e-02 5.268412828445e-02 2.400333806872e-02
2.123639732599e-02 4.247997328639e-02 4.389110952616e-02 3.176475688815e-02 3.034440800548e-02 3.431440144777e-02 5.391312763095e-02 6.545404344797e-02 4.139615222812e-02 3.208541870117e-02 3.752619028091e-02 4.005397111177e-02 3.872150182724e-02 3.414447605610e-02 3.198011964560e-02 3.626175597310e-02 4.041291773319e-02 4.470714181662e-02 8.096599578857e-02 1.151139661670e-01 1.236813366413e-01 7.624904066324e-02 5.735060200095e-02 8.433808386326e-02 6.556407362223e-02 4.175672307611e-02 2.998860925436e-02 1.128428354859e-01 1.458718180656e-01 7.875475287437e-02 4.109685495496e-02 3.851241618395e-02 6.170224025846e-02 4.846865683794e-02 4.485578835011e-02 3.183101117611e-02 3.203118219972e-02 4.772062972188e-02 6.304737180471e-02 6.964475661516e-02 6.316392123699e-02 6.593979895115e-02 2.769933640957e-02
1.836357824504e-02 4.015165194869e-02 4.992847144604e-02 4.544405639172e-02 3.018646501005e-02 2.969928644598e-02 5.331316590309e-02 6.486719846725e-02 3.983310982585e-02 3.576073050499e-02 3.979375958443e-02 4.017227515578e-02 3.675838187337e-02 3.161216899753e-02 3.334520012140e-02 3.855495527387e-02 5.229275673628e-02 5.368166416883e-02 8.938708901405e-02 1.133773922920e-01 1.122334599495e-01 6.616295874119e-02 5.849769338965e-02 8.063923567533e-02 7.073574513197e-02 4.822362214327e-02 3.784907236695e-02 1.456187218428e-01 1.703075170517e-01 8.675458282232e-02 4.498307406902e-02 3.671333193779e-02 6.259740144014e-02 4.178982973099e-02 4.924524575472e-02 4.938804730773e-02 4.782710596919e-02 6.414870172739e-02 7.380065321922e-02 6.977230310440e-02 5.125853419304e-02 8.185040205717e-02 3.253719210625e-02
1.858056150377e-02 3.333815559745e-02 4.705786705017e-02 5.330643802881e-02 4.546622931957e-02 2.958128601313e-02 5.343240499496e-02 6.475007534027e-02 3.891100361943e-02 3.784390538931e-02 3.990346565843e-02 3.818823024631e-02 4.167667031288e-02 4.537545889616e-02 4.744069278240e-02 4.808646067977e-02 5.676952004433e-02 6.219856813550e-02 9.205644577742e-02 1.051762253046e-01 9.723396599293e-02 5.637745559216e-02 5.283463746309e-02 7.047698646784e-02 6.832803040743e-02 4.955989867449e-02 4.092615842819e-02 1.652800440788e-01 1.809131801128e-01 8.986508846283e-02 3.944148123264e-02 3.192138299346e-02 6.784223020077e-02 4.148026928306e-02 5.042054876685e-02 5.143453180790e-02 6.647933274508e-02 7.656865566969e-02 7.492424547672e-02 6.001611426473e-02 4.281485825777e-02 8.892343938351e-02 4.509375616908e-02
1.865446195006e-02 3.737896308303e-02 3.878783807158e-02 5.097939074039e-02 5.579172819853e-02 4.486467689276e-02 5.295084789395e-02 6.370861083269e-02 3.762460872531e-02 3.822697326541e-02 4.194025695324e-02 4.909574985504e-02 5.442558601499e-02 5.736469849944e-02 5.870891362429e-02 5.919617787004e-02 5.854732543230e-02 7.706714421511e-02 1.080932617188e-01 1.145779341459e-01 9.630785882473e-02 7.118590921164e-02 4.997717961669e-02 6.010928750038e-02 6.163563579321e-02 4.414567723870e-02 4.743135720491e-02 1.743995249271e-01 1.851217597723e-01 8.799492567778e-02 3.794481605291e-02 3.597812354565e-02 6.646788865328e-02 4.414970427752e-02 5.864594504237e-02 7.115114480257e-02 7.937313616276e-02 7.786824554205e-02 6.459590792656e-02 4.983616247773e-02 4.857472702861e-02 8.543526381254e-02 5.866480991244e-02
1.578281074762e-02 3.324791416526e-02 3.981466963887e-02 4.238035902381e-02 5.507043749094e-02 5.806222185493e-02 5.134358257055e-02 6.138711050153e-02 3.733289614320e-02 4.521787166595e-02 5.262208729982e-02 5.864092335105e-02 6.274760514498e-02 6.507577747107e-02 6.583686918020e-02 6.566775590181e-02 6.494120508432e-02 1.025478765368e-01 1.402355134487e-01 1.457750499249e-01 1.256095170975e-01 9.840547293425e-02 7.198075950146e-02 5.101247504354e-02 7.178574800491e-02 6.881079822779e-02 5.821958929300e-02 1.673559844494e-01 1.637814342976e-01 8.005063980818e-02 4.911166429520e-02 5.814537778497e-02 6.276737153530e-02 7.045185565948e-02 7.991363853216e-02 8.351029455662e-02 8.009827136993e-02 6.932935118675e-02 6.614194810390e-02 7.661779969931e-02 5.777725577354e-02 7.302878797054e-02 7.021831721067e-02
1.359888818115e-02 2.587036788464e-02 3.310742974281e-02 3.919286653399e-02 4.653802141547e-02 5.900174006820e-02 5.930700525641e-02 5.806348845363e-02 4.635728523135e-02 5.391172319651e-02 5.930410325527e-02 6.271971762180e-02 6.474350392818e-02 6.584177911282e-02 6.587914377451e-02 6.548615545034e-02 6.543508172035e-02 1.128319799900e-01 1.524991542101e-01 1.557390689850e-01 1.346330642700e-01 1.096012443304e-01 8.563736081123e-02 6.259962171316e-02 9.652137011290e-02 9.333943575621e-02 7.871481776237e-02 1.457035392523e-01 1.284807771444e-01 6.806073337793e-02 8.592356741428e-02 9.699765592813e-02 9.665252268314e-02 9.351112693548e-02 9.087856858969e-02 8.830690383911e-02 8.564583957195e-02 8.126754313707e-02 7.434063404799e-02 1.038196459413e-01 6.449225544930e-02 5.552249029279e-02 9.048207849264e-02
1.684327051044e-02 3.271564468741e-02 3.217153251171e-02 3.011077828705e-02 3.692430630326e-02 5.059526488185e-02 6.311810761690e-02 6.023805588484e-02 5.157876759768e-02 5.732766538858e-02 6.018712744117e-02 6.108173355460e-02 6.059874966741e-02 5.917323008180e-02 5.757629126310e-02 5.722229927778e-02 5.861940607429e-02 1.035363301635e-01 1.371749788523e-01 1.418077945709e-01 1.273039430380e-01 1.078947931528e-01 8.902694284916e-02 7.030946016312e-02 9.533958882093e-02 9.850842505693e-02 8.702001720667e-02 1.191904470325e-01 9.369746595621e-02 7.469141483307e-02 1.008611768484e-01 1.141380369663e-01 1.089320182800e-01 9.817788004875e-02 8.845273405313e-02 8.320808410645e-02 7.859124243259e-02 7.322831451893e-02 6.694021821022e-02 1.097850799561e-01 1.005137637258e-01 5.732314661145e-02 1.027636080980e-01
2.172594144940e-02 4.345627129078e-02 4.366056993604e-02 4.284549131989e-02 4.142693430185e-02 3.935567289591e-02 5.531382933259e-02 6.743519008160e-02 5.964339897037e-02 5.604268610477e-02 5.674362927675e-02 5.547604337335e-02 5.295370146632e-02 4.960471019149e-02 4.668542370200e-02 4.721588641405e-02 4.771779850125e-02 8.174449205399e-02 1.053713560104e-01 1.111397743225e-01 1.039853394032e-01 9.335356950760e-02 8.235279470682e-02 7.055990397930e-02 7.467234879732e-02 8.145806193352e-02 7.959999889135e-02 1.210357472301e-01 6.865348666906e-02 7.580701261759e-02 9.824749082327e-02 1.091772392392e-01 1.045494377613e-01 8.647748827934e-02 6.399677693844e-02 6.598895788193e-02 5.631794407964e-02 5.961174890399e-02 5.806384980679e-02 9.048461169004e-02 1.341154575348e-01 5.810758844018e-02 1.033118739724e-01
2.204114571214e-02 4.479040950537e-02 4.639613255858e-02 4.862416908145e-02 5.031351000071e-02 5.076443403959e-02 5.049074441195e-02 6.056401878595e-02 7.046755403280e-02 5.656080693007e-02 5.091222375631e-02 4.822827130556e-02 4.478481411934e-02 4.219453409314e-02 4.542279615998e-02 4.827453941107e-02 5.142989382148e-02 6.714512407780e-02 7.373359799385e-02 7.907932251692e-02 7.744292914867e-02 7.182707637548e-02 6.703791022301e-02 6.352113187313e-02 6.078817322850e-02 5.964898690581e-02 7.892770320177e-02 1.280640512705e-01 8.747617900372e-02 8.559117466211e-02 1.017231643200e-01 1.033235713840e-01 8.676191419363e-02 8.674290776253e-02 4.690719395876e-02 7.833170890808e-02 7.474452257156e-02 6.925078481436e-02 5.942376703024e-02 6.335046142340e-02 1.521876007318e-01 8.265148848295e-02 9.153967350721e-02
2.389978244901e-02 4.125064611435e-02 4.098890349269e-02 4.279622435570e-02 4.645309597254e-02 5.109789595008e-02 5.415730178356e-02 5.578976869583e-02 6.481374055147e-02 6.860383599997e-02 5.877265706658e-02 5.664918199182e-02 5.723176151514e-02 5.188460648060e-02 4.683055356145e-02 5.306232720613e-02 5.860625207424e-02 6.905907392502e-02 6.970502436161e-02 5.862006545067e-02 5.284211412072e-02 6.188867986202e-02 7.753907889128e-02 8.063067495823e-02 7.287320494652e-02 5.877423286438e-02 8.737529069185e-02 1.302605122328e-01 8.787730336189e-02 9.235508739948e-02 9.719583392143e-02 9.986443817616e-02 1.073660328984e-01 9.647295624018e-02 5.883068218827e-02 8.817178755999e-02 8.313182741404e-02 6.877911835909e-02 5.178825184703e-02 6.184938549995e-02 1.459647268057e-01 1.269948780537e-01 7.128372043371e-02
2.726781927049e-02 5.022025480866e-02 5.406900867820e-02 4.663122817874e-02 4.299448803067e-02 4.646817594767e-02 4.742923751473e-02 4.692196846008e-02 5.074399709702e-02 6.313323974609e-02 6.878839433193e-02 7.090644538403e-02 7.112982124090e-02 6.540174782276e-02 6.416870653629e-02 6.196507066488e-02 5.823070183396e-02 6.911983340979e-02 7.254007458687e-02 6.456357240677e-02 5.326111242175e-02 4.900109767914e-02 5.408059805632e-02 6.040538102388e-02 6.201304122806e-02 6.233838573098e-02 7.646596431732e-02 1.250109523535e-01 8.937201648951e-02 7.832320034504e-02 8.974929153919e-02 1.033719703555e-01 1.155129447579e-01 9.856624901295e-02 6.768225133419e-02 9.742034226656e-02 7.964117825031e-02 6.181509047747e-02 4.655376076698e-02 5.641873925924e-02 1.173463612795e-01 1.719840168953e-01 7.899775356054e-02
2.674670144916e-02 5.244066193700e-02 6.232506036758e-02 5.869473889470e-02 4.443279281259e-02 3.443202003837e-02 4.185871034861e-02 4.750819504261e-02 5.103361979127e-02 5.152888223529e-02 6.807154417038e-02 7.566210627556e-02 7.227875292301e-02 7.253176718950e-02 7.332841306925e-02 7.237332314253e-02 6.406465917826e-02 6.845406442881e-02 7.486644387245e-02 6.904812157154e-02 5.275270715356e-02 6.337156146765e-02 6.177965551615e-02 6.349904090166e-02 5.603939667344e-02 5.459605157375e-02 5.738925933838e-02 1.156501695514e-01 1.056631579995e-01 8.383107185364e-02 8.109623938799e-02 8.741353452206e-02 1.082703173161e-01 9.668331593275e-02 7.837687432766e-02 9.410559386015e-02 6.940816342831e-02 5.545317009091e-02 5.230183526874e-02 5.137357115746e-02 8.034707605839e-02 2.011841386557e-01 8.311317116022e-02
