VariationalSeries/SI/f35_max.grd
DSAA
101	101
32.816463539100	34.260883539100
35.556306596100	36.727886596100
5.431603858597e-05	8.858734130859e+00
[rows 0 to 18 of 101, columns 43 to 85 of 101]
1.294746249914e-02 2.208994515240e-02 2.544222399592e-02 2.015668340027e-02 1.404373720288e-02 1.414398849010e-02 1.216817926615e-02 1.112009678036e-02 7.312159985304e-03 1.060569752008e-02 1.407016627491e-02 1.667700335383e-02 1.986915618181e-02 2.837484702468e-02 1.273862458766e-02 1.569546386600e-02 1.992319338024e-02 2.175842970610e-02 1.469838060439e-02 9.744385257363e-03 1.099332980812e-02 1.433446723968e-02 1.470889057964e-02 1.605084165931e-02 1.629408262670e-02 1.168082281947e-02 7.832236588001e-03 7.900234311819e-03 1.492228265852e-02 2.238629758358e-02 1.799969375134e-02 8.825914002955e-03 1.114615425467e-02 7.282628212124e-03 7.439589593560e-03 6.386597175151e-03 5.465805064887e-03 4.970854613930e-03 3.657197812572e-03 3.690144047141e-03 4.921030253172e-03 8.224886842072e-03 8.172386325896e-03
2.244223095477e-02 4.000883921981e-02 4.995017871261e-02 4.418807476759e-02 3.311495110393e-02 3.063498809934e-02 2.542521618307e-02 2.156833559275e-02 2.003408782184e-02 2.329190820456e-02 2.593813650310e-02 2.949834614992e-02 3.929492831230e-02 5.666333436966e-02 2.425968088210e-02 2.981159463525e-02 3.763290122151e-02 4.071971401572e-02 2.795551344752e-02 1.878318004310e-02 2.174125239253e-02 2.733804471791e-02 2.910956367850e-02 2.804156765342e-02 2.882761508226e-02 2.432385087013e-02 1.452047843486e-02 1.641197502613e-02 3.372710198164e-02 5.363547429442e-02 3.202876448631e-02 1.455985195935e-02 2.180744148791e-02 1.340719964355e-02 1.439529005438e-02 1.190608646721e-02 9.767680428922e-03 8.746297098696e-03 7.042422890663e-03 7.023602724075e-03 1.088522933424e-02 1.666218414903e-02 1.552322134376e-02
2.822186984122e-02 4.085211455822e-02 5.579955503345e-02 5.484850332141e-02 4.456747323275e-02 4.455167055130e-02 3.014111705124e-02 2.655683830380e-02 3.580799698830e-02 3.579213097692e-02 2.577722817659e-02 3.266585618258e-02 4.187112301588e-02 5.926091223955e-02 2.824382297695e-02 3.390469029546e-02 4.210306704044e-02 4.659793898463e-02 3.220300376415e-02 2.522955089808e-02 2.521255053580e-02 2.744808234274e-02 3.273800387979e-02 3.516611456871e-02 4.248972237110e-02 3.270281478763e-02 1.887707784772e-02 2.029019966722e-02 4.429005458951e-02 6.927537173033e-02 3.282887488604e-02 1.691856049001e-02 2.511644549668e-02 1.479609962553e-02 1.606446877122e-02 1.408328209072e-02 1.251788809896e-02 9.952418506145e-03 8.183862082660e-03 1.000160537660e-02 1.379426009953e-02 1.844436489046e-02 1.588484644890e-02
3.251613676548e-02 3.692168369889e-02 4.990033432841e-02 5.418583005667e-02 4.830451309681e-02 5.963225662708e-02 3.159087896347e-02 3.631806746125e-02 5.121900886297e-02 5.274123325944e-02 3.506061062217e-02 3.416571021080e-02 4.289200901985e-02 5.979805067182e-02 2.965904958546e-02 3.787080943584e-02 4.317687079310e-02 4.854885488749e-02 3.483731672168e-02 3.311210870743e-02 2.708274312317e-02 3.427372500300e-02 4.144949838519e-02 4.084292426705e-02 5.642638355494e-02 4.034227505326e-02 2.127617597580e-02 2.417557686567e-02 5.168740823865e-02 7.516665011644e-02 3.093199618161e-02 1.884391345084e-02 2.663714438677e-02 1.496094465256e-02 1.640218682587e-02 1.795276254416e-02 1.516159810126e-02 1.142365857959e-02 9.764659218490e-03 1.237087044865e-02 1.646927185357e-02 1.921073161066e-02 1.521670725197e-02
3.197243437171e-02 4.426292702556e-02 3.936071321368e-02 4.579736292362e-02 4.453311115503e-02 7.573360949755e-02 3.040310554206e-02 4.484005644917e-02 6.544256210327e-02 7.027991861105e-02 4.951996728778e-02 3.565443307161e-02 4.409357532859e-02 6.009279564023e-02 3.076511062682e-02 4.147059470415e-02 4.368750378489e-02 5.016299709678e-02 3.857271745801e-02 4.072595387697e-02 3.206961974502e-02 4.332970455289e-02 5.264709517360e-02 5.121325328946e-02 7.017607241869e-02 4.664521664381e-02 2.546683326364e-02 2.591525204480e-02 5.475093051791e-02 7.265538722277e-02 3.339465335011e-02 2.244899608195e-02 2.755754813552e-02 1.771793141961e-02 2.031053602695e-02 2.108407951891e-02 1.685302145779e-02 1.192057784647e-02 1.241772808135e-02 1.348695345223e-02 1.922037079930e-02 1.948252879083e-02 1.455747708678e-02
2.772314473987e-02 4.698072001338e-02 3.524612635374e-02 3.629633411765e-02 3.871342167258e-02 9.178336709738e-02 3.435377031565e-02 5.101700872183e-02 7.802711427212e-02 8.765188604593e-02 6.466402858496e-02 3.758588060737e-02 4.572242125869e-02 6.034024059772e-02 3.411059826612e-02 4.446037858725e-02 4.357775300741e-02 5.158687010407e-02 3.950177505612e-02 4.726668074727e-02 3.886011615396e-02 5.247129127383e-02 6.270006299019e-02 6.001088768244e-02 8.246043324471e-02 5.027873069048e-02 2.801768109202e-02 3.029270283878e-02 5.240777507424e-02 5.893865972757e-02 3.318599984050e-02 2.594902925193e-02 2.782030031085e-02 1.979906298220e-02 2.377406321466e-02 2.343318425119e-02 1.767034828663e-02 1.240870356560e-02 1.399427093565e-02 1.511163637042e-02 2.196368388832e-02 1.982063986361e-02 1.396169699728e-02
2.527321130037e-02 4.497595876455e-02 3.536149114370e-02 2.836439758539e-02 3.584794327617e-02 1.065494641662e-01 3.795557096601e-02 5.394252017140e-02 8.670209348202e-02 1.009093448520e-01 7.840347290039e-02 4.145865514874e-02 4.716154187918e-02 6.033604219556e-02 3.451345488429e-02 4.736927151680e-02 4.283447563648e-02 5.257670953870e-02 3.796559944749e-02 4.999145865440e-02 4.446199163795e-02 5.898642167449e-02 6.952872872353e-02 6.489127874374e-02 9.146951138973e-02 5.062267556787e-02 2.704753354192e-02 3.392932191491e-02 4.490336403251e-02 4.098083823919e-02 3.107243031263e-02 2.941131964326e-02 2.762361988425e-02 2.110169082880e-02 2.652229927480e-02 2.480774000287e-02 1.758703403175e-02 1.460614148527e-02 1.379179861397e-02 2.053994126618e-02 2.509492076933e-02 2.032262273133e-02 1.303455512971e-02
2.914945594966e-02 4.293625801802e-02 3.415863960981e-02 3.192133828998e-02 4.036704823375e-02 1.205965951085e-01 4.333422705531e-02 5.218267068267e-02 8.760254830122e-02 1.065433248878e-01 8.918623626232e-02 5.421918258071e-02 4.901828244328e-02 6.066687405109e-02 3.446390479803e-02 5.009582266212e-02 4.157057777047e-02 5.322961509228e-02 3.912121802568e-02 4.733796790242e-02 4.781272634864e-02 6.204243376851e-02 7.117810845375e-02 6.487710028887e-02 9.665731340647e-02 4.874929785728e-02 3.102063760161e-02 4.044396430254e-02 3.409157693386e-02 3.321482241154e-02 3.546794876456e-02 3.288893774152e-02 2.685435861349e-02 2.727965638041e-02 2.826701104641e-02 2.498166076839e-02 1.662406884134e-02 1.500544976443e-02 1.724310033023e-02 2.763864584267e-02 2.747038938105e-02 1.934122294188e-02 1.089938636869e-02
3.276710957289e-02 4.306380078197e-02 3.389845788479e-02 3.456255421042e-02 4.471475258470e-02 1.336730420589e-01 4.896797984838e-02 4.584941267967e-02 7.998141646385e-02 1.037427186966e-01 9.558013081551e-02 6.610366702080e-02 5.098028853536e-02 6.963547319174e-02 3.871912509203e-02 5.280249565840e-02 4.166543483734e-02 5.368021503091e-02 3.991131857038e-02 4.183024168015e-02 4.992074891925e-02 6.077764928341e-02 6.754321604967e-02 6.524046510458e-02 9.603033214808e-02 4.310461133718e-02 3.699982166290e-02 4.739494249225e-02 3.380709886551e-02 4.090714454651e-02 4.472683742642e-02 3.624453395605e-02 3.129007667303e-02 3.394943475723e-02 3.467968851328e-02 2.382400631905e-02 1.620347239077e-02 1.448140945286e-02 2.741762250662e-02 3.342285007238e-02 2.654240466654e-02 1.533855777234e-02 1.294938474894e-02
3.516635671258e-02 4.387190565467e-02 3.357280045748e-02 3.385993465781e-02 4.887679964304e-02 1.442099958658e-01 5.389887467027e-02 3.760421648622e-02 6.805294752121e-02 9.461858123541e-02 9.624606370926e-02 7.550233602524e-02 5.277384072542e-02 7.514876872301e-02 4.868254810572e-02 5.580193921924e-02 5.529920756817e-02 5.447708815336e-02 4.031721502542e-02 5.005794391036e-02 4.886839538813e-02 5.627772212029e-02 5.957005918026e-02 7.279393076897e-02 8.917357027531e-02 3.453480452299e-02 4.310502484441e-02 5.432216450572e-02 3.882883861661e-02 4.742344468832e-02 5.268263071775e-02 4.327379167080e-02 3.480115160346e-02 3.601859509945e-02 3.761387988925e-02 2.151200361550e-02 1.509126741439e-02 2.603842318058e-02 3.680918738246e-02 3.371917456388e-02 2.049320563674e-02 1.339929085225e-02 1.268736738712e-02
3.564669191837e-02 4.540144279599e-02 3.331392258406e-02 3.637946024537e-02 5.263203755021e-02 1.526712179184e-01 5.841459706426e-02 3.749102354050e-02 5.438210442662e-02 7.978618144989e-02 8.918070048094e-02 8.037791401148e-02 6.461617350578e-02 7.482085376978e-02 6.163430958986e-02 5.873326212168e-02 7.813364267349e-02 5.848829075694e-02 4.018403589725e-02 6.635981798172e-02 5.425073206425e-02 4.950908571482e-02 7.298857718706e-02 7.751187682152e-02 7.760159671307e-02 3.463911265135e-02 4.825465381145e-02 5.913987383246e-02 4.051871970296e-02 5.121758952737e-02 5.966960266232e-02 5.042240396142e-02 3.221791237593e-02 3.129336237907e-02 3.555984050035e-02 1.847740449011e-02 2.368260920048e-02 3.850407898426e-02 3.943306952715e-02 2.615724876523e-02 1.313791144639e-02 1.219935435802e-02 1.227695774287e-02
3.462292253971e-02 4.710676893592e-02 4.335558041930e-02 4.111264646053e-02 5.602072924376e-02 1.580764800310e-01 6.126725673676e-02 3.891443833709e-02 4.538362845778e-02 6.178060919046e-02 7.611680775881e-02 7.901406288147e-02 7.198742777109e-02 7.811301201582e-02 7.472278177738e-02 6.139078736305e-02 1.045995876193e-01 7.715296745300e-02 4.054881259799e-02 8.068102598190e-02 6.052415817976e-02 6.457699835300e-02 9.613303095102e-02 7.857275754213e-02 6.283552199602e-02 3.591325879097e-02 5.044952407479e-02 6.045613437891e-02 3.878217935562e-02 5.087599158287e-02 6.328599900007e-02 5.603539943695e-02 3.298670053482e-02 2.497671358287e-02 3.295677900314e-02 2.007178775966e-02 3.804366663098e-02 4.436998069286e-02 3.154737874866e-02 1.599485985935e-02 1.429561804980e-02 1.575192250311e-02 1.668988913298e-02
3.496476635337e-02 4.880083724856e-02 5.473187193274e-02 3.771737590432e-02 5.922655388713e-02 1.624545902014e-01 6.256444752216e-02 4.015977308154e-02 4.547333344817e-02 5.843624472618e-02 5.847559496760e-02 7.016253471375e-02 7.370124012232e-02 8.697696775198e-02 8.043121546507e-02 6.801670044661e-02 1.305655837059e-01 9.426463395357e-02 4.437107965350e-02 9.186790883541e-02 6.352794915438e-02 7.836057990789e-02 1.133851706982e-01 7.329588383436e-02 4.633940011263e-02 4.280092567205e-02 4.852368682623e-02 5.720129236579e-02 3.515583649278e-02 4.655927792192e-02 6.123692169785e-02 5.746206641197e-02 3.492187708616e-02 2.154743112624e-02 3.153582289815e-02 3.509686887264e-02 4.801742732525e-02 3.805284202099e-02 1.942765712738e-02 1.545751001686e-02 1.497269328684e-02 2.027009986341e-02 1.984950900078e-02
3.122262842953e-02 5.052576586604e-02 5.932841449976e-02 4.215939715505e-02 6.251616030931e-02 1.674493253231e-01 6.340691447258e-02 4.168080911040e-02 4.154872149229e-02 5.634039640427e-02 4.624729231000e-02 5.528582260013e-02 7.934956997633e-02 9.321671724319e-02 7.459086924791e-02 8.416863530874e-02 1.512098014355e-01 1.080607250333e-01 5.214969813824e-02 9.956091642380e-02 6.365148723125e-02 8.521640300751e-02 1.187650859356e-01 6.100349128246e-02 4.051040858030e-02 5.442693829536e-02 5.623541399837e-02 5.091221258044e-02 3.479801490903e-02 3.904683142900e-02 5.417494103312e-02 5.435970798135e-02 3.486239165068e-02 2.131597511470e-02 3.185261785984e-02 4.911604151130e-02 4.562167450786e-02 2.456454373896e-02 1.731968298554e-02 1.487860362977e-02 1.608779095113e-02 2.292507141829e-02 2.112026698887e-02
4.260361939669e-02 5.255074054003e-02 5.938417091966e-02 6.876318901777e-02 6.591842323542e-02 1.704549640417e-01 6.314821541309e-02 4.980529844761e-02 3.549672663212e-02 5.150866135955e-02 4.322938621044e-02 6.069627776742e-02 8.358078449965e-02 9.946193546057e-02 8.037696778774e-02 1.000170260668e-01 1.681666076183e-01 1.161180883646e-01 5.655149370432e-02 1.060587540269e-01 6.973155587912e-02 8.309552818537e-02 1.141536012292e-01 5.059135705233e-02 4.304867610335e-02 6.519009917974e-02 7.140742987394e-02 4.446617141366e-02 3.544575721025e-02 3.240359202027e-02 4.492484405637e-02 4.874170944095e-02 3.300643712282e-02 2.402056008577e-02 4.674336314201e-02 5.273791402578e-02 3.179167211056e-02 1.665684580803e-02 1.781722530723e-02 1.375826913863e-02 1.841048523784e-02 2.434919774532e-02 2.627102099359e-02
5.625025182962e-02 5.497502163053e-02 5.847367271781e-02 8.443947881460e-02 6.849046796560e-02 1.713515520096e-01 6.130991876125e-02 5.708542466164e-02 3.754884377122e-02 5.277645587921e-02 4.473953321576e-02 6.503756344318e-02 8.752138167620e-02 1.055398583412e-01 7.762411236763e-02 1.130562126637e-01 1.713680475950e-01 1.100444719195e-01 6.707804650068e-02 1.114904135466e-01 6.994254887104e-02 7.596883922815e-02 9.874174743891e-02 4.807395860553e-02 4.707462340593e-02 7.499200105667e-02 7.691106945276e-02 4.005905240774e-02 3.856090456247e-02 3.394926339388e-02 4.671244323254e-02 4.099525511265e-02 2.936918847263e-02 4.202487692237e-02 5.666090175509e-02 4.074594751000e-02 2.284471131861e-02 1.496781222522e-02 1.795922406018e-02 1.569956354797e-02 2.372887544334e-02 3.092014230788e-02 3.079620376229e-02
6.616719812155e-02 7.171504944563e-02 6.775018572807e-02 7.803635299206e-02 7.306942343712e-02 1.699395775795e-01 6.681476533413e-02 6.274475157261e-02 3.941149264574e-02 5.355875939131e-02 4.945975542068e-02 6.729973852634e-02 9.223097562790e-02 1.115268319845e-01 7.135584205389e-02 1.213440522552e-01 1.615055799484e-01 9.766072034836e-02 7.376482337713e-02 1.155490800738e-01 6.245355680585e-02 6.065207719803e-02 7.668293267488e-02 4.449838399887e-02 5.531654134393e-02 7.507167756557e-02 7.097701728344e-02 4.241772741079e-02 4.436521604657e-02 3.755556046963e-02 5.067695677280e-02 3.529530391097e-02 3.594738245010e-02 5.672504380345e-02 4.995460063219e-02 3.503486141562e-02 1.953326165676e-02 1.631341129541e-02 2.017298154533e-02 2.271526679397e-02 3.311925753951e-02 3.398464992642e-02 2.830611541867e-02
8.668407052755e-02 8.607092499733e-02 9.290758520365e-02 7.160582393408e-02 8.660224825144e-02 1.645863801241e-01 7.606231421232e-02 6.863997131586e-02 5.358601734042e-02 5.364719405770e-02 5.771208927035e-02 8.724044263363e-02 9.611444175243e-02 1.181906461716e-01 7.716377079487e-02 1.219502910972e-01 1.436300724745e-01 9.343104064465e-02 7.596999406815e-02 1.185602918267e-01 5.626356229186e-02 4.976938292384e-02 5.775610357523e-02 4.772021621466e-02 6.014675647020e-02 6.717910617590e-02 5.251231044531e-02 4.680470377207e-02 5.172353610396e-02 4.282525181770e-02 5.238516628742e-02 3.332633525133e-02 5.362365394831e-02 5.638680979609e-02 5.028153583407e-02 3.169872984290e-02 2.274735085666e-02 1.996527798474e-02 2.414799481630e-02 3.295041993260e-02 3.683203458786e-02 2.966811135411e-02 2.201993763447e-02
9.618791192770e-02 9.522413462400e-02 1.148640587926e-01 1.069185361266e-01 7.318211346865e-02 1.553134918213e-01 7.073123753071e-02 7.932882010937e-02 7.402250170708e-02 6.138692051172e-02 6.269040703773e-02 1.051251217723e-01 1.105675771832e-01 1.255715936422e-01 8.614233881235e-02 1.148162335157e-01 1.420733183622e-01 1.139677613974e-01 7.383979856968e-02 1.189729422331e-01 5.661341175437e-02 5.368690937757e-02 5.861356481910e-02 5.305725336075e-02 5.638156458735e-02 5.287092924118e-02 4.875834658742e-02 5.453485250473e-02 5.666819959879e-02 4.442322626710e-02 5.194266885519e-02 5.036516487598e-02 5.977217108011e-02 5.624480918050e-02 5.358084663749e-02 3.911221399903e-02 2.789366804063e-02 2.576357126236e-02 3.126041591167e-02 3.693109378219e-02 3.051268868148e-02 2.514224499464e-02 2.254240028560e-02
