VariationalSeries/SI/f35_max.grd
DSAA
101	101
32.816463539100	34.260883539100
35.556306596100	36.727886596100
5.431603858597e-05	8.858734130859e+00
[rows 0 to 18 of 101, columns 0 to 42 of 101]
8.228618651628e-03 1.470729429275e-02 1.303167641163e-02 7.799332961440e-03 6.535893306136e-03 8.546048775315e-03 1.702625118196e-02 2.373520098627e-02 2.122852578759e-02 1.267740782350e-02 8.018970489502e-03 9.215455502272e-03 9.782053530216e-03 9.443600662053e-03 8.097073063254e-03 1.232250966132e-02 1.851728558540e-02 2.142813801765e-02 1.526360958815e-02 9.947608225048e-03 1.130448933691e-02 1.209059450775e-02 8.946317248046e-03 8.024355396628e-03 8.508546277881e-03 1.162989344448e-02 1.697752065957e-02 1.939161866903e-02 2.523062750697e-02 2.010428346694e-02 1.546453591436e-02 1.453378330916e-02 1.261442806572e-02 1.001070439816e-02 8.128813467920e-03 7.872190326452e-03 7.238684222102e-03 9.815406985581e-03 1.377503480762e-02 1.579992473125e-02 1.323377713561e-02 1.120981574059e-02 1.067725196481e-02
1.522960606962e-02 2.873972244561e-02 2.818649075925e-02 1.968543045223e-02 1.388953253627e-02 1.652361638844e-02 3.276628628373e-02 4.531209543347e-02 4.009070247412e-02 2.336299605668e-02 1.376833580434e-02 1.574421487749e-02 1.662604510784e-02 1.582731679082e-02 1.379051525146e-02 1.832478493452e-02 2.917187474668e-02 3.817890584469e-02 3.446435928345e-02 2.053994126618e-02 2.061793394387e-02 3.157997503877e-02 1.659993082285e-02 1.489077601582e-02 1.754692755640e-02 2.272212877870e-02 2.845990285277e-02 3.249269723892e-02 4.797870293260e-02 3.735128045082e-02 2.513614110649e-02 2.278212271631e-02 2.121195197105e-02 1.718053780496e-02 1.847884245217e-02 1.931996084750e-02 1.942547224462e-02 2.182682417333e-02 2.745477110147e-02 2.763064764440e-02 2.044376172125e-02 2.021936699748e-02 2.208903059363e-02
1.489387080073e-02 3.057171404362e-02 3.426558151841e-02 2.934804745018e-02 1.886412873864e-02 1.907291822135e-02 3.791048750281e-02 5.150667950511e-02 4.413469135761e-02 2.418909035623e-02 1.738636009395e-02 1.960036531091e-02 2.025042288005e-02 1.873669028282e-02 1.542829349637e-02 1.483438815922e-02 1.915332302451e-02 2.861158363521e-02 3.271227702498e-02 2.658817917109e-02 3.255680575967e-02 4.882733151317e-02 2.136745676398e-02 1.844375021756e-02 2.333361469209e-02 2.824286371469e-02 2.931734360754e-02 2.948203682899e-02 5.591490119696e-02 4.188698902726e-02 2.435519546270e-02 2.088566310704e-02 2.902759797871e-02 1.544435974211e-02 1.738871075213e-02 1.996755786240e-02 2.504903264344e-02 3.173675388098e-02 3.318719193339e-02 2.749694697559e-02 2.811149135232e-02 1.875694841146e-02 2.476138807833e-02
1.322823856026e-02 2.912284433842e-02 3.467411175370e-02 3.544233739376e-02 2.849036827683e-02 1.952592842281e-02 3.961891308427e-02 5.269014090300e-02 4.264298826456e-02 2.077007107437e-02 1.923868618906e-02 2.123733237386e-02 2.114645019174e-02 1.881442405283e-02 1.496085710824e-02 1.514398399740e-02 1.445019245148e-02 1.660905964673e-02 2.161634713411e-02 2.460541948676e-02 5.461500957608e-02 6.214702874422e-02 2.390670776367e-02 2.025318518281e-02 2.573596686125e-02 2.950909733772e-02 2.822940610349e-02 2.689689770341e-02 5.600662529469e-02 4.072102531791e-02 2.063452638686e-02 1.676820777357e-02 3.345847129822e-02 1.778469048440e-02 1.948946900666e-02 2.756422571838e-02 3.410588949919e-02 3.554281964898e-02 3.008572757244e-02 3.480921313167e-02 3.394258022308e-02 2.081717550755e-02 2.270120009780e-02
1.293836813420e-02 2.786011062562e-02 3.298539668322e-02 3.643009439111e-02 3.486389666796e-02 2.464192174375e-02 4.042095318437e-02 5.262740701437e-02 3.996467217803e-02 1.760977134109e-02 2.062973193824e-02 2.196130715311e-02 2.118687331676e-02 2.108939178288e-02 1.935770362616e-02 1.634009554982e-02 1.596494577825e-02 1.580110192299e-02 2.229390665889e-02 4.520042985678e-02 7.592540979385e-02 6.828089058399e-02 2.565279603004e-02 2.886157482862e-02 2.574712596834e-02 2.882925048470e-02 2.586033754051e-02 2.676795423031e-02 5.301078781486e-02 3.835660591722e-02 2.438406646252e-02 1.906538195908e-02 3.567260876298e-02 2.183270640671e-02 3.063834644854e-02 3.667646646500e-02 3.707977756858e-02 3.130210563540e-02 2.155213430524e-02 3.572490438819e-02 4.146674647927e-02 2.781243249774e-02 1.799568533897e-02
1.206773240119e-02 2.429817244411e-02 2.936821430922e-02 3.208356723189e-02 3.559901565313e-02 2.964011020958e-02 4.037933796644e-02 5.092054232955e-02 3.600733727217e-02 1.955158822238e-02 2.190344408154e-02 2.396691590548e-02 2.554855309427e-02 2.472208626568e-02 2.223405428231e-02 1.808659173548e-02 1.468107476830e-02 1.667558774352e-02 3.550878912210e-02 6.445503979921e-02 8.834809809923e-02 6.744863092899e-02 2.897315472364e-02 4.394724592566e-02 2.702156454325e-02 2.703028731048e-02 2.316125296056e-02 2.906628511846e-02 4.741605371237e-02 3.833823651075e-02 2.464357204735e-02 2.085640095174e-02 4.136802628636e-02 3.269509598613e-02 3.880519047379e-02 3.836420923471e-02 3.184500709176e-02 2.202468179166e-02 2.425950765610e-02 3.366002812982e-02 5.078560858965e-02 3.230912238359e-02 1.751394756138e-02
1.520014088601e-02 2.699974924326e-02 2.493438683450e-02 2.467874251306e-02 3.072576411068e-02 2.976830676198e-02 3.973449766636e-02 4.865409061313e-02 3.230216726661e-02 2.155571803451e-02 2.410980314016e-02 2.744345925748e-02 2.780673466623e-02 2.585158310831e-02 2.199117094278e-02 2.078594267368e-02 1.971625164151e-02 2.458688244224e-02 4.794466868043e-02 7.702898979187e-02 9.149617701769e-02 6.160240992904e-02 3.835308179259e-02 5.570476502180e-02 3.915111348033e-02 2.460707910359e-02 2.271000668406e-02 5.394928529859e-02 7.563219964504e-02 4.883348941803e-02 2.733223512769e-02 2.321324869990e-02 4.542890936136e-02 3.833029419184e-02 3.832755610347e-02 3.182709217072e-02 2.218839339912e-02 2.431210875511e-02 3.521728888154e-02 4.444912448525e-02 5.215562134981e-02 3.823039308190e-02 1.745574176311e-02
1.542028039694e-02 3.084697574377e-02 3.187397494912e-02 2.307063527405e-02 2.203454822302e-02 2.491438202560e-02 3.917235508561e-02 4.755602777004e-02 3.007549419999e-02 2.329577691853e-02 2.723195217550e-02 2.906817570329e-02 2.810197696090e-02 2.477984875441e-02 2.321125939488e-02 2.633657492697e-02 2.935262396932e-02 3.246888145804e-02 5.879352986813e-02 8.358695358038e-02 8.980668336153e-02 5.536507815123e-02 4.161513596773e-02 6.125082075596e-02 4.761960729957e-02 3.033131733537e-02 2.178475446999e-02 8.201511204243e-02 1.060136035085e-01 5.725241452456e-02 2.986923418939e-02 2.796340361238e-02 4.486586898565e-02 3.518854454160e-02 3.260546177626e-02 2.314102463424e-02 2.327032200992e-02 3.465627133846e-02 4.577766358852e-02 5.056215450168e-02 4.586183652282e-02 4.788168519735e-02 2.011612616479e-02
1.333482563496e-02 2.915663644671e-02 3.625771775842e-02 3.300389274955e-02 2.192649990320e-02 2.156895399094e-02 3.873861208558e-02 4.713212326169e-02 2.894162200391e-02 2.594836615026e-02 2.887712419033e-02 2.915293164551e-02 2.667537890375e-02 2.296619489789e-02 2.422690205276e-02 2.800279669464e-02 3.798052296042e-02 3.898224234581e-02 6.490391492844e-02 8.232561498880e-02 8.149719983339e-02 4.804524034262e-02 4.245171323419e-02 5.856493487954e-02 5.137538164854e-02 3.502824902534e-02 2.749424614012e-02 1.058184206486e-01 1.237587109208e-01 6.307163089514e-02 3.271375223994e-02 2.665751986206e-02 4.551517218351e-02 3.037494607270e-02 3.579490631819e-02 3.586261719465e-02 3.473548963666e-02 4.657986015081e-02 5.358273535967e-02 5.065537989140e-02 3.721355274320e-02 5.943328514695e-02 2.362894080579e-02
1.349397096783e-02 2.421034313738e-02 3.417409583926e-02 3.871317580342e-02 3.302279487252e-02 2.140011824667e-02 3.882685676217e-02 4.704885184765e-02 2.827303297818e-02 2.746021933854e-02 2.895642817020e-02 2.771202661097e-02 3.026816062629e-02 3.295636549592e-02 3.445890173316e-02 3.493101522326e-02 4.123295098543e-02 4.516064375639e-02 6.683789193630e-02 7.637096196413e-02 7.060925662518e-02 4.094440117478e-02 3.834629431367e-02 5.118511617184e-02 4.962653294206e-02 3.599898144603e-02 2.972956188023e-02 1.200927272439e-01 1.314565390348e-01 6.533739715815e-02 2.868468500674e-02 2.316010557115e-02 4.932789504528e-02 3.014949709177e-02 3.664853051305e-02 3.735648468137e-02 4.827440902591e-02 5.559549108148e-02 5.439911410213e-02 4.357403516769e-02 3.111830726266e-02 6.456865370274e-02 3.272360935807e-02
1.354915834963e-02 2.714863233268e-02 2.816984616220e-02 3.702436015010e-02 4.052112251520e-02 3.258937224746e-02 3.847828134894e-02 4.629373550415e-02 2.733969688416e-02 2.773799933493e-02 3.045073896646e-02 3.564753383398e-02 3.951989114285e-02 4.165770858526e-02 4.263801127672e-02 4.299589619040e-02 4.252868890762e-02 5.596032366157e-02 7.847659289837e-02 8.317752182484e-02 6.991131603718e-02 5.167308077216e-02 3.627604246140e-02 4.365576431155e-02 4.476547241211e-02 3.206666931510e-02 3.446311131120e-02 1.267116069794e-01 1.345092356205e-01 6.398195773363e-02 2.757520042360e-02 2.610346488655e-02 4.832787811756e-02 3.207460418344e-02 4.259461909533e-02 5.166912823915e-02 5.763507634401e-02 5.653998628259e-02 4.690203070641e-02 3.618322685361e-02 3.526884317398e-02 6.203668937087e-02 4.257175698876e-02
1.146451756358e-02 2.415065094829e-02 2.891997247934e-02 3.078099526465e-02 3.999812901020e-02 4.217323660851e-02 3.731170296669e-02 4.460833221674e-02 2.710006758571e-02 3.282494470477e-02 3.820169344544e-02 4.257363453507e-02 4.555827751756e-02 4.725272208452e-02 4.781024903059e-02 4.769247397780e-02 4.716958478093e-02 7.445733994246e-02 1.018099561334e-01 1.058234721422e-01 9.118074923754e-02 7.143194228411e-02 5.224992707372e-02 3.704902529716e-02 5.209783837199e-02 4.993497580290e-02 4.224701970816e-02 1.215917915106e-01 1.190052405000e-01 5.820941552520e-02 3.567009791732e-02 4.222769290209e-02 4.557934775949e-02 5.116963014007e-02 5.803504213691e-02 6.064288690686e-02 5.816271528602e-02 5.031885951757e-02 4.802380502224e-02 5.563275516033e-02 4.195171594620e-02 5.302988737822e-02 5.099263042212e-02
9.869429282844e-03 1.877416670322e-02 2.405030652881e-02 2.847044728696e-02 3.380265086889e-02 4.285598173738e-02 4.307984933257e-02 4.219478741288e-02 3.364728018641e-02 3.913264349103e-02 4.304938763380e-02 4.553170874715e-02 4.700425267220e-02 4.780540987849e-02 4.783714935184e-02 4.755730181932e-02 4.752573370934e-02 8.192373812199e-02 1.107144430280e-01 1.130595430732e-01 9.773427993059e-02 7.956196367741e-02 6.216637417674e-02 4.544449225068e-02 7.004386931658e-02 6.773263216019e-02 5.711868777871e-02 1.058626323938e-01 9.336265921593e-02 4.949430003762e-02 6.239181384444e-02 7.042950391769e-02 7.017594575882e-02 6.788984686136e-02 6.599785387516e-02 6.409968435764e-02 6.216440722346e-02 5.898356437683e-02 5.395361408591e-02 7.537840306759e-02 4.683061689138e-02 4.032032191753e-02 6.570604443550e-02
1.223489921540e-02 2.374328300357e-02 2.334747090936e-02 2.187426015735e-02 2.682393975556e-02 3.675161302090e-02 4.584820196033e-02 4.375768080354e-02 3.743490204215e-02 4.160942137241e-02 4.368738085032e-02 4.433956742287e-02 4.399226233363e-02 4.296106472611e-02 4.180585965514e-02 4.155386611819e-02 4.257376492023e-02 7.517686486244e-02 9.959251433611e-02 1.029507294297e-01 9.241818636656e-02 7.832789421082e-02 6.463205814362e-02 5.104638263583e-02 6.918784976006e-02 7.148480415344e-02 6.314755231142e-02 8.660519123077e-02 6.809498369694e-02 5.423998460174e-02 7.323727756739e-02 8.287469297647e-02 7.909426838160e-02 7.130443304777e-02 6.421628594398e-02 6.040310487151e-02 5.704824998975e-02 5.315251648426e-02 4.858565703034e-02 7.970758527517e-02 7.298529893160e-02 4.162715002894e-02 7.462365925312e-02
1.577677391469e-02 3.155753016472e-02 3.170818835497e-02 3.111758641899e-02 3.008846938610e-02 2.858623676002e-02 4.018114879727e-02 4.898644983768e-02 4.332762211561e-02 4.067503288388e-02 4.118563234806e-02 4.026772081852e-02 3.843953832984e-02 3.601174056530e-02 3.389609232545e-02 3.426789492369e-02 3.465406596661e-02 5.935606360435e-02 7.650590687990e-02 8.069086074829e-02 7.549508661032e-02 6.777735799551e-02 5.979333445430e-02 5.123427137733e-02 5.419481918216e-02 5.911713093519e-02 5.776713043451e-02 8.795177191496e-02 4.989989101887e-02 5.507271736860e-02 7.136999070644e-02 7.930530607700e-02 7.593959569931e-02 6.281042844057e-02 4.647012427449e-02 4.799364134669e-02 4.091375321150e-02 4.330721497536e-02 4.218183830380e-02 6.569624692202e-02 9.738217294216e-02 4.219844564795e-02 7.502222806215e-02
1.600278168917e-02 3.252021595836e-02 3.368782624602e-02 3.530751168728e-02 3.653508797288e-02 3.686280548573e-02 3.665476292372e-02 4.399729520082e-02 5.119162797928e-02 4.109029099345e-02 3.695186972618e-02 3.500522673130e-02 3.250762447715e-02 3.065454214811e-02 3.299934044480e-02 3.504187241197e-02 3.732902929187e-02 4.880216717720e-02 5.353865027428e-02 5.741823092103e-02 5.622987076640e-02 5.215464159846e-02 4.868050292134e-02 4.612937197089e-02 4.414596781135e-02 4.331821575761e-02 5.733524635434e-02 9.306609630585e-02 6.354466825724e-02 6.217611581087e-02 7.389804720879e-02 7.505814731121e-02 6.300690770149e-02 6.298911571503e-02 3.407109901309e-02 5.696765333414e-02 5.430079251528e-02 5.031037703156e-02 4.317085817456e-02 4.599696770310e-02 1.105050966144e-01 6.002472713590e-02 6.647585332394e-02
1.736129634082e-02 2.996704354882e-02 2.974201738834e-02 3.105201013386e-02 3.372665867209e-02 3.710165992379e-02 3.932301327586e-02 4.050838947296e-02 4.708663374186e-02 4.984069988132e-02 4.267586395144e-02 4.113272204995e-02 4.154802858829e-02 3.766569867730e-02 3.402508422732e-02 3.851938247681e-02 4.254536703229e-02 5.019658803940e-02 5.066499114037e-02 4.255494475365e-02 3.837138786912e-02 4.493366554379e-02 5.629739165306e-02 5.854245275259e-02 5.290988087654e-02 4.269564896822e-02 6.347351521254e-02 9.467235207558e-02 6.383772939444e-02 6.709074974060e-02 7.060703635216e-02 7.254102826118e-02 7.797847688198e-02 7.005856931210e-02 4.273769631982e-02 6.412255764008e-02 6.039581820369e-02 4.996995255351e-02 3.762651607394e-02 4.491722956300e-02 1.059893816710e-01 9.222832322121e-02 5.168140679598e-02
1.980832405388e-02 3.648334369063e-02 3.928288072348e-02 3.388253226876e-02 3.119692020118e-02 3.371730819345e-02 3.441581502557e-02 3.406961634755e-02 3.684518113732e-02 4.586841166019e-02 4.998467117548e-02 5.151943117380e-02 5.164971947670e-02 4.748829081655e-02 4.659126326442e-02 4.498907551169e-02 4.227378964424e-02 5.024453252554e-02 5.272958800197e-02 4.691968485713e-02 3.869971632957e-02 3.560167923570e-02 3.926986828446e-02 4.386473447084e-02 4.503273218870e-02 4.528554528952e-02 5.554913729429e-02 9.086779505014e-02 6.494608521461e-02 5.689819529653e-02 6.519855558872e-02 7.509063929319e-02 8.390071988106e-02 7.158520072699e-02 4.916983097792e-02 7.084679603577e-02 5.786235257983e-02 4.491328075528e-02 3.382663801312e-02 4.097456112504e-02 8.521202951670e-02 1.248996108770e-01 5.728278681636e-02
1.943036541343e-02 3.809734806418e-02 4.528135061264e-02 4.264714196324e-02 3.228755667806e-02 2.498286031187e-02 3.037260100245e-02 3.447383269668e-02 3.703543916345e-02 3.739796578884e-02 4.946247115731e-02 5.497284606099e-02 5.246987566352e-02 5.265165865421e-02 5.325049906969e-02 5.255368724465e-02 4.651603847742e-02 4.976465180516e-02 5.442495271564e-02 5.017741397023e-02 3.828909993172e-02 4.604817926884e-02 4.486297443509e-02 4.610776901245e-02 4.069218784571e-02 3.965926170349e-02 4.168932139874e-02 8.407429605722e-02 7.678997516632e-02 6.088990718126e-02 5.891632288694e-02 6.350160390139e-02 7.864701747894e-02 7.022695988417e-02 5.692540854216e-02 6.843553483486e-02 5.042948573828e-02 4.029286280274e-02 3.800382465124e-02 3.729064390063e-02 5.835729837418e-02 1.461064368486e-01 6.027089059353e-02
