VariationalSeries/SI/f35_max.grd
DSAA
101	101
32.816463539100	34.260883539100
35.556306596100	36.727886596100
5.431603858597e-05	8.858734130859e+00
[rows 57 to 75 of 101, columns 43 to 85 of 101]
3.740557283163e-02 4.448439180851e-02 2.261123992503e-02 2.504746802151e-02 2.479188144207e-02 3.990036994219e-02 4.504221305251e-02 6.072852760553e-02 5.301574245095e-02 2.889713272452e-02 2.005072124302e-02 1.685693860054e-02 1.243676152080e-02 2.205731533468e-02 9.178673475981e-02 3.083098530769e-01 6.842835545540e-01 6.440647840500e-01 9.261240959167e-01 3.146672546864e-01 9.079519659281e-02 6.937916576862e-02 1.259115934372e-01 2.303759902716e-01 3.942877352238e-01 3.574667870998e-01 3.887964785099e-01 3.160841166973e-01 4.123465418816e-01 3.800639212132e-01 4.014453589916e-01 2.992011904716e-01 3.111746907234e-01 4.367534518242e-01 2.712206244469e-01 1.703105717897e-01 1.988464146852e-01 2.789510786533e-01 3.497794568539e-01 2.529834806919e-01 1.053852587938e-01 9.253198653460e-02 8.947890996933e-02
2.988130971789e-02 4.991407319903e-02 1.826367154717e-02 1.942934654653e-02 1.925044879317e-02 2.895421162248e-02 5.670235678554e-02 1.825734525919e-01 1.452888995409e-01 3.118243440986e-02 1.852220855653e-02 1.265192031860e-02 9.731469675899e-03 9.617821313441e-03 1.910760998726e-02 1.837794482708e-01 2.153931856155e-01 2.244824171066e-01 1.823156774044e-01 1.845713555813e-01 1.347932368517e-01 1.024205237627e-01 7.902804017067e-02 4.756238684058e-02 1.231196597219e-01 2.456659227610e-01 4.285580515862e-01 4.369139969349e-01 4.765118956566e-01 2.622385919094e-01 3.458395302296e-01 3.155511617661e-01 2.704927921295e-01 2.376904785633e-01 2.416916340590e-01 1.819640100002e-01 1.784722059965e-01 2.149459868670e-01 2.114274054766e-01 1.938762217760e-01 2.013851553202e-01 2.112906277180e-01 1.978536248207e-01
2.483689785004e-02 2.396018244326e-02 1.663608476520e-02 1.768618635833e-02 1.798464357853e-02 2.635987102985e-02 8.053942024708e-02 2.091941386461e-01 2.062925398350e-01 4.625653102994e-02 1.910314522684e-02 1.082387380302e-02 7.694059517235e-03 7.000953890383e-03 7.158098742366e-03 8.970447815955e-03 1.239119004458e-02 1.687714457512e-02 2.190709859133e-02 2.703814208508e-02 3.180652111769e-02 3.738469257951e-02 2.512421272695e-02 2.524479478598e-02 6.035858020186e-02 2.808621525764e-01 4.839176237583e-01 5.490368008614e-01 5.270873904228e-01 5.322331786156e-01 3.511813580990e-01 3.042939901352e-01 2.583820521832e-01 2.350632250309e-01 3.302094042301e-01 2.845590412617e-01 2.359888404608e-01 1.477359682322e-01 1.590200215578e-01 1.336831599474e-01 1.177975386381e-01 1.115205436945e-01 9.751462936401e-02
2.291700616479e-02 2.063869312406e-02 1.610291190445e-02 1.793489046395e-02 2.037908323109e-02 2.677250280976e-02 1.854963749647e-01 2.084136456251e-01 2.559077739716e-01 3.570393100381e-02 1.675972901285e-02 1.044232584536e-02 6.978249642998e-03 5.663286428899e-03 5.405454896390e-03 5.690506193787e-03 6.975842639804e-03 9.193395264447e-03 1.329555734992e-02 1.545023731887e-02 1.772339269519e-02 3.556281328201e-02 1.825411431491e-02 1.680247858167e-02 5.148310959339e-02 1.150005757809e-01 4.105832874775e-01 4.551337063313e-01 4.843945801258e-01 5.173822641373e-01 4.304898977280e-01 3.338447511196e-01 2.317585945129e-01 2.974496483803e-01 2.070640176535e-01 1.822177618742e-01 1.511008739471e-01 1.249289289117e-01 1.174674779177e-01 1.155655160546e-01 1.226233094931e-01 1.739413142204e-01 2.422299236059e-01
1.942115649581e-02 1.513228379190e-02 1.582397520542e-02 1.903281919658e-02 2.965857461095e-02 4.853801056743e-02 1.472799330950e-01 3.261833190918e-01 1.258975565434e-01 1.994005218148e-02 1.220271270722e-02 8.899373002350e-03 6.370570510626e-03 4.781977273524e-03 4.375575575978e-03 4.378366284072e-03 4.757405724376e-03 6.378005724400e-03 8.782945573330e-03 1.004400849342e-02 1.044796779752e-02 2.173400111496e-02 1.298050209880e-02 1.411062479019e-02 3.154365345836e-02 1.076884567738e-01 2.914422750473e-01 3.960526585579e-01 4.103973209858e-01 3.128050565720e-01 2.416149973869e-01 3.455027043819e-01 2.362593710423e-01 1.667731553316e-01 1.851370334625e-01 2.335519790649e-01 2.115460634232e-01 1.498805284500e-01 1.399655044079e-01 1.364225447178e-01 1.322525441647e-01 1.465017795563e-01 1.822325736284e-01
1.409508660436e-02 1.162534113973e-02 1.454115845263e-02 3.446295112371e-02 7.807081192732e-02 1.807233840227e-01 2.644157111645e-01 1.665031164885e-01 1.767489500344e-02 1.209053583443e-02 8.680775761604e-03 7.148019038141e-03 5.575922783464e-03 4.557599779218e-03 4.013061057776e-03 4.180656746030e-03 4.368349444121e-03 5.277457647026e-03 7.617160212249e-03 9.370157495141e-03 9.951385669410e-03 1.055749785155e-02 1.060644816607e-02 1.577685773373e-02 3.838879242539e-02 1.005870699883e-01 1.234628409147e-01 1.234879568219e-01 2.378803938627e-01 2.753836512566e-01 3.228754699230e-01 2.062719911337e-01 2.672279477119e-01 1.960229873657e-01 2.188975512981e-01 2.585401237011e-01 5.171521306038e-01 3.262894749641e-01 1.920513510704e-01 1.575458943844e-01 1.620867699385e-01 1.592952311039e-01 1.538761556149e-01
9.098799899220e-03 9.525226429105e-03 1.204497646540e-02 1.522500347346e-02 3.351187333465e-02 2.077807337046e-01 1.350041776896e-01 1.801367290318e-02 1.051290426403e-02 9.264698252082e-03 7.763332221657e-03 6.559993140399e-03 5.141923204064e-03 4.385840613395e-03 3.909312188625e-03 4.312555771321e-03 4.467027261853e-03 4.390251822770e-03 6.266667041928e-03 7.995946332812e-03 9.032581932843e-03 8.981658145785e-03 1.127620786428e-02 1.829141005874e-02 5.709648504853e-02 1.133017018437e-01 6.707633286715e-02 8.783753216267e-02 8.176442235708e-02 4.231694340706e-01 6.161265373230e-01 3.326808810234e-01 1.828910410404e-01 2.504594027996e-01 9.885580092669e-02 1.040556430817e-01 3.866514861584e-01 1.860485821962e-01 1.515309810638e-01 1.161460354924e-01 1.193675175309e-01 1.331256926060e-01 1.434797197580e-01
7.656982168555e-03 8.326059207320e-03 9.759291075170e-03 1.234804186970e-02 1.398065127432e-02 1.945400238037e-02 2.150971814990e-02 1.466255262494e-02 7.617747876793e-03 7.865643128753e-03 6.897244602442e-03 6.305070593953e-03 5.160315427929e-03 4.177205730230e-03 4.270959645510e-03 4.355517216027e-03 4.659335128963e-03 4.615639802068e-03 5.279649980366e-03 6.778893992305e-03 8.061097003520e-03 8.553689345717e-03 9.025325998664e-03 1.504301093519e-02 4.223974794149e-02 2.603891119361e-02 2.517666295171e-02 4.125505685806e-02 9.336677938700e-02 1.850824207067e-01 1.938279420137e-01 2.449522614479e-01 3.909372389317e-01 2.095952332020e-01 1.997121274471e-01 1.550462543964e-01 1.589187681675e-01 1.346275359392e-01 7.162341475487e-02 8.936672657728e-02 8.730050176382e-02 9.432685375214e-02 1.186082139611e-01
6.020847242326e-03 6.787224672735e-03 8.087240159512e-03 9.919244796038e-03 1.066547818482e-02 1.187258027494e-02 1.256440486759e-02 7.855133153498e-03 6.693890318274e-03 6.957883946598e-03 6.488856859505e-03 5.629035178572e-03 4.701081197709e-03 4.214025568217e-03 4.170593339950e-03 4.779647570103e-03 4.718306474388e-03 4.057339858264e-03 4.667153116316e-03 5.923559423536e-03 7.009845692664e-03 8.194096386433e-03 1.165735255927e-02 1.219961047173e-02 1.238137949258e-02 1.727541536093e-02 1.683227717876e-02 4.133519902825e-02 5.770860612392e-02 7.772032171488e-02 1.612937599421e-01 2.835904657841e-01 2.095942795277e-01 3.830624520779e-01 2.446859180927e-01 1.376035660505e-01 1.142654269934e-01 1.038465872407e-01 1.249889805913e-01 1.176022365689e-01 1.465507447720e-01 1.442919373512e-01 1.677794307470e-01
5.558731965721e-03 5.494398996234e-03 6.185299716890e-03 7.026383187622e-03 7.574682589620e-03 7.461796514690e-03 7.122968323529e-03 6.874615792185e-03 7.438797038049e-03 7.354482077062e-03 6.852712947875e-03 5.972175393254e-03 4.886224865913e-03 4.320670384914e-03 3.906077938154e-03 3.840342862532e-03 4.334434866905e-03 4.397040698677e-03 4.422035533935e-03 5.336023867130e-03 6.178507115692e-03 7.315889932215e-03 1.119971554726e-02 1.261340919882e-02 1.360541116446e-02 2.816291898489e-02 3.873518109322e-02 4.978807643056e-02 6.988225877285e-02 7.544823735952e-02 1.653495877981e-01 3.140141367912e-01 1.481588631868e-01 1.578937768936e-01 2.794621586800e-01 2.362967133522e-01 1.638033241034e-01 1.391931772232e-01 1.744553446770e-01 8.978476375341e-02 1.190682649612e-01 1.448141187429e-01 1.729232072830e-01
4.566713701934e-03 5.173079203814e-03 5.433115176857e-03 5.500323139131e-03 6.160071585327e-03 6.634192075580e-03 7.147428579628e-03 6.345077883452e-03 6.106216460466e-03 6.301581859589e-03 6.771613378078e-03 6.741137709469e-03 5.802975501865e-03 4.911984782666e-03 4.657153040171e-03 4.199247341603e-03 3.617584705353e-03 4.021486267447e-03 4.552267026156e-03 5.031340289861e-03 5.523385480046e-03 6.331846583635e-03 9.531199000776e-03 9.296116419137e-03 1.028410065919e-02 2.548987604678e-02 5.450502410531e-02 7.356918603182e-02 1.034937649965e-01 5.436700582504e-02 1.603925526142e-01 8.027574419975e-02 8.618563413620e-02 9.899847209454e-02 1.580397337675e-01 1.735627055168e-01 2.252490371466e-01 2.051528990269e-01 1.523696780205e-01 1.303191781044e-01 9.974263608456e-02 1.074419543147e-01 8.671268820763e-02
4.469694104046e-03 4.943069070578e-03 4.919202532619e-03 5.015565082431e-03 5.359812639654e-03 5.960891488940e-03 6.451699417084e-03 5.763248074800e-03 4.498680122197e-03 4.806700628251e-03 5.219059530646e-03 6.155697163194e-03 6.392449606210e-03 5.311965476722e-03 5.002904217690e-03 6.046562455595e-03 5.360822193325e-03 4.364098422229e-03 4.750684369355e-03 4.945402033627e-03 6.038798019290e-03 6.703279912472e-03 7.479134481400e-03 9.165616706014e-03 1.063869055361e-02 1.858096010983e-02 3.921048715711e-02 4.672912135720e-02 6.417351961136e-02 3.633175417781e-02 7.726695388556e-02 5.899328365922e-02 9.806632995605e-02 5.983030423522e-02 1.181161776185e-01 8.853805810213e-02 1.404989212751e-01 1.722856611013e-01 1.538783460855e-01 2.075592577457e-01 1.887690722942e-01 1.509933620691e-01 1.323696672916e-01
4.304718226194e-03 4.654970951378e-03 4.477255977690e-03 4.566509742290e-03 4.586800467223e-03 4.466835875064e-03 4.947763867676e-03 4.677503369749e-03 5.563572049141e-03 6.025303620845e-03 5.470456089824e-03 5.545568186790e-03 6.105880253017e-03 6.355650722980e-03 5.806567613035e-03 7.498537655920e-03 6.675483658910e-03 5.093533080071e-03 5.128827411681e-03 5.106534808874e-03 5.869075655937e-03 6.366336718202e-03 7.106279022992e-03 9.456461295485e-03 1.111540198326e-02 1.664782874286e-02 2.500540763140e-02 2.890768833458e-02 3.094659745693e-02 3.911378607154e-02 6.539793312550e-02 1.002851948142e-01 6.767433881760e-02 1.617037951946e-01 5.639381334186e-02 7.353045791388e-02 1.504241079092e-01 2.104780972004e-01 1.031715273857e-01 1.166645437479e-01 7.415074855089e-02 1.398430764675e-01 1.233516857028e-01
3.839272540063e-03 4.150045569986e-03 3.991243895143e-03 3.930511884391e-03 3.648946061730e-03 3.687315853313e-03 3.891553496942e-03 5.117514636368e-03 6.361539475620e-03 6.538556423038e-03 5.715505685657e-03 6.327997427434e-03 7.045717909932e-03 6.848737131804e-03 6.796195171773e-03 7.007250096649e-03 7.554592564702e-03 8.851003833115e-03 7.930251769722e-03 7.119836751372e-03 7.325126789510e-03 7.891173474491e-03 9.430961683393e-03 9.604211896658e-03 1.169358566403e-02 1.437809690833e-02 2.342560142279e-02 2.355499938130e-02 4.213982447982e-02 8.524609357119e-02 1.059573665261e-01 5.417860671878e-02 5.439039692283e-02 1.645055711269e-01 8.680691570044e-02 1.068129688501e-01 9.470273554325e-02 1.228888630867e-01 8.976372331381e-02 3.434849902987e-02 3.270142525434e-02 4.415739327669e-02 8.743538707495e-02
3.539188764989e-03 3.543495433405e-03 3.514848649502e-03 3.467797767371e-03 3.563693258911e-03 3.772823372856e-03 4.008491057903e-03 4.775302950293e-03 5.355872679502e-03 5.110599566251e-03 6.001777946949e-03 6.457746028900e-03 6.267902906984e-03 6.586534902453e-03 8.999742567539e-03 1.253154873848e-02 1.422442682087e-02 1.803943701088e-02 1.800761558115e-02 1.939503289759e-02 1.383170485497e-02 1.322537381202e-02 1.533943321556e-02 1.284495927393e-02 1.464948058128e-02 2.024883776903e-02 6.092040985823e-02 5.685113370419e-02 5.460251867771e-02 7.360801100731e-02 4.150039702654e-02 4.375477507710e-02 5.884516611695e-02 3.352555260062e-02 1.819994747639e-01 2.536021471024e-01 2.264734506607e-01 5.237808078527e-02 2.478323131800e-02 2.046866156161e-02 2.000921964645e-02 2.366620674729e-02 2.499639987946e-02
3.289982443675e-03 3.413119819015e-03 3.279161406681e-03 3.531547496095e-03 3.783817170188e-03 4.329646006227e-03 4.331046715379e-03 5.017731804401e-03 5.494453944266e-03 6.399380508810e-03 6.610745098442e-03 7.847465574741e-03 8.222133852541e-03 7.598910480738e-03 1.841576769948e-02 6.609182059765e-02 5.223290622234e-02 3.110451996326e-02 3.495993837714e-02 4.355691000819e-02 3.219244256616e-02 1.697357185185e-02 1.975650526583e-02 2.476275898516e-02 2.402911521494e-02 4.477725923061e-02 6.301388889551e-02 5.596729367971e-02 4.549989849329e-02 4.114736244082e-02 4.668589308858e-02 4.368353635073e-02 3.289815783501e-02 2.739246003330e-02 4.658675193787e-02 2.141539007425e-01 2.231964170933e-01 4.603494703770e-02 1.636404544115e-02 1.667165756226e-02 1.499004010111e-02 1.440445426852e-02 2.370799519122e-02
3.299258416519e-03 3.554805181921e-03 4.499697592109e-03 5.029944702983e-03 4.624156281352e-03 7.664571981877e-03 9.011172689497e-03 9.152862243354e-03 7.729559205472e-03 7.572993636131e-03 8.283934555948e-03 1.040960662067e-02 1.037087198347e-02 3.826854377985e-02 2.703432440758e-01 3.403546810150e-01 1.587693393230e-01 9.072384983301e-02 7.249778509140e-02 5.686939135194e-02 2.717920206487e-02 2.690736390650e-02 5.884353816509e-02 1.255510002375e-01 1.029492765665e-01 5.489594861865e-02 6.404539942741e-02 5.204980447888e-02 5.521650239825e-02 3.836582973599e-02 9.503675997257e-02 3.799740597606e-02 2.909119240940e-02 2.056240476668e-02 1.362836267799e-02 4.410986974835e-02 4.870117083192e-02 1.191643811762e-02 7.996358908713e-03 9.411336854100e-03 1.163802109659e-02 1.301116123796e-02 1.216640695930e-02
4.046682734042e-03 6.368502508849e-03 8.684343658388e-03 9.437700733542e-03 1.218203268945e-02 1.619471609592e-02 1.591053605080e-02 1.403458602726e-02 1.206717733294e-02 9.306623600423e-03 1.118451822549e-02 1.236127503216e-02 6.879962235689e-02 3.793333768845e-01 5.186625719070e-01 1.807764768600e-01 5.712624266744e-02 3.491920232773e-02 3.551440685987e-02 3.101245127618e-02 2.982664480805e-02 6.797614693642e-02 1.339503675699e-01 1.782299429178e-01 1.433920115232e-01 7.379227131605e-02 5.078776925802e-02 3.742722794414e-02 3.380300477147e-02 3.014506585896e-02 4.084641858935e-02 1.868090033531e-02 2.112868800759e-02 1.713096722960e-02 1.076144818217e-02 6.379459053278e-03 5.259762052447e-03 5.117703229189e-03 5.377805326134e-03 6.698655430228e-03 8.995305746794e-03 1.137669477612e-02 1.163893006742e-02
6.706739310175e-03 1.003314182162e-02 1.333178579807e-02 1.784484088421e-02 3.453282266855e-02 3.429966047406e-02 4.799180477858e-02 3.441962599754e-02 3.912763670087e-02 2.324237115681e-02 1.305694784969e-02 8.974928408861e-02 3.615186214447e-01 3.597536981106e-01 9.408155083656e-02 2.843043766916e-02 5.271841585636e-02 6.965842843056e-02 4.921070113778e-02 5.726135522127e-02 6.925876438618e-02 6.966044008732e-02 1.013294234872e-01 8.272382616997e-02 5.608046799898e-02 4.364918172359e-02 2.720435895026e-02 1.059050299227e-02 1.082360558212e-02 1.073790807277e-02 1.375160180032e-02 1.005871035159e-02 8.866375312209e-03 6.122613325715e-03 6.261884234846e-03 6.378964055330e-03 6.585700437427e-03 6.914150901139e-03 7.354442495853e-03 7.920606061816e-03 8.007854223251e-03 9.550019167364e-03 1.211665943265e-02
