VariationalSeries/SI/f35_max.grd
DSAA
101	101
32.816463539100	34.260883539100
35.556306596100	36.727886596100
5.431603858597e-05	8.858734130859e+00
[rows 19 to 37 of 101, columns 43 to 85 of 101]
8.762581646442e-02 1.079352498055e-01 1.403234601021e-01 1.429666131735e-01 9.268750250340e-02 1.423919796944e-01 7.251716405153e-02 7.537796348333e-02 8.189176768064e-02 8.304470777512e-02 7.578096538782e-02 1.113845780492e-01 1.340777873993e-01 1.327766031027e-01 8.814683556557e-02 1.077009066939e-01 1.419864445925e-01 1.330284923315e-01 7.322259992361e-02 1.181449741125e-01 5.451631918550e-02 7.648369669914e-02 1.027292758226e-01 5.071629583836e-02 5.027305334806e-02 5.924604460597e-02 4.890168830752e-02 6.162100657821e-02 5.718934535980e-02 4.528849571943e-02 4.885298386216e-02 6.744004786015e-02 7.615535706282e-02 5.898643285036e-02 5.242302641273e-02 4.272846132517e-02 2.935262396932e-02 3.222167491913e-02 3.561386093497e-02 2.966128289700e-02 2.778838761151e-02 2.426542527974e-02 2.638849243522e-02
7.892273366451e-02 1.057674586773e-01 1.499980986118e-01 1.729471385479e-01 1.251128315926e-01 1.259034276009e-01 7.460305094719e-02 7.985268533230e-02 7.095085829496e-02 8.883066475391e-02 9.293676167727e-02 1.041518300772e-01 1.434804201126e-01 1.412260830402e-01 1.086264848709e-01 1.170856878161e-01 1.386293917894e-01 1.503073722124e-01 8.640070259571e-02 1.142204850912e-01 6.229552254081e-02 1.158563643694e-01 1.443269848824e-01 6.717520207167e-02 5.864924564958e-02 6.064487248659e-02 6.014000251889e-02 6.372950971127e-02 4.967041686177e-02 4.819038882852e-02 6.809184700251e-02 8.896401524544e-02 7.947029918432e-02 6.301396340132e-02 5.189382284880e-02 4.278247430921e-02 3.061852604151e-02 3.767321631312e-02 2.915796265006e-02 2.499791048467e-02 2.665798552334e-02 2.313405275345e-02 2.410814538598e-02
8.518523722887e-02 1.211310550570e-01 1.385107636452e-01 1.810489594936e-01 1.541999876499e-01 1.077540889382e-01 7.393328100443e-02 8.459680527449e-02 6.776897609234e-02 8.307026326656e-02 8.761322498322e-02 9.931387752295e-02 1.362525969744e-01 1.541368961334e-01 1.309965252876e-01 1.251420080662e-01 1.327783316374e-01 1.642497032881e-01 9.849638491869e-02 1.058129891753e-01 7.000332325697e-02 1.435211747885e-01 1.580272614956e-01 7.553620636463e-02 5.727992579341e-02 7.089889049530e-02 6.789051741362e-02 5.511551722884e-02 4.703733697534e-02 6.771775335073e-02 9.496233612299e-02 9.209468215704e-02 6.221568956971e-02 7.187944650650e-02 5.143328011036e-02 3.938559442759e-02 3.646999970078e-02 3.873738646507e-02 3.237176686525e-02 2.530488371849e-02 2.475039847195e-02 1.821974292397e-02 1.794612966478e-02
8.139590919018e-02 1.141284257174e-01 1.174380183220e-01 1.728200614452e-01 1.706621497869e-01 1.126942262053e-01 9.911317378283e-02 8.960341662169e-02 6.675118207932e-02 7.271710038185e-02 8.395484089851e-02 1.006522029638e-01 1.129493862391e-01 1.618958115578e-01 1.458896696568e-01 1.219052374363e-01 1.227608248591e-01 1.761317402124e-01 1.084724664688e-01 9.479160606861e-02 7.766893506050e-02 1.425243467093e-01 1.377263665199e-01 6.555642187595e-02 6.274399906397e-02 7.395692914724e-02 6.160722672939e-02 5.035706609488e-02 7.126250118017e-02 1.004592105746e-01 9.878940135241e-02 6.863260269165e-02 5.245406925678e-02 7.467716187239e-02 3.697530552745e-02 3.625170886517e-02 4.502396285534e-02 3.454100713134e-02 3.712852671742e-02 2.365164831281e-02 2.638450451195e-02 2.204323932528e-02 1.989656873047e-02
6.619583815336e-02 7.919391244650e-02 1.221003979445e-01 1.530291140079e-01 1.719563901424e-01 1.143368110061e-01 1.232305988669e-01 1.033970490098e-01 7.257989794016e-02 6.194774433970e-02 8.746626973152e-02 9.822364151478e-02 1.162514388561e-01 1.738342642784e-01 1.476851850748e-01 1.143119111657e-01 1.104772090912e-01 1.833893358707e-01 1.156975105405e-01 1.148973777890e-01 9.031389653683e-02 1.171634569764e-01 1.027184873819e-01 6.112053245306e-02 7.695385813713e-02 7.153333723545e-02 5.275635048747e-02 7.600847631693e-02 1.088833808899e-01 1.058333739638e-01 7.184759527445e-02 4.258606210351e-02 5.599403008819e-02 7.004298269749e-02 3.763073310256e-02 3.889234364033e-02 4.744715616107e-02 3.614902123809e-02 4.073294997215e-02 2.468044310808e-02 2.506259270012e-02 2.075449563563e-02 2.111017890275e-02
8.521802723408e-02 8.525761216879e-02 1.378535032272e-01 1.293518841267e-01 1.634005606174e-01 1.276352554560e-01 1.180696934462e-01 1.307900995016e-01 1.136649399996e-01 8.686740696430e-02 9.495171904564e-02 9.273101389408e-02 1.267353743315e-01 1.858990937471e-01 1.325215548277e-01 1.096243038774e-01 9.414560347795e-02 1.875098943710e-01 1.465979218483e-01 1.269228309393e-01 1.068213284016e-01 1.135688796639e-01 6.872878968716e-02 7.419410347939e-02 7.900315523148e-02 5.400571227074e-02 8.251933753490e-02 1.174237728119e-01 1.117978319526e-01 7.491688430309e-02 4.012757539749e-02 3.151664510369e-02 7.490707188845e-02 5.853759497404e-02 3.587326779962e-02 5.045400559902e-02 4.380157217383e-02 3.642629086971e-02 4.326790198684e-02 3.054880723357e-02 2.152274921536e-02 2.050489373505e-02 1.817178353667e-02
1.339324265718e-01 8.286712318659e-02 8.291833847761e-02 1.427337080240e-01 1.505166292191e-01 1.347485035658e-01 1.036030575633e-01 1.196541786194e-01 1.360271424055e-01 1.335808336735e-01 1.138224452734e-01 1.410109847784e-01 1.377309262753e-01 1.931945234537e-01 1.145773157477e-01 9.962170571089e-02 1.318207383156e-01 1.888259053230e-01 1.659338027239e-01 1.217068731785e-01 1.151440367103e-01 1.224975809455e-01 7.719749957323e-02 8.085320144892e-02 6.638450175524e-02 8.635249733925e-02 1.278683543205e-01 1.198235154152e-01 7.794588059187e-02 5.092346295714e-02 7.159627974033e-02 4.392988607287e-02 8.741063624620e-02 5.118165165186e-02 4.191728308797e-02 5.397265404463e-02 5.268464237452e-02 3.705813363194e-02 4.466120153666e-02 3.371685743332e-02 2.035812474787e-02 1.940407790244e-02 2.248600497842e-02
1.791383624077e-01 8.521150052547e-02 8.355417847633e-02 1.314912885427e-01 1.355527341366e-01 1.379006356001e-01 1.123637184501e-01 1.142399981618e-01 1.130999028683e-01 1.463946700096e-01 1.596536189318e-01 1.427081823349e-01 1.487306654453e-01 1.957425177097e-01 9.938789159060e-02 1.542621105909e-01 1.849564462900e-01 1.890503615141e-01 1.612744778395e-01 9.644542634487e-02 1.093785092235e-01 1.122446358204e-01 7.757614552975e-02 6.679001450539e-02 8.702795207500e-02 1.359912902117e-01 1.312094032764e-01 8.216738700867e-02 7.265621423721e-02 9.971261769533e-02 9.052453935146e-02 8.220957219601e-02 8.516284823418e-02 5.725855752826e-02 5.399310961366e-02 4.473036155105e-02 5.745147913694e-02 3.920945525169e-02 4.481656476855e-02 3.350801765919e-02 2.165036648512e-02 2.462136186659e-02 3.172750025988e-02
1.955933570862e-01 8.752273768187e-02 1.010619327426e-01 8.710352331400e-02 1.488548368216e-01 1.393074393272e-01 1.187789514661e-01 1.213494390249e-01 1.154120489955e-01 1.456564366817e-01 1.538968384266e-01 1.340948939323e-01 1.586009562016e-01 1.886133551598e-01 1.679537296295e-01 2.043682336807e-01 1.974997520447e-01 1.836706846952e-01 1.096191555262e-01 9.736026078463e-02 1.126631945372e-01 1.134833097458e-01 8.144787698984e-02 8.329019695520e-02 1.417583972216e-01 1.447680443525e-01 9.074547141790e-02 7.379742711782e-02 1.084660068154e-01 9.001646190882e-02 7.322485744953e-02 8.006662130356e-02 6.602526456118e-02 6.292592734098e-02 5.350230261683e-02 3.739534318447e-02 5.627718940377e-02 4.236873611808e-02 4.393669217825e-02 3.033623285592e-02 2.616594918072e-02 3.519896790385e-02 3.977759182453e-02
1.716923415661e-01 1.278311908245e-01 1.170209199190e-01 8.227190375328e-02 1.080484911799e-01 1.411993801594e-01 1.488171666861e-01 1.289817839861e-01 1.514701843262e-01 2.226274609566e-01 1.257752478123e-01 1.178184375167e-01 1.651322692633e-01 1.735956668854e-01 2.178707569838e-01 2.109592705965e-01 1.824693232775e-01 1.775815039873e-01 1.209552437067e-01 1.307892799377e-01 1.169745251536e-01 1.129318103194e-01 7.606136798859e-02 1.438146382570e-01 1.595064997673e-01 1.031252890825e-01 8.428297191858e-02 1.149825155735e-01 1.017582714558e-01 6.666544079781e-02 9.712115675211e-02 8.406222611666e-02 5.056334659457e-02 5.756941437721e-02 4.799140989780e-02 5.155528709292e-02 5.123525112867e-02 4.654428735375e-02 4.263337701559e-02 3.924119099975e-02 4.365023598075e-02 4.899303242564e-02 4.131420701742e-02
1.158425211906e-01 1.926227658987e-01 1.281277835369e-01 1.011687144637e-01 1.217023879290e-01 1.377348750830e-01 1.317797452211e-01 1.380724608898e-01 1.985912621021e-01 2.754949033260e-01 1.849471628666e-01 1.283687055111e-01 1.663680672646e-01 2.074441015720e-01 2.221391052008e-01 3.085332810879e-01 1.635863780975e-01 1.645667701960e-01 1.351203322411e-01 1.322642415762e-01 1.206670850515e-01 1.116141676903e-01 1.423571705818e-01 1.692731529474e-01 1.162479072809e-01 9.485696256161e-02 1.134885251522e-01 1.138989925385e-01 9.742499887943e-02 9.736671298742e-02 1.031301021576e-01 5.761895701289e-02 5.450387671590e-02 4.918893799186e-02 4.295899346471e-02 4.018729925156e-02 6.960685551167e-02 5.496414750814e-02 5.060457438231e-02 5.820428207517e-02 5.799580737948e-02 4.256116226315e-02 2.864472568035e-02
1.301183700562e-01 2.134612798691e-01 1.324921697378e-01 1.118248552084e-01 1.434998661280e-01 1.319297403097e-01 1.372507661581e-01 1.735168099403e-01 2.289156168699e-01 2.766894102097e-01 2.208697646856e-01 2.190732955933e-01 1.938759237528e-01 2.275345474482e-01 2.698711752892e-01 3.906049132347e-01 1.700436025858e-01 1.840010881424e-01 1.824596822262e-01 1.491739004850e-01 1.181291490793e-01 1.419853270054e-01 1.779718697071e-01 1.279625445604e-01 1.062084212899e-01 1.120527088642e-01 1.085582599044e-01 1.202013418078e-01 1.169460713863e-01 1.171864643693e-01 8.821750432253e-02 4.761679843068e-02 6.517411023378e-02 4.070457443595e-02 4.245745763183e-02 4.340012371540e-02 9.592131525278e-02 6.387234479189e-02 6.703424453735e-02 5.398699641228e-02 3.279958292842e-02 1.929685659707e-02 1.915522478521e-02
2.576386928558e-01 1.687630116940e-01 1.849793940783e-01 1.187481582165e-01 1.746791005135e-01 1.354256272316e-01 1.477562040091e-01 2.005108594894e-01 2.408706396818e-01 2.342619597912e-01 2.266976684332e-01 2.290690094233e-01 2.152048200369e-01 1.745428740978e-01 1.850409954786e-01 2.489420771599e-01 1.388955861330e-01 1.818418800831e-01 1.987919509411e-01 1.658716648817e-01 1.476270705462e-01 1.862175464630e-01 1.394126266241e-01 1.186693981290e-01 1.098354086280e-01 1.007535383105e-01 1.085401326418e-01 1.282757222652e-01 1.286733597517e-01 1.153204888105e-01 7.198656350374e-02 4.560473561287e-02 6.940788030624e-02 5.527329444885e-02 6.666547805071e-02 7.091288268566e-02 1.081512272358e-01 6.327494233847e-02 5.005312338471e-02 3.484025225043e-02 3.121818415821e-02 2.361431717873e-02 2.265721000731e-02
4.180963635445e-01 1.827746629715e-01 2.070988267660e-01 1.509927213192e-01 1.936133056879e-01 1.655439734459e-01 1.627120077610e-01 2.302157133818e-01 2.474248409271e-01 1.946427077055e-01 2.728680372238e-01 3.353404700756e-01 1.860131174326e-01 2.183112651110e-01 1.337358057499e-01 1.552484780550e-01 1.482315212488e-01 1.768150478601e-01 1.708709448576e-01 1.549992114305e-01 1.976746767759e-01 1.504861563444e-01 1.236959993839e-01 1.110939756036e-01 1.195136457682e-01 1.110847890377e-01 1.114492043853e-01 1.391037702560e-01 1.399988979101e-01 1.271429508924e-01 8.749328553677e-02 7.693466544151e-02 7.636058330536e-02 6.948518753052e-02 6.725698709488e-02 1.034284755588e-01 8.898478001356e-02 4.319267719984e-02 4.665339738131e-02 4.767324030399e-02 4.417932778597e-02 3.412964567542e-02 2.446812577546e-02
4.576707780361e-01 4.780964851379e-01 1.968053281307e-01 1.983509957790e-01 2.132166177034e-01 2.003552019596e-01 2.746689319611e-01 2.579491436481e-01 2.440050840378e-01 1.814041584730e-01 2.778971195221e-01 3.736422657967e-01 2.233960777521e-01 2.101726531982e-01 1.706755608320e-01 1.738718897104e-01 1.846174597740e-01 1.745368242264e-01 1.688887625933e-01 2.115869671106e-01 1.647959798574e-01 1.411543041468e-01 1.209435239434e-01 9.474120289087e-02 1.163522675633e-01 1.305896788836e-01 1.201859563589e-01 1.494395434856e-01 1.558724045753e-01 1.390977352858e-01 1.035127788782e-01 7.639464735985e-02 6.794501841068e-02 5.767964199185e-02 9.365259110928e-02 1.072519421577e-01 4.783167690039e-02 4.910730943084e-02 5.118102207780e-02 5.188385024667e-02 4.902328178287e-02 4.096433147788e-02 2.842587046325e-02
2.199425548315e-01 6.441282629967e-01 4.706894755363e-01 1.961888968945e-01 2.246865928173e-01 2.495390027761e-01 2.659760713577e-01 2.708407938480e-01 2.166678905487e-01 1.893949657679e-01 3.168260157108e-01 3.657996654510e-01 2.871938049793e-01 1.942313015461e-01 1.785777807236e-01 1.999110579491e-01 3.093723952770e-01 1.942311078310e-01 2.345989197493e-01 1.808058917522e-01 1.301490664482e-01 1.268337816000e-01 1.070785447955e-01 1.300865262747e-01 1.322570294142e-01 1.517385393381e-01 1.671960055828e-01 1.279022395611e-01 1.518067121506e-01 1.515991836786e-01 1.177626773715e-01 6.256501376629e-02 6.384383887053e-02 9.904396533966e-02 1.073983013630e-01 6.281097978354e-02 4.360190778971e-02 4.400647059083e-02 4.379917681217e-02 4.445213824511e-02 4.428578168154e-02 4.100565239787e-02 3.278115764260e-02
4.038574993610e-01 3.045621216297e-01 7.510210275650e-01 3.497523963451e-01 2.272151410580e-01 3.067802786827e-01 2.306794077158e-01 2.575834691525e-01 3.383083641529e-01 2.635852396488e-01 3.653349280357e-01 2.906395494938e-01 3.059630393982e-01 2.561661303043e-01 2.108743041754e-01 1.971719264984e-01 4.500347375870e-01 2.720211446285e-01 2.188651412725e-01 2.664822638035e-01 1.585142612457e-01 1.292975693941e-01 1.380855739117e-01 1.453900635242e-01 1.400740742683e-01 1.488950550556e-01 2.107489705086e-01 1.279223114252e-01 1.575799137354e-01 1.645665019751e-01 1.334283053875e-01 8.600548654795e-02 1.091293320060e-01 1.009881347418e-01 5.778145045042e-02 4.841458052397e-02 4.573068395257e-02 4.282166063786e-02 3.980546072125e-02 3.705864772201e-02 3.815138339996e-02 3.942466154695e-02 3.581261634827e-02
5.462284088135e-01 7.127211689949e-01 4.308760166168e-01 7.384669780731e-01 2.740260064602e-01 3.714168667793e-01 3.186493813992e-01 3.399710357189e-01 4.750476181507e-01 3.939053714275e-01 4.546304047108e-01 2.610032856464e-01 2.776212096214e-01 2.891781330109e-01 2.589882016182e-01 2.044367790222e-01 5.285550951958e-01 2.999603152275e-01 3.123733401299e-01 2.165022641420e-01 1.174475848675e-01 1.299661248922e-01 1.651765257120e-01 1.498734652996e-01 1.362608373165e-01 1.306370347738e-01 2.054522037506e-01 1.402599811554e-01 1.767693907022e-01 1.743698269129e-01 1.382839679718e-01 1.102007403970e-01 8.265253901482e-02 4.328524693847e-02 4.271634668112e-02 4.498865827918e-02 4.445869103074e-02 4.752454534173e-02 4.666878283024e-02 4.428817704320e-02 4.817040264606e-02 5.599097162485e-02 5.847460776567e-02
1.075822949409e+00 7.134335637093e-01 7.534285187721e-01 6.256220936775e-01 5.691105127335e-01 4.175107181072e-01 4.584877192974e-01 4.040071666241e-01 4.177980720997e-01 4.618532657623e-01 5.345456600189e-01 3.110572695732e-01 2.736117541790e-01 2.937010526657e-01 3.214726746082e-01 3.042670488358e-01 4.078291654587e-01 3.021384477615e-01 3.013304173946e-01 2.405963689089e-01 1.961105316877e-01 2.329248189926e-01 2.345520704985e-01 1.940983533859e-01 1.417306065559e-01 1.208400949836e-01 1.611955910921e-01 1.723489016294e-01 1.827047765255e-01 1.525811105967e-01 1.070405468345e-01 6.826246529818e-02 5.973499640822e-02 6.338135153055e-02 7.494381815195e-02 8.216261863708e-02 8.593396097422e-02 8.554250001907e-02 8.120032399893e-02 7.430162280798e-02 6.759266555309e-02 6.798519194126e-02 6.018656119704e-02
