VariationalSeries/SI/f36.grd
DSAA
101	101
32.816463539100	34.260883539100
35.556306596100	36.727886596100
5.965311356704e-05	9.733354568481e+00
[rows 57 to 75 of 101, columns 43 to 85 of 101]
4.109160602093e-02 4.888725653291e-02 2.483986504376e-02 2.751854807138e-02 2.723621763289e-02 4.383941739798e-02 4.948826879263e-02 6.671665608883e-02 5.824375525117e-02 3.174822777510e-02 2.202595211565e-02 1.851738430560e-02 1.366355922073e-02 2.423732914031e-02 1.008119434118e-01 3.386488854885e-01 7.517333626747e-01 7.074898481369e-01 1.016643881798e+00 3.456468284130e-01 9.974825382233e-02 7.621374726295e-02 1.383099704981e-01 2.530684173107e-01 4.331229329109e-01 3.926678895950e-01 4.270998537540e-01 3.472574353218e-01 4.529611468315e-01 4.175171256065e-01 4.410224258900e-01 3.286970257759e-01 3.418253660202e-01 4.797760844231e-01 2.979335188866e-01 1.870923787355e-01 2.184439599514e-01 3.064565360546e-01 3.842629492283e-01 2.779269218445e-01 1.157810539007e-01 1.016397252679e-01 9.828716516495e-02
3.282529860735e-02 5.477609857917e-02 2.006475254893e-02 2.134627476335e-02 2.114923857152e-02 3.181073814631e-02 6.229629367590e-02 2.005616575480e-01 1.595969945192e-01 3.425741940737e-02 2.034752443433e-02 1.391241606325e-02 1.069333311170e-02 1.056967303157e-02 2.098578400910e-02 2.018447816372e-01 2.365828156471e-01 2.466471493244e-01 2.002829015255e-01 2.027634829283e-01 1.480907648802e-01 1.125246211886e-01 8.682388067245e-02 5.228114128113e-02 1.352980583906e-01 2.698800861835e-01 4.707731604576e-01 4.799625873566e-01 5.234535336494e-01 2.880757749081e-01 3.799193799496e-01 3.466605246067e-01 2.971586883068e-01 2.610790133476e-01 2.654752731323e-01 1.998887807131e-01 1.960565745831e-01 2.361263632774e-01 2.322607040405e-01 2.129775285721e-01 2.212193906307e-01 2.320901900530e-01 2.173231244087e-01
2.729358710349e-02 2.632785029709e-02 1.827626489103e-02 1.943151652813e-02 1.975909247994e-02 2.896090783179e-02 8.847698569298e-02 2.293008863926e-01 2.265439033508e-01 5.080761387944e-02 2.099809236825e-02 1.189964171499e-02 8.456644602120e-03 7.691461592913e-03 7.866298779845e-03 9.857961907983e-03 1.361560076475e-02 1.854510791600e-02 2.406663261354e-02 2.971671335399e-02 3.495146706700e-02 4.107663780451e-02 2.760630659759e-02 2.773892134428e-02 6.630475074053e-02 3.085266947746e-01 5.315816998482e-01 6.030970811844e-01 5.790132284164e-01 5.846612453461e-01 3.857832252979e-01 3.343052864075e-01 2.838665843010e-01 2.581937611103e-01 3.627057075500e-01 3.125629723072e-01 2.592129409313e-01 1.622729599476e-01 1.746904700994e-01 1.468580663204e-01 1.293937861919e-01 1.225078254938e-01 1.071182414889e-01
2.518268115819e-02 2.267761714756e-02 1.769078150392e-02 1.970514096320e-02 2.239119075239e-02 2.941461093724e-02 2.028284519911e-01 2.288869470358e-01 2.811416387558e-01 3.922442346811e-02 1.842133514583e-02 1.147841755301e-02 7.666308898479e-03 6.221565883607e-03 5.939040333033e-03 6.253570318222e-03 7.666390854865e-03 1.010300498456e-02 1.460578478873e-02 1.697280257940e-02 1.947538740933e-02 3.907374665141e-02 2.006137557328e-02 1.846804842353e-02 5.655907094479e-02 1.263617128134e-01 4.510677456856e-01 4.999828040600e-01 5.321098566055e-01 5.683345198631e-01 4.728898406029e-01 3.667404949665e-01 2.546028196812e-01 3.267762362957e-01 2.274770438671e-01 2.001804560423e-01 1.659953892231e-01 1.372434943914e-01 1.290463209152e-01 1.269543617964e-01 1.347069144249e-01 1.910617649555e-01 2.660956978798e-01
2.134087495506e-02 1.662720553577e-02 1.738449558616e-02 2.091189101338e-02 3.257479891181e-02 5.330960452557e-02 1.617643684149e-01 3.582735359669e-01 1.383203715086e-01 2.190695516765e-02 1.341330260038e-02 9.781927801669e-03 6.998724304140e-03 5.253556184471e-03 4.807149525732e-03 4.810828249902e-03 5.228647962213e-03 7.007988635451e-03 9.650155901909e-03 1.103561557829e-02 1.147967390716e-02 2.388217672706e-02 1.426471862942e-02 1.549809798598e-02 3.467316552997e-02 1.183087378740e-01 3.201832473278e-01 4.351098239422e-01 4.508724808693e-01 3.436426818371e-01 2.654874622822e-01 3.795419037342e-01 2.595314681530e-01 1.832099556923e-01 2.033885419369e-01 2.565622329712e-01 2.323850542307e-01 1.646549999714e-01 1.537635922432e-01 1.498714238405e-01 1.452895998955e-01 1.609259694815e-01 2.001668661833e-01
1.548867300153e-02 1.277171075344e-02 1.597508601844e-02 3.785084187984e-02 8.572337776423e-02 1.984716951847e-01 2.904758751392e-01 1.829264760017e-01 1.941949687898e-02 1.328364480287e-02 9.536605328321e-03 7.852441631258e-03 6.125716026872e-03 5.007066298276e-03 4.408723209053e-03 4.593121353537e-03 4.800180438906e-03 5.798778962344e-03 8.369380608201e-03 1.029537618160e-02 1.093405205756e-02 1.160027366132e-02 1.165408175439e-02 1.734353601933e-02 4.218896850944e-02 1.105236485600e-01 1.356658935547e-01 1.356652677059e-01 2.613251209259e-01 3.025893568993e-01 3.547007143497e-01 2.266096770763e-01 2.935552299023e-01 2.153292149305e-01 2.404471337795e-01 2.840259075165e-01 5.680952668190e-01 3.584371805191e-01 2.109735459089e-01 1.730776578188e-01 1.780655980110e-01 1.749980896711e-01 1.690437197685e-01
9.998738765717e-03 1.046451274306e-02 1.323253568262e-02 1.672571524978e-02 3.681110590696e-02 2.282433211803e-01 1.483278572559e-01 1.978769898415e-02 1.155047863722e-02 1.017827633768e-02 8.529487997293e-03 7.207711692899e-03 5.648803431541e-03 4.818385001272e-03 4.294698126614e-03 4.737851675600e-03 4.908870439976e-03 4.820502363145e-03 6.885585375130e-03 8.785601705313e-03 9.924733079970e-03 9.868987835944e-03 1.239010691643e-02 2.010248042643e-02 6.273595243692e-02 1.244840994477e-01 7.371345162392e-02 9.649781137705e-02 8.981712162495e-02 4.649191796780e-01 6.768711209297e-01 3.654696047306e-01 2.009247094393e-01 2.751303315163e-01 1.085978746414e-01 1.143136769533e-01 4.247316420078e-01 2.043848633766e-01 1.664793491364e-01 1.275962144136e-01 1.311345845461e-01 1.462482810020e-01 1.576220989227e-01
8.412190712988e-03 9.147085249424e-03 1.072134450078e-02 1.356494519860e-02 1.536066457629e-02 2.137094177306e-02 2.362925931811e-02 1.610732823610e-02 8.369063027203e-03 8.641276508570e-03 7.577267941087e-03 6.927547045052e-03 5.670070182532e-03 4.588958807290e-03 4.692128393799e-03 4.785000346601e-03 5.118598695844e-03 5.072459578514e-03 5.801056511700e-03 7.448377553374e-03 8.857720531523e-03 9.400134906173e-03 9.920946322381e-03 1.653035171330e-02 4.641110077500e-02 2.861726284027e-02 2.765395119786e-02 4.532879590988e-02 1.025737151504e-01 2.033335417509e-01 2.129397839308e-01 2.690887153149e-01 4.294540286064e-01 2.302512228489e-01 2.193900048733e-01 1.703325510025e-01 1.745792031288e-01 1.478938162327e-01 7.868388295174e-02 9.817487746477e-02 9.590563178062e-02 1.036202907562e-01 1.302935779095e-01
6.614042446017e-03 7.456535939127e-03 8.884417824447e-03 1.089671626687e-02 1.171631272882e-02 1.304227299988e-02 1.380232255906e-02 8.629073388875e-03 7.352946791798e-03 7.643986959010e-03 7.128598634154e-03 6.183894351125e-03 5.164255853742e-03 4.629300907254e-03 4.581861663610e-03 5.250945687294e-03 5.181862507015e-03 4.456026945263e-03 5.128005519509e-03 6.508548278362e-03 7.702293805778e-03 9.004686959088e-03 1.280755456537e-02 1.340292394161e-02 1.360355876386e-02 1.898057200015e-02 1.849259063601e-02 4.541189223528e-02 6.340156495571e-02 8.538448065519e-02 1.771997511387e-01 3.115105628967e-01 2.302590906620e-01 4.207922816277e-01 2.687901556492e-01 1.511576473713e-01 1.255225539207e-01 1.140847951174e-01 1.373078078032e-01 1.291938722134e-01 1.609949022532e-01 1.585080474615e-01 1.843089163303e-01
6.106444634497e-03 6.037074141204e-03 6.796137429774e-03 7.718829903752e-03 8.321037515998e-03 8.197820745409e-03 7.826570421457e-03 7.551579270512e-03 8.171299472451e-03 8.078626357019e-03 7.527339737862e-03 6.559961009771e-03 5.367011763155e-03 4.746399354190e-03 4.291092976928e-03 4.217814188451e-03 4.760329611599e-03 4.829077050090e-03 4.858612082899e-03 5.862978752702e-03 6.788854021579e-03 8.037729188800e-03 1.230627950281e-02 1.385627500713e-02 1.494589634240e-02 3.094124980271e-02 4.255672171712e-02 5.469880625606e-02 7.677493244410e-02 8.288644999266e-02 1.816384196281e-01 3.449381589890e-01 1.627647280693e-01 1.734437048435e-01 3.069803118706e-01 2.595468461514e-01 1.799420863390e-01 1.529030352831e-01 1.916511952877e-01 9.863390028477e-02 1.308036893606e-01 1.590761989355e-01 1.899544596672e-01
5.016676150262e-03 5.683911498636e-03 5.969609133899e-03 6.042666733265e-03 6.767485290766e-03 7.287285756320e-03 7.850981317461e-03 6.969591602683e-03 6.707639433444e-03 6.922202184796e-03 7.438438478857e-03 7.404812145978e-03 6.374135147780e-03 5.395400803536e-03 5.115458741784e-03 4.612783901393e-03 3.973827231675e-03 4.418359603733e-03 5.001620389521e-03 5.528178997338e-03 6.069035269320e-03 6.958380341530e-03 1.047310698777e-02 1.021604053676e-02 1.129943877459e-02 2.800471894443e-02 5.988167971373e-02 8.082375675440e-02 1.136996969581e-01 5.973058193922e-02 1.761917322874e-01 8.818001300097e-02 9.467115998268e-02 1.087976098061e-01 1.736547201872e-01 1.906659901142e-01 2.474201619625e-01 2.253351062536e-01 1.673865616322e-01 1.431617736816e-01 1.095722317696e-01 1.180317401886e-01 9.525661170483e-02
4.911122377962e-03 5.431152414531e-03 5.404910538346e-03 5.509934853762e-03 5.888130981475e-03 6.547877565026e-03 7.086967118084e-03 6.330687552691e-03 4.944097250700e-03 5.282944068313e-03 5.735896527767e-03 6.761931348592e-03 7.021882105619e-03 5.834978073835e-03 5.495277233422e-03 6.642103195190e-03 5.888801068068e-03 4.794791806489e-03 5.219626240432e-03 5.433759652078e-03 6.633799523115e-03 7.363952696323e-03 8.218279108405e-03 1.007753424346e-02 1.169654726982e-02 2.041647769511e-02 4.307934641838e-02 5.133714899421e-02 7.050284743309e-02 3.991754725575e-02 8.488027006388e-02 6.480348855257e-02 1.077295243740e-01 6.575395911932e-02 1.297998726368e-01 9.727064520121e-02 1.543535292149e-01 1.892705857754e-01 1.690220683813e-01 2.279768884182e-01 2.073296904564e-01 1.658353954554e-01 1.454239934683e-01
4.729884210974e-03 5.114607047290e-03 4.919301718473e-03 5.016515497118e-03 5.038827657700e-03 4.906882997602e-03 5.435126367956e-03 5.138204433024e-03 6.113808136433e-03 6.620926316828e-03 6.011610385031e-03 6.092933937907e-03 6.707611028105e-03 6.982112303376e-03 6.378515623510e-03 8.237157016993e-03 7.332995068282e-03 5.596849136055e-03 5.634828470647e-03 5.609476938844e-03 6.447197869420e-03 6.993695627898e-03 7.814603857696e-03 1.039697881788e-02 1.222037244588e-02 1.829508319497e-02 2.748112566769e-02 3.175764158368e-02 3.400772064924e-02 4.298192262650e-02 7.183587551117e-02 1.101630777121e-01 7.434837520123e-02 1.775635778904e-01 6.195096671581e-02 8.078264445066e-02 1.652478724718e-01 2.312205284834e-01 1.133270636201e-01 1.281484514475e-01 8.145440369844e-02 1.536182463169e-01 1.355132758617e-01
4.218567162752e-03 4.559891298413e-03 4.385327454656e-03 4.317797720432e-03 4.008520394564e-03 4.051153082401e-03 4.275576211512e-03 5.623564589769e-03 6.990223191679e-03 7.184627000242e-03 6.280493456870e-03 6.952674593776e-03 7.740802131593e-03 7.524999324232e-03 7.467444054782e-03 7.703707087785e-03 8.299857378006e-03 9.723667055368e-03 8.712609298527e-03 7.822408340871e-03 8.048878982663e-03 8.668963797390e-03 1.036052033305e-02 1.056068856269e-02 1.284583285451e-02 1.579482108355e-02 2.576778829098e-02 2.587710879743e-02 4.628315567970e-02 9.363271296024e-02 1.163878813386e-01 5.952710658312e-02 5.975581333041e-02 1.806572377682e-01 9.535546600819e-02 1.173329204321e-01 1.040307655931e-01 1.349866837263e-01 9.859991073608e-02 3.773218020797e-02 3.592240065336e-02 4.850828275084e-02 9.604045003653e-02
3.888173494488e-03 3.892891807482e-03 3.861970733851e-03 3.810153575614e-03 3.915396519005e-03 4.145111422986e-03 4.404085222632e-03 5.247354973108e-03 5.885286256671e-03 5.614020396024e-03 6.594737526029e-03 7.095927838236e-03 6.887741852552e-03 7.238090503961e-03 9.892384521663e-03 1.377325225621e-02 1.563147455454e-02 1.982242986560e-02 1.978615485132e-02 2.131087519228e-02 1.519962213933e-02 1.452884729952e-02 1.685130223632e-02 1.411100104451e-02 1.609530672431e-02 2.224723622203e-02 6.691538542509e-02 6.244510412216e-02 5.997146293521e-02 8.084861189127e-02 4.559098184109e-02 4.806849360466e-02 6.462959945202e-02 3.683589398861e-02 1.999352872372e-01 2.785773277283e-01 2.487779706717e-01 5.753402411938e-02 2.722555957735e-02 2.248666808009e-02 2.198219299316e-02 2.599920518696e-02 2.746008522809e-02
3.614365821704e-03 3.749655792490e-03 3.603096352890e-03 3.880253760144e-03 4.156698472798e-03 4.756283946335e-03 4.757826216519e-03 5.512040108442e-03 6.035726983100e-03 7.029508240521e-03 7.263530511409e-03 8.622532710433e-03 9.034698829055e-03 8.350878953934e-03 2.022769488394e-02 7.259431481361e-02 5.737183988094e-02 3.417653590441e-02 3.841975703835e-02 4.786226898432e-02 3.537478297949e-02 1.864631101489e-02 2.170363813639e-02 2.720234356821e-02 2.640005387366e-02 4.919718578458e-02 6.922914087772e-02 6.147661060095e-02 4.999087005854e-02 4.520466178656e-02 5.128948763013e-02 4.797950014472e-02 3.614092618227e-02 3.009716421366e-02 5.117536336184e-02 2.352510541677e-01 2.451847195625e-01 5.056980252266e-02 1.797624491155e-02 1.831398718059e-02 1.646653190255e-02 1.582325063646e-02 2.604271285236e-02
3.624503267929e-03 3.905270015821e-03 4.943592473865e-03 5.526097957045e-03 5.079532507807e-03 8.419427089393e-03 9.898704476655e-03 1.005471404642e-02 8.491063490510e-03 8.318608626723e-03 9.101545438170e-03 1.143736019731e-02 1.139579992741e-02 4.203937575221e-02 2.969708442688e-01 3.738689720631e-01 1.743985265493e-01 9.968750923872e-02 7.966579496861e-02 6.246647611260e-02 2.985237725079e-02 2.956525236368e-02 6.464143097401e-02 1.379217654467e-01 1.130928471684e-01 6.030438467860e-02 7.036171108484e-02 5.719418823719e-02 6.066479533911e-02 4.213550686836e-02 1.043602749705e-01 4.173089936376e-02 3.195819258690e-02 2.258881554008e-02 1.497094891965e-02 4.845537617803e-02 5.349905788898e-02 1.309043262154e-02 8.784293197095e-03 1.033854391426e-02 1.278445124626e-02 1.429274026304e-02 1.336477510631e-02
4.445853177458e-03 6.996351759881e-03 9.540302678943e-03 1.036792341620e-02 1.338162273169e-02 1.778957247734e-02 1.747748255730e-02 1.541680563241e-02 1.325561571866e-02 1.022313907743e-02 1.228828448802e-02 1.358212344348e-02 7.558310776949e-02 4.167253077030e-01 5.697792172432e-01 1.985928416252e-01 6.277167797089e-02 3.837639465928e-02 3.902800381184e-02 3.408616036177e-02 3.276830539107e-02 7.468330115080e-02 1.471710652113e-01 1.957915425301e-01 1.575202941895e-01 8.106196671724e-02 5.579946935177e-02 4.111358150840e-02 3.713838383555e-02 3.311622515321e-02 4.485689103603e-02 2.052209712565e-02 2.321053482592e-02 1.881863549352e-02 1.182151120156e-02 7.007905747741e-03 5.777652841061e-03 5.622216500342e-03 5.907764658332e-03 7.358652539551e-03 9.881494566798e-03 1.249736454338e-02 1.278537698090e-02
7.367893122137e-03 1.102188602090e-02 1.464542839676e-02 1.960094086826e-02 3.793115541339e-02 3.767086192966e-02 5.270913615823e-02 3.780453279614e-02 4.297538101673e-02 2.552785724401e-02 1.434201840311e-02 9.860112518072e-02 3.971689045429e-01 3.952317535877e-01 1.033616364002e-01 3.123955056071e-02 5.792156606913e-02 7.653061300516e-02 5.407090857625e-02 6.291101872921e-02 7.608648389578e-02 7.652432471514e-02 1.113255023956e-01 9.089069068432e-02 6.160552427173e-02 4.795464500785e-02 2.988836914301e-02 1.163357775658e-02 1.189524587244e-02 1.179615408182e-02 1.510693319142e-02 1.105005014688e-02 9.739832021296e-03 6.725350860506e-03 6.878387182951e-03 7.006961386651e-03 7.234024349600e-03 7.594719063491e-03 8.078240789473e-03 8.700139820576e-03 8.796028792858e-03 1.049086079001e-02 1.330928690732e-02
