VariationalSeries/SI/f36.grd
DSAA
101	101
32.816463539100	34.260883539100
35.556306596100	36.727886596100
5.965311356704e-05	9.733354568481e+00
[rows 19 to 37 of 101, columns 43 to 85 of 101]
9.624671936035e-02 1.185593679547e-01 1.541356891394e-01 1.570400446653e-01 1.018085330725e-01 1.564065366983e-01 7.964845746756e-02 8.281046897173e-02 8.993725478649e-02 9.120432287455e-02 8.322737365961e-02 1.223487257957e-01 1.472841799259e-01 1.458354741335e-01 9.681673347950e-02 1.182921752334e-01 1.559566259384e-01 1.461253762245e-01 8.042894303799e-02 1.297697126865e-01 5.987768247724e-02 8.400612324476e-02 1.128337755799e-01 5.570612847805e-02 5.521934852004e-02 6.507902592421e-02 5.371515452862e-02 6.768657267094e-02 6.281825155020e-02 4.974595829844e-02 5.365986004472e-02 7.408046722412e-02 8.365423977375e-02 6.479479372501e-02 5.758629739285e-02 4.692855104804e-02 3.223749622703e-02 3.539211302996e-02 3.912118822336e-02 3.258226811886e-02 3.051791898906e-02 2.665633894503e-02 2.898773923516e-02
8.671885728836e-02 1.161778196692e-01 1.647617220879e-01 1.899706870317e-01 1.374299675226e-01 1.382957547903e-01 8.194013684988e-02 8.772668242455e-02 7.792199403048e-02 9.756045788527e-02 1.020710244775e-01 1.144051253796e-01 1.576151251793e-01 1.551167815924e-01 1.193819865584e-01 1.286002248526e-01 1.522681862116e-01 1.651063859463e-01 9.490420669317e-02 1.254591494799e-01 6.842259317636e-02 1.272566467524e-01 1.585284769535e-01 7.378733158112e-02 6.442064791918e-02 6.661603599787e-02 6.606066972017e-02 7.000266760588e-02 5.455936864018e-02 5.293338000774e-02 7.479673624039e-02 9.772468358278e-02 8.729621767998e-02 6.922017037868e-02 5.699536204338e-02 4.698776453733e-02 3.363426029682e-02 4.138055071235e-02 3.203023597598e-02 2.745373733342e-02 2.927660755813e-02 2.541385032237e-02 2.648304030299e-02
9.359364211559e-02 1.330495774746e-01 1.521437168121e-01 1.988696157932e-01 1.693802773952e-01 1.183607876301e-01 8.121089637280e-02 9.293913096189e-02 7.443524897099e-02 9.123561531305e-02 9.622535109520e-02 1.091144979000e-01 1.496795564890e-01 1.693522930145e-01 1.439623087645e-01 1.374492496252e-01 1.458403170109e-01 1.804222315550e-01 1.081904992461e-01 1.162243261933e-01 7.688923180103e-02 1.576464325190e-01 1.735786795616e-01 8.297048509121e-02 6.291709095240e-02 7.787972688675e-02 7.457401603460e-02 6.054089218378e-02 5.166413262486e-02 7.438623905182e-02 1.043143048882e-01 1.011644154787e-01 6.834271550179e-02 7.895822077990e-02 5.648940429091e-02 4.325687140226e-02 4.005814716220e-02 4.254988953471e-02 3.555618226528e-02 2.779093943536e-02 2.718621492386e-02 2.001332677901e-02 1.971458643675e-02
8.942952752113e-02 1.253594905138e-01 1.289973706007e-01 1.898309737444e-01 1.874628514051e-01 1.237846910954e-01 1.088525280356e-01 9.843995422125e-02 7.331935316324e-02 7.986611872911e-02 9.221623837948e-02 1.105832383037e-01 1.240874752402e-01 1.778225004673e-01 1.603290289640e-01 1.338938623667e-01 1.348355710506e-01 1.934748739004e-01 1.191485449672e-01 1.041183173656e-01 8.530975878239e-02 1.565522104502e-01 1.512799859047e-01 7.200850546360e-02 6.892121583223e-02 8.123851567507e-02 6.767205148935e-02 5.531084164977e-02 7.828062772751e-02 1.103533282876e-01 1.085191965103e-01 7.539197802544e-02 5.761143565178e-02 8.203130215406e-02 4.060982540250e-02 3.982203453779e-02 4.945433512330e-02 3.793917596340e-02 4.078113660216e-02 2.597975730896e-02 2.898121252656e-02 2.421291545033e-02 2.185517549515e-02
7.273200899363e-02 8.701539784670e-02 1.341150701046e-01 1.680929213762e-01 1.888853460550e-01 1.255926489830e-01 1.353436857462e-01 1.135587096214e-01 7.971053570509e-02 6.804531067610e-02 9.607356786728e-02 1.079138070345e-01 1.276877224445e-01 1.909373253584e-01 1.623065024614e-01 1.256389319897e-01 1.213421300054e-01 2.014478445053e-01 1.270847618580e-01 1.262056380510e-01 9.919945150614e-02 1.286949217319e-01 1.128264665604e-01 6.713163107634e-02 8.453123271465e-02 7.857573777437e-02 5.794628709555e-02 8.349470794201e-02 1.196080818772e-01 1.162577122450e-01 7.892411947250e-02 4.677336290479e-02 6.150990724564e-02 7.694085687399e-02 4.133647307754e-02 4.271866381168e-02 5.211643874645e-02 3.970555588603e-02 4.474042356014e-02 2.710965834558e-02 2.752921916544e-02 2.279742248356e-02 2.318823151290e-02
9.363164007664e-02 9.367270767689e-02 1.514218896627e-01 1.420862972736e-01 1.794889122248e-01 1.402013748884e-01 1.296772658825e-01 1.436477452517e-01 1.248373612761e-01 9.540484100580e-02 1.042948290706e-01 1.018782556057e-01 1.392043679953e-01 2.041911035776e-01 1.456526666880e-01 1.204849779606e-01 1.034021452069e-01 2.059749662876e-01 1.610280424356e-01 1.394145935774e-01 1.173321977258e-01 1.247438713908e-01 7.549104839563e-02 8.150041848421e-02 8.678143471479e-02 5.931748077273e-02 9.064742922783e-02 1.289905607700e-01 1.228104755282e-01 8.229623734951e-02 4.407998919487e-02 3.462227433920e-02 8.228462189436e-02 6.430237740278e-02 3.940224274993e-02 5.541864782572e-02 4.810983687639e-02 4.001026600599e-02 4.752504080534e-02 3.355579823256e-02 2.364401891828e-02 2.252596057951e-02 1.995972543955e-02
1.471438854933e-01 9.103108942509e-02 9.107948094606e-02 1.567829698324e-01 1.653387993574e-01 1.480174511671e-01 1.138058751822e-01 1.314180493355e-01 1.494010835886e-01 1.467160880566e-01 1.250177472830e-01 1.548897325993e-01 1.512830853462e-01 2.122061252594e-01 1.259417086840e-01 1.094197034836e-01 1.447970420122e-01 2.074220180511e-01 1.822668612003e-01 1.336843818426e-01 1.264747530222e-01 1.345521956682e-01 8.479350060225e-02 8.881416916847e-02 7.292463630438e-02 9.485866874456e-02 1.404649168253e-01 1.316276341677e-01 8.562419563532e-02 5.593176186085e-02 7.864137738943e-02 4.825776442885e-02 9.601858258247e-02 5.621580034494e-02 4.604144766927e-02 5.928412079811e-02 5.786773189902e-02 4.070607200265e-02 4.905571043491e-02 3.703581914306e-02 2.235701680183e-02 2.131339162588e-02 2.469834126532e-02
1.968026459217e-01 9.360725432634e-02 9.178320318460e-02 1.444375663996e-01 1.489041745663e-01 1.514838486910e-01 1.234214901924e-01 1.255113482475e-01 1.242200657725e-01 1.607936918736e-01 1.753620952368e-01 1.567528843880e-01 1.633662581444e-01 2.150062769651e-01 1.092536970973e-01 1.694486588240e-01 2.031656652689e-01 2.076707333326e-01 1.771478503942e-01 1.059361249208e-01 1.201424524188e-01 1.232908666134e-01 8.521510660648e-02 7.336550951004e-02 9.560105204582e-02 1.493889838457e-01 1.441361010075e-01 9.026214480400e-02 7.980027049780e-02 1.095241308212e-01 9.943122416735e-02 9.029858559370e-02 9.354811906815e-02 6.289117038250e-02 5.930635705590e-02 4.913272336125e-02 6.310442835093e-02 4.306888580322e-02 4.922663792968e-02 3.680652379990e-02 2.377834543586e-02 2.704393863678e-02 3.485045582056e-02
2.148779481649e-01 9.614735096693e-02 1.110155135393e-01 9.568268060684e-02 1.635125726461e-01 1.530327796936e-01 1.304783821106e-01 1.333238482475e-01 1.267696022987e-01 1.599912196398e-01 1.690406054258e-01 1.472915261984e-01 1.742088198662e-01 2.071761488914e-01 1.844875812531e-01 2.244898080826e-01 2.169430702925e-01 2.017640024424e-01 1.204073503613e-01 1.069393232465e-01 1.237501725554e-01 1.246475800872e-01 8.945498615503e-02 9.149543941021e-02 1.557250916958e-01 1.590314209461e-01 9.968587011099e-02 8.105769008398e-02 1.191410645843e-01 9.887519478798e-02 8.043806254864e-02 8.795007318258e-02 7.252499461174e-02 6.911784410477e-02 5.876788496971e-02 4.107498750091e-02 6.181528791785e-02 4.653654992580e-02 4.826042801142e-02 3.332262486219e-02 2.874007262290e-02 3.866334259510e-02 4.369234293699e-02
1.886201351881e-01 1.404436081648e-01 1.285464018583e-01 9.039455652237e-02 1.186949014664e-01 1.551005840302e-01 1.634659320116e-01 1.417115479708e-01 1.663715541363e-01 2.445356547832e-01 1.382552385330e-01 1.294162273407e-01 1.813835501671e-01 1.906802803278e-01 2.393219321966e-01 2.317292839289e-01 2.004380673170e-01 1.950780451298e-01 1.328714787960e-01 1.436602771282e-01 1.284852027893e-01 1.240411996841e-01 8.355475217104e-02 1.579848080873e-01 1.752230674028e-01 1.132860854268e-01 9.257648140192e-02 1.263003796339e-01 1.117757633328e-01 7.323364913464e-02 1.066863685846e-01 9.233717620373e-02 5.553399026394e-02 6.323455274105e-02 5.271376296878e-02 5.662841349840e-02 5.627783387899e-02 5.112420767546e-02 4.682910442352e-02 4.310217499733e-02 4.794625192881e-02 5.381475389004e-02 4.537974670529e-02
1.272658109665e-01 2.116195112467e-01 1.407472640276e-01 1.111532002687e-01 1.336821019650e-01 1.513127237558e-01 1.447614878416e-01 1.517015099525e-01 2.181327044964e-01 3.026053607464e-01 2.031495422125e-01 1.410057544708e-01 1.827411949635e-01 2.278648167849e-01 2.440109550953e-01 3.389091193676e-01 1.796930879354e-01 1.807864904404e-01 1.484322696924e-01 1.452818512917e-01 1.325477510691e-01 1.226031929255e-01 1.563844233751e-01 1.859531253576e-01 1.277024298906e-01 1.041925102472e-01 1.246603354812e-01 1.251050978899e-01 1.070069596171e-01 1.069579571486e-01 1.132864877582e-01 6.329116970301e-02 5.986618250608e-02 5.403010174632e-02 4.718105494976e-02 4.413672164083e-02 7.645415514708e-02 6.036842986941e-02 5.558447912335e-02 6.393302232027e-02 6.370389461517e-02 4.674973711371e-02 3.146224841475e-02
1.429423391819e-01 2.345097512007e-01 1.455417275429e-01 1.228597089648e-01 1.576251983643e-01 1.449395269156e-01 1.507795453072e-01 1.906022578478e-01 2.514440119267e-01 3.039178848267e-01 2.426066994667e-01 2.406452596188e-01 2.129664421082e-01 2.499353438616e-01 2.964462041855e-01 4.290645420551e-01 1.867891103029e-01 2.021326422691e-01 2.004390954971e-01 1.638725250959e-01 1.297676116228e-01 1.559766381979e-01 1.955099105835e-01 1.405721455812e-01 1.166624054313e-01 1.230844035745e-01 1.192401349545e-01 1.320239901543e-01 1.284501850605e-01 1.287283748388e-01 9.690427780151e-02 5.230343341827e-02 7.158748060465e-02 4.470489546657e-02 4.662987589836e-02 4.766527935863e-02 1.053576543927e-01 7.015919685364e-02 7.363258302212e-02 5.930084735155e-02 3.602760657668e-02 2.119195088744e-02 2.103617414832e-02
2.830300629139e-01 1.854040026665e-01 2.032244205475e-01 1.304657459259e-01 1.918794065714e-01 1.487602889538e-01 1.623244136572e-01 2.202543020248e-01 2.645780146122e-01 2.573175132275e-01 2.490262687206e-01 2.516294121742e-01 2.363866716623e-01 1.917281746864e-01 2.032615393400e-01 2.734534740448e-01 1.525696814060e-01 1.997619122267e-01 2.183824777603e-01 1.822171360254e-01 1.621750742197e-01 2.045691311359e-01 1.531512886286e-01 1.303514391184e-01 1.206506714225e-01 1.106685698032e-01 1.192141920328e-01 1.408944576979e-01 1.413333863020e-01 1.266777515411e-01 7.906626164913e-02 5.009256303310e-02 7.623888552189e-02 6.071349605918e-02 7.322742789984e-02 7.789318263531e-02 1.187902018428e-01 6.950391829014e-02 5.498017743230e-02 3.826471418142e-02 3.428652510047e-02 2.593503892422e-02 2.488572150469e-02
4.592985212803e-01 2.007879763842e-01 2.275219410658e-01 1.658892184496e-01 2.126768678427e-01 1.818443536758e-01 1.787239313126e-01 2.528840005398e-01 2.717795372009e-01 2.138049602509e-01 2.997467219830e-01 3.683772087097e-01 2.043240815401e-01 2.398109138012e-01 1.469136476517e-01 1.705244779587e-01 1.628393083811e-01 1.942401677370e-01 1.877102255821e-01 1.702743023634e-01 2.171562910080e-01 1.653168052435e-01 1.358711421490e-01 1.220295131207e-01 1.312776952982e-01 1.220281124115e-01 1.224136054516e-01 1.527894884348e-01 1.537730991840e-01 1.396550685167e-01 9.610106050968e-02 8.450780063868e-02 8.387738466263e-02 7.632749527693e-02 7.387914508581e-02 1.136059910059e-01 9.773644804955e-02 4.743741452694e-02 5.123842507601e-02 5.235861986876e-02 4.852128401399e-02 3.748350590467e-02 2.687455341220e-02
5.027642250061e-01 5.252122879028e-01 2.162918448448e-01 2.179173678160e-01 2.342088222504e-01 2.200829982758e-01 3.017057478428e-01 2.833478748798e-01 2.680243551731e-01 1.992713361979e-01 3.052433133125e-01 4.104540944099e-01 2.454077005386e-01 2.308557331562e-01 1.874825358391e-01 1.909945607185e-01 2.028119713068e-01 1.917378306389e-01 1.855333894491e-01 2.324405461550e-01 1.810376644135e-01 1.550482511520e-01 1.328479349613e-01 1.040660589933e-01 1.278145909309e-01 1.434408426285e-01 1.320122480392e-01 1.641448140144e-01 1.712110042572e-01 1.527885645628e-01 1.136994287372e-01 8.391960710287e-02 7.463712245226e-02 6.336116045713e-02 1.028695702553e-01 1.178035736084e-01 5.253330990672e-02 5.393257364631e-02 5.621030554175e-02 5.698245018721e-02 5.384088307619e-02 4.498966410756e-02 3.121835552156e-02
2.416215389967e-01 7.075942754745e-01 5.170745253563e-01 2.155475765467e-01 2.468064427376e-01 2.741093337536e-01 2.921682596207e-01 2.975082099438e-01 2.379966378212e-01 2.080289125443e-01 3.480034172535e-01 4.018387198448e-01 3.154923319817e-01 2.133716046810e-01 1.961593478918e-01 2.196134775877e-01 3.398637175560e-01 2.133795320988e-01 2.577213346958e-01 1.986260265112e-01 1.429595351219e-01 1.393181830645e-01 1.176317706704e-01 1.428967565298e-01 1.452749818563e-01 1.666692197323e-01 1.836409866810e-01 1.404896378517e-01 1.667489111423e-01 1.665225178003e-01 1.293539553881e-01 6.872552633286e-02 7.012831419706e-02 1.087921932340e-01 1.179657950997e-01 6.898687779903e-02 4.788492992520e-02 4.832951352000e-02 4.810222610831e-02 4.881992191076e-02 4.863765835762e-02 4.503529891372e-02 3.600223362446e-02
4.437408745289e-01 3.345592617989e-01 8.250215053558e-01 3.842195868492e-01 2.495818138123e-01 3.369854092598e-01 2.533960044384e-01 2.829520404339e-01 3.716972470284e-01 2.895522415638e-01 4.013526141644e-01 3.192721307278e-01 3.361103832722e-01 2.814087271690e-01 2.316577583551e-01 2.166048139334e-01 4.943758547306e-01 2.988186776638e-01 2.404371201992e-01 2.927242815495e-01 1.741225719452e-01 1.420260667801e-01 1.516791582108e-01 1.597026139498e-01 1.538625359535e-01 1.635422110558e-01 2.314810305834e-01 1.405131220818e-01 1.730917245150e-01 1.807677745819e-01 1.465635746717e-01 9.447171539068e-02 1.198703125119e-01 1.109247505665e-01 6.346282362938e-02 5.318059399724e-02 5.023244768381e-02 4.703700169921e-02 4.372382164001e-02 4.070655256510e-02 4.190073162317e-02 4.329965636134e-02 3.933264687657e-02
6.001949310303e-01 7.830170989037e-01 4.733228385448e-01 8.112342953682e-01 3.009983003139e-01 4.079839587212e-01 3.500303030014e-01 3.734430372715e-01 5.219118595123e-01 4.327920079231e-01 4.994508028030e-01 2.867037057877e-01 3.049739003181e-01 3.176718652248e-01 2.845055460930e-01 2.245804667473e-01 5.806166529655e-01 3.294975757599e-01 3.431343436241e-01 2.378198206425e-01 1.290133744478e-01 1.427598148584e-01 1.814360469580e-01 1.646222472191e-01 1.496764421463e-01 1.434856951237e-01 2.256648391485e-01 1.540679782629e-01 1.941725611687e-01 1.915373802185e-01 1.518981009722e-01 1.210461631417e-01 9.078347682953e-02 4.755724221468e-02 4.692800343037e-02 4.940838366747e-02 4.882867261767e-02 5.219600349665e-02 5.125605314970e-02 4.864117875695e-02 5.291166901588e-02 6.150148436427e-02 6.422889977694e-02
1.181900382042e+00 7.838378548622e-01 8.277308940887e-01 6.872603893280e-01 6.251921057701e-01 4.586129784584e-01 5.036227107048e-01 4.438926577568e-01 4.590080380440e-01 5.074536204338e-01 5.872423052788e-01 3.417326509953e-01 3.005644679070e-01 3.226371407509e-01 3.531404733658e-01 3.342165946960e-01 4.479923248291e-01 3.318953216076e-01 3.310071229935e-01 2.642900645733e-01 2.154199928045e-01 2.558597624302e-01 2.576465010643e-01 2.132062762976e-01 1.556826531887e-01 1.327622681856e-01 1.770548075438e-01 1.893182098866e-01 2.006926685572e-01 1.676022857428e-01 1.175770014524e-01 7.498166710138e-02 6.561475992203e-02 6.962875276804e-02 8.232815563679e-02 9.025587886572e-02 9.439636766911e-02 9.396445751190e-02 8.919317275286e-02 8.161423355341e-02 7.424426078796e-02 7.466686517000e-02 6.610104441643e-02
