VariationalSeries/SI/f36.grd
DSAA
101	101
32.816463539100	34.260883539100
35.556306596100	36.727886596100
5.965311356704e-05	9.733354568481e+00
[rows 38 to 56 of 101, columns 43 to 85 of 101]
5.953655838966e-01 9.247674345970e-01 9.890672564507e-01 5.863171219826e-01 9.839243292809e-01 4.829878211021e-01 4.960743784904e-01 6.658029556274e-01 5.710073113441e-01 4.576534628868e-01 6.750552058220e-01 3.505392670631e-01 3.850081264973e-01 3.258903622627e-01 5.061873197556e-01 3.683729171753e-01 3.992619514465e-01 2.263296246529e-01 3.090398609638e-01 4.691422581673e-01 4.781822264194e-01 3.665524125099e-01 2.528441548347e-01 2.002010792494e-01 1.723265200853e-01 1.558384746313e-01 1.445315331221e-01 1.479363739491e-01 1.315267831087e-01 9.873679280281e-02 9.802549332380e-02 1.160668283701e-01 1.326735913754e-01 1.364502012730e-01 1.383936107159e-01 1.386987119913e-01 1.366094648838e-01 1.261995136738e-01 1.121058464050e-01 9.996320307255e-02 9.012083709240e-02 9.060193598270e-02 7.654167711735e-02
5.939391851425e-01 1.227213859558e+00 7.924550175667e-01 1.105748295784e+00 7.962704300880e-01 1.125070214272e+00 9.462208151817e-01 5.848158001900e-01 5.937811136246e-01 4.766358137131e-01 7.661653161049e-01 4.953212141991e-01 3.217327296734e-01 3.694520592690e-01 6.721354126930e-01 4.008779525757e-01 4.584382176399e-01 7.164890766144e-01 6.424091458321e-01 4.354287385941e-01 2.940981090069e-01 1.999283134937e-01 1.823775172234e-01 1.647559106350e-01 1.658805310726e-01 1.585320532322e-01 1.389589756727e-01 1.212080568075e-01 1.093629524112e-01 1.093467921019e-01 1.200643926859e-01 1.127938032150e-01 9.258687496185e-02 7.831387221813e-02 7.569093257189e-02 6.530357152224e-02 7.008569687605e-02 7.699742913246e-02 8.473203331232e-02 9.380920231342e-02 1.016005724669e-01 1.330843567848e-01 1.372716724873e-01
8.739643096924e-01 6.117052435875e-01 1.080141544342e+00 8.558745980263e-01 9.104207754135e-01 1.185824155807e+00 7.224746346474e-01 6.559149622917e-01 4.692244529724e-01 4.872062504292e-01 8.196871280670e-01 4.435993432999e-01 4.553718864918e-01 4.469502270222e-01 5.449213385582e-01 8.803261518478e-01 6.007236838341e-01 3.114585578442e-01 2.908954918385e-01 1.929718405008e-01 1.464712917805e-01 2.114160656929e-01 2.775985896587e-01 2.500056624413e-01 1.800669431686e-01 1.568985879421e-01 1.533891558647e-01 1.414278745651e-01 1.221630051732e-01 1.135846599936e-01 1.068539619446e-01 1.083208173513e-01 1.036461666226e-01 9.637772291899e-02 9.393665194511e-02 9.874731302261e-02 9.743747860193e-02 8.846713602543e-02 1.174939423800e-01 1.601786762476e-01 1.316225081682e-01 9.865477681160e-02 8.534198254347e-02
9.666740298271e-01 8.887315988541e-01 1.408349156380e+00 1.177425861359e+00 1.111716747284e+00 1.226774215698e+00 1.155568599701e+00 6.373712420464e-01 7.180034518242e-01 6.822918057442e-01 8.067153692245e-01 6.302990913391e-01 5.856292247772e-01 9.973847866058e-01 6.430602073669e-01 4.766347110271e-01 4.048186540604e-01 3.278673887253e-01 2.413208186626e-01 3.904522061348e-01 4.206403195858e-01 2.209233194590e-01 3.479909896851e-01 2.645874321461e-01 2.381588816643e-01 2.100433558226e-01 1.855123937130e-01 1.658976823092e-01 1.494396328926e-01 1.436696350574e-01 2.689066529274e-01 1.142621934414e-01 1.086962893605e-01 1.029052808881e-01 1.305611729622e-01 1.630077958107e-01 1.488012820482e-01 1.702399402857e-01 1.451796591282e-01 1.591687798500e-01 1.605820208788e-01 1.570447683334e-01 1.441870182753e-01
9.213184714317e-01 1.278860807419e+00 1.104160070419e+00 1.097076177597e+00 1.018477201462e+00 1.287017107010e+00 2.032971382141e+00 8.777834177017e-01 1.023206472397e+00 1.022123336792e+00 9.311198592186e-01 9.338983297348e-01 1.063741445541e+00 6.066483855247e-01 6.581627130508e-01 3.713131248951e-01 5.018141269684e-01 6.712208986282e-01 5.280447006226e-01 5.051532387733e-01 5.254741907120e-01 3.542912006378e-01 2.193048596382e-01 2.128324210644e-01 1.973584294319e-01 1.846860498190e-01 2.254711240530e-01 3.898683786392e-01 4.679458141327e-01 4.150420129299e-01 2.048316150904e-01 1.482384949923e-01 1.407258212566e-01 1.528688371181e-01 1.916129440069e-01 1.964725404978e-01 1.779140532017e-01 1.592490375042e-01 1.188604384661e-01 1.478603780270e-01 1.766396611929e-01 1.763138771057e-01 1.695779263973e-01
1.094792366028e+00 1.587225794792e+00 2.626666545868e+00 1.607788324356e+00 2.592810630798e+00 1.332318782806e+00 3.183122158051e+00 9.144220352173e-01 1.772233963013e+00 1.276374220848e+00 1.116366028786e+00 1.090473771095e+00 6.183804273605e-01 7.546102404594e-01 8.524072766304e-01 8.330668807030e-01 5.156212449074e-01 3.064663708210e-01 6.581417322159e-01 5.691921114922e-01 3.118957281113e-01 2.848348319530e-01 2.691754698753e-01 4.901316761971e-01 6.026942729950e-01 5.325713753700e-01 3.505936861038e-01 2.525156438351e-01 2.744874060154e-01 1.736337542534e-01 1.390069723129e-01 2.085346728563e-01 2.592577040195e-01 2.326305210590e-01 2.052567005157e-01 2.774349451065e-01 3.286529481411e-01 2.938954532146e-01 2.107447832823e-01 1.539613455534e-01 1.923841834068e-01 2.112940102816e-01 2.228653728962e-01
1.348605751991e+00 1.701140880585e+00 2.001759052277e+00 2.663053274155e+00 2.225348949432e+00 2.255352973938e+00 3.731517076492e+00 1.481753587723e+00 1.722324848175e+00 1.356229066849e+00 1.369038581848e+00 7.911754250526e-01 8.546060919762e-01 1.067693829536e+00 8.335270285606e-01 5.951515436172e-01 8.601094484329e-01 7.986953854561e-01 6.316988468170e-01 7.993788123131e-01 8.092702031136e-01 7.017638087273e-01 5.020902752876e-01 2.746410965919e-01 3.016799688339e-01 2.721999883652e-01 2.161340415478e-01 2.230799645185e-01 2.404845654964e-01 2.584527134895e-01 2.516638338566e-01 2.147314548492e-01 2.062964737415e-01 1.731937378645e-01 3.161792457104e-01 3.863622248173e-01 3.622587621212e-01 2.668668925762e-01 1.617027819157e-01 9.850747138262e-02 1.376717388630e-01 1.580627858639e-01 1.454966515303e-01
1.279589891434e+00 1.878823995590e+00 2.228937387466e+00 2.125434875488e+00 3.163738012314e+00 2.362530469894e+00 3.799350738525e+00 2.095320940018e+00 1.793872356415e+00 1.990028858185e+00 1.523154258728e+00 1.001833796501e+00 9.952431917191e-01 1.062351822853e+00 6.141946315765e-01 9.094297885895e-01 1.173391580582e+00 8.090403079987e-01 4.808859825134e-01 4.762740135193e-01 4.201296269894e-01 3.255478143692e-01 3.137589097023e-01 3.470998406410e-01 3.472223579884e-01 3.066972792149e-01 2.652150392532e-01 2.584441900253e-01 2.155108898878e-01 2.377348542213e-01 2.273265570402e-01 2.073966413736e-01 1.439078003168e-01 2.638098299503e-01 3.147117495537e-01 2.983871996403e-01 2.084426730871e-01 1.120316758752e-01 1.542223840952e-01 1.450606286526e-01 1.085074841976e-01 1.036761701107e-01 1.120717301965e-01
1.895999670029e+00 2.652759552002e+00 2.707096815109e+00 2.949904680252e+00 3.206679105759e+00 4.036154747009e+00 3.804488897324e+00 7.408736705780e+00 2.728857994080e+00 1.727702736855e+00 1.605967760086e+00 1.431254029274e+00 1.215073227882e+00 1.854286551476e+00 1.620774149895e+00 9.465395808220e-01 8.756775856018e-01 9.092255234718e-01 6.657274961472e-01 5.881384015083e-01 5.827082991600e-01 5.542864799500e-01 5.943305492401e-01 4.431233108044e-01 5.704023241997e-01 5.046729445457e-01 3.166344761848e-01 2.882913947105e-01 2.923699319363e-01 2.730143964291e-01 2.331349104643e-01 2.253661006689e-01 2.349134385586e-01 2.703970968723e-01 2.514162361622e-01 1.929599195719e-01 1.471214592457e-01 1.333361864090e-01 1.299721300602e-01 1.285749673843e-01 1.257113069296e-01 1.211197599769e-01 1.166573688388e-01
1.200088739395e+00 3.509636640549e+00 2.423784255981e+00 3.018338918686e+00 4.779194355011e+00 3.808018207550e+00 4.520235061646e+00 5.410723686218e+00 2.663174867630e+00 2.519276857376e+00 3.199169158936e+00 2.037763118744e+00 2.528578281403e+00 1.961247682571e+00 1.641701698303e+00 1.432021737099e+00 1.217430472374e+00 1.053625941277e+00 9.300431013107e-01 1.307223916054e+00 1.528685808182e+00 6.373392939568e-01 4.140141904354e-01 4.206366539001e-01 5.912088155746e-01 3.722720742226e-01 3.218056261539e-01 3.056578934193e-01 2.823201417923e-01 2.686469256878e-01 2.580060958862e-01 2.668998539448e-01 2.824783623219e-01 2.415376603603e-01 1.848945617676e-01 1.725459992886e-01 1.634461432695e-01 1.342854052782e-01 1.328635215759e-01 1.329119652510e-01 1.226534098387e-01 1.256775259972e-01 1.320124715567e-01
3.237635850906e+00 3.791754722595e+00 4.331946849823e+00 4.568007946014e+00 5.296859264374e+00 7.321052551270e+00 9.733354568481e+00 4.502036094666e+00 3.632693052292e+00 2.534854888916e+00 3.605438947678e+00 3.587293624878e+00 1.358076930046e+00 2.166944742203e+00 2.376955509186e+00 1.178187251091e+00 1.090809464455e+00 1.156160354614e+00 1.275508403778e+00 1.502891063690e+00 1.159338235855e+00 4.933194220066e-01 5.592579245567e-01 4.584595561028e-01 4.276287257671e-01 3.668410181999e-01 3.567060232162e-01 3.540159463882e-01 2.941949367523e-01 2.042701691389e-01 1.828503459692e-01 2.003804743290e-01 2.127285450697e-01 2.185788452625e-01 2.144051492214e-01 2.053311467171e-01 1.830667853355e-01 1.876580417156e-01 2.092365175486e-01 2.143137454987e-01 1.919279545546e-01 1.665972620249e-01 1.454089879990e-01
2.157533168793e+00 3.847198247910e+00 3.968690633774e+00 5.030415058136e+00 4.996629238129e+00 4.944570541382e+00 4.842201232910e+00 4.016984939575e+00 2.814265012741e+00 3.191392421722e+00 3.071191787720e+00 3.233150720596e+00 3.914272069931e+00 1.717332124710e+00 1.453679561615e+00 9.030454158783e-01 8.228100538254e-01 5.817627310753e-01 5.355402231216e-01 4.566299915314e-01 3.922842144966e-01 4.444180428982e-01 5.478214025497e-01 6.304093599319e-01 6.453028917313e-01 5.664202570915e-01 4.527778327465e-01 3.135573267937e-01 2.180940210819e-01 1.798352897167e-01 1.461184322834e-01 1.648249775171e-01 2.143639475107e-01 1.439187526703e-01 1.624329239130e-01 1.774998903275e-01 1.418621540070e-01 1.733782440424e-01 2.049430161715e-01 2.171813994646e-01 2.465155720711e-01 3.097368180752e-01 3.517189919949e-01
8.501063585281e-01 1.162101387978e+00 1.827655196190e+00 8.658732414246e+00 4.767389297485e+00 4.545301914215e+00 2.533372879028e+00 2.604669332504e+00 2.411197662354e+00 3.837231397629e+00 3.575015306473e+00 5.063205242157e+00 7.341366767883e+00 5.392725944519e+00 3.514560699463e+00 1.618661403656e+00 7.617245912552e-01 5.429663062096e-01 4.926908314228e-01 6.632491350174e-01 8.632747530937e-01 7.994395494461e-01 5.900653600693e-01 3.792459070683e-01 4.172250032425e-01 3.947780430317e-01 5.646057128906e-01 8.417165875435e-01 3.903744518757e-01 2.052523344755e-01 1.900080144405e-01 3.123133778572e-01 2.050075381994e-01 1.280776262283e-01 1.122732311487e-01 1.166918054223e-01 1.171917989850e-01 1.206383109093e-01 1.228269562125e-01 1.227669268847e-01 1.229834556580e-01 1.361087560654e-01 1.188082918525e-01
1.542408764362e-01 3.842498362064e-01 9.259064793587e-01 1.233349680901e+00 1.257812976837e+00 1.229833245277e+00 9.582709670067e-01 1.307921290398e+00 1.305930256844e+00 2.083743333817e+00 4.217121601105e+00 4.767510890961e+00 6.552098751068e+00 3.808954715729e+00 2.718250989914e+00 1.538923382759e+00 7.026652693748e-01 3.684087991714e-01 3.898959755898e-01 8.584641218185e-01 2.734159946442e+00 1.141611576080e+00 9.763382077217e-01 7.286999821663e-01 7.427660226822e-01 6.378889083862e-01 6.877417564392e-01 4.819464683533e-01 2.386139333248e-01 3.148452341557e-01 2.653735876083e-01 2.680064439774e-01 1.628286987543e-01 1.476970762014e-01 1.030290573835e-01 9.429609030485e-02 9.779705107212e-02 9.769877791405e-02 1.055205613375e-01 9.764863550663e-02 1.271123886108e-01 1.493232697248e-01 1.444225162268e-01
1.075231134892e-01 2.001239955425e-01 5.820918679237e-01 3.394052982330e-01 2.995473444462e-01 2.443443238735e-01 3.707476258278e-01 6.122111082077e-01 6.388663649559e-01 6.800053715706e-01 1.926213383675e+00 9.479763984680e+00 7.526430606842e+00 3.394618749619e+00 1.559612274170e+00 4.494923055172e-01 2.695715725422e-01 1.773951351643e-01 2.203624695539e-01 5.639321804047e-01 1.293193340302e+00 2.253509044647e+00 1.128859639168e+00 8.591626286507e-01 6.780154705048e-01 5.089991092682e-01 5.397537946701e-01 5.039205551147e-01 4.422807991505e-01 3.989055454731e-01 4.862594306469e-01 2.081865519285e-01 1.930394321680e-01 1.558690071106e-01 1.593285948038e-01 1.485241502523e-01 1.243984699249e-01 1.062441468239e-01 1.215855851769e-01 1.403581798077e-01 1.644387841225e-01 1.619018018246e-01 1.380759626627e-01
7.231701165438e-02 2.975706458092e-01 6.987590193748e-01 5.201086401939e-01 1.273467838764e-01 1.492654383183e-01 1.426738798618e-01 2.892061769962e-01 3.156822621822e-01 5.251120924950e-01 9.983391761780e-01 2.593460083008e+00 5.557554721832e+00 3.806716918945e+00 5.149523258209e+00 1.243116855621e+00 1.528198868036e-01 9.633840620518e-02 1.518161147833e-01 5.034143328667e-01 1.538755536079e+00 2.408107519150e+00 1.837399125099e+00 1.251111984253e+00 8.696910738945e-01 5.475642681122e-01 6.211223602295e-01 4.600735902786e-01 4.447764754295e-01 4.426561594009e-01 3.676824271679e-01 2.932233810425e-01 2.065059840679e-01 2.202277630568e-01 1.976533830166e-01 1.573980450630e-01 1.398648917675e-01 1.297416836023e-01 1.203815713525e-01 1.405878067017e-01 1.542571038008e-01 1.500334292650e-01 1.329426467419e-01
6.178027391434e-02 1.519814878702e-01 1.032562851906e+00 1.241384506226e+00 6.484884023666e-01 1.006770879030e-01 7.659137248993e-02 1.441077888012e-01 1.440560519695e-01 1.167825460434e-01 9.909982979298e-02 4.171094894409e-01 1.878996968269e+00 1.089356899261e+00 6.280597686768e+00 7.589947581291e-01 4.284597039223e-01 1.619829684496e-01 1.347521245480e-01 4.364057481289e-01 8.561706542969e-01 7.586002826691e+00 2.349023818970e+00 1.023053765297e+00 1.036404252052e+00 5.470365881920e-01 5.868385434151e-01 4.968444108963e-01 7.160761952400e-01 5.499895215034e-01 3.154874145985e-01 3.132341802120e-01 2.921059727669e-01 2.782099246979e-01 2.732083499432e-01 2.178328186274e-01 2.150289714336e-01 2.379581630230e-01 1.537536680698e-01 1.178888082504e-01 1.163448318839e-01 1.149588376284e-01 1.331759244204e-01
3.948117420077e-02 6.805400550365e-02 8.525614440441e-02 4.826399683952e-01 2.972373068333e-01 7.173638790846e-02 6.112404167652e-02 7.173578441143e-02 6.727886945009e-02 6.462989002466e-02 4.681172594428e-02 5.234020203352e-02 1.603818684816e-01 1.000218629837e+00 2.849494457245e+00 6.962680220604e-01 5.815765261650e-01 2.734884321690e-01 1.594442278147e-01 3.128207325935e-01 3.643010258675e-01 4.995039701462e-01 4.555470943451e-01 3.446815013885e-01 5.085646510124e-01 8.462420105934e-01 7.399235367775e-01 7.383839488029e-01 4.763370156288e-01 6.235668659210e-01 6.506338715553e-01 5.671920776367e-01 3.466027975082e-01 2.867897152901e-01 2.749178409576e-01 2.400149255991e-01 2.051281034946e-01 2.083923220634e-01 2.020956128836e-01 1.337749809027e-01 1.101392135024e-01 1.135033592582e-01 1.227940768003e-01
4.343331232667e-02 6.928965449333e-02 4.559086635709e-02 5.129185318947e-02 5.212759971619e-02 6.135162711143e-02 5.659477412701e-02 5.318358168006e-02 4.913040250540e-02 3.728848323226e-02 2.613085694611e-02 2.213302813470e-02 3.691442683339e-02 1.037583708763e+00 1.610993027687e+00 1.672362089157e+00 4.747729897499e-01 5.076327323914e-01 4.465312063694e-01 1.835514605045e-01 1.988383978605e-01 3.734595179558e-01 1.020103931427e+00 9.633083343506e-01 1.256287932396e+00 1.264589905739e+00 1.185622215271e+00 1.120480418205e+00 1.062459349632e+00 1.013933300972e+00 1.079571008682e+00 1.322792410851e+00 1.130803346634e+00 4.630125463009e-01 1.888088583946e-01 2.214693725109e-01 2.425221204758e-01 1.675133109093e-01 1.658430993557e-01 1.172675564885e-01 1.155149862170e-01 8.556155860424e-02 9.628206491470e-02
