VariationalSeries/SI/f36.grd
DSAA
101	101
32.816463539100	34.260883539100
35.556306596100	36.727886596100
5.965311356704e-05	9.733354568481e+00
[rows 57 to 75 of 101, columns 0 to 42 of 101]
3.297546645626e-03 5.416308529675e-03 5.871095228940e-03 5.876562558115e-03 6.233443506062e-03 7.622383069247e-03 8.533417247236e-03 9.355746209621e-03 1.012500561774e-02 1.034773886204e-02 9.955601766706e-03 1.393802091479e-02 2.386990748346e-02 1.304557640105e-02 9.498830884695e-03 1.431483495981e-02 1.281764451414e-02 1.431561727077e-02 1.730079762638e-02 1.808456145227e-02 1.856888830662e-02 1.389014907181e-02 9.672298096120e-03 8.503861725330e-03 9.222282096744e-03 1.277347002178e-02 2.041634730995e-02 2.532836794853e-02 1.979225315154e-02 1.155341137201e-02 9.031826630235e-03 7.125761359930e-03 7.464339490980e-03 8.939247578382e-03 1.059001497924e-02 1.359504647553e-02 1.566370949149e-02 1.689983159304e-02 2.790999971330e-02 3.659012168646e-02 3.135795518756e-02 2.778634056449e-02 3.133815154433e-02
4.162750206888e-03 6.813622079790e-03 7.783475797623e-03 7.898870855570e-03 7.811738643795e-03 7.597302552313e-03 7.589482702315e-03 7.945835590363e-03 8.274766616523e-03 1.348497811705e-02 4.373599961400e-02 5.063083767891e-02 1.891401596367e-02 9.774789214134e-03 9.812995791435e-03 9.173118509352e-03 9.921263903379e-03 9.882696904242e-03 1.123078912497e-02 1.423927675933e-02 1.727509126067e-02 1.845854148269e-02 1.290063373744e-02 8.121840655804e-03 9.351418353617e-03 1.426892261952e-02 2.155343070626e-02 2.309284359217e-02 2.338543534279e-02 1.486877910793e-02 8.962779305875e-03 8.136722259223e-03 7.810336537659e-03 9.313306771219e-03 1.099582388997e-02 1.138095371425e-02 1.169902179390e-02 1.222479436547e-02 1.233668811619e-02 1.331451069564e-02 1.603635214269e-02 2.192099578679e-02 2.523117698729e-02
5.571064539254e-03 9.159270673990e-03 1.059726998210e-02 1.510948967189e-02 1.940790750086e-02 2.463744580746e-02 3.242559358478e-02 4.730101674795e-02 8.679708093405e-02 1.225422620773e-01 8.148536831141e-02 2.073847502470e-02 1.398659870028e-02 1.223491504788e-02 8.895370177925e-03 9.362701326609e-03 9.897994808853e-03 9.741475805640e-03 9.266976267099e-03 9.885400533676e-03 1.667287200689e-02 1.890085078776e-02 1.339908689260e-02 7.694414816797e-03 6.043281406164e-03 9.321521967649e-03 1.321988087147e-02 1.358310692012e-02 1.425493787974e-02 1.158919557929e-02 8.084741421044e-03 8.501604199409e-03 8.045761846006e-03 9.029028937221e-03 1.089721545577e-02 1.129153743386e-02 1.075709611177e-02 9.863652288914e-03 9.129215963185e-03 1.021879073232e-02 1.301805116236e-02 1.670080237091e-02 2.202295698225e-02
5.444721318781e-03 9.799555875361e-03 1.711158640683e-02 2.446594089270e-02 3.098027594388e-02 4.103728756309e-02 5.972760170698e-02 8.921191096306e-02 8.965492248535e-02 4.146428406239e-02 9.988246485591e-03 1.164735667408e-02 1.266841869801e-02 1.125679165125e-02 1.011002901942e-02 1.061384193599e-02 1.063675805926e-02 1.020647026598e-02 7.923283614218e-03 7.727843243629e-03 1.200612355024e-02 1.339998375624e-02 9.940759278834e-03 6.212401669472e-03 4.767388571054e-03 5.147015675902e-03 6.900472100824e-03 8.532599546015e-03 1.006791181862e-02 8.696733973920e-03 7.954477332532e-03 7.431310601532e-03 7.930723950267e-03 8.783760480583e-03 1.054166071117e-02 1.080314442515e-02 9.773626923561e-03 8.366351947188e-03 7.696671411395e-03 8.555105887353e-03 1.260703429580e-02 1.587428525090e-02 2.014355733991e-02
3.297337330878e-03 5.747879389673e-03 7.026819512248e-03 7.396042812616e-03 7.408468984067e-03 7.374427746981e-03 7.307608611882e-03 7.148227654397e-03 7.008465938270e-03 6.851162761450e-03 6.425487343222e-03 6.770479492843e-03 7.426061201841e-03 9.501205757260e-03 1.068629324436e-02 1.116227824241e-02 1.074312534183e-02 9.530615061522e-03 7.037395145744e-03 5.592940840870e-03 6.716439500451e-03 6.973111070693e-03 5.499138496816e-03 4.072926472872e-03 3.583846148103e-03 3.947632852942e-03 5.066210869700e-03 6.090997252613e-03 7.233437616378e-03 7.786435075104e-03 7.367792073637e-03 6.581780966371e-03 7.626405451447e-03 9.232824668288e-03 1.102046482265e-02 1.066081225872e-02 8.850479498506e-03 7.014483679086e-03 7.801476866007e-03 8.735832758248e-03 1.302152499557e-02 1.616947352886e-02 1.898903958499e-02
1.547402353026e-03 2.884528366849e-03 3.741459455341e-03 4.132523667067e-03 4.284233786166e-03 4.408316686749e-03 4.526637960225e-03 4.613261204213e-03 4.749422427267e-03 4.885847214609e-03 4.786650184542e-03 4.498689901084e-03 4.594635684043e-03 6.100290454924e-03 7.177742198110e-03 7.556724827737e-03 6.875562015921e-03 6.117037963122e-03 5.165607202798e-03 4.373065661639e-03 3.575937589630e-03 3.339291317388e-03 2.754877787083e-03 3.068201243877e-03 3.619614522904e-03 3.806064371020e-03 4.202922340482e-03 5.063572898507e-03 6.123330444098e-03 6.697958800942e-03 6.597501225770e-03 6.227938458323e-03 7.619889918715e-03 1.023301389068e-02 1.189118809998e-02 1.073127798736e-02 8.043325506151e-03 6.899876985699e-03 7.997404783964e-03 9.411636739969e-03 1.263986807317e-02 1.419113297015e-02 1.637377031147e-02
1.066214870661e-03 1.795761869289e-03 2.230169484392e-03 2.535322215408e-03 2.727748826146e-03 2.895598765463e-03 3.056532936171e-03 3.190986346453e-03 3.351971507072e-03 3.516773460433e-03 3.538390388712e-03 3.424352966249e-03 3.293733345345e-03 3.176853293553e-03 3.210454946384e-03 3.641763934866e-03 3.840771270916e-03 3.788700327277e-03 3.476281417534e-03 3.315483452752e-03 2.848386997357e-03 2.672708127648e-03 2.361321123317e-03 3.125606803223e-03 3.853707341477e-03 4.221116192639e-03 4.195771645755e-03 4.149390850216e-03 5.057676229626e-03 5.623917561024e-03 5.758148152381e-03 5.722038913518e-03 7.740136235952e-03 1.083232183009e-02 1.195162069052e-02 9.971423074603e-03 7.043138146400e-03 6.939407903701e-03 8.363993838429e-03 9.393697604537e-03 1.085530035198e-02 1.249391119927e-02 1.283327024430e-02
8.624633192085e-04 1.469086273573e-03 1.852028304711e-03 2.036849036813e-03 2.168529201299e-03 2.280117711052e-03 2.361978171393e-03 2.377327764407e-03 2.455695997924e-03 2.550351200625e-03 2.570350654423e-03 2.527274889871e-03 2.484297379851e-03 2.427563769743e-03 2.525089774281e-03 2.901652362198e-03 3.084228374064e-03 3.043007338420e-03 2.813794417307e-03 2.628411399201e-03 2.767800819129e-03 2.687774598598e-03 2.345658605918e-03 3.120300825685e-03 3.938155714422e-03 4.437480587512e-03 4.495037253946e-03 4.351448267698e-03 4.452833440155e-03 4.878981504589e-03 5.079727619886e-03 5.353112705052e-03 7.702538277954e-03 1.060140226036e-02 1.091425027698e-02 8.580694906414e-03 6.519399117678e-03 7.189299911261e-03 8.761540055275e-03 9.255913086236e-03 9.625359438360e-03 1.041099335998e-02 9.560237638652e-03
8.281873306260e-04 1.326777855866e-03 1.683171023615e-03 1.847442588769e-03 1.917852088809e-03 1.978173619136e-03 1.999139320105e-03 1.970703713596e-03 1.979634631425e-03 2.004506532103e-03 2.026315545663e-03 2.103050705045e-03 2.163489349186e-03 2.212332328781e-03 2.270368393511e-03 2.356843324378e-03 2.519828267395e-03 2.554930280894e-03 2.578767016530e-03 2.474960638210e-03 2.542794682086e-03 2.658297773451e-03 2.359902253374e-03 2.955842530355e-03 3.736649174243e-03 4.255615640432e-03 4.345449153334e-03 4.246274009347e-03 4.478518851101e-03 4.607200622559e-03 4.692525137216e-03 5.009053274989e-03 7.227973546833e-03 9.520648047328e-03 9.247460402548e-03 7.377455942333e-03 6.402496248484e-03 7.709685247391e-03 8.872525766492e-03 8.659644052386e-03 8.376603014767e-03 8.446772582829e-03 7.791640702635e-03
7.759342552163e-04 1.231842325069e-03 1.545727136545e-03 1.684777205810e-03 1.743940054439e-03 1.787326182239e-03 1.791434711777e-03 1.751571893692e-03 1.761202351190e-03 1.893798704259e-03 2.007853472605e-03 2.110510831699e-03 2.201156690717e-03 2.277133287862e-03 2.345861401409e-03 2.412316389382e-03 2.461231313646e-03 2.468359656632e-03 2.418757183477e-03 2.353450749069e-03 2.358850790188e-03 2.565678209066e-03 2.425327664241e-03 2.681341487914e-03 3.343473887071e-03 3.803237807006e-03 4.393134266138e-03 4.794832784683e-03 4.811894148588e-03 4.654960706830e-03 4.549770150334e-03 4.672897048295e-03 6.355565972626e-03 7.935588248074e-03 7.600450422615e-03 6.584749557078e-03 6.916598416865e-03 7.847111672163e-03 8.392601273954e-03 7.612875197083e-03 7.020089309663e-03 6.671540439129e-03 6.666901055723e-03
7.157870568335e-04 1.134465332143e-03 1.421236083843e-03 1.553925685585e-03 1.609633560292e-03 1.633180654608e-03 1.620385213755e-03 1.619114889763e-03 1.651063328609e-03 1.792461960576e-03 1.919705537148e-03 2.038826933131e-03 2.148112747818e-03 2.239504363388e-03 2.310116309673e-03 2.355716889724e-03 2.361000515521e-03 2.550598466769e-03 2.604523906484e-03 2.417268697172e-03 2.206528792158e-03 2.354473574087e-03 2.402937039733e-03 2.409682376310e-03 2.941826824099e-03 3.323581535369e-03 4.007843788713e-03 4.656558390707e-03 4.809234291315e-03 4.650413990021e-03 4.460121970624e-03 4.410092718899e-03 5.075156223029e-03 6.159676238894e-03 6.046746857464e-03 5.589151754975e-03 5.982860457152e-03 6.650682538748e-03 6.879211869091e-03 5.986034404486e-03 5.501950159669e-03 5.100379232317e-03 5.027106031775e-03
6.651071598753e-04 1.055896282196e-03 1.328157726675e-03 1.460236497223e-03 1.508216024376e-03 1.510580768809e-03 1.485717599280e-03 1.497283461504e-03 1.557216979563e-03 1.617500209250e-03 1.745399553329e-03 1.869000028819e-03 1.983311958611e-03 2.079435391352e-03 2.148770494387e-03 2.242191694677e-03 2.454129979014e-03 2.762492978945e-03 2.899026731029e-03 2.820813795552e-03 2.582308137789e-03 2.297530882061e-03 2.363269915804e-03 2.392703201622e-03 2.620792482048e-03 2.927640918642e-03 3.017658600584e-03 3.625091863796e-03 4.101552069187e-03 4.245976917446e-03 4.193484783173e-03 4.238994326442e-03 4.370102193207e-03 4.535420797765e-03 4.486583173275e-03 4.339022561908e-03 4.587349016219e-03 5.346932914108e-03 5.691316910088e-03 4.676702897996e-03 4.175465088338e-03 3.728329204023e-03 4.100296180695e-03
6.284398841672e-04 1.000625197776e-03 1.263521029614e-03 1.388669246808e-03 1.421579741873e-03 1.409522723407e-03 1.384487142786e-03 1.383328344673e-03 1.431923941709e-03 1.493269810453e-03 1.517108641565e-03 1.637101755477e-03 1.747336587869e-03 1.841718447395e-03 1.926811295561e-03 2.135826740414e-03 2.496737986803e-03 2.848805394024e-03 3.087741322815e-03 3.160125808790e-03 3.074273001403e-03 2.891786629334e-03 2.671699039638e-03 2.469070022926e-03 2.373690949753e-03 2.621744526550e-03 2.675630850717e-03 2.563678426668e-03 3.113274229690e-03 3.572291228920e-03 3.875257214531e-03 4.098994657397e-03 4.236157052219e-03 4.117282107472e-03 3.677467117086e-03 3.589201252908e-03 4.039420280606e-03 5.070983897895e-03 5.879040807486e-03 5.279712378979e-03 3.885549725965e-03 3.470716765150e-03 3.945504315197e-03
6.151999114081e-04 9.779925458133e-04 1.230302616023e-03 1.340724411421e-03 1.357638742775e-03 1.337773515843e-03 1.331941224635e-03 1.349866390228e-03 1.336953602731e-03 1.349711441435e-03 1.389785553329e-03 1.535878749564e-03 1.689281198196e-03 1.848401851021e-03 1.989205833524e-03 2.184472279623e-03 2.539745764807e-03 2.899775747210e-03 3.223998937756e-03 3.425257513300e-03 3.460494335741e-03 3.375733969733e-03 3.230752889067e-03 3.082711016759e-03 2.995889168233e-03 2.939946018159e-03 2.832257654518e-03 2.670484362170e-03 3.082931973040e-03 3.458167659119e-03 3.738247090951e-03 3.993918187916e-03 4.129847977310e-03 3.858614480123e-03 3.669918747619e-03 3.776075784117e-03 4.069879185408e-03 4.898267798126e-03 5.661072209477e-03 5.134028382599e-03 3.966106101871e-03 3.456594655290e-03 3.933557774872e-03
6.256389897317e-04 9.894304675981e-04 1.233541173860e-03 1.330148661509e-03 1.335254055448e-03 1.307560247369e-03 1.311243860982e-03 1.317299902439e-03 1.346070319414e-03 1.353123108856e-03 1.439091283828e-03 1.583712408319e-03 1.725106267259e-03 1.859744545072e-03 1.968659460545e-03 2.249717013910e-03 2.652304712683e-03 3.033223329112e-03 3.401566529647e-03 3.669016296044e-03 3.756852354854e-03 3.701771143824e-03 3.565324936062e-03 3.395365783945e-03 3.255420597270e-03 3.116489620879e-03 2.883350476623e-03 2.632212825119e-03 3.020769450814e-03 3.347542602569e-03 3.627860220149e-03 3.898352151737e-03 3.988672047853e-03 3.666412318125e-03 3.721756860614e-03 3.843397134915e-03 4.162199329585e-03 4.747147206217e-03 5.113677587360e-03 4.496358335018e-03 3.680160269141e-03 3.209974616766e-03 3.651334205642e-03
6.418906268664e-04 1.012014923617e-03 1.252348884009e-03 1.340791350231e-03 1.338951056823e-03 1.334079890512e-03 1.390511519276e-03 1.429853378795e-03 1.452169264667e-03 1.455528661609e-03 1.442583044991e-03 1.522365491837e-03 1.676220912486e-03 1.875352580100e-03 1.939660636708e-03 2.205075463280e-03 2.715046051890e-03 3.155261045322e-03 3.504236461595e-03 3.723976900801e-03 3.773107659072e-03 3.672105260193e-03 3.482621163130e-03 3.260320518166e-03 3.051778068766e-03 2.841595094651e-03 2.544144634157e-03 2.629936905578e-03 2.963762264699e-03 3.258131910115e-03 3.525941399857e-03 3.749563358724e-03 3.751227399334e-03 3.454113611951e-03 3.797602606937e-03 4.746651276946e-03 4.492127802223e-03 4.702950827777e-03 4.530713893473e-03 3.840848803520e-03 3.330915467814e-03 2.920620376244e-03 3.313998924568e-03
6.328928866424e-04 9.945831261575e-04 1.223528175615e-03 1.305150333792e-03 1.302763237618e-03 1.339576789178e-03 1.375999418087e-03 1.393748098053e-03 1.398294814862e-03 1.389871118590e-03 1.388158532791e-03 1.558086019941e-03 1.813165377825e-03 2.030550502241e-03 2.095434116200e-03 2.049810951576e-03 2.596573438495e-03 3.046780824661e-03 3.300566691905e-03 3.389719175175e-03 3.342303680256e-03 3.161205910146e-03 2.920110942796e-03 2.711021807045e-03 2.541630528867e-03 2.359315985814e-03 2.361687598750e-03 2.608881564811e-03 2.903989050537e-03 3.168629948050e-03 3.399326000363e-03 3.527261316776e-03 3.429072443396e-03 3.312921617180e-03 3.959427122027e-03 4.238215275109e-03 4.321960266680e-03 4.725267644972e-03 4.581876099110e-03 3.756334772334e-03 3.242912469432e-03 2.980960300192e-03 3.218136494979e-03
5.793990567327e-04 9.047082858160e-04 1.106344629079e-03 1.177214668132e-03 1.247102860361e-03 1.301328418776e-03 1.277894945815e-03 1.227881759405e-03 1.213467097841e-03 1.295028952882e-03 1.414259779267e-03 1.635173917748e-03 1.932942657731e-03 2.158160554245e-03 2.220972441137e-03 2.183770993724e-03 2.377456985414e-03 2.760199597105e-03 2.903266111389e-03 2.871116390452e-03 2.727948362008e-03 2.475303132087e-03 2.372294897214e-03 2.808855846524e-03 2.848336007446e-03 2.730314387009e-03 2.674463205040e-03 2.684361534193e-03 2.824004739523e-03 3.054390894249e-03 3.215094795451e-03 3.219931153581e-03 3.023684257641e-03 3.060259157792e-03 3.606908954680e-03 5.130142904818e-03 4.397544078529e-03 6.167101673782e-03 5.472013261169e-03 4.606772214174e-03 3.905428573489e-03 3.215563483536e-03 3.625227138400e-03
5.985847674310e-04 8.823491516523e-04 1.082814065740e-03 1.251373207197e-03 1.378766028211e-03 1.408847630955e-03 1.367885270156e-03 1.290719257668e-03 1.200807164423e-03 1.307443482801e-03 1.449199742638e-03 1.717062201351e-03 2.046528505161e-03 2.275905804709e-03 2.337743761018e-03 2.301054773852e-03 2.182652009651e-03 2.513501560315e-03 2.609864342958e-03 2.750406041741e-03 3.736189799383e-03 3.425373230129e-03 2.575937658548e-03 2.930093556643e-03 2.844536211342e-03 2.620276529342e-03 2.488201716915e-03 2.490921178833e-03 2.727771876380e-03 2.905529690906e-03 2.967057749629e-03 2.850572811440e-03 2.591233002022e-03 2.749630017206e-03 3.050210885704e-03 4.560714121908e-03 5.717187654227e-03 8.959488943219e-03 8.286342956126e-03 5.458154249936e-03 4.156869370490e-03 3.826669882983e-03 4.715168382972e-03
