VariationalSeries/SI/f37_max.grd
DSAA
101	101
32.816463539100	34.260883539100
35.556306596100	36.727886596100
4.259960769559e-05	6.957384109497e+00
[rows 19 to 37 of 101, columns 43 to 85 of 101]
6.875807046890e-02 8.470787107944e-02 1.101294234395e-01 1.122131273150e-01 7.275813072920e-02 1.117952093482e-01 5.688700452447e-02 5.918180570006e-02 6.423619389534e-02 6.514225155115e-02 5.944566428661e-02 8.741398900747e-02 1.052277535200e-01 1.042818054557e-01 6.922188401222e-02 8.458206802607e-02 1.114943325520e-01 1.044424623251e-01 5.749963596463e-02 9.278061985970e-02 4.280075430870e-02 6.006242334843e-02 8.066418021917e-02 3.981631249189e-02 3.948153182864e-02 4.648430272937e-02 3.837107867002e-02 4.838748648763e-02 4.490652680397e-02 3.556228801608e-02 3.836394101381e-02 5.289883539081e-02 5.973358824849e-02 4.626620933414e-02 4.116192460060e-02 3.351697698236e-02 2.302502840757e-02 2.530426532030e-02 2.796604298055e-02 2.329109422863e-02 2.179083228111e-02 1.904809661210e-02 2.071482688189e-02
6.188479065895e-02 8.300551027060e-02 1.177196949720e-01 1.357384324074e-01 9.821184724569e-02 9.884941577911e-02 5.852529779077e-02 6.269587576389e-02 5.565674230456e-02 6.968313455582e-02 7.290545850992e-02 8.174049109221e-02 1.126103550196e-01 1.109194681048e-01 8.525814861059e-02 9.195321798325e-02 1.088644564152e-01 1.180100217462e-01 6.784941256046e-02 8.970125019550e-02 4.890881106257e-02 9.096972644329e-02 1.133143380284e-01 5.271169915795e-02 4.605805873871e-02 4.758196324110e-02 4.722661897540e-02 5.004318058491e-02 3.900278359652e-02 3.784184902906e-02 5.341195315123e-02 6.978104263544e-02 6.233282014728e-02 4.947820678353e-02 4.070703312755e-02 3.355953469872e-02 2.404477261007e-02 2.958455309272e-02 2.289608865976e-02 1.960337162018e-02 2.090527676046e-02 1.816049776971e-02 1.892525143921e-02
6.679735332727e-02 9.505034238100e-02 1.087035834789e-01 1.420942991972e-01 1.210376471281e-01 8.459899574518e-02 5.804694816470e-02 6.642125546932e-02 5.317194759846e-02 6.516700237989e-02 6.873163580894e-02 7.792210578918e-02 1.069414317608e-01 1.209809035063e-01 1.028195098042e-01 9.827852249146e-02 1.042757630348e-01 1.289595812559e-01 7.734970748425e-02 8.310142159462e-02 5.496123433113e-02 1.126872897148e-01 1.240670979023e-01 5.927609652281e-02 4.498267546296e-02 5.564653128386e-02 5.331242084503e-02 4.327942430973e-02 3.690487146378e-02 5.312048643827e-02 7.448784261942e-02 7.223583757877e-02 4.879904538393e-02 5.644018948078e-02 4.034584760666e-02 3.089520521462e-02 2.864181809127e-02 3.041967749596e-02 2.539363689721e-02 1.984492875636e-02 1.941747590899e-02 1.429273653775e-02 1.408874522895e-02
6.382511556149e-02 8.955318480730e-02 9.216622263193e-02 1.356354802847e-01 1.339564025402e-01 8.847259730101e-02 7.775925099850e-02 7.035295665264e-02 5.237394571304e-02 5.704729259014e-02 6.593473255634e-02 7.897584140301e-02 8.865429461002e-02 1.271541714668e-01 1.145131886005e-01 9.573584049940e-02 9.641601145267e-02 1.382924318314e-01 8.518607914448e-02 7.444868236780e-02 6.098076701164e-02 1.119049191475e-01 1.081299632788e-01 5.148404091597e-02 4.920809715986e-02 5.807803943753e-02 4.837858676910e-02 3.951016440988e-02 5.590244755149e-02 7.880157232285e-02 7.748876512051e-02 5.383345484734e-02 4.114968329668e-02 5.863821133971e-02 2.900572121143e-02 2.846815437078e-02 3.535839170218e-02 2.709426730871e-02 2.912494912744e-02 1.855482347310e-02 2.069988101721e-02 1.729227602482e-02 1.560774538666e-02
5.190436542034e-02 6.210066005588e-02 9.581615030766e-02 1.201040148735e-01 1.349722146988e-01 8.975765109062e-02 9.667753428221e-02 8.112471550703e-02 5.695063620806e-02 4.860654100776e-02 6.869301944971e-02 7.707426697016e-02 9.129136055708e-02 1.365301012993e-01 1.159265413880e-01 8.973165601492e-02 8.677500486374e-02 1.439951360226e-01 9.086253494024e-02 9.017289429903e-02 7.092307507992e-02 9.199486672878e-02 8.064739406109e-02 4.798121005297e-02 6.043381243944e-02 5.617518723011e-02 4.139399155974e-02 5.962653085589e-02 8.541139960289e-02 8.301613479853e-02 5.635673552752e-02 3.341037034988e-02 4.396909102798e-02 5.500109866261e-02 2.955168485641e-02 3.054583072662e-02 3.726069629192e-02 2.835583873093e-02 3.195249661803e-02 1.936226151884e-02 1.966338418424e-02 1.628158241510e-02 1.655993796885e-02
6.688763946295e-02 6.685652583838e-02 1.081702634692e-01 1.015237197280e-01 1.282594949007e-01 1.001966744661e-01 9.262866526842e-02 1.026153117418e-01 8.918767422438e-02 6.816416978836e-02 7.447237521410e-02 7.276836782694e-02 9.952481091022e-02 1.460055708885e-01 1.040267199278e-01 8.605616539717e-02 7.395493984222e-02 1.472352594137e-01 1.150572896004e-01 9.961083531380e-02 8.388611674309e-02 8.918265253305e-02 5.397141352296e-02 5.826877430081e-02 6.204346194863e-02 4.234945029020e-02 6.473603099585e-02 9.211315959692e-02 8.769693225622e-02 5.876585468650e-02 3.147611767054e-02 2.475217729807e-02 5.882144719362e-02 4.596926271915e-02 2.817556448281e-02 3.962437435985e-02 3.439185023308e-02 2.857364714146e-02 3.394126519561e-02 2.396656200290e-02 1.690230704844e-02 1.610254682600e-02 1.426580455154e-02
1.051175817847e-01 6.504731625319e-02 6.506688147783e-02 1.120069995522e-01 1.181503310800e-01 1.057829409838e-01 8.134365826845e-02 9.388067573309e-02 1.067331135273e-01 1.048160493374e-01 8.930894732475e-02 1.105994656682e-01 1.081604957581e-01 1.517355740070e-01 8.994308114052e-02 7.826104015112e-02 1.034808680415e-01 1.482733488083e-01 1.302314102650e-01 9.551877528429e-02 9.042270481586e-02 9.619326144457e-02 6.061207503080e-02 6.349863857031e-02 5.210479721427e-02 6.774560362101e-02 1.003095582128e-01 9.399504959583e-02 6.114333122969e-02 3.998156264424e-02 5.620243772864e-02 3.450011089444e-02 6.864230334759e-02 4.020080715418e-02 3.292239084840e-02 4.238667711616e-02 4.136372357607e-02 2.908833324909e-02 3.503457084298e-02 2.645272575319e-02 1.596695557237e-02 1.523349806666e-02 1.765335164964e-02
1.405935436487e-01 6.688832491636e-02 6.557054072618e-02 1.031784042716e-01 1.064088866115e-01 1.082614287734e-01 8.814422041178e-02 8.969858288765e-02 8.874604105949e-02 1.148698031902e-01 1.252690851688e-01 1.119473502040e-01 1.168005764484e-01 1.537375152111e-01 7.802150398493e-02 1.211084052920e-01 1.451844573021e-01 1.484544426203e-01 1.265751868486e-01 7.569471001625e-02 8.589658141136e-02 8.814213424921e-02 6.092691421509e-02 5.245485156775e-02 6.827846169472e-02 1.066854223609e-01 1.029300391674e-01 6.445676088333e-02 5.700100213289e-02 7.827643305063e-02 7.106333225965e-02 6.453201174736e-02 6.688193231821e-02 4.497208818793e-02 4.240459203720e-02 3.512794524431e-02 4.510362446308e-02 3.077840059996e-02 3.515680134296e-02 2.628977783024e-02 1.698253490031e-02 1.933016441762e-02 2.490912936628e-02
1.535061746836e-01 6.870331615210e-02 7.931181043386e-02 6.835523247719e-02 1.168047562242e-01 1.093723475933e-01 9.326174110174e-02 9.528128057718e-02 9.054801613092e-02 1.143336445093e-01 1.207552701235e-01 1.052152737975e-01 1.245544850826e-01 1.481407135725e-01 1.318728178740e-01 1.604362279177e-01 1.550274193287e-01 1.442354470491e-01 8.603727072477e-02 7.647425681353e-02 8.847047388554e-02 8.912296593189e-02 6.387103348970e-02 6.534881889820e-02 1.112139075994e-01 1.135706976056e-01 7.118841260672e-02 5.793966352940e-02 8.514542877674e-02 7.066167145967e-02 5.745927616954e-02 6.288315355778e-02 5.185894295573e-02 4.938888549805e-02 4.201808199286e-02 2.934761904180e-02 4.417970031500e-02 3.326008468866e-02 3.446700051427e-02 2.380215935409e-02 2.055069245398e-02 2.763610146940e-02 3.123165108263e-02
1.347488462925e-01 1.003342419863e-01 9.183903783560e-02 6.458285450935e-02 8.482632040977e-02 1.108021363616e-01 1.167882531881e-01 1.012746319175e-01 1.189219281077e-01 1.747649461031e-01 9.874377399683e-02 9.248998761177e-02 1.296871751547e-01 1.363497525454e-01 1.710538417101e-01 1.656057238579e-01 1.432536840439e-01 1.394621878862e-01 9.488137811422e-02 1.027257516980e-01 9.186170995235e-02 8.869556337595e-02 5.967982113361e-02 1.128313317895e-01 1.251374334097e-01 8.090300858021e-02 6.617023795843e-02 9.026021510363e-02 7.987239956856e-02 5.231223627925e-02 7.621455937624e-02 6.602626293898e-02 3.966280817986e-02 4.521324113011e-02 3.766426444054e-02 4.045923799276e-02 4.021993279457e-02 3.652310371399e-02 3.344498947263e-02 3.078956902027e-02 3.427307307720e-02 3.846823424101e-02 3.244007378817e-02
9.091726690531e-02 1.511811017990e-01 1.005593314767e-01 7.941969484091e-02 9.555763751268e-02 1.081521213055e-01 1.034732162952e-01 1.084132716060e-01 1.559111326933e-01 2.162782847881e-01 1.452039182186e-01 1.007734015584e-01 1.306621134281e-01 1.628933101892e-01 1.743982434273e-01 2.420131415129e-01 1.283311992884e-01 1.292536109686e-01 1.060187369585e-01 1.038818657398e-01 9.471335262060e-02 8.760371059179e-02 1.116924956441e-01 1.328043788671e-01 9.120106697083e-02 7.447011768818e-02 8.908718079329e-02 8.938277512789e-02 7.644902169704e-02 7.640732824802e-02 8.093503862619e-02 4.525990411639e-02 4.281258210540e-02 3.863131627440e-02 3.369570896029e-02 3.152074664831e-02 5.463429912925e-02 4.314769059420e-02 3.971399366856e-02 4.570101946592e-02 4.553724080324e-02 3.341904282570e-02 2.247294969857e-02
1.021005883813e-01 1.675340831280e-01 1.039878502488e-01 8.778846263885e-02 1.126754432917e-01 1.036003082991e-01 1.077739596367e-01 1.362299025059e-01 1.797194927931e-01 2.172275632620e-01 1.734164506197e-01 1.719945967197e-01 1.522073745728e-01 1.786602586508e-01 2.117126733065e-01 3.064207136631e-01 1.334094107151e-01 1.443628221750e-01 1.431563198566e-01 1.170449256897e-01 9.269160777330e-02 1.114053130150e-01 1.396347135305e-01 1.003953963518e-01 8.338088542223e-02 8.795858919621e-02 8.519758284092e-02 9.431763738394e-02 9.176784008741e-02 9.196608513594e-02 6.923840194941e-02 3.739859163761e-02 5.119029060006e-02 3.192695602775e-02 3.330164030194e-02 3.403987362981e-02 7.528958469629e-02 5.015303194523e-02 5.263409391046e-02 4.238963127136e-02 2.575443126261e-02 1.512781344354e-02 1.501675881445e-02
2.021744549274e-01 1.324543058872e-01 1.451860219240e-01 9.322713315487e-02 1.371359080076e-01 1.063218340278e-01 1.160334348679e-01 1.574292480946e-01 1.891118437052e-01 1.839289963245e-01 1.778569370508e-01 1.797187775373e-01 1.690081804991e-01 1.370492279530e-01 1.451827436686e-01 1.953142136335e-01 1.090919673443e-01 1.426741480827e-01 1.559731960297e-01 1.301476508379e-01 1.158367022872e-01 1.461101621389e-01 1.093831583858e-01 9.313350915909e-02 8.621419966221e-02 7.907897233963e-02 8.516589552164e-02 1.006564348936e-01 1.009728685021e-01 9.050793945789e-02 5.650375783443e-02 3.581170365214e-02 5.451340228319e-02 4.340499266982e-02 5.234880000353e-02 5.568231269717e-02 8.489292114973e-02 4.965643584728e-02 3.928081691265e-02 2.732548676431e-02 2.448591031134e-02 1.852312684059e-02 1.779698580503e-02
3.281167447567e-01 1.434332728386e-01 1.625458449125e-01 1.185171380639e-01 1.520113795996e-01 1.299733817577e-01 1.278216093779e-01 1.807588487864e-01 1.942664831877e-01 1.528308987617e-01 2.140927314758e-01 2.631023228168e-01 1.460833102465e-01 1.714236140251e-01 1.049794480205e-01 1.219215914607e-01 1.163147538900e-01 1.387397497892e-01 1.340747773647e-01 1.216268762946e-01 1.551061719656e-01 1.180765107274e-01 9.710039943457e-02 8.718892931938e-02 9.379244595766e-02 8.723593503237e-02 8.748945593834e-02 1.091979071498e-01 1.099004969001e-01 9.978079795837e-02 6.867362558842e-02 6.041487306356e-02 5.996259301901e-02 5.453543365002e-02 5.278542637825e-02 8.118247240782e-02 6.985531747341e-02 3.387502208352e-02 3.659056127071e-02 3.739199042320e-02 3.465322777629e-02 2.677265740931e-02 1.922005601227e-02
3.592188954353e-01 3.752209246159e-01 1.545301228762e-01 1.556828916073e-01 1.674146503210e-01 1.573126465082e-01 2.157384753227e-01 2.025430053473e-01 1.915908753872e-01 1.424416303635e-01 2.182534039021e-01 2.931742966175e-01 1.752984970808e-01 1.650903373957e-01 1.339226514101e-01 1.364216655493e-01 1.448693871498e-01 1.369582265615e-01 1.325319856405e-01 1.660301983356e-01 1.293100863695e-01 1.108153834939e-01 9.494485706091e-02 7.437167316675e-02 9.137719869614e-02 1.024772822857e-01 9.435489028692e-02 1.173176318407e-01 1.223661899567e-01 1.091669872403e-01 8.124722540379e-02 5.995957180858e-02 5.332690104842e-02 4.526900872588e-02 7.351011037827e-02 8.419155329466e-02 3.755690157413e-02 3.851517662406e-02 4.014345631003e-02 4.069664329290e-02 3.845478966832e-02 3.213552013040e-02 2.230226621032e-02
1.726574450731e-01 5.055879950523e-01 3.694301247597e-01 1.539968550205e-01 1.764334738255e-01 1.959397792816e-01 2.088867574930e-01 2.126752883196e-01 1.701340079308e-01 1.487624198198e-01 2.488325089216e-01 2.870416939259e-01 2.253793925047e-01 1.524361222982e-01 1.401405334473e-01 1.568772643805e-01 2.428781092167e-01 1.524709463120e-01 1.840968430042e-01 1.418796479702e-01 1.021826639771e-01 9.957761317492e-02 8.405650407076e-02 1.021806672215e-01 1.038441509008e-01 1.190664768219e-01 1.311857402325e-01 1.004146412015e-01 1.191442236304e-01 1.189843788743e-01 9.243433922529e-02 4.913963377476e-02 5.011373385787e-02 7.774469256401e-02 8.430755138397e-02 4.931632801890e-02 3.419736772776e-02 3.451654687524e-02 3.435590118170e-02 3.486969321966e-02 3.474056720734e-02 3.216885402799e-02 2.571868523955e-02
3.170592784882e-01 2.391421496868e-01 5.895172953606e-01 2.745254039764e-01 1.784330457449e-01 2.409002482891e-01 1.811151653528e-01 2.022294253111e-01 2.656227946281e-01 2.068590968847e-01 2.866931259632e-01 2.280862331390e-01 2.401231825352e-01 2.010567635298e-01 1.654878258705e-01 1.547344624996e-01 3.533142507076e-01 2.135421484709e-01 1.717546880245e-01 2.092021256685e-01 1.244449317455e-01 1.015281602740e-01 1.084257960320e-01 1.141579374671e-01 1.099829003215e-01 1.168262585998e-01 1.653567999601e-01 1.004023551941e-01 1.236846819520e-01 1.291704028845e-01 1.047345623374e-01 6.751228123903e-02 8.566559106112e-02 7.928036898375e-02 4.536980763078e-02 3.801827877760e-02 3.591035306454e-02 3.362570330501e-02 3.125698119402e-02 2.909981831908e-02 2.992948703468e-02 3.092851303518e-02 2.809567749500e-02
4.287572503090e-01 5.595902800560e-01 3.382606506348e-01 5.796855092049e-01 2.152279764414e-01 2.916745543480e-01 2.501931190491e-01 2.669575810432e-01 3.730001151562e-01 3.091380894184e-01 3.567907214165e-01 2.049857825041e-01 2.178964465857e-01 2.269811183214e-01 2.033046036959e-01 1.604731827974e-01 4.149630665779e-01 2.354811728001e-01 2.452454417944e-01 1.699791997671e-01 9.224963188171e-02 1.020646244287e-01 1.297140866518e-01 1.177046597004e-01 1.069787442684e-01 1.024931296706e-01 1.612039208412e-01 1.100951507688e-01 1.387570351362e-01 1.368751972914e-01 1.085519865155e-01 8.651378750801e-02 6.489340960979e-02 3.398973122239e-02 3.351522237062e-02 3.528716787696e-02 3.487492725253e-02 3.727971389890e-02 3.660828992724e-02 3.474077954888e-02 3.779216855764e-02 4.392794147134e-02 4.587687551975e-02
8.445750474930e-01 5.601378679276e-01 5.916211605072e-01 4.911566376686e-01 4.467616379261e-01 3.278934061527e-01 3.600576221943e-01 3.172202110291e-01 3.279386460781e-01 3.624885678291e-01 4.195405244827e-01 2.441641390324e-01 2.147799581289e-01 2.305497974157e-01 2.523811459541e-01 2.389457076788e-01 3.201822936535e-01 2.371887117624e-01 2.365481108427e-01 1.888714134693e-01 1.539993435144e-01 1.829027384520e-01 1.841766685247e-01 1.524151861668e-01 1.112911030650e-01 9.487285465002e-02 1.264819800854e-01 1.352959424257e-01 1.434283852577e-01 1.197827160358e-01 8.403477817774e-02 5.356444790959e-02 4.687298834324e-02 4.974761232734e-02 5.882414802909e-02 6.449089944363e-02 6.745156645775e-02 6.714396923780e-02 6.373544037342e-02 5.832002311945e-02 5.305327102542e-02 5.332994833589e-02 4.721389710903e-02
