VariationalSeries/SI/f37_max.grd
DSAA
101	101
32.816463539100	34.260883539100
35.556306596100	36.727886596100
4.259960769559e-05	6.957384109497e+00
[rows 0 to 18 of 101, columns 43 to 85 of 101]
1.015864312649e-02 1.733181811869e-02 1.996308006346e-02 1.581718772650e-02 1.102150138468e-02 1.110270433128e-02 9.552884846926e-03 8.726690895855e-03 5.738784559071e-03 8.324273861945e-03 1.104210875928e-02 1.308516040444e-02 1.560381427407e-02 2.228239551187e-02 1.000511832535e-02 1.232861634344e-02 1.564882881939e-02 1.708596572280e-02 1.154255308211e-02 7.652479223907e-03 8.633515797555e-03 1.125758420676e-02 1.155499648303e-02 1.259906683117e-02 1.278807595372e-02 9.173428639770e-03 6.149770226330e-03 6.201821379364e-03 1.171998120844e-02 1.758031547070e-02 1.413380727172e-02 6.930132862180e-03 8.751403540373e-03 5.721217487007e-03 5.841208156198e-03 5.014813505113e-03 4.292598459870e-03 3.901974996552e-03 2.872163429856e-03 2.898205071688e-03 3.862417768687e-03 6.455396767706e-03 6.414310075343e-03
1.760843954980e-02 3.139109909534e-02 3.919279947877e-02 3.467422723770e-02 2.598761394620e-02 2.406077459455e-02 1.996005326509e-02 1.692595705390e-02 1.572121120989e-02 1.828114874661e-02 2.035612799227e-02 2.316178008914e-02 3.086043708026e-02 4.449836537242e-02 1.905464939773e-02 2.341686002910e-02 2.955930866301e-02 3.197639808059e-02 2.195393480361e-02 1.475130673498e-02 1.707623340189e-02 2.147027291358e-02 2.286798320711e-02 2.201197482646e-02 2.264099754393e-02 1.910337805748e-02 1.139983348548e-02 1.288378983736e-02 2.648980356753e-02 4.212150350213e-02 2.515037544072e-02 1.143266540021e-02 1.712226495147e-02 1.053278334439e-02 1.130264066160e-02 9.349257685244e-03 7.671929430217e-03 6.865907926112e-03 5.530885420740e-03 5.514480639249e-03 8.543646894395e-03 1.307766977698e-02 1.218399778008e-02
2.214737050235e-02 3.205326199532e-02 4.378257319331e-02 4.303894937038e-02 3.497425466776e-02 3.498739004135e-02 2.366162650287e-02 2.084083482623e-02 2.809814922512e-02 2.808450721204e-02 2.023024857044e-02 2.564940042794e-02 3.288463130593e-02 4.653957113624e-02 2.216208539903e-02 2.663232944906e-02 3.307112678885e-02 3.659351915121e-02 2.529032342136e-02 1.980894245207e-02 1.980256848037e-02 2.155688591301e-02 2.571798861027e-02 2.760512568057e-02 3.337123245001e-02 2.568423561752e-02 1.481989026070e-02 1.593114063144e-02 3.478585183620e-02 5.440377816558e-02 2.577934414148e-02 1.328828278929e-02 1.972054503858e-02 1.162419747561e-02 1.261334866285e-02 1.105955522507e-02 9.829465299845e-03 7.814163342118e-03 6.424871273339e-03 7.853139191866e-03 1.082701236010e-02 1.447673514485e-02 1.246817689389e-02
2.551711909473e-02 2.897517196834e-02 3.915458545089e-02 4.251937195659e-02 3.790675848722e-02 4.682702571154e-02 2.479914762080e-02 2.850010432303e-02 4.019015654922e-02 4.138357564807e-02 2.751232124865e-02 2.682739868760e-02 3.368701785803e-02 4.696244373918e-02 2.327287942171e-02 2.973538823426e-02 3.391505032778e-02 3.812623396516e-02 2.734899520874e-02 2.599851042032e-02 2.127124182880e-02 2.691019326448e-02 3.254358470440e-02 3.206579759717e-02 4.431638494134e-02 3.168478608131e-02 1.670309714973e-02 1.898171193898e-02 4.059524834156e-02 5.902957171202e-02 2.429069578648e-02 1.479514874518e-02 2.091462351382e-02 1.174690574408e-02 1.288124173880e-02 1.409799419343e-02 1.190527249128e-02 8.969324640930e-03 7.666895166039e-03 9.713752195239e-03 1.292671449482e-02 1.507853344083e-02 1.194407604635e-02
2.509112842381e-02 3.473598137498e-02 3.088549524546e-02 3.593796864152e-02 3.494801372290e-02 5.946810916066e-02 2.386630699039e-02 3.518693894148e-02 5.135050415993e-02 5.514485761523e-02 3.885783627629e-02 2.799795754254e-02 3.463134169579e-02 4.719491302967e-02 2.414613217115e-02 3.256246075034e-02 3.431657701731e-02 3.939437121153e-02 3.028163686395e-02 3.197623789310e-02 2.517987787724e-02 3.401985019445e-02 4.133327305317e-02 4.020540043712e-02 5.511421710253e-02 3.663501143456e-02 1.999696157873e-02 2.034768648446e-02 4.300105944276e-02 5.705658718944e-02 2.622370608151e-02 1.762550324202e-02 2.163745835423e-02 1.391163002700e-02 1.595015265048e-02 1.655654609203e-02 1.323319226503e-02 9.359450079501e-03 9.750480763614e-03 1.059023477137e-02 1.508622989058e-02 1.529223006219e-02 1.142694335431e-02
2.175760269165e-02 3.686933591962e-02 2.765896730125e-02 2.848318591714e-02 3.038189746439e-02 7.206859439611e-02 2.696079201996e-02 4.003365710378e-02 6.122478842735e-02 6.877514719963e-02 5.074035376310e-02 2.951482683420e-02 3.591131046414e-02 4.739001393318e-02 2.677147462964e-02 3.491064906120e-02 3.423060849309e-02 4.051304236054e-02 3.101106919348e-02 3.711128979921e-02 3.051135130227e-02 4.119629785419e-02 4.922426864505e-02 4.711071774364e-02 6.476111710072e-02 3.948765248060e-02 2.199982665479e-02 2.379419654608e-02 4.116068780422e-02 4.628441482782e-02 2.605882845819e-02 2.037348970771e-02 2.184404991567e-02 1.554570253938e-02 1.866951771080e-02 1.840067841113e-02 1.387469377369e-02 9.743127040565e-03 1.098860334605e-02 1.186167262495e-02 1.723978295922e-02 1.555800251663e-02 1.095962338150e-02
1.983395032585e-02 3.529688715935e-02 2.774995192885e-02 2.225956693292e-02 2.814575470984e-02 8.366136997938e-02 2.980669029057e-02 4.232928901911e-02 6.803163886070e-02 7.917759567499e-02 6.152173131704e-02 3.253682330251e-02 3.704236820340e-02 4.738767072558e-02 2.708764746785e-02 3.719538077712e-02 3.364707529545e-02 4.129089415073e-02 2.981785871089e-02 3.925054892898e-02 3.490973636508e-02 4.631086066365e-02 5.458457022905e-02 5.094148591161e-02 7.183613628149e-02 3.975640237331e-02 2.123820595443e-02 2.665023505688e-02 3.526698797941e-02 3.218209370971e-02 2.439845912158e-02 2.309194393456e-02 2.168995328248e-02 1.657175272703e-02 2.082706801593e-02 1.947955042124e-02 1.380906533450e-02 1.146892365068e-02 1.082959584892e-02 1.612265035510e-02 1.969790458679e-02 1.595240831375e-02 1.023232098669e-02
2.287532575428e-02 3.369690850377e-02 2.680639177561e-02 2.505360916257e-02 3.169326856732e-02 9.468978643417e-02 3.403019160032e-02 4.094868898392e-02 6.873860955238e-02 8.359888941050e-02 6.998379528522e-02 4.255116358399e-02 3.850134462118e-02 4.764840379357e-02 2.703012712300e-02 3.933708742261e-02 3.265461698174e-02 4.180415347219e-02 3.072580322623e-02 3.716731071472e-02 3.754075244069e-02 4.871024191380e-02 5.587946623564e-02 5.093026533723e-02 7.591064274311e-02 3.828461095691e-02 2.436607331038e-02 3.176550194621e-02 2.677573077381e-02 2.624933421612e-02 2.803047746420e-02 2.582259103656e-02 2.108644135296e-02 2.139518409967e-02 2.219657786191e-02 1.961579173803e-02 1.305285654962e-02 1.178253721446e-02 1.353540737182e-02 2.169483900070e-02 2.156284451485e-02 1.518257986754e-02 8.558016270399e-03
2.571354806423e-02 3.379744663835e-02 2.660237066448e-02 2.712585218251e-02 3.510605916381e-02 1.049561128020e-01 3.845406696200e-02 3.597970679402e-02 6.275964528322e-02 8.140267431736e-02 7.500272244215e-02 5.187845230103e-02 4.004305601120e-02 5.465192347765e-02 3.039248660207e-02 4.146337881684e-02 3.272374719381e-02 4.215861111879e-02 3.134660795331e-02 3.284327313304e-02 3.919655084610e-02 4.771807417274e-02 5.302638933063e-02 5.124213546515e-02 7.541906833649e-02 3.385163843632e-02 2.906186133623e-02 3.722418472171e-02 2.671476826072e-02 3.232375532389e-02 3.534274175763e-02 2.845743671060e-02 2.453827299178e-02 2.662458643317e-02 2.719851769507e-02 1.870665699244e-02 1.272321958095e-02 1.136807911098e-02 2.152192220092e-02 2.623529545963e-02 2.083500847220e-02 1.204145606607e-02 1.016712468117e-02
2.759548835456e-02 3.443198278546e-02 2.634699270129e-02 2.657425403595e-02 3.837295249104e-02 1.132284477353e-01 4.232608154416e-02 2.951056696475e-02 5.340100824833e-02 7.424499839544e-02 7.552758604288e-02 5.925583094358e-02 4.144961014390e-02 5.897872522473e-02 3.821314126253e-02 4.381967335939e-02 4.343076795340e-02 4.278500378132e-02 3.166588768363e-02 3.930866718292e-02 3.837092220783e-02 4.418570175767e-02 4.676733911037e-02 5.717581510544e-02 7.003486156464e-02 2.712164819241e-02 3.385666385293e-02 4.266436770558e-02 3.067736513913e-02 3.746620193124e-02 4.162330925465e-02 3.419404849410e-02 2.729027718306e-02 2.824641019106e-02 2.949959039688e-02 1.689123921096e-02 1.184981409460e-02 2.043995819986e-02 2.889387682080e-02 2.646840177476e-02 1.608763262630e-02 1.052029151469e-02 9.961124509573e-03
2.797165885568e-02 3.563274070621e-02 2.614410221577e-02 2.855583839118e-02 4.132024198771e-02 1.198709011078e-01 4.587190598249e-02 2.942626737058e-02 4.267475754023e-02 6.260787695646e-02 6.998546421528e-02 6.308369338512e-02 5.071714892983e-02 5.872147530317e-02 4.837855696678e-02 4.612265527248e-02 6.135608628392e-02 4.592606425285e-02 3.156181424856e-02 5.210715532303e-02 4.260417073965e-02 3.888225182891e-02 5.729153752327e-02 6.088237091899e-02 6.094701588154e-02 2.720876783133e-02 3.790121525526e-02 4.644807800651e-02 3.200717270374e-02 4.045710340142e-02 4.713632538915e-02 3.983700275421e-02 2.526447735727e-02 2.454117126763e-02 2.788916043937e-02 1.450844388455e-02 1.859129220247e-02 3.022501803935e-02 3.095383197069e-02 2.053363062441e-02 1.031500101089e-02 9.610897861421e-03 9.624766185880e-03
2.716776542366e-02 3.697146102786e-02 3.402991592884e-02 3.227122500539e-02 4.397967457771e-02 1.241141781211e-01 4.811190441251e-02 3.054406680167e-02 3.561760112643e-02 4.848000407219e-02 5.973527207971e-02 6.201452389359e-02 5.650346726179e-02 6.133073568344e-02 5.865107476711e-02 4.821070656180e-02 8.213166892529e-02 6.057613715529e-02 3.183315694332e-02 6.335107237101e-02 4.753052070737e-02 5.069325119257e-02 7.545856386423e-02 6.171604990959e-02 4.935043677688e-02 2.820898778737e-02 3.962507471442e-02 4.748190194368e-02 3.063234500587e-02 4.018237814307e-02 4.998601600528e-02 4.426468163729e-02 2.606166712940e-02 1.958788558841e-02 2.584797702730e-02 1.575733907521e-02 2.986440993845e-02 3.482973575592e-02 2.476493455470e-02 1.255758572370e-02 1.126161497086e-02 1.234885584563e-02 1.308455038816e-02
2.743531018496e-02 3.830146789551e-02 4.295931011438e-02 2.960743196309e-02 4.649548232555e-02 1.275512278080e-01 4.913042485714e-02 3.152210265398e-02 3.568814694881e-02 4.586203023791e-02 4.589193314314e-02 5.506851524115e-02 5.784959718585e-02 6.829371303320e-02 6.313119828701e-02 5.341172218323e-02 1.025140881538e-01 7.400666177273e-02 3.479488566518e-02 7.213488221169e-02 4.989020153880e-02 6.151334568858e-02 8.899964392185e-02 5.757147818804e-02 3.639485314488e-02 3.360559046268e-02 3.811256214976e-02 4.492578282952e-02 2.773446030915e-02 3.676884993911e-02 4.836131632328e-02 4.538550972939e-02 2.758659981191e-02 1.692020893097e-02 2.473350428045e-02 2.755208127201e-02 3.769376501441e-02 2.987197972834e-02 1.525247655809e-02 1.217676792294e-02 1.179607585073e-02 1.589129678905e-02 1.556197274476e-02
2.449970878661e-02 3.965581208467e-02 4.656776040792e-02 3.306172788143e-02 4.907684400678e-02 1.314719617367e-01 4.979187622666e-02 3.272280842066e-02 3.260842710733e-02 4.421765729785e-02 3.629685938358e-02 4.339348897338e-02 6.231996789575e-02 7.319718599319e-02 5.854698270559e-02 6.609296053648e-02 1.187182590365e-01 8.483327180147e-02 4.089365527034e-02 7.817614078522e-02 4.998839274049e-02 6.689589470625e-02 9.322289377451e-02 4.791633784771e-02 3.180774301291e-02 4.273558408022e-02 4.415554180741e-02 3.998653963208e-02 2.732626534998e-02 3.083114512265e-02 4.277801513672e-02 4.292915761471e-02 2.753538079560e-02 1.671526767313e-02 2.498167939484e-02 3.855724632740e-02 3.581387922168e-02 1.928513869643e-02 1.359747722745e-02 1.172131858766e-02 1.261263061315e-02 1.797337085009e-02 1.655884087086e-02
3.341504931450e-02 4.124550893903e-02 4.661238566041e-02 5.392426624894e-02 5.174661800265e-02 1.338308006525e-01 4.958890751004e-02 3.910104185343e-02 2.786174975336e-02 4.044816643000e-02 3.392890468240e-02 4.766711592674e-02 6.564360111952e-02 7.810468226671e-02 6.309731304646e-02 7.853594422340e-02 1.320273429155e-01 9.115558862686e-02 4.441077262163e-02 8.327935636044e-02 5.476206168532e-02 6.523299962282e-02 8.960532397032e-02 3.971023112535e-02 3.380346670747e-02 5.118870735168e-02 5.606928840280e-02 3.491920232773e-02 2.783457376063e-02 2.544328942895e-02 3.546886518598e-02 3.848701342940e-02 2.606596983969e-02 1.885837316513e-02 3.669581189752e-02 4.140087589622e-02 2.495870366693e-02 1.307789701968e-02 1.398838683963e-02 1.083850394934e-02 1.443416904658e-02 1.909078471363e-02 2.062943577766e-02
4.411869868636e-02 4.314855113626e-02 4.589853063226e-02 6.621847301722e-02 5.376466736197e-02 1.345342546701e-01 4.814560711384e-02 4.481659084558e-02 2.947284840047e-02 4.144396632910e-02 3.513777256012e-02 5.107709020376e-02 6.873916834593e-02 8.288054913282e-02 6.093680858612e-02 8.877281099558e-02 1.345382630825e-01 8.638618886471e-02 5.267805606127e-02 8.754590898752e-02 5.492772534490e-02 5.964035540819e-02 7.751028239727e-02 3.777026757598e-02 3.696747496724e-02 5.888709053397e-02 6.039133295417e-02 3.145797178149e-02 3.027858771384e-02 2.662607654929e-02 3.667827323079e-02 3.236755356193e-02 2.319156564772e-02 3.299275413156e-02 4.448157548904e-02 3.198825195432e-02 1.793629489839e-02 1.175095699728e-02 1.410020422190e-02 1.232882682234e-02 1.863463409245e-02 2.428040653467e-02 2.418172173202e-02
5.192144587636e-02 5.628253892064e-02 5.317804589868e-02 6.119890138507e-02 5.730448290706e-02 1.334252208471e-01 5.239907279611e-02 4.926032200456e-02 3.093528375030e-02 4.205855727196e-02 3.884448856115e-02 5.285425111651e-02 7.243803888559e-02 8.758513629436e-02 5.601671710610e-02 9.527927637100e-02 1.267936825752e-01 7.666345685720e-02 5.792994424701e-02 9.073489159346e-02 4.904590919614e-02 4.761857166886e-02 6.019876524806e-02 3.496008738875e-02 4.344115778804e-02 5.895091965795e-02 5.573209747672e-02 3.330799937248e-02 3.483631461859e-02 2.948992140591e-02 3.979184105992e-02 2.771843411028e-02 2.822248078883e-02 4.453328996897e-02 3.921776637435e-02 2.750752680004e-02 1.533711887896e-02 1.280756387860e-02 1.584232971072e-02 1.783878356218e-02 2.600764110684e-02 2.668586559594e-02 2.222574688494e-02
6.801968812943e-02 6.754595041275e-02 7.291858643293e-02 5.621361359954e-02 6.791853159666e-02 1.292215436697e-01 5.965418368578e-02 5.383508652449e-02 4.202973842621e-02 4.212833195925e-02 4.528928175569e-02 6.846324354410e-02 7.548873871565e-02 9.282138198614e-02 6.059805676341e-02 9.575407952070e-02 1.127586737275e-01 7.335383445024e-02 5.966290459037e-02 9.310171753168e-02 4.421038180590e-02 3.910169750452e-02 4.534433409572e-02 3.747816756368e-02 4.723443090916e-02 5.275360494852e-02 4.123377799988e-02 3.675228729844e-02 4.061468318105e-02 3.362750262022e-02 4.113424196839e-02 2.614112384617e-02 4.209986701608e-02 4.426831752062e-02 3.947885334492e-02 2.488902211189e-02 1.784387789667e-02 1.568018086255e-02 1.896329969168e-02 2.587536163628e-02 2.892210893333e-02 2.329558134079e-02 1.728929392993e-02
7.547658681870e-02 7.472784817219e-02 9.015104174614e-02 8.392526954412e-02 5.739633366466e-02 1.219404116273e-01 5.547622591257e-02 6.222136318684e-02 5.806126818061e-02 4.815190285444e-02 4.919673502445e-02 8.249965310097e-02 8.677423000336e-02 9.862075746059e-02 6.764822453260e-02 9.015108644962e-02 1.115565747023e-01 8.947712928057e-02 5.798999592662e-02 9.342832118273e-02 4.448468238115e-02 4.217917099595e-02 4.603539407253e-02 4.166903719306e-02 4.427746683359e-02 4.148376360536e-02 3.828704729676e-02 4.282295331359e-02 4.449738934636e-02 3.488199040294e-02 4.078826308250e-02 3.954290971160e-02 4.692721739411e-02 4.411666467786e-02 4.207006841898e-02 3.068040497601e-02 2.188066579401e-02 2.023332193494e-02 2.454832941294e-02 2.900028228760e-02 2.395922318101e-02 1.971574872732e-02 1.769533008337e-02
