VariationalSeries/SI/f37_max.grd
DSAA
101	101
32.816463539100	34.260883539100
35.556306596100	36.727886596100
4.259960769559e-05	6.957384109497e+00
[rows 76 to 94 of 101, columns 43 to 85 of 101]
1.074387226254e-02 9.165583178401e-03 1.670197956264e-02 4.220028221607e-02 4.504110664129e-02 8.973563462496e-02 1.431550979614e-01 1.609089225531e-01 9.963032603264e-02 2.787813171744e-02 1.009408235550e-01 2.262744605541e-01 1.690308451653e-01 4.441433027387e-02 1.986406929791e-02 2.813819982111e-02 2.978962473571e-02 1.529552694410e-02 1.430029980838e-02 1.780615374446e-02 6.549901515245e-02 1.497385501862e-01 3.523282334208e-02 2.380977198482e-02 1.729140616953e-02 1.159102935344e-02 5.879741627723e-03 5.055475048721e-03 4.926647525281e-03 4.647058900446e-03 4.417910706252e-03 4.603101406246e-03 4.845245275646e-03 5.139350425452e-03 5.190453492105e-03 4.830335732549e-03 4.430597648025e-03 4.141914192587e-03 3.939916845411e-03 3.820001147687e-03 4.259187262505e-03 6.537804845721e-03 8.916174061596e-03
1.750979758799e-02 2.362339012325e-02 3.021497279406e-02 3.152190148830e-02 4.313610866666e-02 5.962492153049e-02 7.693746685982e-02 7.239865511656e-02 1.161125600338e-01 1.695073246956e-01 1.679651290178e-01 8.051671832800e-02 5.763563886285e-02 5.096215382218e-02 3.286895155907e-02 3.500442951918e-02 9.715716354549e-03 5.948630161583e-03 7.330819498748e-03 8.208738639951e-03 6.216531153768e-03 7.445410825312e-03 1.180315669626e-02 1.184348389506e-02 1.074702758342e-02 6.591112818569e-03 3.207715693861e-03 2.880613552406e-03 3.374627325684e-03 3.887244500220e-03 4.145475570112e-03 4.234855063260e-03 4.211114253849e-03 4.026036243886e-03 3.501252271235e-03 2.809925237671e-03 2.250338438898e-03 2.230412559584e-03 2.363349311054e-03 2.742161042988e-03 3.449273295701e-03 5.884297192097e-03 7.871365174651e-03
3.706302493811e-02 5.596191808581e-02 3.712882101536e-02 1.737962290645e-02 2.031417191029e-02 7.380928844213e-02 2.070032358170e-01 2.754983007908e-01 2.061304003000e-01 1.016234531999e-01 5.518190562725e-02 3.556757792830e-02 2.553597465158e-02 4.116932675242e-02 3.439204767346e-02 1.282010320574e-02 4.256301559508e-03 3.868402680382e-03 4.036939702928e-03 5.476409569383e-03 4.083628766239e-03 3.719797823578e-03 4.306598100811e-03 4.843755625188e-03 4.388893488795e-03 4.011742770672e-03 3.247380722314e-03 3.379426198080e-03 2.843455411494e-03 3.255778457969e-03 3.407509298995e-03 3.174878191203e-03 3.031965810806e-03 2.928717993200e-03 2.060115104541e-03 1.991547178477e-03 2.115555340424e-03 2.107783453539e-03 2.064146101475e-03 2.182078082114e-03 2.668895525858e-03 5.108540877700e-03 7.491554133594e-03
5.278302729130e-02 6.147439405322e-02 2.075008861721e-02 2.155367657542e-02 7.582571357489e-02 1.357226073742e-01 1.399284154177e-01 1.198456361890e-01 1.006106734276e-01 4.778741300106e-02 4.236853495240e-02 5.123517662287e-02 3.152023628354e-02 1.998763345182e-02 8.721088059247e-03 4.722353070974e-03 2.986893989146e-03 2.830966375768e-03 2.720383694395e-03 3.431699471548e-03 3.045739606023e-03 3.048089798540e-03 2.836054190993e-03 2.799589885399e-03 2.714366186410e-03 2.770929364488e-03 2.678086981177e-03 2.723355544731e-03 2.930070273578e-03 2.806967357174e-03 2.843964612111e-03 2.343095606193e-03 2.591564552858e-03 2.718664705753e-03 2.162940334529e-03 1.651842612773e-03 1.977120060474e-03 2.104077022523e-03 2.113170921803e-03 2.076461212710e-03 2.130048582330e-03 2.745550358668e-03 4.618131555617e-03
2.306306175888e-02 3.802066668868e-02 5.487538501620e-02 7.120252400637e-02 7.808338850737e-02 6.398984044790e-02 7.253970205784e-02 8.919020742178e-02 1.272316277027e-01 4.982340335846e-02 5.152030289173e-02 3.140440210700e-02 1.267431396991e-02 5.322065670043e-03 3.683573566377e-03 3.001916687936e-03 2.691377885640e-03 2.426509978250e-03 2.224183408543e-03 2.097262768075e-03 2.331754891202e-03 1.805088482797e-03 1.829511951655e-03 1.823045429774e-03 1.922354684211e-03 2.019088948146e-03 2.037570346147e-03 1.866387086920e-03 1.602668780833e-03 1.923057949170e-03 1.867678249255e-03 1.813551411033e-03 2.035328187048e-03 2.266896655783e-03 2.084828913212e-03 1.633433275856e-03 1.836727140471e-03 2.062781946734e-03 2.118435688317e-03 2.145883394405e-03 2.488418249413e-03 2.986830892041e-03 3.766132751480e-03
2.536812797189e-02 7.715228199959e-02 1.429928243160e-01 8.411855995655e-02 5.397807061672e-02 9.374783933163e-02 1.248364523053e-01 1.679233908653e-01 8.240857720375e-02 4.244548454881e-02 2.009127102792e-02 1.166019123048e-02 4.880001768470e-03 3.132051555440e-03 2.209080848843e-03 1.864667865448e-03 1.712241675705e-03 1.591897686012e-03 1.635021180846e-03 1.742390217260e-03 1.790612237528e-03 1.659371657297e-03 1.614815322682e-03 1.733561628498e-03 2.071342431009e-03 2.412864472717e-03 2.639025682583e-03 2.564936876297e-03 2.025985857472e-03 1.565135899000e-03 1.554670394398e-03 1.434753532521e-03 1.455104211345e-03 1.819558208808e-03 1.884404919110e-03 1.756628393196e-03 1.670168014243e-03 1.956917578354e-03 2.066093496978e-03 2.086925087497e-03 2.386678010225e-03 3.306659171358e-03 4.475119989365e-03
4.768425598741e-02 1.496226787567e-01 1.148708462715e-01 9.301186352968e-02 1.019222959876e-01 9.752415865660e-02 6.832051277161e-02 6.656948477030e-02 5.204268172383e-02 2.668019384146e-02 9.749879129231e-03 6.066156551242e-03 3.248091554269e-03 2.091005444527e-03 1.662025693804e-03 1.369883539155e-03 1.367541612126e-03 1.460454310291e-03 1.426528440788e-03 1.382315531373e-03 1.502102590166e-03 1.540678786114e-03 1.496334210970e-03 1.500115729868e-03 1.887954189442e-03 2.317949198186e-03 2.632375108078e-03 2.626019297168e-03 2.132497262210e-03 1.445734407753e-03 1.510724890977e-03 1.564224017784e-03 1.278958632611e-03 1.338427769952e-03 1.597061171196e-03 1.783824292943e-03 1.802396029234e-03 1.790798152797e-03 1.957777654752e-03 2.043718937784e-03 2.022753003985e-03 2.294720616192e-03 2.903330372646e-03
6.416598707438e-02 1.088457405567e-01 6.474612653255e-02 3.956995159388e-02 2.640596590936e-02 3.244016692042e-02 2.850569225848e-02 3.404781594872e-02 2.870490588248e-02 1.000114716589e-02 7.061364594847e-03 4.214721266180e-03 3.447039518505e-03 2.557200612500e-03 1.593844383024e-03 1.294694608077e-03 1.406191498972e-03 1.418226165697e-03 1.291176886298e-03 1.238645869307e-03 1.437501749024e-03 1.574595458806e-03 1.647904980928e-03 1.590166008100e-03 1.472852891311e-03 1.760418061167e-03 1.965076429769e-03 1.947844284587e-03 1.610120176338e-03 1.299765193835e-03 1.342506264336e-03 1.473426236771e-03 1.405932125635e-03 1.190077164210e-03 1.223275670782e-03 1.457529026084e-03 1.620511640795e-03 1.588345272467e-03 1.807410502806e-03 1.962895272300e-03 1.999398460612e-03 2.102011349052e-03 2.358501078561e-03
9.168141335249e-02 7.553513348103e-02 2.447059005499e-02 1.853545568883e-02 1.965827494860e-02 1.182455196977e-02 1.680133678019e-02 2.719550952315e-02 1.811747997999e-02 8.809874765575e-03 6.658929865807e-03 3.696581348777e-03 3.601721953601e-03 3.413789439946e-03 2.134747104719e-03 1.685597118922e-03 1.430573640391e-03 1.364161726087e-03 1.176063786261e-03 1.193806529045e-03 1.444967812859e-03 1.733087236062e-03 1.905506476760e-03 1.779929385521e-03 1.520291320048e-03 1.304182689637e-03 1.409068936482e-03 1.505006570369e-03 1.501529826783e-03 1.606179634109e-03 1.443441375159e-03 1.338053261861e-03 1.350427977741e-03 1.224890700541e-03 1.188212074339e-03 1.425824593753e-03 1.558737712912e-03 1.518117263913e-03 1.627562451176e-03 1.831046771258e-03 1.919903210364e-03 2.145736478269e-03 2.710755215958e-03
1.449893265963e-01 6.367966532707e-02 1.248454395682e-02 8.910312317312e-03 6.820043548942e-03 8.390433155000e-03 8.973199874163e-03 2.038532681763e-02 2.064670249820e-02 1.258400268853e-02 6.272550206631e-03 3.582778153941e-03 3.099923022091e-03 3.239118726924e-03 2.656970173120e-03 1.633275882341e-03 1.416263636202e-03 1.311783795245e-03 1.089776866138e-03 1.179974875413e-03 1.478447229601e-03 1.930186641403e-03 2.105065854266e-03 1.869636937045e-03 1.570397173055e-03 1.383224851452e-03 1.455746125430e-03 1.621605595574e-03 1.694653765298e-03 1.680851331912e-03 1.557021168992e-03 1.295748050325e-03 1.486864988692e-03 1.228217734024e-03 1.157169695944e-03 1.255369978026e-03 1.577869756147e-03 1.737067592330e-03 1.850417116657e-03 2.102995757014e-03 2.414854243398e-03 2.506781602278e-03 2.436395967379e-03
1.243802234530e-01 3.843407332897e-02 9.506078436971e-03 5.350654944777e-03 4.901990294456e-03 5.688933655620e-03 1.053509768099e-02 1.348126679659e-02 1.622302457690e-02 1.132125314325e-02 7.436831016093e-03 4.161201883107e-03 2.726251492277e-03 2.341499552131e-03 2.241615904495e-03 1.893010339700e-03 1.643613912165e-03 1.806079875678e-03 1.507325097919e-03 1.302474527620e-03 1.624011318199e-03 2.168411388993e-03 2.257286803797e-03 1.896213972941e-03 1.610186416656e-03 1.467325724661e-03 1.520894118585e-03 1.708256895654e-03 1.847165985964e-03 1.725875074044e-03 1.536662806757e-03 1.271179527976e-03 1.516539952718e-03 1.171993208118e-03 1.130242017098e-03 1.091353362426e-03 1.185579691082e-03 1.561765442602e-03 1.989404438064e-03 2.561266999692e-03 3.126821247861e-03 3.349513281137e-03 3.387026023120e-03
6.547673791647e-02 1.206278987229e-02 5.670734215528e-03 4.927702248096e-03 4.120961762965e-03 4.207793623209e-03 6.795576307923e-03 3.764508059248e-03 9.852814488113e-03 1.488996762782e-02 1.058107521385e-02 8.051060140133e-03 4.025525413454e-03 2.474687527865e-03 2.114247530699e-03 2.132876310498e-03 2.261819550768e-03 2.033734926954e-03 1.783490763046e-03 1.588934916072e-03 1.941941329278e-03 2.384817460552e-03 2.296312712133e-03 1.933870837092e-03 1.726087066345e-03 1.624196767807e-03 1.616729772650e-03 1.793615636416e-03 1.952940598130e-03 1.874729408883e-03 1.569428248331e-03 1.247842796147e-03 1.431086217053e-03 1.297001144849e-03 1.121466048062e-03 1.114895334467e-03 1.074192579836e-03 1.123100635596e-03 1.438599079847e-03 2.199106384069e-03 3.002950921655e-03 3.500974737108e-03 3.786437213421e-03
1.772185228765e-02 6.874464917928e-03 4.446256440133e-03 4.252579063177e-03 3.320050891489e-03 3.016061149538e-03 3.053686814383e-03 2.859355416149e-03 3.584213089198e-03 1.228371635079e-02 1.361372321844e-02 1.995887048542e-02 1.277174800634e-02 4.587539937347e-03 2.845871960744e-03 2.372164046392e-03 2.552535152063e-03 3.022089367732e-03 2.812804421410e-03 2.247471595183e-03 2.212720923126e-03 2.478393493220e-03 2.228168537840e-03 1.923280418850e-03 1.810145797208e-03 1.792525523342e-03 1.826919848099e-03 1.833409536630e-03 1.999228028581e-03 2.013472374529e-03 1.739528728649e-03 1.342818257399e-03 1.342075294815e-03 1.343342242762e-03 1.252545276657e-03 1.283033750951e-03 1.270367298275e-03 1.248094020411e-03 1.231685397215e-03 1.264899852686e-03 1.709234551527e-03 2.276078332216e-03 2.683141035959e-03
6.334002595395e-03 3.964731469750e-03 3.984631039202e-03 3.474150085822e-03 2.832095604390e-03 2.569935517386e-03 2.224724506959e-03 2.221450209618e-03 2.630200469866e-03 5.090652033687e-03 2.035258337855e-02 4.997549951077e-02 3.428941965103e-02 1.092994771898e-02 4.803119692951e-03 2.981150988489e-03 2.652436261997e-03 3.183606080711e-03 3.080008551478e-03 3.267097519711e-03 3.143954323605e-03 2.591529395431e-03 2.317956183106e-03 2.079450991005e-03 2.015756443143e-03 2.030602656305e-03 2.026986097917e-03 1.974561251700e-03 2.005374059081e-03 2.121651545167e-03 1.921954099089e-03 1.405338407494e-03 1.307780505158e-03 1.289869076572e-03 1.351694925688e-03 1.450986601412e-03 1.518557895906e-03 1.539510674775e-03 1.526391133666e-03 1.470807474107e-03 1.475315890275e-03 1.552282948978e-03 1.602049800567e-03
5.725162103772e-03 3.260171739385e-03 3.547145519406e-03 2.712954068556e-03 2.214694162831e-03 2.084752544761e-03 1.812312752008e-03 1.880704658106e-03 1.897749607451e-03 3.529640613124e-03 1.541754603386e-02 4.159086570144e-02 3.756497800350e-02 2.420079335570e-02 5.865204147995e-03 3.233992960304e-03 2.461256692186e-03 3.550727618858e-03 4.214192274958e-03 3.952067345381e-03 3.231686772779e-03 2.528000855818e-03 2.502384362742e-03 2.353305695578e-03 2.274097874761e-03 2.221489790827e-03 2.126566600055e-03 1.940106041729e-03 2.024746499956e-03 2.145010512322e-03 1.893564942293e-03 1.472458709031e-03 1.524872728623e-03 1.476092496887e-03 1.400015666150e-03 1.356084714644e-03 1.448758644983e-03 1.504473271780e-03 1.488664536737e-03 1.392804319039e-03 1.545983250253e-03 1.824992941692e-03 2.023216104135e-03
7.059184834361e-03 3.707966767251e-03 3.120608860627e-03 2.412040252239e-03 1.806077081710e-03 1.704342779703e-03 1.742317108437e-03 1.708868192509e-03 1.719613792375e-03 2.207110403106e-03 5.853538867086e-03 2.134036645293e-02 7.753848284483e-02 5.982448533177e-02 1.002838276327e-02 3.779315622523e-03 4.169475287199e-03 4.447352141142e-03 3.953721839935e-03 3.146035596728e-03 2.555342623964e-03 2.607655245811e-03 2.763390773907e-03 2.675614086911e-03 2.493381500244e-03 2.262268681079e-03 1.957439351827e-03 1.785132801160e-03 2.096528187394e-03 2.160812029615e-03 1.952989259735e-03 2.169548068196e-03 2.175129251555e-03 2.057359786704e-03 1.850822940469e-03 1.439485698938e-03 1.209404552355e-03 1.200954196975e-03 1.234036404639e-03 1.326231053099e-03 1.558136893436e-03 1.941619906574e-03 2.404967788607e-03
7.475256454200e-03 4.210361279547e-03 3.157163038850e-03 2.104402985424e-03 1.576784765348e-03 1.653829240240e-03 1.632906496525e-03 1.665553776547e-03 1.498677418567e-03 1.688564196229e-03 3.307359758765e-03 1.085687056184e-02 3.767440095544e-02 3.319585695863e-02 1.108014490455e-02 6.303433794528e-03 5.180122796446e-03 4.018604289740e-03 3.095389110968e-03 2.478701993823e-03 2.468786202371e-03 2.633183030412e-03 2.798912115395e-03 2.661393955350e-03 2.298748819157e-03 1.865076366812e-03 1.537867239676e-03 1.678183907643e-03 2.111510839313e-03 2.224537776783e-03 2.314893994480e-03 2.543563488871e-03 2.525575226173e-03 2.352644223720e-03 2.000247361138e-03 1.504229730926e-03 1.540730008855e-03 1.599212409928e-03 1.693667727523e-03 1.774002565071e-03 1.795940450393e-03 1.998662948608e-03 2.578328363597e-03
6.988233420998e-03 3.764640074223e-03 2.655404154211e-03 1.652177772485e-03 1.514127245173e-03 1.633271807805e-03 1.577372429892e-03 1.363893970847e-03 1.082977163605e-03 1.522926846519e-03 2.813065191731e-03 4.805106669664e-03 1.328903529793e-02 1.577396318316e-02 1.141584850848e-02 6.988456007093e-03 4.418695811182e-03 3.139710752293e-03 2.909679431468e-03 2.824819646776e-03 2.542871050537e-03 2.403809223324e-03 2.324596513063e-03 2.042157575488e-03 1.611054642126e-03 1.432709745131e-03 1.414780505002e-03 1.514244126156e-03 1.971416408196e-03 2.209472237155e-03 1.638794201426e-03 1.787877175957e-03 1.788310590200e-03 1.672383048572e-03 1.625914359465e-03 1.776676857844e-03 1.919695059769e-03 2.109037945047e-03 2.315275371075e-03 2.431361004710e-03 2.387145766988e-03 2.224288647994e-03 2.530836965889e-03
6.243358366191e-03 2.783269388601e-03 1.907713478431e-03 1.183526124805e-03 1.417622435838e-03 1.573026180267e-03 1.506651984528e-03 1.242849510163e-03 9.172310237773e-04 1.370689016767e-03 2.527641598135e-03 3.911545965821e-03 9.246720932424e-03 1.185039710253e-02 9.206271730363e-03 5.449360236526e-03 3.373094368726e-03 3.129949327558e-03 3.079054644331e-03 2.580642933026e-03 2.051174873486e-03 1.712951576337e-03 1.498662983067e-03 1.255817362107e-03 1.172223128378e-03 1.154290279374e-03 1.159680658020e-03 1.288360217586e-03 1.718905405141e-03 2.014946192503e-03 1.564293750562e-03 1.227379194461e-03 1.173919998109e-03 1.499854843132e-03 1.773986499757e-03 2.014403464273e-03 2.292799763381e-03 2.639095764607e-03 2.963787643239e-03 3.095663152635e-03 2.944329753518e-03 2.596059581265e-03 2.495165448636e-03
