VariationalSeries/SI/f37_max.grd
DSAA
101	101
32.816463539100	34.260883539100
35.556306596100	36.727886596100
4.259960769559e-05	6.957384109497e+00
[rows 38 to 56 of 101, columns 43 to 85 of 101]
4.254674911499e-01 6.608182191849e-01 7.070159912109e-01 4.187857210636e-01 7.031941413879e-01 3.452223837376e-01 3.544663190842e-01 4.758649468422e-01 4.079827368259e-01 3.269146084785e-01 4.823205769062e-01 2.505508363247e-01 2.752604782581e-01 2.329622805119e-01 3.618228435516e-01 2.633127570152e-01 2.852588593960e-01 1.617268472910e-01 2.209338545799e-01 3.353507816792e-01 3.417875468731e-01 2.619867920876e-01 1.807054281235e-01 1.430631577969e-01 1.231143251061e-01 1.113331615925e-01 1.033039018512e-01 1.057384014130e-01 9.401281177998e-02 7.057820260525e-02 7.005800306797e-02 8.294931054115e-02 9.481618553400e-02 9.751477092505e-02 9.890156239271e-02 9.911755472422e-02 9.762161225080e-02 9.017981588840e-02 8.010780066252e-02 7.143098115921e-02 6.439851224422e-02 6.471304595470e-02 5.469486489892e-02
4.245136678219e-01 8.771226406097e-01 5.665591955185e-01 7.905423641205e-01 5.691592097282e-01 8.040691614151e-01 6.764208078384e-01 4.180257916451e-01 4.242646694183e-01 3.404784500599e-01 5.474733710289e-01 3.541525304317e-01 2.298086136580e-01 2.640830278397e-01 4.805204272270e-01 2.864390313625e-01 3.277583420277e-01 5.122128725052e-01 4.592148065567e-01 3.112234771252e-01 2.101681828499e-01 1.428488194942e-01 1.303680837154e-01 1.177042797208e-01 1.185095086694e-01 1.132656782866e-01 9.928442537785e-02 8.660609275103e-02 7.814399152994e-02 7.810860872269e-02 8.576425164938e-02 8.057255297899e-02 6.614168733358e-02 5.596917495131e-02 5.409568920732e-02 4.667267575860e-02 5.005821585655e-02 5.499564856291e-02 6.052026897669e-02 6.700368225574e-02 7.256928086281e-02 9.503964334726e-02 9.803186357021e-02
6.244222521782e-01 4.372571408749e-01 7.720136046410e-01 6.114128232002e-01 6.506239771843e-01 8.475932478905e-01 5.163456201553e-01 4.686944186687e-01 3.354350626469e-01 3.482455611229e-01 5.857848525047e-01 3.172239661217e-01 3.255274891853e-01 3.195688724518e-01 3.896315693855e-01 6.294226050377e-01 4.294900000095e-01 2.225667834282e-01 2.078787386417e-01 1.379152089357e-01 1.046619936824e-01 1.510840356350e-01 1.983760297298e-01 1.786034107208e-01 1.286505609751e-01 1.120828613639e-01 1.095798462629e-01 1.010369285941e-01 8.727516978979e-02 8.114872127771e-02 7.634001225233e-02 7.740551233292e-02 7.406660169363e-02 6.887329369783e-02 6.713634729385e-02 7.057402282953e-02 6.963875889778e-02 6.322822719812e-02 8.390918374062e-02 1.143924891949e-01 9.400463849306e-02 7.043132185936e-02 6.092790514231e-02
6.906915903091e-01 6.350333690643e-01 1.006747126579e+00 8.416086435318e-01 7.948131561279e-01 8.770200610161e-01 8.260115385056e-01 4.554762542248e-01 5.131084322929e-01 4.877047538757e-01 5.763034820557e-01 4.507977366447e-01 4.184790551662e-01 7.132307291031e-01 4.598444104195e-01 3.405966460705e-01 2.893477082253e-01 2.343347966671e-01 1.724551618099e-01 2.788085639477e-01 3.003998100758e-01 1.577977538109e-01 2.486166357994e-01 1.891196817160e-01 1.702274233103e-01 1.501276940107e-01 1.325900107622e-01 1.185676604509e-01 1.068019568920e-01 1.026255190372e-01 1.920651197433e-01 8.161190897226e-02 7.764289528131e-02 7.350491732359e-02 9.331160783768e-02 1.164831593633e-01 1.062702462077e-01 1.215832605958e-01 1.036527305841e-01 1.136380434036e-01 1.146452575922e-01 1.121179163456e-01 1.029377728701e-01
6.583155393600e-01 9.140263795853e-01 7.893590331078e-01 7.838510870934e-01 7.280792593956e-01 9.201943278313e-01 1.452939987183e+00 6.277188062668e-01 7.311963438988e-01 7.306719422340e-01 6.652218699455e-01 6.669625639915e-01 7.607794404030e-01 4.333193898201e-01 4.703523516655e-01 2.653717994690e-01 3.583127856255e-01 4.793418049812e-01 3.771250844002e-01 3.610001206398e-01 3.755130171776e-01 2.531438469887e-01 1.566898375750e-01 1.520615667105e-01 1.410014480352e-01 1.319835484028e-01 1.610647141933e-01 2.784873247147e-01 3.342370986938e-01 2.964288592339e-01 1.462876051664e-01 1.058672368526e-01 1.004993617535e-01 1.092723906040e-01 1.368492841721e-01 1.403242945671e-01 1.271017044783e-01 1.137753427029e-01 8.486665785313e-02 1.055678352714e-01 1.261128485203e-01 1.258800476789e-01 1.210704892874e-01
7.824276685715e-01 1.134145617485e+00 1.877115607262e+00 1.149515151978e+00 1.852445363998e+00 9.526463150978e-01 2.275232791901e+00 6.534096002579e-01 1.265532374382e+00 9.125417470932e-01 7.976447939873e-01 7.799959182739e-01 4.418445527554e-01 5.393294095993e-01 6.088339686394e-01 5.950875878334e-01 3.683834969997e-01 2.190414518118e-01 4.704128205776e-01 4.068551957607e-01 2.229380905628e-01 2.035994231701e-01 1.922915279865e-01 3.501359522343e-01 4.305318892002e-01 3.804208934307e-01 2.504635453224e-01 1.804638952017e-01 1.961584985256e-01 1.241249963641e-01 9.929078817368e-02 1.489450484514e-01 1.851706802845e-01 1.661579459906e-01 1.466420292854e-01 1.981226503849e-01 2.346989363432e-01 2.098789364100e-01 1.505009233952e-01 1.099259182811e-01 1.373564004898e-01 1.508558392525e-01 1.591169387102e-01
9.634960889816e-01 1.215719103813e+00 1.430379152298e+00 1.903513193130e+00 1.590262651443e+00 1.612297773361e+00 2.667680978775e+00 1.058336496353e+00 1.231666922569e+00 9.697811603546e-01 9.783179759979e-01 5.656756162643e-01 6.105555891991e-01 7.628505825996e-01 5.956752896309e-01 4.252954125404e-01 6.147962808609e-01 5.709117054939e-01 4.513487815857e-01 5.711548924446e-01 5.782057642937e-01 5.013705492020e-01 3.586906790733e-01 1.962679624557e-01 2.156023383141e-01 1.945371478796e-01 1.544764786959e-01 1.594280004501e-01 1.717874407768e-01 1.846208423376e-01 1.797716617584e-01 1.533946990967e-01 1.473831832409e-01 1.237545907497e-01 2.258148044348e-01 2.759394049644e-01 2.587266564369e-01 1.905999034643e-01 1.154937893152e-01 7.029878348112e-02 9.833189845085e-02 1.129085868597e-01 1.039400994778e-01
9.147716760635e-01 1.342673659325e+00 1.592939257622e+00 1.519180655479e+00 2.261926889420e+00 1.689263343811e+00 2.716769456863e+00 1.497475981712e+00 1.282370209694e+00 1.422423243523e+00 1.088666796684e+00 7.157925963402e-01 7.114233970642e-01 7.588093876839e-01 4.390007257462e-01 6.498920321465e-01 8.385110497475e-01 5.783917903900e-01 3.435474932194e-01 3.402045071125e-01 3.001090586185e-01 2.326743602753e-01 2.242398858070e-01 2.479787170887e-01 2.480667829514e-01 2.191185951233e-01 1.894388943911e-01 1.845224201679e-01 1.538938581944e-01 1.699211299419e-01 1.623988449574e-01 1.481784284115e-01 1.027884259820e-01 1.884314417839e-01 2.247928231955e-01 2.131340205669e-01 1.488919407129e-01 8.002164959908e-02 1.101672649384e-01 1.036161109805e-01 7.749558985233e-02 7.402251660824e-02 8.001704514027e-02
1.355565428734e+00 1.895519852638e+00 1.934706926346e+00 2.108835697174e+00 2.292411088943e+00 2.886640071869e+00 2.721172094345e+00 5.295835494995e+00 1.950799703598e+00 1.234776020050e+00 1.147878766060e+00 1.023217082024e+00 8.681181073189e-01 1.325205564499e+00 1.158394932747e+00 6.766465902328e-01 6.255928874016e-01 6.495209336281e-01 4.755582809448e-01 4.203040003777e-01 4.164065420628e-01 3.960824012756e-01 4.245071411133e-01 3.164959251881e-01 4.075760543346e-01 3.606174886227e-01 2.262299060822e-01 2.059718966484e-01 2.088912278414e-01 1.950687170029e-01 1.665686517954e-01 1.610271334648e-01 1.677997112274e-01 1.931538432837e-01 1.795969158411e-01 1.378424912691e-01 1.051110252738e-01 9.526192396879e-02 9.285715967417e-02 9.185867011547e-02 8.981212228537e-02 8.653170615435e-02 8.329375088215e-02
8.581379055977e-01 2.508414745331e+00 1.732597708702e+00 2.155979871750e+00 3.415381431580e+00 2.720376014709e+00 3.227385044098e+00 3.869158983231e+00 1.902855873108e+00 1.801146388054e+00 2.288254737854e+00 1.457228302956e+00 1.808130383492e+00 1.401960015297e+00 1.173340916634e+00 1.023359060287e+00 8.699287772179e-01 7.528371214867e-01 6.645263433456e-01 9.340659379959e-01 1.092207312584e+00 4.552824497223e-01 2.954178452492e-01 3.002966344357e-01 4.220994114876e-01 2.659576237202e-01 2.299134433270e-01 2.183997035027e-01 2.017065435648e-01 1.919318586588e-01 1.843232810497e-01 1.906683593988e-01 2.017951756716e-01 1.725507974625e-01 1.320883631706e-01 1.233058199286e-01 1.167961657047e-01 9.594878554344e-02 9.492838382721e-02 9.490186721087e-02 8.757738769054e-02 8.973695337772e-02 9.425935149193e-02
2.313404321671e+00 2.710582733154e+00 3.095509290695e+00 3.264529705048e+00 3.789030075073e+00 5.234530925751e+00 6.957384109497e+00 3.216654300690e+00 2.596003532410e+00 1.813299655914e+00 2.579031944275e+00 2.565598249435e+00 9.703314304352e-01 1.548434376717e+00 1.698594689369e+00 8.420171141624e-01 7.796202898026e-01 8.261421918869e-01 9.112527370453e-01 1.073491811752e+00 8.279837369919e-01 3.526779413223e-01 3.993391990662e-01 3.275471627712e-01 3.052717149258e-01 2.620390951633e-01 2.547924220562e-01 2.528685927391e-01 2.101448625326e-01 1.459256559610e-01 1.306879222393e-01 1.432057619095e-01 1.520215272903e-01 1.561906039715e-01 1.531954109669e-01 1.467002779245e-01 1.307861059904e-01 1.340789794922e-01 1.494897603989e-01 1.531135588884e-01 1.371188014746e-01 1.190204769373e-01 1.038812845945e-01
1.541025400162e+00 2.748571395874e+00 2.835207939148e+00 3.593945264816e+00 3.574304103851e+00 3.536124706268e+00 3.462048053741e+00 2.870957612991e+00 2.011628150940e+00 2.278193473816e+00 2.194063901901e+00 2.311024904251e+00 2.798119068146e+00 1.227120518684e+00 1.039257884026e+00 6.456226706505e-01 5.880150794983e-01 4.156703352928e-01 3.826903700829e-01 3.262806236744e-01 2.803650498390e-01 3.176082670689e-01 3.914854526520e-01 4.504810273647e-01 4.610936343670e-01 4.046825468540e-01 3.232929408550e-01 2.238755077124e-01 1.557733863592e-01 1.284464597702e-01 1.044627353549e-01 1.177915036678e-01 1.531725525856e-01 1.027976498008e-01 1.160750687122e-01 1.268407702446e-01 1.013787463307e-01 1.238905638456e-01 1.464393734932e-01 1.551789939404e-01 1.761304885149e-01 2.212901115417e-01 2.512761652470e-01
6.076639294624e-01 8.305347561836e-01 1.306396245956e+00 6.191887378693e+00 3.406846284866e+00 3.248286008835e+00 1.810020446777e+00 1.861887812614e+00 1.724084019661e+00 2.742943048477e+00 2.556598663330e+00 3.621537446976e+00 5.249323368073e+00 3.854245901108e+00 2.511308670044e+00 1.156414866447e+00 5.441293716431e-01 3.878086209297e-01 3.516732454300e-01 4.739069938660e-01 6.168413162231e-01 5.712206363678e-01 4.215956628323e-01 2.709538340569e-01 2.981011271477e-01 2.820286154747e-01 4.031758606434e-01 6.010224223137e-01 2.787623405457e-01 1.466562002897e-01 1.357880830765e-01 2.231831401587e-01 1.464331001043e-01 9.146995842457e-02 8.021704107523e-02 8.339299261570e-02 8.375135064125e-02 8.621209859848e-02 8.777353167534e-02 8.772730082273e-02 8.787970244884e-02 9.726021438837e-02 8.489994704723e-02
1.102911680937e-01 2.745104134083e-01 6.616117358208e-01 8.812047243118e-01 8.989173769951e-01 8.789117336273e-01 6.848033070564e-01 9.350865483284e-01 9.328060746193e-01 1.490113973618e+00 3.014020442963e+00 3.408531188965e+00 4.682972908020e+00 2.720608711243e+00 1.941663980484e+00 1.099291682243e+00 5.019193291664e-01 2.631532251835e-01 2.786889076233e-01 6.131497025490e-01 1.952737212181e+00 8.155135512352e-01 6.974341869354e-01 5.206575393677e-01 5.306735634804e-01 4.557189047337e-01 4.910765588284e-01 3.441193103790e-01 1.705391407013e-01 2.249925434589e-01 1.896489113569e-01 1.914359629154e-01 1.163437068462e-01 1.055394560099e-01 7.362803816795e-02 6.733514368534e-02 6.983865052462e-02 6.976997107267e-02 7.535509020090e-02 6.974781304598e-02 9.079149365425e-02 1.066547185183e-01 1.031521260738e-01
7.680317014456e-02 1.429521441460e-01 4.156983494759e-01 2.427490800619e-01 2.140634357929e-01 1.746639907360e-01 2.647724449635e-01 4.374552965164e-01 4.563807249069e-01 4.861589968204e-01 1.377186417580e+00 6.771656036377e+00 5.379743576050e+00 2.425301790237e+00 1.114993453026e+00 3.213899731636e-01 1.925939470530e-01 1.267532408237e-01 1.574143022299e-01 4.030909240246e-01 9.243083596230e-01 1.610534071922e+00 8.066823482513e-01 6.139243245125e-01 4.844678640366e-01 3.636853694916e-01 3.856012821198e-01 3.599860370159e-01 3.159389197826e-01 2.849922180176e-01 3.473705947399e-01 1.487867832184e-01 1.378935426474e-01 1.113571971655e-01 1.138381659985e-01 1.061247363687e-01 8.890392631292e-02 7.587556540966e-02 8.685969561338e-02 1.002679318190e-01 1.174684613943e-01 1.156549155712e-01 9.863402694464e-02
5.166020244360e-02 2.126259952784e-01 4.990641772747e-01 3.728204667568e-01 9.099509567022e-02 1.066042035818e-01 1.018801108003e-01 2.065996080637e-01 2.255022078753e-01 3.786821067333e-01 7.158687114716e-01 1.853491306305e+00 3.970012187958e+00 2.720150709152e+00 3.678435087204e+00 8.880941867828e-01 1.092367470264e-01 6.883722543716e-02 1.084940955043e-01 3.601919412613e-01 1.098974227905e+00 1.720546960831e+00 1.312631130219e+00 8.937183618546e-01 6.212313771248e-01 3.911302089691e-01 4.437844157219e-01 3.286061286926e-01 3.177753090858e-01 3.162519633770e-01 2.626329362392e-01 2.094453275204e-01 1.475049406290e-01 1.573202759027e-01 1.412511169910e-01 1.124127507210e-01 9.989061951637e-02 9.266065061092e-02 8.600956201553e-02 1.004446297884e-01 1.102076768875e-01 1.071882620454e-01 9.497737884521e-02
4.414826631546e-02 1.085932329297e-01 7.377527356148e-01 8.872471451759e-01 4.637995660305e-01 7.190625369549e-02 5.470326542854e-02 1.029277518392e-01 1.028943508863e-01 8.343930542469e-02 7.084248214960e-02 2.980245053768e-01 1.342194318771e+00 7.788813114166e-01 4.486009120941e+00 5.426481962204e-01 3.062474429607e-01 1.158259585500e-01 9.629106521606e-02 3.118374049664e-01 6.116443276405e-01 5.421124458313e+00 1.679494380951e+00 7.311414480209e-01 7.405373454094e-01 3.909180462360e-01 4.193192124367e-01 3.545222580433e-01 5.116082429886e-01 3.928315639496e-01 2.253066003323e-01 2.237845808268e-01 2.086387574673e-01 1.987069249153e-01 1.951298862696e-01 1.555780023336e-01 1.536723077297e-01 1.700361669064e-01 1.098597794771e-01 8.425072580576e-02 8.313218504190e-02 8.214024454355e-02 9.509703516960e-02
2.820295840502e-02 4.857414215803e-02 6.097223609686e-02 3.451146483421e-01 2.126145660877e-01 5.122888833284e-02 4.365603625774e-02 5.122868716717e-02 4.805084690452e-02 4.615869373083e-02 3.343710303307e-02 3.738475218415e-02 1.145150735974e-01 7.153002619743e-01 2.037123918533e+00 4.975205957890e-01 4.156130552292e-01 1.953154653311e-01 1.139012947679e-01 2.234388738871e-01 2.603002786636e-01 3.569143116474e-01 3.255842924118e-01 2.464483827353e-01 3.634016513824e-01 6.046489477158e-01 5.284823179245e-01 5.273123383522e-01 3.403584063053e-01 4.452563226223e-01 4.646067321301e-01 4.050267040730e-01 2.474896311760e-01 2.048307210207e-01 1.963502168655e-01 1.714200824499e-01 1.465037465096e-01 1.488929241896e-01 1.444373577833e-01 9.560847282410e-02 7.871554791927e-02 8.111346513033e-02 8.768834173679e-02
3.103561885655e-02 4.946769773960e-02 3.255345672369e-02 3.664442151785e-02 3.725252673030e-02 4.383916407824e-02 4.041828587651e-02 3.798476234078e-02 3.508755937219e-02 2.663005329669e-02 1.868055947125e-02 1.580460928380e-02 2.635859139264e-02 7.416694164276e-01 1.151050448418e+00 1.197652935982e+00 3.392522633076e-01 3.633270561695e-01 3.197329044342e-01 1.311917454004e-01 1.420269906521e-01 2.667596936226e-01 7.286754250526e-01 6.884898543358e-01 8.978929519653e-01 9.037932753563e-01 8.472814559937e-01 8.006658554077e-01 7.591088414192e-01 7.243179678917e-01 7.711182832718e-01 9.448229670525e-01 8.076850175858e-01 3.306762874126e-01 1.348187029362e-01 1.581718921661e-01 1.732078194618e-01 1.196340098977e-01 1.184908300638e-01 8.378165960312e-02 8.254231512547e-02 6.110180914402e-02 6.876073777676e-02
