VariationalSeries/SI/f39.grd
DSAA
101	101
32.816463539100	34.260883539100
35.556306596100	36.727886596100
2.284747082740e-03	3.904677963257e+01
[rows 19 to 37 of 101, columns 0 to 42 of 101]
2.057621441782e-02 3.266170993447e-02 3.812964260578e-02 5.526100471616e-02 7.326648384333e-02 8.430703729391e-02 1.081998273730e-01 1.232882589102e-01 1.129636317492e-01 9.332455694675e-02 7.217328995466e-02 6.860380619764e-02 5.389483645558e-02 5.494998395443e-02 7.041112333536e-02 7.396452128887e-02 5.882135406137e-02 5.957048386335e-02 7.145725190639e-02 7.363525032997e-02 6.749089807272e-02 5.775000527501e-02 7.042814791203e-02 8.365772664547e-02 9.545674175024e-02 1.025599539280e-01 1.036534905434e-01 9.726025909185e-02 8.101727813482e-02 5.759703367949e-02 7.497818022966e-02 8.920723944902e-02 1.065362617373e-01 1.066928654909e-01 1.166488677263e-01 1.310945600271e-01 1.262034326792e-01 1.031180098653e-01 8.649113029242e-02 9.811550378799e-02 1.066819727421e-01 1.415582001209e-01 8.971559256315e-02
3.561852499843e-02 5.412415415049e-02 5.017901584506e-02 3.903830051422e-02 5.670132488012e-02 7.794622331858e-02 9.300719201565e-02 1.203948035836e-01 1.268230378628e-01 1.124504059553e-01 9.192574769258e-02 7.606723159552e-02 6.309572607279e-02 4.765987023711e-02 6.512131541967e-02 8.240575343370e-02 8.045443147421e-02 5.715352669358e-02 6.033743917942e-02 7.269547134638e-02 7.635627686977e-02 7.407803088427e-02 7.535934448242e-02 6.432951241732e-02 7.772833853960e-02 9.415182471275e-02 1.083139479160e-01 1.174665838480e-01 1.154556125402e-01 9.808818250895e-02 6.874001026154e-02 6.773807853460e-02 8.801821619272e-02 1.040456593037e-01 1.047609746456e-01 1.301966905594e-01 1.413497477770e-01 1.302505284548e-01 1.055520176888e-01 9.964912384748e-02 1.131940409541e-01 1.201767772436e-01 1.072219610214e-01
5.664528161287e-02 9.110464900732e-02 7.743202149868e-02 6.371955573559e-02 5.453603342175e-02 5.842924863100e-02 8.234019577503e-02 1.043888404965e-01 1.300108283758e-01 1.290556788445e-01 1.132250949740e-01 8.745978027582e-02 7.994364947081e-02 6.548788398504e-02 5.111396312714e-02 7.630459219217e-02 9.233272075653e-02 8.147456496954e-02 7.402392476797e-02 6.317270547152e-02 7.012546062469e-02 8.491045236588e-02 8.966519683599e-02 8.316432684660e-02 7.300887256861e-02 6.630595028400e-02 8.432107418776e-02 1.043099313974e-01 1.207872629166e-01 1.243111640215e-01 1.093001812696e-01 7.712101936340e-02 6.221608072519e-02 8.948841691017e-02 1.182877570391e-01 1.249527409673e-01 1.418194025755e-01 1.473711282015e-01 1.339966952801e-01 1.134554371238e-01 1.156880035996e-01 1.283128410578e-01 1.319286674261e-01
7.188989967108e-02 1.291662007570e-01 1.310890316963e-01 9.119091928005e-02 7.374195009470e-02 6.928904354572e-02 5.910360813141e-02 8.536288142204e-02 1.172223761678e-01 1.370704621077e-01 1.308326274157e-01 1.118339970708e-01 8.174737542868e-02 8.454054594040e-02 8.548320084810e-02 7.586644589901e-02 8.738132566214e-02 9.791531413794e-02 8.072279393673e-02 6.576787680387e-02 6.417043507099e-02 9.205306321383e-02 9.733111411333e-02 9.331709146500e-02 8.245355635881e-02 7.944476604462e-02 6.861400604248e-02 7.494692504406e-02 1.004606038332e-01 1.242550686002e-01 1.346832811832e-01 1.206860169768e-01 8.355452120304e-02 6.540256738663e-02 1.008395776153e-01 1.406155526638e-01 1.435509920120e-01 1.473656445742e-01 1.487727016211e-01 1.401219218969e-01 1.270712316036e-01 1.333636045456e-01 1.527158915997e-01
7.205637544394e-02 1.470934897661e-01 1.804008930922e-01 1.550367474556e-01 9.757763892412e-02 7.567150890827e-02 7.802851498127e-02 7.399172335863e-02 9.253839403391e-02 1.286254078150e-01 1.436999887228e-01 1.326939463615e-01 1.100057512522e-01 8.371572941542e-02 1.194421052933e-01 1.309124529362e-01 8.364970237017e-02 9.802135080099e-02 9.929365664721e-02 6.788039952517e-02 7.694699615240e-02 9.271597862244e-02 9.689024835825e-02 8.933812379837e-02 7.656516134739e-02 8.561055362225e-02 8.880622684956e-02 8.202155679464e-02 7.979667931795e-02 9.842376410961e-02 1.306682378054e-01 1.476294100285e-01 1.327156573534e-01 8.929950743914e-02 8.699941635132e-02 1.249627321959e-01 1.652881503105e-01 1.526269614697e-01 1.463551670313e-01 1.506745517254e-01 1.511427909136e-01 1.437807083130e-01 1.559007763863e-01
5.612071603537e-02 1.313233524561e-01 1.957994401455e-01 2.101731598377e-01 1.651956140995e-01 9.983702749014e-02 7.129730284214e-02 7.907419651747e-02 8.271312713623e-02 1.051565036178e-01 1.416685432196e-01 1.488898694515e-01 1.336048692465e-01 1.065494790673e-01 1.279287040234e-01 1.756118535995e-01 1.467331945896e-01 8.577701449394e-02 1.071560531855e-01 9.730577468872e-02 7.488442957401e-02 1.015912741423e-01 9.171126782894e-02 7.593161612749e-02 7.184718549252e-02 7.104549556971e-02 8.442884683609e-02 9.347632527351e-02 9.423502534628e-02 8.659209311008e-02 9.987914562225e-02 1.404352039099e-01 2.028190195560e-01 1.916652470827e-01 1.720045357943e-01 1.624944657087e-01 1.669724285603e-01 1.824176907539e-01 1.548370569944e-01 1.463296413422e-01 1.593373566866e-01 1.674119532108e-01 1.602865308523e-01
3.584776818752e-02 9.012810140848e-02 1.624157577753e-01 2.182331681252e-01 2.168642729521e-01 1.622705459595e-01 9.849824756384e-02 6.491971760988e-02 7.295029610395e-02 8.311768621206e-02 1.210621595383e-01 1.517923921347e-01 1.508679836988e-01 1.317564696074e-01 1.152949705720e-01 1.833898425102e-01 2.055091559887e-01 1.326856464148e-01 9.762749075890e-02 1.152550429106e-01 9.475158900023e-02 9.137352555990e-02 1.151161417365e-01 1.154529452324e-01 9.514793008566e-02 7.883047312498e-02 8.999384194613e-02 9.824670851231e-02 1.007675752044e-01 1.028875038028e-01 9.597586095333e-02 1.042782440782e-01 1.650598496199e-01 1.790161132812e-01 1.955060511827e-01 2.343174517155e-01 2.897120416164e-01 1.792120486498e-01 1.939172148705e-01 1.539441943169e-01 1.515141427517e-01 1.726931184530e-01 1.834736168385e-01
2.994010597467e-02 5.883887037635e-02 1.054109036922e-01 1.731293797493e-01 2.154861092567e-01 2.022227644920e-01 1.515016704798e-01 1.002863571048e-01 8.995919674635e-02 9.344807267189e-02 9.666179865599e-02 1.376776844263e-01 1.599862575531e-01 1.527727991343e-01 1.301004588604e-01 1.597560942173e-01 2.227571606636e-01 2.014276683331e-01 1.321194022894e-01 1.278526932001e-01 1.607576608658e-01 1.350988894701e-01 1.108755990863e-01 1.636767387390e-01 1.969587504864e-01 1.701201200485e-01 1.200652942061e-01 1.279186606407e-01 1.280917972326e-01 1.126804053783e-01 1.088659316301e-01 1.096586883068e-01 1.345038264990e-01 2.419761568308e-01 3.523132801056e-01 2.865196764469e-01 1.965637207031e-01 1.492328047752e-01 2.014894634485e-01 2.054948061705e-01 1.528723388910e-01 1.595166325569e-01 1.883477568626e-01
4.166019707918e-02 8.258771151304e-02 9.016109257936e-02 1.130879223347e-01 1.761791706085e-01 1.910861879587e-01 1.780220568180e-01 1.460995674133e-01 1.161339432001e-01 1.202458813787e-01 1.242095157504e-01 1.293355077505e-01 1.538882404566e-01 1.660540103912e-01 1.539077609777e-01 1.479001343250e-01 1.979444622993e-01 2.386768460274e-01 1.772517114878e-01 1.575062870979e-01 2.530964314938e-01 2.357815355062e-01 1.665887534618e-01 2.229292988777e-01 2.976049780846e-01 2.736775577068e-01 2.180203944445e-01 1.480177938938e-01 1.365403085947e-01 1.381237357855e-01 1.491336226463e-01 1.847340762615e-01 2.468646913767e-01 3.753310739994e-01 4.401811957359e-01 2.945891916752e-01 1.834674179554e-01 1.175299063325e-01 1.751738786697e-01 2.254233956337e-01 2.125227600336e-01 1.698956787586e-01 1.694679707289e-01
3.871446475387e-02 7.236133515835e-02 7.723713666201e-02 7.952690124512e-02 1.584874838591e-01 2.305842339993e-01 2.401500344276e-01 1.750423312187e-01 1.528419554234e-01 1.295047700405e-01 9.864667057991e-02 8.830601722002e-02 1.294680088758e-01 1.677277237177e-01 1.716016530991e-01 1.568877547979e-01 1.435390859842e-01 2.258571386337e-01 2.388101071119e-01 1.568070948124e-01 2.661791145802e-01 2.961877286434e-01 2.624585330486e-01 3.228778541088e-01 4.436920583248e-01 4.699582457542e-01 4.252921342850e-01 3.298919200897e-01 2.013066262007e-01 1.944119632244e-01 1.894727349281e-01 2.135911136866e-01 2.674390673637e-01 3.475046753883e-01 3.331025838852e-01 1.960788816214e-01 2.265611886978e-01 1.987497508526e-01 1.312303543091e-01 2.059310227633e-01 2.546816468239e-01 2.105356752872e-01 2.355753332376e-01
5.847471952438e-02 1.011280566454e-01 9.078232198954e-02 6.943534314632e-02 1.049875691533e-01 2.003971785307e-01 2.797737717628e-01 2.806267738342e-01 1.946170032024e-01 1.588903516531e-01 1.473796516657e-01 1.231502220035e-01 9.651254862547e-02 1.491903364658e-01 1.794141381979e-01 1.775308996439e-01 1.770168542862e-01 1.744118183851e-01 2.545875310898e-01 2.233965247869e-01 2.157117426395e-01 2.728544175625e-01 2.939152121544e-01 3.190099298954e-01 4.790652692318e-01 5.860081315041e-01 6.455173492432e-01 6.143223643303e-01 4.682051241398e-01 2.606592476368e-01 2.493353635073e-01 2.729223668575e-01 2.649858593941e-01 2.293804734945e-01 2.048830240965e-01 2.028352618217e-01 2.070308029652e-01 2.492565363646e-01 2.107276320457e-01 1.645531505346e-01 2.512326836586e-01 2.814126014709e-01 2.638319432735e-01
6.332004815340e-02 1.210282295942e-01 1.275607198477e-01 1.141924560070e-01 9.362251311541e-02 1.283904910088e-01 2.334340512753e-01 3.104016184807e-01 2.938137352467e-01 1.956517845392e-01 1.612429767847e-01 1.659111380577e-01 1.482190638781e-01 1.143274977803e-01 1.684534549713e-01 1.904070824385e-01 1.820804774761e-01 2.034365236759e-01 2.165130227804e-01 2.741432487965e-01 2.362582236528e-01 2.098719924688e-01 2.607946097851e-01 2.932572364807e-01 3.702732324600e-01 5.303906798363e-01 7.095875740051e-01 8.398606777191e-01 8.277702927589e-01 6.205911040306e-01 3.136301934719e-01 1.986547112465e-01 2.551595568657e-01 2.887674868107e-01 3.021022379398e-01 2.896156609058e-01 2.647152841091e-01 2.287544906139e-01 2.756880819798e-01 2.128563374281e-01 1.949890702963e-01 3.061355948448e-01 2.813298404217e-01
8.182010799646e-02 1.344093233347e-01 1.302132457495e-01 1.396139413118e-01 1.356960684061e-01 1.203730627894e-01 1.367360204458e-01 2.345854789019e-01 2.959800958633e-01 2.790353000164e-01 2.005092501640e-01 1.536491215229e-01 1.725594550371e-01 1.691917032003e-01 1.430776417255e-01 1.906844526529e-01 1.960563212633e-01 1.846731156111e-01 2.312812209129e-01 2.693453431129e-01 2.654371857643e-01 3.253570795059e-01 2.166344225407e-01 2.446501553059e-01 2.956105768681e-01 3.631483912468e-01 5.698396563530e-01 8.295145034790e-01 1.050783395767e+00 1.063410997391e+00 7.520885467529e-01 3.505786955357e-01 1.280170530081e-01 1.742304712534e-01 2.215969711542e-01 2.776182889938e-01 4.493756890297e-01 6.421545743942e-01 3.525009155273e-01 3.072524666786e-01 2.016277611256e-01 2.633191347122e-01 3.569682836533e-01
1.095506250858e-01 1.957808136940e-01 1.916797459126e-01 1.549063473940e-01 1.449509114027e-01 1.509308665991e-01 1.449022591114e-01 1.301753073931e-01 1.995069533587e-01 2.580384314060e-01 2.650893926620e-01 2.160813808441e-01 1.429127752781e-01 1.685658544302e-01 1.848937869072e-01 1.725121587515e-01 2.043896615505e-01 2.021189182997e-01 1.860722750425e-01 2.422105073929e-01 3.076687753201e-01 3.179790973663e-01 4.169835746288e-01 3.180365264416e-01 2.448084354401e-01 2.977112829685e-01 4.001075923443e-01 6.103889942169e-01 9.609125852585e-01 1.275417089462e+00 1.261154294014e+00 8.424148559570e-01 3.947368860245e-01 1.539897769690e-01 1.574945598841e-01 2.252207100391e-01 2.419429421425e-01 9.487807750702e-01 9.247604012489e-01 3.187936842442e-01 4.100504815578e-01 2.077858000994e-01 3.629359900951e-01
1.215622723103e-01 2.405044138432e-01 2.764057815075e-01 2.794119119644e-01 2.617141902447e-01 2.250139415264e-01 2.191801667213e-01 2.433114051819e-01 2.415248304605e-01 2.137114703655e-01 2.228122949600e-01 2.520010173321e-01 2.894641458988e-01 2.980456352234e-01 1.794319301844e-01 1.864389628172e-01 1.943010389805e-01 2.229370027781e-01 2.103169262409e-01 1.892102062702e-01 2.797804772854e-01 3.222181200981e-01 4.776391685009e-01 4.621911942959e-01 3.369229137897e-01 3.290140926838e-01 3.082464337349e-01 4.555799663067e-01 6.831669211388e-01 1.129042983055e+00 1.502227544785e+00 1.360924839973e+00 8.853081464767e-01 3.859311938286e-01 1.614315360785e-01 1.897039562464e-01 2.145316451788e-01 3.447068035603e-01 1.623038530350e+00 6.018457412720e-01 5.941521525383e-01 4.814243912697e-01 2.836034297943e-01
2.070232778788e-01 3.431528806686e-01 2.966954708099e-01 2.775165438652e-01 3.189775943756e-01 3.434816598892e-01 3.430796861649e-01 3.149313032627e-01 3.406204581261e-01 3.664844930172e-01 3.550505936146e-01 3.107929825783e-01 3.452508747578e-01 4.899516701698e-01 4.171814620495e-01 2.072555273771e-01 1.762268245220e-01 2.198803722858e-01 2.546489238739e-01 2.417795062065e-01 2.099304646254e-01 3.673962950706e-01 4.627139270306e-01 5.830897688866e-01 5.080884099007e-01 2.797662317753e-01 2.854193150997e-01 3.666412532330e-01 5.161370635033e-01 7.752869725227e-01 1.295082926750e+00 1.611460685730e+00 1.388573646545e+00 8.444474935532e-01 3.674759268761e-01 1.613368391991e-01 2.184341251850e-01 2.396519333124e-01 8.949953317642e-01 1.654498577118e+00 6.314016580582e-01 7.459726333618e-01 2.959701716900e-01
3.298877775669e-01 5.811597704887e-01 5.668252110481e-01 4.867416024208e-01 3.968281447887e-01 3.083196878433e-01 3.499217927456e-01 4.037367999554e-01 4.323088228703e-01 4.256045818329e-01 4.363155663013e-01 4.715090394020e-01 4.619662165642e-01 5.060901045799e-01 6.545649766922e-01 4.968990683556e-01 2.277704626322e-01 2.022884786129e-01 2.497619688511e-01 3.330673575401e-01 3.464296460152e-01 2.827847301960e-01 6.094334721565e-01 5.343541502953e-01 6.020334959030e-01 5.116239190102e-01 3.319066166878e-01 2.656132876873e-01 3.502717316151e-01 5.982691645622e-01 8.620169162750e-01 1.392277359962e+00 1.639536976814e+00 1.333237051964e+00 7.888252735138e-01 3.382465839386e-01 1.577800810337e-01 2.358647882938e-01 3.186130523682e-01 1.600848555565e+00 1.320358157158e+00 8.979422450066e-01 4.284199774265e-01
3.760277628899e-01 6.992089152336e-01 7.478197813034e-01 7.288917303085e-01 6.762478947639e-01 6.043679714203e-01 5.152435302734e-01 4.149374961853e-01 3.554034233093e-01 4.365096390247e-01 5.057821869850e-01 5.341924428940e-01 5.008693933487e-01 5.289656519890e-01 6.580047011375e-01 8.025976419449e-01 5.423149466515e-01 4.100704193115e-01 4.323768913746e-01 4.331219792366e-01 4.166612029076e-01 4.643559157848e-01 4.613040387630e-01 7.825019359589e-01 5.819457173347e-01 4.566614031792e-01 4.597614407539e-01 3.392007052898e-01 3.233215808868e-01 3.902194499969e-01 6.703882813454e-01 9.255618453026e-01 1.388930439949e+00 1.554797172546e+00 1.227888822556e+00 7.196381092072e-01 3.329606652260e-01 2.976266443729e-01 3.578850626945e-01 4.868086576462e-01 2.059116601944e+00 1.079333782196e+00 5.503125786781e-01
3.206422924995e-01 6.270329952240e-01 7.466441988945e-01 7.968565225601e-01 8.077329397202e-01 7.903617024422e-01 7.668693065643e-01 7.054331302643e-01 6.185985207558e-01 5.185769200325e-01 4.096595644951e-01 3.925848305225e-01 4.864043295383e-01 5.582373142242e-01 5.671645402908e-01 7.321547865868e-01 8.205635547638e-01 6.202948093414e-01 7.948977351189e-01 9.585047364235e-01 9.237467646599e-01 7.585784196854e-01 4.585779011250e-01 5.727837085724e-01 7.816646099091e-01 5.665411949158e-01 4.169016480446e-01 4.139550328255e-01 3.755597472191e-01 3.315491378307e-01 4.137402474880e-01 7.007217407227e-01 8.996201157570e-01 1.281466126442e+00 1.412574887276e+00 1.144592404366e+00 7.041765451431e-01 3.586227595806e-01 3.633994162083e-01 4.858366847038e-01 7.081035971642e-01 2.146663904190e+00 9.661609530449e-01
