VariationalSeries/SI/f39.grd
DSAA
101	101
32.816463539100	34.260883539100
35.556306596100	36.727886596100
2.284747082740e-03	3.904677963257e+01
[rows 38 to 56 of 101, columns 0 to 42 of 101]
1.989205479622e-01 3.945590555668e-01 5.062448382378e-01 5.882315635681e-01 6.653833389282e-01 7.334804534912e-01 7.829955816269e-01 8.016787171364e-01 7.740741968155e-01 7.453948855400e-01 6.797400712967e-01 5.827188491821e-01 4.736713767052e-01 3.664160072803e-01 3.900126814842e-01 4.406576752663e-01 6.557446718216e-01 6.935001015663e-01 6.001902222633e-01 9.062460064888e-01 1.101507544518e+00 1.133324027061e+00 8.724962472916e-01 5.732424259186e-01 4.459133744240e-01 5.513152480125e-01 5.119145512581e-01 5.410081148148e-01 4.918198883533e-01 4.489710927010e-01 4.111298322678e-01 3.848394453526e-01 6.432861685753e-01 8.221899867058e-01 1.091578364372e+00 1.306099653244e+00 1.174150466919e+00 8.673784732819e-01 5.198325514793e-01 5.470199584961e-01 6.561601161957e-01 6.402461528778e-01 2.050662517548e+00
1.105996891856e-01 2.147536426783e-01 2.792749106884e-01 3.339695036411e-01 3.989412188530e-01 4.742811024189e-01 5.597965717316e-01 6.465272307396e-01 7.211342453957e-01 7.724983692169e-01 7.827121615410e-01 7.470328807831e-01 6.827208399773e-01 6.106189489365e-01 5.176903009415e-01 4.143966138363e-01 4.303929805756e-01 6.572898030281e-01 6.870158314705e-01 9.755006432533e-01 1.119367361069e+00 1.000160932541e+00 8.398545384407e-01 7.379853129387e-01 5.632070302963e-01 4.875044226646e-01 4.352369904518e-01 4.614104330540e-01 4.532112181187e-01 5.430586934090e-01 5.627266168594e-01 8.437251448631e-01 6.695771217346e-01 4.937699735165e-01 6.890764236450e-01 8.527988195419e-01 1.164321541786e+00 1.210211873055e+00 1.112602710724e+00 1.116292953491e+00 8.323301672935e-01 4.863824248314e-01 6.967818140984e-01
7.716137170792e-02 1.448380053043e-01 1.630083322525e-01 1.850049793720e-01 2.161463946104e-01 2.594695985317e-01 3.125353157520e-01 3.742895722389e-01 4.465585649014e-01 5.301555991173e-01 6.216605901718e-01 7.030717134476e-01 7.558494806290e-01 7.599137425423e-01 7.129889726639e-01 6.136605143547e-01 5.310603976250e-01 4.489651024342e-01 6.855958700180e-01 1.255614638329e+00 1.490821719170e+00 1.299156069756e+00 8.573709130287e-01 6.116409301758e-01 4.651885926723e-01 5.671871304512e-01 6.847975254059e-01 5.357199907303e-01 4.034516513348e-01 4.900814294815e-01 4.368141591549e-01 9.597646594048e-01 1.334080219269e+00 1.028233766556e+00 5.344049334526e-01 6.895210742950e-01 1.146693587303e+00 1.521367192268e+00 1.538987159729e+00 1.480636000633e+00 1.573694705963e+00 1.561542272568e+00 1.050126314163e+00
7.184131443501e-02 1.404978781939e-01 1.677667051554e-01 1.812047064304e-01 1.930192708969e-01 2.015677839518e-01 2.069338411093e-01 2.094344496727e-01 2.275322824717e-01 2.734274566174e-01 3.384708762169e-01 4.182074666023e-01 5.110148191452e-01 6.075164675713e-01 6.915029883385e-01 7.435827255249e-01 7.692145109177e-01 7.285186052322e-01 8.063386082649e-01 7.046774029732e-01 7.822828292847e-01 9.326507449150e-01 1.023383378983e+00 9.936617612839e-01 9.032589197159e-01 7.650411128998e-01 6.431888937950e-01 7.692599296570e-01 9.189182519913e-01 7.033004760742e-01 5.441864132881e-01 5.573268532753e-01 8.960108757019e-01 1.352003335953e+00 1.302338957787e+00 7.315402030945e-01 6.576887965202e-01 7.015573382378e-01 8.453468084335e-01 1.174481630325e+00 1.170153379440e+00 8.247584700584e-01 1.430763363838e+00
1.176980808377e-01 2.254129201174e-01 2.508422136307e-01 2.585970461369e-01 2.647780776024e-01 2.711810469627e-01 2.741884589195e-01 2.723692953587e-01 2.658875882626e-01 2.528882622719e-01 2.496073842049e-01 2.547729611397e-01 2.577515840530e-01 3.218424022198e-01 4.096722304821e-01 5.095501542091e-01 6.085044145584e-01 7.067880630493e-01 9.938818812370e-01 1.103122234344e+00 6.933645606041e-01 5.728974938393e-01 6.588923931122e-01 6.947662234306e-01 7.757138609886e-01 8.708234429359e-01 9.472917914391e-01 9.906401634216e-01 9.938203692436e-01 1.005268573761e+00 9.788607954979e-01 8.781590461731e-01 7.305962443352e-01 7.424583435059e-01 9.876573085785e-01 1.420195221901e+00 1.226877689362e+00 8.498961925507e-01 8.306422829628e-01 8.303908705711e-01 1.109250903130e+00 1.331233143806e+00 1.153282880783e+00
1.056915298104e-01 2.051738947630e-01 1.534964591265e-01 1.489868462086e-01 1.641524136066e-01 1.810773015022e-01 2.003261893988e-01 2.234347462654e-01 2.488773018122e-01 2.750837802887e-01 2.999418079853e-01 3.207452297211e-01 3.308434486389e-01 3.287527561188e-01 3.124805092812e-01 2.848947644234e-01 3.112650215626e-01 4.061182439327e-01 5.484930872917e-01 1.167068958282e+00 1.147569417953e+00 7.053202390671e-01 6.426821351051e-01 6.272631287575e-01 6.845330595970e-01 6.575711369514e-01 6.244289875031e-01 6.199600696564e-01 6.513534188271e-01 7.166617512703e-01 8.225050568581e-01 8.944540619850e-01 8.281659483910e-01 8.301602005959e-01 9.089797735214e-01 9.991147518158e-01 1.155553936958e+00 1.663439393044e+00 1.284147500992e+00 1.124085068703e+00 1.130722522736e+00 1.165216922760e+00 1.266373276711e+00
1.344913393259e-01 6.790563464165e-01 2.732584774494e-01 5.364512205124e-01 1.425543874502e-01 1.349267661572e-01 1.837662607431e-01 1.609992235899e-01 1.894392818213e-01 2.197824865580e-01 2.480817586184e-01 2.663675248623e-01 2.738762497902e-01 2.790467441082e-01 2.878520786762e-01 3.007014691830e-01 3.160050213337e-01 3.308337330818e-01 7.741284966469e-01 1.467121720314e+00 1.046222448349e+00 5.413859486580e-01 6.300970315933e-01 6.651604771614e-01 6.494437456131e-01 6.031809449196e-01 6.681537032127e-01 7.508365511894e-01 8.193103075027e-01 8.511046767235e-01 7.937692999840e-01 7.054676413536e-01 8.325625061989e-01 1.015395402908e+00 1.093862652779e+00 1.148558139801e+00 1.150042772293e+00 1.094501614571e+00 1.475304365158e+00 2.059088706970e+00 1.547649264336e+00 1.208377718925e+00 1.385762214661e+00
1.429811865091e-01 1.286090612411e-01 1.853827089071e-01 2.185875028372e-01 2.289015203714e-01 3.008098304272e-01 3.048226833344e-01 2.698857784271e-01 2.314752936363e-01 2.001377493143e-01 2.414234578609e-01 2.754127681255e-01 2.972917556763e-01 3.068895339966e-01 3.073413670063e-01 3.027497529984e-01 3.015579283237e-01 3.153732120991e-01 6.491306781769e+00 5.778668880463e+00 2.992338836193e-01 2.688011825085e-01 3.169617652893e-01 3.773655891418e-01 4.312843382359e-01 4.822297394276e-01 5.388519763947e-01 6.003729701042e-01 6.539118885994e-01 6.746801733971e-01 9.101142883301e-01 1.162867069244e+00 1.329065084457e+00 1.345204472542e+00 1.196008443832e+00 1.119880557060e+00 9.506471753120e-01 1.201671481133e+00 1.370858311653e+00 1.663783550262e+00 1.901392936707e+00 2.396215915680e+00 1.876613259315e+00
1.300572872162e+00 2.867989540100e+00 2.265723943710e-01 2.570847868919e-01 2.705957293510e-01 2.648073434830e-01 2.418959289789e-01 2.146774679422e-01 1.888659298420e-01 1.650099754333e-01 1.500059962273e-01 1.274916976690e-01 1.016060337424e-01 7.667654752731e-02 8.229642361403e-02 4.438875019550e-01 8.704599142075e-01 9.741572141647e-01 2.373132705688e+00 2.645813226700e+00 2.006679177284e-01 2.061083912849e-01 3.405869901180e-01 2.241834402084e-01 2.253725379705e-01 2.412890046835e-01 2.562818229198e-01 3.748115599155e-01 3.753080964088e-01 4.987154603004e-01 6.425170302391e-01 7.548776865005e-01 7.810742259026e-01 1.023965358734e+00 1.357657551765e+00 1.630658149719e+00 1.803420186043e+00 1.940994977951e+00 2.025740385056e+00 2.008296728134e+00 1.807758212090e+00 2.522270202637e+00 2.861277580261e+00
3.576284050941e-01 5.994927287102e-01 4.650743305683e-02 5.645209178329e-02 6.365132331848e-02 3.502939939499e-01 7.990453243256e-01 6.554214358330e-01 3.577772974968e-01 1.118924617767e-01 9.524149447680e-02 1.079596206546e-01 1.074738204479e-01 9.233108162880e-02 4.752930402756e-01 5.393779277802e-01 2.887194156647e-01 3.920445740223e-01 7.716277837753e-01 1.092566370964e+00 2.184246063232e+00 2.126170545816e-01 2.794512212276e-01 5.486345291138e-01 4.287163913250e-01 3.532975912094e-01 2.156723588705e-01 2.018200010061e-01 3.501068949699e-01 4.090481698513e-01 5.210086107254e-01 4.322935342789e-01 7.311342358589e-01 7.816711664200e-01 6.915855407715e-01 7.030900120735e-01 1.238807559013e+00 1.730846643448e+00 1.625897288322e+00 1.182036995888e+00 1.407958149910e+00 1.997718572617e+00 2.701928853989e+00
1.918751299381e-01 3.371253609657e-01 2.963580191135e-02 2.800360321999e-02 1.795887202024e-01 6.919174790382e-01 1.348525881767e+00 1.066039443016e+00 3.924261331558e-01 3.501760959625e-02 3.331065922976e-02 3.119087964296e-02 3.398919850588e-02 3.828117623925e-02 3.994620144367e-01 3.509231507778e-01 4.116487801075e-01 7.841123938560e-01 1.351249694824e+00 3.269135355949e-01 8.279411196709e-01 5.840370655060e+00 3.664764165878e-01 8.007831573486e-01 1.975318551064e+00 1.015018343925e+00 6.359424591064e-01 5.743188261986e-01 6.017788052559e-01 6.572934389114e-01 6.215175390244e-01 9.501001238823e-01 5.301352739334e-01 6.273904442787e-01 9.904120564461e-01 1.737183570862e+00 8.585250377655e-01 5.591713190079e-01 1.205157637596e+00 1.719245672226e+00 1.995661616325e+00 2.162552833557e+00 2.193035602570e+00
1.568947732449e-01 2.256252467632e-01 2.963961847126e-02 2.339342609048e-02 2.472472749650e-02 4.017859101295e-01 8.304433822632e-01 5.110611319542e-01 3.522846400738e-01 7.381021231413e-02 2.654273994267e-02 1.232390701771e-01 1.620726734400e-01 1.408439129591e-01 1.861250549555e-01 3.097395300865e-01 5.164907574654e-01 8.920235037804e-01 1.482656359673e+00 1.313533306122e+00 1.139887332916e+00 9.960477948189e-01 2.227384448051e-01 4.875885546207e-01 1.874863505363e+00 6.891834735870e-01 1.918875813484e+00 1.469549536705e+00 3.432540595531e-01 8.073280453682e-01 2.808777093887e+00 3.879621505737e+00 4.072226047516e+00 9.077606797218e-01 1.398044586182e+00 1.316466808319e+00 1.208339691162e+00 7.833122014999e-01 6.280657649040e-01 1.060886025429e+00 2.865634679794e+00 1.656748652458e+00 1.306275129318e+00
4.648828506470e-02 1.390761584044e-01 8.006372302771e-02 4.761349037290e-02 3.429390862584e-02 2.840687893331e-02 7.963304966688e-02 8.519455790520e-02 9.507922828197e-02 9.339149296284e-02 6.893245130777e-02 1.318145096302e-01 1.573205888271e-01 2.248338758945e-01 2.744448184967e-01 2.502914071083e-01 4.299471378326e-01 8.566529750824e-01 1.235363364220e+00 8.079890012741e-01 7.759546637535e-01 5.583478808403e-01 3.867854475975e-01 5.605953335762e-01 1.287574172020e+00 1.853396415710e+00 1.541004419327e+00 1.081954598427e+00 1.227041363716e+00 5.220172405243e-01 2.947934567928e-01 3.033746778965e-01 3.732010424137e-01 4.821946620941e-01 1.460670828819e+00 1.715640830994e+01 6.243703365326e+00 3.110536336899e+00 1.822262406349e+00 4.317165374756e+00 2.074991226196e+00 2.496185064316e+00 3.741929769516e+00
4.585186764598e-02 7.494810968637e-02 8.934633433819e-02 4.842045530677e-02 3.414958715439e-02 3.169180080295e-02 7.348077744246e-02 7.523933053017e-02 7.336566597223e-02 6.810011714697e-02 8.394738286734e-02 1.020594909787e-01 1.213893219829e-01 2.791104018688e-01 3.134443163872e-01 3.326863646507e-01 4.911179542542e-01 7.328242063522e-01 1.002440929413e+00 9.142367243767e-01 4.774079322815e-01 3.237223029137e-01 3.443634510040e-01 3.185149431229e-01 5.742763280869e-01 5.563577175140e+00 1.559824466705e+00 2.785788297653e+00 1.201108098030e+00 2.874524891376e-01 1.688013821840e-01 1.423192620277e-01 1.593938469887e-01 1.843514144421e-01 2.190523147583e-01 1.177761197090e+00 1.010366821289e+01 2.029383659363e+00 8.229511976242e-01 1.838654160500e+00 1.435427665710e+00 1.417343974113e+00 2.244810104370e+00
3.484999388456e-02 6.250029057264e-02 8.441580086946e-02 9.745338559151e-02 1.015952154994e-01 9.392802417278e-02 8.370297402143e-02 7.524168491364e-02 7.297062128782e-02 7.328173518181e-02 8.711007237434e-02 1.009944751859e-01 1.152381226420e-01 1.320191919804e-01 2.760618031025e-01 2.710574269295e-01 3.924665749073e-01 4.902744889259e-01 5.878549218178e-01 4.249256551266e-01 3.103776276112e-01 2.157417684793e-01 1.702032238245e-01 1.860221475363e-01 2.485982477665e-01 1.394350767136e+00 1.432762265205e+00 4.435442388058e-01 2.654309570789e-01 1.819770932198e-01 1.244925931096e-01 1.293571591377e-01 1.181547492743e-01 1.639319509268e-01 2.038532495499e-01 5.397403240204e-01 1.928428769112e+00 9.934405684471e-01 5.737912058830e-01 1.827323138714e-01 1.124626994133e+00 8.742882013321e-01 6.839537620544e-01
5.555813759565e-02 9.351886808872e-02 1.193810999393e-01 1.342039108276e-01 1.380063146353e-01 1.321123987436e-01 1.242041662335e-01 1.119440272450e-01 9.686957299709e-02 8.215957880020e-02 9.448310732841e-02 1.073062866926e-01 1.197946891189e-01 1.320908367634e-01 2.603962719440e-01 2.409222126007e-01 3.228350877762e-01 2.678435444832e-01 3.356443941593e-01 3.101325929165e-01 2.130580246449e-01 1.563683003187e-01 1.339869648218e-01 1.155099123716e-01 1.608967334032e-01 1.239267945290e+00 9.340720176697e-01 3.294680714607e-01 2.503968775272e-01 2.138524353504e-01 1.510170996189e-01 1.052380651236e-01 1.202095225453e-01 8.574925363064e-02 1.367942094803e-01 2.114671021700e-01 1.393983960152e-01 3.506491482258e-01 2.461734056473e+00 3.605580568314e+00 2.086261749268e+00 7.072305679321e-01 4.569085538387e-01
2.780385315418e-02 5.901274457574e-02 7.349994778633e-02 8.064009249210e-02 7.831108570099e-02 7.453846931458e-02 7.194637507200e-02 6.780350953341e-02 8.009599894285e-02 9.233268350363e-02 1.061455458403e-01 1.195096969604e-01 1.317435055971e-01 1.382537931204e-01 2.327616959810e-01 2.382900118828e-01 2.315318584442e-01 2.141660600901e-01 3.142971396446e-01 2.137150168419e-01 1.679404824972e-01 2.312586158514e-01 1.119298711419e-01 7.616069912910e-02 1.302808523178e-01 4.552488327026e-01 3.025182485580e-01 2.611843645573e-01 2.426654547453e-01 2.106986939907e-01 1.382547765970e-01 8.476987481117e-02 1.147254034877e-01 8.914300054312e-02 1.103383973241e-01 2.050149887800e-01 1.489285528660e-01 3.991894423962e-01 1.787079691887e+00 1.087350130081e+00 6.556081771851e-01 5.288174748421e-01 6.196177005768e-01
2.568862773478e-02 3.927213698626e-02 4.936968907714e-02 5.401787906885e-02 5.390396341681e-02 5.134266614914e-02 5.827755108476e-02 7.196933776140e-02 8.467529714108e-02 9.943194687366e-02 1.141960844398e-01 1.273106634617e-01 1.387572139502e-01 1.415209025145e-01 2.314111739397e-01 2.345947325230e-01 1.163458898664e-01 1.406163126230e-01 1.461689472198e-01 3.205549120903e-01 1.779813021421e-01 1.965086907148e-01 1.344590038061e-01 1.264935284853e-01 1.850030422211e-01 2.077725231647e-01 1.099718332291e+00 2.054315507412e-01 1.953691840172e-01 1.746722310781e-01 9.649325162172e-02 7.598634809256e-02 8.649002760649e-02 1.302696168423e-01 1.180381402373e-01 1.823807358742e-01 2.917584180832e-01 3.601483702660e-01 5.414205193520e-01 8.036936521530e-01 5.041313171387e-01 5.701763629913e-01 8.834187388420e-01
2.205217815936e-02 4.017202928662e-02 4.954977706075e-02 5.517500266433e-02 8.699493110180e-02 5.201736465096e-02 5.607946589589e-02 6.983982026577e-02 8.467956632376e-02 1.010216400027e-01 1.148632913828e-01 1.269701719284e-01 1.358238607645e-01 1.344034969807e-01 2.155366092920e-01 2.179678082466e-01 1.277571022511e-01 1.279365420341e-01 1.080940216780e-01 3.245333731174e-01 1.632223129272e-01 2.085202634335e-01 1.358276605606e-01 1.392526626587e-01 1.651186645031e-01 2.929105460644e-01 4.772796630859e-01 2.102091014385e-01 1.821345388889e-01 1.341173648834e-01 7.779002934694e-02 7.927185297012e-02 6.932481378317e-02 1.040981709957e-01 1.268901675940e-01 1.754818260670e-01 1.990896910429e-01 2.421554774046e-01 2.975319325924e-01 3.255600929260e-01 4.313943684101e-01 6.629090905190e-01 1.104330778122e+00
