VariationalSeries/SI/f39.grd
DSAA
101	101
32.816463539100	34.260883539100
35.556306596100	36.727886596100
2.284747082740e-03	3.904677963257e+01
[rows 19 to 37 of 101, columns 43 to 85 of 101]
9.819582104683e-02 1.134365648031e-01 1.447386592627e-01 1.442984640598e-01 1.481576710939e-01 1.728814840317e-01 1.242544949055e-01 1.198033839464e-01 1.234194338322e-01 2.871966362000e-01 3.590653240681e-01 2.428110837936e-01 4.763607680798e-01 1.911779046059e-01 3.325283527374e-01 4.176388382912e-01 1.772554814816e-01 1.816904991865e-01 1.912334859371e-01 1.943780034781e-01 2.432304471731e-01 2.755483984947e-01 2.099699079990e-01 1.811082065105e-01 1.149010732770e-01 5.882104486227e-02 6.903260946274e-02 6.749008595943e-02 5.852977558970e-02 4.369654133916e-02 4.344070702791e-02 6.611929833889e-02 7.459753751755e-02 5.773892253637e-02 4.308202862740e-02 5.573771521449e-02 1.007441207767e-01 1.749448925257e-01 1.521799117327e-01 7.577333599329e-02 4.099930822849e-02 3.369629010558e-02 2.665701135993e-02
9.612174332142e-02 1.521397531033e-01 1.989088505507e-01 1.826524585485e-01 1.644683182240e-01 1.866859942675e-01 1.395870447159e-01 1.307484060526e-01 1.418404728174e-01 2.774925529957e-01 3.924888670444e-01 2.630257010460e-01 4.987397789955e-01 2.254633307457e-01 3.304309844971e-01 4.059234559536e-01 1.744932681322e-01 1.786004602909e-01 2.107580155134e-01 2.193977385759e-01 2.492209970951e-01 2.367408126593e-01 1.636121571064e-01 1.105598285794e-01 6.249346584082e-02 7.039943337440e-02 6.516466289759e-02 5.551851168275e-02 4.206604883075e-02 4.010784626007e-02 6.699199974537e-02 8.732086420059e-02 7.788634300232e-02 4.765960574150e-02 4.853374138474e-02 6.039548292756e-02 1.450385600328e-01 2.045241296291e-01 1.378248482943e-01 5.617905408144e-02 3.767546638846e-02 2.974886260927e-02 2.049054950476e-02
9.798818081617e-02 2.016678005457e-01 2.674406766891e-01 2.494166195393e-01 2.262433767319e-01 1.997361034155e-01 1.554954499006e-01 1.423081010580e-01 1.632142961025e-01 2.639923989773e-01 4.249264597893e-01 2.763808667660e-01 5.011084675789e-01 2.617689371109e-01 3.096083104610e-01 3.887133002281e-01 1.863845884800e-01 1.960833072662e-01 2.266532629728e-01 2.369977533817e-01 2.550954520702e-01 2.670539617538e-01 1.167687252164e-01 6.668683886528e-02 7.274558395147e-02 6.524850428104e-02 5.231922864914e-02 3.858469054103e-02 3.855431824923e-02 6.689512729645e-02 9.350986033678e-02 9.047394245863e-02 6.102509796619e-02 4.753084853292e-02 5.393423140049e-02 8.794749528170e-02 1.980513185263e-01 2.103116810322e-01 1.068840399384e-01 4.356954619288e-02 3.410623967648e-02 2.396177873015e-02 1.642062328756e-02
1.159474030137e-01 2.422887384892e-01 3.242294490337e-01 3.148059248924e-01 2.985123693943e-01 2.598972618580e-01 2.081029266119e-01 1.635907441378e-01 1.937921792269e-01 2.445974946022e-01 4.579396843910e-01 2.912681102753e-01 4.922171235085e-01 2.955661714077e-01 3.111556768417e-01 3.562541604042e-01 2.019625157118e-01 2.149790823460e-01 2.363321483135e-01 2.379739284515e-01 2.832968533039e-01 2.934742569923e-01 1.240271851420e-01 7.618346810341e-02 6.621034443378e-02 5.486195906997e-02 3.943743929267e-02 4.410970583558e-02 7.063286006451e-02 9.927262365818e-02 9.737291932106e-02 6.751993298531e-02 4.817629605532e-02 5.071067065001e-02 6.191762536764e-02 1.420635133982e-01 2.444723695517e-01 1.845788955688e-01 7.301124930382e-02 3.943652287126e-02 2.871116809547e-02 2.003442496061e-02 1.807826757431e-02
1.321684271097e-01 2.641025483608e-01 3.509133458138e-01 3.539753556252e-01 3.528929054737e-01 3.225063383579e-01 2.704111933708e-01 2.200971543789e-01 2.363854646683e-01 2.192753106356e-01 4.772048294544e-01 3.091173171997e-01 4.527001678944e-01 3.299674987793e-01 3.351821005344e-01 3.108249008656e-01 2.165305465460e-01 2.323106080294e-01 2.375240921974e-01 2.292530834675e-01 3.097577691078e-01 3.182330727577e-01 1.308260709047e-01 6.757206469774e-02 5.481640994549e-02 4.296603426337e-02 4.950594529510e-02 7.557465881109e-02 1.079399064183e-01 1.046748086810e-01 7.092761993408e-02 4.917576536536e-02 4.782672971487e-02 5.173581466079e-02 8.657593280077e-02 2.113061249256e-01 2.576248347759e-01 1.353745609522e-01 4.613183066249e-02 3.452389687300e-02 2.154362201691e-02 1.890179887414e-02 1.918847672641e-02
1.475967019796e-01 2.656978964806e-01 3.571039140224e-01 3.709523677826e-01 3.817393183708e-01 3.634895980358e-01 3.190088570118e-01 2.710652351379e-01 2.916941344738e-01 2.360883951187e-01 4.815451204777e-01 3.640587031841e-01 4.474140107632e-01 3.613940775394e-01 3.477535843849e-01 2.567335665226e-01 2.363995611668e-01 2.457606494427e-01 2.342262119055e-01 2.581869959831e-01 3.358169198036e-01 3.442809283733e-01 1.385959088802e-01 5.579222738743e-02 5.200159549713e-02 5.432620272040e-02 8.234035223722e-02 1.168037801981e-01 1.109440177679e-01 7.421080023050e-02 5.195474997163e-02 4.996079206467e-02 5.149423331022e-02 6.777618080378e-02 1.486645042896e-01 2.740584313869e-01 2.225639522076e-01 8.335819095373e-02 4.634980112314e-02 2.744252607226e-02 1.544955093414e-02 1.756210438907e-02 3.141842037439e-02
1.752587258816e-01 2.410183548927e-01 3.304291963577e-01 3.587763011456e-01 3.880053162575e-01 3.870018124580e-01 3.533483445644e-01 3.094792664051e-01 3.575907647610e-01 2.798048257828e-01 4.752390384674e-01 4.225766062737e-01 4.931489229202e-01 3.885291814804e-01 3.406693041325e-01 2.534864246845e-01 2.575292289257e-01 2.463606148958e-01 2.309412509203e-01 2.884611785412e-01 3.623606860638e-01 3.691221177578e-01 1.451766490936e-01 6.052308529615e-02 5.756705626845e-02 8.649858087301e-02 1.276653558016e-01 1.193300485611e-01 7.746852934361e-02 5.557205900550e-02 5.445252731442e-02 5.550431087613e-02 5.774793401361e-02 1.072451844811e-01 2.278311997652e-01 2.931401133537e-01 1.533721238375e-01 5.076162144542e-02 4.792944714427e-02 2.680789679289e-02 3.443125635386e-02 5.535118281841e-02 7.773612439632e-02
2.032315731049e-01 1.895396113396e-01 2.645531892776e-01 3.085334002972e-01 3.587583899498e-01 3.799162507057e-01 3.614720404148e-01 3.228247165680e-01 4.446886777878e-01 3.127243816853e-01 4.534010887146e-01 4.531605541706e-01 5.427853465080e-01 4.154110550880e-01 3.122430145741e-01 2.655631303787e-01 2.674225568771e-01 2.343743443489e-01 2.805932760239e-01 2.876925170422e-01 3.903348445892e-01 3.947983682156e-01 1.532715260983e-01 6.076019629836e-02 8.753073215485e-02 1.362972557545e-01 1.311667412519e-01 8.196290582418e-02 6.224916502833e-02 6.161828339100e-02 6.007196009159e-02 6.013463810086e-02 9.200138598680e-02 1.827428042889e-01 2.933754324913e-01 2.429662197828e-01 8.581968396902e-02 4.500569403172e-02 4.818392917514e-02 6.067658960819e-02 8.525308966637e-02 1.050833463669e-01 1.137788966298e-01
2.072594314814e-01 2.193595170975e-01 1.943863779306e-01 2.460160553455e-01 2.964867055416e-01 3.285757601261e-01 3.245598673820e-01 2.997491359711e-01 5.333567857742e-01 3.159437477589e-01 4.214082062244e-01 4.628460407257e-01 5.855413079262e-01 4.350662827492e-01 3.504957258701e-01 2.852484881878e-01 2.646406590939e-01 2.102567404509e-01 3.083450496197e-01 2.530587017536e-01 4.129039943218e-01 4.158097505569e-01 1.649165004492e-01 8.410765230656e-02 1.426334381104e-01 1.452958136797e-01 9.086777269840e-02 7.063908874989e-02 6.941331177950e-02 6.714242696762e-02 6.381460279226e-02 9.176535159349e-02 1.625198870897e-01 2.657604217529e-01 2.906870543957e-01 1.507413685322e-01 5.673711374402e-02 6.714963167906e-02 9.636300802231e-02 1.174616292119e-01 1.240179762244e-01 1.176152676344e-01 9.872129559517e-02
2.513031363487e-01 2.225017100573e-01 2.216616868973e-01 2.452632337809e-01 2.526847720146e-01 2.775159478188e-01 3.134829998016e-01 3.118792474270e-01 5.843669772148e-01 3.060906529427e-01 3.898167014122e-01 4.623295962811e-01 6.296569108963e-01 4.740569293499e-01 4.211177527905e-01 3.353920578957e-01 2.602159678936e-01 2.700152099133e-01 2.988815009594e-01 1.945802271366e-01 4.290520548820e-01 4.141443371773e-01 1.716642975807e-01 1.452748477459e-01 1.607127934694e-01 1.036678701639e-01 8.018244057894e-02 7.953862100840e-02 7.574075460434e-02 7.262152433395e-02 9.912164509296e-02 1.656403839588e-01 2.476491779089e-01 2.893739938736e-01 2.013386934996e-01 7.074134796858e-02 1.068781167269e-01 1.337729543447e-01 1.413102746010e-01 1.280022263527e-01 1.026717573404e-01 7.621140033007e-02 5.368297919631e-02
2.865934073925e-01 1.981102675200e-01 2.259932607412e-01 2.291874885559e-01 2.980930209160e-01 2.811437547207e-01 3.427562415600e-01 3.365760147572e-01 6.135830283165e-01 3.226303756237e-01 3.544510602951e-01 4.577683210373e-01 6.755036711693e-01 4.925236105919e-01 4.683384895325e-01 3.960781395435e-01 3.267886042595e-01 3.094663619995e-01 2.510827481747e-01 2.350356727839e-01 4.293861985207e-01 3.835990726948e-01 1.626839041710e-01 1.712138056755e-01 1.173130646348e-01 9.039321541786e-02 9.074458479881e-02 9.105594456196e-02 8.972717821598e-02 1.106947362423e-01 1.798460632563e-01 2.519498169422e-01 2.709547281265e-01 2.046223878860e-01 1.125997081399e-01 1.505845636129e-01 1.642217934132e-01 1.480657756329e-01 1.144528388977e-01 7.946621626616e-02 5.359959974885e-02 3.661720454693e-02 2.541872859001e-02
2.958339452744e-01 2.111650705338e-01 2.164219021797e-01 2.331507056952e-01 3.381111323833e-01 2.816469073296e-01 3.754300177097e-01 3.984235227108e-01 6.325489878654e-01 3.402200341225e-01 3.141275346279e-01 4.987035691738e-01 7.151172161102e-01 4.621830284595e-01 4.709081053734e-01 4.266068041325e-01 3.769700527191e-01 3.221176564693e-01 2.691143155098e-01 2.833022177219e-01 4.007492661476e-01 3.225744366646e-01 1.807301342487e-01 1.296387612820e-01 9.512065351009e-02 9.958699345589e-02 9.860587120056e-02 1.104972213507e-01 1.249322220683e-01 1.991241723299e-01 2.608665525913e-01 2.589526474476e-01 1.806809753180e-01 1.619141697884e-01 1.875335872173e-01 1.761823892593e-01 1.349778622389e-01 8.862870186567e-02 5.579374358058e-02 3.632273525000e-02 2.909677289426e-02 2.010220289230e-02 1.833793707192e-02
2.928793430328e-01 2.845949828625e-01 2.063344120979e-01 2.628439068794e-01 3.618608415127e-01 2.781111001968e-01 4.048615396023e-01 4.769324660301e-01 6.623495817184e-01 3.576758503914e-01 2.916675806046e-01 5.698385238647e-01 7.517577409744e-01 4.447472095490e-01 4.193362593651e-01 4.158442020416e-01 3.973613381386e-01 3.629914820194e-01 3.190870583057e-01 3.129892349243e-01 3.270280063152e-01 2.264841794968e-01 1.514417678118e-01 1.265240311623e-01 1.090097203851e-01 1.094667166471e-01 1.006964445114e-01 1.477771550417e-01 2.213366180658e-01 2.759848535061e-01 2.440788596869e-01 1.624833047390e-01 2.087823301554e-01 2.071471214294e-01 1.642572730780e-01 1.071070507169e-01 1.273081302643e-01 5.014416575432e-02 4.820086434484e-02 3.527228534222e-02 2.836100570858e-02 2.234796620905e-02 2.012377046049e-02
3.598897755146e-01 3.022082746029e-01 2.232942581177e-01 2.763715982437e-01 3.538495898247e-01 3.389269113541e-01 4.367831051350e-01 5.407679677010e-01 6.748538017273e-01 3.810159564018e-01 3.655603528023e-01 6.528519988060e-01 7.697152495384e-01 4.183172881603e-01 3.358233571053e-01 3.710533082485e-01 3.851472139359e-01 3.741824626923e-01 3.443897068501e-01 2.969162762165e-01 2.430325597525e-01 1.964419782162e-01 1.643227338791e-01 1.416676938534e-01 1.273019760847e-01 1.229061260819e-01 1.796262860298e-01 2.465972006321e-01 2.813843786716e-01 2.305528670549e-01 2.161326557398e-01 2.373902201653e-01 2.012996375561e-01 1.344759762287e-01 7.695125788450e-02 1.221924126148e-01 1.049450412393e-01 8.114545792341e-02 6.981071084738e-02 3.712090104818e-02 3.453384339809e-02 2.677206136286e-02 2.211282774806e-02
4.515312612057e-01 2.928368151188e-01 3.789857327938e-01 2.689258754253e-01 3.115094900131e-01 4.332844614983e-01 4.685230255127e-01 5.928208231926e-01 7.961250543594e-01 4.322016537189e-01 4.738977849483e-01 7.419596314430e-01 7.693452239037e-01 3.769486844540e-01 2.657615840435e-01 3.093973696232e-01 3.392431735992e-01 3.492954671383e-01 3.337391614914e-01 2.970019876957e-01 2.442601919174e-01 1.958928853273e-01 1.647108346224e-01 1.485242098570e-01 1.640353202820e-01 2.206707447767e-01 2.654355764389e-01 2.672038674355e-01 2.181486040354e-01 2.588164508343e-01 2.567468285561e-01 2.013150602579e-01 1.154561042786e-01 8.407341688871e-02 1.110610812902e-01 1.269263178110e-01 7.133747637272e-02 6.131366267800e-02 4.772992059588e-02 4.044602066278e-02 3.840249031782e-02 4.174208268523e-02 5.466606467962e-02
4.357891380787e-01 4.545857012272e-01 4.015960991383e-01 2.507700324059e-01 3.474830091000e-01 5.064638257027e-01 4.931520521641e-01 6.445820927620e-01 9.420891404152e-01 4.666892588139e-01 5.640009641647e-01 8.045122623444e-01 7.351413965225e-01 3.345861136913e-01 3.327301740646e-01 2.475630491972e-01 2.990118563175e-01 3.083558380604e-01 2.950634658337e-01 4.220271408558e-01 4.571843445301e-01 1.844691038132e-01 1.619280576706e-01 2.158431559801e-01 2.580306529999e-01 2.648313343525e-01 2.211304157972e-01 2.736052572727e-01 2.832463085651e-01 2.961850166321e-01 2.019348293543e-01 9.797455370426e-02 7.610516995192e-02 1.178522706032e-01 1.275421828032e-01 7.444886118174e-02 4.219114035368e-02 5.328659340739e-02 6.644941866398e-02 8.116303384304e-02 9.649302065372e-02 1.077316701412e-01 1.124063804746e-01
4.888422489166e-01 5.758302211761e-01 3.516539037228e-01 4.708752632141e-01 3.836685717106e-01 5.249634981155e-01 5.108985900879e-01 6.750347018242e-01 1.136552929878e+00 5.202339887619e-01 6.388053297997e-01 8.438003659248e-01 6.579650640488e-01 3.099456727505e-01 3.145301938057e-01 3.356114327908e-01 3.563019931316e-01 4.365608096123e-01 8.459016680717e-01 1.291436076164e+00 7.686729431152e-01 2.174171954393e-01 2.614870369434e-01 2.613599002361e-01 2.342270016670e-01 2.971397042274e-01 2.902207374573e-01 3.358944058418e-01 2.681155502796e-01 1.584009677172e-01 1.287510246038e-01 1.028454005718e-01 1.302741616964e-01 1.203294992447e-01 1.153035685420e-01 1.223873794079e-01 1.273464858532e-01 1.291097104549e-01 1.288106739521e-01 1.234766095877e-01 1.128145158291e-01 9.863041341305e-02 8.330696821213e-02
5.107019543648e-01 6.351116895676e-01 5.881251096725e-01 4.760798215866e-01 4.178149104118e-01 4.471006989479e-01 6.139439940453e-01 6.933460831642e-01 1.408359169960e+00 6.040123701096e-01 7.511044740677e-01 8.484896421432e-01 5.370549559593e-01 3.787575364113e-01 2.709807455540e-01 3.592912554741e-01 3.597835004330e-01 9.195969700813e-01 1.515495657921e+00 1.050866127014e+00 3.531500697136e-01 2.654231488705e-01 2.540566623211e-01 3.244230747223e-01 3.172362446785e-01 3.743273019791e-01 3.023852407932e-01 1.863338798285e-01 1.734420955181e-01 1.909170597792e-01 1.879193186760e-01 1.734448969364e-01 1.547884345055e-01 1.372731477022e-01 1.221089139581e-01 1.080575957894e-01 9.509573876858e-02 8.242656290531e-02 6.988056749105e-02 5.832292884588e-02 4.736324772239e-02 3.770402073860e-02 3.714997321367e-02
6.021602153778e-01 8.337699770927e-01 7.105737924576e-01 4.947095215321e-01 5.990630984306e-01 5.266884565353e-01 7.383502721786e-01 7.965972423553e-01 1.696160078049e+00 7.158457636833e-01 8.624960184097e-01 7.811870574951e-01 4.211137294769e-01 3.459752500057e-01 3.929664194584e-01 3.861775994301e-01 1.205521941185e+00 1.417504429817e+00 7.732357978821e-01 2.961923778057e-01 2.547098696232e-01 3.533471226692e-01 3.501462936401e-01 4.264108538628e-01 3.396278917789e-01 2.789305448532e-01 2.636251151562e-01 2.128796279430e-01 1.902341544628e-01 1.730301827192e-01 1.461629718542e-01 1.222850978374e-01 1.076903641224e-01 9.825827926397e-02 8.556198328733e-02 6.974956393242e-02 5.522846803069e-02 4.523697122931e-02 4.417587444186e-02 4.244971275330e-02 3.719487786293e-02 3.583978116512e-02 3.454910963774e-02
