VariationalSeries/SI/f39.grd
DSAA
101	101
32.816463539100	34.260883539100
35.556306596100	36.727886596100
2.284747082740e-03	3.904677963257e+01
[rows 57 to 75 of 101, columns 0 to 42 of 101]
2.308405563235e-02 4.241110384464e-02 4.712089896202e-02 5.219866335392e-02 4.402290657163e-02 4.810132086277e-02 5.128929018974e-02 6.660542637110e-02 8.321899175644e-02 9.895560145378e-02 1.113306283951e-01 1.217525526881e-01 1.267022937536e-01 1.231239736080e-01 2.114337682724e-01 1.987332254648e-01 1.280563771725e-01 1.031501814723e-01 9.238710254431e-02 1.217051744461e-01 1.533998548985e-01 2.603713870049e-01 1.906555742025e-01 1.238405257463e-01 1.186523064971e-01 1.140188425779e-01 1.505029648542e-01 2.856419384480e-01 2.957304120064e-01 1.842224597931e-01 1.463125050068e-01 9.114754945040e-02 7.538944482803e-02 9.427951276302e-02 1.385255306959e-01 1.646797508001e-01 1.582961380482e-01 1.541808396578e-01 2.060104906559e-01 2.631690204144e-01 3.754235208035e-01 6.739102602005e-01 1.124308109283e+00
2.566113509238e-02 5.714053288102e-02 7.495367527008e-02 4.828837513924e-02 4.672573506832e-02 4.591479897499e-02 4.556453600526e-02 6.310840696096e-02 7.975206524134e-02 9.474869817495e-02 1.061005741358e-01 1.202851831913e-01 1.163008287549e-01 1.104439049959e-01 1.187961772084e-01 1.870462894440e-01 1.120818480849e-01 7.608121633530e-02 7.753991335630e-02 1.097173020244e-01 1.697616279125e-01 2.124523818493e-01 1.526515036821e-01 8.828695118427e-02 6.587833166122e-02 8.805275708437e-02 1.415777355433e-01 3.638050258160e-01 3.049568533897e-01 1.887803226709e-01 1.475931107998e-01 1.272890567780e-01 7.609041780233e-02 9.225665032864e-02 1.254532486200e-01 1.341824233532e-01 1.198685839772e-01 1.348750144243e-01 1.633303910494e-01 3.524344265461e-01 4.779060781002e-01 6.874480843544e-01 9.562333226204e-01
2.678340673447e-02 5.221409723163e-02 6.897185742855e-02 5.201208963990e-02 5.057701468468e-02 5.259053781629e-02 7.011058926582e-02 1.036881506443e-01 1.938940882683e-01 2.805060744286e-01 7.912501692772e-02 1.038521453738e-01 1.047834157944e-01 1.018583700061e-01 9.756993502378e-02 1.002368405461e-01 9.064285457134e-02 5.582530051470e-02 6.291820108891e-02 9.836072474718e-02 1.628572791815e-01 1.839357316494e-01 1.315926313400e-01 7.747957110405e-02 1.896768435836e-02 6.164894253016e-02 1.089079752564e-01 2.863519191742e-01 2.536067664623e-01 1.556614935398e-01 1.279553174973e-01 6.949350982904e-02 7.249668240547e-02 7.650683820248e-02 7.178039848804e-02 8.862365782261e-02 1.043749526143e-01 1.240013241768e-01 1.559892296791e-01 3.894979655743e-01 5.038419961929e-01 6.855791807175e-01 7.406619787216e-01
2.750287018716e-02 5.352199822664e-02 6.760166585445e-02 5.607399716973e-02 6.465898454189e-02 8.695628494024e-02 1.285071671009e-01 1.956832855940e-01 2.013988196850e-01 9.516859054565e-02 8.393083512783e-02 8.866995573044e-02 9.117899090052e-02 9.116005152464e-02 8.718335628510e-02 8.717139810324e-02 7.297042757273e-02 4.975807294250e-02 9.299246221781e-02 1.253513544798e-01 1.177319139242e-01 1.307089924812e-01 9.787463396788e-02 2.800140157342e-02 1.510561350733e-02 5.403135716915e-02 7.261832058430e-02 1.252865344286e-01 1.174366027117e-01 6.943750381470e-02 6.694258749485e-02 6.445512920618e-02 7.680396735668e-02 6.857472658157e-02 6.886264681816e-02 7.977451384068e-02 1.020280048251e-01 1.169173195958e-01 1.525508463383e-01 3.838213682175e-01 5.179668068886e-01 6.351077556610e-01 5.394245386124e-01
2.804265171289e-02 5.659050494432e-02 5.877592042089e-02 5.576626956463e-02 5.826246738434e-02 5.575176700950e-02 5.386636778712e-02 4.766025021672e-02 4.604092985392e-02 5.859270691872e-02 6.748235970736e-02 7.195758819580e-02 7.560771703720e-02 7.591166347265e-02 7.208392769098e-02 7.302653789520e-02 6.123738735914e-02 4.630284383893e-02 7.562176138163e-02 1.056262180209e-01 1.223802939057e-01 1.499607134610e-02 9.637803770602e-03 4.140161722898e-02 3.709749877453e-02 3.996026515961e-02 4.765660315752e-02 5.755071714520e-02 6.333491951227e-02 6.406601518393e-02 6.211528927088e-02 5.987092852592e-02 6.101150438190e-02 6.315913796425e-02 7.152363657951e-02 7.606241106987e-02 9.853447228670e-02 1.103476062417e-01 1.764350086451e-01 3.503687083721e-01 4.908911883831e-01 4.911375641823e-01 3.479443192482e-01
2.673386968672e-02 5.412646010518e-02 5.420393869281e-02 5.266087502241e-02 5.287229269743e-02 5.282014980912e-02 4.985526576638e-02 4.408977925777e-02 4.419498890638e-02 4.851124808192e-02 4.618732631207e-02 5.742286145687e-02 6.049391999841e-02 6.090210378170e-02 5.957094952464e-02 5.949247255921e-02 5.245266482234e-02 4.376333206892e-02 6.043947115541e-02 5.427975207567e-02 3.664593398571e-02 3.375335410237e-02 2.255663461983e-02 2.566411718726e-02 3.017567656934e-02 3.187729045749e-02 3.924557194114e-02 4.748257622123e-02 5.364184826612e-02 5.636552348733e-02 5.666369944811e-02 5.646474286914e-02 5.827065184712e-02 6.569180637598e-02 7.673737406731e-02 7.273712009192e-02 7.923422008753e-02 8.855500072241e-02 1.878426820040e-01 3.349408805370e-01 3.770304620266e-01 3.000780940056e-01 2.943675518036e-01
2.309864014387e-02 4.794675484300e-02 4.808493331075e-02 4.707304760814e-02 4.690985754132e-02 4.716289043427e-02 4.411796852946e-02 3.881132602692e-02 3.949735313654e-02 4.371403157711e-02 4.162475466728e-02 4.115125536919e-02 4.922919720411e-02 5.042931437492e-02 5.420669540763e-02 4.972562938929e-02 4.532631859183e-02 4.196142405272e-02 3.929018974304e-02 3.349991887808e-02 3.009322285652e-02 2.811904251575e-02 1.321077905595e-02 6.527173332870e-03 5.610419437289e-02 3.502412140369e-02 3.514855355024e-02 3.733593598008e-02 4.310818016529e-02 4.748673737049e-02 5.041266232729e-02 5.268134549260e-02 5.606462806463e-02 6.920238584280e-02 7.685497403145e-02 7.041608542204e-02 7.333080470562e-02 7.558532804251e-02 1.652933657169e-01 2.579818367958e-01 2.649024724960e-01 1.876088082790e-01 2.566167712212e-01
1.864531077445e-02 4.142731428146e-02 4.273505881429e-02 4.139135032892e-02 4.099861159921e-02 4.141318425536e-02 3.954491019249e-02 3.445130214095e-02 3.507865965366e-02 3.863614425063e-02 3.733285516500e-02 3.668556734920e-02 4.489659518003e-02 4.543034359813e-02 4.704185947776e-02 4.592879861593e-02 4.387710615993e-02 4.200637713075e-02 4.115432500839e-02 3.477307781577e-02 3.214380517602e-02 2.802869305015e-02 1.238399464637e-02 8.753746747971e-03 4.813571646810e-02 2.880517207086e-02 3.743765875697e-02 3.666697815061e-02 3.647072985768e-02 4.035612195730e-02 3.003359213471e-02 4.936534166336e-02 5.376019328833e-02 7.037586718798e-02 7.006207853556e-02 6.841144710779e-02 6.899049878120e-02 7.288877665997e-02 1.424194127321e-01 2.044586241245e-01 1.904329061508e-01 1.346713304520e-01 2.161869704723e-01
1.434353180230e-02 3.647742792964e-02 3.921355679631e-02 3.739469870925e-02 3.746188804507e-02 3.760462999344e-02 3.645471110940e-02 3.166223317385e-02 3.208145126700e-02 3.522225841880e-02 5.036623775959e-02 7.078432291746e-02 4.089231789112e-02 4.296585917473e-02 4.432511702180e-02 4.651371017098e-02 4.591358080506e-02 4.446523264050e-02 4.406263306737e-02 3.735119104385e-02 3.960864990950e-02 3.482200950384e-02 1.613793335855e-02 1.035760063678e-02 1.938125863671e-02 1.021281629801e-02 3.603283315897e-02 3.507542982697e-02 3.420490026474e-02 3.586567193270e-02 4.124638438225e-02 4.644203931093e-02 5.085155740380e-02 7.511593401432e-02 8.232046663761e-02 6.239960342646e-02 5.813565477729e-02 6.745481491089e-02 1.236294060946e-01 1.770991384983e-01 1.740294098854e-01 6.851774454117e-02 1.456054896116e-01
1.075818110257e-02 3.219146281481e-02 3.722797334194e-02 3.546333685517e-02 3.555443510413e-02 3.545631468296e-02 3.503555059433e-02 3.053630329669e-02 3.007183969021e-02 3.656133264303e-02 4.550651833415e-02 6.404735147953e-02 7.933565229177e-02 4.287214949727e-02 4.381335526705e-02 4.826053977013e-02 4.996198415756e-02 4.848520085216e-02 4.721381515265e-02 4.726868495345e-02 4.638853669167e-02 4.422703012824e-02 4.213404282928e-02 2.804994583130e-02 3.302443772554e-02 2.648345753551e-02 3.220529854298e-02 3.110020607710e-02 2.949589118361e-02 3.367095440626e-02 3.885126113892e-02 4.378816857934e-02 1.308506820351e-02 7.060408592224e-02 9.645376354456e-02 5.233617499471e-02 6.034982204437e-02 6.855419278145e-02 1.109035089612e-01 1.630801856518e-01 4.647253826261e-02 3.114241734147e-02 8.123672008514e-02
8.687961846590e-03 2.972507290542e-02 3.694709762931e-02 3.529278188944e-02 3.555433824658e-02 3.545920923352e-02 3.521198779345e-02 3.114230558276e-02 3.438882902265e-02 3.303643688560e-02 3.400655090809e-02 3.237468004227e-02 5.904266238213e-02 4.422000795603e-02 4.427560046315e-02 4.006019979715e-02 5.448797345161e-02 5.347322672606e-02 5.078680440784e-02 5.105216428638e-02 5.247630551457e-02 5.318176001310e-02 5.315354466438e-02 5.097613111138e-02 4.405625909567e-02 3.193245828152e-02 2.997853048146e-02 3.378536924720e-02 3.577283769846e-02 3.446580097079e-02 3.743546083570e-02 4.143645986915e-02 1.373908761889e-02 5.972288176417e-02 1.013944223523e-01 4.929742589593e-02 5.219150707126e-02 5.811119824648e-02 9.732597321272e-02 1.442802846432e-01 4.454827308655e-02 9.187440574169e-02 6.141392886639e-02
7.801867090166e-03 2.872123569250e-02 3.743235021830e-02 3.574352338910e-02 3.612622991204e-02 3.586533665657e-02 3.615358471870e-02 3.194877505302e-02 3.202635422349e-02 3.376799076796e-02 3.548032790422e-02 3.336834907532e-02 3.963565453887e-02 4.610443115234e-02 4.584160447121e-02 4.027047380805e-02 2.877185121179e-02 5.707117170095e-02 5.615024268627e-02 5.612199380994e-02 5.914687365294e-02 6.162382289767e-02 6.269180774689e-02 6.031292676926e-02 5.171109363437e-02 3.706473484635e-02 3.366828709841e-02 3.809634596109e-02 4.078727960587e-02 4.024210572243e-02 3.658322244883e-02 3.968951851130e-02 3.574192523956e-02 4.727330431342e-02 9.817067533731e-02 5.859687924385e-02 3.966249525547e-02 4.562437906861e-02 8.623695373535e-02 1.256956756115e-01 1.342161893845e-01 1.165734604001e-01 5.764793604612e-02
7.898244075477e-03 2.940025553107e-02 3.883865848184e-02 3.699679300189e-02 3.738513588905e-02 3.689644113183e-02 3.730171173811e-02 3.240534663200e-02 3.115225769579e-02 3.510938584805e-02 3.729760646820e-02 3.462211042643e-02 4.151518270373e-02 4.857704415917e-02 4.727035015821e-02 4.166067019105e-02 2.991613186896e-02 2.202950790524e-02 6.337647885084e-02 6.261938810349e-02 6.639304012060e-02 7.006108015776e-02 4.225995391607e-02 6.662713736296e-02 5.716265738010e-02 4.162182286382e-02 3.245412558317e-02 3.806483000517e-02 4.251200705767e-02 4.426848515868e-02 4.159101843834e-02 3.769168257713e-02 2.925265952945e-02 3.664344921708e-02 8.732130378485e-02 6.535810977221e-02 3.788439184427e-02 4.358553513885e-02 7.849700003862e-02 1.097966507077e-01 1.214658543468e-01 8.414324373007e-02 2.120881155133e-02
9.038694202900e-03 3.144741803408e-02 4.038867354393e-02 3.867619484663e-02 3.887876123190e-02 3.822767361999e-02 3.830154240131e-02 3.336066752672e-02 3.244481980801e-02 3.688463941216e-02 3.888427838683e-02 3.631091862917e-02 4.430007562041e-02 5.138538777828e-02 4.603669047356e-02 4.322973266244e-02 4.558417573571e-02 6.701818108559e-02 6.951147317886e-02 6.870865821838e-02 7.179889827967e-02 3.528892621398e-02 4.423533380032e-02 6.864906847477e-02 5.796730518341e-02 4.332621023059e-02 2.926888316870e-02 3.595543280244e-02 4.206575080752e-02 4.626707732677e-02 4.696671292186e-02 4.243504628539e-02 1.263652276248e-02 2.708873152733e-02 7.170505076647e-02 6.885363906622e-02 3.808688744903e-02 4.444529488683e-02 7.349085062742e-02 9.344872087240e-02 8.963380008936e-02 3.570984303951e-02 2.337428927422e-02
1.083126757294e-02 3.428571671247e-02 4.190693050623e-02 4.024038091302e-02 4.029441252351e-02 3.974496573210e-02 3.928845748305e-02 3.367202728987e-02 3.341672196984e-02 3.825176134706e-02 4.007341340184e-02 3.785926103592e-02 4.666444286704e-02 5.318311974406e-02 4.732552543283e-02 4.660184681416e-02 5.446515977383e-02 6.324472278357e-02 7.015907764435e-02 7.169321924448e-02 7.276088744402e-02 7.066438347101e-02 7.355330884457e-02 6.498509645462e-02 5.323487892747e-02 4.026956111193e-02 2.704304270446e-02 3.100383654237e-02 3.817168623209e-02 4.449119046330e-02 4.722214490175e-02 6.570229772478e-03 1.140861585736e-02 2.245166525245e-02 6.073779240251e-02 7.015431672335e-02 4.141052439809e-02 4.748670756817e-02 6.954259425402e-02 7.611683756113e-02 6.342017650604e-02 5.358352139592e-02 4.826914519072e-02
1.242194324732e-02 3.626673296094e-02 4.207214340568e-02 4.060836136341e-02 4.088572412729e-02 4.080211371183e-02 3.960459306836e-02 3.411006927490e-02 3.403615206480e-02 3.922532126307e-02 3.999116644263e-02 3.830616548657e-02 4.738988727331e-02 5.342246964574e-02 4.718307405710e-02 4.428028687835e-02 4.715365171432e-02 5.415654182434e-02 6.316777318716e-02 6.845766305923e-02 6.883198767900e-02 2.234566956758e-02 6.554380804300e-02 5.774770304561e-02 4.639168828726e-02 3.463907912374e-02 2.445916645229e-02 2.417427860200e-02 2.995289862156e-02 3.777746856213e-02 2.584994025528e-02 7.962610572577e-03 5.026736482978e-02 4.435646161437e-02 5.275958776474e-02 7.050667703152e-02 4.445371776819e-02 4.488421976566e-02 6.648607552052e-02 6.232037395239e-02 5.148239061236e-02 5.260366946459e-02 6.607870012522e-02
1.246409211308e-02 3.553478419781e-02 4.021213203669e-02 3.870612010360e-02 3.907080739737e-02 3.965031728148e-02 3.835929185152e-02 3.229780122638e-02 3.261658549309e-02 3.765603527427e-02 3.805322200060e-02 3.645679727197e-02 4.521584510803e-02 5.078556388617e-02 4.498100653291e-02 4.242336004972e-02 3.888950124383e-02 4.366383329034e-02 5.099425092340e-02 5.855745077133e-02 6.112988293171e-02 5.451461300254e-02 5.718637630343e-02 5.156460404396e-02 4.169296100736e-02 3.067749179900e-02 2.336907200515e-02 2.519486472011e-02 2.493857778609e-02 2.828649431467e-02 3.682781755924e-02 4.513907805085e-02 5.588245391846e-02 5.111491680145e-02 5.044340714812e-02 6.851805746555e-02 4.788529500365e-02 6.372497975826e-02 6.432016938925e-02 5.529263988137e-02 5.150656774640e-02 6.200864911079e-02 8.372183889151e-02
1.077294629067e-02 3.232685849071e-02 3.748317062855e-02 3.595056384802e-02 3.595071658492e-02 3.684297204018e-02 3.576625883579e-02 2.980059944093e-02 2.996616065502e-02 3.437791019678e-02 3.497777506709e-02 3.314335271716e-02 4.060410708189e-02 4.648204892874e-02 4.181848093867e-02 3.937865048647e-02 3.082352504134e-02 3.496162593365e-02 3.960620984435e-02 4.162488505244e-02 5.222627148032e-02 5.267240107059e-02 5.085277557373e-02 4.682878404856e-02 3.862632811069e-02 2.885273471475e-02 2.634527534246e-02 2.662976272404e-02 2.549073286355e-02 2.378853037953e-02 2.950321882963e-02 4.282187670469e-02 5.324133858085e-02 5.293409898877e-02 4.603303223848e-02 6.254571676254e-02 6.034735590219e-02 8.171483129263e-02 6.195196136832e-02 5.191174522042e-02 2.596354670823e-02 6.505089253187e-02 8.081967383623e-02
7.870574481785e-03 2.717338502407e-02 3.416730836034e-02 3.271920606494e-02 3.246958181262e-02 3.311416879296e-02 3.291213884950e-02 2.755740843713e-02 2.696313336492e-02 3.014733456075e-02 3.164270147681e-02 2.996576391160e-02 3.574721142650e-02 4.145996272564e-02 3.885114192963e-02 3.561782464385e-02 2.503634616733e-02 2.870443277061e-02 3.366113081574e-02 2.535385638475e-02 2.140155620873e-02 2.230315096676e-02 3.553835302591e-02 4.241039976478e-02 3.516640514135e-02 2.715826034546e-02 2.719917148352e-02 2.444971352816e-02 2.261172235012e-02 2.103023417294e-02 2.128348499537e-02 3.258829191327e-02 4.486988484859e-02 5.005181580782e-02 4.762158542871e-02 5.428628250957e-02 5.334287509322e-02 9.039666503668e-02 6.495818495750e-02 5.062461271882e-02 5.185518041253e-02 5.900574848056e-02 7.272528111935e-02
