VariationalSeries/SI/f40.grd
DSAA
101	101
32.816463539100	34.260883539100
35.556306596100	36.727886596100
8.017056388780e-04	1.316278839111e+02
[rows 19 to 37 of 101, columns 43 to 85 of 101]
1.295734882355e+00 1.597081422806e+00 2.076364755630e+00 2.115718364716e+00 1.371568918228e+00 2.107834339142e+00 1.071917414665e+00 1.117604970932e+00 1.208738327026e+00 1.225922346115e+00 1.118792533875e+00 1.648192644119e+00 1.985276699066e+00 1.964556694031e+00 1.304260134697e+00 1.593197703362e+00 2.101407051086e+00 1.969932794571e+00 1.084184646606e+00 1.748866915703e+00 8.061727881432e-01 1.131455421448e+00 1.519664883614e+00 7.503916621208e-01 7.442282438278e-01 8.767750263214e-01 7.235481142998e-01 9.126080274582e-01 8.468485474586e-01 6.705904006958e-01 7.231291532516e-01 9.978991150856e-01 1.126888871193e+00 8.728427886963e-01 7.765319347382e-01 6.310799717903e-01 4.334579706192e-01 4.770006537437e-01 5.275961756706e-01 4.393860697746e-01 4.099923074245e-01 3.594655394554e-01 3.908113241196e-01
1.171494841576e+00 1.564916610718e+00 2.219369649887e+00 2.559195518494e+00 1.851880908012e+00 1.863836169243e+00 1.102855443954e+00 1.184034705162e+00 1.047376155853e+00 1.311657428741e+00 1.372462630272e+00 1.541360735893e+00 2.124876022339e+00 2.089795827866e+00 1.616024374962e+00 1.732074618340e+00 2.051656007767e+00 2.226054430008e+00 1.279397964478e+00 1.690863609314e+00 9.213536381721e-01 1.714754343033e+00 2.135837078094e+00 9.939444661140e-01 8.683695793152e-01 8.975648880005e-01 8.909133672714e-01 9.438483119011e-01 7.355365157127e-01 7.135632038116e-01 1.007627367973e+00 1.316524744034e+00 1.176032900810e+00 9.334312677383e-01 7.665447592735e-01 6.318620443344e-01 4.536852240562e-01 5.577700734138e-01 4.320631027222e-01 3.688970804214e-01 3.933461010456e-01 3.427504599094e-01 3.570682406425e-01
1.263297677040e+00 1.791375637054e+00 2.049381971359e+00 2.679009437561e+00 2.282292842865e+00 1.595238566399e+00 1.094520211220e+00 1.254504919052e+00 1.002341032028e+00 1.226923108101e+00 1.294066429138e+00 1.473181724548e+00 2.018504381180e+00 2.287157297134e+00 1.948302984238e+00 1.851308465004e+00 1.964981198311e+00 2.432795286179e+00 1.458598971367e+00 1.566466569901e+00 1.035517692566e+00 2.124680519104e+00 2.338886976242e+00 1.117554306984e+00 8.481860160828e-01 1.049619197845e+00 1.005681753159e+00 8.163095116615e-01 6.953620314598e-01 1.002200484276e+00 1.405432105064e+00 1.362974762917e+00 9.207392930984e-01 1.064734578133e+00 7.597197294235e-01 5.816768407822e-01 5.398705005646e-01 5.735926628113e-01 4.785051047802e-01 3.734493255615e-01 3.660908937454e-01 2.695263028145e-01 2.658716142178e-01
1.206810116768e+00 1.688130617142e+00 1.737649440765e+00 2.557265281677e+00 2.525880813599e+00 1.667951822281e+00 1.463420510292e+00 1.328871488571e+00 9.874342083931e-01 1.074268579483e+00 1.243089556694e+00 1.492860317230e+00 1.674365282059e+00 2.396347999573e+00 2.169819355011e+00 1.803352713585e+00 1.816554784775e+00 2.609053134918e+00 1.606421113014e+00 1.403349518776e+00 1.149110794067e+00 2.110094070435e+00 2.038458108902e+00 9.708243012428e-01 9.279255867004e-01 1.095767736435e+00 9.125952124596e-01 7.445202469826e-01 1.054782509804e+00 1.486960649490e+00 1.462217450142e+00 1.015795946121e+00 7.749898433685e-01 1.106195330620e+00 5.461245179176e-01 5.371571779251e-01 6.665891408920e-01 5.106189250946e-01 5.488632917404e-01 3.498539328575e-01 3.902793228626e-01 3.260411620140e-01 2.943167984486e-01
9.817453622818e-01 1.175504207611e+00 1.805925250053e+00 2.264555931091e+00 2.545167684555e+00 1.692457795143e+00 1.820162057877e+00 1.526963710785e+00 1.071498870850e+00 9.166347384453e-01 1.295186758041e+00 1.456733226776e+00 1.720318317413e+00 2.573487281799e+00 2.197141408920e+00 1.701643943787e+00 1.634625196457e+00 2.716849088669e+00 1.713511109352e+00 1.700135827065e+00 1.336717247963e+00 1.734641194344e+00 1.520272016525e+00 9.039381146431e-01 1.140368461609e+00 1.059759974480e+00 7.800408005714e-01 1.125168800354e+00 1.611836194992e+00 1.566650271416e+00 1.063494682312e+00 6.292557716370e-01 8.296496868134e-01 1.037586927414e+00 5.575615763664e-01 5.757442712784e-01 7.025383114815e-01 5.344213247299e-01 6.021941900253e-01 3.651012480259e-01 3.707368671894e-01 3.069925010204e-01 3.122635781765e-01
1.264609694481e+00 1.264429450035e+00 2.039497137070e+00 1.914414167404e+00 2.418844461441e+00 1.889536142349e+00 1.744246363640e+00 1.932165622711e+00 1.678975701332e+00 1.283010125160e+00 1.403793334961e+00 1.375200629234e+00 1.875767946243e+00 2.752539157867e+00 1.973019838333e+00 1.631619095802e+00 1.392718791962e+00 2.778193235397e+00 2.169653415680e+00 1.878085136414e+00 1.581302165985e+00 1.681145906448e+00 1.017276525497e+00 1.099666833878e+00 1.170580506325e+00 7.979393005371e-01 1.221684813499e+00 1.738456606865e+00 1.655121564865e+00 1.109045386314e+00 5.939978957176e-01 4.672098457813e-01 1.109771490097e+00 8.671528100967e-01 5.310543179512e-01 7.470191121101e-01 6.479051709175e-01 5.385510325432e-01 6.397200226784e-01 4.519486725330e-01 3.191727101803e-01 3.040902614594e-01 2.688666880131e-01
1.986199378967e+00 1.227736473083e+00 1.226883053780e+00 2.111840248108e+00 2.228535413742e+00 1.995286345482e+00 1.534754395485e+00 1.767848134041e+00 2.009900093079e+00 1.974111437798e+00 1.682600736618e+00 2.085368156433e+00 2.038841724396e+00 2.860985517502e+00 1.707347869873e+00 1.474623203278e+00 1.951512098312e+00 2.798092365265e+00 2.455740690231e+00 1.800776600838e+00 1.704728007317e+00 1.813519239426e+00 1.142587423325e+00 1.198164343834e+00 9.834222793579e-01 1.278568387032e+00 1.893302798271e+00 1.774142980576e+00 1.154015541077e+00 7.530758976936e-01 1.059325814247e+00 6.511216163635e-01 1.294924974442e+00 7.575449347496e-01 6.206017136574e-01 7.992032170296e-01 7.794495224953e-01 5.485569834709e-01 6.603725552559e-01 4.988515675068e-01 3.002369701862e-01 2.871299982071e-01 3.326954543591e-01
2.655970096588e+00 1.262626171112e+00 1.237267136574e+00 1.946095108986e+00 2.007472038269e+00 2.042581081390e+00 1.661634922028e+00 1.695201754570e+00 1.671245455742e+00 2.164149284363e+00 2.361056804657e+00 2.110561132431e+00 2.201987981796e+00 2.899097442627e+00 1.482044100761e+00 2.284234285355e+00 2.738447666168e+00 2.801932811737e+00 2.386605024338e+00 1.426905632019e+00 1.619543313980e+00 1.661857724190e+00 1.149792194366e+00 9.896514415741e-01 1.288692831993e+00 2.013803482056e+00 1.942947387695e+00 1.216654062271e+00 1.073486685753e+00 1.475309729576e+00 1.339228749275e+00 1.216236710548e+00 1.261467218399e+00 8.475715517998e-01 7.995182871819e-01 6.624203324318e-01 8.500848412514e-01 5.803764462471e-01 6.627220511436e-01 4.957922995090e-01 3.197195529938e-01 3.643265962601e-01 4.697101116180e-01
2.899833679199e+00 1.297070264816e+00 1.496615171432e+00 1.289886236191e+00 2.203364849091e+00 2.064095735550e+00 1.760064244270e+00 1.800991892815e+00 1.707464575768e+00 2.155283689499e+00 2.276279687881e+00 1.983611822128e+00 2.348433732986e+00 2.793771743774e+00 2.487287044525e+00 3.026444435120e+00 2.923960447311e+00 2.722848415375e+00 1.622070789337e+00 1.441518664360e+00 1.667955517769e+00 1.679587483406e+00 1.202780246735e+00 1.233459711075e+00 2.099427700043e+00 2.143955707550e+00 1.343815088272e+00 1.091779708862e+00 1.605195522308e+00 1.332038164139e+00 1.084209918976e+00 1.186028003693e+00 9.778060317039e-01 9.308962821960e-01 7.923448681831e-01 5.531460642815e-01 8.327839970589e-01 6.266383528709e-01 6.497594118118e-01 4.488932788372e-01 3.872991800308e-01 5.210829377174e-01 5.888255834579e-01
2.545647621155e+00 1.896192908287e+00 1.733036875725e+00 1.221682190895e+00 1.600897073746e+00 2.089788913727e+00 2.202298879623e+00 1.914648056030e+00 2.240943193436e+00 3.294195652008e+00 1.874976992607e+00 1.744194507599e+00 2.445417881012e+00 2.571468114853e+00 3.226925373077e+00 3.123879909515e+00 2.702984809875e+00 2.633219003677e+00 1.790464401245e+00 1.936944603920e+00 1.731823444366e+00 1.671453833580e+00 1.126508474350e+00 2.130115270615e+00 2.362497329712e+00 1.527318596840e+00 1.247200369835e+00 1.701907992363e+00 1.506262898445e+00 9.872952699661e-01 1.437831163406e+00 1.244975209236e+00 7.468096017838e-01 8.524239659309e-01 7.098916172981e-01 7.626032829285e-01 7.582352757454e-01 6.884055733681e-01 6.305332183838e-01 5.802862048149e-01 6.462002396584e-01 7.252708077431e-01 6.115269064903e-01
1.718054175377e+00 2.856427669525e+00 1.897615909576e+00 1.501768708229e+00 1.802087903023e+00 2.042142152786e+00 1.953178048134e+00 2.049968004227e+00 2.938830375671e+00 4.076652526855e+00 2.737352848053e+00 1.900559186935e+00 2.463936090469e+00 3.072350978851e+00 3.290096282959e+00 4.564952850342e+00 2.420821905136e+00 2.441153526306e+00 2.001247406006e+00 1.959063768387e+00 1.786611795425e+00 1.652428865433e+00 2.108742475510e+00 2.507436037064e+00 1.721865415573e+00 1.403939366341e+00 1.679980754852e+00 1.684547662735e+00 1.440184235573e+00 1.441804528236e+00 1.526746869087e+00 8.533565402031e-01 8.069500923157e-01 7.284566164017e-01 6.342924237251e-01 5.933098196983e-01 1.029401779175e+00 8.124659657478e-01 7.485393881798e-01 8.617367148399e-01 8.586186766624e-01 6.300483345985e-01 4.233796894550e-01
1.928157091141e+00 3.165210247040e+00 1.962369203568e+00 1.659821152687e+00 2.124922037125e+00 1.956739306450e+00 2.035150289536e+00 2.570103406906e+00 3.388231039047e+00 4.094597816467e+00 3.269053220749e+00 3.245002269745e+00 2.871571540833e+00 3.370128631592e+00 3.994321107864e+00 5.780416488647e+00 2.517121076584e+00 2.725733280182e+00 2.702900171280e+00 2.209748744965e+00 1.749746084213e+00 2.103450775146e+00 2.636563539505e+00 1.895590901375e+00 1.572173237801e+00 1.658923387527e+00 1.605884432793e+00 1.776939034462e+00 1.729169845581e+00 1.735152482986e+00 1.305880665779e+00 7.053295969963e-01 9.650767445564e-01 6.009680628777e-01 6.268169283867e-01 6.407391428947e-01 1.418661832809e+00 9.457459449768e-01 9.925716519356e-01 7.993370294571e-01 4.855738580227e-01 2.845493853092e-01 2.824217379093e-01
3.817998409271e+00 2.502664804459e+00 2.743483304977e+00 1.762582302094e+00 2.587134838104e+00 2.005726814270e+00 2.191745758057e+00 2.970110893250e+00 3.565847396851e+00 3.467279195786e+00 3.356378078461e+00 3.391099452972e+00 3.187198877335e+00 2.585378885269e+00 2.738926649094e+00 3.684458255768e+00 2.057352066040e+00 2.694057703018e+00 2.945184946060e+00 2.457381010056e+00 2.187263011932e+00 2.759011268616e+00 2.065429449081e+00 1.756428003311e+00 1.626358866692e+00 1.490756273270e+00 1.604242324829e+00 1.896697759628e+00 1.903027653694e+00 1.707501649857e+00 1.064309835434e+00 6.751428842545e-01 1.027904629707e+00 8.184844851494e-01 9.872140884399e-01 1.050117611885e+00 1.599511146545e+00 9.363282322884e-01 7.406222224236e-01 5.144824385643e-01 4.609909653664e-01 3.486763536930e-01 3.353411555290e-01
6.195953369141e+00 2.708733320236e+00 3.071247577667e+00 2.239975452423e+00 2.867613554001e+00 2.451979637146e+00 2.409202337265e+00 3.410326957703e+00 3.663568973541e+00 2.881998538971e+00 4.040663719177e+00 4.966350078583e+00 2.755178928375e+00 3.235097885132e+00 1.982034444809e+00 2.298418283463e+00 2.196356296539e+00 2.619869470596e+00 2.531752347946e+00 2.296716213226e+00 2.929064989090e+00 2.229718923569e+00 1.830996274948e+00 1.644182562828e+00 1.768655538559e+00 1.646775245667e+00 1.648694515228e+00 2.057896137238e+00 2.071211338043e+00 1.881015419960e+00 1.294114708900e+00 1.139438986778e+00 1.130924701691e+00 1.028605937958e+00 9.955067038536e-01 1.530204296112e+00 1.315809488297e+00 6.376898884773e-01 6.888303756714e-01 7.039256095886e-01 6.523476243019e-01 5.039067268372e-01 3.621198534966e-01
6.781874656677e+00 7.085673809052e+00 2.929364919662e+00 2.942339897156e+00 3.157990455627e+00 2.967766761780e+00 4.068102836609e+00 3.821361303329e+00 3.613458871841e+00 2.687450170517e+00 4.115241527557e+00 5.534349918365e+00 3.309560775757e+00 3.113115310669e+00 2.526528120041e+00 2.573874473572e+00 2.735724925995e+00 2.586304187775e+00 2.502794027328e+00 3.135534286499e+00 2.442003488541e+00 2.089763641357e+00 1.790393471718e+00 1.402320265770e+00 1.725078105927e+00 1.931885957718e+00 1.778545260429e+00 2.211447000504e+00 2.306667089462e+00 2.058370828629e+00 1.531597971916e+00 1.131284236908e+00 1.006062865257e+00 8.540992140770e-01 1.385861515999e+00 1.586503386497e+00 7.069188952446e-01 7.249019742012e-01 7.555766701698e-01 7.660156488419e-01 7.238205671310e-01 6.048043370247e-01 4.195815622807e-01
3.261424541473e+00 9.545642852783e+00 6.976315498352e+00 2.911518573761e+00 3.327920198441e+00 3.696543455124e+00 3.940767526627e+00 4.012522697449e+00 3.208968639374e+00 2.804543018341e+00 4.692026615143e+00 5.418600559235e+00 4.255295753479e+00 2.878418922424e+00 2.643065929413e+00 2.962629795074e+00 4.586871147156e+00 2.880211591721e+00 3.476910591125e+00 2.679505109787e+00 1.927013516426e+00 1.877866864204e+00 1.587376236916e+00 1.927997827530e+00 1.958197355270e+00 2.244356155396e+00 2.471636772156e+00 1.893131732941e+00 2.246596574783e+00 2.243861198425e+00 1.742927908897e+00 9.270353317261e-01 9.450083971024e-01 1.465818405151e+00 1.588970661163e+00 9.286222457886e-01 6.434134244919e-01 6.494516134262e-01 6.464765667915e-01 6.562299132347e-01 6.538641452789e-01 6.054671406746e-01 4.839899539948e-01
6.000305652618e+00 4.512461662292e+00 1.113091850281e+01 5.184267520905e+00 3.365371704102e+00 4.544661998749e+00 3.417402029037e+00 3.816255331039e+00 5.023732662201e+00 3.904498577118e+00 5.416347503662e+00 4.305432796478e+00 4.533622741699e+00 3.796445369720e+00 3.125375509262e+00 2.922257661819e+00 6.670380592346e+00 4.030644893646e+00 3.243893623352e+00 3.947233438492e+00 2.347766876221e+00 1.914999961853e+00 2.045063734055e+00 2.153126478195e+00 2.074214220047e+00 2.201516866684e+00 3.116033792496e+00 1.893127679825e+00 2.332471609116e+00 2.436239242554e+00 1.975259780884e+00 1.273150444031e+00 1.615185022354e+00 1.494192123413e+00 8.543090820312e-01 7.170957922935e-01 6.773211956024e-01 6.342146992683e-01 5.895204544067e-01 5.488188266754e-01 5.633538961411e-01 5.822463631630e-01 5.289217829704e-01
8.118221282959e+00 1.057660865784e+01 6.385508060455e+00 1.094625473022e+01 4.059638977051e+00 5.502370834351e+00 4.721199035645e+00 5.035587787628e+00 7.050588130951e+00 5.845663547516e+00 6.740695476532e+00 3.868392944336e+00 4.113666534424e+00 4.285692214966e+00 3.838421344757e+00 3.029754400253e+00 7.831583023071e+00 4.442597389221e+00 4.627411842346e+00 3.206777811050e+00 1.740324020386e+00 1.925035476685e+00 2.446380615234e+00 2.218967676163e+00 2.018018722534e+00 1.931022405624e+00 3.038038969040e+00 2.076435089111e+00 2.617183208466e+00 2.581802368164e+00 2.047445297241e+00 1.630985736847e+00 1.222739815712e+00 6.425548791885e-01 6.332198381424e-01 6.639593839645e-01 6.566137671471e-01 7.019121050835e-01 6.892572045326e-01 6.540488600731e-01 7.125982642174e-01 8.281980752945e-01 8.648207783699e-01
1.596047878265e+01 1.059364414215e+01 1.117998313904e+01 9.273254394531e+00 8.436916351318e+00 6.185352325439e+00 6.791031837463e+00 6.001502513885e+00 6.197568416595e+00 6.855526447296e+00 7.926059246063e+00 4.613139629364e+00 4.054053783417e+00 4.352574348450e+00 4.764003753662e+00 4.505889892578e+00 6.041534900665e+00 4.475864887238e+00 4.463628768921e+00 3.563649415970e+00 2.905362844467e+00 3.450614929199e+00 3.474382638931e+00 2.874535799026e+00 2.098830938339e+00 1.793080091476e+00 2.383754491806e+00 2.552201509476e+00 2.705406665802e+00 2.259208679199e+00 1.584706664085e+00 1.009834647179e+00 8.836528062820e-01 9.392942190170e-01 1.110262036324e+00 1.216872692108e+00 1.272394776344e+00 1.266317129135e+00 1.201779723167e+00 1.099475979805e+00 1.000064015388e+00 1.003931164742e+00 8.886576890945e-01
