VariationalSeries/SI/f40.grd
DSAA
101	101
32.816463539100	34.260883539100
35.556306596100	36.727886596100
8.017056388780e-04	1.316278839111e+02
[rows 38 to 56 of 101, columns 43 to 85 of 101]
8.045451164246e+00 1.249468517303e+01 1.335569477081e+01 7.916089057922e+00 1.327796268463e+01 6.514072895050e+00 6.691766738892e+00 8.996899604797e+00 7.710432052612e+00 6.187272548676e+00 9.111707687378e+00 4.725556373596e+00 5.192873954773e+00 4.395567893982e+00 6.827637672424e+00 4.969598293304e+00 5.387831211090e+00 3.061317920685e+00 4.168522357941e+00 6.328722000122e+00 6.450662136078e+00 4.944572448730e+00 3.410701990128e+00 2.701040983200e+00 2.324647903442e+00 2.099025964737e+00 1.948467612267e+00 1.994132041931e+00 1.772705912590e+00 1.330594182014e+00 1.322041153908e+00 1.565238475800e+00 1.789026618004e+00 1.839812397957e+00 1.865949511528e+00 1.869985818863e+00 1.841748952866e+00 1.701294302940e+00 1.511062502861e+00 1.347084999084e+00 1.214139938354e+00 1.218122243881e+00 1.030821323395e+00
8.002258300781e+00 1.657100105286e+01 1.069541358948e+01 1.492860698700e+01 1.074516868591e+01 1.518089294434e+01 1.276726150513e+01 7.898758888245e+00 8.020966529846e+00 6.434686183929e+00 1.034174823761e+01 6.681189537048e+00 4.339139461517e+00 4.984086990356e+00 9.064983367920e+00 5.409846782684e+00 6.184344768524e+00 9.665789604187e+00 8.666718482971e+00 5.874699115753e+00 3.968551635742e+00 2.698254346848e+00 2.460229873657e+00 2.223719835281e+00 2.238672018051e+00 2.139124393463e+00 1.874737977982e+00 1.634908676147e+00 1.474907517433e+00 1.474194526672e+00 1.618620872498e+00 1.520447373390e+00 1.247824311256e+00 1.056038737297e+00 1.020578026772e+00 8.804633021355e-01 9.421861171722e-01 1.035271048546e+00 1.139278888702e+00 1.261247754097e+00 1.365966796875e+00 1.793764948845e+00 1.850202441216e+00
1.178211879730e+01 8.242504119873e+00 1.458735084534e+01 1.155647850037e+01 1.228746891022e+01 1.600106239319e+01 9.745307922363e+00 8.862537384033e+00 6.332256793976e+00 6.574556827545e+00 1.106418704987e+01 5.982725143433e+00 6.143596172333e+00 6.027753353119e+00 7.351049900055e+00 1.187598037720e+01 8.103987693787e+00 4.203436374664e+00 3.925007820129e+00 2.603368043900e+00 1.978587985039e+00 2.850644826889e+00 3.743155241013e+00 3.373015880585e+00 2.429128646851e+00 2.117398977280e+00 2.069704294205e+00 1.908004164696e+00 1.647901892662e+00 1.531928896904e+00 1.440955758095e+00 1.460281133652e+00 1.397077918053e+00 1.298950910568e+00 1.267014026642e+00 1.331768155098e+00 1.313946127892e+00 1.192902326584e+00 1.583906292915e+00 2.159392833710e+00 1.774394869804e+00 1.327277064323e+00 1.148340225220e+00
1.307770633698e+01 1.198353099823e+01 1.901457595825e+01 1.589129924774e+01 1.502216243744e+01 1.655612754822e+01 1.558748245239e+01 8.597488403320e+00 9.693187713623e+00 9.208204269409e+00 1.088798427582e+01 8.499310493469e+00 7.914950370789e+00 1.345426368713e+01 8.674245834351e+00 6.432718753815e+00 5.463331699371e+00 4.424297332764e+00 3.257232189178e+00 5.269200325012e+00 5.674330234528e+00 2.980229854584e+00 4.695126533508e+00 3.566442728043e+00 3.209631204605e+00 2.830351114273e+00 2.499585628510e+00 2.235131978989e+00 2.013258457184e+00 1.939503669739e+00 3.629542589188e+00 1.542149424553e+00 1.465533494949e+00 1.387268185616e+00 1.754803061485e+00 2.190983057022e+00 2.006392240524e+00 2.295484542847e+00 1.951998710632e+00 2.140714168549e+00 2.160153388977e+00 2.112969636917e+00 1.940299987793e+00
1.246975612640e+01 1.725188827515e+01 1.489530658722e+01 1.481383895874e+01 1.373837184906e+01 1.736875152588e+01 2.743863105774e+01 1.183954334259e+01 1.381959819794e+01 1.379534244537e+01 1.256892108917e+01 1.260284709930e+01 1.434812736511e+01 8.215085029602e+00 8.883050918579e+00 5.008344173431e+00 6.779210090637e+00 9.061873435974e+00 7.128191947937e+00 6.815485477448e+00 7.087566375732e+00 4.779911041260e+00 2.959968805313e+00 2.872528076172e+00 2.663615465164e+00 2.496474266052e+00 3.044603824615e+00 5.263645648956e+00 6.317324638367e+00 5.602847099304e+00 2.765013694763e+00 1.999176979065e+00 1.897591590881e+00 2.054700851440e+00 2.584188222885e+00 2.649662971497e+00 2.398472070694e+00 2.146321058273e+00 1.598078131676e+00 1.988615155220e+00 2.376282215118e+00 2.372137308121e+00 2.281797647476e+00
1.477427959442e+01 2.146760368347e+01 3.544595336914e+01 2.170599365234e+01 3.499095916748e+01 1.798394203186e+01 4.297451400757e+01 1.234103488922e+01 2.390195655823e+01 1.722644042969e+01 1.507049083710e+01 1.470750045776e+01 8.345525741577e+00 1.018502330780e+01 1.151068115234e+01 1.124503231049e+01 6.959778785706e+00 4.134832382202e+00 8.878753662109e+00 7.677586555481e+00 4.206834793091e+00 3.841185331345e+00 3.636369705200e+00 6.619335174561e+00 8.138631820679e+00 7.191487312317e+00 4.730701923370e+00 3.406039953232e+00 3.701973915100e+00 2.339310646057e+00 1.875207066536e+00 2.813138961792e+00 3.497276306152e+00 3.137927055359e+00 2.767542362213e+00 3.738224506378e+00 4.428018093109e+00 3.959453105927e+00 2.838964939117e+00 2.071099519730e+00 2.588292360306e+00 2.842900276184e+00 2.998809576035e+00
1.824715042114e+01 2.297122192383e+01 2.707327651978e+01 3.593723678589e+01 3.003684043884e+01 3.045010757446e+01 5.039019012451e+01 1.999816703796e+01 2.324481201172e+01 1.830289268494e+01 1.848132705688e+01 1.067788028717e+01 1.154130363464e+01 1.441005992889e+01 1.124405288696e+01 8.045075416565e+00 1.160338115692e+01 1.077368164062e+01 8.532692909241e+00 1.079650020599e+01 1.092967987061e+01 9.477828025818e+00 6.781538963318e+00 3.705191850662e+00 4.068321228027e+00 3.670174598694e+00 2.915315151215e+00 3.008852005005e+00 3.245026350021e+00 3.487235307693e+00 3.395398855209e+00 2.896886825562e+00 2.782612562180e+00 2.335048437119e+00 4.262399673462e+00 5.208013057709e+00 4.882572174072e+00 3.596353292465e+00 2.178737163544e+00 1.337862730026e+00 1.860107660294e+00 2.134424924850e+00 1.964130282402e+00
1.725676918030e+01 2.534397125244e+01 3.008609771729e+01 2.870521545410e+01 4.269133377075e+01 3.190040397644e+01 5.129899215698e+01 2.829624748230e+01 2.420687675476e+01 2.685148048401e+01 2.055961227417e+01 1.351966094971e+01 1.343315887451e+01 1.436629104614e+01 8.286240577698e+00 1.228360939026e+01 1.584764671326e+01 1.091133594513e+01 6.491333484650e+00 6.426730632782e+00 5.670258045197e+00 4.391788959503e+00 4.232585906982e+00 4.685116291046e+00 4.686423301697e+00 4.139077663422e+00 3.584138870239e+00 3.499391555786e+00 2.914908885956e+00 3.205916881561e+00 3.068828582764e+00 2.798756599426e+00 1.943455338478e+00 3.557722091675e+00 4.243834972382e+00 4.023403167725e+00 2.810182809830e+00 1.514383673668e+00 2.083417892456e+00 1.960171699524e+00 1.467202186584e+00 1.396939396858e+00 1.509988188744e+00
2.557562828064e+01 3.580744171143e+01 3.653942108154e+01 3.984660339355e+01 4.332418060303e+01 5.445140457153e+01 5.133701705933e+01 9.996697235107e+01 3.681465530396e+01 2.332371139526e+01 2.167418670654e+01 1.931795120239e+01 1.643731117249e+01 2.502708816528e+01 2.188875198364e+01 1.276637935638e+01 1.182050228119e+01 1.227120399475e+01 8.983572959900e+00 7.946531772614e+00 7.873103618622e+00 7.488993644714e+00 8.020404815674e+00 5.979567527771e+00 7.691578865051e+00 6.804856777191e+00 4.278512954712e+00 3.895663022995e+00 3.945149421692e+00 3.682250976562e+00 3.143984317780e+00 3.037835121155e+00 3.169364452362e+00 3.647350788116e+00 3.391029834747e+00 2.602316617966e+00 1.986736297607e+00 1.799018025398e+00 1.753588795662e+00 1.734614610672e+00 1.695856332779e+00 1.633724927902e+00 1.572110056877e+00
1.621158027649e+01 4.736656188965e+01 3.271830749512e+01 4.088125991821e+01 6.460892486572e+01 5.178516769409e+01 6.154564285278e+01 7.300061798096e+01 3.596033096313e+01 3.400535202026e+01 4.315627670288e+01 2.750163269043e+01 3.412562561035e+01 2.651575660706e+01 2.220330810547e+01 1.937053108215e+01 1.646872520447e+01 1.425213623047e+01 1.257745456696e+01 1.765820121765e+01 2.064455223083e+01 8.613604545593e+00 5.619524478912e+00 5.681833267212e+00 7.979846477509e+00 5.022012710571e+00 4.340600490570e+00 4.128815174103e+00 3.810188770294e+00 3.625487804413e+00 3.481792688370e+00 3.601682424545e+00 3.811478376389e+00 3.258617639542e+00 2.494091987610e+00 2.327723026276e+00 2.204815387726e+00 1.808452606201e+00 1.789276480675e+00 1.791821122169e+00 1.653435349464e+00 1.694114923477e+00 1.779437065125e+00
4.374448776245e+01 5.116429138184e+01 5.851422500610e+01 6.170283508301e+01 7.144477844238e+01 9.897707366943e+01 1.316278839111e+02 6.087009429932e+01 4.905958557129e+01 3.418734741211e+01 4.864099884033e+01 4.844135665894e+01 1.832542800903e+01 2.927548408508e+01 3.211423873901e+01 1.593078708649e+01 1.472200965881e+01 1.560501861572e+01 1.721430206299e+01 2.027906417847e+01 1.563864994049e+01 6.654237270355e+00 7.536541461945e+00 6.195292949677e+00 5.786867141724e+00 4.951385974884e+00 4.814200878143e+00 4.777442932129e+00 3.969697713852e+00 2.755592584610e+00 2.465357065201e+00 2.701692342758e+00 2.868050336838e+00 2.946856021881e+00 2.890569210052e+00 2.768190622330e+00 2.467868328094e+00 2.530898571014e+00 2.821455001831e+00 2.889383077621e+00 2.587053060532e+00 2.245176076889e+00 1.959298729897e+00
2.924954032898e+01 5.210041046143e+01 5.380185699463e+01 6.821053314209e+01 6.744013214111e+01 6.675323486328e+01 6.551026153564e+01 5.430001068115e+01 3.800669097900e+01 4.340249633789e+01 4.159877777100e+01 4.362820816040e+01 5.280670166016e+01 2.315867805481e+01 1.961841201782e+01 1.218701267242e+01 1.110303688049e+01 7.853672027588e+00 7.234191894531e+00 6.168190479279e+00 5.296237468719e+00 6.000032901764e+00 7.395952701569e+00 8.510568618774e+00 8.710927963257e+00 7.645457267761e+00 6.114562511444e+00 4.235345840454e+00 2.937752485275e+00 2.422189235687e+00 1.969647407532e+00 2.222843885422e+00 2.890987157822e+00 1.935203313828e+00 2.189324617386e+00 2.392039060593e+00 1.911222100258e+00 2.338295936584e+00 2.763822317123e+00 2.928606510162e+00 3.323798418045e+00 4.175674915314e+00 4.740859031677e+00
1.147507572174e+01 1.566835117340e+01 2.471290206909e+01 1.168101882935e+02 6.433335876465e+01 6.137548828125e+01 3.430878829956e+01 3.519398498535e+01 3.254300689697e+01 5.181670761108e+01 4.822772598267e+01 6.830741882324e+01 9.906875610352e+01 7.281108093262e+01 4.745574569702e+01 2.185551261902e+01 1.028329563141e+01 7.329876899719e+00 6.690460681915e+00 8.956233024597e+00 1.165638923645e+01 1.079343128204e+01 7.966538429260e+00 5.120148181915e+00 5.632365226746e+00 5.328913211823e+00 7.618749141693e+00 1.135339450836e+01 5.264347076416e+00 2.771494150162e+00 2.564680576324e+00 4.211658000946e+00 2.757216453552e+00 1.727117776871e+00 1.517019510269e+00 1.572440266609e+00 1.580767631531e+00 1.627098679543e+00 1.656475067139e+00 1.655570507050e+00 1.658341050148e+00 1.834948658943e+00 1.601329088211e+00
2.080596685410e+00 5.181547641754e+00 1.247722339630e+01 1.665381431580e+01 1.698449897766e+01 1.660253143311e+01 1.294546699524e+01 1.767267799377e+01 1.764001083374e+01 2.810648155212e+01 5.707360076904e+01 6.441642761230e+01 8.864453887939e+01 5.142588424683e+01 3.674131774902e+01 2.078021049500e+01 9.484583854675e+00 4.971703052521e+00 5.262180805206e+00 1.158612632751e+01 3.689670944214e+01 1.539828681946e+01 1.316779518127e+01 9.837426185608e+00 1.002743530273e+01 8.611511230469e+00 9.272925376892e+00 6.497598648071e+00 3.216796875000e+00 4.243843078613e+00 3.577933073044e+00 3.614174365997e+00 2.197849512100e+00 1.993234038353e+00 1.390283823013e+00 1.272710204124e+00 1.319304943085e+00 1.317923307419e+00 1.423395395279e+00 1.317179322243e+00 1.714503407478e+00 2.013896226883e+00 1.947911381721e+00
1.451204061508e+00 2.701450347900e+00 7.856763839722e+00 4.558992385864e+00 4.046289443970e+00 3.300020456314e+00 5.030485153198e+00 8.275475502014e+00 8.655657768250e+00 9.174070358276e+00 2.599164390564e+01 1.279012145996e+02 1.015838851929e+02 4.583524322510e+01 2.104850769043e+01 6.062986373901e+00 3.643049001694e+00 2.394608259201e+00 2.976777076721e+00 7.611358165741e+00 1.745348358154e+01 3.041288948059e+01 1.523399162292e+01 1.159360885620e+01 9.148646354675e+00 6.867584705353e+00 7.277846336365e+00 6.802519321442e+00 5.970321178436e+00 5.381628990173e+00 6.558887481689e+00 2.806629896164e+00 2.604073286057e+00 2.103562593460e+00 2.149751901627e+00 2.003571987152e+00 1.677761077881e+00 1.433303475380e+00 1.639742612839e+00 1.892870903015e+00 2.217458963394e+00 2.183143138885e+00 1.861970543861e+00
9.758080244064e-01 4.015643119812e+00 9.432452201843e+00 6.936567783356e+00 1.720867395401e+00 2.021327495575e+00 1.934958457947e+00 3.909882783890e+00 4.268249511719e+00 6.901055812836e+00 1.332311534882e+01 3.498074340820e+01 7.496965026855e+01 5.136951065063e+01 6.957223510742e+01 1.677408790588e+01 2.062156915665e+00 1.300079107285e+00 2.048845529556e+00 6.781582355499e+00 2.076269340515e+01 3.250603866577e+01 2.480009269714e+01 1.688543891907e+01 1.173693466187e+01 7.389537334442e+00 8.381894111633e+00 6.211111545563e+00 6.000560283661e+00 5.971857070923e+00 4.963011741638e+00 3.957693815231e+00 2.787021398544e+00 2.970820665359e+00 2.666766166687e+00 2.123822689056e+00 1.887127757072e+00 1.750434517860e+00 1.623591065407e+00 1.895974993706e+00 2.080252408981e+00 2.023216962814e+00 1.792767524719e+00
8.327729105949e-01 2.050129175186e+00 1.393140983582e+01 1.674806594849e+01 8.741487503052e+00 1.361842870712e+00 1.036287546158e+00 1.947919726372e+00 1.946720480919e+00 1.582392096519e+00 1.337736845016e+00 5.626689434052e+00 2.537304878235e+01 1.464484119415e+01 8.470704650879e+01 1.022554683685e+01 5.766293525696e+00 2.176046371460e+00 1.819740891457e+00 5.894263744354e+00 1.156159114838e+01 1.023550491333e+02 3.166391181946e+01 1.380113792419e+01 1.398031044006e+01 7.380923271179e+00 7.921867370605e+00 6.754958629608e+00 9.658675193787e+00 7.421611309052e+00 4.258012771606e+00 4.225626468658e+00 3.942519664764e+00 3.754732847214e+00 3.686949491501e+00 2.939527750015e+00 2.900230646133e+00 3.209780454636e+00 2.074032545090e+00 1.589742898941e+00 1.569137573242e+00 1.550317645073e+00 1.793480038643e+00
5.343114733696e-01 9.230692982674e-01 1.148614883423e+00 6.506281852722e+00 4.005183219910e+00 9.704236984253e-01 8.260955810547e-01 9.694548249245e-01 9.086724519730e-01 8.730366230011e-01 6.323210000992e-01 7.068817019463e-01 2.166479110718e+00 1.344111442566e+01 3.834745025635e+01 9.392237663269e+00 7.834938526154e+00 3.689615011215e+00 2.153557538986e+00 4.228563308716e+00 4.930754661560e+00 6.744805335999e+00 6.157884120941e+00 4.655259609222e+00 6.855792045593e+00 1.141286468506e+01 9.999585151672e+00 9.980902671814e+00 6.425085067749e+00 8.409422874451e+00 8.772323608398e+00 7.645062446594e+00 4.670578002930e+00 3.872869968414e+00 3.710211992264e+00 3.239052772522e+00 2.768091440201e+00 2.812041759491e+00 2.724665403366e+00 1.803525090218e+00 1.485131978989e+00 1.530546903610e+00 1.653056025505e+00
5.860875844955e-01 9.381281137466e-01 6.170227527618e-01 6.943038105965e-01 7.050482034683e-01 8.290548324585e-01 7.645392417908e-01 7.173314094543e-01 6.631059646606e-01 5.035454034805e-01 3.525274991989e-01 2.993761003017e-01 4.992334246635e-01 1.395615100861e+01 2.171963500977e+01 2.237709045410e+01 6.402662754059e+00 6.819045543671e+00 5.976040840149e+00 2.472736120224e+00 2.681666135788e+00 5.034891128540e+00 1.374711036682e+01 1.300909709930e+01 1.695892906189e+01 1.706660461426e+01 1.600050735474e+01 1.511865711212e+01 1.433091735840e+01 1.367515277863e+01 1.455986690521e+01 1.783711242676e+01 1.524737930298e+01 6.241072654724e+00 2.543738126755e+00 2.990524768829e+00 3.273972034454e+00 2.261690616608e+00 2.237905025482e+00 1.582435965538e+00 1.559675097466e+00 1.151246786118e+00 1.295698046684e+00
