VariationalSeries/SI/f40.grd
DSAA
101	101
32.816463539100	34.260883539100
35.556306596100	36.727886596100
8.017056388780e-04	1.316278839111e+02
[rows 0 to 18 of 101, columns 0 to 42 of 101]
1.215766444802e-01 2.172954529524e-01 1.925320476294e-01 1.151956468821e-01 9.674786776304e-02 1.261473596096e-01 2.513189911842e-01 3.503136336803e-01 3.132857382298e-01 1.870573461056e-01 1.183174401522e-01 1.359947323799e-01 1.443740874529e-01 1.393912136555e-01 1.195233911276e-01 1.820769608021e-01 2.736265361309e-01 3.166733682156e-01 2.255762815475e-01 1.466087698936e-01 1.669472008944e-01 1.786931902170e-01 1.317916810513e-01 1.181872785091e-01 1.255026757717e-01 1.716005206108e-01 2.508784234524e-01 2.865265309811e-01 3.730575442314e-01 2.972723245621e-01 2.281416803598e-01 2.143872231245e-01 1.860501021147e-01 1.476265043020e-01 1.200237125158e-01 1.162105351686e-01 1.068431138992e-01 1.448464989662e-01 2.033506184816e-01 2.332845330238e-01 1.954017728567e-01 1.658191829920e-01 1.579589694738e-01
2.250277698040e-01 4.246496558189e-01 4.164747595787e-01 2.908275127411e-01 2.054148912430e-01 2.439220845699e-01 4.836948513985e-01 6.688371300697e-01 5.917035341263e-01 3.447460234165e-01 2.031697928905e-01 2.323620170355e-01 2.454019635916e-01 2.336274385452e-01 2.037532329559e-01 2.708167731762e-01 4.311232268810e-01 5.642871856689e-01 5.094265341759e-01 3.036243319511e-01 3.045160174370e-01 4.666646122932e-01 2.454620450735e-01 2.201956510544e-01 2.588745355606e-01 3.353139460087e-01 4.205920398235e-01 4.801526367664e-01 7.094364762306e-01 5.523065924644e-01 3.708394169807e-01 3.360703289509e-01 3.137417137623e-01 2.537526190281e-01 2.729162275791e-01 2.853063941002e-01 2.868301868439e-01 3.222067058086e-01 4.053706228733e-01 4.080041050911e-01 3.018748760223e-01 2.990893125534e-01 3.267841935158e-01
2.200881838799e-01 4.517725110054e-01 5.063838362694e-01 4.337129294872e-01 2.787393033504e-01 2.815842926502e-01 5.597021579742e-01 7.603744268417e-01 6.514787077904e-01 3.569709360600e-01 2.565929889679e-01 2.893048822880e-01 2.989211678505e-01 2.765850722790e-01 2.277529388666e-01 2.191980332136e-01 2.831370532513e-01 4.229503273964e-01 4.836052060127e-01 3.931046724319e-01 4.810717403889e-01 7.214213013649e-01 3.158961236477e-01 2.727009952068e-01 3.442997634411e-01 4.168262779713e-01 4.326883852482e-01 4.357385933399e-01 8.268074989319e-01 6.193709373474e-01 3.593244254589e-01 3.080957233906e-01 4.293668568134e-01 2.284615337849e-01 2.568837106228e-01 2.949819862843e-01 3.698241114616e-01 4.686341881752e-01 4.900849163532e-01 4.060538411140e-01 4.149267673492e-01 2.774365544319e-01 3.662977218628e-01
1.953735798597e-01 4.300446510315e-01 5.124908685684e-01 5.238780379295e-01 4.211248159409e-01 2.883158624172e-01 5.850192308426e-01 7.779820561409e-01 6.295699477196e-01 3.065565824509e-01 2.839795053005e-01 3.135099709034e-01 3.121776282787e-01 2.777506113052e-01 2.208620309830e-01 2.238004356623e-01 2.135378420353e-01 2.455944418907e-01 3.196246623993e-01 3.636698424816e-01 8.069351911545e-01 9.181348681450e-01 3.537051677704e-01 2.994371354580e-01 3.797837495804e-01 4.355485141277e-01 4.166594445705e-01 3.976712226868e-01 8.282125592232e-01 6.021508574486e-01 3.050178587437e-01 2.479690015316e-01 4.949157834053e-01 2.630985677242e-01 2.877712845802e-01 4.070613980293e-01 5.037074089050e-01 5.249388217926e-01 4.443229734898e-01 5.141470432281e-01 5.010232925415e-01 3.075568079948e-01 3.357910811901e-01
1.910759657621e-01 4.113759696484e-01 4.870494008064e-01 5.385478138924e-01 5.154294967651e-01 3.643195331097e-01 5.969704985619e-01 7.772130966187e-01 5.901446938515e-01 2.599526941776e-01 3.045691847801e-01 3.242431581020e-01 3.140638470650e-01 3.126226067543e-01 2.870096564293e-01 2.423561066389e-01 2.359399497509e-01 2.328478693962e-01 3.296214938164e-01 6.680002808571e-01 1.121737360954e+00 1.008691310883e+00 3.795441091061e-01 4.265867769718e-01 3.799593746662e-01 4.255353212357e-01 3.817184865475e-01 3.958143591881e-01 7.839678525925e-01 5.672302842140e-01 3.604458272457e-01 2.819255590439e-01 5.276847481728e-01 3.224723935127e-01 4.525869488716e-01 5.417978167534e-01 5.477302074432e-01 4.623394012451e-01 3.182860314846e-01 5.277578234673e-01 6.125068068504e-01 4.110184013844e-01 2.659760415554e-01
1.782605350018e-01 3.587758243084e-01 4.336577057838e-01 4.743419587612e-01 5.263599157333e-01 4.382818639278e-01 5.964676141739e-01 7.521697282791e-01 5.318273305893e-01 2.886804938316e-01 3.234273791313e-01 3.552688360214e-01 3.786572217941e-01 3.664508461952e-01 3.296785056591e-01 2.683378756046e-01 2.169910222292e-01 2.464519888163e-01 5.249014496803e-01 9.524201750755e-01 1.305168986320e+00 9.963364601135e-01 4.269415140152e-01 6.496407985687e-01 3.994348049164e-01 3.989883661270e-01 3.419010639191e-01 4.300624132156e-01 7.012700438499e-01 5.668890476227e-01 3.642928302288e-01 3.068903386593e-01 6.119955182076e-01 4.830731749535e-01 5.733653306961e-01 5.668227076530e-01 4.704416394234e-01 3.252998292446e-01 3.581438958645e-01 4.972530007362e-01 7.502775192261e-01 4.775409698486e-01 2.588714659214e-01
2.245732545853e-01 3.988815844059e-01 3.681811690331e-01 3.645159304142e-01 4.543465673923e-01 4.402180910110e-01 5.870558023453e-01 7.188532352448e-01 4.772195219994e-01 3.183282613754e-01 3.573837280273e-01 4.066974520683e-01 4.121049642563e-01 3.832333683968e-01 3.261961340904e-01 3.077628314495e-01 2.918932437897e-01 3.635214269161e-01 7.085365056992e-01 1.138035297394e+00 1.351597905159e+00 9.099435210228e-01 5.652482509613e-01 8.234803676605e-01 5.787976980209e-01 3.632157444954e-01 3.343961834908e-01 7.979612946510e-01 1.119197249413e+00 7.221826314926e-01 4.040860533714e-01 3.433208763599e-01 6.720994710922e-01 5.664273500443e-01 5.663754343987e-01 4.702736437321e-01 3.277926743031e-01 3.589194417000e-01 5.202656388283e-01 6.568933725357e-01 7.706134319305e-01 5.644368529320e-01 2.584030926228e-01
2.278674244881e-01 4.558026194572e-01 4.709671437740e-01 3.408740758896e-01 3.255423307419e-01 3.684678971767e-01 5.788680911064e-01 7.027919888496e-01 4.444316029549e-01 3.440748751163e-01 4.035174548626e-01 4.307025372982e-01 4.164820909500e-01 3.674494326115e-01 3.440089821815e-01 3.897806704044e-01 4.344771504402e-01 4.799180626869e-01 8.686422109604e-01 1.234796047211e+00 1.326629161835e+00 8.178015947342e-01 6.133683919907e-01 9.054682850838e-01 7.040159106255e-01 4.484927952290e-01 3.221532106400e-01 1.213075757027e+00 1.568781256676e+00 8.468011021614e-01 4.416213035583e-01 4.132387340069e-01 6.637965440750e-01 5.200401544571e-01 4.824908375740e-01 3.423684239388e-01 3.435507416725e-01 5.120143294334e-01 6.765722632408e-01 7.474133372307e-01 6.776832938194e-01 7.073853015900e-01 2.982181608677e-01
1.970742791891e-01 4.308911561966e-01 5.358309149742e-01 4.877311289310e-01 3.240024745464e-01 3.185068368912e-01 5.725650191307e-01 6.966707706451e-01 4.277661144733e-01 3.844844102859e-01 4.278130233288e-01 4.319655895233e-01 3.954356014729e-01 3.396667242050e-01 3.583240211010e-01 4.144350290298e-01 5.621083378792e-01 5.759707093239e-01 9.586694240570e-01 1.216042041779e+00 1.203847169876e+00 7.096928358078e-01 6.257390379906e-01 8.657171726227e-01 7.595218420029e-01 5.179592967033e-01 4.066224396229e-01 1.565255403519e+00 1.831403374672e+00 9.329784512520e-01 4.844421744347e-01 3.939617574215e-01 6.734532713890e-01 4.495042562485e-01 5.297275185585e-01 5.306593775749e-01 5.132691264153e-01 6.885209679604e-01 7.921383976936e-01 7.488903403282e-01 5.501629114151e-01 8.781762719154e-01 3.501817584038e-01
1.997570097446e-01 3.578257262707e-01 5.051022171974e-01 5.722046494484e-01 4.880732893944e-01 3.231367468834e-01 5.739606618881e-01 6.955600380898e-01 4.179675281048e-01 4.067806005478e-01 4.289479851723e-01 4.106735289097e-01 4.475740492344e-01 4.873501062393e-01 5.096108913422e-01 5.166389942169e-01 6.101768016815e-01 6.669495105743e-01 9.869583249092e-01 1.127949237823e+00 1.042954206467e+00 6.048106551170e-01 5.652148723602e-01 7.565520405769e-01 7.336000800133e-01 5.322887897491e-01 4.396933317184e-01 1.776437401772e+00 1.945398330688e+00 9.665692448616e-01 4.247675538063e-01 3.413592875004e-01 7.298967242241e-01 4.461797475815e-01 5.423818230629e-01 5.521336793900e-01 7.136951684952e-01 8.220042586327e-01 8.043175339699e-01 6.442526578903e-01 4.608548581600e-01 9.541724324226e-01 4.832567870617e-01
2.005844861269e-01 4.019141197205e-01 4.164010286331e-01 5.473108291626e-01 5.990136265755e-01 4.817136824131e-01 5.688887834549e-01 6.845037937164e-01 4.042447805405e-01 4.108720421791e-01 4.503872990608e-01 5.271412730217e-01 5.843718051910e-01 6.160100102425e-01 6.305698752403e-01 6.359440684319e-01 6.291213631630e-01 8.268523812294e-01 1.159801840782e+00 1.229337096214e+00 1.033248066902e+00 7.636572718620e-01 5.360627770424e-01 6.451875567436e-01 6.616467237473e-01 4.740769267082e-01 5.097761154175e-01 1.874227166176e+00 1.990510582924e+00 9.465743303299e-01 4.077773690224e-01 3.847316205502e-01 7.151076793671e-01 4.740208983421e-01 6.297432780266e-01 7.640432715416e-01 8.523010015488e-01 8.360840678215e-01 6.935299038887e-01 5.353387594223e-01 5.217687487602e-01 9.168456196785e-01 6.287004351616e-01
1.697418987751e-01 3.575621247292e-01 4.281779825687e-01 4.550686478615e-01 5.913645029068e-01 6.235327124596e-01 5.517054796219e-01 6.596661806107e-01 4.011278748512e-01 4.856319725513e-01 5.650281906128e-01 6.296151876450e-01 6.737372279167e-01 6.988248825073e-01 7.071388959885e-01 7.055037021637e-01 6.978934407234e-01 1.100191354752e+00 1.504562497139e+00 1.563899755478e+00 1.347455024719e+00 1.055557012558e+00 7.720690965652e-01 5.474853515625e-01 7.689444422722e-01 7.370199561119e-01 6.240848302841e-01 1.798345446587e+00 1.760929942131e+00 8.611978888512e-01 5.267150998116e-01 6.235350370407e-01 6.729797720909e-01 7.567677497864e-01 8.583728671074e-01 8.969374895096e-01 8.602182865143e-01 7.427020668983e-01 7.114171981812e-01 8.244256377220e-01 6.204609274864e-01 7.837980985641e-01 7.535299062729e-01
1.461064815521e-01 2.779392302036e-01 3.561170101166e-01 4.215550422668e-01 4.998302757740e-01 6.337341666222e-01 6.370650529861e-01 6.240355372429e-01 4.980111718178e-01 5.789716243744e-01 6.368041634560e-01 6.734902262688e-01 6.952778697014e-01 7.071751952171e-01 7.077275514603e-01 7.036961317062e-01 7.033584117889e-01 1.210460066795e+00 1.636038064957e+00 1.670700311661e+00 1.444187760353e+00 1.175630092621e+00 9.185877442360e-01 6.715146303177e-01 1.034150838852e+00 9.999722242355e-01 8.431445360184e-01 1.565575480461e+00 1.381383299828e+00 7.322482466698e-01 9.219523072243e-01 1.040638446808e+00 1.036686778069e+00 1.002720475197e+00 9.763100743294e-01 9.464733004570e-01 9.177739024162e-01 8.707334995270e-01 7.964319586754e-01 1.116809487343e+00 6.946763992310e-01 5.959877371788e-01 9.710940122604e-01
1.809901148081e-01 3.518964946270e-01 3.461224436760e-01 3.239836394787e-01 3.972444236279e-01 5.435426235199e-01 6.781266331673e-01 6.472516655922e-01 5.541120767593e-01 6.157510876656e-01 6.464509963989e-01 6.561037302017e-01 6.509890556335e-01 6.357918381691e-01 6.187925934792e-01 6.151567101479e-01 6.303420066833e-01 1.110634922981e+00 1.471487522125e+00 1.521136999130e+00 1.365543961525e+00 1.157385468483e+00 9.550610780716e-01 7.543734312057e-01 1.021585345268e+00 1.055510163307e+00 9.322999715805e-01 1.280618786812e+00 1.007415652275e+00 8.015280365944e-01 1.082383990288e+00 1.224739789963e+00 1.168592929840e+00 1.054980516434e+00 9.483230710030e-01 8.918976187706e-01 8.422424793243e-01 7.846497893333e-01 7.171944379807e-01 1.180902123451e+00 1.081863999367e+00 6.156843304634e-01 1.103018164635e+00
2.334892004728e-01 4.670265614986e-01 4.692188203335e-01 4.604640901089e-01 4.452125728130e-01 4.229234457016e-01 5.943837761879e-01 7.247012257576e-01 6.410436630249e-01 6.021124720573e-01 6.097086668015e-01 5.962001681328e-01 5.692255496979e-01 5.333786606789e-01 5.021451711655e-01 5.077560544014e-01 5.134600400925e-01 8.768061399460e-01 1.130217313766e+00 1.192072033882e+00 1.115361928940e+00 1.001443505287e+00 8.836062550545e-01 7.572385668755e-01 8.001397848129e-01 8.728511929512e-01 8.529112339020e-01 1.301724672318e+00 7.381551861763e-01 8.149558305740e-01 1.056182622910e+00 1.173588395119e+00 1.123724222183e+00 9.293634891510e-01 6.860800981522e-01 7.104522585869e-01 6.057860851288e-01 6.410776972771e-01 6.243361234665e-01 9.734550714493e-01 1.443093061447e+00 6.242209076881e-01 1.109014987946e+00
2.368882894516e-01 4.813850522041e-01 4.986370801926e-01 5.225998163223e-01 5.407706499100e-01 5.456290841103e-01 5.429412126541e-01 6.509633064270e-01 7.574886083603e-01 6.080701947212e-01 5.472944974899e-01 5.186451077461e-01 4.818328022957e-01 4.535085558891e-01 4.882480502129e-01 5.191416740417e-01 5.530812144279e-01 7.219884991646e-01 7.908396720886e-01 8.481729626656e-01 8.306666016579e-01 7.705593109131e-01 7.193865776062e-01 6.818459630013e-01 6.526101827621e-01 6.403652429581e-01 8.487114310265e-01 1.377549886703e+00 9.405027031898e-01 9.202814698219e-01 1.093680143356e+00 1.110811233521e+00 9.311320185661e-01 9.313386082649e-01 5.028954744339e-01 8.433673381805e-01 8.039534091949e-01 7.447573542595e-01 6.389943957329e-01 6.817426085472e-01 1.637413620949e+00 8.907752633095e-01 9.827479720116e-01
2.566121220589e-01 4.429650902748e-01 4.419213235378e-01 4.616135954857e-01 4.993076324463e-01 5.492571592331e-01 5.821711421013e-01 5.999710559845e-01 6.968176364899e-01 7.376290559769e-01 6.317675709724e-01 6.089471578598e-01 6.152554750443e-01 5.577986240387e-01 5.034510493279e-01 5.693051218987e-01 6.288860440254e-01 7.426949739456e-01 7.496247887611e-01 6.264723539352e-01 5.668256878853e-01 6.665213704109e-01 8.346571922302e-01 8.678492307663e-01 7.843753099442e-01 6.319723725319e-01 9.393777847290e-01 1.401519536972e+00 9.447627663612e-01 9.930037260056e-01 1.045081019402e+00 1.073542594910e+00 1.153541088104e+00 1.036001205444e+00 6.330424547195e-01 9.493254423141e-01 8.942227363586e-01 7.397664785385e-01 5.569749474525e-01 6.651799678802e-01 1.570532202721e+00 1.367485642433e+00 7.682304382324e-01
2.928091287613e-01 5.393552184105e-01 5.808146595955e-01 5.010405778885e-01 4.637627601624e-01 5.012211799622e-01 5.115243196487e-01 5.044541954994e-01 5.455364584923e-01 6.789051294327e-01 7.396508455276e-01 7.625715732574e-01 7.651597261429e-01 7.036631107330e-01 6.898555159569e-01 6.661815643311e-01 6.260738372803e-01 7.434836030006e-01 7.802546024323e-01 6.940746903419e-01 5.728176236153e-01 5.270423889160e-01 5.826832652092e-01 6.505290865898e-01 6.677141189575e-01 6.701262593269e-01 8.219304084778e-01 1.345397591591e+00 9.625419974327e-01 8.420600891113e-01 9.649571180344e-01 1.111317873001e+00 1.241325259209e+00 1.058791875839e+00 7.283096313477e-01 1.048927426338e+00 8.568254709244e-01 6.650345325470e-01 5.015550851822e-01 6.068367362022e-01 1.262799620628e+00 1.851277232170e+00 8.503962755203e-01
2.872453033924e-01 5.632684230804e-01 6.695823669434e-01 6.307345628738e-01 4.775675535202e-01 3.717900812626e-01 4.517233967781e-01 5.124515891075e-01 5.501831769943e-01 5.553824901581e-01 7.317376732826e-01 8.134436011314e-01 7.768537402153e-01 7.795044779778e-01 7.890089750290e-01 7.788648009300e-01 6.897465586662e-01 7.364624738693e-01 8.054285049438e-01 7.422418594360e-01 5.692909359932e-01 6.816365122795e-01 6.614062786102e-01 6.802895665169e-01 6.007514595985e-01 5.867124795914e-01 6.167413592339e-01 1.244887828827e+00 1.138154864311e+00 9.000629186630e-01 8.711046576500e-01 9.396789073944e-01 1.163607954979e+00 1.038995504379e+00 8.415374159813e-01 1.013249278069e+00 7.469665408134e-01 5.968201756477e-01 5.635524988174e-01 5.515182614326e-01 8.642542362213e-01 2.165361166000e+00 8.941056132317e-01
