VariationalSeries/SI/f40.grd
DSAA
101	101
32.816463539100	34.260883539100
35.556306596100	36.727886596100
8.017056388780e-04	1.316278839111e+02
[rows 76 to 94 of 101, columns 0 to 42 of 101]
8.442915976048e-03 1.221542805433e-02 1.608180999756e-02 1.904975250363e-02 2.047752775252e-02 2.061275392771e-02 1.991526223719e-02 1.880284212530e-02 1.753739081323e-02 1.893851719797e-02 2.141682617366e-02 2.568442001939e-02 3.042023070157e-02 3.345716372132e-02 3.406761959195e-02 3.307166695595e-02 3.011943772435e-02 3.207430616021e-02 3.302349522710e-02 3.531205281615e-02 4.874442890286e-02 4.768349602818e-02 3.123220615089e-02 3.390603512526e-02 3.141734749079e-02 2.887587994337e-02 2.957450412214e-02 3.287830948830e-02 3.692024573684e-02 3.902276977897e-02 3.757161274552e-02 3.538187220693e-02 3.439452499151e-02 3.408785536885e-02 3.747129067779e-02 4.492021724582e-02 8.696890622377e-02 1.036273017526e-01 9.753912687302e-02 6.876178085804e-02 6.798491626978e-02 1.122765988111e-01 1.955370157957e-01
8.497918955982e-03 1.374455261976e-02 1.824995316565e-02 2.105716615915e-02 2.217968739569e-02 2.207144908607e-02 2.119833417237e-02 1.990566775203e-02 2.068490348756e-02 2.296732179821e-02 2.643558941782e-02 3.126030042768e-02 3.572307899594e-02 3.789708018303e-02 3.731105849147e-02 3.460687398911e-02 2.947889827192e-02 3.030031174421e-02 3.042578324676e-02 2.708474174142e-02 2.781142853200e-02 2.915894985199e-02 2.544570341706e-02 3.066396526992e-02 3.249058872461e-02 2.980595082045e-02 3.205143287778e-02 3.860588371754e-02 4.285174980760e-02 4.334295168519e-02 4.042901843786e-02 3.709713369608e-02 3.681982681155e-02 3.606553748250e-02 4.386937990785e-02 4.714274033904e-02 7.793604582548e-02 8.711598813534e-02 9.573311358690e-02 1.083842813969e-01 2.241337299347e-01 2.922264337540e-01 2.765623927116e-01
9.054335765541e-03 1.444718614221e-02 1.882369816303e-02 2.130659110844e-02 2.210207469761e-02 2.173673920333e-02 2.063225209713e-02 2.252274565399e-02 2.538392134011e-02 2.840479835868e-02 3.231057524681e-02 3.642933815718e-02 3.909028694034e-02 3.901387751102e-02 3.621935099363e-02 3.144815191627e-02 2.498108521104e-02 2.621921710670e-02 2.538952417672e-02 2.226195298135e-02 2.030402421951e-02 2.278712391853e-02 2.757503837347e-02 3.676252067089e-02 3.871279582381e-02 3.493314608932e-02 4.286246001720e-02 4.649794846773e-02 4.755686596036e-02 4.650768265128e-02 4.348199442029e-02 4.030058532953e-02 3.837407752872e-02 4.413924366236e-02 5.689362436533e-02 7.350277155638e-02 9.677165746689e-02 1.203371062875e-01 1.007202491164e-01 2.639688551426e-01 3.042364120483e-01 2.937213480473e-01 2.899847924709e-01
8.181753568351e-03 1.293500233442e-02 1.668051443994e-02 1.869239471853e-02 1.920475438237e-02 1.867626979947e-02 2.141709811985e-02 2.437837794423e-02 2.674906514585e-02 2.910431101918e-02 3.157775476575e-02 3.341216221452e-02 3.361389040947e-02 3.163965046406e-02 2.794098295271e-02 2.336472086608e-02 2.184621989727e-02 2.107464149594e-02 1.969785429537e-02 1.811228320003e-02 1.880274713039e-02 2.094291523099e-02 3.309777751565e-02 4.502671584487e-02 4.869078472257e-02 5.118769407272e-02 5.262142047286e-02 5.302455648780e-02 4.995105788112e-02 4.697296023369e-02 4.444945976138e-02 4.219540581107e-02 4.667612910271e-02 5.552066490054e-02 7.082175463438e-02 8.162394911051e-02 7.959437370300e-02 1.302769035101e-01 1.514188647270e-01 2.227537631989e-01 2.599486708641e-01 2.617764770985e-01 2.664056420326e-01
6.784607656300e-03 1.086579822004e-02 1.325132790953e-02 1.445005834103e-02 1.483626011759e-02 1.725000888109e-02 1.981690153480e-02 2.139580808580e-02 2.212378941476e-02 2.277165465057e-02 2.352521941066e-02 2.397107705474e-02 2.350143902004e-02 2.174624055624e-02 2.237170934677e-02 2.289660461247e-02 2.264922112226e-02 2.148341760039e-02 1.965387351811e-02 1.777110248804e-02 1.771142333746e-02 2.181335166097e-02 3.726703301072e-02 5.121974274516e-02 5.805235356092e-02 6.163244321942e-02 6.210324540734e-02 6.391376256943e-02 6.225229427218e-02 5.357949063182e-02 4.608484357595e-02 4.416092857718e-02 5.139771848917e-02 5.634046718478e-02 5.960907414556e-02 6.399685889482e-02 8.504497259855e-02 1.257332414389e-01 1.661131083965e-01 1.682860106230e-01 2.632026672363e-01 3.157564401627e-01 2.476508766413e-01
9.275000542402e-03 1.405130326748e-02 1.700112968683e-02 1.828560605645e-02 1.904473826289e-02 1.938821189106e-02 1.950189284980e-02 1.937484741211e-02 1.900533959270e-02 1.849574223161e-02 1.928752660751e-02 2.095913141966e-02 2.241187915206e-02 2.366810664535e-02 2.455309592187e-02 2.477453649044e-02 2.407666295767e-02 2.238306589425e-02 2.003215625882e-02 1.953966543078e-02 1.864408329129e-02 2.351598069072e-02 3.839796036482e-02 5.285206809640e-02 1.313443332911e-01 3.886641263962e-01 4.136326014996e-01 1.863064169884e-01 1.084342300892e-01 8.551357686520e-02 6.073417887092e-02 4.676996544003e-02 5.461192503572e-02 7.166262716055e-02 5.830251425505e-02 6.941173225641e-02 7.694363594055e-02 1.297800987959e-01 2.268218100071e-01 2.213958203793e-01 2.453911155462e-01 3.242712914944e-01 4.457810223103e-01
1.311840303242e-02 1.939783245325e-02 2.311638183892e-02 2.510095946491e-02 2.565508149564e-02 2.551106922328e-02 2.499749325216e-02 2.421407029033e-02 2.321930602193e-02 2.232820913196e-02 2.625026926398e-02 3.015842102468e-02 3.355065360665e-02 3.587392345071e-02 3.665356338024e-02 3.566628694534e-02 3.292823582888e-02 2.863902226090e-02 2.647893130779e-02 2.517121843994e-02 2.356867678463e-02 2.746205031872e-02 3.839877992868e-02 8.605311065912e-02 3.637356758118e-01 1.046975970268e+00 1.144734501839e+00 5.758330225945e-01 2.496239244938e-01 1.226374134421e-01 7.923343032598e-02 5.950948223472e-02 5.396763980389e-02 7.640176266432e-02 8.320087939501e-02 8.634036779404e-02 7.734022289515e-02 1.168631017208e-01 2.674219906330e-01 4.020699858665e-01 2.653615176678e-01 2.561181485653e-01 5.672936439514e-01
1.647112146020e-02 2.351551130414e-02 2.813333272934e-02 2.992041595280e-02 2.984166890383e-02 2.885987237096e-02 2.745180949569e-02 2.672360092402e-02 3.133314102888e-02 3.822446987033e-02 4.533784091473e-02 5.205651372671e-02 5.777371674776e-02 6.228132545948e-02 6.538800150156e-02 6.650832295418e-02 6.478486210108e-02 5.921420454979e-02 4.884390160441e-02 3.632302954793e-02 3.358370065689e-02 3.431852906942e-02 7.566843181849e-02 1.369926780462e-01 3.933671712875e-01 3.238126516342e+00 6.046987056732e+00 1.313588380814e+00 5.748910903931e-01 2.063944190741e-01 9.693593531847e-02 7.365410774946e-02 7.162784785032e-02 9.956865012646e-02 1.197039708495e-01 1.168084144592e-01 9.657315909863e-02 1.416808366776e-01 2.251416593790e-01 4.936698675156e-01 4.963881373405e-01 2.450404614210e-01 5.907145142555e-01
1.752181164920e-02 2.450707741082e-02 2.863938920200e-02 2.962805330753e-02 2.862356975675e-02 2.982604131103e-02 3.295078501105e-02 3.501851111650e-02 4.188413918018e-02 5.156314373016e-02 6.165789067745e-02 7.124113291502e-02 7.964967191219e-02 8.715094625950e-02 9.435197710991e-02 1.011765450239e-01 1.057333797216e-01 1.038760468364e-01 9.000981599092e-02 6.462167948484e-02 4.989937320352e-02 7.117780297995e-02 1.251492798328e-01 1.773785650730e-01 7.762273550034e-01 1.864197134972e+00 2.363589763641e+00 7.164197564125e-01 2.684107124805e-01 1.645461171865e-01 1.407742351294e-01 1.723231971264e-01 2.225559502840e-01 2.064241021872e-01 1.500919908285e-01 1.482957750559e-01 1.238231062889e-01 1.445596665144e-01 1.586296856403e-01 3.243952393532e-01 4.316051900387e-01 2.770745754242e-01 1.036865353584e+00
2.394270896912e-02 3.790807723999e-02 4.778285697103e-02 5.339333042502e-02 5.651613697410e-02 5.771820247173e-02 5.714401975274e-02 5.503927916288e-02 5.181108787656e-02 5.338989198208e-02 6.443868577480e-02 7.557307183743e-02 8.614452928305e-02 9.629579633474e-02 1.071397736669e-01 1.199225410819e-01 1.323306262493e-01 1.368565261364e-01 1.232619062066e-01 1.115729361773e-01 1.124312058091e-01 1.212046593428e-01 1.552956998348e-01 2.108152955770e-01 4.015268087387e-01 1.481050401926e-01 1.163137555122e-01 1.162909492850e-01 1.265735477209e-01 1.370508372784e-01 1.516313850880e-01 1.055490255356e+00 6.939429044724e-01 5.561257600784e-01 3.355260789394e-01 4.953841269016e-01 4.559522569180e-01 2.142629027367e-01 1.666214764118e-01 2.001777440310e-01 2.985497117043e-01 7.892798185349e-01 1.199595808983e+00
4.393464326859e-02 6.827989220619e-02 8.363128453493e-02 8.985164016485e-02 9.084632247686e-02 8.856787532568e-02 8.401669561863e-02 7.805754244328e-02 7.276575267315e-02 7.547733187675e-02 7.739137113094e-02 7.800533622503e-02 8.252378553152e-02 9.370974451303e-02 1.042987629771e-01 1.162116378546e-01 1.279912889004e-01 1.903537511826e-01 2.458378225565e-01 2.474832534790e-01 2.526577115059e-01 2.498518228531e-01 1.824368834496e-01 2.195865660906e-01 1.090186908841e-01 8.239923417568e-02 7.570675015450e-02 6.559384614229e-02 7.416648417711e-02 1.036504134536e-01 2.315831780434e-01 1.256204128265e+00 8.939402699471e-01 6.189835071564e-01 5.403183698654e-01 1.148675560951e+00 1.096148490906e+00 4.952477812767e-01 3.712571561337e-01 3.436062037945e-01 4.400092661381e-01 7.445434927940e-01 1.334061026573e+00
6.329724937677e-02 9.632073342800e-02 1.133545860648e-01 1.163551658392e-01 1.425001621246e-01 1.532151103020e-01 1.505733132362e-01 1.403292417526e-01 1.265518069267e-01 1.143113151193e-01 1.154981106520e-01 1.129867434502e-01 1.193815097213e-01 1.376700401306e-01 1.507926732302e-01 1.626755446196e-01 1.820758134127e-01 2.021180391312e-01 1.871538758278e-01 2.139895856380e-01 2.243361473083e-01 1.827648431063e-01 1.499630808830e-01 8.585912734270e-02 7.546225190163e-02 5.862236022949e-02 4.859653487802e-02 3.898606449366e-02 3.571113198996e-02 6.354343146086e-02 1.013597995043e-01 5.352008938789e-01 7.113314867020e-01 1.072843074799e+00 1.138626575470e+00 1.469333171844e+00 1.046545267105e+00 4.913270175457e-01 7.712910175323e-01 7.696961760521e-01 5.478311181068e-01 7.184998393059e-01 2.302473545074e+00
7.419390976429e-02 1.117936372757e-01 1.292993575335e-01 1.441188305616e-01 1.747419238091e-01 1.865125447512e-01 1.822193115950e-01 1.687697321177e-01 1.507780402899e-01 1.314956396818e-01 1.169190183282e-01 1.286298036575e-01 1.487867087126e-01 1.708213984966e-01 1.857174187899e-01 1.906343847513e-01 1.786930114031e-01 1.468509882689e-01 1.160003617406e-01 1.002712845802e-01 8.528775721788e-02 5.975558981299e-02 5.355705320835e-02 5.121525377035e-02 4.561170935631e-02 3.720749169588e-02 2.867876924574e-02 2.720098942518e-02 3.468075394630e-02 5.232479795814e-02 7.521148771048e-02 2.972770631313e-01 3.255750834942e-01 6.275339722633e-01 7.275152206421e-01 1.666285991669e+00 1.468364000320e+00 7.660029530525e-01 7.006891965866e-01 3.073405742645e+00 7.227017879486e+00 1.873991012573e+00 1.151761054993e+00
5.533970892429e-02 8.258416503668e-02 9.434962272644e-02 9.539487957954e-02 1.138601303101e-01 1.202969700098e-01 1.168535128236e-01 1.078390777111e-01 9.602317959070e-02 8.353547751904e-02 7.777042686939e-02 8.360684663057e-02 8.676993101835e-02 8.729619532824e-02 8.601462095976e-02 8.732059597969e-02 7.830280810595e-02 6.279719620943e-02 7.310259342194e-02 6.888842582703e-02 5.486254766583e-02 3.996287286282e-02 3.739449754357e-02 3.333338722587e-02 2.787240594625e-02 2.190979383886e-02 2.488853968680e-02 3.461898490787e-02 4.340316355228e-02 8.924428373575e-02 1.128727272153e-01 1.686275154352e-01 2.911627888680e-01 2.186451852322e-01 1.889742165804e-01 2.299811244011e-01 1.431292653084e+00 8.248025178909e-01 6.400537490845e-01 4.103100299835e+00 9.058566093445e+00 9.959347248077e-01 3.594405353069e-01
2.618104405701e-02 3.866513445973e-02 4.549138247967e-02 5.170930549502e-02 5.413442850113e-02 5.640569329262e-02 5.694459751248e-02 5.395622178912e-02 5.130335688591e-02 5.057470500469e-02 4.964098706841e-02 4.560835286975e-02 4.651398211718e-02 4.779890179634e-02 4.741226136684e-02 4.484862834215e-02 6.056291610003e-02 7.732193171978e-02 7.284473627806e-02 5.449100583792e-02 3.474442288280e-02 2.521391212940e-02 2.285262942314e-02 1.979297958314e-02 1.649698801339e-02 2.533466555178e-02 3.903675451875e-02 5.214212834835e-02 7.211944460869e-02 1.170596256852e-01 1.608679294586e-01 2.169479727745e-01 2.490463405848e-01 2.093895524740e-01 1.295625418425e-01 1.502914428711e-01 2.916272282600e-01 7.356619238853e-01 1.208829879761e+00 1.262910842896e+00 6.700671911240e-01 2.567431330681e-01 2.396865189075e-01
1.731890998781e-02 2.521784976125e-02 3.198753297329e-02 3.613833710551e-02 3.775529190898e-02 3.756751865149e-02 3.667403757572e-02 3.492832183838e-02 3.286027908325e-02 3.067496977746e-02 2.843683399260e-02 2.620586380363e-02 2.406935393810e-02 2.351795323193e-02 2.321791276336e-02 3.301190957427e-02 5.622809380293e-02 6.649776548147e-02 5.688641965389e-02 3.918434679508e-02 2.383622340858e-02 1.519845798612e-02 1.521097403020e-02 1.664038188756e-02 2.261031046510e-02 3.847217932343e-02 5.804734304547e-02 8.176766335964e-02 1.165144294500e-01 1.590917110443e-01 2.380674630404e-01 2.457207143307e-01 2.229367196560e-01 1.211795657873e-01 9.159418940544e-02 1.247259452939e-01 1.509559303522e-01 5.747283101082e-01 1.418239593506e+00 8.157217502594e-01 4.868940114975e-01 2.191843986511e-01 2.080594599247e-01
1.203177217394e-02 1.742500253022e-02 2.179538086057e-02 2.450565434992e-02 2.572533488274e-02 2.587972953916e-02 2.532121166587e-02 2.427580393851e-02 2.290186099708e-02 2.127679064870e-02 1.949533820152e-02 1.760149560869e-02 1.870449818671e-02 1.880953647196e-02 1.736138574779e-02 1.955880783498e-02 3.501475602388e-02 4.355752840638e-02 4.067948088050e-02 3.180709108710e-02 2.245366200805e-02 1.508330926299e-02 1.626818627119e-02 1.868619956076e-02 3.193978965282e-02 7.086639851332e-02 1.514790505171e-01 1.401680260897e-01 1.158857122064e-01 2.145588099957e-01 2.921562790871e-01 2.506218850613e-01 1.802459955215e-01 8.441574871540e-02 9.009759873152e-02 1.238654106855e-01 1.735202968121e-01 6.138263344765e-01 1.032181739807e+00 4.892305731773e-01 2.837491631508e-01 1.749937087297e-01 1.571223735809e-01
8.054241538048e-03 1.155782677233e-02 1.433651335537e-02 1.603132486343e-02 1.677803322673e-02 1.685683801770e-02 1.646398752928e-02 1.572578214109e-02 1.471664756536e-02 1.350038312376e-02 1.338428538293e-02 1.504090148956e-02 1.569231413305e-02 1.500561740249e-02 1.441797427833e-02 1.648949831724e-02 1.831057481468e-02 2.224808931351e-02 2.542872726917e-02 2.452713064849e-02 2.086287923157e-02 1.647176593542e-02 1.736141182482e-02 2.383101917803e-02 4.156913608313e-02 1.234278529882e-01 1.765646934509e-01 1.050683557987e-01 1.179350093007e-01 2.268700003624e-01 3.071731030941e-01 2.433779984713e-01 1.695049256086e-01 1.162941157818e-01 1.280264556408e-01 1.237960532308e-01 2.667037844658e-01 1.065932035446e+00 7.691901326180e-01 2.044650614262e-01 4.094314873219e-01 1.781730800867e-01 1.214962750673e-01
4.736851900816e-03 6.737525574863e-03 8.296261541545e-03 9.216954000294e-03 9.587855078280e-03 9.572320617735e-03 9.279342368245e-03 8.778369054198e-03 8.431304246187e-03 1.028647273779e-02 1.203451212496e-02 1.317934878170e-02 1.327459886670e-02 1.472004689276e-02 1.702042669058e-02 1.934870705009e-02 2.138133347034e-02 2.270374633372e-02 2.291211485863e-02 2.185388654470e-02 1.992653682828e-02 1.848505437374e-02 2.054550684988e-02 2.969479002059e-02 5.013525485992e-02 1.383673548698e-01 1.458630114794e-01 1.157642602921e-01 1.053821668029e-01 2.029246985912e-01 2.843811213970e-01 2.216954082251e-01 2.166121006012e-01 1.461602151394e-01 1.542484462261e-01 1.105292141438e-01 2.537624239922e-01 6.872043609619e-01 3.341191709042e-01 2.398788481951e-01 5.426704287529e-01 1.754213571548e-01 9.296786040068e-02
