VariationalSeries/SI/f42_max.grd
DSAA
101	101
32.816463539100	34.260883539100
35.556306596100	36.727886596100
1.223732717335e-03	2.009900512695e+02
[rows 38 to 56 of 101, columns 0 to 42 of 101]
4.790235757828e-01 1.010782361031e+00 1.093202948570e+00 1.138812303543e+00 1.351066470146e+00 1.656350135803e+00 1.913028955460e+00 2.178934335709e+00 2.394994497299e+00 2.187580823898e+00 1.795456886292e+00 1.465409755707e+00 1.447604417801e+00 1.426187157631e+00 1.519329190254e+00 1.723828196526e+00 1.951341986656e+00 3.574679613113e+00 5.793337821960e+00 6.217133998871e+00 5.009151458740e+00 4.225014686584e+00 2.822190523148e+00 3.308139562607e+00 6.569618225098e+00 8.541556358337e+00 8.228708267212e+00 5.886290073395e+00 4.229544162750e+00 4.682110786438e+00 4.943274974823e+00 6.078773975372e+00 8.331857681274e+00 8.175182342529e+00 7.670490741730e+00 4.591886997223e+00 6.278007984161e+00 7.059788703918e+00 6.982675552368e+00 1.072309494019e+01 1.177643871307e+01 1.736349678040e+01 1.401319217682e+01
7.061578035355e-01 1.257335782051e+00 1.054557204247e+00 1.031421065331e+00 1.466118454933e+00 1.783906698227e+00 2.345487356186e+00 2.952188014984e+00 3.292974710464e+00 3.083585500717e+00 2.240486621857e+00 1.752808094025e+00 1.509575128555e+00 1.542389035225e+00 1.654926538467e+00 1.788515686989e+00 1.905727267265e+00 2.008354663849e+00 3.151422262192e+00 4.412426948547e+00 4.507679462433e+00 4.401528835297e+00 4.545742034912e+00 3.788911819458e+00 3.510949611664e+00 3.900607585907e+00 5.269333362579e+00 9.921843528748e+00 1.329558467865e+01 1.348873519897e+01 1.057737255096e+01 5.213742256165e+00 5.879865169525e+00 5.007982730865e+00 9.991567611694e+00 8.956955909729e+00 5.828326702118e+00 7.028712749481e+00 8.630690574646e+00 9.810307502747e+00 1.313308429718e+01 1.585165596008e+01 1.857937431335e+01
8.139210939407e-01 1.621171593666e+00 1.535931229591e+00 1.332264542580e+00 1.760267615318e+00 2.166508197784e+00 2.630440950394e+00 3.462856292725e+00 3.754255771637e+00 3.742237091064e+00 2.559366941452e+00 1.718382954597e+00 1.730294942856e+00 1.497169017792e+00 1.247315168381e+00 1.403729796410e+00 1.638367176056e+00 1.780664920807e+00 1.871836423874e+00 2.487644433975e+00 3.671736001968e+00 5.164610862732e+00 6.200535297394e+00 6.249726772308e+00 6.121271610260e+00 4.072924137115e+00 3.223412752151e+00 3.403458595276e+00 3.307279825211e+00 4.189307689667e+00 8.822922706604e+00 1.404215240479e+01 1.663708496094e+01 1.389009952545e+01 7.031589508057e+00 6.986332416534e+00 1.225607585907e+01 1.019536113739e+01 1.055797481537e+01 1.052738475800e+01 9.792301177979e+00 1.312766647339e+01 1.990202903748e+01
1.165832161903e+00 1.976728796959e+00 2.297219514847e+00 2.360076427460e+00 2.126718759537e+00 2.542717456818e+00 2.537793874741e+00 2.437788486481e+00 2.437381744385e+00 2.991115331650e+00 3.229072809219e+00 2.801609039307e+00 2.076944589615e+00 1.846701264381e+00 1.879451394081e+00 2.326469182968e+00 2.699902296066e+00 3.020423889160e+00 2.952513694763e+00 2.146884679794e+00 2.396041154861e+00 3.159626722336e+00 3.583636283875e+00 4.809114933014e+00 5.973407745361e+00 7.098726272583e+00 7.920801639557e+00 7.687810897827e+00 7.896457672119e+00 8.615331649780e+00 9.526207923889e+00 9.307585716248e+00 1.440186691284e+01 1.627597236633e+01 1.162533855438e+01 1.472139358521e+01 1.633162879944e+01 1.387164020538e+01 1.566184616089e+01 1.265530300140e+01 8.878778457642e+00 1.552028846741e+01 1.297187709808e+01
1.196297407150e+00 2.102711915970e+00 2.331556797028e+00 2.161542177200e+00 2.351624011993e+00 2.966305255890e+00 2.946367979050e+00 2.552122116089e+00 3.074200630188e+00 2.558839559555e+00 2.432099103928e+00 3.395027875900e+00 3.525149345398e+00 2.656668901443e+00 2.459382534027e+00 2.266271352768e+00 2.319669723511e+00 3.108067750931e+00 4.191820144653e+00 4.261387825012e+00 2.729647874832e+00 3.102201938629e+00 3.956707954407e+00 3.291537523270e+00 3.803045272827e+00 4.590679645538e+00 6.068254470825e+00 9.171911239624e+00 1.235233688354e+01 1.130872058868e+01 1.070961856842e+01 7.955939292908e+00 7.924361705780e+00 1.488755035400e+01 1.430992794037e+01 1.804790687561e+01 1.193444442749e+01 1.691085624695e+01 1.483200931549e+01 2.141311454773e+01 2.212825584412e+01 1.737811470032e+01 1.959018325806e+01
2.319463253021e+00 4.497307300568e+00 3.359824657440e+00 2.814815044403e+00 2.754279851913e+00 2.478533267975e+00 2.536348581314e+00 3.085820198059e+00 3.055904150009e+00 2.480853080750e+00 3.100458860397e+00 2.113082647324e+00 2.708105802536e+00 3.797163009644e+00 3.297897100449e+00 2.852501869202e+00 3.572532415390e+00 7.746672630310e+00 9.130332946777e+00 4.985210895538e+00 5.339718818665e+00 3.143030405045e+00 3.690460443497e+00 5.235864639282e+00 3.495118141174e+00 3.199929237366e+00 3.356393575668e+00 3.680607795715e+00 4.699845790863e+00 5.343541145325e+00 5.709032535553e+00 6.226951122284e+00 8.476853370667e+00 1.335093593597e+01 9.153830528259e+00 8.480940818787e+00 1.245297718048e+01 1.418709850311e+01 9.475166320801e+00 1.954999160767e+01 2.008070945740e+01 2.190707778931e+01 2.689522171021e+01
3.693435668945e+00 6.773889064789e+00 5.491885185242e+00 4.271214962006e+00 3.938222408295e+00 3.208198070526e+00 4.420140266418e+00 3.878827333450e+00 3.893856525421e+00 3.047461032867e+00 2.383538961411e+00 2.926321983337e+00 2.625319719315e+00 1.714347720146e+00 3.213769197464e+00 3.769791603088e+00 2.745003938675e+00 2.353199243546e+00 4.301973819733e+00 2.850178718567e+00 4.960186958313e+00 5.888431072235e+00 5.851031780243e+00 5.108910083771e+00 7.025541305542e+00 4.319150447845e+00 4.017081260681e+00 5.201397418976e+00 6.093706130981e+00 4.655431747437e+00 5.928577899933e+00 7.305342197418e+00 8.659157752991e+00 1.016892433167e+01 1.292660808563e+01 9.804076194763e+00 1.091774559021e+01 1.220778465271e+01 1.156867122650e+01 1.660590553284e+01 1.546003150940e+01 2.233364295959e+01 2.272671318054e+01
1.463570117950e+00 3.049662590027e+00 3.638520479202e+00 4.289416313171e+00 4.386636257172e+00 4.874972343445e+00 5.152915477753e+00 4.446501731873e+00 3.987112760544e+00 3.817662239075e+00 3.558279991150e+00 3.292855501175e+00 3.121239423752e+00 2.925299167633e+00 3.166451931000e+00 2.702691793442e+00 1.921343684196e+00 2.277283906937e+00 2.397449970245e+00 3.270162105560e+00 3.064145565033e+00 5.062412261963e+00 5.464086055756e+00 5.877725124359e+00 6.855186939240e+00 7.745831489563e+00 8.449827194214e+00 8.799232482910e+00 8.990452766418e+00 9.686206817627e+00 9.838921546936e+00 1.035048198700e+01 1.099430847168e+01 9.132561683655e+00 7.839316368103e+00 1.102447128296e+01 1.325575256348e+01 2.037922096252e+01 2.440423965454e+01 2.256482315063e+01 2.145797538757e+01 2.228772926331e+01 1.851973915100e+01
1.417542934418e+00 2.978014945984e+00 3.394101858139e+00 3.773179769516e+00 4.253760337830e+00 4.350893020630e+00 4.000720977783e+00 3.240597963333e+00 3.056867122650e+00 3.648250579834e+00 4.280056953430e+00 4.061420917511e+00 3.074514865875e+00 2.006478309631e+00 2.151727676392e+00 1.242930769920e+00 7.231353521347e-01 7.985600829124e-01 1.065564751625e+00 1.284425497055e+00 3.821435928345e+00 6.722224235535e+00 5.747332572937e+00 7.241710662842e+00 6.964747428894e+00 8.586036682129e+00 8.861658096313e+00 8.388194084167e+00 7.820728302002e+00 8.928230285645e+00 9.501349449158e+00 1.227651596069e+01 1.569867897034e+01 1.710530090332e+01 1.461430072784e+01 1.240051651001e+01 1.374308776855e+01 9.813061714172e+00 1.494871616364e+01 1.523635864258e+01 2.380696105957e+01 2.242863655090e+01 2.414381599426e+01
3.814497292042e-01 7.666821479797e-01 8.093932271004e-01 8.725485801697e-01 1.213529706001e+00 1.695987582207e+00 2.229567289352e+00 2.396692991257e+00 2.319701194763e+00 2.140550136566e+00 2.189239740372e+00 2.782191753387e+00 2.777786254883e+00 2.259803056717e+00 1.459820508957e+00 1.137799263000e+00 5.846112966537e-01 4.970906972885e-01 5.537769198418e-01 1.185679912567e+00 2.643821239471e+00 5.611501693726e+00 1.400219154358e+01 1.317141723633e+01 1.183184337616e+01 1.110998249054e+01 1.070591354370e+01 1.040746593475e+01 1.105715179443e+01 1.277300739288e+01 1.426032352448e+01 1.614454841614e+01 2.783751869202e+01 1.550351810455e+01 3.496345901489e+01 2.383542060852e+01 1.901540946960e+01 2.046448326111e+01 2.534356307983e+01 2.944579696655e+01 3.115364265442e+01 2.924860191345e+01 2.943679237366e+01
3.457787930965e-01 6.680049300194e-01 7.274881005287e-01 7.288615703583e-01 1.224661111832e+00 1.814431428909e+00 1.890569806099e+00 1.541712403297e+00 1.137782931328e+00 9.273186922073e-01 1.177734017372e+00 1.461733460426e+00 1.398843884468e+00 1.123390316963e+00 8.263071179390e-01 5.846319198608e-01 4.221428632736e-01 3.107631504536e-01 3.223336040974e-01 1.051190257072e+00 3.365800142288e+00 5.821090221405e+00 5.733047485352e+00 1.210582256317e+01 2.923254013062e+01 1.481006431580e+01 9.230466842651e+00 8.355039596558e+00 8.698644638062e+00 9.488764762878e+00 1.629565811157e+01 2.348974227905e+01 1.243132305145e+01 1.853187751770e+01 3.350802230835e+01 6.112891387939e+01 2.499978256226e+01 1.979588127136e+01 1.757829093933e+01 1.933792114258e+01 1.655500221252e+01 3.096274185181e+01 3.602471160889e+01
1.793582141399e-01 3.725906312466e-01 4.467406272888e-01 4.959267675877e-01 6.517433524132e-01 1.047796368599e+00 1.200238585472e+00 1.039762854576e+00 8.045337200165e-01 6.025215983391e-01 4.973980188370e-01 4.749512076378e-01 3.787834942341e-01 3.346666395664e-01 3.992114663124e-01 3.041186630726e-01 2.814935743809e-01 2.367442995310e-01 2.762091457844e-01 4.196434617043e-01 7.192302346230e-01 1.942492365837e+00 2.035337448120e+00 2.774828910828e+00 1.063679027557e+01 1.125413703918e+01 4.195992469788e+00 2.306407213211e+00 2.415263891220e+00 7.741891860962e+00 1.025686359406e+01 1.110889244080e+01 1.159599399567e+01 9.523634910583e+00 1.399929332733e+01 4.037025070190e+01 2.166867065430e+01 1.316444683075e+01 9.194424629211e+00 8.304990768433e+00 7.813707828522e+00 2.046956634521e+01 2.841889953613e+01
8.001819252968e-02 1.596999615431e-01 1.661102771759e-01 1.827337592840e-01 2.308637052774e-01 2.923397719860e-01 3.478519618511e-01 3.785568773746e-01 3.663264513016e-01 3.105032444000e-01 2.644381225109e-01 3.040290176868e-01 3.138070702553e-01 2.900427281857e-01 2.955747842789e-01 3.378663063049e-01 2.565834522247e-01 2.047600597143e-01 2.303402125835e-01 3.422053456306e-01 3.909983336926e-01 7.151358127594e-01 1.243890166283e+00 2.713247299194e+00 6.586043357849e+00 4.112198352814e+00 2.546220302582e+00 2.019453048706e+00 1.933775305748e+00 6.248353123665e-01 5.474804639816e-01 5.947113037109e-01 9.288530349731e-01 2.019566774368e+00 4.686685562134e+00 7.954801940918e+01 1.515873107910e+02 2.022397422791e+01 1.378497695923e+01 7.101294994354e+00 5.005074977875e+00 5.412388801575e+00 1.048590373993e+01
6.434503942728e-02 1.169820353389e-01 1.300800144672e-01 1.301335245371e-01 1.307136863470e-01 1.683515757322e-01 2.210621088743e-01 2.720744907856e-01 3.024583160877e-01 2.962780296803e-01 2.489775568247e-01 2.286567538977e-01 2.483410835266e-01 2.401338815689e-01 2.135101109743e-01 2.622018456459e-01 3.045975267887e-01 2.423210889101e-01 1.870576441288e-01 5.405490398407e-01 6.874108910561e-01 5.278053879738e-01 7.006912231445e-01 1.226667284966e+00 2.323675632477e+00 2.305557632446e+01 4.988776206970e+00 4.442795276642e+00 1.878463029861e+00 3.705517053604e-01 3.242444992065e-01 3.396224677563e-01 3.951846063137e-01 4.868188202381e-01 6.564561724663e-01 3.509767055511e+00 2.447012710571e+01 6.281280136108e+01 1.606753730774e+01 9.003787994385e+00 2.590777635574e+00 1.669441342354e+00 1.835702896118e+00
5.992073565722e-02 1.426707655191e-01 1.929142922163e-01 2.226403355598e-01 2.318553030491e-01 2.139179557562e-01 1.901493668556e-01 1.735828071833e-01 2.168582230806e-01 2.487165331841e-01 2.480390965939e-01 2.146909683943e-01 1.854181438684e-01 2.309063076973e-01 2.411419302225e-01 2.154982835054e-01 2.513052523136e-01 3.244999647141e-01 2.561843693256e-01 5.420591235161e-01 5.713861584663e-01 4.895811676979e-01 5.454148650169e-01 5.913631320000e-01 1.349615573883e+00 4.633207798004e+00 4.855179786682e+00 1.244715213776e+00 5.795801281929e-01 3.588699698448e-01 2.689836919308e-01 2.296855151653e-01 2.265997380018e-01 2.842168807983e-01 3.688880205154e-01 1.252393007278e+00 6.406686782837e+00 2.264027404785e+01 2.738939666748e+01 4.237563133240e+00 1.813177466393e+00 1.175659537315e+00 1.111886620522e+00
9.075440466404e-02 2.136495113373e-01 2.730499505997e-01 3.070107698441e-01 3.153849244118e-01 3.013449013233e-01 2.828335762024e-01 2.543734014034e-01 2.194240093231e-01 1.792688965797e-01 1.991748362780e-01 2.093011438847e-01 2.005214691162e-01 2.342735528946e-01 2.687663435936e-01 2.539229094982e-01 2.144295275211e-01 3.407449126244e-01 3.649244904518e-01 9.560640454292e-01 6.127612590790e-01 4.414548277855e-01 2.985616326332e-01 3.091932237148e-01 5.814903974533e-01 4.131722927094e+00 5.923764228821e+00 1.127073168755e+00 7.399579882622e-01 3.756493628025e-01 2.327866405249e-01 1.607262045145e-01 1.429296880960e-01 1.506415009499e-01 2.313380688429e-01 3.839292526245e-01 2.594399213791e+00 8.016020774841e+00 2.128036689758e+01 1.030565547943e+01 4.908678054810e+00 9.826145768166e-01 8.300611376762e-01
6.214050203562e-02 1.353426277637e-01 1.688027977943e-01 1.852326095104e-01 1.796227544546e-01 1.802840232849e-01 2.016309499741e-01 2.253722250462e-01 2.476904690266e-01 2.480156570673e-01 2.135662138462e-01 1.613210290670e-01 1.900684982538e-01 2.083065062761e-01 2.085398137569e-01 2.094795852900e-01 2.191725373268e-01 3.592005968094e-01 4.960565865040e-01 8.269518613815e-01 6.346298456192e-01 4.986099600792e-01 2.452019304037e-01 2.458193451166e-01 4.941955208778e-01 1.495980501175e+00 1.312635183334e+00 8.740521669388e-01 6.927680969238e-01 3.844145834446e-01 2.137832492590e-01 1.754998266697e-01 1.548101603985e-01 1.513062864542e-01 1.934876441956e-01 3.274584710598e-01 6.873433589935e-01 3.450575113297e+00 4.059911727905e+00 2.471303701401e+00 1.482895731926e+00 7.491155862808e-01 6.784031987190e-01
5.839221552014e-02 1.060691475868e-01 1.573823094368e-01 2.008787244558e-01 2.395902127028e-01 2.830674350262e-01 3.307924568653e-01 3.824006021023e-01 4.301081895828e-01 4.437538683414e-01 3.967359066010e-01 2.947766780853e-01 1.898267269135e-01 1.972621828318e-01 2.429788559675e-01 2.639783322811e-01 3.287124633789e-01 3.808868527412e-01 4.472558200359e-01 7.817391157150e-01 5.545966625214e-01 3.698228597641e-01 1.959820240736e-01 1.911094486713e-01 3.576628267765e-01 4.149694442749e-01 3.972324609756e+00 5.985117554665e-01 5.656803846359e-01 3.398177027702e-01 1.978955268860e-01 1.581191718578e-01 1.508975774050e-01 1.593822538853e-01 2.051337659359e-01 2.790517508984e-01 4.648159444332e-01 5.727834105492e-01 1.203676104546e+00 1.598420858383e+00 9.991766214371e-01 5.994138717651e-01 7.708253264427e-01
5.799060687423e-02 1.049039587379e-01 1.443987339735e-01 1.784444451332e-01 2.127933502197e-01 2.547451257706e-01 2.990634441376e-01 3.437833487988e-01 3.856191337109e-01 4.082700908184e-01 3.870071768761e-01 4.183873534203e-01 4.363975524902e-01 4.382316172123e-01 4.180325269699e-01 3.790780007839e-01 4.511892199516e-01 3.282566964626e-01 4.440366029739e-01 1.413438439369e+00 5.190837383270e-01 2.602243423462e-01 1.837996840477e-01 1.539556384087e-01 2.128742635250e-01 4.569510221481e-01 1.658102631569e+00 4.654869139194e-01 5.999830961227e-01 2.536967992783e-01 1.870514154434e-01 1.428523659706e-01 1.446854174137e-01 1.644818633795e-01 2.171694040298e-01 2.582158148289e-01 2.874566614628e-01 4.632284045219e-01 1.015500426292e+00 1.188036084175e+00 7.379093170166e-01 5.477349758148e-01 7.157141566277e-01
