VariationalSeries/SI/f42_max.grd
DSAA
101	101
32.816463539100	34.260883539100
35.556306596100	36.727886596100
1.223732717335e-03	2.009900512695e+02
[rows 38 to 56 of 101, columns 43 to 85 of 101]
1.228345203400e+01 1.907600593567e+01 2.039159202576e+01 1.208481407166e+01 2.027234077454e+01 9.944711685181e+00 1.021596908569e+01 1.373668193817e+01 1.177147102356e+01 9.446253776550e+00 1.391083049774e+01 7.214426517487e+00 7.928345680237e+00 6.711173057556e+00 1.042407131195e+01 7.587485313416e+00 8.225483894348e+00 4.674159526825e+00 6.364353656769e+00 9.662288665771e+00 9.848291397095e+00 7.548829078674e+00 5.207047462463e+00 4.123629093170e+00 3.549018383026e+00 3.204248189926e+00 2.974790811539e+00 3.044498682022e+00 2.706440687180e+00 2.031455278397e+00 2.018384456635e+00 2.389665365219e+00 2.731311082840e+00 2.808833599091e+00 2.848723411560e+00 2.854872465134e+00 2.811749935150e+00 2.597309350967e+00 2.306874036789e+00 2.056521415710e+00 1.853547811508e+00 1.859462261200e+00 1.573668003082e+00
1.221649360657e+01 2.529983711243e+01 1.633026313782e+01 2.279358100891e+01 1.640573883057e+01 2.317658233643e+01 1.949343872070e+01 1.205999946594e+01 1.224582672119e+01 9.823113441467e+00 1.578905487061e+01 1.020086002350e+01 6.624018669128e+00 7.609618663788e+00 1.384013366699e+01 8.259233474731e+00 9.442186355591e+00 1.475741291046e+01 1.323187541962e+01 8.969029426575e+00 6.058775901794e+00 4.119370460510e+00 3.756235599518e+00 3.394882202148e+00 3.417704343796e+00 3.265736579895e+00 2.862102270126e+00 2.495954751968e+00 2.251667261124e+00 2.250487804413e+00 2.470957517624e+00 2.321077823639e+00 1.904887557030e+00 1.612273216248e+00 1.558133244514e+00 1.344216108322e+00 1.438255548477e+00 1.580354928970e+00 1.739121437073e+00 1.925301194191e+00 2.085150957108e+00 2.738147735596e+00 2.824325561523e+00
1.798642349243e+01 1.258354473114e+01 2.227149772644e+01 1.764285850525e+01 1.875993347168e+01 2.442936134338e+01 1.487823677063e+01 1.353100681305e+01 9.668084144592e+00 1.003800582886e+01 1.689238929749e+01 9.134678840637e+00 9.380102157593e+00 9.203128814697e+00 1.122373008728e+01 1.813234329224e+01 1.237311744690e+01 6.417374134064e+00 5.992219924927e+00 3.974455595016e+00 3.020850419998e+00 4.351902008057e+00 5.714475631714e+00 5.149384498596e+00 3.708463191986e+00 3.232509136200e+00 3.159695625305e+00 2.912830114365e+00 2.515739202499e+00 2.338677167892e+00 2.199777364731e+00 2.229382991791e+00 2.132884740829e+00 1.983068466187e+00 1.934394359589e+00 2.033247947693e+00 2.006032228470e+00 1.821227669716e+00 2.417812347412e+00 3.296312808990e+00 2.708653211594e+00 2.025863170624e+00 1.752761006355e+00
1.996656990051e+01 1.829434204102e+01 2.903131866455e+01 2.426306724548e+01 2.293739509583e+01 2.527882194519e+01 2.379818344116e+01 1.312580394745e+01 1.479852676392e+01 1.405922222137e+01 1.662218475342e+01 1.297735214233e+01 1.208474731445e+01 2.054262924194e+01 1.324418830872e+01 9.821033477783e+00 8.341335296631e+00 6.754856586456e+00 4.972955703735e+00 8.043586730957e+00 8.662029266357e+00 4.549474716187e+00 7.167857646942e+00 5.444930076599e+00 4.900137424469e+00 4.321055412292e+00 3.816055297852e+00 3.412299156189e+00 3.073554515839e+00 2.960873842239e+00 5.540762901306e+00 2.354172945023e+00 2.237226724625e+00 2.117727994919e+00 2.678881645203e+00 3.344700813293e+00 3.062769174576e+00 3.504104852676e+00 2.979296922684e+00 3.267361164093e+00 3.297055959702e+00 3.225064516068e+00 2.961541414261e+00
1.903879547119e+01 2.633816146851e+01 2.274176597595e+01 2.261651802063e+01 2.097512245178e+01 2.652014732361e+01 4.189058685303e+01 1.807759857178e+01 2.109849548340e+01 2.106330490112e+01 1.918870353699e+01 1.923887252808e+01 2.190788078308e+01 1.254274368286e+01 1.356225109100e+01 7.646331787109e+00 1.034906101227e+01 1.383366870880e+01 1.088178348541e+01 1.040546131134e+01 1.082067298889e+01 7.297429084778e+00 4.518869876862e+00 4.385358810425e+00 4.066398143768e+00 3.811667680740e+00 4.648032665253e+00 8.035593032837e+00 9.644008636475e+00 8.553148269653e+00 4.220930099487e+00 3.051810979843e+00 2.896710634232e+00 3.136799573898e+00 3.944824934006e+00 4.044813156128e+00 3.661422491074e+00 3.276490211487e+00 2.439105510712e+00 3.035200834274e+00 3.626923084259e+00 3.620610713959e+00 3.482744932175e+00
2.255670738220e+01 3.277688217163e+01 5.411524963379e+01 3.314158630371e+01 5.341946029663e+01 2.746009063721e+01 6.561154937744e+01 1.884112548828e+01 3.648601913452e+01 2.630267906189e+01 2.300825691223e+01 2.245707702637e+01 1.274111747742e+01 1.555033206940e+01 1.757256889343e+01 1.716704368591e+01 1.062520980835e+01 6.312772274017e+00 1.355548763275e+01 1.172157382965e+01 6.422727584839e+00 5.864404201508e+00 5.551623821259e+00 1.010554218292e+01 1.242484664917e+01 1.097875785828e+01 7.222084522247e+00 5.200101375580e+00 5.651852130890e+00 3.571446180344e+00 2.862607240677e+00 4.294398307800e+00 5.338773250580e+00 4.790243148804e+00 4.224884510040e+00 5.706363201141e+00 6.759341716766e+00 6.044079780579e+00 4.333663940430e+00 3.161109209061e+00 3.950508356094e+00 4.339127063751e+00 4.577110290527e+00
2.786038208008e+01 3.507212066650e+01 4.133637237549e+01 5.486692047119e+01 4.585839080811e+01 4.649170303345e+01 7.693670654297e+01 3.052898406982e+01 3.549236679077e+01 2.794704818726e+01 2.821636390686e+01 1.630378341675e+01 1.761997985840e+01 2.199944496155e+01 1.716617393494e+01 1.228322982788e+01 1.771544647217e+01 1.644874954224e+01 1.302715778351e+01 1.648331642151e+01 1.668652153015e+01 1.446981620789e+01 1.035327434540e+01 5.656733989716e+00 6.211055278778e+00 5.603147506714e+00 4.450960159302e+00 4.593701839447e+00 4.953868865967e+00 5.323615074158e+00 5.183416366577e+00 4.422407150269e+00 4.247951984406e+00 3.564692735672e+00 6.506698131561e+00 7.950207233429e+00 7.453403949738e+00 5.489947795868e+00 3.325918197632e+00 2.042586803436e+00 2.839766979218e+00 3.258555412292e+00 2.998576402664e+00
2.634623718262e+01 3.869182205200e+01 4.593391799927e+01 4.382830810547e+01 6.518154907227e+01 4.870840072632e+01 7.832723999023e+01 4.320281600952e+01 3.695985412598e+01 4.099671173096e+01 3.139046669006e+01 2.063949775696e+01 2.051016426086e+01 2.193373107910e+01 1.265098953247e+01 1.875435829163e+01 2.419569969177e+01 1.665901565552e+01 9.910074234009e+00 9.811128616333e+00 8.656352043152e+00 6.705056667328e+00 6.461942672729e+00 7.152578830719e+00 7.154561996460e+00 6.318956375122e+00 5.471858501434e+00 5.342531204224e+00 4.450109004974e+00 4.894591331482e+00 4.685002803802e+00 4.272688388824e+00 2.966965436935e+00 5.431118011475e+00 6.478533744812e+00 6.142026424408e+00 4.289960384369e+00 2.311992168427e+00 3.180731773376e+00 2.992592334747e+00 2.239997625351e+00 2.132271766663e+00 2.304824113846e+00
3.904861450195e+01 5.466798019409e+01 5.578625106812e+01 6.083998489380e+01 6.615241241455e+01 8.314176940918e+01 7.838777160645e+01 1.526235961914e+02 5.620772552490e+01 3.560912704468e+01 3.309067535400e+01 2.949592018127e+01 2.509704208374e+01 3.821059036255e+01 3.342009353638e+01 1.949126625061e+01 1.804609489441e+01 1.873382759094e+01 1.371459007263e+01 1.213255214691e+01 1.202035713196e+01 1.143382930756e+01 1.224400806427e+01 9.128328323364e+00 1.174249172211e+01 1.038874816895e+01 6.532016754150e+00 5.947500228882e+00 6.022875785828e+00 5.621447563171e+00 4.799664497375e+00 4.637636184692e+00 4.838358402252e+00 5.568065166473e+00 5.176761150360e+00 3.972715377808e+00 3.033175945282e+00 2.746502399445e+00 2.677135705948e+00 2.648156404495e+00 2.588973283768e+00 2.494107961655e+00 2.399675130844e+00
2.475421142578e+01 7.231542968750e+01 4.995558547974e+01 6.241792678833e+01 9.864865112305e+01 7.908123016357e+01 9.398341369629e+01 1.114614257812e+02 5.490101242065e+01 5.192227172852e+01 6.589636993408e+01 4.199193572998e+01 5.210543441772e+01 4.048682403564e+01 3.390153503418e+01 2.957572364807e+01 2.514475059509e+01 2.176012992859e+01 1.920298385620e+01 2.695980834961e+01 3.151839447021e+01 1.315027999878e+01 8.579110145569e+00 8.673365592957e+00 1.218123912811e+01 7.666721820831e+00 6.626447200775e+00 6.303674221039e+00 5.816913604736e+00 5.534899234772e+00 5.315493106842e+00 5.498478412628e+00 5.818739414215e+00 4.974713325500e+00 3.807560920715e+00 3.553786516190e+00 3.366108655930e+00 2.760701894760e+00 2.731416225433e+00 2.735085487366e+00 2.523847818375e+00 2.585938453674e+00 2.716167688370e+00
6.678558349609e+01 7.811829376221e+01 8.933806610107e+01 9.420834350586e+01 1.090918884277e+02 1.511335296631e+02 2.009900512695e+02 9.293277740479e+01 7.490276336670e+01 5.220196533203e+01 7.427227020264e+01 7.396820831299e+01 2.797697830200e+01 4.469730377197e+01 4.903201675415e+01 2.432413864136e+01 2.247689819336e+01 2.382429122925e+01 2.628025054932e+01 3.095775222778e+01 2.387281608582e+01 1.015987873077e+01 1.150428390503e+01 9.458374977112e+00 8.834256172180e+00 7.558850288391e+00 7.349367618561e+00 7.293220520020e+00 6.060111999512e+00 4.206653594971e+00 3.763808488846e+00 4.124569892883e+00 4.378507137299e+00 4.498782634735e+00 4.412818431854e+00 4.225961208344e+00 3.767457485199e+00 3.863779783249e+00 4.307303905487e+00 4.410952091217e+00 3.949368715286e+00 3.427428722382e+00 2.990992307663e+00
4.465951919556e+01 7.954918670654e+01 8.215110015869e+01 1.041546936035e+02 1.029807281494e+02 1.019308624268e+02 1.000353012085e+02 8.290650177002e+01 5.803050231934e+01 6.627014923096e+01 6.351436996460e+01 6.660748291016e+01 8.062164306641e+01 3.535111999512e+01 2.995402908325e+01 1.860753440857e+01 1.695145034790e+01 1.199030590057e+01 1.104499149323e+01 9.417135238647e+00 8.086257934570e+00 9.160712242126e+00 1.129184627533e+01 1.299344062805e+01 1.329913425446e+01 1.167217350006e+01 9.334143638611e+00 6.465371608734e+00 4.484187602997e+00 3.697222471237e+00 3.007213592529e+00 3.393634796143e+00 4.413597583771e+00 2.953815221786e+00 3.342322826385e+00 3.651757478714e+00 2.917695283890e+00 3.569828271866e+00 4.219433307648e+00 4.470967769623e+00 5.074233531952e+00 6.374666690826e+00 7.237419128418e+00
1.751975631714e+01 2.392012214661e+01 3.773392868042e+01 1.783518981934e+02 9.821811676025e+01 9.370534515381e+01 5.238538360596e+01 5.373481369019e+01 4.968796920776e+01 7.911160278320e+01 7.363645935059e+01 1.043003005981e+02 1.512630157471e+02 1.111667480469e+02 7.245142364502e+01 3.336604690552e+01 1.569859790802e+01 1.118951034546e+01 1.021485614777e+01 1.367364025116e+01 1.779606246948e+01 1.647843742371e+01 1.216245651245e+01 7.816800594330e+00 8.598942756653e+00 8.135449409485e+00 1.163025951385e+01 1.733079338074e+01 8.035785675049e+00 4.231192111969e+00 3.915527820587e+00 6.429918289185e+00 4.208496093750e+00 2.636538028717e+00 2.316105365753e+00 2.400570631027e+00 2.413392305374e+00 2.484108209610e+00 2.528938293457e+00 2.527538776398e+00 2.531750679016e+00 2.801350831985e+00 2.444683790207e+00
3.176728010178e+00 7.909444808960e+00 1.904572868347e+01 2.542452049255e+01 2.593111038208e+01 2.534699821472e+01 1.976408386230e+01 2.698435020447e+01 2.692769622803e+01 4.291372680664e+01 8.714477539062e+01 9.835591888428e+01 1.353489074707e+02 7.850418090820e+01 5.609048461914e+01 3.172226905823e+01 1.447840499878e+01 7.589200496674e+00 8.034249305725e+00 1.768641090393e+01 5.632236099243e+01 2.350480651855e+01 2.009994125366e+01 1.501877117157e+01 1.530866336823e+01 1.314684963226e+01 1.415492057800e+01 9.918301582336e+00 4.911030769348e+00 6.479001045227e+00 5.462442874908e+00 5.517282009125e+00 3.355439901352e+00 3.043071985245e+00 2.122552156448e+00 1.942884922028e+00 2.013916492462e+00 2.011814832687e+00 2.172809839249e+00 2.010814905167e+00 2.617362022400e+00 3.074399471283e+00 2.973659515381e+00
2.215219020844e+00 4.123781204224e+00 1.199312782288e+01 6.958250999451e+00 6.177570819855e+00 5.038510322571e+00 7.681086063385e+00 1.263496780396e+01 1.321562099457e+01 1.400656414032e+01 3.968405914307e+01 1.952390594482e+02 1.550967407227e+02 6.997339630127e+01 3.213560867310e+01 9.256888389587e+00 5.562019824982e+00 3.655862331390e+00 4.544611930847e+00 1.162088584900e+01 2.664739418030e+01 4.643238830566e+01 2.325772094727e+01 1.769974136353e+01 1.396695423126e+01 1.048442554474e+01 1.111033058167e+01 1.038498687744e+01 9.114431381226e+00 8.215782165527e+00 1.001280021667e+01 4.284805774689e+00 3.975415229797e+00 3.211388826370e+00 3.281932115555e+00 3.058773040771e+00 2.561428546906e+00 2.187964677811e+00 2.503276348114e+00 2.889697551727e+00 3.385204553604e+00 3.332802295685e+00 2.842491865158e+00
1.489579081535e+00 6.130404949188e+00 1.439879322052e+01 1.058631134033e+01 2.627295494080e+00 3.086122035980e+00 2.954356193542e+00 5.969301223755e+00 6.516395092010e+00 1.053057765961e+01 2.033272171021e+01 5.339939880371e+01 1.144448699951e+02 7.842456817627e+01 1.062141418457e+02 2.560792350769e+01 3.148427724838e+00 1.984842419624e+00 3.127976417542e+00 1.035496902466e+01 3.169360733032e+01 4.962583923340e+01 3.786048126221e+01 2.577739334106e+01 1.791757774353e+01 1.128087711334e+01 1.279594993591e+01 9.481800079346e+00 9.160652160645e+00 9.116786003113e+00 7.576538562775e+00 6.041782379150e+00 4.254626750946e+00 4.535308837891e+00 4.071397781372e+00 3.242106914520e+00 2.880774736404e+00 2.672099590302e+00 2.478671550751e+00 2.894494533539e+00 3.175802707672e+00 3.088713645935e+00 2.736890316010e+00
1.271374225616e+00 3.129834175110e+00 2.126680183411e+01 2.556942176819e+01 1.334695339203e+01 2.079139232635e+00 1.582120895386e+00 2.973796844482e+00 2.971943616867e+00 2.416173458099e+00 2.042468309402e+00 8.588504791260e+00 3.873284530640e+01 2.235198593140e+01 1.292997741699e+02 1.560992813110e+01 8.801425933838e+00 3.321079969406e+00 2.778291225433e+00 8.999071121216e+00 1.765034866333e+01 1.562664337158e+02 4.834451675415e+01 2.107058525085e+01 2.134344482422e+01 1.126856803894e+01 1.209445762634e+01 1.031260299683e+01 1.474457645416e+01 1.132948684692e+01 6.500059127808e+00 6.450922489166e+00 6.018569946289e+00 5.731849670410e+00 5.628341197968e+00 4.487347602844e+00 4.427752017975e+00 4.900291919708e+00 3.166361570358e+00 2.427034616470e+00 2.395576000214e+00 2.366824865341e+00 2.737644433975e+00
8.157656192780e-01 1.409238219261e+00 1.753545880318e+00 9.933567047119e+00 6.115333080292e+00 1.481516361237e+00 1.261149048805e+00 1.479952454567e+00 1.387142658234e+00 1.332766532898e+00 9.653097391129e-01 1.079119920731e+00 3.307096004486e+00 2.051432991028e+01 5.853400802612e+01 1.433744049072e+01 1.195939064026e+01 5.631727695465e+00 3.287733793259e+00 6.455523967743e+00 7.528732299805e+00 1.029731655121e+01 9.402379035950e+00 7.108091831207e+00 1.046627330780e+01 1.742351341248e+01 1.526473617554e+01 1.523600959778e+01 9.808961868286e+00 1.283716297150e+01 1.339109134674e+01 1.167020225525e+01 7.129517555237e+00 5.912219524384e+00 5.663864612579e+00 4.944594383240e+00 4.225634574890e+00 4.293066501617e+00 4.159641265869e+00 2.753376007080e+00 2.267333030701e+00 2.336644649506e+00 2.523285865784e+00
8.947503566742e-01 1.432164669037e+00 9.419672489166e-01 1.060071229935e+00 1.076495766640e+00 1.265747427940e+00 1.167133331299e+00 1.094991087914e+00 1.012217402458e+00 7.686816453934e-01 5.382298231125e-01 4.570276737213e-01 7.621191740036e-01 2.130116844177e+01 3.315459060669e+01 3.415091323853e+01 9.773576736450e+00 1.040871715546e+01 9.120730400085e+00 3.774283885956e+00 4.093398571014e+00 7.685278415680e+00 2.098324203491e+01 1.986239814758e+01 2.589266014099e+01 2.605660438538e+01 2.442852401733e+01 2.308170890808e+01 2.187839889526e+01 2.087671089172e+01 2.222692680359e+01 2.722966003418e+01 2.327617454529e+01 9.527201652527e+00 3.882944345474e+00 4.565179347992e+00 4.997865676880e+00 3.452582597733e+00 3.416539907455e+00 2.415841341019e+00 2.381242036819e+00 1.757287621498e+00 1.977797627449e+00
