VariationalSeries/SI/f42_max.grd
DSAA
101	101
32.816463539100	34.260883539100
35.556306596100	36.727886596100
1.223732717335e-03	2.009900512695e+02
[rows 57 to 75 of 101, columns 43 to 85 of 101]
8.463492393494e-01 1.009971737862e+00 5.120872259140e-01 5.678094029427e-01 5.616763234138e-01 9.046602845192e-01 1.020279169083e+00 1.373689174652e+00 1.198992252350e+00 6.541147232056e-01 4.536983668804e-01 3.813312053680e-01 2.815538644791e-01 4.997123479843e-01 2.074762582779e+00 6.972002506256e+00 1.547150897980e+01 1.453784084320e+01 2.070638084412e+01 7.100450038910e+00 2.053705692291e+00 1.566862106323e+00 2.841600179672e+00 5.213589191437e+00 8.921863555908e+00 8.087249755859e+00 8.799969673157e+00 7.156264305115e+00 9.320693016052e+00 8.600181579590e+00 9.087487220764e+00 6.772726535797e+00 7.034025192261e+00 9.874833106995e+00 6.131489276886e+00 3.852108240128e+00 4.497864723206e+00 6.311077117920e+00 7.912284374237e+00 5.723840713501e+00 2.386004924774e+00 2.091426610947e+00 2.022544384003e+00
6.758997440338e-01 1.110696911812e+00 4.138730466366e-01 4.404168128967e-01 4.362464547157e-01 6.561814546585e-01 1.282505512238e+00 4.123864173889e+00 3.279852867126e+00 7.052626609802e-01 4.191868603230e-01 2.890282869339e-01 2.210700809956e-01 2.187603265047e-01 4.318034946918e-01 4.152300357819e+00 4.869087696075e+00 5.085474491119e+00 4.118943214417e+00 4.171782970428e+00 3.052355051041e+00 2.318971157074e+00 1.789034843445e+00 1.082798600197e+00 2.795762538910e+00 5.559928894043e+00 9.696324348450e+00 9.886177062988e+00 1.078291130066e+01 5.931935787201e+00 7.825278282166e+00 7.142605304718e+00 6.122459888458e+00 5.370250225067e+00 5.460713386536e+00 4.113355636597e+00 4.036401271820e+00 4.861178874969e+00 4.780502319336e+00 4.382028579712e+00 4.549473762512e+00 4.770555019379e+00 4.465165615082e+00
5.643386244774e-01 5.439405441284e-01 3.768223524094e-01 4.009478986263e-01 4.076357483864e-01 5.974296927452e-01 1.820440411568e+00 4.565692424774e+00 4.647637844086e+00 1.045940041542e+00 4.349728524685e-01 2.468518465757e-01 1.750246435404e-01 1.586277037859e-01 1.627211123705e-01 2.037681341171e-01 2.809138596058e-01 3.826785683632e-01 4.953965842724e-01 6.140691041946e-01 7.206229567528e-01 8.472282290459e-01 5.696748495102e-01 5.724319219589e-01 1.365717887878e+00 6.353747367859e+00 1.094640445709e+01 1.241792011261e+01 1.192911052704e+01 1.204309272766e+01 7.944423198700e+00 6.890720367432e+00 5.850466251373e+00 5.311283588409e+00 7.461206436157e+00 6.430183410645e+00 5.333076000214e+00 3.338407754898e+00 3.597041845322e+00 3.023588895798e+00 2.661951065063e+00 2.519923448563e+00 2.202269792557e+00
5.204553008080e-01 4.683983325958e-01 3.647792339325e-01 4.066330194473e-01 4.621494114399e-01 6.068018078804e-01 3.919750928879e+00 4.694785118103e+00 5.790853500366e+00 8.086623549461e-01 3.814448118210e-01 2.377916276455e-01 1.580991744995e-01 1.282646358013e-01 1.225828900933e-01 1.293414235115e-01 1.585143059492e-01 2.088043391705e-01 3.005567193031e-01 3.496861457825e-01 4.019621610641e-01 8.056750297546e-01 4.145647287369e-01 3.820106685162e-01 1.165474057198e+00 2.605113267899e+00 9.289252281189e+00 1.030116653442e+01 1.095464801788e+01 1.169865512848e+01 9.739465713501e+00 7.552747726440e+00 5.246036052704e+00 6.733084678650e+00 4.686118125916e+00 4.123529434204e+00 3.419117450714e+00 2.826758146286e+00 2.657731533051e+00 2.614497661591e+00 2.772656202316e+00 3.929658412933e+00 5.476909160614e+00
4.409676790237e-01 3.434064984322e-01 3.584722578526e-01 4.315961301327e-01 6.675108075142e-01 1.092565178871e+00 3.317883491516e+00 7.357315063477e+00 2.851289033890e+00 4.516541063786e-01 2.778024375439e-01 2.025660425425e-01 1.443211436272e-01 1.083438917994e-01 9.913577139378e-02 9.932893514633e-02 1.082199141383e-01 1.447005122900e-01 1.992042660713e-01 2.277863025665e-01 2.368432283401e-01 4.928704500198e-01 2.946431636810e-01 3.186640441418e-01 7.175589799881e-01 2.437465190887e+00 6.595937728882e+00 8.961101531982e+00 9.296480178833e+00 7.082826137543e+00 5.476966381073e+00 7.815088272095e+00 5.343214035034e+00 3.772353649139e+00 4.189744472504e+00 5.284915447235e+00 4.785988807678e+00 3.391302108765e+00 3.166914224625e+00 3.086534023285e+00 2.991909980774e+00 3.312772035599e+00 4.115802288055e+00
3.200832009315e-01 2.633192539215e-01 3.293606340885e-01 7.764907479286e-01 1.750712037086e+00 4.063200473785e+00 5.974067687988e+00 3.766750574112e+00 4.006524085999e-01 2.739463448524e-01 1.965737640858e-01 1.618012040854e-01 1.262625753880e-01 1.032536625862e-01 9.087788313627e-02 9.472683817148e-02 9.915984421968e-02 1.197289004922e-01 1.727709472179e-01 2.125169187784e-01 2.257164418697e-01 2.393496632576e-01 2.404553741217e-01 3.592227697372e-01 8.716382980347e-01 2.279637813568e+00 2.799169540405e+00 2.793091535568e+00 5.383757114410e+00 6.246250629425e+00 7.308982372284e+00 4.669288635254e+00 6.042685508728e+00 4.432662487030e+00 4.950703620911e+00 5.852241992950e+00 1.169755268097e+01 7.381855010986e+00 4.344909667969e+00 3.564469575882e+00 3.666870117188e+00 3.603336095810e+00 3.480345487595e+00
2.066737711430e-01 2.157237678766e-01 2.727395594120e-01 3.446336984634e-01 7.553211450577e-01 4.688184738159e+00 3.054760456085e+00 4.072968959808e-01 2.382501065731e-01 2.098449021578e-01 1.759558469057e-01 1.487434357405e-01 1.165394484997e-01 9.935935586691e-02 8.851183950901e-02 9.766710549593e-02 1.013882011175e-01 9.887494146824e-02 1.421395987272e-01 1.813605874777e-01 2.049078494310e-01 2.038014531136e-01 2.556446194649e-01 4.154140353203e-01 1.293931603432e+00 2.565931320190e+00 1.522348999977e+00 1.989089727402e+00 1.849955797195e+00 9.582104682922e+00 1.394080734253e+01 7.529647827148e+00 4.140023708344e+00 5.663742065430e+00 2.236995935440e+00 2.355507135391e+00 8.740877151489e+00 4.208787918091e+00 3.430358648300e+00 2.627602100372e+00 2.700163841248e+00 3.011077165604e+00 3.244917154312e+00
1.733969599009e-01 1.885282844305e-01 2.209188640118e-01 2.794305086136e-01 3.167304694653e-01 4.400815963745e-01 4.865871667862e-01 3.316992819309e-01 1.725767403841e-01 1.781477183104e-01 1.561712622643e-01 1.429350674152e-01 1.170395314693e-01 9.453865140676e-02 9.673435240984e-02 9.863808006048e-02 1.054562926292e-01 1.048156023026e-01 1.197350546718e-01 1.537468731403e-01 1.829029619694e-01 1.943274736404e-01 2.053786367178e-01 3.412103056908e-01 9.570637941360e-01 5.913401842117e-01 5.687494874001e-01 9.344308376312e-01 2.114329338074e+00 4.190368175507e+00 4.388441562653e+00 5.541411876678e+00 8.831099510193e+00 4.741646289825e+00 4.517350196838e+00 3.510015010834e+00 3.594330787659e+00 3.044968366623e+00 1.620478272438e+00 2.021785259247e+00 1.975116372108e+00 2.132165670395e+00 2.681182622910e+00
1.362121552229e-01 1.536684483290e-01 1.830328404903e-01 2.244281917810e-01 2.412627488375e-01 2.685284912586e-01 2.841715216637e-01 1.777006536722e-01 1.512964963913e-01 1.575752049685e-01 1.469130069017e-01 1.274064630270e-01 1.063469052315e-01 9.534254670143e-02 9.445569664240e-02 1.082348600030e-01 1.063411757350e-01 9.144845604897e-02 1.058215200901e-01 1.343320608139e-01 1.590136885643e-01 1.860875785351e-01 2.639753222466e-01 2.761316895485e-01 2.805011868477e-01 3.914408981800e-01 3.809964954853e-01 9.355782270432e-01 1.306986331940e+00 1.759008049965e+00 3.651287317276e+00 6.404226303101e+00 4.744261741638e+00 8.649138450623e+00 5.533410549164e+00 3.111407518387e+00 2.584666728973e+00 2.350462198257e+00 2.827134847641e+00 2.660416126251e+00 3.315274953842e+00 3.261904716492e+00 3.793215513229e+00
1.257616132498e-01 1.245941519737e-01 1.402455121279e-01 1.589674353600e-01 1.713399291039e-01 1.689429581165e-01 1.614989042282e-01 1.554013490677e-01 1.681503206491e-01 1.662223190069e-01 1.548434346914e-01 1.349005401134e-01 1.103361025453e-01 9.773708879948e-02 8.838049322367e-02 8.660553395748e-02 9.770213812590e-02 9.909699857235e-02 1.002401337028e-01 1.209965050220e-01 1.401481032372e-01 1.656171232462e-01 2.538566291332e-01 2.852762639523e-01 3.076567351818e-01 6.377456784248e-01 8.771367669106e-01 1.127105116844e+00 1.581765770912e+00 1.706775426865e+00 3.737167835236e+00 7.093896389008e+00 3.351484060287e+00 3.569028854370e+00 6.307155132294e+00 5.327614307404e+00 3.705278396606e+00 3.148096323013e+00 3.945802927017e+00 2.030827045441e+00 2.693597555161e+00 3.270128250122e+00 3.905257225037e+00
1.033202484250e-01 1.172761023045e-01 1.231686100364e-01 1.244750171900e-01 1.394085139036e-01 1.499379128218e-01 1.615191251040e-01 1.433691233397e-01 1.380583643913e-01 1.424563527107e-01 1.530478745699e-01 1.523132175207e-01 1.310738623142e-01 1.110071986914e-01 1.052352339029e-01 9.500642120838e-02 8.184184134007e-02 9.111141413450e-02 1.031655147672e-01 1.140712052584e-01 1.252809613943e-01 1.439010053873e-01 2.160563468933e-01 2.109725922346e-01 2.332264780998e-01 5.771608352661e-01 1.233902454376e+00 1.664896130562e+00 2.342026233673e+00 1.230720043182e+00 3.625298261642e+00 1.813788533211e+00 1.947097539902e+00 2.248590230942e+00 3.585242509842e+00 3.927470445633e+00 5.080861091614e+00 4.624162197113e+00 3.446931838989e+00 2.947192192078e+00 2.256693601608e+00 2.430675268173e+00 1.959495902061e+00
1.013326421380e-01 1.120465025306e-01 1.115026324987e-01 1.134549975395e-01 1.212452575564e-01 1.347539126873e-01 1.458384096622e-01 1.302661448717e-01 1.022881567478e-01 1.093077585101e-01 1.186365336180e-01 1.391258984804e-01 1.444405168295e-01 1.200118064880e-01 1.130546107888e-01 1.368075758219e-01 1.212866604328e-01 9.886807948351e-02 1.076519191265e-01 1.121114417911e-01 1.366019994020e-01 1.516715735197e-01 1.695286333561e-01 2.091580927372e-01 2.426565140486e-01 4.211601316929e-01 8.877621889114e-01 1.057544112206e+00 1.452517628670e+00 8.228958845139e-01 1.747112154961e+00 1.335026979446e+00 2.219810724258e+00 1.359218955040e+00 2.681973695755e+00 2.004344463348e+00 3.180049896240e+00 3.899238109589e+00 3.470214843750e+00 4.677911758423e+00 4.251745700836e+00 3.399552106857e+00 2.997566699982e+00
9.759599715471e-02 1.055107042193e-01 1.014738231897e-01 1.032680347562e-01 1.037310659885e-01 1.010124087334e-01 1.118763610721e-01 1.057577654719e-01 1.263632029295e-01 1.367876231670e-01 1.242172569036e-01 1.256494075060e-01 1.380637884140e-01 1.437222957611e-01 1.313785463572e-01 1.696617752314e-01 1.510320305824e-01 1.155519336462e-01 1.161728352308e-01 1.154664605856e-01 1.327185034752e-01 1.440139859915e-01 1.624116599560e-01 2.157245576382e-01 2.534721493721e-01 3.777985870838e-01 5.677656531334e-01 6.541846394539e-01 7.027699947357e-01 8.880639076233e-01 1.479560732841e+00 2.269576072693e+00 1.532535552979e+00 3.629749298096e+00 1.276248574257e+00 1.665780305862e+00 3.402125835419e+00 4.761034488678e+00 2.330967187881e+00 2.635708332062e+00 1.677549123764e+00 3.162009239197e+00 2.791726589203e+00
8.706479519606e-02 9.407837688923e-02 9.046060591936e-02 8.887147158384e-02 8.251128345728e-02 8.351018279791e-02 8.814083784819e-02 1.162122711539e-01 1.443775147200e-01 1.483698189259e-01 1.296886801720e-01 1.433927565813e-01 1.595458686352e-01 1.550964415073e-01 1.539316475391e-01 1.597362458706e-01 1.711472272873e-01 2.003276497126e-01 1.796018034220e-01 1.612903326750e-01 1.661044657230e-01 1.785584241152e-01 2.133855670691e-01 2.193634361029e-01 2.644564509392e-01 3.251500129700e-01 5.363704562187e-01 5.330120325089e-01 9.526348710060e-01 1.927842617035e+00 2.397124052048e+00 1.227874398232e+00 1.231792807579e+00 3.698406457901e+00 1.962203025818e+00 2.414906740189e+00 2.141557455063e+00 2.776875495911e+00 2.028177261353e+00 7.769209146500e-01 7.395848631859e-01 9.988381266594e-01 1.975138068199e+00
8.010737597942e-02 8.020319044590e-02 7.968008518219e-02 7.858414202929e-02 8.072676509619e-02 8.544876426458e-02 9.079609066248e-02 1.084019616246e-01 1.215749010444e-01 1.155265793204e-01 1.361113935709e-01 1.464977264404e-01 1.422871798277e-01 1.495939940214e-01 2.048016041517e-01 2.849703729153e-01 3.229832053185e-01 4.092756211758e-01 4.082444310188e-01 4.396235048771e-01 3.138271272182e-01 2.992070913315e-01 3.470207452774e-01 2.905954718590e-01 3.318510651588e-01 4.586932361126e-01 1.374487161636e+00 1.282582998276e+00 1.234406709671e+00 1.664492607117e+00 9.387946724892e-01 9.899305701256e-01 1.325300812721e+00 7.601183056831e-01 4.113872528076e+00 5.729647636414e+00 5.116642951965e+00 1.183561086655e+00 5.606068968773e-01 4.633020758629e-01 4.529481828213e-01 5.355691313744e-01 5.653915405273e-01
7.445579767227e-02 7.724601775408e-02 7.435847073793e-02 8.004295825958e-02 8.561521023512e-02 9.795765578747e-02 9.798945486546e-02 1.134807765484e-01 1.242706179619e-01 1.446022093296e-01 1.498486697674e-01 1.779277175665e-01 1.865368336439e-01 1.726178526878e-01 4.165738821030e-01 1.494971156120e+00 1.181490659714e+00 7.051404118538e-01 7.935738563538e-01 9.877546429634e-01 7.300978899002e-01 3.839571177959e-01 4.469112753868e-01 5.599055290222e-01 5.441827774048e-01 1.014522552490e+00 1.426601052284e+00 1.263380169868e+00 1.030927777290e+00 9.308754801750e-01 1.056347131729e+00 9.844359755516e-01 7.443712949753e-01 6.209216117859e-01 1.053189158440e+00 4.841084480286e+00 5.045153617859e+00 1.040530204773e+00 3.700654208660e-01 3.769772946835e-01 3.390580415726e-01 3.258072137833e-01 5.359866023064e-01
7.465138286352e-02 8.043987303972e-02 1.018395498395e-01 1.138301193714e-01 1.044615730643e-01 1.731577664614e-01 2.035910189152e-01 2.069486826658e-01 1.748273074627e-01 1.711019873619e-01 1.876955330372e-01 2.359455674887e-01 2.352884113789e-01 8.664486408234e-01 6.119455814362e+00 7.703138828278e+00 3.592712879181e+00 2.056259393692e+00 1.644224166870e+00 1.283113598824e+00 6.126062870026e-01 6.100755333900e-01 1.330563902855e+00 2.838911056519e+00 2.327853202820e+00 1.241156578064e+00 1.449781417847e+00 1.180886983871e+00 1.250496506691e+00 8.632136583328e-01 2.133955001831e+00 8.547300696373e-01 6.580643653870e-01 4.651525318623e-01 3.084016442299e-01 9.972901344299e-01 1.101017951965e+00 2.694230675697e-01 1.809267103672e-01 2.129098922014e-01 2.632484436035e-01 2.942837178707e-01 2.751786410809e-01
9.156831353903e-02 1.440337598324e-01 1.963641047478e-01 2.133981287479e-01 2.751669883728e-01 3.658334612846e-01 3.594317138195e-01 3.170638680458e-01 2.726216018200e-01 2.102472931147e-01 2.533962130547e-01 2.802692949772e-01 1.558238625526e+00 8.590491294861e+00 1.174555969238e+01 4.094613075256e+00 1.294693946838e+00 7.925894260406e-01 8.063928484917e-01 7.054800987244e-01 6.754056811333e-01 1.539279699326e+00 3.034378290176e+00 4.030008792877e+00 3.242069721222e+00 1.668005943298e+00 1.150296211243e+00 8.456146717072e-01 7.654994726181e-01 6.817026734352e-01 9.180952906609e-01 4.225166440010e-01 4.777867496014e-01 3.873375356197e-01 2.433178722858e-01 1.442640572786e-01 1.189194545150e-01 1.158504262567e-01 1.216807737947e-01 1.515428721905e-01 2.034810930490e-01 2.573251426220e-01 2.632474899292e-01
1.516681015491e-01 2.268117368221e-01 3.013328313828e-01 4.032956361771e-01 7.804708480835e-01 7.734362483025e-01 1.082173705101e+00 7.783637642860e-01 8.848311901093e-01 5.255844593048e-01 2.958821654320e-01 2.033014059067e+00 8.188890457153e+00 8.150565147400e+00 2.132359743118e+00 6.434983611107e-01 1.192865967751e+00 1.575554728508e+00 1.113556385040e+00 1.294977307320e+00 1.565652251244e+00 1.574255585670e+00 2.294104814529e+00 1.874562025070e+00 1.267787575722e+00 9.880794882774e-01 6.159883141518e-01 2.392826229334e-01 2.459963262081e-01 2.428236901760e-01 3.110103011131e-01 2.274998724461e-01 2.004412263632e-01 1.384238898754e-01 1.415582299232e-01 1.441897451878e-01 1.488468050957e-01 1.562449634075e-01 1.661709100008e-01 1.789696216583e-01 1.809538155794e-01 2.160255312920e-01 2.738030254841e-01
