VariationalSeries/SI/f42_max.grd
DSAA
101	101
32.816463539100	34.260883539100
35.556306596100	36.727886596100
1.223732717335e-03	2.009900512695e+02
[rows 19 to 37 of 101, columns 43 to 85 of 101]
1.977979063988e+00 2.438164472580e+00 3.169857501984e+00 3.229941844940e+00 2.093923091888e+00 3.218137264252e+00 1.636249661446e+00 1.706287503242e+00 1.845105886459e+00 1.871338605881e+00 1.707808852196e+00 2.516176939011e+00 3.030822992325e+00 2.999408721924e+00 1.991304874420e+00 2.432428359985e+00 3.208288908005e+00 3.007593393326e+00 1.655327081680e+00 2.670134544373e+00 1.230765819550e+00 1.727398276329e+00 2.320052623749e+00 1.145630002022e+00 1.136269807816e+00 1.338440895081e+00 1.104546189308e+00 1.393355488777e+00 1.292949199677e+00 1.023841261864e+00 1.104040980339e+00 1.523270964622e+00 1.720163464546e+00 1.332367777824e+00 1.185584902763e+00 9.633480906487e-01 6.616778373718e-01 7.282774448395e-01 8.055318593979e-01 6.708506345749e-01 6.258194446564e-01 5.487989187241e-01 5.966528058052e-01
1.788297533989e+00 2.389057874680e+00 3.388167619705e+00 3.906963348389e+00 2.827162742615e+00 2.845616102219e+00 1.683480501175e+00 1.807716965675e+00 1.598807811737e+00 2.002231836319e+00 2.095050573349e+00 2.353101968765e+00 3.243969678879e+00 3.190642118454e+00 2.467315435410e+00 2.644438266754e+00 3.132348775864e+00 3.398644447327e+00 1.953388690948e+00 2.581591367722e+00 1.406619787216e+00 2.617952585220e+00 3.260780334473e+00 1.517318606377e+00 1.325811386108e+00 1.370182752609e+00 1.360248684883e+00 1.441057205200e+00 1.123004674911e+00 1.089452266693e+00 1.538131475449e+00 2.009640932083e+00 1.795176863670e+00 1.425139665604e+00 1.170139193535e+00 9.645437002182e-01 6.926919221878e-01 8.515961170197e-01 6.596747040749e-01 5.630936026573e-01 6.004131436348e-01 5.232829451561e-01 5.451390147209e-01
1.928405523300e+00 2.734575748444e+00 3.128660678864e+00 4.089876174927e+00 3.484245777130e+00 2.435534238815e+00 1.670992612839e+00 1.915317416191e+00 1.530063390732e+00 1.872907161713e+00 1.975399255753e+00 2.249020099640e+00 3.081612825394e+00 3.491865873337e+00 2.974642515182e+00 2.826476335526e+00 3.000034570694e+00 3.714312076569e+00 2.227005720139e+00 2.391678094864e+00 1.580924749374e+00 3.243821859360e+00 3.570796728134e+00 1.706016659737e+00 1.295001029968e+00 1.602378606796e+00 1.535479545593e+00 1.246337652206e+00 1.061509609222e+00 1.529858231544e+00 2.145366668701e+00 2.080542802811e+00 1.405479431152e+00 1.625615000725e+00 1.159721493721e+00 8.879369497299e-01 8.242719769478e-01 8.757553100586e-01 7.304313182831e-01 5.700444579124e-01 5.588503479958e-01 4.114441275597e-01 4.059110879898e-01
1.842162370682e+00 2.576994657516e+00 2.652766704559e+00 3.904024124146e+00 3.856121778488e+00 2.546453475952e+00 2.233875036240e+00 2.028867959976e+00 1.507314324379e+00 1.639895200729e+00 1.897981405258e+00 2.279070138931e+00 2.556264877319e+00 3.658738851547e+00 3.312873363495e+00 2.753253936768e+00 2.773438692093e+00 3.983446121216e+00 2.452716588974e+00 2.142644643784e+00 1.754361867905e+00 3.221573352814e+00 3.112144708633e+00 1.482257962227e+00 1.416407346725e+00 1.673040747643e+00 1.393358945847e+00 1.136556625366e+00 1.610131263733e+00 2.269829511642e+00 2.232044696808e+00 1.550587415695e+00 1.183044791222e+00 1.688922643661e+00 8.336705565453e-01 8.201401233673e-01 1.017746448517e+00 7.794504761696e-01 8.378325104713e-01 5.340721607208e-01 5.957760810852e-01 4.977169036865e-01 4.492872059345e-01
1.498605251312e+00 1.794425964355e+00 2.756792068481e+00 3.457176446915e+00 3.885581970215e+00 2.583786010742e+00 2.778460502625e+00 2.330891370773e+00 1.635622262955e+00 1.399247050285e+00 1.977535367012e+00 2.223927259445e+00 2.626511096954e+00 3.929229497910e+00 3.354624509811e+00 2.598121404648e+00 2.495687961578e+00 4.148059368134e+00 2.616238832474e+00 2.595459938049e+00 2.040871620178e+00 2.648370981216e+00 2.321036577225e+00 1.380042552948e+00 1.741156697273e+00 1.618066191673e+00 1.190787553787e+00 1.717581868172e+00 2.460460662842e+00 2.391471385956e+00 1.623406767845e+00 9.605853557587e-01 1.266710400581e+00 1.584179162979e+00 8.512969017029e-01 8.790522217751e-01 1.072634935379e+00 8.157856464386e-01 9.192425608635e-01 5.573397278786e-01 5.659456849098e-01 4.686407148838e-01 4.766852557659e-01
1.930643677711e+00 1.930140256882e+00 3.113377809525e+00 2.922655582428e+00 3.692759752274e+00 2.884675025940e+00 2.662600040436e+00 2.949458599091e+00 2.562960863113e+00 1.958517313004e+00 2.142793178558e+00 2.099466800690e+00 2.863869667053e+00 4.202646255493e+00 3.012485265732e+00 2.491218090057e+00 2.126362085342e+00 4.241754055023e+00 3.312277317047e+00 2.867139101028e+00 2.414314746857e+00 2.566740989685e+00 1.553152203560e+00 1.679030537605e+00 1.787287235260e+00 1.217978715897e+00 1.864924550056e+00 2.653759002686e+00 2.526534080505e+00 1.692947745323e+00 9.067299365997e-01 7.133579254150e-01 1.694402694702e+00 1.323967576027e+00 8.107970356941e-01 1.140556454659e+00 9.891554117203e-01 8.220911026001e-01 9.765270352364e-01 6.899173855782e-01 4.873299598694e-01 4.643003344536e-01 4.104757606983e-01
3.032264709473e+00 1.874376296997e+00 1.872921466827e+00 3.223810195923e+00 3.402254581451e+00 3.046150207520e+00 2.343175649643e+00 2.698649168015e+00 3.068148612976e+00 3.013528347015e+00 2.568544864655e+00 3.183184385300e+00 3.112875223160e+00 4.368264198303e+00 2.606895923615e+00 2.251511812210e+00 2.979349136353e+00 4.272174358368e+00 3.749033689499e+00 2.749129772186e+00 2.602777481079e+00 2.768855333328e+00 1.744447588921e+00 1.829422354698e+00 1.501364469528e+00 1.951771736145e+00 2.890148639679e+00 2.708233833313e+00 1.761602759361e+00 1.149673342705e+00 1.617221832275e+00 9.941607117653e-01 1.977098464966e+00 1.156602382660e+00 9.475500583649e-01 1.220232844353e+00 1.189982891083e+00 8.374669551849e-01 1.008054852486e+00 7.615197300911e-01 4.582915604115e-01 4.383603036404e-01 5.079240798950e-01
4.054780483246e+00 1.927652001381e+00 1.888833522797e+00 2.970834732056e+00 3.064797401428e+00 3.118393659592e+00 2.536373138428e+00 2.588233709335e+00 2.551208734512e+00 3.303664684296e+00 3.604275703430e+00 3.221708774567e+00 3.361996650696e+00 4.426493167877e+00 2.262924194336e+00 3.487381458282e+00 4.180754661560e+00 4.278080463409e+00 3.643494844437e+00 2.178374528885e+00 2.472734689713e+00 2.537308216095e+00 1.755583524704e+00 1.511056303978e+00 1.967243194580e+00 3.074114561081e+00 2.965933084488e+00 1.857231378555e+00 1.638690352440e+00 2.252274513245e+00 2.044527053833e+00 1.856754779816e+00 1.926016688347e+00 1.294052481651e+00 1.220723509789e+00 1.011393070221e+00 1.297818779945e+00 8.860487341881e-01 1.011643290520e+00 7.568534016609e-01 4.880445003510e-01 5.562180280685e-01 7.171138525009e-01
4.427086353302e+00 1.980248332024e+00 2.284772396088e+00 1.969171047211e+00 3.363582849503e+00 3.151287555695e+00 2.687212467194e+00 2.749773979187e+00 2.606358289719e+00 3.290406227112e+00 3.474895715714e+00 3.028120756149e+00 3.585625171661e+00 4.265712261200e+00 3.797457456589e+00 4.620520591736e+00 4.463964939117e+00 4.157378673553e+00 2.476338863373e+00 2.200886964798e+00 2.546606302261e+00 2.564354181290e+00 1.835932731628e+00 1.882942795753e+00 3.204844951630e+00 3.272799253464e+00 2.051357746124e+00 1.666773319244e+00 2.450571537018e+00 2.033547878265e+00 1.655163645744e+00 1.810852289200e+00 1.492920875549e+00 1.421113729477e+00 1.209771871567e+00 8.444256186485e-01 1.271402001381e+00 9.566634297371e-01 9.918580651283e-01 6.852633953094e-01 5.913299322128e-01 7.955489158630e-01 8.989720344543e-01
3.886377096176e+00 2.894901514053e+00 2.645717620850e+00 1.865205526352e+00 2.444142341614e+00 3.190213680267e+00 3.361955165863e+00 2.923329353333e+00 3.421223163605e+00 5.029204368591e+00 2.862883329391e+00 2.662838459015e+00 3.733738422394e+00 3.926319360733e+00 4.926691055298e+00 4.769259452820e+00 4.126754283905e+00 4.020576000214e+00 2.733176708221e+00 2.957318305969e+00 2.644142150879e+00 2.551958322525e+00 1.719691038132e+00 3.251714944839e+00 3.606433629990e+00 2.331494569778e+00 1.904062509537e+00 2.598231792450e+00 2.299519300461e+00 1.507223248482e+00 2.195011138916e+00 1.900848627090e+00 1.139989733696e+00 1.301465749741e+00 1.083698034286e+00 1.164167404175e+00 1.157584786415e+00 1.050887942314e+00 9.625113606453e-01 8.858222365379e-01 9.865727424622e-01 1.107290029526e+00 9.336321949959e-01
2.622932195663e+00 4.360864162445e+00 2.896990776062e+00 2.292833566666e+00 2.751271486282e+00 3.117866992950e+00 2.982102394104e+00 3.129964113235e+00 4.486706256866e+00 6.223830699921e+00 4.179184436798e+00 2.901575326920e+00 3.762049913406e+00 4.690772056580e+00 5.023118972778e+00 6.968375205994e+00 3.695448160172e+00 3.727370262146e+00 3.055035829544e+00 2.991112232208e+00 2.727571725845e+00 2.522690534592e+00 3.219114780426e+00 3.827714920044e+00 2.628494501114e+00 2.143359422684e+00 2.564760923386e+00 2.571640253067e+00 2.198514223099e+00 2.201093435287e+00 2.330763339996e+00 1.302919387817e+00 1.232055306435e+00 1.112198710442e+00 9.682245850563e-01 9.056598544121e-01 1.571477532387e+00 1.240293622017e+00 1.142688512802e+00 1.315642833710e+00 1.310879588127e+00 9.619123339653e-01 6.462683081627e-01
2.943510532379e+00 4.832271575928e+00 2.995866060257e+00 2.534155130386e+00 3.244168043137e+00 2.987520694733e+00 3.107212305069e+00 3.923860073090e+00 5.172851562500e+00 6.251291751862e+00 4.990990161896e+00 4.954266548157e+00 4.384100437164e+00 5.145408153534e+00 6.097445487976e+00 8.823940277100e+00 3.842521429062e+00 4.160974979401e+00 4.126132488251e+00 3.373327970505e+00 2.671118259430e+00 3.211063146591e+00 4.024866580963e+00 2.893714666367e+00 2.400205612183e+00 2.532608509064e+00 2.451585769653e+00 2.712594747543e+00 2.639692306519e+00 2.648938417435e+00 1.993596076965e+00 1.076936244965e+00 1.473482966423e+00 9.173542261124e-01 9.568108320236e-01 9.780592918396e-01 2.165726184845e+00 1.443913578987e+00 1.515397310257e+00 1.220375895500e+00 7.413417696953e-01 4.343115091324e-01 4.310636222363e-01
5.828599929810e+00 3.820792675018e+00 4.188470840454e+00 2.691064596176e+00 3.949772357941e+00 3.062139511108e+00 3.346359014511e+00 4.534606933594e+00 5.444088459015e+00 5.293626785278e+00 5.123643875122e+00 5.176576137543e+00 4.866195201874e+00 3.947280645370e+00 4.181155681610e+00 5.624549388885e+00 3.141149520874e+00 4.112648010254e+00 4.496005535126e+00 3.751357316971e+00 3.339036941528e+00 4.211824893951e+00 3.153007507324e+00 2.681420087814e+00 2.482878446579e+00 2.275863409042e+00 2.448960542679e+00 2.895445823669e+00 2.905132532120e+00 2.606742620468e+00 1.624764442444e+00 1.030791401863e+00 1.569409012794e+00 1.249639391899e+00 1.507242441177e+00 1.603273272514e+00 2.441816806793e+00 1.429378151894e+00 1.130624532700e+00 7.853401899338e-01 7.036895751953e-01 5.322461128235e-01 5.120174288750e-01
9.458968162537e+00 4.135219573975e+00 4.688861370087e+00 3.419811964035e+00 4.378032207489e+00 3.743469953537e+00 3.678354263306e+00 5.206753730774e+00 5.593363761902e+00 4.400132656097e+00 6.168324947357e+00 7.581390380859e+00 4.206612586975e+00 4.939358234406e+00 3.025989294052e+00 3.509246587753e+00 3.352946281433e+00 3.999452829361e+00 3.864920139313e+00 3.506159543991e+00 4.471462249756e+00 3.403835535049e+00 2.795375585556e+00 2.510071039200e+00 2.700065374374e+00 2.514371395111e+00 2.517005681992e+00 3.141717195511e+00 3.162044286728e+00 2.871575355530e+00 1.975608706474e+00 1.739673018456e+00 1.726665377617e+00 1.570265769958e+00 1.519735574722e+00 2.336042642593e+00 2.008720397949e+00 9.734086394310e-01 1.051475167274e+00 1.074520111084e+00 9.957901835442e-01 7.692010402679e-01 5.529060363770e-01
1.035369014740e+01 1.081735229492e+01 4.472737312317e+00 4.492097854614e+00 4.821414947510e+00 4.530977725983e+00 6.211164951324e+00 5.834362506866e+00 5.516932964325e+00 4.103173255920e+00 6.283282756805e+00 8.448614120483e+00 5.052353858948e+00 4.753214836121e+00 3.856882095337e+00 3.929133415222e+00 4.176359653473e+00 3.948238611221e+00 3.820794582367e+00 4.786701679230e+00 3.727937698364e+00 3.190495967865e+00 2.733415842056e+00 2.140918970108e+00 2.633962392807e+00 2.949208259583e+00 2.715299844742e+00 3.376194953918e+00 3.521558523178e+00 3.142363786697e+00 2.338183641434e+00 1.727044582367e+00 1.535877466202e+00 1.303887128830e+00 2.115708351135e+00 2.421990871429e+00 1.079183936119e+00 1.106535077095e+00 1.153362274170e+00 1.169299483299e+00 1.104892134666e+00 9.232186079025e-01 6.404809951782e-01
4.979338645935e+00 1.457319545746e+01 1.065053462982e+01 4.445183753967e+00 5.080917835236e+00 5.643687248230e+00 6.016750335693e+00 6.126287460327e+00 4.899427413940e+00 4.282147884369e+00 7.163986206055e+00 8.272034645081e+00 6.496243476868e+00 4.394307613373e+00 4.034765243530e+00 4.522795677185e+00 7.003067016602e+00 4.397334575653e+00 5.307902812958e+00 4.090548038483e+00 2.942068815231e+00 2.867017030716e+00 2.423405408859e+00 2.943743705750e+00 2.989650487900e+00 3.426203250885e+00 3.773068189621e+00 2.890268564224e+00 3.429743289948e+00 3.425581216812e+00 2.660840511322e+00 1.415422677994e+00 1.442705988884e+00 2.237790346146e+00 2.425779104233e+00 1.417650699615e+00 9.821423292160e-01 9.913633465767e-01 9.868255853653e-01 1.001716613770e+00 9.981073737144e-01 9.242324829102e-01 7.388017177582e-01
9.160860061646e+00 6.889418125153e+00 1.699359512329e+01 7.914763927460e+00 5.138168811798e+00 6.938634395599e+00 5.217455863953e+00 5.826380729675e+00 7.670182228088e+00 5.960671901703e+00 8.268692970276e+00 6.572797298431e+00 6.921231746674e+00 5.795909881592e+00 4.771290779114e+00 4.461194992065e+00 1.018406105042e+01 6.153672695160e+00 4.952205181122e+00 6.026317596436e+00 3.584401130676e+00 2.923772335052e+00 3.122334957123e+00 3.287304401398e+00 3.166815519333e+00 3.360765933990e+00 4.756792068481e+00 2.890142679214e+00 3.560895442963e+00 3.719325065613e+00 3.015569210052e+00 1.943679451942e+00 2.465837001801e+00 2.281102657318e+00 1.304212093353e+00 1.094857096672e+00 1.034127116203e+00 9.683104753494e-01 9.000697731972e-01 8.379252552986e-01 8.599491715431e-01 8.887901306152e-01 8.073931932449e-01
1.239456462860e+01 1.614784812927e+01 9.748986244202e+00 1.671183395386e+01 6.198294639587e+00 8.400938987732e+00 7.208087921143e+00 7.688023090363e+00 1.076472377777e+01 8.924298286438e+00 1.029062080383e+01 5.906522274017e+00 6.280196666718e+00 6.542909145355e+00 5.860144615173e+00 4.625454425812e+00 1.195683670044e+01 6.782533645630e+00 7.064866542816e+00 4.895937442780e+00 2.657188415527e+00 2.939079761505e+00 3.735000848770e+00 3.387747764587e+00 3.080965995789e+00 2.947799921036e+00 4.637751102448e+00 3.170044898987e+00 3.995616197586e+00 3.941608190536e+00 3.125813245773e+00 2.489972352982e+00 1.866699337959e+00 9.810948371887e-01 9.666841030121e-01 1.013488292694e+00 1.002329826355e+00 1.071476817131e+00 1.052156686783e+00 9.984078407288e-01 1.087796092033e+00 1.264255881310e+00 1.320154905319e+00
2.436695480347e+01 1.617423820496e+01 1.706950187683e+01 1.415792751312e+01 1.288092327118e+01 9.443831443787e+00 1.036830997467e+01 9.163258552551e+00 9.461639404297e+00 1.046619033813e+01 1.210046672821e+01 7.042954921722e+00 6.189279556274e+00 6.645113468170e+00 7.273330211639e+00 6.879218578339e+00 9.223796844482e+00 6.833320617676e+00 6.814608573914e+00 5.440591812134e+00 4.435764312744e+00 5.268144130707e+00 5.304366588593e+00 4.388549327850e+00 3.204274892807e+00 2.737588644028e+00 3.638962984085e+00 3.896458625793e+00 4.130365848541e+00 3.449153661728e+00 2.419384717941e+00 1.541547179222e+00 1.348923325539e+00 1.434000611305e+00 1.695002436638e+00 1.857751488686e+00 1.942504048347e+00 1.933215260506e+00 1.834680080414e+00 1.678491592407e+00 1.526719450951e+00 1.532498955727e+00 1.356531143188e+00
