VariationalSeries/SI/f43.grd
DSAA
101	101
32.816463539100	34.260883539100
35.556306596100	36.727886596100
1.439300714992e-03	2.364411773682e+02
[rows 19 to 37 of 101, columns 43 to 85 of 101]
2.326531887054e+00 2.867883682251e+00 3.728542089462e+00 3.799236774445e+00 2.463007688522e+00 3.785458087921e+00 1.924548745155e+00 2.007112503052e+00 2.170160055161e+00 2.201020002365e+00 2.008684396744e+00 2.959642410278e+00 3.565031766891e+00 3.528208494186e+00 2.342366933823e+00 2.861251592636e+00 3.773885965347e+00 3.537805318832e+00 1.947174429893e+00 3.140892505646e+00 1.447703361511e+00 2.031913518906e+00 2.729024410248e+00 1.347573876381e+00 1.336601376534e+00 1.574310421944e+00 1.299200654030e+00 1.639012575150e+00 1.520899534225e+00 1.204349040985e+00 1.298684120178e+00 1.791674971581e+00 2.023257732391e+00 1.567131161690e+00 1.394609689713e+00 1.133074402809e+00 7.782539725304e-01 8.566768765450e-01 9.475565552711e-01 7.891275882721e-01 7.360547184944e-01 6.455429792404e-01 7.018303871155e-01
2.103429079056e+00 2.810118198395e+00 3.985321283340e+00 4.595573425293e+00 3.325493097305e+00 3.347267866135e+00 1.980107784271e+00 2.126429319382e+00 1.880480170250e+00 2.354986190796e+00 2.464163303375e+00 2.767836570740e+00 3.815763711929e+00 3.753168821335e+00 2.902389049530e+00 3.110634803772e+00 3.684569358826e+00 3.997806549072e+00 2.297793388367e+00 3.036747694016e+00 1.654559731483e+00 3.079466342926e+00 3.835584878922e+00 1.784718751907e+00 1.559562444687e+00 1.611649155617e+00 1.600079536438e+00 1.695126533508e+00 1.320995330811e+00 1.281529307365e+00 1.809160351753e+00 2.363745212555e+00 2.111488342285e+00 1.676401495934e+00 1.376302003860e+00 1.134480953217e+00 8.148263692856e-01 1.001737833023e+00 7.759848237038e-01 6.622830033302e-01 7.061755061150e-01 6.155310273170e-01 6.412372589111e-01
2.268205881119e+00 3.216456890106e+00 3.680075883865e+00 4.810719013214e+00 4.098383903503e+00 2.864892721176e+00 1.965557217598e+00 2.253005981445e+00 1.799684524536e+00 2.202890872955e+00 2.323442459106e+00 2.645437955856e+00 3.624813318253e+00 4.107474803925e+00 3.499174356461e+00 3.324763536453e+00 3.528939485550e+00 4.369140148163e+00 2.619659662247e+00 2.813359737396e+00 1.859596133232e+00 3.815677404404e+00 4.200255393982e+00 2.006674289703e+00 1.523323059082e+00 1.884811997414e+00 1.806206226349e+00 1.466078877449e+00 1.248560190201e+00 1.799436450005e+00 2.523394107819e+00 2.447141170502e+00 1.653127074242e+00 1.912223815918e+00 1.364048719406e+00 1.044377446175e+00 9.695989489555e-01 1.030157446861e+00 8.591280579567e-01 6.704601645470e-01 6.573275923729e-01 4.839445650578e-01 4.774686694145e-01
2.166756868362e+00 3.031115531921e+00 3.120310544968e+00 4.592112064362e+00 4.535802841187e+00 2.995334863663e+00 2.627449274063e+00 2.386582612991e+00 1.772932291031e+00 1.928835988045e+00 2.232630491257e+00 2.680789470673e+00 3.006892442703e+00 4.303823471069e+00 3.897057533264e+00 3.238628625870e+00 3.262404680252e+00 4.685739994049e+00 2.885174989700e+00 2.520426988602e+00 2.063614368439e+00 3.789514780045e+00 3.660757064819e+00 1.743603110313e+00 1.665946722031e+00 1.968031883240e+00 1.639029502869e+00 1.336834907532e+00 1.893860340118e+00 2.669796705246e+00 2.625346183777e+00 1.823808431625e+00 1.391491532326e+00 1.986696600914e+00 9.805534482002e-01 9.647469520569e-01 1.197185277939e+00 9.167832136154e-01 9.854534864426e-01 6.281824707985e-01 7.007613778114e-01 5.854188203812e-01 5.284547805786e-01
1.762665033340e+00 2.110644578934e+00 3.242599964142e+00 4.066514492035e+00 4.570462226868e+00 3.039227247238e+00 3.267996072769e+00 2.741573810577e+00 1.923802495003e+00 1.645830512047e+00 2.326216697693e+00 2.615933418274e+00 3.089554786682e+00 4.622021675110e+00 3.946194887161e+00 3.056312084198e+00 2.935693979263e+00 4.879395008087e+00 3.077538490295e+00 3.052901744843e+00 2.400680780411e+00 3.115268230438e+00 2.730196237564e+00 1.623295307159e+00 2.048169136047e+00 1.903364658356e+00 1.400626301765e+00 2.020250797272e+00 2.894027233124e+00 2.812874317169e+00 1.909465074539e+00 1.129841208458e+00 1.490053534508e+00 1.863490700722e+00 1.001398801804e+00 1.034042239189e+00 1.261752128601e+00 9.595214724541e-01 1.081208705902e+00 6.555513143539e-01 6.656758189201e-01 5.512199997902e-01 5.606808066368e-01
2.270996093750e+00 2.270253181458e+00 3.662032127380e+00 3.437794923782e+00 4.343668937683e+00 3.393162250519e+00 3.131732702255e+00 3.469143867493e+00 3.014553546906e+00 2.303608894348e+00 2.520313262939e+00 2.469542264938e+00 3.368771791458e+00 4.943664073944e+00 3.543761491776e+00 2.930559396744e+00 2.501261472702e+00 4.989629268646e+00 3.896081447601e+00 3.372467041016e+00 2.839971780777e+00 3.019263982773e+00 1.826973915100e+00 1.975099205971e+00 2.102433204651e+00 1.432538628578e+00 2.193565368652e+00 3.121397495270e+00 2.971745491028e+00 1.991266250610e+00 1.066505074501e+00 8.391468524933e-01 1.993155121803e+00 1.557405829430e+00 9.537482261658e-01 1.341653585434e+00 1.163517951965e+00 9.669392108917e-01 1.148588061333e+00 8.114928603172e-01 5.732632279396e-01 5.461720824242e-01 4.828299582005e-01
3.566796779633e+00 2.204797029495e+00 2.202988862991e+00 3.791935920715e+00 4.001978874207e+00 3.583120346069e+00 2.756274700165e+00 3.174153089523e+00 3.608771324158e+00 3.544539928436e+00 3.021154403687e+00 3.744019985199e+00 3.661692142487e+00 5.138502597809e+00 3.066682338715e+00 2.648525476456e+00 3.504535675049e+00 5.025436878204e+00 4.409814357758e+00 3.233659982681e+00 3.061671733856e+00 3.257017135620e+00 2.051976919174e+00 2.152008533478e+00 1.766016006470e+00 2.295725822449e+00 3.399455308914e+00 3.185474395752e+00 2.072025537491e+00 1.352315306664e+00 1.902274250984e+00 1.169462084770e+00 2.325697422028e+00 1.360524415970e+00 1.114622235298e+00 1.435378909111e+00 1.399745106697e+00 9.850846529007e-01 1.185672998428e+00 8.957150578499e-01 5.390195250511e-01 5.156312584877e-01 5.974566340446e-01
4.769552230835e+00 2.267470359802e+00 2.221749305725e+00 3.494390964508e+00 3.605061531067e+00 3.668126106262e+00 2.983252286911e+00 3.044608354568e+00 3.000753879547e+00 3.885820388794e+00 4.239420890808e+00 3.789371490479e+00 3.954752445221e+00 5.207017421722e+00 2.662071228027e+00 4.102162837982e+00 4.917713165283e+00 5.032411098480e+00 4.285671710968e+00 2.562311410904e+00 2.908711433411e+00 2.984652280807e+00 2.065160036087e+00 1.777504920959e+00 2.313933849335e+00 3.615854024887e+00 3.488598346710e+00 2.184513330460e+00 1.927418589592e+00 2.649263381958e+00 2.404894590378e+00 2.184019327164e+00 2.265613555908e+00 1.522207975388e+00 1.435961484909e+00 1.189718723297e+00 1.526587724686e+00 1.042231917381e+00 1.189895629883e+00 8.902289867401e-01 5.740269422531e-01 6.542653441429e-01 8.435299992561e-01
5.207487583160e+00 2.329345464706e+00 2.687481880188e+00 2.316247224808e+00 3.956363916397e+00 3.706852436066e+00 3.160989284515e+00 3.234643459320e+00 3.065606117249e+00 3.870369911194e+00 4.087259769440e+00 3.561753749847e+00 4.217827796936e+00 5.017904758453e+00 4.466946125031e+00 5.435050010681e+00 5.250834941864e+00 4.890458106995e+00 2.912805795670e+00 2.588956356049e+00 2.995583534241e+00 3.016459941864e+00 2.159343242645e+00 2.214786529541e+00 3.769637823105e+00 3.849557161331e+00 2.412858009338e+00 1.960572123528e+00 2.882518291473e+00 2.391982793808e+00 1.946877241135e+00 2.130152940750e+00 1.756159782410e+00 1.671578764915e+00 1.423079609871e+00 9.932440519333e-01 1.495512247086e+00 1.125282526016e+00 1.166626095772e+00 8.060256838799e-01 6.955888867378e-01 9.357944726944e-01 1.057449817657e+00
4.571470260620e+00 3.405245065689e+00 3.112056016922e+00 2.194070100784e+00 2.875036478043e+00 3.752447843552e+00 3.954460859299e+00 3.438814878464e+00 4.024290561676e+00 5.915676593781e+00 3.367857456207e+00 3.132232666016e+00 4.392075538635e+00 4.618682384491e+00 5.795251369476e+00 5.609993934631e+00 4.854286670685e+00 4.729569435120e+00 3.214797019958e+00 3.478770256042e+00 3.110330343246e+00 3.001893043518e+00 2.022772789001e+00 3.824784040451e+00 4.242004394531e+00 2.742372989655e+00 2.239694356918e+00 3.056213617325e+00 2.704834222794e+00 1.772869467735e+00 2.581873655319e+00 2.236019372940e+00 1.340832591057e+00 1.530930757523e+00 1.274684190750e+00 1.369332432747e+00 1.361630439758e+00 1.236080527306e+00 1.132110357285e+00 1.041917085648e+00 1.160496830940e+00 1.302494764328e+00 1.098222374916e+00
3.085317611694e+00 5.129621028900e+00 3.407630205154e+00 2.697093963623e+00 3.236300230026e+00 3.667610168457e+00 3.507896423340e+00 3.681900501251e+00 5.277602195740e+00 7.320905685425e+00 4.915888309479e+00 3.413062334061e+00 4.425398826599e+00 5.517792224884e+00 5.908662796021e+00 8.196237564087e+00 4.346648216248e+00 4.384710788727e+00 3.593461990356e+00 3.518529891968e+00 3.208359479904e+00 2.967349767685e+00 3.786454916000e+00 4.502301216125e+00 3.091725587845e+00 2.521177530289e+00 3.016847848892e+00 3.024852514267e+00 2.585932016373e+00 2.589038372040e+00 2.741559982300e+00 1.532664418221e+00 1.449294567108e+00 1.308296680450e+00 1.138797402382e+00 1.065206766129e+00 1.848437070847e+00 1.458883643150e+00 1.344067335129e+00 1.547582745552e+00 1.541978240013e+00 1.131489992142e+00 7.601365447044e-01
3.462323188782e+00 5.684126377106e+00 3.523944854736e+00 2.980970621109e+00 3.816101551056e+00 3.514314174652e+00 3.655084133148e+00 4.615621089935e+00 6.084723472595e+00 7.353241920471e+00 5.870821475983e+00 5.827685832977e+00 5.156982421875e+00 6.052575588226e+00 7.171937942505e+00 1.037886238098e+01 4.519683837891e+00 4.894305229187e+00 4.853329181671e+00 3.967857599258e+00 3.141894578934e+00 3.777000904083e+00 4.734219074249e+00 3.403700828552e+00 2.823304176331e+00 2.979029417038e+00 2.883661985397e+00 3.190600156784e+00 3.104868173599e+00 3.115824937820e+00 2.344975948334e+00 1.266834497452e+00 1.733289599419e+00 1.078963279724e+00 1.125369906425e+00 1.150359749794e+00 2.547421932220e+00 1.698473691940e+00 1.782556056976e+00 1.435521960258e+00 8.720360994339e-01 5.107973814011e-01 5.069767236710e-01
6.855964183807e+00 4.494348526001e+00 4.926859855652e+00 3.165555477142e+00 4.646070957184e+00 3.601962566376e+00 3.936443805695e+00 5.334061622620e+00 6.403812885284e+00 6.226803779602e+00 6.026582717896e+00 6.088822841644e+00 5.724191188812e+00 4.643211364746e+00 4.918008327484e+00 6.615755558014e+00 3.695004701614e+00 4.837481021881e+00 5.288402557373e+00 4.412520885468e+00 3.927547216415e+00 4.954149246216e+00 3.708707571030e+00 3.154028415680e+00 2.920531034470e+00 2.676992654800e+00 2.880500078201e+00 3.405690908432e+00 3.417104482651e+00 3.066203117371e+00 1.911110877991e+00 1.212522745132e+00 1.846129417419e+00 1.469961166382e+00 1.772977590561e+00 1.885935068130e+00 2.872178077698e+00 1.681290626526e+00 1.329885482788e+00 9.236939549446e-01 8.276609182358e-01 6.260150074959e-01 6.022978425026e-01
1.112630462646e+01 4.864123821259e+00 5.515460014343e+00 4.022720813751e+00 5.149855613708e+00 4.403424739838e+00 4.326951503754e+00 6.124734401703e+00 6.579449176788e+00 5.175851345062e+00 7.255418300629e+00 8.917513847351e+00 4.948325157166e+00 5.810266971588e+00 3.559447765350e+00 4.127971172333e+00 3.943922519684e+00 4.704367637634e+00 4.546118259430e+00 4.124145507812e+00 5.259571075439e+00 4.003760814667e+00 3.288126945496e+00 2.952477931976e+00 3.175944328308e+00 2.957738876343e+00 2.960657835007e+00 3.695483207703e+00 3.719394445419e+00 3.377667903900e+00 2.323801755905e+00 2.046397924423e+00 2.031092643738e+00 1.847026824951e+00 1.787586688995e+00 2.747774362564e+00 2.362755537033e+00 1.144889473915e+00 1.236711859703e+00 1.263819813728e+00 1.171222805977e+00 9.047166705132e-01 6.503966450691e-01
1.217883777618e+01 1.272419071198e+01 5.261616706848e+00 5.284036159515e+00 5.671435356140e+00 5.329792976379e+00 7.306351661682e+00 6.863023757935e+00 6.489585876465e+00 4.826591968536e+00 7.391171455383e+00 9.937648773193e+00 5.942855358124e+00 5.591371536255e+00 4.536601066589e+00 4.621568679810e+00 4.912480354309e+00 4.644145488739e+00 4.494259357452e+00 5.630399703979e+00 4.385007381439e+00 3.752932310104e+00 3.215261220932e+00 2.518305301666e+00 3.098436594009e+00 3.468964576721e+00 3.193938493729e+00 3.971324682236e+00 4.142308712006e+00 3.696203947067e+00 2.750296354294e+00 2.031453371048e+00 1.806587696075e+00 1.533705949783e+00 2.488617420197e+00 2.848876953125e+00 1.269392132759e+00 1.301468014717e+00 1.356548786163e+00 1.375297904015e+00 1.299547433853e+00 1.085870385170e+00 7.533221244812e-01
5.857236385345e+00 1.714223670959e+01 1.252803707123e+01 5.228909969330e+00 5.976723194122e+00 6.638707637787e+00 7.077650070190e+00 7.206450939178e+00 5.763244628906e+00 5.037231922150e+00 8.427189826965e+00 9.730010986328e+00 7.641304016113e+00 5.168906211853e+00 4.745847702026e+00 5.320003986359e+00 8.237751007080e+00 5.172580718994e+00 6.243500709534e+00 4.811554431915e+00 3.460736036301e+00 3.372443914413e+00 2.850623607635e+00 3.462844848633e+00 3.516707658768e+00 4.030001163483e+00 4.437934875488e+00 3.399767160416e+00 4.034246921539e+00 4.029366016388e+00 3.129842996597e+00 1.665006995201e+00 1.697004675865e+00 2.632228136063e+00 2.853345155716e+00 1.667520880699e+00 1.155156731606e+00 1.166006684303e+00 1.160674452782e+00 1.178193688393e+00 1.173952579498e+00 1.087065458298e+00 8.689672946930e-01
1.077616596222e+01 8.104082107544e+00 1.998942375183e+01 9.310050010681e+00 6.044104576111e+00 8.162006378174e+00 6.137298583984e+00 6.853567123413e+00 9.022694587708e+00 7.011305332184e+00 9.726229667664e+00 7.731336593628e+00 8.141245841980e+00 6.817617893219e+00 5.612326145172e+00 5.247566699982e+00 1.197955036163e+01 7.238506317139e+00 5.825122833252e+00 7.088702201843e+00 4.216300964355e+00 3.439257144928e+00 3.672817468643e+00 3.866860151291e+00 3.725120782852e+00 3.952996253967e+00 5.595016956329e+00 3.399549722672e+00 4.188548564911e+00 4.374916553497e+00 3.547120571136e+00 2.286291360855e+00 2.900482892990e+00 2.683179378510e+00 1.534094214439e+00 1.287895202637e+00 1.216456055641e+00 1.139033675194e+00 1.058760046959e+00 9.856576323509e-01 1.011457324028e+00 1.045381903648e+00 9.496458768845e-01
1.458006477356e+01 1.899508476257e+01 1.146774673462e+01 1.965809249878e+01 7.291243076324e+00 9.882188796997e+00 8.478926658630e+00 9.043459892273e+00 1.266287517548e+01 1.049753189087e+01 1.210464572906e+01 6.948088169098e+00 7.387255668640e+00 7.696335792542e+00 6.893259525299e+00 5.440860271454e+00 1.406481742859e+01 7.978188514709e+00 8.310394287109e+00 5.759079933167e+00 3.125744104385e+00 3.457285881042e+00 4.393522739410e+00 3.985029935837e+00 3.624119758606e+00 3.467229127884e+00 5.455013275146e+00 3.728826999664e+00 4.699936866760e+00 4.636416435242e+00 3.676820755005e+00 2.928884506226e+00 2.195740461349e+00 1.154104709625e+00 1.137065529823e+00 1.192025423050e+00 1.178925752640e+00 1.260255217552e+00 1.237530231476e+00 1.174310088158e+00 1.279482603073e+00 1.487034440041e+00 1.552780508995e+00
2.866311454773e+01 1.902629661560e+01 2.007942581177e+01 1.665407180786e+01 1.515188407898e+01 1.110902690887e+01 1.219639015198e+01 1.077915573120e+01 1.112964725494e+01 1.231134223938e+01 1.423363590240e+01 8.284620285034e+00 7.280368804932e+00 7.816600799561e+00 8.555630683899e+00 8.092069625854e+00 1.084990406036e+01 8.037964820862e+00 8.015931129456e+00 6.399682521820e+00 5.217850685120e+00 6.196962356567e+00 6.239543914795e+00 5.162250518799e+00 3.769179344177e+00 3.220278024673e+00 4.280228614807e+00 4.583334922791e+00 4.858477592468e+00 4.057179450989e+00 2.845880508423e+00 1.813203930855e+00 1.586633563042e+00 1.686781048775e+00 1.993784785271e+00 2.185215473175e+00 2.284900188446e+00 2.273967266083e+00 2.158057451248e+00 1.974333405495e+00 1.795805454254e+00 1.802497267723e+00 1.595526337624e+00
