VariationalSeries/SI/f43.grd
DSAA
101	101
32.816463539100	34.260883539100
35.556306596100	36.727886596100
1.439300714992e-03	2.364411773682e+02
[rows 57 to 75 of 101, columns 0 to 42 of 101]
7.971417158842e-02 1.309413760900e-01 1.421587318182e-01 1.422989368439e-01 1.506594568491e-01 1.842085868120e-01 2.061885893345e-01 2.260364145041e-01 2.446156889200e-01 2.499876618385e-01 2.404783219099e-01 3.370385468006e-01 5.774369835854e-01 3.156563639641e-01 2.296199351549e-01 3.462654352188e-01 3.100544512272e-01 3.479430377483e-01 4.205585718155e-01 4.379091262817e-01 4.510993659496e-01 3.372431695461e-01 2.343470454216e-01 2.060614973307e-01 2.234856188297e-01 3.095198273659e-01 4.946211874485e-01 6.135535836220e-01 4.796023964882e-01 2.798770368099e-01 2.192521542311e-01 1.725472062826e-01 1.807973086834e-01 2.172053754330e-01 2.567048966885e-01 3.295605182648e-01 3.797442913055e-01 4.095679819584e-01 6.769581437111e-01 8.869888782501e-01 7.604654431343e-01 6.742919683456e-01 7.590970396996e-01
1.007600128651e-01 1.649438142776e-01 1.884255856276e-01 1.912315338850e-01 1.891426891088e-01 1.839748769999e-01 1.836404204369e-01 1.923023313284e-01 2.002980113029e-01 3.259601593018e-01 1.057738184929e+00 1.224867343903e+00 4.576517939568e-01 2.376139461994e-01 2.385497987270e-01 2.219053804874e-01 2.399535030127e-01 2.389884442091e-01 2.727646231651e-01 3.455366194248e-01 4.192136228085e-01 4.477609694004e-01 3.130638897419e-01 1.968013793230e-01 2.266050130129e-01 3.457372188568e-01 5.221833586693e-01 5.594437718391e-01 5.663360953331e-01 3.601457476616e-01 2.175585478544e-01 1.974951624870e-01 1.891402900219e-01 2.262051701546e-01 2.671465277672e-01 2.767021656036e-01 2.846806943417e-01 2.962597310543e-01 2.988257706165e-01 3.225274085999e-01 3.890455067158e-01 5.319309830666e-01 6.123898029327e-01
1.347750276327e-01 2.215987294912e-01 2.564054429531e-01 3.643485605717e-01 4.684432148933e-01 5.950899720192e-01 7.836098670959e-01 1.143537282944e+00 2.098910570145e+00 2.964021444321e+00 1.971337556839e+00 5.017770528793e-01 3.387511074543e-01 2.963474392891e-01 2.154715657234e-01 2.265101522207e-01 2.394001781940e-01 2.355420589447e-01 2.244858741760e-01 2.400899529457e-01 4.043886065483e-01 4.582732319832e-01 3.250204622746e-01 1.869041174650e-01 1.464479416609e-01 2.258712947369e-01 3.203144669533e-01 3.308607637882e-01 3.452326655388e-01 2.807364463806e-01 1.958917677402e-01 2.063040137291e-01 1.953261941671e-01 2.192424982786e-01 2.646732330322e-01 2.744722664356e-01 2.618044018745e-01 2.403962761164e-01 2.211051732302e-01 2.475252598524e-01 3.158387541771e-01 4.046569764614e-01 5.355326533318e-01
1.316986978054e-01 2.354582101107e-01 4.119113683701e-01 5.898526906967e-01 7.476809024811e-01 9.911166429520e-01 1.443398952484e+00 2.156898260117e+00 2.168311357498e+00 1.003039002419e+00 2.418932169676e-01 2.820935547352e-01 3.068415224552e-01 2.726543843746e-01 2.445936203003e-01 2.567485868931e-01 2.572426497936e-01 2.467716336250e-01 1.919179260731e-01 1.878031194210e-01 2.912598550320e-01 3.249374926090e-01 2.411658614874e-01 1.509179472923e-01 1.160064637661e-01 1.253541857004e-01 1.680800169706e-01 2.079279422760e-01 2.437551021576e-01 2.106337100267e-01 1.926904320717e-01 1.803211420774e-01 1.925018578768e-01 2.132621258497e-01 2.560048699379e-01 2.625782191753e-01 2.379037588835e-01 2.039438933134e-01 1.863042861223e-01 2.071214020252e-01 3.054202198982e-01 3.846274614334e-01 4.901074171066e-01
7.976965606213e-02 1.390677988529e-01 1.700314581394e-01 1.789906322956e-01 1.793126612902e-01 1.785108149052e-01 1.769238263369e-01 1.731075942516e-01 1.697698980570e-01 1.660079210997e-01 1.557562798262e-01 1.639900505543e-01 1.796676367521e-01 2.298720628023e-01 2.585281431675e-01 2.700050175190e-01 2.598098516464e-01 2.304372191429e-01 1.701270788908e-01 1.354681551456e-01 1.631181538105e-01 1.692320555449e-01 1.335216909647e-01 9.900912642479e-02 8.721727877855e-02 9.543173015118e-02 1.225317344069e-01 1.473468542099e-01 1.751491278410e-01 1.885704547167e-01 1.784764677286e-01 1.594915688038e-01 1.851019859314e-01 2.241372764111e-01 2.676139771938e-01 2.591269016266e-01 2.154669314623e-01 1.710125952959e-01 1.888584792614e-01 2.115106433630e-01 3.154462873936e-01 3.917380571365e-01 4.618798792362e-01
3.744928911328e-02 6.981498748064e-02 9.056634455919e-02 1.000463068485e-01 1.037303134799e-01 1.067484393716e-01 1.096291765571e-01 1.117450222373e-01 1.150661334395e-01 1.183986663818e-01 1.160247772932e-01 1.090686321259e-01 1.111842021346e-01 1.476114094257e-01 1.736751943827e-01 1.828187257051e-01 1.663004159927e-01 1.479190886021e-01 1.248876228929e-01 1.059112250805e-01 8.702478557825e-02 8.117761462927e-02 6.699391454458e-02 7.422754913568e-02 8.755233138800e-02 9.208863228559e-02 1.016290485859e-01 1.224651932716e-01 1.482665389776e-01 1.622196584940e-01 1.598442047834e-01 1.509511917830e-01 1.849326342344e-01 2.483951747417e-01 2.887480258942e-01 2.608245313168e-01 1.958004981279e-01 1.683604717255e-01 1.936145275831e-01 2.279614657164e-01 3.061701059341e-01 3.453332185745e-01 3.982243537903e-01
2.579362504184e-02 4.344430938363e-02 5.395583435893e-02 6.138862669468e-02 6.605369597673e-02 7.012582570314e-02 7.402876019478e-02 7.728982716799e-02 8.119679987431e-02 8.520024269819e-02 8.573519438505e-02 8.297707885504e-02 7.981186360121e-02 7.697858661413e-02 7.765369862318e-02 8.806037157774e-02 9.285966306925e-02 9.159927815199e-02 8.405199646950e-02 8.028988540173e-02 6.932696700096e-02 6.503710895777e-02 5.715452134609e-02 7.559904456139e-02 9.318625926971e-02 1.020875275135e-01 1.015256121755e-01 1.004555001855e-01 1.224693134427e-01 1.362235993147e-01 1.395362466574e-01 1.387159526348e-01 1.878592520952e-01 2.629444003105e-01 2.902237772942e-01 2.423558831215e-01 1.714181452990e-01 1.692880243063e-01 2.025013864040e-01 2.274598628283e-01 2.642483413219e-01 3.039978444576e-01 3.121028244495e-01
2.086275629699e-02 3.553745150566e-02 4.480212926865e-02 4.927805066109e-02 5.247127264738e-02 5.517821758986e-02 5.716469511390e-02 5.754164233804e-02 5.946918949485e-02 6.176542118192e-02 6.225543469191e-02 6.121497973800e-02 6.017379462719e-02 5.879961326718e-02 6.106000021100e-02 7.015240192413e-02 7.456070929766e-02 7.356588542461e-02 6.803114712238e-02 6.350526958704e-02 6.733361631632e-02 6.536528468132e-02 5.679639801383e-02 7.548086345196e-02 9.522502124310e-02 1.073064133525e-01 1.087436974049e-01 1.053306087852e-01 1.078297272325e-01 1.181892305613e-01 1.231092885137e-01 1.296758800745e-01 1.869584769011e-01 2.573531270027e-01 2.650578320026e-01 2.085523307323e-01 1.589943617582e-01 1.740418523550e-01 2.121346890926e-01 2.241214066744e-01 2.342704981565e-01 2.532916665077e-01 2.324907779694e-01
2.009104005992e-02 3.218560665846e-02 4.083823040128e-02 4.483833163977e-02 4.656174033880e-02 4.803687706590e-02 4.855895787477e-02 4.768854379654e-02 4.790832474828e-02 4.851151630282e-02 4.886983335018e-02 5.072730779648e-02 5.219323560596e-02 5.338105559349e-02 5.479285120964e-02 5.697683244944e-02 6.091542169452e-02 6.170456856489e-02 6.229172274470e-02 5.983398482203e-02 6.184981763363e-02 6.462568789721e-02 5.738031119108e-02 7.152625173330e-02 9.036476910114e-02 1.029114946723e-01 1.051190048456e-01 1.028176099062e-01 1.084576249123e-01 1.116084754467e-01 1.137271001935e-01 1.213065385818e-01 1.754497885704e-01 2.311264574528e-01 2.245801687241e-01 1.792429685593e-01 1.549853831530e-01 1.866502463818e-01 2.148294895887e-01 2.096822261810e-01 2.038512229919e-01 2.055030167103e-01 1.887434273958e-01
1.882285997272e-02 2.988082729280e-02 3.749953955412e-02 4.088267683983e-02 4.232800006866e-02 4.339007660747e-02 4.350315779448e-02 4.255462437868e-02 4.246893525124e-02 4.567125439644e-02 4.842777177691e-02 5.091087147593e-02 5.310555920005e-02 5.494780093431e-02 5.661696568131e-02 5.823288112879e-02 5.942595750093e-02 5.960927158594e-02 5.842133238912e-02 5.688957870007e-02 5.702243745327e-02 6.236404180527e-02 5.895665660501e-02 6.491675227880e-02 8.088202774525e-02 9.198423475027e-02 1.063725352287e-01 1.161090359092e-01 1.165361031890e-01 1.127639040351e-01 1.102618277073e-01 1.130350381136e-01 1.542776674032e-01 1.926350146532e-01 1.845400035381e-01 1.598739624023e-01 1.674501746893e-01 1.899964064360e-01 2.032230198383e-01 1.843445301056e-01 1.708649992943e-01 1.623548865318e-01 1.615017950535e-01
1.736221276224e-02 2.751565724611e-02 3.447442129254e-02 3.770004957914e-02 3.905932232738e-02 3.964044526219e-02 3.934466838837e-02 3.906094282866e-02 3.981387242675e-02 4.322842508554e-02 4.630306363106e-02 4.918318241835e-02 5.182722583413e-02 5.404095351696e-02 5.575496330857e-02 5.686646327376e-02 5.700456351042e-02 6.170209869742e-02 6.300643831491e-02 5.847665295005e-02 5.333536863327e-02 5.723372101784e-02 5.841000005603e-02 5.836855992675e-02 7.119382172823e-02 8.039890974760e-02 9.704194217920e-02 1.127624735236e-01 1.164726391435e-01 1.126488447189e-01 1.080788150430e-01 1.068746894598e-01 1.232164576650e-01 1.495210230350e-01 1.467933803797e-01 1.356656849384e-01 1.448519825935e-01 1.610406786203e-01 1.665909588337e-01 1.449616998434e-01 1.340114325285e-01 1.241881400347e-01 1.217820420861e-01
1.613098196685e-02 2.560668252409e-02 3.221175447106e-02 3.542111814022e-02 3.659332916141e-02 3.666223585606e-02 3.607452660799e-02 3.610766679049e-02 3.756467625499e-02 3.902871906757e-02 4.209918901324e-02 4.508677870035e-02 4.785142838955e-02 5.017870292068e-02 5.186123400927e-02 5.409592390060e-02 5.935701355338e-02 6.681407243013e-02 7.011682540178e-02 6.822485476732e-02 6.245518848300e-02 5.556666851044e-02 5.709162726998e-02 5.782883614302e-02 6.343843042850e-02 7.082978636026e-02 7.299547642469e-02 8.777933567762e-02 9.933001548052e-02 1.028456464410e-01 1.016053259373e-01 1.031122058630e-01 1.062917709351e-01 1.097624897957e-01 1.089790910482e-01 1.053836718202e-01 1.113243401051e-01 1.295781731606e-01 1.378706991673e-01 1.133194267750e-01 1.011087447405e-01 9.028088301420e-02 9.956624358892e-02
1.524002663791e-02 2.426292374730e-02 3.063896670938e-02 3.367961198092e-02 3.448763117194e-02 3.420789167285e-02 3.361553698778e-02 3.341262415051e-02 3.453096747398e-02 3.602105751634e-02 3.659312799573e-02 3.949296846986e-02 4.215848445892e-02 4.444297775626e-02 4.649330675602e-02 5.165024101734e-02 6.037557870150e-02 6.888849288225e-02 7.466660439968e-02 7.641608268023e-02 7.433574646711e-02 6.991705298424e-02 6.458763778210e-02 5.967999994755e-02 5.745220184326e-02 6.338821351528e-02 6.471384316683e-02 6.199946999550e-02 7.571650296450e-02 8.686685562134e-02 9.423510730267e-02 9.968085587025e-02 1.030014678836e-01 9.963893890381e-02 8.950625360012e-02 8.768121898174e-02 9.849868714809e-02 1.229191869497e-01 1.424233615398e-01 1.279059052467e-01 9.415375441313e-02 8.417423069477e-02 9.566122293472e-02
1.491612102836e-02 2.370896749198e-02 2.982679381967e-02 3.251037001610e-02 3.293136879802e-02 3.246259316802e-02 3.216863423586e-02 3.260606527328e-02 3.248566389084e-02 3.280972689390e-02 3.353084251285e-02 3.705950453877e-02 4.076595976949e-02 4.461164399981e-02 4.801509901881e-02 5.281321331859e-02 6.140083819628e-02 7.010418176651e-02 7.794173806906e-02 8.280507475138e-02 8.365090191364e-02 8.159356564283e-02 7.807907462120e-02 7.449105381966e-02 7.238788902760e-02 7.103597372770e-02 6.844123452902e-02 6.455256789923e-02 7.496073842049e-02 8.407583087683e-02 9.088991582394e-02 9.710662066936e-02 1.003951877356e-01 9.378399699926e-02 8.929827809334e-02 9.138841181993e-02 9.923367947340e-02 1.187721639872e-01 1.371748000383e-01 1.243901103735e-01 9.609251469374e-02 8.382985740900e-02 9.536306560040e-02
1.516515761614e-02 2.397970482707e-02 2.989778853953e-02 3.224678710103e-02 3.238198906183e-02 3.172376006842e-02 3.167024999857e-02 3.181230649352e-02 3.251415118575e-02 3.269271925092e-02 3.472019731998e-02 3.821275755763e-02 4.162846133113e-02 4.488204792142e-02 4.751445353031e-02 5.437503755093e-02 6.410404294729e-02 7.330788671970e-02 8.220770210028e-02 8.866878598928e-02 9.078649431467e-02 8.944946527481e-02 8.614490926266e-02 8.202946186066e-02 7.864293456078e-02 7.528600841761e-02 6.966159492731e-02 6.400089710951e-02 7.343706488609e-02 8.137945085764e-02 8.820199966431e-02 9.477620571852e-02 9.695606678724e-02 8.911101520061e-02 9.054537117481e-02 9.315122663975e-02 1.014466509223e-01 1.151478737593e-01 1.239534318447e-01 1.089689284563e-01 8.921985328197e-02 7.783160358667e-02 8.850508928299e-02
1.555656921118e-02 2.452310174704e-02 3.034920245409e-02 3.250021114945e-02 3.246704488993e-02 3.219309821725e-02 3.356153890491e-02 3.451742231846e-02 3.506296500564e-02 3.515202552080e-02 3.484754264355e-02 3.672712296247e-02 4.054927825928e-02 4.537118598819e-02 4.693122580647e-02 5.328053981066e-02 6.560084968805e-02 7.623215764761e-02 8.466029912233e-02 8.996907621622e-02 9.115520864725e-02 8.871353417635e-02 8.413383364677e-02 7.875902950764e-02 7.371586561203e-02 6.863676011562e-02 6.145937740803e-02 6.393514573574e-02 7.204448431730e-02 7.920400053263e-02 8.572283387184e-02 9.115632623434e-02 9.118502587080e-02 8.415324240923e-02 9.184347093105e-02 1.146728247404e-01 1.084995344281e-01 1.144394874573e-01 1.101943403482e-01 9.308310598135e-02 8.074628561735e-02 7.079465687275e-02 8.030997961760e-02
1.534097082913e-02 2.410436607897e-02 2.965534478426e-02 3.164061158895e-02 3.159310296178e-02 3.231822699308e-02 3.320266306400e-02 3.363685309887e-02 3.375315666199e-02 3.355715423822e-02 3.357098624110e-02 3.768420219421e-02 4.385900497437e-02 4.912312701344e-02 5.069800466299e-02 4.959979653358e-02 6.272234022617e-02 7.359197735786e-02 7.971894741058e-02 8.187568932772e-02 8.073514699936e-02 7.636250555515e-02 7.053976505995e-02 6.548902392387e-02 6.139374896884e-02 5.698806047440e-02 5.715549364686e-02 6.341703981161e-02 7.058691978455e-02 7.702377438545e-02 8.263629674911e-02 8.574428409338e-02 8.335415273905e-02 8.070424199104e-02 9.580182284117e-02 1.024536117911e-01 1.046759709716e-01 1.149339303374e-01 1.114186793566e-01 9.135679900646e-02 7.847000658512e-02 7.212498039007e-02 7.796783745289e-02
1.405340153724e-02 2.193977683783e-02 2.683161012828e-02 2.855614013970e-02 3.016903251410e-02 3.148297220469e-02 3.091812692583e-02 2.962817810476e-02 2.928662672639e-02 3.131258487701e-02 3.419898450375e-02 3.954603523016e-02 4.675412923098e-02 5.220835283399e-02 5.373370647430e-02 5.283924192190e-02 5.742139369249e-02 6.666312366724e-02 7.011654227972e-02 6.934514641762e-02 6.589576601982e-02 5.979683995247e-02 5.739424750209e-02 6.796105951071e-02 6.892254203558e-02 6.607408821583e-02 6.472874432802e-02 6.497146189213e-02 6.863526999950e-02 7.423535734415e-02 7.814356684685e-02 7.826469093561e-02 7.350081950426e-02 7.454308867455e-02 8.731134980917e-02 1.243875920773e-01 1.066936403513e-01 1.495542079210e-01 1.327194869518e-01 1.114793047309e-01 9.449868649244e-02 7.779502123594e-02 8.780270814896e-02
1.447724830359e-02 2.134116739035e-02 2.619124948978e-02 3.027223236859e-02 3.335618972778e-02 3.408609330654e-02 3.309715911746e-02 3.123217448592e-02 2.905853278935e-02 3.160962834954e-02 3.504146263003e-02 4.152492061257e-02 4.950034990907e-02 5.505536496639e-02 5.655688047409e-02 5.567355453968e-02 5.271475017071e-02 6.070893630385e-02 6.303773820400e-02 6.651841104031e-02 9.033600986004e-02 8.280767500401e-02 6.232433021069e-02 7.089738547802e-02 6.883201003075e-02 6.341044604778e-02 6.021820753813e-02 6.053835898638e-02 6.628713011742e-02 7.060527056456e-02 7.210515439510e-02 6.928510218859e-02 6.299462169409e-02 6.697588413954e-02 7.421467453241e-02 1.105911582708e-01 1.386009007692e-01 2.171896398067e-01 2.008886188269e-01 1.320786923170e-01 1.005753502250e-01 9.266506880522e-02 1.142228022218e-01
