VariationalSeries/SI/f43.grd
DSAA
101	101
32.816463539100	34.260883539100
35.556306596100	36.727886596100
1.439300714992e-03	2.364411773682e+02
[rows 38 to 56 of 101, columns 0 to 42 of 101]
5.634347200394e-01 1.188897967339e+00 1.285843372345e+00 1.339491128922e+00 1.589208483696e+00 1.948305010796e+00 2.250229358673e+00 2.562972545624e+00 2.817114114761e+00 2.573148965836e+00 2.111918926239e+00 1.723705649376e+00 1.702803134918e+00 1.677615284920e+00 1.787166476250e+00 2.027805089951e+00 2.295429229736e+00 4.204730033875e+00 6.814415454865e+00 7.312867164612e+00 5.891921997070e+00 4.969337940216e+00 3.319627523422e+00 3.891220569611e+00 7.727393150330e+00 1.004696941376e+01 9.679095268250e+00 6.923883914948e+00 4.975257873535e+00 5.507431030273e+00 5.814509391785e+00 7.150471687317e+00 9.800698280334e+00 9.616143226624e+00 9.022558212280e+00 5.401444435120e+00 7.384841918945e+00 8.304461479187e+00 8.213459968567e+00 1.261336326599e+01 1.385290908813e+01 2.042365455627e+01 1.648309707642e+01
8.306443691254e-01 1.478988289833e+00 1.240463376045e+00 1.213161468506e+00 1.724507093430e+00 2.098301172256e+00 2.758851528168e+00 3.472476482391e+00 3.873324155807e+00 3.627036809921e+00 2.635363578796e+00 2.061675548553e+00 1.775576114655e+00 1.814205884933e+00 1.946579098701e+00 2.103713989258e+00 2.241584777832e+00 2.362301588058e+00 3.706844806671e+00 5.190100193024e+00 5.302134513855e+00 5.176914215088e+00 5.346504688263e+00 4.456706047058e+00 4.129724025726e+00 4.588061332703e+00 6.198097705841e+00 1.167061042786e+01 1.563904190063e+01 1.586626529694e+01 1.244172859192e+01 6.132763862610e+00 6.916398525238e+00 5.890984535217e+00 1.175308036804e+01 1.053605747223e+01 6.855795860291e+00 8.267787933350e+00 1.015207290649e+01 1.153947067261e+01 1.544834232330e+01 1.864672660828e+01 2.185392761230e+01
9.573370814323e-01 1.906827092171e+00 1.806564331055e+00 1.567024827003e+00 2.070450782776e+00 2.548279523849e+00 3.093964815140e+00 4.073064327240e+00 4.415815353394e+00 4.401677131653e+00 3.010368585587e+00 2.021205902100e+00 2.035207748413e+00 1.760994076729e+00 1.467106580734e+00 1.651038765907e+00 1.927166461945e+00 2.094494819641e+00 2.201612234116e+00 2.926038265228e+00 4.318801879883e+00 6.074900627136e+00 7.293263435364e+00 7.351145267487e+00 7.200371265411e+00 4.790980339050e+00 3.791538238525e+00 4.003312110901e+00 3.890420675278e+00 4.927955627441e+00 1.037823581696e+01 1.651733398438e+01 1.956963539124e+01 1.633851242065e+01 8.271130561829e+00 8.217904090881e+00 1.441690349579e+01 1.199287509918e+01 1.241926288605e+01 1.238312816620e+01 1.151845645905e+01 1.544211292267e+01 2.341140747070e+01
1.371182799339e+00 2.325055599213e+00 2.702020406723e+00 2.775955200195e+00 2.501478910446e+00 2.990791797638e+00 2.984999179840e+00 2.867312908173e+00 2.866839885712e+00 3.518266677856e+00 3.798147439957e+00 3.295336484909e+00 2.442947626114e+00 2.172145605087e+00 2.210815429688e+00 2.736638069153e+00 3.175902605057e+00 3.552924633026e+00 3.473031759262e+00 2.525377273560e+00 2.818476438522e+00 3.716667652130e+00 4.215246200562e+00 5.656723976135e+00 7.026244640350e+00 8.349931716919e+00 9.316935539246e+00 9.042910575867e+00 9.288516998291e+00 1.013413238525e+01 1.120560932159e+01 1.094791221619e+01 1.694009399414e+01 1.914459991455e+01 1.367434597015e+01 1.731651496887e+01 1.921064949036e+01 1.631704902649e+01 1.842329025269e+01 1.488639068604e+01 1.044394111633e+01 1.825626564026e+01 1.525866317749e+01
1.407006740570e+00 2.473077058792e+00 2.742579936981e+00 2.542548656464e+00 2.766132593155e+00 3.489166259766e+00 3.465723037720e+00 3.001866817474e+00 3.615961074829e+00 3.009775638580e+00 2.860758304596e+00 3.993391036987e+00 4.146436214447e+00 3.124876499176e+00 2.892820835114e+00 2.665675163269e+00 2.728633403778e+00 3.656015157700e+00 4.930809020996e+00 5.012636184692e+00 3.210589170456e+00 3.648905038834e+00 4.653975009918e+00 3.871566534042e+00 4.473249912262e+00 5.399733543396e+00 7.137764930725e+00 1.078848743439e+01 1.452948665619e+01 1.330194282532e+01 1.259761810303e+01 9.358252525330e+00 9.321293830872e+00 1.751214218140e+01 1.683245849609e+01 2.122939491272e+01 1.403824901581e+01 1.989207267761e+01 1.744683456421e+01 2.518823814392e+01 2.602951622009e+01 2.044215393066e+01 2.304389381409e+01
2.728096246719e+00 5.289628982544e+00 3.951751470566e+00 3.310920715332e+00 3.239719390869e+00 2.915375471115e+00 2.983452796936e+00 3.629798650742e+00 3.594609975815e+00 2.918203115463e+00 3.646869421005e+00 2.485476255417e+00 3.185423612595e+00 4.466422557831e+00 3.879149198532e+00 3.355213165283e+00 4.202140808105e+00 9.111513137817e+00 1.073900794983e+01 5.864022254944e+00 6.281022548676e+00 3.696889638901e+00 4.340748310089e+00 6.158554553986e+00 4.111110687256e+00 3.763911962509e+00 3.948191881180e+00 4.329453945160e+00 5.528364658356e+00 6.285533905029e+00 6.715452194214e+00 7.324941158295e+00 9.971522331238e+00 1.570477199554e+01 1.076761436462e+01 9.976128578186e+00 1.464823436737e+01 1.668830680847e+01 1.114624023438e+01 2.299700927734e+01 2.362084007263e+01 2.576968193054e+01 3.163723373413e+01
4.344165802002e+00 7.967362403870e+00 6.459495067596e+00 5.023871421814e+00 4.632210254669e+00 3.773187875748e+00 5.198524951935e+00 4.561880588531e+00 4.580184936523e+00 3.584603786469e+00 2.803587198257e+00 3.442063331604e+00 3.088025331497e+00 2.016567707062e+00 3.780221700668e+00 4.434243202209e+00 3.228814840317e+00 2.767828702927e+00 5.060000896454e+00 3.352600336075e+00 5.834535598755e+00 6.926198482513e+00 6.882258415222e+00 6.009200572968e+00 8.263729095459e+00 5.080428600311e+00 4.725322246552e+00 6.118446826935e+00 7.168100833893e+00 5.476313114166e+00 6.973789215088e+00 8.593287467957e+00 1.018580818176e+01 1.196181583405e+01 1.520566940308e+01 1.153273296356e+01 1.284269237518e+01 1.436019325256e+01 1.360843276978e+01 1.953355026245e+01 1.818664932251e+01 2.627213287354e+01 2.673379135132e+01
1.721591949463e+00 3.587318897247e+00 4.279741764069e+00 5.045337677002e+00 5.159681320190e+00 5.734084129333e+00 6.061009883881e+00 5.230110645294e+00 4.689747333527e+00 4.490397930145e+00 4.185352325439e+00 3.873139381409e+00 3.671215057373e+00 3.440810441971e+00 3.724470138550e+00 3.179003000259e+00 2.260003566742e+00 2.678650379181e+00 2.819999933243e+00 3.846434593201e+00 3.604201555252e+00 5.954848766327e+00 6.426923274994e+00 6.913630485535e+00 8.063327789307e+00 9.111068725586e+00 9.939178466797e+00 1.035020351410e+01 1.057518291473e+01 1.139361286163e+01 1.157328414917e+01 1.217504405975e+01 1.293242454529e+01 1.074257183075e+01 9.221448898315e+00 1.296788787842e+01 1.559303951263e+01 2.397188377380e+01 2.870689582825e+01 2.654364204407e+01 2.524167060852e+01 2.621783447266e+01 2.178587913513e+01
1.667456030846e+00 3.503072023392e+00 3.992599487305e+00 4.438597202301e+00 5.003326416016e+00 5.117550849915e+00 4.705668449402e+00 3.811620235443e+00 3.595537662506e+00 4.291369438171e+00 5.034558773041e+00 4.777375221252e+00 3.616483449936e+00 2.360172033310e+00 2.530974149704e+00 1.462009072304e+00 8.505828976631e-01 9.393095970154e-01 1.253369569778e+00 1.510806798935e+00 4.494907379150e+00 7.907052040100e+00 6.760574817657e+00 8.517869949341e+00 8.192248344421e+00 1.009935092926e+01 1.042362213135e+01 9.866764068604e+00 9.199326515198e+00 1.050253486633e+01 1.117630481720e+01 1.444073867798e+01 1.846622467041e+01 2.012084960938e+01 1.719076728821e+01 1.458665657043e+01 1.616607475281e+01 1.154342651367e+01 1.758458900452e+01 1.792311477661e+01 2.800507545471e+01 2.638305664062e+01 2.840082931519e+01
4.486751258373e-01 9.018016457558e-01 9.520431160927e-01 1.026322126389e+00 1.427448868752e+00 1.994940996170e+00 2.622564315796e+00 2.819172859192e+00 2.728645563126e+00 2.517925024033e+00 2.575047492981e+00 3.272498846054e+00 3.267305612564e+00 2.658022165298e+00 1.717050552368e+00 1.338328599930e+00 6.876325011253e-01 5.846835970879e-01 6.513705253601e-01 1.394639372826e+00 3.109822750092e+00 6.600494861603e+00 1.647025871277e+01 1.549313068390e+01 1.391747093201e+01 1.306839084625e+01 1.259312057495e+01 1.224209308624e+01 1.300523567200e+01 1.502353382111e+01 1.677426719666e+01 1.899071502686e+01 3.274385833740e+01 1.823680114746e+01 4.112645721436e+01 2.803680419922e+01 2.236720848083e+01 2.407260322571e+01 2.981211090088e+01 3.463788604736e+01 3.664706420898e+01 3.440581512451e+01 3.462604522705e+01
4.067204892635e-01 7.857384085655e-01 8.557072877884e-01 8.573246598244e-01 1.440424561501e+00 2.134083032608e+00 2.223604202271e+00 1.813272118568e+00 1.338194370270e+00 1.090708613396e+00 1.385259151459e+00 1.719300985336e+00 1.645325064659e+00 1.321328043938e+00 9.718866348267e-01 6.876143813133e-01 4.964855313301e-01 3.655475080013e-01 3.791224062443e-01 1.236366510391e+00 3.958751201630e+00 6.847064495087e+00 6.743610382080e+00 1.423868083954e+01 3.438403320312e+01 1.742033195496e+01 1.085743618011e+01 9.827472686768e+00 1.023197841644e+01 1.116141128540e+01 1.916803359985e+01 2.762952232361e+01 1.462201309204e+01 2.179821586609e+01 3.941486740112e+01 7.190045166016e+01 2.940550422668e+01 2.328628158569e+01 2.067735481262e+01 2.274728775024e+01 1.947380828857e+01 3.642246246338e+01 4.237762832642e+01
2.109686881304e-01 4.382574260235e-01 5.254771113396e-01 5.833334326744e-01 7.665594220161e-01 1.232372879982e+00 1.411647558212e+00 1.222889661789e+00 9.462329745293e-01 7.086718678474e-01 5.850390195847e-01 5.586388111115e-01 4.455243349075e-01 3.936562538147e-01 4.695797264576e-01 3.577279746532e-01 3.310940861702e-01 2.784594893456e-01 3.249083757401e-01 4.935802221298e-01 8.459923863411e-01 2.284859180450e+00 2.394100904465e+00 3.264107465744e+00 1.251126956940e+01 1.323764133453e+01 4.935548782349e+00 2.713063716888e+00 2.841130495071e+00 9.106258392334e+00 1.206464767456e+01 1.306708812714e+01 1.364022159576e+01 1.120261478424e+01 1.646725463867e+01 4.748554611206e+01 2.548975563049e+01 1.548535537720e+01 1.081562900543e+01 9.769294738770e+00 9.191492080688e+00 2.407872390747e+01 3.342989730835e+01
9.412514418364e-02 1.878543496132e-01 1.953952610493e-01 2.149400413036e-01 2.715637683868e-01 3.438763618469e-01 4.091736972332e-01 4.452912211418e-01 4.309058189392e-01 3.652438521385e-01 3.110385537148e-01 3.576064407825e-01 3.691068291664e-01 3.411532044411e-01 3.476654589176e-01 3.974136412144e-01 3.018082380295e-01 2.408396452665e-01 2.709507644176e-01 4.025037586689e-01 4.598979949951e-01 8.411869406700e-01 1.463137626648e+00 3.191410779953e+00 7.746607303619e+00 4.837227344513e+00 2.995120048523e+00 2.375429153442e+00 2.274527311325e+00 7.349700927734e-01 6.439822316170e-01 6.995622515678e-01 1.092619180679e+00 2.375552654266e+00 5.512873172760e+00 9.356619262695e+01 1.782998809814e+02 2.378942871094e+01 1.621544647217e+01 8.353384017944e+00 5.887562274933e+00 6.366538047791e+00 1.233461666107e+01
7.568778097630e-02 1.376035958529e-01 1.530108749866e-01 1.530742645264e-01 1.537567824125e-01 1.980293393135e-01 2.600311934948e-01 3.200352787971e-01 3.557747900486e-01 3.485058546066e-01 2.928691208363e-01 2.689509093761e-01 2.921037375927e-01 2.824492454529e-01 2.511326670647e-01 3.084062635899e-01 3.582777678967e-01 2.850308418274e-01 2.200358957052e-01 6.356950402260e-01 8.084448575974e-01 6.208498477936e-01 8.242116570473e-01 1.442915558815e+00 2.733186960220e+00 2.711797142029e+01 5.867377758026e+00 5.225596904755e+00 2.209485292435e+00 4.358664155006e-01 3.813978731632e-01 3.994877636433e-01 4.648543894291e-01 5.726473331451e-01 7.722548246384e-01 4.128560066223e+00 2.878402137756e+01 7.388320159912e+01 1.890015983582e+01 1.059141635895e+01 3.047431945801e+00 1.963814973831e+00 2.159193992615e+00
7.047823071480e-02 1.678076833487e-01 2.269032597542e-01 2.618666589260e-01 2.727054059505e-01 2.516080737114e-01 2.236520946026e-01 2.041752189398e-01 2.550835609436e-01 2.925576269627e-01 2.917618453503e-01 2.525367736816e-01 2.180921435356e-01 2.716001868248e-01 2.836394011974e-01 2.534758746624e-01 2.955910861492e-01 3.816911876202e-01 3.013400137424e-01 6.376057267189e-01 6.720122098923e-01 5.758708715439e-01 6.415456533432e-01 6.955963373184e-01 1.587536096573e+00 5.448872089386e+00 5.710851192474e+00 1.464092612267e+00 6.817464232445e-01 4.221227467060e-01 3.163941204548e-01 2.701699733734e-01 2.665410041809e-01 3.343213796616e-01 4.339202642441e-01 1.473161339760e+00 7.535813808441e+00 2.663235664368e+01 3.221840286255e+01 4.984802722931e+00 2.132915973663e+00 1.382953047752e+00 1.307908058167e+00
1.067445799708e-01 2.512922883034e-01 3.211579322815e-01 3.611019849777e-01 3.709517419338e-01 3.544385433197e-01 3.326661288738e-01 2.991920709610e-01 2.580856084824e-01 2.108560949564e-01 2.342826575041e-01 2.461951225996e-01 2.358686029911e-01 2.755613625050e-01 3.161326944828e-01 2.986726164818e-01 2.522174119949e-01 4.007979333401e-01 4.292503893375e-01 1.124591946602e+00 7.207717895508e-01 5.192766189575e-01 3.511976301670e-01 3.637134432793e-01 6.840178370476e-01 4.858952045441e+00 6.967627525330e+00 1.325709700584e+00 8.703832626343e-01 4.418565630913e-01 2.738198339939e-01 1.890620738268e-01 1.681279540062e-01 1.771902143955e-01 2.721185684204e-01 4.516278505325e-01 3.051751613617e+00 9.429023742676e+00 2.503244209290e+01 1.212302494049e+01 5.774353504181e+00 1.155866384506e+00 9.764434099197e-01
7.309146970510e-02 1.591878384352e-01 1.985427588224e-01 2.178670018911e-01 2.112689465284e-01 2.120523601770e-01 2.371591031551e-01 2.650820314884e-01 2.913312613964e-01 2.917130589485e-01 2.511942088604e-01 1.897565722466e-01 2.235716581345e-01 2.450244426727e-01 2.452939748764e-01 2.463994026184e-01 2.577964067459e-01 4.225057065487e-01 5.835020542145e-01 9.727313518524e-01 7.464911341667e-01 5.864954590797e-01 2.884240150452e-01 2.891621887684e-01 5.813235044479e-01 1.759128451347e+00 1.543959856033e+00 1.028101563454e+00 8.148769736290e-01 4.521639049053e-01 2.514653205872e-01 2.064398527145e-01 1.821026802063e-01 1.779815405607e-01 2.275964021683e-01 3.851850032806e-01 8.085536956787e-01 4.058962821960e+00 4.775760173798e+00 2.907042026520e+00 1.744416236877e+00 8.811643123627e-01 7.980308532715e-01
6.868252158165e-02 1.247646287084e-01 1.851195842028e-01 2.362793236971e-01 2.818111479282e-01 3.329484164715e-01 3.890815079212e-01 4.497818052769e-01 5.058946013451e-01 5.219448804855e-01 4.666435420513e-01 3.467208445072e-01 2.232798337936e-01 2.320234924555e-01 2.858067750931e-01 3.105090558529e-01 3.866371810436e-01 4.480115175247e-01 5.260621309280e-01 9.194914102554e-01 6.522625088692e-01 4.350050091743e-01 2.305287867785e-01 2.248036712408e-01 4.207163155079e-01 4.881247282028e-01 4.667024135590e+00 7.040001153946e-01 6.653744578362e-01 3.997053205967e-01 2.327834218740e-01 1.859938949347e-01 1.774995028973e-01 1.874808669090e-01 2.412945330143e-01 3.282444477081e-01 5.467819571495e-01 6.737899780273e-01 1.415911674500e+00 1.880230545998e+00 1.175338506699e+00 7.050964236259e-01 9.067136645317e-01
6.820247322321e-02 1.233768388629e-01 1.698499619961e-01 2.098947912455e-01 2.502963840961e-01 2.996408641338e-01 3.517687618732e-01 4.043688774109e-01 4.535771310329e-01 4.802208244801e-01 4.552130401134e-01 4.920679032803e-01 5.132533311844e-01 5.154460668564e-01 4.916862547398e-01 4.458665251732e-01 5.306898951530e-01 3.860933482647e-01 5.222715735435e-01 1.662465333939e+00 6.105594635010e-01 3.060922324657e-01 2.161992639303e-01 1.810954362154e-01 2.504015564919e-01 5.371028780937e-01 1.949185609818e+00 5.475528836250e-01 7.057179808617e-01 2.984054684639e-01 2.200277149677e-01 1.680343747139e-01 1.701910793781e-01 1.934784799814e-01 2.554508745670e-01 3.037340044975e-01 3.381304144859e-01 5.448990464211e-01 1.194542765617e+00 1.397500276566e+00 8.680234551430e-01 6.443242430687e-01 8.418791294098e-01
