VariationalSeries/SI/f43.grd
DSAA
101	101
32.816463539100	34.260883539100
35.556306596100	36.727886596100
1.439300714992e-03	2.364411773682e+02
[rows 57 to 75 of 101, columns 43 to 85 of 101]
9.955464601517e-01 1.188018441200e+00 6.023877859116e-01 6.679385900497e-01 6.607201099396e-01 1.064166665077e+00 1.200113296509e+00 1.615769743919e+00 1.410271286964e+00 7.693958282471e-01 5.336900949478e-01 4.485590457916e-01 3.311774432659e-01 5.877754092216e-01 2.440637111664e+00 8.201478004456e+00 1.819793510437e+01 1.709935569763e+01 2.435224342346e+01 8.351402282715e+00 2.415631294250e+00 1.842942476273e+00 3.342211961746e+00 6.132874488831e+00 1.049497127533e+01 9.513208389282e+00 1.035165691376e+01 8.417859077454e+00 1.096340465546e+01 1.011629199982e+01 1.068947887421e+01 7.966659069061e+00 8.273710250854e+00 1.161530017853e+01 7.212191581726e+00 4.531095981598e+00 5.290642738342e+00 7.423277854919e+00 9.306665420532e+00 6.732587337494e+00 2.806534528732e+00 2.460116386414e+00 2.379083395004e+00
7.950444221497e-01 1.306181669235e+00 4.868555068970e-01 5.180760622025e-01 5.131683349609e-01 7.718797922134e-01 1.508502483368e+00 4.850420951843e+00 3.857661008835e+00 8.295421600342e-01 4.930894374847e-01 3.400148451328e-01 2.600605189800e-01 2.573448717594e-01 5.079492926598e-01 4.884531021118e+00 5.727695941925e+00 5.981844425201e+00 4.844700813293e+00 4.906912326813e+00 3.590407848358e+00 2.727724313736e+00 2.104367494583e+00 1.273776412010e+00 3.288785457611e+00 6.540076255798e+00 1.140585422516e+01 1.162916469574e+01 1.268409729004e+01 6.977604866028e+00 9.204754829407e+00 8.401701927185e+00 7.201726436615e+00 6.316905021667e+00 6.423295497894e+00 4.838304519653e+00 4.747868537903e+00 5.717978000641e+00 5.623010635376e+00 5.154233932495e+00 5.351116180420e+00 5.611095428467e+00 5.251852989197e+00
6.638588309288e-01 6.398591995239e-01 4.432667791843e-01 4.716444909573e-01 4.795098900795e-01 7.027653455734e-01 2.141236305237e+00 5.368299007416e+00 5.466846466064e+00 1.230382919312e+00 5.116958618164e-01 2.903961241245e-01 2.058923542500e-01 1.865982264280e-01 1.914198845625e-01 2.397015392780e-01 3.304277360439e-01 4.501284360886e-01 5.826963186264e-01 7.223075032234e-01 8.476079106331e-01 9.965676069260e-01 6.700959801674e-01 6.733388304710e-01 1.606507062912e+00 7.473925113678e+00 1.287622928619e+01 1.460735988617e+01 1.403249549866e+01 1.416645050049e+01 9.344852447510e+00 8.105463027954e+00 6.881753921509e+00 6.247564792633e+00 8.776431083679e+00 7.563696861267e+00 6.273223400116e+00 3.926936864853e+00 4.231070041656e+00 3.556501388550e+00 3.131147861481e+00 2.963947772980e+00 2.590287923813e+00
6.122337579727e-01 5.509929656982e-01 4.290981590748e-01 4.783297181129e-01 5.436323881149e-01 7.137858867645e-01 4.607730865479e+00 5.522085666656e+00 6.811533451080e+00 9.512434601784e-01 4.487234652042e-01 2.797334492207e-01 1.859762072563e-01 1.508814841509e-01 1.441986709833e-01 1.521510332823e-01 1.864664703608e-01 2.456236034632e-01 3.535178005695e-01 4.113349616528e-01 4.728198349476e-01 9.476910829544e-01 4.876522123814e-01 4.493644237518e-01 1.370940089226e+00 3.064233303070e+00 1.092640113831e+01 1.211740207672e+01 1.288569831848e+01 1.376090240479e+01 1.145665550232e+01 8.884133338928e+00 6.170916080475e+00 7.920001029968e+00 5.512137889862e+00 4.850373744965e+00 4.021789073944e+00 3.325007438660e+00 3.126176595688e+00 3.075361728668e+00 3.261284828186e+00 4.622269153595e+00 6.442167758942e+00
5.187268257141e-01 4.039596021175e-01 4.216772913933e-01 5.076923370361e-01 7.850648760796e-01 1.284982323647e+00 3.902268171310e+00 8.653693199158e+00 3.353882551193e+00 5.312793850899e-01 3.267984688282e-01 2.382933199406e-01 1.697680354118e-01 1.274468302727e-01 1.166156306863e-01 1.168434396386e-01 1.273043155670e-01 1.702158004045e-01 2.343302816153e-01 2.679524123669e-01 2.786002755165e-01 5.797556638718e-01 3.465895950794e-01 3.748440444469e-01 8.440821170807e-01 2.867089033127e+00 7.758499145508e+00 1.054036331177e+01 1.093548679352e+01 8.331620216370e+00 6.442436695099e+00 9.192706108093e+00 6.285099983215e+00 4.437241077423e+00 4.928256988525e+00 6.216694355011e+00 5.629765033722e+00 3.989053726196e+00 3.725095272064e+00 3.630529880524e+00 3.519218444824e+00 3.896802186966e+00 4.841166019440e+00
3.765241801739e-01 3.097459673882e-01 3.874308168888e-01 9.132560491562e-01 2.058987855911e+00 4.778799533844e+00 7.026651859283e+00 4.430531978607e+00 4.712897539139e-01 3.222407698631e-01 2.312311232090e-01 1.903288215399e-01 1.485255956650e-01 1.214586719871e-01 1.069008558989e-01 1.114282757044e-01 1.166440099478e-01 1.408400088549e-01 2.032347172499e-01 2.499891519547e-01 2.655164599419e-01 2.815473079681e-01 2.828477323055e-01 4.225704669952e-01 1.025309205055e+00 2.681474447250e+00 3.292578220367e+00 3.285284042358e+00 6.332888126373e+00 7.347410678864e+00 8.597579002380e+00 5.492358684540e+00 7.107720851898e+00 5.214039325714e+00 5.823607444763e+00 6.883980751038e+00 1.375967121124e+01 8.683182716370e+00 5.110853195190e+00 4.192695617676e+00 4.313127994537e+00 4.238379955292e+00 4.093700408936e+00
2.431159615517e-01 2.537568509579e-01 3.208248317242e-01 4.053928852081e-01 8.883656263351e-01 5.514047622681e+00 3.593014001846e+00 4.790928959846e-01 2.802526354790e-01 2.468424886465e-01 2.069804519415e-01 1.749697029591e-01 1.370873302221e-01 1.168774664402e-01 1.041171252728e-01 1.148860305548e-01 1.192626878619e-01 1.163058802485e-01 1.672014147043e-01 2.133380323648e-01 2.410376667976e-01 2.397366166115e-01 3.007135093212e-01 4.886539876461e-01 1.522019743919e+00 3.018223762512e+00 1.790731191635e+00 2.339787244797e+00 2.176137208939e+00 1.127109050751e+01 1.639791870117e+01 8.857090950012e+00 4.869803428650e+00 6.662091732025e+00 2.631359100342e+00 2.770766973495e+00 1.028152084351e+01 4.950613021851e+00 4.034981250763e+00 3.090698480606e+00 3.176035881042e+00 3.541732072830e+00 3.816769123077e+00
2.039640992880e-01 2.217643260956e-01 2.598659396172e-01 3.286921679974e-01 3.725582361221e-01 5.176544785500e-01 5.723571181297e-01 3.901688158512e-01 2.030034959316e-01 2.095557749271e-01 1.837036758661e-01 1.681365817785e-01 1.376751512289e-01 1.112062260509e-01 1.137888804078e-01 1.160276830196e-01 1.240471005440e-01 1.232941374183e-01 1.408458799124e-01 1.808545589447e-01 2.151522636414e-01 2.285937964916e-01 2.415881454945e-01 4.013612270355e-01 1.125763893127e+00 6.955956220627e-01 6.690053343773e-01 1.099130511284e+00 2.487086057663e+00 4.929061412811e+00 5.162075519562e+00 6.518258094788e+00 1.038704490662e+01 5.577465534210e+00 5.313631057739e+00 4.128792285919e+00 4.227852821350e+00 3.581665754318e+00 1.906107902527e+00 2.378156900406e+00 2.323258399963e+00 2.507903337479e+00 3.153688430786e+00
1.602245122194e-01 1.807575523853e-01 2.152989953756e-01 2.639915645123e-01 2.837928235531e-01 3.158613741398e-01 3.342603743076e-01 2.090255469084e-01 1.779654920101e-01 1.853554546833e-01 1.728125810623e-01 1.498661935329e-01 1.250941753387e-01 1.121512427926e-01 1.111081391573e-01 1.273159533739e-01 1.250791698694e-01 1.075619459152e-01 1.244786903262e-01 1.580159217119e-01 1.870494335890e-01 2.188993543386e-01 3.105031847954e-01 3.248066008091e-01 3.299487531185e-01 4.604445993900e-01 4.481463432312e-01 1.100471615791e+00 1.537387251854e+00 2.069043159485e+00 4.294902801514e+00 7.532648563385e+00 5.580561161041e+00 1.017292213440e+01 6.508767604828e+00 3.659849405289e+00 3.040298461914e+00 2.764792442322e+00 3.325418472290e+00 3.129331111908e+00 3.899621009827e+00 3.836750268936e+00 4.461730480194e+00
1.479312777519e-01 1.465591639280e-01 1.649693548679e-01 1.869897693396e-01 2.015427798033e-01 1.987209469080e-01 1.899668425322e-01 1.827938109636e-01 1.977897286415e-01 1.955210119486e-01 1.821353882551e-01 1.586765497923e-01 1.297820806503e-01 1.149673685431e-01 1.039608940482e-01 1.018673032522e-01 1.149181202054e-01 1.165581047535e-01 1.179127842188e-01 1.423286497593e-01 1.648568958044e-01 1.948049962521e-01 2.986020445824e-01 3.355576694012e-01 3.618805706501e-01 7.501615285873e-01 1.031744241714e+00 1.325761675835e+00 1.860544443130e+00 2.007589101791e+00 4.395758628845e+00 8.343901634216e+00 3.942168951035e+00 4.198083877563e+00 7.418262481689e+00 6.266090393066e+00 4.358433246613e+00 3.703057765961e+00 4.641215324402e+00 2.388763427734e+00 3.168375253677e+00 3.846245050430e+00 4.593277931213e+00
1.215341538191e-01 1.379501968622e-01 1.448812484741e-01 1.464139074087e-01 1.639794558287e-01 1.763682216406e-01 1.899905353785e-01 1.686408221722e-01 1.623938828707e-01 1.675661802292e-01 1.800232678652e-01 1.791580468416e-01 1.541747748852e-01 1.305761635303e-01 1.237862482667e-01 1.117579489946e-01 9.627206623554e-02 1.071740314364e-01 1.213534101844e-01 1.341818422079e-01 1.473679691553e-01 1.692774891853e-01 2.541387379169e-01 2.481612414122e-01 2.743499875069e-01 6.788910031319e-01 1.451379418373e+00 1.958327293396e+00 2.754785537720e+00 1.447623610497e+00 4.264215469360e+00 2.133446455002e+00 2.290228366852e+00 2.645061016083e+00 4.217422962189e+00 4.619849681854e+00 5.975885868073e+00 5.438688278198e+00 4.054483413696e+00 3.466627120972e+00 2.654489994049e+00 2.859115123749e+00 2.304749250412e+00
1.191957816482e-01 1.317980587482e-01 1.311581134796e-01 1.334506869316e-01 1.426139175892e-01 1.585077196360e-01 1.715460121632e-01 1.532286852598e-01 1.203260198236e-01 1.285838633776e-01 1.395572125912e-01 1.636466234922e-01 1.698973178864e-01 1.411632597446e-01 1.329838335514e-01 1.609286963940e-01 1.426711529493e-01 1.162978187203e-01 1.266302913427e-01 1.318760663271e-01 1.606823652983e-01 1.784082949162e-01 1.994096338749e-01 2.460467964411e-01 2.854528725147e-01 4.954001903534e-01 1.044225096703e+00 1.243935823441e+00 1.708516955376e+00 9.679331183434e-01 2.055049896240e+00 1.570432424545e+00 2.611200571060e+00 1.598892569542e+00 3.154897928238e+00 2.357651710510e+00 3.740532636642e+00 4.586529731750e+00 4.081495285034e+00 5.501883029938e+00 5.000614166260e+00 3.998300552368e+00 3.526016712189e+00
1.148001104593e-01 1.241096481681e-01 1.193609163165e-01 1.214677914977e-01 1.220123991370e-01 1.188184916973e-01 1.315974146128e-01 1.244002878666e-01 1.486451327801e-01 1.609071940184e-01 1.461208015680e-01 1.477987170219e-01 1.623975187540e-01 1.690535098314e-01 1.545418351889e-01 1.995746642351e-01 1.776603609324e-01 1.359265893698e-01 1.366540193558e-01 1.358208805323e-01 1.561136096716e-01 1.694000661373e-01 1.910575628281e-01 2.537703812122e-01 2.981750965118e-01 4.443957209587e-01 6.678516864777e-01 7.694936394691e-01 8.266611695290e-01 1.044620990753e+00 1.740468144417e+00 2.669765710831e+00 1.802706956863e+00 4.268804550171e+00 1.501249790192e+00 1.959465265274e+00 4.001733779907e+00 5.600188732147e+00 2.741793632507e+00 3.100232839584e+00 1.973309040070e+00 3.719349622726e+00 3.283837556839e+00
1.024124473333e-01 1.106619015336e-01 1.064061075449e-01 1.045336648822e-01 9.705255180597e-02 9.822934120893e-02 1.036760136485e-01 1.367036700249e-01 1.698345690966e-01 1.745305657387e-01 1.525560617447e-01 1.686695516109e-01 1.876683682203e-01 1.824344545603e-01 1.810648590326e-01 1.879065930843e-01 2.013217210770e-01 2.356429100037e-01 2.112635225058e-01 1.897245645523e-01 1.953850537539e-01 2.100327461958e-01 2.509977519512e-01 2.580534815788e-01 3.110671043396e-01 3.824572861195e-01 6.309549212456e-01 6.269615292549e-01 1.120645523071e+00 2.267823934555e+00 2.819835424423e+00 1.444324493408e+00 1.448930025101e+00 4.349648952484e+00 2.308061361313e+00 2.840570211411e+00 2.519058465958e+00 3.266303300858e+00 2.385639905930e+00 9.138720631599e-01 8.699553608894e-01 1.174908995628e+00 2.323268175125e+00
9.422738850117e-02 9.434010088444e-02 9.372530132532e-02 9.243575483561e-02 9.495559334755e-02 1.005095764995e-01 1.067993044853e-01 1.275154948235e-01 1.430109888315e-01 1.358889043331e-01 1.601104587317e-01 1.723282784224e-01 1.673757135868e-01 1.759710907936e-01 2.409153431654e-01 3.352179527283e-01 3.799292445183e-01 4.814303517342e-01 4.802133142948e-01 5.171273350716e-01 3.691554963589e-01 3.519454896450e-01 4.081851243973e-01 3.418146967888e-01 3.903440833092e-01 5.395433306694e-01 1.616639018059e+00 1.508545517921e+00 1.452110767365e+00 1.958035707474e+00 1.104256153107e+00 1.164398312569e+00 1.558714270592e+00 8.941346406937e-01 4.838778018951e+00 6.739273071289e+00 6.018227577209e+00 1.392167091370e+00 6.594222187996e-01 5.449734926224e-01 5.327931046486e-01 6.299740672112e-01 6.650468111038e-01
8.757943660021e-02 9.086148440838e-02 8.746577799320e-02 9.415180981159e-02 1.007074341178e-01 1.152255609632e-01 1.152628958225e-01 1.334839165211e-01 1.461762934923e-01 1.700885742903e-01 1.762690395117e-01 2.092989087105e-01 2.194263488054e-01 2.030542045832e-01 4.900419414043e-01 1.758628487587e+00 1.389862418175e+00 8.294469714165e-01 9.334766864777e-01 1.161886453629e+00 8.588094115257e-01 4.516326189041e-01 5.256808400154e-01 6.585875749588e-01 6.400991678238e-01 1.193355798721e+00 1.678056955338e+00 1.485974192619e+00 1.212648153305e+00 1.094923257828e+00 1.242515563965e+00 1.157827019691e+00 8.755756616592e-01 7.303897142410e-01 1.238813996315e+00 5.694234848022e+00 5.934235095978e+00 1.223899722099e+00 4.352955520153e-01 4.434257447720e-01 3.988313674927e-01 3.832443654537e-01 6.304640769958e-01
8.780933916569e-02 9.461811929941e-02 1.197885125875e-01 1.338920444250e-01 1.228686198592e-01 2.036694884300e-01 2.394651919603e-01 2.434203326702e-01 2.056444138288e-01 2.012584954500e-01 2.207877635956e-01 2.775449454784e-01 2.767729759216e-01 1.019232153893e+00 7.198575019836e+00 9.061581611633e+00 4.226305484772e+00 2.418694496155e+00 1.934057950974e+00 1.509162902832e+00 7.205195426941e-01 7.176213264465e-01 1.565065979958e+00 3.339240074158e+00 2.738116502762e+00 1.459896326065e+00 1.705315351486e+00 1.389041662216e+00 1.470908403397e+00 1.015217185020e+00 2.509651184082e+00 1.005238175392e+00 7.740522027016e-01 5.471411347389e-01 3.627755939960e-01 1.173056125641e+00 1.295058131218e+00 3.169071078300e-01 2.128226757050e-01 2.504439353943e-01 3.096562325954e-01 3.461625277996e-01 3.236896693707e-01
1.077066510916e-01 1.694173067808e-01 2.309686541557e-01 2.510040700436e-01 3.236526548862e-01 4.302949309349e-01 4.227652251720e-01 3.729322850704e-01 3.206594288349e-01 2.472944408655e-01 2.980711162090e-01 3.296831548214e-01 1.832982540131e+00 1.010520648956e+01 1.381669521332e+01 4.816669940948e+00 1.522876143456e+00 9.322941899300e-01 9.485648274422e-01 8.298733830452e-01 7.944594025612e-01 1.810588479042e+00 3.569216012955e+00 4.740246295929e+00 3.813436508179e+00 1.961949706078e+00 1.353051900864e+00 9.946153759956e-01 9.004265666008e-01 8.018367886543e-01 1.079746484756e+00 4.969809055328e-01 5.619941949844e-01 4.556041359901e-01 2.862028479576e-01 1.696917414665e-01 1.398828625679e-01 1.362741142511e-01 1.431316137314e-01 1.782579123974e-01 2.393520325422e-01 3.026880323887e-01 3.096545636654e-01
1.783966720104e-01 2.667805850506e-01 3.544319570065e-01 4.743937253952e-01 9.180644750595e-01 9.097267985344e-01 1.272859573364e+00 9.156449437141e-01 1.040892243385e+00 6.182842850685e-01 3.480477929115e-01 2.391448736191e+00 9.632707595825e+00 9.587689399719e+00 2.508362293243e+00 7.569007277489e-01 1.403051137924e+00 1.853162050247e+00 1.309755563736e+00 1.523140907288e+00 1.841519236565e+00 1.851651191711e+00 2.698446035385e+00 2.204980373383e+00 1.491210341454e+00 1.162232995033e+00 7.245610952377e-01 2.814460396767e-01 2.893700897694e-01 2.856170833111e-01 3.658218681812e-01 2.675949633121e-01 2.357674837112e-01 1.628221571445e-01 1.665090024471e-01 1.696044802666e-01 1.750824898481e-01 1.837848424911e-01 1.954605877399e-01 2.105157524347e-01 2.128503918648e-01 2.541076242924e-01 3.220685124397e-01
