VariationalSeries/SI/f44_max.grd
DSAA
101	101
32.816463539100	34.260883539100
35.556306596100	36.727886596100
1.822445192374e-03	2.992842102051e+02
[rows 0 to 18 of 101, columns 0 to 42 of 101]
2.763781845570e-01 4.939751029015e-01 4.376821517944e-01 2.618731260300e-01 2.199584096670e-01 2.867547571659e-01 5.712924003601e-01 7.963228821754e-01 7.121492028236e-01 4.252079427242e-01 2.689516842365e-01 3.091365396976e-01 3.281856477261e-01 3.168598711491e-01 2.716976106167e-01 4.139142036438e-01 6.220369338989e-01 7.198997139931e-01 5.128078460693e-01 3.332444727421e-01 3.795100152493e-01 4.062200486660e-01 2.995589971542e-01 2.686343193054e-01 2.852852940559e-01 3.900748789310e-01 5.703182816505e-01 6.513546705246e-01 8.480857610703e-01 6.758014559746e-01 5.185928940773e-01 4.873245060444e-01 4.229083061218e-01 3.355656266212e-01 2.728438973427e-01 2.641741931438e-01 2.428789734840e-01 3.292639851570e-01 4.622599780560e-01 5.303089618683e-01 4.441928565502e-01 3.769717812538e-01 3.591053783894e-01
5.115529894829e-01 9.653528928757e-01 9.467722773552e-01 6.611390709877e-01 4.669861197472e-01 5.544787645340e-01 1.099527478218e+00 1.520387172699e+00 1.345042824745e+00 7.836586833000e-01 4.618346691132e-01 5.281957387924e-01 5.578398704529e-01 5.310758352280e-01 4.631929695606e-01 6.156486272812e-01 9.800781607628e-01 1.282809734344e+00 1.158098459244e+00 6.902424097061e-01 6.922385692596e-01 1.060854911804e+00 5.580140948296e-01 5.005888938904e-01 5.884619355202e-01 7.622241973877e-01 9.561288356781e-01 1.091524362564e+00 1.612791657448e+00 1.255582690239e+00 8.429628610611e-01 7.639238238335e-01 7.132512927055e-01 5.768468379974e-01 6.204109191895e-01 6.485760807991e-01 6.520387530327e-01 7.324460744858e-01 9.215012788773e-01 9.274895787239e-01 6.862316131592e-01 6.799465417862e-01 7.429139614105e-01
5.003253817558e-01 1.027014732361e+00 1.151167631149e+00 9.859681725502e-01 6.336640715599e-01 6.400945782661e-01 1.272312402725e+00 1.728476881981e+00 1.480929613113e+00 8.114509582520e-01 5.832765102386e-01 6.576386094093e-01 6.794999241829e-01 6.287270188332e-01 5.177234411240e-01 4.983060061932e-01 6.436629891396e-01 9.615082144737e-01 1.099403381348e+00 8.936676979065e-01 1.093605875969e+00 1.639976739883e+00 7.181271910667e-01 6.199514269829e-01 7.826497554779e-01 9.475177526474e-01 9.835727810860e-01 9.905633330345e-01 1.879618048668e+00 1.408042311668e+00 8.167880773544e-01 7.003344297409e-01 9.761118888855e-01 5.193803906441e-01 5.839688777924e-01 6.705780029297e-01 8.406953215599e-01 1.065317749977e+00 1.114081621170e+00 9.230573177338e-01 9.432247877121e-01 6.307190656662e-01 8.327417969704e-01
4.441255927086e-01 9.775751233101e-01 1.165055274963e+00 1.190948128700e+00 9.573600292206e-01 6.554009914398e-01 1.329871892929e+00 1.768515348434e+00 1.431137681007e+00 6.968554258347e-01 6.455350518227e-01 7.126648426056e-01 7.096369266510e-01 6.313780546188e-01 5.020601153374e-01 5.087700486183e-01 4.854407012463e-01 5.583223104477e-01 7.266210913658e-01 8.267301917076e-01 1.834375977516e+00 2.087150573730e+00 8.041167855263e-01 6.807312965393e-01 8.633128404617e-01 9.900789856911e-01 9.471381902695e-01 9.040378928185e-01 1.882817029953e+00 1.368896961212e+00 6.934021115303e-01 5.637210011482e-01 1.125130057335e+00 5.981249809265e-01 6.541737914085e-01 9.253529310226e-01 1.145055294037e+00 1.193318963051e+00 1.010055899620e+00 1.168804883957e+00 1.138943433762e+00 6.991675496101e-01 7.633849382401e-01
4.343554675579e-01 9.351367354393e-01 1.107154965401e+00 1.224301457405e+00 1.171751856804e+00 8.282294273376e-01 1.357049584389e+00 1.766781926155e+00 1.341527819633e+00 5.909206271172e-01 6.923444271088e-01 7.370676994324e-01 7.140260934830e-01 7.107513546944e-01 6.525258421898e-01 5.510128140450e-01 5.363686084747e-01 5.292670726776e-01 7.493407130241e-01 1.518558502197e+00 2.549999237061e+00 2.293002367020e+00 8.628597259521e-01 9.697707891464e-01 8.637128472328e-01 9.673192501068e-01 8.677138090134e-01 8.998214602470e-01 1.782238602638e+00 1.289514422417e+00 8.194081187248e-01 6.409155726433e-01 1.199627995491e+00 7.330656647682e-01 1.028854370117e+00 1.231655478477e+00 1.245138049126e+00 1.051016688347e+00 7.235414981842e-01 1.199750304222e+00 1.392411589622e+00 9.343729615211e-01 6.046477556229e-01
4.052370786667e-01 8.155674934387e-01 9.857887625694e-01 1.078342556953e+00 1.196603775024e+00 9.963758587837e-01 1.355917096138e+00 1.709868192673e+00 1.208971500397e+00 6.562300920486e-01 7.352179884911e-01 8.077006340027e-01 8.608719706535e-01 8.331257700920e-01 7.495331764221e-01 6.100863218307e-01 4.932923614979e-01 5.602676272392e-01 1.193266630173e+00 2.165113687515e+00 2.966977119446e+00 2.264911413193e+00 9.704546928406e-01 1.476849317551e+00 9.080495238304e-01 9.069745540619e-01 7.772045731544e-01 9.777730703354e-01 1.594240665436e+00 1.288751602173e+00 8.281546831131e-01 6.975260972977e-01 1.391302824020e+00 1.098166584969e+00 1.303427696228e+00 1.288550972939e+00 1.069442868233e+00 7.394891381264e-01 8.141520619392e-01 1.130401611328e+00 1.705612778664e+00 1.085603475571e+00 5.884974002838e-01
5.105207562447e-01 9.067750573158e-01 8.369494676590e-01 8.286269307137e-01 1.032893657684e+00 1.000779509544e+00 1.334532499313e+00 1.634147286415e+00 1.084846258163e+00 7.236307859421e-01 8.125044703484e-01 9.246132373810e-01 9.369105100632e-01 8.712804913521e-01 7.416210770607e-01 6.996933817863e-01 6.636086106300e-01 8.264050483704e-01 1.610706567764e+00 2.587049245834e+00 3.072514057159e+00 2.068516731262e+00 1.284837126732e+00 1.872044682503e+00 1.315804600716e+00 8.256576061249e-01 7.600667476654e-01 1.814130067825e+00 2.544461965561e+00 1.641799569130e+00 9.186211228371e-01 7.804931998253e-01 1.527944803238e+00 1.287662267685e+00 1.287542700768e+00 1.069069743156e+00 7.451627850533e-01 8.159160614014e-01 1.182718038559e+00 1.493326783180e+00 1.751847147942e+00 1.283111929893e+00 5.874667763710e-01
5.180113911629e-01 1.036177277565e+00 1.070653915405e+00 7.749143242836e-01 7.400404810905e-01 8.376659154892e-01 1.315930843353e+00 1.597651004791e+00 1.010320663452e+00 7.821631431580e-01 9.173764586449e-01 9.791806936264e-01 9.468593597412e-01 8.353999853134e-01 7.821200489998e-01 8.861395716667e-01 9.877594709396e-01 1.090999245644e+00 1.974649786949e+00 2.806998491287e+00 3.015753746033e+00 1.859056234360e+00 1.394221544266e+00 2.058428287506e+00 1.600467681885e+00 1.019585132599e+00 7.323743700981e-01 2.757832050323e+00 3.566542863846e+00 1.925114035606e+00 1.003953456879e+00 9.394175410271e-01 1.509072303772e+00 1.182213187218e+00 1.096904516220e+00 7.783427834511e-01 7.809817194939e-01 1.163964986801e+00 1.538068532944e+00 1.699118852615e+00 1.540589570999e+00 1.608111262321e+00 6.780006885529e-01
4.480105638504e-01 9.795494675636e-01 1.218113899231e+00 1.108771324158e+00 7.365643382072e-01 7.240393757820e-01 1.301612019539e+00 1.583748579025e+00 9.724434018135e-01 8.741016387939e-01 9.726041555405e-01 9.820510149002e-01 8.990154266357e-01 7.722146511078e-01 8.146339058876e-01 9.421883225441e-01 1.277914285660e+00 1.309334158897e+00 2.179279565811e+00 2.764354228973e+00 2.736637592316e+00 1.613301873207e+00 1.422344684601e+00 1.968055009842e+00 1.726647853851e+00 1.177506804466e+00 9.244058728218e-01 3.558468818665e+00 4.163584709167e+00 2.121038198471e+00 1.101369619370e+00 8.955963850021e-01 1.531029820442e+00 1.021912813187e+00 1.204296112061e+00 1.206422448158e+00 1.166825532913e+00 1.565240502357e+00 1.800801396370e+00 1.702482581139e+00 1.250705122948e+00 1.996381282806e+00 7.961324453354e-01
4.541344344616e-01 8.134508132935e-01 1.148261308670e+00 1.300812602043e+00 1.109556674957e+00 7.350611686707e-01 1.304793119431e+00 1.581234216690e+00 9.501756429672e-01 9.247828125954e-01 9.751809239388e-01 9.336478710175e-01 1.017512440681e+00 1.107943534851e+00 1.158558130264e+00 1.174543499947e+00 1.387187957764e+00 1.516121387482e+00 2.243558645248e+00 2.564084529877e+00 2.370884656906e+00 1.374882102013e+00 1.284768342972e+00 1.719878911972e+00 1.667711615562e+00 1.210079431534e+00 9.995878338814e-01 4.038558483124e+00 4.422738552094e+00 2.197409868240e+00 9.657008051872e-01 7.759238481522e-01 1.659350037575e+00 1.014355778694e+00 1.233066201210e+00 1.255189180374e+00 1.622481703758e+00 1.868707180023e+00 1.828495264053e+00 1.464608311653e+00 1.047757983208e+00 2.169151782990e+00 1.098582863808e+00
4.560157954693e-01 9.137266874313e-01 9.466170668602e-01 1.244224190712e+00 1.361768126488e+00 1.095105648041e+00 1.293270349503e+00 1.556109189987e+00 9.189859628677e-01 9.340825080872e-01 1.023905158043e+00 1.198387742043e+00 1.328493595123e+00 1.400425791740e+00 1.433537125587e+00 1.445767164230e+00 1.430268764496e+00 1.879689335823e+00 2.636599063873e+00 2.794675111771e+00 2.348897457123e+00 1.736027598381e+00 1.218629956245e+00 1.466704726219e+00 1.504127979279e+00 1.077736377716e+00 1.158932089806e+00 4.260853290558e+00 4.525284767151e+00 2.151957511902e+00 9.270208477974e-01 8.745219707489e-01 1.625729918480e+00 1.077616095543e+00 1.431638360023e+00 1.736955285072e+00 1.937595486641e+00 1.900722384453e+00 1.576639175415e+00 1.217045307159e+00 1.186247348785e+00 2.084299802780e+00 1.429216980934e+00
3.858982026577e-01 8.128965497017e-01 9.734389781952e-01 1.034528851509e+00 1.344383478165e+00 1.417519211769e+00 1.254213094711e+00 1.499652266502e+00 9.119374155998e-01 1.104031801224e+00 1.284518599510e+00 1.431344270706e+00 1.531651258469e+00 1.588692188263e+00 1.607605934143e+00 1.603904962540e+00 1.586621165276e+00 2.501064538956e+00 3.420333862305e+00 3.555225610733e+00 3.063174009323e+00 2.399595737457e+00 1.755139946938e+00 1.244592189789e+00 1.747979402542e+00 1.675402522087e+00 1.418775200844e+00 4.088324546814e+00 4.003332614899e+00 1.957862734795e+00 1.197360992432e+00 1.417455554008e+00 1.529848814011e+00 1.720432281494e+00 1.951419353485e+00 2.039085626602e+00 1.955601215363e+00 1.688307046890e+00 1.617418289185e+00 1.874365210533e+00 1.410544872284e+00 1.781839966774e+00 1.713029146194e+00
3.321752846241e-01 6.319013834000e-01 8.096143007278e-01 9.583849906921e-01 1.136296629906e+00 1.440716743469e+00 1.448295354843e+00 1.418656706810e+00 1.132184743881e+00 1.316223382950e+00 1.447691440582e+00 1.531092405319e+00 1.580627918243e+00 1.607683420181e+00 1.608952641487e+00 1.599804997444e+00 1.599056601524e+00 2.751724481583e+00 3.719198942184e+00 3.797996759415e+00 3.283062934875e+00 2.672550678253e+00 2.088218927383e+00 1.526551604271e+00 2.350869178772e+00 2.273165941238e+00 1.916646718979e+00 3.559132575989e+00 3.140451431274e+00 1.664704561234e+00 2.095885038376e+00 2.365687608719e+00 2.356684446335e+00 2.279448509216e+00 2.219546318054e+00 2.151551485062e+00 2.086298227310e+00 1.979356646538e+00 1.810448765755e+00 2.539099454880e+00 1.579429745674e+00 1.354883313179e+00 2.207635641098e+00
4.114743471146e-01 8.000443577766e-01 7.869235873222e-01 7.365663647652e-01 9.031208157539e-01 1.235681295395e+00 1.541651010513e+00 1.471467494965e+00 1.259723067284e+00 1.399842739105e+00 1.469634175301e+00 1.491582393646e+00 1.479960680008e+00 1.445421099663e+00 1.406788229942e+00 1.398536682129e+00 1.433074831963e+00 2.524775743484e+00 3.345103025436e+00 3.457972526550e+00 3.104269742966e+00 2.631071567535e+00 2.171136617661e+00 1.714922547340e+00 2.322306156158e+00 2.399424314499e+00 2.119328737259e+00 2.911303281784e+00 2.290258884430e+00 1.822124481201e+00 2.460607767105e+00 2.784221172333e+00 2.656556129456e+00 2.398413419724e+00 2.155769824982e+00 2.027486324310e+00 1.914596557617e+00 1.783667683601e+00 1.630323410034e+00 2.684814691544e+00 2.459691762924e+00 1.399688005447e+00 2.507553100586e+00
5.308345556259e-01 1.061779141426e+00 1.066762566566e+00 1.046859264374e+00 1.012185692787e+00 9.615104198456e-01 1.351274132729e+00 1.647547960281e+00 1.457367181778e+00 1.368848204613e+00 1.386123061180e+00 1.355422496796e+00 1.294109344482e+00 1.212626576424e+00 1.141631245613e+00 1.154403567314e+00 1.167373418808e+00 1.993205785751e+00 2.569281101227e+00 2.709896564484e+00 2.535520076752e+00 2.276564359665e+00 2.008701801300e+00 1.721444129944e+00 1.818898677826e+00 1.984191536903e+00 1.938862562180e+00 2.959431171417e+00 1.678114414215e+00 1.852758169174e+00 2.401176452637e+00 2.668085813522e+00 2.554713249207e+00 2.112836122513e+00 1.559614658356e+00 1.615181446075e+00 1.377241015434e+00 1.457464098930e+00 1.419395446777e+00 2.213185071945e+00 3.280942916870e+00 1.419102549553e+00 2.521191358566e+00
5.385651588440e-01 1.094428777695e+00 1.133651018143e+00 1.188130855560e+00 1.229444026947e+00 1.240491986275e+00 1.234375953674e+00 1.479914069176e+00 1.722101569176e+00 1.382415533066e+00 1.244247436523e+00 1.179132103920e+00 1.095459222794e+00 1.031001091003e+00 1.109982371330e+00 1.180281043053e+00 1.257451057434e+00 1.641361713409e+00 1.797775506973e+00 1.928112387657e+00 1.888321638107e+00 1.751693129539e+00 1.635380744934e+00 1.550057291985e+00 1.483604788780e+00 1.455768108368e+00 1.929513454437e+00 3.131832122803e+00 2.138187885284e+00 2.092219829559e+00 2.486428499222e+00 2.525370121002e+00 2.116756916046e+00 2.117270469666e+00 1.143187046051e+00 1.917365193367e+00 1.827763319016e+00 1.693173766136e+00 1.452719688416e+00 1.549976706505e+00 3.722729444504e+00 2.025315761566e+00 2.234142780304e+00
5.833615064621e-01 1.007005810738e+00 1.004804849625e+00 1.049594759941e+00 1.135182857513e+00 1.248743295670e+00 1.323576807976e+00 1.364031791687e+00 1.584173202515e+00 1.676963806152e+00 1.436344385147e+00 1.384453415871e+00 1.398755192757e+00 1.268131852150e+00 1.144546985626e+00 1.294218063354e+00 1.429671049118e+00 1.688442230225e+00 1.704196810722e+00 1.423922777176e+00 1.288538694382e+00 1.515408873558e+00 1.897660613060e+00 1.973122715950e+00 1.783343434334e+00 1.436757922173e+00 2.135622262955e+00 3.186352968216e+00 2.147863864899e+00 2.257546424866e+00 2.375946044922e+00 2.440638065338e+00 2.622467279434e+00 2.355216264725e+00 1.439222574234e+00 2.158262014389e+00 2.032987833023e+00 1.681828856468e+00 1.266255378723e+00 1.512290239334e+00 3.570672512054e+00 3.109105110168e+00 1.746731996536e+00
6.656502485275e-01 1.226135730743e+00 1.320395708084e+00 1.139050245285e+00 1.054481625557e+00 1.139650344849e+00 1.163070321083e+00 1.146888375282e+00 1.240291357040e+00 1.543460726738e+00 1.681540012360e+00 1.733666181564e+00 1.739609360695e+00 1.599806427956e+00 1.568424224854e+00 1.514606237411e+00 1.423426866531e+00 1.690242052078e+00 1.773837566376e+00 1.577899336815e+00 1.302278399467e+00 1.198217034340e+00 1.324804067612e+00 1.479040861130e+00 1.518106102943e+00 1.523481965065e+00 1.868593931198e+00 3.058787345886e+00 2.188432455063e+00 1.914372324944e+00 2.193778276443e+00 2.526518821716e+00 2.822049379349e+00 2.407045364380e+00 1.655810832977e+00 2.384710788727e+00 1.947973132133e+00 1.511937737465e+00 1.140323042870e+00 1.379648923874e+00 2.871036767960e+00 4.209005355835e+00 1.933484077454e+00
6.530029773712e-01 1.280501008034e+00 1.522199630737e+00 1.433896422386e+00 1.085696578026e+00 8.453868031502e-01 1.027119874954e+00 1.165182709694e+00 1.250949382782e+00 1.262758493423e+00 1.663533926010e+00 1.849300503731e+00 1.766126990318e+00 1.772148370743e+00 1.793843030930e+00 1.770793795586e+00 1.568201899529e+00 1.674287080765e+00 1.831075906754e+00 1.687398910522e+00 1.294440150261e+00 1.549678325653e+00 1.503437995911e+00 1.546399950981e+00 1.365626692772e+00 1.333829879761e+00 1.402098059654e+00 2.830288171768e+00 2.587715148926e+00 2.046111106873e+00 1.980306863785e+00 2.136293411255e+00 2.645364046097e+00 2.362062692642e+00 1.913108468056e+00 2.303601264954e+00 1.698225140572e+00 1.356868624687e+00 1.281282305717e+00 1.253814339638e+00 1.964892625809e+00 4.923079013824e+00 2.032823085785e+00
