VariationalSeries/SI/f44_max.grd
DSAA
101	101
32.816463539100	34.260883539100
35.556306596100	36.727886596100
1.822445192374e-03	2.992842102051e+02
[rows 38 to 56 of 101, columns 43 to 85 of 101]
1.829312324524e+01 2.840946960449e+01 3.036604499817e+01 1.799874305725e+01 3.018869972229e+01 1.481049156189e+01 1.521428012848e+01 2.045614242554e+01 1.753095436096e+01 1.406839466095e+01 2.071669960022e+01 1.074367332458e+01 1.180629062653e+01 9.993438720703e+00 1.552307415009e+01 1.129861259460e+01 1.224984073639e+01 6.960815429688e+00 9.477445602417e+00 1.438893222809e+01 1.466623115540e+01 1.124199867249e+01 7.754582405090e+00 6.141104698181e+00 5.285315990448e+00 4.772025108337e+00 4.429827690125e+00 4.533622264862e+00 4.030190944672e+00 3.025049209595e+00 3.005704879761e+00 3.558610677719e+00 4.067384243011e+00 4.182834148407e+00 4.242249965668e+00 4.251418113708e+00 4.187212944031e+00 3.867875814438e+00 3.435364723206e+00 3.062541007996e+00 2.760271787643e+00 2.769062519073e+00 2.343477487564e+00
1.819301033020e+01 3.767698669434e+01 2.431701278687e+01 3.394198608398e+01 2.443002319336e+01 3.451574707031e+01 2.902717590332e+01 1.795905685425e+01 1.823719978333e+01 1.463070487976e+01 2.351330947876e+01 1.519004726410e+01 9.865368843079e+00 1.133161354065e+01 2.060973930359e+01 1.229988861084e+01 1.406060028076e+01 2.197603797913e+01 1.970463752747e+01 1.335676574707e+01 9.022991180420e+00 6.134844779968e+00 5.593453884125e+00 5.055931091309e+00 5.089903831482e+00 4.863528251648e+00 4.262389183044e+00 3.717085599899e+00 3.353298187256e+00 3.351617574692e+00 3.679972648621e+00 3.456763267517e+00 2.836935043335e+00 2.400930404663e+00 2.320301055908e+00 2.001743078232e+00 2.141777753830e+00 2.353398084641e+00 2.589834213257e+00 2.867091655731e+00 3.105140447617e+00 4.078187465668e+00 4.206485271454e+00
2.678719139099e+01 1.873923301697e+01 3.316698074341e+01 2.627581787109e+01 2.793692398071e+01 3.638037872314e+01 2.215668869019e+01 2.015071868896e+01 1.439692974091e+01 1.494782257080e+01 2.515577697754e+01 1.360187530518e+01 1.396783733368e+01 1.370439624786e+01 1.671314811707e+01 2.700096321106e+01 1.842507171631e+01 9.556986808777e+00 8.923899650574e+00 5.919012546539e+00 4.498640537262e+00 6.481118679047e+00 8.510281562805e+00 7.668883323669e+00 5.522809505463e+00 4.814179897308e+00 4.705705165863e+00 4.338031291962e+00 3.746645927429e+00 3.482952117920e+00 3.276104927063e+00 3.319949626923e+00 3.176241636276e+00 2.953137874603e+00 2.880609035492e+00 3.027820110321e+00 2.987288713455e+00 2.712086915970e+00 3.601102828979e+00 4.909492969513e+00 4.034161090851e+00 3.017391204834e+00 2.610614776611e+00
2.973743438721e+01 2.724525070190e+01 4.323254013062e+01 3.613040161133e+01 3.415546035767e+01 3.764166259766e+01 3.543920516968e+01 1.954697036743e+01 2.203941917419e+01 2.093571281433e+01 2.475532722473e+01 1.932326316833e+01 1.799606704712e+01 3.058908843994e+01 1.972141075134e+01 1.462551593781e+01 1.242141056061e+01 1.005904102325e+01 7.405666351318e+00 1.198020172119e+01 1.290112781525e+01 6.775815486908e+00 1.067482185364e+01 8.108283996582e+00 7.297026157379e+00 6.434708118439e+00 5.682703495026e+00 5.081464767456e+00 4.577033519745e+00 4.409794807434e+00 8.252385139465e+00 3.506340742111e+00 3.331966876984e+00 3.154014348984e+00 3.988988876343e+00 4.980513572693e+00 4.561687469482e+00 5.218943595886e+00 4.437543869019e+00 4.866610050201e+00 4.910835742950e+00 4.803596973419e+00 4.411074638367e+00
2.835502433777e+01 3.922402954102e+01 3.386569213867e+01 3.368189620972e+01 3.123529052734e+01 3.948903274536e+01 6.238591384888e+01 2.691745758057e+01 3.142249107361e+01 3.136498260498e+01 2.857731437683e+01 2.865452766418e+01 3.262109375000e+01 1.868011283875e+01 2.019662094116e+01 1.138669204712e+01 1.541386318207e+01 2.060350990295e+01 1.620690727234e+01 1.549545478821e+01 1.611392974854e+01 1.086752796173e+01 6.729947566986e+00 6.531129360199e+00 6.056131362915e+00 5.676290988922e+00 6.922486782074e+00 1.196787357330e+01 1.436361122131e+01 1.273912429810e+01 6.286783218384e+00 4.545288562775e+00 4.314303874969e+00 4.670693874359e+00 5.875397682190e+00 6.024233818054e+00 5.453037738800e+00 4.879714012146e+00 3.632976055145e+00 4.520849704742e+00 5.402208805084e+00 5.392805576324e+00 5.187448978424e+00
3.359085083008e+01 4.881327438354e+01 8.059100341797e+01 4.935149765015e+01 7.955643463135e+01 4.088777923584e+01 9.770966339111e+01 2.805879020691e+01 5.434362792969e+01 3.916568374634e+01 3.426500701904e+01 3.343788528442e+01 1.897437095642e+01 2.315676307678e+01 2.617148590088e+01 2.556709671021e+01 1.582390880585e+01 9.400955200195e+00 2.018664360046e+01 1.745560836792e+01 9.564496040344e+00 8.733143806458e+00 8.268055915833e+00 1.505037689209e+01 1.850477790833e+01 1.635126876831e+01 1.075576782227e+01 7.743796348572e+00 8.416584968567e+00 5.318297386169e+00 4.263515472412e+00 6.396009445190e+00 7.951450347900e+00 7.134395599365e+00 6.292176723480e+00 8.498803138733e+00 1.006698608398e+01 9.001683235168e+00 6.454260826111e+00 4.708417415619e+00 5.884226799011e+00 6.463067054749e+00 6.817525863647e+00
4.149042129517e+01 5.222883224487e+01 6.155885696411e+01 8.170785522461e+01 6.829252624512e+01 6.923225402832e+01 1.145705184937e+02 4.546889114380e+01 5.284906005859e+01 4.161273956299e+01 4.201984405518e+01 2.427701759338e+01 2.624118423462e+01 3.276315689087e+01 2.556430816650e+01 1.829231452942e+01 2.638125801086e+01 2.449469947815e+01 1.940079689026e+01 2.454793167114e+01 2.485073280334e+01 2.154970169067e+01 1.541921329498e+01 8.424036026001e+00 9.249537467957e+00 8.344303131104e+00 6.628106594086e+00 6.840761661530e+00 7.378006458282e+00 7.928670883179e+00 7.719838619232e+00 6.586380481720e+00 6.326522827148e+00 5.308856964111e+00 9.690709114075e+00 1.184052562714e+01 1.110056781769e+01 8.176279067993e+00 4.953291416168e+00 3.042410135269e+00 4.229310512543e+00 4.852927684784e+00 4.465684890747e+00
3.923464584351e+01 5.762179183960e+01 6.840438842773e+01 6.526612091064e+01 9.706312561035e+01 7.252924346924e+01 1.166352386475e+02 6.433563232422e+01 5.503610992432e+01 6.104876327515e+01 4.674458312988e+01 3.073892211914e+01 3.054162597656e+01 3.266541671753e+01 1.883948516846e+01 2.792910385132e+01 3.603253555298e+01 2.480903244019e+01 1.475904560089e+01 1.461193180084e+01 1.289214992523e+01 9.985049247742e+00 9.623085975647e+00 1.065233612061e+01 1.065526866913e+01 9.410753250122e+00 8.149287223816e+00 7.957119941711e+00 6.627849102020e+00 7.288750171661e+00 6.977443695068e+00 6.363310337067e+00 4.418768882751e+00 8.088723182678e+00 9.648598670959e+00 9.147399902344e+00 6.389035224915e+00 3.443316221237e+00 4.737032890320e+00 4.456832885742e+00 3.336031198502e+00 3.175987958908e+00 3.433001995087e+00
5.814805221558e+01 8.141296386719e+01 8.307702636719e+01 9.059799194336e+01 9.850572204590e+01 1.237982025146e+02 1.167181777954e+02 2.272869262695e+02 8.370122528076e+01 5.303001403809e+01 4.927940368652e+01 4.392110061646e+01 3.737495040894e+01 5.690164947510e+01 4.976768493652e+01 2.902504539490e+01 2.687555885315e+01 2.790017509460e+01 2.042525482178e+01 1.806803321838e+01 1.790108299255e+01 1.702773284912e+01 1.823531341553e+01 1.359522247314e+01 1.748706626892e+01 1.547104740143e+01 9.728116989136e+00 8.857627868652e+00 8.969672203064e+00 8.371819496155e+00 7.148005962372e+00 6.906542778015e+00 7.205884456635e+00 8.292557716370e+00 7.709760665894e+00 5.916528224945e+00 4.517153263092e+00 4.090190887451e+00 3.986900806427e+00 3.943751811981e+00 3.855622529984e+00 3.714347600937e+00 3.574267387390e+00
3.685899734497e+01 1.076949996948e+02 7.438863372803e+01 9.295870971680e+01 1.469026184082e+02 1.177709350586e+02 1.399695129395e+02 1.659725952148e+02 8.176229095459e+01 7.731429290771e+01 9.811714935303e+01 6.252750778198e+01 7.758798217773e+01 6.028937149048e+01 5.048488616943e+01 4.404427337646e+01 3.744639968872e+01 3.240637588501e+01 2.859833908081e+01 4.014909744263e+01 4.693878936768e+01 1.958499336243e+01 1.277922248840e+01 1.291868877411e+01 1.814317321777e+01 1.141802692413e+01 9.868715286255e+00 9.387723922729e+00 8.662947654724e+00 8.242995262146e+00 7.916278362274e+00 8.188852310181e+00 8.665802001953e+00 7.408772468567e+00 5.670518398285e+00 5.292216300964e+00 5.012764930725e+00 4.111407756805e+00 4.067806720734e+00 4.073852062225e+00 3.759211301804e+00 3.851691246033e+00 4.045671939850e+00
9.946341705322e+01 1.163262023926e+02 1.330423889160e+02 1.402917327881e+02 1.624315643311e+02 2.250434112549e+02 2.992842102051e+02 1.384060668945e+02 1.115458145142e+02 7.772551727295e+01 1.105872955322e+02 1.101362228394e+02 4.166490173340e+01 6.656280517578e+01 7.301726531982e+01 3.622220611572e+01 3.347233581543e+01 3.548016357422e+01 3.913912200928e+01 4.610717391968e+01 3.555633163452e+01 1.512860012054e+01 1.713438034058e+01 1.408647060394e+01 1.315849494934e+01 1.125776958466e+01 1.094582557678e+01 1.086220741272e+01 9.025639533997e+00 6.265159130096e+00 5.605096340179e+00 6.142417430878e+00 6.520625591278e+00 6.699779987335e+00 6.571801185608e+00 6.293558597565e+00 5.610746860504e+00 5.754157543182e+00 6.414715766907e+00 6.569110870361e+00 5.881711483002e+00 5.104412078857e+00 4.454438209534e+00
6.651243591309e+01 1.184702758789e+02 1.223418579102e+02 1.551064758301e+02 1.533284759521e+02 1.517678833008e+02 1.489514312744e+02 1.234645233154e+02 8.641410827637e+01 9.870938110352e+01 9.459349060059e+01 9.919530487061e+01 1.200619125366e+02 5.265566253662e+01 4.460441970825e+01 2.770841407776e+01 2.524382400513e+01 1.785646057129e+01 1.644826507568e+01 1.402463340759e+01 1.204173564911e+01 1.364192867279e+01 1.681576728821e+01 1.935000991821e+01 1.980553436279e+01 1.738303947449e+01 1.390269565582e+01 9.630008697510e+00 6.679079055786e+00 5.506905555725e+00 4.477949142456e+00 5.053725242615e+00 6.572798728943e+00 4.399363040924e+00 4.977428436279e+00 5.438276767731e+00 4.345105648041e+00 5.316236495972e+00 6.283680915833e+00 6.658304214478e+00 7.556759834290e+00 9.493481636047e+00 1.077836322784e+01
2.609020423889e+01 3.562283325195e+01 5.619048690796e+01 2.655758056641e+02 1.462693786621e+02 1.395477142334e+02 7.801591491699e+01 8.002137756348e+01 7.399063110352e+01 1.178161239624e+02 1.096491622925e+02 1.553004455566e+02 2.252427825928e+02 1.655475769043e+02 1.078994064331e+02 4.969276046753e+01 2.338106918335e+01 1.666600418091e+01 1.521469974518e+01 2.036365890503e+01 2.650283432007e+01 2.454071235657e+01 1.811332321167e+01 1.164157485962e+01 1.280601787567e+01 1.211608505249e+01 1.732221984863e+01 2.581314659119e+01 1.196901035309e+01 6.301459312439e+00 5.831117630005e+00 9.575357437134e+00 6.268168449402e+00 3.926684617996e+00 3.449224710464e+00 3.574895858765e+00 3.593951940536e+00 3.699275970459e+00 3.766053199768e+00 3.763988018036e+00 3.770274162292e+00 4.171779632568e+00 3.640602827072e+00
4.730361461639e+00 1.178110408783e+01 2.836847305298e+01 3.786616134644e+01 3.861741638184e+01 3.774916839600e+01 2.943466758728e+01 4.018217086792e+01 4.010982513428e+01 6.390207672119e+01 1.297770385742e+02 1.464662628174e+02 2.015672302246e+02 1.169291305542e+02 8.354320526123e+01 4.724919128418e+01 2.156544876099e+01 1.130433654785e+01 1.196409797668e+01 2.634347724915e+01 8.389227294922e+01 3.501097106934e+01 2.993937873840e+01 2.236698532104e+01 2.279907035828e+01 1.957976722717e+01 2.108255004883e+01 1.477266693115e+01 7.313456058502e+00 9.648306846619e+00 8.134465217590e+00 8.217080116272e+00 4.997081756592e+00 4.531821727753e+00 3.160940885544e+00 2.893656492233e+00 2.999620199203e+00 2.996469736099e+00 3.236273527145e+00 2.994683980942e+00 3.898014545441e+00 4.578684806824e+00 4.428676128387e+00
3.299687385559e+00 6.142423629761e+00 1.786420440674e+01 1.036454963684e+01 9.200148582458e+00 7.503174781799e+00 1.143941307068e+01 1.881633567810e+01 1.968236160278e+01 2.085822677612e+01 5.909454727173e+01 2.908101806641e+02 2.309633941650e+02 1.042169570923e+02 4.785686492920e+01 1.378466892242e+01 8.283340454102e+00 5.444459438324e+00 6.768278598785e+00 1.730537796021e+01 3.968264770508e+01 6.914756774902e+01 3.463644790649e+01 2.635951805115e+01 2.080055427551e+01 1.561426067352e+01 1.654653167725e+01 1.546669864655e+01 1.357456779480e+01 1.223569011688e+01 1.491223144531e+01 6.380940437317e+00 5.920569896698e+00 4.782716274261e+00 4.887673377991e+00 4.555277347565e+00 3.814494609833e+00 3.258807420731e+00 3.728034973145e+00 4.303529739380e+00 5.041480064392e+00 4.963454246521e+00 4.233270168304e+00
2.218704462051e+00 9.130232810974e+00 2.144684219360e+01 1.576590919495e+01 3.912807703018e+00 4.596292495728e+00 4.400096893311e+00 8.890209197998e+00 9.705091476440e+00 1.567821407318e+01 3.028384399414e+01 7.953583526611e+01 1.704538879395e+02 1.167955551147e+02 1.581887664795e+02 3.813796234131e+01 4.688541412354e+00 2.955861330032e+00 4.658330917358e+00 1.541717624664e+01 4.720823287964e+01 7.390790557861e+01 5.638714599609e+01 3.839175033569e+01 2.668569564819e+01 1.680117034912e+01 1.905751991272e+01 1.412210273743e+01 1.364294528961e+01 1.357768440247e+01 1.128426837921e+01 8.998489379883e+00 6.336749076843e+00 6.754406452179e+00 6.063134193420e+00 4.828827381134e+00 4.290655612946e+00 3.979854822159e+00 3.691318273544e+00 4.310583114624e+00 4.729542732239e+00 4.599865913391e+00 4.075937271118e+00
1.893301367760e+00 4.661153316498e+00 3.167582130432e+01 3.807854843140e+01 1.987357139587e+01 3.096594810486e+00 2.356351852417e+00 4.429146766663e+00 4.426393985748e+00 3.598165273666e+00 3.041536331177e+00 1.279395008087e+01 5.769290924072e+01 3.329520034790e+01 1.925969390869e+02 2.324851799011e+01 1.310993480682e+01 4.947188377380e+00 4.137492179871e+00 1.340172195435e+01 2.628782463074e+01 2.327144622803e+02 7.198687744141e+01 3.137787628174e+01 3.178524017334e+01 1.678121185303e+01 1.801147842407e+01 1.536573314667e+01 2.196022796631e+01 1.687415504456e+01 9.681264877319e+00 9.607416152954e+00 8.963988304138e+00 8.537011146545e+00 8.382866859436e+00 6.683470726013e+00 6.593874931335e+00 7.297673225403e+00 4.715465545654e+00 3.614360094070e+00 3.567510128021e+00 3.524712562561e+00 4.077373027802e+00
1.214934110641e+00 2.099116325378e+00 2.611410856247e+00 1.479216289520e+01 9.105548858643e+00 2.206588506699e+00 1.878353476524e+00 2.204333782196e+00 2.066092252731e+00 1.985066175461e+00 1.437743067741e+00 1.607268691063e+00 4.926127433777e+00 3.055851745605e+01 8.718408203125e+01 2.135509109497e+01 1.781361770630e+01 8.389258384705e+00 4.896603107452e+00 9.614921569824e+00 1.121153736115e+01 1.533539962769e+01 1.400117778778e+01 1.058432197571e+01 1.558682823181e+01 2.594780921936e+01 2.273840713501e+01 2.269637298584e+01 1.460789299011e+01 1.911925315857e+01 1.994420814514e+01 1.738117218018e+01 1.061853218079e+01 8.805742263794e+00 8.435773849487e+00 7.364507198334e+00 6.293687820435e+00 6.393480777740e+00 6.194639682770e+00 4.100378036499e+00 3.376510858536e+00 3.479771614075e+00 3.758064985275e+00
1.332553982735e+00 2.133246421814e+00 1.403048872948e+00 1.578746080399e+00 1.603124976158e+00 1.885044693947e+00 1.738371849060e+00 1.630955457687e+00 1.507710456848e+00 1.144930601120e+00 8.014965057373e-01 6.807356476784e-01 1.135174512863e+00 3.172969055176e+01 4.938271713257e+01 5.086732101440e+01 1.455756950378e+01 1.550269031525e+01 1.358441066742e+01 5.622193813324e+00 6.097248554230e+00 1.144761943817e+01 3.125580978394e+01 2.957811546326e+01 3.855816268921e+01 3.880270767212e+01 3.637885665894e+01 3.437371826172e+01 3.258234405518e+01 3.109131622314e+01 3.310275268555e+01 4.055358123779e+01 3.466561889648e+01 1.418918037415e+01 5.783113956451e+00 6.799552917480e+00 7.443946838379e+00 5.142360687256e+00 5.088115215302e+00 3.597839355469e+00 3.546097517014e+00 2.617190837860e+00 2.945601224899e+00
