VariationalSeries/SI/f44_max.grd
DSAA
101	101
32.816463539100	34.260883539100
35.556306596100	36.727886596100
1.822445192374e-03	2.992842102051e+02
[rows 57 to 75 of 101, columns 0 to 42 of 101]
1.009360030293e-01 1.658019721508e-01 1.799986064434e-01 1.801757067442e-01 1.907961219549e-01 2.332829684019e-01 2.611190080643e-01 2.862542867661e-01 3.097825348377e-01 3.165839314461e-01 3.045392632484e-01 4.267294406891e-01 7.311087846756e-01 3.996614813805e-01 2.907894849777e-01 4.384856224060e-01 3.926153182983e-01 4.405516684055e-01 5.324898362160e-01 5.544842481613e-01 5.711781382561e-01 4.269886314869e-01 2.967058122158e-01 2.608891129494e-01 2.829467058182e-01 3.918731510639e-01 6.262406706810e-01 7.768380045891e-01 6.073690056801e-01 3.543659150600e-01 2.776018083096e-01 2.184507548809e-01 2.288971096277e-01 2.749848961830e-01 3.249972462654e-01 4.172270894051e-01 4.807508289814e-01 5.185340642929e-01 8.571146130562e-01 1.122928857803e+00 9.627028107643e-01 8.535845875740e-01 9.611097574234e-01
1.275800466537e-01 2.088491767645e-01 2.385826855898e-01 2.421353161335e-01 2.394891530275e-01 2.329443395138e-01 2.325286865234e-01 2.434935271740e-01 2.536147832870e-01 4.127145707607e-01 1.339278817177e+00 1.550900220871e+00 5.794686675072e-01 3.009122312069e-01 3.020906746387e-01 2.810016870499e-01 3.038417994976e-01 3.026221096516e-01 3.453551828861e-01 4.374853372574e-01 5.307790040970e-01 5.669121742249e-01 3.963668048382e-01 2.491638660431e-01 2.868944704533e-01 4.377279579639e-01 6.611366271973e-01 7.083228826523e-01 7.170214056969e-01 4.559592306614e-01 2.754560410976e-01 2.500448524952e-01 2.394630312920e-01 2.863826751709e-01 3.382155299187e-01 3.503163456917e-01 3.604274392128e-01 3.750893771648e-01 3.783295154572e-01 4.083365797997e-01 4.925179779530e-01 6.733817458153e-01 7.752196788788e-01
1.706493347883e-01 2.805851995945e-01 3.246591091156e-01 4.614433348179e-01 5.932720899582e-01 7.536531686783e-01 9.923759102821e-01 1.448116779327e+00 2.657800674438e+00 3.753169536591e+00 2.496169567108e+00 6.353680491447e-01 4.289104640484e-01 3.752172291279e-01 2.728126347065e-01 2.868202626705e-01 3.031467497349e-01 2.982680797577e-01 2.842245697975e-01 3.039905726910e-01 5.120010972023e-01 5.802166461945e-01 4.115024209023e-01 2.366342395544e-01 1.854082942009e-01 2.859652638435e-01 4.055420160294e-01 4.189012348652e-01 4.370944499969e-01 3.554230630398e-01 2.479958534241e-01 2.611977159977e-01 2.472947835922e-01 2.775723636150e-01 3.350919783115e-01 3.475032746792e-01 3.314750194550e-01 3.043824136257e-01 2.799397706985e-01 3.133886456490e-01 3.998695909977e-01 5.123326182365e-01 6.780184507370e-01
1.667533963919e-01 2.982024550438e-01 5.216827988625e-01 7.470426559448e-01 9.469204545021e-01 1.255200386047e+00 1.827926397324e+00 2.731374263763e+00 2.745737314224e+00 1.270126104355e+00 3.062663674355e-01 3.571675121784e-01 3.885060250759e-01 3.452214300632e-01 3.097243010998e-01 3.251188099384e-01 3.257494568825e-01 3.124958574772e-01 2.429923862219e-01 2.377894073725e-01 3.687683343887e-01 4.114020168781e-01 3.053363263607e-01 1.910739392042e-01 1.468737423420e-01 1.587098240852e-01 2.128057628870e-01 2.632593214512e-01 3.086293041706e-01 2.666604220867e-01 2.439434081316e-01 2.283010780811e-01 2.437217533588e-01 2.700056731701e-01 3.241246640682e-01 3.324531912804e-01 3.012224137783e-01 2.582344710827e-01 2.358530312777e-01 2.622091770172e-01 3.866842687130e-01 4.870173931122e-01 6.205019950867e-01
1.010004132986e-01 1.760816276073e-01 2.152882069349e-01 2.266331911087e-01 2.270408421755e-01 2.260247319937e-01 2.240145653486e-01 2.191819697618e-01 2.149547040462e-01 2.101899236441e-01 1.972093135118e-01 2.076267600060e-01 2.275112569332e-01 2.910852134228e-01 3.273756504059e-01 3.419131934643e-01 3.290067315102e-01 2.918145358562e-01 2.154426574707e-01 1.715219169855e-01 2.065311223269e-01 2.142678648233e-01 1.690527945757e-01 1.253558695316e-01 1.104263514280e-01 1.208268105984e-01 1.551386266947e-01 1.865573078394e-01 2.217395305634e-01 2.387297898531e-01 2.259500324726e-01 2.019149512053e-01 2.343562692404e-01 2.837799489498e-01 3.388303220272e-01 3.280912935734e-01 2.728204727173e-01 2.165416777134e-01 2.390891313553e-01 2.677691876888e-01 3.994325101376e-01 4.960349798203e-01 5.847687721252e-01
4.741504043341e-02 8.839410543442e-02 1.146688833833e-01 1.266726404428e-01 1.313372701406e-01 1.351583600044e-01 1.388055384159e-01 1.414841413498e-01 1.456883102655e-01 1.499069333076e-01 1.469011753798e-01 1.380939930677e-01 1.407899409533e-01 1.869186460972e-01 2.199259549379e-01 2.315070629120e-01 2.105915248394e-01 1.873161196709e-01 1.581517755985e-01 1.340991258621e-01 1.101904138923e-01 1.027838289738e-01 8.482395857573e-02 9.397593140602e-02 1.108456775546e-01 1.165894120932e-01 1.286744326353e-01 1.550555974245e-01 1.877069771290e-01 2.053709626198e-01 2.023631185293e-01 1.911044120789e-01 2.341463714838e-01 3.145004808903e-01 3.655966818333e-01 3.302466869354e-01 2.479228675365e-01 2.131714373827e-01 2.451130300760e-01 2.886630892754e-01 3.876972794533e-01 4.372238814831e-01 5.041860938072e-01
3.265935182571e-02 5.500834435225e-02 6.831809133291e-02 7.772544026375e-02 8.363217115402e-02 8.878790587187e-02 9.372942894697e-02 9.785809367895e-02 1.028041988611e-01 1.078725755215e-01 1.085499003530e-01 1.050579026341e-01 1.010502725840e-01 9.746298938990e-02 9.831871837378e-02 1.114942282438e-01 1.175703704357e-01 1.159744709730e-01 1.064187362790e-01 1.016588434577e-01 8.777599036694e-02 8.234399557114e-02 7.236169278622e-02 9.571295231581e-02 1.179791688919e-01 1.292490810156e-01 1.285384148359e-01 1.271790713072e-01 1.550480425358e-01 1.724606454372e-01 1.766543388367e-01 1.756159365177e-01 2.378569990396e-01 3.329298198223e-01 3.674727380276e-01 3.068664669991e-01 2.170512378216e-01 2.143480777740e-01 2.563676238060e-01 2.879690825939e-01 3.345709741116e-01 3.848949670792e-01 3.951566219330e-01
2.641599252820e-02 4.499684274197e-02 5.672778934240e-02 6.239528581500e-02 6.643854826689e-02 6.986608356237e-02 7.238132506609e-02 7.285860180855e-02 7.529468834400e-02 7.820162177086e-02 7.882203161716e-02 7.750476151705e-02 7.618639618158e-02 7.444649934769e-02 7.730929553509e-02 8.882111310959e-02 9.440237283707e-02 9.314266592264e-02 8.613499253988e-02 8.040746301413e-02 8.525241911411e-02 8.275960385799e-02 7.190918177366e-02 9.556421637535e-02 1.205612197518e-01 1.358573138714e-01 1.376777589321e-01 1.333573460579e-01 1.365146338940e-01 1.496296226978e-01 1.558587104082e-01 1.641797572374e-01 2.367217391729e-01 3.258574306965e-01 3.356142938137e-01 2.640680670738e-01 2.013133317232e-01 2.203396409750e-01 2.685680985451e-01 2.837474346161e-01 2.966181039810e-01 3.206998407841e-01 2.943634092808e-01
2.543803304434e-02 4.075143113732e-02 5.170720815659e-02 5.677258223295e-02 5.895523726940e-02 6.082317233086e-02 6.148430705070e-02 6.038289517164e-02 6.066105887294e-02 6.142460927367e-02 6.187625229359e-02 6.422808766365e-02 6.608419865370e-02 6.758820265532e-02 6.937579065561e-02 7.213990390301e-02 7.712652534246e-02 7.812745869160e-02 7.887105643749e-02 7.575309276581e-02 7.830981910229e-02 8.182358741760e-02 7.265033572912e-02 9.055842459202e-02 1.144088357687e-01 1.302940845490e-01 1.330896764994e-01 1.301713734865e-01 1.373105794191e-01 1.412993371487e-01 1.439819335938e-01 1.535859256983e-01 2.221545428038e-01 2.926547825336e-01 2.843658328056e-01 2.269585281610e-01 1.962167620659e-01 2.363060116768e-01 2.719841599464e-01 2.654708325863e-01 2.581055760384e-01 2.601972222328e-01 2.389647811651e-01
2.383255586028e-02 3.783357515931e-02 4.748029634356e-02 5.176438391209e-02 5.359474942088e-02 5.493956804276e-02 5.508282408118e-02 5.388205125928e-02 5.377188697457e-02 5.782658979297e-02 6.131678074598e-02 6.446076184511e-02 6.723958998919e-02 6.957218050957e-02 7.168564945459e-02 7.373169809580e-02 7.524244487286e-02 7.547472417355e-02 7.397077232599e-02 7.202555984259e-02 7.219412922859e-02 7.896074652672e-02 7.464662939310e-02 8.219134062529e-02 1.024041101336e-01 1.164604127407e-01 1.346746385098e-01 1.470002532005e-01 1.475397944450e-01 1.427636593580e-01 1.395961493254e-01 1.431174427271e-01 1.953500211239e-01 2.439198046923e-01 2.336688637733e-01 2.024342715740e-01 2.120013535023e-01 2.405464351177e-01 2.572934627533e-01 2.333943396807e-01 2.163434326649e-01 2.055686861277e-01 2.044762223959e-01
2.198332175612e-02 3.483917564154e-02 4.365032911301e-02 4.773490875959e-02 4.945622384548e-02 5.019206926227e-02 4.981767386198e-02 4.946608468890e-02 5.041037872434e-02 5.473380535841e-02 5.862680077553e-02 6.227346882224e-02 6.562124192715e-02 6.842420250177e-02 7.059445232153e-02 7.200185209513e-02 7.217682898045e-02 7.812157273293e-02 7.977342605591e-02 7.403869926929e-02 6.752619892359e-02 7.246596366167e-02 7.395531237125e-02 7.390161603689e-02 9.013903886080e-02 1.017933264375e-01 1.228621080518e-01 1.427645832300e-01 1.474610716105e-01 1.426195502281e-01 1.368336081505e-01 1.353173702955e-01 1.560218483210e-01 1.893297880888e-01 1.858751326799e-01 1.717830896378e-01 1.833928525448e-01 2.038891017437e-01 2.109169661999e-01 1.835338473320e-01 1.696844547987e-01 1.572453826666e-01 1.541854739189e-01
2.042453736067e-02 3.242235258222e-02 4.078569635749e-02 4.484963044524e-02 4.633408784866e-02 4.642144963145e-02 4.567746818066e-02 4.572664201260e-02 4.757095500827e-02 4.942379891872e-02 5.330421775579e-02 5.708696320653e-02 6.058744713664e-02 6.353417038918e-02 6.566458195448e-02 6.848758459091e-02 7.515286654234e-02 8.459447324276e-02 8.877646923065e-02 8.638139814138e-02 7.907663285732e-02 7.035526633263e-02 7.228638976812e-02 7.322042435408e-02 8.032061159611e-02 8.967856317759e-02 9.242060780525e-02 1.111350655556e-01 1.257586628199e-01 1.302093118429e-01 1.286387443542e-01 1.305540800095e-01 1.345796138048e-01 1.389627009630e-01 1.379957497120e-01 1.334419995546e-01 1.409439593554e-01 1.640684157610e-01 1.745628863573e-01 1.434743255377e-01 1.280135363340e-01 1.143043935299e-01 1.260636746883e-01
1.929658651352e-02 3.072113730013e-02 3.879448771477e-02 4.264478385448e-02 4.366815090179e-02 4.331413656473e-02 4.256428033113e-02 4.230275750160e-02 4.372958838940e-02 4.561559110880e-02 4.633279144764e-02 5.000444501638e-02 5.337942019105e-02 5.627199262381e-02 5.886294320226e-02 6.539604812860e-02 7.644324749708e-02 8.722169697285e-02 9.453773498535e-02 9.675308316946e-02 9.411939233541e-02 8.852506428957e-02 8.177766948938e-02 7.556428015232e-02 7.274167239666e-02 8.025494217873e-02 8.193547278643e-02 7.849888503551e-02 9.586896002293e-02 1.099861562252e-01 1.193150207400e-01 1.262099742889e-01 1.304140985012e-01 1.261466443539e-01 1.133270561695e-01 1.110243126750e-01 1.247191205621e-01 1.556392312050e-01 1.803288906813e-01 1.619430780411e-01 1.192074045539e-01 1.065739467740e-01 1.211170032620e-01
1.888655126095e-02 3.001985885203e-02 3.776629641652e-02 4.116451740265e-02 4.169788956642e-02 4.110453277826e-02 4.072771221399e-02 4.128175228834e-02 4.113383218646e-02 4.154403507710e-02 4.245651885867e-02 4.692458733916e-02 5.161779746413e-02 5.648736655712e-02 6.079705804586e-02 6.686928868294e-02 7.774218916893e-02 8.876177668571e-02 9.868534654379e-02 1.048432067037e-01 1.059143617749e-01 1.033097580075e-01 9.886023402214e-02 9.431763738394e-02 9.165505319834e-02 8.994347602129e-02 8.665820211172e-02 8.173489570618e-02 9.491208195686e-02 1.064525693655e-01 1.150800138712e-01 1.229511946440e-01 1.271147876978e-01 1.187439411879e-01 1.130639910698e-01 1.157159656286e-01 1.256501972675e-01 1.503904461861e-01 1.736856549978e-01 1.574935764074e-01 1.216633468866e-01 1.061388850212e-01 1.207408308983e-01
1.920191384852e-02 3.036274202168e-02 3.785634413362e-02 4.083099216223e-02 4.100250452757e-02 4.016925022006e-02 4.009684175253e-02 4.028179123998e-02 4.117075353861e-02 4.139712080359e-02 4.396247118711e-02 4.838483780622e-02 5.270990729332e-02 5.682978406549e-02 6.016318872571e-02 6.884752213955e-02 8.116570860147e-02 9.281910955906e-02 1.040876954794e-01 1.122684925795e-01 1.149499341846e-01 1.132572069764e-01 1.090733483434e-01 1.038628071547e-01 9.957517683506e-02 9.532488137484e-02 8.820355683565e-02 8.103599399328e-02 9.298308193684e-02 1.030390188098e-01 1.116773933172e-01 1.200012713671e-01 1.227610930800e-01 1.128279492259e-01 1.146434545517e-01 1.179290637374e-01 1.284520179033e-01 1.458031535149e-01 1.569472253323e-01 1.379706412554e-01 1.129522845149e-01 9.854478389025e-02 1.120585948229e-01
1.969758979976e-02 3.105091676116e-02 3.842812031507e-02 4.115210846066e-02 4.111042618752e-02 4.076349362731e-02 4.249652847648e-02 4.370716214180e-02 4.439820349216e-02 4.451121762395e-02 4.412587359548e-02 4.650361090899e-02 5.134146660566e-02 5.744694918394e-02 5.942251160741e-02 6.746223568916e-02 8.306165039539e-02 9.652264416218e-02 1.071940809488e-01 1.139157712460e-01 1.154174953699e-01 1.123259216547e-01 1.065273806453e-01 9.972218424082e-02 9.333685785532e-02 8.690591901541e-02 7.781826704741e-02 8.095289766788e-02 9.122020751238e-02 1.002851501107e-01 1.085390672088e-01 1.154186129570e-01 1.154547482729e-01 1.065527200699e-01 1.162891685963e-01 1.452013552189e-01 1.373863816261e-01 1.449023485184e-01 1.395277678967e-01 1.178458407521e-01 1.022258251905e-01 8.963530510664e-02 1.016829907894e-01
1.942474953830e-02 3.052094951272e-02 3.754984959960e-02 4.006396606565e-02 4.000408947468e-02 4.092195630074e-02 4.204211384058e-02 4.259214177728e-02 4.273964092135e-02 4.249166697264e-02 4.250618442893e-02 4.771406203508e-02 5.553238466382e-02 6.219777464867e-02 6.419211626053e-02 6.280203163624e-02 7.941741496325e-02 9.318032115698e-02 1.009381189942e-01 1.036687195301e-01 1.022243574262e-01 9.668774157763e-02 8.931526541710e-02 8.292037248611e-02 7.773520052433e-02 7.215686887503e-02 7.236507534981e-02 8.029714971781e-02 8.937510848045e-02 9.752514213324e-02 1.046314910054e-01 1.085665747523e-01 1.055401787162e-01 1.021859571338e-01 1.213001981378e-01 1.297265738249e-01 1.325294375420e-01 1.455278545618e-01 1.410780549049e-01 1.156769245863e-01 9.934996068478e-02 9.131638705730e-02 9.871792048216e-02
1.779465191066e-02 2.778048999608e-02 3.397484123707e-02 3.615879267454e-02 3.819414228201e-02 3.985786065459e-02 3.914289921522e-02 3.751609101892e-02 3.708380460739e-02 3.964706137776e-02 4.330154508352e-02 5.007174611092e-02 5.919846147299e-02 6.610456109047e-02 6.803618371487e-02 6.690408289433e-02 7.270567864180e-02 8.440744131804e-02 8.878006786108e-02 8.780312538147e-02 8.343539386988e-02 7.571303844452e-02 7.267047464848e-02 8.604913204908e-02 8.726567775011e-02 8.365826308727e-02 8.195409923792e-02 8.226079493761e-02 8.690432459116e-02 9.399484843016e-02 9.894323348999e-02 9.909655898809e-02 9.306469559669e-02 9.438519179821e-02 1.105490177870e-01 1.574966311455e-01 1.350942552090e-01 1.893631219864e-01 1.680468767881e-01 1.411452591419e-01 1.196453645825e-01 9.849612414837e-02 1.111707240343e-01
1.832834072411e-02 2.701818197966e-02 3.315853700042e-02 3.832472488284e-02 4.222930595279e-02 4.315358027816e-02 4.190166294575e-02 3.954052180052e-02 3.678854927421e-02 4.002343490720e-02 4.436856880784e-02 5.257774516940e-02 6.267613172531e-02 6.970991939306e-02 7.161137461662e-02 7.049335539341e-02 6.674638390541e-02 7.686857879162e-02 7.981726527214e-02 8.422943204641e-02 1.143905147910e-01 1.048585250974e-01 7.891301810741e-02 8.976732194424e-02 8.715142309666e-02 8.028607815504e-02 7.624351978302e-02 7.665272802114e-02 8.393138647079e-02 8.939874172211e-02 9.129785001278e-02 8.772726356983e-02 7.976246625185e-02 8.480420708656e-02 9.396865218878e-02 1.400297582150e-01 1.754969805479e-01 2.750047147274e-01 2.543636560440e-01 1.672283262014e-01 1.273402869701e-01 1.173275411129e-01 1.446347385645e-01
