VariationalSeries/SI/f44_max.grd
DSAA
101	101
32.816463539100	34.260883539100
35.556306596100	36.727886596100
1.822445192374e-03	2.992842102051e+02
[rows 76 to 94 of 101, columns 43 to 85 of 101]
4.607095718384e-01 3.919700384140e-01 7.170464992523e-01 1.805892109871e+00 1.931868791580e+00 3.846669197083e+00 6.134216308594e+00 6.894074440002e+00 4.268980026245e+00 1.194432735443e+00 4.340351104736e+00 9.728683471680e+00 7.270532608032e+00 1.893315076828e+00 8.538503646851e-01 1.207937240601e+00 1.273290395737e+00 6.506554484367e-01 6.093346476555e-01 7.590183615685e-01 2.797996282578e+00 6.406969070435e+00 1.509851336479e+00 1.020315647125e+00 7.432290315628e-01 4.981910288334e-01 2.533419132233e-01 2.178149670362e-01 2.121708244085e-01 2.000776976347e-01 1.893456280231e-01 1.973215043545e-01 2.077334225178e-01 2.203544527292e-01 2.225474119186e-01 2.070811092854e-01 1.898988038301e-01 1.774763464928e-01 1.687856912613e-01 1.636347919703e-01 1.828220188618e-01 2.801253497601e-01 3.821530044079e-01
7.495219707489e-01 1.010993599892e+00 1.293299555779e+00 1.348395347595e+00 1.853211998940e+00 2.558234453201e+00 3.298323392868e+00 3.116977691650e+00 4.998672962189e+00 7.291799545288e+00 7.227342128754e+00 3.467946290970e+00 2.459823369980e+00 2.189823389053e+00 1.411735057831e+00 1.490247249603e+00 4.122463464737e-01 2.557649314404e-01 3.142803311348e-01 3.518314659595e-01 2.667307853699e-01 3.192858994007e-01 5.055190324783e-01 5.075030326843e-01 4.604678750038e-01 2.824193835258e-01 1.382956355810e-01 1.241285800934e-01 1.445428580046e-01 1.665155291557e-01 1.775920838118e-01 1.814401298761e-01 1.804404854774e-01 1.725077629089e-01 1.500114649534e-01 1.203775331378e-01 9.647677838802e-02 9.555281698704e-02 1.012666150928e-01 1.175901219249e-01 1.477063894272e-01 2.520258128643e-01 3.372681736946e-01
1.586821794510e+00 2.396170377731e+00 1.589244842529e+00 7.475517988205e-01 8.685349822044e-01 3.174884796143e+00 8.904934883118e+00 1.185577487946e+01 8.881272315979e+00 4.381144046783e+00 2.361538171768e+00 1.517858266830e+00 1.099217891693e+00 1.768906116486e+00 1.459856271744e+00 5.469062924385e-01 1.823220998049e-01 1.663429886103e-01 1.733024269342e-01 2.347708642483e-01 1.752355992794e-01 1.597056239843e-01 1.847575753927e-01 2.080215960741e-01 1.884877234697e-01 1.718668043613e-01 1.392654776573e-01 1.448911726475e-01 1.218989640474e-01 1.394213885069e-01 1.459109783173e-01 1.359356343746e-01 1.302692145109e-01 1.258848458529e-01 8.865886181593e-02 8.538944274187e-02 9.068928658962e-02 9.034904837608e-02 8.847249299288e-02 9.371037036180e-02 1.146049648523e-01 2.186975032091e-01 3.208297491074e-01
2.259509563446e+00 2.632228851318e+00 8.884643912315e-01 9.208121299744e-01 3.261241197586e+00 5.838669300079e+00 6.024147987366e+00 5.174109458923e+00 4.316729068756e+00 2.045815706253e+00 1.804728388786e+00 2.186793565750e+00 1.344551086426e+00 8.444358110428e-01 3.745985627174e-01 2.018887549639e-01 1.278644949198e-01 1.226120218635e-01 1.177425384521e-01 1.472617983818e-01 1.307577937841e-01 1.308145076036e-01 1.216872408986e-01 1.202057972550e-01 1.163962855935e-01 1.188043132424e-01 1.148200705647e-01 1.167544871569e-01 1.256018579006e-01 1.203138679266e-01 1.219065040350e-01 1.004550457001e-01 1.113542541862e-01 1.168282255530e-01 9.300233423710e-02 7.082617282867e-02 8.475159108639e-02 9.018240869045e-02 9.056458622217e-02 8.898624777794e-02 9.149073064327e-02 1.175269186497e-01 1.977414637804e-01
9.873046278954e-01 1.622707962990e+00 2.343591213226e+00 3.052452564240e+00 3.359352827072e+00 2.759160995483e+00 3.093934297562e+00 3.827796936035e+00 5.462927341461e+00 2.118935108185e+00 2.202497482300e+00 1.338796257973e+00 5.387351512909e-01 2.285475432873e-01 1.579202115536e-01 1.284839510918e-01 1.151738613844e-01 1.038233116269e-01 9.514065086842e-02 9.014453738928e-02 1.001442745328e-01 7.719282805920e-02 7.823059707880e-02 7.794512808323e-02 8.224453777075e-02 8.637427538633e-02 8.715374767780e-02 7.982293516397e-02 6.860124319792e-02 8.231667429209e-02 8.004066348076e-02 7.772526144981e-02 8.723090589046e-02 9.743225574493e-02 8.962290734053e-02 7.027333229780e-02 7.873450219631e-02 8.840944617987e-02 9.078571200371e-02 9.201694279909e-02 1.066946983337e-01 1.280629932880e-01 1.615228950977e-01
1.088045477867e+00 3.309412717819e+00 6.133209705353e+00 3.588784694672e+00 2.311987638474e+00 4.029509544373e+00 5.364639759064e+00 7.213801860809e+00 3.528459310532e+00 1.814952015877e+00 8.544959425926e-01 4.943791329861e-01 2.092281430960e-01 1.343896836042e-01 9.488680958748e-02 7.980094850063e-02 7.327073067427e-02 6.809793412685e-02 6.992140412331e-02 7.450980693102e-02 7.697430998087e-02 7.138998806477e-02 6.904724985361e-02 7.417239248753e-02 8.861156553030e-02 1.032048761845e-01 1.128610298038e-01 1.096812561154e-01 8.663445711136e-02 6.700173765421e-02 6.673529744148e-02 6.159014627337e-02 6.260570883751e-02 7.823235541582e-02 8.100712299347e-02 7.553703337908e-02 7.159831374884e-02 8.387343585491e-02 8.854267746210e-02 8.942929655313e-02 1.023341491818e-01 1.417614519596e-01 1.918520331383e-01
2.045508861542e+00 6.420412063599e+00 4.916910171509e+00 4.000678539276e+00 4.380955219269e+00 4.193232059479e+00 2.932909965515e+00 2.841906547546e+00 2.227873325348e+00 1.140219449997e+00 4.123817384243e-01 2.552564442158e-01 1.392445713282e-01 8.963657915592e-02 7.180134952068e-02 5.888413637877e-02 5.885789543390e-02 6.286197900772e-02 6.141465529799e-02 5.910942703485e-02 6.423312425613e-02 6.632485240698e-02 6.396772712469e-02 6.412729620934e-02 8.076844364405e-02 9.914401918650e-02 1.125733479857e-01 1.122893095016e-01 9.118556976318e-02 6.204209476709e-02 6.484162062407e-02 6.714285910130e-02 5.489325150847e-02 5.759406834841e-02 6.867197901011e-02 7.668253034353e-02 7.748530805111e-02 7.675790041685e-02 8.390228450298e-02 8.757760375738e-02 8.692648261786e-02 9.860629588366e-02 1.244923174381e-01
2.757264614105e+00 4.677748203278e+00 2.786251783371e+00 1.699346303940e+00 1.134049415588e+00 1.391234040260e+00 1.210361599922e+00 1.445575952530e+00 1.228404641151e+00 4.283254444599e-01 2.973472476006e-01 1.769543886185e-01 1.478546112776e-01 1.097149848938e-01 6.845017522573e-02 5.571539327502e-02 6.051895767450e-02 6.104337424040e-02 5.558793619275e-02 5.297053605318e-02 6.146752834320e-02 6.730821728706e-02 7.043229788542e-02 6.797353923321e-02 6.301335990429e-02 7.530101388693e-02 8.404002338648e-02 8.329338580370e-02 6.885156780481e-02 5.576717108488e-02 5.761139839888e-02 6.323736906052e-02 6.033676490188e-02 5.136256664991e-02 5.238651111722e-02 6.268648803234e-02 6.967548280954e-02 6.808485090733e-02 7.746031135321e-02 8.411522954702e-02 8.567563444376e-02 9.032262116671e-02 1.013501510024e-01
3.923992633820e+00 3.243066310883e+00 1.049230933189e+00 7.954077720642e-01 8.434007167816e-01 5.070234537125e-01 7.113348841667e-01 1.162496209145e+00 7.746252417564e-01 3.777315020561e-01 2.815521359444e-01 1.585285067558e-01 1.543903499842e-01 1.462962627411e-01 9.152981638908e-02 7.238655537367e-02 6.141337752342e-02 5.872652679682e-02 5.064523220062e-02 5.105669051409e-02 6.178862228990e-02 7.409786432981e-02 8.146557956934e-02 7.610319554806e-02 6.500303745270e-02 5.584909766912e-02 6.123056262732e-02 6.542761623859e-02 6.506068259478e-02 6.889081001282e-02 6.191211193800e-02 5.718301609159e-02 5.794643983245e-02 5.255459994078e-02 5.075384676456e-02 6.105323880911e-02 6.674739718437e-02 6.501258909702e-02 6.975726783276e-02 7.846862077713e-02 8.227233588696e-02 9.217559546232e-02 1.164028719068e-01
6.208229064941e+00 2.725757598877e+00 5.350261330605e-01 3.825725913048e-01 2.942714691162e-01 3.603309392929e-01 3.880034089088e-01 8.735309243202e-01 8.844942450523e-01 5.391275882721e-01 2.688152492046e-01 1.535809189081e-01 1.328528225422e-01 1.387565881014e-01 1.138163879514e-01 7.000670582056e-02 6.098078191280e-02 5.649955570698e-02 4.696083441377e-02 5.046802014112e-02 6.323280185461e-02 8.256664127111e-02 9.004981070757e-02 7.997155189514e-02 6.716040521860e-02 5.914443358779e-02 6.335973739624e-02 7.056777924299e-02 7.368432730436e-02 7.207934558392e-02 6.676854938269e-02 5.539043992758e-02 6.354392319918e-02 5.269182845950e-02 4.941735044122e-02 5.374547094107e-02 6.755553185940e-02 7.437563687563e-02 7.923375070095e-02 9.005536884069e-02 1.034197434783e-01 1.073724702001e-01 1.043770313263e-01
5.340480804443e+00 1.645841956139e+00 4.073740243912e-01 2.296843081713e-01 2.102433443069e-01 2.439541816711e-01 4.516486823559e-01 5.777079463005e-01 6.940922737122e-01 4.845308065414e-01 3.184251189232e-01 1.782892644405e-01 1.166636049747e-01 1.003234237432e-01 9.601823240519e-02 8.108717203140e-02 7.050925493240e-02 7.746255397797e-02 6.463516503572e-02 5.570681393147e-02 6.947558373213e-02 9.279438108206e-02 9.660336375237e-02 8.113855868578e-02 6.888527423143e-02 6.276012212038e-02 6.627098470926e-02 7.439216971397e-02 8.029513061047e-02 7.491440325975e-02 6.588123738766e-02 5.449908226728e-02 6.481592357159e-02 5.009055137634e-02 4.848209396005e-02 4.661998152733e-02 5.075376480818e-02 6.686115264893e-02 8.517187833786e-02 1.096601337194e-01 1.338868588209e-01 1.434426456690e-01 1.450728327036e-01
2.811147928238e+00 5.153368115425e-01 2.429862767458e-01 2.114430516958e-01 1.768248826265e-01 1.806176304817e-01 2.913473248482e-01 1.614337414503e-01 4.215144217014e-01 6.370480060577e-01 4.524102210999e-01 3.441264033318e-01 1.722075045109e-01 1.058825105429e-01 9.047108888626e-02 9.146639704704e-02 9.698751568794e-02 8.719176054001e-02 7.704379409552e-02 6.797713786364e-02 8.310639858246e-02 1.020895019174e-01 9.830109030008e-02 8.277188986540e-02 7.386520504951e-02 6.949286907911e-02 7.004538178444e-02 7.812497764826e-02 8.485466241837e-02 8.128350973129e-02 6.794184446335e-02 5.374471470714e-02 6.116294115782e-02 5.541154742241e-02 4.809634760022e-02 4.781503230333e-02 4.607006907463e-02 4.817463457584e-02 6.158251315355e-02 9.414312243462e-02 1.285704523325e-01 1.499153077602e-01 1.621626764536e-01
7.609947323799e-01 2.946609556675e-01 1.907742768526e-01 1.824518591166e-01 1.423665583134e-01 1.293218433857e-01 1.310231536627e-01 1.231115311384e-01 1.533575206995e-01 5.254800915718e-01 5.825598835945e-01 8.532162308693e-01 5.459774136543e-01 1.961930394173e-01 1.217546314001e-01 1.014935970306e-01 1.101827695966e-01 1.303359270096e-01 1.214150562882e-01 9.724087268114e-02 9.472453594208e-02 1.061189323664e-01 9.540084749460e-02 8.233233541250e-02 7.747600227594e-02 7.671169191599e-02 7.817351073027e-02 7.985153794289e-02 8.681371062994e-02 8.718169480562e-02 7.517953962088e-02 5.796574428678e-02 5.736710131168e-02 5.739328265190e-02 5.368851870298e-02 5.499562248588e-02 5.445314571261e-02 5.349888652563e-02 5.279660597444e-02 5.425525084138e-02 7.317537814379e-02 9.745883941650e-02 1.149038895965e-01
2.714928090572e-01 1.695858538151e-01 1.709402650595e-01 1.490505933762e-01 1.214390322566e-01 1.101904511452e-01 9.576832503080e-02 9.550186246634e-02 1.127276420593e-01 2.177836745977e-01 8.698731660843e-01 2.135655403137e+00 1.465507507324e+00 4.672874808311e-01 2.053932845592e-01 1.275036036968e-01 1.147237643600e-01 1.375885456800e-01 1.332602500916e-01 1.399417668581e-01 1.346710920334e-01 1.110109835863e-01 9.924169629812e-02 8.901612460613e-02 8.627737313509e-02 8.690254390240e-02 8.673671633005e-02 8.447994291782e-02 8.699584752321e-02 9.172903001308e-02 8.292321115732e-02 6.059684604406e-02 5.591221153736e-02 5.512070283294e-02 5.793312191963e-02 6.219028681517e-02 6.508863717318e-02 6.598991900682e-02 6.543027609587e-02 6.304874271154e-02 6.327114254236e-02 6.656213849783e-02 6.868033111095e-02
2.461194545031e-01 1.398606300354e-01 1.521641761065e-01 1.163977608085e-01 9.496332705021e-02 8.968316763639e-02 7.850878685713e-02 8.089090138674e-02 8.125934749842e-02 1.509570330381e-01 6.589194536209e-01 1.777370095253e+00 1.608538866043e+00 1.036451816559e+00 2.507121264935e-01 1.387091428041e-01 1.055670529604e-01 1.520988047123e-01 1.805045902729e-01 1.692779213190e-01 1.384253203869e-01 1.082351058722e-01 1.071252003312e-01 1.007280126214e-01 9.732404351234e-02 9.505848586559e-02 9.098218381405e-02 8.299227058887e-02 8.769060671329e-02 9.260858595371e-02 8.161352574825e-02 6.298424303532e-02 6.520662456751e-02 6.310029327869e-02 5.983024090528e-02 5.811155959964e-02 6.208687648177e-02 6.448014080524e-02 6.380739808083e-02 5.969977751374e-02 6.629370898008e-02 7.825927436352e-02 8.674508333206e-02
3.033910989761e-01 1.591191142797e-01 1.338864266872e-01 1.035081148148e-01 7.772950828075e-02 7.332333177328e-02 7.534290105104e-02 7.357922196388e-02 7.381369173527e-02 9.439627081156e-02 2.502643764019e-01 9.136711955070e-01 3.320603370667e+00 2.562194585800e+00 4.295436441898e-01 1.620888262987e-01 1.786218583584e-01 1.905054897070e-01 1.693440824747e-01 1.347402036190e-01 1.094343066216e-01 1.116344630718e-01 1.182897835970e-01 1.145141422749e-01 1.066944152117e-01 9.678576141596e-02 8.372841030359e-02 7.740525156260e-02 9.059059619904e-02 9.314201772213e-02 8.355187624693e-02 9.279982000589e-02 9.302129596472e-02 8.796747028828e-02 7.911872118711e-02 6.152023375034e-02 5.173186212778e-02 5.149744078517e-02 5.291300639510e-02 5.686211958528e-02 6.680910289288e-02 8.326018601656e-02 1.031247898936e-01
3.212387859821e-01 1.805828213692e-01 1.354253739119e-01 9.031201153994e-02 6.776251643896e-02 7.107305526733e-02 7.019700109959e-02 7.146883755922e-02 6.432075798512e-02 7.222983241081e-02 1.414790004492e-01 4.648557305336e-01 1.613450765610e+00 1.421808004379e+00 4.746521711349e-01 2.700475454330e-01 2.219028472900e-01 1.721237450838e-01 1.325592994690e-01 1.060982719064e-01 1.056743487716e-01 1.127130985260e-01 1.198012903333e-01 1.138962358236e-01 9.835295379162e-02 7.977952808142e-02 6.674170494080e-02 7.264926284552e-02 9.105833619833e-02 9.573045372963e-02 9.902323037386e-02 1.087972968817e-01 1.080116480589e-01 1.005964353681e-01 8.550451695919e-02 6.433483213186e-02 6.590716540813e-02 6.842367351055e-02 7.248146831989e-02 7.592863589525e-02 7.687342166901e-02 8.570232987404e-02 1.105625927448e-01
3.002918064594e-01 1.614533811808e-01 1.139126643538e-01 7.092661410570e-02 6.507004797459e-02 7.018804550171e-02 6.780840456486e-02 5.867489427328e-02 4.665101319551e-02 6.516601145267e-02 1.203679889441e-01 2.057323306799e-01 5.690984129906e-01 6.756573319435e-01 4.890398979187e-01 2.993637621403e-01 1.892549246550e-01 1.344512254000e-01 1.245267838240e-01 1.208985596895e-01 1.088312044740e-01 1.028810665011e-01 9.948683530092e-02 8.738350868225e-02 6.891708821058e-02 6.217421591282e-02 6.132215261459e-02 6.547050923109e-02 8.491389453411e-02 9.497675299644e-02 7.035372406244e-02 7.645687460899e-02 7.646212726831e-02 7.148919999599e-02 6.953630596399e-02 7.599436491728e-02 8.212795853615e-02 9.024872630835e-02 9.909694641829e-02 1.040803864598e-01 1.021870374680e-01 9.521827101707e-02 1.085216179490e-01
2.682723999023e-01 1.193899139762e-01 8.187002688646e-02 5.083988234401e-02 6.092690676451e-02 6.760031729937e-02 6.476600468159e-02 5.346369743347e-02 3.951260447502e-02 5.866367369890e-02 1.081696227193e-01 1.673969477415e-01 3.959649205208e-01 5.075471997261e-01 3.943305611610e-01 2.333907186985e-01 1.444443911314e-01 1.339364945889e-01 1.317670345306e-01 1.104386970401e-01 8.777759969234e-02 7.329905778170e-02 6.412136554718e-02 5.371996760368e-02 5.098646506667e-02 5.013215169311e-02 5.025834217668e-02 5.565453693271e-02 7.397752255201e-02 8.655913919210e-02 6.719981878996e-02 5.274012312293e-02 5.020107701421e-02 6.414294987917e-02 7.587412744761e-02 8.617149293423e-02 9.810338169336e-02 1.129466518760e-01 1.268655955791e-01 1.325233578682e-01 1.260485500097e-01 1.111377030611e-01 1.069866865873e-01
