VariationalSeries/SI/f48_max.grd
DSAA
101	101
32.816463539100	34.260883539100
35.556306596100	36.727886596100
1.543042249978e-03	2.792789306641e+02
[rows 76 to 94 of 101, columns 0 to 42 of 101]
1.717600785196e-02 2.483568340540e-02 3.286279737949e-02 3.885086625814e-02 4.169020429254e-02 4.191328212619e-02 4.047314450145e-02 3.821695968509e-02 3.565923124552e-02 3.690275549889e-02 4.179938510060e-02 5.016040056944e-02 5.941468477249e-02 6.532743573189e-02 6.646941602230e-02 6.445027142763e-02 5.862323939800e-02 6.224437430501e-02 6.413353234529e-02 6.787571310997e-02 9.323734790087e-02 9.094105660915e-02 6.128616258502e-02 6.665690243244e-02 6.192437931895e-02 5.664361268282e-02 5.928202718496e-02 6.587090343237e-02 7.334104925394e-02 7.762246578932e-02 7.483327388763e-02 7.054714113474e-02 6.864254176617e-02 6.841434538364e-02 7.555378973484e-02 8.886318653822e-02 1.665421277285e-01 2.036274224520e-01 1.919069886208e-01 1.400868892670e-01 1.406037509441e-01 2.302311062813e-01 4.047884047031e-01
1.735991425812e-02 2.803477272391e-02 3.716479241848e-02 4.281603917480e-02 4.504120722413e-02 4.478524997830e-02 4.300371184945e-02 4.038943350315e-02 4.005985707045e-02 4.455642402172e-02 5.134737864137e-02 6.076097860932e-02 6.946176290512e-02 7.368592172861e-02 7.251618802547e-02 6.722831726074e-02 5.725184828043e-02 5.873615294695e-02 5.905066430569e-02 5.264868214726e-02 5.320616811514e-02 5.553668364882e-02 5.070112273097e-02 5.995630845428e-02 6.356415897608e-02 5.840801075101e-02 6.350994855165e-02 7.657477259636e-02 8.508723974228e-02 8.616407215595e-02 8.046193420887e-02 7.390826195478e-02 7.373230904341e-02 7.029293477535e-02 8.391291648149e-02 9.157813340425e-02 1.491733193398e-01 1.672206968069e-01 1.901250481606e-01 2.165094614029e-01 4.502695798874e-01 5.954281091690e-01 5.702806711197e-01
1.843565888703e-02 2.937756851315e-02 3.822740539908e-02 4.321781545877e-02 4.478872567415e-02 4.402491822839e-02 4.178392514586e-02 4.340058937669e-02 4.897909238935e-02 5.487574636936e-02 6.248253956437e-02 7.050633430481e-02 7.571177184582e-02 7.559545338154e-02 7.019303739071e-02 6.097045913339e-02 4.847184196115e-02 5.074101313949e-02 4.920724034309e-02 4.321577772498e-02 4.044223576784e-02 4.532026499510e-02 5.385999381542e-02 7.181995362043e-02 7.569918781519e-02 6.914398074150e-02 8.497121185064e-02 9.228079766035e-02 9.447077661753e-02 9.246105700731e-02 8.651033043861e-02 8.024545758963e-02 7.647033780813e-02 8.424881845713e-02 1.087562814355e-01 1.420794129372e-01 1.869188845158e-01 2.300978451967e-01 2.061743736267e-01 5.220977067947e-01 6.105130910873e-01 5.769418478012e-01 5.715927481651e-01
1.662431657314e-02 2.625334821641e-02 3.381967917085e-02 3.786243125796e-02 3.887168690562e-02 3.778727725148e-02 4.113288223743e-02 4.685913398862e-02 5.147353559732e-02 5.607233941555e-02 6.090795621276e-02 6.451993435621e-02 6.498282402754e-02 6.122391670942e-02 5.410989746451e-02 4.529814422131e-02 4.186186566949e-02 4.033215716481e-02 3.765534237027e-02 3.662341833115e-02 3.731360286474e-02 4.144717007875e-02 6.460897624493e-02 8.796686679125e-02 9.525422006845e-02 9.946682304144e-02 1.043665185571e-01 1.052748411894e-01 9.924473613501e-02 9.336798638105e-02 8.838003873825e-02 8.392929285765e-02 9.901700913906e-02 1.068736612797e-01 1.363854259253e-01 1.571959704161e-01 1.532510370016e-01 2.481504678726e-01 3.047596216202e-01 4.791901409626e-01 5.367311835289e-01 5.243437290192e-01 5.319812297821e-01
1.359699852765e-02 2.173477411270e-02 2.644559927285e-02 2.926014922559e-02 3.002518974245e-02 3.306489065289e-02 3.799452632666e-02 4.105798155069e-02 4.251451790333e-02 4.383349791169e-02 4.535899683833e-02 4.628680273890e-02 4.544236883521e-02 4.210076108575e-02 4.294516146183e-02 4.390541464090e-02 4.337939247489e-02 4.109725356102e-02 3.755791112781e-02 3.595504537225e-02 3.490937873721e-02 4.248154163361e-02 7.270465046167e-02 1.000680029392e-01 1.136242225766e-01 1.196307614446e-01 1.207674592733e-01 1.254999786615e-01 1.223171204329e-01 1.056619286537e-01 9.132270514965e-02 8.859333395958e-02 1.079109385610e-01 1.125877201557e-01 1.144903227687e-01 1.305771768093e-01 1.734294891357e-01 2.386498898268e-01 3.163429796696e-01 3.354613780975e-01 5.243577957153e-01 6.534773111343e-01 5.161232948303e-01
1.848071441054e-02 2.692999318242e-02 3.305269405246e-02 3.634943440557e-02 3.783351182938e-02 3.850509598851e-02 3.873321786523e-02 3.848945349455e-02 3.776200860739e-02 3.674809262156e-02 3.707760199904e-02 4.027412459254e-02 4.304543510079e-02 4.543156921864e-02 4.709453508258e-02 4.747459664941e-02 4.608768969774e-02 4.279860109091e-02 4.042444750667e-02 3.939527645707e-02 3.793206065893e-02 4.663822054863e-02 7.484083622694e-02 1.032000780106e-01 2.562820613384e-01 7.511331439018e-01 7.979890108109e-01 3.608672022820e-01 2.112035304308e-01 1.670594066381e-01 1.193183958530e-01 9.280387312174e-02 1.090414002538e-01 1.433548480272e-01 1.127330437303e-01 1.413245201111e-01 1.568673551083e-01 2.457789182663e-01 4.295612871647e-01 4.397742152214e-01 4.873290956020e-01 6.598504185677e-01 9.191274642944e-01
2.605886757374e-02 3.771679848433e-02 4.587024077773e-02 4.977241903543e-02 5.084094777703e-02 5.053916946054e-02 4.951936379075e-02 4.797167703509e-02 4.600176215172e-02 4.377368465066e-02 5.048088356853e-02 5.798216164112e-02 6.448590755463e-02 6.893505901098e-02 7.043337076902e-02 6.855709105730e-02 6.332603096962e-02 5.513070896268e-02 5.323055386543e-02 5.048737674952e-02 4.708123952150e-02 5.561379715800e-02 7.474674284458e-02 1.690808981657e-01 7.061538100243e-01 2.017138004303e+00 2.201321601868e+00 1.150647163391e+00 4.836783707142e-01 2.382290065289e-01 1.545938998461e-01 1.216052100062e-01 1.043538078666e-01 1.523315459490e-01 1.598411500454e-01 1.660899519920e-01 1.492391228676e-01 2.305351495743e-01 5.042698979378e-01 7.592360377312e-01 5.052427053452e-01 5.132080912590e-01 1.153934717178e+00
3.263362869620e-02 4.657526314259e-02 5.568988621235e-02 5.918666347861e-02 5.899404734373e-02 5.703100934625e-02 5.424258857965e-02 5.272490158677e-02 6.016282364726e-02 7.339859753847e-02 8.705090731382e-02 9.993604570627e-02 1.108988821507e-01 1.195446476340e-01 1.255150735378e-01 1.276946067810e-01 1.244614049792e-01 1.139564067125e-01 9.432911872864e-02 7.246963679790e-02 6.669893115759e-02 6.896243989468e-02 1.488835662603e-01 2.689454257488e-01 8.297927379608e-01 6.598012924194e+00 1.284706306458e+01 2.841310024261e+00 1.275818824768e+00 4.425429999828e-01 1.883230209351e-01 1.499579399824e-01 1.376321613789e-01 1.910640895367e-01 2.297552824020e-01 2.246622145176e-01 1.865071654320e-01 2.825273275375e-01 4.238492250443e-01 9.261337518692e-01 9.349020123482e-01 4.985577464104e-01 1.183846592903e+00
3.461558371782e-02 4.840001091361e-02 5.652758479118e-02 5.843477323651e-02 5.641394481063e-02 5.842764303088e-02 6.462638825178e-02 6.872156262398e-02 8.045124262571e-02 9.906701743603e-02 1.184849664569e-01 1.369194686413e-01 1.531045436859e-01 1.675472855568e-01 1.813975721598e-01 1.945334523916e-01 2.034630179405e-01 2.004723697901e-01 1.747248172760e-01 1.264698952436e-01 9.685745090246e-02 1.386822015047e-01 2.447645962238e-01 3.476405441761e-01 1.563264489174e+00 3.715884208679e+00 5.133669853210e+00 1.559160113335e+00 6.696417927742e-01 3.674093782902e-01 2.926192283630e-01 3.452115058899e-01 4.435567855835e-01 4.100654423237e-01 2.883426845074e-01 2.909414172173e-01 2.463515698910e-01 2.882292866707e-01 3.133018910885e-01 6.058662533760e-01 8.063898086548e-01 5.612650513649e-01 1.987507343292e+00
4.661111161113e-02 7.384425401688e-02 9.316181391478e-02 1.042071506381e-01 1.104341447353e-01 1.129455491900e-01 1.120021417737e-01 1.080596297979e-01 1.019026860595e-01 1.028758436441e-01 1.242645457387e-01 1.458478271961e-01 1.663786470890e-01 1.860821694136e-01 2.070280611515e-01 2.316688597202e-01 2.558802962303e-01 2.657556831837e-01 2.413703799248e-01 2.867004275322e-01 2.156515419483e-01 2.338611036539e-01 3.080643415451e-01 4.282581508160e-01 7.938378453255e-01 2.820432484150e-01 2.274062037468e-01 2.270867079496e-01 3.143841028214e-01 2.674998044968e-01 3.105309009552e-01 2.323318004608e+00 1.581254839897e+00 1.084057807922e+00 6.495009660721e-01 9.589974880219e-01 8.806677460670e-01 4.143271148205e-01 3.344802558422e-01 3.726944923401e-01 5.554100275040e-01 1.512912392616e+00 2.294988393784e+00
8.542676270008e-02 1.328196376562e-01 1.627926677465e-01 1.750597059727e-01 1.772054433823e-01 1.730125695467e-01 1.643948704004e-01 1.530107110739e-01 1.428790688515e-01 1.491596102715e-01 1.540267169476e-01 1.563939303160e-01 1.608002185822e-01 1.828045845032e-01 2.034910917282e-01 2.266453504562e-01 2.498759627342e-01 3.683571517467e-01 4.761298596859e-01 4.802584350109e-01 4.919167459011e-01 4.905959963799e-01 3.644328415394e-01 4.326036274433e-01 2.104334682226e-01 1.597814708948e-01 1.485814005136e-01 1.290245056152e-01 1.447260081768e-01 2.021836191416e-01 4.981543719769e-01 2.755765676498e+00 2.028329133987e+00 1.185339927673e+00 1.052710890770e+00 2.224111557007e+00 2.121741771698e+00 9.640749692917e-01 7.312220931053e-01 6.595721244812e-01 8.449043035507e-01 1.428023576736e+00 2.594542980194e+00
1.205420568585e-01 1.833581775427e-01 2.157337367535e-01 2.244261503220e-01 2.761277556419e-01 2.985899746418e-01 2.954809665680e-01 2.771216928959e-01 2.512305974960e-01 2.254879623652e-01 2.292487025261e-01 2.256652265787e-01 2.296062707901e-01 2.651853263378e-01 3.766453862190e-01 4.485810697079e-01 5.042961239815e-01 4.926253557205e-01 3.695264756680e-01 4.177008569241e-01 4.397394061089e-01 3.675732016563e-01 2.937864363194e-01 1.660591661930e-01 1.459055095911e-01 1.147995814681e-01 9.532618522644e-02 7.670720666647e-02 7.121818512678e-02 1.242216974497e-01 1.979174613953e-01 1.116343140602e+00 1.374497413635e+00 2.067005157471e+00 2.205118894577e+00 3.005928277969e+00 2.042366743088e+00 9.448502659798e-01 1.909971117973e+00 1.673266053200e+00 1.133845448494e+00 1.390998601913e+00 4.441499710083e+00
1.409865915775e-01 2.123594582081e-01 2.455486506224e-01 2.781690061092e-01 3.390164971352e-01 3.640195727348e-01 3.580732643604e-01 3.335638642311e-01 2.993620038033e-01 2.621453106403e-01 2.256755232811e-01 2.469376623631e-01 2.860987782478e-01 3.290899693966e-01 3.583206534386e-01 3.688070476055e-01 3.475250303745e-01 2.874671816826e-01 2.287736237049e-01 1.993402242661e-01 1.715481728315e-01 1.217855140567e-01 1.046423912048e-01 1.001906394958e-01 8.928449451923e-02 7.289719581604e-02 5.631145462394e-02 5.425219237804e-02 6.917404383421e-02 1.028117015958e-01 1.471718847752e-01 6.052309274673e-01 6.308863162994e-01 1.218477725983e+00 1.421478867531e+00 3.375869750977e+00 2.920549631119e+00 1.609785437584e+00 1.483362078667e+00 5.937960624695e+00 1.399344444275e+01 3.603304386139e+00 2.209225416183e+00
1.050094142556e-01 1.566651463509e-01 1.789506226778e-01 1.842126399279e-01 2.210300266743e-01 2.349126338959e-01 2.296465933323e-01 2.130460441113e-01 1.904614716768e-01 1.662622541189e-01 1.508535891771e-01 1.634968668222e-01 1.708477288485e-01 1.727846562862e-01 1.695021837950e-01 1.682256013155e-01 1.515243053436e-01 1.200437620282e-01 1.397989541292e-01 1.317805349827e-01 1.049903035164e-01 7.797978073359e-02 7.311444729567e-02 6.526304036379e-02 5.462247505784e-02 4.300079494715e-02 5.006578937173e-02 6.950139999390e-02 8.697838336229e-02 1.735318452120e-01 2.205266058445e-01 3.333162963390e-01 5.775672197342e-01 4.321236312389e-01 3.736765384674e-01 4.502789974213e-01 2.797932863235e+00 1.695274829865e+00 1.236968159676e+00 7.964171409607e+00 1.756231689453e+01 1.911888718605e+00 6.880535483360e-01
4.962911829352e-02 7.328262925148e-02 8.805727958679e-02 9.996851533651e-02 1.045348942280e-01 1.073273792863e-01 1.084846481681e-01 1.029803156853e-01 9.811798483133e-02 9.689147770405e-02 9.526731818914e-02 8.779742568731e-02 9.202215075493e-02 9.500483423471e-02 9.453906863928e-02 8.965320140123e-02 1.156481578946e-01 1.478585898876e-01 1.394880861044e-01 1.044750586152e-01 6.669683754444e-02 4.927152767777e-02 4.474412649870e-02 3.881318122149e-02 3.272488713264e-02 5.096505582333e-02 7.835483551025e-02 1.044792532921e-01 1.401404738426e-01 2.269279509783e-01 3.169822394848e-01 4.272454082966e-01 4.877482056618e-01 5.616779327393e-01 2.741675674915e-01 2.983591258526e-01 5.718162655830e-01 1.416898369789e+00 2.346619367599e+00 2.524471521378e+00 1.305620431900e+00 4.921194911003e-01 4.590464830399e-01
3.364436328411e-02 4.908617213368e-02 6.202988699079e-02 7.003822922707e-02 7.327315956354e-02 7.308628410101e-02 7.105848193169e-02 6.766879558563e-02 6.370733678341e-02 5.952440202236e-02 5.523043498397e-02 5.092859268188e-02 4.678072035313e-02 4.717424139380e-02 4.653148725629e-02 6.295207142830e-02 1.074227243662e-01 1.273118257523e-01 1.091711595654e-01 7.538989931345e-02 4.597277194262e-02 2.975738793612e-02 3.047250583768e-02 3.341627120972e-02 4.553553089499e-02 7.728682458401e-02 1.163590177894e-01 1.601971089840e-01 2.259976863861e-01 3.126103878021e-01 4.673746824265e-01 4.820641577244e-01 4.323558807373e-01 2.378529161215e-01 1.816765666008e-01 2.476511895657e-01 3.013795316219e-01 1.060213685036e+00 2.778305053711e+00 1.632002353668e+00 9.599257707596e-01 4.197783768177e-01 3.985086381435e-01
2.407913841307e-02 3.478877991438e-02 4.344530031085e-02 4.880098253489e-02 5.117377638817e-02 5.143858119845e-02 5.029967799783e-02 4.822253808379e-02 4.550677537918e-02 4.231008514762e-02 3.877932578325e-02 3.503800928593e-02 3.746785223484e-02 3.763975575566e-02 3.473262861371e-02 3.731131181121e-02 6.692851334810e-02 8.346964418888e-02 7.818800210953e-02 6.132486090064e-02 4.341059178114e-02 2.922791056335e-02 3.262955695391e-02 3.755687549710e-02 6.428700685501e-02 1.403770446777e-01 2.966320812702e-01 2.731542885303e-01 2.270207554102e-01 4.208407998085e-01 5.722891092300e-01 4.905337989330e-01 3.469781577587e-01 1.624900549650e-01 1.785927861929e-01 2.450061142445e-01 3.194505572319e-01 1.292626738548e+00 2.226444005966e+00 9.590854644775e-01 5.535156130791e-01 3.349727094173e-01 3.010337948799e-01
1.641314290464e-02 2.348258532584e-02 2.908294089139e-02 3.248764574528e-02 3.396760672331e-02 3.409476950765e-02 3.327661007643e-02 3.177274391055e-02 2.973888628185e-02 2.729594334960e-02 2.685482800007e-02 3.010994754732e-02 3.137079626322e-02 2.998134493828e-02 2.788700163364e-02 3.191065415740e-02 3.545335307717e-02 4.264298081398e-02 4.889629036188e-02 4.731920734048e-02 4.036997258663e-02 3.195361047983e-02 3.484189510345e-02 4.806731641293e-02 8.365547657013e-02 2.427769750357e-01 3.450839817524e-01 2.099327743053e-01 2.309284657240e-01 4.445289075375e-01 6.011744737625e-01 4.762043952942e-01 3.255120217800e-01 2.237114459276e-01 2.527552843094e-01 2.448617815971e-01 5.483722686768e-01 2.245481014252e+00 1.711031794548e+00 3.950740098953e-01 7.935936450958e-01 3.422866761684e-01 2.328760474920e-01
9.984446689487e-03 1.414195261896e-02 1.738184504211e-02 1.929192431271e-02 2.004683949053e-02 1.998762786388e-02 1.935124583542e-02 1.828970387578e-02 1.698886230588e-02 2.065499871969e-02 2.409813553095e-02 2.634061314166e-02 2.650410123169e-02 2.843659557402e-02 3.290390595794e-02 3.743043914437e-02 4.138958081603e-02 4.397897794843e-02 4.441744834185e-02 4.240888357162e-02 3.871892020106e-02 3.604351729155e-02 4.009940102696e-02 5.989803001285e-02 1.009156778455e-01 2.713873684406e-01 2.849481701851e-01 2.311102151871e-01 2.100338041782e-01 3.973731100559e-01 5.565596818924e-01 4.341247975826e-01 4.158842265606e-01 2.809913158417e-01 3.043493032455e-01 2.261940538883e-01 5.376315116882e-01 1.316519618034e+00 7.300683259964e-01 4.660452008247e-01 1.053790569305e+00 3.375373780727e-01 1.781827360392e-01
