VariationalSeries/SI/f48_max.grd
DSAA
101	101
32.816463539100	34.260883539100
35.556306596100	36.727886596100
1.543042249978e-03	2.792789306641e+02
[rows 0 to 18 of 101, columns 0 to 42 of 101]
2.389103323221e-01 4.265698492527e-01 3.776131272316e-01 2.260063588619e-01 1.967167556286e-01 2.586111426353e-01 5.127494335175e-01 7.116808295250e-01 6.339314579964e-01 3.767282664776e-01 2.335921227932e-01 2.683545351028e-01 2.848116755486e-01 2.749181389809e-01 2.357172816992e-01 3.563519716263e-01 5.349935293198e-01 6.202685832977e-01 4.441615641117e-01 2.859692871571e-01 3.308986425400e-01 3.580665886402e-01 2.563543915749e-01 2.296957522631e-01 2.480361312628e-01 3.388360440731e-01 5.057842731476e-01 5.782073140144e-01 7.671924233437e-01 6.127316951752e-01 4.502305388451e-01 4.233314692974e-01 3.677118420601e-01 2.920321226120e-01 2.357137650251e-01 2.288186997175e-01 2.109595686197e-01 2.855655848980e-01 3.993866741657e-01 4.569712281227e-01 3.823887109756e-01 3.308191299438e-01 3.150297701359e-01
4.424963891506e-01 8.344529867172e-01 8.177267313004e-01 5.707874298096e-01 4.107140898705e-01 5.000359416008e-01 9.870334267616e-01 1.358979701996e+00 1.197165369987e+00 6.942068934441e-01 4.014957249165e-01 4.589451551437e-01 4.845479428768e-01 4.612096548080e-01 3.958055973053e-01 5.315527319908e-01 8.442836403847e-01 1.105041742325e+00 1.000236153603e+00 5.989449024200e-01 6.038327217102e-01 9.344934821129e-01 4.934184849262e-01 4.473848938942e-01 5.118331313133e-01 6.625081300735e-01 8.482965826988e-01 9.698011875153e-01 1.458864927292e+00 1.138247847557e+00 7.326176166534e-01 6.642428636551e-01 6.647025942802e-01 4.972331225872e-01 5.353320240974e-01 5.603289008141e-01 5.643748641014e-01 6.340367794037e-01 7.953937053680e-01 7.992007732391e-01 5.910657048225e-01 5.972142815590e-01 6.519883871078e-01
4.340075850487e-01 8.897662162781e-01 9.966797828674e-01 8.527836203575e-01 5.480995178223e-01 5.778290629387e-01 1.143291115761e+00 1.546304345131e+00 1.318896651268e+00 7.193456888199e-01 5.078775882721e-01 5.723351836205e-01 5.911592841148e-01 5.469065308571e-01 4.503745138645e-01 4.259620606899e-01 5.577819943428e-01 8.310117721558e-01 9.493317604065e-01 7.731392979622e-01 9.660995006561e-01 1.445412397385e+00 6.358852982521e-01 5.552791357040e-01 6.819480061531e-01 8.251499533653e-01 8.564901947975e-01 8.824426531792e-01 1.701999902725e+00 1.277739286423e+00 7.117235064507e-01 6.105864048004e-01 9.082869291306e-01 4.849498867989e-01 5.031731128693e-01 5.781458616257e-01 7.289505004883e-01 9.214820265770e-01 9.621013998985e-01 7.965861558914e-01 8.067216277122e-01 5.550613403320e-01 7.318588495255e-01
3.904449343681e-01 8.566467165947e-01 1.011165261269e+00 1.032274484634e+00 8.290938138962e-01 5.923666954041e-01 1.196311712265e+00 1.583899259567e+00 1.276238560677e+00 6.189220547676e-01 5.631738901138e-01 6.213858127594e-01 6.185800433159e-01 5.503910183907e-01 4.377870559692e-01 4.357025623322e-01 4.150640666485e-01 4.854723513126e-01 6.300258636475e-01 7.341880798340e-01 1.620652318001e+00 1.840338230133e+00 7.171435952187e-01 6.111581921577e-01 7.539787292480e-01 8.641469478607e-01 8.268520236015e-01 8.212294578552e-01 1.707074522972e+00 1.244003772736e+00 6.354171037674e-01 5.220550298691e-01 1.046331405640e+00 5.580910444260e-01 5.693126320839e-01 8.032646179199e-01 9.919565320015e-01 1.032452583313e+00 8.734849691391e-01 1.011818051338e+00 9.750269055367e-01 6.056613922119e-01 6.721809506416e-01
3.824044764042e-01 8.208645582199e-01 9.693906307220e-01 1.063748836517e+00 1.016682386398e+00 7.182374000549e-01 1.222544550896e+00 1.584879159927e+00 1.198762893677e+00 5.229535102844e-01 6.051568984985e-01 6.438512206078e-01 6.340097784996e-01 6.316226720810e-01 5.806138515472e-01 4.912389814854e-01 4.592422842979e-01 4.559230506420e-01 6.678260564804e-01 1.346490621567e+00 2.252594232559e+00 2.023226737976e+00 7.712947130203e-01 8.567184209824e-01 7.561398148537e-01 8.460753560066e-01 7.592397928238e-01 8.183909058571e-01 1.617905974388e+00 1.173220634460e+00 7.509010434151e-01 5.930399894714e-01 1.114967226982e+00 6.387472152710e-01 8.940696716309e-01 1.068334579468e+00 1.078982710838e+00 9.105813503265e-01 6.272391676903e-01 1.040495991707e+00 1.203393578529e+00 8.101354837418e-01 5.343431234360e-01
3.527143001556e-01 7.184172272682e-01 8.666185140610e-01 9.399720430374e-01 1.040801286697e+00 8.655192255974e-01 1.223833441734e+00 1.537153124809e+00 1.083132863045e+00 5.750372409821e-01 6.437779664993e-01 7.165891528130e-01 7.641507983208e-01 7.404856681824e-01 6.673545837402e-01 5.446552038193e-01 4.409983456135e-01 4.796046316624e-01 1.060967803001e+00 1.917690515518e+00 2.621541738510e+00 2.000437021255e+00 8.573681116104e-01 1.305308222771e+00 8.035879731178e-01 7.949709892273e-01 6.813067197800e-01 8.805447816849e-01 1.449359655380e+00 1.165241956711e+00 7.579472661018e-01 6.168810129166e-01 1.291319251060e+00 9.556212425232e-01 1.132091522217e+00 1.118118524551e+00 9.279085397720e-01 6.422362923622e-01 7.073700428009e-01 9.815422296524e-01 1.475668549538e+00 9.425712227821e-01 5.116091370583e-01
4.454192817211e-01 7.903213500977e-01 7.393738031387e-01 7.315742969513e-01 9.012376070023e-01 8.714846372604e-01 1.207086563110e+00 1.472483873367e+00 9.745686650276e-01 6.351640820503e-01 7.203688025475e-01 8.198167085648e-01 8.317176699638e-01 7.749341726303e-01 6.614346504211e-01 6.124536991119e-01 5.901116132736e-01 7.371447682381e-01 1.429860949516e+00 2.290602207184e+00 2.716803550720e+00 1.829583525658e+00 1.093227267265e+00 1.655964970589e+00 1.165389299393e+00 7.345898151398e-01 6.451437473297e-01 1.630033493042e+00 2.292167663574e+00 1.487212300301e+00 8.396611809731e-01 7.201448678970e-01 1.416907072067e+00 1.120486259460e+00 1.119080901146e+00 9.289887547493e-01 6.479709148407e-01 7.101290822029e-01 1.028621435165e+00 1.297967910767e+00 1.519232869148e+00 1.100009202957e+00 5.422735810280e-01
4.534457325935e-01 9.056538343430e-01 9.346351027489e-01 6.761301159859e-01 6.560968160629e-01 7.317894101143e-01 1.192758202553e+00 1.442843198776e+00 9.099621772766e-01 6.878417730331e-01 8.125822544098e-01 8.680469393730e-01 8.408891558647e-01 7.439945340157e-01 6.779258847237e-01 7.873642444611e-01 8.779877424240e-01 9.707415699959e-01 1.749169707298e+00 2.484219074249e+00 2.668623447418e+00 1.646768093109e+00 1.189918875694e+00 1.822535753250e+00 1.419019579887e+00 9.054577350616e-01 6.507573723793e-01 2.475064516068e+00 3.211327075958e+00 1.747480511665e+00 9.172720313072e-01 8.222873806953e-01 1.396785855293e+00 1.029819726944e+00 1.000664830208e+00 7.117801904678e-01 6.812368035316e-01 1.014244198799e+00 1.339329838753e+00 1.479093313217e+00 1.340298891068e+00 1.393026828766e+00 6.140145063400e-01
3.937184810638e-01 8.591668009758e-01 1.066309452057e+00 9.691945314407e-01 6.438448429108e-01 6.401706337929e-01 1.182040691376e+00 1.433152198792e+00 8.778266310692e-01 7.733469605446e-01 8.611229062080e-01 8.708729147911e-01 7.992681264877e-01 6.820027828217e-01 7.203366756439e-01 8.386273980141e-01 1.135901927948e+00 1.160651564598e+00 1.926274776459e+00 2.446240425110e+00 2.424640893936e+00 1.432503104210e+00 1.218798518181e+00 1.744637489319e+00 1.532146692276e+00 1.047145366669e+00 8.226190209389e-01 3.190549850464e+00 3.745840549469e+00 1.928991198540e+00 1.016689538956e+00 7.850553393364e-01 1.415809988976e+00 9.315237402916e-01 1.098025083542e+00 1.050161719322e+00 1.018587827682e+00 1.365605354309e+00 1.570779919624e+00 1.485452890396e+00 1.092338204384e+00 1.731220126152e+00 7.187967896461e-01
4.044208526611e-01 7.163462638855e-01 1.008667707443e+00 1.139960885048e+00 9.714719057083e-01 6.551291942596e-01 1.186673283577e+00 1.433080077171e+00 8.593945503235e-01 8.176859021187e-01 8.633955121040e-01 8.286332488060e-01 8.966187834740e-01 9.773532748222e-01 1.023162007332e+00 1.038555383682e+00 1.234685420990e+00 1.338128328323e+00 1.979613423347e+00 2.269811630249e+00 2.103478908539e+00 1.224700808525e+00 1.105290770531e+00 1.526691198349e+00 1.480958104134e+00 1.077378511429e+00 8.912185430527e-01 3.619776248932e+00 3.979908704758e+00 2.002542972565e+00 8.911610245705e-01 6.932420134544e-01 1.534595608711e+00 9.243025779724e-01 1.123864054680e+00 1.097342967987e+00 1.418015956879e+00 1.633125543594e+00 1.598717331886e+00 1.281601786613e+00 9.405767321587e-01 1.884246706963e+00 9.417896866798e-01
4.082671999931e-01 8.166765570641e-01 8.429135084152e-01 1.094237208366e+00 1.195137619972e+00 9.606024026871e-01 1.177595496178e+00 1.412248611450e+00 8.328325152397e-01 8.259046673775e-01 9.007293581963e-01 1.054716229439e+00 1.170438051224e+00 1.235560774803e+00 1.266634702682e+00 1.279263377190e+00 1.267324209213e+00 1.634328126907e+00 2.288628816605e+00 2.422718524933e+00 2.035113811493e+00 1.503020286560e+00 1.053443908691e+00 1.303432941437e+00 1.336688995361e+00 9.608106017113e-01 1.036110639572e+00 3.819384813309e+00 4.072506427765e+00 1.965250611305e+00 8.440753817558e-01 7.359620928764e-01 1.502061605453e+00 9.440398216248e-01 1.253502249718e+00 1.520566105843e+00 1.696635365486e+00 1.665334582329e+00 1.382656812668e+00 1.059927344322e+00 1.066791176796e+00 1.814688444138e+00 1.225649356842e+00
3.469779193401e-01 7.299047708511e-01 8.726844191551e-01 9.143700003624e-01 1.183850407600e+00 1.245908498764e+00 1.143251061440e+00 1.362726926804e+00 8.025321364403e-01 9.712131023407e-01 1.130298137665e+00 1.260535955429e+00 1.350489854813e+00 1.402800202370e+00 1.421761035919e+00 1.420926809311e+00 1.407976269722e+00 2.179431915283e+00 2.973854541779e+00 3.084074735641e+00 2.653946161270e+00 2.077606678009e+00 1.518632531166e+00 1.106565952301e+00 1.481140851974e+00 1.419696569443e+00 1.265792965889e+00 3.667605638504e+00 3.608933925629e+00 1.791986227036e+00 1.044909238815e+00 1.234215140343e+00 1.387133479118e+00 1.508620858192e+00 1.711473822594e+00 1.789026618004e+00 1.716773629189e+00 1.449282050133e+00 1.415126323700e+00 1.645289421082e+00 1.231459498405e+00 1.556057333946e+00 1.488124847412e+00
2.810961902142e-01 5.504239201546e-01 7.289409041405e-01 8.613317012787e-01 1.004889726639e+00 1.270332336426e+00 1.275158524513e+00 1.290732979774e+00 9.965706467628e-01 1.158393621445e+00 1.274898648262e+00 1.349819302559e+00 1.395293474197e+00 1.421224713326e+00 1.424763083458e+00 1.419513225555e+00 1.421753048897e+00 2.404920578003e+00 3.242656469345e+00 3.303459167480e+00 2.850673437119e+00 2.317987203598e+00 1.810281872749e+00 1.324180841446e+00 1.997418403625e+00 1.930757999420e+00 1.627449870110e+00 3.199859380722e+00 2.842046737671e+00 1.527534246445e+00 1.826618909836e+00 2.057848930359e+00 2.047118902206e+00 1.976196527481e+00 1.951222181320e+00 1.857754468918e+00 1.798145294189e+00 1.703260302544e+00 1.555674552917e+00 2.220248937607e+00 1.388653159142e+00 1.188492894173e+00 1.918799400330e+00
3.556687831879e-01 6.960588693619e-01 6.851066350937e-01 6.651383042336e-01 8.137173652649e-01 1.094121575356e+00 1.361415386200e+00 1.297811388969e+00 1.109809398651e+00 1.233367204666e+00 1.295917510986e+00 1.316722750664e+00 1.308254480362e+00 1.279993295670e+00 1.248512983322e+00 1.244240760803e+00 1.277824044228e+00 2.213388204575e+00 2.924571275711e+00 3.017351388931e+00 2.703902482986e+00 2.289373397827e+00 1.888479709625e+00 1.492563009262e+00 1.979737639427e+00 2.044356822968e+00 1.804549574852e+00 2.626282215118e+00 2.083414316177e+00 1.594428896904e+00 2.147353410721e+00 2.426234722137e+00 2.313727855682e+00 2.112615823746e+00 1.873005151749e+00 1.758422493935e+00 1.657594680786e+00 1.541625976562e+00 1.406785249710e+00 2.344849348068e+00 2.156376123428e+00 1.228293538094e+00 2.181861639023e+00
4.578988552094e-01 9.152317643166e-01 9.193569421768e-01 9.018757939339e-01 8.708136677742e-01 8.533748984337e-01 1.198011398315e+00 1.457221746445e+00 1.287863731384e+00 1.208324432373e+00 1.224792361259e+00 1.199188709259e+00 1.146858572960e+00 1.077075600624e+00 1.016654729843e+00 1.003877162933e+00 1.044398188591e+00 1.753398180008e+00 2.253643989563e+00 2.372448682785e+00 2.216639995575e+00 1.989214181900e+00 1.755668401718e+00 1.505144000053e+00 1.558263182640e+00 1.697484254837e+00 1.657143473625e+00 2.635676383972e+00 1.534180879593e+00 1.638065457344e+00 2.121207952499e+00 2.356554985046e+00 2.255858898163e+00 1.866058230400e+00 1.361956834793e+00 1.491017460823e+00 1.228480577469e+00 1.299555182457e+00 1.265022754669e+00 1.938117384911e+00 2.872516870499e+00 1.247372746468e+00 2.197791576385e+00
4.637953639030e-01 9.417828321457e-01 9.749668836594e-01 1.022279143333e+00 1.057162284851e+00 1.065433382988e+00 1.076931953430e+00 1.314076662064e+00 1.525737047195e+00 1.223797678947e+00 1.102525115013e+00 1.046795725822e+00 9.747519493103e-01 9.281520247459e-01 9.981918334961e-01 1.023367524147e+00 1.085004687309e+00 1.500546455383e+00 1.583899378777e+00 1.694884777069e+00 1.658104538918e+00 1.538533091545e+00 1.437452554703e+00 1.362710952759e+00 1.303359508514e+00 1.276971697807e+00 1.706968426704e+00 2.796223402023e+00 1.889737725258e+00 1.849070668221e+00 2.203012943268e+00 2.236531257629e+00 1.864388942719e+00 1.847041010857e+00 1.006059527397e+00 1.765895843506e+00 1.633519649506e+00 1.513285279274e+00 1.298137903214e+00 1.362641096115e+00 3.260468959808e+00 1.788111925125e+00 1.953607678413e+00
5.197975039482e-01 8.976622223854e-01 8.835724592209e-01 9.238997101784e-01 9.747251272202e-01 1.074036240578e+00 1.137897849083e+00 1.194703459740e+00 1.408684968948e+00 1.488514065742e+00 1.235446572304e+00 1.221176624298e+00 1.231837868690e+00 1.116310000420e+00 1.032536864281e+00 1.128734350204e+00 1.235820412636e+00 1.546505808830e+00 1.559552073479e+00 1.291830062866e+00 1.137148499489e+00 1.332650303841e+00 1.661124467850e+00 1.724121928215e+00 1.556099414825e+00 1.274893403053e+00 1.891932010651e+00 2.853247642517e+00 1.902584910393e+00 1.999161124229e+00 2.102292537689e+00 2.154452085495e+00 2.303707122803e+00 2.060103654861e+00 1.288583040237e+00 1.984281659126e+00 1.821014523506e+00 1.507661581039e+00 1.135846734047e+00 1.326650619507e+00 3.132278203964e+00 2.738816022873e+00 1.507726907730e+00
5.948073863983e-01 1.096064090729e+00 1.181836962700e+00 1.020732045174e+00 9.292122721672e-01 1.003933072090e+00 1.024389386177e+00 9.881235361099e-01 1.081915855408e+00 1.374505519867e+00 1.510527491570e+00 1.551977872849e+00 1.522708535194e+00 1.402686238289e+00 1.333167672157e+00 1.284552335739e+00 1.247905254364e+00 1.551335453987e+00 1.626645922661e+00 1.432185053825e+00 1.162328600883e+00 1.066887974739e+00 1.173303723335e+00 1.306161761284e+00 1.337858557701e+00 1.353361606598e+00 1.658600568771e+00 2.748051166534e+00 1.959440708160e+00 1.699647188187e+00 1.945562243462e+00 2.235014200211e+00 2.486366510391e+00 2.112867593765e+00 1.485070347786e+00 2.188035726547e+00 1.749818086624e+00 1.360039591789e+00 1.029903173447e+00 1.212537169456e+00 2.525530338287e+00 3.703898668289e+00 1.655274987221e+00
5.851364731789e-01 1.147906422615e+00 1.365972638130e+00 1.287868618965e+00 9.761596322060e-01 7.498130798340e-01 9.083667397499e-01 1.028392672539e+00 1.102488398552e+00 1.112629175186e+00 1.493514776230e+00 1.653902888298e+00 1.556269049644e+00 1.559650778770e+00 1.574287295341e+00 1.552067041397e+00 1.375450849533e+00 1.539975047112e+00 1.682599067688e+00 1.531104445457e+00 1.134656548500e+00 1.385048389435e+00 1.309810876846e+00 1.355154991150e+00 1.204258799553e+00 1.185327172279e+00 1.246801376343e+00 2.551831722260e+00 2.320932149887e+00 1.836594223976e+00 1.787085294724e+00 1.896229624748e+00 2.340381860733e+00 2.086145877838e+00 1.684569358826e+00 2.110843658447e+00 1.530289888382e+00 1.224479317665e+00 1.158307075500e+00 1.083426594734e+00 1.728963375092e+00 4.333504676819e+00 1.733230590820e+00
