VariationalSeries/SI/f48_max.grd
DSAA
101	101
32.816463539100	34.260883539100
35.556306596100	36.727886596100
1.543042249978e-03	2.792789306641e+02
[rows 57 to 75 of 101, columns 43 to 85 of 101]
1.100860595703e+00 1.316591978073e+00 6.880899071693e-01 7.717303633690e-01 7.606443166733e-01 1.191569209099e+00 1.301827311516e+00 1.961133241653e+00 1.540045499802e+00 8.351415395737e-01 6.047925949097e-01 5.029997825623e-01 3.734745681286e-01 6.405973434448e-01 2.941916942596e+00 9.769475936890e+00 1.994990539551e+01 1.994831848145e+01 3.509150314331e+01 9.644640922546e+00 2.739264488220e+00 2.167349100113e+00 3.784743547440e+00 6.947126388550e+00 1.189132404327e+01 1.085023403168e+01 1.184414482117e+01 9.534818649292e+00 1.202953243256e+01 1.133823680878e+01 1.185548782349e+01 8.854250907898e+00 9.085430145264e+00 1.281905937195e+01 7.984036922455e+00 5.035563945770e+00 5.847134590149e+00 8.030717849731e+00 1.006965923309e+01 7.303517341614e+00 3.060172557831e+00 2.813691139221e+00 2.713336944580e+00
8.754507303238e-01 2.077721595764e+00 5.569525361061e-01 5.964579582214e-01 5.883977413177e-01 8.705956339836e-01 1.643338441849e+00 5.212172031403e+00 4.124925613403e+00 9.003323912621e-01 5.643829107285e-01 3.894011378288e-01 3.021227717400e-01 2.998988926411e-01 6.199841499329e-01 5.910668373108e+00 6.807085037231e+00 6.738417148590e+00 5.520630836487e+00 5.512951374054e+00 3.854531764984e+00 2.923439741135e+00 2.257984876633e+00 1.444767951965e+00 3.704930305481e+00 7.213315486908e+00 1.279961109161e+01 1.329182624817e+01 1.443444728851e+01 7.778064250946e+00 1.029720115662e+01 9.281499862671e+00 7.971512317657e+00 7.255647182465e+00 7.364182949066e+00 5.475789546967e+00 5.388950347900e+00 6.311337471008e+00 6.162835121155e+00 5.613111019135e+00 5.803576469421e+00 6.067953109741e+00 5.663733482361e+00
7.520048618317e-01 8.327650427818e-01 5.042514801025e-01 5.404801964760e-01 5.470807552338e-01 7.894449234009e-01 2.348809480667e+00 1.215275573730e+01 9.958803176880e+00 1.448318958282e+00 5.891118645668e-01 3.347309529781e-01 2.345536649227e-01 2.139971703291e-01 2.222640663385e-01 2.735579311848e-01 3.555372059345e-01 4.943916499615e-01 9.604561328888e-01 8.043419122696e-01 9.491674900055e-01 1.093105196953e+00 7.247155308723e-01 7.311732769012e-01 1.819248199463e+00 8.409974098206e+00 1.444844436646e+01 1.670086288452e+01 1.601221466064e+01 1.609568977356e+01 1.042215442657e+01 9.007821083069e+00 7.596412181854e+00 7.192656040192e+00 1.006289291382e+01 8.690850257874e+00 7.221325874329e+00 4.521289348602e+00 4.690989494324e+00 3.919779062271e+00 3.528557062149e+00 3.216742753983e+00 2.797611713409e+00
6.909260749817e-01 6.183810234070e-01 4.864623844624e-01 5.451515913010e-01 6.086351275444e-01 7.973628044128e-01 1.584024333954e+01 6.993762493134e+00 7.740268230438e+00 1.097713828087e+00 5.155033469200e-01 3.211980164051e-01 2.131039947271e-01 1.738316863775e-01 1.662872284651e-01 1.758107841015e-01 2.109147459269e-01 2.780568897724e-01 3.801056444645e-01 4.659522473812e-01 5.147444605827e-01 1.044078826904e+00 5.385302901268e-01 4.974214434624e-01 1.518396615982e+00 3.332604885101e+00 1.194260215759e+01 1.388610553741e+01 1.421007537842e+01 1.528831672668e+01 1.301459789276e+01 9.916399955750e+00 6.953988075256e+00 8.815953254700e+00 6.057640075684e+00 5.338257789612e+00 4.422771930695e+00 3.650421619415e+00 3.424033641815e+00 3.424941301346e+00 3.538297891617e+00 5.199378490448e+00 7.065478801727e+00
5.827606916428e-01 4.512589275837e-01 4.764593839645e-01 5.755562782288e-01 9.753221869469e-01 1.536532282829e+00 4.498712062836e+00 1.039836406708e+01 3.713524580002e+00 5.923882722855e-01 3.731937706470e-01 2.731420993805e-01 1.939922869205e-01 1.457029581070e-01 1.336088180542e-01 1.338048875332e-01 1.461870074272e-01 1.955441981554e-01 2.694822251797e-01 3.086129426956e-01 3.129377961159e-01 6.418654322624e-01 3.904575407505e-01 4.440590739250e-01 9.361948370934e-01 3.134386301041e+00 8.485632896423e+00 1.141969680786e+01 1.213170814514e+01 9.432444572449e+00 7.185074329376e+00 1.026960182190e+01 7.031824111938e+00 4.852001667023e+00 5.474801063538e+00 7.161901950836e+00 6.463691234589e+00 4.366176605225e+00 4.058197021484e+00 3.941264152527e+00 3.853403568268e+00 4.488097190857e+00 5.412363052368e+00
4.208756089211e-01 3.503767549992e-01 4.366212487221e-01 9.793332815170e-01 2.826930284500e+00 6.110306739807e+00 7.971023082733e+00 4.894486904144e+00 5.294535160065e-01 3.594580292702e-01 2.629223763943e-01 2.184163630009e-01 1.706939786673e-01 1.383516192436e-01 1.217355504632e-01 1.264676153660e-01 1.325098425150e-01 1.612760722637e-01 2.328422367573e-01 2.868843376637e-01 3.051139414310e-01 3.145488500595e-01 3.167821168900e-01 4.713530838490e-01 1.132659792900e+00 2.948045730591e+00 3.606752395630e+00 3.560267448425e+00 7.133048534393e+00 8.232107162476e+00 9.686374664307e+00 6.204802513123e+00 7.952540874481e+00 5.830386161804e+00 6.708175182343e+00 7.871495246887e+00 1.563713359833e+01 9.836287498474e+00 5.793774127960e+00 4.539927005768e+00 4.663104057312e+00 4.575316905975e+00 4.415077686310e+00
2.752867043018e-01 2.856283485889e-01 3.606379628181e-01 4.544039070606e-01 1.117439746857e+00 6.418396949768e+00 3.943613052368e+00 5.378714799881e-01 3.142945766449e-01 2.800722420216e-01 2.357507348061e-01 1.990690827370e-01 1.572048366070e-01 1.327220201492e-01 1.179303973913e-01 1.294829100370e-01 1.360686570406e-01 1.324914842844e-01 1.909636110067e-01 2.440821677446e-01 2.762205898762e-01 2.749409973621e-01 3.343179225922e-01 5.387353301048e-01 1.673222661018e+00 3.331670999527e+00 1.989078164101e+00 2.606889724731e+00 2.476061582565e+00 1.247396659851e+01 1.809607887268e+01 9.938955307007e+00 5.503759384155e+00 7.387845039368e+00 2.992701530457e+00 3.116503477097e+00 1.138810539246e+01 5.496916294098e+00 4.409927368164e+00 3.334345102310e+00 3.422280550003e+00 3.813266992569e+00 4.167845726013e+00
2.262874692678e-01 2.474789321423e-01 2.908231914043e-01 3.673093914986e-01 4.056477844715e-01 5.715751051903e-01 6.320221424103e-01 4.324469566345e-01 2.306843549013e-01 2.374122589827e-01 2.076402008533e-01 1.906689107418e-01 1.558983772993e-01 1.273168474436e-01 1.285824477673e-01 1.307585388422e-01 1.388880610466e-01 1.398100107908e-01 1.604076027870e-01 2.063736021519e-01 2.433307170868e-01 2.603076994419e-01 2.773900032043e-01 4.404811859131e-01 1.231401562691e+00 7.708073258400e-01 7.702450752258e-01 1.201233386993e+00 2.748831033707e+00 5.400991439819e+00 5.719572067261e+00 7.263324260712e+00 1.144379711151e+01 6.206406593323e+00 5.932094573975e+00 4.507256507874e+00 4.666942596436e+00 3.948951244354e+00 2.172810316086e+00 2.646528482437e+00 2.581751585007e+00 2.733951091766e+00 3.454291105270e+00
1.780129224062e-01 2.003642916679e-01 2.395145893097e-01 2.938021421432e-01 3.154770135880e-01 3.492436110973e-01 3.684580326080e-01 2.326891720295e-01 2.003402858973e-01 2.096479386091e-01 1.949510276318e-01 1.686741411686e-01 1.419307589531e-01 1.283317506313e-01 1.251258403063e-01 1.428771615028e-01 1.421644538641e-01 1.220769584179e-01 1.413968801498e-01 1.798653155565e-01 2.133210152388e-01 2.479965239763e-01 3.408641517162e-01 3.607596158981e-01 3.648081421852e-01 5.091184973717e-01 4.884806573391e-01 1.194244980812e+00 1.676987528801e+00 2.242466211319e+00 4.674983501434e+00 8.128114700317e+00 6.157297611237e+00 1.126631832123e+01 7.215459346771e+00 4.090643405914e+00 3.439895391464e+00 3.069519758224e+00 3.640704154968e+00 3.449877977371e+00 4.307387351990e+00 4.193171024323e+00 4.902937889099e+00
1.637968569994e-01 1.653340011835e-01 1.855057328939e-01 2.071274966002e-01 2.231147885323e-01 2.194107621908e-01 2.102134227753e-01 2.045423090458e-01 2.213203161955e-01 2.186498194933e-01 2.038215249777e-01 1.782543659210e-01 1.466189324856e-01 1.314967572689e-01 1.186620965600e-01 1.163629814982e-01 1.307153552771e-01 1.322692036629e-01 1.335565298796e-01 1.616276949644e-01 1.875785440207e-01 2.221043705940e-01 3.255186378956e-01 3.674002885818e-01 3.952276408672e-01 8.233113288879e-01 1.128170728683e+00 1.443205356598e+00 2.016347169876e+00 2.188116788864e+00 4.797151088715e+00 9.003653526306e+00 4.278655052185e+00 4.602311611176e+00 8.253442764282e+00 7.143542289734e+00 4.852911472321e+00 4.182794094086e+00 5.039463520050e+00 2.622116327286e+00 3.510679244995e+00 4.111680030823e+00 4.885393619537e+00
1.352141052485e-01 1.550478935242e-01 1.624389439821e-01 1.609156429768e-01 1.803105473518e-01 1.998864561319e-01 2.154390811920e-01 1.912897825241e-01 1.809454262257e-01 1.865686178207e-01 2.002235203981e-01 1.996936649084e-01 1.729290336370e-01 1.486569643021e-01 1.409863233566e-01 1.291646063328e-01 1.114093512297e-01 1.205474957824e-01 1.369997262955e-01 1.519576311111e-01 1.673111766577e-01 1.940896511078e-01 2.773813307285e-01 2.731691300869e-01 3.119769692421e-01 7.397549748421e-01 1.574938654900e+00 2.123507976532e+00 2.977532148361e+00 1.566052556038e+00 4.697651863098e+00 2.364286422729e+00 2.513843536377e+00 2.970839023590e+00 4.816431045532e+00 5.214272499084e+00 6.699315547943e+00 6.202527523041e+00 4.461588382721e+00 3.796867609024e+00 2.949407815933e+00 3.174261093140e+00 2.462725639343e+00
1.338006258011e-01 1.475774049759e-01 1.465916484594e-01 1.463253498077e-01 1.564510762691e-01 1.791611909866e-01 1.940444707870e-01 1.734904050827e-01 1.388265341520e-01 1.486872136593e-01 1.608883887529e-01 1.814211905003e-01 1.891640424728e-01 1.585021018982e-01 1.509491801262e-01 1.848170906305e-01 1.641282290220e-01 1.304939687252e-01 1.425241678953e-01 1.489145904779e-01 1.811563223600e-01 2.009967714548e-01 2.183387875557e-01 2.789380252361e-01 3.244485855103e-01 5.445264577866e-01 1.128219723701e+00 1.351871609688e+00 1.851796746254e+00 1.052888393402e+00 2.292211532593e+00 1.787731170654e+00 2.917262792587e+00 1.808933138847e+00 3.604505777359e+00 2.610666275024e+00 4.067970752716e+00 5.059888839722e+00 4.573354721069e+00 6.248655319214e+00 5.760741710663e+00 4.639750480652e+00 3.994561433792e+00
1.284412741661e-01 1.385039836168e-01 1.329959481955e-01 1.329132914543e-01 1.335865408182e-01 1.339338123798e-01 1.484558433294e-01 1.405122131109e-01 1.704882234335e-01 1.844004094601e-01 1.685279458761e-01 1.665641814470e-01 1.798393279314e-01 1.883428841829e-01 1.767237186432e-01 2.281629145145e-01 2.035533487797e-01 1.544971466064e-01 1.558994501829e-01 1.532573401928e-01 1.760699301958e-01 1.907493323088e-01 2.163374125957e-01 2.874433100224e-01 3.386523723602e-01 4.868574440479e-01 7.321858406067e-01 8.361101746559e-01 9.092676639557e-01 1.151405453682e+00 2.012800455093e+00 3.027089357376e+00 2.004063844681e+00 4.999497890472e+00 1.686253547668e+00 2.239526748657e+00 4.360096454620e+00 6.151282787323e+00 3.044819831848e+00 3.430743694305e+00 2.271965265274e+00 4.116503238678e+00 3.669343709946e+00
1.142913028598e-01 1.231653913856e-01 1.182288676500e-01 1.141928359866e-01 1.060855314136e-01 1.086280345917e-01 1.145653724670e-01 1.561213284731e-01 1.937026679516e-01 1.990638077259e-01 1.759525686502e-01 1.859355568886e-01 2.058268636465e-01 2.021573930979e-01 2.020814418793e-01 2.122801691294e-01 2.273009717464e-01 2.669415771961e-01 2.386422902346e-01 2.146786302328e-01 2.147799432278e-01 2.314506769180e-01 2.760823369026e-01 2.929077446461e-01 3.454616963863e-01 4.189194440842e-01 6.968741416931e-01 6.815498471260e-01 1.345130562782e+00 2.673531293869e+00 3.260002136230e+00 1.581573486328e+00 1.594099164009e+00 4.945280075073e+00 2.565051555634e+00 3.170368194580e+00 2.832988262177e+00 3.632404804230e+00 2.646733760834e+00 1.031679391861e+00 9.867673516273e-01 1.331831455231e+00 2.562411069870e+00
1.048560068011e-01 1.048153266311e-01 1.038442254066e-01 1.021756157279e-01 1.047120019794e-01 1.118857413530e-01 1.175917983055e-01 1.451679766178e-01 1.627989411354e-01 1.568165868521e-01 1.846358031034e-01 1.980519145727e-01 1.916808634996e-01 2.002764046192e-01 2.706166505814e-01 3.758240938187e-01 4.265515804291e-01 5.376991629601e-01 5.349783897400e-01 5.820321440697e-01 4.132562279701e-01 3.861582875252e-01 4.469949305058e-01 3.747977018356e-01 4.293991327286e-01 5.929267406464e-01 1.752292990685e+00 1.634301662445e+00 1.740773677826e+00 2.319016218185e+00 1.200125336647e+00 1.263679981232e+00 1.731176495552e+00 9.989637136459e-01 5.268812179565e+00 7.258372306824e+00 6.460602760315e+00 1.543974399567e+00 7.343512177467e-01 6.135523915291e-01 5.995945334435e-01 7.061628103256e-01 7.444617152214e-01
9.718640893698e-02 1.006386652589e-01 9.658189862967e-02 1.036701872945e-01 1.130297929049e-01 1.294584274292e-01 1.297325342894e-01 1.484336555004e-01 1.666514426470e-01 1.961119472980e-01 2.031002044678e-01 2.401619851589e-01 2.507534325123e-01 2.311989367008e-01 5.770971179008e-01 2.071185350418e+00 1.638653159142e+00 9.205783009529e-01 1.033181071281e+00 1.295220136642e+00 9.606052041054e-01 4.955002367496e-01 5.754593610764e-01 7.199517488480e-01 7.022562623024e-01 1.314332246780e+00 1.840981245041e+00 1.606429219246e+00 1.334927558899e+00 1.180414915085e+00 1.343943595886e+00 1.285265207291e+00 9.616519212723e-01 8.076762557030e-01 1.363034009933e+00 6.178817272186e+00 6.413043975830e+00 1.326100826263e+00 4.864636659622e-01 4.965514540672e-01 4.558305442333e-01 4.384303689003e-01 7.139964103699e-01
9.713713079691e-02 1.044494360685e-01 1.304271966219e-01 1.456454247236e-01 1.334664523602e-01 2.208392024040e-01 2.593184709549e-01 2.659747004509e-01 2.288813441992e-01 2.317671477795e-01 2.536808848381e-01 3.175086677074e-01 3.156445622444e-01 1.142860293388e+00 8.184790611267e+00 1.041355323792e+01 4.910282611847e+00 2.616719484329e+00 2.112578630447e+00 1.676065564156e+00 8.192256093025e-01 7.899587154388e-01 1.703121781349e+00 3.628788471222e+00 2.979714393616e+00 1.589299917221e+00 1.867068290710e+00 1.523736357689e+00 1.612081885338e+00 1.134800076485e+00 2.860843896866e+00 1.144666671753e+00 8.526259064674e-01 6.065008640289e-01 4.141072928905e-01 1.281491637230e+00 1.409054517746e+00 3.467926383018e-01 2.417628467083e-01 2.847228348255e-01 3.524218201637e-01 3.946476876736e-01 3.695949614048e-01
1.169227510691e-01 1.833923906088e-01 2.495050281286e-01 2.709887623787e-01 3.510948717594e-01 4.662998914719e-01 4.579158723354e-01 4.036916494370e-01 3.466847836971e-01 2.673429548740e-01 3.411358892918e-01 3.764726817608e-01 2.011416435242e+00 1.119251823425e+01 1.546875381470e+01 5.458733081818e+00 1.635267615318e+00 1.010541439056e+00 1.056127548218e+00 9.284710288048e-01 8.691726326942e-01 1.975527167320e+00 3.895927190781e+00 5.143096923828e+00 4.135733127594e+00 2.119227409363e+00 1.484814763069e+00 1.065154790878e+00 9.878579974174e-01 8.624316453934e-01 1.217095017433e+00 5.382105112076e-01 6.177363991737e-01 5.022373199463e-01 3.171002566814e-01 1.890452951193e-01 1.579040437937e-01 1.558150798082e-01 1.620554625988e-01 2.019947767258e-01 2.714170217514e-01 3.439422249794e-01 3.525690436363e-01
1.927643418312e-01 2.873921990395e-01 3.811105191708e-01 5.483638048172e-01 1.057628512383e+00 1.038053154945e+00 1.439949989319e+00 1.116267561913e+00 1.270328402519e+00 7.555215954781e-01 4.091855287552e-01 2.597295045853e+00 1.052892875671e+01 1.055150508881e+01 2.783807992935e+00 8.193020820618e-01 1.499786734581e+00 1.981671929359e+00 1.441544532776e+00 1.655819416046e+00 1.997821211815e+00 2.033334016800e+00 2.940807580948e+00 2.412353754044e+00 1.614360094070e+00 1.269356489182e+00 7.927609086037e-01 3.115396499634e-01 3.248959481716e-01 3.082646131516e-01 3.955967426300e-01 2.902598679066e-01 2.593177556992e-01 1.812637746334e-01 1.855668276548e-01 1.894465684891e-01 1.958767026663e-01 2.060305625200e-01 2.195514738560e-01 2.370396554470e-01 2.405998259783e-01 2.879046201706e-01 3.753730356693e-01
