VariationalSeries/SI/f48_max.grd
DSAA
101	101
32.816463539100	34.260883539100
35.556306596100	36.727886596100
1.543042249978e-03	2.792789306641e+02
[rows 76 to 94 of 101, columns 43 to 85 of 101]
4.225912988186e-01 3.615414500237e-01 6.453965306282e-01 1.676180362701e+00 1.801063776016e+00 3.649518251419e+00 5.889412403107e+00 6.650977611542e+00 4.112260818481e+00 1.136641860008e+00 3.672207355499e+00 8.290431022644e+00 6.240862369537e+00 1.684737443924e+00 7.389153242111e-01 1.039150953293e+00 1.183697581291e+00 6.653330922127e-01 6.031808257103e-01 7.421808242798e-01 2.571517467499e+00 5.675734043121e+00 1.309177756310e+00 8.905310034752e-01 6.486498117447e-01 4.359939098358e-01 2.238369435072e-01 1.925385743380e-01 1.874474287033e-01 1.768197268248e-01 1.648475080729e-01 1.721974015236e-01 1.816235631704e-01 1.929909139872e-01 1.952148079872e-01 1.820262670517e-01 1.672416478395e-01 1.565945893526e-01 1.493294686079e-01 1.452203541994e-01 1.632772684097e-01 2.607924640179e-01 3.527789413929e-01
6.632218360901e-01 9.051219820976e-01 1.142021775246e+00 1.231861233711e+00 1.625073194504e+00 2.345543622971e+00 3.086037158966e+00 2.702030897141e+00 4.173289775848e+00 6.106314659119e+00 6.081478595734e+00 2.938102245331e+00 2.145828008652e+00 1.708417296410e+00 1.108221769333e+00 1.487928748131e+00 4.435351788998e-01 2.174524515867e-01 2.649104893208e-01 2.955768108368e-01 2.250804603100e-01 2.698327898979e-01 4.265463650227e-01 4.474646151066e-01 4.077107012272e-01 2.506131529808e-01 1.223702877760e-01 1.097672134638e-01 1.248897463083e-01 1.441193819046e-01 1.540464907885e-01 1.577937453985e-01 1.571581661701e-01 1.504507213831e-01 1.310830563307e-01 1.054419428110e-01 8.504417538643e-02 8.197791874409e-02 8.661051839590e-02 1.042587459087e-01 1.393520087004e-01 2.367788255215e-01 3.141444921494e-01
1.441417217255e+00 2.183461904526e+00 1.396512866020e+00 6.206324100494e-01 7.967036366463e-01 2.616877317429e+00 7.350873470306e+00 9.821164131165e+00 7.427672863007e+00 3.701310396194e+00 2.049762248993e+00 1.385938048363e+00 8.969679474831e-01 1.379407048225e+00 1.540151119232e+00 4.763362407684e-01 1.584105938673e-01 1.453285068274e-01 1.499537229538e-01 1.976922154427e-01 1.481941044331e-01 1.355719864368e-01 1.566990762949e-01 1.803508102894e-01 1.636202037334e-01 1.532931923866e-01 1.224574595690e-01 1.277589350939e-01 1.072526872158e-01 1.202214881778e-01 1.260251253843e-01 1.176871508360e-01 1.152797266841e-01 1.116178706288e-01 7.884395122528e-02 7.532116770744e-02 7.997349649668e-02 7.964047789574e-02 7.796750962734e-02 8.388558030128e-02 1.025394573808e-01 2.082142233849e-01 3.029038906097e-01
1.992745757103e+00 2.337808132172e+00 8.021564483643e-01 8.495144844055e-01 2.673503398895e+00 4.798341274261e+00 4.962901592255e+00 4.311044216156e+00 3.951972007751e+00 1.771294355392e+00 1.687079906464e+00 1.984552741051e+00 1.306079506874e+00 9.709900021553e-01 2.913570106030e-01 1.759332567453e-01 1.117875352502e-01 1.080936938524e-01 1.040072739124e-01 1.244356110692e-01 1.146608367562e-01 1.147002130747e-01 1.067613661289e-01 1.040661036968e-01 1.023222059011e-01 1.045670881867e-01 1.013362556696e-01 1.032431274652e-01 1.108048930764e-01 1.063864231110e-01 1.078868359327e-01 8.885841816664e-02 9.843306243420e-02 1.033294126391e-01 8.242482692003e-02 6.258821487427e-02 7.479774951935e-02 7.952751219273e-02 7.983158528805e-02 7.845904678106e-02 8.194053918123e-02 1.122908815742e-01 1.875494122505e-01
8.650394082069e-01 1.712083816528e+00 2.428660869598e+00 2.791952848434e+00 2.754615306854e+00 2.273378133774e+00 2.829699516296e+00 3.477262735367e+00 5.006041526794e+00 2.006954193115e+00 2.030078649521e+00 1.235875129700e+00 5.254703760147e-01 1.975920796394e-01 1.365469843149e-01 1.113571524620e-01 1.001747995615e-01 9.046008437872e-02 8.290475606918e-02 7.754340767860e-02 8.474501967430e-02 6.752818077803e-02 6.849908083677e-02 6.830254942179e-02 7.155115902424e-02 7.530847936869e-02 7.620619237423e-02 7.000456005335e-02 5.872305110097e-02 7.056516408920e-02 7.079292088747e-02 6.893034279346e-02 7.758282870054e-02 8.620371669531e-02 7.925219833851e-02 6.221893429756e-02 6.953667104244e-02 7.800666242838e-02 8.007623255253e-02 8.250445872545e-02 9.567850828171e-02 1.149422973394e-01 1.417606621981e-01
1.094903230667e+00 2.956201791763e+00 5.489496707916e+00 3.337445497513e+00 2.266980648041e+00 3.504783153534e+00 4.781623363495e+00 6.507903099060e+00 3.068812847137e+00 1.745360732079e+00 8.129336833954e-01 5.010724663734e-01 2.101794034243e-01 1.161864474416e-01 8.386868983507e-02 6.937255710363e-02 6.389243900776e-02 5.944017693400e-02 6.099775806069e-02 6.497897207737e-02 6.518816202879e-02 6.106749549508e-02 6.060931831598e-02 6.444416940212e-02 7.705872505903e-02 8.992805331945e-02 9.861108660698e-02 9.611572325230e-02 7.613728195429e-02 5.732065811753e-02 5.692866444588e-02 5.265489965677e-02 5.585983023047e-02 6.958243995905e-02 7.183540612459e-02 6.684180349112e-02 6.326801329851e-02 7.404474914074e-02 7.814492285252e-02 7.894665002823e-02 9.175711870193e-02 1.269555985928e-01 1.714832186699e-01
1.823137640953e+00 5.639897823334e+00 4.304002285004e+00 3.383455038071e+00 3.773234367371e+00 3.676145076752e+00 2.523826360703e+00 2.472078561783e+00 1.923142790794e+00 9.893085956573e-01 4.323906600475e-01 2.934704124928e-01 1.214334443212e-01 7.845000922680e-02 6.442584097385e-02 5.270808935165e-02 5.212622508407e-02 5.577605217695e-02 5.462963879108e-02 5.156933143735e-02 5.607884377241e-02 5.636202171445e-02 5.616653338075e-02 5.640469118953e-02 7.027798146009e-02 8.641815930605e-02 9.836841374636e-02 9.840371459723e-02 8.016038686037e-02 5.265156552196e-02 5.514315143228e-02 5.723865702748e-02 4.696206003428e-02 5.154921486974e-02 6.130260974169e-02 6.824471056461e-02 6.873773038387e-02 6.778074055910e-02 7.406816631556e-02 7.733589410782e-02 7.656778395176e-02 8.642558008432e-02 1.113530471921e-01
2.343031406403e+00 3.954910278320e+00 2.331550598145e+00 1.413165450096e+00 9.615818858147e-01 1.325910210609e+00 1.188741087914e+00 1.418346166611e+00 1.039602041245e+00 4.165719747543e-01 3.371233642101e-01 2.116135209799e-01 1.304976791143e-01 9.740192443132e-02 6.110677868128e-02 5.017800629139e-02 5.362385138869e-02 5.420407280326e-02 4.950620234013e-02 4.625563696027e-02 5.366304516792e-02 5.883935093880e-02 6.170081719756e-02 5.976473912597e-02 5.490558221936e-02 6.571829319000e-02 7.350790500641e-02 7.306107133627e-02 6.060300394893e-02 4.764232411981e-02 4.890450090170e-02 5.378276482224e-02 5.151782929897e-02 4.514084011316e-02 4.574531689286e-02 5.617530271411e-02 6.226168572903e-02 6.009472534060e-02 6.836492568254e-02 7.426958531141e-02 7.572273164988e-02 8.170410245657e-02 8.935251086950e-02
3.365597724915e+00 2.783849954605e+00 8.942742943764e-01 6.974041461945e-01 7.435003519058e-01 4.348776936531e-01 7.288272380829e-01 9.875735044479e-01 6.606512665749e-01 3.289785981178e-01 2.995201051235e-01 1.519354730844e-01 1.372763216496e-01 1.309536546469e-01 8.243695646524e-02 6.463243812323e-02 5.501912906766e-02 5.219425261021e-02 4.515716806054e-02 4.464340955019e-02 5.401853844523e-02 6.481348723173e-02 7.140413671732e-02 6.693408638239e-02 5.738197639585e-02 4.937664419413e-02 5.333109200001e-02 5.721990764141e-02 5.709828063846e-02 5.949363484979e-02 5.359658226371e-02 4.961713030934e-02 4.932904615998e-02 4.492483288050e-02 4.330135136843e-02 5.218167975545e-02 5.718834698200e-02 5.583921447396e-02 6.153411790729e-02 6.925599277020e-02 7.269085198641e-02 8.127451688051e-02 1.019754782319e-01
5.266930580139e+00 2.321570396423e+00 4.925514757633e-01 3.350272774696e-01 2.544458806515e-01 3.093662559986e-01 3.293463885784e-01 7.477147579193e-01 7.643983364105e-01 4.706890583038e-01 2.366975843906e-01 1.364992111921e-01 1.189687922597e-01 1.252565383911e-01 1.034009829164e-01 6.381019949913e-02 5.410606414080e-02 5.026433989406e-02 4.191907495260e-02 4.417816922069e-02 5.538169294596e-02 7.238500565290e-02 7.911538332701e-02 7.044968754053e-02 5.932991951704e-02 5.238781869411e-02 5.537444353104e-02 6.179619953036e-02 6.458246707916e-02 6.208132207394e-02 5.763037130237e-02 4.823523759842e-02 5.513425916433e-02 4.488810524344e-02 4.177366197109e-02 4.584336280823e-02 5.773182213306e-02 6.368794292212e-02 6.797853857279e-02 7.742860913277e-02 8.909197151661e-02 9.254107624292e-02 8.988986164331e-02
4.547620296478e+00 1.393457174301e+00 3.689550757408e-01 2.069123834372e-01 1.875320076942e-01 2.114050388336e-01 3.815101683140e-01 4.903304576874e-01 5.822726488113e-01 4.066634178162e-01 2.713235914707e-01 1.586004793644e-01 1.002518013120e-01 9.086526930332e-02 8.757752180099e-02 7.424840331078e-02 6.076303869486e-02 6.701270490885e-02 5.608901381493e-02 4.876860603690e-02 6.090733036399e-02 8.150432258844e-02 8.502139896154e-02 7.157631218433e-02 6.092958152294e-02 5.566402897239e-02 5.811054259539e-02 6.526172161102e-02 7.029585540295e-02 6.555180251598e-02 5.671626701951e-02 4.709202796221e-02 5.638290196657e-02 4.352004081011e-02 4.132299125195e-02 3.938478603959e-02 4.332915320992e-02 5.717359110713e-02 7.295766472816e-02 9.410297870636e-02 1.150187700987e-01 1.231756508350e-01 1.244423687458e-01
2.377169132233e+00 4.589745402336e-01 2.166622281075e-01 1.900101751089e-01 1.580203026533e-01 1.524542421103e-01 2.453702092171e-01 1.368109583855e-01 3.530335724354e-01 5.334542989731e-01 3.885383605957e-01 2.973168194294e-01 1.465997397900e-01 9.137566387653e-02 7.838104665279e-02 7.891336828470e-02 8.387790620327e-02 7.561466097832e-02 6.673032045364e-02 5.932996422052e-02 7.269237935543e-02 8.955235034227e-02 8.648518472910e-02 7.301208376884e-02 6.532089412212e-02 6.162416189909e-02 6.153519079089e-02 6.858364492655e-02 7.421236485243e-02 7.088845223188e-02 5.929750576615e-02 4.697285965085e-02 5.337296053767e-02 4.816188663244e-02 4.083282500505e-02 4.076875746250e-02 3.943992406130e-02 4.133304208517e-02 5.272623151541e-02 8.068633824587e-02 1.101728305221e-01 1.282595247030e-01 1.385737806559e-01
6.413877606392e-01 2.621024250984e-01 1.721333563328e-01 1.635429859161e-01 1.224745064974e-01 1.125860661268e-01 1.105732172728e-01 1.084582731128e-01 1.283162981272e-01 4.391768872738e-01 4.874665737152e-01 7.151932120323e-01 4.590103030205e-01 1.668615341187e-01 1.045143678784e-01 8.746219426394e-02 9.532477706671e-02 1.125621721148e-01 1.050603613257e-01 8.446155488491e-02 8.263390511274e-02 9.288381785154e-02 8.383025974035e-02 7.259253412485e-02 6.848556548357e-02 6.799075752497e-02 6.945431977510e-02 7.009826600552e-02 7.585830241442e-02 7.581631094217e-02 6.527014821768e-02 5.042138323188e-02 5.027782544494e-02 5.008448287845e-02 4.682974889874e-02 4.804779216647e-02 4.764193296432e-02 4.692735522985e-02 4.646907746792e-02 4.653977230191e-02 6.258621811867e-02 8.314206451178e-02 9.791146963835e-02
2.430950403214e-01 1.458430290222e-01 1.538099497557e-01 1.332522779703e-01 1.044004857540e-01 9.478303045034e-02 8.248710632324e-02 8.385404944420e-02 9.724842756987e-02 1.818775981665e-01 7.293006777763e-01 1.788306117058e+00 1.228266239166e+00 3.933127224445e-01 1.742518842220e-01 1.092158630490e-01 9.969419240952e-02 1.193684488535e-01 1.158166900277e-01 1.219650581479e-01 1.176156997681e-01 9.713598340750e-02 8.715662360191e-02 7.844979315996e-02 7.623172551394e-02 7.699672877789e-02 7.705643773079e-02 7.528394460678e-02 7.587699592113e-02 7.955645024776e-02 7.169669866562e-02 5.253283679485e-02 4.927231743932e-02 4.845448210835e-02 5.040442571044e-02 5.420466884971e-02 5.679946392775e-02 5.769303068519e-02 5.740319192410e-02 5.553240329027e-02 5.416696146131e-02 5.703115463257e-02 5.889376252890e-02
2.080064713955e-01 1.263525336981e-01 1.365014612675e-01 1.037765070796e-01 8.163746446371e-02 7.682140171528e-02 6.747803092003e-02 7.159350812435e-02 7.161884754896e-02 1.279820948839e-01 5.527623295784e-01 1.488962531090e+00 1.343984127045e+00 8.668404817581e-01 2.119264155626e-01 1.206831187010e-01 9.211521595716e-02 1.317093670368e-01 1.568217426538e-01 1.474943161011e-01 1.208852678537e-01 9.475176036358e-02 9.419423341751e-02 8.887358009815e-02 8.612608164549e-02 8.437736332417e-02 8.100160956383e-02 7.412660121918e-02 7.624079287052e-02 8.013152331114e-02 7.049451023340e-02 5.580808222294e-02 5.775063484907e-02 5.592600256205e-02 5.310697853565e-02 5.053747445345e-02 5.405822023749e-02 5.621584132314e-02 5.576406046748e-02 5.237061530352e-02 5.660589411855e-02 6.687050312757e-02 7.418949902058e-02
2.559677958488e-01 1.346211731434e-01 1.190635785460e-01 8.791225403547e-02 6.665528565645e-02 6.295882165432e-02 6.436900794506e-02 6.375252455473e-02 6.203512474895e-02 8.036414533854e-02 2.107118219137e-01 7.630010247231e-01 2.774092674255e+00 2.142799139023e+00 3.618206083775e-01 1.407168209553e-01 1.542294621468e-01 1.649538278580e-01 1.471132189035e-01 1.174206510186e-01 9.564367681742e-02 9.785009920597e-02 1.041393056512e-01 1.012194454670e-01 9.467134624720e-02 8.618151396513e-02 7.478449493647e-02 6.751217693090e-02 7.847164571285e-02 8.037356287241e-02 7.394430041313e-02 8.230647444725e-02 8.267660439014e-02 7.836066186428e-02 7.054337114096e-02 5.500872805715e-02 4.480253160000e-02 4.458928108215e-02 4.492680728436e-02 4.842561110854e-02 5.691062659025e-02 7.091925293207e-02 8.789749443531e-02
2.708048820496e-01 1.525689810514e-01 1.146645843983e-01 7.673873752356e-02 6.002820655704e-02 6.286565959454e-02 6.202567741275e-02 5.996406823397e-02 5.413879826665e-02 6.150157377124e-02 1.194897294044e-01 3.891266584396e-01 1.352226972580e+00 1.195663928986e+00 4.039301872253e-01 2.323223054409e-01 1.916201263666e-01 1.491331160069e-01 1.152333766222e-01 9.233277291059e-02 9.244617819786e-02 9.905327856541e-02 1.057152152061e-01 1.009461060166e-01 8.755091577768e-02 7.126580178738e-02 5.811383947730e-02 6.312996894121e-02 7.858793437481e-02 8.229596912861e-02 8.758448064327e-02 9.643790125847e-02 9.600208699703e-02 8.967347443104e-02 7.636595517397e-02 5.565021187067e-02 5.718607828021e-02 5.945521965623e-02 6.291282922029e-02 6.582047045231e-02 6.645317375660e-02 7.280940562487e-02 9.392712265253e-02
2.530736327171e-01 1.364143043756e-01 9.650178998709e-02 6.033095717430e-02 5.753706395626e-02 6.195791810751e-02 5.981058999896e-02 5.174300819635e-02 4.114142060280e-02 5.526097118855e-02 1.015945151448e-01 1.726997792721e-01 4.799101352692e-01 5.737584829330e-01 4.183623194695e-01 2.575870454311e-01 1.635527461767e-01 1.165802106261e-01 1.083501279354e-01 1.056608706713e-01 9.560719132423e-02 9.074357151985e-02 8.806720376015e-02 7.767695933580e-02 6.152338907123e-02 5.405434221029e-02 5.322625860572e-02 5.663515254855e-02 7.294594496489e-02 8.128529787064e-02 6.195912882686e-02 6.772826611996e-02 6.792414188385e-02 6.368513405323e-02 5.988714843988e-02 6.571733206511e-02 7.126343995333e-02 7.846039533615e-02 8.606921136379e-02 9.023681282997e-02 8.855659514666e-02 8.225194364786e-02 9.202182292938e-02
2.259962260723e-01 1.048806384206e-01 6.947711855173e-02 4.467591270804e-02 5.379389226437e-02 5.958024039865e-02 5.704104900360e-02 4.709042608738e-02 3.482040017843e-02 4.958716779947e-02 9.122168272734e-02 1.415657550097e-01 3.343279957771e-01 4.315885305405e-01 3.375808894634e-01 2.009256929159e-01 1.248736158013e-01 1.164844483137e-01 1.149757429957e-01 9.679735451937e-02 7.732111960649e-02 6.482411921024e-02 5.691777542233e-02 4.786689206958e-02 4.466889426112e-02 4.376026615500e-02 4.368105903268e-02 4.807800054550e-02 6.335717439651e-02 7.391460984945e-02 5.776890739799e-02 4.574649035931e-02 4.286600276828e-02 5.496616289020e-02 6.529495120049e-02 7.448663562536e-02 8.511598408222e-02 9.822103381157e-02 1.103837117553e-01 1.152453497052e-01 1.094420328736e-01 9.625765681267e-02 9.055173397064e-02
