VariationalSeries/SI/f49_max.grd
DSAA
101	101
32.816463539100	34.260883539100
35.556306596100	36.727886596100
2.709522377700e-03	4.910785827637e+02
[rows 19 to 37 of 101, columns 43 to 85 of 101]
4.524478435516e+00 5.728057384491e+00 7.445127964020e+00 7.591179847717e+00 4.921040058136e+00 7.763225078583e+00 3.673973321915e+00 4.075771331787e+00 4.164608001709e+00 4.222082614899e+00 3.852093458176e+00 5.891263961792e+00 7.115197181702e+00 7.254827499390e+00 4.824892997742e+00 5.905206203461e+00 7.685333728790e+00 7.243807792664e+00 4.021159648895e+00 6.471712112427e+00 2.940432786942e+00 4.117478370667e+00 5.512231826782e+00 2.747955560684e+00 2.761412143707e+00 3.041729211807e+00 2.601981639862e+00 3.379933357239e+00 3.132885217667e+00 2.470353364944e+00 2.653453111649e+00 3.394177675247e+00 3.823751211166e+00 2.958884477615e+00 2.858871936798e+00 2.194331169128e+00 1.510737299919e+00 1.772562861443e+00 1.959988951683e+00 1.630512356758e+00 1.386187076569e+00 1.307158470154e+00 1.421648979187e+00
4.001495838165e+00 5.613194465637e+00 7.952907085419e+00 9.171685218811e+00 6.651531219482e+00 6.864194393158e+00 3.783981800079e+00 4.322790622711e+00 3.627873420715e+00 4.536869049072e+00 4.743162155151e+00 5.527374744415e+00 7.639509677887e+00 7.729650497437e+00 5.888774394989e+00 6.395512580872e+00 7.517215728760e+00 8.192522048950e+00 4.749444484711e+00 6.265305995941e+00 3.366068840027e+00 6.249146461487e+00 7.755202770233e+00 3.466015815735e+00 3.222436904907e+00 3.116404056549e+00 3.308617115021e+00 3.495979070663e+00 2.723696708679e+00 2.627396345139e+00 3.435600280762e+00 4.468883991241e+00 3.984171152115e+00 3.439567327499e+00 2.666966199875e+00 2.199808835983e+00 1.691103100777e+00 2.070767641068e+00 1.605824470520e+00 1.249089121819e+00 1.332762956619e+00 1.249608159065e+00 1.301240086555e+00
4.294270515442e+00 6.232289314270e+00 7.347232341766e+00 9.600469589233e+00 8.190161705017e+00 5.872487545013e+00 3.947740554810e+00 4.585429668427e+00 3.452754735947e+00 4.263836860657e+00 4.492667675018e+00 5.219551086426e+00 7.288129806519e+00 8.299701690674e+00 7.113299846649e+00 6.831532478333e+00 7.213571071625e+00 8.965665817261e+00 5.419933795929e+00 5.813063621521e+00 3.789668321609e+00 7.758194923401e+00 8.508809089661e+00 3.898800849915e+00 3.150524854660e+00 3.715896606445e+00 3.732895135880e+00 3.027044057846e+00 2.445214748383e+00 3.424904108047e+00 4.777216434479e+00 4.619501113892e+00 3.117784500122e+00 3.925617218018e+00 2.645117759705e+00 2.027737855911e+00 2.009570598602e+00 2.128568410873e+00 1.645246505737e+00 1.266885161400e+00 1.269744873047e+00 9.850259423256e-01 9.717012047768e-01
4.089294910431e+00 5.892607688904e+00 6.238371372223e+00 9.170297622681e+00 9.065485000610e+00 6.026496887207e+00 5.035617828369e+00 4.863000392914e+00 3.404417514801e+00 3.748267412186e+00 4.643347263336e+00 5.297519207001e+00 6.077633380890e+00 8.893741607666e+00 7.943003654480e+00 6.649766921997e+00 6.683483600616e+00 9.630607604980e+00 5.975778579712e+00 5.216175079346e+00 4.212725639343e+00 7.722877025604e+00 7.433548927307e+00 3.611918687820e+00 3.339771270752e+00 4.075989246368e+00 3.389940261841e+00 2.621340990067e+00 3.607961416245e+00 5.060247421265e+00 4.961362361908e+00 3.444139719009e+00 2.711217641830e+00 4.081600666046e+00 1.938502907753e+00 1.999879598618e+00 2.478044748306e+00 1.868260025978e+00 1.886604905128e+00 1.227841496468e+00 1.354569554329e+00 1.140405297279e+00 1.028128147125e+00
3.323395967484e+00 4.078770160675e+00 6.285582065582e+00 8.132340431213e+00 9.146138191223e+00 6.086101055145e+00 6.282194614410e+00 5.270798206329e+00 3.697890996933e+00 3.379683971405e+00 4.842190265656e+00 5.178726196289e+00 6.357921123505e+00 9.566692352295e+00 8.069496154785e+00 6.260333538055e+00 6.025680541992e+00 1.004560947418e+01 6.381150722504e+00 6.042072772980e+00 4.959655761719e+00 6.369513988495e+00 5.564173698425e+00 3.294404268265e+00 4.252168655396e+00 3.943080902100e+00 2.753067255020e+00 3.850178241730e+00 5.489950180054e+00 5.322718620300e+00 3.610893726349e+00 2.211106300354e+00 3.071090698242e+00 3.832423686981e+00 2.076756954193e+00 2.148126363754e+00 2.609812021255e+00 1.835156559944e+00 2.070248365402e+00 1.265185594559e+00 1.288628101349e+00 1.103523492813e+00 1.128811836243e+00
4.502841949463e+00 4.300922393799e+00 7.116532325745e+00 6.892389297485e+00 8.714010238647e+00 6.807644844055e+00 6.043700695038e+00 6.692412376404e+00 5.816522121429e+00 4.445392131805e+00 4.889912128448e+00 4.898460865021e+00 6.943320751190e+00 1.024920082092e+01 7.276600360870e+00 6.018555164337e+00 5.145655155182e+00 1.029042816162e+01 7.741243839264e+00 6.699907779694e+00 5.869750499725e+00 6.231385231018e+00 3.769845724106e+00 4.110373973846e+00 4.364076137543e+00 2.936471223831e+00 4.186575412750e+00 5.927989006042e+00 5.630223751068e+00 3.770775318146e+00 2.017912626266e+00 1.749556779861e+00 4.107478618622e+00 3.207648277283e+00 1.963531374931e+00 2.781715154648e+00 2.366612672806e+00 1.850706458092e+00 2.200271844864e+00 1.567553043365e+00 1.195838570595e+00 1.138640999794e+00 9.981684684753e-01
7.057875633240e+00 4.397672653198e+00 4.315866947174e+00 7.364669322968e+00 8.050851821899e+00 7.207159042358e+00 5.583196163177e+00 6.147232055664e+00 6.986320972443e+00 6.863699436188e+00 5.851937294006e+00 7.026736736298e+00 7.560137748718e+00 1.067050838470e+01 6.321689605713e+00 5.496614456177e+00 7.032573223114e+00 1.038352489471e+01 8.775144577026e+00 6.446655273438e+00 6.333239555359e+00 6.721735954285e+00 4.228893280029e+00 4.476433753967e+00 3.514008045197e+00 4.390739917755e+00 6.465989589691e+00 6.042910099030e+00 3.927811622620e+00 2.705411911011e+00 3.811691761017e+00 2.432339429855e+00 4.792579174042e+00 2.806574106216e+00 2.318788290024e+00 2.972794532776e+00 2.841816902161e+00 1.973919987679e+00 2.272602081299e+00 1.732919812202e+00 1.081745505333e+00 1.045035243034e+00 1.211554169655e+00
9.429291725159e+00 4.528254508972e+00 4.354134082794e+00 6.814191341400e+00 7.275098323822e+00 7.400455474854e+00 6.036178588867e+00 6.235867023468e+00 5.835318565369e+00 7.554763793945e+00 8.241782188416e+00 7.173966407776e+00 8.179663658142e+00 1.082941722870e+01 5.506218433380e+00 8.275997161865e+00 9.865983963013e+00 1.041948413849e+01 8.545723915100e+00 5.125841140747e+00 6.022879600525e+00 6.159493923187e+00 4.305160522461e+00 3.699370384216e+00 4.437725067139e+00 6.890350341797e+00 6.629613399506e+00 4.147445201874e+00 3.751454591751e+00 5.296590805054e+00 4.814260005951e+00 4.364055156708e+00 4.669896602631e+00 3.134739398956e+00 2.980481624603e+00 2.463243007660e+00 3.093177080154e+00 2.093251466751e+00 2.281715869904e+00 1.725746989250e+00 1.099705696106e+00 1.327867269516e+00 1.706558585167e+00
1.029484462738e+01 4.657262802124e+00 5.277255058289e+00 4.552276134491e+00 7.715691566467e+00 7.508057117462e+00 6.429616451263e+00 6.634599685669e+00 5.885565280914e+00 7.847354888916e+00 7.981565952301e+00 6.951080322266e+00 8.740119934082e+00 1.045344543457e+01 9.056348800659e+00 1.095916652679e+01 1.053935909271e+01 1.015037536621e+01 5.833918571472e+00 5.235194206238e+00 6.176469326019e+00 6.217680454254e+00 4.043103218079e+00 4.258790493011e+00 7.198946475983e+00 7.331808090210e+00 4.590334892273e+00 3.931404590607e+00 5.758595466614e+00 4.775139808655e+00 3.832129716873e+00 4.404423236847e+00 3.621960401535e+00 3.307479619980e+00 2.950385570526e+00 1.955880284309e+00 3.024785280228e+00 2.268910408020e+00 2.238378047943e+00 1.566188931465e+00 1.444269657135e+00 1.895971179008e+00 2.142203330994e+00
9.049303054810e+00 6.772084236145e+00 6.125502109528e+00 4.417872428894e+00 5.841898918152e+00 7.538397789001e+00 7.716184616089e+00 7.065163612366e+00 8.142081260681e+00 1.205045223236e+01 6.940292358398e+00 6.282607555389e+00 9.118467330933e+00 9.640254020691e+00 1.174225425720e+01 1.131134033203e+01 9.798761367798e+00 9.841377258301e+00 6.349098682404e+00 7.047998905182e+00 6.426113128662e+00 6.201088428497e+00 3.900684118271e+00 7.319911003113e+00 8.094539642334e+00 5.227035522461e+00 4.498966217041e+00 6.112439155579e+00 5.377312660217e+00 3.495056629181e+00 5.090104579926e+00 4.617994308472e+00 2.584178686142e+00 3.147946119308e+00 2.492278575897e+00 2.679693222046e+00 2.748655557632e+00 2.445083618164e+00 2.189615964890e+00 2.016532421112e+00 2.353771924973e+00 2.640082597733e+00 2.225874900818e+00
6.126814365387e+00 1.016815853119e+01 6.724857807159e+00 5.438014507294e+00 6.507713317871e+00 7.487879276276e+00 7.162093162537e+00 7.576636791229e+00 1.067922115326e+01 1.496812057495e+01 1.010659790039e+01 6.856296062469e+00 9.206209182739e+00 1.123156166077e+01 1.197134494781e+01 1.558248615265e+01 8.335993766785e+00 9.153841018677e+00 6.920242786407e+00 7.145680904388e+00 6.439131736755e+00 5.895796775818e+00 7.264410972595e+00 8.607666015625e+00 5.903993606567e+00 5.064447402954e+00 6.030012607574e+00 5.992701530457e+00 5.045370578766e+00 5.111621856689e+00 5.420301437378e+00 3.164852857590e+00 2.999255418777e+00 2.691167116165e+00 2.186109066010e+00 2.040096998215e+00 3.641452789307e+00 2.870507717133e+00 2.614808797836e+00 3.137888193130e+00 3.124869585037e+00 2.293237447739e+00 1.440557241440e+00
6.678504467010e+00 1.125190067291e+01 6.969900608063e+00 6.021432876587e+00 7.688750743866e+00 7.200950622559e+00 7.472338199615e+00 9.298434257507e+00 1.233308982849e+01 1.509542560577e+01 1.211766052246e+01 1.176054954529e+01 1.038454914093e+01 1.232583808899e+01 1.374027729034e+01 1.987700462341e+01 8.723380088806e+00 9.370573043823e+00 9.306902885437e+00 7.631921768188e+00 6.062198638916e+00 7.263347148895e+00 9.072868347168e+00 6.513229846954e+00 5.670972824097e+00 5.940010070801e+00 5.739750862122e+00 6.231550693512e+00 6.078435420990e+00 6.165915489197e+00 4.653341770172e+00 2.635761022568e+00 3.578496217728e+00 2.070552825928e+00 2.189918994904e+00 2.202288866043e+00 5.022202014923e+00 3.448745965958e+00 3.612720012665e+00 2.909052371979e+00 1.768537044525e+00 9.562435746193e-01 9.358203411102e-01
1.328337192535e+01 8.911543846130e+00 9.782417297363e+00 6.405762672424e+00 9.264458656311e+00 7.180591583252e+00 8.083769798279e+00 1.077629852295e+01 1.301771354675e+01 1.284551048279e+01 1.170993995667e+01 1.159433364868e+01 1.170618247986e+01 9.465049743652e+00 9.535326957703e+00 1.281222629547e+01 7.567076683044e+00 9.280563354492e+00 1.014388942719e+01 8.479535102844e+00 7.570989131927e+00 9.516594886780e+00 7.113338470459e+00 6.244903564453e+00 5.796040534973e+00 5.355021476746e+00 5.629472732544e+00 6.679606437683e+00 6.717391014099e+00 6.086874961853e+00 3.769727945328e+00 2.493802547455e+00 3.805500268936e+00 2.999948501587e+00 3.609370946884e+00 3.832174777985e+00 5.669091701508e+00 3.282786607742e+00 2.608505487442e+00 1.762898206711e+00 1.582911849022e+00 1.263364553452e+00 1.275018095970e+00
2.170092964172e+01 9.451788902283e+00 1.093605422974e+01 8.024033546448e+00 1.031415176392e+01 8.802232742310e+00 8.863337516785e+00 1.240642738342e+01 1.342135620117e+01 1.071685218811e+01 1.397016620636e+01 1.709006309509e+01 1.013729381561e+01 1.184653949738e+01 7.156665325165e+00 8.555985450745e+00 7.866590023041e+00 9.069437026978e+00 8.752529144287e+00 7.971884250641e+00 1.012744140625e+01 7.698700904846e+00 6.623224735260e+00 5.862944602966e+00 6.275572776794e+00 6.126764774323e+00 5.955218791962e+00 7.425843715668e+00 7.469395160675e+00 6.671941757202e+00 4.597476959229e+00 4.173727989197e+00 4.136327266693e+00 3.613143682480e+00 3.499489068985e+00 5.442472934723e+00 4.672280788422e+00 2.183060884476e+00 2.360876321793e+00 2.415270566940e+00 2.241094112396e+00 1.734818816185e+00 1.379074335098e+00
2.400836181641e+01 2.488772964478e+01 1.078361320496e+01 1.049613857269e+01 1.140784072876e+01 1.068724918365e+01 1.493619441986e+01 1.394125366211e+01 1.328313350677e+01 1.000569534302e+01 1.530235290527e+01 1.916596984863e+01 1.148068428040e+01 1.153495502472e+01 8.749563217163e+00 8.887069702148e+00 9.502200126648e+00 8.969281196594e+00 8.710126876831e+00 1.087167739868e+01 8.452862739563e+00 7.601200103760e+00 6.502525329590e+00 5.085217952728e+00 6.437978744507e+00 6.821140289307e+00 6.457518100739e+00 8.015792846680e+00 8.351719856262e+00 7.323756217957e+00 5.457484722137e+00 3.998283624649e+00 3.558290004730e+00 3.024305105209e+00 4.944650650024e+00 5.648316860199e+00 2.517700195312e+00 2.485287904739e+00 2.593800544739e+00 2.631963968277e+00 2.489218235016e+00 2.082817316055e+00 1.448395729065e+00
1.161421012878e+01 3.388135147095e+01 2.460884094238e+01 1.054705905914e+01 1.207391929626e+01 1.335419654846e+01 1.445097827911e+01 1.468548107147e+01 1.183256816864e+01 1.048677825928e+01 1.747619247437e+01 1.887568855286e+01 1.488102531433e+01 1.007087516785e+01 9.133136749268e+00 1.031792926788e+01 1.673481178284e+01 1.046076869965e+01 1.209252548218e+01 9.304037094116e+00 7.041351318359e+00 6.857769489288e+00 5.642416954041e+00 7.150414943695e+00 7.134476661682e+00 7.913489818573e+00 8.633648872375e+00 6.889905929565e+00 8.019826889038e+00 8.011576652527e+00 6.229945182800e+00 3.438228368759e+00 3.385121822357e+00 5.239882946014e+00 5.669995307922e+00 3.312946796417e+00 2.206111907959e+00 2.230806112289e+00 2.223845958710e+00 2.258909463882e+00 2.251688718796e+00 2.086686611176e+00 1.762381553650e+00
2.128965759277e+01 1.636212348938e+01 3.960655593872e+01 1.835084342957e+01 1.226835060120e+01 1.647789001465e+01 1.229678440094e+01 1.376518726349e+01 1.819491386414e+01 1.379835796356e+01 1.900032234192e+01 1.511856555939e+01 1.593487739563e+01 1.338820171356e+01 1.091377830505e+01 1.019548892975e+01 2.430437660217e+01 1.459215354919e+01 1.130212116241e+01 1.423693752289e+01 8.504622459412e+00 7.012362480164e+00 7.482375621796e+00 7.872480392456e+00 7.589093208313e+00 7.739435672760e+00 1.090025901794e+01 6.773087024689e+00 8.364862442017e+00 8.733636856079e+00 7.082970619202e+00 4.566919326782e+00 5.784131050110e+00 5.343703269958e+00 3.055001020432e+00 2.639528036118e+00 2.492528200150e+00 2.333456516266e+00 2.168569564819e+00 2.018396854401e+00 1.942999124527e+00 2.008377552032e+00 1.826744794846e+00
2.895537376404e+01 3.780548477173e+01 2.294825744629e+01 3.900930786133e+01 1.486688137054e+01 2.002694702148e+01 1.703544235229e+01 1.817739677429e+01 2.547782135010e+01 2.056859779358e+01 2.342928314209e+01 1.433532524109e+01 1.454709339142e+01 1.519286537170e+01 1.365369129181e+01 1.072941112518e+01 2.845846557617e+01 1.603401565552e+01 1.676915168762e+01 1.166755962372e+01 6.445835590363e+00 6.975208282471e+00 8.816987037659e+00 7.966094970703e+00 7.294229030609e+00 6.760951519012e+00 1.065073013306e+01 7.457149982452e+00 9.419538497925e+00 9.293574333191e+00 7.370701789856e+00 5.850768566132e+00 4.382931232452e+00 2.399438858032e+00 2.225088834763e+00 2.259857654572e+00 2.287815093994e+00 2.443254947662e+00 2.396898746490e+00 2.271843671799e+00 2.457174539566e+00 2.851772546768e+00 2.973900318146e+00
5.612601852417e+01 3.817332839966e+01 4.042627334595e+01 3.331887054443e+01 3.011976432800e+01 2.260511970520e+01 2.465269279480e+01 2.192065811157e+01 2.191685676575e+01 2.425268745422e+01 2.772440719604e+01 1.663656616211e+01 1.442879104614e+01 1.552853107452e+01 1.704068946838e+01 1.610220718384e+01 2.188090515137e+01 1.602581024170e+01 1.597150993347e+01 1.274395465851e+01 1.044095039368e+01 1.231958770752e+01 1.235789108276e+01 1.022709274292e+01 7.475099563599e+00 6.514009952545e+00 8.377152442932e+00 9.205795288086e+00 9.779488563538e+00 8.175066947937e+00 5.740244865417e+00 3.506970405579e+00 3.067255496979e+00 3.364917755127e+00 3.972695350647e+00 4.349606037140e+00 4.542755603790e+00 4.515377044678e+00 4.281101226807e+00 3.913678169250e+00 3.556542634964e+00 3.481456279755e+00 3.080751657486e+00
