VariationalSeries/SI/f49_max.grd
DSAA
101	101
32.816463539100	34.260883539100
35.556306596100	36.727886596100
2.709522377700e-03	4.910785827637e+02
[rows 0 to 18 of 101, columns 0 to 42 of 101]
4.197340309620e-01 7.493758201599e-01 6.633033156395e-01 3.969611227512e-01 3.458036184311e-01 4.551920592785e-01 9.023419618607e-01 1.252245187759e+00 1.115325450897e+00 6.627507805824e-01 4.106691777706e-01 4.717588424683e-01 5.006701350212e-01 4.832634329796e-01 4.143452346325e-01 6.259558796883e-01 9.396609067917e-01 1.089444875717e+00 7.802424430847e-01 5.027726888657e-01 5.816315412521e-01 6.295526027679e-01 4.507274925709e-01 4.038676023483e-01 4.360267519951e-01 5.956373810768e-01 8.894164562225e-01 1.016818881035e+00 1.349738121033e+00 1.078053474426e+00 7.916082143784e-01 7.443678379059e-01 6.466283202171e-01 5.135915279388e-01 4.141327440739e-01 4.020550549030e-01 3.707084357738e-01 5.018675923347e-01 7.017878890038e-01 8.028900027275e-01 6.718345880508e-01 5.813049674034e-01 5.535050034523e-01
7.774178385735e-01 1.465968608856e+00 1.436454296112e+00 1.002574443817e+00 7.217590212822e-01 8.801134228706e-01 1.736961364746e+00 2.391157865524e+00 2.106207370758e+00 1.221238970757e+00 7.058568596840e-01 8.068193793297e-01 8.517971038818e-01 8.107495903969e-01 6.950022578239e-01 9.337776303291e-01 1.482956767082e+00 1.940848708153e+00 1.756853342056e+00 1.052132248878e+00 1.061362624168e+00 1.643048048019e+00 8.675298094749e-01 7.865499258041e-01 8.997565507889e-01 1.164628624916e+00 1.491710066795e+00 1.705479621887e+00 2.566565275192e+00 2.002631664276e+00 1.288147449493e+00 1.168006539345e+00 1.170312166214e+00 8.735423684120e-01 9.404929280281e-01 9.844377040863e-01 9.915989637375e-01 1.114157199860e+00 1.397541403770e+00 1.404154896736e+00 1.038480401039e+00 1.049443244934e+00 1.145561933517e+00
7.625623941422e-01 1.563236832619e+00 1.750945329666e+00 1.497992038727e+00 9.627065658569e-01 1.017036795616e+00 2.011936903000e+00 2.720741033554e+00 2.320339918137e+00 1.265458941460e+00 8.929031491280e-01 1.006189346313e+00 1.039252042770e+00 9.614402651787e-01 7.917338013649e-01 7.479293346405e-01 9.798960685730e-01 1.459694862366e+00 1.667379856110e+00 1.357955098152e+00 1.698777675629e+00 2.541509389877e+00 1.118136167526e+00 9.763179421425e-01 1.198869705200e+00 1.450627207756e+00 1.505780339241e+00 1.551949381828e+00 2.994381427765e+00 2.248132705688e+00 1.251524686813e+00 1.073759794235e+00 1.599097490311e+00 8.538296222687e-01 8.839331269264e-01 1.015641331673e+00 1.280971884727e+00 1.619160890579e+00 1.690453886986e+00 1.399636864662e+00 1.417106628418e+00 9.754637479782e-01 1.285992860794e+00
6.865842938423e-01 1.506310701370e+00 1.776518106461e+00 1.813413023949e+00 1.456337928772e+00 1.042614459991e+00 2.105213880539e+00 2.786845684052e+00 2.245265007019e+00 1.088811159134e+00 9.901390671730e-01 1.092454314232e+00 1.087505102158e+00 9.676213264465e-01 7.696565389633e-01 7.650808691978e-01 7.287665605545e-01 8.528947830200e-01 1.106699824333e+00 1.291076421738e+00 2.849804162979e+00 3.236049652100e+00 1.260738611221e+00 1.074659347534e+00 1.325599312782e+00 1.519286513329e+00 1.453789830208e+00 1.445039510727e+00 3.003369569778e+00 2.188852071762e+00 1.118416070938e+00 9.190621972084e-01 1.842085838318e+00 9.825705885887e-01 1.000517249107e+00 1.411534547806e+00 1.743005275726e+00 1.814117312431e+00 1.534819126129e+00 1.777567386627e+00 1.712800741196e+00 1.064056754112e+00 1.181240200996e+00
6.724736690521e-01 1.443465352058e+00 1.704540491104e+00 1.868844866753e+00 1.785965085030e+00 1.261590242386e+00 2.151367902756e+00 2.788550376892e+00 2.108965158463e+00 9.200022816658e-01 1.063961982727e+00 1.131974697113e+00 1.114206910133e+00 1.110019564629e+00 1.020354986191e+00 8.632581830025e-01 8.063827753067e-01 8.016514778137e-01 1.174353122711e+00 2.367756366730e+00 3.961065292358e+00 3.557791233063e+00 1.356028199196e+00 1.506014227867e+00 1.329500675201e+00 1.487599372864e+00 1.334991574287e+00 1.440035700798e+00 2.846532583237e+00 2.064330339432e+00 1.321668863297e+00 1.044001817703e+00 1.962861180305e+00 1.122527480125e+00 1.571065545082e+00 1.877186894417e+00 1.895888090134e+00 1.600045442581e+00 1.102247238159e+00 1.828067779541e+00 2.113879919052e+00 1.423313617706e+00 9.393684864044e-01
6.197575330734e-01 1.263425588608e+00 1.523977518082e+00 1.651560664177e+00 1.828485250473e+00 1.520389318466e+00 2.153644561768e+00 2.704585313797e+00 1.905557870865e+00 1.011038303375e+00 1.131875157356e+00 1.259373545647e+00 1.342999458313e+00 1.301408410072e+00 1.172847867012e+00 9.571586847305e-01 7.749400734901e-01 8.421038389206e-01 1.865670800209e+00 3.372236013412e+00 4.609996318817e+00 3.517896652222e+00 1.507266163826e+00 2.294630527496e+00 1.412650942802e+00 1.397819876671e+00 1.197994828224e+00 1.547407627106e+00 2.550064325333e+00 2.049412012100e+00 1.334004044533e+00 1.085915803909e+00 2.273193120956e+00 1.679227948189e+00 1.989201188087e+00 1.964636802673e+00 1.630490422249e+00 1.128629088402e+00 1.242875695229e+00 1.724529147148e+00 2.592234134674e+00 1.656054973602e+00 8.989301919937e-01
7.827320098877e-01 1.388734579086e+00 1.300371408463e+00 1.286540865898e+00 1.583468437195e+00 1.531002879143e+00 2.124187707901e+00 2.590805292130e+00 1.714573502541e+00 1.116764068604e+00 1.266054987907e+00 1.440883159637e+00 1.461816310883e+00 1.362004876137e+00 1.162473201752e+00 1.075755596161e+00 1.037109613419e+00 1.296302080154e+00 2.514476060867e+00 4.028185367584e+00 4.777724742889e+00 3.217626333237e+00 1.921116709709e+00 2.911176919937e+00 2.048739671707e+00 1.292608141899e+00 1.133978724480e+00 2.865469932556e+00 4.029850006104e+00 2.615779161453e+00 1.477732181549e+00 1.267609238625e+00 2.494178295135e+00 1.968866705894e+00 1.966344952583e+00 1.632380127907e+00 1.138681650162e+00 1.247765779495e+00 1.807301998138e+00 2.280492305756e+00 2.668979883194e+00 1.932278990746e+00 9.541618227959e-01
7.969310879707e-01 1.591559648514e+00 1.642328500748e+00 1.187981605530e+00 1.153844714165e+00 1.285731434822e+00 2.098981142044e+00 2.538657426834e+00 1.600924968719e+00 1.209413409233e+00 1.428221344948e+00 1.525738120079e+00 1.478000640869e+00 1.307658195496e+00 1.190088152885e+00 1.383946537971e+00 1.543167591095e+00 1.707119345665e+00 3.076052904129e+00 4.368763923645e+00 4.693112373352e+00 2.896254539490e+00 2.091182947159e+00 3.204169750214e+00 2.494752645493e+00 1.591822147369e+00 1.143997430801e+00 4.351544380188e+00 5.646362781525e+00 3.073655128479e+00 1.614274144173e+00 1.445185899734e+00 2.458559751511e+00 1.809591174126e+00 1.760358929634e+00 1.252272605896e+00 1.197031617165e+00 1.782082080841e+00 2.353230714798e+00 2.598802566528e+00 2.354896783829e+00 2.447021961212e+00 1.079717040062e+00
6.920500993729e-01 1.510043144226e+00 1.873884916306e+00 1.703025937080e+00 1.131253361702e+00 1.125770449638e+00 2.080129146576e+00 2.521618127823e+00 1.544405341148e+00 1.359272122383e+00 1.513607382774e+00 1.530754446983e+00 1.404869318008e+00 1.198396682739e+00 1.265760302544e+00 1.474159836769e+00 1.996592879295e+00 2.041097402573e+00 3.387567520142e+00 4.302094936371e+00 4.264232635498e+00 2.519572257996e+00 2.142183780670e+00 3.067432641983e+00 2.693780899048e+00 1.841035723686e+00 1.446206450462e+00 5.609682083130e+00 6.586312294006e+00 3.393006086349e+00 1.788731813431e+00 1.379810929298e+00 2.491936683655e+00 1.638702630997e+00 1.931581020355e+00 1.844359993935e+00 1.789725542068e+00 2.399445295334e+00 2.759986639023e+00 2.610149145126e+00 1.919506788254e+00 3.041179180145e+00 1.263931155205e+00
7.109038233757e-01 1.259191989899e+00 1.772790908813e+00 2.003258228302e+00 1.707010388374e+00 1.147204756737e+00 2.088280916214e+00 2.521492719650e+00 1.511986017227e+00 1.437267184258e+00 1.517652750015e+00 1.456534504890e+00 1.575780034065e+00 1.717668294907e+00 1.798146009445e+00 1.825153827667e+00 2.170411109924e+00 2.353242397308e+00 3.481505870819e+00 3.992016792297e+00 3.699590444565e+00 2.154238939285e+00 1.942944288254e+00 2.684472322464e+00 2.603950262070e+00 1.894319772720e+00 1.566937446594e+00 6.364626884460e+00 6.998146057129e+00 3.522515058517e+00 1.567836403847e+00 1.220076560974e+00 2.701014995575e+00 1.625973463058e+00 1.977001428604e+00 1.928068280220e+00 2.491544485092e+00 2.869588851929e+00 2.809265613556e+00 2.252160787582e+00 1.653077840805e+00 3.310170412064e+00 1.654176950455e+00
7.177912592888e-01 1.435734391212e+00 1.481731891632e+00 1.923132538795e+00 2.100185632706e+00 1.687906384468e+00 2.072296619415e+00 2.484839439392e+00 1.465270638466e+00 1.451741099358e+00 1.583049058914e+00 1.853797197342e+00 2.057252645493e+00 2.171719551086e+00 2.226293325424e+00 2.248427152634e+00 2.227363109589e+00 2.871463537216e+00 4.020847797394e+00 4.256315231323e+00 3.575376033783e+00 2.640576839447e+00 1.850707292557e+00 2.292096376419e+00 2.350479364395e+00 1.689526319504e+00 1.821574211121e+00 6.715985298157e+00 7.161228656769e+00 3.457076072693e+00 1.485239028931e+00 1.292615056038e+00 2.643648147583e+00 1.658641338348e+00 2.202393770218e+00 2.671708345413e+00 2.981217145920e+00 2.926399469376e+00 2.429837226868e+00 1.861769437790e+00 1.875025510788e+00 3.188216447830e+00 2.152795553207e+00
6.101069450378e-01 1.283363103867e+00 1.534308671951e+00 1.607445478439e+00 2.080578804016e+00 2.189364910126e+00 2.011849880219e+00 2.397716522217e+00 1.410336971283e+00 1.706960678101e+00 1.986697912216e+00 2.215709924698e+00 2.373884201050e+00 2.465846061707e+00 2.499138116837e+00 2.497604131699e+00 2.474753379822e+00 3.829745292664e+00 5.225293636322e+00 5.418579578400e+00 4.662752628326e+00 3.650147199631e+00 2.668049812317e+00 1.946011424065e+00 2.600674867630e+00 2.492917060852e+00 2.225566387177e+00 6.449568271637e+00 6.346680164337e+00 3.152479648590e+00 1.836274027824e+00 2.168839216232e+00 2.441114902496e+00 2.650561094284e+00 3.007126331329e+00 3.143583297729e+00 3.016824007034e+00 2.546285390854e+00 2.485207319260e+00 2.889479637146e+00 2.163486957550e+00 2.734111785889e+00 2.614116191864e+00
4.930505454540e-01 9.678890705109e-01 1.281741142273e+00 1.514432191849e+00 1.766306042671e+00 2.232508420944e+00 2.240742444992e+00 2.271063327789e+00 1.751495122910e+00 2.036071538925e+00 2.240965366364e+00 2.372731924057e+00 2.452709197998e+00 2.498297214508e+00 2.504489660263e+00 2.495214462280e+00 2.499086618423e+00 4.226670742035e+00 5.698463916779e+00 5.804849624634e+00 5.008943557739e+00 4.072796821594e+00 3.180651426315e+00 2.326573610306e+00 3.507503747940e+00 3.390516757965e+00 2.858032464981e+00 5.627682209015e+00 4.998841762543e+00 2.687483549118e+00 3.209584474564e+00 3.615744829178e+00 3.596951961517e+00 3.472377538681e+00 3.428604841232e+00 3.264269590378e+00 3.159495353699e+00 2.992716789246e+00 2.733334541321e+00 3.898933172226e+00 2.438108682632e+00 2.088604211807e+00 3.370666265488e+00
6.243355870247e-01 1.222187280655e+00 1.202933192253e+00 1.169599294662e+00 1.430771589279e+00 1.923089265823e+00 2.392535448074e+00 2.280524492264e+00 1.950624108315e+00 2.167905092239e+00 2.277920007706e+00 2.314526319504e+00 2.299665689468e+00 2.249999761581e+00 2.194660902023e+00 2.187154531479e+00 2.246173620224e+00 3.890706777573e+00 5.140281200409e+00 5.302983760834e+00 4.751745700836e+00 4.023023605347e+00 3.318389892578e+00 2.622611045837e+00 3.476914882660e+00 3.590376615524e+00 3.169241905212e+00 4.619646072388e+00 3.665253400803e+00 2.801984548569e+00 3.773259639740e+00 4.263175964355e+00 4.065687179565e+00 3.712202548981e+00 3.291594982147e+00 3.090257883072e+00 2.913043260574e+00 2.709188699722e+00 2.472151756287e+00 4.117616653442e+00 3.786455154419e+00 2.158288717270e+00 3.832879543304e+00
8.037410974503e-01 1.606418013573e+00 1.613613247871e+00 1.582879185677e+00 1.528246045113e+00 1.500120162964e+00 2.105634689331e+00 2.560862779617e+00 2.263039588928e+00 2.123925209045e+00 2.152877569199e+00 2.107850551605e+00 2.015848875046e+00 1.893184423447e+00 1.786984324455e+00 1.764554142952e+00 1.835813641548e+00 3.082687139511e+00 3.961737632751e+00 4.170271873474e+00 3.896118640900e+00 3.496146678925e+00 3.085493564606e+00 2.645030736923e+00 2.737289667130e+00 2.981678009033e+00 2.910736322403e+00 4.631883144379e+00 2.699549913406e+00 2.878246307373e+00 3.727129459381e+00 4.140776634216e+00 3.963976621628e+00 3.279215812683e+00 2.393985509872e+00 2.623404741287e+00 2.159127950668e+00 2.284139633179e+00 2.223505496979e+00 3.403643369675e+00 5.044155120850e+00 2.191846847534e+00 3.861094236374e+00
8.140487670898e-01 1.652940034866e+00 1.711112976074e+00 1.794143915176e+00 1.855278849602e+00 1.869671225548e+00 1.891245245934e+00 2.309599161148e+00 2.681244850159e+00 2.150453329086e+00 1.937972545624e+00 1.839941620827e+00 1.713239431381e+00 1.632369875908e+00 1.755428433418e+00 1.796656250954e+00 1.904444098473e+00 2.640351295471e+00 2.784945726395e+00 2.979799270630e+00 2.914938926697e+00 2.704594135284e+00 2.526726484299e+00 2.395118236542e+00 2.290596008301e+00 2.244078874588e+00 2.999225139618e+00 4.914271354675e+00 3.320339679718e+00 3.248816251755e+00 3.871239662170e+00 3.930170059204e+00 3.276392459869e+00 3.244919776917e+00 1.768878936768e+00 3.106721639633e+00 2.871319532394e+00 2.660078525543e+00 2.281950950623e+00 2.393228292465e+00 5.725660800934e+00 3.139438629150e+00 3.432492733002e+00
9.140447378159e-01 1.578451752663e+00 1.553642511368e+00 1.621886134148e+00 1.710524559021e+00 1.884903311729e+00 1.996908068657e+00 2.098325014114e+00 2.475838422775e+00 2.615840196609e+00 2.169573545456e+00 2.145773410797e+00 2.164429664612e+00 1.961366772652e+00 1.815980792046e+00 1.985019922256e+00 2.170721530914e+00 2.721282958984e+00 2.744159936905e+00 2.272522211075e+00 1.999493598938e+00 2.340029716492e+00 2.916613340378e+00 3.027066230774e+00 2.731864690781e+00 2.240407466888e+00 3.324611902237e+00 5.014685153961e+00 3.343323707581e+00 3.512866258621e+00 3.693901538849e+00 3.785418272018e+00 4.047544002533e+00 3.619431018829e+00 2.264958858490e+00 3.490644216537e+00 3.201152801514e+00 2.650458335876e+00 1.996898651123e+00 2.330098152161e+00 5.500869274139e+00 4.809472084045e+00 2.649491071701e+00
1.046046733856e+00 1.927503585815e+00 2.078283309937e+00 1.794897556305e+00 1.631275773048e+00 1.762439131737e+00 1.798392534256e+00 1.734187006950e+00 1.901761770248e+00 2.415735960007e+00 2.655854940414e+00 2.728179216385e+00 2.674068450928e+00 2.464663743973e+00 2.338169574738e+00 2.252657175064e+00 2.194620609283e+00 2.729850053787e+00 2.862292289734e+00 2.519461631775e+00 2.042934179306e+00 1.874966979027e+00 2.060589790344e+00 2.293917894363e+00 2.349495410919e+00 2.378607511520e+00 2.915028095245e+00 4.830026149750e+00 3.442888259888e+00 2.987019538879e+00 3.418955087662e+00 3.927292346954e+00 4.368768215179e+00 3.712343931198e+00 2.610492706299e+00 3.848710536957e+00 3.076218128204e+00 2.391109704971e+00 1.810272336006e+00 2.129784107208e+00 4.435656070709e+00 6.504648685455e+00 2.903944969177e+00
1.029133677483e+00 2.018861293793e+00 2.402299404144e+00 2.264823675156e+00 1.716601848602e+00 1.316348075867e+00 1.594739913940e+00 1.805516362190e+00 1.935742378235e+00 1.953631758690e+00 2.626110553741e+00 2.907540559769e+00 2.734777927399e+00 2.740654468536e+00 2.764730215073e+00 2.725437402725e+00 2.415116071701e+00 2.709928035736e+00 2.960818052292e+00 2.693502902985e+00 1.990885615349e+00 2.434437036514e+00 2.302998065948e+00 2.382950544357e+00 2.117823123932e+00 2.083539962769e+00 2.191637754440e+00 4.485514640808e+00 4.078172683716e+00 3.230830430984e+00 3.143921613693e+00 3.332585573196e+00 4.112890720367e+00 3.665912151337e+00 2.960664749146e+00 3.712698698044e+00 2.690409421921e+00 2.152833938599e+00 2.035981893539e+00 1.902791619301e+00 3.036870479584e+00 7.610718727112e+00 3.040674209595e+00
