VariationalSeries/SI/f49_max.grd
DSAA
101	101
32.816463539100	34.260883539100
35.556306596100	36.727886596100
2.709522377700e-03	4.910785827637e+02
[rows 57 to 75 of 101, columns 0 to 42 of 101]
1.525474488735e-01 2.503528296947e-01 2.743062674999e-01 2.748149931431e-01 2.782663404942e-01 3.403056859970e-01 3.821059167385e-01 4.199094176292e-01 4.553603231907e-01 4.663749933243e-01 4.662291705608e-01 6.567389965057e-01 1.121591925621e+00 6.130406260490e-01 4.355446100235e-01 6.525748968124e-01 5.853413343430e-01 6.809920072556e-01 8.249397873878e-01 8.361676931381e-01 8.493156433105e-01 6.670635938644e-01 4.591608345509e-01 4.047238230705e-01 4.401709437370e-01 6.088378429413e-01 9.660055041313e-01 1.191833376884e+00 8.987150788307e-01 5.399567484856e-01 4.298766553402e-01 3.407223820686e-01 3.562754988670e-01 4.380972385406e-01 5.135967731476e-01 6.496557593346e-01 7.522605061531e-01 8.036772608757e-01 1.312147021294e+00 1.769869685173e+00 1.539859890938e+00 1.381401419640e+00 1.555791378021e+00
1.941218227148e-01 3.174688220024e-01 3.620796501637e-01 3.676337003708e-01 3.642901182175e-01 3.550854027271e-01 3.510594069958e-01 3.684150576591e-01 3.845003545284e-01 6.288328766823e-01 2.031148672104e+00 2.349380970001e+00 8.779632449150e-01 4.508180320263e-01 4.526930451393e-01 4.152321815491e-01 4.559683203697e-01 4.530560672283e-01 5.346558690071e-01 6.768432855606e-01 8.244692683220e-01 8.835552930832e-01 6.204955577850e-01 3.866941034794e-01 4.463516771793e-01 6.784226298332e-01 1.018238663673e+00 1.087074398994e+00 1.105795264244e+00 7.076732516289e-01 4.267329275608e-01 3.908736705780e-01 3.724919557571e-01 4.535481333733e-01 5.357232689857e-01 5.547308325768e-01 5.686737895012e-01 5.824946761131e-01 5.848866105080e-01 6.313776969910e-01 7.841346263885e-01 1.083763360977e+00 1.255326986313e+00
2.585442364216e-01 4.245596826077e-01 5.047075748444e-01 7.172085642815e-01 8.998362421989e-01 1.124804258347e+00 1.467418670654e+00 2.138241529465e+00 3.949292898178e+00 5.605546474457e+00 3.736452817917e+00 9.509382843971e-01 6.529150009155e-01 5.724272131920e-01 4.177189469337e-01 4.282472729683e-01 4.516674578190e-01 4.430622160435e-01 4.363465905190e-01 4.717283844948e-01 7.958905696869e-01 9.037555456161e-01 6.436411738396e-01 3.729836344719e-01 2.894673943520e-01 4.444404840469e-01 6.272758245468e-01 6.613580584526e-01 6.721976399422e-01 5.520025491714e-01 3.926846086979e-01 4.075962603092e-01 3.883975744247e-01 4.369395673275e-01 5.268080830574e-01 5.457349419594e-01 5.191608071327e-01 4.755139350891e-01 4.297246038914e-01 4.815503358841e-01 6.229308247566e-01 7.901121973991e-01 1.064317345619e+00
2.527104318142e-01 5.137854218483e-01 8.512760996819e-01 1.166512846947e+00 1.439077377319e+00 1.876123547554e+00 2.703297615051e+00 4.030389785767e+00 4.061753749847e+00 1.885249376297e+00 4.689390659332e-01 5.457776188850e-01 5.919342041016e-01 5.254813432693e-01 4.602921605110e-01 4.826671779156e-01 4.824675023556e-01 4.620182514191e-01 3.719598948956e-01 3.689055442810e-01 5.728005170822e-01 6.400780081749e-01 4.771001636982e-01 3.006851375103e-01 2.325003445148e-01 2.514057755470e-01 3.361531496048e-01 4.152099490166e-01 4.714843928814e-01 4.209889173508e-01 3.855071067810e-01 3.562090694904e-01 3.810907304287e-01 4.225510656834e-01 5.061898827553e-01 5.185781121254e-01 4.689966142178e-01 4.011723697186e-01 3.728119432926e-01 4.128164947033e-01 5.984143614769e-01 7.336517572403e-01 9.743328094482e-01
1.540118604898e-01 2.681682705879e-01 3.271414041519e-01 3.439504802227e-01 3.447394669056e-01 3.437741100788e-01 3.413667380810e-01 3.346581459045e-01 3.291024267673e-01 3.228337168694e-01 3.036176264286e-01 3.195891976357e-01 3.376132547855e-01 4.316281676292e-01 4.847196936607e-01 5.056625604630e-01 4.857502877712e-01 4.306037425995e-01 3.186587393284e-01 2.615948319435e-01 3.201337456703e-01 3.326495289803e-01 2.635621726513e-01 1.965384483337e-01 1.738190948963e-01 1.854916214943e-01 2.376330345869e-01 2.860158085823e-01 3.490248620510e-01 3.762049376965e-01 3.564615845680e-01 3.187712728977e-01 3.648239970207e-01 4.413460493088e-01 5.258162617683e-01 5.087978839874e-01 4.227299392223e-01 3.386510908604e-01 3.768156468868e-01 4.202084839344e-01 5.980446338654e-01 7.429526448250e-01 9.148107767105e-01
7.308393716812e-02 1.360218077898e-01 1.759314537048e-01 1.939546614885e-01 2.010965794325e-01 2.072225660086e-01 2.130870819092e-01 2.175164520741e-01 2.244960516691e-01 2.315143793821e-01 2.271299064159e-01 2.136275321245e-01 2.093478292227e-01 2.773663401604e-01 3.256257474422e-01 3.423052728176e-01 3.109098076820e-01 2.764564156532e-01 2.337837368250e-01 2.043318152428e-01 1.705647557974e-01 1.593491882086e-01 1.320756822824e-01 1.473645269871e-01 1.736899614334e-01 1.825218945742e-01 1.966322809458e-01 2.378355860710e-01 2.949401736259e-01 3.231191337109e-01 3.187854886055e-01 3.012361526489e-01 3.624639809132e-01 4.857375919819e-01 5.639997124672e-01 5.097961425781e-01 3.829006254673e-01 3.343226015568e-01 3.851336240768e-01 4.362243115902e-01 5.776122212410e-01 6.824729442596e-01 7.845126986504e-01
4.943306744099e-02 8.324377983809e-02 1.038867011666e-01 1.195843741298e-01 1.286211609840e-01 1.366756856441e-01 1.443863362074e-01 1.508941501379e-01 1.588163226843e-01 1.668876558542e-01 1.679875105619e-01 1.625752151012e-01 1.563928723335e-01 1.507826447487e-01 1.510215699673e-01 1.712586581707e-01 1.805958151817e-01 1.781626939774e-01 1.635244935751e-01 1.548918932676e-01 1.388881206512e-01 1.302295029163e-01 1.138306930661e-01 1.495295166969e-01 1.841831654310e-01 2.015798687935e-01 2.002522200346e-01 1.991031467915e-01 2.432118207216e-01 2.709136903286e-01 2.778248488903e-01 2.763169109821e-01 3.662634193897e-01 5.110836625099e-01 5.642206072807e-01 4.725325405598e-01 3.350064456463e-01 3.349976241589e-01 4.013063311577e-01 4.488631486893e-01 5.207630991936e-01 5.983199477196e-01 6.121110916138e-01
4.040363803506e-02 6.804801523685e-02 8.570408821106e-02 9.567496925592e-02 1.003510728478e-01 1.055490896106e-01 1.093983650208e-01 1.106376349926e-01 1.161220222712e-01 1.207696273923e-01 1.217587515712e-01 1.197213009000e-01 1.177030950785e-01 1.149672046304e-01 1.185156926513e-01 1.361342966557e-01 1.447112560272e-01 1.428534984589e-01 1.321734189987e-01 1.229501962662e-01 1.344498544931e-01 1.303912997246e-01 1.122058108449e-01 1.488216221333e-01 1.876129806042e-01 2.112079709768e-01 2.137900143862e-01 2.068626135588e-01 2.137432843447e-01 2.346118241549e-01 2.445838898420e-01 2.542710304260e-01 3.627079725266e-01 4.978487491608e-01 5.136246085167e-01 4.060964584351e-01 3.151587247849e-01 3.444990813732e-01 4.186548292637e-01 4.405909180641e-01 4.602437019348e-01 4.966179132462e-01 4.549242556095e-01
3.981490433216e-02 6.374567002058e-02 8.072764426470e-02 8.839777857065e-02 9.161219745874e-02 9.450314939022e-02 9.560885280371e-02 9.370487928391e-02 9.161362797022e-02 9.286832809448e-02 9.291911125183e-02 9.653221815825e-02 9.940712898970e-02 1.017575040460e-01 1.045603379607e-01 1.102186590433e-01 1.178842261434e-01 1.180314645171e-01 1.191840767860e-01 1.175215765834e-01 1.231892332435e-01 1.284918785095e-01 1.139545813203e-01 1.406561434269e-01 1.775589436293e-01 2.020103484392e-01 2.060862034559e-01 2.027266621590e-01 2.144340574741e-01 2.209832966328e-01 2.253469377756e-01 2.364806085825e-01 3.389033079147e-01 4.456178247929e-01 4.341947734356e-01 3.483715951443e-01 3.057760298252e-01 3.678927421570e-01 4.223276972771e-01 4.107426106930e-01 3.993426859379e-01 4.012910723686e-01 3.680677413940e-01
3.716424107552e-02 5.896977335215e-02 7.387010753155e-02 8.033438771963e-02 8.305072784424e-02 8.517244458199e-02 8.548848330975e-02 8.370722830296e-02 8.140584081411e-02 8.671795576811e-02 9.200176596642e-02 9.680149704218e-02 1.010628342628e-01 1.046565845609e-01 1.079386919737e-01 1.111300513148e-01 1.134849563241e-01 1.138682216406e-01 1.116159334779e-01 1.116577982903e-01 1.117020174861e-01 1.236165463924e-01 1.167463362217e-01 1.273751109838e-01 1.585451215506e-01 1.801137179136e-01 2.086064666510e-01 2.282963991165e-01 2.296731024981e-01 2.225771695375e-01 2.178666442633e-01 2.199233770370e-01 2.970442175865e-01 3.706067502499e-01 3.560748994350e-01 3.097854852676e-01 3.287978172302e-01 3.728049099445e-01 3.980508744717e-01 3.600751757622e-01 3.335569798946e-01 3.160611391068e-01 3.143292367458e-01
3.416423872113e-02 5.411575734615e-02 6.767638027668e-02 7.384014874697e-02 7.642106711864e-02 7.761407643557e-02 7.712746411562e-02 7.562674582005e-02 7.551199942827e-02 8.199024945498e-02 8.787140995264e-02 9.341885894537e-02 9.852947294712e-02 1.028239727020e-01 1.061791181564e-01 1.083910241723e-01 1.094354316592e-01 1.204435825348e-01 1.227588653564e-01 1.137015298009e-01 1.044497936964e-01 1.131584271789e-01 1.153144612908e-01 1.142991185188e-01 1.392372399569e-01 1.570518612862e-01 1.899875551462e-01 2.211656421423e-01 2.288467735052e-01 2.216661721468e-01 2.129864841700e-01 2.130417823792e-01 2.367208153009e-01 2.871735692024e-01 2.826400399208e-01 2.620633542538e-01 2.833999991417e-01 3.148719370365e-01 3.253252804279e-01 2.825708687305e-01 2.608866691589e-01 2.420717775822e-01 2.375745922327e-01
3.163396194577e-02 5.018561333418e-02 6.301981955767e-02 6.916339695454e-02 7.139489054680e-02 7.157650589943e-02 7.050517946482e-02 6.942214071751e-02 7.120208442211e-02 7.376959919930e-02 7.981086522341e-02 8.555109053850e-02 9.087899327278e-02 9.537762403488e-02 9.869939833879e-02 1.060183867812e-01 1.155990660191e-01 1.300143152475e-01 1.362628340721e-01 1.323996186256e-01 1.210308894515e-01 1.074824929237e-01 1.094763427973e-01 1.107743605971e-01 1.237958818674e-01 1.380383819342e-01 1.420685499907e-01 1.718117445707e-01 1.946709305048e-01 2.018526643515e-01 1.997639685869e-01 2.050144970417e-01 2.109623402357e-01 2.169856578112e-01 2.095383703709e-01 2.031430751085e-01 2.201830148697e-01 2.515006363392e-01 2.696166634560e-01 2.236714512110e-01 1.968506425619e-01 1.756626218557e-01 1.967838257551e-01
2.978210337460e-02 4.739104583859e-02 5.975541099906e-02 6.557404249907e-02 6.709511578083e-02 6.658133864403e-02 6.549423187971e-02 6.568294763565e-02 6.591509282589e-02 6.830772012472e-02 6.931772083044e-02 7.487795501947e-02 8.000082522631e-02 8.439982682467e-02 9.079051017761e-02 1.001089289784e-01 1.170921102166e-01 1.335512399673e-01 1.446249932051e-01 1.478627771139e-01 1.436610668898e-01 1.348970830441e-01 1.243275702000e-01 1.145784929395e-01 1.118697747588e-01 1.235703527927e-01 1.256707310677e-01 1.224488466978e-01 1.501206308603e-01 1.723630428314e-01 1.870245933533e-01 1.976867467165e-01 2.038955688477e-01 1.967666894197e-01 1.779275983572e-01 1.736183315516e-01 1.941115856171e-01 2.378284931183e-01 2.777644693851e-01 2.518939673901e-01 1.867255121469e-01 1.658059507608e-01 1.883057951927e-01
2.906292676926e-02 4.617183282971e-02 5.799699202180e-02 6.310363858938e-02 6.386747211218e-02 6.298566609621e-02 6.325491517782e-02 6.401892006397e-02 6.342540681362e-02 6.427578628063e-02 6.371229887009e-02 7.012518495321e-02 7.711192965508e-02 8.434083312750e-02 9.070434421301e-02 1.018495559692e-01 1.185234040022e-01 1.353155374527e-01 1.503483653069e-01 1.596039235592e-01 1.610691994429e-01 1.568893939257e-01 1.498508602381e-01 1.426577866077e-01 1.384059190750e-01 1.357564181089e-01 1.308564841747e-01 1.256178170443e-01 1.483540385962e-01 1.664917171001e-01 1.799802035093e-01 1.920949220657e-01 1.982563138008e-01 1.849433630705e-01 1.772308647633e-01 1.750190407038e-01 1.954001784325e-01 2.292273640633e-01 2.667667269707e-01 2.441769987345e-01 1.897718459368e-01 1.647037416697e-01 1.871464699507e-01
2.947632968426e-02 4.657082632184e-02 5.795491486788e-02 6.238534674048e-02 6.259861588478e-02 6.136756390333e-02 6.221941486001e-02 6.174775958061e-02 6.169016659260e-02 6.182219460607e-02 6.568063795567e-02 7.225793600082e-02 7.868514209986e-02 8.478055149317e-02 8.966967463493e-02 1.043234542012e-01 1.230984106660e-01 1.407627910376e-01 1.577800363302e-01 1.701117157936e-01 1.740819215775e-01 1.713798642159e-01 1.648545265198e-01 1.567467451096e-01 1.500889807940e-01 1.436174213886e-01 1.329404413700e-01 1.263347268105e-01 1.450788080692e-01 1.608298420906e-01 1.742631196976e-01 1.870527118444e-01 1.911037713289e-01 1.755251139402e-01 1.794113218784e-01 1.878146082163e-01 1.995969265699e-01 2.217483967543e-01 2.404958456755e-01 2.130729258060e-01 1.795294284821e-01 1.527748554945e-01 1.732254326344e-01
3.016394563019e-02 4.750184714794e-02 5.866474285722e-02 6.269592046738e-02 6.259407103062e-02 6.102230772376e-02 6.299822777510e-02 6.474494189024e-02 6.573379039764e-02 6.588084995747e-02 6.531241536140e-02 6.942751258612e-02 7.816246896982e-02 8.737312257290e-02 9.024569392204e-02 1.017818003893e-01 1.253679096699e-01 1.456251442432e-01 1.616791337729e-01 1.718586832285e-01 1.741662919521e-01 1.694852411747e-01 1.606516540051e-01 1.502462774515e-01 1.404865980148e-01 1.307502835989e-01 1.171198710799e-01 1.259980946779e-01 1.420620232821e-01 1.561984717846e-01 1.689883172512e-01 1.795662790537e-01 1.795002073050e-01 1.670051813126e-01 1.801219582558e-01 2.190783321857e-01 2.063704133034e-01 2.238347679377e-01 2.146816700697e-01 1.840905994177e-01 1.620039492846e-01 1.396147310734e-01 1.567783057690e-01
2.969402074814e-02 4.660991206765e-02 5.722487345338e-02 6.093870475888e-02 6.081930920482e-02 6.087403744459e-02 6.224410608411e-02 6.301264464855e-02 6.319995969534e-02 6.281653046608e-02 6.453751772642e-02 7.251480221748e-02 8.439795672894e-02 9.446989744902e-02 9.738506376743e-02 9.511077404022e-02 1.194600164890e-01 1.400758177042e-01 1.517170071602e-01 1.559486538172e-01 1.539271622896e-01 1.456492096186e-01 1.344989687204e-01 1.247653961182e-01 1.168614849448e-01 1.097419857979e-01 1.111462637782e-01 1.247721239924e-01 1.389154195786e-01 1.515662819147e-01 1.625480353832e-01 1.686099171638e-01 1.639076024294e-01 1.599888950586e-01 1.847718954086e-01 2.008460313082e-01 2.034768313169e-01 2.246511876583e-01 2.169566899538e-01 1.775181740522e-01 1.536219269037e-01 1.413295269012e-01 1.517590433359e-01
2.719673700631e-02 4.241286590695e-02 5.176044255495e-02 5.498762056231e-02 6.036414951086e-02 6.283967196941e-02 6.161931529641e-02 5.824557319283e-02 5.482167750597e-02 5.998985841870e-02 6.563357263803e-02 7.595136016607e-02 8.979185670614e-02 1.002312898636e-01 1.030647531152e-01 1.011778637767e-01 1.091627478600e-01 1.266733855009e-01 1.332331597805e-01 1.319141983986e-01 1.255297660828e-01 1.139747500420e-01 1.102471798658e-01 1.308399289846e-01 1.330690383911e-01 1.279767304659e-01 1.257314682007e-01 1.264898478985e-01 1.348097920418e-01 1.457678824663e-01 1.533962190151e-01 1.536556929350e-01 1.444125920534e-01 1.476026922464e-01 1.685425043106e-01 2.341548204422e-01 2.062782049179e-01 2.886697351933e-01 2.566551566124e-01 2.170520573854e-01 1.842395216227e-01 1.519877761602e-01 1.702621132135e-01
2.891010604799e-02 4.258575662971e-02 5.221290886402e-02 6.061696261168e-02 6.663169711828e-02 6.796234846115e-02 6.592188775539e-02 6.219877675176e-02 5.789652094245e-02 6.042135506868e-02 6.710109114647e-02 7.956518232822e-02 9.484107792377e-02 1.054500192404e-01 1.082322672009e-01 1.063719540834e-01 1.001113057137e-01 1.152827516198e-01 1.197330057621e-01 1.251277178526e-01 1.691282093525e-01 1.546845883131e-01 1.196410208941e-01 1.363794654608e-01 1.327696889639e-01 1.227053925395e-01 1.168774589896e-01 1.187266483903e-01 1.299611926079e-01 1.383804678917e-01 1.413073539734e-01 1.358679533005e-01 1.237181872129e-01 1.324489116669e-01 1.463768482208e-01 2.072371244431e-01 2.651809155941e-01 4.174142181873e-01 3.866336643696e-01 2.563046813011e-01 1.995786875486e-01 1.793304085732e-01 2.171106487513e-01
