VariationalSeries/SI/f49_max.grd
DSAA
101	101
32.816463539100	34.260883539100
35.556306596100	36.727886596100
2.709522377700e-03	4.910785827637e+02
[rows 57 to 75 of 101, columns 43 to 85 of 101]
1.931770324707e+00 2.324839830399e+00 1.208678960800e+00 1.356105685234e+00 1.336605668068e+00 2.091078042984e+00 2.282428503036e+00 3.521421194077e+00 2.701622009277e+00 1.464420199394e+00 1.062334656715e+00 8.832049965858e-01 6.560683250427e-01 1.123172283173e+00 5.180707454681e+00 1.719498443604e+01 3.500020217896e+01 3.507648468018e+01 6.221169662476e+01 1.695831680298e+01 4.811042308807e+00 3.812576532364e+00 6.651213169098e+00 1.220086574554e+01 2.088527297974e+01 1.906293487549e+01 2.081005668640e+01 1.675073432922e+01 2.111455345154e+01 1.991146850586e+01 2.080879402161e+01 1.554268360138e+01 1.594964313507e+01 2.250602912903e+01 1.401928138733e+01 8.842269897461e+00 1.026545047760e+01 1.408427333832e+01 1.766147994995e+01 1.281057262421e+01 5.367651939392e+00 4.946488857269e+00 4.769655227661e+00
1.536030173302e+00 3.696399688721e+00 9.782782793045e-01 1.048082947731e+00 1.033816814423e+00 1.528434038162e+00 2.884257078171e+00 9.146403312683e+00 7.238024234772e+00 1.579014539719e+00 9.904723167419e-01 6.829701662064e-01 5.307460427284e-01 5.268000364304e-01 1.092343568802e+00 1.041139507294e+01 1.198053264618e+01 1.200822925568e+01 9.699850082397e+00 9.680667877197e+00 6.752758502960e+00 5.121257781982e+00 3.955780029297e+00 2.534554719925e+00 6.501059532166e+00 1.265527439117e+01 2.247305870056e+01 2.335896301270e+01 2.535923767090e+01 1.365731906891e+01 1.808243751526e+01 1.628879165649e+01 1.399120712280e+01 1.275996971130e+01 1.295035743713e+01 9.630810737610e+00 9.478202819824e+00 1.108032703400e+01 1.081811904907e+01 9.852589607239e+00 1.018748092651e+01 1.065238857269e+01 9.943250656128e+00
1.319839358330e+00 1.492472052574e+00 8.856282234192e-01 9.495809674263e-01 9.610517621040e-01 1.385755419731e+00 4.124083042145e+00 2.183024215698e+01 1.788633728027e+01 2.547900438309e+00 1.034053683281e+00 5.873981118202e-01 4.116513729095e-01 3.760115504265e-01 3.904260993004e-01 4.803201556206e-01 6.229519248009e-01 8.682308793068e-01 1.722233057022e+00 1.445711851120e+00 1.665908694267e+00 1.917680501938e+00 1.269941926003e+00 1.281447052956e+00 3.195505619049e+00 1.476902103424e+01 2.537092208862e+01 2.934857559204e+01 2.813123703003e+01 2.827604675293e+01 1.830054664612e+01 1.581100749969e+01 1.333110046387e+01 1.264993572235e+01 1.769602012634e+01 1.528372764587e+01 1.269945049286e+01 7.950741767883e+00 8.236189842224e+00 6.881261348724e+00 6.200901031494e+00 5.646737098694e+00 4.911087989807e+00
1.212562084198e+00 1.085137009621e+00 8.542749881744e-01 9.575874209404e-01 1.068111658096e+00 1.399338722229e+00 2.864097976685e+01 1.234260654449e+01 1.362283802032e+01 1.929567217827e+00 9.048541784286e-01 5.637402534485e-01 3.744366765022e-01 3.055168092251e-01 2.922047078609e-01 3.088364005089e-01 3.701717555523e-01 4.880824983120e-01 6.674598455429e-01 8.185933232307e-01 9.023842215538e-01 1.832149267197e+00 9.455251693726e-01 8.722081780434e-01 2.664391756058e+00 5.844137191772e+00 2.095009803772e+01 2.440450859070e+01 2.493504142761e+01 2.683664131165e+01 2.286326980591e+01 1.741323852539e+01 1.221248722076e+01 1.547685050964e+01 1.062960529327e+01 9.376163482666e+00 7.761554718018e+00 6.405867576599e+00 6.008177757263e+00 6.013884067535e+00 6.207887649536e+00 9.137453079224e+00 1.240245723724e+01
1.022584199905e+00 7.917106151581e-01 8.366123437881e-01 1.010765194893e+00 1.720878839493e+00 2.707419157028e+00 7.915074825287e+00 1.831263542175e+01 6.516240596771e+00 1.039737939835e+00 6.549239754677e-01 4.794100821018e-01 3.408312201500e-01 2.560012042522e-01 2.347681671381e-01 2.350567877293e-01 2.567084729671e-01 3.435488641262e-01 4.734893143177e-01 5.422841310501e-01 5.493804216385e-01 1.126323819160e+00 6.855375766754e-01 7.817209362984e-01 1.641402959824e+00 5.497509956360e+00 1.488389205933e+01 2.002560997009e+01 2.128491783142e+01 1.656592750549e+01 1.261378192902e+01 1.803463554382e+01 1.234957218170e+01 8.513189315796e+00 9.613492965698e+00 1.259012413025e+01 1.136246395111e+01 7.660852432251e+00 7.119210243225e+00 6.913256168365e+00 6.775847434998e+00 7.891416072845e+00 9.510846138000e+00
7.383706569672e-01 6.152992248535e-01 7.666246891022e-01 1.719564914703e+00 5.003314018250e+00 1.078672122955e+01 1.400286674500e+01 8.588210105896e+00 9.294499158859e-01 6.314080953598e-01 4.613429009914e-01 3.839045166969e-01 2.999798953533e-01 2.430548965931e-01 2.138755172491e-01 2.221430987120e-01 2.326894551516e-01 2.833213508129e-01 4.090643525124e-01 5.040434598923e-01 5.360937714577e-01 5.520867705345e-01 5.560818314552e-01 8.264067769051e-01 1.986516475677e+00 5.172023296356e+00 6.326242923737e+00 6.243288040161e+00 1.252816486359e+01 1.444873619080e+01 1.701014709473e+01 1.090170383453e+01 1.397127437592e+01 1.023921108246e+01 1.179216575623e+01 1.383381271362e+01 2.748008728027e+01 1.728286552429e+01 1.018073368073e+01 7.962446212769e+00 8.178273200989e+00 8.024137496948e+00 7.743161678314e+00
4.835624098778e-01 5.015263557434e-01 6.332046985626e-01 7.977896332741e-01 1.970757365227e+00 1.128772354126e+01 6.916987419128e+00 9.447630047798e-01 5.517681837082e-01 4.919718503952e-01 4.141207635403e-01 3.496547043324e-01 2.762854695320e-01 2.331379652023e-01 2.071523964405e-01 2.273971438408e-01 2.390511631966e-01 2.327665090561e-01 3.354619443417e-01 4.288023412228e-01 4.852784574032e-01 4.830245971680e-01 5.866766571999e-01 9.446992278099e-01 2.935421943665e+00 5.847128868103e+00 3.490022420883e+00 4.575132369995e+00 4.349894046783e+00 2.189102554321e+01 3.176189804077e+01 1.745197105408e+01 9.670031547546e+00 1.296921062469e+01 5.259079456329e+00 5.473260879517e+00 1.999500656128e+01 9.653095245361e+00 7.736231803894e+00 5.846950054169e+00 6.001121997833e+00 6.686840057373e+00 7.320325374603e+00
3.971366286278e-01 4.344252943993e-01 5.105811357498e-01 6.448583006859e-01 7.113668918610e-01 1.003238439560e+00 1.109353661537e+00 7.591529488564e-01 4.052298665047e-01 4.170297682285e-01 3.647355139256e-01 3.348706364632e-01 2.737717330456e-01 2.237622141838e-01 2.258378565311e-01 2.296466827393e-01 2.438699603081e-01 2.455467432737e-01 2.817677259445e-01 3.625355660915e-01 4.271947145462e-01 4.570153057575e-01 4.863922894001e-01 7.725059390068e-01 2.159954071045e+00 1.352051496506e+00 1.354464292526e+00 2.106619834900e+00 4.822773456573e+00 9.473653793335e+00 1.003783035278e+01 1.275222396851e+01 2.008856010437e+01 1.089685153961e+01 1.041734790802e+01 7.904100418091e+00 8.192482948303e+00 6.931328773499e+00 3.818608760834e+00 4.647132873535e+00 4.533212184906e+00 4.797759056091e+00 6.062950611115e+00
3.124752640724e-01 3.516410589218e-01 4.204304814339e-01 5.157575011253e-01 5.538117885590e-01 6.130589842796e-01 6.467287540436e-01 4.085402786732e-01 3.519805371761e-01 3.682518303394e-01 3.424308001995e-01 2.962805032730e-01 2.494263947010e-01 2.255620658398e-01 2.197383046150e-01 2.508896589279e-01 2.501604557037e-01 2.148091644049e-01 2.483619749546e-01 3.159532248974e-01 3.747338950634e-01 4.353509247303e-01 5.981276035309e-01 6.333360075951e-01 6.401408314705e-01 8.933776617050e-01 8.588942289352e-01 2.094542741776e+00 2.940625667572e+00 3.932276725769e+00 8.198453903198e+00 1.426454162598e+01 1.080520629883e+01 1.978299140930e+01 1.266711711884e+01 7.184387207031e+00 6.044113636017e+00 5.388490200043e+00 6.388621807098e+00 6.055787086487e+00 7.561647891998e+00 7.359329223633e+00 8.606723785400e+00
2.874793708324e-01 2.903428077698e-01 3.257313668728e-01 3.635531663895e-01 3.916238844395e-01 3.850924670696e-01 3.688693642616e-01 3.592531383038e-01 3.887405395508e-01 3.840731978416e-01 3.580794334412e-01 3.132587373257e-01 2.577599287033e-01 2.311397343874e-01 2.085646539927e-01 2.047558277845e-01 2.300130277872e-01 2.327473610640e-01 2.345765829086e-01 2.839014530182e-01 3.294967114925e-01 3.900262415409e-01 5.708856582642e-01 6.447074413300e-01 6.935217976570e-01 1.444442868233e+00 1.979074835777e+00 2.531515121460e+00 3.536443948746e+00 3.837385416031e+00 8.419952392578e+00 1.579856777191e+01 7.511614799500e+00 8.076025009155e+00 1.449655628204e+01 1.256109809875e+01 8.520084381104e+00 7.348829269409e+00 8.840223312378e+00 4.601861000061e+00 6.163786888123e+00 7.212049007416e+00 8.567160606384e+00
2.374540567398e-01 2.722606658936e-01 2.852132618427e-01 2.824067473412e-01 3.164534568787e-01 3.512973785400e-01 3.786547780037e-01 3.362276852131e-01 3.177406191826e-01 3.276373147964e-01 3.516474068165e-01 3.507967889309e-01 3.038994967937e-01 2.612864375114e-01 2.478236109018e-01 2.270935922861e-01 1.958926916122e-01 2.116859406233e-01 2.406064420938e-01 2.668987512589e-01 2.938815653324e-01 3.408121764660e-01 4.864908754826e-01 4.791881144047e-01 5.478922128677e-01 1.297533631325e+00 2.762180089951e+00 3.724565505981e+00 5.221968650818e+00 2.746487379074e+00 8.247986793518e+00 4.152792930603e+00 4.414028644562e+00 5.213323593140e+00 8.459661483765e+00 9.159375190735e+00 1.177207756042e+01 1.090767478943e+01 7.830838203430e+00 6.663241386414e+00 5.178064346313e+00 5.573493480682e+00 4.318737506866e+00
2.349445521832e-01 2.591164410114e-01 2.573698759079e-01 2.568095922470e-01 2.745880186558e-01 3.148235082626e-01 3.409950137138e-01 3.048923611641e-01 2.438606917858e-01 2.611891627312e-01 2.826118469238e-01 3.186010122299e-01 3.322964012623e-01 2.785511314869e-01 2.652970850468e-01 3.248611986637e-01 2.885214686394e-01 2.291368693113e-01 2.502874732018e-01 2.615340352058e-01 3.182322382927e-01 3.530724644661e-01 3.830085694790e-01 4.892300963402e-01 5.691649913788e-01 9.552806019783e-01 1.978381156921e+00 2.371303796768e+00 3.247861623764e+00 1.846686124802e+00 4.026041030884e+00 3.140386104584e+00 5.120449542999e+00 3.175048828125e+00 6.330079078674e+00 4.582257747650e+00 7.135168552399e+00 8.880571365356e+00 8.036909103394e+00 1.098786544800e+01 1.013650321960e+01 8.166912078857e+00 7.017452716827e+00
2.255049645901e-01 2.431594878435e-01 2.334813773632e-01 2.332689017057e-01 2.344576418400e-01 2.353089153767e-01 2.608379721642e-01 2.468960732222e-01 2.994610965252e-01 3.239184021950e-01 2.961050570011e-01 2.926038503647e-01 3.157882392406e-01 3.308133482933e-01 3.105865418911e-01 4.009877145290e-01 3.577752709389e-01 2.713040709496e-01 2.739277184010e-01 2.692364752293e-01 3.093204200268e-01 3.350838422775e-01 3.793043196201e-01 5.041691660881e-01 5.940972566605e-01 8.538347482681e-01 1.283999562263e+00 1.466325163841e+00 1.594481229782e+00 2.019375085831e+00 3.538094520569e+00 5.316575050354e+00 3.517449617386e+00 8.812876701355e+00 2.961087942123e+00 3.935264110565e+00 7.649707794189e+00 1.079561901093e+01 5.347653865814e+00 6.024783611298e+00 3.994248390198e+00 7.226452827454e+00 6.443817138672e+00
2.006323635578e-01 2.162037938833e-01 2.075348645449e-01 2.004085481167e-01 1.861868053675e-01 1.906877309084e-01 2.011052370071e-01 2.741856873035e-01 3.402070403099e-01 3.496397137642e-01 3.091970980167e-01 3.262263536453e-01 3.611126840115e-01 3.548764288425e-01 3.548520207405e-01 3.723348677158e-01 3.991760909557e-01 4.690181612968e-01 4.191721677780e-01 3.770872950554e-01 3.767513632774e-01 4.061919450760e-01 4.845101535320e-01 5.136697888374e-01 6.059724092484e-01 7.351890802383e-01 1.220544815063e+00 1.195340752602e+00 2.368094205856e+00 4.703283786774e+00 5.730355739594e+00 2.773777246475e+00 2.796807050705e+00 8.705350875854e+00 4.504240512848e+00 5.568080425262e+00 4.976875305176e+00 6.379715442657e+00 4.648171424866e+00 1.812705636024e+00 1.734192013741e+00 2.340530395508e+00 4.497807025909e+00
1.841080635786e-01 1.840246915817e-01 1.822543591261e-01 1.793248802423e-01 1.837760359049e-01 1.965544372797e-01 2.063783407211e-01 2.549376189709e-01 2.859055995941e-01 2.758759558201e-01 3.244898915291e-01 3.480015099049e-01 3.367201387882e-01 3.516841232777e-01 4.747103452682e-01 6.593240499496e-01 7.486094832420e-01 9.436770677567e-01 9.389800429344e-01 1.022059321404e+00 7.253661751747e-01 6.776295900345e-01 7.843623161316e-01 6.577138304710e-01 7.534733414650e-01 1.040374398232e+00 3.074942827225e+00 2.867777585983e+00 3.064468860626e+00 4.080404281616e+00 2.105138540268e+00 2.216510772705e+00 3.043760776520e+00 1.753183603287e+00 9.244612693787e+00 1.273459911346e+01 1.133361911774e+01 2.711217641830e+00 1.289590477943e+00 1.077741861343e+00 1.053218960762e+00 1.240325927734e+00 1.308493614197e+00
1.706271469593e-01 1.766721755266e-01 1.694705933332e-01 1.819061189890e-01 1.985172927380e-01 2.273871749640e-01 2.278928309679e-01 2.606412768364e-01 2.929238677025e-01 3.450277149677e-01 3.569634258747e-01 4.220120012760e-01 4.405030906200e-01 4.060035049915e-01 1.015118956566e+00 3.643252372742e+00 2.882557392120e+00 1.615509390831e+00 1.812530040741e+00 2.273394584656e+00 1.686277985573e+00 8.695282936096e-01 1.009799718857e+00 1.263414859772e+00 1.232208848000e+00 2.306148529053e+00 3.230278968811e+00 2.818354368210e+00 2.342319250107e+00 2.069846153259e+00 2.356924772263e+00 2.259389400482e+00 1.687561869621e+00 1.416935086250e+00 2.392702102661e+00 1.084146690369e+01 1.125102043152e+01 2.326729536057e+00 8.544334769249e-01 8.722448348999e-01 8.012463450432e-01 7.707003355026e-01 1.254886984825e+00
1.705231517553e-01 1.833405196667e-01 2.288075685501e-01 2.555077075958e-01 2.342425584793e-01 3.875555694103e-01 4.550563991070e-01 4.668046832085e-01 4.019034504890e-01 4.077540636063e-01 4.458483457565e-01 5.578914880753e-01 5.544566512108e-01 2.006106615067e+00 1.437565326691e+01 1.829832077026e+01 8.632142066956e+00 4.587677001953e+00 3.704838991165e+00 2.944582939148e+00 1.440786361694e+00 1.385745286942e+00 2.988217830658e+00 6.366751670837e+00 5.228244304657e+00 2.788761615753e+00 3.275913000107e+00 2.672606468201e+00 2.828474760056e+00 1.996331930161e+00 5.038674831390e+00 2.015128374100e+00 1.496623635292e+00 1.064854621887e+00 7.276984453201e-01 2.248908281326e+00 2.472474813461e+00 6.086297035217e-01 4.248257279396e-01 5.003521442413e-01 6.193748116493e-01 6.936516761780e-01 6.496595144272e-01
2.050954550505e-01 3.217078745365e-01 4.376900494099e-01 4.753800034523e-01 6.161853075027e-01 8.183293938637e-01 8.035936355591e-01 7.084184885025e-01 6.083553433418e-01 4.691367149353e-01 5.994673371315e-01 6.614199280739e-01 3.527414321899e+00 1.963602256775e+01 2.714981651306e+01 9.584939956665e+00 2.866140365601e+00 1.771350860596e+00 1.852894902229e+00 1.628650069237e+00 1.524619340897e+00 3.465532302856e+00 6.834021091461e+00 9.023197174072e+00 7.255920410156e+00 3.717841148376e+00 2.605181217194e+00 1.868327736855e+00 1.733339786530e+00 1.512461662292e+00 2.142281055450e+00 9.440622925758e-01 1.084386944771e+00 8.817684054375e-01 5.568236708641e-01 3.320109546185e-01 2.774356007576e-01 2.738621532917e-01 2.847288548946e-01 3.549280464649e-01 4.769372940063e-01 6.044456362724e-01 6.196642518044e-01
3.381299078465e-01 5.041309595108e-01 6.685328483582e-01 9.644480347633e-01 1.859753012657e+00 1.826483607292e+00 2.532876014709e+00 1.966441750526e+00 2.237908124924e+00 1.331049323082e+00 7.200666069984e-01 4.552807807922e+00 1.846114540100e+01 1.850480842590e+01 4.883286476135e+00 1.437385439873e+00 2.629094362259e+00 3.474207162857e+00 2.530330181122e+00 2.905489206314e+00 3.505934715271e+00 3.570446729660e+00 5.158994674683e+00 4.231705188751e+00 2.832241535187e+00 2.226982831955e+00 1.390865683556e+00 5.470858216286e-01 5.701225996017e-01 5.406781435013e-01 6.938804984093e-01 5.091680884361e-01 4.552358388901e-01 3.183135092258e-01 3.259047567844e-01 3.327623903751e-01 3.440865278244e-01 3.619590997696e-01 3.857444226742e-01 4.165016114712e-01 4.228098690510e-01 5.058964490891e-01 6.605813503265e-01
