VariationalSeries/SI/f50.grd
DSAA
101	101
32.816463539100	34.260883539100
35.556306596100	36.727886596100
2.489429200068e-03	4.526439514160e+02
[rows 19 to 37 of 101, columns 0 to 42 of 101]
8.337368965149e-01 1.700241804123e+00 2.176258802414e+00 2.219431877136e+00 1.832076191902e+00 1.437806844711e+00 9.931352138519e-01 1.146059632301e+00 1.343632340431e+00 1.607962012291e+00 2.139869213104e+00 2.543444395065e+00 2.447454452515e+00 2.648227453232e+00 2.664728164673e+00 2.582003831863e+00 2.454288721085e+00 2.476394891739e+00 2.815575122833e+00 2.504119396210e+00 2.538208484650e+00 2.726765871048e+00 2.884660720825e+00 2.802336931229e+00 2.489123821259e+00 2.121138334274e+00 2.193917751312e+00 3.596791744232e+00 4.258618831635e+00 3.206454992294e+00 2.964317798615e+00 2.735684156418e+00 2.842875719070e+00 2.837191820145e+00 2.812874555588e+00 2.834428071976e+00 2.231167554855e+00 1.951482892036e+00 2.094449281693e+00 2.050074100494e+00 2.933165311813e+00 6.992469787598e+00 3.275344371796e+00
6.536539793015e-01 1.373871922493e+00 1.854033708572e+00 2.029961585999e+00 1.806665539742e+00 1.718202471733e+00 1.574538350105e+00 1.077990531921e+00 1.424420952797e+00 1.667904734612e+00 1.862648129463e+00 2.323020219803e+00 2.044235944748e+00 2.377463102341e+00 2.564478635788e+00 2.641908407211e+00 2.633701086044e+00 2.515496253967e+00 3.223287343979e+00 2.575073719025e+00 2.960114717484e+00 3.509873390198e+00 3.788298368454e+00 3.842506647110e+00 3.504546403885e+00 2.704803705215e+00 2.908038139343e+00 2.923613548279e+00 4.484059333801e+00 3.255305528641e+00 2.796569824219e+00 2.654671669006e+00 2.587304115295e+00 2.464708089828e+00 2.400108337402e+00 3.087264537811e+00 2.139961242676e+00 2.253060817719e+00 2.294074058533e+00 2.386809825897e+00 3.629078626633e+00 5.932933807373e+00 4.871431350708e+00
4.839133024216e-01 1.001385450363e+00 1.405353903770e+00 1.618761897087e+00 1.528947591782e+00 1.320105791092e+00 1.625709891319e+00 1.605009675026e+00 1.815762162209e+00 2.157570600510e+00 2.477584600449e+00 3.252679347992e+00 3.879794597626e+00 3.535022974014e+00 2.402180671692e+00 2.369092702866e+00 2.498668193817e+00 2.687702178955e+00 4.694328308105e+00 3.587224721909e+00 2.720234632492e+00 4.267417430878e+00 4.525630474091e+00 5.173697948456e+00 4.137693405151e+00 3.657835006714e+00 3.636955976486e+00 2.327095270157e+00 4.234671115875e+00 2.999328136444e+00 2.320346117020e+00 2.433052301407e+00 2.873694896698e+00 2.239563465118e+00 2.442691326141e+00 3.273646116257e+00 2.605193614960e+00 2.395234107971e+00 2.481292724609e+00 2.699979305267e+00 4.227259159088e+00 4.264497280121e+00 6.461381435394e+00
6.791982650757e-01 1.219926834106e+00 1.141205430031e+00 1.195514917374e+00 1.440797328949e+00 1.821268558502e+00 2.120921611786e+00 2.525282144547e+00 3.056483507156e+00 3.828992366791e+00 4.850443363190e+00 6.053736209869e+00 6.771736621857e+00 5.863069534302e+00 3.689690589905e+00 2.209307670593e+00 3.048406362534e+00 4.280716419220e+00 5.417192935944e+00 4.432535648346e+00 3.520857095718e+00 4.635256290436e+00 4.930539608002e+00 5.815085887909e+00 4.117442607880e+00 4.168378829956e+00 4.325684070587e+00 2.714521408081e+00 3.475448131561e+00 2.482696533203e+00 2.181327581406e+00 2.159653425217e+00 2.984752655029e+00 2.960310697556e+00 2.939384937286e+00 2.792157173157e+00 3.661270141602e+00 2.631866455078e+00 2.678160429001e+00 2.961272239685e+00 4.705923557281e+00 4.068483829498e+00 7.504795074463e+00
6.628448963165e-01 1.364336013794e+00 1.479109525681e+00 1.416165828705e+00 1.810273766518e+00 2.458897352219e+00 2.689231634140e+00 2.833347320557e+00 3.132626056671e+00 3.616620540619e+00 4.346250057220e+00 4.933892250061e+00 5.035121917725e+00 4.298971652985e+00 3.154079914093e+00 2.742171764374e+00 2.993702173233e+00 4.216414451599e+00 5.600369930267e+00 3.445467710495e+00 3.330958604813e+00 4.678710937500e+00 4.926181316376e+00 5.582336902618e+00 4.459877014160e+00 4.156205654144e+00 4.883124351501e+00 4.227299213409e+00 4.270886898041e+00 3.651867628098e+00 3.167698621750e+00 4.516307353973e+00 4.210092544556e+00 3.209549427032e+00 3.121612548828e+00 2.996715068817e+00 4.067674636841e+00 2.926286697388e+00 2.931198835373e+00 3.123798131943e+00 4.972577571869e+00 4.122716903687e+00 7.671320438385e+00
1.247016429901e+00 2.145000696182e+00 1.387968301773e+00 1.409442663193e+00 1.570094585419e+00 2.151247978210e+00 2.434843540192e+00 2.403107643127e+00 2.380347490311e+00 2.469191789627e+00 2.610081434250e+00 2.760439395905e+00 2.622085332870e+00 2.802993297577e+00 2.838337898254e+00 2.545535087585e+00 2.600139379501e+00 4.840856552124e+00 5.520822525024e+00 2.926267147064e+00 3.028957128525e+00 4.337849140167e+00 4.676394939423e+00 4.762456893921e+00 4.263420104980e+00 3.803989887238e+00 5.264634609222e+00 4.654317855835e+00 3.773921728134e+00 3.641558170319e+00 3.713937520981e+00 5.872399330139e+00 8.701776504517e+00 8.242230415344e+00 7.424071311951e+00 7.052155017853e+00 7.285780906677e+00 4.497878551483e+00 3.820903062820e+00 3.259970188141e+00 5.084411621094e+00 3.981156587601e+00 6.801220893860e+00
2.313035964966e+00 4.900212287903e+00 5.030633449554e+00 4.386070728302e+00 2.727968454361e+00 1.583501577377e+00 1.632630705833e+00 1.709830522537e+00 1.781455397606e+00 2.303700685501e+00 2.761624574661e+00 3.086354017258e+00 3.186401605606e+00 3.055939912796e+00 2.745757579803e+00 2.892624855042e+00 3.106642246246e+00 4.718947887421e+00 4.637998580933e+00 2.607850790024e+00 3.031450986862e+00 3.551333427429e+00 4.050487518311e+00 3.946163892746e+00 4.374851226807e+00 4.214828014374e+00 5.470012187958e+00 5.736034393311e+00 6.078790187836e+00 5.428501605988e+00 4.087485790253e+00 3.534317255020e+00 7.117264747620e+00 7.739614963531e+00 8.474514007568e+00 1.017893981934e+01 1.262397480011e+01 7.662312507629e+00 5.641211032867e+00 4.793398857117e+00 4.992354393005e+00 3.714709043503e+00 5.107298374176e+00
2.453396081924e+00 5.301059722900e+00 6.135578632355e+00 7.234442234039e+00 7.884781837463e+00 6.809248447418e+00 3.804944276810e+00 2.150943040848e+00 2.935739994049e+00 3.430093526840e+00 3.523805379868e+00 3.333562850952e+00 3.119265556335e+00 4.183664321899e+00 4.581646919250e+00 4.523048400879e+00 4.437271595001e+00 4.306029796600e+00 4.252271175385e+00 4.112829208374e+00 4.017587184906e+00 4.012809753418e+00 3.889184951782e+00 4.977160930634e+00 5.987715721130e+00 5.173668384552e+00 5.954503536224e+00 7.617129802704e+00 7.683450698853e+00 6.804743289948e+00 5.064721107483e+00 3.963074445724e+00 4.183604240417e+00 6.220627784729e+00 9.297643661499e+00 8.219767570496e+00 8.624772071838e+00 6.480870723724e+00 6.897398471832e+00 7.018096446991e+00 5.700219631195e+00 3.536539316177e+00 4.517658233643e+00
1.566402792931e+00 3.468549728394e+00 4.053140163422e+00 4.998337745667e+00 6.501035213470e+00 8.510982513428e+00 9.561352729797e+00 7.406863212585e+00 3.851123332977e+00 3.726149082184e+00 3.319761276245e+00 4.243961811066e+00 4.975292682648e+00 5.150864601135e+00 4.866655349731e+00 4.848824501038e+00 4.789071559906e+00 4.646332263947e+00 4.869303703308e+00 4.911727428436e+00 5.044661998749e+00 5.476043701172e+00 5.181643486023e+00 4.776934146881e+00 4.750889301300e+00 6.117471218109e+00 5.850654125214e+00 7.356918334961e+00 8.070305824280e+00 7.218152999878e+00 5.371337413788e+00 5.631276130676e+00 7.244751930237e+00 9.701156616211e+00 1.160545730591e+01 8.441637039185e+00 6.270051002502e+00 5.240267753601e+00 6.221382617950e+00 7.955504894257e+00 8.656404495239e+00 5.862856864929e+00 4.413875102997e+00
1.088906645775e+00 2.135090827942e+00 2.617104768753e+00 2.407843351364e+00 2.858704805374e+00 4.274087905884e+00 6.638055324554e+00 8.926265716553e+00 8.857069015503e+00 6.063171386719e+00 4.715496540070e+00 4.943108558655e+00 4.982216358185e+00 4.737041473389e+00 4.640941143036e+00 4.555955410004e+00 4.322832584381e+00 4.635182857513e+00 4.754886627197e+00 4.930782318115e+00 5.226293087006e+00 5.047542572021e+00 4.861210823059e+00 4.810462951660e+00 4.956966876984e+00 4.674933910370e+00 5.056255340576e+00 5.786090373993e+00 6.886940002441e+00 7.140257358551e+00 5.573755741119e+00 6.775299549103e+00 7.870527744293e+00 8.956919670105e+00 8.708250999451e+00 5.483771800995e+00 6.063040256500e+00 7.031988143921e+00 7.551645278931e+00 6.726594924927e+00 9.744134902954e+00 9.855886459351e+00 5.305860519409e+00
1.271577715874e+00 2.501318216324e+00 2.430011749268e+00 2.979297637939e+00 2.445656299591e+00 2.160487651825e+00 2.604000568390e+00 4.727384567261e+00 7.486638545990e+00 8.636672973633e+00 6.996762752533e+00 4.672597885132e+00 4.417904853821e+00 4.306200504303e+00 4.020952701569e+00 3.907109260559e+00 4.030312538147e+00 4.692133426666e+00 4.261286258698e+00 4.256902694702e+00 3.848088741302e+00 3.150733470917e+00 4.393239498138e+00 3.910912752151e+00 5.884875297546e+00 4.865476608276e+00 5.771659374237e+00 6.469335079193e+00 5.143731594086e+00 5.791100502014e+00 6.647094726562e+00 7.149436950684e+00 5.697180271149e+00 7.182366847992e+00 5.257107257843e+00 4.600214004517e+00 6.126955986023e+00 8.538677215576e+00 1.017846679688e+01 9.590138435364e+00 7.950824737549e+00 1.224746131897e+01 9.153548240662e+00
1.657652854919e+00 3.185769796371e+00 2.956628322601e+00 2.954900741577e+00 3.290435075760e+00 2.541878223419e+00 3.517247676849e+00 4.249458789825e+00 4.662413597107e+00 6.584091663361e+00 8.397011756897e+00 7.570407390594e+00 4.602359294891e+00 3.676126241684e+00 3.617097616196e+00 3.699923276901e+00 3.828977584839e+00 3.783808469772e+00 4.317305088043e+00 4.039146423340e+00 3.518299341202e+00 3.063225269318e+00 3.379370689392e+00 5.278470993042e+00 7.847387313843e+00 1.053914737701e+01 1.266087055206e+01 1.033998870850e+01 6.619809150696e+00 6.198532581329e+00 8.174200057983e+00 5.544110774994e+00 4.138443470001e+00 8.964254379272e+00 3.933420181274e+00 5.220201969147e+00 5.089537620544e+00 7.223304271698e+00 1.045961570740e+01 1.120386695862e+01 9.593668937683e+00 1.039776515961e+01 1.396521759033e+01
1.511564135551e+00 3.305243492126e+00 3.498194932938e+00 3.419594764709e+00 3.491631507874e+00 3.590484142303e+00 4.279335498810e+00 4.468606948853e+00 4.419360160828e+00 4.159625530243e+00 5.922864913940e+00 8.343733787537e+00 8.094944000244e+00 5.546992778778e+00 3.461044788361e+00 3.452031612396e+00 3.326164722443e+00 3.160541534424e+00 4.228751659393e+00 4.396871566772e+00 4.608438491821e+00 3.697229146957e+00 3.414559602737e+00 6.508161544800e+00 1.101256179810e+01 1.618341255188e+01 1.900791549683e+01 1.821537399292e+01 1.193485164642e+01 7.152566432953e+00 8.791045188904e+00 6.935781478882e+00 6.642066478729e+00 1.096987438202e+01 5.849880695343e+00 1.079687213898e+01 7.784306526184e+00 5.904726028442e+00 8.046970367432e+00 1.151243877411e+01 1.174198818207e+01 9.861862182617e+00 1.508984851837e+01
1.841673135757e+00 3.697058916092e+00 3.744936466217e+00 3.639366626740e+00 3.772167444229e+00 4.248977661133e+00 4.258091926575e+00 4.292588710785e+00 3.930942773819e+00 3.616144895554e+00 3.487420320511e+00 5.122880458832e+00 8.116914749146e+00 8.500191688538e+00 6.398262023926e+00 3.281653642654e+00 3.033711194992e+00 3.220378637314e+00 3.771447181702e+00 6.126143455505e+00 5.540856361389e+00 5.148487567902e+00 4.704974651337e+00 6.469757080078e+00 1.122432327271e+01 1.600285911560e+01 2.176718139648e+01 2.550596809387e+01 2.137053298950e+01 1.044172573090e+01 9.094079017639e+00 9.967936515808e+00 9.617596626282e+00 1.300281715393e+01 7.215562820435e+00 1.450501251221e+01 1.198306179047e+01 7.845944404602e+00 7.546095371246e+00 1.050191402435e+01 2.249917793274e+01 1.140435695648e+01 1.242771816254e+01
2.568891286850e+00 4.826808452606e+00 4.357498645782e+00 4.432476043701e+00 4.712849617004e+00 4.988108634949e+00 5.307583808899e+00 5.528929233551e+00 5.657092094421e+00 5.679508686066e+00 5.508605957031e+00 5.602056503296e+00 5.333156108856e+00 7.523529529572e+00 8.668161392212e+00 7.175243854523e+00 3.567834138870e+00 3.526357650757e+00 3.800008296967e+00 5.879420757294e+00 6.234417438507e+00 5.689419269562e+00 5.053558826447e+00 5.504322528839e+00 9.289071083069e+00 1.378749847412e+01 2.134607887268e+01 2.979940795898e+01 2.821761512756e+01 1.734733581543e+01 1.275895977020e+01 1.619915771484e+01 1.757836723328e+01 1.645237350464e+01 1.384210205078e+01 1.569003009796e+01 1.490791893005e+01 1.146285533905e+01 1.362586593628e+01 1.187479782104e+01 3.244865417480e+01 2.636678314209e+01 7.436856746674e+00
2.656867027283e+00 5.521957874298e+00 5.508139610291e+00 5.333942413330e+00 4.692260742188e+00 3.830782175064e+00 3.679501533508e+00 4.077594280243e+00 4.529179096222e+00 5.064167022705e+00 5.660453319550e+00 6.365927696228e+00 7.295338630676e+00 1.151975822449e+01 1.170472431183e+01 8.596802711487e+00 8.151440620422e+00 7.741715431213e+00 7.195244312286e+00 6.579633712769e+00 5.923379898071e+00 5.404037952423e+00 5.921401023865e+00 5.584630012512e+00 6.326729774475e+00 1.040962791443e+01 1.533467102051e+01 2.427157020569e+01 3.084331703186e+01 2.151690101624e+01 1.032165431976e+01 9.968999862671e+00 1.473604774475e+01 1.972620391846e+01 2.215370750427e+01 2.086216163635e+01 1.532962036133e+01 1.249695968628e+01 9.368213653564e+00 1.411430168152e+01 3.429782867432e+01 4.070100402832e+01 1.134019470215e+01
2.045579433441e+00 4.260870456696e+00 4.778600215912e+00 5.209436893463e+00 5.469096660614e+00 5.278785228729e+00 4.420622825623e+00 3.628480672836e+00 3.652185201645e+00 3.654974937439e+00 3.639502763748e+00 3.566113948822e+00 3.457793712616e+00 4.369713306427e+00 6.543546199799e+00 7.172941207886e+00 8.391543388367e+00 8.059120178223e+00 6.659409523010e+00 7.375928401947e+00 7.796165466309e+00 8.034494400024e+00 8.316165924072e+00 8.659152030945e+00 8.302391052246e+00 6.887245178223e+00 1.029756736755e+01 1.832359886169e+01 2.592334365845e+01 1.916770172119e+01 9.720017433167e+00 6.806206703186e+00 5.666802883148e+00 9.864061355591e+00 1.153288650513e+01 1.890545654297e+01 2.425336647034e+01 2.273644638062e+01 1.440007400513e+01 1.508019924164e+01 2.231015205383e+01 4.879078674316e+01 1.751957511902e+01
1.644607186317e+00 3.177502632141e+00 3.160634279251e+00 3.025905370712e+00 3.485088348389e+00 3.902320623398e+00 4.075501441956e+00 4.002842426300e+00 3.396291017532e+00 3.470939636230e+00 3.774153470993e+00 4.081568241119e+00 4.365959167480e+00 4.651210784912e+00 4.942040920258e+00 5.194519042969e+00 5.416007995605e+00 7.895886421204e+00 8.364939689636e+00 1.071646213531e+01 8.399444580078e+00 7.112376689911e+00 6.745472908020e+00 6.687297821045e+00 6.698679447174e+00 7.529960155487e+00 9.960762977600e+00 1.167976188660e+01 1.652087974548e+01 1.358422565460e+01 6.978474617004e+00 8.235760688782e+00 6.133675575256e+00 8.013751983643e+00 9.313199043274e+00 1.105203247070e+01 1.118619251251e+01 1.874156761169e+01 2.671689987183e+01 2.186671066284e+01 1.904835128784e+01 4.041246414185e+01 3.575247573853e+01
1.034012913704e+00 2.084824562073e+00 2.053719520569e+00 2.077111482620e+00 2.438803195953e+00 2.784807682037e+00 3.014076709747e+00 3.091677665710e+00 3.130924224854e+00 2.875368356705e+00 2.933648109436e+00 2.924021244049e+00 3.055524826050e+00 3.193970441818e+00 3.237784624100e+00 4.169922351837e+00 4.658559322357e+00 6.426331520081e+00 1.210208797455e+01 1.262247753143e+01 1.111514186859e+01 9.425086021423e+00 1.076145648956e+01 1.284106159210e+01 9.026153564453e+00 1.081927871704e+01 1.056290912628e+01 9.839138984680e+00 1.021956253052e+01 1.323173141479e+01 1.236121559143e+01 8.172214508057e+00 8.383302688599e+00 8.914608955383e+00 9.511995315552e+00 1.018992424011e+01 9.980044364929e+00 1.285266780853e+01 1.893896293640e+01 2.197681808472e+01 2.639130020142e+01 3.520574569702e+01 3.002240180969e+01
