VariationalSeries/SI/f50.grd
DSAA
101	101
32.816463539100	34.260883539100
35.556306596100	36.727886596100
2.489429200068e-03	4.526439514160e+02
[rows 57 to 75 of 101, columns 43 to 85 of 101]
1.775810241699e+00 2.151193141937e+00 1.112609982491e+00 1.248854279518e+00 1.230784058571e+00 1.922881364822e+00 2.096103429794e+00 3.315949916840e+00 2.482134580612e+00 1.344961881638e+00 9.776773452759e-01 8.124503493309e-01 6.042361855507e-01 1.031570315361e+00 4.781017303467e+00 1.586007308960e+01 3.216222381592e+01 3.231853103638e+01 5.781576156616e+01 1.562095260620e+01 4.427056789398e+00 3.514140844345e+00 6.121954917908e+00 1.122786426544e+01 1.922026824951e+01 1.754891967773e+01 1.915908241272e+01 1.541609287262e+01 1.940760612488e+01 1.831723594666e+01 1.913243293762e+01 1.429207229614e+01 1.466177654266e+01 2.069254684448e+01 1.289159393311e+01 8.131994247437e+00 9.438561439514e+00 1.293540477753e+01 1.622150230408e+01 1.176728439331e+01 4.931216239929e+00 4.555186271667e+00 4.391828060150e+00
1.411764383316e+00 3.447306632996e+00 9.004999399185e-01 9.650817513466e-01 9.518008828163e-01 1.406071424484e+00 2.650337934494e+00 8.400932312012e+00 6.647008895874e+00 1.450328230858e+00 9.114755988121e-01 6.281136274338e-01 4.887617826462e-01 4.851281344891e-01 1.008594512939e+00 9.610543251038e+00 1.104965400696e+01 1.122062683105e+01 8.928637504578e+00 8.905367851257e+00 6.197697639465e+00 4.699903011322e+00 3.630528450012e+00 2.330901145935e+00 5.978682994843e+00 1.163169097900e+01 2.067270851135e+01 2.150700187683e+01 2.334308624268e+01 1.256103038788e+01 1.663342285156e+01 1.497399234772e+01 1.286314392090e+01 1.175381278992e+01 1.192838573456e+01 8.872594833374e+00 8.732534408569e+00 1.018740367889e+01 9.943711280823e+00 9.054365158081e+00 9.361313819885e+00 9.788120269775e+00 9.136045455933e+00
1.214084148407e+00 1.402580976486e+00 8.150749802589e-01 8.742070198059e-01 8.846101164818e-01 1.274576187134e+00 3.791146516800e+00 2.055954360962e+01 1.684381675720e+01 2.348923206329e+00 9.515889286995e-01 5.404840707779e-01 3.787010610104e-01 3.462018370628e-01 3.595109283924e-01 4.420095980167e-01 5.717767477036e-01 7.990254759789e-01 1.619663596153e+00 1.362904548645e+00 1.531858801842e+00 1.762145876884e+00 1.165879726410e+00 1.176651358604e+00 2.940776348114e+00 1.358811092377e+01 2.333944320679e+01 2.702189064026e+01 2.589656829834e+01 2.602619361877e+01 1.683203697205e+01 1.453807258606e+01 1.225440216064e+01 1.165349674225e+01 1.629950714111e+01 1.407861042023e+01 1.169870185852e+01 7.324073791504e+00 7.573663711548e+00 6.326304435730e+00 5.707061290741e+00 5.188971042633e+00 4.512403011322e+00
1.115273594856e+00 9.978845119476e-01 7.860928177834e-01 8.813597559929e-01 9.821873903275e-01 1.286731481552e+00 2.716426849365e+01 1.141511726379e+01 1.256293964386e+01 1.777247071266e+00 8.326467871666e-01 5.187217593193e-01 3.447410464287e-01 2.813677787781e-01 2.690803408623e-01 2.843478620052e-01 3.404909074306e-01 4.489914476871e-01 6.143553256989e-01 7.533938884735e-01 8.287375569344e-01 1.683970212936e+00 8.697018027306e-01 8.014266490936e-01 2.449347019196e+00 5.367641448975e+00 1.924910545349e+01 2.247191429138e+01 2.291987037659e+01 2.467698097229e+01 2.104395866394e+01 1.601661300659e+01 1.123631286621e+01 1.423253154755e+01 9.769551277161e+00 8.624577522278e+00 7.133965015411e+00 5.887481689453e+00 5.521418571472e+00 5.531045436859e+00 5.703070640564e+00 8.409469604492e+00 1.140009307861e+01
9.403645396233e-01 7.278898358345e-01 7.697254419327e-01 9.300683140755e-01 1.590582609177e+00 2.498541355133e+00 7.292604923248e+00 1.689831161499e+01 5.990169048309e+00 9.560782909393e-01 6.025133132935e-01 4.411092400551e-01 3.137663006783e-01 2.356779128313e-01 2.161523401737e-01 2.163819968700e-01 2.362696677446e-01 3.162911236286e-01 4.359561502934e-01 4.993369877338e-01 5.053222775459e-01 1.035333633423e+00 6.305994391441e-01 7.209970951080e-01 1.508142352104e+00 5.050841808319e+00 1.367501354218e+01 1.839198493958e+01 1.956677246094e+01 1.524434280396e+01 1.159898567200e+01 1.658903884888e+01 1.136052417755e+01 7.822867393494e+00 8.843111991882e+00 1.159592819214e+01 1.046421813965e+01 7.039890766144e+00 6.540725231171e+00 6.350502967834e+00 6.242039680481e+00 7.269029140472e+00 8.751265525818e+00
6.788417696953e-01 5.661534667015e-01 7.052690982819e-01 1.579814672470e+00 4.641461372375e+00 9.979042053223e+00 1.288701438904e+01 7.894003391266e+00 8.548860549927e-01 5.811223387718e-01 4.243852794170e-01 3.535409569740e-01 2.762347161770e-01 2.237248569727e-01 1.968741863966e-01 2.044422328472e-01 2.141132205725e-01 2.608076632023e-01 3.765759468079e-01 4.640493392944e-01 4.935833811760e-01 5.076804161072e-01 5.114186406136e-01 7.594120502472e-01 1.825412154198e+00 4.752842903137e+00 5.812223911285e+00 5.733939170837e+00 1.152731800079e+01 1.328723621368e+01 1.565030002594e+01 1.003258323669e+01 1.285400295258e+01 9.418893814087e+00 1.086117362976e+01 1.273707771301e+01 2.529718208313e+01 1.590729808807e+01 9.370940208435e+00 7.313382625580e+00 7.511182308197e+00 7.369211673737e+00 7.110995769501e+00
4.450648725033e-01 4.613764584064e-01 5.824866890907e-01 7.338191866875e-01 1.821622371674e+00 1.040031623840e+01 6.355390548706e+00 8.692454695702e-01 5.074906349182e-01 4.527797698975e-01 3.811686933041e-01 3.218024075031e-01 2.544146478176e-01 2.145671844482e-01 1.906423866749e-01 2.092228084803e-01 2.200293540955e-01 2.142361551523e-01 3.087786734104e-01 3.947251141071e-01 4.467371106148e-01 4.446667134762e-01 5.393663644791e-01 8.679576516151e-01 2.697497606277e+00 5.374841690063e+00 3.208114862442e+00 4.206936836243e+00 4.003991603851e+00 2.012430572510e+01 2.919802093506e+01 1.605428314209e+01 8.899364471436e+00 1.192519474030e+01 4.841315746307e+00 5.035593509674e+00 1.838601493835e+01 8.878810882568e+00 7.108157157898e+00 5.369305610657e+00 5.510671138763e+00 6.140244483948e+00 6.733909606934e+00
3.651125431061e-01 3.995045125484e-01 4.696114957333e-01 5.930942296982e-01 6.534026265144e-01 9.223069548607e-01 1.019870162010e+00 6.980341672897e-01 3.729622960091e-01 3.837870359421e-01 3.356425464153e-01 3.081590831280e-01 2.519049942493e-01 2.060341238976e-01 2.078093290329e-01 2.112929970026e-01 2.243181914091e-01 2.259351313114e-01 2.593284845352e-01 3.336905539036e-01 3.930000662804e-01 4.205029308796e-01 4.473905563354e-01 7.097270488739e-01 1.984454989433e+00 1.242564558983e+00 1.247683048248e+00 1.935204148293e+00 4.433014869690e+00 8.704896926880e+00 9.228420257568e+00 1.172784900665e+01 1.846685028076e+01 1.002120018005e+01 9.582028388977e+00 7.261215686798e+00 7.531638622284e+00 6.371672630310e+00 3.516598463058e+00 4.273952007294e+00 4.168934822083e+00 4.408649921417e+00 5.572453498840e+00
2.873295843601e-01 3.232805728912e-01 3.866011500359e-01 4.742819666862e-01 5.092628598213e-01 5.636504888535e-01 5.945294499397e-01 3.757202327251e-01 3.239045441151e-01 3.388769924641e-01 3.150930106640e-01 2.726132273674e-01 2.296098768711e-01 2.076960355043e-01 2.021654993296e-01 2.307946532965e-01 2.304358631372e-01 1.978619545698e-01 2.285631299019e-01 2.907882034779e-01 3.449053466320e-01 4.004967808723e-01 5.496885776520e-01 5.823847055435e-01 5.884214043617e-01 8.211889266968e-01 7.910857200623e-01 1.923856735229e+00 2.701246738434e+00 3.611533403397e+00 7.530954360962e+00 1.310429382324e+01 9.932287216187e+00 1.819104766846e+01 1.164751625061e+01 6.608861923218e+00 5.562934398651e+00 4.954844474792e+00 5.871082782745e+00 5.567178726196e+00 6.952188491821e+00 6.763324260712e+00 7.911672115326e+00
2.643019556999e-01 2.671187520027e-01 2.996353805065e-01 3.342508673668e-01 3.600582480431e-01 3.539984524250e-01 3.390538394451e-01 3.304948508739e-01 3.576291501522e-01 3.533388078213e-01 3.294537663460e-01 2.882878184319e-01 2.372908890247e-01 2.128359526396e-01 1.920293420553e-01 1.886339336634e-01 2.118806391954e-01 2.143861353397e-01 2.158557176590e-01 2.612658441067e-01 3.032416403294e-01 3.589898645878e-01 5.244017839432e-01 5.924829840660e-01 6.372902989388e-01 1.327367186546e+00 1.818368077278e+00 2.325578689575e+00 3.248171091080e+00 3.525078773499e+00 7.737990379333e+00 1.451242351532e+01 6.907522201538e+00 7.422107219696e+00 1.333336162567e+01 1.156677055359e+01 7.835484504700e+00 6.763260841370e+00 8.120915412903e+00 4.229647636414e+00 5.667818069458e+00 6.621909618378e+00 7.864134311676e+00
2.184574753046e-01 2.504512071609e-01 2.623366415501e-01 2.595646977425e-01 2.908653616905e-01 3.233825862408e-01 3.485813140869e-01 3.095338046551e-01 2.922413349152e-01 3.013467788696e-01 3.234331905842e-01 3.227042853832e-01 2.796621620655e-01 2.405663281679e-01 2.281817793846e-01 2.091992646456e-01 1.804695278406e-01 1.947430968285e-01 2.213792055845e-01 2.455938458443e-01 2.704413235188e-01 3.136681616306e-01 4.469014108181e-01 4.403217434883e-01 5.042036771774e-01 1.191983461380e+00 2.537067890167e+00 3.421122074127e+00 4.795845031738e+00 2.522369146347e+00 7.583105087280e+00 3.819346427917e+00 4.057898044586e+00 4.793806076050e+00 7.786158561707e+00 8.428622245789e+00 1.083196735382e+01 1.004486274719e+01 7.198281764984e+00 6.123776912689e+00 4.761659145355e+00 5.125459194183e+00 3.970554828644e+00
2.161145955324e-01 2.383247315884e-01 2.366987615824e-01 2.360282987356e-01 2.523746490479e-01 2.897630333900e-01 3.138657510281e-01 2.806499004364e-01 2.245064824820e-01 2.404853105545e-01 2.601883411407e-01 2.930006980896e-01 3.056736886501e-01 2.563430666924e-01 2.442310750484e-01 2.991783916950e-01 2.657344937325e-01 2.107775956392e-01 2.302595824003e-01 2.406306415796e-01 2.928354740143e-01 3.248811364174e-01 3.518978357315e-01 4.498320817947e-01 5.234199166298e-01 8.778433799744e-01 1.816758513451e+00 2.178320407867e+00 2.983125686646e+00 1.696295619011e+00 3.703362226486e+00 2.890632867813e+00 4.709052562714e+00 2.920430421829e+00 5.825610160828e+00 4.212809562683e+00 6.554237842560e+00 8.163323402405e+00 7.395247936249e+00 1.011721229553e+01 9.339650154114e+00 7.527564048767e+00 6.458153247833e+00
2.074000239372e-01 2.236165106297e-01 2.147028893232e-01 2.143805921078e-01 2.154794931412e-01 2.165427654982e-01 2.400479763746e-01 2.272316813469e-01 2.756509780884e-01 2.981713414192e-01 2.726499736309e-01 2.693800926208e-01 2.903860807419e-01 3.042908012867e-01 2.859783172607e-01 3.692135512829e-01 3.294605016708e-01 2.496508508921e-01 2.521628439426e-01 2.477619498968e-01 2.846472859383e-01 3.083288967609e-01 3.486780226231e-01 4.635692238808e-01 5.463454127312e-01 7.843980789185e-01 1.179550766945e+00 1.346898198128e+00 1.464806795120e+00 1.855402469635e+00 3.259089946747e+00 4.892838001251e+00 3.234165430069e+00 8.130727767944e+00 2.724036693573e+00 3.622821092606e+00 7.028401374817e+00 9.922546386719e+00 4.918350219727e+00 5.540301799774e+00 3.678928375244e+00 6.644337177277e+00 5.927205085754e+00
1.844978481531e-01 1.988002359867e-01 1.908186227083e-01 1.841704845428e-01 1.711064875126e-01 1.753069907427e-01 1.848765313625e-01 2.523388266563e-01 3.131031990051e-01 3.217943906784e-01 2.847280204296e-01 2.998239696026e-01 3.318392336369e-01 3.262794613838e-01 3.263650536537e-01 3.423354625702e-01 3.672810494900e-01 4.316776692867e-01 3.857036530972e-01 3.469963967800e-01 3.461888432503e-01 3.733746707439e-01 4.453386366367e-01 4.722768962383e-01 5.572456121445e-01 6.756767630577e-01 1.120566844940e+00 1.098029851913e+00 2.185006380081e+00 4.336179733276e+00 5.278402328491e+00 2.548318147659e+00 2.570325851440e+00 8.020156860352e+00 4.142439365387e+00 5.121829986572e+00 4.579538822174e+00 5.867832660675e+00 4.274759292603e+00 1.668241500854e+00 1.596359133720e+00 2.154475212097e+00 4.134897708893e+00
1.693068593740e-01 1.692191511393e-01 1.675474792719e-01 1.648438125849e-01 1.689247339964e-01 1.808745115995e-01 1.896888464689e-01 2.346012443304e-01 2.631013393402e-01 2.541859745979e-01 2.988258600235e-01 3.204205036163e-01 3.099634945393e-01 3.236142694950e-01 4.364341199398e-01 6.061670184135e-01 6.884503960609e-01 8.677362203598e-01 8.634009957314e-01 9.402467012405e-01 6.670550107956e-01 6.227751970291e-01 7.208188772202e-01 6.044681668282e-01 6.924765110016e-01 9.561024308205e-01 2.825004577637e+00 2.634593009949e+00 2.827384471893e+00 3.762700557709e+00 1.933857202530e+00 2.035978555679e+00 2.800824165344e+00 1.612140655518e+00 8.493827819824e+00 1.169666385651e+01 1.040829467773e+01 2.493227243423e+00 1.186086893082e+00 9.916598200798e-01 9.690744280815e-01 1.141079068184e+00 1.204607844353e+00
1.568924039602e-01 1.624365150928e-01 1.557635217905e-01 1.671802252531e-01 1.826350390911e-01 2.092085033655e-01 2.096944600344e-01 2.397085577250e-01 2.697736620903e-01 3.179055452347e-01 3.287357687950e-01 3.885598480701e-01 4.054853320122e-01 3.736170530319e-01 9.358200430870e-01 3.358664751053e+00 2.657522916794e+00 1.485208153725e+00 1.665863275528e+00 2.090399265289e+00 1.550770759583e+00 7.991471886635e-01 9.279886484146e-01 1.161048650742e+00 1.132353901863e+00 2.119518756866e+00 2.968611240387e+00 2.588816642761e+00 2.152694463730e+00 1.900611639023e+00 2.164577484131e+00 2.078858613968e+00 1.551001071930e+00 1.302369594574e+00 2.199575424194e+00 9.960330963135e+00 1.033476257324e+01 2.137490034103e+00 7.860069274902e-01 8.024759292603e-01 7.377982139587e-01 7.097048759460e-01 1.155155301094e+00
1.567777097225e-01 1.685445606709e-01 2.102063298225e-01 2.347314506769e-01 2.152350097895e-01 3.560752868652e-01 4.180660247803e-01 4.289989769459e-01 3.696347177029e-01 3.756885528564e-01 4.105581939220e-01 5.136147141457e-01 5.103321075439e-01 1.845191121101e+00 1.323122406006e+01 1.684988594055e+01 7.952834606171e+00 4.212681770325e+00 3.403314352036e+00 2.708535432816e+00 1.326781511307e+00 1.273426771164e+00 2.745517492294e+00 5.849363803864e+00 4.803699970245e+00 2.562404632568e+00 3.010296106339e+00 2.455392360687e+00 2.599139690399e+00 1.837814450264e+00 4.643618583679e+00 1.856644272804e+00 1.375788092613e+00 9.791587591171e-01 6.699660420418e-01 2.066683530807e+00 2.271743535995e+00 5.593502521515e-01 3.910607993603e-01 4.606111645699e-01 5.702201128006e-01 6.386596560478e-01 5.981968641281e-01
1.883971840143e-01 2.955021560192e-01 4.020175933838e-01 4.366292357445e-01 5.661591291428e-01 7.518499493599e-01 7.382912635803e-01 6.508319973946e-01 5.588739514351e-01 4.309823513031e-01 5.519247055054e-01 6.088582873344e-01 3.241103887558e+00 1.805027008057e+01 2.496967697144e+01 8.819929122925e+00 2.630914449692e+00 1.626420855522e+00 1.703235030174e+00 1.497098326683e+00 1.400791883469e+00 3.183927774429e+00 6.278497219086e+00 8.289374351501e+00 6.665774345398e+00 3.414967298508e+00 2.394044637680e+00 1.715565085411e+00 1.592897534370e+00 1.388842582703e+00 1.973139762878e+00 8.671567440033e-01 9.968002438545e-01 8.106707930565e-01 5.120363235474e-01 3.053695857525e-01 2.553308606148e-01 2.521612942219e-01 2.620590627193e-01 3.266892731190e-01 4.390119910240e-01 5.564407110214e-01 5.705060958862e-01
3.105630874634e-01 4.629986882210e-01 6.139575839043e-01 8.885844349861e-01 1.713154077530e+00 1.682569265366e+00 2.332441329956e+00 1.815645813942e+00 2.066382408142e+00 1.229096651077e+00 6.639321446419e-01 4.181144714355e+00 1.695934867859e+01 1.700449180603e+01 4.488905906677e+00 1.320325374603e+00 2.413191080093e+00 3.189121246338e+00 2.325782775879e+00 2.669368982315e+00 3.221067190170e+00 3.282435655594e+00 4.739669799805e+00 3.887958049774e+00 2.601724624634e+00 2.046191453934e+00 1.278013944626e+00 5.032568573952e-01 5.242515206337e-01 4.965664148331e-01 6.373171806335e-01 4.677246212959e-01 4.184788167477e-01 2.927294969559e-01 2.997469604015e-01 3.060991764069e-01 3.165479302406e-01 3.330283761024e-01 3.549479544163e-01 3.832890391350e-01 3.891558945179e-01 4.656522870064e-01 6.089085936546e-01
