VariationalSeries/SI/f50.grd
DSAA
101	101
32.816463539100	34.260883539100
35.556306596100	36.727886596100
2.489429200068e-03	4.526439514160e+02
[rows 38 to 56 of 101, columns 0 to 42 of 101]
9.916048049927e-01 2.091334104538e+00 2.260488033295e+00 2.353287458420e+00 2.934985876083e+00 3.597348213196e+00 4.153395175934e+00 4.610199451447e+00 5.055106639862e+00 4.621995449066e+00 3.801630258560e+00 3.135455131531e+00 3.201965093613e+00 3.159345626831e+00 3.285978317261e+00 3.648992061615e+00 4.124853610992e+00 7.634047031403e+00 1.232567214966e+01 1.318469238281e+01 1.056896591187e+01 8.559983253479e+00 5.982937335968e+00 7.034092903137e+00 1.345288944244e+01 1.755687332153e+01 1.701739120483e+01 1.225886440277e+01 9.176135063171e+00 1.002427196503e+01 1.033367824554e+01 1.281274700165e+01 1.739521217346e+01 1.715760040283e+01 1.615655326843e+01 9.904092788696e+00 1.372370815277e+01 1.541906738281e+01 1.481539344788e+01 2.279716491699e+01 2.480372810364e+01 3.609066772461e+01 2.978731727600e+01
1.534496903419e+00 2.730381488800e+00 2.290805101395e+00 2.195909976959e+00 3.122845888138e+00 3.784668207169e+00 4.951144695282e+00 6.217329025269e+00 6.917905330658e+00 6.475549697876e+00 4.726823806763e+00 3.557146072388e+00 3.130255937576e+00 3.173785448074e+00 3.408214330673e+00 3.685480833054e+00 3.926572084427e+00 4.147210597992e+00 6.715410232544e+00 9.385370254517e+00 9.568050384521e+00 8.913554191589e+00 9.285762786865e+00 7.772984504700e+00 7.453647613525e+00 8.395136833191e+00 1.089594364166e+01 2.054060173035e+01 2.759359741211e+01 2.801066017151e+01 2.195240592957e+01 1.082526779175e+01 1.265954494476e+01 1.066205883026e+01 2.099532890320e+01 1.872681236267e+01 1.243371677399e+01 1.508363437653e+01 1.844045257568e+01 2.083697319031e+01 2.810110473633e+01 3.350594711304e+01 3.882558059692e+01
1.686529636383e+00 3.358953952789e+00 3.181760549545e+00 2.805342435837e+00 3.700430393219e+00 4.543970108032e+00 5.499585628510e+00 7.217889785767e+00 7.813481807709e+00 7.769583225250e+00 5.314452171326e+00 3.528799772263e+00 3.530645370483e+00 3.039644718170e+00 2.588203430176e+00 2.850829124451e+00 3.528599262238e+00 3.716413736343e+00 4.054751873016e+00 5.198853969574e+00 7.769293785095e+00 1.100917816162e+01 1.281622219086e+01 1.315895843506e+01 1.324505710602e+01 8.883324623108e+00 6.664909839630e+00 6.970983505249e+00 7.295106410980e+00 8.782438278198e+00 1.844444274902e+01 2.928300285339e+01 3.468678665161e+01 2.901786041260e+01 1.500017166138e+01 1.498710918427e+01 2.587258338928e+01 2.144262695312e+01 2.274379158020e+01 2.256178474426e+01 2.016049003601e+01 2.832543945312e+01 4.222895812988e+01
2.433586359024e+00 4.121297359467e+00 4.777953624725e+00 4.903167724609e+00 4.416921138763e+00 5.291856765747e+00 5.284658908844e+00 5.035372257233e+00 5.035532474518e+00 6.188454151154e+00 6.639108657837e+00 5.725874900818e+00 4.214340209961e+00 3.802717447281e+00 4.163719177246e+00 5.142949581146e+00 5.960680484772e+00 6.660386085510e+00 6.496131896973e+00 4.716361045837e+00 5.163521289825e+00 6.800952911377e+00 7.582213878632e+00 1.014198684692e+01 1.257600593567e+01 1.492691516876e+01 1.664263534546e+01 1.615393447876e+01 1.710473251343e+01 1.867499160767e+01 2.065525627136e+01 1.930567169189e+01 2.994005966187e+01 3.388748550415e+01 2.423337745667e+01 3.095186424255e+01 3.440810012817e+01 2.926643180847e+01 3.322563934326e+01 2.735174751282e+01 1.892159080505e+01 3.295539093018e+01 2.692390632629e+01
2.481890201569e+00 4.759778976440e+00 5.342151641846e+00 4.459016799927e+00 5.209454059601e+00 6.566264629364e+00 6.513250827789e+00 5.332747936249e+00 6.421541213989e+00 5.355058670044e+00 5.099490642548e+00 7.074878692627e+00 7.307704925537e+00 5.461361885071e+00 5.089000701904e+00 4.685916900635e+00 5.131683349609e+00 6.859938621521e+00 9.227214813232e+00 9.367335319519e+00 5.902087211609e+00 6.349745273590e+00 8.350303649902e+00 6.906783580780e+00 8.036823272705e+00 9.768092155457e+00 1.296235656738e+01 1.958718872070e+01 2.628088378906e+01 2.406627845764e+01 2.293725967407e+01 1.693157386780e+01 1.680052566528e+01 3.228788757324e+01 3.034474372864e+01 3.821506881714e+01 2.524220275879e+01 3.586285018921e+01 3.156175804138e+01 4.553014373779e+01 4.713624572754e+01 3.777452087402e+01 4.193668365479e+01
4.932651519775e+00 9.575473785400e+00 7.160518646240e+00 6.085469722748e+00 5.953866004944e+00 5.354066848755e+00 5.670279026031e+00 6.898543357849e+00 6.797901630402e+00 5.438451766968e+00 6.501515865326e+00 4.438996315002e+00 5.697076320648e+00 7.951332569122e+00 6.864670753479e+00 5.836469650269e+00 7.310141086578e+00 1.573503303528e+01 1.848118782043e+01 1.093090248108e+01 1.169854927063e+01 6.627532958984e+00 7.595865726471e+00 1.080700683594e+01 7.191641807556e+00 6.841996192932e+00 7.441380023956e+00 7.760716915131e+00 9.886087417603e+00 1.122988796234e+01 1.197912883759e+01 1.367906188965e+01 1.858763694763e+01 2.922054290771e+01 1.959442901611e+01 1.816236686707e+01 2.598072433472e+01 3.038968467712e+01 2.055003929138e+01 4.265900039673e+01 4.351424026489e+01 4.729092025757e+01 5.780006027222e+01
7.578810691833e+00 1.391894626617e+01 1.130006313324e+01 8.921525955200e+00 8.222701072693e+00 6.451337814331e+00 8.874121665955e+00 7.778200626373e+00 8.487007141113e+00 6.614832878113e+00 5.099617958069e+00 6.141914367676e+00 5.541486263275e+00 3.760616779327e+00 6.759174346924e+00 7.910113334656e+00 5.707753181458e+00 4.777386665344e+00 8.708419799805e+00 6.231067180634e+00 1.081331634521e+01 1.198252105713e+01 1.197441387177e+01 1.054797172546e+01 1.458764076233e+01 9.037468910217e+00 8.856394767761e+00 1.146857643127e+01 1.345497417450e+01 1.032748889923e+01 1.258746910095e+01 1.552170372009e+01 1.841859054565e+01 2.164990234375e+01 2.763871765137e+01 2.096065711975e+01 2.328234672546e+01 2.601295852661e+01 2.468200111389e+01 3.506872177124e+01 3.428728485107e+01 4.941691207886e+01 4.917846679688e+01
3.122178792953e+00 6.517412185669e+00 7.778831005096e+00 9.104610443115e+00 9.237730979919e+00 1.024530124664e+01 1.079578399658e+01 9.274467468262e+00 8.268083572388e+00 7.854713439941e+00 7.754923820496e+00 7.006345272064e+00 6.491716384888e+00 6.043907165527e+00 6.529409408569e+00 5.584658622742e+00 4.039990901947e+00 4.707343578339e+00 4.971954822540e+00 6.619042396545e+00 6.330065727234e+00 1.103561973572e+01 1.123473358154e+01 1.196555423737e+01 1.425242424011e+01 1.620492935181e+01 1.728566169739e+01 1.804149436951e+01 1.853000831604e+01 1.999379158020e+01 2.034777069092e+01 2.142114639282e+01 2.284297370911e+01 1.910638809204e+01 1.693024063110e+01 2.342408370972e+01 2.870038604736e+01 4.355470657349e+01 5.265433883667e+01 4.907363510132e+01 4.728172302246e+01 4.833368301392e+01 4.147022247314e+01
3.035509347916e+00 6.401816368103e+00 7.326654434204e+00 8.147075653076e+00 8.720537185669e+00 8.884801864624e+00 8.158867835999e+00 6.812800407410e+00 6.373991489410e+00 8.007708549500e+00 9.414424896240e+00 8.911053657532e+00 6.678781509399e+00 4.324764251709e+00 4.524696826935e+00 2.631001234055e+00 1.546860218048e+00 1.673316597939e+00 2.206696987152e+00 2.743506669998e+00 7.756808280945e+00 1.396051406860e+01 1.248338413239e+01 1.496777057648e+01 1.415649509430e+01 1.752167510986e+01 1.816553688049e+01 1.725982475281e+01 1.615398979187e+01 1.972965049744e+01 2.082575607300e+01 2.558439254761e+01 3.278559875488e+01 3.580025100708e+01 3.068981742859e+01 2.589766120911e+01 2.887439537048e+01 2.139289283752e+01 3.249183654785e+01 3.340585327148e+01 5.248956298828e+01 4.819497680664e+01 5.214649200439e+01
8.185545206070e-01 1.609500288963e+00 1.705341815948e+00 1.838523268700e+00 2.619070053101e+00 3.623090744019e+00 4.745144844055e+00 5.174292087555e+00 5.098935127258e+00 4.753163337708e+00 4.696344852448e+00 5.956259250641e+00 5.910426139832e+00 4.760620594025e+00 3.025527238846e+00 2.383258342743e+00 1.227669358253e+00 1.033832430840e+00 1.163549423218e+00 2.440052986145e+00 5.635944843292e+00 1.157416725159e+01 2.919478225708e+01 2.758267593384e+01 2.483652114868e+01 2.335686874390e+01 2.254127311707e+01 2.195343780518e+01 2.213844490051e+01 2.561441230774e+01 3.030050468445e+01 3.439210891724e+01 5.757918167114e+01 3.319368362427e+01 7.350856018066e+01 4.979645919800e+01 3.962654495239e+01 4.333533477783e+01 5.390048217773e+01 6.289759826660e+01 6.681919097900e+01 6.336670303345e+01 6.376642608643e+01
7.504969239235e-01 1.451002478600e+00 1.583455681801e+00 1.587789654732e+00 2.529669523239e+00 3.714652299881e+00 3.849828481674e+00 3.160605192184e+00 2.338537931442e+00 1.921086430550e+00 2.409054517746e+00 2.987042903900e+00 2.855718612671e+00 2.292084455490e+00 1.690832853317e+00 1.227348685265e+00 9.426962733269e-01 6.770052909851e-01 6.673638820648e-01 2.198586702347e+00 7.035253047943e+00 1.219200992584e+01 1.220155620575e+01 2.438745880127e+01 5.955604934692e+01 3.051231384277e+01 1.915190505981e+01 1.739323806763e+01 1.824987030029e+01 1.996350097656e+01 3.476163864136e+01 4.786087417603e+01 2.528545951843e+01 3.808506774902e+01 7.121675872803e+01 1.238981323242e+02 5.087694168091e+01 4.294593811035e+01 3.683475112915e+01 4.063822937012e+01 3.491347503662e+01 6.576637268066e+01 7.809848022461e+01
3.900426924229e-01 8.109111785889e-01 9.743984937668e-01 1.082625150681e+00 1.334156513214e+00 2.132403612137e+00 2.441866397858e+00 2.137621164322e+00 1.651134014130e+00 1.238281846046e+00 1.028168082237e+00 9.851813912392e-01 7.939659357071e-01 7.046804428101e-01 8.449010252953e-01 6.509857177734e-01 5.854383707047e-01 4.907726049423e-01 6.080684661865e-01 9.219036102295e-01 1.504881024361e+00 4.065353393555e+00 4.326916694641e+00 5.868752002716e+00 2.218453025818e+01 2.323481369019e+01 8.638915061951e+00 4.948736667633e+00 5.186499118805e+00 1.587854862213e+01 2.100049972534e+01 2.289897346497e+01 2.424568557739e+01 2.016674995422e+01 3.011277961731e+01 8.259790039062e+01 4.774784851074e+01 2.774248123169e+01 2.012227058411e+01 1.789518928528e+01 1.705550765991e+01 4.357929992676e+01 6.101712417603e+01
1.731233000755e-01 3.382764756680e-01 3.530370295048e-01 4.006296992302e-01 5.006042718887e-01 6.314134001732e-01 7.492130398750e-01 8.148335814476e-01 7.900440096855e-01 6.892940998077e-01 5.847412943840e-01 6.458615064621e-01 6.653758883476e-01 6.134944558144e-01 6.129673719406e-01 7.055031657219e-01 5.425612926483e-01 4.237808287144e-01 5.040239095688e-01 7.005682587624e-01 8.010703921318e-01 1.476905226707e+00 2.559468507767e+00 5.558126926422e+00 1.341087913513e+01 8.550455093384e+00 5.302557468414e+00 4.257941246033e+00 4.077311992645e+00 1.316560506821e+00 1.156572103500e+00 1.266491532326e+00 1.986819863319e+00 4.169708251953e+00 9.819475173950e+00 1.616766815186e+02 3.073644714355e+02 4.241744995117e+01 2.930631637573e+01 1.515790939331e+01 1.064155769348e+01 1.139520549774e+01 2.232020759583e+01
1.395380645990e-01 2.534832358360e-01 2.818874418736e-01 2.823099792004e-01 2.830595970154e-01 3.619810044765e-01 4.741208255291e-01 5.820359587669e-01 6.461158394814e-01 6.335785388947e-01 5.346717238426e-01 4.845466315746e-01 5.253022313118e-01 5.066027641296e-01 4.488994479179e-01 5.375341773033e-01 6.311392188072e-01 5.100097656250e-01 4.070204198360e-01 1.539667248726e+00 1.729989051819e+00 1.101811170578e+00 1.459290385246e+00 2.582962274551e+00 4.871280670166e+00 4.929612350464e+01 1.137496852875e+01 9.189495086670e+00 3.918310403824e+00 7.789607048035e-01 6.825832724571e-01 7.162343859673e-01 8.604503870010e-01 1.068471431732e+00 1.410908579826e+00 7.364857673645e+00 5.175177001953e+01 1.288793945312e+02 3.524293899536e+01 2.039924049377e+01 5.538651466370e+00 3.625491142273e+00 3.784569263458e+00
1.281182318926e-01 3.031530380249e-01 4.083168804646e-01 4.705049693584e-01 4.895007312298e-01 4.514398872852e-01 4.011982679367e-01 3.692883849144e-01 4.604898393154e-01 5.278247594833e-01 5.272400379181e-01 4.579067826271e-01 3.911665678024e-01 4.863501787186e-01 5.064224004745e-01 4.510987401009e-01 5.161239504814e-01 6.763928532600e-01 5.406193733215e-01 1.088867902756e+00 1.278133034706e+00 1.051924109459e+00 1.155669689178e+00 1.237784147263e+00 2.818935155869e+00 1.212781333923e+01 1.020454978943e+01 2.550435543060e+00 1.200789213181e+00 7.483699917793e-01 5.618607401848e-01 4.805814325809e-01 4.745921790600e-01 6.097577214241e-01 7.971741557121e-01 2.637797117233e+00 1.316409015656e+01 5.006110000610e+01 5.911529922485e+01 9.062252044678e+00 4.198035717010e+00 2.495082855225e+00 2.353156566620e+00
1.947332620621e-01 4.557942152023e-01 5.793865919113e-01 6.489757895470e-01 6.656237840652e-01 6.359924077988e-01 5.966414809227e-01 5.370639562607e-01 4.646208584309e-01 3.806242048740e-01 4.209082424641e-01 4.432828724384e-01 4.250996708870e-01 4.958590865135e-01 5.671300292015e-01 5.337959527969e-01 4.394128322601e-01 7.070150375366e-01 7.331129312515e-01 1.991758942604e+00 1.277481913567e+00 9.285427927971e-01 6.353347301483e-01 6.604701280594e-01 1.235597014427e+00 1.186046409607e+01 1.212517833710e+01 2.298316717148e+00 1.518250107765e+00 7.776679992676e-01 4.860855638981e-01 3.495875000954e-01 3.108498752117e-01 3.158773481846e-01 4.934186339378e-01 8.375482559204e-01 5.471961021423e+00 1.772349548340e+01 4.583650588989e+01 2.350779724121e+01 1.134879875183e+01 2.047282695770e+00 1.816041231155e+00
1.302052736282e-01 2.860000729561e-01 3.544944524765e-01 3.872270286083e-01 3.749414682388e-01 3.707390129566e-01 4.132286012173e-01 4.603615403175e-01 5.045131444931e-01 5.046503543854e-01 4.352458417416e-01 3.394270837307e-01 3.999809026718e-01 4.379010200500e-01 4.445047974586e-01 4.457292854786e-01 4.484097957611e-01 7.429418563843e-01 1.015119671822e+00 1.684596538544e+00 1.315713167191e+00 1.036562800407e+00 5.191399455070e-01 5.248178243637e-01 1.047679424286e+00 5.358641624451e+00 4.077874183655e+00 1.792567372322e+00 1.421989679337e+00 8.035442233086e-01 4.442527294159e-01 3.805189132690e-01 3.356914520264e-01 3.284257650375e-01 4.084703028202e-01 7.192285656929e-01 1.524166584015e+00 7.545809745789e+00 9.000208854675e+00 5.489720344543e+00 3.455984115601e+00 1.562236189842e+00 1.458803296089e+00
1.221065446734e-01 2.253069430590e-01 3.296622037888e-01 4.161110818386e-01 4.932959079742e-01 5.806893706322e-01 6.765803694725e-01 7.799348235130e-01 8.756241798401e-01 9.034456610680e-01 8.095740675926e-01 6.047635078430e-01 3.926319181919e-01 4.104082286358e-01 5.069140195847e-01 5.520022511482e-01 6.730360388756e-01 7.846226692200e-01 9.332950711250e-01 1.597054004669e+00 1.306501150131e+00 7.657364606857e-01 4.150284826756e-01 4.069816470146e-01 7.577337622643e-01 1.671363592148e+00 4.665496826172e+01 1.228017687798e+00 1.139033794403e+00 6.977057456970e-01 4.214466512203e-01 3.412815034389e-01 3.255304992199e-01 3.441634774208e-01 4.369443953037e-01 5.957974791527e-01 1.023344278336e+00 1.259143710136e+00 2.588676452637e+00 3.350270271301e+00 2.088205099106e+00 1.273035168648e+00 1.748641252518e+00
1.213598251343e-01 2.202830910683e-01 3.050724267960e-01 3.732043802738e-01 4.424102306366e-01 5.277093648911e-01 6.175329089165e-01 7.076314687729e-01 7.923845648766e-01 8.394547104836e-01 7.982929348946e-01 8.978649377823e-01 9.307850599289e-01 9.068823456764e-01 8.689853549004e-01 7.911027669907e-01 9.240531921387e-01 6.885310411453e-01 9.051088690758e-01 2.880527973175e+00 1.060333251953e+00 5.459958314896e-01 3.891547024250e-01 3.276224136353e-01 4.499608874321e-01 3.444667816162e+00 1.047103881836e+01 9.984862804413e-01 1.208805203438e+00 5.198469758034e-01 3.977845907211e-01 3.067961335182e-01 3.102503716946e-01 3.543319702148e-01 4.600709974766e-01 5.481253266335e-01 6.274008750916e-01 9.925155639648e-01 2.155277729034e+00 2.500880956650e+00 1.630137801170e+00 1.224142313004e+00 1.505022525787e+00
