VariationalSeries/SI/f50.grd
DSAA
101	101
32.816463539100	34.260883539100
35.556306596100	36.727886596100
2.489429200068e-03	4.526439514160e+02
[rows 76 to 94 of 101, columns 43 to 85 of 101]
6.849309802055e-01 5.871531963348e-01 1.043851971626e+00 2.721158504486e+00 2.921734809875e+00 5.929016590118e+00 9.577272415161e+00 1.081974124908e+01 6.688790321350e+00 1.846888661385e+00 5.903667449951e+00 1.333691120148e+01 1.004454135895e+01 2.732384443283e+00 1.204156637192e+00 1.675163388252e+00 1.922344923019e+00 1.089264035225e+00 9.849657416344e-01 1.210815787315e+00 4.173911094666e+00 9.182051658630e+00 2.113517045975e+00 1.439132809639e+00 1.046422839165e+00 7.035249471664e-01 3.611432015896e-01 3.106710612774e-01 3.024888038635e-01 2.853681147099e-01 2.662013769150e-01 2.780725359917e-01 2.932969927788e-01 3.116781115532e-01 3.153102695942e-01 2.940668761730e-01 2.702324390411e-01 2.530752122402e-01 2.413839548826e-01 2.347892373800e-01 2.640191912651e-01 4.234286844730e-01 5.723610520363e-01
1.072878479958e+00 1.466335177422e+00 1.847957968712e+00 1.997238755226e+00 2.621619701385e+00 3.799185276031e+00 5.007413387299e+00 4.387080669403e+00 6.699178218842e+00 9.806724548340e+00 9.770008087158e+00 4.721361160278e+00 3.473513364792e+00 2.729721069336e+00 1.772034406662e+00 2.431317567825e+00 7.289133667946e-01 3.498046100140e-01 4.269767105579e-01 4.763525724411e-01 3.627362251282e-01 4.350166618824e-01 6.878757476807e-01 7.236832380295e-01 6.596384048462e-01 4.055339694023e-01 1.974277496338e-01 1.771179735661e-01 2.016266733408e-01 2.326801419258e-01 2.487228959799e-01 2.547869682312e-01 2.537662088871e-01 2.429485768080e-01 2.117055356503e-01 1.703312098980e-01 1.374905407429e-01 1.325727701187e-01 1.397913545370e-01 1.684769243002e-01 2.265135794878e-01 3.847378790379e-01 5.100602507591e-01
2.336815357208e+00 3.540513753891e+00 2.258748531342e+00 9.960528612137e-01 1.293197035789e+00 4.197026252747e+00 1.179158592224e+01 1.575782299042e+01 1.192238998413e+01 5.944813251495e+00 3.312815666199e+00 2.250769615173e+00 1.455437660217e+00 2.240406990051e+00 2.527743101120e+00 7.711302638054e-01 2.559694647789e-01 2.345217168331e-01 2.420374900103e-01 3.186345696449e-01 2.388489544392e-01 2.185371816158e-01 2.526611685753e-01 2.908932864666e-01 2.639390528202e-01 2.481660991907e-01 1.978796273470e-01 2.065081149340e-01 1.733256578445e-01 1.940624862909e-01 2.034441977739e-01 1.900048702955e-01 1.863294094801e-01 1.804055571556e-01 1.274081915617e-01 1.217721104622e-01 1.292994022369e-01 1.287611871958e-01 1.260572075844e-01 1.356416195631e-01 1.658080965281e-01 3.387049436569e-01 4.923833310604e-01
3.223587512970e+00 3.783468246460e+00 1.299791097641e+00 1.379783630371e+00 4.285622119904e+00 7.693676471710e+00 7.958162307739e+00 6.914087772369e+00 6.399292945862e+00 2.861688137054e+00 2.746268987656e+00 3.221260786057e+00 2.128906250000e+00 1.603698134422e+00 4.654126167297e-01 2.845869660378e-01 1.799661517143e-01 1.741599738598e-01 1.676370650530e-01 2.005494982004e-01 1.851653605700e-01 1.852498799562e-01 1.724470257759e-01 1.678504496813e-01 1.653196811676e-01 1.689674258232e-01 1.637889742851e-01 1.669075936079e-01 1.790995299816e-01 1.719975918531e-01 1.744419932365e-01 1.436632722616e-01 1.590901911259e-01 1.670001000166e-01 1.332056373358e-01 1.011979579926e-01 1.209386065602e-01 1.285848021507e-01 1.290765255690e-01 1.268615573645e-01 1.324938982725e-01 1.827160269022e-01 3.049825727940e-01
1.398636698723e+00 2.805781364441e+00 3.974803924561e+00 4.523994445801e+00 4.415646076202e+00 3.643532991409e+00 4.594600200653e+00 5.626722335815e+00 8.106666564941e+00 3.271831512451e+00 3.294264793396e+00 2.009445428848e+00 8.585703372955e-01 3.189155161381e-01 2.205352187157e-01 1.799273490906e-01 1.618951410055e-01 1.462227702141e-01 1.340379863977e-01 1.253872066736e-01 1.365764886141e-01 1.092345118523e-01 1.108203753829e-01 1.105156317353e-01 1.157126501203e-01 1.218186989427e-01 1.233081817627e-01 1.133080348372e-01 9.475699812174e-02 1.138691976666e-01 1.144403964281e-01 1.114569604397e-01 1.254912018776e-01 1.393226236105e-01 1.280710995197e-01 1.005286127329e-01 1.124357953668e-01 1.261304020882e-01 1.294783651829e-01 1.334750354290e-01 1.547939330339e-01 1.859707087278e-01 2.290724515915e-01
1.796090722084e+00 4.780547618866e+00 8.878771781921e+00 5.426472663879e+00 3.706887483597e+00 5.648984909058e+00 7.724077224731e+00 1.052411842346e+01 4.956573486328e+00 2.854039907455e+00 1.325720548630e+00 8.214601278305e-01 3.463456332684e-01 1.875641793013e-01 1.356425732374e-01 1.120992451906e-01 1.032648757100e-01 9.609192609787e-02 9.862916171551e-02 1.050765216351e-01 1.050472185016e-01 9.879057854414e-02 9.807519614697e-02 1.042025089264e-01 1.246208995581e-01 1.454694867134e-01 1.595623046160e-01 1.555696427822e-01 1.232635304332e-01 9.248097985983e-02 9.170634299517e-02 8.483825623989e-02 9.031606465578e-02 1.124961152673e-01 1.161141768098e-01 1.080126091838e-01 1.023002192378e-01 1.197262555361e-01 1.263587772846e-01 1.276605129242e-01 1.484489440918e-01 2.053970992565e-01 2.774169147015e-01
2.947811126709e+00 9.107384681702e+00 6.957543849945e+00 5.474279880524e+00 6.075810432434e+00 5.929327487946e+00 4.065659523010e+00 4.000471591949e+00 3.104175090790e+00 1.599601030350e+00 7.109196186066e-01 4.857909083366e-01 1.960760802031e-01 1.265089660883e-01 1.040164679289e-01 8.519247174263e-02 8.415116369724e-02 9.005539864302e-02 8.821757882833e-02 8.339332044125e-02 9.069511294365e-02 9.097053855658e-02 9.089622646570e-02 9.129668772221e-02 1.136575266719e-01 1.397950351238e-01 1.591715812683e-01 1.592739373446e-01 1.297793239355e-01 8.478577435017e-02 8.880914747715e-02 9.220296144485e-02 7.567489147186e-02 8.336225152016e-02 9.913526475430e-02 1.103435754776e-01 1.111084371805e-01 1.095952093601e-01 1.197656169534e-01 1.250562667847e-01 1.238225474954e-01 1.395246684551e-01 1.801073551178e-01
3.771387100220e+00 6.363190174103e+00 3.744161128998e+00 2.271773815155e+00 1.548473834991e+00 2.271115541458e+00 1.943645477295e+00 2.318953514099e+00 1.674877166748e+00 6.831473112106e-01 5.575202703476e-01 3.512240052223e-01 2.109803259373e-01 1.575281769037e-01 9.883266687393e-02 8.119384199381e-02 8.657561987638e-02 8.752571046352e-02 7.995492219925e-02 7.480446994305e-02 8.679302036762e-02 9.519121795893e-02 9.984458982944e-02 9.673298895359e-02 8.880183100700e-02 1.063163280487e-01 1.189503818750e-01 1.182609796524e-01 9.812356531620e-02 7.688403874636e-02 7.875317335129e-02 8.662118762732e-02 8.300369232893e-02 7.280488312244e-02 7.399437576532e-02 9.086816012859e-02 1.006985977292e-01 9.716011583805e-02 1.105385571718e-01 1.200942993164e-01 1.224545240402e-01 1.325041353703e-01 1.443137973547e-01
5.431854248047e+00 4.486265182495e+00 1.441781282425e+00 1.126172184944e+00 1.201248407364e+00 7.015210390091e-01 1.196140646935e+00 1.591984033585e+00 1.065322399139e+00 5.362192392349e-01 4.929490983486e-01 2.511161863804e-01 2.221229970455e-01 2.120263725519e-01 1.335107833147e-01 1.045438051224e-01 8.902626484632e-02 8.428570628166e-02 7.293636351824e-02 7.220102101564e-02 8.737322688103e-02 1.048472002149e-01 1.155307516456e-01 1.083236187696e-01 9.289328753948e-02 7.996015250683e-02 8.587305247784e-02 9.215308725834e-02 9.197888523340e-02 9.599976241589e-02 8.650052547455e-02 8.026652038097e-02 7.945957034826e-02 7.239244878292e-02 6.983376294374e-02 8.421690016985e-02 9.231129288673e-02 9.014680981636e-02 9.948700666428e-02 1.119814664125e-01 1.175464913249e-01 1.312970966101e-01 1.647033542395e-01
8.492031097412e+00 3.744929790497e+00 7.987937331200e-01 5.409027338028e-01 4.099870324135e-01 4.988119900227e-01 5.294678807259e-01 1.206403851509e+00 1.234362363815e+00 7.606465220451e-01 3.827171921730e-01 2.208508998156e-01 1.926229894161e-01 2.029663026333e-01 1.676345318556e-01 1.034518182278e-01 8.735864609480e-02 8.116808533669e-02 6.770367175341e-02 7.145269215107e-02 8.958084881306e-02 1.170865371823e-01 1.279933303595e-01 1.140037477016e-01 9.604012966156e-02 8.482951670885e-02 8.915315568447e-02 9.950978308916e-02 1.040241494775e-01 1.001637727022e-01 9.299881756306e-02 7.803567498922e-02 8.918549120426e-02 7.231541723013e-02 6.750471889973e-02 7.398478686810e-02 9.318076819181e-02 1.028059050441e-01 1.097428575158e-01 1.250123083591e-01 1.438573896885e-01 1.494233906269e-01 1.451232433319e-01
7.323983192444e+00 2.246300697327e+00 5.977099537849e-01 3.348036110401e-01 3.033500611782e-01 3.411705493927e-01 6.148221492767e-01 7.906052470207e-01 9.386808276176e-01 6.555010080338e-01 4.388620555401e-01 2.566787004471e-01 1.618603616953e-01 1.472682654858e-01 1.420285403728e-01 1.204451471567e-01 9.802875667810e-02 1.081534251571e-01 9.055326879025e-02 7.887853682041e-02 9.851603955030e-02 1.318363398314e-01 1.375450640917e-01 1.158235147595e-01 9.862406551838e-02 9.012832492590e-02 9.355936944485e-02 1.050903201103e-01 1.132267117500e-01 1.056156679988e-01 9.151303023100e-02 7.600624114275e-02 9.121462702751e-02 7.039945572615e-02 6.657809019089e-02 6.363012641668e-02 6.993593275547e-02 9.228924661875e-02 1.177784651518e-01 1.519283652306e-01 1.857036203146e-01 1.988546252251e-01 2.008686810732e-01
3.826227664948e+00 7.432344555855e-01 3.506676554680e-01 3.074398040771e-01 2.555862069130e-01 2.455683052540e-01 3.953283429146e-01 2.205135673285e-01 5.690694451332e-01 8.598389029503e-01 6.274446845055e-01 4.804086387157e-01 2.365743815899e-01 1.476027667522e-01 1.266513466835e-01 1.273522824049e-01 1.353906393051e-01 1.220849305391e-01 1.075085029006e-01 9.593405574560e-02 1.175456196070e-01 1.448237299919e-01 1.398974210024e-01 1.181367188692e-01 1.057191714644e-01 9.976390004158e-02 9.953980892897e-02 1.104444339871e-01 1.195429638028e-01 1.142194643617e-01 9.558212757111e-02 7.574795931578e-02 8.636116981506e-02 7.792115211487e-02 6.576911360025e-02 6.569179892540e-02 6.357362121344e-02 6.663716584444e-02 8.512097597122e-02 1.302648633718e-01 1.778584867716e-01 2.070176154375e-01 2.236306518316e-01
1.031983137131e+00 4.240998327732e-01 2.785826325417e-01 2.645794451237e-01 1.975658833981e-01 1.817922592163e-01 1.781321465969e-01 1.751567572355e-01 2.068176865578e-01 7.078114151955e-01 7.855895757675e-01 1.153278589249e+00 7.403240799904e-01 2.693108916283e-01 1.687797755003e-01 1.412796229124e-01 1.536136567593e-01 1.814016103745e-01 1.692975163460e-01 1.360687911510e-01 1.335797756910e-01 1.501749902964e-01 1.355797350407e-01 1.174426376820e-01 1.108269095421e-01 1.100558340549e-01 1.124545261264e-01 1.128898710012e-01 1.222059130669e-01 1.221751645207e-01 1.052130311728e-01 8.131007850170e-02 8.136960864067e-02 8.104913681746e-02 7.565320283175e-02 7.763111591339e-02 7.698241621256e-02 7.584173977375e-02 7.512050867081e-02 7.503543049097e-02 1.010264530778e-01 1.341711878777e-01 1.579830199480e-01
3.935575187206e-01 2.355901002884e-01 2.488956302404e-01 2.155385911465e-01 1.684070974588e-01 1.529033184052e-01 1.332399100065e-01 1.354587525129e-01 1.570222228765e-01 2.931033968925e-01 1.176152825356e+00 2.884078979492e+00 1.980882048607e+00 6.344161033630e-01 2.812094092369e-01 1.763569414616e-01 1.606491208076e-01 1.923567950726e-01 1.866035312414e-01 1.970892697573e-01 1.900865584612e-01 1.570089161396e-01 1.409548968077e-01 1.269121170044e-01 1.233535036445e-01 1.246251016855e-01 1.247575134039e-01 1.219277903438e-01 1.222502514720e-01 1.282236725092e-01 1.155859455466e-01 8.471889793873e-02 7.976476103067e-02 7.844211906195e-02 8.141463249922e-02 8.756442368031e-02 9.176275879145e-02 9.321706742048e-02 9.277251362801e-02 8.977615833282e-02 8.732525259256e-02 9.195694327354e-02 9.497727453709e-02
3.346105217934e-01 2.045076638460e-01 2.208478152752e-01 1.678277105093e-01 1.316888779402e-01 1.238644719124e-01 1.089980751276e-01 1.156121492386e-01 1.156039759517e-01 2.064952701330e-01 8.914999961853e-01 2.401417732239e+00 2.165070295334e+00 1.396399617195e+00 3.419794440269e-01 1.948162913322e-01 1.487282365561e-01 2.127322107553e-01 2.533631324768e-01 2.383454740047e-01 1.953788995743e-01 1.532042920589e-01 1.523581445217e-01 1.437943130732e-01 1.393868029118e-01 1.365973502398e-01 1.311732977629e-01 1.200802996755e-01 1.228626370430e-01 1.291772723198e-01 1.136711388826e-01 9.035877883434e-02 9.351194649935e-02 9.057207405567e-02 8.602561801672e-02 8.163175731897e-02 8.732428401709e-02 9.081559628248e-02 9.010034054518e-02 8.464191108942e-02 9.124014526606e-02 1.077949404716e-01 1.196127906442e-01
4.117728769779e-01 2.168919742107e-01 1.925934553146e-01 1.416514366865e-01 1.074597015977e-01 1.017029657960e-01 1.039627641439e-01 1.029378697276e-01 9.990718215704e-02 1.297018826008e-01 3.398608565331e-01 1.229165554047e+00 4.468731403351e+00 3.451896905899e+00 5.831242799759e-01 2.271240800619e-01 2.490462213755e-01 2.664292156696e-01 2.376807034016e-01 1.897613406181e-01 1.546101123095e-01 1.582376062870e-01 1.684674918652e-01 1.638014018536e-01 1.532612890005e-01 1.395669132471e-01 1.211493089795e-01 1.088036820292e-01 1.265012472868e-01 1.295998394489e-01 1.197093129158e-01 1.332765221596e-01 1.339020729065e-01 1.269347816706e-01 1.142822429538e-01 8.913207054138e-02 7.241784036160e-02 7.202530652285e-02 7.237789034843e-02 7.803805172443e-02 9.171649068594e-02 1.142930388451e-01 1.416702717543e-01
4.356499314308e-01 2.457994222641e-01 1.847406476736e-01 1.236432418227e-01 9.696784615517e-02 1.015403568745e-01 1.001660600305e-01 9.657041728497e-02 8.720642328262e-02 9.925424307585e-02 1.927261352539e-01 6.269668936729e-01 2.178780078888e+00 1.926903247833e+00 6.515042781830e-01 3.750395178795e-01 3.094412684441e-01 2.409058213234e-01 1.862058341503e-01 1.492459326982e-01 1.494883447886e-01 1.602247059345e-01 1.710559576750e-01 1.634035557508e-01 1.417814493179e-01 1.154513061047e-01 9.363052994013e-02 1.017554402351e-01 1.267184019089e-01 1.327204853296e-01 1.417921334505e-01 1.561523228884e-01 1.554794907570e-01 1.452602893114e-01 1.237215846777e-01 8.994878083467e-02 9.244439750910e-02 9.611119329929e-02 1.016786843538e-01 1.063593849540e-01 1.073539778590e-01 1.173176169395e-01 1.513483971357e-01
4.071350097656e-01 2.197635471821e-01 1.554698944092e-01 9.720082581043e-02 9.293166548014e-02 1.000604480505e-01 9.657759964466e-02 8.353176712990e-02 6.639313697815e-02 8.914456516504e-02 1.638366430998e-01 2.783315479755e-01 7.736623287201e-01 9.253751039505e-01 6.751053333282e-01 4.158666729927e-01 2.641621828079e-01 1.883591413498e-01 1.751428246498e-01 1.708559691906e-01 1.546595096588e-01 1.468340456486e-01 1.425441354513e-01 1.257748454809e-01 9.966181218624e-02 8.708103746176e-02 8.575978875160e-02 9.127992391586e-02 1.176108643413e-01 1.310807317495e-01 1.003037318587e-01 1.096584945917e-01 1.099985167384e-01 1.031536087394e-01 9.676618129015e-02 1.062125265598e-01 1.151931807399e-01 1.268279105425e-01 1.390977501869e-01 1.458010226488e-01 1.430812627077e-01 1.328612416983e-01 1.482565253973e-01
3.635746240616e-01 1.696206480265e-01 1.119267120957e-01 7.223438471556e-02 8.687461912632e-02 9.620894491673e-02 9.209667891264e-02 7.601642608643e-02 5.618968233466e-02 7.996554672718e-02 1.470915526152e-01 2.283230721951e-01 5.390541553497e-01 6.962164044380e-01 5.448387265205e-01 3.244432508945e-01 2.017206251621e-01 1.882885098457e-01 1.859005093575e-01 1.565635651350e-01 1.251096278429e-01 1.049214676023e-01 9.215461462736e-02 7.752837985754e-02 7.195965945721e-02 7.050088047981e-02 7.038414478302e-02 7.749013602734e-02 1.021396890283e-01 1.191881448030e-01 9.320250898600e-02 7.385209947824e-02 6.921868771315e-02 8.878030627966e-02 1.054930016398e-01 1.203744187951e-01 1.375737637281e-01 1.587618738413e-01 1.784086972475e-01 1.862477362156e-01 1.768449693918e-01 1.555131822824e-01 1.458659470081e-01
