VariationalSeries/SI/f53_max.grd
DSAA
101	101
32.816463539100	34.260883539100
35.556306596100	36.727886596100
1.270597917028e-03	2.310405731201e+02
[rows 57 to 75 of 101, columns 43 to 85 of 101]
9.060085415840e-01 1.099624752998e+00 5.677862763405e-01 6.373624205589e-01 6.281511783600e-01 9.809799194336e-01 1.069111466408e+00 1.703370451927e+00 1.266272187233e+00 6.860348582268e-01 4.989494085312e-01 4.145878851414e-01 3.082997500896e-01 5.261374115944e-01 2.441787719727e+00 8.098867416382e+00 1.640818786621e+01 1.649831390381e+01 2.958773803711e+01 7.974680423737e+00 2.259146690369e+00 1.794153451920e+00 3.124931097031e+00 5.729679584503e+00 9.808511734009e+00 8.956507682800e+00 9.778238296509e+00 7.867814064026e+00 9.903119087219e+00 9.347658157349e+00 9.762001991272e+00 7.292535781860e+00 7.481879711151e+00 1.055951213837e+01 6.578933715820e+00 4.149921417236e+00 4.816433906555e+00 6.598710060120e+00 8.275295257568e+00 6.003069400787e+00 2.515596389771e+00 2.325437307358e+00 2.241988420486e+00
7.202569842339e-01 1.766098380089e+00 4.595223069191e-01 4.925398826599e-01 4.857517778873e-01 7.174243330956e-01 1.352312088013e+00 4.286527156830e+00 3.391600370407e+00 7.398413419724e-01 4.648813307285e-01 3.202842175961e-01 2.494000643492e-01 2.475290000439e-01 5.151927471161e-01 4.908835887909e+00 5.642479419708e+00 5.750814914703e+00 4.557016849518e+00 4.544373512268e+00 3.160349130630e+00 2.396547555923e+00 1.851298332214e+00 1.188801765442e+00 3.049776554108e+00 5.934012889862e+00 1.054883098602e+01 1.097761917114e+01 1.191362190247e+01 6.409976482391e+00 8.488301277161e+00 7.639974594116e+00 6.563193321228e+00 6.001093864441e+00 6.090171813965e+00 4.530142307281e+00 4.458605289459e+00 5.198584556580e+00 5.074089050293e+00 4.620276927948e+00 4.777083396912e+00 4.995101451874e+00 4.662471294403e+00
6.193478107452e-01 7.201040387154e-01 4.159325361252e-01 4.461434483528e-01 4.514375925064e-01 6.503034234047e-01 1.934700965881e+00 1.056436538696e+01 8.654774665833e+00 1.199292063713e+00 4.854030907154e-01 2.756626605988e-01 1.931782811880e-01 1.766896992922e-01 1.834398806095e-01 2.255163937807e-01 2.915680408478e-01 4.077260792255e-01 8.315998911858e-01 7.002477049828e-01 7.815152406693e-01 8.989443778992e-01 5.945262908936e-01 6.000424623489e-01 1.500802278519e+00 6.934233665466e+00 1.191020870209e+01 1.379244041443e+01 1.321663188934e+01 1.328280067444e+01 8.589566230774e+00 7.417773246765e+00 6.252293586731e+00 5.949950218201e+00 8.321851730347e+00 7.187981605530e+00 5.972855091095e+00 3.739290714264e+00 3.864843606949e+00 3.228216648102e+00 2.913217782974e+00 2.647926330566e+00 2.302734136581e+00
5.689434409142e-01 5.090559124947e-01 4.011281430721e-01 4.497663974762e-01 5.010764598846e-01 6.564626693726e-01 1.398102664948e+01 5.833984851837e+00 6.415272712708e+00 9.071837663651e-01 4.247393012047e-01 2.645927071571e-01 1.759434640408e-01 1.436128765345e-01 1.373274326324e-01 1.450922936201e-01 1.736969947815e-01 2.290616333485e-01 3.135588467121e-01 3.845119774342e-01 4.226627349854e-01 8.591414690018e-01 4.437598884106e-01 4.087188243866e-01 1.249620199203e+00 2.737895727158e+00 9.820005416870e+00 1.147017478943e+01 1.169384288788e+01 1.259173870087e+01 1.074009418488e+01 8.173543930054e+00 5.734029769897e+00 7.262362480164e+00 4.984450817108e+00 4.401754379272e+00 3.639895200729e+00 3.003882884979e+00 2.817064523697e+00 2.822547912598e+00 2.909724950790e+00 4.292788505554e+00 5.817235469818e+00
4.797007441521e-01 3.713018894196e-01 3.927641212940e-01 4.745897650719e-01 8.129033446312e-01 1.276448488235e+00 3.723971366882e+00 8.630860328674e+00 3.056053161621e+00 4.878016114235e-01 3.073304295540e-01 2.250094562769e-01 1.601326614618e-01 1.202814355493e-01 1.103181988001e-01 1.104222610593e-01 1.205446049571e-01 1.614098399878e-01 2.224854975939e-01 2.548380196095e-01 2.578313350677e-01 5.281884670258e-01 3.217476308346e-01 3.682169020176e-01 7.690851688385e-01 2.576505899429e+00 6.975934028625e+00 9.381752967834e+00 9.982019424438e+00 7.779325485229e+00 5.918232917786e+00 8.465883255005e+00 5.797754764557e+00 3.991195917130e+00 4.512621402740e+00 5.919330596924e+00 5.341674804688e+00 3.591717004776e+00 3.336874485016e+00 3.239726066589e+00 3.186703443527e+00 3.710961818695e+00 4.467208862305e+00
3.462714552879e-01 2.889015376568e-01 3.598731458187e-01 8.063039779663e-01 2.374100446701e+00 5.100419998169e+00 6.577017784119e+00 4.027348041534e+00 4.361822903156e-01 2.965624630451e-01 2.164553850889e-01 1.804603636265e-01 1.409908533096e-01 1.141774207354e-01 1.004774421453e-01 1.043316423893e-01 1.092500463128e-01 1.330929845572e-01 1.921752393246e-01 2.368207424879e-01 2.518955767155e-01 2.590171098709e-01 2.609353363514e-01 3.872514069080e-01 9.310525655746e-01 2.424619913101e+00 2.964807510376e+00 2.924878835678e+00 5.882775783539e+00 6.778894424438e+00 7.986361026764e+00 5.120508193970e+00 6.560695171356e+00 4.806824684143e+00 5.544258594513e+00 6.501310825348e+00 1.291252899170e+01 8.119141578674e+00 4.783085346222e+00 3.730816125870e+00 3.831708669662e+00 3.759278059006e+00 3.627579689026e+00
2.271222025156e-01 2.354282289743e-01 2.972256243229e-01 3.744445145130e-01 9.307300448418e-01 5.309648513794e+00 3.241927623749e+00 4.436261951923e-01 2.589412331581e-01 2.310686260462e-01 1.945189982653e-01 1.642164438963e-01 1.298573911190e-01 1.095003560185e-01 9.729269146919e-02 1.067678928375e-01 1.122872680426e-01 1.093316376209e-01 1.575732380152e-01 2.014367431402e-01 2.279803752899e-01 2.269212603569e-01 2.751686573029e-01 4.426758587360e-01 1.376099705696e+00 2.742311716080e+00 1.636547207832e+00 2.146375417709e+00 2.043492078781e+00 1.026747322083e+01 1.489804172516e+01 8.192357063293e+00 4.542179584503e+00 6.085141658783e+00 2.471081495285e+00 2.569757699966e+00 9.382603645325e+00 4.531138420105e+00 3.626304388046e+00 2.738925457001e+00 2.811048269272e+00 3.132230520248e+00 3.436734914780e+00
1.862826347351e-01 2.038435041904e-01 2.396267205477e-01 3.026387691498e-01 3.332896530628e-01 4.706048071384e-01 5.203893184662e-01 3.561858832836e-01 1.903354972601e-01 1.958596259356e-01 1.712925881147e-01 1.572520732880e-01 1.285393387079e-01 1.051655262709e-01 1.060490682721e-01 1.078259050846e-01 1.144679784775e-01 1.152885183692e-01 1.323369443417e-01 1.702874749899e-01 2.005150020123e-01 2.145390361547e-01 2.280852645636e-01 3.620103001595e-01 1.012308359146e+00 6.337932348251e-01 6.369990110397e-01 9.871138334274e-01 2.261527776718e+00 4.440608024597e+00 4.708423137665e+00 5.984565258026e+00 9.423207283020e+00 5.113761425018e+00 4.889984130859e+00 3.703879356384e+00 3.843178272247e+00 3.251162528992e+00 1.794799208641e+00 2.181044816971e+00 2.127432107925e+00 2.249461650848e+00 2.843422889709e+00
1.466105282307e-01 1.649414449930e-01 1.972619593143e-01 2.420081347227e-01 2.598606944084e-01 2.876118123531e-01 3.033613264561e-01 1.917263269424e-01 1.653236150742e-01 1.729404479265e-01 1.608040481806e-01 1.391277462244e-01 1.172002553940e-01 1.060177311301e-01 1.031653136015e-01 1.177727356553e-01 1.176855340600e-01 1.010490283370e-01 1.166368052363e-01 1.483926177025e-01 1.760089248419e-01 2.043286561966e-01 2.804479300976e-01 2.971760928631e-01 3.001989722252e-01 4.189504086971e-01 4.038729667664e-01 9.814006686211e-01 1.377832174301e+00 1.842223525047e+00 3.841539859772e+00 6.686732292175e+00 5.067495346069e+00 9.283409118652e+00 5.943539619446e+00 3.372852563858e+00 2.839378356934e+00 2.528275251389e+00 2.995526790619e+00 2.840744972229e+00 3.547558784485e+00 3.451020240784e+00 4.037195682526e+00
1.348548978567e-01 1.363053321838e-01 1.528933793306e-01 1.705497205257e-01 1.837206482887e-01 1.806192994118e-01 1.729726940393e-01 1.686715334654e-01 1.825235188007e-01 1.803388446569e-01 1.681578904390e-01 1.471619457006e-01 1.211446598172e-01 1.086447015405e-01 9.802101552486e-02 9.633439034224e-02 1.082086116076e-01 1.094888672233e-01 1.101515665650e-01 1.333256363869e-01 1.547458320856e-01 1.831631213427e-01 2.674942016602e-01 3.022967875004e-01 3.251590728760e-01 6.771727204323e-01 9.276337027550e-01 1.186368227005e+00 1.656975984573e+00 1.798165917397e+00 3.948494195938e+00 7.404807090759e+00 3.526062488556e+00 3.786940813065e+00 6.805023193359e+00 5.905462265015e+00 3.998331069946e+00 3.451954603195e+00 4.143041610718e+00 2.158133268356e+00 2.892274856567e+00 3.378387451172e+00 4.011864662170e+00
1.114763990045e-01 1.277993172407e-01 1.338603794575e-01 1.324363499880e-01 1.484080106020e-01 1.650736331940e-01 1.779408901930e-01 1.580115705729e-01 1.491387188435e-01 1.537900567055e-01 1.650681495667e-01 1.647096872330e-01 1.427593678236e-01 1.228020638227e-01 1.164836660028e-01 1.067935898900e-01 9.212998300791e-02 9.937477111816e-02 1.129693537951e-01 1.253267675638e-01 1.380062699318e-01 1.600371748209e-01 2.279651910067e-01 2.246122360229e-01 2.572824954987e-01 6.080653667450e-01 1.294205546379e+00 1.745241284370e+00 2.446471452713e+00 1.286693572998e+00 3.869819164276e+00 1.949354767799e+00 2.070917606354e+00 2.445435285568e+00 3.973146677017e+00 4.301631927490e+00 5.529192447662e+00 5.128676891327e+00 3.672924757004e+00 3.124571323395e+00 2.429789781570e+00 2.615555047989e+00 2.026288270950e+00
1.102778017521e-01 1.216087788343e-01 1.207767352462e-01 1.204309239984e-01 1.287725120783e-01 1.479045301676e-01 1.602105051279e-01 1.432584673166e-01 1.145576089621e-01 1.227133274078e-01 1.327676624060e-01 1.495337188244e-01 1.560168266296e-01 1.308552920818e-01 1.246711611748e-01 1.527162939310e-01 1.356487423182e-01 1.075555235147e-01 1.174989938736e-01 1.227921471000e-01 1.494551151991e-01 1.658075153828e-01 1.795140951872e-01 2.293939739466e-01 2.669407725334e-01 4.478204548359e-01 9.267134666443e-01 1.111262440681e+00 1.521773934364e+00 8.653040528297e-01 1.890070557594e+00 1.475212335587e+00 2.402660369873e+00 1.489859700203e+00 2.972480058670e+00 2.149523735046e+00 3.343519449234e+00 4.165158748627e+00 3.775034189224e+00 5.165529727936e+00 4.769509315491e+00 3.844560861588e+00 3.295963048935e+00
1.058269888163e-01 1.141005605459e-01 1.095513328910e-01 1.093864291906e-01 1.099481135607e-01 1.105237454176e-01 1.225235089660e-01 1.159842610359e-01 1.406579911709e-01 1.521552950144e-01 1.391423046589e-01 1.374651193619e-01 1.481920182705e-01 1.553006172180e-01 1.459720283747e-01 1.884577125311e-01 1.681721657515e-01 1.273859441280e-01 1.286992728710e-01 1.264540851116e-01 1.452810913324e-01 1.573630422354e-01 1.777820140123e-01 2.364059835672e-01 2.786378264427e-01 4.000957608223e-01 6.016268730164e-01 6.870710253716e-01 7.470918297768e-01 9.463542103767e-01 1.663577675819e+00 2.496897935867e+00 1.650125622749e+00 4.154814243317e+00 1.390081286430e+00 1.849016547203e+00 3.585846662521e+00 5.062850475311e+00 2.510190010071e+00 2.827533245087e+00 1.878038525581e+00 3.390480756760e+00 3.024780273438e+00
9.413617849350e-02 1.014338955283e-01 9.736146032810e-02 9.397180378437e-02 8.730677515268e-02 8.944987505674e-02 9.433182328939e-02 1.287576109171e-01 1.597693413496e-01 1.642078906298e-01 1.453165262938e-01 1.529568284750e-01 1.692927628756e-01 1.664852946997e-01 1.665431261063e-01 1.745879948139e-01 1.874218136072e-01 2.203263044357e-01 1.968382894993e-01 1.770838052034e-01 1.765943914652e-01 1.905042231083e-01 2.272219061852e-01 2.408231049776e-01 2.841766178608e-01 3.447571396828e-01 5.711531639099e-01 5.601330399513e-01 1.115825176239e+00 2.213894844055e+00 2.694314479828e+00 1.299864292145e+00 1.311277031898e+00 4.096540451050e+00 2.114031553268e+00 2.613954305649e+00 2.337353706360e+00 2.994772195816e+00 2.181667327881e+00 8.514862060547e-01 8.148550987244e-01 1.099733829498e+00 2.109959125519e+00
8.639516681433e-02 8.634898811579e-02 8.548294752836e-02 8.410441875458e-02 8.618762344122e-02 9.231388568878e-02 9.678161889315e-02 1.197071149945e-01 1.342505961657e-01 1.297913193703e-01 1.525193899870e-01 1.635301113129e-01 1.581774055958e-01 1.651199162006e-01 2.225999087095e-01 3.091879785061e-01 3.512226343155e-01 4.427030980587e-01 4.405150115490e-01 4.797911643982e-01 3.403291404247e-01 3.177474439144e-01 3.677690327168e-01 3.084108531475e-01 3.532899618149e-01 4.877810478210e-01 1.441472053528e+00 1.344300150871e+00 1.443850040436e+00 1.921206831932e+00 9.865666627884e-01 1.038639426231e+00 1.430038571358e+00 8.224850296974e-01 4.333605766296e+00 5.967809200287e+00 5.310300827026e+00 1.272391676903e+00 6.052964329720e-01 5.060989856720e-01 4.945697188377e-01 5.823490619659e-01 6.149129271507e-01
8.005880564451e-02 8.288561552763e-02 7.946453243494e-02 8.529000729322e-02 9.320578724146e-02 1.067698821425e-01 1.070214584470e-01 1.223277077079e-01 1.377004832029e-01 1.623331159353e-01 1.677915006876e-01 1.983122080564e-01 2.069293558598e-01 1.906367987394e-01 4.777739942074e-01 1.714739084244e+00 1.356795907021e+00 7.577310800552e-01 8.497698307037e-01 1.066533088684e+00 7.912379503250e-01 4.077402949333e-01 4.734731614590e-01 5.924049615860e-01 5.777076482773e-01 1.081308484077e+00 1.514545321465e+00 1.320850610733e+00 1.098236560822e+00 9.694955348969e-01 1.104188323021e+00 1.061348676682e+00 7.913451790810e-01 6.643824577332e-01 1.122401237488e+00 5.081936836243e+00 5.272807121277e+00 1.090580582619e+00 4.011492729187e-01 4.095692038536e-01 3.766231834888e-01 3.622882068157e-01 5.896679162979e-01
7.999864220619e-02 8.600008487701e-02 1.072401404381e-01 1.197529733181e-01 1.098277941346e-01 1.816894114017e-01 2.133164107800e-01 2.188991159201e-01 1.886309087276e-01 1.918395459652e-01 2.095560580492e-01 2.621356546879e-01 2.604294419289e-01 9.414612054825e-01 6.752086639404e+00 8.599858283997e+00 4.059523582458e+00 2.148653268814e+00 1.735939145088e+00 1.382516384125e+00 6.774539351463e-01 6.495987772942e-01 1.400780797005e+00 2.984369993210e+00 2.450907707214e+00 1.307394981384e+00 1.535797238350e+00 1.252448797226e+00 1.326007723808e+00 9.385113716125e-01 2.372293710709e+00 9.483240842819e-01 7.020127177238e-01 4.996617734432e-01 3.419561684132e-01 1.054503679276e+00 1.159098148346e+00 2.854071259499e-01 1.996031254530e-01 2.351092696190e-01 2.910659313202e-01 3.260107040405e-01 3.053616285324e-01
9.611168503761e-02 1.507572680712e-01 2.051016241312e-01 2.227603644133e-01 2.888934314251e-01 3.836384117603e-01 3.767163157463e-01 3.320873677731e-01 2.851626873016e-01 2.199084460735e-01 2.817010581493e-01 3.107316493988e-01 1.653230309486e+00 9.208195686340e+00 1.273963069916e+01 4.500476837158e+00 1.341765761375e+00 8.294487595558e-01 8.688290715218e-01 7.635807394981e-01 7.145895361900e-01 1.624280452728e+00 3.202871561050e+00 4.229220867157e+00 3.400881290436e+00 1.742302298546e+00 1.221369981766e+00 8.752453327179e-01 8.126682043076e-01 7.084938883781e-01 1.007809758186e+00 4.424651563168e-01 5.086470246315e-01 4.136890769005e-01 2.613071501255e-01 1.558442860842e-01 1.303230822086e-01 1.287137269974e-01 1.337542235851e-01 1.667459607124e-01 2.240812778473e-01 2.840296328068e-01 2.912175059319e-01
1.584390699863e-01 2.362121492624e-01 3.132312297821e-01 4.536828398705e-01 8.746259808540e-01 8.592653870583e-01 1.191043376923e+00 9.273633360863e-01 1.055437326431e+00 6.277893781662e-01 3.390254676342e-01 2.132439613342e+00 8.650181770325e+00 8.673694610596e+00 2.289835691452e+00 6.735934615135e-01 1.230845451355e+00 1.626685261726e+00 1.186709403992e+00 1.361933708191e+00 1.643509745598e+00 1.675156116486e+00 2.417980909348e+00 1.983360052109e+00 1.327400088310e+00 1.043908715248e+00 6.520028114319e-01 2.568175494671e-01 2.674300074577e-01 2.533244788647e-01 3.251309394836e-01 2.386186569929e-01 2.135423123837e-01 1.493859589100e-01 1.529741883278e-01 1.562234908342e-01 1.615615189075e-01 1.699791848660e-01 1.811723858118e-01 1.956421583891e-01 1.986430734396e-01 2.376776635647e-01 3.109503388405e-01
