VariationalSeries/SI/f53_max.grd
DSAA
101	101
32.816463539100	34.260883539100
35.556306596100	36.727886596100
1.270597917028e-03	2.310405731201e+02
[rows 38 to 56 of 101, columns 43 to 85 of 101]
1.345572185516e+01 2.068078422546e+01 2.278102111816e+01 1.273603820801e+01 2.245026206970e+01 1.110212707520e+01 1.104664993286e+01 1.541043281555e+01 1.285773086548e+01 1.036249446869e+01 1.506195735931e+01 7.916904449463e+00 8.857220649719e+00 7.596053123474e+00 1.153641033173e+01 8.536300659180e+00 8.908348083496e+00 5.292348384857e+00 7.042626857758e+00 1.059510040283e+01 1.072009944916e+01 8.176079750061e+00 5.629462718964e+00 4.464130401611e+00 3.859231948853e+00 3.412848472595e+00 3.326590776443e+00 3.409372806549e+00 3.038170337677e+00 2.284131288528e+00 2.240860939026e+00 2.650413036346e+00 3.027009487152e+00 3.111195087433e+00 3.151895046234e+00 3.155498743057e+00 3.104193449020e+00 2.865479230881e+00 2.542284011841e+00 2.263050079346e+00 2.036523103714e+00 1.984233379364e+00 1.724223613739e+00
1.339205169678e+01 2.766180038452e+01 1.842565917969e+01 2.567093467712e+01 1.834140586853e+01 2.501566123962e+01 2.202090835571e+01 1.351366996765e+01 1.346900653839e+01 1.036857795715e+01 1.722839927673e+01 1.146765708923e+01 7.019175529480e+00 8.510905265808e+00 1.540212154388e+01 9.000183105469e+00 1.048461627960e+01 1.628857994080e+01 1.451768875122e+01 9.776547431946e+00 6.558369636536e+00 4.509708404541e+00 4.215175151825e+00 3.728582143784e+00 3.679488897324e+00 3.530196666718e+00 3.099674463272e+00 2.706982135773e+00 2.436345815659e+00 2.409229755402e+00 2.640679597855e+00 2.477660179138e+00 2.031342267990e+00 1.787919878960e+00 1.729746103287e+00 1.496693015099e+00 1.539634823799e+00 1.692974209785e+00 1.861506104469e+00 2.057629108429e+00 2.226566553116e+00 2.850840806961e+00 2.952444553375e+00
1.930731582642e+01 1.392081165314e+01 2.437489509583e+01 1.880208206177e+01 2.065162467957e+01 2.661982345581e+01 1.642573356628e+01 1.499557781219e+01 1.086790275574e+01 1.119591236115e+01 1.858825492859e+01 1.041500854492e+01 1.054204750061e+01 1.029612445831e+01 1.254806137085e+01 2.021401214600e+01 1.374877071381e+01 7.028530597687e+00 6.537271499634e+00 4.371191024780e+00 3.363978862762e+00 4.705888271332e+00 6.179786205292e+00 5.538496971130e+00 4.026878833771e+00 3.458392858505e+00 3.388879060745e+00 3.128520727158e+00 2.702480554581e+00 2.510195255280e+00 2.361190319061e+00 2.460789680481e+00 2.354890823364e+00 2.188885450363e+00 2.152204036713e+00 2.260567665100e+00 2.230138301849e+00 2.024467468262e+00 2.517232894897e+00 3.443475008011e+00 2.847686767578e+00 2.075504779816e+00 1.796226620674e+00
2.174884223938e+01 1.979975891113e+01 3.201541519165e+01 2.711460685730e+01 2.616889762878e+01 2.856107330322e+01 2.638964843750e+01 1.442488956451e+01 1.610750579834e+01 1.571578025818e+01 1.780798721313e+01 1.487665748596e+01 1.356438922882e+01 2.313969612122e+01 1.490241813660e+01 1.076295280457e+01 9.336655616760e+00 7.528108596802e+00 5.520605087280e+00 8.434351921082e+00 9.108054161072e+00 4.966449260712e+00 7.742797374725e+00 6.043693542480e+00 5.430632591248e+00 4.780933856964e+00 4.216222763062e+00 3.764503479004e+00 3.385627269745e+00 3.139266967773e+00 5.813821315765e+00 2.460709095001e+00 2.368150472641e+00 2.234331846237e+00 2.998776197433e+00 3.703187942505e+00 3.197722673416e+00 3.673957586288e+00 3.077887773514e+00 3.367251396179e+00 3.391323566437e+00 3.311714649200e+00 3.037758111954e+00
2.095425987244e+01 2.851532936096e+01 2.519322204590e+01 2.514445877075e+01 2.314798545837e+01 3.035196113586e+01 4.529091262817e+01 2.074555778503e+01 2.297024726868e+01 2.366567802429e+01 2.064365768433e+01 2.014935874939e+01 2.489816665649e+01 1.387295246124e+01 1.494073772430e+01 8.469025611877e+00 1.096345424652e+01 1.466999912262e+01 1.158150386810e+01 1.155650329590e+01 1.194939804077e+01 7.949585437775e+00 4.834732532501e+00 4.688360691071e+00 4.346437454224e+00 4.297947406769e+00 4.947422981262e+00 8.504171371460e+00 1.014962577820e+01 8.949781417847e+00 4.396862506866e+00 3.196840047836e+00 3.026632785797e+00 3.578679800034e+00 4.289654731750e+00 4.253706932068e+00 3.885337829590e+00 3.482793569565e+00 2.529038667679e+00 3.136934995651e+00 3.738668680191e+00 3.728275060654e+00 3.583208084106e+00
2.486379814148e+01 3.610746765137e+01 5.857877731323e+01 3.697280120850e+01 5.750048065186e+01 3.150908851624e+01 7.184052276611e+01 2.053128242493e+01 3.777464294434e+01 2.981488418579e+01 2.491906547546e+01 2.574839210510e+01 1.397665214539e+01 1.723895072937e+01 1.881724548340e+01 1.845731925964e+01 1.153644847870e+01 6.911328315735e+00 1.487988471985e+01 1.286237621307e+01 7.101719856262e+00 6.459617614746e+00 5.956860542297e+00 1.078703403473e+01 1.320683097839e+01 1.162386798859e+01 7.769884109497e+00 5.764922618866e+00 6.248331546783e+00 3.997779130936e+00 3.010554552078e+00 4.512899398804e+00 5.617060184479e+00 5.059585094452e+00 4.498668193817e+00 5.974534034729e+00 7.089614391327e+00 6.343876838684e+00 4.554113388062e+00 3.270815849304e+00 4.080046176910e+00 4.478034973145e+00 4.719508171082e+00
3.079179954529e+01 3.874003982544e+01 4.577382659912e+01 5.991657257080e+01 5.023141860962e+01 5.211087417603e+01 8.557040405273e+01 3.417486572266e+01 4.029676437378e+01 3.201793289185e+01 3.088181686401e+01 1.850285148621e+01 1.906837081909e+01 2.378704643250e+01 1.874071502686e+01 1.361529350281e+01 1.952614593506e+01 1.820870208740e+01 1.408779144287e+01 1.781731414795e+01 1.799876594543e+01 1.555702018738e+01 1.108738136292e+01 6.217697143555e+00 6.802188873291e+00 6.116315364838e+00 4.954292297363e+00 5.088237285614e+00 5.303896427155e+00 5.656605243683e+00 5.513500213623e+00 4.718813896179e+00 4.535702228546e+00 3.821993827820e+00 6.866740703583e+00 8.399051666260e+00 7.881454467773e+00 5.813647747040e+00 3.532557010651e+00 2.242303848267e+00 3.090182304382e+00 3.553885698318e+00 3.281167984009e+00
2.883212089539e+01 4.199505615234e+01 5.055779647827e+01 4.891531372070e+01 7.237921142578e+01 5.552753067017e+01 8.847912597656e+01 4.799141693115e+01 4.160487365723e+01 4.584177017212e+01 3.539744949341e+01 2.237289237976e+01 2.297825431824e+01 2.413477325439e+01 1.442455101013e+01 2.061071968079e+01 2.638895606995e+01 1.845688819885e+01 1.061513042450e+01 1.046742916107e+01 9.203485488892e+00 7.400110721588e+00 7.111805438995e+00 7.674466609955e+00 7.681464195251e+00 6.796410560608e+00 5.964421272278e+00 5.816013813019e+00 4.823375225067e+00 5.445570468903e+00 5.030635356903e+00 4.600002765656e+00 3.213696956635e+00 5.770437240601e+00 6.897498607635e+00 6.546541213989e+00 4.584343433380e+00 2.520475625992e+00 3.477077245712e+00 3.283751487732e+00 2.470326662064e+00 2.193092107773e+00 2.370859622955e+00
4.347866058350e+01 5.954982376099e+01 6.123980331421e+01 6.843655395508e+01 7.516928863525e+01 9.465403747559e+01 8.990312194824e+01 1.666250762939e+02 6.229862213135e+01 3.958942794800e+01 3.592728042603e+01 3.330665588379e+01 2.784855651855e+01 4.238712310791e+01 3.687106704712e+01 2.169441413879e+01 1.951976776123e+01 2.013311195374e+01 1.467024040222e+01 1.335777282715e+01 1.320965862274e+01 1.254206562042e+01 1.307918834686e+01 9.713526725769e+00 1.286258029938e+01 1.138904857635e+01 7.106702327728e+00 6.468552112579e+00 6.552228927612e+00 6.095147132874e+00 5.206002235413e+00 5.031105518341e+00 5.161484241486e+00 5.957054615021e+00 5.543281078339e+00 4.264382362366e+00 3.336027145386e+00 3.004763126373e+00 2.926362514496e+00 2.892287254333e+00 2.824528694153e+00 2.718338727951e+00 2.605709075928e+00
2.861822891235e+01 7.819766235352e+01 5.593445968628e+01 6.869206237793e+01 1.099976501465e+02 9.246458435059e+01 1.085657424927e+02 1.252914352417e+02 6.228175354004e+01 5.876825714111e+01 7.579339599609e+01 4.742548751831e+01 5.860005569458e+01 4.572837829590e+01 3.797029113770e+01 3.288076782227e+01 2.779487419128e+01 2.394011878967e+01 2.104516792297e+01 2.963989639282e+01 3.439399337769e+01 1.424876499176e+01 9.077353477478e+00 9.038568496704e+00 1.268960285187e+01 8.241444587708e+00 7.160681724548e+00 6.977999687195e+00 6.291827678680e+00 5.976387977600e+00 5.730484008789e+00 5.914167881012e+00 6.259542465210e+00 5.355763435364e+00 4.104587554932e+00 3.935523509979e+00 3.718697071075e+00 2.954296350479e+00 2.917165517807e+00 2.818954706192e+00 2.603445291519e+00 2.667711257935e+00 2.799230337143e+00
7.237522125244e+01 8.733663940430e+01 9.837220001221e+01 1.047853469849e+02 1.256491546631e+02 1.735456542969e+02 2.310405731201e+02 1.000410995483e+02 8.193972778320e+01 6.020539474487e+01 8.547557067871e+01 8.558013916016e+01 3.121075057983e+01 4.957820510864e+01 5.459154891968e+01 2.741834640503e+01 2.468765830994e+01 2.588127326965e+01 2.821198654175e+01 3.276805877686e+01 2.496888351440e+01 1.153741359711e+01 1.197697448730e+01 1.022058105469e+01 9.304971694946e+00 8.011978149414e+00 7.776915073395e+00 7.714645385742e+00 6.415878295898e+00 4.457851886749e+00 4.118220806122e+00 4.492256164551e+00 4.845939636230e+00 4.972945213318e+00 4.771042823792e+00 4.557309627533e+00 4.054578781128e+00 4.180249214172e+00 4.646042346954e+00 4.743677616119e+00 4.235206604004e+00 3.666661500931e+00 3.194525241852e+00
4.955296325684e+01 8.834629821777e+01 9.279246520996e+01 1.188713378906e+02 1.202622680664e+02 1.183976898193e+02 1.169054718018e+02 9.117956542969e+01 6.480785369873e+01 7.272583007812e+01 6.991057586670e+01 7.260121154785e+01 8.865220642090e+01 3.757540130615e+01 3.350097656250e+01 2.079751968384e+01 1.866886329651e+01 1.302231884003e+01 1.220649719238e+01 1.028564262390e+01 8.932385444641e+00 1.008609580994e+01 1.239008903503e+01 1.420400524139e+01 1.447192096710e+01 1.259702682495e+01 9.759908676147e+00 6.742577552795e+00 4.696725845337e+00 3.872171640396e+00 3.425484895706e+00 3.739956140518e+00 4.817643642426e+00 3.197670459747e+00 3.649270296097e+00 3.973027229309e+00 3.166926145554e+00 3.905963420868e+00 4.604007244110e+00 4.867686748505e+00 5.505938053131e+00 6.893202781677e+00 7.809418678284e+00
1.939310073853e+01 2.703410720825e+01 4.266230392456e+01 2.007159881592e+02 1.081864471436e+02 1.035375061035e+02 5.855881118774e+01 5.973392868042e+01 5.543912124634e+01 8.665940856934e+01 8.318021392822e+01 1.193677825928e+02 1.691729125977e+02 1.219150390625e+02 7.815138244629e+01 3.564190673828e+01 1.665044593811e+01 1.174728965759e+01 1.110594272614e+01 1.481059169769e+01 1.932234001160e+01 1.784417343140e+01 1.311869812012e+01 8.399006843567e+00 9.319133758545e+00 8.737243652344e+00 1.217756175995e+01 1.798629951477e+01 8.312085151672e+00 4.593157291412e+00 4.306260585785e+00 7.067464351654e+00 4.546446323395e+00 2.791717767715e+00 2.555486917496e+00 2.637900114059e+00 2.674155473709e+00 2.747467756271e+00 2.791720390320e+00 2.784762859344e+00 2.784688472748e+00 3.071463346481e+00 2.686056852341e+00
3.573415040970e+00 8.556627273560e+00 2.097890663147e+01 2.730923271179e+01 2.842377281189e+01 2.774826431274e+01 2.138791275024e+01 3.051306724548e+01 2.923465538025e+01 4.838237380981e+01 9.748844909668e+01 1.106484756470e+02 1.513921661377e+02 8.228762054443e+01 5.905683517456e+01 3.307416915894e+01 1.503031539917e+01 7.860649108887e+00 8.953558921814e+00 1.842581367493e+01 5.841524124146e+01 2.453291702271e+01 2.094096565247e+01 1.623059463501e+01 1.646582412720e+01 1.408524131775e+01 1.471572685242e+01 1.026969337463e+01 5.384731769562e+00 7.156621456146e+00 6.043627738953e+00 5.843644618988e+00 3.670201778412e+00 3.344791889191e+00 2.341435432434e+00 2.062008857727e+00 2.151524782181e+00 2.095529079437e+00 2.260936260223e+00 2.168150186539e+00 2.817497491837e+00 3.303629636765e+00 3.191044330597e+00
2.288851261139e+00 4.355939388275e+00 1.359118652344e+01 8.152606964111e+00 6.671758651733e+00 5.567222595215e+00 8.560273170471e+00 1.390107440948e+01 1.442972469330e+01 1.549483489990e+01 4.444726181030e+01 2.064180908203e+02 1.722757110596e+02 7.700933074951e+01 3.635824966431e+01 1.087005710602e+01 6.081152915955e+00 3.995604038239e+00 4.931884288788e+00 1.283970737457e+01 2.934711074829e+01 5.075953292847e+01 2.523599624634e+01 1.914197349548e+01 1.507373428345e+01 1.128186798096e+01 1.190433692932e+01 1.107253551483e+01 9.689367294312e+00 8.812856674194e+00 1.066262149811e+01 4.686659336090e+00 4.262705326080e+00 3.460361480713e+00 3.559871196747e+00 3.328956604004e+00 2.802751302719e+00 2.310339927673e+00 2.707825422287e+00 3.122380495071e+00 3.653330802917e+00 3.592359781265e+00 3.060472965240e+00
1.563593029976e+00 6.539398670197e+00 1.501648044586e+01 1.538913631439e+01 2.842448234558e+00 3.356795072556e+00 3.243551969528e+00 6.471427440643e+00 1.157380199432e+01 2.244224739075e+01 3.009654998779e+01 5.889090728760e+01 1.224646072388e+02 8.512415313721e+01 1.136964416504e+02 2.754516410828e+01 3.480997085571e+00 2.177469015121e+00 3.405222415924e+00 1.232339763641e+01 3.308852386475e+01 5.333127212524e+01 4.034425735474e+01 2.734244346619e+01 1.898867034912e+01 1.197813510895e+01 1.365111064911e+01 1.002624416351e+01 9.819828033447e+00 9.755331993103e+00 8.015221595764e+00 6.386879920959e+00 4.517308712006e+00 4.865656852722e+00 4.464335918427e+00 3.400248289108e+00 3.193599224091e+00 2.916990518570e+00 2.703920602798e+00 3.153162479401e+00 3.451335906982e+00 3.350471496582e+00 2.963603973389e+00
1.409858703613e+00 3.378576993942e+00 2.219836997986e+01 2.788436508179e+01 1.535576915741e+01 2.232292890549e+00 1.744880557060e+00 3.180957555771e+00 3.160645484924e+00 2.718010902405e+00 2.261035203934e+00 9.417005538940e+00 4.075580215454e+01 2.600651931763e+01 1.357197265625e+02 1.766251182556e+01 9.936299324036e+00 3.922035217285e+00 3.042500019073e+00 9.817315101624e+00 1.877622795105e+01 1.705851593018e+02 5.526502609253e+01 2.316350555420e+01 2.319052886963e+01 1.235595035553e+01 1.318796348572e+01 1.104559612274e+01 1.557069206238e+01 1.192860126495e+01 6.828211784363e+00 6.899002552032e+00 6.340187549591e+00 6.027751445770e+00 5.912198543549e+00 4.713069438934e+00 4.837789058685e+00 5.333783149719e+00 3.443067550659e+00 2.654321670532e+00 2.635710000992e+00 2.595192670822e+00 2.836762905121e+00
9.081263542175e-01 1.496826767921e+00 1.909255504608e+00 1.111955261230e+01 7.087464809418e+00 1.577542424202e+00 1.341542243958e+00 1.563344240189e+00 1.491142988205e+00 1.403291463852e+00 1.015192866325e+00 1.132342696190e+00 3.405996799469e+00 2.428290367126e+01 6.614730834961e+01 1.736908721924e+01 1.316499042511e+01 5.895814895630e+00 3.508373022079e+00 6.879435539246e+00 8.532198905945e+00 1.127737426758e+01 1.068342685699e+01 8.132880210876e+00 1.129969310760e+01 1.886614036560e+01 1.614612007141e+01 1.607225608826e+01 1.066701698303e+01 1.346326923370e+01 1.402185153961e+01 1.218610954285e+01 9.108951568604e+00 6.270297050476e+00 5.944495677948e+00 5.187142372131e+00 4.432737350464e+00 4.659077167511e+00 4.530298709869e+00 3.004367828369e+00 2.485140085220e+00 2.549799203873e+00 2.618221044540e+00
9.760915040970e-01 1.507540702820e+00 9.960598349571e-01 1.170176148415e+00 1.200437784195e+00 1.379421830177e+00 1.230223417282e+00 1.152829766273e+00 1.102222681046e+00 8.486980795860e-01 5.991373062134e-01 4.807944893837e-01 8.024398088455e-01 2.392234420776e+01 3.554371261597e+01 4.534018325806e+01 1.097653961182e+01 1.325075531006e+01 1.222358417511e+01 3.930955171585e+00 4.360349178314e+00 8.202438354492e+00 2.246496391296e+01 2.216426086426e+01 2.879439544678e+01 2.882456588745e+01 2.686868095398e+01 2.521997833252e+01 2.367597198486e+01 2.238799095154e+01 2.367686653137e+01 2.890014839172e+01 2.468280410767e+01 1.003095722198e+01 4.038204193115e+00 4.818476676941e+00 5.275239944458e+00 3.650370597839e+00 3.710884094238e+00 2.618587255478e+00 2.666470527649e+00 1.906679153442e+00 2.161273241043e+00
