VariationalSeries/SI/f53_max.grd
DSAA
101	101
32.816463539100	34.260883539100
35.556306596100	36.727886596100
1.270597917028e-03	2.310405731201e+02
[rows 76 to 94 of 101, columns 0 to 42 of 101]
1.419038325548e-02 2.051704749465e-02 2.716108225286e-02 3.210360556841e-02 3.444321826100e-02 3.462215512991e-02 3.342934697866e-02 3.156467899680e-02 2.945189923048e-02 3.037573583424e-02 3.440969437361e-02 4.129194095731e-02 4.890626296401e-02 5.376748740673e-02 5.469964444637e-02 5.302903056145e-02 4.822731390595e-02 5.124355107546e-02 5.279847979546e-02 5.578728765249e-02 7.660941034555e-02 7.471461594105e-02 5.044704675674e-02 5.487712845206e-02 5.099368467927e-02 4.667966067791e-02 4.880237206817e-02 5.422985181212e-02 6.046169623733e-02 6.399800628424e-02 6.170606985688e-02 5.818052217364e-02 5.661925673485e-02 5.631589144468e-02 6.218663975596e-02 7.310848683119e-02 1.366074681282e-01 1.674648821354e-01 1.578474193811e-01 1.154175847769e-01 1.158739030361e-01 1.902126669884e-01 3.347350060940e-01
1.434738747776e-02 2.316606789827e-02 3.070539981127e-02 3.536867722869e-02 3.720138594508e-02 3.698595985770e-02 3.551260009408e-02 3.335310518742e-02 3.295775875449e-02 3.666127100587e-02 4.225133359432e-02 4.999699071050e-02 5.715395510197e-02 6.062499806285e-02 5.965657904744e-02 5.530136823654e-02 4.709273949265e-02 4.834626242518e-02 4.860558733344e-02 4.333818331361e-02 4.372236505151e-02 4.563071578741e-02 4.180752113461e-02 4.938968643546e-02 5.237018689513e-02 4.813267663121e-02 5.234290659428e-02 6.311629712582e-02 7.013972848654e-02 7.103522866964e-02 6.634231656790e-02 6.094746664166e-02 6.083078682423e-02 5.785239860415e-02 6.908497214317e-02 7.526575773954e-02 1.223500743508e-01 1.373803019524e-01 1.564473062754e-01 1.787755787373e-01 3.712638914585e-01 4.916356801987e-01 4.714224934578e-01
1.523128338158e-02 2.426796220243e-02 3.157428279519e-02 3.569157794118e-02 3.698486462235e-02 3.635143861175e-02 3.449983149767e-02 3.569177165627e-02 4.028243571520e-02 4.513507336378e-02 5.139349400997e-02 5.799409002066e-02 6.227576732635e-02 6.217854842544e-02 5.773298442364e-02 5.014783889055e-02 3.987068682909e-02 4.175711050630e-02 4.049604386091e-02 3.556744009256e-02 3.334995731711e-02 3.736641258001e-02 4.436589404941e-02 5.916249752045e-02 6.236723437905e-02 5.697332322598e-02 7.002406567335e-02 7.605762779713e-02 7.787180691957e-02 7.622312754393e-02 7.132479548454e-02 6.616730242968e-02 6.306225061417e-02 6.935208290815e-02 8.953401446342e-02 1.167184188962e-01 1.535376906395e-01 1.887186616659e-01 1.700647622347e-01 4.298452138901e-01 5.033608675003e-01 4.743112623692e-01 4.700571000576e-01
1.373199373484e-02 2.168321236968e-02 2.792937867343e-02 3.126490861177e-02 3.209571912885e-02 3.119876980782e-02 3.381878510118e-02 3.852796554565e-02 4.232439771295e-02 4.610880464315e-02 5.008819326758e-02 5.306135863066e-02 5.344460532069e-02 5.035482347012e-02 4.450536519289e-02 3.726108372211e-02 3.448353707790e-02 3.321883827448e-02 3.101020492613e-02 3.024033643305e-02 3.076041676104e-02 3.415851667523e-02 5.322116240859e-02 7.246515154839e-02 7.847864180803e-02 8.181966841221e-02 8.600205183029e-02 8.676188439131e-02 8.180242031813e-02 7.696647942066e-02 7.286099344492e-02 6.919734925032e-02 8.225081861019e-02 8.777173608541e-02 1.120102107525e-01 1.290995925665e-01 1.258551180363e-01 2.034341841936e-01 2.512664794922e-01 3.978153169155e-01 4.434696733952e-01 4.331746101379e-01 4.382831454277e-01
1.123715098947e-02 1.795908249915e-02 2.184548228979e-02 2.416158095002e-02 2.479192614555e-02 2.718273550272e-02 3.123475983739e-02 3.375460579991e-02 3.495534136891e-02 3.604433313012e-02 3.730320557952e-02 3.806976228952e-02 3.737811744213e-02 3.463182970881e-02 3.538205474615e-02 3.616910427809e-02 3.573152422905e-02 3.384763002396e-02 3.092925809324e-02 2.968545071781e-02 2.876130864024e-02 3.499481081963e-02 5.989143624902e-02 8.243744075298e-02 9.361681342125e-02 9.840177744627e-02 9.934456646442e-02 1.032026633620e-01 1.006083115935e-01 8.692626655102e-02 7.513621449471e-02 7.349079847336e-02 8.954939991236e-02 9.292452782393e-02 9.401351213455e-02 1.076183319092e-01 1.429626494646e-01 1.955627202988e-01 2.593490481377e-01 2.763178646564e-01 4.319460690022e-01 5.402395129204e-01 4.269680976868e-01
1.523618400097e-02 2.220026217401e-02 2.724487334490e-02 2.995915524662e-02 3.117950633168e-02 3.173125535250e-02 3.191883116961e-02 3.171831369400e-02 3.111911937594e-02 3.028309531510e-02 3.055186569691e-02 3.318377956748e-02 3.546499460936e-02 3.742823004723e-02 3.879505768418e-02 3.910467028618e-02 3.795869648457e-02 3.524638339877e-02 3.337696194649e-02 3.251986578107e-02 3.123493678868e-02 3.841379657388e-02 6.165248155594e-02 8.502142131329e-02 2.107782363892e-01 6.172850131989e-01 6.556638479233e-01 2.965660989285e-01 1.737050265074e-01 1.374188661575e-01 9.815940260887e-02 7.664949446917e-02 8.996585756540e-02 1.182923913002e-01 9.300691634417e-02 1.164689362049e-01 1.292769014835e-01 2.013473361731e-01 3.519409894943e-01 3.621602952480e-01 4.013104736805e-01 5.446752309799e-01 7.597670555115e-01
2.148696780205e-02 3.109728172421e-02 3.781607374549e-02 4.102852940559e-02 4.190482571721e-02 4.165256768465e-02 4.080992937088e-02 3.953318297863e-02 3.790853545070e-02 3.607046976686e-02 4.153638705611e-02 4.770899936557e-02 5.306079983711e-02 5.672283098102e-02 5.795805901289e-02 5.641782656312e-02 5.211734771729e-02 4.537795856595e-02 4.393830895424e-02 4.166670888662e-02 3.884748741984e-02 4.580501094460e-02 6.157377734780e-02 1.391488164663e-01 5.806020498276e-01 1.657404780388e+00 1.808415055275e+00 9.627937674522e-01 3.975578248501e-01 1.959471553564e-01 1.271748095751e-01 1.004170626402e-01 8.616422116756e-02 1.256645023823e-01 1.317312568426e-01 1.368656754494e-01 1.229471340775e-01 1.895168274641e-01 4.129347801208e-01 6.218900680542e-01 4.142669439316e-01 4.229857027531e-01 9.526374340057e-01
2.690979093313e-02 3.840319812298e-02 4.591370746493e-02 4.879038408399e-02 4.862527549267e-02 4.700211063027e-02 4.470047727227e-02 4.343929141760e-02 4.949640482664e-02 6.039052084088e-02 7.162768393755e-02 8.223304897547e-02 9.125752002001e-02 9.837767481804e-02 1.032985672355e-01 1.051019430161e-01 1.024537310004e-01 9.382837265730e-02 7.770129293203e-02 5.979838967323e-02 5.502775683999e-02 5.678872391582e-02 1.224126964808e-01 2.213830947876e-01 6.889718770981e-01 5.461044788361e+00 1.067854690552e+01 2.364802360535e+00 1.064199328423e+00 3.677616715431e-01 1.549251526594e-01 1.237896010280e-01 1.134149506688e-01 1.574725061655e-01 1.893565058708e-01 1.851207464933e-01 1.536196172237e-01 2.322767674923e-01 3.470137417316e-01 7.580307126045e-01 7.656399011612e-01 4.113255739212e-01 9.758888483047e-01
2.854413166642e-02 3.990747407079e-02 4.660331457853e-02 4.816844686866e-02 4.649546369910e-02 4.812608286738e-02 5.323559418321e-02 5.660949274898e-02 6.620873510838e-02 8.153981715441e-02 9.753347188234e-02 1.127187386155e-01 1.260547339916e-01 1.379586607218e-01 1.493744105101e-01 1.602030694485e-01 1.675793528557e-01 1.651737391949e-01 1.440591216087e-01 1.043720245361e-01 7.995075732470e-02 1.138927116990e-01 2.011805027723e-01 2.858686149120e-01 1.292201280594e+00 3.068608760834e+00 4.276406764984e+00 1.298608303070e+00 5.645672678947e-01 3.069780170918e-01 2.423531413078e-01 2.845937013626e-01 3.654672801495e-01 3.377673327923e-01 2.376055717468e-01 2.397036254406e-01 2.024556994438e-01 2.369748651981e-01 2.578142881393e-01 4.956450760365e-01 6.597986817360e-01 4.630286991596e-01 1.630650997162e+00
3.833094984293e-02 6.072219461203e-02 7.659824192524e-02 8.566655963659e-02 9.077286720276e-02 9.282843023539e-02 9.204700589180e-02 8.880145847797e-02 8.373664319515e-02 8.475367724895e-02 1.023956239223e-01 1.202038675547e-01 1.371504068375e-01 1.534126102924e-01 1.706851273775e-01 1.909928023815e-01 2.109657824039e-01 2.192014455795e-01 1.992755532265e-01 2.417407631874e-01 1.770102381706e-01 1.919981241226e-01 2.541249990463e-01 3.542867004871e-01 6.549662947655e-01 2.321034818888e-01 1.873439699411e-01 1.870553940535e-01 2.652290761471e-01 2.203389555216e-01 2.577836513519e-01 1.931245565414e+00 1.319108724594e+00 8.912854194641e-01 5.336815714836e-01 7.895212173462e-01 7.250620722771e-01 3.412689566612e-01 2.755872905254e-01 3.047929704189e-01 4.542348980904e-01 1.241384863853e+00 1.882786989212e+00
7.023321837187e-02 1.091880276799e-01 1.338118016720e-01 1.438729763031e-01 1.456161290407e-01 1.421560496092e-01 1.350631415844e-01 1.256975978613e-01 1.173742562532e-01 1.225974634290e-01 1.266721338034e-01 1.287013739347e-01 1.328020989895e-01 1.510008275509e-01 1.680833995342e-01 1.871772557497e-01 2.063523083925e-01 3.028698861599e-01 3.915077447891e-01 3.950026631355e-01 4.048431217670e-01 4.042940735817e-01 3.010198473930e-01 3.568182289600e-01 1.732746511698e-01 1.316423118114e-01 1.224498897791e-01 1.063376218081e-01 1.192308738828e-01 1.665484458208e-01 4.131638705730e-01 2.286710739136e+00 1.690351366997e+00 9.754053354263e-01 8.673377037048e-01 1.831641912460e+00 1.747708678246e+00 7.949647307396e-01 6.041021943092e-01 5.438534021378e-01 6.934604048729e-01 1.171931743622e+00 2.132553339005e+00
9.924981743097e-02 1.509553790092e-01 1.775861531496e-01 1.851348429918e-01 2.279209047556e-01 2.466336488724e-01 2.442639470100e-01 2.292518019676e-01 2.079535573721e-01 1.853987276554e-01 1.885906010866e-01 1.857417225838e-01 1.888028532267e-01 2.180996984243e-01 3.244521319866e-01 3.845360577106e-01 4.287265241146e-01 4.146339893341e-01 3.088288307190e-01 3.440207242966e-01 3.623903989792e-01 3.038007020950e-01 2.421130836010e-01 1.367670446634e-01 1.201434135437e-01 9.462743252516e-02 7.858166098595e-02 6.324045360088e-02 5.886082351208e-02 1.023489460349e-01 1.630225777626e-01 9.230565428734e-01 1.129531025887e+00 1.702628612518e+00 1.817706823349e+00 2.484825134277e+00 1.683941960335e+00 7.791592478752e-01 1.687136173248e+00 1.395973920822e+00 9.490680694580e-01 1.142781019211e+00 3.647817373276e+00
1.160821765661e-01 1.748312413692e-01 2.021301686764e-01 2.295391857624e-01 2.799261212349e-01 3.007809519768e-01 2.960948348045e-01 2.760024666786e-01 2.478245794773e-01 2.171119153500e-01 1.869541108608e-01 2.031067013741e-01 2.353574186563e-01 2.707894444466e-01 2.949047982693e-01 3.036474585533e-01 2.863107919693e-01 2.370166778564e-01 1.887877732515e-01 1.646475493908e-01 1.418878883123e-01 1.008846834302e-01 8.625266700983e-02 8.258722722530e-02 7.360064983368e-02 6.009653955698e-02 4.642880707979e-02 4.484445229173e-02 5.718249827623e-02 8.452828228474e-02 1.212193667889e-01 4.992040991783e-01 5.185863375664e-01 1.004534244537e+00 1.172686934471e+00 2.787747144699e+00 2.407478809357e+00 1.335344433784e+00 1.234695315361e+00 4.881906032562e+00 1.150808238983e+01 2.958877325058e+00 1.813528299332e+00
8.646362274885e-02 1.289852857590e-01 1.473165303469e-01 1.520490646362e-01 1.825542300940e-01 1.941516250372e-01 1.899316459894e-01 1.762993335724e-01 1.576754897833e-01 1.376925408840e-01 1.247558444738e-01 1.353628337383e-01 1.415833681822e-01 1.432956755161e-01 1.406533569098e-01 1.384394168854e-01 1.247610896826e-01 9.874332696199e-02 1.150073781610e-01 1.084190383554e-01 8.638515323400e-02 6.427583843470e-02 6.027195230126e-02 5.380295589566e-02 4.503333196044e-02 3.545497357845e-02 4.130711778998e-02 5.735255777836e-02 7.177527248859e-02 1.427519321442e-01 1.815583109856e-01 2.742546498775e-01 4.750846028328e-01 3.556735515594e-01 3.075432479382e-01 3.710544407368e-01 2.302236795425e+00 1.403010368347e+00 1.016008496284e+00 6.551601409912e+00 1.444546127319e+01 1.569978594780e+00 5.646798014641e-01
4.086695611477e-02 6.033958494663e-02 7.246289402246e-02 8.226365596056e-02 8.601884543896e-02 8.853130042553e-02 8.948700129986e-02 8.494798094034e-02 8.093822747469e-02 7.992801070213e-02 7.859165966511e-02 7.243801653385e-02 7.632532715797e-02 7.885056734085e-02 7.850088179111e-02 7.447136193514e-02 9.512890130281e-02 1.216416731477e-01 1.147657930851e-01 8.596412092447e-02 5.488388240337e-02 4.061697423458e-02 3.688858821988e-02 3.200136870146e-02 2.698642015457e-02 4.205495491624e-02 6.466743350029e-02 8.623242378235e-02 1.151929497719e-01 1.866243183613e-01 2.608826458454e-01 3.516667783260e-01 4.006553590298e-01 4.757885932922e-01 2.331491857767e-01 2.456721961498e-01 4.716575443745e-01 1.163934946060e+00 1.928871035576e+00 2.084196805954e+00 1.074443340302e+00 4.039615392685e-01 3.767240941525e-01
2.768444083631e-02 4.040541499853e-02 5.104161053896e-02 5.763380974531e-02 6.031247973442e-02 6.018054857850e-02 5.848133191466e-02 5.568963661790e-02 5.243275687099e-02 4.899517074227e-02 4.546704515815e-02 4.193210601807e-02 3.852254897356e-02 3.887389600277e-02 3.834536671638e-02 5.177601799369e-02 8.837161213160e-02 1.047489196062e-01 8.983492106199e-02 6.204401329160e-02 3.783818334341e-02 2.453349530697e-02 2.514605596662e-02 2.758204378188e-02 3.757458180189e-02 6.378693878651e-02 9.603971242905e-02 1.317625194788e-01 1.857879608870e-01 2.573216855526e-01 3.847612738609e-01 3.968102931976e-01 3.547786474228e-01 1.956471204758e-01 1.495971381664e-01 2.039781659842e-01 2.488913834095e-01 8.666017651558e-01 2.286250114441e+00 1.347527146339e+00 7.902525067329e-01 3.445342183113e-01 3.270256817341e-01
1.987524330616e-02 2.870952524245e-02 3.584934771061e-02 4.026713967323e-02 4.222232103348e-02 4.243840277195e-02 4.149637743831e-02 3.978241980076e-02 3.754287585616e-02 3.490871936083e-02 3.199716657400e-02 2.891385369003e-02 3.087699413300e-02 3.101935423911e-02 2.862416952848e-02 3.068950586021e-02 5.506065860391e-02 6.868001818657e-02 6.434493511915e-02 5.047481879592e-02 3.573376685381e-02 2.406049147248e-02 2.692613564432e-02 3.099896386266e-02 5.305527895689e-02 1.155863627791e-01 2.440629303455e-01 2.246382534504e-01 1.868223100901e-01 3.464674651623e-01 4.711614847183e-01 4.037745594978e-01 2.844909429550e-01 1.336463689804e-01 1.470823287964e-01 2.017641961575e-01 2.610737085342e-01 1.073955059052e+00 1.854020953178e+00 7.892324328423e-01 4.552278816700e-01 2.748947441578e-01 2.470032274723e-01
1.356797106564e-02 1.940698549151e-02 2.403230406344e-02 2.684362605214e-02 2.806431800127e-02 2.816704474390e-02 2.748916856945e-02 2.624560147524e-02 2.456567063928e-02 2.254858985543e-02 2.213224396110e-02 2.481501735747e-02 2.585420385003e-02 2.470938116312e-02 2.292622812092e-02 2.623767592013e-02 2.915354445577e-02 3.508636355400e-02 4.023927077651e-02 3.894849121571e-02 3.323312103748e-02 2.630674466491e-02 2.875052578747e-02 3.966428339481e-02 6.904380768538e-02 1.998298764229e-01 2.839019894600e-01 1.732720136642e-01 1.900457143784e-01 3.659641444683e-01 4.949471652508e-01 3.919813334942e-01 2.676984071732e-01 1.840025335550e-01 2.081169486046e-01 2.016526758671e-01 4.545049369335e-01 1.865902900696e+00 1.429514646530e+00 3.247512876987e-01 6.526475548744e-01 2.810384035110e-01 1.910601258278e-01
8.277254179120e-03 1.171977259219e-02 1.440246123821e-02 1.598362810910e-02 1.660722494125e-02 1.655575074255e-02 1.602621376514e-02 1.514512393624e-02 1.400353200734e-02 1.702551171184e-02 1.986298710108e-02 2.171063795686e-02 2.184508554637e-02 2.338154241443e-02 2.705789916217e-02 3.078312985599e-02 3.404153883457e-02 3.617276996374e-02 3.653375804424e-02 3.488039970398e-02 3.184217214584e-02 2.967801131308e-02 3.301877900958e-02 4.942903295159e-02 8.329501003027e-02 2.233344614506e-01 2.344117015600e-01 1.907648444176e-01 1.733577847481e-01 3.271155953407e-01 4.581994116306e-01 3.573305010796e-01 3.420367240906e-01 2.311204373837e-01 2.505950331688e-01 1.870690584183e-01 4.467853605747e-01 1.080957651138e+00 6.089302301407e-01 3.833958208561e-01 8.669524788857e-01 2.772170603275e-01 1.461654901505e-01
