VariationalSeries/SI/f53_max.grd
DSAA
101	101
32.816463539100	34.260883539100
35.556306596100	36.727886596100
1.270597917028e-03	2.310405731201e+02
[rows 0 to 18 of 101, columns 43 to 85 of 101]
3.171583414078e-01 5.397527813911e-01 6.221722960472e-01 4.940943419933e-01 3.447449207306e-01 3.572348654270e-01 3.091219961643e-01 2.782307863235e-01 1.838643401861e-01 2.593375146389e-01 3.443230688572e-01 4.075546264648e-01 5.159447193146e-01 7.318436503410e-01 3.327070474625e-01 4.146211445332e-01 5.259674787521e-01 5.638809800148e-01 3.815209567547e-01 2.654466629028e-01 2.995767295361e-01 3.728220760822e-01 3.869369626045e-01 4.098887741566e-01 4.129488766193e-01 2.983487844467e-01 2.012053132057e-01 2.054699808359e-01 3.875101506710e-01 5.768910050392e-01 4.603901207447e-01 2.260119616985e-01 2.818921506405e-01 1.984597593546e-01 1.953162252903e-01 1.733030527830e-01 1.398341208696e-01 1.258899718523e-01 9.566720575094e-02 9.914581477642e-02 1.231904625893e-01 2.053304016590e-01 2.042962610722e-01
5.502744913101e-01 9.783838391304e-01 1.221646428108e+00 1.082674145699e+00 8.125569224358e-01 7.964030504227e-01 6.450660824776e-01 5.395209789276e-01 5.010462999344e-01 5.710601806641e-01 6.368962526321e-01 7.630537152290e-01 1.023550391197e+00 1.465673565865e+00 6.357438564301e-01 7.893224954605e-01 9.956781864166e-01 1.058475255966e+00 7.279592156410e-01 5.130981206894e-01 5.678539872169e-01 7.122582793236e-01 7.671367526054e-01 7.193275094032e-01 7.428657412529e-01 6.246113777161e-01 3.682575225830e-01 4.153619110584e-01 8.791283965111e-01 1.389028906822e+00 8.216012120247e-01 3.744410872459e-01 5.520812869072e-01 3.664947450161e-01 3.667401373386e-01 3.051006793976e-01 2.504087984562e-01 2.225087136030e-01 1.833879053593e-01 1.835601180792e-01 2.725634276867e-01 4.163729846478e-01 3.885442614555e-01
6.879130005836e-01 1.001104354858e+00 1.366530537605e+00 1.344722986221e+00 1.094045758247e+00 1.156108140945e+00 7.639362812042e-01 6.631993055344e-01 8.907858729362e-01 8.901107311249e-01 6.359403729439e-01 8.466545343399e-01 1.093066334724e+00 1.535785794258e+00 7.279038429260e-01 8.998287916183e-01 1.116095900536e+00 1.214985370636e+00 8.411628603935e-01 6.403383016586e-01 6.590297818184e-01 7.160284519196e-01 8.641501069069e-01 9.043073654175e-01 1.100519537926e+00 8.443390727043e-01 4.798870980740e-01 5.210020542145e-01 1.156473755836e+00 1.798949360847e+00 8.449271321297e-01 4.401759207249e-01 6.365843415260e-01 4.061761498451e-01 4.097621440887e-01 3.586443960667e-01 3.184024095535e-01 2.527965605259e-01 2.104180008173e-01 2.609570920467e-01 3.455854058266e-01 4.615873396397e-01 3.984352052212e-01
7.935821413994e-01 9.011100530624e-01 1.225388646126e+00 1.331503391266e+00 1.187753558159e+00 1.544736981392e+00 7.996615767479e-01 9.049375057220e-01 1.271977901459e+00 1.309857130051e+00 8.703117966652e-01 8.864140510559e-01 1.120838761330e+00 1.551377892494e+00 7.647587060928e-01 9.749593734741e-01 1.145651936531e+00 1.267655372620e+00 8.828883767128e-01 8.424860835075e-01 7.079843282700e-01 8.757054209709e-01 1.058246731758e+00 1.041204333305e+00 1.463732481003e+00 1.043528199196e+00 5.411513447762e-01 6.215088367462e-01 1.349810242653e+00 1.952731251717e+00 8.012173771858e-01 4.799218475819e-01 6.752372384071e-01 3.818466067314e-01 4.198952913284e-01 4.590542912483e-01 3.872836232185e-01 2.914502322674e-01 2.552763819695e-01 3.222692012787e-01 4.127208888531e-01 4.813700616360e-01 3.823921978474e-01
7.819288969040e-01 1.081656336784e+00 9.695478677750e-01 1.128653287888e+00 1.097750544548e+00 1.958849906921e+00 7.684980034828e-01 1.116417527199e+00 1.624480485916e+00 1.744288444519e+00 1.227994322777e+00 9.240043163300e-01 1.153290867805e+00 1.560630798340e+00 7.941676378250e-01 1.068718671799e+00 1.159696817398e+00 1.310912370682e+00 9.764633178711e-01 1.036576032639e+00 8.211714625359e-01 1.109212279320e+00 1.345498442650e+00 1.306209921837e+00 1.821467280388e+00 1.207424044609e+00 6.560660600662e-01 6.668417453766e-01 1.430007457733e+00 1.886582016945e+00 8.636906147003e-01 5.713773369789e-01 6.986207962036e-01 4.522999525070e-01 5.211124420166e-01 5.404213070869e-01 4.316561520100e-01 3.050792813301e-01 3.239551484585e-01 3.510070741177e-01 4.819657802582e-01 4.889450073242e-01 3.664628267288e-01
6.796112656593e-01 1.150208115578e+00 8.645827174187e-01 8.965912461281e-01 9.564377665520e-01 2.371113061905e+00 8.543967604637e-01 1.270176172256e+00 1.936870932579e+00 2.175116300583e+00 1.603382825851e+00 9.746719598770e-01 1.196893334389e+00 1.568608880043e+00 8.441108465195e-01 1.146976828575e+00 1.157287955284e+00 1.349214553833e+00 1.000489473343e+00 1.203676700592e+00 9.972548484802e-01 1.344565153122e+00 1.602973580360e+00 1.530756711960e+00 2.142057418823e+00 1.302579522133e+00 7.223087549210e-01 7.946920990944e-01 1.369182705879e+00 1.530104279518e+00 8.652181029320e-01 6.602395772934e-01 7.054535150528e-01 5.055360794067e-01 6.106196045876e-01 6.013138294220e-01 4.532210826874e-01 3.242928981781e-01 3.646330833435e-01 3.801418840885e-01 5.513266921043e-01 4.981747269630e-01 3.520428836346e-01
6.320020556450e-01 1.102745294571e+00 8.690295219421e-01 7.027689814568e-01 9.253916144371e-01 2.750544786453e+00 9.880952835083e-01 1.344058156013e+00 2.153341770172e+00 2.505802869797e+00 1.946519732475e+00 1.029393911362e+00 1.235780119896e+00 1.570148229599e+00 8.821834325790e-01 1.223270058632e+00 1.138030529022e+00 1.376102089882e+00 9.963458776474e-01 1.274241328239e+00 1.142916321754e+00 1.512363910675e+00 1.778074622154e+00 1.656051158905e+00 2.378625869751e+00 1.313021659851e+00 6.978814601898e-01 8.898655176163e-01 1.173706412315e+00 1.108908653259e+00 1.156390905380e+00 8.888746500015e-01 7.005984783173e-01 5.431805849075e-01 6.816301345825e-01 6.370037794113e-01 4.514689445496e-01 3.810670375824e-01 3.592002391815e-01 5.166192054749e-01 6.304467916489e-01 5.113916993141e-01 3.291763365269e-01
7.266296148300e-01 1.053984642029e+00 8.407957553864e-01 7.977392673492e-01 1.040685653687e+00 3.111437797546e+00 1.128154993057e+00 1.301851630211e+00 2.178674697876e+00 2.649431467056e+00 2.217873096466e+00 1.349313974380e+00 1.285653233528e+00 1.580347299576e+00 9.342272281647e-01 1.295067191124e+00 1.104725360870e+00 1.394260287285e+00 1.027619004250e+00 1.208047747612e+00 1.230707883835e+00 1.592263460159e+00 1.821759819984e+00 1.656580209732e+00 2.516017436981e+00 1.265520334244e+00 8.400599360466e-01 1.062800526619e+00 1.208302140236e+00 1.439690828323e+00 1.537062525749e+00 1.196950674057e+00 6.813150048256e-01 6.471390724182e-01 7.268614768982e-01 6.418409347534e-01 4.270732104778e-01 3.912179768085e-01 4.352463483810e-01 6.949116587639e-01 6.905235648155e-01 4.873170256615e-01 2.794698476791e-01
8.145607113838e-01 1.057748436928e+00 8.348250985146e-01 8.622513413429e-01 1.151312828064e+00 3.447137355804e+00 1.274788379669e+00 1.146775603294e+00 1.994419574738e+00 2.585474014282e+00 2.380753993988e+00 1.648386240005e+00 1.338190913200e+00 1.742024898529e+00 9.862578511238e-01 1.366636514664e+00 1.079107522964e+00 1.407248854637e+00 1.049336910248e+00 1.069988846779e+00 1.287022829056e+00 1.562363266945e+00 1.730458021164e+00 1.708364129066e+00 2.502333402634e+00 1.120038628578e+00 1.060114622116e+00 1.247475028038e+00 1.459826827049e+00 1.763059139252e+00 1.929112195969e+00 1.546697616577e+00 8.688902854919e-01 8.040062785149e-01 8.218471407890e-01 6.124984622002e-01 4.229369163513e-01 3.668770790100e-01 6.906913518906e-01 8.400707244873e-01 6.677966713905e-01 3.873404860497e-01 3.316980302334e-01
8.725683093071e-01 1.078062534332e+00 8.273436427116e-01 8.441658020020e-01 1.256858944893e+00 3.717139482498e+00 1.403075098991e+00 9.444960951805e-01 1.703370213509e+00 2.365258216858e+00 2.402161121368e+00 1.886150836945e+00 1.386166930199e+00 1.880530595779e+00 1.227055549622e+00 1.445954799652e+00 1.407475471497e+00 1.429229140282e+00 1.061000227928e+00 1.275924801826e+00 1.261638402939e+00 1.448149800301e+00 1.527230381966e+00 1.907723188400e+00 2.326419830322e+00 1.026329755783e+00 1.242424726486e+00 1.430492877960e+00 1.659502983093e+00 2.025241374969e+00 2.257804870605e+00 1.867267012596e+00 1.083767175674e+00 8.528541922569e-01 8.914758563042e-01 5.535257458687e-01 4.699052870274e-01 6.574547290802e-01 9.260663986206e-01 8.478185534477e-01 5.168499350548e-01 3.779556751251e-01 3.473080992699e-01
8.832253217697e-01 1.116305828094e+00 8.215770721436e-01 9.028627872467e-01 1.351668000221e+00 3.933348178864e+00 1.520366668701e+00 9.257751107216e-01 1.367879748344e+00 2.002892017365e+00 2.231788396835e+00 2.011570215225e+00 1.620493292809e+00 1.872888565063e+00 1.554103374481e+00 1.523831486702e+00 1.987815856934e+00 1.484053969383e+00 1.058680891991e+00 1.691817998886e+00 1.381546735764e+00 1.282236099243e+00 1.809511780739e+00 2.033058643341e+00 2.027024507523e+00 1.175233483315e+00 1.374380826950e+00 1.554263114929e+00 1.714542984962e+00 2.167236089706e+00 2.537286758423e+00 2.161990404129e+00 1.271639704704e+00 7.425262928009e-01 8.443451523781e-01 5.778102874756e-01 5.994330048561e-01 9.701349139214e-01 9.917082190514e-01 6.590459942818e-01 4.593700766563e-01 4.375360310078e-01 4.099967479706e-01
8.568682074547e-01 1.159245610237e+00 1.076844215393e+00 1.023149728775e+00 1.436938762665e+00 4.071241855621e+00 1.594512939453e+00 9.620645046234e-01 1.136410713196e+00 1.559673786163e+00 1.910799622536e+00 1.981034517288e+00 1.808310627937e+00 1.981532812119e+00 1.882584929466e+00 1.594706535339e+00 2.660423040390e+00 1.957389473915e+00 1.054016232491e+00 2.058152198792e+00 1.542653203011e+00 1.610759615898e+00 2.384443521500e+00 2.062484025955e+00 1.643401980400e+00 1.288127183914e+00 1.407501339912e+00 1.589066982269e+00 1.632010579109e+00 2.138409852982e+00 2.671003103256e+00 2.383669853210e+00 1.415764331818e+00 6.429112553596e-01 7.846446633339e-01 6.878315210342e-01 9.603139162064e-01 1.116927981377e+00 7.947948575020e-01 5.298130512238e-01 5.104228854179e-01 4.853886067867e-01 4.585268199444e-01
8.614100813866e-01 1.202058076859e+00 1.362368464470e+00 9.420594573021e-01 1.517389297485e+00 4.183088302612e+00 1.628120064735e+00 9.940472245216e-01 1.139060854912e+00 1.463929653168e+00 1.473006129265e+00 1.761807203293e+00 1.853969454765e+00 2.209998130798e+00 2.024831295013e+00 1.739528656006e+00 3.319725751877e+00 2.389868497849e+00 1.042693972588e+00 2.345928192139e+00 1.621133089066e+00 1.957521200180e+00 2.816694498062e+00 1.925307631493e+00 1.213400006294e+00 1.321651220322e+00 1.349591851234e+00 1.504098296165e+00 1.467577338219e+00 1.944097399712e+00 2.566366910934e+00 2.427450418472e+00 1.487962722778e+00 6.565264463425e-01 7.526200413704e-01 8.879600167274e-01 1.210529923439e+00 9.590864777565e-01 5.700785517693e-01 5.513951778412e-01 5.390855669975e-01 5.211387872696e-01 4.975427687168e-01
7.715643644333e-01 1.245742321014e+00 1.479722499847e+00 9.926614165306e-01 1.599472284317e+00 4.309485912323e+00 1.649871468544e+00 1.055175781250e+00 1.041360259056e+00 1.412634491920e+00 1.160827159882e+00 1.415426731110e+00 2.072036981583e+00 2.372724771500e+00 1.881145477295e+00 2.152937650681e+00 3.844262123108e+00 2.738212823868e+00 1.212939023972e+00 2.545470714569e+00 1.662912726402e+00 2.133018732071e+00 2.956238746643e+00 1.603677153587e+00 1.267383217812e+00 1.396478414536e+00 1.440969705582e+00 1.338992953300e+00 1.174443602562e+00 1.613886117935e+00 2.251402616501e+00 2.279578685760e+00 1.474352121353e+00 6.501524448395e-01 7.622524499893e-01 1.240469217300e+00 1.150505304337e+00 6.564962863922e-01 5.579688549042e-01 5.331544876099e-01 5.250901579857e-01 5.311772227287e-01 5.116870403290e-01
1.010654568672e+00 1.296900272369e+00 1.484076142311e+00 1.616354227066e+00 1.684049367905e+00 4.384080886841e+00 1.643326282501e+00 1.260705590248e+00 8.786250948906e-01 1.330245137215e+00 1.086410045624e+00 1.564232349396e+00 2.183753013611e+00 2.536011934280e+00 2.035191535950e+00 2.558392524719e+00 4.276122570038e+00 2.943164110184e+00 1.474719285965e+00 2.715200662613e+00 1.829594612122e+00 2.083830118179e+00 2.844385385513e+00 1.263400197029e+00 1.181383013725e+00 1.676592826843e+00 1.832508444786e+00 1.147826313972e+00 9.129862189293e-01 1.239956974983e+00 1.850941777229e+00 2.027596950531e+00 1.386303663254e+00 6.147505044937e-01 1.183226346970e+00 1.331329107285e+00 8.037198781967e-01 5.951288938522e-01 5.099697709084e-01 4.970937073231e-01 4.934837818146e-01 5.764163732529e-01 6.801074147224e-01
1.335680842400e+00 1.357695698738e+00 1.463711857796e+00 1.985200405121e+00 1.747312068939e+00 4.405252933502e+00 1.595826387405e+00 1.445571422577e+00 9.304535388947e-01 1.364283084869e+00 1.157310843468e+00 1.676505446434e+00 2.287252902985e+00 2.695479393005e+00 1.967309236526e+00 2.892755508423e+00 4.359919071198e+00 2.790779352188e+00 1.748458623886e+00 2.858380794525e+00 1.835596203804e+00 1.909474611282e+00 2.466105937958e+00 1.258054256439e+00 1.216561555862e+00 1.931559562683e+00 1.976329922676e+00 1.034269928932e+00 9.899200797081e-01 8.885067701340e-01 1.432356238365e+00 1.696996212006e+00 1.227982521057e+00 1.066517829895e+00 1.432688951492e+00 1.030127286911e+00 5.849248170853e-01 4.917204976082e-01 4.587992429733e-01 4.331010580063e-01 6.157752275467e-01 8.000022172928e-01 7.958013415337e-01
1.594901561737e+00 1.765986442566e+00 1.671590447426e+00 1.837968111038e+00 1.781217575073e+00 4.366960048676e+00 1.580955862999e+00 1.589990019798e+00 9.777622222900e-01 1.385889649391e+00 1.280702710152e+00 1.735412240028e+00 2.409452438354e+00 2.853271484375e+00 1.810606598854e+00 3.106297016144e+00 4.110116481781e+00 2.476358890533e+00 1.925103187561e+00 2.966707229614e+00 1.642734169960e+00 1.529494285583e+00 1.921028852463e+00 1.164719223976e+00 1.432200193405e+00 1.936506748199e+00 1.826391935349e+00 1.090579748154e+00 1.142616868019e+00 9.667064547539e-01 1.295753002167e+00 1.332385420799e+00 1.009988784790e+00 1.437331438065e+00 1.263512611389e+00 8.967257142067e-01 5.016649961472e-01 4.165120422840e-01 5.228556990623e-01 5.902206301689e-01 8.572288155556e-01 8.782165050507e-01 7.311717271805e-01
2.091030359268e+00 2.121738195419e+00 2.296301126480e+00 1.794389843941e+00 2.041511297226e+00 4.226763248444e+00 1.804630517960e+00 1.696731090546e+00 1.271311640739e+00 1.389558792114e+00 1.425969958305e+00 2.157613039017e+00 2.511195182800e+00 3.029060602188e+00 1.988974332809e+00 3.122414588928e+00 3.655672550201e+00 2.392630577087e+00 1.988164424896e+00 3.048395633698e+00 1.518189191818e+00 1.319958925247e+00 1.461378693581e+00 1.239997625351e+00 1.557885646820e+00 1.735213637352e+00 1.353332400322e+00 1.207328200340e+00 1.333048939705e+00 1.102663159370e+00 1.339170336723e+00 9.443171620369e-01 1.361718773842e+00 1.428273081779e+00 1.287480354309e+00 8.130505681038e-01 5.472113490105e-01 5.178889632225e-01 6.254212260246e-01 8.536331057549e-01 9.519979953766e-01 7.662309408188e-01 5.686169266701e-01
2.324510335922e+00 2.358461618423e+00 2.868837118149e+00 2.672674655914e+00 1.771247386932e+00 3.986253499985e+00 1.685012698174e+00 1.887271881104e+00 1.760549306870e+00 1.460467934608e+00 1.552729368210e+00 2.605889558792e+00 2.750427722931e+00 3.223758459091e+00 2.220298528671e+00 2.939078569412e+00 3.611640214920e+00 2.918862104416e+00 1.940084815025e+00 3.063440799713e+00 1.525627374649e+00 1.412784337997e+00 1.477460503578e+00 1.378407478333e+00 1.461625337601e+00 1.275826573372e+00 1.256341218948e+00 1.407917737961e+00 1.460847616196e+00 1.144373893738e+00 1.327619671822e+00 1.281543493271e+00 1.516554236412e+00 1.324981927872e+00 1.373141169548e+00 9.421029686928e-01 6.737378835678e-01 6.679466366768e-01 8.112172484398e-01 9.552847146988e-01 7.884140610695e-01 5.888242721558e-01 5.703851580620e-01
