VariationalSeries/SI/f54_max.grd
DSAA
101	101
32.816463539100	34.260883539100
35.556306596100	36.727886596100
2.484800097591e-05	4.045253276825e+00
[rows 76 to 94 of 101, columns 43 to 85 of 101]
6.243197247386e-03 5.328338127583e-03 9.712046943605e-03 2.455905824900e-02 2.618289180100e-02 5.222652480006e-02 8.338771760464e-02 9.376033395529e-02 5.803867802024e-02 1.621769927442e-02 5.841796845198e-02 1.308498531580e-01 9.775004535913e-02 2.640477381647e-02 1.161918137223e-02 1.668254844844e-02 1.796439476311e-02 9.407638572156e-03 8.726155385375e-03 1.082746312022e-02 3.945942968130e-02 8.954722434282e-02 2.086349762976e-02 1.390170212835e-02 1.006964873523e-02 6.747903767973e-03 3.425461472943e-03 2.945184241980e-03 2.869653515518e-03 2.706872764975e-03 2.573854988441e-03 2.681875368580e-03 2.822651062161e-03 2.992988564074e-03 3.021694254130e-03 2.811368089169e-03 2.578263171017e-03 2.410009736195e-03 2.292571589351e-03 2.223085612059e-03 2.475590445101e-03 3.797176294029e-03 5.178147461265e-03
1.027923356742e-02 1.375004090369e-02 1.759749092162e-02 1.835264638066e-02 2.496157400310e-02 3.457025066018e-02 4.467770829797e-02 4.204137995839e-02 6.736213713884e-02 9.821752458811e-02 9.724295884371e-02 4.661992564797e-02 3.412029147148e-02 2.978818304837e-02 1.922270283103e-02 2.145724743605e-02 6.050271913409e-03 3.422975772992e-03 4.302961286157e-03 4.816311411560e-03 3.653317224234e-03 4.382974933833e-03 6.954653654248e-03 6.892578676343e-03 6.251908838749e-03 3.834101837128e-03 1.869643223472e-03 1.678483444266e-03 1.965944888070e-03 2.264281967655e-03 2.414613496512e-03 2.466840203851e-03 2.452825428918e-03 2.344774780795e-03 2.038941718638e-03 1.636261818931e-03 1.310502062552e-03 1.301378360949e-03 1.379053341225e-03 1.593583030626e-03 2.003863453865e-03 3.418286796659e-03 4.572122823447e-03
2.166866324842e-02 3.267759829760e-02 2.170548588037e-02 1.007692422718e-02 1.198359113187e-02 4.282144084573e-02 1.200908496976e-01 1.598987579346e-01 1.197979599237e-01 5.920941010118e-02 3.228117898107e-02 2.112044952810e-02 1.487738452852e-02 2.406434528530e-02 2.130025252700e-02 7.617538794875e-03 2.516159322113e-03 2.256181556731e-03 2.367327222601e-03 3.209016984329e-03 2.394885057583e-03 2.185329562053e-03 2.532899146900e-03 2.821359317750e-03 2.555838087574e-03 2.333013806492e-03 1.889592735097e-03 1.965959090739e-03 1.654527615756e-03 1.896551344544e-03 1.984926871955e-03 1.849732710980e-03 1.767045818269e-03 1.707424875349e-03 1.201902981848e-03 1.159751671366e-03 1.231755828485e-03 1.227198750712e-03 1.201753038913e-03 1.269684289582e-03 1.552390051074e-03 2.968485699967e-03 4.352396819741e-03
3.107437677681e-02 3.607115149498e-02 1.214661635458e-02 1.272932812572e-02 4.405945912004e-02 7.880049198866e-02 8.131626248360e-02 6.988149881363e-02 5.820833519101e-02 2.794829569757e-02 2.535856142640e-02 3.044512309134e-02 1.918924786150e-02 1.255560014397e-02 5.094072315842e-03 2.800666727126e-03 1.743473578244e-03 1.659725909121e-03 1.594018191099e-03 2.009564079344e-03 1.773994066752e-03 1.774969045073e-03 1.651275088079e-03 1.630806713365e-03 1.579882344231e-03 1.612440450117e-03 1.558043994009e-03 1.584059675224e-03 1.704453956336e-03 1.632703933865e-03 1.654218533076e-03 1.363226911053e-03 1.510697300546e-03 1.585018355399e-03 1.261575031094e-03 9.617814212106e-04 1.150967553258e-03 1.224812818691e-03 1.230080844834e-03 1.208654954098e-03 1.239565550350e-03 1.595536479726e-03 2.683322876692e-03
1.358360797167e-02 2.243472635746e-02 3.230389952660e-02 4.137646779418e-02 4.551674798131e-02 3.738522157073e-02 4.359593614936e-02 5.156071856618e-02 7.360330224037e-02 3.003859519958e-02 3.112367913127e-02 1.873251423240e-02 7.608950138092e-03 3.114495659247e-03 2.155434573069e-03 1.753246993758e-03 1.570710330270e-03 1.415647566319e-03 1.297060051002e-03 1.228600973263e-03 1.365444855765e-03 1.051593688317e-03 1.065601245500e-03 1.061693998054e-03 1.118964864872e-03 1.174860633910e-03 1.185227767564e-03 1.085447962396e-03 9.346702136099e-04 1.121224486269e-03 1.088617951609e-03 1.055114786141e-03 1.183841028251e-03 1.321981078945e-03 1.216053031385e-03 9.532739059068e-04 1.069109886885e-03 1.200605183840e-03 1.232978305779e-03 1.249473309144e-03 1.448795781471e-03 1.738769351505e-03 2.190403640270e-03
1.474426407367e-02 4.483218491077e-02 8.307293057442e-02 4.994354397058e-02 3.250473365188e-02 5.406302958727e-02 7.205913215876e-02 9.701464325190e-02 4.821248352528e-02 2.505378611386e-02 1.208704151213e-02 7.056117523462e-03 2.843153197318e-03 1.835540402681e-03 1.286716200411e-03 1.090748584829e-03 1.000813790597e-03 9.299291996285e-04 9.541338658892e-04 1.015812042169e-03 1.049052807502e-03 9.723854018375e-04 9.403903968632e-04 1.009294763207e-03 1.205356209539e-03 1.403440604918e-03 1.534392358735e-03 1.490965136327e-03 1.177751342766e-03 9.130364051089e-04 9.080230374821e-04 8.375534671359e-04 8.489251486026e-04 1.061291550286e-03 1.099236891605e-03 1.025028410368e-03 9.720876114443e-04 1.138886320405e-03 1.202411716804e-03 1.214521122165e-03 1.389638870023e-03 1.924637472257e-03 2.604024484754e-03
2.771749161184e-02 8.698382228613e-02 6.742425262928e-02 5.363617837429e-02 5.876115709543e-02 5.624492466450e-02 4.051750153303e-02 3.969976678491e-02 3.047339990735e-02 1.578923128545e-02 5.943713709712e-03 3.743311157450e-03 1.892969245091e-03 1.227194792591e-03 9.708843426779e-04 7.971129380167e-04 7.972163730301e-04 8.513225475326e-04 8.316572639160e-04 8.062059059739e-04 8.753627189435e-04 9.030112996697e-04 8.710998226888e-04 8.731614798307e-04 1.098601380363e-03 1.348106074147e-03 1.530358567834e-03 1.526303705759e-03 1.239511766471e-03 8.459733217023e-04 8.830238948576e-04 9.134608553723e-04 7.467399118468e-04 7.809798116796e-04 9.316281648353e-04 1.040623523295e-03 1.051581697538e-03 1.042197691277e-03 1.139317522757e-03 1.189297414385e-03 1.178077771328e-03 1.336046378128e-03 1.690359669738e-03
3.745942562819e-02 6.358398497105e-02 3.736029937863e-02 2.316032722592e-02 1.556709688157e-02 1.924013160169e-02 1.727561652660e-02 2.065142616630e-02 1.692934334278e-02 5.888130981475e-03 4.350701812655e-03 2.614838536829e-03 2.006066264585e-03 1.488072914071e-03 9.278565412387e-04 7.545972475782e-04 8.197975112125e-04 8.268191013485e-04 7.529237191193e-04 7.224330911413e-04 8.374991011806e-04 9.165930678137e-04 9.587698150426e-04 9.250994771719e-04 8.571740472689e-04 1.023986143991e-03 1.142586348578e-03 1.132327248342e-03 9.360733092763e-04 7.614658679813e-04 7.853136048652e-04 8.609232027084e-04 8.210531668738e-04 6.960856262594e-04 7.132351165637e-04 8.504876750521e-04 9.454517276026e-04 9.244078537449e-04 1.051797647960e-03 1.142221037298e-03 1.163450884633e-03 1.223719911650e-03 1.372917788103e-03
5.406871065497e-02 4.400160908699e-02 1.430749706924e-02 1.080157700926e-02 1.144856959581e-02 6.989445071667e-03 1.025327201933e-02 1.612442731857e-02 1.073246076703e-02 5.133071448654e-03 4.054574295878e-03 2.151343040168e-03 2.094818977639e-03 1.984797650948e-03 1.241426914930e-03 9.810348274186e-04 8.323872461915e-04 7.955804467201e-04 6.861449219286e-04 6.962126935832e-04 8.416836499237e-04 1.008684979752e-03 1.108472584747e-03 1.035302411765e-03 8.842892711982e-04 7.586210849695e-04 8.283896022476e-04 8.845527772792e-04 8.792994776741e-04 9.357510716654e-04 8.407084969804e-04 7.770673837513e-04 7.891262648627e-04 7.153816986829e-04 6.916500860825e-04 8.312455029227e-04 9.085729834624e-04 8.847420103848e-04 9.471769444644e-04 1.065506250598e-03 1.117184525356e-03 1.248832326382e-03 1.580713433214e-03
8.554404973984e-02 3.762047737837e-02 7.305600214750e-03 5.193618591875e-03 3.998309373856e-03 4.906042944640e-03 5.295261275023e-03 1.190313510597e-02 1.204359438270e-02 7.332072127610e-03 3.651240142062e-03 2.084486884996e-03 1.802552375011e-03 1.882500015199e-03 1.544004189782e-03 9.494475089014e-04 8.263018680736e-04 7.655812078156e-04 6.364034488797e-04 6.881505250931e-04 8.611551602371e-04 1.123431604356e-03 1.224728068337e-03 1.087581855245e-03 9.134174906649e-04 8.044549613260e-04 8.562635048293e-04 9.535267599858e-04 9.959164308384e-04 9.795957012102e-04 9.072294342332e-04 7.525357650593e-04 8.634734549560e-04 7.178228697740e-04 6.735414499417e-04 7.318536518142e-04 9.197181207128e-04 1.012356951833e-03 1.078249653801e-03 1.225206186064e-03 1.406670897268e-03 1.460175728425e-03 1.419321284629e-03
7.257601618767e-02 2.266200259328e-02 5.552310496569e-03 3.113665152341e-03 2.858287421986e-03 3.315185895190e-03 6.165603641421e-03 7.879364304245e-03 9.566245600581e-03 6.669125054032e-03 4.382055252790e-03 2.420508302748e-03 1.601556432433e-03 1.360951690003e-03 1.302500604652e-03 1.099908957258e-03 9.581435588188e-04 1.052236766554e-03 8.778334595263e-04 7.594007183798e-04 9.458287968300e-04 1.261923927814e-03 1.313230139203e-03 1.103072194383e-03 9.366042213514e-04 8.533689542674e-04 8.948011673056e-04 1.004700316116e-03 1.085425028577e-03 1.013334956951e-03 8.956537931226e-04 7.405983051285e-04 8.806880796328e-04 6.826826138422e-04 6.605811649933e-04 6.355205550790e-04 6.910329684615e-04 9.101685136557e-04 1.159215345979e-03 1.492170616984e-03 1.821450074203e-03 1.951306592673e-03 1.973498612642e-03
3.830799460411e-02 7.163710892200e-03 3.309760941193e-03 2.865349873900e-03 2.395970979705e-03 2.468132646754e-03 3.979824949056e-03 2.205465454608e-03 5.809287540615e-03 8.772153407335e-03 6.256294436753e-03 4.763531964272e-03 2.364750718698e-03 1.450434559956e-03 1.237304415554e-03 1.244058599696e-03 1.318196882494e-03 1.184722757898e-03 1.045824144967e-03 9.261464001611e-04 1.130885910243e-03 1.387929311022e-03 1.336000044830e-03 1.124982372858e-03 1.003993442282e-03 9.445712203160e-04 9.452288504690e-04 1.054934808053e-03 1.147317700088e-03 1.100158900954e-03 9.200678905472e-04 7.282157312147e-04 8.310760604218e-04 7.531704031862e-04 6.559897447005e-04 6.517412257381e-04 6.277194479480e-04 6.560832844116e-04 8.382823434658e-04 1.281200326048e-03 1.749457325786e-03 2.039997139946e-03 2.206783974543e-03
1.040117349476e-02 4.013168625534e-03 2.586089307442e-03 2.472605789080e-03 1.931380596943e-03 1.764140091836e-03 1.790852984414e-03 1.690137782134e-03 2.113532507792e-03 7.236358709633e-03 8.011168800294e-03 1.175181847066e-02 7.513835094869e-03 2.691224450245e-03 1.665983931161e-03 1.387321739458e-03 1.494238735177e-03 1.768655027263e-03 1.647472381592e-03 1.318445778452e-03 1.288717961870e-03 1.442699343897e-03 1.296677044593e-03 1.119033317082e-03 1.053005224094e-03 1.042519696057e-03 1.062280614860e-03 1.078207627870e-03 1.174181350507e-03 1.180796884000e-03 1.018961775117e-03 7.859102915972e-04 7.794143748470e-04 7.800794555806e-04 7.290673675016e-04 7.467299001291e-04 7.393162813969e-04 7.262365543284e-04 7.165297865868e-04 7.389916572720e-04 9.959498420358e-04 1.326626166701e-03 1.564179779962e-03
3.702571615577e-03 2.325267996639e-03 2.317352686077e-03 2.020195592195e-03 1.647725817747e-03 1.495199743658e-03 1.306516234763e-03 1.313433283940e-03 1.550811808556e-03 2.998502459377e-03 1.198527216911e-02 2.943349257112e-02 2.017355151474e-02 6.413673516363e-03 2.813415369019e-03 1.744195120409e-03 1.553804730065e-03 1.864904887043e-03 1.806139363907e-03 1.901987823658e-03 1.830046065152e-03 1.508414396085e-03 1.348979072645e-03 1.209945185110e-03 1.172662712634e-03 1.181018771604e-03 1.178649021313e-03 1.147934352048e-03 1.177216763608e-03 1.243375125341e-03 1.124866190366e-03 8.219227893278e-04 7.594626513310e-04 7.489575073123e-04 7.869735127315e-04 8.446586434729e-04 8.839395013638e-04 8.960521663539e-04 8.881996618584e-04 8.556411485188e-04 8.624926558696e-04 9.079473093152e-04 9.380420087837e-04
3.367331111804e-03 1.897042151541e-03 2.062871819362e-03 1.577763818204e-03 1.288609462790e-03 1.224038540386e-03 1.069805119187e-03 1.093657570891e-03 1.118873129599e-03 2.075496129692e-03 9.071751497686e-03 2.446909621358e-02 2.203252166510e-02 1.418958231807e-02 3.438558895141e-03 1.883539138362e-03 1.433284603991e-03 2.068188739941e-03 2.453650813550e-03 2.300535561517e-03 1.881010597572e-03 1.471530180424e-03 1.456056605093e-03 1.369041739963e-03 1.322725554928e-03 1.291845925152e-03 1.236373209395e-03 1.127746421844e-03 1.187487738207e-03 1.256096642464e-03 1.107549411245e-03 8.552340441383e-04 8.855607011355e-04 8.571291109547e-04 8.127675391734e-04 7.896045572124e-04 8.434631745331e-04 8.758367621340e-04 8.665109053254e-04 8.105045417324e-04 9.043011814356e-04 1.067543518730e-03 1.184457447380e-03
4.151745699346e-03 2.171374857426e-03 1.826499472372e-03 1.411231234670e-03 1.060300273821e-03 1.000825432129e-03 1.027006306686e-03 1.003291807137e-03 1.006565522403e-03 1.297020702623e-03 3.436768660322e-03 1.251026429236e-02 4.544993489981e-02 3.506770730019e-02 5.872526671737e-03 2.201427239925e-03 2.429216168821e-03 2.590126357973e-03 2.302028937265e-03 1.831410336308e-03 1.487300149165e-03 1.517701661214e-03 1.607657759450e-03 1.556189148687e-03 1.449891831726e-03 1.315241679549e-03 1.137827173807e-03 1.047063968144e-03 1.227861503139e-03 1.264052349143e-03 1.134458696470e-03 1.260050456040e-03 1.263160258532e-03 1.194709097035e-03 1.074723084457e-03 8.358918130398e-04 7.034513982944e-04 7.031428394839e-04 7.220912375487e-04 7.759275613353e-04 9.118140442297e-04 1.136261271313e-03 1.408049603924e-03
4.396390169859e-03 2.464496763423e-03 1.847439329140e-03 1.231153728440e-03 9.172787540592e-04 9.616417810321e-04 9.494246332906e-04 9.752305340953e-04 8.767120307311e-04 9.918096475303e-04 1.938464818522e-03 6.355755962431e-03 2.205663360655e-02 1.942765712738e-02 6.470375228673e-03 3.673796309158e-03 3.017524490133e-03 2.340183127671e-03 1.802112907171e-03 1.444193883799e-03 1.437433296815e-03 1.532346708700e-03 1.628129975870e-03 1.547687337734e-03 1.336561050266e-03 1.084335963242e-03 9.027378982864e-04 9.835801320150e-04 1.235303469002e-03 1.300185918808e-03 1.344708725810e-03 1.477378536947e-03 1.466791727580e-03 1.366286189295e-03 1.161607680842e-03 8.750858251005e-04 8.961843559518e-04 9.301704703830e-04 9.852013317868e-04 1.032201806083e-03 1.045307959430e-03 1.170203089714e-03 1.510008005425e-03
4.109330009669e-03 2.203517127782e-03 1.553815905936e-03 9.666673140600e-04 8.807354024611e-04 9.496416314505e-04 9.171512210742e-04 7.933542365208e-04 6.304960697889e-04 8.938558166847e-04 1.647588564083e-03 2.809745026752e-03 7.762240245938e-03 9.204990230501e-03 6.655928678811e-03 4.072161391377e-03 2.573627280071e-03 1.828090171330e-03 1.695553306490e-03 1.645029289648e-03 1.480150851421e-03 1.398758031428e-03 1.352263847366e-03 1.187716610730e-03 9.369602776133e-04 8.414936019108e-04 8.301942143589e-04 8.872834150679e-04 1.153078046627e-03 1.291077933274e-03 9.557917946950e-04 1.038620132022e-03 1.038781832904e-03 9.714069892652e-04 9.461278095841e-04 1.033594948240e-03 1.116615021601e-03 1.226706895977e-03 1.346728182398e-03 1.414467231371e-03 1.389138284139e-03 1.294706831686e-03 1.482539228164e-03
3.670462407172e-03 1.629286445677e-03 1.116475672461e-03 6.926400819793e-04 8.246291545220e-04 9.146568481810e-04 8.760692435317e-04 7.229680195451e-04 5.340509233065e-04 8.040087413974e-04 1.479722210206e-03 2.286647213623e-03 5.398564506322e-03 6.912355776876e-03 5.366635508835e-03 3.174988552928e-03 1.964511116967e-03 1.824627979659e-03 1.793714123778e-03 1.502781175077e-03 1.194157870486e-03 9.970886167139e-04 8.721672929823e-04 7.307757041417e-04 6.894691614434e-04 6.782411946915e-04 6.805515731685e-04 7.548099383712e-04 1.005387632176e-03 1.177354948595e-03 9.133031126112e-04 7.160285604186e-04 6.835491512902e-04 8.730798144825e-04 1.032328349538e-03 1.171899843030e-03 1.333624008112e-03 1.534975715913e-03 1.723878085613e-03 1.800754340366e-03 1.712987432256e-03 1.510687288828e-03 1.461833249778e-03
