VariationalSeries/SI/f54_max.grd
DSAA
101	101
32.816463539100	34.260883539100
35.556306596100	36.727886596100
2.484800097591e-05	4.045253276825e+00
[rows 38 to 56 of 101, columns 43 to 85 of 101]
2.472270578146e-01 3.837636113167e-01 4.105560779572e-01 2.433485090733e-01 4.080218374729e-01 2.003903985023e-01 2.061420679092e-01 2.766182124615e-01 2.373296022415e-01 1.903769522905e-01 2.798897922039e-01 1.455375701189e-01 1.598053425550e-01 1.352612078190e-01 2.099918872118e-01 1.530119627714e-01 1.656638234854e-01 9.409967809916e-02 1.281801313162e-01 1.945497244596e-01 1.983079165220e-01 1.520365774632e-01 1.048931479454e-01 8.305583894253e-02 7.167493551970e-02 6.482832878828e-02 5.998540297151e-02 6.140460446477e-02 5.459894984961e-02 4.099135845900e-02 4.070418700576e-02 4.819568619132e-02 5.509325116873e-02 5.666591972113e-02 5.747790262103e-02 5.760971084237e-02 5.674637481570e-02 5.242616310716e-02 4.657267034054e-02 4.152562096715e-02 3.743358328938e-02 3.762588649988e-02 3.179099783301e-02
2.472748905420e-01 5.089451074600e-01 3.288240730762e-01 4.590075314045e-01 3.302432000637e-01 4.664249718189e-01 3.926150500774e-01 2.428352385759e-01 2.467770278454e-01 1.983737945557e-01 3.175911903381e-01 2.055978327990e-01 1.337510496378e-01 1.532724201679e-01 2.788442373276e-01 1.662909686565e-01 1.900973320007e-01 2.970623373985e-01 2.663409709930e-01 1.805387735367e-01 1.219500899315e-01 8.291184157133e-02 7.569921761751e-02 6.834223866463e-02 6.881980597973e-02 6.578254699707e-02 5.767156183720e-02 5.031823739409e-02 4.541211575270e-02 4.543682932854e-02 4.989634454250e-02 4.688166826963e-02 3.849155083299e-02 3.250047564507e-02 3.141431510448e-02 2.710468880832e-02 2.909083850682e-02 3.196374326944e-02 3.517805039883e-02 3.895007073879e-02 4.218846559525e-02 5.550812929869e-02 5.721813812852e-02
3.639223575592e-01 2.546022832394e-01 4.478183090687e-01 3.548358976841e-01 3.774570524693e-01 4.914443492889e-01 2.999384999275e-01 2.726058959961e-01 1.948754638433e-01 2.020528316498e-01 3.397455513477e-01 1.843055188656e-01 1.889190673828e-01 1.854316741228e-01 2.259639948606e-01 3.650161325932e-01 2.490765750408e-01 1.293667703867e-01 1.210640370846e-01 8.023650199175e-02 6.084958091378e-02 8.779600262642e-02 1.152666956186e-01 1.037967652082e-01 7.475007325411e-02 6.511540710926e-02 6.367059797049e-02 5.871896818280e-02 5.072889849544e-02 4.717576503754e-02 4.439335316420e-02 4.497497156262e-02 4.303782060742e-02 4.002244025469e-02 3.899497166276e-02 4.099038988352e-02 4.044613987207e-02 3.672450780869e-02 4.900323599577e-02 6.676918268204e-02 5.481892451644e-02 4.143796861172e-02 3.581598028541e-02
4.015009403229e-01 3.698069751263e-01 5.838118195534e-01 4.881938695908e-01 4.618658721447e-01 5.088425874710e-01 4.796321094036e-01 2.646407186985e-01 2.983812093735e-01 2.829130291939e-01 3.346994817257e-01 2.618559598923e-01 2.432742416859e-01 4.136881232262e-01 2.667399346828e-01 1.976656764746e-01 1.680478751659e-01 1.361030191183e-01 1.002520322800e-01 1.628152579069e-01 1.753689944744e-01 9.210423380136e-02 1.444332003593e-01 1.098253652453e-01 9.886513650417e-02 8.720068633556e-02 7.702147960663e-02 6.888215988874e-02 6.205165386200e-02 5.972350016236e-02 1.118423491716e-01 4.756717011333e-02 4.520019516349e-02 4.281023517251e-02 5.415569618344e-02 6.761841475964e-02 6.202327460051e-02 7.091715186834e-02 6.128509715199e-02 6.711056828499e-02 6.763820350170e-02 6.607698649168e-02 6.059985235333e-02
3.831462264061e-01 5.308163762093e-01 4.578678011894e-01 4.545006155968e-01 4.223771691322e-01 5.340347886086e-01 8.433420062065e-01 3.646161556244e-01 4.251939654350e-01 4.238279461861e-01 3.861350715160e-01 3.887411952019e-01 4.414321184158e-01 2.520115077496e-01 2.729074060917e-01 1.542085260153e-01 2.090813815594e-01 2.795788049698e-01 2.199922353029e-01 2.097098678350e-01 2.180909365416e-01 1.470109820366e-01 9.097112715244e-02 8.830409497023e-02 8.190130442381e-02 7.683286070824e-02 9.361251443624e-02 1.619142442942e-01 1.944468766451e-01 1.725806742907e-01 8.524706959724e-02 6.168480962515e-02 5.858267471194e-02 6.338706612587e-02 7.982287555933e-02 8.180321753025e-02 7.399673759937e-02 6.624322384596e-02 5.023623257875e-02 6.241358071566e-02 7.447853684425e-02 7.430250197649e-02 7.141080498695e-02
4.539546966553e-01 6.589670777321e-01 1.089526414871e+00 6.665714383125e-01 1.075839519501e+00 5.532994270325e-01 1.320369482040e+00 3.794077336788e-01 7.390984892845e-01 5.294398069382e-01 4.627772867680e-01 4.527974426746e-01 2.568141520023e-01 3.128795623779e-01 3.546234071255e-01 3.465301990509e-01 2.145194262266e-01 1.270914822817e-01 2.729601264000e-01 2.360975891352e-01 1.294208467007e-01 1.182105988264e-01 1.116665527225e-01 2.033137083054e-01 2.500753998756e-01 2.210807800293e-01 1.455947160721e-01 1.048001945019e-01 1.139243766665e-01 7.209478318691e-02 5.785563215613e-02 8.680320531130e-02 1.079111620784e-01 9.679603576660e-02 8.533776551485e-02 1.156166940928e-01 1.369269490242e-01 1.224395558238e-01 8.779080957174e-02 6.499391794205e-02 8.117915689945e-02 8.912663906813e-02 9.395344555378e-02
5.592535734177e-01 7.053223252296e-01 8.306916952133e-01 1.104030609131e+00 9.227602481842e-01 9.366130232811e-01 1.548367977142e+00 6.157341599464e-01 7.147431969643e-01 5.629381537437e-01 5.673902034760e-01 3.283376991749e-01 3.549575805664e-01 4.433859586716e-01 3.461586833000e-01 2.471937090158e-01 3.567610085011e-01 3.313700556755e-01 2.617486417294e-01 3.312712609768e-01 3.354249000549e-01 2.909364700317e-01 2.082364112139e-01 1.140314266086e-01 1.252262294292e-01 1.130177974701e-01 8.967918902636e-02 9.256520122290e-02 9.996180236340e-02 1.074380055070e-01 1.046187505126e-01 8.925580978394e-02 8.574054390192e-02 7.199916243553e-02 1.316198706627e-01 1.608237475157e-01 1.507895737886e-01 1.110740080476e-01 6.728751212358e-02 4.113372042775e-02 5.728669464588e-02 6.573759764433e-02 6.050340831280e-02
5.308094620705e-01 7.802701592445e-01 9.246888160706e-01 8.810831308365e-01 1.311572551727e+00 9.816626310349e-01 1.577330946922e+00 8.692181110382e-01 7.441930174828e-01 8.255882859230e-01 6.313771605492e-01 4.161644577980e-01 4.126913845539e-01 4.411519467831e-01 2.547524571419e-01 3.766428828239e-01 4.860343635082e-01 3.357377350330e-01 1.994687467813e-01 1.979385465384e-01 1.744076758623e-01 1.351491063833e-01 1.302632689476e-01 1.440927833319e-01 1.441593766212e-01 1.273428350687e-01 1.102836281061e-01 1.075520664454e-01 8.966901898384e-02 9.867532551289e-02 9.449210762978e-02 8.622381836176e-02 5.984601005912e-02 1.097269356251e-01 1.308774948120e-01 1.240920796990e-01 8.667920529842e-02 4.662091284990e-02 6.413413584232e-02 6.034257635474e-02 4.517160728574e-02 4.349032789469e-02 4.702048748732e-02
7.863848805428e-01 1.099868774414e+00 1.123445987701e+00 1.224298357964e+00 1.330583691597e+00 1.675281405449e+00 1.580371975899e+00 3.071302413940e+00 1.131760358810e+00 7.165722250938e-01 6.655661463737e-01 5.936289429665e-01 5.039600133896e-01 7.693750262260e-01 6.713500022888e-01 3.927628695965e-01 3.633995354176e-01 3.774393796921e-01 2.765081226826e-01 2.442047297955e-01 2.419843822718e-01 2.302218377590e-01 2.471389323473e-01 1.843867599964e-01 2.370045632124e-01 2.097561508417e-01 1.317047774792e-01 1.199420839548e-01 1.215127781034e-01 1.134703978896e-01 9.691526740789e-02 9.361053258181e-02 9.765911847353e-02 1.123854592443e-01 1.044975891709e-01 8.019796013832e-02 6.112831085920e-02 5.539964511991e-02 5.400975048542e-02 5.343497171998e-02 5.225009843707e-02 5.034527927637e-02 4.889908432961e-02
4.994399845600e-01 1.454257488251e+00 1.004879593849e+00 1.255420923233e+00 1.983220696449e+00 1.587404251099e+00 1.883876085281e+00 2.243685960770e+00 1.105288863182e+00 1.044822216034e+00 1.329387664795e+00 8.452122807503e-01 1.048590540886e+00 8.148009181023e-01 6.819731593132e-01 5.948539376259e-01 5.056982636452e-01 4.376420974731e-01 3.862540423870e-01 5.425372719765e-01 6.347477436066e-01 2.650821208954e-01 1.728870272636e-01 1.757990270853e-01 2.468203008175e-01 1.547512561083e-01 1.338002234697e-01 1.269358694553e-01 1.172110438347e-01 1.115538030863e-01 1.071555167437e-01 1.108781769872e-01 1.173595562577e-01 1.003504991531e-01 7.681507617235e-02 7.164552062750e-02 6.787234544754e-02 5.583561211824e-02 5.524851754308e-02 5.563510954380e-02 5.134861543775e-02 5.262111872435e-02 5.528316646814e-02
1.343407392502e+00 1.572770833969e+00 1.796960353851e+00 1.895302534103e+00 2.200130224228e+00 3.046408653259e+00 4.045253276825e+00 1.867606401443e+00 1.506307721138e+00 1.053168177605e+00 1.497667908669e+00 1.492142558098e+00 5.641927719116e-01 9.003637433052e-01 9.874657392502e-01 4.897205531597e-01 4.524698555470e-01 4.797473251820e-01 5.296882390976e-01 6.250126957893e-01 4.830376803875e-01 2.048048079014e-01 2.334071993828e-01 1.904211640358e-01 1.782528758049e-01 1.523751020432e-01 1.482098847628e-01 1.471243947744e-01 1.222784295678e-01 8.492379635572e-02 7.593667507172e-02 8.322501182556e-02 8.835792541504e-02 9.079104661942e-02 8.906581997871e-02 8.530396223068e-02 7.606316357851e-02 7.793930917978e-02 8.692293614149e-02 8.905940502882e-02 7.978255301714e-02 6.927283108234e-02 6.047508120537e-02
8.965235948563e-01 1.597431182861e+00 1.648582458496e+00 2.091105699539e+00 2.080191373825e+00 2.056484699249e+00 2.019325017929e+00 1.665699362755e+00 1.166887879372e+00 1.326653361320e+00 1.274588584900e+00 1.344929814339e+00 1.627112150192e+00 7.231951951981e-01 6.028739213943e-01 3.744916915894e-01 3.414476811886e-01 2.412820011377e-01 2.223450988531e-01 1.896582096815e-01 1.626113057137e-01 1.842350959778e-01 2.271269708872e-01 2.614028155804e-01 2.676348090172e-01 2.350253164768e-01 1.886988133192e-01 1.308400928974e-01 9.172812104225e-02 7.564745843410e-02 6.074169650674e-02 6.838895380497e-02 8.896396309137e-02 6.083540245891e-02 6.746946275234e-02 7.373881340027e-02 5.895240604877e-02 7.198187708855e-02 8.509794622660e-02 9.019036591053e-02 1.023915261030e-01 1.286794990301e-01 1.461494266987e-01
3.534656167030e-01 4.825789928436e-01 7.594807744026e-01 3.592895269394e+00 1.984435677528e+00 1.890656352043e+00 1.053197622299e+00 1.084729552269e+00 1.000849246979e+00 1.595414400101e+00 1.485568404198e+00 2.102699518204e+00 3.043946981430e+00 2.234812259674e+00 1.457055568695e+00 6.719073057175e-01 3.169304430485e-01 2.262795418501e-01 2.054013758898e-01 2.752117812634e-01 3.582169115543e-01 3.317182064056e-01 2.449007183313e-01 1.574629396200e-01 1.730767488480e-01 1.638572216034e-01 2.352566123009e-01 3.512501716614e-01 1.632109582424e-01 8.528709411621e-02 7.894784212112e-02 1.296113133430e-01 8.670121431351e-02 5.329017341137e-02 4.666024446487e-02 4.847213998437e-02 4.865423589945e-02 5.008684471250e-02 5.099818110466e-02 5.097747594118e-02 5.107079446316e-02 5.652093887329e-02 4.934114590287e-02
6.399728357792e-02 1.622951328754e-01 3.932604193687e-01 5.138513445854e-01 5.226687192917e-01 5.137159824371e-01 3.985691964626e-01 5.433204770088e-01 5.525341629982e-01 8.665034770966e-01 1.752926111221e+00 1.979925036430e+00 2.720683097839e+00 1.589529037476e+00 1.129580378532e+00 6.407330036163e-01 2.931202650070e-01 1.541223078966e-01 1.617832034826e-01 3.583988547325e-01 1.142882823944e+00 4.790427088737e-01 4.097337126732e-01 3.023474216461e-01 3.082814812660e-01 2.648675143719e-01 2.870400249958e-01 2.013536989689e-01 9.908698499203e-02 1.307088881731e-01 1.101521775126e-01 1.114494875073e-01 6.763666868210e-02 6.135020032525e-02 4.280935227871e-02 3.923108428717e-02 4.080891981721e-02 4.075588285923e-02 4.403189942241e-02 4.059235379100e-02 5.284203216434e-02 6.208140030503e-02 6.005416810513e-02
4.500291869044e-02 8.395797014236e-02 2.504070103168e-01 1.480311006308e-01 1.243612393737e-01 1.014168187976e-01 1.539258658886e-01 2.541400194168e-01 2.654013931751e-01 2.825791537762e-01 8.004195094109e-01 3.983175039291e+00 3.128736019135e+00 1.412103652954e+00 6.536284089088e-01 1.866569966078e-01 1.119038164616e-01 7.366745173931e-02 9.154686331749e-02 2.338912338018e-01 5.364154577255e-01 9.348058104515e-01 4.684563577175e-01 3.566342592239e-01 2.815002202988e-01 2.113822400570e-01 2.243952751160e-01 2.092979252338e-01 1.837844848633e-01 1.656592339277e-01 2.020688802004e-01 8.646482974291e-02 8.022962510586e-02 6.476559489965e-02 6.618998944759e-02 6.169937923551e-02 5.162813887000e-02 4.429934546351e-02 5.050577968359e-02 5.830990523100e-02 6.832101941109e-02 6.727879494429e-02 5.738709867001e-02
3.024790249765e-02 1.236830055714e-01 2.918894290924e-01 2.376204133034e-01 5.290278047323e-02 6.194408982992e-02 5.925872549415e-02 1.202314943075e-01 1.314346641302e-01 2.766069769859e-01 4.698087275028e-01 1.098931908607e+00 2.325470209122e+00 1.584307193756e+00 2.138755083084e+00 5.170727372169e-01 6.346113234758e-02 4.000074043870e-02 6.307099759579e-02 2.097248733044e-01 6.451601386070e-01 1.000442862511e+00 7.638108730316e-01 5.202249288559e-01 3.616366684437e-01 2.276676446199e-01 2.583456039429e-01 1.915240436792e-01 1.848008781672e-01 1.839405447245e-01 1.528605073690e-01 1.219652295113e-01 8.593171834946e-02 9.151982516050e-02 8.202550560236e-02 6.557469815016e-02 5.827643722296e-02 5.406930297613e-02 4.998692870140e-02 5.838017538190e-02 6.406365334988e-02 6.231808662415e-02 5.522822961211e-02
2.567905560136e-02 6.312280893326e-02 4.305182695389e-01 5.151944160461e-01 2.695232927799e-01 4.180463030934e-02 3.183077648282e-02 6.000110879540e-02 5.994891747832e-02 4.861920326948e-02 4.109432175756e-02 1.787213385105e-01 7.865797281265e-01 4.752128720284e-01 2.644278287888e+00 3.219448029995e-01 1.840111464262e-01 7.124715298414e-02 5.590895190835e-02 1.809733659029e-01 3.559865951538e-01 3.147751331329e+00 9.758917093277e-01 4.247080087662e-01 4.304400682449e-01 2.270201295614e-01 2.435020804405e-01 2.090782523155e-01 2.982061505318e-01 2.291669845581e-01 1.314687281847e-01 1.301773488522e-01 1.215114369988e-01 1.158004775643e-01 1.137503609061e-01 9.071025252342e-02 8.926640450954e-02 9.879154711962e-02 6.384224444628e-02 4.893554747105e-02 4.830897971988e-02 4.773606732488e-02 5.558367818594e-02
1.641045697033e-02 2.834028936923e-02 3.546145185828e-02 2.004475891590e-01 1.235999241471e-01 2.982343919575e-02 2.543445490301e-02 2.994088828564e-02 2.809622511268e-02 2.692294679582e-02 1.945302449167e-02 2.176975458860e-02 6.706589460373e-02 4.402814507484e-01 1.217745661736e+00 2.928226888180e-01 2.474829703569e-01 1.157563328743e-01 6.627029180527e-02 1.302255392075e-01 1.514598876238e-01 2.075503766537e-01 1.891932338476e-01 1.433346569538e-01 2.113983184099e-01 3.515751361847e-01 3.103197216988e-01 3.101328313351e-01 1.977979242802e-01 2.597030401230e-01 2.709281742573e-01 2.362169176340e-01 1.444640606642e-01 1.196510866284e-01 1.144157052040e-01 9.991589188576e-02 8.541180938482e-02 8.652902394533e-02 8.393219858408e-02 5.556435883045e-02 4.572064802051e-02 4.711882770061e-02 5.124950408936e-02
1.806822977960e-02 2.887948416173e-02 1.898883096874e-02 2.131056413054e-02 2.165567688644e-02 2.549416013062e-02 2.358584664762e-02 2.230126038194e-02 2.063221111894e-02 1.556966174394e-02 1.085202023387e-02 9.231842122972e-03 1.542392559350e-02 4.475031197071e-01 6.785129904747e-01 7.576525807381e-01 2.019299864769e-01 2.228501588106e-01 1.999160796404e-01 7.762766629457e-02 8.392849564552e-02 1.580839455128e-01 4.328566491604e-01 3.997655212879e-01 5.212846398354e-01 5.246934890747e-01 4.919766783714e-01 4.650358259678e-01 4.412110745907e-01 4.213500022888e-01 4.488061070442e-01 5.499600172043e-01 4.701833724976e-01 1.926945596933e-01 7.869354635477e-02 9.249345213175e-02 1.012463122606e-01 6.994123756886e-02 6.887483596802e-02 4.871191084385e-02 4.799268394709e-02 3.571636602283e-02 4.017591476440e-02
