VariationalSeries/SI/f54_max.grd
DSAA
101	101
32.816463539100	34.260883539100
35.556306596100	36.727886596100
2.484800097591e-05	4.045253276825e+00
[rows 38 to 56 of 101, columns 0 to 42 of 101]
9.699694812298e-03 2.046699821949e-02 2.213662862778e-02 2.306091785431e-02 2.726413682103e-02 3.341892734170e-02 3.859229013324e-02 4.400601610541e-02 4.836126789451e-02 4.416544362903e-02 3.624214977026e-02 2.957359515131e-02 2.921743877232e-02 2.878391742706e-02 3.062435425818e-02 3.469201549888e-02 3.926062583923e-02 7.214722037315e-02 1.169461607933e-01 1.255468428135e-01 1.012256592512e-01 8.584871888161e-02 5.699988082051e-02 6.676188111305e-02 1.334483474493e-01 1.732191294432e-01 1.666580438614e-01 1.191200241446e-01 8.522146940231e-02 9.445383399725e-02 9.992469847202e-02 1.224009618163e-01 1.677316725254e-01 1.650983542204e-01 1.548397988081e-01 9.253387153149e-02 1.266113668680e-01 1.423677504063e-01 1.408621072769e-01 2.161252945662e-01 2.369517683983e-01 3.515227735043e-01 2.837606072426e-01
1.423715520650e-02 2.534830011427e-02 2.125970274210e-02 2.096616104245e-02 2.967100776732e-02 3.608667477965e-02 4.742686077952e-02 5.967224761844e-02 6.655303388834e-02 6.232324615121e-02 4.528298228979e-02 3.558880835772e-02 3.067318350077e-02 3.121496923268e-02 3.348756581545e-02 3.618531301618e-02 3.855306655169e-02 4.062421247363e-02 6.363467872143e-02 8.909000456333e-02 9.102081507444e-02 8.941227942705e-02 9.244997054338e-02 7.651769369841e-02 7.089355587959e-02 7.876194268465e-02 1.066524386406e-01 2.006348222494e-01 2.686829268932e-01 2.724918723106e-01 2.136767357588e-01 1.053354367614e-01 1.185285598040e-01 1.008324176073e-01 2.010435163975e-01 1.801473349333e-01 1.174169778824e-01 1.417487561703e-01 1.740197092295e-01 1.979315578938e-01 2.646343410015e-01 3.188024163246e-01 3.761215806007e-01
1.656791009009e-02 3.300979360938e-02 3.129529953003e-02 2.699431963265e-02 3.564869239926e-02 4.386376962066e-02 5.323620513082e-02 7.005433738232e-02 7.593598961830e-02 7.570128887892e-02 5.178507044911e-02 3.484165295959e-02 3.511334210634e-02 3.040831722319e-02 2.536113001406e-02 2.850479260087e-02 3.305704146624e-02 3.599676117301e-02 3.832223638892e-02 5.038487911224e-02 7.431866228580e-02 1.042912378907e-01 1.253851205111e-01 1.263377070427e-01 1.234213486314e-01 8.209382742643e-02 6.513381749392e-02 6.882798671722e-02 6.672491133213e-02 8.446520566940e-02 1.780591756105e-01 2.834431827068e-01 3.357774317265e-01 2.802556157112e-01 1.417823880911e-01 1.408936679363e-01 2.465053498745e-01 2.049388140440e-01 2.128486335278e-01 2.122524380684e-01 1.975816339254e-01 2.645375132561e-01 4.001609683037e-01
2.363950200379e-02 4.001664742827e-02 4.651191458106e-02 4.778650403023e-02 4.306234791875e-02 5.164006724954e-02 5.156294256449e-02 4.936832934618e-02 4.934667795897e-02 6.056100875139e-02 6.539584696293e-02 5.677485838532e-02 4.216314852238e-02 3.743244707584e-02 3.794686496258e-02 4.695483669639e-02 5.448149517179e-02 6.094391644001e-02 5.957482010126e-02 4.332552477717e-02 4.828805848956e-02 6.367339193821e-02 7.244149595499e-02 9.717557579279e-02 1.206502020359e-01 1.433166265488e-01 1.598479598761e-01 1.550811380148e-01 1.592523157597e-01 1.737275123596e-01 1.920666545630e-01 1.883475929499e-01 2.910754084587e-01 3.286548852921e-01 2.346213012934e-01 2.967447936535e-01 3.291048109531e-01 2.794507443905e-01 3.148730397224e-01 2.551012933254e-01 1.789375096560e-01 3.127000629902e-01 2.615943849087e-01
2.427914552391e-02 4.267481341958e-02 4.713896661997e-02 4.378776624799e-02 4.753131046891e-02 5.994917824864e-02 5.955271050334e-02 5.165842548013e-02 6.234796345234e-02 5.194607377052e-02 4.921367391944e-02 6.869322806597e-02 7.133178412914e-02 5.381645634770e-02 4.978220537305e-02 4.588320478797e-02 4.683359712362e-02 6.272830814123e-02 8.458261191845e-02 8.598384261131e-02 5.531032010913e-02 6.281719356775e-02 7.995568960905e-02 6.664995849133e-02 7.698402553797e-02 9.288427978754e-02 1.226662918925e-01 1.852369606495e-01 2.493815869093e-01 2.283126562834e-01 2.158388793468e-01 1.606027930975e-01 1.597243994474e-01 3.000773191452e-01 2.885302603245e-01 3.637404739857e-01 2.404819875956e-01 3.405456244946e-01 2.985627353191e-01 4.311257004738e-01 4.454188942909e-01 3.500404655933e-01 3.944442272186e-01
4.691283404827e-02 9.096451103687e-02 6.798372417688e-02 5.690704658628e-02 5.568128451705e-02 5.010632425547e-02 5.127511173487e-02 6.238736957312e-02 6.178298592567e-02 5.005150660872e-02 6.283811479807e-02 4.290388524532e-02 5.478088557720e-02 7.678569108248e-02 6.670700758696e-02 5.774727091193e-02 7.231748849154e-02 1.590601652861e-01 1.869045495987e-01 1.005978286266e-01 1.077496334910e-01 6.352677196264e-02 7.477424293756e-02 1.059497892857e-01 7.067628204823e-02 6.467260420322e-02 6.770355254412e-02 7.412781566381e-02 9.465346485376e-02 1.076109111309e-01 1.149629652500e-01 1.255595386028e-01 1.708791702986e-01 2.691458761692e-01 1.844682991505e-01 1.708049178123e-01 2.510416209698e-01 2.857430577278e-01 1.901679784060e-01 3.939903676510e-01 4.045943021774e-01 4.406624734402e-01 5.411586165428e-01
7.496907562017e-02 1.374707520008e-01 1.114378422499e-01 8.662396669388e-02 7.986832410097e-02 6.551796942949e-02 9.035029262304e-02 7.930471003056e-02 7.869080454111e-02 6.158899888396e-02 4.814823716879e-02 5.930044129491e-02 5.322717130184e-02 3.459002822638e-02 6.499473750591e-02 7.621909677982e-02 5.555161461234e-02 4.821661859751e-02 8.792976289988e-02 5.753974616528e-02 1.001093834639e-01 1.191790848970e-01 1.182977780700e-01 1.034321263433e-01 1.419803947210e-01 8.718616515398e-02 8.098782598972e-02 1.048683673143e-01 1.228700801730e-01 9.383075684309e-02 1.194769293070e-01 1.471842378378e-01 1.744364500046e-01 2.048560380936e-01 2.599948346615e-01 1.974907964468e-01 2.197786420584e-01 2.456499934196e-01 2.327348440886e-01 3.343676924706e-01 3.111896812916e-01 4.496917426586e-01 4.576762914658e-01
2.956834062934e-02 6.159798800945e-02 7.364083081484e-02 8.682560920715e-02 8.890236914158e-02 9.885028004646e-02 1.045329123735e-01 9.019797295332e-02 8.092956244946e-02 7.763040810823e-02 7.187845557928e-02 6.652367115021e-02 6.366706639528e-02 5.938345938921e-02 6.425109505653e-02 5.481151491404e-02 3.895957767963e-02 4.600158706307e-02 4.842282831669e-02 6.656931340694e-02 6.205741316080e-02 1.021234467626e-01 1.106951609254e-01 1.190469563007e-01 1.385917216539e-01 1.563833951950e-01 1.706452667713e-01 1.776096820831e-01 1.814126670361e-01 1.953687369823e-01 1.983723640442e-01 2.085934281349e-01 2.214992791414e-01 1.839140504599e-01 1.579989790916e-01 2.224119901657e-01 2.665805816650e-01 4.107112884521e-01 4.914774596691e-01 4.540807604790e-01 4.320509433746e-01 4.483448266983e-01 3.732742667198e-01
2.858757413924e-02 6.003698706627e-02 6.837472319603e-02 7.595294713974e-02 8.628232032061e-02 8.831527829170e-02 8.124316483736e-02 6.579787284136e-02 6.190247833729e-02 7.369431853294e-02 8.648838847876e-02 8.206368982792e-02 6.211130321026e-02 4.053403809667e-02 4.358961805701e-02 2.522439695895e-02 1.466344669461e-02 1.616534590721e-02 2.152901701629e-02 2.595451474190e-02 7.750421762466e-02 1.359722316265e-01 1.158507466316e-01 1.465667486191e-01 1.411152929068e-01 1.737097203732e-01 1.791163384914e-01 1.694377362728e-01 1.578987538815e-01 1.799716651440e-01 1.916320174932e-01 2.474763244390e-01 3.163157701492e-01 3.445281088352e-01 2.942852675915e-01 2.495837509632e-01 2.764598131180e-01 1.976924240589e-01 3.010627925396e-01 3.064716160297e-01 4.793014526367e-01 4.516942203045e-01 4.861201941967e-01
7.719064597040e-03 1.551222428679e-02 1.637330092490e-02 1.768076233566e-02 2.457525394857e-02 3.436391800642e-02 4.521012306213e-02 4.860864207149e-02 4.700764268637e-02 4.334040358663e-02 4.425195604563e-02 5.623068287969e-02 5.615726485848e-02 4.571692273021e-02 2.959528565407e-02 2.304668724537e-02 1.182542182505e-02 1.006124354899e-02 1.137678604573e-02 2.417248860002e-02 5.346268042922e-02 1.134755611420e-01 2.830180525780e-01 2.660585045815e-01 2.389080226421e-01 2.242719680071e-01 2.160746306181e-01 2.100257128477e-01 2.254091352224e-01 2.600222826004e-01 2.875716686249e-01 3.254882693291e-01 5.640553236008e-01 3.124430179596e-01 7.058934569359e-01 4.815093874931e-01 3.843294680119e-01 4.118367731571e-01 5.099562406540e-01 5.924645066261e-01 6.267691254616e-01 5.888946056366e-01 5.930082798004e-01
6.987814325839e-03 1.349870022386e-02 1.469908189029e-02 1.472549047321e-02 2.483651973307e-02 3.686852380633e-02 3.858222812414e-02 3.161227330565e-02 2.332408912480e-02 1.893853582442e-02 2.398426271975e-02 2.977827377617e-02 2.852421067655e-02 2.294116653502e-02 1.694647781551e-02 1.213002018631e-02 8.919700980186e-03 6.270016077906e-03 6.530810147524e-03 2.172586508095e-02 6.943314522505e-02 1.181407198310e-01 1.161808446050e-01 2.464499324560e-01 5.923125743866e-01 2.994558811188e-01 1.864676624537e-01 1.704543083906e-01 1.755498200655e-01 1.913846582174e-01 3.288418948650e-01 4.757020175457e-01 2.527406215668e-01 3.740663528442e-01 6.757948398590e-01 1.246031522751e+00 5.094073414803e-01 3.987384140491e-01 3.537756204605e-01 3.890808522701e-01 3.329960703850e-01 6.224266886711e-01 7.249305248260e-01
3.627919126302e-03 7.535625714809e-03 9.032826870680e-03 1.002569682896e-02 1.324141491205e-02 2.134712412953e-02 2.458811365068e-02 2.141912095249e-02 1.655347086489e-02 1.234606001526e-02 1.012180279940e-02 9.644480422139e-03 7.692709565163e-03 6.774335168302e-03 8.073017932475e-03 6.149587221444e-03 5.701477173716e-03 4.796884022653e-03 5.571765825152e-03 8.497000671923e-03 1.472181640565e-02 3.932689130306e-02 4.115248098969e-02 5.591984838247e-02 2.162318080664e-01 2.282061725855e-01 8.501074463129e-02 4.643126204610e-02 4.887771978974e-02 1.578487306833e-01 2.079939991236e-01 2.250572293997e-01 2.339966297150e-01 1.922184377909e-01 2.825997471809e-01 8.183590173721e-01 4.358114004135e-01 2.649167478085e-01 1.852476447821e-01 1.672235429287e-01 1.574102938175e-01 4.116855561733e-01 5.715662240982e-01
1.611278974451e-03 3.216529265046e-03 3.345447126776e-03 3.702127840370e-03 4.664239473641e-03 5.903845652938e-03 7.023313548416e-03 7.641917094588e-03 7.393020670861e-03 6.264032796025e-03 5.344931967556e-03 6.145409774035e-03 6.344348192215e-03 5.866289138794e-03 5.996470805258e-03 6.843965966254e-03 5.193762015551e-03 4.149325191975e-03 4.646108951420e-03 6.988701876253e-03 7.971157319844e-03 1.448821835220e-02 2.521194703877e-02 5.511199310422e-02 1.341660469770e-01 8.304312080145e-02 5.134679377079e-02 4.103603959084e-02 3.946657106280e-02 1.262488961220e-02 1.105789653957e-02 1.197292376310e-02 1.869619823992e-02 4.079150408506e-02 9.449764341116e-02 1.617924690247e+00 3.084416627884e+00 4.078797698021e-01 2.777827978134e-01 1.430443674326e-01 1.007426306605e-01 1.095684766769e-01 2.118100821972e-01
1.298651564866e-03 2.361011458561e-03 2.625081222504e-03 2.625992987305e-03 2.641070866957e-03 3.405510913581e-03 4.468257538974e-03 5.496873520315e-03 6.108639296144e-03 5.981347989291e-03 5.023777484894e-03 4.622473847121e-03 5.021161865443e-03 4.856840707362e-03 4.320672247559e-03 5.328838247806e-03 6.176097318530e-03 4.904779605567e-03 3.773202653974e-03 1.219385676086e-02 1.502361241728e-02 1.067452877760e-02 1.416388060898e-02 2.473943680525e-02 4.747310653329e-02 4.764277935028e-01 1.054452061653e-01 9.093961864710e-02 3.821626678109e-02 7.479268591851e-03 6.542640272528e-03 6.851100828499e-03 7.974535226822e-03 9.823675267398e-03 1.316732913256e-02 7.064399123192e-02 4.931100010872e-01 1.273728013039e+00 3.241201937199e-01 1.819663196802e-01 5.257266014814e-02 3.362146764994e-02 3.776951506734e-02
1.212739385664e-03 2.887393813580e-03 3.904346143827e-03 4.506069701165e-03 4.692703951150e-03 4.330113995820e-03 3.849730594084e-03 3.507718676701e-03 4.385855048895e-03 5.026960745454e-03 5.009488202631e-03 4.332848824561e-03 3.749302588403e-03 4.669453948736e-03 4.877054598182e-03 4.360089544207e-03 5.099565256387e-03 6.567412056029e-03 5.178962834179e-03 1.092016324401e-02 1.206230651587e-02 9.952021762729e-03 1.106966100633e-02 1.197302900255e-02 2.720912173390e-02 1.014113873243e-01 9.866235405207e-02 2.525346167386e-02 1.169846113771e-02 7.245975546539e-03 5.429976619780e-03 4.635980818421e-03 4.573065787554e-03 5.733649246395e-03 7.443536538631e-03 2.525557205081e-02 1.300299912691e-01 4.565097689629e-01 5.525541305542e-01 8.524462580681e-02 3.669659048319e-02 2.367963641882e-02 2.240562438965e-02
1.835297560319e-03 4.320987034589e-03 5.523308645934e-03 6.211291532964e-03 6.381498184055e-03 6.097744219005e-03 5.723876878619e-03 5.148441530764e-03 4.441624507308e-03 3.630026709288e-03 4.027813673019e-03 4.227562807500e-03 4.047668073326e-03 4.736524540931e-03 5.434178747237e-03 5.135726649314e-03 4.347799811512e-03 6.896747276187e-03 7.344114128500e-03 1.932998187840e-02 1.240815222263e-02 8.912774734199e-03 6.020703818649e-03 6.222019903362e-03 1.170796249062e-02 9.240049123764e-02 1.210437715054e-01 2.288539335132e-02 1.496095675975e-02 7.589497137815e-03 4.697762429714e-03 3.241866361350e-03 2.883327892050e-03 3.043640172109e-03 4.669839981943e-03 7.728951517493e-03 5.225847661495e-02 1.620567589998e-01 4.288538098335e-01 2.082708179951e-01 9.933085739613e-02 1.981290616095e-02 1.670923084021e-02
1.259267563000e-03 2.738303272054e-03 3.416326595470e-03 3.749939613044e-03 3.637028159574e-03 3.664928954095e-03 4.104386083782e-03 4.592253360897e-03 5.050511565059e-03 5.059552844614e-03 4.358676262200e-03 3.262398764491e-03 3.840285819024e-03 4.207157995552e-03 4.214498680085e-03 4.233670420945e-03 4.443964920938e-03 7.271590642631e-03 9.995761327446e-03 1.665341481566e-02 1.285519450903e-02 1.008051261306e-02 4.947245121002e-03 4.949124995619e-03 9.957046248019e-03 3.542495146394e-02 2.676388807595e-02 1.770092174411e-02 1.401197724044e-02 7.772776298225e-03 4.315550439060e-03 3.538562683389e-03 3.121657297015e-03 3.051136620343e-03 3.900546347722e-03 6.599684711546e-03 1.384967379272e-02 6.958984583616e-02 8.194209635258e-02 4.988171532750e-02 3.003671020269e-02 1.512980833650e-02 1.365156751126e-02
1.183369196951e-03 2.143353456631e-03 3.184280591086e-03 4.070015624166e-03 4.859234206378e-03 5.745913833380e-03 6.720645818859e-03 7.773779798299e-03 8.746461011469e-03 9.024515748024e-03 8.067934773862e-03 5.993276834488e-03 3.857257543132e-03 4.011129494756e-03 4.910803399980e-03 5.332136526704e-03 6.679081358016e-03 7.720813620836e-03 9.152033366263e-03 1.593445427716e-02 1.176641322672e-02 7.481444627047e-03 3.954041749239e-03 3.849670058116e-03 7.208938710392e-03 8.366337046027e-03 1.458900570869e-01 1.211765594780e-02 1.148431096226e-02 6.875937804580e-03 3.993559163064e-03 3.187799826264e-03 3.041754011065e-03 3.212376497686e-03 4.142948891968e-03 5.633094348013e-03 9.362894110382e-03 1.153612881899e-02 2.423551119864e-02 3.220119327307e-02 2.011987008154e-02 1.206688955426e-02 1.558115147054e-02
1.201373175718e-03 2.175954403356e-03 2.918197074905e-03 3.609014675021e-03 4.305860958993e-03 5.156761500984e-03 6.056171841919e-03 6.963539402932e-03 7.811461575329e-03 8.268634788692e-03 7.834384217858e-03 8.761491626501e-03 9.118231944740e-03 8.941806852818e-03 8.541522547603e-03 7.759011816233e-03 9.198548272252e-03 6.725458893925e-03 9.110884740949e-03 2.900191582739e-02 1.057824399322e-02 5.255035590380e-03 3.708400763571e-03 3.105322364718e-03 4.291641525924e-03 1.391936279833e-02 4.704467207193e-02 9.382518008351e-03 1.220605522394e-02 5.136574618518e-03 3.774216398597e-03 2.880434039980e-03 2.916625468060e-03 3.314913017675e-03 4.387543071061e-03 5.215472076088e-03 5.805352702737e-03 9.329228661954e-03 2.045112475753e-02 2.391298860312e-02 1.488541439176e-02 1.105506625026e-02 1.444224268198e-02
