VariationalSeries/SI/f54_max.grd
DSAA
101	101
32.816463539100	34.260883539100
35.556306596100	36.727886596100
2.484800097591e-05	4.045253276825e+00
[rows 57 to 75 of 101, columns 0 to 42 of 101]
1.377752516419e-03 2.263625385240e-03 2.449603285640e-03 2.451863838360e-03 2.619160106406e-03 3.205250483006e-03 3.591659711674e-03 3.939643502235e-03 4.264107905328e-03 4.357449710369e-03 4.193570464849e-03 5.793962161988e-03 9.922789409757e-03 5.422670859843e-03 4.010825417936e-03 6.003811024129e-03 5.359433591366e-03 5.961290560663e-03 7.202086504549e-03 7.531891111284e-03 7.676309905946e-03 5.782084073871e-03 4.019788466394e-03 3.533154726028e-03 3.831620328128e-03 5.309223663062e-03 8.493147790432e-03 1.054381392896e-02 8.313523605466e-03 4.803130403161e-03 3.760862862691e-03 2.958293305710e-03 3.098719520494e-03 3.719873726368e-03 4.392562434077e-03 5.638436414301e-03 6.496037356555e-03 7.014555390924e-03 1.159753743559e-02 1.520198583603e-02 1.303432881832e-02 1.156324613839e-02 1.303335092962e-02
1.735483412631e-03 2.841327572241e-03 3.246260574088e-03 3.294449299574e-03 3.257649252191e-03 3.167639020830e-03 3.167633898556e-03 3.313794499263e-03 3.448635339737e-03 5.610035732388e-03 1.819960214198e-02 2.106704190373e-02 7.868971675634e-03 4.101997707039e-03 4.110082983971e-03 3.838594770059e-03 4.146288614720e-03 4.131426569074e-03 4.671184811741e-03 5.916420836002e-03 7.189301773906e-03 7.677895016968e-03 5.366078112274e-03 3.373537445441e-03 3.883718512952e-03 5.927915219218e-03 8.960084058344e-03 9.606390260160e-03 9.716473519802e-03 6.175883114338e-03 3.731064731255e-03 3.385703312233e-03 3.242461243644e-03 3.874258138239e-03 4.573769401759e-03 4.734203685075e-03 4.867071285844e-03 5.076279863715e-03 5.120641086251e-03 5.525829736143e-03 6.667526904494e-03 9.119665250182e-03 1.050342712551e-02
2.320525469258e-03 3.815870732069e-03 4.424421582371e-03 6.473990157247e-03 8.264710195363e-03 1.043687667698e-02 1.367068290710e-02 1.983520761132e-02 3.624490275979e-02 5.108552426100e-02 3.395090624690e-02 8.641951717436e-03 5.818180274218e-03 5.088082980365e-03 3.697937121615e-03 3.908824641258e-03 4.136842209846e-03 4.078494384885e-03 3.850939916447e-03 4.115534015000e-03 6.933769676834e-03 7.857437245548e-03 5.570708774030e-03 3.200833220035e-03 2.508977195248e-03 3.870804095641e-03 5.491389892995e-03 5.659593269229e-03 5.924174096435e-03 4.813010804355e-03 3.358802292496e-03 3.536363132298e-03 3.346543759108e-03 3.755053738132e-03 4.531467333436e-03 4.696159623563e-03 4.475601948798e-03 4.106045700610e-03 3.791558556259e-03 4.242825787514e-03 5.408096592873e-03 6.941489409655e-03 9.151586331427e-03
2.266949275509e-03 4.290419165045e-03 7.411100436002e-03 1.049479283392e-02 1.319954171777e-02 1.738821901381e-02 2.516171149909e-02 3.739013150334e-02 3.746939450502e-02 1.730580069125e-02 4.152255598456e-03 4.842392634600e-03 5.267956759781e-03 4.681569058448e-03 4.223484545946e-03 4.436911549419e-03 4.451553802937e-03 4.278521519154e-03 3.293318673968e-03 3.217840800062e-03 4.992488306016e-03 5.569871049374e-03 4.132288508117e-03 2.583684166893e-03 1.984071685001e-03 2.143004443496e-03 2.873431192711e-03 3.553651040420e-03 4.193263128400e-03 3.611615858972e-03 3.303548553959e-03 3.090766025707e-03 3.298068651929e-03 3.652473213151e-03 4.383371211588e-03 4.493314307183e-03 4.067290108651e-03 3.484009299427e-03 3.196631325409e-03 3.552197944373e-03 5.238090641797e-03 6.604673340917e-03 8.372040465474e-03
1.372362603433e-03 2.392528112978e-03 2.925435081124e-03 3.079516580328e-03 3.084713360295e-03 3.070437815040e-03 3.042733995244e-03 2.976629883051e-03 2.918392186984e-03 2.852558391169e-03 2.675346564502e-03 2.812507562339e-03 3.103086957708e-03 3.970191348344e-03 4.468151368201e-03 4.671841394156e-03 4.500787705183e-03 3.997746855021e-03 2.956305863336e-03 2.325133420527e-03 2.794545143843e-03 2.899561310187e-03 2.286709612235e-03 1.694252365269e-03 1.491353265010e-03 1.639773487113e-03 2.104519400746e-03 2.530229976401e-03 3.003541845828e-03 3.233206924051e-03 3.059625858441e-03 2.733547938988e-03 3.171412274241e-03 3.838927717879e-03 4.582583904266e-03 4.434764385223e-03 3.684127936140e-03 2.922417595983e-03 3.239683806896e-03 3.626942867413e-03 5.426012910903e-03 6.735262461007e-03 7.889050990343e-03
6.437146803364e-04 1.199950114824e-03 1.556562725455e-03 1.719417748973e-03 1.782649313100e-03 1.834337366745e-03 1.883713295683e-03 1.919876784086e-03 1.976434607059e-03 2.032976830378e-03 1.991623314098e-03 1.871880143881e-03 1.918517751619e-03 2.548218471929e-03 3.000466618687e-03 3.161585424095e-03 2.879052190110e-03 2.564044669271e-03 2.168253529817e-03 1.818222925067e-03 1.489760703407e-03 1.389872399159e-03 1.146511989646e-03 1.276157912798e-03 1.505151856691e-03 1.582925091498e-03 1.746044727042e-03 2.103648381308e-03 2.542479196563e-03 2.781216986477e-03 2.739846007898e-03 2.586698625237e-03 3.168936120346e-03 4.255400504917e-03 4.945435095578e-03 4.464595112950e-03 3.348824800923e-03 2.874190453440e-03 3.320699557662e-03 3.927898127586e-03 5.273825488985e-03 5.897530354559e-03 6.801223382354e-03
4.438983742148e-04 7.476904429495e-04 9.286669665016e-04 1.054415479302e-03 1.134539139457e-03 1.204416970722e-03 1.271434710361e-03 1.327362493612e-03 1.394171384163e-03 1.462533138692e-03 1.471446477808e-03 1.424005022272e-03 1.369642093778e-03 1.320905052125e-03 1.335066510364e-03 1.514106756076e-03 1.596724847332e-03 1.575043192133e-03 1.445133239031e-03 1.378645189106e-03 1.185562578030e-03 1.112031633966e-03 9.827609173954e-04 1.299838186242e-03 1.602092175744e-03 1.754839671776e-03 1.744677894749e-03 1.722898450680e-03 2.099956618622e-03 2.335219178349e-03 2.391289221123e-03 2.376566408202e-03 3.219797974452e-03 4.505946300924e-03 4.971940536052e-03 4.149463027716e-03 2.933130832389e-03 2.890583826229e-03 3.472805954516e-03 3.900000592694e-03 4.513124935329e-03 5.192097276449e-03 5.331239663064e-03
3.590253763832e-04 6.116004078649e-04 7.711093639955e-04 8.481066906825e-04 9.029235225171e-04 9.493653778918e-04 9.834505617619e-04 9.898067219183e-04 1.021155039780e-03 1.060346607119e-03 1.068634097464e-03 1.050758524798e-03 1.032849890180e-03 1.009150175378e-03 1.050037215464e-03 1.206444110721e-03 1.282298238948e-03 1.265136757866e-03 1.169803435914e-03 1.093271886930e-03 1.151854638010e-03 1.118036452681e-03 9.765665745363e-04 1.297776005231e-03 1.637133071199e-03 1.844551996328e-03 1.868722378276e-03 1.809380017221e-03 1.848739688285e-03 2.025790512562e-03 2.109434688464e-03 2.224536379799e-03 3.205367363989e-03 4.411586094648e-03 4.542160779238e-03 3.572016488761e-03 2.715287730098e-03 2.985716797411e-03 3.638061461970e-03 3.843319602311e-03 4.001686349511e-03 4.326714668423e-03 3.972992766649e-03
3.449475916568e-04 5.526168970391e-04 7.011668058112e-04 7.697936962359e-04 7.993081235327e-04 8.245439385064e-04 8.333792211488e-04 8.204561308958e-04 8.240930037573e-04 8.344003581442e-04 8.423483814113e-04 8.742670761421e-04 8.994289673865e-04 9.197823237628e-04 9.439608547837e-04 9.800277184695e-04 1.047762576491e-03 1.062539755367e-03 1.072574057616e-03 1.027844729833e-03 1.058237976395e-03 1.105687813833e-03 9.814295917749e-04 1.229708781466e-03 1.553546637297e-03 1.769042573869e-03 1.806547283195e-03 1.763005042449e-03 1.859286334366e-03 1.912815845571e-03 1.948546036147e-03 2.081462414935e-03 3.009505337104e-03 3.963864408433e-03 3.850278211758e-03 3.071985207498e-03 2.659451216459e-03 3.201926592737e-03 3.684426890686e-03 3.596204565838e-03 3.482578322291e-03 3.510460257530e-03 3.236922202632e-03
3.232004819438e-04 5.130946519785e-04 6.439299322665e-04 7.020069169812e-04 7.267621112987e-04 7.448872784153e-04 7.466723909602e-04 7.301762816496e-04 7.322296150960e-04 7.873797439970e-04 8.348060655408e-04 8.774964371696e-04 9.152067359537e-04 9.468324715272e-04 9.754535276443e-04 1.003139070235e-03 1.023549819365e-03 1.026608399116e-03 1.006085076369e-03 9.774502832443e-04 9.796796366572e-04 1.067221281119e-03 1.008634455502e-03 1.116037135944e-03 1.390493707731e-03 1.581238233484e-03 1.824237988330e-03 1.990711549297e-03 1.997618237510e-03 1.932561513968e-03 1.889212988317e-03 1.941696973518e-03 2.648019231856e-03 3.305869409814e-03 3.165885806084e-03 2.742298645899e-03 2.872994635254e-03 3.259105375037e-03 3.485334571451e-03 3.161680651829e-03 2.918910467997e-03 2.773337997496e-03 2.769844839349e-03
2.981552388519e-04 4.725364269689e-04 5.920622497797e-04 6.474580150098e-04 6.707423599437e-04 6.805956945755e-04 6.753417546861e-04 6.839080015197e-04 6.873774691485e-04 7.453581201844e-04 7.982659153640e-04 8.477954543196e-04 8.932469063438e-04 9.312744368799e-04 9.606761159375e-04 9.796901140362e-04 9.819526458159e-04 1.060465816408e-03 1.082954811864e-03 1.005219062790e-03 9.164805524051e-04 9.795658988878e-04 9.994689607993e-04 1.003471552394e-03 1.223944593221e-03 1.382145797834e-03 1.664320705459e-03 1.933367690071e-03 1.996559789404e-03 1.930668018758e-03 1.851947046816e-03 1.832807320170e-03 2.115770243108e-03 2.567486604676e-03 2.519965171814e-03 2.328506205231e-03 2.485197968781e-03 2.762240590528e-03 2.856912789866e-03 2.486108336598e-03 2.288876567036e-03 2.122079487890e-03 2.087702276185e-03
2.770565624814e-04 4.398206656333e-04 5.532896611840e-04 6.084166816436e-04 6.284926785156e-04 6.295491475612e-04 6.192784057930e-04 6.342609995045e-04 6.574154831469e-04 6.806255551055e-04 7.258760160767e-04 7.772655808367e-04 8.248026133515e-04 8.647920913063e-04 8.936590165831e-04 9.304381674156e-04 1.020514988340e-03 1.148656010628e-03 1.205432927236e-03 1.172966673039e-03 1.073836232536e-03 9.554578573443e-04 9.828126057982e-04 9.950874373317e-04 1.090709236450e-03 1.217791927047e-03 1.255005830899e-03 1.505252206698e-03 1.702883979306e-03 1.762809464708e-03 1.741198124364e-03 1.768309972249e-03 1.822457765229e-03 1.882868004031e-03 1.871061627753e-03 1.809093402699e-03 1.908316160552e-03 2.225701464340e-03 2.367381704971e-03 1.944619114511e-03 1.735101337545e-03 1.549271051772e-03 1.707945135422e-03
2.617985592224e-04 4.168166196905e-04 5.263792700134e-04 5.786240217276e-04 5.924534052610e-04 5.875297356397e-04 5.771816940978e-04 5.746357492171e-04 6.059763836674e-04 6.297630025074e-04 6.352231721394e-04 6.809063488618e-04 7.267505861819e-04 7.660152623430e-04 7.998566143215e-04 8.884710841812e-04 1.038452610373e-03 1.184743014164e-03 1.284032943659e-03 1.314100460149e-03 1.278390525840e-03 1.202519633807e-03 1.111026736908e-03 1.026838435791e-03 9.879360441118e-04 1.089161611162e-03 1.112852361985e-03 1.066188793629e-03 1.299006515183e-03 1.490162452683e-03 1.616381574422e-03 1.709514413960e-03 1.766170142218e-03 1.709368894808e-03 1.532829715870e-03 1.497099641711e-03 1.683339942247e-03 2.111669629812e-03 2.445971826091e-03 2.195540815592e-03 1.615607645363e-03 1.446285517886e-03 1.643060124479e-03
2.562817244325e-04 4.073897143826e-04 5.125566385686e-04 5.586933111772e-04 5.658869631588e-04 5.577203701250e-04 5.533033399843e-04 5.608196952380e-04 5.574423703365e-04 5.672883125953e-04 5.833640461788e-04 6.403344450518e-04 7.042703800835e-04 7.706175674684e-04 8.293929859065e-04 9.089263039641e-04 1.056573004462e-03 1.206190674566e-03 1.340936054476e-03 1.424553571269e-03 1.439161831513e-03 1.403905567713e-03 1.343620358966e-03 1.282117562369e-03 1.246136846021e-03 1.222983701155e-03 1.178329926915e-03 1.111386227421e-03 1.286091050133e-03 1.442333683372e-03 1.559034455568e-03 1.665424089879e-03 1.721639418975e-03 1.608303165995e-03 1.529601984657e-03 1.573556684889e-03 1.696142251603e-03 2.040458377451e-03 2.355854725465e-03 2.135362243280e-03 1.649256679229e-03 1.440568710677e-03 1.638388843276e-03
2.606162161101e-04 4.121411766391e-04 5.139156128280e-04 5.543290753849e-04 5.566210602410e-04 5.451937904581e-04 5.447798175737e-04 5.496043013409e-04 5.617610877380e-04 5.648630321957e-04 5.999257555231e-04 6.602167850360e-04 7.191659533419e-04 7.753367535770e-04 8.208526414819e-04 9.362561395392e-04 1.103605143726e-03 1.261969329789e-03 1.415117527358e-03 1.526273554191e-03 1.562719349749e-03 1.539750141092e-03 1.482970546931e-03 1.412314712070e-03 1.354190753773e-03 1.296487054788e-03 1.199659658596e-03 1.098228618503e-03 1.260021585040e-03 1.396127627231e-03 1.512968330644e-03 1.625534729101e-03 1.662857597694e-03 1.528452616185e-03 1.551232300699e-03 1.598361413926e-03 1.734601566568e-03 1.977983163670e-03 2.128480235115e-03 1.870633335784e-03 1.531256944872e-03 1.337536145002e-03 1.520778983831e-03
2.673881244846e-04 4.215551016387e-04 5.217742291279e-04 5.588033236563e-04 5.582090234384e-04 5.563661106862e-04 5.800540675409e-04 5.966086755507e-04 6.060649757273e-04 6.076060817577e-04 6.023237947375e-04 6.345679285005e-04 6.969880196266e-04 7.798456354067e-04 8.066970622167e-04 9.178202017210e-04 1.129919895902e-03 1.313045388088e-03 1.458190265112e-03 1.549478154629e-03 1.569749438204e-03 1.527598244138e-03 1.448705093935e-03 1.356244552881e-03 1.269542495720e-03 1.182155567221e-03 1.058569061570e-03 1.097173546441e-03 1.236193813384e-03 1.358857727610e-03 1.470503397286e-03 1.563578145579e-03 1.564119243994e-03 1.441206200980e-03 1.582961762324e-03 1.984306378290e-03 1.878654351458e-03 1.958832610399e-03 1.886778394692e-03 1.596149639226e-03 1.385895768180e-03 1.216557458974e-03 1.379971508868e-03
2.636817807797e-04 4.143598780502e-04 5.098560359329e-04 5.440465174615e-04 5.432181642391e-04 5.586709594354e-04 5.740088527091e-04 5.815455806442e-04 5.835670162924e-04 5.801661754958e-04 5.773525335826e-04 6.479841540568e-04 7.540659280494e-04 8.445162675343e-04 8.716082083993e-04 8.528041653335e-04 1.080759451725e-03 1.268126536161e-03 1.373698934913e-03 1.410614931956e-03 1.390660647303e-03 1.315160770901e-03 1.214796211571e-03 1.127826864831e-03 1.057388959453e-03 9.815688244998e-04 9.813562501222e-04 1.088348566554e-03 1.211249153130e-03 1.321512740105e-03 1.417642459273e-03 1.470919814892e-03 1.430043601431e-03 1.382329151966e-03 1.648507663049e-03 1.768636051565e-03 1.794336712919e-03 1.968055032194e-03 1.908239675686e-03 1.564891310409e-03 1.347363577224e-03 1.238518045284e-03 1.339620677754e-03
2.414892078377e-04 3.770674229600e-04 4.612216143869e-04 4.909311537631e-04 5.178665742278e-04 5.403927061707e-04 5.306690582074e-04 5.122544826008e-04 5.063448334113e-04 5.387950222939e-04 5.883256671950e-04 6.801949930377e-04 8.040621178225e-04 8.977766265161e-04 9.239994687960e-04 9.087017388083e-04 9.895823895931e-04 1.148920506239e-03 1.208462053910e-03 1.194916898385e-03 1.135129365139e-03 1.029892824590e-03 9.868766646832e-04 1.168223563582e-03 1.184306107461e-03 1.134874415584e-03 1.111362711526e-03 1.115282066166e-03 1.177826547064e-03 1.273736706935e-03 1.340679940768e-03 1.342796836980e-03 1.261221710593e-03 1.276938011870e-03 1.500088837929e-03 2.121693920344e-03 1.832087989897e-03 2.568165538833e-03 2.278987085447e-03 1.914624823257e-03 1.623024116270e-03 1.336229499429e-03 1.508443499915e-03
2.486203447916e-04 3.664786345325e-04 4.497346235439e-04 5.196363781579e-04 5.725392838940e-04 5.850355373695e-04 5.680259200744e-04 5.359702045098e-04 4.986104322597e-04 5.441020475700e-04 6.030168151483e-04 7.144496194087e-04 8.515412337147e-04 9.470140794292e-04 9.728404111229e-04 9.577523451298e-04 9.085129131563e-04 1.046255929396e-03 1.086388132535e-03 1.147317467257e-03 1.559876138344e-03 1.431012991816e-03 1.071598031558e-03 1.218672259711e-03 1.182767678984e-03 1.089194789529e-03 1.034032553434e-03 1.039063557982e-03 1.137576531619e-03 1.211521564983e-03 1.237210119143e-03 1.188901485875e-03 1.081109279767e-03 1.147408038378e-03 1.271918299608e-03 1.886125653982e-03 2.367001259699e-03 3.731068689376e-03 3.450719406828e-03 2.269017044455e-03 1.727895112708e-03 1.592127722688e-03 1.966296229511e-03
