VariationalSeries/SI/f58.grd
DSAA
101	101
32.816463539100	34.260883539100
35.556306596100	36.727886596100
3.273615147918e-04	5.370677185059e+01
[rows 0 to 18 of 101, columns 0 to 42 of 101]
4.963985830545e-02 8.872529119253e-02 7.861936092377e-02 4.704533517361e-02 3.951543569565e-02 5.149297416210e-02 1.025908961892e-01 1.430044323206e-01 1.278879791498e-01 7.635699957609e-02 4.829818010330e-02 5.551487207413e-02 5.893646553159e-02 5.690314248204e-02 4.879345372319e-02 7.434465736151e-02 1.117326915264e-01 1.293142437935e-01 9.211569279432e-02 5.983459204435e-02 6.815869361162e-02 7.294680923223e-02 5.378392338753e-02 4.823070764542e-02 5.124003067613e-02 7.005546241999e-02 1.024249568582e-01 1.169790998101e-01 1.523051559925e-01 1.213645040989e-01 9.312224388123e-02 8.750508725643e-02 7.593608647585e-02 6.025136634707e-02 4.901449009776e-02 4.745817929506e-02 4.363334551454e-02 5.914362147450e-02 8.302979916334e-02 9.525052458048e-02 7.978179305792e-02 6.770760565996e-02 6.450177729130e-02
9.187898039818e-02 1.733898520470e-01 1.700616180897e-01 1.187660396099e-01 8.387912809849e-02 9.956876188517e-02 1.974499970675e-01 2.730328440666e-01 2.415435612202e-01 1.407264620066e-01 8.293602615595e-02 9.485343098640e-02 1.001784130931e-01 9.537346661091e-02 8.320704847574e-02 1.105747148395e-01 1.760410964489e-01 2.304268479347e-01 2.080286294222e-01 1.239889264107e-01 1.243243813515e-01 1.905052661896e-01 1.001970693469e-01 8.991914987564e-02 1.056907102466e-01 1.368892639875e-01 1.717127263546e-01 1.960287690163e-01 2.896372675896e-01 2.254854142666e-01 1.513678878546e-01 1.371716409922e-01 1.280850619078e-01 1.036188900471e-01 1.114468872547e-01 1.165106296539e-01 1.171362027526e-01 1.315622925758e-01 1.655163764954e-01 1.665886938572e-01 1.232539117336e-01 1.221238523722e-01 1.334399282932e-01
8.986115455627e-02 1.844619959593e-01 2.067684233189e-01 1.771065294743e-01 1.138333827257e-01 1.149434968829e-01 2.284788191319e-01 3.104022443295e-01 2.659460306168e-01 1.457175165415e-01 1.047442108393e-01 1.180977970362e-01 1.220253482461e-01 1.129094138741e-01 9.297662973404e-02 8.951605856419e-02 1.156072467566e-01 1.727061569691e-01 1.974828243256e-01 1.605287343264e-01 1.963909417391e-01 2.945035696030e-01 1.289476603270e-01 1.113614514470e-01 1.405640244484e-01 1.701635122299e-01 1.766318827868e-01 1.778910905123e-01 3.375555276871e-01 2.528640031815e-01 1.466666460037e-01 1.257526427507e-01 1.752886772156e-01 9.326899796724e-02 1.048964932561e-01 1.204557716846e-01 1.510058939457e-01 1.913483291864e-01 2.001034915447e-01 1.657899916172e-01 1.694711595774e-01 1.132800951600e-01 1.495723873377e-01
7.974597811699e-02 1.755307465792e-01 2.092579603195e-01 2.139177918434e-01 1.719700843096e-01 1.176930963993e-01 2.388166338205e-01 3.175945281982e-01 2.570067644119e-01 1.251401901245e-01 1.159250289202e-01 1.279790252447e-01 1.274366527796e-01 1.133852750063e-01 9.016451239586e-02 9.139278531075e-02 8.720652014017e-02 1.002792939544e-01 1.305146515369e-01 1.484694927931e-01 3.294208645821e-01 3.748061954975e-01 1.444250345230e-01 1.222792640328e-01 1.550485193729e-01 1.778054237366e-01 1.700873374939e-01 1.623496562243e-01 3.381299674511e-01 2.458333373070e-01 1.245264261961e-01 1.012342050672e-01 2.020495831966e-01 1.074092909694e-01 1.175047829747e-01 1.662115305662e-01 2.056704461575e-01 2.143356502056e-01 1.814161241055e-01 2.099751085043e-01 2.046304196119e-01 1.255891323090e-01 1.371129453182e-01
7.799361646175e-02 1.679134666920e-01 1.987963765860e-01 2.199030369520e-01 2.104725986719e-01 1.487746983767e-01 2.436980605125e-01 3.172850310802e-01 2.409173846245e-01 1.061205416918e-01 1.243322938681e-01 1.323619931936e-01 1.281921267509e-01 1.276075989008e-01 1.171550303698e-01 9.892874956131e-02 9.635255485773e-02 9.503595530987e-02 1.345761865377e-01 2.727122008801e-01 4.579339921474e-01 4.117712974548e-01 1.549750119448e-01 1.741854250431e-01 1.551198661327e-01 1.737183630466e-01 1.558244824409e-01 1.615931242704e-01 3.200672268867e-01 2.315772771835e-01 1.471564918756e-01 1.150984764099e-01 2.154280692339e-01 1.316730082035e-01 1.848008036613e-01 2.212249487638e-01 2.236438095570e-01 1.887740343809e-01 1.299534887075e-01 2.155253887177e-01 2.501571178436e-01 1.678303182125e-01 1.086020320654e-01
7.278987765312e-02 1.464471518993e-01 1.770082861185e-01 1.936815679073e-01 2.149303555489e-01 1.789723485708e-01 2.434960901737e-01 3.070667684078e-01 2.171152532101e-01 1.178498938680e-01 1.320330202579e-01 1.449940353632e-01 1.545468568802e-01 1.495691537857e-01 1.345618963242e-01 1.095241531730e-01 8.861057460308e-02 1.006476804614e-01 2.142975479364e-01 3.888199925423e-01 5.328126549721e-01 4.067257046700e-01 1.742891818285e-01 2.652566432953e-01 1.630992293358e-01 1.628831326962e-01 1.395728737116e-01 1.756705045700e-01 2.863042652607e-01 2.314869165421e-01 1.487277150154e-01 1.252449154854e-01 2.498467117548e-01 1.972489356995e-01 2.341160923243e-01 2.314416021109e-01 1.920845359564e-01 1.328188627958e-01 1.462644338608e-01 2.030563652515e-01 3.064169585705e-01 1.949888467789e-01 1.056990548968e-01
9.169707447290e-02 1.628769785166e-01 1.502881050110e-01 1.487926989794e-01 1.855199337006e-01 1.797582954168e-01 2.396575957537e-01 2.934713363647e-01 1.948263198137e-01 1.299545913935e-01 1.458427906036e-01 1.659769266844e-01 1.681881248951e-01 1.564062535763e-01 1.331256777048e-01 1.256744265556e-01 1.191769987345e-01 1.484126448631e-01 2.892566323280e-01 4.645852446556e-01 5.517624020576e-01 3.714571595192e-01 2.307447642088e-01 3.362306952477e-01 2.363315969706e-01 1.482824832201e-01 1.364829987288e-01 3.258840739727e-01 4.570320844650e-01 2.948953211308e-01 1.649731695652e-01 1.401630192995e-01 2.743846178055e-01 2.312837988138e-01 2.312611788511e-01 1.920180171728e-01 1.338386237621e-01 1.465837508440e-01 2.124565988779e-01 2.682333290577e-01 3.147118687630e-01 2.305413931608e-01 1.054973155260e-01
9.303832054138e-02 1.861126869917e-01 1.923146545887e-01 1.392002701759e-01 1.328910440207e-01 1.504556089640e-01 2.363182902336e-01 2.869184613228e-01 1.814432740211e-01 1.404664218426e-01 1.646661460400e-01 1.757677197456e-01 1.699660420418e-01 1.499513834715e-01 1.404747664928e-01 1.591405123472e-01 1.773925572634e-01 1.959263533354e-01 3.546061515808e-01 5.040792226791e-01 5.415700078011e-01 3.338435888290e-01 2.503922581673e-01 3.697000741959e-01 2.874534428120e-01 1.831283420324e-01 1.315453946590e-01 4.953590631485e-01 6.405755877495e-01 3.457776308060e-01 1.802975684404e-01 1.687300801277e-01 2.709984183311e-01 2.123422771692e-01 1.969958543777e-01 1.397875994444e-01 1.403113752604e-01 2.090909332037e-01 2.762725949287e-01 3.051874339581e-01 2.767506539822e-01 2.889121770859e-01 1.216985806823e-01
8.046319335699e-02 1.759352087975e-01 2.187943160534e-01 1.991657763720e-01 1.323148310184e-01 1.300359666348e-01 2.337474077940e-01 2.844216227531e-01 1.746408641338e-01 1.568879336119e-01 1.745792180300e-01 1.762780696154e-01 1.613681912422e-01 1.387323141098e-01 1.463622748852e-01 1.692039966583e-01 2.295029163361e-01 2.351288944483e-01 3.913443982601e-01 4.964175820351e-01 4.914461672306e-01 2.897135317326e-01 2.554438114166e-01 3.534637987614e-01 3.101112842560e-01 2.114875614643e-01 1.660324037075e-01 6.391304135323e-01 7.477825284004e-01 3.809635043144e-01 1.977776437998e-01 1.608577519655e-01 2.749403417110e-01 1.835259646177e-01 2.162807732821e-01 2.167188525200e-01 2.096059769392e-01 2.811543643475e-01 3.234528303146e-01 3.057845830917e-01 2.246348261833e-01 3.586592674255e-01 1.429096013308e-01
8.156107366085e-02 1.460988372564e-01 2.062417119741e-01 2.336539030075e-01 1.993115544319e-01 1.316175013781e-01 2.343184798956e-01 2.839693427086e-01 1.706413179636e-01 1.659893840551e-01 1.750431954861e-01 1.675863713026e-01 1.827591806650e-01 1.990103274584e-01 2.081119865179e-01 2.109967619181e-01 2.491266578436e-01 2.722516357899e-01 4.028759896755e-01 4.604480564594e-01 4.257656037807e-01 2.469019144773e-01 2.307340651751e-01 3.088867068291e-01 2.995221614838e-01 2.173344641924e-01 1.795314848423e-01 7.253311276436e-01 7.942982912064e-01 3.946765661240e-01 1.734172850847e-01 1.393274217844e-01 2.979812920094e-01 1.821684390306e-01 2.214467078447e-01 2.254792600870e-01 2.914368808270e-01 3.356509208679e-01 3.284190595150e-01 2.630541324615e-01 1.882003694773e-01 3.896878659725e-01 1.973945945501e-01
8.189456164837e-02 1.640976965427e-01 1.700195819139e-01 2.234831005335e-01 2.446082234383e-01 1.967211961746e-01 2.322489768267e-01 2.794562280178e-01 1.650391966105e-01 1.676613092422e-01 1.838622540236e-01 2.152060121298e-01 2.385829985142e-01 2.515152692795e-01 2.574759721756e-01 2.596858441830e-01 2.569175362587e-01 3.376406729221e-01 4.735809862614e-01 5.019627213478e-01 4.218861460686e-01 3.118024170399e-01 2.188695073128e-01 2.634134292603e-01 2.701378166676e-01 1.935623735189e-01 2.081352770329e-01 7.652449607849e-01 8.127057552338e-01 3.865084350109e-01 1.664806306362e-01 1.570728421211e-01 2.919456660748e-01 1.935992091894e-01 2.571738958359e-01 3.119997084141e-01 3.480254411697e-01 3.413925170898e-01 2.831759750843e-01 2.185877710581e-01 2.130728811026e-01 3.744337558746e-01 2.567976713181e-01
6.929808109999e-02 1.459810584784e-01 1.748174726963e-01 1.858128756285e-01 2.414781302214e-01 2.546273171902e-01 2.252351194620e-01 2.693164348602e-01 1.637225002050e-01 1.982235908508e-01 2.306420207024e-01 2.570176422596e-01 2.750420570374e-01 2.852995097637e-01 2.887120842934e-01 2.880625426769e-01 2.849727571011e-01 4.492283165455e-01 6.143327951431e-01 6.385563611984e-01 5.501731634140e-01 4.309849739075e-01 3.152336478233e-01 2.235210984945e-01 3.140101730824e-01 3.009587526321e-01 2.548063993454e-01 7.342517971992e-01 7.189585566521e-01 3.516431152821e-01 2.150914520025e-01 2.546260952950e-01 2.748078703880e-01 3.090476691723e-01 3.505223393440e-01 3.662561774254e-01 3.512505590916e-01 3.032357096672e-01 2.905045151711e-01 3.366200029850e-01 2.533497512341e-01 3.200891613960e-01 3.077616095543e-01
5.968667194247e-02 1.135483607650e-01 1.453875750303e-01 1.721110045910e-01 2.040948718786e-01 2.587850987911e-01 2.601571977139e-01 2.547703087330e-01 2.032523453236e-01 2.363076061010e-01 2.599238455296e-01 2.749090790749e-01 2.838149666786e-01 2.886852622032e-01 2.889267504215e-01 2.872992157936e-01 2.871794402599e-01 4.942277073860e-01 6.679878830910e-01 6.821405291557e-01 5.896565318108e-01 4.800058305264e-01 3.750567734241e-01 2.741781473160e-01 4.222855269909e-01 4.083209931850e-01 3.442728221416e-01 6.392009258270e-01 5.639840960503e-01 2.989865243435e-01 3.764758110046e-01 4.249394237995e-01 4.233177006245e-01 4.094347655773e-01 3.986715078354e-01 3.864394724369e-01 3.747137188911e-01 3.555026650429e-01 3.251636028290e-01 4.560363292694e-01 2.836144566536e-01 2.433815151453e-01 3.966152966022e-01
7.393785566092e-02 1.436682641506e-01 1.413026750088e-01 1.322629898787e-01 1.621810793877e-01 2.219485342503e-01 2.769163250923e-01 2.643178105354e-01 2.261371463537e-01 2.513036429882e-01 2.638432681561e-01 2.677930891514e-01 2.657164931297e-01 2.595247924328e-01 2.525978982449e-01 2.511276900768e-01 2.573428750038e-01 4.534508287907e-01 6.007808446884e-01 6.210517287254e-01 5.575297474861e-01 4.725477099419e-01 3.899468481541e-01 3.080130517483e-01 4.171401858330e-01 4.309876859188e-01 3.806755840778e-01 5.228486061096e-01 4.112939834595e-01 3.272958099842e-01 4.419807493687e-01 5.001087784767e-01 4.771748185158e-01 4.308023750782e-01 3.872010111809e-01 3.641484379768e-01 3.438674211502e-01 3.203482925892e-01 2.928043603897e-01 4.822246134281e-01 4.417419433594e-01 2.513978481293e-01 4.504885375500e-01
9.537827223539e-02 1.907800137997e-01 1.916810423136e-01 1.881081461906e-01 1.818839311600e-01 1.727882623672e-01 2.427127659321e-01 2.959379553795e-01 2.617825865746e-01 2.457234561443e-01 2.488299608231e-01 2.433232963085e-01 2.323211729527e-01 2.176983505487e-01 2.049593329430e-01 2.073370963335e-01 2.096007913351e-01 3.579664528370e-01 4.614283740520e-01 4.866845905781e-01 4.553705155849e-01 4.088689684868e-01 3.607684373856e-01 3.091843128204e-01 3.267059624195e-01 3.563961982727e-01 3.482541143894e-01 5.315940380096e-01 3.013583719730e-01 3.328105807304e-01 4.313159584999e-01 4.792516827583e-01 4.588790833950e-01 3.795010447502e-01 2.801287770271e-01 2.900618314743e-01 2.473466545343e-01 2.617582380772e-01 2.549199461937e-01 3.975088000298e-01 5.892733931541e-01 2.548835575581e-01 4.529279470444e-01
9.676390141249e-02 1.966389566660e-01 2.036916166544e-01 2.134833335876e-01 2.209106087685e-01 2.228994518518e-01 2.216889858246e-01 2.658196389675e-01 3.093284070492e-01 2.483176589012e-01 2.233432382345e-01 2.116533219814e-01 1.966323405504e-01 1.851547211409e-01 1.993402540684e-01 2.119795978069e-01 2.258501201868e-01 2.947626709938e-01 3.228581249714e-01 3.462699055672e-01 3.391278386116e-01 3.145963847637e-01 2.937152385712e-01 2.783994078636e-01 2.664701938629e-01 2.614722847939e-01 3.465751409531e-01 5.625587701797e-01 3.840634822845e-01 3.758110404015e-01 4.466174840927e-01 4.536094367504e-01 3.802113234997e-01 3.803088963032e-01 2.053388804197e-01 3.443322479725e-01 3.282586038113e-01 3.040865063667e-01 2.608989775181e-01 2.783837020397e-01 6.686392426491e-01 3.636696338654e-01 4.013493359089e-01
1.047746464610e-01 1.808669567108e-01 1.803897321224e-01 1.884170323610e-01 2.039660662413e-01 2.243700772524e-01 2.378167957067e-01 2.449798136950e-01 2.845460772514e-01 3.012199997902e-01 2.581109404564e-01 2.487940490246e-01 2.511827051640e-01 2.277227640152e-01 2.055457979441e-01 2.324797809124e-01 2.568083405495e-01 3.032152652740e-01 3.060458302498e-01 2.556554675102e-01 2.314045280218e-01 2.721711993217e-01 3.408425748348e-01 3.544028699398e-01 3.203178644180e-01 2.580495774746e-01 3.835867941380e-01 5.723561644554e-01 3.857892453671e-01 4.054957628250e-01 4.267708957195e-01 4.383971095085e-01 4.710600674152e-01 4.230510592461e-01 2.584665417671e-01 3.875988721848e-01 3.651124835014e-01 3.020436763763e-01 2.274048328400e-01 2.716473639011e-01 6.413338184357e-01 5.583559274673e-01 3.135924637318e-01
1.195509582758e-01 2.202173620462e-01 2.371518313885e-01 2.045861184597e-01 1.892951726913e-01 2.045813798904e-01 2.087842673063e-01 2.060648351908e-01 2.228529751301e-01 2.772338390350e-01 3.020200133324e-01 3.113868236542e-01 3.124575316906e-01 2.873458862305e-01 2.818574011326e-01 2.721910476685e-01 2.558048963547e-01 3.035358488560e-01 3.185493648052e-01 2.833771705627e-01 2.339120060205e-01 2.152205705643e-01 2.379276603460e-01 2.656405866146e-01 2.726603150368e-01 2.736182212830e-01 3.356103897095e-01 5.494408011436e-01 3.930674791336e-01 3.438381850719e-01 3.940329253674e-01 4.538077116013e-01 5.068981647491e-01 4.323601126671e-01 2.973634302616e-01 4.282724261284e-01 3.498367071152e-01 2.715259194374e-01 2.047579884529e-01 2.478158473969e-01 5.156663656235e-01 7.559382319450e-01 3.471615612507e-01
1.172768995166e-01 2.299755960703e-01 2.733883857727e-01 2.575338482857e-01 1.949998140335e-01 1.517359912395e-01 1.843668520451e-01 2.091584354639e-01 2.245697677135e-01 2.267045229673e-01 2.987850308418e-01 3.321554660797e-01 3.171438574791e-01 3.182227313519e-01 3.221998214722e-01 3.180604577065e-01 2.816595137119e-01 3.006677031517e-01 3.288252949715e-01 3.030408918858e-01 2.324328422546e-01 2.783477306366e-01 2.700217664242e-01 2.777187824249e-01 2.452458888292e-01 2.395469695330e-01 2.518100738525e-01 5.083923935890e-01 4.647786617279e-01 3.674318790436e-01 3.556305468082e-01 3.836980462074e-01 4.751421809196e-01 4.242606461048e-01 3.436390459538e-01 4.137105643749e-01 3.049737215042e-01 2.436696439981e-01 2.300631254911e-01 2.252212017775e-01 3.529473543167e-01 8.842150568962e-01 3.650247156620e-01
