VariationalSeries/SI/f58.grd
DSAA
101	101
32.816463539100	34.260883539100
35.556306596100	36.727886596100
3.273615147918e-04	5.370677185059e+01
[rows 19 to 37 of 101, columns 43 to 85 of 101]
5.291939377785e-01 6.520354151726e-01 8.477385640144e-01 8.638884425163e-01 5.600606799126e-01 8.604850769043e-01 4.378809332848e-01 4.562454819679e-01 4.934839606285e-01 5.005199909210e-01 4.567943215370e-01 6.729354858398e-01 8.105335235596e-01 8.021532297134e-01 5.324685573578e-01 6.504698395729e-01 8.580524921417e-01 8.042198419571e-01 4.426103234291e-01 7.140113711357e-01 3.291617631912e-01 4.620492160320e-01 6.205733418465e-01 3.063657283783e-01 3.038842380047e-01 3.580732643604e-01 2.954760193825e-01 3.725866079330e-01 3.457378149033e-01 2.737837731838e-01 2.952629327774e-01 4.075830578804e-01 4.602762758732e-01 3.565107285976e-01 3.170261085033e-01 2.576389908791e-01 1.769539713860e-01 1.947468519211e-01 2.153764963150e-01 1.793684214354e-01 1.673746407032e-01 1.467592567205e-01 1.595597565174e-01
4.783015251160e-01 6.388918161392e-01 9.061151742935e-01 1.044940352440e+00 7.562764286995e-01 7.608664631844e-01 4.505317211151e-01 4.833582341671e-01 4.275995194912e-01 5.355223417282e-01 5.603693127632e-01 6.293029189110e-01 8.675050735474e-01 8.532704710960e-01 6.594637036324e-01 7.072153687477e-01 8.377408981323e-01 9.087730646133e-01 5.222997069359e-01 6.903232932091e-01 3.761857450008e-01 7.001791000366e-01 8.721235990524e-01 4.059257805347e-01 3.545609414577e-01 3.665611147881e-01 3.637218475342e-01 3.853364288807e-01 3.002884089947e-01 2.913321554661e-01 4.115535616875e-01 5.377387404442e-01 4.803579449654e-01 3.810766339302e-01 3.129478096962e-01 2.579546868801e-01 1.852020472288e-01 2.277180403471e-01 1.763734817505e-01 1.506035774946e-01 1.605817079544e-01 1.399299353361e-01 1.457805037498e-01
5.158130526543e-01 7.316689491272e-01 8.366957902908e-01 1.093835592270e+00 9.320008158684e-01 6.512057781219e-01 4.469414055347e-01 5.121168494225e-01 4.095798432827e-01 5.009264945984e-01 5.283534526825e-01 6.013459563255e-01 8.240364193916e-01 9.335745573044e-01 7.950751781464e-01 7.558959126472e-01 8.023513555527e-01 9.931643605232e-01 5.954502820969e-01 6.395293474197e-01 4.227936267853e-01 8.675166368484e-01 9.549947977066e-01 4.564237594604e-01 3.463154435158e-01 4.286352097988e-01 4.105720520020e-01 3.332618474960e-01 2.839120924473e-01 4.093361496925e-01 5.740540027618e-01 5.567209720612e-01 3.760845363140e-01 4.346804916859e-01 3.101586103439e-01 2.374644577503e-01 2.204118072987e-01 2.341739982367e-01 1.954060792923e-01 1.524647474289e-01 1.494970172644e-01 1.100360676646e-01 1.085450723767e-01
4.927502870560e-01 6.894637942314e-01 7.094042897224e-01 1.044103741646e+00 1.031438708305e+00 6.810649633408e-01 5.975863933563e-01 5.424653887749e-01 4.034703075886e-01 4.386025071144e-01 5.074595212936e-01 6.093983054161e-01 6.834821701050e-01 9.783722162247e-01 8.854563832283e-01 7.363178133965e-01 7.417517304420e-01 1.065108537674e+00 6.557886600494e-01 5.729287862778e-01 4.691665172577e-01 8.615348339081e-01 8.323067426682e-01 3.963712155819e-01 3.789669275284e-01 4.473358690739e-01 3.725642859936e-01 3.039841651917e-01 4.308169782162e-01 6.073586940765e-01 5.972604155540e-01 4.149124324322e-01 3.164010941982e-01 4.516049325466e-01 2.229534834623e-01 2.192795127630e-01 2.721427977085e-01 2.085220515728e-01 2.241405248642e-01 1.428272575140e-01 1.593759953976e-01 1.331068426371e-01 1.201524585485e-01
4.008359909058e-01 4.799762964249e-01 7.376449108124e-01 9.245693683624e-01 1.039286494255e+00 6.912060976028e-01 7.432355284691e-01 6.235477328300e-01 4.375739097595e-01 3.745446503162e-01 5.287174582481e-01 5.946671366692e-01 7.023733258247e-01 1.050653696060e+00 8.965568542480e-01 6.942574977875e-01 6.674720644951e-01 1.109099984169e+00 6.994975209236e-01 6.942404508591e-01 5.457276105881e-01 7.082214951515e-01 6.207138895988e-01 3.690219223499e-01 4.655268490314e-01 4.326320886612e-01 3.184879720211e-01 4.595724940300e-01 6.583708524704e-01 6.399201154709e-01 4.343973100185e-01 2.569070458412e-01 3.386914730072e-01 4.235934913158e-01 2.276103943586e-01 2.350531220436e-01 2.868164181709e-01 2.182439714670e-01 2.459215372801e-01 1.490939855576e-01 1.513965278864e-01 1.253248155117e-01 1.274752467871e-01
5.162715315819e-01 5.163013339043e-01 8.329821228981e-01 7.815905809402e-01 9.876795411110e-01 7.716726064682e-01 7.122098803520e-01 7.889912724495e-01 6.856465339661e-01 5.239588022232e-01 5.733683705330e-01 5.613988637924e-01 7.658191323280e-01 1.123709917068e+00 8.050070405006e-01 6.656708121300e-01 5.687069296837e-01 1.134126663208e+00 8.859493732452e-01 7.668715715408e-01 6.455690264702e-01 6.863402128220e-01 4.153172969818e-01 4.488943219185e-01 4.778579473495e-01 3.258613646030e-01 4.989967942238e-01 7.100950479507e-01 6.760610938072e-01 4.530048072338e-01 2.426253706217e-01 1.907062530518e-01 4.530510604382e-01 3.540152609348e-01 2.168608456850e-01 3.049732446671e-01 2.645521461964e-01 2.199318557978e-01 2.612483203411e-01 1.845606565475e-01 1.302741616964e-01 1.241178587079e-01 1.097796633840e-01
8.109570145607e-01 5.013129115105e-01 5.010557174683e-01 8.625735640526e-01 9.099485278130e-01 8.148446083069e-01 6.266281604767e-01 7.218768000603e-01 8.207644224167e-01 8.061701059341e-01 6.871111989021e-01 8.517841100693e-01 8.323720097542e-01 1.167937994003e+00 6.965087652206e-01 6.020504236221e-01 7.968675494194e-01 1.142229557037e+00 1.002743601799e+00 7.352806925774e-01 6.959450840950e-01 7.403736710548e-01 4.664628207684e-01 4.891009330750e-01 4.015462994576e-01 5.222302079201e-01 7.733471989632e-01 7.246803045273e-01 4.713761508465e-01 3.075608611107e-01 4.325789809227e-01 2.657810151577e-01 5.286462306976e-01 3.093409836292e-01 2.533593177795e-01 3.262736201286e-01 3.182579576969e-01 2.239868938923e-01 2.696846723557e-01 2.037149667740e-01 1.225684881210e-01 1.172364279628e-01 1.358418464661e-01
1.084485411644e+00 5.155488252640e-01 5.052733421326e-01 7.947896122932e-01 8.196641802788e-01 8.341385722160e-01 6.788830757141e-01 6.919212937355e-01 6.824530363083e-01 8.837451338768e-01 9.641472101212e-01 8.620471358299e-01 8.989524245262e-01 1.183454513550e+00 6.045093536377e-01 9.326999783516e-01 1.118166446686e+00 1.143771648407e+00 9.744926691055e-01 5.826107263565e-01 6.611582040787e-01 6.784534454346e-01 4.693369269371e-01 4.039847552776e-01 5.263612866402e-01 8.225675225258e-01 7.936322093010e-01 4.969627261162e-01 4.383307993412e-01 6.024860143661e-01 5.469004511833e-01 4.966639578342e-01 5.150042176247e-01 3.460964262486e-01 3.263961672783e-01 2.704293727875e-01 3.470953702927e-01 2.369790524244e-01 2.706467807293e-01 2.024659663439e-01 1.305371671915e-01 1.487567573786e-01 1.917891949415e-01
1.184092640877e+00 5.296010375023e-01 6.111801266670e-01 5.267327427864e-01 8.998612761497e-01 8.429173827171e-01 7.185761332512e-01 7.350744605064e-01 6.977748274803e-01 8.799850940704e-01 9.295024275780e-01 8.099888563156e-01 9.587102532387e-01 1.140423536301e+00 1.015593290329e+00 1.235730886459e+00 1.193900108337e+00 1.111469864845e+00 6.623056530952e-01 5.886458158493e-01 6.809517145157e-01 6.857425570488e-01 4.911209344864e-01 5.037980079651e-01 8.575393557549e-01 8.757337331772e-01 5.489026904106e-01 4.458728432655e-01 6.555263996124e-01 5.439757108688e-01 4.426834881306e-01 4.841948151588e-01 3.992193043232e-01 3.801564872265e-01 3.234643638134e-01 2.258911579847e-01 3.400289416313e-01 2.558632493019e-01 2.653553485870e-01 1.833132952452e-01 1.581191569567e-01 2.127674520016e-01 2.404315024614e-01
1.039480805397e+00 7.741492986679e-01 7.077214717865e-01 4.987351596355e-01 6.536174416542e-01 8.535100817680e-01 8.995438218117e-01 7.814288139343e-01 9.150390028954e-01 1.344979763031e+00 7.648674249649e-01 7.122209668159e-01 9.982745051384e-01 1.049649596214e+00 1.317560553551e+00 1.275507330894e+00 1.103649616241e+00 1.074892401695e+00 7.310546040535e-01 7.909042239189e-01 7.070223093033e-01 6.824181079865e-01 4.601095020771e-01 8.700701594353e-01 9.649989008904e-01 6.238579750061e-01 5.093268752098e-01 6.950107812881e-01 6.151362657547e-01 4.031069278717e-01 5.870856046677e-01 5.082862377167e-01 3.049315810204e-01 3.480598032475e-01 2.899354696274e-01 3.114477694035e-01 3.095888793468e-01 2.811388969421e-01 2.575055062771e-01 2.369891107082e-01 2.638566195965e-01 2.961460649967e-01 2.497069835663e-01
7.015396356583e-01 1.166286706924e+00 7.749207615852e-01 6.130868792534e-01 7.359224557877e-01 8.339343667030e-01 7.973722815514e-01 8.366230130196e-01 1.199967980385e+00 1.664422631264e+00 1.117576122284e+00 7.760584354401e-01 1.005806565285e+00 1.254451632500e+00 1.343342423439e+00 1.864354252815e+00 9.886469244957e-01 9.965327382088e-01 8.173925280571e-01 7.998981475830e-01 7.295246124268e-01 6.747529506683e-01 8.613339066505e-01 1.024198532104e+00 7.033223509789e-01 5.733284950256e-01 6.860601305962e-01 6.878125071526e-01 5.881034135818e-01 5.886988043785e-01 6.233928203583e-01 3.484098911285e-01 3.294959366322e-01 2.974401712418e-01 2.589795291424e-01 2.422489374876e-01 4.203979969025e-01 3.318377137184e-01 3.057100176811e-01 3.518654108047e-01 3.505949974060e-01 2.572679817677e-01 1.729413568974e-01
7.875549197197e-01 1.292428851128e+00 8.013543486595e-01 6.776061654091e-01 8.677409291267e-01 7.990434765816e-01 8.310492634773e-01 1.049440503120e+00 1.383430123329e+00 1.671704053879e+00 1.334624171257e+00 1.324981331825e+00 1.172528028488e+00 1.375997900963e+00 1.631303191185e+00 2.360701799393e+00 1.027967095375e+00 1.113360404968e+00 1.104025125504e+00 9.025768637657e-01 7.146803736687e-01 8.591659069061e-01 1.076934576035e+00 7.742801308632e-01 6.420261859894e-01 6.774768829346e-01 6.556910276413e-01 7.255823016167e-01 7.060946226120e-01 7.084903120995e-01 5.332162976265e-01 2.879249453545e-01 3.940483331680e-01 2.453716397285e-01 2.559230327606e-01 2.616066038609e-01 5.793698430061e-01 3.861634731293e-01 4.052871167660e-01 3.263872265816e-01 1.982729136944e-01 1.161840707064e-01 1.153138950467e-01
1.559406638145e+00 1.021911859512e+00 1.120138287544e+00 7.195469737053e-01 1.056513667107e+00 8.190962672234e-01 8.950073122978e-01 1.212743520737e+00 1.455910682678e+00 1.415521144867e+00 1.370862960815e+00 1.385169148445e+00 1.301318883896e+00 1.055577397346e+00 1.118508458138e+00 1.504628300667e+00 8.399813771248e-01 1.100426435471e+00 1.203010916710e+00 1.003749728203e+00 8.933902382851e-01 1.126940965652e+00 8.436467051506e-01 7.172174453735e-01 6.642037630081e-01 6.086810827255e-01 6.550338864326e-01 7.744691371918e-01 7.770714163780e-01 6.972081065178e-01 4.346497952938e-01 2.756406664848e-01 4.196936190128e-01 3.341883122921e-01 4.030861258507e-01 4.287749528885e-01 6.532379388809e-01 3.823834955692e-01 3.024437129498e-01 2.100477963686e-01 1.882116943598e-01 1.423591524363e-01 1.368855535984e-01
2.530524969101e+00 1.106323480606e+00 1.254024982452e+00 9.144906997681e-01 1.171021342278e+00 1.001314640045e+00 9.837732315063e-01 1.392456769943e+00 1.495759725571e+00 1.176511645317e+00 1.650300145149e+00 2.028483152390e+00 1.124901652336e+00 1.320783972740e+00 8.093344569206e-01 9.382963776588e-01 8.970826268196e-01 1.070091485977e+00 1.034120321274e+00 9.380832910538e-01 1.196390032768e+00 9.107433557510e-01 7.475867271423e-01 6.713624596596e-01 7.222099304199e-01 6.722373962402e-01 6.731975674629e-01 8.402903676033e-01 8.457335233688e-01 7.680966258049e-01 5.284767150879e-01 4.652291834354e-01 4.617583453655e-01 4.200829863548e-01 4.065577983856e-01 6.248931884766e-01 5.373959541321e-01 2.603377401829e-01 2.812232673168e-01 2.873940169811e-01 2.663432061672e-01 2.057440429926e-01 1.478160172701e-01
2.769606828690e+00 2.893845081329e+00 1.195523262024e+00 1.201319694519e+00 1.289564609528e+00 1.211916208267e+00 1.661071300507e+00 1.560242772102e+00 1.475253343582e+00 1.097032308578e+00 1.679945230484e+00 2.260388612747e+00 1.351750373840e+00 1.271039247513e+00 1.031921505928e+00 1.051255345345e+00 1.117391228676e+00 1.056384205818e+00 1.022240161896e+00 1.280704498291e+00 9.974407553673e-01 8.532141447067e-01 7.309973239899e-01 5.725554823875e-01 7.041753530502e-01 7.888574004173e-01 7.261993885040e-01 9.029637575150e-01 9.418509602547e-01 8.405114412308e-01 6.254373192787e-01 4.619841873646e-01 4.108408093452e-01 3.487710654736e-01 5.659307837486e-01 6.479139924049e-01 2.887419164181e-01 2.959413826466e-01 3.084746599197e-01 3.127491772175e-01 2.955328226089e-01 2.469488829374e-01 1.713300347328e-01
1.331796407700e+00 3.898205757141e+00 2.849090337753e+00 1.188538193703e+00 1.358913183212e+00 1.509474873543e+00 1.608999609947e+00 1.638241648674e+00 1.310075283051e+00 1.144825339317e+00 1.915362715721e+00 2.213037967682e+00 1.737918019295e+00 1.175613522530e+00 1.079649567604e+00 1.210050702095e+00 1.872584342957e+00 1.175848960876e+00 1.420113682747e+00 1.094429135323e+00 7.867315411568e-01 7.666822075844e-01 6.482787132263e-01 7.871705293655e-01 7.995606064796e-01 9.164161086082e-01 1.009246706963e+00 7.729701399803e-01 9.173442125320e-01 9.162454605103e-01 7.117195725441e-01 3.784828186035e-01 3.858902156353e-01 5.985805392265e-01 6.489090919495e-01 3.792798817158e-01 2.626643776894e-01 2.651390433311e-01 2.639364898205e-01 2.679325044155e-01 2.669783234596e-01 2.472253888845e-01 1.976299732924e-01
2.450309991837e+00 1.842492103577e+00 4.545496463776e+00 2.117168188095e+00 1.374155759811e+00 1.855742216110e+00 1.395505785942e+00 1.558378696442e+00 2.051029443741e+00 1.594649672508e+00 2.212393522263e+00 1.758314013481e+00 1.851526379585e+00 1.550441503525e+00 1.276499986649e+00 1.193558335304e+00 2.723283529282e+00 1.645674467087e+00 1.324923515320e+00 1.611768007278e+00 9.586263895035e-01 7.818755507469e-01 8.349840641022e-01 8.791075348854e-01 8.468850255013e-01 8.988844752312e-01 1.272364139557e+00 7.729969620705e-01 9.524000883102e-01 9.947882294655e-01 8.065757751465e-01 5.198885798454e-01 6.595799922943e-01 6.102076768875e-01 3.489290475845e-01 2.927687764168e-01 2.765308022499e-01 2.589322924614e-01 2.406856715679e-01 2.240690588951e-01 2.300275117159e-01 2.377456426620e-01 2.159742563963e-01
3.314417839050e+00 4.319018363953e+00 2.607429265976e+00 4.470010280609e+00 1.657687187195e+00 2.246726512909e+00 1.927852153778e+00 2.056316375732e+00 2.878566265106e+00 2.386992454529e+00 2.753224134445e+00 1.579142093658e+00 1.679946422577e+00 1.750176310539e+00 1.567508816719e+00 1.237398505211e+00 3.197538137436e+00 1.814010024071e+00 1.889431476593e+00 1.309326887131e+00 7.104599475861e-01 7.860885262489e-01 9.990562796593e-01 9.062820672989e-01 8.239964246750e-01 7.884259223938e-01 1.240517020226e+00 8.478505015373e-01 1.068650364876e+00 1.054211616516e+00 8.360338211060e-01 6.660486459732e-01 4.993686079979e-01 2.622157633305e-01 2.585547864437e-01 2.711038291454e-01 2.680580019951e-01 2.865542471409e-01 2.813902497292e-01 2.670180201530e-01 2.910302281380e-01 3.382472097874e-01 3.532103896141e-01
6.519071578979e+00 4.325237751007e+00 4.564748764038e+00 3.786561965942e+00 3.445221662521e+00 2.525499343872e+00 2.773059129715e+00 2.449839830399e+00 2.530991554260e+00 2.799243927002e+00 3.237190485001e+00 1.883552193642e+00 1.655606269836e+00 1.777405738831e+00 1.945443153381e+00 1.840358614922e+00 2.466821193695e+00 1.827760100365e+00 1.822764992714e+00 1.455268740654e+00 1.186483502388e+00 1.409270644188e+00 1.419055700302e+00 1.174088358879e+00 8.572416901588e-01 7.321966290474e-01 9.733517765999e-01 1.042112708092e+00 1.104661345482e+00 9.224724769592e-01 6.470699310303e-01 4.124092757702e-01 3.608758747578e-01 3.834938108921e-01 4.533230960369e-01 4.968745410442e-01 5.195671319962e-01 5.171014666557e-01 4.907568097115e-01 4.489844441414e-01 4.083902537823e-01 4.098674654961e-01 3.628126382828e-01
