VariationalSeries/SI/f58.grd
DSAA
101	101
32.816463539100	34.260883539100
35.556306596100	36.727886596100
3.273615147918e-04	5.370677185059e+01
[rows 57 to 75 of 101, columns 43 to 85 of 101]
2.264855057001e-01 2.702322304249e-01 1.369564384222e-01 1.518206298351e-01 1.501947343349e-01 2.419948130846e-01 2.730750441551e-01 3.677882254124e-01 3.210937380791e-01 1.751232445240e-01 1.213567033410e-01 1.020178720355e-01 7.534889876842e-02 1.338048875332e-01 5.547130703926e-01 1.864146947861e+00 4.143646717072e+00 3.897424697876e+00 5.561804294586e+00 1.903121113777e+00 5.501168966293e-01 4.198990464211e-01 7.614303231239e-01 1.394581794739e+00 2.386574029922e+00 2.163160324097e+00 2.353519916534e+00 1.913789391518e+00 2.494185686111e+00 2.300603628159e+00 2.431274175644e+00 1.811936140060e+00 1.881940841675e+00 2.641951322556e+00 1.640401244164e+00 1.030477523804e+00 1.203246474266e+00 1.689296603203e+00 2.117808580399e+00 1.531965374947e+00 6.385665535927e-01 5.594037175179e-01 5.409838557243e-01
1.808903515339e-01 2.985379397869e-01 1.106854006648e-01 1.177639439702e-01 1.166557371616e-01 1.755117028952e-01 3.430229127407e-01 1.103275299072e+00 8.775924444199e-01 1.888618320227e-01 1.121414452791e-01 7.719424366951e-02 5.909597873688e-02 5.847042053938e-02 1.154489591718e-01 1.110071778297e+00 1.301976323128e+00 1.361980080605e+00 1.103730320930e+00 1.117608308792e+00 8.172698020935e-01 6.209998130798e-01 4.791332185268e-01 2.893697321415e-01 7.475095391273e-01 1.487919211388e+00 2.594125747681e+00 2.643963336945e+00 2.884100437164e+00 1.586992383003e+00 2.093373537064e+00 1.911038875580e+00 1.638053655624e+00 1.436278700829e+00 1.460466980934e+00 1.100407123566e+00 1.079827070236e+00 1.300493717194e+00 1.278909206390e+00 1.172267556190e+00 1.217023849487e+00 1.276169300079e+00 1.194464802742e+00
1.508809477091e-01 1.454509049654e-01 1.007885336876e-01 1.072147041559e-01 1.090101152658e-01 1.598047018051e-01 4.869472980499e-01 1.229934573174e+00 1.243898272514e+00 2.796735465527e-01 1.162266284227e-01 6.594444811344e-02 4.678004607558e-02 4.241587221622e-02 4.349533468485e-02 5.447203293443e-02 7.519459724426e-02 1.024325937033e-01 1.326072067022e-01 1.643535494804e-01 1.929916590452e-01 2.266361415386e-01 1.524843126535e-01 1.532237082720e-01 3.653216362000e-01 1.699796319008e+00 2.928632974625e+00 3.321470975876e+00 3.190587759018e+00 3.221288204193e+00 2.125369071960e+00 1.843400716782e+00 1.565231084824e+00 1.420476198196e+00 1.995488047600e+00 1.719724059105e+00 1.426308631897e+00 8.928793668747e-01 9.622880220413e-01 8.088530898094e-01 7.120722532272e-01 6.740108728409e-01 5.890355706215e-01
1.391640901566e-01 1.252663284540e-01 9.757215529680e-02 1.087404415011e-01 1.236232072115e-01 1.623251140118e-01 1.062453031540e+00 1.257544875145e+00 1.550838351250e+00 2.162382155657e-01 1.019359529018e-01 6.353954970837e-02 4.227996245027e-02 3.429565951228e-02 3.277216479182e-02 3.456974774599e-02 4.237844049931e-02 5.582580715418e-02 8.044850826263e-02 9.352900087833e-02 1.075524985790e-01 2.155099213123e-01 1.108801364899e-01 1.021492779255e-01 3.118384480476e-01 6.972360610962e-01 2.486878871918e+00 2.754824161530e+00 2.931787729263e+00 3.130600929260e+00 2.605201959610e+00 2.020532131195e+00 1.403264641762e+00 1.801235318184e+00 1.253875017166e+00 1.103334426880e+00 9.148529767990e-01 7.563730478287e-01 7.111696004868e-01 6.994220614433e-01 7.419906258583e-01 1.051183462143e+00 1.465333104134e+00
1.179212853312e-01 9.184752404690e-02 9.588932245970e-02 1.154219210148e-01 1.789301782846e-01 2.928598225117e-01 8.892351388931e-01 1.971254348755e+00 7.631021142006e-01 1.208234950900e-01 7.423796504736e-02 5.413246899843e-02 3.859662637115e-02 2.897495590150e-02 2.650777436793e-02 2.655581198633e-02 2.892323024571e-02 3.868608176708e-02 5.325975641608e-02 6.090169399977e-02 6.334287673235e-02 1.318091154099e-01 7.876749336720e-02 8.523005247116e-02 1.918664574623e-01 6.524788141251e-01 1.765749216080e+00 2.399178028107e+00 2.487522840500e+00 1.894513010979e+00 1.464479565620e+00 2.090740919113e+00 1.429467916489e+00 1.009531378746e+00 1.121101498604e+00 1.413330674171e+00 1.279951810837e+00 9.074705243111e-01 8.474836945534e-01 8.260175585747e-01 8.006970882416e-01 8.859844803810e-01 1.100993037224e+00
8.559930324554e-02 7.043561339378e-02 8.810506016016e-02 2.078037261963e-01 4.700042009354e-01 1.090254545212e+00 1.600980281830e+00 1.008939981461e+00 1.071637049317e-01 7.328095287085e-02 5.256986618042e-02 4.326210170984e-02 3.376026451588e-02 2.761452086270e-02 2.430266328156e-02 2.533141709864e-02 2.651114761829e-02 3.201076760888e-02 4.619387909770e-02 5.682119727135e-02 6.034962832928e-02 6.401593983173e-02 6.430844962597e-02 9.603716433048e-02 2.331179678440e-01 6.098173260689e-01 7.487912178040e-01 7.480377554893e-01 1.440116047859e+00 1.671049475670e+00 1.955199718475e+00 1.248741984367e+00 1.616169214249e+00 1.185917496681e+00 1.324028015137e+00 1.565077066422e+00 3.128701448441e+00 1.974457502365e+00 1.162124156952e+00 9.539518356323e-01 9.813792109489e-01 9.643982052803e-01 9.314911365509e-01
5.527100712061e-02 5.770779401064e-02 7.296122610569e-02 9.219772368670e-02 2.025870531797e-01 1.257093548775e+00 8.185321092606e-01 1.089638248086e-01 6.372576206923e-02 5.611886456609e-02 4.704872518778e-02 3.977127000690e-02 3.115937486291e-02 2.657378464937e-02 2.367224730551e-02 2.612156793475e-02 2.710256911814e-02 2.643078006804e-02 3.800479695201e-02 4.849170893431e-02 5.478664115071e-02 5.448969453573e-02 6.837779283524e-02 1.111081242561e-01 3.461520373821e-01 6.864138245583e-01 4.071016013622e-01 5.321244597435e-01 4.948238134384e-01 2.564152956009e+00 3.730515480042e+00 2.014382362366e+00 1.107198476791e+00 1.515548348427e+00 5.982523560524e-01 6.300737857819e-01 2.338703632355e+00 1.126108050346e+00 9.178693294525e-01 7.032938599586e-01 7.227316498756e-01 8.059538006783e-01 8.685505986214e-01
4.639346525073e-02 5.043815076351e-02 5.910208076239e-02 7.475804537535e-02 8.475631475449e-02 1.177474185824e-01 1.301899850368e-01 8.874497562647e-02 4.615186527371e-02 4.764321073890e-02 4.176671802998e-02 3.822006657720e-02 3.129433840513e-02 2.527947537601e-02 2.587350271642e-02 2.638383395970e-02 2.821076661348e-02 2.801863662899e-02 3.201530501246e-02 4.110923781991e-02 4.891279339790e-02 5.195673555136e-02 5.491900071502e-02 9.127897024155e-02 2.560605108738e-01 1.581429839134e-01 1.521626114845e-01 2.501130700111e-01 5.656982660294e-01 1.121292948723e+00 1.174071431160e+00 1.482530832291e+00 2.365457296371e+00 1.268527626991e+00 1.208477616310e+00 9.393149018288e-01 9.616628885269e-01 8.147389292717e-01 4.335199892521e-01 5.408713221550e-01 5.283783078194e-01 5.706354975700e-01 7.175193428993e-01
3.644451126456e-02 4.111528396606e-02 4.897042736411e-02 6.004634872079e-02 6.455187499523e-02 7.184676826000e-02 7.603432983160e-02 4.754125699401e-02 4.047489538789e-02 4.214264079928e-02 3.929195180535e-02 3.407545015216e-02 2.843820489943e-02 2.549541182816e-02 2.526544593275e-02 2.895251847804e-02 2.843647077680e-02 2.445252425969e-02 2.829603292048e-02 3.591887652874e-02 4.251718148589e-02 4.975833371282e-02 7.062152028084e-02 7.387424260378e-02 7.503876835108e-02 1.047208234668e-01 1.019884943962e-01 2.503780722618e-01 3.497597277164e-01 4.708167910576e-01 9.771565794945e-01 1.713674902916e+00 1.269391655922e+00 2.316998481750e+00 1.480621099472e+00 8.323734402657e-01 6.913285851479e-01 6.288140416145e-01 7.565309405327e-01 7.117756009102e-01 8.869530558586e-01 8.729020953178e-01 1.014976978302e+00
3.365014120936e-02 3.331894055009e-02 3.750650212169e-02 4.253432527184e-02 4.584532603621e-02 4.519578814507e-02 4.320114850998e-02 4.157662391663e-02 4.498629271984e-02 4.446969181299e-02 4.142408445477e-02 3.608620166779e-02 2.951210923493e-02 2.613616734743e-02 2.363286912441e-02 2.315944433212e-02 2.612612582743e-02 2.649770490825e-02 2.680483087897e-02 3.235381841660e-02 3.747339546680e-02 4.431458935142e-02 6.792054325342e-02 7.633670419455e-02 8.232721686363e-02 1.706373989582e-01 2.346982955933e-01 3.016073405743e-01 4.232877790928e-01 4.570025205612e-01 9.999419450760e-01 1.898324131966e+00 8.969745635986e-01 9.552317261696e-01 1.689789891243e+00 1.427569031715e+00 9.914155602455e-01 8.420935869217e-01 1.055999398232e+00 5.434013605118e-01 7.205983996391e-01 8.755168914795e-01 1.045542597771e+00
2.764545567334e-02 3.136355802417e-02 3.294049948454e-02 3.330171480775e-02 3.729647397995e-02 4.010457172990e-02 4.320216178894e-02 3.834738582373e-02 3.693770617247e-02 3.811352327466e-02 4.094636440277e-02 4.074760153890e-02 3.506198897958e-02 2.969248965383e-02 2.814834564924e-02 2.540595270693e-02 2.188533358276e-02 2.436659485102e-02 2.758856117725e-02 3.050289675593e-02 3.349846974015e-02 3.847306221724e-02 5.780538544059e-02 5.642990395427e-02 6.236861646175e-02 1.544387936592e-01 3.301954269409e-01 4.455443322659e-01 6.267717480659e-01 3.293419182301e-01 9.699371457100e-01 4.852370321751e-01 5.209450125694e-01 6.012417078018e-01 9.586109519005e-01 1.050577282906e+00 1.361288666725e+00 1.239076852798e+00 9.222629666328e-01 7.886262536049e-01 6.037621498108e-01 6.502451300621e-01 5.245661139488e-01
2.709925174713e-02 2.996623143554e-02 2.982145175338e-02 3.035425581038e-02 3.243795782328e-02 3.604392334819e-02 3.900878503919e-02 3.484329953790e-02 2.734163776040e-02 2.921259589493e-02 3.170824795961e-02 3.722168132663e-02 3.864038735628e-02 3.210086748004e-02 3.024109080434e-02 3.658675774932e-02 3.243539854884e-02 2.644164115191e-02 2.878911420703e-02 2.997943013906e-02 3.654185682535e-02 4.057140275836e-02 4.535486176610e-02 5.588150024414e-02 6.483358144760e-02 1.126571670175e-01 2.375738471746e-01 2.830007374287e-01 3.887056708336e-01 2.201879024506e-01 4.673632979393e-01 3.570705354214e-01 5.938510298729e-01 3.633948564529e-01 7.169905900955e-01 5.362139940262e-01 8.510848879814e-01 1.043330192566e+00 9.297316670418e-01 1.253435134888e+00 1.139349102974e+00 9.110267758369e-01 8.017004728317e-01
2.610081247985e-02 2.821922302246e-02 2.714013494551e-02 2.762966416776e-02 2.775285020471e-02 2.701854333282e-02 2.992463856936e-02 2.828794345260e-02 3.378345072269e-02 3.657171875238e-02 3.320303559303e-02 3.361279517412e-02 3.693456202745e-02 3.844305127859e-02 3.513662144542e-02 4.537536203861e-02 4.039198905230e-02 3.089853748679e-02 3.106668218970e-02 3.089029528201e-02 3.550468385220e-02 3.852442279458e-02 4.338358715177e-02 5.763943865895e-02 6.772696226835e-02 1.010409444571e-01 1.518355458975e-01 1.750801056623e-01 1.880205571651e-01 2.375822961330e-01 3.956577181816e-01 6.070535778999e-01 4.100010693073e-01 9.723085165024e-01 3.414329886436e-01 4.455007612705e-01 9.104485511780e-01 1.273964881897e+00 6.236901283264e-01 7.052411437035e-01 4.486346542835e-01 8.461318612099e-01 7.467432618141e-01
2.328462339938e-02 2.516204304993e-02 2.419521473348e-02 2.377847582102e-02 2.207583934069e-02 2.233756519854e-02 2.357622794807e-02 3.107240051031e-02 3.860545903444e-02 3.967295587063e-02 3.466819971800e-02 3.836087882519e-02 4.268698021770e-02 4.148146137595e-02 4.116328805685e-02 4.268815368414e-02 4.577596858144e-02 5.357947573066e-02 4.803439602256e-02 4.313521459699e-02 4.443338885903e-02 4.777518287301e-02 5.709396302700e-02 5.860339477658e-02 7.076453417540e-02 8.700602501631e-02 1.432622820139e-01 1.426479071379e-01 2.546537816525e-01 5.154342651367e-01 6.410321593285e-01 3.285419046879e-01 3.295792639256e-01 9.904608130455e-01 5.250020623207e-01 6.460767388344e-01 5.728825926781e-01 7.429845333099e-01 5.426856279373e-01 2.078157663345e-01 1.978187412024e-01 2.671408057213e-01 5.286324620247e-01
2.142915874720e-02 2.145535871387e-02 2.131241746247e-02 2.102025970817e-02 2.159432880580e-02 2.285787649453e-02 2.428805455565e-02 2.898635342717e-02 3.250879794359e-02 3.088898956776e-02 3.638745099306e-02 3.916425257921e-02 3.803737834096e-02 3.999496996403e-02 5.475023761392e-02 7.619371265173e-02 8.637014031410e-02 1.094597876072e-01 1.091936379671e-01 1.175642758608e-01 8.391762524843e-02 8.006033301353e-02 9.285467118025e-02 7.775421440601e-02 8.877819776535e-02 1.227161139250e-01 3.681287765503e-01 3.435199856758e-01 3.299795687199e-01 4.450027048588e-01 2.512528300285e-01 2.649420797825e-01 3.547970950603e-01 2.033072113991e-01 1.101452827454e+00 1.533251881599e+00 1.369269490242e+00 3.167149424553e-01 1.499729901552e-01 1.239206641912e-01 1.211503818631e-01 1.432583928108e-01 1.512435227633e-01
1.991800963879e-02 2.066492475569e-02 1.989004760981e-02 2.141214348376e-02 2.290140092373e-02 2.620272152126e-02 2.621018886566e-02 3.035894408822e-02 3.324468806386e-02 3.866434469819e-02 4.006267711520e-02 4.757087305188e-02 4.987194761634e-02 4.614661261439e-02 1.113661676645e-01 3.996640443802e-01 3.158527910709e-01 1.886182576418e-01 2.122126817703e-01 2.641478180885e-01 1.952320933342e-01 1.027381941676e-01 1.195835471153e-01 1.498226672411e-01 1.455924212933e-01 2.714002430439e-01 3.816876113415e-01 3.383339345455e-01 2.758043706417e-01 2.491882741451e-01 2.827325463295e-01 2.635234892368e-01 1.991686224937e-01 1.660977154970e-01 2.817864716053e-01 1.295428752899e+00 1.350095152855e+00 2.784428000450e-01 9.899750351906e-02 1.008456796408e-01 9.068018943071e-02 8.713532239199e-02 1.433579474688e-01
1.997146010399e-02 2.152047865093e-02 2.724845893681e-02 3.045674785972e-02 2.795684151351e-02 4.634262993932e-02 5.448800697923e-02 5.537622049451e-02 4.677083343267e-02 4.575043544173e-02 5.018569901586e-02 6.308779120445e-02 6.290821731091e-02 2.317542582750e-01 1.636559009552e+00 2.059866428375e+00 9.606156349182e-01 5.501647591591e-01 4.398109316826e-01 3.435945510864e-01 1.640838831663e-01 1.632002294064e-01 3.560549318790e-01 7.596873641014e-01 6.229167580605e-01 3.321191668510e-01 3.879100382328e-01 3.159105777740e-01 3.345596194267e-01 2.310813814402e-01 5.714095830917e-01 2.288122177124e-01 1.760623455048e-01 1.244401410222e-01 8.248239755630e-02 2.668561637402e-01 2.946225702763e-01 7.209126651287e-02 4.839006438851e-02 5.694454535842e-02 7.040797919035e-02 7.870770245790e-02 7.359661161900e-02
2.450158819556e-02 3.854154050350e-02 5.254504829645e-02 5.710248276591e-02 7.364379614592e-02 9.790981560946e-02 9.619649499655e-02 8.485571295023e-02 7.295887172222e-02 5.626435950398e-02 6.775705516338e-02 7.493859529495e-02 4.168956279755e-01 2.298074722290e+00 3.141724348068e+00 1.095122098923e+00 3.464516997337e-01 2.120124995708e-01 2.156696915627e-01 1.886390298605e-01 1.807521879673e-01 4.118405282497e-01 8.118612170219e-01 1.078436017036e+00 8.675804734230e-01 4.463724792004e-01 3.077494502068e-01 2.263120710850e-01 2.047951072454e-01 1.824586987495e-01 2.457997500896e-01 1.130763441324e-01 1.278291344643e-01 1.036273613572e-01 6.509540230036e-02 3.859394043684e-02 3.180967271328e-02 3.098102100194e-02 3.254557028413e-02 4.053287208080e-02 5.442462861538e-02 6.882519274950e-02 7.040775567293e-02
4.058542475104e-02 6.069400161505e-02 8.063564449549e-02 1.078590229154e-01 2.087443321943e-01 2.068674713373e-01 2.894582450390e-01 2.080117166042e-01 2.364585101604e-01 1.404528915882e-01 7.911484688520e-02 5.439987778664e-01 2.190989732742e+00 2.180563449860e+00 5.704364776611e-01 1.720910221338e-01 3.193669319153e-01 4.218489229679e-01 2.980512678623e-01 3.466117084026e-01 4.189788103104e-01 4.211967885494e-01 6.138192415237e-01 5.015314817429e-01 3.392660021782e-01 2.643707692623e-01 1.648077368736e-01 6.403750181198e-02 6.577076762915e-02 6.498870998621e-02 8.323582261801e-02 6.088367104530e-02 5.362668633461e-02 3.704392164946e-02 3.787781670690e-02 3.857876732945e-02 3.982258588076e-02 4.180069267750e-02 4.445595666766e-02 4.787864163518e-02 4.840699583292e-02 5.778044089675e-02 7.321212440729e-02
